queue_id,queue_rank,shell_survivor_rank,exponent,mersenne_object,screen_status,shell_status,screen_schedule_count,shell_schedule_count,shell_tested_opportunity_count,external_status_at_snapshot,assignment_snapshot_utc,sam_distribution_status,assignee,assignment_utc,result_status,result_reference,notes
SLCMP1765-0001,1,1,583500007,2^583500007-1,STRUCTURAL_SCREEN_EXHAUSTED_PRIMALITY_UNASSIGNED,GF3A_DIRECTIONAL_WRITE_EXHAUSTED_PRIMALITY_UNASSIGNED,514,512,512,NO_RECORDED_FACTOR_PRP_OR_LL_RESULT_AND_NO_ACTIVE_GIMPS_ASSIGNMENT,2026-08-09T04:34:14+00:00,UNALLOCATED,,,,,
SLCMP1765-0002,2,2,583500031,2^583500031-1,STRUCTURAL_SCREEN_EXHAUSTED_PRIMALITY_UNASSIGNED,GF3A_DIRECTIONAL_WRITE_EXHAUSTED_PRIMALITY_UNASSIGNED,514,512,512,NO_RECORDED_FACTOR_PRP_OR_LL_RESULT_AND_NO_ACTIVE_GIMPS_ASSIGNMENT,2026-08-09T04:34:14+00:00,UNALLOCATED,,,,,
SLCMP1765-0003,3,3,583500173,2^583500173-1,STRUCTURAL_SCREEN_EXHAUSTED_PRIMALITY_UNASSIGNED,GF3A_DIRECTIONAL_WRITE_EXHAUSTED_PRIMALITY_UNASSIGNED,513,512,512,NO_RECORDED_FACTOR_PRP_OR_LL_RESULT_AND_NO_ACTIVE_GIMPS_ASSIGNMENT,2026-08-09T04:34:14+00:00,UNALLOCATED,,,,,
SLCMP1765-0004,4,4,583500193,2^583500193-1,STRUCTURAL_SCREEN_EXHAUSTED_PRIMALITY_UNASSIGNED,GF3A_DIRECTIONAL_WRITE_EXHAUSTED_PRIMALITY_UNASSIGNED,513,512,512,NO_RECORDED_FACTOR_PRP_OR_LL_RESULT_AND_NO_ACTIVE_GIMPS_ASSIGNMENT,2026-08-09T04:34:14+00:00,UNALLOCATED,,,,,
SLCMP1765-0005,5,5,583500227,2^583500227-1,STRUCTURAL_SCREEN_EXHAUSTED_PRIMALITY_UNASSIGNED,GF3A_DIRECTIONAL_WRITE_EXHAUSTED_PRIMALITY_UNASSIGNED,514,512,512,NO_RECORDED_FACTOR_PRP_OR_LL_RESULT_AND_NO_ACTIVE_GIMPS_ASSIGNMENT,2026-08-09T04:34:14+00:00,UNALLOCATED,,,,,
SLCMP1765-0006,6,6,583500301,2^583500301-1,STRUCTURAL_SCREEN_EXHAUSTED_PRIMALITY_UNASSIGNED,GF3A_DIRECTIONAL_WRITE_EXHAUSTED_PRIMALITY_UNASSIGNED,513,512,512,NO_RECORDED_FACTOR_PRP_OR_LL_RESULT_AND_NO_ACTIVE_GIMPS_ASSIGNMENT,2026-08-09T04:34:14+00:00,UNALLOCATED,,,,,
SLCMP1765-0007,7,7,583500311,2^583500311-1,STRUCTURAL_SCREEN_EXHAUSTED_PRIMALITY_UNASSIGNED,GF3A_DIRECTIONAL_WRITE_EXHAUSTED_PRIMALITY_UNASSIGNED,514,512,512,NO_RECORDED_FACTOR_PRP_OR_LL_RESULT_AND_NO_ACTIVE_GIMPS_ASSIGNMENT,2026-08-09T04:34:14+00:00,UNALLOCATED,,,,,
SLCMP1765-0008,8,8,583500353,2^583500353-1,STRUCTURAL_SCREEN_EXHAUSTED_PRIMALITY_UNASSIGNED,GF3A_DIRECTIONAL_WRITE_EXHAUSTED_PRIMALITY_UNASSIGNED,513,512,512,NO_RECORDED_FACTOR_PRP_OR_LL_RESULT_AND_NO_ACTIVE_GIMPS_ASSIGNMENT,2026-08-09T04:34:14+00:00,UNALLOCATED,,,,,
SLCMP1765-0009,9,9,583500427,2^583500427-1,STRUCTURAL_SCREEN_EXHAUSTED_PRIMALITY_UNASSIGNED,GF3A_DIRECTIONAL_WRITE_EXHAUSTED_PRIMALITY_UNASSIGNED,514,512,512,NO_RECORDED_FACTOR_PRP_OR_LL_RESULT_AND_NO_ACTIVE_GIMPS_ASSIGNMENT,2026-08-09T04:34:14+00:00,UNALLOCATED,,,,,
SLCMP1765-0010,10,10,583500451,2^583500451-1,STRUCTURAL_SCREEN_EXHAUSTED_PRIMALITY_UNASSIGNED,GF3A_DIRECTIONAL_WRITE_EXHAUSTED_PRIMALITY_UNASSIGNED,514,512,512,NO_RECORDED_FACTOR_PRP_OR_LL_RESULT_AND_NO_ACTIVE_GIMPS_ASSIGNMENT,2026-08-09T04:34:14+00:00,UNALLOCATED,,,,,
SLCMP1765-0011,11,11,583500499,2^583500499-1,STRUCTURAL_SCREEN_EXHAUSTED_PRIMALITY_UNASSIGNED,GF3A_DIRECTIONAL_WRITE_EXHAUSTED_PRIMALITY_UNASSIGNED,514,512,512,NO_RECORDED_FACTOR_PRP_OR_LL_RESULT_AND_NO_ACTIVE_GIMPS_ASSIGNMENT,2026-08-09T04:34:14+00:00,UNALLOCATED,,,,,
SLCMP1765-0012,12,12,583500509,2^583500509-1,STRUCTURAL_SCREEN_EXHAUSTED_PRIMALITY_UNASSIGNED,GF3A_DIRECTIONAL_WRITE_EXHAUSTED_PRIMALITY_UNASSIGNED,513,512,512,NO_RECORDED_FACTOR_PRP_OR_LL_RESULT_AND_NO_ACTIVE_GIMPS_ASSIGNMENT,2026-08-09T04:34:14+00:00,UNALLOCATED,,,,,
SLCMP1765-0013,13,13,583500517,2^583500517-1,STRUCTURAL_SCREEN_EXHAUSTED_PRIMALITY_UNASSIGNED,GF3A_DIRECTIONAL_WRITE_EXHAUSTED_PRIMALITY_UNASSIGNED,513,512,512,NO_RECORDED_FACTOR_PRP_OR_LL_RESULT_AND_NO_ACTIVE_GIMPS_ASSIGNMENT,2026-08-09T04:34:14+00:00,UNALLOCATED,,,,,
SLCMP1765-0014,14,14,583500523,2^583500523-1,STRUCTURAL_SCREEN_EXHAUSTED_PRIMALITY_UNASSIGNED,GF3A_DIRECTIONAL_WRITE_EXHAUSTED_PRIMALITY_UNASSIGNED,514,512,512,NO_RECORDED_FACTOR_PRP_OR_LL_RESULT_AND_NO_ACTIVE_GIMPS_ASSIGNMENT,2026-08-09T04:34:14+00:00,UNALLOCATED,,,,,
SLCMP1765-0015,15,15,583500553,2^583500553-1,STRUCTURAL_SCREEN_EXHAUSTED_PRIMALITY_UNASSIGNED,GF3A_DIRECTIONAL_WRITE_EXHAUSTED_PRIMALITY_UNASSIGNED,513,512,512,NO_RECORDED_FACTOR_PRP_OR_LL_RESULT_AND_NO_ACTIVE_GIMPS_ASSIGNMENT,2026-08-09T04:34:14+00:00,UNALLOCATED,,,,,
SLCMP1765-0016,16,16,583500689,2^583500689-1,STRUCTURAL_SCREEN_EXHAUSTED_PRIMALITY_UNASSIGNED,GF3A_DIRECTIONAL_WRITE_EXHAUSTED_PRIMALITY_UNASSIGNED,513,512,512,NO_RECORDED_FACTOR_PRP_OR_LL_RESULT_AND_NO_ACTIVE_GIMPS_ASSIGNMENT,2026-08-09T04:34:14+00:00,UNALLOCATED,,,,,
SLCMP1765-0017,17,17,583500721,2^583500721-1,STRUCTURAL_SCREEN_EXHAUSTED_PRIMALITY_UNASSIGNED,GF3A_DIRECTIONAL_WRITE_EXHAUSTED_PRIMALITY_UNASSIGNED,513,512,512,NO_RECORDED_FACTOR_PRP_OR_LL_RESULT_AND_NO_ACTIVE_GIMPS_ASSIGNMENT,2026-08-09T04:34:14+00:00,UNALLOCATED,,,,,
SLCMP1765-0018,18,18,583500727,2^583500727-1,STRUCTURAL_SCREEN_EXHAUSTED_PRIMALITY_UNASSIGNED,GF3A_DIRECTIONAL_WRITE_EXHAUSTED_PRIMALITY_UNASSIGNED,514,512,512,NO_RECORDED_FACTOR_PRP_OR_LL_RESULT_AND_NO_ACTIVE_GIMPS_ASSIGNMENT,2026-08-09T04:34:14+00:00,UNALLOCATED,,,,,
SLCMP1765-0019,19,19,583500829,2^583500829-1,STRUCTURAL_SCREEN_EXHAUSTED_PRIMALITY_UNASSIGNED,GF3A_DIRECTIONAL_WRITE_EXHAUSTED_PRIMALITY_UNASSIGNED,513,512,512,NO_RECORDED_FACTOR_PRP_OR_LL_RESULT_AND_NO_ACTIVE_GIMPS_ASSIGNMENT,2026-08-09T04:34:14+00:00,UNALLOCATED,,,,,
SLCMP1765-0020,20,20,583500901,2^583500901-1,STRUCTURAL_SCREEN_EXHAUSTED_PRIMALITY_UNASSIGNED,GF3A_DIRECTIONAL_WRITE_EXHAUSTED_PRIMALITY_UNASSIGNED,513,512,512,NO_RECORDED_FACTOR_PRP_OR_LL_RESULT_AND_NO_ACTIVE_GIMPS_ASSIGNMENT,2026-08-09T04:34:14+00:00,UNALLOCATED,,,,,
SLCMP1765-0021,21,21,583500959,2^583500959-1,STRUCTURAL_SCREEN_EXHAUSTED_PRIMALITY_UNASSIGNED,GF3A_DIRECTIONAL_WRITE_EXHAUSTED_PRIMALITY_UNASSIGNED,514,512,512,NO_RECORDED_FACTOR_PRP_OR_LL_RESULT_AND_NO_ACTIVE_GIMPS_ASSIGNMENT,2026-08-09T04:34:14+00:00,UNALLOCATED,,,,,
SLCMP1765-0022,22,22,583501021,2^583501021-1,STRUCTURAL_SCREEN_EXHAUSTED_PRIMALITY_UNASSIGNED,GF3A_DIRECTIONAL_WRITE_EXHAUSTED_PRIMALITY_UNASSIGNED,513,512,512,NO_RECORDED_FACTOR_PRP_OR_LL_RESULT_AND_NO_ACTIVE_GIMPS_ASSIGNMENT,2026-08-09T04:34:14+00:00,UNALLOCATED,,,,,
SLCMP1765-0023,23,23,583501109,2^583501109-1,STRUCTURAL_SCREEN_EXHAUSTED_PRIMALITY_UNASSIGNED,GF3A_DIRECTIONAL_WRITE_EXHAUSTED_PRIMALITY_UNASSIGNED,513,512,512,NO_RECORDED_FACTOR_PRP_OR_LL_RESULT_AND_NO_ACTIVE_GIMPS_ASSIGNMENT,2026-08-09T04:34:14+00:00,UNALLOCATED,,,,,
SLCMP1765-0024,24,24,583501129,2^583501129-1,STRUCTURAL_SCREEN_EXHAUSTED_PRIMALITY_UNASSIGNED,GF3A_DIRECTIONAL_WRITE_EXHAUSTED_PRIMALITY_UNASSIGNED,513,512,512,NO_RECORDED_FACTOR_PRP_OR_LL_RESULT_AND_NO_ACTIVE_GIMPS_ASSIGNMENT,2026-08-09T04:34:14+00:00,UNALLOCATED,,,,,
SLCMP1765-0025,25,25,583501181,2^583501181-1,STRUCTURAL_SCREEN_EXHAUSTED_PRIMALITY_UNASSIGNED,GF3A_DIRECTIONAL_WRITE_EXHAUSTED_PRIMALITY_UNASSIGNED,513,512,512,NO_RECORDED_FACTOR_PRP_OR_LL_RESULT_AND_NO_ACTIVE_GIMPS_ASSIGNMENT,2026-08-09T04:34:14+00:00,UNALLOCATED,,,,,
SLCMP1765-0026,26,26,583501253,2^583501253-1,STRUCTURAL_SCREEN_EXHAUSTED_PRIMALITY_UNASSIGNED,GF3A_DIRECTIONAL_WRITE_EXHAUSTED_PRIMALITY_UNASSIGNED,513,512,512,NO_RECORDED_FACTOR_PRP_OR_LL_RESULT_AND_NO_ACTIVE_GIMPS_ASSIGNMENT,2026-08-09T04:34:14+00:00,UNALLOCATED,,,,,
SLCMP1765-0027,27,27,583501291,2^583501291-1,STRUCTURAL_SCREEN_EXHAUSTED_PRIMALITY_UNASSIGNED,GF3A_DIRECTIONAL_WRITE_EXHAUSTED_PRIMALITY_UNASSIGNED,514,512,512,NO_RECORDED_FACTOR_PRP_OR_LL_RESULT_AND_NO_ACTIVE_GIMPS_ASSIGNMENT,2026-08-09T04:34:14+00:00,UNALLOCATED,,,,,
SLCMP1765-0028,28,28,583501363,2^583501363-1,STRUCTURAL_SCREEN_EXHAUSTED_PRIMALITY_UNASSIGNED,GF3A_DIRECTIONAL_WRITE_EXHAUSTED_PRIMALITY_UNASSIGNED,514,512,512,NO_RECORDED_FACTOR_PRP_OR_LL_RESULT_AND_NO_ACTIVE_GIMPS_ASSIGNMENT,2026-08-09T04:34:14+00:00,UNALLOCATED,,,,,
SLCMP1765-0029,29,29,583501393,2^583501393-1,STRUCTURAL_SCREEN_EXHAUSTED_PRIMALITY_UNASSIGNED,GF3A_DIRECTIONAL_WRITE_EXHAUSTED_PRIMALITY_UNASSIGNED,513,512,512,NO_RECORDED_FACTOR_PRP_OR_LL_RESULT_AND_NO_ACTIVE_GIMPS_ASSIGNMENT,2026-08-09T04:34:14+00:00,UNALLOCATED,,,,,
SLCMP1765-0030,30,30,583501403,2^583501403-1,STRUCTURAL_SCREEN_EXHAUSTED_PRIMALITY_UNASSIGNED,GF3A_DIRECTIONAL_WRITE_EXHAUSTED_PRIMALITY_UNASSIGNED,514,512,512,NO_RECORDED_FACTOR_PRP_OR_LL_RESULT_AND_NO_ACTIVE_GIMPS_ASSIGNMENT,2026-08-09T04:34:14+00:00,UNALLOCATED,,,,,
SLCMP1765-0031,31,31,583501409,2^583501409-1,STRUCTURAL_SCREEN_EXHAUSTED_PRIMALITY_UNASSIGNED,GF3A_DIRECTIONAL_WRITE_EXHAUSTED_PRIMALITY_UNASSIGNED,513,512,512,NO_RECORDED_FACTOR_PRP_OR_LL_RESULT_AND_NO_ACTIVE_GIMPS_ASSIGNMENT,2026-08-09T04:34:14+00:00,UNALLOCATED,,,,,
SLCMP1765-0032,32,32,583501427,2^583501427-1,STRUCTURAL_SCREEN_EXHAUSTED_PRIMALITY_UNASSIGNED,GF3A_DIRECTIONAL_WRITE_EXHAUSTED_PRIMALITY_UNASSIGNED,514,512,512,NO_RECORDED_FACTOR_PRP_OR_LL_RESULT_AND_NO_ACTIVE_GIMPS_ASSIGNMENT,2026-08-09T04:34:14+00:00,UNALLOCATED,,,,,
SLCMP1765-0033,33,33,583501453,2^583501453-1,STRUCTURAL_SCREEN_EXHAUSTED_PRIMALITY_UNASSIGNED,GF3A_DIRECTIONAL_WRITE_EXHAUSTED_PRIMALITY_UNASSIGNED,513,512,512,NO_RECORDED_FACTOR_PRP_OR_LL_RESULT_AND_NO_ACTIVE_GIMPS_ASSIGNMENT,2026-08-09T04:34:14+00:00,UNALLOCATED,,,,,
SLCMP1765-0034,34,34,583501579,2^583501579-1,STRUCTURAL_SCREEN_EXHAUSTED_PRIMALITY_UNASSIGNED,GF3A_DIRECTIONAL_WRITE_EXHAUSTED_PRIMALITY_UNASSIGNED,514,512,512,NO_RECORDED_FACTOR_PRP_OR_LL_RESULT_AND_NO_ACTIVE_GIMPS_ASSIGNMENT,2026-08-09T04:34:14+00:00,UNALLOCATED,,,,,
SLCMP1765-0035,35,35,583501687,2^583501687-1,STRUCTURAL_SCREEN_EXHAUSTED_PRIMALITY_UNASSIGNED,GF3A_DIRECTIONAL_WRITE_EXHAUSTED_PRIMALITY_UNASSIGNED,514,512,512,NO_RECORDED_FACTOR_PRP_OR_LL_RESULT_AND_NO_ACTIVE_GIMPS_ASSIGNMENT,2026-08-09T04:34:14+00:00,UNALLOCATED,,,,,
SLCMP1765-0036,36,36,583501733,2^583501733-1,STRUCTURAL_SCREEN_EXHAUSTED_PRIMALITY_UNASSIGNED,GF3A_DIRECTIONAL_WRITE_EXHAUSTED_PRIMALITY_UNASSIGNED,513,512,512,NO_RECORDED_FACTOR_PRP_OR_LL_RESULT_AND_NO_ACTIVE_GIMPS_ASSIGNMENT,2026-08-09T04:34:14+00:00,UNALLOCATED,,,,,
SLCMP1765-0037,37,37,583501777,2^583501777-1,STRUCTURAL_SCREEN_EXHAUSTED_PRIMALITY_UNASSIGNED,GF3A_DIRECTIONAL_WRITE_EXHAUSTED_PRIMALITY_UNASSIGNED,513,512,512,NO_RECORDED_FACTOR_PRP_OR_LL_RESULT_AND_NO_ACTIVE_GIMPS_ASSIGNMENT,2026-08-09T04:34:14+00:00,UNALLOCATED,,,,,
SLCMP1765-0038,38,38,583501843,2^583501843-1,STRUCTURAL_SCREEN_EXHAUSTED_PRIMALITY_UNASSIGNED,GF3A_DIRECTIONAL_WRITE_EXHAUSTED_PRIMALITY_UNASSIGNED,514,512,512,NO_RECORDED_FACTOR_PRP_OR_LL_RESULT_AND_NO_ACTIVE_GIMPS_ASSIGNMENT,2026-08-09T04:34:14+00:00,UNALLOCATED,,,,,
SLCMP1765-0039,39,39,583501859,2^583501859-1,STRUCTURAL_SCREEN_EXHAUSTED_PRIMALITY_UNASSIGNED,GF3A_DIRECTIONAL_WRITE_EXHAUSTED_PRIMALITY_UNASSIGNED,514,512,512,NO_RECORDED_FACTOR_PRP_OR_LL_RESULT_AND_NO_ACTIVE_GIMPS_ASSIGNMENT,2026-08-09T04:34:14+00:00,UNALLOCATED,,,,,
SLCMP1765-0040,40,40,583501909,2^583501909-1,STRUCTURAL_SCREEN_EXHAUSTED_PRIMALITY_UNASSIGNED,GF3A_DIRECTIONAL_WRITE_EXHAUSTED_PRIMALITY_UNASSIGNED,513,512,512,NO_RECORDED_FACTOR_PRP_OR_LL_RESULT_AND_NO_ACTIVE_GIMPS_ASSIGNMENT,2026-08-09T04:34:14+00:00,UNALLOCATED,,,,,
SLCMP1765-0041,41,41,583501949,2^583501949-1,STRUCTURAL_SCREEN_EXHAUSTED_PRIMALITY_UNASSIGNED,GF3A_DIRECTIONAL_WRITE_EXHAUSTED_PRIMALITY_UNASSIGNED,513,512,512,NO_RECORDED_FACTOR_PRP_OR_LL_RESULT_AND_NO_ACTIVE_GIMPS_ASSIGNMENT,2026-08-09T04:34:14+00:00,UNALLOCATED,,,,,
SLCMP1765-0042,42,42,583501981,2^583501981-1,STRUCTURAL_SCREEN_EXHAUSTED_PRIMALITY_UNASSIGNED,GF3A_DIRECTIONAL_WRITE_EXHAUSTED_PRIMALITY_UNASSIGNED,513,512,512,NO_RECORDED_FACTOR_PRP_OR_LL_RESULT_AND_NO_ACTIVE_GIMPS_ASSIGNMENT,2026-08-09T04:34:14+00:00,UNALLOCATED,,,,,
SLCMP1765-0043,43,43,583501987,2^583501987-1,STRUCTURAL_SCREEN_EXHAUSTED_PRIMALITY_UNASSIGNED,GF3A_DIRECTIONAL_WRITE_EXHAUSTED_PRIMALITY_UNASSIGNED,514,512,512,NO_RECORDED_FACTOR_PRP_OR_LL_RESULT_AND_NO_ACTIVE_GIMPS_ASSIGNMENT,2026-08-09T04:34:14+00:00,UNALLOCATED,,,,,
SLCMP1765-0044,44,44,583502041,2^583502041-1,STRUCTURAL_SCREEN_EXHAUSTED_PRIMALITY_UNASSIGNED,GF3A_DIRECTIONAL_WRITE_EXHAUSTED_PRIMALITY_UNASSIGNED,513,512,512,NO_RECORDED_FACTOR_PRP_OR_LL_RESULT_AND_NO_ACTIVE_GIMPS_ASSIGNMENT,2026-08-09T04:34:14+00:00,UNALLOCATED,,,,,
SLCMP1765-0045,45,45,583502083,2^583502083-1,STRUCTURAL_SCREEN_EXHAUSTED_PRIMALITY_UNASSIGNED,GF3A_DIRECTIONAL_WRITE_EXHAUSTED_PRIMALITY_UNASSIGNED,514,512,512,NO_RECORDED_FACTOR_PRP_OR_LL_RESULT_AND_NO_ACTIVE_GIMPS_ASSIGNMENT,2026-08-09T04:34:14+00:00,UNALLOCATED,,,,,
SLCMP1765-0046,46,46,583502191,2^583502191-1,STRUCTURAL_SCREEN_EXHAUSTED_PRIMALITY_UNASSIGNED,GF3A_DIRECTIONAL_WRITE_EXHAUSTED_PRIMALITY_UNASSIGNED,514,512,512,NO_RECORDED_FACTOR_PRP_OR_LL_RESULT_AND_NO_ACTIVE_GIMPS_ASSIGNMENT,2026-08-09T04:34:14+00:00,UNALLOCATED,,,,,
SLCMP1765-0047,47,47,583502197,2^583502197-1,STRUCTURAL_SCREEN_EXHAUSTED_PRIMALITY_UNASSIGNED,GF3A_DIRECTIONAL_WRITE_EXHAUSTED_PRIMALITY_UNASSIGNED,513,512,512,NO_RECORDED_FACTOR_PRP_OR_LL_RESULT_AND_NO_ACTIVE_GIMPS_ASSIGNMENT,2026-08-09T04:34:14+00:00,UNALLOCATED,,,,,
SLCMP1765-0048,48,48,583502233,2^583502233-1,STRUCTURAL_SCREEN_EXHAUSTED_PRIMALITY_UNASSIGNED,GF3A_DIRECTIONAL_WRITE_EXHAUSTED_PRIMALITY_UNASSIGNED,513,512,512,NO_RECORDED_FACTOR_PRP_OR_LL_RESULT_AND_NO_ACTIVE_GIMPS_ASSIGNMENT,2026-08-09T04:34:14+00:00,UNALLOCATED,,,,,
SLCMP1765-0049,49,49,583502261,2^583502261-1,STRUCTURAL_SCREEN_EXHAUSTED_PRIMALITY_UNASSIGNED,GF3A_DIRECTIONAL_WRITE_EXHAUSTED_PRIMALITY_UNASSIGNED,513,512,512,NO_RECORDED_FACTOR_PRP_OR_LL_RESULT_AND_NO_ACTIVE_GIMPS_ASSIGNMENT,2026-08-09T04:34:14+00:00,UNALLOCATED,,,,,
SLCMP1765-0050,50,50,583502279,2^583502279-1,STRUCTURAL_SCREEN_EXHAUSTED_PRIMALITY_UNASSIGNED,GF3A_DIRECTIONAL_WRITE_EXHAUSTED_PRIMALITY_UNASSIGNED,514,512,512,NO_RECORDED_FACTOR_PRP_OR_LL_RESULT_AND_NO_ACTIVE_GIMPS_ASSIGNMENT,2026-08-09T04:34:14+00:00,UNALLOCATED,,,,,
SLCMP1765-0051,51,51,583502291,2^583502291-1,STRUCTURAL_SCREEN_EXHAUSTED_PRIMALITY_UNASSIGNED,GF3A_DIRECTIONAL_WRITE_EXHAUSTED_PRIMALITY_UNASSIGNED,514,512,512,NO_RECORDED_FACTOR_PRP_OR_LL_RESULT_AND_NO_ACTIVE_GIMPS_ASSIGNMENT,2026-08-09T04:34:14+00:00,UNALLOCATED,,,,,
SLCMP1765-0052,52,52,583502329,2^583502329-1,STRUCTURAL_SCREEN_EXHAUSTED_PRIMALITY_UNASSIGNED,GF3A_DIRECTIONAL_WRITE_EXHAUSTED_PRIMALITY_UNASSIGNED,513,512,512,NO_RECORDED_FACTOR_PRP_OR_LL_RESULT_AND_NO_ACTIVE_GIMPS_ASSIGNMENT,2026-08-09T04:34:14+00:00,UNALLOCATED,,,,,
SLCMP1765-0053,53,53,583502363,2^583502363-1,STRUCTURAL_SCREEN_EXHAUSTED_PRIMALITY_UNASSIGNED,GF3A_DIRECTIONAL_WRITE_EXHAUSTED_PRIMALITY_UNASSIGNED,514,512,512,NO_RECORDED_FACTOR_PRP_OR_LL_RESULT_AND_NO_ACTIVE_GIMPS_ASSIGNMENT,2026-08-09T04:34:14+00:00,UNALLOCATED,,,,,
SLCMP1765-0054,54,54,583502383,2^583502383-1,STRUCTURAL_SCREEN_EXHAUSTED_PRIMALITY_UNASSIGNED,GF3A_DIRECTIONAL_WRITE_EXHAUSTED_PRIMALITY_UNASSIGNED,514,512,512,NO_RECORDED_FACTOR_PRP_OR_LL_RESULT_AND_NO_ACTIVE_GIMPS_ASSIGNMENT,2026-08-09T04:34:14+00:00,UNALLOCATED,,,,,
SLCMP1765-0055,55,55,583502411,2^583502411-1,STRUCTURAL_SCREEN_EXHAUSTED_PRIMALITY_UNASSIGNED,GF3A_DIRECTIONAL_WRITE_EXHAUSTED_PRIMALITY_UNASSIGNED,514,512,512,NO_RECORDED_FACTOR_PRP_OR_LL_RESULT_AND_NO_ACTIVE_GIMPS_ASSIGNMENT,2026-08-09T04:34:14+00:00,UNALLOCATED,,,,,
SLCMP1765-0056,56,56,583502467,2^583502467-1,STRUCTURAL_SCREEN_EXHAUSTED_PRIMALITY_UNASSIGNED,GF3A_DIRECTIONAL_WRITE_EXHAUSTED_PRIMALITY_UNASSIGNED,514,512,512,NO_RECORDED_FACTOR_PRP_OR_LL_RESULT_AND_NO_ACTIVE_GIMPS_ASSIGNMENT,2026-08-09T04:34:14+00:00,UNALLOCATED,,,,,
SLCMP1765-0057,57,57,583502489,2^583502489-1,STRUCTURAL_SCREEN_EXHAUSTED_PRIMALITY_UNASSIGNED,GF3A_DIRECTIONAL_WRITE_EXHAUSTED_PRIMALITY_UNASSIGNED,513,512,512,NO_RECORDED_FACTOR_PRP_OR_LL_RESULT_AND_NO_ACTIVE_GIMPS_ASSIGNMENT,2026-08-09T04:34:14+00:00,UNALLOCATED,,,,,
SLCMP1765-0058,58,58,583502539,2^583502539-1,STRUCTURAL_SCREEN_EXHAUSTED_PRIMALITY_UNASSIGNED,GF3A_DIRECTIONAL_WRITE_EXHAUSTED_PRIMALITY_UNASSIGNED,514,512,512,NO_RECORDED_FACTOR_PRP_OR_LL_RESULT_AND_NO_ACTIVE_GIMPS_ASSIGNMENT,2026-08-09T04:34:14+00:00,UNALLOCATED,,,,,
SLCMP1765-0059,59,59,583502587,2^583502587-1,STRUCTURAL_SCREEN_EXHAUSTED_PRIMALITY_UNASSIGNED,GF3A_DIRECTIONAL_WRITE_EXHAUSTED_PRIMALITY_UNASSIGNED,514,512,512,NO_RECORDED_FACTOR_PRP_OR_LL_RESULT_AND_NO_ACTIVE_GIMPS_ASSIGNMENT,2026-08-09T04:34:14+00:00,UNALLOCATED,,,,,
SLCMP1765-0060,60,60,583502657,2^583502657-1,STRUCTURAL_SCREEN_EXHAUSTED_PRIMALITY_UNASSIGNED,GF3A_DIRECTIONAL_WRITE_EXHAUSTED_PRIMALITY_UNASSIGNED,513,512,512,NO_RECORDED_FACTOR_PRP_OR_LL_RESULT_AND_NO_ACTIVE_GIMPS_ASSIGNMENT,2026-08-09T04:34:14+00:00,UNALLOCATED,,,,,
SLCMP1765-0061,61,61,583502741,2^583502741-1,STRUCTURAL_SCREEN_EXHAUSTED_PRIMALITY_UNASSIGNED,GF3A_DIRECTIONAL_WRITE_EXHAUSTED_PRIMALITY_UNASSIGNED,513,512,512,NO_RECORDED_FACTOR_PRP_OR_LL_RESULT_AND_NO_ACTIVE_GIMPS_ASSIGNMENT,2026-08-09T04:34:14+00:00,UNALLOCATED,,,,,
SLCMP1765-0062,62,62,583502767,2^583502767-1,STRUCTURAL_SCREEN_EXHAUSTED_PRIMALITY_UNASSIGNED,GF3A_DIRECTIONAL_WRITE_EXHAUSTED_PRIMALITY_UNASSIGNED,514,512,512,NO_RECORDED_FACTOR_PRP_OR_LL_RESULT_AND_NO_ACTIVE_GIMPS_ASSIGNMENT,2026-08-09T04:34:14+00:00,UNALLOCATED,,,,,
SLCMP1765-0063,63,63,583502783,2^583502783-1,STRUCTURAL_SCREEN_EXHAUSTED_PRIMALITY_UNASSIGNED,GF3A_DIRECTIONAL_WRITE_EXHAUSTED_PRIMALITY_UNASSIGNED,514,512,512,NO_RECORDED_FACTOR_PRP_OR_LL_RESULT_AND_NO_ACTIVE_GIMPS_ASSIGNMENT,2026-08-09T04:34:14+00:00,UNALLOCATED,,,,,
SLCMP1765-0064,64,64,583502809,2^583502809-1,STRUCTURAL_SCREEN_EXHAUSTED_PRIMALITY_UNASSIGNED,GF3A_DIRECTIONAL_WRITE_EXHAUSTED_PRIMALITY_UNASSIGNED,513,512,512,NO_RECORDED_FACTOR_PRP_OR_LL_RESULT_AND_NO_ACTIVE_GIMPS_ASSIGNMENT,2026-08-09T04:34:14+00:00,UNALLOCATED,,,,,
SLCMP1765-0065,65,65,583502813,2^583502813-1,STRUCTURAL_SCREEN_EXHAUSTED_PRIMALITY_UNASSIGNED,GF3A_DIRECTIONAL_WRITE_EXHAUSTED_PRIMALITY_UNASSIGNED,513,512,512,NO_RECORDED_FACTOR_PRP_OR_LL_RESULT_AND_NO_ACTIVE_GIMPS_ASSIGNMENT,2026-08-09T04:34:14+00:00,UNALLOCATED,,,,,
SLCMP1765-0066,66,66,583502831,2^583502831-1,STRUCTURAL_SCREEN_EXHAUSTED_PRIMALITY_UNASSIGNED,GF3A_DIRECTIONAL_WRITE_EXHAUSTED_PRIMALITY_UNASSIGNED,514,512,512,NO_RECORDED_FACTOR_PRP_OR_LL_RESULT_AND_NO_ACTIVE_GIMPS_ASSIGNMENT,2026-08-09T04:34:14+00:00,UNALLOCATED,,,,,
SLCMP1765-0067,67,67,583502981,2^583502981-1,STRUCTURAL_SCREEN_EXHAUSTED_PRIMALITY_UNASSIGNED,GF3A_DIRECTIONAL_WRITE_EXHAUSTED_PRIMALITY_UNASSIGNED,513,512,512,NO_RECORDED_FACTOR_PRP_OR_LL_RESULT_AND_NO_ACTIVE_GIMPS_ASSIGNMENT,2026-08-09T04:34:14+00:00,UNALLOCATED,,,,,
SLCMP1765-0068,68,68,583503017,2^583503017-1,STRUCTURAL_SCREEN_EXHAUSTED_PRIMALITY_UNASSIGNED,GF3A_DIRECTIONAL_WRITE_EXHAUSTED_PRIMALITY_UNASSIGNED,513,512,512,NO_RECORDED_FACTOR_PRP_OR_LL_RESULT_AND_NO_ACTIVE_GIMPS_ASSIGNMENT,2026-08-09T04:34:14+00:00,UNALLOCATED,,,,,
SLCMP1765-0069,69,69,583503043,2^583503043-1,STRUCTURAL_SCREEN_EXHAUSTED_PRIMALITY_UNASSIGNED,GF3A_DIRECTIONAL_WRITE_EXHAUSTED_PRIMALITY_UNASSIGNED,514,512,512,NO_RECORDED_FACTOR_PRP_OR_LL_RESULT_AND_NO_ACTIVE_GIMPS_ASSIGNMENT,2026-08-09T04:34:14+00:00,UNALLOCATED,,,,,
SLCMP1765-0070,70,70,583503101,2^583503101-1,STRUCTURAL_SCREEN_EXHAUSTED_PRIMALITY_UNASSIGNED,GF3A_DIRECTIONAL_WRITE_EXHAUSTED_PRIMALITY_UNASSIGNED,513,512,512,NO_RECORDED_FACTOR_PRP_OR_LL_RESULT_AND_NO_ACTIVE_GIMPS_ASSIGNMENT,2026-08-09T04:34:14+00:00,UNALLOCATED,,,,,
SLCMP1765-0071,71,71,583503131,2^583503131-1,STRUCTURAL_SCREEN_EXHAUSTED_PRIMALITY_UNASSIGNED,GF3A_DIRECTIONAL_WRITE_EXHAUSTED_PRIMALITY_UNASSIGNED,514,512,512,NO_RECORDED_FACTOR_PRP_OR_LL_RESULT_AND_NO_ACTIVE_GIMPS_ASSIGNMENT,2026-08-09T04:34:14+00:00,UNALLOCATED,,,,,
SLCMP1765-0072,72,72,583503143,2^583503143-1,STRUCTURAL_SCREEN_EXHAUSTED_PRIMALITY_UNASSIGNED,GF3A_DIRECTIONAL_WRITE_EXHAUSTED_PRIMALITY_UNASSIGNED,514,512,512,NO_RECORDED_FACTOR_PRP_OR_LL_RESULT_AND_NO_ACTIVE_GIMPS_ASSIGNMENT,2026-08-09T04:34:14+00:00,UNALLOCATED,,,,,
SLCMP1765-0073,73,73,583503211,2^583503211-1,STRUCTURAL_SCREEN_EXHAUSTED_PRIMALITY_UNASSIGNED,GF3A_DIRECTIONAL_WRITE_EXHAUSTED_PRIMALITY_UNASSIGNED,514,512,512,NO_RECORDED_FACTOR_PRP_OR_LL_RESULT_AND_NO_ACTIVE_GIMPS_ASSIGNMENT,2026-08-09T04:34:14+00:00,UNALLOCATED,,,,,
SLCMP1765-0074,74,74,583503227,2^583503227-1,STRUCTURAL_SCREEN_EXHAUSTED_PRIMALITY_UNASSIGNED,GF3A_DIRECTIONAL_WRITE_EXHAUSTED_PRIMALITY_UNASSIGNED,514,512,512,NO_RECORDED_FACTOR_PRP_OR_LL_RESULT_AND_NO_ACTIVE_GIMPS_ASSIGNMENT,2026-08-09T04:34:14+00:00,UNALLOCATED,,,,,
SLCMP1765-0075,75,75,583503289,2^583503289-1,STRUCTURAL_SCREEN_EXHAUSTED_PRIMALITY_UNASSIGNED,GF3A_DIRECTIONAL_WRITE_EXHAUSTED_PRIMALITY_UNASSIGNED,513,512,512,NO_RECORDED_FACTOR_PRP_OR_LL_RESULT_AND_NO_ACTIVE_GIMPS_ASSIGNMENT,2026-08-09T04:34:14+00:00,UNALLOCATED,,,,,
SLCMP1765-0076,76,76,583503397,2^583503397-1,STRUCTURAL_SCREEN_EXHAUSTED_PRIMALITY_UNASSIGNED,GF3A_DIRECTIONAL_WRITE_EXHAUSTED_PRIMALITY_UNASSIGNED,513,512,512,NO_RECORDED_FACTOR_PRP_OR_LL_RESULT_AND_NO_ACTIVE_GIMPS_ASSIGNMENT,2026-08-09T04:34:14+00:00,UNALLOCATED,,,,,
SLCMP1765-0077,77,77,583503407,2^583503407-1,STRUCTURAL_SCREEN_EXHAUSTED_PRIMALITY_UNASSIGNED,GF3A_DIRECTIONAL_WRITE_EXHAUSTED_PRIMALITY_UNASSIGNED,514,512,512,NO_RECORDED_FACTOR_PRP_OR_LL_RESULT_AND_NO_ACTIVE_GIMPS_ASSIGNMENT,2026-08-09T04:34:14+00:00,UNALLOCATED,,,,,
SLCMP1765-0078,78,78,583503493,2^583503493-1,STRUCTURAL_SCREEN_EXHAUSTED_PRIMALITY_UNASSIGNED,GF3A_DIRECTIONAL_WRITE_EXHAUSTED_PRIMALITY_UNASSIGNED,513,512,512,NO_RECORDED_FACTOR_PRP_OR_LL_RESULT_AND_NO_ACTIVE_GIMPS_ASSIGNMENT,2026-08-09T04:34:14+00:00,UNALLOCATED,,,,,
SLCMP1765-0079,79,79,583503497,2^583503497-1,STRUCTURAL_SCREEN_EXHAUSTED_PRIMALITY_UNASSIGNED,GF3A_DIRECTIONAL_WRITE_EXHAUSTED_PRIMALITY_UNASSIGNED,513,512,512,NO_RECORDED_FACTOR_PRP_OR_LL_RESULT_AND_NO_ACTIVE_GIMPS_ASSIGNMENT,2026-08-09T04:34:14+00:00,UNALLOCATED,,,,,
SLCMP1765-0080,80,80,583503581,2^583503581-1,STRUCTURAL_SCREEN_EXHAUSTED_PRIMALITY_UNASSIGNED,GF3A_DIRECTIONAL_WRITE_EXHAUSTED_PRIMALITY_UNASSIGNED,513,512,512,NO_RECORDED_FACTOR_PRP_OR_LL_RESULT_AND_NO_ACTIVE_GIMPS_ASSIGNMENT,2026-08-09T04:34:14+00:00,UNALLOCATED,,,,,
SLCMP1765-0081,81,81,583503611,2^583503611-1,STRUCTURAL_SCREEN_EXHAUSTED_PRIMALITY_UNASSIGNED,GF3A_DIRECTIONAL_WRITE_EXHAUSTED_PRIMALITY_UNASSIGNED,514,512,512,NO_RECORDED_FACTOR_PRP_OR_LL_RESULT_AND_NO_ACTIVE_GIMPS_ASSIGNMENT,2026-08-09T04:34:14+00:00,UNALLOCATED,,,,,
SLCMP1765-0082,82,82,583503709,2^583503709-1,STRUCTURAL_SCREEN_EXHAUSTED_PRIMALITY_UNASSIGNED,GF3A_DIRECTIONAL_WRITE_EXHAUSTED_PRIMALITY_UNASSIGNED,513,512,512,NO_RECORDED_FACTOR_PRP_OR_LL_RESULT_AND_NO_ACTIVE_GIMPS_ASSIGNMENT,2026-08-09T04:34:14+00:00,UNALLOCATED,,,,,
SLCMP1765-0083,83,83,583503779,2^583503779-1,STRUCTURAL_SCREEN_EXHAUSTED_PRIMALITY_UNASSIGNED,GF3A_DIRECTIONAL_WRITE_EXHAUSTED_PRIMALITY_UNASSIGNED,514,512,512,NO_RECORDED_FACTOR_PRP_OR_LL_RESULT_AND_NO_ACTIVE_GIMPS_ASSIGNMENT,2026-08-09T04:34:14+00:00,UNALLOCATED,,,,,
SLCMP1765-0084,84,84,583503797,2^583503797-1,STRUCTURAL_SCREEN_EXHAUSTED_PRIMALITY_UNASSIGNED,GF3A_DIRECTIONAL_WRITE_EXHAUSTED_PRIMALITY_UNASSIGNED,513,512,512,NO_RECORDED_FACTOR_PRP_OR_LL_RESULT_AND_NO_ACTIVE_GIMPS_ASSIGNMENT,2026-08-09T04:34:14+00:00,UNALLOCATED,,,,,
SLCMP1765-0085,85,85,583503827,2^583503827-1,STRUCTURAL_SCREEN_EXHAUSTED_PRIMALITY_UNASSIGNED,GF3A_DIRECTIONAL_WRITE_EXHAUSTED_PRIMALITY_UNASSIGNED,514,512,512,NO_RECORDED_FACTOR_PRP_OR_LL_RESULT_AND_NO_ACTIVE_GIMPS_ASSIGNMENT,2026-08-09T04:34:14+00:00,UNALLOCATED,,,,,
SLCMP1765-0086,86,86,583503883,2^583503883-1,STRUCTURAL_SCREEN_EXHAUSTED_PRIMALITY_UNASSIGNED,GF3A_DIRECTIONAL_WRITE_EXHAUSTED_PRIMALITY_UNASSIGNED,514,512,512,NO_RECORDED_FACTOR_PRP_OR_LL_RESULT_AND_NO_ACTIVE_GIMPS_ASSIGNMENT,2026-08-09T04:34:14+00:00,UNALLOCATED,,,,,
SLCMP1765-0087,87,87,583503887,2^583503887-1,STRUCTURAL_SCREEN_EXHAUSTED_PRIMALITY_UNASSIGNED,GF3A_DIRECTIONAL_WRITE_EXHAUSTED_PRIMALITY_UNASSIGNED,514,512,512,NO_RECORDED_FACTOR_PRP_OR_LL_RESULT_AND_NO_ACTIVE_GIMPS_ASSIGNMENT,2026-08-09T04:34:14+00:00,UNALLOCATED,,,,,
SLCMP1765-0088,88,88,583503911,2^583503911-1,STRUCTURAL_SCREEN_EXHAUSTED_PRIMALITY_UNASSIGNED,GF3A_DIRECTIONAL_WRITE_EXHAUSTED_PRIMALITY_UNASSIGNED,514,512,512,NO_RECORDED_FACTOR_PRP_OR_LL_RESULT_AND_NO_ACTIVE_GIMPS_ASSIGNMENT,2026-08-09T04:34:14+00:00,UNALLOCATED,,,,,
SLCMP1765-0089,89,89,583503931,2^583503931-1,STRUCTURAL_SCREEN_EXHAUSTED_PRIMALITY_UNASSIGNED,GF3A_DIRECTIONAL_WRITE_EXHAUSTED_PRIMALITY_UNASSIGNED,514,512,512,NO_RECORDED_FACTOR_PRP_OR_LL_RESULT_AND_NO_ACTIVE_GIMPS_ASSIGNMENT,2026-08-09T04:34:14+00:00,UNALLOCATED,,,,,
SLCMP1765-0090,90,90,583504007,2^583504007-1,STRUCTURAL_SCREEN_EXHAUSTED_PRIMALITY_UNASSIGNED,GF3A_DIRECTIONAL_WRITE_EXHAUSTED_PRIMALITY_UNASSIGNED,514,512,512,NO_RECORDED_FACTOR_PRP_OR_LL_RESULT_AND_NO_ACTIVE_GIMPS_ASSIGNMENT,2026-08-09T04:34:14+00:00,UNALLOCATED,,,,,
SLCMP1765-0091,91,91,583504123,2^583504123-1,STRUCTURAL_SCREEN_EXHAUSTED_PRIMALITY_UNASSIGNED,GF3A_DIRECTIONAL_WRITE_EXHAUSTED_PRIMALITY_UNASSIGNED,514,512,512,NO_RECORDED_FACTOR_PRP_OR_LL_RESULT_AND_NO_ACTIVE_GIMPS_ASSIGNMENT,2026-08-09T04:34:14+00:00,UNALLOCATED,,,,,
SLCMP1765-0092,92,92,583504147,2^583504147-1,STRUCTURAL_SCREEN_EXHAUSTED_PRIMALITY_UNASSIGNED,GF3A_DIRECTIONAL_WRITE_EXHAUSTED_PRIMALITY_UNASSIGNED,514,512,512,NO_RECORDED_FACTOR_PRP_OR_LL_RESULT_AND_NO_ACTIVE_GIMPS_ASSIGNMENT,2026-08-09T04:34:14+00:00,UNALLOCATED,,,,,
SLCMP1765-0093,93,93,583504183,2^583504183-1,STRUCTURAL_SCREEN_EXHAUSTED_PRIMALITY_UNASSIGNED,GF3A_DIRECTIONAL_WRITE_EXHAUSTED_PRIMALITY_UNASSIGNED,514,512,512,NO_RECORDED_FACTOR_PRP_OR_LL_RESULT_AND_NO_ACTIVE_GIMPS_ASSIGNMENT,2026-08-09T04:34:14+00:00,UNALLOCATED,,,,,
SLCMP1765-0094,94,94,583504217,2^583504217-1,STRUCTURAL_SCREEN_EXHAUSTED_PRIMALITY_UNASSIGNED,GF3A_DIRECTIONAL_WRITE_EXHAUSTED_PRIMALITY_UNASSIGNED,513,512,512,NO_RECORDED_FACTOR_PRP_OR_LL_RESULT_AND_NO_ACTIVE_GIMPS_ASSIGNMENT,2026-08-09T04:34:14+00:00,UNALLOCATED,,,,,
SLCMP1765-0095,95,95,583504249,2^583504249-1,STRUCTURAL_SCREEN_EXHAUSTED_PRIMALITY_UNASSIGNED,GF3A_DIRECTIONAL_WRITE_EXHAUSTED_PRIMALITY_UNASSIGNED,513,512,512,NO_RECORDED_FACTOR_PRP_OR_LL_RESULT_AND_NO_ACTIVE_GIMPS_ASSIGNMENT,2026-08-09T04:34:14+00:00,UNALLOCATED,,,,,
SLCMP1765-0096,96,96,583504409,2^583504409-1,STRUCTURAL_SCREEN_EXHAUSTED_PRIMALITY_UNASSIGNED,GF3A_DIRECTIONAL_WRITE_EXHAUSTED_PRIMALITY_UNASSIGNED,513,512,512,NO_RECORDED_FACTOR_PRP_OR_LL_RESULT_AND_NO_ACTIVE_GIMPS_ASSIGNMENT,2026-08-09T04:34:14+00:00,UNALLOCATED,,,,,
SLCMP1765-0097,97,97,583504451,2^583504451-1,STRUCTURAL_SCREEN_EXHAUSTED_PRIMALITY_UNASSIGNED,GF3A_DIRECTIONAL_WRITE_EXHAUSTED_PRIMALITY_UNASSIGNED,514,512,512,NO_RECORDED_FACTOR_PRP_OR_LL_RESULT_AND_NO_ACTIVE_GIMPS_ASSIGNMENT,2026-08-09T04:34:14+00:00,UNALLOCATED,,,,,
SLCMP1765-0098,98,98,583504499,2^583504499-1,STRUCTURAL_SCREEN_EXHAUSTED_PRIMALITY_UNASSIGNED,GF3A_DIRECTIONAL_WRITE_EXHAUSTED_PRIMALITY_UNASSIGNED,514,512,512,NO_RECORDED_FACTOR_PRP_OR_LL_RESULT_AND_NO_ACTIVE_GIMPS_ASSIGNMENT,2026-08-09T04:34:14+00:00,UNALLOCATED,,,,,
SLCMP1765-0099,99,99,583504553,2^583504553-1,STRUCTURAL_SCREEN_EXHAUSTED_PRIMALITY_UNASSIGNED,GF3A_DIRECTIONAL_WRITE_EXHAUSTED_PRIMALITY_UNASSIGNED,513,512,512,NO_RECORDED_FACTOR_PRP_OR_LL_RESULT_AND_NO_ACTIVE_GIMPS_ASSIGNMENT,2026-08-09T04:34:14+00:00,UNALLOCATED,,,,,
SLCMP1765-0100,100,100,583504633,2^583504633-1,STRUCTURAL_SCREEN_EXHAUSTED_PRIMALITY_UNASSIGNED,GF3A_DIRECTIONAL_WRITE_EXHAUSTED_PRIMALITY_UNASSIGNED,513,512,512,NO_RECORDED_FACTOR_PRP_OR_LL_RESULT_AND_NO_ACTIVE_GIMPS_ASSIGNMENT,2026-08-09T04:34:14+00:00,UNALLOCATED,,,,,
SLCMP1765-0101,101,101,583504667,2^583504667-1,STRUCTURAL_SCREEN_EXHAUSTED_PRIMALITY_UNASSIGNED,GF3A_DIRECTIONAL_WRITE_EXHAUSTED_PRIMALITY_UNASSIGNED,514,512,512,NO_RECORDED_FACTOR_PRP_OR_LL_RESULT_AND_NO_ACTIVE_GIMPS_ASSIGNMENT,2026-08-09T04:34:14+00:00,UNALLOCATED,,,,,
SLCMP1765-0102,102,102,583504693,2^583504693-1,STRUCTURAL_SCREEN_EXHAUSTED_PRIMALITY_UNASSIGNED,GF3A_DIRECTIONAL_WRITE_EXHAUSTED_PRIMALITY_UNASSIGNED,513,512,512,NO_RECORDED_FACTOR_PRP_OR_LL_RESULT_AND_NO_ACTIVE_GIMPS_ASSIGNMENT,2026-08-09T04:34:14+00:00,UNALLOCATED,,,,,
SLCMP1765-0103,103,103,583504717,2^583504717-1,STRUCTURAL_SCREEN_EXHAUSTED_PRIMALITY_UNASSIGNED,GF3A_DIRECTIONAL_WRITE_EXHAUSTED_PRIMALITY_UNASSIGNED,513,512,512,NO_RECORDED_FACTOR_PRP_OR_LL_RESULT_AND_NO_ACTIVE_GIMPS_ASSIGNMENT,2026-08-09T04:34:14+00:00,UNALLOCATED,,,,,
SLCMP1765-0104,104,104,583504729,2^583504729-1,STRUCTURAL_SCREEN_EXHAUSTED_PRIMALITY_UNASSIGNED,GF3A_DIRECTIONAL_WRITE_EXHAUSTED_PRIMALITY_UNASSIGNED,513,512,512,NO_RECORDED_FACTOR_PRP_OR_LL_RESULT_AND_NO_ACTIVE_GIMPS_ASSIGNMENT,2026-08-09T04:34:14+00:00,UNALLOCATED,,,,,
SLCMP1765-0105,105,105,583504913,2^583504913-1,STRUCTURAL_SCREEN_EXHAUSTED_PRIMALITY_UNASSIGNED,GF3A_DIRECTIONAL_WRITE_EXHAUSTED_PRIMALITY_UNASSIGNED,513,512,512,NO_RECORDED_FACTOR_PRP_OR_LL_RESULT_AND_NO_ACTIVE_GIMPS_ASSIGNMENT,2026-08-09T04:34:14+00:00,UNALLOCATED,,,,,
SLCMP1765-0106,106,106,583504927,2^583504927-1,STRUCTURAL_SCREEN_EXHAUSTED_PRIMALITY_UNASSIGNED,GF3A_DIRECTIONAL_WRITE_EXHAUSTED_PRIMALITY_UNASSIGNED,514,512,512,NO_RECORDED_FACTOR_PRP_OR_LL_RESULT_AND_NO_ACTIVE_GIMPS_ASSIGNMENT,2026-08-09T04:34:14+00:00,UNALLOCATED,,,,,
SLCMP1765-0107,107,107,583505017,2^583505017-1,STRUCTURAL_SCREEN_EXHAUSTED_PRIMALITY_UNASSIGNED,GF3A_DIRECTIONAL_WRITE_EXHAUSTED_PRIMALITY_UNASSIGNED,513,512,512,NO_RECORDED_FACTOR_PRP_OR_LL_RESULT_AND_NO_ACTIVE_GIMPS_ASSIGNMENT,2026-08-09T04:34:14+00:00,UNALLOCATED,,,,,
SLCMP1765-0108,108,108,583505123,2^583505123-1,STRUCTURAL_SCREEN_EXHAUSTED_PRIMALITY_UNASSIGNED,GF3A_DIRECTIONAL_WRITE_EXHAUSTED_PRIMALITY_UNASSIGNED,514,512,512,NO_RECORDED_FACTOR_PRP_OR_LL_RESULT_AND_NO_ACTIVE_GIMPS_ASSIGNMENT,2026-08-09T04:34:14+00:00,UNALLOCATED,,,,,
SLCMP1765-0109,109,109,583505303,2^583505303-1,STRUCTURAL_SCREEN_EXHAUSTED_PRIMALITY_UNASSIGNED,GF3A_DIRECTIONAL_WRITE_EXHAUSTED_PRIMALITY_UNASSIGNED,514,512,512,NO_RECORDED_FACTOR_PRP_OR_LL_RESULT_AND_NO_ACTIVE_GIMPS_ASSIGNMENT,2026-08-09T04:34:14+00:00,UNALLOCATED,,,,,
SLCMP1765-0110,110,110,583505323,2^583505323-1,STRUCTURAL_SCREEN_EXHAUSTED_PRIMALITY_UNASSIGNED,GF3A_DIRECTIONAL_WRITE_EXHAUSTED_PRIMALITY_UNASSIGNED,514,512,512,NO_RECORDED_FACTOR_PRP_OR_LL_RESULT_AND_NO_ACTIVE_GIMPS_ASSIGNMENT,2026-08-09T04:34:14+00:00,UNALLOCATED,,,,,
SLCMP1765-0111,111,111,583505513,2^583505513-1,STRUCTURAL_SCREEN_EXHAUSTED_PRIMALITY_UNASSIGNED,GF3A_DIRECTIONAL_WRITE_EXHAUSTED_PRIMALITY_UNASSIGNED,513,512,512,NO_RECORDED_FACTOR_PRP_OR_LL_RESULT_AND_NO_ACTIVE_GIMPS_ASSIGNMENT,2026-08-09T04:34:14+00:00,UNALLOCATED,,,,,
SLCMP1765-0112,112,112,583505621,2^583505621-1,STRUCTURAL_SCREEN_EXHAUSTED_PRIMALITY_UNASSIGNED,GF3A_DIRECTIONAL_WRITE_EXHAUSTED_PRIMALITY_UNASSIGNED,513,512,512,NO_RECORDED_FACTOR_PRP_OR_LL_RESULT_AND_NO_ACTIVE_GIMPS_ASSIGNMENT,2026-08-09T04:34:14+00:00,UNALLOCATED,,,,,
SLCMP1765-0113,113,113,583505633,2^583505633-1,STRUCTURAL_SCREEN_EXHAUSTED_PRIMALITY_UNASSIGNED,GF3A_DIRECTIONAL_WRITE_EXHAUSTED_PRIMALITY_UNASSIGNED,513,512,512,NO_RECORDED_FACTOR_PRP_OR_LL_RESULT_AND_NO_ACTIVE_GIMPS_ASSIGNMENT,2026-08-09T04:34:14+00:00,UNALLOCATED,,,,,
SLCMP1765-0114,114,114,583505669,2^583505669-1,STRUCTURAL_SCREEN_EXHAUSTED_PRIMALITY_UNASSIGNED,GF3A_DIRECTIONAL_WRITE_EXHAUSTED_PRIMALITY_UNASSIGNED,513,512,512,NO_RECORDED_FACTOR_PRP_OR_LL_RESULT_AND_NO_ACTIVE_GIMPS_ASSIGNMENT,2026-08-09T04:34:14+00:00,UNALLOCATED,,,,,
SLCMP1765-0115,115,115,583505677,2^583505677-1,STRUCTURAL_SCREEN_EXHAUSTED_PRIMALITY_UNASSIGNED,GF3A_DIRECTIONAL_WRITE_EXHAUSTED_PRIMALITY_UNASSIGNED,513,512,512,NO_RECORDED_FACTOR_PRP_OR_LL_RESULT_AND_NO_ACTIVE_GIMPS_ASSIGNMENT,2026-08-09T04:34:14+00:00,UNALLOCATED,,,,,
SLCMP1765-0116,116,116,583505753,2^583505753-1,STRUCTURAL_SCREEN_EXHAUSTED_PRIMALITY_UNASSIGNED,GF3A_DIRECTIONAL_WRITE_EXHAUSTED_PRIMALITY_UNASSIGNED,513,512,512,NO_RECORDED_FACTOR_PRP_OR_LL_RESULT_AND_NO_ACTIVE_GIMPS_ASSIGNMENT,2026-08-09T04:34:14+00:00,UNALLOCATED,,,,,
SLCMP1765-0117,117,117,583505957,2^583505957-1,STRUCTURAL_SCREEN_EXHAUSTED_PRIMALITY_UNASSIGNED,GF3A_DIRECTIONAL_WRITE_EXHAUSTED_PRIMALITY_UNASSIGNED,513,512,512,NO_RECORDED_FACTOR_PRP_OR_LL_RESULT_AND_NO_ACTIVE_GIMPS_ASSIGNMENT,2026-08-09T04:34:14+00:00,UNALLOCATED,,,,,
SLCMP1765-0118,118,118,583506031,2^583506031-1,STRUCTURAL_SCREEN_EXHAUSTED_PRIMALITY_UNASSIGNED,GF3A_DIRECTIONAL_WRITE_EXHAUSTED_PRIMALITY_UNASSIGNED,514,512,512,NO_RECORDED_FACTOR_PRP_OR_LL_RESULT_AND_NO_ACTIVE_GIMPS_ASSIGNMENT,2026-08-09T04:34:14+00:00,UNALLOCATED,,,,,
SLCMP1765-0119,119,119,583506061,2^583506061-1,STRUCTURAL_SCREEN_EXHAUSTED_PRIMALITY_UNASSIGNED,GF3A_DIRECTIONAL_WRITE_EXHAUSTED_PRIMALITY_UNASSIGNED,513,512,512,NO_RECORDED_FACTOR_PRP_OR_LL_RESULT_AND_NO_ACTIVE_GIMPS_ASSIGNMENT,2026-08-09T04:34:14+00:00,UNALLOCATED,,,,,
SLCMP1765-0120,120,120,583506073,2^583506073-1,STRUCTURAL_SCREEN_EXHAUSTED_PRIMALITY_UNASSIGNED,GF3A_DIRECTIONAL_WRITE_EXHAUSTED_PRIMALITY_UNASSIGNED,513,512,512,NO_RECORDED_FACTOR_PRP_OR_LL_RESULT_AND_NO_ACTIVE_GIMPS_ASSIGNMENT,2026-08-09T04:34:14+00:00,UNALLOCATED,,,,,
SLCMP1765-0121,121,121,583506109,2^583506109-1,STRUCTURAL_SCREEN_EXHAUSTED_PRIMALITY_UNASSIGNED,GF3A_DIRECTIONAL_WRITE_EXHAUSTED_PRIMALITY_UNASSIGNED,513,512,512,NO_RECORDED_FACTOR_PRP_OR_LL_RESULT_AND_NO_ACTIVE_GIMPS_ASSIGNMENT,2026-08-09T04:34:14+00:00,UNALLOCATED,,,,,
SLCMP1765-0122,122,122,583506163,2^583506163-1,STRUCTURAL_SCREEN_EXHAUSTED_PRIMALITY_UNASSIGNED,GF3A_DIRECTIONAL_WRITE_EXHAUSTED_PRIMALITY_UNASSIGNED,514,512,512,NO_RECORDED_FACTOR_PRP_OR_LL_RESULT_AND_NO_ACTIVE_GIMPS_ASSIGNMENT,2026-08-09T04:34:14+00:00,UNALLOCATED,,,,,
SLCMP1765-0123,123,123,583506193,2^583506193-1,STRUCTURAL_SCREEN_EXHAUSTED_PRIMALITY_UNASSIGNED,GF3A_DIRECTIONAL_WRITE_EXHAUSTED_PRIMALITY_UNASSIGNED,513,512,512,NO_RECORDED_FACTOR_PRP_OR_LL_RESULT_AND_NO_ACTIVE_GIMPS_ASSIGNMENT,2026-08-09T04:34:14+00:00,UNALLOCATED,,,,,
SLCMP1765-0124,124,124,583506221,2^583506221-1,STRUCTURAL_SCREEN_EXHAUSTED_PRIMALITY_UNASSIGNED,GF3A_DIRECTIONAL_WRITE_EXHAUSTED_PRIMALITY_UNASSIGNED,513,512,512,NO_RECORDED_FACTOR_PRP_OR_LL_RESULT_AND_NO_ACTIVE_GIMPS_ASSIGNMENT,2026-08-09T04:34:14+00:00,UNALLOCATED,,,,,
SLCMP1765-0125,125,125,583506239,2^583506239-1,STRUCTURAL_SCREEN_EXHAUSTED_PRIMALITY_UNASSIGNED,GF3A_DIRECTIONAL_WRITE_EXHAUSTED_PRIMALITY_UNASSIGNED,514,512,512,NO_RECORDED_FACTOR_PRP_OR_LL_RESULT_AND_NO_ACTIVE_GIMPS_ASSIGNMENT,2026-08-09T04:34:14+00:00,UNALLOCATED,,,,,
SLCMP1765-0126,126,126,583506241,2^583506241-1,STRUCTURAL_SCREEN_EXHAUSTED_PRIMALITY_UNASSIGNED,GF3A_DIRECTIONAL_WRITE_EXHAUSTED_PRIMALITY_UNASSIGNED,513,512,512,NO_RECORDED_FACTOR_PRP_OR_LL_RESULT_AND_NO_ACTIVE_GIMPS_ASSIGNMENT,2026-08-09T04:34:14+00:00,UNALLOCATED,,,,,
SLCMP1765-0127,127,127,583506257,2^583506257-1,STRUCTURAL_SCREEN_EXHAUSTED_PRIMALITY_UNASSIGNED,GF3A_DIRECTIONAL_WRITE_EXHAUSTED_PRIMALITY_UNASSIGNED,513,512,512,NO_RECORDED_FACTOR_PRP_OR_LL_RESULT_AND_NO_ACTIVE_GIMPS_ASSIGNMENT,2026-08-09T04:34:14+00:00,UNALLOCATED,,,,,
SLCMP1765-0128,128,128,583506281,2^583506281-1,STRUCTURAL_SCREEN_EXHAUSTED_PRIMALITY_UNASSIGNED,GF3A_DIRECTIONAL_WRITE_EXHAUSTED_PRIMALITY_UNASSIGNED,513,512,512,NO_RECORDED_FACTOR_PRP_OR_LL_RESULT_AND_NO_ACTIVE_GIMPS_ASSIGNMENT,2026-08-09T04:34:14+00:00,UNALLOCATED,,,,,
SLCMP1765-0129,129,129,583506289,2^583506289-1,STRUCTURAL_SCREEN_EXHAUSTED_PRIMALITY_UNASSIGNED,GF3A_DIRECTIONAL_WRITE_EXHAUSTED_PRIMALITY_UNASSIGNED,513,512,512,NO_RECORDED_FACTOR_PRP_OR_LL_RESULT_AND_NO_ACTIVE_GIMPS_ASSIGNMENT,2026-08-09T04:34:14+00:00,UNALLOCATED,,,,,
SLCMP1765-0130,130,130,583506323,2^583506323-1,STRUCTURAL_SCREEN_EXHAUSTED_PRIMALITY_UNASSIGNED,GF3A_DIRECTIONAL_WRITE_EXHAUSTED_PRIMALITY_UNASSIGNED,514,512,512,NO_RECORDED_FACTOR_PRP_OR_LL_RESULT_AND_NO_ACTIVE_GIMPS_ASSIGNMENT,2026-08-09T04:34:14+00:00,UNALLOCATED,,,,,
SLCMP1765-0131,131,131,583506377,2^583506377-1,STRUCTURAL_SCREEN_EXHAUSTED_PRIMALITY_UNASSIGNED,GF3A_DIRECTIONAL_WRITE_EXHAUSTED_PRIMALITY_UNASSIGNED,513,512,512,NO_RECORDED_FACTOR_PRP_OR_LL_RESULT_AND_NO_ACTIVE_GIMPS_ASSIGNMENT,2026-08-09T04:34:14+00:00,UNALLOCATED,,,,,
SLCMP1765-0132,132,132,583506493,2^583506493-1,STRUCTURAL_SCREEN_EXHAUSTED_PRIMALITY_UNASSIGNED,GF3A_DIRECTIONAL_WRITE_EXHAUSTED_PRIMALITY_UNASSIGNED,513,512,512,NO_RECORDED_FACTOR_PRP_OR_LL_RESULT_AND_NO_ACTIVE_GIMPS_ASSIGNMENT,2026-08-09T04:34:14+00:00,UNALLOCATED,,,,,
SLCMP1765-0133,133,133,583506557,2^583506557-1,STRUCTURAL_SCREEN_EXHAUSTED_PRIMALITY_UNASSIGNED,GF3A_DIRECTIONAL_WRITE_EXHAUSTED_PRIMALITY_UNASSIGNED,513,512,512,NO_RECORDED_FACTOR_PRP_OR_LL_RESULT_AND_NO_ACTIVE_GIMPS_ASSIGNMENT,2026-08-09T04:34:14+00:00,UNALLOCATED,,,,,
SLCMP1765-0134,134,134,583506569,2^583506569-1,STRUCTURAL_SCREEN_EXHAUSTED_PRIMALITY_UNASSIGNED,GF3A_DIRECTIONAL_WRITE_EXHAUSTED_PRIMALITY_UNASSIGNED,513,512,512,NO_RECORDED_FACTOR_PRP_OR_LL_RESULT_AND_NO_ACTIVE_GIMPS_ASSIGNMENT,2026-08-09T04:34:14+00:00,UNALLOCATED,,,,,
SLCMP1765-0135,135,135,583506617,2^583506617-1,STRUCTURAL_SCREEN_EXHAUSTED_PRIMALITY_UNASSIGNED,GF3A_DIRECTIONAL_WRITE_EXHAUSTED_PRIMALITY_UNASSIGNED,513,512,512,NO_RECORDED_FACTOR_PRP_OR_LL_RESULT_AND_NO_ACTIVE_GIMPS_ASSIGNMENT,2026-08-09T04:34:14+00:00,UNALLOCATED,,,,,
SLCMP1765-0136,136,136,583506713,2^583506713-1,STRUCTURAL_SCREEN_EXHAUSTED_PRIMALITY_UNASSIGNED,GF3A_DIRECTIONAL_WRITE_EXHAUSTED_PRIMALITY_UNASSIGNED,513,512,512,NO_RECORDED_FACTOR_PRP_OR_LL_RESULT_AND_NO_ACTIVE_GIMPS_ASSIGNMENT,2026-08-09T04:34:14+00:00,UNALLOCATED,,,,,
SLCMP1765-0137,137,137,583506809,2^583506809-1,STRUCTURAL_SCREEN_EXHAUSTED_PRIMALITY_UNASSIGNED,GF3A_DIRECTIONAL_WRITE_EXHAUSTED_PRIMALITY_UNASSIGNED,513,512,512,NO_RECORDED_FACTOR_PRP_OR_LL_RESULT_AND_NO_ACTIVE_GIMPS_ASSIGNMENT,2026-08-09T04:34:14+00:00,UNALLOCATED,,,,,
SLCMP1765-0138,138,138,583506901,2^583506901-1,STRUCTURAL_SCREEN_EXHAUSTED_PRIMALITY_UNASSIGNED,GF3A_DIRECTIONAL_WRITE_EXHAUSTED_PRIMALITY_UNASSIGNED,513,512,512,NO_RECORDED_FACTOR_PRP_OR_LL_RESULT_AND_NO_ACTIVE_GIMPS_ASSIGNMENT,2026-08-09T04:34:14+00:00,UNALLOCATED,,,,,
SLCMP1765-0139,139,139,583507049,2^583507049-1,STRUCTURAL_SCREEN_EXHAUSTED_PRIMALITY_UNASSIGNED,GF3A_DIRECTIONAL_WRITE_EXHAUSTED_PRIMALITY_UNASSIGNED,513,512,512,NO_RECORDED_FACTOR_PRP_OR_LL_RESULT_AND_NO_ACTIVE_GIMPS_ASSIGNMENT,2026-08-09T04:34:14+00:00,UNALLOCATED,,,,,
SLCMP1765-0140,140,140,583507213,2^583507213-1,STRUCTURAL_SCREEN_EXHAUSTED_PRIMALITY_UNASSIGNED,GF3A_DIRECTIONAL_WRITE_EXHAUSTED_PRIMALITY_UNASSIGNED,513,512,512,NO_RECORDED_FACTOR_PRP_OR_LL_RESULT_AND_NO_ACTIVE_GIMPS_ASSIGNMENT,2026-08-09T04:34:14+00:00,UNALLOCATED,,,,,
SLCMP1765-0141,141,141,583507277,2^583507277-1,STRUCTURAL_SCREEN_EXHAUSTED_PRIMALITY_UNASSIGNED,GF3A_DIRECTIONAL_WRITE_EXHAUSTED_PRIMALITY_UNASSIGNED,513,512,512,NO_RECORDED_FACTOR_PRP_OR_LL_RESULT_AND_NO_ACTIVE_GIMPS_ASSIGNMENT,2026-08-09T04:34:14+00:00,UNALLOCATED,,,,,
SLCMP1765-0142,142,142,583507321,2^583507321-1,STRUCTURAL_SCREEN_EXHAUSTED_PRIMALITY_UNASSIGNED,GF3A_DIRECTIONAL_WRITE_EXHAUSTED_PRIMALITY_UNASSIGNED,513,512,512,NO_RECORDED_FACTOR_PRP_OR_LL_RESULT_AND_NO_ACTIVE_GIMPS_ASSIGNMENT,2026-08-09T04:34:14+00:00,UNALLOCATED,,,,,
SLCMP1765-0143,143,143,583507333,2^583507333-1,STRUCTURAL_SCREEN_EXHAUSTED_PRIMALITY_UNASSIGNED,GF3A_DIRECTIONAL_WRITE_EXHAUSTED_PRIMALITY_UNASSIGNED,513,512,512,NO_RECORDED_FACTOR_PRP_OR_LL_RESULT_AND_NO_ACTIVE_GIMPS_ASSIGNMENT,2026-08-09T04:34:14+00:00,UNALLOCATED,,,,,
SLCMP1765-0144,144,144,583507339,2^583507339-1,STRUCTURAL_SCREEN_EXHAUSTED_PRIMALITY_UNASSIGNED,GF3A_DIRECTIONAL_WRITE_EXHAUSTED_PRIMALITY_UNASSIGNED,514,512,512,NO_RECORDED_FACTOR_PRP_OR_LL_RESULT_AND_NO_ACTIVE_GIMPS_ASSIGNMENT,2026-08-09T04:34:14+00:00,UNALLOCATED,,,,,
SLCMP1765-0145,145,145,583507417,2^583507417-1,STRUCTURAL_SCREEN_EXHAUSTED_PRIMALITY_UNASSIGNED,GF3A_DIRECTIONAL_WRITE_EXHAUSTED_PRIMALITY_UNASSIGNED,513,512,512,NO_RECORDED_FACTOR_PRP_OR_LL_RESULT_AND_NO_ACTIVE_GIMPS_ASSIGNMENT,2026-08-09T04:34:14+00:00,UNALLOCATED,,,,,
SLCMP1765-0146,146,146,583507429,2^583507429-1,STRUCTURAL_SCREEN_EXHAUSTED_PRIMALITY_UNASSIGNED,GF3A_DIRECTIONAL_WRITE_EXHAUSTED_PRIMALITY_UNASSIGNED,513,512,512,NO_RECORDED_FACTOR_PRP_OR_LL_RESULT_AND_NO_ACTIVE_GIMPS_ASSIGNMENT,2026-08-09T04:34:14+00:00,UNALLOCATED,,,,,
SLCMP1765-0147,147,147,583507571,2^583507571-1,STRUCTURAL_SCREEN_EXHAUSTED_PRIMALITY_UNASSIGNED,GF3A_DIRECTIONAL_WRITE_EXHAUSTED_PRIMALITY_UNASSIGNED,514,512,512,NO_RECORDED_FACTOR_PRP_OR_LL_RESULT_AND_NO_ACTIVE_GIMPS_ASSIGNMENT,2026-08-09T04:34:14+00:00,UNALLOCATED,,,,,
SLCMP1765-0148,148,148,583507591,2^583507591-1,STRUCTURAL_SCREEN_EXHAUSTED_PRIMALITY_UNASSIGNED,GF3A_DIRECTIONAL_WRITE_EXHAUSTED_PRIMALITY_UNASSIGNED,514,512,512,NO_RECORDED_FACTOR_PRP_OR_LL_RESULT_AND_NO_ACTIVE_GIMPS_ASSIGNMENT,2026-08-09T04:34:14+00:00,UNALLOCATED,,,,,
SLCMP1765-0149,149,149,583507597,2^583507597-1,STRUCTURAL_SCREEN_EXHAUSTED_PRIMALITY_UNASSIGNED,GF3A_DIRECTIONAL_WRITE_EXHAUSTED_PRIMALITY_UNASSIGNED,513,512,512,NO_RECORDED_FACTOR_PRP_OR_LL_RESULT_AND_NO_ACTIVE_GIMPS_ASSIGNMENT,2026-08-09T04:34:14+00:00,UNALLOCATED,,,,,
SLCMP1765-0150,150,150,583507633,2^583507633-1,STRUCTURAL_SCREEN_EXHAUSTED_PRIMALITY_UNASSIGNED,GF3A_DIRECTIONAL_WRITE_EXHAUSTED_PRIMALITY_UNASSIGNED,513,512,512,NO_RECORDED_FACTOR_PRP_OR_LL_RESULT_AND_NO_ACTIVE_GIMPS_ASSIGNMENT,2026-08-09T04:34:14+00:00,UNALLOCATED,,,,,
SLCMP1765-0151,151,151,583507657,2^583507657-1,STRUCTURAL_SCREEN_EXHAUSTED_PRIMALITY_UNASSIGNED,GF3A_DIRECTIONAL_WRITE_EXHAUSTED_PRIMALITY_UNASSIGNED,513,512,512,NO_RECORDED_FACTOR_PRP_OR_LL_RESULT_AND_NO_ACTIVE_GIMPS_ASSIGNMENT,2026-08-09T04:34:14+00:00,UNALLOCATED,,,,,
SLCMP1765-0152,152,152,583507693,2^583507693-1,STRUCTURAL_SCREEN_EXHAUSTED_PRIMALITY_UNASSIGNED,GF3A_DIRECTIONAL_WRITE_EXHAUSTED_PRIMALITY_UNASSIGNED,513,512,512,NO_RECORDED_FACTOR_PRP_OR_LL_RESULT_AND_NO_ACTIVE_GIMPS_ASSIGNMENT,2026-08-09T04:34:14+00:00,UNALLOCATED,,,,,
SLCMP1765-0153,153,153,583507751,2^583507751-1,STRUCTURAL_SCREEN_EXHAUSTED_PRIMALITY_UNASSIGNED,GF3A_DIRECTIONAL_WRITE_EXHAUSTED_PRIMALITY_UNASSIGNED,514,512,512,NO_RECORDED_FACTOR_PRP_OR_LL_RESULT_AND_NO_ACTIVE_GIMPS_ASSIGNMENT,2026-08-09T04:34:14+00:00,UNALLOCATED,,,,,
SLCMP1765-0154,154,154,583507759,2^583507759-1,STRUCTURAL_SCREEN_EXHAUSTED_PRIMALITY_UNASSIGNED,GF3A_DIRECTIONAL_WRITE_EXHAUSTED_PRIMALITY_UNASSIGNED,514,512,512,NO_RECORDED_FACTOR_PRP_OR_LL_RESULT_AND_NO_ACTIVE_GIMPS_ASSIGNMENT,2026-08-09T04:34:14+00:00,UNALLOCATED,,,,,
SLCMP1765-0155,155,155,583507787,2^583507787-1,STRUCTURAL_SCREEN_EXHAUSTED_PRIMALITY_UNASSIGNED,GF3A_DIRECTIONAL_WRITE_EXHAUSTED_PRIMALITY_UNASSIGNED,514,512,512,NO_RECORDED_FACTOR_PRP_OR_LL_RESULT_AND_NO_ACTIVE_GIMPS_ASSIGNMENT,2026-08-09T04:34:14+00:00,UNALLOCATED,,,,,
SLCMP1765-0156,156,156,583507819,2^583507819-1,STRUCTURAL_SCREEN_EXHAUSTED_PRIMALITY_UNASSIGNED,GF3A_DIRECTIONAL_WRITE_EXHAUSTED_PRIMALITY_UNASSIGNED,514,512,512,NO_RECORDED_FACTOR_PRP_OR_LL_RESULT_AND_NO_ACTIVE_GIMPS_ASSIGNMENT,2026-08-09T04:34:14+00:00,UNALLOCATED,,,,,
SLCMP1765-0157,157,157,583507829,2^583507829-1,STRUCTURAL_SCREEN_EXHAUSTED_PRIMALITY_UNASSIGNED,GF3A_DIRECTIONAL_WRITE_EXHAUSTED_PRIMALITY_UNASSIGNED,513,512,512,NO_RECORDED_FACTOR_PRP_OR_LL_RESULT_AND_NO_ACTIVE_GIMPS_ASSIGNMENT,2026-08-09T04:34:14+00:00,UNALLOCATED,,,,,
SLCMP1765-0158,158,158,583507919,2^583507919-1,STRUCTURAL_SCREEN_EXHAUSTED_PRIMALITY_UNASSIGNED,GF3A_DIRECTIONAL_WRITE_EXHAUSTED_PRIMALITY_UNASSIGNED,514,512,512,NO_RECORDED_FACTOR_PRP_OR_LL_RESULT_AND_NO_ACTIVE_GIMPS_ASSIGNMENT,2026-08-09T04:34:14+00:00,UNALLOCATED,,,,,
SLCMP1765-0159,159,159,583508027,2^583508027-1,STRUCTURAL_SCREEN_EXHAUSTED_PRIMALITY_UNASSIGNED,GF3A_DIRECTIONAL_WRITE_EXHAUSTED_PRIMALITY_UNASSIGNED,514,512,512,NO_RECORDED_FACTOR_PRP_OR_LL_RESULT_AND_NO_ACTIVE_GIMPS_ASSIGNMENT,2026-08-09T04:34:14+00:00,UNALLOCATED,,,,,
SLCMP1765-0160,160,160,583508117,2^583508117-1,STRUCTURAL_SCREEN_EXHAUSTED_PRIMALITY_UNASSIGNED,GF3A_DIRECTIONAL_WRITE_EXHAUSTED_PRIMALITY_UNASSIGNED,513,512,512,NO_RECORDED_FACTOR_PRP_OR_LL_RESULT_AND_NO_ACTIVE_GIMPS_ASSIGNMENT,2026-08-09T04:34:14+00:00,UNALLOCATED,,,,,
SLCMP1765-0161,161,161,583508131,2^583508131-1,STRUCTURAL_SCREEN_EXHAUSTED_PRIMALITY_UNASSIGNED,GF3A_DIRECTIONAL_WRITE_EXHAUSTED_PRIMALITY_UNASSIGNED,514,512,512,NO_RECORDED_FACTOR_PRP_OR_LL_RESULT_AND_NO_ACTIVE_GIMPS_ASSIGNMENT,2026-08-09T04:34:14+00:00,UNALLOCATED,,,,,
SLCMP1765-0162,162,162,583508173,2^583508173-1,STRUCTURAL_SCREEN_EXHAUSTED_PRIMALITY_UNASSIGNED,GF3A_DIRECTIONAL_WRITE_EXHAUSTED_PRIMALITY_UNASSIGNED,513,512,512,NO_RECORDED_FACTOR_PRP_OR_LL_RESULT_AND_NO_ACTIVE_GIMPS_ASSIGNMENT,2026-08-09T04:34:14+00:00,UNALLOCATED,,,,,
SLCMP1765-0163,163,163,583508201,2^583508201-1,STRUCTURAL_SCREEN_EXHAUSTED_PRIMALITY_UNASSIGNED,GF3A_DIRECTIONAL_WRITE_EXHAUSTED_PRIMALITY_UNASSIGNED,513,512,512,NO_RECORDED_FACTOR_PRP_OR_LL_RESULT_AND_NO_ACTIVE_GIMPS_ASSIGNMENT,2026-08-09T04:34:14+00:00,UNALLOCATED,,,,,
SLCMP1765-0164,164,164,583508203,2^583508203-1,STRUCTURAL_SCREEN_EXHAUSTED_PRIMALITY_UNASSIGNED,GF3A_DIRECTIONAL_WRITE_EXHAUSTED_PRIMALITY_UNASSIGNED,514,512,512,NO_RECORDED_FACTOR_PRP_OR_LL_RESULT_AND_NO_ACTIVE_GIMPS_ASSIGNMENT,2026-08-09T04:34:14+00:00,UNALLOCATED,,,,,
SLCMP1765-0165,165,165,583508281,2^583508281-1,STRUCTURAL_SCREEN_EXHAUSTED_PRIMALITY_UNASSIGNED,GF3A_DIRECTIONAL_WRITE_EXHAUSTED_PRIMALITY_UNASSIGNED,513,512,512,NO_RECORDED_FACTOR_PRP_OR_LL_RESULT_AND_NO_ACTIVE_GIMPS_ASSIGNMENT,2026-08-09T04:34:14+00:00,UNALLOCATED,,,,,
SLCMP1765-0166,166,166,583508353,2^583508353-1,STRUCTURAL_SCREEN_EXHAUSTED_PRIMALITY_UNASSIGNED,GF3A_DIRECTIONAL_WRITE_EXHAUSTED_PRIMALITY_UNASSIGNED,513,512,512,NO_RECORDED_FACTOR_PRP_OR_LL_RESULT_AND_NO_ACTIVE_GIMPS_ASSIGNMENT,2026-08-09T04:34:14+00:00,UNALLOCATED,,,,,
SLCMP1765-0167,167,167,583508377,2^583508377-1,STRUCTURAL_SCREEN_EXHAUSTED_PRIMALITY_UNASSIGNED,GF3A_DIRECTIONAL_WRITE_EXHAUSTED_PRIMALITY_UNASSIGNED,513,512,512,NO_RECORDED_FACTOR_PRP_OR_LL_RESULT_AND_NO_ACTIVE_GIMPS_ASSIGNMENT,2026-08-09T04:34:14+00:00,UNALLOCATED,,,,,
SLCMP1765-0168,168,168,583508461,2^583508461-1,STRUCTURAL_SCREEN_EXHAUSTED_PRIMALITY_UNASSIGNED,GF3A_DIRECTIONAL_WRITE_EXHAUSTED_PRIMALITY_UNASSIGNED,513,512,512,NO_RECORDED_FACTOR_PRP_OR_LL_RESULT_AND_NO_ACTIVE_GIMPS_ASSIGNMENT,2026-08-09T04:34:14+00:00,UNALLOCATED,,,,,
SLCMP1765-0169,169,169,583508591,2^583508591-1,STRUCTURAL_SCREEN_EXHAUSTED_PRIMALITY_UNASSIGNED,GF3A_DIRECTIONAL_WRITE_EXHAUSTED_PRIMALITY_UNASSIGNED,514,512,512,NO_RECORDED_FACTOR_PRP_OR_LL_RESULT_AND_NO_ACTIVE_GIMPS_ASSIGNMENT,2026-08-09T04:34:14+00:00,UNALLOCATED,,,,,
SLCMP1765-0170,170,170,583508599,2^583508599-1,STRUCTURAL_SCREEN_EXHAUSTED_PRIMALITY_UNASSIGNED,GF3A_DIRECTIONAL_WRITE_EXHAUSTED_PRIMALITY_UNASSIGNED,514,512,512,NO_RECORDED_FACTOR_PRP_OR_LL_RESULT_AND_NO_ACTIVE_GIMPS_ASSIGNMENT,2026-08-09T04:34:14+00:00,UNALLOCATED,,,,,
SLCMP1765-0171,171,171,583508603,2^583508603-1,STRUCTURAL_SCREEN_EXHAUSTED_PRIMALITY_UNASSIGNED,GF3A_DIRECTIONAL_WRITE_EXHAUSTED_PRIMALITY_UNASSIGNED,514,512,512,NO_RECORDED_FACTOR_PRP_OR_LL_RESULT_AND_NO_ACTIVE_GIMPS_ASSIGNMENT,2026-08-09T04:34:14+00:00,UNALLOCATED,,,,,
SLCMP1765-0172,172,172,583508659,2^583508659-1,STRUCTURAL_SCREEN_EXHAUSTED_PRIMALITY_UNASSIGNED,GF3A_DIRECTIONAL_WRITE_EXHAUSTED_PRIMALITY_UNASSIGNED,514,512,512,NO_RECORDED_FACTOR_PRP_OR_LL_RESULT_AND_NO_ACTIVE_GIMPS_ASSIGNMENT,2026-08-09T04:34:14+00:00,UNALLOCATED,,,,,
SLCMP1765-0173,173,173,583508729,2^583508729-1,STRUCTURAL_SCREEN_EXHAUSTED_PRIMALITY_UNASSIGNED,GF3A_DIRECTIONAL_WRITE_EXHAUSTED_PRIMALITY_UNASSIGNED,513,512,512,NO_RECORDED_FACTOR_PRP_OR_LL_RESULT_AND_NO_ACTIVE_GIMPS_ASSIGNMENT,2026-08-09T04:34:14+00:00,UNALLOCATED,,,,,
SLCMP1765-0174,174,174,583508777,2^583508777-1,STRUCTURAL_SCREEN_EXHAUSTED_PRIMALITY_UNASSIGNED,GF3A_DIRECTIONAL_WRITE_EXHAUSTED_PRIMALITY_UNASSIGNED,513,512,512,NO_RECORDED_FACTOR_PRP_OR_LL_RESULT_AND_NO_ACTIVE_GIMPS_ASSIGNMENT,2026-08-09T04:34:14+00:00,UNALLOCATED,,,,,
SLCMP1765-0175,175,175,583508851,2^583508851-1,STRUCTURAL_SCREEN_EXHAUSTED_PRIMALITY_UNASSIGNED,GF3A_DIRECTIONAL_WRITE_EXHAUSTED_PRIMALITY_UNASSIGNED,514,512,512,NO_RECORDED_FACTOR_PRP_OR_LL_RESULT_AND_NO_ACTIVE_GIMPS_ASSIGNMENT,2026-08-09T04:34:14+00:00,UNALLOCATED,,,,,
SLCMP1765-0176,176,176,583508857,2^583508857-1,STRUCTURAL_SCREEN_EXHAUSTED_PRIMALITY_UNASSIGNED,GF3A_DIRECTIONAL_WRITE_EXHAUSTED_PRIMALITY_UNASSIGNED,513,512,512,NO_RECORDED_FACTOR_PRP_OR_LL_RESULT_AND_NO_ACTIVE_GIMPS_ASSIGNMENT,2026-08-09T04:34:14+00:00,UNALLOCATED,,,,,
SLCMP1765-0177,177,177,583508881,2^583508881-1,STRUCTURAL_SCREEN_EXHAUSTED_PRIMALITY_UNASSIGNED,GF3A_DIRECTIONAL_WRITE_EXHAUSTED_PRIMALITY_UNASSIGNED,513,512,512,NO_RECORDED_FACTOR_PRP_OR_LL_RESULT_AND_NO_ACTIVE_GIMPS_ASSIGNMENT,2026-08-09T04:34:14+00:00,UNALLOCATED,,,,,
SLCMP1765-0178,178,178,583508909,2^583508909-1,STRUCTURAL_SCREEN_EXHAUSTED_PRIMALITY_UNASSIGNED,GF3A_DIRECTIONAL_WRITE_EXHAUSTED_PRIMALITY_UNASSIGNED,513,512,512,NO_RECORDED_FACTOR_PRP_OR_LL_RESULT_AND_NO_ACTIVE_GIMPS_ASSIGNMENT,2026-08-09T04:34:14+00:00,UNALLOCATED,,,,,
SLCMP1765-0179,179,179,583508921,2^583508921-1,STRUCTURAL_SCREEN_EXHAUSTED_PRIMALITY_UNASSIGNED,GF3A_DIRECTIONAL_WRITE_EXHAUSTED_PRIMALITY_UNASSIGNED,513,512,512,NO_RECORDED_FACTOR_PRP_OR_LL_RESULT_AND_NO_ACTIVE_GIMPS_ASSIGNMENT,2026-08-09T04:34:14+00:00,UNALLOCATED,,,,,
SLCMP1765-0180,180,180,583508983,2^583508983-1,STRUCTURAL_SCREEN_EXHAUSTED_PRIMALITY_UNASSIGNED,GF3A_DIRECTIONAL_WRITE_EXHAUSTED_PRIMALITY_UNASSIGNED,514,512,512,NO_RECORDED_FACTOR_PRP_OR_LL_RESULT_AND_NO_ACTIVE_GIMPS_ASSIGNMENT,2026-08-09T04:34:14+00:00,UNALLOCATED,,,,,
SLCMP1765-0181,181,181,583509077,2^583509077-1,STRUCTURAL_SCREEN_EXHAUSTED_PRIMALITY_UNASSIGNED,GF3A_DIRECTIONAL_WRITE_EXHAUSTED_PRIMALITY_UNASSIGNED,513,512,512,NO_RECORDED_FACTOR_PRP_OR_LL_RESULT_AND_NO_ACTIVE_GIMPS_ASSIGNMENT,2026-08-09T04:34:14+00:00,UNALLOCATED,,,,,
SLCMP1765-0182,182,182,583509083,2^583509083-1,STRUCTURAL_SCREEN_EXHAUSTED_PRIMALITY_UNASSIGNED,GF3A_DIRECTIONAL_WRITE_EXHAUSTED_PRIMALITY_UNASSIGNED,514,512,512,NO_RECORDED_FACTOR_PRP_OR_LL_RESULT_AND_NO_ACTIVE_GIMPS_ASSIGNMENT,2026-08-09T04:34:14+00:00,UNALLOCATED,,,,,
SLCMP1765-0183,183,183,583509119,2^583509119-1,STRUCTURAL_SCREEN_EXHAUSTED_PRIMALITY_UNASSIGNED,GF3A_DIRECTIONAL_WRITE_EXHAUSTED_PRIMALITY_UNASSIGNED,514,512,512,NO_RECORDED_FACTOR_PRP_OR_LL_RESULT_AND_NO_ACTIVE_GIMPS_ASSIGNMENT,2026-08-09T04:34:14+00:00,UNALLOCATED,,,,,
SLCMP1765-0184,184,184,583509131,2^583509131-1,STRUCTURAL_SCREEN_EXHAUSTED_PRIMALITY_UNASSIGNED,GF3A_DIRECTIONAL_WRITE_EXHAUSTED_PRIMALITY_UNASSIGNED,514,512,512,NO_RECORDED_FACTOR_PRP_OR_LL_RESULT_AND_NO_ACTIVE_GIMPS_ASSIGNMENT,2026-08-09T04:34:14+00:00,UNALLOCATED,,,,,
SLCMP1765-0185,185,185,583509211,2^583509211-1,STRUCTURAL_SCREEN_EXHAUSTED_PRIMALITY_UNASSIGNED,GF3A_DIRECTIONAL_WRITE_EXHAUSTED_PRIMALITY_UNASSIGNED,514,512,512,NO_RECORDED_FACTOR_PRP_OR_LL_RESULT_AND_NO_ACTIVE_GIMPS_ASSIGNMENT,2026-08-09T04:34:14+00:00,UNALLOCATED,,,,,
SLCMP1765-0186,186,186,583509229,2^583509229-1,STRUCTURAL_SCREEN_EXHAUSTED_PRIMALITY_UNASSIGNED,GF3A_DIRECTIONAL_WRITE_EXHAUSTED_PRIMALITY_UNASSIGNED,513,512,512,NO_RECORDED_FACTOR_PRP_OR_LL_RESULT_AND_NO_ACTIVE_GIMPS_ASSIGNMENT,2026-08-09T04:34:14+00:00,UNALLOCATED,,,,,
SLCMP1765-0187,187,187,583509271,2^583509271-1,STRUCTURAL_SCREEN_EXHAUSTED_PRIMALITY_UNASSIGNED,GF3A_DIRECTIONAL_WRITE_EXHAUSTED_PRIMALITY_UNASSIGNED,514,512,512,NO_RECORDED_FACTOR_PRP_OR_LL_RESULT_AND_NO_ACTIVE_GIMPS_ASSIGNMENT,2026-08-09T04:34:14+00:00,UNALLOCATED,,,,,
SLCMP1765-0188,188,188,583509293,2^583509293-1,STRUCTURAL_SCREEN_EXHAUSTED_PRIMALITY_UNASSIGNED,GF3A_DIRECTIONAL_WRITE_EXHAUSTED_PRIMALITY_UNASSIGNED,513,512,512,NO_RECORDED_FACTOR_PRP_OR_LL_RESULT_AND_NO_ACTIVE_GIMPS_ASSIGNMENT,2026-08-09T04:34:14+00:00,UNALLOCATED,,,,,
SLCMP1765-0189,189,189,583509307,2^583509307-1,STRUCTURAL_SCREEN_EXHAUSTED_PRIMALITY_UNASSIGNED,GF3A_DIRECTIONAL_WRITE_EXHAUSTED_PRIMALITY_UNASSIGNED,514,512,512,NO_RECORDED_FACTOR_PRP_OR_LL_RESULT_AND_NO_ACTIVE_GIMPS_ASSIGNMENT,2026-08-09T04:34:14+00:00,UNALLOCATED,,,,,
SLCMP1765-0190,190,190,583509359,2^583509359-1,STRUCTURAL_SCREEN_EXHAUSTED_PRIMALITY_UNASSIGNED,GF3A_DIRECTIONAL_WRITE_EXHAUSTED_PRIMALITY_UNASSIGNED,514,512,512,NO_RECORDED_FACTOR_PRP_OR_LL_RESULT_AND_NO_ACTIVE_GIMPS_ASSIGNMENT,2026-08-09T04:34:14+00:00,UNALLOCATED,,,,,
SLCMP1765-0191,191,191,583509389,2^583509389-1,STRUCTURAL_SCREEN_EXHAUSTED_PRIMALITY_UNASSIGNED,GF3A_DIRECTIONAL_WRITE_EXHAUSTED_PRIMALITY_UNASSIGNED,513,512,512,NO_RECORDED_FACTOR_PRP_OR_LL_RESULT_AND_NO_ACTIVE_GIMPS_ASSIGNMENT,2026-08-09T04:34:14+00:00,UNALLOCATED,,,,,
SLCMP1765-0192,192,192,583509403,2^583509403-1,STRUCTURAL_SCREEN_EXHAUSTED_PRIMALITY_UNASSIGNED,GF3A_DIRECTIONAL_WRITE_EXHAUSTED_PRIMALITY_UNASSIGNED,514,512,512,NO_RECORDED_FACTOR_PRP_OR_LL_RESULT_AND_NO_ACTIVE_GIMPS_ASSIGNMENT,2026-08-09T04:34:14+00:00,UNALLOCATED,,,,,
SLCMP1765-0193,193,193,583509427,2^583509427-1,STRUCTURAL_SCREEN_EXHAUSTED_PRIMALITY_UNASSIGNED,GF3A_DIRECTIONAL_WRITE_EXHAUSTED_PRIMALITY_UNASSIGNED,514,512,512,NO_RECORDED_FACTOR_PRP_OR_LL_RESULT_AND_NO_ACTIVE_GIMPS_ASSIGNMENT,2026-08-09T04:34:14+00:00,UNALLOCATED,,,,,
SLCMP1765-0194,194,194,583509481,2^583509481-1,STRUCTURAL_SCREEN_EXHAUSTED_PRIMALITY_UNASSIGNED,GF3A_DIRECTIONAL_WRITE_EXHAUSTED_PRIMALITY_UNASSIGNED,513,512,512,NO_RECORDED_FACTOR_PRP_OR_LL_RESULT_AND_NO_ACTIVE_GIMPS_ASSIGNMENT,2026-08-09T04:34:14+00:00,UNALLOCATED,,,,,
SLCMP1765-0195,195,195,583509617,2^583509617-1,STRUCTURAL_SCREEN_EXHAUSTED_PRIMALITY_UNASSIGNED,GF3A_DIRECTIONAL_WRITE_EXHAUSTED_PRIMALITY_UNASSIGNED,513,512,512,NO_RECORDED_FACTOR_PRP_OR_LL_RESULT_AND_NO_ACTIVE_GIMPS_ASSIGNMENT,2026-08-09T04:34:14+00:00,UNALLOCATED,,,,,
SLCMP1765-0196,196,196,583509643,2^583509643-1,STRUCTURAL_SCREEN_EXHAUSTED_PRIMALITY_UNASSIGNED,GF3A_DIRECTIONAL_WRITE_EXHAUSTED_PRIMALITY_UNASSIGNED,514,512,512,NO_RECORDED_FACTOR_PRP_OR_LL_RESULT_AND_NO_ACTIVE_GIMPS_ASSIGNMENT,2026-08-09T04:34:14+00:00,UNALLOCATED,,,,,
SLCMP1765-0197,197,197,583509757,2^583509757-1,STRUCTURAL_SCREEN_EXHAUSTED_PRIMALITY_UNASSIGNED,GF3A_DIRECTIONAL_WRITE_EXHAUSTED_PRIMALITY_UNASSIGNED,513,512,512,NO_RECORDED_FACTOR_PRP_OR_LL_RESULT_AND_NO_ACTIVE_GIMPS_ASSIGNMENT,2026-08-09T04:34:14+00:00,UNALLOCATED,,,,,
SLCMP1765-0198,198,198,583509799,2^583509799-1,STRUCTURAL_SCREEN_EXHAUSTED_PRIMALITY_UNASSIGNED,GF3A_DIRECTIONAL_WRITE_EXHAUSTED_PRIMALITY_UNASSIGNED,514,512,512,NO_RECORDED_FACTOR_PRP_OR_LL_RESULT_AND_NO_ACTIVE_GIMPS_ASSIGNMENT,2026-08-09T04:34:14+00:00,UNALLOCATED,,,,,
SLCMP1765-0199,199,199,583509821,2^583509821-1,STRUCTURAL_SCREEN_EXHAUSTED_PRIMALITY_UNASSIGNED,GF3A_DIRECTIONAL_WRITE_EXHAUSTED_PRIMALITY_UNASSIGNED,513,512,512,NO_RECORDED_FACTOR_PRP_OR_LL_RESULT_AND_NO_ACTIVE_GIMPS_ASSIGNMENT,2026-08-09T04:34:14+00:00,UNALLOCATED,,,,,
SLCMP1765-0200,200,200,583509833,2^583509833-1,STRUCTURAL_SCREEN_EXHAUSTED_PRIMALITY_UNASSIGNED,GF3A_DIRECTIONAL_WRITE_EXHAUSTED_PRIMALITY_UNASSIGNED,513,512,512,NO_RECORDED_FACTOR_PRP_OR_LL_RESULT_AND_NO_ACTIVE_GIMPS_ASSIGNMENT,2026-08-09T04:34:14+00:00,UNALLOCATED,,,,,
SLCMP1765-0201,201,201,583509919,2^583509919-1,STRUCTURAL_SCREEN_EXHAUSTED_PRIMALITY_UNASSIGNED,GF3A_DIRECTIONAL_WRITE_EXHAUSTED_PRIMALITY_UNASSIGNED,514,512,512,NO_RECORDED_FACTOR_PRP_OR_LL_RESULT_AND_NO_ACTIVE_GIMPS_ASSIGNMENT,2026-08-09T04:34:14+00:00,UNALLOCATED,,,,,
SLCMP1765-0202,202,202,583510063,2^583510063-1,STRUCTURAL_SCREEN_EXHAUSTED_PRIMALITY_UNASSIGNED,GF3A_DIRECTIONAL_WRITE_EXHAUSTED_PRIMALITY_UNASSIGNED,514,512,512,NO_RECORDED_FACTOR_PRP_OR_LL_RESULT_AND_NO_ACTIVE_GIMPS_ASSIGNMENT,2026-08-09T04:34:14+00:00,UNALLOCATED,,,,,
SLCMP1765-0203,203,203,583510093,2^583510093-1,STRUCTURAL_SCREEN_EXHAUSTED_PRIMALITY_UNASSIGNED,GF3A_DIRECTIONAL_WRITE_EXHAUSTED_PRIMALITY_UNASSIGNED,513,512,512,NO_RECORDED_FACTOR_PRP_OR_LL_RESULT_AND_NO_ACTIVE_GIMPS_ASSIGNMENT,2026-08-09T04:34:14+00:00,UNALLOCATED,,,,,
SLCMP1765-0204,204,204,583510307,2^583510307-1,STRUCTURAL_SCREEN_EXHAUSTED_PRIMALITY_UNASSIGNED,GF3A_DIRECTIONAL_WRITE_EXHAUSTED_PRIMALITY_UNASSIGNED,514,512,512,NO_RECORDED_FACTOR_PRP_OR_LL_RESULT_AND_NO_ACTIVE_GIMPS_ASSIGNMENT,2026-08-09T04:34:14+00:00,UNALLOCATED,,,,,
SLCMP1765-0205,205,205,583510321,2^583510321-1,STRUCTURAL_SCREEN_EXHAUSTED_PRIMALITY_UNASSIGNED,GF3A_DIRECTIONAL_WRITE_EXHAUSTED_PRIMALITY_UNASSIGNED,513,512,512,NO_RECORDED_FACTOR_PRP_OR_LL_RESULT_AND_NO_ACTIVE_GIMPS_ASSIGNMENT,2026-08-09T04:34:14+00:00,UNALLOCATED,,,,,
SLCMP1765-0206,206,206,583510399,2^583510399-1,STRUCTURAL_SCREEN_EXHAUSTED_PRIMALITY_UNASSIGNED,GF3A_DIRECTIONAL_WRITE_EXHAUSTED_PRIMALITY_UNASSIGNED,514,512,512,NO_RECORDED_FACTOR_PRP_OR_LL_RESULT_AND_NO_ACTIVE_GIMPS_ASSIGNMENT,2026-08-09T04:34:14+00:00,UNALLOCATED,,,,,
SLCMP1765-0207,207,207,583510423,2^583510423-1,STRUCTURAL_SCREEN_EXHAUSTED_PRIMALITY_UNASSIGNED,GF3A_DIRECTIONAL_WRITE_EXHAUSTED_PRIMALITY_UNASSIGNED,514,512,512,NO_RECORDED_FACTOR_PRP_OR_LL_RESULT_AND_NO_ACTIVE_GIMPS_ASSIGNMENT,2026-08-09T04:34:14+00:00,UNALLOCATED,,,,,
SLCMP1765-0208,208,208,583510453,2^583510453-1,STRUCTURAL_SCREEN_EXHAUSTED_PRIMALITY_UNASSIGNED,GF3A_DIRECTIONAL_WRITE_EXHAUSTED_PRIMALITY_UNASSIGNED,513,512,512,NO_RECORDED_FACTOR_PRP_OR_LL_RESULT_AND_NO_ACTIVE_GIMPS_ASSIGNMENT,2026-08-09T04:34:14+00:00,UNALLOCATED,,,,,
SLCMP1765-0209,209,209,583510481,2^583510481-1,STRUCTURAL_SCREEN_EXHAUSTED_PRIMALITY_UNASSIGNED,GF3A_DIRECTIONAL_WRITE_EXHAUSTED_PRIMALITY_UNASSIGNED,513,512,512,NO_RECORDED_FACTOR_PRP_OR_LL_RESULT_AND_NO_ACTIVE_GIMPS_ASSIGNMENT,2026-08-09T04:34:14+00:00,UNALLOCATED,,,,,
SLCMP1765-0210,210,210,583510547,2^583510547-1,STRUCTURAL_SCREEN_EXHAUSTED_PRIMALITY_UNASSIGNED,GF3A_DIRECTIONAL_WRITE_EXHAUSTED_PRIMALITY_UNASSIGNED,514,512,512,NO_RECORDED_FACTOR_PRP_OR_LL_RESULT_AND_NO_ACTIVE_GIMPS_ASSIGNMENT,2026-08-09T04:34:14+00:00,UNALLOCATED,,,,,
SLCMP1765-0211,211,211,583510561,2^583510561-1,STRUCTURAL_SCREEN_EXHAUSTED_PRIMALITY_UNASSIGNED,GF3A_DIRECTIONAL_WRITE_EXHAUSTED_PRIMALITY_UNASSIGNED,513,512,512,NO_RECORDED_FACTOR_PRP_OR_LL_RESULT_AND_NO_ACTIVE_GIMPS_ASSIGNMENT,2026-08-09T04:34:14+00:00,UNALLOCATED,,,,,
SLCMP1765-0212,212,212,583510573,2^583510573-1,STRUCTURAL_SCREEN_EXHAUSTED_PRIMALITY_UNASSIGNED,GF3A_DIRECTIONAL_WRITE_EXHAUSTED_PRIMALITY_UNASSIGNED,513,512,512,NO_RECORDED_FACTOR_PRP_OR_LL_RESULT_AND_NO_ACTIVE_GIMPS_ASSIGNMENT,2026-08-09T04:34:14+00:00,UNALLOCATED,,,,,
SLCMP1765-0213,213,213,583510661,2^583510661-1,STRUCTURAL_SCREEN_EXHAUSTED_PRIMALITY_UNASSIGNED,GF3A_DIRECTIONAL_WRITE_EXHAUSTED_PRIMALITY_UNASSIGNED,513,512,512,NO_RECORDED_FACTOR_PRP_OR_LL_RESULT_AND_NO_ACTIVE_GIMPS_ASSIGNMENT,2026-08-09T04:34:14+00:00,UNALLOCATED,,,,,
SLCMP1765-0214,214,214,583510663,2^583510663-1,STRUCTURAL_SCREEN_EXHAUSTED_PRIMALITY_UNASSIGNED,GF3A_DIRECTIONAL_WRITE_EXHAUSTED_PRIMALITY_UNASSIGNED,514,512,512,NO_RECORDED_FACTOR_PRP_OR_LL_RESULT_AND_NO_ACTIVE_GIMPS_ASSIGNMENT,2026-08-09T04:34:14+00:00,UNALLOCATED,,,,,
SLCMP1765-0215,215,215,583510801,2^583510801-1,STRUCTURAL_SCREEN_EXHAUSTED_PRIMALITY_UNASSIGNED,GF3A_DIRECTIONAL_WRITE_EXHAUSTED_PRIMALITY_UNASSIGNED,513,512,512,NO_RECORDED_FACTOR_PRP_OR_LL_RESULT_AND_NO_ACTIVE_GIMPS_ASSIGNMENT,2026-08-09T04:34:14+00:00,UNALLOCATED,,,,,
SLCMP1765-0216,216,216,583510849,2^583510849-1,STRUCTURAL_SCREEN_EXHAUSTED_PRIMALITY_UNASSIGNED,GF3A_DIRECTIONAL_WRITE_EXHAUSTED_PRIMALITY_UNASSIGNED,513,512,512,NO_RECORDED_FACTOR_PRP_OR_LL_RESULT_AND_NO_ACTIVE_GIMPS_ASSIGNMENT,2026-08-09T04:34:14+00:00,UNALLOCATED,,,,,
SLCMP1765-0217,217,217,583510913,2^583510913-1,STRUCTURAL_SCREEN_EXHAUSTED_PRIMALITY_UNASSIGNED,GF3A_DIRECTIONAL_WRITE_EXHAUSTED_PRIMALITY_UNASSIGNED,513,512,512,NO_RECORDED_FACTOR_PRP_OR_LL_RESULT_AND_NO_ACTIVE_GIMPS_ASSIGNMENT,2026-08-09T04:34:14+00:00,UNALLOCATED,,,,,
SLCMP1765-0218,218,218,583510927,2^583510927-1,STRUCTURAL_SCREEN_EXHAUSTED_PRIMALITY_UNASSIGNED,GF3A_DIRECTIONAL_WRITE_EXHAUSTED_PRIMALITY_UNASSIGNED,514,512,512,NO_RECORDED_FACTOR_PRP_OR_LL_RESULT_AND_NO_ACTIVE_GIMPS_ASSIGNMENT,2026-08-09T04:34:14+00:00,UNALLOCATED,,,,,
SLCMP1765-0219,219,219,583511083,2^583511083-1,STRUCTURAL_SCREEN_EXHAUSTED_PRIMALITY_UNASSIGNED,GF3A_DIRECTIONAL_WRITE_EXHAUSTED_PRIMALITY_UNASSIGNED,514,512,512,NO_RECORDED_FACTOR_PRP_OR_LL_RESULT_AND_NO_ACTIVE_GIMPS_ASSIGNMENT,2026-08-09T04:34:14+00:00,UNALLOCATED,,,,,
SLCMP1765-0220,220,220,583511087,2^583511087-1,STRUCTURAL_SCREEN_EXHAUSTED_PRIMALITY_UNASSIGNED,GF3A_DIRECTIONAL_WRITE_EXHAUSTED_PRIMALITY_UNASSIGNED,514,512,512,NO_RECORDED_FACTOR_PRP_OR_LL_RESULT_AND_NO_ACTIVE_GIMPS_ASSIGNMENT,2026-08-09T04:34:14+00:00,UNALLOCATED,,,,,
SLCMP1765-0221,221,221,583511101,2^583511101-1,STRUCTURAL_SCREEN_EXHAUSTED_PRIMALITY_UNASSIGNED,GF3A_DIRECTIONAL_WRITE_EXHAUSTED_PRIMALITY_UNASSIGNED,513,512,512,NO_RECORDED_FACTOR_PRP_OR_LL_RESULT_AND_NO_ACTIVE_GIMPS_ASSIGNMENT,2026-08-09T04:34:14+00:00,UNALLOCATED,,,,,
SLCMP1765-0222,222,222,583511113,2^583511113-1,STRUCTURAL_SCREEN_EXHAUSTED_PRIMALITY_UNASSIGNED,GF3A_DIRECTIONAL_WRITE_EXHAUSTED_PRIMALITY_UNASSIGNED,513,512,512,NO_RECORDED_FACTOR_PRP_OR_LL_RESULT_AND_NO_ACTIVE_GIMPS_ASSIGNMENT,2026-08-09T04:34:14+00:00,UNALLOCATED,,,,,
SLCMP1765-0223,223,223,583511141,2^583511141-1,STRUCTURAL_SCREEN_EXHAUSTED_PRIMALITY_UNASSIGNED,GF3A_DIRECTIONAL_WRITE_EXHAUSTED_PRIMALITY_UNASSIGNED,513,512,512,NO_RECORDED_FACTOR_PRP_OR_LL_RESULT_AND_NO_ACTIVE_GIMPS_ASSIGNMENT,2026-08-09T04:34:14+00:00,UNALLOCATED,,,,,
SLCMP1765-0224,224,224,583511273,2^583511273-1,STRUCTURAL_SCREEN_EXHAUSTED_PRIMALITY_UNASSIGNED,GF3A_DIRECTIONAL_WRITE_EXHAUSTED_PRIMALITY_UNASSIGNED,513,512,512,NO_RECORDED_FACTOR_PRP_OR_LL_RESULT_AND_NO_ACTIVE_GIMPS_ASSIGNMENT,2026-08-09T04:34:14+00:00,UNALLOCATED,,,,,
SLCMP1765-0225,225,225,583511293,2^583511293-1,STRUCTURAL_SCREEN_EXHAUSTED_PRIMALITY_UNASSIGNED,GF3A_DIRECTIONAL_WRITE_EXHAUSTED_PRIMALITY_UNASSIGNED,513,512,512,NO_RECORDED_FACTOR_PRP_OR_LL_RESULT_AND_NO_ACTIVE_GIMPS_ASSIGNMENT,2026-08-09T04:34:14+00:00,UNALLOCATED,,,,,
SLCMP1765-0226,226,226,583511329,2^583511329-1,STRUCTURAL_SCREEN_EXHAUSTED_PRIMALITY_UNASSIGNED,GF3A_DIRECTIONAL_WRITE_EXHAUSTED_PRIMALITY_UNASSIGNED,513,512,512,NO_RECORDED_FACTOR_PRP_OR_LL_RESULT_AND_NO_ACTIVE_GIMPS_ASSIGNMENT,2026-08-09T04:34:14+00:00,UNALLOCATED,,,,,
SLCMP1765-0227,227,227,583511351,2^583511351-1,STRUCTURAL_SCREEN_EXHAUSTED_PRIMALITY_UNASSIGNED,GF3A_DIRECTIONAL_WRITE_EXHAUSTED_PRIMALITY_UNASSIGNED,514,512,512,NO_RECORDED_FACTOR_PRP_OR_LL_RESULT_AND_NO_ACTIVE_GIMPS_ASSIGNMENT,2026-08-09T04:34:14+00:00,UNALLOCATED,,,,,
SLCMP1765-0228,228,228,583511353,2^583511353-1,STRUCTURAL_SCREEN_EXHAUSTED_PRIMALITY_UNASSIGNED,GF3A_DIRECTIONAL_WRITE_EXHAUSTED_PRIMALITY_UNASSIGNED,513,512,512,NO_RECORDED_FACTOR_PRP_OR_LL_RESULT_AND_NO_ACTIVE_GIMPS_ASSIGNMENT,2026-08-09T04:34:14+00:00,UNALLOCATED,,,,,
SLCMP1765-0229,229,229,583511431,2^583511431-1,STRUCTURAL_SCREEN_EXHAUSTED_PRIMALITY_UNASSIGNED,GF3A_DIRECTIONAL_WRITE_EXHAUSTED_PRIMALITY_UNASSIGNED,514,512,512,NO_RECORDED_FACTOR_PRP_OR_LL_RESULT_AND_NO_ACTIVE_GIMPS_ASSIGNMENT,2026-08-09T04:34:14+00:00,UNALLOCATED,,,,,
SLCMP1765-0230,230,230,583511447,2^583511447-1,STRUCTURAL_SCREEN_EXHAUSTED_PRIMALITY_UNASSIGNED,GF3A_DIRECTIONAL_WRITE_EXHAUSTED_PRIMALITY_UNASSIGNED,514,512,512,NO_RECORDED_FACTOR_PRP_OR_LL_RESULT_AND_NO_ACTIVE_GIMPS_ASSIGNMENT,2026-08-09T04:34:14+00:00,UNALLOCATED,,,,,
SLCMP1765-0231,231,231,583511477,2^583511477-1,STRUCTURAL_SCREEN_EXHAUSTED_PRIMALITY_UNASSIGNED,GF3A_DIRECTIONAL_WRITE_EXHAUSTED_PRIMALITY_UNASSIGNED,513,512,512,NO_RECORDED_FACTOR_PRP_OR_LL_RESULT_AND_NO_ACTIVE_GIMPS_ASSIGNMENT,2026-08-09T04:34:14+00:00,UNALLOCATED,,,,,
SLCMP1765-0232,232,232,583511479,2^583511479-1,STRUCTURAL_SCREEN_EXHAUSTED_PRIMALITY_UNASSIGNED,GF3A_DIRECTIONAL_WRITE_EXHAUSTED_PRIMALITY_UNASSIGNED,514,512,512,NO_RECORDED_FACTOR_PRP_OR_LL_RESULT_AND_NO_ACTIVE_GIMPS_ASSIGNMENT,2026-08-09T04:34:14+00:00,UNALLOCATED,,,,,
SLCMP1765-0233,233,233,583511491,2^583511491-1,STRUCTURAL_SCREEN_EXHAUSTED_PRIMALITY_UNASSIGNED,GF3A_DIRECTIONAL_WRITE_EXHAUSTED_PRIMALITY_UNASSIGNED,514,512,512,NO_RECORDED_FACTOR_PRP_OR_LL_RESULT_AND_NO_ACTIVE_GIMPS_ASSIGNMENT,2026-08-09T04:34:14+00:00,UNALLOCATED,,,,,
SLCMP1765-0234,234,234,583511521,2^583511521-1,STRUCTURAL_SCREEN_EXHAUSTED_PRIMALITY_UNASSIGNED,GF3A_DIRECTIONAL_WRITE_EXHAUSTED_PRIMALITY_UNASSIGNED,513,512,512,NO_RECORDED_FACTOR_PRP_OR_LL_RESULT_AND_NO_ACTIVE_GIMPS_ASSIGNMENT,2026-08-09T04:34:14+00:00,UNALLOCATED,,,,,
SLCMP1765-0235,235,235,583511659,2^583511659-1,STRUCTURAL_SCREEN_EXHAUSTED_PRIMALITY_UNASSIGNED,GF3A_DIRECTIONAL_WRITE_EXHAUSTED_PRIMALITY_UNASSIGNED,514,512,512,NO_RECORDED_FACTOR_PRP_OR_LL_RESULT_AND_NO_ACTIVE_GIMPS_ASSIGNMENT,2026-08-09T04:34:14+00:00,UNALLOCATED,,,,,
SLCMP1765-0236,236,236,583511683,2^583511683-1,STRUCTURAL_SCREEN_EXHAUSTED_PRIMALITY_UNASSIGNED,GF3A_DIRECTIONAL_WRITE_EXHAUSTED_PRIMALITY_UNASSIGNED,514,512,512,NO_RECORDED_FACTOR_PRP_OR_LL_RESULT_AND_NO_ACTIVE_GIMPS_ASSIGNMENT,2026-08-09T04:34:14+00:00,UNALLOCATED,,,,,
SLCMP1765-0237,237,237,583511783,2^583511783-1,STRUCTURAL_SCREEN_EXHAUSTED_PRIMALITY_UNASSIGNED,GF3A_DIRECTIONAL_WRITE_EXHAUSTED_PRIMALITY_UNASSIGNED,514,512,512,NO_RECORDED_FACTOR_PRP_OR_LL_RESULT_AND_NO_ACTIVE_GIMPS_ASSIGNMENT,2026-08-09T04:34:14+00:00,UNALLOCATED,,,,,
SLCMP1765-0238,238,238,583511837,2^583511837-1,STRUCTURAL_SCREEN_EXHAUSTED_PRIMALITY_UNASSIGNED,GF3A_DIRECTIONAL_WRITE_EXHAUSTED_PRIMALITY_UNASSIGNED,513,512,512,NO_RECORDED_FACTOR_PRP_OR_LL_RESULT_AND_NO_ACTIVE_GIMPS_ASSIGNMENT,2026-08-09T04:34:14+00:00,UNALLOCATED,,,,,
SLCMP1765-0239,239,239,583511839,2^583511839-1,STRUCTURAL_SCREEN_EXHAUSTED_PRIMALITY_UNASSIGNED,GF3A_DIRECTIONAL_WRITE_EXHAUSTED_PRIMALITY_UNASSIGNED,514,512,512,NO_RECORDED_FACTOR_PRP_OR_LL_RESULT_AND_NO_ACTIVE_GIMPS_ASSIGNMENT,2026-08-09T04:34:14+00:00,UNALLOCATED,,,,,
SLCMP1765-0240,240,240,583511843,2^583511843-1,STRUCTURAL_SCREEN_EXHAUSTED_PRIMALITY_UNASSIGNED,GF3A_DIRECTIONAL_WRITE_EXHAUSTED_PRIMALITY_UNASSIGNED,514,512,512,NO_RECORDED_FACTOR_PRP_OR_LL_RESULT_AND_NO_ACTIVE_GIMPS_ASSIGNMENT,2026-08-09T04:34:14+00:00,UNALLOCATED,,,,,
SLCMP1765-0241,241,241,583511881,2^583511881-1,STRUCTURAL_SCREEN_EXHAUSTED_PRIMALITY_UNASSIGNED,GF3A_DIRECTIONAL_WRITE_EXHAUSTED_PRIMALITY_UNASSIGNED,513,512,512,NO_RECORDED_FACTOR_PRP_OR_LL_RESULT_AND_NO_ACTIVE_GIMPS_ASSIGNMENT,2026-08-09T04:34:14+00:00,UNALLOCATED,,,,,
SLCMP1765-0242,242,242,583511953,2^583511953-1,STRUCTURAL_SCREEN_EXHAUSTED_PRIMALITY_UNASSIGNED,GF3A_DIRECTIONAL_WRITE_EXHAUSTED_PRIMALITY_UNASSIGNED,513,512,512,NO_RECORDED_FACTOR_PRP_OR_LL_RESULT_AND_NO_ACTIVE_GIMPS_ASSIGNMENT,2026-08-09T04:34:14+00:00,UNALLOCATED,,,,,
SLCMP1765-0243,243,243,583511993,2^583511993-1,STRUCTURAL_SCREEN_EXHAUSTED_PRIMALITY_UNASSIGNED,GF3A_DIRECTIONAL_WRITE_EXHAUSTED_PRIMALITY_UNASSIGNED,513,512,512,NO_RECORDED_FACTOR_PRP_OR_LL_RESULT_AND_NO_ACTIVE_GIMPS_ASSIGNMENT,2026-08-09T04:34:14+00:00,UNALLOCATED,,,,,
SLCMP1765-0244,244,244,583512119,2^583512119-1,STRUCTURAL_SCREEN_EXHAUSTED_PRIMALITY_UNASSIGNED,GF3A_DIRECTIONAL_WRITE_EXHAUSTED_PRIMALITY_UNASSIGNED,514,512,512,NO_RECORDED_FACTOR_PRP_OR_LL_RESULT_AND_NO_ACTIVE_GIMPS_ASSIGNMENT,2026-08-09T04:34:14+00:00,UNALLOCATED,,,,,
SLCMP1765-0245,245,245,583512187,2^583512187-1,STRUCTURAL_SCREEN_EXHAUSTED_PRIMALITY_UNASSIGNED,GF3A_DIRECTIONAL_WRITE_EXHAUSTED_PRIMALITY_UNASSIGNED,514,512,512,NO_RECORDED_FACTOR_PRP_OR_LL_RESULT_AND_NO_ACTIVE_GIMPS_ASSIGNMENT,2026-08-09T04:34:14+00:00,UNALLOCATED,,,,,
SLCMP1765-0246,246,246,583512197,2^583512197-1,STRUCTURAL_SCREEN_EXHAUSTED_PRIMALITY_UNASSIGNED,GF3A_DIRECTIONAL_WRITE_EXHAUSTED_PRIMALITY_UNASSIGNED,513,512,512,NO_RECORDED_FACTOR_PRP_OR_LL_RESULT_AND_NO_ACTIVE_GIMPS_ASSIGNMENT,2026-08-09T04:34:14+00:00,UNALLOCATED,,,,,
SLCMP1765-0247,247,247,583512217,2^583512217-1,STRUCTURAL_SCREEN_EXHAUSTED_PRIMALITY_UNASSIGNED,GF3A_DIRECTIONAL_WRITE_EXHAUSTED_PRIMALITY_UNASSIGNED,513,512,512,NO_RECORDED_FACTOR_PRP_OR_LL_RESULT_AND_NO_ACTIVE_GIMPS_ASSIGNMENT,2026-08-09T04:34:14+00:00,UNALLOCATED,,,,,
SLCMP1765-0248,248,248,583512229,2^583512229-1,STRUCTURAL_SCREEN_EXHAUSTED_PRIMALITY_UNASSIGNED,GF3A_DIRECTIONAL_WRITE_EXHAUSTED_PRIMALITY_UNASSIGNED,513,512,512,NO_RECORDED_FACTOR_PRP_OR_LL_RESULT_AND_NO_ACTIVE_GIMPS_ASSIGNMENT,2026-08-09T04:34:14+00:00,UNALLOCATED,,,,,
SLCMP1765-0249,249,249,583512247,2^583512247-1,STRUCTURAL_SCREEN_EXHAUSTED_PRIMALITY_UNASSIGNED,GF3A_DIRECTIONAL_WRITE_EXHAUSTED_PRIMALITY_UNASSIGNED,514,512,512,NO_RECORDED_FACTOR_PRP_OR_LL_RESULT_AND_NO_ACTIVE_GIMPS_ASSIGNMENT,2026-08-09T04:34:14+00:00,UNALLOCATED,,,,,
SLCMP1765-0250,250,250,583512329,2^583512329-1,STRUCTURAL_SCREEN_EXHAUSTED_PRIMALITY_UNASSIGNED,GF3A_DIRECTIONAL_WRITE_EXHAUSTED_PRIMALITY_UNASSIGNED,513,512,512,NO_RECORDED_FACTOR_PRP_OR_LL_RESULT_AND_NO_ACTIVE_GIMPS_ASSIGNMENT,2026-08-09T04:34:14+00:00,UNALLOCATED,,,,,
SLCMP1765-0251,251,251,583512331,2^583512331-1,STRUCTURAL_SCREEN_EXHAUSTED_PRIMALITY_UNASSIGNED,GF3A_DIRECTIONAL_WRITE_EXHAUSTED_PRIMALITY_UNASSIGNED,514,512,512,NO_RECORDED_FACTOR_PRP_OR_LL_RESULT_AND_NO_ACTIVE_GIMPS_ASSIGNMENT,2026-08-09T04:34:14+00:00,UNALLOCATED,,,,,
SLCMP1765-0252,252,252,583512337,2^583512337-1,STRUCTURAL_SCREEN_EXHAUSTED_PRIMALITY_UNASSIGNED,GF3A_DIRECTIONAL_WRITE_EXHAUSTED_PRIMALITY_UNASSIGNED,513,512,512,NO_RECORDED_FACTOR_PRP_OR_LL_RESULT_AND_NO_ACTIVE_GIMPS_ASSIGNMENT,2026-08-09T04:34:14+00:00,UNALLOCATED,,,,,
SLCMP1765-0253,253,253,583512463,2^583512463-1,STRUCTURAL_SCREEN_EXHAUSTED_PRIMALITY_UNASSIGNED,GF3A_DIRECTIONAL_WRITE_EXHAUSTED_PRIMALITY_UNASSIGNED,514,512,512,NO_RECORDED_FACTOR_PRP_OR_LL_RESULT_AND_NO_ACTIVE_GIMPS_ASSIGNMENT,2026-08-09T04:34:14+00:00,UNALLOCATED,,,,,
SLCMP1765-0254,254,254,583512469,2^583512469-1,STRUCTURAL_SCREEN_EXHAUSTED_PRIMALITY_UNASSIGNED,GF3A_DIRECTIONAL_WRITE_EXHAUSTED_PRIMALITY_UNASSIGNED,513,512,512,NO_RECORDED_FACTOR_PRP_OR_LL_RESULT_AND_NO_ACTIVE_GIMPS_ASSIGNMENT,2026-08-09T04:34:14+00:00,UNALLOCATED,,,,,
SLCMP1765-0255,255,255,583512499,2^583512499-1,STRUCTURAL_SCREEN_EXHAUSTED_PRIMALITY_UNASSIGNED,GF3A_DIRECTIONAL_WRITE_EXHAUSTED_PRIMALITY_UNASSIGNED,514,512,512,NO_RECORDED_FACTOR_PRP_OR_LL_RESULT_AND_NO_ACTIVE_GIMPS_ASSIGNMENT,2026-08-09T04:34:14+00:00,UNALLOCATED,,,,,
SLCMP1765-0256,256,256,583512511,2^583512511-1,STRUCTURAL_SCREEN_EXHAUSTED_PRIMALITY_UNASSIGNED,GF3A_DIRECTIONAL_WRITE_EXHAUSTED_PRIMALITY_UNASSIGNED,514,512,512,NO_RECORDED_FACTOR_PRP_OR_LL_RESULT_AND_NO_ACTIVE_GIMPS_ASSIGNMENT,2026-08-09T04:34:14+00:00,UNALLOCATED,,,,,
SLCMP1765-0257,257,257,583512647,2^583512647-1,STRUCTURAL_SCREEN_EXHAUSTED_PRIMALITY_UNASSIGNED,GF3A_DIRECTIONAL_WRITE_EXHAUSTED_PRIMALITY_UNASSIGNED,514,512,512,NO_RECORDED_FACTOR_PRP_OR_LL_RESULT_AND_NO_ACTIVE_GIMPS_ASSIGNMENT,2026-08-09T04:34:14+00:00,UNALLOCATED,,,,,
SLCMP1765-0258,258,258,583512649,2^583512649-1,STRUCTURAL_SCREEN_EXHAUSTED_PRIMALITY_UNASSIGNED,GF3A_DIRECTIONAL_WRITE_EXHAUSTED_PRIMALITY_UNASSIGNED,513,512,512,NO_RECORDED_FACTOR_PRP_OR_LL_RESULT_AND_NO_ACTIVE_GIMPS_ASSIGNMENT,2026-08-09T04:34:14+00:00,UNALLOCATED,,,,,
SLCMP1765-0259,259,259,583512673,2^583512673-1,STRUCTURAL_SCREEN_EXHAUSTED_PRIMALITY_UNASSIGNED,GF3A_DIRECTIONAL_WRITE_EXHAUSTED_PRIMALITY_UNASSIGNED,513,512,512,NO_RECORDED_FACTOR_PRP_OR_LL_RESULT_AND_NO_ACTIVE_GIMPS_ASSIGNMENT,2026-08-09T04:34:14+00:00,UNALLOCATED,,,,,
SLCMP1765-0260,260,260,583512749,2^583512749-1,STRUCTURAL_SCREEN_EXHAUSTED_PRIMALITY_UNASSIGNED,GF3A_DIRECTIONAL_WRITE_EXHAUSTED_PRIMALITY_UNASSIGNED,513,512,512,NO_RECORDED_FACTOR_PRP_OR_LL_RESULT_AND_NO_ACTIVE_GIMPS_ASSIGNMENT,2026-08-09T04:34:14+00:00,UNALLOCATED,,,,,
SLCMP1765-0261,261,261,583512847,2^583512847-1,STRUCTURAL_SCREEN_EXHAUSTED_PRIMALITY_UNASSIGNED,GF3A_DIRECTIONAL_WRITE_EXHAUSTED_PRIMALITY_UNASSIGNED,514,512,512,NO_RECORDED_FACTOR_PRP_OR_LL_RESULT_AND_NO_ACTIVE_GIMPS_ASSIGNMENT,2026-08-09T04:34:14+00:00,UNALLOCATED,,,,,
SLCMP1765-0262,262,262,583512893,2^583512893-1,STRUCTURAL_SCREEN_EXHAUSTED_PRIMALITY_UNASSIGNED,GF3A_DIRECTIONAL_WRITE_EXHAUSTED_PRIMALITY_UNASSIGNED,513,512,512,NO_RECORDED_FACTOR_PRP_OR_LL_RESULT_AND_NO_ACTIVE_GIMPS_ASSIGNMENT,2026-08-09T04:34:14+00:00,UNALLOCATED,,,,,
SLCMP1765-0263,263,263,583512959,2^583512959-1,STRUCTURAL_SCREEN_EXHAUSTED_PRIMALITY_UNASSIGNED,GF3A_DIRECTIONAL_WRITE_EXHAUSTED_PRIMALITY_UNASSIGNED,514,512,512,NO_RECORDED_FACTOR_PRP_OR_LL_RESULT_AND_NO_ACTIVE_GIMPS_ASSIGNMENT,2026-08-09T04:34:14+00:00,UNALLOCATED,,,,,
SLCMP1765-0264,264,264,583513033,2^583513033-1,STRUCTURAL_SCREEN_EXHAUSTED_PRIMALITY_UNASSIGNED,GF3A_DIRECTIONAL_WRITE_EXHAUSTED_PRIMALITY_UNASSIGNED,513,512,512,NO_RECORDED_FACTOR_PRP_OR_LL_RESULT_AND_NO_ACTIVE_GIMPS_ASSIGNMENT,2026-08-09T04:34:14+00:00,UNALLOCATED,,,,,
SLCMP1765-0265,265,265,583513043,2^583513043-1,STRUCTURAL_SCREEN_EXHAUSTED_PRIMALITY_UNASSIGNED,GF3A_DIRECTIONAL_WRITE_EXHAUSTED_PRIMALITY_UNASSIGNED,514,512,512,NO_RECORDED_FACTOR_PRP_OR_LL_RESULT_AND_NO_ACTIVE_GIMPS_ASSIGNMENT,2026-08-09T04:34:14+00:00,UNALLOCATED,,,,,
SLCMP1765-0266,266,266,583513111,2^583513111-1,STRUCTURAL_SCREEN_EXHAUSTED_PRIMALITY_UNASSIGNED,GF3A_DIRECTIONAL_WRITE_EXHAUSTED_PRIMALITY_UNASSIGNED,514,512,512,NO_RECORDED_FACTOR_PRP_OR_LL_RESULT_AND_NO_ACTIVE_GIMPS_ASSIGNMENT,2026-08-09T04:34:14+00:00,UNALLOCATED,,,,,
SLCMP1765-0267,267,267,583513171,2^583513171-1,STRUCTURAL_SCREEN_EXHAUSTED_PRIMALITY_UNASSIGNED,GF3A_DIRECTIONAL_WRITE_EXHAUSTED_PRIMALITY_UNASSIGNED,514,512,512,NO_RECORDED_FACTOR_PRP_OR_LL_RESULT_AND_NO_ACTIVE_GIMPS_ASSIGNMENT,2026-08-09T04:34:14+00:00,UNALLOCATED,,,,,
SLCMP1765-0268,268,268,583513201,2^583513201-1,STRUCTURAL_SCREEN_EXHAUSTED_PRIMALITY_UNASSIGNED,GF3A_DIRECTIONAL_WRITE_EXHAUSTED_PRIMALITY_UNASSIGNED,513,512,512,NO_RECORDED_FACTOR_PRP_OR_LL_RESULT_AND_NO_ACTIVE_GIMPS_ASSIGNMENT,2026-08-09T04:34:14+00:00,UNALLOCATED,,,,,
SLCMP1765-0269,269,269,583513247,2^583513247-1,STRUCTURAL_SCREEN_EXHAUSTED_PRIMALITY_UNASSIGNED,GF3A_DIRECTIONAL_WRITE_EXHAUSTED_PRIMALITY_UNASSIGNED,514,512,512,NO_RECORDED_FACTOR_PRP_OR_LL_RESULT_AND_NO_ACTIVE_GIMPS_ASSIGNMENT,2026-08-09T04:34:14+00:00,UNALLOCATED,,,,,
SLCMP1765-0270,270,270,583513417,2^583513417-1,STRUCTURAL_SCREEN_EXHAUSTED_PRIMALITY_UNASSIGNED,GF3A_DIRECTIONAL_WRITE_EXHAUSTED_PRIMALITY_UNASSIGNED,513,512,512,NO_RECORDED_FACTOR_PRP_OR_LL_RESULT_AND_NO_ACTIVE_GIMPS_ASSIGNMENT,2026-08-09T04:34:14+00:00,UNALLOCATED,,,,,
SLCMP1765-0271,271,271,583513453,2^583513453-1,STRUCTURAL_SCREEN_EXHAUSTED_PRIMALITY_UNASSIGNED,GF3A_DIRECTIONAL_WRITE_EXHAUSTED_PRIMALITY_UNASSIGNED,513,512,512,NO_RECORDED_FACTOR_PRP_OR_LL_RESULT_AND_NO_ACTIVE_GIMPS_ASSIGNMENT,2026-08-09T04:34:14+00:00,UNALLOCATED,,,,,
SLCMP1765-0272,272,272,583513471,2^583513471-1,STRUCTURAL_SCREEN_EXHAUSTED_PRIMALITY_UNASSIGNED,GF3A_DIRECTIONAL_WRITE_EXHAUSTED_PRIMALITY_UNASSIGNED,514,512,512,NO_RECORDED_FACTOR_PRP_OR_LL_RESULT_AND_NO_ACTIVE_GIMPS_ASSIGNMENT,2026-08-09T04:34:14+00:00,UNALLOCATED,,,,,
SLCMP1765-0273,273,273,583513477,2^583513477-1,STRUCTURAL_SCREEN_EXHAUSTED_PRIMALITY_UNASSIGNED,GF3A_DIRECTIONAL_WRITE_EXHAUSTED_PRIMALITY_UNASSIGNED,513,512,512,NO_RECORDED_FACTOR_PRP_OR_LL_RESULT_AND_NO_ACTIVE_GIMPS_ASSIGNMENT,2026-08-09T04:34:14+00:00,UNALLOCATED,,,,,
SLCMP1765-0274,274,274,583513547,2^583513547-1,STRUCTURAL_SCREEN_EXHAUSTED_PRIMALITY_UNASSIGNED,GF3A_DIRECTIONAL_WRITE_EXHAUSTED_PRIMALITY_UNASSIGNED,514,512,512,NO_RECORDED_FACTOR_PRP_OR_LL_RESULT_AND_NO_ACTIVE_GIMPS_ASSIGNMENT,2026-08-09T04:34:14+00:00,UNALLOCATED,,,,,
SLCMP1765-0275,275,275,583513549,2^583513549-1,STRUCTURAL_SCREEN_EXHAUSTED_PRIMALITY_UNASSIGNED,GF3A_DIRECTIONAL_WRITE_EXHAUSTED_PRIMALITY_UNASSIGNED,513,512,512,NO_RECORDED_FACTOR_PRP_OR_LL_RESULT_AND_NO_ACTIVE_GIMPS_ASSIGNMENT,2026-08-09T04:34:14+00:00,UNALLOCATED,,,,,
SLCMP1765-0276,276,276,583513607,2^583513607-1,STRUCTURAL_SCREEN_EXHAUSTED_PRIMALITY_UNASSIGNED,GF3A_DIRECTIONAL_WRITE_EXHAUSTED_PRIMALITY_UNASSIGNED,514,512,512,NO_RECORDED_FACTOR_PRP_OR_LL_RESULT_AND_NO_ACTIVE_GIMPS_ASSIGNMENT,2026-08-09T04:34:14+00:00,UNALLOCATED,,,,,
SLCMP1765-0277,277,277,583513631,2^583513631-1,STRUCTURAL_SCREEN_EXHAUSTED_PRIMALITY_UNASSIGNED,GF3A_DIRECTIONAL_WRITE_EXHAUSTED_PRIMALITY_UNASSIGNED,514,512,512,NO_RECORDED_FACTOR_PRP_OR_LL_RESULT_AND_NO_ACTIVE_GIMPS_ASSIGNMENT,2026-08-09T04:34:14+00:00,UNALLOCATED,,,,,
SLCMP1765-0278,278,278,583513639,2^583513639-1,STRUCTURAL_SCREEN_EXHAUSTED_PRIMALITY_UNASSIGNED,GF3A_DIRECTIONAL_WRITE_EXHAUSTED_PRIMALITY_UNASSIGNED,514,512,512,NO_RECORDED_FACTOR_PRP_OR_LL_RESULT_AND_NO_ACTIVE_GIMPS_ASSIGNMENT,2026-08-09T04:34:14+00:00,UNALLOCATED,,,,,
SLCMP1765-0279,279,279,583513751,2^583513751-1,STRUCTURAL_SCREEN_EXHAUSTED_PRIMALITY_UNASSIGNED,GF3A_DIRECTIONAL_WRITE_EXHAUSTED_PRIMALITY_UNASSIGNED,514,512,512,NO_RECORDED_FACTOR_PRP_OR_LL_RESULT_AND_NO_ACTIVE_GIMPS_ASSIGNMENT,2026-08-09T04:34:14+00:00,UNALLOCATED,,,,,
SLCMP1765-0280,280,280,583513873,2^583513873-1,STRUCTURAL_SCREEN_EXHAUSTED_PRIMALITY_UNASSIGNED,GF3A_DIRECTIONAL_WRITE_EXHAUSTED_PRIMALITY_UNASSIGNED,513,512,512,NO_RECORDED_FACTOR_PRP_OR_LL_RESULT_AND_NO_ACTIVE_GIMPS_ASSIGNMENT,2026-08-09T04:34:14+00:00,UNALLOCATED,,,,,
SLCMP1765-0281,281,281,583514011,2^583514011-1,STRUCTURAL_SCREEN_EXHAUSTED_PRIMALITY_UNASSIGNED,GF3A_DIRECTIONAL_WRITE_EXHAUSTED_PRIMALITY_UNASSIGNED,514,512,512,NO_RECORDED_FACTOR_PRP_OR_LL_RESULT_AND_NO_ACTIVE_GIMPS_ASSIGNMENT,2026-08-09T04:34:14+00:00,UNALLOCATED,,,,,
SLCMP1765-0282,282,282,583514081,2^583514081-1,STRUCTURAL_SCREEN_EXHAUSTED_PRIMALITY_UNASSIGNED,GF3A_DIRECTIONAL_WRITE_EXHAUSTED_PRIMALITY_UNASSIGNED,513,512,512,NO_RECORDED_FACTOR_PRP_OR_LL_RESULT_AND_NO_ACTIVE_GIMPS_ASSIGNMENT,2026-08-09T04:34:14+00:00,UNALLOCATED,,,,,
SLCMP1765-0283,283,283,583514093,2^583514093-1,STRUCTURAL_SCREEN_EXHAUSTED_PRIMALITY_UNASSIGNED,GF3A_DIRECTIONAL_WRITE_EXHAUSTED_PRIMALITY_UNASSIGNED,513,512,512,NO_RECORDED_FACTOR_PRP_OR_LL_RESULT_AND_NO_ACTIVE_GIMPS_ASSIGNMENT,2026-08-09T04:34:14+00:00,UNALLOCATED,,,,,
SLCMP1765-0284,284,284,583514221,2^583514221-1,STRUCTURAL_SCREEN_EXHAUSTED_PRIMALITY_UNASSIGNED,GF3A_DIRECTIONAL_WRITE_EXHAUSTED_PRIMALITY_UNASSIGNED,513,512,512,NO_RECORDED_FACTOR_PRP_OR_LL_RESULT_AND_NO_ACTIVE_GIMPS_ASSIGNMENT,2026-08-09T04:34:14+00:00,UNALLOCATED,,,,,
SLCMP1765-0285,285,285,583514299,2^583514299-1,STRUCTURAL_SCREEN_EXHAUSTED_PRIMALITY_UNASSIGNED,GF3A_DIRECTIONAL_WRITE_EXHAUSTED_PRIMALITY_UNASSIGNED,514,512,512,NO_RECORDED_FACTOR_PRP_OR_LL_RESULT_AND_NO_ACTIVE_GIMPS_ASSIGNMENT,2026-08-09T04:34:14+00:00,UNALLOCATED,,,,,
SLCMP1765-0286,286,286,583514311,2^583514311-1,STRUCTURAL_SCREEN_EXHAUSTED_PRIMALITY_UNASSIGNED,GF3A_DIRECTIONAL_WRITE_EXHAUSTED_PRIMALITY_UNASSIGNED,514,512,512,NO_RECORDED_FACTOR_PRP_OR_LL_RESULT_AND_NO_ACTIVE_GIMPS_ASSIGNMENT,2026-08-09T04:34:14+00:00,UNALLOCATED,,,,,
SLCMP1765-0287,287,287,583514401,2^583514401-1,STRUCTURAL_SCREEN_EXHAUSTED_PRIMALITY_UNASSIGNED,GF3A_DIRECTIONAL_WRITE_EXHAUSTED_PRIMALITY_UNASSIGNED,513,512,512,NO_RECORDED_FACTOR_PRP_OR_LL_RESULT_AND_NO_ACTIVE_GIMPS_ASSIGNMENT,2026-08-09T04:34:14+00:00,UNALLOCATED,,,,,
SLCMP1765-0288,288,288,583514431,2^583514431-1,STRUCTURAL_SCREEN_EXHAUSTED_PRIMALITY_UNASSIGNED,GF3A_DIRECTIONAL_WRITE_EXHAUSTED_PRIMALITY_UNASSIGNED,514,512,512,NO_RECORDED_FACTOR_PRP_OR_LL_RESULT_AND_NO_ACTIVE_GIMPS_ASSIGNMENT,2026-08-09T04:34:14+00:00,UNALLOCATED,,,,,
SLCMP1765-0289,289,289,583514441,2^583514441-1,STRUCTURAL_SCREEN_EXHAUSTED_PRIMALITY_UNASSIGNED,GF3A_DIRECTIONAL_WRITE_EXHAUSTED_PRIMALITY_UNASSIGNED,513,512,512,NO_RECORDED_FACTOR_PRP_OR_LL_RESULT_AND_NO_ACTIVE_GIMPS_ASSIGNMENT,2026-08-09T04:34:14+00:00,UNALLOCATED,,,,,
SLCMP1765-0290,290,290,583514513,2^583514513-1,STRUCTURAL_SCREEN_EXHAUSTED_PRIMALITY_UNASSIGNED,GF3A_DIRECTIONAL_WRITE_EXHAUSTED_PRIMALITY_UNASSIGNED,513,512,512,NO_RECORDED_FACTOR_PRP_OR_LL_RESULT_AND_NO_ACTIVE_GIMPS_ASSIGNMENT,2026-08-09T04:34:14+00:00,UNALLOCATED,,,,,
SLCMP1765-0291,291,291,583514573,2^583514573-1,STRUCTURAL_SCREEN_EXHAUSTED_PRIMALITY_UNASSIGNED,GF3A_DIRECTIONAL_WRITE_EXHAUSTED_PRIMALITY_UNASSIGNED,513,512,512,NO_RECORDED_FACTOR_PRP_OR_LL_RESULT_AND_NO_ACTIVE_GIMPS_ASSIGNMENT,2026-08-09T04:34:14+00:00,UNALLOCATED,,,,,
SLCMP1765-0292,292,292,583514693,2^583514693-1,STRUCTURAL_SCREEN_EXHAUSTED_PRIMALITY_UNASSIGNED,GF3A_DIRECTIONAL_WRITE_EXHAUSTED_PRIMALITY_UNASSIGNED,513,512,512,NO_RECORDED_FACTOR_PRP_OR_LL_RESULT_AND_NO_ACTIVE_GIMPS_ASSIGNMENT,2026-08-09T04:34:14+00:00,UNALLOCATED,,,,,
SLCMP1765-0293,293,293,583514717,2^583514717-1,STRUCTURAL_SCREEN_EXHAUSTED_PRIMALITY_UNASSIGNED,GF3A_DIRECTIONAL_WRITE_EXHAUSTED_PRIMALITY_UNASSIGNED,513,512,512,NO_RECORDED_FACTOR_PRP_OR_LL_RESULT_AND_NO_ACTIVE_GIMPS_ASSIGNMENT,2026-08-09T04:34:14+00:00,UNALLOCATED,,,,,
SLCMP1765-0294,294,294,583514791,2^583514791-1,STRUCTURAL_SCREEN_EXHAUSTED_PRIMALITY_UNASSIGNED,GF3A_DIRECTIONAL_WRITE_EXHAUSTED_PRIMALITY_UNASSIGNED,514,512,512,NO_RECORDED_FACTOR_PRP_OR_LL_RESULT_AND_NO_ACTIVE_GIMPS_ASSIGNMENT,2026-08-09T04:34:14+00:00,UNALLOCATED,,,,,
SLCMP1765-0295,295,295,583514873,2^583514873-1,STRUCTURAL_SCREEN_EXHAUSTED_PRIMALITY_UNASSIGNED,GF3A_DIRECTIONAL_WRITE_EXHAUSTED_PRIMALITY_UNASSIGNED,513,512,512,NO_RECORDED_FACTOR_PRP_OR_LL_RESULT_AND_NO_ACTIVE_GIMPS_ASSIGNMENT,2026-08-09T04:34:14+00:00,UNALLOCATED,,,,,
SLCMP1765-0296,296,296,583514963,2^583514963-1,STRUCTURAL_SCREEN_EXHAUSTED_PRIMALITY_UNASSIGNED,GF3A_DIRECTIONAL_WRITE_EXHAUSTED_PRIMALITY_UNASSIGNED,514,512,512,NO_RECORDED_FACTOR_PRP_OR_LL_RESULT_AND_NO_ACTIVE_GIMPS_ASSIGNMENT,2026-08-09T04:34:14+00:00,UNALLOCATED,,,,,
SLCMP1765-0297,297,297,583514999,2^583514999-1,STRUCTURAL_SCREEN_EXHAUSTED_PRIMALITY_UNASSIGNED,GF3A_DIRECTIONAL_WRITE_EXHAUSTED_PRIMALITY_UNASSIGNED,514,512,512,NO_RECORDED_FACTOR_PRP_OR_LL_RESULT_AND_NO_ACTIVE_GIMPS_ASSIGNMENT,2026-08-09T04:34:14+00:00,UNALLOCATED,,,,,
SLCMP1765-0298,298,298,583515047,2^583515047-1,STRUCTURAL_SCREEN_EXHAUSTED_PRIMALITY_UNASSIGNED,GF3A_DIRECTIONAL_WRITE_EXHAUSTED_PRIMALITY_UNASSIGNED,514,512,512,NO_RECORDED_FACTOR_PRP_OR_LL_RESULT_AND_NO_ACTIVE_GIMPS_ASSIGNMENT,2026-08-09T04:34:14+00:00,UNALLOCATED,,,,,
SLCMP1765-0299,299,299,583515059,2^583515059-1,STRUCTURAL_SCREEN_EXHAUSTED_PRIMALITY_UNASSIGNED,GF3A_DIRECTIONAL_WRITE_EXHAUSTED_PRIMALITY_UNASSIGNED,514,512,512,NO_RECORDED_FACTOR_PRP_OR_LL_RESULT_AND_NO_ACTIVE_GIMPS_ASSIGNMENT,2026-08-09T04:34:14+00:00,UNALLOCATED,,,,,
SLCMP1765-0300,300,300,583515091,2^583515091-1,STRUCTURAL_SCREEN_EXHAUSTED_PRIMALITY_UNASSIGNED,GF3A_DIRECTIONAL_WRITE_EXHAUSTED_PRIMALITY_UNASSIGNED,514,512,512,NO_RECORDED_FACTOR_PRP_OR_LL_RESULT_AND_NO_ACTIVE_GIMPS_ASSIGNMENT,2026-08-09T04:34:14+00:00,UNALLOCATED,,,,,
SLCMP1765-0301,301,301,583515161,2^583515161-1,STRUCTURAL_SCREEN_EXHAUSTED_PRIMALITY_UNASSIGNED,GF3A_DIRECTIONAL_WRITE_EXHAUSTED_PRIMALITY_UNASSIGNED,513,512,512,NO_RECORDED_FACTOR_PRP_OR_LL_RESULT_AND_NO_ACTIVE_GIMPS_ASSIGNMENT,2026-08-09T04:34:14+00:00,UNALLOCATED,,,,,
SLCMP1765-0302,302,302,583515167,2^583515167-1,STRUCTURAL_SCREEN_EXHAUSTED_PRIMALITY_UNASSIGNED,GF3A_DIRECTIONAL_WRITE_EXHAUSTED_PRIMALITY_UNASSIGNED,514,512,512,NO_RECORDED_FACTOR_PRP_OR_LL_RESULT_AND_NO_ACTIVE_GIMPS_ASSIGNMENT,2026-08-09T04:34:14+00:00,UNALLOCATED,,,,,
SLCMP1765-0303,303,303,583515169,2^583515169-1,STRUCTURAL_SCREEN_EXHAUSTED_PRIMALITY_UNASSIGNED,GF3A_DIRECTIONAL_WRITE_EXHAUSTED_PRIMALITY_UNASSIGNED,513,512,512,NO_RECORDED_FACTOR_PRP_OR_LL_RESULT_AND_NO_ACTIVE_GIMPS_ASSIGNMENT,2026-08-09T04:34:14+00:00,UNALLOCATED,,,,,
SLCMP1765-0304,304,304,583515193,2^583515193-1,STRUCTURAL_SCREEN_EXHAUSTED_PRIMALITY_UNASSIGNED,GF3A_DIRECTIONAL_WRITE_EXHAUSTED_PRIMALITY_UNASSIGNED,513,512,512,NO_RECORDED_FACTOR_PRP_OR_LL_RESULT_AND_NO_ACTIVE_GIMPS_ASSIGNMENT,2026-08-09T04:34:14+00:00,UNALLOCATED,,,,,
SLCMP1765-0305,305,305,583515223,2^583515223-1,STRUCTURAL_SCREEN_EXHAUSTED_PRIMALITY_UNASSIGNED,GF3A_DIRECTIONAL_WRITE_EXHAUSTED_PRIMALITY_UNASSIGNED,514,512,512,NO_RECORDED_FACTOR_PRP_OR_LL_RESULT_AND_NO_ACTIVE_GIMPS_ASSIGNMENT,2026-08-09T04:34:14+00:00,UNALLOCATED,,,,,
SLCMP1765-0306,306,306,583515287,2^583515287-1,STRUCTURAL_SCREEN_EXHAUSTED_PRIMALITY_UNASSIGNED,GF3A_DIRECTIONAL_WRITE_EXHAUSTED_PRIMALITY_UNASSIGNED,514,512,512,NO_RECORDED_FACTOR_PRP_OR_LL_RESULT_AND_NO_ACTIVE_GIMPS_ASSIGNMENT,2026-08-09T04:34:14+00:00,UNALLOCATED,,,,,
SLCMP1765-0307,307,307,583515341,2^583515341-1,STRUCTURAL_SCREEN_EXHAUSTED_PRIMALITY_UNASSIGNED,GF3A_DIRECTIONAL_WRITE_EXHAUSTED_PRIMALITY_UNASSIGNED,513,512,512,NO_RECORDED_FACTOR_PRP_OR_LL_RESULT_AND_NO_ACTIVE_GIMPS_ASSIGNMENT,2026-08-09T04:34:14+00:00,UNALLOCATED,,,,,
SLCMP1765-0308,308,308,583515347,2^583515347-1,STRUCTURAL_SCREEN_EXHAUSTED_PRIMALITY_UNASSIGNED,GF3A_DIRECTIONAL_WRITE_EXHAUSTED_PRIMALITY_UNASSIGNED,514,512,512,NO_RECORDED_FACTOR_PRP_OR_LL_RESULT_AND_NO_ACTIVE_GIMPS_ASSIGNMENT,2026-08-09T04:34:14+00:00,UNALLOCATED,,,,,
SLCMP1765-0309,309,309,583515391,2^583515391-1,STRUCTURAL_SCREEN_EXHAUSTED_PRIMALITY_UNASSIGNED,GF3A_DIRECTIONAL_WRITE_EXHAUSTED_PRIMALITY_UNASSIGNED,514,512,512,NO_RECORDED_FACTOR_PRP_OR_LL_RESULT_AND_NO_ACTIVE_GIMPS_ASSIGNMENT,2026-08-09T04:34:14+00:00,UNALLOCATED,,,,,
SLCMP1765-0310,310,310,583515407,2^583515407-1,STRUCTURAL_SCREEN_EXHAUSTED_PRIMALITY_UNASSIGNED,GF3A_DIRECTIONAL_WRITE_EXHAUSTED_PRIMALITY_UNASSIGNED,514,512,512,NO_RECORDED_FACTOR_PRP_OR_LL_RESULT_AND_NO_ACTIVE_GIMPS_ASSIGNMENT,2026-08-09T04:34:14+00:00,UNALLOCATED,,,,,
SLCMP1765-0311,311,311,583515473,2^583515473-1,STRUCTURAL_SCREEN_EXHAUSTED_PRIMALITY_UNASSIGNED,GF3A_DIRECTIONAL_WRITE_EXHAUSTED_PRIMALITY_UNASSIGNED,513,512,512,NO_RECORDED_FACTOR_PRP_OR_LL_RESULT_AND_NO_ACTIVE_GIMPS_ASSIGNMENT,2026-08-09T04:34:14+00:00,UNALLOCATED,,,,,
SLCMP1765-0312,312,312,583515503,2^583515503-1,STRUCTURAL_SCREEN_EXHAUSTED_PRIMALITY_UNASSIGNED,GF3A_DIRECTIONAL_WRITE_EXHAUSTED_PRIMALITY_UNASSIGNED,514,512,512,NO_RECORDED_FACTOR_PRP_OR_LL_RESULT_AND_NO_ACTIVE_GIMPS_ASSIGNMENT,2026-08-09T04:34:14+00:00,UNALLOCATED,,,,,
SLCMP1765-0313,313,313,583515533,2^583515533-1,STRUCTURAL_SCREEN_EXHAUSTED_PRIMALITY_UNASSIGNED,GF3A_DIRECTIONAL_WRITE_EXHAUSTED_PRIMALITY_UNASSIGNED,513,512,512,NO_RECORDED_FACTOR_PRP_OR_LL_RESULT_AND_NO_ACTIVE_GIMPS_ASSIGNMENT,2026-08-09T04:34:14+00:00,UNALLOCATED,,,,,
SLCMP1765-0314,314,314,583515629,2^583515629-1,STRUCTURAL_SCREEN_EXHAUSTED_PRIMALITY_UNASSIGNED,GF3A_DIRECTIONAL_WRITE_EXHAUSTED_PRIMALITY_UNASSIGNED,513,512,512,NO_RECORDED_FACTOR_PRP_OR_LL_RESULT_AND_NO_ACTIVE_GIMPS_ASSIGNMENT,2026-08-09T04:34:14+00:00,UNALLOCATED,,,,,
SLCMP1765-0315,315,315,583515643,2^583515643-1,STRUCTURAL_SCREEN_EXHAUSTED_PRIMALITY_UNASSIGNED,GF3A_DIRECTIONAL_WRITE_EXHAUSTED_PRIMALITY_UNASSIGNED,514,512,512,NO_RECORDED_FACTOR_PRP_OR_LL_RESULT_AND_NO_ACTIVE_GIMPS_ASSIGNMENT,2026-08-09T04:34:14+00:00,UNALLOCATED,,,,,
SLCMP1765-0316,316,316,583515677,2^583515677-1,STRUCTURAL_SCREEN_EXHAUSTED_PRIMALITY_UNASSIGNED,GF3A_DIRECTIONAL_WRITE_EXHAUSTED_PRIMALITY_UNASSIGNED,513,512,512,NO_RECORDED_FACTOR_PRP_OR_LL_RESULT_AND_NO_ACTIVE_GIMPS_ASSIGNMENT,2026-08-09T04:34:14+00:00,UNALLOCATED,,,,,
SLCMP1765-0317,317,317,583515739,2^583515739-1,STRUCTURAL_SCREEN_EXHAUSTED_PRIMALITY_UNASSIGNED,GF3A_DIRECTIONAL_WRITE_EXHAUSTED_PRIMALITY_UNASSIGNED,514,512,512,NO_RECORDED_FACTOR_PRP_OR_LL_RESULT_AND_NO_ACTIVE_GIMPS_ASSIGNMENT,2026-08-09T04:34:14+00:00,UNALLOCATED,,,,,
SLCMP1765-0318,318,318,583515781,2^583515781-1,STRUCTURAL_SCREEN_EXHAUSTED_PRIMALITY_UNASSIGNED,GF3A_DIRECTIONAL_WRITE_EXHAUSTED_PRIMALITY_UNASSIGNED,513,512,512,NO_RECORDED_FACTOR_PRP_OR_LL_RESULT_AND_NO_ACTIVE_GIMPS_ASSIGNMENT,2026-08-09T04:34:14+00:00,UNALLOCATED,,,,,
SLCMP1765-0319,319,319,583515923,2^583515923-1,STRUCTURAL_SCREEN_EXHAUSTED_PRIMALITY_UNASSIGNED,GF3A_DIRECTIONAL_WRITE_EXHAUSTED_PRIMALITY_UNASSIGNED,514,512,512,NO_RECORDED_FACTOR_PRP_OR_LL_RESULT_AND_NO_ACTIVE_GIMPS_ASSIGNMENT,2026-08-09T04:34:14+00:00,UNALLOCATED,,,,,
SLCMP1765-0320,320,320,583515929,2^583515929-1,STRUCTURAL_SCREEN_EXHAUSTED_PRIMALITY_UNASSIGNED,GF3A_DIRECTIONAL_WRITE_EXHAUSTED_PRIMALITY_UNASSIGNED,513,512,512,NO_RECORDED_FACTOR_PRP_OR_LL_RESULT_AND_NO_ACTIVE_GIMPS_ASSIGNMENT,2026-08-09T04:34:14+00:00,UNALLOCATED,,,,,
SLCMP1765-0321,321,321,583515991,2^583515991-1,STRUCTURAL_SCREEN_EXHAUSTED_PRIMALITY_UNASSIGNED,GF3A_DIRECTIONAL_WRITE_EXHAUSTED_PRIMALITY_UNASSIGNED,514,512,512,NO_RECORDED_FACTOR_PRP_OR_LL_RESULT_AND_NO_ACTIVE_GIMPS_ASSIGNMENT,2026-08-09T04:34:14+00:00,UNALLOCATED,,,,,
SLCMP1765-0322,322,322,583516001,2^583516001-1,STRUCTURAL_SCREEN_EXHAUSTED_PRIMALITY_UNASSIGNED,GF3A_DIRECTIONAL_WRITE_EXHAUSTED_PRIMALITY_UNASSIGNED,513,512,512,NO_RECORDED_FACTOR_PRP_OR_LL_RESULT_AND_NO_ACTIVE_GIMPS_ASSIGNMENT,2026-08-09T04:34:14+00:00,UNALLOCATED,,,,,
SLCMP1765-0323,323,323,583516009,2^583516009-1,STRUCTURAL_SCREEN_EXHAUSTED_PRIMALITY_UNASSIGNED,GF3A_DIRECTIONAL_WRITE_EXHAUSTED_PRIMALITY_UNASSIGNED,513,512,512,NO_RECORDED_FACTOR_PRP_OR_LL_RESULT_AND_NO_ACTIVE_GIMPS_ASSIGNMENT,2026-08-09T04:34:14+00:00,UNALLOCATED,,,,,
SLCMP1765-0324,324,324,583516111,2^583516111-1,STRUCTURAL_SCREEN_EXHAUSTED_PRIMALITY_UNASSIGNED,GF3A_DIRECTIONAL_WRITE_EXHAUSTED_PRIMALITY_UNASSIGNED,514,512,512,NO_RECORDED_FACTOR_PRP_OR_LL_RESULT_AND_NO_ACTIVE_GIMPS_ASSIGNMENT,2026-08-09T04:34:14+00:00,UNALLOCATED,,,,,
SLCMP1765-0325,325,325,583516237,2^583516237-1,STRUCTURAL_SCREEN_EXHAUSTED_PRIMALITY_UNASSIGNED,GF3A_DIRECTIONAL_WRITE_EXHAUSTED_PRIMALITY_UNASSIGNED,513,512,512,NO_RECORDED_FACTOR_PRP_OR_LL_RESULT_AND_NO_ACTIVE_GIMPS_ASSIGNMENT,2026-08-09T04:34:14+00:00,UNALLOCATED,,,,,
SLCMP1765-0326,326,326,583516303,2^583516303-1,STRUCTURAL_SCREEN_EXHAUSTED_PRIMALITY_UNASSIGNED,GF3A_DIRECTIONAL_WRITE_EXHAUSTED_PRIMALITY_UNASSIGNED,514,512,512,NO_RECORDED_FACTOR_PRP_OR_LL_RESULT_AND_NO_ACTIVE_GIMPS_ASSIGNMENT,2026-08-09T04:34:14+00:00,UNALLOCATED,,,,,
SLCMP1765-0327,327,327,583516369,2^583516369-1,STRUCTURAL_SCREEN_EXHAUSTED_PRIMALITY_UNASSIGNED,GF3A_DIRECTIONAL_WRITE_EXHAUSTED_PRIMALITY_UNASSIGNED,513,512,512,NO_RECORDED_FACTOR_PRP_OR_LL_RESULT_AND_NO_ACTIVE_GIMPS_ASSIGNMENT,2026-08-09T04:34:14+00:00,UNALLOCATED,,,,,
SLCMP1765-0328,328,328,583516447,2^583516447-1,STRUCTURAL_SCREEN_EXHAUSTED_PRIMALITY_UNASSIGNED,GF3A_DIRECTIONAL_WRITE_EXHAUSTED_PRIMALITY_UNASSIGNED,514,512,512,NO_RECORDED_FACTOR_PRP_OR_LL_RESULT_AND_NO_ACTIVE_GIMPS_ASSIGNMENT,2026-08-09T04:34:14+00:00,UNALLOCATED,,,,,
SLCMP1765-0329,329,329,583516459,2^583516459-1,STRUCTURAL_SCREEN_EXHAUSTED_PRIMALITY_UNASSIGNED,GF3A_DIRECTIONAL_WRITE_EXHAUSTED_PRIMALITY_UNASSIGNED,514,512,512,NO_RECORDED_FACTOR_PRP_OR_LL_RESULT_AND_NO_ACTIVE_GIMPS_ASSIGNMENT,2026-08-09T04:34:14+00:00,UNALLOCATED,,,,,
SLCMP1765-0330,330,330,583516471,2^583516471-1,STRUCTURAL_SCREEN_EXHAUSTED_PRIMALITY_UNASSIGNED,GF3A_DIRECTIONAL_WRITE_EXHAUSTED_PRIMALITY_UNASSIGNED,514,512,512,NO_RECORDED_FACTOR_PRP_OR_LL_RESULT_AND_NO_ACTIVE_GIMPS_ASSIGNMENT,2026-08-09T04:34:14+00:00,UNALLOCATED,,,,,
SLCMP1765-0331,331,331,583516513,2^583516513-1,STRUCTURAL_SCREEN_EXHAUSTED_PRIMALITY_UNASSIGNED,GF3A_DIRECTIONAL_WRITE_EXHAUSTED_PRIMALITY_UNASSIGNED,513,512,512,NO_RECORDED_FACTOR_PRP_OR_LL_RESULT_AND_NO_ACTIVE_GIMPS_ASSIGNMENT,2026-08-09T04:34:14+00:00,UNALLOCATED,,,,,
SLCMP1765-0332,332,332,583516559,2^583516559-1,STRUCTURAL_SCREEN_EXHAUSTED_PRIMALITY_UNASSIGNED,GF3A_DIRECTIONAL_WRITE_EXHAUSTED_PRIMALITY_UNASSIGNED,514,512,512,NO_RECORDED_FACTOR_PRP_OR_LL_RESULT_AND_NO_ACTIVE_GIMPS_ASSIGNMENT,2026-08-09T04:34:14+00:00,UNALLOCATED,,,,,
SLCMP1765-0333,333,333,583516573,2^583516573-1,STRUCTURAL_SCREEN_EXHAUSTED_PRIMALITY_UNASSIGNED,GF3A_DIRECTIONAL_WRITE_EXHAUSTED_PRIMALITY_UNASSIGNED,513,512,512,NO_RECORDED_FACTOR_PRP_OR_LL_RESULT_AND_NO_ACTIVE_GIMPS_ASSIGNMENT,2026-08-09T04:34:14+00:00,UNALLOCATED,,,,,
SLCMP1765-0334,334,334,583516639,2^583516639-1,STRUCTURAL_SCREEN_EXHAUSTED_PRIMALITY_UNASSIGNED,GF3A_DIRECTIONAL_WRITE_EXHAUSTED_PRIMALITY_UNASSIGNED,514,512,512,NO_RECORDED_FACTOR_PRP_OR_LL_RESULT_AND_NO_ACTIVE_GIMPS_ASSIGNMENT,2026-08-09T04:34:14+00:00,UNALLOCATED,,,,,
SLCMP1765-0335,335,335,583516711,2^583516711-1,STRUCTURAL_SCREEN_EXHAUSTED_PRIMALITY_UNASSIGNED,GF3A_DIRECTIONAL_WRITE_EXHAUSTED_PRIMALITY_UNASSIGNED,514,512,512,NO_RECORDED_FACTOR_PRP_OR_LL_RESULT_AND_NO_ACTIVE_GIMPS_ASSIGNMENT,2026-08-09T04:34:14+00:00,UNALLOCATED,,,,,
SLCMP1765-0336,336,336,583516793,2^583516793-1,STRUCTURAL_SCREEN_EXHAUSTED_PRIMALITY_UNASSIGNED,GF3A_DIRECTIONAL_WRITE_EXHAUSTED_PRIMALITY_UNASSIGNED,513,512,512,NO_RECORDED_FACTOR_PRP_OR_LL_RESULT_AND_NO_ACTIVE_GIMPS_ASSIGNMENT,2026-08-09T04:34:14+00:00,UNALLOCATED,,,,,
SLCMP1765-0337,337,337,583516861,2^583516861-1,STRUCTURAL_SCREEN_EXHAUSTED_PRIMALITY_UNASSIGNED,GF3A_DIRECTIONAL_WRITE_EXHAUSTED_PRIMALITY_UNASSIGNED,513,512,512,NO_RECORDED_FACTOR_PRP_OR_LL_RESULT_AND_NO_ACTIVE_GIMPS_ASSIGNMENT,2026-08-09T04:34:14+00:00,UNALLOCATED,,,,,
SLCMP1765-0338,338,338,583516873,2^583516873-1,STRUCTURAL_SCREEN_EXHAUSTED_PRIMALITY_UNASSIGNED,GF3A_DIRECTIONAL_WRITE_EXHAUSTED_PRIMALITY_UNASSIGNED,513,512,512,NO_RECORDED_FACTOR_PRP_OR_LL_RESULT_AND_NO_ACTIVE_GIMPS_ASSIGNMENT,2026-08-09T04:34:14+00:00,UNALLOCATED,,,,,
SLCMP1765-0339,339,339,583516907,2^583516907-1,STRUCTURAL_SCREEN_EXHAUSTED_PRIMALITY_UNASSIGNED,GF3A_DIRECTIONAL_WRITE_EXHAUSTED_PRIMALITY_UNASSIGNED,514,512,512,NO_RECORDED_FACTOR_PRP_OR_LL_RESULT_AND_NO_ACTIVE_GIMPS_ASSIGNMENT,2026-08-09T04:34:14+00:00,UNALLOCATED,,,,,
SLCMP1765-0340,340,340,583517029,2^583517029-1,STRUCTURAL_SCREEN_EXHAUSTED_PRIMALITY_UNASSIGNED,GF3A_DIRECTIONAL_WRITE_EXHAUSTED_PRIMALITY_UNASSIGNED,513,512,512,NO_RECORDED_FACTOR_PRP_OR_LL_RESULT_AND_NO_ACTIVE_GIMPS_ASSIGNMENT,2026-08-09T04:34:14+00:00,UNALLOCATED,,,,,
SLCMP1765-0341,341,341,583517057,2^583517057-1,STRUCTURAL_SCREEN_EXHAUSTED_PRIMALITY_UNASSIGNED,GF3A_DIRECTIONAL_WRITE_EXHAUSTED_PRIMALITY_UNASSIGNED,513,512,512,NO_RECORDED_FACTOR_PRP_OR_LL_RESULT_AND_NO_ACTIVE_GIMPS_ASSIGNMENT,2026-08-09T04:34:14+00:00,UNALLOCATED,,,,,
SLCMP1765-0342,342,342,583517071,2^583517071-1,STRUCTURAL_SCREEN_EXHAUSTED_PRIMALITY_UNASSIGNED,GF3A_DIRECTIONAL_WRITE_EXHAUSTED_PRIMALITY_UNASSIGNED,514,512,512,NO_RECORDED_FACTOR_PRP_OR_LL_RESULT_AND_NO_ACTIVE_GIMPS_ASSIGNMENT,2026-08-09T04:34:14+00:00,UNALLOCATED,,,,,
SLCMP1765-0343,343,343,583517087,2^583517087-1,STRUCTURAL_SCREEN_EXHAUSTED_PRIMALITY_UNASSIGNED,GF3A_DIRECTIONAL_WRITE_EXHAUSTED_PRIMALITY_UNASSIGNED,514,512,512,NO_RECORDED_FACTOR_PRP_OR_LL_RESULT_AND_NO_ACTIVE_GIMPS_ASSIGNMENT,2026-08-09T04:34:14+00:00,UNALLOCATED,,,,,
SLCMP1765-0344,344,344,583517093,2^583517093-1,STRUCTURAL_SCREEN_EXHAUSTED_PRIMALITY_UNASSIGNED,GF3A_DIRECTIONAL_WRITE_EXHAUSTED_PRIMALITY_UNASSIGNED,513,512,512,NO_RECORDED_FACTOR_PRP_OR_LL_RESULT_AND_NO_ACTIVE_GIMPS_ASSIGNMENT,2026-08-09T04:34:14+00:00,UNALLOCATED,,,,,
SLCMP1765-0345,345,345,583517167,2^583517167-1,STRUCTURAL_SCREEN_EXHAUSTED_PRIMALITY_UNASSIGNED,GF3A_DIRECTIONAL_WRITE_EXHAUSTED_PRIMALITY_UNASSIGNED,514,512,512,NO_RECORDED_FACTOR_PRP_OR_LL_RESULT_AND_NO_ACTIVE_GIMPS_ASSIGNMENT,2026-08-09T04:34:14+00:00,UNALLOCATED,,,,,
SLCMP1765-0346,346,346,583517191,2^583517191-1,STRUCTURAL_SCREEN_EXHAUSTED_PRIMALITY_UNASSIGNED,GF3A_DIRECTIONAL_WRITE_EXHAUSTED_PRIMALITY_UNASSIGNED,514,512,512,NO_RECORDED_FACTOR_PRP_OR_LL_RESULT_AND_NO_ACTIVE_GIMPS_ASSIGNMENT,2026-08-09T04:34:14+00:00,UNALLOCATED,,,,,
SLCMP1765-0347,347,347,583517213,2^583517213-1,STRUCTURAL_SCREEN_EXHAUSTED_PRIMALITY_UNASSIGNED,GF3A_DIRECTIONAL_WRITE_EXHAUSTED_PRIMALITY_UNASSIGNED,513,512,512,NO_RECORDED_FACTOR_PRP_OR_LL_RESULT_AND_NO_ACTIVE_GIMPS_ASSIGNMENT,2026-08-09T04:34:14+00:00,UNALLOCATED,,,,,
SLCMP1765-0348,348,348,583517273,2^583517273-1,STRUCTURAL_SCREEN_EXHAUSTED_PRIMALITY_UNASSIGNED,GF3A_DIRECTIONAL_WRITE_EXHAUSTED_PRIMALITY_UNASSIGNED,513,512,512,NO_RECORDED_FACTOR_PRP_OR_LL_RESULT_AND_NO_ACTIVE_GIMPS_ASSIGNMENT,2026-08-09T04:34:14+00:00,UNALLOCATED,,,,,
SLCMP1765-0349,349,349,583517281,2^583517281-1,STRUCTURAL_SCREEN_EXHAUSTED_PRIMALITY_UNASSIGNED,GF3A_DIRECTIONAL_WRITE_EXHAUSTED_PRIMALITY_UNASSIGNED,513,512,512,NO_RECORDED_FACTOR_PRP_OR_LL_RESULT_AND_NO_ACTIVE_GIMPS_ASSIGNMENT,2026-08-09T04:34:14+00:00,UNALLOCATED,,,,,
SLCMP1765-0350,350,350,583517327,2^583517327-1,STRUCTURAL_SCREEN_EXHAUSTED_PRIMALITY_UNASSIGNED,GF3A_DIRECTIONAL_WRITE_EXHAUSTED_PRIMALITY_UNASSIGNED,514,512,512,NO_RECORDED_FACTOR_PRP_OR_LL_RESULT_AND_NO_ACTIVE_GIMPS_ASSIGNMENT,2026-08-09T04:34:14+00:00,UNALLOCATED,,,,,
SLCMP1765-0351,351,351,583517489,2^583517489-1,STRUCTURAL_SCREEN_EXHAUSTED_PRIMALITY_UNASSIGNED,GF3A_DIRECTIONAL_WRITE_EXHAUSTED_PRIMALITY_UNASSIGNED,513,512,512,NO_RECORDED_FACTOR_PRP_OR_LL_RESULT_AND_NO_ACTIVE_GIMPS_ASSIGNMENT,2026-08-09T04:34:14+00:00,UNALLOCATED,,,,,
SLCMP1765-0352,352,352,583517573,2^583517573-1,STRUCTURAL_SCREEN_EXHAUSTED_PRIMALITY_UNASSIGNED,GF3A_DIRECTIONAL_WRITE_EXHAUSTED_PRIMALITY_UNASSIGNED,513,512,512,NO_RECORDED_FACTOR_PRP_OR_LL_RESULT_AND_NO_ACTIVE_GIMPS_ASSIGNMENT,2026-08-09T04:34:14+00:00,UNALLOCATED,,,,,
SLCMP1765-0353,353,353,583517581,2^583517581-1,STRUCTURAL_SCREEN_EXHAUSTED_PRIMALITY_UNASSIGNED,GF3A_DIRECTIONAL_WRITE_EXHAUSTED_PRIMALITY_UNASSIGNED,513,512,512,NO_RECORDED_FACTOR_PRP_OR_LL_RESULT_AND_NO_ACTIVE_GIMPS_ASSIGNMENT,2026-08-09T04:34:14+00:00,UNALLOCATED,,,,,
SLCMP1765-0354,354,354,583517609,2^583517609-1,STRUCTURAL_SCREEN_EXHAUSTED_PRIMALITY_UNASSIGNED,GF3A_DIRECTIONAL_WRITE_EXHAUSTED_PRIMALITY_UNASSIGNED,513,512,512,NO_RECORDED_FACTOR_PRP_OR_LL_RESULT_AND_NO_ACTIVE_GIMPS_ASSIGNMENT,2026-08-09T04:34:14+00:00,UNALLOCATED,,,,,
SLCMP1765-0355,355,355,583517791,2^583517791-1,STRUCTURAL_SCREEN_EXHAUSTED_PRIMALITY_UNASSIGNED,GF3A_DIRECTIONAL_WRITE_EXHAUSTED_PRIMALITY_UNASSIGNED,514,512,512,NO_RECORDED_FACTOR_PRP_OR_LL_RESULT_AND_NO_ACTIVE_GIMPS_ASSIGNMENT,2026-08-09T04:34:14+00:00,UNALLOCATED,,,,,
SLCMP1765-0356,356,356,583517827,2^583517827-1,STRUCTURAL_SCREEN_EXHAUSTED_PRIMALITY_UNASSIGNED,GF3A_DIRECTIONAL_WRITE_EXHAUSTED_PRIMALITY_UNASSIGNED,514,512,512,NO_RECORDED_FACTOR_PRP_OR_LL_RESULT_AND_NO_ACTIVE_GIMPS_ASSIGNMENT,2026-08-09T04:34:14+00:00,UNALLOCATED,,,,,
SLCMP1765-0357,357,357,583517833,2^583517833-1,STRUCTURAL_SCREEN_EXHAUSTED_PRIMALITY_UNASSIGNED,GF3A_DIRECTIONAL_WRITE_EXHAUSTED_PRIMALITY_UNASSIGNED,513,512,512,NO_RECORDED_FACTOR_PRP_OR_LL_RESULT_AND_NO_ACTIVE_GIMPS_ASSIGNMENT,2026-08-09T04:34:14+00:00,UNALLOCATED,,,,,
SLCMP1765-0358,358,358,583517917,2^583517917-1,STRUCTURAL_SCREEN_EXHAUSTED_PRIMALITY_UNASSIGNED,GF3A_DIRECTIONAL_WRITE_EXHAUSTED_PRIMALITY_UNASSIGNED,513,512,512,NO_RECORDED_FACTOR_PRP_OR_LL_RESULT_AND_NO_ACTIVE_GIMPS_ASSIGNMENT,2026-08-09T04:34:14+00:00,UNALLOCATED,,,,,
SLCMP1765-0359,359,359,583517959,2^583517959-1,STRUCTURAL_SCREEN_EXHAUSTED_PRIMALITY_UNASSIGNED,GF3A_DIRECTIONAL_WRITE_EXHAUSTED_PRIMALITY_UNASSIGNED,514,512,512,NO_RECORDED_FACTOR_PRP_OR_LL_RESULT_AND_NO_ACTIVE_GIMPS_ASSIGNMENT,2026-08-09T04:34:14+00:00,UNALLOCATED,,,,,
SLCMP1765-0360,360,360,583518011,2^583518011-1,STRUCTURAL_SCREEN_EXHAUSTED_PRIMALITY_UNASSIGNED,GF3A_DIRECTIONAL_WRITE_EXHAUSTED_PRIMALITY_UNASSIGNED,514,512,512,NO_RECORDED_FACTOR_PRP_OR_LL_RESULT_AND_NO_ACTIVE_GIMPS_ASSIGNMENT,2026-08-09T04:34:14+00:00,UNALLOCATED,,,,,
SLCMP1765-0361,361,361,583518059,2^583518059-1,STRUCTURAL_SCREEN_EXHAUSTED_PRIMALITY_UNASSIGNED,GF3A_DIRECTIONAL_WRITE_EXHAUSTED_PRIMALITY_UNASSIGNED,514,512,512,NO_RECORDED_FACTOR_PRP_OR_LL_RESULT_AND_NO_ACTIVE_GIMPS_ASSIGNMENT,2026-08-09T04:34:14+00:00,UNALLOCATED,,,,,
SLCMP1765-0362,362,362,583518167,2^583518167-1,STRUCTURAL_SCREEN_EXHAUSTED_PRIMALITY_UNASSIGNED,GF3A_DIRECTIONAL_WRITE_EXHAUSTED_PRIMALITY_UNASSIGNED,514,512,512,NO_RECORDED_FACTOR_PRP_OR_LL_RESULT_AND_NO_ACTIVE_GIMPS_ASSIGNMENT,2026-08-09T04:34:14+00:00,UNALLOCATED,,,,,
SLCMP1765-0363,363,363,583518233,2^583518233-1,STRUCTURAL_SCREEN_EXHAUSTED_PRIMALITY_UNASSIGNED,GF3A_DIRECTIONAL_WRITE_EXHAUSTED_PRIMALITY_UNASSIGNED,513,512,512,NO_RECORDED_FACTOR_PRP_OR_LL_RESULT_AND_NO_ACTIVE_GIMPS_ASSIGNMENT,2026-08-09T04:34:14+00:00,UNALLOCATED,,,,,
SLCMP1765-0364,364,364,583518337,2^583518337-1,STRUCTURAL_SCREEN_EXHAUSTED_PRIMALITY_UNASSIGNED,GF3A_DIRECTIONAL_WRITE_EXHAUSTED_PRIMALITY_UNASSIGNED,513,512,512,NO_RECORDED_FACTOR_PRP_OR_LL_RESULT_AND_NO_ACTIVE_GIMPS_ASSIGNMENT,2026-08-09T04:34:14+00:00,UNALLOCATED,,,,,
SLCMP1765-0365,365,365,583518371,2^583518371-1,STRUCTURAL_SCREEN_EXHAUSTED_PRIMALITY_UNASSIGNED,GF3A_DIRECTIONAL_WRITE_EXHAUSTED_PRIMALITY_UNASSIGNED,514,512,512,NO_RECORDED_FACTOR_PRP_OR_LL_RESULT_AND_NO_ACTIVE_GIMPS_ASSIGNMENT,2026-08-09T04:34:14+00:00,UNALLOCATED,,,,,
SLCMP1765-0366,366,366,583518389,2^583518389-1,STRUCTURAL_SCREEN_EXHAUSTED_PRIMALITY_UNASSIGNED,GF3A_DIRECTIONAL_WRITE_EXHAUSTED_PRIMALITY_UNASSIGNED,513,512,512,NO_RECORDED_FACTOR_PRP_OR_LL_RESULT_AND_NO_ACTIVE_GIMPS_ASSIGNMENT,2026-08-09T04:34:14+00:00,UNALLOCATED,,,,,
SLCMP1765-0367,367,367,583518473,2^583518473-1,STRUCTURAL_SCREEN_EXHAUSTED_PRIMALITY_UNASSIGNED,GF3A_DIRECTIONAL_WRITE_EXHAUSTED_PRIMALITY_UNASSIGNED,513,512,512,NO_RECORDED_FACTOR_PRP_OR_LL_RESULT_AND_NO_ACTIVE_GIMPS_ASSIGNMENT,2026-08-09T04:34:14+00:00,UNALLOCATED,,,,,
SLCMP1765-0368,368,368,583518563,2^583518563-1,STRUCTURAL_SCREEN_EXHAUSTED_PRIMALITY_UNASSIGNED,GF3A_DIRECTIONAL_WRITE_EXHAUSTED_PRIMALITY_UNASSIGNED,514,512,512,NO_RECORDED_FACTOR_PRP_OR_LL_RESULT_AND_NO_ACTIVE_GIMPS_ASSIGNMENT,2026-08-09T04:34:14+00:00,UNALLOCATED,,,,,
SLCMP1765-0369,369,369,583518629,2^583518629-1,STRUCTURAL_SCREEN_EXHAUSTED_PRIMALITY_UNASSIGNED,GF3A_DIRECTIONAL_WRITE_EXHAUSTED_PRIMALITY_UNASSIGNED,513,512,512,NO_RECORDED_FACTOR_PRP_OR_LL_RESULT_AND_NO_ACTIVE_GIMPS_ASSIGNMENT,2026-08-09T04:34:14+00:00,UNALLOCATED,,,,,
SLCMP1765-0370,370,370,583518679,2^583518679-1,STRUCTURAL_SCREEN_EXHAUSTED_PRIMALITY_UNASSIGNED,GF3A_DIRECTIONAL_WRITE_EXHAUSTED_PRIMALITY_UNASSIGNED,514,512,512,NO_RECORDED_FACTOR_PRP_OR_LL_RESULT_AND_NO_ACTIVE_GIMPS_ASSIGNMENT,2026-08-09T04:34:14+00:00,UNALLOCATED,,,,,
SLCMP1765-0371,371,371,583518751,2^583518751-1,STRUCTURAL_SCREEN_EXHAUSTED_PRIMALITY_UNASSIGNED,GF3A_DIRECTIONAL_WRITE_EXHAUSTED_PRIMALITY_UNASSIGNED,514,512,512,NO_RECORDED_FACTOR_PRP_OR_LL_RESULT_AND_NO_ACTIVE_GIMPS_ASSIGNMENT,2026-08-09T04:34:14+00:00,UNALLOCATED,,,,,
SLCMP1765-0372,372,372,583518769,2^583518769-1,STRUCTURAL_SCREEN_EXHAUSTED_PRIMALITY_UNASSIGNED,GF3A_DIRECTIONAL_WRITE_EXHAUSTED_PRIMALITY_UNASSIGNED,513,512,512,NO_RECORDED_FACTOR_PRP_OR_LL_RESULT_AND_NO_ACTIVE_GIMPS_ASSIGNMENT,2026-08-09T04:34:14+00:00,UNALLOCATED,,,,,
SLCMP1765-0373,373,373,583518781,2^583518781-1,STRUCTURAL_SCREEN_EXHAUSTED_PRIMALITY_UNASSIGNED,GF3A_DIRECTIONAL_WRITE_EXHAUSTED_PRIMALITY_UNASSIGNED,513,512,512,NO_RECORDED_FACTOR_PRP_OR_LL_RESULT_AND_NO_ACTIVE_GIMPS_ASSIGNMENT,2026-08-09T04:34:14+00:00,UNALLOCATED,,,,,
SLCMP1765-0374,374,374,583518833,2^583518833-1,STRUCTURAL_SCREEN_EXHAUSTED_PRIMALITY_UNASSIGNED,GF3A_DIRECTIONAL_WRITE_EXHAUSTED_PRIMALITY_UNASSIGNED,513,512,512,NO_RECORDED_FACTOR_PRP_OR_LL_RESULT_AND_NO_ACTIVE_GIMPS_ASSIGNMENT,2026-08-09T04:34:14+00:00,UNALLOCATED,,,,,
SLCMP1765-0375,375,375,583518893,2^583518893-1,STRUCTURAL_SCREEN_EXHAUSTED_PRIMALITY_UNASSIGNED,GF3A_DIRECTIONAL_WRITE_EXHAUSTED_PRIMALITY_UNASSIGNED,513,512,512,NO_RECORDED_FACTOR_PRP_OR_LL_RESULT_AND_NO_ACTIVE_GIMPS_ASSIGNMENT,2026-08-09T04:34:14+00:00,UNALLOCATED,,,,,
SLCMP1765-0376,376,376,583518919,2^583518919-1,STRUCTURAL_SCREEN_EXHAUSTED_PRIMALITY_UNASSIGNED,GF3A_DIRECTIONAL_WRITE_EXHAUSTED_PRIMALITY_UNASSIGNED,514,512,512,NO_RECORDED_FACTOR_PRP_OR_LL_RESULT_AND_NO_ACTIVE_GIMPS_ASSIGNMENT,2026-08-09T04:34:14+00:00,UNALLOCATED,,,,,
SLCMP1765-0377,377,377,583519009,2^583519009-1,STRUCTURAL_SCREEN_EXHAUSTED_PRIMALITY_UNASSIGNED,GF3A_DIRECTIONAL_WRITE_EXHAUSTED_PRIMALITY_UNASSIGNED,513,512,512,NO_RECORDED_FACTOR_PRP_OR_LL_RESULT_AND_NO_ACTIVE_GIMPS_ASSIGNMENT,2026-08-09T04:34:14+00:00,UNALLOCATED,,,,,
SLCMP1765-0378,378,378,583519019,2^583519019-1,STRUCTURAL_SCREEN_EXHAUSTED_PRIMALITY_UNASSIGNED,GF3A_DIRECTIONAL_WRITE_EXHAUSTED_PRIMALITY_UNASSIGNED,514,512,512,NO_RECORDED_FACTOR_PRP_OR_LL_RESULT_AND_NO_ACTIVE_GIMPS_ASSIGNMENT,2026-08-09T04:34:14+00:00,UNALLOCATED,,,,,
SLCMP1765-0379,379,379,583519021,2^583519021-1,STRUCTURAL_SCREEN_EXHAUSTED_PRIMALITY_UNASSIGNED,GF3A_DIRECTIONAL_WRITE_EXHAUSTED_PRIMALITY_UNASSIGNED,513,512,512,NO_RECORDED_FACTOR_PRP_OR_LL_RESULT_AND_NO_ACTIVE_GIMPS_ASSIGNMENT,2026-08-09T04:34:14+00:00,UNALLOCATED,,,,,
SLCMP1765-0380,380,380,583519171,2^583519171-1,STRUCTURAL_SCREEN_EXHAUSTED_PRIMALITY_UNASSIGNED,GF3A_DIRECTIONAL_WRITE_EXHAUSTED_PRIMALITY_UNASSIGNED,514,512,512,NO_RECORDED_FACTOR_PRP_OR_LL_RESULT_AND_NO_ACTIVE_GIMPS_ASSIGNMENT,2026-08-09T04:34:14+00:00,UNALLOCATED,,,,,
SLCMP1765-0381,381,381,583519187,2^583519187-1,STRUCTURAL_SCREEN_EXHAUSTED_PRIMALITY_UNASSIGNED,GF3A_DIRECTIONAL_WRITE_EXHAUSTED_PRIMALITY_UNASSIGNED,514,512,512,NO_RECORDED_FACTOR_PRP_OR_LL_RESULT_AND_NO_ACTIVE_GIMPS_ASSIGNMENT,2026-08-09T04:34:14+00:00,UNALLOCATED,,,,,
SLCMP1765-0382,382,382,583519243,2^583519243-1,STRUCTURAL_SCREEN_EXHAUSTED_PRIMALITY_UNASSIGNED,GF3A_DIRECTIONAL_WRITE_EXHAUSTED_PRIMALITY_UNASSIGNED,514,512,512,NO_RECORDED_FACTOR_PRP_OR_LL_RESULT_AND_NO_ACTIVE_GIMPS_ASSIGNMENT,2026-08-09T04:34:14+00:00,UNALLOCATED,,,,,
SLCMP1765-0383,383,383,583519247,2^583519247-1,STRUCTURAL_SCREEN_EXHAUSTED_PRIMALITY_UNASSIGNED,GF3A_DIRECTIONAL_WRITE_EXHAUSTED_PRIMALITY_UNASSIGNED,514,512,512,NO_RECORDED_FACTOR_PRP_OR_LL_RESULT_AND_NO_ACTIVE_GIMPS_ASSIGNMENT,2026-08-09T04:34:14+00:00,UNALLOCATED,,,,,
SLCMP1765-0384,384,384,583519249,2^583519249-1,STRUCTURAL_SCREEN_EXHAUSTED_PRIMALITY_UNASSIGNED,GF3A_DIRECTIONAL_WRITE_EXHAUSTED_PRIMALITY_UNASSIGNED,513,512,512,NO_RECORDED_FACTOR_PRP_OR_LL_RESULT_AND_NO_ACTIVE_GIMPS_ASSIGNMENT,2026-08-09T04:34:14+00:00,UNALLOCATED,,,,,
SLCMP1765-0385,385,385,583519253,2^583519253-1,STRUCTURAL_SCREEN_EXHAUSTED_PRIMALITY_UNASSIGNED,GF3A_DIRECTIONAL_WRITE_EXHAUSTED_PRIMALITY_UNASSIGNED,513,512,512,NO_RECORDED_FACTOR_PRP_OR_LL_RESULT_AND_NO_ACTIVE_GIMPS_ASSIGNMENT,2026-08-09T04:34:14+00:00,UNALLOCATED,,,,,
SLCMP1765-0386,386,386,583519283,2^583519283-1,STRUCTURAL_SCREEN_EXHAUSTED_PRIMALITY_UNASSIGNED,GF3A_DIRECTIONAL_WRITE_EXHAUSTED_PRIMALITY_UNASSIGNED,514,512,512,NO_RECORDED_FACTOR_PRP_OR_LL_RESULT_AND_NO_ACTIVE_GIMPS_ASSIGNMENT,2026-08-09T04:34:14+00:00,UNALLOCATED,,,,,
SLCMP1765-0387,387,387,583519297,2^583519297-1,STRUCTURAL_SCREEN_EXHAUSTED_PRIMALITY_UNASSIGNED,GF3A_DIRECTIONAL_WRITE_EXHAUSTED_PRIMALITY_UNASSIGNED,513,512,512,NO_RECORDED_FACTOR_PRP_OR_LL_RESULT_AND_NO_ACTIVE_GIMPS_ASSIGNMENT,2026-08-09T04:34:14+00:00,UNALLOCATED,,,,,
SLCMP1765-0388,388,388,583519303,2^583519303-1,STRUCTURAL_SCREEN_EXHAUSTED_PRIMALITY_UNASSIGNED,GF3A_DIRECTIONAL_WRITE_EXHAUSTED_PRIMALITY_UNASSIGNED,514,512,512,NO_RECORDED_FACTOR_PRP_OR_LL_RESULT_AND_NO_ACTIVE_GIMPS_ASSIGNMENT,2026-08-09T04:34:14+00:00,UNALLOCATED,,,,,
SLCMP1765-0389,389,389,583519423,2^583519423-1,STRUCTURAL_SCREEN_EXHAUSTED_PRIMALITY_UNASSIGNED,GF3A_DIRECTIONAL_WRITE_EXHAUSTED_PRIMALITY_UNASSIGNED,514,512,512,NO_RECORDED_FACTOR_PRP_OR_LL_RESULT_AND_NO_ACTIVE_GIMPS_ASSIGNMENT,2026-08-09T04:34:14+00:00,UNALLOCATED,,,,,
SLCMP1765-0390,390,390,583519439,2^583519439-1,STRUCTURAL_SCREEN_EXHAUSTED_PRIMALITY_UNASSIGNED,GF3A_DIRECTIONAL_WRITE_EXHAUSTED_PRIMALITY_UNASSIGNED,514,512,512,NO_RECORDED_FACTOR_PRP_OR_LL_RESULT_AND_NO_ACTIVE_GIMPS_ASSIGNMENT,2026-08-09T04:34:14+00:00,UNALLOCATED,,,,,
SLCMP1765-0391,391,391,583519483,2^583519483-1,STRUCTURAL_SCREEN_EXHAUSTED_PRIMALITY_UNASSIGNED,GF3A_DIRECTIONAL_WRITE_EXHAUSTED_PRIMALITY_UNASSIGNED,514,512,512,NO_RECORDED_FACTOR_PRP_OR_LL_RESULT_AND_NO_ACTIVE_GIMPS_ASSIGNMENT,2026-08-09T04:34:14+00:00,UNALLOCATED,,,,,
SLCMP1765-0392,392,392,583519487,2^583519487-1,STRUCTURAL_SCREEN_EXHAUSTED_PRIMALITY_UNASSIGNED,GF3A_DIRECTIONAL_WRITE_EXHAUSTED_PRIMALITY_UNASSIGNED,514,512,512,NO_RECORDED_FACTOR_PRP_OR_LL_RESULT_AND_NO_ACTIVE_GIMPS_ASSIGNMENT,2026-08-09T04:34:14+00:00,UNALLOCATED,,,,,
SLCMP1765-0393,393,393,583519501,2^583519501-1,STRUCTURAL_SCREEN_EXHAUSTED_PRIMALITY_UNASSIGNED,GF3A_DIRECTIONAL_WRITE_EXHAUSTED_PRIMALITY_UNASSIGNED,513,512,512,NO_RECORDED_FACTOR_PRP_OR_LL_RESULT_AND_NO_ACTIVE_GIMPS_ASSIGNMENT,2026-08-09T04:34:14+00:00,UNALLOCATED,,,,,
SLCMP1765-0394,394,394,583519553,2^583519553-1,STRUCTURAL_SCREEN_EXHAUSTED_PRIMALITY_UNASSIGNED,GF3A_DIRECTIONAL_WRITE_EXHAUSTED_PRIMALITY_UNASSIGNED,513,512,512,NO_RECORDED_FACTOR_PRP_OR_LL_RESULT_AND_NO_ACTIVE_GIMPS_ASSIGNMENT,2026-08-09T04:34:14+00:00,UNALLOCATED,,,,,
SLCMP1765-0395,395,395,583519609,2^583519609-1,STRUCTURAL_SCREEN_EXHAUSTED_PRIMALITY_UNASSIGNED,GF3A_DIRECTIONAL_WRITE_EXHAUSTED_PRIMALITY_UNASSIGNED,513,512,512,NO_RECORDED_FACTOR_PRP_OR_LL_RESULT_AND_NO_ACTIVE_GIMPS_ASSIGNMENT,2026-08-09T04:34:14+00:00,UNALLOCATED,,,,,
SLCMP1765-0396,396,396,583519633,2^583519633-1,STRUCTURAL_SCREEN_EXHAUSTED_PRIMALITY_UNASSIGNED,GF3A_DIRECTIONAL_WRITE_EXHAUSTED_PRIMALITY_UNASSIGNED,513,512,512,NO_RECORDED_FACTOR_PRP_OR_LL_RESULT_AND_NO_ACTIVE_GIMPS_ASSIGNMENT,2026-08-09T04:34:14+00:00,UNALLOCATED,,,,,
SLCMP1765-0397,397,397,583519751,2^583519751-1,STRUCTURAL_SCREEN_EXHAUSTED_PRIMALITY_UNASSIGNED,GF3A_DIRECTIONAL_WRITE_EXHAUSTED_PRIMALITY_UNASSIGNED,514,512,512,NO_RECORDED_FACTOR_PRP_OR_LL_RESULT_AND_NO_ACTIVE_GIMPS_ASSIGNMENT,2026-08-09T04:34:14+00:00,UNALLOCATED,,,,,
SLCMP1765-0398,398,398,583519757,2^583519757-1,STRUCTURAL_SCREEN_EXHAUSTED_PRIMALITY_UNASSIGNED,GF3A_DIRECTIONAL_WRITE_EXHAUSTED_PRIMALITY_UNASSIGNED,513,512,512,NO_RECORDED_FACTOR_PRP_OR_LL_RESULT_AND_NO_ACTIVE_GIMPS_ASSIGNMENT,2026-08-09T04:34:14+00:00,UNALLOCATED,,,,,
SLCMP1765-0399,399,399,583519763,2^583519763-1,STRUCTURAL_SCREEN_EXHAUSTED_PRIMALITY_UNASSIGNED,GF3A_DIRECTIONAL_WRITE_EXHAUSTED_PRIMALITY_UNASSIGNED,514,512,512,NO_RECORDED_FACTOR_PRP_OR_LL_RESULT_AND_NO_ACTIVE_GIMPS_ASSIGNMENT,2026-08-09T04:34:14+00:00,UNALLOCATED,,,,,
SLCMP1765-0400,400,400,583519777,2^583519777-1,STRUCTURAL_SCREEN_EXHAUSTED_PRIMALITY_UNASSIGNED,GF3A_DIRECTIONAL_WRITE_EXHAUSTED_PRIMALITY_UNASSIGNED,513,512,512,NO_RECORDED_FACTOR_PRP_OR_LL_RESULT_AND_NO_ACTIVE_GIMPS_ASSIGNMENT,2026-08-09T04:34:14+00:00,UNALLOCATED,,,,,
SLCMP1765-0401,401,401,583519861,2^583519861-1,STRUCTURAL_SCREEN_EXHAUSTED_PRIMALITY_UNASSIGNED,GF3A_DIRECTIONAL_WRITE_EXHAUSTED_PRIMALITY_UNASSIGNED,513,512,512,NO_RECORDED_FACTOR_PRP_OR_LL_RESULT_AND_NO_ACTIVE_GIMPS_ASSIGNMENT,2026-08-09T04:34:14+00:00,UNALLOCATED,,,,,
SLCMP1765-0402,402,402,583519903,2^583519903-1,STRUCTURAL_SCREEN_EXHAUSTED_PRIMALITY_UNASSIGNED,GF3A_DIRECTIONAL_WRITE_EXHAUSTED_PRIMALITY_UNASSIGNED,514,512,512,NO_RECORDED_FACTOR_PRP_OR_LL_RESULT_AND_NO_ACTIVE_GIMPS_ASSIGNMENT,2026-08-09T04:34:14+00:00,UNALLOCATED,,,,,
SLCMP1765-0403,403,403,583519949,2^583519949-1,STRUCTURAL_SCREEN_EXHAUSTED_PRIMALITY_UNASSIGNED,GF3A_DIRECTIONAL_WRITE_EXHAUSTED_PRIMALITY_UNASSIGNED,513,512,512,NO_RECORDED_FACTOR_PRP_OR_LL_RESULT_AND_NO_ACTIVE_GIMPS_ASSIGNMENT,2026-08-09T04:34:14+00:00,UNALLOCATED,,,,,
SLCMP1765-0404,404,404,583519967,2^583519967-1,STRUCTURAL_SCREEN_EXHAUSTED_PRIMALITY_UNASSIGNED,GF3A_DIRECTIONAL_WRITE_EXHAUSTED_PRIMALITY_UNASSIGNED,514,512,512,NO_RECORDED_FACTOR_PRP_OR_LL_RESULT_AND_NO_ACTIVE_GIMPS_ASSIGNMENT,2026-08-09T04:34:14+00:00,UNALLOCATED,,,,,
SLCMP1765-0405,405,405,583519987,2^583519987-1,STRUCTURAL_SCREEN_EXHAUSTED_PRIMALITY_UNASSIGNED,GF3A_DIRECTIONAL_WRITE_EXHAUSTED_PRIMALITY_UNASSIGNED,514,512,512,NO_RECORDED_FACTOR_PRP_OR_LL_RESULT_AND_NO_ACTIVE_GIMPS_ASSIGNMENT,2026-08-09T04:34:14+00:00,UNALLOCATED,,,,,
SLCMP1765-0406,406,406,583519997,2^583519997-1,STRUCTURAL_SCREEN_EXHAUSTED_PRIMALITY_UNASSIGNED,GF3A_DIRECTIONAL_WRITE_EXHAUSTED_PRIMALITY_UNASSIGNED,513,512,512,NO_RECORDED_FACTOR_PRP_OR_LL_RESULT_AND_NO_ACTIVE_GIMPS_ASSIGNMENT,2026-08-09T04:34:14+00:00,UNALLOCATED,,,,,
SLCMP1765-0407,407,407,583519999,2^583519999-1,STRUCTURAL_SCREEN_EXHAUSTED_PRIMALITY_UNASSIGNED,GF3A_DIRECTIONAL_WRITE_EXHAUSTED_PRIMALITY_UNASSIGNED,514,512,512,NO_RECORDED_FACTOR_PRP_OR_LL_RESULT_AND_NO_ACTIVE_GIMPS_ASSIGNMENT,2026-08-09T04:34:14+00:00,UNALLOCATED,,,,,
SLCMP1765-0408,408,408,583520009,2^583520009-1,STRUCTURAL_SCREEN_EXHAUSTED_PRIMALITY_UNASSIGNED,GF3A_DIRECTIONAL_WRITE_EXHAUSTED_PRIMALITY_UNASSIGNED,513,512,512,NO_RECORDED_FACTOR_PRP_OR_LL_RESULT_AND_NO_ACTIVE_GIMPS_ASSIGNMENT,2026-08-09T04:34:14+00:00,UNALLOCATED,,,,,
SLCMP1765-0409,409,409,583520027,2^583520027-1,STRUCTURAL_SCREEN_EXHAUSTED_PRIMALITY_UNASSIGNED,GF3A_DIRECTIONAL_WRITE_EXHAUSTED_PRIMALITY_UNASSIGNED,514,512,512,NO_RECORDED_FACTOR_PRP_OR_LL_RESULT_AND_NO_ACTIVE_GIMPS_ASSIGNMENT,2026-08-09T04:34:14+00:00,UNALLOCATED,,,,,
SLCMP1765-0410,410,410,583520059,2^583520059-1,STRUCTURAL_SCREEN_EXHAUSTED_PRIMALITY_UNASSIGNED,GF3A_DIRECTIONAL_WRITE_EXHAUSTED_PRIMALITY_UNASSIGNED,514,512,512,NO_RECORDED_FACTOR_PRP_OR_LL_RESULT_AND_NO_ACTIVE_GIMPS_ASSIGNMENT,2026-08-09T04:34:14+00:00,UNALLOCATED,,,,,
SLCMP1765-0411,411,411,583520123,2^583520123-1,STRUCTURAL_SCREEN_EXHAUSTED_PRIMALITY_UNASSIGNED,GF3A_DIRECTIONAL_WRITE_EXHAUSTED_PRIMALITY_UNASSIGNED,514,512,512,NO_RECORDED_FACTOR_PRP_OR_LL_RESULT_AND_NO_ACTIVE_GIMPS_ASSIGNMENT,2026-08-09T04:34:14+00:00,UNALLOCATED,,,,,
SLCMP1765-0412,412,412,583520261,2^583520261-1,STRUCTURAL_SCREEN_EXHAUSTED_PRIMALITY_UNASSIGNED,GF3A_DIRECTIONAL_WRITE_EXHAUSTED_PRIMALITY_UNASSIGNED,513,512,512,NO_RECORDED_FACTOR_PRP_OR_LL_RESULT_AND_NO_ACTIVE_GIMPS_ASSIGNMENT,2026-08-09T04:34:14+00:00,UNALLOCATED,,,,,
SLCMP1765-0413,413,413,583520269,2^583520269-1,STRUCTURAL_SCREEN_EXHAUSTED_PRIMALITY_UNASSIGNED,GF3A_DIRECTIONAL_WRITE_EXHAUSTED_PRIMALITY_UNASSIGNED,513,512,512,NO_RECORDED_FACTOR_PRP_OR_LL_RESULT_AND_NO_ACTIVE_GIMPS_ASSIGNMENT,2026-08-09T04:34:14+00:00,UNALLOCATED,,,,,
SLCMP1765-0414,414,414,583520351,2^583520351-1,STRUCTURAL_SCREEN_EXHAUSTED_PRIMALITY_UNASSIGNED,GF3A_DIRECTIONAL_WRITE_EXHAUSTED_PRIMALITY_UNASSIGNED,514,512,512,NO_RECORDED_FACTOR_PRP_OR_LL_RESULT_AND_NO_ACTIVE_GIMPS_ASSIGNMENT,2026-08-09T04:34:14+00:00,UNALLOCATED,,,,,
SLCMP1765-0415,415,415,583520473,2^583520473-1,STRUCTURAL_SCREEN_EXHAUSTED_PRIMALITY_UNASSIGNED,GF3A_DIRECTIONAL_WRITE_EXHAUSTED_PRIMALITY_UNASSIGNED,513,512,512,NO_RECORDED_FACTOR_PRP_OR_LL_RESULT_AND_NO_ACTIVE_GIMPS_ASSIGNMENT,2026-08-09T04:34:14+00:00,UNALLOCATED,,,,,
SLCMP1765-0416,416,416,583520543,2^583520543-1,STRUCTURAL_SCREEN_EXHAUSTED_PRIMALITY_UNASSIGNED,GF3A_DIRECTIONAL_WRITE_EXHAUSTED_PRIMALITY_UNASSIGNED,514,512,512,NO_RECORDED_FACTOR_PRP_OR_LL_RESULT_AND_NO_ACTIVE_GIMPS_ASSIGNMENT,2026-08-09T04:34:14+00:00,UNALLOCATED,,,,,
SLCMP1765-0417,417,417,583520593,2^583520593-1,STRUCTURAL_SCREEN_EXHAUSTED_PRIMALITY_UNASSIGNED,GF3A_DIRECTIONAL_WRITE_EXHAUSTED_PRIMALITY_UNASSIGNED,513,512,512,NO_RECORDED_FACTOR_PRP_OR_LL_RESULT_AND_NO_ACTIVE_GIMPS_ASSIGNMENT,2026-08-09T04:34:14+00:00,UNALLOCATED,,,,,
SLCMP1765-0418,418,418,583520683,2^583520683-1,STRUCTURAL_SCREEN_EXHAUSTED_PRIMALITY_UNASSIGNED,GF3A_DIRECTIONAL_WRITE_EXHAUSTED_PRIMALITY_UNASSIGNED,514,512,512,NO_RECORDED_FACTOR_PRP_OR_LL_RESULT_AND_NO_ACTIVE_GIMPS_ASSIGNMENT,2026-08-09T04:34:14+00:00,UNALLOCATED,,,,,
SLCMP1765-0419,419,419,583520689,2^583520689-1,STRUCTURAL_SCREEN_EXHAUSTED_PRIMALITY_UNASSIGNED,GF3A_DIRECTIONAL_WRITE_EXHAUSTED_PRIMALITY_UNASSIGNED,513,512,512,NO_RECORDED_FACTOR_PRP_OR_LL_RESULT_AND_NO_ACTIVE_GIMPS_ASSIGNMENT,2026-08-09T04:34:14+00:00,UNALLOCATED,,,,,
SLCMP1765-0420,420,420,583520731,2^583520731-1,STRUCTURAL_SCREEN_EXHAUSTED_PRIMALITY_UNASSIGNED,GF3A_DIRECTIONAL_WRITE_EXHAUSTED_PRIMALITY_UNASSIGNED,514,512,512,NO_RECORDED_FACTOR_PRP_OR_LL_RESULT_AND_NO_ACTIVE_GIMPS_ASSIGNMENT,2026-08-09T04:34:14+00:00,UNALLOCATED,,,,,
SLCMP1765-0421,421,421,583520771,2^583520771-1,STRUCTURAL_SCREEN_EXHAUSTED_PRIMALITY_UNASSIGNED,GF3A_DIRECTIONAL_WRITE_EXHAUSTED_PRIMALITY_UNASSIGNED,514,512,512,NO_RECORDED_FACTOR_PRP_OR_LL_RESULT_AND_NO_ACTIVE_GIMPS_ASSIGNMENT,2026-08-09T04:34:14+00:00,UNALLOCATED,,,,,
SLCMP1765-0422,422,422,583520789,2^583520789-1,STRUCTURAL_SCREEN_EXHAUSTED_PRIMALITY_UNASSIGNED,GF3A_DIRECTIONAL_WRITE_EXHAUSTED_PRIMALITY_UNASSIGNED,513,512,512,NO_RECORDED_FACTOR_PRP_OR_LL_RESULT_AND_NO_ACTIVE_GIMPS_ASSIGNMENT,2026-08-09T04:34:14+00:00,UNALLOCATED,,,,,
SLCMP1765-0423,423,423,583520867,2^583520867-1,STRUCTURAL_SCREEN_EXHAUSTED_PRIMALITY_UNASSIGNED,GF3A_DIRECTIONAL_WRITE_EXHAUSTED_PRIMALITY_UNASSIGNED,514,512,512,NO_RECORDED_FACTOR_PRP_OR_LL_RESULT_AND_NO_ACTIVE_GIMPS_ASSIGNMENT,2026-08-09T04:34:14+00:00,UNALLOCATED,,,,,
SLCMP1765-0424,424,424,583520921,2^583520921-1,STRUCTURAL_SCREEN_EXHAUSTED_PRIMALITY_UNASSIGNED,GF3A_DIRECTIONAL_WRITE_EXHAUSTED_PRIMALITY_UNASSIGNED,513,512,512,NO_RECORDED_FACTOR_PRP_OR_LL_RESULT_AND_NO_ACTIVE_GIMPS_ASSIGNMENT,2026-08-09T04:34:14+00:00,UNALLOCATED,,,,,
SLCMP1765-0425,425,425,583520923,2^583520923-1,STRUCTURAL_SCREEN_EXHAUSTED_PRIMALITY_UNASSIGNED,GF3A_DIRECTIONAL_WRITE_EXHAUSTED_PRIMALITY_UNASSIGNED,514,512,512,NO_RECORDED_FACTOR_PRP_OR_LL_RESULT_AND_NO_ACTIVE_GIMPS_ASSIGNMENT,2026-08-09T04:34:14+00:00,UNALLOCATED,,,,,
SLCMP1765-0426,426,426,583520953,2^583520953-1,STRUCTURAL_SCREEN_EXHAUSTED_PRIMALITY_UNASSIGNED,GF3A_DIRECTIONAL_WRITE_EXHAUSTED_PRIMALITY_UNASSIGNED,513,512,512,NO_RECORDED_FACTOR_PRP_OR_LL_RESULT_AND_NO_ACTIVE_GIMPS_ASSIGNMENT,2026-08-09T04:34:14+00:00,UNALLOCATED,,,,,
SLCMP1765-0427,427,427,583520957,2^583520957-1,STRUCTURAL_SCREEN_EXHAUSTED_PRIMALITY_UNASSIGNED,GF3A_DIRECTIONAL_WRITE_EXHAUSTED_PRIMALITY_UNASSIGNED,513,512,512,NO_RECORDED_FACTOR_PRP_OR_LL_RESULT_AND_NO_ACTIVE_GIMPS_ASSIGNMENT,2026-08-09T04:34:14+00:00,UNALLOCATED,,,,,
SLCMP1765-0428,428,428,583520983,2^583520983-1,STRUCTURAL_SCREEN_EXHAUSTED_PRIMALITY_UNASSIGNED,GF3A_DIRECTIONAL_WRITE_EXHAUSTED_PRIMALITY_UNASSIGNED,514,512,512,NO_RECORDED_FACTOR_PRP_OR_LL_RESULT_AND_NO_ACTIVE_GIMPS_ASSIGNMENT,2026-08-09T04:34:14+00:00,UNALLOCATED,,,,,
SLCMP1765-0429,429,429,583521019,2^583521019-1,STRUCTURAL_SCREEN_EXHAUSTED_PRIMALITY_UNASSIGNED,GF3A_DIRECTIONAL_WRITE_EXHAUSTED_PRIMALITY_UNASSIGNED,514,512,512,NO_RECORDED_FACTOR_PRP_OR_LL_RESULT_AND_NO_ACTIVE_GIMPS_ASSIGNMENT,2026-08-09T04:34:14+00:00,UNALLOCATED,,,,,
SLCMP1765-0430,430,430,583521053,2^583521053-1,STRUCTURAL_SCREEN_EXHAUSTED_PRIMALITY_UNASSIGNED,GF3A_DIRECTIONAL_WRITE_EXHAUSTED_PRIMALITY_UNASSIGNED,513,512,512,NO_RECORDED_FACTOR_PRP_OR_LL_RESULT_AND_NO_ACTIVE_GIMPS_ASSIGNMENT,2026-08-09T04:34:14+00:00,UNALLOCATED,,,,,
SLCMP1765-0431,431,431,583521077,2^583521077-1,STRUCTURAL_SCREEN_EXHAUSTED_PRIMALITY_UNASSIGNED,GF3A_DIRECTIONAL_WRITE_EXHAUSTED_PRIMALITY_UNASSIGNED,513,512,512,NO_RECORDED_FACTOR_PRP_OR_LL_RESULT_AND_NO_ACTIVE_GIMPS_ASSIGNMENT,2026-08-09T04:34:14+00:00,UNALLOCATED,,,,,
SLCMP1765-0432,432,432,583521089,2^583521089-1,STRUCTURAL_SCREEN_EXHAUSTED_PRIMALITY_UNASSIGNED,GF3A_DIRECTIONAL_WRITE_EXHAUSTED_PRIMALITY_UNASSIGNED,513,512,512,NO_RECORDED_FACTOR_PRP_OR_LL_RESULT_AND_NO_ACTIVE_GIMPS_ASSIGNMENT,2026-08-09T04:34:14+00:00,UNALLOCATED,,,,,
SLCMP1765-0433,433,433,583521227,2^583521227-1,STRUCTURAL_SCREEN_EXHAUSTED_PRIMALITY_UNASSIGNED,GF3A_DIRECTIONAL_WRITE_EXHAUSTED_PRIMALITY_UNASSIGNED,514,512,512,NO_RECORDED_FACTOR_PRP_OR_LL_RESULT_AND_NO_ACTIVE_GIMPS_ASSIGNMENT,2026-08-09T04:34:14+00:00,UNALLOCATED,,,,,
SLCMP1765-0434,434,434,583521233,2^583521233-1,STRUCTURAL_SCREEN_EXHAUSTED_PRIMALITY_UNASSIGNED,GF3A_DIRECTIONAL_WRITE_EXHAUSTED_PRIMALITY_UNASSIGNED,513,512,512,NO_RECORDED_FACTOR_PRP_OR_LL_RESULT_AND_NO_ACTIVE_GIMPS_ASSIGNMENT,2026-08-09T04:34:14+00:00,UNALLOCATED,,,,,
SLCMP1765-0435,435,435,583521259,2^583521259-1,STRUCTURAL_SCREEN_EXHAUSTED_PRIMALITY_UNASSIGNED,GF3A_DIRECTIONAL_WRITE_EXHAUSTED_PRIMALITY_UNASSIGNED,514,512,512,NO_RECORDED_FACTOR_PRP_OR_LL_RESULT_AND_NO_ACTIVE_GIMPS_ASSIGNMENT,2026-08-09T04:34:14+00:00,UNALLOCATED,,,,,
SLCMP1765-0436,436,436,583521271,2^583521271-1,STRUCTURAL_SCREEN_EXHAUSTED_PRIMALITY_UNASSIGNED,GF3A_DIRECTIONAL_WRITE_EXHAUSTED_PRIMALITY_UNASSIGNED,514,512,512,NO_RECORDED_FACTOR_PRP_OR_LL_RESULT_AND_NO_ACTIVE_GIMPS_ASSIGNMENT,2026-08-09T04:34:14+00:00,UNALLOCATED,,,,,
SLCMP1765-0437,437,437,583521299,2^583521299-1,STRUCTURAL_SCREEN_EXHAUSTED_PRIMALITY_UNASSIGNED,GF3A_DIRECTIONAL_WRITE_EXHAUSTED_PRIMALITY_UNASSIGNED,514,512,512,NO_RECORDED_FACTOR_PRP_OR_LL_RESULT_AND_NO_ACTIVE_GIMPS_ASSIGNMENT,2026-08-09T04:34:14+00:00,UNALLOCATED,,,,,
SLCMP1765-0438,438,438,583521349,2^583521349-1,STRUCTURAL_SCREEN_EXHAUSTED_PRIMALITY_UNASSIGNED,GF3A_DIRECTIONAL_WRITE_EXHAUSTED_PRIMALITY_UNASSIGNED,513,512,512,NO_RECORDED_FACTOR_PRP_OR_LL_RESULT_AND_NO_ACTIVE_GIMPS_ASSIGNMENT,2026-08-09T04:34:14+00:00,UNALLOCATED,,,,,
SLCMP1765-0439,439,439,583521373,2^583521373-1,STRUCTURAL_SCREEN_EXHAUSTED_PRIMALITY_UNASSIGNED,GF3A_DIRECTIONAL_WRITE_EXHAUSTED_PRIMALITY_UNASSIGNED,513,512,512,NO_RECORDED_FACTOR_PRP_OR_LL_RESULT_AND_NO_ACTIVE_GIMPS_ASSIGNMENT,2026-08-09T04:34:14+00:00,UNALLOCATED,,,,,
SLCMP1765-0440,440,440,583521493,2^583521493-1,STRUCTURAL_SCREEN_EXHAUSTED_PRIMALITY_UNASSIGNED,GF3A_DIRECTIONAL_WRITE_EXHAUSTED_PRIMALITY_UNASSIGNED,513,512,512,NO_RECORDED_FACTOR_PRP_OR_LL_RESULT_AND_NO_ACTIVE_GIMPS_ASSIGNMENT,2026-08-09T04:34:14+00:00,UNALLOCATED,,,,,
SLCMP1765-0441,441,441,583521641,2^583521641-1,STRUCTURAL_SCREEN_EXHAUSTED_PRIMALITY_UNASSIGNED,GF3A_DIRECTIONAL_WRITE_EXHAUSTED_PRIMALITY_UNASSIGNED,513,512,512,NO_RECORDED_FACTOR_PRP_OR_LL_RESULT_AND_NO_ACTIVE_GIMPS_ASSIGNMENT,2026-08-09T04:34:14+00:00,UNALLOCATED,,,,,
SLCMP1765-0442,442,442,583521691,2^583521691-1,STRUCTURAL_SCREEN_EXHAUSTED_PRIMALITY_UNASSIGNED,GF3A_DIRECTIONAL_WRITE_EXHAUSTED_PRIMALITY_UNASSIGNED,514,512,512,NO_RECORDED_FACTOR_PRP_OR_LL_RESULT_AND_NO_ACTIVE_GIMPS_ASSIGNMENT,2026-08-09T04:34:14+00:00,UNALLOCATED,,,,,
SLCMP1765-0443,443,443,583521803,2^583521803-1,STRUCTURAL_SCREEN_EXHAUSTED_PRIMALITY_UNASSIGNED,GF3A_DIRECTIONAL_WRITE_EXHAUSTED_PRIMALITY_UNASSIGNED,514,512,512,NO_RECORDED_FACTOR_PRP_OR_LL_RESULT_AND_NO_ACTIVE_GIMPS_ASSIGNMENT,2026-08-09T04:34:14+00:00,UNALLOCATED,,,,,
SLCMP1765-0444,444,444,583521823,2^583521823-1,STRUCTURAL_SCREEN_EXHAUSTED_PRIMALITY_UNASSIGNED,GF3A_DIRECTIONAL_WRITE_EXHAUSTED_PRIMALITY_UNASSIGNED,514,512,512,NO_RECORDED_FACTOR_PRP_OR_LL_RESULT_AND_NO_ACTIVE_GIMPS_ASSIGNMENT,2026-08-09T04:34:14+00:00,UNALLOCATED,,,,,
SLCMP1765-0445,445,445,583521839,2^583521839-1,STRUCTURAL_SCREEN_EXHAUSTED_PRIMALITY_UNASSIGNED,GF3A_DIRECTIONAL_WRITE_EXHAUSTED_PRIMALITY_UNASSIGNED,514,512,512,NO_RECORDED_FACTOR_PRP_OR_LL_RESULT_AND_NO_ACTIVE_GIMPS_ASSIGNMENT,2026-08-09T04:34:14+00:00,UNALLOCATED,,,,,
SLCMP1765-0446,446,446,583521989,2^583521989-1,STRUCTURAL_SCREEN_EXHAUSTED_PRIMALITY_UNASSIGNED,GF3A_DIRECTIONAL_WRITE_EXHAUSTED_PRIMALITY_UNASSIGNED,513,512,512,NO_RECORDED_FACTOR_PRP_OR_LL_RESULT_AND_NO_ACTIVE_GIMPS_ASSIGNMENT,2026-08-09T04:34:14+00:00,UNALLOCATED,,,,,
SLCMP1765-0447,447,447,583522013,2^583522013-1,STRUCTURAL_SCREEN_EXHAUSTED_PRIMALITY_UNASSIGNED,GF3A_DIRECTIONAL_WRITE_EXHAUSTED_PRIMALITY_UNASSIGNED,513,512,512,NO_RECORDED_FACTOR_PRP_OR_LL_RESULT_AND_NO_ACTIVE_GIMPS_ASSIGNMENT,2026-08-09T04:34:14+00:00,UNALLOCATED,,,,,
SLCMP1765-0448,448,448,583522031,2^583522031-1,STRUCTURAL_SCREEN_EXHAUSTED_PRIMALITY_UNASSIGNED,GF3A_DIRECTIONAL_WRITE_EXHAUSTED_PRIMALITY_UNASSIGNED,514,512,512,NO_RECORDED_FACTOR_PRP_OR_LL_RESULT_AND_NO_ACTIVE_GIMPS_ASSIGNMENT,2026-08-09T04:34:14+00:00,UNALLOCATED,,,,,
SLCMP1765-0449,449,449,583522109,2^583522109-1,STRUCTURAL_SCREEN_EXHAUSTED_PRIMALITY_UNASSIGNED,GF3A_DIRECTIONAL_WRITE_EXHAUSTED_PRIMALITY_UNASSIGNED,513,512,512,NO_RECORDED_FACTOR_PRP_OR_LL_RESULT_AND_NO_ACTIVE_GIMPS_ASSIGNMENT,2026-08-09T04:34:14+00:00,UNALLOCATED,,,,,
SLCMP1765-0450,450,450,583522151,2^583522151-1,STRUCTURAL_SCREEN_EXHAUSTED_PRIMALITY_UNASSIGNED,GF3A_DIRECTIONAL_WRITE_EXHAUSTED_PRIMALITY_UNASSIGNED,514,512,512,NO_RECORDED_FACTOR_PRP_OR_LL_RESULT_AND_NO_ACTIVE_GIMPS_ASSIGNMENT,2026-08-09T04:34:14+00:00,UNALLOCATED,,,,,
SLCMP1765-0451,451,451,583522189,2^583522189-1,STRUCTURAL_SCREEN_EXHAUSTED_PRIMALITY_UNASSIGNED,GF3A_DIRECTIONAL_WRITE_EXHAUSTED_PRIMALITY_UNASSIGNED,513,512,512,NO_RECORDED_FACTOR_PRP_OR_LL_RESULT_AND_NO_ACTIVE_GIMPS_ASSIGNMENT,2026-08-09T04:34:14+00:00,UNALLOCATED,,,,,
SLCMP1765-0452,452,452,583522273,2^583522273-1,STRUCTURAL_SCREEN_EXHAUSTED_PRIMALITY_UNASSIGNED,GF3A_DIRECTIONAL_WRITE_EXHAUSTED_PRIMALITY_UNASSIGNED,513,512,512,NO_RECORDED_FACTOR_PRP_OR_LL_RESULT_AND_NO_ACTIVE_GIMPS_ASSIGNMENT,2026-08-09T04:34:14+00:00,UNALLOCATED,,,,,
SLCMP1765-0453,453,453,583522409,2^583522409-1,STRUCTURAL_SCREEN_EXHAUSTED_PRIMALITY_UNASSIGNED,GF3A_DIRECTIONAL_WRITE_EXHAUSTED_PRIMALITY_UNASSIGNED,513,512,512,NO_RECORDED_FACTOR_PRP_OR_LL_RESULT_AND_NO_ACTIVE_GIMPS_ASSIGNMENT,2026-08-09T04:34:14+00:00,UNALLOCATED,,,,,
SLCMP1765-0454,454,454,583522451,2^583522451-1,STRUCTURAL_SCREEN_EXHAUSTED_PRIMALITY_UNASSIGNED,GF3A_DIRECTIONAL_WRITE_EXHAUSTED_PRIMALITY_UNASSIGNED,514,512,512,NO_RECORDED_FACTOR_PRP_OR_LL_RESULT_AND_NO_ACTIVE_GIMPS_ASSIGNMENT,2026-08-09T04:34:14+00:00,UNALLOCATED,,,,,
SLCMP1765-0455,455,455,583522483,2^583522483-1,STRUCTURAL_SCREEN_EXHAUSTED_PRIMALITY_UNASSIGNED,GF3A_DIRECTIONAL_WRITE_EXHAUSTED_PRIMALITY_UNASSIGNED,514,512,512,NO_RECORDED_FACTOR_PRP_OR_LL_RESULT_AND_NO_ACTIVE_GIMPS_ASSIGNMENT,2026-08-09T04:34:14+00:00,UNALLOCATED,,,,,
SLCMP1765-0456,456,456,583522607,2^583522607-1,STRUCTURAL_SCREEN_EXHAUSTED_PRIMALITY_UNASSIGNED,GF3A_DIRECTIONAL_WRITE_EXHAUSTED_PRIMALITY_UNASSIGNED,514,512,512,NO_RECORDED_FACTOR_PRP_OR_LL_RESULT_AND_NO_ACTIVE_GIMPS_ASSIGNMENT,2026-08-09T04:34:14+00:00,UNALLOCATED,,,,,
SLCMP1765-0457,457,457,583522649,2^583522649-1,STRUCTURAL_SCREEN_EXHAUSTED_PRIMALITY_UNASSIGNED,GF3A_DIRECTIONAL_WRITE_EXHAUSTED_PRIMALITY_UNASSIGNED,513,512,512,NO_RECORDED_FACTOR_PRP_OR_LL_RESULT_AND_NO_ACTIVE_GIMPS_ASSIGNMENT,2026-08-09T04:34:14+00:00,UNALLOCATED,,,,,
SLCMP1765-0458,458,458,583522651,2^583522651-1,STRUCTURAL_SCREEN_EXHAUSTED_PRIMALITY_UNASSIGNED,GF3A_DIRECTIONAL_WRITE_EXHAUSTED_PRIMALITY_UNASSIGNED,514,512,512,NO_RECORDED_FACTOR_PRP_OR_LL_RESULT_AND_NO_ACTIVE_GIMPS_ASSIGNMENT,2026-08-09T04:34:14+00:00,UNALLOCATED,,,,,
SLCMP1765-0459,459,459,583522691,2^583522691-1,STRUCTURAL_SCREEN_EXHAUSTED_PRIMALITY_UNASSIGNED,GF3A_DIRECTIONAL_WRITE_EXHAUSTED_PRIMALITY_UNASSIGNED,514,512,512,NO_RECORDED_FACTOR_PRP_OR_LL_RESULT_AND_NO_ACTIVE_GIMPS_ASSIGNMENT,2026-08-09T04:34:14+00:00,UNALLOCATED,,,,,
SLCMP1765-0460,460,460,583522697,2^583522697-1,STRUCTURAL_SCREEN_EXHAUSTED_PRIMALITY_UNASSIGNED,GF3A_DIRECTIONAL_WRITE_EXHAUSTED_PRIMALITY_UNASSIGNED,513,512,512,NO_RECORDED_FACTOR_PRP_OR_LL_RESULT_AND_NO_ACTIVE_GIMPS_ASSIGNMENT,2026-08-09T04:34:14+00:00,UNALLOCATED,,,,,
SLCMP1765-0461,461,461,583522727,2^583522727-1,STRUCTURAL_SCREEN_EXHAUSTED_PRIMALITY_UNASSIGNED,GF3A_DIRECTIONAL_WRITE_EXHAUSTED_PRIMALITY_UNASSIGNED,514,512,512,NO_RECORDED_FACTOR_PRP_OR_LL_RESULT_AND_NO_ACTIVE_GIMPS_ASSIGNMENT,2026-08-09T04:34:14+00:00,UNALLOCATED,,,,,
SLCMP1765-0462,462,462,583522757,2^583522757-1,STRUCTURAL_SCREEN_EXHAUSTED_PRIMALITY_UNASSIGNED,GF3A_DIRECTIONAL_WRITE_EXHAUSTED_PRIMALITY_UNASSIGNED,513,512,512,NO_RECORDED_FACTOR_PRP_OR_LL_RESULT_AND_NO_ACTIVE_GIMPS_ASSIGNMENT,2026-08-09T04:34:14+00:00,UNALLOCATED,,,,,
SLCMP1765-0463,463,463,583522777,2^583522777-1,STRUCTURAL_SCREEN_EXHAUSTED_PRIMALITY_UNASSIGNED,GF3A_DIRECTIONAL_WRITE_EXHAUSTED_PRIMALITY_UNASSIGNED,513,512,512,NO_RECORDED_FACTOR_PRP_OR_LL_RESULT_AND_NO_ACTIVE_GIMPS_ASSIGNMENT,2026-08-09T04:34:14+00:00,UNALLOCATED,,,,,
SLCMP1765-0464,464,464,583522969,2^583522969-1,STRUCTURAL_SCREEN_EXHAUSTED_PRIMALITY_UNASSIGNED,GF3A_DIRECTIONAL_WRITE_EXHAUSTED_PRIMALITY_UNASSIGNED,513,512,512,NO_RECORDED_FACTOR_PRP_OR_LL_RESULT_AND_NO_ACTIVE_GIMPS_ASSIGNMENT,2026-08-09T04:34:14+00:00,UNALLOCATED,,,,,
SLCMP1765-0465,465,465,583522991,2^583522991-1,STRUCTURAL_SCREEN_EXHAUSTED_PRIMALITY_UNASSIGNED,GF3A_DIRECTIONAL_WRITE_EXHAUSTED_PRIMALITY_UNASSIGNED,514,512,512,NO_RECORDED_FACTOR_PRP_OR_LL_RESULT_AND_NO_ACTIVE_GIMPS_ASSIGNMENT,2026-08-09T04:34:14+00:00,UNALLOCATED,,,,,
SLCMP1765-0466,466,466,583523009,2^583523009-1,STRUCTURAL_SCREEN_EXHAUSTED_PRIMALITY_UNASSIGNED,GF3A_DIRECTIONAL_WRITE_EXHAUSTED_PRIMALITY_UNASSIGNED,513,512,512,NO_RECORDED_FACTOR_PRP_OR_LL_RESULT_AND_NO_ACTIVE_GIMPS_ASSIGNMENT,2026-08-09T04:34:14+00:00,UNALLOCATED,,,,,
SLCMP1765-0467,467,467,583523051,2^583523051-1,STRUCTURAL_SCREEN_EXHAUSTED_PRIMALITY_UNASSIGNED,GF3A_DIRECTIONAL_WRITE_EXHAUSTED_PRIMALITY_UNASSIGNED,514,512,512,NO_RECORDED_FACTOR_PRP_OR_LL_RESULT_AND_NO_ACTIVE_GIMPS_ASSIGNMENT,2026-08-09T04:34:14+00:00,UNALLOCATED,,,,,
SLCMP1765-0468,468,468,583523063,2^583523063-1,STRUCTURAL_SCREEN_EXHAUSTED_PRIMALITY_UNASSIGNED,GF3A_DIRECTIONAL_WRITE_EXHAUSTED_PRIMALITY_UNASSIGNED,514,512,512,NO_RECORDED_FACTOR_PRP_OR_LL_RESULT_AND_NO_ACTIVE_GIMPS_ASSIGNMENT,2026-08-09T04:34:14+00:00,UNALLOCATED,,,,,
SLCMP1765-0469,469,469,583523081,2^583523081-1,STRUCTURAL_SCREEN_EXHAUSTED_PRIMALITY_UNASSIGNED,GF3A_DIRECTIONAL_WRITE_EXHAUSTED_PRIMALITY_UNASSIGNED,513,512,512,NO_RECORDED_FACTOR_PRP_OR_LL_RESULT_AND_NO_ACTIVE_GIMPS_ASSIGNMENT,2026-08-09T04:34:14+00:00,UNALLOCATED,,,,,
SLCMP1765-0470,470,470,583523089,2^583523089-1,STRUCTURAL_SCREEN_EXHAUSTED_PRIMALITY_UNASSIGNED,GF3A_DIRECTIONAL_WRITE_EXHAUSTED_PRIMALITY_UNASSIGNED,513,512,512,NO_RECORDED_FACTOR_PRP_OR_LL_RESULT_AND_NO_ACTIVE_GIMPS_ASSIGNMENT,2026-08-09T04:34:14+00:00,UNALLOCATED,,,,,
SLCMP1765-0471,471,471,583523093,2^583523093-1,STRUCTURAL_SCREEN_EXHAUSTED_PRIMALITY_UNASSIGNED,GF3A_DIRECTIONAL_WRITE_EXHAUSTED_PRIMALITY_UNASSIGNED,513,512,512,NO_RECORDED_FACTOR_PRP_OR_LL_RESULT_AND_NO_ACTIVE_GIMPS_ASSIGNMENT,2026-08-09T04:34:14+00:00,UNALLOCATED,,,,,
SLCMP1765-0472,472,472,583523203,2^583523203-1,STRUCTURAL_SCREEN_EXHAUSTED_PRIMALITY_UNASSIGNED,GF3A_DIRECTIONAL_WRITE_EXHAUSTED_PRIMALITY_UNASSIGNED,514,512,512,NO_RECORDED_FACTOR_PRP_OR_LL_RESULT_AND_NO_ACTIVE_GIMPS_ASSIGNMENT,2026-08-09T04:34:14+00:00,UNALLOCATED,,,,,
SLCMP1765-0473,473,473,583523273,2^583523273-1,STRUCTURAL_SCREEN_EXHAUSTED_PRIMALITY_UNASSIGNED,GF3A_DIRECTIONAL_WRITE_EXHAUSTED_PRIMALITY_UNASSIGNED,513,512,512,NO_RECORDED_FACTOR_PRP_OR_LL_RESULT_AND_NO_ACTIVE_GIMPS_ASSIGNMENT,2026-08-09T04:34:14+00:00,UNALLOCATED,,,,,
SLCMP1765-0474,474,474,583523333,2^583523333-1,STRUCTURAL_SCREEN_EXHAUSTED_PRIMALITY_UNASSIGNED,GF3A_DIRECTIONAL_WRITE_EXHAUSTED_PRIMALITY_UNASSIGNED,513,512,512,NO_RECORDED_FACTOR_PRP_OR_LL_RESULT_AND_NO_ACTIVE_GIMPS_ASSIGNMENT,2026-08-09T04:34:14+00:00,UNALLOCATED,,,,,
SLCMP1765-0475,475,475,583523401,2^583523401-1,STRUCTURAL_SCREEN_EXHAUSTED_PRIMALITY_UNASSIGNED,GF3A_DIRECTIONAL_WRITE_EXHAUSTED_PRIMALITY_UNASSIGNED,513,512,512,NO_RECORDED_FACTOR_PRP_OR_LL_RESULT_AND_NO_ACTIVE_GIMPS_ASSIGNMENT,2026-08-09T04:34:14+00:00,UNALLOCATED,,,,,
SLCMP1765-0476,476,476,583523417,2^583523417-1,STRUCTURAL_SCREEN_EXHAUSTED_PRIMALITY_UNASSIGNED,GF3A_DIRECTIONAL_WRITE_EXHAUSTED_PRIMALITY_UNASSIGNED,513,512,512,NO_RECORDED_FACTOR_PRP_OR_LL_RESULT_AND_NO_ACTIVE_GIMPS_ASSIGNMENT,2026-08-09T04:34:14+00:00,UNALLOCATED,,,,,
SLCMP1765-0477,477,477,583523489,2^583523489-1,STRUCTURAL_SCREEN_EXHAUSTED_PRIMALITY_UNASSIGNED,GF3A_DIRECTIONAL_WRITE_EXHAUSTED_PRIMALITY_UNASSIGNED,513,512,512,NO_RECORDED_FACTOR_PRP_OR_LL_RESULT_AND_NO_ACTIVE_GIMPS_ASSIGNMENT,2026-08-09T04:34:14+00:00,UNALLOCATED,,,,,
SLCMP1765-0478,478,478,583523513,2^583523513-1,STRUCTURAL_SCREEN_EXHAUSTED_PRIMALITY_UNASSIGNED,GF3A_DIRECTIONAL_WRITE_EXHAUSTED_PRIMALITY_UNASSIGNED,513,512,512,NO_RECORDED_FACTOR_PRP_OR_LL_RESULT_AND_NO_ACTIVE_GIMPS_ASSIGNMENT,2026-08-09T04:34:14+00:00,UNALLOCATED,,,,,
SLCMP1765-0479,479,479,583523539,2^583523539-1,STRUCTURAL_SCREEN_EXHAUSTED_PRIMALITY_UNASSIGNED,GF3A_DIRECTIONAL_WRITE_EXHAUSTED_PRIMALITY_UNASSIGNED,514,512,512,NO_RECORDED_FACTOR_PRP_OR_LL_RESULT_AND_NO_ACTIVE_GIMPS_ASSIGNMENT,2026-08-09T04:34:14+00:00,UNALLOCATED,,,,,
SLCMP1765-0480,480,480,583523557,2^583523557-1,STRUCTURAL_SCREEN_EXHAUSTED_PRIMALITY_UNASSIGNED,GF3A_DIRECTIONAL_WRITE_EXHAUSTED_PRIMALITY_UNASSIGNED,513,512,512,NO_RECORDED_FACTOR_PRP_OR_LL_RESULT_AND_NO_ACTIVE_GIMPS_ASSIGNMENT,2026-08-09T04:34:14+00:00,UNALLOCATED,,,,,
SLCMP1765-0481,481,481,583523617,2^583523617-1,STRUCTURAL_SCREEN_EXHAUSTED_PRIMALITY_UNASSIGNED,GF3A_DIRECTIONAL_WRITE_EXHAUSTED_PRIMALITY_UNASSIGNED,513,512,512,NO_RECORDED_FACTOR_PRP_OR_LL_RESULT_AND_NO_ACTIVE_GIMPS_ASSIGNMENT,2026-08-09T04:34:14+00:00,UNALLOCATED,,,,,
SLCMP1765-0482,482,482,583523651,2^583523651-1,STRUCTURAL_SCREEN_EXHAUSTED_PRIMALITY_UNASSIGNED,GF3A_DIRECTIONAL_WRITE_EXHAUSTED_PRIMALITY_UNASSIGNED,514,512,512,NO_RECORDED_FACTOR_PRP_OR_LL_RESULT_AND_NO_ACTIVE_GIMPS_ASSIGNMENT,2026-08-09T04:34:14+00:00,UNALLOCATED,,,,,
SLCMP1765-0483,483,483,583523669,2^583523669-1,STRUCTURAL_SCREEN_EXHAUSTED_PRIMALITY_UNASSIGNED,GF3A_DIRECTIONAL_WRITE_EXHAUSTED_PRIMALITY_UNASSIGNED,513,512,512,NO_RECORDED_FACTOR_PRP_OR_LL_RESULT_AND_NO_ACTIVE_GIMPS_ASSIGNMENT,2026-08-09T04:34:14+00:00,UNALLOCATED,,,,,
SLCMP1765-0484,484,484,583523713,2^583523713-1,STRUCTURAL_SCREEN_EXHAUSTED_PRIMALITY_UNASSIGNED,GF3A_DIRECTIONAL_WRITE_EXHAUSTED_PRIMALITY_UNASSIGNED,513,512,512,NO_RECORDED_FACTOR_PRP_OR_LL_RESULT_AND_NO_ACTIVE_GIMPS_ASSIGNMENT,2026-08-09T04:34:14+00:00,UNALLOCATED,,,,,
SLCMP1765-0485,485,485,583523749,2^583523749-1,STRUCTURAL_SCREEN_EXHAUSTED_PRIMALITY_UNASSIGNED,GF3A_DIRECTIONAL_WRITE_EXHAUSTED_PRIMALITY_UNASSIGNED,513,512,512,NO_RECORDED_FACTOR_PRP_OR_LL_RESULT_AND_NO_ACTIVE_GIMPS_ASSIGNMENT,2026-08-09T04:34:14+00:00,UNALLOCATED,,,,,
SLCMP1765-0486,486,486,583523779,2^583523779-1,STRUCTURAL_SCREEN_EXHAUSTED_PRIMALITY_UNASSIGNED,GF3A_DIRECTIONAL_WRITE_EXHAUSTED_PRIMALITY_UNASSIGNED,514,512,512,NO_RECORDED_FACTOR_PRP_OR_LL_RESULT_AND_NO_ACTIVE_GIMPS_ASSIGNMENT,2026-08-09T04:34:14+00:00,UNALLOCATED,,,,,
SLCMP1765-0487,487,487,583523789,2^583523789-1,STRUCTURAL_SCREEN_EXHAUSTED_PRIMALITY_UNASSIGNED,GF3A_DIRECTIONAL_WRITE_EXHAUSTED_PRIMALITY_UNASSIGNED,513,512,512,NO_RECORDED_FACTOR_PRP_OR_LL_RESULT_AND_NO_ACTIVE_GIMPS_ASSIGNMENT,2026-08-09T04:34:14+00:00,UNALLOCATED,,,,,
SLCMP1765-0488,488,488,583523893,2^583523893-1,STRUCTURAL_SCREEN_EXHAUSTED_PRIMALITY_UNASSIGNED,GF3A_DIRECTIONAL_WRITE_EXHAUSTED_PRIMALITY_UNASSIGNED,513,512,512,NO_RECORDED_FACTOR_PRP_OR_LL_RESULT_AND_NO_ACTIVE_GIMPS_ASSIGNMENT,2026-08-09T04:34:14+00:00,UNALLOCATED,,,,,
SLCMP1765-0489,489,489,583523951,2^583523951-1,STRUCTURAL_SCREEN_EXHAUSTED_PRIMALITY_UNASSIGNED,GF3A_DIRECTIONAL_WRITE_EXHAUSTED_PRIMALITY_UNASSIGNED,514,512,512,NO_RECORDED_FACTOR_PRP_OR_LL_RESULT_AND_NO_ACTIVE_GIMPS_ASSIGNMENT,2026-08-09T04:34:14+00:00,UNALLOCATED,,,,,
SLCMP1765-0490,490,490,583523989,2^583523989-1,STRUCTURAL_SCREEN_EXHAUSTED_PRIMALITY_UNASSIGNED,GF3A_DIRECTIONAL_WRITE_EXHAUSTED_PRIMALITY_UNASSIGNED,513,512,512,NO_RECORDED_FACTOR_PRP_OR_LL_RESULT_AND_NO_ACTIVE_GIMPS_ASSIGNMENT,2026-08-09T04:34:14+00:00,UNALLOCATED,,,,,
SLCMP1765-0491,491,491,583523999,2^583523999-1,STRUCTURAL_SCREEN_EXHAUSTED_PRIMALITY_UNASSIGNED,GF3A_DIRECTIONAL_WRITE_EXHAUSTED_PRIMALITY_UNASSIGNED,514,512,512,NO_RECORDED_FACTOR_PRP_OR_LL_RESULT_AND_NO_ACTIVE_GIMPS_ASSIGNMENT,2026-08-09T04:34:14+00:00,UNALLOCATED,,,,,
SLCMP1765-0492,492,492,583524037,2^583524037-1,STRUCTURAL_SCREEN_EXHAUSTED_PRIMALITY_UNASSIGNED,GF3A_DIRECTIONAL_WRITE_EXHAUSTED_PRIMALITY_UNASSIGNED,513,512,512,NO_RECORDED_FACTOR_PRP_OR_LL_RESULT_AND_NO_ACTIVE_GIMPS_ASSIGNMENT,2026-08-09T04:34:14+00:00,UNALLOCATED,,,,,
SLCMP1765-0493,493,493,583524091,2^583524091-1,STRUCTURAL_SCREEN_EXHAUSTED_PRIMALITY_UNASSIGNED,GF3A_DIRECTIONAL_WRITE_EXHAUSTED_PRIMALITY_UNASSIGNED,514,512,512,NO_RECORDED_FACTOR_PRP_OR_LL_RESULT_AND_NO_ACTIVE_GIMPS_ASSIGNMENT,2026-08-09T04:34:14+00:00,UNALLOCATED,,,,,
SLCMP1765-0494,494,494,583524163,2^583524163-1,STRUCTURAL_SCREEN_EXHAUSTED_PRIMALITY_UNASSIGNED,GF3A_DIRECTIONAL_WRITE_EXHAUSTED_PRIMALITY_UNASSIGNED,514,512,512,NO_RECORDED_FACTOR_PRP_OR_LL_RESULT_AND_NO_ACTIVE_GIMPS_ASSIGNMENT,2026-08-09T04:34:14+00:00,UNALLOCATED,,,,,
SLCMP1765-0495,495,495,583524169,2^583524169-1,STRUCTURAL_SCREEN_EXHAUSTED_PRIMALITY_UNASSIGNED,GF3A_DIRECTIONAL_WRITE_EXHAUSTED_PRIMALITY_UNASSIGNED,513,512,512,NO_RECORDED_FACTOR_PRP_OR_LL_RESULT_AND_NO_ACTIVE_GIMPS_ASSIGNMENT,2026-08-09T04:34:14+00:00,UNALLOCATED,,,,,
SLCMP1765-0496,496,496,583524301,2^583524301-1,STRUCTURAL_SCREEN_EXHAUSTED_PRIMALITY_UNASSIGNED,GF3A_DIRECTIONAL_WRITE_EXHAUSTED_PRIMALITY_UNASSIGNED,513,512,512,NO_RECORDED_FACTOR_PRP_OR_LL_RESULT_AND_NO_ACTIVE_GIMPS_ASSIGNMENT,2026-08-09T04:34:14+00:00,UNALLOCATED,,,,,
SLCMP1765-0497,497,497,583524311,2^583524311-1,STRUCTURAL_SCREEN_EXHAUSTED_PRIMALITY_UNASSIGNED,GF3A_DIRECTIONAL_WRITE_EXHAUSTED_PRIMALITY_UNASSIGNED,514,512,512,NO_RECORDED_FACTOR_PRP_OR_LL_RESULT_AND_NO_ACTIVE_GIMPS_ASSIGNMENT,2026-08-09T04:34:14+00:00,UNALLOCATED,,,,,
SLCMP1765-0498,498,498,583524401,2^583524401-1,STRUCTURAL_SCREEN_EXHAUSTED_PRIMALITY_UNASSIGNED,GF3A_DIRECTIONAL_WRITE_EXHAUSTED_PRIMALITY_UNASSIGNED,513,512,512,NO_RECORDED_FACTOR_PRP_OR_LL_RESULT_AND_NO_ACTIVE_GIMPS_ASSIGNMENT,2026-08-09T04:34:14+00:00,UNALLOCATED,,,,,
SLCMP1765-0499,499,499,583524437,2^583524437-1,STRUCTURAL_SCREEN_EXHAUSTED_PRIMALITY_UNASSIGNED,GF3A_DIRECTIONAL_WRITE_EXHAUSTED_PRIMALITY_UNASSIGNED,513,512,512,NO_RECORDED_FACTOR_PRP_OR_LL_RESULT_AND_NO_ACTIVE_GIMPS_ASSIGNMENT,2026-08-09T04:34:14+00:00,UNALLOCATED,,,,,
SLCMP1765-0500,500,500,583524493,2^583524493-1,STRUCTURAL_SCREEN_EXHAUSTED_PRIMALITY_UNASSIGNED,GF3A_DIRECTIONAL_WRITE_EXHAUSTED_PRIMALITY_UNASSIGNED,513,512,512,NO_RECORDED_FACTOR_PRP_OR_LL_RESULT_AND_NO_ACTIVE_GIMPS_ASSIGNMENT,2026-08-09T04:34:14+00:00,UNALLOCATED,,,,,
SLCMP1765-0501,501,501,583524589,2^583524589-1,STRUCTURAL_SCREEN_EXHAUSTED_PRIMALITY_UNASSIGNED,GF3A_DIRECTIONAL_WRITE_EXHAUSTED_PRIMALITY_UNASSIGNED,513,512,512,NO_RECORDED_FACTOR_PRP_OR_LL_RESULT_AND_NO_ACTIVE_GIMPS_ASSIGNMENT,2026-08-09T04:34:14+00:00,UNALLOCATED,,,,,
SLCMP1765-0502,502,502,583524649,2^583524649-1,STRUCTURAL_SCREEN_EXHAUSTED_PRIMALITY_UNASSIGNED,GF3A_DIRECTIONAL_WRITE_EXHAUSTED_PRIMALITY_UNASSIGNED,513,512,512,NO_RECORDED_FACTOR_PRP_OR_LL_RESULT_AND_NO_ACTIVE_GIMPS_ASSIGNMENT,2026-08-09T04:34:14+00:00,UNALLOCATED,,,,,
SLCMP1765-0503,503,503,583524661,2^583524661-1,STRUCTURAL_SCREEN_EXHAUSTED_PRIMALITY_UNASSIGNED,GF3A_DIRECTIONAL_WRITE_EXHAUSTED_PRIMALITY_UNASSIGNED,513,512,512,NO_RECORDED_FACTOR_PRP_OR_LL_RESULT_AND_NO_ACTIVE_GIMPS_ASSIGNMENT,2026-08-09T04:34:14+00:00,UNALLOCATED,,,,,
SLCMP1765-0504,504,504,583524737,2^583524737-1,STRUCTURAL_SCREEN_EXHAUSTED_PRIMALITY_UNASSIGNED,GF3A_DIRECTIONAL_WRITE_EXHAUSTED_PRIMALITY_UNASSIGNED,513,512,512,NO_RECORDED_FACTOR_PRP_OR_LL_RESULT_AND_NO_ACTIVE_GIMPS_ASSIGNMENT,2026-08-09T04:34:14+00:00,UNALLOCATED,,,,,
SLCMP1765-0505,505,505,583524803,2^583524803-1,STRUCTURAL_SCREEN_EXHAUSTED_PRIMALITY_UNASSIGNED,GF3A_DIRECTIONAL_WRITE_EXHAUSTED_PRIMALITY_UNASSIGNED,514,512,512,NO_RECORDED_FACTOR_PRP_OR_LL_RESULT_AND_NO_ACTIVE_GIMPS_ASSIGNMENT,2026-08-09T04:34:14+00:00,UNALLOCATED,,,,,
SLCMP1765-0506,506,506,583524829,2^583524829-1,STRUCTURAL_SCREEN_EXHAUSTED_PRIMALITY_UNASSIGNED,GF3A_DIRECTIONAL_WRITE_EXHAUSTED_PRIMALITY_UNASSIGNED,513,512,512,NO_RECORDED_FACTOR_PRP_OR_LL_RESULT_AND_NO_ACTIVE_GIMPS_ASSIGNMENT,2026-08-09T04:34:14+00:00,UNALLOCATED,,,,,
SLCMP1765-0507,507,507,583524839,2^583524839-1,STRUCTURAL_SCREEN_EXHAUSTED_PRIMALITY_UNASSIGNED,GF3A_DIRECTIONAL_WRITE_EXHAUSTED_PRIMALITY_UNASSIGNED,514,512,512,NO_RECORDED_FACTOR_PRP_OR_LL_RESULT_AND_NO_ACTIVE_GIMPS_ASSIGNMENT,2026-08-09T04:34:14+00:00,UNALLOCATED,,,,,
SLCMP1765-0508,508,508,583524857,2^583524857-1,STRUCTURAL_SCREEN_EXHAUSTED_PRIMALITY_UNASSIGNED,GF3A_DIRECTIONAL_WRITE_EXHAUSTED_PRIMALITY_UNASSIGNED,513,512,512,NO_RECORDED_FACTOR_PRP_OR_LL_RESULT_AND_NO_ACTIVE_GIMPS_ASSIGNMENT,2026-08-09T04:34:14+00:00,UNALLOCATED,,,,,
SLCMP1765-0509,509,509,583525001,2^583525001-1,STRUCTURAL_SCREEN_EXHAUSTED_PRIMALITY_UNASSIGNED,GF3A_DIRECTIONAL_WRITE_EXHAUSTED_PRIMALITY_UNASSIGNED,513,512,512,NO_RECORDED_FACTOR_PRP_OR_LL_RESULT_AND_NO_ACTIVE_GIMPS_ASSIGNMENT,2026-08-09T04:34:14+00:00,UNALLOCATED,,,,,
SLCMP1765-0510,510,510,583525009,2^583525009-1,STRUCTURAL_SCREEN_EXHAUSTED_PRIMALITY_UNASSIGNED,GF3A_DIRECTIONAL_WRITE_EXHAUSTED_PRIMALITY_UNASSIGNED,513,512,512,NO_RECORDED_FACTOR_PRP_OR_LL_RESULT_AND_NO_ACTIVE_GIMPS_ASSIGNMENT,2026-08-09T04:34:14+00:00,UNALLOCATED,,,,,
SLCMP1765-0511,511,511,583525013,2^583525013-1,STRUCTURAL_SCREEN_EXHAUSTED_PRIMALITY_UNASSIGNED,GF3A_DIRECTIONAL_WRITE_EXHAUSTED_PRIMALITY_UNASSIGNED,513,512,512,NO_RECORDED_FACTOR_PRP_OR_LL_RESULT_AND_NO_ACTIVE_GIMPS_ASSIGNMENT,2026-08-09T04:34:14+00:00,UNALLOCATED,,,,,
SLCMP1765-0512,512,512,583525027,2^583525027-1,STRUCTURAL_SCREEN_EXHAUSTED_PRIMALITY_UNASSIGNED,GF3A_DIRECTIONAL_WRITE_EXHAUSTED_PRIMALITY_UNASSIGNED,514,512,512,NO_RECORDED_FACTOR_PRP_OR_LL_RESULT_AND_NO_ACTIVE_GIMPS_ASSIGNMENT,2026-08-09T04:34:14+00:00,UNALLOCATED,,,,,
SLCMP1765-0513,513,513,583525049,2^583525049-1,STRUCTURAL_SCREEN_EXHAUSTED_PRIMALITY_UNASSIGNED,GF3A_DIRECTIONAL_WRITE_EXHAUSTED_PRIMALITY_UNASSIGNED,513,512,512,NO_RECORDED_FACTOR_PRP_OR_LL_RESULT_AND_NO_ACTIVE_GIMPS_ASSIGNMENT,2026-08-09T04:34:14+00:00,UNALLOCATED,,,,,
SLCMP1765-0514,514,514,583525147,2^583525147-1,STRUCTURAL_SCREEN_EXHAUSTED_PRIMALITY_UNASSIGNED,GF3A_DIRECTIONAL_WRITE_EXHAUSTED_PRIMALITY_UNASSIGNED,514,512,512,NO_RECORDED_FACTOR_PRP_OR_LL_RESULT_AND_NO_ACTIVE_GIMPS_ASSIGNMENT,2026-08-09T04:34:14+00:00,UNALLOCATED,,,,,
SLCMP1765-0515,515,515,583525171,2^583525171-1,STRUCTURAL_SCREEN_EXHAUSTED_PRIMALITY_UNASSIGNED,GF3A_DIRECTIONAL_WRITE_EXHAUSTED_PRIMALITY_UNASSIGNED,514,512,512,NO_RECORDED_FACTOR_PRP_OR_LL_RESULT_AND_NO_ACTIVE_GIMPS_ASSIGNMENT,2026-08-09T04:34:14+00:00,UNALLOCATED,,,,,
SLCMP1765-0516,516,516,583525181,2^583525181-1,STRUCTURAL_SCREEN_EXHAUSTED_PRIMALITY_UNASSIGNED,GF3A_DIRECTIONAL_WRITE_EXHAUSTED_PRIMALITY_UNASSIGNED,513,512,512,NO_RECORDED_FACTOR_PRP_OR_LL_RESULT_AND_NO_ACTIVE_GIMPS_ASSIGNMENT,2026-08-09T04:34:14+00:00,UNALLOCATED,,,,,
SLCMP1765-0517,517,517,583525213,2^583525213-1,STRUCTURAL_SCREEN_EXHAUSTED_PRIMALITY_UNASSIGNED,GF3A_DIRECTIONAL_WRITE_EXHAUSTED_PRIMALITY_UNASSIGNED,513,512,512,NO_RECORDED_FACTOR_PRP_OR_LL_RESULT_AND_NO_ACTIVE_GIMPS_ASSIGNMENT,2026-08-09T04:34:14+00:00,UNALLOCATED,,,,,
SLCMP1765-0518,518,518,583525231,2^583525231-1,STRUCTURAL_SCREEN_EXHAUSTED_PRIMALITY_UNASSIGNED,GF3A_DIRECTIONAL_WRITE_EXHAUSTED_PRIMALITY_UNASSIGNED,514,512,512,NO_RECORDED_FACTOR_PRP_OR_LL_RESULT_AND_NO_ACTIVE_GIMPS_ASSIGNMENT,2026-08-09T04:34:14+00:00,UNALLOCATED,,,,,
SLCMP1765-0519,519,519,583525237,2^583525237-1,STRUCTURAL_SCREEN_EXHAUSTED_PRIMALITY_UNASSIGNED,GF3A_DIRECTIONAL_WRITE_EXHAUSTED_PRIMALITY_UNASSIGNED,513,512,512,NO_RECORDED_FACTOR_PRP_OR_LL_RESULT_AND_NO_ACTIVE_GIMPS_ASSIGNMENT,2026-08-09T04:34:14+00:00,UNALLOCATED,,,,,
SLCMP1765-0520,520,520,583525309,2^583525309-1,STRUCTURAL_SCREEN_EXHAUSTED_PRIMALITY_UNASSIGNED,GF3A_DIRECTIONAL_WRITE_EXHAUSTED_PRIMALITY_UNASSIGNED,513,512,512,NO_RECORDED_FACTOR_PRP_OR_LL_RESULT_AND_NO_ACTIVE_GIMPS_ASSIGNMENT,2026-08-09T04:34:14+00:00,UNALLOCATED,,,,,
SLCMP1765-0521,521,521,583525331,2^583525331-1,STRUCTURAL_SCREEN_EXHAUSTED_PRIMALITY_UNASSIGNED,GF3A_DIRECTIONAL_WRITE_EXHAUSTED_PRIMALITY_UNASSIGNED,514,512,512,NO_RECORDED_FACTOR_PRP_OR_LL_RESULT_AND_NO_ACTIVE_GIMPS_ASSIGNMENT,2026-08-09T04:34:14+00:00,UNALLOCATED,,,,,
SLCMP1765-0522,522,522,583525361,2^583525361-1,STRUCTURAL_SCREEN_EXHAUSTED_PRIMALITY_UNASSIGNED,GF3A_DIRECTIONAL_WRITE_EXHAUSTED_PRIMALITY_UNASSIGNED,513,512,512,NO_RECORDED_FACTOR_PRP_OR_LL_RESULT_AND_NO_ACTIVE_GIMPS_ASSIGNMENT,2026-08-09T04:34:14+00:00,UNALLOCATED,,,,,
SLCMP1765-0523,523,523,583525381,2^583525381-1,STRUCTURAL_SCREEN_EXHAUSTED_PRIMALITY_UNASSIGNED,GF3A_DIRECTIONAL_WRITE_EXHAUSTED_PRIMALITY_UNASSIGNED,513,512,512,NO_RECORDED_FACTOR_PRP_OR_LL_RESULT_AND_NO_ACTIVE_GIMPS_ASSIGNMENT,2026-08-09T04:34:14+00:00,UNALLOCATED,,,,,
SLCMP1765-0524,524,524,583525469,2^583525469-1,STRUCTURAL_SCREEN_EXHAUSTED_PRIMALITY_UNASSIGNED,GF3A_DIRECTIONAL_WRITE_EXHAUSTED_PRIMALITY_UNASSIGNED,513,512,512,NO_RECORDED_FACTOR_PRP_OR_LL_RESULT_AND_NO_ACTIVE_GIMPS_ASSIGNMENT,2026-08-09T04:34:14+00:00,UNALLOCATED,,,,,
SLCMP1765-0525,525,525,583525507,2^583525507-1,STRUCTURAL_SCREEN_EXHAUSTED_PRIMALITY_UNASSIGNED,GF3A_DIRECTIONAL_WRITE_EXHAUSTED_PRIMALITY_UNASSIGNED,514,512,512,NO_RECORDED_FACTOR_PRP_OR_LL_RESULT_AND_NO_ACTIVE_GIMPS_ASSIGNMENT,2026-08-09T04:34:14+00:00,UNALLOCATED,,,,,
SLCMP1765-0526,526,526,583525543,2^583525543-1,STRUCTURAL_SCREEN_EXHAUSTED_PRIMALITY_UNASSIGNED,GF3A_DIRECTIONAL_WRITE_EXHAUSTED_PRIMALITY_UNASSIGNED,514,512,512,NO_RECORDED_FACTOR_PRP_OR_LL_RESULT_AND_NO_ACTIVE_GIMPS_ASSIGNMENT,2026-08-09T04:34:14+00:00,UNALLOCATED,,,,,
SLCMP1765-0527,527,527,583525583,2^583525583-1,STRUCTURAL_SCREEN_EXHAUSTED_PRIMALITY_UNASSIGNED,GF3A_DIRECTIONAL_WRITE_EXHAUSTED_PRIMALITY_UNASSIGNED,514,512,512,NO_RECORDED_FACTOR_PRP_OR_LL_RESULT_AND_NO_ACTIVE_GIMPS_ASSIGNMENT,2026-08-09T04:34:14+00:00,UNALLOCATED,,,,,
SLCMP1765-0528,528,528,583525603,2^583525603-1,STRUCTURAL_SCREEN_EXHAUSTED_PRIMALITY_UNASSIGNED,GF3A_DIRECTIONAL_WRITE_EXHAUSTED_PRIMALITY_UNASSIGNED,514,512,512,NO_RECORDED_FACTOR_PRP_OR_LL_RESULT_AND_NO_ACTIVE_GIMPS_ASSIGNMENT,2026-08-09T04:34:14+00:00,UNALLOCATED,,,,,
SLCMP1765-0529,529,529,583525637,2^583525637-1,STRUCTURAL_SCREEN_EXHAUSTED_PRIMALITY_UNASSIGNED,GF3A_DIRECTIONAL_WRITE_EXHAUSTED_PRIMALITY_UNASSIGNED,513,512,512,NO_RECORDED_FACTOR_PRP_OR_LL_RESULT_AND_NO_ACTIVE_GIMPS_ASSIGNMENT,2026-08-09T04:34:14+00:00,UNALLOCATED,,,,,
SLCMP1765-0530,530,530,583525651,2^583525651-1,STRUCTURAL_SCREEN_EXHAUSTED_PRIMALITY_UNASSIGNED,GF3A_DIRECTIONAL_WRITE_EXHAUSTED_PRIMALITY_UNASSIGNED,514,512,512,NO_RECORDED_FACTOR_PRP_OR_LL_RESULT_AND_NO_ACTIVE_GIMPS_ASSIGNMENT,2026-08-09T04:34:14+00:00,UNALLOCATED,,,,,
SLCMP1765-0531,531,531,583525703,2^583525703-1,STRUCTURAL_SCREEN_EXHAUSTED_PRIMALITY_UNASSIGNED,GF3A_DIRECTIONAL_WRITE_EXHAUSTED_PRIMALITY_UNASSIGNED,514,512,512,NO_RECORDED_FACTOR_PRP_OR_LL_RESULT_AND_NO_ACTIVE_GIMPS_ASSIGNMENT,2026-08-09T04:34:14+00:00,UNALLOCATED,,,,,
SLCMP1765-0532,532,532,583525711,2^583525711-1,STRUCTURAL_SCREEN_EXHAUSTED_PRIMALITY_UNASSIGNED,GF3A_DIRECTIONAL_WRITE_EXHAUSTED_PRIMALITY_UNASSIGNED,514,512,512,NO_RECORDED_FACTOR_PRP_OR_LL_RESULT_AND_NO_ACTIVE_GIMPS_ASSIGNMENT,2026-08-09T04:34:14+00:00,UNALLOCATED,,,,,
SLCMP1765-0533,533,533,583525807,2^583525807-1,STRUCTURAL_SCREEN_EXHAUSTED_PRIMALITY_UNASSIGNED,GF3A_DIRECTIONAL_WRITE_EXHAUSTED_PRIMALITY_UNASSIGNED,514,512,512,NO_RECORDED_FACTOR_PRP_OR_LL_RESULT_AND_NO_ACTIVE_GIMPS_ASSIGNMENT,2026-08-09T04:34:14+00:00,UNALLOCATED,,,,,
SLCMP1765-0534,534,534,583525897,2^583525897-1,STRUCTURAL_SCREEN_EXHAUSTED_PRIMALITY_UNASSIGNED,GF3A_DIRECTIONAL_WRITE_EXHAUSTED_PRIMALITY_UNASSIGNED,513,512,512,NO_RECORDED_FACTOR_PRP_OR_LL_RESULT_AND_NO_ACTIVE_GIMPS_ASSIGNMENT,2026-08-09T04:34:14+00:00,UNALLOCATED,,,,,
SLCMP1765-0535,535,535,583525949,2^583525949-1,STRUCTURAL_SCREEN_EXHAUSTED_PRIMALITY_UNASSIGNED,GF3A_DIRECTIONAL_WRITE_EXHAUSTED_PRIMALITY_UNASSIGNED,513,512,512,NO_RECORDED_FACTOR_PRP_OR_LL_RESULT_AND_NO_ACTIVE_GIMPS_ASSIGNMENT,2026-08-09T04:34:14+00:00,UNALLOCATED,,,,,
SLCMP1765-0536,536,536,583525979,2^583525979-1,STRUCTURAL_SCREEN_EXHAUSTED_PRIMALITY_UNASSIGNED,GF3A_DIRECTIONAL_WRITE_EXHAUSTED_PRIMALITY_UNASSIGNED,514,512,512,NO_RECORDED_FACTOR_PRP_OR_LL_RESULT_AND_NO_ACTIVE_GIMPS_ASSIGNMENT,2026-08-09T04:34:14+00:00,UNALLOCATED,,,,,
SLCMP1765-0537,537,537,583525991,2^583525991-1,STRUCTURAL_SCREEN_EXHAUSTED_PRIMALITY_UNASSIGNED,GF3A_DIRECTIONAL_WRITE_EXHAUSTED_PRIMALITY_UNASSIGNED,514,512,512,NO_RECORDED_FACTOR_PRP_OR_LL_RESULT_AND_NO_ACTIVE_GIMPS_ASSIGNMENT,2026-08-09T04:34:14+00:00,UNALLOCATED,,,,,
SLCMP1765-0538,538,538,583526057,2^583526057-1,STRUCTURAL_SCREEN_EXHAUSTED_PRIMALITY_UNASSIGNED,GF3A_DIRECTIONAL_WRITE_EXHAUSTED_PRIMALITY_UNASSIGNED,513,512,512,NO_RECORDED_FACTOR_PRP_OR_LL_RESULT_AND_NO_ACTIVE_GIMPS_ASSIGNMENT,2026-08-09T04:34:14+00:00,UNALLOCATED,,,,,
SLCMP1765-0539,539,539,583526089,2^583526089-1,STRUCTURAL_SCREEN_EXHAUSTED_PRIMALITY_UNASSIGNED,GF3A_DIRECTIONAL_WRITE_EXHAUSTED_PRIMALITY_UNASSIGNED,513,512,512,NO_RECORDED_FACTOR_PRP_OR_LL_RESULT_AND_NO_ACTIVE_GIMPS_ASSIGNMENT,2026-08-09T04:34:14+00:00,UNALLOCATED,,,,,
SLCMP1765-0540,540,540,583526117,2^583526117-1,STRUCTURAL_SCREEN_EXHAUSTED_PRIMALITY_UNASSIGNED,GF3A_DIRECTIONAL_WRITE_EXHAUSTED_PRIMALITY_UNASSIGNED,513,512,512,NO_RECORDED_FACTOR_PRP_OR_LL_RESULT_AND_NO_ACTIVE_GIMPS_ASSIGNMENT,2026-08-09T04:34:14+00:00,UNALLOCATED,,,,,
SLCMP1765-0541,541,541,583526129,2^583526129-1,STRUCTURAL_SCREEN_EXHAUSTED_PRIMALITY_UNASSIGNED,GF3A_DIRECTIONAL_WRITE_EXHAUSTED_PRIMALITY_UNASSIGNED,513,512,512,NO_RECORDED_FACTOR_PRP_OR_LL_RESULT_AND_NO_ACTIVE_GIMPS_ASSIGNMENT,2026-08-09T04:34:14+00:00,UNALLOCATED,,,,,
SLCMP1765-0542,542,542,583526171,2^583526171-1,STRUCTURAL_SCREEN_EXHAUSTED_PRIMALITY_UNASSIGNED,GF3A_DIRECTIONAL_WRITE_EXHAUSTED_PRIMALITY_UNASSIGNED,514,512,512,NO_RECORDED_FACTOR_PRP_OR_LL_RESULT_AND_NO_ACTIVE_GIMPS_ASSIGNMENT,2026-08-09T04:34:14+00:00,UNALLOCATED,,,,,
SLCMP1765-0543,543,543,583526191,2^583526191-1,STRUCTURAL_SCREEN_EXHAUSTED_PRIMALITY_UNASSIGNED,GF3A_DIRECTIONAL_WRITE_EXHAUSTED_PRIMALITY_UNASSIGNED,514,512,512,NO_RECORDED_FACTOR_PRP_OR_LL_RESULT_AND_NO_ACTIVE_GIMPS_ASSIGNMENT,2026-08-09T04:34:14+00:00,UNALLOCATED,,,,,
SLCMP1765-0544,544,544,583526219,2^583526219-1,STRUCTURAL_SCREEN_EXHAUSTED_PRIMALITY_UNASSIGNED,GF3A_DIRECTIONAL_WRITE_EXHAUSTED_PRIMALITY_UNASSIGNED,514,512,512,NO_RECORDED_FACTOR_PRP_OR_LL_RESULT_AND_NO_ACTIVE_GIMPS_ASSIGNMENT,2026-08-09T04:34:14+00:00,UNALLOCATED,,,,,
SLCMP1765-0545,545,545,583526287,2^583526287-1,STRUCTURAL_SCREEN_EXHAUSTED_PRIMALITY_UNASSIGNED,GF3A_DIRECTIONAL_WRITE_EXHAUSTED_PRIMALITY_UNASSIGNED,514,512,512,NO_RECORDED_FACTOR_PRP_OR_LL_RESULT_AND_NO_ACTIVE_GIMPS_ASSIGNMENT,2026-08-09T04:34:14+00:00,UNALLOCATED,,,,,
SLCMP1765-0546,546,546,583526327,2^583526327-1,STRUCTURAL_SCREEN_EXHAUSTED_PRIMALITY_UNASSIGNED,GF3A_DIRECTIONAL_WRITE_EXHAUSTED_PRIMALITY_UNASSIGNED,514,512,512,NO_RECORDED_FACTOR_PRP_OR_LL_RESULT_AND_NO_ACTIVE_GIMPS_ASSIGNMENT,2026-08-09T04:34:14+00:00,UNALLOCATED,,,,,
SLCMP1765-0547,547,547,583526329,2^583526329-1,STRUCTURAL_SCREEN_EXHAUSTED_PRIMALITY_UNASSIGNED,GF3A_DIRECTIONAL_WRITE_EXHAUSTED_PRIMALITY_UNASSIGNED,513,512,512,NO_RECORDED_FACTOR_PRP_OR_LL_RESULT_AND_NO_ACTIVE_GIMPS_ASSIGNMENT,2026-08-09T04:34:14+00:00,UNALLOCATED,,,,,
SLCMP1765-0548,548,548,583526413,2^583526413-1,STRUCTURAL_SCREEN_EXHAUSTED_PRIMALITY_UNASSIGNED,GF3A_DIRECTIONAL_WRITE_EXHAUSTED_PRIMALITY_UNASSIGNED,513,512,512,NO_RECORDED_FACTOR_PRP_OR_LL_RESULT_AND_NO_ACTIVE_GIMPS_ASSIGNMENT,2026-08-09T04:34:14+00:00,UNALLOCATED,,,,,
SLCMP1765-0549,549,549,583526477,2^583526477-1,STRUCTURAL_SCREEN_EXHAUSTED_PRIMALITY_UNASSIGNED,GF3A_DIRECTIONAL_WRITE_EXHAUSTED_PRIMALITY_UNASSIGNED,513,512,512,NO_RECORDED_FACTOR_PRP_OR_LL_RESULT_AND_NO_ACTIVE_GIMPS_ASSIGNMENT,2026-08-09T04:34:14+00:00,UNALLOCATED,,,,,
SLCMP1765-0550,550,550,583526483,2^583526483-1,STRUCTURAL_SCREEN_EXHAUSTED_PRIMALITY_UNASSIGNED,GF3A_DIRECTIONAL_WRITE_EXHAUSTED_PRIMALITY_UNASSIGNED,514,512,512,NO_RECORDED_FACTOR_PRP_OR_LL_RESULT_AND_NO_ACTIVE_GIMPS_ASSIGNMENT,2026-08-09T04:34:14+00:00,UNALLOCATED,,,,,
SLCMP1765-0551,551,551,583526497,2^583526497-1,STRUCTURAL_SCREEN_EXHAUSTED_PRIMALITY_UNASSIGNED,GF3A_DIRECTIONAL_WRITE_EXHAUSTED_PRIMALITY_UNASSIGNED,513,512,512,NO_RECORDED_FACTOR_PRP_OR_LL_RESULT_AND_NO_ACTIVE_GIMPS_ASSIGNMENT,2026-08-09T04:34:14+00:00,UNALLOCATED,,,,,
SLCMP1765-0552,552,552,583526521,2^583526521-1,STRUCTURAL_SCREEN_EXHAUSTED_PRIMALITY_UNASSIGNED,GF3A_DIRECTIONAL_WRITE_EXHAUSTED_PRIMALITY_UNASSIGNED,513,512,512,NO_RECORDED_FACTOR_PRP_OR_LL_RESULT_AND_NO_ACTIVE_GIMPS_ASSIGNMENT,2026-08-09T04:34:14+00:00,UNALLOCATED,,,,,
SLCMP1765-0553,553,553,583526527,2^583526527-1,STRUCTURAL_SCREEN_EXHAUSTED_PRIMALITY_UNASSIGNED,GF3A_DIRECTIONAL_WRITE_EXHAUSTED_PRIMALITY_UNASSIGNED,514,512,512,NO_RECORDED_FACTOR_PRP_OR_LL_RESULT_AND_NO_ACTIVE_GIMPS_ASSIGNMENT,2026-08-09T04:34:14+00:00,UNALLOCATED,,,,,
SLCMP1765-0554,554,554,583526623,2^583526623-1,STRUCTURAL_SCREEN_EXHAUSTED_PRIMALITY_UNASSIGNED,GF3A_DIRECTIONAL_WRITE_EXHAUSTED_PRIMALITY_UNASSIGNED,514,512,512,NO_RECORDED_FACTOR_PRP_OR_LL_RESULT_AND_NO_ACTIVE_GIMPS_ASSIGNMENT,2026-08-09T04:34:14+00:00,UNALLOCATED,,,,,
SLCMP1765-0555,555,555,583526693,2^583526693-1,STRUCTURAL_SCREEN_EXHAUSTED_PRIMALITY_UNASSIGNED,GF3A_DIRECTIONAL_WRITE_EXHAUSTED_PRIMALITY_UNASSIGNED,513,512,512,NO_RECORDED_FACTOR_PRP_OR_LL_RESULT_AND_NO_ACTIVE_GIMPS_ASSIGNMENT,2026-08-09T04:34:14+00:00,UNALLOCATED,,,,,
SLCMP1765-0556,556,556,583526701,2^583526701-1,STRUCTURAL_SCREEN_EXHAUSTED_PRIMALITY_UNASSIGNED,GF3A_DIRECTIONAL_WRITE_EXHAUSTED_PRIMALITY_UNASSIGNED,513,512,512,NO_RECORDED_FACTOR_PRP_OR_LL_RESULT_AND_NO_ACTIVE_GIMPS_ASSIGNMENT,2026-08-09T04:34:14+00:00,UNALLOCATED,,,,,
SLCMP1765-0557,557,557,583526791,2^583526791-1,STRUCTURAL_SCREEN_EXHAUSTED_PRIMALITY_UNASSIGNED,GF3A_DIRECTIONAL_WRITE_EXHAUSTED_PRIMALITY_UNASSIGNED,514,512,512,NO_RECORDED_FACTOR_PRP_OR_LL_RESULT_AND_NO_ACTIVE_GIMPS_ASSIGNMENT,2026-08-09T04:34:14+00:00,UNALLOCATED,,,,,
SLCMP1765-0558,558,558,583526861,2^583526861-1,STRUCTURAL_SCREEN_EXHAUSTED_PRIMALITY_UNASSIGNED,GF3A_DIRECTIONAL_WRITE_EXHAUSTED_PRIMALITY_UNASSIGNED,513,512,512,NO_RECORDED_FACTOR_PRP_OR_LL_RESULT_AND_NO_ACTIVE_GIMPS_ASSIGNMENT,2026-08-09T04:34:14+00:00,UNALLOCATED,,,,,
SLCMP1765-0559,559,559,583526863,2^583526863-1,STRUCTURAL_SCREEN_EXHAUSTED_PRIMALITY_UNASSIGNED,GF3A_DIRECTIONAL_WRITE_EXHAUSTED_PRIMALITY_UNASSIGNED,514,512,512,NO_RECORDED_FACTOR_PRP_OR_LL_RESULT_AND_NO_ACTIVE_GIMPS_ASSIGNMENT,2026-08-09T04:34:14+00:00,UNALLOCATED,,,,,
SLCMP1765-0560,560,560,583526941,2^583526941-1,STRUCTURAL_SCREEN_EXHAUSTED_PRIMALITY_UNASSIGNED,GF3A_DIRECTIONAL_WRITE_EXHAUSTED_PRIMALITY_UNASSIGNED,513,512,512,NO_RECORDED_FACTOR_PRP_OR_LL_RESULT_AND_NO_ACTIVE_GIMPS_ASSIGNMENT,2026-08-09T04:34:14+00:00,UNALLOCATED,,,,,
SLCMP1765-0561,561,561,583526947,2^583526947-1,STRUCTURAL_SCREEN_EXHAUSTED_PRIMALITY_UNASSIGNED,GF3A_DIRECTIONAL_WRITE_EXHAUSTED_PRIMALITY_UNASSIGNED,514,512,512,NO_RECORDED_FACTOR_PRP_OR_LL_RESULT_AND_NO_ACTIVE_GIMPS_ASSIGNMENT,2026-08-09T04:34:14+00:00,UNALLOCATED,,,,,
SLCMP1765-0562,562,562,583527011,2^583527011-1,STRUCTURAL_SCREEN_EXHAUSTED_PRIMALITY_UNASSIGNED,GF3A_DIRECTIONAL_WRITE_EXHAUSTED_PRIMALITY_UNASSIGNED,514,512,512,NO_RECORDED_FACTOR_PRP_OR_LL_RESULT_AND_NO_ACTIVE_GIMPS_ASSIGNMENT,2026-08-09T04:34:14+00:00,UNALLOCATED,,,,,
SLCMP1765-0563,563,563,583527013,2^583527013-1,STRUCTURAL_SCREEN_EXHAUSTED_PRIMALITY_UNASSIGNED,GF3A_DIRECTIONAL_WRITE_EXHAUSTED_PRIMALITY_UNASSIGNED,513,512,512,NO_RECORDED_FACTOR_PRP_OR_LL_RESULT_AND_NO_ACTIVE_GIMPS_ASSIGNMENT,2026-08-09T04:34:14+00:00,UNALLOCATED,,,,,
SLCMP1765-0564,564,564,583527289,2^583527289-1,STRUCTURAL_SCREEN_EXHAUSTED_PRIMALITY_UNASSIGNED,GF3A_DIRECTIONAL_WRITE_EXHAUSTED_PRIMALITY_UNASSIGNED,513,512,512,NO_RECORDED_FACTOR_PRP_OR_LL_RESULT_AND_NO_ACTIVE_GIMPS_ASSIGNMENT,2026-08-09T04:34:14+00:00,UNALLOCATED,,,,,
SLCMP1765-0565,565,565,583527331,2^583527331-1,STRUCTURAL_SCREEN_EXHAUSTED_PRIMALITY_UNASSIGNED,GF3A_DIRECTIONAL_WRITE_EXHAUSTED_PRIMALITY_UNASSIGNED,514,512,512,NO_RECORDED_FACTOR_PRP_OR_LL_RESULT_AND_NO_ACTIVE_GIMPS_ASSIGNMENT,2026-08-09T04:34:14+00:00,UNALLOCATED,,,,,
SLCMP1765-0566,566,566,583527337,2^583527337-1,STRUCTURAL_SCREEN_EXHAUSTED_PRIMALITY_UNASSIGNED,GF3A_DIRECTIONAL_WRITE_EXHAUSTED_PRIMALITY_UNASSIGNED,513,512,512,NO_RECORDED_FACTOR_PRP_OR_LL_RESULT_AND_NO_ACTIVE_GIMPS_ASSIGNMENT,2026-08-09T04:34:14+00:00,UNALLOCATED,,,,,
SLCMP1765-0567,567,567,583527379,2^583527379-1,STRUCTURAL_SCREEN_EXHAUSTED_PRIMALITY_UNASSIGNED,GF3A_DIRECTIONAL_WRITE_EXHAUSTED_PRIMALITY_UNASSIGNED,514,512,512,NO_RECORDED_FACTOR_PRP_OR_LL_RESULT_AND_NO_ACTIVE_GIMPS_ASSIGNMENT,2026-08-09T04:34:14+00:00,UNALLOCATED,,,,,
SLCMP1765-0568,568,568,583527667,2^583527667-1,STRUCTURAL_SCREEN_EXHAUSTED_PRIMALITY_UNASSIGNED,GF3A_DIRECTIONAL_WRITE_EXHAUSTED_PRIMALITY_UNASSIGNED,514,512,512,NO_RECORDED_FACTOR_PRP_OR_LL_RESULT_AND_NO_ACTIVE_GIMPS_ASSIGNMENT,2026-08-09T04:34:14+00:00,UNALLOCATED,,,,,
SLCMP1765-0569,569,569,583527767,2^583527767-1,STRUCTURAL_SCREEN_EXHAUSTED_PRIMALITY_UNASSIGNED,GF3A_DIRECTIONAL_WRITE_EXHAUSTED_PRIMALITY_UNASSIGNED,514,512,512,NO_RECORDED_FACTOR_PRP_OR_LL_RESULT_AND_NO_ACTIVE_GIMPS_ASSIGNMENT,2026-08-09T04:34:14+00:00,UNALLOCATED,,,,,
SLCMP1765-0570,570,570,583527773,2^583527773-1,STRUCTURAL_SCREEN_EXHAUSTED_PRIMALITY_UNASSIGNED,GF3A_DIRECTIONAL_WRITE_EXHAUSTED_PRIMALITY_UNASSIGNED,513,512,512,NO_RECORDED_FACTOR_PRP_OR_LL_RESULT_AND_NO_ACTIVE_GIMPS_ASSIGNMENT,2026-08-09T04:34:14+00:00,UNALLOCATED,,,,,
SLCMP1765-0571,571,571,583527781,2^583527781-1,STRUCTURAL_SCREEN_EXHAUSTED_PRIMALITY_UNASSIGNED,GF3A_DIRECTIONAL_WRITE_EXHAUSTED_PRIMALITY_UNASSIGNED,513,512,512,NO_RECORDED_FACTOR_PRP_OR_LL_RESULT_AND_NO_ACTIVE_GIMPS_ASSIGNMENT,2026-08-09T04:34:14+00:00,UNALLOCATED,,,,,
SLCMP1765-0572,572,572,583527793,2^583527793-1,STRUCTURAL_SCREEN_EXHAUSTED_PRIMALITY_UNASSIGNED,GF3A_DIRECTIONAL_WRITE_EXHAUSTED_PRIMALITY_UNASSIGNED,513,512,512,NO_RECORDED_FACTOR_PRP_OR_LL_RESULT_AND_NO_ACTIVE_GIMPS_ASSIGNMENT,2026-08-09T04:34:14+00:00,UNALLOCATED,,,,,
SLCMP1765-0573,573,573,583527869,2^583527869-1,STRUCTURAL_SCREEN_EXHAUSTED_PRIMALITY_UNASSIGNED,GF3A_DIRECTIONAL_WRITE_EXHAUSTED_PRIMALITY_UNASSIGNED,513,512,512,NO_RECORDED_FACTOR_PRP_OR_LL_RESULT_AND_NO_ACTIVE_GIMPS_ASSIGNMENT,2026-08-09T04:34:14+00:00,UNALLOCATED,,,,,
SLCMP1765-0574,574,574,583527881,2^583527881-1,STRUCTURAL_SCREEN_EXHAUSTED_PRIMALITY_UNASSIGNED,GF3A_DIRECTIONAL_WRITE_EXHAUSTED_PRIMALITY_UNASSIGNED,513,512,512,NO_RECORDED_FACTOR_PRP_OR_LL_RESULT_AND_NO_ACTIVE_GIMPS_ASSIGNMENT,2026-08-09T04:34:14+00:00,UNALLOCATED,,,,,
SLCMP1765-0575,575,575,583528027,2^583528027-1,STRUCTURAL_SCREEN_EXHAUSTED_PRIMALITY_UNASSIGNED,GF3A_DIRECTIONAL_WRITE_EXHAUSTED_PRIMALITY_UNASSIGNED,514,512,512,NO_RECORDED_FACTOR_PRP_OR_LL_RESULT_AND_NO_ACTIVE_GIMPS_ASSIGNMENT,2026-08-09T04:34:14+00:00,UNALLOCATED,,,,,
SLCMP1765-0576,576,576,583528181,2^583528181-1,STRUCTURAL_SCREEN_EXHAUSTED_PRIMALITY_UNASSIGNED,GF3A_DIRECTIONAL_WRITE_EXHAUSTED_PRIMALITY_UNASSIGNED,513,512,512,NO_RECORDED_FACTOR_PRP_OR_LL_RESULT_AND_NO_ACTIVE_GIMPS_ASSIGNMENT,2026-08-09T04:34:14+00:00,UNALLOCATED,,,,,
SLCMP1765-0577,577,577,583528261,2^583528261-1,STRUCTURAL_SCREEN_EXHAUSTED_PRIMALITY_UNASSIGNED,GF3A_DIRECTIONAL_WRITE_EXHAUSTED_PRIMALITY_UNASSIGNED,513,512,512,NO_RECORDED_FACTOR_PRP_OR_LL_RESULT_AND_NO_ACTIVE_GIMPS_ASSIGNMENT,2026-08-09T04:34:14+00:00,UNALLOCATED,,,,,
SLCMP1765-0578,578,578,583528291,2^583528291-1,STRUCTURAL_SCREEN_EXHAUSTED_PRIMALITY_UNASSIGNED,GF3A_DIRECTIONAL_WRITE_EXHAUSTED_PRIMALITY_UNASSIGNED,514,512,512,NO_RECORDED_FACTOR_PRP_OR_LL_RESULT_AND_NO_ACTIVE_GIMPS_ASSIGNMENT,2026-08-09T04:34:14+00:00,UNALLOCATED,,,,,
SLCMP1765-0579,579,579,583528321,2^583528321-1,STRUCTURAL_SCREEN_EXHAUSTED_PRIMALITY_UNASSIGNED,GF3A_DIRECTIONAL_WRITE_EXHAUSTED_PRIMALITY_UNASSIGNED,513,512,512,NO_RECORDED_FACTOR_PRP_OR_LL_RESULT_AND_NO_ACTIVE_GIMPS_ASSIGNMENT,2026-08-09T04:34:14+00:00,UNALLOCATED,,,,,
SLCMP1765-0580,580,580,583528327,2^583528327-1,STRUCTURAL_SCREEN_EXHAUSTED_PRIMALITY_UNASSIGNED,GF3A_DIRECTIONAL_WRITE_EXHAUSTED_PRIMALITY_UNASSIGNED,514,512,512,NO_RECORDED_FACTOR_PRP_OR_LL_RESULT_AND_NO_ACTIVE_GIMPS_ASSIGNMENT,2026-08-09T04:34:14+00:00,UNALLOCATED,,,,,
SLCMP1765-0581,581,581,583528541,2^583528541-1,STRUCTURAL_SCREEN_EXHAUSTED_PRIMALITY_UNASSIGNED,GF3A_DIRECTIONAL_WRITE_EXHAUSTED_PRIMALITY_UNASSIGNED,513,512,512,NO_RECORDED_FACTOR_PRP_OR_LL_RESULT_AND_NO_ACTIVE_GIMPS_ASSIGNMENT,2026-08-09T04:34:14+00:00,UNALLOCATED,,,,,
SLCMP1765-0582,582,582,583528549,2^583528549-1,STRUCTURAL_SCREEN_EXHAUSTED_PRIMALITY_UNASSIGNED,GF3A_DIRECTIONAL_WRITE_EXHAUSTED_PRIMALITY_UNASSIGNED,513,512,512,NO_RECORDED_FACTOR_PRP_OR_LL_RESULT_AND_NO_ACTIVE_GIMPS_ASSIGNMENT,2026-08-09T04:34:14+00:00,UNALLOCATED,,,,,
SLCMP1765-0583,583,583,583528573,2^583528573-1,STRUCTURAL_SCREEN_EXHAUSTED_PRIMALITY_UNASSIGNED,GF3A_DIRECTIONAL_WRITE_EXHAUSTED_PRIMALITY_UNASSIGNED,513,512,512,NO_RECORDED_FACTOR_PRP_OR_LL_RESULT_AND_NO_ACTIVE_GIMPS_ASSIGNMENT,2026-08-09T04:34:14+00:00,UNALLOCATED,,,,,
SLCMP1765-0584,584,584,583528609,2^583528609-1,STRUCTURAL_SCREEN_EXHAUSTED_PRIMALITY_UNASSIGNED,GF3A_DIRECTIONAL_WRITE_EXHAUSTED_PRIMALITY_UNASSIGNED,513,512,512,NO_RECORDED_FACTOR_PRP_OR_LL_RESULT_AND_NO_ACTIVE_GIMPS_ASSIGNMENT,2026-08-09T04:34:14+00:00,UNALLOCATED,,,,,
SLCMP1765-0585,585,585,583528711,2^583528711-1,STRUCTURAL_SCREEN_EXHAUSTED_PRIMALITY_UNASSIGNED,GF3A_DIRECTIONAL_WRITE_EXHAUSTED_PRIMALITY_UNASSIGNED,514,512,512,NO_RECORDED_FACTOR_PRP_OR_LL_RESULT_AND_NO_ACTIVE_GIMPS_ASSIGNMENT,2026-08-09T04:34:14+00:00,UNALLOCATED,,,,,
SLCMP1765-0586,586,586,583528787,2^583528787-1,STRUCTURAL_SCREEN_EXHAUSTED_PRIMALITY_UNASSIGNED,GF3A_DIRECTIONAL_WRITE_EXHAUSTED_PRIMALITY_UNASSIGNED,514,512,512,NO_RECORDED_FACTOR_PRP_OR_LL_RESULT_AND_NO_ACTIVE_GIMPS_ASSIGNMENT,2026-08-09T04:34:14+00:00,UNALLOCATED,,,,,
SLCMP1765-0587,587,587,583528793,2^583528793-1,STRUCTURAL_SCREEN_EXHAUSTED_PRIMALITY_UNASSIGNED,GF3A_DIRECTIONAL_WRITE_EXHAUSTED_PRIMALITY_UNASSIGNED,513,512,512,NO_RECORDED_FACTOR_PRP_OR_LL_RESULT_AND_NO_ACTIVE_GIMPS_ASSIGNMENT,2026-08-09T04:34:14+00:00,UNALLOCATED,,,,,
SLCMP1765-0588,588,588,583528819,2^583528819-1,STRUCTURAL_SCREEN_EXHAUSTED_PRIMALITY_UNASSIGNED,GF3A_DIRECTIONAL_WRITE_EXHAUSTED_PRIMALITY_UNASSIGNED,514,512,512,NO_RECORDED_FACTOR_PRP_OR_LL_RESULT_AND_NO_ACTIVE_GIMPS_ASSIGNMENT,2026-08-09T04:34:14+00:00,UNALLOCATED,,,,,
SLCMP1765-0589,589,589,583528873,2^583528873-1,STRUCTURAL_SCREEN_EXHAUSTED_PRIMALITY_UNASSIGNED,GF3A_DIRECTIONAL_WRITE_EXHAUSTED_PRIMALITY_UNASSIGNED,513,512,512,NO_RECORDED_FACTOR_PRP_OR_LL_RESULT_AND_NO_ACTIVE_GIMPS_ASSIGNMENT,2026-08-09T04:34:14+00:00,UNALLOCATED,,,,,
SLCMP1765-0590,590,590,583528951,2^583528951-1,STRUCTURAL_SCREEN_EXHAUSTED_PRIMALITY_UNASSIGNED,GF3A_DIRECTIONAL_WRITE_EXHAUSTED_PRIMALITY_UNASSIGNED,514,512,512,NO_RECORDED_FACTOR_PRP_OR_LL_RESULT_AND_NO_ACTIVE_GIMPS_ASSIGNMENT,2026-08-09T04:34:14+00:00,UNALLOCATED,,,,,
SLCMP1765-0591,591,591,583528973,2^583528973-1,STRUCTURAL_SCREEN_EXHAUSTED_PRIMALITY_UNASSIGNED,GF3A_DIRECTIONAL_WRITE_EXHAUSTED_PRIMALITY_UNASSIGNED,513,512,512,NO_RECORDED_FACTOR_PRP_OR_LL_RESULT_AND_NO_ACTIVE_GIMPS_ASSIGNMENT,2026-08-09T04:34:14+00:00,UNALLOCATED,,,,,
SLCMP1765-0592,592,592,583529153,2^583529153-1,STRUCTURAL_SCREEN_EXHAUSTED_PRIMALITY_UNASSIGNED,GF3A_DIRECTIONAL_WRITE_EXHAUSTED_PRIMALITY_UNASSIGNED,513,512,512,NO_RECORDED_FACTOR_PRP_OR_LL_RESULT_AND_NO_ACTIVE_GIMPS_ASSIGNMENT,2026-08-09T04:34:14+00:00,UNALLOCATED,,,,,
SLCMP1765-0593,593,593,583529209,2^583529209-1,STRUCTURAL_SCREEN_EXHAUSTED_PRIMALITY_UNASSIGNED,GF3A_DIRECTIONAL_WRITE_EXHAUSTED_PRIMALITY_UNASSIGNED,513,512,512,NO_RECORDED_FACTOR_PRP_OR_LL_RESULT_AND_NO_ACTIVE_GIMPS_ASSIGNMENT,2026-08-09T04:34:14+00:00,UNALLOCATED,,,,,
SLCMP1765-0594,594,594,583529269,2^583529269-1,STRUCTURAL_SCREEN_EXHAUSTED_PRIMALITY_UNASSIGNED,GF3A_DIRECTIONAL_WRITE_EXHAUSTED_PRIMALITY_UNASSIGNED,513,512,512,NO_RECORDED_FACTOR_PRP_OR_LL_RESULT_AND_NO_ACTIVE_GIMPS_ASSIGNMENT,2026-08-09T04:34:14+00:00,UNALLOCATED,,,,,
SLCMP1765-0595,595,595,583529431,2^583529431-1,STRUCTURAL_SCREEN_EXHAUSTED_PRIMALITY_UNASSIGNED,GF3A_DIRECTIONAL_WRITE_EXHAUSTED_PRIMALITY_UNASSIGNED,514,512,512,NO_RECORDED_FACTOR_PRP_OR_LL_RESULT_AND_NO_ACTIVE_GIMPS_ASSIGNMENT,2026-08-09T04:34:14+00:00,UNALLOCATED,,,,,
SLCMP1765-0596,596,596,583529459,2^583529459-1,STRUCTURAL_SCREEN_EXHAUSTED_PRIMALITY_UNASSIGNED,GF3A_DIRECTIONAL_WRITE_EXHAUSTED_PRIMALITY_UNASSIGNED,514,512,512,NO_RECORDED_FACTOR_PRP_OR_LL_RESULT_AND_NO_ACTIVE_GIMPS_ASSIGNMENT,2026-08-09T04:34:14+00:00,UNALLOCATED,,,,,
SLCMP1765-0597,597,597,583529489,2^583529489-1,STRUCTURAL_SCREEN_EXHAUSTED_PRIMALITY_UNASSIGNED,GF3A_DIRECTIONAL_WRITE_EXHAUSTED_PRIMALITY_UNASSIGNED,513,512,512,NO_RECORDED_FACTOR_PRP_OR_LL_RESULT_AND_NO_ACTIVE_GIMPS_ASSIGNMENT,2026-08-09T04:34:14+00:00,UNALLOCATED,,,,,
SLCMP1765-0598,598,598,583529497,2^583529497-1,STRUCTURAL_SCREEN_EXHAUSTED_PRIMALITY_UNASSIGNED,GF3A_DIRECTIONAL_WRITE_EXHAUSTED_PRIMALITY_UNASSIGNED,513,512,512,NO_RECORDED_FACTOR_PRP_OR_LL_RESULT_AND_NO_ACTIVE_GIMPS_ASSIGNMENT,2026-08-09T04:34:14+00:00,UNALLOCATED,,,,,
SLCMP1765-0599,599,599,583529521,2^583529521-1,STRUCTURAL_SCREEN_EXHAUSTED_PRIMALITY_UNASSIGNED,GF3A_DIRECTIONAL_WRITE_EXHAUSTED_PRIMALITY_UNASSIGNED,513,512,512,NO_RECORDED_FACTOR_PRP_OR_LL_RESULT_AND_NO_ACTIVE_GIMPS_ASSIGNMENT,2026-08-09T04:34:14+00:00,UNALLOCATED,,,,,
SLCMP1765-0600,600,600,583529543,2^583529543-1,STRUCTURAL_SCREEN_EXHAUSTED_PRIMALITY_UNASSIGNED,GF3A_DIRECTIONAL_WRITE_EXHAUSTED_PRIMALITY_UNASSIGNED,514,512,512,NO_RECORDED_FACTOR_PRP_OR_LL_RESULT_AND_NO_ACTIVE_GIMPS_ASSIGNMENT,2026-08-09T04:34:14+00:00,UNALLOCATED,,,,,
SLCMP1765-0601,601,601,583529669,2^583529669-1,STRUCTURAL_SCREEN_EXHAUSTED_PRIMALITY_UNASSIGNED,GF3A_DIRECTIONAL_WRITE_EXHAUSTED_PRIMALITY_UNASSIGNED,513,512,512,NO_RECORDED_FACTOR_PRP_OR_LL_RESULT_AND_NO_ACTIVE_GIMPS_ASSIGNMENT,2026-08-09T04:34:14+00:00,UNALLOCATED,,,,,
SLCMP1765-0602,602,602,583529813,2^583529813-1,STRUCTURAL_SCREEN_EXHAUSTED_PRIMALITY_UNASSIGNED,GF3A_DIRECTIONAL_WRITE_EXHAUSTED_PRIMALITY_UNASSIGNED,513,512,512,NO_RECORDED_FACTOR_PRP_OR_LL_RESULT_AND_NO_ACTIVE_GIMPS_ASSIGNMENT,2026-08-09T04:34:14+00:00,UNALLOCATED,,,,,
SLCMP1765-0603,603,603,583529893,2^583529893-1,STRUCTURAL_SCREEN_EXHAUSTED_PRIMALITY_UNASSIGNED,GF3A_DIRECTIONAL_WRITE_EXHAUSTED_PRIMALITY_UNASSIGNED,513,512,512,NO_RECORDED_FACTOR_PRP_OR_LL_RESULT_AND_NO_ACTIVE_GIMPS_ASSIGNMENT,2026-08-09T04:34:14+00:00,UNALLOCATED,,,,,
SLCMP1765-0604,604,604,583529959,2^583529959-1,STRUCTURAL_SCREEN_EXHAUSTED_PRIMALITY_UNASSIGNED,GF3A_DIRECTIONAL_WRITE_EXHAUSTED_PRIMALITY_UNASSIGNED,514,512,512,NO_RECORDED_FACTOR_PRP_OR_LL_RESULT_AND_NO_ACTIVE_GIMPS_ASSIGNMENT,2026-08-09T04:34:14+00:00,UNALLOCATED,,,,,
SLCMP1765-0605,605,605,583530007,2^583530007-1,STRUCTURAL_SCREEN_EXHAUSTED_PRIMALITY_UNASSIGNED,GF3A_DIRECTIONAL_WRITE_EXHAUSTED_PRIMALITY_UNASSIGNED,514,512,512,NO_RECORDED_FACTOR_PRP_OR_LL_RESULT_AND_NO_ACTIVE_GIMPS_ASSIGNMENT,2026-08-09T04:34:14+00:00,UNALLOCATED,,,,,
SLCMP1765-0606,606,606,583530061,2^583530061-1,STRUCTURAL_SCREEN_EXHAUSTED_PRIMALITY_UNASSIGNED,GF3A_DIRECTIONAL_WRITE_EXHAUSTED_PRIMALITY_UNASSIGNED,513,512,512,NO_RECORDED_FACTOR_PRP_OR_LL_RESULT_AND_NO_ACTIVE_GIMPS_ASSIGNMENT,2026-08-09T04:34:14+00:00,UNALLOCATED,,,,,
SLCMP1765-0607,607,607,583530313,2^583530313-1,STRUCTURAL_SCREEN_EXHAUSTED_PRIMALITY_UNASSIGNED,GF3A_DIRECTIONAL_WRITE_EXHAUSTED_PRIMALITY_UNASSIGNED,513,512,512,NO_RECORDED_FACTOR_PRP_OR_LL_RESULT_AND_NO_ACTIVE_GIMPS_ASSIGNMENT,2026-08-09T04:34:14+00:00,UNALLOCATED,,,,,
SLCMP1765-0608,608,608,583530379,2^583530379-1,STRUCTURAL_SCREEN_EXHAUSTED_PRIMALITY_UNASSIGNED,GF3A_DIRECTIONAL_WRITE_EXHAUSTED_PRIMALITY_UNASSIGNED,514,512,512,NO_RECORDED_FACTOR_PRP_OR_LL_RESULT_AND_NO_ACTIVE_GIMPS_ASSIGNMENT,2026-08-09T04:34:14+00:00,UNALLOCATED,,,,,
SLCMP1765-0609,609,609,583530509,2^583530509-1,STRUCTURAL_SCREEN_EXHAUSTED_PRIMALITY_UNASSIGNED,GF3A_DIRECTIONAL_WRITE_EXHAUSTED_PRIMALITY_UNASSIGNED,513,512,512,NO_RECORDED_FACTOR_PRP_OR_LL_RESULT_AND_NO_ACTIVE_GIMPS_ASSIGNMENT,2026-08-09T04:34:14+00:00,UNALLOCATED,,,,,
SLCMP1765-0610,610,610,583530517,2^583530517-1,STRUCTURAL_SCREEN_EXHAUSTED_PRIMALITY_UNASSIGNED,GF3A_DIRECTIONAL_WRITE_EXHAUSTED_PRIMALITY_UNASSIGNED,513,512,512,NO_RECORDED_FACTOR_PRP_OR_LL_RESULT_AND_NO_ACTIVE_GIMPS_ASSIGNMENT,2026-08-09T04:34:14+00:00,UNALLOCATED,,,,,
SLCMP1765-0611,611,611,583530523,2^583530523-1,STRUCTURAL_SCREEN_EXHAUSTED_PRIMALITY_UNASSIGNED,GF3A_DIRECTIONAL_WRITE_EXHAUSTED_PRIMALITY_UNASSIGNED,514,512,512,NO_RECORDED_FACTOR_PRP_OR_LL_RESULT_AND_NO_ACTIVE_GIMPS_ASSIGNMENT,2026-08-09T04:34:14+00:00,UNALLOCATED,,,,,
SLCMP1765-0612,612,612,583530581,2^583530581-1,STRUCTURAL_SCREEN_EXHAUSTED_PRIMALITY_UNASSIGNED,GF3A_DIRECTIONAL_WRITE_EXHAUSTED_PRIMALITY_UNASSIGNED,513,512,512,NO_RECORDED_FACTOR_PRP_OR_LL_RESULT_AND_NO_ACTIVE_GIMPS_ASSIGNMENT,2026-08-09T04:34:14+00:00,UNALLOCATED,,,,,
SLCMP1765-0613,613,613,583530617,2^583530617-1,STRUCTURAL_SCREEN_EXHAUSTED_PRIMALITY_UNASSIGNED,GF3A_DIRECTIONAL_WRITE_EXHAUSTED_PRIMALITY_UNASSIGNED,513,512,512,NO_RECORDED_FACTOR_PRP_OR_LL_RESULT_AND_NO_ACTIVE_GIMPS_ASSIGNMENT,2026-08-09T04:34:14+00:00,UNALLOCATED,,,,,
SLCMP1765-0614,614,614,583530643,2^583530643-1,STRUCTURAL_SCREEN_EXHAUSTED_PRIMALITY_UNASSIGNED,GF3A_DIRECTIONAL_WRITE_EXHAUSTED_PRIMALITY_UNASSIGNED,514,512,512,NO_RECORDED_FACTOR_PRP_OR_LL_RESULT_AND_NO_ACTIVE_GIMPS_ASSIGNMENT,2026-08-09T04:34:14+00:00,UNALLOCATED,,,,,
SLCMP1765-0615,615,615,583530713,2^583530713-1,STRUCTURAL_SCREEN_EXHAUSTED_PRIMALITY_UNASSIGNED,GF3A_DIRECTIONAL_WRITE_EXHAUSTED_PRIMALITY_UNASSIGNED,513,512,512,NO_RECORDED_FACTOR_PRP_OR_LL_RESULT_AND_NO_ACTIVE_GIMPS_ASSIGNMENT,2026-08-09T04:34:14+00:00,UNALLOCATED,,,,,
SLCMP1765-0616,616,616,583530719,2^583530719-1,STRUCTURAL_SCREEN_EXHAUSTED_PRIMALITY_UNASSIGNED,GF3A_DIRECTIONAL_WRITE_EXHAUSTED_PRIMALITY_UNASSIGNED,514,512,512,NO_RECORDED_FACTOR_PRP_OR_LL_RESULT_AND_NO_ACTIVE_GIMPS_ASSIGNMENT,2026-08-09T04:34:14+00:00,UNALLOCATED,,,,,
SLCMP1765-0617,617,617,583530767,2^583530767-1,STRUCTURAL_SCREEN_EXHAUSTED_PRIMALITY_UNASSIGNED,GF3A_DIRECTIONAL_WRITE_EXHAUSTED_PRIMALITY_UNASSIGNED,514,512,512,NO_RECORDED_FACTOR_PRP_OR_LL_RESULT_AND_NO_ACTIVE_GIMPS_ASSIGNMENT,2026-08-09T04:34:14+00:00,UNALLOCATED,,,,,
SLCMP1765-0618,618,618,583530791,2^583530791-1,STRUCTURAL_SCREEN_EXHAUSTED_PRIMALITY_UNASSIGNED,GF3A_DIRECTIONAL_WRITE_EXHAUSTED_PRIMALITY_UNASSIGNED,514,512,512,NO_RECORDED_FACTOR_PRP_OR_LL_RESULT_AND_NO_ACTIVE_GIMPS_ASSIGNMENT,2026-08-09T04:34:14+00:00,UNALLOCATED,,,,,
SLCMP1765-0619,619,619,583530917,2^583530917-1,STRUCTURAL_SCREEN_EXHAUSTED_PRIMALITY_UNASSIGNED,GF3A_DIRECTIONAL_WRITE_EXHAUSTED_PRIMALITY_UNASSIGNED,513,512,512,NO_RECORDED_FACTOR_PRP_OR_LL_RESULT_AND_NO_ACTIVE_GIMPS_ASSIGNMENT,2026-08-09T04:34:14+00:00,UNALLOCATED,,,,,
SLCMP1765-0620,620,620,583530979,2^583530979-1,STRUCTURAL_SCREEN_EXHAUSTED_PRIMALITY_UNASSIGNED,GF3A_DIRECTIONAL_WRITE_EXHAUSTED_PRIMALITY_UNASSIGNED,514,512,512,NO_RECORDED_FACTOR_PRP_OR_LL_RESULT_AND_NO_ACTIVE_GIMPS_ASSIGNMENT,2026-08-09T04:34:14+00:00,UNALLOCATED,,,,,
SLCMP1765-0621,621,621,583530989,2^583530989-1,STRUCTURAL_SCREEN_EXHAUSTED_PRIMALITY_UNASSIGNED,GF3A_DIRECTIONAL_WRITE_EXHAUSTED_PRIMALITY_UNASSIGNED,513,512,512,NO_RECORDED_FACTOR_PRP_OR_LL_RESULT_AND_NO_ACTIVE_GIMPS_ASSIGNMENT,2026-08-09T04:34:14+00:00,UNALLOCATED,,,,,
SLCMP1765-0622,622,622,583531079,2^583531079-1,STRUCTURAL_SCREEN_EXHAUSTED_PRIMALITY_UNASSIGNED,GF3A_DIRECTIONAL_WRITE_EXHAUSTED_PRIMALITY_UNASSIGNED,514,512,512,NO_RECORDED_FACTOR_PRP_OR_LL_RESULT_AND_NO_ACTIVE_GIMPS_ASSIGNMENT,2026-08-09T04:34:14+00:00,UNALLOCATED,,,,,
SLCMP1765-0623,623,623,583531111,2^583531111-1,STRUCTURAL_SCREEN_EXHAUSTED_PRIMALITY_UNASSIGNED,GF3A_DIRECTIONAL_WRITE_EXHAUSTED_PRIMALITY_UNASSIGNED,514,512,512,NO_RECORDED_FACTOR_PRP_OR_LL_RESULT_AND_NO_ACTIVE_GIMPS_ASSIGNMENT,2026-08-09T04:34:14+00:00,UNALLOCATED,,,,,
SLCMP1765-0624,624,624,583531133,2^583531133-1,STRUCTURAL_SCREEN_EXHAUSTED_PRIMALITY_UNASSIGNED,GF3A_DIRECTIONAL_WRITE_EXHAUSTED_PRIMALITY_UNASSIGNED,513,512,512,NO_RECORDED_FACTOR_PRP_OR_LL_RESULT_AND_NO_ACTIVE_GIMPS_ASSIGNMENT,2026-08-09T04:34:14+00:00,UNALLOCATED,,,,,
SLCMP1765-0625,625,625,583531177,2^583531177-1,STRUCTURAL_SCREEN_EXHAUSTED_PRIMALITY_UNASSIGNED,GF3A_DIRECTIONAL_WRITE_EXHAUSTED_PRIMALITY_UNASSIGNED,513,512,512,NO_RECORDED_FACTOR_PRP_OR_LL_RESULT_AND_NO_ACTIVE_GIMPS_ASSIGNMENT,2026-08-09T04:34:14+00:00,UNALLOCATED,,,,,
SLCMP1765-0626,626,626,583531279,2^583531279-1,STRUCTURAL_SCREEN_EXHAUSTED_PRIMALITY_UNASSIGNED,GF3A_DIRECTIONAL_WRITE_EXHAUSTED_PRIMALITY_UNASSIGNED,514,512,512,NO_RECORDED_FACTOR_PRP_OR_LL_RESULT_AND_NO_ACTIVE_GIMPS_ASSIGNMENT,2026-08-09T04:34:14+00:00,UNALLOCATED,,,,,
SLCMP1765-0627,627,627,583531387,2^583531387-1,STRUCTURAL_SCREEN_EXHAUSTED_PRIMALITY_UNASSIGNED,GF3A_DIRECTIONAL_WRITE_EXHAUSTED_PRIMALITY_UNASSIGNED,514,512,512,NO_RECORDED_FACTOR_PRP_OR_LL_RESULT_AND_NO_ACTIVE_GIMPS_ASSIGNMENT,2026-08-09T04:34:14+00:00,UNALLOCATED,,,,,
SLCMP1765-0628,628,628,583531469,2^583531469-1,STRUCTURAL_SCREEN_EXHAUSTED_PRIMALITY_UNASSIGNED,GF3A_DIRECTIONAL_WRITE_EXHAUSTED_PRIMALITY_UNASSIGNED,513,512,512,NO_RECORDED_FACTOR_PRP_OR_LL_RESULT_AND_NO_ACTIVE_GIMPS_ASSIGNMENT,2026-08-09T04:34:14+00:00,UNALLOCATED,,,,,
SLCMP1765-0629,629,629,583531471,2^583531471-1,STRUCTURAL_SCREEN_EXHAUSTED_PRIMALITY_UNASSIGNED,GF3A_DIRECTIONAL_WRITE_EXHAUSTED_PRIMALITY_UNASSIGNED,514,512,512,NO_RECORDED_FACTOR_PRP_OR_LL_RESULT_AND_NO_ACTIVE_GIMPS_ASSIGNMENT,2026-08-09T04:34:14+00:00,UNALLOCATED,,,,,
SLCMP1765-0630,630,630,583531489,2^583531489-1,STRUCTURAL_SCREEN_EXHAUSTED_PRIMALITY_UNASSIGNED,GF3A_DIRECTIONAL_WRITE_EXHAUSTED_PRIMALITY_UNASSIGNED,513,512,512,NO_RECORDED_FACTOR_PRP_OR_LL_RESULT_AND_NO_ACTIVE_GIMPS_ASSIGNMENT,2026-08-09T04:34:14+00:00,UNALLOCATED,,,,,
SLCMP1765-0631,631,631,583531493,2^583531493-1,STRUCTURAL_SCREEN_EXHAUSTED_PRIMALITY_UNASSIGNED,GF3A_DIRECTIONAL_WRITE_EXHAUSTED_PRIMALITY_UNASSIGNED,513,512,512,NO_RECORDED_FACTOR_PRP_OR_LL_RESULT_AND_NO_ACTIVE_GIMPS_ASSIGNMENT,2026-08-09T04:34:14+00:00,UNALLOCATED,,,,,
SLCMP1765-0632,632,632,583531633,2^583531633-1,STRUCTURAL_SCREEN_EXHAUSTED_PRIMALITY_UNASSIGNED,GF3A_DIRECTIONAL_WRITE_EXHAUSTED_PRIMALITY_UNASSIGNED,513,512,512,NO_RECORDED_FACTOR_PRP_OR_LL_RESULT_AND_NO_ACTIVE_GIMPS_ASSIGNMENT,2026-08-09T04:34:14+00:00,UNALLOCATED,,,,,
SLCMP1765-0633,633,633,583531651,2^583531651-1,STRUCTURAL_SCREEN_EXHAUSTED_PRIMALITY_UNASSIGNED,GF3A_DIRECTIONAL_WRITE_EXHAUSTED_PRIMALITY_UNASSIGNED,514,512,512,NO_RECORDED_FACTOR_PRP_OR_LL_RESULT_AND_NO_ACTIVE_GIMPS_ASSIGNMENT,2026-08-09T04:34:14+00:00,UNALLOCATED,,,,,
SLCMP1765-0634,634,634,583531717,2^583531717-1,STRUCTURAL_SCREEN_EXHAUSTED_PRIMALITY_UNASSIGNED,GF3A_DIRECTIONAL_WRITE_EXHAUSTED_PRIMALITY_UNASSIGNED,513,512,512,NO_RECORDED_FACTOR_PRP_OR_LL_RESULT_AND_NO_ACTIVE_GIMPS_ASSIGNMENT,2026-08-09T04:34:14+00:00,UNALLOCATED,,,,,
SLCMP1765-0635,635,635,583531757,2^583531757-1,STRUCTURAL_SCREEN_EXHAUSTED_PRIMALITY_UNASSIGNED,GF3A_DIRECTIONAL_WRITE_EXHAUSTED_PRIMALITY_UNASSIGNED,513,512,512,NO_RECORDED_FACTOR_PRP_OR_LL_RESULT_AND_NO_ACTIVE_GIMPS_ASSIGNMENT,2026-08-09T04:34:14+00:00,UNALLOCATED,,,,,
SLCMP1765-0636,636,636,583531787,2^583531787-1,STRUCTURAL_SCREEN_EXHAUSTED_PRIMALITY_UNASSIGNED,GF3A_DIRECTIONAL_WRITE_EXHAUSTED_PRIMALITY_UNASSIGNED,514,512,512,NO_RECORDED_FACTOR_PRP_OR_LL_RESULT_AND_NO_ACTIVE_GIMPS_ASSIGNMENT,2026-08-09T04:34:14+00:00,UNALLOCATED,,,,,
SLCMP1765-0637,637,637,583531789,2^583531789-1,STRUCTURAL_SCREEN_EXHAUSTED_PRIMALITY_UNASSIGNED,GF3A_DIRECTIONAL_WRITE_EXHAUSTED_PRIMALITY_UNASSIGNED,513,512,512,NO_RECORDED_FACTOR_PRP_OR_LL_RESULT_AND_NO_ACTIVE_GIMPS_ASSIGNMENT,2026-08-09T04:34:14+00:00,UNALLOCATED,,,,,
SLCMP1765-0638,638,638,583531849,2^583531849-1,STRUCTURAL_SCREEN_EXHAUSTED_PRIMALITY_UNASSIGNED,GF3A_DIRECTIONAL_WRITE_EXHAUSTED_PRIMALITY_UNASSIGNED,513,512,512,NO_RECORDED_FACTOR_PRP_OR_LL_RESULT_AND_NO_ACTIVE_GIMPS_ASSIGNMENT,2026-08-09T04:34:14+00:00,UNALLOCATED,,,,,
SLCMP1765-0639,639,639,583531859,2^583531859-1,STRUCTURAL_SCREEN_EXHAUSTED_PRIMALITY_UNASSIGNED,GF3A_DIRECTIONAL_WRITE_EXHAUSTED_PRIMALITY_UNASSIGNED,514,512,512,NO_RECORDED_FACTOR_PRP_OR_LL_RESULT_AND_NO_ACTIVE_GIMPS_ASSIGNMENT,2026-08-09T04:34:14+00:00,UNALLOCATED,,,,,
SLCMP1765-0640,640,640,583531867,2^583531867-1,STRUCTURAL_SCREEN_EXHAUSTED_PRIMALITY_UNASSIGNED,GF3A_DIRECTIONAL_WRITE_EXHAUSTED_PRIMALITY_UNASSIGNED,514,512,512,NO_RECORDED_FACTOR_PRP_OR_LL_RESULT_AND_NO_ACTIVE_GIMPS_ASSIGNMENT,2026-08-09T04:34:14+00:00,UNALLOCATED,,,,,
SLCMP1765-0641,641,641,583531969,2^583531969-1,STRUCTURAL_SCREEN_EXHAUSTED_PRIMALITY_UNASSIGNED,GF3A_DIRECTIONAL_WRITE_EXHAUSTED_PRIMALITY_UNASSIGNED,513,512,512,NO_RECORDED_FACTOR_PRP_OR_LL_RESULT_AND_NO_ACTIVE_GIMPS_ASSIGNMENT,2026-08-09T04:34:14+00:00,UNALLOCATED,,,,,
SLCMP1765-0642,642,642,583532063,2^583532063-1,STRUCTURAL_SCREEN_EXHAUSTED_PRIMALITY_UNASSIGNED,GF3A_DIRECTIONAL_WRITE_EXHAUSTED_PRIMALITY_UNASSIGNED,514,512,512,NO_RECORDED_FACTOR_PRP_OR_LL_RESULT_AND_NO_ACTIVE_GIMPS_ASSIGNMENT,2026-08-09T04:34:14+00:00,UNALLOCATED,,,,,
SLCMP1765-0643,643,643,583532093,2^583532093-1,STRUCTURAL_SCREEN_EXHAUSTED_PRIMALITY_UNASSIGNED,GF3A_DIRECTIONAL_WRITE_EXHAUSTED_PRIMALITY_UNASSIGNED,513,512,512,NO_RECORDED_FACTOR_PRP_OR_LL_RESULT_AND_NO_ACTIVE_GIMPS_ASSIGNMENT,2026-08-09T04:34:14+00:00,UNALLOCATED,,,,,
SLCMP1765-0644,644,644,583532179,2^583532179-1,STRUCTURAL_SCREEN_EXHAUSTED_PRIMALITY_UNASSIGNED,GF3A_DIRECTIONAL_WRITE_EXHAUSTED_PRIMALITY_UNASSIGNED,514,512,512,NO_RECORDED_FACTOR_PRP_OR_LL_RESULT_AND_NO_ACTIVE_GIMPS_ASSIGNMENT,2026-08-09T04:34:14+00:00,UNALLOCATED,,,,,
SLCMP1765-0645,645,645,583532267,2^583532267-1,STRUCTURAL_SCREEN_EXHAUSTED_PRIMALITY_UNASSIGNED,GF3A_DIRECTIONAL_WRITE_EXHAUSTED_PRIMALITY_UNASSIGNED,514,512,512,NO_RECORDED_FACTOR_PRP_OR_LL_RESULT_AND_NO_ACTIVE_GIMPS_ASSIGNMENT,2026-08-09T04:34:14+00:00,UNALLOCATED,,,,,
SLCMP1765-0646,646,646,583532273,2^583532273-1,STRUCTURAL_SCREEN_EXHAUSTED_PRIMALITY_UNASSIGNED,GF3A_DIRECTIONAL_WRITE_EXHAUSTED_PRIMALITY_UNASSIGNED,513,512,512,NO_RECORDED_FACTOR_PRP_OR_LL_RESULT_AND_NO_ACTIVE_GIMPS_ASSIGNMENT,2026-08-09T04:34:14+00:00,UNALLOCATED,,,,,
SLCMP1765-0647,647,647,583532281,2^583532281-1,STRUCTURAL_SCREEN_EXHAUSTED_PRIMALITY_UNASSIGNED,GF3A_DIRECTIONAL_WRITE_EXHAUSTED_PRIMALITY_UNASSIGNED,513,512,512,NO_RECORDED_FACTOR_PRP_OR_LL_RESULT_AND_NO_ACTIVE_GIMPS_ASSIGNMENT,2026-08-09T04:34:14+00:00,UNALLOCATED,,,,,
SLCMP1765-0648,648,648,583532357,2^583532357-1,STRUCTURAL_SCREEN_EXHAUSTED_PRIMALITY_UNASSIGNED,GF3A_DIRECTIONAL_WRITE_EXHAUSTED_PRIMALITY_UNASSIGNED,513,512,512,NO_RECORDED_FACTOR_PRP_OR_LL_RESULT_AND_NO_ACTIVE_GIMPS_ASSIGNMENT,2026-08-09T04:34:14+00:00,UNALLOCATED,,,,,
SLCMP1765-0649,649,649,583532407,2^583532407-1,STRUCTURAL_SCREEN_EXHAUSTED_PRIMALITY_UNASSIGNED,GF3A_DIRECTIONAL_WRITE_EXHAUSTED_PRIMALITY_UNASSIGNED,514,512,512,NO_RECORDED_FACTOR_PRP_OR_LL_RESULT_AND_NO_ACTIVE_GIMPS_ASSIGNMENT,2026-08-09T04:34:14+00:00,UNALLOCATED,,,,,
SLCMP1765-0650,650,650,583532431,2^583532431-1,STRUCTURAL_SCREEN_EXHAUSTED_PRIMALITY_UNASSIGNED,GF3A_DIRECTIONAL_WRITE_EXHAUSTED_PRIMALITY_UNASSIGNED,514,512,512,NO_RECORDED_FACTOR_PRP_OR_LL_RESULT_AND_NO_ACTIVE_GIMPS_ASSIGNMENT,2026-08-09T04:34:14+00:00,UNALLOCATED,,,,,
SLCMP1765-0651,651,651,583532441,2^583532441-1,STRUCTURAL_SCREEN_EXHAUSTED_PRIMALITY_UNASSIGNED,GF3A_DIRECTIONAL_WRITE_EXHAUSTED_PRIMALITY_UNASSIGNED,513,512,512,NO_RECORDED_FACTOR_PRP_OR_LL_RESULT_AND_NO_ACTIVE_GIMPS_ASSIGNMENT,2026-08-09T04:34:14+00:00,UNALLOCATED,,,,,
SLCMP1765-0652,652,652,583532539,2^583532539-1,STRUCTURAL_SCREEN_EXHAUSTED_PRIMALITY_UNASSIGNED,GF3A_DIRECTIONAL_WRITE_EXHAUSTED_PRIMALITY_UNASSIGNED,514,512,512,NO_RECORDED_FACTOR_PRP_OR_LL_RESULT_AND_NO_ACTIVE_GIMPS_ASSIGNMENT,2026-08-09T04:34:14+00:00,UNALLOCATED,,,,,
SLCMP1765-0653,653,653,583532603,2^583532603-1,STRUCTURAL_SCREEN_EXHAUSTED_PRIMALITY_UNASSIGNED,GF3A_DIRECTIONAL_WRITE_EXHAUSTED_PRIMALITY_UNASSIGNED,514,512,512,NO_RECORDED_FACTOR_PRP_OR_LL_RESULT_AND_NO_ACTIVE_GIMPS_ASSIGNMENT,2026-08-09T04:34:14+00:00,UNALLOCATED,,,,,
SLCMP1765-0654,654,654,583532629,2^583532629-1,STRUCTURAL_SCREEN_EXHAUSTED_PRIMALITY_UNASSIGNED,GF3A_DIRECTIONAL_WRITE_EXHAUSTED_PRIMALITY_UNASSIGNED,513,512,512,NO_RECORDED_FACTOR_PRP_OR_LL_RESULT_AND_NO_ACTIVE_GIMPS_ASSIGNMENT,2026-08-09T04:34:14+00:00,UNALLOCATED,,,,,
SLCMP1765-0655,655,655,583532641,2^583532641-1,STRUCTURAL_SCREEN_EXHAUSTED_PRIMALITY_UNASSIGNED,GF3A_DIRECTIONAL_WRITE_EXHAUSTED_PRIMALITY_UNASSIGNED,513,512,512,NO_RECORDED_FACTOR_PRP_OR_LL_RESULT_AND_NO_ACTIVE_GIMPS_ASSIGNMENT,2026-08-09T04:34:14+00:00,UNALLOCATED,,,,,
SLCMP1765-0656,656,656,583532689,2^583532689-1,STRUCTURAL_SCREEN_EXHAUSTED_PRIMALITY_UNASSIGNED,GF3A_DIRECTIONAL_WRITE_EXHAUSTED_PRIMALITY_UNASSIGNED,513,512,512,NO_RECORDED_FACTOR_PRP_OR_LL_RESULT_AND_NO_ACTIVE_GIMPS_ASSIGNMENT,2026-08-09T04:34:14+00:00,UNALLOCATED,,,,,
SLCMP1765-0657,657,657,583532707,2^583532707-1,STRUCTURAL_SCREEN_EXHAUSTED_PRIMALITY_UNASSIGNED,GF3A_DIRECTIONAL_WRITE_EXHAUSTED_PRIMALITY_UNASSIGNED,514,512,512,NO_RECORDED_FACTOR_PRP_OR_LL_RESULT_AND_NO_ACTIVE_GIMPS_ASSIGNMENT,2026-08-09T04:34:14+00:00,UNALLOCATED,,,,,
SLCMP1765-0658,658,658,583532779,2^583532779-1,STRUCTURAL_SCREEN_EXHAUSTED_PRIMALITY_UNASSIGNED,GF3A_DIRECTIONAL_WRITE_EXHAUSTED_PRIMALITY_UNASSIGNED,514,512,512,NO_RECORDED_FACTOR_PRP_OR_LL_RESULT_AND_NO_ACTIVE_GIMPS_ASSIGNMENT,2026-08-09T04:34:14+00:00,UNALLOCATED,,,,,
SLCMP1765-0659,659,659,583532813,2^583532813-1,STRUCTURAL_SCREEN_EXHAUSTED_PRIMALITY_UNASSIGNED,GF3A_DIRECTIONAL_WRITE_EXHAUSTED_PRIMALITY_UNASSIGNED,513,512,512,NO_RECORDED_FACTOR_PRP_OR_LL_RESULT_AND_NO_ACTIVE_GIMPS_ASSIGNMENT,2026-08-09T04:34:14+00:00,UNALLOCATED,,,,,
SLCMP1765-0660,660,660,583532821,2^583532821-1,STRUCTURAL_SCREEN_EXHAUSTED_PRIMALITY_UNASSIGNED,GF3A_DIRECTIONAL_WRITE_EXHAUSTED_PRIMALITY_UNASSIGNED,513,512,512,NO_RECORDED_FACTOR_PRP_OR_LL_RESULT_AND_NO_ACTIVE_GIMPS_ASSIGNMENT,2026-08-09T04:34:14+00:00,UNALLOCATED,,,,,
SLCMP1765-0661,661,661,583532857,2^583532857-1,STRUCTURAL_SCREEN_EXHAUSTED_PRIMALITY_UNASSIGNED,GF3A_DIRECTIONAL_WRITE_EXHAUSTED_PRIMALITY_UNASSIGNED,513,512,512,NO_RECORDED_FACTOR_PRP_OR_LL_RESULT_AND_NO_ACTIVE_GIMPS_ASSIGNMENT,2026-08-09T04:34:14+00:00,UNALLOCATED,,,,,
SLCMP1765-0662,662,662,583532987,2^583532987-1,STRUCTURAL_SCREEN_EXHAUSTED_PRIMALITY_UNASSIGNED,GF3A_DIRECTIONAL_WRITE_EXHAUSTED_PRIMALITY_UNASSIGNED,514,512,512,NO_RECORDED_FACTOR_PRP_OR_LL_RESULT_AND_NO_ACTIVE_GIMPS_ASSIGNMENT,2026-08-09T04:34:14+00:00,UNALLOCATED,,,,,
SLCMP1765-0663,663,663,583533011,2^583533011-1,STRUCTURAL_SCREEN_EXHAUSTED_PRIMALITY_UNASSIGNED,GF3A_DIRECTIONAL_WRITE_EXHAUSTED_PRIMALITY_UNASSIGNED,514,512,512,NO_RECORDED_FACTOR_PRP_OR_LL_RESULT_AND_NO_ACTIVE_GIMPS_ASSIGNMENT,2026-08-09T04:34:14+00:00,UNALLOCATED,,,,,
SLCMP1765-0664,664,664,583533043,2^583533043-1,STRUCTURAL_SCREEN_EXHAUSTED_PRIMALITY_UNASSIGNED,GF3A_DIRECTIONAL_WRITE_EXHAUSTED_PRIMALITY_UNASSIGNED,514,512,512,NO_RECORDED_FACTOR_PRP_OR_LL_RESULT_AND_NO_ACTIVE_GIMPS_ASSIGNMENT,2026-08-09T04:34:14+00:00,UNALLOCATED,,,,,
SLCMP1765-0665,665,665,583533089,2^583533089-1,STRUCTURAL_SCREEN_EXHAUSTED_PRIMALITY_UNASSIGNED,GF3A_DIRECTIONAL_WRITE_EXHAUSTED_PRIMALITY_UNASSIGNED,513,512,512,NO_RECORDED_FACTOR_PRP_OR_LL_RESULT_AND_NO_ACTIVE_GIMPS_ASSIGNMENT,2026-08-09T04:34:14+00:00,UNALLOCATED,,,,,
SLCMP1765-0666,666,666,583533169,2^583533169-1,STRUCTURAL_SCREEN_EXHAUSTED_PRIMALITY_UNASSIGNED,GF3A_DIRECTIONAL_WRITE_EXHAUSTED_PRIMALITY_UNASSIGNED,513,512,512,NO_RECORDED_FACTOR_PRP_OR_LL_RESULT_AND_NO_ACTIVE_GIMPS_ASSIGNMENT,2026-08-09T04:34:14+00:00,UNALLOCATED,,,,,
SLCMP1765-0667,667,667,583533193,2^583533193-1,STRUCTURAL_SCREEN_EXHAUSTED_PRIMALITY_UNASSIGNED,GF3A_DIRECTIONAL_WRITE_EXHAUSTED_PRIMALITY_UNASSIGNED,513,512,512,NO_RECORDED_FACTOR_PRP_OR_LL_RESULT_AND_NO_ACTIVE_GIMPS_ASSIGNMENT,2026-08-09T04:34:14+00:00,UNALLOCATED,,,,,
SLCMP1765-0668,668,668,583533271,2^583533271-1,STRUCTURAL_SCREEN_EXHAUSTED_PRIMALITY_UNASSIGNED,GF3A_DIRECTIONAL_WRITE_EXHAUSTED_PRIMALITY_UNASSIGNED,514,512,512,NO_RECORDED_FACTOR_PRP_OR_LL_RESULT_AND_NO_ACTIVE_GIMPS_ASSIGNMENT,2026-08-09T04:34:14+00:00,UNALLOCATED,,,,,
SLCMP1765-0669,669,669,583533277,2^583533277-1,STRUCTURAL_SCREEN_EXHAUSTED_PRIMALITY_UNASSIGNED,GF3A_DIRECTIONAL_WRITE_EXHAUSTED_PRIMALITY_UNASSIGNED,513,512,512,NO_RECORDED_FACTOR_PRP_OR_LL_RESULT_AND_NO_ACTIVE_GIMPS_ASSIGNMENT,2026-08-09T04:34:14+00:00,UNALLOCATED,,,,,
SLCMP1765-0670,670,670,583533289,2^583533289-1,STRUCTURAL_SCREEN_EXHAUSTED_PRIMALITY_UNASSIGNED,GF3A_DIRECTIONAL_WRITE_EXHAUSTED_PRIMALITY_UNASSIGNED,513,512,512,NO_RECORDED_FACTOR_PRP_OR_LL_RESULT_AND_NO_ACTIVE_GIMPS_ASSIGNMENT,2026-08-09T04:34:14+00:00,UNALLOCATED,,,,,
SLCMP1765-0671,671,671,583533329,2^583533329-1,STRUCTURAL_SCREEN_EXHAUSTED_PRIMALITY_UNASSIGNED,GF3A_DIRECTIONAL_WRITE_EXHAUSTED_PRIMALITY_UNASSIGNED,513,512,512,NO_RECORDED_FACTOR_PRP_OR_LL_RESULT_AND_NO_ACTIVE_GIMPS_ASSIGNMENT,2026-08-09T04:34:14+00:00,UNALLOCATED,,,,,
SLCMP1765-0672,672,672,583533373,2^583533373-1,STRUCTURAL_SCREEN_EXHAUSTED_PRIMALITY_UNASSIGNED,GF3A_DIRECTIONAL_WRITE_EXHAUSTED_PRIMALITY_UNASSIGNED,513,512,512,NO_RECORDED_FACTOR_PRP_OR_LL_RESULT_AND_NO_ACTIVE_GIMPS_ASSIGNMENT,2026-08-09T04:34:14+00:00,UNALLOCATED,,,,,
SLCMP1765-0673,673,673,583533383,2^583533383-1,STRUCTURAL_SCREEN_EXHAUSTED_PRIMALITY_UNASSIGNED,GF3A_DIRECTIONAL_WRITE_EXHAUSTED_PRIMALITY_UNASSIGNED,514,512,512,NO_RECORDED_FACTOR_PRP_OR_LL_RESULT_AND_NO_ACTIVE_GIMPS_ASSIGNMENT,2026-08-09T04:34:14+00:00,UNALLOCATED,,,,,
SLCMP1765-0674,674,674,583533403,2^583533403-1,STRUCTURAL_SCREEN_EXHAUSTED_PRIMALITY_UNASSIGNED,GF3A_DIRECTIONAL_WRITE_EXHAUSTED_PRIMALITY_UNASSIGNED,514,512,512,NO_RECORDED_FACTOR_PRP_OR_LL_RESULT_AND_NO_ACTIVE_GIMPS_ASSIGNMENT,2026-08-09T04:34:14+00:00,UNALLOCATED,,,,,
SLCMP1765-0675,675,675,583533439,2^583533439-1,STRUCTURAL_SCREEN_EXHAUSTED_PRIMALITY_UNASSIGNED,GF3A_DIRECTIONAL_WRITE_EXHAUSTED_PRIMALITY_UNASSIGNED,514,512,512,NO_RECORDED_FACTOR_PRP_OR_LL_RESULT_AND_NO_ACTIVE_GIMPS_ASSIGNMENT,2026-08-09T04:34:14+00:00,UNALLOCATED,,,,,
SLCMP1765-0676,676,676,583533493,2^583533493-1,STRUCTURAL_SCREEN_EXHAUSTED_PRIMALITY_UNASSIGNED,GF3A_DIRECTIONAL_WRITE_EXHAUSTED_PRIMALITY_UNASSIGNED,513,512,512,NO_RECORDED_FACTOR_PRP_OR_LL_RESULT_AND_NO_ACTIVE_GIMPS_ASSIGNMENT,2026-08-09T04:34:14+00:00,UNALLOCATED,,,,,
SLCMP1765-0677,677,677,583533497,2^583533497-1,STRUCTURAL_SCREEN_EXHAUSTED_PRIMALITY_UNASSIGNED,GF3A_DIRECTIONAL_WRITE_EXHAUSTED_PRIMALITY_UNASSIGNED,513,512,512,NO_RECORDED_FACTOR_PRP_OR_LL_RESULT_AND_NO_ACTIVE_GIMPS_ASSIGNMENT,2026-08-09T04:34:14+00:00,UNALLOCATED,,,,,
SLCMP1765-0678,678,678,583533499,2^583533499-1,STRUCTURAL_SCREEN_EXHAUSTED_PRIMALITY_UNASSIGNED,GF3A_DIRECTIONAL_WRITE_EXHAUSTED_PRIMALITY_UNASSIGNED,514,512,512,NO_RECORDED_FACTOR_PRP_OR_LL_RESULT_AND_NO_ACTIVE_GIMPS_ASSIGNMENT,2026-08-09T04:34:14+00:00,UNALLOCATED,,,,,
SLCMP1765-0679,679,679,583533523,2^583533523-1,STRUCTURAL_SCREEN_EXHAUSTED_PRIMALITY_UNASSIGNED,GF3A_DIRECTIONAL_WRITE_EXHAUSTED_PRIMALITY_UNASSIGNED,514,512,512,NO_RECORDED_FACTOR_PRP_OR_LL_RESULT_AND_NO_ACTIVE_GIMPS_ASSIGNMENT,2026-08-09T04:34:14+00:00,UNALLOCATED,,,,,
SLCMP1765-0680,680,680,583533569,2^583533569-1,STRUCTURAL_SCREEN_EXHAUSTED_PRIMALITY_UNASSIGNED,GF3A_DIRECTIONAL_WRITE_EXHAUSTED_PRIMALITY_UNASSIGNED,513,512,512,NO_RECORDED_FACTOR_PRP_OR_LL_RESULT_AND_NO_ACTIVE_GIMPS_ASSIGNMENT,2026-08-09T04:34:14+00:00,UNALLOCATED,,,,,
SLCMP1765-0681,681,681,583533581,2^583533581-1,STRUCTURAL_SCREEN_EXHAUSTED_PRIMALITY_UNASSIGNED,GF3A_DIRECTIONAL_WRITE_EXHAUSTED_PRIMALITY_UNASSIGNED,513,512,512,NO_RECORDED_FACTOR_PRP_OR_LL_RESULT_AND_NO_ACTIVE_GIMPS_ASSIGNMENT,2026-08-09T04:34:14+00:00,UNALLOCATED,,,,,
SLCMP1765-0682,682,682,583533641,2^583533641-1,STRUCTURAL_SCREEN_EXHAUSTED_PRIMALITY_UNASSIGNED,GF3A_DIRECTIONAL_WRITE_EXHAUSTED_PRIMALITY_UNASSIGNED,513,512,512,NO_RECORDED_FACTOR_PRP_OR_LL_RESULT_AND_NO_ACTIVE_GIMPS_ASSIGNMENT,2026-08-09T04:34:14+00:00,UNALLOCATED,,,,,
SLCMP1765-0683,683,683,583533649,2^583533649-1,STRUCTURAL_SCREEN_EXHAUSTED_PRIMALITY_UNASSIGNED,GF3A_DIRECTIONAL_WRITE_EXHAUSTED_PRIMALITY_UNASSIGNED,513,512,512,NO_RECORDED_FACTOR_PRP_OR_LL_RESULT_AND_NO_ACTIVE_GIMPS_ASSIGNMENT,2026-08-09T04:34:14+00:00,UNALLOCATED,,,,,
SLCMP1765-0684,684,684,583533701,2^583533701-1,STRUCTURAL_SCREEN_EXHAUSTED_PRIMALITY_UNASSIGNED,GF3A_DIRECTIONAL_WRITE_EXHAUSTED_PRIMALITY_UNASSIGNED,513,512,512,NO_RECORDED_FACTOR_PRP_OR_LL_RESULT_AND_NO_ACTIVE_GIMPS_ASSIGNMENT,2026-08-09T04:34:14+00:00,UNALLOCATED,,,,,
SLCMP1765-0685,685,685,583533817,2^583533817-1,STRUCTURAL_SCREEN_EXHAUSTED_PRIMALITY_UNASSIGNED,GF3A_DIRECTIONAL_WRITE_EXHAUSTED_PRIMALITY_UNASSIGNED,513,512,512,NO_RECORDED_FACTOR_PRP_OR_LL_RESULT_AND_NO_ACTIVE_GIMPS_ASSIGNMENT,2026-08-09T04:34:14+00:00,UNALLOCATED,,,,,
SLCMP1765-0686,686,686,583533889,2^583533889-1,STRUCTURAL_SCREEN_EXHAUSTED_PRIMALITY_UNASSIGNED,GF3A_DIRECTIONAL_WRITE_EXHAUSTED_PRIMALITY_UNASSIGNED,513,512,512,NO_RECORDED_FACTOR_PRP_OR_LL_RESULT_AND_NO_ACTIVE_GIMPS_ASSIGNMENT,2026-08-09T04:34:14+00:00,UNALLOCATED,,,,,
SLCMP1765-0687,687,687,583533901,2^583533901-1,STRUCTURAL_SCREEN_EXHAUSTED_PRIMALITY_UNASSIGNED,GF3A_DIRECTIONAL_WRITE_EXHAUSTED_PRIMALITY_UNASSIGNED,513,512,512,NO_RECORDED_FACTOR_PRP_OR_LL_RESULT_AND_NO_ACTIVE_GIMPS_ASSIGNMENT,2026-08-09T04:34:14+00:00,UNALLOCATED,,,,,
SLCMP1765-0688,688,688,583533983,2^583533983-1,STRUCTURAL_SCREEN_EXHAUSTED_PRIMALITY_UNASSIGNED,GF3A_DIRECTIONAL_WRITE_EXHAUSTED_PRIMALITY_UNASSIGNED,514,512,512,NO_RECORDED_FACTOR_PRP_OR_LL_RESULT_AND_NO_ACTIVE_GIMPS_ASSIGNMENT,2026-08-09T04:34:14+00:00,UNALLOCATED,,,,,
SLCMP1765-0689,689,689,583534033,2^583534033-1,STRUCTURAL_SCREEN_EXHAUSTED_PRIMALITY_UNASSIGNED,GF3A_DIRECTIONAL_WRITE_EXHAUSTED_PRIMALITY_UNASSIGNED,513,512,512,NO_RECORDED_FACTOR_PRP_OR_LL_RESULT_AND_NO_ACTIVE_GIMPS_ASSIGNMENT,2026-08-09T04:34:14+00:00,UNALLOCATED,,,,,
SLCMP1765-0690,690,690,583534097,2^583534097-1,STRUCTURAL_SCREEN_EXHAUSTED_PRIMALITY_UNASSIGNED,GF3A_DIRECTIONAL_WRITE_EXHAUSTED_PRIMALITY_UNASSIGNED,513,512,512,NO_RECORDED_FACTOR_PRP_OR_LL_RESULT_AND_NO_ACTIVE_GIMPS_ASSIGNMENT,2026-08-09T04:34:14+00:00,UNALLOCATED,,,,,
SLCMP1765-0691,691,691,583534121,2^583534121-1,STRUCTURAL_SCREEN_EXHAUSTED_PRIMALITY_UNASSIGNED,GF3A_DIRECTIONAL_WRITE_EXHAUSTED_PRIMALITY_UNASSIGNED,513,512,512,NO_RECORDED_FACTOR_PRP_OR_LL_RESULT_AND_NO_ACTIVE_GIMPS_ASSIGNMENT,2026-08-09T04:34:14+00:00,UNALLOCATED,,,,,
SLCMP1765-0692,692,692,583534153,2^583534153-1,STRUCTURAL_SCREEN_EXHAUSTED_PRIMALITY_UNASSIGNED,GF3A_DIRECTIONAL_WRITE_EXHAUSTED_PRIMALITY_UNASSIGNED,513,512,512,NO_RECORDED_FACTOR_PRP_OR_LL_RESULT_AND_NO_ACTIVE_GIMPS_ASSIGNMENT,2026-08-09T04:34:14+00:00,UNALLOCATED,,,,,
SLCMP1765-0693,693,693,583534157,2^583534157-1,STRUCTURAL_SCREEN_EXHAUSTED_PRIMALITY_UNASSIGNED,GF3A_DIRECTIONAL_WRITE_EXHAUSTED_PRIMALITY_UNASSIGNED,513,512,512,NO_RECORDED_FACTOR_PRP_OR_LL_RESULT_AND_NO_ACTIVE_GIMPS_ASSIGNMENT,2026-08-09T04:34:14+00:00,UNALLOCATED,,,,,
SLCMP1765-0694,694,694,583534169,2^583534169-1,STRUCTURAL_SCREEN_EXHAUSTED_PRIMALITY_UNASSIGNED,GF3A_DIRECTIONAL_WRITE_EXHAUSTED_PRIMALITY_UNASSIGNED,513,512,512,NO_RECORDED_FACTOR_PRP_OR_LL_RESULT_AND_NO_ACTIVE_GIMPS_ASSIGNMENT,2026-08-09T04:34:14+00:00,UNALLOCATED,,,,,
SLCMP1765-0695,695,695,583534183,2^583534183-1,STRUCTURAL_SCREEN_EXHAUSTED_PRIMALITY_UNASSIGNED,GF3A_DIRECTIONAL_WRITE_EXHAUSTED_PRIMALITY_UNASSIGNED,514,512,512,NO_RECORDED_FACTOR_PRP_OR_LL_RESULT_AND_NO_ACTIVE_GIMPS_ASSIGNMENT,2026-08-09T04:34:14+00:00,UNALLOCATED,,,,,
SLCMP1765-0696,696,696,583534229,2^583534229-1,STRUCTURAL_SCREEN_EXHAUSTED_PRIMALITY_UNASSIGNED,GF3A_DIRECTIONAL_WRITE_EXHAUSTED_PRIMALITY_UNASSIGNED,513,512,512,NO_RECORDED_FACTOR_PRP_OR_LL_RESULT_AND_NO_ACTIVE_GIMPS_ASSIGNMENT,2026-08-09T04:34:14+00:00,UNALLOCATED,,,,,
SLCMP1765-0697,697,697,583534253,2^583534253-1,STRUCTURAL_SCREEN_EXHAUSTED_PRIMALITY_UNASSIGNED,GF3A_DIRECTIONAL_WRITE_EXHAUSTED_PRIMALITY_UNASSIGNED,513,512,512,NO_RECORDED_FACTOR_PRP_OR_LL_RESULT_AND_NO_ACTIVE_GIMPS_ASSIGNMENT,2026-08-09T04:34:14+00:00,UNALLOCATED,,,,,
SLCMP1765-0698,698,698,583534277,2^583534277-1,STRUCTURAL_SCREEN_EXHAUSTED_PRIMALITY_UNASSIGNED,GF3A_DIRECTIONAL_WRITE_EXHAUSTED_PRIMALITY_UNASSIGNED,513,512,512,NO_RECORDED_FACTOR_PRP_OR_LL_RESULT_AND_NO_ACTIVE_GIMPS_ASSIGNMENT,2026-08-09T04:34:14+00:00,UNALLOCATED,,,,,
SLCMP1765-0699,699,699,583534309,2^583534309-1,STRUCTURAL_SCREEN_EXHAUSTED_PRIMALITY_UNASSIGNED,GF3A_DIRECTIONAL_WRITE_EXHAUSTED_PRIMALITY_UNASSIGNED,513,512,512,NO_RECORDED_FACTOR_PRP_OR_LL_RESULT_AND_NO_ACTIVE_GIMPS_ASSIGNMENT,2026-08-09T04:34:14+00:00,UNALLOCATED,,,,,
SLCMP1765-0700,700,700,583534321,2^583534321-1,STRUCTURAL_SCREEN_EXHAUSTED_PRIMALITY_UNASSIGNED,GF3A_DIRECTIONAL_WRITE_EXHAUSTED_PRIMALITY_UNASSIGNED,513,512,512,NO_RECORDED_FACTOR_PRP_OR_LL_RESULT_AND_NO_ACTIVE_GIMPS_ASSIGNMENT,2026-08-09T04:34:14+00:00,UNALLOCATED,,,,,
SLCMP1765-0701,701,701,583534349,2^583534349-1,STRUCTURAL_SCREEN_EXHAUSTED_PRIMALITY_UNASSIGNED,GF3A_DIRECTIONAL_WRITE_EXHAUSTED_PRIMALITY_UNASSIGNED,513,512,512,NO_RECORDED_FACTOR_PRP_OR_LL_RESULT_AND_NO_ACTIVE_GIMPS_ASSIGNMENT,2026-08-09T04:34:14+00:00,UNALLOCATED,,,,,
SLCMP1765-0702,702,702,583534499,2^583534499-1,STRUCTURAL_SCREEN_EXHAUSTED_PRIMALITY_UNASSIGNED,GF3A_DIRECTIONAL_WRITE_EXHAUSTED_PRIMALITY_UNASSIGNED,514,512,512,NO_RECORDED_FACTOR_PRP_OR_LL_RESULT_AND_NO_ACTIVE_GIMPS_ASSIGNMENT,2026-08-09T04:34:14+00:00,UNALLOCATED,,,,,
SLCMP1765-0703,703,703,583534519,2^583534519-1,STRUCTURAL_SCREEN_EXHAUSTED_PRIMALITY_UNASSIGNED,GF3A_DIRECTIONAL_WRITE_EXHAUSTED_PRIMALITY_UNASSIGNED,514,512,512,NO_RECORDED_FACTOR_PRP_OR_LL_RESULT_AND_NO_ACTIVE_GIMPS_ASSIGNMENT,2026-08-09T04:34:14+00:00,UNALLOCATED,,,,,
SLCMP1765-0704,704,704,583534543,2^583534543-1,STRUCTURAL_SCREEN_EXHAUSTED_PRIMALITY_UNASSIGNED,GF3A_DIRECTIONAL_WRITE_EXHAUSTED_PRIMALITY_UNASSIGNED,514,512,512,NO_RECORDED_FACTOR_PRP_OR_LL_RESULT_AND_NO_ACTIVE_GIMPS_ASSIGNMENT,2026-08-09T04:34:14+00:00,UNALLOCATED,,,,,
SLCMP1765-0705,705,705,583534597,2^583534597-1,STRUCTURAL_SCREEN_EXHAUSTED_PRIMALITY_UNASSIGNED,GF3A_DIRECTIONAL_WRITE_EXHAUSTED_PRIMALITY_UNASSIGNED,513,512,512,NO_RECORDED_FACTOR_PRP_OR_LL_RESULT_AND_NO_ACTIVE_GIMPS_ASSIGNMENT,2026-08-09T04:34:14+00:00,UNALLOCATED,,,,,
SLCMP1765-0706,706,706,583534619,2^583534619-1,STRUCTURAL_SCREEN_EXHAUSTED_PRIMALITY_UNASSIGNED,GF3A_DIRECTIONAL_WRITE_EXHAUSTED_PRIMALITY_UNASSIGNED,514,512,512,NO_RECORDED_FACTOR_PRP_OR_LL_RESULT_AND_NO_ACTIVE_GIMPS_ASSIGNMENT,2026-08-09T04:34:14+00:00,UNALLOCATED,,,,,
SLCMP1765-0707,707,707,583534663,2^583534663-1,STRUCTURAL_SCREEN_EXHAUSTED_PRIMALITY_UNASSIGNED,GF3A_DIRECTIONAL_WRITE_EXHAUSTED_PRIMALITY_UNASSIGNED,514,512,512,NO_RECORDED_FACTOR_PRP_OR_LL_RESULT_AND_NO_ACTIVE_GIMPS_ASSIGNMENT,2026-08-09T04:34:14+00:00,UNALLOCATED,,,,,
SLCMP1765-0708,708,708,583534681,2^583534681-1,STRUCTURAL_SCREEN_EXHAUSTED_PRIMALITY_UNASSIGNED,GF3A_DIRECTIONAL_WRITE_EXHAUSTED_PRIMALITY_UNASSIGNED,513,512,512,NO_RECORDED_FACTOR_PRP_OR_LL_RESULT_AND_NO_ACTIVE_GIMPS_ASSIGNMENT,2026-08-09T04:34:14+00:00,UNALLOCATED,,,,,
SLCMP1765-0709,709,709,583534727,2^583534727-1,STRUCTURAL_SCREEN_EXHAUSTED_PRIMALITY_UNASSIGNED,GF3A_DIRECTIONAL_WRITE_EXHAUSTED_PRIMALITY_UNASSIGNED,514,512,512,NO_RECORDED_FACTOR_PRP_OR_LL_RESULT_AND_NO_ACTIVE_GIMPS_ASSIGNMENT,2026-08-09T04:34:14+00:00,UNALLOCATED,,,,,
SLCMP1765-0710,710,710,583534747,2^583534747-1,STRUCTURAL_SCREEN_EXHAUSTED_PRIMALITY_UNASSIGNED,GF3A_DIRECTIONAL_WRITE_EXHAUSTED_PRIMALITY_UNASSIGNED,514,512,512,NO_RECORDED_FACTOR_PRP_OR_LL_RESULT_AND_NO_ACTIVE_GIMPS_ASSIGNMENT,2026-08-09T04:34:14+00:00,UNALLOCATED,,,,,
SLCMP1765-0711,711,711,583534759,2^583534759-1,STRUCTURAL_SCREEN_EXHAUSTED_PRIMALITY_UNASSIGNED,GF3A_DIRECTIONAL_WRITE_EXHAUSTED_PRIMALITY_UNASSIGNED,514,512,512,NO_RECORDED_FACTOR_PRP_OR_LL_RESULT_AND_NO_ACTIVE_GIMPS_ASSIGNMENT,2026-08-09T04:34:14+00:00,UNALLOCATED,,,,,
SLCMP1765-0712,712,712,583534789,2^583534789-1,STRUCTURAL_SCREEN_EXHAUSTED_PRIMALITY_UNASSIGNED,GF3A_DIRECTIONAL_WRITE_EXHAUSTED_PRIMALITY_UNASSIGNED,513,512,512,NO_RECORDED_FACTOR_PRP_OR_LL_RESULT_AND_NO_ACTIVE_GIMPS_ASSIGNMENT,2026-08-09T04:34:14+00:00,UNALLOCATED,,,,,
SLCMP1765-0713,713,713,583534883,2^583534883-1,STRUCTURAL_SCREEN_EXHAUSTED_PRIMALITY_UNASSIGNED,GF3A_DIRECTIONAL_WRITE_EXHAUSTED_PRIMALITY_UNASSIGNED,514,512,512,NO_RECORDED_FACTOR_PRP_OR_LL_RESULT_AND_NO_ACTIVE_GIMPS_ASSIGNMENT,2026-08-09T04:34:14+00:00,UNALLOCATED,,,,,
SLCMP1765-0714,714,714,583534943,2^583534943-1,STRUCTURAL_SCREEN_EXHAUSTED_PRIMALITY_UNASSIGNED,GF3A_DIRECTIONAL_WRITE_EXHAUSTED_PRIMALITY_UNASSIGNED,514,512,512,NO_RECORDED_FACTOR_PRP_OR_LL_RESULT_AND_NO_ACTIVE_GIMPS_ASSIGNMENT,2026-08-09T04:34:14+00:00,UNALLOCATED,,,,,
SLCMP1765-0715,715,715,583534999,2^583534999-1,STRUCTURAL_SCREEN_EXHAUSTED_PRIMALITY_UNASSIGNED,GF3A_DIRECTIONAL_WRITE_EXHAUSTED_PRIMALITY_UNASSIGNED,514,512,512,NO_RECORDED_FACTOR_PRP_OR_LL_RESULT_AND_NO_ACTIVE_GIMPS_ASSIGNMENT,2026-08-09T04:34:14+00:00,UNALLOCATED,,,,,
SLCMP1765-0716,716,716,583535077,2^583535077-1,STRUCTURAL_SCREEN_EXHAUSTED_PRIMALITY_UNASSIGNED,GF3A_DIRECTIONAL_WRITE_EXHAUSTED_PRIMALITY_UNASSIGNED,513,512,512,NO_RECORDED_FACTOR_PRP_OR_LL_RESULT_AND_NO_ACTIVE_GIMPS_ASSIGNMENT,2026-08-09T04:34:14+00:00,UNALLOCATED,,,,,
SLCMP1765-0717,717,717,583535203,2^583535203-1,STRUCTURAL_SCREEN_EXHAUSTED_PRIMALITY_UNASSIGNED,GF3A_DIRECTIONAL_WRITE_EXHAUSTED_PRIMALITY_UNASSIGNED,514,512,512,NO_RECORDED_FACTOR_PRP_OR_LL_RESULT_AND_NO_ACTIVE_GIMPS_ASSIGNMENT,2026-08-09T04:34:14+00:00,UNALLOCATED,,,,,
SLCMP1765-0718,718,718,583535213,2^583535213-1,STRUCTURAL_SCREEN_EXHAUSTED_PRIMALITY_UNASSIGNED,GF3A_DIRECTIONAL_WRITE_EXHAUSTED_PRIMALITY_UNASSIGNED,513,512,512,NO_RECORDED_FACTOR_PRP_OR_LL_RESULT_AND_NO_ACTIVE_GIMPS_ASSIGNMENT,2026-08-09T04:34:14+00:00,UNALLOCATED,,,,,
SLCMP1765-0719,719,719,583535233,2^583535233-1,STRUCTURAL_SCREEN_EXHAUSTED_PRIMALITY_UNASSIGNED,GF3A_DIRECTIONAL_WRITE_EXHAUSTED_PRIMALITY_UNASSIGNED,513,512,512,NO_RECORDED_FACTOR_PRP_OR_LL_RESULT_AND_NO_ACTIVE_GIMPS_ASSIGNMENT,2026-08-09T04:34:14+00:00,UNALLOCATED,,,,,
SLCMP1765-0720,720,720,583535269,2^583535269-1,STRUCTURAL_SCREEN_EXHAUSTED_PRIMALITY_UNASSIGNED,GF3A_DIRECTIONAL_WRITE_EXHAUSTED_PRIMALITY_UNASSIGNED,513,512,512,NO_RECORDED_FACTOR_PRP_OR_LL_RESULT_AND_NO_ACTIVE_GIMPS_ASSIGNMENT,2026-08-09T04:34:14+00:00,UNALLOCATED,,,,,
SLCMP1765-0721,721,721,583535347,2^583535347-1,STRUCTURAL_SCREEN_EXHAUSTED_PRIMALITY_UNASSIGNED,GF3A_DIRECTIONAL_WRITE_EXHAUSTED_PRIMALITY_UNASSIGNED,514,512,512,NO_RECORDED_FACTOR_PRP_OR_LL_RESULT_AND_NO_ACTIVE_GIMPS_ASSIGNMENT,2026-08-09T04:34:14+00:00,UNALLOCATED,,,,,
SLCMP1765-0722,722,722,583535431,2^583535431-1,STRUCTURAL_SCREEN_EXHAUSTED_PRIMALITY_UNASSIGNED,GF3A_DIRECTIONAL_WRITE_EXHAUSTED_PRIMALITY_UNASSIGNED,514,512,512,NO_RECORDED_FACTOR_PRP_OR_LL_RESULT_AND_NO_ACTIVE_GIMPS_ASSIGNMENT,2026-08-09T04:34:14+00:00,UNALLOCATED,,,,,
SLCMP1765-0723,723,723,583535437,2^583535437-1,STRUCTURAL_SCREEN_EXHAUSTED_PRIMALITY_UNASSIGNED,GF3A_DIRECTIONAL_WRITE_EXHAUSTED_PRIMALITY_UNASSIGNED,513,512,512,NO_RECORDED_FACTOR_PRP_OR_LL_RESULT_AND_NO_ACTIVE_GIMPS_ASSIGNMENT,2026-08-09T04:34:14+00:00,UNALLOCATED,,,,,
SLCMP1765-0724,724,724,583535453,2^583535453-1,STRUCTURAL_SCREEN_EXHAUSTED_PRIMALITY_UNASSIGNED,GF3A_DIRECTIONAL_WRITE_EXHAUSTED_PRIMALITY_UNASSIGNED,513,512,512,NO_RECORDED_FACTOR_PRP_OR_LL_RESULT_AND_NO_ACTIVE_GIMPS_ASSIGNMENT,2026-08-09T04:34:14+00:00,UNALLOCATED,,,,,
SLCMP1765-0725,725,725,583535497,2^583535497-1,STRUCTURAL_SCREEN_EXHAUSTED_PRIMALITY_UNASSIGNED,GF3A_DIRECTIONAL_WRITE_EXHAUSTED_PRIMALITY_UNASSIGNED,513,512,512,NO_RECORDED_FACTOR_PRP_OR_LL_RESULT_AND_NO_ACTIVE_GIMPS_ASSIGNMENT,2026-08-09T04:34:14+00:00,UNALLOCATED,,,,,
SLCMP1765-0726,726,726,583535609,2^583535609-1,STRUCTURAL_SCREEN_EXHAUSTED_PRIMALITY_UNASSIGNED,GF3A_DIRECTIONAL_WRITE_EXHAUSTED_PRIMALITY_UNASSIGNED,513,512,512,NO_RECORDED_FACTOR_PRP_OR_LL_RESULT_AND_NO_ACTIVE_GIMPS_ASSIGNMENT,2026-08-09T04:34:14+00:00,UNALLOCATED,,,,,
SLCMP1765-0727,727,727,583535653,2^583535653-1,STRUCTURAL_SCREEN_EXHAUSTED_PRIMALITY_UNASSIGNED,GF3A_DIRECTIONAL_WRITE_EXHAUSTED_PRIMALITY_UNASSIGNED,513,512,512,NO_RECORDED_FACTOR_PRP_OR_LL_RESULT_AND_NO_ACTIVE_GIMPS_ASSIGNMENT,2026-08-09T04:34:14+00:00,UNALLOCATED,,,,,
SLCMP1765-0728,728,728,583535677,2^583535677-1,STRUCTURAL_SCREEN_EXHAUSTED_PRIMALITY_UNASSIGNED,GF3A_DIRECTIONAL_WRITE_EXHAUSTED_PRIMALITY_UNASSIGNED,513,512,512,NO_RECORDED_FACTOR_PRP_OR_LL_RESULT_AND_NO_ACTIVE_GIMPS_ASSIGNMENT,2026-08-09T04:34:14+00:00,UNALLOCATED,,,,,
SLCMP1765-0729,729,729,583535707,2^583535707-1,STRUCTURAL_SCREEN_EXHAUSTED_PRIMALITY_UNASSIGNED,GF3A_DIRECTIONAL_WRITE_EXHAUSTED_PRIMALITY_UNASSIGNED,514,512,512,NO_RECORDED_FACTOR_PRP_OR_LL_RESULT_AND_NO_ACTIVE_GIMPS_ASSIGNMENT,2026-08-09T04:34:14+00:00,UNALLOCATED,,,,,
SLCMP1765-0730,730,730,583535741,2^583535741-1,STRUCTURAL_SCREEN_EXHAUSTED_PRIMALITY_UNASSIGNED,GF3A_DIRECTIONAL_WRITE_EXHAUSTED_PRIMALITY_UNASSIGNED,513,512,512,NO_RECORDED_FACTOR_PRP_OR_LL_RESULT_AND_NO_ACTIVE_GIMPS_ASSIGNMENT,2026-08-09T04:34:14+00:00,UNALLOCATED,,,,,
SLCMP1765-0731,731,731,583535789,2^583535789-1,STRUCTURAL_SCREEN_EXHAUSTED_PRIMALITY_UNASSIGNED,GF3A_DIRECTIONAL_WRITE_EXHAUSTED_PRIMALITY_UNASSIGNED,513,512,512,NO_RECORDED_FACTOR_PRP_OR_LL_RESULT_AND_NO_ACTIVE_GIMPS_ASSIGNMENT,2026-08-09T04:34:14+00:00,UNALLOCATED,,,,,
SLCMP1765-0732,732,732,583535803,2^583535803-1,STRUCTURAL_SCREEN_EXHAUSTED_PRIMALITY_UNASSIGNED,GF3A_DIRECTIONAL_WRITE_EXHAUSTED_PRIMALITY_UNASSIGNED,514,512,512,NO_RECORDED_FACTOR_PRP_OR_LL_RESULT_AND_NO_ACTIVE_GIMPS_ASSIGNMENT,2026-08-09T04:34:14+00:00,UNALLOCATED,,,,,
SLCMP1765-0733,733,733,583536029,2^583536029-1,STRUCTURAL_SCREEN_EXHAUSTED_PRIMALITY_UNASSIGNED,GF3A_DIRECTIONAL_WRITE_EXHAUSTED_PRIMALITY_UNASSIGNED,513,512,512,NO_RECORDED_FACTOR_PRP_OR_LL_RESULT_AND_NO_ACTIVE_GIMPS_ASSIGNMENT,2026-08-09T04:34:14+00:00,UNALLOCATED,,,,,
SLCMP1765-0734,734,734,583536049,2^583536049-1,STRUCTURAL_SCREEN_EXHAUSTED_PRIMALITY_UNASSIGNED,GF3A_DIRECTIONAL_WRITE_EXHAUSTED_PRIMALITY_UNASSIGNED,513,512,512,NO_RECORDED_FACTOR_PRP_OR_LL_RESULT_AND_NO_ACTIVE_GIMPS_ASSIGNMENT,2026-08-09T04:34:14+00:00,UNALLOCATED,,,,,
SLCMP1765-0735,735,735,583536061,2^583536061-1,STRUCTURAL_SCREEN_EXHAUSTED_PRIMALITY_UNASSIGNED,GF3A_DIRECTIONAL_WRITE_EXHAUSTED_PRIMALITY_UNASSIGNED,513,512,512,NO_RECORDED_FACTOR_PRP_OR_LL_RESULT_AND_NO_ACTIVE_GIMPS_ASSIGNMENT,2026-08-09T04:34:14+00:00,UNALLOCATED,,,,,
SLCMP1765-0736,736,736,583536209,2^583536209-1,STRUCTURAL_SCREEN_EXHAUSTED_PRIMALITY_UNASSIGNED,GF3A_DIRECTIONAL_WRITE_EXHAUSTED_PRIMALITY_UNASSIGNED,513,512,512,NO_RECORDED_FACTOR_PRP_OR_LL_RESULT_AND_NO_ACTIVE_GIMPS_ASSIGNMENT,2026-08-09T04:34:14+00:00,UNALLOCATED,,,,,
SLCMP1765-0737,737,737,583536277,2^583536277-1,STRUCTURAL_SCREEN_EXHAUSTED_PRIMALITY_UNASSIGNED,GF3A_DIRECTIONAL_WRITE_EXHAUSTED_PRIMALITY_UNASSIGNED,513,512,512,NO_RECORDED_FACTOR_PRP_OR_LL_RESULT_AND_NO_ACTIVE_GIMPS_ASSIGNMENT,2026-08-09T04:34:14+00:00,UNALLOCATED,,,,,
SLCMP1765-0738,738,738,583536319,2^583536319-1,STRUCTURAL_SCREEN_EXHAUSTED_PRIMALITY_UNASSIGNED,GF3A_DIRECTIONAL_WRITE_EXHAUSTED_PRIMALITY_UNASSIGNED,514,512,512,NO_RECORDED_FACTOR_PRP_OR_LL_RESULT_AND_NO_ACTIVE_GIMPS_ASSIGNMENT,2026-08-09T04:34:14+00:00,UNALLOCATED,,,,,
SLCMP1765-0739,739,739,583536353,2^583536353-1,STRUCTURAL_SCREEN_EXHAUSTED_PRIMALITY_UNASSIGNED,GF3A_DIRECTIONAL_WRITE_EXHAUSTED_PRIMALITY_UNASSIGNED,513,512,512,NO_RECORDED_FACTOR_PRP_OR_LL_RESULT_AND_NO_ACTIVE_GIMPS_ASSIGNMENT,2026-08-09T04:34:14+00:00,UNALLOCATED,,,,,
SLCMP1765-0740,740,740,583536391,2^583536391-1,STRUCTURAL_SCREEN_EXHAUSTED_PRIMALITY_UNASSIGNED,GF3A_DIRECTIONAL_WRITE_EXHAUSTED_PRIMALITY_UNASSIGNED,514,512,512,NO_RECORDED_FACTOR_PRP_OR_LL_RESULT_AND_NO_ACTIVE_GIMPS_ASSIGNMENT,2026-08-09T04:34:14+00:00,UNALLOCATED,,,,,
SLCMP1765-0741,741,741,583536419,2^583536419-1,STRUCTURAL_SCREEN_EXHAUSTED_PRIMALITY_UNASSIGNED,GF3A_DIRECTIONAL_WRITE_EXHAUSTED_PRIMALITY_UNASSIGNED,514,512,512,NO_RECORDED_FACTOR_PRP_OR_LL_RESULT_AND_NO_ACTIVE_GIMPS_ASSIGNMENT,2026-08-09T04:34:14+00:00,UNALLOCATED,,,,,
SLCMP1765-0742,742,742,583536469,2^583536469-1,STRUCTURAL_SCREEN_EXHAUSTED_PRIMALITY_UNASSIGNED,GF3A_DIRECTIONAL_WRITE_EXHAUSTED_PRIMALITY_UNASSIGNED,513,512,512,NO_RECORDED_FACTOR_PRP_OR_LL_RESULT_AND_NO_ACTIVE_GIMPS_ASSIGNMENT,2026-08-09T04:34:14+00:00,UNALLOCATED,,,,,
SLCMP1765-0743,743,743,583536497,2^583536497-1,STRUCTURAL_SCREEN_EXHAUSTED_PRIMALITY_UNASSIGNED,GF3A_DIRECTIONAL_WRITE_EXHAUSTED_PRIMALITY_UNASSIGNED,513,512,512,NO_RECORDED_FACTOR_PRP_OR_LL_RESULT_AND_NO_ACTIVE_GIMPS_ASSIGNMENT,2026-08-09T04:34:14+00:00,UNALLOCATED,,,,,
SLCMP1765-0744,744,744,583536539,2^583536539-1,STRUCTURAL_SCREEN_EXHAUSTED_PRIMALITY_UNASSIGNED,GF3A_DIRECTIONAL_WRITE_EXHAUSTED_PRIMALITY_UNASSIGNED,514,512,512,NO_RECORDED_FACTOR_PRP_OR_LL_RESULT_AND_NO_ACTIVE_GIMPS_ASSIGNMENT,2026-08-09T04:34:14+00:00,UNALLOCATED,,,,,
SLCMP1765-0745,745,745,583536593,2^583536593-1,STRUCTURAL_SCREEN_EXHAUSTED_PRIMALITY_UNASSIGNED,GF3A_DIRECTIONAL_WRITE_EXHAUSTED_PRIMALITY_UNASSIGNED,513,512,512,NO_RECORDED_FACTOR_PRP_OR_LL_RESULT_AND_NO_ACTIVE_GIMPS_ASSIGNMENT,2026-08-09T04:34:14+00:00,UNALLOCATED,,,,,
SLCMP1765-0746,746,746,583536619,2^583536619-1,STRUCTURAL_SCREEN_EXHAUSTED_PRIMALITY_UNASSIGNED,GF3A_DIRECTIONAL_WRITE_EXHAUSTED_PRIMALITY_UNASSIGNED,514,512,512,NO_RECORDED_FACTOR_PRP_OR_LL_RESULT_AND_NO_ACTIVE_GIMPS_ASSIGNMENT,2026-08-09T04:34:14+00:00,UNALLOCATED,,,,,
SLCMP1765-0747,747,747,583536647,2^583536647-1,STRUCTURAL_SCREEN_EXHAUSTED_PRIMALITY_UNASSIGNED,GF3A_DIRECTIONAL_WRITE_EXHAUSTED_PRIMALITY_UNASSIGNED,514,512,512,NO_RECORDED_FACTOR_PRP_OR_LL_RESULT_AND_NO_ACTIVE_GIMPS_ASSIGNMENT,2026-08-09T04:34:14+00:00,UNALLOCATED,,,,,
SLCMP1765-0748,748,748,583536659,2^583536659-1,STRUCTURAL_SCREEN_EXHAUSTED_PRIMALITY_UNASSIGNED,GF3A_DIRECTIONAL_WRITE_EXHAUSTED_PRIMALITY_UNASSIGNED,514,512,512,NO_RECORDED_FACTOR_PRP_OR_LL_RESULT_AND_NO_ACTIVE_GIMPS_ASSIGNMENT,2026-08-09T04:34:14+00:00,UNALLOCATED,,,,,
SLCMP1765-0749,749,749,583536689,2^583536689-1,STRUCTURAL_SCREEN_EXHAUSTED_PRIMALITY_UNASSIGNED,GF3A_DIRECTIONAL_WRITE_EXHAUSTED_PRIMALITY_UNASSIGNED,513,512,512,NO_RECORDED_FACTOR_PRP_OR_LL_RESULT_AND_NO_ACTIVE_GIMPS_ASSIGNMENT,2026-08-09T04:34:14+00:00,UNALLOCATED,,,,,
SLCMP1765-0750,750,750,583536769,2^583536769-1,STRUCTURAL_SCREEN_EXHAUSTED_PRIMALITY_UNASSIGNED,GF3A_DIRECTIONAL_WRITE_EXHAUSTED_PRIMALITY_UNASSIGNED,513,512,512,NO_RECORDED_FACTOR_PRP_OR_LL_RESULT_AND_NO_ACTIVE_GIMPS_ASSIGNMENT,2026-08-09T04:34:14+00:00,UNALLOCATED,,,,,
SLCMP1765-0751,751,751,583536803,2^583536803-1,STRUCTURAL_SCREEN_EXHAUSTED_PRIMALITY_UNASSIGNED,GF3A_DIRECTIONAL_WRITE_EXHAUSTED_PRIMALITY_UNASSIGNED,514,512,512,NO_RECORDED_FACTOR_PRP_OR_LL_RESULT_AND_NO_ACTIVE_GIMPS_ASSIGNMENT,2026-08-09T04:34:14+00:00,UNALLOCATED,,,,,
SLCMP1765-0752,752,752,583536881,2^583536881-1,STRUCTURAL_SCREEN_EXHAUSTED_PRIMALITY_UNASSIGNED,GF3A_DIRECTIONAL_WRITE_EXHAUSTED_PRIMALITY_UNASSIGNED,513,512,512,NO_RECORDED_FACTOR_PRP_OR_LL_RESULT_AND_NO_ACTIVE_GIMPS_ASSIGNMENT,2026-08-09T04:34:14+00:00,UNALLOCATED,,,,,
SLCMP1765-0753,753,753,583536907,2^583536907-1,STRUCTURAL_SCREEN_EXHAUSTED_PRIMALITY_UNASSIGNED,GF3A_DIRECTIONAL_WRITE_EXHAUSTED_PRIMALITY_UNASSIGNED,514,512,512,NO_RECORDED_FACTOR_PRP_OR_LL_RESULT_AND_NO_ACTIVE_GIMPS_ASSIGNMENT,2026-08-09T04:34:14+00:00,UNALLOCATED,,,,,
SLCMP1765-0754,754,754,583536923,2^583536923-1,STRUCTURAL_SCREEN_EXHAUSTED_PRIMALITY_UNASSIGNED,GF3A_DIRECTIONAL_WRITE_EXHAUSTED_PRIMALITY_UNASSIGNED,514,512,512,NO_RECORDED_FACTOR_PRP_OR_LL_RESULT_AND_NO_ACTIVE_GIMPS_ASSIGNMENT,2026-08-09T04:34:14+00:00,UNALLOCATED,,,,,
SLCMP1765-0755,755,755,583536977,2^583536977-1,STRUCTURAL_SCREEN_EXHAUSTED_PRIMALITY_UNASSIGNED,GF3A_DIRECTIONAL_WRITE_EXHAUSTED_PRIMALITY_UNASSIGNED,513,512,512,NO_RECORDED_FACTOR_PRP_OR_LL_RESULT_AND_NO_ACTIVE_GIMPS_ASSIGNMENT,2026-08-09T04:34:14+00:00,UNALLOCATED,,,,,
SLCMP1765-0756,756,756,583536997,2^583536997-1,STRUCTURAL_SCREEN_EXHAUSTED_PRIMALITY_UNASSIGNED,GF3A_DIRECTIONAL_WRITE_EXHAUSTED_PRIMALITY_UNASSIGNED,513,512,512,NO_RECORDED_FACTOR_PRP_OR_LL_RESULT_AND_NO_ACTIVE_GIMPS_ASSIGNMENT,2026-08-09T04:34:14+00:00,UNALLOCATED,,,,,
SLCMP1765-0757,757,757,583537033,2^583537033-1,STRUCTURAL_SCREEN_EXHAUSTED_PRIMALITY_UNASSIGNED,GF3A_DIRECTIONAL_WRITE_EXHAUSTED_PRIMALITY_UNASSIGNED,513,512,512,NO_RECORDED_FACTOR_PRP_OR_LL_RESULT_AND_NO_ACTIVE_GIMPS_ASSIGNMENT,2026-08-09T04:34:14+00:00,UNALLOCATED,,,,,
SLCMP1765-0758,758,758,583537057,2^583537057-1,STRUCTURAL_SCREEN_EXHAUSTED_PRIMALITY_UNASSIGNED,GF3A_DIRECTIONAL_WRITE_EXHAUSTED_PRIMALITY_UNASSIGNED,513,512,512,NO_RECORDED_FACTOR_PRP_OR_LL_RESULT_AND_NO_ACTIVE_GIMPS_ASSIGNMENT,2026-08-09T04:34:14+00:00,UNALLOCATED,,,,,
SLCMP1765-0759,759,759,583537067,2^583537067-1,STRUCTURAL_SCREEN_EXHAUSTED_PRIMALITY_UNASSIGNED,GF3A_DIRECTIONAL_WRITE_EXHAUSTED_PRIMALITY_UNASSIGNED,514,512,512,NO_RECORDED_FACTOR_PRP_OR_LL_RESULT_AND_NO_ACTIVE_GIMPS_ASSIGNMENT,2026-08-09T04:34:14+00:00,UNALLOCATED,,,,,
SLCMP1765-0760,760,760,583537147,2^583537147-1,STRUCTURAL_SCREEN_EXHAUSTED_PRIMALITY_UNASSIGNED,GF3A_DIRECTIONAL_WRITE_EXHAUSTED_PRIMALITY_UNASSIGNED,514,512,512,NO_RECORDED_FACTOR_PRP_OR_LL_RESULT_AND_NO_ACTIVE_GIMPS_ASSIGNMENT,2026-08-09T04:34:14+00:00,UNALLOCATED,,,,,
SLCMP1765-0761,761,761,583537181,2^583537181-1,STRUCTURAL_SCREEN_EXHAUSTED_PRIMALITY_UNASSIGNED,GF3A_DIRECTIONAL_WRITE_EXHAUSTED_PRIMALITY_UNASSIGNED,513,512,512,NO_RECORDED_FACTOR_PRP_OR_LL_RESULT_AND_NO_ACTIVE_GIMPS_ASSIGNMENT,2026-08-09T04:34:14+00:00,UNALLOCATED,,,,,
SLCMP1765-0762,762,762,583537243,2^583537243-1,STRUCTURAL_SCREEN_EXHAUSTED_PRIMALITY_UNASSIGNED,GF3A_DIRECTIONAL_WRITE_EXHAUSTED_PRIMALITY_UNASSIGNED,514,512,512,NO_RECORDED_FACTOR_PRP_OR_LL_RESULT_AND_NO_ACTIVE_GIMPS_ASSIGNMENT,2026-08-09T04:34:14+00:00,UNALLOCATED,,,,,
SLCMP1765-0763,763,763,583537321,2^583537321-1,STRUCTURAL_SCREEN_EXHAUSTED_PRIMALITY_UNASSIGNED,GF3A_DIRECTIONAL_WRITE_EXHAUSTED_PRIMALITY_UNASSIGNED,513,512,512,NO_RECORDED_FACTOR_PRP_OR_LL_RESULT_AND_NO_ACTIVE_GIMPS_ASSIGNMENT,2026-08-09T04:34:14+00:00,UNALLOCATED,,,,,
SLCMP1765-0764,764,764,583537349,2^583537349-1,STRUCTURAL_SCREEN_EXHAUSTED_PRIMALITY_UNASSIGNED,GF3A_DIRECTIONAL_WRITE_EXHAUSTED_PRIMALITY_UNASSIGNED,513,512,512,NO_RECORDED_FACTOR_PRP_OR_LL_RESULT_AND_NO_ACTIVE_GIMPS_ASSIGNMENT,2026-08-09T04:34:14+00:00,UNALLOCATED,,,,,
SLCMP1765-0765,765,765,583537369,2^583537369-1,STRUCTURAL_SCREEN_EXHAUSTED_PRIMALITY_UNASSIGNED,GF3A_DIRECTIONAL_WRITE_EXHAUSTED_PRIMALITY_UNASSIGNED,513,512,512,NO_RECORDED_FACTOR_PRP_OR_LL_RESULT_AND_NO_ACTIVE_GIMPS_ASSIGNMENT,2026-08-09T04:34:14+00:00,UNALLOCATED,,,,,
SLCMP1765-0766,766,766,583537417,2^583537417-1,STRUCTURAL_SCREEN_EXHAUSTED_PRIMALITY_UNASSIGNED,GF3A_DIRECTIONAL_WRITE_EXHAUSTED_PRIMALITY_UNASSIGNED,513,512,512,NO_RECORDED_FACTOR_PRP_OR_LL_RESULT_AND_NO_ACTIVE_GIMPS_ASSIGNMENT,2026-08-09T04:34:14+00:00,UNALLOCATED,,,,,
SLCMP1765-0767,767,767,583537463,2^583537463-1,STRUCTURAL_SCREEN_EXHAUSTED_PRIMALITY_UNASSIGNED,GF3A_DIRECTIONAL_WRITE_EXHAUSTED_PRIMALITY_UNASSIGNED,514,512,512,NO_RECORDED_FACTOR_PRP_OR_LL_RESULT_AND_NO_ACTIVE_GIMPS_ASSIGNMENT,2026-08-09T04:34:14+00:00,UNALLOCATED,,,,,
SLCMP1765-0768,768,768,583537541,2^583537541-1,STRUCTURAL_SCREEN_EXHAUSTED_PRIMALITY_UNASSIGNED,GF3A_DIRECTIONAL_WRITE_EXHAUSTED_PRIMALITY_UNASSIGNED,513,512,512,NO_RECORDED_FACTOR_PRP_OR_LL_RESULT_AND_NO_ACTIVE_GIMPS_ASSIGNMENT,2026-08-09T04:34:14+00:00,UNALLOCATED,,,,,
SLCMP1765-0769,769,769,583537621,2^583537621-1,STRUCTURAL_SCREEN_EXHAUSTED_PRIMALITY_UNASSIGNED,GF3A_DIRECTIONAL_WRITE_EXHAUSTED_PRIMALITY_UNASSIGNED,513,512,512,NO_RECORDED_FACTOR_PRP_OR_LL_RESULT_AND_NO_ACTIVE_GIMPS_ASSIGNMENT,2026-08-09T04:34:14+00:00,UNALLOCATED,,,,,
SLCMP1765-0770,770,770,583537723,2^583537723-1,STRUCTURAL_SCREEN_EXHAUSTED_PRIMALITY_UNASSIGNED,GF3A_DIRECTIONAL_WRITE_EXHAUSTED_PRIMALITY_UNASSIGNED,514,512,512,NO_RECORDED_FACTOR_PRP_OR_LL_RESULT_AND_NO_ACTIVE_GIMPS_ASSIGNMENT,2026-08-09T04:34:14+00:00,UNALLOCATED,,,,,
SLCMP1765-0771,771,771,583537729,2^583537729-1,STRUCTURAL_SCREEN_EXHAUSTED_PRIMALITY_UNASSIGNED,GF3A_DIRECTIONAL_WRITE_EXHAUSTED_PRIMALITY_UNASSIGNED,513,512,512,NO_RECORDED_FACTOR_PRP_OR_LL_RESULT_AND_NO_ACTIVE_GIMPS_ASSIGNMENT,2026-08-09T04:34:14+00:00,UNALLOCATED,,,,,
SLCMP1765-0772,772,772,583537771,2^583537771-1,STRUCTURAL_SCREEN_EXHAUSTED_PRIMALITY_UNASSIGNED,GF3A_DIRECTIONAL_WRITE_EXHAUSTED_PRIMALITY_UNASSIGNED,514,512,512,NO_RECORDED_FACTOR_PRP_OR_LL_RESULT_AND_NO_ACTIVE_GIMPS_ASSIGNMENT,2026-08-09T04:34:14+00:00,UNALLOCATED,,,,,
SLCMP1765-0773,773,773,583537817,2^583537817-1,STRUCTURAL_SCREEN_EXHAUSTED_PRIMALITY_UNASSIGNED,GF3A_DIRECTIONAL_WRITE_EXHAUSTED_PRIMALITY_UNASSIGNED,513,512,512,NO_RECORDED_FACTOR_PRP_OR_LL_RESULT_AND_NO_ACTIVE_GIMPS_ASSIGNMENT,2026-08-09T04:34:14+00:00,UNALLOCATED,,,,,
SLCMP1765-0774,774,774,583537847,2^583537847-1,STRUCTURAL_SCREEN_EXHAUSTED_PRIMALITY_UNASSIGNED,GF3A_DIRECTIONAL_WRITE_EXHAUSTED_PRIMALITY_UNASSIGNED,514,512,512,NO_RECORDED_FACTOR_PRP_OR_LL_RESULT_AND_NO_ACTIVE_GIMPS_ASSIGNMENT,2026-08-09T04:34:14+00:00,UNALLOCATED,,,,,
SLCMP1765-0775,775,775,583537873,2^583537873-1,STRUCTURAL_SCREEN_EXHAUSTED_PRIMALITY_UNASSIGNED,GF3A_DIRECTIONAL_WRITE_EXHAUSTED_PRIMALITY_UNASSIGNED,513,512,512,NO_RECORDED_FACTOR_PRP_OR_LL_RESULT_AND_NO_ACTIVE_GIMPS_ASSIGNMENT,2026-08-09T04:34:14+00:00,UNALLOCATED,,,,,
SLCMP1765-0776,776,776,583537961,2^583537961-1,STRUCTURAL_SCREEN_EXHAUSTED_PRIMALITY_UNASSIGNED,GF3A_DIRECTIONAL_WRITE_EXHAUSTED_PRIMALITY_UNASSIGNED,513,512,512,NO_RECORDED_FACTOR_PRP_OR_LL_RESULT_AND_NO_ACTIVE_GIMPS_ASSIGNMENT,2026-08-09T04:34:14+00:00,UNALLOCATED,,,,,
SLCMP1765-0777,777,777,583537967,2^583537967-1,STRUCTURAL_SCREEN_EXHAUSTED_PRIMALITY_UNASSIGNED,GF3A_DIRECTIONAL_WRITE_EXHAUSTED_PRIMALITY_UNASSIGNED,514,512,512,NO_RECORDED_FACTOR_PRP_OR_LL_RESULT_AND_NO_ACTIVE_GIMPS_ASSIGNMENT,2026-08-09T04:34:14+00:00,UNALLOCATED,,,,,
SLCMP1765-0778,778,778,583538093,2^583538093-1,STRUCTURAL_SCREEN_EXHAUSTED_PRIMALITY_UNASSIGNED,GF3A_DIRECTIONAL_WRITE_EXHAUSTED_PRIMALITY_UNASSIGNED,513,512,512,NO_RECORDED_FACTOR_PRP_OR_LL_RESULT_AND_NO_ACTIVE_GIMPS_ASSIGNMENT,2026-08-09T04:34:14+00:00,UNALLOCATED,,,,,
SLCMP1765-0779,779,779,583538147,2^583538147-1,STRUCTURAL_SCREEN_EXHAUSTED_PRIMALITY_UNASSIGNED,GF3A_DIRECTIONAL_WRITE_EXHAUSTED_PRIMALITY_UNASSIGNED,514,512,512,NO_RECORDED_FACTOR_PRP_OR_LL_RESULT_AND_NO_ACTIVE_GIMPS_ASSIGNMENT,2026-08-09T04:34:14+00:00,UNALLOCATED,,,,,
SLCMP1765-0780,780,780,583538233,2^583538233-1,STRUCTURAL_SCREEN_EXHAUSTED_PRIMALITY_UNASSIGNED,GF3A_DIRECTIONAL_WRITE_EXHAUSTED_PRIMALITY_UNASSIGNED,513,512,512,NO_RECORDED_FACTOR_PRP_OR_LL_RESULT_AND_NO_ACTIVE_GIMPS_ASSIGNMENT,2026-08-09T04:34:14+00:00,UNALLOCATED,,,,,
SLCMP1765-0781,781,781,583538297,2^583538297-1,STRUCTURAL_SCREEN_EXHAUSTED_PRIMALITY_UNASSIGNED,GF3A_DIRECTIONAL_WRITE_EXHAUSTED_PRIMALITY_UNASSIGNED,513,512,512,NO_RECORDED_FACTOR_PRP_OR_LL_RESULT_AND_NO_ACTIVE_GIMPS_ASSIGNMENT,2026-08-09T04:34:14+00:00,UNALLOCATED,,,,,
SLCMP1765-0782,782,782,583538353,2^583538353-1,STRUCTURAL_SCREEN_EXHAUSTED_PRIMALITY_UNASSIGNED,GF3A_DIRECTIONAL_WRITE_EXHAUSTED_PRIMALITY_UNASSIGNED,513,512,512,NO_RECORDED_FACTOR_PRP_OR_LL_RESULT_AND_NO_ACTIVE_GIMPS_ASSIGNMENT,2026-08-09T04:34:14+00:00,UNALLOCATED,,,,,
SLCMP1765-0783,783,783,583538429,2^583538429-1,STRUCTURAL_SCREEN_EXHAUSTED_PRIMALITY_UNASSIGNED,GF3A_DIRECTIONAL_WRITE_EXHAUSTED_PRIMALITY_UNASSIGNED,513,512,512,NO_RECORDED_FACTOR_PRP_OR_LL_RESULT_AND_NO_ACTIVE_GIMPS_ASSIGNMENT,2026-08-09T04:34:14+00:00,UNALLOCATED,,,,,
SLCMP1765-0784,784,784,583538671,2^583538671-1,STRUCTURAL_SCREEN_EXHAUSTED_PRIMALITY_UNASSIGNED,GF3A_DIRECTIONAL_WRITE_EXHAUSTED_PRIMALITY_UNASSIGNED,514,512,512,NO_RECORDED_FACTOR_PRP_OR_LL_RESULT_AND_NO_ACTIVE_GIMPS_ASSIGNMENT,2026-08-09T04:34:14+00:00,UNALLOCATED,,,,,
SLCMP1765-0785,785,785,583538677,2^583538677-1,STRUCTURAL_SCREEN_EXHAUSTED_PRIMALITY_UNASSIGNED,GF3A_DIRECTIONAL_WRITE_EXHAUSTED_PRIMALITY_UNASSIGNED,513,512,512,NO_RECORDED_FACTOR_PRP_OR_LL_RESULT_AND_NO_ACTIVE_GIMPS_ASSIGNMENT,2026-08-09T04:34:14+00:00,UNALLOCATED,,,,,
SLCMP1765-0786,786,786,583538687,2^583538687-1,STRUCTURAL_SCREEN_EXHAUSTED_PRIMALITY_UNASSIGNED,GF3A_DIRECTIONAL_WRITE_EXHAUSTED_PRIMALITY_UNASSIGNED,514,512,512,NO_RECORDED_FACTOR_PRP_OR_LL_RESULT_AND_NO_ACTIVE_GIMPS_ASSIGNMENT,2026-08-09T04:34:14+00:00,UNALLOCATED,,,,,
SLCMP1765-0787,787,787,583538701,2^583538701-1,STRUCTURAL_SCREEN_EXHAUSTED_PRIMALITY_UNASSIGNED,GF3A_DIRECTIONAL_WRITE_EXHAUSTED_PRIMALITY_UNASSIGNED,513,512,512,NO_RECORDED_FACTOR_PRP_OR_LL_RESULT_AND_NO_ACTIVE_GIMPS_ASSIGNMENT,2026-08-09T04:34:14+00:00,UNALLOCATED,,,,,
SLCMP1765-0788,788,788,583538717,2^583538717-1,STRUCTURAL_SCREEN_EXHAUSTED_PRIMALITY_UNASSIGNED,GF3A_DIRECTIONAL_WRITE_EXHAUSTED_PRIMALITY_UNASSIGNED,513,512,512,NO_RECORDED_FACTOR_PRP_OR_LL_RESULT_AND_NO_ACTIVE_GIMPS_ASSIGNMENT,2026-08-09T04:34:14+00:00,UNALLOCATED,,,,,
SLCMP1765-0789,789,789,583538723,2^583538723-1,STRUCTURAL_SCREEN_EXHAUSTED_PRIMALITY_UNASSIGNED,GF3A_DIRECTIONAL_WRITE_EXHAUSTED_PRIMALITY_UNASSIGNED,514,512,512,NO_RECORDED_FACTOR_PRP_OR_LL_RESULT_AND_NO_ACTIVE_GIMPS_ASSIGNMENT,2026-08-09T04:34:14+00:00,UNALLOCATED,,,,,
SLCMP1765-0790,790,790,583538777,2^583538777-1,STRUCTURAL_SCREEN_EXHAUSTED_PRIMALITY_UNASSIGNED,GF3A_DIRECTIONAL_WRITE_EXHAUSTED_PRIMALITY_UNASSIGNED,513,512,512,NO_RECORDED_FACTOR_PRP_OR_LL_RESULT_AND_NO_ACTIVE_GIMPS_ASSIGNMENT,2026-08-09T04:34:14+00:00,UNALLOCATED,,,,,
SLCMP1765-0791,791,791,583538863,2^583538863-1,STRUCTURAL_SCREEN_EXHAUSTED_PRIMALITY_UNASSIGNED,GF3A_DIRECTIONAL_WRITE_EXHAUSTED_PRIMALITY_UNASSIGNED,514,512,512,NO_RECORDED_FACTOR_PRP_OR_LL_RESULT_AND_NO_ACTIVE_GIMPS_ASSIGNMENT,2026-08-09T04:34:14+00:00,UNALLOCATED,,,,,
SLCMP1765-0792,792,792,583538867,2^583538867-1,STRUCTURAL_SCREEN_EXHAUSTED_PRIMALITY_UNASSIGNED,GF3A_DIRECTIONAL_WRITE_EXHAUSTED_PRIMALITY_UNASSIGNED,514,512,512,NO_RECORDED_FACTOR_PRP_OR_LL_RESULT_AND_NO_ACTIVE_GIMPS_ASSIGNMENT,2026-08-09T04:34:14+00:00,UNALLOCATED,,,,,
SLCMP1765-0793,793,793,583538869,2^583538869-1,STRUCTURAL_SCREEN_EXHAUSTED_PRIMALITY_UNASSIGNED,GF3A_DIRECTIONAL_WRITE_EXHAUSTED_PRIMALITY_UNASSIGNED,513,512,512,NO_RECORDED_FACTOR_PRP_OR_LL_RESULT_AND_NO_ACTIVE_GIMPS_ASSIGNMENT,2026-08-09T04:34:14+00:00,UNALLOCATED,,,,,
SLCMP1765-0794,794,794,583538873,2^583538873-1,STRUCTURAL_SCREEN_EXHAUSTED_PRIMALITY_UNASSIGNED,GF3A_DIRECTIONAL_WRITE_EXHAUSTED_PRIMALITY_UNASSIGNED,513,512,512,NO_RECORDED_FACTOR_PRP_OR_LL_RESULT_AND_NO_ACTIVE_GIMPS_ASSIGNMENT,2026-08-09T04:34:14+00:00,UNALLOCATED,,,,,
SLCMP1765-0795,795,795,583538933,2^583538933-1,STRUCTURAL_SCREEN_EXHAUSTED_PRIMALITY_UNASSIGNED,GF3A_DIRECTIONAL_WRITE_EXHAUSTED_PRIMALITY_UNASSIGNED,513,512,512,NO_RECORDED_FACTOR_PRP_OR_LL_RESULT_AND_NO_ACTIVE_GIMPS_ASSIGNMENT,2026-08-09T04:34:14+00:00,UNALLOCATED,,,,,
SLCMP1765-0796,796,796,583538953,2^583538953-1,STRUCTURAL_SCREEN_EXHAUSTED_PRIMALITY_UNASSIGNED,GF3A_DIRECTIONAL_WRITE_EXHAUSTED_PRIMALITY_UNASSIGNED,513,512,512,NO_RECORDED_FACTOR_PRP_OR_LL_RESULT_AND_NO_ACTIVE_GIMPS_ASSIGNMENT,2026-08-09T04:34:14+00:00,UNALLOCATED,,,,,
SLCMP1765-0797,797,797,583538959,2^583538959-1,STRUCTURAL_SCREEN_EXHAUSTED_PRIMALITY_UNASSIGNED,GF3A_DIRECTIONAL_WRITE_EXHAUSTED_PRIMALITY_UNASSIGNED,514,512,512,NO_RECORDED_FACTOR_PRP_OR_LL_RESULT_AND_NO_ACTIVE_GIMPS_ASSIGNMENT,2026-08-09T04:34:14+00:00,UNALLOCATED,,,,,
SLCMP1765-0798,798,798,583538983,2^583538983-1,STRUCTURAL_SCREEN_EXHAUSTED_PRIMALITY_UNASSIGNED,GF3A_DIRECTIONAL_WRITE_EXHAUSTED_PRIMALITY_UNASSIGNED,514,512,512,NO_RECORDED_FACTOR_PRP_OR_LL_RESULT_AND_NO_ACTIVE_GIMPS_ASSIGNMENT,2026-08-09T04:34:14+00:00,UNALLOCATED,,,,,
SLCMP1765-0799,799,799,583538999,2^583538999-1,STRUCTURAL_SCREEN_EXHAUSTED_PRIMALITY_UNASSIGNED,GF3A_DIRECTIONAL_WRITE_EXHAUSTED_PRIMALITY_UNASSIGNED,514,512,512,NO_RECORDED_FACTOR_PRP_OR_LL_RESULT_AND_NO_ACTIVE_GIMPS_ASSIGNMENT,2026-08-09T04:34:14+00:00,UNALLOCATED,,,,,
SLCMP1765-0800,800,800,583539023,2^583539023-1,STRUCTURAL_SCREEN_EXHAUSTED_PRIMALITY_UNASSIGNED,GF3A_DIRECTIONAL_WRITE_EXHAUSTED_PRIMALITY_UNASSIGNED,514,512,512,NO_RECORDED_FACTOR_PRP_OR_LL_RESULT_AND_NO_ACTIVE_GIMPS_ASSIGNMENT,2026-08-09T04:34:14+00:00,UNALLOCATED,,,,,
SLCMP1765-0801,801,801,583539029,2^583539029-1,STRUCTURAL_SCREEN_EXHAUSTED_PRIMALITY_UNASSIGNED,GF3A_DIRECTIONAL_WRITE_EXHAUSTED_PRIMALITY_UNASSIGNED,513,512,512,NO_RECORDED_FACTOR_PRP_OR_LL_RESULT_AND_NO_ACTIVE_GIMPS_ASSIGNMENT,2026-08-09T04:34:14+00:00,UNALLOCATED,,,,,
SLCMP1765-0802,802,802,583539031,2^583539031-1,STRUCTURAL_SCREEN_EXHAUSTED_PRIMALITY_UNASSIGNED,GF3A_DIRECTIONAL_WRITE_EXHAUSTED_PRIMALITY_UNASSIGNED,514,512,512,NO_RECORDED_FACTOR_PRP_OR_LL_RESULT_AND_NO_ACTIVE_GIMPS_ASSIGNMENT,2026-08-09T04:34:14+00:00,UNALLOCATED,,,,,
SLCMP1765-0803,803,803,583539067,2^583539067-1,STRUCTURAL_SCREEN_EXHAUSTED_PRIMALITY_UNASSIGNED,GF3A_DIRECTIONAL_WRITE_EXHAUSTED_PRIMALITY_UNASSIGNED,514,512,512,NO_RECORDED_FACTOR_PRP_OR_LL_RESULT_AND_NO_ACTIVE_GIMPS_ASSIGNMENT,2026-08-09T04:34:14+00:00,UNALLOCATED,,,,,
SLCMP1765-0804,804,804,583539157,2^583539157-1,STRUCTURAL_SCREEN_EXHAUSTED_PRIMALITY_UNASSIGNED,GF3A_DIRECTIONAL_WRITE_EXHAUSTED_PRIMALITY_UNASSIGNED,513,512,512,NO_RECORDED_FACTOR_PRP_OR_LL_RESULT_AND_NO_ACTIVE_GIMPS_ASSIGNMENT,2026-08-09T04:34:14+00:00,UNALLOCATED,,,,,
SLCMP1765-0805,805,805,583539199,2^583539199-1,STRUCTURAL_SCREEN_EXHAUSTED_PRIMALITY_UNASSIGNED,GF3A_DIRECTIONAL_WRITE_EXHAUSTED_PRIMALITY_UNASSIGNED,514,512,512,NO_RECORDED_FACTOR_PRP_OR_LL_RESULT_AND_NO_ACTIVE_GIMPS_ASSIGNMENT,2026-08-09T04:34:14+00:00,UNALLOCATED,,,,,
SLCMP1765-0806,806,806,583539301,2^583539301-1,STRUCTURAL_SCREEN_EXHAUSTED_PRIMALITY_UNASSIGNED,GF3A_DIRECTIONAL_WRITE_EXHAUSTED_PRIMALITY_UNASSIGNED,513,512,512,NO_RECORDED_FACTOR_PRP_OR_LL_RESULT_AND_NO_ACTIVE_GIMPS_ASSIGNMENT,2026-08-09T04:34:14+00:00,UNALLOCATED,,,,,
SLCMP1765-0807,807,807,583539361,2^583539361-1,STRUCTURAL_SCREEN_EXHAUSTED_PRIMALITY_UNASSIGNED,GF3A_DIRECTIONAL_WRITE_EXHAUSTED_PRIMALITY_UNASSIGNED,513,512,512,NO_RECORDED_FACTOR_PRP_OR_LL_RESULT_AND_NO_ACTIVE_GIMPS_ASSIGNMENT,2026-08-09T04:34:14+00:00,UNALLOCATED,,,,,
SLCMP1765-0808,808,808,583539503,2^583539503-1,STRUCTURAL_SCREEN_EXHAUSTED_PRIMALITY_UNASSIGNED,GF3A_DIRECTIONAL_WRITE_EXHAUSTED_PRIMALITY_UNASSIGNED,514,512,512,NO_RECORDED_FACTOR_PRP_OR_LL_RESULT_AND_NO_ACTIVE_GIMPS_ASSIGNMENT,2026-08-09T04:34:14+00:00,UNALLOCATED,,,,,
SLCMP1765-0809,809,809,583539643,2^583539643-1,STRUCTURAL_SCREEN_EXHAUSTED_PRIMALITY_UNASSIGNED,GF3A_DIRECTIONAL_WRITE_EXHAUSTED_PRIMALITY_UNASSIGNED,514,512,512,NO_RECORDED_FACTOR_PRP_OR_LL_RESULT_AND_NO_ACTIVE_GIMPS_ASSIGNMENT,2026-08-09T04:34:14+00:00,UNALLOCATED,,,,,
SLCMP1765-0810,810,810,583539683,2^583539683-1,STRUCTURAL_SCREEN_EXHAUSTED_PRIMALITY_UNASSIGNED,GF3A_DIRECTIONAL_WRITE_EXHAUSTED_PRIMALITY_UNASSIGNED,514,512,512,NO_RECORDED_FACTOR_PRP_OR_LL_RESULT_AND_NO_ACTIVE_GIMPS_ASSIGNMENT,2026-08-09T04:34:14+00:00,UNALLOCATED,,,,,
SLCMP1765-0811,811,811,583539703,2^583539703-1,STRUCTURAL_SCREEN_EXHAUSTED_PRIMALITY_UNASSIGNED,GF3A_DIRECTIONAL_WRITE_EXHAUSTED_PRIMALITY_UNASSIGNED,514,512,512,NO_RECORDED_FACTOR_PRP_OR_LL_RESULT_AND_NO_ACTIVE_GIMPS_ASSIGNMENT,2026-08-09T04:34:14+00:00,UNALLOCATED,,,,,
SLCMP1765-0812,812,812,583539751,2^583539751-1,STRUCTURAL_SCREEN_EXHAUSTED_PRIMALITY_UNASSIGNED,GF3A_DIRECTIONAL_WRITE_EXHAUSTED_PRIMALITY_UNASSIGNED,514,512,512,NO_RECORDED_FACTOR_PRP_OR_LL_RESULT_AND_NO_ACTIVE_GIMPS_ASSIGNMENT,2026-08-09T04:34:14+00:00,UNALLOCATED,,,,,
SLCMP1765-0813,813,813,583539763,2^583539763-1,STRUCTURAL_SCREEN_EXHAUSTED_PRIMALITY_UNASSIGNED,GF3A_DIRECTIONAL_WRITE_EXHAUSTED_PRIMALITY_UNASSIGNED,514,512,512,NO_RECORDED_FACTOR_PRP_OR_LL_RESULT_AND_NO_ACTIVE_GIMPS_ASSIGNMENT,2026-08-09T04:34:14+00:00,UNALLOCATED,,,,,
SLCMP1765-0814,814,814,583539823,2^583539823-1,STRUCTURAL_SCREEN_EXHAUSTED_PRIMALITY_UNASSIGNED,GF3A_DIRECTIONAL_WRITE_EXHAUSTED_PRIMALITY_UNASSIGNED,514,512,512,NO_RECORDED_FACTOR_PRP_OR_LL_RESULT_AND_NO_ACTIVE_GIMPS_ASSIGNMENT,2026-08-09T04:34:14+00:00,UNALLOCATED,,,,,
SLCMP1765-0815,815,815,583539959,2^583539959-1,STRUCTURAL_SCREEN_EXHAUSTED_PRIMALITY_UNASSIGNED,GF3A_DIRECTIONAL_WRITE_EXHAUSTED_PRIMALITY_UNASSIGNED,514,512,512,NO_RECORDED_FACTOR_PRP_OR_LL_RESULT_AND_NO_ACTIVE_GIMPS_ASSIGNMENT,2026-08-09T04:34:14+00:00,UNALLOCATED,,,,,
SLCMP1765-0816,816,816,583539997,2^583539997-1,STRUCTURAL_SCREEN_EXHAUSTED_PRIMALITY_UNASSIGNED,GF3A_DIRECTIONAL_WRITE_EXHAUSTED_PRIMALITY_UNASSIGNED,513,512,512,NO_RECORDED_FACTOR_PRP_OR_LL_RESULT_AND_NO_ACTIVE_GIMPS_ASSIGNMENT,2026-08-09T04:34:14+00:00,UNALLOCATED,,,,,
SLCMP1765-0817,817,817,583540037,2^583540037-1,STRUCTURAL_SCREEN_EXHAUSTED_PRIMALITY_UNASSIGNED,GF3A_DIRECTIONAL_WRITE_EXHAUSTED_PRIMALITY_UNASSIGNED,513,512,512,NO_RECORDED_FACTOR_PRP_OR_LL_RESULT_AND_NO_ACTIVE_GIMPS_ASSIGNMENT,2026-08-09T04:34:14+00:00,UNALLOCATED,,,,,
SLCMP1765-0818,818,818,583540121,2^583540121-1,STRUCTURAL_SCREEN_EXHAUSTED_PRIMALITY_UNASSIGNED,GF3A_DIRECTIONAL_WRITE_EXHAUSTED_PRIMALITY_UNASSIGNED,513,512,512,NO_RECORDED_FACTOR_PRP_OR_LL_RESULT_AND_NO_ACTIVE_GIMPS_ASSIGNMENT,2026-08-09T04:34:14+00:00,UNALLOCATED,,,,,
SLCMP1765-0819,819,819,583540231,2^583540231-1,STRUCTURAL_SCREEN_EXHAUSTED_PRIMALITY_UNASSIGNED,GF3A_DIRECTIONAL_WRITE_EXHAUSTED_PRIMALITY_UNASSIGNED,514,512,512,NO_RECORDED_FACTOR_PRP_OR_LL_RESULT_AND_NO_ACTIVE_GIMPS_ASSIGNMENT,2026-08-09T04:34:14+00:00,UNALLOCATED,,,,,
SLCMP1765-0820,820,820,583540247,2^583540247-1,STRUCTURAL_SCREEN_EXHAUSTED_PRIMALITY_UNASSIGNED,GF3A_DIRECTIONAL_WRITE_EXHAUSTED_PRIMALITY_UNASSIGNED,514,512,512,NO_RECORDED_FACTOR_PRP_OR_LL_RESULT_AND_NO_ACTIVE_GIMPS_ASSIGNMENT,2026-08-09T04:34:14+00:00,UNALLOCATED,,,,,
SLCMP1765-0821,821,821,583540273,2^583540273-1,STRUCTURAL_SCREEN_EXHAUSTED_PRIMALITY_UNASSIGNED,GF3A_DIRECTIONAL_WRITE_EXHAUSTED_PRIMALITY_UNASSIGNED,513,512,512,NO_RECORDED_FACTOR_PRP_OR_LL_RESULT_AND_NO_ACTIVE_GIMPS_ASSIGNMENT,2026-08-09T04:34:14+00:00,UNALLOCATED,,,,,
SLCMP1765-0822,822,822,583540387,2^583540387-1,STRUCTURAL_SCREEN_EXHAUSTED_PRIMALITY_UNASSIGNED,GF3A_DIRECTIONAL_WRITE_EXHAUSTED_PRIMALITY_UNASSIGNED,514,512,512,NO_RECORDED_FACTOR_PRP_OR_LL_RESULT_AND_NO_ACTIVE_GIMPS_ASSIGNMENT,2026-08-09T04:34:14+00:00,UNALLOCATED,,,,,
SLCMP1765-0823,823,823,583540439,2^583540439-1,STRUCTURAL_SCREEN_EXHAUSTED_PRIMALITY_UNASSIGNED,GF3A_DIRECTIONAL_WRITE_EXHAUSTED_PRIMALITY_UNASSIGNED,514,512,512,NO_RECORDED_FACTOR_PRP_OR_LL_RESULT_AND_NO_ACTIVE_GIMPS_ASSIGNMENT,2026-08-09T04:34:14+00:00,UNALLOCATED,,,,,
SLCMP1765-0824,824,824,583540459,2^583540459-1,STRUCTURAL_SCREEN_EXHAUSTED_PRIMALITY_UNASSIGNED,GF3A_DIRECTIONAL_WRITE_EXHAUSTED_PRIMALITY_UNASSIGNED,514,512,512,NO_RECORDED_FACTOR_PRP_OR_LL_RESULT_AND_NO_ACTIVE_GIMPS_ASSIGNMENT,2026-08-09T04:34:14+00:00,UNALLOCATED,,,,,
SLCMP1765-0825,825,825,583540481,2^583540481-1,STRUCTURAL_SCREEN_EXHAUSTED_PRIMALITY_UNASSIGNED,GF3A_DIRECTIONAL_WRITE_EXHAUSTED_PRIMALITY_UNASSIGNED,513,512,512,NO_RECORDED_FACTOR_PRP_OR_LL_RESULT_AND_NO_ACTIVE_GIMPS_ASSIGNMENT,2026-08-09T04:34:14+00:00,UNALLOCATED,,,,,
SLCMP1765-0826,826,826,583540511,2^583540511-1,STRUCTURAL_SCREEN_EXHAUSTED_PRIMALITY_UNASSIGNED,GF3A_DIRECTIONAL_WRITE_EXHAUSTED_PRIMALITY_UNASSIGNED,514,512,512,NO_RECORDED_FACTOR_PRP_OR_LL_RESULT_AND_NO_ACTIVE_GIMPS_ASSIGNMENT,2026-08-09T04:34:14+00:00,UNALLOCATED,,,,,
SLCMP1765-0827,827,827,583540519,2^583540519-1,STRUCTURAL_SCREEN_EXHAUSTED_PRIMALITY_UNASSIGNED,GF3A_DIRECTIONAL_WRITE_EXHAUSTED_PRIMALITY_UNASSIGNED,514,512,512,NO_RECORDED_FACTOR_PRP_OR_LL_RESULT_AND_NO_ACTIVE_GIMPS_ASSIGNMENT,2026-08-09T04:34:14+00:00,UNALLOCATED,,,,,
SLCMP1765-0828,828,828,583540549,2^583540549-1,STRUCTURAL_SCREEN_EXHAUSTED_PRIMALITY_UNASSIGNED,GF3A_DIRECTIONAL_WRITE_EXHAUSTED_PRIMALITY_UNASSIGNED,513,512,512,NO_RECORDED_FACTOR_PRP_OR_LL_RESULT_AND_NO_ACTIVE_GIMPS_ASSIGNMENT,2026-08-09T04:34:14+00:00,UNALLOCATED,,,,,
SLCMP1765-0829,829,829,583540553,2^583540553-1,STRUCTURAL_SCREEN_EXHAUSTED_PRIMALITY_UNASSIGNED,GF3A_DIRECTIONAL_WRITE_EXHAUSTED_PRIMALITY_UNASSIGNED,513,512,512,NO_RECORDED_FACTOR_PRP_OR_LL_RESULT_AND_NO_ACTIVE_GIMPS_ASSIGNMENT,2026-08-09T04:34:14+00:00,UNALLOCATED,,,,,
SLCMP1765-0830,830,830,583540609,2^583540609-1,STRUCTURAL_SCREEN_EXHAUSTED_PRIMALITY_UNASSIGNED,GF3A_DIRECTIONAL_WRITE_EXHAUSTED_PRIMALITY_UNASSIGNED,513,512,512,NO_RECORDED_FACTOR_PRP_OR_LL_RESULT_AND_NO_ACTIVE_GIMPS_ASSIGNMENT,2026-08-09T04:34:14+00:00,UNALLOCATED,,,,,
SLCMP1765-0831,831,831,583540687,2^583540687-1,STRUCTURAL_SCREEN_EXHAUSTED_PRIMALITY_UNASSIGNED,GF3A_DIRECTIONAL_WRITE_EXHAUSTED_PRIMALITY_UNASSIGNED,514,512,512,NO_RECORDED_FACTOR_PRP_OR_LL_RESULT_AND_NO_ACTIVE_GIMPS_ASSIGNMENT,2026-08-09T04:34:14+00:00,UNALLOCATED,,,,,
SLCMP1765-0832,832,832,583540723,2^583540723-1,STRUCTURAL_SCREEN_EXHAUSTED_PRIMALITY_UNASSIGNED,GF3A_DIRECTIONAL_WRITE_EXHAUSTED_PRIMALITY_UNASSIGNED,514,512,512,NO_RECORDED_FACTOR_PRP_OR_LL_RESULT_AND_NO_ACTIVE_GIMPS_ASSIGNMENT,2026-08-09T04:34:14+00:00,UNALLOCATED,,,,,
SLCMP1765-0833,833,833,583540729,2^583540729-1,STRUCTURAL_SCREEN_EXHAUSTED_PRIMALITY_UNASSIGNED,GF3A_DIRECTIONAL_WRITE_EXHAUSTED_PRIMALITY_UNASSIGNED,513,512,512,NO_RECORDED_FACTOR_PRP_OR_LL_RESULT_AND_NO_ACTIVE_GIMPS_ASSIGNMENT,2026-08-09T04:34:14+00:00,UNALLOCATED,,,,,
SLCMP1765-0834,834,834,583540849,2^583540849-1,STRUCTURAL_SCREEN_EXHAUSTED_PRIMALITY_UNASSIGNED,GF3A_DIRECTIONAL_WRITE_EXHAUSTED_PRIMALITY_UNASSIGNED,513,512,512,NO_RECORDED_FACTOR_PRP_OR_LL_RESULT_AND_NO_ACTIVE_GIMPS_ASSIGNMENT,2026-08-09T04:34:14+00:00,UNALLOCATED,,,,,
SLCMP1765-0835,835,835,583540957,2^583540957-1,STRUCTURAL_SCREEN_EXHAUSTED_PRIMALITY_UNASSIGNED,GF3A_DIRECTIONAL_WRITE_EXHAUSTED_PRIMALITY_UNASSIGNED,513,512,512,NO_RECORDED_FACTOR_PRP_OR_LL_RESULT_AND_NO_ACTIVE_GIMPS_ASSIGNMENT,2026-08-09T04:34:14+00:00,UNALLOCATED,,,,,
SLCMP1765-0836,836,836,583540973,2^583540973-1,STRUCTURAL_SCREEN_EXHAUSTED_PRIMALITY_UNASSIGNED,GF3A_DIRECTIONAL_WRITE_EXHAUSTED_PRIMALITY_UNASSIGNED,513,512,512,NO_RECORDED_FACTOR_PRP_OR_LL_RESULT_AND_NO_ACTIVE_GIMPS_ASSIGNMENT,2026-08-09T04:34:14+00:00,UNALLOCATED,,,,,
SLCMP1765-0837,837,837,583541009,2^583541009-1,STRUCTURAL_SCREEN_EXHAUSTED_PRIMALITY_UNASSIGNED,GF3A_DIRECTIONAL_WRITE_EXHAUSTED_PRIMALITY_UNASSIGNED,513,512,512,NO_RECORDED_FACTOR_PRP_OR_LL_RESULT_AND_NO_ACTIVE_GIMPS_ASSIGNMENT,2026-08-09T04:34:14+00:00,UNALLOCATED,,,,,
SLCMP1765-0838,838,838,583541081,2^583541081-1,STRUCTURAL_SCREEN_EXHAUSTED_PRIMALITY_UNASSIGNED,GF3A_DIRECTIONAL_WRITE_EXHAUSTED_PRIMALITY_UNASSIGNED,513,512,512,NO_RECORDED_FACTOR_PRP_OR_LL_RESULT_AND_NO_ACTIVE_GIMPS_ASSIGNMENT,2026-08-09T04:34:14+00:00,UNALLOCATED,,,,,
SLCMP1765-0839,839,839,583541113,2^583541113-1,STRUCTURAL_SCREEN_EXHAUSTED_PRIMALITY_UNASSIGNED,GF3A_DIRECTIONAL_WRITE_EXHAUSTED_PRIMALITY_UNASSIGNED,513,512,512,NO_RECORDED_FACTOR_PRP_OR_LL_RESULT_AND_NO_ACTIVE_GIMPS_ASSIGNMENT,2026-08-09T04:34:14+00:00,UNALLOCATED,,,,,
SLCMP1765-0840,840,840,583541177,2^583541177-1,STRUCTURAL_SCREEN_EXHAUSTED_PRIMALITY_UNASSIGNED,GF3A_DIRECTIONAL_WRITE_EXHAUSTED_PRIMALITY_UNASSIGNED,513,512,512,NO_RECORDED_FACTOR_PRP_OR_LL_RESULT_AND_NO_ACTIVE_GIMPS_ASSIGNMENT,2026-08-09T04:34:14+00:00,UNALLOCATED,,,,,
SLCMP1765-0841,841,841,583541267,2^583541267-1,STRUCTURAL_SCREEN_EXHAUSTED_PRIMALITY_UNASSIGNED,GF3A_DIRECTIONAL_WRITE_EXHAUSTED_PRIMALITY_UNASSIGNED,514,512,512,NO_RECORDED_FACTOR_PRP_OR_LL_RESULT_AND_NO_ACTIVE_GIMPS_ASSIGNMENT,2026-08-09T04:34:14+00:00,UNALLOCATED,,,,,
SLCMP1765-0842,842,842,583541293,2^583541293-1,STRUCTURAL_SCREEN_EXHAUSTED_PRIMALITY_UNASSIGNED,GF3A_DIRECTIONAL_WRITE_EXHAUSTED_PRIMALITY_UNASSIGNED,513,512,512,NO_RECORDED_FACTOR_PRP_OR_LL_RESULT_AND_NO_ACTIVE_GIMPS_ASSIGNMENT,2026-08-09T04:34:14+00:00,UNALLOCATED,,,,,
SLCMP1765-0843,843,843,583541333,2^583541333-1,STRUCTURAL_SCREEN_EXHAUSTED_PRIMALITY_UNASSIGNED,GF3A_DIRECTIONAL_WRITE_EXHAUSTED_PRIMALITY_UNASSIGNED,513,512,512,NO_RECORDED_FACTOR_PRP_OR_LL_RESULT_AND_NO_ACTIVE_GIMPS_ASSIGNMENT,2026-08-09T04:34:14+00:00,UNALLOCATED,,,,,
SLCMP1765-0844,844,844,583541351,2^583541351-1,STRUCTURAL_SCREEN_EXHAUSTED_PRIMALITY_UNASSIGNED,GF3A_DIRECTIONAL_WRITE_EXHAUSTED_PRIMALITY_UNASSIGNED,514,512,512,NO_RECORDED_FACTOR_PRP_OR_LL_RESULT_AND_NO_ACTIVE_GIMPS_ASSIGNMENT,2026-08-09T04:34:14+00:00,UNALLOCATED,,,,,
SLCMP1765-0845,845,845,583541359,2^583541359-1,STRUCTURAL_SCREEN_EXHAUSTED_PRIMALITY_UNASSIGNED,GF3A_DIRECTIONAL_WRITE_EXHAUSTED_PRIMALITY_UNASSIGNED,514,512,512,NO_RECORDED_FACTOR_PRP_OR_LL_RESULT_AND_NO_ACTIVE_GIMPS_ASSIGNMENT,2026-08-09T04:34:14+00:00,UNALLOCATED,,,,,
SLCMP1765-0846,846,846,583541417,2^583541417-1,STRUCTURAL_SCREEN_EXHAUSTED_PRIMALITY_UNASSIGNED,GF3A_DIRECTIONAL_WRITE_EXHAUSTED_PRIMALITY_UNASSIGNED,513,512,512,NO_RECORDED_FACTOR_PRP_OR_LL_RESULT_AND_NO_ACTIVE_GIMPS_ASSIGNMENT,2026-08-09T04:34:14+00:00,UNALLOCATED,,,,,
SLCMP1765-0847,847,847,583541573,2^583541573-1,STRUCTURAL_SCREEN_EXHAUSTED_PRIMALITY_UNASSIGNED,GF3A_DIRECTIONAL_WRITE_EXHAUSTED_PRIMALITY_UNASSIGNED,513,512,512,NO_RECORDED_FACTOR_PRP_OR_LL_RESULT_AND_NO_ACTIVE_GIMPS_ASSIGNMENT,2026-08-09T04:34:14+00:00,UNALLOCATED,,,,,
SLCMP1765-0848,848,848,583541591,2^583541591-1,STRUCTURAL_SCREEN_EXHAUSTED_PRIMALITY_UNASSIGNED,GF3A_DIRECTIONAL_WRITE_EXHAUSTED_PRIMALITY_UNASSIGNED,514,512,512,NO_RECORDED_FACTOR_PRP_OR_LL_RESULT_AND_NO_ACTIVE_GIMPS_ASSIGNMENT,2026-08-09T04:34:14+00:00,UNALLOCATED,,,,,
SLCMP1765-0849,849,849,583541627,2^583541627-1,STRUCTURAL_SCREEN_EXHAUSTED_PRIMALITY_UNASSIGNED,GF3A_DIRECTIONAL_WRITE_EXHAUSTED_PRIMALITY_UNASSIGNED,514,512,512,NO_RECORDED_FACTOR_PRP_OR_LL_RESULT_AND_NO_ACTIVE_GIMPS_ASSIGNMENT,2026-08-09T04:34:14+00:00,UNALLOCATED,,,,,
SLCMP1765-0850,850,850,583541747,2^583541747-1,STRUCTURAL_SCREEN_EXHAUSTED_PRIMALITY_UNASSIGNED,GF3A_DIRECTIONAL_WRITE_EXHAUSTED_PRIMALITY_UNASSIGNED,514,512,512,NO_RECORDED_FACTOR_PRP_OR_LL_RESULT_AND_NO_ACTIVE_GIMPS_ASSIGNMENT,2026-08-09T04:34:14+00:00,UNALLOCATED,,,,,
SLCMP1765-0851,851,851,583541753,2^583541753-1,STRUCTURAL_SCREEN_EXHAUSTED_PRIMALITY_UNASSIGNED,GF3A_DIRECTIONAL_WRITE_EXHAUSTED_PRIMALITY_UNASSIGNED,513,512,512,NO_RECORDED_FACTOR_PRP_OR_LL_RESULT_AND_NO_ACTIVE_GIMPS_ASSIGNMENT,2026-08-09T04:34:14+00:00,UNALLOCATED,,,,,
SLCMP1765-0852,852,852,583541771,2^583541771-1,STRUCTURAL_SCREEN_EXHAUSTED_PRIMALITY_UNASSIGNED,GF3A_DIRECTIONAL_WRITE_EXHAUSTED_PRIMALITY_UNASSIGNED,514,512,512,NO_RECORDED_FACTOR_PRP_OR_LL_RESULT_AND_NO_ACTIVE_GIMPS_ASSIGNMENT,2026-08-09T04:34:14+00:00,UNALLOCATED,,,,,
SLCMP1765-0853,853,853,583541789,2^583541789-1,STRUCTURAL_SCREEN_EXHAUSTED_PRIMALITY_UNASSIGNED,GF3A_DIRECTIONAL_WRITE_EXHAUSTED_PRIMALITY_UNASSIGNED,513,512,512,NO_RECORDED_FACTOR_PRP_OR_LL_RESULT_AND_NO_ACTIVE_GIMPS_ASSIGNMENT,2026-08-09T04:34:14+00:00,UNALLOCATED,,,,,
SLCMP1765-0854,854,854,583541821,2^583541821-1,STRUCTURAL_SCREEN_EXHAUSTED_PRIMALITY_UNASSIGNED,GF3A_DIRECTIONAL_WRITE_EXHAUSTED_PRIMALITY_UNASSIGNED,513,512,512,NO_RECORDED_FACTOR_PRP_OR_LL_RESULT_AND_NO_ACTIVE_GIMPS_ASSIGNMENT,2026-08-09T04:34:14+00:00,UNALLOCATED,,,,,
SLCMP1765-0855,855,855,583541897,2^583541897-1,STRUCTURAL_SCREEN_EXHAUSTED_PRIMALITY_UNASSIGNED,GF3A_DIRECTIONAL_WRITE_EXHAUSTED_PRIMALITY_UNASSIGNED,513,512,512,NO_RECORDED_FACTOR_PRP_OR_LL_RESULT_AND_NO_ACTIVE_GIMPS_ASSIGNMENT,2026-08-09T04:34:14+00:00,UNALLOCATED,,,,,
SLCMP1765-0856,856,856,583542103,2^583542103-1,STRUCTURAL_SCREEN_EXHAUSTED_PRIMALITY_UNASSIGNED,GF3A_DIRECTIONAL_WRITE_EXHAUSTED_PRIMALITY_UNASSIGNED,514,512,512,NO_RECORDED_FACTOR_PRP_OR_LL_RESULT_AND_NO_ACTIVE_GIMPS_ASSIGNMENT,2026-08-09T04:34:14+00:00,UNALLOCATED,,,,,
SLCMP1765-0857,857,857,583542359,2^583542359-1,STRUCTURAL_SCREEN_EXHAUSTED_PRIMALITY_UNASSIGNED,GF3A_DIRECTIONAL_WRITE_EXHAUSTED_PRIMALITY_UNASSIGNED,514,512,512,NO_RECORDED_FACTOR_PRP_OR_LL_RESULT_AND_NO_ACTIVE_GIMPS_ASSIGNMENT,2026-08-09T04:34:14+00:00,UNALLOCATED,,,,,
SLCMP1765-0858,858,858,583542439,2^583542439-1,STRUCTURAL_SCREEN_EXHAUSTED_PRIMALITY_UNASSIGNED,GF3A_DIRECTIONAL_WRITE_EXHAUSTED_PRIMALITY_UNASSIGNED,514,512,512,NO_RECORDED_FACTOR_PRP_OR_LL_RESULT_AND_NO_ACTIVE_GIMPS_ASSIGNMENT,2026-08-09T04:34:14+00:00,UNALLOCATED,,,,,
SLCMP1765-0859,859,859,583542571,2^583542571-1,STRUCTURAL_SCREEN_EXHAUSTED_PRIMALITY_UNASSIGNED,GF3A_DIRECTIONAL_WRITE_EXHAUSTED_PRIMALITY_UNASSIGNED,514,512,512,NO_RECORDED_FACTOR_PRP_OR_LL_RESULT_AND_NO_ACTIVE_GIMPS_ASSIGNMENT,2026-08-09T04:34:14+00:00,UNALLOCATED,,,,,
SLCMP1765-0860,860,860,583542643,2^583542643-1,STRUCTURAL_SCREEN_EXHAUSTED_PRIMALITY_UNASSIGNED,GF3A_DIRECTIONAL_WRITE_EXHAUSTED_PRIMALITY_UNASSIGNED,514,512,512,NO_RECORDED_FACTOR_PRP_OR_LL_RESULT_AND_NO_ACTIVE_GIMPS_ASSIGNMENT,2026-08-09T04:34:14+00:00,UNALLOCATED,,,,,
SLCMP1765-0861,861,861,583542679,2^583542679-1,STRUCTURAL_SCREEN_EXHAUSTED_PRIMALITY_UNASSIGNED,GF3A_DIRECTIONAL_WRITE_EXHAUSTED_PRIMALITY_UNASSIGNED,514,512,512,NO_RECORDED_FACTOR_PRP_OR_LL_RESULT_AND_NO_ACTIVE_GIMPS_ASSIGNMENT,2026-08-09T04:34:14+00:00,UNALLOCATED,,,,,
SLCMP1765-0862,862,862,583542811,2^583542811-1,STRUCTURAL_SCREEN_EXHAUSTED_PRIMALITY_UNASSIGNED,GF3A_DIRECTIONAL_WRITE_EXHAUSTED_PRIMALITY_UNASSIGNED,514,512,512,NO_RECORDED_FACTOR_PRP_OR_LL_RESULT_AND_NO_ACTIVE_GIMPS_ASSIGNMENT,2026-08-09T04:34:14+00:00,UNALLOCATED,,,,,
SLCMP1765-0863,863,863,583542847,2^583542847-1,STRUCTURAL_SCREEN_EXHAUSTED_PRIMALITY_UNASSIGNED,GF3A_DIRECTIONAL_WRITE_EXHAUSTED_PRIMALITY_UNASSIGNED,514,512,512,NO_RECORDED_FACTOR_PRP_OR_LL_RESULT_AND_NO_ACTIVE_GIMPS_ASSIGNMENT,2026-08-09T04:34:14+00:00,UNALLOCATED,,,,,
SLCMP1765-0864,864,864,583542859,2^583542859-1,STRUCTURAL_SCREEN_EXHAUSTED_PRIMALITY_UNASSIGNED,GF3A_DIRECTIONAL_WRITE_EXHAUSTED_PRIMALITY_UNASSIGNED,514,512,512,NO_RECORDED_FACTOR_PRP_OR_LL_RESULT_AND_NO_ACTIVE_GIMPS_ASSIGNMENT,2026-08-09T04:34:14+00:00,UNALLOCATED,,,,,
SLCMP1765-0865,865,865,583542893,2^583542893-1,STRUCTURAL_SCREEN_EXHAUSTED_PRIMALITY_UNASSIGNED,GF3A_DIRECTIONAL_WRITE_EXHAUSTED_PRIMALITY_UNASSIGNED,513,512,512,NO_RECORDED_FACTOR_PRP_OR_LL_RESULT_AND_NO_ACTIVE_GIMPS_ASSIGNMENT,2026-08-09T04:34:14+00:00,UNALLOCATED,,,,,
SLCMP1765-0866,866,866,583542937,2^583542937-1,STRUCTURAL_SCREEN_EXHAUSTED_PRIMALITY_UNASSIGNED,GF3A_DIRECTIONAL_WRITE_EXHAUSTED_PRIMALITY_UNASSIGNED,513,512,512,NO_RECORDED_FACTOR_PRP_OR_LL_RESULT_AND_NO_ACTIVE_GIMPS_ASSIGNMENT,2026-08-09T04:34:14+00:00,UNALLOCATED,,,,,
SLCMP1765-0867,867,867,583542941,2^583542941-1,STRUCTURAL_SCREEN_EXHAUSTED_PRIMALITY_UNASSIGNED,GF3A_DIRECTIONAL_WRITE_EXHAUSTED_PRIMALITY_UNASSIGNED,513,512,512,NO_RECORDED_FACTOR_PRP_OR_LL_RESULT_AND_NO_ACTIVE_GIMPS_ASSIGNMENT,2026-08-09T04:34:14+00:00,UNALLOCATED,,,,,
SLCMP1765-0868,868,868,583543031,2^583543031-1,STRUCTURAL_SCREEN_EXHAUSTED_PRIMALITY_UNASSIGNED,GF3A_DIRECTIONAL_WRITE_EXHAUSTED_PRIMALITY_UNASSIGNED,514,512,512,NO_RECORDED_FACTOR_PRP_OR_LL_RESULT_AND_NO_ACTIVE_GIMPS_ASSIGNMENT,2026-08-09T04:34:14+00:00,UNALLOCATED,,,,,
SLCMP1765-0869,869,869,583543049,2^583543049-1,STRUCTURAL_SCREEN_EXHAUSTED_PRIMALITY_UNASSIGNED,GF3A_DIRECTIONAL_WRITE_EXHAUSTED_PRIMALITY_UNASSIGNED,513,512,512,NO_RECORDED_FACTOR_PRP_OR_LL_RESULT_AND_NO_ACTIVE_GIMPS_ASSIGNMENT,2026-08-09T04:34:14+00:00,UNALLOCATED,,,,,
SLCMP1765-0870,870,870,583543057,2^583543057-1,STRUCTURAL_SCREEN_EXHAUSTED_PRIMALITY_UNASSIGNED,GF3A_DIRECTIONAL_WRITE_EXHAUSTED_PRIMALITY_UNASSIGNED,513,512,512,NO_RECORDED_FACTOR_PRP_OR_LL_RESULT_AND_NO_ACTIVE_GIMPS_ASSIGNMENT,2026-08-09T04:34:14+00:00,UNALLOCATED,,,,,
SLCMP1765-0871,871,871,583543069,2^583543069-1,STRUCTURAL_SCREEN_EXHAUSTED_PRIMALITY_UNASSIGNED,GF3A_DIRECTIONAL_WRITE_EXHAUSTED_PRIMALITY_UNASSIGNED,513,512,512,NO_RECORDED_FACTOR_PRP_OR_LL_RESULT_AND_NO_ACTIVE_GIMPS_ASSIGNMENT,2026-08-09T04:34:14+00:00,UNALLOCATED,,,,,
SLCMP1765-0872,872,872,583543127,2^583543127-1,STRUCTURAL_SCREEN_EXHAUSTED_PRIMALITY_UNASSIGNED,GF3A_DIRECTIONAL_WRITE_EXHAUSTED_PRIMALITY_UNASSIGNED,514,512,512,NO_RECORDED_FACTOR_PRP_OR_LL_RESULT_AND_NO_ACTIVE_GIMPS_ASSIGNMENT,2026-08-09T04:34:14+00:00,UNALLOCATED,,,,,
SLCMP1765-0873,873,873,583543193,2^583543193-1,STRUCTURAL_SCREEN_EXHAUSTED_PRIMALITY_UNASSIGNED,GF3A_DIRECTIONAL_WRITE_EXHAUSTED_PRIMALITY_UNASSIGNED,513,512,512,NO_RECORDED_FACTOR_PRP_OR_LL_RESULT_AND_NO_ACTIVE_GIMPS_ASSIGNMENT,2026-08-09T04:34:14+00:00,UNALLOCATED,,,,,
SLCMP1765-0874,874,874,583543229,2^583543229-1,STRUCTURAL_SCREEN_EXHAUSTED_PRIMALITY_UNASSIGNED,GF3A_DIRECTIONAL_WRITE_EXHAUSTED_PRIMALITY_UNASSIGNED,513,512,512,NO_RECORDED_FACTOR_PRP_OR_LL_RESULT_AND_NO_ACTIVE_GIMPS_ASSIGNMENT,2026-08-09T04:34:14+00:00,UNALLOCATED,,,,,
SLCMP1765-0875,875,875,583543273,2^583543273-1,STRUCTURAL_SCREEN_EXHAUSTED_PRIMALITY_UNASSIGNED,GF3A_DIRECTIONAL_WRITE_EXHAUSTED_PRIMALITY_UNASSIGNED,513,512,512,NO_RECORDED_FACTOR_PRP_OR_LL_RESULT_AND_NO_ACTIVE_GIMPS_ASSIGNMENT,2026-08-09T04:34:14+00:00,UNALLOCATED,,,,,
SLCMP1765-0876,876,876,583543321,2^583543321-1,STRUCTURAL_SCREEN_EXHAUSTED_PRIMALITY_UNASSIGNED,GF3A_DIRECTIONAL_WRITE_EXHAUSTED_PRIMALITY_UNASSIGNED,513,512,512,NO_RECORDED_FACTOR_PRP_OR_LL_RESULT_AND_NO_ACTIVE_GIMPS_ASSIGNMENT,2026-08-09T04:34:14+00:00,UNALLOCATED,,,,,
SLCMP1765-0877,877,877,583543459,2^583543459-1,STRUCTURAL_SCREEN_EXHAUSTED_PRIMALITY_UNASSIGNED,GF3A_DIRECTIONAL_WRITE_EXHAUSTED_PRIMALITY_UNASSIGNED,514,512,512,NO_RECORDED_FACTOR_PRP_OR_LL_RESULT_AND_NO_ACTIVE_GIMPS_ASSIGNMENT,2026-08-09T04:34:14+00:00,UNALLOCATED,,,,,
SLCMP1765-0878,878,878,583543553,2^583543553-1,STRUCTURAL_SCREEN_EXHAUSTED_PRIMALITY_UNASSIGNED,GF3A_DIRECTIONAL_WRITE_EXHAUSTED_PRIMALITY_UNASSIGNED,513,512,512,NO_RECORDED_FACTOR_PRP_OR_LL_RESULT_AND_NO_ACTIVE_GIMPS_ASSIGNMENT,2026-08-09T04:34:14+00:00,UNALLOCATED,,,,,
SLCMP1765-0879,879,879,583543627,2^583543627-1,STRUCTURAL_SCREEN_EXHAUSTED_PRIMALITY_UNASSIGNED,GF3A_DIRECTIONAL_WRITE_EXHAUSTED_PRIMALITY_UNASSIGNED,514,512,512,NO_RECORDED_FACTOR_PRP_OR_LL_RESULT_AND_NO_ACTIVE_GIMPS_ASSIGNMENT,2026-08-09T04:34:14+00:00,UNALLOCATED,,,,,
SLCMP1765-0880,880,880,583543633,2^583543633-1,STRUCTURAL_SCREEN_EXHAUSTED_PRIMALITY_UNASSIGNED,GF3A_DIRECTIONAL_WRITE_EXHAUSTED_PRIMALITY_UNASSIGNED,513,512,512,NO_RECORDED_FACTOR_PRP_OR_LL_RESULT_AND_NO_ACTIVE_GIMPS_ASSIGNMENT,2026-08-09T04:34:14+00:00,UNALLOCATED,,,,,
SLCMP1765-0881,881,881,583543733,2^583543733-1,STRUCTURAL_SCREEN_EXHAUSTED_PRIMALITY_UNASSIGNED,GF3A_DIRECTIONAL_WRITE_EXHAUSTED_PRIMALITY_UNASSIGNED,513,512,512,NO_RECORDED_FACTOR_PRP_OR_LL_RESULT_AND_NO_ACTIVE_GIMPS_ASSIGNMENT,2026-08-09T04:34:14+00:00,UNALLOCATED,,,,,
SLCMP1765-0882,882,882,583543769,2^583543769-1,STRUCTURAL_SCREEN_EXHAUSTED_PRIMALITY_UNASSIGNED,GF3A_DIRECTIONAL_WRITE_EXHAUSTED_PRIMALITY_UNASSIGNED,513,512,512,NO_RECORDED_FACTOR_PRP_OR_LL_RESULT_AND_NO_ACTIVE_GIMPS_ASSIGNMENT,2026-08-09T04:34:14+00:00,UNALLOCATED,,,,,
SLCMP1765-0883,883,883,583543859,2^583543859-1,STRUCTURAL_SCREEN_EXHAUSTED_PRIMALITY_UNASSIGNED,GF3A_DIRECTIONAL_WRITE_EXHAUSTED_PRIMALITY_UNASSIGNED,514,512,512,NO_RECORDED_FACTOR_PRP_OR_LL_RESULT_AND_NO_ACTIVE_GIMPS_ASSIGNMENT,2026-08-09T04:34:14+00:00,UNALLOCATED,,,,,
SLCMP1765-0884,884,884,583543871,2^583543871-1,STRUCTURAL_SCREEN_EXHAUSTED_PRIMALITY_UNASSIGNED,GF3A_DIRECTIONAL_WRITE_EXHAUSTED_PRIMALITY_UNASSIGNED,514,512,512,NO_RECORDED_FACTOR_PRP_OR_LL_RESULT_AND_NO_ACTIVE_GIMPS_ASSIGNMENT,2026-08-09T04:34:14+00:00,UNALLOCATED,,,,,
SLCMP1765-0885,885,885,583543889,2^583543889-1,STRUCTURAL_SCREEN_EXHAUSTED_PRIMALITY_UNASSIGNED,GF3A_DIRECTIONAL_WRITE_EXHAUSTED_PRIMALITY_UNASSIGNED,513,512,512,NO_RECORDED_FACTOR_PRP_OR_LL_RESULT_AND_NO_ACTIVE_GIMPS_ASSIGNMENT,2026-08-09T04:34:14+00:00,UNALLOCATED,,,,,
SLCMP1765-0886,886,886,583543951,2^583543951-1,STRUCTURAL_SCREEN_EXHAUSTED_PRIMALITY_UNASSIGNED,GF3A_DIRECTIONAL_WRITE_EXHAUSTED_PRIMALITY_UNASSIGNED,514,512,512,NO_RECORDED_FACTOR_PRP_OR_LL_RESULT_AND_NO_ACTIVE_GIMPS_ASSIGNMENT,2026-08-09T04:34:14+00:00,UNALLOCATED,,,,,
SLCMP1765-0887,887,887,583543999,2^583543999-1,STRUCTURAL_SCREEN_EXHAUSTED_PRIMALITY_UNASSIGNED,GF3A_DIRECTIONAL_WRITE_EXHAUSTED_PRIMALITY_UNASSIGNED,514,512,512,NO_RECORDED_FACTOR_PRP_OR_LL_RESULT_AND_NO_ACTIVE_GIMPS_ASSIGNMENT,2026-08-09T04:34:14+00:00,UNALLOCATED,,,,,
SLCMP1765-0888,888,888,583544011,2^583544011-1,STRUCTURAL_SCREEN_EXHAUSTED_PRIMALITY_UNASSIGNED,GF3A_DIRECTIONAL_WRITE_EXHAUSTED_PRIMALITY_UNASSIGNED,514,512,512,NO_RECORDED_FACTOR_PRP_OR_LL_RESULT_AND_NO_ACTIVE_GIMPS_ASSIGNMENT,2026-08-09T04:34:14+00:00,UNALLOCATED,,,,,
SLCMP1765-0889,889,889,583544083,2^583544083-1,STRUCTURAL_SCREEN_EXHAUSTED_PRIMALITY_UNASSIGNED,GF3A_DIRECTIONAL_WRITE_EXHAUSTED_PRIMALITY_UNASSIGNED,514,512,512,NO_RECORDED_FACTOR_PRP_OR_LL_RESULT_AND_NO_ACTIVE_GIMPS_ASSIGNMENT,2026-08-09T04:34:14+00:00,UNALLOCATED,,,,,
SLCMP1765-0890,890,890,583544113,2^583544113-1,STRUCTURAL_SCREEN_EXHAUSTED_PRIMALITY_UNASSIGNED,GF3A_DIRECTIONAL_WRITE_EXHAUSTED_PRIMALITY_UNASSIGNED,513,512,512,NO_RECORDED_FACTOR_PRP_OR_LL_RESULT_AND_NO_ACTIVE_GIMPS_ASSIGNMENT,2026-08-09T04:34:14+00:00,UNALLOCATED,,,,,
SLCMP1765-0891,891,891,583544191,2^583544191-1,STRUCTURAL_SCREEN_EXHAUSTED_PRIMALITY_UNASSIGNED,GF3A_DIRECTIONAL_WRITE_EXHAUSTED_PRIMALITY_UNASSIGNED,514,512,512,NO_RECORDED_FACTOR_PRP_OR_LL_RESULT_AND_NO_ACTIVE_GIMPS_ASSIGNMENT,2026-08-09T04:34:14+00:00,UNALLOCATED,,,,,
SLCMP1765-0892,892,892,583544219,2^583544219-1,STRUCTURAL_SCREEN_EXHAUSTED_PRIMALITY_UNASSIGNED,GF3A_DIRECTIONAL_WRITE_EXHAUSTED_PRIMALITY_UNASSIGNED,514,512,512,NO_RECORDED_FACTOR_PRP_OR_LL_RESULT_AND_NO_ACTIVE_GIMPS_ASSIGNMENT,2026-08-09T04:34:14+00:00,UNALLOCATED,,,,,
SLCMP1765-0893,893,893,583544237,2^583544237-1,STRUCTURAL_SCREEN_EXHAUSTED_PRIMALITY_UNASSIGNED,GF3A_DIRECTIONAL_WRITE_EXHAUSTED_PRIMALITY_UNASSIGNED,513,512,512,NO_RECORDED_FACTOR_PRP_OR_LL_RESULT_AND_NO_ACTIVE_GIMPS_ASSIGNMENT,2026-08-09T04:34:14+00:00,UNALLOCATED,,,,,
SLCMP1765-0894,894,894,583544249,2^583544249-1,STRUCTURAL_SCREEN_EXHAUSTED_PRIMALITY_UNASSIGNED,GF3A_DIRECTIONAL_WRITE_EXHAUSTED_PRIMALITY_UNASSIGNED,513,512,512,NO_RECORDED_FACTOR_PRP_OR_LL_RESULT_AND_NO_ACTIVE_GIMPS_ASSIGNMENT,2026-08-09T04:34:14+00:00,UNALLOCATED,,,,,
SLCMP1765-0895,895,895,583544309,2^583544309-1,STRUCTURAL_SCREEN_EXHAUSTED_PRIMALITY_UNASSIGNED,GF3A_DIRECTIONAL_WRITE_EXHAUSTED_PRIMALITY_UNASSIGNED,513,512,512,NO_RECORDED_FACTOR_PRP_OR_LL_RESULT_AND_NO_ACTIVE_GIMPS_ASSIGNMENT,2026-08-09T04:34:14+00:00,UNALLOCATED,,,,,
SLCMP1765-0896,896,896,583544333,2^583544333-1,STRUCTURAL_SCREEN_EXHAUSTED_PRIMALITY_UNASSIGNED,GF3A_DIRECTIONAL_WRITE_EXHAUSTED_PRIMALITY_UNASSIGNED,513,512,512,NO_RECORDED_FACTOR_PRP_OR_LL_RESULT_AND_NO_ACTIVE_GIMPS_ASSIGNMENT,2026-08-09T04:34:14+00:00,UNALLOCATED,,,,,
SLCMP1765-0897,897,897,583544417,2^583544417-1,STRUCTURAL_SCREEN_EXHAUSTED_PRIMALITY_UNASSIGNED,GF3A_DIRECTIONAL_WRITE_EXHAUSTED_PRIMALITY_UNASSIGNED,513,512,512,NO_RECORDED_FACTOR_PRP_OR_LL_RESULT_AND_NO_ACTIVE_GIMPS_ASSIGNMENT,2026-08-09T04:34:14+00:00,UNALLOCATED,,,,,
SLCMP1765-0898,898,898,583544461,2^583544461-1,STRUCTURAL_SCREEN_EXHAUSTED_PRIMALITY_UNASSIGNED,GF3A_DIRECTIONAL_WRITE_EXHAUSTED_PRIMALITY_UNASSIGNED,513,512,512,NO_RECORDED_FACTOR_PRP_OR_LL_RESULT_AND_NO_ACTIVE_GIMPS_ASSIGNMENT,2026-08-09T04:34:14+00:00,UNALLOCATED,,,,,
SLCMP1765-0899,899,899,583544597,2^583544597-1,STRUCTURAL_SCREEN_EXHAUSTED_PRIMALITY_UNASSIGNED,GF3A_DIRECTIONAL_WRITE_EXHAUSTED_PRIMALITY_UNASSIGNED,513,512,512,NO_RECORDED_FACTOR_PRP_OR_LL_RESULT_AND_NO_ACTIVE_GIMPS_ASSIGNMENT,2026-08-09T04:34:14+00:00,UNALLOCATED,,,,,
SLCMP1765-0900,900,900,583544683,2^583544683-1,STRUCTURAL_SCREEN_EXHAUSTED_PRIMALITY_UNASSIGNED,GF3A_DIRECTIONAL_WRITE_EXHAUSTED_PRIMALITY_UNASSIGNED,514,512,512,NO_RECORDED_FACTOR_PRP_OR_LL_RESULT_AND_NO_ACTIVE_GIMPS_ASSIGNMENT,2026-08-09T04:34:14+00:00,UNALLOCATED,,,,,
SLCMP1765-0901,901,901,583544761,2^583544761-1,STRUCTURAL_SCREEN_EXHAUSTED_PRIMALITY_UNASSIGNED,GF3A_DIRECTIONAL_WRITE_EXHAUSTED_PRIMALITY_UNASSIGNED,513,512,512,NO_RECORDED_FACTOR_PRP_OR_LL_RESULT_AND_NO_ACTIVE_GIMPS_ASSIGNMENT,2026-08-09T04:34:14+00:00,UNALLOCATED,,,,,
SLCMP1765-0902,902,902,583544779,2^583544779-1,STRUCTURAL_SCREEN_EXHAUSTED_PRIMALITY_UNASSIGNED,GF3A_DIRECTIONAL_WRITE_EXHAUSTED_PRIMALITY_UNASSIGNED,514,512,512,NO_RECORDED_FACTOR_PRP_OR_LL_RESULT_AND_NO_ACTIVE_GIMPS_ASSIGNMENT,2026-08-09T04:34:14+00:00,UNALLOCATED,,,,,
SLCMP1765-0903,903,903,583544789,2^583544789-1,STRUCTURAL_SCREEN_EXHAUSTED_PRIMALITY_UNASSIGNED,GF3A_DIRECTIONAL_WRITE_EXHAUSTED_PRIMALITY_UNASSIGNED,513,512,512,NO_RECORDED_FACTOR_PRP_OR_LL_RESULT_AND_NO_ACTIVE_GIMPS_ASSIGNMENT,2026-08-09T04:34:14+00:00,UNALLOCATED,,,,,
SLCMP1765-0904,904,904,583544791,2^583544791-1,STRUCTURAL_SCREEN_EXHAUSTED_PRIMALITY_UNASSIGNED,GF3A_DIRECTIONAL_WRITE_EXHAUSTED_PRIMALITY_UNASSIGNED,514,512,512,NO_RECORDED_FACTOR_PRP_OR_LL_RESULT_AND_NO_ACTIVE_GIMPS_ASSIGNMENT,2026-08-09T04:34:14+00:00,UNALLOCATED,,,,,
SLCMP1765-0905,905,905,583544803,2^583544803-1,STRUCTURAL_SCREEN_EXHAUSTED_PRIMALITY_UNASSIGNED,GF3A_DIRECTIONAL_WRITE_EXHAUSTED_PRIMALITY_UNASSIGNED,514,512,512,NO_RECORDED_FACTOR_PRP_OR_LL_RESULT_AND_NO_ACTIVE_GIMPS_ASSIGNMENT,2026-08-09T04:34:14+00:00,UNALLOCATED,,,,,
SLCMP1765-0906,906,906,583544813,2^583544813-1,STRUCTURAL_SCREEN_EXHAUSTED_PRIMALITY_UNASSIGNED,GF3A_DIRECTIONAL_WRITE_EXHAUSTED_PRIMALITY_UNASSIGNED,513,512,512,NO_RECORDED_FACTOR_PRP_OR_LL_RESULT_AND_NO_ACTIVE_GIMPS_ASSIGNMENT,2026-08-09T04:34:14+00:00,UNALLOCATED,,,,,
SLCMP1765-0907,907,907,583544861,2^583544861-1,STRUCTURAL_SCREEN_EXHAUSTED_PRIMALITY_UNASSIGNED,GF3A_DIRECTIONAL_WRITE_EXHAUSTED_PRIMALITY_UNASSIGNED,513,512,512,NO_RECORDED_FACTOR_PRP_OR_LL_RESULT_AND_NO_ACTIVE_GIMPS_ASSIGNMENT,2026-08-09T04:34:14+00:00,UNALLOCATED,,,,,
SLCMP1765-0908,908,908,583544963,2^583544963-1,STRUCTURAL_SCREEN_EXHAUSTED_PRIMALITY_UNASSIGNED,GF3A_DIRECTIONAL_WRITE_EXHAUSTED_PRIMALITY_UNASSIGNED,514,512,512,NO_RECORDED_FACTOR_PRP_OR_LL_RESULT_AND_NO_ACTIVE_GIMPS_ASSIGNMENT,2026-08-09T04:34:14+00:00,UNALLOCATED,,,,,
SLCMP1765-0909,909,909,583544981,2^583544981-1,STRUCTURAL_SCREEN_EXHAUSTED_PRIMALITY_UNASSIGNED,GF3A_DIRECTIONAL_WRITE_EXHAUSTED_PRIMALITY_UNASSIGNED,513,512,512,NO_RECORDED_FACTOR_PRP_OR_LL_RESULT_AND_NO_ACTIVE_GIMPS_ASSIGNMENT,2026-08-09T04:34:14+00:00,UNALLOCATED,,,,,
SLCMP1765-0910,910,910,583545059,2^583545059-1,STRUCTURAL_SCREEN_EXHAUSTED_PRIMALITY_UNASSIGNED,GF3A_DIRECTIONAL_WRITE_EXHAUSTED_PRIMALITY_UNASSIGNED,514,512,512,NO_RECORDED_FACTOR_PRP_OR_LL_RESULT_AND_NO_ACTIVE_GIMPS_ASSIGNMENT,2026-08-09T04:34:14+00:00,UNALLOCATED,,,,,
SLCMP1765-0911,911,911,583545199,2^583545199-1,STRUCTURAL_SCREEN_EXHAUSTED_PRIMALITY_UNASSIGNED,GF3A_DIRECTIONAL_WRITE_EXHAUSTED_PRIMALITY_UNASSIGNED,514,512,512,NO_RECORDED_FACTOR_PRP_OR_LL_RESULT_AND_NO_ACTIVE_GIMPS_ASSIGNMENT,2026-08-09T04:34:14+00:00,UNALLOCATED,,,,,
SLCMP1765-0912,912,912,583545299,2^583545299-1,STRUCTURAL_SCREEN_EXHAUSTED_PRIMALITY_UNASSIGNED,GF3A_DIRECTIONAL_WRITE_EXHAUSTED_PRIMALITY_UNASSIGNED,514,512,512,NO_RECORDED_FACTOR_PRP_OR_LL_RESULT_AND_NO_ACTIVE_GIMPS_ASSIGNMENT,2026-08-09T04:34:14+00:00,UNALLOCATED,,,,,
SLCMP1765-0913,913,913,583545437,2^583545437-1,STRUCTURAL_SCREEN_EXHAUSTED_PRIMALITY_UNASSIGNED,GF3A_DIRECTIONAL_WRITE_EXHAUSTED_PRIMALITY_UNASSIGNED,513,512,512,NO_RECORDED_FACTOR_PRP_OR_LL_RESULT_AND_NO_ACTIVE_GIMPS_ASSIGNMENT,2026-08-09T04:34:14+00:00,UNALLOCATED,,,,,
SLCMP1765-0914,914,914,583545583,2^583545583-1,STRUCTURAL_SCREEN_EXHAUSTED_PRIMALITY_UNASSIGNED,GF3A_DIRECTIONAL_WRITE_EXHAUSTED_PRIMALITY_UNASSIGNED,514,512,512,NO_RECORDED_FACTOR_PRP_OR_LL_RESULT_AND_NO_ACTIVE_GIMPS_ASSIGNMENT,2026-08-09T04:34:14+00:00,UNALLOCATED,,,,,
SLCMP1765-0915,915,915,583545631,2^583545631-1,STRUCTURAL_SCREEN_EXHAUSTED_PRIMALITY_UNASSIGNED,GF3A_DIRECTIONAL_WRITE_EXHAUSTED_PRIMALITY_UNASSIGNED,514,512,512,NO_RECORDED_FACTOR_PRP_OR_LL_RESULT_AND_NO_ACTIVE_GIMPS_ASSIGNMENT,2026-08-09T04:34:14+00:00,UNALLOCATED,,,,,
SLCMP1765-0916,916,916,583545667,2^583545667-1,STRUCTURAL_SCREEN_EXHAUSTED_PRIMALITY_UNASSIGNED,GF3A_DIRECTIONAL_WRITE_EXHAUSTED_PRIMALITY_UNASSIGNED,514,512,512,NO_RECORDED_FACTOR_PRP_OR_LL_RESULT_AND_NO_ACTIVE_GIMPS_ASSIGNMENT,2026-08-09T04:34:14+00:00,UNALLOCATED,,,,,
SLCMP1765-0917,917,917,583545709,2^583545709-1,STRUCTURAL_SCREEN_EXHAUSTED_PRIMALITY_UNASSIGNED,GF3A_DIRECTIONAL_WRITE_EXHAUSTED_PRIMALITY_UNASSIGNED,513,512,512,NO_RECORDED_FACTOR_PRP_OR_LL_RESULT_AND_NO_ACTIVE_GIMPS_ASSIGNMENT,2026-08-09T04:34:14+00:00,UNALLOCATED,,,,,
SLCMP1765-0918,918,918,583545713,2^583545713-1,STRUCTURAL_SCREEN_EXHAUSTED_PRIMALITY_UNASSIGNED,GF3A_DIRECTIONAL_WRITE_EXHAUSTED_PRIMALITY_UNASSIGNED,513,512,512,NO_RECORDED_FACTOR_PRP_OR_LL_RESULT_AND_NO_ACTIVE_GIMPS_ASSIGNMENT,2026-08-09T04:34:14+00:00,UNALLOCATED,,,,,
SLCMP1765-0919,919,919,583545763,2^583545763-1,STRUCTURAL_SCREEN_EXHAUSTED_PRIMALITY_UNASSIGNED,GF3A_DIRECTIONAL_WRITE_EXHAUSTED_PRIMALITY_UNASSIGNED,514,512,512,NO_RECORDED_FACTOR_PRP_OR_LL_RESULT_AND_NO_ACTIVE_GIMPS_ASSIGNMENT,2026-08-09T04:34:14+00:00,UNALLOCATED,,,,,
SLCMP1765-0920,920,920,583545839,2^583545839-1,STRUCTURAL_SCREEN_EXHAUSTED_PRIMALITY_UNASSIGNED,GF3A_DIRECTIONAL_WRITE_EXHAUSTED_PRIMALITY_UNASSIGNED,514,512,512,NO_RECORDED_FACTOR_PRP_OR_LL_RESULT_AND_NO_ACTIVE_GIMPS_ASSIGNMENT,2026-08-09T04:34:14+00:00,UNALLOCATED,,,,,
SLCMP1765-0921,921,921,583545877,2^583545877-1,STRUCTURAL_SCREEN_EXHAUSTED_PRIMALITY_UNASSIGNED,GF3A_DIRECTIONAL_WRITE_EXHAUSTED_PRIMALITY_UNASSIGNED,513,512,512,NO_RECORDED_FACTOR_PRP_OR_LL_RESULT_AND_NO_ACTIVE_GIMPS_ASSIGNMENT,2026-08-09T04:34:14+00:00,UNALLOCATED,,,,,
SLCMP1765-0922,922,922,583545887,2^583545887-1,STRUCTURAL_SCREEN_EXHAUSTED_PRIMALITY_UNASSIGNED,GF3A_DIRECTIONAL_WRITE_EXHAUSTED_PRIMALITY_UNASSIGNED,514,512,512,NO_RECORDED_FACTOR_PRP_OR_LL_RESULT_AND_NO_ACTIVE_GIMPS_ASSIGNMENT,2026-08-09T04:34:14+00:00,UNALLOCATED,,,,,
SLCMP1765-0923,923,923,583546009,2^583546009-1,STRUCTURAL_SCREEN_EXHAUSTED_PRIMALITY_UNASSIGNED,GF3A_DIRECTIONAL_WRITE_EXHAUSTED_PRIMALITY_UNASSIGNED,513,512,512,NO_RECORDED_FACTOR_PRP_OR_LL_RESULT_AND_NO_ACTIVE_GIMPS_ASSIGNMENT,2026-08-09T04:34:14+00:00,UNALLOCATED,,,,,
SLCMP1765-0924,924,924,583546121,2^583546121-1,STRUCTURAL_SCREEN_EXHAUSTED_PRIMALITY_UNASSIGNED,GF3A_DIRECTIONAL_WRITE_EXHAUSTED_PRIMALITY_UNASSIGNED,513,512,512,NO_RECORDED_FACTOR_PRP_OR_LL_RESULT_AND_NO_ACTIVE_GIMPS_ASSIGNMENT,2026-08-09T04:34:14+00:00,UNALLOCATED,,,,,
SLCMP1765-0925,925,925,583546189,2^583546189-1,STRUCTURAL_SCREEN_EXHAUSTED_PRIMALITY_UNASSIGNED,GF3A_DIRECTIONAL_WRITE_EXHAUSTED_PRIMALITY_UNASSIGNED,513,512,512,NO_RECORDED_FACTOR_PRP_OR_LL_RESULT_AND_NO_ACTIVE_GIMPS_ASSIGNMENT,2026-08-09T04:34:14+00:00,UNALLOCATED,,,,,
SLCMP1765-0926,926,926,583546279,2^583546279-1,STRUCTURAL_SCREEN_EXHAUSTED_PRIMALITY_UNASSIGNED,GF3A_DIRECTIONAL_WRITE_EXHAUSTED_PRIMALITY_UNASSIGNED,514,512,512,NO_RECORDED_FACTOR_PRP_OR_LL_RESULT_AND_NO_ACTIVE_GIMPS_ASSIGNMENT,2026-08-09T04:34:14+00:00,UNALLOCATED,,,,,
SLCMP1765-0927,927,927,583546303,2^583546303-1,STRUCTURAL_SCREEN_EXHAUSTED_PRIMALITY_UNASSIGNED,GF3A_DIRECTIONAL_WRITE_EXHAUSTED_PRIMALITY_UNASSIGNED,514,512,512,NO_RECORDED_FACTOR_PRP_OR_LL_RESULT_AND_NO_ACTIVE_GIMPS_ASSIGNMENT,2026-08-09T04:34:14+00:00,UNALLOCATED,,,,,
SLCMP1765-0928,928,928,583546309,2^583546309-1,STRUCTURAL_SCREEN_EXHAUSTED_PRIMALITY_UNASSIGNED,GF3A_DIRECTIONAL_WRITE_EXHAUSTED_PRIMALITY_UNASSIGNED,513,512,512,NO_RECORDED_FACTOR_PRP_OR_LL_RESULT_AND_NO_ACTIVE_GIMPS_ASSIGNMENT,2026-08-09T04:34:14+00:00,UNALLOCATED,,,,,
SLCMP1765-0929,929,929,583546339,2^583546339-1,STRUCTURAL_SCREEN_EXHAUSTED_PRIMALITY_UNASSIGNED,GF3A_DIRECTIONAL_WRITE_EXHAUSTED_PRIMALITY_UNASSIGNED,514,512,512,NO_RECORDED_FACTOR_PRP_OR_LL_RESULT_AND_NO_ACTIVE_GIMPS_ASSIGNMENT,2026-08-09T04:34:14+00:00,UNALLOCATED,,,,,
SLCMP1765-0930,930,930,583546361,2^583546361-1,STRUCTURAL_SCREEN_EXHAUSTED_PRIMALITY_UNASSIGNED,GF3A_DIRECTIONAL_WRITE_EXHAUSTED_PRIMALITY_UNASSIGNED,513,512,512,NO_RECORDED_FACTOR_PRP_OR_LL_RESULT_AND_NO_ACTIVE_GIMPS_ASSIGNMENT,2026-08-09T04:34:14+00:00,UNALLOCATED,,,,,
SLCMP1765-0931,931,931,583546393,2^583546393-1,STRUCTURAL_SCREEN_EXHAUSTED_PRIMALITY_UNASSIGNED,GF3A_DIRECTIONAL_WRITE_EXHAUSTED_PRIMALITY_UNASSIGNED,513,512,512,NO_RECORDED_FACTOR_PRP_OR_LL_RESULT_AND_NO_ACTIVE_GIMPS_ASSIGNMENT,2026-08-09T04:34:14+00:00,UNALLOCATED,,,,,
SLCMP1765-0932,932,932,583546417,2^583546417-1,STRUCTURAL_SCREEN_EXHAUSTED_PRIMALITY_UNASSIGNED,GF3A_DIRECTIONAL_WRITE_EXHAUSTED_PRIMALITY_UNASSIGNED,513,512,512,NO_RECORDED_FACTOR_PRP_OR_LL_RESULT_AND_NO_ACTIVE_GIMPS_ASSIGNMENT,2026-08-09T04:34:14+00:00,UNALLOCATED,,,,,
SLCMP1765-0933,933,933,583546441,2^583546441-1,STRUCTURAL_SCREEN_EXHAUSTED_PRIMALITY_UNASSIGNED,GF3A_DIRECTIONAL_WRITE_EXHAUSTED_PRIMALITY_UNASSIGNED,513,512,512,NO_RECORDED_FACTOR_PRP_OR_LL_RESULT_AND_NO_ACTIVE_GIMPS_ASSIGNMENT,2026-08-09T04:34:14+00:00,UNALLOCATED,,,,,
SLCMP1765-0934,934,934,583546489,2^583546489-1,STRUCTURAL_SCREEN_EXHAUSTED_PRIMALITY_UNASSIGNED,GF3A_DIRECTIONAL_WRITE_EXHAUSTED_PRIMALITY_UNASSIGNED,513,512,512,NO_RECORDED_FACTOR_PRP_OR_LL_RESULT_AND_NO_ACTIVE_GIMPS_ASSIGNMENT,2026-08-09T04:34:14+00:00,UNALLOCATED,,,,,
SLCMP1765-0935,935,935,583546553,2^583546553-1,STRUCTURAL_SCREEN_EXHAUSTED_PRIMALITY_UNASSIGNED,GF3A_DIRECTIONAL_WRITE_EXHAUSTED_PRIMALITY_UNASSIGNED,513,512,512,NO_RECORDED_FACTOR_PRP_OR_LL_RESULT_AND_NO_ACTIVE_GIMPS_ASSIGNMENT,2026-08-09T04:34:14+00:00,UNALLOCATED,,,,,
SLCMP1765-0936,936,936,583546609,2^583546609-1,STRUCTURAL_SCREEN_EXHAUSTED_PRIMALITY_UNASSIGNED,GF3A_DIRECTIONAL_WRITE_EXHAUSTED_PRIMALITY_UNASSIGNED,513,512,512,NO_RECORDED_FACTOR_PRP_OR_LL_RESULT_AND_NO_ACTIVE_GIMPS_ASSIGNMENT,2026-08-09T04:34:14+00:00,UNALLOCATED,,,,,
SLCMP1765-0937,937,937,583546627,2^583546627-1,STRUCTURAL_SCREEN_EXHAUSTED_PRIMALITY_UNASSIGNED,GF3A_DIRECTIONAL_WRITE_EXHAUSTED_PRIMALITY_UNASSIGNED,514,512,512,NO_RECORDED_FACTOR_PRP_OR_LL_RESULT_AND_NO_ACTIVE_GIMPS_ASSIGNMENT,2026-08-09T04:34:14+00:00,UNALLOCATED,,,,,
SLCMP1765-0938,938,938,583546661,2^583546661-1,STRUCTURAL_SCREEN_EXHAUSTED_PRIMALITY_UNASSIGNED,GF3A_DIRECTIONAL_WRITE_EXHAUSTED_PRIMALITY_UNASSIGNED,513,512,512,NO_RECORDED_FACTOR_PRP_OR_LL_RESULT_AND_NO_ACTIVE_GIMPS_ASSIGNMENT,2026-08-09T04:34:14+00:00,UNALLOCATED,,,,,
SLCMP1765-0939,939,939,583546687,2^583546687-1,STRUCTURAL_SCREEN_EXHAUSTED_PRIMALITY_UNASSIGNED,GF3A_DIRECTIONAL_WRITE_EXHAUSTED_PRIMALITY_UNASSIGNED,514,512,512,NO_RECORDED_FACTOR_PRP_OR_LL_RESULT_AND_NO_ACTIVE_GIMPS_ASSIGNMENT,2026-08-09T04:34:14+00:00,UNALLOCATED,,,,,
SLCMP1765-0940,940,940,583546723,2^583546723-1,STRUCTURAL_SCREEN_EXHAUSTED_PRIMALITY_UNASSIGNED,GF3A_DIRECTIONAL_WRITE_EXHAUSTED_PRIMALITY_UNASSIGNED,514,512,512,NO_RECORDED_FACTOR_PRP_OR_LL_RESULT_AND_NO_ACTIVE_GIMPS_ASSIGNMENT,2026-08-09T04:34:14+00:00,UNALLOCATED,,,,,
SLCMP1765-0941,941,941,583546793,2^583546793-1,STRUCTURAL_SCREEN_EXHAUSTED_PRIMALITY_UNASSIGNED,GF3A_DIRECTIONAL_WRITE_EXHAUSTED_PRIMALITY_UNASSIGNED,513,512,512,NO_RECORDED_FACTOR_PRP_OR_LL_RESULT_AND_NO_ACTIVE_GIMPS_ASSIGNMENT,2026-08-09T04:34:14+00:00,UNALLOCATED,,,,,
SLCMP1765-0942,942,942,583546813,2^583546813-1,STRUCTURAL_SCREEN_EXHAUSTED_PRIMALITY_UNASSIGNED,GF3A_DIRECTIONAL_WRITE_EXHAUSTED_PRIMALITY_UNASSIGNED,513,512,512,NO_RECORDED_FACTOR_PRP_OR_LL_RESULT_AND_NO_ACTIVE_GIMPS_ASSIGNMENT,2026-08-09T04:34:14+00:00,UNALLOCATED,,,,,
SLCMP1765-0943,943,943,583546897,2^583546897-1,STRUCTURAL_SCREEN_EXHAUSTED_PRIMALITY_UNASSIGNED,GF3A_DIRECTIONAL_WRITE_EXHAUSTED_PRIMALITY_UNASSIGNED,513,512,512,NO_RECORDED_FACTOR_PRP_OR_LL_RESULT_AND_NO_ACTIVE_GIMPS_ASSIGNMENT,2026-08-09T04:34:14+00:00,UNALLOCATED,,,,,
SLCMP1765-0944,944,944,583546921,2^583546921-1,STRUCTURAL_SCREEN_EXHAUSTED_PRIMALITY_UNASSIGNED,GF3A_DIRECTIONAL_WRITE_EXHAUSTED_PRIMALITY_UNASSIGNED,513,512,512,NO_RECORDED_FACTOR_PRP_OR_LL_RESULT_AND_NO_ACTIVE_GIMPS_ASSIGNMENT,2026-08-09T04:34:14+00:00,UNALLOCATED,,,,,
SLCMP1765-0945,945,945,583546969,2^583546969-1,STRUCTURAL_SCREEN_EXHAUSTED_PRIMALITY_UNASSIGNED,GF3A_DIRECTIONAL_WRITE_EXHAUSTED_PRIMALITY_UNASSIGNED,513,512,512,NO_RECORDED_FACTOR_PRP_OR_LL_RESULT_AND_NO_ACTIVE_GIMPS_ASSIGNMENT,2026-08-09T04:34:14+00:00,UNALLOCATED,,,,,
SLCMP1765-0946,946,946,583547011,2^583547011-1,STRUCTURAL_SCREEN_EXHAUSTED_PRIMALITY_UNASSIGNED,GF3A_DIRECTIONAL_WRITE_EXHAUSTED_PRIMALITY_UNASSIGNED,514,512,512,NO_RECORDED_FACTOR_PRP_OR_LL_RESULT_AND_NO_ACTIVE_GIMPS_ASSIGNMENT,2026-08-09T04:34:14+00:00,UNALLOCATED,,,,,
SLCMP1765-0947,947,947,583547059,2^583547059-1,STRUCTURAL_SCREEN_EXHAUSTED_PRIMALITY_UNASSIGNED,GF3A_DIRECTIONAL_WRITE_EXHAUSTED_PRIMALITY_UNASSIGNED,514,512,512,NO_RECORDED_FACTOR_PRP_OR_LL_RESULT_AND_NO_ACTIVE_GIMPS_ASSIGNMENT,2026-08-09T04:34:14+00:00,UNALLOCATED,,,,,
SLCMP1765-0948,948,948,583547149,2^583547149-1,STRUCTURAL_SCREEN_EXHAUSTED_PRIMALITY_UNASSIGNED,GF3A_DIRECTIONAL_WRITE_EXHAUSTED_PRIMALITY_UNASSIGNED,513,512,512,NO_RECORDED_FACTOR_PRP_OR_LL_RESULT_AND_NO_ACTIVE_GIMPS_ASSIGNMENT,2026-08-09T04:34:14+00:00,UNALLOCATED,,,,,
SLCMP1765-0949,949,949,583547179,2^583547179-1,STRUCTURAL_SCREEN_EXHAUSTED_PRIMALITY_UNASSIGNED,GF3A_DIRECTIONAL_WRITE_EXHAUSTED_PRIMALITY_UNASSIGNED,514,512,512,NO_RECORDED_FACTOR_PRP_OR_LL_RESULT_AND_NO_ACTIVE_GIMPS_ASSIGNMENT,2026-08-09T04:34:14+00:00,UNALLOCATED,,,,,
SLCMP1765-0950,950,950,583547257,2^583547257-1,STRUCTURAL_SCREEN_EXHAUSTED_PRIMALITY_UNASSIGNED,GF3A_DIRECTIONAL_WRITE_EXHAUSTED_PRIMALITY_UNASSIGNED,513,512,512,NO_RECORDED_FACTOR_PRP_OR_LL_RESULT_AND_NO_ACTIVE_GIMPS_ASSIGNMENT,2026-08-09T04:34:14+00:00,UNALLOCATED,,,,,
SLCMP1765-0951,951,951,583547333,2^583547333-1,STRUCTURAL_SCREEN_EXHAUSTED_PRIMALITY_UNASSIGNED,GF3A_DIRECTIONAL_WRITE_EXHAUSTED_PRIMALITY_UNASSIGNED,513,512,512,NO_RECORDED_FACTOR_PRP_OR_LL_RESULT_AND_NO_ACTIVE_GIMPS_ASSIGNMENT,2026-08-09T04:34:14+00:00,UNALLOCATED,,,,,
SLCMP1765-0952,952,952,583547369,2^583547369-1,STRUCTURAL_SCREEN_EXHAUSTED_PRIMALITY_UNASSIGNED,GF3A_DIRECTIONAL_WRITE_EXHAUSTED_PRIMALITY_UNASSIGNED,513,512,512,NO_RECORDED_FACTOR_PRP_OR_LL_RESULT_AND_NO_ACTIVE_GIMPS_ASSIGNMENT,2026-08-09T04:34:14+00:00,UNALLOCATED,,,,,
SLCMP1765-0953,953,953,583547417,2^583547417-1,STRUCTURAL_SCREEN_EXHAUSTED_PRIMALITY_UNASSIGNED,GF3A_DIRECTIONAL_WRITE_EXHAUSTED_PRIMALITY_UNASSIGNED,513,512,512,NO_RECORDED_FACTOR_PRP_OR_LL_RESULT_AND_NO_ACTIVE_GIMPS_ASSIGNMENT,2026-08-09T04:34:14+00:00,UNALLOCATED,,,,,
SLCMP1765-0954,954,954,583547443,2^583547443-1,STRUCTURAL_SCREEN_EXHAUSTED_PRIMALITY_UNASSIGNED,GF3A_DIRECTIONAL_WRITE_EXHAUSTED_PRIMALITY_UNASSIGNED,514,512,512,NO_RECORDED_FACTOR_PRP_OR_LL_RESULT_AND_NO_ACTIVE_GIMPS_ASSIGNMENT,2026-08-09T04:34:14+00:00,UNALLOCATED,,,,,
SLCMP1765-0955,955,955,583547449,2^583547449-1,STRUCTURAL_SCREEN_EXHAUSTED_PRIMALITY_UNASSIGNED,GF3A_DIRECTIONAL_WRITE_EXHAUSTED_PRIMALITY_UNASSIGNED,513,512,512,NO_RECORDED_FACTOR_PRP_OR_LL_RESULT_AND_NO_ACTIVE_GIMPS_ASSIGNMENT,2026-08-09T04:34:14+00:00,UNALLOCATED,,,,,
SLCMP1765-0956,956,956,583547501,2^583547501-1,STRUCTURAL_SCREEN_EXHAUSTED_PRIMALITY_UNASSIGNED,GF3A_DIRECTIONAL_WRITE_EXHAUSTED_PRIMALITY_UNASSIGNED,513,512,512,NO_RECORDED_FACTOR_PRP_OR_LL_RESULT_AND_NO_ACTIVE_GIMPS_ASSIGNMENT,2026-08-09T04:34:14+00:00,UNALLOCATED,,,,,
SLCMP1765-0957,957,957,583547563,2^583547563-1,STRUCTURAL_SCREEN_EXHAUSTED_PRIMALITY_UNASSIGNED,GF3A_DIRECTIONAL_WRITE_EXHAUSTED_PRIMALITY_UNASSIGNED,514,512,512,NO_RECORDED_FACTOR_PRP_OR_LL_RESULT_AND_NO_ACTIVE_GIMPS_ASSIGNMENT,2026-08-09T04:34:14+00:00,UNALLOCATED,,,,,
SLCMP1765-0958,958,958,583547567,2^583547567-1,STRUCTURAL_SCREEN_EXHAUSTED_PRIMALITY_UNASSIGNED,GF3A_DIRECTIONAL_WRITE_EXHAUSTED_PRIMALITY_UNASSIGNED,514,512,512,NO_RECORDED_FACTOR_PRP_OR_LL_RESULT_AND_NO_ACTIVE_GIMPS_ASSIGNMENT,2026-08-09T04:34:14+00:00,UNALLOCATED,,,,,
SLCMP1765-0959,959,959,583547603,2^583547603-1,STRUCTURAL_SCREEN_EXHAUSTED_PRIMALITY_UNASSIGNED,GF3A_DIRECTIONAL_WRITE_EXHAUSTED_PRIMALITY_UNASSIGNED,514,512,512,NO_RECORDED_FACTOR_PRP_OR_LL_RESULT_AND_NO_ACTIVE_GIMPS_ASSIGNMENT,2026-08-09T04:34:14+00:00,UNALLOCATED,,,,,
SLCMP1765-0960,960,960,583547639,2^583547639-1,STRUCTURAL_SCREEN_EXHAUSTED_PRIMALITY_UNASSIGNED,GF3A_DIRECTIONAL_WRITE_EXHAUSTED_PRIMALITY_UNASSIGNED,514,512,512,NO_RECORDED_FACTOR_PRP_OR_LL_RESULT_AND_NO_ACTIVE_GIMPS_ASSIGNMENT,2026-08-09T04:34:14+00:00,UNALLOCATED,,,,,
SLCMP1765-0961,961,961,583547803,2^583547803-1,STRUCTURAL_SCREEN_EXHAUSTED_PRIMALITY_UNASSIGNED,GF3A_DIRECTIONAL_WRITE_EXHAUSTED_PRIMALITY_UNASSIGNED,514,512,512,NO_RECORDED_FACTOR_PRP_OR_LL_RESULT_AND_NO_ACTIVE_GIMPS_ASSIGNMENT,2026-08-09T04:34:14+00:00,UNALLOCATED,,,,,
SLCMP1765-0962,962,962,583547827,2^583547827-1,STRUCTURAL_SCREEN_EXHAUSTED_PRIMALITY_UNASSIGNED,GF3A_DIRECTIONAL_WRITE_EXHAUSTED_PRIMALITY_UNASSIGNED,514,512,512,NO_RECORDED_FACTOR_PRP_OR_LL_RESULT_AND_NO_ACTIVE_GIMPS_ASSIGNMENT,2026-08-09T04:34:14+00:00,UNALLOCATED,,,,,
SLCMP1765-0963,963,963,583547873,2^583547873-1,STRUCTURAL_SCREEN_EXHAUSTED_PRIMALITY_UNASSIGNED,GF3A_DIRECTIONAL_WRITE_EXHAUSTED_PRIMALITY_UNASSIGNED,513,512,512,NO_RECORDED_FACTOR_PRP_OR_LL_RESULT_AND_NO_ACTIVE_GIMPS_ASSIGNMENT,2026-08-09T04:34:14+00:00,UNALLOCATED,,,,,
SLCMP1765-0964,964,964,583547989,2^583547989-1,STRUCTURAL_SCREEN_EXHAUSTED_PRIMALITY_UNASSIGNED,GF3A_DIRECTIONAL_WRITE_EXHAUSTED_PRIMALITY_UNASSIGNED,513,512,512,NO_RECORDED_FACTOR_PRP_OR_LL_RESULT_AND_NO_ACTIVE_GIMPS_ASSIGNMENT,2026-08-09T04:34:14+00:00,UNALLOCATED,,,,,
SLCMP1765-0965,965,965,583548181,2^583548181-1,STRUCTURAL_SCREEN_EXHAUSTED_PRIMALITY_UNASSIGNED,GF3A_DIRECTIONAL_WRITE_EXHAUSTED_PRIMALITY_UNASSIGNED,513,512,512,NO_RECORDED_FACTOR_PRP_OR_LL_RESULT_AND_NO_ACTIVE_GIMPS_ASSIGNMENT,2026-08-09T04:34:14+00:00,UNALLOCATED,,,,,
SLCMP1765-0966,966,966,583548191,2^583548191-1,STRUCTURAL_SCREEN_EXHAUSTED_PRIMALITY_UNASSIGNED,GF3A_DIRECTIONAL_WRITE_EXHAUSTED_PRIMALITY_UNASSIGNED,514,512,512,NO_RECORDED_FACTOR_PRP_OR_LL_RESULT_AND_NO_ACTIVE_GIMPS_ASSIGNMENT,2026-08-09T04:34:14+00:00,UNALLOCATED,,,,,
SLCMP1765-0967,967,967,583548209,2^583548209-1,STRUCTURAL_SCREEN_EXHAUSTED_PRIMALITY_UNASSIGNED,GF3A_DIRECTIONAL_WRITE_EXHAUSTED_PRIMALITY_UNASSIGNED,513,512,512,NO_RECORDED_FACTOR_PRP_OR_LL_RESULT_AND_NO_ACTIVE_GIMPS_ASSIGNMENT,2026-08-09T04:34:14+00:00,UNALLOCATED,,,,,
SLCMP1765-0968,968,968,583548269,2^583548269-1,STRUCTURAL_SCREEN_EXHAUSTED_PRIMALITY_UNASSIGNED,GF3A_DIRECTIONAL_WRITE_EXHAUSTED_PRIMALITY_UNASSIGNED,513,512,512,NO_RECORDED_FACTOR_PRP_OR_LL_RESULT_AND_NO_ACTIVE_GIMPS_ASSIGNMENT,2026-08-09T04:34:14+00:00,UNALLOCATED,,,,,
SLCMP1765-0969,969,969,583548377,2^583548377-1,STRUCTURAL_SCREEN_EXHAUSTED_PRIMALITY_UNASSIGNED,GF3A_DIRECTIONAL_WRITE_EXHAUSTED_PRIMALITY_UNASSIGNED,513,512,512,NO_RECORDED_FACTOR_PRP_OR_LL_RESULT_AND_NO_ACTIVE_GIMPS_ASSIGNMENT,2026-08-09T04:34:14+00:00,UNALLOCATED,,,,,
SLCMP1765-0970,970,970,583548461,2^583548461-1,STRUCTURAL_SCREEN_EXHAUSTED_PRIMALITY_UNASSIGNED,GF3A_DIRECTIONAL_WRITE_EXHAUSTED_PRIMALITY_UNASSIGNED,513,512,512,NO_RECORDED_FACTOR_PRP_OR_LL_RESULT_AND_NO_ACTIVE_GIMPS_ASSIGNMENT,2026-08-09T04:34:14+00:00,UNALLOCATED,,,,,
SLCMP1765-0971,971,971,583548481,2^583548481-1,STRUCTURAL_SCREEN_EXHAUSTED_PRIMALITY_UNASSIGNED,GF3A_DIRECTIONAL_WRITE_EXHAUSTED_PRIMALITY_UNASSIGNED,513,512,512,NO_RECORDED_FACTOR_PRP_OR_LL_RESULT_AND_NO_ACTIVE_GIMPS_ASSIGNMENT,2026-08-09T04:34:14+00:00,UNALLOCATED,,,,,
SLCMP1765-0972,972,972,583548487,2^583548487-1,STRUCTURAL_SCREEN_EXHAUSTED_PRIMALITY_UNASSIGNED,GF3A_DIRECTIONAL_WRITE_EXHAUSTED_PRIMALITY_UNASSIGNED,514,512,512,NO_RECORDED_FACTOR_PRP_OR_LL_RESULT_AND_NO_ACTIVE_GIMPS_ASSIGNMENT,2026-08-09T04:34:14+00:00,UNALLOCATED,,,,,
SLCMP1765-0973,973,973,583548529,2^583548529-1,STRUCTURAL_SCREEN_EXHAUSTED_PRIMALITY_UNASSIGNED,GF3A_DIRECTIONAL_WRITE_EXHAUSTED_PRIMALITY_UNASSIGNED,513,512,512,NO_RECORDED_FACTOR_PRP_OR_LL_RESULT_AND_NO_ACTIVE_GIMPS_ASSIGNMENT,2026-08-09T04:34:14+00:00,UNALLOCATED,,,,,
SLCMP1765-0974,974,974,583548541,2^583548541-1,STRUCTURAL_SCREEN_EXHAUSTED_PRIMALITY_UNASSIGNED,GF3A_DIRECTIONAL_WRITE_EXHAUSTED_PRIMALITY_UNASSIGNED,513,512,512,NO_RECORDED_FACTOR_PRP_OR_LL_RESULT_AND_NO_ACTIVE_GIMPS_ASSIGNMENT,2026-08-09T04:34:14+00:00,UNALLOCATED,,,,,
SLCMP1765-0975,975,975,583548551,2^583548551-1,STRUCTURAL_SCREEN_EXHAUSTED_PRIMALITY_UNASSIGNED,GF3A_DIRECTIONAL_WRITE_EXHAUSTED_PRIMALITY_UNASSIGNED,514,512,512,NO_RECORDED_FACTOR_PRP_OR_LL_RESULT_AND_NO_ACTIVE_GIMPS_ASSIGNMENT,2026-08-09T04:34:14+00:00,UNALLOCATED,,,,,
SLCMP1765-0976,976,976,583548593,2^583548593-1,STRUCTURAL_SCREEN_EXHAUSTED_PRIMALITY_UNASSIGNED,GF3A_DIRECTIONAL_WRITE_EXHAUSTED_PRIMALITY_UNASSIGNED,513,512,512,NO_RECORDED_FACTOR_PRP_OR_LL_RESULT_AND_NO_ACTIVE_GIMPS_ASSIGNMENT,2026-08-09T04:34:14+00:00,UNALLOCATED,,,,,
SLCMP1765-0977,977,977,583548599,2^583548599-1,STRUCTURAL_SCREEN_EXHAUSTED_PRIMALITY_UNASSIGNED,GF3A_DIRECTIONAL_WRITE_EXHAUSTED_PRIMALITY_UNASSIGNED,514,512,512,NO_RECORDED_FACTOR_PRP_OR_LL_RESULT_AND_NO_ACTIVE_GIMPS_ASSIGNMENT,2026-08-09T04:34:14+00:00,UNALLOCATED,,,,,
SLCMP1765-0978,978,978,583548769,2^583548769-1,STRUCTURAL_SCREEN_EXHAUSTED_PRIMALITY_UNASSIGNED,GF3A_DIRECTIONAL_WRITE_EXHAUSTED_PRIMALITY_UNASSIGNED,513,512,512,NO_RECORDED_FACTOR_PRP_OR_LL_RESULT_AND_NO_ACTIVE_GIMPS_ASSIGNMENT,2026-08-09T04:34:14+00:00,UNALLOCATED,,,,,
SLCMP1765-0979,979,979,583548781,2^583548781-1,STRUCTURAL_SCREEN_EXHAUSTED_PRIMALITY_UNASSIGNED,GF3A_DIRECTIONAL_WRITE_EXHAUSTED_PRIMALITY_UNASSIGNED,513,512,512,NO_RECORDED_FACTOR_PRP_OR_LL_RESULT_AND_NO_ACTIVE_GIMPS_ASSIGNMENT,2026-08-09T04:34:14+00:00,UNALLOCATED,,,,,
SLCMP1765-0980,980,980,583548839,2^583548839-1,STRUCTURAL_SCREEN_EXHAUSTED_PRIMALITY_UNASSIGNED,GF3A_DIRECTIONAL_WRITE_EXHAUSTED_PRIMALITY_UNASSIGNED,514,512,512,NO_RECORDED_FACTOR_PRP_OR_LL_RESULT_AND_NO_ACTIVE_GIMPS_ASSIGNMENT,2026-08-09T04:34:14+00:00,UNALLOCATED,,,,,
SLCMP1765-0981,981,981,583548883,2^583548883-1,STRUCTURAL_SCREEN_EXHAUSTED_PRIMALITY_UNASSIGNED,GF3A_DIRECTIONAL_WRITE_EXHAUSTED_PRIMALITY_UNASSIGNED,514,512,512,NO_RECORDED_FACTOR_PRP_OR_LL_RESULT_AND_NO_ACTIVE_GIMPS_ASSIGNMENT,2026-08-09T04:34:14+00:00,UNALLOCATED,,,,,
SLCMP1765-0982,982,982,583548913,2^583548913-1,STRUCTURAL_SCREEN_EXHAUSTED_PRIMALITY_UNASSIGNED,GF3A_DIRECTIONAL_WRITE_EXHAUSTED_PRIMALITY_UNASSIGNED,513,512,512,NO_RECORDED_FACTOR_PRP_OR_LL_RESULT_AND_NO_ACTIVE_GIMPS_ASSIGNMENT,2026-08-09T04:34:14+00:00,UNALLOCATED,,,,,
SLCMP1765-0983,983,983,583548967,2^583548967-1,STRUCTURAL_SCREEN_EXHAUSTED_PRIMALITY_UNASSIGNED,GF3A_DIRECTIONAL_WRITE_EXHAUSTED_PRIMALITY_UNASSIGNED,514,512,512,NO_RECORDED_FACTOR_PRP_OR_LL_RESULT_AND_NO_ACTIVE_GIMPS_ASSIGNMENT,2026-08-09T04:34:14+00:00,UNALLOCATED,,,,,
SLCMP1765-0984,984,984,583548983,2^583548983-1,STRUCTURAL_SCREEN_EXHAUSTED_PRIMALITY_UNASSIGNED,GF3A_DIRECTIONAL_WRITE_EXHAUSTED_PRIMALITY_UNASSIGNED,514,512,512,NO_RECORDED_FACTOR_PRP_OR_LL_RESULT_AND_NO_ACTIVE_GIMPS_ASSIGNMENT,2026-08-09T04:34:14+00:00,UNALLOCATED,,,,,
SLCMP1765-0985,985,985,583549019,2^583549019-1,STRUCTURAL_SCREEN_EXHAUSTED_PRIMALITY_UNASSIGNED,GF3A_DIRECTIONAL_WRITE_EXHAUSTED_PRIMALITY_UNASSIGNED,514,512,512,NO_RECORDED_FACTOR_PRP_OR_LL_RESULT_AND_NO_ACTIVE_GIMPS_ASSIGNMENT,2026-08-09T04:34:14+00:00,UNALLOCATED,,,,,
SLCMP1765-0986,986,986,583549067,2^583549067-1,STRUCTURAL_SCREEN_EXHAUSTED_PRIMALITY_UNASSIGNED,GF3A_DIRECTIONAL_WRITE_EXHAUSTED_PRIMALITY_UNASSIGNED,514,512,512,NO_RECORDED_FACTOR_PRP_OR_LL_RESULT_AND_NO_ACTIVE_GIMPS_ASSIGNMENT,2026-08-09T04:34:14+00:00,UNALLOCATED,,,,,
SLCMP1765-0987,987,987,583549073,2^583549073-1,STRUCTURAL_SCREEN_EXHAUSTED_PRIMALITY_UNASSIGNED,GF3A_DIRECTIONAL_WRITE_EXHAUSTED_PRIMALITY_UNASSIGNED,513,512,512,NO_RECORDED_FACTOR_PRP_OR_LL_RESULT_AND_NO_ACTIVE_GIMPS_ASSIGNMENT,2026-08-09T04:34:14+00:00,UNALLOCATED,,,,,
SLCMP1765-0988,988,988,583549151,2^583549151-1,STRUCTURAL_SCREEN_EXHAUSTED_PRIMALITY_UNASSIGNED,GF3A_DIRECTIONAL_WRITE_EXHAUSTED_PRIMALITY_UNASSIGNED,514,512,512,NO_RECORDED_FACTOR_PRP_OR_LL_RESULT_AND_NO_ACTIVE_GIMPS_ASSIGNMENT,2026-08-09T04:34:14+00:00,UNALLOCATED,,,,,
SLCMP1765-0989,989,989,583549189,2^583549189-1,STRUCTURAL_SCREEN_EXHAUSTED_PRIMALITY_UNASSIGNED,GF3A_DIRECTIONAL_WRITE_EXHAUSTED_PRIMALITY_UNASSIGNED,513,512,512,NO_RECORDED_FACTOR_PRP_OR_LL_RESULT_AND_NO_ACTIVE_GIMPS_ASSIGNMENT,2026-08-09T04:34:14+00:00,UNALLOCATED,,,,,
SLCMP1765-0990,990,990,583549229,2^583549229-1,STRUCTURAL_SCREEN_EXHAUSTED_PRIMALITY_UNASSIGNED,GF3A_DIRECTIONAL_WRITE_EXHAUSTED_PRIMALITY_UNASSIGNED,513,512,512,NO_RECORDED_FACTOR_PRP_OR_LL_RESULT_AND_NO_ACTIVE_GIMPS_ASSIGNMENT,2026-08-09T04:34:14+00:00,UNALLOCATED,,,,,
SLCMP1765-0991,991,991,583549231,2^583549231-1,STRUCTURAL_SCREEN_EXHAUSTED_PRIMALITY_UNASSIGNED,GF3A_DIRECTIONAL_WRITE_EXHAUSTED_PRIMALITY_UNASSIGNED,514,512,512,NO_RECORDED_FACTOR_PRP_OR_LL_RESULT_AND_NO_ACTIVE_GIMPS_ASSIGNMENT,2026-08-09T04:34:14+00:00,UNALLOCATED,,,,,
SLCMP1765-0992,992,992,583549243,2^583549243-1,STRUCTURAL_SCREEN_EXHAUSTED_PRIMALITY_UNASSIGNED,GF3A_DIRECTIONAL_WRITE_EXHAUSTED_PRIMALITY_UNASSIGNED,514,512,512,NO_RECORDED_FACTOR_PRP_OR_LL_RESULT_AND_NO_ACTIVE_GIMPS_ASSIGNMENT,2026-08-09T04:34:14+00:00,UNALLOCATED,,,,,
SLCMP1765-0993,993,993,583549247,2^583549247-1,STRUCTURAL_SCREEN_EXHAUSTED_PRIMALITY_UNASSIGNED,GF3A_DIRECTIONAL_WRITE_EXHAUSTED_PRIMALITY_UNASSIGNED,514,512,512,NO_RECORDED_FACTOR_PRP_OR_LL_RESULT_AND_NO_ACTIVE_GIMPS_ASSIGNMENT,2026-08-09T04:34:14+00:00,UNALLOCATED,,,,,
SLCMP1765-0994,994,994,583549271,2^583549271-1,STRUCTURAL_SCREEN_EXHAUSTED_PRIMALITY_UNASSIGNED,GF3A_DIRECTIONAL_WRITE_EXHAUSTED_PRIMALITY_UNASSIGNED,514,512,512,NO_RECORDED_FACTOR_PRP_OR_LL_RESULT_AND_NO_ACTIVE_GIMPS_ASSIGNMENT,2026-08-09T04:34:14+00:00,UNALLOCATED,,,,,
SLCMP1765-0995,995,995,583549313,2^583549313-1,STRUCTURAL_SCREEN_EXHAUSTED_PRIMALITY_UNASSIGNED,GF3A_DIRECTIONAL_WRITE_EXHAUSTED_PRIMALITY_UNASSIGNED,513,512,512,NO_RECORDED_FACTOR_PRP_OR_LL_RESULT_AND_NO_ACTIVE_GIMPS_ASSIGNMENT,2026-08-09T04:34:14+00:00,UNALLOCATED,,,,,
SLCMP1765-0996,996,996,583549319,2^583549319-1,STRUCTURAL_SCREEN_EXHAUSTED_PRIMALITY_UNASSIGNED,GF3A_DIRECTIONAL_WRITE_EXHAUSTED_PRIMALITY_UNASSIGNED,514,512,512,NO_RECORDED_FACTOR_PRP_OR_LL_RESULT_AND_NO_ACTIVE_GIMPS_ASSIGNMENT,2026-08-09T04:34:14+00:00,UNALLOCATED,,,,,
SLCMP1765-0997,997,997,583549367,2^583549367-1,STRUCTURAL_SCREEN_EXHAUSTED_PRIMALITY_UNASSIGNED,GF3A_DIRECTIONAL_WRITE_EXHAUSTED_PRIMALITY_UNASSIGNED,514,512,512,NO_RECORDED_FACTOR_PRP_OR_LL_RESULT_AND_NO_ACTIVE_GIMPS_ASSIGNMENT,2026-08-09T04:34:14+00:00,UNALLOCATED,,,,,
SLCMP1765-0998,998,998,583549423,2^583549423-1,STRUCTURAL_SCREEN_EXHAUSTED_PRIMALITY_UNASSIGNED,GF3A_DIRECTIONAL_WRITE_EXHAUSTED_PRIMALITY_UNASSIGNED,514,512,512,NO_RECORDED_FACTOR_PRP_OR_LL_RESULT_AND_NO_ACTIVE_GIMPS_ASSIGNMENT,2026-08-09T04:34:14+00:00,UNALLOCATED,,,,,
SLCMP1765-0999,999,999,583549427,2^583549427-1,STRUCTURAL_SCREEN_EXHAUSTED_PRIMALITY_UNASSIGNED,GF3A_DIRECTIONAL_WRITE_EXHAUSTED_PRIMALITY_UNASSIGNED,514,512,512,NO_RECORDED_FACTOR_PRP_OR_LL_RESULT_AND_NO_ACTIVE_GIMPS_ASSIGNMENT,2026-08-09T04:34:14+00:00,UNALLOCATED,,,,,
SLCMP1765-1000,1000,1000,583549441,2^583549441-1,STRUCTURAL_SCREEN_EXHAUSTED_PRIMALITY_UNASSIGNED,GF3A_DIRECTIONAL_WRITE_EXHAUSTED_PRIMALITY_UNASSIGNED,513,512,512,NO_RECORDED_FACTOR_PRP_OR_LL_RESULT_AND_NO_ACTIVE_GIMPS_ASSIGNMENT,2026-08-09T04:34:14+00:00,UNALLOCATED,,,,,
SLCMP1765-1001,1001,1001,583549457,2^583549457-1,STRUCTURAL_SCREEN_EXHAUSTED_PRIMALITY_UNASSIGNED,GF3A_DIRECTIONAL_WRITE_EXHAUSTED_PRIMALITY_UNASSIGNED,513,512,512,NO_RECORDED_FACTOR_PRP_OR_LL_RESULT_AND_NO_ACTIVE_GIMPS_ASSIGNMENT,2026-08-09T04:34:14+00:00,UNALLOCATED,,,,,
SLCMP1765-1002,1002,1002,583549493,2^583549493-1,STRUCTURAL_SCREEN_EXHAUSTED_PRIMALITY_UNASSIGNED,GF3A_DIRECTIONAL_WRITE_EXHAUSTED_PRIMALITY_UNASSIGNED,513,512,512,NO_RECORDED_FACTOR_PRP_OR_LL_RESULT_AND_NO_ACTIVE_GIMPS_ASSIGNMENT,2026-08-09T04:34:14+00:00,UNALLOCATED,,,,,
SLCMP1765-1003,1003,1003,583549507,2^583549507-1,STRUCTURAL_SCREEN_EXHAUSTED_PRIMALITY_UNASSIGNED,GF3A_DIRECTIONAL_WRITE_EXHAUSTED_PRIMALITY_UNASSIGNED,514,512,512,NO_RECORDED_FACTOR_PRP_OR_LL_RESULT_AND_NO_ACTIVE_GIMPS_ASSIGNMENT,2026-08-09T04:34:14+00:00,UNALLOCATED,,,,,
SLCMP1765-1004,1004,1004,583549621,2^583549621-1,STRUCTURAL_SCREEN_EXHAUSTED_PRIMALITY_UNASSIGNED,GF3A_DIRECTIONAL_WRITE_EXHAUSTED_PRIMALITY_UNASSIGNED,513,512,512,NO_RECORDED_FACTOR_PRP_OR_LL_RESULT_AND_NO_ACTIVE_GIMPS_ASSIGNMENT,2026-08-09T04:34:14+00:00,UNALLOCATED,,,,,
SLCMP1765-1005,1005,1005,583549643,2^583549643-1,STRUCTURAL_SCREEN_EXHAUSTED_PRIMALITY_UNASSIGNED,GF3A_DIRECTIONAL_WRITE_EXHAUSTED_PRIMALITY_UNASSIGNED,514,512,512,NO_RECORDED_FACTOR_PRP_OR_LL_RESULT_AND_NO_ACTIVE_GIMPS_ASSIGNMENT,2026-08-09T04:34:14+00:00,UNALLOCATED,,,,,
SLCMP1765-1006,1006,1006,583549651,2^583549651-1,STRUCTURAL_SCREEN_EXHAUSTED_PRIMALITY_UNASSIGNED,GF3A_DIRECTIONAL_WRITE_EXHAUSTED_PRIMALITY_UNASSIGNED,514,512,512,NO_RECORDED_FACTOR_PRP_OR_LL_RESULT_AND_NO_ACTIVE_GIMPS_ASSIGNMENT,2026-08-09T04:34:14+00:00,UNALLOCATED,,,,,
SLCMP1765-1007,1007,1007,583549669,2^583549669-1,STRUCTURAL_SCREEN_EXHAUSTED_PRIMALITY_UNASSIGNED,GF3A_DIRECTIONAL_WRITE_EXHAUSTED_PRIMALITY_UNASSIGNED,513,512,512,NO_RECORDED_FACTOR_PRP_OR_LL_RESULT_AND_NO_ACTIVE_GIMPS_ASSIGNMENT,2026-08-09T04:34:14+00:00,UNALLOCATED,,,,,
SLCMP1765-1008,1008,1008,583549723,2^583549723-1,STRUCTURAL_SCREEN_EXHAUSTED_PRIMALITY_UNASSIGNED,GF3A_DIRECTIONAL_WRITE_EXHAUSTED_PRIMALITY_UNASSIGNED,514,512,512,NO_RECORDED_FACTOR_PRP_OR_LL_RESULT_AND_NO_ACTIVE_GIMPS_ASSIGNMENT,2026-08-09T04:34:14+00:00,UNALLOCATED,,,,,
SLCMP1765-1009,1009,1009,583549763,2^583549763-1,STRUCTURAL_SCREEN_EXHAUSTED_PRIMALITY_UNASSIGNED,GF3A_DIRECTIONAL_WRITE_EXHAUSTED_PRIMALITY_UNASSIGNED,514,512,512,NO_RECORDED_FACTOR_PRP_OR_LL_RESULT_AND_NO_ACTIVE_GIMPS_ASSIGNMENT,2026-08-09T04:34:14+00:00,UNALLOCATED,,,,,
SLCMP1765-1010,1010,1010,583549787,2^583549787-1,STRUCTURAL_SCREEN_EXHAUSTED_PRIMALITY_UNASSIGNED,GF3A_DIRECTIONAL_WRITE_EXHAUSTED_PRIMALITY_UNASSIGNED,514,512,512,NO_RECORDED_FACTOR_PRP_OR_LL_RESULT_AND_NO_ACTIVE_GIMPS_ASSIGNMENT,2026-08-09T04:34:14+00:00,UNALLOCATED,,,,,
SLCMP1765-1011,1011,1011,583549807,2^583549807-1,STRUCTURAL_SCREEN_EXHAUSTED_PRIMALITY_UNASSIGNED,GF3A_DIRECTIONAL_WRITE_EXHAUSTED_PRIMALITY_UNASSIGNED,514,512,512,NO_RECORDED_FACTOR_PRP_OR_LL_RESULT_AND_NO_ACTIVE_GIMPS_ASSIGNMENT,2026-08-09T04:34:14+00:00,UNALLOCATED,,,,,
SLCMP1765-1012,1012,1012,583549847,2^583549847-1,STRUCTURAL_SCREEN_EXHAUSTED_PRIMALITY_UNASSIGNED,GF3A_DIRECTIONAL_WRITE_EXHAUSTED_PRIMALITY_UNASSIGNED,514,512,512,NO_RECORDED_FACTOR_PRP_OR_LL_RESULT_AND_NO_ACTIVE_GIMPS_ASSIGNMENT,2026-08-09T04:34:14+00:00,UNALLOCATED,,,,,
SLCMP1765-1013,1013,1013,583549931,2^583549931-1,STRUCTURAL_SCREEN_EXHAUSTED_PRIMALITY_UNASSIGNED,GF3A_DIRECTIONAL_WRITE_EXHAUSTED_PRIMALITY_UNASSIGNED,514,512,512,NO_RECORDED_FACTOR_PRP_OR_LL_RESULT_AND_NO_ACTIVE_GIMPS_ASSIGNMENT,2026-08-09T04:34:14+00:00,UNALLOCATED,,,,,
SLCMP1765-1014,1014,1014,583550057,2^583550057-1,STRUCTURAL_SCREEN_EXHAUSTED_PRIMALITY_UNASSIGNED,GF3A_DIRECTIONAL_WRITE_EXHAUSTED_PRIMALITY_UNASSIGNED,513,512,512,NO_RECORDED_FACTOR_PRP_OR_LL_RESULT_AND_NO_ACTIVE_GIMPS_ASSIGNMENT,2026-08-09T04:34:14+00:00,UNALLOCATED,,,,,
SLCMP1765-1015,1015,1015,583550147,2^583550147-1,STRUCTURAL_SCREEN_EXHAUSTED_PRIMALITY_UNASSIGNED,GF3A_DIRECTIONAL_WRITE_EXHAUSTED_PRIMALITY_UNASSIGNED,514,512,512,NO_RECORDED_FACTOR_PRP_OR_LL_RESULT_AND_NO_ACTIVE_GIMPS_ASSIGNMENT,2026-08-09T04:34:14+00:00,UNALLOCATED,,,,,
SLCMP1765-1016,1016,1016,583550159,2^583550159-1,STRUCTURAL_SCREEN_EXHAUSTED_PRIMALITY_UNASSIGNED,GF3A_DIRECTIONAL_WRITE_EXHAUSTED_PRIMALITY_UNASSIGNED,514,512,512,NO_RECORDED_FACTOR_PRP_OR_LL_RESULT_AND_NO_ACTIVE_GIMPS_ASSIGNMENT,2026-08-09T04:34:14+00:00,UNALLOCATED,,,,,
SLCMP1765-1017,1017,1017,583550237,2^583550237-1,STRUCTURAL_SCREEN_EXHAUSTED_PRIMALITY_UNASSIGNED,GF3A_DIRECTIONAL_WRITE_EXHAUSTED_PRIMALITY_UNASSIGNED,513,512,512,NO_RECORDED_FACTOR_PRP_OR_LL_RESULT_AND_NO_ACTIVE_GIMPS_ASSIGNMENT,2026-08-09T04:34:14+00:00,UNALLOCATED,,,,,
SLCMP1765-1018,1018,1018,583550321,2^583550321-1,STRUCTURAL_SCREEN_EXHAUSTED_PRIMALITY_UNASSIGNED,GF3A_DIRECTIONAL_WRITE_EXHAUSTED_PRIMALITY_UNASSIGNED,513,512,512,NO_RECORDED_FACTOR_PRP_OR_LL_RESULT_AND_NO_ACTIVE_GIMPS_ASSIGNMENT,2026-08-09T04:34:14+00:00,UNALLOCATED,,,,,
SLCMP1765-1019,1019,1019,583550323,2^583550323-1,STRUCTURAL_SCREEN_EXHAUSTED_PRIMALITY_UNASSIGNED,GF3A_DIRECTIONAL_WRITE_EXHAUSTED_PRIMALITY_UNASSIGNED,514,512,512,NO_RECORDED_FACTOR_PRP_OR_LL_RESULT_AND_NO_ACTIVE_GIMPS_ASSIGNMENT,2026-08-09T04:34:14+00:00,UNALLOCATED,,,,,
SLCMP1765-1020,1020,1020,583550371,2^583550371-1,STRUCTURAL_SCREEN_EXHAUSTED_PRIMALITY_UNASSIGNED,GF3A_DIRECTIONAL_WRITE_EXHAUSTED_PRIMALITY_UNASSIGNED,514,512,512,NO_RECORDED_FACTOR_PRP_OR_LL_RESULT_AND_NO_ACTIVE_GIMPS_ASSIGNMENT,2026-08-09T04:34:14+00:00,UNALLOCATED,,,,,
SLCMP1765-1021,1021,1021,583550423,2^583550423-1,STRUCTURAL_SCREEN_EXHAUSTED_PRIMALITY_UNASSIGNED,GF3A_DIRECTIONAL_WRITE_EXHAUSTED_PRIMALITY_UNASSIGNED,514,512,512,NO_RECORDED_FACTOR_PRP_OR_LL_RESULT_AND_NO_ACTIVE_GIMPS_ASSIGNMENT,2026-08-09T04:34:14+00:00,UNALLOCATED,,,,,
SLCMP1765-1022,1022,1022,583550521,2^583550521-1,STRUCTURAL_SCREEN_EXHAUSTED_PRIMALITY_UNASSIGNED,GF3A_DIRECTIONAL_WRITE_EXHAUSTED_PRIMALITY_UNASSIGNED,513,512,512,NO_RECORDED_FACTOR_PRP_OR_LL_RESULT_AND_NO_ACTIVE_GIMPS_ASSIGNMENT,2026-08-09T04:34:14+00:00,UNALLOCATED,,,,,
SLCMP1765-1023,1023,1023,583550599,2^583550599-1,STRUCTURAL_SCREEN_EXHAUSTED_PRIMALITY_UNASSIGNED,GF3A_DIRECTIONAL_WRITE_EXHAUSTED_PRIMALITY_UNASSIGNED,514,512,512,NO_RECORDED_FACTOR_PRP_OR_LL_RESULT_AND_NO_ACTIVE_GIMPS_ASSIGNMENT,2026-08-09T04:34:14+00:00,UNALLOCATED,,,,,
SLCMP1765-1024,1024,1024,583550647,2^583550647-1,STRUCTURAL_SCREEN_EXHAUSTED_PRIMALITY_UNASSIGNED,GF3A_DIRECTIONAL_WRITE_EXHAUSTED_PRIMALITY_UNASSIGNED,514,512,512,NO_RECORDED_FACTOR_PRP_OR_LL_RESULT_AND_NO_ACTIVE_GIMPS_ASSIGNMENT,2026-08-09T04:34:14+00:00,UNALLOCATED,,,,,
SLCMP1765-1025,1025,1025,583550659,2^583550659-1,STRUCTURAL_SCREEN_EXHAUSTED_PRIMALITY_UNASSIGNED,GF3A_DIRECTIONAL_WRITE_EXHAUSTED_PRIMALITY_UNASSIGNED,514,512,512,NO_RECORDED_FACTOR_PRP_OR_LL_RESULT_AND_NO_ACTIVE_GIMPS_ASSIGNMENT,2026-08-09T04:34:14+00:00,UNALLOCATED,,,,,
SLCMP1765-1026,1026,1026,583550689,2^583550689-1,STRUCTURAL_SCREEN_EXHAUSTED_PRIMALITY_UNASSIGNED,GF3A_DIRECTIONAL_WRITE_EXHAUSTED_PRIMALITY_UNASSIGNED,513,512,512,NO_RECORDED_FACTOR_PRP_OR_LL_RESULT_AND_NO_ACTIVE_GIMPS_ASSIGNMENT,2026-08-09T04:34:14+00:00,UNALLOCATED,,,,,
SLCMP1765-1027,1027,1027,583550701,2^583550701-1,STRUCTURAL_SCREEN_EXHAUSTED_PRIMALITY_UNASSIGNED,GF3A_DIRECTIONAL_WRITE_EXHAUSTED_PRIMALITY_UNASSIGNED,513,512,512,NO_RECORDED_FACTOR_PRP_OR_LL_RESULT_AND_NO_ACTIVE_GIMPS_ASSIGNMENT,2026-08-09T04:34:14+00:00,UNALLOCATED,,,,,
SLCMP1765-1028,1028,1028,583550729,2^583550729-1,STRUCTURAL_SCREEN_EXHAUSTED_PRIMALITY_UNASSIGNED,GF3A_DIRECTIONAL_WRITE_EXHAUSTED_PRIMALITY_UNASSIGNED,513,512,512,NO_RECORDED_FACTOR_PRP_OR_LL_RESULT_AND_NO_ACTIVE_GIMPS_ASSIGNMENT,2026-08-09T04:34:14+00:00,UNALLOCATED,,,,,
SLCMP1765-1029,1029,1029,583550873,2^583550873-1,STRUCTURAL_SCREEN_EXHAUSTED_PRIMALITY_UNASSIGNED,GF3A_DIRECTIONAL_WRITE_EXHAUSTED_PRIMALITY_UNASSIGNED,513,512,512,NO_RECORDED_FACTOR_PRP_OR_LL_RESULT_AND_NO_ACTIVE_GIMPS_ASSIGNMENT,2026-08-09T04:34:14+00:00,UNALLOCATED,,,,,
SLCMP1765-1030,1030,1030,583550899,2^583550899-1,STRUCTURAL_SCREEN_EXHAUSTED_PRIMALITY_UNASSIGNED,GF3A_DIRECTIONAL_WRITE_EXHAUSTED_PRIMALITY_UNASSIGNED,514,512,512,NO_RECORDED_FACTOR_PRP_OR_LL_RESULT_AND_NO_ACTIVE_GIMPS_ASSIGNMENT,2026-08-09T04:34:14+00:00,UNALLOCATED,,,,,
SLCMP1765-1031,1031,1031,583550927,2^583550927-1,STRUCTURAL_SCREEN_EXHAUSTED_PRIMALITY_UNASSIGNED,GF3A_DIRECTIONAL_WRITE_EXHAUSTED_PRIMALITY_UNASSIGNED,514,512,512,NO_RECORDED_FACTOR_PRP_OR_LL_RESULT_AND_NO_ACTIVE_GIMPS_ASSIGNMENT,2026-08-09T04:34:14+00:00,UNALLOCATED,,,,,
SLCMP1765-1032,1032,1032,583550951,2^583550951-1,STRUCTURAL_SCREEN_EXHAUSTED_PRIMALITY_UNASSIGNED,GF3A_DIRECTIONAL_WRITE_EXHAUSTED_PRIMALITY_UNASSIGNED,514,512,512,NO_RECORDED_FACTOR_PRP_OR_LL_RESULT_AND_NO_ACTIVE_GIMPS_ASSIGNMENT,2026-08-09T04:34:14+00:00,UNALLOCATED,,,,,
SLCMP1765-1033,1033,1033,583550953,2^583550953-1,STRUCTURAL_SCREEN_EXHAUSTED_PRIMALITY_UNASSIGNED,GF3A_DIRECTIONAL_WRITE_EXHAUSTED_PRIMALITY_UNASSIGNED,513,512,512,NO_RECORDED_FACTOR_PRP_OR_LL_RESULT_AND_NO_ACTIVE_GIMPS_ASSIGNMENT,2026-08-09T04:34:14+00:00,UNALLOCATED,,,,,
SLCMP1765-1034,1034,1034,583551049,2^583551049-1,STRUCTURAL_SCREEN_EXHAUSTED_PRIMALITY_UNASSIGNED,GF3A_DIRECTIONAL_WRITE_EXHAUSTED_PRIMALITY_UNASSIGNED,513,512,512,NO_RECORDED_FACTOR_PRP_OR_LL_RESULT_AND_NO_ACTIVE_GIMPS_ASSIGNMENT,2026-08-09T04:34:14+00:00,UNALLOCATED,,,,,
SLCMP1765-1035,1035,1035,583551109,2^583551109-1,STRUCTURAL_SCREEN_EXHAUSTED_PRIMALITY_UNASSIGNED,GF3A_DIRECTIONAL_WRITE_EXHAUSTED_PRIMALITY_UNASSIGNED,513,512,512,NO_RECORDED_FACTOR_PRP_OR_LL_RESULT_AND_NO_ACTIVE_GIMPS_ASSIGNMENT,2026-08-09T04:34:14+00:00,UNALLOCATED,,,,,
SLCMP1765-1036,1036,1036,583551211,2^583551211-1,STRUCTURAL_SCREEN_EXHAUSTED_PRIMALITY_UNASSIGNED,GF3A_DIRECTIONAL_WRITE_EXHAUSTED_PRIMALITY_UNASSIGNED,514,512,512,NO_RECORDED_FACTOR_PRP_OR_LL_RESULT_AND_NO_ACTIVE_GIMPS_ASSIGNMENT,2026-08-09T04:34:14+00:00,UNALLOCATED,,,,,
SLCMP1765-1037,1037,1037,583551361,2^583551361-1,STRUCTURAL_SCREEN_EXHAUSTED_PRIMALITY_UNASSIGNED,GF3A_DIRECTIONAL_WRITE_EXHAUSTED_PRIMALITY_UNASSIGNED,513,512,512,NO_RECORDED_FACTOR_PRP_OR_LL_RESULT_AND_NO_ACTIVE_GIMPS_ASSIGNMENT,2026-08-09T04:34:14+00:00,UNALLOCATED,,,,,
SLCMP1765-1038,1038,1038,583551461,2^583551461-1,STRUCTURAL_SCREEN_EXHAUSTED_PRIMALITY_UNASSIGNED,GF3A_DIRECTIONAL_WRITE_EXHAUSTED_PRIMALITY_UNASSIGNED,513,512,512,NO_RECORDED_FACTOR_PRP_OR_LL_RESULT_AND_NO_ACTIVE_GIMPS_ASSIGNMENT,2026-08-09T04:34:14+00:00,UNALLOCATED,,,,,
SLCMP1765-1039,1039,1039,583551467,2^583551467-1,STRUCTURAL_SCREEN_EXHAUSTED_PRIMALITY_UNASSIGNED,GF3A_DIRECTIONAL_WRITE_EXHAUSTED_PRIMALITY_UNASSIGNED,514,512,512,NO_RECORDED_FACTOR_PRP_OR_LL_RESULT_AND_NO_ACTIVE_GIMPS_ASSIGNMENT,2026-08-09T04:34:14+00:00,UNALLOCATED,,,,,
SLCMP1765-1040,1040,1040,583551487,2^583551487-1,STRUCTURAL_SCREEN_EXHAUSTED_PRIMALITY_UNASSIGNED,GF3A_DIRECTIONAL_WRITE_EXHAUSTED_PRIMALITY_UNASSIGNED,514,512,512,NO_RECORDED_FACTOR_PRP_OR_LL_RESULT_AND_NO_ACTIVE_GIMPS_ASSIGNMENT,2026-08-09T04:34:14+00:00,UNALLOCATED,,,,,
SLCMP1765-1041,1041,1041,583551523,2^583551523-1,STRUCTURAL_SCREEN_EXHAUSTED_PRIMALITY_UNASSIGNED,GF3A_DIRECTIONAL_WRITE_EXHAUSTED_PRIMALITY_UNASSIGNED,514,512,512,NO_RECORDED_FACTOR_PRP_OR_LL_RESULT_AND_NO_ACTIVE_GIMPS_ASSIGNMENT,2026-08-09T04:34:14+00:00,UNALLOCATED,,,,,
SLCMP1765-1042,1042,1042,583551557,2^583551557-1,STRUCTURAL_SCREEN_EXHAUSTED_PRIMALITY_UNASSIGNED,GF3A_DIRECTIONAL_WRITE_EXHAUSTED_PRIMALITY_UNASSIGNED,513,512,512,NO_RECORDED_FACTOR_PRP_OR_LL_RESULT_AND_NO_ACTIVE_GIMPS_ASSIGNMENT,2026-08-09T04:34:14+00:00,UNALLOCATED,,,,,
SLCMP1765-1043,1043,1043,583551569,2^583551569-1,STRUCTURAL_SCREEN_EXHAUSTED_PRIMALITY_UNASSIGNED,GF3A_DIRECTIONAL_WRITE_EXHAUSTED_PRIMALITY_UNASSIGNED,513,512,512,NO_RECORDED_FACTOR_PRP_OR_LL_RESULT_AND_NO_ACTIVE_GIMPS_ASSIGNMENT,2026-08-09T04:34:14+00:00,UNALLOCATED,,,,,
SLCMP1765-1044,1044,1044,583551757,2^583551757-1,STRUCTURAL_SCREEN_EXHAUSTED_PRIMALITY_UNASSIGNED,GF3A_DIRECTIONAL_WRITE_EXHAUSTED_PRIMALITY_UNASSIGNED,513,512,512,NO_RECORDED_FACTOR_PRP_OR_LL_RESULT_AND_NO_ACTIVE_GIMPS_ASSIGNMENT,2026-08-09T04:34:14+00:00,UNALLOCATED,,,,,
SLCMP1765-1045,1045,1045,583551767,2^583551767-1,STRUCTURAL_SCREEN_EXHAUSTED_PRIMALITY_UNASSIGNED,GF3A_DIRECTIONAL_WRITE_EXHAUSTED_PRIMALITY_UNASSIGNED,514,512,512,NO_RECORDED_FACTOR_PRP_OR_LL_RESULT_AND_NO_ACTIVE_GIMPS_ASSIGNMENT,2026-08-09T04:34:14+00:00,UNALLOCATED,,,,,
SLCMP1765-1046,1046,1046,583551821,2^583551821-1,STRUCTURAL_SCREEN_EXHAUSTED_PRIMALITY_UNASSIGNED,GF3A_DIRECTIONAL_WRITE_EXHAUSTED_PRIMALITY_UNASSIGNED,513,512,512,NO_RECORDED_FACTOR_PRP_OR_LL_RESULT_AND_NO_ACTIVE_GIMPS_ASSIGNMENT,2026-08-09T04:34:14+00:00,UNALLOCATED,,,,,
SLCMP1765-1047,1047,1047,583552061,2^583552061-1,STRUCTURAL_SCREEN_EXHAUSTED_PRIMALITY_UNASSIGNED,GF3A_DIRECTIONAL_WRITE_EXHAUSTED_PRIMALITY_UNASSIGNED,513,512,512,NO_RECORDED_FACTOR_PRP_OR_LL_RESULT_AND_NO_ACTIVE_GIMPS_ASSIGNMENT,2026-08-09T04:34:14+00:00,UNALLOCATED,,,,,
SLCMP1765-1048,1048,1048,583552063,2^583552063-1,STRUCTURAL_SCREEN_EXHAUSTED_PRIMALITY_UNASSIGNED,GF3A_DIRECTIONAL_WRITE_EXHAUSTED_PRIMALITY_UNASSIGNED,514,512,512,NO_RECORDED_FACTOR_PRP_OR_LL_RESULT_AND_NO_ACTIVE_GIMPS_ASSIGNMENT,2026-08-09T04:34:14+00:00,UNALLOCATED,,,,,
SLCMP1765-1049,1049,1049,583552127,2^583552127-1,STRUCTURAL_SCREEN_EXHAUSTED_PRIMALITY_UNASSIGNED,GF3A_DIRECTIONAL_WRITE_EXHAUSTED_PRIMALITY_UNASSIGNED,514,512,512,NO_RECORDED_FACTOR_PRP_OR_LL_RESULT_AND_NO_ACTIVE_GIMPS_ASSIGNMENT,2026-08-09T04:34:14+00:00,UNALLOCATED,,,,,
SLCMP1765-1050,1050,1050,583552253,2^583552253-1,STRUCTURAL_SCREEN_EXHAUSTED_PRIMALITY_UNASSIGNED,GF3A_DIRECTIONAL_WRITE_EXHAUSTED_PRIMALITY_UNASSIGNED,513,512,512,NO_RECORDED_FACTOR_PRP_OR_LL_RESULT_AND_NO_ACTIVE_GIMPS_ASSIGNMENT,2026-08-09T04:34:14+00:00,UNALLOCATED,,,,,
SLCMP1765-1051,1051,1051,583552273,2^583552273-1,STRUCTURAL_SCREEN_EXHAUSTED_PRIMALITY_UNASSIGNED,GF3A_DIRECTIONAL_WRITE_EXHAUSTED_PRIMALITY_UNASSIGNED,513,512,512,NO_RECORDED_FACTOR_PRP_OR_LL_RESULT_AND_NO_ACTIVE_GIMPS_ASSIGNMENT,2026-08-09T04:34:14+00:00,UNALLOCATED,,,,,
SLCMP1765-1052,1052,1052,583552309,2^583552309-1,STRUCTURAL_SCREEN_EXHAUSTED_PRIMALITY_UNASSIGNED,GF3A_DIRECTIONAL_WRITE_EXHAUSTED_PRIMALITY_UNASSIGNED,513,512,512,NO_RECORDED_FACTOR_PRP_OR_LL_RESULT_AND_NO_ACTIVE_GIMPS_ASSIGNMENT,2026-08-09T04:34:14+00:00,UNALLOCATED,,,,,
SLCMP1765-1053,1053,1053,583552349,2^583552349-1,STRUCTURAL_SCREEN_EXHAUSTED_PRIMALITY_UNASSIGNED,GF3A_DIRECTIONAL_WRITE_EXHAUSTED_PRIMALITY_UNASSIGNED,513,512,512,NO_RECORDED_FACTOR_PRP_OR_LL_RESULT_AND_NO_ACTIVE_GIMPS_ASSIGNMENT,2026-08-09T04:34:14+00:00,UNALLOCATED,,,,,
SLCMP1765-1054,1054,1054,583552373,2^583552373-1,STRUCTURAL_SCREEN_EXHAUSTED_PRIMALITY_UNASSIGNED,GF3A_DIRECTIONAL_WRITE_EXHAUSTED_PRIMALITY_UNASSIGNED,513,512,512,NO_RECORDED_FACTOR_PRP_OR_LL_RESULT_AND_NO_ACTIVE_GIMPS_ASSIGNMENT,2026-08-09T04:34:14+00:00,UNALLOCATED,,,,,
SLCMP1765-1055,1055,1055,583552433,2^583552433-1,STRUCTURAL_SCREEN_EXHAUSTED_PRIMALITY_UNASSIGNED,GF3A_DIRECTIONAL_WRITE_EXHAUSTED_PRIMALITY_UNASSIGNED,513,512,512,NO_RECORDED_FACTOR_PRP_OR_LL_RESULT_AND_NO_ACTIVE_GIMPS_ASSIGNMENT,2026-08-09T04:34:14+00:00,UNALLOCATED,,,,,
SLCMP1765-1056,1056,1056,583552457,2^583552457-1,STRUCTURAL_SCREEN_EXHAUSTED_PRIMALITY_UNASSIGNED,GF3A_DIRECTIONAL_WRITE_EXHAUSTED_PRIMALITY_UNASSIGNED,513,512,512,NO_RECORDED_FACTOR_PRP_OR_LL_RESULT_AND_NO_ACTIVE_GIMPS_ASSIGNMENT,2026-08-09T04:34:14+00:00,UNALLOCATED,,,,,
SLCMP1765-1057,1057,1057,583552579,2^583552579-1,STRUCTURAL_SCREEN_EXHAUSTED_PRIMALITY_UNASSIGNED,GF3A_DIRECTIONAL_WRITE_EXHAUSTED_PRIMALITY_UNASSIGNED,514,512,512,NO_RECORDED_FACTOR_PRP_OR_LL_RESULT_AND_NO_ACTIVE_GIMPS_ASSIGNMENT,2026-08-09T04:34:14+00:00,UNALLOCATED,,,,,
SLCMP1765-1058,1058,1058,583552597,2^583552597-1,STRUCTURAL_SCREEN_EXHAUSTED_PRIMALITY_UNASSIGNED,GF3A_DIRECTIONAL_WRITE_EXHAUSTED_PRIMALITY_UNASSIGNED,513,512,512,NO_RECORDED_FACTOR_PRP_OR_LL_RESULT_AND_NO_ACTIVE_GIMPS_ASSIGNMENT,2026-08-09T04:34:14+00:00,UNALLOCATED,,,,,
SLCMP1765-1059,1059,1059,583552633,2^583552633-1,STRUCTURAL_SCREEN_EXHAUSTED_PRIMALITY_UNASSIGNED,GF3A_DIRECTIONAL_WRITE_EXHAUSTED_PRIMALITY_UNASSIGNED,513,512,512,NO_RECORDED_FACTOR_PRP_OR_LL_RESULT_AND_NO_ACTIVE_GIMPS_ASSIGNMENT,2026-08-09T04:34:14+00:00,UNALLOCATED,,,,,
SLCMP1765-1060,1060,1060,583552639,2^583552639-1,STRUCTURAL_SCREEN_EXHAUSTED_PRIMALITY_UNASSIGNED,GF3A_DIRECTIONAL_WRITE_EXHAUSTED_PRIMALITY_UNASSIGNED,514,512,512,NO_RECORDED_FACTOR_PRP_OR_LL_RESULT_AND_NO_ACTIVE_GIMPS_ASSIGNMENT,2026-08-09T04:34:14+00:00,UNALLOCATED,,,,,
SLCMP1765-1061,1061,1061,583552771,2^583552771-1,STRUCTURAL_SCREEN_EXHAUSTED_PRIMALITY_UNASSIGNED,GF3A_DIRECTIONAL_WRITE_EXHAUSTED_PRIMALITY_UNASSIGNED,514,512,512,NO_RECORDED_FACTOR_PRP_OR_LL_RESULT_AND_NO_ACTIVE_GIMPS_ASSIGNMENT,2026-08-09T04:34:14+00:00,UNALLOCATED,,,,,
SLCMP1765-1062,1062,1062,583552811,2^583552811-1,STRUCTURAL_SCREEN_EXHAUSTED_PRIMALITY_UNASSIGNED,GF3A_DIRECTIONAL_WRITE_EXHAUSTED_PRIMALITY_UNASSIGNED,514,512,512,NO_RECORDED_FACTOR_PRP_OR_LL_RESULT_AND_NO_ACTIVE_GIMPS_ASSIGNMENT,2026-08-09T04:34:14+00:00,UNALLOCATED,,,,,
SLCMP1765-1063,1063,1063,583552847,2^583552847-1,STRUCTURAL_SCREEN_EXHAUSTED_PRIMALITY_UNASSIGNED,GF3A_DIRECTIONAL_WRITE_EXHAUSTED_PRIMALITY_UNASSIGNED,514,512,512,NO_RECORDED_FACTOR_PRP_OR_LL_RESULT_AND_NO_ACTIVE_GIMPS_ASSIGNMENT,2026-08-09T04:34:14+00:00,UNALLOCATED,,,,,
SLCMP1765-1064,1064,1064,583552951,2^583552951-1,STRUCTURAL_SCREEN_EXHAUSTED_PRIMALITY_UNASSIGNED,GF3A_DIRECTIONAL_WRITE_EXHAUSTED_PRIMALITY_UNASSIGNED,514,512,512,NO_RECORDED_FACTOR_PRP_OR_LL_RESULT_AND_NO_ACTIVE_GIMPS_ASSIGNMENT,2026-08-09T04:34:14+00:00,UNALLOCATED,,,,,
SLCMP1765-1065,1065,1065,583552961,2^583552961-1,STRUCTURAL_SCREEN_EXHAUSTED_PRIMALITY_UNASSIGNED,GF3A_DIRECTIONAL_WRITE_EXHAUSTED_PRIMALITY_UNASSIGNED,513,512,512,NO_RECORDED_FACTOR_PRP_OR_LL_RESULT_AND_NO_ACTIVE_GIMPS_ASSIGNMENT,2026-08-09T04:34:14+00:00,UNALLOCATED,,,,,
SLCMP1765-1066,1066,1066,583552969,2^583552969-1,STRUCTURAL_SCREEN_EXHAUSTED_PRIMALITY_UNASSIGNED,GF3A_DIRECTIONAL_WRITE_EXHAUSTED_PRIMALITY_UNASSIGNED,513,512,512,NO_RECORDED_FACTOR_PRP_OR_LL_RESULT_AND_NO_ACTIVE_GIMPS_ASSIGNMENT,2026-08-09T04:34:14+00:00,UNALLOCATED,,,,,
SLCMP1765-1067,1067,1067,583553017,2^583553017-1,STRUCTURAL_SCREEN_EXHAUSTED_PRIMALITY_UNASSIGNED,GF3A_DIRECTIONAL_WRITE_EXHAUSTED_PRIMALITY_UNASSIGNED,513,512,512,NO_RECORDED_FACTOR_PRP_OR_LL_RESULT_AND_NO_ACTIVE_GIMPS_ASSIGNMENT,2026-08-09T04:34:14+00:00,UNALLOCATED,,,,,
SLCMP1765-1068,1068,1068,583553029,2^583553029-1,STRUCTURAL_SCREEN_EXHAUSTED_PRIMALITY_UNASSIGNED,GF3A_DIRECTIONAL_WRITE_EXHAUSTED_PRIMALITY_UNASSIGNED,513,512,512,NO_RECORDED_FACTOR_PRP_OR_LL_RESULT_AND_NO_ACTIVE_GIMPS_ASSIGNMENT,2026-08-09T04:34:14+00:00,UNALLOCATED,,,,,
SLCMP1765-1069,1069,1069,583553057,2^583553057-1,STRUCTURAL_SCREEN_EXHAUSTED_PRIMALITY_UNASSIGNED,GF3A_DIRECTIONAL_WRITE_EXHAUSTED_PRIMALITY_UNASSIGNED,513,512,512,NO_RECORDED_FACTOR_PRP_OR_LL_RESULT_AND_NO_ACTIVE_GIMPS_ASSIGNMENT,2026-08-09T04:34:14+00:00,UNALLOCATED,,,,,
SLCMP1765-1070,1070,1070,583553111,2^583553111-1,STRUCTURAL_SCREEN_EXHAUSTED_PRIMALITY_UNASSIGNED,GF3A_DIRECTIONAL_WRITE_EXHAUSTED_PRIMALITY_UNASSIGNED,514,512,512,NO_RECORDED_FACTOR_PRP_OR_LL_RESULT_AND_NO_ACTIVE_GIMPS_ASSIGNMENT,2026-08-09T04:34:14+00:00,UNALLOCATED,,,,,
SLCMP1765-1071,1071,1071,583553119,2^583553119-1,STRUCTURAL_SCREEN_EXHAUSTED_PRIMALITY_UNASSIGNED,GF3A_DIRECTIONAL_WRITE_EXHAUSTED_PRIMALITY_UNASSIGNED,514,512,512,NO_RECORDED_FACTOR_PRP_OR_LL_RESULT_AND_NO_ACTIVE_GIMPS_ASSIGNMENT,2026-08-09T04:34:14+00:00,UNALLOCATED,,,,,
SLCMP1765-1072,1072,1072,583553209,2^583553209-1,STRUCTURAL_SCREEN_EXHAUSTED_PRIMALITY_UNASSIGNED,GF3A_DIRECTIONAL_WRITE_EXHAUSTED_PRIMALITY_UNASSIGNED,513,512,512,NO_RECORDED_FACTOR_PRP_OR_LL_RESULT_AND_NO_ACTIVE_GIMPS_ASSIGNMENT,2026-08-09T04:34:14+00:00,UNALLOCATED,,,,,
SLCMP1765-1073,1073,1073,583553351,2^583553351-1,STRUCTURAL_SCREEN_EXHAUSTED_PRIMALITY_UNASSIGNED,GF3A_DIRECTIONAL_WRITE_EXHAUSTED_PRIMALITY_UNASSIGNED,514,512,512,NO_RECORDED_FACTOR_PRP_OR_LL_RESULT_AND_NO_ACTIVE_GIMPS_ASSIGNMENT,2026-08-09T04:34:14+00:00,UNALLOCATED,,,,,
SLCMP1765-1074,1074,1074,583553419,2^583553419-1,STRUCTURAL_SCREEN_EXHAUSTED_PRIMALITY_UNASSIGNED,GF3A_DIRECTIONAL_WRITE_EXHAUSTED_PRIMALITY_UNASSIGNED,514,512,512,NO_RECORDED_FACTOR_PRP_OR_LL_RESULT_AND_NO_ACTIVE_GIMPS_ASSIGNMENT,2026-08-09T04:34:14+00:00,UNALLOCATED,,,,,
SLCMP1765-1075,1075,1075,583553519,2^583553519-1,STRUCTURAL_SCREEN_EXHAUSTED_PRIMALITY_UNASSIGNED,GF3A_DIRECTIONAL_WRITE_EXHAUSTED_PRIMALITY_UNASSIGNED,514,512,512,NO_RECORDED_FACTOR_PRP_OR_LL_RESULT_AND_NO_ACTIVE_GIMPS_ASSIGNMENT,2026-08-09T04:34:14+00:00,UNALLOCATED,,,,,
SLCMP1765-1076,1076,1076,583553521,2^583553521-1,STRUCTURAL_SCREEN_EXHAUSTED_PRIMALITY_UNASSIGNED,GF3A_DIRECTIONAL_WRITE_EXHAUSTED_PRIMALITY_UNASSIGNED,513,512,512,NO_RECORDED_FACTOR_PRP_OR_LL_RESULT_AND_NO_ACTIVE_GIMPS_ASSIGNMENT,2026-08-09T04:34:14+00:00,UNALLOCATED,,,,,
SLCMP1765-1077,1077,1077,583553629,2^583553629-1,STRUCTURAL_SCREEN_EXHAUSTED_PRIMALITY_UNASSIGNED,GF3A_DIRECTIONAL_WRITE_EXHAUSTED_PRIMALITY_UNASSIGNED,513,512,512,NO_RECORDED_FACTOR_PRP_OR_LL_RESULT_AND_NO_ACTIVE_GIMPS_ASSIGNMENT,2026-08-09T04:34:14+00:00,UNALLOCATED,,,,,
SLCMP1765-1078,1078,1078,583553657,2^583553657-1,STRUCTURAL_SCREEN_EXHAUSTED_PRIMALITY_UNASSIGNED,GF3A_DIRECTIONAL_WRITE_EXHAUSTED_PRIMALITY_UNASSIGNED,513,512,512,NO_RECORDED_FACTOR_PRP_OR_LL_RESULT_AND_NO_ACTIVE_GIMPS_ASSIGNMENT,2026-08-09T04:34:14+00:00,UNALLOCATED,,,,,
SLCMP1765-1079,1079,1079,583553699,2^583553699-1,STRUCTURAL_SCREEN_EXHAUSTED_PRIMALITY_UNASSIGNED,GF3A_DIRECTIONAL_WRITE_EXHAUSTED_PRIMALITY_UNASSIGNED,514,512,512,NO_RECORDED_FACTOR_PRP_OR_LL_RESULT_AND_NO_ACTIVE_GIMPS_ASSIGNMENT,2026-08-09T04:34:14+00:00,UNALLOCATED,,,,,
SLCMP1765-1080,1080,1080,583553741,2^583553741-1,STRUCTURAL_SCREEN_EXHAUSTED_PRIMALITY_UNASSIGNED,GF3A_DIRECTIONAL_WRITE_EXHAUSTED_PRIMALITY_UNASSIGNED,513,512,512,NO_RECORDED_FACTOR_PRP_OR_LL_RESULT_AND_NO_ACTIVE_GIMPS_ASSIGNMENT,2026-08-09T04:34:14+00:00,UNALLOCATED,,,,,
SLCMP1765-1081,1081,1081,583553749,2^583553749-1,STRUCTURAL_SCREEN_EXHAUSTED_PRIMALITY_UNASSIGNED,GF3A_DIRECTIONAL_WRITE_EXHAUSTED_PRIMALITY_UNASSIGNED,513,512,512,NO_RECORDED_FACTOR_PRP_OR_LL_RESULT_AND_NO_ACTIVE_GIMPS_ASSIGNMENT,2026-08-09T04:34:14+00:00,UNALLOCATED,,,,,
SLCMP1765-1082,1082,1082,583553807,2^583553807-1,STRUCTURAL_SCREEN_EXHAUSTED_PRIMALITY_UNASSIGNED,GF3A_DIRECTIONAL_WRITE_EXHAUSTED_PRIMALITY_UNASSIGNED,514,512,512,NO_RECORDED_FACTOR_PRP_OR_LL_RESULT_AND_NO_ACTIVE_GIMPS_ASSIGNMENT,2026-08-09T04:34:14+00:00,UNALLOCATED,,,,,
SLCMP1765-1083,1083,1083,583553939,2^583553939-1,STRUCTURAL_SCREEN_EXHAUSTED_PRIMALITY_UNASSIGNED,GF3A_DIRECTIONAL_WRITE_EXHAUSTED_PRIMALITY_UNASSIGNED,514,512,512,NO_RECORDED_FACTOR_PRP_OR_LL_RESULT_AND_NO_ACTIVE_GIMPS_ASSIGNMENT,2026-08-09T04:34:14+00:00,UNALLOCATED,,,,,
SLCMP1765-1084,1084,1084,583553963,2^583553963-1,STRUCTURAL_SCREEN_EXHAUSTED_PRIMALITY_UNASSIGNED,GF3A_DIRECTIONAL_WRITE_EXHAUSTED_PRIMALITY_UNASSIGNED,514,512,512,NO_RECORDED_FACTOR_PRP_OR_LL_RESULT_AND_NO_ACTIVE_GIMPS_ASSIGNMENT,2026-08-09T04:34:14+00:00,UNALLOCATED,,,,,
SLCMP1765-1085,1085,1085,583553983,2^583553983-1,STRUCTURAL_SCREEN_EXHAUSTED_PRIMALITY_UNASSIGNED,GF3A_DIRECTIONAL_WRITE_EXHAUSTED_PRIMALITY_UNASSIGNED,514,512,512,NO_RECORDED_FACTOR_PRP_OR_LL_RESULT_AND_NO_ACTIVE_GIMPS_ASSIGNMENT,2026-08-09T04:34:14+00:00,UNALLOCATED,,,,,
SLCMP1765-1086,1086,1086,583554029,2^583554029-1,STRUCTURAL_SCREEN_EXHAUSTED_PRIMALITY_UNASSIGNED,GF3A_DIRECTIONAL_WRITE_EXHAUSTED_PRIMALITY_UNASSIGNED,513,512,512,NO_RECORDED_FACTOR_PRP_OR_LL_RESULT_AND_NO_ACTIVE_GIMPS_ASSIGNMENT,2026-08-09T04:34:14+00:00,UNALLOCATED,,,,,
SLCMP1765-1087,1087,1087,583554067,2^583554067-1,STRUCTURAL_SCREEN_EXHAUSTED_PRIMALITY_UNASSIGNED,GF3A_DIRECTIONAL_WRITE_EXHAUSTED_PRIMALITY_UNASSIGNED,514,512,512,NO_RECORDED_FACTOR_PRP_OR_LL_RESULT_AND_NO_ACTIVE_GIMPS_ASSIGNMENT,2026-08-09T04:34:14+00:00,UNALLOCATED,,,,,
SLCMP1765-1088,1088,1088,583554089,2^583554089-1,STRUCTURAL_SCREEN_EXHAUSTED_PRIMALITY_UNASSIGNED,GF3A_DIRECTIONAL_WRITE_EXHAUSTED_PRIMALITY_UNASSIGNED,513,512,512,NO_RECORDED_FACTOR_PRP_OR_LL_RESULT_AND_NO_ACTIVE_GIMPS_ASSIGNMENT,2026-08-09T04:34:14+00:00,UNALLOCATED,,,,,
SLCMP1765-1089,1089,1089,583554157,2^583554157-1,STRUCTURAL_SCREEN_EXHAUSTED_PRIMALITY_UNASSIGNED,GF3A_DIRECTIONAL_WRITE_EXHAUSTED_PRIMALITY_UNASSIGNED,513,512,512,NO_RECORDED_FACTOR_PRP_OR_LL_RESULT_AND_NO_ACTIVE_GIMPS_ASSIGNMENT,2026-08-09T04:34:14+00:00,UNALLOCATED,,,,,
SLCMP1765-1090,1090,1090,583554227,2^583554227-1,STRUCTURAL_SCREEN_EXHAUSTED_PRIMALITY_UNASSIGNED,GF3A_DIRECTIONAL_WRITE_EXHAUSTED_PRIMALITY_UNASSIGNED,514,512,512,NO_RECORDED_FACTOR_PRP_OR_LL_RESULT_AND_NO_ACTIVE_GIMPS_ASSIGNMENT,2026-08-09T04:34:14+00:00,UNALLOCATED,,,,,
SLCMP1765-1091,1091,1091,583554241,2^583554241-1,STRUCTURAL_SCREEN_EXHAUSTED_PRIMALITY_UNASSIGNED,GF3A_DIRECTIONAL_WRITE_EXHAUSTED_PRIMALITY_UNASSIGNED,513,512,512,NO_RECORDED_FACTOR_PRP_OR_LL_RESULT_AND_NO_ACTIVE_GIMPS_ASSIGNMENT,2026-08-09T04:34:14+00:00,UNALLOCATED,,,,,
SLCMP1765-1092,1092,1092,583554263,2^583554263-1,STRUCTURAL_SCREEN_EXHAUSTED_PRIMALITY_UNASSIGNED,GF3A_DIRECTIONAL_WRITE_EXHAUSTED_PRIMALITY_UNASSIGNED,514,512,512,NO_RECORDED_FACTOR_PRP_OR_LL_RESULT_AND_NO_ACTIVE_GIMPS_ASSIGNMENT,2026-08-09T04:34:14+00:00,UNALLOCATED,,,,,
SLCMP1765-1093,1093,1093,583554311,2^583554311-1,STRUCTURAL_SCREEN_EXHAUSTED_PRIMALITY_UNASSIGNED,GF3A_DIRECTIONAL_WRITE_EXHAUSTED_PRIMALITY_UNASSIGNED,514,512,512,NO_RECORDED_FACTOR_PRP_OR_LL_RESULT_AND_NO_ACTIVE_GIMPS_ASSIGNMENT,2026-08-09T04:34:14+00:00,UNALLOCATED,,,,,
SLCMP1765-1094,1094,1094,583554401,2^583554401-1,STRUCTURAL_SCREEN_EXHAUSTED_PRIMALITY_UNASSIGNED,GF3A_DIRECTIONAL_WRITE_EXHAUSTED_PRIMALITY_UNASSIGNED,513,512,512,NO_RECORDED_FACTOR_PRP_OR_LL_RESULT_AND_NO_ACTIVE_GIMPS_ASSIGNMENT,2026-08-09T04:34:14+00:00,UNALLOCATED,,,,,
SLCMP1765-1095,1095,1095,583554407,2^583554407-1,STRUCTURAL_SCREEN_EXHAUSTED_PRIMALITY_UNASSIGNED,GF3A_DIRECTIONAL_WRITE_EXHAUSTED_PRIMALITY_UNASSIGNED,514,512,512,NO_RECORDED_FACTOR_PRP_OR_LL_RESULT_AND_NO_ACTIVE_GIMPS_ASSIGNMENT,2026-08-09T04:34:14+00:00,UNALLOCATED,,,,,
SLCMP1765-1096,1096,1096,583554473,2^583554473-1,STRUCTURAL_SCREEN_EXHAUSTED_PRIMALITY_UNASSIGNED,GF3A_DIRECTIONAL_WRITE_EXHAUSTED_PRIMALITY_UNASSIGNED,513,512,512,NO_RECORDED_FACTOR_PRP_OR_LL_RESULT_AND_NO_ACTIVE_GIMPS_ASSIGNMENT,2026-08-09T04:34:14+00:00,UNALLOCATED,,,,,
SLCMP1765-1097,1097,1097,583554497,2^583554497-1,STRUCTURAL_SCREEN_EXHAUSTED_PRIMALITY_UNASSIGNED,GF3A_DIRECTIONAL_WRITE_EXHAUSTED_PRIMALITY_UNASSIGNED,513,512,512,NO_RECORDED_FACTOR_PRP_OR_LL_RESULT_AND_NO_ACTIVE_GIMPS_ASSIGNMENT,2026-08-09T04:34:14+00:00,UNALLOCATED,,,,,
SLCMP1765-1098,1098,1098,583554541,2^583554541-1,STRUCTURAL_SCREEN_EXHAUSTED_PRIMALITY_UNASSIGNED,GF3A_DIRECTIONAL_WRITE_EXHAUSTED_PRIMALITY_UNASSIGNED,513,512,512,NO_RECORDED_FACTOR_PRP_OR_LL_RESULT_AND_NO_ACTIVE_GIMPS_ASSIGNMENT,2026-08-09T04:34:14+00:00,UNALLOCATED,,,,,
SLCMP1765-1099,1099,1099,583554547,2^583554547-1,STRUCTURAL_SCREEN_EXHAUSTED_PRIMALITY_UNASSIGNED,GF3A_DIRECTIONAL_WRITE_EXHAUSTED_PRIMALITY_UNASSIGNED,514,512,512,NO_RECORDED_FACTOR_PRP_OR_LL_RESULT_AND_NO_ACTIVE_GIMPS_ASSIGNMENT,2026-08-09T04:34:14+00:00,UNALLOCATED,,,,,
SLCMP1765-1100,1100,1100,583554623,2^583554623-1,STRUCTURAL_SCREEN_EXHAUSTED_PRIMALITY_UNASSIGNED,GF3A_DIRECTIONAL_WRITE_EXHAUSTED_PRIMALITY_UNASSIGNED,514,512,512,NO_RECORDED_FACTOR_PRP_OR_LL_RESULT_AND_NO_ACTIVE_GIMPS_ASSIGNMENT,2026-08-09T04:34:14+00:00,UNALLOCATED,,,,,
SLCMP1765-1101,1101,1101,583554761,2^583554761-1,STRUCTURAL_SCREEN_EXHAUSTED_PRIMALITY_UNASSIGNED,GF3A_DIRECTIONAL_WRITE_EXHAUSTED_PRIMALITY_UNASSIGNED,513,512,512,NO_RECORDED_FACTOR_PRP_OR_LL_RESULT_AND_NO_ACTIVE_GIMPS_ASSIGNMENT,2026-08-09T04:34:14+00:00,UNALLOCATED,,,,,
SLCMP1765-1102,1102,1102,583554793,2^583554793-1,STRUCTURAL_SCREEN_EXHAUSTED_PRIMALITY_UNASSIGNED,GF3A_DIRECTIONAL_WRITE_EXHAUSTED_PRIMALITY_UNASSIGNED,513,512,512,NO_RECORDED_FACTOR_PRP_OR_LL_RESULT_AND_NO_ACTIVE_GIMPS_ASSIGNMENT,2026-08-09T04:34:14+00:00,UNALLOCATED,,,,,
SLCMP1765-1103,1103,1103,583554883,2^583554883-1,STRUCTURAL_SCREEN_EXHAUSTED_PRIMALITY_UNASSIGNED,GF3A_DIRECTIONAL_WRITE_EXHAUSTED_PRIMALITY_UNASSIGNED,514,512,512,NO_RECORDED_FACTOR_PRP_OR_LL_RESULT_AND_NO_ACTIVE_GIMPS_ASSIGNMENT,2026-08-09T04:34:14+00:00,UNALLOCATED,,,,,
SLCMP1765-1104,1104,1104,583554887,2^583554887-1,STRUCTURAL_SCREEN_EXHAUSTED_PRIMALITY_UNASSIGNED,GF3A_DIRECTIONAL_WRITE_EXHAUSTED_PRIMALITY_UNASSIGNED,514,512,512,NO_RECORDED_FACTOR_PRP_OR_LL_RESULT_AND_NO_ACTIVE_GIMPS_ASSIGNMENT,2026-08-09T04:34:14+00:00,UNALLOCATED,,,,,
SLCMP1765-1105,1105,1105,583554889,2^583554889-1,STRUCTURAL_SCREEN_EXHAUSTED_PRIMALITY_UNASSIGNED,GF3A_DIRECTIONAL_WRITE_EXHAUSTED_PRIMALITY_UNASSIGNED,513,512,512,NO_RECORDED_FACTOR_PRP_OR_LL_RESULT_AND_NO_ACTIVE_GIMPS_ASSIGNMENT,2026-08-09T04:34:14+00:00,UNALLOCATED,,,,,
SLCMP1765-1106,1106,1106,583554913,2^583554913-1,STRUCTURAL_SCREEN_EXHAUSTED_PRIMALITY_UNASSIGNED,GF3A_DIRECTIONAL_WRITE_EXHAUSTED_PRIMALITY_UNASSIGNED,513,512,512,NO_RECORDED_FACTOR_PRP_OR_LL_RESULT_AND_NO_ACTIVE_GIMPS_ASSIGNMENT,2026-08-09T04:34:14+00:00,UNALLOCATED,,,,,
SLCMP1765-1107,1107,1107,583554977,2^583554977-1,STRUCTURAL_SCREEN_EXHAUSTED_PRIMALITY_UNASSIGNED,GF3A_DIRECTIONAL_WRITE_EXHAUSTED_PRIMALITY_UNASSIGNED,513,512,512,NO_RECORDED_FACTOR_PRP_OR_LL_RESULT_AND_NO_ACTIVE_GIMPS_ASSIGNMENT,2026-08-09T04:34:14+00:00,UNALLOCATED,,,,,
SLCMP1765-1108,1108,1108,583554997,2^583554997-1,STRUCTURAL_SCREEN_EXHAUSTED_PRIMALITY_UNASSIGNED,GF3A_DIRECTIONAL_WRITE_EXHAUSTED_PRIMALITY_UNASSIGNED,513,512,512,NO_RECORDED_FACTOR_PRP_OR_LL_RESULT_AND_NO_ACTIVE_GIMPS_ASSIGNMENT,2026-08-09T04:34:14+00:00,UNALLOCATED,,,,,
SLCMP1765-1109,1109,1109,583555019,2^583555019-1,STRUCTURAL_SCREEN_EXHAUSTED_PRIMALITY_UNASSIGNED,GF3A_DIRECTIONAL_WRITE_EXHAUSTED_PRIMALITY_UNASSIGNED,514,512,512,NO_RECORDED_FACTOR_PRP_OR_LL_RESULT_AND_NO_ACTIVE_GIMPS_ASSIGNMENT,2026-08-09T04:34:14+00:00,UNALLOCATED,,,,,
SLCMP1765-1110,1110,1110,583555087,2^583555087-1,STRUCTURAL_SCREEN_EXHAUSTED_PRIMALITY_UNASSIGNED,GF3A_DIRECTIONAL_WRITE_EXHAUSTED_PRIMALITY_UNASSIGNED,514,512,512,NO_RECORDED_FACTOR_PRP_OR_LL_RESULT_AND_NO_ACTIVE_GIMPS_ASSIGNMENT,2026-08-09T04:34:14+00:00,UNALLOCATED,,,,,
SLCMP1765-1111,1111,1111,583555099,2^583555099-1,STRUCTURAL_SCREEN_EXHAUSTED_PRIMALITY_UNASSIGNED,GF3A_DIRECTIONAL_WRITE_EXHAUSTED_PRIMALITY_UNASSIGNED,514,512,512,NO_RECORDED_FACTOR_PRP_OR_LL_RESULT_AND_NO_ACTIVE_GIMPS_ASSIGNMENT,2026-08-09T04:34:14+00:00,UNALLOCATED,,,,,
SLCMP1765-1112,1112,1112,583555109,2^583555109-1,STRUCTURAL_SCREEN_EXHAUSTED_PRIMALITY_UNASSIGNED,GF3A_DIRECTIONAL_WRITE_EXHAUSTED_PRIMALITY_UNASSIGNED,513,512,512,NO_RECORDED_FACTOR_PRP_OR_LL_RESULT_AND_NO_ACTIVE_GIMPS_ASSIGNMENT,2026-08-09T04:34:14+00:00,UNALLOCATED,,,,,
SLCMP1765-1113,1113,1113,583555169,2^583555169-1,STRUCTURAL_SCREEN_EXHAUSTED_PRIMALITY_UNASSIGNED,GF3A_DIRECTIONAL_WRITE_EXHAUSTED_PRIMALITY_UNASSIGNED,513,512,512,NO_RECORDED_FACTOR_PRP_OR_LL_RESULT_AND_NO_ACTIVE_GIMPS_ASSIGNMENT,2026-08-09T04:34:14+00:00,UNALLOCATED,,,,,
SLCMP1765-1114,1114,1114,583555249,2^583555249-1,STRUCTURAL_SCREEN_EXHAUSTED_PRIMALITY_UNASSIGNED,GF3A_DIRECTIONAL_WRITE_EXHAUSTED_PRIMALITY_UNASSIGNED,513,512,512,NO_RECORDED_FACTOR_PRP_OR_LL_RESULT_AND_NO_ACTIVE_GIMPS_ASSIGNMENT,2026-08-09T04:34:14+00:00,UNALLOCATED,,,,,
SLCMP1765-1115,1115,1115,583555283,2^583555283-1,STRUCTURAL_SCREEN_EXHAUSTED_PRIMALITY_UNASSIGNED,GF3A_DIRECTIONAL_WRITE_EXHAUSTED_PRIMALITY_UNASSIGNED,514,512,512,NO_RECORDED_FACTOR_PRP_OR_LL_RESULT_AND_NO_ACTIVE_GIMPS_ASSIGNMENT,2026-08-09T04:34:14+00:00,UNALLOCATED,,,,,
SLCMP1765-1116,1116,1116,583555331,2^583555331-1,STRUCTURAL_SCREEN_EXHAUSTED_PRIMALITY_UNASSIGNED,GF3A_DIRECTIONAL_WRITE_EXHAUSTED_PRIMALITY_UNASSIGNED,514,512,512,NO_RECORDED_FACTOR_PRP_OR_LL_RESULT_AND_NO_ACTIVE_GIMPS_ASSIGNMENT,2026-08-09T04:34:14+00:00,UNALLOCATED,,,,,
SLCMP1765-1117,1117,1117,583555369,2^583555369-1,STRUCTURAL_SCREEN_EXHAUSTED_PRIMALITY_UNASSIGNED,GF3A_DIRECTIONAL_WRITE_EXHAUSTED_PRIMALITY_UNASSIGNED,513,512,512,NO_RECORDED_FACTOR_PRP_OR_LL_RESULT_AND_NO_ACTIVE_GIMPS_ASSIGNMENT,2026-08-09T04:34:14+00:00,UNALLOCATED,,,,,
SLCMP1765-1118,1118,1118,583555421,2^583555421-1,STRUCTURAL_SCREEN_EXHAUSTED_PRIMALITY_UNASSIGNED,GF3A_DIRECTIONAL_WRITE_EXHAUSTED_PRIMALITY_UNASSIGNED,513,512,512,NO_RECORDED_FACTOR_PRP_OR_LL_RESULT_AND_NO_ACTIVE_GIMPS_ASSIGNMENT,2026-08-09T04:34:14+00:00,UNALLOCATED,,,,,
SLCMP1765-1119,1119,1119,583555507,2^583555507-1,STRUCTURAL_SCREEN_EXHAUSTED_PRIMALITY_UNASSIGNED,GF3A_DIRECTIONAL_WRITE_EXHAUSTED_PRIMALITY_UNASSIGNED,514,512,512,NO_RECORDED_FACTOR_PRP_OR_LL_RESULT_AND_NO_ACTIVE_GIMPS_ASSIGNMENT,2026-08-09T04:34:14+00:00,UNALLOCATED,,,,,
SLCMP1765-1120,1120,1120,583555523,2^583555523-1,STRUCTURAL_SCREEN_EXHAUSTED_PRIMALITY_UNASSIGNED,GF3A_DIRECTIONAL_WRITE_EXHAUSTED_PRIMALITY_UNASSIGNED,514,512,512,NO_RECORDED_FACTOR_PRP_OR_LL_RESULT_AND_NO_ACTIVE_GIMPS_ASSIGNMENT,2026-08-09T04:34:14+00:00,UNALLOCATED,,,,,
SLCMP1765-1121,1121,1121,583555559,2^583555559-1,STRUCTURAL_SCREEN_EXHAUSTED_PRIMALITY_UNASSIGNED,GF3A_DIRECTIONAL_WRITE_EXHAUSTED_PRIMALITY_UNASSIGNED,514,512,512,NO_RECORDED_FACTOR_PRP_OR_LL_RESULT_AND_NO_ACTIVE_GIMPS_ASSIGNMENT,2026-08-09T04:34:14+00:00,UNALLOCATED,,,,,
SLCMP1765-1122,1122,1122,583555681,2^583555681-1,STRUCTURAL_SCREEN_EXHAUSTED_PRIMALITY_UNASSIGNED,GF3A_DIRECTIONAL_WRITE_EXHAUSTED_PRIMALITY_UNASSIGNED,513,512,512,NO_RECORDED_FACTOR_PRP_OR_LL_RESULT_AND_NO_ACTIVE_GIMPS_ASSIGNMENT,2026-08-09T04:34:14+00:00,UNALLOCATED,,,,,
SLCMP1765-1123,1123,1123,583555697,2^583555697-1,STRUCTURAL_SCREEN_EXHAUSTED_PRIMALITY_UNASSIGNED,GF3A_DIRECTIONAL_WRITE_EXHAUSTED_PRIMALITY_UNASSIGNED,513,512,512,NO_RECORDED_FACTOR_PRP_OR_LL_RESULT_AND_NO_ACTIVE_GIMPS_ASSIGNMENT,2026-08-09T04:34:14+00:00,UNALLOCATED,,,,,
SLCMP1765-1124,1124,1124,583555717,2^583555717-1,STRUCTURAL_SCREEN_EXHAUSTED_PRIMALITY_UNASSIGNED,GF3A_DIRECTIONAL_WRITE_EXHAUSTED_PRIMALITY_UNASSIGNED,513,512,512,NO_RECORDED_FACTOR_PRP_OR_LL_RESULT_AND_NO_ACTIVE_GIMPS_ASSIGNMENT,2026-08-09T04:34:14+00:00,UNALLOCATED,,,,,
SLCMP1765-1125,1125,1125,583555757,2^583555757-1,STRUCTURAL_SCREEN_EXHAUSTED_PRIMALITY_UNASSIGNED,GF3A_DIRECTIONAL_WRITE_EXHAUSTED_PRIMALITY_UNASSIGNED,513,512,512,NO_RECORDED_FACTOR_PRP_OR_LL_RESULT_AND_NO_ACTIVE_GIMPS_ASSIGNMENT,2026-08-09T04:34:14+00:00,UNALLOCATED,,,,,
SLCMP1765-1126,1126,1126,583555789,2^583555789-1,STRUCTURAL_SCREEN_EXHAUSTED_PRIMALITY_UNASSIGNED,GF3A_DIRECTIONAL_WRITE_EXHAUSTED_PRIMALITY_UNASSIGNED,513,512,512,NO_RECORDED_FACTOR_PRP_OR_LL_RESULT_AND_NO_ACTIVE_GIMPS_ASSIGNMENT,2026-08-09T04:34:14+00:00,UNALLOCATED,,,,,
SLCMP1765-1127,1127,1127,583555801,2^583555801-1,STRUCTURAL_SCREEN_EXHAUSTED_PRIMALITY_UNASSIGNED,GF3A_DIRECTIONAL_WRITE_EXHAUSTED_PRIMALITY_UNASSIGNED,513,512,512,NO_RECORDED_FACTOR_PRP_OR_LL_RESULT_AND_NO_ACTIVE_GIMPS_ASSIGNMENT,2026-08-09T04:34:14+00:00,UNALLOCATED,,,,,
SLCMP1765-1128,1128,1128,583555837,2^583555837-1,STRUCTURAL_SCREEN_EXHAUSTED_PRIMALITY_UNASSIGNED,GF3A_DIRECTIONAL_WRITE_EXHAUSTED_PRIMALITY_UNASSIGNED,513,512,512,NO_RECORDED_FACTOR_PRP_OR_LL_RESULT_AND_NO_ACTIVE_GIMPS_ASSIGNMENT,2026-08-09T04:34:14+00:00,UNALLOCATED,,,,,
SLCMP1765-1129,1129,1129,583555859,2^583555859-1,STRUCTURAL_SCREEN_EXHAUSTED_PRIMALITY_UNASSIGNED,GF3A_DIRECTIONAL_WRITE_EXHAUSTED_PRIMALITY_UNASSIGNED,514,512,512,NO_RECORDED_FACTOR_PRP_OR_LL_RESULT_AND_NO_ACTIVE_GIMPS_ASSIGNMENT,2026-08-09T04:34:14+00:00,UNALLOCATED,,,,,
SLCMP1765-1130,1130,1130,583555867,2^583555867-1,STRUCTURAL_SCREEN_EXHAUSTED_PRIMALITY_UNASSIGNED,GF3A_DIRECTIONAL_WRITE_EXHAUSTED_PRIMALITY_UNASSIGNED,514,512,512,NO_RECORDED_FACTOR_PRP_OR_LL_RESULT_AND_NO_ACTIVE_GIMPS_ASSIGNMENT,2026-08-09T04:34:14+00:00,UNALLOCATED,,,,,
SLCMP1765-1131,1131,1131,583555909,2^583555909-1,STRUCTURAL_SCREEN_EXHAUSTED_PRIMALITY_UNASSIGNED,GF3A_DIRECTIONAL_WRITE_EXHAUSTED_PRIMALITY_UNASSIGNED,513,512,512,NO_RECORDED_FACTOR_PRP_OR_LL_RESULT_AND_NO_ACTIVE_GIMPS_ASSIGNMENT,2026-08-09T04:34:14+00:00,UNALLOCATED,,,,,
SLCMP1765-1132,1132,1132,583555939,2^583555939-1,STRUCTURAL_SCREEN_EXHAUSTED_PRIMALITY_UNASSIGNED,GF3A_DIRECTIONAL_WRITE_EXHAUSTED_PRIMALITY_UNASSIGNED,514,512,512,NO_RECORDED_FACTOR_PRP_OR_LL_RESULT_AND_NO_ACTIVE_GIMPS_ASSIGNMENT,2026-08-09T04:34:14+00:00,UNALLOCATED,,,,,
SLCMP1765-1133,1133,1133,583555963,2^583555963-1,STRUCTURAL_SCREEN_EXHAUSTED_PRIMALITY_UNASSIGNED,GF3A_DIRECTIONAL_WRITE_EXHAUSTED_PRIMALITY_UNASSIGNED,514,512,512,NO_RECORDED_FACTOR_PRP_OR_LL_RESULT_AND_NO_ACTIVE_GIMPS_ASSIGNMENT,2026-08-09T04:34:14+00:00,UNALLOCATED,,,,,
SLCMP1765-1134,1134,1134,583556147,2^583556147-1,STRUCTURAL_SCREEN_EXHAUSTED_PRIMALITY_UNASSIGNED,GF3A_DIRECTIONAL_WRITE_EXHAUSTED_PRIMALITY_UNASSIGNED,514,512,512,NO_RECORDED_FACTOR_PRP_OR_LL_RESULT_AND_NO_ACTIVE_GIMPS_ASSIGNMENT,2026-08-09T04:34:14+00:00,UNALLOCATED,,,,,
SLCMP1765-1135,1135,1135,583556251,2^583556251-1,STRUCTURAL_SCREEN_EXHAUSTED_PRIMALITY_UNASSIGNED,GF3A_DIRECTIONAL_WRITE_EXHAUSTED_PRIMALITY_UNASSIGNED,514,512,512,NO_RECORDED_FACTOR_PRP_OR_LL_RESULT_AND_NO_ACTIVE_GIMPS_ASSIGNMENT,2026-08-09T04:34:14+00:00,UNALLOCATED,,,,,
SLCMP1765-1136,1136,1136,583556257,2^583556257-1,STRUCTURAL_SCREEN_EXHAUSTED_PRIMALITY_UNASSIGNED,GF3A_DIRECTIONAL_WRITE_EXHAUSTED_PRIMALITY_UNASSIGNED,513,512,512,NO_RECORDED_FACTOR_PRP_OR_LL_RESULT_AND_NO_ACTIVE_GIMPS_ASSIGNMENT,2026-08-09T04:34:14+00:00,UNALLOCATED,,,,,
SLCMP1765-1137,1137,1137,583556273,2^583556273-1,STRUCTURAL_SCREEN_EXHAUSTED_PRIMALITY_UNASSIGNED,GF3A_DIRECTIONAL_WRITE_EXHAUSTED_PRIMALITY_UNASSIGNED,513,512,512,NO_RECORDED_FACTOR_PRP_OR_LL_RESULT_AND_NO_ACTIVE_GIMPS_ASSIGNMENT,2026-08-09T04:34:14+00:00,UNALLOCATED,,,,,
SLCMP1765-1138,1138,1138,583556381,2^583556381-1,STRUCTURAL_SCREEN_EXHAUSTED_PRIMALITY_UNASSIGNED,GF3A_DIRECTIONAL_WRITE_EXHAUSTED_PRIMALITY_UNASSIGNED,513,512,512,NO_RECORDED_FACTOR_PRP_OR_LL_RESULT_AND_NO_ACTIVE_GIMPS_ASSIGNMENT,2026-08-09T04:34:14+00:00,UNALLOCATED,,,,,
SLCMP1765-1139,1139,1139,583556387,2^583556387-1,STRUCTURAL_SCREEN_EXHAUSTED_PRIMALITY_UNASSIGNED,GF3A_DIRECTIONAL_WRITE_EXHAUSTED_PRIMALITY_UNASSIGNED,514,512,512,NO_RECORDED_FACTOR_PRP_OR_LL_RESULT_AND_NO_ACTIVE_GIMPS_ASSIGNMENT,2026-08-09T04:34:14+00:00,UNALLOCATED,,,,,
SLCMP1765-1140,1140,1140,583556401,2^583556401-1,STRUCTURAL_SCREEN_EXHAUSTED_PRIMALITY_UNASSIGNED,GF3A_DIRECTIONAL_WRITE_EXHAUSTED_PRIMALITY_UNASSIGNED,513,512,512,NO_RECORDED_FACTOR_PRP_OR_LL_RESULT_AND_NO_ACTIVE_GIMPS_ASSIGNMENT,2026-08-09T04:34:14+00:00,UNALLOCATED,,,,,
SLCMP1765-1141,1141,1141,583556417,2^583556417-1,STRUCTURAL_SCREEN_EXHAUSTED_PRIMALITY_UNASSIGNED,GF3A_DIRECTIONAL_WRITE_EXHAUSTED_PRIMALITY_UNASSIGNED,513,512,512,NO_RECORDED_FACTOR_PRP_OR_LL_RESULT_AND_NO_ACTIVE_GIMPS_ASSIGNMENT,2026-08-09T04:34:14+00:00,UNALLOCATED,,,,,
SLCMP1765-1142,1142,1142,583556503,2^583556503-1,STRUCTURAL_SCREEN_EXHAUSTED_PRIMALITY_UNASSIGNED,GF3A_DIRECTIONAL_WRITE_EXHAUSTED_PRIMALITY_UNASSIGNED,514,512,512,NO_RECORDED_FACTOR_PRP_OR_LL_RESULT_AND_NO_ACTIVE_GIMPS_ASSIGNMENT,2026-08-09T04:34:14+00:00,UNALLOCATED,,,,,
SLCMP1765-1143,1143,1143,583556509,2^583556509-1,STRUCTURAL_SCREEN_EXHAUSTED_PRIMALITY_UNASSIGNED,GF3A_DIRECTIONAL_WRITE_EXHAUSTED_PRIMALITY_UNASSIGNED,513,512,512,NO_RECORDED_FACTOR_PRP_OR_LL_RESULT_AND_NO_ACTIVE_GIMPS_ASSIGNMENT,2026-08-09T04:34:14+00:00,UNALLOCATED,,,,,
SLCMP1765-1144,1144,1144,583556573,2^583556573-1,STRUCTURAL_SCREEN_EXHAUSTED_PRIMALITY_UNASSIGNED,GF3A_DIRECTIONAL_WRITE_EXHAUSTED_PRIMALITY_UNASSIGNED,513,512,512,NO_RECORDED_FACTOR_PRP_OR_LL_RESULT_AND_NO_ACTIVE_GIMPS_ASSIGNMENT,2026-08-09T04:34:14+00:00,UNALLOCATED,,,,,
SLCMP1765-1145,1145,1145,583556609,2^583556609-1,STRUCTURAL_SCREEN_EXHAUSTED_PRIMALITY_UNASSIGNED,GF3A_DIRECTIONAL_WRITE_EXHAUSTED_PRIMALITY_UNASSIGNED,513,512,512,NO_RECORDED_FACTOR_PRP_OR_LL_RESULT_AND_NO_ACTIVE_GIMPS_ASSIGNMENT,2026-08-09T04:34:14+00:00,UNALLOCATED,,,,,
SLCMP1765-1146,1146,1146,583556627,2^583556627-1,STRUCTURAL_SCREEN_EXHAUSTED_PRIMALITY_UNASSIGNED,GF3A_DIRECTIONAL_WRITE_EXHAUSTED_PRIMALITY_UNASSIGNED,514,512,512,NO_RECORDED_FACTOR_PRP_OR_LL_RESULT_AND_NO_ACTIVE_GIMPS_ASSIGNMENT,2026-08-09T04:34:14+00:00,UNALLOCATED,,,,,
SLCMP1765-1147,1147,1147,583556723,2^583556723-1,STRUCTURAL_SCREEN_EXHAUSTED_PRIMALITY_UNASSIGNED,GF3A_DIRECTIONAL_WRITE_EXHAUSTED_PRIMALITY_UNASSIGNED,514,512,512,NO_RECORDED_FACTOR_PRP_OR_LL_RESULT_AND_NO_ACTIVE_GIMPS_ASSIGNMENT,2026-08-09T04:34:14+00:00,UNALLOCATED,,,,,
SLCMP1765-1148,1148,1148,583556777,2^583556777-1,STRUCTURAL_SCREEN_EXHAUSTED_PRIMALITY_UNASSIGNED,GF3A_DIRECTIONAL_WRITE_EXHAUSTED_PRIMALITY_UNASSIGNED,513,512,512,NO_RECORDED_FACTOR_PRP_OR_LL_RESULT_AND_NO_ACTIVE_GIMPS_ASSIGNMENT,2026-08-09T04:34:14+00:00,UNALLOCATED,,,,,
SLCMP1765-1149,1149,1149,583556957,2^583556957-1,STRUCTURAL_SCREEN_EXHAUSTED_PRIMALITY_UNASSIGNED,GF3A_DIRECTIONAL_WRITE_EXHAUSTED_PRIMALITY_UNASSIGNED,513,512,512,NO_RECORDED_FACTOR_PRP_OR_LL_RESULT_AND_NO_ACTIVE_GIMPS_ASSIGNMENT,2026-08-09T04:34:14+00:00,UNALLOCATED,,,,,
SLCMP1765-1150,1150,1150,583557017,2^583557017-1,STRUCTURAL_SCREEN_EXHAUSTED_PRIMALITY_UNASSIGNED,GF3A_DIRECTIONAL_WRITE_EXHAUSTED_PRIMALITY_UNASSIGNED,513,512,512,NO_RECORDED_FACTOR_PRP_OR_LL_RESULT_AND_NO_ACTIVE_GIMPS_ASSIGNMENT,2026-08-09T04:34:14+00:00,UNALLOCATED,,,,,
SLCMP1765-1151,1151,1151,583557157,2^583557157-1,STRUCTURAL_SCREEN_EXHAUSTED_PRIMALITY_UNASSIGNED,GF3A_DIRECTIONAL_WRITE_EXHAUSTED_PRIMALITY_UNASSIGNED,513,512,512,NO_RECORDED_FACTOR_PRP_OR_LL_RESULT_AND_NO_ACTIVE_GIMPS_ASSIGNMENT,2026-08-09T04:34:14+00:00,UNALLOCATED,,,,,
SLCMP1765-1152,1152,1152,583557269,2^583557269-1,STRUCTURAL_SCREEN_EXHAUSTED_PRIMALITY_UNASSIGNED,GF3A_DIRECTIONAL_WRITE_EXHAUSTED_PRIMALITY_UNASSIGNED,513,512,512,NO_RECORDED_FACTOR_PRP_OR_LL_RESULT_AND_NO_ACTIVE_GIMPS_ASSIGNMENT,2026-08-09T04:34:14+00:00,UNALLOCATED,,,,,
SLCMP1765-1153,1153,1153,583557439,2^583557439-1,STRUCTURAL_SCREEN_EXHAUSTED_PRIMALITY_UNASSIGNED,GF3A_DIRECTIONAL_WRITE_EXHAUSTED_PRIMALITY_UNASSIGNED,514,512,512,NO_RECORDED_FACTOR_PRP_OR_LL_RESULT_AND_NO_ACTIVE_GIMPS_ASSIGNMENT,2026-08-09T04:34:14+00:00,UNALLOCATED,,,,,
SLCMP1765-1154,1154,1154,583557463,2^583557463-1,STRUCTURAL_SCREEN_EXHAUSTED_PRIMALITY_UNASSIGNED,GF3A_DIRECTIONAL_WRITE_EXHAUSTED_PRIMALITY_UNASSIGNED,514,512,512,NO_RECORDED_FACTOR_PRP_OR_LL_RESULT_AND_NO_ACTIVE_GIMPS_ASSIGNMENT,2026-08-09T04:34:14+00:00,UNALLOCATED,,,,,
SLCMP1765-1155,1155,1155,583557511,2^583557511-1,STRUCTURAL_SCREEN_EXHAUSTED_PRIMALITY_UNASSIGNED,GF3A_DIRECTIONAL_WRITE_EXHAUSTED_PRIMALITY_UNASSIGNED,514,512,512,NO_RECORDED_FACTOR_PRP_OR_LL_RESULT_AND_NO_ACTIVE_GIMPS_ASSIGNMENT,2026-08-09T04:34:14+00:00,UNALLOCATED,,,,,
SLCMP1765-1156,1156,1156,583557607,2^583557607-1,STRUCTURAL_SCREEN_EXHAUSTED_PRIMALITY_UNASSIGNED,GF3A_DIRECTIONAL_WRITE_EXHAUSTED_PRIMALITY_UNASSIGNED,514,512,512,NO_RECORDED_FACTOR_PRP_OR_LL_RESULT_AND_NO_ACTIVE_GIMPS_ASSIGNMENT,2026-08-09T04:34:14+00:00,UNALLOCATED,,,,,
SLCMP1765-1157,1157,1157,583557643,2^583557643-1,STRUCTURAL_SCREEN_EXHAUSTED_PRIMALITY_UNASSIGNED,GF3A_DIRECTIONAL_WRITE_EXHAUSTED_PRIMALITY_UNASSIGNED,514,512,512,NO_RECORDED_FACTOR_PRP_OR_LL_RESULT_AND_NO_ACTIVE_GIMPS_ASSIGNMENT,2026-08-09T04:34:14+00:00,UNALLOCATED,,,,,
SLCMP1765-1158,1158,1158,583557677,2^583557677-1,STRUCTURAL_SCREEN_EXHAUSTED_PRIMALITY_UNASSIGNED,GF3A_DIRECTIONAL_WRITE_EXHAUSTED_PRIMALITY_UNASSIGNED,513,512,512,NO_RECORDED_FACTOR_PRP_OR_LL_RESULT_AND_NO_ACTIVE_GIMPS_ASSIGNMENT,2026-08-09T04:34:14+00:00,UNALLOCATED,,,,,
SLCMP1765-1159,1159,1159,583557763,2^583557763-1,STRUCTURAL_SCREEN_EXHAUSTED_PRIMALITY_UNASSIGNED,GF3A_DIRECTIONAL_WRITE_EXHAUSTED_PRIMALITY_UNASSIGNED,514,512,512,NO_RECORDED_FACTOR_PRP_OR_LL_RESULT_AND_NO_ACTIVE_GIMPS_ASSIGNMENT,2026-08-09T04:34:14+00:00,UNALLOCATED,,,,,
SLCMP1765-1160,1160,1160,583557851,2^583557851-1,STRUCTURAL_SCREEN_EXHAUSTED_PRIMALITY_UNASSIGNED,GF3A_DIRECTIONAL_WRITE_EXHAUSTED_PRIMALITY_UNASSIGNED,514,512,512,NO_RECORDED_FACTOR_PRP_OR_LL_RESULT_AND_NO_ACTIVE_GIMPS_ASSIGNMENT,2026-08-09T04:34:14+00:00,UNALLOCATED,,,,,
SLCMP1765-1161,1161,1161,583557889,2^583557889-1,STRUCTURAL_SCREEN_EXHAUSTED_PRIMALITY_UNASSIGNED,GF3A_DIRECTIONAL_WRITE_EXHAUSTED_PRIMALITY_UNASSIGNED,513,512,512,NO_RECORDED_FACTOR_PRP_OR_LL_RESULT_AND_NO_ACTIVE_GIMPS_ASSIGNMENT,2026-08-09T04:34:14+00:00,UNALLOCATED,,,,,
SLCMP1765-1162,1162,1162,583557979,2^583557979-1,STRUCTURAL_SCREEN_EXHAUSTED_PRIMALITY_UNASSIGNED,GF3A_DIRECTIONAL_WRITE_EXHAUSTED_PRIMALITY_UNASSIGNED,514,512,512,NO_RECORDED_FACTOR_PRP_OR_LL_RESULT_AND_NO_ACTIVE_GIMPS_ASSIGNMENT,2026-08-09T04:34:14+00:00,UNALLOCATED,,,,,
SLCMP1765-1163,1163,1163,583558051,2^583558051-1,STRUCTURAL_SCREEN_EXHAUSTED_PRIMALITY_UNASSIGNED,GF3A_DIRECTIONAL_WRITE_EXHAUSTED_PRIMALITY_UNASSIGNED,514,512,512,NO_RECORDED_FACTOR_PRP_OR_LL_RESULT_AND_NO_ACTIVE_GIMPS_ASSIGNMENT,2026-08-09T04:34:14+00:00,UNALLOCATED,,,,,
SLCMP1765-1164,1164,1164,583558091,2^583558091-1,STRUCTURAL_SCREEN_EXHAUSTED_PRIMALITY_UNASSIGNED,GF3A_DIRECTIONAL_WRITE_EXHAUSTED_PRIMALITY_UNASSIGNED,514,512,512,NO_RECORDED_FACTOR_PRP_OR_LL_RESULT_AND_NO_ACTIVE_GIMPS_ASSIGNMENT,2026-08-09T04:34:14+00:00,UNALLOCATED,,,,,
SLCMP1765-1165,1165,1165,583558253,2^583558253-1,STRUCTURAL_SCREEN_EXHAUSTED_PRIMALITY_UNASSIGNED,GF3A_DIRECTIONAL_WRITE_EXHAUSTED_PRIMALITY_UNASSIGNED,513,512,512,NO_RECORDED_FACTOR_PRP_OR_LL_RESULT_AND_NO_ACTIVE_GIMPS_ASSIGNMENT,2026-08-09T04:34:14+00:00,UNALLOCATED,,,,,
SLCMP1765-1166,1166,1166,583558273,2^583558273-1,STRUCTURAL_SCREEN_EXHAUSTED_PRIMALITY_UNASSIGNED,GF3A_DIRECTIONAL_WRITE_EXHAUSTED_PRIMALITY_UNASSIGNED,513,512,512,NO_RECORDED_FACTOR_PRP_OR_LL_RESULT_AND_NO_ACTIVE_GIMPS_ASSIGNMENT,2026-08-09T04:34:14+00:00,UNALLOCATED,,,,,
SLCMP1765-1167,1167,1167,583558319,2^583558319-1,STRUCTURAL_SCREEN_EXHAUSTED_PRIMALITY_UNASSIGNED,GF3A_DIRECTIONAL_WRITE_EXHAUSTED_PRIMALITY_UNASSIGNED,514,512,512,NO_RECORDED_FACTOR_PRP_OR_LL_RESULT_AND_NO_ACTIVE_GIMPS_ASSIGNMENT,2026-08-09T04:34:14+00:00,UNALLOCATED,,,,,
SLCMP1765-1168,1168,1168,583558403,2^583558403-1,STRUCTURAL_SCREEN_EXHAUSTED_PRIMALITY_UNASSIGNED,GF3A_DIRECTIONAL_WRITE_EXHAUSTED_PRIMALITY_UNASSIGNED,514,512,512,NO_RECORDED_FACTOR_PRP_OR_LL_RESULT_AND_NO_ACTIVE_GIMPS_ASSIGNMENT,2026-08-09T04:34:14+00:00,UNALLOCATED,,,,,
SLCMP1765-1169,1169,1169,583558411,2^583558411-1,STRUCTURAL_SCREEN_EXHAUSTED_PRIMALITY_UNASSIGNED,GF3A_DIRECTIONAL_WRITE_EXHAUSTED_PRIMALITY_UNASSIGNED,514,512,512,NO_RECORDED_FACTOR_PRP_OR_LL_RESULT_AND_NO_ACTIVE_GIMPS_ASSIGNMENT,2026-08-09T04:34:14+00:00,UNALLOCATED,,,,,
SLCMP1765-1170,1170,1170,583558529,2^583558529-1,STRUCTURAL_SCREEN_EXHAUSTED_PRIMALITY_UNASSIGNED,GF3A_DIRECTIONAL_WRITE_EXHAUSTED_PRIMALITY_UNASSIGNED,513,512,512,NO_RECORDED_FACTOR_PRP_OR_LL_RESULT_AND_NO_ACTIVE_GIMPS_ASSIGNMENT,2026-08-09T04:34:14+00:00,UNALLOCATED,,,,,
SLCMP1765-1171,1171,1171,583558603,2^583558603-1,STRUCTURAL_SCREEN_EXHAUSTED_PRIMALITY_UNASSIGNED,GF3A_DIRECTIONAL_WRITE_EXHAUSTED_PRIMALITY_UNASSIGNED,514,512,512,NO_RECORDED_FACTOR_PRP_OR_LL_RESULT_AND_NO_ACTIVE_GIMPS_ASSIGNMENT,2026-08-09T04:34:14+00:00,UNALLOCATED,,,,,
SLCMP1765-1172,1172,1172,583558607,2^583558607-1,STRUCTURAL_SCREEN_EXHAUSTED_PRIMALITY_UNASSIGNED,GF3A_DIRECTIONAL_WRITE_EXHAUSTED_PRIMALITY_UNASSIGNED,514,512,512,NO_RECORDED_FACTOR_PRP_OR_LL_RESULT_AND_NO_ACTIVE_GIMPS_ASSIGNMENT,2026-08-09T04:34:14+00:00,UNALLOCATED,,,,,
SLCMP1765-1173,1173,1173,583558667,2^583558667-1,STRUCTURAL_SCREEN_EXHAUSTED_PRIMALITY_UNASSIGNED,GF3A_DIRECTIONAL_WRITE_EXHAUSTED_PRIMALITY_UNASSIGNED,514,512,512,NO_RECORDED_FACTOR_PRP_OR_LL_RESULT_AND_NO_ACTIVE_GIMPS_ASSIGNMENT,2026-08-09T04:34:14+00:00,UNALLOCATED,,,,,
SLCMP1765-1174,1174,1174,583558669,2^583558669-1,STRUCTURAL_SCREEN_EXHAUSTED_PRIMALITY_UNASSIGNED,GF3A_DIRECTIONAL_WRITE_EXHAUSTED_PRIMALITY_UNASSIGNED,513,512,512,NO_RECORDED_FACTOR_PRP_OR_LL_RESULT_AND_NO_ACTIVE_GIMPS_ASSIGNMENT,2026-08-09T04:34:14+00:00,UNALLOCATED,,,,,
SLCMP1765-1175,1175,1175,583558687,2^583558687-1,STRUCTURAL_SCREEN_EXHAUSTED_PRIMALITY_UNASSIGNED,GF3A_DIRECTIONAL_WRITE_EXHAUSTED_PRIMALITY_UNASSIGNED,514,512,512,NO_RECORDED_FACTOR_PRP_OR_LL_RESULT_AND_NO_ACTIVE_GIMPS_ASSIGNMENT,2026-08-09T04:34:14+00:00,UNALLOCATED,,,,,
SLCMP1765-1176,1176,1176,583558751,2^583558751-1,STRUCTURAL_SCREEN_EXHAUSTED_PRIMALITY_UNASSIGNED,GF3A_DIRECTIONAL_WRITE_EXHAUSTED_PRIMALITY_UNASSIGNED,514,512,512,NO_RECORDED_FACTOR_PRP_OR_LL_RESULT_AND_NO_ACTIVE_GIMPS_ASSIGNMENT,2026-08-09T04:34:14+00:00,UNALLOCATED,,,,,
SLCMP1765-1177,1177,1177,583558753,2^583558753-1,STRUCTURAL_SCREEN_EXHAUSTED_PRIMALITY_UNASSIGNED,GF3A_DIRECTIONAL_WRITE_EXHAUSTED_PRIMALITY_UNASSIGNED,513,512,512,NO_RECORDED_FACTOR_PRP_OR_LL_RESULT_AND_NO_ACTIVE_GIMPS_ASSIGNMENT,2026-08-09T04:34:14+00:00,UNALLOCATED,,,,,
SLCMP1765-1178,1178,1178,583558763,2^583558763-1,STRUCTURAL_SCREEN_EXHAUSTED_PRIMALITY_UNASSIGNED,GF3A_DIRECTIONAL_WRITE_EXHAUSTED_PRIMALITY_UNASSIGNED,514,512,512,NO_RECORDED_FACTOR_PRP_OR_LL_RESULT_AND_NO_ACTIVE_GIMPS_ASSIGNMENT,2026-08-09T04:34:14+00:00,UNALLOCATED,,,,,
SLCMP1765-1179,1179,1179,583558819,2^583558819-1,STRUCTURAL_SCREEN_EXHAUSTED_PRIMALITY_UNASSIGNED,GF3A_DIRECTIONAL_WRITE_EXHAUSTED_PRIMALITY_UNASSIGNED,514,512,512,NO_RECORDED_FACTOR_PRP_OR_LL_RESULT_AND_NO_ACTIVE_GIMPS_ASSIGNMENT,2026-08-09T04:34:14+00:00,UNALLOCATED,,,,,
SLCMP1765-1180,1180,1180,583558831,2^583558831-1,STRUCTURAL_SCREEN_EXHAUSTED_PRIMALITY_UNASSIGNED,GF3A_DIRECTIONAL_WRITE_EXHAUSTED_PRIMALITY_UNASSIGNED,514,512,512,NO_RECORDED_FACTOR_PRP_OR_LL_RESULT_AND_NO_ACTIVE_GIMPS_ASSIGNMENT,2026-08-09T04:34:14+00:00,UNALLOCATED,,,,,
SLCMP1765-1181,1181,1181,583558867,2^583558867-1,STRUCTURAL_SCREEN_EXHAUSTED_PRIMALITY_UNASSIGNED,GF3A_DIRECTIONAL_WRITE_EXHAUSTED_PRIMALITY_UNASSIGNED,514,512,512,NO_RECORDED_FACTOR_PRP_OR_LL_RESULT_AND_NO_ACTIVE_GIMPS_ASSIGNMENT,2026-08-09T04:34:14+00:00,UNALLOCATED,,,,,
SLCMP1765-1182,1182,1182,583558889,2^583558889-1,STRUCTURAL_SCREEN_EXHAUSTED_PRIMALITY_UNASSIGNED,GF3A_DIRECTIONAL_WRITE_EXHAUSTED_PRIMALITY_UNASSIGNED,513,512,512,NO_RECORDED_FACTOR_PRP_OR_LL_RESULT_AND_NO_ACTIVE_GIMPS_ASSIGNMENT,2026-08-09T04:34:14+00:00,UNALLOCATED,,,,,
SLCMP1765-1183,1183,1183,583558961,2^583558961-1,STRUCTURAL_SCREEN_EXHAUSTED_PRIMALITY_UNASSIGNED,GF3A_DIRECTIONAL_WRITE_EXHAUSTED_PRIMALITY_UNASSIGNED,513,512,512,NO_RECORDED_FACTOR_PRP_OR_LL_RESULT_AND_NO_ACTIVE_GIMPS_ASSIGNMENT,2026-08-09T04:34:14+00:00,UNALLOCATED,,,,,
SLCMP1765-1184,1184,1184,583559021,2^583559021-1,STRUCTURAL_SCREEN_EXHAUSTED_PRIMALITY_UNASSIGNED,GF3A_DIRECTIONAL_WRITE_EXHAUSTED_PRIMALITY_UNASSIGNED,513,512,512,NO_RECORDED_FACTOR_PRP_OR_LL_RESULT_AND_NO_ACTIVE_GIMPS_ASSIGNMENT,2026-08-09T04:34:14+00:00,UNALLOCATED,,,,,
SLCMP1765-1185,1185,1185,583559033,2^583559033-1,STRUCTURAL_SCREEN_EXHAUSTED_PRIMALITY_UNASSIGNED,GF3A_DIRECTIONAL_WRITE_EXHAUSTED_PRIMALITY_UNASSIGNED,513,512,512,NO_RECORDED_FACTOR_PRP_OR_LL_RESULT_AND_NO_ACTIVE_GIMPS_ASSIGNMENT,2026-08-09T04:34:14+00:00,UNALLOCATED,,,,,
SLCMP1765-1186,1186,1186,583559161,2^583559161-1,STRUCTURAL_SCREEN_EXHAUSTED_PRIMALITY_UNASSIGNED,GF3A_DIRECTIONAL_WRITE_EXHAUSTED_PRIMALITY_UNASSIGNED,513,512,512,NO_RECORDED_FACTOR_PRP_OR_LL_RESULT_AND_NO_ACTIVE_GIMPS_ASSIGNMENT,2026-08-09T04:34:14+00:00,UNALLOCATED,,,,,
SLCMP1765-1187,1187,1187,583559177,2^583559177-1,STRUCTURAL_SCREEN_EXHAUSTED_PRIMALITY_UNASSIGNED,GF3A_DIRECTIONAL_WRITE_EXHAUSTED_PRIMALITY_UNASSIGNED,513,512,512,NO_RECORDED_FACTOR_PRP_OR_LL_RESULT_AND_NO_ACTIVE_GIMPS_ASSIGNMENT,2026-08-09T04:34:14+00:00,UNALLOCATED,,,,,
SLCMP1765-1188,1188,1188,583559231,2^583559231-1,STRUCTURAL_SCREEN_EXHAUSTED_PRIMALITY_UNASSIGNED,GF3A_DIRECTIONAL_WRITE_EXHAUSTED_PRIMALITY_UNASSIGNED,514,512,512,NO_RECORDED_FACTOR_PRP_OR_LL_RESULT_AND_NO_ACTIVE_GIMPS_ASSIGNMENT,2026-08-09T04:34:14+00:00,UNALLOCATED,,,,,
SLCMP1765-1189,1189,1189,583559359,2^583559359-1,STRUCTURAL_SCREEN_EXHAUSTED_PRIMALITY_UNASSIGNED,GF3A_DIRECTIONAL_WRITE_EXHAUSTED_PRIMALITY_UNASSIGNED,514,512,512,NO_RECORDED_FACTOR_PRP_OR_LL_RESULT_AND_NO_ACTIVE_GIMPS_ASSIGNMENT,2026-08-09T04:34:14+00:00,UNALLOCATED,,,,,
SLCMP1765-1190,1190,1190,583559387,2^583559387-1,STRUCTURAL_SCREEN_EXHAUSTED_PRIMALITY_UNASSIGNED,GF3A_DIRECTIONAL_WRITE_EXHAUSTED_PRIMALITY_UNASSIGNED,514,512,512,NO_RECORDED_FACTOR_PRP_OR_LL_RESULT_AND_NO_ACTIVE_GIMPS_ASSIGNMENT,2026-08-09T04:34:14+00:00,UNALLOCATED,,,,,
SLCMP1765-1191,1191,1191,583559441,2^583559441-1,STRUCTURAL_SCREEN_EXHAUSTED_PRIMALITY_UNASSIGNED,GF3A_DIRECTIONAL_WRITE_EXHAUSTED_PRIMALITY_UNASSIGNED,513,512,512,NO_RECORDED_FACTOR_PRP_OR_LL_RESULT_AND_NO_ACTIVE_GIMPS_ASSIGNMENT,2026-08-09T04:34:14+00:00,UNALLOCATED,,,,,
SLCMP1765-1192,1192,1192,583559461,2^583559461-1,STRUCTURAL_SCREEN_EXHAUSTED_PRIMALITY_UNASSIGNED,GF3A_DIRECTIONAL_WRITE_EXHAUSTED_PRIMALITY_UNASSIGNED,513,512,512,NO_RECORDED_FACTOR_PRP_OR_LL_RESULT_AND_NO_ACTIVE_GIMPS_ASSIGNMENT,2026-08-09T04:34:14+00:00,UNALLOCATED,,,,,
SLCMP1765-1193,1193,1193,583559573,2^583559573-1,STRUCTURAL_SCREEN_EXHAUSTED_PRIMALITY_UNASSIGNED,GF3A_DIRECTIONAL_WRITE_EXHAUSTED_PRIMALITY_UNASSIGNED,513,512,512,NO_RECORDED_FACTOR_PRP_OR_LL_RESULT_AND_NO_ACTIVE_GIMPS_ASSIGNMENT,2026-08-09T04:34:14+00:00,UNALLOCATED,,,,,
SLCMP1765-1194,1194,1194,583559609,2^583559609-1,STRUCTURAL_SCREEN_EXHAUSTED_PRIMALITY_UNASSIGNED,GF3A_DIRECTIONAL_WRITE_EXHAUSTED_PRIMALITY_UNASSIGNED,513,512,512,NO_RECORDED_FACTOR_PRP_OR_LL_RESULT_AND_NO_ACTIVE_GIMPS_ASSIGNMENT,2026-08-09T04:34:14+00:00,UNALLOCATED,,,,,
SLCMP1765-1195,1195,1195,583559659,2^583559659-1,STRUCTURAL_SCREEN_EXHAUSTED_PRIMALITY_UNASSIGNED,GF3A_DIRECTIONAL_WRITE_EXHAUSTED_PRIMALITY_UNASSIGNED,514,512,512,NO_RECORDED_FACTOR_PRP_OR_LL_RESULT_AND_NO_ACTIVE_GIMPS_ASSIGNMENT,2026-08-09T04:34:14+00:00,UNALLOCATED,,,,,
SLCMP1765-1196,1196,1196,583559677,2^583559677-1,STRUCTURAL_SCREEN_EXHAUSTED_PRIMALITY_UNASSIGNED,GF3A_DIRECTIONAL_WRITE_EXHAUSTED_PRIMALITY_UNASSIGNED,513,512,512,NO_RECORDED_FACTOR_PRP_OR_LL_RESULT_AND_NO_ACTIVE_GIMPS_ASSIGNMENT,2026-08-09T04:34:14+00:00,UNALLOCATED,,,,,
SLCMP1765-1197,1197,1197,583559687,2^583559687-1,STRUCTURAL_SCREEN_EXHAUSTED_PRIMALITY_UNASSIGNED,GF3A_DIRECTIONAL_WRITE_EXHAUSTED_PRIMALITY_UNASSIGNED,514,512,512,NO_RECORDED_FACTOR_PRP_OR_LL_RESULT_AND_NO_ACTIVE_GIMPS_ASSIGNMENT,2026-08-09T04:34:14+00:00,UNALLOCATED,,,,,
SLCMP1765-1198,1198,1198,583559707,2^583559707-1,STRUCTURAL_SCREEN_EXHAUSTED_PRIMALITY_UNASSIGNED,GF3A_DIRECTIONAL_WRITE_EXHAUSTED_PRIMALITY_UNASSIGNED,514,512,512,NO_RECORDED_FACTOR_PRP_OR_LL_RESULT_AND_NO_ACTIVE_GIMPS_ASSIGNMENT,2026-08-09T04:34:14+00:00,UNALLOCATED,,,,,
SLCMP1765-1199,1199,1199,583559773,2^583559773-1,STRUCTURAL_SCREEN_EXHAUSTED_PRIMALITY_UNASSIGNED,GF3A_DIRECTIONAL_WRITE_EXHAUSTED_PRIMALITY_UNASSIGNED,513,512,512,NO_RECORDED_FACTOR_PRP_OR_LL_RESULT_AND_NO_ACTIVE_GIMPS_ASSIGNMENT,2026-08-09T04:34:14+00:00,UNALLOCATED,,,,,
SLCMP1765-1200,1200,1200,583559797,2^583559797-1,STRUCTURAL_SCREEN_EXHAUSTED_PRIMALITY_UNASSIGNED,GF3A_DIRECTIONAL_WRITE_EXHAUSTED_PRIMALITY_UNASSIGNED,513,512,512,NO_RECORDED_FACTOR_PRP_OR_LL_RESULT_AND_NO_ACTIVE_GIMPS_ASSIGNMENT,2026-08-09T04:34:14+00:00,UNALLOCATED,,,,,
SLCMP1765-1201,1201,1201,583559891,2^583559891-1,STRUCTURAL_SCREEN_EXHAUSTED_PRIMALITY_UNASSIGNED,GF3A_DIRECTIONAL_WRITE_EXHAUSTED_PRIMALITY_UNASSIGNED,514,512,512,NO_RECORDED_FACTOR_PRP_OR_LL_RESULT_AND_NO_ACTIVE_GIMPS_ASSIGNMENT,2026-08-09T04:34:14+00:00,UNALLOCATED,,,,,
SLCMP1765-1202,1202,1202,583559987,2^583559987-1,STRUCTURAL_SCREEN_EXHAUSTED_PRIMALITY_UNASSIGNED,GF3A_DIRECTIONAL_WRITE_EXHAUSTED_PRIMALITY_UNASSIGNED,514,512,512,NO_RECORDED_FACTOR_PRP_OR_LL_RESULT_AND_NO_ACTIVE_GIMPS_ASSIGNMENT,2026-08-09T04:34:14+00:00,UNALLOCATED,,,,,
SLCMP1765-1203,1203,1203,583559989,2^583559989-1,STRUCTURAL_SCREEN_EXHAUSTED_PRIMALITY_UNASSIGNED,GF3A_DIRECTIONAL_WRITE_EXHAUSTED_PRIMALITY_UNASSIGNED,513,512,512,NO_RECORDED_FACTOR_PRP_OR_LL_RESULT_AND_NO_ACTIVE_GIMPS_ASSIGNMENT,2026-08-09T04:34:14+00:00,UNALLOCATED,,,,,
SLCMP1765-1204,1204,1204,583560001,2^583560001-1,STRUCTURAL_SCREEN_EXHAUSTED_PRIMALITY_UNASSIGNED,GF3A_DIRECTIONAL_WRITE_EXHAUSTED_PRIMALITY_UNASSIGNED,513,512,512,NO_RECORDED_FACTOR_PRP_OR_LL_RESULT_AND_NO_ACTIVE_GIMPS_ASSIGNMENT,2026-08-09T04:34:14+00:00,UNALLOCATED,,,,,
SLCMP1765-1205,1205,1205,583560079,2^583560079-1,STRUCTURAL_SCREEN_EXHAUSTED_PRIMALITY_UNASSIGNED,GF3A_DIRECTIONAL_WRITE_EXHAUSTED_PRIMALITY_UNASSIGNED,514,512,512,NO_RECORDED_FACTOR_PRP_OR_LL_RESULT_AND_NO_ACTIVE_GIMPS_ASSIGNMENT,2026-08-09T04:34:14+00:00,UNALLOCATED,,,,,
SLCMP1765-1206,1206,1206,583560083,2^583560083-1,STRUCTURAL_SCREEN_EXHAUSTED_PRIMALITY_UNASSIGNED,GF3A_DIRECTIONAL_WRITE_EXHAUSTED_PRIMALITY_UNASSIGNED,514,512,512,NO_RECORDED_FACTOR_PRP_OR_LL_RESULT_AND_NO_ACTIVE_GIMPS_ASSIGNMENT,2026-08-09T04:34:14+00:00,UNALLOCATED,,,,,
SLCMP1765-1207,1207,1207,583560149,2^583560149-1,STRUCTURAL_SCREEN_EXHAUSTED_PRIMALITY_UNASSIGNED,GF3A_DIRECTIONAL_WRITE_EXHAUSTED_PRIMALITY_UNASSIGNED,513,512,512,NO_RECORDED_FACTOR_PRP_OR_LL_RESULT_AND_NO_ACTIVE_GIMPS_ASSIGNMENT,2026-08-09T04:34:14+00:00,UNALLOCATED,,,,,
SLCMP1765-1208,1208,1208,583560161,2^583560161-1,STRUCTURAL_SCREEN_EXHAUSTED_PRIMALITY_UNASSIGNED,GF3A_DIRECTIONAL_WRITE_EXHAUSTED_PRIMALITY_UNASSIGNED,513,512,512,NO_RECORDED_FACTOR_PRP_OR_LL_RESULT_AND_NO_ACTIVE_GIMPS_ASSIGNMENT,2026-08-09T04:34:14+00:00,UNALLOCATED,,,,,
SLCMP1765-1209,1209,1209,583560217,2^583560217-1,STRUCTURAL_SCREEN_EXHAUSTED_PRIMALITY_UNASSIGNED,GF3A_DIRECTIONAL_WRITE_EXHAUSTED_PRIMALITY_UNASSIGNED,513,512,512,NO_RECORDED_FACTOR_PRP_OR_LL_RESULT_AND_NO_ACTIVE_GIMPS_ASSIGNMENT,2026-08-09T04:34:14+00:00,UNALLOCATED,,,,,
SLCMP1765-1210,1210,1210,583560247,2^583560247-1,STRUCTURAL_SCREEN_EXHAUSTED_PRIMALITY_UNASSIGNED,GF3A_DIRECTIONAL_WRITE_EXHAUSTED_PRIMALITY_UNASSIGNED,514,512,512,NO_RECORDED_FACTOR_PRP_OR_LL_RESULT_AND_NO_ACTIVE_GIMPS_ASSIGNMENT,2026-08-09T04:34:14+00:00,UNALLOCATED,,,,,
SLCMP1765-1211,1211,1211,583560253,2^583560253-1,STRUCTURAL_SCREEN_EXHAUSTED_PRIMALITY_UNASSIGNED,GF3A_DIRECTIONAL_WRITE_EXHAUSTED_PRIMALITY_UNASSIGNED,513,512,512,NO_RECORDED_FACTOR_PRP_OR_LL_RESULT_AND_NO_ACTIVE_GIMPS_ASSIGNMENT,2026-08-09T04:34:14+00:00,UNALLOCATED,,,,,
SLCMP1765-1212,1212,1212,583560389,2^583560389-1,STRUCTURAL_SCREEN_EXHAUSTED_PRIMALITY_UNASSIGNED,GF3A_DIRECTIONAL_WRITE_EXHAUSTED_PRIMALITY_UNASSIGNED,513,512,512,NO_RECORDED_FACTOR_PRP_OR_LL_RESULT_AND_NO_ACTIVE_GIMPS_ASSIGNMENT,2026-08-09T04:34:14+00:00,UNALLOCATED,,,,,
SLCMP1765-1213,1213,1213,583560407,2^583560407-1,STRUCTURAL_SCREEN_EXHAUSTED_PRIMALITY_UNASSIGNED,GF3A_DIRECTIONAL_WRITE_EXHAUSTED_PRIMALITY_UNASSIGNED,514,512,512,NO_RECORDED_FACTOR_PRP_OR_LL_RESULT_AND_NO_ACTIVE_GIMPS_ASSIGNMENT,2026-08-09T04:34:14+00:00,UNALLOCATED,,,,,
SLCMP1765-1214,1214,1214,583560511,2^583560511-1,STRUCTURAL_SCREEN_EXHAUSTED_PRIMALITY_UNASSIGNED,GF3A_DIRECTIONAL_WRITE_EXHAUSTED_PRIMALITY_UNASSIGNED,514,512,512,NO_RECORDED_FACTOR_PRP_OR_LL_RESULT_AND_NO_ACTIVE_GIMPS_ASSIGNMENT,2026-08-09T04:34:14+00:00,UNALLOCATED,,,,,
SLCMP1765-1215,1215,1215,583560529,2^583560529-1,STRUCTURAL_SCREEN_EXHAUSTED_PRIMALITY_UNASSIGNED,GF3A_DIRECTIONAL_WRITE_EXHAUSTED_PRIMALITY_UNASSIGNED,513,512,512,NO_RECORDED_FACTOR_PRP_OR_LL_RESULT_AND_NO_ACTIVE_GIMPS_ASSIGNMENT,2026-08-09T04:34:14+00:00,UNALLOCATED,,,,,
SLCMP1765-1216,1216,1216,583560569,2^583560569-1,STRUCTURAL_SCREEN_EXHAUSTED_PRIMALITY_UNASSIGNED,GF3A_DIRECTIONAL_WRITE_EXHAUSTED_PRIMALITY_UNASSIGNED,513,512,512,NO_RECORDED_FACTOR_PRP_OR_LL_RESULT_AND_NO_ACTIVE_GIMPS_ASSIGNMENT,2026-08-09T04:34:14+00:00,UNALLOCATED,,,,,
SLCMP1765-1217,1217,1217,583560599,2^583560599-1,STRUCTURAL_SCREEN_EXHAUSTED_PRIMALITY_UNASSIGNED,GF3A_DIRECTIONAL_WRITE_EXHAUSTED_PRIMALITY_UNASSIGNED,514,512,512,NO_RECORDED_FACTOR_PRP_OR_LL_RESULT_AND_NO_ACTIVE_GIMPS_ASSIGNMENT,2026-08-09T04:34:14+00:00,UNALLOCATED,,,,,
SLCMP1765-1218,1218,1218,583560617,2^583560617-1,STRUCTURAL_SCREEN_EXHAUSTED_PRIMALITY_UNASSIGNED,GF3A_DIRECTIONAL_WRITE_EXHAUSTED_PRIMALITY_UNASSIGNED,513,512,512,NO_RECORDED_FACTOR_PRP_OR_LL_RESULT_AND_NO_ACTIVE_GIMPS_ASSIGNMENT,2026-08-09T04:34:14+00:00,UNALLOCATED,,,,,
SLCMP1765-1219,1219,1219,583560619,2^583560619-1,STRUCTURAL_SCREEN_EXHAUSTED_PRIMALITY_UNASSIGNED,GF3A_DIRECTIONAL_WRITE_EXHAUSTED_PRIMALITY_UNASSIGNED,514,512,512,NO_RECORDED_FACTOR_PRP_OR_LL_RESULT_AND_NO_ACTIVE_GIMPS_ASSIGNMENT,2026-08-09T04:34:14+00:00,UNALLOCATED,,,,,
SLCMP1765-1220,1220,1220,583560641,2^583560641-1,STRUCTURAL_SCREEN_EXHAUSTED_PRIMALITY_UNASSIGNED,GF3A_DIRECTIONAL_WRITE_EXHAUSTED_PRIMALITY_UNASSIGNED,513,512,512,NO_RECORDED_FACTOR_PRP_OR_LL_RESULT_AND_NO_ACTIVE_GIMPS_ASSIGNMENT,2026-08-09T04:34:14+00:00,UNALLOCATED,,,,,
SLCMP1765-1221,1221,1221,583560671,2^583560671-1,STRUCTURAL_SCREEN_EXHAUSTED_PRIMALITY_UNASSIGNED,GF3A_DIRECTIONAL_WRITE_EXHAUSTED_PRIMALITY_UNASSIGNED,514,512,512,NO_RECORDED_FACTOR_PRP_OR_LL_RESULT_AND_NO_ACTIVE_GIMPS_ASSIGNMENT,2026-08-09T04:34:14+00:00,UNALLOCATED,,,,,
SLCMP1765-1222,1222,1222,583560743,2^583560743-1,STRUCTURAL_SCREEN_EXHAUSTED_PRIMALITY_UNASSIGNED,GF3A_DIRECTIONAL_WRITE_EXHAUSTED_PRIMALITY_UNASSIGNED,514,512,512,NO_RECORDED_FACTOR_PRP_OR_LL_RESULT_AND_NO_ACTIVE_GIMPS_ASSIGNMENT,2026-08-09T04:34:14+00:00,UNALLOCATED,,,,,
SLCMP1765-1223,1223,1223,583560763,2^583560763-1,STRUCTURAL_SCREEN_EXHAUSTED_PRIMALITY_UNASSIGNED,GF3A_DIRECTIONAL_WRITE_EXHAUSTED_PRIMALITY_UNASSIGNED,514,512,512,NO_RECORDED_FACTOR_PRP_OR_LL_RESULT_AND_NO_ACTIVE_GIMPS_ASSIGNMENT,2026-08-09T04:34:14+00:00,UNALLOCATED,,,,,
SLCMP1765-1224,1224,1224,583560779,2^583560779-1,STRUCTURAL_SCREEN_EXHAUSTED_PRIMALITY_UNASSIGNED,GF3A_DIRECTIONAL_WRITE_EXHAUSTED_PRIMALITY_UNASSIGNED,514,512,512,NO_RECORDED_FACTOR_PRP_OR_LL_RESULT_AND_NO_ACTIVE_GIMPS_ASSIGNMENT,2026-08-09T04:34:14+00:00,UNALLOCATED,,,,,
SLCMP1765-1225,1225,1225,583560797,2^583560797-1,STRUCTURAL_SCREEN_EXHAUSTED_PRIMALITY_UNASSIGNED,GF3A_DIRECTIONAL_WRITE_EXHAUSTED_PRIMALITY_UNASSIGNED,513,512,512,NO_RECORDED_FACTOR_PRP_OR_LL_RESULT_AND_NO_ACTIVE_GIMPS_ASSIGNMENT,2026-08-09T04:34:14+00:00,UNALLOCATED,,,,,
SLCMP1765-1226,1226,1226,583560829,2^583560829-1,STRUCTURAL_SCREEN_EXHAUSTED_PRIMALITY_UNASSIGNED,GF3A_DIRECTIONAL_WRITE_EXHAUSTED_PRIMALITY_UNASSIGNED,513,512,512,NO_RECORDED_FACTOR_PRP_OR_LL_RESULT_AND_NO_ACTIVE_GIMPS_ASSIGNMENT,2026-08-09T04:34:14+00:00,UNALLOCATED,,,,,
SLCMP1765-1227,1227,1227,583560847,2^583560847-1,STRUCTURAL_SCREEN_EXHAUSTED_PRIMALITY_UNASSIGNED,GF3A_DIRECTIONAL_WRITE_EXHAUSTED_PRIMALITY_UNASSIGNED,514,512,512,NO_RECORDED_FACTOR_PRP_OR_LL_RESULT_AND_NO_ACTIVE_GIMPS_ASSIGNMENT,2026-08-09T04:34:14+00:00,UNALLOCATED,,,,,
SLCMP1765-1228,1228,1228,583560893,2^583560893-1,STRUCTURAL_SCREEN_EXHAUSTED_PRIMALITY_UNASSIGNED,GF3A_DIRECTIONAL_WRITE_EXHAUSTED_PRIMALITY_UNASSIGNED,513,512,512,NO_RECORDED_FACTOR_PRP_OR_LL_RESULT_AND_NO_ACTIVE_GIMPS_ASSIGNMENT,2026-08-09T04:34:14+00:00,UNALLOCATED,,,,,
SLCMP1765-1229,1229,1229,583560911,2^583560911-1,STRUCTURAL_SCREEN_EXHAUSTED_PRIMALITY_UNASSIGNED,GF3A_DIRECTIONAL_WRITE_EXHAUSTED_PRIMALITY_UNASSIGNED,514,512,512,NO_RECORDED_FACTOR_PRP_OR_LL_RESULT_AND_NO_ACTIVE_GIMPS_ASSIGNMENT,2026-08-09T04:34:14+00:00,UNALLOCATED,,,,,
SLCMP1765-1230,1230,1230,583560919,2^583560919-1,STRUCTURAL_SCREEN_EXHAUSTED_PRIMALITY_UNASSIGNED,GF3A_DIRECTIONAL_WRITE_EXHAUSTED_PRIMALITY_UNASSIGNED,514,512,512,NO_RECORDED_FACTOR_PRP_OR_LL_RESULT_AND_NO_ACTIVE_GIMPS_ASSIGNMENT,2026-08-09T04:34:14+00:00,UNALLOCATED,,,,,
SLCMP1765-1231,1231,1231,583560941,2^583560941-1,STRUCTURAL_SCREEN_EXHAUSTED_PRIMALITY_UNASSIGNED,GF3A_DIRECTIONAL_WRITE_EXHAUSTED_PRIMALITY_UNASSIGNED,513,512,512,NO_RECORDED_FACTOR_PRP_OR_LL_RESULT_AND_NO_ACTIVE_GIMPS_ASSIGNMENT,2026-08-09T04:34:14+00:00,UNALLOCATED,,,,,
SLCMP1765-1232,1232,1232,583560947,2^583560947-1,STRUCTURAL_SCREEN_EXHAUSTED_PRIMALITY_UNASSIGNED,GF3A_DIRECTIONAL_WRITE_EXHAUSTED_PRIMALITY_UNASSIGNED,514,512,512,NO_RECORDED_FACTOR_PRP_OR_LL_RESULT_AND_NO_ACTIVE_GIMPS_ASSIGNMENT,2026-08-09T04:34:14+00:00,UNALLOCATED,,,,,
SLCMP1765-1233,1233,1233,583561001,2^583561001-1,STRUCTURAL_SCREEN_EXHAUSTED_PRIMALITY_UNASSIGNED,GF3A_DIRECTIONAL_WRITE_EXHAUSTED_PRIMALITY_UNASSIGNED,513,512,512,NO_RECORDED_FACTOR_PRP_OR_LL_RESULT_AND_NO_ACTIVE_GIMPS_ASSIGNMENT,2026-08-09T04:34:14+00:00,UNALLOCATED,,,,,
SLCMP1765-1234,1234,1234,583561007,2^583561007-1,STRUCTURAL_SCREEN_EXHAUSTED_PRIMALITY_UNASSIGNED,GF3A_DIRECTIONAL_WRITE_EXHAUSTED_PRIMALITY_UNASSIGNED,514,512,512,NO_RECORDED_FACTOR_PRP_OR_LL_RESULT_AND_NO_ACTIVE_GIMPS_ASSIGNMENT,2026-08-09T04:34:14+00:00,UNALLOCATED,,,,,
SLCMP1765-1235,1235,1235,583561183,2^583561183-1,STRUCTURAL_SCREEN_EXHAUSTED_PRIMALITY_UNASSIGNED,GF3A_DIRECTIONAL_WRITE_EXHAUSTED_PRIMALITY_UNASSIGNED,514,512,512,NO_RECORDED_FACTOR_PRP_OR_LL_RESULT_AND_NO_ACTIVE_GIMPS_ASSIGNMENT,2026-08-09T04:34:14+00:00,UNALLOCATED,,,,,
SLCMP1765-1236,1236,1236,583561243,2^583561243-1,STRUCTURAL_SCREEN_EXHAUSTED_PRIMALITY_UNASSIGNED,GF3A_DIRECTIONAL_WRITE_EXHAUSTED_PRIMALITY_UNASSIGNED,514,512,512,NO_RECORDED_FACTOR_PRP_OR_LL_RESULT_AND_NO_ACTIVE_GIMPS_ASSIGNMENT,2026-08-09T04:34:14+00:00,UNALLOCATED,,,,,
SLCMP1765-1237,1237,1237,583561339,2^583561339-1,STRUCTURAL_SCREEN_EXHAUSTED_PRIMALITY_UNASSIGNED,GF3A_DIRECTIONAL_WRITE_EXHAUSTED_PRIMALITY_UNASSIGNED,514,512,512,NO_RECORDED_FACTOR_PRP_OR_LL_RESULT_AND_NO_ACTIVE_GIMPS_ASSIGNMENT,2026-08-09T04:34:14+00:00,UNALLOCATED,,,,,
SLCMP1765-1238,1238,1238,583561369,2^583561369-1,STRUCTURAL_SCREEN_EXHAUSTED_PRIMALITY_UNASSIGNED,GF3A_DIRECTIONAL_WRITE_EXHAUSTED_PRIMALITY_UNASSIGNED,513,512,512,NO_RECORDED_FACTOR_PRP_OR_LL_RESULT_AND_NO_ACTIVE_GIMPS_ASSIGNMENT,2026-08-09T04:34:14+00:00,UNALLOCATED,,,,,
SLCMP1765-1239,1239,1239,583561379,2^583561379-1,STRUCTURAL_SCREEN_EXHAUSTED_PRIMALITY_UNASSIGNED,GF3A_DIRECTIONAL_WRITE_EXHAUSTED_PRIMALITY_UNASSIGNED,514,512,512,NO_RECORDED_FACTOR_PRP_OR_LL_RESULT_AND_NO_ACTIVE_GIMPS_ASSIGNMENT,2026-08-09T04:34:14+00:00,UNALLOCATED,,,,,
SLCMP1765-1240,1240,1240,583561393,2^583561393-1,STRUCTURAL_SCREEN_EXHAUSTED_PRIMALITY_UNASSIGNED,GF3A_DIRECTIONAL_WRITE_EXHAUSTED_PRIMALITY_UNASSIGNED,513,512,512,NO_RECORDED_FACTOR_PRP_OR_LL_RESULT_AND_NO_ACTIVE_GIMPS_ASSIGNMENT,2026-08-09T04:34:14+00:00,UNALLOCATED,,,,,
SLCMP1765-1241,1241,1241,583561399,2^583561399-1,STRUCTURAL_SCREEN_EXHAUSTED_PRIMALITY_UNASSIGNED,GF3A_DIRECTIONAL_WRITE_EXHAUSTED_PRIMALITY_UNASSIGNED,514,512,512,NO_RECORDED_FACTOR_PRP_OR_LL_RESULT_AND_NO_ACTIVE_GIMPS_ASSIGNMENT,2026-08-09T04:34:14+00:00,UNALLOCATED,,,,,
SLCMP1765-1242,1242,1242,583561417,2^583561417-1,STRUCTURAL_SCREEN_EXHAUSTED_PRIMALITY_UNASSIGNED,GF3A_DIRECTIONAL_WRITE_EXHAUSTED_PRIMALITY_UNASSIGNED,513,512,512,NO_RECORDED_FACTOR_PRP_OR_LL_RESULT_AND_NO_ACTIVE_GIMPS_ASSIGNMENT,2026-08-09T04:34:14+00:00,UNALLOCATED,,,,,
SLCMP1765-1243,1243,1243,583561427,2^583561427-1,STRUCTURAL_SCREEN_EXHAUSTED_PRIMALITY_UNASSIGNED,GF3A_DIRECTIONAL_WRITE_EXHAUSTED_PRIMALITY_UNASSIGNED,514,512,512,NO_RECORDED_FACTOR_PRP_OR_LL_RESULT_AND_NO_ACTIVE_GIMPS_ASSIGNMENT,2026-08-09T04:34:14+00:00,UNALLOCATED,,,,,
SLCMP1765-1244,1244,1244,583561549,2^583561549-1,STRUCTURAL_SCREEN_EXHAUSTED_PRIMALITY_UNASSIGNED,GF3A_DIRECTIONAL_WRITE_EXHAUSTED_PRIMALITY_UNASSIGNED,513,512,512,NO_RECORDED_FACTOR_PRP_OR_LL_RESULT_AND_NO_ACTIVE_GIMPS_ASSIGNMENT,2026-08-09T04:34:14+00:00,UNALLOCATED,,,,,
SLCMP1765-1245,1245,1245,583561553,2^583561553-1,STRUCTURAL_SCREEN_EXHAUSTED_PRIMALITY_UNASSIGNED,GF3A_DIRECTIONAL_WRITE_EXHAUSTED_PRIMALITY_UNASSIGNED,513,512,512,NO_RECORDED_FACTOR_PRP_OR_LL_RESULT_AND_NO_ACTIVE_GIMPS_ASSIGNMENT,2026-08-09T04:34:14+00:00,UNALLOCATED,,,,,
SLCMP1765-1246,1246,1246,583561673,2^583561673-1,STRUCTURAL_SCREEN_EXHAUSTED_PRIMALITY_UNASSIGNED,GF3A_DIRECTIONAL_WRITE_EXHAUSTED_PRIMALITY_UNASSIGNED,513,512,512,NO_RECORDED_FACTOR_PRP_OR_LL_RESULT_AND_NO_ACTIVE_GIMPS_ASSIGNMENT,2026-08-09T04:34:14+00:00,UNALLOCATED,,,,,
SLCMP1765-1247,1247,1247,583561711,2^583561711-1,STRUCTURAL_SCREEN_EXHAUSTED_PRIMALITY_UNASSIGNED,GF3A_DIRECTIONAL_WRITE_EXHAUSTED_PRIMALITY_UNASSIGNED,514,512,512,NO_RECORDED_FACTOR_PRP_OR_LL_RESULT_AND_NO_ACTIVE_GIMPS_ASSIGNMENT,2026-08-09T04:34:14+00:00,UNALLOCATED,,,,,
SLCMP1765-1248,1248,1248,583561789,2^583561789-1,STRUCTURAL_SCREEN_EXHAUSTED_PRIMALITY_UNASSIGNED,GF3A_DIRECTIONAL_WRITE_EXHAUSTED_PRIMALITY_UNASSIGNED,513,512,512,NO_RECORDED_FACTOR_PRP_OR_LL_RESULT_AND_NO_ACTIVE_GIMPS_ASSIGNMENT,2026-08-09T04:34:14+00:00,UNALLOCATED,,,,,
SLCMP1765-1249,1249,1249,583561793,2^583561793-1,STRUCTURAL_SCREEN_EXHAUSTED_PRIMALITY_UNASSIGNED,GF3A_DIRECTIONAL_WRITE_EXHAUSTED_PRIMALITY_UNASSIGNED,513,512,512,NO_RECORDED_FACTOR_PRP_OR_LL_RESULT_AND_NO_ACTIVE_GIMPS_ASSIGNMENT,2026-08-09T04:34:14+00:00,UNALLOCATED,,,,,
SLCMP1765-1250,1250,1250,583561829,2^583561829-1,STRUCTURAL_SCREEN_EXHAUSTED_PRIMALITY_UNASSIGNED,GF3A_DIRECTIONAL_WRITE_EXHAUSTED_PRIMALITY_UNASSIGNED,513,512,512,NO_RECORDED_FACTOR_PRP_OR_LL_RESULT_AND_NO_ACTIVE_GIMPS_ASSIGNMENT,2026-08-09T04:34:14+00:00,UNALLOCATED,,,,,
SLCMP1765-1251,1251,1251,583561837,2^583561837-1,STRUCTURAL_SCREEN_EXHAUSTED_PRIMALITY_UNASSIGNED,GF3A_DIRECTIONAL_WRITE_EXHAUSTED_PRIMALITY_UNASSIGNED,513,512,512,NO_RECORDED_FACTOR_PRP_OR_LL_RESULT_AND_NO_ACTIVE_GIMPS_ASSIGNMENT,2026-08-09T04:34:14+00:00,UNALLOCATED,,,,,
SLCMP1765-1252,1252,1252,583561879,2^583561879-1,STRUCTURAL_SCREEN_EXHAUSTED_PRIMALITY_UNASSIGNED,GF3A_DIRECTIONAL_WRITE_EXHAUSTED_PRIMALITY_UNASSIGNED,514,512,512,NO_RECORDED_FACTOR_PRP_OR_LL_RESULT_AND_NO_ACTIVE_GIMPS_ASSIGNMENT,2026-08-09T04:34:14+00:00,UNALLOCATED,,,,,
SLCMP1765-1253,1253,1253,583561889,2^583561889-1,STRUCTURAL_SCREEN_EXHAUSTED_PRIMALITY_UNASSIGNED,GF3A_DIRECTIONAL_WRITE_EXHAUSTED_PRIMALITY_UNASSIGNED,513,512,512,NO_RECORDED_FACTOR_PRP_OR_LL_RESULT_AND_NO_ACTIVE_GIMPS_ASSIGNMENT,2026-08-09T04:34:14+00:00,UNALLOCATED,,,,,
SLCMP1765-1254,1254,1254,583561981,2^583561981-1,STRUCTURAL_SCREEN_EXHAUSTED_PRIMALITY_UNASSIGNED,GF3A_DIRECTIONAL_WRITE_EXHAUSTED_PRIMALITY_UNASSIGNED,513,512,512,NO_RECORDED_FACTOR_PRP_OR_LL_RESULT_AND_NO_ACTIVE_GIMPS_ASSIGNMENT,2026-08-09T04:34:14+00:00,UNALLOCATED,,,,,
SLCMP1765-1255,1255,1255,583562033,2^583562033-1,STRUCTURAL_SCREEN_EXHAUSTED_PRIMALITY_UNASSIGNED,GF3A_DIRECTIONAL_WRITE_EXHAUSTED_PRIMALITY_UNASSIGNED,513,512,512,NO_RECORDED_FACTOR_PRP_OR_LL_RESULT_AND_NO_ACTIVE_GIMPS_ASSIGNMENT,2026-08-09T04:34:14+00:00,UNALLOCATED,,,,,
SLCMP1765-1256,1256,1256,583562137,2^583562137-1,STRUCTURAL_SCREEN_EXHAUSTED_PRIMALITY_UNASSIGNED,GF3A_DIRECTIONAL_WRITE_EXHAUSTED_PRIMALITY_UNASSIGNED,513,512,512,NO_RECORDED_FACTOR_PRP_OR_LL_RESULT_AND_NO_ACTIVE_GIMPS_ASSIGNMENT,2026-08-09T04:34:14+00:00,UNALLOCATED,,,,,
SLCMP1765-1257,1257,1257,583562251,2^583562251-1,STRUCTURAL_SCREEN_EXHAUSTED_PRIMALITY_UNASSIGNED,GF3A_DIRECTIONAL_WRITE_EXHAUSTED_PRIMALITY_UNASSIGNED,514,512,512,NO_RECORDED_FACTOR_PRP_OR_LL_RESULT_AND_NO_ACTIVE_GIMPS_ASSIGNMENT,2026-08-09T04:34:14+00:00,UNALLOCATED,,,,,
SLCMP1765-1258,1258,1258,583562263,2^583562263-1,STRUCTURAL_SCREEN_EXHAUSTED_PRIMALITY_UNASSIGNED,GF3A_DIRECTIONAL_WRITE_EXHAUSTED_PRIMALITY_UNASSIGNED,514,512,512,NO_RECORDED_FACTOR_PRP_OR_LL_RESULT_AND_NO_ACTIVE_GIMPS_ASSIGNMENT,2026-08-09T04:34:14+00:00,UNALLOCATED,,,,,
SLCMP1765-1259,1259,1259,583562377,2^583562377-1,STRUCTURAL_SCREEN_EXHAUSTED_PRIMALITY_UNASSIGNED,GF3A_DIRECTIONAL_WRITE_EXHAUSTED_PRIMALITY_UNASSIGNED,513,512,512,NO_RECORDED_FACTOR_PRP_OR_LL_RESULT_AND_NO_ACTIVE_GIMPS_ASSIGNMENT,2026-08-09T04:34:14+00:00,UNALLOCATED,,,,,
SLCMP1765-1260,1260,1260,583562393,2^583562393-1,STRUCTURAL_SCREEN_EXHAUSTED_PRIMALITY_UNASSIGNED,GF3A_DIRECTIONAL_WRITE_EXHAUSTED_PRIMALITY_UNASSIGNED,513,512,512,NO_RECORDED_FACTOR_PRP_OR_LL_RESULT_AND_NO_ACTIVE_GIMPS_ASSIGNMENT,2026-08-09T04:34:14+00:00,UNALLOCATED,,,,,
SLCMP1765-1261,1261,1261,583562423,2^583562423-1,STRUCTURAL_SCREEN_EXHAUSTED_PRIMALITY_UNASSIGNED,GF3A_DIRECTIONAL_WRITE_EXHAUSTED_PRIMALITY_UNASSIGNED,514,512,512,NO_RECORDED_FACTOR_PRP_OR_LL_RESULT_AND_NO_ACTIVE_GIMPS_ASSIGNMENT,2026-08-09T04:34:14+00:00,UNALLOCATED,,,,,
SLCMP1765-1262,1262,1262,583562443,2^583562443-1,STRUCTURAL_SCREEN_EXHAUSTED_PRIMALITY_UNASSIGNED,GF3A_DIRECTIONAL_WRITE_EXHAUSTED_PRIMALITY_UNASSIGNED,514,512,512,NO_RECORDED_FACTOR_PRP_OR_LL_RESULT_AND_NO_ACTIVE_GIMPS_ASSIGNMENT,2026-08-09T04:34:14+00:00,UNALLOCATED,,,,,
SLCMP1765-1263,1263,1263,583562467,2^583562467-1,STRUCTURAL_SCREEN_EXHAUSTED_PRIMALITY_UNASSIGNED,GF3A_DIRECTIONAL_WRITE_EXHAUSTED_PRIMALITY_UNASSIGNED,514,512,512,NO_RECORDED_FACTOR_PRP_OR_LL_RESULT_AND_NO_ACTIVE_GIMPS_ASSIGNMENT,2026-08-09T04:34:14+00:00,UNALLOCATED,,,,,
SLCMP1765-1264,1264,1264,583562531,2^583562531-1,STRUCTURAL_SCREEN_EXHAUSTED_PRIMALITY_UNASSIGNED,GF3A_DIRECTIONAL_WRITE_EXHAUSTED_PRIMALITY_UNASSIGNED,514,512,512,NO_RECORDED_FACTOR_PRP_OR_LL_RESULT_AND_NO_ACTIVE_GIMPS_ASSIGNMENT,2026-08-09T04:34:14+00:00,UNALLOCATED,,,,,
SLCMP1765-1265,1265,1265,583562543,2^583562543-1,STRUCTURAL_SCREEN_EXHAUSTED_PRIMALITY_UNASSIGNED,GF3A_DIRECTIONAL_WRITE_EXHAUSTED_PRIMALITY_UNASSIGNED,514,512,512,NO_RECORDED_FACTOR_PRP_OR_LL_RESULT_AND_NO_ACTIVE_GIMPS_ASSIGNMENT,2026-08-09T04:34:14+00:00,UNALLOCATED,,,,,
SLCMP1765-1266,1266,1266,583562593,2^583562593-1,STRUCTURAL_SCREEN_EXHAUSTED_PRIMALITY_UNASSIGNED,GF3A_DIRECTIONAL_WRITE_EXHAUSTED_PRIMALITY_UNASSIGNED,513,512,512,NO_RECORDED_FACTOR_PRP_OR_LL_RESULT_AND_NO_ACTIVE_GIMPS_ASSIGNMENT,2026-08-09T04:34:14+00:00,UNALLOCATED,,,,,
SLCMP1765-1267,1267,1267,583562627,2^583562627-1,STRUCTURAL_SCREEN_EXHAUSTED_PRIMALITY_UNASSIGNED,GF3A_DIRECTIONAL_WRITE_EXHAUSTED_PRIMALITY_UNASSIGNED,514,512,512,NO_RECORDED_FACTOR_PRP_OR_LL_RESULT_AND_NO_ACTIVE_GIMPS_ASSIGNMENT,2026-08-09T04:34:14+00:00,UNALLOCATED,,,,,
SLCMP1765-1268,1268,1268,583562653,2^583562653-1,STRUCTURAL_SCREEN_EXHAUSTED_PRIMALITY_UNASSIGNED,GF3A_DIRECTIONAL_WRITE_EXHAUSTED_PRIMALITY_UNASSIGNED,513,512,512,NO_RECORDED_FACTOR_PRP_OR_LL_RESULT_AND_NO_ACTIVE_GIMPS_ASSIGNMENT,2026-08-09T04:34:14+00:00,UNALLOCATED,,,,,
SLCMP1765-1269,1269,1269,583562801,2^583562801-1,STRUCTURAL_SCREEN_EXHAUSTED_PRIMALITY_UNASSIGNED,GF3A_DIRECTIONAL_WRITE_EXHAUSTED_PRIMALITY_UNASSIGNED,513,512,512,NO_RECORDED_FACTOR_PRP_OR_LL_RESULT_AND_NO_ACTIVE_GIMPS_ASSIGNMENT,2026-08-09T04:34:14+00:00,UNALLOCATED,,,,,
SLCMP1765-1270,1270,1270,583562921,2^583562921-1,STRUCTURAL_SCREEN_EXHAUSTED_PRIMALITY_UNASSIGNED,GF3A_DIRECTIONAL_WRITE_EXHAUSTED_PRIMALITY_UNASSIGNED,513,512,512,NO_RECORDED_FACTOR_PRP_OR_LL_RESULT_AND_NO_ACTIVE_GIMPS_ASSIGNMENT,2026-08-09T04:34:14+00:00,UNALLOCATED,,,,,
SLCMP1765-1271,1271,1271,583562953,2^583562953-1,STRUCTURAL_SCREEN_EXHAUSTED_PRIMALITY_UNASSIGNED,GF3A_DIRECTIONAL_WRITE_EXHAUSTED_PRIMALITY_UNASSIGNED,513,512,512,NO_RECORDED_FACTOR_PRP_OR_LL_RESULT_AND_NO_ACTIVE_GIMPS_ASSIGNMENT,2026-08-09T04:34:14+00:00,UNALLOCATED,,,,,
SLCMP1765-1272,1272,1272,583563037,2^583563037-1,STRUCTURAL_SCREEN_EXHAUSTED_PRIMALITY_UNASSIGNED,GF3A_DIRECTIONAL_WRITE_EXHAUSTED_PRIMALITY_UNASSIGNED,513,512,512,NO_RECORDED_FACTOR_PRP_OR_LL_RESULT_AND_NO_ACTIVE_GIMPS_ASSIGNMENT,2026-08-09T04:34:14+00:00,UNALLOCATED,,,,,
SLCMP1765-1273,1273,1273,583563109,2^583563109-1,STRUCTURAL_SCREEN_EXHAUSTED_PRIMALITY_UNASSIGNED,GF3A_DIRECTIONAL_WRITE_EXHAUSTED_PRIMALITY_UNASSIGNED,513,512,512,NO_RECORDED_FACTOR_PRP_OR_LL_RESULT_AND_NO_ACTIVE_GIMPS_ASSIGNMENT,2026-08-09T04:34:14+00:00,UNALLOCATED,,,,,
SLCMP1765-1274,1274,1274,583563133,2^583563133-1,STRUCTURAL_SCREEN_EXHAUSTED_PRIMALITY_UNASSIGNED,GF3A_DIRECTIONAL_WRITE_EXHAUSTED_PRIMALITY_UNASSIGNED,513,512,512,NO_RECORDED_FACTOR_PRP_OR_LL_RESULT_AND_NO_ACTIVE_GIMPS_ASSIGNMENT,2026-08-09T04:34:14+00:00,UNALLOCATED,,,,,
SLCMP1765-1275,1275,1275,583563217,2^583563217-1,STRUCTURAL_SCREEN_EXHAUSTED_PRIMALITY_UNASSIGNED,GF3A_DIRECTIONAL_WRITE_EXHAUSTED_PRIMALITY_UNASSIGNED,513,512,512,NO_RECORDED_FACTOR_PRP_OR_LL_RESULT_AND_NO_ACTIVE_GIMPS_ASSIGNMENT,2026-08-09T04:34:14+00:00,UNALLOCATED,,,,,
SLCMP1765-1276,1276,1276,583563247,2^583563247-1,STRUCTURAL_SCREEN_EXHAUSTED_PRIMALITY_UNASSIGNED,GF3A_DIRECTIONAL_WRITE_EXHAUSTED_PRIMALITY_UNASSIGNED,514,512,512,NO_RECORDED_FACTOR_PRP_OR_LL_RESULT_AND_NO_ACTIVE_GIMPS_ASSIGNMENT,2026-08-09T04:34:14+00:00,UNALLOCATED,,,,,
SLCMP1765-1277,1277,1277,583563311,2^583563311-1,STRUCTURAL_SCREEN_EXHAUSTED_PRIMALITY_UNASSIGNED,GF3A_DIRECTIONAL_WRITE_EXHAUSTED_PRIMALITY_UNASSIGNED,514,512,512,NO_RECORDED_FACTOR_PRP_OR_LL_RESULT_AND_NO_ACTIVE_GIMPS_ASSIGNMENT,2026-08-09T04:34:14+00:00,UNALLOCATED,,,,,
SLCMP1765-1278,1278,1278,583563353,2^583563353-1,STRUCTURAL_SCREEN_EXHAUSTED_PRIMALITY_UNASSIGNED,GF3A_DIRECTIONAL_WRITE_EXHAUSTED_PRIMALITY_UNASSIGNED,513,512,512,NO_RECORDED_FACTOR_PRP_OR_LL_RESULT_AND_NO_ACTIVE_GIMPS_ASSIGNMENT,2026-08-09T04:34:14+00:00,UNALLOCATED,,,,,
SLCMP1765-1279,1279,1279,583563391,2^583563391-1,STRUCTURAL_SCREEN_EXHAUSTED_PRIMALITY_UNASSIGNED,GF3A_DIRECTIONAL_WRITE_EXHAUSTED_PRIMALITY_UNASSIGNED,514,512,512,NO_RECORDED_FACTOR_PRP_OR_LL_RESULT_AND_NO_ACTIVE_GIMPS_ASSIGNMENT,2026-08-09T04:34:14+00:00,UNALLOCATED,,,,,
SLCMP1765-1280,1280,1280,583563439,2^583563439-1,STRUCTURAL_SCREEN_EXHAUSTED_PRIMALITY_UNASSIGNED,GF3A_DIRECTIONAL_WRITE_EXHAUSTED_PRIMALITY_UNASSIGNED,514,512,512,NO_RECORDED_FACTOR_PRP_OR_LL_RESULT_AND_NO_ACTIVE_GIMPS_ASSIGNMENT,2026-08-09T04:34:14+00:00,UNALLOCATED,,,,,
SLCMP1765-1281,1281,1281,583563467,2^583563467-1,STRUCTURAL_SCREEN_EXHAUSTED_PRIMALITY_UNASSIGNED,GF3A_DIRECTIONAL_WRITE_EXHAUSTED_PRIMALITY_UNASSIGNED,514,512,512,NO_RECORDED_FACTOR_PRP_OR_LL_RESULT_AND_NO_ACTIVE_GIMPS_ASSIGNMENT,2026-08-09T04:34:14+00:00,UNALLOCATED,,,,,
SLCMP1765-1282,1282,1282,583563469,2^583563469-1,STRUCTURAL_SCREEN_EXHAUSTED_PRIMALITY_UNASSIGNED,GF3A_DIRECTIONAL_WRITE_EXHAUSTED_PRIMALITY_UNASSIGNED,513,512,512,NO_RECORDED_FACTOR_PRP_OR_LL_RESULT_AND_NO_ACTIVE_GIMPS_ASSIGNMENT,2026-08-09T04:34:14+00:00,UNALLOCATED,,,,,
SLCMP1765-1283,1283,1283,583563517,2^583563517-1,STRUCTURAL_SCREEN_EXHAUSTED_PRIMALITY_UNASSIGNED,GF3A_DIRECTIONAL_WRITE_EXHAUSTED_PRIMALITY_UNASSIGNED,513,512,512,NO_RECORDED_FACTOR_PRP_OR_LL_RESULT_AND_NO_ACTIVE_GIMPS_ASSIGNMENT,2026-08-09T04:34:14+00:00,UNALLOCATED,,,,,
SLCMP1765-1284,1284,1284,583563529,2^583563529-1,STRUCTURAL_SCREEN_EXHAUSTED_PRIMALITY_UNASSIGNED,GF3A_DIRECTIONAL_WRITE_EXHAUSTED_PRIMALITY_UNASSIGNED,513,512,512,NO_RECORDED_FACTOR_PRP_OR_LL_RESULT_AND_NO_ACTIVE_GIMPS_ASSIGNMENT,2026-08-09T04:34:14+00:00,UNALLOCATED,,,,,
SLCMP1765-1285,1285,1285,583563551,2^583563551-1,STRUCTURAL_SCREEN_EXHAUSTED_PRIMALITY_UNASSIGNED,GF3A_DIRECTIONAL_WRITE_EXHAUSTED_PRIMALITY_UNASSIGNED,514,512,512,NO_RECORDED_FACTOR_PRP_OR_LL_RESULT_AND_NO_ACTIVE_GIMPS_ASSIGNMENT,2026-08-09T04:34:14+00:00,UNALLOCATED,,,,,
SLCMP1765-1286,1286,1286,583563577,2^583563577-1,STRUCTURAL_SCREEN_EXHAUSTED_PRIMALITY_UNASSIGNED,GF3A_DIRECTIONAL_WRITE_EXHAUSTED_PRIMALITY_UNASSIGNED,513,512,512,NO_RECORDED_FACTOR_PRP_OR_LL_RESULT_AND_NO_ACTIVE_GIMPS_ASSIGNMENT,2026-08-09T04:34:14+00:00,UNALLOCATED,,,,,
SLCMP1765-1287,1287,1287,583563647,2^583563647-1,STRUCTURAL_SCREEN_EXHAUSTED_PRIMALITY_UNASSIGNED,GF3A_DIRECTIONAL_WRITE_EXHAUSTED_PRIMALITY_UNASSIGNED,514,512,512,NO_RECORDED_FACTOR_PRP_OR_LL_RESULT_AND_NO_ACTIVE_GIMPS_ASSIGNMENT,2026-08-09T04:34:14+00:00,UNALLOCATED,,,,,
SLCMP1765-1288,1288,1288,583563661,2^583563661-1,STRUCTURAL_SCREEN_EXHAUSTED_PRIMALITY_UNASSIGNED,GF3A_DIRECTIONAL_WRITE_EXHAUSTED_PRIMALITY_UNASSIGNED,513,512,512,NO_RECORDED_FACTOR_PRP_OR_LL_RESULT_AND_NO_ACTIVE_GIMPS_ASSIGNMENT,2026-08-09T04:34:14+00:00,UNALLOCATED,,,,,
SLCMP1765-1289,1289,1289,583563689,2^583563689-1,STRUCTURAL_SCREEN_EXHAUSTED_PRIMALITY_UNASSIGNED,GF3A_DIRECTIONAL_WRITE_EXHAUSTED_PRIMALITY_UNASSIGNED,513,512,512,NO_RECORDED_FACTOR_PRP_OR_LL_RESULT_AND_NO_ACTIVE_GIMPS_ASSIGNMENT,2026-08-09T04:34:14+00:00,UNALLOCATED,,,,,
SLCMP1765-1290,1290,1290,583563763,2^583563763-1,STRUCTURAL_SCREEN_EXHAUSTED_PRIMALITY_UNASSIGNED,GF3A_DIRECTIONAL_WRITE_EXHAUSTED_PRIMALITY_UNASSIGNED,514,512,512,NO_RECORDED_FACTOR_PRP_OR_LL_RESULT_AND_NO_ACTIVE_GIMPS_ASSIGNMENT,2026-08-09T04:34:14+00:00,UNALLOCATED,,,,,
SLCMP1765-1291,1291,1291,583563791,2^583563791-1,STRUCTURAL_SCREEN_EXHAUSTED_PRIMALITY_UNASSIGNED,GF3A_DIRECTIONAL_WRITE_EXHAUSTED_PRIMALITY_UNASSIGNED,514,512,512,NO_RECORDED_FACTOR_PRP_OR_LL_RESULT_AND_NO_ACTIVE_GIMPS_ASSIGNMENT,2026-08-09T04:34:14+00:00,UNALLOCATED,,,,,
SLCMP1765-1292,1292,1292,583563847,2^583563847-1,STRUCTURAL_SCREEN_EXHAUSTED_PRIMALITY_UNASSIGNED,GF3A_DIRECTIONAL_WRITE_EXHAUSTED_PRIMALITY_UNASSIGNED,514,512,512,NO_RECORDED_FACTOR_PRP_OR_LL_RESULT_AND_NO_ACTIVE_GIMPS_ASSIGNMENT,2026-08-09T04:34:14+00:00,UNALLOCATED,,,,,
SLCMP1765-1293,1293,1293,583563863,2^583563863-1,STRUCTURAL_SCREEN_EXHAUSTED_PRIMALITY_UNASSIGNED,GF3A_DIRECTIONAL_WRITE_EXHAUSTED_PRIMALITY_UNASSIGNED,514,512,512,NO_RECORDED_FACTOR_PRP_OR_LL_RESULT_AND_NO_ACTIVE_GIMPS_ASSIGNMENT,2026-08-09T04:34:14+00:00,UNALLOCATED,,,,,
SLCMP1765-1294,1294,1294,583563991,2^583563991-1,STRUCTURAL_SCREEN_EXHAUSTED_PRIMALITY_UNASSIGNED,GF3A_DIRECTIONAL_WRITE_EXHAUSTED_PRIMALITY_UNASSIGNED,514,512,512,NO_RECORDED_FACTOR_PRP_OR_LL_RESULT_AND_NO_ACTIVE_GIMPS_ASSIGNMENT,2026-08-09T04:34:14+00:00,UNALLOCATED,,,,,
SLCMP1765-1295,1295,1295,583564039,2^583564039-1,STRUCTURAL_SCREEN_EXHAUSTED_PRIMALITY_UNASSIGNED,GF3A_DIRECTIONAL_WRITE_EXHAUSTED_PRIMALITY_UNASSIGNED,514,512,512,NO_RECORDED_FACTOR_PRP_OR_LL_RESULT_AND_NO_ACTIVE_GIMPS_ASSIGNMENT,2026-08-09T04:34:14+00:00,UNALLOCATED,,,,,
SLCMP1765-1296,1296,1296,583564067,2^583564067-1,STRUCTURAL_SCREEN_EXHAUSTED_PRIMALITY_UNASSIGNED,GF3A_DIRECTIONAL_WRITE_EXHAUSTED_PRIMALITY_UNASSIGNED,514,512,512,NO_RECORDED_FACTOR_PRP_OR_LL_RESULT_AND_NO_ACTIVE_GIMPS_ASSIGNMENT,2026-08-09T04:34:14+00:00,UNALLOCATED,,,,,
SLCMP1765-1297,1297,1297,583564097,2^583564097-1,STRUCTURAL_SCREEN_EXHAUSTED_PRIMALITY_UNASSIGNED,GF3A_DIRECTIONAL_WRITE_EXHAUSTED_PRIMALITY_UNASSIGNED,513,512,512,NO_RECORDED_FACTOR_PRP_OR_LL_RESULT_AND_NO_ACTIVE_GIMPS_ASSIGNMENT,2026-08-09T04:34:14+00:00,UNALLOCATED,,,,,
SLCMP1765-1298,1298,1298,583564169,2^583564169-1,STRUCTURAL_SCREEN_EXHAUSTED_PRIMALITY_UNASSIGNED,GF3A_DIRECTIONAL_WRITE_EXHAUSTED_PRIMALITY_UNASSIGNED,513,512,512,NO_RECORDED_FACTOR_PRP_OR_LL_RESULT_AND_NO_ACTIVE_GIMPS_ASSIGNMENT,2026-08-09T04:34:14+00:00,UNALLOCATED,,,,,
SLCMP1765-1299,1299,1299,583564213,2^583564213-1,STRUCTURAL_SCREEN_EXHAUSTED_PRIMALITY_UNASSIGNED,GF3A_DIRECTIONAL_WRITE_EXHAUSTED_PRIMALITY_UNASSIGNED,513,512,512,NO_RECORDED_FACTOR_PRP_OR_LL_RESULT_AND_NO_ACTIVE_GIMPS_ASSIGNMENT,2026-08-09T04:34:14+00:00,UNALLOCATED,,,,,
SLCMP1765-1300,1300,1300,583564249,2^583564249-1,STRUCTURAL_SCREEN_EXHAUSTED_PRIMALITY_UNASSIGNED,GF3A_DIRECTIONAL_WRITE_EXHAUSTED_PRIMALITY_UNASSIGNED,513,512,512,NO_RECORDED_FACTOR_PRP_OR_LL_RESULT_AND_NO_ACTIVE_GIMPS_ASSIGNMENT,2026-08-09T04:34:14+00:00,UNALLOCATED,,,,,
SLCMP1765-1301,1301,1301,583564277,2^583564277-1,STRUCTURAL_SCREEN_EXHAUSTED_PRIMALITY_UNASSIGNED,GF3A_DIRECTIONAL_WRITE_EXHAUSTED_PRIMALITY_UNASSIGNED,513,512,512,NO_RECORDED_FACTOR_PRP_OR_LL_RESULT_AND_NO_ACTIVE_GIMPS_ASSIGNMENT,2026-08-09T04:34:14+00:00,UNALLOCATED,,,,,
SLCMP1765-1302,1302,1302,583564297,2^583564297-1,STRUCTURAL_SCREEN_EXHAUSTED_PRIMALITY_UNASSIGNED,GF3A_DIRECTIONAL_WRITE_EXHAUSTED_PRIMALITY_UNASSIGNED,513,512,512,NO_RECORDED_FACTOR_PRP_OR_LL_RESULT_AND_NO_ACTIVE_GIMPS_ASSIGNMENT,2026-08-09T04:34:14+00:00,UNALLOCATED,,,,,
SLCMP1765-1303,1303,1303,583564381,2^583564381-1,STRUCTURAL_SCREEN_EXHAUSTED_PRIMALITY_UNASSIGNED,GF3A_DIRECTIONAL_WRITE_EXHAUSTED_PRIMALITY_UNASSIGNED,513,512,512,NO_RECORDED_FACTOR_PRP_OR_LL_RESULT_AND_NO_ACTIVE_GIMPS_ASSIGNMENT,2026-08-09T04:34:14+00:00,UNALLOCATED,,,,,
SLCMP1765-1304,1304,1304,583564403,2^583564403-1,STRUCTURAL_SCREEN_EXHAUSTED_PRIMALITY_UNASSIGNED,GF3A_DIRECTIONAL_WRITE_EXHAUSTED_PRIMALITY_UNASSIGNED,514,512,512,NO_RECORDED_FACTOR_PRP_OR_LL_RESULT_AND_NO_ACTIVE_GIMPS_ASSIGNMENT,2026-08-09T04:34:14+00:00,UNALLOCATED,,,,,
SLCMP1765-1305,1305,1305,583564427,2^583564427-1,STRUCTURAL_SCREEN_EXHAUSTED_PRIMALITY_UNASSIGNED,GF3A_DIRECTIONAL_WRITE_EXHAUSTED_PRIMALITY_UNASSIGNED,514,512,512,NO_RECORDED_FACTOR_PRP_OR_LL_RESULT_AND_NO_ACTIVE_GIMPS_ASSIGNMENT,2026-08-09T04:34:14+00:00,UNALLOCATED,,,,,
SLCMP1765-1306,1306,1306,583564483,2^583564483-1,STRUCTURAL_SCREEN_EXHAUSTED_PRIMALITY_UNASSIGNED,GF3A_DIRECTIONAL_WRITE_EXHAUSTED_PRIMALITY_UNASSIGNED,514,512,512,NO_RECORDED_FACTOR_PRP_OR_LL_RESULT_AND_NO_ACTIVE_GIMPS_ASSIGNMENT,2026-08-09T04:34:14+00:00,UNALLOCATED,,,,,
SLCMP1765-1307,1307,1307,583564489,2^583564489-1,STRUCTURAL_SCREEN_EXHAUSTED_PRIMALITY_UNASSIGNED,GF3A_DIRECTIONAL_WRITE_EXHAUSTED_PRIMALITY_UNASSIGNED,513,512,512,NO_RECORDED_FACTOR_PRP_OR_LL_RESULT_AND_NO_ACTIVE_GIMPS_ASSIGNMENT,2026-08-09T04:34:14+00:00,UNALLOCATED,,,,,
SLCMP1765-1308,1308,1308,583564571,2^583564571-1,STRUCTURAL_SCREEN_EXHAUSTED_PRIMALITY_UNASSIGNED,GF3A_DIRECTIONAL_WRITE_EXHAUSTED_PRIMALITY_UNASSIGNED,514,512,512,NO_RECORDED_FACTOR_PRP_OR_LL_RESULT_AND_NO_ACTIVE_GIMPS_ASSIGNMENT,2026-08-09T04:34:14+00:00,UNALLOCATED,,,,,
SLCMP1765-1309,1309,1309,583564621,2^583564621-1,STRUCTURAL_SCREEN_EXHAUSTED_PRIMALITY_UNASSIGNED,GF3A_DIRECTIONAL_WRITE_EXHAUSTED_PRIMALITY_UNASSIGNED,513,512,512,NO_RECORDED_FACTOR_PRP_OR_LL_RESULT_AND_NO_ACTIVE_GIMPS_ASSIGNMENT,2026-08-09T04:34:14+00:00,UNALLOCATED,,,,,
SLCMP1765-1310,1310,1310,583564637,2^583564637-1,STRUCTURAL_SCREEN_EXHAUSTED_PRIMALITY_UNASSIGNED,GF3A_DIRECTIONAL_WRITE_EXHAUSTED_PRIMALITY_UNASSIGNED,513,512,512,NO_RECORDED_FACTOR_PRP_OR_LL_RESULT_AND_NO_ACTIVE_GIMPS_ASSIGNMENT,2026-08-09T04:34:14+00:00,UNALLOCATED,,,,,
SLCMP1765-1311,1311,1311,583564669,2^583564669-1,STRUCTURAL_SCREEN_EXHAUSTED_PRIMALITY_UNASSIGNED,GF3A_DIRECTIONAL_WRITE_EXHAUSTED_PRIMALITY_UNASSIGNED,513,512,512,NO_RECORDED_FACTOR_PRP_OR_LL_RESULT_AND_NO_ACTIVE_GIMPS_ASSIGNMENT,2026-08-09T04:34:14+00:00,UNALLOCATED,,,,,
SLCMP1765-1312,1312,1312,583564757,2^583564757-1,STRUCTURAL_SCREEN_EXHAUSTED_PRIMALITY_UNASSIGNED,GF3A_DIRECTIONAL_WRITE_EXHAUSTED_PRIMALITY_UNASSIGNED,513,512,512,NO_RECORDED_FACTOR_PRP_OR_LL_RESULT_AND_NO_ACTIVE_GIMPS_ASSIGNMENT,2026-08-09T04:34:14+00:00,UNALLOCATED,,,,,
SLCMP1765-1313,1313,1313,583564819,2^583564819-1,STRUCTURAL_SCREEN_EXHAUSTED_PRIMALITY_UNASSIGNED,GF3A_DIRECTIONAL_WRITE_EXHAUSTED_PRIMALITY_UNASSIGNED,514,512,512,NO_RECORDED_FACTOR_PRP_OR_LL_RESULT_AND_NO_ACTIVE_GIMPS_ASSIGNMENT,2026-08-09T04:34:14+00:00,UNALLOCATED,,,,,
SLCMP1765-1314,1314,1314,583564837,2^583564837-1,STRUCTURAL_SCREEN_EXHAUSTED_PRIMALITY_UNASSIGNED,GF3A_DIRECTIONAL_WRITE_EXHAUSTED_PRIMALITY_UNASSIGNED,513,512,512,NO_RECORDED_FACTOR_PRP_OR_LL_RESULT_AND_NO_ACTIVE_GIMPS_ASSIGNMENT,2026-08-09T04:34:14+00:00,UNALLOCATED,,,,,
SLCMP1765-1315,1315,1315,583564867,2^583564867-1,STRUCTURAL_SCREEN_EXHAUSTED_PRIMALITY_UNASSIGNED,GF3A_DIRECTIONAL_WRITE_EXHAUSTED_PRIMALITY_UNASSIGNED,514,512,512,NO_RECORDED_FACTOR_PRP_OR_LL_RESULT_AND_NO_ACTIVE_GIMPS_ASSIGNMENT,2026-08-09T04:34:14+00:00,UNALLOCATED,,,,,
SLCMP1765-1316,1316,1316,583564897,2^583564897-1,STRUCTURAL_SCREEN_EXHAUSTED_PRIMALITY_UNASSIGNED,GF3A_DIRECTIONAL_WRITE_EXHAUSTED_PRIMALITY_UNASSIGNED,513,512,512,NO_RECORDED_FACTOR_PRP_OR_LL_RESULT_AND_NO_ACTIVE_GIMPS_ASSIGNMENT,2026-08-09T04:34:14+00:00,UNALLOCATED,,,,,
SLCMP1765-1317,1317,1317,583564981,2^583564981-1,STRUCTURAL_SCREEN_EXHAUSTED_PRIMALITY_UNASSIGNED,GF3A_DIRECTIONAL_WRITE_EXHAUSTED_PRIMALITY_UNASSIGNED,513,512,512,NO_RECORDED_FACTOR_PRP_OR_LL_RESULT_AND_NO_ACTIVE_GIMPS_ASSIGNMENT,2026-08-09T04:34:14+00:00,UNALLOCATED,,,,,
SLCMP1765-1318,1318,1318,583565093,2^583565093-1,STRUCTURAL_SCREEN_EXHAUSTED_PRIMALITY_UNASSIGNED,GF3A_DIRECTIONAL_WRITE_EXHAUSTED_PRIMALITY_UNASSIGNED,513,512,512,NO_RECORDED_FACTOR_PRP_OR_LL_RESULT_AND_NO_ACTIVE_GIMPS_ASSIGNMENT,2026-08-09T04:34:14+00:00,UNALLOCATED,,,,,
SLCMP1765-1319,1319,1319,583565119,2^583565119-1,STRUCTURAL_SCREEN_EXHAUSTED_PRIMALITY_UNASSIGNED,GF3A_DIRECTIONAL_WRITE_EXHAUSTED_PRIMALITY_UNASSIGNED,514,512,512,NO_RECORDED_FACTOR_PRP_OR_LL_RESULT_AND_NO_ACTIVE_GIMPS_ASSIGNMENT,2026-08-09T04:34:14+00:00,UNALLOCATED,,,,,
SLCMP1765-1320,1320,1320,583565123,2^583565123-1,STRUCTURAL_SCREEN_EXHAUSTED_PRIMALITY_UNASSIGNED,GF3A_DIRECTIONAL_WRITE_EXHAUSTED_PRIMALITY_UNASSIGNED,514,512,512,NO_RECORDED_FACTOR_PRP_OR_LL_RESULT_AND_NO_ACTIVE_GIMPS_ASSIGNMENT,2026-08-09T04:34:14+00:00,UNALLOCATED,,,,,
SLCMP1765-1321,1321,1321,583565141,2^583565141-1,STRUCTURAL_SCREEN_EXHAUSTED_PRIMALITY_UNASSIGNED,GF3A_DIRECTIONAL_WRITE_EXHAUSTED_PRIMALITY_UNASSIGNED,513,512,512,NO_RECORDED_FACTOR_PRP_OR_LL_RESULT_AND_NO_ACTIVE_GIMPS_ASSIGNMENT,2026-08-09T04:34:14+00:00,UNALLOCATED,,,,,
SLCMP1765-1322,1322,1322,583565189,2^583565189-1,STRUCTURAL_SCREEN_EXHAUSTED_PRIMALITY_UNASSIGNED,GF3A_DIRECTIONAL_WRITE_EXHAUSTED_PRIMALITY_UNASSIGNED,513,512,512,NO_RECORDED_FACTOR_PRP_OR_LL_RESULT_AND_NO_ACTIVE_GIMPS_ASSIGNMENT,2026-08-09T04:34:14+00:00,UNALLOCATED,,,,,
SLCMP1765-1323,1323,1323,583565209,2^583565209-1,STRUCTURAL_SCREEN_EXHAUSTED_PRIMALITY_UNASSIGNED,GF3A_DIRECTIONAL_WRITE_EXHAUSTED_PRIMALITY_UNASSIGNED,513,512,512,NO_RECORDED_FACTOR_PRP_OR_LL_RESULT_AND_NO_ACTIVE_GIMPS_ASSIGNMENT,2026-08-09T04:34:14+00:00,UNALLOCATED,,,,,
SLCMP1765-1324,1324,1324,583565251,2^583565251-1,STRUCTURAL_SCREEN_EXHAUSTED_PRIMALITY_UNASSIGNED,GF3A_DIRECTIONAL_WRITE_EXHAUSTED_PRIMALITY_UNASSIGNED,514,512,512,NO_RECORDED_FACTOR_PRP_OR_LL_RESULT_AND_NO_ACTIVE_GIMPS_ASSIGNMENT,2026-08-09T04:34:14+00:00,UNALLOCATED,,,,,
SLCMP1765-1325,1325,1325,583565363,2^583565363-1,STRUCTURAL_SCREEN_EXHAUSTED_PRIMALITY_UNASSIGNED,GF3A_DIRECTIONAL_WRITE_EXHAUSTED_PRIMALITY_UNASSIGNED,514,512,512,NO_RECORDED_FACTOR_PRP_OR_LL_RESULT_AND_NO_ACTIVE_GIMPS_ASSIGNMENT,2026-08-09T04:34:14+00:00,UNALLOCATED,,,,,
SLCMP1765-1326,1326,1326,583565557,2^583565557-1,STRUCTURAL_SCREEN_EXHAUSTED_PRIMALITY_UNASSIGNED,GF3A_DIRECTIONAL_WRITE_EXHAUSTED_PRIMALITY_UNASSIGNED,513,512,512,NO_RECORDED_FACTOR_PRP_OR_LL_RESULT_AND_NO_ACTIVE_GIMPS_ASSIGNMENT,2026-08-09T04:34:14+00:00,UNALLOCATED,,,,,
SLCMP1765-1327,1327,1327,583565737,2^583565737-1,STRUCTURAL_SCREEN_EXHAUSTED_PRIMALITY_UNASSIGNED,GF3A_DIRECTIONAL_WRITE_EXHAUSTED_PRIMALITY_UNASSIGNED,513,512,512,NO_RECORDED_FACTOR_PRP_OR_LL_RESULT_AND_NO_ACTIVE_GIMPS_ASSIGNMENT,2026-08-09T04:34:14+00:00,UNALLOCATED,,,,,
SLCMP1765-1328,1328,1328,583565743,2^583565743-1,STRUCTURAL_SCREEN_EXHAUSTED_PRIMALITY_UNASSIGNED,GF3A_DIRECTIONAL_WRITE_EXHAUSTED_PRIMALITY_UNASSIGNED,514,512,512,NO_RECORDED_FACTOR_PRP_OR_LL_RESULT_AND_NO_ACTIVE_GIMPS_ASSIGNMENT,2026-08-09T04:34:14+00:00,UNALLOCATED,,,,,
SLCMP1765-1329,1329,1329,583565777,2^583565777-1,STRUCTURAL_SCREEN_EXHAUSTED_PRIMALITY_UNASSIGNED,GF3A_DIRECTIONAL_WRITE_EXHAUSTED_PRIMALITY_UNASSIGNED,513,512,512,NO_RECORDED_FACTOR_PRP_OR_LL_RESULT_AND_NO_ACTIVE_GIMPS_ASSIGNMENT,2026-08-09T04:34:14+00:00,UNALLOCATED,,,,,
SLCMP1765-1330,1330,1330,583565789,2^583565789-1,STRUCTURAL_SCREEN_EXHAUSTED_PRIMALITY_UNASSIGNED,GF3A_DIRECTIONAL_WRITE_EXHAUSTED_PRIMALITY_UNASSIGNED,513,512,512,NO_RECORDED_FACTOR_PRP_OR_LL_RESULT_AND_NO_ACTIVE_GIMPS_ASSIGNMENT,2026-08-09T04:34:14+00:00,UNALLOCATED,,,,,
SLCMP1765-1331,1331,1331,583565803,2^583565803-1,STRUCTURAL_SCREEN_EXHAUSTED_PRIMALITY_UNASSIGNED,GF3A_DIRECTIONAL_WRITE_EXHAUSTED_PRIMALITY_UNASSIGNED,514,512,512,NO_RECORDED_FACTOR_PRP_OR_LL_RESULT_AND_NO_ACTIVE_GIMPS_ASSIGNMENT,2026-08-09T04:34:14+00:00,UNALLOCATED,,,,,
SLCMP1765-1332,1332,1332,583565819,2^583565819-1,STRUCTURAL_SCREEN_EXHAUSTED_PRIMALITY_UNASSIGNED,GF3A_DIRECTIONAL_WRITE_EXHAUSTED_PRIMALITY_UNASSIGNED,514,512,512,NO_RECORDED_FACTOR_PRP_OR_LL_RESULT_AND_NO_ACTIVE_GIMPS_ASSIGNMENT,2026-08-09T04:34:14+00:00,UNALLOCATED,,,,,
SLCMP1765-1333,1333,1333,583565861,2^583565861-1,STRUCTURAL_SCREEN_EXHAUSTED_PRIMALITY_UNASSIGNED,GF3A_DIRECTIONAL_WRITE_EXHAUSTED_PRIMALITY_UNASSIGNED,513,512,512,NO_RECORDED_FACTOR_PRP_OR_LL_RESULT_AND_NO_ACTIVE_GIMPS_ASSIGNMENT,2026-08-09T04:34:14+00:00,UNALLOCATED,,,,,
SLCMP1765-1334,1334,1334,583565863,2^583565863-1,STRUCTURAL_SCREEN_EXHAUSTED_PRIMALITY_UNASSIGNED,GF3A_DIRECTIONAL_WRITE_EXHAUSTED_PRIMALITY_UNASSIGNED,514,512,512,NO_RECORDED_FACTOR_PRP_OR_LL_RESULT_AND_NO_ACTIVE_GIMPS_ASSIGNMENT,2026-08-09T04:34:14+00:00,UNALLOCATED,,,,,
SLCMP1765-1335,1335,1335,583565891,2^583565891-1,STRUCTURAL_SCREEN_EXHAUSTED_PRIMALITY_UNASSIGNED,GF3A_DIRECTIONAL_WRITE_EXHAUSTED_PRIMALITY_UNASSIGNED,514,512,512,NO_RECORDED_FACTOR_PRP_OR_LL_RESULT_AND_NO_ACTIVE_GIMPS_ASSIGNMENT,2026-08-09T04:34:14+00:00,UNALLOCATED,,,,,
SLCMP1765-1336,1336,1336,583565893,2^583565893-1,STRUCTURAL_SCREEN_EXHAUSTED_PRIMALITY_UNASSIGNED,GF3A_DIRECTIONAL_WRITE_EXHAUSTED_PRIMALITY_UNASSIGNED,513,512,512,NO_RECORDED_FACTOR_PRP_OR_LL_RESULT_AND_NO_ACTIVE_GIMPS_ASSIGNMENT,2026-08-09T04:34:14+00:00,UNALLOCATED,,,,,
SLCMP1765-1337,1337,1337,583565951,2^583565951-1,STRUCTURAL_SCREEN_EXHAUSTED_PRIMALITY_UNASSIGNED,GF3A_DIRECTIONAL_WRITE_EXHAUSTED_PRIMALITY_UNASSIGNED,514,512,512,NO_RECORDED_FACTOR_PRP_OR_LL_RESULT_AND_NO_ACTIVE_GIMPS_ASSIGNMENT,2026-08-09T04:34:14+00:00,UNALLOCATED,,,,,
SLCMP1765-1338,1338,1338,583565989,2^583565989-1,STRUCTURAL_SCREEN_EXHAUSTED_PRIMALITY_UNASSIGNED,GF3A_DIRECTIONAL_WRITE_EXHAUSTED_PRIMALITY_UNASSIGNED,513,512,512,NO_RECORDED_FACTOR_PRP_OR_LL_RESULT_AND_NO_ACTIVE_GIMPS_ASSIGNMENT,2026-08-09T04:34:14+00:00,UNALLOCATED,,,,,
SLCMP1765-1339,1339,1339,583566073,2^583566073-1,STRUCTURAL_SCREEN_EXHAUSTED_PRIMALITY_UNASSIGNED,GF3A_DIRECTIONAL_WRITE_EXHAUSTED_PRIMALITY_UNASSIGNED,513,512,512,NO_RECORDED_FACTOR_PRP_OR_LL_RESULT_AND_NO_ACTIVE_GIMPS_ASSIGNMENT,2026-08-09T04:34:14+00:00,UNALLOCATED,,,,,
SLCMP1765-1340,1340,1340,583566223,2^583566223-1,STRUCTURAL_SCREEN_EXHAUSTED_PRIMALITY_UNASSIGNED,GF3A_DIRECTIONAL_WRITE_EXHAUSTED_PRIMALITY_UNASSIGNED,514,512,512,NO_RECORDED_FACTOR_PRP_OR_LL_RESULT_AND_NO_ACTIVE_GIMPS_ASSIGNMENT,2026-08-09T04:34:14+00:00,UNALLOCATED,,,,,
SLCMP1765-1341,1341,1341,583566329,2^583566329-1,STRUCTURAL_SCREEN_EXHAUSTED_PRIMALITY_UNASSIGNED,GF3A_DIRECTIONAL_WRITE_EXHAUSTED_PRIMALITY_UNASSIGNED,513,512,512,NO_RECORDED_FACTOR_PRP_OR_LL_RESULT_AND_NO_ACTIVE_GIMPS_ASSIGNMENT,2026-08-09T04:34:14+00:00,UNALLOCATED,,,,,
SLCMP1765-1342,1342,1342,583566367,2^583566367-1,STRUCTURAL_SCREEN_EXHAUSTED_PRIMALITY_UNASSIGNED,GF3A_DIRECTIONAL_WRITE_EXHAUSTED_PRIMALITY_UNASSIGNED,514,512,512,NO_RECORDED_FACTOR_PRP_OR_LL_RESULT_AND_NO_ACTIVE_GIMPS_ASSIGNMENT,2026-08-09T04:34:14+00:00,UNALLOCATED,,,,,
SLCMP1765-1343,1343,1343,583566721,2^583566721-1,STRUCTURAL_SCREEN_EXHAUSTED_PRIMALITY_UNASSIGNED,GF3A_DIRECTIONAL_WRITE_EXHAUSTED_PRIMALITY_UNASSIGNED,513,512,512,NO_RECORDED_FACTOR_PRP_OR_LL_RESULT_AND_NO_ACTIVE_GIMPS_ASSIGNMENT,2026-08-09T04:34:14+00:00,UNALLOCATED,,,,,
SLCMP1765-1344,1344,1344,583566829,2^583566829-1,STRUCTURAL_SCREEN_EXHAUSTED_PRIMALITY_UNASSIGNED,GF3A_DIRECTIONAL_WRITE_EXHAUSTED_PRIMALITY_UNASSIGNED,513,512,512,NO_RECORDED_FACTOR_PRP_OR_LL_RESULT_AND_NO_ACTIVE_GIMPS_ASSIGNMENT,2026-08-09T04:34:14+00:00,UNALLOCATED,,,,,
SLCMP1765-1345,1345,1345,583566853,2^583566853-1,STRUCTURAL_SCREEN_EXHAUSTED_PRIMALITY_UNASSIGNED,GF3A_DIRECTIONAL_WRITE_EXHAUSTED_PRIMALITY_UNASSIGNED,513,512,512,NO_RECORDED_FACTOR_PRP_OR_LL_RESULT_AND_NO_ACTIVE_GIMPS_ASSIGNMENT,2026-08-09T04:34:14+00:00,UNALLOCATED,,,,,
SLCMP1765-1346,1346,1346,583566911,2^583566911-1,STRUCTURAL_SCREEN_EXHAUSTED_PRIMALITY_UNASSIGNED,GF3A_DIRECTIONAL_WRITE_EXHAUSTED_PRIMALITY_UNASSIGNED,514,512,512,NO_RECORDED_FACTOR_PRP_OR_LL_RESULT_AND_NO_ACTIVE_GIMPS_ASSIGNMENT,2026-08-09T04:34:14+00:00,UNALLOCATED,,,,,
SLCMP1765-1347,1347,1347,583566947,2^583566947-1,STRUCTURAL_SCREEN_EXHAUSTED_PRIMALITY_UNASSIGNED,GF3A_DIRECTIONAL_WRITE_EXHAUSTED_PRIMALITY_UNASSIGNED,514,512,512,NO_RECORDED_FACTOR_PRP_OR_LL_RESULT_AND_NO_ACTIVE_GIMPS_ASSIGNMENT,2026-08-09T04:34:14+00:00,UNALLOCATED,,,,,
SLCMP1765-1348,1348,1348,583566967,2^583566967-1,STRUCTURAL_SCREEN_EXHAUSTED_PRIMALITY_UNASSIGNED,GF3A_DIRECTIONAL_WRITE_EXHAUSTED_PRIMALITY_UNASSIGNED,514,512,512,NO_RECORDED_FACTOR_PRP_OR_LL_RESULT_AND_NO_ACTIVE_GIMPS_ASSIGNMENT,2026-08-09T04:34:14+00:00,UNALLOCATED,,,,,
SLCMP1765-1349,1349,1349,583567043,2^583567043-1,STRUCTURAL_SCREEN_EXHAUSTED_PRIMALITY_UNASSIGNED,GF3A_DIRECTIONAL_WRITE_EXHAUSTED_PRIMALITY_UNASSIGNED,514,512,512,NO_RECORDED_FACTOR_PRP_OR_LL_RESULT_AND_NO_ACTIVE_GIMPS_ASSIGNMENT,2026-08-09T04:34:14+00:00,UNALLOCATED,,,,,
SLCMP1765-1350,1350,1350,583567051,2^583567051-1,STRUCTURAL_SCREEN_EXHAUSTED_PRIMALITY_UNASSIGNED,GF3A_DIRECTIONAL_WRITE_EXHAUSTED_PRIMALITY_UNASSIGNED,514,512,512,NO_RECORDED_FACTOR_PRP_OR_LL_RESULT_AND_NO_ACTIVE_GIMPS_ASSIGNMENT,2026-08-09T04:34:14+00:00,UNALLOCATED,,,,,
SLCMP1765-1351,1351,1351,583567151,2^583567151-1,STRUCTURAL_SCREEN_EXHAUSTED_PRIMALITY_UNASSIGNED,GF3A_DIRECTIONAL_WRITE_EXHAUSTED_PRIMALITY_UNASSIGNED,514,512,512,NO_RECORDED_FACTOR_PRP_OR_LL_RESULT_AND_NO_ACTIVE_GIMPS_ASSIGNMENT,2026-08-09T04:34:14+00:00,UNALLOCATED,,,,,
SLCMP1765-1352,1352,1352,583567169,2^583567169-1,STRUCTURAL_SCREEN_EXHAUSTED_PRIMALITY_UNASSIGNED,GF3A_DIRECTIONAL_WRITE_EXHAUSTED_PRIMALITY_UNASSIGNED,513,512,512,NO_RECORDED_FACTOR_PRP_OR_LL_RESULT_AND_NO_ACTIVE_GIMPS_ASSIGNMENT,2026-08-09T04:34:14+00:00,UNALLOCATED,,,,,
SLCMP1765-1353,1353,1353,583567223,2^583567223-1,STRUCTURAL_SCREEN_EXHAUSTED_PRIMALITY_UNASSIGNED,GF3A_DIRECTIONAL_WRITE_EXHAUSTED_PRIMALITY_UNASSIGNED,514,512,512,NO_RECORDED_FACTOR_PRP_OR_LL_RESULT_AND_NO_ACTIVE_GIMPS_ASSIGNMENT,2026-08-09T04:34:14+00:00,UNALLOCATED,,,,,
SLCMP1765-1354,1354,1354,583567337,2^583567337-1,STRUCTURAL_SCREEN_EXHAUSTED_PRIMALITY_UNASSIGNED,GF3A_DIRECTIONAL_WRITE_EXHAUSTED_PRIMALITY_UNASSIGNED,513,512,512,NO_RECORDED_FACTOR_PRP_OR_LL_RESULT_AND_NO_ACTIVE_GIMPS_ASSIGNMENT,2026-08-09T04:34:14+00:00,UNALLOCATED,,,,,
SLCMP1765-1355,1355,1355,583567357,2^583567357-1,STRUCTURAL_SCREEN_EXHAUSTED_PRIMALITY_UNASSIGNED,GF3A_DIRECTIONAL_WRITE_EXHAUSTED_PRIMALITY_UNASSIGNED,513,512,512,NO_RECORDED_FACTOR_PRP_OR_LL_RESULT_AND_NO_ACTIVE_GIMPS_ASSIGNMENT,2026-08-09T04:34:14+00:00,UNALLOCATED,,,,,
SLCMP1765-1356,1356,1356,583567451,2^583567451-1,STRUCTURAL_SCREEN_EXHAUSTED_PRIMALITY_UNASSIGNED,GF3A_DIRECTIONAL_WRITE_EXHAUSTED_PRIMALITY_UNASSIGNED,514,512,512,NO_RECORDED_FACTOR_PRP_OR_LL_RESULT_AND_NO_ACTIVE_GIMPS_ASSIGNMENT,2026-08-09T04:34:14+00:00,UNALLOCATED,,,,,
SLCMP1765-1357,1357,1357,583567489,2^583567489-1,STRUCTURAL_SCREEN_EXHAUSTED_PRIMALITY_UNASSIGNED,GF3A_DIRECTIONAL_WRITE_EXHAUSTED_PRIMALITY_UNASSIGNED,513,512,512,NO_RECORDED_FACTOR_PRP_OR_LL_RESULT_AND_NO_ACTIVE_GIMPS_ASSIGNMENT,2026-08-09T04:34:14+00:00,UNALLOCATED,,,,,
SLCMP1765-1358,1358,1358,583567499,2^583567499-1,STRUCTURAL_SCREEN_EXHAUSTED_PRIMALITY_UNASSIGNED,GF3A_DIRECTIONAL_WRITE_EXHAUSTED_PRIMALITY_UNASSIGNED,514,512,512,NO_RECORDED_FACTOR_PRP_OR_LL_RESULT_AND_NO_ACTIVE_GIMPS_ASSIGNMENT,2026-08-09T04:34:14+00:00,UNALLOCATED,,,,,
SLCMP1765-1359,1359,1359,583567507,2^583567507-1,STRUCTURAL_SCREEN_EXHAUSTED_PRIMALITY_UNASSIGNED,GF3A_DIRECTIONAL_WRITE_EXHAUSTED_PRIMALITY_UNASSIGNED,514,512,512,NO_RECORDED_FACTOR_PRP_OR_LL_RESULT_AND_NO_ACTIVE_GIMPS_ASSIGNMENT,2026-08-09T04:34:14+00:00,UNALLOCATED,,,,,
SLCMP1765-1360,1360,1360,583567511,2^583567511-1,STRUCTURAL_SCREEN_EXHAUSTED_PRIMALITY_UNASSIGNED,GF3A_DIRECTIONAL_WRITE_EXHAUSTED_PRIMALITY_UNASSIGNED,514,512,512,NO_RECORDED_FACTOR_PRP_OR_LL_RESULT_AND_NO_ACTIVE_GIMPS_ASSIGNMENT,2026-08-09T04:34:14+00:00,UNALLOCATED,,,,,
SLCMP1765-1361,1361,1361,583567601,2^583567601-1,STRUCTURAL_SCREEN_EXHAUSTED_PRIMALITY_UNASSIGNED,GF3A_DIRECTIONAL_WRITE_EXHAUSTED_PRIMALITY_UNASSIGNED,513,512,512,NO_RECORDED_FACTOR_PRP_OR_LL_RESULT_AND_NO_ACTIVE_GIMPS_ASSIGNMENT,2026-08-09T04:34:14+00:00,UNALLOCATED,,,,,
SLCMP1765-1362,1362,1362,583567669,2^583567669-1,STRUCTURAL_SCREEN_EXHAUSTED_PRIMALITY_UNASSIGNED,GF3A_DIRECTIONAL_WRITE_EXHAUSTED_PRIMALITY_UNASSIGNED,513,512,512,NO_RECORDED_FACTOR_PRP_OR_LL_RESULT_AND_NO_ACTIVE_GIMPS_ASSIGNMENT,2026-08-09T04:34:14+00:00,UNALLOCATED,,,,,
SLCMP1765-1363,1363,1363,583567693,2^583567693-1,STRUCTURAL_SCREEN_EXHAUSTED_PRIMALITY_UNASSIGNED,GF3A_DIRECTIONAL_WRITE_EXHAUSTED_PRIMALITY_UNASSIGNED,513,512,512,NO_RECORDED_FACTOR_PRP_OR_LL_RESULT_AND_NO_ACTIVE_GIMPS_ASSIGNMENT,2026-08-09T04:34:14+00:00,UNALLOCATED,,,,,
SLCMP1765-1364,1364,1364,583567709,2^583567709-1,STRUCTURAL_SCREEN_EXHAUSTED_PRIMALITY_UNASSIGNED,GF3A_DIRECTIONAL_WRITE_EXHAUSTED_PRIMALITY_UNASSIGNED,513,512,512,NO_RECORDED_FACTOR_PRP_OR_LL_RESULT_AND_NO_ACTIVE_GIMPS_ASSIGNMENT,2026-08-09T04:34:14+00:00,UNALLOCATED,,,,,
SLCMP1765-1365,1365,1365,583567723,2^583567723-1,STRUCTURAL_SCREEN_EXHAUSTED_PRIMALITY_UNASSIGNED,GF3A_DIRECTIONAL_WRITE_EXHAUSTED_PRIMALITY_UNASSIGNED,514,512,512,NO_RECORDED_FACTOR_PRP_OR_LL_RESULT_AND_NO_ACTIVE_GIMPS_ASSIGNMENT,2026-08-09T04:34:14+00:00,UNALLOCATED,,,,,
SLCMP1765-1366,1366,1366,583567813,2^583567813-1,STRUCTURAL_SCREEN_EXHAUSTED_PRIMALITY_UNASSIGNED,GF3A_DIRECTIONAL_WRITE_EXHAUSTED_PRIMALITY_UNASSIGNED,513,512,512,NO_RECORDED_FACTOR_PRP_OR_LL_RESULT_AND_NO_ACTIVE_GIMPS_ASSIGNMENT,2026-08-09T04:34:14+00:00,UNALLOCATED,,,,,
SLCMP1765-1367,1367,1367,583567849,2^583567849-1,STRUCTURAL_SCREEN_EXHAUSTED_PRIMALITY_UNASSIGNED,GF3A_DIRECTIONAL_WRITE_EXHAUSTED_PRIMALITY_UNASSIGNED,513,512,512,NO_RECORDED_FACTOR_PRP_OR_LL_RESULT_AND_NO_ACTIVE_GIMPS_ASSIGNMENT,2026-08-09T04:34:14+00:00,UNALLOCATED,,,,,
SLCMP1765-1368,1368,1368,583567889,2^583567889-1,STRUCTURAL_SCREEN_EXHAUSTED_PRIMALITY_UNASSIGNED,GF3A_DIRECTIONAL_WRITE_EXHAUSTED_PRIMALITY_UNASSIGNED,513,512,512,NO_RECORDED_FACTOR_PRP_OR_LL_RESULT_AND_NO_ACTIVE_GIMPS_ASSIGNMENT,2026-08-09T04:34:14+00:00,UNALLOCATED,,,,,
SLCMP1765-1369,1369,1369,583567949,2^583567949-1,STRUCTURAL_SCREEN_EXHAUSTED_PRIMALITY_UNASSIGNED,GF3A_DIRECTIONAL_WRITE_EXHAUSTED_PRIMALITY_UNASSIGNED,513,512,512,NO_RECORDED_FACTOR_PRP_OR_LL_RESULT_AND_NO_ACTIVE_GIMPS_ASSIGNMENT,2026-08-09T04:34:14+00:00,UNALLOCATED,,,,,
SLCMP1765-1370,1370,1370,583567961,2^583567961-1,STRUCTURAL_SCREEN_EXHAUSTED_PRIMALITY_UNASSIGNED,GF3A_DIRECTIONAL_WRITE_EXHAUSTED_PRIMALITY_UNASSIGNED,513,512,512,NO_RECORDED_FACTOR_PRP_OR_LL_RESULT_AND_NO_ACTIVE_GIMPS_ASSIGNMENT,2026-08-09T04:34:14+00:00,UNALLOCATED,,,,,
SLCMP1765-1371,1371,1371,583567967,2^583567967-1,STRUCTURAL_SCREEN_EXHAUSTED_PRIMALITY_UNASSIGNED,GF3A_DIRECTIONAL_WRITE_EXHAUSTED_PRIMALITY_UNASSIGNED,514,512,512,NO_RECORDED_FACTOR_PRP_OR_LL_RESULT_AND_NO_ACTIVE_GIMPS_ASSIGNMENT,2026-08-09T04:34:14+00:00,UNALLOCATED,,,,,
SLCMP1765-1372,1372,1372,583567969,2^583567969-1,STRUCTURAL_SCREEN_EXHAUSTED_PRIMALITY_UNASSIGNED,GF3A_DIRECTIONAL_WRITE_EXHAUSTED_PRIMALITY_UNASSIGNED,513,512,512,NO_RECORDED_FACTOR_PRP_OR_LL_RESULT_AND_NO_ACTIVE_GIMPS_ASSIGNMENT,2026-08-09T04:34:14+00:00,UNALLOCATED,,,,,
SLCMP1765-1373,1373,1373,583567981,2^583567981-1,STRUCTURAL_SCREEN_EXHAUSTED_PRIMALITY_UNASSIGNED,GF3A_DIRECTIONAL_WRITE_EXHAUSTED_PRIMALITY_UNASSIGNED,513,512,512,NO_RECORDED_FACTOR_PRP_OR_LL_RESULT_AND_NO_ACTIVE_GIMPS_ASSIGNMENT,2026-08-09T04:34:14+00:00,UNALLOCATED,,,,,
SLCMP1765-1374,1374,1374,583567987,2^583567987-1,STRUCTURAL_SCREEN_EXHAUSTED_PRIMALITY_UNASSIGNED,GF3A_DIRECTIONAL_WRITE_EXHAUSTED_PRIMALITY_UNASSIGNED,514,512,512,NO_RECORDED_FACTOR_PRP_OR_LL_RESULT_AND_NO_ACTIVE_GIMPS_ASSIGNMENT,2026-08-09T04:34:14+00:00,UNALLOCATED,,,,,
SLCMP1765-1375,1375,1375,583568171,2^583568171-1,STRUCTURAL_SCREEN_EXHAUSTED_PRIMALITY_UNASSIGNED,GF3A_DIRECTIONAL_WRITE_EXHAUSTED_PRIMALITY_UNASSIGNED,514,512,512,NO_RECORDED_FACTOR_PRP_OR_LL_RESULT_AND_NO_ACTIVE_GIMPS_ASSIGNMENT,2026-08-09T04:34:14+00:00,UNALLOCATED,,,,,
SLCMP1765-1376,1376,1376,583568243,2^583568243-1,STRUCTURAL_SCREEN_EXHAUSTED_PRIMALITY_UNASSIGNED,GF3A_DIRECTIONAL_WRITE_EXHAUSTED_PRIMALITY_UNASSIGNED,514,512,512,NO_RECORDED_FACTOR_PRP_OR_LL_RESULT_AND_NO_ACTIVE_GIMPS_ASSIGNMENT,2026-08-09T04:34:14+00:00,UNALLOCATED,,,,,
SLCMP1765-1377,1377,1377,583568327,2^583568327-1,STRUCTURAL_SCREEN_EXHAUSTED_PRIMALITY_UNASSIGNED,GF3A_DIRECTIONAL_WRITE_EXHAUSTED_PRIMALITY_UNASSIGNED,514,512,512,NO_RECORDED_FACTOR_PRP_OR_LL_RESULT_AND_NO_ACTIVE_GIMPS_ASSIGNMENT,2026-08-09T04:34:14+00:00,UNALLOCATED,,,,,
SLCMP1765-1378,1378,1378,583568353,2^583568353-1,STRUCTURAL_SCREEN_EXHAUSTED_PRIMALITY_UNASSIGNED,GF3A_DIRECTIONAL_WRITE_EXHAUSTED_PRIMALITY_UNASSIGNED,513,512,512,NO_RECORDED_FACTOR_PRP_OR_LL_RESULT_AND_NO_ACTIVE_GIMPS_ASSIGNMENT,2026-08-09T04:34:14+00:00,UNALLOCATED,,,,,
SLCMP1765-1379,1379,1379,583568387,2^583568387-1,STRUCTURAL_SCREEN_EXHAUSTED_PRIMALITY_UNASSIGNED,GF3A_DIRECTIONAL_WRITE_EXHAUSTED_PRIMALITY_UNASSIGNED,514,512,512,NO_RECORDED_FACTOR_PRP_OR_LL_RESULT_AND_NO_ACTIVE_GIMPS_ASSIGNMENT,2026-08-09T04:34:14+00:00,UNALLOCATED,,,,,
SLCMP1765-1380,1380,1380,583568431,2^583568431-1,STRUCTURAL_SCREEN_EXHAUSTED_PRIMALITY_UNASSIGNED,GF3A_DIRECTIONAL_WRITE_EXHAUSTED_PRIMALITY_UNASSIGNED,514,512,512,NO_RECORDED_FACTOR_PRP_OR_LL_RESULT_AND_NO_ACTIVE_GIMPS_ASSIGNMENT,2026-08-09T04:34:14+00:00,UNALLOCATED,,,,,
SLCMP1765-1381,1381,1381,583568449,2^583568449-1,STRUCTURAL_SCREEN_EXHAUSTED_PRIMALITY_UNASSIGNED,GF3A_DIRECTIONAL_WRITE_EXHAUSTED_PRIMALITY_UNASSIGNED,513,512,512,NO_RECORDED_FACTOR_PRP_OR_LL_RESULT_AND_NO_ACTIVE_GIMPS_ASSIGNMENT,2026-08-09T04:34:14+00:00,UNALLOCATED,,,,,
SLCMP1765-1382,1382,1382,583568633,2^583568633-1,STRUCTURAL_SCREEN_EXHAUSTED_PRIMALITY_UNASSIGNED,GF3A_DIRECTIONAL_WRITE_EXHAUSTED_PRIMALITY_UNASSIGNED,513,512,512,NO_RECORDED_FACTOR_PRP_OR_LL_RESULT_AND_NO_ACTIVE_GIMPS_ASSIGNMENT,2026-08-09T04:34:14+00:00,UNALLOCATED,,,,,
SLCMP1765-1383,1383,1383,583568677,2^583568677-1,STRUCTURAL_SCREEN_EXHAUSTED_PRIMALITY_UNASSIGNED,GF3A_DIRECTIONAL_WRITE_EXHAUSTED_PRIMALITY_UNASSIGNED,513,512,512,NO_RECORDED_FACTOR_PRP_OR_LL_RESULT_AND_NO_ACTIVE_GIMPS_ASSIGNMENT,2026-08-09T04:34:14+00:00,UNALLOCATED,,,,,
SLCMP1765-1384,1384,1384,583568891,2^583568891-1,STRUCTURAL_SCREEN_EXHAUSTED_PRIMALITY_UNASSIGNED,GF3A_DIRECTIONAL_WRITE_EXHAUSTED_PRIMALITY_UNASSIGNED,514,512,512,NO_RECORDED_FACTOR_PRP_OR_LL_RESULT_AND_NO_ACTIVE_GIMPS_ASSIGNMENT,2026-08-09T04:34:14+00:00,UNALLOCATED,,,,,
SLCMP1765-1385,1385,1385,583568917,2^583568917-1,STRUCTURAL_SCREEN_EXHAUSTED_PRIMALITY_UNASSIGNED,GF3A_DIRECTIONAL_WRITE_EXHAUSTED_PRIMALITY_UNASSIGNED,513,512,512,NO_RECORDED_FACTOR_PRP_OR_LL_RESULT_AND_NO_ACTIVE_GIMPS_ASSIGNMENT,2026-08-09T04:34:14+00:00,UNALLOCATED,,,,,
SLCMP1765-1386,1386,1386,583568957,2^583568957-1,STRUCTURAL_SCREEN_EXHAUSTED_PRIMALITY_UNASSIGNED,GF3A_DIRECTIONAL_WRITE_EXHAUSTED_PRIMALITY_UNASSIGNED,513,512,512,NO_RECORDED_FACTOR_PRP_OR_LL_RESULT_AND_NO_ACTIVE_GIMPS_ASSIGNMENT,2026-08-09T04:34:14+00:00,UNALLOCATED,,,,,
SLCMP1765-1387,1387,1387,583569109,2^583569109-1,STRUCTURAL_SCREEN_EXHAUSTED_PRIMALITY_UNASSIGNED,GF3A_DIRECTIONAL_WRITE_EXHAUSTED_PRIMALITY_UNASSIGNED,513,512,512,NO_RECORDED_FACTOR_PRP_OR_LL_RESULT_AND_NO_ACTIVE_GIMPS_ASSIGNMENT,2026-08-09T04:34:14+00:00,UNALLOCATED,,,,,
SLCMP1765-1388,1388,1388,583569139,2^583569139-1,STRUCTURAL_SCREEN_EXHAUSTED_PRIMALITY_UNASSIGNED,GF3A_DIRECTIONAL_WRITE_EXHAUSTED_PRIMALITY_UNASSIGNED,514,512,512,NO_RECORDED_FACTOR_PRP_OR_LL_RESULT_AND_NO_ACTIVE_GIMPS_ASSIGNMENT,2026-08-09T04:34:14+00:00,UNALLOCATED,,,,,
SLCMP1765-1389,1389,1389,583569187,2^583569187-1,STRUCTURAL_SCREEN_EXHAUSTED_PRIMALITY_UNASSIGNED,GF3A_DIRECTIONAL_WRITE_EXHAUSTED_PRIMALITY_UNASSIGNED,514,512,512,NO_RECORDED_FACTOR_PRP_OR_LL_RESULT_AND_NO_ACTIVE_GIMPS_ASSIGNMENT,2026-08-09T04:34:14+00:00,UNALLOCATED,,,,,
SLCMP1765-1390,1390,1390,583569253,2^583569253-1,STRUCTURAL_SCREEN_EXHAUSTED_PRIMALITY_UNASSIGNED,GF3A_DIRECTIONAL_WRITE_EXHAUSTED_PRIMALITY_UNASSIGNED,513,512,512,NO_RECORDED_FACTOR_PRP_OR_LL_RESULT_AND_NO_ACTIVE_GIMPS_ASSIGNMENT,2026-08-09T04:34:14+00:00,UNALLOCATED,,,,,
SLCMP1765-1391,1391,1391,583569563,2^583569563-1,STRUCTURAL_SCREEN_EXHAUSTED_PRIMALITY_UNASSIGNED,GF3A_DIRECTIONAL_WRITE_EXHAUSTED_PRIMALITY_UNASSIGNED,514,512,512,NO_RECORDED_FACTOR_PRP_OR_LL_RESULT_AND_NO_ACTIVE_GIMPS_ASSIGNMENT,2026-08-09T04:34:14+00:00,UNALLOCATED,,,,,
SLCMP1765-1392,1392,1392,583569773,2^583569773-1,STRUCTURAL_SCREEN_EXHAUSTED_PRIMALITY_UNASSIGNED,GF3A_DIRECTIONAL_WRITE_EXHAUSTED_PRIMALITY_UNASSIGNED,513,512,512,NO_RECORDED_FACTOR_PRP_OR_LL_RESULT_AND_NO_ACTIVE_GIMPS_ASSIGNMENT,2026-08-09T04:34:14+00:00,UNALLOCATED,,,,,
SLCMP1765-1393,1393,1393,583569793,2^583569793-1,STRUCTURAL_SCREEN_EXHAUSTED_PRIMALITY_UNASSIGNED,GF3A_DIRECTIONAL_WRITE_EXHAUSTED_PRIMALITY_UNASSIGNED,513,512,512,NO_RECORDED_FACTOR_PRP_OR_LL_RESULT_AND_NO_ACTIVE_GIMPS_ASSIGNMENT,2026-08-09T04:34:14+00:00,UNALLOCATED,,,,,
SLCMP1765-1394,1394,1394,583569901,2^583569901-1,STRUCTURAL_SCREEN_EXHAUSTED_PRIMALITY_UNASSIGNED,GF3A_DIRECTIONAL_WRITE_EXHAUSTED_PRIMALITY_UNASSIGNED,513,512,512,NO_RECORDED_FACTOR_PRP_OR_LL_RESULT_AND_NO_ACTIVE_GIMPS_ASSIGNMENT,2026-08-09T04:34:14+00:00,UNALLOCATED,,,,,
SLCMP1765-1395,1395,1395,583569923,2^583569923-1,STRUCTURAL_SCREEN_EXHAUSTED_PRIMALITY_UNASSIGNED,GF3A_DIRECTIONAL_WRITE_EXHAUSTED_PRIMALITY_UNASSIGNED,514,512,512,NO_RECORDED_FACTOR_PRP_OR_LL_RESULT_AND_NO_ACTIVE_GIMPS_ASSIGNMENT,2026-08-09T04:34:14+00:00,UNALLOCATED,,,,,
SLCMP1765-1396,1396,1396,583569949,2^583569949-1,STRUCTURAL_SCREEN_EXHAUSTED_PRIMALITY_UNASSIGNED,GF3A_DIRECTIONAL_WRITE_EXHAUSTED_PRIMALITY_UNASSIGNED,513,512,512,NO_RECORDED_FACTOR_PRP_OR_LL_RESULT_AND_NO_ACTIVE_GIMPS_ASSIGNMENT,2026-08-09T04:34:14+00:00,UNALLOCATED,,,,,
SLCMP1765-1397,1397,1397,583569983,2^583569983-1,STRUCTURAL_SCREEN_EXHAUSTED_PRIMALITY_UNASSIGNED,GF3A_DIRECTIONAL_WRITE_EXHAUSTED_PRIMALITY_UNASSIGNED,514,512,512,NO_RECORDED_FACTOR_PRP_OR_LL_RESULT_AND_NO_ACTIVE_GIMPS_ASSIGNMENT,2026-08-09T04:34:14+00:00,UNALLOCATED,,,,,
SLCMP1765-1398,1398,1398,583569989,2^583569989-1,STRUCTURAL_SCREEN_EXHAUSTED_PRIMALITY_UNASSIGNED,GF3A_DIRECTIONAL_WRITE_EXHAUSTED_PRIMALITY_UNASSIGNED,513,512,512,NO_RECORDED_FACTOR_PRP_OR_LL_RESULT_AND_NO_ACTIVE_GIMPS_ASSIGNMENT,2026-08-09T04:34:14+00:00,UNALLOCATED,,,,,
SLCMP1765-1399,1399,1399,583569991,2^583569991-1,STRUCTURAL_SCREEN_EXHAUSTED_PRIMALITY_UNASSIGNED,GF3A_DIRECTIONAL_WRITE_EXHAUSTED_PRIMALITY_UNASSIGNED,514,512,512,NO_RECORDED_FACTOR_PRP_OR_LL_RESULT_AND_NO_ACTIVE_GIMPS_ASSIGNMENT,2026-08-09T04:34:14+00:00,UNALLOCATED,,,,,
SLCMP1765-1400,1400,1400,583569997,2^583569997-1,STRUCTURAL_SCREEN_EXHAUSTED_PRIMALITY_UNASSIGNED,GF3A_DIRECTIONAL_WRITE_EXHAUSTED_PRIMALITY_UNASSIGNED,513,512,512,NO_RECORDED_FACTOR_PRP_OR_LL_RESULT_AND_NO_ACTIVE_GIMPS_ASSIGNMENT,2026-08-09T04:34:14+00:00,UNALLOCATED,,,,,
SLCMP1765-1401,1401,1401,583570051,2^583570051-1,STRUCTURAL_SCREEN_EXHAUSTED_PRIMALITY_UNASSIGNED,GF3A_DIRECTIONAL_WRITE_EXHAUSTED_PRIMALITY_UNASSIGNED,514,512,512,NO_RECORDED_FACTOR_PRP_OR_LL_RESULT_AND_NO_ACTIVE_GIMPS_ASSIGNMENT,2026-08-09T04:34:14+00:00,UNALLOCATED,,,,,
SLCMP1765-1402,1402,1402,583570073,2^583570073-1,STRUCTURAL_SCREEN_EXHAUSTED_PRIMALITY_UNASSIGNED,GF3A_DIRECTIONAL_WRITE_EXHAUSTED_PRIMALITY_UNASSIGNED,513,512,512,NO_RECORDED_FACTOR_PRP_OR_LL_RESULT_AND_NO_ACTIVE_GIMPS_ASSIGNMENT,2026-08-09T04:34:14+00:00,UNALLOCATED,,,,,
SLCMP1765-1403,1403,1403,583570147,2^583570147-1,STRUCTURAL_SCREEN_EXHAUSTED_PRIMALITY_UNASSIGNED,GF3A_DIRECTIONAL_WRITE_EXHAUSTED_PRIMALITY_UNASSIGNED,514,512,512,NO_RECORDED_FACTOR_PRP_OR_LL_RESULT_AND_NO_ACTIVE_GIMPS_ASSIGNMENT,2026-08-09T04:34:14+00:00,UNALLOCATED,,,,,
SLCMP1765-1404,1404,1404,583570193,2^583570193-1,STRUCTURAL_SCREEN_EXHAUSTED_PRIMALITY_UNASSIGNED,GF3A_DIRECTIONAL_WRITE_EXHAUSTED_PRIMALITY_UNASSIGNED,513,512,512,NO_RECORDED_FACTOR_PRP_OR_LL_RESULT_AND_NO_ACTIVE_GIMPS_ASSIGNMENT,2026-08-09T04:34:14+00:00,UNALLOCATED,,,,,
SLCMP1765-1405,1405,1405,583570291,2^583570291-1,STRUCTURAL_SCREEN_EXHAUSTED_PRIMALITY_UNASSIGNED,GF3A_DIRECTIONAL_WRITE_EXHAUSTED_PRIMALITY_UNASSIGNED,514,512,512,NO_RECORDED_FACTOR_PRP_OR_LL_RESULT_AND_NO_ACTIVE_GIMPS_ASSIGNMENT,2026-08-09T04:34:14+00:00,UNALLOCATED,,,,,
SLCMP1765-1406,1406,1406,583570303,2^583570303-1,STRUCTURAL_SCREEN_EXHAUSTED_PRIMALITY_UNASSIGNED,GF3A_DIRECTIONAL_WRITE_EXHAUSTED_PRIMALITY_UNASSIGNED,514,512,512,NO_RECORDED_FACTOR_PRP_OR_LL_RESULT_AND_NO_ACTIVE_GIMPS_ASSIGNMENT,2026-08-09T04:34:14+00:00,UNALLOCATED,,,,,
SLCMP1765-1407,1407,1407,583570447,2^583570447-1,STRUCTURAL_SCREEN_EXHAUSTED_PRIMALITY_UNASSIGNED,GF3A_DIRECTIONAL_WRITE_EXHAUSTED_PRIMALITY_UNASSIGNED,514,512,512,NO_RECORDED_FACTOR_PRP_OR_LL_RESULT_AND_NO_ACTIVE_GIMPS_ASSIGNMENT,2026-08-09T04:34:14+00:00,UNALLOCATED,,,,,
SLCMP1765-1408,1408,1408,583570457,2^583570457-1,STRUCTURAL_SCREEN_EXHAUSTED_PRIMALITY_UNASSIGNED,GF3A_DIRECTIONAL_WRITE_EXHAUSTED_PRIMALITY_UNASSIGNED,513,512,512,NO_RECORDED_FACTOR_PRP_OR_LL_RESULT_AND_NO_ACTIVE_GIMPS_ASSIGNMENT,2026-08-09T04:34:14+00:00,UNALLOCATED,,,,,
SLCMP1765-1409,1409,1409,583570657,2^583570657-1,STRUCTURAL_SCREEN_EXHAUSTED_PRIMALITY_UNASSIGNED,GF3A_DIRECTIONAL_WRITE_EXHAUSTED_PRIMALITY_UNASSIGNED,513,512,512,NO_RECORDED_FACTOR_PRP_OR_LL_RESULT_AND_NO_ACTIVE_GIMPS_ASSIGNMENT,2026-08-09T04:34:14+00:00,UNALLOCATED,,,,,
SLCMP1765-1410,1410,1410,583570667,2^583570667-1,STRUCTURAL_SCREEN_EXHAUSTED_PRIMALITY_UNASSIGNED,GF3A_DIRECTIONAL_WRITE_EXHAUSTED_PRIMALITY_UNASSIGNED,514,512,512,NO_RECORDED_FACTOR_PRP_OR_LL_RESULT_AND_NO_ACTIVE_GIMPS_ASSIGNMENT,2026-08-09T04:34:14+00:00,UNALLOCATED,,,,,
SLCMP1765-1411,1411,1411,583570703,2^583570703-1,STRUCTURAL_SCREEN_EXHAUSTED_PRIMALITY_UNASSIGNED,GF3A_DIRECTIONAL_WRITE_EXHAUSTED_PRIMALITY_UNASSIGNED,514,512,512,NO_RECORDED_FACTOR_PRP_OR_LL_RESULT_AND_NO_ACTIVE_GIMPS_ASSIGNMENT,2026-08-09T04:34:14+00:00,UNALLOCATED,,,,,
SLCMP1765-1412,1412,1412,583570837,2^583570837-1,STRUCTURAL_SCREEN_EXHAUSTED_PRIMALITY_UNASSIGNED,GF3A_DIRECTIONAL_WRITE_EXHAUSTED_PRIMALITY_UNASSIGNED,513,512,512,NO_RECORDED_FACTOR_PRP_OR_LL_RESULT_AND_NO_ACTIVE_GIMPS_ASSIGNMENT,2026-08-09T04:34:14+00:00,UNALLOCATED,,,,,
SLCMP1765-1413,1413,1413,583570853,2^583570853-1,STRUCTURAL_SCREEN_EXHAUSTED_PRIMALITY_UNASSIGNED,GF3A_DIRECTIONAL_WRITE_EXHAUSTED_PRIMALITY_UNASSIGNED,513,512,512,NO_RECORDED_FACTOR_PRP_OR_LL_RESULT_AND_NO_ACTIVE_GIMPS_ASSIGNMENT,2026-08-09T04:34:14+00:00,UNALLOCATED,,,,,
SLCMP1765-1414,1414,1414,583570873,2^583570873-1,STRUCTURAL_SCREEN_EXHAUSTED_PRIMALITY_UNASSIGNED,GF3A_DIRECTIONAL_WRITE_EXHAUSTED_PRIMALITY_UNASSIGNED,513,512,512,NO_RECORDED_FACTOR_PRP_OR_LL_RESULT_AND_NO_ACTIVE_GIMPS_ASSIGNMENT,2026-08-09T04:34:14+00:00,UNALLOCATED,,,,,
SLCMP1765-1415,1415,1415,583570879,2^583570879-1,STRUCTURAL_SCREEN_EXHAUSTED_PRIMALITY_UNASSIGNED,GF3A_DIRECTIONAL_WRITE_EXHAUSTED_PRIMALITY_UNASSIGNED,514,512,512,NO_RECORDED_FACTOR_PRP_OR_LL_RESULT_AND_NO_ACTIVE_GIMPS_ASSIGNMENT,2026-08-09T04:34:14+00:00,UNALLOCATED,,,,,
SLCMP1765-1416,1416,1416,583570961,2^583570961-1,STRUCTURAL_SCREEN_EXHAUSTED_PRIMALITY_UNASSIGNED,GF3A_DIRECTIONAL_WRITE_EXHAUSTED_PRIMALITY_UNASSIGNED,513,512,512,NO_RECORDED_FACTOR_PRP_OR_LL_RESULT_AND_NO_ACTIVE_GIMPS_ASSIGNMENT,2026-08-09T04:34:14+00:00,UNALLOCATED,,,,,
SLCMP1765-1417,1417,1417,583570991,2^583570991-1,STRUCTURAL_SCREEN_EXHAUSTED_PRIMALITY_UNASSIGNED,GF3A_DIRECTIONAL_WRITE_EXHAUSTED_PRIMALITY_UNASSIGNED,514,512,512,NO_RECORDED_FACTOR_PRP_OR_LL_RESULT_AND_NO_ACTIVE_GIMPS_ASSIGNMENT,2026-08-09T04:34:14+00:00,UNALLOCATED,,,,,
SLCMP1765-1418,1418,1418,583571159,2^583571159-1,STRUCTURAL_SCREEN_EXHAUSTED_PRIMALITY_UNASSIGNED,GF3A_DIRECTIONAL_WRITE_EXHAUSTED_PRIMALITY_UNASSIGNED,514,512,512,NO_RECORDED_FACTOR_PRP_OR_LL_RESULT_AND_NO_ACTIVE_GIMPS_ASSIGNMENT,2026-08-09T04:34:14+00:00,UNALLOCATED,,,,,
SLCMP1765-1419,1419,1419,583571167,2^583571167-1,STRUCTURAL_SCREEN_EXHAUSTED_PRIMALITY_UNASSIGNED,GF3A_DIRECTIONAL_WRITE_EXHAUSTED_PRIMALITY_UNASSIGNED,514,512,512,NO_RECORDED_FACTOR_PRP_OR_LL_RESULT_AND_NO_ACTIVE_GIMPS_ASSIGNMENT,2026-08-09T04:34:14+00:00,UNALLOCATED,,,,,
SLCMP1765-1420,1420,1420,583571227,2^583571227-1,STRUCTURAL_SCREEN_EXHAUSTED_PRIMALITY_UNASSIGNED,GF3A_DIRECTIONAL_WRITE_EXHAUSTED_PRIMALITY_UNASSIGNED,514,512,512,NO_RECORDED_FACTOR_PRP_OR_LL_RESULT_AND_NO_ACTIVE_GIMPS_ASSIGNMENT,2026-08-09T04:34:14+00:00,UNALLOCATED,,,,,
SLCMP1765-1421,1421,1421,583571279,2^583571279-1,STRUCTURAL_SCREEN_EXHAUSTED_PRIMALITY_UNASSIGNED,GF3A_DIRECTIONAL_WRITE_EXHAUSTED_PRIMALITY_UNASSIGNED,514,512,512,NO_RECORDED_FACTOR_PRP_OR_LL_RESULT_AND_NO_ACTIVE_GIMPS_ASSIGNMENT,2026-08-09T04:34:14+00:00,UNALLOCATED,,,,,
SLCMP1765-1422,1422,1422,583571297,2^583571297-1,STRUCTURAL_SCREEN_EXHAUSTED_PRIMALITY_UNASSIGNED,GF3A_DIRECTIONAL_WRITE_EXHAUSTED_PRIMALITY_UNASSIGNED,513,512,512,NO_RECORDED_FACTOR_PRP_OR_LL_RESULT_AND_NO_ACTIVE_GIMPS_ASSIGNMENT,2026-08-09T04:34:14+00:00,UNALLOCATED,,,,,
SLCMP1765-1423,1423,1423,583571369,2^583571369-1,STRUCTURAL_SCREEN_EXHAUSTED_PRIMALITY_UNASSIGNED,GF3A_DIRECTIONAL_WRITE_EXHAUSTED_PRIMALITY_UNASSIGNED,513,512,512,NO_RECORDED_FACTOR_PRP_OR_LL_RESULT_AND_NO_ACTIVE_GIMPS_ASSIGNMENT,2026-08-09T04:34:14+00:00,UNALLOCATED,,,,,
SLCMP1765-1424,1424,1424,583571371,2^583571371-1,STRUCTURAL_SCREEN_EXHAUSTED_PRIMALITY_UNASSIGNED,GF3A_DIRECTIONAL_WRITE_EXHAUSTED_PRIMALITY_UNASSIGNED,514,512,512,NO_RECORDED_FACTOR_PRP_OR_LL_RESULT_AND_NO_ACTIVE_GIMPS_ASSIGNMENT,2026-08-09T04:34:14+00:00,UNALLOCATED,,,,,
SLCMP1765-1425,1425,1425,583571381,2^583571381-1,STRUCTURAL_SCREEN_EXHAUSTED_PRIMALITY_UNASSIGNED,GF3A_DIRECTIONAL_WRITE_EXHAUSTED_PRIMALITY_UNASSIGNED,513,512,512,NO_RECORDED_FACTOR_PRP_OR_LL_RESULT_AND_NO_ACTIVE_GIMPS_ASSIGNMENT,2026-08-09T04:34:14+00:00,UNALLOCATED,,,,,
SLCMP1765-1426,1426,1426,583571531,2^583571531-1,STRUCTURAL_SCREEN_EXHAUSTED_PRIMALITY_UNASSIGNED,GF3A_DIRECTIONAL_WRITE_EXHAUSTED_PRIMALITY_UNASSIGNED,514,512,512,NO_RECORDED_FACTOR_PRP_OR_LL_RESULT_AND_NO_ACTIVE_GIMPS_ASSIGNMENT,2026-08-09T04:34:14+00:00,UNALLOCATED,,,,,
SLCMP1765-1427,1427,1427,583571543,2^583571543-1,STRUCTURAL_SCREEN_EXHAUSTED_PRIMALITY_UNASSIGNED,GF3A_DIRECTIONAL_WRITE_EXHAUSTED_PRIMALITY_UNASSIGNED,514,512,512,NO_RECORDED_FACTOR_PRP_OR_LL_RESULT_AND_NO_ACTIVE_GIMPS_ASSIGNMENT,2026-08-09T04:34:14+00:00,UNALLOCATED,,,,,
SLCMP1765-1428,1428,1428,583571551,2^583571551-1,STRUCTURAL_SCREEN_EXHAUSTED_PRIMALITY_UNASSIGNED,GF3A_DIRECTIONAL_WRITE_EXHAUSTED_PRIMALITY_UNASSIGNED,514,512,512,NO_RECORDED_FACTOR_PRP_OR_LL_RESULT_AND_NO_ACTIVE_GIMPS_ASSIGNMENT,2026-08-09T04:34:14+00:00,UNALLOCATED,,,,,
SLCMP1765-1429,1429,1429,583571561,2^583571561-1,STRUCTURAL_SCREEN_EXHAUSTED_PRIMALITY_UNASSIGNED,GF3A_DIRECTIONAL_WRITE_EXHAUSTED_PRIMALITY_UNASSIGNED,513,512,512,NO_RECORDED_FACTOR_PRP_OR_LL_RESULT_AND_NO_ACTIVE_GIMPS_ASSIGNMENT,2026-08-09T04:34:14+00:00,UNALLOCATED,,,,,
SLCMP1765-1430,1430,1430,583571587,2^583571587-1,STRUCTURAL_SCREEN_EXHAUSTED_PRIMALITY_UNASSIGNED,GF3A_DIRECTIONAL_WRITE_EXHAUSTED_PRIMALITY_UNASSIGNED,514,512,512,NO_RECORDED_FACTOR_PRP_OR_LL_RESULT_AND_NO_ACTIVE_GIMPS_ASSIGNMENT,2026-08-09T04:34:14+00:00,UNALLOCATED,,,,,
SLCMP1765-1431,1431,1431,583571603,2^583571603-1,STRUCTURAL_SCREEN_EXHAUSTED_PRIMALITY_UNASSIGNED,GF3A_DIRECTIONAL_WRITE_EXHAUSTED_PRIMALITY_UNASSIGNED,514,512,512,NO_RECORDED_FACTOR_PRP_OR_LL_RESULT_AND_NO_ACTIVE_GIMPS_ASSIGNMENT,2026-08-09T04:34:14+00:00,UNALLOCATED,,,,,
SLCMP1765-1432,1432,1432,583571633,2^583571633-1,STRUCTURAL_SCREEN_EXHAUSTED_PRIMALITY_UNASSIGNED,GF3A_DIRECTIONAL_WRITE_EXHAUSTED_PRIMALITY_UNASSIGNED,513,512,512,NO_RECORDED_FACTOR_PRP_OR_LL_RESULT_AND_NO_ACTIVE_GIMPS_ASSIGNMENT,2026-08-09T04:34:14+00:00,UNALLOCATED,,,,,
SLCMP1765-1433,1433,1433,583571641,2^583571641-1,STRUCTURAL_SCREEN_EXHAUSTED_PRIMALITY_UNASSIGNED,GF3A_DIRECTIONAL_WRITE_EXHAUSTED_PRIMALITY_UNASSIGNED,513,512,512,NO_RECORDED_FACTOR_PRP_OR_LL_RESULT_AND_NO_ACTIVE_GIMPS_ASSIGNMENT,2026-08-09T04:34:14+00:00,UNALLOCATED,,,,,
SLCMP1765-1434,1434,1434,583571713,2^583571713-1,STRUCTURAL_SCREEN_EXHAUSTED_PRIMALITY_UNASSIGNED,GF3A_DIRECTIONAL_WRITE_EXHAUSTED_PRIMALITY_UNASSIGNED,513,512,512,NO_RECORDED_FACTOR_PRP_OR_LL_RESULT_AND_NO_ACTIVE_GIMPS_ASSIGNMENT,2026-08-09T04:34:14+00:00,UNALLOCATED,,,,,
SLCMP1765-1435,1435,1435,583571743,2^583571743-1,STRUCTURAL_SCREEN_EXHAUSTED_PRIMALITY_UNASSIGNED,GF3A_DIRECTIONAL_WRITE_EXHAUSTED_PRIMALITY_UNASSIGNED,514,512,512,NO_RECORDED_FACTOR_PRP_OR_LL_RESULT_AND_NO_ACTIVE_GIMPS_ASSIGNMENT,2026-08-09T04:34:14+00:00,UNALLOCATED,,,,,
SLCMP1765-1436,1436,1436,583571803,2^583571803-1,STRUCTURAL_SCREEN_EXHAUSTED_PRIMALITY_UNASSIGNED,GF3A_DIRECTIONAL_WRITE_EXHAUSTED_PRIMALITY_UNASSIGNED,514,512,512,NO_RECORDED_FACTOR_PRP_OR_LL_RESULT_AND_NO_ACTIVE_GIMPS_ASSIGNMENT,2026-08-09T04:34:14+00:00,UNALLOCATED,,,,,
SLCMP1765-1437,1437,1437,583571899,2^583571899-1,STRUCTURAL_SCREEN_EXHAUSTED_PRIMALITY_UNASSIGNED,GF3A_DIRECTIONAL_WRITE_EXHAUSTED_PRIMALITY_UNASSIGNED,514,512,512,NO_RECORDED_FACTOR_PRP_OR_LL_RESULT_AND_NO_ACTIVE_GIMPS_ASSIGNMENT,2026-08-09T04:34:14+00:00,UNALLOCATED,,,,,
SLCMP1765-1438,1438,1438,583571917,2^583571917-1,STRUCTURAL_SCREEN_EXHAUSTED_PRIMALITY_UNASSIGNED,GF3A_DIRECTIONAL_WRITE_EXHAUSTED_PRIMALITY_UNASSIGNED,513,512,512,NO_RECORDED_FACTOR_PRP_OR_LL_RESULT_AND_NO_ACTIVE_GIMPS_ASSIGNMENT,2026-08-09T04:34:14+00:00,UNALLOCATED,,,,,
SLCMP1765-1439,1439,1439,583571953,2^583571953-1,STRUCTURAL_SCREEN_EXHAUSTED_PRIMALITY_UNASSIGNED,GF3A_DIRECTIONAL_WRITE_EXHAUSTED_PRIMALITY_UNASSIGNED,513,512,512,NO_RECORDED_FACTOR_PRP_OR_LL_RESULT_AND_NO_ACTIVE_GIMPS_ASSIGNMENT,2026-08-09T04:34:14+00:00,UNALLOCATED,,,,,
SLCMP1765-1440,1440,1440,583572019,2^583572019-1,STRUCTURAL_SCREEN_EXHAUSTED_PRIMALITY_UNASSIGNED,GF3A_DIRECTIONAL_WRITE_EXHAUSTED_PRIMALITY_UNASSIGNED,514,512,512,NO_RECORDED_FACTOR_PRP_OR_LL_RESULT_AND_NO_ACTIVE_GIMPS_ASSIGNMENT,2026-08-09T04:34:14+00:00,UNALLOCATED,,,,,
SLCMP1765-1441,1441,1441,583572071,2^583572071-1,STRUCTURAL_SCREEN_EXHAUSTED_PRIMALITY_UNASSIGNED,GF3A_DIRECTIONAL_WRITE_EXHAUSTED_PRIMALITY_UNASSIGNED,514,512,512,NO_RECORDED_FACTOR_PRP_OR_LL_RESULT_AND_NO_ACTIVE_GIMPS_ASSIGNMENT,2026-08-09T04:34:14+00:00,UNALLOCATED,,,,,
SLCMP1765-1442,1442,1442,583572083,2^583572083-1,STRUCTURAL_SCREEN_EXHAUSTED_PRIMALITY_UNASSIGNED,GF3A_DIRECTIONAL_WRITE_EXHAUSTED_PRIMALITY_UNASSIGNED,514,512,512,NO_RECORDED_FACTOR_PRP_OR_LL_RESULT_AND_NO_ACTIVE_GIMPS_ASSIGNMENT,2026-08-09T04:34:14+00:00,UNALLOCATED,,,,,
SLCMP1765-1443,1443,1443,583572149,2^583572149-1,STRUCTURAL_SCREEN_EXHAUSTED_PRIMALITY_UNASSIGNED,GF3A_DIRECTIONAL_WRITE_EXHAUSTED_PRIMALITY_UNASSIGNED,513,512,512,NO_RECORDED_FACTOR_PRP_OR_LL_RESULT_AND_NO_ACTIVE_GIMPS_ASSIGNMENT,2026-08-09T04:34:14+00:00,UNALLOCATED,,,,,
SLCMP1765-1444,1444,1444,583572181,2^583572181-1,STRUCTURAL_SCREEN_EXHAUSTED_PRIMALITY_UNASSIGNED,GF3A_DIRECTIONAL_WRITE_EXHAUSTED_PRIMALITY_UNASSIGNED,513,512,512,NO_RECORDED_FACTOR_PRP_OR_LL_RESULT_AND_NO_ACTIVE_GIMPS_ASSIGNMENT,2026-08-09T04:34:14+00:00,UNALLOCATED,,,,,
SLCMP1765-1445,1445,1445,583572193,2^583572193-1,STRUCTURAL_SCREEN_EXHAUSTED_PRIMALITY_UNASSIGNED,GF3A_DIRECTIONAL_WRITE_EXHAUSTED_PRIMALITY_UNASSIGNED,513,512,512,NO_RECORDED_FACTOR_PRP_OR_LL_RESULT_AND_NO_ACTIVE_GIMPS_ASSIGNMENT,2026-08-09T04:34:14+00:00,UNALLOCATED,,,,,
SLCMP1765-1446,1446,1446,583572203,2^583572203-1,STRUCTURAL_SCREEN_EXHAUSTED_PRIMALITY_UNASSIGNED,GF3A_DIRECTIONAL_WRITE_EXHAUSTED_PRIMALITY_UNASSIGNED,514,512,512,NO_RECORDED_FACTOR_PRP_OR_LL_RESULT_AND_NO_ACTIVE_GIMPS_ASSIGNMENT,2026-08-09T04:34:14+00:00,UNALLOCATED,,,,,
SLCMP1765-1447,1447,1447,583572233,2^583572233-1,STRUCTURAL_SCREEN_EXHAUSTED_PRIMALITY_UNASSIGNED,GF3A_DIRECTIONAL_WRITE_EXHAUSTED_PRIMALITY_UNASSIGNED,513,512,512,NO_RECORDED_FACTOR_PRP_OR_LL_RESULT_AND_NO_ACTIVE_GIMPS_ASSIGNMENT,2026-08-09T04:34:14+00:00,UNALLOCATED,,,,,
SLCMP1765-1448,1448,1448,583572247,2^583572247-1,STRUCTURAL_SCREEN_EXHAUSTED_PRIMALITY_UNASSIGNED,GF3A_DIRECTIONAL_WRITE_EXHAUSTED_PRIMALITY_UNASSIGNED,514,512,512,NO_RECORDED_FACTOR_PRP_OR_LL_RESULT_AND_NO_ACTIVE_GIMPS_ASSIGNMENT,2026-08-09T04:34:14+00:00,UNALLOCATED,,,,,
SLCMP1765-1449,1449,1449,583572271,2^583572271-1,STRUCTURAL_SCREEN_EXHAUSTED_PRIMALITY_UNASSIGNED,GF3A_DIRECTIONAL_WRITE_EXHAUSTED_PRIMALITY_UNASSIGNED,514,512,512,NO_RECORDED_FACTOR_PRP_OR_LL_RESULT_AND_NO_ACTIVE_GIMPS_ASSIGNMENT,2026-08-09T04:34:14+00:00,UNALLOCATED,,,,,
SLCMP1765-1450,1450,1450,583572287,2^583572287-1,STRUCTURAL_SCREEN_EXHAUSTED_PRIMALITY_UNASSIGNED,GF3A_DIRECTIONAL_WRITE_EXHAUSTED_PRIMALITY_UNASSIGNED,514,512,512,NO_RECORDED_FACTOR_PRP_OR_LL_RESULT_AND_NO_ACTIVE_GIMPS_ASSIGNMENT,2026-08-09T04:34:14+00:00,UNALLOCATED,,,,,
SLCMP1765-1451,1451,1451,583572349,2^583572349-1,STRUCTURAL_SCREEN_EXHAUSTED_PRIMALITY_UNASSIGNED,GF3A_DIRECTIONAL_WRITE_EXHAUSTED_PRIMALITY_UNASSIGNED,513,512,512,NO_RECORDED_FACTOR_PRP_OR_LL_RESULT_AND_NO_ACTIVE_GIMPS_ASSIGNMENT,2026-08-09T04:34:14+00:00,UNALLOCATED,,,,,
SLCMP1765-1452,1452,1452,583572361,2^583572361-1,STRUCTURAL_SCREEN_EXHAUSTED_PRIMALITY_UNASSIGNED,GF3A_DIRECTIONAL_WRITE_EXHAUSTED_PRIMALITY_UNASSIGNED,513,512,512,NO_RECORDED_FACTOR_PRP_OR_LL_RESULT_AND_NO_ACTIVE_GIMPS_ASSIGNMENT,2026-08-09T04:34:14+00:00,UNALLOCATED,,,,,
SLCMP1765-1453,1453,1453,583572469,2^583572469-1,STRUCTURAL_SCREEN_EXHAUSTED_PRIMALITY_UNASSIGNED,GF3A_DIRECTIONAL_WRITE_EXHAUSTED_PRIMALITY_UNASSIGNED,513,512,512,NO_RECORDED_FACTOR_PRP_OR_LL_RESULT_AND_NO_ACTIVE_GIMPS_ASSIGNMENT,2026-08-09T04:34:14+00:00,UNALLOCATED,,,,,
SLCMP1765-1454,1454,1454,583572581,2^583572581-1,STRUCTURAL_SCREEN_EXHAUSTED_PRIMALITY_UNASSIGNED,GF3A_DIRECTIONAL_WRITE_EXHAUSTED_PRIMALITY_UNASSIGNED,513,512,512,NO_RECORDED_FACTOR_PRP_OR_LL_RESULT_AND_NO_ACTIVE_GIMPS_ASSIGNMENT,2026-08-09T04:34:14+00:00,UNALLOCATED,,,,,
SLCMP1765-1455,1455,1455,583572667,2^583572667-1,STRUCTURAL_SCREEN_EXHAUSTED_PRIMALITY_UNASSIGNED,GF3A_DIRECTIONAL_WRITE_EXHAUSTED_PRIMALITY_UNASSIGNED,514,512,512,NO_RECORDED_FACTOR_PRP_OR_LL_RESULT_AND_NO_ACTIVE_GIMPS_ASSIGNMENT,2026-08-09T04:34:14+00:00,UNALLOCATED,,,,,
SLCMP1765-1456,1456,1456,583572673,2^583572673-1,STRUCTURAL_SCREEN_EXHAUSTED_PRIMALITY_UNASSIGNED,GF3A_DIRECTIONAL_WRITE_EXHAUSTED_PRIMALITY_UNASSIGNED,513,512,512,NO_RECORDED_FACTOR_PRP_OR_LL_RESULT_AND_NO_ACTIVE_GIMPS_ASSIGNMENT,2026-08-09T04:34:14+00:00,UNALLOCATED,,,,,
SLCMP1765-1457,1457,1457,583572677,2^583572677-1,STRUCTURAL_SCREEN_EXHAUSTED_PRIMALITY_UNASSIGNED,GF3A_DIRECTIONAL_WRITE_EXHAUSTED_PRIMALITY_UNASSIGNED,513,512,512,NO_RECORDED_FACTOR_PRP_OR_LL_RESULT_AND_NO_ACTIVE_GIMPS_ASSIGNMENT,2026-08-09T04:34:14+00:00,UNALLOCATED,,,,,
SLCMP1765-1458,1458,1458,583572701,2^583572701-1,STRUCTURAL_SCREEN_EXHAUSTED_PRIMALITY_UNASSIGNED,GF3A_DIRECTIONAL_WRITE_EXHAUSTED_PRIMALITY_UNASSIGNED,513,512,512,NO_RECORDED_FACTOR_PRP_OR_LL_RESULT_AND_NO_ACTIVE_GIMPS_ASSIGNMENT,2026-08-09T04:34:14+00:00,UNALLOCATED,,,,,
SLCMP1765-1459,1459,1459,583572853,2^583572853-1,STRUCTURAL_SCREEN_EXHAUSTED_PRIMALITY_UNASSIGNED,GF3A_DIRECTIONAL_WRITE_EXHAUSTED_PRIMALITY_UNASSIGNED,513,512,512,NO_RECORDED_FACTOR_PRP_OR_LL_RESULT_AND_NO_ACTIVE_GIMPS_ASSIGNMENT,2026-08-09T04:34:14+00:00,UNALLOCATED,,,,,
SLCMP1765-1460,1460,1460,583572919,2^583572919-1,STRUCTURAL_SCREEN_EXHAUSTED_PRIMALITY_UNASSIGNED,GF3A_DIRECTIONAL_WRITE_EXHAUSTED_PRIMALITY_UNASSIGNED,514,512,512,NO_RECORDED_FACTOR_PRP_OR_LL_RESULT_AND_NO_ACTIVE_GIMPS_ASSIGNMENT,2026-08-09T04:34:14+00:00,UNALLOCATED,,,,,
SLCMP1765-1461,1461,1461,583572931,2^583572931-1,STRUCTURAL_SCREEN_EXHAUSTED_PRIMALITY_UNASSIGNED,GF3A_DIRECTIONAL_WRITE_EXHAUSTED_PRIMALITY_UNASSIGNED,514,512,512,NO_RECORDED_FACTOR_PRP_OR_LL_RESULT_AND_NO_ACTIVE_GIMPS_ASSIGNMENT,2026-08-09T04:34:14+00:00,UNALLOCATED,,,,,
SLCMP1765-1462,1462,1462,583573027,2^583573027-1,STRUCTURAL_SCREEN_EXHAUSTED_PRIMALITY_UNASSIGNED,GF3A_DIRECTIONAL_WRITE_EXHAUSTED_PRIMALITY_UNASSIGNED,514,512,512,NO_RECORDED_FACTOR_PRP_OR_LL_RESULT_AND_NO_ACTIVE_GIMPS_ASSIGNMENT,2026-08-09T04:34:14+00:00,UNALLOCATED,,,,,
SLCMP1765-1463,1463,1463,583573091,2^583573091-1,STRUCTURAL_SCREEN_EXHAUSTED_PRIMALITY_UNASSIGNED,GF3A_DIRECTIONAL_WRITE_EXHAUSTED_PRIMALITY_UNASSIGNED,514,512,512,NO_RECORDED_FACTOR_PRP_OR_LL_RESULT_AND_NO_ACTIVE_GIMPS_ASSIGNMENT,2026-08-09T04:34:14+00:00,UNALLOCATED,,,,,
SLCMP1765-1464,1464,1464,583573097,2^583573097-1,STRUCTURAL_SCREEN_EXHAUSTED_PRIMALITY_UNASSIGNED,GF3A_DIRECTIONAL_WRITE_EXHAUSTED_PRIMALITY_UNASSIGNED,513,512,512,NO_RECORDED_FACTOR_PRP_OR_LL_RESULT_AND_NO_ACTIVE_GIMPS_ASSIGNMENT,2026-08-09T04:34:14+00:00,UNALLOCATED,,,,,
SLCMP1765-1465,1465,1465,583573279,2^583573279-1,STRUCTURAL_SCREEN_EXHAUSTED_PRIMALITY_UNASSIGNED,GF3A_DIRECTIONAL_WRITE_EXHAUSTED_PRIMALITY_UNASSIGNED,514,512,512,NO_RECORDED_FACTOR_PRP_OR_LL_RESULT_AND_NO_ACTIVE_GIMPS_ASSIGNMENT,2026-08-09T04:34:14+00:00,UNALLOCATED,,,,,
SLCMP1765-1466,1466,1466,583573369,2^583573369-1,STRUCTURAL_SCREEN_EXHAUSTED_PRIMALITY_UNASSIGNED,GF3A_DIRECTIONAL_WRITE_EXHAUSTED_PRIMALITY_UNASSIGNED,513,512,512,NO_RECORDED_FACTOR_PRP_OR_LL_RESULT_AND_NO_ACTIVE_GIMPS_ASSIGNMENT,2026-08-09T04:34:14+00:00,UNALLOCATED,,,,,
SLCMP1765-1467,1467,1467,583573379,2^583573379-1,STRUCTURAL_SCREEN_EXHAUSTED_PRIMALITY_UNASSIGNED,GF3A_DIRECTIONAL_WRITE_EXHAUSTED_PRIMALITY_UNASSIGNED,514,512,512,NO_RECORDED_FACTOR_PRP_OR_LL_RESULT_AND_NO_ACTIVE_GIMPS_ASSIGNMENT,2026-08-09T04:34:14+00:00,UNALLOCATED,,,,,
SLCMP1765-1468,1468,1468,583573421,2^583573421-1,STRUCTURAL_SCREEN_EXHAUSTED_PRIMALITY_UNASSIGNED,GF3A_DIRECTIONAL_WRITE_EXHAUSTED_PRIMALITY_UNASSIGNED,513,512,512,NO_RECORDED_FACTOR_PRP_OR_LL_RESULT_AND_NO_ACTIVE_GIMPS_ASSIGNMENT,2026-08-09T04:34:14+00:00,UNALLOCATED,,,,,
SLCMP1765-1469,1469,1469,583573559,2^583573559-1,STRUCTURAL_SCREEN_EXHAUSTED_PRIMALITY_UNASSIGNED,GF3A_DIRECTIONAL_WRITE_EXHAUSTED_PRIMALITY_UNASSIGNED,514,512,512,NO_RECORDED_FACTOR_PRP_OR_LL_RESULT_AND_NO_ACTIVE_GIMPS_ASSIGNMENT,2026-08-09T04:34:14+00:00,UNALLOCATED,,,,,
SLCMP1765-1470,1470,1470,583573567,2^583573567-1,STRUCTURAL_SCREEN_EXHAUSTED_PRIMALITY_UNASSIGNED,GF3A_DIRECTIONAL_WRITE_EXHAUSTED_PRIMALITY_UNASSIGNED,514,512,512,NO_RECORDED_FACTOR_PRP_OR_LL_RESULT_AND_NO_ACTIVE_GIMPS_ASSIGNMENT,2026-08-09T04:34:14+00:00,UNALLOCATED,,,,,
SLCMP1765-1471,1471,1471,583573579,2^583573579-1,STRUCTURAL_SCREEN_EXHAUSTED_PRIMALITY_UNASSIGNED,GF3A_DIRECTIONAL_WRITE_EXHAUSTED_PRIMALITY_UNASSIGNED,514,512,512,NO_RECORDED_FACTOR_PRP_OR_LL_RESULT_AND_NO_ACTIVE_GIMPS_ASSIGNMENT,2026-08-09T04:34:14+00:00,UNALLOCATED,,,,,
SLCMP1765-1472,1472,1472,583573633,2^583573633-1,STRUCTURAL_SCREEN_EXHAUSTED_PRIMALITY_UNASSIGNED,GF3A_DIRECTIONAL_WRITE_EXHAUSTED_PRIMALITY_UNASSIGNED,513,512,512,NO_RECORDED_FACTOR_PRP_OR_LL_RESULT_AND_NO_ACTIVE_GIMPS_ASSIGNMENT,2026-08-09T04:34:14+00:00,UNALLOCATED,,,,,
SLCMP1765-1473,1473,1473,583573751,2^583573751-1,STRUCTURAL_SCREEN_EXHAUSTED_PRIMALITY_UNASSIGNED,GF3A_DIRECTIONAL_WRITE_EXHAUSTED_PRIMALITY_UNASSIGNED,514,512,512,NO_RECORDED_FACTOR_PRP_OR_LL_RESULT_AND_NO_ACTIVE_GIMPS_ASSIGNMENT,2026-08-09T04:34:14+00:00,UNALLOCATED,,,,,
SLCMP1765-1474,1474,1474,583573759,2^583573759-1,STRUCTURAL_SCREEN_EXHAUSTED_PRIMALITY_UNASSIGNED,GF3A_DIRECTIONAL_WRITE_EXHAUSTED_PRIMALITY_UNASSIGNED,514,512,512,NO_RECORDED_FACTOR_PRP_OR_LL_RESULT_AND_NO_ACTIVE_GIMPS_ASSIGNMENT,2026-08-09T04:34:14+00:00,UNALLOCATED,,,,,
SLCMP1765-1475,1475,1475,583573849,2^583573849-1,STRUCTURAL_SCREEN_EXHAUSTED_PRIMALITY_UNASSIGNED,GF3A_DIRECTIONAL_WRITE_EXHAUSTED_PRIMALITY_UNASSIGNED,513,512,512,NO_RECORDED_FACTOR_PRP_OR_LL_RESULT_AND_NO_ACTIVE_GIMPS_ASSIGNMENT,2026-08-09T04:34:14+00:00,UNALLOCATED,,,,,
SLCMP1765-1476,1476,1476,583573891,2^583573891-1,STRUCTURAL_SCREEN_EXHAUSTED_PRIMALITY_UNASSIGNED,GF3A_DIRECTIONAL_WRITE_EXHAUSTED_PRIMALITY_UNASSIGNED,514,512,512,NO_RECORDED_FACTOR_PRP_OR_LL_RESULT_AND_NO_ACTIVE_GIMPS_ASSIGNMENT,2026-08-09T04:34:14+00:00,UNALLOCATED,,,,,
SLCMP1765-1477,1477,1477,583573927,2^583573927-1,STRUCTURAL_SCREEN_EXHAUSTED_PRIMALITY_UNASSIGNED,GF3A_DIRECTIONAL_WRITE_EXHAUSTED_PRIMALITY_UNASSIGNED,514,512,512,NO_RECORDED_FACTOR_PRP_OR_LL_RESULT_AND_NO_ACTIVE_GIMPS_ASSIGNMENT,2026-08-09T04:34:14+00:00,UNALLOCATED,,,,,
SLCMP1765-1478,1478,1478,583573933,2^583573933-1,STRUCTURAL_SCREEN_EXHAUSTED_PRIMALITY_UNASSIGNED,GF3A_DIRECTIONAL_WRITE_EXHAUSTED_PRIMALITY_UNASSIGNED,513,512,512,NO_RECORDED_FACTOR_PRP_OR_LL_RESULT_AND_NO_ACTIVE_GIMPS_ASSIGNMENT,2026-08-09T04:34:14+00:00,UNALLOCATED,,,,,
SLCMP1765-1479,1479,1479,583573957,2^583573957-1,STRUCTURAL_SCREEN_EXHAUSTED_PRIMALITY_UNASSIGNED,GF3A_DIRECTIONAL_WRITE_EXHAUSTED_PRIMALITY_UNASSIGNED,513,512,512,NO_RECORDED_FACTOR_PRP_OR_LL_RESULT_AND_NO_ACTIVE_GIMPS_ASSIGNMENT,2026-08-09T04:34:14+00:00,UNALLOCATED,,,,,
SLCMP1765-1480,1480,1480,583573981,2^583573981-1,STRUCTURAL_SCREEN_EXHAUSTED_PRIMALITY_UNASSIGNED,GF3A_DIRECTIONAL_WRITE_EXHAUSTED_PRIMALITY_UNASSIGNED,513,512,512,NO_RECORDED_FACTOR_PRP_OR_LL_RESULT_AND_NO_ACTIVE_GIMPS_ASSIGNMENT,2026-08-09T04:34:14+00:00,UNALLOCATED,,,,,
SLCMP1765-1481,1481,1481,583574051,2^583574051-1,STRUCTURAL_SCREEN_EXHAUSTED_PRIMALITY_UNASSIGNED,GF3A_DIRECTIONAL_WRITE_EXHAUSTED_PRIMALITY_UNASSIGNED,514,512,512,NO_RECORDED_FACTOR_PRP_OR_LL_RESULT_AND_NO_ACTIVE_GIMPS_ASSIGNMENT,2026-08-09T04:34:14+00:00,UNALLOCATED,,,,,
SLCMP1765-1482,1482,1482,583574059,2^583574059-1,STRUCTURAL_SCREEN_EXHAUSTED_PRIMALITY_UNASSIGNED,GF3A_DIRECTIONAL_WRITE_EXHAUSTED_PRIMALITY_UNASSIGNED,514,512,512,NO_RECORDED_FACTOR_PRP_OR_LL_RESULT_AND_NO_ACTIVE_GIMPS_ASSIGNMENT,2026-08-09T04:34:14+00:00,UNALLOCATED,,,,,
SLCMP1765-1483,1483,1483,583574083,2^583574083-1,STRUCTURAL_SCREEN_EXHAUSTED_PRIMALITY_UNASSIGNED,GF3A_DIRECTIONAL_WRITE_EXHAUSTED_PRIMALITY_UNASSIGNED,514,512,512,NO_RECORDED_FACTOR_PRP_OR_LL_RESULT_AND_NO_ACTIVE_GIMPS_ASSIGNMENT,2026-08-09T04:34:14+00:00,UNALLOCATED,,,,,
SLCMP1765-1484,1484,1484,583574141,2^583574141-1,STRUCTURAL_SCREEN_EXHAUSTED_PRIMALITY_UNASSIGNED,GF3A_DIRECTIONAL_WRITE_EXHAUSTED_PRIMALITY_UNASSIGNED,513,512,512,NO_RECORDED_FACTOR_PRP_OR_LL_RESULT_AND_NO_ACTIVE_GIMPS_ASSIGNMENT,2026-08-09T04:34:14+00:00,UNALLOCATED,,,,,
SLCMP1765-1485,1485,1485,583574309,2^583574309-1,STRUCTURAL_SCREEN_EXHAUSTED_PRIMALITY_UNASSIGNED,GF3A_DIRECTIONAL_WRITE_EXHAUSTED_PRIMALITY_UNASSIGNED,513,512,512,NO_RECORDED_FACTOR_PRP_OR_LL_RESULT_AND_NO_ACTIVE_GIMPS_ASSIGNMENT,2026-08-09T04:34:14+00:00,UNALLOCATED,,,,,
SLCMP1765-1486,1486,1486,583574311,2^583574311-1,STRUCTURAL_SCREEN_EXHAUSTED_PRIMALITY_UNASSIGNED,GF3A_DIRECTIONAL_WRITE_EXHAUSTED_PRIMALITY_UNASSIGNED,514,512,512,NO_RECORDED_FACTOR_PRP_OR_LL_RESULT_AND_NO_ACTIVE_GIMPS_ASSIGNMENT,2026-08-09T04:34:14+00:00,UNALLOCATED,,,,,
SLCMP1765-1487,1487,1487,583574357,2^583574357-1,STRUCTURAL_SCREEN_EXHAUSTED_PRIMALITY_UNASSIGNED,GF3A_DIRECTIONAL_WRITE_EXHAUSTED_PRIMALITY_UNASSIGNED,513,512,512,NO_RECORDED_FACTOR_PRP_OR_LL_RESULT_AND_NO_ACTIVE_GIMPS_ASSIGNMENT,2026-08-09T04:34:14+00:00,UNALLOCATED,,,,,
SLCMP1765-1488,1488,1488,583574389,2^583574389-1,STRUCTURAL_SCREEN_EXHAUSTED_PRIMALITY_UNASSIGNED,GF3A_DIRECTIONAL_WRITE_EXHAUSTED_PRIMALITY_UNASSIGNED,513,512,512,NO_RECORDED_FACTOR_PRP_OR_LL_RESULT_AND_NO_ACTIVE_GIMPS_ASSIGNMENT,2026-08-09T04:34:14+00:00,UNALLOCATED,,,,,
SLCMP1765-1489,1489,1489,583574447,2^583574447-1,STRUCTURAL_SCREEN_EXHAUSTED_PRIMALITY_UNASSIGNED,GF3A_DIRECTIONAL_WRITE_EXHAUSTED_PRIMALITY_UNASSIGNED,514,512,512,NO_RECORDED_FACTOR_PRP_OR_LL_RESULT_AND_NO_ACTIVE_GIMPS_ASSIGNMENT,2026-08-09T04:34:14+00:00,UNALLOCATED,,,,,
SLCMP1765-1490,1490,1490,583574461,2^583574461-1,STRUCTURAL_SCREEN_EXHAUSTED_PRIMALITY_UNASSIGNED,GF3A_DIRECTIONAL_WRITE_EXHAUSTED_PRIMALITY_UNASSIGNED,513,512,512,NO_RECORDED_FACTOR_PRP_OR_LL_RESULT_AND_NO_ACTIVE_GIMPS_ASSIGNMENT,2026-08-09T04:34:14+00:00,UNALLOCATED,,,,,
SLCMP1765-1491,1491,1491,583574527,2^583574527-1,STRUCTURAL_SCREEN_EXHAUSTED_PRIMALITY_UNASSIGNED,GF3A_DIRECTIONAL_WRITE_EXHAUSTED_PRIMALITY_UNASSIGNED,514,512,512,NO_RECORDED_FACTOR_PRP_OR_LL_RESULT_AND_NO_ACTIVE_GIMPS_ASSIGNMENT,2026-08-09T04:34:14+00:00,UNALLOCATED,,,,,
SLCMP1765-1492,1492,1492,583574599,2^583574599-1,STRUCTURAL_SCREEN_EXHAUSTED_PRIMALITY_UNASSIGNED,GF3A_DIRECTIONAL_WRITE_EXHAUSTED_PRIMALITY_UNASSIGNED,514,512,512,NO_RECORDED_FACTOR_PRP_OR_LL_RESULT_AND_NO_ACTIVE_GIMPS_ASSIGNMENT,2026-08-09T04:34:14+00:00,UNALLOCATED,,,,,
SLCMP1765-1493,1493,1493,583574647,2^583574647-1,STRUCTURAL_SCREEN_EXHAUSTED_PRIMALITY_UNASSIGNED,GF3A_DIRECTIONAL_WRITE_EXHAUSTED_PRIMALITY_UNASSIGNED,514,512,512,NO_RECORDED_FACTOR_PRP_OR_LL_RESULT_AND_NO_ACTIVE_GIMPS_ASSIGNMENT,2026-08-09T04:34:14+00:00,UNALLOCATED,,,,,
SLCMP1765-1494,1494,1494,583574687,2^583574687-1,STRUCTURAL_SCREEN_EXHAUSTED_PRIMALITY_UNASSIGNED,GF3A_DIRECTIONAL_WRITE_EXHAUSTED_PRIMALITY_UNASSIGNED,514,512,512,NO_RECORDED_FACTOR_PRP_OR_LL_RESULT_AND_NO_ACTIVE_GIMPS_ASSIGNMENT,2026-08-09T04:34:14+00:00,UNALLOCATED,,,,,
SLCMP1765-1495,1495,1495,583574737,2^583574737-1,STRUCTURAL_SCREEN_EXHAUSTED_PRIMALITY_UNASSIGNED,GF3A_DIRECTIONAL_WRITE_EXHAUSTED_PRIMALITY_UNASSIGNED,513,512,512,NO_RECORDED_FACTOR_PRP_OR_LL_RESULT_AND_NO_ACTIVE_GIMPS_ASSIGNMENT,2026-08-09T04:34:14+00:00,UNALLOCATED,,,,,
SLCMP1765-1496,1496,1496,583574807,2^583574807-1,STRUCTURAL_SCREEN_EXHAUSTED_PRIMALITY_UNASSIGNED,GF3A_DIRECTIONAL_WRITE_EXHAUSTED_PRIMALITY_UNASSIGNED,514,512,512,NO_RECORDED_FACTOR_PRP_OR_LL_RESULT_AND_NO_ACTIVE_GIMPS_ASSIGNMENT,2026-08-09T04:34:14+00:00,UNALLOCATED,,,,,
SLCMP1765-1497,1497,1497,583574821,2^583574821-1,STRUCTURAL_SCREEN_EXHAUSTED_PRIMALITY_UNASSIGNED,GF3A_DIRECTIONAL_WRITE_EXHAUSTED_PRIMALITY_UNASSIGNED,513,512,512,NO_RECORDED_FACTOR_PRP_OR_LL_RESULT_AND_NO_ACTIVE_GIMPS_ASSIGNMENT,2026-08-09T04:34:14+00:00,UNALLOCATED,,,,,
SLCMP1765-1498,1498,1498,583574843,2^583574843-1,STRUCTURAL_SCREEN_EXHAUSTED_PRIMALITY_UNASSIGNED,GF3A_DIRECTIONAL_WRITE_EXHAUSTED_PRIMALITY_UNASSIGNED,514,512,512,NO_RECORDED_FACTOR_PRP_OR_LL_RESULT_AND_NO_ACTIVE_GIMPS_ASSIGNMENT,2026-08-09T04:34:14+00:00,UNALLOCATED,,,,,
SLCMP1765-1499,1499,1499,583574851,2^583574851-1,STRUCTURAL_SCREEN_EXHAUSTED_PRIMALITY_UNASSIGNED,GF3A_DIRECTIONAL_WRITE_EXHAUSTED_PRIMALITY_UNASSIGNED,514,512,512,NO_RECORDED_FACTOR_PRP_OR_LL_RESULT_AND_NO_ACTIVE_GIMPS_ASSIGNMENT,2026-08-09T04:34:14+00:00,UNALLOCATED,,,,,
SLCMP1765-1500,1500,1500,583574879,2^583574879-1,STRUCTURAL_SCREEN_EXHAUSTED_PRIMALITY_UNASSIGNED,GF3A_DIRECTIONAL_WRITE_EXHAUSTED_PRIMALITY_UNASSIGNED,514,512,512,NO_RECORDED_FACTOR_PRP_OR_LL_RESULT_AND_NO_ACTIVE_GIMPS_ASSIGNMENT,2026-08-09T04:34:14+00:00,UNALLOCATED,,,,,
SLCMP1765-1501,1501,1501,583574947,2^583574947-1,STRUCTURAL_SCREEN_EXHAUSTED_PRIMALITY_UNASSIGNED,GF3A_DIRECTIONAL_WRITE_EXHAUSTED_PRIMALITY_UNASSIGNED,514,512,512,NO_RECORDED_FACTOR_PRP_OR_LL_RESULT_AND_NO_ACTIVE_GIMPS_ASSIGNMENT,2026-08-09T04:34:14+00:00,UNALLOCATED,,,,,
SLCMP1765-1502,1502,1502,583575049,2^583575049-1,STRUCTURAL_SCREEN_EXHAUSTED_PRIMALITY_UNASSIGNED,GF3A_DIRECTIONAL_WRITE_EXHAUSTED_PRIMALITY_UNASSIGNED,513,512,512,NO_RECORDED_FACTOR_PRP_OR_LL_RESULT_AND_NO_ACTIVE_GIMPS_ASSIGNMENT,2026-08-09T04:34:14+00:00,UNALLOCATED,,,,,
SLCMP1765-1503,1503,1503,583575121,2^583575121-1,STRUCTURAL_SCREEN_EXHAUSTED_PRIMALITY_UNASSIGNED,GF3A_DIRECTIONAL_WRITE_EXHAUSTED_PRIMALITY_UNASSIGNED,513,512,512,NO_RECORDED_FACTOR_PRP_OR_LL_RESULT_AND_NO_ACTIVE_GIMPS_ASSIGNMENT,2026-08-09T04:34:14+00:00,UNALLOCATED,,,,,
SLCMP1765-1504,1504,1504,583575193,2^583575193-1,STRUCTURAL_SCREEN_EXHAUSTED_PRIMALITY_UNASSIGNED,GF3A_DIRECTIONAL_WRITE_EXHAUSTED_PRIMALITY_UNASSIGNED,513,512,512,NO_RECORDED_FACTOR_PRP_OR_LL_RESULT_AND_NO_ACTIVE_GIMPS_ASSIGNMENT,2026-08-09T04:34:14+00:00,UNALLOCATED,,,,,
SLCMP1765-1505,1505,1505,583575257,2^583575257-1,STRUCTURAL_SCREEN_EXHAUSTED_PRIMALITY_UNASSIGNED,GF3A_DIRECTIONAL_WRITE_EXHAUSTED_PRIMALITY_UNASSIGNED,513,512,512,NO_RECORDED_FACTOR_PRP_OR_LL_RESULT_AND_NO_ACTIVE_GIMPS_ASSIGNMENT,2026-08-09T04:34:14+00:00,UNALLOCATED,,,,,
SLCMP1765-1506,1506,1506,583575413,2^583575413-1,STRUCTURAL_SCREEN_EXHAUSTED_PRIMALITY_UNASSIGNED,GF3A_DIRECTIONAL_WRITE_EXHAUSTED_PRIMALITY_UNASSIGNED,513,512,512,NO_RECORDED_FACTOR_PRP_OR_LL_RESULT_AND_NO_ACTIVE_GIMPS_ASSIGNMENT,2026-08-09T04:34:14+00:00,UNALLOCATED,,,,,
SLCMP1765-1507,1507,1507,583575463,2^583575463-1,STRUCTURAL_SCREEN_EXHAUSTED_PRIMALITY_UNASSIGNED,GF3A_DIRECTIONAL_WRITE_EXHAUSTED_PRIMALITY_UNASSIGNED,514,512,512,NO_RECORDED_FACTOR_PRP_OR_LL_RESULT_AND_NO_ACTIVE_GIMPS_ASSIGNMENT,2026-08-09T04:34:14+00:00,UNALLOCATED,,,,,
SLCMP1765-1508,1508,1508,583575569,2^583575569-1,STRUCTURAL_SCREEN_EXHAUSTED_PRIMALITY_UNASSIGNED,GF3A_DIRECTIONAL_WRITE_EXHAUSTED_PRIMALITY_UNASSIGNED,513,512,512,NO_RECORDED_FACTOR_PRP_OR_LL_RESULT_AND_NO_ACTIVE_GIMPS_ASSIGNMENT,2026-08-09T04:34:14+00:00,UNALLOCATED,,,,,
SLCMP1765-1509,1509,1509,583575647,2^583575647-1,STRUCTURAL_SCREEN_EXHAUSTED_PRIMALITY_UNASSIGNED,GF3A_DIRECTIONAL_WRITE_EXHAUSTED_PRIMALITY_UNASSIGNED,514,512,512,NO_RECORDED_FACTOR_PRP_OR_LL_RESULT_AND_NO_ACTIVE_GIMPS_ASSIGNMENT,2026-08-09T04:34:14+00:00,UNALLOCATED,,,,,
SLCMP1765-1510,1510,1510,583575691,2^583575691-1,STRUCTURAL_SCREEN_EXHAUSTED_PRIMALITY_UNASSIGNED,GF3A_DIRECTIONAL_WRITE_EXHAUSTED_PRIMALITY_UNASSIGNED,514,512,512,NO_RECORDED_FACTOR_PRP_OR_LL_RESULT_AND_NO_ACTIVE_GIMPS_ASSIGNMENT,2026-08-09T04:34:14+00:00,UNALLOCATED,,,,,
SLCMP1765-1511,1511,1511,583575857,2^583575857-1,STRUCTURAL_SCREEN_EXHAUSTED_PRIMALITY_UNASSIGNED,GF3A_DIRECTIONAL_WRITE_EXHAUSTED_PRIMALITY_UNASSIGNED,513,512,512,NO_RECORDED_FACTOR_PRP_OR_LL_RESULT_AND_NO_ACTIVE_GIMPS_ASSIGNMENT,2026-08-09T04:34:14+00:00,UNALLOCATED,,,,,
SLCMP1765-1512,1512,1512,583575871,2^583575871-1,STRUCTURAL_SCREEN_EXHAUSTED_PRIMALITY_UNASSIGNED,GF3A_DIRECTIONAL_WRITE_EXHAUSTED_PRIMALITY_UNASSIGNED,514,512,512,NO_RECORDED_FACTOR_PRP_OR_LL_RESULT_AND_NO_ACTIVE_GIMPS_ASSIGNMENT,2026-08-09T04:34:14+00:00,UNALLOCATED,,,,,
SLCMP1765-1513,1513,1513,583575929,2^583575929-1,STRUCTURAL_SCREEN_EXHAUSTED_PRIMALITY_UNASSIGNED,GF3A_DIRECTIONAL_WRITE_EXHAUSTED_PRIMALITY_UNASSIGNED,513,512,512,NO_RECORDED_FACTOR_PRP_OR_LL_RESULT_AND_NO_ACTIVE_GIMPS_ASSIGNMENT,2026-08-09T04:34:14+00:00,UNALLOCATED,,,,,
SLCMP1765-1514,1514,1514,583575997,2^583575997-1,STRUCTURAL_SCREEN_EXHAUSTED_PRIMALITY_UNASSIGNED,GF3A_DIRECTIONAL_WRITE_EXHAUSTED_PRIMALITY_UNASSIGNED,513,512,512,NO_RECORDED_FACTOR_PRP_OR_LL_RESULT_AND_NO_ACTIVE_GIMPS_ASSIGNMENT,2026-08-09T04:34:14+00:00,UNALLOCATED,,,,,
SLCMP1765-1515,1515,1515,583576027,2^583576027-1,STRUCTURAL_SCREEN_EXHAUSTED_PRIMALITY_UNASSIGNED,GF3A_DIRECTIONAL_WRITE_EXHAUSTED_PRIMALITY_UNASSIGNED,514,512,512,NO_RECORDED_FACTOR_PRP_OR_LL_RESULT_AND_NO_ACTIVE_GIMPS_ASSIGNMENT,2026-08-09T04:34:14+00:00,UNALLOCATED,,,,,
SLCMP1765-1516,1516,1516,583576093,2^583576093-1,STRUCTURAL_SCREEN_EXHAUSTED_PRIMALITY_UNASSIGNED,GF3A_DIRECTIONAL_WRITE_EXHAUSTED_PRIMALITY_UNASSIGNED,513,512,512,NO_RECORDED_FACTOR_PRP_OR_LL_RESULT_AND_NO_ACTIVE_GIMPS_ASSIGNMENT,2026-08-09T04:34:14+00:00,UNALLOCATED,,,,,
SLCMP1765-1517,1517,1517,583576109,2^583576109-1,STRUCTURAL_SCREEN_EXHAUSTED_PRIMALITY_UNASSIGNED,GF3A_DIRECTIONAL_WRITE_EXHAUSTED_PRIMALITY_UNASSIGNED,513,512,512,NO_RECORDED_FACTOR_PRP_OR_LL_RESULT_AND_NO_ACTIVE_GIMPS_ASSIGNMENT,2026-08-09T04:34:14+00:00,UNALLOCATED,,,,,
SLCMP1765-1518,1518,1518,583576129,2^583576129-1,STRUCTURAL_SCREEN_EXHAUSTED_PRIMALITY_UNASSIGNED,GF3A_DIRECTIONAL_WRITE_EXHAUSTED_PRIMALITY_UNASSIGNED,513,512,512,NO_RECORDED_FACTOR_PRP_OR_LL_RESULT_AND_NO_ACTIVE_GIMPS_ASSIGNMENT,2026-08-09T04:34:14+00:00,UNALLOCATED,,,,,
SLCMP1765-1519,1519,1519,583576199,2^583576199-1,STRUCTURAL_SCREEN_EXHAUSTED_PRIMALITY_UNASSIGNED,GF3A_DIRECTIONAL_WRITE_EXHAUSTED_PRIMALITY_UNASSIGNED,514,512,512,NO_RECORDED_FACTOR_PRP_OR_LL_RESULT_AND_NO_ACTIVE_GIMPS_ASSIGNMENT,2026-08-09T04:34:14+00:00,UNALLOCATED,,,,,
SLCMP1765-1520,1520,1520,583576207,2^583576207-1,STRUCTURAL_SCREEN_EXHAUSTED_PRIMALITY_UNASSIGNED,GF3A_DIRECTIONAL_WRITE_EXHAUSTED_PRIMALITY_UNASSIGNED,514,512,512,NO_RECORDED_FACTOR_PRP_OR_LL_RESULT_AND_NO_ACTIVE_GIMPS_ASSIGNMENT,2026-08-09T04:34:14+00:00,UNALLOCATED,,,,,
SLCMP1765-1521,1521,1521,583576277,2^583576277-1,STRUCTURAL_SCREEN_EXHAUSTED_PRIMALITY_UNASSIGNED,GF3A_DIRECTIONAL_WRITE_EXHAUSTED_PRIMALITY_UNASSIGNED,513,512,512,NO_RECORDED_FACTOR_PRP_OR_LL_RESULT_AND_NO_ACTIVE_GIMPS_ASSIGNMENT,2026-08-09T04:34:14+00:00,UNALLOCATED,,,,,
SLCMP1765-1522,1522,1522,583576319,2^583576319-1,STRUCTURAL_SCREEN_EXHAUSTED_PRIMALITY_UNASSIGNED,GF3A_DIRECTIONAL_WRITE_EXHAUSTED_PRIMALITY_UNASSIGNED,514,512,512,NO_RECORDED_FACTOR_PRP_OR_LL_RESULT_AND_NO_ACTIVE_GIMPS_ASSIGNMENT,2026-08-09T04:34:14+00:00,UNALLOCATED,,,,,
SLCMP1765-1523,1523,1523,583576537,2^583576537-1,STRUCTURAL_SCREEN_EXHAUSTED_PRIMALITY_UNASSIGNED,GF3A_DIRECTIONAL_WRITE_EXHAUSTED_PRIMALITY_UNASSIGNED,513,512,512,NO_RECORDED_FACTOR_PRP_OR_LL_RESULT_AND_NO_ACTIVE_GIMPS_ASSIGNMENT,2026-08-09T04:34:14+00:00,UNALLOCATED,,,,,
SLCMP1765-1524,1524,1524,583576667,2^583576667-1,STRUCTURAL_SCREEN_EXHAUSTED_PRIMALITY_UNASSIGNED,GF3A_DIRECTIONAL_WRITE_EXHAUSTED_PRIMALITY_UNASSIGNED,514,512,512,NO_RECORDED_FACTOR_PRP_OR_LL_RESULT_AND_NO_ACTIVE_GIMPS_ASSIGNMENT,2026-08-09T04:34:14+00:00,UNALLOCATED,,,,,
SLCMP1765-1525,1525,1525,583576699,2^583576699-1,STRUCTURAL_SCREEN_EXHAUSTED_PRIMALITY_UNASSIGNED,GF3A_DIRECTIONAL_WRITE_EXHAUSTED_PRIMALITY_UNASSIGNED,514,512,512,NO_RECORDED_FACTOR_PRP_OR_LL_RESULT_AND_NO_ACTIVE_GIMPS_ASSIGNMENT,2026-08-09T04:34:14+00:00,UNALLOCATED,,,,,
SLCMP1765-1526,1526,1526,583576771,2^583576771-1,STRUCTURAL_SCREEN_EXHAUSTED_PRIMALITY_UNASSIGNED,GF3A_DIRECTIONAL_WRITE_EXHAUSTED_PRIMALITY_UNASSIGNED,514,512,512,NO_RECORDED_FACTOR_PRP_OR_LL_RESULT_AND_NO_ACTIVE_GIMPS_ASSIGNMENT,2026-08-09T04:34:14+00:00,UNALLOCATED,,,,,
SLCMP1765-1527,1527,1527,583576787,2^583576787-1,STRUCTURAL_SCREEN_EXHAUSTED_PRIMALITY_UNASSIGNED,GF3A_DIRECTIONAL_WRITE_EXHAUSTED_PRIMALITY_UNASSIGNED,514,512,512,NO_RECORDED_FACTOR_PRP_OR_LL_RESULT_AND_NO_ACTIVE_GIMPS_ASSIGNMENT,2026-08-09T04:34:14+00:00,UNALLOCATED,,,,,
SLCMP1765-1528,1528,1528,583576801,2^583576801-1,STRUCTURAL_SCREEN_EXHAUSTED_PRIMALITY_UNASSIGNED,GF3A_DIRECTIONAL_WRITE_EXHAUSTED_PRIMALITY_UNASSIGNED,513,512,512,NO_RECORDED_FACTOR_PRP_OR_LL_RESULT_AND_NO_ACTIVE_GIMPS_ASSIGNMENT,2026-08-09T04:34:14+00:00,UNALLOCATED,,,,,
SLCMP1765-1529,1529,1529,583576933,2^583576933-1,STRUCTURAL_SCREEN_EXHAUSTED_PRIMALITY_UNASSIGNED,GF3A_DIRECTIONAL_WRITE_EXHAUSTED_PRIMALITY_UNASSIGNED,513,512,512,NO_RECORDED_FACTOR_PRP_OR_LL_RESULT_AND_NO_ACTIVE_GIMPS_ASSIGNMENT,2026-08-09T04:34:14+00:00,UNALLOCATED,,,,,
SLCMP1765-1530,1530,1530,583576993,2^583576993-1,STRUCTURAL_SCREEN_EXHAUSTED_PRIMALITY_UNASSIGNED,GF3A_DIRECTIONAL_WRITE_EXHAUSTED_PRIMALITY_UNASSIGNED,513,512,512,NO_RECORDED_FACTOR_PRP_OR_LL_RESULT_AND_NO_ACTIVE_GIMPS_ASSIGNMENT,2026-08-09T04:34:14+00:00,UNALLOCATED,,,,,
SLCMP1765-1531,1531,1531,583577101,2^583577101-1,STRUCTURAL_SCREEN_EXHAUSTED_PRIMALITY_UNASSIGNED,GF3A_DIRECTIONAL_WRITE_EXHAUSTED_PRIMALITY_UNASSIGNED,513,512,512,NO_RECORDED_FACTOR_PRP_OR_LL_RESULT_AND_NO_ACTIVE_GIMPS_ASSIGNMENT,2026-08-09T04:34:14+00:00,UNALLOCATED,,,,,
SLCMP1765-1532,1532,1532,583577161,2^583577161-1,STRUCTURAL_SCREEN_EXHAUSTED_PRIMALITY_UNASSIGNED,GF3A_DIRECTIONAL_WRITE_EXHAUSTED_PRIMALITY_UNASSIGNED,513,512,512,NO_RECORDED_FACTOR_PRP_OR_LL_RESULT_AND_NO_ACTIVE_GIMPS_ASSIGNMENT,2026-08-09T04:34:14+00:00,UNALLOCATED,,,,,
SLCMP1765-1533,1533,1533,583577227,2^583577227-1,STRUCTURAL_SCREEN_EXHAUSTED_PRIMALITY_UNASSIGNED,GF3A_DIRECTIONAL_WRITE_EXHAUSTED_PRIMALITY_UNASSIGNED,514,512,512,NO_RECORDED_FACTOR_PRP_OR_LL_RESULT_AND_NO_ACTIVE_GIMPS_ASSIGNMENT,2026-08-09T04:34:14+00:00,UNALLOCATED,,,,,
SLCMP1765-1534,1534,1534,583577261,2^583577261-1,STRUCTURAL_SCREEN_EXHAUSTED_PRIMALITY_UNASSIGNED,GF3A_DIRECTIONAL_WRITE_EXHAUSTED_PRIMALITY_UNASSIGNED,513,512,512,NO_RECORDED_FACTOR_PRP_OR_LL_RESULT_AND_NO_ACTIVE_GIMPS_ASSIGNMENT,2026-08-09T04:34:14+00:00,UNALLOCATED,,,,,
SLCMP1765-1535,1535,1535,583577347,2^583577347-1,STRUCTURAL_SCREEN_EXHAUSTED_PRIMALITY_UNASSIGNED,GF3A_DIRECTIONAL_WRITE_EXHAUSTED_PRIMALITY_UNASSIGNED,514,512,512,NO_RECORDED_FACTOR_PRP_OR_LL_RESULT_AND_NO_ACTIVE_GIMPS_ASSIGNMENT,2026-08-09T04:34:14+00:00,UNALLOCATED,,,,,
SLCMP1765-1536,1536,1536,583577497,2^583577497-1,STRUCTURAL_SCREEN_EXHAUSTED_PRIMALITY_UNASSIGNED,GF3A_DIRECTIONAL_WRITE_EXHAUSTED_PRIMALITY_UNASSIGNED,513,512,512,NO_RECORDED_FACTOR_PRP_OR_LL_RESULT_AND_NO_ACTIVE_GIMPS_ASSIGNMENT,2026-08-09T04:34:14+00:00,UNALLOCATED,,,,,
SLCMP1765-1537,1537,1537,583577531,2^583577531-1,STRUCTURAL_SCREEN_EXHAUSTED_PRIMALITY_UNASSIGNED,GF3A_DIRECTIONAL_WRITE_EXHAUSTED_PRIMALITY_UNASSIGNED,514,512,512,NO_RECORDED_FACTOR_PRP_OR_LL_RESULT_AND_NO_ACTIVE_GIMPS_ASSIGNMENT,2026-08-09T04:34:14+00:00,UNALLOCATED,,,,,
SLCMP1765-1538,1538,1538,583577557,2^583577557-1,STRUCTURAL_SCREEN_EXHAUSTED_PRIMALITY_UNASSIGNED,GF3A_DIRECTIONAL_WRITE_EXHAUSTED_PRIMALITY_UNASSIGNED,513,512,512,NO_RECORDED_FACTOR_PRP_OR_LL_RESULT_AND_NO_ACTIVE_GIMPS_ASSIGNMENT,2026-08-09T04:34:14+00:00,UNALLOCATED,,,,,
SLCMP1765-1539,1539,1539,583577591,2^583577591-1,STRUCTURAL_SCREEN_EXHAUSTED_PRIMALITY_UNASSIGNED,GF3A_DIRECTIONAL_WRITE_EXHAUSTED_PRIMALITY_UNASSIGNED,514,512,512,NO_RECORDED_FACTOR_PRP_OR_LL_RESULT_AND_NO_ACTIVE_GIMPS_ASSIGNMENT,2026-08-09T04:34:14+00:00,UNALLOCATED,,,,,
SLCMP1765-1540,1540,1540,583577719,2^583577719-1,STRUCTURAL_SCREEN_EXHAUSTED_PRIMALITY_UNASSIGNED,GF3A_DIRECTIONAL_WRITE_EXHAUSTED_PRIMALITY_UNASSIGNED,514,512,512,NO_RECORDED_FACTOR_PRP_OR_LL_RESULT_AND_NO_ACTIVE_GIMPS_ASSIGNMENT,2026-08-09T04:34:14+00:00,UNALLOCATED,,,,,
SLCMP1765-1541,1541,1541,583577737,2^583577737-1,STRUCTURAL_SCREEN_EXHAUSTED_PRIMALITY_UNASSIGNED,GF3A_DIRECTIONAL_WRITE_EXHAUSTED_PRIMALITY_UNASSIGNED,513,512,512,NO_RECORDED_FACTOR_PRP_OR_LL_RESULT_AND_NO_ACTIVE_GIMPS_ASSIGNMENT,2026-08-09T04:34:14+00:00,UNALLOCATED,,,,,
SLCMP1765-1542,1542,1542,583577749,2^583577749-1,STRUCTURAL_SCREEN_EXHAUSTED_PRIMALITY_UNASSIGNED,GF3A_DIRECTIONAL_WRITE_EXHAUSTED_PRIMALITY_UNASSIGNED,513,512,512,NO_RECORDED_FACTOR_PRP_OR_LL_RESULT_AND_NO_ACTIVE_GIMPS_ASSIGNMENT,2026-08-09T04:34:14+00:00,UNALLOCATED,,,,,
SLCMP1765-1543,1543,1543,583577777,2^583577777-1,STRUCTURAL_SCREEN_EXHAUSTED_PRIMALITY_UNASSIGNED,GF3A_DIRECTIONAL_WRITE_EXHAUSTED_PRIMALITY_UNASSIGNED,513,512,512,NO_RECORDED_FACTOR_PRP_OR_LL_RESULT_AND_NO_ACTIVE_GIMPS_ASSIGNMENT,2026-08-09T04:34:14+00:00,UNALLOCATED,,,,,
SLCMP1765-1544,1544,1544,583577833,2^583577833-1,STRUCTURAL_SCREEN_EXHAUSTED_PRIMALITY_UNASSIGNED,GF3A_DIRECTIONAL_WRITE_EXHAUSTED_PRIMALITY_UNASSIGNED,513,512,512,NO_RECORDED_FACTOR_PRP_OR_LL_RESULT_AND_NO_ACTIVE_GIMPS_ASSIGNMENT,2026-08-09T04:34:14+00:00,UNALLOCATED,,,,,
SLCMP1765-1545,1545,1545,583577851,2^583577851-1,STRUCTURAL_SCREEN_EXHAUSTED_PRIMALITY_UNASSIGNED,GF3A_DIRECTIONAL_WRITE_EXHAUSTED_PRIMALITY_UNASSIGNED,514,512,512,NO_RECORDED_FACTOR_PRP_OR_LL_RESULT_AND_NO_ACTIVE_GIMPS_ASSIGNMENT,2026-08-09T04:34:14+00:00,UNALLOCATED,,,,,
SLCMP1765-1546,1546,1546,583577903,2^583577903-1,STRUCTURAL_SCREEN_EXHAUSTED_PRIMALITY_UNASSIGNED,GF3A_DIRECTIONAL_WRITE_EXHAUSTED_PRIMALITY_UNASSIGNED,514,512,512,NO_RECORDED_FACTOR_PRP_OR_LL_RESULT_AND_NO_ACTIVE_GIMPS_ASSIGNMENT,2026-08-09T04:34:14+00:00,UNALLOCATED,,,,,
SLCMP1765-1547,1547,1547,583577999,2^583577999-1,STRUCTURAL_SCREEN_EXHAUSTED_PRIMALITY_UNASSIGNED,GF3A_DIRECTIONAL_WRITE_EXHAUSTED_PRIMALITY_UNASSIGNED,514,512,512,NO_RECORDED_FACTOR_PRP_OR_LL_RESULT_AND_NO_ACTIVE_GIMPS_ASSIGNMENT,2026-08-09T04:34:14+00:00,UNALLOCATED,,,,,
SLCMP1765-1548,1548,1548,583578001,2^583578001-1,STRUCTURAL_SCREEN_EXHAUSTED_PRIMALITY_UNASSIGNED,GF3A_DIRECTIONAL_WRITE_EXHAUSTED_PRIMALITY_UNASSIGNED,513,512,512,NO_RECORDED_FACTOR_PRP_OR_LL_RESULT_AND_NO_ACTIVE_GIMPS_ASSIGNMENT,2026-08-09T04:34:14+00:00,UNALLOCATED,,,,,
SLCMP1765-1549,1549,1549,583578031,2^583578031-1,STRUCTURAL_SCREEN_EXHAUSTED_PRIMALITY_UNASSIGNED,GF3A_DIRECTIONAL_WRITE_EXHAUSTED_PRIMALITY_UNASSIGNED,514,512,512,NO_RECORDED_FACTOR_PRP_OR_LL_RESULT_AND_NO_ACTIVE_GIMPS_ASSIGNMENT,2026-08-09T04:34:14+00:00,UNALLOCATED,,,,,
SLCMP1765-1550,1550,1550,583578173,2^583578173-1,STRUCTURAL_SCREEN_EXHAUSTED_PRIMALITY_UNASSIGNED,GF3A_DIRECTIONAL_WRITE_EXHAUSTED_PRIMALITY_UNASSIGNED,513,512,512,NO_RECORDED_FACTOR_PRP_OR_LL_RESULT_AND_NO_ACTIVE_GIMPS_ASSIGNMENT,2026-08-09T04:34:14+00:00,UNALLOCATED,,,,,
SLCMP1765-1551,1551,1551,583578257,2^583578257-1,STRUCTURAL_SCREEN_EXHAUSTED_PRIMALITY_UNASSIGNED,GF3A_DIRECTIONAL_WRITE_EXHAUSTED_PRIMALITY_UNASSIGNED,513,512,512,NO_RECORDED_FACTOR_PRP_OR_LL_RESULT_AND_NO_ACTIVE_GIMPS_ASSIGNMENT,2026-08-09T04:34:14+00:00,UNALLOCATED,,,,,
SLCMP1765-1552,1552,1552,583578301,2^583578301-1,STRUCTURAL_SCREEN_EXHAUSTED_PRIMALITY_UNASSIGNED,GF3A_DIRECTIONAL_WRITE_EXHAUSTED_PRIMALITY_UNASSIGNED,513,512,512,NO_RECORDED_FACTOR_PRP_OR_LL_RESULT_AND_NO_ACTIVE_GIMPS_ASSIGNMENT,2026-08-09T04:34:14+00:00,UNALLOCATED,,,,,
SLCMP1765-1553,1553,1553,583578343,2^583578343-1,STRUCTURAL_SCREEN_EXHAUSTED_PRIMALITY_UNASSIGNED,GF3A_DIRECTIONAL_WRITE_EXHAUSTED_PRIMALITY_UNASSIGNED,514,512,512,NO_RECORDED_FACTOR_PRP_OR_LL_RESULT_AND_NO_ACTIVE_GIMPS_ASSIGNMENT,2026-08-09T04:34:14+00:00,UNALLOCATED,,,,,
SLCMP1765-1554,1554,1554,583578353,2^583578353-1,STRUCTURAL_SCREEN_EXHAUSTED_PRIMALITY_UNASSIGNED,GF3A_DIRECTIONAL_WRITE_EXHAUSTED_PRIMALITY_UNASSIGNED,513,512,512,NO_RECORDED_FACTOR_PRP_OR_LL_RESULT_AND_NO_ACTIVE_GIMPS_ASSIGNMENT,2026-08-09T04:34:14+00:00,UNALLOCATED,,,,,
SLCMP1765-1555,1555,1555,583578427,2^583578427-1,STRUCTURAL_SCREEN_EXHAUSTED_PRIMALITY_UNASSIGNED,GF3A_DIRECTIONAL_WRITE_EXHAUSTED_PRIMALITY_UNASSIGNED,514,512,512,NO_RECORDED_FACTOR_PRP_OR_LL_RESULT_AND_NO_ACTIVE_GIMPS_ASSIGNMENT,2026-08-09T04:34:14+00:00,UNALLOCATED,,,,,
SLCMP1765-1556,1556,1556,583578433,2^583578433-1,STRUCTURAL_SCREEN_EXHAUSTED_PRIMALITY_UNASSIGNED,GF3A_DIRECTIONAL_WRITE_EXHAUSTED_PRIMALITY_UNASSIGNED,513,512,512,NO_RECORDED_FACTOR_PRP_OR_LL_RESULT_AND_NO_ACTIVE_GIMPS_ASSIGNMENT,2026-08-09T04:34:14+00:00,UNALLOCATED,,,,,
SLCMP1765-1557,1557,1557,583578473,2^583578473-1,STRUCTURAL_SCREEN_EXHAUSTED_PRIMALITY_UNASSIGNED,GF3A_DIRECTIONAL_WRITE_EXHAUSTED_PRIMALITY_UNASSIGNED,513,512,512,NO_RECORDED_FACTOR_PRP_OR_LL_RESULT_AND_NO_ACTIVE_GIMPS_ASSIGNMENT,2026-08-09T04:34:14+00:00,UNALLOCATED,,,,,
SLCMP1765-1558,1558,1558,583578551,2^583578551-1,STRUCTURAL_SCREEN_EXHAUSTED_PRIMALITY_UNASSIGNED,GF3A_DIRECTIONAL_WRITE_EXHAUSTED_PRIMALITY_UNASSIGNED,514,512,512,NO_RECORDED_FACTOR_PRP_OR_LL_RESULT_AND_NO_ACTIVE_GIMPS_ASSIGNMENT,2026-08-09T04:34:14+00:00,UNALLOCATED,,,,,
SLCMP1765-1559,1559,1559,583578599,2^583578599-1,STRUCTURAL_SCREEN_EXHAUSTED_PRIMALITY_UNASSIGNED,GF3A_DIRECTIONAL_WRITE_EXHAUSTED_PRIMALITY_UNASSIGNED,514,512,512,NO_RECORDED_FACTOR_PRP_OR_LL_RESULT_AND_NO_ACTIVE_GIMPS_ASSIGNMENT,2026-08-09T04:34:14+00:00,UNALLOCATED,,,,,
SLCMP1765-1560,1560,1560,583578713,2^583578713-1,STRUCTURAL_SCREEN_EXHAUSTED_PRIMALITY_UNASSIGNED,GF3A_DIRECTIONAL_WRITE_EXHAUSTED_PRIMALITY_UNASSIGNED,513,512,512,NO_RECORDED_FACTOR_PRP_OR_LL_RESULT_AND_NO_ACTIVE_GIMPS_ASSIGNMENT,2026-08-09T04:34:14+00:00,UNALLOCATED,,,,,
SLCMP1765-1561,1561,1561,583578719,2^583578719-1,STRUCTURAL_SCREEN_EXHAUSTED_PRIMALITY_UNASSIGNED,GF3A_DIRECTIONAL_WRITE_EXHAUSTED_PRIMALITY_UNASSIGNED,514,512,512,NO_RECORDED_FACTOR_PRP_OR_LL_RESULT_AND_NO_ACTIVE_GIMPS_ASSIGNMENT,2026-08-09T04:34:14+00:00,UNALLOCATED,,,,,
SLCMP1765-1562,1562,1562,583578731,2^583578731-1,STRUCTURAL_SCREEN_EXHAUSTED_PRIMALITY_UNASSIGNED,GF3A_DIRECTIONAL_WRITE_EXHAUSTED_PRIMALITY_UNASSIGNED,514,512,512,NO_RECORDED_FACTOR_PRP_OR_LL_RESULT_AND_NO_ACTIVE_GIMPS_ASSIGNMENT,2026-08-09T04:34:14+00:00,UNALLOCATED,,,,,
SLCMP1765-1563,1563,1563,583578773,2^583578773-1,STRUCTURAL_SCREEN_EXHAUSTED_PRIMALITY_UNASSIGNED,GF3A_DIRECTIONAL_WRITE_EXHAUSTED_PRIMALITY_UNASSIGNED,513,512,512,NO_RECORDED_FACTOR_PRP_OR_LL_RESULT_AND_NO_ACTIVE_GIMPS_ASSIGNMENT,2026-08-09T04:34:14+00:00,UNALLOCATED,,,,,
SLCMP1765-1564,1564,1564,583578817,2^583578817-1,STRUCTURAL_SCREEN_EXHAUSTED_PRIMALITY_UNASSIGNED,GF3A_DIRECTIONAL_WRITE_EXHAUSTED_PRIMALITY_UNASSIGNED,513,512,512,NO_RECORDED_FACTOR_PRP_OR_LL_RESULT_AND_NO_ACTIVE_GIMPS_ASSIGNMENT,2026-08-09T04:34:14+00:00,UNALLOCATED,,,,,
SLCMP1765-1565,1565,1565,583578829,2^583578829-1,STRUCTURAL_SCREEN_EXHAUSTED_PRIMALITY_UNASSIGNED,GF3A_DIRECTIONAL_WRITE_EXHAUSTED_PRIMALITY_UNASSIGNED,513,512,512,NO_RECORDED_FACTOR_PRP_OR_LL_RESULT_AND_NO_ACTIVE_GIMPS_ASSIGNMENT,2026-08-09T04:34:14+00:00,UNALLOCATED,,,,,
SLCMP1765-1566,1566,1566,583578889,2^583578889-1,STRUCTURAL_SCREEN_EXHAUSTED_PRIMALITY_UNASSIGNED,GF3A_DIRECTIONAL_WRITE_EXHAUSTED_PRIMALITY_UNASSIGNED,513,512,512,NO_RECORDED_FACTOR_PRP_OR_LL_RESULT_AND_NO_ACTIVE_GIMPS_ASSIGNMENT,2026-08-09T04:34:14+00:00,UNALLOCATED,,,,,
SLCMP1765-1567,1567,1567,583579049,2^583579049-1,STRUCTURAL_SCREEN_EXHAUSTED_PRIMALITY_UNASSIGNED,GF3A_DIRECTIONAL_WRITE_EXHAUSTED_PRIMALITY_UNASSIGNED,513,512,512,NO_RECORDED_FACTOR_PRP_OR_LL_RESULT_AND_NO_ACTIVE_GIMPS_ASSIGNMENT,2026-08-09T04:34:14+00:00,UNALLOCATED,,,,,
SLCMP1765-1568,1568,1568,583579079,2^583579079-1,STRUCTURAL_SCREEN_EXHAUSTED_PRIMALITY_UNASSIGNED,GF3A_DIRECTIONAL_WRITE_EXHAUSTED_PRIMALITY_UNASSIGNED,514,512,512,NO_RECORDED_FACTOR_PRP_OR_LL_RESULT_AND_NO_ACTIVE_GIMPS_ASSIGNMENT,2026-08-09T04:34:14+00:00,UNALLOCATED,,,,,
SLCMP1765-1569,1569,1569,583579229,2^583579229-1,STRUCTURAL_SCREEN_EXHAUSTED_PRIMALITY_UNASSIGNED,GF3A_DIRECTIONAL_WRITE_EXHAUSTED_PRIMALITY_UNASSIGNED,513,512,512,NO_RECORDED_FACTOR_PRP_OR_LL_RESULT_AND_NO_ACTIVE_GIMPS_ASSIGNMENT,2026-08-09T04:34:14+00:00,UNALLOCATED,,,,,
SLCMP1765-1570,1570,1570,583579277,2^583579277-1,STRUCTURAL_SCREEN_EXHAUSTED_PRIMALITY_UNASSIGNED,GF3A_DIRECTIONAL_WRITE_EXHAUSTED_PRIMALITY_UNASSIGNED,513,512,512,NO_RECORDED_FACTOR_PRP_OR_LL_RESULT_AND_NO_ACTIVE_GIMPS_ASSIGNMENT,2026-08-09T04:34:14+00:00,UNALLOCATED,,,,,
SLCMP1765-1571,1571,1571,583579279,2^583579279-1,STRUCTURAL_SCREEN_EXHAUSTED_PRIMALITY_UNASSIGNED,GF3A_DIRECTIONAL_WRITE_EXHAUSTED_PRIMALITY_UNASSIGNED,514,512,512,NO_RECORDED_FACTOR_PRP_OR_LL_RESULT_AND_NO_ACTIVE_GIMPS_ASSIGNMENT,2026-08-09T04:34:14+00:00,UNALLOCATED,,,,,
SLCMP1765-1572,1572,1572,583579289,2^583579289-1,STRUCTURAL_SCREEN_EXHAUSTED_PRIMALITY_UNASSIGNED,GF3A_DIRECTIONAL_WRITE_EXHAUSTED_PRIMALITY_UNASSIGNED,513,512,512,NO_RECORDED_FACTOR_PRP_OR_LL_RESULT_AND_NO_ACTIVE_GIMPS_ASSIGNMENT,2026-08-09T04:34:14+00:00,UNALLOCATED,,,,,
SLCMP1765-1573,1573,1573,583579291,2^583579291-1,STRUCTURAL_SCREEN_EXHAUSTED_PRIMALITY_UNASSIGNED,GF3A_DIRECTIONAL_WRITE_EXHAUSTED_PRIMALITY_UNASSIGNED,514,512,512,NO_RECORDED_FACTOR_PRP_OR_LL_RESULT_AND_NO_ACTIVE_GIMPS_ASSIGNMENT,2026-08-09T04:34:14+00:00,UNALLOCATED,,,,,
SLCMP1765-1574,1574,1574,583579397,2^583579397-1,STRUCTURAL_SCREEN_EXHAUSTED_PRIMALITY_UNASSIGNED,GF3A_DIRECTIONAL_WRITE_EXHAUSTED_PRIMALITY_UNASSIGNED,513,512,512,NO_RECORDED_FACTOR_PRP_OR_LL_RESULT_AND_NO_ACTIVE_GIMPS_ASSIGNMENT,2026-08-09T04:34:14+00:00,UNALLOCATED,,,,,
SLCMP1765-1575,1575,1575,583579457,2^583579457-1,STRUCTURAL_SCREEN_EXHAUSTED_PRIMALITY_UNASSIGNED,GF3A_DIRECTIONAL_WRITE_EXHAUSTED_PRIMALITY_UNASSIGNED,513,512,512,NO_RECORDED_FACTOR_PRP_OR_LL_RESULT_AND_NO_ACTIVE_GIMPS_ASSIGNMENT,2026-08-09T04:34:14+00:00,UNALLOCATED,,,,,
SLCMP1765-1576,1576,1576,583579481,2^583579481-1,STRUCTURAL_SCREEN_EXHAUSTED_PRIMALITY_UNASSIGNED,GF3A_DIRECTIONAL_WRITE_EXHAUSTED_PRIMALITY_UNASSIGNED,513,512,512,NO_RECORDED_FACTOR_PRP_OR_LL_RESULT_AND_NO_ACTIVE_GIMPS_ASSIGNMENT,2026-08-09T04:34:14+00:00,UNALLOCATED,,,,,
SLCMP1765-1577,1577,1577,583579543,2^583579543-1,STRUCTURAL_SCREEN_EXHAUSTED_PRIMALITY_UNASSIGNED,GF3A_DIRECTIONAL_WRITE_EXHAUSTED_PRIMALITY_UNASSIGNED,514,512,512,NO_RECORDED_FACTOR_PRP_OR_LL_RESULT_AND_NO_ACTIVE_GIMPS_ASSIGNMENT,2026-08-09T04:34:14+00:00,UNALLOCATED,,,,,
SLCMP1765-1578,1578,1578,583579597,2^583579597-1,STRUCTURAL_SCREEN_EXHAUSTED_PRIMALITY_UNASSIGNED,GF3A_DIRECTIONAL_WRITE_EXHAUSTED_PRIMALITY_UNASSIGNED,513,512,512,NO_RECORDED_FACTOR_PRP_OR_LL_RESULT_AND_NO_ACTIVE_GIMPS_ASSIGNMENT,2026-08-09T04:34:14+00:00,UNALLOCATED,,,,,
SLCMP1765-1579,1579,1579,583579637,2^583579637-1,STRUCTURAL_SCREEN_EXHAUSTED_PRIMALITY_UNASSIGNED,GF3A_DIRECTIONAL_WRITE_EXHAUSTED_PRIMALITY_UNASSIGNED,513,512,512,NO_RECORDED_FACTOR_PRP_OR_LL_RESULT_AND_NO_ACTIVE_GIMPS_ASSIGNMENT,2026-08-09T04:34:14+00:00,UNALLOCATED,,,,,
SLCMP1765-1580,1580,1580,583579709,2^583579709-1,STRUCTURAL_SCREEN_EXHAUSTED_PRIMALITY_UNASSIGNED,GF3A_DIRECTIONAL_WRITE_EXHAUSTED_PRIMALITY_UNASSIGNED,513,512,512,NO_RECORDED_FACTOR_PRP_OR_LL_RESULT_AND_NO_ACTIVE_GIMPS_ASSIGNMENT,2026-08-09T04:34:14+00:00,UNALLOCATED,,,,,
SLCMP1765-1581,1581,1581,583579891,2^583579891-1,STRUCTURAL_SCREEN_EXHAUSTED_PRIMALITY_UNASSIGNED,GF3A_DIRECTIONAL_WRITE_EXHAUSTED_PRIMALITY_UNASSIGNED,514,512,512,NO_RECORDED_FACTOR_PRP_OR_LL_RESULT_AND_NO_ACTIVE_GIMPS_ASSIGNMENT,2026-08-09T04:34:14+00:00,UNALLOCATED,,,,,
SLCMP1765-1582,1582,1582,583579901,2^583579901-1,STRUCTURAL_SCREEN_EXHAUSTED_PRIMALITY_UNASSIGNED,GF3A_DIRECTIONAL_WRITE_EXHAUSTED_PRIMALITY_UNASSIGNED,513,512,512,NO_RECORDED_FACTOR_PRP_OR_LL_RESULT_AND_NO_ACTIVE_GIMPS_ASSIGNMENT,2026-08-09T04:34:14+00:00,UNALLOCATED,,,,,
SLCMP1765-1583,1583,1583,583579903,2^583579903-1,STRUCTURAL_SCREEN_EXHAUSTED_PRIMALITY_UNASSIGNED,GF3A_DIRECTIONAL_WRITE_EXHAUSTED_PRIMALITY_UNASSIGNED,514,512,512,NO_RECORDED_FACTOR_PRP_OR_LL_RESULT_AND_NO_ACTIVE_GIMPS_ASSIGNMENT,2026-08-09T04:34:14+00:00,UNALLOCATED,,,,,
SLCMP1765-1584,1584,1584,583580017,2^583580017-1,STRUCTURAL_SCREEN_EXHAUSTED_PRIMALITY_UNASSIGNED,GF3A_DIRECTIONAL_WRITE_EXHAUSTED_PRIMALITY_UNASSIGNED,513,512,512,NO_RECORDED_FACTOR_PRP_OR_LL_RESULT_AND_NO_ACTIVE_GIMPS_ASSIGNMENT,2026-08-09T04:34:14+00:00,UNALLOCATED,,,,,
SLCMP1765-1585,1585,1585,583580087,2^583580087-1,STRUCTURAL_SCREEN_EXHAUSTED_PRIMALITY_UNASSIGNED,GF3A_DIRECTIONAL_WRITE_EXHAUSTED_PRIMALITY_UNASSIGNED,514,512,512,NO_RECORDED_FACTOR_PRP_OR_LL_RESULT_AND_NO_ACTIVE_GIMPS_ASSIGNMENT,2026-08-09T04:34:14+00:00,UNALLOCATED,,,,,
SLCMP1765-1586,1586,1586,583580161,2^583580161-1,STRUCTURAL_SCREEN_EXHAUSTED_PRIMALITY_UNASSIGNED,GF3A_DIRECTIONAL_WRITE_EXHAUSTED_PRIMALITY_UNASSIGNED,513,512,512,NO_RECORDED_FACTOR_PRP_OR_LL_RESULT_AND_NO_ACTIVE_GIMPS_ASSIGNMENT,2026-08-09T04:34:14+00:00,UNALLOCATED,,,,,
SLCMP1765-1587,1587,1587,583580197,2^583580197-1,STRUCTURAL_SCREEN_EXHAUSTED_PRIMALITY_UNASSIGNED,GF3A_DIRECTIONAL_WRITE_EXHAUSTED_PRIMALITY_UNASSIGNED,513,512,512,NO_RECORDED_FACTOR_PRP_OR_LL_RESULT_AND_NO_ACTIVE_GIMPS_ASSIGNMENT,2026-08-09T04:34:14+00:00,UNALLOCATED,,,,,
SLCMP1765-1588,1588,1588,583580237,2^583580237-1,STRUCTURAL_SCREEN_EXHAUSTED_PRIMALITY_UNASSIGNED,GF3A_DIRECTIONAL_WRITE_EXHAUSTED_PRIMALITY_UNASSIGNED,513,512,512,NO_RECORDED_FACTOR_PRP_OR_LL_RESULT_AND_NO_ACTIVE_GIMPS_ASSIGNMENT,2026-08-09T04:34:14+00:00,UNALLOCATED,,,,,
SLCMP1765-1589,1589,1589,583580273,2^583580273-1,STRUCTURAL_SCREEN_EXHAUSTED_PRIMALITY_UNASSIGNED,GF3A_DIRECTIONAL_WRITE_EXHAUSTED_PRIMALITY_UNASSIGNED,513,512,512,NO_RECORDED_FACTOR_PRP_OR_LL_RESULT_AND_NO_ACTIVE_GIMPS_ASSIGNMENT,2026-08-09T04:34:14+00:00,UNALLOCATED,,,,,
SLCMP1765-1590,1590,1590,583580299,2^583580299-1,STRUCTURAL_SCREEN_EXHAUSTED_PRIMALITY_UNASSIGNED,GF3A_DIRECTIONAL_WRITE_EXHAUSTED_PRIMALITY_UNASSIGNED,514,512,512,NO_RECORDED_FACTOR_PRP_OR_LL_RESULT_AND_NO_ACTIVE_GIMPS_ASSIGNMENT,2026-08-09T04:34:14+00:00,UNALLOCATED,,,,,
SLCMP1765-1591,1591,1591,583580329,2^583580329-1,STRUCTURAL_SCREEN_EXHAUSTED_PRIMALITY_UNASSIGNED,GF3A_DIRECTIONAL_WRITE_EXHAUSTED_PRIMALITY_UNASSIGNED,513,512,512,NO_RECORDED_FACTOR_PRP_OR_LL_RESULT_AND_NO_ACTIVE_GIMPS_ASSIGNMENT,2026-08-09T04:34:14+00:00,UNALLOCATED,,,,,
SLCMP1765-1592,1592,1592,583580339,2^583580339-1,STRUCTURAL_SCREEN_EXHAUSTED_PRIMALITY_UNASSIGNED,GF3A_DIRECTIONAL_WRITE_EXHAUSTED_PRIMALITY_UNASSIGNED,514,512,512,NO_RECORDED_FACTOR_PRP_OR_LL_RESULT_AND_NO_ACTIVE_GIMPS_ASSIGNMENT,2026-08-09T04:34:14+00:00,UNALLOCATED,,,,,
SLCMP1765-1593,1593,1593,583580411,2^583580411-1,STRUCTURAL_SCREEN_EXHAUSTED_PRIMALITY_UNASSIGNED,GF3A_DIRECTIONAL_WRITE_EXHAUSTED_PRIMALITY_UNASSIGNED,514,512,512,NO_RECORDED_FACTOR_PRP_OR_LL_RESULT_AND_NO_ACTIVE_GIMPS_ASSIGNMENT,2026-08-09T04:34:14+00:00,UNALLOCATED,,,,,
SLCMP1765-1594,1594,1594,583580533,2^583580533-1,STRUCTURAL_SCREEN_EXHAUSTED_PRIMALITY_UNASSIGNED,GF3A_DIRECTIONAL_WRITE_EXHAUSTED_PRIMALITY_UNASSIGNED,513,512,512,NO_RECORDED_FACTOR_PRP_OR_LL_RESULT_AND_NO_ACTIVE_GIMPS_ASSIGNMENT,2026-08-09T04:34:14+00:00,UNALLOCATED,,,,,
SLCMP1765-1595,1595,1595,583580579,2^583580579-1,STRUCTURAL_SCREEN_EXHAUSTED_PRIMALITY_UNASSIGNED,GF3A_DIRECTIONAL_WRITE_EXHAUSTED_PRIMALITY_UNASSIGNED,514,512,512,NO_RECORDED_FACTOR_PRP_OR_LL_RESULT_AND_NO_ACTIVE_GIMPS_ASSIGNMENT,2026-08-09T04:34:14+00:00,UNALLOCATED,,,,,
SLCMP1765-1596,1596,1596,583580603,2^583580603-1,STRUCTURAL_SCREEN_EXHAUSTED_PRIMALITY_UNASSIGNED,GF3A_DIRECTIONAL_WRITE_EXHAUSTED_PRIMALITY_UNASSIGNED,514,512,512,NO_RECORDED_FACTOR_PRP_OR_LL_RESULT_AND_NO_ACTIVE_GIMPS_ASSIGNMENT,2026-08-09T04:34:14+00:00,UNALLOCATED,,,,,
SLCMP1765-1597,1597,1597,583580629,2^583580629-1,STRUCTURAL_SCREEN_EXHAUSTED_PRIMALITY_UNASSIGNED,GF3A_DIRECTIONAL_WRITE_EXHAUSTED_PRIMALITY_UNASSIGNED,513,512,512,NO_RECORDED_FACTOR_PRP_OR_LL_RESULT_AND_NO_ACTIVE_GIMPS_ASSIGNMENT,2026-08-09T04:34:14+00:00,UNALLOCATED,,,,,
SLCMP1765-1598,1598,1598,583580779,2^583580779-1,STRUCTURAL_SCREEN_EXHAUSTED_PRIMALITY_UNASSIGNED,GF3A_DIRECTIONAL_WRITE_EXHAUSTED_PRIMALITY_UNASSIGNED,514,512,512,NO_RECORDED_FACTOR_PRP_OR_LL_RESULT_AND_NO_ACTIVE_GIMPS_ASSIGNMENT,2026-08-09T04:34:14+00:00,UNALLOCATED,,,,,
SLCMP1765-1599,1599,1599,583580819,2^583580819-1,STRUCTURAL_SCREEN_EXHAUSTED_PRIMALITY_UNASSIGNED,GF3A_DIRECTIONAL_WRITE_EXHAUSTED_PRIMALITY_UNASSIGNED,514,512,512,NO_RECORDED_FACTOR_PRP_OR_LL_RESULT_AND_NO_ACTIVE_GIMPS_ASSIGNMENT,2026-08-09T04:34:14+00:00,UNALLOCATED,,,,,
SLCMP1765-1600,1600,1600,583580969,2^583580969-1,STRUCTURAL_SCREEN_EXHAUSTED_PRIMALITY_UNASSIGNED,GF3A_DIRECTIONAL_WRITE_EXHAUSTED_PRIMALITY_UNASSIGNED,513,512,512,NO_RECORDED_FACTOR_PRP_OR_LL_RESULT_AND_NO_ACTIVE_GIMPS_ASSIGNMENT,2026-08-09T04:34:14+00:00,UNALLOCATED,,,,,
SLCMP1765-1601,1601,1601,583581023,2^583581023-1,STRUCTURAL_SCREEN_EXHAUSTED_PRIMALITY_UNASSIGNED,GF3A_DIRECTIONAL_WRITE_EXHAUSTED_PRIMALITY_UNASSIGNED,514,512,512,NO_RECORDED_FACTOR_PRP_OR_LL_RESULT_AND_NO_ACTIVE_GIMPS_ASSIGNMENT,2026-08-09T04:34:14+00:00,UNALLOCATED,,,,,
SLCMP1765-1602,1602,1602,583581043,2^583581043-1,STRUCTURAL_SCREEN_EXHAUSTED_PRIMALITY_UNASSIGNED,GF3A_DIRECTIONAL_WRITE_EXHAUSTED_PRIMALITY_UNASSIGNED,514,512,512,NO_RECORDED_FACTOR_PRP_OR_LL_RESULT_AND_NO_ACTIVE_GIMPS_ASSIGNMENT,2026-08-09T04:34:14+00:00,UNALLOCATED,,,,,
SLCMP1765-1603,1603,1603,583581077,2^583581077-1,STRUCTURAL_SCREEN_EXHAUSTED_PRIMALITY_UNASSIGNED,GF3A_DIRECTIONAL_WRITE_EXHAUSTED_PRIMALITY_UNASSIGNED,513,512,512,NO_RECORDED_FACTOR_PRP_OR_LL_RESULT_AND_NO_ACTIVE_GIMPS_ASSIGNMENT,2026-08-09T04:34:14+00:00,UNALLOCATED,,,,,
SLCMP1765-1604,1604,1604,583581091,2^583581091-1,STRUCTURAL_SCREEN_EXHAUSTED_PRIMALITY_UNASSIGNED,GF3A_DIRECTIONAL_WRITE_EXHAUSTED_PRIMALITY_UNASSIGNED,514,512,512,NO_RECORDED_FACTOR_PRP_OR_LL_RESULT_AND_NO_ACTIVE_GIMPS_ASSIGNMENT,2026-08-09T04:34:14+00:00,UNALLOCATED,,,,,
SLCMP1765-1605,1605,1605,583581113,2^583581113-1,STRUCTURAL_SCREEN_EXHAUSTED_PRIMALITY_UNASSIGNED,GF3A_DIRECTIONAL_WRITE_EXHAUSTED_PRIMALITY_UNASSIGNED,513,512,512,NO_RECORDED_FACTOR_PRP_OR_LL_RESULT_AND_NO_ACTIVE_GIMPS_ASSIGNMENT,2026-08-09T04:34:14+00:00,UNALLOCATED,,,,,
SLCMP1765-1606,1606,1606,583581121,2^583581121-1,STRUCTURAL_SCREEN_EXHAUSTED_PRIMALITY_UNASSIGNED,GF3A_DIRECTIONAL_WRITE_EXHAUSTED_PRIMALITY_UNASSIGNED,513,512,512,NO_RECORDED_FACTOR_PRP_OR_LL_RESULT_AND_NO_ACTIVE_GIMPS_ASSIGNMENT,2026-08-09T04:34:14+00:00,UNALLOCATED,,,,,
SLCMP1765-1607,1607,1607,583581227,2^583581227-1,STRUCTURAL_SCREEN_EXHAUSTED_PRIMALITY_UNASSIGNED,GF3A_DIRECTIONAL_WRITE_EXHAUSTED_PRIMALITY_UNASSIGNED,514,512,512,NO_RECORDED_FACTOR_PRP_OR_LL_RESULT_AND_NO_ACTIVE_GIMPS_ASSIGNMENT,2026-08-09T04:34:14+00:00,UNALLOCATED,,,,,
SLCMP1765-1608,1608,1608,583581367,2^583581367-1,STRUCTURAL_SCREEN_EXHAUSTED_PRIMALITY_UNASSIGNED,GF3A_DIRECTIONAL_WRITE_EXHAUSTED_PRIMALITY_UNASSIGNED,514,512,512,NO_RECORDED_FACTOR_PRP_OR_LL_RESULT_AND_NO_ACTIVE_GIMPS_ASSIGNMENT,2026-08-09T04:34:14+00:00,UNALLOCATED,,,,,
SLCMP1765-1609,1609,1609,583581377,2^583581377-1,STRUCTURAL_SCREEN_EXHAUSTED_PRIMALITY_UNASSIGNED,GF3A_DIRECTIONAL_WRITE_EXHAUSTED_PRIMALITY_UNASSIGNED,513,512,512,NO_RECORDED_FACTOR_PRP_OR_LL_RESULT_AND_NO_ACTIVE_GIMPS_ASSIGNMENT,2026-08-09T04:34:14+00:00,UNALLOCATED,,,,,
SLCMP1765-1610,1610,1610,583581421,2^583581421-1,STRUCTURAL_SCREEN_EXHAUSTED_PRIMALITY_UNASSIGNED,GF3A_DIRECTIONAL_WRITE_EXHAUSTED_PRIMALITY_UNASSIGNED,513,512,512,NO_RECORDED_FACTOR_PRP_OR_LL_RESULT_AND_NO_ACTIVE_GIMPS_ASSIGNMENT,2026-08-09T04:34:14+00:00,UNALLOCATED,,,,,
SLCMP1765-1611,1611,1611,583581431,2^583581431-1,STRUCTURAL_SCREEN_EXHAUSTED_PRIMALITY_UNASSIGNED,GF3A_DIRECTIONAL_WRITE_EXHAUSTED_PRIMALITY_UNASSIGNED,514,512,512,NO_RECORDED_FACTOR_PRP_OR_LL_RESULT_AND_NO_ACTIVE_GIMPS_ASSIGNMENT,2026-08-09T04:34:14+00:00,UNALLOCATED,,,,,
SLCMP1765-1612,1612,1612,583581451,2^583581451-1,STRUCTURAL_SCREEN_EXHAUSTED_PRIMALITY_UNASSIGNED,GF3A_DIRECTIONAL_WRITE_EXHAUSTED_PRIMALITY_UNASSIGNED,514,512,512,NO_RECORDED_FACTOR_PRP_OR_LL_RESULT_AND_NO_ACTIVE_GIMPS_ASSIGNMENT,2026-08-09T04:34:14+00:00,UNALLOCATED,,,,,
SLCMP1765-1613,1613,1613,583581521,2^583581521-1,STRUCTURAL_SCREEN_EXHAUSTED_PRIMALITY_UNASSIGNED,GF3A_DIRECTIONAL_WRITE_EXHAUSTED_PRIMALITY_UNASSIGNED,513,512,512,NO_RECORDED_FACTOR_PRP_OR_LL_RESULT_AND_NO_ACTIVE_GIMPS_ASSIGNMENT,2026-08-09T04:34:14+00:00,UNALLOCATED,,,,,
SLCMP1765-1614,1614,1614,583581527,2^583581527-1,STRUCTURAL_SCREEN_EXHAUSTED_PRIMALITY_UNASSIGNED,GF3A_DIRECTIONAL_WRITE_EXHAUSTED_PRIMALITY_UNASSIGNED,514,512,512,NO_RECORDED_FACTOR_PRP_OR_LL_RESULT_AND_NO_ACTIVE_GIMPS_ASSIGNMENT,2026-08-09T04:34:14+00:00,UNALLOCATED,,,,,
SLCMP1765-1615,1615,1615,583581601,2^583581601-1,STRUCTURAL_SCREEN_EXHAUSTED_PRIMALITY_UNASSIGNED,GF3A_DIRECTIONAL_WRITE_EXHAUSTED_PRIMALITY_UNASSIGNED,513,512,512,NO_RECORDED_FACTOR_PRP_OR_LL_RESULT_AND_NO_ACTIVE_GIMPS_ASSIGNMENT,2026-08-09T04:34:14+00:00,UNALLOCATED,,,,,
SLCMP1765-1616,1616,1616,583581613,2^583581613-1,STRUCTURAL_SCREEN_EXHAUSTED_PRIMALITY_UNASSIGNED,GF3A_DIRECTIONAL_WRITE_EXHAUSTED_PRIMALITY_UNASSIGNED,513,512,512,NO_RECORDED_FACTOR_PRP_OR_LL_RESULT_AND_NO_ACTIVE_GIMPS_ASSIGNMENT,2026-08-09T04:34:14+00:00,UNALLOCATED,,,,,
SLCMP1765-1617,1617,1617,583581619,2^583581619-1,STRUCTURAL_SCREEN_EXHAUSTED_PRIMALITY_UNASSIGNED,GF3A_DIRECTIONAL_WRITE_EXHAUSTED_PRIMALITY_UNASSIGNED,514,512,512,NO_RECORDED_FACTOR_PRP_OR_LL_RESULT_AND_NO_ACTIVE_GIMPS_ASSIGNMENT,2026-08-09T04:34:14+00:00,UNALLOCATED,,,,,
SLCMP1765-1618,1618,1618,583581721,2^583581721-1,STRUCTURAL_SCREEN_EXHAUSTED_PRIMALITY_UNASSIGNED,GF3A_DIRECTIONAL_WRITE_EXHAUSTED_PRIMALITY_UNASSIGNED,513,512,512,NO_RECORDED_FACTOR_PRP_OR_LL_RESULT_AND_NO_ACTIVE_GIMPS_ASSIGNMENT,2026-08-09T04:34:14+00:00,UNALLOCATED,,,,,
SLCMP1765-1619,1619,1619,583581773,2^583581773-1,STRUCTURAL_SCREEN_EXHAUSTED_PRIMALITY_UNASSIGNED,GF3A_DIRECTIONAL_WRITE_EXHAUSTED_PRIMALITY_UNASSIGNED,513,512,512,NO_RECORDED_FACTOR_PRP_OR_LL_RESULT_AND_NO_ACTIVE_GIMPS_ASSIGNMENT,2026-08-09T04:34:14+00:00,UNALLOCATED,,,,,
SLCMP1765-1620,1620,1620,583581793,2^583581793-1,STRUCTURAL_SCREEN_EXHAUSTED_PRIMALITY_UNASSIGNED,GF3A_DIRECTIONAL_WRITE_EXHAUSTED_PRIMALITY_UNASSIGNED,513,512,512,NO_RECORDED_FACTOR_PRP_OR_LL_RESULT_AND_NO_ACTIVE_GIMPS_ASSIGNMENT,2026-08-09T04:34:14+00:00,UNALLOCATED,,,,,
SLCMP1765-1621,1621,1621,583581847,2^583581847-1,STRUCTURAL_SCREEN_EXHAUSTED_PRIMALITY_UNASSIGNED,GF3A_DIRECTIONAL_WRITE_EXHAUSTED_PRIMALITY_UNASSIGNED,514,512,512,NO_RECORDED_FACTOR_PRP_OR_LL_RESULT_AND_NO_ACTIVE_GIMPS_ASSIGNMENT,2026-08-09T04:34:14+00:00,UNALLOCATED,,,,,
SLCMP1765-1622,1622,1622,583581907,2^583581907-1,STRUCTURAL_SCREEN_EXHAUSTED_PRIMALITY_UNASSIGNED,GF3A_DIRECTIONAL_WRITE_EXHAUSTED_PRIMALITY_UNASSIGNED,514,512,512,NO_RECORDED_FACTOR_PRP_OR_LL_RESULT_AND_NO_ACTIVE_GIMPS_ASSIGNMENT,2026-08-09T04:34:14+00:00,UNALLOCATED,,,,,
SLCMP1765-1623,1623,1623,583581917,2^583581917-1,STRUCTURAL_SCREEN_EXHAUSTED_PRIMALITY_UNASSIGNED,GF3A_DIRECTIONAL_WRITE_EXHAUSTED_PRIMALITY_UNASSIGNED,513,512,512,NO_RECORDED_FACTOR_PRP_OR_LL_RESULT_AND_NO_ACTIVE_GIMPS_ASSIGNMENT,2026-08-09T04:34:14+00:00,UNALLOCATED,,,,,
SLCMP1765-1624,1624,1624,583581919,2^583581919-1,STRUCTURAL_SCREEN_EXHAUSTED_PRIMALITY_UNASSIGNED,GF3A_DIRECTIONAL_WRITE_EXHAUSTED_PRIMALITY_UNASSIGNED,514,512,512,NO_RECORDED_FACTOR_PRP_OR_LL_RESULT_AND_NO_ACTIVE_GIMPS_ASSIGNMENT,2026-08-09T04:34:14+00:00,UNALLOCATED,,,,,
SLCMP1765-1625,1625,1625,583582003,2^583582003-1,STRUCTURAL_SCREEN_EXHAUSTED_PRIMALITY_UNASSIGNED,GF3A_DIRECTIONAL_WRITE_EXHAUSTED_PRIMALITY_UNASSIGNED,514,512,512,NO_RECORDED_FACTOR_PRP_OR_LL_RESULT_AND_NO_ACTIVE_GIMPS_ASSIGNMENT,2026-08-09T04:34:14+00:00,UNALLOCATED,,,,,
SLCMP1765-1626,1626,1626,583582061,2^583582061-1,STRUCTURAL_SCREEN_EXHAUSTED_PRIMALITY_UNASSIGNED,GF3A_DIRECTIONAL_WRITE_EXHAUSTED_PRIMALITY_UNASSIGNED,513,512,512,NO_RECORDED_FACTOR_PRP_OR_LL_RESULT_AND_NO_ACTIVE_GIMPS_ASSIGNMENT,2026-08-09T04:34:14+00:00,UNALLOCATED,,,,,
SLCMP1765-1627,1627,1627,583582067,2^583582067-1,STRUCTURAL_SCREEN_EXHAUSTED_PRIMALITY_UNASSIGNED,GF3A_DIRECTIONAL_WRITE_EXHAUSTED_PRIMALITY_UNASSIGNED,514,512,512,NO_RECORDED_FACTOR_PRP_OR_LL_RESULT_AND_NO_ACTIVE_GIMPS_ASSIGNMENT,2026-08-09T04:34:14+00:00,UNALLOCATED,,,,,
SLCMP1765-1628,1628,1628,583582123,2^583582123-1,STRUCTURAL_SCREEN_EXHAUSTED_PRIMALITY_UNASSIGNED,GF3A_DIRECTIONAL_WRITE_EXHAUSTED_PRIMALITY_UNASSIGNED,514,512,512,NO_RECORDED_FACTOR_PRP_OR_LL_RESULT_AND_NO_ACTIVE_GIMPS_ASSIGNMENT,2026-08-09T04:34:14+00:00,UNALLOCATED,,,,,
SLCMP1765-1629,1629,1629,583582177,2^583582177-1,STRUCTURAL_SCREEN_EXHAUSTED_PRIMALITY_UNASSIGNED,GF3A_DIRECTIONAL_WRITE_EXHAUSTED_PRIMALITY_UNASSIGNED,513,512,512,NO_RECORDED_FACTOR_PRP_OR_LL_RESULT_AND_NO_ACTIVE_GIMPS_ASSIGNMENT,2026-08-09T04:34:14+00:00,UNALLOCATED,,,,,
SLCMP1765-1630,1630,1630,583582249,2^583582249-1,STRUCTURAL_SCREEN_EXHAUSTED_PRIMALITY_UNASSIGNED,GF3A_DIRECTIONAL_WRITE_EXHAUSTED_PRIMALITY_UNASSIGNED,513,512,512,NO_RECORDED_FACTOR_PRP_OR_LL_RESULT_AND_NO_ACTIVE_GIMPS_ASSIGNMENT,2026-08-09T04:34:14+00:00,UNALLOCATED,,,,,
SLCMP1765-1631,1631,1631,583582277,2^583582277-1,STRUCTURAL_SCREEN_EXHAUSTED_PRIMALITY_UNASSIGNED,GF3A_DIRECTIONAL_WRITE_EXHAUSTED_PRIMALITY_UNASSIGNED,513,512,512,NO_RECORDED_FACTOR_PRP_OR_LL_RESULT_AND_NO_ACTIVE_GIMPS_ASSIGNMENT,2026-08-09T04:34:14+00:00,UNALLOCATED,,,,,
SLCMP1765-1632,1632,1632,583582591,2^583582591-1,STRUCTURAL_SCREEN_EXHAUSTED_PRIMALITY_UNASSIGNED,GF3A_DIRECTIONAL_WRITE_EXHAUSTED_PRIMALITY_UNASSIGNED,514,512,512,NO_RECORDED_FACTOR_PRP_OR_LL_RESULT_AND_NO_ACTIVE_GIMPS_ASSIGNMENT,2026-08-09T04:34:14+00:00,UNALLOCATED,,,,,
SLCMP1765-1633,1633,1633,583582607,2^583582607-1,STRUCTURAL_SCREEN_EXHAUSTED_PRIMALITY_UNASSIGNED,GF3A_DIRECTIONAL_WRITE_EXHAUSTED_PRIMALITY_UNASSIGNED,514,512,512,NO_RECORDED_FACTOR_PRP_OR_LL_RESULT_AND_NO_ACTIVE_GIMPS_ASSIGNMENT,2026-08-09T04:34:14+00:00,UNALLOCATED,,,,,
SLCMP1765-1634,1634,1634,583582633,2^583582633-1,STRUCTURAL_SCREEN_EXHAUSTED_PRIMALITY_UNASSIGNED,GF3A_DIRECTIONAL_WRITE_EXHAUSTED_PRIMALITY_UNASSIGNED,513,512,512,NO_RECORDED_FACTOR_PRP_OR_LL_RESULT_AND_NO_ACTIVE_GIMPS_ASSIGNMENT,2026-08-09T04:34:14+00:00,UNALLOCATED,,,,,
SLCMP1765-1635,1635,1635,583582693,2^583582693-1,STRUCTURAL_SCREEN_EXHAUSTED_PRIMALITY_UNASSIGNED,GF3A_DIRECTIONAL_WRITE_EXHAUSTED_PRIMALITY_UNASSIGNED,513,512,512,NO_RECORDED_FACTOR_PRP_OR_LL_RESULT_AND_NO_ACTIVE_GIMPS_ASSIGNMENT,2026-08-09T04:34:14+00:00,UNALLOCATED,,,,,
SLCMP1765-1636,1636,1636,583582757,2^583582757-1,STRUCTURAL_SCREEN_EXHAUSTED_PRIMALITY_UNASSIGNED,GF3A_DIRECTIONAL_WRITE_EXHAUSTED_PRIMALITY_UNASSIGNED,513,512,512,NO_RECORDED_FACTOR_PRP_OR_LL_RESULT_AND_NO_ACTIVE_GIMPS_ASSIGNMENT,2026-08-09T04:34:14+00:00,UNALLOCATED,,,,,
SLCMP1765-1637,1637,1637,583582771,2^583582771-1,STRUCTURAL_SCREEN_EXHAUSTED_PRIMALITY_UNASSIGNED,GF3A_DIRECTIONAL_WRITE_EXHAUSTED_PRIMALITY_UNASSIGNED,514,512,512,NO_RECORDED_FACTOR_PRP_OR_LL_RESULT_AND_NO_ACTIVE_GIMPS_ASSIGNMENT,2026-08-09T04:34:14+00:00,UNALLOCATED,,,,,
SLCMP1765-1638,1638,1638,583582939,2^583582939-1,STRUCTURAL_SCREEN_EXHAUSTED_PRIMALITY_UNASSIGNED,GF3A_DIRECTIONAL_WRITE_EXHAUSTED_PRIMALITY_UNASSIGNED,514,512,512,NO_RECORDED_FACTOR_PRP_OR_LL_RESULT_AND_NO_ACTIVE_GIMPS_ASSIGNMENT,2026-08-09T04:34:14+00:00,UNALLOCATED,,,,,
SLCMP1765-1639,1639,1639,583582969,2^583582969-1,STRUCTURAL_SCREEN_EXHAUSTED_PRIMALITY_UNASSIGNED,GF3A_DIRECTIONAL_WRITE_EXHAUSTED_PRIMALITY_UNASSIGNED,513,512,512,NO_RECORDED_FACTOR_PRP_OR_LL_RESULT_AND_NO_ACTIVE_GIMPS_ASSIGNMENT,2026-08-09T04:34:14+00:00,UNALLOCATED,,,,,
SLCMP1765-1640,1640,1640,583582991,2^583582991-1,STRUCTURAL_SCREEN_EXHAUSTED_PRIMALITY_UNASSIGNED,GF3A_DIRECTIONAL_WRITE_EXHAUSTED_PRIMALITY_UNASSIGNED,514,512,512,NO_RECORDED_FACTOR_PRP_OR_LL_RESULT_AND_NO_ACTIVE_GIMPS_ASSIGNMENT,2026-08-09T04:34:14+00:00,UNALLOCATED,,,,,
SLCMP1765-1641,1641,1641,583582999,2^583582999-1,STRUCTURAL_SCREEN_EXHAUSTED_PRIMALITY_UNASSIGNED,GF3A_DIRECTIONAL_WRITE_EXHAUSTED_PRIMALITY_UNASSIGNED,514,512,512,NO_RECORDED_FACTOR_PRP_OR_LL_RESULT_AND_NO_ACTIVE_GIMPS_ASSIGNMENT,2026-08-09T04:34:14+00:00,UNALLOCATED,,,,,
SLCMP1765-1642,1642,1642,583583069,2^583583069-1,STRUCTURAL_SCREEN_EXHAUSTED_PRIMALITY_UNASSIGNED,GF3A_DIRECTIONAL_WRITE_EXHAUSTED_PRIMALITY_UNASSIGNED,513,512,512,NO_RECORDED_FACTOR_PRP_OR_LL_RESULT_AND_NO_ACTIVE_GIMPS_ASSIGNMENT,2026-08-09T04:34:14+00:00,UNALLOCATED,,,,,
SLCMP1765-1643,1643,1643,583583083,2^583583083-1,STRUCTURAL_SCREEN_EXHAUSTED_PRIMALITY_UNASSIGNED,GF3A_DIRECTIONAL_WRITE_EXHAUSTED_PRIMALITY_UNASSIGNED,514,512,512,NO_RECORDED_FACTOR_PRP_OR_LL_RESULT_AND_NO_ACTIVE_GIMPS_ASSIGNMENT,2026-08-09T04:34:14+00:00,UNALLOCATED,,,,,
SLCMP1765-1644,1644,1644,583583093,2^583583093-1,STRUCTURAL_SCREEN_EXHAUSTED_PRIMALITY_UNASSIGNED,GF3A_DIRECTIONAL_WRITE_EXHAUSTED_PRIMALITY_UNASSIGNED,513,512,512,NO_RECORDED_FACTOR_PRP_OR_LL_RESULT_AND_NO_ACTIVE_GIMPS_ASSIGNMENT,2026-08-09T04:34:14+00:00,UNALLOCATED,,,,,
SLCMP1765-1645,1645,1645,583583107,2^583583107-1,STRUCTURAL_SCREEN_EXHAUSTED_PRIMALITY_UNASSIGNED,GF3A_DIRECTIONAL_WRITE_EXHAUSTED_PRIMALITY_UNASSIGNED,514,512,512,NO_RECORDED_FACTOR_PRP_OR_LL_RESULT_AND_NO_ACTIVE_GIMPS_ASSIGNMENT,2026-08-09T04:34:14+00:00,UNALLOCATED,,,,,
SLCMP1765-1646,1646,1646,583583207,2^583583207-1,STRUCTURAL_SCREEN_EXHAUSTED_PRIMALITY_UNASSIGNED,GF3A_DIRECTIONAL_WRITE_EXHAUSTED_PRIMALITY_UNASSIGNED,514,512,512,NO_RECORDED_FACTOR_PRP_OR_LL_RESULT_AND_NO_ACTIVE_GIMPS_ASSIGNMENT,2026-08-09T04:34:14+00:00,UNALLOCATED,,,,,
SLCMP1765-1647,1647,1647,583583317,2^583583317-1,STRUCTURAL_SCREEN_EXHAUSTED_PRIMALITY_UNASSIGNED,GF3A_DIRECTIONAL_WRITE_EXHAUSTED_PRIMALITY_UNASSIGNED,513,512,512,NO_RECORDED_FACTOR_PRP_OR_LL_RESULT_AND_NO_ACTIVE_GIMPS_ASSIGNMENT,2026-08-09T04:34:14+00:00,UNALLOCATED,,,,,
SLCMP1765-1648,1648,1648,583583321,2^583583321-1,STRUCTURAL_SCREEN_EXHAUSTED_PRIMALITY_UNASSIGNED,GF3A_DIRECTIONAL_WRITE_EXHAUSTED_PRIMALITY_UNASSIGNED,513,512,512,NO_RECORDED_FACTOR_PRP_OR_LL_RESULT_AND_NO_ACTIVE_GIMPS_ASSIGNMENT,2026-08-09T04:34:14+00:00,UNALLOCATED,,,,,
SLCMP1765-1649,1649,1649,583583479,2^583583479-1,STRUCTURAL_SCREEN_EXHAUSTED_PRIMALITY_UNASSIGNED,GF3A_DIRECTIONAL_WRITE_EXHAUSTED_PRIMALITY_UNASSIGNED,514,512,512,NO_RECORDED_FACTOR_PRP_OR_LL_RESULT_AND_NO_ACTIVE_GIMPS_ASSIGNMENT,2026-08-09T04:34:14+00:00,UNALLOCATED,,,,,
SLCMP1765-1650,1650,1650,583583489,2^583583489-1,STRUCTURAL_SCREEN_EXHAUSTED_PRIMALITY_UNASSIGNED,GF3A_DIRECTIONAL_WRITE_EXHAUSTED_PRIMALITY_UNASSIGNED,513,512,512,NO_RECORDED_FACTOR_PRP_OR_LL_RESULT_AND_NO_ACTIVE_GIMPS_ASSIGNMENT,2026-08-09T04:34:14+00:00,UNALLOCATED,,,,,
SLCMP1765-1651,1651,1651,583583509,2^583583509-1,STRUCTURAL_SCREEN_EXHAUSTED_PRIMALITY_UNASSIGNED,GF3A_DIRECTIONAL_WRITE_EXHAUSTED_PRIMALITY_UNASSIGNED,513,512,512,NO_RECORDED_FACTOR_PRP_OR_LL_RESULT_AND_NO_ACTIVE_GIMPS_ASSIGNMENT,2026-08-09T04:34:14+00:00,UNALLOCATED,,,,,
SLCMP1765-1652,1652,1652,583583519,2^583583519-1,STRUCTURAL_SCREEN_EXHAUSTED_PRIMALITY_UNASSIGNED,GF3A_DIRECTIONAL_WRITE_EXHAUSTED_PRIMALITY_UNASSIGNED,514,512,512,NO_RECORDED_FACTOR_PRP_OR_LL_RESULT_AND_NO_ACTIVE_GIMPS_ASSIGNMENT,2026-08-09T04:34:14+00:00,UNALLOCATED,,,,,
SLCMP1765-1653,1653,1653,583583549,2^583583549-1,STRUCTURAL_SCREEN_EXHAUSTED_PRIMALITY_UNASSIGNED,GF3A_DIRECTIONAL_WRITE_EXHAUSTED_PRIMALITY_UNASSIGNED,513,512,512,NO_RECORDED_FACTOR_PRP_OR_LL_RESULT_AND_NO_ACTIVE_GIMPS_ASSIGNMENT,2026-08-09T04:34:14+00:00,UNALLOCATED,,,,,
SLCMP1765-1654,1654,1654,583583593,2^583583593-1,STRUCTURAL_SCREEN_EXHAUSTED_PRIMALITY_UNASSIGNED,GF3A_DIRECTIONAL_WRITE_EXHAUSTED_PRIMALITY_UNASSIGNED,513,512,512,NO_RECORDED_FACTOR_PRP_OR_LL_RESULT_AND_NO_ACTIVE_GIMPS_ASSIGNMENT,2026-08-09T04:34:14+00:00,UNALLOCATED,,,,,
SLCMP1765-1655,1655,1655,583583723,2^583583723-1,STRUCTURAL_SCREEN_EXHAUSTED_PRIMALITY_UNASSIGNED,GF3A_DIRECTIONAL_WRITE_EXHAUSTED_PRIMALITY_UNASSIGNED,514,512,512,NO_RECORDED_FACTOR_PRP_OR_LL_RESULT_AND_NO_ACTIVE_GIMPS_ASSIGNMENT,2026-08-09T04:34:14+00:00,UNALLOCATED,,,,,
SLCMP1765-1656,1656,1656,583583779,2^583583779-1,STRUCTURAL_SCREEN_EXHAUSTED_PRIMALITY_UNASSIGNED,GF3A_DIRECTIONAL_WRITE_EXHAUSTED_PRIMALITY_UNASSIGNED,514,512,512,NO_RECORDED_FACTOR_PRP_OR_LL_RESULT_AND_NO_ACTIVE_GIMPS_ASSIGNMENT,2026-08-09T04:34:14+00:00,UNALLOCATED,,,,,
SLCMP1765-1657,1657,1657,583583921,2^583583921-1,STRUCTURAL_SCREEN_EXHAUSTED_PRIMALITY_UNASSIGNED,GF3A_DIRECTIONAL_WRITE_EXHAUSTED_PRIMALITY_UNASSIGNED,513,512,512,NO_RECORDED_FACTOR_PRP_OR_LL_RESULT_AND_NO_ACTIVE_GIMPS_ASSIGNMENT,2026-08-09T04:34:14+00:00,UNALLOCATED,,,,,
SLCMP1765-1658,1658,1658,583584019,2^583584019-1,STRUCTURAL_SCREEN_EXHAUSTED_PRIMALITY_UNASSIGNED,GF3A_DIRECTIONAL_WRITE_EXHAUSTED_PRIMALITY_UNASSIGNED,514,512,512,NO_RECORDED_FACTOR_PRP_OR_LL_RESULT_AND_NO_ACTIVE_GIMPS_ASSIGNMENT,2026-08-09T04:34:14+00:00,UNALLOCATED,,,,,
SLCMP1765-1659,1659,1659,583584073,2^583584073-1,STRUCTURAL_SCREEN_EXHAUSTED_PRIMALITY_UNASSIGNED,GF3A_DIRECTIONAL_WRITE_EXHAUSTED_PRIMALITY_UNASSIGNED,513,512,512,NO_RECORDED_FACTOR_PRP_OR_LL_RESULT_AND_NO_ACTIVE_GIMPS_ASSIGNMENT,2026-08-09T04:34:14+00:00,UNALLOCATED,,,,,
SLCMP1765-1660,1660,1660,583584077,2^583584077-1,STRUCTURAL_SCREEN_EXHAUSTED_PRIMALITY_UNASSIGNED,GF3A_DIRECTIONAL_WRITE_EXHAUSTED_PRIMALITY_UNASSIGNED,513,512,512,NO_RECORDED_FACTOR_PRP_OR_LL_RESULT_AND_NO_ACTIVE_GIMPS_ASSIGNMENT,2026-08-09T04:34:14+00:00,UNALLOCATED,,,,,
SLCMP1765-1661,1661,1661,583584191,2^583584191-1,STRUCTURAL_SCREEN_EXHAUSTED_PRIMALITY_UNASSIGNED,GF3A_DIRECTIONAL_WRITE_EXHAUSTED_PRIMALITY_UNASSIGNED,514,512,512,NO_RECORDED_FACTOR_PRP_OR_LL_RESULT_AND_NO_ACTIVE_GIMPS_ASSIGNMENT,2026-08-09T04:34:14+00:00,UNALLOCATED,,,,,
SLCMP1765-1662,1662,1662,583584217,2^583584217-1,STRUCTURAL_SCREEN_EXHAUSTED_PRIMALITY_UNASSIGNED,GF3A_DIRECTIONAL_WRITE_EXHAUSTED_PRIMALITY_UNASSIGNED,513,512,512,NO_RECORDED_FACTOR_PRP_OR_LL_RESULT_AND_NO_ACTIVE_GIMPS_ASSIGNMENT,2026-08-09T04:34:14+00:00,UNALLOCATED,,,,,
SLCMP1765-1663,1663,1663,583584223,2^583584223-1,STRUCTURAL_SCREEN_EXHAUSTED_PRIMALITY_UNASSIGNED,GF3A_DIRECTIONAL_WRITE_EXHAUSTED_PRIMALITY_UNASSIGNED,514,512,512,NO_RECORDED_FACTOR_PRP_OR_LL_RESULT_AND_NO_ACTIVE_GIMPS_ASSIGNMENT,2026-08-09T04:34:14+00:00,UNALLOCATED,,,,,
SLCMP1765-1664,1664,1664,583584241,2^583584241-1,STRUCTURAL_SCREEN_EXHAUSTED_PRIMALITY_UNASSIGNED,GF3A_DIRECTIONAL_WRITE_EXHAUSTED_PRIMALITY_UNASSIGNED,513,512,512,NO_RECORDED_FACTOR_PRP_OR_LL_RESULT_AND_NO_ACTIVE_GIMPS_ASSIGNMENT,2026-08-09T04:34:14+00:00,UNALLOCATED,,,,,
SLCMP1765-1665,1665,1665,583584293,2^583584293-1,STRUCTURAL_SCREEN_EXHAUSTED_PRIMALITY_UNASSIGNED,GF3A_DIRECTIONAL_WRITE_EXHAUSTED_PRIMALITY_UNASSIGNED,513,512,512,NO_RECORDED_FACTOR_PRP_OR_LL_RESULT_AND_NO_ACTIVE_GIMPS_ASSIGNMENT,2026-08-09T04:34:14+00:00,UNALLOCATED,,,,,
SLCMP1765-1666,1666,1666,583584317,2^583584317-1,STRUCTURAL_SCREEN_EXHAUSTED_PRIMALITY_UNASSIGNED,GF3A_DIRECTIONAL_WRITE_EXHAUSTED_PRIMALITY_UNASSIGNED,513,512,512,NO_RECORDED_FACTOR_PRP_OR_LL_RESULT_AND_NO_ACTIVE_GIMPS_ASSIGNMENT,2026-08-09T04:34:14+00:00,UNALLOCATED,,,,,
SLCMP1765-1667,1667,1667,583584389,2^583584389-1,STRUCTURAL_SCREEN_EXHAUSTED_PRIMALITY_UNASSIGNED,GF3A_DIRECTIONAL_WRITE_EXHAUSTED_PRIMALITY_UNASSIGNED,513,512,512,NO_RECORDED_FACTOR_PRP_OR_LL_RESULT_AND_NO_ACTIVE_GIMPS_ASSIGNMENT,2026-08-09T04:34:14+00:00,UNALLOCATED,,,,,
SLCMP1765-1668,1668,1668,583584403,2^583584403-1,STRUCTURAL_SCREEN_EXHAUSTED_PRIMALITY_UNASSIGNED,GF3A_DIRECTIONAL_WRITE_EXHAUSTED_PRIMALITY_UNASSIGNED,514,512,512,NO_RECORDED_FACTOR_PRP_OR_LL_RESULT_AND_NO_ACTIVE_GIMPS_ASSIGNMENT,2026-08-09T04:34:14+00:00,UNALLOCATED,,,,,
SLCMP1765-1669,1669,1669,583584409,2^583584409-1,STRUCTURAL_SCREEN_EXHAUSTED_PRIMALITY_UNASSIGNED,GF3A_DIRECTIONAL_WRITE_EXHAUSTED_PRIMALITY_UNASSIGNED,513,512,512,NO_RECORDED_FACTOR_PRP_OR_LL_RESULT_AND_NO_ACTIVE_GIMPS_ASSIGNMENT,2026-08-09T04:34:14+00:00,UNALLOCATED,,,,,
SLCMP1765-1670,1670,1670,583584427,2^583584427-1,STRUCTURAL_SCREEN_EXHAUSTED_PRIMALITY_UNASSIGNED,GF3A_DIRECTIONAL_WRITE_EXHAUSTED_PRIMALITY_UNASSIGNED,514,512,512,NO_RECORDED_FACTOR_PRP_OR_LL_RESULT_AND_NO_ACTIVE_GIMPS_ASSIGNMENT,2026-08-09T04:34:14+00:00,UNALLOCATED,,,,,
SLCMP1765-1671,1671,1671,583584437,2^583584437-1,STRUCTURAL_SCREEN_EXHAUSTED_PRIMALITY_UNASSIGNED,GF3A_DIRECTIONAL_WRITE_EXHAUSTED_PRIMALITY_UNASSIGNED,513,512,512,NO_RECORDED_FACTOR_PRP_OR_LL_RESULT_AND_NO_ACTIVE_GIMPS_ASSIGNMENT,2026-08-09T04:34:14+00:00,UNALLOCATED,,,,,
SLCMP1765-1672,1672,1672,583584503,2^583584503-1,STRUCTURAL_SCREEN_EXHAUSTED_PRIMALITY_UNASSIGNED,GF3A_DIRECTIONAL_WRITE_EXHAUSTED_PRIMALITY_UNASSIGNED,514,512,512,NO_RECORDED_FACTOR_PRP_OR_LL_RESULT_AND_NO_ACTIVE_GIMPS_ASSIGNMENT,2026-08-09T04:34:14+00:00,UNALLOCATED,,,,,
SLCMP1765-1673,1673,1673,583584541,2^583584541-1,STRUCTURAL_SCREEN_EXHAUSTED_PRIMALITY_UNASSIGNED,GF3A_DIRECTIONAL_WRITE_EXHAUSTED_PRIMALITY_UNASSIGNED,513,512,512,NO_RECORDED_FACTOR_PRP_OR_LL_RESULT_AND_NO_ACTIVE_GIMPS_ASSIGNMENT,2026-08-09T04:34:14+00:00,UNALLOCATED,,,,,
SLCMP1765-1674,1674,1674,583584559,2^583584559-1,STRUCTURAL_SCREEN_EXHAUSTED_PRIMALITY_UNASSIGNED,GF3A_DIRECTIONAL_WRITE_EXHAUSTED_PRIMALITY_UNASSIGNED,514,512,512,NO_RECORDED_FACTOR_PRP_OR_LL_RESULT_AND_NO_ACTIVE_GIMPS_ASSIGNMENT,2026-08-09T04:34:14+00:00,UNALLOCATED,,,,,
SLCMP1765-1675,1675,1675,583584577,2^583584577-1,STRUCTURAL_SCREEN_EXHAUSTED_PRIMALITY_UNASSIGNED,GF3A_DIRECTIONAL_WRITE_EXHAUSTED_PRIMALITY_UNASSIGNED,513,512,512,NO_RECORDED_FACTOR_PRP_OR_LL_RESULT_AND_NO_ACTIVE_GIMPS_ASSIGNMENT,2026-08-09T04:34:14+00:00,UNALLOCATED,,,,,
SLCMP1765-1676,1676,1676,583584581,2^583584581-1,STRUCTURAL_SCREEN_EXHAUSTED_PRIMALITY_UNASSIGNED,GF3A_DIRECTIONAL_WRITE_EXHAUSTED_PRIMALITY_UNASSIGNED,513,512,512,NO_RECORDED_FACTOR_PRP_OR_LL_RESULT_AND_NO_ACTIVE_GIMPS_ASSIGNMENT,2026-08-09T04:34:14+00:00,UNALLOCATED,,,,,
SLCMP1765-1677,1677,1677,583584593,2^583584593-1,STRUCTURAL_SCREEN_EXHAUSTED_PRIMALITY_UNASSIGNED,GF3A_DIRECTIONAL_WRITE_EXHAUSTED_PRIMALITY_UNASSIGNED,513,512,512,NO_RECORDED_FACTOR_PRP_OR_LL_RESULT_AND_NO_ACTIVE_GIMPS_ASSIGNMENT,2026-08-09T04:34:14+00:00,UNALLOCATED,,,,,
SLCMP1765-1678,1678,1678,583584709,2^583584709-1,STRUCTURAL_SCREEN_EXHAUSTED_PRIMALITY_UNASSIGNED,GF3A_DIRECTIONAL_WRITE_EXHAUSTED_PRIMALITY_UNASSIGNED,513,512,512,NO_RECORDED_FACTOR_PRP_OR_LL_RESULT_AND_NO_ACTIVE_GIMPS_ASSIGNMENT,2026-08-09T04:34:14+00:00,UNALLOCATED,,,,,
SLCMP1765-1679,1679,1679,583584731,2^583584731-1,STRUCTURAL_SCREEN_EXHAUSTED_PRIMALITY_UNASSIGNED,GF3A_DIRECTIONAL_WRITE_EXHAUSTED_PRIMALITY_UNASSIGNED,514,512,512,NO_RECORDED_FACTOR_PRP_OR_LL_RESULT_AND_NO_ACTIVE_GIMPS_ASSIGNMENT,2026-08-09T04:34:14+00:00,UNALLOCATED,,,,,
SLCMP1765-1680,1680,1680,583584733,2^583584733-1,STRUCTURAL_SCREEN_EXHAUSTED_PRIMALITY_UNASSIGNED,GF3A_DIRECTIONAL_WRITE_EXHAUSTED_PRIMALITY_UNASSIGNED,513,512,512,NO_RECORDED_FACTOR_PRP_OR_LL_RESULT_AND_NO_ACTIVE_GIMPS_ASSIGNMENT,2026-08-09T04:34:14+00:00,UNALLOCATED,,,,,
SLCMP1765-1681,1681,1681,583584763,2^583584763-1,STRUCTURAL_SCREEN_EXHAUSTED_PRIMALITY_UNASSIGNED,GF3A_DIRECTIONAL_WRITE_EXHAUSTED_PRIMALITY_UNASSIGNED,514,512,512,NO_RECORDED_FACTOR_PRP_OR_LL_RESULT_AND_NO_ACTIVE_GIMPS_ASSIGNMENT,2026-08-09T04:34:14+00:00,UNALLOCATED,,,,,
SLCMP1765-1682,1682,1682,583584809,2^583584809-1,STRUCTURAL_SCREEN_EXHAUSTED_PRIMALITY_UNASSIGNED,GF3A_DIRECTIONAL_WRITE_EXHAUSTED_PRIMALITY_UNASSIGNED,513,512,512,NO_RECORDED_FACTOR_PRP_OR_LL_RESULT_AND_NO_ACTIVE_GIMPS_ASSIGNMENT,2026-08-09T04:34:14+00:00,UNALLOCATED,,,,,
SLCMP1765-1683,1683,1683,583584817,2^583584817-1,STRUCTURAL_SCREEN_EXHAUSTED_PRIMALITY_UNASSIGNED,GF3A_DIRECTIONAL_WRITE_EXHAUSTED_PRIMALITY_UNASSIGNED,513,512,512,NO_RECORDED_FACTOR_PRP_OR_LL_RESULT_AND_NO_ACTIVE_GIMPS_ASSIGNMENT,2026-08-09T04:34:14+00:00,UNALLOCATED,,,,,
SLCMP1765-1684,1684,1684,583584899,2^583584899-1,STRUCTURAL_SCREEN_EXHAUSTED_PRIMALITY_UNASSIGNED,GF3A_DIRECTIONAL_WRITE_EXHAUSTED_PRIMALITY_UNASSIGNED,514,512,512,NO_RECORDED_FACTOR_PRP_OR_LL_RESULT_AND_NO_ACTIVE_GIMPS_ASSIGNMENT,2026-08-09T04:34:14+00:00,UNALLOCATED,,,,,
SLCMP1765-1685,1685,1685,583584901,2^583584901-1,STRUCTURAL_SCREEN_EXHAUSTED_PRIMALITY_UNASSIGNED,GF3A_DIRECTIONAL_WRITE_EXHAUSTED_PRIMALITY_UNASSIGNED,513,512,512,NO_RECORDED_FACTOR_PRP_OR_LL_RESULT_AND_NO_ACTIVE_GIMPS_ASSIGNMENT,2026-08-09T04:34:14+00:00,UNALLOCATED,,,,,
SLCMP1765-1686,1686,1686,583584917,2^583584917-1,STRUCTURAL_SCREEN_EXHAUSTED_PRIMALITY_UNASSIGNED,GF3A_DIRECTIONAL_WRITE_EXHAUSTED_PRIMALITY_UNASSIGNED,513,512,512,NO_RECORDED_FACTOR_PRP_OR_LL_RESULT_AND_NO_ACTIVE_GIMPS_ASSIGNMENT,2026-08-09T04:34:14+00:00,UNALLOCATED,,,,,
SLCMP1765-1687,1687,1687,583584923,2^583584923-1,STRUCTURAL_SCREEN_EXHAUSTED_PRIMALITY_UNASSIGNED,GF3A_DIRECTIONAL_WRITE_EXHAUSTED_PRIMALITY_UNASSIGNED,514,512,512,NO_RECORDED_FACTOR_PRP_OR_LL_RESULT_AND_NO_ACTIVE_GIMPS_ASSIGNMENT,2026-08-09T04:34:14+00:00,UNALLOCATED,,,,,
SLCMP1765-1688,1688,1688,583585033,2^583585033-1,STRUCTURAL_SCREEN_EXHAUSTED_PRIMALITY_UNASSIGNED,GF3A_DIRECTIONAL_WRITE_EXHAUSTED_PRIMALITY_UNASSIGNED,513,512,512,NO_RECORDED_FACTOR_PRP_OR_LL_RESULT_AND_NO_ACTIVE_GIMPS_ASSIGNMENT,2026-08-09T04:34:14+00:00,UNALLOCATED,,,,,
SLCMP1765-1689,1689,1689,583585073,2^583585073-1,STRUCTURAL_SCREEN_EXHAUSTED_PRIMALITY_UNASSIGNED,GF3A_DIRECTIONAL_WRITE_EXHAUSTED_PRIMALITY_UNASSIGNED,513,512,512,NO_RECORDED_FACTOR_PRP_OR_LL_RESULT_AND_NO_ACTIVE_GIMPS_ASSIGNMENT,2026-08-09T04:34:14+00:00,UNALLOCATED,,,,,
SLCMP1765-1690,1690,1690,583585091,2^583585091-1,STRUCTURAL_SCREEN_EXHAUSTED_PRIMALITY_UNASSIGNED,GF3A_DIRECTIONAL_WRITE_EXHAUSTED_PRIMALITY_UNASSIGNED,514,512,512,NO_RECORDED_FACTOR_PRP_OR_LL_RESULT_AND_NO_ACTIVE_GIMPS_ASSIGNMENT,2026-08-09T04:34:14+00:00,UNALLOCATED,,,,,
SLCMP1765-1691,1691,1691,583585369,2^583585369-1,STRUCTURAL_SCREEN_EXHAUSTED_PRIMALITY_UNASSIGNED,GF3A_DIRECTIONAL_WRITE_EXHAUSTED_PRIMALITY_UNASSIGNED,513,512,512,NO_RECORDED_FACTOR_PRP_OR_LL_RESULT_AND_NO_ACTIVE_GIMPS_ASSIGNMENT,2026-08-09T04:34:14+00:00,UNALLOCATED,,,,,
SLCMP1765-1692,1692,1692,583585507,2^583585507-1,STRUCTURAL_SCREEN_EXHAUSTED_PRIMALITY_UNASSIGNED,GF3A_DIRECTIONAL_WRITE_EXHAUSTED_PRIMALITY_UNASSIGNED,514,512,512,NO_RECORDED_FACTOR_PRP_OR_LL_RESULT_AND_NO_ACTIVE_GIMPS_ASSIGNMENT,2026-08-09T04:34:14+00:00,UNALLOCATED,,,,,
SLCMP1765-1693,1693,1693,583585517,2^583585517-1,STRUCTURAL_SCREEN_EXHAUSTED_PRIMALITY_UNASSIGNED,GF3A_DIRECTIONAL_WRITE_EXHAUSTED_PRIMALITY_UNASSIGNED,513,512,512,NO_RECORDED_FACTOR_PRP_OR_LL_RESULT_AND_NO_ACTIVE_GIMPS_ASSIGNMENT,2026-08-09T04:34:14+00:00,UNALLOCATED,,,,,
SLCMP1765-1694,1694,1694,583585567,2^583585567-1,STRUCTURAL_SCREEN_EXHAUSTED_PRIMALITY_UNASSIGNED,GF3A_DIRECTIONAL_WRITE_EXHAUSTED_PRIMALITY_UNASSIGNED,514,512,512,NO_RECORDED_FACTOR_PRP_OR_LL_RESULT_AND_NO_ACTIVE_GIMPS_ASSIGNMENT,2026-08-09T04:34:14+00:00,UNALLOCATED,,,,,
SLCMP1765-1695,1695,1695,583585657,2^583585657-1,STRUCTURAL_SCREEN_EXHAUSTED_PRIMALITY_UNASSIGNED,GF3A_DIRECTIONAL_WRITE_EXHAUSTED_PRIMALITY_UNASSIGNED,513,512,512,NO_RECORDED_FACTOR_PRP_OR_LL_RESULT_AND_NO_ACTIVE_GIMPS_ASSIGNMENT,2026-08-09T04:34:14+00:00,UNALLOCATED,,,,,
SLCMP1765-1696,1696,1696,583585669,2^583585669-1,STRUCTURAL_SCREEN_EXHAUSTED_PRIMALITY_UNASSIGNED,GF3A_DIRECTIONAL_WRITE_EXHAUSTED_PRIMALITY_UNASSIGNED,513,512,512,NO_RECORDED_FACTOR_PRP_OR_LL_RESULT_AND_NO_ACTIVE_GIMPS_ASSIGNMENT,2026-08-09T04:34:14+00:00,UNALLOCATED,,,,,
SLCMP1765-1697,1697,1697,583585687,2^583585687-1,STRUCTURAL_SCREEN_EXHAUSTED_PRIMALITY_UNASSIGNED,GF3A_DIRECTIONAL_WRITE_EXHAUSTED_PRIMALITY_UNASSIGNED,514,512,512,NO_RECORDED_FACTOR_PRP_OR_LL_RESULT_AND_NO_ACTIVE_GIMPS_ASSIGNMENT,2026-08-09T04:34:14+00:00,UNALLOCATED,,,,,
SLCMP1765-1698,1698,1698,583585781,2^583585781-1,STRUCTURAL_SCREEN_EXHAUSTED_PRIMALITY_UNASSIGNED,GF3A_DIRECTIONAL_WRITE_EXHAUSTED_PRIMALITY_UNASSIGNED,513,512,512,NO_RECORDED_FACTOR_PRP_OR_LL_RESULT_AND_NO_ACTIVE_GIMPS_ASSIGNMENT,2026-08-09T04:34:14+00:00,UNALLOCATED,,,,,
SLCMP1765-1699,1699,1699,583585813,2^583585813-1,STRUCTURAL_SCREEN_EXHAUSTED_PRIMALITY_UNASSIGNED,GF3A_DIRECTIONAL_WRITE_EXHAUSTED_PRIMALITY_UNASSIGNED,513,512,512,NO_RECORDED_FACTOR_PRP_OR_LL_RESULT_AND_NO_ACTIVE_GIMPS_ASSIGNMENT,2026-08-09T04:34:14+00:00,UNALLOCATED,,,,,
SLCMP1765-1700,1700,1700,583585823,2^583585823-1,STRUCTURAL_SCREEN_EXHAUSTED_PRIMALITY_UNASSIGNED,GF3A_DIRECTIONAL_WRITE_EXHAUSTED_PRIMALITY_UNASSIGNED,514,512,512,NO_RECORDED_FACTOR_PRP_OR_LL_RESULT_AND_NO_ACTIVE_GIMPS_ASSIGNMENT,2026-08-09T04:34:14+00:00,UNALLOCATED,,,,,
SLCMP1765-1701,1701,1701,583585859,2^583585859-1,STRUCTURAL_SCREEN_EXHAUSTED_PRIMALITY_UNASSIGNED,GF3A_DIRECTIONAL_WRITE_EXHAUSTED_PRIMALITY_UNASSIGNED,514,512,512,NO_RECORDED_FACTOR_PRP_OR_LL_RESULT_AND_NO_ACTIVE_GIMPS_ASSIGNMENT,2026-08-09T04:34:14+00:00,UNALLOCATED,,,,,
SLCMP1765-1702,1702,1702,583585939,2^583585939-1,STRUCTURAL_SCREEN_EXHAUSTED_PRIMALITY_UNASSIGNED,GF3A_DIRECTIONAL_WRITE_EXHAUSTED_PRIMALITY_UNASSIGNED,514,512,512,NO_RECORDED_FACTOR_PRP_OR_LL_RESULT_AND_NO_ACTIVE_GIMPS_ASSIGNMENT,2026-08-09T04:34:14+00:00,UNALLOCATED,,,,,
SLCMP1765-1703,1703,1703,583585993,2^583585993-1,STRUCTURAL_SCREEN_EXHAUSTED_PRIMALITY_UNASSIGNED,GF3A_DIRECTIONAL_WRITE_EXHAUSTED_PRIMALITY_UNASSIGNED,513,512,512,NO_RECORDED_FACTOR_PRP_OR_LL_RESULT_AND_NO_ACTIVE_GIMPS_ASSIGNMENT,2026-08-09T04:34:14+00:00,UNALLOCATED,,,,,
SLCMP1765-1704,1704,1704,583585997,2^583585997-1,STRUCTURAL_SCREEN_EXHAUSTED_PRIMALITY_UNASSIGNED,GF3A_DIRECTIONAL_WRITE_EXHAUSTED_PRIMALITY_UNASSIGNED,513,512,512,NO_RECORDED_FACTOR_PRP_OR_LL_RESULT_AND_NO_ACTIVE_GIMPS_ASSIGNMENT,2026-08-09T04:34:14+00:00,UNALLOCATED,,,,,
SLCMP1765-1705,1705,1705,583585999,2^583585999-1,STRUCTURAL_SCREEN_EXHAUSTED_PRIMALITY_UNASSIGNED,GF3A_DIRECTIONAL_WRITE_EXHAUSTED_PRIMALITY_UNASSIGNED,514,512,512,NO_RECORDED_FACTOR_PRP_OR_LL_RESULT_AND_NO_ACTIVE_GIMPS_ASSIGNMENT,2026-08-09T04:34:14+00:00,UNALLOCATED,,,,,
SLCMP1765-1706,1706,1706,583586023,2^583586023-1,STRUCTURAL_SCREEN_EXHAUSTED_PRIMALITY_UNASSIGNED,GF3A_DIRECTIONAL_WRITE_EXHAUSTED_PRIMALITY_UNASSIGNED,514,512,512,NO_RECORDED_FACTOR_PRP_OR_LL_RESULT_AND_NO_ACTIVE_GIMPS_ASSIGNMENT,2026-08-09T04:34:14+00:00,UNALLOCATED,,,,,
SLCMP1765-1707,1707,1707,583586063,2^583586063-1,STRUCTURAL_SCREEN_EXHAUSTED_PRIMALITY_UNASSIGNED,GF3A_DIRECTIONAL_WRITE_EXHAUSTED_PRIMALITY_UNASSIGNED,514,512,512,NO_RECORDED_FACTOR_PRP_OR_LL_RESULT_AND_NO_ACTIVE_GIMPS_ASSIGNMENT,2026-08-09T04:34:14+00:00,UNALLOCATED,,,,,
SLCMP1765-1708,1708,1708,583586177,2^583586177-1,STRUCTURAL_SCREEN_EXHAUSTED_PRIMALITY_UNASSIGNED,GF3A_DIRECTIONAL_WRITE_EXHAUSTED_PRIMALITY_UNASSIGNED,513,512,512,NO_RECORDED_FACTOR_PRP_OR_LL_RESULT_AND_NO_ACTIVE_GIMPS_ASSIGNMENT,2026-08-09T04:34:14+00:00,UNALLOCATED,,,,,
SLCMP1765-1709,1709,1709,583586279,2^583586279-1,STRUCTURAL_SCREEN_EXHAUSTED_PRIMALITY_UNASSIGNED,GF3A_DIRECTIONAL_WRITE_EXHAUSTED_PRIMALITY_UNASSIGNED,514,512,512,NO_RECORDED_FACTOR_PRP_OR_LL_RESULT_AND_NO_ACTIVE_GIMPS_ASSIGNMENT,2026-08-09T04:34:14+00:00,UNALLOCATED,,,,,
SLCMP1765-1710,1710,1710,583586293,2^583586293-1,STRUCTURAL_SCREEN_EXHAUSTED_PRIMALITY_UNASSIGNED,GF3A_DIRECTIONAL_WRITE_EXHAUSTED_PRIMALITY_UNASSIGNED,513,512,512,NO_RECORDED_FACTOR_PRP_OR_LL_RESULT_AND_NO_ACTIVE_GIMPS_ASSIGNMENT,2026-08-09T04:34:14+00:00,UNALLOCATED,,,,,
SLCMP1765-1711,1711,1711,583586407,2^583586407-1,STRUCTURAL_SCREEN_EXHAUSTED_PRIMALITY_UNASSIGNED,GF3A_DIRECTIONAL_WRITE_EXHAUSTED_PRIMALITY_UNASSIGNED,514,512,512,NO_RECORDED_FACTOR_PRP_OR_LL_RESULT_AND_NO_ACTIVE_GIMPS_ASSIGNMENT,2026-08-09T04:34:14+00:00,UNALLOCATED,,,,,
SLCMP1765-1712,1712,1712,583586449,2^583586449-1,STRUCTURAL_SCREEN_EXHAUSTED_PRIMALITY_UNASSIGNED,GF3A_DIRECTIONAL_WRITE_EXHAUSTED_PRIMALITY_UNASSIGNED,513,512,512,NO_RECORDED_FACTOR_PRP_OR_LL_RESULT_AND_NO_ACTIVE_GIMPS_ASSIGNMENT,2026-08-09T04:34:14+00:00,UNALLOCATED,,,,,
SLCMP1765-1713,1713,1713,583586467,2^583586467-1,STRUCTURAL_SCREEN_EXHAUSTED_PRIMALITY_UNASSIGNED,GF3A_DIRECTIONAL_WRITE_EXHAUSTED_PRIMALITY_UNASSIGNED,514,512,512,NO_RECORDED_FACTOR_PRP_OR_LL_RESULT_AND_NO_ACTIVE_GIMPS_ASSIGNMENT,2026-08-09T04:34:14+00:00,UNALLOCATED,,,,,
SLCMP1765-1714,1714,1714,583586473,2^583586473-1,STRUCTURAL_SCREEN_EXHAUSTED_PRIMALITY_UNASSIGNED,GF3A_DIRECTIONAL_WRITE_EXHAUSTED_PRIMALITY_UNASSIGNED,513,512,512,NO_RECORDED_FACTOR_PRP_OR_LL_RESULT_AND_NO_ACTIVE_GIMPS_ASSIGNMENT,2026-08-09T04:34:14+00:00,UNALLOCATED,,,,,
SLCMP1765-1715,1715,1715,583586483,2^583586483-1,STRUCTURAL_SCREEN_EXHAUSTED_PRIMALITY_UNASSIGNED,GF3A_DIRECTIONAL_WRITE_EXHAUSTED_PRIMALITY_UNASSIGNED,514,512,512,NO_RECORDED_FACTOR_PRP_OR_LL_RESULT_AND_NO_ACTIVE_GIMPS_ASSIGNMENT,2026-08-09T04:34:14+00:00,UNALLOCATED,,,,,
SLCMP1765-1716,1716,1716,583586491,2^583586491-1,STRUCTURAL_SCREEN_EXHAUSTED_PRIMALITY_UNASSIGNED,GF3A_DIRECTIONAL_WRITE_EXHAUSTED_PRIMALITY_UNASSIGNED,514,512,512,NO_RECORDED_FACTOR_PRP_OR_LL_RESULT_AND_NO_ACTIVE_GIMPS_ASSIGNMENT,2026-08-09T04:34:14+00:00,UNALLOCATED,,,,,
SLCMP1765-1717,1717,1717,583586503,2^583586503-1,STRUCTURAL_SCREEN_EXHAUSTED_PRIMALITY_UNASSIGNED,GF3A_DIRECTIONAL_WRITE_EXHAUSTED_PRIMALITY_UNASSIGNED,514,512,512,NO_RECORDED_FACTOR_PRP_OR_LL_RESULT_AND_NO_ACTIVE_GIMPS_ASSIGNMENT,2026-08-09T04:34:14+00:00,UNALLOCATED,,,,,
SLCMP1765-1718,1718,1718,583586527,2^583586527-1,STRUCTURAL_SCREEN_EXHAUSTED_PRIMALITY_UNASSIGNED,GF3A_DIRECTIONAL_WRITE_EXHAUSTED_PRIMALITY_UNASSIGNED,514,512,512,NO_RECORDED_FACTOR_PRP_OR_LL_RESULT_AND_NO_ACTIVE_GIMPS_ASSIGNMENT,2026-08-09T04:34:14+00:00,UNALLOCATED,,,,,
SLCMP1765-1719,1719,1719,583586593,2^583586593-1,STRUCTURAL_SCREEN_EXHAUSTED_PRIMALITY_UNASSIGNED,GF3A_DIRECTIONAL_WRITE_EXHAUSTED_PRIMALITY_UNASSIGNED,513,512,512,NO_RECORDED_FACTOR_PRP_OR_LL_RESULT_AND_NO_ACTIVE_GIMPS_ASSIGNMENT,2026-08-09T04:34:14+00:00,UNALLOCATED,,,,,
SLCMP1765-1720,1720,1720,583586671,2^583586671-1,STRUCTURAL_SCREEN_EXHAUSTED_PRIMALITY_UNASSIGNED,GF3A_DIRECTIONAL_WRITE_EXHAUSTED_PRIMALITY_UNASSIGNED,514,512,512,NO_RECORDED_FACTOR_PRP_OR_LL_RESULT_AND_NO_ACTIVE_GIMPS_ASSIGNMENT,2026-08-09T04:34:14+00:00,UNALLOCATED,,,,,
SLCMP1765-1721,1721,1721,583586699,2^583586699-1,STRUCTURAL_SCREEN_EXHAUSTED_PRIMALITY_UNASSIGNED,GF3A_DIRECTIONAL_WRITE_EXHAUSTED_PRIMALITY_UNASSIGNED,514,512,512,NO_RECORDED_FACTOR_PRP_OR_LL_RESULT_AND_NO_ACTIVE_GIMPS_ASSIGNMENT,2026-08-09T04:34:14+00:00,UNALLOCATED,,,,,
SLCMP1765-1722,1722,1722,583586837,2^583586837-1,STRUCTURAL_SCREEN_EXHAUSTED_PRIMALITY_UNASSIGNED,GF3A_DIRECTIONAL_WRITE_EXHAUSTED_PRIMALITY_UNASSIGNED,513,512,512,NO_RECORDED_FACTOR_PRP_OR_LL_RESULT_AND_NO_ACTIVE_GIMPS_ASSIGNMENT,2026-08-09T04:34:14+00:00,UNALLOCATED,,,,,
SLCMP1765-1723,1723,1723,583586909,2^583586909-1,STRUCTURAL_SCREEN_EXHAUSTED_PRIMALITY_UNASSIGNED,GF3A_DIRECTIONAL_WRITE_EXHAUSTED_PRIMALITY_UNASSIGNED,513,512,512,NO_RECORDED_FACTOR_PRP_OR_LL_RESULT_AND_NO_ACTIVE_GIMPS_ASSIGNMENT,2026-08-09T04:34:14+00:00,UNALLOCATED,,,,,
SLCMP1765-1724,1724,1724,583586917,2^583586917-1,STRUCTURAL_SCREEN_EXHAUSTED_PRIMALITY_UNASSIGNED,GF3A_DIRECTIONAL_WRITE_EXHAUSTED_PRIMALITY_UNASSIGNED,513,512,512,NO_RECORDED_FACTOR_PRP_OR_LL_RESULT_AND_NO_ACTIVE_GIMPS_ASSIGNMENT,2026-08-09T04:34:14+00:00,UNALLOCATED,,,,,
SLCMP1765-1725,1725,1725,583587041,2^583587041-1,STRUCTURAL_SCREEN_EXHAUSTED_PRIMALITY_UNASSIGNED,GF3A_DIRECTIONAL_WRITE_EXHAUSTED_PRIMALITY_UNASSIGNED,513,512,512,NO_RECORDED_FACTOR_PRP_OR_LL_RESULT_AND_NO_ACTIVE_GIMPS_ASSIGNMENT,2026-08-09T04:34:14+00:00,UNALLOCATED,,,,,
SLCMP1765-1726,1726,1726,583587233,2^583587233-1,STRUCTURAL_SCREEN_EXHAUSTED_PRIMALITY_UNASSIGNED,GF3A_DIRECTIONAL_WRITE_EXHAUSTED_PRIMALITY_UNASSIGNED,513,512,512,NO_RECORDED_FACTOR_PRP_OR_LL_RESULT_AND_NO_ACTIVE_GIMPS_ASSIGNMENT,2026-08-09T04:34:14+00:00,UNALLOCATED,,,,,
SLCMP1765-1727,1727,1727,583587289,2^583587289-1,STRUCTURAL_SCREEN_EXHAUSTED_PRIMALITY_UNASSIGNED,GF3A_DIRECTIONAL_WRITE_EXHAUSTED_PRIMALITY_UNASSIGNED,513,512,512,NO_RECORDED_FACTOR_PRP_OR_LL_RESULT_AND_NO_ACTIVE_GIMPS_ASSIGNMENT,2026-08-09T04:34:14+00:00,UNALLOCATED,,,,,
SLCMP1765-1728,1728,1728,583587371,2^583587371-1,STRUCTURAL_SCREEN_EXHAUSTED_PRIMALITY_UNASSIGNED,GF3A_DIRECTIONAL_WRITE_EXHAUSTED_PRIMALITY_UNASSIGNED,514,512,512,NO_RECORDED_FACTOR_PRP_OR_LL_RESULT_AND_NO_ACTIVE_GIMPS_ASSIGNMENT,2026-08-09T04:34:14+00:00,UNALLOCATED,,,,,
SLCMP1765-1729,1729,1729,583587437,2^583587437-1,STRUCTURAL_SCREEN_EXHAUSTED_PRIMALITY_UNASSIGNED,GF3A_DIRECTIONAL_WRITE_EXHAUSTED_PRIMALITY_UNASSIGNED,513,512,512,NO_RECORDED_FACTOR_PRP_OR_LL_RESULT_AND_NO_ACTIVE_GIMPS_ASSIGNMENT,2026-08-09T04:34:14+00:00,UNALLOCATED,,,,,
SLCMP1765-1730,1730,1730,583587449,2^583587449-1,STRUCTURAL_SCREEN_EXHAUSTED_PRIMALITY_UNASSIGNED,GF3A_DIRECTIONAL_WRITE_EXHAUSTED_PRIMALITY_UNASSIGNED,513,512,512,NO_RECORDED_FACTOR_PRP_OR_LL_RESULT_AND_NO_ACTIVE_GIMPS_ASSIGNMENT,2026-08-09T04:34:14+00:00,UNALLOCATED,,,,,
SLCMP1765-1731,1731,1731,583587461,2^583587461-1,STRUCTURAL_SCREEN_EXHAUSTED_PRIMALITY_UNASSIGNED,GF3A_DIRECTIONAL_WRITE_EXHAUSTED_PRIMALITY_UNASSIGNED,513,512,512,NO_RECORDED_FACTOR_PRP_OR_LL_RESULT_AND_NO_ACTIVE_GIMPS_ASSIGNMENT,2026-08-09T04:34:14+00:00,UNALLOCATED,,,,,
SLCMP1765-1732,1732,1732,583587463,2^583587463-1,STRUCTURAL_SCREEN_EXHAUSTED_PRIMALITY_UNASSIGNED,GF3A_DIRECTIONAL_WRITE_EXHAUSTED_PRIMALITY_UNASSIGNED,514,512,512,NO_RECORDED_FACTOR_PRP_OR_LL_RESULT_AND_NO_ACTIVE_GIMPS_ASSIGNMENT,2026-08-09T04:34:14+00:00,UNALLOCATED,,,,,
SLCMP1765-1733,1733,1733,583587497,2^583587497-1,STRUCTURAL_SCREEN_EXHAUSTED_PRIMALITY_UNASSIGNED,GF3A_DIRECTIONAL_WRITE_EXHAUSTED_PRIMALITY_UNASSIGNED,513,512,512,NO_RECORDED_FACTOR_PRP_OR_LL_RESULT_AND_NO_ACTIVE_GIMPS_ASSIGNMENT,2026-08-09T04:34:14+00:00,UNALLOCATED,,,,,
SLCMP1765-1734,1734,1734,583587661,2^583587661-1,STRUCTURAL_SCREEN_EXHAUSTED_PRIMALITY_UNASSIGNED,GF3A_DIRECTIONAL_WRITE_EXHAUSTED_PRIMALITY_UNASSIGNED,513,512,512,NO_RECORDED_FACTOR_PRP_OR_LL_RESULT_AND_NO_ACTIVE_GIMPS_ASSIGNMENT,2026-08-09T04:34:14+00:00,UNALLOCATED,,,,,
SLCMP1765-1735,1735,1735,583587689,2^583587689-1,STRUCTURAL_SCREEN_EXHAUSTED_PRIMALITY_UNASSIGNED,GF3A_DIRECTIONAL_WRITE_EXHAUSTED_PRIMALITY_UNASSIGNED,513,512,512,NO_RECORDED_FACTOR_PRP_OR_LL_RESULT_AND_NO_ACTIVE_GIMPS_ASSIGNMENT,2026-08-09T04:34:14+00:00,UNALLOCATED,,,,,
SLCMP1765-1736,1736,1736,583587721,2^583587721-1,STRUCTURAL_SCREEN_EXHAUSTED_PRIMALITY_UNASSIGNED,GF3A_DIRECTIONAL_WRITE_EXHAUSTED_PRIMALITY_UNASSIGNED,513,512,512,NO_RECORDED_FACTOR_PRP_OR_LL_RESULT_AND_NO_ACTIVE_GIMPS_ASSIGNMENT,2026-08-09T04:34:14+00:00,UNALLOCATED,,,,,
SLCMP1765-1737,1737,1737,583587743,2^583587743-1,STRUCTURAL_SCREEN_EXHAUSTED_PRIMALITY_UNASSIGNED,GF3A_DIRECTIONAL_WRITE_EXHAUSTED_PRIMALITY_UNASSIGNED,514,512,512,NO_RECORDED_FACTOR_PRP_OR_LL_RESULT_AND_NO_ACTIVE_GIMPS_ASSIGNMENT,2026-08-09T04:34:14+00:00,UNALLOCATED,,,,,
SLCMP1765-1738,1738,1738,583587827,2^583587827-1,STRUCTURAL_SCREEN_EXHAUSTED_PRIMALITY_UNASSIGNED,GF3A_DIRECTIONAL_WRITE_EXHAUSTED_PRIMALITY_UNASSIGNED,514,512,512,NO_RECORDED_FACTOR_PRP_OR_LL_RESULT_AND_NO_ACTIVE_GIMPS_ASSIGNMENT,2026-08-09T04:34:14+00:00,UNALLOCATED,,,,,
SLCMP1765-1739,1739,1739,583587871,2^583587871-1,STRUCTURAL_SCREEN_EXHAUSTED_PRIMALITY_UNASSIGNED,GF3A_DIRECTIONAL_WRITE_EXHAUSTED_PRIMALITY_UNASSIGNED,514,512,512,NO_RECORDED_FACTOR_PRP_OR_LL_RESULT_AND_NO_ACTIVE_GIMPS_ASSIGNMENT,2026-08-09T04:34:14+00:00,UNALLOCATED,,,,,
SLCMP1765-1740,1740,1740,583587913,2^583587913-1,STRUCTURAL_SCREEN_EXHAUSTED_PRIMALITY_UNASSIGNED,GF3A_DIRECTIONAL_WRITE_EXHAUSTED_PRIMALITY_UNASSIGNED,513,512,512,NO_RECORDED_FACTOR_PRP_OR_LL_RESULT_AND_NO_ACTIVE_GIMPS_ASSIGNMENT,2026-08-09T04:34:14+00:00,UNALLOCATED,,,,,
SLCMP1765-1741,1741,1741,583587919,2^583587919-1,STRUCTURAL_SCREEN_EXHAUSTED_PRIMALITY_UNASSIGNED,GF3A_DIRECTIONAL_WRITE_EXHAUSTED_PRIMALITY_UNASSIGNED,514,512,512,NO_RECORDED_FACTOR_PRP_OR_LL_RESULT_AND_NO_ACTIVE_GIMPS_ASSIGNMENT,2026-08-09T04:34:14+00:00,UNALLOCATED,,,,,
SLCMP1765-1742,1742,1742,583587943,2^583587943-1,STRUCTURAL_SCREEN_EXHAUSTED_PRIMALITY_UNASSIGNED,GF3A_DIRECTIONAL_WRITE_EXHAUSTED_PRIMALITY_UNASSIGNED,514,512,512,NO_RECORDED_FACTOR_PRP_OR_LL_RESULT_AND_NO_ACTIVE_GIMPS_ASSIGNMENT,2026-08-09T04:34:14+00:00,UNALLOCATED,,,,,
SLCMP1765-1743,1743,1743,583588133,2^583588133-1,STRUCTURAL_SCREEN_EXHAUSTED_PRIMALITY_UNASSIGNED,GF3A_DIRECTIONAL_WRITE_EXHAUSTED_PRIMALITY_UNASSIGNED,513,512,512,NO_RECORDED_FACTOR_PRP_OR_LL_RESULT_AND_NO_ACTIVE_GIMPS_ASSIGNMENT,2026-08-09T04:34:14+00:00,UNALLOCATED,,,,,
SLCMP1765-1744,1744,1744,583588183,2^583588183-1,STRUCTURAL_SCREEN_EXHAUSTED_PRIMALITY_UNASSIGNED,GF3A_DIRECTIONAL_WRITE_EXHAUSTED_PRIMALITY_UNASSIGNED,514,512,512,NO_RECORDED_FACTOR_PRP_OR_LL_RESULT_AND_NO_ACTIVE_GIMPS_ASSIGNMENT,2026-08-09T04:34:14+00:00,UNALLOCATED,,,,,
SLCMP1765-1745,1745,1745,583588193,2^583588193-1,STRUCTURAL_SCREEN_EXHAUSTED_PRIMALITY_UNASSIGNED,GF3A_DIRECTIONAL_WRITE_EXHAUSTED_PRIMALITY_UNASSIGNED,513,512,512,NO_RECORDED_FACTOR_PRP_OR_LL_RESULT_AND_NO_ACTIVE_GIMPS_ASSIGNMENT,2026-08-09T04:34:14+00:00,UNALLOCATED,,,,,
SLCMP1765-1746,1746,1746,583588253,2^583588253-1,STRUCTURAL_SCREEN_EXHAUSTED_PRIMALITY_UNASSIGNED,GF3A_DIRECTIONAL_WRITE_EXHAUSTED_PRIMALITY_UNASSIGNED,513,512,512,NO_RECORDED_FACTOR_PRP_OR_LL_RESULT_AND_NO_ACTIVE_GIMPS_ASSIGNMENT,2026-08-09T04:34:14+00:00,UNALLOCATED,,,,,
SLCMP1765-1747,1747,1747,583588261,2^583588261-1,STRUCTURAL_SCREEN_EXHAUSTED_PRIMALITY_UNASSIGNED,GF3A_DIRECTIONAL_WRITE_EXHAUSTED_PRIMALITY_UNASSIGNED,513,512,512,NO_RECORDED_FACTOR_PRP_OR_LL_RESULT_AND_NO_ACTIVE_GIMPS_ASSIGNMENT,2026-08-09T04:34:14+00:00,UNALLOCATED,,,,,
SLCMP1765-1748,1748,1748,583588277,2^583588277-1,STRUCTURAL_SCREEN_EXHAUSTED_PRIMALITY_UNASSIGNED,GF3A_DIRECTIONAL_WRITE_EXHAUSTED_PRIMALITY_UNASSIGNED,513,512,512,NO_RECORDED_FACTOR_PRP_OR_LL_RESULT_AND_NO_ACTIVE_GIMPS_ASSIGNMENT,2026-08-09T04:34:14+00:00,UNALLOCATED,,,,,
SLCMP1765-1749,1749,1749,583588297,2^583588297-1,STRUCTURAL_SCREEN_EXHAUSTED_PRIMALITY_UNASSIGNED,GF3A_DIRECTIONAL_WRITE_EXHAUSTED_PRIMALITY_UNASSIGNED,513,512,512,NO_RECORDED_FACTOR_PRP_OR_LL_RESULT_AND_NO_ACTIVE_GIMPS_ASSIGNMENT,2026-08-09T04:34:14+00:00,UNALLOCATED,,,,,
SLCMP1765-1750,1750,1750,583588349,2^583588349-1,STRUCTURAL_SCREEN_EXHAUSTED_PRIMALITY_UNASSIGNED,GF3A_DIRECTIONAL_WRITE_EXHAUSTED_PRIMALITY_UNASSIGNED,513,512,512,NO_RECORDED_FACTOR_PRP_OR_LL_RESULT_AND_NO_ACTIVE_GIMPS_ASSIGNMENT,2026-08-09T04:34:14+00:00,UNALLOCATED,,,,,
SLCMP1765-1751,1751,1751,583588471,2^583588471-1,STRUCTURAL_SCREEN_EXHAUSTED_PRIMALITY_UNASSIGNED,GF3A_DIRECTIONAL_WRITE_EXHAUSTED_PRIMALITY_UNASSIGNED,514,512,512,NO_RECORDED_FACTOR_PRP_OR_LL_RESULT_AND_NO_ACTIVE_GIMPS_ASSIGNMENT,2026-08-09T04:34:14+00:00,UNALLOCATED,,,,,
SLCMP1765-1752,1752,1752,583588501,2^583588501-1,STRUCTURAL_SCREEN_EXHAUSTED_PRIMALITY_UNASSIGNED,GF3A_DIRECTIONAL_WRITE_EXHAUSTED_PRIMALITY_UNASSIGNED,513,512,512,NO_RECORDED_FACTOR_PRP_OR_LL_RESULT_AND_NO_ACTIVE_GIMPS_ASSIGNMENT,2026-08-09T04:34:14+00:00,UNALLOCATED,,,,,
SLCMP1765-1753,1753,1753,583588517,2^583588517-1,STRUCTURAL_SCREEN_EXHAUSTED_PRIMALITY_UNASSIGNED,GF3A_DIRECTIONAL_WRITE_EXHAUSTED_PRIMALITY_UNASSIGNED,513,512,512,NO_RECORDED_FACTOR_PRP_OR_LL_RESULT_AND_NO_ACTIVE_GIMPS_ASSIGNMENT,2026-08-09T04:34:14+00:00,UNALLOCATED,,,,,
SLCMP1765-1754,1754,1754,583588567,2^583588567-1,STRUCTURAL_SCREEN_EXHAUSTED_PRIMALITY_UNASSIGNED,GF3A_DIRECTIONAL_WRITE_EXHAUSTED_PRIMALITY_UNASSIGNED,514,512,512,NO_RECORDED_FACTOR_PRP_OR_LL_RESULT_AND_NO_ACTIVE_GIMPS_ASSIGNMENT,2026-08-09T04:34:14+00:00,UNALLOCATED,,,,,
SLCMP1765-1755,1755,1755,583588697,2^583588697-1,STRUCTURAL_SCREEN_EXHAUSTED_PRIMALITY_UNASSIGNED,GF3A_DIRECTIONAL_WRITE_EXHAUSTED_PRIMALITY_UNASSIGNED,513,512,512,NO_RECORDED_FACTOR_PRP_OR_LL_RESULT_AND_NO_ACTIVE_GIMPS_ASSIGNMENT,2026-08-09T04:34:14+00:00,UNALLOCATED,,,,,
SLCMP1765-1756,1756,1756,583588829,2^583588829-1,STRUCTURAL_SCREEN_EXHAUSTED_PRIMALITY_UNASSIGNED,GF3A_DIRECTIONAL_WRITE_EXHAUSTED_PRIMALITY_UNASSIGNED,513,512,512,NO_RECORDED_FACTOR_PRP_OR_LL_RESULT_AND_NO_ACTIVE_GIMPS_ASSIGNMENT,2026-08-09T04:34:14+00:00,UNALLOCATED,,,,,
SLCMP1765-1757,1757,1757,583588843,2^583588843-1,STRUCTURAL_SCREEN_EXHAUSTED_PRIMALITY_UNASSIGNED,GF3A_DIRECTIONAL_WRITE_EXHAUSTED_PRIMALITY_UNASSIGNED,514,512,512,NO_RECORDED_FACTOR_PRP_OR_LL_RESULT_AND_NO_ACTIVE_GIMPS_ASSIGNMENT,2026-08-09T04:34:14+00:00,UNALLOCATED,,,,,
SLCMP1765-1758,1758,1758,583588861,2^583588861-1,STRUCTURAL_SCREEN_EXHAUSTED_PRIMALITY_UNASSIGNED,GF3A_DIRECTIONAL_WRITE_EXHAUSTED_PRIMALITY_UNASSIGNED,513,512,512,NO_RECORDED_FACTOR_PRP_OR_LL_RESULT_AND_NO_ACTIVE_GIMPS_ASSIGNMENT,2026-08-09T04:34:14+00:00,UNALLOCATED,,,,,
SLCMP1765-1759,1759,1759,583588927,2^583588927-1,STRUCTURAL_SCREEN_EXHAUSTED_PRIMALITY_UNASSIGNED,GF3A_DIRECTIONAL_WRITE_EXHAUSTED_PRIMALITY_UNASSIGNED,514,512,512,NO_RECORDED_FACTOR_PRP_OR_LL_RESULT_AND_NO_ACTIVE_GIMPS_ASSIGNMENT,2026-08-09T04:34:14+00:00,UNALLOCATED,,,,,
SLCMP1765-1760,1760,1760,583589029,2^583589029-1,STRUCTURAL_SCREEN_EXHAUSTED_PRIMALITY_UNASSIGNED,GF3A_DIRECTIONAL_WRITE_EXHAUSTED_PRIMALITY_UNASSIGNED,513,512,512,NO_RECORDED_FACTOR_PRP_OR_LL_RESULT_AND_NO_ACTIVE_GIMPS_ASSIGNMENT,2026-08-09T04:34:14+00:00,UNALLOCATED,,,,,
SLCMP1765-1761,1761,1761,583589101,2^583589101-1,STRUCTURAL_SCREEN_EXHAUSTED_PRIMALITY_UNASSIGNED,GF3A_DIRECTIONAL_WRITE_EXHAUSTED_PRIMALITY_UNASSIGNED,513,512,512,NO_RECORDED_FACTOR_PRP_OR_LL_RESULT_AND_NO_ACTIVE_GIMPS_ASSIGNMENT,2026-08-09T04:34:14+00:00,UNALLOCATED,,,,,
SLCMP1765-1762,1762,1762,583589117,2^583589117-1,STRUCTURAL_SCREEN_EXHAUSTED_PRIMALITY_UNASSIGNED,GF3A_DIRECTIONAL_WRITE_EXHAUSTED_PRIMALITY_UNASSIGNED,513,512,512,NO_RECORDED_FACTOR_PRP_OR_LL_RESULT_AND_NO_ACTIVE_GIMPS_ASSIGNMENT,2026-08-09T04:34:14+00:00,UNALLOCATED,,,,,
SLCMP1765-1763,1763,1763,583589147,2^583589147-1,STRUCTURAL_SCREEN_EXHAUSTED_PRIMALITY_UNASSIGNED,GF3A_DIRECTIONAL_WRITE_EXHAUSTED_PRIMALITY_UNASSIGNED,514,512,512,NO_RECORDED_FACTOR_PRP_OR_LL_RESULT_AND_NO_ACTIVE_GIMPS_ASSIGNMENT,2026-08-09T04:34:14+00:00,UNALLOCATED,,,,,
SLCMP1765-1764,1764,1764,583589233,2^583589233-1,STRUCTURAL_SCREEN_EXHAUSTED_PRIMALITY_UNASSIGNED,GF3A_DIRECTIONAL_WRITE_EXHAUSTED_PRIMALITY_UNASSIGNED,513,512,512,NO_RECORDED_FACTOR_PRP_OR_LL_RESULT_AND_NO_ACTIVE_GIMPS_ASSIGNMENT,2026-08-09T04:34:14+00:00,UNALLOCATED,,,,,
SLCMP1765-1765,1765,1765,583589269,2^583589269-1,STRUCTURAL_SCREEN_EXHAUSTED_PRIMALITY_UNASSIGNED,GF3A_DIRECTIONAL_WRITE_EXHAUSTED_PRIMALITY_UNASSIGNED,513,512,512,NO_RECORDED_FACTOR_PRP_OR_LL_RESULT_AND_NO_ACTIVE_GIMPS_ASSIGNMENT,2026-08-09T04:34:14+00:00,UNALLOCATED,,,,,
SLCMP1765-1766,1766,1766,583589309,2^583589309-1,STRUCTURAL_SCREEN_EXHAUSTED_PRIMALITY_UNASSIGNED,GF3A_DIRECTIONAL_WRITE_EXHAUSTED_PRIMALITY_UNASSIGNED,513,512,512,NO_RECORDED_FACTOR_PRP_OR_LL_RESULT_AND_NO_ACTIVE_GIMPS_ASSIGNMENT,2026-08-09T04:34:14+00:00,UNALLOCATED,,,,,
SLCMP1765-1767,1767,1767,583589329,2^583589329-1,STRUCTURAL_SCREEN_EXHAUSTED_PRIMALITY_UNASSIGNED,GF3A_DIRECTIONAL_WRITE_EXHAUSTED_PRIMALITY_UNASSIGNED,513,512,512,NO_RECORDED_FACTOR_PRP_OR_LL_RESULT_AND_NO_ACTIVE_GIMPS_ASSIGNMENT,2026-08-09T04:34:14+00:00,UNALLOCATED,,,,,
SLCMP1765-1768,1768,1768,583589341,2^583589341-1,STRUCTURAL_SCREEN_EXHAUSTED_PRIMALITY_UNASSIGNED,GF3A_DIRECTIONAL_WRITE_EXHAUSTED_PRIMALITY_UNASSIGNED,513,512,512,NO_RECORDED_FACTOR_PRP_OR_LL_RESULT_AND_NO_ACTIVE_GIMPS_ASSIGNMENT,2026-08-09T04:34:14+00:00,UNALLOCATED,,,,,
SLCMP1765-1769,1769,1769,583589371,2^583589371-1,STRUCTURAL_SCREEN_EXHAUSTED_PRIMALITY_UNASSIGNED,GF3A_DIRECTIONAL_WRITE_EXHAUSTED_PRIMALITY_UNASSIGNED,514,512,512,NO_RECORDED_FACTOR_PRP_OR_LL_RESULT_AND_NO_ACTIVE_GIMPS_ASSIGNMENT,2026-08-09T04:34:14+00:00,UNALLOCATED,,,,,
SLCMP1765-1770,1770,1770,583589423,2^583589423-1,STRUCTURAL_SCREEN_EXHAUSTED_PRIMALITY_UNASSIGNED,GF3A_DIRECTIONAL_WRITE_EXHAUSTED_PRIMALITY_UNASSIGNED,514,512,512,NO_RECORDED_FACTOR_PRP_OR_LL_RESULT_AND_NO_ACTIVE_GIMPS_ASSIGNMENT,2026-08-09T04:34:14+00:00,UNALLOCATED,,,,,
SLCMP1765-1771,1771,1771,583589537,2^583589537-1,STRUCTURAL_SCREEN_EXHAUSTED_PRIMALITY_UNASSIGNED,GF3A_DIRECTIONAL_WRITE_EXHAUSTED_PRIMALITY_UNASSIGNED,513,512,512,NO_RECORDED_FACTOR_PRP_OR_LL_RESULT_AND_NO_ACTIVE_GIMPS_ASSIGNMENT,2026-08-09T04:34:14+00:00,UNALLOCATED,,,,,
SLCMP1765-1772,1772,1772,583589653,2^583589653-1,STRUCTURAL_SCREEN_EXHAUSTED_PRIMALITY_UNASSIGNED,GF3A_DIRECTIONAL_WRITE_EXHAUSTED_PRIMALITY_UNASSIGNED,513,512,512,NO_RECORDED_FACTOR_PRP_OR_LL_RESULT_AND_NO_ACTIVE_GIMPS_ASSIGNMENT,2026-08-09T04:34:14+00:00,UNALLOCATED,,,,,
SLCMP1765-1773,1773,1773,583589659,2^583589659-1,STRUCTURAL_SCREEN_EXHAUSTED_PRIMALITY_UNASSIGNED,GF3A_DIRECTIONAL_WRITE_EXHAUSTED_PRIMALITY_UNASSIGNED,514,512,512,NO_RECORDED_FACTOR_PRP_OR_LL_RESULT_AND_NO_ACTIVE_GIMPS_ASSIGNMENT,2026-08-09T04:34:14+00:00,UNALLOCATED,,,,,
SLCMP1765-1774,1774,1774,583589749,2^583589749-1,STRUCTURAL_SCREEN_EXHAUSTED_PRIMALITY_UNASSIGNED,GF3A_DIRECTIONAL_WRITE_EXHAUSTED_PRIMALITY_UNASSIGNED,513,512,512,NO_RECORDED_FACTOR_PRP_OR_LL_RESULT_AND_NO_ACTIVE_GIMPS_ASSIGNMENT,2026-08-09T04:34:14+00:00,UNALLOCATED,,,,,
SLCMP1765-1775,1775,1775,583589761,2^583589761-1,STRUCTURAL_SCREEN_EXHAUSTED_PRIMALITY_UNASSIGNED,GF3A_DIRECTIONAL_WRITE_EXHAUSTED_PRIMALITY_UNASSIGNED,513,512,512,NO_RECORDED_FACTOR_PRP_OR_LL_RESULT_AND_NO_ACTIVE_GIMPS_ASSIGNMENT,2026-08-09T04:34:14+00:00,UNALLOCATED,,,,,
SLCMP1765-1776,1776,1776,583589791,2^583589791-1,STRUCTURAL_SCREEN_EXHAUSTED_PRIMALITY_UNASSIGNED,GF3A_DIRECTIONAL_WRITE_EXHAUSTED_PRIMALITY_UNASSIGNED,514,512,512,NO_RECORDED_FACTOR_PRP_OR_LL_RESULT_AND_NO_ACTIVE_GIMPS_ASSIGNMENT,2026-08-09T04:34:14+00:00,UNALLOCATED,,,,,
SLCMP1765-1777,1777,1777,583589887,2^583589887-1,STRUCTURAL_SCREEN_EXHAUSTED_PRIMALITY_UNASSIGNED,GF3A_DIRECTIONAL_WRITE_EXHAUSTED_PRIMALITY_UNASSIGNED,514,512,512,NO_RECORDED_FACTOR_PRP_OR_LL_RESULT_AND_NO_ACTIVE_GIMPS_ASSIGNMENT,2026-08-09T04:34:14+00:00,UNALLOCATED,,,,,
SLCMP1765-1778,1778,1778,583590013,2^583590013-1,STRUCTURAL_SCREEN_EXHAUSTED_PRIMALITY_UNASSIGNED,GF3A_DIRECTIONAL_WRITE_EXHAUSTED_PRIMALITY_UNASSIGNED,513,512,512,NO_RECORDED_FACTOR_PRP_OR_LL_RESULT_AND_NO_ACTIVE_GIMPS_ASSIGNMENT,2026-08-09T04:34:14+00:00,UNALLOCATED,,,,,
SLCMP1765-1779,1779,1779,583590131,2^583590131-1,STRUCTURAL_SCREEN_EXHAUSTED_PRIMALITY_UNASSIGNED,GF3A_DIRECTIONAL_WRITE_EXHAUSTED_PRIMALITY_UNASSIGNED,514,512,512,NO_RECORDED_FACTOR_PRP_OR_LL_RESULT_AND_NO_ACTIVE_GIMPS_ASSIGNMENT,2026-08-09T04:34:14+00:00,UNALLOCATED,,,,,
SLCMP1765-1780,1780,1780,583590169,2^583590169-1,STRUCTURAL_SCREEN_EXHAUSTED_PRIMALITY_UNASSIGNED,GF3A_DIRECTIONAL_WRITE_EXHAUSTED_PRIMALITY_UNASSIGNED,513,512,512,NO_RECORDED_FACTOR_PRP_OR_LL_RESULT_AND_NO_ACTIVE_GIMPS_ASSIGNMENT,2026-08-09T04:34:14+00:00,UNALLOCATED,,,,,
SLCMP1765-1781,1781,1781,583590191,2^583590191-1,STRUCTURAL_SCREEN_EXHAUSTED_PRIMALITY_UNASSIGNED,GF3A_DIRECTIONAL_WRITE_EXHAUSTED_PRIMALITY_UNASSIGNED,514,512,512,NO_RECORDED_FACTOR_PRP_OR_LL_RESULT_AND_NO_ACTIVE_GIMPS_ASSIGNMENT,2026-08-09T04:34:14+00:00,UNALLOCATED,,,,,
SLCMP1765-1782,1782,1782,583590391,2^583590391-1,STRUCTURAL_SCREEN_EXHAUSTED_PRIMALITY_UNASSIGNED,GF3A_DIRECTIONAL_WRITE_EXHAUSTED_PRIMALITY_UNASSIGNED,514,512,512,NO_RECORDED_FACTOR_PRP_OR_LL_RESULT_AND_NO_ACTIVE_GIMPS_ASSIGNMENT,2026-08-09T04:34:14+00:00,UNALLOCATED,,,,,
SLCMP1765-1783,1783,1783,583590437,2^583590437-1,STRUCTURAL_SCREEN_EXHAUSTED_PRIMALITY_UNASSIGNED,GF3A_DIRECTIONAL_WRITE_EXHAUSTED_PRIMALITY_UNASSIGNED,513,512,512,NO_RECORDED_FACTOR_PRP_OR_LL_RESULT_AND_NO_ACTIVE_GIMPS_ASSIGNMENT,2026-08-09T04:34:14+00:00,UNALLOCATED,,,,,
SLCMP1765-1784,1784,1784,583590457,2^583590457-1,STRUCTURAL_SCREEN_EXHAUSTED_PRIMALITY_UNASSIGNED,GF3A_DIRECTIONAL_WRITE_EXHAUSTED_PRIMALITY_UNASSIGNED,513,512,512,NO_RECORDED_FACTOR_PRP_OR_LL_RESULT_AND_NO_ACTIVE_GIMPS_ASSIGNMENT,2026-08-09T04:34:14+00:00,UNALLOCATED,,,,,
SLCMP1765-1785,1785,1785,583590487,2^583590487-1,STRUCTURAL_SCREEN_EXHAUSTED_PRIMALITY_UNASSIGNED,GF3A_DIRECTIONAL_WRITE_EXHAUSTED_PRIMALITY_UNASSIGNED,514,512,512,NO_RECORDED_FACTOR_PRP_OR_LL_RESULT_AND_NO_ACTIVE_GIMPS_ASSIGNMENT,2026-08-09T04:34:14+00:00,UNALLOCATED,,,,,
SLCMP1765-1786,1786,1786,583590541,2^583590541-1,STRUCTURAL_SCREEN_EXHAUSTED_PRIMALITY_UNASSIGNED,GF3A_DIRECTIONAL_WRITE_EXHAUSTED_PRIMALITY_UNASSIGNED,513,512,512,NO_RECORDED_FACTOR_PRP_OR_LL_RESULT_AND_NO_ACTIVE_GIMPS_ASSIGNMENT,2026-08-09T04:34:14+00:00,UNALLOCATED,,,,,
SLCMP1765-1787,1787,1787,583590571,2^583590571-1,STRUCTURAL_SCREEN_EXHAUSTED_PRIMALITY_UNASSIGNED,GF3A_DIRECTIONAL_WRITE_EXHAUSTED_PRIMALITY_UNASSIGNED,514,512,512,NO_RECORDED_FACTOR_PRP_OR_LL_RESULT_AND_NO_ACTIVE_GIMPS_ASSIGNMENT,2026-08-09T04:34:14+00:00,UNALLOCATED,,,,,
SLCMP1765-1788,1788,1788,583590589,2^583590589-1,STRUCTURAL_SCREEN_EXHAUSTED_PRIMALITY_UNASSIGNED,GF3A_DIRECTIONAL_WRITE_EXHAUSTED_PRIMALITY_UNASSIGNED,513,512,512,NO_RECORDED_FACTOR_PRP_OR_LL_RESULT_AND_NO_ACTIVE_GIMPS_ASSIGNMENT,2026-08-09T04:34:14+00:00,UNALLOCATED,,,,,
SLCMP1765-1789,1789,1789,583590629,2^583590629-1,STRUCTURAL_SCREEN_EXHAUSTED_PRIMALITY_UNASSIGNED,GF3A_DIRECTIONAL_WRITE_EXHAUSTED_PRIMALITY_UNASSIGNED,513,512,512,NO_RECORDED_FACTOR_PRP_OR_LL_RESULT_AND_NO_ACTIVE_GIMPS_ASSIGNMENT,2026-08-09T04:34:14+00:00,UNALLOCATED,,,,,
SLCMP1765-1790,1790,1790,583590659,2^583590659-1,STRUCTURAL_SCREEN_EXHAUSTED_PRIMALITY_UNASSIGNED,GF3A_DIRECTIONAL_WRITE_EXHAUSTED_PRIMALITY_UNASSIGNED,514,512,512,NO_RECORDED_FACTOR_PRP_OR_LL_RESULT_AND_NO_ACTIVE_GIMPS_ASSIGNMENT,2026-08-09T04:34:14+00:00,UNALLOCATED,,,,,
SLCMP1765-1791,1791,1791,583590713,2^583590713-1,STRUCTURAL_SCREEN_EXHAUSTED_PRIMALITY_UNASSIGNED,GF3A_DIRECTIONAL_WRITE_EXHAUSTED_PRIMALITY_UNASSIGNED,513,512,512,NO_RECORDED_FACTOR_PRP_OR_LL_RESULT_AND_NO_ACTIVE_GIMPS_ASSIGNMENT,2026-08-09T04:34:14+00:00,UNALLOCATED,,,,,
SLCMP1765-1792,1792,1792,583590727,2^583590727-1,STRUCTURAL_SCREEN_EXHAUSTED_PRIMALITY_UNASSIGNED,GF3A_DIRECTIONAL_WRITE_EXHAUSTED_PRIMALITY_UNASSIGNED,514,512,512,NO_RECORDED_FACTOR_PRP_OR_LL_RESULT_AND_NO_ACTIVE_GIMPS_ASSIGNMENT,2026-08-09T04:34:14+00:00,UNALLOCATED,,,,,
SLCMP1765-1793,1793,1793,583590769,2^583590769-1,STRUCTURAL_SCREEN_EXHAUSTED_PRIMALITY_UNASSIGNED,GF3A_DIRECTIONAL_WRITE_EXHAUSTED_PRIMALITY_UNASSIGNED,513,512,512,NO_RECORDED_FACTOR_PRP_OR_LL_RESULT_AND_NO_ACTIVE_GIMPS_ASSIGNMENT,2026-08-09T04:34:14+00:00,UNALLOCATED,,,,,
SLCMP1765-1794,1794,1794,583590817,2^583590817-1,STRUCTURAL_SCREEN_EXHAUSTED_PRIMALITY_UNASSIGNED,GF3A_DIRECTIONAL_WRITE_EXHAUSTED_PRIMALITY_UNASSIGNED,513,512,512,NO_RECORDED_FACTOR_PRP_OR_LL_RESULT_AND_NO_ACTIVE_GIMPS_ASSIGNMENT,2026-08-09T04:34:14+00:00,UNALLOCATED,,,,,
SLCMP1765-1795,1795,1795,583590859,2^583590859-1,STRUCTURAL_SCREEN_EXHAUSTED_PRIMALITY_UNASSIGNED,GF3A_DIRECTIONAL_WRITE_EXHAUSTED_PRIMALITY_UNASSIGNED,514,512,512,NO_RECORDED_FACTOR_PRP_OR_LL_RESULT_AND_NO_ACTIVE_GIMPS_ASSIGNMENT,2026-08-09T04:34:14+00:00,UNALLOCATED,,,,,
SLCMP1765-1796,1796,1796,583590877,2^583590877-1,STRUCTURAL_SCREEN_EXHAUSTED_PRIMALITY_UNASSIGNED,GF3A_DIRECTIONAL_WRITE_EXHAUSTED_PRIMALITY_UNASSIGNED,513,512,512,NO_RECORDED_FACTOR_PRP_OR_LL_RESULT_AND_NO_ACTIVE_GIMPS_ASSIGNMENT,2026-08-09T04:34:14+00:00,UNALLOCATED,,,,,
SLCMP1765-1797,1797,1797,583590967,2^583590967-1,STRUCTURAL_SCREEN_EXHAUSTED_PRIMALITY_UNASSIGNED,GF3A_DIRECTIONAL_WRITE_EXHAUSTED_PRIMALITY_UNASSIGNED,514,512,512,NO_RECORDED_FACTOR_PRP_OR_LL_RESULT_AND_NO_ACTIVE_GIMPS_ASSIGNMENT,2026-08-09T04:34:14+00:00,UNALLOCATED,,,,,
SLCMP1765-1798,1798,1798,583591033,2^583591033-1,STRUCTURAL_SCREEN_EXHAUSTED_PRIMALITY_UNASSIGNED,GF3A_DIRECTIONAL_WRITE_EXHAUSTED_PRIMALITY_UNASSIGNED,513,512,512,NO_RECORDED_FACTOR_PRP_OR_LL_RESULT_AND_NO_ACTIVE_GIMPS_ASSIGNMENT,2026-08-09T04:34:14+00:00,UNALLOCATED,,,,,
SLCMP1765-1799,1799,1799,583591069,2^583591069-1,STRUCTURAL_SCREEN_EXHAUSTED_PRIMALITY_UNASSIGNED,GF3A_DIRECTIONAL_WRITE_EXHAUSTED_PRIMALITY_UNASSIGNED,513,512,512,NO_RECORDED_FACTOR_PRP_OR_LL_RESULT_AND_NO_ACTIVE_GIMPS_ASSIGNMENT,2026-08-09T04:34:14+00:00,UNALLOCATED,,,,,
SLCMP1765-1800,1800,1800,583591117,2^583591117-1,STRUCTURAL_SCREEN_EXHAUSTED_PRIMALITY_UNASSIGNED,GF3A_DIRECTIONAL_WRITE_EXHAUSTED_PRIMALITY_UNASSIGNED,513,512,512,NO_RECORDED_FACTOR_PRP_OR_LL_RESULT_AND_NO_ACTIVE_GIMPS_ASSIGNMENT,2026-08-09T04:34:14+00:00,UNALLOCATED,,,,,
SLCMP1765-1801,1801,1801,583591159,2^583591159-1,STRUCTURAL_SCREEN_EXHAUSTED_PRIMALITY_UNASSIGNED,GF3A_DIRECTIONAL_WRITE_EXHAUSTED_PRIMALITY_UNASSIGNED,514,512,512,NO_RECORDED_FACTOR_PRP_OR_LL_RESULT_AND_NO_ACTIVE_GIMPS_ASSIGNMENT,2026-08-09T04:34:14+00:00,UNALLOCATED,,,,,
SLCMP1765-1802,1802,1802,583591279,2^583591279-1,STRUCTURAL_SCREEN_EXHAUSTED_PRIMALITY_UNASSIGNED,GF3A_DIRECTIONAL_WRITE_EXHAUSTED_PRIMALITY_UNASSIGNED,514,512,512,NO_RECORDED_FACTOR_PRP_OR_LL_RESULT_AND_NO_ACTIVE_GIMPS_ASSIGNMENT,2026-08-09T04:34:14+00:00,UNALLOCATED,,,,,
SLCMP1765-1803,1803,1803,583591369,2^583591369-1,STRUCTURAL_SCREEN_EXHAUSTED_PRIMALITY_UNASSIGNED,GF3A_DIRECTIONAL_WRITE_EXHAUSTED_PRIMALITY_UNASSIGNED,513,512,512,NO_RECORDED_FACTOR_PRP_OR_LL_RESULT_AND_NO_ACTIVE_GIMPS_ASSIGNMENT,2026-08-09T04:34:14+00:00,UNALLOCATED,,,,,
SLCMP1765-1804,1804,1804,583591513,2^583591513-1,STRUCTURAL_SCREEN_EXHAUSTED_PRIMALITY_UNASSIGNED,GF3A_DIRECTIONAL_WRITE_EXHAUSTED_PRIMALITY_UNASSIGNED,513,512,512,NO_RECORDED_FACTOR_PRP_OR_LL_RESULT_AND_NO_ACTIVE_GIMPS_ASSIGNMENT,2026-08-09T04:34:14+00:00,UNALLOCATED,,,,,
SLCMP1765-1805,1805,1805,583591537,2^583591537-1,STRUCTURAL_SCREEN_EXHAUSTED_PRIMALITY_UNASSIGNED,GF3A_DIRECTIONAL_WRITE_EXHAUSTED_PRIMALITY_UNASSIGNED,513,512,512,NO_RECORDED_FACTOR_PRP_OR_LL_RESULT_AND_NO_ACTIVE_GIMPS_ASSIGNMENT,2026-08-09T04:34:14+00:00,UNALLOCATED,,,,,
SLCMP1765-1806,1806,1806,583591573,2^583591573-1,STRUCTURAL_SCREEN_EXHAUSTED_PRIMALITY_UNASSIGNED,GF3A_DIRECTIONAL_WRITE_EXHAUSTED_PRIMALITY_UNASSIGNED,513,512,512,NO_RECORDED_FACTOR_PRP_OR_LL_RESULT_AND_NO_ACTIVE_GIMPS_ASSIGNMENT,2026-08-09T04:34:14+00:00,UNALLOCATED,,,,,
SLCMP1765-1807,1807,1807,583591681,2^583591681-1,STRUCTURAL_SCREEN_EXHAUSTED_PRIMALITY_UNASSIGNED,GF3A_DIRECTIONAL_WRITE_EXHAUSTED_PRIMALITY_UNASSIGNED,513,512,512,NO_RECORDED_FACTOR_PRP_OR_LL_RESULT_AND_NO_ACTIVE_GIMPS_ASSIGNMENT,2026-08-09T04:34:14+00:00,UNALLOCATED,,,,,
SLCMP1765-1808,1808,1808,583591693,2^583591693-1,STRUCTURAL_SCREEN_EXHAUSTED_PRIMALITY_UNASSIGNED,GF3A_DIRECTIONAL_WRITE_EXHAUSTED_PRIMALITY_UNASSIGNED,513,512,512,NO_RECORDED_FACTOR_PRP_OR_LL_RESULT_AND_NO_ACTIVE_GIMPS_ASSIGNMENT,2026-08-09T04:34:14+00:00,UNALLOCATED,,,,,
SLCMP1765-1809,1809,1809,583591721,2^583591721-1,STRUCTURAL_SCREEN_EXHAUSTED_PRIMALITY_UNASSIGNED,GF3A_DIRECTIONAL_WRITE_EXHAUSTED_PRIMALITY_UNASSIGNED,513,512,512,NO_RECORDED_FACTOR_PRP_OR_LL_RESULT_AND_NO_ACTIVE_GIMPS_ASSIGNMENT,2026-08-09T04:34:14+00:00,UNALLOCATED,,,,,
SLCMP1765-1810,1810,1810,583591751,2^583591751-1,STRUCTURAL_SCREEN_EXHAUSTED_PRIMALITY_UNASSIGNED,GF3A_DIRECTIONAL_WRITE_EXHAUSTED_PRIMALITY_UNASSIGNED,514,512,512,NO_RECORDED_FACTOR_PRP_OR_LL_RESULT_AND_NO_ACTIVE_GIMPS_ASSIGNMENT,2026-08-09T04:34:14+00:00,UNALLOCATED,,,,,
SLCMP1765-1811,1811,1811,583591843,2^583591843-1,STRUCTURAL_SCREEN_EXHAUSTED_PRIMALITY_UNASSIGNED,GF3A_DIRECTIONAL_WRITE_EXHAUSTED_PRIMALITY_UNASSIGNED,514,512,512,NO_RECORDED_FACTOR_PRP_OR_LL_RESULT_AND_NO_ACTIVE_GIMPS_ASSIGNMENT,2026-08-09T04:34:14+00:00,UNALLOCATED,,,,,
SLCMP1765-1812,1812,1812,583591889,2^583591889-1,STRUCTURAL_SCREEN_EXHAUSTED_PRIMALITY_UNASSIGNED,GF3A_DIRECTIONAL_WRITE_EXHAUSTED_PRIMALITY_UNASSIGNED,513,512,512,NO_RECORDED_FACTOR_PRP_OR_LL_RESULT_AND_NO_ACTIVE_GIMPS_ASSIGNMENT,2026-08-09T04:34:14+00:00,UNALLOCATED,,,,,
SLCMP1765-1813,1813,1813,583591891,2^583591891-1,STRUCTURAL_SCREEN_EXHAUSTED_PRIMALITY_UNASSIGNED,GF3A_DIRECTIONAL_WRITE_EXHAUSTED_PRIMALITY_UNASSIGNED,514,512,512,NO_RECORDED_FACTOR_PRP_OR_LL_RESULT_AND_NO_ACTIVE_GIMPS_ASSIGNMENT,2026-08-09T04:34:14+00:00,UNALLOCATED,,,,,
SLCMP1765-1814,1814,1814,583591907,2^583591907-1,STRUCTURAL_SCREEN_EXHAUSTED_PRIMALITY_UNASSIGNED,GF3A_DIRECTIONAL_WRITE_EXHAUSTED_PRIMALITY_UNASSIGNED,514,512,512,NO_RECORDED_FACTOR_PRP_OR_LL_RESULT_AND_NO_ACTIVE_GIMPS_ASSIGNMENT,2026-08-09T04:34:14+00:00,UNALLOCATED,,,,,
SLCMP1765-1815,1815,1815,583591961,2^583591961-1,STRUCTURAL_SCREEN_EXHAUSTED_PRIMALITY_UNASSIGNED,GF3A_DIRECTIONAL_WRITE_EXHAUSTED_PRIMALITY_UNASSIGNED,513,512,512,NO_RECORDED_FACTOR_PRP_OR_LL_RESULT_AND_NO_ACTIVE_GIMPS_ASSIGNMENT,2026-08-09T04:34:14+00:00,UNALLOCATED,,,,,
SLCMP1765-1816,1816,1816,583592047,2^583592047-1,STRUCTURAL_SCREEN_EXHAUSTED_PRIMALITY_UNASSIGNED,GF3A_DIRECTIONAL_WRITE_EXHAUSTED_PRIMALITY_UNASSIGNED,514,512,512,NO_RECORDED_FACTOR_PRP_OR_LL_RESULT_AND_NO_ACTIVE_GIMPS_ASSIGNMENT,2026-08-09T04:34:14+00:00,UNALLOCATED,,,,,
SLCMP1765-1817,1817,1817,583592057,2^583592057-1,STRUCTURAL_SCREEN_EXHAUSTED_PRIMALITY_UNASSIGNED,GF3A_DIRECTIONAL_WRITE_EXHAUSTED_PRIMALITY_UNASSIGNED,513,512,512,NO_RECORDED_FACTOR_PRP_OR_LL_RESULT_AND_NO_ACTIVE_GIMPS_ASSIGNMENT,2026-08-09T04:34:14+00:00,UNALLOCATED,,,,,
SLCMP1765-1818,1818,1818,583592131,2^583592131-1,STRUCTURAL_SCREEN_EXHAUSTED_PRIMALITY_UNASSIGNED,GF3A_DIRECTIONAL_WRITE_EXHAUSTED_PRIMALITY_UNASSIGNED,514,512,512,NO_RECORDED_FACTOR_PRP_OR_LL_RESULT_AND_NO_ACTIVE_GIMPS_ASSIGNMENT,2026-08-09T04:34:14+00:00,UNALLOCATED,,,,,
SLCMP1765-1819,1819,1819,583592171,2^583592171-1,STRUCTURAL_SCREEN_EXHAUSTED_PRIMALITY_UNASSIGNED,GF3A_DIRECTIONAL_WRITE_EXHAUSTED_PRIMALITY_UNASSIGNED,514,512,512,NO_RECORDED_FACTOR_PRP_OR_LL_RESULT_AND_NO_ACTIVE_GIMPS_ASSIGNMENT,2026-08-09T04:34:14+00:00,UNALLOCATED,,,,,
SLCMP1765-1820,1820,1820,583592291,2^583592291-1,STRUCTURAL_SCREEN_EXHAUSTED_PRIMALITY_UNASSIGNED,GF3A_DIRECTIONAL_WRITE_EXHAUSTED_PRIMALITY_UNASSIGNED,514,512,512,NO_RECORDED_FACTOR_PRP_OR_LL_RESULT_AND_NO_ACTIVE_GIMPS_ASSIGNMENT,2026-08-09T04:34:14+00:00,UNALLOCATED,,,,,
SLCMP1765-1821,1821,1821,583592297,2^583592297-1,STRUCTURAL_SCREEN_EXHAUSTED_PRIMALITY_UNASSIGNED,GF3A_DIRECTIONAL_WRITE_EXHAUSTED_PRIMALITY_UNASSIGNED,513,512,512,NO_RECORDED_FACTOR_PRP_OR_LL_RESULT_AND_NO_ACTIVE_GIMPS_ASSIGNMENT,2026-08-09T04:34:14+00:00,UNALLOCATED,,,,,
SLCMP1765-1822,1822,1822,583592299,2^583592299-1,STRUCTURAL_SCREEN_EXHAUSTED_PRIMALITY_UNASSIGNED,GF3A_DIRECTIONAL_WRITE_EXHAUSTED_PRIMALITY_UNASSIGNED,514,512,512,NO_RECORDED_FACTOR_PRP_OR_LL_RESULT_AND_NO_ACTIVE_GIMPS_ASSIGNMENT,2026-08-09T04:34:14+00:00,UNALLOCATED,,,,,
SLCMP1765-1823,1823,1823,583592309,2^583592309-1,STRUCTURAL_SCREEN_EXHAUSTED_PRIMALITY_UNASSIGNED,GF3A_DIRECTIONAL_WRITE_EXHAUSTED_PRIMALITY_UNASSIGNED,513,512,512,NO_RECORDED_FACTOR_PRP_OR_LL_RESULT_AND_NO_ACTIVE_GIMPS_ASSIGNMENT,2026-08-09T04:34:14+00:00,UNALLOCATED,,,,,
SLCMP1765-1824,1824,1824,583592341,2^583592341-1,STRUCTURAL_SCREEN_EXHAUSTED_PRIMALITY_UNASSIGNED,GF3A_DIRECTIONAL_WRITE_EXHAUSTED_PRIMALITY_UNASSIGNED,513,512,512,NO_RECORDED_FACTOR_PRP_OR_LL_RESULT_AND_NO_ACTIVE_GIMPS_ASSIGNMENT,2026-08-09T04:34:14+00:00,UNALLOCATED,,,,,
SLCMP1765-1825,1825,1825,583592357,2^583592357-1,STRUCTURAL_SCREEN_EXHAUSTED_PRIMALITY_UNASSIGNED,GF3A_DIRECTIONAL_WRITE_EXHAUSTED_PRIMALITY_UNASSIGNED,513,512,512,NO_RECORDED_FACTOR_PRP_OR_LL_RESULT_AND_NO_ACTIVE_GIMPS_ASSIGNMENT,2026-08-09T04:34:14+00:00,UNALLOCATED,,,,,
SLCMP1765-1826,1826,1826,583592411,2^583592411-1,STRUCTURAL_SCREEN_EXHAUSTED_PRIMALITY_UNASSIGNED,GF3A_DIRECTIONAL_WRITE_EXHAUSTED_PRIMALITY_UNASSIGNED,514,512,512,NO_RECORDED_FACTOR_PRP_OR_LL_RESULT_AND_NO_ACTIVE_GIMPS_ASSIGNMENT,2026-08-09T04:34:14+00:00,UNALLOCATED,,,,,
SLCMP1765-1827,1827,1827,583592437,2^583592437-1,STRUCTURAL_SCREEN_EXHAUSTED_PRIMALITY_UNASSIGNED,GF3A_DIRECTIONAL_WRITE_EXHAUSTED_PRIMALITY_UNASSIGNED,513,512,512,NO_RECORDED_FACTOR_PRP_OR_LL_RESULT_AND_NO_ACTIVE_GIMPS_ASSIGNMENT,2026-08-09T04:34:14+00:00,UNALLOCATED,,,,,
SLCMP1765-1828,1828,1828,583592521,2^583592521-1,STRUCTURAL_SCREEN_EXHAUSTED_PRIMALITY_UNASSIGNED,GF3A_DIRECTIONAL_WRITE_EXHAUSTED_PRIMALITY_UNASSIGNED,513,512,512,NO_RECORDED_FACTOR_PRP_OR_LL_RESULT_AND_NO_ACTIVE_GIMPS_ASSIGNMENT,2026-08-09T04:34:14+00:00,UNALLOCATED,,,,,
SLCMP1765-1829,1829,1829,583592557,2^583592557-1,STRUCTURAL_SCREEN_EXHAUSTED_PRIMALITY_UNASSIGNED,GF3A_DIRECTIONAL_WRITE_EXHAUSTED_PRIMALITY_UNASSIGNED,513,512,512,NO_RECORDED_FACTOR_PRP_OR_LL_RESULT_AND_NO_ACTIVE_GIMPS_ASSIGNMENT,2026-08-09T04:34:14+00:00,UNALLOCATED,,,,,
SLCMP1765-1830,1830,1830,583592563,2^583592563-1,STRUCTURAL_SCREEN_EXHAUSTED_PRIMALITY_UNASSIGNED,GF3A_DIRECTIONAL_WRITE_EXHAUSTED_PRIMALITY_UNASSIGNED,514,512,512,NO_RECORDED_FACTOR_PRP_OR_LL_RESULT_AND_NO_ACTIVE_GIMPS_ASSIGNMENT,2026-08-09T04:34:14+00:00,UNALLOCATED,,,,,
SLCMP1765-1831,1831,1831,583592573,2^583592573-1,STRUCTURAL_SCREEN_EXHAUSTED_PRIMALITY_UNASSIGNED,GF3A_DIRECTIONAL_WRITE_EXHAUSTED_PRIMALITY_UNASSIGNED,513,512,512,NO_RECORDED_FACTOR_PRP_OR_LL_RESULT_AND_NO_ACTIVE_GIMPS_ASSIGNMENT,2026-08-09T04:34:14+00:00,UNALLOCATED,,,,,
SLCMP1765-1832,1832,1832,583592641,2^583592641-1,STRUCTURAL_SCREEN_EXHAUSTED_PRIMALITY_UNASSIGNED,GF3A_DIRECTIONAL_WRITE_EXHAUSTED_PRIMALITY_UNASSIGNED,513,512,512,NO_RECORDED_FACTOR_PRP_OR_LL_RESULT_AND_NO_ACTIVE_GIMPS_ASSIGNMENT,2026-08-09T04:34:14+00:00,UNALLOCATED,,,,,
SLCMP1765-1833,1833,1833,583592651,2^583592651-1,STRUCTURAL_SCREEN_EXHAUSTED_PRIMALITY_UNASSIGNED,GF3A_DIRECTIONAL_WRITE_EXHAUSTED_PRIMALITY_UNASSIGNED,514,512,512,NO_RECORDED_FACTOR_PRP_OR_LL_RESULT_AND_NO_ACTIVE_GIMPS_ASSIGNMENT,2026-08-09T04:34:14+00:00,UNALLOCATED,,,,,
SLCMP1765-1834,1834,1834,583592687,2^583592687-1,STRUCTURAL_SCREEN_EXHAUSTED_PRIMALITY_UNASSIGNED,GF3A_DIRECTIONAL_WRITE_EXHAUSTED_PRIMALITY_UNASSIGNED,514,512,512,NO_RECORDED_FACTOR_PRP_OR_LL_RESULT_AND_NO_ACTIVE_GIMPS_ASSIGNMENT,2026-08-09T04:34:14+00:00,UNALLOCATED,,,,,
SLCMP1765-1835,1835,1835,583592761,2^583592761-1,STRUCTURAL_SCREEN_EXHAUSTED_PRIMALITY_UNASSIGNED,GF3A_DIRECTIONAL_WRITE_EXHAUSTED_PRIMALITY_UNASSIGNED,513,512,512,NO_RECORDED_FACTOR_PRP_OR_LL_RESULT_AND_NO_ACTIVE_GIMPS_ASSIGNMENT,2026-08-09T04:34:14+00:00,UNALLOCATED,,,,,
SLCMP1765-1836,1836,1836,583592797,2^583592797-1,STRUCTURAL_SCREEN_EXHAUSTED_PRIMALITY_UNASSIGNED,GF3A_DIRECTIONAL_WRITE_EXHAUSTED_PRIMALITY_UNASSIGNED,513,512,512,NO_RECORDED_FACTOR_PRP_OR_LL_RESULT_AND_NO_ACTIVE_GIMPS_ASSIGNMENT,2026-08-09T04:34:14+00:00,UNALLOCATED,,,,,
SLCMP1765-1837,1837,1837,583592833,2^583592833-1,STRUCTURAL_SCREEN_EXHAUSTED_PRIMALITY_UNASSIGNED,GF3A_DIRECTIONAL_WRITE_EXHAUSTED_PRIMALITY_UNASSIGNED,513,512,512,NO_RECORDED_FACTOR_PRP_OR_LL_RESULT_AND_NO_ACTIVE_GIMPS_ASSIGNMENT,2026-08-09T04:34:14+00:00,UNALLOCATED,,,,,
SLCMP1765-1838,1838,1838,583593047,2^583593047-1,STRUCTURAL_SCREEN_EXHAUSTED_PRIMALITY_UNASSIGNED,GF3A_DIRECTIONAL_WRITE_EXHAUSTED_PRIMALITY_UNASSIGNED,514,512,512,NO_RECORDED_FACTOR_PRP_OR_LL_RESULT_AND_NO_ACTIVE_GIMPS_ASSIGNMENT,2026-08-09T04:34:14+00:00,UNALLOCATED,,,,,
SLCMP1765-1839,1839,1839,583593061,2^583593061-1,STRUCTURAL_SCREEN_EXHAUSTED_PRIMALITY_UNASSIGNED,GF3A_DIRECTIONAL_WRITE_EXHAUSTED_PRIMALITY_UNASSIGNED,513,512,512,NO_RECORDED_FACTOR_PRP_OR_LL_RESULT_AND_NO_ACTIVE_GIMPS_ASSIGNMENT,2026-08-09T04:34:14+00:00,UNALLOCATED,,,,,
SLCMP1765-1840,1840,1840,583593137,2^583593137-1,STRUCTURAL_SCREEN_EXHAUSTED_PRIMALITY_UNASSIGNED,GF3A_DIRECTIONAL_WRITE_EXHAUSTED_PRIMALITY_UNASSIGNED,513,512,512,NO_RECORDED_FACTOR_PRP_OR_LL_RESULT_AND_NO_ACTIVE_GIMPS_ASSIGNMENT,2026-08-09T04:34:14+00:00,UNALLOCATED,,,,,
SLCMP1765-1841,1841,1841,583593277,2^583593277-1,STRUCTURAL_SCREEN_EXHAUSTED_PRIMALITY_UNASSIGNED,GF3A_DIRECTIONAL_WRITE_EXHAUSTED_PRIMALITY_UNASSIGNED,513,512,512,NO_RECORDED_FACTOR_PRP_OR_LL_RESULT_AND_NO_ACTIVE_GIMPS_ASSIGNMENT,2026-08-09T04:34:14+00:00,UNALLOCATED,,,,,
SLCMP1765-1842,1842,1842,583593281,2^583593281-1,STRUCTURAL_SCREEN_EXHAUSTED_PRIMALITY_UNASSIGNED,GF3A_DIRECTIONAL_WRITE_EXHAUSTED_PRIMALITY_UNASSIGNED,513,512,512,NO_RECORDED_FACTOR_PRP_OR_LL_RESULT_AND_NO_ACTIVE_GIMPS_ASSIGNMENT,2026-08-09T04:34:14+00:00,UNALLOCATED,,,,,
SLCMP1765-1843,1843,1843,583593319,2^583593319-1,STRUCTURAL_SCREEN_EXHAUSTED_PRIMALITY_UNASSIGNED,GF3A_DIRECTIONAL_WRITE_EXHAUSTED_PRIMALITY_UNASSIGNED,514,512,512,NO_RECORDED_FACTOR_PRP_OR_LL_RESULT_AND_NO_ACTIVE_GIMPS_ASSIGNMENT,2026-08-09T04:34:14+00:00,UNALLOCATED,,,,,
SLCMP1765-1844,1844,1844,583593481,2^583593481-1,STRUCTURAL_SCREEN_EXHAUSTED_PRIMALITY_UNASSIGNED,GF3A_DIRECTIONAL_WRITE_EXHAUSTED_PRIMALITY_UNASSIGNED,513,512,512,NO_RECORDED_FACTOR_PRP_OR_LL_RESULT_AND_NO_ACTIVE_GIMPS_ASSIGNMENT,2026-08-09T04:34:14+00:00,UNALLOCATED,,,,,
SLCMP1765-1845,1845,1845,583593487,2^583593487-1,STRUCTURAL_SCREEN_EXHAUSTED_PRIMALITY_UNASSIGNED,GF3A_DIRECTIONAL_WRITE_EXHAUSTED_PRIMALITY_UNASSIGNED,514,512,512,NO_RECORDED_FACTOR_PRP_OR_LL_RESULT_AND_NO_ACTIVE_GIMPS_ASSIGNMENT,2026-08-09T04:34:14+00:00,UNALLOCATED,,,,,
SLCMP1765-1846,1846,1846,583593541,2^583593541-1,STRUCTURAL_SCREEN_EXHAUSTED_PRIMALITY_UNASSIGNED,GF3A_DIRECTIONAL_WRITE_EXHAUSTED_PRIMALITY_UNASSIGNED,513,512,512,NO_RECORDED_FACTOR_PRP_OR_LL_RESULT_AND_NO_ACTIVE_GIMPS_ASSIGNMENT,2026-08-09T04:34:14+00:00,UNALLOCATED,,,,,
SLCMP1765-1847,1847,1847,583593551,2^583593551-1,STRUCTURAL_SCREEN_EXHAUSTED_PRIMALITY_UNASSIGNED,GF3A_DIRECTIONAL_WRITE_EXHAUSTED_PRIMALITY_UNASSIGNED,514,512,512,NO_RECORDED_FACTOR_PRP_OR_LL_RESULT_AND_NO_ACTIVE_GIMPS_ASSIGNMENT,2026-08-09T04:34:14+00:00,UNALLOCATED,,,,,
SLCMP1765-1848,1848,1848,583593553,2^583593553-1,STRUCTURAL_SCREEN_EXHAUSTED_PRIMALITY_UNASSIGNED,GF3A_DIRECTIONAL_WRITE_EXHAUSTED_PRIMALITY_UNASSIGNED,513,512,512,NO_RECORDED_FACTOR_PRP_OR_LL_RESULT_AND_NO_ACTIVE_GIMPS_ASSIGNMENT,2026-08-09T04:34:14+00:00,UNALLOCATED,,,,,
SLCMP1765-1849,1849,1849,583593583,2^583593583-1,STRUCTURAL_SCREEN_EXHAUSTED_PRIMALITY_UNASSIGNED,GF3A_DIRECTIONAL_WRITE_EXHAUSTED_PRIMALITY_UNASSIGNED,514,512,512,NO_RECORDED_FACTOR_PRP_OR_LL_RESULT_AND_NO_ACTIVE_GIMPS_ASSIGNMENT,2026-08-09T04:34:14+00:00,UNALLOCATED,,,,,
SLCMP1765-1850,1850,1850,583593623,2^583593623-1,STRUCTURAL_SCREEN_EXHAUSTED_PRIMALITY_UNASSIGNED,GF3A_DIRECTIONAL_WRITE_EXHAUSTED_PRIMALITY_UNASSIGNED,514,512,512,NO_RECORDED_FACTOR_PRP_OR_LL_RESULT_AND_NO_ACTIVE_GIMPS_ASSIGNMENT,2026-08-09T04:34:14+00:00,UNALLOCATED,,,,,
SLCMP1765-1851,1851,1851,583593641,2^583593641-1,STRUCTURAL_SCREEN_EXHAUSTED_PRIMALITY_UNASSIGNED,GF3A_DIRECTIONAL_WRITE_EXHAUSTED_PRIMALITY_UNASSIGNED,513,512,512,NO_RECORDED_FACTOR_PRP_OR_LL_RESULT_AND_NO_ACTIVE_GIMPS_ASSIGNMENT,2026-08-09T04:34:14+00:00,UNALLOCATED,,,,,
SLCMP1765-1852,1852,1852,583593643,2^583593643-1,STRUCTURAL_SCREEN_EXHAUSTED_PRIMALITY_UNASSIGNED,GF3A_DIRECTIONAL_WRITE_EXHAUSTED_PRIMALITY_UNASSIGNED,514,512,512,NO_RECORDED_FACTOR_PRP_OR_LL_RESULT_AND_NO_ACTIVE_GIMPS_ASSIGNMENT,2026-08-09T04:34:14+00:00,UNALLOCATED,,,,,
SLCMP1765-1853,1853,1853,583593671,2^583593671-1,STRUCTURAL_SCREEN_EXHAUSTED_PRIMALITY_UNASSIGNED,GF3A_DIRECTIONAL_WRITE_EXHAUSTED_PRIMALITY_UNASSIGNED,514,512,512,NO_RECORDED_FACTOR_PRP_OR_LL_RESULT_AND_NO_ACTIVE_GIMPS_ASSIGNMENT,2026-08-09T04:34:14+00:00,UNALLOCATED,,,,,
SLCMP1765-1854,1854,1854,583593727,2^583593727-1,STRUCTURAL_SCREEN_EXHAUSTED_PRIMALITY_UNASSIGNED,GF3A_DIRECTIONAL_WRITE_EXHAUSTED_PRIMALITY_UNASSIGNED,514,512,512,NO_RECORDED_FACTOR_PRP_OR_LL_RESULT_AND_NO_ACTIVE_GIMPS_ASSIGNMENT,2026-08-09T04:34:14+00:00,UNALLOCATED,,,,,
SLCMP1765-1855,1855,1855,583593733,2^583593733-1,STRUCTURAL_SCREEN_EXHAUSTED_PRIMALITY_UNASSIGNED,GF3A_DIRECTIONAL_WRITE_EXHAUSTED_PRIMALITY_UNASSIGNED,513,512,512,NO_RECORDED_FACTOR_PRP_OR_LL_RESULT_AND_NO_ACTIVE_GIMPS_ASSIGNMENT,2026-08-09T04:34:14+00:00,UNALLOCATED,,,,,
SLCMP1765-1856,1856,1856,583593779,2^583593779-1,STRUCTURAL_SCREEN_EXHAUSTED_PRIMALITY_UNASSIGNED,GF3A_DIRECTIONAL_WRITE_EXHAUSTED_PRIMALITY_UNASSIGNED,514,512,512,NO_RECORDED_FACTOR_PRP_OR_LL_RESULT_AND_NO_ACTIVE_GIMPS_ASSIGNMENT,2026-08-09T04:34:14+00:00,UNALLOCATED,,,,,
SLCMP1765-1857,1857,1857,583593781,2^583593781-1,STRUCTURAL_SCREEN_EXHAUSTED_PRIMALITY_UNASSIGNED,GF3A_DIRECTIONAL_WRITE_EXHAUSTED_PRIMALITY_UNASSIGNED,513,512,512,NO_RECORDED_FACTOR_PRP_OR_LL_RESULT_AND_NO_ACTIVE_GIMPS_ASSIGNMENT,2026-08-09T04:34:14+00:00,UNALLOCATED,,,,,
SLCMP1765-1858,1858,1858,583593841,2^583593841-1,STRUCTURAL_SCREEN_EXHAUSTED_PRIMALITY_UNASSIGNED,GF3A_DIRECTIONAL_WRITE_EXHAUSTED_PRIMALITY_UNASSIGNED,513,512,512,NO_RECORDED_FACTOR_PRP_OR_LL_RESULT_AND_NO_ACTIVE_GIMPS_ASSIGNMENT,2026-08-09T04:34:14+00:00,UNALLOCATED,,,,,
SLCMP1765-1859,1859,1859,583593887,2^583593887-1,STRUCTURAL_SCREEN_EXHAUSTED_PRIMALITY_UNASSIGNED,GF3A_DIRECTIONAL_WRITE_EXHAUSTED_PRIMALITY_UNASSIGNED,514,512,512,NO_RECORDED_FACTOR_PRP_OR_LL_RESULT_AND_NO_ACTIVE_GIMPS_ASSIGNMENT,2026-08-09T04:34:14+00:00,UNALLOCATED,,,,,
SLCMP1765-1860,1860,1860,583593917,2^583593917-1,STRUCTURAL_SCREEN_EXHAUSTED_PRIMALITY_UNASSIGNED,GF3A_DIRECTIONAL_WRITE_EXHAUSTED_PRIMALITY_UNASSIGNED,513,512,512,NO_RECORDED_FACTOR_PRP_OR_LL_RESULT_AND_NO_ACTIVE_GIMPS_ASSIGNMENT,2026-08-09T04:34:14+00:00,UNALLOCATED,,,,,
SLCMP1765-1861,1861,1861,583593929,2^583593929-1,STRUCTURAL_SCREEN_EXHAUSTED_PRIMALITY_UNASSIGNED,GF3A_DIRECTIONAL_WRITE_EXHAUSTED_PRIMALITY_UNASSIGNED,513,512,512,NO_RECORDED_FACTOR_PRP_OR_LL_RESULT_AND_NO_ACTIVE_GIMPS_ASSIGNMENT,2026-08-09T04:34:14+00:00,UNALLOCATED,,,,,
SLCMP1765-1862,1862,1862,583593947,2^583593947-1,STRUCTURAL_SCREEN_EXHAUSTED_PRIMALITY_UNASSIGNED,GF3A_DIRECTIONAL_WRITE_EXHAUSTED_PRIMALITY_UNASSIGNED,514,512,512,NO_RECORDED_FACTOR_PRP_OR_LL_RESULT_AND_NO_ACTIVE_GIMPS_ASSIGNMENT,2026-08-09T04:34:14+00:00,UNALLOCATED,,,,,
SLCMP1765-1863,1863,1863,583594013,2^583594013-1,STRUCTURAL_SCREEN_EXHAUSTED_PRIMALITY_UNASSIGNED,GF3A_DIRECTIONAL_WRITE_EXHAUSTED_PRIMALITY_UNASSIGNED,513,512,512,NO_RECORDED_FACTOR_PRP_OR_LL_RESULT_AND_NO_ACTIVE_GIMPS_ASSIGNMENT,2026-08-09T04:34:14+00:00,UNALLOCATED,,,,,
SLCMP1765-1864,1864,1864,583594061,2^583594061-1,STRUCTURAL_SCREEN_EXHAUSTED_PRIMALITY_UNASSIGNED,GF3A_DIRECTIONAL_WRITE_EXHAUSTED_PRIMALITY_UNASSIGNED,513,512,512,NO_RECORDED_FACTOR_PRP_OR_LL_RESULT_AND_NO_ACTIVE_GIMPS_ASSIGNMENT,2026-08-09T04:34:14+00:00,UNALLOCATED,,,,,
SLCMP1765-1865,1865,1865,583594069,2^583594069-1,STRUCTURAL_SCREEN_EXHAUSTED_PRIMALITY_UNASSIGNED,GF3A_DIRECTIONAL_WRITE_EXHAUSTED_PRIMALITY_UNASSIGNED,513,512,512,NO_RECORDED_FACTOR_PRP_OR_LL_RESULT_AND_NO_ACTIVE_GIMPS_ASSIGNMENT,2026-08-09T04:34:14+00:00,UNALLOCATED,,,,,
SLCMP1765-1866,1866,1866,583594079,2^583594079-1,STRUCTURAL_SCREEN_EXHAUSTED_PRIMALITY_UNASSIGNED,GF3A_DIRECTIONAL_WRITE_EXHAUSTED_PRIMALITY_UNASSIGNED,514,512,512,NO_RECORDED_FACTOR_PRP_OR_LL_RESULT_AND_NO_ACTIVE_GIMPS_ASSIGNMENT,2026-08-09T04:34:14+00:00,UNALLOCATED,,,,,
SLCMP1765-1867,1867,1867,583594091,2^583594091-1,STRUCTURAL_SCREEN_EXHAUSTED_PRIMALITY_UNASSIGNED,GF3A_DIRECTIONAL_WRITE_EXHAUSTED_PRIMALITY_UNASSIGNED,514,512,512,NO_RECORDED_FACTOR_PRP_OR_LL_RESULT_AND_NO_ACTIVE_GIMPS_ASSIGNMENT,2026-08-09T04:34:14+00:00,UNALLOCATED,,,,,
SLCMP1765-1868,1868,1868,583594103,2^583594103-1,STRUCTURAL_SCREEN_EXHAUSTED_PRIMALITY_UNASSIGNED,GF3A_DIRECTIONAL_WRITE_EXHAUSTED_PRIMALITY_UNASSIGNED,514,512,512,NO_RECORDED_FACTOR_PRP_OR_LL_RESULT_AND_NO_ACTIVE_GIMPS_ASSIGNMENT,2026-08-09T04:34:14+00:00,UNALLOCATED,,,,,
SLCMP1765-1869,1869,1869,583594163,2^583594163-1,STRUCTURAL_SCREEN_EXHAUSTED_PRIMALITY_UNASSIGNED,GF3A_DIRECTIONAL_WRITE_EXHAUSTED_PRIMALITY_UNASSIGNED,514,512,512,NO_RECORDED_FACTOR_PRP_OR_LL_RESULT_AND_NO_ACTIVE_GIMPS_ASSIGNMENT,2026-08-09T04:34:14+00:00,UNALLOCATED,,,,,
SLCMP1765-1870,1870,1870,583594169,2^583594169-1,STRUCTURAL_SCREEN_EXHAUSTED_PRIMALITY_UNASSIGNED,GF3A_DIRECTIONAL_WRITE_EXHAUSTED_PRIMALITY_UNASSIGNED,513,512,512,NO_RECORDED_FACTOR_PRP_OR_LL_RESULT_AND_NO_ACTIVE_GIMPS_ASSIGNMENT,2026-08-09T04:34:14+00:00,UNALLOCATED,,,,,
SLCMP1765-1871,1871,1871,583594247,2^583594247-1,STRUCTURAL_SCREEN_EXHAUSTED_PRIMALITY_UNASSIGNED,GF3A_DIRECTIONAL_WRITE_EXHAUSTED_PRIMALITY_UNASSIGNED,514,512,512,NO_RECORDED_FACTOR_PRP_OR_LL_RESULT_AND_NO_ACTIVE_GIMPS_ASSIGNMENT,2026-08-09T04:34:14+00:00,UNALLOCATED,,,,,
SLCMP1765-1872,1872,1872,583594379,2^583594379-1,STRUCTURAL_SCREEN_EXHAUSTED_PRIMALITY_UNASSIGNED,GF3A_DIRECTIONAL_WRITE_EXHAUSTED_PRIMALITY_UNASSIGNED,514,512,512,NO_RECORDED_FACTOR_PRP_OR_LL_RESULT_AND_NO_ACTIVE_GIMPS_ASSIGNMENT,2026-08-09T04:34:14+00:00,UNALLOCATED,,,,,
SLCMP1765-1873,1873,1873,583594421,2^583594421-1,STRUCTURAL_SCREEN_EXHAUSTED_PRIMALITY_UNASSIGNED,GF3A_DIRECTIONAL_WRITE_EXHAUSTED_PRIMALITY_UNASSIGNED,513,512,512,NO_RECORDED_FACTOR_PRP_OR_LL_RESULT_AND_NO_ACTIVE_GIMPS_ASSIGNMENT,2026-08-09T04:34:14+00:00,UNALLOCATED,,,,,
SLCMP1765-1874,1874,1874,583594477,2^583594477-1,STRUCTURAL_SCREEN_EXHAUSTED_PRIMALITY_UNASSIGNED,GF3A_DIRECTIONAL_WRITE_EXHAUSTED_PRIMALITY_UNASSIGNED,513,512,512,NO_RECORDED_FACTOR_PRP_OR_LL_RESULT_AND_NO_ACTIVE_GIMPS_ASSIGNMENT,2026-08-09T04:34:14+00:00,UNALLOCATED,,,,,
SLCMP1765-1875,1875,1875,583594537,2^583594537-1,STRUCTURAL_SCREEN_EXHAUSTED_PRIMALITY_UNASSIGNED,GF3A_DIRECTIONAL_WRITE_EXHAUSTED_PRIMALITY_UNASSIGNED,513,512,512,NO_RECORDED_FACTOR_PRP_OR_LL_RESULT_AND_NO_ACTIVE_GIMPS_ASSIGNMENT,2026-08-09T04:34:14+00:00,UNALLOCATED,,,,,
SLCMP1765-1876,1876,1876,583594541,2^583594541-1,STRUCTURAL_SCREEN_EXHAUSTED_PRIMALITY_UNASSIGNED,GF3A_DIRECTIONAL_WRITE_EXHAUSTED_PRIMALITY_UNASSIGNED,513,512,512,NO_RECORDED_FACTOR_PRP_OR_LL_RESULT_AND_NO_ACTIVE_GIMPS_ASSIGNMENT,2026-08-09T04:34:14+00:00,UNALLOCATED,,,,,
SLCMP1765-1877,1877,1877,583594549,2^583594549-1,STRUCTURAL_SCREEN_EXHAUSTED_PRIMALITY_UNASSIGNED,GF3A_DIRECTIONAL_WRITE_EXHAUSTED_PRIMALITY_UNASSIGNED,513,512,512,NO_RECORDED_FACTOR_PRP_OR_LL_RESULT_AND_NO_ACTIVE_GIMPS_ASSIGNMENT,2026-08-09T04:34:14+00:00,UNALLOCATED,,,,,
SLCMP1765-1878,1878,1878,583594559,2^583594559-1,STRUCTURAL_SCREEN_EXHAUSTED_PRIMALITY_UNASSIGNED,GF3A_DIRECTIONAL_WRITE_EXHAUSTED_PRIMALITY_UNASSIGNED,514,512,512,NO_RECORDED_FACTOR_PRP_OR_LL_RESULT_AND_NO_ACTIVE_GIMPS_ASSIGNMENT,2026-08-09T04:34:14+00:00,UNALLOCATED,,,,,
SLCMP1765-1879,1879,1879,583594577,2^583594577-1,STRUCTURAL_SCREEN_EXHAUSTED_PRIMALITY_UNASSIGNED,GF3A_DIRECTIONAL_WRITE_EXHAUSTED_PRIMALITY_UNASSIGNED,513,512,512,NO_RECORDED_FACTOR_PRP_OR_LL_RESULT_AND_NO_ACTIVE_GIMPS_ASSIGNMENT,2026-08-09T04:34:14+00:00,UNALLOCATED,,,,,
SLCMP1765-1880,1880,1880,583594597,2^583594597-1,STRUCTURAL_SCREEN_EXHAUSTED_PRIMALITY_UNASSIGNED,GF3A_DIRECTIONAL_WRITE_EXHAUSTED_PRIMALITY_UNASSIGNED,513,512,512,NO_RECORDED_FACTOR_PRP_OR_LL_RESULT_AND_NO_ACTIVE_GIMPS_ASSIGNMENT,2026-08-09T04:34:14+00:00,UNALLOCATED,,,,,
SLCMP1765-1881,1881,1881,583594657,2^583594657-1,STRUCTURAL_SCREEN_EXHAUSTED_PRIMALITY_UNASSIGNED,GF3A_DIRECTIONAL_WRITE_EXHAUSTED_PRIMALITY_UNASSIGNED,513,512,512,NO_RECORDED_FACTOR_PRP_OR_LL_RESULT_AND_NO_ACTIVE_GIMPS_ASSIGNMENT,2026-08-09T04:34:14+00:00,UNALLOCATED,,,,,
SLCMP1765-1882,1882,1882,583594679,2^583594679-1,STRUCTURAL_SCREEN_EXHAUSTED_PRIMALITY_UNASSIGNED,GF3A_DIRECTIONAL_WRITE_EXHAUSTED_PRIMALITY_UNASSIGNED,514,512,512,NO_RECORDED_FACTOR_PRP_OR_LL_RESULT_AND_NO_ACTIVE_GIMPS_ASSIGNMENT,2026-08-09T04:34:14+00:00,UNALLOCATED,,,,,
SLCMP1765-1883,1883,1883,583594771,2^583594771-1,STRUCTURAL_SCREEN_EXHAUSTED_PRIMALITY_UNASSIGNED,GF3A_DIRECTIONAL_WRITE_EXHAUSTED_PRIMALITY_UNASSIGNED,514,512,512,NO_RECORDED_FACTOR_PRP_OR_LL_RESULT_AND_NO_ACTIVE_GIMPS_ASSIGNMENT,2026-08-09T04:34:14+00:00,UNALLOCATED,,,,,
SLCMP1765-1884,1884,1884,583594859,2^583594859-1,STRUCTURAL_SCREEN_EXHAUSTED_PRIMALITY_UNASSIGNED,GF3A_DIRECTIONAL_WRITE_EXHAUSTED_PRIMALITY_UNASSIGNED,514,512,512,NO_RECORDED_FACTOR_PRP_OR_LL_RESULT_AND_NO_ACTIVE_GIMPS_ASSIGNMENT,2026-08-09T04:34:14+00:00,UNALLOCATED,,,,,
SLCMP1765-1885,1885,1885,583594903,2^583594903-1,STRUCTURAL_SCREEN_EXHAUSTED_PRIMALITY_UNASSIGNED,GF3A_DIRECTIONAL_WRITE_EXHAUSTED_PRIMALITY_UNASSIGNED,514,512,512,NO_RECORDED_FACTOR_PRP_OR_LL_RESULT_AND_NO_ACTIVE_GIMPS_ASSIGNMENT,2026-08-09T04:34:14+00:00,UNALLOCATED,,,,,
SLCMP1765-1886,1886,1886,583594993,2^583594993-1,STRUCTURAL_SCREEN_EXHAUSTED_PRIMALITY_UNASSIGNED,GF3A_DIRECTIONAL_WRITE_EXHAUSTED_PRIMALITY_UNASSIGNED,513,512,512,NO_RECORDED_FACTOR_PRP_OR_LL_RESULT_AND_NO_ACTIVE_GIMPS_ASSIGNMENT,2026-08-09T04:34:14+00:00,UNALLOCATED,,,,,
SLCMP1765-1887,1887,1887,583595017,2^583595017-1,STRUCTURAL_SCREEN_EXHAUSTED_PRIMALITY_UNASSIGNED,GF3A_DIRECTIONAL_WRITE_EXHAUSTED_PRIMALITY_UNASSIGNED,513,512,512,NO_RECORDED_FACTOR_PRP_OR_LL_RESULT_AND_NO_ACTIVE_GIMPS_ASSIGNMENT,2026-08-09T04:34:14+00:00,UNALLOCATED,,,,,
SLCMP1765-1888,1888,1888,583595053,2^583595053-1,STRUCTURAL_SCREEN_EXHAUSTED_PRIMALITY_UNASSIGNED,GF3A_DIRECTIONAL_WRITE_EXHAUSTED_PRIMALITY_UNASSIGNED,513,512,512,NO_RECORDED_FACTOR_PRP_OR_LL_RESULT_AND_NO_ACTIVE_GIMPS_ASSIGNMENT,2026-08-09T04:34:14+00:00,UNALLOCATED,,,,,
SLCMP1765-1889,1889,1889,583595063,2^583595063-1,STRUCTURAL_SCREEN_EXHAUSTED_PRIMALITY_UNASSIGNED,GF3A_DIRECTIONAL_WRITE_EXHAUSTED_PRIMALITY_UNASSIGNED,514,512,512,NO_RECORDED_FACTOR_PRP_OR_LL_RESULT_AND_NO_ACTIVE_GIMPS_ASSIGNMENT,2026-08-09T04:34:14+00:00,UNALLOCATED,,,,,
SLCMP1765-1890,1890,1890,583595197,2^583595197-1,STRUCTURAL_SCREEN_EXHAUSTED_PRIMALITY_UNASSIGNED,GF3A_DIRECTIONAL_WRITE_EXHAUSTED_PRIMALITY_UNASSIGNED,513,512,512,NO_RECORDED_FACTOR_PRP_OR_LL_RESULT_AND_NO_ACTIVE_GIMPS_ASSIGNMENT,2026-08-09T04:34:14+00:00,UNALLOCATED,,,,,
SLCMP1765-1891,1891,1891,583595209,2^583595209-1,STRUCTURAL_SCREEN_EXHAUSTED_PRIMALITY_UNASSIGNED,GF3A_DIRECTIONAL_WRITE_EXHAUSTED_PRIMALITY_UNASSIGNED,513,512,512,NO_RECORDED_FACTOR_PRP_OR_LL_RESULT_AND_NO_ACTIVE_GIMPS_ASSIGNMENT,2026-08-09T04:34:14+00:00,UNALLOCATED,,,,,
SLCMP1765-1892,1892,1892,583595273,2^583595273-1,STRUCTURAL_SCREEN_EXHAUSTED_PRIMALITY_UNASSIGNED,GF3A_DIRECTIONAL_WRITE_EXHAUSTED_PRIMALITY_UNASSIGNED,513,512,512,NO_RECORDED_FACTOR_PRP_OR_LL_RESULT_AND_NO_ACTIVE_GIMPS_ASSIGNMENT,2026-08-09T04:34:14+00:00,UNALLOCATED,,,,,
SLCMP1765-1893,1893,1893,583595321,2^583595321-1,STRUCTURAL_SCREEN_EXHAUSTED_PRIMALITY_UNASSIGNED,GF3A_DIRECTIONAL_WRITE_EXHAUSTED_PRIMALITY_UNASSIGNED,513,512,512,NO_RECORDED_FACTOR_PRP_OR_LL_RESULT_AND_NO_ACTIVE_GIMPS_ASSIGNMENT,2026-08-09T04:34:14+00:00,UNALLOCATED,,,,,
SLCMP1765-1894,1894,1894,583595323,2^583595323-1,STRUCTURAL_SCREEN_EXHAUSTED_PRIMALITY_UNASSIGNED,GF3A_DIRECTIONAL_WRITE_EXHAUSTED_PRIMALITY_UNASSIGNED,514,512,512,NO_RECORDED_FACTOR_PRP_OR_LL_RESULT_AND_NO_ACTIVE_GIMPS_ASSIGNMENT,2026-08-09T04:34:14+00:00,UNALLOCATED,,,,,
SLCMP1765-1895,1895,1895,583595459,2^583595459-1,STRUCTURAL_SCREEN_EXHAUSTED_PRIMALITY_UNASSIGNED,GF3A_DIRECTIONAL_WRITE_EXHAUSTED_PRIMALITY_UNASSIGNED,514,512,512,NO_RECORDED_FACTOR_PRP_OR_LL_RESULT_AND_NO_ACTIVE_GIMPS_ASSIGNMENT,2026-08-09T04:34:14+00:00,UNALLOCATED,,,,,
SLCMP1765-1896,1896,1896,583595489,2^583595489-1,STRUCTURAL_SCREEN_EXHAUSTED_PRIMALITY_UNASSIGNED,GF3A_DIRECTIONAL_WRITE_EXHAUSTED_PRIMALITY_UNASSIGNED,513,512,512,NO_RECORDED_FACTOR_PRP_OR_LL_RESULT_AND_NO_ACTIVE_GIMPS_ASSIGNMENT,2026-08-09T04:34:14+00:00,UNALLOCATED,,,,,
SLCMP1765-1897,1897,1897,583595581,2^583595581-1,STRUCTURAL_SCREEN_EXHAUSTED_PRIMALITY_UNASSIGNED,GF3A_DIRECTIONAL_WRITE_EXHAUSTED_PRIMALITY_UNASSIGNED,513,512,512,NO_RECORDED_FACTOR_PRP_OR_LL_RESULT_AND_NO_ACTIVE_GIMPS_ASSIGNMENT,2026-08-09T04:34:14+00:00,UNALLOCATED,,,,,
SLCMP1765-1898,1898,1898,583595587,2^583595587-1,STRUCTURAL_SCREEN_EXHAUSTED_PRIMALITY_UNASSIGNED,GF3A_DIRECTIONAL_WRITE_EXHAUSTED_PRIMALITY_UNASSIGNED,514,512,512,NO_RECORDED_FACTOR_PRP_OR_LL_RESULT_AND_NO_ACTIVE_GIMPS_ASSIGNMENT,2026-08-09T04:34:14+00:00,UNALLOCATED,,,,,
SLCMP1765-1899,1899,1899,583595627,2^583595627-1,STRUCTURAL_SCREEN_EXHAUSTED_PRIMALITY_UNASSIGNED,GF3A_DIRECTIONAL_WRITE_EXHAUSTED_PRIMALITY_UNASSIGNED,514,512,512,NO_RECORDED_FACTOR_PRP_OR_LL_RESULT_AND_NO_ACTIVE_GIMPS_ASSIGNMENT,2026-08-09T04:34:14+00:00,UNALLOCATED,,,,,
SLCMP1765-1900,1900,1900,583595657,2^583595657-1,STRUCTURAL_SCREEN_EXHAUSTED_PRIMALITY_UNASSIGNED,GF3A_DIRECTIONAL_WRITE_EXHAUSTED_PRIMALITY_UNASSIGNED,513,512,512,NO_RECORDED_FACTOR_PRP_OR_LL_RESULT_AND_NO_ACTIVE_GIMPS_ASSIGNMENT,2026-08-09T04:34:14+00:00,UNALLOCATED,,,,,
SLCMP1765-1901,1901,1901,583595707,2^583595707-1,STRUCTURAL_SCREEN_EXHAUSTED_PRIMALITY_UNASSIGNED,GF3A_DIRECTIONAL_WRITE_EXHAUSTED_PRIMALITY_UNASSIGNED,514,512,512,NO_RECORDED_FACTOR_PRP_OR_LL_RESULT_AND_NO_ACTIVE_GIMPS_ASSIGNMENT,2026-08-09T04:34:14+00:00,UNALLOCATED,,,,,
SLCMP1765-1902,1902,1902,583595717,2^583595717-1,STRUCTURAL_SCREEN_EXHAUSTED_PRIMALITY_UNASSIGNED,GF3A_DIRECTIONAL_WRITE_EXHAUSTED_PRIMALITY_UNASSIGNED,513,512,512,NO_RECORDED_FACTOR_PRP_OR_LL_RESULT_AND_NO_ACTIVE_GIMPS_ASSIGNMENT,2026-08-09T04:34:14+00:00,UNALLOCATED,,,,,
SLCMP1765-1903,1903,1903,583595731,2^583595731-1,STRUCTURAL_SCREEN_EXHAUSTED_PRIMALITY_UNASSIGNED,GF3A_DIRECTIONAL_WRITE_EXHAUSTED_PRIMALITY_UNASSIGNED,514,512,512,NO_RECORDED_FACTOR_PRP_OR_LL_RESULT_AND_NO_ACTIVE_GIMPS_ASSIGNMENT,2026-08-09T04:34:14+00:00,UNALLOCATED,,,,,
SLCMP1765-1904,1904,1904,583595741,2^583595741-1,STRUCTURAL_SCREEN_EXHAUSTED_PRIMALITY_UNASSIGNED,GF3A_DIRECTIONAL_WRITE_EXHAUSTED_PRIMALITY_UNASSIGNED,513,512,512,NO_RECORDED_FACTOR_PRP_OR_LL_RESULT_AND_NO_ACTIVE_GIMPS_ASSIGNMENT,2026-08-09T04:34:14+00:00,UNALLOCATED,,,,,
SLCMP1765-1905,1905,1905,583595821,2^583595821-1,STRUCTURAL_SCREEN_EXHAUSTED_PRIMALITY_UNASSIGNED,GF3A_DIRECTIONAL_WRITE_EXHAUSTED_PRIMALITY_UNASSIGNED,513,512,512,NO_RECORDED_FACTOR_PRP_OR_LL_RESULT_AND_NO_ACTIVE_GIMPS_ASSIGNMENT,2026-08-09T04:34:14+00:00,UNALLOCATED,,,,,
SLCMP1765-1906,1906,1906,583595891,2^583595891-1,STRUCTURAL_SCREEN_EXHAUSTED_PRIMALITY_UNASSIGNED,GF3A_DIRECTIONAL_WRITE_EXHAUSTED_PRIMALITY_UNASSIGNED,514,512,512,NO_RECORDED_FACTOR_PRP_OR_LL_RESULT_AND_NO_ACTIVE_GIMPS_ASSIGNMENT,2026-08-09T04:34:14+00:00,UNALLOCATED,,,,,
SLCMP1765-1907,1907,1907,583595939,2^583595939-1,STRUCTURAL_SCREEN_EXHAUSTED_PRIMALITY_UNASSIGNED,GF3A_DIRECTIONAL_WRITE_EXHAUSTED_PRIMALITY_UNASSIGNED,514,512,512,NO_RECORDED_FACTOR_PRP_OR_LL_RESULT_AND_NO_ACTIVE_GIMPS_ASSIGNMENT,2026-08-09T04:34:14+00:00,UNALLOCATED,,,,,
SLCMP1765-1908,1908,1908,583595953,2^583595953-1,STRUCTURAL_SCREEN_EXHAUSTED_PRIMALITY_UNASSIGNED,GF3A_DIRECTIONAL_WRITE_EXHAUSTED_PRIMALITY_UNASSIGNED,513,512,512,NO_RECORDED_FACTOR_PRP_OR_LL_RESULT_AND_NO_ACTIVE_GIMPS_ASSIGNMENT,2026-08-09T04:34:14+00:00,UNALLOCATED,,,,,
SLCMP1765-1909,1909,1909,583595993,2^583595993-1,STRUCTURAL_SCREEN_EXHAUSTED_PRIMALITY_UNASSIGNED,GF3A_DIRECTIONAL_WRITE_EXHAUSTED_PRIMALITY_UNASSIGNED,513,512,512,NO_RECORDED_FACTOR_PRP_OR_LL_RESULT_AND_NO_ACTIVE_GIMPS_ASSIGNMENT,2026-08-09T04:34:14+00:00,UNALLOCATED,,,,,
SLCMP1765-1910,1910,1910,583596031,2^583596031-1,STRUCTURAL_SCREEN_EXHAUSTED_PRIMALITY_UNASSIGNED,GF3A_DIRECTIONAL_WRITE_EXHAUSTED_PRIMALITY_UNASSIGNED,514,512,512,NO_RECORDED_FACTOR_PRP_OR_LL_RESULT_AND_NO_ACTIVE_GIMPS_ASSIGNMENT,2026-08-09T04:34:14+00:00,UNALLOCATED,,,,,
SLCMP1765-1911,1911,1911,583596053,2^583596053-1,STRUCTURAL_SCREEN_EXHAUSTED_PRIMALITY_UNASSIGNED,GF3A_DIRECTIONAL_WRITE_EXHAUSTED_PRIMALITY_UNASSIGNED,513,512,512,NO_RECORDED_FACTOR_PRP_OR_LL_RESULT_AND_NO_ACTIVE_GIMPS_ASSIGNMENT,2026-08-09T04:34:14+00:00,UNALLOCATED,,,,,
SLCMP1765-1912,1912,1912,583596067,2^583596067-1,STRUCTURAL_SCREEN_EXHAUSTED_PRIMALITY_UNASSIGNED,GF3A_DIRECTIONAL_WRITE_EXHAUSTED_PRIMALITY_UNASSIGNED,514,512,512,NO_RECORDED_FACTOR_PRP_OR_LL_RESULT_AND_NO_ACTIVE_GIMPS_ASSIGNMENT,2026-08-09T04:34:14+00:00,UNALLOCATED,,,,,
SLCMP1765-1913,1913,1913,583596121,2^583596121-1,STRUCTURAL_SCREEN_EXHAUSTED_PRIMALITY_UNASSIGNED,GF3A_DIRECTIONAL_WRITE_EXHAUSTED_PRIMALITY_UNASSIGNED,513,512,512,NO_RECORDED_FACTOR_PRP_OR_LL_RESULT_AND_NO_ACTIVE_GIMPS_ASSIGNMENT,2026-08-09T04:34:14+00:00,UNALLOCATED,,,,,
SLCMP1765-1914,1914,1914,583596283,2^583596283-1,STRUCTURAL_SCREEN_EXHAUSTED_PRIMALITY_UNASSIGNED,GF3A_DIRECTIONAL_WRITE_EXHAUSTED_PRIMALITY_UNASSIGNED,514,512,512,NO_RECORDED_FACTOR_PRP_OR_LL_RESULT_AND_NO_ACTIVE_GIMPS_ASSIGNMENT,2026-08-09T04:34:14+00:00,UNALLOCATED,,,,,
SLCMP1765-1915,1915,1915,583596347,2^583596347-1,STRUCTURAL_SCREEN_EXHAUSTED_PRIMALITY_UNASSIGNED,GF3A_DIRECTIONAL_WRITE_EXHAUSTED_PRIMALITY_UNASSIGNED,514,512,512,NO_RECORDED_FACTOR_PRP_OR_LL_RESULT_AND_NO_ACTIVE_GIMPS_ASSIGNMENT,2026-08-09T04:34:14+00:00,UNALLOCATED,,,,,
SLCMP1765-1916,1916,1916,583596373,2^583596373-1,STRUCTURAL_SCREEN_EXHAUSTED_PRIMALITY_UNASSIGNED,GF3A_DIRECTIONAL_WRITE_EXHAUSTED_PRIMALITY_UNASSIGNED,513,512,512,NO_RECORDED_FACTOR_PRP_OR_LL_RESULT_AND_NO_ACTIVE_GIMPS_ASSIGNMENT,2026-08-09T04:34:14+00:00,UNALLOCATED,,,,,
SLCMP1765-1917,1917,1917,583596397,2^583596397-1,STRUCTURAL_SCREEN_EXHAUSTED_PRIMALITY_UNASSIGNED,GF3A_DIRECTIONAL_WRITE_EXHAUSTED_PRIMALITY_UNASSIGNED,513,512,512,NO_RECORDED_FACTOR_PRP_OR_LL_RESULT_AND_NO_ACTIVE_GIMPS_ASSIGNMENT,2026-08-09T04:34:14+00:00,UNALLOCATED,,,,,
SLCMP1765-1918,1918,1918,583596437,2^583596437-1,STRUCTURAL_SCREEN_EXHAUSTED_PRIMALITY_UNASSIGNED,GF3A_DIRECTIONAL_WRITE_EXHAUSTED_PRIMALITY_UNASSIGNED,513,512,512,NO_RECORDED_FACTOR_PRP_OR_LL_RESULT_AND_NO_ACTIVE_GIMPS_ASSIGNMENT,2026-08-09T04:34:14+00:00,UNALLOCATED,,,,,
SLCMP1765-1919,1919,1919,583596589,2^583596589-1,STRUCTURAL_SCREEN_EXHAUSTED_PRIMALITY_UNASSIGNED,GF3A_DIRECTIONAL_WRITE_EXHAUSTED_PRIMALITY_UNASSIGNED,513,512,512,NO_RECORDED_FACTOR_PRP_OR_LL_RESULT_AND_NO_ACTIVE_GIMPS_ASSIGNMENT,2026-08-09T04:34:14+00:00,UNALLOCATED,,,,,
SLCMP1765-1920,1920,1920,583596631,2^583596631-1,STRUCTURAL_SCREEN_EXHAUSTED_PRIMALITY_UNASSIGNED,GF3A_DIRECTIONAL_WRITE_EXHAUSTED_PRIMALITY_UNASSIGNED,514,512,512,NO_RECORDED_FACTOR_PRP_OR_LL_RESULT_AND_NO_ACTIVE_GIMPS_ASSIGNMENT,2026-08-09T04:34:14+00:00,UNALLOCATED,,,,,
SLCMP1765-1921,1921,1921,583596701,2^583596701-1,STRUCTURAL_SCREEN_EXHAUSTED_PRIMALITY_UNASSIGNED,GF3A_DIRECTIONAL_WRITE_EXHAUSTED_PRIMALITY_UNASSIGNED,513,512,512,NO_RECORDED_FACTOR_PRP_OR_LL_RESULT_AND_NO_ACTIVE_GIMPS_ASSIGNMENT,2026-08-09T04:34:14+00:00,UNALLOCATED,,,,,
SLCMP1765-1922,1922,1922,583596751,2^583596751-1,STRUCTURAL_SCREEN_EXHAUSTED_PRIMALITY_UNASSIGNED,GF3A_DIRECTIONAL_WRITE_EXHAUSTED_PRIMALITY_UNASSIGNED,514,512,512,NO_RECORDED_FACTOR_PRP_OR_LL_RESULT_AND_NO_ACTIVE_GIMPS_ASSIGNMENT,2026-08-09T04:34:14+00:00,UNALLOCATED,,,,,
SLCMP1765-1923,1923,1923,583596803,2^583596803-1,STRUCTURAL_SCREEN_EXHAUSTED_PRIMALITY_UNASSIGNED,GF3A_DIRECTIONAL_WRITE_EXHAUSTED_PRIMALITY_UNASSIGNED,514,512,512,NO_RECORDED_FACTOR_PRP_OR_LL_RESULT_AND_NO_ACTIVE_GIMPS_ASSIGNMENT,2026-08-09T04:34:14+00:00,UNALLOCATED,,,,,
SLCMP1765-1924,1924,1924,583596851,2^583596851-1,STRUCTURAL_SCREEN_EXHAUSTED_PRIMALITY_UNASSIGNED,GF3A_DIRECTIONAL_WRITE_EXHAUSTED_PRIMALITY_UNASSIGNED,514,512,512,NO_RECORDED_FACTOR_PRP_OR_LL_RESULT_AND_NO_ACTIVE_GIMPS_ASSIGNMENT,2026-08-09T04:34:14+00:00,UNALLOCATED,,,,,
SLCMP1765-1925,1925,1925,583596857,2^583596857-1,STRUCTURAL_SCREEN_EXHAUSTED_PRIMALITY_UNASSIGNED,GF3A_DIRECTIONAL_WRITE_EXHAUSTED_PRIMALITY_UNASSIGNED,513,512,512,NO_RECORDED_FACTOR_PRP_OR_LL_RESULT_AND_NO_ACTIVE_GIMPS_ASSIGNMENT,2026-08-09T04:34:14+00:00,UNALLOCATED,,,,,
SLCMP1765-1926,1926,1926,583596883,2^583596883-1,STRUCTURAL_SCREEN_EXHAUSTED_PRIMALITY_UNASSIGNED,GF3A_DIRECTIONAL_WRITE_EXHAUSTED_PRIMALITY_UNASSIGNED,514,512,512,NO_RECORDED_FACTOR_PRP_OR_LL_RESULT_AND_NO_ACTIVE_GIMPS_ASSIGNMENT,2026-08-09T04:34:14+00:00,UNALLOCATED,,,,,
SLCMP1765-1927,1927,1927,583596901,2^583596901-1,STRUCTURAL_SCREEN_EXHAUSTED_PRIMALITY_UNASSIGNED,GF3A_DIRECTIONAL_WRITE_EXHAUSTED_PRIMALITY_UNASSIGNED,513,512,512,NO_RECORDED_FACTOR_PRP_OR_LL_RESULT_AND_NO_ACTIVE_GIMPS_ASSIGNMENT,2026-08-09T04:34:14+00:00,UNALLOCATED,,,,,
SLCMP1765-1928,1928,1928,583596931,2^583596931-1,STRUCTURAL_SCREEN_EXHAUSTED_PRIMALITY_UNASSIGNED,GF3A_DIRECTIONAL_WRITE_EXHAUSTED_PRIMALITY_UNASSIGNED,514,512,512,NO_RECORDED_FACTOR_PRP_OR_LL_RESULT_AND_NO_ACTIVE_GIMPS_ASSIGNMENT,2026-08-09T04:34:14+00:00,UNALLOCATED,,,,,
SLCMP1765-1929,1929,1929,583596991,2^583596991-1,STRUCTURAL_SCREEN_EXHAUSTED_PRIMALITY_UNASSIGNED,GF3A_DIRECTIONAL_WRITE_EXHAUSTED_PRIMALITY_UNASSIGNED,514,512,512,NO_RECORDED_FACTOR_PRP_OR_LL_RESULT_AND_NO_ACTIVE_GIMPS_ASSIGNMENT,2026-08-09T04:34:14+00:00,UNALLOCATED,,,,,
SLCMP1765-1930,1930,1930,583597037,2^583597037-1,STRUCTURAL_SCREEN_EXHAUSTED_PRIMALITY_UNASSIGNED,GF3A_DIRECTIONAL_WRITE_EXHAUSTED_PRIMALITY_UNASSIGNED,513,512,512,NO_RECORDED_FACTOR_PRP_OR_LL_RESULT_AND_NO_ACTIVE_GIMPS_ASSIGNMENT,2026-08-09T04:34:14+00:00,UNALLOCATED,,,,,
SLCMP1765-1931,1931,1931,583597087,2^583597087-1,STRUCTURAL_SCREEN_EXHAUSTED_PRIMALITY_UNASSIGNED,GF3A_DIRECTIONAL_WRITE_EXHAUSTED_PRIMALITY_UNASSIGNED,514,512,512,NO_RECORDED_FACTOR_PRP_OR_LL_RESULT_AND_NO_ACTIVE_GIMPS_ASSIGNMENT,2026-08-09T04:34:14+00:00,UNALLOCATED,,,,,
SLCMP1765-1932,1932,1932,583597099,2^583597099-1,STRUCTURAL_SCREEN_EXHAUSTED_PRIMALITY_UNASSIGNED,GF3A_DIRECTIONAL_WRITE_EXHAUSTED_PRIMALITY_UNASSIGNED,514,512,512,NO_RECORDED_FACTOR_PRP_OR_LL_RESULT_AND_NO_ACTIVE_GIMPS_ASSIGNMENT,2026-08-09T04:34:14+00:00,UNALLOCATED,,,,,
SLCMP1765-1933,1933,1933,583597123,2^583597123-1,STRUCTURAL_SCREEN_EXHAUSTED_PRIMALITY_UNASSIGNED,GF3A_DIRECTIONAL_WRITE_EXHAUSTED_PRIMALITY_UNASSIGNED,514,512,512,NO_RECORDED_FACTOR_PRP_OR_LL_RESULT_AND_NO_ACTIVE_GIMPS_ASSIGNMENT,2026-08-09T04:34:14+00:00,UNALLOCATED,,,,,
SLCMP1765-1934,1934,1934,583597159,2^583597159-1,STRUCTURAL_SCREEN_EXHAUSTED_PRIMALITY_UNASSIGNED,GF3A_DIRECTIONAL_WRITE_EXHAUSTED_PRIMALITY_UNASSIGNED,514,512,512,NO_RECORDED_FACTOR_PRP_OR_LL_RESULT_AND_NO_ACTIVE_GIMPS_ASSIGNMENT,2026-08-09T04:34:14+00:00,UNALLOCATED,,,,,
SLCMP1765-1935,1935,1935,583597169,2^583597169-1,STRUCTURAL_SCREEN_EXHAUSTED_PRIMALITY_UNASSIGNED,GF3A_DIRECTIONAL_WRITE_EXHAUSTED_PRIMALITY_UNASSIGNED,513,512,512,NO_RECORDED_FACTOR_PRP_OR_LL_RESULT_AND_NO_ACTIVE_GIMPS_ASSIGNMENT,2026-08-09T04:34:14+00:00,UNALLOCATED,,,,,
SLCMP1765-1936,1936,1936,583597181,2^583597181-1,STRUCTURAL_SCREEN_EXHAUSTED_PRIMALITY_UNASSIGNED,GF3A_DIRECTIONAL_WRITE_EXHAUSTED_PRIMALITY_UNASSIGNED,513,512,512,NO_RECORDED_FACTOR_PRP_OR_LL_RESULT_AND_NO_ACTIVE_GIMPS_ASSIGNMENT,2026-08-09T04:34:14+00:00,UNALLOCATED,,,,,
SLCMP1765-1937,1937,1937,583597207,2^583597207-1,STRUCTURAL_SCREEN_EXHAUSTED_PRIMALITY_UNASSIGNED,GF3A_DIRECTIONAL_WRITE_EXHAUSTED_PRIMALITY_UNASSIGNED,514,512,512,NO_RECORDED_FACTOR_PRP_OR_LL_RESULT_AND_NO_ACTIVE_GIMPS_ASSIGNMENT,2026-08-09T04:34:14+00:00,UNALLOCATED,,,,,
SLCMP1765-1938,1938,1938,583597237,2^583597237-1,STRUCTURAL_SCREEN_EXHAUSTED_PRIMALITY_UNASSIGNED,GF3A_DIRECTIONAL_WRITE_EXHAUSTED_PRIMALITY_UNASSIGNED,513,512,512,NO_RECORDED_FACTOR_PRP_OR_LL_RESULT_AND_NO_ACTIVE_GIMPS_ASSIGNMENT,2026-08-09T04:34:14+00:00,UNALLOCATED,,,,,
SLCMP1765-1939,1939,1939,583597373,2^583597373-1,STRUCTURAL_SCREEN_EXHAUSTED_PRIMALITY_UNASSIGNED,GF3A_DIRECTIONAL_WRITE_EXHAUSTED_PRIMALITY_UNASSIGNED,513,512,512,NO_RECORDED_FACTOR_PRP_OR_LL_RESULT_AND_NO_ACTIVE_GIMPS_ASSIGNMENT,2026-08-09T04:34:14+00:00,UNALLOCATED,,,,,
SLCMP1765-1940,1940,1940,583597393,2^583597393-1,STRUCTURAL_SCREEN_EXHAUSTED_PRIMALITY_UNASSIGNED,GF3A_DIRECTIONAL_WRITE_EXHAUSTED_PRIMALITY_UNASSIGNED,513,512,512,NO_RECORDED_FACTOR_PRP_OR_LL_RESULT_AND_NO_ACTIVE_GIMPS_ASSIGNMENT,2026-08-09T04:34:14+00:00,UNALLOCATED,,,,,
SLCMP1765-1941,1941,1941,583597433,2^583597433-1,STRUCTURAL_SCREEN_EXHAUSTED_PRIMALITY_UNASSIGNED,GF3A_DIRECTIONAL_WRITE_EXHAUSTED_PRIMALITY_UNASSIGNED,513,512,512,NO_RECORDED_FACTOR_PRP_OR_LL_RESULT_AND_NO_ACTIVE_GIMPS_ASSIGNMENT,2026-08-09T04:34:14+00:00,UNALLOCATED,,,,,
SLCMP1765-1942,1942,1942,583597481,2^583597481-1,STRUCTURAL_SCREEN_EXHAUSTED_PRIMALITY_UNASSIGNED,GF3A_DIRECTIONAL_WRITE_EXHAUSTED_PRIMALITY_UNASSIGNED,513,512,512,NO_RECORDED_FACTOR_PRP_OR_LL_RESULT_AND_NO_ACTIVE_GIMPS_ASSIGNMENT,2026-08-09T04:34:14+00:00,UNALLOCATED,,,,,
SLCMP1765-1943,1943,1943,583597519,2^583597519-1,STRUCTURAL_SCREEN_EXHAUSTED_PRIMALITY_UNASSIGNED,GF3A_DIRECTIONAL_WRITE_EXHAUSTED_PRIMALITY_UNASSIGNED,514,512,512,NO_RECORDED_FACTOR_PRP_OR_LL_RESULT_AND_NO_ACTIVE_GIMPS_ASSIGNMENT,2026-08-09T04:34:14+00:00,UNALLOCATED,,,,,
SLCMP1765-1944,1944,1944,583597541,2^583597541-1,STRUCTURAL_SCREEN_EXHAUSTED_PRIMALITY_UNASSIGNED,GF3A_DIRECTIONAL_WRITE_EXHAUSTED_PRIMALITY_UNASSIGNED,513,512,512,NO_RECORDED_FACTOR_PRP_OR_LL_RESULT_AND_NO_ACTIVE_GIMPS_ASSIGNMENT,2026-08-09T04:34:14+00:00,UNALLOCATED,,,,,
SLCMP1765-1945,1945,1945,583597583,2^583597583-1,STRUCTURAL_SCREEN_EXHAUSTED_PRIMALITY_UNASSIGNED,GF3A_DIRECTIONAL_WRITE_EXHAUSTED_PRIMALITY_UNASSIGNED,514,512,512,NO_RECORDED_FACTOR_PRP_OR_LL_RESULT_AND_NO_ACTIVE_GIMPS_ASSIGNMENT,2026-08-09T04:34:14+00:00,UNALLOCATED,,,,,
SLCMP1765-1946,1946,1946,583597621,2^583597621-1,STRUCTURAL_SCREEN_EXHAUSTED_PRIMALITY_UNASSIGNED,GF3A_DIRECTIONAL_WRITE_EXHAUSTED_PRIMALITY_UNASSIGNED,513,512,512,NO_RECORDED_FACTOR_PRP_OR_LL_RESULT_AND_NO_ACTIVE_GIMPS_ASSIGNMENT,2026-08-09T04:34:14+00:00,UNALLOCATED,,,,,
SLCMP1765-1947,1947,1947,583597627,2^583597627-1,STRUCTURAL_SCREEN_EXHAUSTED_PRIMALITY_UNASSIGNED,GF3A_DIRECTIONAL_WRITE_EXHAUSTED_PRIMALITY_UNASSIGNED,514,512,512,NO_RECORDED_FACTOR_PRP_OR_LL_RESULT_AND_NO_ACTIVE_GIMPS_ASSIGNMENT,2026-08-09T04:34:14+00:00,UNALLOCATED,,,,,
SLCMP1765-1948,1948,1948,583597667,2^583597667-1,STRUCTURAL_SCREEN_EXHAUSTED_PRIMALITY_UNASSIGNED,GF3A_DIRECTIONAL_WRITE_EXHAUSTED_PRIMALITY_UNASSIGNED,514,512,512,NO_RECORDED_FACTOR_PRP_OR_LL_RESULT_AND_NO_ACTIVE_GIMPS_ASSIGNMENT,2026-08-09T04:34:14+00:00,UNALLOCATED,,,,,
SLCMP1765-1949,1949,1949,583597759,2^583597759-1,STRUCTURAL_SCREEN_EXHAUSTED_PRIMALITY_UNASSIGNED,GF3A_DIRECTIONAL_WRITE_EXHAUSTED_PRIMALITY_UNASSIGNED,514,512,512,NO_RECORDED_FACTOR_PRP_OR_LL_RESULT_AND_NO_ACTIVE_GIMPS_ASSIGNMENT,2026-08-09T04:34:14+00:00,UNALLOCATED,,,,,
SLCMP1765-1950,1950,1950,583597823,2^583597823-1,STRUCTURAL_SCREEN_EXHAUSTED_PRIMALITY_UNASSIGNED,GF3A_DIRECTIONAL_WRITE_EXHAUSTED_PRIMALITY_UNASSIGNED,514,512,512,NO_RECORDED_FACTOR_PRP_OR_LL_RESULT_AND_NO_ACTIVE_GIMPS_ASSIGNMENT,2026-08-09T04:34:14+00:00,UNALLOCATED,,,,,
SLCMP1765-1951,1951,1951,583597871,2^583597871-1,STRUCTURAL_SCREEN_EXHAUSTED_PRIMALITY_UNASSIGNED,GF3A_DIRECTIONAL_WRITE_EXHAUSTED_PRIMALITY_UNASSIGNED,514,512,512,NO_RECORDED_FACTOR_PRP_OR_LL_RESULT_AND_NO_ACTIVE_GIMPS_ASSIGNMENT,2026-08-09T04:34:14+00:00,UNALLOCATED,,,,,
SLCMP1765-1952,1952,1952,583597967,2^583597967-1,STRUCTURAL_SCREEN_EXHAUSTED_PRIMALITY_UNASSIGNED,GF3A_DIRECTIONAL_WRITE_EXHAUSTED_PRIMALITY_UNASSIGNED,514,512,512,NO_RECORDED_FACTOR_PRP_OR_LL_RESULT_AND_NO_ACTIVE_GIMPS_ASSIGNMENT,2026-08-09T04:34:14+00:00,UNALLOCATED,,,,,
SLCMP1765-1953,1953,1953,583597991,2^583597991-1,STRUCTURAL_SCREEN_EXHAUSTED_PRIMALITY_UNASSIGNED,GF3A_DIRECTIONAL_WRITE_EXHAUSTED_PRIMALITY_UNASSIGNED,514,512,512,NO_RECORDED_FACTOR_PRP_OR_LL_RESULT_AND_NO_ACTIVE_GIMPS_ASSIGNMENT,2026-08-09T04:34:14+00:00,UNALLOCATED,,,,,
SLCMP1765-1954,1954,1954,583597997,2^583597997-1,STRUCTURAL_SCREEN_EXHAUSTED_PRIMALITY_UNASSIGNED,GF3A_DIRECTIONAL_WRITE_EXHAUSTED_PRIMALITY_UNASSIGNED,513,512,512,NO_RECORDED_FACTOR_PRP_OR_LL_RESULT_AND_NO_ACTIVE_GIMPS_ASSIGNMENT,2026-08-09T04:34:14+00:00,UNALLOCATED,,,,,
SLCMP1765-1955,1955,1955,583598023,2^583598023-1,STRUCTURAL_SCREEN_EXHAUSTED_PRIMALITY_UNASSIGNED,GF3A_DIRECTIONAL_WRITE_EXHAUSTED_PRIMALITY_UNASSIGNED,514,512,512,NO_RECORDED_FACTOR_PRP_OR_LL_RESULT_AND_NO_ACTIVE_GIMPS_ASSIGNMENT,2026-08-09T04:34:14+00:00,UNALLOCATED,,,,,
SLCMP1765-1956,1956,1956,583598051,2^583598051-1,STRUCTURAL_SCREEN_EXHAUSTED_PRIMALITY_UNASSIGNED,GF3A_DIRECTIONAL_WRITE_EXHAUSTED_PRIMALITY_UNASSIGNED,514,512,512,NO_RECORDED_FACTOR_PRP_OR_LL_RESULT_AND_NO_ACTIVE_GIMPS_ASSIGNMENT,2026-08-09T04:34:14+00:00,UNALLOCATED,,,,,
SLCMP1765-1957,1957,1957,583598123,2^583598123-1,STRUCTURAL_SCREEN_EXHAUSTED_PRIMALITY_UNASSIGNED,GF3A_DIRECTIONAL_WRITE_EXHAUSTED_PRIMALITY_UNASSIGNED,514,512,512,NO_RECORDED_FACTOR_PRP_OR_LL_RESULT_AND_NO_ACTIVE_GIMPS_ASSIGNMENT,2026-08-09T04:34:14+00:00,UNALLOCATED,,,,,
SLCMP1765-1958,1958,1958,583598153,2^583598153-1,STRUCTURAL_SCREEN_EXHAUSTED_PRIMALITY_UNASSIGNED,GF3A_DIRECTIONAL_WRITE_EXHAUSTED_PRIMALITY_UNASSIGNED,513,512,512,NO_RECORDED_FACTOR_PRP_OR_LL_RESULT_AND_NO_ACTIVE_GIMPS_ASSIGNMENT,2026-08-09T04:34:14+00:00,UNALLOCATED,,,,,
SLCMP1765-1959,1959,1959,583598179,2^583598179-1,STRUCTURAL_SCREEN_EXHAUSTED_PRIMALITY_UNASSIGNED,GF3A_DIRECTIONAL_WRITE_EXHAUSTED_PRIMALITY_UNASSIGNED,514,512,512,NO_RECORDED_FACTOR_PRP_OR_LL_RESULT_AND_NO_ACTIVE_GIMPS_ASSIGNMENT,2026-08-09T04:34:14+00:00,UNALLOCATED,,,,,
SLCMP1765-1960,1960,1960,583598371,2^583598371-1,STRUCTURAL_SCREEN_EXHAUSTED_PRIMALITY_UNASSIGNED,GF3A_DIRECTIONAL_WRITE_EXHAUSTED_PRIMALITY_UNASSIGNED,514,512,512,NO_RECORDED_FACTOR_PRP_OR_LL_RESULT_AND_NO_ACTIVE_GIMPS_ASSIGNMENT,2026-08-09T04:34:14+00:00,UNALLOCATED,,,,,
SLCMP1765-1961,1961,1961,583598413,2^583598413-1,STRUCTURAL_SCREEN_EXHAUSTED_PRIMALITY_UNASSIGNED,GF3A_DIRECTIONAL_WRITE_EXHAUSTED_PRIMALITY_UNASSIGNED,513,512,512,NO_RECORDED_FACTOR_PRP_OR_LL_RESULT_AND_NO_ACTIVE_GIMPS_ASSIGNMENT,2026-08-09T04:34:14+00:00,UNALLOCATED,,,,,
SLCMP1765-1962,1962,1962,583598473,2^583598473-1,STRUCTURAL_SCREEN_EXHAUSTED_PRIMALITY_UNASSIGNED,GF3A_DIRECTIONAL_WRITE_EXHAUSTED_PRIMALITY_UNASSIGNED,513,512,512,NO_RECORDED_FACTOR_PRP_OR_LL_RESULT_AND_NO_ACTIVE_GIMPS_ASSIGNMENT,2026-08-09T04:34:14+00:00,UNALLOCATED,,,,,
SLCMP1765-1963,1963,1963,583598497,2^583598497-1,STRUCTURAL_SCREEN_EXHAUSTED_PRIMALITY_UNASSIGNED,GF3A_DIRECTIONAL_WRITE_EXHAUSTED_PRIMALITY_UNASSIGNED,513,512,512,NO_RECORDED_FACTOR_PRP_OR_LL_RESULT_AND_NO_ACTIVE_GIMPS_ASSIGNMENT,2026-08-09T04:34:14+00:00,UNALLOCATED,,,,,
SLCMP1765-1964,1964,1964,583598549,2^583598549-1,STRUCTURAL_SCREEN_EXHAUSTED_PRIMALITY_UNASSIGNED,GF3A_DIRECTIONAL_WRITE_EXHAUSTED_PRIMALITY_UNASSIGNED,513,512,512,NO_RECORDED_FACTOR_PRP_OR_LL_RESULT_AND_NO_ACTIVE_GIMPS_ASSIGNMENT,2026-08-09T04:34:14+00:00,UNALLOCATED,,,,,
SLCMP1765-1965,1965,1965,583598569,2^583598569-1,STRUCTURAL_SCREEN_EXHAUSTED_PRIMALITY_UNASSIGNED,GF3A_DIRECTIONAL_WRITE_EXHAUSTED_PRIMALITY_UNASSIGNED,513,512,512,NO_RECORDED_FACTOR_PRP_OR_LL_RESULT_AND_NO_ACTIVE_GIMPS_ASSIGNMENT,2026-08-09T04:34:14+00:00,UNALLOCATED,,,,,
SLCMP1765-1966,1966,1966,583598621,2^583598621-1,STRUCTURAL_SCREEN_EXHAUSTED_PRIMALITY_UNASSIGNED,GF3A_DIRECTIONAL_WRITE_EXHAUSTED_PRIMALITY_UNASSIGNED,513,512,512,NO_RECORDED_FACTOR_PRP_OR_LL_RESULT_AND_NO_ACTIVE_GIMPS_ASSIGNMENT,2026-08-09T04:34:14+00:00,UNALLOCATED,,,,,
SLCMP1765-1967,1967,1967,583598749,2^583598749-1,STRUCTURAL_SCREEN_EXHAUSTED_PRIMALITY_UNASSIGNED,GF3A_DIRECTIONAL_WRITE_EXHAUSTED_PRIMALITY_UNASSIGNED,513,512,512,NO_RECORDED_FACTOR_PRP_OR_LL_RESULT_AND_NO_ACTIVE_GIMPS_ASSIGNMENT,2026-08-09T04:34:14+00:00,UNALLOCATED,,,,,
SLCMP1765-1968,1968,1968,583598789,2^583598789-1,STRUCTURAL_SCREEN_EXHAUSTED_PRIMALITY_UNASSIGNED,GF3A_DIRECTIONAL_WRITE_EXHAUSTED_PRIMALITY_UNASSIGNED,513,512,512,NO_RECORDED_FACTOR_PRP_OR_LL_RESULT_AND_NO_ACTIVE_GIMPS_ASSIGNMENT,2026-08-09T04:34:14+00:00,UNALLOCATED,,,,,
SLCMP1765-1969,1969,1969,583598791,2^583598791-1,STRUCTURAL_SCREEN_EXHAUSTED_PRIMALITY_UNASSIGNED,GF3A_DIRECTIONAL_WRITE_EXHAUSTED_PRIMALITY_UNASSIGNED,514,512,512,NO_RECORDED_FACTOR_PRP_OR_LL_RESULT_AND_NO_ACTIVE_GIMPS_ASSIGNMENT,2026-08-09T04:34:14+00:00,UNALLOCATED,,,,,
SLCMP1765-1970,1970,1970,583598809,2^583598809-1,STRUCTURAL_SCREEN_EXHAUSTED_PRIMALITY_UNASSIGNED,GF3A_DIRECTIONAL_WRITE_EXHAUSTED_PRIMALITY_UNASSIGNED,513,512,512,NO_RECORDED_FACTOR_PRP_OR_LL_RESULT_AND_NO_ACTIVE_GIMPS_ASSIGNMENT,2026-08-09T04:34:14+00:00,UNALLOCATED,,,,,
SLCMP1765-1971,1971,1971,583598861,2^583598861-1,STRUCTURAL_SCREEN_EXHAUSTED_PRIMALITY_UNASSIGNED,GF3A_DIRECTIONAL_WRITE_EXHAUSTED_PRIMALITY_UNASSIGNED,513,512,512,NO_RECORDED_FACTOR_PRP_OR_LL_RESULT_AND_NO_ACTIVE_GIMPS_ASSIGNMENT,2026-08-09T04:34:14+00:00,UNALLOCATED,,,,,
SLCMP1765-1972,1972,1972,583598893,2^583598893-1,STRUCTURAL_SCREEN_EXHAUSTED_PRIMALITY_UNASSIGNED,GF3A_DIRECTIONAL_WRITE_EXHAUSTED_PRIMALITY_UNASSIGNED,513,512,512,NO_RECORDED_FACTOR_PRP_OR_LL_RESULT_AND_NO_ACTIVE_GIMPS_ASSIGNMENT,2026-08-09T04:34:14+00:00,UNALLOCATED,,,,,
SLCMP1765-1973,1973,1973,583598957,2^583598957-1,STRUCTURAL_SCREEN_EXHAUSTED_PRIMALITY_UNASSIGNED,GF3A_DIRECTIONAL_WRITE_EXHAUSTED_PRIMALITY_UNASSIGNED,513,512,512,NO_RECORDED_FACTOR_PRP_OR_LL_RESULT_AND_NO_ACTIVE_GIMPS_ASSIGNMENT,2026-08-09T04:34:14+00:00,UNALLOCATED,,,,,
SLCMP1765-1974,1974,1974,583598969,2^583598969-1,STRUCTURAL_SCREEN_EXHAUSTED_PRIMALITY_UNASSIGNED,GF3A_DIRECTIONAL_WRITE_EXHAUSTED_PRIMALITY_UNASSIGNED,513,512,512,NO_RECORDED_FACTOR_PRP_OR_LL_RESULT_AND_NO_ACTIVE_GIMPS_ASSIGNMENT,2026-08-09T04:34:14+00:00,UNALLOCATED,,,,,
SLCMP1765-1975,1975,1975,583599013,2^583599013-1,STRUCTURAL_SCREEN_EXHAUSTED_PRIMALITY_UNASSIGNED,GF3A_DIRECTIONAL_WRITE_EXHAUSTED_PRIMALITY_UNASSIGNED,513,512,512,NO_RECORDED_FACTOR_PRP_OR_LL_RESULT_AND_NO_ACTIVE_GIMPS_ASSIGNMENT,2026-08-09T04:34:14+00:00,UNALLOCATED,,,,,
SLCMP1765-1976,1976,1976,583599227,2^583599227-1,STRUCTURAL_SCREEN_EXHAUSTED_PRIMALITY_UNASSIGNED,GF3A_DIRECTIONAL_WRITE_EXHAUSTED_PRIMALITY_UNASSIGNED,514,512,512,NO_RECORDED_FACTOR_PRP_OR_LL_RESULT_AND_NO_ACTIVE_GIMPS_ASSIGNMENT,2026-08-09T04:34:14+00:00,UNALLOCATED,,,,,
SLCMP1765-1977,1977,1977,583599257,2^583599257-1,STRUCTURAL_SCREEN_EXHAUSTED_PRIMALITY_UNASSIGNED,GF3A_DIRECTIONAL_WRITE_EXHAUSTED_PRIMALITY_UNASSIGNED,513,512,512,NO_RECORDED_FACTOR_PRP_OR_LL_RESULT_AND_NO_ACTIVE_GIMPS_ASSIGNMENT,2026-08-09T04:34:14+00:00,UNALLOCATED,,,,,
SLCMP1765-1978,1978,1978,583599283,2^583599283-1,STRUCTURAL_SCREEN_EXHAUSTED_PRIMALITY_UNASSIGNED,GF3A_DIRECTIONAL_WRITE_EXHAUSTED_PRIMALITY_UNASSIGNED,514,512,512,NO_RECORDED_FACTOR_PRP_OR_LL_RESULT_AND_NO_ACTIVE_GIMPS_ASSIGNMENT,2026-08-09T04:34:14+00:00,UNALLOCATED,,,,,
SLCMP1765-1979,1979,1979,583599299,2^583599299-1,STRUCTURAL_SCREEN_EXHAUSTED_PRIMALITY_UNASSIGNED,GF3A_DIRECTIONAL_WRITE_EXHAUSTED_PRIMALITY_UNASSIGNED,514,512,512,NO_RECORDED_FACTOR_PRP_OR_LL_RESULT_AND_NO_ACTIVE_GIMPS_ASSIGNMENT,2026-08-09T04:34:14+00:00,UNALLOCATED,,,,,
SLCMP1765-1980,1980,1980,583599349,2^583599349-1,STRUCTURAL_SCREEN_EXHAUSTED_PRIMALITY_UNASSIGNED,GF3A_DIRECTIONAL_WRITE_EXHAUSTED_PRIMALITY_UNASSIGNED,513,512,512,NO_RECORDED_FACTOR_PRP_OR_LL_RESULT_AND_NO_ACTIVE_GIMPS_ASSIGNMENT,2026-08-09T04:34:14+00:00,UNALLOCATED,,,,,
SLCMP1765-1981,1981,1981,583599361,2^583599361-1,STRUCTURAL_SCREEN_EXHAUSTED_PRIMALITY_UNASSIGNED,GF3A_DIRECTIONAL_WRITE_EXHAUSTED_PRIMALITY_UNASSIGNED,513,512,512,NO_RECORDED_FACTOR_PRP_OR_LL_RESULT_AND_NO_ACTIVE_GIMPS_ASSIGNMENT,2026-08-09T04:34:14+00:00,UNALLOCATED,,,,,
SLCMP1765-1982,1982,1982,583599403,2^583599403-1,STRUCTURAL_SCREEN_EXHAUSTED_PRIMALITY_UNASSIGNED,GF3A_DIRECTIONAL_WRITE_EXHAUSTED_PRIMALITY_UNASSIGNED,514,512,512,NO_RECORDED_FACTOR_PRP_OR_LL_RESULT_AND_NO_ACTIVE_GIMPS_ASSIGNMENT,2026-08-09T04:34:14+00:00,UNALLOCATED,,,,,
SLCMP1765-1983,1983,1983,583599463,2^583599463-1,STRUCTURAL_SCREEN_EXHAUSTED_PRIMALITY_UNASSIGNED,GF3A_DIRECTIONAL_WRITE_EXHAUSTED_PRIMALITY_UNASSIGNED,514,512,512,NO_RECORDED_FACTOR_PRP_OR_LL_RESULT_AND_NO_ACTIVE_GIMPS_ASSIGNMENT,2026-08-09T04:34:14+00:00,UNALLOCATED,,,,,
SLCMP1765-1984,1984,1984,583599563,2^583599563-1,STRUCTURAL_SCREEN_EXHAUSTED_PRIMALITY_UNASSIGNED,GF3A_DIRECTIONAL_WRITE_EXHAUSTED_PRIMALITY_UNASSIGNED,514,512,512,NO_RECORDED_FACTOR_PRP_OR_LL_RESULT_AND_NO_ACTIVE_GIMPS_ASSIGNMENT,2026-08-09T04:34:14+00:00,UNALLOCATED,,,,,
SLCMP1765-1985,1985,1985,583599581,2^583599581-1,STRUCTURAL_SCREEN_EXHAUSTED_PRIMALITY_UNASSIGNED,GF3A_DIRECTIONAL_WRITE_EXHAUSTED_PRIMALITY_UNASSIGNED,513,512,512,NO_RECORDED_FACTOR_PRP_OR_LL_RESULT_AND_NO_ACTIVE_GIMPS_ASSIGNMENT,2026-08-09T04:34:14+00:00,UNALLOCATED,,,,,
SLCMP1765-1986,1986,1986,583599637,2^583599637-1,STRUCTURAL_SCREEN_EXHAUSTED_PRIMALITY_UNASSIGNED,GF3A_DIRECTIONAL_WRITE_EXHAUSTED_PRIMALITY_UNASSIGNED,513,512,512,NO_RECORDED_FACTOR_PRP_OR_LL_RESULT_AND_NO_ACTIVE_GIMPS_ASSIGNMENT,2026-08-09T04:34:14+00:00,UNALLOCATED,,,,,
SLCMP1765-1987,1987,1987,583599659,2^583599659-1,STRUCTURAL_SCREEN_EXHAUSTED_PRIMALITY_UNASSIGNED,GF3A_DIRECTIONAL_WRITE_EXHAUSTED_PRIMALITY_UNASSIGNED,514,512,512,NO_RECORDED_FACTOR_PRP_OR_LL_RESULT_AND_NO_ACTIVE_GIMPS_ASSIGNMENT,2026-08-09T04:34:14+00:00,UNALLOCATED,,,,,
SLCMP1765-1988,1988,1988,583599733,2^583599733-1,STRUCTURAL_SCREEN_EXHAUSTED_PRIMALITY_UNASSIGNED,GF3A_DIRECTIONAL_WRITE_EXHAUSTED_PRIMALITY_UNASSIGNED,513,512,512,NO_RECORDED_FACTOR_PRP_OR_LL_RESULT_AND_NO_ACTIVE_GIMPS_ASSIGNMENT,2026-08-09T04:34:14+00:00,UNALLOCATED,,,,,
SLCMP1765-1989,1989,1989,583599787,2^583599787-1,STRUCTURAL_SCREEN_EXHAUSTED_PRIMALITY_UNASSIGNED,GF3A_DIRECTIONAL_WRITE_EXHAUSTED_PRIMALITY_UNASSIGNED,514,512,512,NO_RECORDED_FACTOR_PRP_OR_LL_RESULT_AND_NO_ACTIVE_GIMPS_ASSIGNMENT,2026-08-09T04:34:14+00:00,UNALLOCATED,,,,,
SLCMP1765-1990,1990,1990,583599791,2^583599791-1,STRUCTURAL_SCREEN_EXHAUSTED_PRIMALITY_UNASSIGNED,GF3A_DIRECTIONAL_WRITE_EXHAUSTED_PRIMALITY_UNASSIGNED,514,512,512,NO_RECORDED_FACTOR_PRP_OR_LL_RESULT_AND_NO_ACTIVE_GIMPS_ASSIGNMENT,2026-08-09T04:34:14+00:00,UNALLOCATED,,,,,
SLCMP1765-1991,1991,1991,583599811,2^583599811-1,STRUCTURAL_SCREEN_EXHAUSTED_PRIMALITY_UNASSIGNED,GF3A_DIRECTIONAL_WRITE_EXHAUSTED_PRIMALITY_UNASSIGNED,514,512,512,NO_RECORDED_FACTOR_PRP_OR_LL_RESULT_AND_NO_ACTIVE_GIMPS_ASSIGNMENT,2026-08-09T04:34:14+00:00,UNALLOCATED,,,,,
SLCMP1765-1992,1992,1992,583599889,2^583599889-1,STRUCTURAL_SCREEN_EXHAUSTED_PRIMALITY_UNASSIGNED,GF3A_DIRECTIONAL_WRITE_EXHAUSTED_PRIMALITY_UNASSIGNED,513,512,512,NO_RECORDED_FACTOR_PRP_OR_LL_RESULT_AND_NO_ACTIVE_GIMPS_ASSIGNMENT,2026-08-09T04:34:14+00:00,UNALLOCATED,,,,,
SLCMP1765-1993,1993,1993,583599901,2^583599901-1,STRUCTURAL_SCREEN_EXHAUSTED_PRIMALITY_UNASSIGNED,GF3A_DIRECTIONAL_WRITE_EXHAUSTED_PRIMALITY_UNASSIGNED,513,512,512,NO_RECORDED_FACTOR_PRP_OR_LL_RESULT_AND_NO_ACTIVE_GIMPS_ASSIGNMENT,2026-08-09T04:34:14+00:00,UNALLOCATED,,,,,
SLCMP1765-1994,1994,1994,583599959,2^583599959-1,STRUCTURAL_SCREEN_EXHAUSTED_PRIMALITY_UNASSIGNED,GF3A_DIRECTIONAL_WRITE_EXHAUSTED_PRIMALITY_UNASSIGNED,514,512,512,NO_RECORDED_FACTOR_PRP_OR_LL_RESULT_AND_NO_ACTIVE_GIMPS_ASSIGNMENT,2026-08-09T04:34:14+00:00,UNALLOCATED,,,,,
SLCMP1765-1995,1995,1995,583600111,2^583600111-1,STRUCTURAL_SCREEN_EXHAUSTED_PRIMALITY_UNASSIGNED,GF3A_DIRECTIONAL_WRITE_EXHAUSTED_PRIMALITY_UNASSIGNED,514,512,512,NO_RECORDED_FACTOR_PRP_OR_LL_RESULT_AND_NO_ACTIVE_GIMPS_ASSIGNMENT,2026-08-09T04:34:14+00:00,UNALLOCATED,,,,,
SLCMP1765-1996,1996,1996,583600133,2^583600133-1,STRUCTURAL_SCREEN_EXHAUSTED_PRIMALITY_UNASSIGNED,GF3A_DIRECTIONAL_WRITE_EXHAUSTED_PRIMALITY_UNASSIGNED,513,512,512,NO_RECORDED_FACTOR_PRP_OR_LL_RESULT_AND_NO_ACTIVE_GIMPS_ASSIGNMENT,2026-08-09T04:34:14+00:00,UNALLOCATED,,,,,
SLCMP1765-1997,1997,1997,583600159,2^583600159-1,STRUCTURAL_SCREEN_EXHAUSTED_PRIMALITY_UNASSIGNED,GF3A_DIRECTIONAL_WRITE_EXHAUSTED_PRIMALITY_UNASSIGNED,514,512,512,NO_RECORDED_FACTOR_PRP_OR_LL_RESULT_AND_NO_ACTIVE_GIMPS_ASSIGNMENT,2026-08-09T04:34:14+00:00,UNALLOCATED,,,,,
SLCMP1765-1998,1998,1998,583600319,2^583600319-1,STRUCTURAL_SCREEN_EXHAUSTED_PRIMALITY_UNASSIGNED,GF3A_DIRECTIONAL_WRITE_EXHAUSTED_PRIMALITY_UNASSIGNED,514,512,512,NO_RECORDED_FACTOR_PRP_OR_LL_RESULT_AND_NO_ACTIVE_GIMPS_ASSIGNMENT,2026-08-09T04:34:14+00:00,UNALLOCATED,,,,,
SLCMP1765-1999,1999,1999,583600393,2^583600393-1,STRUCTURAL_SCREEN_EXHAUSTED_PRIMALITY_UNASSIGNED,GF3A_DIRECTIONAL_WRITE_EXHAUSTED_PRIMALITY_UNASSIGNED,513,512,512,NO_RECORDED_FACTOR_PRP_OR_LL_RESULT_AND_NO_ACTIVE_GIMPS_ASSIGNMENT,2026-08-09T04:34:14+00:00,UNALLOCATED,,,,,
SLCMP1765-2000,2000,2000,583600411,2^583600411-1,STRUCTURAL_SCREEN_EXHAUSTED_PRIMALITY_UNASSIGNED,GF3A_DIRECTIONAL_WRITE_EXHAUSTED_PRIMALITY_UNASSIGNED,514,512,512,NO_RECORDED_FACTOR_PRP_OR_LL_RESULT_AND_NO_ACTIVE_GIMPS_ASSIGNMENT,2026-08-09T04:34:14+00:00,UNALLOCATED,,,,,
SLCMP1765-2001,2001,2001,583600421,2^583600421-1,STRUCTURAL_SCREEN_EXHAUSTED_PRIMALITY_UNASSIGNED,GF3A_DIRECTIONAL_WRITE_EXHAUSTED_PRIMALITY_UNASSIGNED,513,512,512,NO_RECORDED_FACTOR_PRP_OR_LL_RESULT_AND_NO_ACTIVE_GIMPS_ASSIGNMENT,2026-08-09T04:34:14+00:00,UNALLOCATED,,,,,
SLCMP1765-2002,2002,2002,583600579,2^583600579-1,STRUCTURAL_SCREEN_EXHAUSTED_PRIMALITY_UNASSIGNED,GF3A_DIRECTIONAL_WRITE_EXHAUSTED_PRIMALITY_UNASSIGNED,514,512,512,NO_RECORDED_FACTOR_PRP_OR_LL_RESULT_AND_NO_ACTIVE_GIMPS_ASSIGNMENT,2026-08-09T04:34:14+00:00,UNALLOCATED,,,,,
SLCMP1765-2003,2003,2003,583600607,2^583600607-1,STRUCTURAL_SCREEN_EXHAUSTED_PRIMALITY_UNASSIGNED,GF3A_DIRECTIONAL_WRITE_EXHAUSTED_PRIMALITY_UNASSIGNED,514,512,512,NO_RECORDED_FACTOR_PRP_OR_LL_RESULT_AND_NO_ACTIVE_GIMPS_ASSIGNMENT,2026-08-09T04:34:14+00:00,UNALLOCATED,,,,,
SLCMP1765-2004,2004,2004,583600631,2^583600631-1,STRUCTURAL_SCREEN_EXHAUSTED_PRIMALITY_UNASSIGNED,GF3A_DIRECTIONAL_WRITE_EXHAUSTED_PRIMALITY_UNASSIGNED,514,512,512,NO_RECORDED_FACTOR_PRP_OR_LL_RESULT_AND_NO_ACTIVE_GIMPS_ASSIGNMENT,2026-08-09T04:34:14+00:00,UNALLOCATED,,,,,
SLCMP1765-2005,2005,2005,583600663,2^583600663-1,STRUCTURAL_SCREEN_EXHAUSTED_PRIMALITY_UNASSIGNED,GF3A_DIRECTIONAL_WRITE_EXHAUSTED_PRIMALITY_UNASSIGNED,514,512,512,NO_RECORDED_FACTOR_PRP_OR_LL_RESULT_AND_NO_ACTIVE_GIMPS_ASSIGNMENT,2026-08-09T04:34:14+00:00,UNALLOCATED,,,,,
SLCMP1765-2006,2006,2006,583600711,2^583600711-1,STRUCTURAL_SCREEN_EXHAUSTED_PRIMALITY_UNASSIGNED,GF3A_DIRECTIONAL_WRITE_EXHAUSTED_PRIMALITY_UNASSIGNED,514,512,512,NO_RECORDED_FACTOR_PRP_OR_LL_RESULT_AND_NO_ACTIVE_GIMPS_ASSIGNMENT,2026-08-09T04:34:14+00:00,UNALLOCATED,,,,,
SLCMP1765-2007,2007,2007,583600723,2^583600723-1,STRUCTURAL_SCREEN_EXHAUSTED_PRIMALITY_UNASSIGNED,GF3A_DIRECTIONAL_WRITE_EXHAUSTED_PRIMALITY_UNASSIGNED,514,512,512,NO_RECORDED_FACTOR_PRP_OR_LL_RESULT_AND_NO_ACTIVE_GIMPS_ASSIGNMENT,2026-08-09T04:34:14+00:00,UNALLOCATED,,,,,
SLCMP1765-2008,2008,2008,583600747,2^583600747-1,STRUCTURAL_SCREEN_EXHAUSTED_PRIMALITY_UNASSIGNED,GF3A_DIRECTIONAL_WRITE_EXHAUSTED_PRIMALITY_UNASSIGNED,514,512,512,NO_RECORDED_FACTOR_PRP_OR_LL_RESULT_AND_NO_ACTIVE_GIMPS_ASSIGNMENT,2026-08-09T04:34:14+00:00,UNALLOCATED,,,,,
SLCMP1765-2009,2009,2009,583600777,2^583600777-1,STRUCTURAL_SCREEN_EXHAUSTED_PRIMALITY_UNASSIGNED,GF3A_DIRECTIONAL_WRITE_EXHAUSTED_PRIMALITY_UNASSIGNED,513,512,512,NO_RECORDED_FACTOR_PRP_OR_LL_RESULT_AND_NO_ACTIVE_GIMPS_ASSIGNMENT,2026-08-09T04:34:14+00:00,UNALLOCATED,,,,,
SLCMP1765-2010,2010,2010,583600807,2^583600807-1,STRUCTURAL_SCREEN_EXHAUSTED_PRIMALITY_UNASSIGNED,GF3A_DIRECTIONAL_WRITE_EXHAUSTED_PRIMALITY_UNASSIGNED,514,512,512,NO_RECORDED_FACTOR_PRP_OR_LL_RESULT_AND_NO_ACTIVE_GIMPS_ASSIGNMENT,2026-08-09T04:34:14+00:00,UNALLOCATED,,,,,
SLCMP1765-2011,2011,2011,583600879,2^583600879-1,STRUCTURAL_SCREEN_EXHAUSTED_PRIMALITY_UNASSIGNED,GF3A_DIRECTIONAL_WRITE_EXHAUSTED_PRIMALITY_UNASSIGNED,514,512,512,NO_RECORDED_FACTOR_PRP_OR_LL_RESULT_AND_NO_ACTIVE_GIMPS_ASSIGNMENT,2026-08-09T04:34:14+00:00,UNALLOCATED,,,,,
SLCMP1765-2012,2012,2012,583600907,2^583600907-1,STRUCTURAL_SCREEN_EXHAUSTED_PRIMALITY_UNASSIGNED,GF3A_DIRECTIONAL_WRITE_EXHAUSTED_PRIMALITY_UNASSIGNED,514,512,512,NO_RECORDED_FACTOR_PRP_OR_LL_RESULT_AND_NO_ACTIVE_GIMPS_ASSIGNMENT,2026-08-09T04:34:14+00:00,UNALLOCATED,,,,,
SLCMP1765-2013,2013,2013,583600949,2^583600949-1,STRUCTURAL_SCREEN_EXHAUSTED_PRIMALITY_UNASSIGNED,GF3A_DIRECTIONAL_WRITE_EXHAUSTED_PRIMALITY_UNASSIGNED,513,512,512,NO_RECORDED_FACTOR_PRP_OR_LL_RESULT_AND_NO_ACTIVE_GIMPS_ASSIGNMENT,2026-08-09T04:34:14+00:00,UNALLOCATED,,,,,
SLCMP1765-2014,2014,2014,583600951,2^583600951-1,STRUCTURAL_SCREEN_EXHAUSTED_PRIMALITY_UNASSIGNED,GF3A_DIRECTIONAL_WRITE_EXHAUSTED_PRIMALITY_UNASSIGNED,514,512,512,NO_RECORDED_FACTOR_PRP_OR_LL_RESULT_AND_NO_ACTIVE_GIMPS_ASSIGNMENT,2026-08-09T04:34:14+00:00,UNALLOCATED,,,,,
SLCMP1765-2015,2015,2015,583601069,2^583601069-1,STRUCTURAL_SCREEN_EXHAUSTED_PRIMALITY_UNASSIGNED,GF3A_DIRECTIONAL_WRITE_EXHAUSTED_PRIMALITY_UNASSIGNED,513,512,512,NO_RECORDED_FACTOR_PRP_OR_LL_RESULT_AND_NO_ACTIVE_GIMPS_ASSIGNMENT,2026-08-09T04:34:14+00:00,UNALLOCATED,,,,,
SLCMP1765-2016,2016,2016,583601113,2^583601113-1,STRUCTURAL_SCREEN_EXHAUSTED_PRIMALITY_UNASSIGNED,GF3A_DIRECTIONAL_WRITE_EXHAUSTED_PRIMALITY_UNASSIGNED,513,512,512,NO_RECORDED_FACTOR_PRP_OR_LL_RESULT_AND_NO_ACTIVE_GIMPS_ASSIGNMENT,2026-08-09T04:34:14+00:00,UNALLOCATED,,,,,
SLCMP1765-2017,2017,2017,583601147,2^583601147-1,STRUCTURAL_SCREEN_EXHAUSTED_PRIMALITY_UNASSIGNED,GF3A_DIRECTIONAL_WRITE_EXHAUSTED_PRIMALITY_UNASSIGNED,514,512,512,NO_RECORDED_FACTOR_PRP_OR_LL_RESULT_AND_NO_ACTIVE_GIMPS_ASSIGNMENT,2026-08-09T04:34:14+00:00,UNALLOCATED,,,,,
SLCMP1765-2018,2018,2018,583601159,2^583601159-1,STRUCTURAL_SCREEN_EXHAUSTED_PRIMALITY_UNASSIGNED,GF3A_DIRECTIONAL_WRITE_EXHAUSTED_PRIMALITY_UNASSIGNED,514,512,512,NO_RECORDED_FACTOR_PRP_OR_LL_RESULT_AND_NO_ACTIVE_GIMPS_ASSIGNMENT,2026-08-09T04:34:14+00:00,UNALLOCATED,,,,,
SLCMP1765-2019,2019,2019,583601251,2^583601251-1,STRUCTURAL_SCREEN_EXHAUSTED_PRIMALITY_UNASSIGNED,GF3A_DIRECTIONAL_WRITE_EXHAUSTED_PRIMALITY_UNASSIGNED,514,512,512,NO_RECORDED_FACTOR_PRP_OR_LL_RESULT_AND_NO_ACTIVE_GIMPS_ASSIGNMENT,2026-08-09T04:34:14+00:00,UNALLOCATED,,,,,
SLCMP1765-2020,2020,2020,583601281,2^583601281-1,STRUCTURAL_SCREEN_EXHAUSTED_PRIMALITY_UNASSIGNED,GF3A_DIRECTIONAL_WRITE_EXHAUSTED_PRIMALITY_UNASSIGNED,513,512,512,NO_RECORDED_FACTOR_PRP_OR_LL_RESULT_AND_NO_ACTIVE_GIMPS_ASSIGNMENT,2026-08-09T04:34:14+00:00,UNALLOCATED,,,,,
SLCMP1765-2021,2021,2021,583601309,2^583601309-1,STRUCTURAL_SCREEN_EXHAUSTED_PRIMALITY_UNASSIGNED,GF3A_DIRECTIONAL_WRITE_EXHAUSTED_PRIMALITY_UNASSIGNED,513,512,512,NO_RECORDED_FACTOR_PRP_OR_LL_RESULT_AND_NO_ACTIVE_GIMPS_ASSIGNMENT,2026-08-09T04:34:14+00:00,UNALLOCATED,,,,,
SLCMP1765-2022,2022,2022,583601363,2^583601363-1,STRUCTURAL_SCREEN_EXHAUSTED_PRIMALITY_UNASSIGNED,GF3A_DIRECTIONAL_WRITE_EXHAUSTED_PRIMALITY_UNASSIGNED,514,512,512,NO_RECORDED_FACTOR_PRP_OR_LL_RESULT_AND_NO_ACTIVE_GIMPS_ASSIGNMENT,2026-08-09T04:34:14+00:00,UNALLOCATED,,,,,
SLCMP1765-2023,2023,2023,583601383,2^583601383-1,STRUCTURAL_SCREEN_EXHAUSTED_PRIMALITY_UNASSIGNED,GF3A_DIRECTIONAL_WRITE_EXHAUSTED_PRIMALITY_UNASSIGNED,514,512,512,NO_RECORDED_FACTOR_PRP_OR_LL_RESULT_AND_NO_ACTIVE_GIMPS_ASSIGNMENT,2026-08-09T04:34:14+00:00,UNALLOCATED,,,,,
SLCMP1765-2024,2024,2024,583601387,2^583601387-1,STRUCTURAL_SCREEN_EXHAUSTED_PRIMALITY_UNASSIGNED,GF3A_DIRECTIONAL_WRITE_EXHAUSTED_PRIMALITY_UNASSIGNED,514,512,512,NO_RECORDED_FACTOR_PRP_OR_LL_RESULT_AND_NO_ACTIVE_GIMPS_ASSIGNMENT,2026-08-09T04:34:14+00:00,UNALLOCATED,,,,,
SLCMP1765-2025,2025,2025,583601393,2^583601393-1,STRUCTURAL_SCREEN_EXHAUSTED_PRIMALITY_UNASSIGNED,GF3A_DIRECTIONAL_WRITE_EXHAUSTED_PRIMALITY_UNASSIGNED,513,512,512,NO_RECORDED_FACTOR_PRP_OR_LL_RESULT_AND_NO_ACTIVE_GIMPS_ASSIGNMENT,2026-08-09T04:34:14+00:00,UNALLOCATED,,,,,
SLCMP1765-2026,2026,2026,583601429,2^583601429-1,STRUCTURAL_SCREEN_EXHAUSTED_PRIMALITY_UNASSIGNED,GF3A_DIRECTIONAL_WRITE_EXHAUSTED_PRIMALITY_UNASSIGNED,513,512,512,NO_RECORDED_FACTOR_PRP_OR_LL_RESULT_AND_NO_ACTIVE_GIMPS_ASSIGNMENT,2026-08-09T04:34:14+00:00,UNALLOCATED,,,,,
SLCMP1765-2027,2027,2027,583601437,2^583601437-1,STRUCTURAL_SCREEN_EXHAUSTED_PRIMALITY_UNASSIGNED,GF3A_DIRECTIONAL_WRITE_EXHAUSTED_PRIMALITY_UNASSIGNED,513,512,512,NO_RECORDED_FACTOR_PRP_OR_LL_RESULT_AND_NO_ACTIVE_GIMPS_ASSIGNMENT,2026-08-09T04:34:14+00:00,UNALLOCATED,,,,,
SLCMP1765-2028,2028,2028,583601479,2^583601479-1,STRUCTURAL_SCREEN_EXHAUSTED_PRIMALITY_UNASSIGNED,GF3A_DIRECTIONAL_WRITE_EXHAUSTED_PRIMALITY_UNASSIGNED,514,512,512,NO_RECORDED_FACTOR_PRP_OR_LL_RESULT_AND_NO_ACTIVE_GIMPS_ASSIGNMENT,2026-08-09T04:34:14+00:00,UNALLOCATED,,,,,
SLCMP1765-2029,2029,2029,583601521,2^583601521-1,STRUCTURAL_SCREEN_EXHAUSTED_PRIMALITY_UNASSIGNED,GF3A_DIRECTIONAL_WRITE_EXHAUSTED_PRIMALITY_UNASSIGNED,513,512,512,NO_RECORDED_FACTOR_PRP_OR_LL_RESULT_AND_NO_ACTIVE_GIMPS_ASSIGNMENT,2026-08-09T04:34:14+00:00,UNALLOCATED,,,,,
SLCMP1765-2030,2030,2030,583601531,2^583601531-1,STRUCTURAL_SCREEN_EXHAUSTED_PRIMALITY_UNASSIGNED,GF3A_DIRECTIONAL_WRITE_EXHAUSTED_PRIMALITY_UNASSIGNED,514,512,512,NO_RECORDED_FACTOR_PRP_OR_LL_RESULT_AND_NO_ACTIVE_GIMPS_ASSIGNMENT,2026-08-09T04:34:14+00:00,UNALLOCATED,,,,,
SLCMP1765-2031,2031,2031,583601659,2^583601659-1,STRUCTURAL_SCREEN_EXHAUSTED_PRIMALITY_UNASSIGNED,GF3A_DIRECTIONAL_WRITE_EXHAUSTED_PRIMALITY_UNASSIGNED,514,512,512,NO_RECORDED_FACTOR_PRP_OR_LL_RESULT_AND_NO_ACTIVE_GIMPS_ASSIGNMENT,2026-08-09T04:34:14+00:00,UNALLOCATED,,,,,
SLCMP1765-2032,2032,2032,583601693,2^583601693-1,STRUCTURAL_SCREEN_EXHAUSTED_PRIMALITY_UNASSIGNED,GF3A_DIRECTIONAL_WRITE_EXHAUSTED_PRIMALITY_UNASSIGNED,513,512,512,NO_RECORDED_FACTOR_PRP_OR_LL_RESULT_AND_NO_ACTIVE_GIMPS_ASSIGNMENT,2026-08-09T04:34:14+00:00,UNALLOCATED,,,,,
SLCMP1765-2033,2033,2033,583601783,2^583601783-1,STRUCTURAL_SCREEN_EXHAUSTED_PRIMALITY_UNASSIGNED,GF3A_DIRECTIONAL_WRITE_EXHAUSTED_PRIMALITY_UNASSIGNED,514,512,512,NO_RECORDED_FACTOR_PRP_OR_LL_RESULT_AND_NO_ACTIVE_GIMPS_ASSIGNMENT,2026-08-09T04:34:14+00:00,UNALLOCATED,,,,,
SLCMP1765-2034,2034,2034,583601803,2^583601803-1,STRUCTURAL_SCREEN_EXHAUSTED_PRIMALITY_UNASSIGNED,GF3A_DIRECTIONAL_WRITE_EXHAUSTED_PRIMALITY_UNASSIGNED,514,512,512,NO_RECORDED_FACTOR_PRP_OR_LL_RESULT_AND_NO_ACTIVE_GIMPS_ASSIGNMENT,2026-08-09T04:34:14+00:00,UNALLOCATED,,,,,
SLCMP1765-2035,2035,2035,583601827,2^583601827-1,STRUCTURAL_SCREEN_EXHAUSTED_PRIMALITY_UNASSIGNED,GF3A_DIRECTIONAL_WRITE_EXHAUSTED_PRIMALITY_UNASSIGNED,514,512,512,NO_RECORDED_FACTOR_PRP_OR_LL_RESULT_AND_NO_ACTIVE_GIMPS_ASSIGNMENT,2026-08-09T04:34:14+00:00,UNALLOCATED,,,,,
SLCMP1765-2036,2036,2036,583602031,2^583602031-1,STRUCTURAL_SCREEN_EXHAUSTED_PRIMALITY_UNASSIGNED,GF3A_DIRECTIONAL_WRITE_EXHAUSTED_PRIMALITY_UNASSIGNED,514,512,512,NO_RECORDED_FACTOR_PRP_OR_LL_RESULT_AND_NO_ACTIVE_GIMPS_ASSIGNMENT,2026-08-09T04:34:14+00:00,UNALLOCATED,,,,,
SLCMP1765-2037,2037,2037,583602121,2^583602121-1,STRUCTURAL_SCREEN_EXHAUSTED_PRIMALITY_UNASSIGNED,GF3A_DIRECTIONAL_WRITE_EXHAUSTED_PRIMALITY_UNASSIGNED,513,512,512,NO_RECORDED_FACTOR_PRP_OR_LL_RESULT_AND_NO_ACTIVE_GIMPS_ASSIGNMENT,2026-08-09T04:34:14+00:00,UNALLOCATED,,,,,
SLCMP1765-2038,2038,2038,583602169,2^583602169-1,STRUCTURAL_SCREEN_EXHAUSTED_PRIMALITY_UNASSIGNED,GF3A_DIRECTIONAL_WRITE_EXHAUSTED_PRIMALITY_UNASSIGNED,513,512,512,NO_RECORDED_FACTOR_PRP_OR_LL_RESULT_AND_NO_ACTIVE_GIMPS_ASSIGNMENT,2026-08-09T04:34:14+00:00,UNALLOCATED,,,,,
SLCMP1765-2039,2039,2039,583602193,2^583602193-1,STRUCTURAL_SCREEN_EXHAUSTED_PRIMALITY_UNASSIGNED,GF3A_DIRECTIONAL_WRITE_EXHAUSTED_PRIMALITY_UNASSIGNED,513,512,512,NO_RECORDED_FACTOR_PRP_OR_LL_RESULT_AND_NO_ACTIVE_GIMPS_ASSIGNMENT,2026-08-09T04:34:14+00:00,UNALLOCATED,,,,,
SLCMP1765-2040,2040,2040,583602269,2^583602269-1,STRUCTURAL_SCREEN_EXHAUSTED_PRIMALITY_UNASSIGNED,GF3A_DIRECTIONAL_WRITE_EXHAUSTED_PRIMALITY_UNASSIGNED,513,512,512,NO_RECORDED_FACTOR_PRP_OR_LL_RESULT_AND_NO_ACTIVE_GIMPS_ASSIGNMENT,2026-08-09T04:34:14+00:00,UNALLOCATED,,,,,
SLCMP1765-2041,2041,2041,583602301,2^583602301-1,STRUCTURAL_SCREEN_EXHAUSTED_PRIMALITY_UNASSIGNED,GF3A_DIRECTIONAL_WRITE_EXHAUSTED_PRIMALITY_UNASSIGNED,513,512,512,NO_RECORDED_FACTOR_PRP_OR_LL_RESULT_AND_NO_ACTIVE_GIMPS_ASSIGNMENT,2026-08-09T04:34:14+00:00,UNALLOCATED,,,,,
SLCMP1765-2042,2042,2042,583602353,2^583602353-1,STRUCTURAL_SCREEN_EXHAUSTED_PRIMALITY_UNASSIGNED,GF3A_DIRECTIONAL_WRITE_EXHAUSTED_PRIMALITY_UNASSIGNED,513,512,512,NO_RECORDED_FACTOR_PRP_OR_LL_RESULT_AND_NO_ACTIVE_GIMPS_ASSIGNMENT,2026-08-09T04:34:14+00:00,UNALLOCATED,,,,,
SLCMP1765-2043,2043,2043,583602449,2^583602449-1,STRUCTURAL_SCREEN_EXHAUSTED_PRIMALITY_UNASSIGNED,GF3A_DIRECTIONAL_WRITE_EXHAUSTED_PRIMALITY_UNASSIGNED,513,512,512,NO_RECORDED_FACTOR_PRP_OR_LL_RESULT_AND_NO_ACTIVE_GIMPS_ASSIGNMENT,2026-08-09T04:34:14+00:00,UNALLOCATED,,,,,
SLCMP1765-2044,2044,2044,583602553,2^583602553-1,STRUCTURAL_SCREEN_EXHAUSTED_PRIMALITY_UNASSIGNED,GF3A_DIRECTIONAL_WRITE_EXHAUSTED_PRIMALITY_UNASSIGNED,513,512,512,NO_RECORDED_FACTOR_PRP_OR_LL_RESULT_AND_NO_ACTIVE_GIMPS_ASSIGNMENT,2026-08-09T04:34:14+00:00,UNALLOCATED,,,,,
SLCMP1765-2045,2045,2045,583602563,2^583602563-1,STRUCTURAL_SCREEN_EXHAUSTED_PRIMALITY_UNASSIGNED,GF3A_DIRECTIONAL_WRITE_EXHAUSTED_PRIMALITY_UNASSIGNED,514,512,512,NO_RECORDED_FACTOR_PRP_OR_LL_RESULT_AND_NO_ACTIVE_GIMPS_ASSIGNMENT,2026-08-09T04:34:14+00:00,UNALLOCATED,,,,,
SLCMP1765-2046,2046,2046,583602589,2^583602589-1,STRUCTURAL_SCREEN_EXHAUSTED_PRIMALITY_UNASSIGNED,GF3A_DIRECTIONAL_WRITE_EXHAUSTED_PRIMALITY_UNASSIGNED,513,512,512,NO_RECORDED_FACTOR_PRP_OR_LL_RESULT_AND_NO_ACTIVE_GIMPS_ASSIGNMENT,2026-08-09T04:34:14+00:00,UNALLOCATED,,,,,
SLCMP1765-2047,2047,2047,583602653,2^583602653-1,STRUCTURAL_SCREEN_EXHAUSTED_PRIMALITY_UNASSIGNED,GF3A_DIRECTIONAL_WRITE_EXHAUSTED_PRIMALITY_UNASSIGNED,513,512,512,NO_RECORDED_FACTOR_PRP_OR_LL_RESULT_AND_NO_ACTIVE_GIMPS_ASSIGNMENT,2026-08-09T04:34:14+00:00,UNALLOCATED,,,,,
SLCMP1765-2048,2048,2048,583602659,2^583602659-1,STRUCTURAL_SCREEN_EXHAUSTED_PRIMALITY_UNASSIGNED,GF3A_DIRECTIONAL_WRITE_EXHAUSTED_PRIMALITY_UNASSIGNED,514,512,512,NO_RECORDED_FACTOR_PRP_OR_LL_RESULT_AND_NO_ACTIVE_GIMPS_ASSIGNMENT,2026-08-09T04:34:14+00:00,UNALLOCATED,,,,,
SLCMP1765-2049,2049,2049,583602821,2^583602821-1,STRUCTURAL_SCREEN_EXHAUSTED_PRIMALITY_UNASSIGNED,GF3A_DIRECTIONAL_WRITE_EXHAUSTED_PRIMALITY_UNASSIGNED,513,512,512,NO_RECORDED_FACTOR_PRP_OR_LL_RESULT_AND_NO_ACTIVE_GIMPS_ASSIGNMENT,2026-08-09T04:34:14+00:00,UNALLOCATED,,,,,
SLCMP1765-2050,2050,2050,583602823,2^583602823-1,STRUCTURAL_SCREEN_EXHAUSTED_PRIMALITY_UNASSIGNED,GF3A_DIRECTIONAL_WRITE_EXHAUSTED_PRIMALITY_UNASSIGNED,514,512,512,NO_RECORDED_FACTOR_PRP_OR_LL_RESULT_AND_NO_ACTIVE_GIMPS_ASSIGNMENT,2026-08-09T04:34:14+00:00,UNALLOCATED,,,,,
SLCMP1765-2051,2051,2051,583602863,2^583602863-1,STRUCTURAL_SCREEN_EXHAUSTED_PRIMALITY_UNASSIGNED,GF3A_DIRECTIONAL_WRITE_EXHAUSTED_PRIMALITY_UNASSIGNED,514,512,512,NO_RECORDED_FACTOR_PRP_OR_LL_RESULT_AND_NO_ACTIVE_GIMPS_ASSIGNMENT,2026-08-09T04:34:14+00:00,UNALLOCATED,,,,,
SLCMP1765-2052,2052,2052,583602913,2^583602913-1,STRUCTURAL_SCREEN_EXHAUSTED_PRIMALITY_UNASSIGNED,GF3A_DIRECTIONAL_WRITE_EXHAUSTED_PRIMALITY_UNASSIGNED,513,512,512,NO_RECORDED_FACTOR_PRP_OR_LL_RESULT_AND_NO_ACTIVE_GIMPS_ASSIGNMENT,2026-08-09T04:34:14+00:00,UNALLOCATED,,,,,
SLCMP1765-2053,2053,2053,583603021,2^583603021-1,STRUCTURAL_SCREEN_EXHAUSTED_PRIMALITY_UNASSIGNED,GF3A_DIRECTIONAL_WRITE_EXHAUSTED_PRIMALITY_UNASSIGNED,513,512,512,NO_RECORDED_FACTOR_PRP_OR_LL_RESULT_AND_NO_ACTIVE_GIMPS_ASSIGNMENT,2026-08-09T04:34:14+00:00,UNALLOCATED,,,,,
SLCMP1765-2054,2054,2054,583603039,2^583603039-1,STRUCTURAL_SCREEN_EXHAUSTED_PRIMALITY_UNASSIGNED,GF3A_DIRECTIONAL_WRITE_EXHAUSTED_PRIMALITY_UNASSIGNED,514,512,512,NO_RECORDED_FACTOR_PRP_OR_LL_RESULT_AND_NO_ACTIVE_GIMPS_ASSIGNMENT,2026-08-09T04:34:14+00:00,UNALLOCATED,,,,,
SLCMP1765-2055,2055,2055,583603057,2^583603057-1,STRUCTURAL_SCREEN_EXHAUSTED_PRIMALITY_UNASSIGNED,GF3A_DIRECTIONAL_WRITE_EXHAUSTED_PRIMALITY_UNASSIGNED,513,512,512,NO_RECORDED_FACTOR_PRP_OR_LL_RESULT_AND_NO_ACTIVE_GIMPS_ASSIGNMENT,2026-08-09T04:34:14+00:00,UNALLOCATED,,,,,
SLCMP1765-2056,2056,2056,583603063,2^583603063-1,STRUCTURAL_SCREEN_EXHAUSTED_PRIMALITY_UNASSIGNED,GF3A_DIRECTIONAL_WRITE_EXHAUSTED_PRIMALITY_UNASSIGNED,514,512,512,NO_RECORDED_FACTOR_PRP_OR_LL_RESULT_AND_NO_ACTIVE_GIMPS_ASSIGNMENT,2026-08-09T04:34:14+00:00,UNALLOCATED,,,,,
SLCMP1765-2057,2057,2057,583603309,2^583603309-1,STRUCTURAL_SCREEN_EXHAUSTED_PRIMALITY_UNASSIGNED,GF3A_DIRECTIONAL_WRITE_EXHAUSTED_PRIMALITY_UNASSIGNED,513,512,512,NO_RECORDED_FACTOR_PRP_OR_LL_RESULT_AND_NO_ACTIVE_GIMPS_ASSIGNMENT,2026-08-09T04:34:14+00:00,UNALLOCATED,,,,,
SLCMP1765-2058,2058,2058,583603333,2^583603333-1,STRUCTURAL_SCREEN_EXHAUSTED_PRIMALITY_UNASSIGNED,GF3A_DIRECTIONAL_WRITE_EXHAUSTED_PRIMALITY_UNASSIGNED,513,512,512,NO_RECORDED_FACTOR_PRP_OR_LL_RESULT_AND_NO_ACTIVE_GIMPS_ASSIGNMENT,2026-08-09T04:34:14+00:00,UNALLOCATED,,,,,
SLCMP1765-2059,2059,2059,583603343,2^583603343-1,STRUCTURAL_SCREEN_EXHAUSTED_PRIMALITY_UNASSIGNED,GF3A_DIRECTIONAL_WRITE_EXHAUSTED_PRIMALITY_UNASSIGNED,514,512,512,NO_RECORDED_FACTOR_PRP_OR_LL_RESULT_AND_NO_ACTIVE_GIMPS_ASSIGNMENT,2026-08-09T04:34:14+00:00,UNALLOCATED,,,,,
SLCMP1765-2060,2060,2060,583603369,2^583603369-1,STRUCTURAL_SCREEN_EXHAUSTED_PRIMALITY_UNASSIGNED,GF3A_DIRECTIONAL_WRITE_EXHAUSTED_PRIMALITY_UNASSIGNED,513,512,512,NO_RECORDED_FACTOR_PRP_OR_LL_RESULT_AND_NO_ACTIVE_GIMPS_ASSIGNMENT,2026-08-09T04:34:14+00:00,UNALLOCATED,,,,,
SLCMP1765-2061,2061,2061,583603381,2^583603381-1,STRUCTURAL_SCREEN_EXHAUSTED_PRIMALITY_UNASSIGNED,GF3A_DIRECTIONAL_WRITE_EXHAUSTED_PRIMALITY_UNASSIGNED,513,512,512,NO_RECORDED_FACTOR_PRP_OR_LL_RESULT_AND_NO_ACTIVE_GIMPS_ASSIGNMENT,2026-08-09T04:34:14+00:00,UNALLOCATED,,,,,
SLCMP1765-2062,2062,2062,583603393,2^583603393-1,STRUCTURAL_SCREEN_EXHAUSTED_PRIMALITY_UNASSIGNED,GF3A_DIRECTIONAL_WRITE_EXHAUSTED_PRIMALITY_UNASSIGNED,513,512,512,NO_RECORDED_FACTOR_PRP_OR_LL_RESULT_AND_NO_ACTIVE_GIMPS_ASSIGNMENT,2026-08-09T04:34:14+00:00,UNALLOCATED,,,,,
SLCMP1765-2063,2063,2063,583603513,2^583603513-1,STRUCTURAL_SCREEN_EXHAUSTED_PRIMALITY_UNASSIGNED,GF3A_DIRECTIONAL_WRITE_EXHAUSTED_PRIMALITY_UNASSIGNED,513,512,512,NO_RECORDED_FACTOR_PRP_OR_LL_RESULT_AND_NO_ACTIVE_GIMPS_ASSIGNMENT,2026-08-09T04:34:14+00:00,UNALLOCATED,,,,,
SLCMP1765-2064,2064,2064,583603543,2^583603543-1,STRUCTURAL_SCREEN_EXHAUSTED_PRIMALITY_UNASSIGNED,GF3A_DIRECTIONAL_WRITE_EXHAUSTED_PRIMALITY_UNASSIGNED,514,512,512,NO_RECORDED_FACTOR_PRP_OR_LL_RESULT_AND_NO_ACTIVE_GIMPS_ASSIGNMENT,2026-08-09T04:34:14+00:00,UNALLOCATED,,,,,
SLCMP1765-2065,2065,2065,583603571,2^583603571-1,STRUCTURAL_SCREEN_EXHAUSTED_PRIMALITY_UNASSIGNED,GF3A_DIRECTIONAL_WRITE_EXHAUSTED_PRIMALITY_UNASSIGNED,514,512,512,NO_RECORDED_FACTOR_PRP_OR_LL_RESULT_AND_NO_ACTIVE_GIMPS_ASSIGNMENT,2026-08-09T04:34:14+00:00,UNALLOCATED,,,,,
SLCMP1765-2066,2066,2066,583603589,2^583603589-1,STRUCTURAL_SCREEN_EXHAUSTED_PRIMALITY_UNASSIGNED,GF3A_DIRECTIONAL_WRITE_EXHAUSTED_PRIMALITY_UNASSIGNED,513,512,512,NO_RECORDED_FACTOR_PRP_OR_LL_RESULT_AND_NO_ACTIVE_GIMPS_ASSIGNMENT,2026-08-09T04:34:14+00:00,UNALLOCATED,,,,,
SLCMP1765-2067,2067,2067,583603637,2^583603637-1,STRUCTURAL_SCREEN_EXHAUSTED_PRIMALITY_UNASSIGNED,GF3A_DIRECTIONAL_WRITE_EXHAUSTED_PRIMALITY_UNASSIGNED,513,512,512,NO_RECORDED_FACTOR_PRP_OR_LL_RESULT_AND_NO_ACTIVE_GIMPS_ASSIGNMENT,2026-08-09T04:34:14+00:00,UNALLOCATED,,,,,
SLCMP1765-2068,2068,2068,583603673,2^583603673-1,STRUCTURAL_SCREEN_EXHAUSTED_PRIMALITY_UNASSIGNED,GF3A_DIRECTIONAL_WRITE_EXHAUSTED_PRIMALITY_UNASSIGNED,513,512,512,NO_RECORDED_FACTOR_PRP_OR_LL_RESULT_AND_NO_ACTIVE_GIMPS_ASSIGNMENT,2026-08-09T04:34:14+00:00,UNALLOCATED,,,,,
SLCMP1765-2069,2069,2069,583603847,2^583603847-1,STRUCTURAL_SCREEN_EXHAUSTED_PRIMALITY_UNASSIGNED,GF3A_DIRECTIONAL_WRITE_EXHAUSTED_PRIMALITY_UNASSIGNED,514,512,512,NO_RECORDED_FACTOR_PRP_OR_LL_RESULT_AND_NO_ACTIVE_GIMPS_ASSIGNMENT,2026-08-09T04:34:14+00:00,UNALLOCATED,,,,,
SLCMP1765-2070,2070,2070,583603877,2^583603877-1,STRUCTURAL_SCREEN_EXHAUSTED_PRIMALITY_UNASSIGNED,GF3A_DIRECTIONAL_WRITE_EXHAUSTED_PRIMALITY_UNASSIGNED,513,512,512,NO_RECORDED_FACTOR_PRP_OR_LL_RESULT_AND_NO_ACTIVE_GIMPS_ASSIGNMENT,2026-08-09T04:34:14+00:00,UNALLOCATED,,,,,
SLCMP1765-2071,2071,2071,583603901,2^583603901-1,STRUCTURAL_SCREEN_EXHAUSTED_PRIMALITY_UNASSIGNED,GF3A_DIRECTIONAL_WRITE_EXHAUSTED_PRIMALITY_UNASSIGNED,513,512,512,NO_RECORDED_FACTOR_PRP_OR_LL_RESULT_AND_NO_ACTIVE_GIMPS_ASSIGNMENT,2026-08-09T04:34:14+00:00,UNALLOCATED,,,,,
SLCMP1765-2072,2072,2072,583603907,2^583603907-1,STRUCTURAL_SCREEN_EXHAUSTED_PRIMALITY_UNASSIGNED,GF3A_DIRECTIONAL_WRITE_EXHAUSTED_PRIMALITY_UNASSIGNED,514,512,512,NO_RECORDED_FACTOR_PRP_OR_LL_RESULT_AND_NO_ACTIVE_GIMPS_ASSIGNMENT,2026-08-09T04:34:14+00:00,UNALLOCATED,,,,,
SLCMP1765-2073,2073,2073,583603961,2^583603961-1,STRUCTURAL_SCREEN_EXHAUSTED_PRIMALITY_UNASSIGNED,GF3A_DIRECTIONAL_WRITE_EXHAUSTED_PRIMALITY_UNASSIGNED,513,512,512,NO_RECORDED_FACTOR_PRP_OR_LL_RESULT_AND_NO_ACTIVE_GIMPS_ASSIGNMENT,2026-08-09T04:34:14+00:00,UNALLOCATED,,,,,
SLCMP1765-2074,2074,2074,583603967,2^583603967-1,STRUCTURAL_SCREEN_EXHAUSTED_PRIMALITY_UNASSIGNED,GF3A_DIRECTIONAL_WRITE_EXHAUSTED_PRIMALITY_UNASSIGNED,514,512,512,NO_RECORDED_FACTOR_PRP_OR_LL_RESULT_AND_NO_ACTIVE_GIMPS_ASSIGNMENT,2026-08-09T04:34:14+00:00,UNALLOCATED,,,,,
SLCMP1765-2075,2075,2075,583604137,2^583604137-1,STRUCTURAL_SCREEN_EXHAUSTED_PRIMALITY_UNASSIGNED,GF3A_DIRECTIONAL_WRITE_EXHAUSTED_PRIMALITY_UNASSIGNED,513,512,512,NO_RECORDED_FACTOR_PRP_OR_LL_RESULT_AND_NO_ACTIVE_GIMPS_ASSIGNMENT,2026-08-09T04:34:14+00:00,UNALLOCATED,,,,,
SLCMP1765-2076,2076,2076,583604143,2^583604143-1,STRUCTURAL_SCREEN_EXHAUSTED_PRIMALITY_UNASSIGNED,GF3A_DIRECTIONAL_WRITE_EXHAUSTED_PRIMALITY_UNASSIGNED,514,512,512,NO_RECORDED_FACTOR_PRP_OR_LL_RESULT_AND_NO_ACTIVE_GIMPS_ASSIGNMENT,2026-08-09T04:34:14+00:00,UNALLOCATED,,,,,
SLCMP1765-2077,2077,2077,583604201,2^583604201-1,STRUCTURAL_SCREEN_EXHAUSTED_PRIMALITY_UNASSIGNED,GF3A_DIRECTIONAL_WRITE_EXHAUSTED_PRIMALITY_UNASSIGNED,513,512,512,NO_RECORDED_FACTOR_PRP_OR_LL_RESULT_AND_NO_ACTIVE_GIMPS_ASSIGNMENT,2026-08-09T04:34:14+00:00,UNALLOCATED,,,,,
SLCMP1765-2078,2078,2078,583604321,2^583604321-1,STRUCTURAL_SCREEN_EXHAUSTED_PRIMALITY_UNASSIGNED,GF3A_DIRECTIONAL_WRITE_EXHAUSTED_PRIMALITY_UNASSIGNED,513,512,512,NO_RECORDED_FACTOR_PRP_OR_LL_RESULT_AND_NO_ACTIVE_GIMPS_ASSIGNMENT,2026-08-09T04:34:14+00:00,UNALLOCATED,,,,,
SLCMP1765-2079,2079,2079,583604533,2^583604533-1,STRUCTURAL_SCREEN_EXHAUSTED_PRIMALITY_UNASSIGNED,GF3A_DIRECTIONAL_WRITE_EXHAUSTED_PRIMALITY_UNASSIGNED,513,512,512,NO_RECORDED_FACTOR_PRP_OR_LL_RESULT_AND_NO_ACTIVE_GIMPS_ASSIGNMENT,2026-08-09T04:34:14+00:00,UNALLOCATED,,,,,
SLCMP1765-2080,2080,2080,583604587,2^583604587-1,STRUCTURAL_SCREEN_EXHAUSTED_PRIMALITY_UNASSIGNED,GF3A_DIRECTIONAL_WRITE_EXHAUSTED_PRIMALITY_UNASSIGNED,514,512,512,NO_RECORDED_FACTOR_PRP_OR_LL_RESULT_AND_NO_ACTIVE_GIMPS_ASSIGNMENT,2026-08-09T04:34:14+00:00,UNALLOCATED,,,,,
SLCMP1765-2081,2081,2081,583604597,2^583604597-1,STRUCTURAL_SCREEN_EXHAUSTED_PRIMALITY_UNASSIGNED,GF3A_DIRECTIONAL_WRITE_EXHAUSTED_PRIMALITY_UNASSIGNED,513,512,512,NO_RECORDED_FACTOR_PRP_OR_LL_RESULT_AND_NO_ACTIVE_GIMPS_ASSIGNMENT,2026-08-09T04:34:14+00:00,UNALLOCATED,,,,,
SLCMP1765-2082,2082,2082,583604657,2^583604657-1,STRUCTURAL_SCREEN_EXHAUSTED_PRIMALITY_UNASSIGNED,GF3A_DIRECTIONAL_WRITE_EXHAUSTED_PRIMALITY_UNASSIGNED,513,512,512,NO_RECORDED_FACTOR_PRP_OR_LL_RESULT_AND_NO_ACTIVE_GIMPS_ASSIGNMENT,2026-08-09T04:34:14+00:00,UNALLOCATED,,,,,
SLCMP1765-2083,2083,2083,583604699,2^583604699-1,STRUCTURAL_SCREEN_EXHAUSTED_PRIMALITY_UNASSIGNED,GF3A_DIRECTIONAL_WRITE_EXHAUSTED_PRIMALITY_UNASSIGNED,514,512,512,NO_RECORDED_FACTOR_PRP_OR_LL_RESULT_AND_NO_ACTIVE_GIMPS_ASSIGNMENT,2026-08-09T04:34:14+00:00,UNALLOCATED,,,,,
SLCMP1765-2084,2084,2084,583604743,2^583604743-1,STRUCTURAL_SCREEN_EXHAUSTED_PRIMALITY_UNASSIGNED,GF3A_DIRECTIONAL_WRITE_EXHAUSTED_PRIMALITY_UNASSIGNED,514,512,512,NO_RECORDED_FACTOR_PRP_OR_LL_RESULT_AND_NO_ACTIVE_GIMPS_ASSIGNMENT,2026-08-09T04:34:14+00:00,UNALLOCATED,,,,,
SLCMP1765-2085,2085,2085,583604809,2^583604809-1,STRUCTURAL_SCREEN_EXHAUSTED_PRIMALITY_UNASSIGNED,GF3A_DIRECTIONAL_WRITE_EXHAUSTED_PRIMALITY_UNASSIGNED,513,512,512,NO_RECORDED_FACTOR_PRP_OR_LL_RESULT_AND_NO_ACTIVE_GIMPS_ASSIGNMENT,2026-08-09T04:34:14+00:00,UNALLOCATED,,,,,
SLCMP1765-2086,2086,2086,583604911,2^583604911-1,STRUCTURAL_SCREEN_EXHAUSTED_PRIMALITY_UNASSIGNED,GF3A_DIRECTIONAL_WRITE_EXHAUSTED_PRIMALITY_UNASSIGNED,514,512,512,NO_RECORDED_FACTOR_PRP_OR_LL_RESULT_AND_NO_ACTIVE_GIMPS_ASSIGNMENT,2026-08-09T04:34:14+00:00,UNALLOCATED,,,,,
SLCMP1765-2087,2087,2087,583604927,2^583604927-1,STRUCTURAL_SCREEN_EXHAUSTED_PRIMALITY_UNASSIGNED,GF3A_DIRECTIONAL_WRITE_EXHAUSTED_PRIMALITY_UNASSIGNED,514,512,512,NO_RECORDED_FACTOR_PRP_OR_LL_RESULT_AND_NO_ACTIVE_GIMPS_ASSIGNMENT,2026-08-09T04:34:14+00:00,UNALLOCATED,,,,,
SLCMP1765-2088,2088,2088,583604933,2^583604933-1,STRUCTURAL_SCREEN_EXHAUSTED_PRIMALITY_UNASSIGNED,GF3A_DIRECTIONAL_WRITE_EXHAUSTED_PRIMALITY_UNASSIGNED,513,512,512,NO_RECORDED_FACTOR_PRP_OR_LL_RESULT_AND_NO_ACTIVE_GIMPS_ASSIGNMENT,2026-08-09T04:34:14+00:00,UNALLOCATED,,,,,
SLCMP1765-2089,2089,2089,583604941,2^583604941-1,STRUCTURAL_SCREEN_EXHAUSTED_PRIMALITY_UNASSIGNED,GF3A_DIRECTIONAL_WRITE_EXHAUSTED_PRIMALITY_UNASSIGNED,513,512,512,NO_RECORDED_FACTOR_PRP_OR_LL_RESULT_AND_NO_ACTIVE_GIMPS_ASSIGNMENT,2026-08-09T04:34:14+00:00,UNALLOCATED,,,,,
SLCMP1765-2090,2090,2090,583605091,2^583605091-1,STRUCTURAL_SCREEN_EXHAUSTED_PRIMALITY_UNASSIGNED,GF3A_DIRECTIONAL_WRITE_EXHAUSTED_PRIMALITY_UNASSIGNED,514,512,512,NO_RECORDED_FACTOR_PRP_OR_LL_RESULT_AND_NO_ACTIVE_GIMPS_ASSIGNMENT,2026-08-09T04:34:14+00:00,UNALLOCATED,,,,,
SLCMP1765-2091,2091,2091,583605203,2^583605203-1,STRUCTURAL_SCREEN_EXHAUSTED_PRIMALITY_UNASSIGNED,GF3A_DIRECTIONAL_WRITE_EXHAUSTED_PRIMALITY_UNASSIGNED,514,512,512,NO_RECORDED_FACTOR_PRP_OR_LL_RESULT_AND_NO_ACTIVE_GIMPS_ASSIGNMENT,2026-08-09T04:34:14+00:00,UNALLOCATED,,,,,
SLCMP1765-2092,2092,2092,583605241,2^583605241-1,STRUCTURAL_SCREEN_EXHAUSTED_PRIMALITY_UNASSIGNED,GF3A_DIRECTIONAL_WRITE_EXHAUSTED_PRIMALITY_UNASSIGNED,513,512,512,NO_RECORDED_FACTOR_PRP_OR_LL_RESULT_AND_NO_ACTIVE_GIMPS_ASSIGNMENT,2026-08-09T04:34:14+00:00,UNALLOCATED,,,,,
SLCMP1765-2093,2093,2093,583605391,2^583605391-1,STRUCTURAL_SCREEN_EXHAUSTED_PRIMALITY_UNASSIGNED,GF3A_DIRECTIONAL_WRITE_EXHAUSTED_PRIMALITY_UNASSIGNED,514,512,512,NO_RECORDED_FACTOR_PRP_OR_LL_RESULT_AND_NO_ACTIVE_GIMPS_ASSIGNMENT,2026-08-09T04:34:14+00:00,UNALLOCATED,,,,,
SLCMP1765-2094,2094,2094,583605413,2^583605413-1,STRUCTURAL_SCREEN_EXHAUSTED_PRIMALITY_UNASSIGNED,GF3A_DIRECTIONAL_WRITE_EXHAUSTED_PRIMALITY_UNASSIGNED,513,512,512,NO_RECORDED_FACTOR_PRP_OR_LL_RESULT_AND_NO_ACTIVE_GIMPS_ASSIGNMENT,2026-08-09T04:34:14+00:00,UNALLOCATED,,,,,
SLCMP1765-2095,2095,2095,583605437,2^583605437-1,STRUCTURAL_SCREEN_EXHAUSTED_PRIMALITY_UNASSIGNED,GF3A_DIRECTIONAL_WRITE_EXHAUSTED_PRIMALITY_UNASSIGNED,513,512,512,NO_RECORDED_FACTOR_PRP_OR_LL_RESULT_AND_NO_ACTIVE_GIMPS_ASSIGNMENT,2026-08-09T04:34:14+00:00,UNALLOCATED,,,,,
SLCMP1765-2096,2096,2096,583605637,2^583605637-1,STRUCTURAL_SCREEN_EXHAUSTED_PRIMALITY_UNASSIGNED,GF3A_DIRECTIONAL_WRITE_EXHAUSTED_PRIMALITY_UNASSIGNED,513,512,512,NO_RECORDED_FACTOR_PRP_OR_LL_RESULT_AND_NO_ACTIVE_GIMPS_ASSIGNMENT,2026-08-09T04:34:14+00:00,UNALLOCATED,,,,,
SLCMP1765-2097,2097,2097,583605667,2^583605667-1,STRUCTURAL_SCREEN_EXHAUSTED_PRIMALITY_UNASSIGNED,GF3A_DIRECTIONAL_WRITE_EXHAUSTED_PRIMALITY_UNASSIGNED,514,512,512,NO_RECORDED_FACTOR_PRP_OR_LL_RESULT_AND_NO_ACTIVE_GIMPS_ASSIGNMENT,2026-08-09T04:34:14+00:00,UNALLOCATED,,,,,
SLCMP1765-2098,2098,2098,583605677,2^583605677-1,STRUCTURAL_SCREEN_EXHAUSTED_PRIMALITY_UNASSIGNED,GF3A_DIRECTIONAL_WRITE_EXHAUSTED_PRIMALITY_UNASSIGNED,513,512,512,NO_RECORDED_FACTOR_PRP_OR_LL_RESULT_AND_NO_ACTIVE_GIMPS_ASSIGNMENT,2026-08-09T04:34:14+00:00,UNALLOCATED,,,,,
SLCMP1765-2099,2099,2099,583605779,2^583605779-1,STRUCTURAL_SCREEN_EXHAUSTED_PRIMALITY_UNASSIGNED,GF3A_DIRECTIONAL_WRITE_EXHAUSTED_PRIMALITY_UNASSIGNED,514,512,512,NO_RECORDED_FACTOR_PRP_OR_LL_RESULT_AND_NO_ACTIVE_GIMPS_ASSIGNMENT,2026-08-09T04:34:14+00:00,UNALLOCATED,,,,,
SLCMP1765-2100,2100,2100,583605823,2^583605823-1,STRUCTURAL_SCREEN_EXHAUSTED_PRIMALITY_UNASSIGNED,GF3A_DIRECTIONAL_WRITE_EXHAUSTED_PRIMALITY_UNASSIGNED,514,512,512,NO_RECORDED_FACTOR_PRP_OR_LL_RESULT_AND_NO_ACTIVE_GIMPS_ASSIGNMENT,2026-08-09T04:34:14+00:00,UNALLOCATED,,,,,
SLCMP1765-2101,2101,2101,583605851,2^583605851-1,STRUCTURAL_SCREEN_EXHAUSTED_PRIMALITY_UNASSIGNED,GF3A_DIRECTIONAL_WRITE_EXHAUSTED_PRIMALITY_UNASSIGNED,514,512,512,NO_RECORDED_FACTOR_PRP_OR_LL_RESULT_AND_NO_ACTIVE_GIMPS_ASSIGNMENT,2026-08-09T04:34:14+00:00,UNALLOCATED,,,,,
SLCMP1765-2102,2102,2102,583605853,2^583605853-1,STRUCTURAL_SCREEN_EXHAUSTED_PRIMALITY_UNASSIGNED,GF3A_DIRECTIONAL_WRITE_EXHAUSTED_PRIMALITY_UNASSIGNED,513,512,512,NO_RECORDED_FACTOR_PRP_OR_LL_RESULT_AND_NO_ACTIVE_GIMPS_ASSIGNMENT,2026-08-09T04:34:14+00:00,UNALLOCATED,,,,,
SLCMP1765-2103,2103,2103,583605929,2^583605929-1,STRUCTURAL_SCREEN_EXHAUSTED_PRIMALITY_UNASSIGNED,GF3A_DIRECTIONAL_WRITE_EXHAUSTED_PRIMALITY_UNASSIGNED,513,512,512,NO_RECORDED_FACTOR_PRP_OR_LL_RESULT_AND_NO_ACTIVE_GIMPS_ASSIGNMENT,2026-08-09T04:34:14+00:00,UNALLOCATED,,,,,
SLCMP1765-2104,2104,2104,583606027,2^583606027-1,STRUCTURAL_SCREEN_EXHAUSTED_PRIMALITY_UNASSIGNED,GF3A_DIRECTIONAL_WRITE_EXHAUSTED_PRIMALITY_UNASSIGNED,514,512,512,NO_RECORDED_FACTOR_PRP_OR_LL_RESULT_AND_NO_ACTIVE_GIMPS_ASSIGNMENT,2026-08-09T04:34:14+00:00,UNALLOCATED,,,,,
SLCMP1765-2105,2105,2105,583606057,2^583606057-1,STRUCTURAL_SCREEN_EXHAUSTED_PRIMALITY_UNASSIGNED,GF3A_DIRECTIONAL_WRITE_EXHAUSTED_PRIMALITY_UNASSIGNED,513,512,512,NO_RECORDED_FACTOR_PRP_OR_LL_RESULT_AND_NO_ACTIVE_GIMPS_ASSIGNMENT,2026-08-09T04:34:14+00:00,UNALLOCATED,,,,,
SLCMP1765-2106,2106,2106,583606123,2^583606123-1,STRUCTURAL_SCREEN_EXHAUSTED_PRIMALITY_UNASSIGNED,GF3A_DIRECTIONAL_WRITE_EXHAUSTED_PRIMALITY_UNASSIGNED,514,512,512,NO_RECORDED_FACTOR_PRP_OR_LL_RESULT_AND_NO_ACTIVE_GIMPS_ASSIGNMENT,2026-08-09T04:34:14+00:00,UNALLOCATED,,,,,
SLCMP1765-2107,2107,2107,583606129,2^583606129-1,STRUCTURAL_SCREEN_EXHAUSTED_PRIMALITY_UNASSIGNED,GF3A_DIRECTIONAL_WRITE_EXHAUSTED_PRIMALITY_UNASSIGNED,513,512,512,NO_RECORDED_FACTOR_PRP_OR_LL_RESULT_AND_NO_ACTIVE_GIMPS_ASSIGNMENT,2026-08-09T04:34:14+00:00,UNALLOCATED,,,,,
SLCMP1765-2108,2108,2108,583606201,2^583606201-1,STRUCTURAL_SCREEN_EXHAUSTED_PRIMALITY_UNASSIGNED,GF3A_DIRECTIONAL_WRITE_EXHAUSTED_PRIMALITY_UNASSIGNED,513,512,512,NO_RECORDED_FACTOR_PRP_OR_LL_RESULT_AND_NO_ACTIVE_GIMPS_ASSIGNMENT,2026-08-09T04:34:14+00:00,UNALLOCATED,,,,,
SLCMP1765-2109,2109,2109,583606249,2^583606249-1,STRUCTURAL_SCREEN_EXHAUSTED_PRIMALITY_UNASSIGNED,GF3A_DIRECTIONAL_WRITE_EXHAUSTED_PRIMALITY_UNASSIGNED,513,512,512,NO_RECORDED_FACTOR_PRP_OR_LL_RESULT_AND_NO_ACTIVE_GIMPS_ASSIGNMENT,2026-08-09T04:34:14+00:00,UNALLOCATED,,,,,
SLCMP1765-2110,2110,2110,583606273,2^583606273-1,STRUCTURAL_SCREEN_EXHAUSTED_PRIMALITY_UNASSIGNED,GF3A_DIRECTIONAL_WRITE_EXHAUSTED_PRIMALITY_UNASSIGNED,513,512,512,NO_RECORDED_FACTOR_PRP_OR_LL_RESULT_AND_NO_ACTIVE_GIMPS_ASSIGNMENT,2026-08-09T04:34:14+00:00,UNALLOCATED,,,,,
SLCMP1765-2111,2111,2111,583606319,2^583606319-1,STRUCTURAL_SCREEN_EXHAUSTED_PRIMALITY_UNASSIGNED,GF3A_DIRECTIONAL_WRITE_EXHAUSTED_PRIMALITY_UNASSIGNED,514,512,512,NO_RECORDED_FACTOR_PRP_OR_LL_RESULT_AND_NO_ACTIVE_GIMPS_ASSIGNMENT,2026-08-09T04:34:14+00:00,UNALLOCATED,,,,,
SLCMP1765-2112,2112,2112,583606333,2^583606333-1,STRUCTURAL_SCREEN_EXHAUSTED_PRIMALITY_UNASSIGNED,GF3A_DIRECTIONAL_WRITE_EXHAUSTED_PRIMALITY_UNASSIGNED,513,512,512,NO_RECORDED_FACTOR_PRP_OR_LL_RESULT_AND_NO_ACTIVE_GIMPS_ASSIGNMENT,2026-08-09T04:34:14+00:00,UNALLOCATED,,,,,
SLCMP1765-2113,2113,2113,583606613,2^583606613-1,STRUCTURAL_SCREEN_EXHAUSTED_PRIMALITY_UNASSIGNED,GF3A_DIRECTIONAL_WRITE_EXHAUSTED_PRIMALITY_UNASSIGNED,513,512,512,NO_RECORDED_FACTOR_PRP_OR_LL_RESULT_AND_NO_ACTIVE_GIMPS_ASSIGNMENT,2026-08-09T04:34:14+00:00,UNALLOCATED,,,,,
SLCMP1765-2114,2114,2114,583606721,2^583606721-1,STRUCTURAL_SCREEN_EXHAUSTED_PRIMALITY_UNASSIGNED,GF3A_DIRECTIONAL_WRITE_EXHAUSTED_PRIMALITY_UNASSIGNED,513,512,512,NO_RECORDED_FACTOR_PRP_OR_LL_RESULT_AND_NO_ACTIVE_GIMPS_ASSIGNMENT,2026-08-09T04:34:14+00:00,UNALLOCATED,,,,,
SLCMP1765-2115,2115,2115,583606747,2^583606747-1,STRUCTURAL_SCREEN_EXHAUSTED_PRIMALITY_UNASSIGNED,GF3A_DIRECTIONAL_WRITE_EXHAUSTED_PRIMALITY_UNASSIGNED,514,512,512,NO_RECORDED_FACTOR_PRP_OR_LL_RESULT_AND_NO_ACTIVE_GIMPS_ASSIGNMENT,2026-08-09T04:34:14+00:00,UNALLOCATED,,,,,
SLCMP1765-2116,2116,2116,583606873,2^583606873-1,STRUCTURAL_SCREEN_EXHAUSTED_PRIMALITY_UNASSIGNED,GF3A_DIRECTIONAL_WRITE_EXHAUSTED_PRIMALITY_UNASSIGNED,513,512,512,NO_RECORDED_FACTOR_PRP_OR_LL_RESULT_AND_NO_ACTIVE_GIMPS_ASSIGNMENT,2026-08-09T04:34:14+00:00,UNALLOCATED,,,,,
SLCMP1765-2117,2117,2117,583606963,2^583606963-1,STRUCTURAL_SCREEN_EXHAUSTED_PRIMALITY_UNASSIGNED,GF3A_DIRECTIONAL_WRITE_EXHAUSTED_PRIMALITY_UNASSIGNED,514,512,512,NO_RECORDED_FACTOR_PRP_OR_LL_RESULT_AND_NO_ACTIVE_GIMPS_ASSIGNMENT,2026-08-09T04:34:14+00:00,UNALLOCATED,,,,,
SLCMP1765-2118,2118,2118,583607077,2^583607077-1,STRUCTURAL_SCREEN_EXHAUSTED_PRIMALITY_UNASSIGNED,GF3A_DIRECTIONAL_WRITE_EXHAUSTED_PRIMALITY_UNASSIGNED,513,512,512,NO_RECORDED_FACTOR_PRP_OR_LL_RESULT_AND_NO_ACTIVE_GIMPS_ASSIGNMENT,2026-08-09T04:34:14+00:00,UNALLOCATED,,,,,
SLCMP1765-2119,2119,2119,583607317,2^583607317-1,STRUCTURAL_SCREEN_EXHAUSTED_PRIMALITY_UNASSIGNED,GF3A_DIRECTIONAL_WRITE_EXHAUSTED_PRIMALITY_UNASSIGNED,513,512,512,NO_RECORDED_FACTOR_PRP_OR_LL_RESULT_AND_NO_ACTIVE_GIMPS_ASSIGNMENT,2026-08-09T04:34:14+00:00,UNALLOCATED,,,,,
SLCMP1765-2120,2120,2120,583607383,2^583607383-1,STRUCTURAL_SCREEN_EXHAUSTED_PRIMALITY_UNASSIGNED,GF3A_DIRECTIONAL_WRITE_EXHAUSTED_PRIMALITY_UNASSIGNED,514,512,512,NO_RECORDED_FACTOR_PRP_OR_LL_RESULT_AND_NO_ACTIVE_GIMPS_ASSIGNMENT,2026-08-09T04:34:14+00:00,UNALLOCATED,,,,,
SLCMP1765-2121,2121,2121,583607627,2^583607627-1,STRUCTURAL_SCREEN_EXHAUSTED_PRIMALITY_UNASSIGNED,GF3A_DIRECTIONAL_WRITE_EXHAUSTED_PRIMALITY_UNASSIGNED,514,512,512,NO_RECORDED_FACTOR_PRP_OR_LL_RESULT_AND_NO_ACTIVE_GIMPS_ASSIGNMENT,2026-08-09T04:34:14+00:00,UNALLOCATED,,,,,
SLCMP1765-2122,2122,2122,583607657,2^583607657-1,STRUCTURAL_SCREEN_EXHAUSTED_PRIMALITY_UNASSIGNED,GF3A_DIRECTIONAL_WRITE_EXHAUSTED_PRIMALITY_UNASSIGNED,513,512,512,NO_RECORDED_FACTOR_PRP_OR_LL_RESULT_AND_NO_ACTIVE_GIMPS_ASSIGNMENT,2026-08-09T04:34:14+00:00,UNALLOCATED,,,,,
SLCMP1765-2123,2123,2123,583607663,2^583607663-1,STRUCTURAL_SCREEN_EXHAUSTED_PRIMALITY_UNASSIGNED,GF3A_DIRECTIONAL_WRITE_EXHAUSTED_PRIMALITY_UNASSIGNED,514,512,512,NO_RECORDED_FACTOR_PRP_OR_LL_RESULT_AND_NO_ACTIVE_GIMPS_ASSIGNMENT,2026-08-09T04:34:14+00:00,UNALLOCATED,,,,,
SLCMP1765-2124,2124,2124,583607741,2^583607741-1,STRUCTURAL_SCREEN_EXHAUSTED_PRIMALITY_UNASSIGNED,GF3A_DIRECTIONAL_WRITE_EXHAUSTED_PRIMALITY_UNASSIGNED,513,512,512,NO_RECORDED_FACTOR_PRP_OR_LL_RESULT_AND_NO_ACTIVE_GIMPS_ASSIGNMENT,2026-08-09T04:34:14+00:00,UNALLOCATED,,,,,
SLCMP1765-2125,2125,2125,583607797,2^583607797-1,STRUCTURAL_SCREEN_EXHAUSTED_PRIMALITY_UNASSIGNED,GF3A_DIRECTIONAL_WRITE_EXHAUSTED_PRIMALITY_UNASSIGNED,513,512,512,NO_RECORDED_FACTOR_PRP_OR_LL_RESULT_AND_NO_ACTIVE_GIMPS_ASSIGNMENT,2026-08-09T04:34:14+00:00,UNALLOCATED,,,,,
SLCMP1765-2126,2126,2126,583607851,2^583607851-1,STRUCTURAL_SCREEN_EXHAUSTED_PRIMALITY_UNASSIGNED,GF3A_DIRECTIONAL_WRITE_EXHAUSTED_PRIMALITY_UNASSIGNED,514,512,512,NO_RECORDED_FACTOR_PRP_OR_LL_RESULT_AND_NO_ACTIVE_GIMPS_ASSIGNMENT,2026-08-09T04:34:14+00:00,UNALLOCATED,,,,,
SLCMP1765-2127,2127,2127,583607929,2^583607929-1,STRUCTURAL_SCREEN_EXHAUSTED_PRIMALITY_UNASSIGNED,GF3A_DIRECTIONAL_WRITE_EXHAUSTED_PRIMALITY_UNASSIGNED,513,512,512,NO_RECORDED_FACTOR_PRP_OR_LL_RESULT_AND_NO_ACTIVE_GIMPS_ASSIGNMENT,2026-08-09T04:34:14+00:00,UNALLOCATED,,,,,
SLCMP1765-2128,2128,2128,583607987,2^583607987-1,STRUCTURAL_SCREEN_EXHAUSTED_PRIMALITY_UNASSIGNED,GF3A_DIRECTIONAL_WRITE_EXHAUSTED_PRIMALITY_UNASSIGNED,514,512,512,NO_RECORDED_FACTOR_PRP_OR_LL_RESULT_AND_NO_ACTIVE_GIMPS_ASSIGNMENT,2026-08-09T04:34:14+00:00,UNALLOCATED,,,,,
SLCMP1765-2129,2129,2129,583608007,2^583608007-1,STRUCTURAL_SCREEN_EXHAUSTED_PRIMALITY_UNASSIGNED,GF3A_DIRECTIONAL_WRITE_EXHAUSTED_PRIMALITY_UNASSIGNED,514,512,512,NO_RECORDED_FACTOR_PRP_OR_LL_RESULT_AND_NO_ACTIVE_GIMPS_ASSIGNMENT,2026-08-09T04:34:14+00:00,UNALLOCATED,,,,,
SLCMP1765-2130,2130,2130,583608029,2^583608029-1,STRUCTURAL_SCREEN_EXHAUSTED_PRIMALITY_UNASSIGNED,GF3A_DIRECTIONAL_WRITE_EXHAUSTED_PRIMALITY_UNASSIGNED,513,512,512,NO_RECORDED_FACTOR_PRP_OR_LL_RESULT_AND_NO_ACTIVE_GIMPS_ASSIGNMENT,2026-08-09T04:34:14+00:00,UNALLOCATED,,,,,
SLCMP1765-2131,2131,2131,583608073,2^583608073-1,STRUCTURAL_SCREEN_EXHAUSTED_PRIMALITY_UNASSIGNED,GF3A_DIRECTIONAL_WRITE_EXHAUSTED_PRIMALITY_UNASSIGNED,513,512,512,NO_RECORDED_FACTOR_PRP_OR_LL_RESULT_AND_NO_ACTIVE_GIMPS_ASSIGNMENT,2026-08-09T04:34:14+00:00,UNALLOCATED,,,,,
SLCMP1765-2132,2132,2132,583608133,2^583608133-1,STRUCTURAL_SCREEN_EXHAUSTED_PRIMALITY_UNASSIGNED,GF3A_DIRECTIONAL_WRITE_EXHAUSTED_PRIMALITY_UNASSIGNED,513,512,512,NO_RECORDED_FACTOR_PRP_OR_LL_RESULT_AND_NO_ACTIVE_GIMPS_ASSIGNMENT,2026-08-09T04:34:14+00:00,UNALLOCATED,,,,,
SLCMP1765-2133,2133,2133,583608149,2^583608149-1,STRUCTURAL_SCREEN_EXHAUSTED_PRIMALITY_UNASSIGNED,GF3A_DIRECTIONAL_WRITE_EXHAUSTED_PRIMALITY_UNASSIGNED,513,512,512,NO_RECORDED_FACTOR_PRP_OR_LL_RESULT_AND_NO_ACTIVE_GIMPS_ASSIGNMENT,2026-08-09T04:34:14+00:00,UNALLOCATED,,,,,
SLCMP1765-2134,2134,2134,583608217,2^583608217-1,STRUCTURAL_SCREEN_EXHAUSTED_PRIMALITY_UNASSIGNED,GF3A_DIRECTIONAL_WRITE_EXHAUSTED_PRIMALITY_UNASSIGNED,513,512,512,NO_RECORDED_FACTOR_PRP_OR_LL_RESULT_AND_NO_ACTIVE_GIMPS_ASSIGNMENT,2026-08-09T04:34:14+00:00,UNALLOCATED,,,,,
SLCMP1765-2135,2135,2135,583608269,2^583608269-1,STRUCTURAL_SCREEN_EXHAUSTED_PRIMALITY_UNASSIGNED,GF3A_DIRECTIONAL_WRITE_EXHAUSTED_PRIMALITY_UNASSIGNED,513,512,512,NO_RECORDED_FACTOR_PRP_OR_LL_RESULT_AND_NO_ACTIVE_GIMPS_ASSIGNMENT,2026-08-09T04:34:14+00:00,UNALLOCATED,,,,,
SLCMP1765-2136,2136,2136,583608359,2^583608359-1,STRUCTURAL_SCREEN_EXHAUSTED_PRIMALITY_UNASSIGNED,GF3A_DIRECTIONAL_WRITE_EXHAUSTED_PRIMALITY_UNASSIGNED,514,512,512,NO_RECORDED_FACTOR_PRP_OR_LL_RESULT_AND_NO_ACTIVE_GIMPS_ASSIGNMENT,2026-08-09T04:34:14+00:00,UNALLOCATED,,,,,
SLCMP1765-2137,2137,2137,583608409,2^583608409-1,STRUCTURAL_SCREEN_EXHAUSTED_PRIMALITY_UNASSIGNED,GF3A_DIRECTIONAL_WRITE_EXHAUSTED_PRIMALITY_UNASSIGNED,513,512,512,NO_RECORDED_FACTOR_PRP_OR_LL_RESULT_AND_NO_ACTIVE_GIMPS_ASSIGNMENT,2026-08-09T04:34:14+00:00,UNALLOCATED,,,,,
SLCMP1765-2138,2138,2138,583608461,2^583608461-1,STRUCTURAL_SCREEN_EXHAUSTED_PRIMALITY_UNASSIGNED,GF3A_DIRECTIONAL_WRITE_EXHAUSTED_PRIMALITY_UNASSIGNED,513,512,512,NO_RECORDED_FACTOR_PRP_OR_LL_RESULT_AND_NO_ACTIVE_GIMPS_ASSIGNMENT,2026-08-09T04:34:14+00:00,UNALLOCATED,,,,,
SLCMP1765-2139,2139,2139,583608667,2^583608667-1,STRUCTURAL_SCREEN_EXHAUSTED_PRIMALITY_UNASSIGNED,GF3A_DIRECTIONAL_WRITE_EXHAUSTED_PRIMALITY_UNASSIGNED,514,512,512,NO_RECORDED_FACTOR_PRP_OR_LL_RESULT_AND_NO_ACTIVE_GIMPS_ASSIGNMENT,2026-08-09T04:34:14+00:00,UNALLOCATED,,,,,
SLCMP1765-2140,2140,2140,583608841,2^583608841-1,STRUCTURAL_SCREEN_EXHAUSTED_PRIMALITY_UNASSIGNED,GF3A_DIRECTIONAL_WRITE_EXHAUSTED_PRIMALITY_UNASSIGNED,513,512,512,NO_RECORDED_FACTOR_PRP_OR_LL_RESULT_AND_NO_ACTIVE_GIMPS_ASSIGNMENT,2026-08-09T04:34:14+00:00,UNALLOCATED,,,,,
SLCMP1765-2141,2141,2141,583608913,2^583608913-1,STRUCTURAL_SCREEN_EXHAUSTED_PRIMALITY_UNASSIGNED,GF3A_DIRECTIONAL_WRITE_EXHAUSTED_PRIMALITY_UNASSIGNED,513,512,512,NO_RECORDED_FACTOR_PRP_OR_LL_RESULT_AND_NO_ACTIVE_GIMPS_ASSIGNMENT,2026-08-09T04:34:14+00:00,UNALLOCATED,,,,,
SLCMP1765-2142,2142,2142,583608973,2^583608973-1,STRUCTURAL_SCREEN_EXHAUSTED_PRIMALITY_UNASSIGNED,GF3A_DIRECTIONAL_WRITE_EXHAUSTED_PRIMALITY_UNASSIGNED,513,512,512,NO_RECORDED_FACTOR_PRP_OR_LL_RESULT_AND_NO_ACTIVE_GIMPS_ASSIGNMENT,2026-08-09T04:34:14+00:00,UNALLOCATED,,,,,
SLCMP1765-2143,2143,2143,583609087,2^583609087-1,STRUCTURAL_SCREEN_EXHAUSTED_PRIMALITY_UNASSIGNED,GF3A_DIRECTIONAL_WRITE_EXHAUSTED_PRIMALITY_UNASSIGNED,514,512,512,NO_RECORDED_FACTOR_PRP_OR_LL_RESULT_AND_NO_ACTIVE_GIMPS_ASSIGNMENT,2026-08-09T04:34:14+00:00,UNALLOCATED,,,,,
SLCMP1765-2144,2144,2144,583609183,2^583609183-1,STRUCTURAL_SCREEN_EXHAUSTED_PRIMALITY_UNASSIGNED,GF3A_DIRECTIONAL_WRITE_EXHAUSTED_PRIMALITY_UNASSIGNED,514,512,512,NO_RECORDED_FACTOR_PRP_OR_LL_RESULT_AND_NO_ACTIVE_GIMPS_ASSIGNMENT,2026-08-09T04:34:14+00:00,UNALLOCATED,,,,,
SLCMP1765-2145,2145,2145,583609207,2^583609207-1,STRUCTURAL_SCREEN_EXHAUSTED_PRIMALITY_UNASSIGNED,GF3A_DIRECTIONAL_WRITE_EXHAUSTED_PRIMALITY_UNASSIGNED,514,512,512,NO_RECORDED_FACTOR_PRP_OR_LL_RESULT_AND_NO_ACTIVE_GIMPS_ASSIGNMENT,2026-08-09T04:34:14+00:00,UNALLOCATED,,,,,
SLCMP1765-2146,2146,2146,583609381,2^583609381-1,STRUCTURAL_SCREEN_EXHAUSTED_PRIMALITY_UNASSIGNED,GF3A_DIRECTIONAL_WRITE_EXHAUSTED_PRIMALITY_UNASSIGNED,513,512,512,NO_RECORDED_FACTOR_PRP_OR_LL_RESULT_AND_NO_ACTIVE_GIMPS_ASSIGNMENT,2026-08-09T04:34:14+00:00,UNALLOCATED,,,,,
SLCMP1765-2147,2147,2147,583609483,2^583609483-1,STRUCTURAL_SCREEN_EXHAUSTED_PRIMALITY_UNASSIGNED,GF3A_DIRECTIONAL_WRITE_EXHAUSTED_PRIMALITY_UNASSIGNED,514,512,512,NO_RECORDED_FACTOR_PRP_OR_LL_RESULT_AND_NO_ACTIVE_GIMPS_ASSIGNMENT,2026-08-09T04:34:14+00:00,UNALLOCATED,,,,,
SLCMP1765-2148,2148,2148,583609501,2^583609501-1,STRUCTURAL_SCREEN_EXHAUSTED_PRIMALITY_UNASSIGNED,GF3A_DIRECTIONAL_WRITE_EXHAUSTED_PRIMALITY_UNASSIGNED,513,512,512,NO_RECORDED_FACTOR_PRP_OR_LL_RESULT_AND_NO_ACTIVE_GIMPS_ASSIGNMENT,2026-08-09T04:34:14+00:00,UNALLOCATED,,,,,
SLCMP1765-2149,2149,2149,583609549,2^583609549-1,STRUCTURAL_SCREEN_EXHAUSTED_PRIMALITY_UNASSIGNED,GF3A_DIRECTIONAL_WRITE_EXHAUSTED_PRIMALITY_UNASSIGNED,513,512,512,NO_RECORDED_FACTOR_PRP_OR_LL_RESULT_AND_NO_ACTIVE_GIMPS_ASSIGNMENT,2026-08-09T04:34:14+00:00,UNALLOCATED,,,,,
SLCMP1765-2150,2150,2150,583609573,2^583609573-1,STRUCTURAL_SCREEN_EXHAUSTED_PRIMALITY_UNASSIGNED,GF3A_DIRECTIONAL_WRITE_EXHAUSTED_PRIMALITY_UNASSIGNED,513,512,512,NO_RECORDED_FACTOR_PRP_OR_LL_RESULT_AND_NO_ACTIVE_GIMPS_ASSIGNMENT,2026-08-09T04:34:14+00:00,UNALLOCATED,,,,,
SLCMP1765-2151,2151,2151,583609583,2^583609583-1,STRUCTURAL_SCREEN_EXHAUSTED_PRIMALITY_UNASSIGNED,GF3A_DIRECTIONAL_WRITE_EXHAUSTED_PRIMALITY_UNASSIGNED,514,512,512,NO_RECORDED_FACTOR_PRP_OR_LL_RESULT_AND_NO_ACTIVE_GIMPS_ASSIGNMENT,2026-08-09T04:34:14+00:00,UNALLOCATED,,,,,
SLCMP1765-2152,2152,2152,583609771,2^583609771-1,STRUCTURAL_SCREEN_EXHAUSTED_PRIMALITY_UNASSIGNED,GF3A_DIRECTIONAL_WRITE_EXHAUSTED_PRIMALITY_UNASSIGNED,514,512,512,NO_RECORDED_FACTOR_PRP_OR_LL_RESULT_AND_NO_ACTIVE_GIMPS_ASSIGNMENT,2026-08-09T04:34:14+00:00,UNALLOCATED,,,,,
SLCMP1765-2153,2153,2153,583609799,2^583609799-1,STRUCTURAL_SCREEN_EXHAUSTED_PRIMALITY_UNASSIGNED,GF3A_DIRECTIONAL_WRITE_EXHAUSTED_PRIMALITY_UNASSIGNED,514,512,512,NO_RECORDED_FACTOR_PRP_OR_LL_RESULT_AND_NO_ACTIVE_GIMPS_ASSIGNMENT,2026-08-09T04:34:14+00:00,UNALLOCATED,,,,,
SLCMP1765-2154,2154,2154,583609823,2^583609823-1,STRUCTURAL_SCREEN_EXHAUSTED_PRIMALITY_UNASSIGNED,GF3A_DIRECTIONAL_WRITE_EXHAUSTED_PRIMALITY_UNASSIGNED,514,512,512,NO_RECORDED_FACTOR_PRP_OR_LL_RESULT_AND_NO_ACTIVE_GIMPS_ASSIGNMENT,2026-08-09T04:34:14+00:00,UNALLOCATED,,,,,
SLCMP1765-2155,2155,2155,583609853,2^583609853-1,STRUCTURAL_SCREEN_EXHAUSTED_PRIMALITY_UNASSIGNED,GF3A_DIRECTIONAL_WRITE_EXHAUSTED_PRIMALITY_UNASSIGNED,513,512,512,NO_RECORDED_FACTOR_PRP_OR_LL_RESULT_AND_NO_ACTIVE_GIMPS_ASSIGNMENT,2026-08-09T04:34:14+00:00,UNALLOCATED,,,,,
SLCMP1765-2156,2156,2156,583609861,2^583609861-1,STRUCTURAL_SCREEN_EXHAUSTED_PRIMALITY_UNASSIGNED,GF3A_DIRECTIONAL_WRITE_EXHAUSTED_PRIMALITY_UNASSIGNED,513,512,512,NO_RECORDED_FACTOR_PRP_OR_LL_RESULT_AND_NO_ACTIVE_GIMPS_ASSIGNMENT,2026-08-09T04:34:14+00:00,UNALLOCATED,,,,,
SLCMP1765-2157,2157,2157,583609903,2^583609903-1,STRUCTURAL_SCREEN_EXHAUSTED_PRIMALITY_UNASSIGNED,GF3A_DIRECTIONAL_WRITE_EXHAUSTED_PRIMALITY_UNASSIGNED,514,512,512,NO_RECORDED_FACTOR_PRP_OR_LL_RESULT_AND_NO_ACTIVE_GIMPS_ASSIGNMENT,2026-08-09T04:34:14+00:00,UNALLOCATED,,,,,
SLCMP1765-2158,2158,2158,583609969,2^583609969-1,STRUCTURAL_SCREEN_EXHAUSTED_PRIMALITY_UNASSIGNED,GF3A_DIRECTIONAL_WRITE_EXHAUSTED_PRIMALITY_UNASSIGNED,513,512,512,NO_RECORDED_FACTOR_PRP_OR_LL_RESULT_AND_NO_ACTIVE_GIMPS_ASSIGNMENT,2026-08-09T04:34:14+00:00,UNALLOCATED,,,,,
SLCMP1765-2159,2159,2159,583610003,2^583610003-1,STRUCTURAL_SCREEN_EXHAUSTED_PRIMALITY_UNASSIGNED,GF3A_DIRECTIONAL_WRITE_EXHAUSTED_PRIMALITY_UNASSIGNED,514,512,512,NO_RECORDED_FACTOR_PRP_OR_LL_RESULT_AND_NO_ACTIVE_GIMPS_ASSIGNMENT,2026-08-09T04:34:14+00:00,UNALLOCATED,,,,,
SLCMP1765-2160,2160,2160,583610033,2^583610033-1,STRUCTURAL_SCREEN_EXHAUSTED_PRIMALITY_UNASSIGNED,GF3A_DIRECTIONAL_WRITE_EXHAUSTED_PRIMALITY_UNASSIGNED,513,512,512,NO_RECORDED_FACTOR_PRP_OR_LL_RESULT_AND_NO_ACTIVE_GIMPS_ASSIGNMENT,2026-08-09T04:34:14+00:00,UNALLOCATED,,,,,
SLCMP1765-2161,2161,2161,583610077,2^583610077-1,STRUCTURAL_SCREEN_EXHAUSTED_PRIMALITY_UNASSIGNED,GF3A_DIRECTIONAL_WRITE_EXHAUSTED_PRIMALITY_UNASSIGNED,513,512,512,NO_RECORDED_FACTOR_PRP_OR_LL_RESULT_AND_NO_ACTIVE_GIMPS_ASSIGNMENT,2026-08-09T04:34:14+00:00,UNALLOCATED,,,,,
SLCMP1765-2162,2162,2162,583610117,2^583610117-1,STRUCTURAL_SCREEN_EXHAUSTED_PRIMALITY_UNASSIGNED,GF3A_DIRECTIONAL_WRITE_EXHAUSTED_PRIMALITY_UNASSIGNED,513,512,512,NO_RECORDED_FACTOR_PRP_OR_LL_RESULT_AND_NO_ACTIVE_GIMPS_ASSIGNMENT,2026-08-09T04:34:14+00:00,UNALLOCATED,,,,,
SLCMP1765-2163,2163,2163,583610227,2^583610227-1,STRUCTURAL_SCREEN_EXHAUSTED_PRIMALITY_UNASSIGNED,GF3A_DIRECTIONAL_WRITE_EXHAUSTED_PRIMALITY_UNASSIGNED,514,512,512,NO_RECORDED_FACTOR_PRP_OR_LL_RESULT_AND_NO_ACTIVE_GIMPS_ASSIGNMENT,2026-08-09T04:34:14+00:00,UNALLOCATED,,,,,
SLCMP1765-2164,2164,2164,583610329,2^583610329-1,STRUCTURAL_SCREEN_EXHAUSTED_PRIMALITY_UNASSIGNED,GF3A_DIRECTIONAL_WRITE_EXHAUSTED_PRIMALITY_UNASSIGNED,513,512,512,NO_RECORDED_FACTOR_PRP_OR_LL_RESULT_AND_NO_ACTIVE_GIMPS_ASSIGNMENT,2026-08-09T04:34:14+00:00,UNALLOCATED,,,,,
SLCMP1765-2165,2165,2165,583610341,2^583610341-1,STRUCTURAL_SCREEN_EXHAUSTED_PRIMALITY_UNASSIGNED,GF3A_DIRECTIONAL_WRITE_EXHAUSTED_PRIMALITY_UNASSIGNED,513,512,512,NO_RECORDED_FACTOR_PRP_OR_LL_RESULT_AND_NO_ACTIVE_GIMPS_ASSIGNMENT,2026-08-09T04:34:14+00:00,UNALLOCATED,,,,,
SLCMP1765-2166,2166,2166,583610383,2^583610383-1,STRUCTURAL_SCREEN_EXHAUSTED_PRIMALITY_UNASSIGNED,GF3A_DIRECTIONAL_WRITE_EXHAUSTED_PRIMALITY_UNASSIGNED,514,512,512,NO_RECORDED_FACTOR_PRP_OR_LL_RESULT_AND_NO_ACTIVE_GIMPS_ASSIGNMENT,2026-08-09T04:34:14+00:00,UNALLOCATED,,,,,
SLCMP1765-2167,2167,2167,583610407,2^583610407-1,STRUCTURAL_SCREEN_EXHAUSTED_PRIMALITY_UNASSIGNED,GF3A_DIRECTIONAL_WRITE_EXHAUSTED_PRIMALITY_UNASSIGNED,514,512,512,NO_RECORDED_FACTOR_PRP_OR_LL_RESULT_AND_NO_ACTIVE_GIMPS_ASSIGNMENT,2026-08-09T04:34:14+00:00,UNALLOCATED,,,,,
SLCMP1765-2168,2168,2168,583610437,2^583610437-1,STRUCTURAL_SCREEN_EXHAUSTED_PRIMALITY_UNASSIGNED,GF3A_DIRECTIONAL_WRITE_EXHAUSTED_PRIMALITY_UNASSIGNED,513,512,512,NO_RECORDED_FACTOR_PRP_OR_LL_RESULT_AND_NO_ACTIVE_GIMPS_ASSIGNMENT,2026-08-09T04:34:14+00:00,UNALLOCATED,,,,,
SLCMP1765-2169,2169,2169,583610449,2^583610449-1,STRUCTURAL_SCREEN_EXHAUSTED_PRIMALITY_UNASSIGNED,GF3A_DIRECTIONAL_WRITE_EXHAUSTED_PRIMALITY_UNASSIGNED,513,512,512,NO_RECORDED_FACTOR_PRP_OR_LL_RESULT_AND_NO_ACTIVE_GIMPS_ASSIGNMENT,2026-08-09T04:34:14+00:00,UNALLOCATED,,,,,
SLCMP1765-2170,2170,2170,583610453,2^583610453-1,STRUCTURAL_SCREEN_EXHAUSTED_PRIMALITY_UNASSIGNED,GF3A_DIRECTIONAL_WRITE_EXHAUSTED_PRIMALITY_UNASSIGNED,513,512,512,NO_RECORDED_FACTOR_PRP_OR_LL_RESULT_AND_NO_ACTIVE_GIMPS_ASSIGNMENT,2026-08-09T04:34:14+00:00,UNALLOCATED,,,,,
SLCMP1765-2171,2171,2171,583610497,2^583610497-1,STRUCTURAL_SCREEN_EXHAUSTED_PRIMALITY_UNASSIGNED,GF3A_DIRECTIONAL_WRITE_EXHAUSTED_PRIMALITY_UNASSIGNED,513,512,512,NO_RECORDED_FACTOR_PRP_OR_LL_RESULT_AND_NO_ACTIVE_GIMPS_ASSIGNMENT,2026-08-09T04:34:14+00:00,UNALLOCATED,,,,,
SLCMP1765-2172,2172,2172,583610567,2^583610567-1,STRUCTURAL_SCREEN_EXHAUSTED_PRIMALITY_UNASSIGNED,GF3A_DIRECTIONAL_WRITE_EXHAUSTED_PRIMALITY_UNASSIGNED,514,512,512,NO_RECORDED_FACTOR_PRP_OR_LL_RESULT_AND_NO_ACTIVE_GIMPS_ASSIGNMENT,2026-08-09T04:34:14+00:00,UNALLOCATED,,,,,
SLCMP1765-2173,2173,2173,583610569,2^583610569-1,STRUCTURAL_SCREEN_EXHAUSTED_PRIMALITY_UNASSIGNED,GF3A_DIRECTIONAL_WRITE_EXHAUSTED_PRIMALITY_UNASSIGNED,513,512,512,NO_RECORDED_FACTOR_PRP_OR_LL_RESULT_AND_NO_ACTIVE_GIMPS_ASSIGNMENT,2026-08-09T04:34:14+00:00,UNALLOCATED,,,,,
SLCMP1765-2174,2174,2174,583610641,2^583610641-1,STRUCTURAL_SCREEN_EXHAUSTED_PRIMALITY_UNASSIGNED,GF3A_DIRECTIONAL_WRITE_EXHAUSTED_PRIMALITY_UNASSIGNED,513,512,512,NO_RECORDED_FACTOR_PRP_OR_LL_RESULT_AND_NO_ACTIVE_GIMPS_ASSIGNMENT,2026-08-09T04:34:14+00:00,UNALLOCATED,,,,,
SLCMP1765-2175,2175,2175,583610773,2^583610773-1,STRUCTURAL_SCREEN_EXHAUSTED_PRIMALITY_UNASSIGNED,GF3A_DIRECTIONAL_WRITE_EXHAUSTED_PRIMALITY_UNASSIGNED,513,512,512,NO_RECORDED_FACTOR_PRP_OR_LL_RESULT_AND_NO_ACTIVE_GIMPS_ASSIGNMENT,2026-08-09T04:34:14+00:00,UNALLOCATED,,,,,
SLCMP1765-2176,2176,2176,583610827,2^583610827-1,STRUCTURAL_SCREEN_EXHAUSTED_PRIMALITY_UNASSIGNED,GF3A_DIRECTIONAL_WRITE_EXHAUSTED_PRIMALITY_UNASSIGNED,514,512,512,NO_RECORDED_FACTOR_PRP_OR_LL_RESULT_AND_NO_ACTIVE_GIMPS_ASSIGNMENT,2026-08-09T04:34:14+00:00,UNALLOCATED,,,,,
SLCMP1765-2177,2177,2177,583610861,2^583610861-1,STRUCTURAL_SCREEN_EXHAUSTED_PRIMALITY_UNASSIGNED,GF3A_DIRECTIONAL_WRITE_EXHAUSTED_PRIMALITY_UNASSIGNED,513,512,512,NO_RECORDED_FACTOR_PRP_OR_LL_RESULT_AND_NO_ACTIVE_GIMPS_ASSIGNMENT,2026-08-09T04:34:14+00:00,UNALLOCATED,,,,,
SLCMP1765-2178,2178,2178,583610957,2^583610957-1,STRUCTURAL_SCREEN_EXHAUSTED_PRIMALITY_UNASSIGNED,GF3A_DIRECTIONAL_WRITE_EXHAUSTED_PRIMALITY_UNASSIGNED,513,512,512,NO_RECORDED_FACTOR_PRP_OR_LL_RESULT_AND_NO_ACTIVE_GIMPS_ASSIGNMENT,2026-08-09T04:34:14+00:00,UNALLOCATED,,,,,
SLCMP1765-2179,2179,2179,583610977,2^583610977-1,STRUCTURAL_SCREEN_EXHAUSTED_PRIMALITY_UNASSIGNED,GF3A_DIRECTIONAL_WRITE_EXHAUSTED_PRIMALITY_UNASSIGNED,513,512,512,NO_RECORDED_FACTOR_PRP_OR_LL_RESULT_AND_NO_ACTIVE_GIMPS_ASSIGNMENT,2026-08-09T04:34:14+00:00,UNALLOCATED,,,,,
SLCMP1765-2180,2180,2180,583611221,2^583611221-1,STRUCTURAL_SCREEN_EXHAUSTED_PRIMALITY_UNASSIGNED,GF3A_DIRECTIONAL_WRITE_EXHAUSTED_PRIMALITY_UNASSIGNED,513,512,512,NO_RECORDED_FACTOR_PRP_OR_LL_RESULT_AND_NO_ACTIVE_GIMPS_ASSIGNMENT,2026-08-09T04:34:14+00:00,UNALLOCATED,,,,,
SLCMP1765-2181,2181,2181,583611253,2^583611253-1,STRUCTURAL_SCREEN_EXHAUSTED_PRIMALITY_UNASSIGNED,GF3A_DIRECTIONAL_WRITE_EXHAUSTED_PRIMALITY_UNASSIGNED,513,512,512,NO_RECORDED_FACTOR_PRP_OR_LL_RESULT_AND_NO_ACTIVE_GIMPS_ASSIGNMENT,2026-08-09T04:34:14+00:00,UNALLOCATED,,,,,
SLCMP1765-2182,2182,2182,583611289,2^583611289-1,STRUCTURAL_SCREEN_EXHAUSTED_PRIMALITY_UNASSIGNED,GF3A_DIRECTIONAL_WRITE_EXHAUSTED_PRIMALITY_UNASSIGNED,513,512,512,NO_RECORDED_FACTOR_PRP_OR_LL_RESULT_AND_NO_ACTIVE_GIMPS_ASSIGNMENT,2026-08-09T04:34:14+00:00,UNALLOCATED,,,,,
SLCMP1765-2183,2183,2183,583611317,2^583611317-1,STRUCTURAL_SCREEN_EXHAUSTED_PRIMALITY_UNASSIGNED,GF3A_DIRECTIONAL_WRITE_EXHAUSTED_PRIMALITY_UNASSIGNED,513,512,512,NO_RECORDED_FACTOR_PRP_OR_LL_RESULT_AND_NO_ACTIVE_GIMPS_ASSIGNMENT,2026-08-09T04:34:14+00:00,UNALLOCATED,,,,,
SLCMP1765-2184,2184,2184,583611389,2^583611389-1,STRUCTURAL_SCREEN_EXHAUSTED_PRIMALITY_UNASSIGNED,GF3A_DIRECTIONAL_WRITE_EXHAUSTED_PRIMALITY_UNASSIGNED,513,512,512,NO_RECORDED_FACTOR_PRP_OR_LL_RESULT_AND_NO_ACTIVE_GIMPS_ASSIGNMENT,2026-08-09T04:34:14+00:00,UNALLOCATED,,,,,
SLCMP1765-2185,2185,2185,583611481,2^583611481-1,STRUCTURAL_SCREEN_EXHAUSTED_PRIMALITY_UNASSIGNED,GF3A_DIRECTIONAL_WRITE_EXHAUSTED_PRIMALITY_UNASSIGNED,513,512,512,NO_RECORDED_FACTOR_PRP_OR_LL_RESULT_AND_NO_ACTIVE_GIMPS_ASSIGNMENT,2026-08-09T04:34:14+00:00,UNALLOCATED,,,,,
SLCMP1765-2186,2186,2186,583611533,2^583611533-1,STRUCTURAL_SCREEN_EXHAUSTED_PRIMALITY_UNASSIGNED,GF3A_DIRECTIONAL_WRITE_EXHAUSTED_PRIMALITY_UNASSIGNED,513,512,512,NO_RECORDED_FACTOR_PRP_OR_LL_RESULT_AND_NO_ACTIVE_GIMPS_ASSIGNMENT,2026-08-09T04:34:14+00:00,UNALLOCATED,,,,,
SLCMP1765-2187,2187,2187,583611559,2^583611559-1,STRUCTURAL_SCREEN_EXHAUSTED_PRIMALITY_UNASSIGNED,GF3A_DIRECTIONAL_WRITE_EXHAUSTED_PRIMALITY_UNASSIGNED,514,512,512,NO_RECORDED_FACTOR_PRP_OR_LL_RESULT_AND_NO_ACTIVE_GIMPS_ASSIGNMENT,2026-08-09T04:34:14+00:00,UNALLOCATED,,,,,
SLCMP1765-2188,2188,2188,583611601,2^583611601-1,STRUCTURAL_SCREEN_EXHAUSTED_PRIMALITY_UNASSIGNED,GF3A_DIRECTIONAL_WRITE_EXHAUSTED_PRIMALITY_UNASSIGNED,513,512,512,NO_RECORDED_FACTOR_PRP_OR_LL_RESULT_AND_NO_ACTIVE_GIMPS_ASSIGNMENT,2026-08-09T04:34:14+00:00,UNALLOCATED,,,,,
SLCMP1765-2189,2189,2189,583611667,2^583611667-1,STRUCTURAL_SCREEN_EXHAUSTED_PRIMALITY_UNASSIGNED,GF3A_DIRECTIONAL_WRITE_EXHAUSTED_PRIMALITY_UNASSIGNED,514,512,512,NO_RECORDED_FACTOR_PRP_OR_LL_RESULT_AND_NO_ACTIVE_GIMPS_ASSIGNMENT,2026-08-09T04:34:14+00:00,UNALLOCATED,,,,,
SLCMP1765-2190,2190,2190,583611703,2^583611703-1,STRUCTURAL_SCREEN_EXHAUSTED_PRIMALITY_UNASSIGNED,GF3A_DIRECTIONAL_WRITE_EXHAUSTED_PRIMALITY_UNASSIGNED,514,512,512,NO_RECORDED_FACTOR_PRP_OR_LL_RESULT_AND_NO_ACTIVE_GIMPS_ASSIGNMENT,2026-08-09T04:34:14+00:00,UNALLOCATED,,,,,
SLCMP1765-2191,2191,2191,583611731,2^583611731-1,STRUCTURAL_SCREEN_EXHAUSTED_PRIMALITY_UNASSIGNED,GF3A_DIRECTIONAL_WRITE_EXHAUSTED_PRIMALITY_UNASSIGNED,514,512,512,NO_RECORDED_FACTOR_PRP_OR_LL_RESULT_AND_NO_ACTIVE_GIMPS_ASSIGNMENT,2026-08-09T04:34:14+00:00,UNALLOCATED,,,,,
SLCMP1765-2192,2192,2192,583611823,2^583611823-1,STRUCTURAL_SCREEN_EXHAUSTED_PRIMALITY_UNASSIGNED,GF3A_DIRECTIONAL_WRITE_EXHAUSTED_PRIMALITY_UNASSIGNED,514,512,512,NO_RECORDED_FACTOR_PRP_OR_LL_RESULT_AND_NO_ACTIVE_GIMPS_ASSIGNMENT,2026-08-09T04:34:14+00:00,UNALLOCATED,,,,,
SLCMP1765-2193,2193,2193,583611857,2^583611857-1,STRUCTURAL_SCREEN_EXHAUSTED_PRIMALITY_UNASSIGNED,GF3A_DIRECTIONAL_WRITE_EXHAUSTED_PRIMALITY_UNASSIGNED,513,512,512,NO_RECORDED_FACTOR_PRP_OR_LL_RESULT_AND_NO_ACTIVE_GIMPS_ASSIGNMENT,2026-08-09T04:34:14+00:00,UNALLOCATED,,,,,
SLCMP1765-2194,2194,2194,583611881,2^583611881-1,STRUCTURAL_SCREEN_EXHAUSTED_PRIMALITY_UNASSIGNED,GF3A_DIRECTIONAL_WRITE_EXHAUSTED_PRIMALITY_UNASSIGNED,513,512,512,NO_RECORDED_FACTOR_PRP_OR_LL_RESULT_AND_NO_ACTIVE_GIMPS_ASSIGNMENT,2026-08-09T04:34:14+00:00,UNALLOCATED,,,,,
SLCMP1765-2195,2195,2195,583612069,2^583612069-1,STRUCTURAL_SCREEN_EXHAUSTED_PRIMALITY_UNASSIGNED,GF3A_DIRECTIONAL_WRITE_EXHAUSTED_PRIMALITY_UNASSIGNED,513,512,512,NO_RECORDED_FACTOR_PRP_OR_LL_RESULT_AND_NO_ACTIVE_GIMPS_ASSIGNMENT,2026-08-09T04:34:14+00:00,UNALLOCATED,,,,,
SLCMP1765-2196,2196,2196,583612223,2^583612223-1,STRUCTURAL_SCREEN_EXHAUSTED_PRIMALITY_UNASSIGNED,GF3A_DIRECTIONAL_WRITE_EXHAUSTED_PRIMALITY_UNASSIGNED,514,512,512,NO_RECORDED_FACTOR_PRP_OR_LL_RESULT_AND_NO_ACTIVE_GIMPS_ASSIGNMENT,2026-08-09T04:34:14+00:00,UNALLOCATED,,,,,
SLCMP1765-2197,2197,2197,583612229,2^583612229-1,STRUCTURAL_SCREEN_EXHAUSTED_PRIMALITY_UNASSIGNED,GF3A_DIRECTIONAL_WRITE_EXHAUSTED_PRIMALITY_UNASSIGNED,513,512,512,NO_RECORDED_FACTOR_PRP_OR_LL_RESULT_AND_NO_ACTIVE_GIMPS_ASSIGNMENT,2026-08-09T04:34:14+00:00,UNALLOCATED,,,,,
SLCMP1765-2198,2198,2198,583612241,2^583612241-1,STRUCTURAL_SCREEN_EXHAUSTED_PRIMALITY_UNASSIGNED,GF3A_DIRECTIONAL_WRITE_EXHAUSTED_PRIMALITY_UNASSIGNED,513,512,512,NO_RECORDED_FACTOR_PRP_OR_LL_RESULT_AND_NO_ACTIVE_GIMPS_ASSIGNMENT,2026-08-09T04:34:14+00:00,UNALLOCATED,,,,,
SLCMP1765-2199,2199,2199,583612339,2^583612339-1,STRUCTURAL_SCREEN_EXHAUSTED_PRIMALITY_UNASSIGNED,GF3A_DIRECTIONAL_WRITE_EXHAUSTED_PRIMALITY_UNASSIGNED,514,512,512,NO_RECORDED_FACTOR_PRP_OR_LL_RESULT_AND_NO_ACTIVE_GIMPS_ASSIGNMENT,2026-08-09T04:34:14+00:00,UNALLOCATED,,,,,
SLCMP1765-2200,2200,2200,583612357,2^583612357-1,STRUCTURAL_SCREEN_EXHAUSTED_PRIMALITY_UNASSIGNED,GF3A_DIRECTIONAL_WRITE_EXHAUSTED_PRIMALITY_UNASSIGNED,513,512,512,NO_RECORDED_FACTOR_PRP_OR_LL_RESULT_AND_NO_ACTIVE_GIMPS_ASSIGNMENT,2026-08-09T04:34:14+00:00,UNALLOCATED,,,,,
SLCMP1765-2201,2201,2201,583612369,2^583612369-1,STRUCTURAL_SCREEN_EXHAUSTED_PRIMALITY_UNASSIGNED,GF3A_DIRECTIONAL_WRITE_EXHAUSTED_PRIMALITY_UNASSIGNED,513,512,512,NO_RECORDED_FACTOR_PRP_OR_LL_RESULT_AND_NO_ACTIVE_GIMPS_ASSIGNMENT,2026-08-09T04:34:14+00:00,UNALLOCATED,,,,,
SLCMP1765-2202,2202,2202,583612451,2^583612451-1,STRUCTURAL_SCREEN_EXHAUSTED_PRIMALITY_UNASSIGNED,GF3A_DIRECTIONAL_WRITE_EXHAUSTED_PRIMALITY_UNASSIGNED,514,512,512,NO_RECORDED_FACTOR_PRP_OR_LL_RESULT_AND_NO_ACTIVE_GIMPS_ASSIGNMENT,2026-08-09T04:34:14+00:00,UNALLOCATED,,,,,
SLCMP1765-2203,2203,2203,583612481,2^583612481-1,STRUCTURAL_SCREEN_EXHAUSTED_PRIMALITY_UNASSIGNED,GF3A_DIRECTIONAL_WRITE_EXHAUSTED_PRIMALITY_UNASSIGNED,513,512,512,NO_RECORDED_FACTOR_PRP_OR_LL_RESULT_AND_NO_ACTIVE_GIMPS_ASSIGNMENT,2026-08-09T04:34:14+00:00,UNALLOCATED,,,,,
SLCMP1765-2204,2204,2204,583612577,2^583612577-1,STRUCTURAL_SCREEN_EXHAUSTED_PRIMALITY_UNASSIGNED,GF3A_DIRECTIONAL_WRITE_EXHAUSTED_PRIMALITY_UNASSIGNED,513,512,512,NO_RECORDED_FACTOR_PRP_OR_LL_RESULT_AND_NO_ACTIVE_GIMPS_ASSIGNMENT,2026-08-09T04:34:14+00:00,UNALLOCATED,,,,,
SLCMP1765-2205,2205,2205,583612619,2^583612619-1,STRUCTURAL_SCREEN_EXHAUSTED_PRIMALITY_UNASSIGNED,GF3A_DIRECTIONAL_WRITE_EXHAUSTED_PRIMALITY_UNASSIGNED,514,512,512,NO_RECORDED_FACTOR_PRP_OR_LL_RESULT_AND_NO_ACTIVE_GIMPS_ASSIGNMENT,2026-08-09T04:34:14+00:00,UNALLOCATED,,,,,
SLCMP1765-2206,2206,2206,583612621,2^583612621-1,STRUCTURAL_SCREEN_EXHAUSTED_PRIMALITY_UNASSIGNED,GF3A_DIRECTIONAL_WRITE_EXHAUSTED_PRIMALITY_UNASSIGNED,513,512,512,NO_RECORDED_FACTOR_PRP_OR_LL_RESULT_AND_NO_ACTIVE_GIMPS_ASSIGNMENT,2026-08-09T04:34:14+00:00,UNALLOCATED,,,,,
SLCMP1765-2207,2207,2207,583612637,2^583612637-1,STRUCTURAL_SCREEN_EXHAUSTED_PRIMALITY_UNASSIGNED,GF3A_DIRECTIONAL_WRITE_EXHAUSTED_PRIMALITY_UNASSIGNED,513,512,512,NO_RECORDED_FACTOR_PRP_OR_LL_RESULT_AND_NO_ACTIVE_GIMPS_ASSIGNMENT,2026-08-09T04:34:14+00:00,UNALLOCATED,,,,,
SLCMP1765-2208,2208,2208,583612657,2^583612657-1,STRUCTURAL_SCREEN_EXHAUSTED_PRIMALITY_UNASSIGNED,GF3A_DIRECTIONAL_WRITE_EXHAUSTED_PRIMALITY_UNASSIGNED,513,512,512,NO_RECORDED_FACTOR_PRP_OR_LL_RESULT_AND_NO_ACTIVE_GIMPS_ASSIGNMENT,2026-08-09T04:34:14+00:00,UNALLOCATED,,,,,
SLCMP1765-2209,2209,2209,583612691,2^583612691-1,STRUCTURAL_SCREEN_EXHAUSTED_PRIMALITY_UNASSIGNED,GF3A_DIRECTIONAL_WRITE_EXHAUSTED_PRIMALITY_UNASSIGNED,514,512,512,NO_RECORDED_FACTOR_PRP_OR_LL_RESULT_AND_NO_ACTIVE_GIMPS_ASSIGNMENT,2026-08-09T04:34:14+00:00,UNALLOCATED,,,,,
SLCMP1765-2210,2210,2210,583612709,2^583612709-1,STRUCTURAL_SCREEN_EXHAUSTED_PRIMALITY_UNASSIGNED,GF3A_DIRECTIONAL_WRITE_EXHAUSTED_PRIMALITY_UNASSIGNED,513,512,512,NO_RECORDED_FACTOR_PRP_OR_LL_RESULT_AND_NO_ACTIVE_GIMPS_ASSIGNMENT,2026-08-09T04:34:14+00:00,UNALLOCATED,,,,,
SLCMP1765-2211,2211,2211,583612769,2^583612769-1,STRUCTURAL_SCREEN_EXHAUSTED_PRIMALITY_UNASSIGNED,GF3A_DIRECTIONAL_WRITE_EXHAUSTED_PRIMALITY_UNASSIGNED,513,512,512,NO_RECORDED_FACTOR_PRP_OR_LL_RESULT_AND_NO_ACTIVE_GIMPS_ASSIGNMENT,2026-08-09T04:34:14+00:00,UNALLOCATED,,,,,
SLCMP1765-2212,2212,2212,583612781,2^583612781-1,STRUCTURAL_SCREEN_EXHAUSTED_PRIMALITY_UNASSIGNED,GF3A_DIRECTIONAL_WRITE_EXHAUSTED_PRIMALITY_UNASSIGNED,513,512,512,NO_RECORDED_FACTOR_PRP_OR_LL_RESULT_AND_NO_ACTIVE_GIMPS_ASSIGNMENT,2026-08-09T04:34:14+00:00,UNALLOCATED,,,,,
SLCMP1765-2213,2213,2213,583612921,2^583612921-1,STRUCTURAL_SCREEN_EXHAUSTED_PRIMALITY_UNASSIGNED,GF3A_DIRECTIONAL_WRITE_EXHAUSTED_PRIMALITY_UNASSIGNED,513,512,512,NO_RECORDED_FACTOR_PRP_OR_LL_RESULT_AND_NO_ACTIVE_GIMPS_ASSIGNMENT,2026-08-09T04:34:14+00:00,UNALLOCATED,,,,,
SLCMP1765-2214,2214,2214,583612963,2^583612963-1,STRUCTURAL_SCREEN_EXHAUSTED_PRIMALITY_UNASSIGNED,GF3A_DIRECTIONAL_WRITE_EXHAUSTED_PRIMALITY_UNASSIGNED,514,512,512,NO_RECORDED_FACTOR_PRP_OR_LL_RESULT_AND_NO_ACTIVE_GIMPS_ASSIGNMENT,2026-08-09T04:34:14+00:00,UNALLOCATED,,,,,
SLCMP1765-2215,2215,2215,583612979,2^583612979-1,STRUCTURAL_SCREEN_EXHAUSTED_PRIMALITY_UNASSIGNED,GF3A_DIRECTIONAL_WRITE_EXHAUSTED_PRIMALITY_UNASSIGNED,514,512,512,NO_RECORDED_FACTOR_PRP_OR_LL_RESULT_AND_NO_ACTIVE_GIMPS_ASSIGNMENT,2026-08-09T04:34:14+00:00,UNALLOCATED,,,,,
SLCMP1765-2216,2216,2216,583612999,2^583612999-1,STRUCTURAL_SCREEN_EXHAUSTED_PRIMALITY_UNASSIGNED,GF3A_DIRECTIONAL_WRITE_EXHAUSTED_PRIMALITY_UNASSIGNED,514,512,512,NO_RECORDED_FACTOR_PRP_OR_LL_RESULT_AND_NO_ACTIVE_GIMPS_ASSIGNMENT,2026-08-09T04:34:14+00:00,UNALLOCATED,,,,,
SLCMP1765-2217,2217,2217,583613057,2^583613057-1,STRUCTURAL_SCREEN_EXHAUSTED_PRIMALITY_UNASSIGNED,GF3A_DIRECTIONAL_WRITE_EXHAUSTED_PRIMALITY_UNASSIGNED,513,512,512,NO_RECORDED_FACTOR_PRP_OR_LL_RESULT_AND_NO_ACTIVE_GIMPS_ASSIGNMENT,2026-08-09T04:34:14+00:00,UNALLOCATED,,,,,
SLCMP1765-2218,2218,2218,583613083,2^583613083-1,STRUCTURAL_SCREEN_EXHAUSTED_PRIMALITY_UNASSIGNED,GF3A_DIRECTIONAL_WRITE_EXHAUSTED_PRIMALITY_UNASSIGNED,514,512,512,NO_RECORDED_FACTOR_PRP_OR_LL_RESULT_AND_NO_ACTIVE_GIMPS_ASSIGNMENT,2026-08-09T04:34:14+00:00,UNALLOCATED,,,,,
SLCMP1765-2219,2219,2219,583613123,2^583613123-1,STRUCTURAL_SCREEN_EXHAUSTED_PRIMALITY_UNASSIGNED,GF3A_DIRECTIONAL_WRITE_EXHAUSTED_PRIMALITY_UNASSIGNED,514,512,512,NO_RECORDED_FACTOR_PRP_OR_LL_RESULT_AND_NO_ACTIVE_GIMPS_ASSIGNMENT,2026-08-09T04:34:14+00:00,UNALLOCATED,,,,,
SLCMP1765-2220,2220,2220,583613153,2^583613153-1,STRUCTURAL_SCREEN_EXHAUSTED_PRIMALITY_UNASSIGNED,GF3A_DIRECTIONAL_WRITE_EXHAUSTED_PRIMALITY_UNASSIGNED,513,512,512,NO_RECORDED_FACTOR_PRP_OR_LL_RESULT_AND_NO_ACTIVE_GIMPS_ASSIGNMENT,2026-08-09T04:34:14+00:00,UNALLOCATED,,,,,
SLCMP1765-2221,2221,2221,583613237,2^583613237-1,STRUCTURAL_SCREEN_EXHAUSTED_PRIMALITY_UNASSIGNED,GF3A_DIRECTIONAL_WRITE_EXHAUSTED_PRIMALITY_UNASSIGNED,513,512,512,NO_RECORDED_FACTOR_PRP_OR_LL_RESULT_AND_NO_ACTIVE_GIMPS_ASSIGNMENT,2026-08-09T04:34:14+00:00,UNALLOCATED,,,,,
SLCMP1765-2222,2222,2222,583613257,2^583613257-1,STRUCTURAL_SCREEN_EXHAUSTED_PRIMALITY_UNASSIGNED,GF3A_DIRECTIONAL_WRITE_EXHAUSTED_PRIMALITY_UNASSIGNED,513,512,512,NO_RECORDED_FACTOR_PRP_OR_LL_RESULT_AND_NO_ACTIVE_GIMPS_ASSIGNMENT,2026-08-09T04:34:14+00:00,UNALLOCATED,,,,,
SLCMP1765-2223,2223,2223,583613267,2^583613267-1,STRUCTURAL_SCREEN_EXHAUSTED_PRIMALITY_UNASSIGNED,GF3A_DIRECTIONAL_WRITE_EXHAUSTED_PRIMALITY_UNASSIGNED,514,512,512,NO_RECORDED_FACTOR_PRP_OR_LL_RESULT_AND_NO_ACTIVE_GIMPS_ASSIGNMENT,2026-08-09T04:34:14+00:00,UNALLOCATED,,,,,
SLCMP1765-2224,2224,2224,583613341,2^583613341-1,STRUCTURAL_SCREEN_EXHAUSTED_PRIMALITY_UNASSIGNED,GF3A_DIRECTIONAL_WRITE_EXHAUSTED_PRIMALITY_UNASSIGNED,513,512,512,NO_RECORDED_FACTOR_PRP_OR_LL_RESULT_AND_NO_ACTIVE_GIMPS_ASSIGNMENT,2026-08-09T04:34:14+00:00,UNALLOCATED,,,,,
SLCMP1765-2225,2225,2225,583613353,2^583613353-1,STRUCTURAL_SCREEN_EXHAUSTED_PRIMALITY_UNASSIGNED,GF3A_DIRECTIONAL_WRITE_EXHAUSTED_PRIMALITY_UNASSIGNED,513,512,512,NO_RECORDED_FACTOR_PRP_OR_LL_RESULT_AND_NO_ACTIVE_GIMPS_ASSIGNMENT,2026-08-09T04:34:14+00:00,UNALLOCATED,,,,,
SLCMP1765-2226,2226,2226,583613389,2^583613389-1,STRUCTURAL_SCREEN_EXHAUSTED_PRIMALITY_UNASSIGNED,GF3A_DIRECTIONAL_WRITE_EXHAUSTED_PRIMALITY_UNASSIGNED,513,512,512,NO_RECORDED_FACTOR_PRP_OR_LL_RESULT_AND_NO_ACTIVE_GIMPS_ASSIGNMENT,2026-08-09T04:34:14+00:00,UNALLOCATED,,,,,
SLCMP1765-2227,2227,2227,583613419,2^583613419-1,STRUCTURAL_SCREEN_EXHAUSTED_PRIMALITY_UNASSIGNED,GF3A_DIRECTIONAL_WRITE_EXHAUSTED_PRIMALITY_UNASSIGNED,514,512,512,NO_RECORDED_FACTOR_PRP_OR_LL_RESULT_AND_NO_ACTIVE_GIMPS_ASSIGNMENT,2026-08-09T04:34:14+00:00,UNALLOCATED,,,,,
SLCMP1765-2228,2228,2228,583613449,2^583613449-1,STRUCTURAL_SCREEN_EXHAUSTED_PRIMALITY_UNASSIGNED,GF3A_DIRECTIONAL_WRITE_EXHAUSTED_PRIMALITY_UNASSIGNED,513,512,512,NO_RECORDED_FACTOR_PRP_OR_LL_RESULT_AND_NO_ACTIVE_GIMPS_ASSIGNMENT,2026-08-09T04:34:14+00:00,UNALLOCATED,,,,,
SLCMP1765-2229,2229,2229,583613453,2^583613453-1,STRUCTURAL_SCREEN_EXHAUSTED_PRIMALITY_UNASSIGNED,GF3A_DIRECTIONAL_WRITE_EXHAUSTED_PRIMALITY_UNASSIGNED,513,512,512,NO_RECORDED_FACTOR_PRP_OR_LL_RESULT_AND_NO_ACTIVE_GIMPS_ASSIGNMENT,2026-08-09T04:34:14+00:00,UNALLOCATED,,,,,
SLCMP1765-2230,2230,2230,583613609,2^583613609-1,STRUCTURAL_SCREEN_EXHAUSTED_PRIMALITY_UNASSIGNED,GF3A_DIRECTIONAL_WRITE_EXHAUSTED_PRIMALITY_UNASSIGNED,513,512,512,NO_RECORDED_FACTOR_PRP_OR_LL_RESULT_AND_NO_ACTIVE_GIMPS_ASSIGNMENT,2026-08-09T04:34:14+00:00,UNALLOCATED,,,,,
SLCMP1765-2231,2231,2231,583613813,2^583613813-1,STRUCTURAL_SCREEN_EXHAUSTED_PRIMALITY_UNASSIGNED,GF3A_DIRECTIONAL_WRITE_EXHAUSTED_PRIMALITY_UNASSIGNED,513,512,512,NO_RECORDED_FACTOR_PRP_OR_LL_RESULT_AND_NO_ACTIVE_GIMPS_ASSIGNMENT,2026-08-09T04:34:14+00:00,UNALLOCATED,,,,,
SLCMP1765-2232,2232,2232,583613857,2^583613857-1,STRUCTURAL_SCREEN_EXHAUSTED_PRIMALITY_UNASSIGNED,GF3A_DIRECTIONAL_WRITE_EXHAUSTED_PRIMALITY_UNASSIGNED,513,512,512,NO_RECORDED_FACTOR_PRP_OR_LL_RESULT_AND_NO_ACTIVE_GIMPS_ASSIGNMENT,2026-08-09T04:34:14+00:00,UNALLOCATED,,,,,
SLCMP1765-2233,2233,2233,583613897,2^583613897-1,STRUCTURAL_SCREEN_EXHAUSTED_PRIMALITY_UNASSIGNED,GF3A_DIRECTIONAL_WRITE_EXHAUSTED_PRIMALITY_UNASSIGNED,513,512,512,NO_RECORDED_FACTOR_PRP_OR_LL_RESULT_AND_NO_ACTIVE_GIMPS_ASSIGNMENT,2026-08-09T04:34:14+00:00,UNALLOCATED,,,,,
SLCMP1765-2234,2234,2234,583613917,2^583613917-1,STRUCTURAL_SCREEN_EXHAUSTED_PRIMALITY_UNASSIGNED,GF3A_DIRECTIONAL_WRITE_EXHAUSTED_PRIMALITY_UNASSIGNED,513,512,512,NO_RECORDED_FACTOR_PRP_OR_LL_RESULT_AND_NO_ACTIVE_GIMPS_ASSIGNMENT,2026-08-09T04:34:14+00:00,UNALLOCATED,,,,,
SLCMP1765-2235,2235,2235,583613923,2^583613923-1,STRUCTURAL_SCREEN_EXHAUSTED_PRIMALITY_UNASSIGNED,GF3A_DIRECTIONAL_WRITE_EXHAUSTED_PRIMALITY_UNASSIGNED,514,512,512,NO_RECORDED_FACTOR_PRP_OR_LL_RESULT_AND_NO_ACTIVE_GIMPS_ASSIGNMENT,2026-08-09T04:34:14+00:00,UNALLOCATED,,,,,
SLCMP1765-2236,2236,2236,583613971,2^583613971-1,STRUCTURAL_SCREEN_EXHAUSTED_PRIMALITY_UNASSIGNED,GF3A_DIRECTIONAL_WRITE_EXHAUSTED_PRIMALITY_UNASSIGNED,514,512,512,NO_RECORDED_FACTOR_PRP_OR_LL_RESULT_AND_NO_ACTIVE_GIMPS_ASSIGNMENT,2026-08-09T04:34:14+00:00,UNALLOCATED,,,,,
SLCMP1765-2237,2237,2237,583614011,2^583614011-1,STRUCTURAL_SCREEN_EXHAUSTED_PRIMALITY_UNASSIGNED,GF3A_DIRECTIONAL_WRITE_EXHAUSTED_PRIMALITY_UNASSIGNED,514,512,512,NO_RECORDED_FACTOR_PRP_OR_LL_RESULT_AND_NO_ACTIVE_GIMPS_ASSIGNMENT,2026-08-09T04:34:14+00:00,UNALLOCATED,,,,,
SLCMP1765-2238,2238,2238,583614139,2^583614139-1,STRUCTURAL_SCREEN_EXHAUSTED_PRIMALITY_UNASSIGNED,GF3A_DIRECTIONAL_WRITE_EXHAUSTED_PRIMALITY_UNASSIGNED,514,512,512,NO_RECORDED_FACTOR_PRP_OR_LL_RESULT_AND_NO_ACTIVE_GIMPS_ASSIGNMENT,2026-08-09T04:34:14+00:00,UNALLOCATED,,,,,
SLCMP1765-2239,2239,2239,583614173,2^583614173-1,STRUCTURAL_SCREEN_EXHAUSTED_PRIMALITY_UNASSIGNED,GF3A_DIRECTIONAL_WRITE_EXHAUSTED_PRIMALITY_UNASSIGNED,513,512,512,NO_RECORDED_FACTOR_PRP_OR_LL_RESULT_AND_NO_ACTIVE_GIMPS_ASSIGNMENT,2026-08-09T04:34:14+00:00,UNALLOCATED,,,,,
SLCMP1765-2240,2240,2240,583614221,2^583614221-1,STRUCTURAL_SCREEN_EXHAUSTED_PRIMALITY_UNASSIGNED,GF3A_DIRECTIONAL_WRITE_EXHAUSTED_PRIMALITY_UNASSIGNED,513,512,512,NO_RECORDED_FACTOR_PRP_OR_LL_RESULT_AND_NO_ACTIVE_GIMPS_ASSIGNMENT,2026-08-09T04:34:14+00:00,UNALLOCATED,,,,,
SLCMP1765-2241,2241,2241,583614247,2^583614247-1,STRUCTURAL_SCREEN_EXHAUSTED_PRIMALITY_UNASSIGNED,GF3A_DIRECTIONAL_WRITE_EXHAUSTED_PRIMALITY_UNASSIGNED,514,512,512,NO_RECORDED_FACTOR_PRP_OR_LL_RESULT_AND_NO_ACTIVE_GIMPS_ASSIGNMENT,2026-08-09T04:34:14+00:00,UNALLOCATED,,,,,
SLCMP1765-2242,2242,2242,583614293,2^583614293-1,STRUCTURAL_SCREEN_EXHAUSTED_PRIMALITY_UNASSIGNED,GF3A_DIRECTIONAL_WRITE_EXHAUSTED_PRIMALITY_UNASSIGNED,513,512,512,NO_RECORDED_FACTOR_PRP_OR_LL_RESULT_AND_NO_ACTIVE_GIMPS_ASSIGNMENT,2026-08-09T04:34:14+00:00,UNALLOCATED,,,,,
SLCMP1765-2243,2243,2243,583614313,2^583614313-1,STRUCTURAL_SCREEN_EXHAUSTED_PRIMALITY_UNASSIGNED,GF3A_DIRECTIONAL_WRITE_EXHAUSTED_PRIMALITY_UNASSIGNED,513,512,512,NO_RECORDED_FACTOR_PRP_OR_LL_RESULT_AND_NO_ACTIVE_GIMPS_ASSIGNMENT,2026-08-09T04:34:14+00:00,UNALLOCATED,,,,,
SLCMP1765-2244,2244,2244,583614331,2^583614331-1,STRUCTURAL_SCREEN_EXHAUSTED_PRIMALITY_UNASSIGNED,GF3A_DIRECTIONAL_WRITE_EXHAUSTED_PRIMALITY_UNASSIGNED,514,512,512,NO_RECORDED_FACTOR_PRP_OR_LL_RESULT_AND_NO_ACTIVE_GIMPS_ASSIGNMENT,2026-08-09T04:34:14+00:00,UNALLOCATED,,,,,
SLCMP1765-2245,2245,2245,583614509,2^583614509-1,STRUCTURAL_SCREEN_EXHAUSTED_PRIMALITY_UNASSIGNED,GF3A_DIRECTIONAL_WRITE_EXHAUSTED_PRIMALITY_UNASSIGNED,513,512,512,NO_RECORDED_FACTOR_PRP_OR_LL_RESULT_AND_NO_ACTIVE_GIMPS_ASSIGNMENT,2026-08-09T04:34:14+00:00,UNALLOCATED,,,,,
SLCMP1765-2246,2246,2246,583614523,2^583614523-1,STRUCTURAL_SCREEN_EXHAUSTED_PRIMALITY_UNASSIGNED,GF3A_DIRECTIONAL_WRITE_EXHAUSTED_PRIMALITY_UNASSIGNED,514,512,512,NO_RECORDED_FACTOR_PRP_OR_LL_RESULT_AND_NO_ACTIVE_GIMPS_ASSIGNMENT,2026-08-09T04:34:14+00:00,UNALLOCATED,,,,,
SLCMP1765-2247,2247,2247,583614569,2^583614569-1,STRUCTURAL_SCREEN_EXHAUSTED_PRIMALITY_UNASSIGNED,GF3A_DIRECTIONAL_WRITE_EXHAUSTED_PRIMALITY_UNASSIGNED,513,512,512,NO_RECORDED_FACTOR_PRP_OR_LL_RESULT_AND_NO_ACTIVE_GIMPS_ASSIGNMENT,2026-08-09T04:34:14+00:00,UNALLOCATED,,,,,
SLCMP1765-2248,2248,2248,583614601,2^583614601-1,STRUCTURAL_SCREEN_EXHAUSTED_PRIMALITY_UNASSIGNED,GF3A_DIRECTIONAL_WRITE_EXHAUSTED_PRIMALITY_UNASSIGNED,513,512,512,NO_RECORDED_FACTOR_PRP_OR_LL_RESULT_AND_NO_ACTIVE_GIMPS_ASSIGNMENT,2026-08-09T04:34:14+00:00,UNALLOCATED,,,,,
SLCMP1765-2249,2249,2249,583614611,2^583614611-1,STRUCTURAL_SCREEN_EXHAUSTED_PRIMALITY_UNASSIGNED,GF3A_DIRECTIONAL_WRITE_EXHAUSTED_PRIMALITY_UNASSIGNED,514,512,512,NO_RECORDED_FACTOR_PRP_OR_LL_RESULT_AND_NO_ACTIVE_GIMPS_ASSIGNMENT,2026-08-09T04:34:14+00:00,UNALLOCATED,,,,,
SLCMP1765-2250,2250,2250,583614613,2^583614613-1,STRUCTURAL_SCREEN_EXHAUSTED_PRIMALITY_UNASSIGNED,GF3A_DIRECTIONAL_WRITE_EXHAUSTED_PRIMALITY_UNASSIGNED,513,512,512,NO_RECORDED_FACTOR_PRP_OR_LL_RESULT_AND_NO_ACTIVE_GIMPS_ASSIGNMENT,2026-08-09T04:34:14+00:00,UNALLOCATED,,,,,
SLCMP1765-2251,2251,2251,583614631,2^583614631-1,STRUCTURAL_SCREEN_EXHAUSTED_PRIMALITY_UNASSIGNED,GF3A_DIRECTIONAL_WRITE_EXHAUSTED_PRIMALITY_UNASSIGNED,514,512,512,NO_RECORDED_FACTOR_PRP_OR_LL_RESULT_AND_NO_ACTIVE_GIMPS_ASSIGNMENT,2026-08-09T04:34:14+00:00,UNALLOCATED,,,,,
SLCMP1765-2252,2252,2252,583614637,2^583614637-1,STRUCTURAL_SCREEN_EXHAUSTED_PRIMALITY_UNASSIGNED,GF3A_DIRECTIONAL_WRITE_EXHAUSTED_PRIMALITY_UNASSIGNED,513,512,512,NO_RECORDED_FACTOR_PRP_OR_LL_RESULT_AND_NO_ACTIVE_GIMPS_ASSIGNMENT,2026-08-09T04:34:14+00:00,UNALLOCATED,,,,,
SLCMP1765-2253,2253,2253,583614739,2^583614739-1,STRUCTURAL_SCREEN_EXHAUSTED_PRIMALITY_UNASSIGNED,GF3A_DIRECTIONAL_WRITE_EXHAUSTED_PRIMALITY_UNASSIGNED,514,512,512,NO_RECORDED_FACTOR_PRP_OR_LL_RESULT_AND_NO_ACTIVE_GIMPS_ASSIGNMENT,2026-08-09T04:34:14+00:00,UNALLOCATED,,,,,
SLCMP1765-2254,2254,2254,583614793,2^583614793-1,STRUCTURAL_SCREEN_EXHAUSTED_PRIMALITY_UNASSIGNED,GF3A_DIRECTIONAL_WRITE_EXHAUSTED_PRIMALITY_UNASSIGNED,513,512,512,NO_RECORDED_FACTOR_PRP_OR_LL_RESULT_AND_NO_ACTIVE_GIMPS_ASSIGNMENT,2026-08-09T04:34:14+00:00,UNALLOCATED,,,,,
SLCMP1765-2255,2255,2255,583614881,2^583614881-1,STRUCTURAL_SCREEN_EXHAUSTED_PRIMALITY_UNASSIGNED,GF3A_DIRECTIONAL_WRITE_EXHAUSTED_PRIMALITY_UNASSIGNED,513,512,512,NO_RECORDED_FACTOR_PRP_OR_LL_RESULT_AND_NO_ACTIVE_GIMPS_ASSIGNMENT,2026-08-09T04:34:14+00:00,UNALLOCATED,,,,,
SLCMP1765-2256,2256,2256,583614893,2^583614893-1,STRUCTURAL_SCREEN_EXHAUSTED_PRIMALITY_UNASSIGNED,GF3A_DIRECTIONAL_WRITE_EXHAUSTED_PRIMALITY_UNASSIGNED,513,512,512,NO_RECORDED_FACTOR_PRP_OR_LL_RESULT_AND_NO_ACTIVE_GIMPS_ASSIGNMENT,2026-08-09T04:34:14+00:00,UNALLOCATED,,,,,
SLCMP1765-2257,2257,2257,583614917,2^583614917-1,STRUCTURAL_SCREEN_EXHAUSTED_PRIMALITY_UNASSIGNED,GF3A_DIRECTIONAL_WRITE_EXHAUSTED_PRIMALITY_UNASSIGNED,513,512,512,NO_RECORDED_FACTOR_PRP_OR_LL_RESULT_AND_NO_ACTIVE_GIMPS_ASSIGNMENT,2026-08-09T04:34:14+00:00,UNALLOCATED,,,,,
SLCMP1765-2258,2258,2258,583614929,2^583614929-1,STRUCTURAL_SCREEN_EXHAUSTED_PRIMALITY_UNASSIGNED,GF3A_DIRECTIONAL_WRITE_EXHAUSTED_PRIMALITY_UNASSIGNED,513,512,512,NO_RECORDED_FACTOR_PRP_OR_LL_RESULT_AND_NO_ACTIVE_GIMPS_ASSIGNMENT,2026-08-09T04:34:14+00:00,UNALLOCATED,,,,,
SLCMP1765-2259,2259,2259,583614989,2^583614989-1,STRUCTURAL_SCREEN_EXHAUSTED_PRIMALITY_UNASSIGNED,GF3A_DIRECTIONAL_WRITE_EXHAUSTED_PRIMALITY_UNASSIGNED,513,512,512,NO_RECORDED_FACTOR_PRP_OR_LL_RESULT_AND_NO_ACTIVE_GIMPS_ASSIGNMENT,2026-08-09T04:34:14+00:00,UNALLOCATED,,,,,
SLCMP1765-2260,2260,2260,583615009,2^583615009-1,STRUCTURAL_SCREEN_EXHAUSTED_PRIMALITY_UNASSIGNED,GF3A_DIRECTIONAL_WRITE_EXHAUSTED_PRIMALITY_UNASSIGNED,513,512,512,NO_RECORDED_FACTOR_PRP_OR_LL_RESULT_AND_NO_ACTIVE_GIMPS_ASSIGNMENT,2026-08-09T04:34:14+00:00,UNALLOCATED,,,,,
SLCMP1765-2261,2261,2261,583615051,2^583615051-1,STRUCTURAL_SCREEN_EXHAUSTED_PRIMALITY_UNASSIGNED,GF3A_DIRECTIONAL_WRITE_EXHAUSTED_PRIMALITY_UNASSIGNED,514,512,512,NO_RECORDED_FACTOR_PRP_OR_LL_RESULT_AND_NO_ACTIVE_GIMPS_ASSIGNMENT,2026-08-09T04:34:14+00:00,UNALLOCATED,,,,,
SLCMP1765-2262,2262,2262,583615157,2^583615157-1,STRUCTURAL_SCREEN_EXHAUSTED_PRIMALITY_UNASSIGNED,GF3A_DIRECTIONAL_WRITE_EXHAUSTED_PRIMALITY_UNASSIGNED,513,512,512,NO_RECORDED_FACTOR_PRP_OR_LL_RESULT_AND_NO_ACTIVE_GIMPS_ASSIGNMENT,2026-08-09T04:34:14+00:00,UNALLOCATED,,,,,
SLCMP1765-2263,2263,2263,583615159,2^583615159-1,STRUCTURAL_SCREEN_EXHAUSTED_PRIMALITY_UNASSIGNED,GF3A_DIRECTIONAL_WRITE_EXHAUSTED_PRIMALITY_UNASSIGNED,514,512,512,NO_RECORDED_FACTOR_PRP_OR_LL_RESULT_AND_NO_ACTIVE_GIMPS_ASSIGNMENT,2026-08-09T04:34:14+00:00,UNALLOCATED,,,,,
SLCMP1765-2264,2264,2264,583615189,2^583615189-1,STRUCTURAL_SCREEN_EXHAUSTED_PRIMALITY_UNASSIGNED,GF3A_DIRECTIONAL_WRITE_EXHAUSTED_PRIMALITY_UNASSIGNED,513,512,512,NO_RECORDED_FACTOR_PRP_OR_LL_RESULT_AND_NO_ACTIVE_GIMPS_ASSIGNMENT,2026-08-09T04:34:14+00:00,UNALLOCATED,,,,,
SLCMP1765-2265,2265,2265,583615283,2^583615283-1,STRUCTURAL_SCREEN_EXHAUSTED_PRIMALITY_UNASSIGNED,GF3A_DIRECTIONAL_WRITE_EXHAUSTED_PRIMALITY_UNASSIGNED,514,512,512,NO_RECORDED_FACTOR_PRP_OR_LL_RESULT_AND_NO_ACTIVE_GIMPS_ASSIGNMENT,2026-08-09T04:34:14+00:00,UNALLOCATED,,,,,
SLCMP1765-2266,2266,2266,583615303,2^583615303-1,STRUCTURAL_SCREEN_EXHAUSTED_PRIMALITY_UNASSIGNED,GF3A_DIRECTIONAL_WRITE_EXHAUSTED_PRIMALITY_UNASSIGNED,514,512,512,NO_RECORDED_FACTOR_PRP_OR_LL_RESULT_AND_NO_ACTIVE_GIMPS_ASSIGNMENT,2026-08-09T04:34:14+00:00,UNALLOCATED,,,,,
SLCMP1765-2267,2267,2267,583615337,2^583615337-1,STRUCTURAL_SCREEN_EXHAUSTED_PRIMALITY_UNASSIGNED,GF3A_DIRECTIONAL_WRITE_EXHAUSTED_PRIMALITY_UNASSIGNED,513,512,512,NO_RECORDED_FACTOR_PRP_OR_LL_RESULT_AND_NO_ACTIVE_GIMPS_ASSIGNMENT,2026-08-09T04:34:14+00:00,UNALLOCATED,,,,,
SLCMP1765-2268,2268,2268,583615387,2^583615387-1,STRUCTURAL_SCREEN_EXHAUSTED_PRIMALITY_UNASSIGNED,GF3A_DIRECTIONAL_WRITE_EXHAUSTED_PRIMALITY_UNASSIGNED,514,512,512,NO_RECORDED_FACTOR_PRP_OR_LL_RESULT_AND_NO_ACTIVE_GIMPS_ASSIGNMENT,2026-08-09T04:34:14+00:00,UNALLOCATED,,,,,
SLCMP1765-2269,2269,2269,583615429,2^583615429-1,STRUCTURAL_SCREEN_EXHAUSTED_PRIMALITY_UNASSIGNED,GF3A_DIRECTIONAL_WRITE_EXHAUSTED_PRIMALITY_UNASSIGNED,513,512,512,NO_RECORDED_FACTOR_PRP_OR_LL_RESULT_AND_NO_ACTIVE_GIMPS_ASSIGNMENT,2026-08-09T04:34:14+00:00,UNALLOCATED,,,,,
SLCMP1765-2270,2270,2270,583615577,2^583615577-1,STRUCTURAL_SCREEN_EXHAUSTED_PRIMALITY_UNASSIGNED,GF3A_DIRECTIONAL_WRITE_EXHAUSTED_PRIMALITY_UNASSIGNED,513,512,512,NO_RECORDED_FACTOR_PRP_OR_LL_RESULT_AND_NO_ACTIVE_GIMPS_ASSIGNMENT,2026-08-09T04:34:14+00:00,UNALLOCATED,,,,,
SLCMP1765-2271,2271,2271,583615601,2^583615601-1,STRUCTURAL_SCREEN_EXHAUSTED_PRIMALITY_UNASSIGNED,GF3A_DIRECTIONAL_WRITE_EXHAUSTED_PRIMALITY_UNASSIGNED,513,512,512,NO_RECORDED_FACTOR_PRP_OR_LL_RESULT_AND_NO_ACTIVE_GIMPS_ASSIGNMENT,2026-08-09T04:34:14+00:00,UNALLOCATED,,,,,
SLCMP1765-2272,2272,2272,583615687,2^583615687-1,STRUCTURAL_SCREEN_EXHAUSTED_PRIMALITY_UNASSIGNED,GF3A_DIRECTIONAL_WRITE_EXHAUSTED_PRIMALITY_UNASSIGNED,514,512,512,NO_RECORDED_FACTOR_PRP_OR_LL_RESULT_AND_NO_ACTIVE_GIMPS_ASSIGNMENT,2026-08-09T04:34:14+00:00,UNALLOCATED,,,,,
SLCMP1765-2273,2273,2273,583615699,2^583615699-1,STRUCTURAL_SCREEN_EXHAUSTED_PRIMALITY_UNASSIGNED,GF3A_DIRECTIONAL_WRITE_EXHAUSTED_PRIMALITY_UNASSIGNED,514,512,512,NO_RECORDED_FACTOR_PRP_OR_LL_RESULT_AND_NO_ACTIVE_GIMPS_ASSIGNMENT,2026-08-09T04:34:14+00:00,UNALLOCATED,,,,,
SLCMP1765-2274,2274,2274,583615759,2^583615759-1,STRUCTURAL_SCREEN_EXHAUSTED_PRIMALITY_UNASSIGNED,GF3A_DIRECTIONAL_WRITE_EXHAUSTED_PRIMALITY_UNASSIGNED,514,512,512,NO_RECORDED_FACTOR_PRP_OR_LL_RESULT_AND_NO_ACTIVE_GIMPS_ASSIGNMENT,2026-08-09T04:34:14+00:00,UNALLOCATED,,,,,
SLCMP1765-2275,2275,2275,583615789,2^583615789-1,STRUCTURAL_SCREEN_EXHAUSTED_PRIMALITY_UNASSIGNED,GF3A_DIRECTIONAL_WRITE_EXHAUSTED_PRIMALITY_UNASSIGNED,513,512,512,NO_RECORDED_FACTOR_PRP_OR_LL_RESULT_AND_NO_ACTIVE_GIMPS_ASSIGNMENT,2026-08-09T04:34:14+00:00,UNALLOCATED,,,,,
SLCMP1765-2276,2276,2276,583615829,2^583615829-1,STRUCTURAL_SCREEN_EXHAUSTED_PRIMALITY_UNASSIGNED,GF3A_DIRECTIONAL_WRITE_EXHAUSTED_PRIMALITY_UNASSIGNED,513,512,512,NO_RECORDED_FACTOR_PRP_OR_LL_RESULT_AND_NO_ACTIVE_GIMPS_ASSIGNMENT,2026-08-09T04:34:14+00:00,UNALLOCATED,,,,,
SLCMP1765-2277,2277,2277,583615841,2^583615841-1,STRUCTURAL_SCREEN_EXHAUSTED_PRIMALITY_UNASSIGNED,GF3A_DIRECTIONAL_WRITE_EXHAUSTED_PRIMALITY_UNASSIGNED,513,512,512,NO_RECORDED_FACTOR_PRP_OR_LL_RESULT_AND_NO_ACTIVE_GIMPS_ASSIGNMENT,2026-08-09T04:34:14+00:00,UNALLOCATED,,,,,
SLCMP1765-2278,2278,2278,583615843,2^583615843-1,STRUCTURAL_SCREEN_EXHAUSTED_PRIMALITY_UNASSIGNED,GF3A_DIRECTIONAL_WRITE_EXHAUSTED_PRIMALITY_UNASSIGNED,514,512,512,NO_RECORDED_FACTOR_PRP_OR_LL_RESULT_AND_NO_ACTIVE_GIMPS_ASSIGNMENT,2026-08-09T04:34:14+00:00,UNALLOCATED,,,,,
SLCMP1765-2279,2279,2279,583615891,2^583615891-1,STRUCTURAL_SCREEN_EXHAUSTED_PRIMALITY_UNASSIGNED,GF3A_DIRECTIONAL_WRITE_EXHAUSTED_PRIMALITY_UNASSIGNED,514,512,512,NO_RECORDED_FACTOR_PRP_OR_LL_RESULT_AND_NO_ACTIVE_GIMPS_ASSIGNMENT,2026-08-09T04:34:14+00:00,UNALLOCATED,,,,,
SLCMP1765-2280,2280,2280,583615979,2^583615979-1,STRUCTURAL_SCREEN_EXHAUSTED_PRIMALITY_UNASSIGNED,GF3A_DIRECTIONAL_WRITE_EXHAUSTED_PRIMALITY_UNASSIGNED,514,512,512,NO_RECORDED_FACTOR_PRP_OR_LL_RESULT_AND_NO_ACTIVE_GIMPS_ASSIGNMENT,2026-08-09T04:34:14+00:00,UNALLOCATED,,,,,
SLCMP1765-2281,2281,2281,583615997,2^583615997-1,STRUCTURAL_SCREEN_EXHAUSTED_PRIMALITY_UNASSIGNED,GF3A_DIRECTIONAL_WRITE_EXHAUSTED_PRIMALITY_UNASSIGNED,513,512,512,NO_RECORDED_FACTOR_PRP_OR_LL_RESULT_AND_NO_ACTIVE_GIMPS_ASSIGNMENT,2026-08-09T04:34:14+00:00,UNALLOCATED,,,,,
SLCMP1765-2282,2282,2282,583615999,2^583615999-1,STRUCTURAL_SCREEN_EXHAUSTED_PRIMALITY_UNASSIGNED,GF3A_DIRECTIONAL_WRITE_EXHAUSTED_PRIMALITY_UNASSIGNED,514,512,512,NO_RECORDED_FACTOR_PRP_OR_LL_RESULT_AND_NO_ACTIVE_GIMPS_ASSIGNMENT,2026-08-09T04:34:14+00:00,UNALLOCATED,,,,,
SLCMP1765-2283,2283,2283,583616107,2^583616107-1,STRUCTURAL_SCREEN_EXHAUSTED_PRIMALITY_UNASSIGNED,GF3A_DIRECTIONAL_WRITE_EXHAUSTED_PRIMALITY_UNASSIGNED,514,512,512,NO_RECORDED_FACTOR_PRP_OR_LL_RESULT_AND_NO_ACTIVE_GIMPS_ASSIGNMENT,2026-08-09T04:34:14+00:00,UNALLOCATED,,,,,
SLCMP1765-2284,2284,2284,583616119,2^583616119-1,STRUCTURAL_SCREEN_EXHAUSTED_PRIMALITY_UNASSIGNED,GF3A_DIRECTIONAL_WRITE_EXHAUSTED_PRIMALITY_UNASSIGNED,514,512,512,NO_RECORDED_FACTOR_PRP_OR_LL_RESULT_AND_NO_ACTIVE_GIMPS_ASSIGNMENT,2026-08-09T04:34:14+00:00,UNALLOCATED,,,,,
SLCMP1765-2285,2285,2285,583616129,2^583616129-1,STRUCTURAL_SCREEN_EXHAUSTED_PRIMALITY_UNASSIGNED,GF3A_DIRECTIONAL_WRITE_EXHAUSTED_PRIMALITY_UNASSIGNED,513,512,512,NO_RECORDED_FACTOR_PRP_OR_LL_RESULT_AND_NO_ACTIVE_GIMPS_ASSIGNMENT,2026-08-09T04:34:14+00:00,UNALLOCATED,,,,,
SLCMP1765-2286,2286,2286,583616197,2^583616197-1,STRUCTURAL_SCREEN_EXHAUSTED_PRIMALITY_UNASSIGNED,GF3A_DIRECTIONAL_WRITE_EXHAUSTED_PRIMALITY_UNASSIGNED,513,512,512,NO_RECORDED_FACTOR_PRP_OR_LL_RESULT_AND_NO_ACTIVE_GIMPS_ASSIGNMENT,2026-08-09T04:34:14+00:00,UNALLOCATED,,,,,
SLCMP1765-2287,2287,2287,583616291,2^583616291-1,STRUCTURAL_SCREEN_EXHAUSTED_PRIMALITY_UNASSIGNED,GF3A_DIRECTIONAL_WRITE_EXHAUSTED_PRIMALITY_UNASSIGNED,514,512,512,NO_RECORDED_FACTOR_PRP_OR_LL_RESULT_AND_NO_ACTIVE_GIMPS_ASSIGNMENT,2026-08-09T04:34:14+00:00,UNALLOCATED,,,,,
SLCMP1765-2288,2288,2288,583616321,2^583616321-1,STRUCTURAL_SCREEN_EXHAUSTED_PRIMALITY_UNASSIGNED,GF3A_DIRECTIONAL_WRITE_EXHAUSTED_PRIMALITY_UNASSIGNED,513,512,512,NO_RECORDED_FACTOR_PRP_OR_LL_RESULT_AND_NO_ACTIVE_GIMPS_ASSIGNMENT,2026-08-09T04:34:14+00:00,UNALLOCATED,,,,,
SLCMP1765-2289,2289,2289,583616471,2^583616471-1,STRUCTURAL_SCREEN_EXHAUSTED_PRIMALITY_UNASSIGNED,GF3A_DIRECTIONAL_WRITE_EXHAUSTED_PRIMALITY_UNASSIGNED,514,512,512,NO_RECORDED_FACTOR_PRP_OR_LL_RESULT_AND_NO_ACTIVE_GIMPS_ASSIGNMENT,2026-08-09T04:34:14+00:00,UNALLOCATED,,,,,
SLCMP1765-2290,2290,2290,583616489,2^583616489-1,STRUCTURAL_SCREEN_EXHAUSTED_PRIMALITY_UNASSIGNED,GF3A_DIRECTIONAL_WRITE_EXHAUSTED_PRIMALITY_UNASSIGNED,513,512,512,NO_RECORDED_FACTOR_PRP_OR_LL_RESULT_AND_NO_ACTIVE_GIMPS_ASSIGNMENT,2026-08-09T04:34:14+00:00,UNALLOCATED,,,,,
SLCMP1765-2291,2291,2291,583616623,2^583616623-1,STRUCTURAL_SCREEN_EXHAUSTED_PRIMALITY_UNASSIGNED,GF3A_DIRECTIONAL_WRITE_EXHAUSTED_PRIMALITY_UNASSIGNED,514,512,512,NO_RECORDED_FACTOR_PRP_OR_LL_RESULT_AND_NO_ACTIVE_GIMPS_ASSIGNMENT,2026-08-09T04:34:14+00:00,UNALLOCATED,,,,,
SLCMP1765-2292,2292,2292,583616641,2^583616641-1,STRUCTURAL_SCREEN_EXHAUSTED_PRIMALITY_UNASSIGNED,GF3A_DIRECTIONAL_WRITE_EXHAUSTED_PRIMALITY_UNASSIGNED,513,512,512,NO_RECORDED_FACTOR_PRP_OR_LL_RESULT_AND_NO_ACTIVE_GIMPS_ASSIGNMENT,2026-08-09T04:34:14+00:00,UNALLOCATED,,,,,
SLCMP1765-2293,2293,2293,583616717,2^583616717-1,STRUCTURAL_SCREEN_EXHAUSTED_PRIMALITY_UNASSIGNED,GF3A_DIRECTIONAL_WRITE_EXHAUSTED_PRIMALITY_UNASSIGNED,513,512,512,NO_RECORDED_FACTOR_PRP_OR_LL_RESULT_AND_NO_ACTIVE_GIMPS_ASSIGNMENT,2026-08-09T04:34:14+00:00,UNALLOCATED,,,,,
SLCMP1765-2294,2294,2294,583616801,2^583616801-1,STRUCTURAL_SCREEN_EXHAUSTED_PRIMALITY_UNASSIGNED,GF3A_DIRECTIONAL_WRITE_EXHAUSTED_PRIMALITY_UNASSIGNED,513,512,512,NO_RECORDED_FACTOR_PRP_OR_LL_RESULT_AND_NO_ACTIVE_GIMPS_ASSIGNMENT,2026-08-09T04:34:14+00:00,UNALLOCATED,,,,,
SLCMP1765-2295,2295,2295,583616807,2^583616807-1,STRUCTURAL_SCREEN_EXHAUSTED_PRIMALITY_UNASSIGNED,GF3A_DIRECTIONAL_WRITE_EXHAUSTED_PRIMALITY_UNASSIGNED,514,512,512,NO_RECORDED_FACTOR_PRP_OR_LL_RESULT_AND_NO_ACTIVE_GIMPS_ASSIGNMENT,2026-08-09T04:34:14+00:00,UNALLOCATED,,,,,
SLCMP1765-2296,2296,2296,583616879,2^583616879-1,STRUCTURAL_SCREEN_EXHAUSTED_PRIMALITY_UNASSIGNED,GF3A_DIRECTIONAL_WRITE_EXHAUSTED_PRIMALITY_UNASSIGNED,514,512,512,NO_RECORDED_FACTOR_PRP_OR_LL_RESULT_AND_NO_ACTIVE_GIMPS_ASSIGNMENT,2026-08-09T04:34:14+00:00,UNALLOCATED,,,,,
SLCMP1765-2297,2297,2297,583616923,2^583616923-1,STRUCTURAL_SCREEN_EXHAUSTED_PRIMALITY_UNASSIGNED,GF3A_DIRECTIONAL_WRITE_EXHAUSTED_PRIMALITY_UNASSIGNED,514,512,512,NO_RECORDED_FACTOR_PRP_OR_LL_RESULT_AND_NO_ACTIVE_GIMPS_ASSIGNMENT,2026-08-09T04:34:14+00:00,UNALLOCATED,,,,,
SLCMP1765-2298,2298,2298,583616959,2^583616959-1,STRUCTURAL_SCREEN_EXHAUSTED_PRIMALITY_UNASSIGNED,GF3A_DIRECTIONAL_WRITE_EXHAUSTED_PRIMALITY_UNASSIGNED,514,512,512,NO_RECORDED_FACTOR_PRP_OR_LL_RESULT_AND_NO_ACTIVE_GIMPS_ASSIGNMENT,2026-08-09T04:34:14+00:00,UNALLOCATED,,,,,
SLCMP1765-2299,2299,2299,583616989,2^583616989-1,STRUCTURAL_SCREEN_EXHAUSTED_PRIMALITY_UNASSIGNED,GF3A_DIRECTIONAL_WRITE_EXHAUSTED_PRIMALITY_UNASSIGNED,513,512,512,NO_RECORDED_FACTOR_PRP_OR_LL_RESULT_AND_NO_ACTIVE_GIMPS_ASSIGNMENT,2026-08-09T04:34:14+00:00,UNALLOCATED,,,,,
SLCMP1765-2300,2300,2300,583617103,2^583617103-1,STRUCTURAL_SCREEN_EXHAUSTED_PRIMALITY_UNASSIGNED,GF3A_DIRECTIONAL_WRITE_EXHAUSTED_PRIMALITY_UNASSIGNED,514,512,512,NO_RECORDED_FACTOR_PRP_OR_LL_RESULT_AND_NO_ACTIVE_GIMPS_ASSIGNMENT,2026-08-09T04:34:14+00:00,UNALLOCATED,,,,,
SLCMP1765-2301,2301,2301,583617107,2^583617107-1,STRUCTURAL_SCREEN_EXHAUSTED_PRIMALITY_UNASSIGNED,GF3A_DIRECTIONAL_WRITE_EXHAUSTED_PRIMALITY_UNASSIGNED,514,512,512,NO_RECORDED_FACTOR_PRP_OR_LL_RESULT_AND_NO_ACTIVE_GIMPS_ASSIGNMENT,2026-08-09T04:34:14+00:00,UNALLOCATED,,,,,
SLCMP1765-2302,2302,2302,583617137,2^583617137-1,STRUCTURAL_SCREEN_EXHAUSTED_PRIMALITY_UNASSIGNED,GF3A_DIRECTIONAL_WRITE_EXHAUSTED_PRIMALITY_UNASSIGNED,513,512,512,NO_RECORDED_FACTOR_PRP_OR_LL_RESULT_AND_NO_ACTIVE_GIMPS_ASSIGNMENT,2026-08-09T04:34:14+00:00,UNALLOCATED,,,,,
SLCMP1765-2303,2303,2303,583617143,2^583617143-1,STRUCTURAL_SCREEN_EXHAUSTED_PRIMALITY_UNASSIGNED,GF3A_DIRECTIONAL_WRITE_EXHAUSTED_PRIMALITY_UNASSIGNED,514,512,512,NO_RECORDED_FACTOR_PRP_OR_LL_RESULT_AND_NO_ACTIVE_GIMPS_ASSIGNMENT,2026-08-09T04:34:14+00:00,UNALLOCATED,,,,,
SLCMP1765-2304,2304,2304,583617389,2^583617389-1,STRUCTURAL_SCREEN_EXHAUSTED_PRIMALITY_UNASSIGNED,GF3A_DIRECTIONAL_WRITE_EXHAUSTED_PRIMALITY_UNASSIGNED,513,512,512,NO_RECORDED_FACTOR_PRP_OR_LL_RESULT_AND_NO_ACTIVE_GIMPS_ASSIGNMENT,2026-08-09T04:34:14+00:00,UNALLOCATED,,,,,
SLCMP1765-2305,2305,2305,583617421,2^583617421-1,STRUCTURAL_SCREEN_EXHAUSTED_PRIMALITY_UNASSIGNED,GF3A_DIRECTIONAL_WRITE_EXHAUSTED_PRIMALITY_UNASSIGNED,513,512,512,NO_RECORDED_FACTOR_PRP_OR_LL_RESULT_AND_NO_ACTIVE_GIMPS_ASSIGNMENT,2026-08-09T04:34:14+00:00,UNALLOCATED,,,,,
SLCMP1765-2306,2306,2306,583617511,2^583617511-1,STRUCTURAL_SCREEN_EXHAUSTED_PRIMALITY_UNASSIGNED,GF3A_DIRECTIONAL_WRITE_EXHAUSTED_PRIMALITY_UNASSIGNED,514,512,512,NO_RECORDED_FACTOR_PRP_OR_LL_RESULT_AND_NO_ACTIVE_GIMPS_ASSIGNMENT,2026-08-09T04:34:14+00:00,UNALLOCATED,,,,,
SLCMP1765-2307,2307,2307,583617607,2^583617607-1,STRUCTURAL_SCREEN_EXHAUSTED_PRIMALITY_UNASSIGNED,GF3A_DIRECTIONAL_WRITE_EXHAUSTED_PRIMALITY_UNASSIGNED,514,512,512,NO_RECORDED_FACTOR_PRP_OR_LL_RESULT_AND_NO_ACTIVE_GIMPS_ASSIGNMENT,2026-08-09T04:34:14+00:00,UNALLOCATED,,,,,
SLCMP1765-2308,2308,2308,583617631,2^583617631-1,STRUCTURAL_SCREEN_EXHAUSTED_PRIMALITY_UNASSIGNED,GF3A_DIRECTIONAL_WRITE_EXHAUSTED_PRIMALITY_UNASSIGNED,514,512,512,NO_RECORDED_FACTOR_PRP_OR_LL_RESULT_AND_NO_ACTIVE_GIMPS_ASSIGNMENT,2026-08-09T04:34:14+00:00,UNALLOCATED,,,,,
SLCMP1765-2309,2309,2309,583617691,2^583617691-1,STRUCTURAL_SCREEN_EXHAUSTED_PRIMALITY_UNASSIGNED,GF3A_DIRECTIONAL_WRITE_EXHAUSTED_PRIMALITY_UNASSIGNED,514,512,512,NO_RECORDED_FACTOR_PRP_OR_LL_RESULT_AND_NO_ACTIVE_GIMPS_ASSIGNMENT,2026-08-09T04:34:14+00:00,UNALLOCATED,,,,,
SLCMP1765-2310,2310,2310,583617883,2^583617883-1,STRUCTURAL_SCREEN_EXHAUSTED_PRIMALITY_UNASSIGNED,GF3A_DIRECTIONAL_WRITE_EXHAUSTED_PRIMALITY_UNASSIGNED,514,512,512,NO_RECORDED_FACTOR_PRP_OR_LL_RESULT_AND_NO_ACTIVE_GIMPS_ASSIGNMENT,2026-08-09T04:34:14+00:00,UNALLOCATED,,,,,
SLCMP1765-2311,2311,2311,583617899,2^583617899-1,STRUCTURAL_SCREEN_EXHAUSTED_PRIMALITY_UNASSIGNED,GF3A_DIRECTIONAL_WRITE_EXHAUSTED_PRIMALITY_UNASSIGNED,514,512,512,NO_RECORDED_FACTOR_PRP_OR_LL_RESULT_AND_NO_ACTIVE_GIMPS_ASSIGNMENT,2026-08-09T04:34:14+00:00,UNALLOCATED,,,,,
SLCMP1765-2312,2312,2312,583617907,2^583617907-1,STRUCTURAL_SCREEN_EXHAUSTED_PRIMALITY_UNASSIGNED,GF3A_DIRECTIONAL_WRITE_EXHAUSTED_PRIMALITY_UNASSIGNED,514,512,512,NO_RECORDED_FACTOR_PRP_OR_LL_RESULT_AND_NO_ACTIVE_GIMPS_ASSIGNMENT,2026-08-09T04:34:14+00:00,UNALLOCATED,,,,,
SLCMP1765-2313,2313,2313,583617917,2^583617917-1,STRUCTURAL_SCREEN_EXHAUSTED_PRIMALITY_UNASSIGNED,GF3A_DIRECTIONAL_WRITE_EXHAUSTED_PRIMALITY_UNASSIGNED,513,512,512,NO_RECORDED_FACTOR_PRP_OR_LL_RESULT_AND_NO_ACTIVE_GIMPS_ASSIGNMENT,2026-08-09T04:34:14+00:00,UNALLOCATED,,,,,
SLCMP1765-2314,2314,2314,583617949,2^583617949-1,STRUCTURAL_SCREEN_EXHAUSTED_PRIMALITY_UNASSIGNED,GF3A_DIRECTIONAL_WRITE_EXHAUSTED_PRIMALITY_UNASSIGNED,513,512,512,NO_RECORDED_FACTOR_PRP_OR_LL_RESULT_AND_NO_ACTIVE_GIMPS_ASSIGNMENT,2026-08-09T04:34:14+00:00,UNALLOCATED,,,,,
SLCMP1765-2315,2315,2315,583617961,2^583617961-1,STRUCTURAL_SCREEN_EXHAUSTED_PRIMALITY_UNASSIGNED,GF3A_DIRECTIONAL_WRITE_EXHAUSTED_PRIMALITY_UNASSIGNED,513,512,512,NO_RECORDED_FACTOR_PRP_OR_LL_RESULT_AND_NO_ACTIVE_GIMPS_ASSIGNMENT,2026-08-09T04:34:14+00:00,UNALLOCATED,,,,,
SLCMP1765-2316,2316,2316,583618037,2^583618037-1,STRUCTURAL_SCREEN_EXHAUSTED_PRIMALITY_UNASSIGNED,GF3A_DIRECTIONAL_WRITE_EXHAUSTED_PRIMALITY_UNASSIGNED,513,512,512,NO_RECORDED_FACTOR_PRP_OR_LL_RESULT_AND_NO_ACTIVE_GIMPS_ASSIGNMENT,2026-08-09T04:34:14+00:00,UNALLOCATED,,,,,
SLCMP1765-2317,2317,2317,583618103,2^583618103-1,STRUCTURAL_SCREEN_EXHAUSTED_PRIMALITY_UNASSIGNED,GF3A_DIRECTIONAL_WRITE_EXHAUSTED_PRIMALITY_UNASSIGNED,514,512,512,NO_RECORDED_FACTOR_PRP_OR_LL_RESULT_AND_NO_ACTIVE_GIMPS_ASSIGNMENT,2026-08-09T04:34:14+00:00,UNALLOCATED,,,,,
SLCMP1765-2318,2318,2318,583618319,2^583618319-1,STRUCTURAL_SCREEN_EXHAUSTED_PRIMALITY_UNASSIGNED,GF3A_DIRECTIONAL_WRITE_EXHAUSTED_PRIMALITY_UNASSIGNED,514,512,512,NO_RECORDED_FACTOR_PRP_OR_LL_RESULT_AND_NO_ACTIVE_GIMPS_ASSIGNMENT,2026-08-09T04:34:14+00:00,UNALLOCATED,,,,,
SLCMP1765-2319,2319,2319,583618349,2^583618349-1,STRUCTURAL_SCREEN_EXHAUSTED_PRIMALITY_UNASSIGNED,GF3A_DIRECTIONAL_WRITE_EXHAUSTED_PRIMALITY_UNASSIGNED,513,512,512,NO_RECORDED_FACTOR_PRP_OR_LL_RESULT_AND_NO_ACTIVE_GIMPS_ASSIGNMENT,2026-08-09T04:34:14+00:00,UNALLOCATED,,,,,
SLCMP1765-2320,2320,2320,583618439,2^583618439-1,STRUCTURAL_SCREEN_EXHAUSTED_PRIMALITY_UNASSIGNED,GF3A_DIRECTIONAL_WRITE_EXHAUSTED_PRIMALITY_UNASSIGNED,514,512,512,NO_RECORDED_FACTOR_PRP_OR_LL_RESULT_AND_NO_ACTIVE_GIMPS_ASSIGNMENT,2026-08-09T04:34:14+00:00,UNALLOCATED,,,,,
SLCMP1765-2321,2321,2321,583618463,2^583618463-1,STRUCTURAL_SCREEN_EXHAUSTED_PRIMALITY_UNASSIGNED,GF3A_DIRECTIONAL_WRITE_EXHAUSTED_PRIMALITY_UNASSIGNED,514,512,512,NO_RECORDED_FACTOR_PRP_OR_LL_RESULT_AND_NO_ACTIVE_GIMPS_ASSIGNMENT,2026-08-09T04:34:14+00:00,UNALLOCATED,,,,,
SLCMP1765-2322,2322,2322,583618471,2^583618471-1,STRUCTURAL_SCREEN_EXHAUSTED_PRIMALITY_UNASSIGNED,GF3A_DIRECTIONAL_WRITE_EXHAUSTED_PRIMALITY_UNASSIGNED,514,512,512,NO_RECORDED_FACTOR_PRP_OR_LL_RESULT_AND_NO_ACTIVE_GIMPS_ASSIGNMENT,2026-08-09T04:34:14+00:00,UNALLOCATED,,,,,
SLCMP1765-2323,2323,2323,583618499,2^583618499-1,STRUCTURAL_SCREEN_EXHAUSTED_PRIMALITY_UNASSIGNED,GF3A_DIRECTIONAL_WRITE_EXHAUSTED_PRIMALITY_UNASSIGNED,514,512,512,NO_RECORDED_FACTOR_PRP_OR_LL_RESULT_AND_NO_ACTIVE_GIMPS_ASSIGNMENT,2026-08-09T04:34:14+00:00,UNALLOCATED,,,,,
SLCMP1765-2324,2324,2324,583618507,2^583618507-1,STRUCTURAL_SCREEN_EXHAUSTED_PRIMALITY_UNASSIGNED,GF3A_DIRECTIONAL_WRITE_EXHAUSTED_PRIMALITY_UNASSIGNED,514,512,512,NO_RECORDED_FACTOR_PRP_OR_LL_RESULT_AND_NO_ACTIVE_GIMPS_ASSIGNMENT,2026-08-09T04:34:14+00:00,UNALLOCATED,,,,,
SLCMP1765-2325,2325,2325,583618571,2^583618571-1,STRUCTURAL_SCREEN_EXHAUSTED_PRIMALITY_UNASSIGNED,GF3A_DIRECTIONAL_WRITE_EXHAUSTED_PRIMALITY_UNASSIGNED,514,512,512,NO_RECORDED_FACTOR_PRP_OR_LL_RESULT_AND_NO_ACTIVE_GIMPS_ASSIGNMENT,2026-08-09T04:34:14+00:00,UNALLOCATED,,,,,
SLCMP1765-2326,2326,2326,583618597,2^583618597-1,STRUCTURAL_SCREEN_EXHAUSTED_PRIMALITY_UNASSIGNED,GF3A_DIRECTIONAL_WRITE_EXHAUSTED_PRIMALITY_UNASSIGNED,513,512,512,NO_RECORDED_FACTOR_PRP_OR_LL_RESULT_AND_NO_ACTIVE_GIMPS_ASSIGNMENT,2026-08-09T04:34:14+00:00,UNALLOCATED,,,,,
SLCMP1765-2327,2327,2327,583618601,2^583618601-1,STRUCTURAL_SCREEN_EXHAUSTED_PRIMALITY_UNASSIGNED,GF3A_DIRECTIONAL_WRITE_EXHAUSTED_PRIMALITY_UNASSIGNED,513,512,512,NO_RECORDED_FACTOR_PRP_OR_LL_RESULT_AND_NO_ACTIVE_GIMPS_ASSIGNMENT,2026-08-09T04:34:14+00:00,UNALLOCATED,,,,,
SLCMP1765-2328,2328,2328,583618621,2^583618621-1,STRUCTURAL_SCREEN_EXHAUSTED_PRIMALITY_UNASSIGNED,GF3A_DIRECTIONAL_WRITE_EXHAUSTED_PRIMALITY_UNASSIGNED,513,512,512,NO_RECORDED_FACTOR_PRP_OR_LL_RESULT_AND_NO_ACTIVE_GIMPS_ASSIGNMENT,2026-08-09T04:34:14+00:00,UNALLOCATED,,,,,
SLCMP1765-2329,2329,2329,583618663,2^583618663-1,STRUCTURAL_SCREEN_EXHAUSTED_PRIMALITY_UNASSIGNED,GF3A_DIRECTIONAL_WRITE_EXHAUSTED_PRIMALITY_UNASSIGNED,514,512,512,NO_RECORDED_FACTOR_PRP_OR_LL_RESULT_AND_NO_ACTIVE_GIMPS_ASSIGNMENT,2026-08-09T04:34:14+00:00,UNALLOCATED,,,,,
SLCMP1765-2330,2330,2330,583618667,2^583618667-1,STRUCTURAL_SCREEN_EXHAUSTED_PRIMALITY_UNASSIGNED,GF3A_DIRECTIONAL_WRITE_EXHAUSTED_PRIMALITY_UNASSIGNED,514,512,512,NO_RECORDED_FACTOR_PRP_OR_LL_RESULT_AND_NO_ACTIVE_GIMPS_ASSIGNMENT,2026-08-09T04:34:14+00:00,UNALLOCATED,,,,,
SLCMP1765-2331,2331,2331,583618699,2^583618699-1,STRUCTURAL_SCREEN_EXHAUSTED_PRIMALITY_UNASSIGNED,GF3A_DIRECTIONAL_WRITE_EXHAUSTED_PRIMALITY_UNASSIGNED,514,512,512,NO_RECORDED_FACTOR_PRP_OR_LL_RESULT_AND_NO_ACTIVE_GIMPS_ASSIGNMENT,2026-08-09T04:34:14+00:00,UNALLOCATED,,,,,
SLCMP1765-2332,2332,2332,583618727,2^583618727-1,STRUCTURAL_SCREEN_EXHAUSTED_PRIMALITY_UNASSIGNED,GF3A_DIRECTIONAL_WRITE_EXHAUSTED_PRIMALITY_UNASSIGNED,514,512,512,NO_RECORDED_FACTOR_PRP_OR_LL_RESULT_AND_NO_ACTIVE_GIMPS_ASSIGNMENT,2026-08-09T04:34:14+00:00,UNALLOCATED,,,,,
SLCMP1765-2333,2333,2333,583618757,2^583618757-1,STRUCTURAL_SCREEN_EXHAUSTED_PRIMALITY_UNASSIGNED,GF3A_DIRECTIONAL_WRITE_EXHAUSTED_PRIMALITY_UNASSIGNED,513,512,512,NO_RECORDED_FACTOR_PRP_OR_LL_RESULT_AND_NO_ACTIVE_GIMPS_ASSIGNMENT,2026-08-09T04:34:14+00:00,UNALLOCATED,,,,,
SLCMP1765-2334,2334,2334,583618933,2^583618933-1,STRUCTURAL_SCREEN_EXHAUSTED_PRIMALITY_UNASSIGNED,GF3A_DIRECTIONAL_WRITE_EXHAUSTED_PRIMALITY_UNASSIGNED,513,512,512,NO_RECORDED_FACTOR_PRP_OR_LL_RESULT_AND_NO_ACTIVE_GIMPS_ASSIGNMENT,2026-08-09T04:34:14+00:00,UNALLOCATED,,,,,
SLCMP1765-2335,2335,2335,583618943,2^583618943-1,STRUCTURAL_SCREEN_EXHAUSTED_PRIMALITY_UNASSIGNED,GF3A_DIRECTIONAL_WRITE_EXHAUSTED_PRIMALITY_UNASSIGNED,514,512,512,NO_RECORDED_FACTOR_PRP_OR_LL_RESULT_AND_NO_ACTIVE_GIMPS_ASSIGNMENT,2026-08-09T04:34:14+00:00,UNALLOCATED,,,,,
SLCMP1765-2336,2336,2336,583618949,2^583618949-1,STRUCTURAL_SCREEN_EXHAUSTED_PRIMALITY_UNASSIGNED,GF3A_DIRECTIONAL_WRITE_EXHAUSTED_PRIMALITY_UNASSIGNED,513,512,512,NO_RECORDED_FACTOR_PRP_OR_LL_RESULT_AND_NO_ACTIVE_GIMPS_ASSIGNMENT,2026-08-09T04:34:14+00:00,UNALLOCATED,,,,,
SLCMP1765-2337,2337,2337,583618963,2^583618963-1,STRUCTURAL_SCREEN_EXHAUSTED_PRIMALITY_UNASSIGNED,GF3A_DIRECTIONAL_WRITE_EXHAUSTED_PRIMALITY_UNASSIGNED,514,512,512,NO_RECORDED_FACTOR_PRP_OR_LL_RESULT_AND_NO_ACTIVE_GIMPS_ASSIGNMENT,2026-08-09T04:34:14+00:00,UNALLOCATED,,,,,
SLCMP1765-2338,2338,2338,583619033,2^583619033-1,STRUCTURAL_SCREEN_EXHAUSTED_PRIMALITY_UNASSIGNED,GF3A_DIRECTIONAL_WRITE_EXHAUSTED_PRIMALITY_UNASSIGNED,513,512,512,NO_RECORDED_FACTOR_PRP_OR_LL_RESULT_AND_NO_ACTIVE_GIMPS_ASSIGNMENT,2026-08-09T04:34:14+00:00,UNALLOCATED,,,,,
SLCMP1765-2339,2339,2339,583619039,2^583619039-1,STRUCTURAL_SCREEN_EXHAUSTED_PRIMALITY_UNASSIGNED,GF3A_DIRECTIONAL_WRITE_EXHAUSTED_PRIMALITY_UNASSIGNED,514,512,512,NO_RECORDED_FACTOR_PRP_OR_LL_RESULT_AND_NO_ACTIVE_GIMPS_ASSIGNMENT,2026-08-09T04:34:14+00:00,UNALLOCATED,,,,,
SLCMP1765-2340,2340,2340,583619081,2^583619081-1,STRUCTURAL_SCREEN_EXHAUSTED_PRIMALITY_UNASSIGNED,GF3A_DIRECTIONAL_WRITE_EXHAUSTED_PRIMALITY_UNASSIGNED,513,512,512,NO_RECORDED_FACTOR_PRP_OR_LL_RESULT_AND_NO_ACTIVE_GIMPS_ASSIGNMENT,2026-08-09T04:34:14+00:00,UNALLOCATED,,,,,
SLCMP1765-2341,2341,2341,583619117,2^583619117-1,STRUCTURAL_SCREEN_EXHAUSTED_PRIMALITY_UNASSIGNED,GF3A_DIRECTIONAL_WRITE_EXHAUSTED_PRIMALITY_UNASSIGNED,513,512,512,NO_RECORDED_FACTOR_PRP_OR_LL_RESULT_AND_NO_ACTIVE_GIMPS_ASSIGNMENT,2026-08-09T04:34:14+00:00,UNALLOCATED,,,,,
SLCMP1765-2342,2342,2342,583619131,2^583619131-1,STRUCTURAL_SCREEN_EXHAUSTED_PRIMALITY_UNASSIGNED,GF3A_DIRECTIONAL_WRITE_EXHAUSTED_PRIMALITY_UNASSIGNED,514,512,512,NO_RECORDED_FACTOR_PRP_OR_LL_RESULT_AND_NO_ACTIVE_GIMPS_ASSIGNMENT,2026-08-09T04:34:14+00:00,UNALLOCATED,,,,,
SLCMP1765-2343,2343,2343,583619207,2^583619207-1,STRUCTURAL_SCREEN_EXHAUSTED_PRIMALITY_UNASSIGNED,GF3A_DIRECTIONAL_WRITE_EXHAUSTED_PRIMALITY_UNASSIGNED,514,512,512,NO_RECORDED_FACTOR_PRP_OR_LL_RESULT_AND_NO_ACTIVE_GIMPS_ASSIGNMENT,2026-08-09T04:34:14+00:00,UNALLOCATED,,,,,
SLCMP1765-2344,2344,2344,583619213,2^583619213-1,STRUCTURAL_SCREEN_EXHAUSTED_PRIMALITY_UNASSIGNED,GF3A_DIRECTIONAL_WRITE_EXHAUSTED_PRIMALITY_UNASSIGNED,513,512,512,NO_RECORDED_FACTOR_PRP_OR_LL_RESULT_AND_NO_ACTIVE_GIMPS_ASSIGNMENT,2026-08-09T04:34:14+00:00,UNALLOCATED,,,,,
SLCMP1765-2345,2345,2345,583619261,2^583619261-1,STRUCTURAL_SCREEN_EXHAUSTED_PRIMALITY_UNASSIGNED,GF3A_DIRECTIONAL_WRITE_EXHAUSTED_PRIMALITY_UNASSIGNED,513,512,512,NO_RECORDED_FACTOR_PRP_OR_LL_RESULT_AND_NO_ACTIVE_GIMPS_ASSIGNMENT,2026-08-09T04:34:14+00:00,UNALLOCATED,,,,,
SLCMP1765-2346,2346,2346,583619329,2^583619329-1,STRUCTURAL_SCREEN_EXHAUSTED_PRIMALITY_UNASSIGNED,GF3A_DIRECTIONAL_WRITE_EXHAUSTED_PRIMALITY_UNASSIGNED,513,512,512,NO_RECORDED_FACTOR_PRP_OR_LL_RESULT_AND_NO_ACTIVE_GIMPS_ASSIGNMENT,2026-08-09T04:34:14+00:00,UNALLOCATED,,,,,
SLCMP1765-2347,2347,2347,583619341,2^583619341-1,STRUCTURAL_SCREEN_EXHAUSTED_PRIMALITY_UNASSIGNED,GF3A_DIRECTIONAL_WRITE_EXHAUSTED_PRIMALITY_UNASSIGNED,513,512,512,NO_RECORDED_FACTOR_PRP_OR_LL_RESULT_AND_NO_ACTIVE_GIMPS_ASSIGNMENT,2026-08-09T04:34:14+00:00,UNALLOCATED,,,,,
SLCMP1765-2348,2348,2348,583619347,2^583619347-1,STRUCTURAL_SCREEN_EXHAUSTED_PRIMALITY_UNASSIGNED,GF3A_DIRECTIONAL_WRITE_EXHAUSTED_PRIMALITY_UNASSIGNED,514,512,512,NO_RECORDED_FACTOR_PRP_OR_LL_RESULT_AND_NO_ACTIVE_GIMPS_ASSIGNMENT,2026-08-09T04:34:14+00:00,UNALLOCATED,,,,,
SLCMP1765-2349,2349,2349,583619357,2^583619357-1,STRUCTURAL_SCREEN_EXHAUSTED_PRIMALITY_UNASSIGNED,GF3A_DIRECTIONAL_WRITE_EXHAUSTED_PRIMALITY_UNASSIGNED,513,512,512,NO_RECORDED_FACTOR_PRP_OR_LL_RESULT_AND_NO_ACTIVE_GIMPS_ASSIGNMENT,2026-08-09T04:34:14+00:00,UNALLOCATED,,,,,
SLCMP1765-2350,2350,2350,583619471,2^583619471-1,STRUCTURAL_SCREEN_EXHAUSTED_PRIMALITY_UNASSIGNED,GF3A_DIRECTIONAL_WRITE_EXHAUSTED_PRIMALITY_UNASSIGNED,514,512,512,NO_RECORDED_FACTOR_PRP_OR_LL_RESULT_AND_NO_ACTIVE_GIMPS_ASSIGNMENT,2026-08-09T04:34:14+00:00,UNALLOCATED,,,,,
SLCMP1765-2351,2351,2351,583619551,2^583619551-1,STRUCTURAL_SCREEN_EXHAUSTED_PRIMALITY_UNASSIGNED,GF3A_DIRECTIONAL_WRITE_EXHAUSTED_PRIMALITY_UNASSIGNED,514,512,512,NO_RECORDED_FACTOR_PRP_OR_LL_RESULT_AND_NO_ACTIVE_GIMPS_ASSIGNMENT,2026-08-09T04:34:14+00:00,UNALLOCATED,,,,,
SLCMP1765-2352,2352,2352,583619557,2^583619557-1,STRUCTURAL_SCREEN_EXHAUSTED_PRIMALITY_UNASSIGNED,GF3A_DIRECTIONAL_WRITE_EXHAUSTED_PRIMALITY_UNASSIGNED,513,512,512,NO_RECORDED_FACTOR_PRP_OR_LL_RESULT_AND_NO_ACTIVE_GIMPS_ASSIGNMENT,2026-08-09T04:34:14+00:00,UNALLOCATED,,,,,
SLCMP1765-2353,2353,2353,583619753,2^583619753-1,STRUCTURAL_SCREEN_EXHAUSTED_PRIMALITY_UNASSIGNED,GF3A_DIRECTIONAL_WRITE_EXHAUSTED_PRIMALITY_UNASSIGNED,513,512,512,NO_RECORDED_FACTOR_PRP_OR_LL_RESULT_AND_NO_ACTIVE_GIMPS_ASSIGNMENT,2026-08-09T04:34:14+00:00,UNALLOCATED,,,,,
SLCMP1765-2354,2354,2354,583619849,2^583619849-1,STRUCTURAL_SCREEN_EXHAUSTED_PRIMALITY_UNASSIGNED,GF3A_DIRECTIONAL_WRITE_EXHAUSTED_PRIMALITY_UNASSIGNED,513,512,512,NO_RECORDED_FACTOR_PRP_OR_LL_RESULT_AND_NO_ACTIVE_GIMPS_ASSIGNMENT,2026-08-09T04:34:14+00:00,UNALLOCATED,,,,,
SLCMP1765-2355,2355,2355,583619873,2^583619873-1,STRUCTURAL_SCREEN_EXHAUSTED_PRIMALITY_UNASSIGNED,GF3A_DIRECTIONAL_WRITE_EXHAUSTED_PRIMALITY_UNASSIGNED,513,512,512,NO_RECORDED_FACTOR_PRP_OR_LL_RESULT_AND_NO_ACTIVE_GIMPS_ASSIGNMENT,2026-08-09T04:34:14+00:00,UNALLOCATED,,,,,
SLCMP1765-2356,2356,2356,583619969,2^583619969-1,STRUCTURAL_SCREEN_EXHAUSTED_PRIMALITY_UNASSIGNED,GF3A_DIRECTIONAL_WRITE_EXHAUSTED_PRIMALITY_UNASSIGNED,513,512,512,NO_RECORDED_FACTOR_PRP_OR_LL_RESULT_AND_NO_ACTIVE_GIMPS_ASSIGNMENT,2026-08-09T04:34:14+00:00,UNALLOCATED,,,,,
SLCMP1765-2357,2357,2357,583620109,2^583620109-1,STRUCTURAL_SCREEN_EXHAUSTED_PRIMALITY_UNASSIGNED,GF3A_DIRECTIONAL_WRITE_EXHAUSTED_PRIMALITY_UNASSIGNED,513,512,512,NO_RECORDED_FACTOR_PRP_OR_LL_RESULT_AND_NO_ACTIVE_GIMPS_ASSIGNMENT,2026-08-09T04:34:14+00:00,UNALLOCATED,,,,,
SLCMP1765-2358,2358,2358,583620139,2^583620139-1,STRUCTURAL_SCREEN_EXHAUSTED_PRIMALITY_UNASSIGNED,GF3A_DIRECTIONAL_WRITE_EXHAUSTED_PRIMALITY_UNASSIGNED,514,512,512,NO_RECORDED_FACTOR_PRP_OR_LL_RESULT_AND_NO_ACTIVE_GIMPS_ASSIGNMENT,2026-08-09T04:34:14+00:00,UNALLOCATED,,,,,
SLCMP1765-2359,2359,2359,583620143,2^583620143-1,STRUCTURAL_SCREEN_EXHAUSTED_PRIMALITY_UNASSIGNED,GF3A_DIRECTIONAL_WRITE_EXHAUSTED_PRIMALITY_UNASSIGNED,514,512,512,NO_RECORDED_FACTOR_PRP_OR_LL_RESULT_AND_NO_ACTIVE_GIMPS_ASSIGNMENT,2026-08-09T04:34:14+00:00,UNALLOCATED,,,,,
SLCMP1765-2360,2360,2360,583620211,2^583620211-1,STRUCTURAL_SCREEN_EXHAUSTED_PRIMALITY_UNASSIGNED,GF3A_DIRECTIONAL_WRITE_EXHAUSTED_PRIMALITY_UNASSIGNED,514,512,512,NO_RECORDED_FACTOR_PRP_OR_LL_RESULT_AND_NO_ACTIVE_GIMPS_ASSIGNMENT,2026-08-09T04:34:14+00:00,UNALLOCATED,,,,,
SLCMP1765-2361,2361,2361,583620241,2^583620241-1,STRUCTURAL_SCREEN_EXHAUSTED_PRIMALITY_UNASSIGNED,GF3A_DIRECTIONAL_WRITE_EXHAUSTED_PRIMALITY_UNASSIGNED,513,512,512,NO_RECORDED_FACTOR_PRP_OR_LL_RESULT_AND_NO_ACTIVE_GIMPS_ASSIGNMENT,2026-08-09T04:34:14+00:00,UNALLOCATED,,,,,
SLCMP1765-2362,2362,2362,583620293,2^583620293-1,STRUCTURAL_SCREEN_EXHAUSTED_PRIMALITY_UNASSIGNED,GF3A_DIRECTIONAL_WRITE_EXHAUSTED_PRIMALITY_UNASSIGNED,513,512,512,NO_RECORDED_FACTOR_PRP_OR_LL_RESULT_AND_NO_ACTIVE_GIMPS_ASSIGNMENT,2026-08-09T04:34:14+00:00,UNALLOCATED,,,,,
SLCMP1765-2363,2363,2363,583620391,2^583620391-1,STRUCTURAL_SCREEN_EXHAUSTED_PRIMALITY_UNASSIGNED,GF3A_DIRECTIONAL_WRITE_EXHAUSTED_PRIMALITY_UNASSIGNED,514,512,512,NO_RECORDED_FACTOR_PRP_OR_LL_RESULT_AND_NO_ACTIVE_GIMPS_ASSIGNMENT,2026-08-09T04:34:14+00:00,UNALLOCATED,,,,,
SLCMP1765-2364,2364,2364,583620487,2^583620487-1,STRUCTURAL_SCREEN_EXHAUSTED_PRIMALITY_UNASSIGNED,GF3A_DIRECTIONAL_WRITE_EXHAUSTED_PRIMALITY_UNASSIGNED,514,512,512,NO_RECORDED_FACTOR_PRP_OR_LL_RESULT_AND_NO_ACTIVE_GIMPS_ASSIGNMENT,2026-08-09T04:34:14+00:00,UNALLOCATED,,,,,
SLCMP1765-2365,2365,2365,583620503,2^583620503-1,STRUCTURAL_SCREEN_EXHAUSTED_PRIMALITY_UNASSIGNED,GF3A_DIRECTIONAL_WRITE_EXHAUSTED_PRIMALITY_UNASSIGNED,514,512,512,NO_RECORDED_FACTOR_PRP_OR_LL_RESULT_AND_NO_ACTIVE_GIMPS_ASSIGNMENT,2026-08-09T04:34:14+00:00,UNALLOCATED,,,,,
SLCMP1765-2366,2366,2366,583620509,2^583620509-1,STRUCTURAL_SCREEN_EXHAUSTED_PRIMALITY_UNASSIGNED,GF3A_DIRECTIONAL_WRITE_EXHAUSTED_PRIMALITY_UNASSIGNED,513,512,512,NO_RECORDED_FACTOR_PRP_OR_LL_RESULT_AND_NO_ACTIVE_GIMPS_ASSIGNMENT,2026-08-09T04:34:14+00:00,UNALLOCATED,,,,,
SLCMP1765-2367,2367,2367,583620769,2^583620769-1,STRUCTURAL_SCREEN_EXHAUSTED_PRIMALITY_UNASSIGNED,GF3A_DIRECTIONAL_WRITE_EXHAUSTED_PRIMALITY_UNASSIGNED,513,512,512,NO_RECORDED_FACTOR_PRP_OR_LL_RESULT_AND_NO_ACTIVE_GIMPS_ASSIGNMENT,2026-08-09T04:34:14+00:00,UNALLOCATED,,,,,
SLCMP1765-2368,2368,2368,583620809,2^583620809-1,STRUCTURAL_SCREEN_EXHAUSTED_PRIMALITY_UNASSIGNED,GF3A_DIRECTIONAL_WRITE_EXHAUSTED_PRIMALITY_UNASSIGNED,513,512,512,NO_RECORDED_FACTOR_PRP_OR_LL_RESULT_AND_NO_ACTIVE_GIMPS_ASSIGNMENT,2026-08-09T04:34:14+00:00,UNALLOCATED,,,,,
SLCMP1765-2369,2369,2369,583620823,2^583620823-1,STRUCTURAL_SCREEN_EXHAUSTED_PRIMALITY_UNASSIGNED,GF3A_DIRECTIONAL_WRITE_EXHAUSTED_PRIMALITY_UNASSIGNED,514,512,512,NO_RECORDED_FACTOR_PRP_OR_LL_RESULT_AND_NO_ACTIVE_GIMPS_ASSIGNMENT,2026-08-09T04:34:14+00:00,UNALLOCATED,,,,,
SLCMP1765-2370,2370,2370,583620827,2^583620827-1,STRUCTURAL_SCREEN_EXHAUSTED_PRIMALITY_UNASSIGNED,GF3A_DIRECTIONAL_WRITE_EXHAUSTED_PRIMALITY_UNASSIGNED,514,512,512,NO_RECORDED_FACTOR_PRP_OR_LL_RESULT_AND_NO_ACTIVE_GIMPS_ASSIGNMENT,2026-08-09T04:34:14+00:00,UNALLOCATED,,,,,
SLCMP1765-2371,2371,2371,583620887,2^583620887-1,STRUCTURAL_SCREEN_EXHAUSTED_PRIMALITY_UNASSIGNED,GF3A_DIRECTIONAL_WRITE_EXHAUSTED_PRIMALITY_UNASSIGNED,514,512,512,NO_RECORDED_FACTOR_PRP_OR_LL_RESULT_AND_NO_ACTIVE_GIMPS_ASSIGNMENT,2026-08-09T04:34:14+00:00,UNALLOCATED,,,,,
SLCMP1765-2372,2372,2372,583620991,2^583620991-1,STRUCTURAL_SCREEN_EXHAUSTED_PRIMALITY_UNASSIGNED,GF3A_DIRECTIONAL_WRITE_EXHAUSTED_PRIMALITY_UNASSIGNED,514,512,512,NO_RECORDED_FACTOR_PRP_OR_LL_RESULT_AND_NO_ACTIVE_GIMPS_ASSIGNMENT,2026-08-09T04:34:14+00:00,UNALLOCATED,,,,,
SLCMP1765-2373,2373,2373,583621123,2^583621123-1,STRUCTURAL_SCREEN_EXHAUSTED_PRIMALITY_UNASSIGNED,GF3A_DIRECTIONAL_WRITE_EXHAUSTED_PRIMALITY_UNASSIGNED,514,512,512,NO_RECORDED_FACTOR_PRP_OR_LL_RESULT_AND_NO_ACTIVE_GIMPS_ASSIGNMENT,2026-08-09T04:34:14+00:00,UNALLOCATED,,,,,
SLCMP1765-2374,2374,2374,583621139,2^583621139-1,STRUCTURAL_SCREEN_EXHAUSTED_PRIMALITY_UNASSIGNED,GF3A_DIRECTIONAL_WRITE_EXHAUSTED_PRIMALITY_UNASSIGNED,514,512,512,NO_RECORDED_FACTOR_PRP_OR_LL_RESULT_AND_NO_ACTIVE_GIMPS_ASSIGNMENT,2026-08-09T04:34:14+00:00,UNALLOCATED,,,,,
SLCMP1765-2375,2375,2375,583621141,2^583621141-1,STRUCTURAL_SCREEN_EXHAUSTED_PRIMALITY_UNASSIGNED,GF3A_DIRECTIONAL_WRITE_EXHAUSTED_PRIMALITY_UNASSIGNED,513,512,512,NO_RECORDED_FACTOR_PRP_OR_LL_RESULT_AND_NO_ACTIVE_GIMPS_ASSIGNMENT,2026-08-09T04:34:14+00:00,UNALLOCATED,,,,,
SLCMP1765-2376,2376,2376,583621219,2^583621219-1,STRUCTURAL_SCREEN_EXHAUSTED_PRIMALITY_UNASSIGNED,GF3A_DIRECTIONAL_WRITE_EXHAUSTED_PRIMALITY_UNASSIGNED,514,512,512,NO_RECORDED_FACTOR_PRP_OR_LL_RESULT_AND_NO_ACTIVE_GIMPS_ASSIGNMENT,2026-08-09T04:34:14+00:00,UNALLOCATED,,,,,
SLCMP1765-2377,2377,2377,583621289,2^583621289-1,STRUCTURAL_SCREEN_EXHAUSTED_PRIMALITY_UNASSIGNED,GF3A_DIRECTIONAL_WRITE_EXHAUSTED_PRIMALITY_UNASSIGNED,513,512,512,NO_RECORDED_FACTOR_PRP_OR_LL_RESULT_AND_NO_ACTIVE_GIMPS_ASSIGNMENT,2026-08-09T04:34:14+00:00,UNALLOCATED,,,,,
SLCMP1765-2378,2378,2378,583621361,2^583621361-1,STRUCTURAL_SCREEN_EXHAUSTED_PRIMALITY_UNASSIGNED,GF3A_DIRECTIONAL_WRITE_EXHAUSTED_PRIMALITY_UNASSIGNED,513,512,512,NO_RECORDED_FACTOR_PRP_OR_LL_RESULT_AND_NO_ACTIVE_GIMPS_ASSIGNMENT,2026-08-09T04:34:14+00:00,UNALLOCATED,,,,,
SLCMP1765-2379,2379,2379,583621471,2^583621471-1,STRUCTURAL_SCREEN_EXHAUSTED_PRIMALITY_UNASSIGNED,GF3A_DIRECTIONAL_WRITE_EXHAUSTED_PRIMALITY_UNASSIGNED,514,512,512,NO_RECORDED_FACTOR_PRP_OR_LL_RESULT_AND_NO_ACTIVE_GIMPS_ASSIGNMENT,2026-08-09T04:34:14+00:00,UNALLOCATED,,,,,
SLCMP1765-2380,2380,2380,583621483,2^583621483-1,STRUCTURAL_SCREEN_EXHAUSTED_PRIMALITY_UNASSIGNED,GF3A_DIRECTIONAL_WRITE_EXHAUSTED_PRIMALITY_UNASSIGNED,514,512,512,NO_RECORDED_FACTOR_PRP_OR_LL_RESULT_AND_NO_ACTIVE_GIMPS_ASSIGNMENT,2026-08-09T04:34:14+00:00,UNALLOCATED,,,,,
SLCMP1765-2381,2381,2381,583621501,2^583621501-1,STRUCTURAL_SCREEN_EXHAUSTED_PRIMALITY_UNASSIGNED,GF3A_DIRECTIONAL_WRITE_EXHAUSTED_PRIMALITY_UNASSIGNED,513,512,512,NO_RECORDED_FACTOR_PRP_OR_LL_RESULT_AND_NO_ACTIVE_GIMPS_ASSIGNMENT,2026-08-09T04:34:14+00:00,UNALLOCATED,,,,,
SLCMP1765-2382,2382,2382,583621553,2^583621553-1,STRUCTURAL_SCREEN_EXHAUSTED_PRIMALITY_UNASSIGNED,GF3A_DIRECTIONAL_WRITE_EXHAUSTED_PRIMALITY_UNASSIGNED,513,512,512,NO_RECORDED_FACTOR_PRP_OR_LL_RESULT_AND_NO_ACTIVE_GIMPS_ASSIGNMENT,2026-08-09T04:34:14+00:00,UNALLOCATED,,,,,
SLCMP1765-2383,2383,2383,583621669,2^583621669-1,STRUCTURAL_SCREEN_EXHAUSTED_PRIMALITY_UNASSIGNED,GF3A_DIRECTIONAL_WRITE_EXHAUSTED_PRIMALITY_UNASSIGNED,513,512,512,NO_RECORDED_FACTOR_PRP_OR_LL_RESULT_AND_NO_ACTIVE_GIMPS_ASSIGNMENT,2026-08-09T04:34:14+00:00,UNALLOCATED,,,,,
SLCMP1765-2384,2384,2384,583621673,2^583621673-1,STRUCTURAL_SCREEN_EXHAUSTED_PRIMALITY_UNASSIGNED,GF3A_DIRECTIONAL_WRITE_EXHAUSTED_PRIMALITY_UNASSIGNED,513,512,512,NO_RECORDED_FACTOR_PRP_OR_LL_RESULT_AND_NO_ACTIVE_GIMPS_ASSIGNMENT,2026-08-09T04:34:14+00:00,UNALLOCATED,,,,,
SLCMP1765-2385,2385,2385,583621681,2^583621681-1,STRUCTURAL_SCREEN_EXHAUSTED_PRIMALITY_UNASSIGNED,GF3A_DIRECTIONAL_WRITE_EXHAUSTED_PRIMALITY_UNASSIGNED,513,512,512,NO_RECORDED_FACTOR_PRP_OR_LL_RESULT_AND_NO_ACTIVE_GIMPS_ASSIGNMENT,2026-08-09T04:34:14+00:00,UNALLOCATED,,,,,
SLCMP1765-2386,2386,2386,583621699,2^583621699-1,STRUCTURAL_SCREEN_EXHAUSTED_PRIMALITY_UNASSIGNED,GF3A_DIRECTIONAL_WRITE_EXHAUSTED_PRIMALITY_UNASSIGNED,514,512,512,NO_RECORDED_FACTOR_PRP_OR_LL_RESULT_AND_NO_ACTIVE_GIMPS_ASSIGNMENT,2026-08-09T04:34:14+00:00,UNALLOCATED,,,,,
SLCMP1765-2387,2387,2387,583621741,2^583621741-1,STRUCTURAL_SCREEN_EXHAUSTED_PRIMALITY_UNASSIGNED,GF3A_DIRECTIONAL_WRITE_EXHAUSTED_PRIMALITY_UNASSIGNED,513,512,512,NO_RECORDED_FACTOR_PRP_OR_LL_RESULT_AND_NO_ACTIVE_GIMPS_ASSIGNMENT,2026-08-09T04:34:14+00:00,UNALLOCATED,,,,,
SLCMP1765-2388,2388,2388,583621783,2^583621783-1,STRUCTURAL_SCREEN_EXHAUSTED_PRIMALITY_UNASSIGNED,GF3A_DIRECTIONAL_WRITE_EXHAUSTED_PRIMALITY_UNASSIGNED,514,512,512,NO_RECORDED_FACTOR_PRP_OR_LL_RESULT_AND_NO_ACTIVE_GIMPS_ASSIGNMENT,2026-08-09T04:34:14+00:00,UNALLOCATED,,,,,
SLCMP1765-2389,2389,2389,583621859,2^583621859-1,STRUCTURAL_SCREEN_EXHAUSTED_PRIMALITY_UNASSIGNED,GF3A_DIRECTIONAL_WRITE_EXHAUSTED_PRIMALITY_UNASSIGNED,514,512,512,NO_RECORDED_FACTOR_PRP_OR_LL_RESULT_AND_NO_ACTIVE_GIMPS_ASSIGNMENT,2026-08-09T04:34:14+00:00,UNALLOCATED,,,,,
SLCMP1765-2390,2390,2390,583621867,2^583621867-1,STRUCTURAL_SCREEN_EXHAUSTED_PRIMALITY_UNASSIGNED,GF3A_DIRECTIONAL_WRITE_EXHAUSTED_PRIMALITY_UNASSIGNED,514,512,512,NO_RECORDED_FACTOR_PRP_OR_LL_RESULT_AND_NO_ACTIVE_GIMPS_ASSIGNMENT,2026-08-09T04:34:14+00:00,UNALLOCATED,,,,,
SLCMP1765-2391,2391,2391,583621949,2^583621949-1,STRUCTURAL_SCREEN_EXHAUSTED_PRIMALITY_UNASSIGNED,GF3A_DIRECTIONAL_WRITE_EXHAUSTED_PRIMALITY_UNASSIGNED,513,512,512,NO_RECORDED_FACTOR_PRP_OR_LL_RESULT_AND_NO_ACTIVE_GIMPS_ASSIGNMENT,2026-08-09T04:34:14+00:00,UNALLOCATED,,,,,
SLCMP1765-2392,2392,2392,583621963,2^583621963-1,STRUCTURAL_SCREEN_EXHAUSTED_PRIMALITY_UNASSIGNED,GF3A_DIRECTIONAL_WRITE_EXHAUSTED_PRIMALITY_UNASSIGNED,514,512,512,NO_RECORDED_FACTOR_PRP_OR_LL_RESULT_AND_NO_ACTIVE_GIMPS_ASSIGNMENT,2026-08-09T04:34:14+00:00,UNALLOCATED,,,,,
SLCMP1765-2393,2393,2393,583622093,2^583622093-1,STRUCTURAL_SCREEN_EXHAUSTED_PRIMALITY_UNASSIGNED,GF3A_DIRECTIONAL_WRITE_EXHAUSTED_PRIMALITY_UNASSIGNED,513,512,512,NO_RECORDED_FACTOR_PRP_OR_LL_RESULT_AND_NO_ACTIVE_GIMPS_ASSIGNMENT,2026-08-09T04:34:14+00:00,UNALLOCATED,,,,,
SLCMP1765-2394,2394,2394,583622173,2^583622173-1,STRUCTURAL_SCREEN_EXHAUSTED_PRIMALITY_UNASSIGNED,GF3A_DIRECTIONAL_WRITE_EXHAUSTED_PRIMALITY_UNASSIGNED,513,512,512,NO_RECORDED_FACTOR_PRP_OR_LL_RESULT_AND_NO_ACTIVE_GIMPS_ASSIGNMENT,2026-08-09T04:34:14+00:00,UNALLOCATED,,,,,
SLCMP1765-2395,2395,2395,583622231,2^583622231-1,STRUCTURAL_SCREEN_EXHAUSTED_PRIMALITY_UNASSIGNED,GF3A_DIRECTIONAL_WRITE_EXHAUSTED_PRIMALITY_UNASSIGNED,514,512,512,NO_RECORDED_FACTOR_PRP_OR_LL_RESULT_AND_NO_ACTIVE_GIMPS_ASSIGNMENT,2026-08-09T04:34:14+00:00,UNALLOCATED,,,,,
SLCMP1765-2396,2396,2396,583622233,2^583622233-1,STRUCTURAL_SCREEN_EXHAUSTED_PRIMALITY_UNASSIGNED,GF3A_DIRECTIONAL_WRITE_EXHAUSTED_PRIMALITY_UNASSIGNED,513,512,512,NO_RECORDED_FACTOR_PRP_OR_LL_RESULT_AND_NO_ACTIVE_GIMPS_ASSIGNMENT,2026-08-09T04:34:14+00:00,UNALLOCATED,,,,,
SLCMP1765-2397,2397,2397,583622321,2^583622321-1,STRUCTURAL_SCREEN_EXHAUSTED_PRIMALITY_UNASSIGNED,GF3A_DIRECTIONAL_WRITE_EXHAUSTED_PRIMALITY_UNASSIGNED,513,512,512,NO_RECORDED_FACTOR_PRP_OR_LL_RESULT_AND_NO_ACTIVE_GIMPS_ASSIGNMENT,2026-08-09T04:34:14+00:00,UNALLOCATED,,,,,
SLCMP1765-2398,2398,2398,583622357,2^583622357-1,STRUCTURAL_SCREEN_EXHAUSTED_PRIMALITY_UNASSIGNED,GF3A_DIRECTIONAL_WRITE_EXHAUSTED_PRIMALITY_UNASSIGNED,513,512,512,NO_RECORDED_FACTOR_PRP_OR_LL_RESULT_AND_NO_ACTIVE_GIMPS_ASSIGNMENT,2026-08-09T04:34:14+00:00,UNALLOCATED,,,,,
SLCMP1765-2399,2399,2399,583622407,2^583622407-1,STRUCTURAL_SCREEN_EXHAUSTED_PRIMALITY_UNASSIGNED,GF3A_DIRECTIONAL_WRITE_EXHAUSTED_PRIMALITY_UNASSIGNED,514,512,512,NO_RECORDED_FACTOR_PRP_OR_LL_RESULT_AND_NO_ACTIVE_GIMPS_ASSIGNMENT,2026-08-09T04:34:14+00:00,UNALLOCATED,,,,,
SLCMP1765-2400,2400,2400,583622437,2^583622437-1,STRUCTURAL_SCREEN_EXHAUSTED_PRIMALITY_UNASSIGNED,GF3A_DIRECTIONAL_WRITE_EXHAUSTED_PRIMALITY_UNASSIGNED,513,512,512,NO_RECORDED_FACTOR_PRP_OR_LL_RESULT_AND_NO_ACTIVE_GIMPS_ASSIGNMENT,2026-08-09T04:34:14+00:00,UNALLOCATED,,,,,
SLCMP1765-2401,2401,2401,583622467,2^583622467-1,STRUCTURAL_SCREEN_EXHAUSTED_PRIMALITY_UNASSIGNED,GF3A_DIRECTIONAL_WRITE_EXHAUSTED_PRIMALITY_UNASSIGNED,514,512,512,NO_RECORDED_FACTOR_PRP_OR_LL_RESULT_AND_NO_ACTIVE_GIMPS_ASSIGNMENT,2026-08-09T04:34:14+00:00,UNALLOCATED,,,,,
SLCMP1765-2402,2402,2402,583622503,2^583622503-1,STRUCTURAL_SCREEN_EXHAUSTED_PRIMALITY_UNASSIGNED,GF3A_DIRECTIONAL_WRITE_EXHAUSTED_PRIMALITY_UNASSIGNED,514,512,512,NO_RECORDED_FACTOR_PRP_OR_LL_RESULT_AND_NO_ACTIVE_GIMPS_ASSIGNMENT,2026-08-09T04:34:14+00:00,UNALLOCATED,,,,,
SLCMP1765-2403,2403,2403,583622569,2^583622569-1,STRUCTURAL_SCREEN_EXHAUSTED_PRIMALITY_UNASSIGNED,GF3A_DIRECTIONAL_WRITE_EXHAUSTED_PRIMALITY_UNASSIGNED,513,512,512,NO_RECORDED_FACTOR_PRP_OR_LL_RESULT_AND_NO_ACTIVE_GIMPS_ASSIGNMENT,2026-08-09T04:34:14+00:00,UNALLOCATED,,,,,
SLCMP1765-2404,2404,2404,583622681,2^583622681-1,STRUCTURAL_SCREEN_EXHAUSTED_PRIMALITY_UNASSIGNED,GF3A_DIRECTIONAL_WRITE_EXHAUSTED_PRIMALITY_UNASSIGNED,513,512,512,NO_RECORDED_FACTOR_PRP_OR_LL_RESULT_AND_NO_ACTIVE_GIMPS_ASSIGNMENT,2026-08-09T04:34:14+00:00,UNALLOCATED,,,,,
SLCMP1765-2405,2405,2405,583622839,2^583622839-1,STRUCTURAL_SCREEN_EXHAUSTED_PRIMALITY_UNASSIGNED,GF3A_DIRECTIONAL_WRITE_EXHAUSTED_PRIMALITY_UNASSIGNED,514,512,512,NO_RECORDED_FACTOR_PRP_OR_LL_RESULT_AND_NO_ACTIVE_GIMPS_ASSIGNMENT,2026-08-09T04:34:14+00:00,UNALLOCATED,,,,,
SLCMP1765-2406,2406,2406,583622873,2^583622873-1,STRUCTURAL_SCREEN_EXHAUSTED_PRIMALITY_UNASSIGNED,GF3A_DIRECTIONAL_WRITE_EXHAUSTED_PRIMALITY_UNASSIGNED,513,512,512,NO_RECORDED_FACTOR_PRP_OR_LL_RESULT_AND_NO_ACTIVE_GIMPS_ASSIGNMENT,2026-08-09T04:34:14+00:00,UNALLOCATED,,,,,
SLCMP1765-2407,2407,2407,583622927,2^583622927-1,STRUCTURAL_SCREEN_EXHAUSTED_PRIMALITY_UNASSIGNED,GF3A_DIRECTIONAL_WRITE_EXHAUSTED_PRIMALITY_UNASSIGNED,514,512,512,NO_RECORDED_FACTOR_PRP_OR_LL_RESULT_AND_NO_ACTIVE_GIMPS_ASSIGNMENT,2026-08-09T04:34:14+00:00,UNALLOCATED,,,,,
SLCMP1765-2408,2408,2408,583622933,2^583622933-1,STRUCTURAL_SCREEN_EXHAUSTED_PRIMALITY_UNASSIGNED,GF3A_DIRECTIONAL_WRITE_EXHAUSTED_PRIMALITY_UNASSIGNED,513,512,512,NO_RECORDED_FACTOR_PRP_OR_LL_RESULT_AND_NO_ACTIVE_GIMPS_ASSIGNMENT,2026-08-09T04:34:14+00:00,UNALLOCATED,,,,,
SLCMP1765-2409,2409,2409,583623031,2^583623031-1,STRUCTURAL_SCREEN_EXHAUSTED_PRIMALITY_UNASSIGNED,GF3A_DIRECTIONAL_WRITE_EXHAUSTED_PRIMALITY_UNASSIGNED,514,512,512,NO_RECORDED_FACTOR_PRP_OR_LL_RESULT_AND_NO_ACTIVE_GIMPS_ASSIGNMENT,2026-08-09T04:34:14+00:00,UNALLOCATED,,,,,
SLCMP1765-2410,2410,2410,583623041,2^583623041-1,STRUCTURAL_SCREEN_EXHAUSTED_PRIMALITY_UNASSIGNED,GF3A_DIRECTIONAL_WRITE_EXHAUSTED_PRIMALITY_UNASSIGNED,513,512,512,NO_RECORDED_FACTOR_PRP_OR_LL_RESULT_AND_NO_ACTIVE_GIMPS_ASSIGNMENT,2026-08-09T04:34:14+00:00,UNALLOCATED,,,,,
SLCMP1765-2411,2411,2411,583623149,2^583623149-1,STRUCTURAL_SCREEN_EXHAUSTED_PRIMALITY_UNASSIGNED,GF3A_DIRECTIONAL_WRITE_EXHAUSTED_PRIMALITY_UNASSIGNED,513,512,512,NO_RECORDED_FACTOR_PRP_OR_LL_RESULT_AND_NO_ACTIVE_GIMPS_ASSIGNMENT,2026-08-09T04:34:14+00:00,UNALLOCATED,,,,,
SLCMP1765-2412,2412,2412,583623181,2^583623181-1,STRUCTURAL_SCREEN_EXHAUSTED_PRIMALITY_UNASSIGNED,GF3A_DIRECTIONAL_WRITE_EXHAUSTED_PRIMALITY_UNASSIGNED,513,512,512,NO_RECORDED_FACTOR_PRP_OR_LL_RESULT_AND_NO_ACTIVE_GIMPS_ASSIGNMENT,2026-08-09T04:34:14+00:00,UNALLOCATED,,,,,
SLCMP1765-2413,2413,2413,583623301,2^583623301-1,STRUCTURAL_SCREEN_EXHAUSTED_PRIMALITY_UNASSIGNED,GF3A_DIRECTIONAL_WRITE_EXHAUSTED_PRIMALITY_UNASSIGNED,513,512,512,NO_RECORDED_FACTOR_PRP_OR_LL_RESULT_AND_NO_ACTIVE_GIMPS_ASSIGNMENT,2026-08-09T04:34:14+00:00,UNALLOCATED,,,,,
SLCMP1765-2414,2414,2414,583623377,2^583623377-1,STRUCTURAL_SCREEN_EXHAUSTED_PRIMALITY_UNASSIGNED,GF3A_DIRECTIONAL_WRITE_EXHAUSTED_PRIMALITY_UNASSIGNED,513,512,512,NO_RECORDED_FACTOR_PRP_OR_LL_RESULT_AND_NO_ACTIVE_GIMPS_ASSIGNMENT,2026-08-09T04:34:14+00:00,UNALLOCATED,,,,,
SLCMP1765-2415,2415,2415,583623389,2^583623389-1,STRUCTURAL_SCREEN_EXHAUSTED_PRIMALITY_UNASSIGNED,GF3A_DIRECTIONAL_WRITE_EXHAUSTED_PRIMALITY_UNASSIGNED,513,512,512,NO_RECORDED_FACTOR_PRP_OR_LL_RESULT_AND_NO_ACTIVE_GIMPS_ASSIGNMENT,2026-08-09T04:34:14+00:00,UNALLOCATED,,,,,
SLCMP1765-2416,2416,2416,583623409,2^583623409-1,STRUCTURAL_SCREEN_EXHAUSTED_PRIMALITY_UNASSIGNED,GF3A_DIRECTIONAL_WRITE_EXHAUSTED_PRIMALITY_UNASSIGNED,513,512,512,NO_RECORDED_FACTOR_PRP_OR_LL_RESULT_AND_NO_ACTIVE_GIMPS_ASSIGNMENT,2026-08-09T04:34:14+00:00,UNALLOCATED,,,,,
SLCMP1765-2417,2417,2417,583623427,2^583623427-1,STRUCTURAL_SCREEN_EXHAUSTED_PRIMALITY_UNASSIGNED,GF3A_DIRECTIONAL_WRITE_EXHAUSTED_PRIMALITY_UNASSIGNED,514,512,512,NO_RECORDED_FACTOR_PRP_OR_LL_RESULT_AND_NO_ACTIVE_GIMPS_ASSIGNMENT,2026-08-09T04:34:14+00:00,UNALLOCATED,,,,,
SLCMP1765-2418,2418,2418,583623433,2^583623433-1,STRUCTURAL_SCREEN_EXHAUSTED_PRIMALITY_UNASSIGNED,GF3A_DIRECTIONAL_WRITE_EXHAUSTED_PRIMALITY_UNASSIGNED,513,512,512,NO_RECORDED_FACTOR_PRP_OR_LL_RESULT_AND_NO_ACTIVE_GIMPS_ASSIGNMENT,2026-08-09T04:34:14+00:00,UNALLOCATED,,,,,
SLCMP1765-2419,2419,2419,583623553,2^583623553-1,STRUCTURAL_SCREEN_EXHAUSTED_PRIMALITY_UNASSIGNED,GF3A_DIRECTIONAL_WRITE_EXHAUSTED_PRIMALITY_UNASSIGNED,513,512,512,NO_RECORDED_FACTOR_PRP_OR_LL_RESULT_AND_NO_ACTIVE_GIMPS_ASSIGNMENT,2026-08-09T04:34:14+00:00,UNALLOCATED,,,,,
SLCMP1765-2420,2420,2420,583623653,2^583623653-1,STRUCTURAL_SCREEN_EXHAUSTED_PRIMALITY_UNASSIGNED,GF3A_DIRECTIONAL_WRITE_EXHAUSTED_PRIMALITY_UNASSIGNED,513,512,512,NO_RECORDED_FACTOR_PRP_OR_LL_RESULT_AND_NO_ACTIVE_GIMPS_ASSIGNMENT,2026-08-09T04:34:14+00:00,UNALLOCATED,,,,,
SLCMP1765-2421,2421,2421,583623857,2^583623857-1,STRUCTURAL_SCREEN_EXHAUSTED_PRIMALITY_UNASSIGNED,GF3A_DIRECTIONAL_WRITE_EXHAUSTED_PRIMALITY_UNASSIGNED,513,512,512,NO_RECORDED_FACTOR_PRP_OR_LL_RESULT_AND_NO_ACTIVE_GIMPS_ASSIGNMENT,2026-08-09T04:34:14+00:00,UNALLOCATED,,,,,
SLCMP1765-2422,2422,2422,583624003,2^583624003-1,STRUCTURAL_SCREEN_EXHAUSTED_PRIMALITY_UNASSIGNED,GF3A_DIRECTIONAL_WRITE_EXHAUSTED_PRIMALITY_UNASSIGNED,514,512,512,NO_RECORDED_FACTOR_PRP_OR_LL_RESULT_AND_NO_ACTIVE_GIMPS_ASSIGNMENT,2026-08-09T04:34:14+00:00,UNALLOCATED,,,,,
SLCMP1765-2423,2423,2423,583624009,2^583624009-1,STRUCTURAL_SCREEN_EXHAUSTED_PRIMALITY_UNASSIGNED,GF3A_DIRECTIONAL_WRITE_EXHAUSTED_PRIMALITY_UNASSIGNED,513,512,512,NO_RECORDED_FACTOR_PRP_OR_LL_RESULT_AND_NO_ACTIVE_GIMPS_ASSIGNMENT,2026-08-09T04:34:14+00:00,UNALLOCATED,,,,,
SLCMP1765-2424,2424,2424,583624081,2^583624081-1,STRUCTURAL_SCREEN_EXHAUSTED_PRIMALITY_UNASSIGNED,GF3A_DIRECTIONAL_WRITE_EXHAUSTED_PRIMALITY_UNASSIGNED,513,512,512,NO_RECORDED_FACTOR_PRP_OR_LL_RESULT_AND_NO_ACTIVE_GIMPS_ASSIGNMENT,2026-08-09T04:34:14+00:00,UNALLOCATED,,,,,
SLCMP1765-2425,2425,2425,583624219,2^583624219-1,STRUCTURAL_SCREEN_EXHAUSTED_PRIMALITY_UNASSIGNED,GF3A_DIRECTIONAL_WRITE_EXHAUSTED_PRIMALITY_UNASSIGNED,514,512,512,NO_RECORDED_FACTOR_PRP_OR_LL_RESULT_AND_NO_ACTIVE_GIMPS_ASSIGNMENT,2026-08-09T04:34:14+00:00,UNALLOCATED,,,,,
SLCMP1765-2426,2426,2426,583624231,2^583624231-1,STRUCTURAL_SCREEN_EXHAUSTED_PRIMALITY_UNASSIGNED,GF3A_DIRECTIONAL_WRITE_EXHAUSTED_PRIMALITY_UNASSIGNED,514,512,512,NO_RECORDED_FACTOR_PRP_OR_LL_RESULT_AND_NO_ACTIVE_GIMPS_ASSIGNMENT,2026-08-09T04:34:14+00:00,UNALLOCATED,,,,,
SLCMP1765-2427,2427,2427,583624253,2^583624253-1,STRUCTURAL_SCREEN_EXHAUSTED_PRIMALITY_UNASSIGNED,GF3A_DIRECTIONAL_WRITE_EXHAUSTED_PRIMALITY_UNASSIGNED,513,512,512,NO_RECORDED_FACTOR_PRP_OR_LL_RESULT_AND_NO_ACTIVE_GIMPS_ASSIGNMENT,2026-08-09T04:34:14+00:00,UNALLOCATED,,,,,
SLCMP1765-2428,2428,2428,583624291,2^583624291-1,STRUCTURAL_SCREEN_EXHAUSTED_PRIMALITY_UNASSIGNED,GF3A_DIRECTIONAL_WRITE_EXHAUSTED_PRIMALITY_UNASSIGNED,514,512,512,NO_RECORDED_FACTOR_PRP_OR_LL_RESULT_AND_NO_ACTIVE_GIMPS_ASSIGNMENT,2026-08-09T04:34:14+00:00,UNALLOCATED,,,,,
SLCMP1765-2429,2429,2429,583624343,2^583624343-1,STRUCTURAL_SCREEN_EXHAUSTED_PRIMALITY_UNASSIGNED,GF3A_DIRECTIONAL_WRITE_EXHAUSTED_PRIMALITY_UNASSIGNED,514,512,512,NO_RECORDED_FACTOR_PRP_OR_LL_RESULT_AND_NO_ACTIVE_GIMPS_ASSIGNMENT,2026-08-09T04:34:14+00:00,UNALLOCATED,,,,,
SLCMP1765-2430,2430,2430,583624373,2^583624373-1,STRUCTURAL_SCREEN_EXHAUSTED_PRIMALITY_UNASSIGNED,GF3A_DIRECTIONAL_WRITE_EXHAUSTED_PRIMALITY_UNASSIGNED,513,512,512,NO_RECORDED_FACTOR_PRP_OR_LL_RESULT_AND_NO_ACTIVE_GIMPS_ASSIGNMENT,2026-08-09T04:34:14+00:00,UNALLOCATED,,,,,
SLCMP1765-2431,2431,2431,583624403,2^583624403-1,STRUCTURAL_SCREEN_EXHAUSTED_PRIMALITY_UNASSIGNED,GF3A_DIRECTIONAL_WRITE_EXHAUSTED_PRIMALITY_UNASSIGNED,514,512,512,NO_RECORDED_FACTOR_PRP_OR_LL_RESULT_AND_NO_ACTIVE_GIMPS_ASSIGNMENT,2026-08-09T04:34:14+00:00,UNALLOCATED,,,,,
SLCMP1765-2432,2432,2432,583624439,2^583624439-1,STRUCTURAL_SCREEN_EXHAUSTED_PRIMALITY_UNASSIGNED,GF3A_DIRECTIONAL_WRITE_EXHAUSTED_PRIMALITY_UNASSIGNED,514,512,512,NO_RECORDED_FACTOR_PRP_OR_LL_RESULT_AND_NO_ACTIVE_GIMPS_ASSIGNMENT,2026-08-09T04:34:14+00:00,UNALLOCATED,,,,,
SLCMP1765-2433,2433,2433,583624451,2^583624451-1,STRUCTURAL_SCREEN_EXHAUSTED_PRIMALITY_UNASSIGNED,GF3A_DIRECTIONAL_WRITE_EXHAUSTED_PRIMALITY_UNASSIGNED,514,512,512,NO_RECORDED_FACTOR_PRP_OR_LL_RESULT_AND_NO_ACTIVE_GIMPS_ASSIGNMENT,2026-08-09T04:34:14+00:00,UNALLOCATED,,,,,
SLCMP1765-2434,2434,2434,583624453,2^583624453-1,STRUCTURAL_SCREEN_EXHAUSTED_PRIMALITY_UNASSIGNED,GF3A_DIRECTIONAL_WRITE_EXHAUSTED_PRIMALITY_UNASSIGNED,513,512,512,NO_RECORDED_FACTOR_PRP_OR_LL_RESULT_AND_NO_ACTIVE_GIMPS_ASSIGNMENT,2026-08-09T04:34:14+00:00,UNALLOCATED,,,,,
SLCMP1765-2435,2435,2435,583624493,2^583624493-1,STRUCTURAL_SCREEN_EXHAUSTED_PRIMALITY_UNASSIGNED,GF3A_DIRECTIONAL_WRITE_EXHAUSTED_PRIMALITY_UNASSIGNED,513,512,512,NO_RECORDED_FACTOR_PRP_OR_LL_RESULT_AND_NO_ACTIVE_GIMPS_ASSIGNMENT,2026-08-09T04:34:14+00:00,UNALLOCATED,,,,,
SLCMP1765-2436,2436,2436,583624529,2^583624529-1,STRUCTURAL_SCREEN_EXHAUSTED_PRIMALITY_UNASSIGNED,GF3A_DIRECTIONAL_WRITE_EXHAUSTED_PRIMALITY_UNASSIGNED,513,512,512,NO_RECORDED_FACTOR_PRP_OR_LL_RESULT_AND_NO_ACTIVE_GIMPS_ASSIGNMENT,2026-08-09T04:34:14+00:00,UNALLOCATED,,,,,
SLCMP1765-2437,2437,2437,583624567,2^583624567-1,STRUCTURAL_SCREEN_EXHAUSTED_PRIMALITY_UNASSIGNED,GF3A_DIRECTIONAL_WRITE_EXHAUSTED_PRIMALITY_UNASSIGNED,514,512,512,NO_RECORDED_FACTOR_PRP_OR_LL_RESULT_AND_NO_ACTIVE_GIMPS_ASSIGNMENT,2026-08-09T04:34:14+00:00,UNALLOCATED,,,,,
SLCMP1765-2438,2438,2438,583624571,2^583624571-1,STRUCTURAL_SCREEN_EXHAUSTED_PRIMALITY_UNASSIGNED,GF3A_DIRECTIONAL_WRITE_EXHAUSTED_PRIMALITY_UNASSIGNED,514,512,512,NO_RECORDED_FACTOR_PRP_OR_LL_RESULT_AND_NO_ACTIVE_GIMPS_ASSIGNMENT,2026-08-09T04:34:14+00:00,UNALLOCATED,,,,,
SLCMP1765-2439,2439,2439,583624831,2^583624831-1,STRUCTURAL_SCREEN_EXHAUSTED_PRIMALITY_UNASSIGNED,GF3A_DIRECTIONAL_WRITE_EXHAUSTED_PRIMALITY_UNASSIGNED,514,512,512,NO_RECORDED_FACTOR_PRP_OR_LL_RESULT_AND_NO_ACTIVE_GIMPS_ASSIGNMENT,2026-08-09T04:34:14+00:00,UNALLOCATED,,,,,
SLCMP1765-2440,2440,2440,583624837,2^583624837-1,STRUCTURAL_SCREEN_EXHAUSTED_PRIMALITY_UNASSIGNED,GF3A_DIRECTIONAL_WRITE_EXHAUSTED_PRIMALITY_UNASSIGNED,513,512,512,NO_RECORDED_FACTOR_PRP_OR_LL_RESULT_AND_NO_ACTIVE_GIMPS_ASSIGNMENT,2026-08-09T04:34:14+00:00,UNALLOCATED,,,,,
SLCMP1765-2441,2441,2441,583624901,2^583624901-1,STRUCTURAL_SCREEN_EXHAUSTED_PRIMALITY_UNASSIGNED,GF3A_DIRECTIONAL_WRITE_EXHAUSTED_PRIMALITY_UNASSIGNED,513,512,512,NO_RECORDED_FACTOR_PRP_OR_LL_RESULT_AND_NO_ACTIVE_GIMPS_ASSIGNMENT,2026-08-09T04:34:14+00:00,UNALLOCATED,,,,,
SLCMP1765-2442,2442,2442,583624933,2^583624933-1,STRUCTURAL_SCREEN_EXHAUSTED_PRIMALITY_UNASSIGNED,GF3A_DIRECTIONAL_WRITE_EXHAUSTED_PRIMALITY_UNASSIGNED,513,512,512,NO_RECORDED_FACTOR_PRP_OR_LL_RESULT_AND_NO_ACTIVE_GIMPS_ASSIGNMENT,2026-08-09T04:34:14+00:00,UNALLOCATED,,,,,
SLCMP1765-2443,2443,2443,583624961,2^583624961-1,STRUCTURAL_SCREEN_EXHAUSTED_PRIMALITY_UNASSIGNED,GF3A_DIRECTIONAL_WRITE_EXHAUSTED_PRIMALITY_UNASSIGNED,513,512,512,NO_RECORDED_FACTOR_PRP_OR_LL_RESULT_AND_NO_ACTIVE_GIMPS_ASSIGNMENT,2026-08-09T04:34:14+00:00,UNALLOCATED,,,,,
SLCMP1765-2444,2444,2444,583624997,2^583624997-1,STRUCTURAL_SCREEN_EXHAUSTED_PRIMALITY_UNASSIGNED,GF3A_DIRECTIONAL_WRITE_EXHAUSTED_PRIMALITY_UNASSIGNED,513,512,512,NO_RECORDED_FACTOR_PRP_OR_LL_RESULT_AND_NO_ACTIVE_GIMPS_ASSIGNMENT,2026-08-09T04:34:14+00:00,UNALLOCATED,,,,,
SLCMP1765-2445,2445,2445,583625171,2^583625171-1,STRUCTURAL_SCREEN_EXHAUSTED_PRIMALITY_UNASSIGNED,GF3A_DIRECTIONAL_WRITE_EXHAUSTED_PRIMALITY_UNASSIGNED,514,512,512,NO_RECORDED_FACTOR_PRP_OR_LL_RESULT_AND_NO_ACTIVE_GIMPS_ASSIGNMENT,2026-08-09T04:34:14+00:00,UNALLOCATED,,,,,
SLCMP1765-2446,2446,2446,583625233,2^583625233-1,STRUCTURAL_SCREEN_EXHAUSTED_PRIMALITY_UNASSIGNED,GF3A_DIRECTIONAL_WRITE_EXHAUSTED_PRIMALITY_UNASSIGNED,513,512,512,NO_RECORDED_FACTOR_PRP_OR_LL_RESULT_AND_NO_ACTIVE_GIMPS_ASSIGNMENT,2026-08-09T04:34:14+00:00,UNALLOCATED,,,,,
SLCMP1765-2447,2447,2447,583625257,2^583625257-1,STRUCTURAL_SCREEN_EXHAUSTED_PRIMALITY_UNASSIGNED,GF3A_DIRECTIONAL_WRITE_EXHAUSTED_PRIMALITY_UNASSIGNED,513,512,512,NO_RECORDED_FACTOR_PRP_OR_LL_RESULT_AND_NO_ACTIVE_GIMPS_ASSIGNMENT,2026-08-09T04:34:14+00:00,UNALLOCATED,,,,,
SLCMP1765-2448,2448,2448,583625297,2^583625297-1,STRUCTURAL_SCREEN_EXHAUSTED_PRIMALITY_UNASSIGNED,GF3A_DIRECTIONAL_WRITE_EXHAUSTED_PRIMALITY_UNASSIGNED,513,512,512,NO_RECORDED_FACTOR_PRP_OR_LL_RESULT_AND_NO_ACTIVE_GIMPS_ASSIGNMENT,2026-08-09T04:34:14+00:00,UNALLOCATED,,,,,
SLCMP1765-2449,2449,2449,583625353,2^583625353-1,STRUCTURAL_SCREEN_EXHAUSTED_PRIMALITY_UNASSIGNED,GF3A_DIRECTIONAL_WRITE_EXHAUSTED_PRIMALITY_UNASSIGNED,513,512,512,NO_RECORDED_FACTOR_PRP_OR_LL_RESULT_AND_NO_ACTIVE_GIMPS_ASSIGNMENT,2026-08-09T04:34:14+00:00,UNALLOCATED,,,,,
SLCMP1765-2450,2450,2450,583625411,2^583625411-1,STRUCTURAL_SCREEN_EXHAUSTED_PRIMALITY_UNASSIGNED,GF3A_DIRECTIONAL_WRITE_EXHAUSTED_PRIMALITY_UNASSIGNED,514,512,512,NO_RECORDED_FACTOR_PRP_OR_LL_RESULT_AND_NO_ACTIVE_GIMPS_ASSIGNMENT,2026-08-09T04:34:14+00:00,UNALLOCATED,,,,,
SLCMP1765-2451,2451,2451,583625443,2^583625443-1,STRUCTURAL_SCREEN_EXHAUSTED_PRIMALITY_UNASSIGNED,GF3A_DIRECTIONAL_WRITE_EXHAUSTED_PRIMALITY_UNASSIGNED,514,512,512,NO_RECORDED_FACTOR_PRP_OR_LL_RESULT_AND_NO_ACTIVE_GIMPS_ASSIGNMENT,2026-08-09T04:34:14+00:00,UNALLOCATED,,,,,
SLCMP1765-2452,2452,2452,583625569,2^583625569-1,STRUCTURAL_SCREEN_EXHAUSTED_PRIMALITY_UNASSIGNED,GF3A_DIRECTIONAL_WRITE_EXHAUSTED_PRIMALITY_UNASSIGNED,513,512,512,NO_RECORDED_FACTOR_PRP_OR_LL_RESULT_AND_NO_ACTIVE_GIMPS_ASSIGNMENT,2026-08-09T04:34:14+00:00,UNALLOCATED,,,,,
SLCMP1765-2453,2453,2453,583625671,2^583625671-1,STRUCTURAL_SCREEN_EXHAUSTED_PRIMALITY_UNASSIGNED,GF3A_DIRECTIONAL_WRITE_EXHAUSTED_PRIMALITY_UNASSIGNED,514,512,512,NO_RECORDED_FACTOR_PRP_OR_LL_RESULT_AND_NO_ACTIVE_GIMPS_ASSIGNMENT,2026-08-09T04:34:14+00:00,UNALLOCATED,,,,,
SLCMP1765-2454,2454,2454,583625761,2^583625761-1,STRUCTURAL_SCREEN_EXHAUSTED_PRIMALITY_UNASSIGNED,GF3A_DIRECTIONAL_WRITE_EXHAUSTED_PRIMALITY_UNASSIGNED,513,512,512,NO_RECORDED_FACTOR_PRP_OR_LL_RESULT_AND_NO_ACTIVE_GIMPS_ASSIGNMENT,2026-08-09T04:34:14+00:00,UNALLOCATED,,,,,
SLCMP1765-2455,2455,2455,583625803,2^583625803-1,STRUCTURAL_SCREEN_EXHAUSTED_PRIMALITY_UNASSIGNED,GF3A_DIRECTIONAL_WRITE_EXHAUSTED_PRIMALITY_UNASSIGNED,514,512,512,NO_RECORDED_FACTOR_PRP_OR_LL_RESULT_AND_NO_ACTIVE_GIMPS_ASSIGNMENT,2026-08-09T04:34:14+00:00,UNALLOCATED,,,,,
SLCMP1765-2456,2456,2456,583625849,2^583625849-1,STRUCTURAL_SCREEN_EXHAUSTED_PRIMALITY_UNASSIGNED,GF3A_DIRECTIONAL_WRITE_EXHAUSTED_PRIMALITY_UNASSIGNED,513,512,512,NO_RECORDED_FACTOR_PRP_OR_LL_RESULT_AND_NO_ACTIVE_GIMPS_ASSIGNMENT,2026-08-09T04:34:14+00:00,UNALLOCATED,,,,,
SLCMP1765-2457,2457,2457,583625879,2^583625879-1,STRUCTURAL_SCREEN_EXHAUSTED_PRIMALITY_UNASSIGNED,GF3A_DIRECTIONAL_WRITE_EXHAUSTED_PRIMALITY_UNASSIGNED,514,512,512,NO_RECORDED_FACTOR_PRP_OR_LL_RESULT_AND_NO_ACTIVE_GIMPS_ASSIGNMENT,2026-08-09T04:34:14+00:00,UNALLOCATED,,,,,
SLCMP1765-2458,2458,2458,583625921,2^583625921-1,STRUCTURAL_SCREEN_EXHAUSTED_PRIMALITY_UNASSIGNED,GF3A_DIRECTIONAL_WRITE_EXHAUSTED_PRIMALITY_UNASSIGNED,513,512,512,NO_RECORDED_FACTOR_PRP_OR_LL_RESULT_AND_NO_ACTIVE_GIMPS_ASSIGNMENT,2026-08-09T04:34:14+00:00,UNALLOCATED,,,,,
SLCMP1765-2459,2459,2459,583625969,2^583625969-1,STRUCTURAL_SCREEN_EXHAUSTED_PRIMALITY_UNASSIGNED,GF3A_DIRECTIONAL_WRITE_EXHAUSTED_PRIMALITY_UNASSIGNED,513,512,512,NO_RECORDED_FACTOR_PRP_OR_LL_RESULT_AND_NO_ACTIVE_GIMPS_ASSIGNMENT,2026-08-09T04:34:14+00:00,UNALLOCATED,,,,,
SLCMP1765-2460,2460,2460,583626061,2^583626061-1,STRUCTURAL_SCREEN_EXHAUSTED_PRIMALITY_UNASSIGNED,GF3A_DIRECTIONAL_WRITE_EXHAUSTED_PRIMALITY_UNASSIGNED,513,512,512,NO_RECORDED_FACTOR_PRP_OR_LL_RESULT_AND_NO_ACTIVE_GIMPS_ASSIGNMENT,2026-08-09T04:34:14+00:00,UNALLOCATED,,,,,
SLCMP1765-2461,2461,2461,583626161,2^583626161-1,STRUCTURAL_SCREEN_EXHAUSTED_PRIMALITY_UNASSIGNED,GF3A_DIRECTIONAL_WRITE_EXHAUSTED_PRIMALITY_UNASSIGNED,513,512,512,NO_RECORDED_FACTOR_PRP_OR_LL_RESULT_AND_NO_ACTIVE_GIMPS_ASSIGNMENT,2026-08-09T04:34:14+00:00,UNALLOCATED,,,,,
SLCMP1765-2462,2462,2462,583626163,2^583626163-1,STRUCTURAL_SCREEN_EXHAUSTED_PRIMALITY_UNASSIGNED,GF3A_DIRECTIONAL_WRITE_EXHAUSTED_PRIMALITY_UNASSIGNED,514,512,512,NO_RECORDED_FACTOR_PRP_OR_LL_RESULT_AND_NO_ACTIVE_GIMPS_ASSIGNMENT,2026-08-09T04:34:14+00:00,UNALLOCATED,,,,,
SLCMP1765-2463,2463,2463,583626191,2^583626191-1,STRUCTURAL_SCREEN_EXHAUSTED_PRIMALITY_UNASSIGNED,GF3A_DIRECTIONAL_WRITE_EXHAUSTED_PRIMALITY_UNASSIGNED,514,512,512,NO_RECORDED_FACTOR_PRP_OR_LL_RESULT_AND_NO_ACTIVE_GIMPS_ASSIGNMENT,2026-08-09T04:34:14+00:00,UNALLOCATED,,,,,
SLCMP1765-2464,2464,2464,583626209,2^583626209-1,STRUCTURAL_SCREEN_EXHAUSTED_PRIMALITY_UNASSIGNED,GF3A_DIRECTIONAL_WRITE_EXHAUSTED_PRIMALITY_UNASSIGNED,513,512,512,NO_RECORDED_FACTOR_PRP_OR_LL_RESULT_AND_NO_ACTIVE_GIMPS_ASSIGNMENT,2026-08-09T04:34:14+00:00,UNALLOCATED,,,,,
SLCMP1765-2465,2465,2465,583626217,2^583626217-1,STRUCTURAL_SCREEN_EXHAUSTED_PRIMALITY_UNASSIGNED,GF3A_DIRECTIONAL_WRITE_EXHAUSTED_PRIMALITY_UNASSIGNED,513,512,512,NO_RECORDED_FACTOR_PRP_OR_LL_RESULT_AND_NO_ACTIVE_GIMPS_ASSIGNMENT,2026-08-09T04:34:14+00:00,UNALLOCATED,,,,,
SLCMP1765-2466,2466,2466,583626283,2^583626283-1,STRUCTURAL_SCREEN_EXHAUSTED_PRIMALITY_UNASSIGNED,GF3A_DIRECTIONAL_WRITE_EXHAUSTED_PRIMALITY_UNASSIGNED,514,512,512,NO_RECORDED_FACTOR_PRP_OR_LL_RESULT_AND_NO_ACTIVE_GIMPS_ASSIGNMENT,2026-08-09T04:34:14+00:00,UNALLOCATED,,,,,
SLCMP1765-2467,2467,2467,583626361,2^583626361-1,STRUCTURAL_SCREEN_EXHAUSTED_PRIMALITY_UNASSIGNED,GF3A_DIRECTIONAL_WRITE_EXHAUSTED_PRIMALITY_UNASSIGNED,513,512,512,NO_RECORDED_FACTOR_PRP_OR_LL_RESULT_AND_NO_ACTIVE_GIMPS_ASSIGNMENT,2026-08-09T04:34:14+00:00,UNALLOCATED,,,,,
SLCMP1765-2468,2468,2468,583626409,2^583626409-1,STRUCTURAL_SCREEN_EXHAUSTED_PRIMALITY_UNASSIGNED,GF3A_DIRECTIONAL_WRITE_EXHAUSTED_PRIMALITY_UNASSIGNED,513,512,512,NO_RECORDED_FACTOR_PRP_OR_LL_RESULT_AND_NO_ACTIVE_GIMPS_ASSIGNMENT,2026-08-09T04:34:14+00:00,UNALLOCATED,,,,,
SLCMP1765-2469,2469,2469,583626509,2^583626509-1,STRUCTURAL_SCREEN_EXHAUSTED_PRIMALITY_UNASSIGNED,GF3A_DIRECTIONAL_WRITE_EXHAUSTED_PRIMALITY_UNASSIGNED,513,512,512,NO_RECORDED_FACTOR_PRP_OR_LL_RESULT_AND_NO_ACTIVE_GIMPS_ASSIGNMENT,2026-08-09T04:34:14+00:00,UNALLOCATED,,,,,
SLCMP1765-2470,2470,2470,583626517,2^583626517-1,STRUCTURAL_SCREEN_EXHAUSTED_PRIMALITY_UNASSIGNED,GF3A_DIRECTIONAL_WRITE_EXHAUSTED_PRIMALITY_UNASSIGNED,513,512,512,NO_RECORDED_FACTOR_PRP_OR_LL_RESULT_AND_NO_ACTIVE_GIMPS_ASSIGNMENT,2026-08-09T04:34:14+00:00,UNALLOCATED,,,,,
SLCMP1765-2471,2471,2471,583626623,2^583626623-1,STRUCTURAL_SCREEN_EXHAUSTED_PRIMALITY_UNASSIGNED,GF3A_DIRECTIONAL_WRITE_EXHAUSTED_PRIMALITY_UNASSIGNED,514,512,512,NO_RECORDED_FACTOR_PRP_OR_LL_RESULT_AND_NO_ACTIVE_GIMPS_ASSIGNMENT,2026-08-09T04:34:14+00:00,UNALLOCATED,,,,,
SLCMP1765-2472,2472,2472,583626709,2^583626709-1,STRUCTURAL_SCREEN_EXHAUSTED_PRIMALITY_UNASSIGNED,GF3A_DIRECTIONAL_WRITE_EXHAUSTED_PRIMALITY_UNASSIGNED,513,512,512,NO_RECORDED_FACTOR_PRP_OR_LL_RESULT_AND_NO_ACTIVE_GIMPS_ASSIGNMENT,2026-08-09T04:34:14+00:00,UNALLOCATED,,,,,
SLCMP1765-2473,2473,2473,583626721,2^583626721-1,STRUCTURAL_SCREEN_EXHAUSTED_PRIMALITY_UNASSIGNED,GF3A_DIRECTIONAL_WRITE_EXHAUSTED_PRIMALITY_UNASSIGNED,513,512,512,NO_RECORDED_FACTOR_PRP_OR_LL_RESULT_AND_NO_ACTIVE_GIMPS_ASSIGNMENT,2026-08-09T04:34:14+00:00,UNALLOCATED,,,,,
SLCMP1765-2474,2474,2474,583626803,2^583626803-1,STRUCTURAL_SCREEN_EXHAUSTED_PRIMALITY_UNASSIGNED,GF3A_DIRECTIONAL_WRITE_EXHAUSTED_PRIMALITY_UNASSIGNED,514,512,512,NO_RECORDED_FACTOR_PRP_OR_LL_RESULT_AND_NO_ACTIVE_GIMPS_ASSIGNMENT,2026-08-09T04:34:14+00:00,UNALLOCATED,,,,,
SLCMP1765-2475,2475,2475,583626829,2^583626829-1,STRUCTURAL_SCREEN_EXHAUSTED_PRIMALITY_UNASSIGNED,GF3A_DIRECTIONAL_WRITE_EXHAUSTED_PRIMALITY_UNASSIGNED,513,512,512,NO_RECORDED_FACTOR_PRP_OR_LL_RESULT_AND_NO_ACTIVE_GIMPS_ASSIGNMENT,2026-08-09T04:34:14+00:00,UNALLOCATED,,,,,
SLCMP1765-2476,2476,2476,583626889,2^583626889-1,STRUCTURAL_SCREEN_EXHAUSTED_PRIMALITY_UNASSIGNED,GF3A_DIRECTIONAL_WRITE_EXHAUSTED_PRIMALITY_UNASSIGNED,513,512,512,NO_RECORDED_FACTOR_PRP_OR_LL_RESULT_AND_NO_ACTIVE_GIMPS_ASSIGNMENT,2026-08-09T04:34:14+00:00,UNALLOCATED,,,,,
SLCMP1765-2477,2477,2477,583626913,2^583626913-1,STRUCTURAL_SCREEN_EXHAUSTED_PRIMALITY_UNASSIGNED,GF3A_DIRECTIONAL_WRITE_EXHAUSTED_PRIMALITY_UNASSIGNED,513,512,512,NO_RECORDED_FACTOR_PRP_OR_LL_RESULT_AND_NO_ACTIVE_GIMPS_ASSIGNMENT,2026-08-09T04:34:14+00:00,UNALLOCATED,,,,,
SLCMP1765-2478,2478,2478,583626919,2^583626919-1,STRUCTURAL_SCREEN_EXHAUSTED_PRIMALITY_UNASSIGNED,GF3A_DIRECTIONAL_WRITE_EXHAUSTED_PRIMALITY_UNASSIGNED,514,512,512,NO_RECORDED_FACTOR_PRP_OR_LL_RESULT_AND_NO_ACTIVE_GIMPS_ASSIGNMENT,2026-08-09T04:34:14+00:00,UNALLOCATED,,,,,
SLCMP1765-2479,2479,2479,583626941,2^583626941-1,STRUCTURAL_SCREEN_EXHAUSTED_PRIMALITY_UNASSIGNED,GF3A_DIRECTIONAL_WRITE_EXHAUSTED_PRIMALITY_UNASSIGNED,513,512,512,NO_RECORDED_FACTOR_PRP_OR_LL_RESULT_AND_NO_ACTIVE_GIMPS_ASSIGNMENT,2026-08-09T04:34:14+00:00,UNALLOCATED,,,,,
SLCMP1765-2480,2480,2480,583626959,2^583626959-1,STRUCTURAL_SCREEN_EXHAUSTED_PRIMALITY_UNASSIGNED,GF3A_DIRECTIONAL_WRITE_EXHAUSTED_PRIMALITY_UNASSIGNED,514,512,512,NO_RECORDED_FACTOR_PRP_OR_LL_RESULT_AND_NO_ACTIVE_GIMPS_ASSIGNMENT,2026-08-09T04:34:14+00:00,UNALLOCATED,,,,,
SLCMP1765-2481,2481,2481,583626977,2^583626977-1,STRUCTURAL_SCREEN_EXHAUSTED_PRIMALITY_UNASSIGNED,GF3A_DIRECTIONAL_WRITE_EXHAUSTED_PRIMALITY_UNASSIGNED,513,512,512,NO_RECORDED_FACTOR_PRP_OR_LL_RESULT_AND_NO_ACTIVE_GIMPS_ASSIGNMENT,2026-08-09T04:34:14+00:00,UNALLOCATED,,,,,
SLCMP1765-2482,2482,2482,583627019,2^583627019-1,STRUCTURAL_SCREEN_EXHAUSTED_PRIMALITY_UNASSIGNED,GF3A_DIRECTIONAL_WRITE_EXHAUSTED_PRIMALITY_UNASSIGNED,514,512,512,NO_RECORDED_FACTOR_PRP_OR_LL_RESULT_AND_NO_ACTIVE_GIMPS_ASSIGNMENT,2026-08-09T04:34:14+00:00,UNALLOCATED,,,,,
SLCMP1765-2483,2483,2483,583627067,2^583627067-1,STRUCTURAL_SCREEN_EXHAUSTED_PRIMALITY_UNASSIGNED,GF3A_DIRECTIONAL_WRITE_EXHAUSTED_PRIMALITY_UNASSIGNED,514,512,512,NO_RECORDED_FACTOR_PRP_OR_LL_RESULT_AND_NO_ACTIVE_GIMPS_ASSIGNMENT,2026-08-09T04:34:14+00:00,UNALLOCATED,,,,,
SLCMP1765-2484,2484,2484,583627073,2^583627073-1,STRUCTURAL_SCREEN_EXHAUSTED_PRIMALITY_UNASSIGNED,GF3A_DIRECTIONAL_WRITE_EXHAUSTED_PRIMALITY_UNASSIGNED,513,512,512,NO_RECORDED_FACTOR_PRP_OR_LL_RESULT_AND_NO_ACTIVE_GIMPS_ASSIGNMENT,2026-08-09T04:34:14+00:00,UNALLOCATED,,,,,
SLCMP1765-2485,2485,2485,583627097,2^583627097-1,STRUCTURAL_SCREEN_EXHAUSTED_PRIMALITY_UNASSIGNED,GF3A_DIRECTIONAL_WRITE_EXHAUSTED_PRIMALITY_UNASSIGNED,513,512,512,NO_RECORDED_FACTOR_PRP_OR_LL_RESULT_AND_NO_ACTIVE_GIMPS_ASSIGNMENT,2026-08-09T04:34:14+00:00,UNALLOCATED,,,,,
SLCMP1765-2486,2486,2486,583627133,2^583627133-1,STRUCTURAL_SCREEN_EXHAUSTED_PRIMALITY_UNASSIGNED,GF3A_DIRECTIONAL_WRITE_EXHAUSTED_PRIMALITY_UNASSIGNED,513,512,512,NO_RECORDED_FACTOR_PRP_OR_LL_RESULT_AND_NO_ACTIVE_GIMPS_ASSIGNMENT,2026-08-09T04:34:14+00:00,UNALLOCATED,,,,,
SLCMP1765-2487,2487,2487,583627141,2^583627141-1,STRUCTURAL_SCREEN_EXHAUSTED_PRIMALITY_UNASSIGNED,GF3A_DIRECTIONAL_WRITE_EXHAUSTED_PRIMALITY_UNASSIGNED,513,512,512,NO_RECORDED_FACTOR_PRP_OR_LL_RESULT_AND_NO_ACTIVE_GIMPS_ASSIGNMENT,2026-08-09T04:34:14+00:00,UNALLOCATED,,,,,
SLCMP1765-2488,2488,2488,583627279,2^583627279-1,STRUCTURAL_SCREEN_EXHAUSTED_PRIMALITY_UNASSIGNED,GF3A_DIRECTIONAL_WRITE_EXHAUSTED_PRIMALITY_UNASSIGNED,514,512,512,NO_RECORDED_FACTOR_PRP_OR_LL_RESULT_AND_NO_ACTIVE_GIMPS_ASSIGNMENT,2026-08-09T04:34:14+00:00,UNALLOCATED,,,,,
SLCMP1765-2489,2489,2489,583627337,2^583627337-1,STRUCTURAL_SCREEN_EXHAUSTED_PRIMALITY_UNASSIGNED,GF3A_DIRECTIONAL_WRITE_EXHAUSTED_PRIMALITY_UNASSIGNED,513,512,512,NO_RECORDED_FACTOR_PRP_OR_LL_RESULT_AND_NO_ACTIVE_GIMPS_ASSIGNMENT,2026-08-09T04:34:14+00:00,UNALLOCATED,,,,,
SLCMP1765-2490,2490,2490,583627403,2^583627403-1,STRUCTURAL_SCREEN_EXHAUSTED_PRIMALITY_UNASSIGNED,GF3A_DIRECTIONAL_WRITE_EXHAUSTED_PRIMALITY_UNASSIGNED,514,512,512,NO_RECORDED_FACTOR_PRP_OR_LL_RESULT_AND_NO_ACTIVE_GIMPS_ASSIGNMENT,2026-08-09T04:34:14+00:00,UNALLOCATED,,,,,
SLCMP1765-2491,2491,2491,583627409,2^583627409-1,STRUCTURAL_SCREEN_EXHAUSTED_PRIMALITY_UNASSIGNED,GF3A_DIRECTIONAL_WRITE_EXHAUSTED_PRIMALITY_UNASSIGNED,513,512,512,NO_RECORDED_FACTOR_PRP_OR_LL_RESULT_AND_NO_ACTIVE_GIMPS_ASSIGNMENT,2026-08-09T04:34:14+00:00,UNALLOCATED,,,,,
SLCMP1765-2492,2492,2492,583627411,2^583627411-1,STRUCTURAL_SCREEN_EXHAUSTED_PRIMALITY_UNASSIGNED,GF3A_DIRECTIONAL_WRITE_EXHAUSTED_PRIMALITY_UNASSIGNED,514,512,512,NO_RECORDED_FACTOR_PRP_OR_LL_RESULT_AND_NO_ACTIVE_GIMPS_ASSIGNMENT,2026-08-09T04:34:14+00:00,UNALLOCATED,,,,,
SLCMP1765-2493,2493,2493,583627417,2^583627417-1,STRUCTURAL_SCREEN_EXHAUSTED_PRIMALITY_UNASSIGNED,GF3A_DIRECTIONAL_WRITE_EXHAUSTED_PRIMALITY_UNASSIGNED,513,512,512,NO_RECORDED_FACTOR_PRP_OR_LL_RESULT_AND_NO_ACTIVE_GIMPS_ASSIGNMENT,2026-08-09T04:34:14+00:00,UNALLOCATED,,,,,
SLCMP1765-2494,2494,2494,583627543,2^583627543-1,STRUCTURAL_SCREEN_EXHAUSTED_PRIMALITY_UNASSIGNED,GF3A_DIRECTIONAL_WRITE_EXHAUSTED_PRIMALITY_UNASSIGNED,514,512,512,NO_RECORDED_FACTOR_PRP_OR_LL_RESULT_AND_NO_ACTIVE_GIMPS_ASSIGNMENT,2026-08-09T04:34:14+00:00,UNALLOCATED,,,,,
SLCMP1765-2495,2495,2495,583627637,2^583627637-1,STRUCTURAL_SCREEN_EXHAUSTED_PRIMALITY_UNASSIGNED,GF3A_DIRECTIONAL_WRITE_EXHAUSTED_PRIMALITY_UNASSIGNED,513,512,512,NO_RECORDED_FACTOR_PRP_OR_LL_RESULT_AND_NO_ACTIVE_GIMPS_ASSIGNMENT,2026-08-09T04:34:14+00:00,UNALLOCATED,,,,,
SLCMP1765-2496,2496,2496,583627703,2^583627703-1,STRUCTURAL_SCREEN_EXHAUSTED_PRIMALITY_UNASSIGNED,GF3A_DIRECTIONAL_WRITE_EXHAUSTED_PRIMALITY_UNASSIGNED,514,512,512,NO_RECORDED_FACTOR_PRP_OR_LL_RESULT_AND_NO_ACTIVE_GIMPS_ASSIGNMENT,2026-08-09T04:34:14+00:00,UNALLOCATED,,,,,
SLCMP1765-2497,2497,2497,583627763,2^583627763-1,STRUCTURAL_SCREEN_EXHAUSTED_PRIMALITY_UNASSIGNED,GF3A_DIRECTIONAL_WRITE_EXHAUSTED_PRIMALITY_UNASSIGNED,514,512,512,NO_RECORDED_FACTOR_PRP_OR_LL_RESULT_AND_NO_ACTIVE_GIMPS_ASSIGNMENT,2026-08-09T04:34:14+00:00,UNALLOCATED,,,,,
SLCMP1765-2498,2498,2498,583627873,2^583627873-1,STRUCTURAL_SCREEN_EXHAUSTED_PRIMALITY_UNASSIGNED,GF3A_DIRECTIONAL_WRITE_EXHAUSTED_PRIMALITY_UNASSIGNED,513,512,512,NO_RECORDED_FACTOR_PRP_OR_LL_RESULT_AND_NO_ACTIVE_GIMPS_ASSIGNMENT,2026-08-09T04:34:14+00:00,UNALLOCATED,,,,,
SLCMP1765-2499,2499,2499,583628009,2^583628009-1,STRUCTURAL_SCREEN_EXHAUSTED_PRIMALITY_UNASSIGNED,GF3A_DIRECTIONAL_WRITE_EXHAUSTED_PRIMALITY_UNASSIGNED,513,512,512,NO_RECORDED_FACTOR_PRP_OR_LL_RESULT_AND_NO_ACTIVE_GIMPS_ASSIGNMENT,2026-08-09T04:34:14+00:00,UNALLOCATED,,,,,
SLCMP1765-2500,2500,2500,583628069,2^583628069-1,STRUCTURAL_SCREEN_EXHAUSTED_PRIMALITY_UNASSIGNED,GF3A_DIRECTIONAL_WRITE_EXHAUSTED_PRIMALITY_UNASSIGNED,513,512,512,NO_RECORDED_FACTOR_PRP_OR_LL_RESULT_AND_NO_ACTIVE_GIMPS_ASSIGNMENT,2026-08-09T04:34:14+00:00,UNALLOCATED,,,,,
SLCMP1765-2501,2501,2501,583628081,2^583628081-1,STRUCTURAL_SCREEN_EXHAUSTED_PRIMALITY_UNASSIGNED,GF3A_DIRECTIONAL_WRITE_EXHAUSTED_PRIMALITY_UNASSIGNED,513,512,512,NO_RECORDED_FACTOR_PRP_OR_LL_RESULT_AND_NO_ACTIVE_GIMPS_ASSIGNMENT,2026-08-09T04:34:14+00:00,UNALLOCATED,,,,,
SLCMP1765-2502,2502,2502,583628233,2^583628233-1,STRUCTURAL_SCREEN_EXHAUSTED_PRIMALITY_UNASSIGNED,GF3A_DIRECTIONAL_WRITE_EXHAUSTED_PRIMALITY_UNASSIGNED,513,512,512,NO_RECORDED_FACTOR_PRP_OR_LL_RESULT_AND_NO_ACTIVE_GIMPS_ASSIGNMENT,2026-08-09T04:34:14+00:00,UNALLOCATED,,,,,
SLCMP1765-2503,2503,2503,583628249,2^583628249-1,STRUCTURAL_SCREEN_EXHAUSTED_PRIMALITY_UNASSIGNED,GF3A_DIRECTIONAL_WRITE_EXHAUSTED_PRIMALITY_UNASSIGNED,513,512,512,NO_RECORDED_FACTOR_PRP_OR_LL_RESULT_AND_NO_ACTIVE_GIMPS_ASSIGNMENT,2026-08-09T04:34:14+00:00,UNALLOCATED,,,,,
SLCMP1765-2504,2504,2504,583628257,2^583628257-1,STRUCTURAL_SCREEN_EXHAUSTED_PRIMALITY_UNASSIGNED,GF3A_DIRECTIONAL_WRITE_EXHAUSTED_PRIMALITY_UNASSIGNED,513,512,512,NO_RECORDED_FACTOR_PRP_OR_LL_RESULT_AND_NO_ACTIVE_GIMPS_ASSIGNMENT,2026-08-09T04:34:14+00:00,UNALLOCATED,,,,,
SLCMP1765-2505,2505,2505,583628261,2^583628261-1,STRUCTURAL_SCREEN_EXHAUSTED_PRIMALITY_UNASSIGNED,GF3A_DIRECTIONAL_WRITE_EXHAUSTED_PRIMALITY_UNASSIGNED,513,512,512,NO_RECORDED_FACTOR_PRP_OR_LL_RESULT_AND_NO_ACTIVE_GIMPS_ASSIGNMENT,2026-08-09T04:34:14+00:00,UNALLOCATED,,,,,
SLCMP1765-2506,2506,2506,583628323,2^583628323-1,STRUCTURAL_SCREEN_EXHAUSTED_PRIMALITY_UNASSIGNED,GF3A_DIRECTIONAL_WRITE_EXHAUSTED_PRIMALITY_UNASSIGNED,514,512,512,NO_RECORDED_FACTOR_PRP_OR_LL_RESULT_AND_NO_ACTIVE_GIMPS_ASSIGNMENT,2026-08-09T04:34:14+00:00,UNALLOCATED,,,,,
SLCMP1765-2507,2507,2507,583628327,2^583628327-1,STRUCTURAL_SCREEN_EXHAUSTED_PRIMALITY_UNASSIGNED,GF3A_DIRECTIONAL_WRITE_EXHAUSTED_PRIMALITY_UNASSIGNED,514,512,512,NO_RECORDED_FACTOR_PRP_OR_LL_RESULT_AND_NO_ACTIVE_GIMPS_ASSIGNMENT,2026-08-09T04:34:14+00:00,UNALLOCATED,,,,,
SLCMP1765-2508,2508,2508,583628429,2^583628429-1,STRUCTURAL_SCREEN_EXHAUSTED_PRIMALITY_UNASSIGNED,GF3A_DIRECTIONAL_WRITE_EXHAUSTED_PRIMALITY_UNASSIGNED,513,512,512,NO_RECORDED_FACTOR_PRP_OR_LL_RESULT_AND_NO_ACTIVE_GIMPS_ASSIGNMENT,2026-08-09T04:34:14+00:00,UNALLOCATED,,,,,
SLCMP1765-2509,2509,2509,583628431,2^583628431-1,STRUCTURAL_SCREEN_EXHAUSTED_PRIMALITY_UNASSIGNED,GF3A_DIRECTIONAL_WRITE_EXHAUSTED_PRIMALITY_UNASSIGNED,514,512,512,NO_RECORDED_FACTOR_PRP_OR_LL_RESULT_AND_NO_ACTIVE_GIMPS_ASSIGNMENT,2026-08-09T04:34:14+00:00,UNALLOCATED,,,,,
SLCMP1765-2510,2510,2510,583628443,2^583628443-1,STRUCTURAL_SCREEN_EXHAUSTED_PRIMALITY_UNASSIGNED,GF3A_DIRECTIONAL_WRITE_EXHAUSTED_PRIMALITY_UNASSIGNED,514,512,512,NO_RECORDED_FACTOR_PRP_OR_LL_RESULT_AND_NO_ACTIVE_GIMPS_ASSIGNMENT,2026-08-09T04:34:14+00:00,UNALLOCATED,,,,,
SLCMP1765-2511,2511,2511,583628569,2^583628569-1,STRUCTURAL_SCREEN_EXHAUSTED_PRIMALITY_UNASSIGNED,GF3A_DIRECTIONAL_WRITE_EXHAUSTED_PRIMALITY_UNASSIGNED,513,512,512,NO_RECORDED_FACTOR_PRP_OR_LL_RESULT_AND_NO_ACTIVE_GIMPS_ASSIGNMENT,2026-08-09T04:34:14+00:00,UNALLOCATED,,,,,
SLCMP1765-2512,2512,2512,583628621,2^583628621-1,STRUCTURAL_SCREEN_EXHAUSTED_PRIMALITY_UNASSIGNED,GF3A_DIRECTIONAL_WRITE_EXHAUSTED_PRIMALITY_UNASSIGNED,513,512,512,NO_RECORDED_FACTOR_PRP_OR_LL_RESULT_AND_NO_ACTIVE_GIMPS_ASSIGNMENT,2026-08-09T04:34:14+00:00,UNALLOCATED,,,,,
SLCMP1765-2513,2513,2513,583628629,2^583628629-1,STRUCTURAL_SCREEN_EXHAUSTED_PRIMALITY_UNASSIGNED,GF3A_DIRECTIONAL_WRITE_EXHAUSTED_PRIMALITY_UNASSIGNED,513,512,512,NO_RECORDED_FACTOR_PRP_OR_LL_RESULT_AND_NO_ACTIVE_GIMPS_ASSIGNMENT,2026-08-09T04:34:14+00:00,UNALLOCATED,,,,,
SLCMP1765-2514,2514,2514,583628671,2^583628671-1,STRUCTURAL_SCREEN_EXHAUSTED_PRIMALITY_UNASSIGNED,GF3A_DIRECTIONAL_WRITE_EXHAUSTED_PRIMALITY_UNASSIGNED,514,512,512,NO_RECORDED_FACTOR_PRP_OR_LL_RESULT_AND_NO_ACTIVE_GIMPS_ASSIGNMENT,2026-08-09T04:34:14+00:00,UNALLOCATED,,,,,
SLCMP1765-2515,2515,2515,583628677,2^583628677-1,STRUCTURAL_SCREEN_EXHAUSTED_PRIMALITY_UNASSIGNED,GF3A_DIRECTIONAL_WRITE_EXHAUSTED_PRIMALITY_UNASSIGNED,513,512,512,NO_RECORDED_FACTOR_PRP_OR_LL_RESULT_AND_NO_ACTIVE_GIMPS_ASSIGNMENT,2026-08-09T04:34:14+00:00,UNALLOCATED,,,,,
SLCMP1765-2516,2516,2516,583628783,2^583628783-1,STRUCTURAL_SCREEN_EXHAUSTED_PRIMALITY_UNASSIGNED,GF3A_DIRECTIONAL_WRITE_EXHAUSTED_PRIMALITY_UNASSIGNED,514,512,512,NO_RECORDED_FACTOR_PRP_OR_LL_RESULT_AND_NO_ACTIVE_GIMPS_ASSIGNMENT,2026-08-09T04:34:14+00:00,UNALLOCATED,,,,,
SLCMP1765-2517,2517,2517,583628791,2^583628791-1,STRUCTURAL_SCREEN_EXHAUSTED_PRIMALITY_UNASSIGNED,GF3A_DIRECTIONAL_WRITE_EXHAUSTED_PRIMALITY_UNASSIGNED,514,512,512,NO_RECORDED_FACTOR_PRP_OR_LL_RESULT_AND_NO_ACTIVE_GIMPS_ASSIGNMENT,2026-08-09T04:34:14+00:00,UNALLOCATED,,,,,
SLCMP1765-2518,2518,2518,583628827,2^583628827-1,STRUCTURAL_SCREEN_EXHAUSTED_PRIMALITY_UNASSIGNED,GF3A_DIRECTIONAL_WRITE_EXHAUSTED_PRIMALITY_UNASSIGNED,514,512,512,NO_RECORDED_FACTOR_PRP_OR_LL_RESULT_AND_NO_ACTIVE_GIMPS_ASSIGNMENT,2026-08-09T04:34:14+00:00,UNALLOCATED,,,,,
SLCMP1765-2519,2519,2519,583628867,2^583628867-1,STRUCTURAL_SCREEN_EXHAUSTED_PRIMALITY_UNASSIGNED,GF3A_DIRECTIONAL_WRITE_EXHAUSTED_PRIMALITY_UNASSIGNED,514,512,512,NO_RECORDED_FACTOR_PRP_OR_LL_RESULT_AND_NO_ACTIVE_GIMPS_ASSIGNMENT,2026-08-09T04:34:14+00:00,UNALLOCATED,,,,,
SLCMP1765-2520,2520,2520,583629019,2^583629019-1,STRUCTURAL_SCREEN_EXHAUSTED_PRIMALITY_UNASSIGNED,GF3A_DIRECTIONAL_WRITE_EXHAUSTED_PRIMALITY_UNASSIGNED,514,512,512,NO_RECORDED_FACTOR_PRP_OR_LL_RESULT_AND_NO_ACTIVE_GIMPS_ASSIGNMENT,2026-08-09T04:34:14+00:00,UNALLOCATED,,,,,
SLCMP1765-2521,2521,2521,583629073,2^583629073-1,STRUCTURAL_SCREEN_EXHAUSTED_PRIMALITY_UNASSIGNED,GF3A_DIRECTIONAL_WRITE_EXHAUSTED_PRIMALITY_UNASSIGNED,513,512,512,NO_RECORDED_FACTOR_PRP_OR_LL_RESULT_AND_NO_ACTIVE_GIMPS_ASSIGNMENT,2026-08-09T04:34:14+00:00,UNALLOCATED,,,,,
SLCMP1765-2522,2522,2522,583629097,2^583629097-1,STRUCTURAL_SCREEN_EXHAUSTED_PRIMALITY_UNASSIGNED,GF3A_DIRECTIONAL_WRITE_EXHAUSTED_PRIMALITY_UNASSIGNED,513,512,512,NO_RECORDED_FACTOR_PRP_OR_LL_RESULT_AND_NO_ACTIVE_GIMPS_ASSIGNMENT,2026-08-09T04:34:14+00:00,UNALLOCATED,,,,,
SLCMP1765-2523,2523,2523,583629187,2^583629187-1,STRUCTURAL_SCREEN_EXHAUSTED_PRIMALITY_UNASSIGNED,GF3A_DIRECTIONAL_WRITE_EXHAUSTED_PRIMALITY_UNASSIGNED,514,512,512,NO_RECORDED_FACTOR_PRP_OR_LL_RESULT_AND_NO_ACTIVE_GIMPS_ASSIGNMENT,2026-08-09T04:34:14+00:00,UNALLOCATED,,,,,
SLCMP1765-2524,2524,2524,583629203,2^583629203-1,STRUCTURAL_SCREEN_EXHAUSTED_PRIMALITY_UNASSIGNED,GF3A_DIRECTIONAL_WRITE_EXHAUSTED_PRIMALITY_UNASSIGNED,514,512,512,NO_RECORDED_FACTOR_PRP_OR_LL_RESULT_AND_NO_ACTIVE_GIMPS_ASSIGNMENT,2026-08-09T04:34:14+00:00,UNALLOCATED,,,,,
SLCMP1765-2525,2525,2525,583629247,2^583629247-1,STRUCTURAL_SCREEN_EXHAUSTED_PRIMALITY_UNASSIGNED,GF3A_DIRECTIONAL_WRITE_EXHAUSTED_PRIMALITY_UNASSIGNED,514,512,512,NO_RECORDED_FACTOR_PRP_OR_LL_RESULT_AND_NO_ACTIVE_GIMPS_ASSIGNMENT,2026-08-09T04:34:14+00:00,UNALLOCATED,,,,,
SLCMP1765-2526,2526,2526,583629257,2^583629257-1,STRUCTURAL_SCREEN_EXHAUSTED_PRIMALITY_UNASSIGNED,GF3A_DIRECTIONAL_WRITE_EXHAUSTED_PRIMALITY_UNASSIGNED,513,512,512,NO_RECORDED_FACTOR_PRP_OR_LL_RESULT_AND_NO_ACTIVE_GIMPS_ASSIGNMENT,2026-08-09T04:34:14+00:00,UNALLOCATED,,,,,
SLCMP1765-2527,2527,2527,583629259,2^583629259-1,STRUCTURAL_SCREEN_EXHAUSTED_PRIMALITY_UNASSIGNED,GF3A_DIRECTIONAL_WRITE_EXHAUSTED_PRIMALITY_UNASSIGNED,514,512,512,NO_RECORDED_FACTOR_PRP_OR_LL_RESULT_AND_NO_ACTIVE_GIMPS_ASSIGNMENT,2026-08-09T04:34:14+00:00,UNALLOCATED,,,,,
SLCMP1765-2528,2528,2528,583629313,2^583629313-1,STRUCTURAL_SCREEN_EXHAUSTED_PRIMALITY_UNASSIGNED,GF3A_DIRECTIONAL_WRITE_EXHAUSTED_PRIMALITY_UNASSIGNED,513,512,512,NO_RECORDED_FACTOR_PRP_OR_LL_RESULT_AND_NO_ACTIVE_GIMPS_ASSIGNMENT,2026-08-09T04:34:14+00:00,UNALLOCATED,,,,,
SLCMP1765-2529,2529,2529,583629377,2^583629377-1,STRUCTURAL_SCREEN_EXHAUSTED_PRIMALITY_UNASSIGNED,GF3A_DIRECTIONAL_WRITE_EXHAUSTED_PRIMALITY_UNASSIGNED,513,512,512,NO_RECORDED_FACTOR_PRP_OR_LL_RESULT_AND_NO_ACTIVE_GIMPS_ASSIGNMENT,2026-08-09T04:34:14+00:00,UNALLOCATED,,,,,
SLCMP1765-2530,2530,2530,583629421,2^583629421-1,STRUCTURAL_SCREEN_EXHAUSTED_PRIMALITY_UNASSIGNED,GF3A_DIRECTIONAL_WRITE_EXHAUSTED_PRIMALITY_UNASSIGNED,513,512,512,NO_RECORDED_FACTOR_PRP_OR_LL_RESULT_AND_NO_ACTIVE_GIMPS_ASSIGNMENT,2026-08-09T04:34:14+00:00,UNALLOCATED,,,,,
SLCMP1765-2531,2531,2531,583629451,2^583629451-1,STRUCTURAL_SCREEN_EXHAUSTED_PRIMALITY_UNASSIGNED,GF3A_DIRECTIONAL_WRITE_EXHAUSTED_PRIMALITY_UNASSIGNED,514,512,512,NO_RECORDED_FACTOR_PRP_OR_LL_RESULT_AND_NO_ACTIVE_GIMPS_ASSIGNMENT,2026-08-09T04:34:14+00:00,UNALLOCATED,,,,,
SLCMP1765-2532,2532,2532,583629469,2^583629469-1,STRUCTURAL_SCREEN_EXHAUSTED_PRIMALITY_UNASSIGNED,GF3A_DIRECTIONAL_WRITE_EXHAUSTED_PRIMALITY_UNASSIGNED,513,512,512,NO_RECORDED_FACTOR_PRP_OR_LL_RESULT_AND_NO_ACTIVE_GIMPS_ASSIGNMENT,2026-08-09T04:34:14+00:00,UNALLOCATED,,,,,
SLCMP1765-2533,2533,2533,583629509,2^583629509-1,STRUCTURAL_SCREEN_EXHAUSTED_PRIMALITY_UNASSIGNED,GF3A_DIRECTIONAL_WRITE_EXHAUSTED_PRIMALITY_UNASSIGNED,513,512,512,NO_RECORDED_FACTOR_PRP_OR_LL_RESULT_AND_NO_ACTIVE_GIMPS_ASSIGNMENT,2026-08-09T04:34:14+00:00,UNALLOCATED,,,,,
SLCMP1765-2534,2534,2534,583629581,2^583629581-1,STRUCTURAL_SCREEN_EXHAUSTED_PRIMALITY_UNASSIGNED,GF3A_DIRECTIONAL_WRITE_EXHAUSTED_PRIMALITY_UNASSIGNED,513,512,512,NO_RECORDED_FACTOR_PRP_OR_LL_RESULT_AND_NO_ACTIVE_GIMPS_ASSIGNMENT,2026-08-09T04:34:14+00:00,UNALLOCATED,,,,,
SLCMP1765-2535,2535,2535,583629667,2^583629667-1,STRUCTURAL_SCREEN_EXHAUSTED_PRIMALITY_UNASSIGNED,GF3A_DIRECTIONAL_WRITE_EXHAUSTED_PRIMALITY_UNASSIGNED,514,512,512,NO_RECORDED_FACTOR_PRP_OR_LL_RESULT_AND_NO_ACTIVE_GIMPS_ASSIGNMENT,2026-08-09T04:34:14+00:00,UNALLOCATED,,,,,
SLCMP1765-2536,2536,2536,583629677,2^583629677-1,STRUCTURAL_SCREEN_EXHAUSTED_PRIMALITY_UNASSIGNED,GF3A_DIRECTIONAL_WRITE_EXHAUSTED_PRIMALITY_UNASSIGNED,513,512,512,NO_RECORDED_FACTOR_PRP_OR_LL_RESULT_AND_NO_ACTIVE_GIMPS_ASSIGNMENT,2026-08-09T04:34:14+00:00,UNALLOCATED,,,,,
SLCMP1765-2537,2537,2537,583629713,2^583629713-1,STRUCTURAL_SCREEN_EXHAUSTED_PRIMALITY_UNASSIGNED,GF3A_DIRECTIONAL_WRITE_EXHAUSTED_PRIMALITY_UNASSIGNED,513,512,512,NO_RECORDED_FACTOR_PRP_OR_LL_RESULT_AND_NO_ACTIVE_GIMPS_ASSIGNMENT,2026-08-09T04:34:14+00:00,UNALLOCATED,,,,,
SLCMP1765-2538,2538,2538,583629719,2^583629719-1,STRUCTURAL_SCREEN_EXHAUSTED_PRIMALITY_UNASSIGNED,GF3A_DIRECTIONAL_WRITE_EXHAUSTED_PRIMALITY_UNASSIGNED,514,512,512,NO_RECORDED_FACTOR_PRP_OR_LL_RESULT_AND_NO_ACTIVE_GIMPS_ASSIGNMENT,2026-08-09T04:34:14+00:00,UNALLOCATED,,,,,
SLCMP1765-2539,2539,2539,583629751,2^583629751-1,STRUCTURAL_SCREEN_EXHAUSTED_PRIMALITY_UNASSIGNED,GF3A_DIRECTIONAL_WRITE_EXHAUSTED_PRIMALITY_UNASSIGNED,514,512,512,NO_RECORDED_FACTOR_PRP_OR_LL_RESULT_AND_NO_ACTIVE_GIMPS_ASSIGNMENT,2026-08-09T04:34:14+00:00,UNALLOCATED,,,,,
SLCMP1765-2540,2540,2540,583629757,2^583629757-1,STRUCTURAL_SCREEN_EXHAUSTED_PRIMALITY_UNASSIGNED,GF3A_DIRECTIONAL_WRITE_EXHAUSTED_PRIMALITY_UNASSIGNED,513,512,512,NO_RECORDED_FACTOR_PRP_OR_LL_RESULT_AND_NO_ACTIVE_GIMPS_ASSIGNMENT,2026-08-09T04:34:14+00:00,UNALLOCATED,,,,,
SLCMP1765-2541,2541,2541,583629811,2^583629811-1,STRUCTURAL_SCREEN_EXHAUSTED_PRIMALITY_UNASSIGNED,GF3A_DIRECTIONAL_WRITE_EXHAUSTED_PRIMALITY_UNASSIGNED,514,512,512,NO_RECORDED_FACTOR_PRP_OR_LL_RESULT_AND_NO_ACTIVE_GIMPS_ASSIGNMENT,2026-08-09T04:34:14+00:00,UNALLOCATED,,,,,
SLCMP1765-2542,2542,2542,583629833,2^583629833-1,STRUCTURAL_SCREEN_EXHAUSTED_PRIMALITY_UNASSIGNED,GF3A_DIRECTIONAL_WRITE_EXHAUSTED_PRIMALITY_UNASSIGNED,513,512,512,NO_RECORDED_FACTOR_PRP_OR_LL_RESULT_AND_NO_ACTIVE_GIMPS_ASSIGNMENT,2026-08-09T04:34:14+00:00,UNALLOCATED,,,,,
SLCMP1765-2543,2543,2543,583629889,2^583629889-1,STRUCTURAL_SCREEN_EXHAUSTED_PRIMALITY_UNASSIGNED,GF3A_DIRECTIONAL_WRITE_EXHAUSTED_PRIMALITY_UNASSIGNED,513,512,512,NO_RECORDED_FACTOR_PRP_OR_LL_RESULT_AND_NO_ACTIVE_GIMPS_ASSIGNMENT,2026-08-09T04:34:14+00:00,UNALLOCATED,,,,,
SLCMP1765-2544,2544,2544,583629961,2^583629961-1,STRUCTURAL_SCREEN_EXHAUSTED_PRIMALITY_UNASSIGNED,GF3A_DIRECTIONAL_WRITE_EXHAUSTED_PRIMALITY_UNASSIGNED,513,512,512,NO_RECORDED_FACTOR_PRP_OR_LL_RESULT_AND_NO_ACTIVE_GIMPS_ASSIGNMENT,2026-08-09T04:34:14+00:00,UNALLOCATED,,,,,
SLCMP1765-2545,2545,2545,583630241,2^583630241-1,STRUCTURAL_SCREEN_EXHAUSTED_PRIMALITY_UNASSIGNED,GF3A_DIRECTIONAL_WRITE_EXHAUSTED_PRIMALITY_UNASSIGNED,513,512,512,NO_RECORDED_FACTOR_PRP_OR_LL_RESULT_AND_NO_ACTIVE_GIMPS_ASSIGNMENT,2026-08-09T04:34:14+00:00,UNALLOCATED,,,,,
SLCMP1765-2546,2546,2546,583630253,2^583630253-1,STRUCTURAL_SCREEN_EXHAUSTED_PRIMALITY_UNASSIGNED,GF3A_DIRECTIONAL_WRITE_EXHAUSTED_PRIMALITY_UNASSIGNED,513,512,512,NO_RECORDED_FACTOR_PRP_OR_LL_RESULT_AND_NO_ACTIVE_GIMPS_ASSIGNMENT,2026-08-09T04:34:14+00:00,UNALLOCATED,,,,,
SLCMP1765-2547,2547,2547,583630261,2^583630261-1,STRUCTURAL_SCREEN_EXHAUSTED_PRIMALITY_UNASSIGNED,GF3A_DIRECTIONAL_WRITE_EXHAUSTED_PRIMALITY_UNASSIGNED,513,512,512,NO_RECORDED_FACTOR_PRP_OR_LL_RESULT_AND_NO_ACTIVE_GIMPS_ASSIGNMENT,2026-08-09T04:34:14+00:00,UNALLOCATED,,,,,
SLCMP1765-2548,2548,2548,583630291,2^583630291-1,STRUCTURAL_SCREEN_EXHAUSTED_PRIMALITY_UNASSIGNED,GF3A_DIRECTIONAL_WRITE_EXHAUSTED_PRIMALITY_UNASSIGNED,514,512,512,NO_RECORDED_FACTOR_PRP_OR_LL_RESULT_AND_NO_ACTIVE_GIMPS_ASSIGNMENT,2026-08-09T04:34:14+00:00,UNALLOCATED,,,,,
SLCMP1765-2549,2549,2549,583630319,2^583630319-1,STRUCTURAL_SCREEN_EXHAUSTED_PRIMALITY_UNASSIGNED,GF3A_DIRECTIONAL_WRITE_EXHAUSTED_PRIMALITY_UNASSIGNED,514,512,512,NO_RECORDED_FACTOR_PRP_OR_LL_RESULT_AND_NO_ACTIVE_GIMPS_ASSIGNMENT,2026-08-09T04:34:14+00:00,UNALLOCATED,,,,,
SLCMP1765-2550,2550,2550,583630361,2^583630361-1,STRUCTURAL_SCREEN_EXHAUSTED_PRIMALITY_UNASSIGNED,GF3A_DIRECTIONAL_WRITE_EXHAUSTED_PRIMALITY_UNASSIGNED,513,512,512,NO_RECORDED_FACTOR_PRP_OR_LL_RESULT_AND_NO_ACTIVE_GIMPS_ASSIGNMENT,2026-08-09T04:34:14+00:00,UNALLOCATED,,,,,
SLCMP1765-2551,2551,2551,583630379,2^583630379-1,STRUCTURAL_SCREEN_EXHAUSTED_PRIMALITY_UNASSIGNED,GF3A_DIRECTIONAL_WRITE_EXHAUSTED_PRIMALITY_UNASSIGNED,514,512,512,NO_RECORDED_FACTOR_PRP_OR_LL_RESULT_AND_NO_ACTIVE_GIMPS_ASSIGNMENT,2026-08-09T04:34:14+00:00,UNALLOCATED,,,,,
SLCMP1765-2552,2552,2552,583630469,2^583630469-1,STRUCTURAL_SCREEN_EXHAUSTED_PRIMALITY_UNASSIGNED,GF3A_DIRECTIONAL_WRITE_EXHAUSTED_PRIMALITY_UNASSIGNED,513,512,512,NO_RECORDED_FACTOR_PRP_OR_LL_RESULT_AND_NO_ACTIVE_GIMPS_ASSIGNMENT,2026-08-09T04:34:14+00:00,UNALLOCATED,,,,,
SLCMP1765-2553,2553,2553,583630507,2^583630507-1,STRUCTURAL_SCREEN_EXHAUSTED_PRIMALITY_UNASSIGNED,GF3A_DIRECTIONAL_WRITE_EXHAUSTED_PRIMALITY_UNASSIGNED,514,512,512,NO_RECORDED_FACTOR_PRP_OR_LL_RESULT_AND_NO_ACTIVE_GIMPS_ASSIGNMENT,2026-08-09T04:34:14+00:00,UNALLOCATED,,,,,
SLCMP1765-2554,2554,2554,583630513,2^583630513-1,STRUCTURAL_SCREEN_EXHAUSTED_PRIMALITY_UNASSIGNED,GF3A_DIRECTIONAL_WRITE_EXHAUSTED_PRIMALITY_UNASSIGNED,513,512,512,NO_RECORDED_FACTOR_PRP_OR_LL_RESULT_AND_NO_ACTIVE_GIMPS_ASSIGNMENT,2026-08-09T04:34:14+00:00,UNALLOCATED,,,,,
SLCMP1765-2555,2555,2555,583630517,2^583630517-1,STRUCTURAL_SCREEN_EXHAUSTED_PRIMALITY_UNASSIGNED,GF3A_DIRECTIONAL_WRITE_EXHAUSTED_PRIMALITY_UNASSIGNED,513,512,512,NO_RECORDED_FACTOR_PRP_OR_LL_RESULT_AND_NO_ACTIVE_GIMPS_ASSIGNMENT,2026-08-09T04:34:14+00:00,UNALLOCATED,,,,,
SLCMP1765-2556,2556,2556,583630609,2^583630609-1,STRUCTURAL_SCREEN_EXHAUSTED_PRIMALITY_UNASSIGNED,GF3A_DIRECTIONAL_WRITE_EXHAUSTED_PRIMALITY_UNASSIGNED,513,512,512,NO_RECORDED_FACTOR_PRP_OR_LL_RESULT_AND_NO_ACTIVE_GIMPS_ASSIGNMENT,2026-08-09T04:34:14+00:00,UNALLOCATED,,,,,
SLCMP1765-2557,2557,2557,583630627,2^583630627-1,STRUCTURAL_SCREEN_EXHAUSTED_PRIMALITY_UNASSIGNED,GF3A_DIRECTIONAL_WRITE_EXHAUSTED_PRIMALITY_UNASSIGNED,514,512,512,NO_RECORDED_FACTOR_PRP_OR_LL_RESULT_AND_NO_ACTIVE_GIMPS_ASSIGNMENT,2026-08-09T04:34:14+00:00,UNALLOCATED,,,,,
SLCMP1765-2558,2558,2558,583630633,2^583630633-1,STRUCTURAL_SCREEN_EXHAUSTED_PRIMALITY_UNASSIGNED,GF3A_DIRECTIONAL_WRITE_EXHAUSTED_PRIMALITY_UNASSIGNED,513,512,512,NO_RECORDED_FACTOR_PRP_OR_LL_RESULT_AND_NO_ACTIVE_GIMPS_ASSIGNMENT,2026-08-09T04:34:14+00:00,UNALLOCATED,,,,,
SLCMP1765-2559,2559,2559,583630759,2^583630759-1,STRUCTURAL_SCREEN_EXHAUSTED_PRIMALITY_UNASSIGNED,GF3A_DIRECTIONAL_WRITE_EXHAUSTED_PRIMALITY_UNASSIGNED,514,512,512,NO_RECORDED_FACTOR_PRP_OR_LL_RESULT_AND_NO_ACTIVE_GIMPS_ASSIGNMENT,2026-08-09T04:34:14+00:00,UNALLOCATED,,,,,
SLCMP1765-2560,2560,2560,583630813,2^583630813-1,STRUCTURAL_SCREEN_EXHAUSTED_PRIMALITY_UNASSIGNED,GF3A_DIRECTIONAL_WRITE_EXHAUSTED_PRIMALITY_UNASSIGNED,513,512,512,NO_RECORDED_FACTOR_PRP_OR_LL_RESULT_AND_NO_ACTIVE_GIMPS_ASSIGNMENT,2026-08-09T04:34:14+00:00,UNALLOCATED,,,,,
SLCMP1765-2561,2561,2561,583630841,2^583630841-1,STRUCTURAL_SCREEN_EXHAUSTED_PRIMALITY_UNASSIGNED,GF3A_DIRECTIONAL_WRITE_EXHAUSTED_PRIMALITY_UNASSIGNED,513,512,512,NO_RECORDED_FACTOR_PRP_OR_LL_RESULT_AND_NO_ACTIVE_GIMPS_ASSIGNMENT,2026-08-09T04:34:14+00:00,UNALLOCATED,,,,,
SLCMP1765-2562,2562,2562,583630849,2^583630849-1,STRUCTURAL_SCREEN_EXHAUSTED_PRIMALITY_UNASSIGNED,GF3A_DIRECTIONAL_WRITE_EXHAUSTED_PRIMALITY_UNASSIGNED,513,512,512,NO_RECORDED_FACTOR_PRP_OR_LL_RESULT_AND_NO_ACTIVE_GIMPS_ASSIGNMENT,2026-08-09T04:34:14+00:00,UNALLOCATED,,,,,
SLCMP1765-2563,2563,2563,583630877,2^583630877-1,STRUCTURAL_SCREEN_EXHAUSTED_PRIMALITY_UNASSIGNED,GF3A_DIRECTIONAL_WRITE_EXHAUSTED_PRIMALITY_UNASSIGNED,513,512,512,NO_RECORDED_FACTOR_PRP_OR_LL_RESULT_AND_NO_ACTIVE_GIMPS_ASSIGNMENT,2026-08-09T04:34:14+00:00,UNALLOCATED,,,,,
SLCMP1765-2564,2564,2564,583630909,2^583630909-1,STRUCTURAL_SCREEN_EXHAUSTED_PRIMALITY_UNASSIGNED,GF3A_DIRECTIONAL_WRITE_EXHAUSTED_PRIMALITY_UNASSIGNED,513,512,512,NO_RECORDED_FACTOR_PRP_OR_LL_RESULT_AND_NO_ACTIVE_GIMPS_ASSIGNMENT,2026-08-09T04:34:14+00:00,UNALLOCATED,,,,,
SLCMP1765-2565,2565,2565,583630937,2^583630937-1,STRUCTURAL_SCREEN_EXHAUSTED_PRIMALITY_UNASSIGNED,GF3A_DIRECTIONAL_WRITE_EXHAUSTED_PRIMALITY_UNASSIGNED,513,512,512,NO_RECORDED_FACTOR_PRP_OR_LL_RESULT_AND_NO_ACTIVE_GIMPS_ASSIGNMENT,2026-08-09T04:34:14+00:00,UNALLOCATED,,,,,
SLCMP1765-2566,2566,2566,583630951,2^583630951-1,STRUCTURAL_SCREEN_EXHAUSTED_PRIMALITY_UNASSIGNED,GF3A_DIRECTIONAL_WRITE_EXHAUSTED_PRIMALITY_UNASSIGNED,514,512,512,NO_RECORDED_FACTOR_PRP_OR_LL_RESULT_AND_NO_ACTIVE_GIMPS_ASSIGNMENT,2026-08-09T04:34:14+00:00,UNALLOCATED,,,,,
SLCMP1765-2567,2567,2567,583630987,2^583630987-1,STRUCTURAL_SCREEN_EXHAUSTED_PRIMALITY_UNASSIGNED,GF3A_DIRECTIONAL_WRITE_EXHAUSTED_PRIMALITY_UNASSIGNED,514,512,512,NO_RECORDED_FACTOR_PRP_OR_LL_RESULT_AND_NO_ACTIVE_GIMPS_ASSIGNMENT,2026-08-09T04:34:14+00:00,UNALLOCATED,,,,,
SLCMP1765-2568,2568,2568,583630991,2^583630991-1,STRUCTURAL_SCREEN_EXHAUSTED_PRIMALITY_UNASSIGNED,GF3A_DIRECTIONAL_WRITE_EXHAUSTED_PRIMALITY_UNASSIGNED,514,512,512,NO_RECORDED_FACTOR_PRP_OR_LL_RESULT_AND_NO_ACTIVE_GIMPS_ASSIGNMENT,2026-08-09T04:34:14+00:00,UNALLOCATED,,,,,
SLCMP1765-2569,2569,2569,583631077,2^583631077-1,STRUCTURAL_SCREEN_EXHAUSTED_PRIMALITY_UNASSIGNED,GF3A_DIRECTIONAL_WRITE_EXHAUSTED_PRIMALITY_UNASSIGNED,513,512,512,NO_RECORDED_FACTOR_PRP_OR_LL_RESULT_AND_NO_ACTIVE_GIMPS_ASSIGNMENT,2026-08-09T04:34:14+00:00,UNALLOCATED,,,,,
SLCMP1765-2570,2570,2570,583631137,2^583631137-1,STRUCTURAL_SCREEN_EXHAUSTED_PRIMALITY_UNASSIGNED,GF3A_DIRECTIONAL_WRITE_EXHAUSTED_PRIMALITY_UNASSIGNED,513,512,512,NO_RECORDED_FACTOR_PRP_OR_LL_RESULT_AND_NO_ACTIVE_GIMPS_ASSIGNMENT,2026-08-09T04:34:14+00:00,UNALLOCATED,,,,,
SLCMP1765-2571,2571,2571,583631149,2^583631149-1,STRUCTURAL_SCREEN_EXHAUSTED_PRIMALITY_UNASSIGNED,GF3A_DIRECTIONAL_WRITE_EXHAUSTED_PRIMALITY_UNASSIGNED,513,512,512,NO_RECORDED_FACTOR_PRP_OR_LL_RESULT_AND_NO_ACTIVE_GIMPS_ASSIGNMENT,2026-08-09T04:34:14+00:00,UNALLOCATED,,,,,
SLCMP1765-2572,2572,2572,583631219,2^583631219-1,STRUCTURAL_SCREEN_EXHAUSTED_PRIMALITY_UNASSIGNED,GF3A_DIRECTIONAL_WRITE_EXHAUSTED_PRIMALITY_UNASSIGNED,514,512,512,NO_RECORDED_FACTOR_PRP_OR_LL_RESULT_AND_NO_ACTIVE_GIMPS_ASSIGNMENT,2026-08-09T04:34:14+00:00,UNALLOCATED,,,,,
SLCMP1765-2573,2573,2573,583631261,2^583631261-1,STRUCTURAL_SCREEN_EXHAUSTED_PRIMALITY_UNASSIGNED,GF3A_DIRECTIONAL_WRITE_EXHAUSTED_PRIMALITY_UNASSIGNED,513,512,512,NO_RECORDED_FACTOR_PRP_OR_LL_RESULT_AND_NO_ACTIVE_GIMPS_ASSIGNMENT,2026-08-09T04:34:14+00:00,UNALLOCATED,,,,,
SLCMP1765-2574,2574,2574,583631263,2^583631263-1,STRUCTURAL_SCREEN_EXHAUSTED_PRIMALITY_UNASSIGNED,GF3A_DIRECTIONAL_WRITE_EXHAUSTED_PRIMALITY_UNASSIGNED,514,512,512,NO_RECORDED_FACTOR_PRP_OR_LL_RESULT_AND_NO_ACTIVE_GIMPS_ASSIGNMENT,2026-08-09T04:34:14+00:00,UNALLOCATED,,,,,
SLCMP1765-2575,2575,2575,583631299,2^583631299-1,STRUCTURAL_SCREEN_EXHAUSTED_PRIMALITY_UNASSIGNED,GF3A_DIRECTIONAL_WRITE_EXHAUSTED_PRIMALITY_UNASSIGNED,514,512,512,NO_RECORDED_FACTOR_PRP_OR_LL_RESULT_AND_NO_ACTIVE_GIMPS_ASSIGNMENT,2026-08-09T04:34:14+00:00,UNALLOCATED,,,,,
SLCMP1765-2576,2576,2576,583631317,2^583631317-1,STRUCTURAL_SCREEN_EXHAUSTED_PRIMALITY_UNASSIGNED,GF3A_DIRECTIONAL_WRITE_EXHAUSTED_PRIMALITY_UNASSIGNED,513,512,512,NO_RECORDED_FACTOR_PRP_OR_LL_RESULT_AND_NO_ACTIVE_GIMPS_ASSIGNMENT,2026-08-09T04:34:14+00:00,UNALLOCATED,,,,,
SLCMP1765-2577,2577,2577,583631413,2^583631413-1,STRUCTURAL_SCREEN_EXHAUSTED_PRIMALITY_UNASSIGNED,GF3A_DIRECTIONAL_WRITE_EXHAUSTED_PRIMALITY_UNASSIGNED,513,512,512,NO_RECORDED_FACTOR_PRP_OR_LL_RESULT_AND_NO_ACTIVE_GIMPS_ASSIGNMENT,2026-08-09T04:34:14+00:00,UNALLOCATED,,,,,
SLCMP1765-2578,2578,2578,583631507,2^583631507-1,STRUCTURAL_SCREEN_EXHAUSTED_PRIMALITY_UNASSIGNED,GF3A_DIRECTIONAL_WRITE_EXHAUSTED_PRIMALITY_UNASSIGNED,514,512,512,NO_RECORDED_FACTOR_PRP_OR_LL_RESULT_AND_NO_ACTIVE_GIMPS_ASSIGNMENT,2026-08-09T04:34:14+00:00,UNALLOCATED,,,,,
SLCMP1765-2579,2579,2579,583631527,2^583631527-1,STRUCTURAL_SCREEN_EXHAUSTED_PRIMALITY_UNASSIGNED,GF3A_DIRECTIONAL_WRITE_EXHAUSTED_PRIMALITY_UNASSIGNED,514,512,512,NO_RECORDED_FACTOR_PRP_OR_LL_RESULT_AND_NO_ACTIVE_GIMPS_ASSIGNMENT,2026-08-09T04:34:14+00:00,UNALLOCATED,,,,,
SLCMP1765-2580,2580,2580,583631557,2^583631557-1,STRUCTURAL_SCREEN_EXHAUSTED_PRIMALITY_UNASSIGNED,GF3A_DIRECTIONAL_WRITE_EXHAUSTED_PRIMALITY_UNASSIGNED,513,512,512,NO_RECORDED_FACTOR_PRP_OR_LL_RESULT_AND_NO_ACTIVE_GIMPS_ASSIGNMENT,2026-08-09T04:34:14+00:00,UNALLOCATED,,,,,
SLCMP1765-2581,2581,2581,583631579,2^583631579-1,STRUCTURAL_SCREEN_EXHAUSTED_PRIMALITY_UNASSIGNED,GF3A_DIRECTIONAL_WRITE_EXHAUSTED_PRIMALITY_UNASSIGNED,514,512,512,NO_RECORDED_FACTOR_PRP_OR_LL_RESULT_AND_NO_ACTIVE_GIMPS_ASSIGNMENT,2026-08-09T04:34:14+00:00,UNALLOCATED,,,,,
SLCMP1765-2582,2582,2582,583631617,2^583631617-1,STRUCTURAL_SCREEN_EXHAUSTED_PRIMALITY_UNASSIGNED,GF3A_DIRECTIONAL_WRITE_EXHAUSTED_PRIMALITY_UNASSIGNED,513,512,512,NO_RECORDED_FACTOR_PRP_OR_LL_RESULT_AND_NO_ACTIVE_GIMPS_ASSIGNMENT,2026-08-09T04:34:14+00:00,UNALLOCATED,,,,,
SLCMP1765-2583,2583,2583,583631677,2^583631677-1,STRUCTURAL_SCREEN_EXHAUSTED_PRIMALITY_UNASSIGNED,GF3A_DIRECTIONAL_WRITE_EXHAUSTED_PRIMALITY_UNASSIGNED,513,512,512,NO_RECORDED_FACTOR_PRP_OR_LL_RESULT_AND_NO_ACTIVE_GIMPS_ASSIGNMENT,2026-08-09T04:34:14+00:00,UNALLOCATED,,,,,
SLCMP1765-2584,2584,2584,583631731,2^583631731-1,STRUCTURAL_SCREEN_EXHAUSTED_PRIMALITY_UNASSIGNED,GF3A_DIRECTIONAL_WRITE_EXHAUSTED_PRIMALITY_UNASSIGNED,514,512,512,NO_RECORDED_FACTOR_PRP_OR_LL_RESULT_AND_NO_ACTIVE_GIMPS_ASSIGNMENT,2026-08-09T04:34:14+00:00,UNALLOCATED,,,,,
SLCMP1765-2585,2585,2585,583631771,2^583631771-1,STRUCTURAL_SCREEN_EXHAUSTED_PRIMALITY_UNASSIGNED,GF3A_DIRECTIONAL_WRITE_EXHAUSTED_PRIMALITY_UNASSIGNED,514,512,512,NO_RECORDED_FACTOR_PRP_OR_LL_RESULT_AND_NO_ACTIVE_GIMPS_ASSIGNMENT,2026-08-09T04:34:14+00:00,UNALLOCATED,,,,,
SLCMP1765-2586,2586,2586,583631773,2^583631773-1,STRUCTURAL_SCREEN_EXHAUSTED_PRIMALITY_UNASSIGNED,GF3A_DIRECTIONAL_WRITE_EXHAUSTED_PRIMALITY_UNASSIGNED,513,512,512,NO_RECORDED_FACTOR_PRP_OR_LL_RESULT_AND_NO_ACTIVE_GIMPS_ASSIGNMENT,2026-08-09T04:34:14+00:00,UNALLOCATED,,,,,
SLCMP1765-2587,2587,2587,583631803,2^583631803-1,STRUCTURAL_SCREEN_EXHAUSTED_PRIMALITY_UNASSIGNED,GF3A_DIRECTIONAL_WRITE_EXHAUSTED_PRIMALITY_UNASSIGNED,514,512,512,NO_RECORDED_FACTOR_PRP_OR_LL_RESULT_AND_NO_ACTIVE_GIMPS_ASSIGNMENT,2026-08-09T04:34:14+00:00,UNALLOCATED,,,,,
SLCMP1765-2588,2588,2588,583631863,2^583631863-1,STRUCTURAL_SCREEN_EXHAUSTED_PRIMALITY_UNASSIGNED,GF3A_DIRECTIONAL_WRITE_EXHAUSTED_PRIMALITY_UNASSIGNED,514,512,512,NO_RECORDED_FACTOR_PRP_OR_LL_RESULT_AND_NO_ACTIVE_GIMPS_ASSIGNMENT,2026-08-09T04:34:14+00:00,UNALLOCATED,,,,,
SLCMP1765-2589,2589,2589,583631921,2^583631921-1,STRUCTURAL_SCREEN_EXHAUSTED_PRIMALITY_UNASSIGNED,GF3A_DIRECTIONAL_WRITE_EXHAUSTED_PRIMALITY_UNASSIGNED,513,512,512,NO_RECORDED_FACTOR_PRP_OR_LL_RESULT_AND_NO_ACTIVE_GIMPS_ASSIGNMENT,2026-08-09T04:34:14+00:00,UNALLOCATED,,,,,
SLCMP1765-2590,2590,2590,583631963,2^583631963-1,STRUCTURAL_SCREEN_EXHAUSTED_PRIMALITY_UNASSIGNED,GF3A_DIRECTIONAL_WRITE_EXHAUSTED_PRIMALITY_UNASSIGNED,514,512,512,NO_RECORDED_FACTOR_PRP_OR_LL_RESULT_AND_NO_ACTIVE_GIMPS_ASSIGNMENT,2026-08-09T04:34:14+00:00,UNALLOCATED,,,,,
SLCMP1765-2591,2591,2591,583632017,2^583632017-1,STRUCTURAL_SCREEN_EXHAUSTED_PRIMALITY_UNASSIGNED,GF3A_DIRECTIONAL_WRITE_EXHAUSTED_PRIMALITY_UNASSIGNED,513,512,512,NO_RECORDED_FACTOR_PRP_OR_LL_RESULT_AND_NO_ACTIVE_GIMPS_ASSIGNMENT,2026-08-09T04:34:14+00:00,UNALLOCATED,,,,,
SLCMP1765-2592,2592,2592,583632037,2^583632037-1,STRUCTURAL_SCREEN_EXHAUSTED_PRIMALITY_UNASSIGNED,GF3A_DIRECTIONAL_WRITE_EXHAUSTED_PRIMALITY_UNASSIGNED,513,512,512,NO_RECORDED_FACTOR_PRP_OR_LL_RESULT_AND_NO_ACTIVE_GIMPS_ASSIGNMENT,2026-08-09T04:34:14+00:00,UNALLOCATED,,,,,
SLCMP1765-2593,2593,2593,583632067,2^583632067-1,STRUCTURAL_SCREEN_EXHAUSTED_PRIMALITY_UNASSIGNED,GF3A_DIRECTIONAL_WRITE_EXHAUSTED_PRIMALITY_UNASSIGNED,514,512,512,NO_RECORDED_FACTOR_PRP_OR_LL_RESULT_AND_NO_ACTIVE_GIMPS_ASSIGNMENT,2026-08-09T04:34:14+00:00,UNALLOCATED,,,,,
SLCMP1765-2594,2594,2594,583632121,2^583632121-1,STRUCTURAL_SCREEN_EXHAUSTED_PRIMALITY_UNASSIGNED,GF3A_DIRECTIONAL_WRITE_EXHAUSTED_PRIMALITY_UNASSIGNED,513,512,512,NO_RECORDED_FACTOR_PRP_OR_LL_RESULT_AND_NO_ACTIVE_GIMPS_ASSIGNMENT,2026-08-09T04:34:14+00:00,UNALLOCATED,,,,,
SLCMP1765-2595,2595,2595,583632143,2^583632143-1,STRUCTURAL_SCREEN_EXHAUSTED_PRIMALITY_UNASSIGNED,GF3A_DIRECTIONAL_WRITE_EXHAUSTED_PRIMALITY_UNASSIGNED,514,512,512,NO_RECORDED_FACTOR_PRP_OR_LL_RESULT_AND_NO_ACTIVE_GIMPS_ASSIGNMENT,2026-08-09T04:34:14+00:00,UNALLOCATED,,,,,
SLCMP1765-2596,2596,2596,583632167,2^583632167-1,STRUCTURAL_SCREEN_EXHAUSTED_PRIMALITY_UNASSIGNED,GF3A_DIRECTIONAL_WRITE_EXHAUSTED_PRIMALITY_UNASSIGNED,514,512,512,NO_RECORDED_FACTOR_PRP_OR_LL_RESULT_AND_NO_ACTIVE_GIMPS_ASSIGNMENT,2026-08-09T04:34:14+00:00,UNALLOCATED,,,,,
SLCMP1765-2597,2597,2597,583632239,2^583632239-1,STRUCTURAL_SCREEN_EXHAUSTED_PRIMALITY_UNASSIGNED,GF3A_DIRECTIONAL_WRITE_EXHAUSTED_PRIMALITY_UNASSIGNED,514,512,512,NO_RECORDED_FACTOR_PRP_OR_LL_RESULT_AND_NO_ACTIVE_GIMPS_ASSIGNMENT,2026-08-09T04:34:14+00:00,UNALLOCATED,,,,,
SLCMP1765-2598,2598,2598,583632263,2^583632263-1,STRUCTURAL_SCREEN_EXHAUSTED_PRIMALITY_UNASSIGNED,GF3A_DIRECTIONAL_WRITE_EXHAUSTED_PRIMALITY_UNASSIGNED,514,512,512,NO_RECORDED_FACTOR_PRP_OR_LL_RESULT_AND_NO_ACTIVE_GIMPS_ASSIGNMENT,2026-08-09T04:34:14+00:00,UNALLOCATED,,,,,
SLCMP1765-2599,2599,2599,583632289,2^583632289-1,STRUCTURAL_SCREEN_EXHAUSTED_PRIMALITY_UNASSIGNED,GF3A_DIRECTIONAL_WRITE_EXHAUSTED_PRIMALITY_UNASSIGNED,513,512,512,NO_RECORDED_FACTOR_PRP_OR_LL_RESULT_AND_NO_ACTIVE_GIMPS_ASSIGNMENT,2026-08-09T04:34:14+00:00,UNALLOCATED,,,,,
SLCMP1765-2600,2600,2600,583632293,2^583632293-1,STRUCTURAL_SCREEN_EXHAUSTED_PRIMALITY_UNASSIGNED,GF3A_DIRECTIONAL_WRITE_EXHAUSTED_PRIMALITY_UNASSIGNED,513,512,512,NO_RECORDED_FACTOR_PRP_OR_LL_RESULT_AND_NO_ACTIVE_GIMPS_ASSIGNMENT,2026-08-09T04:34:14+00:00,UNALLOCATED,,,,,
SLCMP1765-2601,2601,2601,583632451,2^583632451-1,STRUCTURAL_SCREEN_EXHAUSTED_PRIMALITY_UNASSIGNED,GF3A_DIRECTIONAL_WRITE_EXHAUSTED_PRIMALITY_UNASSIGNED,514,512,512,NO_RECORDED_FACTOR_PRP_OR_LL_RESULT_AND_NO_ACTIVE_GIMPS_ASSIGNMENT,2026-08-09T04:34:14+00:00,UNALLOCATED,,,,,
SLCMP1765-2602,2602,2602,583632523,2^583632523-1,STRUCTURAL_SCREEN_EXHAUSTED_PRIMALITY_UNASSIGNED,GF3A_DIRECTIONAL_WRITE_EXHAUSTED_PRIMALITY_UNASSIGNED,514,512,512,NO_RECORDED_FACTOR_PRP_OR_LL_RESULT_AND_NO_ACTIVE_GIMPS_ASSIGNMENT,2026-08-09T04:34:14+00:00,UNALLOCATED,,,,,
SLCMP1765-2603,2603,2603,583632563,2^583632563-1,STRUCTURAL_SCREEN_EXHAUSTED_PRIMALITY_UNASSIGNED,GF3A_DIRECTIONAL_WRITE_EXHAUSTED_PRIMALITY_UNASSIGNED,514,512,512,NO_RECORDED_FACTOR_PRP_OR_LL_RESULT_AND_NO_ACTIVE_GIMPS_ASSIGNMENT,2026-08-09T04:34:14+00:00,UNALLOCATED,,,,,
SLCMP1765-2604,2604,2604,583632587,2^583632587-1,STRUCTURAL_SCREEN_EXHAUSTED_PRIMALITY_UNASSIGNED,GF3A_DIRECTIONAL_WRITE_EXHAUSTED_PRIMALITY_UNASSIGNED,514,512,512,NO_RECORDED_FACTOR_PRP_OR_LL_RESULT_AND_NO_ACTIVE_GIMPS_ASSIGNMENT,2026-08-09T04:34:14+00:00,UNALLOCATED,,,,,
SLCMP1765-2605,2605,2605,583632631,2^583632631-1,STRUCTURAL_SCREEN_EXHAUSTED_PRIMALITY_UNASSIGNED,GF3A_DIRECTIONAL_WRITE_EXHAUSTED_PRIMALITY_UNASSIGNED,514,512,512,NO_RECORDED_FACTOR_PRP_OR_LL_RESULT_AND_NO_ACTIVE_GIMPS_ASSIGNMENT,2026-08-09T04:34:14+00:00,UNALLOCATED,,,,,
SLCMP1765-2606,2606,2606,583632653,2^583632653-1,STRUCTURAL_SCREEN_EXHAUSTED_PRIMALITY_UNASSIGNED,GF3A_DIRECTIONAL_WRITE_EXHAUSTED_PRIMALITY_UNASSIGNED,513,512,512,NO_RECORDED_FACTOR_PRP_OR_LL_RESULT_AND_NO_ACTIVE_GIMPS_ASSIGNMENT,2026-08-09T04:34:14+00:00,UNALLOCATED,,,,,
SLCMP1765-2607,2607,2607,583632697,2^583632697-1,STRUCTURAL_SCREEN_EXHAUSTED_PRIMALITY_UNASSIGNED,GF3A_DIRECTIONAL_WRITE_EXHAUSTED_PRIMALITY_UNASSIGNED,513,512,512,NO_RECORDED_FACTOR_PRP_OR_LL_RESULT_AND_NO_ACTIVE_GIMPS_ASSIGNMENT,2026-08-09T04:34:14+00:00,UNALLOCATED,,,,,
SLCMP1765-2608,2608,2608,583632757,2^583632757-1,STRUCTURAL_SCREEN_EXHAUSTED_PRIMALITY_UNASSIGNED,GF3A_DIRECTIONAL_WRITE_EXHAUSTED_PRIMALITY_UNASSIGNED,513,512,512,NO_RECORDED_FACTOR_PRP_OR_LL_RESULT_AND_NO_ACTIVE_GIMPS_ASSIGNMENT,2026-08-09T04:34:14+00:00,UNALLOCATED,,,,,
SLCMP1765-2609,2609,2609,583632869,2^583632869-1,STRUCTURAL_SCREEN_EXHAUSTED_PRIMALITY_UNASSIGNED,GF3A_DIRECTIONAL_WRITE_EXHAUSTED_PRIMALITY_UNASSIGNED,513,512,512,NO_RECORDED_FACTOR_PRP_OR_LL_RESULT_AND_NO_ACTIVE_GIMPS_ASSIGNMENT,2026-08-09T04:34:14+00:00,UNALLOCATED,,,,,
SLCMP1765-2610,2610,2610,583632941,2^583632941-1,STRUCTURAL_SCREEN_EXHAUSTED_PRIMALITY_UNASSIGNED,GF3A_DIRECTIONAL_WRITE_EXHAUSTED_PRIMALITY_UNASSIGNED,513,512,512,NO_RECORDED_FACTOR_PRP_OR_LL_RESULT_AND_NO_ACTIVE_GIMPS_ASSIGNMENT,2026-08-09T04:34:14+00:00,UNALLOCATED,,,,,
SLCMP1765-2611,2611,2611,583632943,2^583632943-1,STRUCTURAL_SCREEN_EXHAUSTED_PRIMALITY_UNASSIGNED,GF3A_DIRECTIONAL_WRITE_EXHAUSTED_PRIMALITY_UNASSIGNED,514,512,512,NO_RECORDED_FACTOR_PRP_OR_LL_RESULT_AND_NO_ACTIVE_GIMPS_ASSIGNMENT,2026-08-09T04:34:14+00:00,UNALLOCATED,,,,,
SLCMP1765-2612,2612,2612,583632949,2^583632949-1,STRUCTURAL_SCREEN_EXHAUSTED_PRIMALITY_UNASSIGNED,GF3A_DIRECTIONAL_WRITE_EXHAUSTED_PRIMALITY_UNASSIGNED,513,512,512,NO_RECORDED_FACTOR_PRP_OR_LL_RESULT_AND_NO_ACTIVE_GIMPS_ASSIGNMENT,2026-08-09T04:34:14+00:00,UNALLOCATED,,,,,
SLCMP1765-2613,2613,2613,583632953,2^583632953-1,STRUCTURAL_SCREEN_EXHAUSTED_PRIMALITY_UNASSIGNED,GF3A_DIRECTIONAL_WRITE_EXHAUSTED_PRIMALITY_UNASSIGNED,513,512,512,NO_RECORDED_FACTOR_PRP_OR_LL_RESULT_AND_NO_ACTIVE_GIMPS_ASSIGNMENT,2026-08-09T04:34:14+00:00,UNALLOCATED,,,,,
SLCMP1765-2614,2614,2614,583632983,2^583632983-1,STRUCTURAL_SCREEN_EXHAUSTED_PRIMALITY_UNASSIGNED,GF3A_DIRECTIONAL_WRITE_EXHAUSTED_PRIMALITY_UNASSIGNED,514,512,512,NO_RECORDED_FACTOR_PRP_OR_LL_RESULT_AND_NO_ACTIVE_GIMPS_ASSIGNMENT,2026-08-09T04:34:14+00:00,UNALLOCATED,,,,,
SLCMP1765-2615,2615,2615,583633019,2^583633019-1,STRUCTURAL_SCREEN_EXHAUSTED_PRIMALITY_UNASSIGNED,GF3A_DIRECTIONAL_WRITE_EXHAUSTED_PRIMALITY_UNASSIGNED,514,512,512,NO_RECORDED_FACTOR_PRP_OR_LL_RESULT_AND_NO_ACTIVE_GIMPS_ASSIGNMENT,2026-08-09T04:34:14+00:00,UNALLOCATED,,,,,
SLCMP1765-2616,2616,2616,583633021,2^583633021-1,STRUCTURAL_SCREEN_EXHAUSTED_PRIMALITY_UNASSIGNED,GF3A_DIRECTIONAL_WRITE_EXHAUSTED_PRIMALITY_UNASSIGNED,513,512,512,NO_RECORDED_FACTOR_PRP_OR_LL_RESULT_AND_NO_ACTIVE_GIMPS_ASSIGNMENT,2026-08-09T04:34:14+00:00,UNALLOCATED,,,,,
SLCMP1765-2617,2617,2617,583633093,2^583633093-1,STRUCTURAL_SCREEN_EXHAUSTED_PRIMALITY_UNASSIGNED,GF3A_DIRECTIONAL_WRITE_EXHAUSTED_PRIMALITY_UNASSIGNED,513,512,512,NO_RECORDED_FACTOR_PRP_OR_LL_RESULT_AND_NO_ACTIVE_GIMPS_ASSIGNMENT,2026-08-09T04:34:14+00:00,UNALLOCATED,,,,,
SLCMP1765-2618,2618,2618,583633129,2^583633129-1,STRUCTURAL_SCREEN_EXHAUSTED_PRIMALITY_UNASSIGNED,GF3A_DIRECTIONAL_WRITE_EXHAUSTED_PRIMALITY_UNASSIGNED,513,512,512,NO_RECORDED_FACTOR_PRP_OR_LL_RESULT_AND_NO_ACTIVE_GIMPS_ASSIGNMENT,2026-08-09T04:34:14+00:00,UNALLOCATED,,,,,
SLCMP1765-2619,2619,2619,583633243,2^583633243-1,STRUCTURAL_SCREEN_EXHAUSTED_PRIMALITY_UNASSIGNED,GF3A_DIRECTIONAL_WRITE_EXHAUSTED_PRIMALITY_UNASSIGNED,514,512,512,NO_RECORDED_FACTOR_PRP_OR_LL_RESULT_AND_NO_ACTIVE_GIMPS_ASSIGNMENT,2026-08-09T04:34:14+00:00,UNALLOCATED,,,,,
SLCMP1765-2620,2620,2620,583633331,2^583633331-1,STRUCTURAL_SCREEN_EXHAUSTED_PRIMALITY_UNASSIGNED,GF3A_DIRECTIONAL_WRITE_EXHAUSTED_PRIMALITY_UNASSIGNED,514,512,512,NO_RECORDED_FACTOR_PRP_OR_LL_RESULT_AND_NO_ACTIVE_GIMPS_ASSIGNMENT,2026-08-09T04:34:14+00:00,UNALLOCATED,,,,,
SLCMP1765-2621,2621,2621,583633333,2^583633333-1,STRUCTURAL_SCREEN_EXHAUSTED_PRIMALITY_UNASSIGNED,GF3A_DIRECTIONAL_WRITE_EXHAUSTED_PRIMALITY_UNASSIGNED,513,512,512,NO_RECORDED_FACTOR_PRP_OR_LL_RESULT_AND_NO_ACTIVE_GIMPS_ASSIGNMENT,2026-08-09T04:34:14+00:00,UNALLOCATED,,,,,
SLCMP1765-2622,2622,2622,583633417,2^583633417-1,STRUCTURAL_SCREEN_EXHAUSTED_PRIMALITY_UNASSIGNED,GF3A_DIRECTIONAL_WRITE_EXHAUSTED_PRIMALITY_UNASSIGNED,513,512,512,NO_RECORDED_FACTOR_PRP_OR_LL_RESULT_AND_NO_ACTIVE_GIMPS_ASSIGNMENT,2026-08-09T04:34:14+00:00,UNALLOCATED,,,,,
SLCMP1765-2623,2623,2623,583633423,2^583633423-1,STRUCTURAL_SCREEN_EXHAUSTED_PRIMALITY_UNASSIGNED,GF3A_DIRECTIONAL_WRITE_EXHAUSTED_PRIMALITY_UNASSIGNED,514,512,512,NO_RECORDED_FACTOR_PRP_OR_LL_RESULT_AND_NO_ACTIVE_GIMPS_ASSIGNMENT,2026-08-09T04:34:14+00:00,UNALLOCATED,,,,,
SLCMP1765-2624,2624,2624,583633517,2^583633517-1,STRUCTURAL_SCREEN_EXHAUSTED_PRIMALITY_UNASSIGNED,GF3A_DIRECTIONAL_WRITE_EXHAUSTED_PRIMALITY_UNASSIGNED,513,512,512,NO_RECORDED_FACTOR_PRP_OR_LL_RESULT_AND_NO_ACTIVE_GIMPS_ASSIGNMENT,2026-08-09T04:34:14+00:00,UNALLOCATED,,,,,
SLCMP1765-2625,2625,2625,583633541,2^583633541-1,STRUCTURAL_SCREEN_EXHAUSTED_PRIMALITY_UNASSIGNED,GF3A_DIRECTIONAL_WRITE_EXHAUSTED_PRIMALITY_UNASSIGNED,513,512,512,NO_RECORDED_FACTOR_PRP_OR_LL_RESULT_AND_NO_ACTIVE_GIMPS_ASSIGNMENT,2026-08-09T04:34:14+00:00,UNALLOCATED,,,,,
SLCMP1765-2626,2626,2626,583633601,2^583633601-1,STRUCTURAL_SCREEN_EXHAUSTED_PRIMALITY_UNASSIGNED,GF3A_DIRECTIONAL_WRITE_EXHAUSTED_PRIMALITY_UNASSIGNED,513,512,512,NO_RECORDED_FACTOR_PRP_OR_LL_RESULT_AND_NO_ACTIVE_GIMPS_ASSIGNMENT,2026-08-09T04:34:14+00:00,UNALLOCATED,,,,,
SLCMP1765-2627,2627,2627,583633627,2^583633627-1,STRUCTURAL_SCREEN_EXHAUSTED_PRIMALITY_UNASSIGNED,GF3A_DIRECTIONAL_WRITE_EXHAUSTED_PRIMALITY_UNASSIGNED,514,512,512,NO_RECORDED_FACTOR_PRP_OR_LL_RESULT_AND_NO_ACTIVE_GIMPS_ASSIGNMENT,2026-08-09T04:34:14+00:00,UNALLOCATED,,,,,
SLCMP1765-2628,2628,2628,583633643,2^583633643-1,STRUCTURAL_SCREEN_EXHAUSTED_PRIMALITY_UNASSIGNED,GF3A_DIRECTIONAL_WRITE_EXHAUSTED_PRIMALITY_UNASSIGNED,514,512,512,NO_RECORDED_FACTOR_PRP_OR_LL_RESULT_AND_NO_ACTIVE_GIMPS_ASSIGNMENT,2026-08-09T04:34:14+00:00,UNALLOCATED,,,,,
SLCMP1765-2629,2629,2629,583633657,2^583633657-1,STRUCTURAL_SCREEN_EXHAUSTED_PRIMALITY_UNASSIGNED,GF3A_DIRECTIONAL_WRITE_EXHAUSTED_PRIMALITY_UNASSIGNED,513,512,512,NO_RECORDED_FACTOR_PRP_OR_LL_RESULT_AND_NO_ACTIVE_GIMPS_ASSIGNMENT,2026-08-09T04:34:14+00:00,UNALLOCATED,,,,,
SLCMP1765-2630,2630,2630,583633667,2^583633667-1,STRUCTURAL_SCREEN_EXHAUSTED_PRIMALITY_UNASSIGNED,GF3A_DIRECTIONAL_WRITE_EXHAUSTED_PRIMALITY_UNASSIGNED,514,512,512,NO_RECORDED_FACTOR_PRP_OR_LL_RESULT_AND_NO_ACTIVE_GIMPS_ASSIGNMENT,2026-08-09T04:34:14+00:00,UNALLOCATED,,,,,
SLCMP1765-2631,2631,2631,583633777,2^583633777-1,STRUCTURAL_SCREEN_EXHAUSTED_PRIMALITY_UNASSIGNED,GF3A_DIRECTIONAL_WRITE_EXHAUSTED_PRIMALITY_UNASSIGNED,513,512,512,NO_RECORDED_FACTOR_PRP_OR_LL_RESULT_AND_NO_ACTIVE_GIMPS_ASSIGNMENT,2026-08-09T04:34:14+00:00,UNALLOCATED,,,,,
SLCMP1765-2632,2632,2632,583633789,2^583633789-1,STRUCTURAL_SCREEN_EXHAUSTED_PRIMALITY_UNASSIGNED,GF3A_DIRECTIONAL_WRITE_EXHAUSTED_PRIMALITY_UNASSIGNED,513,512,512,NO_RECORDED_FACTOR_PRP_OR_LL_RESULT_AND_NO_ACTIVE_GIMPS_ASSIGNMENT,2026-08-09T04:34:14+00:00,UNALLOCATED,,,,,
SLCMP1765-2633,2633,2633,583633867,2^583633867-1,STRUCTURAL_SCREEN_EXHAUSTED_PRIMALITY_UNASSIGNED,GF3A_DIRECTIONAL_WRITE_EXHAUSTED_PRIMALITY_UNASSIGNED,514,512,512,NO_RECORDED_FACTOR_PRP_OR_LL_RESULT_AND_NO_ACTIVE_GIMPS_ASSIGNMENT,2026-08-09T04:34:14+00:00,UNALLOCATED,,,,,
SLCMP1765-2634,2634,2634,583633879,2^583633879-1,STRUCTURAL_SCREEN_EXHAUSTED_PRIMALITY_UNASSIGNED,GF3A_DIRECTIONAL_WRITE_EXHAUSTED_PRIMALITY_UNASSIGNED,514,512,512,NO_RECORDED_FACTOR_PRP_OR_LL_RESULT_AND_NO_ACTIVE_GIMPS_ASSIGNMENT,2026-08-09T04:34:14+00:00,UNALLOCATED,,,,,
SLCMP1765-2635,2635,2635,583634003,2^583634003-1,STRUCTURAL_SCREEN_EXHAUSTED_PRIMALITY_UNASSIGNED,GF3A_DIRECTIONAL_WRITE_EXHAUSTED_PRIMALITY_UNASSIGNED,514,512,512,NO_RECORDED_FACTOR_PRP_OR_LL_RESULT_AND_NO_ACTIVE_GIMPS_ASSIGNMENT,2026-08-09T04:34:14+00:00,UNALLOCATED,,,,,
SLCMP1765-2636,2636,2636,583634017,2^583634017-1,STRUCTURAL_SCREEN_EXHAUSTED_PRIMALITY_UNASSIGNED,GF3A_DIRECTIONAL_WRITE_EXHAUSTED_PRIMALITY_UNASSIGNED,513,512,512,NO_RECORDED_FACTOR_PRP_OR_LL_RESULT_AND_NO_ACTIVE_GIMPS_ASSIGNMENT,2026-08-09T04:34:14+00:00,UNALLOCATED,,,,,
SLCMP1765-2637,2637,2637,583634033,2^583634033-1,STRUCTURAL_SCREEN_EXHAUSTED_PRIMALITY_UNASSIGNED,GF3A_DIRECTIONAL_WRITE_EXHAUSTED_PRIMALITY_UNASSIGNED,513,512,512,NO_RECORDED_FACTOR_PRP_OR_LL_RESULT_AND_NO_ACTIVE_GIMPS_ASSIGNMENT,2026-08-09T04:34:14+00:00,UNALLOCATED,,,,,
SLCMP1765-2638,2638,2638,583634059,2^583634059-1,STRUCTURAL_SCREEN_EXHAUSTED_PRIMALITY_UNASSIGNED,GF3A_DIRECTIONAL_WRITE_EXHAUSTED_PRIMALITY_UNASSIGNED,514,512,512,NO_RECORDED_FACTOR_PRP_OR_LL_RESULT_AND_NO_ACTIVE_GIMPS_ASSIGNMENT,2026-08-09T04:34:14+00:00,UNALLOCATED,,,,,
SLCMP1765-2639,2639,2639,583634071,2^583634071-1,STRUCTURAL_SCREEN_EXHAUSTED_PRIMALITY_UNASSIGNED,GF3A_DIRECTIONAL_WRITE_EXHAUSTED_PRIMALITY_UNASSIGNED,514,512,512,NO_RECORDED_FACTOR_PRP_OR_LL_RESULT_AND_NO_ACTIVE_GIMPS_ASSIGNMENT,2026-08-09T04:34:14+00:00,UNALLOCATED,,,,,
SLCMP1765-2640,2640,2640,583634237,2^583634237-1,STRUCTURAL_SCREEN_EXHAUSTED_PRIMALITY_UNASSIGNED,GF3A_DIRECTIONAL_WRITE_EXHAUSTED_PRIMALITY_UNASSIGNED,513,512,512,NO_RECORDED_FACTOR_PRP_OR_LL_RESULT_AND_NO_ACTIVE_GIMPS_ASSIGNMENT,2026-08-09T04:34:14+00:00,UNALLOCATED,,,,,
SLCMP1765-2641,2641,2641,583634273,2^583634273-1,STRUCTURAL_SCREEN_EXHAUSTED_PRIMALITY_UNASSIGNED,GF3A_DIRECTIONAL_WRITE_EXHAUSTED_PRIMALITY_UNASSIGNED,513,512,512,NO_RECORDED_FACTOR_PRP_OR_LL_RESULT_AND_NO_ACTIVE_GIMPS_ASSIGNMENT,2026-08-09T04:34:14+00:00,UNALLOCATED,,,,,
SLCMP1765-2642,2642,2642,583634339,2^583634339-1,STRUCTURAL_SCREEN_EXHAUSTED_PRIMALITY_UNASSIGNED,GF3A_DIRECTIONAL_WRITE_EXHAUSTED_PRIMALITY_UNASSIGNED,514,512,512,NO_RECORDED_FACTOR_PRP_OR_LL_RESULT_AND_NO_ACTIVE_GIMPS_ASSIGNMENT,2026-08-09T04:34:14+00:00,UNALLOCATED,,,,,
SLCMP1765-2643,2643,2643,583634347,2^583634347-1,STRUCTURAL_SCREEN_EXHAUSTED_PRIMALITY_UNASSIGNED,GF3A_DIRECTIONAL_WRITE_EXHAUSTED_PRIMALITY_UNASSIGNED,514,512,512,NO_RECORDED_FACTOR_PRP_OR_LL_RESULT_AND_NO_ACTIVE_GIMPS_ASSIGNMENT,2026-08-09T04:34:14+00:00,UNALLOCATED,,,,,
SLCMP1765-2644,2644,2644,583634371,2^583634371-1,STRUCTURAL_SCREEN_EXHAUSTED_PRIMALITY_UNASSIGNED,GF3A_DIRECTIONAL_WRITE_EXHAUSTED_PRIMALITY_UNASSIGNED,514,512,512,NO_RECORDED_FACTOR_PRP_OR_LL_RESULT_AND_NO_ACTIVE_GIMPS_ASSIGNMENT,2026-08-09T04:34:14+00:00,UNALLOCATED,,,,,
SLCMP1765-2645,2645,2645,583634417,2^583634417-1,STRUCTURAL_SCREEN_EXHAUSTED_PRIMALITY_UNASSIGNED,GF3A_DIRECTIONAL_WRITE_EXHAUSTED_PRIMALITY_UNASSIGNED,513,512,512,NO_RECORDED_FACTOR_PRP_OR_LL_RESULT_AND_NO_ACTIVE_GIMPS_ASSIGNMENT,2026-08-09T04:34:14+00:00,UNALLOCATED,,,,,
SLCMP1765-2646,2646,2646,583634437,2^583634437-1,STRUCTURAL_SCREEN_EXHAUSTED_PRIMALITY_UNASSIGNED,GF3A_DIRECTIONAL_WRITE_EXHAUSTED_PRIMALITY_UNASSIGNED,513,512,512,NO_RECORDED_FACTOR_PRP_OR_LL_RESULT_AND_NO_ACTIVE_GIMPS_ASSIGNMENT,2026-08-09T04:34:14+00:00,UNALLOCATED,,,,,
SLCMP1765-2647,2647,2647,583634581,2^583634581-1,STRUCTURAL_SCREEN_EXHAUSTED_PRIMALITY_UNASSIGNED,GF3A_DIRECTIONAL_WRITE_EXHAUSTED_PRIMALITY_UNASSIGNED,513,512,512,NO_RECORDED_FACTOR_PRP_OR_LL_RESULT_AND_NO_ACTIVE_GIMPS_ASSIGNMENT,2026-08-09T04:34:14+00:00,UNALLOCATED,,,,,
SLCMP1765-2648,2648,2648,583634617,2^583634617-1,STRUCTURAL_SCREEN_EXHAUSTED_PRIMALITY_UNASSIGNED,GF3A_DIRECTIONAL_WRITE_EXHAUSTED_PRIMALITY_UNASSIGNED,513,512,512,NO_RECORDED_FACTOR_PRP_OR_LL_RESULT_AND_NO_ACTIVE_GIMPS_ASSIGNMENT,2026-08-09T04:34:14+00:00,UNALLOCATED,,,,,
SLCMP1765-2649,2649,2649,583634629,2^583634629-1,STRUCTURAL_SCREEN_EXHAUSTED_PRIMALITY_UNASSIGNED,GF3A_DIRECTIONAL_WRITE_EXHAUSTED_PRIMALITY_UNASSIGNED,513,512,512,NO_RECORDED_FACTOR_PRP_OR_LL_RESULT_AND_NO_ACTIVE_GIMPS_ASSIGNMENT,2026-08-09T04:34:14+00:00,UNALLOCATED,,,,,
SLCMP1765-2650,2650,2650,583634663,2^583634663-1,STRUCTURAL_SCREEN_EXHAUSTED_PRIMALITY_UNASSIGNED,GF3A_DIRECTIONAL_WRITE_EXHAUSTED_PRIMALITY_UNASSIGNED,514,512,512,NO_RECORDED_FACTOR_PRP_OR_LL_RESULT_AND_NO_ACTIVE_GIMPS_ASSIGNMENT,2026-08-09T04:34:14+00:00,UNALLOCATED,,,,,
SLCMP1765-2651,2651,2651,583634719,2^583634719-1,STRUCTURAL_SCREEN_EXHAUSTED_PRIMALITY_UNASSIGNED,GF3A_DIRECTIONAL_WRITE_EXHAUSTED_PRIMALITY_UNASSIGNED,514,512,512,NO_RECORDED_FACTOR_PRP_OR_LL_RESULT_AND_NO_ACTIVE_GIMPS_ASSIGNMENT,2026-08-09T04:34:14+00:00,UNALLOCATED,,,,,
SLCMP1765-2652,2652,2652,583634731,2^583634731-1,STRUCTURAL_SCREEN_EXHAUSTED_PRIMALITY_UNASSIGNED,GF3A_DIRECTIONAL_WRITE_EXHAUSTED_PRIMALITY_UNASSIGNED,514,512,512,NO_RECORDED_FACTOR_PRP_OR_LL_RESULT_AND_NO_ACTIVE_GIMPS_ASSIGNMENT,2026-08-09T04:34:14+00:00,UNALLOCATED,,,,,
SLCMP1765-2653,2653,2653,583634797,2^583634797-1,STRUCTURAL_SCREEN_EXHAUSTED_PRIMALITY_UNASSIGNED,GF3A_DIRECTIONAL_WRITE_EXHAUSTED_PRIMALITY_UNASSIGNED,513,512,512,NO_RECORDED_FACTOR_PRP_OR_LL_RESULT_AND_NO_ACTIVE_GIMPS_ASSIGNMENT,2026-08-09T04:34:14+00:00,UNALLOCATED,,,,,
SLCMP1765-2654,2654,2654,583634813,2^583634813-1,STRUCTURAL_SCREEN_EXHAUSTED_PRIMALITY_UNASSIGNED,GF3A_DIRECTIONAL_WRITE_EXHAUSTED_PRIMALITY_UNASSIGNED,513,512,512,NO_RECORDED_FACTOR_PRP_OR_LL_RESULT_AND_NO_ACTIVE_GIMPS_ASSIGNMENT,2026-08-09T04:34:14+00:00,UNALLOCATED,,,,,
SLCMP1765-2655,2655,2655,583634869,2^583634869-1,STRUCTURAL_SCREEN_EXHAUSTED_PRIMALITY_UNASSIGNED,GF3A_DIRECTIONAL_WRITE_EXHAUSTED_PRIMALITY_UNASSIGNED,513,512,512,NO_RECORDED_FACTOR_PRP_OR_LL_RESULT_AND_NO_ACTIVE_GIMPS_ASSIGNMENT,2026-08-09T04:34:14+00:00,UNALLOCATED,,,,,
SLCMP1765-2656,2656,2656,583634911,2^583634911-1,STRUCTURAL_SCREEN_EXHAUSTED_PRIMALITY_UNASSIGNED,GF3A_DIRECTIONAL_WRITE_EXHAUSTED_PRIMALITY_UNASSIGNED,514,512,512,NO_RECORDED_FACTOR_PRP_OR_LL_RESULT_AND_NO_ACTIVE_GIMPS_ASSIGNMENT,2026-08-09T04:34:14+00:00,UNALLOCATED,,,,,
SLCMP1765-2657,2657,2657,583635127,2^583635127-1,STRUCTURAL_SCREEN_EXHAUSTED_PRIMALITY_UNASSIGNED,GF3A_DIRECTIONAL_WRITE_EXHAUSTED_PRIMALITY_UNASSIGNED,514,512,512,NO_RECORDED_FACTOR_PRP_OR_LL_RESULT_AND_NO_ACTIVE_GIMPS_ASSIGNMENT,2026-08-09T04:34:14+00:00,UNALLOCATED,,,,,
SLCMP1765-2658,2658,2658,583635133,2^583635133-1,STRUCTURAL_SCREEN_EXHAUSTED_PRIMALITY_UNASSIGNED,GF3A_DIRECTIONAL_WRITE_EXHAUSTED_PRIMALITY_UNASSIGNED,513,512,512,NO_RECORDED_FACTOR_PRP_OR_LL_RESULT_AND_NO_ACTIVE_GIMPS_ASSIGNMENT,2026-08-09T04:34:14+00:00,UNALLOCATED,,,,,
SLCMP1765-2659,2659,2659,583635187,2^583635187-1,STRUCTURAL_SCREEN_EXHAUSTED_PRIMALITY_UNASSIGNED,GF3A_DIRECTIONAL_WRITE_EXHAUSTED_PRIMALITY_UNASSIGNED,514,512,512,NO_RECORDED_FACTOR_PRP_OR_LL_RESULT_AND_NO_ACTIVE_GIMPS_ASSIGNMENT,2026-08-09T04:34:14+00:00,UNALLOCATED,,,,,
SLCMP1765-2660,2660,2660,583635193,2^583635193-1,STRUCTURAL_SCREEN_EXHAUSTED_PRIMALITY_UNASSIGNED,GF3A_DIRECTIONAL_WRITE_EXHAUSTED_PRIMALITY_UNASSIGNED,513,512,512,NO_RECORDED_FACTOR_PRP_OR_LL_RESULT_AND_NO_ACTIVE_GIMPS_ASSIGNMENT,2026-08-09T04:34:14+00:00,UNALLOCATED,,,,,
SLCMP1765-2661,2661,2661,583635203,2^583635203-1,STRUCTURAL_SCREEN_EXHAUSTED_PRIMALITY_UNASSIGNED,GF3A_DIRECTIONAL_WRITE_EXHAUSTED_PRIMALITY_UNASSIGNED,514,512,512,NO_RECORDED_FACTOR_PRP_OR_LL_RESULT_AND_NO_ACTIVE_GIMPS_ASSIGNMENT,2026-08-09T04:34:14+00:00,UNALLOCATED,,,,,
SLCMP1765-2662,2662,2662,583635253,2^583635253-1,STRUCTURAL_SCREEN_EXHAUSTED_PRIMALITY_UNASSIGNED,GF3A_DIRECTIONAL_WRITE_EXHAUSTED_PRIMALITY_UNASSIGNED,513,512,512,NO_RECORDED_FACTOR_PRP_OR_LL_RESULT_AND_NO_ACTIVE_GIMPS_ASSIGNMENT,2026-08-09T04:34:14+00:00,UNALLOCATED,,,,,
SLCMP1765-2663,2663,2663,583635289,2^583635289-1,STRUCTURAL_SCREEN_EXHAUSTED_PRIMALITY_UNASSIGNED,GF3A_DIRECTIONAL_WRITE_EXHAUSTED_PRIMALITY_UNASSIGNED,513,512,512,NO_RECORDED_FACTOR_PRP_OR_LL_RESULT_AND_NO_ACTIVE_GIMPS_ASSIGNMENT,2026-08-09T04:34:14+00:00,UNALLOCATED,,,,,
SLCMP1765-2664,2664,2664,583635341,2^583635341-1,STRUCTURAL_SCREEN_EXHAUSTED_PRIMALITY_UNASSIGNED,GF3A_DIRECTIONAL_WRITE_EXHAUSTED_PRIMALITY_UNASSIGNED,513,512,512,NO_RECORDED_FACTOR_PRP_OR_LL_RESULT_AND_NO_ACTIVE_GIMPS_ASSIGNMENT,2026-08-09T04:34:14+00:00,UNALLOCATED,,,,,
SLCMP1765-2665,2665,2665,583635343,2^583635343-1,STRUCTURAL_SCREEN_EXHAUSTED_PRIMALITY_UNASSIGNED,GF3A_DIRECTIONAL_WRITE_EXHAUSTED_PRIMALITY_UNASSIGNED,514,512,512,NO_RECORDED_FACTOR_PRP_OR_LL_RESULT_AND_NO_ACTIVE_GIMPS_ASSIGNMENT,2026-08-09T04:34:14+00:00,UNALLOCATED,,,,,
SLCMP1765-2666,2666,2666,583635413,2^583635413-1,STRUCTURAL_SCREEN_EXHAUSTED_PRIMALITY_UNASSIGNED,GF3A_DIRECTIONAL_WRITE_EXHAUSTED_PRIMALITY_UNASSIGNED,513,512,512,NO_RECORDED_FACTOR_PRP_OR_LL_RESULT_AND_NO_ACTIVE_GIMPS_ASSIGNMENT,2026-08-09T04:34:14+00:00,UNALLOCATED,,,,,
SLCMP1765-2667,2667,2667,583635589,2^583635589-1,STRUCTURAL_SCREEN_EXHAUSTED_PRIMALITY_UNASSIGNED,GF3A_DIRECTIONAL_WRITE_EXHAUSTED_PRIMALITY_UNASSIGNED,513,512,512,NO_RECORDED_FACTOR_PRP_OR_LL_RESULT_AND_NO_ACTIVE_GIMPS_ASSIGNMENT,2026-08-09T04:34:14+00:00,UNALLOCATED,,,,,
SLCMP1765-2668,2668,2668,583635623,2^583635623-1,STRUCTURAL_SCREEN_EXHAUSTED_PRIMALITY_UNASSIGNED,GF3A_DIRECTIONAL_WRITE_EXHAUSTED_PRIMALITY_UNASSIGNED,514,512,512,NO_RECORDED_FACTOR_PRP_OR_LL_RESULT_AND_NO_ACTIVE_GIMPS_ASSIGNMENT,2026-08-09T04:34:14+00:00,UNALLOCATED,,,,,
SLCMP1765-2669,2669,2669,583635641,2^583635641-1,STRUCTURAL_SCREEN_EXHAUSTED_PRIMALITY_UNASSIGNED,GF3A_DIRECTIONAL_WRITE_EXHAUSTED_PRIMALITY_UNASSIGNED,513,512,512,NO_RECORDED_FACTOR_PRP_OR_LL_RESULT_AND_NO_ACTIVE_GIMPS_ASSIGNMENT,2026-08-09T04:34:14+00:00,UNALLOCATED,,,,,
SLCMP1765-2670,2670,2670,583635799,2^583635799-1,STRUCTURAL_SCREEN_EXHAUSTED_PRIMALITY_UNASSIGNED,GF3A_DIRECTIONAL_WRITE_EXHAUSTED_PRIMALITY_UNASSIGNED,514,512,512,NO_RECORDED_FACTOR_PRP_OR_LL_RESULT_AND_NO_ACTIVE_GIMPS_ASSIGNMENT,2026-08-09T04:34:14+00:00,UNALLOCATED,,,,,
SLCMP1765-2671,2671,2671,583635859,2^583635859-1,STRUCTURAL_SCREEN_EXHAUSTED_PRIMALITY_UNASSIGNED,GF3A_DIRECTIONAL_WRITE_EXHAUSTED_PRIMALITY_UNASSIGNED,514,512,512,NO_RECORDED_FACTOR_PRP_OR_LL_RESULT_AND_NO_ACTIVE_GIMPS_ASSIGNMENT,2026-08-09T04:34:14+00:00,UNALLOCATED,,,,,
SLCMP1765-2672,2672,2672,583635883,2^583635883-1,STRUCTURAL_SCREEN_EXHAUSTED_PRIMALITY_UNASSIGNED,GF3A_DIRECTIONAL_WRITE_EXHAUSTED_PRIMALITY_UNASSIGNED,514,512,512,NO_RECORDED_FACTOR_PRP_OR_LL_RESULT_AND_NO_ACTIVE_GIMPS_ASSIGNMENT,2026-08-09T04:34:14+00:00,UNALLOCATED,,,,,
SLCMP1765-2673,2673,2673,583636153,2^583636153-1,STRUCTURAL_SCREEN_EXHAUSTED_PRIMALITY_UNASSIGNED,GF3A_DIRECTIONAL_WRITE_EXHAUSTED_PRIMALITY_UNASSIGNED,513,512,512,NO_RECORDED_FACTOR_PRP_OR_LL_RESULT_AND_NO_ACTIVE_GIMPS_ASSIGNMENT,2026-08-09T04:34:14+00:00,UNALLOCATED,,,,,
SLCMP1765-2674,2674,2674,583636171,2^583636171-1,STRUCTURAL_SCREEN_EXHAUSTED_PRIMALITY_UNASSIGNED,GF3A_DIRECTIONAL_WRITE_EXHAUSTED_PRIMALITY_UNASSIGNED,514,512,512,NO_RECORDED_FACTOR_PRP_OR_LL_RESULT_AND_NO_ACTIVE_GIMPS_ASSIGNMENT,2026-08-09T04:34:14+00:00,UNALLOCATED,,,,,
SLCMP1765-2675,2675,2675,583636237,2^583636237-1,STRUCTURAL_SCREEN_EXHAUSTED_PRIMALITY_UNASSIGNED,GF3A_DIRECTIONAL_WRITE_EXHAUSTED_PRIMALITY_UNASSIGNED,513,512,512,NO_RECORDED_FACTOR_PRP_OR_LL_RESULT_AND_NO_ACTIVE_GIMPS_ASSIGNMENT,2026-08-09T04:34:14+00:00,UNALLOCATED,,,,,
SLCMP1765-2676,2676,2676,583636283,2^583636283-1,STRUCTURAL_SCREEN_EXHAUSTED_PRIMALITY_UNASSIGNED,GF3A_DIRECTIONAL_WRITE_EXHAUSTED_PRIMALITY_UNASSIGNED,514,512,512,NO_RECORDED_FACTOR_PRP_OR_LL_RESULT_AND_NO_ACTIVE_GIMPS_ASSIGNMENT,2026-08-09T04:34:14+00:00,UNALLOCATED,,,,,
SLCMP1765-2677,2677,2677,583636307,2^583636307-1,STRUCTURAL_SCREEN_EXHAUSTED_PRIMALITY_UNASSIGNED,GF3A_DIRECTIONAL_WRITE_EXHAUSTED_PRIMALITY_UNASSIGNED,514,512,512,NO_RECORDED_FACTOR_PRP_OR_LL_RESULT_AND_NO_ACTIVE_GIMPS_ASSIGNMENT,2026-08-09T04:34:14+00:00,UNALLOCATED,,,,,
SLCMP1765-2678,2678,2678,583636343,2^583636343-1,STRUCTURAL_SCREEN_EXHAUSTED_PRIMALITY_UNASSIGNED,GF3A_DIRECTIONAL_WRITE_EXHAUSTED_PRIMALITY_UNASSIGNED,514,512,512,NO_RECORDED_FACTOR_PRP_OR_LL_RESULT_AND_NO_ACTIVE_GIMPS_ASSIGNMENT,2026-08-09T04:34:14+00:00,UNALLOCATED,,,,,
SLCMP1765-2679,2679,2679,583636373,2^583636373-1,STRUCTURAL_SCREEN_EXHAUSTED_PRIMALITY_UNASSIGNED,GF3A_DIRECTIONAL_WRITE_EXHAUSTED_PRIMALITY_UNASSIGNED,513,512,512,NO_RECORDED_FACTOR_PRP_OR_LL_RESULT_AND_NO_ACTIVE_GIMPS_ASSIGNMENT,2026-08-09T04:34:14+00:00,UNALLOCATED,,,,,
SLCMP1765-2680,2680,2680,583636379,2^583636379-1,STRUCTURAL_SCREEN_EXHAUSTED_PRIMALITY_UNASSIGNED,GF3A_DIRECTIONAL_WRITE_EXHAUSTED_PRIMALITY_UNASSIGNED,514,512,512,NO_RECORDED_FACTOR_PRP_OR_LL_RESULT_AND_NO_ACTIVE_GIMPS_ASSIGNMENT,2026-08-09T04:34:14+00:00,UNALLOCATED,,,,,
SLCMP1765-2681,2681,2681,583636399,2^583636399-1,STRUCTURAL_SCREEN_EXHAUSTED_PRIMALITY_UNASSIGNED,GF3A_DIRECTIONAL_WRITE_EXHAUSTED_PRIMALITY_UNASSIGNED,514,512,512,NO_RECORDED_FACTOR_PRP_OR_LL_RESULT_AND_NO_ACTIVE_GIMPS_ASSIGNMENT,2026-08-09T04:34:14+00:00,UNALLOCATED,,,,,
SLCMP1765-2682,2682,2682,583636429,2^583636429-1,STRUCTURAL_SCREEN_EXHAUSTED_PRIMALITY_UNASSIGNED,GF3A_DIRECTIONAL_WRITE_EXHAUSTED_PRIMALITY_UNASSIGNED,513,512,512,NO_RECORDED_FACTOR_PRP_OR_LL_RESULT_AND_NO_ACTIVE_GIMPS_ASSIGNMENT,2026-08-09T04:34:14+00:00,UNALLOCATED,,,,,
SLCMP1765-2683,2683,2683,583636451,2^583636451-1,STRUCTURAL_SCREEN_EXHAUSTED_PRIMALITY_UNASSIGNED,GF3A_DIRECTIONAL_WRITE_EXHAUSTED_PRIMALITY_UNASSIGNED,514,512,512,NO_RECORDED_FACTOR_PRP_OR_LL_RESULT_AND_NO_ACTIVE_GIMPS_ASSIGNMENT,2026-08-09T04:34:14+00:00,UNALLOCATED,,,,,
SLCMP1765-2684,2684,2684,583636453,2^583636453-1,STRUCTURAL_SCREEN_EXHAUSTED_PRIMALITY_UNASSIGNED,GF3A_DIRECTIONAL_WRITE_EXHAUSTED_PRIMALITY_UNASSIGNED,513,512,512,NO_RECORDED_FACTOR_PRP_OR_LL_RESULT_AND_NO_ACTIVE_GIMPS_ASSIGNMENT,2026-08-09T04:34:14+00:00,UNALLOCATED,,,,,
SLCMP1765-2685,2685,2685,583636609,2^583636609-1,STRUCTURAL_SCREEN_EXHAUSTED_PRIMALITY_UNASSIGNED,GF3A_DIRECTIONAL_WRITE_EXHAUSTED_PRIMALITY_UNASSIGNED,513,512,512,NO_RECORDED_FACTOR_PRP_OR_LL_RESULT_AND_NO_ACTIVE_GIMPS_ASSIGNMENT,2026-08-09T04:34:14+00:00,UNALLOCATED,,,,,
SLCMP1765-2686,2686,2686,583636633,2^583636633-1,STRUCTURAL_SCREEN_EXHAUSTED_PRIMALITY_UNASSIGNED,GF3A_DIRECTIONAL_WRITE_EXHAUSTED_PRIMALITY_UNASSIGNED,513,512,512,NO_RECORDED_FACTOR_PRP_OR_LL_RESULT_AND_NO_ACTIVE_GIMPS_ASSIGNMENT,2026-08-09T04:34:14+00:00,UNALLOCATED,,,,,
SLCMP1765-2687,2687,2687,583636709,2^583636709-1,STRUCTURAL_SCREEN_EXHAUSTED_PRIMALITY_UNASSIGNED,GF3A_DIRECTIONAL_WRITE_EXHAUSTED_PRIMALITY_UNASSIGNED,513,512,512,NO_RECORDED_FACTOR_PRP_OR_LL_RESULT_AND_NO_ACTIVE_GIMPS_ASSIGNMENT,2026-08-09T04:34:14+00:00,UNALLOCATED,,,,,
SLCMP1765-2688,2688,2688,583636771,2^583636771-1,STRUCTURAL_SCREEN_EXHAUSTED_PRIMALITY_UNASSIGNED,GF3A_DIRECTIONAL_WRITE_EXHAUSTED_PRIMALITY_UNASSIGNED,514,512,512,NO_RECORDED_FACTOR_PRP_OR_LL_RESULT_AND_NO_ACTIVE_GIMPS_ASSIGNMENT,2026-08-09T04:34:14+00:00,UNALLOCATED,,,,,
SLCMP1765-2689,2689,2689,583636811,2^583636811-1,STRUCTURAL_SCREEN_EXHAUSTED_PRIMALITY_UNASSIGNED,GF3A_DIRECTIONAL_WRITE_EXHAUSTED_PRIMALITY_UNASSIGNED,514,512,512,NO_RECORDED_FACTOR_PRP_OR_LL_RESULT_AND_NO_ACTIVE_GIMPS_ASSIGNMENT,2026-08-09T04:34:14+00:00,UNALLOCATED,,,,,
SLCMP1765-2690,2690,2690,583636829,2^583636829-1,STRUCTURAL_SCREEN_EXHAUSTED_PRIMALITY_UNASSIGNED,GF3A_DIRECTIONAL_WRITE_EXHAUSTED_PRIMALITY_UNASSIGNED,513,512,512,NO_RECORDED_FACTOR_PRP_OR_LL_RESULT_AND_NO_ACTIVE_GIMPS_ASSIGNMENT,2026-08-09T04:34:14+00:00,UNALLOCATED,,,,,
SLCMP1765-2691,2691,2691,583636841,2^583636841-1,STRUCTURAL_SCREEN_EXHAUSTED_PRIMALITY_UNASSIGNED,GF3A_DIRECTIONAL_WRITE_EXHAUSTED_PRIMALITY_UNASSIGNED,513,512,512,NO_RECORDED_FACTOR_PRP_OR_LL_RESULT_AND_NO_ACTIVE_GIMPS_ASSIGNMENT,2026-08-09T04:34:14+00:00,UNALLOCATED,,,,,
SLCMP1765-2692,2692,2692,583636873,2^583636873-1,STRUCTURAL_SCREEN_EXHAUSTED_PRIMALITY_UNASSIGNED,GF3A_DIRECTIONAL_WRITE_EXHAUSTED_PRIMALITY_UNASSIGNED,513,512,512,NO_RECORDED_FACTOR_PRP_OR_LL_RESULT_AND_NO_ACTIVE_GIMPS_ASSIGNMENT,2026-08-09T04:34:14+00:00,UNALLOCATED,,,,,
SLCMP1765-2693,2693,2693,583636943,2^583636943-1,STRUCTURAL_SCREEN_EXHAUSTED_PRIMALITY_UNASSIGNED,GF3A_DIRECTIONAL_WRITE_EXHAUSTED_PRIMALITY_UNASSIGNED,514,512,512,NO_RECORDED_FACTOR_PRP_OR_LL_RESULT_AND_NO_ACTIVE_GIMPS_ASSIGNMENT,2026-08-09T04:34:14+00:00,UNALLOCATED,,,,,
SLCMP1765-2694,2694,2694,583637059,2^583637059-1,STRUCTURAL_SCREEN_EXHAUSTED_PRIMALITY_UNASSIGNED,GF3A_DIRECTIONAL_WRITE_EXHAUSTED_PRIMALITY_UNASSIGNED,514,512,512,NO_RECORDED_FACTOR_PRP_OR_LL_RESULT_AND_NO_ACTIVE_GIMPS_ASSIGNMENT,2026-08-09T04:34:14+00:00,UNALLOCATED,,,,,
SLCMP1765-2695,2695,2695,583637063,2^583637063-1,STRUCTURAL_SCREEN_EXHAUSTED_PRIMALITY_UNASSIGNED,GF3A_DIRECTIONAL_WRITE_EXHAUSTED_PRIMALITY_UNASSIGNED,514,512,512,NO_RECORDED_FACTOR_PRP_OR_LL_RESULT_AND_NO_ACTIVE_GIMPS_ASSIGNMENT,2026-08-09T04:34:14+00:00,UNALLOCATED,,,,,
SLCMP1765-2696,2696,2696,583637099,2^583637099-1,STRUCTURAL_SCREEN_EXHAUSTED_PRIMALITY_UNASSIGNED,GF3A_DIRECTIONAL_WRITE_EXHAUSTED_PRIMALITY_UNASSIGNED,514,512,512,NO_RECORDED_FACTOR_PRP_OR_LL_RESULT_AND_NO_ACTIVE_GIMPS_ASSIGNMENT,2026-08-09T04:34:14+00:00,UNALLOCATED,,,,,
SLCMP1765-2697,2697,2697,583637179,2^583637179-1,STRUCTURAL_SCREEN_EXHAUSTED_PRIMALITY_UNASSIGNED,GF3A_DIRECTIONAL_WRITE_EXHAUSTED_PRIMALITY_UNASSIGNED,514,512,512,NO_RECORDED_FACTOR_PRP_OR_LL_RESULT_AND_NO_ACTIVE_GIMPS_ASSIGNMENT,2026-08-09T04:34:14+00:00,UNALLOCATED,,,,,
SLCMP1765-2698,2698,2698,583637291,2^583637291-1,STRUCTURAL_SCREEN_EXHAUSTED_PRIMALITY_UNASSIGNED,GF3A_DIRECTIONAL_WRITE_EXHAUSTED_PRIMALITY_UNASSIGNED,514,512,512,NO_RECORDED_FACTOR_PRP_OR_LL_RESULT_AND_NO_ACTIVE_GIMPS_ASSIGNMENT,2026-08-09T04:34:14+00:00,UNALLOCATED,,,,,
SLCMP1765-2699,2699,2699,583637633,2^583637633-1,STRUCTURAL_SCREEN_EXHAUSTED_PRIMALITY_UNASSIGNED,GF3A_DIRECTIONAL_WRITE_EXHAUSTED_PRIMALITY_UNASSIGNED,513,512,512,NO_RECORDED_FACTOR_PRP_OR_LL_RESULT_AND_NO_ACTIVE_GIMPS_ASSIGNMENT,2026-08-09T04:34:14+00:00,UNALLOCATED,,,,,
SLCMP1765-2700,2700,2700,583637723,2^583637723-1,STRUCTURAL_SCREEN_EXHAUSTED_PRIMALITY_UNASSIGNED,GF3A_DIRECTIONAL_WRITE_EXHAUSTED_PRIMALITY_UNASSIGNED,514,512,512,NO_RECORDED_FACTOR_PRP_OR_LL_RESULT_AND_NO_ACTIVE_GIMPS_ASSIGNMENT,2026-08-09T04:34:14+00:00,UNALLOCATED,,,,,
SLCMP1765-2701,2701,2701,583637981,2^583637981-1,STRUCTURAL_SCREEN_EXHAUSTED_PRIMALITY_UNASSIGNED,GF3A_DIRECTIONAL_WRITE_EXHAUSTED_PRIMALITY_UNASSIGNED,513,512,512,NO_RECORDED_FACTOR_PRP_OR_LL_RESULT_AND_NO_ACTIVE_GIMPS_ASSIGNMENT,2026-08-09T04:34:14+00:00,UNALLOCATED,,,,,
SLCMP1765-2702,2702,2702,583638047,2^583638047-1,STRUCTURAL_SCREEN_EXHAUSTED_PRIMALITY_UNASSIGNED,GF3A_DIRECTIONAL_WRITE_EXHAUSTED_PRIMALITY_UNASSIGNED,514,512,512,NO_RECORDED_FACTOR_PRP_OR_LL_RESULT_AND_NO_ACTIVE_GIMPS_ASSIGNMENT,2026-08-09T04:34:14+00:00,UNALLOCATED,,,,,
SLCMP1765-2703,2703,2703,583638061,2^583638061-1,STRUCTURAL_SCREEN_EXHAUSTED_PRIMALITY_UNASSIGNED,GF3A_DIRECTIONAL_WRITE_EXHAUSTED_PRIMALITY_UNASSIGNED,513,512,512,NO_RECORDED_FACTOR_PRP_OR_LL_RESULT_AND_NO_ACTIVE_GIMPS_ASSIGNMENT,2026-08-09T04:34:14+00:00,UNALLOCATED,,,,,
SLCMP1765-2704,2704,2704,583638131,2^583638131-1,STRUCTURAL_SCREEN_EXHAUSTED_PRIMALITY_UNASSIGNED,GF3A_DIRECTIONAL_WRITE_EXHAUSTED_PRIMALITY_UNASSIGNED,514,512,512,NO_RECORDED_FACTOR_PRP_OR_LL_RESULT_AND_NO_ACTIVE_GIMPS_ASSIGNMENT,2026-08-09T04:34:14+00:00,UNALLOCATED,,,,,
SLCMP1765-2705,2705,2705,583638161,2^583638161-1,STRUCTURAL_SCREEN_EXHAUSTED_PRIMALITY_UNASSIGNED,GF3A_DIRECTIONAL_WRITE_EXHAUSTED_PRIMALITY_UNASSIGNED,513,512,512,NO_RECORDED_FACTOR_PRP_OR_LL_RESULT_AND_NO_ACTIVE_GIMPS_ASSIGNMENT,2026-08-09T04:34:14+00:00,UNALLOCATED,,,,,
SLCMP1765-2706,2706,2706,583638191,2^583638191-1,STRUCTURAL_SCREEN_EXHAUSTED_PRIMALITY_UNASSIGNED,GF3A_DIRECTIONAL_WRITE_EXHAUSTED_PRIMALITY_UNASSIGNED,514,512,512,NO_RECORDED_FACTOR_PRP_OR_LL_RESULT_AND_NO_ACTIVE_GIMPS_ASSIGNMENT,2026-08-09T04:34:14+00:00,UNALLOCATED,,,,,
SLCMP1765-2707,2707,2707,583638197,2^583638197-1,STRUCTURAL_SCREEN_EXHAUSTED_PRIMALITY_UNASSIGNED,GF3A_DIRECTIONAL_WRITE_EXHAUSTED_PRIMALITY_UNASSIGNED,513,512,512,NO_RECORDED_FACTOR_PRP_OR_LL_RESULT_AND_NO_ACTIVE_GIMPS_ASSIGNMENT,2026-08-09T04:34:14+00:00,UNALLOCATED,,,,,
SLCMP1765-2708,2708,2708,583638217,2^583638217-1,STRUCTURAL_SCREEN_EXHAUSTED_PRIMALITY_UNASSIGNED,GF3A_DIRECTIONAL_WRITE_EXHAUSTED_PRIMALITY_UNASSIGNED,513,512,512,NO_RECORDED_FACTOR_PRP_OR_LL_RESULT_AND_NO_ACTIVE_GIMPS_ASSIGNMENT,2026-08-09T04:34:14+00:00,UNALLOCATED,,,,,
SLCMP1765-2709,2709,2709,583638283,2^583638283-1,STRUCTURAL_SCREEN_EXHAUSTED_PRIMALITY_UNASSIGNED,GF3A_DIRECTIONAL_WRITE_EXHAUSTED_PRIMALITY_UNASSIGNED,514,512,512,NO_RECORDED_FACTOR_PRP_OR_LL_RESULT_AND_NO_ACTIVE_GIMPS_ASSIGNMENT,2026-08-09T04:34:14+00:00,UNALLOCATED,,,,,
SLCMP1765-2710,2710,2710,583638353,2^583638353-1,STRUCTURAL_SCREEN_EXHAUSTED_PRIMALITY_UNASSIGNED,GF3A_DIRECTIONAL_WRITE_EXHAUSTED_PRIMALITY_UNASSIGNED,513,512,512,NO_RECORDED_FACTOR_PRP_OR_LL_RESULT_AND_NO_ACTIVE_GIMPS_ASSIGNMENT,2026-08-09T04:34:14+00:00,UNALLOCATED,,,,,
SLCMP1765-2711,2711,2711,583638361,2^583638361-1,STRUCTURAL_SCREEN_EXHAUSTED_PRIMALITY_UNASSIGNED,GF3A_DIRECTIONAL_WRITE_EXHAUSTED_PRIMALITY_UNASSIGNED,513,512,512,NO_RECORDED_FACTOR_PRP_OR_LL_RESULT_AND_NO_ACTIVE_GIMPS_ASSIGNMENT,2026-08-09T04:34:14+00:00,UNALLOCATED,,,,,
SLCMP1765-2712,2712,2712,583638437,2^583638437-1,STRUCTURAL_SCREEN_EXHAUSTED_PRIMALITY_UNASSIGNED,GF3A_DIRECTIONAL_WRITE_EXHAUSTED_PRIMALITY_UNASSIGNED,513,512,512,NO_RECORDED_FACTOR_PRP_OR_LL_RESULT_AND_NO_ACTIVE_GIMPS_ASSIGNMENT,2026-08-09T04:34:14+00:00,UNALLOCATED,,,,,
SLCMP1765-2713,2713,2713,583638463,2^583638463-1,STRUCTURAL_SCREEN_EXHAUSTED_PRIMALITY_UNASSIGNED,GF3A_DIRECTIONAL_WRITE_EXHAUSTED_PRIMALITY_UNASSIGNED,514,512,512,NO_RECORDED_FACTOR_PRP_OR_LL_RESULT_AND_NO_ACTIVE_GIMPS_ASSIGNMENT,2026-08-09T04:34:14+00:00,UNALLOCATED,,,,,
SLCMP1765-2714,2714,2714,583638553,2^583638553-1,STRUCTURAL_SCREEN_EXHAUSTED_PRIMALITY_UNASSIGNED,GF3A_DIRECTIONAL_WRITE_EXHAUSTED_PRIMALITY_UNASSIGNED,513,512,512,NO_RECORDED_FACTOR_PRP_OR_LL_RESULT_AND_NO_ACTIVE_GIMPS_ASSIGNMENT,2026-08-09T04:34:14+00:00,UNALLOCATED,,,,,
SLCMP1765-2715,2715,2715,583638557,2^583638557-1,STRUCTURAL_SCREEN_EXHAUSTED_PRIMALITY_UNASSIGNED,GF3A_DIRECTIONAL_WRITE_EXHAUSTED_PRIMALITY_UNASSIGNED,513,512,512,NO_RECORDED_FACTOR_PRP_OR_LL_RESULT_AND_NO_ACTIVE_GIMPS_ASSIGNMENT,2026-08-09T04:34:14+00:00,UNALLOCATED,,,,,
SLCMP1765-2716,2716,2716,583638569,2^583638569-1,STRUCTURAL_SCREEN_EXHAUSTED_PRIMALITY_UNASSIGNED,GF3A_DIRECTIONAL_WRITE_EXHAUSTED_PRIMALITY_UNASSIGNED,513,512,512,NO_RECORDED_FACTOR_PRP_OR_LL_RESULT_AND_NO_ACTIVE_GIMPS_ASSIGNMENT,2026-08-09T04:34:14+00:00,UNALLOCATED,,,,,
SLCMP1765-2717,2717,2717,583638661,2^583638661-1,STRUCTURAL_SCREEN_EXHAUSTED_PRIMALITY_UNASSIGNED,GF3A_DIRECTIONAL_WRITE_EXHAUSTED_PRIMALITY_UNASSIGNED,513,512,512,NO_RECORDED_FACTOR_PRP_OR_LL_RESULT_AND_NO_ACTIVE_GIMPS_ASSIGNMENT,2026-08-09T04:34:14+00:00,UNALLOCATED,,,,,
SLCMP1765-2718,2718,2718,583638709,2^583638709-1,STRUCTURAL_SCREEN_EXHAUSTED_PRIMALITY_UNASSIGNED,GF3A_DIRECTIONAL_WRITE_EXHAUSTED_PRIMALITY_UNASSIGNED,513,512,512,NO_RECORDED_FACTOR_PRP_OR_LL_RESULT_AND_NO_ACTIVE_GIMPS_ASSIGNMENT,2026-08-09T04:34:14+00:00,UNALLOCATED,,,,,
SLCMP1765-2719,2719,2719,583638739,2^583638739-1,STRUCTURAL_SCREEN_EXHAUSTED_PRIMALITY_UNASSIGNED,GF3A_DIRECTIONAL_WRITE_EXHAUSTED_PRIMALITY_UNASSIGNED,514,512,512,NO_RECORDED_FACTOR_PRP_OR_LL_RESULT_AND_NO_ACTIVE_GIMPS_ASSIGNMENT,2026-08-09T04:34:14+00:00,UNALLOCATED,,,,,
SLCMP1765-2720,2720,2720,583638779,2^583638779-1,STRUCTURAL_SCREEN_EXHAUSTED_PRIMALITY_UNASSIGNED,GF3A_DIRECTIONAL_WRITE_EXHAUSTED_PRIMALITY_UNASSIGNED,514,512,512,NO_RECORDED_FACTOR_PRP_OR_LL_RESULT_AND_NO_ACTIVE_GIMPS_ASSIGNMENT,2026-08-09T04:34:14+00:00,UNALLOCATED,,,,,
SLCMP1765-2721,2721,2721,583638799,2^583638799-1,STRUCTURAL_SCREEN_EXHAUSTED_PRIMALITY_UNASSIGNED,GF3A_DIRECTIONAL_WRITE_EXHAUSTED_PRIMALITY_UNASSIGNED,514,512,512,NO_RECORDED_FACTOR_PRP_OR_LL_RESULT_AND_NO_ACTIVE_GIMPS_ASSIGNMENT,2026-08-09T04:34:14+00:00,UNALLOCATED,,,,,
SLCMP1765-2722,2722,2722,583638841,2^583638841-1,STRUCTURAL_SCREEN_EXHAUSTED_PRIMALITY_UNASSIGNED,GF3A_DIRECTIONAL_WRITE_EXHAUSTED_PRIMALITY_UNASSIGNED,513,512,512,NO_RECORDED_FACTOR_PRP_OR_LL_RESULT_AND_NO_ACTIVE_GIMPS_ASSIGNMENT,2026-08-09T04:34:14+00:00,UNALLOCATED,,,,,
SLCMP1765-2723,2723,2723,583638857,2^583638857-1,STRUCTURAL_SCREEN_EXHAUSTED_PRIMALITY_UNASSIGNED,GF3A_DIRECTIONAL_WRITE_EXHAUSTED_PRIMALITY_UNASSIGNED,513,512,512,NO_RECORDED_FACTOR_PRP_OR_LL_RESULT_AND_NO_ACTIVE_GIMPS_ASSIGNMENT,2026-08-09T04:34:14+00:00,UNALLOCATED,,,,,
SLCMP1765-2724,2724,2724,583638877,2^583638877-1,STRUCTURAL_SCREEN_EXHAUSTED_PRIMALITY_UNASSIGNED,GF3A_DIRECTIONAL_WRITE_EXHAUSTED_PRIMALITY_UNASSIGNED,513,512,512,NO_RECORDED_FACTOR_PRP_OR_LL_RESULT_AND_NO_ACTIVE_GIMPS_ASSIGNMENT,2026-08-09T04:34:14+00:00,UNALLOCATED,,,,,
SLCMP1765-2725,2725,2725,583638947,2^583638947-1,STRUCTURAL_SCREEN_EXHAUSTED_PRIMALITY_UNASSIGNED,GF3A_DIRECTIONAL_WRITE_EXHAUSTED_PRIMALITY_UNASSIGNED,514,512,512,NO_RECORDED_FACTOR_PRP_OR_LL_RESULT_AND_NO_ACTIVE_GIMPS_ASSIGNMENT,2026-08-09T04:34:14+00:00,UNALLOCATED,,,,,
SLCMP1765-2726,2726,2726,583638973,2^583638973-1,STRUCTURAL_SCREEN_EXHAUSTED_PRIMALITY_UNASSIGNED,GF3A_DIRECTIONAL_WRITE_EXHAUSTED_PRIMALITY_UNASSIGNED,513,512,512,NO_RECORDED_FACTOR_PRP_OR_LL_RESULT_AND_NO_ACTIVE_GIMPS_ASSIGNMENT,2026-08-09T04:34:14+00:00,UNALLOCATED,,,,,
SLCMP1765-2727,2727,2727,583639013,2^583639013-1,STRUCTURAL_SCREEN_EXHAUSTED_PRIMALITY_UNASSIGNED,GF3A_DIRECTIONAL_WRITE_EXHAUSTED_PRIMALITY_UNASSIGNED,513,512,512,NO_RECORDED_FACTOR_PRP_OR_LL_RESULT_AND_NO_ACTIVE_GIMPS_ASSIGNMENT,2026-08-09T04:34:14+00:00,UNALLOCATED,,,,,
SLCMP1765-2728,2728,2728,583639031,2^583639031-1,STRUCTURAL_SCREEN_EXHAUSTED_PRIMALITY_UNASSIGNED,GF3A_DIRECTIONAL_WRITE_EXHAUSTED_PRIMALITY_UNASSIGNED,514,512,512,NO_RECORDED_FACTOR_PRP_OR_LL_RESULT_AND_NO_ACTIVE_GIMPS_ASSIGNMENT,2026-08-09T04:34:14+00:00,UNALLOCATED,,,,,
SLCMP1765-2729,2729,2729,583639039,2^583639039-1,STRUCTURAL_SCREEN_EXHAUSTED_PRIMALITY_UNASSIGNED,GF3A_DIRECTIONAL_WRITE_EXHAUSTED_PRIMALITY_UNASSIGNED,514,512,512,NO_RECORDED_FACTOR_PRP_OR_LL_RESULT_AND_NO_ACTIVE_GIMPS_ASSIGNMENT,2026-08-09T04:34:14+00:00,UNALLOCATED,,,,,
SLCMP1765-2730,2730,2730,583639051,2^583639051-1,STRUCTURAL_SCREEN_EXHAUSTED_PRIMALITY_UNASSIGNED,GF3A_DIRECTIONAL_WRITE_EXHAUSTED_PRIMALITY_UNASSIGNED,514,512,512,NO_RECORDED_FACTOR_PRP_OR_LL_RESULT_AND_NO_ACTIVE_GIMPS_ASSIGNMENT,2026-08-09T04:34:14+00:00,UNALLOCATED,,,,,
SLCMP1765-2731,2731,2731,583639061,2^583639061-1,STRUCTURAL_SCREEN_EXHAUSTED_PRIMALITY_UNASSIGNED,GF3A_DIRECTIONAL_WRITE_EXHAUSTED_PRIMALITY_UNASSIGNED,513,512,512,NO_RECORDED_FACTOR_PRP_OR_LL_RESULT_AND_NO_ACTIVE_GIMPS_ASSIGNMENT,2026-08-09T04:34:14+00:00,UNALLOCATED,,,,,
SLCMP1765-2732,2732,2732,583639163,2^583639163-1,STRUCTURAL_SCREEN_EXHAUSTED_PRIMALITY_UNASSIGNED,GF3A_DIRECTIONAL_WRITE_EXHAUSTED_PRIMALITY_UNASSIGNED,514,512,512,NO_RECORDED_FACTOR_PRP_OR_LL_RESULT_AND_NO_ACTIVE_GIMPS_ASSIGNMENT,2026-08-09T04:34:14+00:00,UNALLOCATED,,,,,
SLCMP1765-2733,2733,2733,583639171,2^583639171-1,STRUCTURAL_SCREEN_EXHAUSTED_PRIMALITY_UNASSIGNED,GF3A_DIRECTIONAL_WRITE_EXHAUSTED_PRIMALITY_UNASSIGNED,514,512,512,NO_RECORDED_FACTOR_PRP_OR_LL_RESULT_AND_NO_ACTIVE_GIMPS_ASSIGNMENT,2026-08-09T04:34:14+00:00,UNALLOCATED,,,,,
SLCMP1765-2734,2734,2734,583639183,2^583639183-1,STRUCTURAL_SCREEN_EXHAUSTED_PRIMALITY_UNASSIGNED,GF3A_DIRECTIONAL_WRITE_EXHAUSTED_PRIMALITY_UNASSIGNED,514,512,512,NO_RECORDED_FACTOR_PRP_OR_LL_RESULT_AND_NO_ACTIVE_GIMPS_ASSIGNMENT,2026-08-09T04:34:14+00:00,UNALLOCATED,,,,,
SLCMP1765-2735,2735,2735,583639187,2^583639187-1,STRUCTURAL_SCREEN_EXHAUSTED_PRIMALITY_UNASSIGNED,GF3A_DIRECTIONAL_WRITE_EXHAUSTED_PRIMALITY_UNASSIGNED,514,512,512,NO_RECORDED_FACTOR_PRP_OR_LL_RESULT_AND_NO_ACTIVE_GIMPS_ASSIGNMENT,2026-08-09T04:34:14+00:00,UNALLOCATED,,,,,
SLCMP1765-2736,2736,2736,583639193,2^583639193-1,STRUCTURAL_SCREEN_EXHAUSTED_PRIMALITY_UNASSIGNED,GF3A_DIRECTIONAL_WRITE_EXHAUSTED_PRIMALITY_UNASSIGNED,513,512,512,NO_RECORDED_FACTOR_PRP_OR_LL_RESULT_AND_NO_ACTIVE_GIMPS_ASSIGNMENT,2026-08-09T04:34:14+00:00,UNALLOCATED,,,,,
SLCMP1765-2737,2737,2737,583639271,2^583639271-1,STRUCTURAL_SCREEN_EXHAUSTED_PRIMALITY_UNASSIGNED,GF3A_DIRECTIONAL_WRITE_EXHAUSTED_PRIMALITY_UNASSIGNED,514,512,512,NO_RECORDED_FACTOR_PRP_OR_LL_RESULT_AND_NO_ACTIVE_GIMPS_ASSIGNMENT,2026-08-09T04:34:14+00:00,UNALLOCATED,,,,,
SLCMP1765-2738,2738,2738,583639363,2^583639363-1,STRUCTURAL_SCREEN_EXHAUSTED_PRIMALITY_UNASSIGNED,GF3A_DIRECTIONAL_WRITE_EXHAUSTED_PRIMALITY_UNASSIGNED,514,512,512,NO_RECORDED_FACTOR_PRP_OR_LL_RESULT_AND_NO_ACTIVE_GIMPS_ASSIGNMENT,2026-08-09T04:34:14+00:00,UNALLOCATED,,,,,
SLCMP1765-2739,2739,2739,583639417,2^583639417-1,STRUCTURAL_SCREEN_EXHAUSTED_PRIMALITY_UNASSIGNED,GF3A_DIRECTIONAL_WRITE_EXHAUSTED_PRIMALITY_UNASSIGNED,513,512,512,NO_RECORDED_FACTOR_PRP_OR_LL_RESULT_AND_NO_ACTIVE_GIMPS_ASSIGNMENT,2026-08-09T04:34:14+00:00,UNALLOCATED,,,,,
SLCMP1765-2740,2740,2740,583639447,2^583639447-1,STRUCTURAL_SCREEN_EXHAUSTED_PRIMALITY_UNASSIGNED,GF3A_DIRECTIONAL_WRITE_EXHAUSTED_PRIMALITY_UNASSIGNED,514,512,512,NO_RECORDED_FACTOR_PRP_OR_LL_RESULT_AND_NO_ACTIVE_GIMPS_ASSIGNMENT,2026-08-09T04:34:14+00:00,UNALLOCATED,,,,,
SLCMP1765-2741,2741,2741,583639477,2^583639477-1,STRUCTURAL_SCREEN_EXHAUSTED_PRIMALITY_UNASSIGNED,GF3A_DIRECTIONAL_WRITE_EXHAUSTED_PRIMALITY_UNASSIGNED,513,512,512,NO_RECORDED_FACTOR_PRP_OR_LL_RESULT_AND_NO_ACTIVE_GIMPS_ASSIGNMENT,2026-08-09T04:34:14+00:00,UNALLOCATED,,,,,
SLCMP1765-2742,2742,2742,583639579,2^583639579-1,STRUCTURAL_SCREEN_EXHAUSTED_PRIMALITY_UNASSIGNED,GF3A_DIRECTIONAL_WRITE_EXHAUSTED_PRIMALITY_UNASSIGNED,514,512,512,NO_RECORDED_FACTOR_PRP_OR_LL_RESULT_AND_NO_ACTIVE_GIMPS_ASSIGNMENT,2026-08-09T04:34:14+00:00,UNALLOCATED,,,,,
SLCMP1765-2743,2743,2743,583639753,2^583639753-1,STRUCTURAL_SCREEN_EXHAUSTED_PRIMALITY_UNASSIGNED,GF3A_DIRECTIONAL_WRITE_EXHAUSTED_PRIMALITY_UNASSIGNED,513,512,512,NO_RECORDED_FACTOR_PRP_OR_LL_RESULT_AND_NO_ACTIVE_GIMPS_ASSIGNMENT,2026-08-09T04:34:14+00:00,UNALLOCATED,,,,,
SLCMP1765-2744,2744,2744,583639787,2^583639787-1,STRUCTURAL_SCREEN_EXHAUSTED_PRIMALITY_UNASSIGNED,GF3A_DIRECTIONAL_WRITE_EXHAUSTED_PRIMALITY_UNASSIGNED,514,512,512,NO_RECORDED_FACTOR_PRP_OR_LL_RESULT_AND_NO_ACTIVE_GIMPS_ASSIGNMENT,2026-08-09T04:34:14+00:00,UNALLOCATED,,,,,
SLCMP1765-2745,2745,2745,583639811,2^583639811-1,STRUCTURAL_SCREEN_EXHAUSTED_PRIMALITY_UNASSIGNED,GF3A_DIRECTIONAL_WRITE_EXHAUSTED_PRIMALITY_UNASSIGNED,514,512,512,NO_RECORDED_FACTOR_PRP_OR_LL_RESULT_AND_NO_ACTIVE_GIMPS_ASSIGNMENT,2026-08-09T04:34:14+00:00,UNALLOCATED,,,,,
SLCMP1765-2746,2746,2746,583639829,2^583639829-1,STRUCTURAL_SCREEN_EXHAUSTED_PRIMALITY_UNASSIGNED,GF3A_DIRECTIONAL_WRITE_EXHAUSTED_PRIMALITY_UNASSIGNED,513,512,512,NO_RECORDED_FACTOR_PRP_OR_LL_RESULT_AND_NO_ACTIVE_GIMPS_ASSIGNMENT,2026-08-09T04:34:14+00:00,UNALLOCATED,,,,,
SLCMP1765-2747,2747,2747,583639841,2^583639841-1,STRUCTURAL_SCREEN_EXHAUSTED_PRIMALITY_UNASSIGNED,GF3A_DIRECTIONAL_WRITE_EXHAUSTED_PRIMALITY_UNASSIGNED,513,512,512,NO_RECORDED_FACTOR_PRP_OR_LL_RESULT_AND_NO_ACTIVE_GIMPS_ASSIGNMENT,2026-08-09T04:34:14+00:00,UNALLOCATED,,,,,
SLCMP1765-2748,2748,2748,583639871,2^583639871-1,STRUCTURAL_SCREEN_EXHAUSTED_PRIMALITY_UNASSIGNED,GF3A_DIRECTIONAL_WRITE_EXHAUSTED_PRIMALITY_UNASSIGNED,514,512,512,NO_RECORDED_FACTOR_PRP_OR_LL_RESULT_AND_NO_ACTIVE_GIMPS_ASSIGNMENT,2026-08-09T04:34:14+00:00,UNALLOCATED,,,,,
SLCMP1765-2749,2749,2749,583639897,2^583639897-1,STRUCTURAL_SCREEN_EXHAUSTED_PRIMALITY_UNASSIGNED,GF3A_DIRECTIONAL_WRITE_EXHAUSTED_PRIMALITY_UNASSIGNED,513,512,512,NO_RECORDED_FACTOR_PRP_OR_LL_RESULT_AND_NO_ACTIVE_GIMPS_ASSIGNMENT,2026-08-09T04:34:14+00:00,UNALLOCATED,,,,,
SLCMP1765-2750,2750,2750,583639933,2^583639933-1,STRUCTURAL_SCREEN_EXHAUSTED_PRIMALITY_UNASSIGNED,GF3A_DIRECTIONAL_WRITE_EXHAUSTED_PRIMALITY_UNASSIGNED,513,512,512,NO_RECORDED_FACTOR_PRP_OR_LL_RESULT_AND_NO_ACTIVE_GIMPS_ASSIGNMENT,2026-08-09T04:34:14+00:00,UNALLOCATED,,,,,
SLCMP1765-2751,2751,2751,583639957,2^583639957-1,STRUCTURAL_SCREEN_EXHAUSTED_PRIMALITY_UNASSIGNED,GF3A_DIRECTIONAL_WRITE_EXHAUSTED_PRIMALITY_UNASSIGNED,513,512,512,NO_RECORDED_FACTOR_PRP_OR_LL_RESULT_AND_NO_ACTIVE_GIMPS_ASSIGNMENT,2026-08-09T04:34:14+00:00,UNALLOCATED,,,,,
SLCMP1765-2752,2752,2752,583640033,2^583640033-1,STRUCTURAL_SCREEN_EXHAUSTED_PRIMALITY_UNASSIGNED,GF3A_DIRECTIONAL_WRITE_EXHAUSTED_PRIMALITY_UNASSIGNED,513,512,512,NO_RECORDED_FACTOR_PRP_OR_LL_RESULT_AND_NO_ACTIVE_GIMPS_ASSIGNMENT,2026-08-09T04:34:14+00:00,UNALLOCATED,,,,,
SLCMP1765-2753,2753,2753,583640089,2^583640089-1,STRUCTURAL_SCREEN_EXHAUSTED_PRIMALITY_UNASSIGNED,GF3A_DIRECTIONAL_WRITE_EXHAUSTED_PRIMALITY_UNASSIGNED,513,512,512,NO_RECORDED_FACTOR_PRP_OR_LL_RESULT_AND_NO_ACTIVE_GIMPS_ASSIGNMENT,2026-08-09T04:34:14+00:00,UNALLOCATED,,,,,
SLCMP1765-2754,2754,2754,583640171,2^583640171-1,STRUCTURAL_SCREEN_EXHAUSTED_PRIMALITY_UNASSIGNED,GF3A_DIRECTIONAL_WRITE_EXHAUSTED_PRIMALITY_UNASSIGNED,514,512,512,NO_RECORDED_FACTOR_PRP_OR_LL_RESULT_AND_NO_ACTIVE_GIMPS_ASSIGNMENT,2026-08-09T04:34:14+00:00,UNALLOCATED,,,,,
SLCMP1765-2755,2755,2755,583640221,2^583640221-1,STRUCTURAL_SCREEN_EXHAUSTED_PRIMALITY_UNASSIGNED,GF3A_DIRECTIONAL_WRITE_EXHAUSTED_PRIMALITY_UNASSIGNED,513,512,512,NO_RECORDED_FACTOR_PRP_OR_LL_RESULT_AND_NO_ACTIVE_GIMPS_ASSIGNMENT,2026-08-09T04:34:14+00:00,UNALLOCATED,,,,,
SLCMP1765-2756,2756,2756,583640231,2^583640231-1,STRUCTURAL_SCREEN_EXHAUSTED_PRIMALITY_UNASSIGNED,GF3A_DIRECTIONAL_WRITE_EXHAUSTED_PRIMALITY_UNASSIGNED,514,512,512,NO_RECORDED_FACTOR_PRP_OR_LL_RESULT_AND_NO_ACTIVE_GIMPS_ASSIGNMENT,2026-08-09T04:34:14+00:00,UNALLOCATED,,,,,
SLCMP1765-2757,2757,2757,583640251,2^583640251-1,STRUCTURAL_SCREEN_EXHAUSTED_PRIMALITY_UNASSIGNED,GF3A_DIRECTIONAL_WRITE_EXHAUSTED_PRIMALITY_UNASSIGNED,514,512,512,NO_RECORDED_FACTOR_PRP_OR_LL_RESULT_AND_NO_ACTIVE_GIMPS_ASSIGNMENT,2026-08-09T04:34:14+00:00,UNALLOCATED,,,,,
SLCMP1765-2758,2758,2758,583640273,2^583640273-1,STRUCTURAL_SCREEN_EXHAUSTED_PRIMALITY_UNASSIGNED,GF3A_DIRECTIONAL_WRITE_EXHAUSTED_PRIMALITY_UNASSIGNED,513,512,512,NO_RECORDED_FACTOR_PRP_OR_LL_RESULT_AND_NO_ACTIVE_GIMPS_ASSIGNMENT,2026-08-09T04:34:14+00:00,UNALLOCATED,,,,,
SLCMP1765-2759,2759,2759,583640357,2^583640357-1,STRUCTURAL_SCREEN_EXHAUSTED_PRIMALITY_UNASSIGNED,GF3A_DIRECTIONAL_WRITE_EXHAUSTED_PRIMALITY_UNASSIGNED,513,512,512,NO_RECORDED_FACTOR_PRP_OR_LL_RESULT_AND_NO_ACTIVE_GIMPS_ASSIGNMENT,2026-08-09T04:34:14+00:00,UNALLOCATED,,,,,
SLCMP1765-2760,2760,2760,583640359,2^583640359-1,STRUCTURAL_SCREEN_EXHAUSTED_PRIMALITY_UNASSIGNED,GF3A_DIRECTIONAL_WRITE_EXHAUSTED_PRIMALITY_UNASSIGNED,514,512,512,NO_RECORDED_FACTOR_PRP_OR_LL_RESULT_AND_NO_ACTIVE_GIMPS_ASSIGNMENT,2026-08-09T04:34:14+00:00,UNALLOCATED,,,,,
SLCMP1765-2761,2761,2761,583640363,2^583640363-1,STRUCTURAL_SCREEN_EXHAUSTED_PRIMALITY_UNASSIGNED,GF3A_DIRECTIONAL_WRITE_EXHAUSTED_PRIMALITY_UNASSIGNED,514,512,512,NO_RECORDED_FACTOR_PRP_OR_LL_RESULT_AND_NO_ACTIVE_GIMPS_ASSIGNMENT,2026-08-09T04:34:14+00:00,UNALLOCATED,,,,,
SLCMP1765-2762,2762,2762,583640443,2^583640443-1,STRUCTURAL_SCREEN_EXHAUSTED_PRIMALITY_UNASSIGNED,GF3A_DIRECTIONAL_WRITE_EXHAUSTED_PRIMALITY_UNASSIGNED,514,512,512,NO_RECORDED_FACTOR_PRP_OR_LL_RESULT_AND_NO_ACTIVE_GIMPS_ASSIGNMENT,2026-08-09T04:34:14+00:00,UNALLOCATED,,,,,
SLCMP1765-2763,2763,2763,583640459,2^583640459-1,STRUCTURAL_SCREEN_EXHAUSTED_PRIMALITY_UNASSIGNED,GF3A_DIRECTIONAL_WRITE_EXHAUSTED_PRIMALITY_UNASSIGNED,514,512,512,NO_RECORDED_FACTOR_PRP_OR_LL_RESULT_AND_NO_ACTIVE_GIMPS_ASSIGNMENT,2026-08-09T04:34:14+00:00,UNALLOCATED,,,,,
SLCMP1765-2764,2764,2764,583640521,2^583640521-1,STRUCTURAL_SCREEN_EXHAUSTED_PRIMALITY_UNASSIGNED,GF3A_DIRECTIONAL_WRITE_EXHAUSTED_PRIMALITY_UNASSIGNED,513,512,512,NO_RECORDED_FACTOR_PRP_OR_LL_RESULT_AND_NO_ACTIVE_GIMPS_ASSIGNMENT,2026-08-09T04:34:14+00:00,UNALLOCATED,,,,,
SLCMP1765-2765,2765,2765,583640623,2^583640623-1,STRUCTURAL_SCREEN_EXHAUSTED_PRIMALITY_UNASSIGNED,GF3A_DIRECTIONAL_WRITE_EXHAUSTED_PRIMALITY_UNASSIGNED,514,512,512,NO_RECORDED_FACTOR_PRP_OR_LL_RESULT_AND_NO_ACTIVE_GIMPS_ASSIGNMENT,2026-08-09T04:34:14+00:00,UNALLOCATED,,,,,
SLCMP1765-2766,2766,2766,583640633,2^583640633-1,STRUCTURAL_SCREEN_EXHAUSTED_PRIMALITY_UNASSIGNED,GF3A_DIRECTIONAL_WRITE_EXHAUSTED_PRIMALITY_UNASSIGNED,513,512,512,NO_RECORDED_FACTOR_PRP_OR_LL_RESULT_AND_NO_ACTIVE_GIMPS_ASSIGNMENT,2026-08-09T04:34:14+00:00,UNALLOCATED,,,,,
SLCMP1765-2767,2767,2767,583640731,2^583640731-1,STRUCTURAL_SCREEN_EXHAUSTED_PRIMALITY_UNASSIGNED,GF3A_DIRECTIONAL_WRITE_EXHAUSTED_PRIMALITY_UNASSIGNED,514,512,512,NO_RECORDED_FACTOR_PRP_OR_LL_RESULT_AND_NO_ACTIVE_GIMPS_ASSIGNMENT,2026-08-09T04:34:14+00:00,UNALLOCATED,,,,,
SLCMP1765-2768,2768,2768,583640791,2^583640791-1,STRUCTURAL_SCREEN_EXHAUSTED_PRIMALITY_UNASSIGNED,GF3A_DIRECTIONAL_WRITE_EXHAUSTED_PRIMALITY_UNASSIGNED,514,512,512,NO_RECORDED_FACTOR_PRP_OR_LL_RESULT_AND_NO_ACTIVE_GIMPS_ASSIGNMENT,2026-08-09T04:34:14+00:00,UNALLOCATED,,,,,
SLCMP1765-2769,2769,2769,583640797,2^583640797-1,STRUCTURAL_SCREEN_EXHAUSTED_PRIMALITY_UNASSIGNED,GF3A_DIRECTIONAL_WRITE_EXHAUSTED_PRIMALITY_UNASSIGNED,513,512,512,NO_RECORDED_FACTOR_PRP_OR_LL_RESULT_AND_NO_ACTIVE_GIMPS_ASSIGNMENT,2026-08-09T04:34:14+00:00,UNALLOCATED,,,,,
SLCMP1765-2770,2770,2770,583640851,2^583640851-1,STRUCTURAL_SCREEN_EXHAUSTED_PRIMALITY_UNASSIGNED,GF3A_DIRECTIONAL_WRITE_EXHAUSTED_PRIMALITY_UNASSIGNED,514,512,512,NO_RECORDED_FACTOR_PRP_OR_LL_RESULT_AND_NO_ACTIVE_GIMPS_ASSIGNMENT,2026-08-09T04:34:14+00:00,UNALLOCATED,,,,,
SLCMP1765-2771,2771,2771,583640891,2^583640891-1,STRUCTURAL_SCREEN_EXHAUSTED_PRIMALITY_UNASSIGNED,GF3A_DIRECTIONAL_WRITE_EXHAUSTED_PRIMALITY_UNASSIGNED,514,512,512,NO_RECORDED_FACTOR_PRP_OR_LL_RESULT_AND_NO_ACTIVE_GIMPS_ASSIGNMENT,2026-08-09T04:34:14+00:00,UNALLOCATED,,,,,
SLCMP1765-2772,2772,2772,583640983,2^583640983-1,STRUCTURAL_SCREEN_EXHAUSTED_PRIMALITY_UNASSIGNED,GF3A_DIRECTIONAL_WRITE_EXHAUSTED_PRIMALITY_UNASSIGNED,514,512,512,NO_RECORDED_FACTOR_PRP_OR_LL_RESULT_AND_NO_ACTIVE_GIMPS_ASSIGNMENT,2026-08-09T04:34:14+00:00,UNALLOCATED,,,,,
SLCMP1765-2773,2773,2773,583640989,2^583640989-1,STRUCTURAL_SCREEN_EXHAUSTED_PRIMALITY_UNASSIGNED,GF3A_DIRECTIONAL_WRITE_EXHAUSTED_PRIMALITY_UNASSIGNED,513,512,512,NO_RECORDED_FACTOR_PRP_OR_LL_RESULT_AND_NO_ACTIVE_GIMPS_ASSIGNMENT,2026-08-09T04:34:14+00:00,UNALLOCATED,,,,,
SLCMP1765-2774,2774,2774,583641067,2^583641067-1,STRUCTURAL_SCREEN_EXHAUSTED_PRIMALITY_UNASSIGNED,GF3A_DIRECTIONAL_WRITE_EXHAUSTED_PRIMALITY_UNASSIGNED,514,512,512,NO_RECORDED_FACTOR_PRP_OR_LL_RESULT_AND_NO_ACTIVE_GIMPS_ASSIGNMENT,2026-08-09T04:34:14+00:00,UNALLOCATED,,,,,
SLCMP1765-2775,2775,2775,583641103,2^583641103-1,STRUCTURAL_SCREEN_EXHAUSTED_PRIMALITY_UNASSIGNED,GF3A_DIRECTIONAL_WRITE_EXHAUSTED_PRIMALITY_UNASSIGNED,514,512,512,NO_RECORDED_FACTOR_PRP_OR_LL_RESULT_AND_NO_ACTIVE_GIMPS_ASSIGNMENT,2026-08-09T04:34:14+00:00,UNALLOCATED,,,,,
SLCMP1765-2776,2776,2776,583641173,2^583641173-1,STRUCTURAL_SCREEN_EXHAUSTED_PRIMALITY_UNASSIGNED,GF3A_DIRECTIONAL_WRITE_EXHAUSTED_PRIMALITY_UNASSIGNED,513,512,512,NO_RECORDED_FACTOR_PRP_OR_LL_RESULT_AND_NO_ACTIVE_GIMPS_ASSIGNMENT,2026-08-09T04:34:14+00:00,UNALLOCATED,,,,,
SLCMP1765-2777,2777,2777,583641203,2^583641203-1,STRUCTURAL_SCREEN_EXHAUSTED_PRIMALITY_UNASSIGNED,GF3A_DIRECTIONAL_WRITE_EXHAUSTED_PRIMALITY_UNASSIGNED,514,512,512,NO_RECORDED_FACTOR_PRP_OR_LL_RESULT_AND_NO_ACTIVE_GIMPS_ASSIGNMENT,2026-08-09T04:34:14+00:00,UNALLOCATED,,,,,
SLCMP1765-2778,2778,2778,583641209,2^583641209-1,STRUCTURAL_SCREEN_EXHAUSTED_PRIMALITY_UNASSIGNED,GF3A_DIRECTIONAL_WRITE_EXHAUSTED_PRIMALITY_UNASSIGNED,513,512,512,NO_RECORDED_FACTOR_PRP_OR_LL_RESULT_AND_NO_ACTIVE_GIMPS_ASSIGNMENT,2026-08-09T04:34:14+00:00,UNALLOCATED,,,,,
SLCMP1765-2779,2779,2779,583641301,2^583641301-1,STRUCTURAL_SCREEN_EXHAUSTED_PRIMALITY_UNASSIGNED,GF3A_DIRECTIONAL_WRITE_EXHAUSTED_PRIMALITY_UNASSIGNED,513,512,512,NO_RECORDED_FACTOR_PRP_OR_LL_RESULT_AND_NO_ACTIVE_GIMPS_ASSIGNMENT,2026-08-09T04:34:14+00:00,UNALLOCATED,,,,,
SLCMP1765-2780,2780,2780,583641319,2^583641319-1,STRUCTURAL_SCREEN_EXHAUSTED_PRIMALITY_UNASSIGNED,GF3A_DIRECTIONAL_WRITE_EXHAUSTED_PRIMALITY_UNASSIGNED,514,512,512,NO_RECORDED_FACTOR_PRP_OR_LL_RESULT_AND_NO_ACTIVE_GIMPS_ASSIGNMENT,2026-08-09T04:34:14+00:00,UNALLOCATED,,,,,
SLCMP1765-2781,2781,2781,583641343,2^583641343-1,STRUCTURAL_SCREEN_EXHAUSTED_PRIMALITY_UNASSIGNED,GF3A_DIRECTIONAL_WRITE_EXHAUSTED_PRIMALITY_UNASSIGNED,514,512,512,NO_RECORDED_FACTOR_PRP_OR_LL_RESULT_AND_NO_ACTIVE_GIMPS_ASSIGNMENT,2026-08-09T04:34:14+00:00,UNALLOCATED,,,,,
SLCMP1765-2782,2782,2782,583641419,2^583641419-1,STRUCTURAL_SCREEN_EXHAUSTED_PRIMALITY_UNASSIGNED,GF3A_DIRECTIONAL_WRITE_EXHAUSTED_PRIMALITY_UNASSIGNED,514,512,512,NO_RECORDED_FACTOR_PRP_OR_LL_RESULT_AND_NO_ACTIVE_GIMPS_ASSIGNMENT,2026-08-09T04:34:14+00:00,UNALLOCATED,,,,,
SLCMP1765-2783,2783,2783,583641439,2^583641439-1,STRUCTURAL_SCREEN_EXHAUSTED_PRIMALITY_UNASSIGNED,GF3A_DIRECTIONAL_WRITE_EXHAUSTED_PRIMALITY_UNASSIGNED,514,512,512,NO_RECORDED_FACTOR_PRP_OR_LL_RESULT_AND_NO_ACTIVE_GIMPS_ASSIGNMENT,2026-08-09T04:34:14+00:00,UNALLOCATED,,,,,
SLCMP1765-2784,2784,2784,583641479,2^583641479-1,STRUCTURAL_SCREEN_EXHAUSTED_PRIMALITY_UNASSIGNED,GF3A_DIRECTIONAL_WRITE_EXHAUSTED_PRIMALITY_UNASSIGNED,514,512,512,NO_RECORDED_FACTOR_PRP_OR_LL_RESULT_AND_NO_ACTIVE_GIMPS_ASSIGNMENT,2026-08-09T04:34:14+00:00,UNALLOCATED,,,,,
SLCMP1765-2785,2785,2785,583641533,2^583641533-1,STRUCTURAL_SCREEN_EXHAUSTED_PRIMALITY_UNASSIGNED,GF3A_DIRECTIONAL_WRITE_EXHAUSTED_PRIMALITY_UNASSIGNED,513,512,512,NO_RECORDED_FACTOR_PRP_OR_LL_RESULT_AND_NO_ACTIVE_GIMPS_ASSIGNMENT,2026-08-09T04:34:14+00:00,UNALLOCATED,,,,,
SLCMP1765-2786,2786,2786,583641587,2^583641587-1,STRUCTURAL_SCREEN_EXHAUSTED_PRIMALITY_UNASSIGNED,GF3A_DIRECTIONAL_WRITE_EXHAUSTED_PRIMALITY_UNASSIGNED,514,512,512,NO_RECORDED_FACTOR_PRP_OR_LL_RESULT_AND_NO_ACTIVE_GIMPS_ASSIGNMENT,2026-08-09T04:34:14+00:00,UNALLOCATED,,,,,
SLCMP1765-2787,2787,2787,583641631,2^583641631-1,STRUCTURAL_SCREEN_EXHAUSTED_PRIMALITY_UNASSIGNED,GF3A_DIRECTIONAL_WRITE_EXHAUSTED_PRIMALITY_UNASSIGNED,514,512,512,NO_RECORDED_FACTOR_PRP_OR_LL_RESULT_AND_NO_ACTIVE_GIMPS_ASSIGNMENT,2026-08-09T04:34:14+00:00,UNALLOCATED,,,,,
SLCMP1765-2788,2788,2788,583641649,2^583641649-1,STRUCTURAL_SCREEN_EXHAUSTED_PRIMALITY_UNASSIGNED,GF3A_DIRECTIONAL_WRITE_EXHAUSTED_PRIMALITY_UNASSIGNED,513,512,512,NO_RECORDED_FACTOR_PRP_OR_LL_RESULT_AND_NO_ACTIVE_GIMPS_ASSIGNMENT,2026-08-09T04:34:14+00:00,UNALLOCATED,,,,,
SLCMP1765-2789,2789,2789,583641703,2^583641703-1,STRUCTURAL_SCREEN_EXHAUSTED_PRIMALITY_UNASSIGNED,GF3A_DIRECTIONAL_WRITE_EXHAUSTED_PRIMALITY_UNASSIGNED,514,512,512,NO_RECORDED_FACTOR_PRP_OR_LL_RESULT_AND_NO_ACTIVE_GIMPS_ASSIGNMENT,2026-08-09T04:34:14+00:00,UNALLOCATED,,,,,
SLCMP1765-2790,2790,2790,583641749,2^583641749-1,STRUCTURAL_SCREEN_EXHAUSTED_PRIMALITY_UNASSIGNED,GF3A_DIRECTIONAL_WRITE_EXHAUSTED_PRIMALITY_UNASSIGNED,513,512,512,NO_RECORDED_FACTOR_PRP_OR_LL_RESULT_AND_NO_ACTIVE_GIMPS_ASSIGNMENT,2026-08-09T04:34:14+00:00,UNALLOCATED,,,,,
SLCMP1765-2791,2791,2791,583641763,2^583641763-1,STRUCTURAL_SCREEN_EXHAUSTED_PRIMALITY_UNASSIGNED,GF3A_DIRECTIONAL_WRITE_EXHAUSTED_PRIMALITY_UNASSIGNED,514,512,512,NO_RECORDED_FACTOR_PRP_OR_LL_RESULT_AND_NO_ACTIVE_GIMPS_ASSIGNMENT,2026-08-09T04:34:14+00:00,UNALLOCATED,,,,,
SLCMP1765-2792,2792,2792,583641833,2^583641833-1,STRUCTURAL_SCREEN_EXHAUSTED_PRIMALITY_UNASSIGNED,GF3A_DIRECTIONAL_WRITE_EXHAUSTED_PRIMALITY_UNASSIGNED,513,512,512,NO_RECORDED_FACTOR_PRP_OR_LL_RESULT_AND_NO_ACTIVE_GIMPS_ASSIGNMENT,2026-08-09T04:34:14+00:00,UNALLOCATED,,,,,
SLCMP1765-2793,2793,2793,583641887,2^583641887-1,STRUCTURAL_SCREEN_EXHAUSTED_PRIMALITY_UNASSIGNED,GF3A_DIRECTIONAL_WRITE_EXHAUSTED_PRIMALITY_UNASSIGNED,514,512,512,NO_RECORDED_FACTOR_PRP_OR_LL_RESULT_AND_NO_ACTIVE_GIMPS_ASSIGNMENT,2026-08-09T04:34:14+00:00,UNALLOCATED,,,,,
SLCMP1765-2794,2794,2794,583642009,2^583642009-1,STRUCTURAL_SCREEN_EXHAUSTED_PRIMALITY_UNASSIGNED,GF3A_DIRECTIONAL_WRITE_EXHAUSTED_PRIMALITY_UNASSIGNED,513,512,512,NO_RECORDED_FACTOR_PRP_OR_LL_RESULT_AND_NO_ACTIVE_GIMPS_ASSIGNMENT,2026-08-09T04:34:14+00:00,UNALLOCATED,,,,,
SLCMP1765-2795,2795,2795,583642013,2^583642013-1,STRUCTURAL_SCREEN_EXHAUSTED_PRIMALITY_UNASSIGNED,GF3A_DIRECTIONAL_WRITE_EXHAUSTED_PRIMALITY_UNASSIGNED,513,512,512,NO_RECORDED_FACTOR_PRP_OR_LL_RESULT_AND_NO_ACTIVE_GIMPS_ASSIGNMENT,2026-08-09T04:34:14+00:00,UNALLOCATED,,,,,
SLCMP1765-2796,2796,2796,583642109,2^583642109-1,STRUCTURAL_SCREEN_EXHAUSTED_PRIMALITY_UNASSIGNED,GF3A_DIRECTIONAL_WRITE_EXHAUSTED_PRIMALITY_UNASSIGNED,513,512,512,NO_RECORDED_FACTOR_PRP_OR_LL_RESULT_AND_NO_ACTIVE_GIMPS_ASSIGNMENT,2026-08-09T04:34:14+00:00,UNALLOCATED,,,,,
SLCMP1765-2797,2797,2797,583642127,2^583642127-1,STRUCTURAL_SCREEN_EXHAUSTED_PRIMALITY_UNASSIGNED,GF3A_DIRECTIONAL_WRITE_EXHAUSTED_PRIMALITY_UNASSIGNED,514,512,512,NO_RECORDED_FACTOR_PRP_OR_LL_RESULT_AND_NO_ACTIVE_GIMPS_ASSIGNMENT,2026-08-09T04:34:14+00:00,UNALLOCATED,,,,,
SLCMP1765-2798,2798,2798,583642151,2^583642151-1,STRUCTURAL_SCREEN_EXHAUSTED_PRIMALITY_UNASSIGNED,GF3A_DIRECTIONAL_WRITE_EXHAUSTED_PRIMALITY_UNASSIGNED,514,512,512,NO_RECORDED_FACTOR_PRP_OR_LL_RESULT_AND_NO_ACTIVE_GIMPS_ASSIGNMENT,2026-08-09T04:34:14+00:00,UNALLOCATED,,,,,
SLCMP1765-2799,2799,2799,583642207,2^583642207-1,STRUCTURAL_SCREEN_EXHAUSTED_PRIMALITY_UNASSIGNED,GF3A_DIRECTIONAL_WRITE_EXHAUSTED_PRIMALITY_UNASSIGNED,514,512,512,NO_RECORDED_FACTOR_PRP_OR_LL_RESULT_AND_NO_ACTIVE_GIMPS_ASSIGNMENT,2026-08-09T04:34:14+00:00,UNALLOCATED,,,,,
SLCMP1765-2800,2800,2800,583642243,2^583642243-1,STRUCTURAL_SCREEN_EXHAUSTED_PRIMALITY_UNASSIGNED,GF3A_DIRECTIONAL_WRITE_EXHAUSTED_PRIMALITY_UNASSIGNED,514,512,512,NO_RECORDED_FACTOR_PRP_OR_LL_RESULT_AND_NO_ACTIVE_GIMPS_ASSIGNMENT,2026-08-09T04:34:14+00:00,UNALLOCATED,,,,,
SLCMP1765-2801,2801,2801,583642253,2^583642253-1,STRUCTURAL_SCREEN_EXHAUSTED_PRIMALITY_UNASSIGNED,GF3A_DIRECTIONAL_WRITE_EXHAUSTED_PRIMALITY_UNASSIGNED,513,512,512,NO_RECORDED_FACTOR_PRP_OR_LL_RESULT_AND_NO_ACTIVE_GIMPS_ASSIGNMENT,2026-08-09T04:34:14+00:00,UNALLOCATED,,,,,
SLCMP1765-2802,2802,2802,583642357,2^583642357-1,STRUCTURAL_SCREEN_EXHAUSTED_PRIMALITY_UNASSIGNED,GF3A_DIRECTIONAL_WRITE_EXHAUSTED_PRIMALITY_UNASSIGNED,513,512,512,NO_RECORDED_FACTOR_PRP_OR_LL_RESULT_AND_NO_ACTIVE_GIMPS_ASSIGNMENT,2026-08-09T04:34:14+00:00,UNALLOCATED,,,,,
SLCMP1765-2803,2803,2803,583642379,2^583642379-1,STRUCTURAL_SCREEN_EXHAUSTED_PRIMALITY_UNASSIGNED,GF3A_DIRECTIONAL_WRITE_EXHAUSTED_PRIMALITY_UNASSIGNED,514,512,512,NO_RECORDED_FACTOR_PRP_OR_LL_RESULT_AND_NO_ACTIVE_GIMPS_ASSIGNMENT,2026-08-09T04:34:14+00:00,UNALLOCATED,,,,,
SLCMP1765-2804,2804,2804,583642417,2^583642417-1,STRUCTURAL_SCREEN_EXHAUSTED_PRIMALITY_UNASSIGNED,GF3A_DIRECTIONAL_WRITE_EXHAUSTED_PRIMALITY_UNASSIGNED,513,512,512,NO_RECORDED_FACTOR_PRP_OR_LL_RESULT_AND_NO_ACTIVE_GIMPS_ASSIGNMENT,2026-08-09T04:34:14+00:00,UNALLOCATED,,,,,
SLCMP1765-2805,2805,2805,583642439,2^583642439-1,STRUCTURAL_SCREEN_EXHAUSTED_PRIMALITY_UNASSIGNED,GF3A_DIRECTIONAL_WRITE_EXHAUSTED_PRIMALITY_UNASSIGNED,514,512,512,NO_RECORDED_FACTOR_PRP_OR_LL_RESULT_AND_NO_ACTIVE_GIMPS_ASSIGNMENT,2026-08-09T04:34:14+00:00,UNALLOCATED,,,,,
SLCMP1765-2806,2806,2806,583642489,2^583642489-1,STRUCTURAL_SCREEN_EXHAUSTED_PRIMALITY_UNASSIGNED,GF3A_DIRECTIONAL_WRITE_EXHAUSTED_PRIMALITY_UNASSIGNED,513,512,512,NO_RECORDED_FACTOR_PRP_OR_LL_RESULT_AND_NO_ACTIVE_GIMPS_ASSIGNMENT,2026-08-09T04:34:14+00:00,UNALLOCATED,,,,,
SLCMP1765-2807,2807,2807,583642613,2^583642613-1,STRUCTURAL_SCREEN_EXHAUSTED_PRIMALITY_UNASSIGNED,GF3A_DIRECTIONAL_WRITE_EXHAUSTED_PRIMALITY_UNASSIGNED,513,512,512,NO_RECORDED_FACTOR_PRP_OR_LL_RESULT_AND_NO_ACTIVE_GIMPS_ASSIGNMENT,2026-08-09T04:34:14+00:00,UNALLOCATED,,,,,
SLCMP1765-2808,2808,2808,583642723,2^583642723-1,STRUCTURAL_SCREEN_EXHAUSTED_PRIMALITY_UNASSIGNED,GF3A_DIRECTIONAL_WRITE_EXHAUSTED_PRIMALITY_UNASSIGNED,514,512,512,NO_RECORDED_FACTOR_PRP_OR_LL_RESULT_AND_NO_ACTIVE_GIMPS_ASSIGNMENT,2026-08-09T04:34:14+00:00,UNALLOCATED,,,,,
SLCMP1765-2809,2809,2809,583642771,2^583642771-1,STRUCTURAL_SCREEN_EXHAUSTED_PRIMALITY_UNASSIGNED,GF3A_DIRECTIONAL_WRITE_EXHAUSTED_PRIMALITY_UNASSIGNED,514,512,512,NO_RECORDED_FACTOR_PRP_OR_LL_RESULT_AND_NO_ACTIVE_GIMPS_ASSIGNMENT,2026-08-09T04:34:14+00:00,UNALLOCATED,,,,,
SLCMP1765-2810,2810,2810,583642783,2^583642783-1,STRUCTURAL_SCREEN_EXHAUSTED_PRIMALITY_UNASSIGNED,GF3A_DIRECTIONAL_WRITE_EXHAUSTED_PRIMALITY_UNASSIGNED,514,512,512,NO_RECORDED_FACTOR_PRP_OR_LL_RESULT_AND_NO_ACTIVE_GIMPS_ASSIGNMENT,2026-08-09T04:34:14+00:00,UNALLOCATED,,,,,
SLCMP1765-2811,2811,2811,583642849,2^583642849-1,STRUCTURAL_SCREEN_EXHAUSTED_PRIMALITY_UNASSIGNED,GF3A_DIRECTIONAL_WRITE_EXHAUSTED_PRIMALITY_UNASSIGNED,513,512,512,NO_RECORDED_FACTOR_PRP_OR_LL_RESULT_AND_NO_ACTIVE_GIMPS_ASSIGNMENT,2026-08-09T04:34:14+00:00,UNALLOCATED,,,,,
SLCMP1765-2812,2812,2812,583642907,2^583642907-1,STRUCTURAL_SCREEN_EXHAUSTED_PRIMALITY_UNASSIGNED,GF3A_DIRECTIONAL_WRITE_EXHAUSTED_PRIMALITY_UNASSIGNED,514,512,512,NO_RECORDED_FACTOR_PRP_OR_LL_RESULT_AND_NO_ACTIVE_GIMPS_ASSIGNMENT,2026-08-09T04:34:14+00:00,UNALLOCATED,,,,,
SLCMP1765-2813,2813,2813,583642973,2^583642973-1,STRUCTURAL_SCREEN_EXHAUSTED_PRIMALITY_UNASSIGNED,GF3A_DIRECTIONAL_WRITE_EXHAUSTED_PRIMALITY_UNASSIGNED,513,512,512,NO_RECORDED_FACTOR_PRP_OR_LL_RESULT_AND_NO_ACTIVE_GIMPS_ASSIGNMENT,2026-08-09T04:34:14+00:00,UNALLOCATED,,,,,
SLCMP1765-2814,2814,2814,583642987,2^583642987-1,STRUCTURAL_SCREEN_EXHAUSTED_PRIMALITY_UNASSIGNED,GF3A_DIRECTIONAL_WRITE_EXHAUSTED_PRIMALITY_UNASSIGNED,514,512,512,NO_RECORDED_FACTOR_PRP_OR_LL_RESULT_AND_NO_ACTIVE_GIMPS_ASSIGNMENT,2026-08-09T04:34:14+00:00,UNALLOCATED,,,,,
SLCMP1765-2815,2815,2815,583643003,2^583643003-1,STRUCTURAL_SCREEN_EXHAUSTED_PRIMALITY_UNASSIGNED,GF3A_DIRECTIONAL_WRITE_EXHAUSTED_PRIMALITY_UNASSIGNED,514,512,512,NO_RECORDED_FACTOR_PRP_OR_LL_RESULT_AND_NO_ACTIVE_GIMPS_ASSIGNMENT,2026-08-09T04:34:14+00:00,UNALLOCATED,,,,,
SLCMP1765-2816,2816,2816,583643033,2^583643033-1,STRUCTURAL_SCREEN_EXHAUSTED_PRIMALITY_UNASSIGNED,GF3A_DIRECTIONAL_WRITE_EXHAUSTED_PRIMALITY_UNASSIGNED,513,512,512,NO_RECORDED_FACTOR_PRP_OR_LL_RESULT_AND_NO_ACTIVE_GIMPS_ASSIGNMENT,2026-08-09T04:34:14+00:00,UNALLOCATED,,,,,
SLCMP1765-2817,2817,2817,583643087,2^583643087-1,STRUCTURAL_SCREEN_EXHAUSTED_PRIMALITY_UNASSIGNED,GF3A_DIRECTIONAL_WRITE_EXHAUSTED_PRIMALITY_UNASSIGNED,514,512,512,NO_RECORDED_FACTOR_PRP_OR_LL_RESULT_AND_NO_ACTIVE_GIMPS_ASSIGNMENT,2026-08-09T04:34:14+00:00,UNALLOCATED,,,,,
SLCMP1765-2818,2818,2818,583643111,2^583643111-1,STRUCTURAL_SCREEN_EXHAUSTED_PRIMALITY_UNASSIGNED,GF3A_DIRECTIONAL_WRITE_EXHAUSTED_PRIMALITY_UNASSIGNED,514,512,512,NO_RECORDED_FACTOR_PRP_OR_LL_RESULT_AND_NO_ACTIVE_GIMPS_ASSIGNMENT,2026-08-09T04:34:14+00:00,UNALLOCATED,,,,,
SLCMP1765-2819,2819,2819,583643131,2^583643131-1,STRUCTURAL_SCREEN_EXHAUSTED_PRIMALITY_UNASSIGNED,GF3A_DIRECTIONAL_WRITE_EXHAUSTED_PRIMALITY_UNASSIGNED,514,512,512,NO_RECORDED_FACTOR_PRP_OR_LL_RESULT_AND_NO_ACTIVE_GIMPS_ASSIGNMENT,2026-08-09T04:34:14+00:00,UNALLOCATED,,,,,
SLCMP1765-2820,2820,2820,583643149,2^583643149-1,STRUCTURAL_SCREEN_EXHAUSTED_PRIMALITY_UNASSIGNED,GF3A_DIRECTIONAL_WRITE_EXHAUSTED_PRIMALITY_UNASSIGNED,513,512,512,NO_RECORDED_FACTOR_PRP_OR_LL_RESULT_AND_NO_ACTIVE_GIMPS_ASSIGNMENT,2026-08-09T04:34:14+00:00,UNALLOCATED,,,,,
SLCMP1765-2821,2821,2821,583643233,2^583643233-1,STRUCTURAL_SCREEN_EXHAUSTED_PRIMALITY_UNASSIGNED,GF3A_DIRECTIONAL_WRITE_EXHAUSTED_PRIMALITY_UNASSIGNED,513,512,512,NO_RECORDED_FACTOR_PRP_OR_LL_RESULT_AND_NO_ACTIVE_GIMPS_ASSIGNMENT,2026-08-09T04:34:14+00:00,UNALLOCATED,,,,,
SLCMP1765-2822,2822,2822,583643279,2^583643279-1,STRUCTURAL_SCREEN_EXHAUSTED_PRIMALITY_UNASSIGNED,GF3A_DIRECTIONAL_WRITE_EXHAUSTED_PRIMALITY_UNASSIGNED,514,512,512,NO_RECORDED_FACTOR_PRP_OR_LL_RESULT_AND_NO_ACTIVE_GIMPS_ASSIGNMENT,2026-08-09T04:34:14+00:00,UNALLOCATED,,,,,
SLCMP1765-2823,2823,2823,583643341,2^583643341-1,STRUCTURAL_SCREEN_EXHAUSTED_PRIMALITY_UNASSIGNED,GF3A_DIRECTIONAL_WRITE_EXHAUSTED_PRIMALITY_UNASSIGNED,513,512,512,NO_RECORDED_FACTOR_PRP_OR_LL_RESULT_AND_NO_ACTIVE_GIMPS_ASSIGNMENT,2026-08-09T04:34:14+00:00,UNALLOCATED,,,,,
SLCMP1765-2824,2824,2824,583643381,2^583643381-1,STRUCTURAL_SCREEN_EXHAUSTED_PRIMALITY_UNASSIGNED,GF3A_DIRECTIONAL_WRITE_EXHAUSTED_PRIMALITY_UNASSIGNED,513,512,512,NO_RECORDED_FACTOR_PRP_OR_LL_RESULT_AND_NO_ACTIVE_GIMPS_ASSIGNMENT,2026-08-09T04:34:14+00:00,UNALLOCATED,,,,,
SLCMP1765-2825,2825,2825,583643407,2^583643407-1,STRUCTURAL_SCREEN_EXHAUSTED_PRIMALITY_UNASSIGNED,GF3A_DIRECTIONAL_WRITE_EXHAUSTED_PRIMALITY_UNASSIGNED,514,512,512,NO_RECORDED_FACTOR_PRP_OR_LL_RESULT_AND_NO_ACTIVE_GIMPS_ASSIGNMENT,2026-08-09T04:34:14+00:00,UNALLOCATED,,,,,
SLCMP1765-2826,2826,2826,583643461,2^583643461-1,STRUCTURAL_SCREEN_EXHAUSTED_PRIMALITY_UNASSIGNED,GF3A_DIRECTIONAL_WRITE_EXHAUSTED_PRIMALITY_UNASSIGNED,513,512,512,NO_RECORDED_FACTOR_PRP_OR_LL_RESULT_AND_NO_ACTIVE_GIMPS_ASSIGNMENT,2026-08-09T04:34:14+00:00,UNALLOCATED,,,,,
SLCMP1765-2827,2827,2827,583643573,2^583643573-1,STRUCTURAL_SCREEN_EXHAUSTED_PRIMALITY_UNASSIGNED,GF3A_DIRECTIONAL_WRITE_EXHAUSTED_PRIMALITY_UNASSIGNED,513,512,512,NO_RECORDED_FACTOR_PRP_OR_LL_RESULT_AND_NO_ACTIVE_GIMPS_ASSIGNMENT,2026-08-09T04:34:14+00:00,UNALLOCATED,,,,,
SLCMP1765-2828,2828,2828,583643611,2^583643611-1,STRUCTURAL_SCREEN_EXHAUSTED_PRIMALITY_UNASSIGNED,GF3A_DIRECTIONAL_WRITE_EXHAUSTED_PRIMALITY_UNASSIGNED,514,512,512,NO_RECORDED_FACTOR_PRP_OR_LL_RESULT_AND_NO_ACTIVE_GIMPS_ASSIGNMENT,2026-08-09T04:34:14+00:00,UNALLOCATED,,,,,
SLCMP1765-2829,2829,2829,583643639,2^583643639-1,STRUCTURAL_SCREEN_EXHAUSTED_PRIMALITY_UNASSIGNED,GF3A_DIRECTIONAL_WRITE_EXHAUSTED_PRIMALITY_UNASSIGNED,514,512,512,NO_RECORDED_FACTOR_PRP_OR_LL_RESULT_AND_NO_ACTIVE_GIMPS_ASSIGNMENT,2026-08-09T04:34:14+00:00,UNALLOCATED,,,,,
SLCMP1765-2830,2830,2830,583643713,2^583643713-1,STRUCTURAL_SCREEN_EXHAUSTED_PRIMALITY_UNASSIGNED,GF3A_DIRECTIONAL_WRITE_EXHAUSTED_PRIMALITY_UNASSIGNED,513,512,512,NO_RECORDED_FACTOR_PRP_OR_LL_RESULT_AND_NO_ACTIVE_GIMPS_ASSIGNMENT,2026-08-09T04:34:14+00:00,UNALLOCATED,,,,,
SLCMP1765-2831,2831,2831,583643747,2^583643747-1,STRUCTURAL_SCREEN_EXHAUSTED_PRIMALITY_UNASSIGNED,GF3A_DIRECTIONAL_WRITE_EXHAUSTED_PRIMALITY_UNASSIGNED,514,512,512,NO_RECORDED_FACTOR_PRP_OR_LL_RESULT_AND_NO_ACTIVE_GIMPS_ASSIGNMENT,2026-08-09T04:34:14+00:00,UNALLOCATED,,,,,
SLCMP1765-2832,2832,2832,583643761,2^583643761-1,STRUCTURAL_SCREEN_EXHAUSTED_PRIMALITY_UNASSIGNED,GF3A_DIRECTIONAL_WRITE_EXHAUSTED_PRIMALITY_UNASSIGNED,513,512,512,NO_RECORDED_FACTOR_PRP_OR_LL_RESULT_AND_NO_ACTIVE_GIMPS_ASSIGNMENT,2026-08-09T04:34:14+00:00,UNALLOCATED,,,,,
SLCMP1765-2833,2833,2833,583643783,2^583643783-1,STRUCTURAL_SCREEN_EXHAUSTED_PRIMALITY_UNASSIGNED,GF3A_DIRECTIONAL_WRITE_EXHAUSTED_PRIMALITY_UNASSIGNED,514,512,512,NO_RECORDED_FACTOR_PRP_OR_LL_RESULT_AND_NO_ACTIVE_GIMPS_ASSIGNMENT,2026-08-09T04:34:14+00:00,UNALLOCATED,,,,,
SLCMP1765-2834,2834,2834,583643807,2^583643807-1,STRUCTURAL_SCREEN_EXHAUSTED_PRIMALITY_UNASSIGNED,GF3A_DIRECTIONAL_WRITE_EXHAUSTED_PRIMALITY_UNASSIGNED,514,512,512,NO_RECORDED_FACTOR_PRP_OR_LL_RESULT_AND_NO_ACTIVE_GIMPS_ASSIGNMENT,2026-08-09T04:34:14+00:00,UNALLOCATED,,,,,
SLCMP1765-2835,2835,2835,583643849,2^583643849-1,STRUCTURAL_SCREEN_EXHAUSTED_PRIMALITY_UNASSIGNED,GF3A_DIRECTIONAL_WRITE_EXHAUSTED_PRIMALITY_UNASSIGNED,513,512,512,NO_RECORDED_FACTOR_PRP_OR_LL_RESULT_AND_NO_ACTIVE_GIMPS_ASSIGNMENT,2026-08-09T04:34:14+00:00,UNALLOCATED,,,,,
SLCMP1765-2836,2836,2836,583643947,2^583643947-1,STRUCTURAL_SCREEN_EXHAUSTED_PRIMALITY_UNASSIGNED,GF3A_DIRECTIONAL_WRITE_EXHAUSTED_PRIMALITY_UNASSIGNED,514,512,512,NO_RECORDED_FACTOR_PRP_OR_LL_RESULT_AND_NO_ACTIVE_GIMPS_ASSIGNMENT,2026-08-09T04:34:14+00:00,UNALLOCATED,,,,,
SLCMP1765-2837,2837,2837,583644007,2^583644007-1,STRUCTURAL_SCREEN_EXHAUSTED_PRIMALITY_UNASSIGNED,GF3A_DIRECTIONAL_WRITE_EXHAUSTED_PRIMALITY_UNASSIGNED,514,512,512,NO_RECORDED_FACTOR_PRP_OR_LL_RESULT_AND_NO_ACTIVE_GIMPS_ASSIGNMENT,2026-08-09T04:34:14+00:00,UNALLOCATED,,,,,
SLCMP1765-2838,2838,2838,583644023,2^583644023-1,STRUCTURAL_SCREEN_EXHAUSTED_PRIMALITY_UNASSIGNED,GF3A_DIRECTIONAL_WRITE_EXHAUSTED_PRIMALITY_UNASSIGNED,514,512,512,NO_RECORDED_FACTOR_PRP_OR_LL_RESULT_AND_NO_ACTIVE_GIMPS_ASSIGNMENT,2026-08-09T04:34:14+00:00,UNALLOCATED,,,,,
SLCMP1765-2839,2839,2839,583644049,2^583644049-1,STRUCTURAL_SCREEN_EXHAUSTED_PRIMALITY_UNASSIGNED,GF3A_DIRECTIONAL_WRITE_EXHAUSTED_PRIMALITY_UNASSIGNED,513,512,512,NO_RECORDED_FACTOR_PRP_OR_LL_RESULT_AND_NO_ACTIVE_GIMPS_ASSIGNMENT,2026-08-09T04:34:14+00:00,UNALLOCATED,,,,,
SLCMP1765-2840,2840,2840,583644091,2^583644091-1,STRUCTURAL_SCREEN_EXHAUSTED_PRIMALITY_UNASSIGNED,GF3A_DIRECTIONAL_WRITE_EXHAUSTED_PRIMALITY_UNASSIGNED,514,512,512,NO_RECORDED_FACTOR_PRP_OR_LL_RESULT_AND_NO_ACTIVE_GIMPS_ASSIGNMENT,2026-08-09T04:34:14+00:00,UNALLOCATED,,,,,
SLCMP1765-2841,2841,2841,583644349,2^583644349-1,STRUCTURAL_SCREEN_EXHAUSTED_PRIMALITY_UNASSIGNED,GF3A_DIRECTIONAL_WRITE_EXHAUSTED_PRIMALITY_UNASSIGNED,513,512,512,NO_RECORDED_FACTOR_PRP_OR_LL_RESULT_AND_NO_ACTIVE_GIMPS_ASSIGNMENT,2026-08-09T04:34:14+00:00,UNALLOCATED,,,,,
SLCMP1765-2842,2842,2842,583644361,2^583644361-1,STRUCTURAL_SCREEN_EXHAUSTED_PRIMALITY_UNASSIGNED,GF3A_DIRECTIONAL_WRITE_EXHAUSTED_PRIMALITY_UNASSIGNED,513,512,512,NO_RECORDED_FACTOR_PRP_OR_LL_RESULT_AND_NO_ACTIVE_GIMPS_ASSIGNMENT,2026-08-09T04:34:14+00:00,UNALLOCATED,,,,,
SLCMP1765-2843,2843,2843,583644367,2^583644367-1,STRUCTURAL_SCREEN_EXHAUSTED_PRIMALITY_UNASSIGNED,GF3A_DIRECTIONAL_WRITE_EXHAUSTED_PRIMALITY_UNASSIGNED,514,512,512,NO_RECORDED_FACTOR_PRP_OR_LL_RESULT_AND_NO_ACTIVE_GIMPS_ASSIGNMENT,2026-08-09T04:34:14+00:00,UNALLOCATED,,,,,
SLCMP1765-2844,2844,2844,583644419,2^583644419-1,STRUCTURAL_SCREEN_EXHAUSTED_PRIMALITY_UNASSIGNED,GF3A_DIRECTIONAL_WRITE_EXHAUSTED_PRIMALITY_UNASSIGNED,514,512,512,NO_RECORDED_FACTOR_PRP_OR_LL_RESULT_AND_NO_ACTIVE_GIMPS_ASSIGNMENT,2026-08-09T04:34:14+00:00,UNALLOCATED,,,,,
SLCMP1765-2845,2845,2845,583644443,2^583644443-1,STRUCTURAL_SCREEN_EXHAUSTED_PRIMALITY_UNASSIGNED,GF3A_DIRECTIONAL_WRITE_EXHAUSTED_PRIMALITY_UNASSIGNED,514,512,512,NO_RECORDED_FACTOR_PRP_OR_LL_RESULT_AND_NO_ACTIVE_GIMPS_ASSIGNMENT,2026-08-09T04:34:14+00:00,UNALLOCATED,,,,,
SLCMP1765-2846,2846,2846,583644469,2^583644469-1,STRUCTURAL_SCREEN_EXHAUSTED_PRIMALITY_UNASSIGNED,GF3A_DIRECTIONAL_WRITE_EXHAUSTED_PRIMALITY_UNASSIGNED,513,512,512,NO_RECORDED_FACTOR_PRP_OR_LL_RESULT_AND_NO_ACTIVE_GIMPS_ASSIGNMENT,2026-08-09T04:34:14+00:00,UNALLOCATED,,,,,
SLCMP1765-2847,2847,2847,583644487,2^583644487-1,STRUCTURAL_SCREEN_EXHAUSTED_PRIMALITY_UNASSIGNED,GF3A_DIRECTIONAL_WRITE_EXHAUSTED_PRIMALITY_UNASSIGNED,514,512,512,NO_RECORDED_FACTOR_PRP_OR_LL_RESULT_AND_NO_ACTIVE_GIMPS_ASSIGNMENT,2026-08-09T04:34:14+00:00,UNALLOCATED,,,,,
SLCMP1765-2848,2848,2848,583644491,2^583644491-1,STRUCTURAL_SCREEN_EXHAUSTED_PRIMALITY_UNASSIGNED,GF3A_DIRECTIONAL_WRITE_EXHAUSTED_PRIMALITY_UNASSIGNED,514,512,512,NO_RECORDED_FACTOR_PRP_OR_LL_RESULT_AND_NO_ACTIVE_GIMPS_ASSIGNMENT,2026-08-09T04:34:14+00:00,UNALLOCATED,,,,,
SLCMP1765-2849,2849,2849,583644539,2^583644539-1,STRUCTURAL_SCREEN_EXHAUSTED_PRIMALITY_UNASSIGNED,GF3A_DIRECTIONAL_WRITE_EXHAUSTED_PRIMALITY_UNASSIGNED,514,512,512,NO_RECORDED_FACTOR_PRP_OR_LL_RESULT_AND_NO_ACTIVE_GIMPS_ASSIGNMENT,2026-08-09T04:34:14+00:00,UNALLOCATED,,,,,
SLCMP1765-2850,2850,2850,583644569,2^583644569-1,STRUCTURAL_SCREEN_EXHAUSTED_PRIMALITY_UNASSIGNED,GF3A_DIRECTIONAL_WRITE_EXHAUSTED_PRIMALITY_UNASSIGNED,513,512,512,NO_RECORDED_FACTOR_PRP_OR_LL_RESULT_AND_NO_ACTIVE_GIMPS_ASSIGNMENT,2026-08-09T04:34:14+00:00,UNALLOCATED,,,,,
SLCMP1765-2851,2851,2851,583644601,2^583644601-1,STRUCTURAL_SCREEN_EXHAUSTED_PRIMALITY_UNASSIGNED,GF3A_DIRECTIONAL_WRITE_EXHAUSTED_PRIMALITY_UNASSIGNED,513,512,512,NO_RECORDED_FACTOR_PRP_OR_LL_RESULT_AND_NO_ACTIVE_GIMPS_ASSIGNMENT,2026-08-09T04:34:14+00:00,UNALLOCATED,,,,,
SLCMP1765-2852,2852,2852,583644683,2^583644683-1,STRUCTURAL_SCREEN_EXHAUSTED_PRIMALITY_UNASSIGNED,GF3A_DIRECTIONAL_WRITE_EXHAUSTED_PRIMALITY_UNASSIGNED,514,512,512,NO_RECORDED_FACTOR_PRP_OR_LL_RESULT_AND_NO_ACTIVE_GIMPS_ASSIGNMENT,2026-08-09T04:34:14+00:00,UNALLOCATED,,,,,
SLCMP1765-2853,2853,2853,583644703,2^583644703-1,STRUCTURAL_SCREEN_EXHAUSTED_PRIMALITY_UNASSIGNED,GF3A_DIRECTIONAL_WRITE_EXHAUSTED_PRIMALITY_UNASSIGNED,514,512,512,NO_RECORDED_FACTOR_PRP_OR_LL_RESULT_AND_NO_ACTIVE_GIMPS_ASSIGNMENT,2026-08-09T04:34:14+00:00,UNALLOCATED,,,,,
SLCMP1765-2854,2854,2854,583644707,2^583644707-1,STRUCTURAL_SCREEN_EXHAUSTED_PRIMALITY_UNASSIGNED,GF3A_DIRECTIONAL_WRITE_EXHAUSTED_PRIMALITY_UNASSIGNED,514,512,512,NO_RECORDED_FACTOR_PRP_OR_LL_RESULT_AND_NO_ACTIVE_GIMPS_ASSIGNMENT,2026-08-09T04:34:14+00:00,UNALLOCATED,,,,,
SLCMP1765-2855,2855,2855,583644713,2^583644713-1,STRUCTURAL_SCREEN_EXHAUSTED_PRIMALITY_UNASSIGNED,GF3A_DIRECTIONAL_WRITE_EXHAUSTED_PRIMALITY_UNASSIGNED,513,512,512,NO_RECORDED_FACTOR_PRP_OR_LL_RESULT_AND_NO_ACTIVE_GIMPS_ASSIGNMENT,2026-08-09T04:34:14+00:00,UNALLOCATED,,,,,
SLCMP1765-2856,2856,2856,583644989,2^583644989-1,STRUCTURAL_SCREEN_EXHAUSTED_PRIMALITY_UNASSIGNED,GF3A_DIRECTIONAL_WRITE_EXHAUSTED_PRIMALITY_UNASSIGNED,513,512,512,NO_RECORDED_FACTOR_PRP_OR_LL_RESULT_AND_NO_ACTIVE_GIMPS_ASSIGNMENT,2026-08-09T04:34:14+00:00,UNALLOCATED,,,,,
SLCMP1765-2857,2857,2857,583645009,2^583645009-1,STRUCTURAL_SCREEN_EXHAUSTED_PRIMALITY_UNASSIGNED,GF3A_DIRECTIONAL_WRITE_EXHAUSTED_PRIMALITY_UNASSIGNED,513,512,512,NO_RECORDED_FACTOR_PRP_OR_LL_RESULT_AND_NO_ACTIVE_GIMPS_ASSIGNMENT,2026-08-09T04:34:14+00:00,UNALLOCATED,,,,,
SLCMP1765-2858,2858,2858,583645081,2^583645081-1,STRUCTURAL_SCREEN_EXHAUSTED_PRIMALITY_UNASSIGNED,GF3A_DIRECTIONAL_WRITE_EXHAUSTED_PRIMALITY_UNASSIGNED,513,512,512,NO_RECORDED_FACTOR_PRP_OR_LL_RESULT_AND_NO_ACTIVE_GIMPS_ASSIGNMENT,2026-08-09T04:34:14+00:00,UNALLOCATED,,,,,
SLCMP1765-2859,2859,2859,583645099,2^583645099-1,STRUCTURAL_SCREEN_EXHAUSTED_PRIMALITY_UNASSIGNED,GF3A_DIRECTIONAL_WRITE_EXHAUSTED_PRIMALITY_UNASSIGNED,514,512,512,NO_RECORDED_FACTOR_PRP_OR_LL_RESULT_AND_NO_ACTIVE_GIMPS_ASSIGNMENT,2026-08-09T04:34:14+00:00,UNALLOCATED,,,,,
SLCMP1765-2860,2860,2860,583645109,2^583645109-1,STRUCTURAL_SCREEN_EXHAUSTED_PRIMALITY_UNASSIGNED,GF3A_DIRECTIONAL_WRITE_EXHAUSTED_PRIMALITY_UNASSIGNED,513,512,512,NO_RECORDED_FACTOR_PRP_OR_LL_RESULT_AND_NO_ACTIVE_GIMPS_ASSIGNMENT,2026-08-09T04:34:14+00:00,UNALLOCATED,,,,,
SLCMP1765-2861,2861,2861,583645157,2^583645157-1,STRUCTURAL_SCREEN_EXHAUSTED_PRIMALITY_UNASSIGNED,GF3A_DIRECTIONAL_WRITE_EXHAUSTED_PRIMALITY_UNASSIGNED,513,512,512,NO_RECORDED_FACTOR_PRP_OR_LL_RESULT_AND_NO_ACTIVE_GIMPS_ASSIGNMENT,2026-08-09T04:34:14+00:00,UNALLOCATED,,,,,
SLCMP1765-2862,2862,2862,583645267,2^583645267-1,STRUCTURAL_SCREEN_EXHAUSTED_PRIMALITY_UNASSIGNED,GF3A_DIRECTIONAL_WRITE_EXHAUSTED_PRIMALITY_UNASSIGNED,514,512,512,NO_RECORDED_FACTOR_PRP_OR_LL_RESULT_AND_NO_ACTIVE_GIMPS_ASSIGNMENT,2026-08-09T04:34:14+00:00,UNALLOCATED,,,,,
SLCMP1765-2863,2863,2863,583645331,2^583645331-1,STRUCTURAL_SCREEN_EXHAUSTED_PRIMALITY_UNASSIGNED,GF3A_DIRECTIONAL_WRITE_EXHAUSTED_PRIMALITY_UNASSIGNED,514,512,512,NO_RECORDED_FACTOR_PRP_OR_LL_RESULT_AND_NO_ACTIVE_GIMPS_ASSIGNMENT,2026-08-09T04:34:14+00:00,UNALLOCATED,,,,,
SLCMP1765-2864,2864,2864,583645369,2^583645369-1,STRUCTURAL_SCREEN_EXHAUSTED_PRIMALITY_UNASSIGNED,GF3A_DIRECTIONAL_WRITE_EXHAUSTED_PRIMALITY_UNASSIGNED,513,512,512,NO_RECORDED_FACTOR_PRP_OR_LL_RESULT_AND_NO_ACTIVE_GIMPS_ASSIGNMENT,2026-08-09T04:34:14+00:00,UNALLOCATED,,,,,
SLCMP1765-2865,2865,2865,583645397,2^583645397-1,STRUCTURAL_SCREEN_EXHAUSTED_PRIMALITY_UNASSIGNED,GF3A_DIRECTIONAL_WRITE_EXHAUSTED_PRIMALITY_UNASSIGNED,513,512,512,NO_RECORDED_FACTOR_PRP_OR_LL_RESULT_AND_NO_ACTIVE_GIMPS_ASSIGNMENT,2026-08-09T04:34:14+00:00,UNALLOCATED,,,,,
SLCMP1765-2866,2866,2866,583645453,2^583645453-1,STRUCTURAL_SCREEN_EXHAUSTED_PRIMALITY_UNASSIGNED,GF3A_DIRECTIONAL_WRITE_EXHAUSTED_PRIMALITY_UNASSIGNED,513,512,512,NO_RECORDED_FACTOR_PRP_OR_LL_RESULT_AND_NO_ACTIVE_GIMPS_ASSIGNMENT,2026-08-09T04:34:14+00:00,UNALLOCATED,,,,,
SLCMP1765-2867,2867,2867,583645481,2^583645481-1,STRUCTURAL_SCREEN_EXHAUSTED_PRIMALITY_UNASSIGNED,GF3A_DIRECTIONAL_WRITE_EXHAUSTED_PRIMALITY_UNASSIGNED,513,512,512,NO_RECORDED_FACTOR_PRP_OR_LL_RESULT_AND_NO_ACTIVE_GIMPS_ASSIGNMENT,2026-08-09T04:34:14+00:00,UNALLOCATED,,,,,
SLCMP1765-2868,2868,2868,583645529,2^583645529-1,STRUCTURAL_SCREEN_EXHAUSTED_PRIMALITY_UNASSIGNED,GF3A_DIRECTIONAL_WRITE_EXHAUSTED_PRIMALITY_UNASSIGNED,513,512,512,NO_RECORDED_FACTOR_PRP_OR_LL_RESULT_AND_NO_ACTIVE_GIMPS_ASSIGNMENT,2026-08-09T04:34:14+00:00,UNALLOCATED,,,,,
SLCMP1765-2869,2869,2869,583645567,2^583645567-1,STRUCTURAL_SCREEN_EXHAUSTED_PRIMALITY_UNASSIGNED,GF3A_DIRECTIONAL_WRITE_EXHAUSTED_PRIMALITY_UNASSIGNED,514,512,512,NO_RECORDED_FACTOR_PRP_OR_LL_RESULT_AND_NO_ACTIVE_GIMPS_ASSIGNMENT,2026-08-09T04:34:14+00:00,UNALLOCATED,,,,,
SLCMP1765-2870,2870,2870,583645651,2^583645651-1,STRUCTURAL_SCREEN_EXHAUSTED_PRIMALITY_UNASSIGNED,GF3A_DIRECTIONAL_WRITE_EXHAUSTED_PRIMALITY_UNASSIGNED,514,512,512,NO_RECORDED_FACTOR_PRP_OR_LL_RESULT_AND_NO_ACTIVE_GIMPS_ASSIGNMENT,2026-08-09T04:34:14+00:00,UNALLOCATED,,,,,
SLCMP1765-2871,2871,2871,583645669,2^583645669-1,STRUCTURAL_SCREEN_EXHAUSTED_PRIMALITY_UNASSIGNED,GF3A_DIRECTIONAL_WRITE_EXHAUSTED_PRIMALITY_UNASSIGNED,513,512,512,NO_RECORDED_FACTOR_PRP_OR_LL_RESULT_AND_NO_ACTIVE_GIMPS_ASSIGNMENT,2026-08-09T04:34:14+00:00,UNALLOCATED,,,,,
SLCMP1765-2872,2872,2872,583645679,2^583645679-1,STRUCTURAL_SCREEN_EXHAUSTED_PRIMALITY_UNASSIGNED,GF3A_DIRECTIONAL_WRITE_EXHAUSTED_PRIMALITY_UNASSIGNED,514,512,512,NO_RECORDED_FACTOR_PRP_OR_LL_RESULT_AND_NO_ACTIVE_GIMPS_ASSIGNMENT,2026-08-09T04:34:14+00:00,UNALLOCATED,,,,,
SLCMP1765-2873,2873,2873,583645697,2^583645697-1,STRUCTURAL_SCREEN_EXHAUSTED_PRIMALITY_UNASSIGNED,GF3A_DIRECTIONAL_WRITE_EXHAUSTED_PRIMALITY_UNASSIGNED,513,512,512,NO_RECORDED_FACTOR_PRP_OR_LL_RESULT_AND_NO_ACTIVE_GIMPS_ASSIGNMENT,2026-08-09T04:34:14+00:00,UNALLOCATED,,,,,
SLCMP1765-2874,2874,2874,583645709,2^583645709-1,STRUCTURAL_SCREEN_EXHAUSTED_PRIMALITY_UNASSIGNED,GF3A_DIRECTIONAL_WRITE_EXHAUSTED_PRIMALITY_UNASSIGNED,513,512,512,NO_RECORDED_FACTOR_PRP_OR_LL_RESULT_AND_NO_ACTIVE_GIMPS_ASSIGNMENT,2026-08-09T04:34:14+00:00,UNALLOCATED,,,,,
SLCMP1765-2875,2875,2875,583645729,2^583645729-1,STRUCTURAL_SCREEN_EXHAUSTED_PRIMALITY_UNASSIGNED,GF3A_DIRECTIONAL_WRITE_EXHAUSTED_PRIMALITY_UNASSIGNED,513,512,512,NO_RECORDED_FACTOR_PRP_OR_LL_RESULT_AND_NO_ACTIVE_GIMPS_ASSIGNMENT,2026-08-09T04:34:14+00:00,UNALLOCATED,,,,,
SLCMP1765-2876,2876,2876,583645757,2^583645757-1,STRUCTURAL_SCREEN_EXHAUSTED_PRIMALITY_UNASSIGNED,GF3A_DIRECTIONAL_WRITE_EXHAUSTED_PRIMALITY_UNASSIGNED,513,512,512,NO_RECORDED_FACTOR_PRP_OR_LL_RESULT_AND_NO_ACTIVE_GIMPS_ASSIGNMENT,2026-08-09T04:34:14+00:00,UNALLOCATED,,,,,
SLCMP1765-2877,2877,2877,583645801,2^583645801-1,STRUCTURAL_SCREEN_EXHAUSTED_PRIMALITY_UNASSIGNED,GF3A_DIRECTIONAL_WRITE_EXHAUSTED_PRIMALITY_UNASSIGNED,513,512,512,NO_RECORDED_FACTOR_PRP_OR_LL_RESULT_AND_NO_ACTIVE_GIMPS_ASSIGNMENT,2026-08-09T04:34:14+00:00,UNALLOCATED,,,,,
SLCMP1765-2878,2878,2878,583645817,2^583645817-1,STRUCTURAL_SCREEN_EXHAUSTED_PRIMALITY_UNASSIGNED,GF3A_DIRECTIONAL_WRITE_EXHAUSTED_PRIMALITY_UNASSIGNED,513,512,512,NO_RECORDED_FACTOR_PRP_OR_LL_RESULT_AND_NO_ACTIVE_GIMPS_ASSIGNMENT,2026-08-09T04:34:14+00:00,UNALLOCATED,,,,,
SLCMP1765-2879,2879,2879,583645943,2^583645943-1,STRUCTURAL_SCREEN_EXHAUSTED_PRIMALITY_UNASSIGNED,GF3A_DIRECTIONAL_WRITE_EXHAUSTED_PRIMALITY_UNASSIGNED,514,512,512,NO_RECORDED_FACTOR_PRP_OR_LL_RESULT_AND_NO_ACTIVE_GIMPS_ASSIGNMENT,2026-08-09T04:34:14+00:00,UNALLOCATED,,,,,
SLCMP1765-2880,2880,2880,583646027,2^583646027-1,STRUCTURAL_SCREEN_EXHAUSTED_PRIMALITY_UNASSIGNED,GF3A_DIRECTIONAL_WRITE_EXHAUSTED_PRIMALITY_UNASSIGNED,514,512,512,NO_RECORDED_FACTOR_PRP_OR_LL_RESULT_AND_NO_ACTIVE_GIMPS_ASSIGNMENT,2026-08-09T04:34:14+00:00,UNALLOCATED,,,,,
SLCMP1765-2881,2881,2881,583646191,2^583646191-1,STRUCTURAL_SCREEN_EXHAUSTED_PRIMALITY_UNASSIGNED,GF3A_DIRECTIONAL_WRITE_EXHAUSTED_PRIMALITY_UNASSIGNED,514,512,512,NO_RECORDED_FACTOR_PRP_OR_LL_RESULT_AND_NO_ACTIVE_GIMPS_ASSIGNMENT,2026-08-09T04:34:14+00:00,UNALLOCATED,,,,,
SLCMP1765-2882,2882,2882,583646209,2^583646209-1,STRUCTURAL_SCREEN_EXHAUSTED_PRIMALITY_UNASSIGNED,GF3A_DIRECTIONAL_WRITE_EXHAUSTED_PRIMALITY_UNASSIGNED,513,512,512,NO_RECORDED_FACTOR_PRP_OR_LL_RESULT_AND_NO_ACTIVE_GIMPS_ASSIGNMENT,2026-08-09T04:34:14+00:00,UNALLOCATED,,,,,
SLCMP1765-2883,2883,2883,583646221,2^583646221-1,STRUCTURAL_SCREEN_EXHAUSTED_PRIMALITY_UNASSIGNED,GF3A_DIRECTIONAL_WRITE_EXHAUSTED_PRIMALITY_UNASSIGNED,513,512,512,NO_RECORDED_FACTOR_PRP_OR_LL_RESULT_AND_NO_ACTIVE_GIMPS_ASSIGNMENT,2026-08-09T04:34:14+00:00,UNALLOCATED,,,,,
SLCMP1765-2884,2884,2884,583646263,2^583646263-1,STRUCTURAL_SCREEN_EXHAUSTED_PRIMALITY_UNASSIGNED,GF3A_DIRECTIONAL_WRITE_EXHAUSTED_PRIMALITY_UNASSIGNED,514,512,512,NO_RECORDED_FACTOR_PRP_OR_LL_RESULT_AND_NO_ACTIVE_GIMPS_ASSIGNMENT,2026-08-09T04:34:14+00:00,UNALLOCATED,,,,,
SLCMP1765-2885,2885,2885,583646281,2^583646281-1,STRUCTURAL_SCREEN_EXHAUSTED_PRIMALITY_UNASSIGNED,GF3A_DIRECTIONAL_WRITE_EXHAUSTED_PRIMALITY_UNASSIGNED,513,512,512,NO_RECORDED_FACTOR_PRP_OR_LL_RESULT_AND_NO_ACTIVE_GIMPS_ASSIGNMENT,2026-08-09T04:34:14+00:00,UNALLOCATED,,,,,
SLCMP1765-2886,2886,2886,583646383,2^583646383-1,STRUCTURAL_SCREEN_EXHAUSTED_PRIMALITY_UNASSIGNED,GF3A_DIRECTIONAL_WRITE_EXHAUSTED_PRIMALITY_UNASSIGNED,514,512,512,NO_RECORDED_FACTOR_PRP_OR_LL_RESULT_AND_NO_ACTIVE_GIMPS_ASSIGNMENT,2026-08-09T04:34:14+00:00,UNALLOCATED,,,,,
SLCMP1765-2887,2887,2887,583646417,2^583646417-1,STRUCTURAL_SCREEN_EXHAUSTED_PRIMALITY_UNASSIGNED,GF3A_DIRECTIONAL_WRITE_EXHAUSTED_PRIMALITY_UNASSIGNED,513,512,512,NO_RECORDED_FACTOR_PRP_OR_LL_RESULT_AND_NO_ACTIVE_GIMPS_ASSIGNMENT,2026-08-09T04:34:14+00:00,UNALLOCATED,,,,,
SLCMP1765-2888,2888,2888,583646419,2^583646419-1,STRUCTURAL_SCREEN_EXHAUSTED_PRIMALITY_UNASSIGNED,GF3A_DIRECTIONAL_WRITE_EXHAUSTED_PRIMALITY_UNASSIGNED,514,512,512,NO_RECORDED_FACTOR_PRP_OR_LL_RESULT_AND_NO_ACTIVE_GIMPS_ASSIGNMENT,2026-08-09T04:34:14+00:00,UNALLOCATED,,,,,
SLCMP1765-2889,2889,2889,583646471,2^583646471-1,STRUCTURAL_SCREEN_EXHAUSTED_PRIMALITY_UNASSIGNED,GF3A_DIRECTIONAL_WRITE_EXHAUSTED_PRIMALITY_UNASSIGNED,514,512,512,NO_RECORDED_FACTOR_PRP_OR_LL_RESULT_AND_NO_ACTIVE_GIMPS_ASSIGNMENT,2026-08-09T04:34:14+00:00,UNALLOCATED,,,,,
SLCMP1765-2890,2890,2890,583646633,2^583646633-1,STRUCTURAL_SCREEN_EXHAUSTED_PRIMALITY_UNASSIGNED,GF3A_DIRECTIONAL_WRITE_EXHAUSTED_PRIMALITY_UNASSIGNED,513,512,512,NO_RECORDED_FACTOR_PRP_OR_LL_RESULT_AND_NO_ACTIVE_GIMPS_ASSIGNMENT,2026-08-09T04:34:14+00:00,UNALLOCATED,,,,,
SLCMP1765-2891,2891,2891,583646659,2^583646659-1,STRUCTURAL_SCREEN_EXHAUSTED_PRIMALITY_UNASSIGNED,GF3A_DIRECTIONAL_WRITE_EXHAUSTED_PRIMALITY_UNASSIGNED,514,512,512,NO_RECORDED_FACTOR_PRP_OR_LL_RESULT_AND_NO_ACTIVE_GIMPS_ASSIGNMENT,2026-08-09T04:34:14+00:00,UNALLOCATED,,,,,
SLCMP1765-2892,2892,2892,583646677,2^583646677-1,STRUCTURAL_SCREEN_EXHAUSTED_PRIMALITY_UNASSIGNED,GF3A_DIRECTIONAL_WRITE_EXHAUSTED_PRIMALITY_UNASSIGNED,513,512,512,NO_RECORDED_FACTOR_PRP_OR_LL_RESULT_AND_NO_ACTIVE_GIMPS_ASSIGNMENT,2026-08-09T04:34:14+00:00,UNALLOCATED,,,,,
SLCMP1765-2893,2893,2893,583646717,2^583646717-1,STRUCTURAL_SCREEN_EXHAUSTED_PRIMALITY_UNASSIGNED,GF3A_DIRECTIONAL_WRITE_EXHAUSTED_PRIMALITY_UNASSIGNED,513,512,512,NO_RECORDED_FACTOR_PRP_OR_LL_RESULT_AND_NO_ACTIVE_GIMPS_ASSIGNMENT,2026-08-09T04:34:14+00:00,UNALLOCATED,,,,,
SLCMP1765-2894,2894,2894,583646747,2^583646747-1,STRUCTURAL_SCREEN_EXHAUSTED_PRIMALITY_UNASSIGNED,GF3A_DIRECTIONAL_WRITE_EXHAUSTED_PRIMALITY_UNASSIGNED,514,512,512,NO_RECORDED_FACTOR_PRP_OR_LL_RESULT_AND_NO_ACTIVE_GIMPS_ASSIGNMENT,2026-08-09T04:34:14+00:00,UNALLOCATED,,,,,
SLCMP1765-2895,2895,2895,583646761,2^583646761-1,STRUCTURAL_SCREEN_EXHAUSTED_PRIMALITY_UNASSIGNED,GF3A_DIRECTIONAL_WRITE_EXHAUSTED_PRIMALITY_UNASSIGNED,513,512,512,NO_RECORDED_FACTOR_PRP_OR_LL_RESULT_AND_NO_ACTIVE_GIMPS_ASSIGNMENT,2026-08-09T04:34:14+00:00,UNALLOCATED,,,,,
SLCMP1765-2896,2896,2896,583646773,2^583646773-1,STRUCTURAL_SCREEN_EXHAUSTED_PRIMALITY_UNASSIGNED,GF3A_DIRECTIONAL_WRITE_EXHAUSTED_PRIMALITY_UNASSIGNED,513,512,512,NO_RECORDED_FACTOR_PRP_OR_LL_RESULT_AND_NO_ACTIVE_GIMPS_ASSIGNMENT,2026-08-09T04:34:14+00:00,UNALLOCATED,,,,,
SLCMP1765-2897,2897,2897,583646911,2^583646911-1,STRUCTURAL_SCREEN_EXHAUSTED_PRIMALITY_UNASSIGNED,GF3A_DIRECTIONAL_WRITE_EXHAUSTED_PRIMALITY_UNASSIGNED,514,512,512,NO_RECORDED_FACTOR_PRP_OR_LL_RESULT_AND_NO_ACTIVE_GIMPS_ASSIGNMENT,2026-08-09T04:34:14+00:00,UNALLOCATED,,,,,
SLCMP1765-2898,2898,2898,583647007,2^583647007-1,STRUCTURAL_SCREEN_EXHAUSTED_PRIMALITY_UNASSIGNED,GF3A_DIRECTIONAL_WRITE_EXHAUSTED_PRIMALITY_UNASSIGNED,514,512,512,NO_RECORDED_FACTOR_PRP_OR_LL_RESULT_AND_NO_ACTIVE_GIMPS_ASSIGNMENT,2026-08-09T04:34:14+00:00,UNALLOCATED,,,,,
SLCMP1765-2899,2899,2899,583647019,2^583647019-1,STRUCTURAL_SCREEN_EXHAUSTED_PRIMALITY_UNASSIGNED,GF3A_DIRECTIONAL_WRITE_EXHAUSTED_PRIMALITY_UNASSIGNED,514,512,512,NO_RECORDED_FACTOR_PRP_OR_LL_RESULT_AND_NO_ACTIVE_GIMPS_ASSIGNMENT,2026-08-09T04:34:14+00:00,UNALLOCATED,,,,,
SLCMP1765-2900,2900,2900,583647049,2^583647049-1,STRUCTURAL_SCREEN_EXHAUSTED_PRIMALITY_UNASSIGNED,GF3A_DIRECTIONAL_WRITE_EXHAUSTED_PRIMALITY_UNASSIGNED,513,512,512,NO_RECORDED_FACTOR_PRP_OR_LL_RESULT_AND_NO_ACTIVE_GIMPS_ASSIGNMENT,2026-08-09T04:34:14+00:00,UNALLOCATED,,,,,
SLCMP1765-2901,2901,2901,583647061,2^583647061-1,STRUCTURAL_SCREEN_EXHAUSTED_PRIMALITY_UNASSIGNED,GF3A_DIRECTIONAL_WRITE_EXHAUSTED_PRIMALITY_UNASSIGNED,513,512,512,NO_RECORDED_FACTOR_PRP_OR_LL_RESULT_AND_NO_ACTIVE_GIMPS_ASSIGNMENT,2026-08-09T04:34:14+00:00,UNALLOCATED,,,,,
SLCMP1765-2902,2902,2902,583647089,2^583647089-1,STRUCTURAL_SCREEN_EXHAUSTED_PRIMALITY_UNASSIGNED,GF3A_DIRECTIONAL_WRITE_EXHAUSTED_PRIMALITY_UNASSIGNED,513,512,512,NO_RECORDED_FACTOR_PRP_OR_LL_RESULT_AND_NO_ACTIVE_GIMPS_ASSIGNMENT,2026-08-09T04:34:14+00:00,UNALLOCATED,,,,,
SLCMP1765-2903,2903,2903,583647107,2^583647107-1,STRUCTURAL_SCREEN_EXHAUSTED_PRIMALITY_UNASSIGNED,GF3A_DIRECTIONAL_WRITE_EXHAUSTED_PRIMALITY_UNASSIGNED,514,512,512,NO_RECORDED_FACTOR_PRP_OR_LL_RESULT_AND_NO_ACTIVE_GIMPS_ASSIGNMENT,2026-08-09T04:34:14+00:00,UNALLOCATED,,,,,
SLCMP1765-2904,2904,2904,583647133,2^583647133-1,STRUCTURAL_SCREEN_EXHAUSTED_PRIMALITY_UNASSIGNED,GF3A_DIRECTIONAL_WRITE_EXHAUSTED_PRIMALITY_UNASSIGNED,513,512,512,NO_RECORDED_FACTOR_PRP_OR_LL_RESULT_AND_NO_ACTIVE_GIMPS_ASSIGNMENT,2026-08-09T04:34:14+00:00,UNALLOCATED,,,,,
SLCMP1765-2905,2905,2905,583647227,2^583647227-1,STRUCTURAL_SCREEN_EXHAUSTED_PRIMALITY_UNASSIGNED,GF3A_DIRECTIONAL_WRITE_EXHAUSTED_PRIMALITY_UNASSIGNED,514,512,512,NO_RECORDED_FACTOR_PRP_OR_LL_RESULT_AND_NO_ACTIVE_GIMPS_ASSIGNMENT,2026-08-09T04:34:14+00:00,UNALLOCATED,,,,,
SLCMP1765-2906,2906,2906,583647277,2^583647277-1,STRUCTURAL_SCREEN_EXHAUSTED_PRIMALITY_UNASSIGNED,GF3A_DIRECTIONAL_WRITE_EXHAUSTED_PRIMALITY_UNASSIGNED,513,512,512,NO_RECORDED_FACTOR_PRP_OR_LL_RESULT_AND_NO_ACTIVE_GIMPS_ASSIGNMENT,2026-08-09T04:34:14+00:00,UNALLOCATED,,,,,
SLCMP1765-2907,2907,2907,583647353,2^583647353-1,STRUCTURAL_SCREEN_EXHAUSTED_PRIMALITY_UNASSIGNED,GF3A_DIRECTIONAL_WRITE_EXHAUSTED_PRIMALITY_UNASSIGNED,513,512,512,NO_RECORDED_FACTOR_PRP_OR_LL_RESULT_AND_NO_ACTIVE_GIMPS_ASSIGNMENT,2026-08-09T04:34:14+00:00,UNALLOCATED,,,,,
SLCMP1765-2908,2908,2908,583647409,2^583647409-1,STRUCTURAL_SCREEN_EXHAUSTED_PRIMALITY_UNASSIGNED,GF3A_DIRECTIONAL_WRITE_EXHAUSTED_PRIMALITY_UNASSIGNED,513,512,512,NO_RECORDED_FACTOR_PRP_OR_LL_RESULT_AND_NO_ACTIVE_GIMPS_ASSIGNMENT,2026-08-09T04:34:14+00:00,UNALLOCATED,,,,,
SLCMP1765-2909,2909,2909,583647433,2^583647433-1,STRUCTURAL_SCREEN_EXHAUSTED_PRIMALITY_UNASSIGNED,GF3A_DIRECTIONAL_WRITE_EXHAUSTED_PRIMALITY_UNASSIGNED,513,512,512,NO_RECORDED_FACTOR_PRP_OR_LL_RESULT_AND_NO_ACTIVE_GIMPS_ASSIGNMENT,2026-08-09T04:34:14+00:00,UNALLOCATED,,,,,
SLCMP1765-2910,2910,2910,583647439,2^583647439-1,STRUCTURAL_SCREEN_EXHAUSTED_PRIMALITY_UNASSIGNED,GF3A_DIRECTIONAL_WRITE_EXHAUSTED_PRIMALITY_UNASSIGNED,514,512,512,NO_RECORDED_FACTOR_PRP_OR_LL_RESULT_AND_NO_ACTIVE_GIMPS_ASSIGNMENT,2026-08-09T04:34:14+00:00,UNALLOCATED,,,,,
SLCMP1765-2911,2911,2911,583647461,2^583647461-1,STRUCTURAL_SCREEN_EXHAUSTED_PRIMALITY_UNASSIGNED,GF3A_DIRECTIONAL_WRITE_EXHAUSTED_PRIMALITY_UNASSIGNED,513,512,512,NO_RECORDED_FACTOR_PRP_OR_LL_RESULT_AND_NO_ACTIVE_GIMPS_ASSIGNMENT,2026-08-09T04:34:14+00:00,UNALLOCATED,,,,,
SLCMP1765-2912,2912,2912,583647473,2^583647473-1,STRUCTURAL_SCREEN_EXHAUSTED_PRIMALITY_UNASSIGNED,GF3A_DIRECTIONAL_WRITE_EXHAUSTED_PRIMALITY_UNASSIGNED,513,512,512,NO_RECORDED_FACTOR_PRP_OR_LL_RESULT_AND_NO_ACTIVE_GIMPS_ASSIGNMENT,2026-08-09T04:34:14+00:00,UNALLOCATED,,,,,
SLCMP1765-2913,2913,2913,583647479,2^583647479-1,STRUCTURAL_SCREEN_EXHAUSTED_PRIMALITY_UNASSIGNED,GF3A_DIRECTIONAL_WRITE_EXHAUSTED_PRIMALITY_UNASSIGNED,514,512,512,NO_RECORDED_FACTOR_PRP_OR_LL_RESULT_AND_NO_ACTIVE_GIMPS_ASSIGNMENT,2026-08-09T04:34:14+00:00,UNALLOCATED,,,,,
SLCMP1765-2914,2914,2914,583647511,2^583647511-1,STRUCTURAL_SCREEN_EXHAUSTED_PRIMALITY_UNASSIGNED,GF3A_DIRECTIONAL_WRITE_EXHAUSTED_PRIMALITY_UNASSIGNED,514,512,512,NO_RECORDED_FACTOR_PRP_OR_LL_RESULT_AND_NO_ACTIVE_GIMPS_ASSIGNMENT,2026-08-09T04:34:14+00:00,UNALLOCATED,,,,,
SLCMP1765-2915,2915,2915,583647593,2^583647593-1,STRUCTURAL_SCREEN_EXHAUSTED_PRIMALITY_UNASSIGNED,GF3A_DIRECTIONAL_WRITE_EXHAUSTED_PRIMALITY_UNASSIGNED,513,512,512,NO_RECORDED_FACTOR_PRP_OR_LL_RESULT_AND_NO_ACTIVE_GIMPS_ASSIGNMENT,2026-08-09T04:34:14+00:00,UNALLOCATED,,,,,
SLCMP1765-2916,2916,2916,583647641,2^583647641-1,STRUCTURAL_SCREEN_EXHAUSTED_PRIMALITY_UNASSIGNED,GF3A_DIRECTIONAL_WRITE_EXHAUSTED_PRIMALITY_UNASSIGNED,513,512,512,NO_RECORDED_FACTOR_PRP_OR_LL_RESULT_AND_NO_ACTIVE_GIMPS_ASSIGNMENT,2026-08-09T04:34:14+00:00,UNALLOCATED,,,,,
SLCMP1765-2917,2917,2917,583647829,2^583647829-1,STRUCTURAL_SCREEN_EXHAUSTED_PRIMALITY_UNASSIGNED,GF3A_DIRECTIONAL_WRITE_EXHAUSTED_PRIMALITY_UNASSIGNED,513,512,512,NO_RECORDED_FACTOR_PRP_OR_LL_RESULT_AND_NO_ACTIVE_GIMPS_ASSIGNMENT,2026-08-09T04:34:14+00:00,UNALLOCATED,,,,,
SLCMP1765-2918,2918,2918,583647913,2^583647913-1,STRUCTURAL_SCREEN_EXHAUSTED_PRIMALITY_UNASSIGNED,GF3A_DIRECTIONAL_WRITE_EXHAUSTED_PRIMALITY_UNASSIGNED,513,512,512,NO_RECORDED_FACTOR_PRP_OR_LL_RESULT_AND_NO_ACTIVE_GIMPS_ASSIGNMENT,2026-08-09T04:34:14+00:00,UNALLOCATED,,,,,
SLCMP1765-2919,2919,2919,583647919,2^583647919-1,STRUCTURAL_SCREEN_EXHAUSTED_PRIMALITY_UNASSIGNED,GF3A_DIRECTIONAL_WRITE_EXHAUSTED_PRIMALITY_UNASSIGNED,514,512,512,NO_RECORDED_FACTOR_PRP_OR_LL_RESULT_AND_NO_ACTIVE_GIMPS_ASSIGNMENT,2026-08-09T04:34:14+00:00,UNALLOCATED,,,,,
SLCMP1765-2920,2920,2920,583648111,2^583648111-1,STRUCTURAL_SCREEN_EXHAUSTED_PRIMALITY_UNASSIGNED,GF3A_DIRECTIONAL_WRITE_EXHAUSTED_PRIMALITY_UNASSIGNED,514,512,512,NO_RECORDED_FACTOR_PRP_OR_LL_RESULT_AND_NO_ACTIVE_GIMPS_ASSIGNMENT,2026-08-09T04:34:14+00:00,UNALLOCATED,,,,,
SLCMP1765-2921,2921,2921,583648259,2^583648259-1,STRUCTURAL_SCREEN_EXHAUSTED_PRIMALITY_UNASSIGNED,GF3A_DIRECTIONAL_WRITE_EXHAUSTED_PRIMALITY_UNASSIGNED,514,512,512,NO_RECORDED_FACTOR_PRP_OR_LL_RESULT_AND_NO_ACTIVE_GIMPS_ASSIGNMENT,2026-08-09T04:34:14+00:00,UNALLOCATED,,,,,
SLCMP1765-2922,2922,2922,583648271,2^583648271-1,STRUCTURAL_SCREEN_EXHAUSTED_PRIMALITY_UNASSIGNED,GF3A_DIRECTIONAL_WRITE_EXHAUSTED_PRIMALITY_UNASSIGNED,514,512,512,NO_RECORDED_FACTOR_PRP_OR_LL_RESULT_AND_NO_ACTIVE_GIMPS_ASSIGNMENT,2026-08-09T04:34:14+00:00,UNALLOCATED,,,,,
SLCMP1765-2923,2923,2923,583648279,2^583648279-1,STRUCTURAL_SCREEN_EXHAUSTED_PRIMALITY_UNASSIGNED,GF3A_DIRECTIONAL_WRITE_EXHAUSTED_PRIMALITY_UNASSIGNED,514,512,512,NO_RECORDED_FACTOR_PRP_OR_LL_RESULT_AND_NO_ACTIVE_GIMPS_ASSIGNMENT,2026-08-09T04:34:14+00:00,UNALLOCATED,,,,,
SLCMP1765-2924,2924,2924,583648297,2^583648297-1,STRUCTURAL_SCREEN_EXHAUSTED_PRIMALITY_UNASSIGNED,GF3A_DIRECTIONAL_WRITE_EXHAUSTED_PRIMALITY_UNASSIGNED,513,512,512,NO_RECORDED_FACTOR_PRP_OR_LL_RESULT_AND_NO_ACTIVE_GIMPS_ASSIGNMENT,2026-08-09T04:34:14+00:00,UNALLOCATED,,,,,
SLCMP1765-2925,2925,2925,583648339,2^583648339-1,STRUCTURAL_SCREEN_EXHAUSTED_PRIMALITY_UNASSIGNED,GF3A_DIRECTIONAL_WRITE_EXHAUSTED_PRIMALITY_UNASSIGNED,514,512,512,NO_RECORDED_FACTOR_PRP_OR_LL_RESULT_AND_NO_ACTIVE_GIMPS_ASSIGNMENT,2026-08-09T04:34:14+00:00,UNALLOCATED,,,,,
SLCMP1765-2926,2926,2926,583648363,2^583648363-1,STRUCTURAL_SCREEN_EXHAUSTED_PRIMALITY_UNASSIGNED,GF3A_DIRECTIONAL_WRITE_EXHAUSTED_PRIMALITY_UNASSIGNED,514,512,512,NO_RECORDED_FACTOR_PRP_OR_LL_RESULT_AND_NO_ACTIVE_GIMPS_ASSIGNMENT,2026-08-09T04:34:14+00:00,UNALLOCATED,,,,,
SLCMP1765-2927,2927,2927,583648433,2^583648433-1,STRUCTURAL_SCREEN_EXHAUSTED_PRIMALITY_UNASSIGNED,GF3A_DIRECTIONAL_WRITE_EXHAUSTED_PRIMALITY_UNASSIGNED,513,512,512,NO_RECORDED_FACTOR_PRP_OR_LL_RESULT_AND_NO_ACTIVE_GIMPS_ASSIGNMENT,2026-08-09T04:34:14+00:00,UNALLOCATED,,,,,
SLCMP1765-2928,2928,2928,583648469,2^583648469-1,STRUCTURAL_SCREEN_EXHAUSTED_PRIMALITY_UNASSIGNED,GF3A_DIRECTIONAL_WRITE_EXHAUSTED_PRIMALITY_UNASSIGNED,513,512,512,NO_RECORDED_FACTOR_PRP_OR_LL_RESULT_AND_NO_ACTIVE_GIMPS_ASSIGNMENT,2026-08-09T04:34:14+00:00,UNALLOCATED,,,,,
SLCMP1765-2929,2929,2929,583648547,2^583648547-1,STRUCTURAL_SCREEN_EXHAUSTED_PRIMALITY_UNASSIGNED,GF3A_DIRECTIONAL_WRITE_EXHAUSTED_PRIMALITY_UNASSIGNED,514,512,512,NO_RECORDED_FACTOR_PRP_OR_LL_RESULT_AND_NO_ACTIVE_GIMPS_ASSIGNMENT,2026-08-09T04:34:14+00:00,UNALLOCATED,,,,,
SLCMP1765-2930,2930,2930,583648601,2^583648601-1,STRUCTURAL_SCREEN_EXHAUSTED_PRIMALITY_UNASSIGNED,GF3A_DIRECTIONAL_WRITE_EXHAUSTED_PRIMALITY_UNASSIGNED,513,512,512,NO_RECORDED_FACTOR_PRP_OR_LL_RESULT_AND_NO_ACTIVE_GIMPS_ASSIGNMENT,2026-08-09T04:34:14+00:00,UNALLOCATED,,,,,
SLCMP1765-2931,2931,2931,583648657,2^583648657-1,STRUCTURAL_SCREEN_EXHAUSTED_PRIMALITY_UNASSIGNED,GF3A_DIRECTIONAL_WRITE_EXHAUSTED_PRIMALITY_UNASSIGNED,513,512,512,NO_RECORDED_FACTOR_PRP_OR_LL_RESULT_AND_NO_ACTIVE_GIMPS_ASSIGNMENT,2026-08-09T04:34:14+00:00,UNALLOCATED,,,,,
SLCMP1765-2932,2932,2932,583648711,2^583648711-1,STRUCTURAL_SCREEN_EXHAUSTED_PRIMALITY_UNASSIGNED,GF3A_DIRECTIONAL_WRITE_EXHAUSTED_PRIMALITY_UNASSIGNED,514,512,512,NO_RECORDED_FACTOR_PRP_OR_LL_RESULT_AND_NO_ACTIVE_GIMPS_ASSIGNMENT,2026-08-09T04:34:14+00:00,UNALLOCATED,,,,,
SLCMP1765-2933,2933,2933,583648763,2^583648763-1,STRUCTURAL_SCREEN_EXHAUSTED_PRIMALITY_UNASSIGNED,GF3A_DIRECTIONAL_WRITE_EXHAUSTED_PRIMALITY_UNASSIGNED,514,512,512,NO_RECORDED_FACTOR_PRP_OR_LL_RESULT_AND_NO_ACTIVE_GIMPS_ASSIGNMENT,2026-08-09T04:34:14+00:00,UNALLOCATED,,,,,
SLCMP1765-2934,2934,2934,583648939,2^583648939-1,STRUCTURAL_SCREEN_EXHAUSTED_PRIMALITY_UNASSIGNED,GF3A_DIRECTIONAL_WRITE_EXHAUSTED_PRIMALITY_UNASSIGNED,514,512,512,NO_RECORDED_FACTOR_PRP_OR_LL_RESULT_AND_NO_ACTIVE_GIMPS_ASSIGNMENT,2026-08-09T04:34:14+00:00,UNALLOCATED,,,,,
SLCMP1765-2935,2935,2935,583648963,2^583648963-1,STRUCTURAL_SCREEN_EXHAUSTED_PRIMALITY_UNASSIGNED,GF3A_DIRECTIONAL_WRITE_EXHAUSTED_PRIMALITY_UNASSIGNED,514,512,512,NO_RECORDED_FACTOR_PRP_OR_LL_RESULT_AND_NO_ACTIVE_GIMPS_ASSIGNMENT,2026-08-09T04:34:14+00:00,UNALLOCATED,,,,,
SLCMP1765-2936,2936,2936,583649207,2^583649207-1,STRUCTURAL_SCREEN_EXHAUSTED_PRIMALITY_UNASSIGNED,GF3A_DIRECTIONAL_WRITE_EXHAUSTED_PRIMALITY_UNASSIGNED,514,512,512,NO_RECORDED_FACTOR_PRP_OR_LL_RESULT_AND_NO_ACTIVE_GIMPS_ASSIGNMENT,2026-08-09T04:34:14+00:00,UNALLOCATED,,,,,
SLCMP1765-2937,2937,2937,583649237,2^583649237-1,STRUCTURAL_SCREEN_EXHAUSTED_PRIMALITY_UNASSIGNED,GF3A_DIRECTIONAL_WRITE_EXHAUSTED_PRIMALITY_UNASSIGNED,513,512,512,NO_RECORDED_FACTOR_PRP_OR_LL_RESULT_AND_NO_ACTIVE_GIMPS_ASSIGNMENT,2026-08-09T04:34:14+00:00,UNALLOCATED,,,,,
SLCMP1765-2938,2938,2938,583649257,2^583649257-1,STRUCTURAL_SCREEN_EXHAUSTED_PRIMALITY_UNASSIGNED,GF3A_DIRECTIONAL_WRITE_EXHAUSTED_PRIMALITY_UNASSIGNED,513,512,512,NO_RECORDED_FACTOR_PRP_OR_LL_RESULT_AND_NO_ACTIVE_GIMPS_ASSIGNMENT,2026-08-09T04:34:14+00:00,UNALLOCATED,,,,,
SLCMP1765-2939,2939,2939,583649279,2^583649279-1,STRUCTURAL_SCREEN_EXHAUSTED_PRIMALITY_UNASSIGNED,GF3A_DIRECTIONAL_WRITE_EXHAUSTED_PRIMALITY_UNASSIGNED,514,512,512,NO_RECORDED_FACTOR_PRP_OR_LL_RESULT_AND_NO_ACTIVE_GIMPS_ASSIGNMENT,2026-08-09T04:34:14+00:00,UNALLOCATED,,,,,
SLCMP1765-2940,2940,2940,583649347,2^583649347-1,STRUCTURAL_SCREEN_EXHAUSTED_PRIMALITY_UNASSIGNED,GF3A_DIRECTIONAL_WRITE_EXHAUSTED_PRIMALITY_UNASSIGNED,514,512,512,NO_RECORDED_FACTOR_PRP_OR_LL_RESULT_AND_NO_ACTIVE_GIMPS_ASSIGNMENT,2026-08-09T04:34:14+00:00,UNALLOCATED,,,,,
SLCMP1765-2941,2941,2941,583649411,2^583649411-1,STRUCTURAL_SCREEN_EXHAUSTED_PRIMALITY_UNASSIGNED,GF3A_DIRECTIONAL_WRITE_EXHAUSTED_PRIMALITY_UNASSIGNED,514,512,512,NO_RECORDED_FACTOR_PRP_OR_LL_RESULT_AND_NO_ACTIVE_GIMPS_ASSIGNMENT,2026-08-09T04:34:14+00:00,UNALLOCATED,,,,,
SLCMP1765-2942,2942,2942,583649497,2^583649497-1,STRUCTURAL_SCREEN_EXHAUSTED_PRIMALITY_UNASSIGNED,GF3A_DIRECTIONAL_WRITE_EXHAUSTED_PRIMALITY_UNASSIGNED,513,512,512,NO_RECORDED_FACTOR_PRP_OR_LL_RESULT_AND_NO_ACTIVE_GIMPS_ASSIGNMENT,2026-08-09T04:34:14+00:00,UNALLOCATED,,,,,
SLCMP1765-2943,2943,2943,583649611,2^583649611-1,STRUCTURAL_SCREEN_EXHAUSTED_PRIMALITY_UNASSIGNED,GF3A_DIRECTIONAL_WRITE_EXHAUSTED_PRIMALITY_UNASSIGNED,514,512,512,NO_RECORDED_FACTOR_PRP_OR_LL_RESULT_AND_NO_ACTIVE_GIMPS_ASSIGNMENT,2026-08-09T04:34:14+00:00,UNALLOCATED,,,,,
SLCMP1765-2944,2944,2944,583649659,2^583649659-1,STRUCTURAL_SCREEN_EXHAUSTED_PRIMALITY_UNASSIGNED,GF3A_DIRECTIONAL_WRITE_EXHAUSTED_PRIMALITY_UNASSIGNED,514,512,512,NO_RECORDED_FACTOR_PRP_OR_LL_RESULT_AND_NO_ACTIVE_GIMPS_ASSIGNMENT,2026-08-09T04:34:14+00:00,UNALLOCATED,,,,,
SLCMP1765-2945,2945,2945,583649681,2^583649681-1,STRUCTURAL_SCREEN_EXHAUSTED_PRIMALITY_UNASSIGNED,GF3A_DIRECTIONAL_WRITE_EXHAUSTED_PRIMALITY_UNASSIGNED,513,512,512,NO_RECORDED_FACTOR_PRP_OR_LL_RESULT_AND_NO_ACTIVE_GIMPS_ASSIGNMENT,2026-08-09T04:34:14+00:00,UNALLOCATED,,,,,
SLCMP1765-2946,2946,2946,583649701,2^583649701-1,STRUCTURAL_SCREEN_EXHAUSTED_PRIMALITY_UNASSIGNED,GF3A_DIRECTIONAL_WRITE_EXHAUSTED_PRIMALITY_UNASSIGNED,513,512,512,NO_RECORDED_FACTOR_PRP_OR_LL_RESULT_AND_NO_ACTIVE_GIMPS_ASSIGNMENT,2026-08-09T04:34:14+00:00,UNALLOCATED,,,,,
SLCMP1765-2947,2947,2947,583649723,2^583649723-1,STRUCTURAL_SCREEN_EXHAUSTED_PRIMALITY_UNASSIGNED,GF3A_DIRECTIONAL_WRITE_EXHAUSTED_PRIMALITY_UNASSIGNED,514,512,512,NO_RECORDED_FACTOR_PRP_OR_LL_RESULT_AND_NO_ACTIVE_GIMPS_ASSIGNMENT,2026-08-09T04:34:14+00:00,UNALLOCATED,,,,,
SLCMP1765-2948,2948,2948,583649743,2^583649743-1,STRUCTURAL_SCREEN_EXHAUSTED_PRIMALITY_UNASSIGNED,GF3A_DIRECTIONAL_WRITE_EXHAUSTED_PRIMALITY_UNASSIGNED,514,512,512,NO_RECORDED_FACTOR_PRP_OR_LL_RESULT_AND_NO_ACTIVE_GIMPS_ASSIGNMENT,2026-08-09T04:34:14+00:00,UNALLOCATED,,,,,
SLCMP1765-2949,2949,2949,583649747,2^583649747-1,STRUCTURAL_SCREEN_EXHAUSTED_PRIMALITY_UNASSIGNED,GF3A_DIRECTIONAL_WRITE_EXHAUSTED_PRIMALITY_UNASSIGNED,514,512,512,NO_RECORDED_FACTOR_PRP_OR_LL_RESULT_AND_NO_ACTIVE_GIMPS_ASSIGNMENT,2026-08-09T04:34:14+00:00,UNALLOCATED,,,,,
SLCMP1765-2950,2950,2950,583649839,2^583649839-1,STRUCTURAL_SCREEN_EXHAUSTED_PRIMALITY_UNASSIGNED,GF3A_DIRECTIONAL_WRITE_EXHAUSTED_PRIMALITY_UNASSIGNED,514,512,512,NO_RECORDED_FACTOR_PRP_OR_LL_RESULT_AND_NO_ACTIVE_GIMPS_ASSIGNMENT,2026-08-09T04:34:14+00:00,UNALLOCATED,,,,,
SLCMP1765-2951,2951,2951,583649851,2^583649851-1,STRUCTURAL_SCREEN_EXHAUSTED_PRIMALITY_UNASSIGNED,GF3A_DIRECTIONAL_WRITE_EXHAUSTED_PRIMALITY_UNASSIGNED,514,512,512,NO_RECORDED_FACTOR_PRP_OR_LL_RESULT_AND_NO_ACTIVE_GIMPS_ASSIGNMENT,2026-08-09T04:34:14+00:00,UNALLOCATED,,,,,
SLCMP1765-2952,2952,2952,583649897,2^583649897-1,STRUCTURAL_SCREEN_EXHAUSTED_PRIMALITY_UNASSIGNED,GF3A_DIRECTIONAL_WRITE_EXHAUSTED_PRIMALITY_UNASSIGNED,513,512,512,NO_RECORDED_FACTOR_PRP_OR_LL_RESULT_AND_NO_ACTIVE_GIMPS_ASSIGNMENT,2026-08-09T04:34:14+00:00,UNALLOCATED,,,,,
SLCMP1765-2953,2953,2953,583649917,2^583649917-1,STRUCTURAL_SCREEN_EXHAUSTED_PRIMALITY_UNASSIGNED,GF3A_DIRECTIONAL_WRITE_EXHAUSTED_PRIMALITY_UNASSIGNED,513,512,512,NO_RECORDED_FACTOR_PRP_OR_LL_RESULT_AND_NO_ACTIVE_GIMPS_ASSIGNMENT,2026-08-09T04:34:14+00:00,UNALLOCATED,,,,,
SLCMP1765-2954,2954,2954,583649921,2^583649921-1,STRUCTURAL_SCREEN_EXHAUSTED_PRIMALITY_UNASSIGNED,GF3A_DIRECTIONAL_WRITE_EXHAUSTED_PRIMALITY_UNASSIGNED,513,512,512,NO_RECORDED_FACTOR_PRP_OR_LL_RESULT_AND_NO_ACTIVE_GIMPS_ASSIGNMENT,2026-08-09T04:34:14+00:00,UNALLOCATED,,,,,
SLCMP1765-2955,2955,2955,583649987,2^583649987-1,STRUCTURAL_SCREEN_EXHAUSTED_PRIMALITY_UNASSIGNED,GF3A_DIRECTIONAL_WRITE_EXHAUSTED_PRIMALITY_UNASSIGNED,514,512,512,NO_RECORDED_FACTOR_PRP_OR_LL_RESULT_AND_NO_ACTIVE_GIMPS_ASSIGNMENT,2026-08-09T04:34:14+00:00,UNALLOCATED,,,,,
SLCMP1765-2956,2956,2956,583650071,2^583650071-1,STRUCTURAL_SCREEN_EXHAUSTED_PRIMALITY_UNASSIGNED,GF3A_DIRECTIONAL_WRITE_EXHAUSTED_PRIMALITY_UNASSIGNED,514,512,512,NO_RECORDED_FACTOR_PRP_OR_LL_RESULT_AND_NO_ACTIVE_GIMPS_ASSIGNMENT,2026-08-09T04:34:14+00:00,UNALLOCATED,,,,,
SLCMP1765-2957,2957,2957,583650091,2^583650091-1,STRUCTURAL_SCREEN_EXHAUSTED_PRIMALITY_UNASSIGNED,GF3A_DIRECTIONAL_WRITE_EXHAUSTED_PRIMALITY_UNASSIGNED,514,512,512,NO_RECORDED_FACTOR_PRP_OR_LL_RESULT_AND_NO_ACTIVE_GIMPS_ASSIGNMENT,2026-08-09T04:34:14+00:00,UNALLOCATED,,,,,
SLCMP1765-2958,2958,2958,583650187,2^583650187-1,STRUCTURAL_SCREEN_EXHAUSTED_PRIMALITY_UNASSIGNED,GF3A_DIRECTIONAL_WRITE_EXHAUSTED_PRIMALITY_UNASSIGNED,514,512,512,NO_RECORDED_FACTOR_PRP_OR_LL_RESULT_AND_NO_ACTIVE_GIMPS_ASSIGNMENT,2026-08-09T04:34:14+00:00,UNALLOCATED,,,,,
SLCMP1765-2959,2959,2959,583650241,2^583650241-1,STRUCTURAL_SCREEN_EXHAUSTED_PRIMALITY_UNASSIGNED,GF3A_DIRECTIONAL_WRITE_EXHAUSTED_PRIMALITY_UNASSIGNED,513,512,512,NO_RECORDED_FACTOR_PRP_OR_LL_RESULT_AND_NO_ACTIVE_GIMPS_ASSIGNMENT,2026-08-09T04:34:14+00:00,UNALLOCATED,,,,,
SLCMP1765-2960,2960,2960,583650343,2^583650343-1,STRUCTURAL_SCREEN_EXHAUSTED_PRIMALITY_UNASSIGNED,GF3A_DIRECTIONAL_WRITE_EXHAUSTED_PRIMALITY_UNASSIGNED,514,512,512,NO_RECORDED_FACTOR_PRP_OR_LL_RESULT_AND_NO_ACTIVE_GIMPS_ASSIGNMENT,2026-08-09T04:34:14+00:00,UNALLOCATED,,,,,
SLCMP1765-2961,2961,2961,583650359,2^583650359-1,STRUCTURAL_SCREEN_EXHAUSTED_PRIMALITY_UNASSIGNED,GF3A_DIRECTIONAL_WRITE_EXHAUSTED_PRIMALITY_UNASSIGNED,514,512,512,NO_RECORDED_FACTOR_PRP_OR_LL_RESULT_AND_NO_ACTIVE_GIMPS_ASSIGNMENT,2026-08-09T04:34:14+00:00,UNALLOCATED,,,,,
SLCMP1765-2962,2962,2962,583650373,2^583650373-1,STRUCTURAL_SCREEN_EXHAUSTED_PRIMALITY_UNASSIGNED,GF3A_DIRECTIONAL_WRITE_EXHAUSTED_PRIMALITY_UNASSIGNED,513,512,512,NO_RECORDED_FACTOR_PRP_OR_LL_RESULT_AND_NO_ACTIVE_GIMPS_ASSIGNMENT,2026-08-09T04:34:14+00:00,UNALLOCATED,,,,,
SLCMP1765-2963,2963,2963,583650377,2^583650377-1,STRUCTURAL_SCREEN_EXHAUSTED_PRIMALITY_UNASSIGNED,GF3A_DIRECTIONAL_WRITE_EXHAUSTED_PRIMALITY_UNASSIGNED,513,512,512,NO_RECORDED_FACTOR_PRP_OR_LL_RESULT_AND_NO_ACTIVE_GIMPS_ASSIGNMENT,2026-08-09T04:34:14+00:00,UNALLOCATED,,,,,
SLCMP1765-2964,2964,2964,583650401,2^583650401-1,STRUCTURAL_SCREEN_EXHAUSTED_PRIMALITY_UNASSIGNED,GF3A_DIRECTIONAL_WRITE_EXHAUSTED_PRIMALITY_UNASSIGNED,513,512,512,NO_RECORDED_FACTOR_PRP_OR_LL_RESULT_AND_NO_ACTIVE_GIMPS_ASSIGNMENT,2026-08-09T04:34:14+00:00,UNALLOCATED,,,,,
SLCMP1765-2965,2965,2965,583650583,2^583650583-1,STRUCTURAL_SCREEN_EXHAUSTED_PRIMALITY_UNASSIGNED,GF3A_DIRECTIONAL_WRITE_EXHAUSTED_PRIMALITY_UNASSIGNED,514,512,512,NO_RECORDED_FACTOR_PRP_OR_LL_RESULT_AND_NO_ACTIVE_GIMPS_ASSIGNMENT,2026-08-09T04:34:14+00:00,UNALLOCATED,,,,,
SLCMP1765-2966,2966,2966,583650589,2^583650589-1,STRUCTURAL_SCREEN_EXHAUSTED_PRIMALITY_UNASSIGNED,GF3A_DIRECTIONAL_WRITE_EXHAUSTED_PRIMALITY_UNASSIGNED,513,512,512,NO_RECORDED_FACTOR_PRP_OR_LL_RESULT_AND_NO_ACTIVE_GIMPS_ASSIGNMENT,2026-08-09T04:34:14+00:00,UNALLOCATED,,,,,
SLCMP1765-2967,2967,2967,583650593,2^583650593-1,STRUCTURAL_SCREEN_EXHAUSTED_PRIMALITY_UNASSIGNED,GF3A_DIRECTIONAL_WRITE_EXHAUSTED_PRIMALITY_UNASSIGNED,513,512,512,NO_RECORDED_FACTOR_PRP_OR_LL_RESULT_AND_NO_ACTIVE_GIMPS_ASSIGNMENT,2026-08-09T04:34:14+00:00,UNALLOCATED,,,,,
SLCMP1765-2968,2968,2968,583650643,2^583650643-1,STRUCTURAL_SCREEN_EXHAUSTED_PRIMALITY_UNASSIGNED,GF3A_DIRECTIONAL_WRITE_EXHAUSTED_PRIMALITY_UNASSIGNED,514,512,512,NO_RECORDED_FACTOR_PRP_OR_LL_RESULT_AND_NO_ACTIVE_GIMPS_ASSIGNMENT,2026-08-09T04:34:14+00:00,UNALLOCATED,,,,,
SLCMP1765-2969,2969,2969,583650673,2^583650673-1,STRUCTURAL_SCREEN_EXHAUSTED_PRIMALITY_UNASSIGNED,GF3A_DIRECTIONAL_WRITE_EXHAUSTED_PRIMALITY_UNASSIGNED,513,512,512,NO_RECORDED_FACTOR_PRP_OR_LL_RESULT_AND_NO_ACTIVE_GIMPS_ASSIGNMENT,2026-08-09T04:34:14+00:00,UNALLOCATED,,,,,
SLCMP1765-2970,2970,2970,583650689,2^583650689-1,STRUCTURAL_SCREEN_EXHAUSTED_PRIMALITY_UNASSIGNED,GF3A_DIRECTIONAL_WRITE_EXHAUSTED_PRIMALITY_UNASSIGNED,513,512,512,NO_RECORDED_FACTOR_PRP_OR_LL_RESULT_AND_NO_ACTIVE_GIMPS_ASSIGNMENT,2026-08-09T04:34:14+00:00,UNALLOCATED,,,,,
SLCMP1765-2971,2971,2971,583650707,2^583650707-1,STRUCTURAL_SCREEN_EXHAUSTED_PRIMALITY_UNASSIGNED,GF3A_DIRECTIONAL_WRITE_EXHAUSTED_PRIMALITY_UNASSIGNED,514,512,512,NO_RECORDED_FACTOR_PRP_OR_LL_RESULT_AND_NO_ACTIVE_GIMPS_ASSIGNMENT,2026-08-09T04:34:14+00:00,UNALLOCATED,,,,,
SLCMP1765-2972,2972,2972,583650709,2^583650709-1,STRUCTURAL_SCREEN_EXHAUSTED_PRIMALITY_UNASSIGNED,GF3A_DIRECTIONAL_WRITE_EXHAUSTED_PRIMALITY_UNASSIGNED,513,512,512,NO_RECORDED_FACTOR_PRP_OR_LL_RESULT_AND_NO_ACTIVE_GIMPS_ASSIGNMENT,2026-08-09T04:34:14+00:00,UNALLOCATED,,,,,
SLCMP1765-2973,2973,2973,583650761,2^583650761-1,STRUCTURAL_SCREEN_EXHAUSTED_PRIMALITY_UNASSIGNED,GF3A_DIRECTIONAL_WRITE_EXHAUSTED_PRIMALITY_UNASSIGNED,513,512,512,NO_RECORDED_FACTOR_PRP_OR_LL_RESULT_AND_NO_ACTIVE_GIMPS_ASSIGNMENT,2026-08-09T04:34:14+00:00,UNALLOCATED,,,,,
SLCMP1765-2974,2974,2974,583650811,2^583650811-1,STRUCTURAL_SCREEN_EXHAUSTED_PRIMALITY_UNASSIGNED,GF3A_DIRECTIONAL_WRITE_EXHAUSTED_PRIMALITY_UNASSIGNED,514,512,512,NO_RECORDED_FACTOR_PRP_OR_LL_RESULT_AND_NO_ACTIVE_GIMPS_ASSIGNMENT,2026-08-09T04:34:14+00:00,UNALLOCATED,,,,,
SLCMP1765-2975,2975,2975,583650863,2^583650863-1,STRUCTURAL_SCREEN_EXHAUSTED_PRIMALITY_UNASSIGNED,GF3A_DIRECTIONAL_WRITE_EXHAUSTED_PRIMALITY_UNASSIGNED,514,512,512,NO_RECORDED_FACTOR_PRP_OR_LL_RESULT_AND_NO_ACTIVE_GIMPS_ASSIGNMENT,2026-08-09T04:34:14+00:00,UNALLOCATED,,,,,
SLCMP1765-2976,2976,2976,583650929,2^583650929-1,STRUCTURAL_SCREEN_EXHAUSTED_PRIMALITY_UNASSIGNED,GF3A_DIRECTIONAL_WRITE_EXHAUSTED_PRIMALITY_UNASSIGNED,513,512,512,NO_RECORDED_FACTOR_PRP_OR_LL_RESULT_AND_NO_ACTIVE_GIMPS_ASSIGNMENT,2026-08-09T04:34:14+00:00,UNALLOCATED,,,,,
SLCMP1765-2977,2977,2977,583651001,2^583651001-1,STRUCTURAL_SCREEN_EXHAUSTED_PRIMALITY_UNASSIGNED,GF3A_DIRECTIONAL_WRITE_EXHAUSTED_PRIMALITY_UNASSIGNED,513,512,512,NO_RECORDED_FACTOR_PRP_OR_LL_RESULT_AND_NO_ACTIVE_GIMPS_ASSIGNMENT,2026-08-09T04:34:14+00:00,UNALLOCATED,,,,,
SLCMP1765-2978,2978,2978,583651039,2^583651039-1,STRUCTURAL_SCREEN_EXHAUSTED_PRIMALITY_UNASSIGNED,GF3A_DIRECTIONAL_WRITE_EXHAUSTED_PRIMALITY_UNASSIGNED,514,512,512,NO_RECORDED_FACTOR_PRP_OR_LL_RESULT_AND_NO_ACTIVE_GIMPS_ASSIGNMENT,2026-08-09T04:34:14+00:00,UNALLOCATED,,,,,
SLCMP1765-2979,2979,2979,583651127,2^583651127-1,STRUCTURAL_SCREEN_EXHAUSTED_PRIMALITY_UNASSIGNED,GF3A_DIRECTIONAL_WRITE_EXHAUSTED_PRIMALITY_UNASSIGNED,514,512,512,NO_RECORDED_FACTOR_PRP_OR_LL_RESULT_AND_NO_ACTIVE_GIMPS_ASSIGNMENT,2026-08-09T04:34:14+00:00,UNALLOCATED,,,,,
SLCMP1765-2980,2980,2980,583651163,2^583651163-1,STRUCTURAL_SCREEN_EXHAUSTED_PRIMALITY_UNASSIGNED,GF3A_DIRECTIONAL_WRITE_EXHAUSTED_PRIMALITY_UNASSIGNED,514,512,512,NO_RECORDED_FACTOR_PRP_OR_LL_RESULT_AND_NO_ACTIVE_GIMPS_ASSIGNMENT,2026-08-09T04:34:14+00:00,UNALLOCATED,,,,,
SLCMP1765-2981,2981,2981,583651213,2^583651213-1,STRUCTURAL_SCREEN_EXHAUSTED_PRIMALITY_UNASSIGNED,GF3A_DIRECTIONAL_WRITE_EXHAUSTED_PRIMALITY_UNASSIGNED,513,512,512,NO_RECORDED_FACTOR_PRP_OR_LL_RESULT_AND_NO_ACTIVE_GIMPS_ASSIGNMENT,2026-08-09T04:34:14+00:00,UNALLOCATED,,,,,
SLCMP1765-2982,2982,2982,583651249,2^583651249-1,STRUCTURAL_SCREEN_EXHAUSTED_PRIMALITY_UNASSIGNED,GF3A_DIRECTIONAL_WRITE_EXHAUSTED_PRIMALITY_UNASSIGNED,513,512,512,NO_RECORDED_FACTOR_PRP_OR_LL_RESULT_AND_NO_ACTIVE_GIMPS_ASSIGNMENT,2026-08-09T04:34:14+00:00,UNALLOCATED,,,,,
SLCMP1765-2983,2983,2983,583651267,2^583651267-1,STRUCTURAL_SCREEN_EXHAUSTED_PRIMALITY_UNASSIGNED,GF3A_DIRECTIONAL_WRITE_EXHAUSTED_PRIMALITY_UNASSIGNED,514,512,512,NO_RECORDED_FACTOR_PRP_OR_LL_RESULT_AND_NO_ACTIVE_GIMPS_ASSIGNMENT,2026-08-09T04:34:14+00:00,UNALLOCATED,,,,,
SLCMP1765-2984,2984,2984,583651339,2^583651339-1,STRUCTURAL_SCREEN_EXHAUSTED_PRIMALITY_UNASSIGNED,GF3A_DIRECTIONAL_WRITE_EXHAUSTED_PRIMALITY_UNASSIGNED,514,512,512,NO_RECORDED_FACTOR_PRP_OR_LL_RESULT_AND_NO_ACTIVE_GIMPS_ASSIGNMENT,2026-08-09T04:34:14+00:00,UNALLOCATED,,,,,
SLCMP1765-2985,2985,2985,583651379,2^583651379-1,STRUCTURAL_SCREEN_EXHAUSTED_PRIMALITY_UNASSIGNED,GF3A_DIRECTIONAL_WRITE_EXHAUSTED_PRIMALITY_UNASSIGNED,514,512,512,NO_RECORDED_FACTOR_PRP_OR_LL_RESULT_AND_NO_ACTIVE_GIMPS_ASSIGNMENT,2026-08-09T04:34:14+00:00,UNALLOCATED,,,,,
SLCMP1765-2986,2986,2986,583651417,2^583651417-1,STRUCTURAL_SCREEN_EXHAUSTED_PRIMALITY_UNASSIGNED,GF3A_DIRECTIONAL_WRITE_EXHAUSTED_PRIMALITY_UNASSIGNED,513,512,512,NO_RECORDED_FACTOR_PRP_OR_LL_RESULT_AND_NO_ACTIVE_GIMPS_ASSIGNMENT,2026-08-09T04:34:14+00:00,UNALLOCATED,,,,,
SLCMP1765-2987,2987,2987,583651421,2^583651421-1,STRUCTURAL_SCREEN_EXHAUSTED_PRIMALITY_UNASSIGNED,GF3A_DIRECTIONAL_WRITE_EXHAUSTED_PRIMALITY_UNASSIGNED,513,512,512,NO_RECORDED_FACTOR_PRP_OR_LL_RESULT_AND_NO_ACTIVE_GIMPS_ASSIGNMENT,2026-08-09T04:34:14+00:00,UNALLOCATED,,,,,
SLCMP1765-2988,2988,2988,583651483,2^583651483-1,STRUCTURAL_SCREEN_EXHAUSTED_PRIMALITY_UNASSIGNED,GF3A_DIRECTIONAL_WRITE_EXHAUSTED_PRIMALITY_UNASSIGNED,514,512,512,NO_RECORDED_FACTOR_PRP_OR_LL_RESULT_AND_NO_ACTIVE_GIMPS_ASSIGNMENT,2026-08-09T04:34:14+00:00,UNALLOCATED,,,,,
SLCMP1765-2989,2989,2989,583651511,2^583651511-1,STRUCTURAL_SCREEN_EXHAUSTED_PRIMALITY_UNASSIGNED,GF3A_DIRECTIONAL_WRITE_EXHAUSTED_PRIMALITY_UNASSIGNED,514,512,512,NO_RECORDED_FACTOR_PRP_OR_LL_RESULT_AND_NO_ACTIVE_GIMPS_ASSIGNMENT,2026-08-09T04:34:14+00:00,UNALLOCATED,,,,,
SLCMP1765-2990,2990,2990,583651547,2^583651547-1,STRUCTURAL_SCREEN_EXHAUSTED_PRIMALITY_UNASSIGNED,GF3A_DIRECTIONAL_WRITE_EXHAUSTED_PRIMALITY_UNASSIGNED,514,512,512,NO_RECORDED_FACTOR_PRP_OR_LL_RESULT_AND_NO_ACTIVE_GIMPS_ASSIGNMENT,2026-08-09T04:34:14+00:00,UNALLOCATED,,,,,
SLCMP1765-2991,2991,2991,583651553,2^583651553-1,STRUCTURAL_SCREEN_EXHAUSTED_PRIMALITY_UNASSIGNED,GF3A_DIRECTIONAL_WRITE_EXHAUSTED_PRIMALITY_UNASSIGNED,513,512,512,NO_RECORDED_FACTOR_PRP_OR_LL_RESULT_AND_NO_ACTIVE_GIMPS_ASSIGNMENT,2026-08-09T04:34:14+00:00,UNALLOCATED,,,,,
SLCMP1765-2992,2992,2992,583651567,2^583651567-1,STRUCTURAL_SCREEN_EXHAUSTED_PRIMALITY_UNASSIGNED,GF3A_DIRECTIONAL_WRITE_EXHAUSTED_PRIMALITY_UNASSIGNED,514,512,512,NO_RECORDED_FACTOR_PRP_OR_LL_RESULT_AND_NO_ACTIVE_GIMPS_ASSIGNMENT,2026-08-09T04:34:14+00:00,UNALLOCATED,,,,,
SLCMP1765-2993,2993,2993,583651711,2^583651711-1,STRUCTURAL_SCREEN_EXHAUSTED_PRIMALITY_UNASSIGNED,GF3A_DIRECTIONAL_WRITE_EXHAUSTED_PRIMALITY_UNASSIGNED,514,512,512,NO_RECORDED_FACTOR_PRP_OR_LL_RESULT_AND_NO_ACTIVE_GIMPS_ASSIGNMENT,2026-08-09T04:34:14+00:00,UNALLOCATED,,,,,
SLCMP1765-2994,2994,2994,583651729,2^583651729-1,STRUCTURAL_SCREEN_EXHAUSTED_PRIMALITY_UNASSIGNED,GF3A_DIRECTIONAL_WRITE_EXHAUSTED_PRIMALITY_UNASSIGNED,513,512,512,NO_RECORDED_FACTOR_PRP_OR_LL_RESULT_AND_NO_ACTIVE_GIMPS_ASSIGNMENT,2026-08-09T04:34:14+00:00,UNALLOCATED,,,,,
SLCMP1765-2995,2995,2995,583651819,2^583651819-1,STRUCTURAL_SCREEN_EXHAUSTED_PRIMALITY_UNASSIGNED,GF3A_DIRECTIONAL_WRITE_EXHAUSTED_PRIMALITY_UNASSIGNED,514,512,512,NO_RECORDED_FACTOR_PRP_OR_LL_RESULT_AND_NO_ACTIVE_GIMPS_ASSIGNMENT,2026-08-09T04:34:14+00:00,UNALLOCATED,,,,,
SLCMP1765-2996,2996,2996,583651897,2^583651897-1,STRUCTURAL_SCREEN_EXHAUSTED_PRIMALITY_UNASSIGNED,GF3A_DIRECTIONAL_WRITE_EXHAUSTED_PRIMALITY_UNASSIGNED,513,512,512,NO_RECORDED_FACTOR_PRP_OR_LL_RESULT_AND_NO_ACTIVE_GIMPS_ASSIGNMENT,2026-08-09T04:34:14+00:00,UNALLOCATED,,,,,
SLCMP1765-2997,2997,2997,583651903,2^583651903-1,STRUCTURAL_SCREEN_EXHAUSTED_PRIMALITY_UNASSIGNED,GF3A_DIRECTIONAL_WRITE_EXHAUSTED_PRIMALITY_UNASSIGNED,514,512,512,NO_RECORDED_FACTOR_PRP_OR_LL_RESULT_AND_NO_ACTIVE_GIMPS_ASSIGNMENT,2026-08-09T04:34:14+00:00,UNALLOCATED,,,,,
SLCMP1765-2998,2998,2998,583651931,2^583651931-1,STRUCTURAL_SCREEN_EXHAUSTED_PRIMALITY_UNASSIGNED,GF3A_DIRECTIONAL_WRITE_EXHAUSTED_PRIMALITY_UNASSIGNED,514,512,512,NO_RECORDED_FACTOR_PRP_OR_LL_RESULT_AND_NO_ACTIVE_GIMPS_ASSIGNMENT,2026-08-09T04:34:14+00:00,UNALLOCATED,,,,,
SLCMP1765-2999,2999,2999,583651951,2^583651951-1,STRUCTURAL_SCREEN_EXHAUSTED_PRIMALITY_UNASSIGNED,GF3A_DIRECTIONAL_WRITE_EXHAUSTED_PRIMALITY_UNASSIGNED,514,512,512,NO_RECORDED_FACTOR_PRP_OR_LL_RESULT_AND_NO_ACTIVE_GIMPS_ASSIGNMENT,2026-08-09T04:34:14+00:00,UNALLOCATED,,,,,
SLCMP1765-3000,3000,3000,583651963,2^583651963-1,STRUCTURAL_SCREEN_EXHAUSTED_PRIMALITY_UNASSIGNED,GF3A_DIRECTIONAL_WRITE_EXHAUSTED_PRIMALITY_UNASSIGNED,514,512,512,NO_RECORDED_FACTOR_PRP_OR_LL_RESULT_AND_NO_ACTIVE_GIMPS_ASSIGNMENT,2026-08-09T04:34:14+00:00,UNALLOCATED,,,,,
SLCMP1765-3001,3001,3001,583651987,2^583651987-1,STRUCTURAL_SCREEN_EXHAUSTED_PRIMALITY_UNASSIGNED,GF3A_DIRECTIONAL_WRITE_EXHAUSTED_PRIMALITY_UNASSIGNED,514,512,512,NO_RECORDED_FACTOR_PRP_OR_LL_RESULT_AND_NO_ACTIVE_GIMPS_ASSIGNMENT,2026-08-09T04:34:14+00:00,UNALLOCATED,,,,,
SLCMP1765-3002,3002,3002,583652197,2^583652197-1,STRUCTURAL_SCREEN_EXHAUSTED_PRIMALITY_UNASSIGNED,GF3A_DIRECTIONAL_WRITE_EXHAUSTED_PRIMALITY_UNASSIGNED,513,512,512,NO_RECORDED_FACTOR_PRP_OR_LL_RESULT_AND_NO_ACTIVE_GIMPS_ASSIGNMENT,2026-08-09T04:34:14+00:00,UNALLOCATED,,,,,
SLCMP1765-3003,3003,3003,583652213,2^583652213-1,STRUCTURAL_SCREEN_EXHAUSTED_PRIMALITY_UNASSIGNED,GF3A_DIRECTIONAL_WRITE_EXHAUSTED_PRIMALITY_UNASSIGNED,513,512,512,NO_RECORDED_FACTOR_PRP_OR_LL_RESULT_AND_NO_ACTIVE_GIMPS_ASSIGNMENT,2026-08-09T04:34:14+00:00,UNALLOCATED,,,,,
SLCMP1765-3004,3004,3004,583652219,2^583652219-1,STRUCTURAL_SCREEN_EXHAUSTED_PRIMALITY_UNASSIGNED,GF3A_DIRECTIONAL_WRITE_EXHAUSTED_PRIMALITY_UNASSIGNED,514,512,512,NO_RECORDED_FACTOR_PRP_OR_LL_RESULT_AND_NO_ACTIVE_GIMPS_ASSIGNMENT,2026-08-09T04:34:14+00:00,UNALLOCATED,,,,,
SLCMP1765-3005,3005,3005,583652227,2^583652227-1,STRUCTURAL_SCREEN_EXHAUSTED_PRIMALITY_UNASSIGNED,GF3A_DIRECTIONAL_WRITE_EXHAUSTED_PRIMALITY_UNASSIGNED,514,512,512,NO_RECORDED_FACTOR_PRP_OR_LL_RESULT_AND_NO_ACTIVE_GIMPS_ASSIGNMENT,2026-08-09T04:34:14+00:00,UNALLOCATED,,,,,
SLCMP1765-3006,3006,3006,583652269,2^583652269-1,STRUCTURAL_SCREEN_EXHAUSTED_PRIMALITY_UNASSIGNED,GF3A_DIRECTIONAL_WRITE_EXHAUSTED_PRIMALITY_UNASSIGNED,513,512,512,NO_RECORDED_FACTOR_PRP_OR_LL_RESULT_AND_NO_ACTIVE_GIMPS_ASSIGNMENT,2026-08-09T04:34:14+00:00,UNALLOCATED,,,,,
SLCMP1765-3007,3007,3007,583652309,2^583652309-1,STRUCTURAL_SCREEN_EXHAUSTED_PRIMALITY_UNASSIGNED,GF3A_DIRECTIONAL_WRITE_EXHAUSTED_PRIMALITY_UNASSIGNED,513,512,512,NO_RECORDED_FACTOR_PRP_OR_LL_RESULT_AND_NO_ACTIVE_GIMPS_ASSIGNMENT,2026-08-09T04:34:14+00:00,UNALLOCATED,,,,,
SLCMP1765-3008,3008,3008,583652359,2^583652359-1,STRUCTURAL_SCREEN_EXHAUSTED_PRIMALITY_UNASSIGNED,GF3A_DIRECTIONAL_WRITE_EXHAUSTED_PRIMALITY_UNASSIGNED,514,512,512,NO_RECORDED_FACTOR_PRP_OR_LL_RESULT_AND_NO_ACTIVE_GIMPS_ASSIGNMENT,2026-08-09T04:34:14+00:00,UNALLOCATED,,,,,
SLCMP1765-3009,3009,3009,583652371,2^583652371-1,STRUCTURAL_SCREEN_EXHAUSTED_PRIMALITY_UNASSIGNED,GF3A_DIRECTIONAL_WRITE_EXHAUSTED_PRIMALITY_UNASSIGNED,514,512,512,NO_RECORDED_FACTOR_PRP_OR_LL_RESULT_AND_NO_ACTIVE_GIMPS_ASSIGNMENT,2026-08-09T04:34:14+00:00,UNALLOCATED,,,,,
SLCMP1765-3010,3010,3010,583652411,2^583652411-1,STRUCTURAL_SCREEN_EXHAUSTED_PRIMALITY_UNASSIGNED,GF3A_DIRECTIONAL_WRITE_EXHAUSTED_PRIMALITY_UNASSIGNED,514,512,512,NO_RECORDED_FACTOR_PRP_OR_LL_RESULT_AND_NO_ACTIVE_GIMPS_ASSIGNMENT,2026-08-09T04:34:14+00:00,UNALLOCATED,,,,,
SLCMP1765-3011,3011,3011,583652527,2^583652527-1,STRUCTURAL_SCREEN_EXHAUSTED_PRIMALITY_UNASSIGNED,GF3A_DIRECTIONAL_WRITE_EXHAUSTED_PRIMALITY_UNASSIGNED,514,512,512,NO_RECORDED_FACTOR_PRP_OR_LL_RESULT_AND_NO_ACTIVE_GIMPS_ASSIGNMENT,2026-08-09T04:34:14+00:00,UNALLOCATED,,,,,
SLCMP1765-3012,3012,3012,583652539,2^583652539-1,STRUCTURAL_SCREEN_EXHAUSTED_PRIMALITY_UNASSIGNED,GF3A_DIRECTIONAL_WRITE_EXHAUSTED_PRIMALITY_UNASSIGNED,514,512,512,NO_RECORDED_FACTOR_PRP_OR_LL_RESULT_AND_NO_ACTIVE_GIMPS_ASSIGNMENT,2026-08-09T04:34:14+00:00,UNALLOCATED,,,,,
SLCMP1765-3013,3013,3013,583652549,2^583652549-1,STRUCTURAL_SCREEN_EXHAUSTED_PRIMALITY_UNASSIGNED,GF3A_DIRECTIONAL_WRITE_EXHAUSTED_PRIMALITY_UNASSIGNED,513,512,512,NO_RECORDED_FACTOR_PRP_OR_LL_RESULT_AND_NO_ACTIVE_GIMPS_ASSIGNMENT,2026-08-09T04:34:14+00:00,UNALLOCATED,,,,,
SLCMP1765-3014,3014,3014,583652557,2^583652557-1,STRUCTURAL_SCREEN_EXHAUSTED_PRIMALITY_UNASSIGNED,GF3A_DIRECTIONAL_WRITE_EXHAUSTED_PRIMALITY_UNASSIGNED,513,512,512,NO_RECORDED_FACTOR_PRP_OR_LL_RESULT_AND_NO_ACTIVE_GIMPS_ASSIGNMENT,2026-08-09T04:34:14+00:00,UNALLOCATED,,,,,
SLCMP1765-3015,3015,3015,583652609,2^583652609-1,STRUCTURAL_SCREEN_EXHAUSTED_PRIMALITY_UNASSIGNED,GF3A_DIRECTIONAL_WRITE_EXHAUSTED_PRIMALITY_UNASSIGNED,513,512,512,NO_RECORDED_FACTOR_PRP_OR_LL_RESULT_AND_NO_ACTIVE_GIMPS_ASSIGNMENT,2026-08-09T04:34:14+00:00,UNALLOCATED,,,,,
SLCMP1765-3016,3016,3016,583652647,2^583652647-1,STRUCTURAL_SCREEN_EXHAUSTED_PRIMALITY_UNASSIGNED,GF3A_DIRECTIONAL_WRITE_EXHAUSTED_PRIMALITY_UNASSIGNED,514,512,512,NO_RECORDED_FACTOR_PRP_OR_LL_RESULT_AND_NO_ACTIVE_GIMPS_ASSIGNMENT,2026-08-09T04:34:14+00:00,UNALLOCATED,,,,,
SLCMP1765-3017,3017,3017,583652677,2^583652677-1,STRUCTURAL_SCREEN_EXHAUSTED_PRIMALITY_UNASSIGNED,GF3A_DIRECTIONAL_WRITE_EXHAUSTED_PRIMALITY_UNASSIGNED,513,512,512,NO_RECORDED_FACTOR_PRP_OR_LL_RESULT_AND_NO_ACTIVE_GIMPS_ASSIGNMENT,2026-08-09T04:34:14+00:00,UNALLOCATED,,,,,
SLCMP1765-3018,3018,3018,583652723,2^583652723-1,STRUCTURAL_SCREEN_EXHAUSTED_PRIMALITY_UNASSIGNED,GF3A_DIRECTIONAL_WRITE_EXHAUSTED_PRIMALITY_UNASSIGNED,514,512,512,NO_RECORDED_FACTOR_PRP_OR_LL_RESULT_AND_NO_ACTIVE_GIMPS_ASSIGNMENT,2026-08-09T04:34:14+00:00,UNALLOCATED,,,,,
SLCMP1765-3019,3019,3019,583652749,2^583652749-1,STRUCTURAL_SCREEN_EXHAUSTED_PRIMALITY_UNASSIGNED,GF3A_DIRECTIONAL_WRITE_EXHAUSTED_PRIMALITY_UNASSIGNED,513,512,512,NO_RECORDED_FACTOR_PRP_OR_LL_RESULT_AND_NO_ACTIVE_GIMPS_ASSIGNMENT,2026-08-09T04:34:14+00:00,UNALLOCATED,,,,,
SLCMP1765-3020,3020,3020,583652813,2^583652813-1,STRUCTURAL_SCREEN_EXHAUSTED_PRIMALITY_UNASSIGNED,GF3A_DIRECTIONAL_WRITE_EXHAUSTED_PRIMALITY_UNASSIGNED,513,512,512,NO_RECORDED_FACTOR_PRP_OR_LL_RESULT_AND_NO_ACTIVE_GIMPS_ASSIGNMENT,2026-08-09T04:34:14+00:00,UNALLOCATED,,,,,
SLCMP1765-3021,3021,3021,583652821,2^583652821-1,STRUCTURAL_SCREEN_EXHAUSTED_PRIMALITY_UNASSIGNED,GF3A_DIRECTIONAL_WRITE_EXHAUSTED_PRIMALITY_UNASSIGNED,513,512,512,NO_RECORDED_FACTOR_PRP_OR_LL_RESULT_AND_NO_ACTIVE_GIMPS_ASSIGNMENT,2026-08-09T04:34:14+00:00,UNALLOCATED,,,,,
SLCMP1765-3022,3022,3022,583652831,2^583652831-1,STRUCTURAL_SCREEN_EXHAUSTED_PRIMALITY_UNASSIGNED,GF3A_DIRECTIONAL_WRITE_EXHAUSTED_PRIMALITY_UNASSIGNED,514,512,512,NO_RECORDED_FACTOR_PRP_OR_LL_RESULT_AND_NO_ACTIVE_GIMPS_ASSIGNMENT,2026-08-09T04:34:14+00:00,UNALLOCATED,,,,,
SLCMP1765-3023,3023,3023,583652851,2^583652851-1,STRUCTURAL_SCREEN_EXHAUSTED_PRIMALITY_UNASSIGNED,GF3A_DIRECTIONAL_WRITE_EXHAUSTED_PRIMALITY_UNASSIGNED,514,512,512,NO_RECORDED_FACTOR_PRP_OR_LL_RESULT_AND_NO_ACTIVE_GIMPS_ASSIGNMENT,2026-08-09T04:34:14+00:00,UNALLOCATED,,,,,
SLCMP1765-3024,3024,3024,583652933,2^583652933-1,STRUCTURAL_SCREEN_EXHAUSTED_PRIMALITY_UNASSIGNED,GF3A_DIRECTIONAL_WRITE_EXHAUSTED_PRIMALITY_UNASSIGNED,513,512,512,NO_RECORDED_FACTOR_PRP_OR_LL_RESULT_AND_NO_ACTIVE_GIMPS_ASSIGNMENT,2026-08-09T04:34:14+00:00,UNALLOCATED,,,,,
SLCMP1765-3025,3025,3025,583652947,2^583652947-1,STRUCTURAL_SCREEN_EXHAUSTED_PRIMALITY_UNASSIGNED,GF3A_DIRECTIONAL_WRITE_EXHAUSTED_PRIMALITY_UNASSIGNED,514,512,512,NO_RECORDED_FACTOR_PRP_OR_LL_RESULT_AND_NO_ACTIVE_GIMPS_ASSIGNMENT,2026-08-09T04:34:14+00:00,UNALLOCATED,,,,,
SLCMP1765-3026,3026,3026,583652983,2^583652983-1,STRUCTURAL_SCREEN_EXHAUSTED_PRIMALITY_UNASSIGNED,GF3A_DIRECTIONAL_WRITE_EXHAUSTED_PRIMALITY_UNASSIGNED,514,512,512,NO_RECORDED_FACTOR_PRP_OR_LL_RESULT_AND_NO_ACTIVE_GIMPS_ASSIGNMENT,2026-08-09T04:34:14+00:00,UNALLOCATED,,,,,
SLCMP1765-3027,3027,3027,583653053,2^583653053-1,STRUCTURAL_SCREEN_EXHAUSTED_PRIMALITY_UNASSIGNED,GF3A_DIRECTIONAL_WRITE_EXHAUSTED_PRIMALITY_UNASSIGNED,513,512,512,NO_RECORDED_FACTOR_PRP_OR_LL_RESULT_AND_NO_ACTIVE_GIMPS_ASSIGNMENT,2026-08-09T04:34:14+00:00,UNALLOCATED,,,,,
SLCMP1765-3028,3028,3028,583653079,2^583653079-1,STRUCTURAL_SCREEN_EXHAUSTED_PRIMALITY_UNASSIGNED,GF3A_DIRECTIONAL_WRITE_EXHAUSTED_PRIMALITY_UNASSIGNED,514,512,512,NO_RECORDED_FACTOR_PRP_OR_LL_RESULT_AND_NO_ACTIVE_GIMPS_ASSIGNMENT,2026-08-09T04:34:14+00:00,UNALLOCATED,,,,,
SLCMP1765-3029,3029,3029,583653107,2^583653107-1,STRUCTURAL_SCREEN_EXHAUSTED_PRIMALITY_UNASSIGNED,GF3A_DIRECTIONAL_WRITE_EXHAUSTED_PRIMALITY_UNASSIGNED,514,512,512,NO_RECORDED_FACTOR_PRP_OR_LL_RESULT_AND_NO_ACTIVE_GIMPS_ASSIGNMENT,2026-08-09T04:34:14+00:00,UNALLOCATED,,,,,
SLCMP1765-3030,3030,3030,583653113,2^583653113-1,STRUCTURAL_SCREEN_EXHAUSTED_PRIMALITY_UNASSIGNED,GF3A_DIRECTIONAL_WRITE_EXHAUSTED_PRIMALITY_UNASSIGNED,513,512,512,NO_RECORDED_FACTOR_PRP_OR_LL_RESULT_AND_NO_ACTIVE_GIMPS_ASSIGNMENT,2026-08-09T04:34:14+00:00,UNALLOCATED,,,,,
SLCMP1765-3031,3031,3031,583653227,2^583653227-1,STRUCTURAL_SCREEN_EXHAUSTED_PRIMALITY_UNASSIGNED,GF3A_DIRECTIONAL_WRITE_EXHAUSTED_PRIMALITY_UNASSIGNED,514,512,512,NO_RECORDED_FACTOR_PRP_OR_LL_RESULT_AND_NO_ACTIVE_GIMPS_ASSIGNMENT,2026-08-09T04:34:14+00:00,UNALLOCATED,,,,,
SLCMP1765-3032,3032,3032,583653347,2^583653347-1,STRUCTURAL_SCREEN_EXHAUSTED_PRIMALITY_UNASSIGNED,GF3A_DIRECTIONAL_WRITE_EXHAUSTED_PRIMALITY_UNASSIGNED,514,512,512,NO_RECORDED_FACTOR_PRP_OR_LL_RESULT_AND_NO_ACTIVE_GIMPS_ASSIGNMENT,2026-08-09T04:34:14+00:00,UNALLOCATED,,,,,
SLCMP1765-3033,3033,3033,583653397,2^583653397-1,STRUCTURAL_SCREEN_EXHAUSTED_PRIMALITY_UNASSIGNED,GF3A_DIRECTIONAL_WRITE_EXHAUSTED_PRIMALITY_UNASSIGNED,513,512,512,NO_RECORDED_FACTOR_PRP_OR_LL_RESULT_AND_NO_ACTIVE_GIMPS_ASSIGNMENT,2026-08-09T04:34:14+00:00,UNALLOCATED,,,,,
SLCMP1765-3034,3034,3034,583653443,2^583653443-1,STRUCTURAL_SCREEN_EXHAUSTED_PRIMALITY_UNASSIGNED,GF3A_DIRECTIONAL_WRITE_EXHAUSTED_PRIMALITY_UNASSIGNED,514,512,512,NO_RECORDED_FACTOR_PRP_OR_LL_RESULT_AND_NO_ACTIVE_GIMPS_ASSIGNMENT,2026-08-09T04:34:14+00:00,UNALLOCATED,,,,,
SLCMP1765-3035,3035,3035,583653527,2^583653527-1,STRUCTURAL_SCREEN_EXHAUSTED_PRIMALITY_UNASSIGNED,GF3A_DIRECTIONAL_WRITE_EXHAUSTED_PRIMALITY_UNASSIGNED,514,512,512,NO_RECORDED_FACTOR_PRP_OR_LL_RESULT_AND_NO_ACTIVE_GIMPS_ASSIGNMENT,2026-08-09T04:34:14+00:00,UNALLOCATED,,,,,
SLCMP1765-3036,3036,3036,583653569,2^583653569-1,STRUCTURAL_SCREEN_EXHAUSTED_PRIMALITY_UNASSIGNED,GF3A_DIRECTIONAL_WRITE_EXHAUSTED_PRIMALITY_UNASSIGNED,513,512,512,NO_RECORDED_FACTOR_PRP_OR_LL_RESULT_AND_NO_ACTIVE_GIMPS_ASSIGNMENT,2026-08-09T04:34:14+00:00,UNALLOCATED,,,,,
SLCMP1765-3037,3037,3037,583653619,2^583653619-1,STRUCTURAL_SCREEN_EXHAUSTED_PRIMALITY_UNASSIGNED,GF3A_DIRECTIONAL_WRITE_EXHAUSTED_PRIMALITY_UNASSIGNED,514,512,512,NO_RECORDED_FACTOR_PRP_OR_LL_RESULT_AND_NO_ACTIVE_GIMPS_ASSIGNMENT,2026-08-09T04:34:14+00:00,UNALLOCATED,,,,,
SLCMP1765-3038,3038,3038,583653671,2^583653671-1,STRUCTURAL_SCREEN_EXHAUSTED_PRIMALITY_UNASSIGNED,GF3A_DIRECTIONAL_WRITE_EXHAUSTED_PRIMALITY_UNASSIGNED,514,512,512,NO_RECORDED_FACTOR_PRP_OR_LL_RESULT_AND_NO_ACTIVE_GIMPS_ASSIGNMENT,2026-08-09T04:34:14+00:00,UNALLOCATED,,,,,
SLCMP1765-3039,3039,3039,583653713,2^583653713-1,STRUCTURAL_SCREEN_EXHAUSTED_PRIMALITY_UNASSIGNED,GF3A_DIRECTIONAL_WRITE_EXHAUSTED_PRIMALITY_UNASSIGNED,513,512,512,NO_RECORDED_FACTOR_PRP_OR_LL_RESULT_AND_NO_ACTIVE_GIMPS_ASSIGNMENT,2026-08-09T04:34:14+00:00,UNALLOCATED,,,,,
SLCMP1765-3040,3040,3040,583653767,2^583653767-1,STRUCTURAL_SCREEN_EXHAUSTED_PRIMALITY_UNASSIGNED,GF3A_DIRECTIONAL_WRITE_EXHAUSTED_PRIMALITY_UNASSIGNED,514,512,512,NO_RECORDED_FACTOR_PRP_OR_LL_RESULT_AND_NO_ACTIVE_GIMPS_ASSIGNMENT,2026-08-09T04:34:14+00:00,UNALLOCATED,,,,,
SLCMP1765-3041,3041,3041,583653793,2^583653793-1,STRUCTURAL_SCREEN_EXHAUSTED_PRIMALITY_UNASSIGNED,GF3A_DIRECTIONAL_WRITE_EXHAUSTED_PRIMALITY_UNASSIGNED,513,512,512,NO_RECORDED_FACTOR_PRP_OR_LL_RESULT_AND_NO_ACTIVE_GIMPS_ASSIGNMENT,2026-08-09T04:34:14+00:00,UNALLOCATED,,,,,
SLCMP1765-3042,3042,3042,583653821,2^583653821-1,STRUCTURAL_SCREEN_EXHAUSTED_PRIMALITY_UNASSIGNED,GF3A_DIRECTIONAL_WRITE_EXHAUSTED_PRIMALITY_UNASSIGNED,513,512,512,NO_RECORDED_FACTOR_PRP_OR_LL_RESULT_AND_NO_ACTIVE_GIMPS_ASSIGNMENT,2026-08-09T04:34:14+00:00,UNALLOCATED,,,,,
SLCMP1765-3043,3043,3043,583653899,2^583653899-1,STRUCTURAL_SCREEN_EXHAUSTED_PRIMALITY_UNASSIGNED,GF3A_DIRECTIONAL_WRITE_EXHAUSTED_PRIMALITY_UNASSIGNED,514,512,512,NO_RECORDED_FACTOR_PRP_OR_LL_RESULT_AND_NO_ACTIVE_GIMPS_ASSIGNMENT,2026-08-09T04:34:14+00:00,UNALLOCATED,,,,,
SLCMP1765-3044,3044,3044,583653997,2^583653997-1,STRUCTURAL_SCREEN_EXHAUSTED_PRIMALITY_UNASSIGNED,GF3A_DIRECTIONAL_WRITE_EXHAUSTED_PRIMALITY_UNASSIGNED,513,512,512,NO_RECORDED_FACTOR_PRP_OR_LL_RESULT_AND_NO_ACTIVE_GIMPS_ASSIGNMENT,2026-08-09T04:34:14+00:00,UNALLOCATED,,,,,
SLCMP1765-3045,3045,3045,583654069,2^583654069-1,STRUCTURAL_SCREEN_EXHAUSTED_PRIMALITY_UNASSIGNED,GF3A_DIRECTIONAL_WRITE_EXHAUSTED_PRIMALITY_UNASSIGNED,513,512,512,NO_RECORDED_FACTOR_PRP_OR_LL_RESULT_AND_NO_ACTIVE_GIMPS_ASSIGNMENT,2026-08-09T04:34:14+00:00,UNALLOCATED,,,,,
SLCMP1765-3046,3046,3046,583654111,2^583654111-1,STRUCTURAL_SCREEN_EXHAUSTED_PRIMALITY_UNASSIGNED,GF3A_DIRECTIONAL_WRITE_EXHAUSTED_PRIMALITY_UNASSIGNED,514,512,512,NO_RECORDED_FACTOR_PRP_OR_LL_RESULT_AND_NO_ACTIVE_GIMPS_ASSIGNMENT,2026-08-09T04:34:14+00:00,UNALLOCATED,,,,,
SLCMP1765-3047,3047,3047,583654223,2^583654223-1,STRUCTURAL_SCREEN_EXHAUSTED_PRIMALITY_UNASSIGNED,GF3A_DIRECTIONAL_WRITE_EXHAUSTED_PRIMALITY_UNASSIGNED,514,512,512,NO_RECORDED_FACTOR_PRP_OR_LL_RESULT_AND_NO_ACTIVE_GIMPS_ASSIGNMENT,2026-08-09T04:34:14+00:00,UNALLOCATED,,,,,
SLCMP1765-3048,3048,3048,583654241,2^583654241-1,STRUCTURAL_SCREEN_EXHAUSTED_PRIMALITY_UNASSIGNED,GF3A_DIRECTIONAL_WRITE_EXHAUSTED_PRIMALITY_UNASSIGNED,513,512,512,NO_RECORDED_FACTOR_PRP_OR_LL_RESULT_AND_NO_ACTIVE_GIMPS_ASSIGNMENT,2026-08-09T04:34:14+00:00,UNALLOCATED,,,,,
SLCMP1765-3049,3049,3049,583654271,2^583654271-1,STRUCTURAL_SCREEN_EXHAUSTED_PRIMALITY_UNASSIGNED,GF3A_DIRECTIONAL_WRITE_EXHAUSTED_PRIMALITY_UNASSIGNED,514,512,512,NO_RECORDED_FACTOR_PRP_OR_LL_RESULT_AND_NO_ACTIVE_GIMPS_ASSIGNMENT,2026-08-09T04:34:14+00:00,UNALLOCATED,,,,,
SLCMP1765-3050,3050,3050,583654273,2^583654273-1,STRUCTURAL_SCREEN_EXHAUSTED_PRIMALITY_UNASSIGNED,GF3A_DIRECTIONAL_WRITE_EXHAUSTED_PRIMALITY_UNASSIGNED,513,512,512,NO_RECORDED_FACTOR_PRP_OR_LL_RESULT_AND_NO_ACTIVE_GIMPS_ASSIGNMENT,2026-08-09T04:34:14+00:00,UNALLOCATED,,,,,
SLCMP1765-3051,3051,3051,583654289,2^583654289-1,STRUCTURAL_SCREEN_EXHAUSTED_PRIMALITY_UNASSIGNED,GF3A_DIRECTIONAL_WRITE_EXHAUSTED_PRIMALITY_UNASSIGNED,513,512,512,NO_RECORDED_FACTOR_PRP_OR_LL_RESULT_AND_NO_ACTIVE_GIMPS_ASSIGNMENT,2026-08-09T04:34:14+00:00,UNALLOCATED,,,,,
SLCMP1765-3052,3052,3052,583654303,2^583654303-1,STRUCTURAL_SCREEN_EXHAUSTED_PRIMALITY_UNASSIGNED,GF3A_DIRECTIONAL_WRITE_EXHAUSTED_PRIMALITY_UNASSIGNED,514,512,512,NO_RECORDED_FACTOR_PRP_OR_LL_RESULT_AND_NO_ACTIVE_GIMPS_ASSIGNMENT,2026-08-09T04:34:14+00:00,UNALLOCATED,,,,,
SLCMP1765-3053,3053,3053,583654327,2^583654327-1,STRUCTURAL_SCREEN_EXHAUSTED_PRIMALITY_UNASSIGNED,GF3A_DIRECTIONAL_WRITE_EXHAUSTED_PRIMALITY_UNASSIGNED,514,512,512,NO_RECORDED_FACTOR_PRP_OR_LL_RESULT_AND_NO_ACTIVE_GIMPS_ASSIGNMENT,2026-08-09T04:34:14+00:00,UNALLOCATED,,,,,
SLCMP1765-3054,3054,3054,583654399,2^583654399-1,STRUCTURAL_SCREEN_EXHAUSTED_PRIMALITY_UNASSIGNED,GF3A_DIRECTIONAL_WRITE_EXHAUSTED_PRIMALITY_UNASSIGNED,514,512,512,NO_RECORDED_FACTOR_PRP_OR_LL_RESULT_AND_NO_ACTIVE_GIMPS_ASSIGNMENT,2026-08-09T04:34:14+00:00,UNALLOCATED,,,,,
SLCMP1765-3055,3055,3055,583654429,2^583654429-1,STRUCTURAL_SCREEN_EXHAUSTED_PRIMALITY_UNASSIGNED,GF3A_DIRECTIONAL_WRITE_EXHAUSTED_PRIMALITY_UNASSIGNED,513,512,512,NO_RECORDED_FACTOR_PRP_OR_LL_RESULT_AND_NO_ACTIVE_GIMPS_ASSIGNMENT,2026-08-09T04:34:14+00:00,UNALLOCATED,,,,,
SLCMP1765-3056,3056,3056,583654499,2^583654499-1,STRUCTURAL_SCREEN_EXHAUSTED_PRIMALITY_UNASSIGNED,GF3A_DIRECTIONAL_WRITE_EXHAUSTED_PRIMALITY_UNASSIGNED,514,512,512,NO_RECORDED_FACTOR_PRP_OR_LL_RESULT_AND_NO_ACTIVE_GIMPS_ASSIGNMENT,2026-08-09T04:34:14+00:00,UNALLOCATED,,,,,
SLCMP1765-3057,3057,3057,583654579,2^583654579-1,STRUCTURAL_SCREEN_EXHAUSTED_PRIMALITY_UNASSIGNED,GF3A_DIRECTIONAL_WRITE_EXHAUSTED_PRIMALITY_UNASSIGNED,514,512,512,NO_RECORDED_FACTOR_PRP_OR_LL_RESULT_AND_NO_ACTIVE_GIMPS_ASSIGNMENT,2026-08-09T04:34:14+00:00,UNALLOCATED,,,,,
SLCMP1765-3058,3058,3058,583654627,2^583654627-1,STRUCTURAL_SCREEN_EXHAUSTED_PRIMALITY_UNASSIGNED,GF3A_DIRECTIONAL_WRITE_EXHAUSTED_PRIMALITY_UNASSIGNED,514,512,512,NO_RECORDED_FACTOR_PRP_OR_LL_RESULT_AND_NO_ACTIVE_GIMPS_ASSIGNMENT,2026-08-09T04:34:14+00:00,UNALLOCATED,,,,,
SLCMP1765-3059,3059,3059,583654679,2^583654679-1,STRUCTURAL_SCREEN_EXHAUSTED_PRIMALITY_UNASSIGNED,GF3A_DIRECTIONAL_WRITE_EXHAUSTED_PRIMALITY_UNASSIGNED,514,512,512,NO_RECORDED_FACTOR_PRP_OR_LL_RESULT_AND_NO_ACTIVE_GIMPS_ASSIGNMENT,2026-08-09T04:34:14+00:00,UNALLOCATED,,,,,
SLCMP1765-3060,3060,3060,583654769,2^583654769-1,STRUCTURAL_SCREEN_EXHAUSTED_PRIMALITY_UNASSIGNED,GF3A_DIRECTIONAL_WRITE_EXHAUSTED_PRIMALITY_UNASSIGNED,513,512,512,NO_RECORDED_FACTOR_PRP_OR_LL_RESULT_AND_NO_ACTIVE_GIMPS_ASSIGNMENT,2026-08-09T04:34:14+00:00,UNALLOCATED,,,,,
SLCMP1765-3061,3061,3061,583654807,2^583654807-1,STRUCTURAL_SCREEN_EXHAUSTED_PRIMALITY_UNASSIGNED,GF3A_DIRECTIONAL_WRITE_EXHAUSTED_PRIMALITY_UNASSIGNED,514,512,512,NO_RECORDED_FACTOR_PRP_OR_LL_RESULT_AND_NO_ACTIVE_GIMPS_ASSIGNMENT,2026-08-09T04:34:14+00:00,UNALLOCATED,,,,,
SLCMP1765-3062,3062,3062,583654823,2^583654823-1,STRUCTURAL_SCREEN_EXHAUSTED_PRIMALITY_UNASSIGNED,GF3A_DIRECTIONAL_WRITE_EXHAUSTED_PRIMALITY_UNASSIGNED,514,512,512,NO_RECORDED_FACTOR_PRP_OR_LL_RESULT_AND_NO_ACTIVE_GIMPS_ASSIGNMENT,2026-08-09T04:34:14+00:00,UNALLOCATED,,,,,
SLCMP1765-3063,3063,3063,583654837,2^583654837-1,STRUCTURAL_SCREEN_EXHAUSTED_PRIMALITY_UNASSIGNED,GF3A_DIRECTIONAL_WRITE_EXHAUSTED_PRIMALITY_UNASSIGNED,513,512,512,NO_RECORDED_FACTOR_PRP_OR_LL_RESULT_AND_NO_ACTIVE_GIMPS_ASSIGNMENT,2026-08-09T04:34:14+00:00,UNALLOCATED,,,,,
SLCMP1765-3064,3064,3064,583654891,2^583654891-1,STRUCTURAL_SCREEN_EXHAUSTED_PRIMALITY_UNASSIGNED,GF3A_DIRECTIONAL_WRITE_EXHAUSTED_PRIMALITY_UNASSIGNED,514,512,512,NO_RECORDED_FACTOR_PRP_OR_LL_RESULT_AND_NO_ACTIVE_GIMPS_ASSIGNMENT,2026-08-09T04:34:14+00:00,UNALLOCATED,,,,,
SLCMP1765-3065,3065,3065,583654943,2^583654943-1,STRUCTURAL_SCREEN_EXHAUSTED_PRIMALITY_UNASSIGNED,GF3A_DIRECTIONAL_WRITE_EXHAUSTED_PRIMALITY_UNASSIGNED,514,512,512,NO_RECORDED_FACTOR_PRP_OR_LL_RESULT_AND_NO_ACTIVE_GIMPS_ASSIGNMENT,2026-08-09T04:34:14+00:00,UNALLOCATED,,,,,
SLCMP1765-3066,3066,3066,583654991,2^583654991-1,STRUCTURAL_SCREEN_EXHAUSTED_PRIMALITY_UNASSIGNED,GF3A_DIRECTIONAL_WRITE_EXHAUSTED_PRIMALITY_UNASSIGNED,514,512,512,NO_RECORDED_FACTOR_PRP_OR_LL_RESULT_AND_NO_ACTIVE_GIMPS_ASSIGNMENT,2026-08-09T04:34:14+00:00,UNALLOCATED,,,,,
SLCMP1765-3067,3067,3067,583655029,2^583655029-1,STRUCTURAL_SCREEN_EXHAUSTED_PRIMALITY_UNASSIGNED,GF3A_DIRECTIONAL_WRITE_EXHAUSTED_PRIMALITY_UNASSIGNED,513,512,512,NO_RECORDED_FACTOR_PRP_OR_LL_RESULT_AND_NO_ACTIVE_GIMPS_ASSIGNMENT,2026-08-09T04:34:14+00:00,UNALLOCATED,,,,,
SLCMP1765-3068,3068,3068,583655113,2^583655113-1,STRUCTURAL_SCREEN_EXHAUSTED_PRIMALITY_UNASSIGNED,GF3A_DIRECTIONAL_WRITE_EXHAUSTED_PRIMALITY_UNASSIGNED,513,512,512,NO_RECORDED_FACTOR_PRP_OR_LL_RESULT_AND_NO_ACTIVE_GIMPS_ASSIGNMENT,2026-08-09T04:34:14+00:00,UNALLOCATED,,,,,
SLCMP1765-3069,3069,3069,583655143,2^583655143-1,STRUCTURAL_SCREEN_EXHAUSTED_PRIMALITY_UNASSIGNED,GF3A_DIRECTIONAL_WRITE_EXHAUSTED_PRIMALITY_UNASSIGNED,514,512,512,NO_RECORDED_FACTOR_PRP_OR_LL_RESULT_AND_NO_ACTIVE_GIMPS_ASSIGNMENT,2026-08-09T04:34:14+00:00,UNALLOCATED,,,,,
SLCMP1765-3070,3070,3070,583655183,2^583655183-1,STRUCTURAL_SCREEN_EXHAUSTED_PRIMALITY_UNASSIGNED,GF3A_DIRECTIONAL_WRITE_EXHAUSTED_PRIMALITY_UNASSIGNED,514,512,512,NO_RECORDED_FACTOR_PRP_OR_LL_RESULT_AND_NO_ACTIVE_GIMPS_ASSIGNMENT,2026-08-09T04:34:14+00:00,UNALLOCATED,,,,,
SLCMP1765-3071,3071,3071,583655393,2^583655393-1,STRUCTURAL_SCREEN_EXHAUSTED_PRIMALITY_UNASSIGNED,GF3A_DIRECTIONAL_WRITE_EXHAUSTED_PRIMALITY_UNASSIGNED,513,512,512,NO_RECORDED_FACTOR_PRP_OR_LL_RESULT_AND_NO_ACTIVE_GIMPS_ASSIGNMENT,2026-08-09T04:34:14+00:00,UNALLOCATED,,,,,
SLCMP1765-3072,3072,3072,583655563,2^583655563-1,STRUCTURAL_SCREEN_EXHAUSTED_PRIMALITY_UNASSIGNED,GF3A_DIRECTIONAL_WRITE_EXHAUSTED_PRIMALITY_UNASSIGNED,514,512,512,NO_RECORDED_FACTOR_PRP_OR_LL_RESULT_AND_NO_ACTIVE_GIMPS_ASSIGNMENT,2026-08-09T04:34:14+00:00,UNALLOCATED,,,,,
SLCMP1765-3073,3073,3073,583655581,2^583655581-1,STRUCTURAL_SCREEN_EXHAUSTED_PRIMALITY_UNASSIGNED,GF3A_DIRECTIONAL_WRITE_EXHAUSTED_PRIMALITY_UNASSIGNED,513,512,512,NO_RECORDED_FACTOR_PRP_OR_LL_RESULT_AND_NO_ACTIVE_GIMPS_ASSIGNMENT,2026-08-09T04:34:14+00:00,UNALLOCATED,,,,,
SLCMP1765-3074,3074,3074,583655621,2^583655621-1,STRUCTURAL_SCREEN_EXHAUSTED_PRIMALITY_UNASSIGNED,GF3A_DIRECTIONAL_WRITE_EXHAUSTED_PRIMALITY_UNASSIGNED,513,512,512,NO_RECORDED_FACTOR_PRP_OR_LL_RESULT_AND_NO_ACTIVE_GIMPS_ASSIGNMENT,2026-08-09T04:34:14+00:00,UNALLOCATED,,,,,
SLCMP1765-3075,3075,3075,583655647,2^583655647-1,STRUCTURAL_SCREEN_EXHAUSTED_PRIMALITY_UNASSIGNED,GF3A_DIRECTIONAL_WRITE_EXHAUSTED_PRIMALITY_UNASSIGNED,514,512,512,NO_RECORDED_FACTOR_PRP_OR_LL_RESULT_AND_NO_ACTIVE_GIMPS_ASSIGNMENT,2026-08-09T04:34:14+00:00,UNALLOCATED,,,,,
SLCMP1765-3076,3076,3076,583655689,2^583655689-1,STRUCTURAL_SCREEN_EXHAUSTED_PRIMALITY_UNASSIGNED,GF3A_DIRECTIONAL_WRITE_EXHAUSTED_PRIMALITY_UNASSIGNED,513,512,512,NO_RECORDED_FACTOR_PRP_OR_LL_RESULT_AND_NO_ACTIVE_GIMPS_ASSIGNMENT,2026-08-09T04:34:14+00:00,UNALLOCATED,,,,,
SLCMP1765-3077,3077,3077,583655701,2^583655701-1,STRUCTURAL_SCREEN_EXHAUSTED_PRIMALITY_UNASSIGNED,GF3A_DIRECTIONAL_WRITE_EXHAUSTED_PRIMALITY_UNASSIGNED,513,512,512,NO_RECORDED_FACTOR_PRP_OR_LL_RESULT_AND_NO_ACTIVE_GIMPS_ASSIGNMENT,2026-08-09T04:34:14+00:00,UNALLOCATED,,,,,
SLCMP1765-3078,3078,3078,583655731,2^583655731-1,STRUCTURAL_SCREEN_EXHAUSTED_PRIMALITY_UNASSIGNED,GF3A_DIRECTIONAL_WRITE_EXHAUSTED_PRIMALITY_UNASSIGNED,514,512,512,NO_RECORDED_FACTOR_PRP_OR_LL_RESULT_AND_NO_ACTIVE_GIMPS_ASSIGNMENT,2026-08-09T04:34:14+00:00,UNALLOCATED,,,,,
SLCMP1765-3079,3079,3079,583655767,2^583655767-1,STRUCTURAL_SCREEN_EXHAUSTED_PRIMALITY_UNASSIGNED,GF3A_DIRECTIONAL_WRITE_EXHAUSTED_PRIMALITY_UNASSIGNED,514,512,512,NO_RECORDED_FACTOR_PRP_OR_LL_RESULT_AND_NO_ACTIVE_GIMPS_ASSIGNMENT,2026-08-09T04:34:14+00:00,UNALLOCATED,,,,,
SLCMP1765-3080,3080,3080,583655801,2^583655801-1,STRUCTURAL_SCREEN_EXHAUSTED_PRIMALITY_UNASSIGNED,GF3A_DIRECTIONAL_WRITE_EXHAUSTED_PRIMALITY_UNASSIGNED,513,512,512,NO_RECORDED_FACTOR_PRP_OR_LL_RESULT_AND_NO_ACTIVE_GIMPS_ASSIGNMENT,2026-08-09T04:34:14+00:00,UNALLOCATED,,,,,
SLCMP1765-3081,3081,3081,583655923,2^583655923-1,STRUCTURAL_SCREEN_EXHAUSTED_PRIMALITY_UNASSIGNED,GF3A_DIRECTIONAL_WRITE_EXHAUSTED_PRIMALITY_UNASSIGNED,514,512,512,NO_RECORDED_FACTOR_PRP_OR_LL_RESULT_AND_NO_ACTIVE_GIMPS_ASSIGNMENT,2026-08-09T04:34:14+00:00,UNALLOCATED,,,,,
SLCMP1765-3082,3082,3082,583655977,2^583655977-1,STRUCTURAL_SCREEN_EXHAUSTED_PRIMALITY_UNASSIGNED,GF3A_DIRECTIONAL_WRITE_EXHAUSTED_PRIMALITY_UNASSIGNED,513,512,512,NO_RECORDED_FACTOR_PRP_OR_LL_RESULT_AND_NO_ACTIVE_GIMPS_ASSIGNMENT,2026-08-09T04:34:14+00:00,UNALLOCATED,,,,,
SLCMP1765-3083,3083,3083,583656061,2^583656061-1,STRUCTURAL_SCREEN_EXHAUSTED_PRIMALITY_UNASSIGNED,GF3A_DIRECTIONAL_WRITE_EXHAUSTED_PRIMALITY_UNASSIGNED,513,512,512,NO_RECORDED_FACTOR_PRP_OR_LL_RESULT_AND_NO_ACTIVE_GIMPS_ASSIGNMENT,2026-08-09T04:34:14+00:00,UNALLOCATED,,,,,
SLCMP1765-3084,3084,3084,583656067,2^583656067-1,STRUCTURAL_SCREEN_EXHAUSTED_PRIMALITY_UNASSIGNED,GF3A_DIRECTIONAL_WRITE_EXHAUSTED_PRIMALITY_UNASSIGNED,514,512,512,NO_RECORDED_FACTOR_PRP_OR_LL_RESULT_AND_NO_ACTIVE_GIMPS_ASSIGNMENT,2026-08-09T04:34:14+00:00,UNALLOCATED,,,,,
SLCMP1765-3085,3085,3085,583656169,2^583656169-1,STRUCTURAL_SCREEN_EXHAUSTED_PRIMALITY_UNASSIGNED,GF3A_DIRECTIONAL_WRITE_EXHAUSTED_PRIMALITY_UNASSIGNED,513,512,512,NO_RECORDED_FACTOR_PRP_OR_LL_RESULT_AND_NO_ACTIVE_GIMPS_ASSIGNMENT,2026-08-09T04:34:14+00:00,UNALLOCATED,,,,,
SLCMP1765-3086,3086,3086,583656377,2^583656377-1,STRUCTURAL_SCREEN_EXHAUSTED_PRIMALITY_UNASSIGNED,GF3A_DIRECTIONAL_WRITE_EXHAUSTED_PRIMALITY_UNASSIGNED,513,512,512,NO_RECORDED_FACTOR_PRP_OR_LL_RESULT_AND_NO_ACTIVE_GIMPS_ASSIGNMENT,2026-08-09T04:34:14+00:00,UNALLOCATED,,,,,
SLCMP1765-3087,3087,3087,583656419,2^583656419-1,STRUCTURAL_SCREEN_EXHAUSTED_PRIMALITY_UNASSIGNED,GF3A_DIRECTIONAL_WRITE_EXHAUSTED_PRIMALITY_UNASSIGNED,514,512,512,NO_RECORDED_FACTOR_PRP_OR_LL_RESULT_AND_NO_ACTIVE_GIMPS_ASSIGNMENT,2026-08-09T04:34:14+00:00,UNALLOCATED,,,,,
SLCMP1765-3088,3088,3088,583656439,2^583656439-1,STRUCTURAL_SCREEN_EXHAUSTED_PRIMALITY_UNASSIGNED,GF3A_DIRECTIONAL_WRITE_EXHAUSTED_PRIMALITY_UNASSIGNED,514,512,512,NO_RECORDED_FACTOR_PRP_OR_LL_RESULT_AND_NO_ACTIVE_GIMPS_ASSIGNMENT,2026-08-09T04:34:14+00:00,UNALLOCATED,,,,,
SLCMP1765-3089,3089,3089,583656517,2^583656517-1,STRUCTURAL_SCREEN_EXHAUSTED_PRIMALITY_UNASSIGNED,GF3A_DIRECTIONAL_WRITE_EXHAUSTED_PRIMALITY_UNASSIGNED,513,512,512,NO_RECORDED_FACTOR_PRP_OR_LL_RESULT_AND_NO_ACTIVE_GIMPS_ASSIGNMENT,2026-08-09T04:34:14+00:00,UNALLOCATED,,,,,
SLCMP1765-3090,3090,3090,583656527,2^583656527-1,STRUCTURAL_SCREEN_EXHAUSTED_PRIMALITY_UNASSIGNED,GF3A_DIRECTIONAL_WRITE_EXHAUSTED_PRIMALITY_UNASSIGNED,514,512,512,NO_RECORDED_FACTOR_PRP_OR_LL_RESULT_AND_NO_ACTIVE_GIMPS_ASSIGNMENT,2026-08-09T04:34:14+00:00,UNALLOCATED,,,,,
SLCMP1765-3091,3091,3091,583656547,2^583656547-1,STRUCTURAL_SCREEN_EXHAUSTED_PRIMALITY_UNASSIGNED,GF3A_DIRECTIONAL_WRITE_EXHAUSTED_PRIMALITY_UNASSIGNED,514,512,512,NO_RECORDED_FACTOR_PRP_OR_LL_RESULT_AND_NO_ACTIVE_GIMPS_ASSIGNMENT,2026-08-09T04:34:14+00:00,UNALLOCATED,,,,,
SLCMP1765-3092,3092,3092,583656551,2^583656551-1,STRUCTURAL_SCREEN_EXHAUSTED_PRIMALITY_UNASSIGNED,GF3A_DIRECTIONAL_WRITE_EXHAUSTED_PRIMALITY_UNASSIGNED,514,512,512,NO_RECORDED_FACTOR_PRP_OR_LL_RESULT_AND_NO_ACTIVE_GIMPS_ASSIGNMENT,2026-08-09T04:34:14+00:00,UNALLOCATED,,,,,
SLCMP1765-3093,3093,3093,583656559,2^583656559-1,STRUCTURAL_SCREEN_EXHAUSTED_PRIMALITY_UNASSIGNED,GF3A_DIRECTIONAL_WRITE_EXHAUSTED_PRIMALITY_UNASSIGNED,514,512,512,NO_RECORDED_FACTOR_PRP_OR_LL_RESULT_AND_NO_ACTIVE_GIMPS_ASSIGNMENT,2026-08-09T04:34:14+00:00,UNALLOCATED,,,,,
SLCMP1765-3094,3094,3094,583656569,2^583656569-1,STRUCTURAL_SCREEN_EXHAUSTED_PRIMALITY_UNASSIGNED,GF3A_DIRECTIONAL_WRITE_EXHAUSTED_PRIMALITY_UNASSIGNED,513,512,512,NO_RECORDED_FACTOR_PRP_OR_LL_RESULT_AND_NO_ACTIVE_GIMPS_ASSIGNMENT,2026-08-09T04:34:14+00:00,UNALLOCATED,,,,,
SLCMP1765-3095,3095,3095,583656613,2^583656613-1,STRUCTURAL_SCREEN_EXHAUSTED_PRIMALITY_UNASSIGNED,GF3A_DIRECTIONAL_WRITE_EXHAUSTED_PRIMALITY_UNASSIGNED,513,512,512,NO_RECORDED_FACTOR_PRP_OR_LL_RESULT_AND_NO_ACTIVE_GIMPS_ASSIGNMENT,2026-08-09T04:34:14+00:00,UNALLOCATED,,,,,
SLCMP1765-3096,3096,3096,583656641,2^583656641-1,STRUCTURAL_SCREEN_EXHAUSTED_PRIMALITY_UNASSIGNED,GF3A_DIRECTIONAL_WRITE_EXHAUSTED_PRIMALITY_UNASSIGNED,513,512,512,NO_RECORDED_FACTOR_PRP_OR_LL_RESULT_AND_NO_ACTIVE_GIMPS_ASSIGNMENT,2026-08-09T04:34:14+00:00,UNALLOCATED,,,,,
SLCMP1765-3097,3097,3097,583656643,2^583656643-1,STRUCTURAL_SCREEN_EXHAUSTED_PRIMALITY_UNASSIGNED,GF3A_DIRECTIONAL_WRITE_EXHAUSTED_PRIMALITY_UNASSIGNED,514,512,512,NO_RECORDED_FACTOR_PRP_OR_LL_RESULT_AND_NO_ACTIVE_GIMPS_ASSIGNMENT,2026-08-09T04:34:14+00:00,UNALLOCATED,,,,,
SLCMP1765-3098,3098,3098,583656659,2^583656659-1,STRUCTURAL_SCREEN_EXHAUSTED_PRIMALITY_UNASSIGNED,GF3A_DIRECTIONAL_WRITE_EXHAUSTED_PRIMALITY_UNASSIGNED,514,512,512,NO_RECORDED_FACTOR_PRP_OR_LL_RESULT_AND_NO_ACTIVE_GIMPS_ASSIGNMENT,2026-08-09T04:34:14+00:00,UNALLOCATED,,,,,
SLCMP1765-3099,3099,3099,583656737,2^583656737-1,STRUCTURAL_SCREEN_EXHAUSTED_PRIMALITY_UNASSIGNED,GF3A_DIRECTIONAL_WRITE_EXHAUSTED_PRIMALITY_UNASSIGNED,513,512,512,NO_RECORDED_FACTOR_PRP_OR_LL_RESULT_AND_NO_ACTIVE_GIMPS_ASSIGNMENT,2026-08-09T04:34:14+00:00,UNALLOCATED,,,,,
SLCMP1765-3100,3100,3100,583656779,2^583656779-1,STRUCTURAL_SCREEN_EXHAUSTED_PRIMALITY_UNASSIGNED,GF3A_DIRECTIONAL_WRITE_EXHAUSTED_PRIMALITY_UNASSIGNED,514,512,512,NO_RECORDED_FACTOR_PRP_OR_LL_RESULT_AND_NO_ACTIVE_GIMPS_ASSIGNMENT,2026-08-09T04:34:14+00:00,UNALLOCATED,,,,,
SLCMP1765-3101,3101,3101,583656793,2^583656793-1,STRUCTURAL_SCREEN_EXHAUSTED_PRIMALITY_UNASSIGNED,GF3A_DIRECTIONAL_WRITE_EXHAUSTED_PRIMALITY_UNASSIGNED,513,512,512,NO_RECORDED_FACTOR_PRP_OR_LL_RESULT_AND_NO_ACTIVE_GIMPS_ASSIGNMENT,2026-08-09T04:34:14+00:00,UNALLOCATED,,,,,
SLCMP1765-3102,3102,3102,583656883,2^583656883-1,STRUCTURAL_SCREEN_EXHAUSTED_PRIMALITY_UNASSIGNED,GF3A_DIRECTIONAL_WRITE_EXHAUSTED_PRIMALITY_UNASSIGNED,514,512,512,NO_RECORDED_FACTOR_PRP_OR_LL_RESULT_AND_NO_ACTIVE_GIMPS_ASSIGNMENT,2026-08-09T04:34:14+00:00,UNALLOCATED,,,,,
SLCMP1765-3103,3103,3103,583656889,2^583656889-1,STRUCTURAL_SCREEN_EXHAUSTED_PRIMALITY_UNASSIGNED,GF3A_DIRECTIONAL_WRITE_EXHAUSTED_PRIMALITY_UNASSIGNED,513,512,512,NO_RECORDED_FACTOR_PRP_OR_LL_RESULT_AND_NO_ACTIVE_GIMPS_ASSIGNMENT,2026-08-09T04:34:14+00:00,UNALLOCATED,,,,,
SLCMP1765-3104,3104,3104,583656919,2^583656919-1,STRUCTURAL_SCREEN_EXHAUSTED_PRIMALITY_UNASSIGNED,GF3A_DIRECTIONAL_WRITE_EXHAUSTED_PRIMALITY_UNASSIGNED,514,512,512,NO_RECORDED_FACTOR_PRP_OR_LL_RESULT_AND_NO_ACTIVE_GIMPS_ASSIGNMENT,2026-08-09T04:34:14+00:00,UNALLOCATED,,,,,
SLCMP1765-3105,3105,3105,583657013,2^583657013-1,STRUCTURAL_SCREEN_EXHAUSTED_PRIMALITY_UNASSIGNED,GF3A_DIRECTIONAL_WRITE_EXHAUSTED_PRIMALITY_UNASSIGNED,513,512,512,NO_RECORDED_FACTOR_PRP_OR_LL_RESULT_AND_NO_ACTIVE_GIMPS_ASSIGNMENT,2026-08-09T04:34:14+00:00,UNALLOCATED,,,,,
SLCMP1765-3106,3106,3106,583657021,2^583657021-1,STRUCTURAL_SCREEN_EXHAUSTED_PRIMALITY_UNASSIGNED,GF3A_DIRECTIONAL_WRITE_EXHAUSTED_PRIMALITY_UNASSIGNED,513,512,512,NO_RECORDED_FACTOR_PRP_OR_LL_RESULT_AND_NO_ACTIVE_GIMPS_ASSIGNMENT,2026-08-09T04:34:14+00:00,UNALLOCATED,,,,,
SLCMP1765-3107,3107,3107,583657097,2^583657097-1,STRUCTURAL_SCREEN_EXHAUSTED_PRIMALITY_UNASSIGNED,GF3A_DIRECTIONAL_WRITE_EXHAUSTED_PRIMALITY_UNASSIGNED,513,512,512,NO_RECORDED_FACTOR_PRP_OR_LL_RESULT_AND_NO_ACTIVE_GIMPS_ASSIGNMENT,2026-08-09T04:34:14+00:00,UNALLOCATED,,,,,
SLCMP1765-3108,3108,3108,583657111,2^583657111-1,STRUCTURAL_SCREEN_EXHAUSTED_PRIMALITY_UNASSIGNED,GF3A_DIRECTIONAL_WRITE_EXHAUSTED_PRIMALITY_UNASSIGNED,514,512,512,NO_RECORDED_FACTOR_PRP_OR_LL_RESULT_AND_NO_ACTIVE_GIMPS_ASSIGNMENT,2026-08-09T04:34:14+00:00,UNALLOCATED,,,,,
SLCMP1765-3109,3109,3109,583657169,2^583657169-1,STRUCTURAL_SCREEN_EXHAUSTED_PRIMALITY_UNASSIGNED,GF3A_DIRECTIONAL_WRITE_EXHAUSTED_PRIMALITY_UNASSIGNED,513,512,512,NO_RECORDED_FACTOR_PRP_OR_LL_RESULT_AND_NO_ACTIVE_GIMPS_ASSIGNMENT,2026-08-09T04:34:14+00:00,UNALLOCATED,,,,,
SLCMP1765-3110,3110,3110,583657201,2^583657201-1,STRUCTURAL_SCREEN_EXHAUSTED_PRIMALITY_UNASSIGNED,GF3A_DIRECTIONAL_WRITE_EXHAUSTED_PRIMALITY_UNASSIGNED,513,512,512,NO_RECORDED_FACTOR_PRP_OR_LL_RESULT_AND_NO_ACTIVE_GIMPS_ASSIGNMENT,2026-08-09T04:34:14+00:00,UNALLOCATED,,,,,
SLCMP1765-3111,3111,3111,583657237,2^583657237-1,STRUCTURAL_SCREEN_EXHAUSTED_PRIMALITY_UNASSIGNED,GF3A_DIRECTIONAL_WRITE_EXHAUSTED_PRIMALITY_UNASSIGNED,513,512,512,NO_RECORDED_FACTOR_PRP_OR_LL_RESULT_AND_NO_ACTIVE_GIMPS_ASSIGNMENT,2026-08-09T04:34:14+00:00,UNALLOCATED,,,,,
SLCMP1765-3112,3112,3112,583657241,2^583657241-1,STRUCTURAL_SCREEN_EXHAUSTED_PRIMALITY_UNASSIGNED,GF3A_DIRECTIONAL_WRITE_EXHAUSTED_PRIMALITY_UNASSIGNED,513,512,512,NO_RECORDED_FACTOR_PRP_OR_LL_RESULT_AND_NO_ACTIVE_GIMPS_ASSIGNMENT,2026-08-09T04:34:14+00:00,UNALLOCATED,,,,,
SLCMP1765-3113,3113,3113,583657387,2^583657387-1,STRUCTURAL_SCREEN_EXHAUSTED_PRIMALITY_UNASSIGNED,GF3A_DIRECTIONAL_WRITE_EXHAUSTED_PRIMALITY_UNASSIGNED,514,512,512,NO_RECORDED_FACTOR_PRP_OR_LL_RESULT_AND_NO_ACTIVE_GIMPS_ASSIGNMENT,2026-08-09T04:34:14+00:00,UNALLOCATED,,,,,
SLCMP1765-3114,3114,3114,583657397,2^583657397-1,STRUCTURAL_SCREEN_EXHAUSTED_PRIMALITY_UNASSIGNED,GF3A_DIRECTIONAL_WRITE_EXHAUSTED_PRIMALITY_UNASSIGNED,513,512,512,NO_RECORDED_FACTOR_PRP_OR_LL_RESULT_AND_NO_ACTIVE_GIMPS_ASSIGNMENT,2026-08-09T04:34:14+00:00,UNALLOCATED,,,,,
SLCMP1765-3115,3115,3115,583657423,2^583657423-1,STRUCTURAL_SCREEN_EXHAUSTED_PRIMALITY_UNASSIGNED,GF3A_DIRECTIONAL_WRITE_EXHAUSTED_PRIMALITY_UNASSIGNED,514,512,512,NO_RECORDED_FACTOR_PRP_OR_LL_RESULT_AND_NO_ACTIVE_GIMPS_ASSIGNMENT,2026-08-09T04:34:14+00:00,UNALLOCATED,,,,,
SLCMP1765-3116,3116,3116,583657433,2^583657433-1,STRUCTURAL_SCREEN_EXHAUSTED_PRIMALITY_UNASSIGNED,GF3A_DIRECTIONAL_WRITE_EXHAUSTED_PRIMALITY_UNASSIGNED,513,512,512,NO_RECORDED_FACTOR_PRP_OR_LL_RESULT_AND_NO_ACTIVE_GIMPS_ASSIGNMENT,2026-08-09T04:34:14+00:00,UNALLOCATED,,,,,
SLCMP1765-3117,3117,3117,583657589,2^583657589-1,STRUCTURAL_SCREEN_EXHAUSTED_PRIMALITY_UNASSIGNED,GF3A_DIRECTIONAL_WRITE_EXHAUSTED_PRIMALITY_UNASSIGNED,513,512,512,NO_RECORDED_FACTOR_PRP_OR_LL_RESULT_AND_NO_ACTIVE_GIMPS_ASSIGNMENT,2026-08-09T04:34:14+00:00,UNALLOCATED,,,,,
SLCMP1765-3118,3118,3118,583657643,2^583657643-1,STRUCTURAL_SCREEN_EXHAUSTED_PRIMALITY_UNASSIGNED,GF3A_DIRECTIONAL_WRITE_EXHAUSTED_PRIMALITY_UNASSIGNED,514,512,512,NO_RECORDED_FACTOR_PRP_OR_LL_RESULT_AND_NO_ACTIVE_GIMPS_ASSIGNMENT,2026-08-09T04:34:14+00:00,UNALLOCATED,,,,,
SLCMP1765-3119,3119,3119,583657667,2^583657667-1,STRUCTURAL_SCREEN_EXHAUSTED_PRIMALITY_UNASSIGNED,GF3A_DIRECTIONAL_WRITE_EXHAUSTED_PRIMALITY_UNASSIGNED,514,512,512,NO_RECORDED_FACTOR_PRP_OR_LL_RESULT_AND_NO_ACTIVE_GIMPS_ASSIGNMENT,2026-08-09T04:34:14+00:00,UNALLOCATED,,,,,
SLCMP1765-3120,3120,3120,583657681,2^583657681-1,STRUCTURAL_SCREEN_EXHAUSTED_PRIMALITY_UNASSIGNED,GF3A_DIRECTIONAL_WRITE_EXHAUSTED_PRIMALITY_UNASSIGNED,513,512,512,NO_RECORDED_FACTOR_PRP_OR_LL_RESULT_AND_NO_ACTIVE_GIMPS_ASSIGNMENT,2026-08-09T04:34:14+00:00,UNALLOCATED,,,,,
SLCMP1765-3121,3121,3121,583657691,2^583657691-1,STRUCTURAL_SCREEN_EXHAUSTED_PRIMALITY_UNASSIGNED,GF3A_DIRECTIONAL_WRITE_EXHAUSTED_PRIMALITY_UNASSIGNED,514,512,512,NO_RECORDED_FACTOR_PRP_OR_LL_RESULT_AND_NO_ACTIVE_GIMPS_ASSIGNMENT,2026-08-09T04:34:14+00:00,UNALLOCATED,,,,,
SLCMP1765-3122,3122,3122,583657709,2^583657709-1,STRUCTURAL_SCREEN_EXHAUSTED_PRIMALITY_UNASSIGNED,GF3A_DIRECTIONAL_WRITE_EXHAUSTED_PRIMALITY_UNASSIGNED,513,512,512,NO_RECORDED_FACTOR_PRP_OR_LL_RESULT_AND_NO_ACTIVE_GIMPS_ASSIGNMENT,2026-08-09T04:34:14+00:00,UNALLOCATED,,,,,
SLCMP1765-3123,3123,3123,583657757,2^583657757-1,STRUCTURAL_SCREEN_EXHAUSTED_PRIMALITY_UNASSIGNED,GF3A_DIRECTIONAL_WRITE_EXHAUSTED_PRIMALITY_UNASSIGNED,513,512,512,NO_RECORDED_FACTOR_PRP_OR_LL_RESULT_AND_NO_ACTIVE_GIMPS_ASSIGNMENT,2026-08-09T04:34:14+00:00,UNALLOCATED,,,,,
SLCMP1765-3124,3124,3124,583657807,2^583657807-1,STRUCTURAL_SCREEN_EXHAUSTED_PRIMALITY_UNASSIGNED,GF3A_DIRECTIONAL_WRITE_EXHAUSTED_PRIMALITY_UNASSIGNED,514,512,512,NO_RECORDED_FACTOR_PRP_OR_LL_RESULT_AND_NO_ACTIVE_GIMPS_ASSIGNMENT,2026-08-09T04:34:14+00:00,UNALLOCATED,,,,,
SLCMP1765-3125,3125,3125,583657829,2^583657829-1,STRUCTURAL_SCREEN_EXHAUSTED_PRIMALITY_UNASSIGNED,GF3A_DIRECTIONAL_WRITE_EXHAUSTED_PRIMALITY_UNASSIGNED,513,512,512,NO_RECORDED_FACTOR_PRP_OR_LL_RESULT_AND_NO_ACTIVE_GIMPS_ASSIGNMENT,2026-08-09T04:34:14+00:00,UNALLOCATED,,,,,
SLCMP1765-3126,3126,3126,583657933,2^583657933-1,STRUCTURAL_SCREEN_EXHAUSTED_PRIMALITY_UNASSIGNED,GF3A_DIRECTIONAL_WRITE_EXHAUSTED_PRIMALITY_UNASSIGNED,513,512,512,NO_RECORDED_FACTOR_PRP_OR_LL_RESULT_AND_NO_ACTIVE_GIMPS_ASSIGNMENT,2026-08-09T04:34:14+00:00,UNALLOCATED,,,,,
SLCMP1765-3127,3127,3127,583657939,2^583657939-1,STRUCTURAL_SCREEN_EXHAUSTED_PRIMALITY_UNASSIGNED,GF3A_DIRECTIONAL_WRITE_EXHAUSTED_PRIMALITY_UNASSIGNED,514,512,512,NO_RECORDED_FACTOR_PRP_OR_LL_RESULT_AND_NO_ACTIVE_GIMPS_ASSIGNMENT,2026-08-09T04:34:14+00:00,UNALLOCATED,,,,,
SLCMP1765-3128,3128,3128,583657969,2^583657969-1,STRUCTURAL_SCREEN_EXHAUSTED_PRIMALITY_UNASSIGNED,GF3A_DIRECTIONAL_WRITE_EXHAUSTED_PRIMALITY_UNASSIGNED,513,512,512,NO_RECORDED_FACTOR_PRP_OR_LL_RESULT_AND_NO_ACTIVE_GIMPS_ASSIGNMENT,2026-08-09T04:34:14+00:00,UNALLOCATED,,,,,
SLCMP1765-3129,3129,3129,583658039,2^583658039-1,STRUCTURAL_SCREEN_EXHAUSTED_PRIMALITY_UNASSIGNED,GF3A_DIRECTIONAL_WRITE_EXHAUSTED_PRIMALITY_UNASSIGNED,514,512,512,NO_RECORDED_FACTOR_PRP_OR_LL_RESULT_AND_NO_ACTIVE_GIMPS_ASSIGNMENT,2026-08-09T04:34:14+00:00,UNALLOCATED,,,,,
SLCMP1765-3130,3130,3130,583658041,2^583658041-1,STRUCTURAL_SCREEN_EXHAUSTED_PRIMALITY_UNASSIGNED,GF3A_DIRECTIONAL_WRITE_EXHAUSTED_PRIMALITY_UNASSIGNED,513,512,512,NO_RECORDED_FACTOR_PRP_OR_LL_RESULT_AND_NO_ACTIVE_GIMPS_ASSIGNMENT,2026-08-09T04:34:14+00:00,UNALLOCATED,,,,,
SLCMP1765-3131,3131,3131,583658057,2^583658057-1,STRUCTURAL_SCREEN_EXHAUSTED_PRIMALITY_UNASSIGNED,GF3A_DIRECTIONAL_WRITE_EXHAUSTED_PRIMALITY_UNASSIGNED,513,512,512,NO_RECORDED_FACTOR_PRP_OR_LL_RESULT_AND_NO_ACTIVE_GIMPS_ASSIGNMENT,2026-08-09T04:34:14+00:00,UNALLOCATED,,,,,
SLCMP1765-3132,3132,3132,583658069,2^583658069-1,STRUCTURAL_SCREEN_EXHAUSTED_PRIMALITY_UNASSIGNED,GF3A_DIRECTIONAL_WRITE_EXHAUSTED_PRIMALITY_UNASSIGNED,513,512,512,NO_RECORDED_FACTOR_PRP_OR_LL_RESULT_AND_NO_ACTIVE_GIMPS_ASSIGNMENT,2026-08-09T04:34:14+00:00,UNALLOCATED,,,,,
SLCMP1765-3133,3133,3133,583658167,2^583658167-1,STRUCTURAL_SCREEN_EXHAUSTED_PRIMALITY_UNASSIGNED,GF3A_DIRECTIONAL_WRITE_EXHAUSTED_PRIMALITY_UNASSIGNED,514,512,512,NO_RECORDED_FACTOR_PRP_OR_LL_RESULT_AND_NO_ACTIVE_GIMPS_ASSIGNMENT,2026-08-09T04:34:14+00:00,UNALLOCATED,,,,,
SLCMP1765-3134,3134,3134,583658227,2^583658227-1,STRUCTURAL_SCREEN_EXHAUSTED_PRIMALITY_UNASSIGNED,GF3A_DIRECTIONAL_WRITE_EXHAUSTED_PRIMALITY_UNASSIGNED,514,512,512,NO_RECORDED_FACTOR_PRP_OR_LL_RESULT_AND_NO_ACTIVE_GIMPS_ASSIGNMENT,2026-08-09T04:34:14+00:00,UNALLOCATED,,,,,
SLCMP1765-3135,3135,3135,583658233,2^583658233-1,STRUCTURAL_SCREEN_EXHAUSTED_PRIMALITY_UNASSIGNED,GF3A_DIRECTIONAL_WRITE_EXHAUSTED_PRIMALITY_UNASSIGNED,513,512,512,NO_RECORDED_FACTOR_PRP_OR_LL_RESULT_AND_NO_ACTIVE_GIMPS_ASSIGNMENT,2026-08-09T04:34:14+00:00,UNALLOCATED,,,,,
SLCMP1765-3136,3136,3136,583658249,2^583658249-1,STRUCTURAL_SCREEN_EXHAUSTED_PRIMALITY_UNASSIGNED,GF3A_DIRECTIONAL_WRITE_EXHAUSTED_PRIMALITY_UNASSIGNED,513,512,512,NO_RECORDED_FACTOR_PRP_OR_LL_RESULT_AND_NO_ACTIVE_GIMPS_ASSIGNMENT,2026-08-09T04:34:14+00:00,UNALLOCATED,,,,,
SLCMP1765-3137,3137,3137,583658291,2^583658291-1,STRUCTURAL_SCREEN_EXHAUSTED_PRIMALITY_UNASSIGNED,GF3A_DIRECTIONAL_WRITE_EXHAUSTED_PRIMALITY_UNASSIGNED,514,512,512,NO_RECORDED_FACTOR_PRP_OR_LL_RESULT_AND_NO_ACTIVE_GIMPS_ASSIGNMENT,2026-08-09T04:34:14+00:00,UNALLOCATED,,,,,
SLCMP1765-3138,3138,3138,583658371,2^583658371-1,STRUCTURAL_SCREEN_EXHAUSTED_PRIMALITY_UNASSIGNED,GF3A_DIRECTIONAL_WRITE_EXHAUSTED_PRIMALITY_UNASSIGNED,514,512,512,NO_RECORDED_FACTOR_PRP_OR_LL_RESULT_AND_NO_ACTIVE_GIMPS_ASSIGNMENT,2026-08-09T04:34:14+00:00,UNALLOCATED,,,,,
SLCMP1765-3139,3139,3139,583658389,2^583658389-1,STRUCTURAL_SCREEN_EXHAUSTED_PRIMALITY_UNASSIGNED,GF3A_DIRECTIONAL_WRITE_EXHAUSTED_PRIMALITY_UNASSIGNED,513,512,512,NO_RECORDED_FACTOR_PRP_OR_LL_RESULT_AND_NO_ACTIVE_GIMPS_ASSIGNMENT,2026-08-09T04:34:14+00:00,UNALLOCATED,,,,,
SLCMP1765-3140,3140,3140,583658423,2^583658423-1,STRUCTURAL_SCREEN_EXHAUSTED_PRIMALITY_UNASSIGNED,GF3A_DIRECTIONAL_WRITE_EXHAUSTED_PRIMALITY_UNASSIGNED,514,512,512,NO_RECORDED_FACTOR_PRP_OR_LL_RESULT_AND_NO_ACTIVE_GIMPS_ASSIGNMENT,2026-08-09T04:34:14+00:00,UNALLOCATED,,,,,
SLCMP1765-3141,3141,3141,583658521,2^583658521-1,STRUCTURAL_SCREEN_EXHAUSTED_PRIMALITY_UNASSIGNED,GF3A_DIRECTIONAL_WRITE_EXHAUSTED_PRIMALITY_UNASSIGNED,513,512,512,NO_RECORDED_FACTOR_PRP_OR_LL_RESULT_AND_NO_ACTIVE_GIMPS_ASSIGNMENT,2026-08-09T04:34:14+00:00,UNALLOCATED,,,,,
SLCMP1765-3142,3142,3142,583658527,2^583658527-1,STRUCTURAL_SCREEN_EXHAUSTED_PRIMALITY_UNASSIGNED,GF3A_DIRECTIONAL_WRITE_EXHAUSTED_PRIMALITY_UNASSIGNED,514,512,512,NO_RECORDED_FACTOR_PRP_OR_LL_RESULT_AND_NO_ACTIVE_GIMPS_ASSIGNMENT,2026-08-09T04:34:14+00:00,UNALLOCATED,,,,,
SLCMP1765-3143,3143,3143,583658531,2^583658531-1,STRUCTURAL_SCREEN_EXHAUSTED_PRIMALITY_UNASSIGNED,GF3A_DIRECTIONAL_WRITE_EXHAUSTED_PRIMALITY_UNASSIGNED,514,512,512,NO_RECORDED_FACTOR_PRP_OR_LL_RESULT_AND_NO_ACTIVE_GIMPS_ASSIGNMENT,2026-08-09T04:34:14+00:00,UNALLOCATED,,,,,
SLCMP1765-3144,3144,3144,583658597,2^583658597-1,STRUCTURAL_SCREEN_EXHAUSTED_PRIMALITY_UNASSIGNED,GF3A_DIRECTIONAL_WRITE_EXHAUSTED_PRIMALITY_UNASSIGNED,513,512,512,NO_RECORDED_FACTOR_PRP_OR_LL_RESULT_AND_NO_ACTIVE_GIMPS_ASSIGNMENT,2026-08-09T04:34:14+00:00,UNALLOCATED,,,,,
SLCMP1765-3145,3145,3145,583658617,2^583658617-1,STRUCTURAL_SCREEN_EXHAUSTED_PRIMALITY_UNASSIGNED,GF3A_DIRECTIONAL_WRITE_EXHAUSTED_PRIMALITY_UNASSIGNED,513,512,512,NO_RECORDED_FACTOR_PRP_OR_LL_RESULT_AND_NO_ACTIVE_GIMPS_ASSIGNMENT,2026-08-09T04:34:14+00:00,UNALLOCATED,,,,,
SLCMP1765-3146,3146,3146,583658729,2^583658729-1,STRUCTURAL_SCREEN_EXHAUSTED_PRIMALITY_UNASSIGNED,GF3A_DIRECTIONAL_WRITE_EXHAUSTED_PRIMALITY_UNASSIGNED,513,512,512,NO_RECORDED_FACTOR_PRP_OR_LL_RESULT_AND_NO_ACTIVE_GIMPS_ASSIGNMENT,2026-08-09T04:34:14+00:00,UNALLOCATED,,,,,
SLCMP1765-3147,3147,3147,583658749,2^583658749-1,STRUCTURAL_SCREEN_EXHAUSTED_PRIMALITY_UNASSIGNED,GF3A_DIRECTIONAL_WRITE_EXHAUSTED_PRIMALITY_UNASSIGNED,513,512,512,NO_RECORDED_FACTOR_PRP_OR_LL_RESULT_AND_NO_ACTIVE_GIMPS_ASSIGNMENT,2026-08-09T04:34:14+00:00,UNALLOCATED,,,,,
SLCMP1765-3148,3148,3148,583658759,2^583658759-1,STRUCTURAL_SCREEN_EXHAUSTED_PRIMALITY_UNASSIGNED,GF3A_DIRECTIONAL_WRITE_EXHAUSTED_PRIMALITY_UNASSIGNED,514,512,512,NO_RECORDED_FACTOR_PRP_OR_LL_RESULT_AND_NO_ACTIVE_GIMPS_ASSIGNMENT,2026-08-09T04:34:14+00:00,UNALLOCATED,,,,,
SLCMP1765-3149,3149,3149,583658783,2^583658783-1,STRUCTURAL_SCREEN_EXHAUSTED_PRIMALITY_UNASSIGNED,GF3A_DIRECTIONAL_WRITE_EXHAUSTED_PRIMALITY_UNASSIGNED,514,512,512,NO_RECORDED_FACTOR_PRP_OR_LL_RESULT_AND_NO_ACTIVE_GIMPS_ASSIGNMENT,2026-08-09T04:34:14+00:00,UNALLOCATED,,,,,
SLCMP1765-3150,3150,3150,583658791,2^583658791-1,STRUCTURAL_SCREEN_EXHAUSTED_PRIMALITY_UNASSIGNED,GF3A_DIRECTIONAL_WRITE_EXHAUSTED_PRIMALITY_UNASSIGNED,514,512,512,NO_RECORDED_FACTOR_PRP_OR_LL_RESULT_AND_NO_ACTIVE_GIMPS_ASSIGNMENT,2026-08-09T04:34:14+00:00,UNALLOCATED,,,,,
SLCMP1765-3151,3151,3151,583658813,2^583658813-1,STRUCTURAL_SCREEN_EXHAUSTED_PRIMALITY_UNASSIGNED,GF3A_DIRECTIONAL_WRITE_EXHAUSTED_PRIMALITY_UNASSIGNED,513,512,512,NO_RECORDED_FACTOR_PRP_OR_LL_RESULT_AND_NO_ACTIVE_GIMPS_ASSIGNMENT,2026-08-09T04:34:14+00:00,UNALLOCATED,,,,,
SLCMP1765-3152,3152,3152,583658897,2^583658897-1,STRUCTURAL_SCREEN_EXHAUSTED_PRIMALITY_UNASSIGNED,GF3A_DIRECTIONAL_WRITE_EXHAUSTED_PRIMALITY_UNASSIGNED,513,512,512,NO_RECORDED_FACTOR_PRP_OR_LL_RESULT_AND_NO_ACTIVE_GIMPS_ASSIGNMENT,2026-08-09T04:34:14+00:00,UNALLOCATED,,,,,
SLCMP1765-3153,3153,3153,583658939,2^583658939-1,STRUCTURAL_SCREEN_EXHAUSTED_PRIMALITY_UNASSIGNED,GF3A_DIRECTIONAL_WRITE_EXHAUSTED_PRIMALITY_UNASSIGNED,514,512,512,NO_RECORDED_FACTOR_PRP_OR_LL_RESULT_AND_NO_ACTIVE_GIMPS_ASSIGNMENT,2026-08-09T04:34:14+00:00,UNALLOCATED,,,,,
SLCMP1765-3154,3154,3154,583658947,2^583658947-1,STRUCTURAL_SCREEN_EXHAUSTED_PRIMALITY_UNASSIGNED,GF3A_DIRECTIONAL_WRITE_EXHAUSTED_PRIMALITY_UNASSIGNED,514,512,512,NO_RECORDED_FACTOR_PRP_OR_LL_RESULT_AND_NO_ACTIVE_GIMPS_ASSIGNMENT,2026-08-09T04:34:14+00:00,UNALLOCATED,,,,,
SLCMP1765-3155,3155,3155,583658953,2^583658953-1,STRUCTURAL_SCREEN_EXHAUSTED_PRIMALITY_UNASSIGNED,GF3A_DIRECTIONAL_WRITE_EXHAUSTED_PRIMALITY_UNASSIGNED,513,512,512,NO_RECORDED_FACTOR_PRP_OR_LL_RESULT_AND_NO_ACTIVE_GIMPS_ASSIGNMENT,2026-08-09T04:34:14+00:00,UNALLOCATED,,,,,
SLCMP1765-3156,3156,3156,583658989,2^583658989-1,STRUCTURAL_SCREEN_EXHAUSTED_PRIMALITY_UNASSIGNED,GF3A_DIRECTIONAL_WRITE_EXHAUSTED_PRIMALITY_UNASSIGNED,513,512,512,NO_RECORDED_FACTOR_PRP_OR_LL_RESULT_AND_NO_ACTIVE_GIMPS_ASSIGNMENT,2026-08-09T04:34:14+00:00,UNALLOCATED,,,,,
SLCMP1765-3157,3157,3157,583659047,2^583659047-1,STRUCTURAL_SCREEN_EXHAUSTED_PRIMALITY_UNASSIGNED,GF3A_DIRECTIONAL_WRITE_EXHAUSTED_PRIMALITY_UNASSIGNED,514,512,512,NO_RECORDED_FACTOR_PRP_OR_LL_RESULT_AND_NO_ACTIVE_GIMPS_ASSIGNMENT,2026-08-09T04:34:14+00:00,UNALLOCATED,,,,,
SLCMP1765-3158,3158,3158,583659073,2^583659073-1,STRUCTURAL_SCREEN_EXHAUSTED_PRIMALITY_UNASSIGNED,GF3A_DIRECTIONAL_WRITE_EXHAUSTED_PRIMALITY_UNASSIGNED,513,512,512,NO_RECORDED_FACTOR_PRP_OR_LL_RESULT_AND_NO_ACTIVE_GIMPS_ASSIGNMENT,2026-08-09T04:34:14+00:00,UNALLOCATED,,,,,
SLCMP1765-3159,3159,3159,583659277,2^583659277-1,STRUCTURAL_SCREEN_EXHAUSTED_PRIMALITY_UNASSIGNED,GF3A_DIRECTIONAL_WRITE_EXHAUSTED_PRIMALITY_UNASSIGNED,513,512,512,NO_RECORDED_FACTOR_PRP_OR_LL_RESULT_AND_NO_ACTIVE_GIMPS_ASSIGNMENT,2026-08-09T04:34:14+00:00,UNALLOCATED,,,,,
SLCMP1765-3160,3160,3160,583659299,2^583659299-1,STRUCTURAL_SCREEN_EXHAUSTED_PRIMALITY_UNASSIGNED,GF3A_DIRECTIONAL_WRITE_EXHAUSTED_PRIMALITY_UNASSIGNED,514,512,512,NO_RECORDED_FACTOR_PRP_OR_LL_RESULT_AND_NO_ACTIVE_GIMPS_ASSIGNMENT,2026-08-09T04:34:14+00:00,UNALLOCATED,,,,,
SLCMP1765-3161,3161,3161,583659437,2^583659437-1,STRUCTURAL_SCREEN_EXHAUSTED_PRIMALITY_UNASSIGNED,GF3A_DIRECTIONAL_WRITE_EXHAUSTED_PRIMALITY_UNASSIGNED,513,512,512,NO_RECORDED_FACTOR_PRP_OR_LL_RESULT_AND_NO_ACTIVE_GIMPS_ASSIGNMENT,2026-08-09T04:34:14+00:00,UNALLOCATED,,,,,
SLCMP1765-3162,3162,3162,583659457,2^583659457-1,STRUCTURAL_SCREEN_EXHAUSTED_PRIMALITY_UNASSIGNED,GF3A_DIRECTIONAL_WRITE_EXHAUSTED_PRIMALITY_UNASSIGNED,513,512,512,NO_RECORDED_FACTOR_PRP_OR_LL_RESULT_AND_NO_ACTIVE_GIMPS_ASSIGNMENT,2026-08-09T04:34:14+00:00,UNALLOCATED,,,,,
SLCMP1765-3163,3163,3163,583659541,2^583659541-1,STRUCTURAL_SCREEN_EXHAUSTED_PRIMALITY_UNASSIGNED,GF3A_DIRECTIONAL_WRITE_EXHAUSTED_PRIMALITY_UNASSIGNED,513,512,512,NO_RECORDED_FACTOR_PRP_OR_LL_RESULT_AND_NO_ACTIVE_GIMPS_ASSIGNMENT,2026-08-09T04:34:14+00:00,UNALLOCATED,,,,,
SLCMP1765-3164,3164,3164,583659631,2^583659631-1,STRUCTURAL_SCREEN_EXHAUSTED_PRIMALITY_UNASSIGNED,GF3A_DIRECTIONAL_WRITE_EXHAUSTED_PRIMALITY_UNASSIGNED,514,512,512,NO_RECORDED_FACTOR_PRP_OR_LL_RESULT_AND_NO_ACTIVE_GIMPS_ASSIGNMENT,2026-08-09T04:34:14+00:00,UNALLOCATED,,,,,
SLCMP1765-3165,3165,3165,583659649,2^583659649-1,STRUCTURAL_SCREEN_EXHAUSTED_PRIMALITY_UNASSIGNED,GF3A_DIRECTIONAL_WRITE_EXHAUSTED_PRIMALITY_UNASSIGNED,513,512,512,NO_RECORDED_FACTOR_PRP_OR_LL_RESULT_AND_NO_ACTIVE_GIMPS_ASSIGNMENT,2026-08-09T04:34:14+00:00,UNALLOCATED,,,,,
SLCMP1765-3166,3166,3166,583659667,2^583659667-1,STRUCTURAL_SCREEN_EXHAUSTED_PRIMALITY_UNASSIGNED,GF3A_DIRECTIONAL_WRITE_EXHAUSTED_PRIMALITY_UNASSIGNED,514,512,512,NO_RECORDED_FACTOR_PRP_OR_LL_RESULT_AND_NO_ACTIVE_GIMPS_ASSIGNMENT,2026-08-09T04:34:14+00:00,UNALLOCATED,,,,,
SLCMP1765-3167,3167,3167,583659721,2^583659721-1,STRUCTURAL_SCREEN_EXHAUSTED_PRIMALITY_UNASSIGNED,GF3A_DIRECTIONAL_WRITE_EXHAUSTED_PRIMALITY_UNASSIGNED,513,512,512,NO_RECORDED_FACTOR_PRP_OR_LL_RESULT_AND_NO_ACTIVE_GIMPS_ASSIGNMENT,2026-08-09T04:34:14+00:00,UNALLOCATED,,,,,
SLCMP1765-3168,3168,3168,583659787,2^583659787-1,STRUCTURAL_SCREEN_EXHAUSTED_PRIMALITY_UNASSIGNED,GF3A_DIRECTIONAL_WRITE_EXHAUSTED_PRIMALITY_UNASSIGNED,514,512,512,NO_RECORDED_FACTOR_PRP_OR_LL_RESULT_AND_NO_ACTIVE_GIMPS_ASSIGNMENT,2026-08-09T04:34:14+00:00,UNALLOCATED,,,,,
SLCMP1765-3169,3169,3169,583659833,2^583659833-1,STRUCTURAL_SCREEN_EXHAUSTED_PRIMALITY_UNASSIGNED,GF3A_DIRECTIONAL_WRITE_EXHAUSTED_PRIMALITY_UNASSIGNED,513,512,512,NO_RECORDED_FACTOR_PRP_OR_LL_RESULT_AND_NO_ACTIVE_GIMPS_ASSIGNMENT,2026-08-09T04:34:14+00:00,UNALLOCATED,,,,,
SLCMP1765-3170,3170,3170,583659859,2^583659859-1,STRUCTURAL_SCREEN_EXHAUSTED_PRIMALITY_UNASSIGNED,GF3A_DIRECTIONAL_WRITE_EXHAUSTED_PRIMALITY_UNASSIGNED,514,512,512,NO_RECORDED_FACTOR_PRP_OR_LL_RESULT_AND_NO_ACTIVE_GIMPS_ASSIGNMENT,2026-08-09T04:34:14+00:00,UNALLOCATED,,,,,
SLCMP1765-3171,3171,3171,583659871,2^583659871-1,STRUCTURAL_SCREEN_EXHAUSTED_PRIMALITY_UNASSIGNED,GF3A_DIRECTIONAL_WRITE_EXHAUSTED_PRIMALITY_UNASSIGNED,514,512,512,NO_RECORDED_FACTOR_PRP_OR_LL_RESULT_AND_NO_ACTIVE_GIMPS_ASSIGNMENT,2026-08-09T04:34:14+00:00,UNALLOCATED,,,,,
SLCMP1765-3172,3172,3172,583660019,2^583660019-1,STRUCTURAL_SCREEN_EXHAUSTED_PRIMALITY_UNASSIGNED,GF3A_DIRECTIONAL_WRITE_EXHAUSTED_PRIMALITY_UNASSIGNED,514,512,512,NO_RECORDED_FACTOR_PRP_OR_LL_RESULT_AND_NO_ACTIVE_GIMPS_ASSIGNMENT,2026-08-09T04:34:14+00:00,UNALLOCATED,,,,,
SLCMP1765-3173,3173,3173,583660087,2^583660087-1,STRUCTURAL_SCREEN_EXHAUSTED_PRIMALITY_UNASSIGNED,GF3A_DIRECTIONAL_WRITE_EXHAUSTED_PRIMALITY_UNASSIGNED,514,512,512,NO_RECORDED_FACTOR_PRP_OR_LL_RESULT_AND_NO_ACTIVE_GIMPS_ASSIGNMENT,2026-08-09T04:34:14+00:00,UNALLOCATED,,,,,
SLCMP1765-3174,3174,3174,583660117,2^583660117-1,STRUCTURAL_SCREEN_EXHAUSTED_PRIMALITY_UNASSIGNED,GF3A_DIRECTIONAL_WRITE_EXHAUSTED_PRIMALITY_UNASSIGNED,513,512,512,NO_RECORDED_FACTOR_PRP_OR_LL_RESULT_AND_NO_ACTIVE_GIMPS_ASSIGNMENT,2026-08-09T04:34:14+00:00,UNALLOCATED,,,,,
SLCMP1765-3175,3175,3175,583660193,2^583660193-1,STRUCTURAL_SCREEN_EXHAUSTED_PRIMALITY_UNASSIGNED,GF3A_DIRECTIONAL_WRITE_EXHAUSTED_PRIMALITY_UNASSIGNED,513,512,512,NO_RECORDED_FACTOR_PRP_OR_LL_RESULT_AND_NO_ACTIVE_GIMPS_ASSIGNMENT,2026-08-09T04:34:14+00:00,UNALLOCATED,,,,,
SLCMP1765-3176,3176,3176,583660277,2^583660277-1,STRUCTURAL_SCREEN_EXHAUSTED_PRIMALITY_UNASSIGNED,GF3A_DIRECTIONAL_WRITE_EXHAUSTED_PRIMALITY_UNASSIGNED,513,512,512,NO_RECORDED_FACTOR_PRP_OR_LL_RESULT_AND_NO_ACTIVE_GIMPS_ASSIGNMENT,2026-08-09T04:34:14+00:00,UNALLOCATED,,,,,
SLCMP1765-3177,3177,3177,583660417,2^583660417-1,STRUCTURAL_SCREEN_EXHAUSTED_PRIMALITY_UNASSIGNED,GF3A_DIRECTIONAL_WRITE_EXHAUSTED_PRIMALITY_UNASSIGNED,513,512,512,NO_RECORDED_FACTOR_PRP_OR_LL_RESULT_AND_NO_ACTIVE_GIMPS_ASSIGNMENT,2026-08-09T04:34:14+00:00,UNALLOCATED,,,,,
SLCMP1765-3178,3178,3178,583660463,2^583660463-1,STRUCTURAL_SCREEN_EXHAUSTED_PRIMALITY_UNASSIGNED,GF3A_DIRECTIONAL_WRITE_EXHAUSTED_PRIMALITY_UNASSIGNED,514,512,512,NO_RECORDED_FACTOR_PRP_OR_LL_RESULT_AND_NO_ACTIVE_GIMPS_ASSIGNMENT,2026-08-09T04:34:14+00:00,UNALLOCATED,,,,,
SLCMP1765-3179,3179,3179,583660579,2^583660579-1,STRUCTURAL_SCREEN_EXHAUSTED_PRIMALITY_UNASSIGNED,GF3A_DIRECTIONAL_WRITE_EXHAUSTED_PRIMALITY_UNASSIGNED,514,512,512,NO_RECORDED_FACTOR_PRP_OR_LL_RESULT_AND_NO_ACTIVE_GIMPS_ASSIGNMENT,2026-08-09T04:34:14+00:00,UNALLOCATED,,,,,
SLCMP1765-3180,3180,3180,583660661,2^583660661-1,STRUCTURAL_SCREEN_EXHAUSTED_PRIMALITY_UNASSIGNED,GF3A_DIRECTIONAL_WRITE_EXHAUSTED_PRIMALITY_UNASSIGNED,513,512,512,NO_RECORDED_FACTOR_PRP_OR_LL_RESULT_AND_NO_ACTIVE_GIMPS_ASSIGNMENT,2026-08-09T04:34:14+00:00,UNALLOCATED,,,,,
SLCMP1765-3181,3181,3181,583660667,2^583660667-1,STRUCTURAL_SCREEN_EXHAUSTED_PRIMALITY_UNASSIGNED,GF3A_DIRECTIONAL_WRITE_EXHAUSTED_PRIMALITY_UNASSIGNED,514,512,512,NO_RECORDED_FACTOR_PRP_OR_LL_RESULT_AND_NO_ACTIVE_GIMPS_ASSIGNMENT,2026-08-09T04:34:14+00:00,UNALLOCATED,,,,,
SLCMP1765-3182,3182,3182,583660669,2^583660669-1,STRUCTURAL_SCREEN_EXHAUSTED_PRIMALITY_UNASSIGNED,GF3A_DIRECTIONAL_WRITE_EXHAUSTED_PRIMALITY_UNASSIGNED,513,512,512,NO_RECORDED_FACTOR_PRP_OR_LL_RESULT_AND_NO_ACTIVE_GIMPS_ASSIGNMENT,2026-08-09T04:34:14+00:00,UNALLOCATED,,,,,
SLCMP1765-3183,3183,3183,583660723,2^583660723-1,STRUCTURAL_SCREEN_EXHAUSTED_PRIMALITY_UNASSIGNED,GF3A_DIRECTIONAL_WRITE_EXHAUSTED_PRIMALITY_UNASSIGNED,514,512,512,NO_RECORDED_FACTOR_PRP_OR_LL_RESULT_AND_NO_ACTIVE_GIMPS_ASSIGNMENT,2026-08-09T04:34:14+00:00,UNALLOCATED,,,,,
SLCMP1765-3184,3184,3184,583660729,2^583660729-1,STRUCTURAL_SCREEN_EXHAUSTED_PRIMALITY_UNASSIGNED,GF3A_DIRECTIONAL_WRITE_EXHAUSTED_PRIMALITY_UNASSIGNED,513,512,512,NO_RECORDED_FACTOR_PRP_OR_LL_RESULT_AND_NO_ACTIVE_GIMPS_ASSIGNMENT,2026-08-09T04:34:14+00:00,UNALLOCATED,,,,,
SLCMP1765-3185,3185,3185,583660739,2^583660739-1,STRUCTURAL_SCREEN_EXHAUSTED_PRIMALITY_UNASSIGNED,GF3A_DIRECTIONAL_WRITE_EXHAUSTED_PRIMALITY_UNASSIGNED,514,512,512,NO_RECORDED_FACTOR_PRP_OR_LL_RESULT_AND_NO_ACTIVE_GIMPS_ASSIGNMENT,2026-08-09T04:34:14+00:00,UNALLOCATED,,,,,
SLCMP1765-3186,3186,3186,583660741,2^583660741-1,STRUCTURAL_SCREEN_EXHAUSTED_PRIMALITY_UNASSIGNED,GF3A_DIRECTIONAL_WRITE_EXHAUSTED_PRIMALITY_UNASSIGNED,513,512,512,NO_RECORDED_FACTOR_PRP_OR_LL_RESULT_AND_NO_ACTIVE_GIMPS_ASSIGNMENT,2026-08-09T04:34:14+00:00,UNALLOCATED,,,,,
SLCMP1765-3187,3187,3187,583660877,2^583660877-1,STRUCTURAL_SCREEN_EXHAUSTED_PRIMALITY_UNASSIGNED,GF3A_DIRECTIONAL_WRITE_EXHAUSTED_PRIMALITY_UNASSIGNED,513,512,512,NO_RECORDED_FACTOR_PRP_OR_LL_RESULT_AND_NO_ACTIVE_GIMPS_ASSIGNMENT,2026-08-09T04:34:14+00:00,UNALLOCATED,,,,,
SLCMP1765-3188,3188,3188,583660951,2^583660951-1,STRUCTURAL_SCREEN_EXHAUSTED_PRIMALITY_UNASSIGNED,GF3A_DIRECTIONAL_WRITE_EXHAUSTED_PRIMALITY_UNASSIGNED,514,512,512,NO_RECORDED_FACTOR_PRP_OR_LL_RESULT_AND_NO_ACTIVE_GIMPS_ASSIGNMENT,2026-08-09T04:34:14+00:00,UNALLOCATED,,,,,
SLCMP1765-3189,3189,3189,583661027,2^583661027-1,STRUCTURAL_SCREEN_EXHAUSTED_PRIMALITY_UNASSIGNED,GF3A_DIRECTIONAL_WRITE_EXHAUSTED_PRIMALITY_UNASSIGNED,514,512,512,NO_RECORDED_FACTOR_PRP_OR_LL_RESULT_AND_NO_ACTIVE_GIMPS_ASSIGNMENT,2026-08-09T04:34:14+00:00,UNALLOCATED,,,,,
SLCMP1765-3190,3190,3190,583661131,2^583661131-1,STRUCTURAL_SCREEN_EXHAUSTED_PRIMALITY_UNASSIGNED,GF3A_DIRECTIONAL_WRITE_EXHAUSTED_PRIMALITY_UNASSIGNED,514,512,512,NO_RECORDED_FACTOR_PRP_OR_LL_RESULT_AND_NO_ACTIVE_GIMPS_ASSIGNMENT,2026-08-09T04:34:14+00:00,UNALLOCATED,,,,,
SLCMP1765-3191,3191,3191,583661173,2^583661173-1,STRUCTURAL_SCREEN_EXHAUSTED_PRIMALITY_UNASSIGNED,GF3A_DIRECTIONAL_WRITE_EXHAUSTED_PRIMALITY_UNASSIGNED,513,512,512,NO_RECORDED_FACTOR_PRP_OR_LL_RESULT_AND_NO_ACTIVE_GIMPS_ASSIGNMENT,2026-08-09T04:34:14+00:00,UNALLOCATED,,,,,
SLCMP1765-3192,3192,3192,583661203,2^583661203-1,STRUCTURAL_SCREEN_EXHAUSTED_PRIMALITY_UNASSIGNED,GF3A_DIRECTIONAL_WRITE_EXHAUSTED_PRIMALITY_UNASSIGNED,514,512,512,NO_RECORDED_FACTOR_PRP_OR_LL_RESULT_AND_NO_ACTIVE_GIMPS_ASSIGNMENT,2026-08-09T04:34:14+00:00,UNALLOCATED,,,,,
SLCMP1765-3193,3193,3193,583661213,2^583661213-1,STRUCTURAL_SCREEN_EXHAUSTED_PRIMALITY_UNASSIGNED,GF3A_DIRECTIONAL_WRITE_EXHAUSTED_PRIMALITY_UNASSIGNED,513,512,512,NO_RECORDED_FACTOR_PRP_OR_LL_RESULT_AND_NO_ACTIVE_GIMPS_ASSIGNMENT,2026-08-09T04:34:14+00:00,UNALLOCATED,,,,,
SLCMP1765-3194,3194,3194,583661219,2^583661219-1,STRUCTURAL_SCREEN_EXHAUSTED_PRIMALITY_UNASSIGNED,GF3A_DIRECTIONAL_WRITE_EXHAUSTED_PRIMALITY_UNASSIGNED,514,512,512,NO_RECORDED_FACTOR_PRP_OR_LL_RESULT_AND_NO_ACTIVE_GIMPS_ASSIGNMENT,2026-08-09T04:34:14+00:00,UNALLOCATED,,,,,
SLCMP1765-3195,3195,3195,583661249,2^583661249-1,STRUCTURAL_SCREEN_EXHAUSTED_PRIMALITY_UNASSIGNED,GF3A_DIRECTIONAL_WRITE_EXHAUSTED_PRIMALITY_UNASSIGNED,513,512,512,NO_RECORDED_FACTOR_PRP_OR_LL_RESULT_AND_NO_ACTIVE_GIMPS_ASSIGNMENT,2026-08-09T04:34:14+00:00,UNALLOCATED,,,,,
SLCMP1765-3196,3196,3196,583661293,2^583661293-1,STRUCTURAL_SCREEN_EXHAUSTED_PRIMALITY_UNASSIGNED,GF3A_DIRECTIONAL_WRITE_EXHAUSTED_PRIMALITY_UNASSIGNED,513,512,512,NO_RECORDED_FACTOR_PRP_OR_LL_RESULT_AND_NO_ACTIVE_GIMPS_ASSIGNMENT,2026-08-09T04:34:14+00:00,UNALLOCATED,,,,,
SLCMP1765-3197,3197,3197,583661297,2^583661297-1,STRUCTURAL_SCREEN_EXHAUSTED_PRIMALITY_UNASSIGNED,GF3A_DIRECTIONAL_WRITE_EXHAUSTED_PRIMALITY_UNASSIGNED,513,512,512,NO_RECORDED_FACTOR_PRP_OR_LL_RESULT_AND_NO_ACTIVE_GIMPS_ASSIGNMENT,2026-08-09T04:34:14+00:00,UNALLOCATED,,,,,
SLCMP1765-3198,3198,3198,583661327,2^583661327-1,STRUCTURAL_SCREEN_EXHAUSTED_PRIMALITY_UNASSIGNED,GF3A_DIRECTIONAL_WRITE_EXHAUSTED_PRIMALITY_UNASSIGNED,514,512,512,NO_RECORDED_FACTOR_PRP_OR_LL_RESULT_AND_NO_ACTIVE_GIMPS_ASSIGNMENT,2026-08-09T04:34:14+00:00,UNALLOCATED,,,,,
SLCMP1765-3199,3199,3199,583661329,2^583661329-1,STRUCTURAL_SCREEN_EXHAUSTED_PRIMALITY_UNASSIGNED,GF3A_DIRECTIONAL_WRITE_EXHAUSTED_PRIMALITY_UNASSIGNED,513,512,512,NO_RECORDED_FACTOR_PRP_OR_LL_RESULT_AND_NO_ACTIVE_GIMPS_ASSIGNMENT,2026-08-09T04:34:14+00:00,UNALLOCATED,,,,,
SLCMP1765-3200,3200,3200,583661341,2^583661341-1,STRUCTURAL_SCREEN_EXHAUSTED_PRIMALITY_UNASSIGNED,GF3A_DIRECTIONAL_WRITE_EXHAUSTED_PRIMALITY_UNASSIGNED,513,512,512,NO_RECORDED_FACTOR_PRP_OR_LL_RESULT_AND_NO_ACTIVE_GIMPS_ASSIGNMENT,2026-08-09T04:34:14+00:00,UNALLOCATED,,,,,
SLCMP1765-3201,3201,3201,583661371,2^583661371-1,STRUCTURAL_SCREEN_EXHAUSTED_PRIMALITY_UNASSIGNED,GF3A_DIRECTIONAL_WRITE_EXHAUSTED_PRIMALITY_UNASSIGNED,514,512,512,NO_RECORDED_FACTOR_PRP_OR_LL_RESULT_AND_NO_ACTIVE_GIMPS_ASSIGNMENT,2026-08-09T04:34:14+00:00,UNALLOCATED,,,,,
SLCMP1765-3202,3202,3202,583661381,2^583661381-1,STRUCTURAL_SCREEN_EXHAUSTED_PRIMALITY_UNASSIGNED,GF3A_DIRECTIONAL_WRITE_EXHAUSTED_PRIMALITY_UNASSIGNED,513,512,512,NO_RECORDED_FACTOR_PRP_OR_LL_RESULT_AND_NO_ACTIVE_GIMPS_ASSIGNMENT,2026-08-09T04:34:14+00:00,UNALLOCATED,,,,,
SLCMP1765-3203,3203,3203,583661471,2^583661471-1,STRUCTURAL_SCREEN_EXHAUSTED_PRIMALITY_UNASSIGNED,GF3A_DIRECTIONAL_WRITE_EXHAUSTED_PRIMALITY_UNASSIGNED,514,512,512,NO_RECORDED_FACTOR_PRP_OR_LL_RESULT_AND_NO_ACTIVE_GIMPS_ASSIGNMENT,2026-08-09T04:34:14+00:00,UNALLOCATED,,,,,
SLCMP1765-3204,3204,3204,583661509,2^583661509-1,STRUCTURAL_SCREEN_EXHAUSTED_PRIMALITY_UNASSIGNED,GF3A_DIRECTIONAL_WRITE_EXHAUSTED_PRIMALITY_UNASSIGNED,513,512,512,NO_RECORDED_FACTOR_PRP_OR_LL_RESULT_AND_NO_ACTIVE_GIMPS_ASSIGNMENT,2026-08-09T04:34:14+00:00,UNALLOCATED,,,,,
SLCMP1765-3205,3205,3205,583661563,2^583661563-1,STRUCTURAL_SCREEN_EXHAUSTED_PRIMALITY_UNASSIGNED,GF3A_DIRECTIONAL_WRITE_EXHAUSTED_PRIMALITY_UNASSIGNED,514,512,512,NO_RECORDED_FACTOR_PRP_OR_LL_RESULT_AND_NO_ACTIVE_GIMPS_ASSIGNMENT,2026-08-09T04:34:14+00:00,UNALLOCATED,,,,,
SLCMP1765-3206,3206,3206,583661623,2^583661623-1,STRUCTURAL_SCREEN_EXHAUSTED_PRIMALITY_UNASSIGNED,GF3A_DIRECTIONAL_WRITE_EXHAUSTED_PRIMALITY_UNASSIGNED,514,512,512,NO_RECORDED_FACTOR_PRP_OR_LL_RESULT_AND_NO_ACTIVE_GIMPS_ASSIGNMENT,2026-08-09T04:34:14+00:00,UNALLOCATED,,,,,
SLCMP1765-3207,3207,3207,583661633,2^583661633-1,STRUCTURAL_SCREEN_EXHAUSTED_PRIMALITY_UNASSIGNED,GF3A_DIRECTIONAL_WRITE_EXHAUSTED_PRIMALITY_UNASSIGNED,513,512,512,NO_RECORDED_FACTOR_PRP_OR_LL_RESULT_AND_NO_ACTIVE_GIMPS_ASSIGNMENT,2026-08-09T04:34:14+00:00,UNALLOCATED,,,,,
SLCMP1765-3208,3208,3208,583661693,2^583661693-1,STRUCTURAL_SCREEN_EXHAUSTED_PRIMALITY_UNASSIGNED,GF3A_DIRECTIONAL_WRITE_EXHAUSTED_PRIMALITY_UNASSIGNED,513,512,512,NO_RECORDED_FACTOR_PRP_OR_LL_RESULT_AND_NO_ACTIVE_GIMPS_ASSIGNMENT,2026-08-09T04:34:14+00:00,UNALLOCATED,,,,,
SLCMP1765-3209,3209,3209,583661759,2^583661759-1,STRUCTURAL_SCREEN_EXHAUSTED_PRIMALITY_UNASSIGNED,GF3A_DIRECTIONAL_WRITE_EXHAUSTED_PRIMALITY_UNASSIGNED,514,512,512,NO_RECORDED_FACTOR_PRP_OR_LL_RESULT_AND_NO_ACTIVE_GIMPS_ASSIGNMENT,2026-08-09T04:34:14+00:00,UNALLOCATED,,,,,
SLCMP1765-3210,3210,3210,583661891,2^583661891-1,STRUCTURAL_SCREEN_EXHAUSTED_PRIMALITY_UNASSIGNED,GF3A_DIRECTIONAL_WRITE_EXHAUSTED_PRIMALITY_UNASSIGNED,514,512,512,NO_RECORDED_FACTOR_PRP_OR_LL_RESULT_AND_NO_ACTIVE_GIMPS_ASSIGNMENT,2026-08-09T04:34:14+00:00,UNALLOCATED,,,,,
SLCMP1765-3211,3211,3211,583661927,2^583661927-1,STRUCTURAL_SCREEN_EXHAUSTED_PRIMALITY_UNASSIGNED,GF3A_DIRECTIONAL_WRITE_EXHAUSTED_PRIMALITY_UNASSIGNED,514,512,512,NO_RECORDED_FACTOR_PRP_OR_LL_RESULT_AND_NO_ACTIVE_GIMPS_ASSIGNMENT,2026-08-09T04:34:14+00:00,UNALLOCATED,,,,,
SLCMP1765-3212,3212,3212,583661929,2^583661929-1,STRUCTURAL_SCREEN_EXHAUSTED_PRIMALITY_UNASSIGNED,GF3A_DIRECTIONAL_WRITE_EXHAUSTED_PRIMALITY_UNASSIGNED,513,512,512,NO_RECORDED_FACTOR_PRP_OR_LL_RESULT_AND_NO_ACTIVE_GIMPS_ASSIGNMENT,2026-08-09T04:34:14+00:00,UNALLOCATED,,,,,
SLCMP1765-3213,3213,3213,583661941,2^583661941-1,STRUCTURAL_SCREEN_EXHAUSTED_PRIMALITY_UNASSIGNED,GF3A_DIRECTIONAL_WRITE_EXHAUSTED_PRIMALITY_UNASSIGNED,513,512,512,NO_RECORDED_FACTOR_PRP_OR_LL_RESULT_AND_NO_ACTIVE_GIMPS_ASSIGNMENT,2026-08-09T04:34:14+00:00,UNALLOCATED,,,,,
SLCMP1765-3214,3214,3214,583661983,2^583661983-1,STRUCTURAL_SCREEN_EXHAUSTED_PRIMALITY_UNASSIGNED,GF3A_DIRECTIONAL_WRITE_EXHAUSTED_PRIMALITY_UNASSIGNED,514,512,512,NO_RECORDED_FACTOR_PRP_OR_LL_RESULT_AND_NO_ACTIVE_GIMPS_ASSIGNMENT,2026-08-09T04:34:14+00:00,UNALLOCATED,,,,,
SLCMP1765-3215,3215,3215,583662067,2^583662067-1,STRUCTURAL_SCREEN_EXHAUSTED_PRIMALITY_UNASSIGNED,GF3A_DIRECTIONAL_WRITE_EXHAUSTED_PRIMALITY_UNASSIGNED,514,512,512,NO_RECORDED_FACTOR_PRP_OR_LL_RESULT_AND_NO_ACTIVE_GIMPS_ASSIGNMENT,2026-08-09T04:34:14+00:00,UNALLOCATED,,,,,
SLCMP1765-3216,3216,3216,583662143,2^583662143-1,STRUCTURAL_SCREEN_EXHAUSTED_PRIMALITY_UNASSIGNED,GF3A_DIRECTIONAL_WRITE_EXHAUSTED_PRIMALITY_UNASSIGNED,514,512,512,NO_RECORDED_FACTOR_PRP_OR_LL_RESULT_AND_NO_ACTIVE_GIMPS_ASSIGNMENT,2026-08-09T04:34:14+00:00,UNALLOCATED,,,,,
SLCMP1765-3217,3217,3217,583662151,2^583662151-1,STRUCTURAL_SCREEN_EXHAUSTED_PRIMALITY_UNASSIGNED,GF3A_DIRECTIONAL_WRITE_EXHAUSTED_PRIMALITY_UNASSIGNED,514,512,512,NO_RECORDED_FACTOR_PRP_OR_LL_RESULT_AND_NO_ACTIVE_GIMPS_ASSIGNMENT,2026-08-09T04:34:14+00:00,UNALLOCATED,,,,,
SLCMP1765-3218,3218,3218,583662253,2^583662253-1,STRUCTURAL_SCREEN_EXHAUSTED_PRIMALITY_UNASSIGNED,GF3A_DIRECTIONAL_WRITE_EXHAUSTED_PRIMALITY_UNASSIGNED,513,512,512,NO_RECORDED_FACTOR_PRP_OR_LL_RESULT_AND_NO_ACTIVE_GIMPS_ASSIGNMENT,2026-08-09T04:34:14+00:00,UNALLOCATED,,,,,
SLCMP1765-3219,3219,3219,583662307,2^583662307-1,STRUCTURAL_SCREEN_EXHAUSTED_PRIMALITY_UNASSIGNED,GF3A_DIRECTIONAL_WRITE_EXHAUSTED_PRIMALITY_UNASSIGNED,514,512,512,NO_RECORDED_FACTOR_PRP_OR_LL_RESULT_AND_NO_ACTIVE_GIMPS_ASSIGNMENT,2026-08-09T04:34:14+00:00,UNALLOCATED,,,,,
SLCMP1765-3220,3220,3220,583662337,2^583662337-1,STRUCTURAL_SCREEN_EXHAUSTED_PRIMALITY_UNASSIGNED,GF3A_DIRECTIONAL_WRITE_EXHAUSTED_PRIMALITY_UNASSIGNED,513,512,512,NO_RECORDED_FACTOR_PRP_OR_LL_RESULT_AND_NO_ACTIVE_GIMPS_ASSIGNMENT,2026-08-09T04:34:14+00:00,UNALLOCATED,,,,,
SLCMP1765-3221,3221,3221,583662367,2^583662367-1,STRUCTURAL_SCREEN_EXHAUSTED_PRIMALITY_UNASSIGNED,GF3A_DIRECTIONAL_WRITE_EXHAUSTED_PRIMALITY_UNASSIGNED,514,512,512,NO_RECORDED_FACTOR_PRP_OR_LL_RESULT_AND_NO_ACTIVE_GIMPS_ASSIGNMENT,2026-08-09T04:34:14+00:00,UNALLOCATED,,,,,
SLCMP1765-3222,3222,3222,583662449,2^583662449-1,STRUCTURAL_SCREEN_EXHAUSTED_PRIMALITY_UNASSIGNED,GF3A_DIRECTIONAL_WRITE_EXHAUSTED_PRIMALITY_UNASSIGNED,513,512,512,NO_RECORDED_FACTOR_PRP_OR_LL_RESULT_AND_NO_ACTIVE_GIMPS_ASSIGNMENT,2026-08-09T04:34:14+00:00,UNALLOCATED,,,,,
SLCMP1765-3223,3223,3223,583662493,2^583662493-1,STRUCTURAL_SCREEN_EXHAUSTED_PRIMALITY_UNASSIGNED,GF3A_DIRECTIONAL_WRITE_EXHAUSTED_PRIMALITY_UNASSIGNED,513,512,512,NO_RECORDED_FACTOR_PRP_OR_LL_RESULT_AND_NO_ACTIVE_GIMPS_ASSIGNMENT,2026-08-09T04:34:14+00:00,UNALLOCATED,,,,,
SLCMP1765-3224,3224,3224,583662587,2^583662587-1,STRUCTURAL_SCREEN_EXHAUSTED_PRIMALITY_UNASSIGNED,GF3A_DIRECTIONAL_WRITE_EXHAUSTED_PRIMALITY_UNASSIGNED,514,512,512,NO_RECORDED_FACTOR_PRP_OR_LL_RESULT_AND_NO_ACTIVE_GIMPS_ASSIGNMENT,2026-08-09T04:34:14+00:00,UNALLOCATED,,,,,
SLCMP1765-3225,3225,3225,583662773,2^583662773-1,STRUCTURAL_SCREEN_EXHAUSTED_PRIMALITY_UNASSIGNED,GF3A_DIRECTIONAL_WRITE_EXHAUSTED_PRIMALITY_UNASSIGNED,513,512,512,NO_RECORDED_FACTOR_PRP_OR_LL_RESULT_AND_NO_ACTIVE_GIMPS_ASSIGNMENT,2026-08-09T04:34:14+00:00,UNALLOCATED,,,,,
SLCMP1765-3226,3226,3226,583662791,2^583662791-1,STRUCTURAL_SCREEN_EXHAUSTED_PRIMALITY_UNASSIGNED,GF3A_DIRECTIONAL_WRITE_EXHAUSTED_PRIMALITY_UNASSIGNED,514,512,512,NO_RECORDED_FACTOR_PRP_OR_LL_RESULT_AND_NO_ACTIVE_GIMPS_ASSIGNMENT,2026-08-09T04:34:14+00:00,UNALLOCATED,,,,,
SLCMP1765-3227,3227,3227,583662799,2^583662799-1,STRUCTURAL_SCREEN_EXHAUSTED_PRIMALITY_UNASSIGNED,GF3A_DIRECTIONAL_WRITE_EXHAUSTED_PRIMALITY_UNASSIGNED,514,512,512,NO_RECORDED_FACTOR_PRP_OR_LL_RESULT_AND_NO_ACTIVE_GIMPS_ASSIGNMENT,2026-08-09T04:34:14+00:00,UNALLOCATED,,,,,
SLCMP1765-3228,3228,3228,583662803,2^583662803-1,STRUCTURAL_SCREEN_EXHAUSTED_PRIMALITY_UNASSIGNED,GF3A_DIRECTIONAL_WRITE_EXHAUSTED_PRIMALITY_UNASSIGNED,514,512,512,NO_RECORDED_FACTOR_PRP_OR_LL_RESULT_AND_NO_ACTIVE_GIMPS_ASSIGNMENT,2026-08-09T04:34:14+00:00,UNALLOCATED,,,,,
SLCMP1765-3229,3229,3229,583662809,2^583662809-1,STRUCTURAL_SCREEN_EXHAUSTED_PRIMALITY_UNASSIGNED,GF3A_DIRECTIONAL_WRITE_EXHAUSTED_PRIMALITY_UNASSIGNED,513,512,512,NO_RECORDED_FACTOR_PRP_OR_LL_RESULT_AND_NO_ACTIVE_GIMPS_ASSIGNMENT,2026-08-09T04:34:14+00:00,UNALLOCATED,,,,,
SLCMP1765-3230,3230,3230,583662847,2^583662847-1,STRUCTURAL_SCREEN_EXHAUSTED_PRIMALITY_UNASSIGNED,GF3A_DIRECTIONAL_WRITE_EXHAUSTED_PRIMALITY_UNASSIGNED,514,512,512,NO_RECORDED_FACTOR_PRP_OR_LL_RESULT_AND_NO_ACTIVE_GIMPS_ASSIGNMENT,2026-08-09T04:34:14+00:00,UNALLOCATED,,,,,
SLCMP1765-3231,3231,3231,583662923,2^583662923-1,STRUCTURAL_SCREEN_EXHAUSTED_PRIMALITY_UNASSIGNED,GF3A_DIRECTIONAL_WRITE_EXHAUSTED_PRIMALITY_UNASSIGNED,514,512,512,NO_RECORDED_FACTOR_PRP_OR_LL_RESULT_AND_NO_ACTIVE_GIMPS_ASSIGNMENT,2026-08-09T04:34:14+00:00,UNALLOCATED,,,,,
SLCMP1765-3232,3232,3232,583663079,2^583663079-1,STRUCTURAL_SCREEN_EXHAUSTED_PRIMALITY_UNASSIGNED,GF3A_DIRECTIONAL_WRITE_EXHAUSTED_PRIMALITY_UNASSIGNED,514,512,512,NO_RECORDED_FACTOR_PRP_OR_LL_RESULT_AND_NO_ACTIVE_GIMPS_ASSIGNMENT,2026-08-09T04:34:14+00:00,UNALLOCATED,,,,,
SLCMP1765-3233,3233,3233,583663151,2^583663151-1,STRUCTURAL_SCREEN_EXHAUSTED_PRIMALITY_UNASSIGNED,GF3A_DIRECTIONAL_WRITE_EXHAUSTED_PRIMALITY_UNASSIGNED,514,512,512,NO_RECORDED_FACTOR_PRP_OR_LL_RESULT_AND_NO_ACTIVE_GIMPS_ASSIGNMENT,2026-08-09T04:34:14+00:00,UNALLOCATED,,,,,
SLCMP1765-3234,3234,3234,583663237,2^583663237-1,STRUCTURAL_SCREEN_EXHAUSTED_PRIMALITY_UNASSIGNED,GF3A_DIRECTIONAL_WRITE_EXHAUSTED_PRIMALITY_UNASSIGNED,513,512,512,NO_RECORDED_FACTOR_PRP_OR_LL_RESULT_AND_NO_ACTIVE_GIMPS_ASSIGNMENT,2026-08-09T04:34:14+00:00,UNALLOCATED,,,,,
SLCMP1765-3235,3235,3235,583663321,2^583663321-1,STRUCTURAL_SCREEN_EXHAUSTED_PRIMALITY_UNASSIGNED,GF3A_DIRECTIONAL_WRITE_EXHAUSTED_PRIMALITY_UNASSIGNED,513,512,512,NO_RECORDED_FACTOR_PRP_OR_LL_RESULT_AND_NO_ACTIVE_GIMPS_ASSIGNMENT,2026-08-09T04:34:14+00:00,UNALLOCATED,,,,,
SLCMP1765-3236,3236,3236,583663417,2^583663417-1,STRUCTURAL_SCREEN_EXHAUSTED_PRIMALITY_UNASSIGNED,GF3A_DIRECTIONAL_WRITE_EXHAUSTED_PRIMALITY_UNASSIGNED,513,512,512,NO_RECORDED_FACTOR_PRP_OR_LL_RESULT_AND_NO_ACTIVE_GIMPS_ASSIGNMENT,2026-08-09T04:34:14+00:00,UNALLOCATED,,,,,
SLCMP1765-3237,3237,3237,583663427,2^583663427-1,STRUCTURAL_SCREEN_EXHAUSTED_PRIMALITY_UNASSIGNED,GF3A_DIRECTIONAL_WRITE_EXHAUSTED_PRIMALITY_UNASSIGNED,514,512,512,NO_RECORDED_FACTOR_PRP_OR_LL_RESULT_AND_NO_ACTIVE_GIMPS_ASSIGNMENT,2026-08-09T04:34:14+00:00,UNALLOCATED,,,,,
SLCMP1765-3238,3238,3238,583663447,2^583663447-1,STRUCTURAL_SCREEN_EXHAUSTED_PRIMALITY_UNASSIGNED,GF3A_DIRECTIONAL_WRITE_EXHAUSTED_PRIMALITY_UNASSIGNED,514,512,512,NO_RECORDED_FACTOR_PRP_OR_LL_RESULT_AND_NO_ACTIVE_GIMPS_ASSIGNMENT,2026-08-09T04:34:14+00:00,UNALLOCATED,,,,,
SLCMP1765-3239,3239,3239,583663469,2^583663469-1,STRUCTURAL_SCREEN_EXHAUSTED_PRIMALITY_UNASSIGNED,GF3A_DIRECTIONAL_WRITE_EXHAUSTED_PRIMALITY_UNASSIGNED,513,512,512,NO_RECORDED_FACTOR_PRP_OR_LL_RESULT_AND_NO_ACTIVE_GIMPS_ASSIGNMENT,2026-08-09T04:34:14+00:00,UNALLOCATED,,,,,
SLCMP1765-3240,3240,3240,583663477,2^583663477-1,STRUCTURAL_SCREEN_EXHAUSTED_PRIMALITY_UNASSIGNED,GF3A_DIRECTIONAL_WRITE_EXHAUSTED_PRIMALITY_UNASSIGNED,513,512,512,NO_RECORDED_FACTOR_PRP_OR_LL_RESULT_AND_NO_ACTIVE_GIMPS_ASSIGNMENT,2026-08-09T04:34:14+00:00,UNALLOCATED,,,,,
SLCMP1765-3241,3241,3241,583663537,2^583663537-1,STRUCTURAL_SCREEN_EXHAUSTED_PRIMALITY_UNASSIGNED,GF3A_DIRECTIONAL_WRITE_EXHAUSTED_PRIMALITY_UNASSIGNED,513,512,512,NO_RECORDED_FACTOR_PRP_OR_LL_RESULT_AND_NO_ACTIVE_GIMPS_ASSIGNMENT,2026-08-09T04:34:14+00:00,UNALLOCATED,,,,,
SLCMP1765-3242,3242,3242,583663607,2^583663607-1,STRUCTURAL_SCREEN_EXHAUSTED_PRIMALITY_UNASSIGNED,GF3A_DIRECTIONAL_WRITE_EXHAUSTED_PRIMALITY_UNASSIGNED,514,512,512,NO_RECORDED_FACTOR_PRP_OR_LL_RESULT_AND_NO_ACTIVE_GIMPS_ASSIGNMENT,2026-08-09T04:34:14+00:00,UNALLOCATED,,,,,
SLCMP1765-3243,3243,3243,583663687,2^583663687-1,STRUCTURAL_SCREEN_EXHAUSTED_PRIMALITY_UNASSIGNED,GF3A_DIRECTIONAL_WRITE_EXHAUSTED_PRIMALITY_UNASSIGNED,514,512,512,NO_RECORDED_FACTOR_PRP_OR_LL_RESULT_AND_NO_ACTIVE_GIMPS_ASSIGNMENT,2026-08-09T04:34:14+00:00,UNALLOCATED,,,,,
SLCMP1765-3244,3244,3244,583663697,2^583663697-1,STRUCTURAL_SCREEN_EXHAUSTED_PRIMALITY_UNASSIGNED,GF3A_DIRECTIONAL_WRITE_EXHAUSTED_PRIMALITY_UNASSIGNED,513,512,512,NO_RECORDED_FACTOR_PRP_OR_LL_RESULT_AND_NO_ACTIVE_GIMPS_ASSIGNMENT,2026-08-09T04:34:14+00:00,UNALLOCATED,,,,,
SLCMP1765-3245,3245,3245,583663723,2^583663723-1,STRUCTURAL_SCREEN_EXHAUSTED_PRIMALITY_UNASSIGNED,GF3A_DIRECTIONAL_WRITE_EXHAUSTED_PRIMALITY_UNASSIGNED,514,512,512,NO_RECORDED_FACTOR_PRP_OR_LL_RESULT_AND_NO_ACTIVE_GIMPS_ASSIGNMENT,2026-08-09T04:34:14+00:00,UNALLOCATED,,,,,
SLCMP1765-3246,3246,3246,583663763,2^583663763-1,STRUCTURAL_SCREEN_EXHAUSTED_PRIMALITY_UNASSIGNED,GF3A_DIRECTIONAL_WRITE_EXHAUSTED_PRIMALITY_UNASSIGNED,514,512,512,NO_RECORDED_FACTOR_PRP_OR_LL_RESULT_AND_NO_ACTIVE_GIMPS_ASSIGNMENT,2026-08-09T04:34:14+00:00,UNALLOCATED,,,,,
SLCMP1765-3247,3247,3247,583663891,2^583663891-1,STRUCTURAL_SCREEN_EXHAUSTED_PRIMALITY_UNASSIGNED,GF3A_DIRECTIONAL_WRITE_EXHAUSTED_PRIMALITY_UNASSIGNED,514,512,512,NO_RECORDED_FACTOR_PRP_OR_LL_RESULT_AND_NO_ACTIVE_GIMPS_ASSIGNMENT,2026-08-09T04:34:14+00:00,UNALLOCATED,,,,,
SLCMP1765-3248,3248,3248,583663903,2^583663903-1,STRUCTURAL_SCREEN_EXHAUSTED_PRIMALITY_UNASSIGNED,GF3A_DIRECTIONAL_WRITE_EXHAUSTED_PRIMALITY_UNASSIGNED,514,512,512,NO_RECORDED_FACTOR_PRP_OR_LL_RESULT_AND_NO_ACTIVE_GIMPS_ASSIGNMENT,2026-08-09T04:34:14+00:00,UNALLOCATED,,,,,
SLCMP1765-3249,3249,3249,583663957,2^583663957-1,STRUCTURAL_SCREEN_EXHAUSTED_PRIMALITY_UNASSIGNED,GF3A_DIRECTIONAL_WRITE_EXHAUSTED_PRIMALITY_UNASSIGNED,513,512,512,NO_RECORDED_FACTOR_PRP_OR_LL_RESULT_AND_NO_ACTIVE_GIMPS_ASSIGNMENT,2026-08-09T04:34:14+00:00,UNALLOCATED,,,,,
SLCMP1765-3250,3250,3250,583663973,2^583663973-1,STRUCTURAL_SCREEN_EXHAUSTED_PRIMALITY_UNASSIGNED,GF3A_DIRECTIONAL_WRITE_EXHAUSTED_PRIMALITY_UNASSIGNED,513,512,512,NO_RECORDED_FACTOR_PRP_OR_LL_RESULT_AND_NO_ACTIVE_GIMPS_ASSIGNMENT,2026-08-09T04:34:14+00:00,UNALLOCATED,,,,,
SLCMP1765-3251,3251,3251,583664017,2^583664017-1,STRUCTURAL_SCREEN_EXHAUSTED_PRIMALITY_UNASSIGNED,GF3A_DIRECTIONAL_WRITE_EXHAUSTED_PRIMALITY_UNASSIGNED,513,512,512,NO_RECORDED_FACTOR_PRP_OR_LL_RESULT_AND_NO_ACTIVE_GIMPS_ASSIGNMENT,2026-08-09T04:34:14+00:00,UNALLOCATED,,,,,
SLCMP1765-3252,3252,3252,583664119,2^583664119-1,STRUCTURAL_SCREEN_EXHAUSTED_PRIMALITY_UNASSIGNED,GF3A_DIRECTIONAL_WRITE_EXHAUSTED_PRIMALITY_UNASSIGNED,514,512,512,NO_RECORDED_FACTOR_PRP_OR_LL_RESULT_AND_NO_ACTIVE_GIMPS_ASSIGNMENT,2026-08-09T04:34:14+00:00,UNALLOCATED,,,,,
SLCMP1765-3253,3253,3253,583664129,2^583664129-1,STRUCTURAL_SCREEN_EXHAUSTED_PRIMALITY_UNASSIGNED,GF3A_DIRECTIONAL_WRITE_EXHAUSTED_PRIMALITY_UNASSIGNED,513,512,512,NO_RECORDED_FACTOR_PRP_OR_LL_RESULT_AND_NO_ACTIVE_GIMPS_ASSIGNMENT,2026-08-09T04:34:14+00:00,UNALLOCATED,,,,,
SLCMP1765-3254,3254,3254,583664297,2^583664297-1,STRUCTURAL_SCREEN_EXHAUSTED_PRIMALITY_UNASSIGNED,GF3A_DIRECTIONAL_WRITE_EXHAUSTED_PRIMALITY_UNASSIGNED,513,512,512,NO_RECORDED_FACTOR_PRP_OR_LL_RESULT_AND_NO_ACTIVE_GIMPS_ASSIGNMENT,2026-08-09T04:34:14+00:00,UNALLOCATED,,,,,
SLCMP1765-3255,3255,3255,583664407,2^583664407-1,STRUCTURAL_SCREEN_EXHAUSTED_PRIMALITY_UNASSIGNED,GF3A_DIRECTIONAL_WRITE_EXHAUSTED_PRIMALITY_UNASSIGNED,514,512,512,NO_RECORDED_FACTOR_PRP_OR_LL_RESULT_AND_NO_ACTIVE_GIMPS_ASSIGNMENT,2026-08-09T04:34:14+00:00,UNALLOCATED,,,,,
SLCMP1765-3256,3256,3256,583664503,2^583664503-1,STRUCTURAL_SCREEN_EXHAUSTED_PRIMALITY_UNASSIGNED,GF3A_DIRECTIONAL_WRITE_EXHAUSTED_PRIMALITY_UNASSIGNED,514,512,512,NO_RECORDED_FACTOR_PRP_OR_LL_RESULT_AND_NO_ACTIVE_GIMPS_ASSIGNMENT,2026-08-09T04:34:14+00:00,UNALLOCATED,,,,,
SLCMP1765-3257,3257,3257,583664507,2^583664507-1,STRUCTURAL_SCREEN_EXHAUSTED_PRIMALITY_UNASSIGNED,GF3A_DIRECTIONAL_WRITE_EXHAUSTED_PRIMALITY_UNASSIGNED,514,512,512,NO_RECORDED_FACTOR_PRP_OR_LL_RESULT_AND_NO_ACTIVE_GIMPS_ASSIGNMENT,2026-08-09T04:34:14+00:00,UNALLOCATED,,,,,
SLCMP1765-3258,3258,3258,583664551,2^583664551-1,STRUCTURAL_SCREEN_EXHAUSTED_PRIMALITY_UNASSIGNED,GF3A_DIRECTIONAL_WRITE_EXHAUSTED_PRIMALITY_UNASSIGNED,514,512,512,NO_RECORDED_FACTOR_PRP_OR_LL_RESULT_AND_NO_ACTIVE_GIMPS_ASSIGNMENT,2026-08-09T04:34:14+00:00,UNALLOCATED,,,,,
SLCMP1765-3259,3259,3259,583664611,2^583664611-1,STRUCTURAL_SCREEN_EXHAUSTED_PRIMALITY_UNASSIGNED,GF3A_DIRECTIONAL_WRITE_EXHAUSTED_PRIMALITY_UNASSIGNED,514,512,512,NO_RECORDED_FACTOR_PRP_OR_LL_RESULT_AND_NO_ACTIVE_GIMPS_ASSIGNMENT,2026-08-09T04:34:14+00:00,UNALLOCATED,,,,,
SLCMP1765-3260,3260,3260,583664657,2^583664657-1,STRUCTURAL_SCREEN_EXHAUSTED_PRIMALITY_UNASSIGNED,GF3A_DIRECTIONAL_WRITE_EXHAUSTED_PRIMALITY_UNASSIGNED,513,512,512,NO_RECORDED_FACTOR_PRP_OR_LL_RESULT_AND_NO_ACTIVE_GIMPS_ASSIGNMENT,2026-08-09T04:34:14+00:00,UNALLOCATED,,,,,
SLCMP1765-3261,3261,3261,583664693,2^583664693-1,STRUCTURAL_SCREEN_EXHAUSTED_PRIMALITY_UNASSIGNED,GF3A_DIRECTIONAL_WRITE_EXHAUSTED_PRIMALITY_UNASSIGNED,513,512,512,NO_RECORDED_FACTOR_PRP_OR_LL_RESULT_AND_NO_ACTIVE_GIMPS_ASSIGNMENT,2026-08-09T04:34:14+00:00,UNALLOCATED,,,,,
SLCMP1765-3262,3262,3262,583664747,2^583664747-1,STRUCTURAL_SCREEN_EXHAUSTED_PRIMALITY_UNASSIGNED,GF3A_DIRECTIONAL_WRITE_EXHAUSTED_PRIMALITY_UNASSIGNED,514,512,512,NO_RECORDED_FACTOR_PRP_OR_LL_RESULT_AND_NO_ACTIVE_GIMPS_ASSIGNMENT,2026-08-09T04:34:14+00:00,UNALLOCATED,,,,,
SLCMP1765-3263,3263,3263,583664821,2^583664821-1,STRUCTURAL_SCREEN_EXHAUSTED_PRIMALITY_UNASSIGNED,GF3A_DIRECTIONAL_WRITE_EXHAUSTED_PRIMALITY_UNASSIGNED,513,512,512,NO_RECORDED_FACTOR_PRP_OR_LL_RESULT_AND_NO_ACTIVE_GIMPS_ASSIGNMENT,2026-08-09T04:34:14+00:00,UNALLOCATED,,,,,
SLCMP1765-3264,3264,3264,583664891,2^583664891-1,STRUCTURAL_SCREEN_EXHAUSTED_PRIMALITY_UNASSIGNED,GF3A_DIRECTIONAL_WRITE_EXHAUSTED_PRIMALITY_UNASSIGNED,514,512,512,NO_RECORDED_FACTOR_PRP_OR_LL_RESULT_AND_NO_ACTIVE_GIMPS_ASSIGNMENT,2026-08-09T04:34:14+00:00,UNALLOCATED,,,,,
SLCMP1765-3265,3265,3265,583664923,2^583664923-1,STRUCTURAL_SCREEN_EXHAUSTED_PRIMALITY_UNASSIGNED,GF3A_DIRECTIONAL_WRITE_EXHAUSTED_PRIMALITY_UNASSIGNED,514,512,512,NO_RECORDED_FACTOR_PRP_OR_LL_RESULT_AND_NO_ACTIVE_GIMPS_ASSIGNMENT,2026-08-09T04:34:14+00:00,UNALLOCATED,,,,,
SLCMP1765-3266,3266,3266,583664947,2^583664947-1,STRUCTURAL_SCREEN_EXHAUSTED_PRIMALITY_UNASSIGNED,GF3A_DIRECTIONAL_WRITE_EXHAUSTED_PRIMALITY_UNASSIGNED,514,512,512,NO_RECORDED_FACTOR_PRP_OR_LL_RESULT_AND_NO_ACTIVE_GIMPS_ASSIGNMENT,2026-08-09T04:34:14+00:00,UNALLOCATED,,,,,
SLCMP1765-3267,3267,3267,583664953,2^583664953-1,STRUCTURAL_SCREEN_EXHAUSTED_PRIMALITY_UNASSIGNED,GF3A_DIRECTIONAL_WRITE_EXHAUSTED_PRIMALITY_UNASSIGNED,513,512,512,NO_RECORDED_FACTOR_PRP_OR_LL_RESULT_AND_NO_ACTIVE_GIMPS_ASSIGNMENT,2026-08-09T04:34:14+00:00,UNALLOCATED,,,,,
SLCMP1765-3268,3268,3268,583664969,2^583664969-1,STRUCTURAL_SCREEN_EXHAUSTED_PRIMALITY_UNASSIGNED,GF3A_DIRECTIONAL_WRITE_EXHAUSTED_PRIMALITY_UNASSIGNED,513,512,512,NO_RECORDED_FACTOR_PRP_OR_LL_RESULT_AND_NO_ACTIVE_GIMPS_ASSIGNMENT,2026-08-09T04:34:14+00:00,UNALLOCATED,,,,,
SLCMP1765-3269,3269,3269,583665013,2^583665013-1,STRUCTURAL_SCREEN_EXHAUSTED_PRIMALITY_UNASSIGNED,GF3A_DIRECTIONAL_WRITE_EXHAUSTED_PRIMALITY_UNASSIGNED,513,512,512,NO_RECORDED_FACTOR_PRP_OR_LL_RESULT_AND_NO_ACTIVE_GIMPS_ASSIGNMENT,2026-08-09T04:34:14+00:00,UNALLOCATED,,,,,
SLCMP1765-3270,3270,3270,583665067,2^583665067-1,STRUCTURAL_SCREEN_EXHAUSTED_PRIMALITY_UNASSIGNED,GF3A_DIRECTIONAL_WRITE_EXHAUSTED_PRIMALITY_UNASSIGNED,514,512,512,NO_RECORDED_FACTOR_PRP_OR_LL_RESULT_AND_NO_ACTIVE_GIMPS_ASSIGNMENT,2026-08-09T04:34:14+00:00,UNALLOCATED,,,,,
SLCMP1765-3271,3271,3271,583665077,2^583665077-1,STRUCTURAL_SCREEN_EXHAUSTED_PRIMALITY_UNASSIGNED,GF3A_DIRECTIONAL_WRITE_EXHAUSTED_PRIMALITY_UNASSIGNED,513,512,512,NO_RECORDED_FACTOR_PRP_OR_LL_RESULT_AND_NO_ACTIVE_GIMPS_ASSIGNMENT,2026-08-09T04:34:14+00:00,UNALLOCATED,,,,,
SLCMP1765-3272,3272,3272,583665211,2^583665211-1,STRUCTURAL_SCREEN_EXHAUSTED_PRIMALITY_UNASSIGNED,GF3A_DIRECTIONAL_WRITE_EXHAUSTED_PRIMALITY_UNASSIGNED,514,512,512,NO_RECORDED_FACTOR_PRP_OR_LL_RESULT_AND_NO_ACTIVE_GIMPS_ASSIGNMENT,2026-08-09T04:34:14+00:00,UNALLOCATED,,,,,
SLCMP1765-3273,3273,3273,583665239,2^583665239-1,STRUCTURAL_SCREEN_EXHAUSTED_PRIMALITY_UNASSIGNED,GF3A_DIRECTIONAL_WRITE_EXHAUSTED_PRIMALITY_UNASSIGNED,514,512,512,NO_RECORDED_FACTOR_PRP_OR_LL_RESULT_AND_NO_ACTIVE_GIMPS_ASSIGNMENT,2026-08-09T04:34:14+00:00,UNALLOCATED,,,,,
SLCMP1765-3274,3274,3274,583665331,2^583665331-1,STRUCTURAL_SCREEN_EXHAUSTED_PRIMALITY_UNASSIGNED,GF3A_DIRECTIONAL_WRITE_EXHAUSTED_PRIMALITY_UNASSIGNED,514,512,512,NO_RECORDED_FACTOR_PRP_OR_LL_RESULT_AND_NO_ACTIVE_GIMPS_ASSIGNMENT,2026-08-09T04:34:14+00:00,UNALLOCATED,,,,,
SLCMP1765-3275,3275,3275,583665449,2^583665449-1,STRUCTURAL_SCREEN_EXHAUSTED_PRIMALITY_UNASSIGNED,GF3A_DIRECTIONAL_WRITE_EXHAUSTED_PRIMALITY_UNASSIGNED,513,512,512,NO_RECORDED_FACTOR_PRP_OR_LL_RESULT_AND_NO_ACTIVE_GIMPS_ASSIGNMENT,2026-08-09T04:34:14+00:00,UNALLOCATED,,,,,
SLCMP1765-3276,3276,3276,583665547,2^583665547-1,STRUCTURAL_SCREEN_EXHAUSTED_PRIMALITY_UNASSIGNED,GF3A_DIRECTIONAL_WRITE_EXHAUSTED_PRIMALITY_UNASSIGNED,514,512,512,NO_RECORDED_FACTOR_PRP_OR_LL_RESULT_AND_NO_ACTIVE_GIMPS_ASSIGNMENT,2026-08-09T04:34:14+00:00,UNALLOCATED,,,,,
SLCMP1765-3277,3277,3277,583665581,2^583665581-1,STRUCTURAL_SCREEN_EXHAUSTED_PRIMALITY_UNASSIGNED,GF3A_DIRECTIONAL_WRITE_EXHAUSTED_PRIMALITY_UNASSIGNED,513,512,512,NO_RECORDED_FACTOR_PRP_OR_LL_RESULT_AND_NO_ACTIVE_GIMPS_ASSIGNMENT,2026-08-09T04:34:14+00:00,UNALLOCATED,,,,,
SLCMP1765-3278,3278,3278,583665697,2^583665697-1,STRUCTURAL_SCREEN_EXHAUSTED_PRIMALITY_UNASSIGNED,GF3A_DIRECTIONAL_WRITE_EXHAUSTED_PRIMALITY_UNASSIGNED,513,512,512,NO_RECORDED_FACTOR_PRP_OR_LL_RESULT_AND_NO_ACTIVE_GIMPS_ASSIGNMENT,2026-08-09T04:34:14+00:00,UNALLOCATED,,,,,
SLCMP1765-3279,3279,3279,583665707,2^583665707-1,STRUCTURAL_SCREEN_EXHAUSTED_PRIMALITY_UNASSIGNED,GF3A_DIRECTIONAL_WRITE_EXHAUSTED_PRIMALITY_UNASSIGNED,514,512,512,NO_RECORDED_FACTOR_PRP_OR_LL_RESULT_AND_NO_ACTIVE_GIMPS_ASSIGNMENT,2026-08-09T04:34:14+00:00,UNALLOCATED,,,,,
SLCMP1765-3280,3280,3280,583665773,2^583665773-1,STRUCTURAL_SCREEN_EXHAUSTED_PRIMALITY_UNASSIGNED,GF3A_DIRECTIONAL_WRITE_EXHAUSTED_PRIMALITY_UNASSIGNED,513,512,512,NO_RECORDED_FACTOR_PRP_OR_LL_RESULT_AND_NO_ACTIVE_GIMPS_ASSIGNMENT,2026-08-09T04:34:14+00:00,UNALLOCATED,,,,,
SLCMP1765-3281,3281,3281,583665911,2^583665911-1,STRUCTURAL_SCREEN_EXHAUSTED_PRIMALITY_UNASSIGNED,GF3A_DIRECTIONAL_WRITE_EXHAUSTED_PRIMALITY_UNASSIGNED,514,512,512,NO_RECORDED_FACTOR_PRP_OR_LL_RESULT_AND_NO_ACTIVE_GIMPS_ASSIGNMENT,2026-08-09T04:34:14+00:00,UNALLOCATED,,,,,
SLCMP1765-3282,3282,3282,583665949,2^583665949-1,STRUCTURAL_SCREEN_EXHAUSTED_PRIMALITY_UNASSIGNED,GF3A_DIRECTIONAL_WRITE_EXHAUSTED_PRIMALITY_UNASSIGNED,513,512,512,NO_RECORDED_FACTOR_PRP_OR_LL_RESULT_AND_NO_ACTIVE_GIMPS_ASSIGNMENT,2026-08-09T04:34:14+00:00,UNALLOCATED,,,,,
SLCMP1765-3283,3283,3283,583666003,2^583666003-1,STRUCTURAL_SCREEN_EXHAUSTED_PRIMALITY_UNASSIGNED,GF3A_DIRECTIONAL_WRITE_EXHAUSTED_PRIMALITY_UNASSIGNED,514,512,512,NO_RECORDED_FACTOR_PRP_OR_LL_RESULT_AND_NO_ACTIVE_GIMPS_ASSIGNMENT,2026-08-09T04:34:14+00:00,UNALLOCATED,,,,,
SLCMP1765-3284,3284,3284,583666129,2^583666129-1,STRUCTURAL_SCREEN_EXHAUSTED_PRIMALITY_UNASSIGNED,GF3A_DIRECTIONAL_WRITE_EXHAUSTED_PRIMALITY_UNASSIGNED,513,512,512,NO_RECORDED_FACTOR_PRP_OR_LL_RESULT_AND_NO_ACTIVE_GIMPS_ASSIGNMENT,2026-08-09T04:34:14+00:00,UNALLOCATED,,,,,
SLCMP1765-3285,3285,3285,583666319,2^583666319-1,STRUCTURAL_SCREEN_EXHAUSTED_PRIMALITY_UNASSIGNED,GF3A_DIRECTIONAL_WRITE_EXHAUSTED_PRIMALITY_UNASSIGNED,514,512,512,NO_RECORDED_FACTOR_PRP_OR_LL_RESULT_AND_NO_ACTIVE_GIMPS_ASSIGNMENT,2026-08-09T04:34:14+00:00,UNALLOCATED,,,,,
SLCMP1765-3286,3286,3286,583666373,2^583666373-1,STRUCTURAL_SCREEN_EXHAUSTED_PRIMALITY_UNASSIGNED,GF3A_DIRECTIONAL_WRITE_EXHAUSTED_PRIMALITY_UNASSIGNED,513,512,512,NO_RECORDED_FACTOR_PRP_OR_LL_RESULT_AND_NO_ACTIVE_GIMPS_ASSIGNMENT,2026-08-09T04:34:14+00:00,UNALLOCATED,,,,,
SLCMP1765-3287,3287,3287,583666397,2^583666397-1,STRUCTURAL_SCREEN_EXHAUSTED_PRIMALITY_UNASSIGNED,GF3A_DIRECTIONAL_WRITE_EXHAUSTED_PRIMALITY_UNASSIGNED,513,512,512,NO_RECORDED_FACTOR_PRP_OR_LL_RESULT_AND_NO_ACTIVE_GIMPS_ASSIGNMENT,2026-08-09T04:34:14+00:00,UNALLOCATED,,,,,
SLCMP1765-3288,3288,3288,583666417,2^583666417-1,STRUCTURAL_SCREEN_EXHAUSTED_PRIMALITY_UNASSIGNED,GF3A_DIRECTIONAL_WRITE_EXHAUSTED_PRIMALITY_UNASSIGNED,513,512,512,NO_RECORDED_FACTOR_PRP_OR_LL_RESULT_AND_NO_ACTIVE_GIMPS_ASSIGNMENT,2026-08-09T04:34:14+00:00,UNALLOCATED,,,,,
SLCMP1765-3289,3289,3289,583666459,2^583666459-1,STRUCTURAL_SCREEN_EXHAUSTED_PRIMALITY_UNASSIGNED,GF3A_DIRECTIONAL_WRITE_EXHAUSTED_PRIMALITY_UNASSIGNED,514,512,512,NO_RECORDED_FACTOR_PRP_OR_LL_RESULT_AND_NO_ACTIVE_GIMPS_ASSIGNMENT,2026-08-09T04:34:14+00:00,UNALLOCATED,,,,,
SLCMP1765-3290,3290,3290,583666511,2^583666511-1,STRUCTURAL_SCREEN_EXHAUSTED_PRIMALITY_UNASSIGNED,GF3A_DIRECTIONAL_WRITE_EXHAUSTED_PRIMALITY_UNASSIGNED,514,512,512,NO_RECORDED_FACTOR_PRP_OR_LL_RESULT_AND_NO_ACTIVE_GIMPS_ASSIGNMENT,2026-08-09T04:34:14+00:00,UNALLOCATED,,,,,
SLCMP1765-3291,3291,3291,583666637,2^583666637-1,STRUCTURAL_SCREEN_EXHAUSTED_PRIMALITY_UNASSIGNED,GF3A_DIRECTIONAL_WRITE_EXHAUSTED_PRIMALITY_UNASSIGNED,513,512,512,NO_RECORDED_FACTOR_PRP_OR_LL_RESULT_AND_NO_ACTIVE_GIMPS_ASSIGNMENT,2026-08-09T04:34:14+00:00,UNALLOCATED,,,,,
SLCMP1765-3292,3292,3292,583666771,2^583666771-1,STRUCTURAL_SCREEN_EXHAUSTED_PRIMALITY_UNASSIGNED,GF3A_DIRECTIONAL_WRITE_EXHAUSTED_PRIMALITY_UNASSIGNED,514,512,512,NO_RECORDED_FACTOR_PRP_OR_LL_RESULT_AND_NO_ACTIVE_GIMPS_ASSIGNMENT,2026-08-09T04:34:14+00:00,UNALLOCATED,,,,,
SLCMP1765-3293,3293,3293,583666781,2^583666781-1,STRUCTURAL_SCREEN_EXHAUSTED_PRIMALITY_UNASSIGNED,GF3A_DIRECTIONAL_WRITE_EXHAUSTED_PRIMALITY_UNASSIGNED,513,512,512,NO_RECORDED_FACTOR_PRP_OR_LL_RESULT_AND_NO_ACTIVE_GIMPS_ASSIGNMENT,2026-08-09T04:34:14+00:00,UNALLOCATED,,,,,
SLCMP1765-3294,3294,3294,583666843,2^583666843-1,STRUCTURAL_SCREEN_EXHAUSTED_PRIMALITY_UNASSIGNED,GF3A_DIRECTIONAL_WRITE_EXHAUSTED_PRIMALITY_UNASSIGNED,514,512,512,NO_RECORDED_FACTOR_PRP_OR_LL_RESULT_AND_NO_ACTIVE_GIMPS_ASSIGNMENT,2026-08-09T04:34:14+00:00,UNALLOCATED,,,,,
SLCMP1765-3295,3295,3295,583666859,2^583666859-1,STRUCTURAL_SCREEN_EXHAUSTED_PRIMALITY_UNASSIGNED,GF3A_DIRECTIONAL_WRITE_EXHAUSTED_PRIMALITY_UNASSIGNED,514,512,512,NO_RECORDED_FACTOR_PRP_OR_LL_RESULT_AND_NO_ACTIVE_GIMPS_ASSIGNMENT,2026-08-09T04:34:14+00:00,UNALLOCATED,,,,,
SLCMP1765-3296,3296,3296,583666877,2^583666877-1,STRUCTURAL_SCREEN_EXHAUSTED_PRIMALITY_UNASSIGNED,GF3A_DIRECTIONAL_WRITE_EXHAUSTED_PRIMALITY_UNASSIGNED,513,512,512,NO_RECORDED_FACTOR_PRP_OR_LL_RESULT_AND_NO_ACTIVE_GIMPS_ASSIGNMENT,2026-08-09T04:34:14+00:00,UNALLOCATED,,,,,
SLCMP1765-3297,3297,3297,583666879,2^583666879-1,STRUCTURAL_SCREEN_EXHAUSTED_PRIMALITY_UNASSIGNED,GF3A_DIRECTIONAL_WRITE_EXHAUSTED_PRIMALITY_UNASSIGNED,514,512,512,NO_RECORDED_FACTOR_PRP_OR_LL_RESULT_AND_NO_ACTIVE_GIMPS_ASSIGNMENT,2026-08-09T04:34:14+00:00,UNALLOCATED,,,,,
SLCMP1765-3298,3298,3298,583666913,2^583666913-1,STRUCTURAL_SCREEN_EXHAUSTED_PRIMALITY_UNASSIGNED,GF3A_DIRECTIONAL_WRITE_EXHAUSTED_PRIMALITY_UNASSIGNED,513,512,512,NO_RECORDED_FACTOR_PRP_OR_LL_RESULT_AND_NO_ACTIVE_GIMPS_ASSIGNMENT,2026-08-09T04:34:14+00:00,UNALLOCATED,,,,,
SLCMP1765-3299,3299,3299,583666961,2^583666961-1,STRUCTURAL_SCREEN_EXHAUSTED_PRIMALITY_UNASSIGNED,GF3A_DIRECTIONAL_WRITE_EXHAUSTED_PRIMALITY_UNASSIGNED,513,512,512,NO_RECORDED_FACTOR_PRP_OR_LL_RESULT_AND_NO_ACTIVE_GIMPS_ASSIGNMENT,2026-08-09T04:34:14+00:00,UNALLOCATED,,,,,
SLCMP1765-3300,3300,3300,583667003,2^583667003-1,STRUCTURAL_SCREEN_EXHAUSTED_PRIMALITY_UNASSIGNED,GF3A_DIRECTIONAL_WRITE_EXHAUSTED_PRIMALITY_UNASSIGNED,514,512,512,NO_RECORDED_FACTOR_PRP_OR_LL_RESULT_AND_NO_ACTIVE_GIMPS_ASSIGNMENT,2026-08-09T04:34:14+00:00,UNALLOCATED,,,,,
SLCMP1765-3301,3301,3301,583667053,2^583667053-1,STRUCTURAL_SCREEN_EXHAUSTED_PRIMALITY_UNASSIGNED,GF3A_DIRECTIONAL_WRITE_EXHAUSTED_PRIMALITY_UNASSIGNED,513,512,512,NO_RECORDED_FACTOR_PRP_OR_LL_RESULT_AND_NO_ACTIVE_GIMPS_ASSIGNMENT,2026-08-09T04:34:14+00:00,UNALLOCATED,,,,,
SLCMP1765-3302,3302,3302,583667059,2^583667059-1,STRUCTURAL_SCREEN_EXHAUSTED_PRIMALITY_UNASSIGNED,GF3A_DIRECTIONAL_WRITE_EXHAUSTED_PRIMALITY_UNASSIGNED,514,512,512,NO_RECORDED_FACTOR_PRP_OR_LL_RESULT_AND_NO_ACTIVE_GIMPS_ASSIGNMENT,2026-08-09T04:34:14+00:00,UNALLOCATED,,,,,
SLCMP1765-3303,3303,3303,583667143,2^583667143-1,STRUCTURAL_SCREEN_EXHAUSTED_PRIMALITY_UNASSIGNED,GF3A_DIRECTIONAL_WRITE_EXHAUSTED_PRIMALITY_UNASSIGNED,514,512,512,NO_RECORDED_FACTOR_PRP_OR_LL_RESULT_AND_NO_ACTIVE_GIMPS_ASSIGNMENT,2026-08-09T04:34:14+00:00,UNALLOCATED,,,,,
SLCMP1765-3304,3304,3304,583667207,2^583667207-1,STRUCTURAL_SCREEN_EXHAUSTED_PRIMALITY_UNASSIGNED,GF3A_DIRECTIONAL_WRITE_EXHAUSTED_PRIMALITY_UNASSIGNED,514,512,512,NO_RECORDED_FACTOR_PRP_OR_LL_RESULT_AND_NO_ACTIVE_GIMPS_ASSIGNMENT,2026-08-09T04:34:14+00:00,UNALLOCATED,,,,,
SLCMP1765-3305,3305,3305,583667209,2^583667209-1,STRUCTURAL_SCREEN_EXHAUSTED_PRIMALITY_UNASSIGNED,GF3A_DIRECTIONAL_WRITE_EXHAUSTED_PRIMALITY_UNASSIGNED,513,512,512,NO_RECORDED_FACTOR_PRP_OR_LL_RESULT_AND_NO_ACTIVE_GIMPS_ASSIGNMENT,2026-08-09T04:34:14+00:00,UNALLOCATED,,,,,
SLCMP1765-3306,3306,3306,583667219,2^583667219-1,STRUCTURAL_SCREEN_EXHAUSTED_PRIMALITY_UNASSIGNED,GF3A_DIRECTIONAL_WRITE_EXHAUSTED_PRIMALITY_UNASSIGNED,514,512,512,NO_RECORDED_FACTOR_PRP_OR_LL_RESULT_AND_NO_ACTIVE_GIMPS_ASSIGNMENT,2026-08-09T04:34:14+00:00,UNALLOCATED,,,,,
SLCMP1765-3307,3307,3307,583667401,2^583667401-1,STRUCTURAL_SCREEN_EXHAUSTED_PRIMALITY_UNASSIGNED,GF3A_DIRECTIONAL_WRITE_EXHAUSTED_PRIMALITY_UNASSIGNED,513,512,512,NO_RECORDED_FACTOR_PRP_OR_LL_RESULT_AND_NO_ACTIVE_GIMPS_ASSIGNMENT,2026-08-09T04:34:14+00:00,UNALLOCATED,,,,,
SLCMP1765-3308,3308,3308,583667639,2^583667639-1,STRUCTURAL_SCREEN_EXHAUSTED_PRIMALITY_UNASSIGNED,GF3A_DIRECTIONAL_WRITE_EXHAUSTED_PRIMALITY_UNASSIGNED,514,512,512,NO_RECORDED_FACTOR_PRP_OR_LL_RESULT_AND_NO_ACTIVE_GIMPS_ASSIGNMENT,2026-08-09T04:34:14+00:00,UNALLOCATED,,,,,
SLCMP1765-3309,3309,3309,583667657,2^583667657-1,STRUCTURAL_SCREEN_EXHAUSTED_PRIMALITY_UNASSIGNED,GF3A_DIRECTIONAL_WRITE_EXHAUSTED_PRIMALITY_UNASSIGNED,513,512,512,NO_RECORDED_FACTOR_PRP_OR_LL_RESULT_AND_NO_ACTIVE_GIMPS_ASSIGNMENT,2026-08-09T04:34:14+00:00,UNALLOCATED,,,,,
SLCMP1765-3310,3310,3310,583667837,2^583667837-1,STRUCTURAL_SCREEN_EXHAUSTED_PRIMALITY_UNASSIGNED,GF3A_DIRECTIONAL_WRITE_EXHAUSTED_PRIMALITY_UNASSIGNED,513,512,512,NO_RECORDED_FACTOR_PRP_OR_LL_RESULT_AND_NO_ACTIVE_GIMPS_ASSIGNMENT,2026-08-09T04:34:14+00:00,UNALLOCATED,,,,,
SLCMP1765-3311,3311,3311,583667867,2^583667867-1,STRUCTURAL_SCREEN_EXHAUSTED_PRIMALITY_UNASSIGNED,GF3A_DIRECTIONAL_WRITE_EXHAUSTED_PRIMALITY_UNASSIGNED,514,512,512,NO_RECORDED_FACTOR_PRP_OR_LL_RESULT_AND_NO_ACTIVE_GIMPS_ASSIGNMENT,2026-08-09T04:34:14+00:00,UNALLOCATED,,,,,
SLCMP1765-3312,3312,3312,583667893,2^583667893-1,STRUCTURAL_SCREEN_EXHAUSTED_PRIMALITY_UNASSIGNED,GF3A_DIRECTIONAL_WRITE_EXHAUSTED_PRIMALITY_UNASSIGNED,513,512,512,NO_RECORDED_FACTOR_PRP_OR_LL_RESULT_AND_NO_ACTIVE_GIMPS_ASSIGNMENT,2026-08-09T04:34:14+00:00,UNALLOCATED,,,,,
SLCMP1765-3313,3313,3313,583667921,2^583667921-1,STRUCTURAL_SCREEN_EXHAUSTED_PRIMALITY_UNASSIGNED,GF3A_DIRECTIONAL_WRITE_EXHAUSTED_PRIMALITY_UNASSIGNED,513,512,512,NO_RECORDED_FACTOR_PRP_OR_LL_RESULT_AND_NO_ACTIVE_GIMPS_ASSIGNMENT,2026-08-09T04:34:14+00:00,UNALLOCATED,,,,,
SLCMP1765-3314,3314,3314,583667957,2^583667957-1,STRUCTURAL_SCREEN_EXHAUSTED_PRIMALITY_UNASSIGNED,GF3A_DIRECTIONAL_WRITE_EXHAUSTED_PRIMALITY_UNASSIGNED,513,512,512,NO_RECORDED_FACTOR_PRP_OR_LL_RESULT_AND_NO_ACTIVE_GIMPS_ASSIGNMENT,2026-08-09T04:34:14+00:00,UNALLOCATED,,,,,
SLCMP1765-3315,3315,3315,583667977,2^583667977-1,STRUCTURAL_SCREEN_EXHAUSTED_PRIMALITY_UNASSIGNED,GF3A_DIRECTIONAL_WRITE_EXHAUSTED_PRIMALITY_UNASSIGNED,513,512,512,NO_RECORDED_FACTOR_PRP_OR_LL_RESULT_AND_NO_ACTIVE_GIMPS_ASSIGNMENT,2026-08-09T04:34:14+00:00,UNALLOCATED,,,,,
SLCMP1765-3316,3316,3316,583667983,2^583667983-1,STRUCTURAL_SCREEN_EXHAUSTED_PRIMALITY_UNASSIGNED,GF3A_DIRECTIONAL_WRITE_EXHAUSTED_PRIMALITY_UNASSIGNED,514,512,512,NO_RECORDED_FACTOR_PRP_OR_LL_RESULT_AND_NO_ACTIVE_GIMPS_ASSIGNMENT,2026-08-09T04:34:14+00:00,UNALLOCATED,,,,,
SLCMP1765-3317,3317,3317,583668047,2^583668047-1,STRUCTURAL_SCREEN_EXHAUSTED_PRIMALITY_UNASSIGNED,GF3A_DIRECTIONAL_WRITE_EXHAUSTED_PRIMALITY_UNASSIGNED,514,512,512,NO_RECORDED_FACTOR_PRP_OR_LL_RESULT_AND_NO_ACTIVE_GIMPS_ASSIGNMENT,2026-08-09T04:34:14+00:00,UNALLOCATED,,,,,
SLCMP1765-3318,3318,3318,583668139,2^583668139-1,STRUCTURAL_SCREEN_EXHAUSTED_PRIMALITY_UNASSIGNED,GF3A_DIRECTIONAL_WRITE_EXHAUSTED_PRIMALITY_UNASSIGNED,514,512,512,NO_RECORDED_FACTOR_PRP_OR_LL_RESULT_AND_NO_ACTIVE_GIMPS_ASSIGNMENT,2026-08-09T04:34:14+00:00,UNALLOCATED,,,,,
SLCMP1765-3319,3319,3319,583668167,2^583668167-1,STRUCTURAL_SCREEN_EXHAUSTED_PRIMALITY_UNASSIGNED,GF3A_DIRECTIONAL_WRITE_EXHAUSTED_PRIMALITY_UNASSIGNED,514,512,512,NO_RECORDED_FACTOR_PRP_OR_LL_RESULT_AND_NO_ACTIVE_GIMPS_ASSIGNMENT,2026-08-09T04:34:14+00:00,UNALLOCATED,,,,,
SLCMP1765-3320,3320,3320,583668187,2^583668187-1,STRUCTURAL_SCREEN_EXHAUSTED_PRIMALITY_UNASSIGNED,GF3A_DIRECTIONAL_WRITE_EXHAUSTED_PRIMALITY_UNASSIGNED,514,512,512,NO_RECORDED_FACTOR_PRP_OR_LL_RESULT_AND_NO_ACTIVE_GIMPS_ASSIGNMENT,2026-08-09T04:34:14+00:00,UNALLOCATED,,,,,
SLCMP1765-3321,3321,3321,583668247,2^583668247-1,STRUCTURAL_SCREEN_EXHAUSTED_PRIMALITY_UNASSIGNED,GF3A_DIRECTIONAL_WRITE_EXHAUSTED_PRIMALITY_UNASSIGNED,514,512,512,NO_RECORDED_FACTOR_PRP_OR_LL_RESULT_AND_NO_ACTIVE_GIMPS_ASSIGNMENT,2026-08-09T04:34:14+00:00,UNALLOCATED,,,,,
SLCMP1765-3322,3322,3322,583668271,2^583668271-1,STRUCTURAL_SCREEN_EXHAUSTED_PRIMALITY_UNASSIGNED,GF3A_DIRECTIONAL_WRITE_EXHAUSTED_PRIMALITY_UNASSIGNED,514,512,512,NO_RECORDED_FACTOR_PRP_OR_LL_RESULT_AND_NO_ACTIVE_GIMPS_ASSIGNMENT,2026-08-09T04:34:14+00:00,UNALLOCATED,,,,,
SLCMP1765-3323,3323,3323,583668299,2^583668299-1,STRUCTURAL_SCREEN_EXHAUSTED_PRIMALITY_UNASSIGNED,GF3A_DIRECTIONAL_WRITE_EXHAUSTED_PRIMALITY_UNASSIGNED,514,512,512,NO_RECORDED_FACTOR_PRP_OR_LL_RESULT_AND_NO_ACTIVE_GIMPS_ASSIGNMENT,2026-08-09T04:34:14+00:00,UNALLOCATED,,,,,
SLCMP1765-3324,3324,3324,583668301,2^583668301-1,STRUCTURAL_SCREEN_EXHAUSTED_PRIMALITY_UNASSIGNED,GF3A_DIRECTIONAL_WRITE_EXHAUSTED_PRIMALITY_UNASSIGNED,513,512,512,NO_RECORDED_FACTOR_PRP_OR_LL_RESULT_AND_NO_ACTIVE_GIMPS_ASSIGNMENT,2026-08-09T04:34:14+00:00,UNALLOCATED,,,,,
SLCMP1765-3325,3325,3325,583668409,2^583668409-1,STRUCTURAL_SCREEN_EXHAUSTED_PRIMALITY_UNASSIGNED,GF3A_DIRECTIONAL_WRITE_EXHAUSTED_PRIMALITY_UNASSIGNED,513,512,512,NO_RECORDED_FACTOR_PRP_OR_LL_RESULT_AND_NO_ACTIVE_GIMPS_ASSIGNMENT,2026-08-09T04:34:14+00:00,UNALLOCATED,,,,,
SLCMP1765-3326,3326,3326,583668431,2^583668431-1,STRUCTURAL_SCREEN_EXHAUSTED_PRIMALITY_UNASSIGNED,GF3A_DIRECTIONAL_WRITE_EXHAUSTED_PRIMALITY_UNASSIGNED,514,512,512,NO_RECORDED_FACTOR_PRP_OR_LL_RESULT_AND_NO_ACTIVE_GIMPS_ASSIGNMENT,2026-08-09T04:34:14+00:00,UNALLOCATED,,,,,
SLCMP1765-3327,3327,3327,583668457,2^583668457-1,STRUCTURAL_SCREEN_EXHAUSTED_PRIMALITY_UNASSIGNED,GF3A_DIRECTIONAL_WRITE_EXHAUSTED_PRIMALITY_UNASSIGNED,513,512,512,NO_RECORDED_FACTOR_PRP_OR_LL_RESULT_AND_NO_ACTIVE_GIMPS_ASSIGNMENT,2026-08-09T04:34:14+00:00,UNALLOCATED,,,,,
SLCMP1765-3328,3328,3328,583668469,2^583668469-1,STRUCTURAL_SCREEN_EXHAUSTED_PRIMALITY_UNASSIGNED,GF3A_DIRECTIONAL_WRITE_EXHAUSTED_PRIMALITY_UNASSIGNED,513,512,512,NO_RECORDED_FACTOR_PRP_OR_LL_RESULT_AND_NO_ACTIVE_GIMPS_ASSIGNMENT,2026-08-09T04:34:14+00:00,UNALLOCATED,,,,,
SLCMP1765-3329,3329,3329,583668487,2^583668487-1,STRUCTURAL_SCREEN_EXHAUSTED_PRIMALITY_UNASSIGNED,GF3A_DIRECTIONAL_WRITE_EXHAUSTED_PRIMALITY_UNASSIGNED,514,512,512,NO_RECORDED_FACTOR_PRP_OR_LL_RESULT_AND_NO_ACTIVE_GIMPS_ASSIGNMENT,2026-08-09T04:34:14+00:00,UNALLOCATED,,,,,
SLCMP1765-3330,3330,3330,583668551,2^583668551-1,STRUCTURAL_SCREEN_EXHAUSTED_PRIMALITY_UNASSIGNED,GF3A_DIRECTIONAL_WRITE_EXHAUSTED_PRIMALITY_UNASSIGNED,514,512,512,NO_RECORDED_FACTOR_PRP_OR_LL_RESULT_AND_NO_ACTIVE_GIMPS_ASSIGNMENT,2026-08-09T04:34:14+00:00,UNALLOCATED,,,,,
SLCMP1765-3331,3331,3331,583668641,2^583668641-1,STRUCTURAL_SCREEN_EXHAUSTED_PRIMALITY_UNASSIGNED,GF3A_DIRECTIONAL_WRITE_EXHAUSTED_PRIMALITY_UNASSIGNED,513,512,512,NO_RECORDED_FACTOR_PRP_OR_LL_RESULT_AND_NO_ACTIVE_GIMPS_ASSIGNMENT,2026-08-09T04:34:14+00:00,UNALLOCATED,,,,,
SLCMP1765-3332,3332,3332,583668719,2^583668719-1,STRUCTURAL_SCREEN_EXHAUSTED_PRIMALITY_UNASSIGNED,GF3A_DIRECTIONAL_WRITE_EXHAUSTED_PRIMALITY_UNASSIGNED,514,512,512,NO_RECORDED_FACTOR_PRP_OR_LL_RESULT_AND_NO_ACTIVE_GIMPS_ASSIGNMENT,2026-08-09T04:34:14+00:00,UNALLOCATED,,,,,
SLCMP1765-3333,3333,3333,583668727,2^583668727-1,STRUCTURAL_SCREEN_EXHAUSTED_PRIMALITY_UNASSIGNED,GF3A_DIRECTIONAL_WRITE_EXHAUSTED_PRIMALITY_UNASSIGNED,514,512,512,NO_RECORDED_FACTOR_PRP_OR_LL_RESULT_AND_NO_ACTIVE_GIMPS_ASSIGNMENT,2026-08-09T04:34:14+00:00,UNALLOCATED,,,,,
SLCMP1765-3334,3334,3334,583668737,2^583668737-1,STRUCTURAL_SCREEN_EXHAUSTED_PRIMALITY_UNASSIGNED,GF3A_DIRECTIONAL_WRITE_EXHAUSTED_PRIMALITY_UNASSIGNED,513,512,512,NO_RECORDED_FACTOR_PRP_OR_LL_RESULT_AND_NO_ACTIVE_GIMPS_ASSIGNMENT,2026-08-09T04:34:14+00:00,UNALLOCATED,,,,,
SLCMP1765-3335,3335,3335,583668739,2^583668739-1,STRUCTURAL_SCREEN_EXHAUSTED_PRIMALITY_UNASSIGNED,GF3A_DIRECTIONAL_WRITE_EXHAUSTED_PRIMALITY_UNASSIGNED,514,512,512,NO_RECORDED_FACTOR_PRP_OR_LL_RESULT_AND_NO_ACTIVE_GIMPS_ASSIGNMENT,2026-08-09T04:34:14+00:00,UNALLOCATED,,,,,
SLCMP1765-3336,3336,3336,583668781,2^583668781-1,STRUCTURAL_SCREEN_EXHAUSTED_PRIMALITY_UNASSIGNED,GF3A_DIRECTIONAL_WRITE_EXHAUSTED_PRIMALITY_UNASSIGNED,513,512,512,NO_RECORDED_FACTOR_PRP_OR_LL_RESULT_AND_NO_ACTIVE_GIMPS_ASSIGNMENT,2026-08-09T04:34:14+00:00,UNALLOCATED,,,,,
SLCMP1765-3337,3337,3337,583668881,2^583668881-1,STRUCTURAL_SCREEN_EXHAUSTED_PRIMALITY_UNASSIGNED,GF3A_DIRECTIONAL_WRITE_EXHAUSTED_PRIMALITY_UNASSIGNED,513,512,512,NO_RECORDED_FACTOR_PRP_OR_LL_RESULT_AND_NO_ACTIVE_GIMPS_ASSIGNMENT,2026-08-09T04:34:14+00:00,UNALLOCATED,,,,,
SLCMP1765-3338,3338,3338,583669027,2^583669027-1,STRUCTURAL_SCREEN_EXHAUSTED_PRIMALITY_UNASSIGNED,GF3A_DIRECTIONAL_WRITE_EXHAUSTED_PRIMALITY_UNASSIGNED,514,512,512,NO_RECORDED_FACTOR_PRP_OR_LL_RESULT_AND_NO_ACTIVE_GIMPS_ASSIGNMENT,2026-08-09T04:34:14+00:00,UNALLOCATED,,,,,
SLCMP1765-3339,3339,3339,583669111,2^583669111-1,STRUCTURAL_SCREEN_EXHAUSTED_PRIMALITY_UNASSIGNED,GF3A_DIRECTIONAL_WRITE_EXHAUSTED_PRIMALITY_UNASSIGNED,514,512,512,NO_RECORDED_FACTOR_PRP_OR_LL_RESULT_AND_NO_ACTIVE_GIMPS_ASSIGNMENT,2026-08-09T04:34:14+00:00,UNALLOCATED,,,,,
SLCMP1765-3340,3340,3340,583669139,2^583669139-1,STRUCTURAL_SCREEN_EXHAUSTED_PRIMALITY_UNASSIGNED,GF3A_DIRECTIONAL_WRITE_EXHAUSTED_PRIMALITY_UNASSIGNED,514,512,512,NO_RECORDED_FACTOR_PRP_OR_LL_RESULT_AND_NO_ACTIVE_GIMPS_ASSIGNMENT,2026-08-09T04:34:14+00:00,UNALLOCATED,,,,,
SLCMP1765-3341,3341,3341,583669159,2^583669159-1,STRUCTURAL_SCREEN_EXHAUSTED_PRIMALITY_UNASSIGNED,GF3A_DIRECTIONAL_WRITE_EXHAUSTED_PRIMALITY_UNASSIGNED,514,512,512,NO_RECORDED_FACTOR_PRP_OR_LL_RESULT_AND_NO_ACTIVE_GIMPS_ASSIGNMENT,2026-08-09T04:34:14+00:00,UNALLOCATED,,,,,
SLCMP1765-3342,3342,3342,583669223,2^583669223-1,STRUCTURAL_SCREEN_EXHAUSTED_PRIMALITY_UNASSIGNED,GF3A_DIRECTIONAL_WRITE_EXHAUSTED_PRIMALITY_UNASSIGNED,514,512,512,NO_RECORDED_FACTOR_PRP_OR_LL_RESULT_AND_NO_ACTIVE_GIMPS_ASSIGNMENT,2026-08-09T04:34:14+00:00,UNALLOCATED,,,,,
SLCMP1765-3343,3343,3343,583669243,2^583669243-1,STRUCTURAL_SCREEN_EXHAUSTED_PRIMALITY_UNASSIGNED,GF3A_DIRECTIONAL_WRITE_EXHAUSTED_PRIMALITY_UNASSIGNED,514,512,512,NO_RECORDED_FACTOR_PRP_OR_LL_RESULT_AND_NO_ACTIVE_GIMPS_ASSIGNMENT,2026-08-09T04:34:14+00:00,UNALLOCATED,,,,,
SLCMP1765-3344,3344,3344,583669349,2^583669349-1,STRUCTURAL_SCREEN_EXHAUSTED_PRIMALITY_UNASSIGNED,GF3A_DIRECTIONAL_WRITE_EXHAUSTED_PRIMALITY_UNASSIGNED,513,512,512,NO_RECORDED_FACTOR_PRP_OR_LL_RESULT_AND_NO_ACTIVE_GIMPS_ASSIGNMENT,2026-08-09T04:34:14+00:00,UNALLOCATED,,,,,
SLCMP1765-3345,3345,3345,583669369,2^583669369-1,STRUCTURAL_SCREEN_EXHAUSTED_PRIMALITY_UNASSIGNED,GF3A_DIRECTIONAL_WRITE_EXHAUSTED_PRIMALITY_UNASSIGNED,513,512,512,NO_RECORDED_FACTOR_PRP_OR_LL_RESULT_AND_NO_ACTIVE_GIMPS_ASSIGNMENT,2026-08-09T04:34:14+00:00,UNALLOCATED,,,,,
SLCMP1765-3346,3346,3346,583669391,2^583669391-1,STRUCTURAL_SCREEN_EXHAUSTED_PRIMALITY_UNASSIGNED,GF3A_DIRECTIONAL_WRITE_EXHAUSTED_PRIMALITY_UNASSIGNED,514,512,512,NO_RECORDED_FACTOR_PRP_OR_LL_RESULT_AND_NO_ACTIVE_GIMPS_ASSIGNMENT,2026-08-09T04:34:14+00:00,UNALLOCATED,,,,,
SLCMP1765-3347,3347,3347,583669423,2^583669423-1,STRUCTURAL_SCREEN_EXHAUSTED_PRIMALITY_UNASSIGNED,GF3A_DIRECTIONAL_WRITE_EXHAUSTED_PRIMALITY_UNASSIGNED,514,512,512,NO_RECORDED_FACTOR_PRP_OR_LL_RESULT_AND_NO_ACTIVE_GIMPS_ASSIGNMENT,2026-08-09T04:34:14+00:00,UNALLOCATED,,,,,
SLCMP1765-3348,3348,3348,583669439,2^583669439-1,STRUCTURAL_SCREEN_EXHAUSTED_PRIMALITY_UNASSIGNED,GF3A_DIRECTIONAL_WRITE_EXHAUSTED_PRIMALITY_UNASSIGNED,514,512,512,NO_RECORDED_FACTOR_PRP_OR_LL_RESULT_AND_NO_ACTIVE_GIMPS_ASSIGNMENT,2026-08-09T04:34:14+00:00,UNALLOCATED,,,,,
SLCMP1765-3349,3349,3349,583669447,2^583669447-1,STRUCTURAL_SCREEN_EXHAUSTED_PRIMALITY_UNASSIGNED,GF3A_DIRECTIONAL_WRITE_EXHAUSTED_PRIMALITY_UNASSIGNED,514,512,512,NO_RECORDED_FACTOR_PRP_OR_LL_RESULT_AND_NO_ACTIVE_GIMPS_ASSIGNMENT,2026-08-09T04:34:14+00:00,UNALLOCATED,,,,,
SLCMP1765-3350,3350,3350,583669553,2^583669553-1,STRUCTURAL_SCREEN_EXHAUSTED_PRIMALITY_UNASSIGNED,GF3A_DIRECTIONAL_WRITE_EXHAUSTED_PRIMALITY_UNASSIGNED,513,512,512,NO_RECORDED_FACTOR_PRP_OR_LL_RESULT_AND_NO_ACTIVE_GIMPS_ASSIGNMENT,2026-08-09T04:34:14+00:00,UNALLOCATED,,,,,
SLCMP1765-3351,3351,3351,583669663,2^583669663-1,STRUCTURAL_SCREEN_EXHAUSTED_PRIMALITY_UNASSIGNED,GF3A_DIRECTIONAL_WRITE_EXHAUSTED_PRIMALITY_UNASSIGNED,514,512,512,NO_RECORDED_FACTOR_PRP_OR_LL_RESULT_AND_NO_ACTIVE_GIMPS_ASSIGNMENT,2026-08-09T04:34:14+00:00,UNALLOCATED,,,,,
SLCMP1765-3352,3352,3352,583669741,2^583669741-1,STRUCTURAL_SCREEN_EXHAUSTED_PRIMALITY_UNASSIGNED,GF3A_DIRECTIONAL_WRITE_EXHAUSTED_PRIMALITY_UNASSIGNED,513,512,512,NO_RECORDED_FACTOR_PRP_OR_LL_RESULT_AND_NO_ACTIVE_GIMPS_ASSIGNMENT,2026-08-09T04:34:14+00:00,UNALLOCATED,,,,,
SLCMP1765-3353,3353,3353,583669819,2^583669819-1,STRUCTURAL_SCREEN_EXHAUSTED_PRIMALITY_UNASSIGNED,GF3A_DIRECTIONAL_WRITE_EXHAUSTED_PRIMALITY_UNASSIGNED,514,512,512,NO_RECORDED_FACTOR_PRP_OR_LL_RESULT_AND_NO_ACTIVE_GIMPS_ASSIGNMENT,2026-08-09T04:34:14+00:00,UNALLOCATED,,,,,
SLCMP1765-3354,3354,3354,583669859,2^583669859-1,STRUCTURAL_SCREEN_EXHAUSTED_PRIMALITY_UNASSIGNED,GF3A_DIRECTIONAL_WRITE_EXHAUSTED_PRIMALITY_UNASSIGNED,514,512,512,NO_RECORDED_FACTOR_PRP_OR_LL_RESULT_AND_NO_ACTIVE_GIMPS_ASSIGNMENT,2026-08-09T04:34:14+00:00,UNALLOCATED,,,,,
SLCMP1765-3355,3355,3355,583669939,2^583669939-1,STRUCTURAL_SCREEN_EXHAUSTED_PRIMALITY_UNASSIGNED,GF3A_DIRECTIONAL_WRITE_EXHAUSTED_PRIMALITY_UNASSIGNED,514,512,512,NO_RECORDED_FACTOR_PRP_OR_LL_RESULT_AND_NO_ACTIVE_GIMPS_ASSIGNMENT,2026-08-09T04:34:14+00:00,UNALLOCATED,,,,,
SLCMP1765-3356,3356,3356,583669969,2^583669969-1,STRUCTURAL_SCREEN_EXHAUSTED_PRIMALITY_UNASSIGNED,GF3A_DIRECTIONAL_WRITE_EXHAUSTED_PRIMALITY_UNASSIGNED,513,512,512,NO_RECORDED_FACTOR_PRP_OR_LL_RESULT_AND_NO_ACTIVE_GIMPS_ASSIGNMENT,2026-08-09T04:34:14+00:00,UNALLOCATED,,,,,
SLCMP1765-3357,3357,3357,583669981,2^583669981-1,STRUCTURAL_SCREEN_EXHAUSTED_PRIMALITY_UNASSIGNED,GF3A_DIRECTIONAL_WRITE_EXHAUSTED_PRIMALITY_UNASSIGNED,513,512,512,NO_RECORDED_FACTOR_PRP_OR_LL_RESULT_AND_NO_ACTIVE_GIMPS_ASSIGNMENT,2026-08-09T04:34:14+00:00,UNALLOCATED,,,,,
SLCMP1765-3358,3358,3358,583670023,2^583670023-1,STRUCTURAL_SCREEN_EXHAUSTED_PRIMALITY_UNASSIGNED,GF3A_DIRECTIONAL_WRITE_EXHAUSTED_PRIMALITY_UNASSIGNED,514,512,512,NO_RECORDED_FACTOR_PRP_OR_LL_RESULT_AND_NO_ACTIVE_GIMPS_ASSIGNMENT,2026-08-09T04:34:14+00:00,UNALLOCATED,,,,,
SLCMP1765-3359,3359,3359,583670123,2^583670123-1,STRUCTURAL_SCREEN_EXHAUSTED_PRIMALITY_UNASSIGNED,GF3A_DIRECTIONAL_WRITE_EXHAUSTED_PRIMALITY_UNASSIGNED,514,512,512,NO_RECORDED_FACTOR_PRP_OR_LL_RESULT_AND_NO_ACTIVE_GIMPS_ASSIGNMENT,2026-08-09T04:34:14+00:00,UNALLOCATED,,,,,
SLCMP1765-3360,3360,3360,583670179,2^583670179-1,STRUCTURAL_SCREEN_EXHAUSTED_PRIMALITY_UNASSIGNED,GF3A_DIRECTIONAL_WRITE_EXHAUSTED_PRIMALITY_UNASSIGNED,514,512,512,NO_RECORDED_FACTOR_PRP_OR_LL_RESULT_AND_NO_ACTIVE_GIMPS_ASSIGNMENT,2026-08-09T04:34:14+00:00,UNALLOCATED,,,,,
SLCMP1765-3361,3361,3361,583670209,2^583670209-1,STRUCTURAL_SCREEN_EXHAUSTED_PRIMALITY_UNASSIGNED,GF3A_DIRECTIONAL_WRITE_EXHAUSTED_PRIMALITY_UNASSIGNED,513,512,512,NO_RECORDED_FACTOR_PRP_OR_LL_RESULT_AND_NO_ACTIVE_GIMPS_ASSIGNMENT,2026-08-09T04:34:14+00:00,UNALLOCATED,,,,,
SLCMP1765-3362,3362,3362,583670239,2^583670239-1,STRUCTURAL_SCREEN_EXHAUSTED_PRIMALITY_UNASSIGNED,GF3A_DIRECTIONAL_WRITE_EXHAUSTED_PRIMALITY_UNASSIGNED,514,512,512,NO_RECORDED_FACTOR_PRP_OR_LL_RESULT_AND_NO_ACTIVE_GIMPS_ASSIGNMENT,2026-08-09T04:34:14+00:00,UNALLOCATED,,,,,
SLCMP1765-3363,3363,3363,583670251,2^583670251-1,STRUCTURAL_SCREEN_EXHAUSTED_PRIMALITY_UNASSIGNED,GF3A_DIRECTIONAL_WRITE_EXHAUSTED_PRIMALITY_UNASSIGNED,514,512,512,NO_RECORDED_FACTOR_PRP_OR_LL_RESULT_AND_NO_ACTIVE_GIMPS_ASSIGNMENT,2026-08-09T04:34:14+00:00,UNALLOCATED,,,,,
SLCMP1765-3364,3364,3364,583670267,2^583670267-1,STRUCTURAL_SCREEN_EXHAUSTED_PRIMALITY_UNASSIGNED,GF3A_DIRECTIONAL_WRITE_EXHAUSTED_PRIMALITY_UNASSIGNED,514,512,512,NO_RECORDED_FACTOR_PRP_OR_LL_RESULT_AND_NO_ACTIVE_GIMPS_ASSIGNMENT,2026-08-09T04:34:14+00:00,UNALLOCATED,,,,,
SLCMP1765-3365,3365,3365,583670273,2^583670273-1,STRUCTURAL_SCREEN_EXHAUSTED_PRIMALITY_UNASSIGNED,GF3A_DIRECTIONAL_WRITE_EXHAUSTED_PRIMALITY_UNASSIGNED,513,512,512,NO_RECORDED_FACTOR_PRP_OR_LL_RESULT_AND_NO_ACTIVE_GIMPS_ASSIGNMENT,2026-08-09T04:34:14+00:00,UNALLOCATED,,,,,
SLCMP1765-3366,3366,3366,583670323,2^583670323-1,STRUCTURAL_SCREEN_EXHAUSTED_PRIMALITY_UNASSIGNED,GF3A_DIRECTIONAL_WRITE_EXHAUSTED_PRIMALITY_UNASSIGNED,514,512,512,NO_RECORDED_FACTOR_PRP_OR_LL_RESULT_AND_NO_ACTIVE_GIMPS_ASSIGNMENT,2026-08-09T04:34:14+00:00,UNALLOCATED,,,,,
SLCMP1765-3367,3367,3367,583670363,2^583670363-1,STRUCTURAL_SCREEN_EXHAUSTED_PRIMALITY_UNASSIGNED,GF3A_DIRECTIONAL_WRITE_EXHAUSTED_PRIMALITY_UNASSIGNED,514,512,512,NO_RECORDED_FACTOR_PRP_OR_LL_RESULT_AND_NO_ACTIVE_GIMPS_ASSIGNMENT,2026-08-09T04:34:14+00:00,UNALLOCATED,,,,,
SLCMP1765-3368,3368,3368,583670419,2^583670419-1,STRUCTURAL_SCREEN_EXHAUSTED_PRIMALITY_UNASSIGNED,GF3A_DIRECTIONAL_WRITE_EXHAUSTED_PRIMALITY_UNASSIGNED,514,512,512,NO_RECORDED_FACTOR_PRP_OR_LL_RESULT_AND_NO_ACTIVE_GIMPS_ASSIGNMENT,2026-08-09T04:34:14+00:00,UNALLOCATED,,,,,
SLCMP1765-3369,3369,3369,583670489,2^583670489-1,STRUCTURAL_SCREEN_EXHAUSTED_PRIMALITY_UNASSIGNED,GF3A_DIRECTIONAL_WRITE_EXHAUSTED_PRIMALITY_UNASSIGNED,513,512,512,NO_RECORDED_FACTOR_PRP_OR_LL_RESULT_AND_NO_ACTIVE_GIMPS_ASSIGNMENT,2026-08-09T04:34:14+00:00,UNALLOCATED,,,,,
SLCMP1765-3370,3370,3370,583670497,2^583670497-1,STRUCTURAL_SCREEN_EXHAUSTED_PRIMALITY_UNASSIGNED,GF3A_DIRECTIONAL_WRITE_EXHAUSTED_PRIMALITY_UNASSIGNED,513,512,512,NO_RECORDED_FACTOR_PRP_OR_LL_RESULT_AND_NO_ACTIVE_GIMPS_ASSIGNMENT,2026-08-09T04:34:14+00:00,UNALLOCATED,,,,,
SLCMP1765-3371,3371,3371,583670621,2^583670621-1,STRUCTURAL_SCREEN_EXHAUSTED_PRIMALITY_UNASSIGNED,GF3A_DIRECTIONAL_WRITE_EXHAUSTED_PRIMALITY_UNASSIGNED,513,512,512,NO_RECORDED_FACTOR_PRP_OR_LL_RESULT_AND_NO_ACTIVE_GIMPS_ASSIGNMENT,2026-08-09T04:34:14+00:00,UNALLOCATED,,,,,
SLCMP1765-3372,3372,3372,583670641,2^583670641-1,STRUCTURAL_SCREEN_EXHAUSTED_PRIMALITY_UNASSIGNED,GF3A_DIRECTIONAL_WRITE_EXHAUSTED_PRIMALITY_UNASSIGNED,513,512,512,NO_RECORDED_FACTOR_PRP_OR_LL_RESULT_AND_NO_ACTIVE_GIMPS_ASSIGNMENT,2026-08-09T04:34:14+00:00,UNALLOCATED,,,,,
SLCMP1765-3373,3373,3373,583670653,2^583670653-1,STRUCTURAL_SCREEN_EXHAUSTED_PRIMALITY_UNASSIGNED,GF3A_DIRECTIONAL_WRITE_EXHAUSTED_PRIMALITY_UNASSIGNED,513,512,512,NO_RECORDED_FACTOR_PRP_OR_LL_RESULT_AND_NO_ACTIVE_GIMPS_ASSIGNMENT,2026-08-09T04:34:14+00:00,UNALLOCATED,,,,,
SLCMP1765-3374,3374,3374,583670677,2^583670677-1,STRUCTURAL_SCREEN_EXHAUSTED_PRIMALITY_UNASSIGNED,GF3A_DIRECTIONAL_WRITE_EXHAUSTED_PRIMALITY_UNASSIGNED,513,512,512,NO_RECORDED_FACTOR_PRP_OR_LL_RESULT_AND_NO_ACTIVE_GIMPS_ASSIGNMENT,2026-08-09T04:34:14+00:00,UNALLOCATED,,,,,
SLCMP1765-3375,3375,3375,583670683,2^583670683-1,STRUCTURAL_SCREEN_EXHAUSTED_PRIMALITY_UNASSIGNED,GF3A_DIRECTIONAL_WRITE_EXHAUSTED_PRIMALITY_UNASSIGNED,514,512,512,NO_RECORDED_FACTOR_PRP_OR_LL_RESULT_AND_NO_ACTIVE_GIMPS_ASSIGNMENT,2026-08-09T04:34:14+00:00,UNALLOCATED,,,,,
SLCMP1765-3376,3376,3376,583670807,2^583670807-1,STRUCTURAL_SCREEN_EXHAUSTED_PRIMALITY_UNASSIGNED,GF3A_DIRECTIONAL_WRITE_EXHAUSTED_PRIMALITY_UNASSIGNED,514,512,512,NO_RECORDED_FACTOR_PRP_OR_LL_RESULT_AND_NO_ACTIVE_GIMPS_ASSIGNMENT,2026-08-09T04:34:14+00:00,UNALLOCATED,,,,,
SLCMP1765-3377,3377,3377,583670873,2^583670873-1,STRUCTURAL_SCREEN_EXHAUSTED_PRIMALITY_UNASSIGNED,GF3A_DIRECTIONAL_WRITE_EXHAUSTED_PRIMALITY_UNASSIGNED,513,512,512,NO_RECORDED_FACTOR_PRP_OR_LL_RESULT_AND_NO_ACTIVE_GIMPS_ASSIGNMENT,2026-08-09T04:34:14+00:00,UNALLOCATED,,,,,
SLCMP1765-3378,3378,3378,583670887,2^583670887-1,STRUCTURAL_SCREEN_EXHAUSTED_PRIMALITY_UNASSIGNED,GF3A_DIRECTIONAL_WRITE_EXHAUSTED_PRIMALITY_UNASSIGNED,514,512,512,NO_RECORDED_FACTOR_PRP_OR_LL_RESULT_AND_NO_ACTIVE_GIMPS_ASSIGNMENT,2026-08-09T04:34:14+00:00,UNALLOCATED,,,,,
SLCMP1765-3379,3379,3379,583670921,2^583670921-1,STRUCTURAL_SCREEN_EXHAUSTED_PRIMALITY_UNASSIGNED,GF3A_DIRECTIONAL_WRITE_EXHAUSTED_PRIMALITY_UNASSIGNED,513,512,512,NO_RECORDED_FACTOR_PRP_OR_LL_RESULT_AND_NO_ACTIVE_GIMPS_ASSIGNMENT,2026-08-09T04:34:14+00:00,UNALLOCATED,,,,,
SLCMP1765-3380,3380,3380,583670929,2^583670929-1,STRUCTURAL_SCREEN_EXHAUSTED_PRIMALITY_UNASSIGNED,GF3A_DIRECTIONAL_WRITE_EXHAUSTED_PRIMALITY_UNASSIGNED,513,512,512,NO_RECORDED_FACTOR_PRP_OR_LL_RESULT_AND_NO_ACTIVE_GIMPS_ASSIGNMENT,2026-08-09T04:34:14+00:00,UNALLOCATED,,,,,
SLCMP1765-3381,3381,3381,583670959,2^583670959-1,STRUCTURAL_SCREEN_EXHAUSTED_PRIMALITY_UNASSIGNED,GF3A_DIRECTIONAL_WRITE_EXHAUSTED_PRIMALITY_UNASSIGNED,514,512,512,NO_RECORDED_FACTOR_PRP_OR_LL_RESULT_AND_NO_ACTIVE_GIMPS_ASSIGNMENT,2026-08-09T04:34:14+00:00,UNALLOCATED,,,,,
SLCMP1765-3382,3382,3382,583670987,2^583670987-1,STRUCTURAL_SCREEN_EXHAUSTED_PRIMALITY_UNASSIGNED,GF3A_DIRECTIONAL_WRITE_EXHAUSTED_PRIMALITY_UNASSIGNED,514,512,512,NO_RECORDED_FACTOR_PRP_OR_LL_RESULT_AND_NO_ACTIVE_GIMPS_ASSIGNMENT,2026-08-09T04:34:14+00:00,UNALLOCATED,,,,,
SLCMP1765-3383,3383,3383,583670999,2^583670999-1,STRUCTURAL_SCREEN_EXHAUSTED_PRIMALITY_UNASSIGNED,GF3A_DIRECTIONAL_WRITE_EXHAUSTED_PRIMALITY_UNASSIGNED,514,512,512,NO_RECORDED_FACTOR_PRP_OR_LL_RESULT_AND_NO_ACTIVE_GIMPS_ASSIGNMENT,2026-08-09T04:34:14+00:00,UNALLOCATED,,,,,
SLCMP1765-3384,3384,3384,583671031,2^583671031-1,STRUCTURAL_SCREEN_EXHAUSTED_PRIMALITY_UNASSIGNED,GF3A_DIRECTIONAL_WRITE_EXHAUSTED_PRIMALITY_UNASSIGNED,514,512,512,NO_RECORDED_FACTOR_PRP_OR_LL_RESULT_AND_NO_ACTIVE_GIMPS_ASSIGNMENT,2026-08-09T04:34:14+00:00,UNALLOCATED,,,,,
SLCMP1765-3385,3385,3385,583671071,2^583671071-1,STRUCTURAL_SCREEN_EXHAUSTED_PRIMALITY_UNASSIGNED,GF3A_DIRECTIONAL_WRITE_EXHAUSTED_PRIMALITY_UNASSIGNED,514,512,512,NO_RECORDED_FACTOR_PRP_OR_LL_RESULT_AND_NO_ACTIVE_GIMPS_ASSIGNMENT,2026-08-09T04:34:14+00:00,UNALLOCATED,,,,,
SLCMP1765-3386,3386,3386,583671079,2^583671079-1,STRUCTURAL_SCREEN_EXHAUSTED_PRIMALITY_UNASSIGNED,GF3A_DIRECTIONAL_WRITE_EXHAUSTED_PRIMALITY_UNASSIGNED,514,512,512,NO_RECORDED_FACTOR_PRP_OR_LL_RESULT_AND_NO_ACTIVE_GIMPS_ASSIGNMENT,2026-08-09T04:34:14+00:00,UNALLOCATED,,,,,
SLCMP1765-3387,3387,3387,583671091,2^583671091-1,STRUCTURAL_SCREEN_EXHAUSTED_PRIMALITY_UNASSIGNED,GF3A_DIRECTIONAL_WRITE_EXHAUSTED_PRIMALITY_UNASSIGNED,514,512,512,NO_RECORDED_FACTOR_PRP_OR_LL_RESULT_AND_NO_ACTIVE_GIMPS_ASSIGNMENT,2026-08-09T04:34:14+00:00,UNALLOCATED,,,,,
SLCMP1765-3388,3388,3388,583671113,2^583671113-1,STRUCTURAL_SCREEN_EXHAUSTED_PRIMALITY_UNASSIGNED,GF3A_DIRECTIONAL_WRITE_EXHAUSTED_PRIMALITY_UNASSIGNED,513,512,512,NO_RECORDED_FACTOR_PRP_OR_LL_RESULT_AND_NO_ACTIVE_GIMPS_ASSIGNMENT,2026-08-09T04:34:14+00:00,UNALLOCATED,,,,,
SLCMP1765-3389,3389,3389,583671157,2^583671157-1,STRUCTURAL_SCREEN_EXHAUSTED_PRIMALITY_UNASSIGNED,GF3A_DIRECTIONAL_WRITE_EXHAUSTED_PRIMALITY_UNASSIGNED,513,512,512,NO_RECORDED_FACTOR_PRP_OR_LL_RESULT_AND_NO_ACTIVE_GIMPS_ASSIGNMENT,2026-08-09T04:34:14+00:00,UNALLOCATED,,,,,
SLCMP1765-3390,3390,3390,583671199,2^583671199-1,STRUCTURAL_SCREEN_EXHAUSTED_PRIMALITY_UNASSIGNED,GF3A_DIRECTIONAL_WRITE_EXHAUSTED_PRIMALITY_UNASSIGNED,514,512,512,NO_RECORDED_FACTOR_PRP_OR_LL_RESULT_AND_NO_ACTIVE_GIMPS_ASSIGNMENT,2026-08-09T04:34:14+00:00,UNALLOCATED,,,,,
SLCMP1765-3391,3391,3391,583671211,2^583671211-1,STRUCTURAL_SCREEN_EXHAUSTED_PRIMALITY_UNASSIGNED,GF3A_DIRECTIONAL_WRITE_EXHAUSTED_PRIMALITY_UNASSIGNED,514,512,512,NO_RECORDED_FACTOR_PRP_OR_LL_RESULT_AND_NO_ACTIVE_GIMPS_ASSIGNMENT,2026-08-09T04:34:14+00:00,UNALLOCATED,,,,,
SLCMP1765-3392,3392,3392,583671259,2^583671259-1,STRUCTURAL_SCREEN_EXHAUSTED_PRIMALITY_UNASSIGNED,GF3A_DIRECTIONAL_WRITE_EXHAUSTED_PRIMALITY_UNASSIGNED,514,512,512,NO_RECORDED_FACTOR_PRP_OR_LL_RESULT_AND_NO_ACTIVE_GIMPS_ASSIGNMENT,2026-08-09T04:34:14+00:00,UNALLOCATED,,,,,
SLCMP1765-3393,3393,3393,583671331,2^583671331-1,STRUCTURAL_SCREEN_EXHAUSTED_PRIMALITY_UNASSIGNED,GF3A_DIRECTIONAL_WRITE_EXHAUSTED_PRIMALITY_UNASSIGNED,514,512,512,NO_RECORDED_FACTOR_PRP_OR_LL_RESULT_AND_NO_ACTIVE_GIMPS_ASSIGNMENT,2026-08-09T04:34:14+00:00,UNALLOCATED,,,,,
SLCMP1765-3394,3394,3394,583671401,2^583671401-1,STRUCTURAL_SCREEN_EXHAUSTED_PRIMALITY_UNASSIGNED,GF3A_DIRECTIONAL_WRITE_EXHAUSTED_PRIMALITY_UNASSIGNED,513,512,512,NO_RECORDED_FACTOR_PRP_OR_LL_RESULT_AND_NO_ACTIVE_GIMPS_ASSIGNMENT,2026-08-09T04:34:14+00:00,UNALLOCATED,,,,,
SLCMP1765-3395,3395,3395,583671433,2^583671433-1,STRUCTURAL_SCREEN_EXHAUSTED_PRIMALITY_UNASSIGNED,GF3A_DIRECTIONAL_WRITE_EXHAUSTED_PRIMALITY_UNASSIGNED,513,512,512,NO_RECORDED_FACTOR_PRP_OR_LL_RESULT_AND_NO_ACTIVE_GIMPS_ASSIGNMENT,2026-08-09T04:34:14+00:00,UNALLOCATED,,,,,
SLCMP1765-3396,3396,3396,583671497,2^583671497-1,STRUCTURAL_SCREEN_EXHAUSTED_PRIMALITY_UNASSIGNED,GF3A_DIRECTIONAL_WRITE_EXHAUSTED_PRIMALITY_UNASSIGNED,513,512,512,NO_RECORDED_FACTOR_PRP_OR_LL_RESULT_AND_NO_ACTIVE_GIMPS_ASSIGNMENT,2026-08-09T04:34:14+00:00,UNALLOCATED,,,,,
SLCMP1765-3397,3397,3397,583671581,2^583671581-1,STRUCTURAL_SCREEN_EXHAUSTED_PRIMALITY_UNASSIGNED,GF3A_DIRECTIONAL_WRITE_EXHAUSTED_PRIMALITY_UNASSIGNED,513,512,512,NO_RECORDED_FACTOR_PRP_OR_LL_RESULT_AND_NO_ACTIVE_GIMPS_ASSIGNMENT,2026-08-09T04:34:14+00:00,UNALLOCATED,,,,,
SLCMP1765-3398,3398,3398,583671631,2^583671631-1,STRUCTURAL_SCREEN_EXHAUSTED_PRIMALITY_UNASSIGNED,GF3A_DIRECTIONAL_WRITE_EXHAUSTED_PRIMALITY_UNASSIGNED,514,512,512,NO_RECORDED_FACTOR_PRP_OR_LL_RESULT_AND_NO_ACTIVE_GIMPS_ASSIGNMENT,2026-08-09T04:34:14+00:00,UNALLOCATED,,,,,
SLCMP1765-3399,3399,3399,583671677,2^583671677-1,STRUCTURAL_SCREEN_EXHAUSTED_PRIMALITY_UNASSIGNED,GF3A_DIRECTIONAL_WRITE_EXHAUSTED_PRIMALITY_UNASSIGNED,513,512,512,NO_RECORDED_FACTOR_PRP_OR_LL_RESULT_AND_NO_ACTIVE_GIMPS_ASSIGNMENT,2026-08-09T04:34:14+00:00,UNALLOCATED,,,,,
SLCMP1765-3400,3400,3400,583671691,2^583671691-1,STRUCTURAL_SCREEN_EXHAUSTED_PRIMALITY_UNASSIGNED,GF3A_DIRECTIONAL_WRITE_EXHAUSTED_PRIMALITY_UNASSIGNED,514,512,512,NO_RECORDED_FACTOR_PRP_OR_LL_RESULT_AND_NO_ACTIVE_GIMPS_ASSIGNMENT,2026-08-09T04:34:14+00:00,UNALLOCATED,,,,,
SLCMP1765-3401,3401,3401,583671833,2^583671833-1,STRUCTURAL_SCREEN_EXHAUSTED_PRIMALITY_UNASSIGNED,GF3A_DIRECTIONAL_WRITE_EXHAUSTED_PRIMALITY_UNASSIGNED,513,512,512,NO_RECORDED_FACTOR_PRP_OR_LL_RESULT_AND_NO_ACTIVE_GIMPS_ASSIGNMENT,2026-08-09T04:34:14+00:00,UNALLOCATED,,,,,
SLCMP1765-3402,3402,3402,583671857,2^583671857-1,STRUCTURAL_SCREEN_EXHAUSTED_PRIMALITY_UNASSIGNED,GF3A_DIRECTIONAL_WRITE_EXHAUSTED_PRIMALITY_UNASSIGNED,513,512,512,NO_RECORDED_FACTOR_PRP_OR_LL_RESULT_AND_NO_ACTIVE_GIMPS_ASSIGNMENT,2026-08-09T04:34:14+00:00,UNALLOCATED,,,,,
SLCMP1765-3403,3403,3403,583671883,2^583671883-1,STRUCTURAL_SCREEN_EXHAUSTED_PRIMALITY_UNASSIGNED,GF3A_DIRECTIONAL_WRITE_EXHAUSTED_PRIMALITY_UNASSIGNED,514,512,512,NO_RECORDED_FACTOR_PRP_OR_LL_RESULT_AND_NO_ACTIVE_GIMPS_ASSIGNMENT,2026-08-09T04:34:14+00:00,UNALLOCATED,,,,,
SLCMP1765-3404,3404,3404,583671947,2^583671947-1,STRUCTURAL_SCREEN_EXHAUSTED_PRIMALITY_UNASSIGNED,GF3A_DIRECTIONAL_WRITE_EXHAUSTED_PRIMALITY_UNASSIGNED,514,512,512,NO_RECORDED_FACTOR_PRP_OR_LL_RESULT_AND_NO_ACTIVE_GIMPS_ASSIGNMENT,2026-08-09T04:34:14+00:00,UNALLOCATED,,,,,
SLCMP1765-3405,3405,3405,583671953,2^583671953-1,STRUCTURAL_SCREEN_EXHAUSTED_PRIMALITY_UNASSIGNED,GF3A_DIRECTIONAL_WRITE_EXHAUSTED_PRIMALITY_UNASSIGNED,513,512,512,NO_RECORDED_FACTOR_PRP_OR_LL_RESULT_AND_NO_ACTIVE_GIMPS_ASSIGNMENT,2026-08-09T04:34:14+00:00,UNALLOCATED,,,,,
SLCMP1765-3406,3406,3406,583671997,2^583671997-1,STRUCTURAL_SCREEN_EXHAUSTED_PRIMALITY_UNASSIGNED,GF3A_DIRECTIONAL_WRITE_EXHAUSTED_PRIMALITY_UNASSIGNED,513,512,512,NO_RECORDED_FACTOR_PRP_OR_LL_RESULT_AND_NO_ACTIVE_GIMPS_ASSIGNMENT,2026-08-09T04:34:14+00:00,UNALLOCATED,,,,,
SLCMP1765-3407,3407,3407,583672013,2^583672013-1,STRUCTURAL_SCREEN_EXHAUSTED_PRIMALITY_UNASSIGNED,GF3A_DIRECTIONAL_WRITE_EXHAUSTED_PRIMALITY_UNASSIGNED,513,512,512,NO_RECORDED_FACTOR_PRP_OR_LL_RESULT_AND_NO_ACTIVE_GIMPS_ASSIGNMENT,2026-08-09T04:34:14+00:00,UNALLOCATED,,,,,
SLCMP1765-3408,3408,3408,583672021,2^583672021-1,STRUCTURAL_SCREEN_EXHAUSTED_PRIMALITY_UNASSIGNED,GF3A_DIRECTIONAL_WRITE_EXHAUSTED_PRIMALITY_UNASSIGNED,513,512,512,NO_RECORDED_FACTOR_PRP_OR_LL_RESULT_AND_NO_ACTIVE_GIMPS_ASSIGNMENT,2026-08-09T04:34:14+00:00,UNALLOCATED,,,,,
SLCMP1765-3409,3409,3409,583672097,2^583672097-1,STRUCTURAL_SCREEN_EXHAUSTED_PRIMALITY_UNASSIGNED,GF3A_DIRECTIONAL_WRITE_EXHAUSTED_PRIMALITY_UNASSIGNED,513,512,512,NO_RECORDED_FACTOR_PRP_OR_LL_RESULT_AND_NO_ACTIVE_GIMPS_ASSIGNMENT,2026-08-09T04:34:14+00:00,UNALLOCATED,,,,,
SLCMP1765-3410,3410,3410,583672109,2^583672109-1,STRUCTURAL_SCREEN_EXHAUSTED_PRIMALITY_UNASSIGNED,GF3A_DIRECTIONAL_WRITE_EXHAUSTED_PRIMALITY_UNASSIGNED,513,512,512,NO_RECORDED_FACTOR_PRP_OR_LL_RESULT_AND_NO_ACTIVE_GIMPS_ASSIGNMENT,2026-08-09T04:34:14+00:00,UNALLOCATED,,,,,
SLCMP1765-3411,3411,3411,583672253,2^583672253-1,STRUCTURAL_SCREEN_EXHAUSTED_PRIMALITY_UNASSIGNED,GF3A_DIRECTIONAL_WRITE_EXHAUSTED_PRIMALITY_UNASSIGNED,513,512,512,NO_RECORDED_FACTOR_PRP_OR_LL_RESULT_AND_NO_ACTIVE_GIMPS_ASSIGNMENT,2026-08-09T04:34:14+00:00,UNALLOCATED,,,,,
SLCMP1765-3412,3412,3412,583672291,2^583672291-1,STRUCTURAL_SCREEN_EXHAUSTED_PRIMALITY_UNASSIGNED,GF3A_DIRECTIONAL_WRITE_EXHAUSTED_PRIMALITY_UNASSIGNED,514,512,512,NO_RECORDED_FACTOR_PRP_OR_LL_RESULT_AND_NO_ACTIVE_GIMPS_ASSIGNMENT,2026-08-09T04:34:14+00:00,UNALLOCATED,,,,,
SLCMP1765-3413,3413,3413,583672307,2^583672307-1,STRUCTURAL_SCREEN_EXHAUSTED_PRIMALITY_UNASSIGNED,GF3A_DIRECTIONAL_WRITE_EXHAUSTED_PRIMALITY_UNASSIGNED,514,512,512,NO_RECORDED_FACTOR_PRP_OR_LL_RESULT_AND_NO_ACTIVE_GIMPS_ASSIGNMENT,2026-08-09T04:34:14+00:00,UNALLOCATED,,,,,
SLCMP1765-3414,3414,3414,583672333,2^583672333-1,STRUCTURAL_SCREEN_EXHAUSTED_PRIMALITY_UNASSIGNED,GF3A_DIRECTIONAL_WRITE_EXHAUSTED_PRIMALITY_UNASSIGNED,513,512,512,NO_RECORDED_FACTOR_PRP_OR_LL_RESULT_AND_NO_ACTIVE_GIMPS_ASSIGNMENT,2026-08-09T04:34:14+00:00,UNALLOCATED,,,,,
SLCMP1765-3415,3415,3415,583672361,2^583672361-1,STRUCTURAL_SCREEN_EXHAUSTED_PRIMALITY_UNASSIGNED,GF3A_DIRECTIONAL_WRITE_EXHAUSTED_PRIMALITY_UNASSIGNED,513,512,512,NO_RECORDED_FACTOR_PRP_OR_LL_RESULT_AND_NO_ACTIVE_GIMPS_ASSIGNMENT,2026-08-09T04:34:14+00:00,UNALLOCATED,,,,,
SLCMP1765-3416,3416,3416,583672363,2^583672363-1,STRUCTURAL_SCREEN_EXHAUSTED_PRIMALITY_UNASSIGNED,GF3A_DIRECTIONAL_WRITE_EXHAUSTED_PRIMALITY_UNASSIGNED,514,512,512,NO_RECORDED_FACTOR_PRP_OR_LL_RESULT_AND_NO_ACTIVE_GIMPS_ASSIGNMENT,2026-08-09T04:34:14+00:00,UNALLOCATED,,,,,
SLCMP1765-3417,3417,3417,583672421,2^583672421-1,STRUCTURAL_SCREEN_EXHAUSTED_PRIMALITY_UNASSIGNED,GF3A_DIRECTIONAL_WRITE_EXHAUSTED_PRIMALITY_UNASSIGNED,513,512,512,NO_RECORDED_FACTOR_PRP_OR_LL_RESULT_AND_NO_ACTIVE_GIMPS_ASSIGNMENT,2026-08-09T04:34:14+00:00,UNALLOCATED,,,,,
SLCMP1765-3418,3418,3418,583672429,2^583672429-1,STRUCTURAL_SCREEN_EXHAUSTED_PRIMALITY_UNASSIGNED,GF3A_DIRECTIONAL_WRITE_EXHAUSTED_PRIMALITY_UNASSIGNED,513,512,512,NO_RECORDED_FACTOR_PRP_OR_LL_RESULT_AND_NO_ACTIVE_GIMPS_ASSIGNMENT,2026-08-09T04:34:14+00:00,UNALLOCATED,,,,,
SLCMP1765-3419,3419,3419,583672477,2^583672477-1,STRUCTURAL_SCREEN_EXHAUSTED_PRIMALITY_UNASSIGNED,GF3A_DIRECTIONAL_WRITE_EXHAUSTED_PRIMALITY_UNASSIGNED,513,512,512,NO_RECORDED_FACTOR_PRP_OR_LL_RESULT_AND_NO_ACTIVE_GIMPS_ASSIGNMENT,2026-08-09T04:34:14+00:00,UNALLOCATED,,,,,
SLCMP1765-3420,3420,3420,583672489,2^583672489-1,STRUCTURAL_SCREEN_EXHAUSTED_PRIMALITY_UNASSIGNED,GF3A_DIRECTIONAL_WRITE_EXHAUSTED_PRIMALITY_UNASSIGNED,513,512,512,NO_RECORDED_FACTOR_PRP_OR_LL_RESULT_AND_NO_ACTIVE_GIMPS_ASSIGNMENT,2026-08-09T04:34:14+00:00,UNALLOCATED,,,,,
SLCMP1765-3421,3421,3421,583672511,2^583672511-1,STRUCTURAL_SCREEN_EXHAUSTED_PRIMALITY_UNASSIGNED,GF3A_DIRECTIONAL_WRITE_EXHAUSTED_PRIMALITY_UNASSIGNED,514,512,512,NO_RECORDED_FACTOR_PRP_OR_LL_RESULT_AND_NO_ACTIVE_GIMPS_ASSIGNMENT,2026-08-09T04:34:14+00:00,UNALLOCATED,,,,,
SLCMP1765-3422,3422,3422,583672547,2^583672547-1,STRUCTURAL_SCREEN_EXHAUSTED_PRIMALITY_UNASSIGNED,GF3A_DIRECTIONAL_WRITE_EXHAUSTED_PRIMALITY_UNASSIGNED,514,512,512,NO_RECORDED_FACTOR_PRP_OR_LL_RESULT_AND_NO_ACTIVE_GIMPS_ASSIGNMENT,2026-08-09T04:34:14+00:00,UNALLOCATED,,,,,
SLCMP1765-3423,3423,3423,583672601,2^583672601-1,STRUCTURAL_SCREEN_EXHAUSTED_PRIMALITY_UNASSIGNED,GF3A_DIRECTIONAL_WRITE_EXHAUSTED_PRIMALITY_UNASSIGNED,513,512,512,NO_RECORDED_FACTOR_PRP_OR_LL_RESULT_AND_NO_ACTIVE_GIMPS_ASSIGNMENT,2026-08-09T04:34:14+00:00,UNALLOCATED,,,,,
SLCMP1765-3424,3424,3424,583672643,2^583672643-1,STRUCTURAL_SCREEN_EXHAUSTED_PRIMALITY_UNASSIGNED,GF3A_DIRECTIONAL_WRITE_EXHAUSTED_PRIMALITY_UNASSIGNED,514,512,512,NO_RECORDED_FACTOR_PRP_OR_LL_RESULT_AND_NO_ACTIVE_GIMPS_ASSIGNMENT,2026-08-09T04:34:14+00:00,UNALLOCATED,,,,,
SLCMP1765-3425,3425,3425,583672693,2^583672693-1,STRUCTURAL_SCREEN_EXHAUSTED_PRIMALITY_UNASSIGNED,GF3A_DIRECTIONAL_WRITE_EXHAUSTED_PRIMALITY_UNASSIGNED,513,512,512,NO_RECORDED_FACTOR_PRP_OR_LL_RESULT_AND_NO_ACTIVE_GIMPS_ASSIGNMENT,2026-08-09T04:34:14+00:00,UNALLOCATED,,,,,
SLCMP1765-3426,3426,3426,583672807,2^583672807-1,STRUCTURAL_SCREEN_EXHAUSTED_PRIMALITY_UNASSIGNED,GF3A_DIRECTIONAL_WRITE_EXHAUSTED_PRIMALITY_UNASSIGNED,514,512,512,NO_RECORDED_FACTOR_PRP_OR_LL_RESULT_AND_NO_ACTIVE_GIMPS_ASSIGNMENT,2026-08-09T04:34:14+00:00,UNALLOCATED,,,,,
SLCMP1765-3427,3427,3427,583672819,2^583672819-1,STRUCTURAL_SCREEN_EXHAUSTED_PRIMALITY_UNASSIGNED,GF3A_DIRECTIONAL_WRITE_EXHAUSTED_PRIMALITY_UNASSIGNED,514,512,512,NO_RECORDED_FACTOR_PRP_OR_LL_RESULT_AND_NO_ACTIVE_GIMPS_ASSIGNMENT,2026-08-09T04:34:14+00:00,UNALLOCATED,,,,,
SLCMP1765-3428,3428,3428,583672853,2^583672853-1,STRUCTURAL_SCREEN_EXHAUSTED_PRIMALITY_UNASSIGNED,GF3A_DIRECTIONAL_WRITE_EXHAUSTED_PRIMALITY_UNASSIGNED,513,512,512,NO_RECORDED_FACTOR_PRP_OR_LL_RESULT_AND_NO_ACTIVE_GIMPS_ASSIGNMENT,2026-08-09T04:34:14+00:00,UNALLOCATED,,,,,
SLCMP1765-3429,3429,3429,583672871,2^583672871-1,STRUCTURAL_SCREEN_EXHAUSTED_PRIMALITY_UNASSIGNED,GF3A_DIRECTIONAL_WRITE_EXHAUSTED_PRIMALITY_UNASSIGNED,514,512,512,NO_RECORDED_FACTOR_PRP_OR_LL_RESULT_AND_NO_ACTIVE_GIMPS_ASSIGNMENT,2026-08-09T04:34:14+00:00,UNALLOCATED,,,,,
SLCMP1765-3430,3430,3430,583672919,2^583672919-1,STRUCTURAL_SCREEN_EXHAUSTED_PRIMALITY_UNASSIGNED,GF3A_DIRECTIONAL_WRITE_EXHAUSTED_PRIMALITY_UNASSIGNED,514,512,512,NO_RECORDED_FACTOR_PRP_OR_LL_RESULT_AND_NO_ACTIVE_GIMPS_ASSIGNMENT,2026-08-09T04:34:14+00:00,UNALLOCATED,,,,,
SLCMP1765-3431,3431,3431,583672963,2^583672963-1,STRUCTURAL_SCREEN_EXHAUSTED_PRIMALITY_UNASSIGNED,GF3A_DIRECTIONAL_WRITE_EXHAUSTED_PRIMALITY_UNASSIGNED,514,512,512,NO_RECORDED_FACTOR_PRP_OR_LL_RESULT_AND_NO_ACTIVE_GIMPS_ASSIGNMENT,2026-08-09T04:34:14+00:00,UNALLOCATED,,,,,
SLCMP1765-3432,3432,3432,583673021,2^583673021-1,STRUCTURAL_SCREEN_EXHAUSTED_PRIMALITY_UNASSIGNED,GF3A_DIRECTIONAL_WRITE_EXHAUSTED_PRIMALITY_UNASSIGNED,513,512,512,NO_RECORDED_FACTOR_PRP_OR_LL_RESULT_AND_NO_ACTIVE_GIMPS_ASSIGNMENT,2026-08-09T04:34:14+00:00,UNALLOCATED,,,,,
SLCMP1765-3433,3433,3433,583673029,2^583673029-1,STRUCTURAL_SCREEN_EXHAUSTED_PRIMALITY_UNASSIGNED,GF3A_DIRECTIONAL_WRITE_EXHAUSTED_PRIMALITY_UNASSIGNED,513,512,512,NO_RECORDED_FACTOR_PRP_OR_LL_RESULT_AND_NO_ACTIVE_GIMPS_ASSIGNMENT,2026-08-09T04:34:14+00:00,UNALLOCATED,,,,,
SLCMP1765-3434,3434,3434,583673149,2^583673149-1,STRUCTURAL_SCREEN_EXHAUSTED_PRIMALITY_UNASSIGNED,GF3A_DIRECTIONAL_WRITE_EXHAUSTED_PRIMALITY_UNASSIGNED,513,512,512,NO_RECORDED_FACTOR_PRP_OR_LL_RESULT_AND_NO_ACTIVE_GIMPS_ASSIGNMENT,2026-08-09T04:34:14+00:00,UNALLOCATED,,,,,
SLCMP1765-3435,3435,3435,583673159,2^583673159-1,STRUCTURAL_SCREEN_EXHAUSTED_PRIMALITY_UNASSIGNED,GF3A_DIRECTIONAL_WRITE_EXHAUSTED_PRIMALITY_UNASSIGNED,514,512,512,NO_RECORDED_FACTOR_PRP_OR_LL_RESULT_AND_NO_ACTIVE_GIMPS_ASSIGNMENT,2026-08-09T04:34:14+00:00,UNALLOCATED,,,,,
SLCMP1765-3436,3436,3436,583673269,2^583673269-1,STRUCTURAL_SCREEN_EXHAUSTED_PRIMALITY_UNASSIGNED,GF3A_DIRECTIONAL_WRITE_EXHAUSTED_PRIMALITY_UNASSIGNED,513,512,512,NO_RECORDED_FACTOR_PRP_OR_LL_RESULT_AND_NO_ACTIVE_GIMPS_ASSIGNMENT,2026-08-09T04:34:14+00:00,UNALLOCATED,,,,,
SLCMP1765-3437,3437,3437,583673399,2^583673399-1,STRUCTURAL_SCREEN_EXHAUSTED_PRIMALITY_UNASSIGNED,GF3A_DIRECTIONAL_WRITE_EXHAUSTED_PRIMALITY_UNASSIGNED,514,512,512,NO_RECORDED_FACTOR_PRP_OR_LL_RESULT_AND_NO_ACTIVE_GIMPS_ASSIGNMENT,2026-08-09T04:34:14+00:00,UNALLOCATED,,,,,
SLCMP1765-3438,3438,3438,583673413,2^583673413-1,STRUCTURAL_SCREEN_EXHAUSTED_PRIMALITY_UNASSIGNED,GF3A_DIRECTIONAL_WRITE_EXHAUSTED_PRIMALITY_UNASSIGNED,513,512,512,NO_RECORDED_FACTOR_PRP_OR_LL_RESULT_AND_NO_ACTIVE_GIMPS_ASSIGNMENT,2026-08-09T04:34:14+00:00,UNALLOCATED,,,,,
SLCMP1765-3439,3439,3439,583673537,2^583673537-1,STRUCTURAL_SCREEN_EXHAUSTED_PRIMALITY_UNASSIGNED,GF3A_DIRECTIONAL_WRITE_EXHAUSTED_PRIMALITY_UNASSIGNED,513,512,512,NO_RECORDED_FACTOR_PRP_OR_LL_RESULT_AND_NO_ACTIVE_GIMPS_ASSIGNMENT,2026-08-09T04:34:14+00:00,UNALLOCATED,,,,,
SLCMP1765-3440,3440,3440,583673609,2^583673609-1,STRUCTURAL_SCREEN_EXHAUSTED_PRIMALITY_UNASSIGNED,GF3A_DIRECTIONAL_WRITE_EXHAUSTED_PRIMALITY_UNASSIGNED,513,512,512,NO_RECORDED_FACTOR_PRP_OR_LL_RESULT_AND_NO_ACTIVE_GIMPS_ASSIGNMENT,2026-08-09T04:34:14+00:00,UNALLOCATED,,,,,
SLCMP1765-3441,3441,3441,583673669,2^583673669-1,STRUCTURAL_SCREEN_EXHAUSTED_PRIMALITY_UNASSIGNED,GF3A_DIRECTIONAL_WRITE_EXHAUSTED_PRIMALITY_UNASSIGNED,513,512,512,NO_RECORDED_FACTOR_PRP_OR_LL_RESULT_AND_NO_ACTIVE_GIMPS_ASSIGNMENT,2026-08-09T04:34:14+00:00,UNALLOCATED,,,,,
SLCMP1765-3442,3442,3442,583673693,2^583673693-1,STRUCTURAL_SCREEN_EXHAUSTED_PRIMALITY_UNASSIGNED,GF3A_DIRECTIONAL_WRITE_EXHAUSTED_PRIMALITY_UNASSIGNED,513,512,512,NO_RECORDED_FACTOR_PRP_OR_LL_RESULT_AND_NO_ACTIVE_GIMPS_ASSIGNMENT,2026-08-09T04:34:14+00:00,UNALLOCATED,,,,,
SLCMP1765-3443,3443,3443,583673707,2^583673707-1,STRUCTURAL_SCREEN_EXHAUSTED_PRIMALITY_UNASSIGNED,GF3A_DIRECTIONAL_WRITE_EXHAUSTED_PRIMALITY_UNASSIGNED,514,512,512,NO_RECORDED_FACTOR_PRP_OR_LL_RESULT_AND_NO_ACTIVE_GIMPS_ASSIGNMENT,2026-08-09T04:34:14+00:00,UNALLOCATED,,,,,
SLCMP1765-3444,3444,3444,583673731,2^583673731-1,STRUCTURAL_SCREEN_EXHAUSTED_PRIMALITY_UNASSIGNED,GF3A_DIRECTIONAL_WRITE_EXHAUSTED_PRIMALITY_UNASSIGNED,514,512,512,NO_RECORDED_FACTOR_PRP_OR_LL_RESULT_AND_NO_ACTIVE_GIMPS_ASSIGNMENT,2026-08-09T04:34:14+00:00,UNALLOCATED,,,,,
SLCMP1765-3445,3445,3445,583673809,2^583673809-1,STRUCTURAL_SCREEN_EXHAUSTED_PRIMALITY_UNASSIGNED,GF3A_DIRECTIONAL_WRITE_EXHAUSTED_PRIMALITY_UNASSIGNED,513,512,512,NO_RECORDED_FACTOR_PRP_OR_LL_RESULT_AND_NO_ACTIVE_GIMPS_ASSIGNMENT,2026-08-09T04:34:14+00:00,UNALLOCATED,,,,,
SLCMP1765-3446,3446,3446,583673833,2^583673833-1,STRUCTURAL_SCREEN_EXHAUSTED_PRIMALITY_UNASSIGNED,GF3A_DIRECTIONAL_WRITE_EXHAUSTED_PRIMALITY_UNASSIGNED,513,512,512,NO_RECORDED_FACTOR_PRP_OR_LL_RESULT_AND_NO_ACTIVE_GIMPS_ASSIGNMENT,2026-08-09T04:34:14+00:00,UNALLOCATED,,,,,
SLCMP1765-3447,3447,3447,583673891,2^583673891-1,STRUCTURAL_SCREEN_EXHAUSTED_PRIMALITY_UNASSIGNED,GF3A_DIRECTIONAL_WRITE_EXHAUSTED_PRIMALITY_UNASSIGNED,514,512,512,NO_RECORDED_FACTOR_PRP_OR_LL_RESULT_AND_NO_ACTIVE_GIMPS_ASSIGNMENT,2026-08-09T04:34:14+00:00,UNALLOCATED,,,,,
SLCMP1765-3448,3448,3448,583673933,2^583673933-1,STRUCTURAL_SCREEN_EXHAUSTED_PRIMALITY_UNASSIGNED,GF3A_DIRECTIONAL_WRITE_EXHAUSTED_PRIMALITY_UNASSIGNED,513,512,512,NO_RECORDED_FACTOR_PRP_OR_LL_RESULT_AND_NO_ACTIVE_GIMPS_ASSIGNMENT,2026-08-09T04:34:14+00:00,UNALLOCATED,,,,,
SLCMP1765-3449,3449,3449,583673957,2^583673957-1,STRUCTURAL_SCREEN_EXHAUSTED_PRIMALITY_UNASSIGNED,GF3A_DIRECTIONAL_WRITE_EXHAUSTED_PRIMALITY_UNASSIGNED,513,512,512,NO_RECORDED_FACTOR_PRP_OR_LL_RESULT_AND_NO_ACTIVE_GIMPS_ASSIGNMENT,2026-08-09T04:34:14+00:00,UNALLOCATED,,,,,
SLCMP1765-3450,3450,3450,583674101,2^583674101-1,STRUCTURAL_SCREEN_EXHAUSTED_PRIMALITY_UNASSIGNED,GF3A_DIRECTIONAL_WRITE_EXHAUSTED_PRIMALITY_UNASSIGNED,513,512,512,NO_RECORDED_FACTOR_PRP_OR_LL_RESULT_AND_NO_ACTIVE_GIMPS_ASSIGNMENT,2026-08-09T04:34:14+00:00,UNALLOCATED,,,,,
SLCMP1765-3451,3451,3451,583674121,2^583674121-1,STRUCTURAL_SCREEN_EXHAUSTED_PRIMALITY_UNASSIGNED,GF3A_DIRECTIONAL_WRITE_EXHAUSTED_PRIMALITY_UNASSIGNED,513,512,512,NO_RECORDED_FACTOR_PRP_OR_LL_RESULT_AND_NO_ACTIVE_GIMPS_ASSIGNMENT,2026-08-09T04:34:14+00:00,UNALLOCATED,,,,,
SLCMP1765-3452,3452,3452,583674187,2^583674187-1,STRUCTURAL_SCREEN_EXHAUSTED_PRIMALITY_UNASSIGNED,GF3A_DIRECTIONAL_WRITE_EXHAUSTED_PRIMALITY_UNASSIGNED,514,512,512,NO_RECORDED_FACTOR_PRP_OR_LL_RESULT_AND_NO_ACTIVE_GIMPS_ASSIGNMENT,2026-08-09T04:34:14+00:00,UNALLOCATED,,,,,
SLCMP1765-3453,3453,3453,583674239,2^583674239-1,STRUCTURAL_SCREEN_EXHAUSTED_PRIMALITY_UNASSIGNED,GF3A_DIRECTIONAL_WRITE_EXHAUSTED_PRIMALITY_UNASSIGNED,514,512,512,NO_RECORDED_FACTOR_PRP_OR_LL_RESULT_AND_NO_ACTIVE_GIMPS_ASSIGNMENT,2026-08-09T04:34:14+00:00,UNALLOCATED,,,,,
SLCMP1765-3454,3454,3454,583674437,2^583674437-1,STRUCTURAL_SCREEN_EXHAUSTED_PRIMALITY_UNASSIGNED,GF3A_DIRECTIONAL_WRITE_EXHAUSTED_PRIMALITY_UNASSIGNED,513,512,512,NO_RECORDED_FACTOR_PRP_OR_LL_RESULT_AND_NO_ACTIVE_GIMPS_ASSIGNMENT,2026-08-09T04:34:14+00:00,UNALLOCATED,,,,,
SLCMP1765-3455,3455,3455,583674577,2^583674577-1,STRUCTURAL_SCREEN_EXHAUSTED_PRIMALITY_UNASSIGNED,GF3A_DIRECTIONAL_WRITE_EXHAUSTED_PRIMALITY_UNASSIGNED,513,512,512,NO_RECORDED_FACTOR_PRP_OR_LL_RESULT_AND_NO_ACTIVE_GIMPS_ASSIGNMENT,2026-08-09T04:34:14+00:00,UNALLOCATED,,,,,
SLCMP1765-3456,3456,3456,583674589,2^583674589-1,STRUCTURAL_SCREEN_EXHAUSTED_PRIMALITY_UNASSIGNED,GF3A_DIRECTIONAL_WRITE_EXHAUSTED_PRIMALITY_UNASSIGNED,513,512,512,NO_RECORDED_FACTOR_PRP_OR_LL_RESULT_AND_NO_ACTIVE_GIMPS_ASSIGNMENT,2026-08-09T04:34:14+00:00,UNALLOCATED,,,,,
SLCMP1765-3457,3457,3457,583674631,2^583674631-1,STRUCTURAL_SCREEN_EXHAUSTED_PRIMALITY_UNASSIGNED,GF3A_DIRECTIONAL_WRITE_EXHAUSTED_PRIMALITY_UNASSIGNED,514,512,512,NO_RECORDED_FACTOR_PRP_OR_LL_RESULT_AND_NO_ACTIVE_GIMPS_ASSIGNMENT,2026-08-09T04:34:14+00:00,UNALLOCATED,,,,,
SLCMP1765-3458,3458,3458,583674649,2^583674649-1,STRUCTURAL_SCREEN_EXHAUSTED_PRIMALITY_UNASSIGNED,GF3A_DIRECTIONAL_WRITE_EXHAUSTED_PRIMALITY_UNASSIGNED,513,512,512,NO_RECORDED_FACTOR_PRP_OR_LL_RESULT_AND_NO_ACTIVE_GIMPS_ASSIGNMENT,2026-08-09T04:34:14+00:00,UNALLOCATED,,,,,
SLCMP1765-3459,3459,3459,583674769,2^583674769-1,STRUCTURAL_SCREEN_EXHAUSTED_PRIMALITY_UNASSIGNED,GF3A_DIRECTIONAL_WRITE_EXHAUSTED_PRIMALITY_UNASSIGNED,513,512,512,NO_RECORDED_FACTOR_PRP_OR_LL_RESULT_AND_NO_ACTIVE_GIMPS_ASSIGNMENT,2026-08-09T04:34:14+00:00,UNALLOCATED,,,,,
SLCMP1765-3460,3460,3460,583674877,2^583674877-1,STRUCTURAL_SCREEN_EXHAUSTED_PRIMALITY_UNASSIGNED,GF3A_DIRECTIONAL_WRITE_EXHAUSTED_PRIMALITY_UNASSIGNED,513,512,512,NO_RECORDED_FACTOR_PRP_OR_LL_RESULT_AND_NO_ACTIVE_GIMPS_ASSIGNMENT,2026-08-09T04:34:14+00:00,UNALLOCATED,,,,,
SLCMP1765-3461,3461,3461,583674953,2^583674953-1,STRUCTURAL_SCREEN_EXHAUSTED_PRIMALITY_UNASSIGNED,GF3A_DIRECTIONAL_WRITE_EXHAUSTED_PRIMALITY_UNASSIGNED,513,512,512,NO_RECORDED_FACTOR_PRP_OR_LL_RESULT_AND_NO_ACTIVE_GIMPS_ASSIGNMENT,2026-08-09T04:34:14+00:00,UNALLOCATED,,,,,
SLCMP1765-3462,3462,3462,583675051,2^583675051-1,STRUCTURAL_SCREEN_EXHAUSTED_PRIMALITY_UNASSIGNED,GF3A_DIRECTIONAL_WRITE_EXHAUSTED_PRIMALITY_UNASSIGNED,514,512,512,NO_RECORDED_FACTOR_PRP_OR_LL_RESULT_AND_NO_ACTIVE_GIMPS_ASSIGNMENT,2026-08-09T04:34:14+00:00,UNALLOCATED,,,,,
SLCMP1765-3463,3463,3463,583675063,2^583675063-1,STRUCTURAL_SCREEN_EXHAUSTED_PRIMALITY_UNASSIGNED,GF3A_DIRECTIONAL_WRITE_EXHAUSTED_PRIMALITY_UNASSIGNED,514,512,512,NO_RECORDED_FACTOR_PRP_OR_LL_RESULT_AND_NO_ACTIVE_GIMPS_ASSIGNMENT,2026-08-09T04:34:14+00:00,UNALLOCATED,,,,,
SLCMP1765-3464,3464,3464,583675121,2^583675121-1,STRUCTURAL_SCREEN_EXHAUSTED_PRIMALITY_UNASSIGNED,GF3A_DIRECTIONAL_WRITE_EXHAUSTED_PRIMALITY_UNASSIGNED,513,512,512,NO_RECORDED_FACTOR_PRP_OR_LL_RESULT_AND_NO_ACTIVE_GIMPS_ASSIGNMENT,2026-08-09T04:34:14+00:00,UNALLOCATED,,,,,
SLCMP1765-3465,3465,3465,583675129,2^583675129-1,STRUCTURAL_SCREEN_EXHAUSTED_PRIMALITY_UNASSIGNED,GF3A_DIRECTIONAL_WRITE_EXHAUSTED_PRIMALITY_UNASSIGNED,513,512,512,NO_RECORDED_FACTOR_PRP_OR_LL_RESULT_AND_NO_ACTIVE_GIMPS_ASSIGNMENT,2026-08-09T04:34:14+00:00,UNALLOCATED,,,,,
SLCMP1765-3466,3466,3466,583675153,2^583675153-1,STRUCTURAL_SCREEN_EXHAUSTED_PRIMALITY_UNASSIGNED,GF3A_DIRECTIONAL_WRITE_EXHAUSTED_PRIMALITY_UNASSIGNED,513,512,512,NO_RECORDED_FACTOR_PRP_OR_LL_RESULT_AND_NO_ACTIVE_GIMPS_ASSIGNMENT,2026-08-09T04:34:14+00:00,UNALLOCATED,,,,,
SLCMP1765-3467,3467,3467,583675177,2^583675177-1,STRUCTURAL_SCREEN_EXHAUSTED_PRIMALITY_UNASSIGNED,GF3A_DIRECTIONAL_WRITE_EXHAUSTED_PRIMALITY_UNASSIGNED,513,512,512,NO_RECORDED_FACTOR_PRP_OR_LL_RESULT_AND_NO_ACTIVE_GIMPS_ASSIGNMENT,2026-08-09T04:34:14+00:00,UNALLOCATED,,,,,
SLCMP1765-3468,3468,3468,583675207,2^583675207-1,STRUCTURAL_SCREEN_EXHAUSTED_PRIMALITY_UNASSIGNED,GF3A_DIRECTIONAL_WRITE_EXHAUSTED_PRIMALITY_UNASSIGNED,514,512,512,NO_RECORDED_FACTOR_PRP_OR_LL_RESULT_AND_NO_ACTIVE_GIMPS_ASSIGNMENT,2026-08-09T04:34:14+00:00,UNALLOCATED,,,,,
SLCMP1765-3469,3469,3469,583675217,2^583675217-1,STRUCTURAL_SCREEN_EXHAUSTED_PRIMALITY_UNASSIGNED,GF3A_DIRECTIONAL_WRITE_EXHAUSTED_PRIMALITY_UNASSIGNED,513,512,512,NO_RECORDED_FACTOR_PRP_OR_LL_RESULT_AND_NO_ACTIVE_GIMPS_ASSIGNMENT,2026-08-09T04:34:14+00:00,UNALLOCATED,,,,,
SLCMP1765-3470,3470,3470,583675237,2^583675237-1,STRUCTURAL_SCREEN_EXHAUSTED_PRIMALITY_UNASSIGNED,GF3A_DIRECTIONAL_WRITE_EXHAUSTED_PRIMALITY_UNASSIGNED,513,512,512,NO_RECORDED_FACTOR_PRP_OR_LL_RESULT_AND_NO_ACTIVE_GIMPS_ASSIGNMENT,2026-08-09T04:34:14+00:00,UNALLOCATED,,,,,
SLCMP1765-3471,3471,3471,583675277,2^583675277-1,STRUCTURAL_SCREEN_EXHAUSTED_PRIMALITY_UNASSIGNED,GF3A_DIRECTIONAL_WRITE_EXHAUSTED_PRIMALITY_UNASSIGNED,513,512,512,NO_RECORDED_FACTOR_PRP_OR_LL_RESULT_AND_NO_ACTIVE_GIMPS_ASSIGNMENT,2026-08-09T04:34:14+00:00,UNALLOCATED,,,,,
SLCMP1765-3472,3472,3472,583675381,2^583675381-1,STRUCTURAL_SCREEN_EXHAUSTED_PRIMALITY_UNASSIGNED,GF3A_DIRECTIONAL_WRITE_EXHAUSTED_PRIMALITY_UNASSIGNED,513,512,512,NO_RECORDED_FACTOR_PRP_OR_LL_RESULT_AND_NO_ACTIVE_GIMPS_ASSIGNMENT,2026-08-09T04:34:14+00:00,UNALLOCATED,,,,,
SLCMP1765-3473,3473,3473,583675403,2^583675403-1,STRUCTURAL_SCREEN_EXHAUSTED_PRIMALITY_UNASSIGNED,GF3A_DIRECTIONAL_WRITE_EXHAUSTED_PRIMALITY_UNASSIGNED,514,512,512,NO_RECORDED_FACTOR_PRP_OR_LL_RESULT_AND_NO_ACTIVE_GIMPS_ASSIGNMENT,2026-08-09T04:34:14+00:00,UNALLOCATED,,,,,
SLCMP1765-3474,3474,3474,583675423,2^583675423-1,STRUCTURAL_SCREEN_EXHAUSTED_PRIMALITY_UNASSIGNED,GF3A_DIRECTIONAL_WRITE_EXHAUSTED_PRIMALITY_UNASSIGNED,514,512,512,NO_RECORDED_FACTOR_PRP_OR_LL_RESULT_AND_NO_ACTIVE_GIMPS_ASSIGNMENT,2026-08-09T04:34:14+00:00,UNALLOCATED,,,,,
SLCMP1765-3475,3475,3475,583675607,2^583675607-1,STRUCTURAL_SCREEN_EXHAUSTED_PRIMALITY_UNASSIGNED,GF3A_DIRECTIONAL_WRITE_EXHAUSTED_PRIMALITY_UNASSIGNED,514,512,512,NO_RECORDED_FACTOR_PRP_OR_LL_RESULT_AND_NO_ACTIVE_GIMPS_ASSIGNMENT,2026-08-09T04:34:14+00:00,UNALLOCATED,,,,,
SLCMP1765-3476,3476,3476,583675639,2^583675639-1,STRUCTURAL_SCREEN_EXHAUSTED_PRIMALITY_UNASSIGNED,GF3A_DIRECTIONAL_WRITE_EXHAUSTED_PRIMALITY_UNASSIGNED,514,512,512,NO_RECORDED_FACTOR_PRP_OR_LL_RESULT_AND_NO_ACTIVE_GIMPS_ASSIGNMENT,2026-08-09T04:34:14+00:00,UNALLOCATED,,,,,
SLCMP1765-3477,3477,3477,583675711,2^583675711-1,STRUCTURAL_SCREEN_EXHAUSTED_PRIMALITY_UNASSIGNED,GF3A_DIRECTIONAL_WRITE_EXHAUSTED_PRIMALITY_UNASSIGNED,514,512,512,NO_RECORDED_FACTOR_PRP_OR_LL_RESULT_AND_NO_ACTIVE_GIMPS_ASSIGNMENT,2026-08-09T04:34:14+00:00,UNALLOCATED,,,,,
SLCMP1765-3478,3478,3478,583675769,2^583675769-1,STRUCTURAL_SCREEN_EXHAUSTED_PRIMALITY_UNASSIGNED,GF3A_DIRECTIONAL_WRITE_EXHAUSTED_PRIMALITY_UNASSIGNED,513,512,512,NO_RECORDED_FACTOR_PRP_OR_LL_RESULT_AND_NO_ACTIVE_GIMPS_ASSIGNMENT,2026-08-09T04:34:14+00:00,UNALLOCATED,,,,,
SLCMP1765-3479,3479,3479,583675789,2^583675789-1,STRUCTURAL_SCREEN_EXHAUSTED_PRIMALITY_UNASSIGNED,GF3A_DIRECTIONAL_WRITE_EXHAUSTED_PRIMALITY_UNASSIGNED,513,512,512,NO_RECORDED_FACTOR_PRP_OR_LL_RESULT_AND_NO_ACTIVE_GIMPS_ASSIGNMENT,2026-08-09T04:34:14+00:00,UNALLOCATED,,,,,
SLCMP1765-3480,3480,3480,583675847,2^583675847-1,STRUCTURAL_SCREEN_EXHAUSTED_PRIMALITY_UNASSIGNED,GF3A_DIRECTIONAL_WRITE_EXHAUSTED_PRIMALITY_UNASSIGNED,514,512,512,NO_RECORDED_FACTOR_PRP_OR_LL_RESULT_AND_NO_ACTIVE_GIMPS_ASSIGNMENT,2026-08-09T04:34:14+00:00,UNALLOCATED,,,,,
SLCMP1765-3481,3481,3481,583675867,2^583675867-1,STRUCTURAL_SCREEN_EXHAUSTED_PRIMALITY_UNASSIGNED,GF3A_DIRECTIONAL_WRITE_EXHAUSTED_PRIMALITY_UNASSIGNED,514,512,512,NO_RECORDED_FACTOR_PRP_OR_LL_RESULT_AND_NO_ACTIVE_GIMPS_ASSIGNMENT,2026-08-09T04:34:14+00:00,UNALLOCATED,,,,,
SLCMP1765-3482,3482,3482,583675879,2^583675879-1,STRUCTURAL_SCREEN_EXHAUSTED_PRIMALITY_UNASSIGNED,GF3A_DIRECTIONAL_WRITE_EXHAUSTED_PRIMALITY_UNASSIGNED,514,512,512,NO_RECORDED_FACTOR_PRP_OR_LL_RESULT_AND_NO_ACTIVE_GIMPS_ASSIGNMENT,2026-08-09T04:34:14+00:00,UNALLOCATED,,,,,
SLCMP1765-3483,3483,3483,583675891,2^583675891-1,STRUCTURAL_SCREEN_EXHAUSTED_PRIMALITY_UNASSIGNED,GF3A_DIRECTIONAL_WRITE_EXHAUSTED_PRIMALITY_UNASSIGNED,514,512,512,NO_RECORDED_FACTOR_PRP_OR_LL_RESULT_AND_NO_ACTIVE_GIMPS_ASSIGNMENT,2026-08-09T04:34:14+00:00,UNALLOCATED,,,,,
SLCMP1765-3484,3484,3484,583676077,2^583676077-1,STRUCTURAL_SCREEN_EXHAUSTED_PRIMALITY_UNASSIGNED,GF3A_DIRECTIONAL_WRITE_EXHAUSTED_PRIMALITY_UNASSIGNED,513,512,512,NO_RECORDED_FACTOR_PRP_OR_LL_RESULT_AND_NO_ACTIVE_GIMPS_ASSIGNMENT,2026-08-09T04:34:14+00:00,UNALLOCATED,,,,,
SLCMP1765-3485,3485,3485,583676167,2^583676167-1,STRUCTURAL_SCREEN_EXHAUSTED_PRIMALITY_UNASSIGNED,GF3A_DIRECTIONAL_WRITE_EXHAUSTED_PRIMALITY_UNASSIGNED,514,512,512,NO_RECORDED_FACTOR_PRP_OR_LL_RESULT_AND_NO_ACTIVE_GIMPS_ASSIGNMENT,2026-08-09T04:34:14+00:00,UNALLOCATED,,,,,
SLCMP1765-3486,3486,3486,583676239,2^583676239-1,STRUCTURAL_SCREEN_EXHAUSTED_PRIMALITY_UNASSIGNED,GF3A_DIRECTIONAL_WRITE_EXHAUSTED_PRIMALITY_UNASSIGNED,514,512,512,NO_RECORDED_FACTOR_PRP_OR_LL_RESULT_AND_NO_ACTIVE_GIMPS_ASSIGNMENT,2026-08-09T04:34:14+00:00,UNALLOCATED,,,,,
SLCMP1765-3487,3487,3487,583676251,2^583676251-1,STRUCTURAL_SCREEN_EXHAUSTED_PRIMALITY_UNASSIGNED,GF3A_DIRECTIONAL_WRITE_EXHAUSTED_PRIMALITY_UNASSIGNED,514,512,512,NO_RECORDED_FACTOR_PRP_OR_LL_RESULT_AND_NO_ACTIVE_GIMPS_ASSIGNMENT,2026-08-09T04:34:14+00:00,UNALLOCATED,,,,,
SLCMP1765-3488,3488,3488,583676263,2^583676263-1,STRUCTURAL_SCREEN_EXHAUSTED_PRIMALITY_UNASSIGNED,GF3A_DIRECTIONAL_WRITE_EXHAUSTED_PRIMALITY_UNASSIGNED,514,512,512,NO_RECORDED_FACTOR_PRP_OR_LL_RESULT_AND_NO_ACTIVE_GIMPS_ASSIGNMENT,2026-08-09T04:34:14+00:00,UNALLOCATED,,,,,
SLCMP1765-3489,3489,3489,583676279,2^583676279-1,STRUCTURAL_SCREEN_EXHAUSTED_PRIMALITY_UNASSIGNED,GF3A_DIRECTIONAL_WRITE_EXHAUSTED_PRIMALITY_UNASSIGNED,514,512,512,NO_RECORDED_FACTOR_PRP_OR_LL_RESULT_AND_NO_ACTIVE_GIMPS_ASSIGNMENT,2026-08-09T04:34:14+00:00,UNALLOCATED,,,,,
SLCMP1765-3490,3490,3490,583676309,2^583676309-1,STRUCTURAL_SCREEN_EXHAUSTED_PRIMALITY_UNASSIGNED,GF3A_DIRECTIONAL_WRITE_EXHAUSTED_PRIMALITY_UNASSIGNED,513,512,512,NO_RECORDED_FACTOR_PRP_OR_LL_RESULT_AND_NO_ACTIVE_GIMPS_ASSIGNMENT,2026-08-09T04:34:14+00:00,UNALLOCATED,,,,,
SLCMP1765-3491,3491,3491,583676341,2^583676341-1,STRUCTURAL_SCREEN_EXHAUSTED_PRIMALITY_UNASSIGNED,GF3A_DIRECTIONAL_WRITE_EXHAUSTED_PRIMALITY_UNASSIGNED,513,512,512,NO_RECORDED_FACTOR_PRP_OR_LL_RESULT_AND_NO_ACTIVE_GIMPS_ASSIGNMENT,2026-08-09T04:34:14+00:00,UNALLOCATED,,,,,
SLCMP1765-3492,3492,3492,583676377,2^583676377-1,STRUCTURAL_SCREEN_EXHAUSTED_PRIMALITY_UNASSIGNED,GF3A_DIRECTIONAL_WRITE_EXHAUSTED_PRIMALITY_UNASSIGNED,513,512,512,NO_RECORDED_FACTOR_PRP_OR_LL_RESULT_AND_NO_ACTIVE_GIMPS_ASSIGNMENT,2026-08-09T04:34:14+00:00,UNALLOCATED,,,,,
SLCMP1765-3493,3493,3493,583676477,2^583676477-1,STRUCTURAL_SCREEN_EXHAUSTED_PRIMALITY_UNASSIGNED,GF3A_DIRECTIONAL_WRITE_EXHAUSTED_PRIMALITY_UNASSIGNED,513,512,512,NO_RECORDED_FACTOR_PRP_OR_LL_RESULT_AND_NO_ACTIVE_GIMPS_ASSIGNMENT,2026-08-09T04:34:14+00:00,UNALLOCATED,,,,,
SLCMP1765-3494,3494,3494,583676519,2^583676519-1,STRUCTURAL_SCREEN_EXHAUSTED_PRIMALITY_UNASSIGNED,GF3A_DIRECTIONAL_WRITE_EXHAUSTED_PRIMALITY_UNASSIGNED,514,512,512,NO_RECORDED_FACTOR_PRP_OR_LL_RESULT_AND_NO_ACTIVE_GIMPS_ASSIGNMENT,2026-08-09T04:34:14+00:00,UNALLOCATED,,,,,
SLCMP1765-3495,3495,3495,583676531,2^583676531-1,STRUCTURAL_SCREEN_EXHAUSTED_PRIMALITY_UNASSIGNED,GF3A_DIRECTIONAL_WRITE_EXHAUSTED_PRIMALITY_UNASSIGNED,514,512,512,NO_RECORDED_FACTOR_PRP_OR_LL_RESULT_AND_NO_ACTIVE_GIMPS_ASSIGNMENT,2026-08-09T04:34:14+00:00,UNALLOCATED,,,,,
SLCMP1765-3496,3496,3496,583676549,2^583676549-1,STRUCTURAL_SCREEN_EXHAUSTED_PRIMALITY_UNASSIGNED,GF3A_DIRECTIONAL_WRITE_EXHAUSTED_PRIMALITY_UNASSIGNED,513,512,512,NO_RECORDED_FACTOR_PRP_OR_LL_RESULT_AND_NO_ACTIVE_GIMPS_ASSIGNMENT,2026-08-09T04:34:14+00:00,UNALLOCATED,,,,,
SLCMP1765-3497,3497,3497,583676551,2^583676551-1,STRUCTURAL_SCREEN_EXHAUSTED_PRIMALITY_UNASSIGNED,GF3A_DIRECTIONAL_WRITE_EXHAUSTED_PRIMALITY_UNASSIGNED,514,512,512,NO_RECORDED_FACTOR_PRP_OR_LL_RESULT_AND_NO_ACTIVE_GIMPS_ASSIGNMENT,2026-08-09T04:34:14+00:00,UNALLOCATED,,,,,
SLCMP1765-3498,3498,3498,583676563,2^583676563-1,STRUCTURAL_SCREEN_EXHAUSTED_PRIMALITY_UNASSIGNED,GF3A_DIRECTIONAL_WRITE_EXHAUSTED_PRIMALITY_UNASSIGNED,514,512,512,NO_RECORDED_FACTOR_PRP_OR_LL_RESULT_AND_NO_ACTIVE_GIMPS_ASSIGNMENT,2026-08-09T04:34:14+00:00,UNALLOCATED,,,,,
SLCMP1765-3499,3499,3499,583676627,2^583676627-1,STRUCTURAL_SCREEN_EXHAUSTED_PRIMALITY_UNASSIGNED,GF3A_DIRECTIONAL_WRITE_EXHAUSTED_PRIMALITY_UNASSIGNED,514,512,512,NO_RECORDED_FACTOR_PRP_OR_LL_RESULT_AND_NO_ACTIVE_GIMPS_ASSIGNMENT,2026-08-09T04:34:14+00:00,UNALLOCATED,,,,,
SLCMP1765-3500,3500,3500,583676629,2^583676629-1,STRUCTURAL_SCREEN_EXHAUSTED_PRIMALITY_UNASSIGNED,GF3A_DIRECTIONAL_WRITE_EXHAUSTED_PRIMALITY_UNASSIGNED,513,512,512,NO_RECORDED_FACTOR_PRP_OR_LL_RESULT_AND_NO_ACTIVE_GIMPS_ASSIGNMENT,2026-08-09T04:34:14+00:00,UNALLOCATED,,,,,
SLCMP1765-3501,3501,3501,583676659,2^583676659-1,STRUCTURAL_SCREEN_EXHAUSTED_PRIMALITY_UNASSIGNED,GF3A_DIRECTIONAL_WRITE_EXHAUSTED_PRIMALITY_UNASSIGNED,514,512,512,NO_RECORDED_FACTOR_PRP_OR_LL_RESULT_AND_NO_ACTIVE_GIMPS_ASSIGNMENT,2026-08-09T04:34:14+00:00,UNALLOCATED,,,,,
SLCMP1765-3502,3502,3502,583676693,2^583676693-1,STRUCTURAL_SCREEN_EXHAUSTED_PRIMALITY_UNASSIGNED,GF3A_DIRECTIONAL_WRITE_EXHAUSTED_PRIMALITY_UNASSIGNED,513,512,512,NO_RECORDED_FACTOR_PRP_OR_LL_RESULT_AND_NO_ACTIVE_GIMPS_ASSIGNMENT,2026-08-09T04:34:14+00:00,UNALLOCATED,,,,,
SLCMP1765-3503,3503,3503,583676699,2^583676699-1,STRUCTURAL_SCREEN_EXHAUSTED_PRIMALITY_UNASSIGNED,GF3A_DIRECTIONAL_WRITE_EXHAUSTED_PRIMALITY_UNASSIGNED,514,512,512,NO_RECORDED_FACTOR_PRP_OR_LL_RESULT_AND_NO_ACTIVE_GIMPS_ASSIGNMENT,2026-08-09T04:34:14+00:00,UNALLOCATED,,,,,
SLCMP1765-3504,3504,3504,583676767,2^583676767-1,STRUCTURAL_SCREEN_EXHAUSTED_PRIMALITY_UNASSIGNED,GF3A_DIRECTIONAL_WRITE_EXHAUSTED_PRIMALITY_UNASSIGNED,514,512,512,NO_RECORDED_FACTOR_PRP_OR_LL_RESULT_AND_NO_ACTIVE_GIMPS_ASSIGNMENT,2026-08-09T04:34:14+00:00,UNALLOCATED,,,,,
SLCMP1765-3505,3505,3505,583676777,2^583676777-1,STRUCTURAL_SCREEN_EXHAUSTED_PRIMALITY_UNASSIGNED,GF3A_DIRECTIONAL_WRITE_EXHAUSTED_PRIMALITY_UNASSIGNED,513,512,512,NO_RECORDED_FACTOR_PRP_OR_LL_RESULT_AND_NO_ACTIVE_GIMPS_ASSIGNMENT,2026-08-09T04:34:14+00:00,UNALLOCATED,,,,,
SLCMP1765-3506,3506,3506,583676809,2^583676809-1,STRUCTURAL_SCREEN_EXHAUSTED_PRIMALITY_UNASSIGNED,GF3A_DIRECTIONAL_WRITE_EXHAUSTED_PRIMALITY_UNASSIGNED,513,512,512,NO_RECORDED_FACTOR_PRP_OR_LL_RESULT_AND_NO_ACTIVE_GIMPS_ASSIGNMENT,2026-08-09T04:34:14+00:00,UNALLOCATED,,,,,
SLCMP1765-3507,3507,3507,583676837,2^583676837-1,STRUCTURAL_SCREEN_EXHAUSTED_PRIMALITY_UNASSIGNED,GF3A_DIRECTIONAL_WRITE_EXHAUSTED_PRIMALITY_UNASSIGNED,513,512,512,NO_RECORDED_FACTOR_PRP_OR_LL_RESULT_AND_NO_ACTIVE_GIMPS_ASSIGNMENT,2026-08-09T04:34:14+00:00,UNALLOCATED,,,,,
SLCMP1765-3508,3508,3508,583676953,2^583676953-1,STRUCTURAL_SCREEN_EXHAUSTED_PRIMALITY_UNASSIGNED,GF3A_DIRECTIONAL_WRITE_EXHAUSTED_PRIMALITY_UNASSIGNED,513,512,512,NO_RECORDED_FACTOR_PRP_OR_LL_RESULT_AND_NO_ACTIVE_GIMPS_ASSIGNMENT,2026-08-09T04:34:14+00:00,UNALLOCATED,,,,,
SLCMP1765-3509,3509,3509,583676983,2^583676983-1,STRUCTURAL_SCREEN_EXHAUSTED_PRIMALITY_UNASSIGNED,GF3A_DIRECTIONAL_WRITE_EXHAUSTED_PRIMALITY_UNASSIGNED,514,512,512,NO_RECORDED_FACTOR_PRP_OR_LL_RESULT_AND_NO_ACTIVE_GIMPS_ASSIGNMENT,2026-08-09T04:34:14+00:00,UNALLOCATED,,,,,
SLCMP1765-3510,3510,3510,583677011,2^583677011-1,STRUCTURAL_SCREEN_EXHAUSTED_PRIMALITY_UNASSIGNED,GF3A_DIRECTIONAL_WRITE_EXHAUSTED_PRIMALITY_UNASSIGNED,514,512,512,NO_RECORDED_FACTOR_PRP_OR_LL_RESULT_AND_NO_ACTIVE_GIMPS_ASSIGNMENT,2026-08-09T04:34:14+00:00,UNALLOCATED,,,,,
SLCMP1765-3511,3511,3511,583677053,2^583677053-1,STRUCTURAL_SCREEN_EXHAUSTED_PRIMALITY_UNASSIGNED,GF3A_DIRECTIONAL_WRITE_EXHAUSTED_PRIMALITY_UNASSIGNED,513,512,512,NO_RECORDED_FACTOR_PRP_OR_LL_RESULT_AND_NO_ACTIVE_GIMPS_ASSIGNMENT,2026-08-09T04:34:14+00:00,UNALLOCATED,,,,,
SLCMP1765-3512,3512,3512,583677071,2^583677071-1,STRUCTURAL_SCREEN_EXHAUSTED_PRIMALITY_UNASSIGNED,GF3A_DIRECTIONAL_WRITE_EXHAUSTED_PRIMALITY_UNASSIGNED,514,512,512,NO_RECORDED_FACTOR_PRP_OR_LL_RESULT_AND_NO_ACTIVE_GIMPS_ASSIGNMENT,2026-08-09T04:34:14+00:00,UNALLOCATED,,,,,
SLCMP1765-3513,3513,3513,583677209,2^583677209-1,STRUCTURAL_SCREEN_EXHAUSTED_PRIMALITY_UNASSIGNED,GF3A_DIRECTIONAL_WRITE_EXHAUSTED_PRIMALITY_UNASSIGNED,513,512,512,NO_RECORDED_FACTOR_PRP_OR_LL_RESULT_AND_NO_ACTIVE_GIMPS_ASSIGNMENT,2026-08-09T04:34:14+00:00,UNALLOCATED,,,,,
SLCMP1765-3514,3514,3514,583677221,2^583677221-1,STRUCTURAL_SCREEN_EXHAUSTED_PRIMALITY_UNASSIGNED,GF3A_DIRECTIONAL_WRITE_EXHAUSTED_PRIMALITY_UNASSIGNED,513,512,512,NO_RECORDED_FACTOR_PRP_OR_LL_RESULT_AND_NO_ACTIVE_GIMPS_ASSIGNMENT,2026-08-09T04:34:14+00:00,UNALLOCATED,,,,,
SLCMP1765-3515,3515,3515,583677251,2^583677251-1,STRUCTURAL_SCREEN_EXHAUSTED_PRIMALITY_UNASSIGNED,GF3A_DIRECTIONAL_WRITE_EXHAUSTED_PRIMALITY_UNASSIGNED,514,512,512,NO_RECORDED_FACTOR_PRP_OR_LL_RESULT_AND_NO_ACTIVE_GIMPS_ASSIGNMENT,2026-08-09T04:34:14+00:00,UNALLOCATED,,,,,
SLCMP1765-3516,3516,3516,583677299,2^583677299-1,STRUCTURAL_SCREEN_EXHAUSTED_PRIMALITY_UNASSIGNED,GF3A_DIRECTIONAL_WRITE_EXHAUSTED_PRIMALITY_UNASSIGNED,514,512,512,NO_RECORDED_FACTOR_PRP_OR_LL_RESULT_AND_NO_ACTIVE_GIMPS_ASSIGNMENT,2026-08-09T04:34:14+00:00,UNALLOCATED,,,,,
SLCMP1765-3517,3517,3517,583677319,2^583677319-1,STRUCTURAL_SCREEN_EXHAUSTED_PRIMALITY_UNASSIGNED,GF3A_DIRECTIONAL_WRITE_EXHAUSTED_PRIMALITY_UNASSIGNED,514,512,512,NO_RECORDED_FACTOR_PRP_OR_LL_RESULT_AND_NO_ACTIVE_GIMPS_ASSIGNMENT,2026-08-09T04:34:14+00:00,UNALLOCATED,,,,,
SLCMP1765-3518,3518,3518,583677329,2^583677329-1,STRUCTURAL_SCREEN_EXHAUSTED_PRIMALITY_UNASSIGNED,GF3A_DIRECTIONAL_WRITE_EXHAUSTED_PRIMALITY_UNASSIGNED,513,512,512,NO_RECORDED_FACTOR_PRP_OR_LL_RESULT_AND_NO_ACTIVE_GIMPS_ASSIGNMENT,2026-08-09T04:34:14+00:00,UNALLOCATED,,,,,
SLCMP1765-3519,3519,3519,583677713,2^583677713-1,STRUCTURAL_SCREEN_EXHAUSTED_PRIMALITY_UNASSIGNED,GF3A_DIRECTIONAL_WRITE_EXHAUSTED_PRIMALITY_UNASSIGNED,513,512,512,NO_RECORDED_FACTOR_PRP_OR_LL_RESULT_AND_NO_ACTIVE_GIMPS_ASSIGNMENT,2026-08-09T04:34:14+00:00,UNALLOCATED,,,,,
SLCMP1765-3520,3520,3520,583677761,2^583677761-1,STRUCTURAL_SCREEN_EXHAUSTED_PRIMALITY_UNASSIGNED,GF3A_DIRECTIONAL_WRITE_EXHAUSTED_PRIMALITY_UNASSIGNED,513,512,512,NO_RECORDED_FACTOR_PRP_OR_LL_RESULT_AND_NO_ACTIVE_GIMPS_ASSIGNMENT,2026-08-09T04:34:14+00:00,UNALLOCATED,,,,,
SLCMP1765-3521,3521,3521,583677769,2^583677769-1,STRUCTURAL_SCREEN_EXHAUSTED_PRIMALITY_UNASSIGNED,GF3A_DIRECTIONAL_WRITE_EXHAUSTED_PRIMALITY_UNASSIGNED,513,512,512,NO_RECORDED_FACTOR_PRP_OR_LL_RESULT_AND_NO_ACTIVE_GIMPS_ASSIGNMENT,2026-08-09T04:34:14+00:00,UNALLOCATED,,,,,
SLCMP1765-3522,3522,3522,583677781,2^583677781-1,STRUCTURAL_SCREEN_EXHAUSTED_PRIMALITY_UNASSIGNED,GF3A_DIRECTIONAL_WRITE_EXHAUSTED_PRIMALITY_UNASSIGNED,513,512,512,NO_RECORDED_FACTOR_PRP_OR_LL_RESULT_AND_NO_ACTIVE_GIMPS_ASSIGNMENT,2026-08-09T04:34:14+00:00,UNALLOCATED,,,,,
SLCMP1765-3523,3523,3523,583677811,2^583677811-1,STRUCTURAL_SCREEN_EXHAUSTED_PRIMALITY_UNASSIGNED,GF3A_DIRECTIONAL_WRITE_EXHAUSTED_PRIMALITY_UNASSIGNED,514,512,512,NO_RECORDED_FACTOR_PRP_OR_LL_RESULT_AND_NO_ACTIVE_GIMPS_ASSIGNMENT,2026-08-09T04:34:14+00:00,UNALLOCATED,,,,,
SLCMP1765-3524,3524,3524,583677893,2^583677893-1,STRUCTURAL_SCREEN_EXHAUSTED_PRIMALITY_UNASSIGNED,GF3A_DIRECTIONAL_WRITE_EXHAUSTED_PRIMALITY_UNASSIGNED,513,512,512,NO_RECORDED_FACTOR_PRP_OR_LL_RESULT_AND_NO_ACTIVE_GIMPS_ASSIGNMENT,2026-08-09T04:34:14+00:00,UNALLOCATED,,,,,
SLCMP1765-3525,3525,3525,583677947,2^583677947-1,STRUCTURAL_SCREEN_EXHAUSTED_PRIMALITY_UNASSIGNED,GF3A_DIRECTIONAL_WRITE_EXHAUSTED_PRIMALITY_UNASSIGNED,514,512,512,NO_RECORDED_FACTOR_PRP_OR_LL_RESULT_AND_NO_ACTIVE_GIMPS_ASSIGNMENT,2026-08-09T04:34:14+00:00,UNALLOCATED,,,,,
SLCMP1765-3526,3526,3526,583677961,2^583677961-1,STRUCTURAL_SCREEN_EXHAUSTED_PRIMALITY_UNASSIGNED,GF3A_DIRECTIONAL_WRITE_EXHAUSTED_PRIMALITY_UNASSIGNED,513,512,512,NO_RECORDED_FACTOR_PRP_OR_LL_RESULT_AND_NO_ACTIVE_GIMPS_ASSIGNMENT,2026-08-09T04:34:14+00:00,UNALLOCATED,,,,,
SLCMP1765-3527,3527,3527,583677979,2^583677979-1,STRUCTURAL_SCREEN_EXHAUSTED_PRIMALITY_UNASSIGNED,GF3A_DIRECTIONAL_WRITE_EXHAUSTED_PRIMALITY_UNASSIGNED,514,512,512,NO_RECORDED_FACTOR_PRP_OR_LL_RESULT_AND_NO_ACTIVE_GIMPS_ASSIGNMENT,2026-08-09T04:34:14+00:00,UNALLOCATED,,,,,
SLCMP1765-3528,3528,3528,583677989,2^583677989-1,STRUCTURAL_SCREEN_EXHAUSTED_PRIMALITY_UNASSIGNED,GF3A_DIRECTIONAL_WRITE_EXHAUSTED_PRIMALITY_UNASSIGNED,513,512,512,NO_RECORDED_FACTOR_PRP_OR_LL_RESULT_AND_NO_ACTIVE_GIMPS_ASSIGNMENT,2026-08-09T04:34:14+00:00,UNALLOCATED,,,,,
SLCMP1765-3529,3529,3529,583678049,2^583678049-1,STRUCTURAL_SCREEN_EXHAUSTED_PRIMALITY_UNASSIGNED,GF3A_DIRECTIONAL_WRITE_EXHAUSTED_PRIMALITY_UNASSIGNED,513,512,512,NO_RECORDED_FACTOR_PRP_OR_LL_RESULT_AND_NO_ACTIVE_GIMPS_ASSIGNMENT,2026-08-09T04:34:14+00:00,UNALLOCATED,,,,,
SLCMP1765-3530,3530,3530,583678159,2^583678159-1,STRUCTURAL_SCREEN_EXHAUSTED_PRIMALITY_UNASSIGNED,GF3A_DIRECTIONAL_WRITE_EXHAUSTED_PRIMALITY_UNASSIGNED,514,512,512,NO_RECORDED_FACTOR_PRP_OR_LL_RESULT_AND_NO_ACTIVE_GIMPS_ASSIGNMENT,2026-08-09T04:34:14+00:00,UNALLOCATED,,,,,
SLCMP1765-3531,3531,3531,583678163,2^583678163-1,STRUCTURAL_SCREEN_EXHAUSTED_PRIMALITY_UNASSIGNED,GF3A_DIRECTIONAL_WRITE_EXHAUSTED_PRIMALITY_UNASSIGNED,514,512,512,NO_RECORDED_FACTOR_PRP_OR_LL_RESULT_AND_NO_ACTIVE_GIMPS_ASSIGNMENT,2026-08-09T04:34:14+00:00,UNALLOCATED,,,,,
SLCMP1765-3532,3532,3532,583678169,2^583678169-1,STRUCTURAL_SCREEN_EXHAUSTED_PRIMALITY_UNASSIGNED,GF3A_DIRECTIONAL_WRITE_EXHAUSTED_PRIMALITY_UNASSIGNED,513,512,512,NO_RECORDED_FACTOR_PRP_OR_LL_RESULT_AND_NO_ACTIVE_GIMPS_ASSIGNMENT,2026-08-09T04:34:14+00:00,UNALLOCATED,,,,,
SLCMP1765-3533,3533,3533,583678181,2^583678181-1,STRUCTURAL_SCREEN_EXHAUSTED_PRIMALITY_UNASSIGNED,GF3A_DIRECTIONAL_WRITE_EXHAUSTED_PRIMALITY_UNASSIGNED,513,512,512,NO_RECORDED_FACTOR_PRP_OR_LL_RESULT_AND_NO_ACTIVE_GIMPS_ASSIGNMENT,2026-08-09T04:34:14+00:00,UNALLOCATED,,,,,
SLCMP1765-3534,3534,3534,583678211,2^583678211-1,STRUCTURAL_SCREEN_EXHAUSTED_PRIMALITY_UNASSIGNED,GF3A_DIRECTIONAL_WRITE_EXHAUSTED_PRIMALITY_UNASSIGNED,514,512,512,NO_RECORDED_FACTOR_PRP_OR_LL_RESULT_AND_NO_ACTIVE_GIMPS_ASSIGNMENT,2026-08-09T04:34:14+00:00,UNALLOCATED,,,,,
SLCMP1765-3535,3535,3535,583678231,2^583678231-1,STRUCTURAL_SCREEN_EXHAUSTED_PRIMALITY_UNASSIGNED,GF3A_DIRECTIONAL_WRITE_EXHAUSTED_PRIMALITY_UNASSIGNED,514,512,512,NO_RECORDED_FACTOR_PRP_OR_LL_RESULT_AND_NO_ACTIVE_GIMPS_ASSIGNMENT,2026-08-09T04:34:14+00:00,UNALLOCATED,,,,,
SLCMP1765-3536,3536,3536,583678243,2^583678243-1,STRUCTURAL_SCREEN_EXHAUSTED_PRIMALITY_UNASSIGNED,GF3A_DIRECTIONAL_WRITE_EXHAUSTED_PRIMALITY_UNASSIGNED,514,512,512,NO_RECORDED_FACTOR_PRP_OR_LL_RESULT_AND_NO_ACTIVE_GIMPS_ASSIGNMENT,2026-08-09T04:34:14+00:00,UNALLOCATED,,,,,
SLCMP1765-3537,3537,3537,583678279,2^583678279-1,STRUCTURAL_SCREEN_EXHAUSTED_PRIMALITY_UNASSIGNED,GF3A_DIRECTIONAL_WRITE_EXHAUSTED_PRIMALITY_UNASSIGNED,514,512,512,NO_RECORDED_FACTOR_PRP_OR_LL_RESULT_AND_NO_ACTIVE_GIMPS_ASSIGNMENT,2026-08-09T04:34:14+00:00,UNALLOCATED,,,,,
SLCMP1765-3538,3538,3538,583678301,2^583678301-1,STRUCTURAL_SCREEN_EXHAUSTED_PRIMALITY_UNASSIGNED,GF3A_DIRECTIONAL_WRITE_EXHAUSTED_PRIMALITY_UNASSIGNED,513,512,512,NO_RECORDED_FACTOR_PRP_OR_LL_RESULT_AND_NO_ACTIVE_GIMPS_ASSIGNMENT,2026-08-09T04:34:14+00:00,UNALLOCATED,,,,,
SLCMP1765-3539,3539,3539,583678321,2^583678321-1,STRUCTURAL_SCREEN_EXHAUSTED_PRIMALITY_UNASSIGNED,GF3A_DIRECTIONAL_WRITE_EXHAUSTED_PRIMALITY_UNASSIGNED,513,512,512,NO_RECORDED_FACTOR_PRP_OR_LL_RESULT_AND_NO_ACTIVE_GIMPS_ASSIGNMENT,2026-08-09T04:34:14+00:00,UNALLOCATED,,,,,
SLCMP1765-3540,3540,3540,583678351,2^583678351-1,STRUCTURAL_SCREEN_EXHAUSTED_PRIMALITY_UNASSIGNED,GF3A_DIRECTIONAL_WRITE_EXHAUSTED_PRIMALITY_UNASSIGNED,514,512,512,NO_RECORDED_FACTOR_PRP_OR_LL_RESULT_AND_NO_ACTIVE_GIMPS_ASSIGNMENT,2026-08-09T04:34:14+00:00,UNALLOCATED,,,,,
SLCMP1765-3541,3541,3541,583678399,2^583678399-1,STRUCTURAL_SCREEN_EXHAUSTED_PRIMALITY_UNASSIGNED,GF3A_DIRECTIONAL_WRITE_EXHAUSTED_PRIMALITY_UNASSIGNED,514,512,512,NO_RECORDED_FACTOR_PRP_OR_LL_RESULT_AND_NO_ACTIVE_GIMPS_ASSIGNMENT,2026-08-09T04:34:14+00:00,UNALLOCATED,,,,,
SLCMP1765-3542,3542,3542,583678409,2^583678409-1,STRUCTURAL_SCREEN_EXHAUSTED_PRIMALITY_UNASSIGNED,GF3A_DIRECTIONAL_WRITE_EXHAUSTED_PRIMALITY_UNASSIGNED,513,512,512,NO_RECORDED_FACTOR_PRP_OR_LL_RESULT_AND_NO_ACTIVE_GIMPS_ASSIGNMENT,2026-08-09T04:34:14+00:00,UNALLOCATED,,,,,
SLCMP1765-3543,3543,3543,583678471,2^583678471-1,STRUCTURAL_SCREEN_EXHAUSTED_PRIMALITY_UNASSIGNED,GF3A_DIRECTIONAL_WRITE_EXHAUSTED_PRIMALITY_UNASSIGNED,514,512,512,NO_RECORDED_FACTOR_PRP_OR_LL_RESULT_AND_NO_ACTIVE_GIMPS_ASSIGNMENT,2026-08-09T04:34:14+00:00,UNALLOCATED,,,,,
SLCMP1765-3544,3544,3544,583678523,2^583678523-1,STRUCTURAL_SCREEN_EXHAUSTED_PRIMALITY_UNASSIGNED,GF3A_DIRECTIONAL_WRITE_EXHAUSTED_PRIMALITY_UNASSIGNED,514,512,512,NO_RECORDED_FACTOR_PRP_OR_LL_RESULT_AND_NO_ACTIVE_GIMPS_ASSIGNMENT,2026-08-09T04:34:14+00:00,UNALLOCATED,,,,,
SLCMP1765-3545,3545,3545,583678553,2^583678553-1,STRUCTURAL_SCREEN_EXHAUSTED_PRIMALITY_UNASSIGNED,GF3A_DIRECTIONAL_WRITE_EXHAUSTED_PRIMALITY_UNASSIGNED,513,512,512,NO_RECORDED_FACTOR_PRP_OR_LL_RESULT_AND_NO_ACTIVE_GIMPS_ASSIGNMENT,2026-08-09T04:34:14+00:00,UNALLOCATED,,,,,
SLCMP1765-3546,3546,3546,583678591,2^583678591-1,STRUCTURAL_SCREEN_EXHAUSTED_PRIMALITY_UNASSIGNED,GF3A_DIRECTIONAL_WRITE_EXHAUSTED_PRIMALITY_UNASSIGNED,514,512,512,NO_RECORDED_FACTOR_PRP_OR_LL_RESULT_AND_NO_ACTIVE_GIMPS_ASSIGNMENT,2026-08-09T04:34:14+00:00,UNALLOCATED,,,,,
SLCMP1765-3547,3547,3547,583678631,2^583678631-1,STRUCTURAL_SCREEN_EXHAUSTED_PRIMALITY_UNASSIGNED,GF3A_DIRECTIONAL_WRITE_EXHAUSTED_PRIMALITY_UNASSIGNED,514,512,512,NO_RECORDED_FACTOR_PRP_OR_LL_RESULT_AND_NO_ACTIVE_GIMPS_ASSIGNMENT,2026-08-09T04:34:14+00:00,UNALLOCATED,,,,,
SLCMP1765-3548,3548,3548,583678661,2^583678661-1,STRUCTURAL_SCREEN_EXHAUSTED_PRIMALITY_UNASSIGNED,GF3A_DIRECTIONAL_WRITE_EXHAUSTED_PRIMALITY_UNASSIGNED,513,512,512,NO_RECORDED_FACTOR_PRP_OR_LL_RESULT_AND_NO_ACTIVE_GIMPS_ASSIGNMENT,2026-08-09T04:34:14+00:00,UNALLOCATED,,,,,
SLCMP1765-3549,3549,3549,583678699,2^583678699-1,STRUCTURAL_SCREEN_EXHAUSTED_PRIMALITY_UNASSIGNED,GF3A_DIRECTIONAL_WRITE_EXHAUSTED_PRIMALITY_UNASSIGNED,514,512,512,NO_RECORDED_FACTOR_PRP_OR_LL_RESULT_AND_NO_ACTIVE_GIMPS_ASSIGNMENT,2026-08-09T04:34:14+00:00,UNALLOCATED,,,,,
SLCMP1765-3550,3550,3550,583678763,2^583678763-1,STRUCTURAL_SCREEN_EXHAUSTED_PRIMALITY_UNASSIGNED,GF3A_DIRECTIONAL_WRITE_EXHAUSTED_PRIMALITY_UNASSIGNED,514,512,512,NO_RECORDED_FACTOR_PRP_OR_LL_RESULT_AND_NO_ACTIVE_GIMPS_ASSIGNMENT,2026-08-09T04:34:14+00:00,UNALLOCATED,,,,,
SLCMP1765-3551,3551,3551,583678783,2^583678783-1,STRUCTURAL_SCREEN_EXHAUSTED_PRIMALITY_UNASSIGNED,GF3A_DIRECTIONAL_WRITE_EXHAUSTED_PRIMALITY_UNASSIGNED,514,512,512,NO_RECORDED_FACTOR_PRP_OR_LL_RESULT_AND_NO_ACTIVE_GIMPS_ASSIGNMENT,2026-08-09T04:34:14+00:00,UNALLOCATED,,,,,
SLCMP1765-3552,3552,3552,583678813,2^583678813-1,STRUCTURAL_SCREEN_EXHAUSTED_PRIMALITY_UNASSIGNED,GF3A_DIRECTIONAL_WRITE_EXHAUSTED_PRIMALITY_UNASSIGNED,513,512,512,NO_RECORDED_FACTOR_PRP_OR_LL_RESULT_AND_NO_ACTIVE_GIMPS_ASSIGNMENT,2026-08-09T04:34:14+00:00,UNALLOCATED,,,,,
SLCMP1765-3553,3553,3553,583678847,2^583678847-1,STRUCTURAL_SCREEN_EXHAUSTED_PRIMALITY_UNASSIGNED,GF3A_DIRECTIONAL_WRITE_EXHAUSTED_PRIMALITY_UNASSIGNED,514,512,512,NO_RECORDED_FACTOR_PRP_OR_LL_RESULT_AND_NO_ACTIVE_GIMPS_ASSIGNMENT,2026-08-09T04:34:14+00:00,UNALLOCATED,,,,,
SLCMP1765-3554,3554,3554,583679021,2^583679021-1,STRUCTURAL_SCREEN_EXHAUSTED_PRIMALITY_UNASSIGNED,GF3A_DIRECTIONAL_WRITE_EXHAUSTED_PRIMALITY_UNASSIGNED,513,512,512,NO_RECORDED_FACTOR_PRP_OR_LL_RESULT_AND_NO_ACTIVE_GIMPS_ASSIGNMENT,2026-08-09T04:34:14+00:00,UNALLOCATED,,,,,
SLCMP1765-3555,3555,3555,583679053,2^583679053-1,STRUCTURAL_SCREEN_EXHAUSTED_PRIMALITY_UNASSIGNED,GF3A_DIRECTIONAL_WRITE_EXHAUSTED_PRIMALITY_UNASSIGNED,513,512,512,NO_RECORDED_FACTOR_PRP_OR_LL_RESULT_AND_NO_ACTIVE_GIMPS_ASSIGNMENT,2026-08-09T04:34:14+00:00,UNALLOCATED,,,,,
SLCMP1765-3556,3556,3556,583679081,2^583679081-1,STRUCTURAL_SCREEN_EXHAUSTED_PRIMALITY_UNASSIGNED,GF3A_DIRECTIONAL_WRITE_EXHAUSTED_PRIMALITY_UNASSIGNED,513,512,512,NO_RECORDED_FACTOR_PRP_OR_LL_RESULT_AND_NO_ACTIVE_GIMPS_ASSIGNMENT,2026-08-09T04:34:14+00:00,UNALLOCATED,,,,,
SLCMP1765-3557,3557,3557,583679123,2^583679123-1,STRUCTURAL_SCREEN_EXHAUSTED_PRIMALITY_UNASSIGNED,GF3A_DIRECTIONAL_WRITE_EXHAUSTED_PRIMALITY_UNASSIGNED,514,512,512,NO_RECORDED_FACTOR_PRP_OR_LL_RESULT_AND_NO_ACTIVE_GIMPS_ASSIGNMENT,2026-08-09T04:34:14+00:00,UNALLOCATED,,,,,
SLCMP1765-3558,3558,3558,583679179,2^583679179-1,STRUCTURAL_SCREEN_EXHAUSTED_PRIMALITY_UNASSIGNED,GF3A_DIRECTIONAL_WRITE_EXHAUSTED_PRIMALITY_UNASSIGNED,514,512,512,NO_RECORDED_FACTOR_PRP_OR_LL_RESULT_AND_NO_ACTIVE_GIMPS_ASSIGNMENT,2026-08-09T04:34:14+00:00,UNALLOCATED,,,,,
SLCMP1765-3559,3559,3559,583679251,2^583679251-1,STRUCTURAL_SCREEN_EXHAUSTED_PRIMALITY_UNASSIGNED,GF3A_DIRECTIONAL_WRITE_EXHAUSTED_PRIMALITY_UNASSIGNED,514,512,512,NO_RECORDED_FACTOR_PRP_OR_LL_RESULT_AND_NO_ACTIVE_GIMPS_ASSIGNMENT,2026-08-09T04:34:14+00:00,UNALLOCATED,,,,,
SLCMP1765-3560,3560,3560,583679269,2^583679269-1,STRUCTURAL_SCREEN_EXHAUSTED_PRIMALITY_UNASSIGNED,GF3A_DIRECTIONAL_WRITE_EXHAUSTED_PRIMALITY_UNASSIGNED,513,512,512,NO_RECORDED_FACTOR_PRP_OR_LL_RESULT_AND_NO_ACTIVE_GIMPS_ASSIGNMENT,2026-08-09T04:34:14+00:00,UNALLOCATED,,,,,
SLCMP1765-3561,3561,3561,583679351,2^583679351-1,STRUCTURAL_SCREEN_EXHAUSTED_PRIMALITY_UNASSIGNED,GF3A_DIRECTIONAL_WRITE_EXHAUSTED_PRIMALITY_UNASSIGNED,514,512,512,NO_RECORDED_FACTOR_PRP_OR_LL_RESULT_AND_NO_ACTIVE_GIMPS_ASSIGNMENT,2026-08-09T04:34:14+00:00,UNALLOCATED,,,,,
SLCMP1765-3562,3562,3562,583679471,2^583679471-1,STRUCTURAL_SCREEN_EXHAUSTED_PRIMALITY_UNASSIGNED,GF3A_DIRECTIONAL_WRITE_EXHAUSTED_PRIMALITY_UNASSIGNED,514,512,512,NO_RECORDED_FACTOR_PRP_OR_LL_RESULT_AND_NO_ACTIVE_GIMPS_ASSIGNMENT,2026-08-09T04:34:14+00:00,UNALLOCATED,,,,,
SLCMP1765-3563,3563,3563,583679521,2^583679521-1,STRUCTURAL_SCREEN_EXHAUSTED_PRIMALITY_UNASSIGNED,GF3A_DIRECTIONAL_WRITE_EXHAUSTED_PRIMALITY_UNASSIGNED,513,512,512,NO_RECORDED_FACTOR_PRP_OR_LL_RESULT_AND_NO_ACTIVE_GIMPS_ASSIGNMENT,2026-08-09T04:34:14+00:00,UNALLOCATED,,,,,
SLCMP1765-3564,3564,3564,583679633,2^583679633-1,STRUCTURAL_SCREEN_EXHAUSTED_PRIMALITY_UNASSIGNED,GF3A_DIRECTIONAL_WRITE_EXHAUSTED_PRIMALITY_UNASSIGNED,513,512,512,NO_RECORDED_FACTOR_PRP_OR_LL_RESULT_AND_NO_ACTIVE_GIMPS_ASSIGNMENT,2026-08-09T04:34:14+00:00,UNALLOCATED,,,,,
SLCMP1765-3565,3565,3565,583679647,2^583679647-1,STRUCTURAL_SCREEN_EXHAUSTED_PRIMALITY_UNASSIGNED,GF3A_DIRECTIONAL_WRITE_EXHAUSTED_PRIMALITY_UNASSIGNED,514,512,512,NO_RECORDED_FACTOR_PRP_OR_LL_RESULT_AND_NO_ACTIVE_GIMPS_ASSIGNMENT,2026-08-09T04:34:14+00:00,UNALLOCATED,,,,,
SLCMP1765-3566,3566,3566,583679651,2^583679651-1,STRUCTURAL_SCREEN_EXHAUSTED_PRIMALITY_UNASSIGNED,GF3A_DIRECTIONAL_WRITE_EXHAUSTED_PRIMALITY_UNASSIGNED,514,512,512,NO_RECORDED_FACTOR_PRP_OR_LL_RESULT_AND_NO_ACTIVE_GIMPS_ASSIGNMENT,2026-08-09T04:34:14+00:00,UNALLOCATED,,,,,
SLCMP1765-3567,3567,3567,583679669,2^583679669-1,STRUCTURAL_SCREEN_EXHAUSTED_PRIMALITY_UNASSIGNED,GF3A_DIRECTIONAL_WRITE_EXHAUSTED_PRIMALITY_UNASSIGNED,513,512,512,NO_RECORDED_FACTOR_PRP_OR_LL_RESULT_AND_NO_ACTIVE_GIMPS_ASSIGNMENT,2026-08-09T04:34:14+00:00,UNALLOCATED,,,,,
SLCMP1765-3568,3568,3568,583679797,2^583679797-1,STRUCTURAL_SCREEN_EXHAUSTED_PRIMALITY_UNASSIGNED,GF3A_DIRECTIONAL_WRITE_EXHAUSTED_PRIMALITY_UNASSIGNED,513,512,512,NO_RECORDED_FACTOR_PRP_OR_LL_RESULT_AND_NO_ACTIVE_GIMPS_ASSIGNMENT,2026-08-09T04:34:14+00:00,UNALLOCATED,,,,,
SLCMP1765-3569,3569,3569,583680047,2^583680047-1,STRUCTURAL_SCREEN_EXHAUSTED_PRIMALITY_UNASSIGNED,GF3A_DIRECTIONAL_WRITE_EXHAUSTED_PRIMALITY_UNASSIGNED,514,512,512,NO_RECORDED_FACTOR_PRP_OR_LL_RESULT_AND_NO_ACTIVE_GIMPS_ASSIGNMENT,2026-08-09T04:34:14+00:00,UNALLOCATED,,,,,
SLCMP1765-3570,3570,3570,583680073,2^583680073-1,STRUCTURAL_SCREEN_EXHAUSTED_PRIMALITY_UNASSIGNED,GF3A_DIRECTIONAL_WRITE_EXHAUSTED_PRIMALITY_UNASSIGNED,513,512,512,NO_RECORDED_FACTOR_PRP_OR_LL_RESULT_AND_NO_ACTIVE_GIMPS_ASSIGNMENT,2026-08-09T04:34:14+00:00,UNALLOCATED,,,,,
SLCMP1765-3571,3571,3571,583680089,2^583680089-1,STRUCTURAL_SCREEN_EXHAUSTED_PRIMALITY_UNASSIGNED,GF3A_DIRECTIONAL_WRITE_EXHAUSTED_PRIMALITY_UNASSIGNED,513,512,512,NO_RECORDED_FACTOR_PRP_OR_LL_RESULT_AND_NO_ACTIVE_GIMPS_ASSIGNMENT,2026-08-09T04:34:14+00:00,UNALLOCATED,,,,,
SLCMP1765-3572,3572,3572,583680101,2^583680101-1,STRUCTURAL_SCREEN_EXHAUSTED_PRIMALITY_UNASSIGNED,GF3A_DIRECTIONAL_WRITE_EXHAUSTED_PRIMALITY_UNASSIGNED,513,512,512,NO_RECORDED_FACTOR_PRP_OR_LL_RESULT_AND_NO_ACTIVE_GIMPS_ASSIGNMENT,2026-08-09T04:34:14+00:00,UNALLOCATED,,,,,
SLCMP1765-3573,3573,3573,583680257,2^583680257-1,STRUCTURAL_SCREEN_EXHAUSTED_PRIMALITY_UNASSIGNED,GF3A_DIRECTIONAL_WRITE_EXHAUSTED_PRIMALITY_UNASSIGNED,513,512,512,NO_RECORDED_FACTOR_PRP_OR_LL_RESULT_AND_NO_ACTIVE_GIMPS_ASSIGNMENT,2026-08-09T04:34:14+00:00,UNALLOCATED,,,,,
SLCMP1765-3574,3574,3574,583680287,2^583680287-1,STRUCTURAL_SCREEN_EXHAUSTED_PRIMALITY_UNASSIGNED,GF3A_DIRECTIONAL_WRITE_EXHAUSTED_PRIMALITY_UNASSIGNED,514,512,512,NO_RECORDED_FACTOR_PRP_OR_LL_RESULT_AND_NO_ACTIVE_GIMPS_ASSIGNMENT,2026-08-09T04:34:14+00:00,UNALLOCATED,,,,,
SLCMP1765-3575,3575,3575,583680379,2^583680379-1,STRUCTURAL_SCREEN_EXHAUSTED_PRIMALITY_UNASSIGNED,GF3A_DIRECTIONAL_WRITE_EXHAUSTED_PRIMALITY_UNASSIGNED,514,512,512,NO_RECORDED_FACTOR_PRP_OR_LL_RESULT_AND_NO_ACTIVE_GIMPS_ASSIGNMENT,2026-08-09T04:34:14+00:00,UNALLOCATED,,,,,
SLCMP1765-3576,3576,3576,583680389,2^583680389-1,STRUCTURAL_SCREEN_EXHAUSTED_PRIMALITY_UNASSIGNED,GF3A_DIRECTIONAL_WRITE_EXHAUSTED_PRIMALITY_UNASSIGNED,513,512,512,NO_RECORDED_FACTOR_PRP_OR_LL_RESULT_AND_NO_ACTIVE_GIMPS_ASSIGNMENT,2026-08-09T04:34:14+00:00,UNALLOCATED,,,,,
SLCMP1765-3577,3577,3577,583680553,2^583680553-1,STRUCTURAL_SCREEN_EXHAUSTED_PRIMALITY_UNASSIGNED,GF3A_DIRECTIONAL_WRITE_EXHAUSTED_PRIMALITY_UNASSIGNED,513,512,512,NO_RECORDED_FACTOR_PRP_OR_LL_RESULT_AND_NO_ACTIVE_GIMPS_ASSIGNMENT,2026-08-09T04:34:14+00:00,UNALLOCATED,,,,,
SLCMP1765-3578,3578,3578,583680571,2^583680571-1,STRUCTURAL_SCREEN_EXHAUSTED_PRIMALITY_UNASSIGNED,GF3A_DIRECTIONAL_WRITE_EXHAUSTED_PRIMALITY_UNASSIGNED,514,512,512,NO_RECORDED_FACTOR_PRP_OR_LL_RESULT_AND_NO_ACTIVE_GIMPS_ASSIGNMENT,2026-08-09T04:34:14+00:00,UNALLOCATED,,,,,
SLCMP1765-3579,3579,3579,583680577,2^583680577-1,STRUCTURAL_SCREEN_EXHAUSTED_PRIMALITY_UNASSIGNED,GF3A_DIRECTIONAL_WRITE_EXHAUSTED_PRIMALITY_UNASSIGNED,513,512,512,NO_RECORDED_FACTOR_PRP_OR_LL_RESULT_AND_NO_ACTIVE_GIMPS_ASSIGNMENT,2026-08-09T04:34:14+00:00,UNALLOCATED,,,,,
SLCMP1765-3580,3580,3580,583680943,2^583680943-1,STRUCTURAL_SCREEN_EXHAUSTED_PRIMALITY_UNASSIGNED,GF3A_DIRECTIONAL_WRITE_EXHAUSTED_PRIMALITY_UNASSIGNED,514,512,512,NO_RECORDED_FACTOR_PRP_OR_LL_RESULT_AND_NO_ACTIVE_GIMPS_ASSIGNMENT,2026-08-09T04:34:14+00:00,UNALLOCATED,,,,,
SLCMP1765-3581,3581,3581,583680971,2^583680971-1,STRUCTURAL_SCREEN_EXHAUSTED_PRIMALITY_UNASSIGNED,GF3A_DIRECTIONAL_WRITE_EXHAUSTED_PRIMALITY_UNASSIGNED,514,512,512,NO_RECORDED_FACTOR_PRP_OR_LL_RESULT_AND_NO_ACTIVE_GIMPS_ASSIGNMENT,2026-08-09T04:34:14+00:00,UNALLOCATED,,,,,
SLCMP1765-3582,3582,3582,583680973,2^583680973-1,STRUCTURAL_SCREEN_EXHAUSTED_PRIMALITY_UNASSIGNED,GF3A_DIRECTIONAL_WRITE_EXHAUSTED_PRIMALITY_UNASSIGNED,513,512,512,NO_RECORDED_FACTOR_PRP_OR_LL_RESULT_AND_NO_ACTIVE_GIMPS_ASSIGNMENT,2026-08-09T04:34:14+00:00,UNALLOCATED,,,,,
SLCMP1765-3583,3583,3583,583681003,2^583681003-1,STRUCTURAL_SCREEN_EXHAUSTED_PRIMALITY_UNASSIGNED,GF3A_DIRECTIONAL_WRITE_EXHAUSTED_PRIMALITY_UNASSIGNED,514,512,512,NO_RECORDED_FACTOR_PRP_OR_LL_RESULT_AND_NO_ACTIVE_GIMPS_ASSIGNMENT,2026-08-09T04:34:14+00:00,UNALLOCATED,,,,,
SLCMP1765-3584,3584,3584,583681069,2^583681069-1,STRUCTURAL_SCREEN_EXHAUSTED_PRIMALITY_UNASSIGNED,GF3A_DIRECTIONAL_WRITE_EXHAUSTED_PRIMALITY_UNASSIGNED,513,512,512,NO_RECORDED_FACTOR_PRP_OR_LL_RESULT_AND_NO_ACTIVE_GIMPS_ASSIGNMENT,2026-08-09T04:34:14+00:00,UNALLOCATED,,,,,
SLCMP1765-3585,3585,3585,583681079,2^583681079-1,STRUCTURAL_SCREEN_EXHAUSTED_PRIMALITY_UNASSIGNED,GF3A_DIRECTIONAL_WRITE_EXHAUSTED_PRIMALITY_UNASSIGNED,514,512,512,NO_RECORDED_FACTOR_PRP_OR_LL_RESULT_AND_NO_ACTIVE_GIMPS_ASSIGNMENT,2026-08-09T04:34:14+00:00,UNALLOCATED,,,,,
SLCMP1765-3586,3586,3586,583681081,2^583681081-1,STRUCTURAL_SCREEN_EXHAUSTED_PRIMALITY_UNASSIGNED,GF3A_DIRECTIONAL_WRITE_EXHAUSTED_PRIMALITY_UNASSIGNED,513,512,512,NO_RECORDED_FACTOR_PRP_OR_LL_RESULT_AND_NO_ACTIVE_GIMPS_ASSIGNMENT,2026-08-09T04:34:14+00:00,UNALLOCATED,,,,,
SLCMP1765-3587,3587,3587,583681099,2^583681099-1,STRUCTURAL_SCREEN_EXHAUSTED_PRIMALITY_UNASSIGNED,GF3A_DIRECTIONAL_WRITE_EXHAUSTED_PRIMALITY_UNASSIGNED,514,512,512,NO_RECORDED_FACTOR_PRP_OR_LL_RESULT_AND_NO_ACTIVE_GIMPS_ASSIGNMENT,2026-08-09T04:34:14+00:00,UNALLOCATED,,,,,
SLCMP1765-3588,3588,3588,583681229,2^583681229-1,STRUCTURAL_SCREEN_EXHAUSTED_PRIMALITY_UNASSIGNED,GF3A_DIRECTIONAL_WRITE_EXHAUSTED_PRIMALITY_UNASSIGNED,513,512,512,NO_RECORDED_FACTOR_PRP_OR_LL_RESULT_AND_NO_ACTIVE_GIMPS_ASSIGNMENT,2026-08-09T04:34:14+00:00,UNALLOCATED,,,,,
SLCMP1765-3589,3589,3589,583681271,2^583681271-1,STRUCTURAL_SCREEN_EXHAUSTED_PRIMALITY_UNASSIGNED,GF3A_DIRECTIONAL_WRITE_EXHAUSTED_PRIMALITY_UNASSIGNED,514,512,512,NO_RECORDED_FACTOR_PRP_OR_LL_RESULT_AND_NO_ACTIVE_GIMPS_ASSIGNMENT,2026-08-09T04:34:14+00:00,UNALLOCATED,,,,,
SLCMP1765-3590,3590,3590,583681337,2^583681337-1,STRUCTURAL_SCREEN_EXHAUSTED_PRIMALITY_UNASSIGNED,GF3A_DIRECTIONAL_WRITE_EXHAUSTED_PRIMALITY_UNASSIGNED,513,512,512,NO_RECORDED_FACTOR_PRP_OR_LL_RESULT_AND_NO_ACTIVE_GIMPS_ASSIGNMENT,2026-08-09T04:34:14+00:00,UNALLOCATED,,,,,
SLCMP1765-3591,3591,3591,583681447,2^583681447-1,STRUCTURAL_SCREEN_EXHAUSTED_PRIMALITY_UNASSIGNED,GF3A_DIRECTIONAL_WRITE_EXHAUSTED_PRIMALITY_UNASSIGNED,514,512,512,NO_RECORDED_FACTOR_PRP_OR_LL_RESULT_AND_NO_ACTIVE_GIMPS_ASSIGNMENT,2026-08-09T04:34:14+00:00,UNALLOCATED,,,,,
SLCMP1765-3592,3592,3592,583681487,2^583681487-1,STRUCTURAL_SCREEN_EXHAUSTED_PRIMALITY_UNASSIGNED,GF3A_DIRECTIONAL_WRITE_EXHAUSTED_PRIMALITY_UNASSIGNED,514,512,512,NO_RECORDED_FACTOR_PRP_OR_LL_RESULT_AND_NO_ACTIVE_GIMPS_ASSIGNMENT,2026-08-09T04:34:14+00:00,UNALLOCATED,,,,,
SLCMP1765-3593,3593,3593,583681531,2^583681531-1,STRUCTURAL_SCREEN_EXHAUSTED_PRIMALITY_UNASSIGNED,GF3A_DIRECTIONAL_WRITE_EXHAUSTED_PRIMALITY_UNASSIGNED,514,512,512,NO_RECORDED_FACTOR_PRP_OR_LL_RESULT_AND_NO_ACTIVE_GIMPS_ASSIGNMENT,2026-08-09T04:34:14+00:00,UNALLOCATED,,,,,
SLCMP1765-3594,3594,3594,583681687,2^583681687-1,STRUCTURAL_SCREEN_EXHAUSTED_PRIMALITY_UNASSIGNED,GF3A_DIRECTIONAL_WRITE_EXHAUSTED_PRIMALITY_UNASSIGNED,514,512,512,NO_RECORDED_FACTOR_PRP_OR_LL_RESULT_AND_NO_ACTIVE_GIMPS_ASSIGNMENT,2026-08-09T04:34:14+00:00,UNALLOCATED,,,,,
SLCMP1765-3595,3595,3595,583681807,2^583681807-1,STRUCTURAL_SCREEN_EXHAUSTED_PRIMALITY_UNASSIGNED,GF3A_DIRECTIONAL_WRITE_EXHAUSTED_PRIMALITY_UNASSIGNED,514,512,512,NO_RECORDED_FACTOR_PRP_OR_LL_RESULT_AND_NO_ACTIVE_GIMPS_ASSIGNMENT,2026-08-09T04:34:14+00:00,UNALLOCATED,,,,,
SLCMP1765-3596,3596,3596,583681817,2^583681817-1,STRUCTURAL_SCREEN_EXHAUSTED_PRIMALITY_UNASSIGNED,GF3A_DIRECTIONAL_WRITE_EXHAUSTED_PRIMALITY_UNASSIGNED,513,512,512,NO_RECORDED_FACTOR_PRP_OR_LL_RESULT_AND_NO_ACTIVE_GIMPS_ASSIGNMENT,2026-08-09T04:34:14+00:00,UNALLOCATED,,,,,
SLCMP1765-3597,3597,3597,583681837,2^583681837-1,STRUCTURAL_SCREEN_EXHAUSTED_PRIMALITY_UNASSIGNED,GF3A_DIRECTIONAL_WRITE_EXHAUSTED_PRIMALITY_UNASSIGNED,513,512,512,NO_RECORDED_FACTOR_PRP_OR_LL_RESULT_AND_NO_ACTIVE_GIMPS_ASSIGNMENT,2026-08-09T04:34:14+00:00,UNALLOCATED,,,,,
SLCMP1765-3598,3598,3598,583681913,2^583681913-1,STRUCTURAL_SCREEN_EXHAUSTED_PRIMALITY_UNASSIGNED,GF3A_DIRECTIONAL_WRITE_EXHAUSTED_PRIMALITY_UNASSIGNED,513,512,512,NO_RECORDED_FACTOR_PRP_OR_LL_RESULT_AND_NO_ACTIVE_GIMPS_ASSIGNMENT,2026-08-09T04:34:14+00:00,UNALLOCATED,,,,,
SLCMP1765-3599,3599,3599,583681921,2^583681921-1,STRUCTURAL_SCREEN_EXHAUSTED_PRIMALITY_UNASSIGNED,GF3A_DIRECTIONAL_WRITE_EXHAUSTED_PRIMALITY_UNASSIGNED,513,512,512,NO_RECORDED_FACTOR_PRP_OR_LL_RESULT_AND_NO_ACTIVE_GIMPS_ASSIGNMENT,2026-08-09T04:34:14+00:00,UNALLOCATED,,,,,
SLCMP1765-3600,3600,3600,583681999,2^583681999-1,STRUCTURAL_SCREEN_EXHAUSTED_PRIMALITY_UNASSIGNED,GF3A_DIRECTIONAL_WRITE_EXHAUSTED_PRIMALITY_UNASSIGNED,514,512,512,NO_RECORDED_FACTOR_PRP_OR_LL_RESULT_AND_NO_ACTIVE_GIMPS_ASSIGNMENT,2026-08-09T04:34:14+00:00,UNALLOCATED,,,,,
SLCMP1765-3601,3601,3601,583682003,2^583682003-1,STRUCTURAL_SCREEN_EXHAUSTED_PRIMALITY_UNASSIGNED,GF3A_DIRECTIONAL_WRITE_EXHAUSTED_PRIMALITY_UNASSIGNED,514,512,512,NO_RECORDED_FACTOR_PRP_OR_LL_RESULT_AND_NO_ACTIVE_GIMPS_ASSIGNMENT,2026-08-09T04:34:14+00:00,UNALLOCATED,,,,,
SLCMP1765-3602,3602,3602,583682023,2^583682023-1,STRUCTURAL_SCREEN_EXHAUSTED_PRIMALITY_UNASSIGNED,GF3A_DIRECTIONAL_WRITE_EXHAUSTED_PRIMALITY_UNASSIGNED,514,512,512,NO_RECORDED_FACTOR_PRP_OR_LL_RESULT_AND_NO_ACTIVE_GIMPS_ASSIGNMENT,2026-08-09T04:34:14+00:00,UNALLOCATED,,,,,
SLCMP1765-3603,3603,3603,583682089,2^583682089-1,STRUCTURAL_SCREEN_EXHAUSTED_PRIMALITY_UNASSIGNED,GF3A_DIRECTIONAL_WRITE_EXHAUSTED_PRIMALITY_UNASSIGNED,513,512,512,NO_RECORDED_FACTOR_PRP_OR_LL_RESULT_AND_NO_ACTIVE_GIMPS_ASSIGNMENT,2026-08-09T04:34:14+00:00,UNALLOCATED,,,,,
SLCMP1765-3604,3604,3604,583682171,2^583682171-1,STRUCTURAL_SCREEN_EXHAUSTED_PRIMALITY_UNASSIGNED,GF3A_DIRECTIONAL_WRITE_EXHAUSTED_PRIMALITY_UNASSIGNED,514,512,512,NO_RECORDED_FACTOR_PRP_OR_LL_RESULT_AND_NO_ACTIVE_GIMPS_ASSIGNMENT,2026-08-09T04:34:14+00:00,UNALLOCATED,,,,,
SLCMP1765-3605,3605,3605,583682189,2^583682189-1,STRUCTURAL_SCREEN_EXHAUSTED_PRIMALITY_UNASSIGNED,GF3A_DIRECTIONAL_WRITE_EXHAUSTED_PRIMALITY_UNASSIGNED,513,512,512,NO_RECORDED_FACTOR_PRP_OR_LL_RESULT_AND_NO_ACTIVE_GIMPS_ASSIGNMENT,2026-08-09T04:34:14+00:00,UNALLOCATED,,,,,
SLCMP1765-3606,3606,3606,583682279,2^583682279-1,STRUCTURAL_SCREEN_EXHAUSTED_PRIMALITY_UNASSIGNED,GF3A_DIRECTIONAL_WRITE_EXHAUSTED_PRIMALITY_UNASSIGNED,514,512,512,NO_RECORDED_FACTOR_PRP_OR_LL_RESULT_AND_NO_ACTIVE_GIMPS_ASSIGNMENT,2026-08-09T04:34:14+00:00,UNALLOCATED,,,,,
SLCMP1765-3607,3607,3607,583682287,2^583682287-1,STRUCTURAL_SCREEN_EXHAUSTED_PRIMALITY_UNASSIGNED,GF3A_DIRECTIONAL_WRITE_EXHAUSTED_PRIMALITY_UNASSIGNED,514,512,512,NO_RECORDED_FACTOR_PRP_OR_LL_RESULT_AND_NO_ACTIVE_GIMPS_ASSIGNMENT,2026-08-09T04:34:14+00:00,UNALLOCATED,,,,,
SLCMP1765-3608,3608,3608,583682303,2^583682303-1,STRUCTURAL_SCREEN_EXHAUSTED_PRIMALITY_UNASSIGNED,GF3A_DIRECTIONAL_WRITE_EXHAUSTED_PRIMALITY_UNASSIGNED,514,512,512,NO_RECORDED_FACTOR_PRP_OR_LL_RESULT_AND_NO_ACTIVE_GIMPS_ASSIGNMENT,2026-08-09T04:34:14+00:00,UNALLOCATED,,,,,
SLCMP1765-3609,3609,3609,583682329,2^583682329-1,STRUCTURAL_SCREEN_EXHAUSTED_PRIMALITY_UNASSIGNED,GF3A_DIRECTIONAL_WRITE_EXHAUSTED_PRIMALITY_UNASSIGNED,513,512,512,NO_RECORDED_FACTOR_PRP_OR_LL_RESULT_AND_NO_ACTIVE_GIMPS_ASSIGNMENT,2026-08-09T04:34:14+00:00,UNALLOCATED,,,,,
SLCMP1765-3610,3610,3610,583682347,2^583682347-1,STRUCTURAL_SCREEN_EXHAUSTED_PRIMALITY_UNASSIGNED,GF3A_DIRECTIONAL_WRITE_EXHAUSTED_PRIMALITY_UNASSIGNED,514,512,512,NO_RECORDED_FACTOR_PRP_OR_LL_RESULT_AND_NO_ACTIVE_GIMPS_ASSIGNMENT,2026-08-09T04:34:14+00:00,UNALLOCATED,,,,,
SLCMP1765-3611,3611,3611,583682383,2^583682383-1,STRUCTURAL_SCREEN_EXHAUSTED_PRIMALITY_UNASSIGNED,GF3A_DIRECTIONAL_WRITE_EXHAUSTED_PRIMALITY_UNASSIGNED,514,512,512,NO_RECORDED_FACTOR_PRP_OR_LL_RESULT_AND_NO_ACTIVE_GIMPS_ASSIGNMENT,2026-08-09T04:34:14+00:00,UNALLOCATED,,,,,
SLCMP1765-3612,3612,3612,583682389,2^583682389-1,STRUCTURAL_SCREEN_EXHAUSTED_PRIMALITY_UNASSIGNED,GF3A_DIRECTIONAL_WRITE_EXHAUSTED_PRIMALITY_UNASSIGNED,513,512,512,NO_RECORDED_FACTOR_PRP_OR_LL_RESULT_AND_NO_ACTIVE_GIMPS_ASSIGNMENT,2026-08-09T04:34:14+00:00,UNALLOCATED,,,,,
SLCMP1765-3613,3613,3613,583682419,2^583682419-1,STRUCTURAL_SCREEN_EXHAUSTED_PRIMALITY_UNASSIGNED,GF3A_DIRECTIONAL_WRITE_EXHAUSTED_PRIMALITY_UNASSIGNED,514,512,512,NO_RECORDED_FACTOR_PRP_OR_LL_RESULT_AND_NO_ACTIVE_GIMPS_ASSIGNMENT,2026-08-09T04:34:14+00:00,UNALLOCATED,,,,,
SLCMP1765-3614,3614,3614,583682443,2^583682443-1,STRUCTURAL_SCREEN_EXHAUSTED_PRIMALITY_UNASSIGNED,GF3A_DIRECTIONAL_WRITE_EXHAUSTED_PRIMALITY_UNASSIGNED,514,512,512,NO_RECORDED_FACTOR_PRP_OR_LL_RESULT_AND_NO_ACTIVE_GIMPS_ASSIGNMENT,2026-08-09T04:34:14+00:00,UNALLOCATED,,,,,
SLCMP1765-3615,3615,3615,583682531,2^583682531-1,STRUCTURAL_SCREEN_EXHAUSTED_PRIMALITY_UNASSIGNED,GF3A_DIRECTIONAL_WRITE_EXHAUSTED_PRIMALITY_UNASSIGNED,514,512,512,NO_RECORDED_FACTOR_PRP_OR_LL_RESULT_AND_NO_ACTIVE_GIMPS_ASSIGNMENT,2026-08-09T04:34:14+00:00,UNALLOCATED,,,,,
SLCMP1765-3616,3616,3616,583682611,2^583682611-1,STRUCTURAL_SCREEN_EXHAUSTED_PRIMALITY_UNASSIGNED,GF3A_DIRECTIONAL_WRITE_EXHAUSTED_PRIMALITY_UNASSIGNED,514,512,512,NO_RECORDED_FACTOR_PRP_OR_LL_RESULT_AND_NO_ACTIVE_GIMPS_ASSIGNMENT,2026-08-09T04:34:14+00:00,UNALLOCATED,,,,,
SLCMP1765-3617,3617,3617,583682651,2^583682651-1,STRUCTURAL_SCREEN_EXHAUSTED_PRIMALITY_UNASSIGNED,GF3A_DIRECTIONAL_WRITE_EXHAUSTED_PRIMALITY_UNASSIGNED,514,512,512,NO_RECORDED_FACTOR_PRP_OR_LL_RESULT_AND_NO_ACTIVE_GIMPS_ASSIGNMENT,2026-08-09T04:34:14+00:00,UNALLOCATED,,,,,
SLCMP1765-3618,3618,3618,583682719,2^583682719-1,STRUCTURAL_SCREEN_EXHAUSTED_PRIMALITY_UNASSIGNED,GF3A_DIRECTIONAL_WRITE_EXHAUSTED_PRIMALITY_UNASSIGNED,514,512,512,NO_RECORDED_FACTOR_PRP_OR_LL_RESULT_AND_NO_ACTIVE_GIMPS_ASSIGNMENT,2026-08-09T04:34:14+00:00,UNALLOCATED,,,,,
SLCMP1765-3619,3619,3619,583682783,2^583682783-1,STRUCTURAL_SCREEN_EXHAUSTED_PRIMALITY_UNASSIGNED,GF3A_DIRECTIONAL_WRITE_EXHAUSTED_PRIMALITY_UNASSIGNED,514,512,512,NO_RECORDED_FACTOR_PRP_OR_LL_RESULT_AND_NO_ACTIVE_GIMPS_ASSIGNMENT,2026-08-09T04:34:14+00:00,UNALLOCATED,,,,,
SLCMP1765-3620,3620,3620,583682789,2^583682789-1,STRUCTURAL_SCREEN_EXHAUSTED_PRIMALITY_UNASSIGNED,GF3A_DIRECTIONAL_WRITE_EXHAUSTED_PRIMALITY_UNASSIGNED,513,512,512,NO_RECORDED_FACTOR_PRP_OR_LL_RESULT_AND_NO_ACTIVE_GIMPS_ASSIGNMENT,2026-08-09T04:34:14+00:00,UNALLOCATED,,,,,
SLCMP1765-3621,3621,3621,583682819,2^583682819-1,STRUCTURAL_SCREEN_EXHAUSTED_PRIMALITY_UNASSIGNED,GF3A_DIRECTIONAL_WRITE_EXHAUSTED_PRIMALITY_UNASSIGNED,514,512,512,NO_RECORDED_FACTOR_PRP_OR_LL_RESULT_AND_NO_ACTIVE_GIMPS_ASSIGNMENT,2026-08-09T04:34:14+00:00,UNALLOCATED,,,,,
SLCMP1765-3622,3622,3622,583682833,2^583682833-1,STRUCTURAL_SCREEN_EXHAUSTED_PRIMALITY_UNASSIGNED,GF3A_DIRECTIONAL_WRITE_EXHAUSTED_PRIMALITY_UNASSIGNED,513,512,512,NO_RECORDED_FACTOR_PRP_OR_LL_RESULT_AND_NO_ACTIVE_GIMPS_ASSIGNMENT,2026-08-09T04:34:14+00:00,UNALLOCATED,,,,,
SLCMP1765-3623,3623,3623,583682837,2^583682837-1,STRUCTURAL_SCREEN_EXHAUSTED_PRIMALITY_UNASSIGNED,GF3A_DIRECTIONAL_WRITE_EXHAUSTED_PRIMALITY_UNASSIGNED,513,512,512,NO_RECORDED_FACTOR_PRP_OR_LL_RESULT_AND_NO_ACTIVE_GIMPS_ASSIGNMENT,2026-08-09T04:34:14+00:00,UNALLOCATED,,,,,
SLCMP1765-3624,3624,3624,583682843,2^583682843-1,STRUCTURAL_SCREEN_EXHAUSTED_PRIMALITY_UNASSIGNED,GF3A_DIRECTIONAL_WRITE_EXHAUSTED_PRIMALITY_UNASSIGNED,514,512,512,NO_RECORDED_FACTOR_PRP_OR_LL_RESULT_AND_NO_ACTIVE_GIMPS_ASSIGNMENT,2026-08-09T04:34:14+00:00,UNALLOCATED,,,,,
SLCMP1765-3625,3625,3625,583682857,2^583682857-1,STRUCTURAL_SCREEN_EXHAUSTED_PRIMALITY_UNASSIGNED,GF3A_DIRECTIONAL_WRITE_EXHAUSTED_PRIMALITY_UNASSIGNED,513,512,512,NO_RECORDED_FACTOR_PRP_OR_LL_RESULT_AND_NO_ACTIVE_GIMPS_ASSIGNMENT,2026-08-09T04:34:14+00:00,UNALLOCATED,,,,,
SLCMP1765-3626,3626,3626,583682893,2^583682893-1,STRUCTURAL_SCREEN_EXHAUSTED_PRIMALITY_UNASSIGNED,GF3A_DIRECTIONAL_WRITE_EXHAUSTED_PRIMALITY_UNASSIGNED,513,512,512,NO_RECORDED_FACTOR_PRP_OR_LL_RESULT_AND_NO_ACTIVE_GIMPS_ASSIGNMENT,2026-08-09T04:34:14+00:00,UNALLOCATED,,,,,
SLCMP1765-3627,3627,3627,583682899,2^583682899-1,STRUCTURAL_SCREEN_EXHAUSTED_PRIMALITY_UNASSIGNED,GF3A_DIRECTIONAL_WRITE_EXHAUSTED_PRIMALITY_UNASSIGNED,514,512,512,NO_RECORDED_FACTOR_PRP_OR_LL_RESULT_AND_NO_ACTIVE_GIMPS_ASSIGNMENT,2026-08-09T04:34:14+00:00,UNALLOCATED,,,,,
SLCMP1765-3628,3628,3628,583682933,2^583682933-1,STRUCTURAL_SCREEN_EXHAUSTED_PRIMALITY_UNASSIGNED,GF3A_DIRECTIONAL_WRITE_EXHAUSTED_PRIMALITY_UNASSIGNED,513,512,512,NO_RECORDED_FACTOR_PRP_OR_LL_RESULT_AND_NO_ACTIVE_GIMPS_ASSIGNMENT,2026-08-09T04:34:14+00:00,UNALLOCATED,,,,,
SLCMP1765-3629,3629,3629,583682993,2^583682993-1,STRUCTURAL_SCREEN_EXHAUSTED_PRIMALITY_UNASSIGNED,GF3A_DIRECTIONAL_WRITE_EXHAUSTED_PRIMALITY_UNASSIGNED,513,512,512,NO_RECORDED_FACTOR_PRP_OR_LL_RESULT_AND_NO_ACTIVE_GIMPS_ASSIGNMENT,2026-08-09T04:34:14+00:00,UNALLOCATED,,,,,
SLCMP1765-3630,3630,3630,583682999,2^583682999-1,STRUCTURAL_SCREEN_EXHAUSTED_PRIMALITY_UNASSIGNED,GF3A_DIRECTIONAL_WRITE_EXHAUSTED_PRIMALITY_UNASSIGNED,514,512,512,NO_RECORDED_FACTOR_PRP_OR_LL_RESULT_AND_NO_ACTIVE_GIMPS_ASSIGNMENT,2026-08-09T04:34:14+00:00,UNALLOCATED,,,,,
SLCMP1765-3631,3631,3631,583683007,2^583683007-1,STRUCTURAL_SCREEN_EXHAUSTED_PRIMALITY_UNASSIGNED,GF3A_DIRECTIONAL_WRITE_EXHAUSTED_PRIMALITY_UNASSIGNED,514,512,512,NO_RECORDED_FACTOR_PRP_OR_LL_RESULT_AND_NO_ACTIVE_GIMPS_ASSIGNMENT,2026-08-09T04:34:14+00:00,UNALLOCATED,,,,,
SLCMP1765-3632,3632,3632,583683013,2^583683013-1,STRUCTURAL_SCREEN_EXHAUSTED_PRIMALITY_UNASSIGNED,GF3A_DIRECTIONAL_WRITE_EXHAUSTED_PRIMALITY_UNASSIGNED,513,512,512,NO_RECORDED_FACTOR_PRP_OR_LL_RESULT_AND_NO_ACTIVE_GIMPS_ASSIGNMENT,2026-08-09T04:34:14+00:00,UNALLOCATED,,,,,
SLCMP1765-3633,3633,3633,583683053,2^583683053-1,STRUCTURAL_SCREEN_EXHAUSTED_PRIMALITY_UNASSIGNED,GF3A_DIRECTIONAL_WRITE_EXHAUSTED_PRIMALITY_UNASSIGNED,513,512,512,NO_RECORDED_FACTOR_PRP_OR_LL_RESULT_AND_NO_ACTIVE_GIMPS_ASSIGNMENT,2026-08-09T04:34:14+00:00,UNALLOCATED,,,,,
SLCMP1765-3634,3634,3634,583683187,2^583683187-1,STRUCTURAL_SCREEN_EXHAUSTED_PRIMALITY_UNASSIGNED,GF3A_DIRECTIONAL_WRITE_EXHAUSTED_PRIMALITY_UNASSIGNED,514,512,512,NO_RECORDED_FACTOR_PRP_OR_LL_RESULT_AND_NO_ACTIVE_GIMPS_ASSIGNMENT,2026-08-09T04:34:14+00:00,UNALLOCATED,,,,,
SLCMP1765-3635,3635,3635,583683209,2^583683209-1,STRUCTURAL_SCREEN_EXHAUSTED_PRIMALITY_UNASSIGNED,GF3A_DIRECTIONAL_WRITE_EXHAUSTED_PRIMALITY_UNASSIGNED,513,512,512,NO_RECORDED_FACTOR_PRP_OR_LL_RESULT_AND_NO_ACTIVE_GIMPS_ASSIGNMENT,2026-08-09T04:34:14+00:00,UNALLOCATED,,,,,
SLCMP1765-3636,3636,3636,583683239,2^583683239-1,STRUCTURAL_SCREEN_EXHAUSTED_PRIMALITY_UNASSIGNED,GF3A_DIRECTIONAL_WRITE_EXHAUSTED_PRIMALITY_UNASSIGNED,514,512,512,NO_RECORDED_FACTOR_PRP_OR_LL_RESULT_AND_NO_ACTIVE_GIMPS_ASSIGNMENT,2026-08-09T04:34:14+00:00,UNALLOCATED,,,,,
SLCMP1765-3637,3637,3637,583683263,2^583683263-1,STRUCTURAL_SCREEN_EXHAUSTED_PRIMALITY_UNASSIGNED,GF3A_DIRECTIONAL_WRITE_EXHAUSTED_PRIMALITY_UNASSIGNED,514,512,512,NO_RECORDED_FACTOR_PRP_OR_LL_RESULT_AND_NO_ACTIVE_GIMPS_ASSIGNMENT,2026-08-09T04:34:14+00:00,UNALLOCATED,,,,,
SLCMP1765-3638,3638,3638,583683301,2^583683301-1,STRUCTURAL_SCREEN_EXHAUSTED_PRIMALITY_UNASSIGNED,GF3A_DIRECTIONAL_WRITE_EXHAUSTED_PRIMALITY_UNASSIGNED,513,512,512,NO_RECORDED_FACTOR_PRP_OR_LL_RESULT_AND_NO_ACTIVE_GIMPS_ASSIGNMENT,2026-08-09T04:34:14+00:00,UNALLOCATED,,,,,
SLCMP1765-3639,3639,3639,583683313,2^583683313-1,STRUCTURAL_SCREEN_EXHAUSTED_PRIMALITY_UNASSIGNED,GF3A_DIRECTIONAL_WRITE_EXHAUSTED_PRIMALITY_UNASSIGNED,513,512,512,NO_RECORDED_FACTOR_PRP_OR_LL_RESULT_AND_NO_ACTIVE_GIMPS_ASSIGNMENT,2026-08-09T04:34:14+00:00,UNALLOCATED,,,,,
SLCMP1765-3640,3640,3640,583683361,2^583683361-1,STRUCTURAL_SCREEN_EXHAUSTED_PRIMALITY_UNASSIGNED,GF3A_DIRECTIONAL_WRITE_EXHAUSTED_PRIMALITY_UNASSIGNED,513,512,512,NO_RECORDED_FACTOR_PRP_OR_LL_RESULT_AND_NO_ACTIVE_GIMPS_ASSIGNMENT,2026-08-09T04:34:14+00:00,UNALLOCATED,,,,,
SLCMP1765-3641,3641,3641,583683371,2^583683371-1,STRUCTURAL_SCREEN_EXHAUSTED_PRIMALITY_UNASSIGNED,GF3A_DIRECTIONAL_WRITE_EXHAUSTED_PRIMALITY_UNASSIGNED,514,512,512,NO_RECORDED_FACTOR_PRP_OR_LL_RESULT_AND_NO_ACTIVE_GIMPS_ASSIGNMENT,2026-08-09T04:34:14+00:00,UNALLOCATED,,,,,
SLCMP1765-3642,3642,3642,583683479,2^583683479-1,STRUCTURAL_SCREEN_EXHAUSTED_PRIMALITY_UNASSIGNED,GF3A_DIRECTIONAL_WRITE_EXHAUSTED_PRIMALITY_UNASSIGNED,514,512,512,NO_RECORDED_FACTOR_PRP_OR_LL_RESULT_AND_NO_ACTIVE_GIMPS_ASSIGNMENT,2026-08-09T04:34:14+00:00,UNALLOCATED,,,,,
SLCMP1765-3643,3643,3643,583683539,2^583683539-1,STRUCTURAL_SCREEN_EXHAUSTED_PRIMALITY_UNASSIGNED,GF3A_DIRECTIONAL_WRITE_EXHAUSTED_PRIMALITY_UNASSIGNED,514,512,512,NO_RECORDED_FACTOR_PRP_OR_LL_RESULT_AND_NO_ACTIVE_GIMPS_ASSIGNMENT,2026-08-09T04:34:14+00:00,UNALLOCATED,,,,,
SLCMP1765-3644,3644,3644,583683577,2^583683577-1,STRUCTURAL_SCREEN_EXHAUSTED_PRIMALITY_UNASSIGNED,GF3A_DIRECTIONAL_WRITE_EXHAUSTED_PRIMALITY_UNASSIGNED,513,512,512,NO_RECORDED_FACTOR_PRP_OR_LL_RESULT_AND_NO_ACTIVE_GIMPS_ASSIGNMENT,2026-08-09T04:34:14+00:00,UNALLOCATED,,,,,
SLCMP1765-3645,3645,3645,583683643,2^583683643-1,STRUCTURAL_SCREEN_EXHAUSTED_PRIMALITY_UNASSIGNED,GF3A_DIRECTIONAL_WRITE_EXHAUSTED_PRIMALITY_UNASSIGNED,514,512,512,NO_RECORDED_FACTOR_PRP_OR_LL_RESULT_AND_NO_ACTIVE_GIMPS_ASSIGNMENT,2026-08-09T04:34:14+00:00,UNALLOCATED,,,,,
SLCMP1765-3646,3646,3646,583683721,2^583683721-1,STRUCTURAL_SCREEN_EXHAUSTED_PRIMALITY_UNASSIGNED,GF3A_DIRECTIONAL_WRITE_EXHAUSTED_PRIMALITY_UNASSIGNED,513,512,512,NO_RECORDED_FACTOR_PRP_OR_LL_RESULT_AND_NO_ACTIVE_GIMPS_ASSIGNMENT,2026-08-09T04:34:14+00:00,UNALLOCATED,,,,,
SLCMP1765-3647,3647,3647,583683803,2^583683803-1,STRUCTURAL_SCREEN_EXHAUSTED_PRIMALITY_UNASSIGNED,GF3A_DIRECTIONAL_WRITE_EXHAUSTED_PRIMALITY_UNASSIGNED,514,512,512,NO_RECORDED_FACTOR_PRP_OR_LL_RESULT_AND_NO_ACTIVE_GIMPS_ASSIGNMENT,2026-08-09T04:34:14+00:00,UNALLOCATED,,,,,
SLCMP1765-3648,3648,3648,583683817,2^583683817-1,STRUCTURAL_SCREEN_EXHAUSTED_PRIMALITY_UNASSIGNED,GF3A_DIRECTIONAL_WRITE_EXHAUSTED_PRIMALITY_UNASSIGNED,513,512,512,NO_RECORDED_FACTOR_PRP_OR_LL_RESULT_AND_NO_ACTIVE_GIMPS_ASSIGNMENT,2026-08-09T04:34:14+00:00,UNALLOCATED,,,,,
SLCMP1765-3649,3649,3649,583683827,2^583683827-1,STRUCTURAL_SCREEN_EXHAUSTED_PRIMALITY_UNASSIGNED,GF3A_DIRECTIONAL_WRITE_EXHAUSTED_PRIMALITY_UNASSIGNED,514,512,512,NO_RECORDED_FACTOR_PRP_OR_LL_RESULT_AND_NO_ACTIVE_GIMPS_ASSIGNMENT,2026-08-09T04:34:14+00:00,UNALLOCATED,,,,,
SLCMP1765-3650,3650,3650,583683883,2^583683883-1,STRUCTURAL_SCREEN_EXHAUSTED_PRIMALITY_UNASSIGNED,GF3A_DIRECTIONAL_WRITE_EXHAUSTED_PRIMALITY_UNASSIGNED,514,512,512,NO_RECORDED_FACTOR_PRP_OR_LL_RESULT_AND_NO_ACTIVE_GIMPS_ASSIGNMENT,2026-08-09T04:34:14+00:00,UNALLOCATED,,,,,
SLCMP1765-3651,3651,3651,583683887,2^583683887-1,STRUCTURAL_SCREEN_EXHAUSTED_PRIMALITY_UNASSIGNED,GF3A_DIRECTIONAL_WRITE_EXHAUSTED_PRIMALITY_UNASSIGNED,514,512,512,NO_RECORDED_FACTOR_PRP_OR_LL_RESULT_AND_NO_ACTIVE_GIMPS_ASSIGNMENT,2026-08-09T04:34:14+00:00,UNALLOCATED,,,,,
SLCMP1765-3652,3652,3652,583683923,2^583683923-1,STRUCTURAL_SCREEN_EXHAUSTED_PRIMALITY_UNASSIGNED,GF3A_DIRECTIONAL_WRITE_EXHAUSTED_PRIMALITY_UNASSIGNED,514,512,512,NO_RECORDED_FACTOR_PRP_OR_LL_RESULT_AND_NO_ACTIVE_GIMPS_ASSIGNMENT,2026-08-09T04:34:14+00:00,UNALLOCATED,,,,,
SLCMP1765-3653,3653,3653,583683943,2^583683943-1,STRUCTURAL_SCREEN_EXHAUSTED_PRIMALITY_UNASSIGNED,GF3A_DIRECTIONAL_WRITE_EXHAUSTED_PRIMALITY_UNASSIGNED,514,512,512,NO_RECORDED_FACTOR_PRP_OR_LL_RESULT_AND_NO_ACTIVE_GIMPS_ASSIGNMENT,2026-08-09T04:34:14+00:00,UNALLOCATED,,,,,
SLCMP1765-3654,3654,3654,583684033,2^583684033-1,STRUCTURAL_SCREEN_EXHAUSTED_PRIMALITY_UNASSIGNED,GF3A_DIRECTIONAL_WRITE_EXHAUSTED_PRIMALITY_UNASSIGNED,513,512,512,NO_RECORDED_FACTOR_PRP_OR_LL_RESULT_AND_NO_ACTIVE_GIMPS_ASSIGNMENT,2026-08-09T04:34:14+00:00,UNALLOCATED,,,,,
SLCMP1765-3655,3655,3655,583684039,2^583684039-1,STRUCTURAL_SCREEN_EXHAUSTED_PRIMALITY_UNASSIGNED,GF3A_DIRECTIONAL_WRITE_EXHAUSTED_PRIMALITY_UNASSIGNED,514,512,512,NO_RECORDED_FACTOR_PRP_OR_LL_RESULT_AND_NO_ACTIVE_GIMPS_ASSIGNMENT,2026-08-09T04:34:14+00:00,UNALLOCATED,,,,,
SLCMP1765-3656,3656,3656,583684063,2^583684063-1,STRUCTURAL_SCREEN_EXHAUSTED_PRIMALITY_UNASSIGNED,GF3A_DIRECTIONAL_WRITE_EXHAUSTED_PRIMALITY_UNASSIGNED,514,512,512,NO_RECORDED_FACTOR_PRP_OR_LL_RESULT_AND_NO_ACTIVE_GIMPS_ASSIGNMENT,2026-08-09T04:34:14+00:00,UNALLOCATED,,,,,
SLCMP1765-3657,3657,3657,583684097,2^583684097-1,STRUCTURAL_SCREEN_EXHAUSTED_PRIMALITY_UNASSIGNED,GF3A_DIRECTIONAL_WRITE_EXHAUSTED_PRIMALITY_UNASSIGNED,513,512,512,NO_RECORDED_FACTOR_PRP_OR_LL_RESULT_AND_NO_ACTIVE_GIMPS_ASSIGNMENT,2026-08-09T04:34:14+00:00,UNALLOCATED,,,,,
SLCMP1765-3658,3658,3658,583684187,2^583684187-1,STRUCTURAL_SCREEN_EXHAUSTED_PRIMALITY_UNASSIGNED,GF3A_DIRECTIONAL_WRITE_EXHAUSTED_PRIMALITY_UNASSIGNED,514,512,512,NO_RECORDED_FACTOR_PRP_OR_LL_RESULT_AND_NO_ACTIVE_GIMPS_ASSIGNMENT,2026-08-09T04:34:14+00:00,UNALLOCATED,,,,,
SLCMP1765-3659,3659,3659,583684223,2^583684223-1,STRUCTURAL_SCREEN_EXHAUSTED_PRIMALITY_UNASSIGNED,GF3A_DIRECTIONAL_WRITE_EXHAUSTED_PRIMALITY_UNASSIGNED,514,512,512,NO_RECORDED_FACTOR_PRP_OR_LL_RESULT_AND_NO_ACTIVE_GIMPS_ASSIGNMENT,2026-08-09T04:34:14+00:00,UNALLOCATED,,,,,
SLCMP1765-3660,3660,3660,583684243,2^583684243-1,STRUCTURAL_SCREEN_EXHAUSTED_PRIMALITY_UNASSIGNED,GF3A_DIRECTIONAL_WRITE_EXHAUSTED_PRIMALITY_UNASSIGNED,514,512,512,NO_RECORDED_FACTOR_PRP_OR_LL_RESULT_AND_NO_ACTIVE_GIMPS_ASSIGNMENT,2026-08-09T04:34:14+00:00,UNALLOCATED,,,,,
SLCMP1765-3661,3661,3661,583684319,2^583684319-1,STRUCTURAL_SCREEN_EXHAUSTED_PRIMALITY_UNASSIGNED,GF3A_DIRECTIONAL_WRITE_EXHAUSTED_PRIMALITY_UNASSIGNED,514,512,512,NO_RECORDED_FACTOR_PRP_OR_LL_RESULT_AND_NO_ACTIVE_GIMPS_ASSIGNMENT,2026-08-09T04:34:14+00:00,UNALLOCATED,,,,,
SLCMP1765-3662,3662,3662,583684327,2^583684327-1,STRUCTURAL_SCREEN_EXHAUSTED_PRIMALITY_UNASSIGNED,GF3A_DIRECTIONAL_WRITE_EXHAUSTED_PRIMALITY_UNASSIGNED,514,512,512,NO_RECORDED_FACTOR_PRP_OR_LL_RESULT_AND_NO_ACTIVE_GIMPS_ASSIGNMENT,2026-08-09T04:34:14+00:00,UNALLOCATED,,,,,
SLCMP1765-3663,3663,3663,583684357,2^583684357-1,STRUCTURAL_SCREEN_EXHAUSTED_PRIMALITY_UNASSIGNED,GF3A_DIRECTIONAL_WRITE_EXHAUSTED_PRIMALITY_UNASSIGNED,513,512,512,NO_RECORDED_FACTOR_PRP_OR_LL_RESULT_AND_NO_ACTIVE_GIMPS_ASSIGNMENT,2026-08-09T04:34:14+00:00,UNALLOCATED,,,,,
SLCMP1765-3664,3664,3664,583684379,2^583684379-1,STRUCTURAL_SCREEN_EXHAUSTED_PRIMALITY_UNASSIGNED,GF3A_DIRECTIONAL_WRITE_EXHAUSTED_PRIMALITY_UNASSIGNED,514,512,512,NO_RECORDED_FACTOR_PRP_OR_LL_RESULT_AND_NO_ACTIVE_GIMPS_ASSIGNMENT,2026-08-09T04:34:14+00:00,UNALLOCATED,,,,,
SLCMP1765-3665,3665,3665,583684391,2^583684391-1,STRUCTURAL_SCREEN_EXHAUSTED_PRIMALITY_UNASSIGNED,GF3A_DIRECTIONAL_WRITE_EXHAUSTED_PRIMALITY_UNASSIGNED,514,512,512,NO_RECORDED_FACTOR_PRP_OR_LL_RESULT_AND_NO_ACTIVE_GIMPS_ASSIGNMENT,2026-08-09T04:34:14+00:00,UNALLOCATED,,,,,
SLCMP1765-3666,3666,3666,583684393,2^583684393-1,STRUCTURAL_SCREEN_EXHAUSTED_PRIMALITY_UNASSIGNED,GF3A_DIRECTIONAL_WRITE_EXHAUSTED_PRIMALITY_UNASSIGNED,513,512,512,NO_RECORDED_FACTOR_PRP_OR_LL_RESULT_AND_NO_ACTIVE_GIMPS_ASSIGNMENT,2026-08-09T04:34:14+00:00,UNALLOCATED,,,,,
SLCMP1765-3667,3667,3667,583684499,2^583684499-1,STRUCTURAL_SCREEN_EXHAUSTED_PRIMALITY_UNASSIGNED,GF3A_DIRECTIONAL_WRITE_EXHAUSTED_PRIMALITY_UNASSIGNED,514,512,512,NO_RECORDED_FACTOR_PRP_OR_LL_RESULT_AND_NO_ACTIVE_GIMPS_ASSIGNMENT,2026-08-09T04:34:14+00:00,UNALLOCATED,,,,,
SLCMP1765-3668,3668,3668,583684531,2^583684531-1,STRUCTURAL_SCREEN_EXHAUSTED_PRIMALITY_UNASSIGNED,GF3A_DIRECTIONAL_WRITE_EXHAUSTED_PRIMALITY_UNASSIGNED,514,512,512,NO_RECORDED_FACTOR_PRP_OR_LL_RESULT_AND_NO_ACTIVE_GIMPS_ASSIGNMENT,2026-08-09T04:34:14+00:00,UNALLOCATED,,,,,
SLCMP1765-3669,3669,3669,583684553,2^583684553-1,STRUCTURAL_SCREEN_EXHAUSTED_PRIMALITY_UNASSIGNED,GF3A_DIRECTIONAL_WRITE_EXHAUSTED_PRIMALITY_UNASSIGNED,513,512,512,NO_RECORDED_FACTOR_PRP_OR_LL_RESULT_AND_NO_ACTIVE_GIMPS_ASSIGNMENT,2026-08-09T04:34:14+00:00,UNALLOCATED,,,,,
SLCMP1765-3670,3670,3670,583684559,2^583684559-1,STRUCTURAL_SCREEN_EXHAUSTED_PRIMALITY_UNASSIGNED,GF3A_DIRECTIONAL_WRITE_EXHAUSTED_PRIMALITY_UNASSIGNED,514,512,512,NO_RECORDED_FACTOR_PRP_OR_LL_RESULT_AND_NO_ACTIVE_GIMPS_ASSIGNMENT,2026-08-09T04:34:14+00:00,UNALLOCATED,,,,,
SLCMP1765-3671,3671,3671,583684643,2^583684643-1,STRUCTURAL_SCREEN_EXHAUSTED_PRIMALITY_UNASSIGNED,GF3A_DIRECTIONAL_WRITE_EXHAUSTED_PRIMALITY_UNASSIGNED,514,512,512,NO_RECORDED_FACTOR_PRP_OR_LL_RESULT_AND_NO_ACTIVE_GIMPS_ASSIGNMENT,2026-08-09T04:34:14+00:00,UNALLOCATED,,,,,
SLCMP1765-3672,3672,3672,583684667,2^583684667-1,STRUCTURAL_SCREEN_EXHAUSTED_PRIMALITY_UNASSIGNED,GF3A_DIRECTIONAL_WRITE_EXHAUSTED_PRIMALITY_UNASSIGNED,514,512,512,NO_RECORDED_FACTOR_PRP_OR_LL_RESULT_AND_NO_ACTIVE_GIMPS_ASSIGNMENT,2026-08-09T04:34:14+00:00,UNALLOCATED,,,,,
SLCMP1765-3673,3673,3673,583684669,2^583684669-1,STRUCTURAL_SCREEN_EXHAUSTED_PRIMALITY_UNASSIGNED,GF3A_DIRECTIONAL_WRITE_EXHAUSTED_PRIMALITY_UNASSIGNED,513,512,512,NO_RECORDED_FACTOR_PRP_OR_LL_RESULT_AND_NO_ACTIVE_GIMPS_ASSIGNMENT,2026-08-09T04:34:14+00:00,UNALLOCATED,,,,,
SLCMP1765-3674,3674,3674,583684877,2^583684877-1,STRUCTURAL_SCREEN_EXHAUSTED_PRIMALITY_UNASSIGNED,GF3A_DIRECTIONAL_WRITE_EXHAUSTED_PRIMALITY_UNASSIGNED,513,512,512,NO_RECORDED_FACTOR_PRP_OR_LL_RESULT_AND_NO_ACTIVE_GIMPS_ASSIGNMENT,2026-08-09T04:34:14+00:00,UNALLOCATED,,,,,
SLCMP1765-3675,3675,3675,583684891,2^583684891-1,STRUCTURAL_SCREEN_EXHAUSTED_PRIMALITY_UNASSIGNED,GF3A_DIRECTIONAL_WRITE_EXHAUSTED_PRIMALITY_UNASSIGNED,514,512,512,NO_RECORDED_FACTOR_PRP_OR_LL_RESULT_AND_NO_ACTIVE_GIMPS_ASSIGNMENT,2026-08-09T04:34:14+00:00,UNALLOCATED,,,,,
SLCMP1765-3676,3676,3676,583684901,2^583684901-1,STRUCTURAL_SCREEN_EXHAUSTED_PRIMALITY_UNASSIGNED,GF3A_DIRECTIONAL_WRITE_EXHAUSTED_PRIMALITY_UNASSIGNED,513,512,512,NO_RECORDED_FACTOR_PRP_OR_LL_RESULT_AND_NO_ACTIVE_GIMPS_ASSIGNMENT,2026-08-09T04:34:14+00:00,UNALLOCATED,,,,,
SLCMP1765-3677,3677,3677,583684909,2^583684909-1,STRUCTURAL_SCREEN_EXHAUSTED_PRIMALITY_UNASSIGNED,GF3A_DIRECTIONAL_WRITE_EXHAUSTED_PRIMALITY_UNASSIGNED,513,512,512,NO_RECORDED_FACTOR_PRP_OR_LL_RESULT_AND_NO_ACTIVE_GIMPS_ASSIGNMENT,2026-08-09T04:34:14+00:00,UNALLOCATED,,,,,
SLCMP1765-3678,3678,3678,583684951,2^583684951-1,STRUCTURAL_SCREEN_EXHAUSTED_PRIMALITY_UNASSIGNED,GF3A_DIRECTIONAL_WRITE_EXHAUSTED_PRIMALITY_UNASSIGNED,514,512,512,NO_RECORDED_FACTOR_PRP_OR_LL_RESULT_AND_NO_ACTIVE_GIMPS_ASSIGNMENT,2026-08-09T04:34:14+00:00,UNALLOCATED,,,,,
SLCMP1765-3679,3679,3679,583684973,2^583684973-1,STRUCTURAL_SCREEN_EXHAUSTED_PRIMALITY_UNASSIGNED,GF3A_DIRECTIONAL_WRITE_EXHAUSTED_PRIMALITY_UNASSIGNED,513,512,512,NO_RECORDED_FACTOR_PRP_OR_LL_RESULT_AND_NO_ACTIVE_GIMPS_ASSIGNMENT,2026-08-09T04:34:14+00:00,UNALLOCATED,,,,,
SLCMP1765-3680,3680,3680,583685093,2^583685093-1,STRUCTURAL_SCREEN_EXHAUSTED_PRIMALITY_UNASSIGNED,GF3A_DIRECTIONAL_WRITE_EXHAUSTED_PRIMALITY_UNASSIGNED,513,512,512,NO_RECORDED_FACTOR_PRP_OR_LL_RESULT_AND_NO_ACTIVE_GIMPS_ASSIGNMENT,2026-08-09T04:34:14+00:00,UNALLOCATED,,,,,
SLCMP1765-3681,3681,3681,583685129,2^583685129-1,STRUCTURAL_SCREEN_EXHAUSTED_PRIMALITY_UNASSIGNED,GF3A_DIRECTIONAL_WRITE_EXHAUSTED_PRIMALITY_UNASSIGNED,513,512,512,NO_RECORDED_FACTOR_PRP_OR_LL_RESULT_AND_NO_ACTIVE_GIMPS_ASSIGNMENT,2026-08-09T04:34:14+00:00,UNALLOCATED,,,,,
SLCMP1765-3682,3682,3682,583685159,2^583685159-1,STRUCTURAL_SCREEN_EXHAUSTED_PRIMALITY_UNASSIGNED,GF3A_DIRECTIONAL_WRITE_EXHAUSTED_PRIMALITY_UNASSIGNED,514,512,512,NO_RECORDED_FACTOR_PRP_OR_LL_RESULT_AND_NO_ACTIVE_GIMPS_ASSIGNMENT,2026-08-09T04:34:14+00:00,UNALLOCATED,,,,,
SLCMP1765-3683,3683,3683,583685209,2^583685209-1,STRUCTURAL_SCREEN_EXHAUSTED_PRIMALITY_UNASSIGNED,GF3A_DIRECTIONAL_WRITE_EXHAUSTED_PRIMALITY_UNASSIGNED,513,512,512,NO_RECORDED_FACTOR_PRP_OR_LL_RESULT_AND_NO_ACTIVE_GIMPS_ASSIGNMENT,2026-08-09T04:34:14+00:00,UNALLOCATED,,,,,
SLCMP1765-3684,3684,3684,583685213,2^583685213-1,STRUCTURAL_SCREEN_EXHAUSTED_PRIMALITY_UNASSIGNED,GF3A_DIRECTIONAL_WRITE_EXHAUSTED_PRIMALITY_UNASSIGNED,513,512,512,NO_RECORDED_FACTOR_PRP_OR_LL_RESULT_AND_NO_ACTIVE_GIMPS_ASSIGNMENT,2026-08-09T04:34:14+00:00,UNALLOCATED,,,,,
SLCMP1765-3685,3685,3685,583685309,2^583685309-1,STRUCTURAL_SCREEN_EXHAUSTED_PRIMALITY_UNASSIGNED,GF3A_DIRECTIONAL_WRITE_EXHAUSTED_PRIMALITY_UNASSIGNED,513,512,512,NO_RECORDED_FACTOR_PRP_OR_LL_RESULT_AND_NO_ACTIVE_GIMPS_ASSIGNMENT,2026-08-09T04:34:14+00:00,UNALLOCATED,,,,,
SLCMP1765-3686,3686,3686,583685317,2^583685317-1,STRUCTURAL_SCREEN_EXHAUSTED_PRIMALITY_UNASSIGNED,GF3A_DIRECTIONAL_WRITE_EXHAUSTED_PRIMALITY_UNASSIGNED,513,512,512,NO_RECORDED_FACTOR_PRP_OR_LL_RESULT_AND_NO_ACTIVE_GIMPS_ASSIGNMENT,2026-08-09T04:34:14+00:00,UNALLOCATED,,,,,
SLCMP1765-3687,3687,3687,583685369,2^583685369-1,STRUCTURAL_SCREEN_EXHAUSTED_PRIMALITY_UNASSIGNED,GF3A_DIRECTIONAL_WRITE_EXHAUSTED_PRIMALITY_UNASSIGNED,513,512,512,NO_RECORDED_FACTOR_PRP_OR_LL_RESULT_AND_NO_ACTIVE_GIMPS_ASSIGNMENT,2026-08-09T04:34:14+00:00,UNALLOCATED,,,,,
SLCMP1765-3688,3688,3688,583685387,2^583685387-1,STRUCTURAL_SCREEN_EXHAUSTED_PRIMALITY_UNASSIGNED,GF3A_DIRECTIONAL_WRITE_EXHAUSTED_PRIMALITY_UNASSIGNED,514,512,512,NO_RECORDED_FACTOR_PRP_OR_LL_RESULT_AND_NO_ACTIVE_GIMPS_ASSIGNMENT,2026-08-09T04:34:14+00:00,UNALLOCATED,,,,,
SLCMP1765-3689,3689,3689,583685437,2^583685437-1,STRUCTURAL_SCREEN_EXHAUSTED_PRIMALITY_UNASSIGNED,GF3A_DIRECTIONAL_WRITE_EXHAUSTED_PRIMALITY_UNASSIGNED,513,512,512,NO_RECORDED_FACTOR_PRP_OR_LL_RESULT_AND_NO_ACTIVE_GIMPS_ASSIGNMENT,2026-08-09T04:34:14+00:00,UNALLOCATED,,,,,
SLCMP1765-3690,3690,3690,583685503,2^583685503-1,STRUCTURAL_SCREEN_EXHAUSTED_PRIMALITY_UNASSIGNED,GF3A_DIRECTIONAL_WRITE_EXHAUSTED_PRIMALITY_UNASSIGNED,514,512,512,NO_RECORDED_FACTOR_PRP_OR_LL_RESULT_AND_NO_ACTIVE_GIMPS_ASSIGNMENT,2026-08-09T04:34:14+00:00,UNALLOCATED,,,,,
SLCMP1765-3691,3691,3691,583685521,2^583685521-1,STRUCTURAL_SCREEN_EXHAUSTED_PRIMALITY_UNASSIGNED,GF3A_DIRECTIONAL_WRITE_EXHAUSTED_PRIMALITY_UNASSIGNED,513,512,512,NO_RECORDED_FACTOR_PRP_OR_LL_RESULT_AND_NO_ACTIVE_GIMPS_ASSIGNMENT,2026-08-09T04:34:14+00:00,UNALLOCATED,,,,,
SLCMP1765-3692,3692,3692,583685539,2^583685539-1,STRUCTURAL_SCREEN_EXHAUSTED_PRIMALITY_UNASSIGNED,GF3A_DIRECTIONAL_WRITE_EXHAUSTED_PRIMALITY_UNASSIGNED,514,512,512,NO_RECORDED_FACTOR_PRP_OR_LL_RESULT_AND_NO_ACTIVE_GIMPS_ASSIGNMENT,2026-08-09T04:34:14+00:00,UNALLOCATED,,,,,
SLCMP1765-3693,3693,3693,583685573,2^583685573-1,STRUCTURAL_SCREEN_EXHAUSTED_PRIMALITY_UNASSIGNED,GF3A_DIRECTIONAL_WRITE_EXHAUSTED_PRIMALITY_UNASSIGNED,513,512,512,NO_RECORDED_FACTOR_PRP_OR_LL_RESULT_AND_NO_ACTIVE_GIMPS_ASSIGNMENT,2026-08-09T04:34:14+00:00,UNALLOCATED,,,,,
SLCMP1765-3694,3694,3694,583685647,2^583685647-1,STRUCTURAL_SCREEN_EXHAUSTED_PRIMALITY_UNASSIGNED,GF3A_DIRECTIONAL_WRITE_EXHAUSTED_PRIMALITY_UNASSIGNED,514,512,512,NO_RECORDED_FACTOR_PRP_OR_LL_RESULT_AND_NO_ACTIVE_GIMPS_ASSIGNMENT,2026-08-09T04:34:14+00:00,UNALLOCATED,,,,,
SLCMP1765-3695,3695,3695,583685657,2^583685657-1,STRUCTURAL_SCREEN_EXHAUSTED_PRIMALITY_UNASSIGNED,GF3A_DIRECTIONAL_WRITE_EXHAUSTED_PRIMALITY_UNASSIGNED,513,512,512,NO_RECORDED_FACTOR_PRP_OR_LL_RESULT_AND_NO_ACTIVE_GIMPS_ASSIGNMENT,2026-08-09T04:34:14+00:00,UNALLOCATED,,,,,
SLCMP1765-3696,3696,3696,583685689,2^583685689-1,STRUCTURAL_SCREEN_EXHAUSTED_PRIMALITY_UNASSIGNED,GF3A_DIRECTIONAL_WRITE_EXHAUSTED_PRIMALITY_UNASSIGNED,513,512,512,NO_RECORDED_FACTOR_PRP_OR_LL_RESULT_AND_NO_ACTIVE_GIMPS_ASSIGNMENT,2026-08-09T04:34:14+00:00,UNALLOCATED,,,,,
SLCMP1765-3697,3697,3697,583685747,2^583685747-1,STRUCTURAL_SCREEN_EXHAUSTED_PRIMALITY_UNASSIGNED,GF3A_DIRECTIONAL_WRITE_EXHAUSTED_PRIMALITY_UNASSIGNED,514,512,512,NO_RECORDED_FACTOR_PRP_OR_LL_RESULT_AND_NO_ACTIVE_GIMPS_ASSIGNMENT,2026-08-09T04:34:14+00:00,UNALLOCATED,,,,,
SLCMP1765-3698,3698,3698,583685857,2^583685857-1,STRUCTURAL_SCREEN_EXHAUSTED_PRIMALITY_UNASSIGNED,GF3A_DIRECTIONAL_WRITE_EXHAUSTED_PRIMALITY_UNASSIGNED,513,512,512,NO_RECORDED_FACTOR_PRP_OR_LL_RESULT_AND_NO_ACTIVE_GIMPS_ASSIGNMENT,2026-08-09T04:34:14+00:00,UNALLOCATED,,,,,
SLCMP1765-3699,3699,3699,583685917,2^583685917-1,STRUCTURAL_SCREEN_EXHAUSTED_PRIMALITY_UNASSIGNED,GF3A_DIRECTIONAL_WRITE_EXHAUSTED_PRIMALITY_UNASSIGNED,513,512,512,NO_RECORDED_FACTOR_PRP_OR_LL_RESULT_AND_NO_ACTIVE_GIMPS_ASSIGNMENT,2026-08-09T04:34:14+00:00,UNALLOCATED,,,,,
SLCMP1765-3700,3700,3700,583685923,2^583685923-1,STRUCTURAL_SCREEN_EXHAUSTED_PRIMALITY_UNASSIGNED,GF3A_DIRECTIONAL_WRITE_EXHAUSTED_PRIMALITY_UNASSIGNED,514,512,512,NO_RECORDED_FACTOR_PRP_OR_LL_RESULT_AND_NO_ACTIVE_GIMPS_ASSIGNMENT,2026-08-09T04:34:14+00:00,UNALLOCATED,,,,,
SLCMP1765-3701,3701,3701,583686017,2^583686017-1,STRUCTURAL_SCREEN_EXHAUSTED_PRIMALITY_UNASSIGNED,GF3A_DIRECTIONAL_WRITE_EXHAUSTED_PRIMALITY_UNASSIGNED,513,512,512,NO_RECORDED_FACTOR_PRP_OR_LL_RESULT_AND_NO_ACTIVE_GIMPS_ASSIGNMENT,2026-08-09T04:34:14+00:00,UNALLOCATED,,,,,
SLCMP1765-3702,3702,3702,583686029,2^583686029-1,STRUCTURAL_SCREEN_EXHAUSTED_PRIMALITY_UNASSIGNED,GF3A_DIRECTIONAL_WRITE_EXHAUSTED_PRIMALITY_UNASSIGNED,513,512,512,NO_RECORDED_FACTOR_PRP_OR_LL_RESULT_AND_NO_ACTIVE_GIMPS_ASSIGNMENT,2026-08-09T04:34:14+00:00,UNALLOCATED,,,,,
SLCMP1765-3703,3703,3703,583686053,2^583686053-1,STRUCTURAL_SCREEN_EXHAUSTED_PRIMALITY_UNASSIGNED,GF3A_DIRECTIONAL_WRITE_EXHAUSTED_PRIMALITY_UNASSIGNED,513,512,512,NO_RECORDED_FACTOR_PRP_OR_LL_RESULT_AND_NO_ACTIVE_GIMPS_ASSIGNMENT,2026-08-09T04:34:14+00:00,UNALLOCATED,,,,,
SLCMP1765-3704,3704,3704,583686107,2^583686107-1,STRUCTURAL_SCREEN_EXHAUSTED_PRIMALITY_UNASSIGNED,GF3A_DIRECTIONAL_WRITE_EXHAUSTED_PRIMALITY_UNASSIGNED,514,512,512,NO_RECORDED_FACTOR_PRP_OR_LL_RESULT_AND_NO_ACTIVE_GIMPS_ASSIGNMENT,2026-08-09T04:34:14+00:00,UNALLOCATED,,,,,
SLCMP1765-3705,3705,3705,583686113,2^583686113-1,STRUCTURAL_SCREEN_EXHAUSTED_PRIMALITY_UNASSIGNED,GF3A_DIRECTIONAL_WRITE_EXHAUSTED_PRIMALITY_UNASSIGNED,513,512,512,NO_RECORDED_FACTOR_PRP_OR_LL_RESULT_AND_NO_ACTIVE_GIMPS_ASSIGNMENT,2026-08-09T04:34:14+00:00,UNALLOCATED,,,,,
SLCMP1765-3706,3706,3706,583686329,2^583686329-1,STRUCTURAL_SCREEN_EXHAUSTED_PRIMALITY_UNASSIGNED,GF3A_DIRECTIONAL_WRITE_EXHAUSTED_PRIMALITY_UNASSIGNED,513,512,512,NO_RECORDED_FACTOR_PRP_OR_LL_RESULT_AND_NO_ACTIVE_GIMPS_ASSIGNMENT,2026-08-09T04:34:14+00:00,UNALLOCATED,,,,,
SLCMP1765-3707,3707,3707,583686409,2^583686409-1,STRUCTURAL_SCREEN_EXHAUSTED_PRIMALITY_UNASSIGNED,GF3A_DIRECTIONAL_WRITE_EXHAUSTED_PRIMALITY_UNASSIGNED,513,512,512,NO_RECORDED_FACTOR_PRP_OR_LL_RESULT_AND_NO_ACTIVE_GIMPS_ASSIGNMENT,2026-08-09T04:34:14+00:00,UNALLOCATED,,,,,
SLCMP1765-3708,3708,3708,583686419,2^583686419-1,STRUCTURAL_SCREEN_EXHAUSTED_PRIMALITY_UNASSIGNED,GF3A_DIRECTIONAL_WRITE_EXHAUSTED_PRIMALITY_UNASSIGNED,514,512,512,NO_RECORDED_FACTOR_PRP_OR_LL_RESULT_AND_NO_ACTIVE_GIMPS_ASSIGNMENT,2026-08-09T04:34:14+00:00,UNALLOCATED,,,,,
SLCMP1765-3709,3709,3709,583686487,2^583686487-1,STRUCTURAL_SCREEN_EXHAUSTED_PRIMALITY_UNASSIGNED,GF3A_DIRECTIONAL_WRITE_EXHAUSTED_PRIMALITY_UNASSIGNED,514,512,512,NO_RECORDED_FACTOR_PRP_OR_LL_RESULT_AND_NO_ACTIVE_GIMPS_ASSIGNMENT,2026-08-09T04:34:14+00:00,UNALLOCATED,,,,,
SLCMP1765-3710,3710,3710,583686497,2^583686497-1,STRUCTURAL_SCREEN_EXHAUSTED_PRIMALITY_UNASSIGNED,GF3A_DIRECTIONAL_WRITE_EXHAUSTED_PRIMALITY_UNASSIGNED,513,512,512,NO_RECORDED_FACTOR_PRP_OR_LL_RESULT_AND_NO_ACTIVE_GIMPS_ASSIGNMENT,2026-08-09T04:34:14+00:00,UNALLOCATED,,,,,
SLCMP1765-3711,3711,3711,583686553,2^583686553-1,STRUCTURAL_SCREEN_EXHAUSTED_PRIMALITY_UNASSIGNED,GF3A_DIRECTIONAL_WRITE_EXHAUSTED_PRIMALITY_UNASSIGNED,513,512,512,NO_RECORDED_FACTOR_PRP_OR_LL_RESULT_AND_NO_ACTIVE_GIMPS_ASSIGNMENT,2026-08-09T04:34:14+00:00,UNALLOCATED,,,,,
SLCMP1765-3712,3712,3712,583686577,2^583686577-1,STRUCTURAL_SCREEN_EXHAUSTED_PRIMALITY_UNASSIGNED,GF3A_DIRECTIONAL_WRITE_EXHAUSTED_PRIMALITY_UNASSIGNED,513,512,512,NO_RECORDED_FACTOR_PRP_OR_LL_RESULT_AND_NO_ACTIVE_GIMPS_ASSIGNMENT,2026-08-09T04:34:14+00:00,UNALLOCATED,,,,,
SLCMP1765-3713,3713,3713,583686637,2^583686637-1,STRUCTURAL_SCREEN_EXHAUSTED_PRIMALITY_UNASSIGNED,GF3A_DIRECTIONAL_WRITE_EXHAUSTED_PRIMALITY_UNASSIGNED,513,512,512,NO_RECORDED_FACTOR_PRP_OR_LL_RESULT_AND_NO_ACTIVE_GIMPS_ASSIGNMENT,2026-08-09T04:34:14+00:00,UNALLOCATED,,,,,
SLCMP1765-3714,3714,3714,583686661,2^583686661-1,STRUCTURAL_SCREEN_EXHAUSTED_PRIMALITY_UNASSIGNED,GF3A_DIRECTIONAL_WRITE_EXHAUSTED_PRIMALITY_UNASSIGNED,513,512,512,NO_RECORDED_FACTOR_PRP_OR_LL_RESULT_AND_NO_ACTIVE_GIMPS_ASSIGNMENT,2026-08-09T04:34:14+00:00,UNALLOCATED,,,,,
SLCMP1765-3715,3715,3715,583686679,2^583686679-1,STRUCTURAL_SCREEN_EXHAUSTED_PRIMALITY_UNASSIGNED,GF3A_DIRECTIONAL_WRITE_EXHAUSTED_PRIMALITY_UNASSIGNED,514,512,512,NO_RECORDED_FACTOR_PRP_OR_LL_RESULT_AND_NO_ACTIVE_GIMPS_ASSIGNMENT,2026-08-09T04:34:14+00:00,UNALLOCATED,,,,,
SLCMP1765-3716,3716,3716,583686791,2^583686791-1,STRUCTURAL_SCREEN_EXHAUSTED_PRIMALITY_UNASSIGNED,GF3A_DIRECTIONAL_WRITE_EXHAUSTED_PRIMALITY_UNASSIGNED,514,512,512,NO_RECORDED_FACTOR_PRP_OR_LL_RESULT_AND_NO_ACTIVE_GIMPS_ASSIGNMENT,2026-08-09T04:34:14+00:00,UNALLOCATED,,,,,
SLCMP1765-3717,3717,3717,583686797,2^583686797-1,STRUCTURAL_SCREEN_EXHAUSTED_PRIMALITY_UNASSIGNED,GF3A_DIRECTIONAL_WRITE_EXHAUSTED_PRIMALITY_UNASSIGNED,513,512,512,NO_RECORDED_FACTOR_PRP_OR_LL_RESULT_AND_NO_ACTIVE_GIMPS_ASSIGNMENT,2026-08-09T04:34:14+00:00,UNALLOCATED,,,,,
SLCMP1765-3718,3718,3718,583686899,2^583686899-1,STRUCTURAL_SCREEN_EXHAUSTED_PRIMALITY_UNASSIGNED,GF3A_DIRECTIONAL_WRITE_EXHAUSTED_PRIMALITY_UNASSIGNED,514,512,512,NO_RECORDED_FACTOR_PRP_OR_LL_RESULT_AND_NO_ACTIVE_GIMPS_ASSIGNMENT,2026-08-09T04:34:14+00:00,UNALLOCATED,,,,,
SLCMP1765-3719,3719,3719,583686919,2^583686919-1,STRUCTURAL_SCREEN_EXHAUSTED_PRIMALITY_UNASSIGNED,GF3A_DIRECTIONAL_WRITE_EXHAUSTED_PRIMALITY_UNASSIGNED,514,512,512,NO_RECORDED_FACTOR_PRP_OR_LL_RESULT_AND_NO_ACTIVE_GIMPS_ASSIGNMENT,2026-08-09T04:34:14+00:00,UNALLOCATED,,,,,
SLCMP1765-3720,3720,3720,583687037,2^583687037-1,STRUCTURAL_SCREEN_EXHAUSTED_PRIMALITY_UNASSIGNED,GF3A_DIRECTIONAL_WRITE_EXHAUSTED_PRIMALITY_UNASSIGNED,513,512,512,NO_RECORDED_FACTOR_PRP_OR_LL_RESULT_AND_NO_ACTIVE_GIMPS_ASSIGNMENT,2026-08-09T04:34:14+00:00,UNALLOCATED,,,,,
SLCMP1765-3721,3721,3721,583687133,2^583687133-1,STRUCTURAL_SCREEN_EXHAUSTED_PRIMALITY_UNASSIGNED,GF3A_DIRECTIONAL_WRITE_EXHAUSTED_PRIMALITY_UNASSIGNED,513,512,512,NO_RECORDED_FACTOR_PRP_OR_LL_RESULT_AND_NO_ACTIVE_GIMPS_ASSIGNMENT,2026-08-09T04:34:14+00:00,UNALLOCATED,,,,,
SLCMP1765-3722,3722,3722,583687151,2^583687151-1,STRUCTURAL_SCREEN_EXHAUSTED_PRIMALITY_UNASSIGNED,GF3A_DIRECTIONAL_WRITE_EXHAUSTED_PRIMALITY_UNASSIGNED,514,512,512,NO_RECORDED_FACTOR_PRP_OR_LL_RESULT_AND_NO_ACTIVE_GIMPS_ASSIGNMENT,2026-08-09T04:34:14+00:00,UNALLOCATED,,,,,
SLCMP1765-3723,3723,3723,583687157,2^583687157-1,STRUCTURAL_SCREEN_EXHAUSTED_PRIMALITY_UNASSIGNED,GF3A_DIRECTIONAL_WRITE_EXHAUSTED_PRIMALITY_UNASSIGNED,513,512,512,NO_RECORDED_FACTOR_PRP_OR_LL_RESULT_AND_NO_ACTIVE_GIMPS_ASSIGNMENT,2026-08-09T04:34:14+00:00,UNALLOCATED,,,,,
SLCMP1765-3724,3724,3724,583687249,2^583687249-1,STRUCTURAL_SCREEN_EXHAUSTED_PRIMALITY_UNASSIGNED,GF3A_DIRECTIONAL_WRITE_EXHAUSTED_PRIMALITY_UNASSIGNED,513,512,512,NO_RECORDED_FACTOR_PRP_OR_LL_RESULT_AND_NO_ACTIVE_GIMPS_ASSIGNMENT,2026-08-09T04:34:14+00:00,UNALLOCATED,,,,,
SLCMP1765-3725,3725,3725,583687309,2^583687309-1,STRUCTURAL_SCREEN_EXHAUSTED_PRIMALITY_UNASSIGNED,GF3A_DIRECTIONAL_WRITE_EXHAUSTED_PRIMALITY_UNASSIGNED,513,512,512,NO_RECORDED_FACTOR_PRP_OR_LL_RESULT_AND_NO_ACTIVE_GIMPS_ASSIGNMENT,2026-08-09T04:34:14+00:00,UNALLOCATED,,,,,
SLCMP1765-3726,3726,3726,583687319,2^583687319-1,STRUCTURAL_SCREEN_EXHAUSTED_PRIMALITY_UNASSIGNED,GF3A_DIRECTIONAL_WRITE_EXHAUSTED_PRIMALITY_UNASSIGNED,514,512,512,NO_RECORDED_FACTOR_PRP_OR_LL_RESULT_AND_NO_ACTIVE_GIMPS_ASSIGNMENT,2026-08-09T04:34:14+00:00,UNALLOCATED,,,,,
SLCMP1765-3727,3727,3727,583687373,2^583687373-1,STRUCTURAL_SCREEN_EXHAUSTED_PRIMALITY_UNASSIGNED,GF3A_DIRECTIONAL_WRITE_EXHAUSTED_PRIMALITY_UNASSIGNED,513,512,512,NO_RECORDED_FACTOR_PRP_OR_LL_RESULT_AND_NO_ACTIVE_GIMPS_ASSIGNMENT,2026-08-09T04:34:14+00:00,UNALLOCATED,,,,,
SLCMP1765-3728,3728,3728,583687483,2^583687483-1,STRUCTURAL_SCREEN_EXHAUSTED_PRIMALITY_UNASSIGNED,GF3A_DIRECTIONAL_WRITE_EXHAUSTED_PRIMALITY_UNASSIGNED,514,512,512,NO_RECORDED_FACTOR_PRP_OR_LL_RESULT_AND_NO_ACTIVE_GIMPS_ASSIGNMENT,2026-08-09T04:34:14+00:00,UNALLOCATED,,,,,
SLCMP1765-3729,3729,3729,583687523,2^583687523-1,STRUCTURAL_SCREEN_EXHAUSTED_PRIMALITY_UNASSIGNED,GF3A_DIRECTIONAL_WRITE_EXHAUSTED_PRIMALITY_UNASSIGNED,514,512,512,NO_RECORDED_FACTOR_PRP_OR_LL_RESULT_AND_NO_ACTIVE_GIMPS_ASSIGNMENT,2026-08-09T04:34:14+00:00,UNALLOCATED,,,,,
SLCMP1765-3730,3730,3730,583687607,2^583687607-1,STRUCTURAL_SCREEN_EXHAUSTED_PRIMALITY_UNASSIGNED,GF3A_DIRECTIONAL_WRITE_EXHAUSTED_PRIMALITY_UNASSIGNED,514,512,512,NO_RECORDED_FACTOR_PRP_OR_LL_RESULT_AND_NO_ACTIVE_GIMPS_ASSIGNMENT,2026-08-09T04:34:14+00:00,UNALLOCATED,,,,,
SLCMP1765-3731,3731,3731,583687627,2^583687627-1,STRUCTURAL_SCREEN_EXHAUSTED_PRIMALITY_UNASSIGNED,GF3A_DIRECTIONAL_WRITE_EXHAUSTED_PRIMALITY_UNASSIGNED,514,512,512,NO_RECORDED_FACTOR_PRP_OR_LL_RESULT_AND_NO_ACTIVE_GIMPS_ASSIGNMENT,2026-08-09T04:34:14+00:00,UNALLOCATED,,,,,
SLCMP1765-3732,3732,3732,583687693,2^583687693-1,STRUCTURAL_SCREEN_EXHAUSTED_PRIMALITY_UNASSIGNED,GF3A_DIRECTIONAL_WRITE_EXHAUSTED_PRIMALITY_UNASSIGNED,513,512,512,NO_RECORDED_FACTOR_PRP_OR_LL_RESULT_AND_NO_ACTIVE_GIMPS_ASSIGNMENT,2026-08-09T04:34:14+00:00,UNALLOCATED,,,,,
SLCMP1765-3733,3733,3733,583687903,2^583687903-1,STRUCTURAL_SCREEN_EXHAUSTED_PRIMALITY_UNASSIGNED,GF3A_DIRECTIONAL_WRITE_EXHAUSTED_PRIMALITY_UNASSIGNED,514,512,512,NO_RECORDED_FACTOR_PRP_OR_LL_RESULT_AND_NO_ACTIVE_GIMPS_ASSIGNMENT,2026-08-09T04:34:14+00:00,UNALLOCATED,,,,,
SLCMP1765-3734,3734,3734,583687943,2^583687943-1,STRUCTURAL_SCREEN_EXHAUSTED_PRIMALITY_UNASSIGNED,GF3A_DIRECTIONAL_WRITE_EXHAUSTED_PRIMALITY_UNASSIGNED,514,512,512,NO_RECORDED_FACTOR_PRP_OR_LL_RESULT_AND_NO_ACTIVE_GIMPS_ASSIGNMENT,2026-08-09T04:34:14+00:00,UNALLOCATED,,,,,
SLCMP1765-3735,3735,3735,583688023,2^583688023-1,STRUCTURAL_SCREEN_EXHAUSTED_PRIMALITY_UNASSIGNED,GF3A_DIRECTIONAL_WRITE_EXHAUSTED_PRIMALITY_UNASSIGNED,514,512,512,NO_RECORDED_FACTOR_PRP_OR_LL_RESULT_AND_NO_ACTIVE_GIMPS_ASSIGNMENT,2026-08-09T04:34:14+00:00,UNALLOCATED,,,,,
SLCMP1765-3736,3736,3736,583688141,2^583688141-1,STRUCTURAL_SCREEN_EXHAUSTED_PRIMALITY_UNASSIGNED,GF3A_DIRECTIONAL_WRITE_EXHAUSTED_PRIMALITY_UNASSIGNED,513,512,512,NO_RECORDED_FACTOR_PRP_OR_LL_RESULT_AND_NO_ACTIVE_GIMPS_ASSIGNMENT,2026-08-09T04:34:14+00:00,UNALLOCATED,,,,,
SLCMP1765-3737,3737,3737,583688197,2^583688197-1,STRUCTURAL_SCREEN_EXHAUSTED_PRIMALITY_UNASSIGNED,GF3A_DIRECTIONAL_WRITE_EXHAUSTED_PRIMALITY_UNASSIGNED,513,512,512,NO_RECORDED_FACTOR_PRP_OR_LL_RESULT_AND_NO_ACTIVE_GIMPS_ASSIGNMENT,2026-08-09T04:34:14+00:00,UNALLOCATED,,,,,
SLCMP1765-3738,3738,3738,583688297,2^583688297-1,STRUCTURAL_SCREEN_EXHAUSTED_PRIMALITY_UNASSIGNED,GF3A_DIRECTIONAL_WRITE_EXHAUSTED_PRIMALITY_UNASSIGNED,513,512,512,NO_RECORDED_FACTOR_PRP_OR_LL_RESULT_AND_NO_ACTIVE_GIMPS_ASSIGNMENT,2026-08-09T04:34:14+00:00,UNALLOCATED,,,,,
SLCMP1765-3739,3739,3739,583688299,2^583688299-1,STRUCTURAL_SCREEN_EXHAUSTED_PRIMALITY_UNASSIGNED,GF3A_DIRECTIONAL_WRITE_EXHAUSTED_PRIMALITY_UNASSIGNED,514,512,512,NO_RECORDED_FACTOR_PRP_OR_LL_RESULT_AND_NO_ACTIVE_GIMPS_ASSIGNMENT,2026-08-09T04:34:14+00:00,UNALLOCATED,,,,,
SLCMP1765-3740,3740,3740,583688323,2^583688323-1,STRUCTURAL_SCREEN_EXHAUSTED_PRIMALITY_UNASSIGNED,GF3A_DIRECTIONAL_WRITE_EXHAUSTED_PRIMALITY_UNASSIGNED,514,512,512,NO_RECORDED_FACTOR_PRP_OR_LL_RESULT_AND_NO_ACTIVE_GIMPS_ASSIGNMENT,2026-08-09T04:34:14+00:00,UNALLOCATED,,,,,
SLCMP1765-3741,3741,3741,583688449,2^583688449-1,STRUCTURAL_SCREEN_EXHAUSTED_PRIMALITY_UNASSIGNED,GF3A_DIRECTIONAL_WRITE_EXHAUSTED_PRIMALITY_UNASSIGNED,513,512,512,NO_RECORDED_FACTOR_PRP_OR_LL_RESULT_AND_NO_ACTIVE_GIMPS_ASSIGNMENT,2026-08-09T04:34:14+00:00,UNALLOCATED,,,,,
SLCMP1765-3742,3742,3742,583688461,2^583688461-1,STRUCTURAL_SCREEN_EXHAUSTED_PRIMALITY_UNASSIGNED,GF3A_DIRECTIONAL_WRITE_EXHAUSTED_PRIMALITY_UNASSIGNED,513,512,512,NO_RECORDED_FACTOR_PRP_OR_LL_RESULT_AND_NO_ACTIVE_GIMPS_ASSIGNMENT,2026-08-09T04:34:14+00:00,UNALLOCATED,,,,,
SLCMP1765-3743,3743,3743,583688467,2^583688467-1,STRUCTURAL_SCREEN_EXHAUSTED_PRIMALITY_UNASSIGNED,GF3A_DIRECTIONAL_WRITE_EXHAUSTED_PRIMALITY_UNASSIGNED,514,512,512,NO_RECORDED_FACTOR_PRP_OR_LL_RESULT_AND_NO_ACTIVE_GIMPS_ASSIGNMENT,2026-08-09T04:34:14+00:00,UNALLOCATED,,,,,
SLCMP1765-3744,3744,3744,583688471,2^583688471-1,STRUCTURAL_SCREEN_EXHAUSTED_PRIMALITY_UNASSIGNED,GF3A_DIRECTIONAL_WRITE_EXHAUSTED_PRIMALITY_UNASSIGNED,514,512,512,NO_RECORDED_FACTOR_PRP_OR_LL_RESULT_AND_NO_ACTIVE_GIMPS_ASSIGNMENT,2026-08-09T04:34:14+00:00,UNALLOCATED,,,,,
SLCMP1765-3745,3745,3745,583688543,2^583688543-1,STRUCTURAL_SCREEN_EXHAUSTED_PRIMALITY_UNASSIGNED,GF3A_DIRECTIONAL_WRITE_EXHAUSTED_PRIMALITY_UNASSIGNED,514,512,512,NO_RECORDED_FACTOR_PRP_OR_LL_RESULT_AND_NO_ACTIVE_GIMPS_ASSIGNMENT,2026-08-09T04:34:14+00:00,UNALLOCATED,,,,,
SLCMP1765-3746,3746,3746,583688617,2^583688617-1,STRUCTURAL_SCREEN_EXHAUSTED_PRIMALITY_UNASSIGNED,GF3A_DIRECTIONAL_WRITE_EXHAUSTED_PRIMALITY_UNASSIGNED,513,512,512,NO_RECORDED_FACTOR_PRP_OR_LL_RESULT_AND_NO_ACTIVE_GIMPS_ASSIGNMENT,2026-08-09T04:34:14+00:00,UNALLOCATED,,,,,
SLCMP1765-3747,3747,3747,583688717,2^583688717-1,STRUCTURAL_SCREEN_EXHAUSTED_PRIMALITY_UNASSIGNED,GF3A_DIRECTIONAL_WRITE_EXHAUSTED_PRIMALITY_UNASSIGNED,513,512,512,NO_RECORDED_FACTOR_PRP_OR_LL_RESULT_AND_NO_ACTIVE_GIMPS_ASSIGNMENT,2026-08-09T04:34:14+00:00,UNALLOCATED,,,,,
SLCMP1765-3748,3748,3748,583688741,2^583688741-1,STRUCTURAL_SCREEN_EXHAUSTED_PRIMALITY_UNASSIGNED,GF3A_DIRECTIONAL_WRITE_EXHAUSTED_PRIMALITY_UNASSIGNED,513,512,512,NO_RECORDED_FACTOR_PRP_OR_LL_RESULT_AND_NO_ACTIVE_GIMPS_ASSIGNMENT,2026-08-09T04:34:14+00:00,UNALLOCATED,,,,,
SLCMP1765-3749,3749,3749,583688753,2^583688753-1,STRUCTURAL_SCREEN_EXHAUSTED_PRIMALITY_UNASSIGNED,GF3A_DIRECTIONAL_WRITE_EXHAUSTED_PRIMALITY_UNASSIGNED,513,512,512,NO_RECORDED_FACTOR_PRP_OR_LL_RESULT_AND_NO_ACTIVE_GIMPS_ASSIGNMENT,2026-08-09T04:34:14+00:00,UNALLOCATED,,,,,
SLCMP1765-3750,3750,3750,583688851,2^583688851-1,STRUCTURAL_SCREEN_EXHAUSTED_PRIMALITY_UNASSIGNED,GF3A_DIRECTIONAL_WRITE_EXHAUSTED_PRIMALITY_UNASSIGNED,514,512,512,NO_RECORDED_FACTOR_PRP_OR_LL_RESULT_AND_NO_ACTIVE_GIMPS_ASSIGNMENT,2026-08-09T04:34:14+00:00,UNALLOCATED,,,,,
SLCMP1765-3751,3751,3751,583688857,2^583688857-1,STRUCTURAL_SCREEN_EXHAUSTED_PRIMALITY_UNASSIGNED,GF3A_DIRECTIONAL_WRITE_EXHAUSTED_PRIMALITY_UNASSIGNED,513,512,512,NO_RECORDED_FACTOR_PRP_OR_LL_RESULT_AND_NO_ACTIVE_GIMPS_ASSIGNMENT,2026-08-09T04:34:14+00:00,UNALLOCATED,,,,,
SLCMP1765-3752,3752,3752,583688869,2^583688869-1,STRUCTURAL_SCREEN_EXHAUSTED_PRIMALITY_UNASSIGNED,GF3A_DIRECTIONAL_WRITE_EXHAUSTED_PRIMALITY_UNASSIGNED,513,512,512,NO_RECORDED_FACTOR_PRP_OR_LL_RESULT_AND_NO_ACTIVE_GIMPS_ASSIGNMENT,2026-08-09T04:34:14+00:00,UNALLOCATED,,,,,
SLCMP1765-3753,3753,3753,583688921,2^583688921-1,STRUCTURAL_SCREEN_EXHAUSTED_PRIMALITY_UNASSIGNED,GF3A_DIRECTIONAL_WRITE_EXHAUSTED_PRIMALITY_UNASSIGNED,513,512,512,NO_RECORDED_FACTOR_PRP_OR_LL_RESULT_AND_NO_ACTIVE_GIMPS_ASSIGNMENT,2026-08-09T04:34:14+00:00,UNALLOCATED,,,,,
SLCMP1765-3754,3754,3754,583688927,2^583688927-1,STRUCTURAL_SCREEN_EXHAUSTED_PRIMALITY_UNASSIGNED,GF3A_DIRECTIONAL_WRITE_EXHAUSTED_PRIMALITY_UNASSIGNED,514,512,512,NO_RECORDED_FACTOR_PRP_OR_LL_RESULT_AND_NO_ACTIVE_GIMPS_ASSIGNMENT,2026-08-09T04:34:14+00:00,UNALLOCATED,,,,,
SLCMP1765-3755,3755,3755,583688929,2^583688929-1,STRUCTURAL_SCREEN_EXHAUSTED_PRIMALITY_UNASSIGNED,GF3A_DIRECTIONAL_WRITE_EXHAUSTED_PRIMALITY_UNASSIGNED,513,512,512,NO_RECORDED_FACTOR_PRP_OR_LL_RESULT_AND_NO_ACTIVE_GIMPS_ASSIGNMENT,2026-08-09T04:34:14+00:00,UNALLOCATED,,,,,
SLCMP1765-3756,3756,3756,583689031,2^583689031-1,STRUCTURAL_SCREEN_EXHAUSTED_PRIMALITY_UNASSIGNED,GF3A_DIRECTIONAL_WRITE_EXHAUSTED_PRIMALITY_UNASSIGNED,514,512,512,NO_RECORDED_FACTOR_PRP_OR_LL_RESULT_AND_NO_ACTIVE_GIMPS_ASSIGNMENT,2026-08-09T04:34:14+00:00,UNALLOCATED,,,,,
SLCMP1765-3757,3757,3757,583689091,2^583689091-1,STRUCTURAL_SCREEN_EXHAUSTED_PRIMALITY_UNASSIGNED,GF3A_DIRECTIONAL_WRITE_EXHAUSTED_PRIMALITY_UNASSIGNED,514,512,512,NO_RECORDED_FACTOR_PRP_OR_LL_RESULT_AND_NO_ACTIVE_GIMPS_ASSIGNMENT,2026-08-09T04:34:14+00:00,UNALLOCATED,,,,,
SLCMP1765-3758,3758,3758,583689149,2^583689149-1,STRUCTURAL_SCREEN_EXHAUSTED_PRIMALITY_UNASSIGNED,GF3A_DIRECTIONAL_WRITE_EXHAUSTED_PRIMALITY_UNASSIGNED,513,512,512,NO_RECORDED_FACTOR_PRP_OR_LL_RESULT_AND_NO_ACTIVE_GIMPS_ASSIGNMENT,2026-08-09T04:34:14+00:00,UNALLOCATED,,,,,
SLCMP1765-3759,3759,3759,583689167,2^583689167-1,STRUCTURAL_SCREEN_EXHAUSTED_PRIMALITY_UNASSIGNED,GF3A_DIRECTIONAL_WRITE_EXHAUSTED_PRIMALITY_UNASSIGNED,514,512,512,NO_RECORDED_FACTOR_PRP_OR_LL_RESULT_AND_NO_ACTIVE_GIMPS_ASSIGNMENT,2026-08-09T04:34:14+00:00,UNALLOCATED,,,,,
SLCMP1765-3760,3760,3760,583689191,2^583689191-1,STRUCTURAL_SCREEN_EXHAUSTED_PRIMALITY_UNASSIGNED,GF3A_DIRECTIONAL_WRITE_EXHAUSTED_PRIMALITY_UNASSIGNED,514,512,512,NO_RECORDED_FACTOR_PRP_OR_LL_RESULT_AND_NO_ACTIVE_GIMPS_ASSIGNMENT,2026-08-09T04:34:14+00:00,UNALLOCATED,,,,,
SLCMP1765-3761,3761,3761,583689199,2^583689199-1,STRUCTURAL_SCREEN_EXHAUSTED_PRIMALITY_UNASSIGNED,GF3A_DIRECTIONAL_WRITE_EXHAUSTED_PRIMALITY_UNASSIGNED,514,512,512,NO_RECORDED_FACTOR_PRP_OR_LL_RESULT_AND_NO_ACTIVE_GIMPS_ASSIGNMENT,2026-08-09T04:34:14+00:00,UNALLOCATED,,,,,
SLCMP1765-3762,3762,3762,583689259,2^583689259-1,STRUCTURAL_SCREEN_EXHAUSTED_PRIMALITY_UNASSIGNED,GF3A_DIRECTIONAL_WRITE_EXHAUSTED_PRIMALITY_UNASSIGNED,514,512,512,NO_RECORDED_FACTOR_PRP_OR_LL_RESULT_AND_NO_ACTIVE_GIMPS_ASSIGNMENT,2026-08-09T04:34:14+00:00,UNALLOCATED,,,,,
SLCMP1765-3763,3763,3763,583689311,2^583689311-1,STRUCTURAL_SCREEN_EXHAUSTED_PRIMALITY_UNASSIGNED,GF3A_DIRECTIONAL_WRITE_EXHAUSTED_PRIMALITY_UNASSIGNED,514,512,512,NO_RECORDED_FACTOR_PRP_OR_LL_RESULT_AND_NO_ACTIVE_GIMPS_ASSIGNMENT,2026-08-09T04:34:14+00:00,UNALLOCATED,,,,,
SLCMP1765-3764,3764,3764,583689349,2^583689349-1,STRUCTURAL_SCREEN_EXHAUSTED_PRIMALITY_UNASSIGNED,GF3A_DIRECTIONAL_WRITE_EXHAUSTED_PRIMALITY_UNASSIGNED,513,512,512,NO_RECORDED_FACTOR_PRP_OR_LL_RESULT_AND_NO_ACTIVE_GIMPS_ASSIGNMENT,2026-08-09T04:34:14+00:00,UNALLOCATED,,,,,
SLCMP1765-3765,3765,3765,583689391,2^583689391-1,STRUCTURAL_SCREEN_EXHAUSTED_PRIMALITY_UNASSIGNED,GF3A_DIRECTIONAL_WRITE_EXHAUSTED_PRIMALITY_UNASSIGNED,514,512,512,NO_RECORDED_FACTOR_PRP_OR_LL_RESULT_AND_NO_ACTIVE_GIMPS_ASSIGNMENT,2026-08-09T04:34:14+00:00,UNALLOCATED,,,,,
SLCMP1765-3766,3766,3766,583689437,2^583689437-1,STRUCTURAL_SCREEN_EXHAUSTED_PRIMALITY_UNASSIGNED,GF3A_DIRECTIONAL_WRITE_EXHAUSTED_PRIMALITY_UNASSIGNED,513,512,512,NO_RECORDED_FACTOR_PRP_OR_LL_RESULT_AND_NO_ACTIVE_GIMPS_ASSIGNMENT,2026-08-09T04:34:14+00:00,UNALLOCATED,,,,,
SLCMP1765-3767,3767,3767,583689473,2^583689473-1,STRUCTURAL_SCREEN_EXHAUSTED_PRIMALITY_UNASSIGNED,GF3A_DIRECTIONAL_WRITE_EXHAUSTED_PRIMALITY_UNASSIGNED,513,512,512,NO_RECORDED_FACTOR_PRP_OR_LL_RESULT_AND_NO_ACTIVE_GIMPS_ASSIGNMENT,2026-08-09T04:34:14+00:00,UNALLOCATED,,,,,
SLCMP1765-3768,3768,3768,583689551,2^583689551-1,STRUCTURAL_SCREEN_EXHAUSTED_PRIMALITY_UNASSIGNED,GF3A_DIRECTIONAL_WRITE_EXHAUSTED_PRIMALITY_UNASSIGNED,514,512,512,NO_RECORDED_FACTOR_PRP_OR_LL_RESULT_AND_NO_ACTIVE_GIMPS_ASSIGNMENT,2026-08-09T04:34:14+00:00,UNALLOCATED,,,,,
SLCMP1765-3769,3769,3769,583689559,2^583689559-1,STRUCTURAL_SCREEN_EXHAUSTED_PRIMALITY_UNASSIGNED,GF3A_DIRECTIONAL_WRITE_EXHAUSTED_PRIMALITY_UNASSIGNED,514,512,512,NO_RECORDED_FACTOR_PRP_OR_LL_RESULT_AND_NO_ACTIVE_GIMPS_ASSIGNMENT,2026-08-09T04:34:14+00:00,UNALLOCATED,,,,,
SLCMP1765-3770,3770,3770,583689619,2^583689619-1,STRUCTURAL_SCREEN_EXHAUSTED_PRIMALITY_UNASSIGNED,GF3A_DIRECTIONAL_WRITE_EXHAUSTED_PRIMALITY_UNASSIGNED,514,512,512,NO_RECORDED_FACTOR_PRP_OR_LL_RESULT_AND_NO_ACTIVE_GIMPS_ASSIGNMENT,2026-08-09T04:34:14+00:00,UNALLOCATED,,,,,
SLCMP1765-3771,3771,3771,583689833,2^583689833-1,STRUCTURAL_SCREEN_EXHAUSTED_PRIMALITY_UNASSIGNED,GF3A_DIRECTIONAL_WRITE_EXHAUSTED_PRIMALITY_UNASSIGNED,513,512,512,NO_RECORDED_FACTOR_PRP_OR_LL_RESULT_AND_NO_ACTIVE_GIMPS_ASSIGNMENT,2026-08-09T04:34:14+00:00,UNALLOCATED,,,,,
SLCMP1765-3772,3772,3772,583689893,2^583689893-1,STRUCTURAL_SCREEN_EXHAUSTED_PRIMALITY_UNASSIGNED,GF3A_DIRECTIONAL_WRITE_EXHAUSTED_PRIMALITY_UNASSIGNED,513,512,512,NO_RECORDED_FACTOR_PRP_OR_LL_RESULT_AND_NO_ACTIVE_GIMPS_ASSIGNMENT,2026-08-09T04:34:14+00:00,UNALLOCATED,,,,,
SLCMP1765-3773,3773,3773,583689943,2^583689943-1,STRUCTURAL_SCREEN_EXHAUSTED_PRIMALITY_UNASSIGNED,GF3A_DIRECTIONAL_WRITE_EXHAUSTED_PRIMALITY_UNASSIGNED,514,512,512,NO_RECORDED_FACTOR_PRP_OR_LL_RESULT_AND_NO_ACTIVE_GIMPS_ASSIGNMENT,2026-08-09T04:34:14+00:00,UNALLOCATED,,,,,
SLCMP1765-3774,3774,3774,583689949,2^583689949-1,STRUCTURAL_SCREEN_EXHAUSTED_PRIMALITY_UNASSIGNED,GF3A_DIRECTIONAL_WRITE_EXHAUSTED_PRIMALITY_UNASSIGNED,513,512,512,NO_RECORDED_FACTOR_PRP_OR_LL_RESULT_AND_NO_ACTIVE_GIMPS_ASSIGNMENT,2026-08-09T04:34:14+00:00,UNALLOCATED,,,,,
SLCMP1765-3775,3775,3775,583689959,2^583689959-1,STRUCTURAL_SCREEN_EXHAUSTED_PRIMALITY_UNASSIGNED,GF3A_DIRECTIONAL_WRITE_EXHAUSTED_PRIMALITY_UNASSIGNED,514,512,512,NO_RECORDED_FACTOR_PRP_OR_LL_RESULT_AND_NO_ACTIVE_GIMPS_ASSIGNMENT,2026-08-09T04:34:14+00:00,UNALLOCATED,,,,,
SLCMP1765-3776,3776,3776,583689973,2^583689973-1,STRUCTURAL_SCREEN_EXHAUSTED_PRIMALITY_UNASSIGNED,GF3A_DIRECTIONAL_WRITE_EXHAUSTED_PRIMALITY_UNASSIGNED,513,512,512,NO_RECORDED_FACTOR_PRP_OR_LL_RESULT_AND_NO_ACTIVE_GIMPS_ASSIGNMENT,2026-08-09T04:34:14+00:00,UNALLOCATED,,,,,
SLCMP1765-3777,3777,3777,583690033,2^583690033-1,STRUCTURAL_SCREEN_EXHAUSTED_PRIMALITY_UNASSIGNED,GF3A_DIRECTIONAL_WRITE_EXHAUSTED_PRIMALITY_UNASSIGNED,513,512,512,NO_RECORDED_FACTOR_PRP_OR_LL_RESULT_AND_NO_ACTIVE_GIMPS_ASSIGNMENT,2026-08-09T04:34:14+00:00,UNALLOCATED,,,,,
SLCMP1765-3778,3778,3778,583690153,2^583690153-1,STRUCTURAL_SCREEN_EXHAUSTED_PRIMALITY_UNASSIGNED,GF3A_DIRECTIONAL_WRITE_EXHAUSTED_PRIMALITY_UNASSIGNED,513,512,512,NO_RECORDED_FACTOR_PRP_OR_LL_RESULT_AND_NO_ACTIVE_GIMPS_ASSIGNMENT,2026-08-09T04:34:14+00:00,UNALLOCATED,,,,,
SLCMP1765-3779,3779,3779,583690183,2^583690183-1,STRUCTURAL_SCREEN_EXHAUSTED_PRIMALITY_UNASSIGNED,GF3A_DIRECTIONAL_WRITE_EXHAUSTED_PRIMALITY_UNASSIGNED,514,512,512,NO_RECORDED_FACTOR_PRP_OR_LL_RESULT_AND_NO_ACTIVE_GIMPS_ASSIGNMENT,2026-08-09T04:34:14+00:00,UNALLOCATED,,,,,
SLCMP1765-3780,3780,3780,583690187,2^583690187-1,STRUCTURAL_SCREEN_EXHAUSTED_PRIMALITY_UNASSIGNED,GF3A_DIRECTIONAL_WRITE_EXHAUSTED_PRIMALITY_UNASSIGNED,514,512,512,NO_RECORDED_FACTOR_PRP_OR_LL_RESULT_AND_NO_ACTIVE_GIMPS_ASSIGNMENT,2026-08-09T04:34:14+00:00,UNALLOCATED,,,,,
SLCMP1765-3781,3781,3781,583690201,2^583690201-1,STRUCTURAL_SCREEN_EXHAUSTED_PRIMALITY_UNASSIGNED,GF3A_DIRECTIONAL_WRITE_EXHAUSTED_PRIMALITY_UNASSIGNED,513,512,512,NO_RECORDED_FACTOR_PRP_OR_LL_RESULT_AND_NO_ACTIVE_GIMPS_ASSIGNMENT,2026-08-09T04:34:14+00:00,UNALLOCATED,,,,,
SLCMP1765-3782,3782,3782,583690231,2^583690231-1,STRUCTURAL_SCREEN_EXHAUSTED_PRIMALITY_UNASSIGNED,GF3A_DIRECTIONAL_WRITE_EXHAUSTED_PRIMALITY_UNASSIGNED,514,512,512,NO_RECORDED_FACTOR_PRP_OR_LL_RESULT_AND_NO_ACTIVE_GIMPS_ASSIGNMENT,2026-08-09T04:34:14+00:00,UNALLOCATED,,,,,
SLCMP1765-3783,3783,3783,583690421,2^583690421-1,STRUCTURAL_SCREEN_EXHAUSTED_PRIMALITY_UNASSIGNED,GF3A_DIRECTIONAL_WRITE_EXHAUSTED_PRIMALITY_UNASSIGNED,513,512,512,NO_RECORDED_FACTOR_PRP_OR_LL_RESULT_AND_NO_ACTIVE_GIMPS_ASSIGNMENT,2026-08-09T04:34:14+00:00,UNALLOCATED,,,,,
SLCMP1765-3784,3784,3784,583690439,2^583690439-1,STRUCTURAL_SCREEN_EXHAUSTED_PRIMALITY_UNASSIGNED,GF3A_DIRECTIONAL_WRITE_EXHAUSTED_PRIMALITY_UNASSIGNED,514,512,512,NO_RECORDED_FACTOR_PRP_OR_LL_RESULT_AND_NO_ACTIVE_GIMPS_ASSIGNMENT,2026-08-09T04:34:14+00:00,UNALLOCATED,,,,,
SLCMP1765-3785,3785,3785,583690567,2^583690567-1,STRUCTURAL_SCREEN_EXHAUSTED_PRIMALITY_UNASSIGNED,GF3A_DIRECTIONAL_WRITE_EXHAUSTED_PRIMALITY_UNASSIGNED,514,512,512,NO_RECORDED_FACTOR_PRP_OR_LL_RESULT_AND_NO_ACTIVE_GIMPS_ASSIGNMENT,2026-08-09T04:34:14+00:00,UNALLOCATED,,,,,
SLCMP1765-3786,3786,3786,583690589,2^583690589-1,STRUCTURAL_SCREEN_EXHAUSTED_PRIMALITY_UNASSIGNED,GF3A_DIRECTIONAL_WRITE_EXHAUSTED_PRIMALITY_UNASSIGNED,513,512,512,NO_RECORDED_FACTOR_PRP_OR_LL_RESULT_AND_NO_ACTIVE_GIMPS_ASSIGNMENT,2026-08-09T04:34:14+00:00,UNALLOCATED,,,,,
SLCMP1765-3787,3787,3787,583690649,2^583690649-1,STRUCTURAL_SCREEN_EXHAUSTED_PRIMALITY_UNASSIGNED,GF3A_DIRECTIONAL_WRITE_EXHAUSTED_PRIMALITY_UNASSIGNED,513,512,512,NO_RECORDED_FACTOR_PRP_OR_LL_RESULT_AND_NO_ACTIVE_GIMPS_ASSIGNMENT,2026-08-09T04:34:14+00:00,UNALLOCATED,,,,,
SLCMP1765-3788,3788,3788,583690753,2^583690753-1,STRUCTURAL_SCREEN_EXHAUSTED_PRIMALITY_UNASSIGNED,GF3A_DIRECTIONAL_WRITE_EXHAUSTED_PRIMALITY_UNASSIGNED,513,512,512,NO_RECORDED_FACTOR_PRP_OR_LL_RESULT_AND_NO_ACTIVE_GIMPS_ASSIGNMENT,2026-08-09T04:34:14+00:00,UNALLOCATED,,,,,
SLCMP1765-3789,3789,3789,583690763,2^583690763-1,STRUCTURAL_SCREEN_EXHAUSTED_PRIMALITY_UNASSIGNED,GF3A_DIRECTIONAL_WRITE_EXHAUSTED_PRIMALITY_UNASSIGNED,514,512,512,NO_RECORDED_FACTOR_PRP_OR_LL_RESULT_AND_NO_ACTIVE_GIMPS_ASSIGNMENT,2026-08-09T04:34:14+00:00,UNALLOCATED,,,,,
SLCMP1765-3790,3790,3790,583690841,2^583690841-1,STRUCTURAL_SCREEN_EXHAUSTED_PRIMALITY_UNASSIGNED,GF3A_DIRECTIONAL_WRITE_EXHAUSTED_PRIMALITY_UNASSIGNED,513,512,512,NO_RECORDED_FACTOR_PRP_OR_LL_RESULT_AND_NO_ACTIVE_GIMPS_ASSIGNMENT,2026-08-09T04:34:14+00:00,UNALLOCATED,,,,,
SLCMP1765-3791,3791,3791,583690879,2^583690879-1,STRUCTURAL_SCREEN_EXHAUSTED_PRIMALITY_UNASSIGNED,GF3A_DIRECTIONAL_WRITE_EXHAUSTED_PRIMALITY_UNASSIGNED,514,512,512,NO_RECORDED_FACTOR_PRP_OR_LL_RESULT_AND_NO_ACTIVE_GIMPS_ASSIGNMENT,2026-08-09T04:34:14+00:00,UNALLOCATED,,,,,
SLCMP1765-3792,3792,3792,583690889,2^583690889-1,STRUCTURAL_SCREEN_EXHAUSTED_PRIMALITY_UNASSIGNED,GF3A_DIRECTIONAL_WRITE_EXHAUSTED_PRIMALITY_UNASSIGNED,513,512,512,NO_RECORDED_FACTOR_PRP_OR_LL_RESULT_AND_NO_ACTIVE_GIMPS_ASSIGNMENT,2026-08-09T04:34:14+00:00,UNALLOCATED,,,,,
SLCMP1765-3793,3793,3793,583690969,2^583690969-1,STRUCTURAL_SCREEN_EXHAUSTED_PRIMALITY_UNASSIGNED,GF3A_DIRECTIONAL_WRITE_EXHAUSTED_PRIMALITY_UNASSIGNED,513,512,512,NO_RECORDED_FACTOR_PRP_OR_LL_RESULT_AND_NO_ACTIVE_GIMPS_ASSIGNMENT,2026-08-09T04:34:14+00:00,UNALLOCATED,,,,,
SLCMP1765-3794,3794,3794,583691089,2^583691089-1,STRUCTURAL_SCREEN_EXHAUSTED_PRIMALITY_UNASSIGNED,GF3A_DIRECTIONAL_WRITE_EXHAUSTED_PRIMALITY_UNASSIGNED,513,512,512,NO_RECORDED_FACTOR_PRP_OR_LL_RESULT_AND_NO_ACTIVE_GIMPS_ASSIGNMENT,2026-08-09T04:34:14+00:00,UNALLOCATED,,,,,
SLCMP1765-3795,3795,3795,583691161,2^583691161-1,STRUCTURAL_SCREEN_EXHAUSTED_PRIMALITY_UNASSIGNED,GF3A_DIRECTIONAL_WRITE_EXHAUSTED_PRIMALITY_UNASSIGNED,513,512,512,NO_RECORDED_FACTOR_PRP_OR_LL_RESULT_AND_NO_ACTIVE_GIMPS_ASSIGNMENT,2026-08-09T04:34:14+00:00,UNALLOCATED,,,,,
SLCMP1765-3796,3796,3796,583691183,2^583691183-1,STRUCTURAL_SCREEN_EXHAUSTED_PRIMALITY_UNASSIGNED,GF3A_DIRECTIONAL_WRITE_EXHAUSTED_PRIMALITY_UNASSIGNED,514,512,512,NO_RECORDED_FACTOR_PRP_OR_LL_RESULT_AND_NO_ACTIVE_GIMPS_ASSIGNMENT,2026-08-09T04:34:14+00:00,UNALLOCATED,,,,,
SLCMP1765-3797,3797,3797,583691321,2^583691321-1,STRUCTURAL_SCREEN_EXHAUSTED_PRIMALITY_UNASSIGNED,GF3A_DIRECTIONAL_WRITE_EXHAUSTED_PRIMALITY_UNASSIGNED,513,512,512,NO_RECORDED_FACTOR_PRP_OR_LL_RESULT_AND_NO_ACTIVE_GIMPS_ASSIGNMENT,2026-08-09T04:34:14+00:00,UNALLOCATED,,,,,
SLCMP1765-3798,3798,3798,583691333,2^583691333-1,STRUCTURAL_SCREEN_EXHAUSTED_PRIMALITY_UNASSIGNED,GF3A_DIRECTIONAL_WRITE_EXHAUSTED_PRIMALITY_UNASSIGNED,513,512,512,NO_RECORDED_FACTOR_PRP_OR_LL_RESULT_AND_NO_ACTIVE_GIMPS_ASSIGNMENT,2026-08-09T04:34:14+00:00,UNALLOCATED,,,,,
SLCMP1765-3799,3799,3799,583691387,2^583691387-1,STRUCTURAL_SCREEN_EXHAUSTED_PRIMALITY_UNASSIGNED,GF3A_DIRECTIONAL_WRITE_EXHAUSTED_PRIMALITY_UNASSIGNED,514,512,512,NO_RECORDED_FACTOR_PRP_OR_LL_RESULT_AND_NO_ACTIVE_GIMPS_ASSIGNMENT,2026-08-09T04:34:14+00:00,UNALLOCATED,,,,,
SLCMP1765-3800,3800,3800,583691399,2^583691399-1,STRUCTURAL_SCREEN_EXHAUSTED_PRIMALITY_UNASSIGNED,GF3A_DIRECTIONAL_WRITE_EXHAUSTED_PRIMALITY_UNASSIGNED,514,512,512,NO_RECORDED_FACTOR_PRP_OR_LL_RESULT_AND_NO_ACTIVE_GIMPS_ASSIGNMENT,2026-08-09T04:34:14+00:00,UNALLOCATED,,,,,
SLCMP1765-3801,3801,3801,583691473,2^583691473-1,STRUCTURAL_SCREEN_EXHAUSTED_PRIMALITY_UNASSIGNED,GF3A_DIRECTIONAL_WRITE_EXHAUSTED_PRIMALITY_UNASSIGNED,513,512,512,NO_RECORDED_FACTOR_PRP_OR_LL_RESULT_AND_NO_ACTIVE_GIMPS_ASSIGNMENT,2026-08-09T04:34:14+00:00,UNALLOCATED,,,,,
SLCMP1765-3802,3802,3802,583691519,2^583691519-1,STRUCTURAL_SCREEN_EXHAUSTED_PRIMALITY_UNASSIGNED,GF3A_DIRECTIONAL_WRITE_EXHAUSTED_PRIMALITY_UNASSIGNED,514,512,512,NO_RECORDED_FACTOR_PRP_OR_LL_RESULT_AND_NO_ACTIVE_GIMPS_ASSIGNMENT,2026-08-09T04:34:14+00:00,UNALLOCATED,,,,,
SLCMP1765-3803,3803,3803,583691711,2^583691711-1,STRUCTURAL_SCREEN_EXHAUSTED_PRIMALITY_UNASSIGNED,GF3A_DIRECTIONAL_WRITE_EXHAUSTED_PRIMALITY_UNASSIGNED,514,512,512,NO_RECORDED_FACTOR_PRP_OR_LL_RESULT_AND_NO_ACTIVE_GIMPS_ASSIGNMENT,2026-08-09T04:34:14+00:00,UNALLOCATED,,,,,
SLCMP1765-3804,3804,3804,583691743,2^583691743-1,STRUCTURAL_SCREEN_EXHAUSTED_PRIMALITY_UNASSIGNED,GF3A_DIRECTIONAL_WRITE_EXHAUSTED_PRIMALITY_UNASSIGNED,514,512,512,NO_RECORDED_FACTOR_PRP_OR_LL_RESULT_AND_NO_ACTIVE_GIMPS_ASSIGNMENT,2026-08-09T04:34:14+00:00,UNALLOCATED,,,,,
SLCMP1765-3805,3805,3805,583691749,2^583691749-1,STRUCTURAL_SCREEN_EXHAUSTED_PRIMALITY_UNASSIGNED,GF3A_DIRECTIONAL_WRITE_EXHAUSTED_PRIMALITY_UNASSIGNED,513,512,512,NO_RECORDED_FACTOR_PRP_OR_LL_RESULT_AND_NO_ACTIVE_GIMPS_ASSIGNMENT,2026-08-09T04:34:14+00:00,UNALLOCATED,,,,,
SLCMP1765-3806,3806,3806,583691863,2^583691863-1,STRUCTURAL_SCREEN_EXHAUSTED_PRIMALITY_UNASSIGNED,GF3A_DIRECTIONAL_WRITE_EXHAUSTED_PRIMALITY_UNASSIGNED,514,512,512,NO_RECORDED_FACTOR_PRP_OR_LL_RESULT_AND_NO_ACTIVE_GIMPS_ASSIGNMENT,2026-08-09T04:34:14+00:00,UNALLOCATED,,,,,
SLCMP1765-3807,3807,3807,583691959,2^583691959-1,STRUCTURAL_SCREEN_EXHAUSTED_PRIMALITY_UNASSIGNED,GF3A_DIRECTIONAL_WRITE_EXHAUSTED_PRIMALITY_UNASSIGNED,514,512,512,NO_RECORDED_FACTOR_PRP_OR_LL_RESULT_AND_NO_ACTIVE_GIMPS_ASSIGNMENT,2026-08-09T04:34:14+00:00,UNALLOCATED,,,,,
SLCMP1765-3808,3808,3808,583692073,2^583692073-1,STRUCTURAL_SCREEN_EXHAUSTED_PRIMALITY_UNASSIGNED,GF3A_DIRECTIONAL_WRITE_EXHAUSTED_PRIMALITY_UNASSIGNED,513,512,512,NO_RECORDED_FACTOR_PRP_OR_LL_RESULT_AND_NO_ACTIVE_GIMPS_ASSIGNMENT,2026-08-09T04:34:14+00:00,UNALLOCATED,,,,,
SLCMP1765-3809,3809,3809,583692097,2^583692097-1,STRUCTURAL_SCREEN_EXHAUSTED_PRIMALITY_UNASSIGNED,GF3A_DIRECTIONAL_WRITE_EXHAUSTED_PRIMALITY_UNASSIGNED,513,512,512,NO_RECORDED_FACTOR_PRP_OR_LL_RESULT_AND_NO_ACTIVE_GIMPS_ASSIGNMENT,2026-08-09T04:34:14+00:00,UNALLOCATED,,,,,
SLCMP1765-3810,3810,3810,583692101,2^583692101-1,STRUCTURAL_SCREEN_EXHAUSTED_PRIMALITY_UNASSIGNED,GF3A_DIRECTIONAL_WRITE_EXHAUSTED_PRIMALITY_UNASSIGNED,513,512,512,NO_RECORDED_FACTOR_PRP_OR_LL_RESULT_AND_NO_ACTIVE_GIMPS_ASSIGNMENT,2026-08-09T04:34:14+00:00,UNALLOCATED,,,,,
SLCMP1765-3811,3811,3811,583692157,2^583692157-1,STRUCTURAL_SCREEN_EXHAUSTED_PRIMALITY_UNASSIGNED,GF3A_DIRECTIONAL_WRITE_EXHAUSTED_PRIMALITY_UNASSIGNED,513,512,512,NO_RECORDED_FACTOR_PRP_OR_LL_RESULT_AND_NO_ACTIVE_GIMPS_ASSIGNMENT,2026-08-09T04:34:14+00:00,UNALLOCATED,,,,,
SLCMP1765-3812,3812,3812,583692259,2^583692259-1,STRUCTURAL_SCREEN_EXHAUSTED_PRIMALITY_UNASSIGNED,GF3A_DIRECTIONAL_WRITE_EXHAUSTED_PRIMALITY_UNASSIGNED,514,512,512,NO_RECORDED_FACTOR_PRP_OR_LL_RESULT_AND_NO_ACTIVE_GIMPS_ASSIGNMENT,2026-08-09T04:34:14+00:00,UNALLOCATED,,,,,
SLCMP1765-3813,3813,3813,583692269,2^583692269-1,STRUCTURAL_SCREEN_EXHAUSTED_PRIMALITY_UNASSIGNED,GF3A_DIRECTIONAL_WRITE_EXHAUSTED_PRIMALITY_UNASSIGNED,513,512,512,NO_RECORDED_FACTOR_PRP_OR_LL_RESULT_AND_NO_ACTIVE_GIMPS_ASSIGNMENT,2026-08-09T04:34:14+00:00,UNALLOCATED,,,,,
SLCMP1765-3814,3814,3814,583692283,2^583692283-1,STRUCTURAL_SCREEN_EXHAUSTED_PRIMALITY_UNASSIGNED,GF3A_DIRECTIONAL_WRITE_EXHAUSTED_PRIMALITY_UNASSIGNED,514,512,512,NO_RECORDED_FACTOR_PRP_OR_LL_RESULT_AND_NO_ACTIVE_GIMPS_ASSIGNMENT,2026-08-09T04:34:14+00:00,UNALLOCATED,,,,,
SLCMP1765-3815,3815,3815,583692289,2^583692289-1,STRUCTURAL_SCREEN_EXHAUSTED_PRIMALITY_UNASSIGNED,GF3A_DIRECTIONAL_WRITE_EXHAUSTED_PRIMALITY_UNASSIGNED,513,512,512,NO_RECORDED_FACTOR_PRP_OR_LL_RESULT_AND_NO_ACTIVE_GIMPS_ASSIGNMENT,2026-08-09T04:34:14+00:00,UNALLOCATED,,,,,
SLCMP1765-3816,3816,3816,583692301,2^583692301-1,STRUCTURAL_SCREEN_EXHAUSTED_PRIMALITY_UNASSIGNED,GF3A_DIRECTIONAL_WRITE_EXHAUSTED_PRIMALITY_UNASSIGNED,513,512,512,NO_RECORDED_FACTOR_PRP_OR_LL_RESULT_AND_NO_ACTIVE_GIMPS_ASSIGNMENT,2026-08-09T04:34:14+00:00,UNALLOCATED,,,,,
SLCMP1765-3817,3817,3817,583692323,2^583692323-1,STRUCTURAL_SCREEN_EXHAUSTED_PRIMALITY_UNASSIGNED,GF3A_DIRECTIONAL_WRITE_EXHAUSTED_PRIMALITY_UNASSIGNED,514,512,512,NO_RECORDED_FACTOR_PRP_OR_LL_RESULT_AND_NO_ACTIVE_GIMPS_ASSIGNMENT,2026-08-09T04:34:14+00:00,UNALLOCATED,,,,,
SLCMP1765-3818,3818,3818,583692457,2^583692457-1,STRUCTURAL_SCREEN_EXHAUSTED_PRIMALITY_UNASSIGNED,GF3A_DIRECTIONAL_WRITE_EXHAUSTED_PRIMALITY_UNASSIGNED,513,512,512,NO_RECORDED_FACTOR_PRP_OR_LL_RESULT_AND_NO_ACTIVE_GIMPS_ASSIGNMENT,2026-08-09T04:34:14+00:00,UNALLOCATED,,,,,
SLCMP1765-3819,3819,3819,583692481,2^583692481-1,STRUCTURAL_SCREEN_EXHAUSTED_PRIMALITY_UNASSIGNED,GF3A_DIRECTIONAL_WRITE_EXHAUSTED_PRIMALITY_UNASSIGNED,513,512,512,NO_RECORDED_FACTOR_PRP_OR_LL_RESULT_AND_NO_ACTIVE_GIMPS_ASSIGNMENT,2026-08-09T04:34:14+00:00,UNALLOCATED,,,,,
SLCMP1765-3820,3820,3820,583692589,2^583692589-1,STRUCTURAL_SCREEN_EXHAUSTED_PRIMALITY_UNASSIGNED,GF3A_DIRECTIONAL_WRITE_EXHAUSTED_PRIMALITY_UNASSIGNED,513,512,512,NO_RECORDED_FACTOR_PRP_OR_LL_RESULT_AND_NO_ACTIVE_GIMPS_ASSIGNMENT,2026-08-09T04:34:14+00:00,UNALLOCATED,,,,,
SLCMP1765-3821,3821,3821,583692611,2^583692611-1,STRUCTURAL_SCREEN_EXHAUSTED_PRIMALITY_UNASSIGNED,GF3A_DIRECTIONAL_WRITE_EXHAUSTED_PRIMALITY_UNASSIGNED,514,512,512,NO_RECORDED_FACTOR_PRP_OR_LL_RESULT_AND_NO_ACTIVE_GIMPS_ASSIGNMENT,2026-08-09T04:34:14+00:00,UNALLOCATED,,,,,
SLCMP1765-3822,3822,3822,583692619,2^583692619-1,STRUCTURAL_SCREEN_EXHAUSTED_PRIMALITY_UNASSIGNED,GF3A_DIRECTIONAL_WRITE_EXHAUSTED_PRIMALITY_UNASSIGNED,514,512,512,NO_RECORDED_FACTOR_PRP_OR_LL_RESULT_AND_NO_ACTIVE_GIMPS_ASSIGNMENT,2026-08-09T04:34:14+00:00,UNALLOCATED,,,,,
SLCMP1765-3823,3823,3823,583692661,2^583692661-1,STRUCTURAL_SCREEN_EXHAUSTED_PRIMALITY_UNASSIGNED,GF3A_DIRECTIONAL_WRITE_EXHAUSTED_PRIMALITY_UNASSIGNED,513,512,512,NO_RECORDED_FACTOR_PRP_OR_LL_RESULT_AND_NO_ACTIVE_GIMPS_ASSIGNMENT,2026-08-09T04:34:14+00:00,UNALLOCATED,,,,,
SLCMP1765-3824,3824,3824,583692701,2^583692701-1,STRUCTURAL_SCREEN_EXHAUSTED_PRIMALITY_UNASSIGNED,GF3A_DIRECTIONAL_WRITE_EXHAUSTED_PRIMALITY_UNASSIGNED,513,512,512,NO_RECORDED_FACTOR_PRP_OR_LL_RESULT_AND_NO_ACTIVE_GIMPS_ASSIGNMENT,2026-08-09T04:34:14+00:00,UNALLOCATED,,,,,
SLCMP1765-3825,3825,3825,583692709,2^583692709-1,STRUCTURAL_SCREEN_EXHAUSTED_PRIMALITY_UNASSIGNED,GF3A_DIRECTIONAL_WRITE_EXHAUSTED_PRIMALITY_UNASSIGNED,513,512,512,NO_RECORDED_FACTOR_PRP_OR_LL_RESULT_AND_NO_ACTIVE_GIMPS_ASSIGNMENT,2026-08-09T04:34:14+00:00,UNALLOCATED,,,,,
SLCMP1765-3826,3826,3826,583692737,2^583692737-1,STRUCTURAL_SCREEN_EXHAUSTED_PRIMALITY_UNASSIGNED,GF3A_DIRECTIONAL_WRITE_EXHAUSTED_PRIMALITY_UNASSIGNED,513,512,512,NO_RECORDED_FACTOR_PRP_OR_LL_RESULT_AND_NO_ACTIVE_GIMPS_ASSIGNMENT,2026-08-09T04:34:14+00:00,UNALLOCATED,,,,,
SLCMP1765-3827,3827,3827,583692847,2^583692847-1,STRUCTURAL_SCREEN_EXHAUSTED_PRIMALITY_UNASSIGNED,GF3A_DIRECTIONAL_WRITE_EXHAUSTED_PRIMALITY_UNASSIGNED,514,512,512,NO_RECORDED_FACTOR_PRP_OR_LL_RESULT_AND_NO_ACTIVE_GIMPS_ASSIGNMENT,2026-08-09T04:34:14+00:00,UNALLOCATED,,,,,
SLCMP1765-3828,3828,3828,583692881,2^583692881-1,STRUCTURAL_SCREEN_EXHAUSTED_PRIMALITY_UNASSIGNED,GF3A_DIRECTIONAL_WRITE_EXHAUSTED_PRIMALITY_UNASSIGNED,513,512,512,NO_RECORDED_FACTOR_PRP_OR_LL_RESULT_AND_NO_ACTIVE_GIMPS_ASSIGNMENT,2026-08-09T04:34:14+00:00,UNALLOCATED,,,,,
SLCMP1765-3829,3829,3829,583692937,2^583692937-1,STRUCTURAL_SCREEN_EXHAUSTED_PRIMALITY_UNASSIGNED,GF3A_DIRECTIONAL_WRITE_EXHAUSTED_PRIMALITY_UNASSIGNED,513,512,512,NO_RECORDED_FACTOR_PRP_OR_LL_RESULT_AND_NO_ACTIVE_GIMPS_ASSIGNMENT,2026-08-09T04:34:14+00:00,UNALLOCATED,,,,,
SLCMP1765-3830,3830,3830,583692979,2^583692979-1,STRUCTURAL_SCREEN_EXHAUSTED_PRIMALITY_UNASSIGNED,GF3A_DIRECTIONAL_WRITE_EXHAUSTED_PRIMALITY_UNASSIGNED,514,512,512,NO_RECORDED_FACTOR_PRP_OR_LL_RESULT_AND_NO_ACTIVE_GIMPS_ASSIGNMENT,2026-08-09T04:34:14+00:00,UNALLOCATED,,,,,
SLCMP1765-3831,3831,3831,583692983,2^583692983-1,STRUCTURAL_SCREEN_EXHAUSTED_PRIMALITY_UNASSIGNED,GF3A_DIRECTIONAL_WRITE_EXHAUSTED_PRIMALITY_UNASSIGNED,514,512,512,NO_RECORDED_FACTOR_PRP_OR_LL_RESULT_AND_NO_ACTIVE_GIMPS_ASSIGNMENT,2026-08-09T04:34:14+00:00,UNALLOCATED,,,,,
SLCMP1765-3832,3832,3832,583693009,2^583693009-1,STRUCTURAL_SCREEN_EXHAUSTED_PRIMALITY_UNASSIGNED,GF3A_DIRECTIONAL_WRITE_EXHAUSTED_PRIMALITY_UNASSIGNED,513,512,512,NO_RECORDED_FACTOR_PRP_OR_LL_RESULT_AND_NO_ACTIVE_GIMPS_ASSIGNMENT,2026-08-09T04:34:14+00:00,UNALLOCATED,,,,,
SLCMP1765-3833,3833,3833,583693043,2^583693043-1,STRUCTURAL_SCREEN_EXHAUSTED_PRIMALITY_UNASSIGNED,GF3A_DIRECTIONAL_WRITE_EXHAUSTED_PRIMALITY_UNASSIGNED,514,512,512,NO_RECORDED_FACTOR_PRP_OR_LL_RESULT_AND_NO_ACTIVE_GIMPS_ASSIGNMENT,2026-08-09T04:34:14+00:00,UNALLOCATED,,,,,
SLCMP1765-3834,3834,3834,583693127,2^583693127-1,STRUCTURAL_SCREEN_EXHAUSTED_PRIMALITY_UNASSIGNED,GF3A_DIRECTIONAL_WRITE_EXHAUSTED_PRIMALITY_UNASSIGNED,514,512,512,NO_RECORDED_FACTOR_PRP_OR_LL_RESULT_AND_NO_ACTIVE_GIMPS_ASSIGNMENT,2026-08-09T04:34:14+00:00,UNALLOCATED,,,,,
SLCMP1765-3835,3835,3835,583693199,2^583693199-1,STRUCTURAL_SCREEN_EXHAUSTED_PRIMALITY_UNASSIGNED,GF3A_DIRECTIONAL_WRITE_EXHAUSTED_PRIMALITY_UNASSIGNED,514,512,512,NO_RECORDED_FACTOR_PRP_OR_LL_RESULT_AND_NO_ACTIVE_GIMPS_ASSIGNMENT,2026-08-09T04:34:14+00:00,UNALLOCATED,,,,,
SLCMP1765-3836,3836,3836,583693219,2^583693219-1,STRUCTURAL_SCREEN_EXHAUSTED_PRIMALITY_UNASSIGNED,GF3A_DIRECTIONAL_WRITE_EXHAUSTED_PRIMALITY_UNASSIGNED,514,512,512,NO_RECORDED_FACTOR_PRP_OR_LL_RESULT_AND_NO_ACTIVE_GIMPS_ASSIGNMENT,2026-08-09T04:34:14+00:00,UNALLOCATED,,,,,
SLCMP1765-3837,3837,3837,583693337,2^583693337-1,STRUCTURAL_SCREEN_EXHAUSTED_PRIMALITY_UNASSIGNED,GF3A_DIRECTIONAL_WRITE_EXHAUSTED_PRIMALITY_UNASSIGNED,513,512,512,NO_RECORDED_FACTOR_PRP_OR_LL_RESULT_AND_NO_ACTIVE_GIMPS_ASSIGNMENT,2026-08-09T04:34:14+00:00,UNALLOCATED,,,,,
SLCMP1765-3838,3838,3838,583693349,2^583693349-1,STRUCTURAL_SCREEN_EXHAUSTED_PRIMALITY_UNASSIGNED,GF3A_DIRECTIONAL_WRITE_EXHAUSTED_PRIMALITY_UNASSIGNED,513,512,512,NO_RECORDED_FACTOR_PRP_OR_LL_RESULT_AND_NO_ACTIVE_GIMPS_ASSIGNMENT,2026-08-09T04:34:14+00:00,UNALLOCATED,,,,,
SLCMP1765-3839,3839,3839,583693373,2^583693373-1,STRUCTURAL_SCREEN_EXHAUSTED_PRIMALITY_UNASSIGNED,GF3A_DIRECTIONAL_WRITE_EXHAUSTED_PRIMALITY_UNASSIGNED,513,512,512,NO_RECORDED_FACTOR_PRP_OR_LL_RESULT_AND_NO_ACTIVE_GIMPS_ASSIGNMENT,2026-08-09T04:34:14+00:00,UNALLOCATED,,,,,
SLCMP1765-3840,3840,3840,583693427,2^583693427-1,STRUCTURAL_SCREEN_EXHAUSTED_PRIMALITY_UNASSIGNED,GF3A_DIRECTIONAL_WRITE_EXHAUSTED_PRIMALITY_UNASSIGNED,514,512,512,NO_RECORDED_FACTOR_PRP_OR_LL_RESULT_AND_NO_ACTIVE_GIMPS_ASSIGNMENT,2026-08-09T04:34:14+00:00,UNALLOCATED,,,,,
SLCMP1765-3841,3841,3841,583693529,2^583693529-1,STRUCTURAL_SCREEN_EXHAUSTED_PRIMALITY_UNASSIGNED,GF3A_DIRECTIONAL_WRITE_EXHAUSTED_PRIMALITY_UNASSIGNED,513,512,512,NO_RECORDED_FACTOR_PRP_OR_LL_RESULT_AND_NO_ACTIVE_GIMPS_ASSIGNMENT,2026-08-09T04:34:14+00:00,UNALLOCATED,,,,,
SLCMP1765-3842,3842,3842,583693541,2^583693541-1,STRUCTURAL_SCREEN_EXHAUSTED_PRIMALITY_UNASSIGNED,GF3A_DIRECTIONAL_WRITE_EXHAUSTED_PRIMALITY_UNASSIGNED,513,512,512,NO_RECORDED_FACTOR_PRP_OR_LL_RESULT_AND_NO_ACTIVE_GIMPS_ASSIGNMENT,2026-08-09T04:34:14+00:00,UNALLOCATED,,,,,
SLCMP1765-3843,3843,3843,583693571,2^583693571-1,STRUCTURAL_SCREEN_EXHAUSTED_PRIMALITY_UNASSIGNED,GF3A_DIRECTIONAL_WRITE_EXHAUSTED_PRIMALITY_UNASSIGNED,514,512,512,NO_RECORDED_FACTOR_PRP_OR_LL_RESULT_AND_NO_ACTIVE_GIMPS_ASSIGNMENT,2026-08-09T04:34:14+00:00,UNALLOCATED,,,,,
SLCMP1765-3844,3844,3844,583693727,2^583693727-1,STRUCTURAL_SCREEN_EXHAUSTED_PRIMALITY_UNASSIGNED,GF3A_DIRECTIONAL_WRITE_EXHAUSTED_PRIMALITY_UNASSIGNED,514,512,512,NO_RECORDED_FACTOR_PRP_OR_LL_RESULT_AND_NO_ACTIVE_GIMPS_ASSIGNMENT,2026-08-09T04:34:14+00:00,UNALLOCATED,,,,,
SLCMP1765-3845,3845,3845,583693729,2^583693729-1,STRUCTURAL_SCREEN_EXHAUSTED_PRIMALITY_UNASSIGNED,GF3A_DIRECTIONAL_WRITE_EXHAUSTED_PRIMALITY_UNASSIGNED,513,512,512,NO_RECORDED_FACTOR_PRP_OR_LL_RESULT_AND_NO_ACTIVE_GIMPS_ASSIGNMENT,2026-08-09T04:34:14+00:00,UNALLOCATED,,,,,
SLCMP1765-3846,3846,3846,583693807,2^583693807-1,STRUCTURAL_SCREEN_EXHAUSTED_PRIMALITY_UNASSIGNED,GF3A_DIRECTIONAL_WRITE_EXHAUSTED_PRIMALITY_UNASSIGNED,514,512,512,NO_RECORDED_FACTOR_PRP_OR_LL_RESULT_AND_NO_ACTIVE_GIMPS_ASSIGNMENT,2026-08-09T04:34:14+00:00,UNALLOCATED,,,,,
SLCMP1765-3847,3847,3847,583693841,2^583693841-1,STRUCTURAL_SCREEN_EXHAUSTED_PRIMALITY_UNASSIGNED,GF3A_DIRECTIONAL_WRITE_EXHAUSTED_PRIMALITY_UNASSIGNED,513,512,512,NO_RECORDED_FACTOR_PRP_OR_LL_RESULT_AND_NO_ACTIVE_GIMPS_ASSIGNMENT,2026-08-09T04:34:14+00:00,UNALLOCATED,,,,,
SLCMP1765-3848,3848,3848,583693939,2^583693939-1,STRUCTURAL_SCREEN_EXHAUSTED_PRIMALITY_UNASSIGNED,GF3A_DIRECTIONAL_WRITE_EXHAUSTED_PRIMALITY_UNASSIGNED,514,512,512,NO_RECORDED_FACTOR_PRP_OR_LL_RESULT_AND_NO_ACTIVE_GIMPS_ASSIGNMENT,2026-08-09T04:34:14+00:00,UNALLOCATED,,,,,
SLCMP1765-3849,3849,3849,583694039,2^583694039-1,STRUCTURAL_SCREEN_EXHAUSTED_PRIMALITY_UNASSIGNED,GF3A_DIRECTIONAL_WRITE_EXHAUSTED_PRIMALITY_UNASSIGNED,514,512,512,NO_RECORDED_FACTOR_PRP_OR_LL_RESULT_AND_NO_ACTIVE_GIMPS_ASSIGNMENT,2026-08-09T04:34:14+00:00,UNALLOCATED,,,,,
SLCMP1765-3850,3850,3850,583694077,2^583694077-1,STRUCTURAL_SCREEN_EXHAUSTED_PRIMALITY_UNASSIGNED,GF3A_DIRECTIONAL_WRITE_EXHAUSTED_PRIMALITY_UNASSIGNED,513,512,512,NO_RECORDED_FACTOR_PRP_OR_LL_RESULT_AND_NO_ACTIVE_GIMPS_ASSIGNMENT,2026-08-09T04:34:14+00:00,UNALLOCATED,,,,,
SLCMP1765-3851,3851,3851,583694087,2^583694087-1,STRUCTURAL_SCREEN_EXHAUSTED_PRIMALITY_UNASSIGNED,GF3A_DIRECTIONAL_WRITE_EXHAUSTED_PRIMALITY_UNASSIGNED,514,512,512,NO_RECORDED_FACTOR_PRP_OR_LL_RESULT_AND_NO_ACTIVE_GIMPS_ASSIGNMENT,2026-08-09T04:34:14+00:00,UNALLOCATED,,,,,
SLCMP1765-3852,3852,3852,583694131,2^583694131-1,STRUCTURAL_SCREEN_EXHAUSTED_PRIMALITY_UNASSIGNED,GF3A_DIRECTIONAL_WRITE_EXHAUSTED_PRIMALITY_UNASSIGNED,514,512,512,NO_RECORDED_FACTOR_PRP_OR_LL_RESULT_AND_NO_ACTIVE_GIMPS_ASSIGNMENT,2026-08-09T04:34:14+00:00,UNALLOCATED,,,,,
SLCMP1765-3853,3853,3853,583694261,2^583694261-1,STRUCTURAL_SCREEN_EXHAUSTED_PRIMALITY_UNASSIGNED,GF3A_DIRECTIONAL_WRITE_EXHAUSTED_PRIMALITY_UNASSIGNED,513,512,512,NO_RECORDED_FACTOR_PRP_OR_LL_RESULT_AND_NO_ACTIVE_GIMPS_ASSIGNMENT,2026-08-09T04:34:14+00:00,UNALLOCATED,,,,,
SLCMP1765-3854,3854,3854,583694333,2^583694333-1,STRUCTURAL_SCREEN_EXHAUSTED_PRIMALITY_UNASSIGNED,GF3A_DIRECTIONAL_WRITE_EXHAUSTED_PRIMALITY_UNASSIGNED,513,512,512,NO_RECORDED_FACTOR_PRP_OR_LL_RESULT_AND_NO_ACTIVE_GIMPS_ASSIGNMENT,2026-08-09T04:34:14+00:00,UNALLOCATED,,,,,
SLCMP1765-3855,3855,3855,583694519,2^583694519-1,STRUCTURAL_SCREEN_EXHAUSTED_PRIMALITY_UNASSIGNED,GF3A_DIRECTIONAL_WRITE_EXHAUSTED_PRIMALITY_UNASSIGNED,514,512,512,NO_RECORDED_FACTOR_PRP_OR_LL_RESULT_AND_NO_ACTIVE_GIMPS_ASSIGNMENT,2026-08-09T04:34:14+00:00,UNALLOCATED,,,,,
SLCMP1765-3856,3856,3856,583694533,2^583694533-1,STRUCTURAL_SCREEN_EXHAUSTED_PRIMALITY_UNASSIGNED,GF3A_DIRECTIONAL_WRITE_EXHAUSTED_PRIMALITY_UNASSIGNED,513,512,512,NO_RECORDED_FACTOR_PRP_OR_LL_RESULT_AND_NO_ACTIVE_GIMPS_ASSIGNMENT,2026-08-09T04:34:14+00:00,UNALLOCATED,,,,,
SLCMP1765-3857,3857,3857,583694557,2^583694557-1,STRUCTURAL_SCREEN_EXHAUSTED_PRIMALITY_UNASSIGNED,GF3A_DIRECTIONAL_WRITE_EXHAUSTED_PRIMALITY_UNASSIGNED,513,512,512,NO_RECORDED_FACTOR_PRP_OR_LL_RESULT_AND_NO_ACTIVE_GIMPS_ASSIGNMENT,2026-08-09T04:34:14+00:00,UNALLOCATED,,,,,
SLCMP1765-3858,3858,3858,583694563,2^583694563-1,STRUCTURAL_SCREEN_EXHAUSTED_PRIMALITY_UNASSIGNED,GF3A_DIRECTIONAL_WRITE_EXHAUSTED_PRIMALITY_UNASSIGNED,514,512,512,NO_RECORDED_FACTOR_PRP_OR_LL_RESULT_AND_NO_ACTIVE_GIMPS_ASSIGNMENT,2026-08-09T04:34:14+00:00,UNALLOCATED,,,,,
SLCMP1765-3859,3859,3859,583694593,2^583694593-1,STRUCTURAL_SCREEN_EXHAUSTED_PRIMALITY_UNASSIGNED,GF3A_DIRECTIONAL_WRITE_EXHAUSTED_PRIMALITY_UNASSIGNED,513,512,512,NO_RECORDED_FACTOR_PRP_OR_LL_RESULT_AND_NO_ACTIVE_GIMPS_ASSIGNMENT,2026-08-09T04:34:14+00:00,UNALLOCATED,,,,,
SLCMP1765-3860,3860,3860,583694659,2^583694659-1,STRUCTURAL_SCREEN_EXHAUSTED_PRIMALITY_UNASSIGNED,GF3A_DIRECTIONAL_WRITE_EXHAUSTED_PRIMALITY_UNASSIGNED,514,512,512,NO_RECORDED_FACTOR_PRP_OR_LL_RESULT_AND_NO_ACTIVE_GIMPS_ASSIGNMENT,2026-08-09T04:34:14+00:00,UNALLOCATED,,,,,
SLCMP1765-3861,3861,3861,583694701,2^583694701-1,STRUCTURAL_SCREEN_EXHAUSTED_PRIMALITY_UNASSIGNED,GF3A_DIRECTIONAL_WRITE_EXHAUSTED_PRIMALITY_UNASSIGNED,513,512,512,NO_RECORDED_FACTOR_PRP_OR_LL_RESULT_AND_NO_ACTIVE_GIMPS_ASSIGNMENT,2026-08-09T04:34:14+00:00,UNALLOCATED,,,,,
SLCMP1765-3862,3862,3862,583694723,2^583694723-1,STRUCTURAL_SCREEN_EXHAUSTED_PRIMALITY_UNASSIGNED,GF3A_DIRECTIONAL_WRITE_EXHAUSTED_PRIMALITY_UNASSIGNED,514,512,512,NO_RECORDED_FACTOR_PRP_OR_LL_RESULT_AND_NO_ACTIVE_GIMPS_ASSIGNMENT,2026-08-09T04:34:14+00:00,UNALLOCATED,,,,,
SLCMP1765-3863,3863,3863,583694743,2^583694743-1,STRUCTURAL_SCREEN_EXHAUSTED_PRIMALITY_UNASSIGNED,GF3A_DIRECTIONAL_WRITE_EXHAUSTED_PRIMALITY_UNASSIGNED,514,512,512,NO_RECORDED_FACTOR_PRP_OR_LL_RESULT_AND_NO_ACTIVE_GIMPS_ASSIGNMENT,2026-08-09T04:34:14+00:00,UNALLOCATED,,,,,
SLCMP1765-3864,3864,3864,583694789,2^583694789-1,STRUCTURAL_SCREEN_EXHAUSTED_PRIMALITY_UNASSIGNED,GF3A_DIRECTIONAL_WRITE_EXHAUSTED_PRIMALITY_UNASSIGNED,513,512,512,NO_RECORDED_FACTOR_PRP_OR_LL_RESULT_AND_NO_ACTIVE_GIMPS_ASSIGNMENT,2026-08-09T04:34:14+00:00,UNALLOCATED,,,,,
SLCMP1765-3865,3865,3865,583694807,2^583694807-1,STRUCTURAL_SCREEN_EXHAUSTED_PRIMALITY_UNASSIGNED,GF3A_DIRECTIONAL_WRITE_EXHAUSTED_PRIMALITY_UNASSIGNED,514,512,512,NO_RECORDED_FACTOR_PRP_OR_LL_RESULT_AND_NO_ACTIVE_GIMPS_ASSIGNMENT,2026-08-09T04:34:14+00:00,UNALLOCATED,,,,,
SLCMP1765-3866,3866,3866,583694831,2^583694831-1,STRUCTURAL_SCREEN_EXHAUSTED_PRIMALITY_UNASSIGNED,GF3A_DIRECTIONAL_WRITE_EXHAUSTED_PRIMALITY_UNASSIGNED,514,512,512,NO_RECORDED_FACTOR_PRP_OR_LL_RESULT_AND_NO_ACTIVE_GIMPS_ASSIGNMENT,2026-08-09T04:34:14+00:00,UNALLOCATED,,,,,
SLCMP1765-3867,3867,3867,583694849,2^583694849-1,STRUCTURAL_SCREEN_EXHAUSTED_PRIMALITY_UNASSIGNED,GF3A_DIRECTIONAL_WRITE_EXHAUSTED_PRIMALITY_UNASSIGNED,513,512,512,NO_RECORDED_FACTOR_PRP_OR_LL_RESULT_AND_NO_ACTIVE_GIMPS_ASSIGNMENT,2026-08-09T04:34:14+00:00,UNALLOCATED,,,,,
SLCMP1765-3868,3868,3868,583694971,2^583694971-1,STRUCTURAL_SCREEN_EXHAUSTED_PRIMALITY_UNASSIGNED,GF3A_DIRECTIONAL_WRITE_EXHAUSTED_PRIMALITY_UNASSIGNED,514,512,512,NO_RECORDED_FACTOR_PRP_OR_LL_RESULT_AND_NO_ACTIVE_GIMPS_ASSIGNMENT,2026-08-09T04:34:14+00:00,UNALLOCATED,,,,,
SLCMP1765-3869,3869,3869,583695037,2^583695037-1,STRUCTURAL_SCREEN_EXHAUSTED_PRIMALITY_UNASSIGNED,GF3A_DIRECTIONAL_WRITE_EXHAUSTED_PRIMALITY_UNASSIGNED,513,512,512,NO_RECORDED_FACTOR_PRP_OR_LL_RESULT_AND_NO_ACTIVE_GIMPS_ASSIGNMENT,2026-08-09T04:34:14+00:00,UNALLOCATED,,,,,
SLCMP1765-3870,3870,3870,583695103,2^583695103-1,STRUCTURAL_SCREEN_EXHAUSTED_PRIMALITY_UNASSIGNED,GF3A_DIRECTIONAL_WRITE_EXHAUSTED_PRIMALITY_UNASSIGNED,514,512,512,NO_RECORDED_FACTOR_PRP_OR_LL_RESULT_AND_NO_ACTIVE_GIMPS_ASSIGNMENT,2026-08-09T04:34:14+00:00,UNALLOCATED,,,,,
SLCMP1765-3871,3871,3871,583695191,2^583695191-1,STRUCTURAL_SCREEN_EXHAUSTED_PRIMALITY_UNASSIGNED,GF3A_DIRECTIONAL_WRITE_EXHAUSTED_PRIMALITY_UNASSIGNED,514,512,512,NO_RECORDED_FACTOR_PRP_OR_LL_RESULT_AND_NO_ACTIVE_GIMPS_ASSIGNMENT,2026-08-09T04:34:14+00:00,UNALLOCATED,,,,,
SLCMP1765-3872,3872,3872,583695337,2^583695337-1,STRUCTURAL_SCREEN_EXHAUSTED_PRIMALITY_UNASSIGNED,GF3A_DIRECTIONAL_WRITE_EXHAUSTED_PRIMALITY_UNASSIGNED,513,512,512,NO_RECORDED_FACTOR_PRP_OR_LL_RESULT_AND_NO_ACTIVE_GIMPS_ASSIGNMENT,2026-08-09T04:34:14+00:00,UNALLOCATED,,,,,
SLCMP1765-3873,3873,3873,583695341,2^583695341-1,STRUCTURAL_SCREEN_EXHAUSTED_PRIMALITY_UNASSIGNED,GF3A_DIRECTIONAL_WRITE_EXHAUSTED_PRIMALITY_UNASSIGNED,513,512,512,NO_RECORDED_FACTOR_PRP_OR_LL_RESULT_AND_NO_ACTIVE_GIMPS_ASSIGNMENT,2026-08-09T04:34:14+00:00,UNALLOCATED,,,,,
SLCMP1765-3874,3874,3874,583695347,2^583695347-1,STRUCTURAL_SCREEN_EXHAUSTED_PRIMALITY_UNASSIGNED,GF3A_DIRECTIONAL_WRITE_EXHAUSTED_PRIMALITY_UNASSIGNED,514,512,512,NO_RECORDED_FACTOR_PRP_OR_LL_RESULT_AND_NO_ACTIVE_GIMPS_ASSIGNMENT,2026-08-09T04:34:14+00:00,UNALLOCATED,,,,,
SLCMP1765-3875,3875,3875,583695367,2^583695367-1,STRUCTURAL_SCREEN_EXHAUSTED_PRIMALITY_UNASSIGNED,GF3A_DIRECTIONAL_WRITE_EXHAUSTED_PRIMALITY_UNASSIGNED,514,512,512,NO_RECORDED_FACTOR_PRP_OR_LL_RESULT_AND_NO_ACTIVE_GIMPS_ASSIGNMENT,2026-08-09T04:34:14+00:00,UNALLOCATED,,,,,
SLCMP1765-3876,3876,3876,583695439,2^583695439-1,STRUCTURAL_SCREEN_EXHAUSTED_PRIMALITY_UNASSIGNED,GF3A_DIRECTIONAL_WRITE_EXHAUSTED_PRIMALITY_UNASSIGNED,514,512,512,NO_RECORDED_FACTOR_PRP_OR_LL_RESULT_AND_NO_ACTIVE_GIMPS_ASSIGNMENT,2026-08-09T04:34:14+00:00,UNALLOCATED,,,,,
SLCMP1765-3877,3877,3877,583695503,2^583695503-1,STRUCTURAL_SCREEN_EXHAUSTED_PRIMALITY_UNASSIGNED,GF3A_DIRECTIONAL_WRITE_EXHAUSTED_PRIMALITY_UNASSIGNED,514,512,512,NO_RECORDED_FACTOR_PRP_OR_LL_RESULT_AND_NO_ACTIVE_GIMPS_ASSIGNMENT,2026-08-09T04:34:14+00:00,UNALLOCATED,,,,,
SLCMP1765-3878,3878,3878,583695569,2^583695569-1,STRUCTURAL_SCREEN_EXHAUSTED_PRIMALITY_UNASSIGNED,GF3A_DIRECTIONAL_WRITE_EXHAUSTED_PRIMALITY_UNASSIGNED,513,512,512,NO_RECORDED_FACTOR_PRP_OR_LL_RESULT_AND_NO_ACTIVE_GIMPS_ASSIGNMENT,2026-08-09T04:34:14+00:00,UNALLOCATED,,,,,
SLCMP1765-3879,3879,3879,583695583,2^583695583-1,STRUCTURAL_SCREEN_EXHAUSTED_PRIMALITY_UNASSIGNED,GF3A_DIRECTIONAL_WRITE_EXHAUSTED_PRIMALITY_UNASSIGNED,514,512,512,NO_RECORDED_FACTOR_PRP_OR_LL_RESULT_AND_NO_ACTIVE_GIMPS_ASSIGNMENT,2026-08-09T04:34:14+00:00,UNALLOCATED,,,,,
SLCMP1765-3880,3880,3880,583695647,2^583695647-1,STRUCTURAL_SCREEN_EXHAUSTED_PRIMALITY_UNASSIGNED,GF3A_DIRECTIONAL_WRITE_EXHAUSTED_PRIMALITY_UNASSIGNED,514,512,512,NO_RECORDED_FACTOR_PRP_OR_LL_RESULT_AND_NO_ACTIVE_GIMPS_ASSIGNMENT,2026-08-09T04:34:14+00:00,UNALLOCATED,,,,,
SLCMP1765-3881,3881,3881,583695659,2^583695659-1,STRUCTURAL_SCREEN_EXHAUSTED_PRIMALITY_UNASSIGNED,GF3A_DIRECTIONAL_WRITE_EXHAUSTED_PRIMALITY_UNASSIGNED,514,512,512,NO_RECORDED_FACTOR_PRP_OR_LL_RESULT_AND_NO_ACTIVE_GIMPS_ASSIGNMENT,2026-08-09T04:34:14+00:00,UNALLOCATED,,,,,
SLCMP1765-3882,3882,3882,583695677,2^583695677-1,STRUCTURAL_SCREEN_EXHAUSTED_PRIMALITY_UNASSIGNED,GF3A_DIRECTIONAL_WRITE_EXHAUSTED_PRIMALITY_UNASSIGNED,513,512,512,NO_RECORDED_FACTOR_PRP_OR_LL_RESULT_AND_NO_ACTIVE_GIMPS_ASSIGNMENT,2026-08-09T04:34:14+00:00,UNALLOCATED,,,,,
SLCMP1765-3883,3883,3883,583695733,2^583695733-1,STRUCTURAL_SCREEN_EXHAUSTED_PRIMALITY_UNASSIGNED,GF3A_DIRECTIONAL_WRITE_EXHAUSTED_PRIMALITY_UNASSIGNED,513,512,512,NO_RECORDED_FACTOR_PRP_OR_LL_RESULT_AND_NO_ACTIVE_GIMPS_ASSIGNMENT,2026-08-09T04:34:14+00:00,UNALLOCATED,,,,,
SLCMP1765-3884,3884,3884,583695743,2^583695743-1,STRUCTURAL_SCREEN_EXHAUSTED_PRIMALITY_UNASSIGNED,GF3A_DIRECTIONAL_WRITE_EXHAUSTED_PRIMALITY_UNASSIGNED,514,512,512,NO_RECORDED_FACTOR_PRP_OR_LL_RESULT_AND_NO_ACTIVE_GIMPS_ASSIGNMENT,2026-08-09T04:34:14+00:00,UNALLOCATED,,,,,
SLCMP1765-3885,3885,3885,583695793,2^583695793-1,STRUCTURAL_SCREEN_EXHAUSTED_PRIMALITY_UNASSIGNED,GF3A_DIRECTIONAL_WRITE_EXHAUSTED_PRIMALITY_UNASSIGNED,513,512,512,NO_RECORDED_FACTOR_PRP_OR_LL_RESULT_AND_NO_ACTIVE_GIMPS_ASSIGNMENT,2026-08-09T04:34:14+00:00,UNALLOCATED,,,,,
SLCMP1765-3886,3886,3886,583695797,2^583695797-1,STRUCTURAL_SCREEN_EXHAUSTED_PRIMALITY_UNASSIGNED,GF3A_DIRECTIONAL_WRITE_EXHAUSTED_PRIMALITY_UNASSIGNED,513,512,512,NO_RECORDED_FACTOR_PRP_OR_LL_RESULT_AND_NO_ACTIVE_GIMPS_ASSIGNMENT,2026-08-09T04:34:14+00:00,UNALLOCATED,,,,,
SLCMP1765-3887,3887,3887,583695811,2^583695811-1,STRUCTURAL_SCREEN_EXHAUSTED_PRIMALITY_UNASSIGNED,GF3A_DIRECTIONAL_WRITE_EXHAUSTED_PRIMALITY_UNASSIGNED,514,512,512,NO_RECORDED_FACTOR_PRP_OR_LL_RESULT_AND_NO_ACTIVE_GIMPS_ASSIGNMENT,2026-08-09T04:34:14+00:00,UNALLOCATED,,,,,
SLCMP1765-3888,3888,3888,583695821,2^583695821-1,STRUCTURAL_SCREEN_EXHAUSTED_PRIMALITY_UNASSIGNED,GF3A_DIRECTIONAL_WRITE_EXHAUSTED_PRIMALITY_UNASSIGNED,513,512,512,NO_RECORDED_FACTOR_PRP_OR_LL_RESULT_AND_NO_ACTIVE_GIMPS_ASSIGNMENT,2026-08-09T04:34:14+00:00,UNALLOCATED,,,,,
SLCMP1765-3889,3889,3889,583695839,2^583695839-1,STRUCTURAL_SCREEN_EXHAUSTED_PRIMALITY_UNASSIGNED,GF3A_DIRECTIONAL_WRITE_EXHAUSTED_PRIMALITY_UNASSIGNED,514,512,512,NO_RECORDED_FACTOR_PRP_OR_LL_RESULT_AND_NO_ACTIVE_GIMPS_ASSIGNMENT,2026-08-09T04:34:14+00:00,UNALLOCATED,,,,,
SLCMP1765-3890,3890,3890,583695919,2^583695919-1,STRUCTURAL_SCREEN_EXHAUSTED_PRIMALITY_UNASSIGNED,GF3A_DIRECTIONAL_WRITE_EXHAUSTED_PRIMALITY_UNASSIGNED,514,512,512,NO_RECORDED_FACTOR_PRP_OR_LL_RESULT_AND_NO_ACTIVE_GIMPS_ASSIGNMENT,2026-08-09T04:34:14+00:00,UNALLOCATED,,,,,
SLCMP1765-3891,3891,3891,583695971,2^583695971-1,STRUCTURAL_SCREEN_EXHAUSTED_PRIMALITY_UNASSIGNED,GF3A_DIRECTIONAL_WRITE_EXHAUSTED_PRIMALITY_UNASSIGNED,514,512,512,NO_RECORDED_FACTOR_PRP_OR_LL_RESULT_AND_NO_ACTIVE_GIMPS_ASSIGNMENT,2026-08-09T04:34:14+00:00,UNALLOCATED,,,,,
SLCMP1765-3892,3892,3892,583696019,2^583696019-1,STRUCTURAL_SCREEN_EXHAUSTED_PRIMALITY_UNASSIGNED,GF3A_DIRECTIONAL_WRITE_EXHAUSTED_PRIMALITY_UNASSIGNED,514,512,512,NO_RECORDED_FACTOR_PRP_OR_LL_RESULT_AND_NO_ACTIVE_GIMPS_ASSIGNMENT,2026-08-09T04:34:14+00:00,UNALLOCATED,,,,,
SLCMP1765-3893,3893,3893,583696187,2^583696187-1,STRUCTURAL_SCREEN_EXHAUSTED_PRIMALITY_UNASSIGNED,GF3A_DIRECTIONAL_WRITE_EXHAUSTED_PRIMALITY_UNASSIGNED,514,512,512,NO_RECORDED_FACTOR_PRP_OR_LL_RESULT_AND_NO_ACTIVE_GIMPS_ASSIGNMENT,2026-08-09T04:34:14+00:00,UNALLOCATED,,,,,
SLCMP1765-3894,3894,3894,583696193,2^583696193-1,STRUCTURAL_SCREEN_EXHAUSTED_PRIMALITY_UNASSIGNED,GF3A_DIRECTIONAL_WRITE_EXHAUSTED_PRIMALITY_UNASSIGNED,513,512,512,NO_RECORDED_FACTOR_PRP_OR_LL_RESULT_AND_NO_ACTIVE_GIMPS_ASSIGNMENT,2026-08-09T04:34:14+00:00,UNALLOCATED,,,,,
SLCMP1765-3895,3895,3895,583696297,2^583696297-1,STRUCTURAL_SCREEN_EXHAUSTED_PRIMALITY_UNASSIGNED,GF3A_DIRECTIONAL_WRITE_EXHAUSTED_PRIMALITY_UNASSIGNED,513,512,512,NO_RECORDED_FACTOR_PRP_OR_LL_RESULT_AND_NO_ACTIVE_GIMPS_ASSIGNMENT,2026-08-09T04:34:14+00:00,UNALLOCATED,,,,,
SLCMP1765-3896,3896,3896,583696361,2^583696361-1,STRUCTURAL_SCREEN_EXHAUSTED_PRIMALITY_UNASSIGNED,GF3A_DIRECTIONAL_WRITE_EXHAUSTED_PRIMALITY_UNASSIGNED,513,512,512,NO_RECORDED_FACTOR_PRP_OR_LL_RESULT_AND_NO_ACTIVE_GIMPS_ASSIGNMENT,2026-08-09T04:34:14+00:00,UNALLOCATED,,,,,
SLCMP1765-3897,3897,3897,583696517,2^583696517-1,STRUCTURAL_SCREEN_EXHAUSTED_PRIMALITY_UNASSIGNED,GF3A_DIRECTIONAL_WRITE_EXHAUSTED_PRIMALITY_UNASSIGNED,513,512,512,NO_RECORDED_FACTOR_PRP_OR_LL_RESULT_AND_NO_ACTIVE_GIMPS_ASSIGNMENT,2026-08-09T04:34:14+00:00,UNALLOCATED,,,,,
SLCMP1765-3898,3898,3898,583696661,2^583696661-1,STRUCTURAL_SCREEN_EXHAUSTED_PRIMALITY_UNASSIGNED,GF3A_DIRECTIONAL_WRITE_EXHAUSTED_PRIMALITY_UNASSIGNED,513,512,512,NO_RECORDED_FACTOR_PRP_OR_LL_RESULT_AND_NO_ACTIVE_GIMPS_ASSIGNMENT,2026-08-09T04:34:14+00:00,UNALLOCATED,,,,,
SLCMP1765-3899,3899,3899,583696709,2^583696709-1,STRUCTURAL_SCREEN_EXHAUSTED_PRIMALITY_UNASSIGNED,GF3A_DIRECTIONAL_WRITE_EXHAUSTED_PRIMALITY_UNASSIGNED,513,512,512,NO_RECORDED_FACTOR_PRP_OR_LL_RESULT_AND_NO_ACTIVE_GIMPS_ASSIGNMENT,2026-08-09T04:34:14+00:00,UNALLOCATED,,,,,
SLCMP1765-3900,3900,3900,583696733,2^583696733-1,STRUCTURAL_SCREEN_EXHAUSTED_PRIMALITY_UNASSIGNED,GF3A_DIRECTIONAL_WRITE_EXHAUSTED_PRIMALITY_UNASSIGNED,513,512,512,NO_RECORDED_FACTOR_PRP_OR_LL_RESULT_AND_NO_ACTIVE_GIMPS_ASSIGNMENT,2026-08-09T04:34:14+00:00,UNALLOCATED,,,,,
SLCMP1765-3901,3901,3901,583696837,2^583696837-1,STRUCTURAL_SCREEN_EXHAUSTED_PRIMALITY_UNASSIGNED,GF3A_DIRECTIONAL_WRITE_EXHAUSTED_PRIMALITY_UNASSIGNED,513,512,512,NO_RECORDED_FACTOR_PRP_OR_LL_RESULT_AND_NO_ACTIVE_GIMPS_ASSIGNMENT,2026-08-09T04:34:14+00:00,UNALLOCATED,,,,,
SLCMP1765-3902,3902,3902,583696849,2^583696849-1,STRUCTURAL_SCREEN_EXHAUSTED_PRIMALITY_UNASSIGNED,GF3A_DIRECTIONAL_WRITE_EXHAUSTED_PRIMALITY_UNASSIGNED,513,512,512,NO_RECORDED_FACTOR_PRP_OR_LL_RESULT_AND_NO_ACTIVE_GIMPS_ASSIGNMENT,2026-08-09T04:34:14+00:00,UNALLOCATED,,,,,
SLCMP1765-3903,3903,3903,583696931,2^583696931-1,STRUCTURAL_SCREEN_EXHAUSTED_PRIMALITY_UNASSIGNED,GF3A_DIRECTIONAL_WRITE_EXHAUSTED_PRIMALITY_UNASSIGNED,514,512,512,NO_RECORDED_FACTOR_PRP_OR_LL_RESULT_AND_NO_ACTIVE_GIMPS_ASSIGNMENT,2026-08-09T04:34:14+00:00,UNALLOCATED,,,,,
SLCMP1765-3904,3904,3904,583696943,2^583696943-1,STRUCTURAL_SCREEN_EXHAUSTED_PRIMALITY_UNASSIGNED,GF3A_DIRECTIONAL_WRITE_EXHAUSTED_PRIMALITY_UNASSIGNED,514,512,512,NO_RECORDED_FACTOR_PRP_OR_LL_RESULT_AND_NO_ACTIVE_GIMPS_ASSIGNMENT,2026-08-09T04:34:14+00:00,UNALLOCATED,,,,,
SLCMP1765-3905,3905,3905,583696963,2^583696963-1,STRUCTURAL_SCREEN_EXHAUSTED_PRIMALITY_UNASSIGNED,GF3A_DIRECTIONAL_WRITE_EXHAUSTED_PRIMALITY_UNASSIGNED,514,512,512,NO_RECORDED_FACTOR_PRP_OR_LL_RESULT_AND_NO_ACTIVE_GIMPS_ASSIGNMENT,2026-08-09T04:34:14+00:00,UNALLOCATED,,,,,
SLCMP1765-3906,3906,3906,583697029,2^583697029-1,STRUCTURAL_SCREEN_EXHAUSTED_PRIMALITY_UNASSIGNED,GF3A_DIRECTIONAL_WRITE_EXHAUSTED_PRIMALITY_UNASSIGNED,513,512,512,NO_RECORDED_FACTOR_PRP_OR_LL_RESULT_AND_NO_ACTIVE_GIMPS_ASSIGNMENT,2026-08-09T04:34:14+00:00,UNALLOCATED,,,,,
SLCMP1765-3907,3907,3907,583697053,2^583697053-1,STRUCTURAL_SCREEN_EXHAUSTED_PRIMALITY_UNASSIGNED,GF3A_DIRECTIONAL_WRITE_EXHAUSTED_PRIMALITY_UNASSIGNED,513,512,512,NO_RECORDED_FACTOR_PRP_OR_LL_RESULT_AND_NO_ACTIVE_GIMPS_ASSIGNMENT,2026-08-09T04:34:14+00:00,UNALLOCATED,,,,,
SLCMP1765-3908,3908,3908,583697077,2^583697077-1,STRUCTURAL_SCREEN_EXHAUSTED_PRIMALITY_UNASSIGNED,GF3A_DIRECTIONAL_WRITE_EXHAUSTED_PRIMALITY_UNASSIGNED,513,512,512,NO_RECORDED_FACTOR_PRP_OR_LL_RESULT_AND_NO_ACTIVE_GIMPS_ASSIGNMENT,2026-08-09T04:34:14+00:00,UNALLOCATED,,,,,
SLCMP1765-3909,3909,3909,583697087,2^583697087-1,STRUCTURAL_SCREEN_EXHAUSTED_PRIMALITY_UNASSIGNED,GF3A_DIRECTIONAL_WRITE_EXHAUSTED_PRIMALITY_UNASSIGNED,514,512,512,NO_RECORDED_FACTOR_PRP_OR_LL_RESULT_AND_NO_ACTIVE_GIMPS_ASSIGNMENT,2026-08-09T04:34:14+00:00,UNALLOCATED,,,,,
SLCMP1765-3910,3910,3910,583697161,2^583697161-1,STRUCTURAL_SCREEN_EXHAUSTED_PRIMALITY_UNASSIGNED,GF3A_DIRECTIONAL_WRITE_EXHAUSTED_PRIMALITY_UNASSIGNED,513,512,512,NO_RECORDED_FACTOR_PRP_OR_LL_RESULT_AND_NO_ACTIVE_GIMPS_ASSIGNMENT,2026-08-09T04:34:14+00:00,UNALLOCATED,,,,,
SLCMP1765-3911,3911,3911,583697173,2^583697173-1,STRUCTURAL_SCREEN_EXHAUSTED_PRIMALITY_UNASSIGNED,GF3A_DIRECTIONAL_WRITE_EXHAUSTED_PRIMALITY_UNASSIGNED,513,512,512,NO_RECORDED_FACTOR_PRP_OR_LL_RESULT_AND_NO_ACTIVE_GIMPS_ASSIGNMENT,2026-08-09T04:34:14+00:00,UNALLOCATED,,,,,
SLCMP1765-3912,3912,3912,583697201,2^583697201-1,STRUCTURAL_SCREEN_EXHAUSTED_PRIMALITY_UNASSIGNED,GF3A_DIRECTIONAL_WRITE_EXHAUSTED_PRIMALITY_UNASSIGNED,513,512,512,NO_RECORDED_FACTOR_PRP_OR_LL_RESULT_AND_NO_ACTIVE_GIMPS_ASSIGNMENT,2026-08-09T04:34:14+00:00,UNALLOCATED,,,,,
SLCMP1765-3913,3913,3913,583697249,2^583697249-1,STRUCTURAL_SCREEN_EXHAUSTED_PRIMALITY_UNASSIGNED,GF3A_DIRECTIONAL_WRITE_EXHAUSTED_PRIMALITY_UNASSIGNED,513,512,512,NO_RECORDED_FACTOR_PRP_OR_LL_RESULT_AND_NO_ACTIVE_GIMPS_ASSIGNMENT,2026-08-09T04:34:14+00:00,UNALLOCATED,,,,,
SLCMP1765-3914,3914,3914,583697273,2^583697273-1,STRUCTURAL_SCREEN_EXHAUSTED_PRIMALITY_UNASSIGNED,GF3A_DIRECTIONAL_WRITE_EXHAUSTED_PRIMALITY_UNASSIGNED,513,512,512,NO_RECORDED_FACTOR_PRP_OR_LL_RESULT_AND_NO_ACTIVE_GIMPS_ASSIGNMENT,2026-08-09T04:34:14+00:00,UNALLOCATED,,,,,
SLCMP1765-3915,3915,3915,583697377,2^583697377-1,STRUCTURAL_SCREEN_EXHAUSTED_PRIMALITY_UNASSIGNED,GF3A_DIRECTIONAL_WRITE_EXHAUSTED_PRIMALITY_UNASSIGNED,513,512,512,NO_RECORDED_FACTOR_PRP_OR_LL_RESULT_AND_NO_ACTIVE_GIMPS_ASSIGNMENT,2026-08-09T04:34:14+00:00,UNALLOCATED,,,,,
SLCMP1765-3916,3916,3916,583697393,2^583697393-1,STRUCTURAL_SCREEN_EXHAUSTED_PRIMALITY_UNASSIGNED,GF3A_DIRECTIONAL_WRITE_EXHAUSTED_PRIMALITY_UNASSIGNED,513,512,512,NO_RECORDED_FACTOR_PRP_OR_LL_RESULT_AND_NO_ACTIVE_GIMPS_ASSIGNMENT,2026-08-09T04:34:14+00:00,UNALLOCATED,,,,,
SLCMP1765-3917,3917,3917,583697467,2^583697467-1,STRUCTURAL_SCREEN_EXHAUSTED_PRIMALITY_UNASSIGNED,GF3A_DIRECTIONAL_WRITE_EXHAUSTED_PRIMALITY_UNASSIGNED,514,512,512,NO_RECORDED_FACTOR_PRP_OR_LL_RESULT_AND_NO_ACTIVE_GIMPS_ASSIGNMENT,2026-08-09T04:34:14+00:00,UNALLOCATED,,,,,
SLCMP1765-3918,3918,3918,583697497,2^583697497-1,STRUCTURAL_SCREEN_EXHAUSTED_PRIMALITY_UNASSIGNED,GF3A_DIRECTIONAL_WRITE_EXHAUSTED_PRIMALITY_UNASSIGNED,513,512,512,NO_RECORDED_FACTOR_PRP_OR_LL_RESULT_AND_NO_ACTIVE_GIMPS_ASSIGNMENT,2026-08-09T04:34:14+00:00,UNALLOCATED,,,,,
SLCMP1765-3919,3919,3919,583697509,2^583697509-1,STRUCTURAL_SCREEN_EXHAUSTED_PRIMALITY_UNASSIGNED,GF3A_DIRECTIONAL_WRITE_EXHAUSTED_PRIMALITY_UNASSIGNED,513,512,512,NO_RECORDED_FACTOR_PRP_OR_LL_RESULT_AND_NO_ACTIVE_GIMPS_ASSIGNMENT,2026-08-09T04:34:14+00:00,UNALLOCATED,,,,,
SLCMP1765-3920,3920,3920,583697581,2^583697581-1,STRUCTURAL_SCREEN_EXHAUSTED_PRIMALITY_UNASSIGNED,GF3A_DIRECTIONAL_WRITE_EXHAUSTED_PRIMALITY_UNASSIGNED,513,512,512,NO_RECORDED_FACTOR_PRP_OR_LL_RESULT_AND_NO_ACTIVE_GIMPS_ASSIGNMENT,2026-08-09T04:34:14+00:00,UNALLOCATED,,,,,
SLCMP1765-3921,3921,3921,583697671,2^583697671-1,STRUCTURAL_SCREEN_EXHAUSTED_PRIMALITY_UNASSIGNED,GF3A_DIRECTIONAL_WRITE_EXHAUSTED_PRIMALITY_UNASSIGNED,514,512,512,NO_RECORDED_FACTOR_PRP_OR_LL_RESULT_AND_NO_ACTIVE_GIMPS_ASSIGNMENT,2026-08-09T04:34:14+00:00,UNALLOCATED,,,,,
SLCMP1765-3922,3922,3922,583697759,2^583697759-1,STRUCTURAL_SCREEN_EXHAUSTED_PRIMALITY_UNASSIGNED,GF3A_DIRECTIONAL_WRITE_EXHAUSTED_PRIMALITY_UNASSIGNED,514,512,512,NO_RECORDED_FACTOR_PRP_OR_LL_RESULT_AND_NO_ACTIVE_GIMPS_ASSIGNMENT,2026-08-09T04:34:14+00:00,UNALLOCATED,,,,,
SLCMP1765-3923,3923,3923,583697783,2^583697783-1,STRUCTURAL_SCREEN_EXHAUSTED_PRIMALITY_UNASSIGNED,GF3A_DIRECTIONAL_WRITE_EXHAUSTED_PRIMALITY_UNASSIGNED,514,512,512,NO_RECORDED_FACTOR_PRP_OR_LL_RESULT_AND_NO_ACTIVE_GIMPS_ASSIGNMENT,2026-08-09T04:34:14+00:00,UNALLOCATED,,,,,
SLCMP1765-3924,3924,3924,583697893,2^583697893-1,STRUCTURAL_SCREEN_EXHAUSTED_PRIMALITY_UNASSIGNED,GF3A_DIRECTIONAL_WRITE_EXHAUSTED_PRIMALITY_UNASSIGNED,513,512,512,NO_RECORDED_FACTOR_PRP_OR_LL_RESULT_AND_NO_ACTIVE_GIMPS_ASSIGNMENT,2026-08-09T04:34:14+00:00,UNALLOCATED,,,,,
SLCMP1765-3925,3925,3925,583697929,2^583697929-1,STRUCTURAL_SCREEN_EXHAUSTED_PRIMALITY_UNASSIGNED,GF3A_DIRECTIONAL_WRITE_EXHAUSTED_PRIMALITY_UNASSIGNED,513,512,512,NO_RECORDED_FACTOR_PRP_OR_LL_RESULT_AND_NO_ACTIVE_GIMPS_ASSIGNMENT,2026-08-09T04:34:14+00:00,UNALLOCATED,,,,,
SLCMP1765-3926,3926,3926,583698061,2^583698061-1,STRUCTURAL_SCREEN_EXHAUSTED_PRIMALITY_UNASSIGNED,GF3A_DIRECTIONAL_WRITE_EXHAUSTED_PRIMALITY_UNASSIGNED,513,512,512,NO_RECORDED_FACTOR_PRP_OR_LL_RESULT_AND_NO_ACTIVE_GIMPS_ASSIGNMENT,2026-08-09T04:34:14+00:00,UNALLOCATED,,,,,
SLCMP1765-3927,3927,3927,583698067,2^583698067-1,STRUCTURAL_SCREEN_EXHAUSTED_PRIMALITY_UNASSIGNED,GF3A_DIRECTIONAL_WRITE_EXHAUSTED_PRIMALITY_UNASSIGNED,514,512,512,NO_RECORDED_FACTOR_PRP_OR_LL_RESULT_AND_NO_ACTIVE_GIMPS_ASSIGNMENT,2026-08-09T04:34:14+00:00,UNALLOCATED,,,,,
SLCMP1765-3928,3928,3928,583698083,2^583698083-1,STRUCTURAL_SCREEN_EXHAUSTED_PRIMALITY_UNASSIGNED,GF3A_DIRECTIONAL_WRITE_EXHAUSTED_PRIMALITY_UNASSIGNED,514,512,512,NO_RECORDED_FACTOR_PRP_OR_LL_RESULT_AND_NO_ACTIVE_GIMPS_ASSIGNMENT,2026-08-09T04:34:14+00:00,UNALLOCATED,,,,,
SLCMP1765-3929,3929,3929,583698091,2^583698091-1,STRUCTURAL_SCREEN_EXHAUSTED_PRIMALITY_UNASSIGNED,GF3A_DIRECTIONAL_WRITE_EXHAUSTED_PRIMALITY_UNASSIGNED,514,512,512,NO_RECORDED_FACTOR_PRP_OR_LL_RESULT_AND_NO_ACTIVE_GIMPS_ASSIGNMENT,2026-08-09T04:34:14+00:00,UNALLOCATED,,,,,
SLCMP1765-3930,3930,3930,583698103,2^583698103-1,STRUCTURAL_SCREEN_EXHAUSTED_PRIMALITY_UNASSIGNED,GF3A_DIRECTIONAL_WRITE_EXHAUSTED_PRIMALITY_UNASSIGNED,514,512,512,NO_RECORDED_FACTOR_PRP_OR_LL_RESULT_AND_NO_ACTIVE_GIMPS_ASSIGNMENT,2026-08-09T04:34:14+00:00,UNALLOCATED,,,,,
SLCMP1765-3931,3931,3931,583698187,2^583698187-1,STRUCTURAL_SCREEN_EXHAUSTED_PRIMALITY_UNASSIGNED,GF3A_DIRECTIONAL_WRITE_EXHAUSTED_PRIMALITY_UNASSIGNED,514,512,512,NO_RECORDED_FACTOR_PRP_OR_LL_RESULT_AND_NO_ACTIVE_GIMPS_ASSIGNMENT,2026-08-09T04:34:14+00:00,UNALLOCATED,,,,,
SLCMP1765-3932,3932,3932,583698331,2^583698331-1,STRUCTURAL_SCREEN_EXHAUSTED_PRIMALITY_UNASSIGNED,GF3A_DIRECTIONAL_WRITE_EXHAUSTED_PRIMALITY_UNASSIGNED,514,512,512,NO_RECORDED_FACTOR_PRP_OR_LL_RESULT_AND_NO_ACTIVE_GIMPS_ASSIGNMENT,2026-08-09T04:34:14+00:00,UNALLOCATED,,,,,
SLCMP1765-3933,3933,3933,583698361,2^583698361-1,STRUCTURAL_SCREEN_EXHAUSTED_PRIMALITY_UNASSIGNED,GF3A_DIRECTIONAL_WRITE_EXHAUSTED_PRIMALITY_UNASSIGNED,513,512,512,NO_RECORDED_FACTOR_PRP_OR_LL_RESULT_AND_NO_ACTIVE_GIMPS_ASSIGNMENT,2026-08-09T04:34:14+00:00,UNALLOCATED,,,,,
SLCMP1765-3934,3934,3934,583698617,2^583698617-1,STRUCTURAL_SCREEN_EXHAUSTED_PRIMALITY_UNASSIGNED,GF3A_DIRECTIONAL_WRITE_EXHAUSTED_PRIMALITY_UNASSIGNED,513,512,512,NO_RECORDED_FACTOR_PRP_OR_LL_RESULT_AND_NO_ACTIVE_GIMPS_ASSIGNMENT,2026-08-09T04:34:14+00:00,UNALLOCATED,,,,,
SLCMP1765-3935,3935,3935,583698649,2^583698649-1,STRUCTURAL_SCREEN_EXHAUSTED_PRIMALITY_UNASSIGNED,GF3A_DIRECTIONAL_WRITE_EXHAUSTED_PRIMALITY_UNASSIGNED,513,512,512,NO_RECORDED_FACTOR_PRP_OR_LL_RESULT_AND_NO_ACTIVE_GIMPS_ASSIGNMENT,2026-08-09T04:34:14+00:00,UNALLOCATED,,,,,
SLCMP1765-3936,3936,3936,583698679,2^583698679-1,STRUCTURAL_SCREEN_EXHAUSTED_PRIMALITY_UNASSIGNED,GF3A_DIRECTIONAL_WRITE_EXHAUSTED_PRIMALITY_UNASSIGNED,514,512,512,NO_RECORDED_FACTOR_PRP_OR_LL_RESULT_AND_NO_ACTIVE_GIMPS_ASSIGNMENT,2026-08-09T04:34:14+00:00,UNALLOCATED,,,,,
SLCMP1765-3937,3937,3937,583698683,2^583698683-1,STRUCTURAL_SCREEN_EXHAUSTED_PRIMALITY_UNASSIGNED,GF3A_DIRECTIONAL_WRITE_EXHAUSTED_PRIMALITY_UNASSIGNED,514,512,512,NO_RECORDED_FACTOR_PRP_OR_LL_RESULT_AND_NO_ACTIVE_GIMPS_ASSIGNMENT,2026-08-09T04:34:14+00:00,UNALLOCATED,,,,,
SLCMP1765-3938,3938,3938,583698701,2^583698701-1,STRUCTURAL_SCREEN_EXHAUSTED_PRIMALITY_UNASSIGNED,GF3A_DIRECTIONAL_WRITE_EXHAUSTED_PRIMALITY_UNASSIGNED,513,512,512,NO_RECORDED_FACTOR_PRP_OR_LL_RESULT_AND_NO_ACTIVE_GIMPS_ASSIGNMENT,2026-08-09T04:34:14+00:00,UNALLOCATED,,,,,
SLCMP1765-3939,3939,3939,583698719,2^583698719-1,STRUCTURAL_SCREEN_EXHAUSTED_PRIMALITY_UNASSIGNED,GF3A_DIRECTIONAL_WRITE_EXHAUSTED_PRIMALITY_UNASSIGNED,514,512,512,NO_RECORDED_FACTOR_PRP_OR_LL_RESULT_AND_NO_ACTIVE_GIMPS_ASSIGNMENT,2026-08-09T04:34:14+00:00,UNALLOCATED,,,,,
SLCMP1765-3940,3940,3940,583698733,2^583698733-1,STRUCTURAL_SCREEN_EXHAUSTED_PRIMALITY_UNASSIGNED,GF3A_DIRECTIONAL_WRITE_EXHAUSTED_PRIMALITY_UNASSIGNED,513,512,512,NO_RECORDED_FACTOR_PRP_OR_LL_RESULT_AND_NO_ACTIVE_GIMPS_ASSIGNMENT,2026-08-09T04:34:14+00:00,UNALLOCATED,,,,,
SLCMP1765-3941,3941,3941,583698821,2^583698821-1,STRUCTURAL_SCREEN_EXHAUSTED_PRIMALITY_UNASSIGNED,GF3A_DIRECTIONAL_WRITE_EXHAUSTED_PRIMALITY_UNASSIGNED,513,512,512,NO_RECORDED_FACTOR_PRP_OR_LL_RESULT_AND_NO_ACTIVE_GIMPS_ASSIGNMENT,2026-08-09T04:34:14+00:00,UNALLOCATED,,,,,
SLCMP1765-3942,3942,3942,583698877,2^583698877-1,STRUCTURAL_SCREEN_EXHAUSTED_PRIMALITY_UNASSIGNED,GF3A_DIRECTIONAL_WRITE_EXHAUSTED_PRIMALITY_UNASSIGNED,513,512,512,NO_RECORDED_FACTOR_PRP_OR_LL_RESULT_AND_NO_ACTIVE_GIMPS_ASSIGNMENT,2026-08-09T04:34:14+00:00,UNALLOCATED,,,,,
SLCMP1765-3943,3943,3943,583698883,2^583698883-1,STRUCTURAL_SCREEN_EXHAUSTED_PRIMALITY_UNASSIGNED,GF3A_DIRECTIONAL_WRITE_EXHAUSTED_PRIMALITY_UNASSIGNED,514,512,512,NO_RECORDED_FACTOR_PRP_OR_LL_RESULT_AND_NO_ACTIVE_GIMPS_ASSIGNMENT,2026-08-09T04:34:14+00:00,UNALLOCATED,,,,,
SLCMP1765-3944,3944,3944,583698923,2^583698923-1,STRUCTURAL_SCREEN_EXHAUSTED_PRIMALITY_UNASSIGNED,GF3A_DIRECTIONAL_WRITE_EXHAUSTED_PRIMALITY_UNASSIGNED,514,512,512,NO_RECORDED_FACTOR_PRP_OR_LL_RESULT_AND_NO_ACTIVE_GIMPS_ASSIGNMENT,2026-08-09T04:34:14+00:00,UNALLOCATED,,,,,
SLCMP1765-3945,3945,3945,583698959,2^583698959-1,STRUCTURAL_SCREEN_EXHAUSTED_PRIMALITY_UNASSIGNED,GF3A_DIRECTIONAL_WRITE_EXHAUSTED_PRIMALITY_UNASSIGNED,514,512,512,NO_RECORDED_FACTOR_PRP_OR_LL_RESULT_AND_NO_ACTIVE_GIMPS_ASSIGNMENT,2026-08-09T04:34:14+00:00,UNALLOCATED,,,,,
SLCMP1765-3946,3946,3946,583699009,2^583699009-1,STRUCTURAL_SCREEN_EXHAUSTED_PRIMALITY_UNASSIGNED,GF3A_DIRECTIONAL_WRITE_EXHAUSTED_PRIMALITY_UNASSIGNED,513,512,512,NO_RECORDED_FACTOR_PRP_OR_LL_RESULT_AND_NO_ACTIVE_GIMPS_ASSIGNMENT,2026-08-09T04:34:14+00:00,UNALLOCATED,,,,,
SLCMP1765-3947,3947,3947,583699141,2^583699141-1,STRUCTURAL_SCREEN_EXHAUSTED_PRIMALITY_UNASSIGNED,GF3A_DIRECTIONAL_WRITE_EXHAUSTED_PRIMALITY_UNASSIGNED,513,512,512,NO_RECORDED_FACTOR_PRP_OR_LL_RESULT_AND_NO_ACTIVE_GIMPS_ASSIGNMENT,2026-08-09T04:34:14+00:00,UNALLOCATED,,,,,
SLCMP1765-3948,3948,3948,583699223,2^583699223-1,STRUCTURAL_SCREEN_EXHAUSTED_PRIMALITY_UNASSIGNED,GF3A_DIRECTIONAL_WRITE_EXHAUSTED_PRIMALITY_UNASSIGNED,514,512,512,NO_RECORDED_FACTOR_PRP_OR_LL_RESULT_AND_NO_ACTIVE_GIMPS_ASSIGNMENT,2026-08-09T04:34:14+00:00,UNALLOCATED,,,,,
SLCMP1765-3949,3949,3949,583699261,2^583699261-1,STRUCTURAL_SCREEN_EXHAUSTED_PRIMALITY_UNASSIGNED,GF3A_DIRECTIONAL_WRITE_EXHAUSTED_PRIMALITY_UNASSIGNED,513,512,512,NO_RECORDED_FACTOR_PRP_OR_LL_RESULT_AND_NO_ACTIVE_GIMPS_ASSIGNMENT,2026-08-09T04:34:14+00:00,UNALLOCATED,,,,,
SLCMP1765-3950,3950,3950,583699273,2^583699273-1,STRUCTURAL_SCREEN_EXHAUSTED_PRIMALITY_UNASSIGNED,GF3A_DIRECTIONAL_WRITE_EXHAUSTED_PRIMALITY_UNASSIGNED,513,512,512,NO_RECORDED_FACTOR_PRP_OR_LL_RESULT_AND_NO_ACTIVE_GIMPS_ASSIGNMENT,2026-08-09T04:34:14+00:00,UNALLOCATED,,,,,
SLCMP1765-3951,3951,3951,583699351,2^583699351-1,STRUCTURAL_SCREEN_EXHAUSTED_PRIMALITY_UNASSIGNED,GF3A_DIRECTIONAL_WRITE_EXHAUSTED_PRIMALITY_UNASSIGNED,514,512,512,NO_RECORDED_FACTOR_PRP_OR_LL_RESULT_AND_NO_ACTIVE_GIMPS_ASSIGNMENT,2026-08-09T04:34:14+00:00,UNALLOCATED,,,,,
SLCMP1765-3952,3952,3952,583699397,2^583699397-1,STRUCTURAL_SCREEN_EXHAUSTED_PRIMALITY_UNASSIGNED,GF3A_DIRECTIONAL_WRITE_EXHAUSTED_PRIMALITY_UNASSIGNED,513,512,512,NO_RECORDED_FACTOR_PRP_OR_LL_RESULT_AND_NO_ACTIVE_GIMPS_ASSIGNMENT,2026-08-09T04:34:14+00:00,UNALLOCATED,,,,,
SLCMP1765-3953,3953,3953,583699481,2^583699481-1,STRUCTURAL_SCREEN_EXHAUSTED_PRIMALITY_UNASSIGNED,GF3A_DIRECTIONAL_WRITE_EXHAUSTED_PRIMALITY_UNASSIGNED,513,512,512,NO_RECORDED_FACTOR_PRP_OR_LL_RESULT_AND_NO_ACTIVE_GIMPS_ASSIGNMENT,2026-08-09T04:34:14+00:00,UNALLOCATED,,,,,
SLCMP1765-3954,3954,3954,583699499,2^583699499-1,STRUCTURAL_SCREEN_EXHAUSTED_PRIMALITY_UNASSIGNED,GF3A_DIRECTIONAL_WRITE_EXHAUSTED_PRIMALITY_UNASSIGNED,514,512,512,NO_RECORDED_FACTOR_PRP_OR_LL_RESULT_AND_NO_ACTIVE_GIMPS_ASSIGNMENT,2026-08-09T04:34:14+00:00,UNALLOCATED,,,,,
SLCMP1765-3955,3955,3955,583699553,2^583699553-1,STRUCTURAL_SCREEN_EXHAUSTED_PRIMALITY_UNASSIGNED,GF3A_DIRECTIONAL_WRITE_EXHAUSTED_PRIMALITY_UNASSIGNED,513,512,512,NO_RECORDED_FACTOR_PRP_OR_LL_RESULT_AND_NO_ACTIVE_GIMPS_ASSIGNMENT,2026-08-09T04:34:14+00:00,UNALLOCATED,,,,,
SLCMP1765-3956,3956,3956,583699561,2^583699561-1,STRUCTURAL_SCREEN_EXHAUSTED_PRIMALITY_UNASSIGNED,GF3A_DIRECTIONAL_WRITE_EXHAUSTED_PRIMALITY_UNASSIGNED,513,512,512,NO_RECORDED_FACTOR_PRP_OR_LL_RESULT_AND_NO_ACTIVE_GIMPS_ASSIGNMENT,2026-08-09T04:34:14+00:00,UNALLOCATED,,,,,
SLCMP1765-3957,3957,3957,583699723,2^583699723-1,STRUCTURAL_SCREEN_EXHAUSTED_PRIMALITY_UNASSIGNED,GF3A_DIRECTIONAL_WRITE_EXHAUSTED_PRIMALITY_UNASSIGNED,514,512,512,NO_RECORDED_FACTOR_PRP_OR_LL_RESULT_AND_NO_ACTIVE_GIMPS_ASSIGNMENT,2026-08-09T04:34:14+00:00,UNALLOCATED,,,,,
SLCMP1765-3958,3958,3958,583699793,2^583699793-1,STRUCTURAL_SCREEN_EXHAUSTED_PRIMALITY_UNASSIGNED,GF3A_DIRECTIONAL_WRITE_EXHAUSTED_PRIMALITY_UNASSIGNED,513,512,512,NO_RECORDED_FACTOR_PRP_OR_LL_RESULT_AND_NO_ACTIVE_GIMPS_ASSIGNMENT,2026-08-09T04:34:14+00:00,UNALLOCATED,,,,,
SLCMP1765-3959,3959,3959,583699807,2^583699807-1,STRUCTURAL_SCREEN_EXHAUSTED_PRIMALITY_UNASSIGNED,GF3A_DIRECTIONAL_WRITE_EXHAUSTED_PRIMALITY_UNASSIGNED,514,512,512,NO_RECORDED_FACTOR_PRP_OR_LL_RESULT_AND_NO_ACTIVE_GIMPS_ASSIGNMENT,2026-08-09T04:34:14+00:00,UNALLOCATED,,,,,
SLCMP1765-3960,3960,3960,583699829,2^583699829-1,STRUCTURAL_SCREEN_EXHAUSTED_PRIMALITY_UNASSIGNED,GF3A_DIRECTIONAL_WRITE_EXHAUSTED_PRIMALITY_UNASSIGNED,513,512,512,NO_RECORDED_FACTOR_PRP_OR_LL_RESULT_AND_NO_ACTIVE_GIMPS_ASSIGNMENT,2026-08-09T04:34:14+00:00,UNALLOCATED,,,,,
SLCMP1765-3961,3961,3961,583699891,2^583699891-1,STRUCTURAL_SCREEN_EXHAUSTED_PRIMALITY_UNASSIGNED,GF3A_DIRECTIONAL_WRITE_EXHAUSTED_PRIMALITY_UNASSIGNED,514,512,512,NO_RECORDED_FACTOR_PRP_OR_LL_RESULT_AND_NO_ACTIVE_GIMPS_ASSIGNMENT,2026-08-09T04:34:14+00:00,UNALLOCATED,,,,,
SLCMP1765-3962,3962,3962,583699951,2^583699951-1,STRUCTURAL_SCREEN_EXHAUSTED_PRIMALITY_UNASSIGNED,GF3A_DIRECTIONAL_WRITE_EXHAUSTED_PRIMALITY_UNASSIGNED,514,512,512,NO_RECORDED_FACTOR_PRP_OR_LL_RESULT_AND_NO_ACTIVE_GIMPS_ASSIGNMENT,2026-08-09T04:34:14+00:00,UNALLOCATED,,,,,
SLCMP1765-3963,3963,3963,583699967,2^583699967-1,STRUCTURAL_SCREEN_EXHAUSTED_PRIMALITY_UNASSIGNED,GF3A_DIRECTIONAL_WRITE_EXHAUSTED_PRIMALITY_UNASSIGNED,514,512,512,NO_RECORDED_FACTOR_PRP_OR_LL_RESULT_AND_NO_ACTIVE_GIMPS_ASSIGNMENT,2026-08-09T04:34:14+00:00,UNALLOCATED,,,,,
SLCMP1765-3964,3964,3964,583699993,2^583699993-1,STRUCTURAL_SCREEN_EXHAUSTED_PRIMALITY_UNASSIGNED,GF3A_DIRECTIONAL_WRITE_EXHAUSTED_PRIMALITY_UNASSIGNED,513,512,512,NO_RECORDED_FACTOR_PRP_OR_LL_RESULT_AND_NO_ACTIVE_GIMPS_ASSIGNMENT,2026-08-09T04:34:14+00:00,UNALLOCATED,,,,,
SLCMP1765-3965,3965,3965,583699999,2^583699999-1,STRUCTURAL_SCREEN_EXHAUSTED_PRIMALITY_UNASSIGNED,GF3A_DIRECTIONAL_WRITE_EXHAUSTED_PRIMALITY_UNASSIGNED,514,512,512,NO_RECORDED_FACTOR_PRP_OR_LL_RESULT_AND_NO_ACTIVE_GIMPS_ASSIGNMENT,2026-08-09T04:34:14+00:00,UNALLOCATED,,,,,
SLCMP1765-3966,3966,3966,583700027,2^583700027-1,STRUCTURAL_SCREEN_EXHAUSTED_PRIMALITY_UNASSIGNED,GF3A_DIRECTIONAL_WRITE_EXHAUSTED_PRIMALITY_UNASSIGNED,514,512,512,NO_RECORDED_FACTOR_PRP_OR_LL_RESULT_AND_NO_ACTIVE_GIMPS_ASSIGNMENT,2026-08-09T04:34:14+00:00,UNALLOCATED,,,,,
SLCMP1765-3967,3967,3967,583700069,2^583700069-1,STRUCTURAL_SCREEN_EXHAUSTED_PRIMALITY_UNASSIGNED,GF3A_DIRECTIONAL_WRITE_EXHAUSTED_PRIMALITY_UNASSIGNED,513,512,512,NO_RECORDED_FACTOR_PRP_OR_LL_RESULT_AND_NO_ACTIVE_GIMPS_ASSIGNMENT,2026-08-09T04:34:14+00:00,UNALLOCATED,,,,,
SLCMP1765-3968,3968,3968,583700213,2^583700213-1,STRUCTURAL_SCREEN_EXHAUSTED_PRIMALITY_UNASSIGNED,GF3A_DIRECTIONAL_WRITE_EXHAUSTED_PRIMALITY_UNASSIGNED,513,512,512,NO_RECORDED_FACTOR_PRP_OR_LL_RESULT_AND_NO_ACTIVE_GIMPS_ASSIGNMENT,2026-08-09T04:34:14+00:00,UNALLOCATED,,,,,
SLCMP1765-3969,3969,3969,583700251,2^583700251-1,STRUCTURAL_SCREEN_EXHAUSTED_PRIMALITY_UNASSIGNED,GF3A_DIRECTIONAL_WRITE_EXHAUSTED_PRIMALITY_UNASSIGNED,514,512,512,NO_RECORDED_FACTOR_PRP_OR_LL_RESULT_AND_NO_ACTIVE_GIMPS_ASSIGNMENT,2026-08-09T04:34:14+00:00,UNALLOCATED,,,,,
SLCMP1765-3970,3970,3970,583700261,2^583700261-1,STRUCTURAL_SCREEN_EXHAUSTED_PRIMALITY_UNASSIGNED,GF3A_DIRECTIONAL_WRITE_EXHAUSTED_PRIMALITY_UNASSIGNED,513,512,512,NO_RECORDED_FACTOR_PRP_OR_LL_RESULT_AND_NO_ACTIVE_GIMPS_ASSIGNMENT,2026-08-09T04:34:14+00:00,UNALLOCATED,,,,,
SLCMP1765-3971,3971,3971,583700267,2^583700267-1,STRUCTURAL_SCREEN_EXHAUSTED_PRIMALITY_UNASSIGNED,GF3A_DIRECTIONAL_WRITE_EXHAUSTED_PRIMALITY_UNASSIGNED,514,512,512,NO_RECORDED_FACTOR_PRP_OR_LL_RESULT_AND_NO_ACTIVE_GIMPS_ASSIGNMENT,2026-08-09T04:34:14+00:00,UNALLOCATED,,,,,
SLCMP1765-3972,3972,3972,583700297,2^583700297-1,STRUCTURAL_SCREEN_EXHAUSTED_PRIMALITY_UNASSIGNED,GF3A_DIRECTIONAL_WRITE_EXHAUSTED_PRIMALITY_UNASSIGNED,513,512,512,NO_RECORDED_FACTOR_PRP_OR_LL_RESULT_AND_NO_ACTIVE_GIMPS_ASSIGNMENT,2026-08-09T04:34:14+00:00,UNALLOCATED,,,,,
SLCMP1765-3973,3973,3973,583700317,2^583700317-1,STRUCTURAL_SCREEN_EXHAUSTED_PRIMALITY_UNASSIGNED,GF3A_DIRECTIONAL_WRITE_EXHAUSTED_PRIMALITY_UNASSIGNED,513,512,512,NO_RECORDED_FACTOR_PRP_OR_LL_RESULT_AND_NO_ACTIVE_GIMPS_ASSIGNMENT,2026-08-09T04:34:14+00:00,UNALLOCATED,,,,,
SLCMP1765-3974,3974,3974,583700401,2^583700401-1,STRUCTURAL_SCREEN_EXHAUSTED_PRIMALITY_UNASSIGNED,GF3A_DIRECTIONAL_WRITE_EXHAUSTED_PRIMALITY_UNASSIGNED,513,512,512,NO_RECORDED_FACTOR_PRP_OR_LL_RESULT_AND_NO_ACTIVE_GIMPS_ASSIGNMENT,2026-08-09T04:34:14+00:00,UNALLOCATED,,,,,
SLCMP1765-3975,3975,3975,583700503,2^583700503-1,STRUCTURAL_SCREEN_EXHAUSTED_PRIMALITY_UNASSIGNED,GF3A_DIRECTIONAL_WRITE_EXHAUSTED_PRIMALITY_UNASSIGNED,514,512,512,NO_RECORDED_FACTOR_PRP_OR_LL_RESULT_AND_NO_ACTIVE_GIMPS_ASSIGNMENT,2026-08-09T04:34:14+00:00,UNALLOCATED,,,,,
SLCMP1765-3976,3976,3976,583700657,2^583700657-1,STRUCTURAL_SCREEN_EXHAUSTED_PRIMALITY_UNASSIGNED,GF3A_DIRECTIONAL_WRITE_EXHAUSTED_PRIMALITY_UNASSIGNED,513,512,512,NO_RECORDED_FACTOR_PRP_OR_LL_RESULT_AND_NO_ACTIVE_GIMPS_ASSIGNMENT,2026-08-09T04:34:14+00:00,UNALLOCATED,,,,,
SLCMP1765-3977,3977,3977,583700699,2^583700699-1,STRUCTURAL_SCREEN_EXHAUSTED_PRIMALITY_UNASSIGNED,GF3A_DIRECTIONAL_WRITE_EXHAUSTED_PRIMALITY_UNASSIGNED,514,512,512,NO_RECORDED_FACTOR_PRP_OR_LL_RESULT_AND_NO_ACTIVE_GIMPS_ASSIGNMENT,2026-08-09T04:34:14+00:00,UNALLOCATED,,,,,
SLCMP1765-3978,3978,3978,583700731,2^583700731-1,STRUCTURAL_SCREEN_EXHAUSTED_PRIMALITY_UNASSIGNED,GF3A_DIRECTIONAL_WRITE_EXHAUSTED_PRIMALITY_UNASSIGNED,514,512,512,NO_RECORDED_FACTOR_PRP_OR_LL_RESULT_AND_NO_ACTIVE_GIMPS_ASSIGNMENT,2026-08-09T04:34:14+00:00,UNALLOCATED,,,,,
SLCMP1765-3979,3979,3979,583700833,2^583700833-1,STRUCTURAL_SCREEN_EXHAUSTED_PRIMALITY_UNASSIGNED,GF3A_DIRECTIONAL_WRITE_EXHAUSTED_PRIMALITY_UNASSIGNED,513,512,512,NO_RECORDED_FACTOR_PRP_OR_LL_RESULT_AND_NO_ACTIVE_GIMPS_ASSIGNMENT,2026-08-09T04:34:14+00:00,UNALLOCATED,,,,,
SLCMP1765-3980,3980,3980,583700959,2^583700959-1,STRUCTURAL_SCREEN_EXHAUSTED_PRIMALITY_UNASSIGNED,GF3A_DIRECTIONAL_WRITE_EXHAUSTED_PRIMALITY_UNASSIGNED,514,512,512,NO_RECORDED_FACTOR_PRP_OR_LL_RESULT_AND_NO_ACTIVE_GIMPS_ASSIGNMENT,2026-08-09T04:34:14+00:00,UNALLOCATED,,,,,
SLCMP1765-3981,3981,3981,583700987,2^583700987-1,STRUCTURAL_SCREEN_EXHAUSTED_PRIMALITY_UNASSIGNED,GF3A_DIRECTIONAL_WRITE_EXHAUSTED_PRIMALITY_UNASSIGNED,514,512,512,NO_RECORDED_FACTOR_PRP_OR_LL_RESULT_AND_NO_ACTIVE_GIMPS_ASSIGNMENT,2026-08-09T04:34:14+00:00,UNALLOCATED,,,,,
SLCMP1765-3982,3982,3982,583700993,2^583700993-1,STRUCTURAL_SCREEN_EXHAUSTED_PRIMALITY_UNASSIGNED,GF3A_DIRECTIONAL_WRITE_EXHAUSTED_PRIMALITY_UNASSIGNED,513,512,512,NO_RECORDED_FACTOR_PRP_OR_LL_RESULT_AND_NO_ACTIVE_GIMPS_ASSIGNMENT,2026-08-09T04:34:14+00:00,UNALLOCATED,,,,,
SLCMP1765-3983,3983,3983,583701047,2^583701047-1,STRUCTURAL_SCREEN_EXHAUSTED_PRIMALITY_UNASSIGNED,GF3A_DIRECTIONAL_WRITE_EXHAUSTED_PRIMALITY_UNASSIGNED,514,512,512,NO_RECORDED_FACTOR_PRP_OR_LL_RESULT_AND_NO_ACTIVE_GIMPS_ASSIGNMENT,2026-08-09T04:34:14+00:00,UNALLOCATED,,,,,
SLCMP1765-3984,3984,3984,583701163,2^583701163-1,STRUCTURAL_SCREEN_EXHAUSTED_PRIMALITY_UNASSIGNED,GF3A_DIRECTIONAL_WRITE_EXHAUSTED_PRIMALITY_UNASSIGNED,514,512,512,NO_RECORDED_FACTOR_PRP_OR_LL_RESULT_AND_NO_ACTIVE_GIMPS_ASSIGNMENT,2026-08-09T04:34:14+00:00,UNALLOCATED,,,,,
SLCMP1765-3985,3985,3985,583701179,2^583701179-1,STRUCTURAL_SCREEN_EXHAUSTED_PRIMALITY_UNASSIGNED,GF3A_DIRECTIONAL_WRITE_EXHAUSTED_PRIMALITY_UNASSIGNED,514,512,512,NO_RECORDED_FACTOR_PRP_OR_LL_RESULT_AND_NO_ACTIVE_GIMPS_ASSIGNMENT,2026-08-09T04:34:14+00:00,UNALLOCATED,,,,,
SLCMP1765-3986,3986,3986,583701197,2^583701197-1,STRUCTURAL_SCREEN_EXHAUSTED_PRIMALITY_UNASSIGNED,GF3A_DIRECTIONAL_WRITE_EXHAUSTED_PRIMALITY_UNASSIGNED,513,512,512,NO_RECORDED_FACTOR_PRP_OR_LL_RESULT_AND_NO_ACTIVE_GIMPS_ASSIGNMENT,2026-08-09T04:34:14+00:00,UNALLOCATED,,,,,
SLCMP1765-3987,3987,3987,583701259,2^583701259-1,STRUCTURAL_SCREEN_EXHAUSTED_PRIMALITY_UNASSIGNED,GF3A_DIRECTIONAL_WRITE_EXHAUSTED_PRIMALITY_UNASSIGNED,514,512,512,NO_RECORDED_FACTOR_PRP_OR_LL_RESULT_AND_NO_ACTIVE_GIMPS_ASSIGNMENT,2026-08-09T04:34:14+00:00,UNALLOCATED,,,,,
SLCMP1765-3988,3988,3988,583701361,2^583701361-1,STRUCTURAL_SCREEN_EXHAUSTED_PRIMALITY_UNASSIGNED,GF3A_DIRECTIONAL_WRITE_EXHAUSTED_PRIMALITY_UNASSIGNED,513,512,512,NO_RECORDED_FACTOR_PRP_OR_LL_RESULT_AND_NO_ACTIVE_GIMPS_ASSIGNMENT,2026-08-09T04:34:14+00:00,UNALLOCATED,,,,,
SLCMP1765-3989,3989,3989,583701397,2^583701397-1,STRUCTURAL_SCREEN_EXHAUSTED_PRIMALITY_UNASSIGNED,GF3A_DIRECTIONAL_WRITE_EXHAUSTED_PRIMALITY_UNASSIGNED,513,512,512,NO_RECORDED_FACTOR_PRP_OR_LL_RESULT_AND_NO_ACTIVE_GIMPS_ASSIGNMENT,2026-08-09T04:34:14+00:00,UNALLOCATED,,,,,
SLCMP1765-3990,3990,3990,583701407,2^583701407-1,STRUCTURAL_SCREEN_EXHAUSTED_PRIMALITY_UNASSIGNED,GF3A_DIRECTIONAL_WRITE_EXHAUSTED_PRIMALITY_UNASSIGNED,514,512,512,NO_RECORDED_FACTOR_PRP_OR_LL_RESULT_AND_NO_ACTIVE_GIMPS_ASSIGNMENT,2026-08-09T04:34:14+00:00,UNALLOCATED,,,,,
SLCMP1765-3991,3991,3991,583701457,2^583701457-1,STRUCTURAL_SCREEN_EXHAUSTED_PRIMALITY_UNASSIGNED,GF3A_DIRECTIONAL_WRITE_EXHAUSTED_PRIMALITY_UNASSIGNED,513,512,512,NO_RECORDED_FACTOR_PRP_OR_LL_RESULT_AND_NO_ACTIVE_GIMPS_ASSIGNMENT,2026-08-09T04:34:14+00:00,UNALLOCATED,,,,,
SLCMP1765-3992,3992,3992,583701583,2^583701583-1,STRUCTURAL_SCREEN_EXHAUSTED_PRIMALITY_UNASSIGNED,GF3A_DIRECTIONAL_WRITE_EXHAUSTED_PRIMALITY_UNASSIGNED,514,512,512,NO_RECORDED_FACTOR_PRP_OR_LL_RESULT_AND_NO_ACTIVE_GIMPS_ASSIGNMENT,2026-08-09T04:34:14+00:00,UNALLOCATED,,,,,
SLCMP1765-3993,3993,3993,583701653,2^583701653-1,STRUCTURAL_SCREEN_EXHAUSTED_PRIMALITY_UNASSIGNED,GF3A_DIRECTIONAL_WRITE_EXHAUSTED_PRIMALITY_UNASSIGNED,513,512,512,NO_RECORDED_FACTOR_PRP_OR_LL_RESULT_AND_NO_ACTIVE_GIMPS_ASSIGNMENT,2026-08-09T04:34:14+00:00,UNALLOCATED,,,,,
SLCMP1765-3994,3994,3994,583701683,2^583701683-1,STRUCTURAL_SCREEN_EXHAUSTED_PRIMALITY_UNASSIGNED,GF3A_DIRECTIONAL_WRITE_EXHAUSTED_PRIMALITY_UNASSIGNED,514,512,512,NO_RECORDED_FACTOR_PRP_OR_LL_RESULT_AND_NO_ACTIVE_GIMPS_ASSIGNMENT,2026-08-09T04:34:14+00:00,UNALLOCATED,,,,,
SLCMP1765-3995,3995,3995,583701709,2^583701709-1,STRUCTURAL_SCREEN_EXHAUSTED_PRIMALITY_UNASSIGNED,GF3A_DIRECTIONAL_WRITE_EXHAUSTED_PRIMALITY_UNASSIGNED,513,512,512,NO_RECORDED_FACTOR_PRP_OR_LL_RESULT_AND_NO_ACTIVE_GIMPS_ASSIGNMENT,2026-08-09T04:34:14+00:00,UNALLOCATED,,,,,
SLCMP1765-3996,3996,3996,583701739,2^583701739-1,STRUCTURAL_SCREEN_EXHAUSTED_PRIMALITY_UNASSIGNED,GF3A_DIRECTIONAL_WRITE_EXHAUSTED_PRIMALITY_UNASSIGNED,514,512,512,NO_RECORDED_FACTOR_PRP_OR_LL_RESULT_AND_NO_ACTIVE_GIMPS_ASSIGNMENT,2026-08-09T04:34:14+00:00,UNALLOCATED,,,,,
SLCMP1765-3997,3997,3997,583701887,2^583701887-1,STRUCTURAL_SCREEN_EXHAUSTED_PRIMALITY_UNASSIGNED,GF3A_DIRECTIONAL_WRITE_EXHAUSTED_PRIMALITY_UNASSIGNED,514,512,512,NO_RECORDED_FACTOR_PRP_OR_LL_RESULT_AND_NO_ACTIVE_GIMPS_ASSIGNMENT,2026-08-09T04:34:14+00:00,UNALLOCATED,,,,,
SLCMP1765-3998,3998,3998,583701901,2^583701901-1,STRUCTURAL_SCREEN_EXHAUSTED_PRIMALITY_UNASSIGNED,GF3A_DIRECTIONAL_WRITE_EXHAUSTED_PRIMALITY_UNASSIGNED,513,512,512,NO_RECORDED_FACTOR_PRP_OR_LL_RESULT_AND_NO_ACTIVE_GIMPS_ASSIGNMENT,2026-08-09T04:34:14+00:00,UNALLOCATED,,,,,
SLCMP1765-3999,3999,3999,583701913,2^583701913-1,STRUCTURAL_SCREEN_EXHAUSTED_PRIMALITY_UNASSIGNED,GF3A_DIRECTIONAL_WRITE_EXHAUSTED_PRIMALITY_UNASSIGNED,513,512,512,NO_RECORDED_FACTOR_PRP_OR_LL_RESULT_AND_NO_ACTIVE_GIMPS_ASSIGNMENT,2026-08-09T04:34:14+00:00,UNALLOCATED,,,,,
SLCMP1765-4000,4000,4000,583701971,2^583701971-1,STRUCTURAL_SCREEN_EXHAUSTED_PRIMALITY_UNASSIGNED,GF3A_DIRECTIONAL_WRITE_EXHAUSTED_PRIMALITY_UNASSIGNED,514,512,512,NO_RECORDED_FACTOR_PRP_OR_LL_RESULT_AND_NO_ACTIVE_GIMPS_ASSIGNMENT,2026-08-09T04:34:14+00:00,UNALLOCATED,,,,,
SLCMP1765-4001,4001,4001,583702037,2^583702037-1,STRUCTURAL_SCREEN_EXHAUSTED_PRIMALITY_UNASSIGNED,GF3A_DIRECTIONAL_WRITE_EXHAUSTED_PRIMALITY_UNASSIGNED,513,512,512,NO_RECORDED_FACTOR_PRP_OR_LL_RESULT_AND_NO_ACTIVE_GIMPS_ASSIGNMENT,2026-08-09T04:34:14+00:00,UNALLOCATED,,,,,
SLCMP1765-4002,4002,4002,583702099,2^583702099-1,STRUCTURAL_SCREEN_EXHAUSTED_PRIMALITY_UNASSIGNED,GF3A_DIRECTIONAL_WRITE_EXHAUSTED_PRIMALITY_UNASSIGNED,514,512,512,NO_RECORDED_FACTOR_PRP_OR_LL_RESULT_AND_NO_ACTIVE_GIMPS_ASSIGNMENT,2026-08-09T04:34:14+00:00,UNALLOCATED,,,,,
SLCMP1765-4003,4003,4003,583702153,2^583702153-1,STRUCTURAL_SCREEN_EXHAUSTED_PRIMALITY_UNASSIGNED,GF3A_DIRECTIONAL_WRITE_EXHAUSTED_PRIMALITY_UNASSIGNED,513,512,512,NO_RECORDED_FACTOR_PRP_OR_LL_RESULT_AND_NO_ACTIVE_GIMPS_ASSIGNMENT,2026-08-09T04:34:14+00:00,UNALLOCATED,,,,,
SLCMP1765-4004,4004,4004,583702267,2^583702267-1,STRUCTURAL_SCREEN_EXHAUSTED_PRIMALITY_UNASSIGNED,GF3A_DIRECTIONAL_WRITE_EXHAUSTED_PRIMALITY_UNASSIGNED,514,512,512,NO_RECORDED_FACTOR_PRP_OR_LL_RESULT_AND_NO_ACTIVE_GIMPS_ASSIGNMENT,2026-08-09T04:34:14+00:00,UNALLOCATED,,,,,
SLCMP1765-4005,4005,4005,583702369,2^583702369-1,STRUCTURAL_SCREEN_EXHAUSTED_PRIMALITY_UNASSIGNED,GF3A_DIRECTIONAL_WRITE_EXHAUSTED_PRIMALITY_UNASSIGNED,513,512,512,NO_RECORDED_FACTOR_PRP_OR_LL_RESULT_AND_NO_ACTIVE_GIMPS_ASSIGNMENT,2026-08-09T04:34:14+00:00,UNALLOCATED,,,,,
SLCMP1765-4006,4006,4006,583702387,2^583702387-1,STRUCTURAL_SCREEN_EXHAUSTED_PRIMALITY_UNASSIGNED,GF3A_DIRECTIONAL_WRITE_EXHAUSTED_PRIMALITY_UNASSIGNED,514,512,512,NO_RECORDED_FACTOR_PRP_OR_LL_RESULT_AND_NO_ACTIVE_GIMPS_ASSIGNMENT,2026-08-09T04:34:14+00:00,UNALLOCATED,,,,,
SLCMP1765-4007,4007,4007,583702453,2^583702453-1,STRUCTURAL_SCREEN_EXHAUSTED_PRIMALITY_UNASSIGNED,GF3A_DIRECTIONAL_WRITE_EXHAUSTED_PRIMALITY_UNASSIGNED,513,512,512,NO_RECORDED_FACTOR_PRP_OR_LL_RESULT_AND_NO_ACTIVE_GIMPS_ASSIGNMENT,2026-08-09T04:34:14+00:00,UNALLOCATED,,,,,
SLCMP1765-4008,4008,4008,583702501,2^583702501-1,STRUCTURAL_SCREEN_EXHAUSTED_PRIMALITY_UNASSIGNED,GF3A_DIRECTIONAL_WRITE_EXHAUSTED_PRIMALITY_UNASSIGNED,513,512,512,NO_RECORDED_FACTOR_PRP_OR_LL_RESULT_AND_NO_ACTIVE_GIMPS_ASSIGNMENT,2026-08-09T04:34:14+00:00,UNALLOCATED,,,,,
SLCMP1765-4009,4009,4009,583702549,2^583702549-1,STRUCTURAL_SCREEN_EXHAUSTED_PRIMALITY_UNASSIGNED,GF3A_DIRECTIONAL_WRITE_EXHAUSTED_PRIMALITY_UNASSIGNED,513,512,512,NO_RECORDED_FACTOR_PRP_OR_LL_RESULT_AND_NO_ACTIVE_GIMPS_ASSIGNMENT,2026-08-09T04:34:14+00:00,UNALLOCATED,,,,,
SLCMP1765-4010,4010,4010,583702589,2^583702589-1,STRUCTURAL_SCREEN_EXHAUSTED_PRIMALITY_UNASSIGNED,GF3A_DIRECTIONAL_WRITE_EXHAUSTED_PRIMALITY_UNASSIGNED,513,512,512,NO_RECORDED_FACTOR_PRP_OR_LL_RESULT_AND_NO_ACTIVE_GIMPS_ASSIGNMENT,2026-08-09T04:34:14+00:00,UNALLOCATED,,,,,
SLCMP1765-4011,4011,4011,583702681,2^583702681-1,STRUCTURAL_SCREEN_EXHAUSTED_PRIMALITY_UNASSIGNED,GF3A_DIRECTIONAL_WRITE_EXHAUSTED_PRIMALITY_UNASSIGNED,513,512,512,NO_RECORDED_FACTOR_PRP_OR_LL_RESULT_AND_NO_ACTIVE_GIMPS_ASSIGNMENT,2026-08-09T04:34:14+00:00,UNALLOCATED,,,,,
SLCMP1765-4012,4012,4012,583702687,2^583702687-1,STRUCTURAL_SCREEN_EXHAUSTED_PRIMALITY_UNASSIGNED,GF3A_DIRECTIONAL_WRITE_EXHAUSTED_PRIMALITY_UNASSIGNED,514,512,512,NO_RECORDED_FACTOR_PRP_OR_LL_RESULT_AND_NO_ACTIVE_GIMPS_ASSIGNMENT,2026-08-09T04:34:14+00:00,UNALLOCATED,,,,,
SLCMP1765-4013,4013,4013,583702703,2^583702703-1,STRUCTURAL_SCREEN_EXHAUSTED_PRIMALITY_UNASSIGNED,GF3A_DIRECTIONAL_WRITE_EXHAUSTED_PRIMALITY_UNASSIGNED,514,512,512,NO_RECORDED_FACTOR_PRP_OR_LL_RESULT_AND_NO_ACTIVE_GIMPS_ASSIGNMENT,2026-08-09T04:34:14+00:00,UNALLOCATED,,,,,
SLCMP1765-4014,4014,4014,583702709,2^583702709-1,STRUCTURAL_SCREEN_EXHAUSTED_PRIMALITY_UNASSIGNED,GF3A_DIRECTIONAL_WRITE_EXHAUSTED_PRIMALITY_UNASSIGNED,513,512,512,NO_RECORDED_FACTOR_PRP_OR_LL_RESULT_AND_NO_ACTIVE_GIMPS_ASSIGNMENT,2026-08-09T04:34:14+00:00,UNALLOCATED,,,,,
SLCMP1765-4015,4015,4015,583702783,2^583702783-1,STRUCTURAL_SCREEN_EXHAUSTED_PRIMALITY_UNASSIGNED,GF3A_DIRECTIONAL_WRITE_EXHAUSTED_PRIMALITY_UNASSIGNED,514,512,512,NO_RECORDED_FACTOR_PRP_OR_LL_RESULT_AND_NO_ACTIVE_GIMPS_ASSIGNMENT,2026-08-09T04:34:14+00:00,UNALLOCATED,,,,,
SLCMP1765-4016,4016,4016,583702843,2^583702843-1,STRUCTURAL_SCREEN_EXHAUSTED_PRIMALITY_UNASSIGNED,GF3A_DIRECTIONAL_WRITE_EXHAUSTED_PRIMALITY_UNASSIGNED,514,512,512,NO_RECORDED_FACTOR_PRP_OR_LL_RESULT_AND_NO_ACTIVE_GIMPS_ASSIGNMENT,2026-08-09T04:34:14+00:00,UNALLOCATED,,,,,
SLCMP1765-4017,4017,4017,583702859,2^583702859-1,STRUCTURAL_SCREEN_EXHAUSTED_PRIMALITY_UNASSIGNED,GF3A_DIRECTIONAL_WRITE_EXHAUSTED_PRIMALITY_UNASSIGNED,514,512,512,NO_RECORDED_FACTOR_PRP_OR_LL_RESULT_AND_NO_ACTIVE_GIMPS_ASSIGNMENT,2026-08-09T04:34:14+00:00,UNALLOCATED,,,,,
SLCMP1765-4018,4018,4018,583702897,2^583702897-1,STRUCTURAL_SCREEN_EXHAUSTED_PRIMALITY_UNASSIGNED,GF3A_DIRECTIONAL_WRITE_EXHAUSTED_PRIMALITY_UNASSIGNED,513,512,512,NO_RECORDED_FACTOR_PRP_OR_LL_RESULT_AND_NO_ACTIVE_GIMPS_ASSIGNMENT,2026-08-09T04:34:14+00:00,UNALLOCATED,,,,,
SLCMP1765-4019,4019,4019,583702913,2^583702913-1,STRUCTURAL_SCREEN_EXHAUSTED_PRIMALITY_UNASSIGNED,GF3A_DIRECTIONAL_WRITE_EXHAUSTED_PRIMALITY_UNASSIGNED,513,512,512,NO_RECORDED_FACTOR_PRP_OR_LL_RESULT_AND_NO_ACTIVE_GIMPS_ASSIGNMENT,2026-08-09T04:34:14+00:00,UNALLOCATED,,,,,
SLCMP1765-4020,4020,4020,583702967,2^583702967-1,STRUCTURAL_SCREEN_EXHAUSTED_PRIMALITY_UNASSIGNED,GF3A_DIRECTIONAL_WRITE_EXHAUSTED_PRIMALITY_UNASSIGNED,514,512,512,NO_RECORDED_FACTOR_PRP_OR_LL_RESULT_AND_NO_ACTIVE_GIMPS_ASSIGNMENT,2026-08-09T04:34:14+00:00,UNALLOCATED,,,,,
SLCMP1765-4021,4021,4021,583703017,2^583703017-1,STRUCTURAL_SCREEN_EXHAUSTED_PRIMALITY_UNASSIGNED,GF3A_DIRECTIONAL_WRITE_EXHAUSTED_PRIMALITY_UNASSIGNED,513,512,512,NO_RECORDED_FACTOR_PRP_OR_LL_RESULT_AND_NO_ACTIVE_GIMPS_ASSIGNMENT,2026-08-09T04:34:14+00:00,UNALLOCATED,,,,,
SLCMP1765-4022,4022,4022,583703147,2^583703147-1,STRUCTURAL_SCREEN_EXHAUSTED_PRIMALITY_UNASSIGNED,GF3A_DIRECTIONAL_WRITE_EXHAUSTED_PRIMALITY_UNASSIGNED,514,512,512,NO_RECORDED_FACTOR_PRP_OR_LL_RESULT_AND_NO_ACTIVE_GIMPS_ASSIGNMENT,2026-08-09T04:34:14+00:00,UNALLOCATED,,,,,
SLCMP1765-4023,4023,4023,583703171,2^583703171-1,STRUCTURAL_SCREEN_EXHAUSTED_PRIMALITY_UNASSIGNED,GF3A_DIRECTIONAL_WRITE_EXHAUSTED_PRIMALITY_UNASSIGNED,514,512,512,NO_RECORDED_FACTOR_PRP_OR_LL_RESULT_AND_NO_ACTIVE_GIMPS_ASSIGNMENT,2026-08-09T04:34:14+00:00,UNALLOCATED,,,,,
SLCMP1765-4024,4024,4024,583703221,2^583703221-1,STRUCTURAL_SCREEN_EXHAUSTED_PRIMALITY_UNASSIGNED,GF3A_DIRECTIONAL_WRITE_EXHAUSTED_PRIMALITY_UNASSIGNED,513,512,512,NO_RECORDED_FACTOR_PRP_OR_LL_RESULT_AND_NO_ACTIVE_GIMPS_ASSIGNMENT,2026-08-09T04:34:14+00:00,UNALLOCATED,,,,,
SLCMP1765-4025,4025,4025,583703273,2^583703273-1,STRUCTURAL_SCREEN_EXHAUSTED_PRIMALITY_UNASSIGNED,GF3A_DIRECTIONAL_WRITE_EXHAUSTED_PRIMALITY_UNASSIGNED,513,512,512,NO_RECORDED_FACTOR_PRP_OR_LL_RESULT_AND_NO_ACTIVE_GIMPS_ASSIGNMENT,2026-08-09T04:34:14+00:00,UNALLOCATED,,,,,
SLCMP1765-4026,4026,4026,583703287,2^583703287-1,STRUCTURAL_SCREEN_EXHAUSTED_PRIMALITY_UNASSIGNED,GF3A_DIRECTIONAL_WRITE_EXHAUSTED_PRIMALITY_UNASSIGNED,514,512,512,NO_RECORDED_FACTOR_PRP_OR_LL_RESULT_AND_NO_ACTIVE_GIMPS_ASSIGNMENT,2026-08-09T04:34:14+00:00,UNALLOCATED,,,,,
SLCMP1765-4027,4027,4027,583703291,2^583703291-1,STRUCTURAL_SCREEN_EXHAUSTED_PRIMALITY_UNASSIGNED,GF3A_DIRECTIONAL_WRITE_EXHAUSTED_PRIMALITY_UNASSIGNED,514,512,512,NO_RECORDED_FACTOR_PRP_OR_LL_RESULT_AND_NO_ACTIVE_GIMPS_ASSIGNMENT,2026-08-09T04:34:14+00:00,UNALLOCATED,,,,,
SLCMP1765-4028,4028,4028,583703311,2^583703311-1,STRUCTURAL_SCREEN_EXHAUSTED_PRIMALITY_UNASSIGNED,GF3A_DIRECTIONAL_WRITE_EXHAUSTED_PRIMALITY_UNASSIGNED,514,512,512,NO_RECORDED_FACTOR_PRP_OR_LL_RESULT_AND_NO_ACTIVE_GIMPS_ASSIGNMENT,2026-08-09T04:34:14+00:00,UNALLOCATED,,,,,
SLCMP1765-4029,4029,4029,583703333,2^583703333-1,STRUCTURAL_SCREEN_EXHAUSTED_PRIMALITY_UNASSIGNED,GF3A_DIRECTIONAL_WRITE_EXHAUSTED_PRIMALITY_UNASSIGNED,513,512,512,NO_RECORDED_FACTOR_PRP_OR_LL_RESULT_AND_NO_ACTIVE_GIMPS_ASSIGNMENT,2026-08-09T04:34:14+00:00,UNALLOCATED,,,,,
SLCMP1765-4030,4030,4030,583703383,2^583703383-1,STRUCTURAL_SCREEN_EXHAUSTED_PRIMALITY_UNASSIGNED,GF3A_DIRECTIONAL_WRITE_EXHAUSTED_PRIMALITY_UNASSIGNED,514,512,512,NO_RECORDED_FACTOR_PRP_OR_LL_RESULT_AND_NO_ACTIVE_GIMPS_ASSIGNMENT,2026-08-09T04:34:14+00:00,UNALLOCATED,,,,,
SLCMP1765-4031,4031,4031,583703399,2^583703399-1,STRUCTURAL_SCREEN_EXHAUSTED_PRIMALITY_UNASSIGNED,GF3A_DIRECTIONAL_WRITE_EXHAUSTED_PRIMALITY_UNASSIGNED,514,512,512,NO_RECORDED_FACTOR_PRP_OR_LL_RESULT_AND_NO_ACTIVE_GIMPS_ASSIGNMENT,2026-08-09T04:34:14+00:00,UNALLOCATED,,,,,
SLCMP1765-4032,4032,4032,583703467,2^583703467-1,STRUCTURAL_SCREEN_EXHAUSTED_PRIMALITY_UNASSIGNED,GF3A_DIRECTIONAL_WRITE_EXHAUSTED_PRIMALITY_UNASSIGNED,514,512,512,NO_RECORDED_FACTOR_PRP_OR_LL_RESULT_AND_NO_ACTIVE_GIMPS_ASSIGNMENT,2026-08-09T04:34:14+00:00,UNALLOCATED,,,,,
SLCMP1765-4033,4033,4033,583703513,2^583703513-1,STRUCTURAL_SCREEN_EXHAUSTED_PRIMALITY_UNASSIGNED,GF3A_DIRECTIONAL_WRITE_EXHAUSTED_PRIMALITY_UNASSIGNED,513,512,512,NO_RECORDED_FACTOR_PRP_OR_LL_RESULT_AND_NO_ACTIVE_GIMPS_ASSIGNMENT,2026-08-09T04:34:14+00:00,UNALLOCATED,,,,,
SLCMP1765-4034,4034,4034,583703537,2^583703537-1,STRUCTURAL_SCREEN_EXHAUSTED_PRIMALITY_UNASSIGNED,GF3A_DIRECTIONAL_WRITE_EXHAUSTED_PRIMALITY_UNASSIGNED,513,512,512,NO_RECORDED_FACTOR_PRP_OR_LL_RESULT_AND_NO_ACTIVE_GIMPS_ASSIGNMENT,2026-08-09T04:34:14+00:00,UNALLOCATED,,,,,
SLCMP1765-4035,4035,4035,583703573,2^583703573-1,STRUCTURAL_SCREEN_EXHAUSTED_PRIMALITY_UNASSIGNED,GF3A_DIRECTIONAL_WRITE_EXHAUSTED_PRIMALITY_UNASSIGNED,513,512,512,NO_RECORDED_FACTOR_PRP_OR_LL_RESULT_AND_NO_ACTIVE_GIMPS_ASSIGNMENT,2026-08-09T04:34:14+00:00,UNALLOCATED,,,,,
SLCMP1765-4036,4036,4036,583703581,2^583703581-1,STRUCTURAL_SCREEN_EXHAUSTED_PRIMALITY_UNASSIGNED,GF3A_DIRECTIONAL_WRITE_EXHAUSTED_PRIMALITY_UNASSIGNED,513,512,512,NO_RECORDED_FACTOR_PRP_OR_LL_RESULT_AND_NO_ACTIVE_GIMPS_ASSIGNMENT,2026-08-09T04:34:14+00:00,UNALLOCATED,,,,,
SLCMP1765-4037,4037,4037,583703599,2^583703599-1,STRUCTURAL_SCREEN_EXHAUSTED_PRIMALITY_UNASSIGNED,GF3A_DIRECTIONAL_WRITE_EXHAUSTED_PRIMALITY_UNASSIGNED,514,512,512,NO_RECORDED_FACTOR_PRP_OR_LL_RESULT_AND_NO_ACTIVE_GIMPS_ASSIGNMENT,2026-08-09T04:34:14+00:00,UNALLOCATED,,,,,
SLCMP1765-4038,4038,4038,583703651,2^583703651-1,STRUCTURAL_SCREEN_EXHAUSTED_PRIMALITY_UNASSIGNED,GF3A_DIRECTIONAL_WRITE_EXHAUSTED_PRIMALITY_UNASSIGNED,514,512,512,NO_RECORDED_FACTOR_PRP_OR_LL_RESULT_AND_NO_ACTIVE_GIMPS_ASSIGNMENT,2026-08-09T04:34:14+00:00,UNALLOCATED,,,,,
SLCMP1765-4039,4039,4039,583703671,2^583703671-1,STRUCTURAL_SCREEN_EXHAUSTED_PRIMALITY_UNASSIGNED,GF3A_DIRECTIONAL_WRITE_EXHAUSTED_PRIMALITY_UNASSIGNED,514,512,512,NO_RECORDED_FACTOR_PRP_OR_LL_RESULT_AND_NO_ACTIVE_GIMPS_ASSIGNMENT,2026-08-09T04:34:14+00:00,UNALLOCATED,,,,,
SLCMP1765-4040,4040,4040,583703699,2^583703699-1,STRUCTURAL_SCREEN_EXHAUSTED_PRIMALITY_UNASSIGNED,GF3A_DIRECTIONAL_WRITE_EXHAUSTED_PRIMALITY_UNASSIGNED,514,512,512,NO_RECORDED_FACTOR_PRP_OR_LL_RESULT_AND_NO_ACTIVE_GIMPS_ASSIGNMENT,2026-08-09T04:34:14+00:00,UNALLOCATED,,,,,
SLCMP1765-4041,4041,4041,583703719,2^583703719-1,STRUCTURAL_SCREEN_EXHAUSTED_PRIMALITY_UNASSIGNED,GF3A_DIRECTIONAL_WRITE_EXHAUSTED_PRIMALITY_UNASSIGNED,514,512,512,NO_RECORDED_FACTOR_PRP_OR_LL_RESULT_AND_NO_ACTIVE_GIMPS_ASSIGNMENT,2026-08-09T04:34:14+00:00,UNALLOCATED,,,,,
SLCMP1765-4042,4042,4042,583703777,2^583703777-1,STRUCTURAL_SCREEN_EXHAUSTED_PRIMALITY_UNASSIGNED,GF3A_DIRECTIONAL_WRITE_EXHAUSTED_PRIMALITY_UNASSIGNED,513,512,512,NO_RECORDED_FACTOR_PRP_OR_LL_RESULT_AND_NO_ACTIVE_GIMPS_ASSIGNMENT,2026-08-09T04:34:14+00:00,UNALLOCATED,,,,,
SLCMP1765-4043,4043,4043,583703837,2^583703837-1,STRUCTURAL_SCREEN_EXHAUSTED_PRIMALITY_UNASSIGNED,GF3A_DIRECTIONAL_WRITE_EXHAUSTED_PRIMALITY_UNASSIGNED,513,512,512,NO_RECORDED_FACTOR_PRP_OR_LL_RESULT_AND_NO_ACTIVE_GIMPS_ASSIGNMENT,2026-08-09T04:34:14+00:00,UNALLOCATED,,,,,
SLCMP1765-4044,4044,4044,583703963,2^583703963-1,STRUCTURAL_SCREEN_EXHAUSTED_PRIMALITY_UNASSIGNED,GF3A_DIRECTIONAL_WRITE_EXHAUSTED_PRIMALITY_UNASSIGNED,514,512,512,NO_RECORDED_FACTOR_PRP_OR_LL_RESULT_AND_NO_ACTIVE_GIMPS_ASSIGNMENT,2026-08-09T04:34:14+00:00,UNALLOCATED,,,,,
SLCMP1765-4045,4045,4045,583704101,2^583704101-1,STRUCTURAL_SCREEN_EXHAUSTED_PRIMALITY_UNASSIGNED,GF3A_DIRECTIONAL_WRITE_EXHAUSTED_PRIMALITY_UNASSIGNED,513,512,512,NO_RECORDED_FACTOR_PRP_OR_LL_RESULT_AND_NO_ACTIVE_GIMPS_ASSIGNMENT,2026-08-09T04:34:14+00:00,UNALLOCATED,,,,,
SLCMP1765-4046,4046,4046,583704109,2^583704109-1,STRUCTURAL_SCREEN_EXHAUSTED_PRIMALITY_UNASSIGNED,GF3A_DIRECTIONAL_WRITE_EXHAUSTED_PRIMALITY_UNASSIGNED,513,512,512,NO_RECORDED_FACTOR_PRP_OR_LL_RESULT_AND_NO_ACTIVE_GIMPS_ASSIGNMENT,2026-08-09T04:34:14+00:00,UNALLOCATED,,,,,
SLCMP1765-4047,4047,4047,583704157,2^583704157-1,STRUCTURAL_SCREEN_EXHAUSTED_PRIMALITY_UNASSIGNED,GF3A_DIRECTIONAL_WRITE_EXHAUSTED_PRIMALITY_UNASSIGNED,513,512,512,NO_RECORDED_FACTOR_PRP_OR_LL_RESULT_AND_NO_ACTIVE_GIMPS_ASSIGNMENT,2026-08-09T04:34:14+00:00,UNALLOCATED,,,,,
SLCMP1765-4048,4048,4048,583704227,2^583704227-1,STRUCTURAL_SCREEN_EXHAUSTED_PRIMALITY_UNASSIGNED,GF3A_DIRECTIONAL_WRITE_EXHAUSTED_PRIMALITY_UNASSIGNED,514,512,512,NO_RECORDED_FACTOR_PRP_OR_LL_RESULT_AND_NO_ACTIVE_GIMPS_ASSIGNMENT,2026-08-09T04:34:14+00:00,UNALLOCATED,,,,,
SLCMP1765-4049,4049,4049,583704259,2^583704259-1,STRUCTURAL_SCREEN_EXHAUSTED_PRIMALITY_UNASSIGNED,GF3A_DIRECTIONAL_WRITE_EXHAUSTED_PRIMALITY_UNASSIGNED,514,512,512,NO_RECORDED_FACTOR_PRP_OR_LL_RESULT_AND_NO_ACTIVE_GIMPS_ASSIGNMENT,2026-08-09T04:34:14+00:00,UNALLOCATED,,,,,
SLCMP1765-4050,4050,4050,583704271,2^583704271-1,STRUCTURAL_SCREEN_EXHAUSTED_PRIMALITY_UNASSIGNED,GF3A_DIRECTIONAL_WRITE_EXHAUSTED_PRIMALITY_UNASSIGNED,514,512,512,NO_RECORDED_FACTOR_PRP_OR_LL_RESULT_AND_NO_ACTIVE_GIMPS_ASSIGNMENT,2026-08-09T04:34:14+00:00,UNALLOCATED,,,,,
SLCMP1765-4051,4051,4051,583704397,2^583704397-1,STRUCTURAL_SCREEN_EXHAUSTED_PRIMALITY_UNASSIGNED,GF3A_DIRECTIONAL_WRITE_EXHAUSTED_PRIMALITY_UNASSIGNED,513,512,512,NO_RECORDED_FACTOR_PRP_OR_LL_RESULT_AND_NO_ACTIVE_GIMPS_ASSIGNMENT,2026-08-09T04:34:14+00:00,UNALLOCATED,,,,,
SLCMP1765-4052,4052,4052,583704439,2^583704439-1,STRUCTURAL_SCREEN_EXHAUSTED_PRIMALITY_UNASSIGNED,GF3A_DIRECTIONAL_WRITE_EXHAUSTED_PRIMALITY_UNASSIGNED,514,512,512,NO_RECORDED_FACTOR_PRP_OR_LL_RESULT_AND_NO_ACTIVE_GIMPS_ASSIGNMENT,2026-08-09T04:34:14+00:00,UNALLOCATED,,,,,
SLCMP1765-4053,4053,4053,583704713,2^583704713-1,STRUCTURAL_SCREEN_EXHAUSTED_PRIMALITY_UNASSIGNED,GF3A_DIRECTIONAL_WRITE_EXHAUSTED_PRIMALITY_UNASSIGNED,513,512,512,NO_RECORDED_FACTOR_PRP_OR_LL_RESULT_AND_NO_ACTIVE_GIMPS_ASSIGNMENT,2026-08-09T04:34:14+00:00,UNALLOCATED,,,,,
SLCMP1765-4054,4054,4054,583704731,2^583704731-1,STRUCTURAL_SCREEN_EXHAUSTED_PRIMALITY_UNASSIGNED,GF3A_DIRECTIONAL_WRITE_EXHAUSTED_PRIMALITY_UNASSIGNED,514,512,512,NO_RECORDED_FACTOR_PRP_OR_LL_RESULT_AND_NO_ACTIVE_GIMPS_ASSIGNMENT,2026-08-09T04:34:14+00:00,UNALLOCATED,,,,,
SLCMP1765-4055,4055,4055,583704769,2^583704769-1,STRUCTURAL_SCREEN_EXHAUSTED_PRIMALITY_UNASSIGNED,GF3A_DIRECTIONAL_WRITE_EXHAUSTED_PRIMALITY_UNASSIGNED,513,512,512,NO_RECORDED_FACTOR_PRP_OR_LL_RESULT_AND_NO_ACTIVE_GIMPS_ASSIGNMENT,2026-08-09T04:34:14+00:00,UNALLOCATED,,,,,
SLCMP1765-4056,4056,4056,583704817,2^583704817-1,STRUCTURAL_SCREEN_EXHAUSTED_PRIMALITY_UNASSIGNED,GF3A_DIRECTIONAL_WRITE_EXHAUSTED_PRIMALITY_UNASSIGNED,513,512,512,NO_RECORDED_FACTOR_PRP_OR_LL_RESULT_AND_NO_ACTIVE_GIMPS_ASSIGNMENT,2026-08-09T04:34:14+00:00,UNALLOCATED,,,,,
SLCMP1765-4057,4057,4057,583704883,2^583704883-1,STRUCTURAL_SCREEN_EXHAUSTED_PRIMALITY_UNASSIGNED,GF3A_DIRECTIONAL_WRITE_EXHAUSTED_PRIMALITY_UNASSIGNED,514,512,512,NO_RECORDED_FACTOR_PRP_OR_LL_RESULT_AND_NO_ACTIVE_GIMPS_ASSIGNMENT,2026-08-09T04:34:14+00:00,UNALLOCATED,,,,,
SLCMP1765-4058,4058,4058,583704937,2^583704937-1,STRUCTURAL_SCREEN_EXHAUSTED_PRIMALITY_UNASSIGNED,GF3A_DIRECTIONAL_WRITE_EXHAUSTED_PRIMALITY_UNASSIGNED,513,512,512,NO_RECORDED_FACTOR_PRP_OR_LL_RESULT_AND_NO_ACTIVE_GIMPS_ASSIGNMENT,2026-08-09T04:34:14+00:00,UNALLOCATED,,,,,
SLCMP1765-4059,4059,4059,583704949,2^583704949-1,STRUCTURAL_SCREEN_EXHAUSTED_PRIMALITY_UNASSIGNED,GF3A_DIRECTIONAL_WRITE_EXHAUSTED_PRIMALITY_UNASSIGNED,513,512,512,NO_RECORDED_FACTOR_PRP_OR_LL_RESULT_AND_NO_ACTIVE_GIMPS_ASSIGNMENT,2026-08-09T04:34:14+00:00,UNALLOCATED,,,,,
SLCMP1765-4060,4060,4060,583704973,2^583704973-1,STRUCTURAL_SCREEN_EXHAUSTED_PRIMALITY_UNASSIGNED,GF3A_DIRECTIONAL_WRITE_EXHAUSTED_PRIMALITY_UNASSIGNED,513,512,512,NO_RECORDED_FACTOR_PRP_OR_LL_RESULT_AND_NO_ACTIVE_GIMPS_ASSIGNMENT,2026-08-09T04:34:14+00:00,UNALLOCATED,,,,,
SLCMP1765-4061,4061,4061,583705027,2^583705027-1,STRUCTURAL_SCREEN_EXHAUSTED_PRIMALITY_UNASSIGNED,GF3A_DIRECTIONAL_WRITE_EXHAUSTED_PRIMALITY_UNASSIGNED,514,512,512,NO_RECORDED_FACTOR_PRP_OR_LL_RESULT_AND_NO_ACTIVE_GIMPS_ASSIGNMENT,2026-08-09T04:34:14+00:00,UNALLOCATED,,,,,
SLCMP1765-4062,4062,4062,583705033,2^583705033-1,STRUCTURAL_SCREEN_EXHAUSTED_PRIMALITY_UNASSIGNED,GF3A_DIRECTIONAL_WRITE_EXHAUSTED_PRIMALITY_UNASSIGNED,513,512,512,NO_RECORDED_FACTOR_PRP_OR_LL_RESULT_AND_NO_ACTIVE_GIMPS_ASSIGNMENT,2026-08-09T04:34:14+00:00,UNALLOCATED,,,,,
SLCMP1765-4063,4063,4063,583705043,2^583705043-1,STRUCTURAL_SCREEN_EXHAUSTED_PRIMALITY_UNASSIGNED,GF3A_DIRECTIONAL_WRITE_EXHAUSTED_PRIMALITY_UNASSIGNED,514,512,512,NO_RECORDED_FACTOR_PRP_OR_LL_RESULT_AND_NO_ACTIVE_GIMPS_ASSIGNMENT,2026-08-09T04:34:14+00:00,UNALLOCATED,,,,,
SLCMP1765-4064,4064,4064,583705121,2^583705121-1,STRUCTURAL_SCREEN_EXHAUSTED_PRIMALITY_UNASSIGNED,GF3A_DIRECTIONAL_WRITE_EXHAUSTED_PRIMALITY_UNASSIGNED,513,512,512,NO_RECORDED_FACTOR_PRP_OR_LL_RESULT_AND_NO_ACTIVE_GIMPS_ASSIGNMENT,2026-08-09T04:34:14+00:00,UNALLOCATED,,,,,
SLCMP1765-4065,4065,4065,583705189,2^583705189-1,STRUCTURAL_SCREEN_EXHAUSTED_PRIMALITY_UNASSIGNED,GF3A_DIRECTIONAL_WRITE_EXHAUSTED_PRIMALITY_UNASSIGNED,513,512,512,NO_RECORDED_FACTOR_PRP_OR_LL_RESULT_AND_NO_ACTIVE_GIMPS_ASSIGNMENT,2026-08-09T04:34:14+00:00,UNALLOCATED,,,,,
SLCMP1765-4066,4066,4066,583705237,2^583705237-1,STRUCTURAL_SCREEN_EXHAUSTED_PRIMALITY_UNASSIGNED,GF3A_DIRECTIONAL_WRITE_EXHAUSTED_PRIMALITY_UNASSIGNED,513,512,512,NO_RECORDED_FACTOR_PRP_OR_LL_RESULT_AND_NO_ACTIVE_GIMPS_ASSIGNMENT,2026-08-09T04:34:14+00:00,UNALLOCATED,,,,,
SLCMP1765-4067,4067,4067,583705277,2^583705277-1,STRUCTURAL_SCREEN_EXHAUSTED_PRIMALITY_UNASSIGNED,GF3A_DIRECTIONAL_WRITE_EXHAUSTED_PRIMALITY_UNASSIGNED,513,512,512,NO_RECORDED_FACTOR_PRP_OR_LL_RESULT_AND_NO_ACTIVE_GIMPS_ASSIGNMENT,2026-08-09T04:34:14+00:00,UNALLOCATED,,,,,
SLCMP1765-4068,4068,4068,583705393,2^583705393-1,STRUCTURAL_SCREEN_EXHAUSTED_PRIMALITY_UNASSIGNED,GF3A_DIRECTIONAL_WRITE_EXHAUSTED_PRIMALITY_UNASSIGNED,513,512,512,NO_RECORDED_FACTOR_PRP_OR_LL_RESULT_AND_NO_ACTIVE_GIMPS_ASSIGNMENT,2026-08-09T04:34:14+00:00,UNALLOCATED,,,,,
SLCMP1765-4069,4069,4069,583705469,2^583705469-1,STRUCTURAL_SCREEN_EXHAUSTED_PRIMALITY_UNASSIGNED,GF3A_DIRECTIONAL_WRITE_EXHAUSTED_PRIMALITY_UNASSIGNED,513,512,512,NO_RECORDED_FACTOR_PRP_OR_LL_RESULT_AND_NO_ACTIVE_GIMPS_ASSIGNMENT,2026-08-09T04:34:14+00:00,UNALLOCATED,,,,,
SLCMP1765-4070,4070,4070,583705471,2^583705471-1,STRUCTURAL_SCREEN_EXHAUSTED_PRIMALITY_UNASSIGNED,GF3A_DIRECTIONAL_WRITE_EXHAUSTED_PRIMALITY_UNASSIGNED,514,512,512,NO_RECORDED_FACTOR_PRP_OR_LL_RESULT_AND_NO_ACTIVE_GIMPS_ASSIGNMENT,2026-08-09T04:34:14+00:00,UNALLOCATED,,,,,
SLCMP1765-4071,4071,4071,583705501,2^583705501-1,STRUCTURAL_SCREEN_EXHAUSTED_PRIMALITY_UNASSIGNED,GF3A_DIRECTIONAL_WRITE_EXHAUSTED_PRIMALITY_UNASSIGNED,513,512,512,NO_RECORDED_FACTOR_PRP_OR_LL_RESULT_AND_NO_ACTIVE_GIMPS_ASSIGNMENT,2026-08-09T04:34:14+00:00,UNALLOCATED,,,,,
SLCMP1765-4072,4072,4072,583705559,2^583705559-1,STRUCTURAL_SCREEN_EXHAUSTED_PRIMALITY_UNASSIGNED,GF3A_DIRECTIONAL_WRITE_EXHAUSTED_PRIMALITY_UNASSIGNED,514,512,512,NO_RECORDED_FACTOR_PRP_OR_LL_RESULT_AND_NO_ACTIVE_GIMPS_ASSIGNMENT,2026-08-09T04:34:14+00:00,UNALLOCATED,,,,,
SLCMP1765-4073,4073,4073,583705571,2^583705571-1,STRUCTURAL_SCREEN_EXHAUSTED_PRIMALITY_UNASSIGNED,GF3A_DIRECTIONAL_WRITE_EXHAUSTED_PRIMALITY_UNASSIGNED,514,512,512,NO_RECORDED_FACTOR_PRP_OR_LL_RESULT_AND_NO_ACTIVE_GIMPS_ASSIGNMENT,2026-08-09T04:34:14+00:00,UNALLOCATED,,,,,
SLCMP1765-4074,4074,4074,583705579,2^583705579-1,STRUCTURAL_SCREEN_EXHAUSTED_PRIMALITY_UNASSIGNED,GF3A_DIRECTIONAL_WRITE_EXHAUSTED_PRIMALITY_UNASSIGNED,514,512,512,NO_RECORDED_FACTOR_PRP_OR_LL_RESULT_AND_NO_ACTIVE_GIMPS_ASSIGNMENT,2026-08-09T04:34:14+00:00,UNALLOCATED,,,,,
SLCMP1765-4075,4075,4075,583705583,2^583705583-1,STRUCTURAL_SCREEN_EXHAUSTED_PRIMALITY_UNASSIGNED,GF3A_DIRECTIONAL_WRITE_EXHAUSTED_PRIMALITY_UNASSIGNED,514,512,512,NO_RECORDED_FACTOR_PRP_OR_LL_RESULT_AND_NO_ACTIVE_GIMPS_ASSIGNMENT,2026-08-09T04:34:14+00:00,UNALLOCATED,,,,,
SLCMP1765-4076,4076,4076,583705667,2^583705667-1,STRUCTURAL_SCREEN_EXHAUSTED_PRIMALITY_UNASSIGNED,GF3A_DIRECTIONAL_WRITE_EXHAUSTED_PRIMALITY_UNASSIGNED,514,512,512,NO_RECORDED_FACTOR_PRP_OR_LL_RESULT_AND_NO_ACTIVE_GIMPS_ASSIGNMENT,2026-08-09T04:34:14+00:00,UNALLOCATED,,,,,
SLCMP1765-4077,4077,4077,583705709,2^583705709-1,STRUCTURAL_SCREEN_EXHAUSTED_PRIMALITY_UNASSIGNED,GF3A_DIRECTIONAL_WRITE_EXHAUSTED_PRIMALITY_UNASSIGNED,513,512,512,NO_RECORDED_FACTOR_PRP_OR_LL_RESULT_AND_NO_ACTIVE_GIMPS_ASSIGNMENT,2026-08-09T04:34:14+00:00,UNALLOCATED,,,,,
SLCMP1765-4078,4078,4078,583705817,2^583705817-1,STRUCTURAL_SCREEN_EXHAUSTED_PRIMALITY_UNASSIGNED,GF3A_DIRECTIONAL_WRITE_EXHAUSTED_PRIMALITY_UNASSIGNED,513,512,512,NO_RECORDED_FACTOR_PRP_OR_LL_RESULT_AND_NO_ACTIVE_GIMPS_ASSIGNMENT,2026-08-09T04:34:14+00:00,UNALLOCATED,,,,,
SLCMP1765-4079,4079,4079,583705963,2^583705963-1,STRUCTURAL_SCREEN_EXHAUSTED_PRIMALITY_UNASSIGNED,GF3A_DIRECTIONAL_WRITE_EXHAUSTED_PRIMALITY_UNASSIGNED,514,512,512,NO_RECORDED_FACTOR_PRP_OR_LL_RESULT_AND_NO_ACTIVE_GIMPS_ASSIGNMENT,2026-08-09T04:34:14+00:00,UNALLOCATED,,,,,
SLCMP1765-4080,4080,4080,583706023,2^583706023-1,STRUCTURAL_SCREEN_EXHAUSTED_PRIMALITY_UNASSIGNED,GF3A_DIRECTIONAL_WRITE_EXHAUSTED_PRIMALITY_UNASSIGNED,514,512,512,NO_RECORDED_FACTOR_PRP_OR_LL_RESULT_AND_NO_ACTIVE_GIMPS_ASSIGNMENT,2026-08-09T04:34:14+00:00,UNALLOCATED,,,,,
SLCMP1765-4081,4081,4081,583706027,2^583706027-1,STRUCTURAL_SCREEN_EXHAUSTED_PRIMALITY_UNASSIGNED,GF3A_DIRECTIONAL_WRITE_EXHAUSTED_PRIMALITY_UNASSIGNED,514,512,512,NO_RECORDED_FACTOR_PRP_OR_LL_RESULT_AND_NO_ACTIVE_GIMPS_ASSIGNMENT,2026-08-09T04:34:14+00:00,UNALLOCATED,,,,,
SLCMP1765-4082,4082,4082,583706069,2^583706069-1,STRUCTURAL_SCREEN_EXHAUSTED_PRIMALITY_UNASSIGNED,GF3A_DIRECTIONAL_WRITE_EXHAUSTED_PRIMALITY_UNASSIGNED,513,512,512,NO_RECORDED_FACTOR_PRP_OR_LL_RESULT_AND_NO_ACTIVE_GIMPS_ASSIGNMENT,2026-08-09T04:34:14+00:00,UNALLOCATED,,,,,
SLCMP1765-4083,4083,4083,583706141,2^583706141-1,STRUCTURAL_SCREEN_EXHAUSTED_PRIMALITY_UNASSIGNED,GF3A_DIRECTIONAL_WRITE_EXHAUSTED_PRIMALITY_UNASSIGNED,513,512,512,NO_RECORDED_FACTOR_PRP_OR_LL_RESULT_AND_NO_ACTIVE_GIMPS_ASSIGNMENT,2026-08-09T04:34:14+00:00,UNALLOCATED,,,,,
SLCMP1765-4084,4084,4084,583706153,2^583706153-1,STRUCTURAL_SCREEN_EXHAUSTED_PRIMALITY_UNASSIGNED,GF3A_DIRECTIONAL_WRITE_EXHAUSTED_PRIMALITY_UNASSIGNED,513,512,512,NO_RECORDED_FACTOR_PRP_OR_LL_RESULT_AND_NO_ACTIVE_GIMPS_ASSIGNMENT,2026-08-09T04:34:14+00:00,UNALLOCATED,,,,,
SLCMP1765-4085,4085,4085,583706219,2^583706219-1,STRUCTURAL_SCREEN_EXHAUSTED_PRIMALITY_UNASSIGNED,GF3A_DIRECTIONAL_WRITE_EXHAUSTED_PRIMALITY_UNASSIGNED,514,512,512,NO_RECORDED_FACTOR_PRP_OR_LL_RESULT_AND_NO_ACTIVE_GIMPS_ASSIGNMENT,2026-08-09T04:34:14+00:00,UNALLOCATED,,,,,
SLCMP1765-4086,4086,4086,583706329,2^583706329-1,STRUCTURAL_SCREEN_EXHAUSTED_PRIMALITY_UNASSIGNED,GF3A_DIRECTIONAL_WRITE_EXHAUSTED_PRIMALITY_UNASSIGNED,513,512,512,NO_RECORDED_FACTOR_PRP_OR_LL_RESULT_AND_NO_ACTIVE_GIMPS_ASSIGNMENT,2026-08-09T04:34:14+00:00,UNALLOCATED,,,,,
SLCMP1765-4087,4087,4087,583706341,2^583706341-1,STRUCTURAL_SCREEN_EXHAUSTED_PRIMALITY_UNASSIGNED,GF3A_DIRECTIONAL_WRITE_EXHAUSTED_PRIMALITY_UNASSIGNED,513,512,512,NO_RECORDED_FACTOR_PRP_OR_LL_RESULT_AND_NO_ACTIVE_GIMPS_ASSIGNMENT,2026-08-09T04:34:14+00:00,UNALLOCATED,,,,,
SLCMP1765-4088,4088,4088,583706369,2^583706369-1,STRUCTURAL_SCREEN_EXHAUSTED_PRIMALITY_UNASSIGNED,GF3A_DIRECTIONAL_WRITE_EXHAUSTED_PRIMALITY_UNASSIGNED,513,512,512,NO_RECORDED_FACTOR_PRP_OR_LL_RESULT_AND_NO_ACTIVE_GIMPS_ASSIGNMENT,2026-08-09T04:34:14+00:00,UNALLOCATED,,,,,
SLCMP1765-4089,4089,4089,583706401,2^583706401-1,STRUCTURAL_SCREEN_EXHAUSTED_PRIMALITY_UNASSIGNED,GF3A_DIRECTIONAL_WRITE_EXHAUSTED_PRIMALITY_UNASSIGNED,513,512,512,NO_RECORDED_FACTOR_PRP_OR_LL_RESULT_AND_NO_ACTIVE_GIMPS_ASSIGNMENT,2026-08-09T04:34:14+00:00,UNALLOCATED,,,,,
SLCMP1765-4090,4090,4090,583706483,2^583706483-1,STRUCTURAL_SCREEN_EXHAUSTED_PRIMALITY_UNASSIGNED,GF3A_DIRECTIONAL_WRITE_EXHAUSTED_PRIMALITY_UNASSIGNED,514,512,512,NO_RECORDED_FACTOR_PRP_OR_LL_RESULT_AND_NO_ACTIVE_GIMPS_ASSIGNMENT,2026-08-09T04:34:14+00:00,UNALLOCATED,,,,,
SLCMP1765-4091,4091,4091,583706491,2^583706491-1,STRUCTURAL_SCREEN_EXHAUSTED_PRIMALITY_UNASSIGNED,GF3A_DIRECTIONAL_WRITE_EXHAUSTED_PRIMALITY_UNASSIGNED,514,512,512,NO_RECORDED_FACTOR_PRP_OR_LL_RESULT_AND_NO_ACTIVE_GIMPS_ASSIGNMENT,2026-08-09T04:34:14+00:00,UNALLOCATED,,,,,
SLCMP1765-4092,4092,4092,583706531,2^583706531-1,STRUCTURAL_SCREEN_EXHAUSTED_PRIMALITY_UNASSIGNED,GF3A_DIRECTIONAL_WRITE_EXHAUSTED_PRIMALITY_UNASSIGNED,514,512,512,NO_RECORDED_FACTOR_PRP_OR_LL_RESULT_AND_NO_ACTIVE_GIMPS_ASSIGNMENT,2026-08-09T04:34:14+00:00,UNALLOCATED,,,,,
SLCMP1765-4093,4093,4093,583706623,2^583706623-1,STRUCTURAL_SCREEN_EXHAUSTED_PRIMALITY_UNASSIGNED,GF3A_DIRECTIONAL_WRITE_EXHAUSTED_PRIMALITY_UNASSIGNED,514,512,512,NO_RECORDED_FACTOR_PRP_OR_LL_RESULT_AND_NO_ACTIVE_GIMPS_ASSIGNMENT,2026-08-09T04:34:14+00:00,UNALLOCATED,,,,,
SLCMP1765-4094,4094,4094,583706633,2^583706633-1,STRUCTURAL_SCREEN_EXHAUSTED_PRIMALITY_UNASSIGNED,GF3A_DIRECTIONAL_WRITE_EXHAUSTED_PRIMALITY_UNASSIGNED,513,512,512,NO_RECORDED_FACTOR_PRP_OR_LL_RESULT_AND_NO_ACTIVE_GIMPS_ASSIGNMENT,2026-08-09T04:34:14+00:00,UNALLOCATED,,,,,
SLCMP1765-4095,4095,4095,583706653,2^583706653-1,STRUCTURAL_SCREEN_EXHAUSTED_PRIMALITY_UNASSIGNED,GF3A_DIRECTIONAL_WRITE_EXHAUSTED_PRIMALITY_UNASSIGNED,513,512,512,NO_RECORDED_FACTOR_PRP_OR_LL_RESULT_AND_NO_ACTIVE_GIMPS_ASSIGNMENT,2026-08-09T04:34:14+00:00,UNALLOCATED,,,,,
SLCMP1765-4096,4096,4096,583706659,2^583706659-1,STRUCTURAL_SCREEN_EXHAUSTED_PRIMALITY_UNASSIGNED,GF3A_DIRECTIONAL_WRITE_EXHAUSTED_PRIMALITY_UNASSIGNED,514,512,512,NO_RECORDED_FACTOR_PRP_OR_LL_RESULT_AND_NO_ACTIVE_GIMPS_ASSIGNMENT,2026-08-09T04:34:14+00:00,UNALLOCATED,,,,,
SLCMP1765-4097,4097,4097,583706699,2^583706699-1,STRUCTURAL_SCREEN_EXHAUSTED_PRIMALITY_UNASSIGNED,GF3A_DIRECTIONAL_WRITE_EXHAUSTED_PRIMALITY_UNASSIGNED,514,512,512,NO_RECORDED_FACTOR_PRP_OR_LL_RESULT_AND_NO_ACTIVE_GIMPS_ASSIGNMENT,2026-08-09T04:34:14+00:00,UNALLOCATED,,,,,
SLCMP1765-4098,4098,4098,583706789,2^583706789-1,STRUCTURAL_SCREEN_EXHAUSTED_PRIMALITY_UNASSIGNED,GF3A_DIRECTIONAL_WRITE_EXHAUSTED_PRIMALITY_UNASSIGNED,513,512,512,NO_RECORDED_FACTOR_PRP_OR_LL_RESULT_AND_NO_ACTIVE_GIMPS_ASSIGNMENT,2026-08-09T04:34:14+00:00,UNALLOCATED,,,,,
SLCMP1765-4099,4099,4099,583706957,2^583706957-1,STRUCTURAL_SCREEN_EXHAUSTED_PRIMALITY_UNASSIGNED,GF3A_DIRECTIONAL_WRITE_EXHAUSTED_PRIMALITY_UNASSIGNED,513,512,512,NO_RECORDED_FACTOR_PRP_OR_LL_RESULT_AND_NO_ACTIVE_GIMPS_ASSIGNMENT,2026-08-09T04:34:14+00:00,UNALLOCATED,,,,,
SLCMP1765-4100,4100,4100,583707101,2^583707101-1,STRUCTURAL_SCREEN_EXHAUSTED_PRIMALITY_UNASSIGNED,GF3A_DIRECTIONAL_WRITE_EXHAUSTED_PRIMALITY_UNASSIGNED,513,512,512,NO_RECORDED_FACTOR_PRP_OR_LL_RESULT_AND_NO_ACTIVE_GIMPS_ASSIGNMENT,2026-08-09T04:34:14+00:00,UNALLOCATED,,,,,
SLCMP1765-4101,4101,4101,583707161,2^583707161-1,STRUCTURAL_SCREEN_EXHAUSTED_PRIMALITY_UNASSIGNED,GF3A_DIRECTIONAL_WRITE_EXHAUSTED_PRIMALITY_UNASSIGNED,513,512,512,NO_RECORDED_FACTOR_PRP_OR_LL_RESULT_AND_NO_ACTIVE_GIMPS_ASSIGNMENT,2026-08-09T04:34:14+00:00,UNALLOCATED,,,,,
SLCMP1765-4102,4102,4102,583707239,2^583707239-1,STRUCTURAL_SCREEN_EXHAUSTED_PRIMALITY_UNASSIGNED,GF3A_DIRECTIONAL_WRITE_EXHAUSTED_PRIMALITY_UNASSIGNED,514,512,512,NO_RECORDED_FACTOR_PRP_OR_LL_RESULT_AND_NO_ACTIVE_GIMPS_ASSIGNMENT,2026-08-09T04:34:14+00:00,UNALLOCATED,,,,,
SLCMP1765-4103,4103,4103,583707247,2^583707247-1,STRUCTURAL_SCREEN_EXHAUSTED_PRIMALITY_UNASSIGNED,GF3A_DIRECTIONAL_WRITE_EXHAUSTED_PRIMALITY_UNASSIGNED,514,512,512,NO_RECORDED_FACTOR_PRP_OR_LL_RESULT_AND_NO_ACTIVE_GIMPS_ASSIGNMENT,2026-08-09T04:34:14+00:00,UNALLOCATED,,,,,
SLCMP1765-4104,4104,4104,583707469,2^583707469-1,STRUCTURAL_SCREEN_EXHAUSTED_PRIMALITY_UNASSIGNED,GF3A_DIRECTIONAL_WRITE_EXHAUSTED_PRIMALITY_UNASSIGNED,513,512,512,NO_RECORDED_FACTOR_PRP_OR_LL_RESULT_AND_NO_ACTIVE_GIMPS_ASSIGNMENT,2026-08-09T04:34:14+00:00,UNALLOCATED,,,,,
SLCMP1765-4105,4105,4105,583707539,2^583707539-1,STRUCTURAL_SCREEN_EXHAUSTED_PRIMALITY_UNASSIGNED,GF3A_DIRECTIONAL_WRITE_EXHAUSTED_PRIMALITY_UNASSIGNED,514,512,512,NO_RECORDED_FACTOR_PRP_OR_LL_RESULT_AND_NO_ACTIVE_GIMPS_ASSIGNMENT,2026-08-09T04:34:14+00:00,UNALLOCATED,,,,,
SLCMP1765-4106,4106,4106,583707541,2^583707541-1,STRUCTURAL_SCREEN_EXHAUSTED_PRIMALITY_UNASSIGNED,GF3A_DIRECTIONAL_WRITE_EXHAUSTED_PRIMALITY_UNASSIGNED,513,512,512,NO_RECORDED_FACTOR_PRP_OR_LL_RESULT_AND_NO_ACTIVE_GIMPS_ASSIGNMENT,2026-08-09T04:34:14+00:00,UNALLOCATED,,,,,
SLCMP1765-4107,4107,4107,583707557,2^583707557-1,STRUCTURAL_SCREEN_EXHAUSTED_PRIMALITY_UNASSIGNED,GF3A_DIRECTIONAL_WRITE_EXHAUSTED_PRIMALITY_UNASSIGNED,513,512,512,NO_RECORDED_FACTOR_PRP_OR_LL_RESULT_AND_NO_ACTIVE_GIMPS_ASSIGNMENT,2026-08-09T04:34:14+00:00,UNALLOCATED,,,,,
SLCMP1765-4108,4108,4108,583707571,2^583707571-1,STRUCTURAL_SCREEN_EXHAUSTED_PRIMALITY_UNASSIGNED,GF3A_DIRECTIONAL_WRITE_EXHAUSTED_PRIMALITY_UNASSIGNED,514,512,512,NO_RECORDED_FACTOR_PRP_OR_LL_RESULT_AND_NO_ACTIVE_GIMPS_ASSIGNMENT,2026-08-09T04:34:14+00:00,UNALLOCATED,,,,,
SLCMP1765-4109,4109,4109,583707653,2^583707653-1,STRUCTURAL_SCREEN_EXHAUSTED_PRIMALITY_UNASSIGNED,GF3A_DIRECTIONAL_WRITE_EXHAUSTED_PRIMALITY_UNASSIGNED,513,512,512,NO_RECORDED_FACTOR_PRP_OR_LL_RESULT_AND_NO_ACTIVE_GIMPS_ASSIGNMENT,2026-08-09T04:34:14+00:00,UNALLOCATED,,,,,
SLCMP1765-4110,4110,4110,583707667,2^583707667-1,STRUCTURAL_SCREEN_EXHAUSTED_PRIMALITY_UNASSIGNED,GF3A_DIRECTIONAL_WRITE_EXHAUSTED_PRIMALITY_UNASSIGNED,514,512,512,NO_RECORDED_FACTOR_PRP_OR_LL_RESULT_AND_NO_ACTIVE_GIMPS_ASSIGNMENT,2026-08-09T04:34:14+00:00,UNALLOCATED,,,,,
SLCMP1765-4111,4111,4111,583707743,2^583707743-1,STRUCTURAL_SCREEN_EXHAUSTED_PRIMALITY_UNASSIGNED,GF3A_DIRECTIONAL_WRITE_EXHAUSTED_PRIMALITY_UNASSIGNED,514,512,512,NO_RECORDED_FACTOR_PRP_OR_LL_RESULT_AND_NO_ACTIVE_GIMPS_ASSIGNMENT,2026-08-09T04:34:14+00:00,UNALLOCATED,,,,,
SLCMP1765-4112,4112,4112,583707809,2^583707809-1,STRUCTURAL_SCREEN_EXHAUSTED_PRIMALITY_UNASSIGNED,GF3A_DIRECTIONAL_WRITE_EXHAUSTED_PRIMALITY_UNASSIGNED,513,512,512,NO_RECORDED_FACTOR_PRP_OR_LL_RESULT_AND_NO_ACTIVE_GIMPS_ASSIGNMENT,2026-08-09T04:34:14+00:00,UNALLOCATED,,,,,
SLCMP1765-4113,4113,4113,583707811,2^583707811-1,STRUCTURAL_SCREEN_EXHAUSTED_PRIMALITY_UNASSIGNED,GF3A_DIRECTIONAL_WRITE_EXHAUSTED_PRIMALITY_UNASSIGNED,514,512,512,NO_RECORDED_FACTOR_PRP_OR_LL_RESULT_AND_NO_ACTIVE_GIMPS_ASSIGNMENT,2026-08-09T04:34:14+00:00,UNALLOCATED,,,,,
SLCMP1765-4114,4114,4114,583707833,2^583707833-1,STRUCTURAL_SCREEN_EXHAUSTED_PRIMALITY_UNASSIGNED,GF3A_DIRECTIONAL_WRITE_EXHAUSTED_PRIMALITY_UNASSIGNED,513,512,512,NO_RECORDED_FACTOR_PRP_OR_LL_RESULT_AND_NO_ACTIVE_GIMPS_ASSIGNMENT,2026-08-09T04:34:14+00:00,UNALLOCATED,,,,,
SLCMP1765-4115,4115,4115,583707877,2^583707877-1,STRUCTURAL_SCREEN_EXHAUSTED_PRIMALITY_UNASSIGNED,GF3A_DIRECTIONAL_WRITE_EXHAUSTED_PRIMALITY_UNASSIGNED,513,512,512,NO_RECORDED_FACTOR_PRP_OR_LL_RESULT_AND_NO_ACTIVE_GIMPS_ASSIGNMENT,2026-08-09T04:34:14+00:00,UNALLOCATED,,,,,
SLCMP1765-4116,4116,4116,583707989,2^583707989-1,STRUCTURAL_SCREEN_EXHAUSTED_PRIMALITY_UNASSIGNED,GF3A_DIRECTIONAL_WRITE_EXHAUSTED_PRIMALITY_UNASSIGNED,513,512,512,NO_RECORDED_FACTOR_PRP_OR_LL_RESULT_AND_NO_ACTIVE_GIMPS_ASSIGNMENT,2026-08-09T04:34:14+00:00,UNALLOCATED,,,,,
SLCMP1765-4117,4117,4117,583708067,2^583708067-1,STRUCTURAL_SCREEN_EXHAUSTED_PRIMALITY_UNASSIGNED,GF3A_DIRECTIONAL_WRITE_EXHAUSTED_PRIMALITY_UNASSIGNED,514,512,512,NO_RECORDED_FACTOR_PRP_OR_LL_RESULT_AND_NO_ACTIVE_GIMPS_ASSIGNMENT,2026-08-09T04:34:14+00:00,UNALLOCATED,,,,,
SLCMP1765-4118,4118,4118,583708117,2^583708117-1,STRUCTURAL_SCREEN_EXHAUSTED_PRIMALITY_UNASSIGNED,GF3A_DIRECTIONAL_WRITE_EXHAUSTED_PRIMALITY_UNASSIGNED,513,512,512,NO_RECORDED_FACTOR_PRP_OR_LL_RESULT_AND_NO_ACTIVE_GIMPS_ASSIGNMENT,2026-08-09T04:34:14+00:00,UNALLOCATED,,,,,
SLCMP1765-4119,4119,4119,583708123,2^583708123-1,STRUCTURAL_SCREEN_EXHAUSTED_PRIMALITY_UNASSIGNED,GF3A_DIRECTIONAL_WRITE_EXHAUSTED_PRIMALITY_UNASSIGNED,514,512,512,NO_RECORDED_FACTOR_PRP_OR_LL_RESULT_AND_NO_ACTIVE_GIMPS_ASSIGNMENT,2026-08-09T04:34:14+00:00,UNALLOCATED,,,,,
SLCMP1765-4120,4120,4120,583708171,2^583708171-1,STRUCTURAL_SCREEN_EXHAUSTED_PRIMALITY_UNASSIGNED,GF3A_DIRECTIONAL_WRITE_EXHAUSTED_PRIMALITY_UNASSIGNED,514,512,512,NO_RECORDED_FACTOR_PRP_OR_LL_RESULT_AND_NO_ACTIVE_GIMPS_ASSIGNMENT,2026-08-09T04:34:14+00:00,UNALLOCATED,,,,,
SLCMP1765-4121,4121,4121,583708217,2^583708217-1,STRUCTURAL_SCREEN_EXHAUSTED_PRIMALITY_UNASSIGNED,GF3A_DIRECTIONAL_WRITE_EXHAUSTED_PRIMALITY_UNASSIGNED,513,512,512,NO_RECORDED_FACTOR_PRP_OR_LL_RESULT_AND_NO_ACTIVE_GIMPS_ASSIGNMENT,2026-08-09T04:34:14+00:00,UNALLOCATED,,,,,
SLCMP1765-4122,4122,4122,583708247,2^583708247-1,STRUCTURAL_SCREEN_EXHAUSTED_PRIMALITY_UNASSIGNED,GF3A_DIRECTIONAL_WRITE_EXHAUSTED_PRIMALITY_UNASSIGNED,514,512,512,NO_RECORDED_FACTOR_PRP_OR_LL_RESULT_AND_NO_ACTIVE_GIMPS_ASSIGNMENT,2026-08-09T04:34:14+00:00,UNALLOCATED,,,,,
SLCMP1765-4123,4123,4123,583708381,2^583708381-1,STRUCTURAL_SCREEN_EXHAUSTED_PRIMALITY_UNASSIGNED,GF3A_DIRECTIONAL_WRITE_EXHAUSTED_PRIMALITY_UNASSIGNED,513,512,512,NO_RECORDED_FACTOR_PRP_OR_LL_RESULT_AND_NO_ACTIVE_GIMPS_ASSIGNMENT,2026-08-09T04:34:14+00:00,UNALLOCATED,,,,,
SLCMP1765-4124,4124,4124,583708403,2^583708403-1,STRUCTURAL_SCREEN_EXHAUSTED_PRIMALITY_UNASSIGNED,GF3A_DIRECTIONAL_WRITE_EXHAUSTED_PRIMALITY_UNASSIGNED,514,512,512,NO_RECORDED_FACTOR_PRP_OR_LL_RESULT_AND_NO_ACTIVE_GIMPS_ASSIGNMENT,2026-08-09T04:34:14+00:00,UNALLOCATED,,,,,
SLCMP1765-4125,4125,4125,583708409,2^583708409-1,STRUCTURAL_SCREEN_EXHAUSTED_PRIMALITY_UNASSIGNED,GF3A_DIRECTIONAL_WRITE_EXHAUSTED_PRIMALITY_UNASSIGNED,513,512,512,NO_RECORDED_FACTOR_PRP_OR_LL_RESULT_AND_NO_ACTIVE_GIMPS_ASSIGNMENT,2026-08-09T04:34:14+00:00,UNALLOCATED,,,,,
SLCMP1765-4126,4126,4126,583708553,2^583708553-1,STRUCTURAL_SCREEN_EXHAUSTED_PRIMALITY_UNASSIGNED,GF3A_DIRECTIONAL_WRITE_EXHAUSTED_PRIMALITY_UNASSIGNED,513,512,512,NO_RECORDED_FACTOR_PRP_OR_LL_RESULT_AND_NO_ACTIVE_GIMPS_ASSIGNMENT,2026-08-09T04:34:14+00:00,UNALLOCATED,,,,,
SLCMP1765-4127,4127,4127,583708577,2^583708577-1,STRUCTURAL_SCREEN_EXHAUSTED_PRIMALITY_UNASSIGNED,GF3A_DIRECTIONAL_WRITE_EXHAUSTED_PRIMALITY_UNASSIGNED,513,512,512,NO_RECORDED_FACTOR_PRP_OR_LL_RESULT_AND_NO_ACTIVE_GIMPS_ASSIGNMENT,2026-08-09T04:34:14+00:00,UNALLOCATED,,,,,
SLCMP1765-4128,4128,4128,583708597,2^583708597-1,STRUCTURAL_SCREEN_EXHAUSTED_PRIMALITY_UNASSIGNED,GF3A_DIRECTIONAL_WRITE_EXHAUSTED_PRIMALITY_UNASSIGNED,513,512,512,NO_RECORDED_FACTOR_PRP_OR_LL_RESULT_AND_NO_ACTIVE_GIMPS_ASSIGNMENT,2026-08-09T04:34:14+00:00,UNALLOCATED,,,,,
SLCMP1765-4129,4129,4129,583708711,2^583708711-1,STRUCTURAL_SCREEN_EXHAUSTED_PRIMALITY_UNASSIGNED,GF3A_DIRECTIONAL_WRITE_EXHAUSTED_PRIMALITY_UNASSIGNED,514,512,512,NO_RECORDED_FACTOR_PRP_OR_LL_RESULT_AND_NO_ACTIVE_GIMPS_ASSIGNMENT,2026-08-09T04:34:14+00:00,UNALLOCATED,,,,,
SLCMP1765-4130,4130,4130,583708717,2^583708717-1,STRUCTURAL_SCREEN_EXHAUSTED_PRIMALITY_UNASSIGNED,GF3A_DIRECTIONAL_WRITE_EXHAUSTED_PRIMALITY_UNASSIGNED,513,512,512,NO_RECORDED_FACTOR_PRP_OR_LL_RESULT_AND_NO_ACTIVE_GIMPS_ASSIGNMENT,2026-08-09T04:34:14+00:00,UNALLOCATED,,,,,
SLCMP1765-4131,4131,4131,583708813,2^583708813-1,STRUCTURAL_SCREEN_EXHAUSTED_PRIMALITY_UNASSIGNED,GF3A_DIRECTIONAL_WRITE_EXHAUSTED_PRIMALITY_UNASSIGNED,513,512,512,NO_RECORDED_FACTOR_PRP_OR_LL_RESULT_AND_NO_ACTIVE_GIMPS_ASSIGNMENT,2026-08-09T04:34:14+00:00,UNALLOCATED,,,,,
SLCMP1765-4132,4132,4132,583708831,2^583708831-1,STRUCTURAL_SCREEN_EXHAUSTED_PRIMALITY_UNASSIGNED,GF3A_DIRECTIONAL_WRITE_EXHAUSTED_PRIMALITY_UNASSIGNED,514,512,512,NO_RECORDED_FACTOR_PRP_OR_LL_RESULT_AND_NO_ACTIVE_GIMPS_ASSIGNMENT,2026-08-09T04:34:14+00:00,UNALLOCATED,,,,,
SLCMP1765-4133,4133,4133,583709017,2^583709017-1,STRUCTURAL_SCREEN_EXHAUSTED_PRIMALITY_UNASSIGNED,GF3A_DIRECTIONAL_WRITE_EXHAUSTED_PRIMALITY_UNASSIGNED,513,512,512,NO_RECORDED_FACTOR_PRP_OR_LL_RESULT_AND_NO_ACTIVE_GIMPS_ASSIGNMENT,2026-08-09T04:34:14+00:00,UNALLOCATED,,,,,
SLCMP1765-4134,4134,4134,583709053,2^583709053-1,STRUCTURAL_SCREEN_EXHAUSTED_PRIMALITY_UNASSIGNED,GF3A_DIRECTIONAL_WRITE_EXHAUSTED_PRIMALITY_UNASSIGNED,513,512,512,NO_RECORDED_FACTOR_PRP_OR_LL_RESULT_AND_NO_ACTIVE_GIMPS_ASSIGNMENT,2026-08-09T04:34:14+00:00,UNALLOCATED,,,,,
SLCMP1765-4135,4135,4135,583709153,2^583709153-1,STRUCTURAL_SCREEN_EXHAUSTED_PRIMALITY_UNASSIGNED,GF3A_DIRECTIONAL_WRITE_EXHAUSTED_PRIMALITY_UNASSIGNED,513,512,512,NO_RECORDED_FACTOR_PRP_OR_LL_RESULT_AND_NO_ACTIVE_GIMPS_ASSIGNMENT,2026-08-09T04:34:14+00:00,UNALLOCATED,,,,,
SLCMP1765-4136,4136,4136,583709167,2^583709167-1,STRUCTURAL_SCREEN_EXHAUSTED_PRIMALITY_UNASSIGNED,GF3A_DIRECTIONAL_WRITE_EXHAUSTED_PRIMALITY_UNASSIGNED,514,512,512,NO_RECORDED_FACTOR_PRP_OR_LL_RESULT_AND_NO_ACTIVE_GIMPS_ASSIGNMENT,2026-08-09T04:34:14+00:00,UNALLOCATED,,,,,
SLCMP1765-4137,4137,4137,583709177,2^583709177-1,STRUCTURAL_SCREEN_EXHAUSTED_PRIMALITY_UNASSIGNED,GF3A_DIRECTIONAL_WRITE_EXHAUSTED_PRIMALITY_UNASSIGNED,513,512,512,NO_RECORDED_FACTOR_PRP_OR_LL_RESULT_AND_NO_ACTIVE_GIMPS_ASSIGNMENT,2026-08-09T04:34:14+00:00,UNALLOCATED,,,,,
SLCMP1765-4138,4138,4138,583709209,2^583709209-1,STRUCTURAL_SCREEN_EXHAUSTED_PRIMALITY_UNASSIGNED,GF3A_DIRECTIONAL_WRITE_EXHAUSTED_PRIMALITY_UNASSIGNED,513,512,512,NO_RECORDED_FACTOR_PRP_OR_LL_RESULT_AND_NO_ACTIVE_GIMPS_ASSIGNMENT,2026-08-09T04:34:14+00:00,UNALLOCATED,,,,,
SLCMP1765-4139,4139,4139,583709239,2^583709239-1,STRUCTURAL_SCREEN_EXHAUSTED_PRIMALITY_UNASSIGNED,GF3A_DIRECTIONAL_WRITE_EXHAUSTED_PRIMALITY_UNASSIGNED,514,512,512,NO_RECORDED_FACTOR_PRP_OR_LL_RESULT_AND_NO_ACTIVE_GIMPS_ASSIGNMENT,2026-08-09T04:34:14+00:00,UNALLOCATED,,,,,
SLCMP1765-4140,4140,4140,583709383,2^583709383-1,STRUCTURAL_SCREEN_EXHAUSTED_PRIMALITY_UNASSIGNED,GF3A_DIRECTIONAL_WRITE_EXHAUSTED_PRIMALITY_UNASSIGNED,514,512,512,NO_RECORDED_FACTOR_PRP_OR_LL_RESULT_AND_NO_ACTIVE_GIMPS_ASSIGNMENT,2026-08-09T04:34:14+00:00,UNALLOCATED,,,,,
SLCMP1765-4141,4141,4141,583709417,2^583709417-1,STRUCTURAL_SCREEN_EXHAUSTED_PRIMALITY_UNASSIGNED,GF3A_DIRECTIONAL_WRITE_EXHAUSTED_PRIMALITY_UNASSIGNED,513,512,512,NO_RECORDED_FACTOR_PRP_OR_LL_RESULT_AND_NO_ACTIVE_GIMPS_ASSIGNMENT,2026-08-09T04:34:14+00:00,UNALLOCATED,,,,,
SLCMP1765-4142,4142,4142,583709519,2^583709519-1,STRUCTURAL_SCREEN_EXHAUSTED_PRIMALITY_UNASSIGNED,GF3A_DIRECTIONAL_WRITE_EXHAUSTED_PRIMALITY_UNASSIGNED,514,512,512,NO_RECORDED_FACTOR_PRP_OR_LL_RESULT_AND_NO_ACTIVE_GIMPS_ASSIGNMENT,2026-08-09T04:34:14+00:00,UNALLOCATED,,,,,
SLCMP1765-4143,4143,4143,583709537,2^583709537-1,STRUCTURAL_SCREEN_EXHAUSTED_PRIMALITY_UNASSIGNED,GF3A_DIRECTIONAL_WRITE_EXHAUSTED_PRIMALITY_UNASSIGNED,513,512,512,NO_RECORDED_FACTOR_PRP_OR_LL_RESULT_AND_NO_ACTIVE_GIMPS_ASSIGNMENT,2026-08-09T04:34:14+00:00,UNALLOCATED,,,,,
SLCMP1765-4144,4144,4144,583709551,2^583709551-1,STRUCTURAL_SCREEN_EXHAUSTED_PRIMALITY_UNASSIGNED,GF3A_DIRECTIONAL_WRITE_EXHAUSTED_PRIMALITY_UNASSIGNED,514,512,512,NO_RECORDED_FACTOR_PRP_OR_LL_RESULT_AND_NO_ACTIVE_GIMPS_ASSIGNMENT,2026-08-09T04:34:14+00:00,UNALLOCATED,,,,,
SLCMP1765-4145,4145,4145,583709587,2^583709587-1,STRUCTURAL_SCREEN_EXHAUSTED_PRIMALITY_UNASSIGNED,GF3A_DIRECTIONAL_WRITE_EXHAUSTED_PRIMALITY_UNASSIGNED,514,512,512,NO_RECORDED_FACTOR_PRP_OR_LL_RESULT_AND_NO_ACTIVE_GIMPS_ASSIGNMENT,2026-08-09T04:34:14+00:00,UNALLOCATED,,,,,
SLCMP1765-4146,4146,4146,583709629,2^583709629-1,STRUCTURAL_SCREEN_EXHAUSTED_PRIMALITY_UNASSIGNED,GF3A_DIRECTIONAL_WRITE_EXHAUSTED_PRIMALITY_UNASSIGNED,513,512,512,NO_RECORDED_FACTOR_PRP_OR_LL_RESULT_AND_NO_ACTIVE_GIMPS_ASSIGNMENT,2026-08-09T04:34:14+00:00,UNALLOCATED,,,,,
SLCMP1765-4147,4147,4147,583709719,2^583709719-1,STRUCTURAL_SCREEN_EXHAUSTED_PRIMALITY_UNASSIGNED,GF3A_DIRECTIONAL_WRITE_EXHAUSTED_PRIMALITY_UNASSIGNED,514,512,512,NO_RECORDED_FACTOR_PRP_OR_LL_RESULT_AND_NO_ACTIVE_GIMPS_ASSIGNMENT,2026-08-09T04:34:14+00:00,UNALLOCATED,,,,,
SLCMP1765-4148,4148,4148,583709729,2^583709729-1,STRUCTURAL_SCREEN_EXHAUSTED_PRIMALITY_UNASSIGNED,GF3A_DIRECTIONAL_WRITE_EXHAUSTED_PRIMALITY_UNASSIGNED,513,512,512,NO_RECORDED_FACTOR_PRP_OR_LL_RESULT_AND_NO_ACTIVE_GIMPS_ASSIGNMENT,2026-08-09T04:34:14+00:00,UNALLOCATED,,,,,
SLCMP1765-4149,4149,4149,583709839,2^583709839-1,STRUCTURAL_SCREEN_EXHAUSTED_PRIMALITY_UNASSIGNED,GF3A_DIRECTIONAL_WRITE_EXHAUSTED_PRIMALITY_UNASSIGNED,514,512,512,NO_RECORDED_FACTOR_PRP_OR_LL_RESULT_AND_NO_ACTIVE_GIMPS_ASSIGNMENT,2026-08-09T04:34:14+00:00,UNALLOCATED,,,,,
SLCMP1765-4150,4150,4150,583709869,2^583709869-1,STRUCTURAL_SCREEN_EXHAUSTED_PRIMALITY_UNASSIGNED,GF3A_DIRECTIONAL_WRITE_EXHAUSTED_PRIMALITY_UNASSIGNED,513,512,512,NO_RECORDED_FACTOR_PRP_OR_LL_RESULT_AND_NO_ACTIVE_GIMPS_ASSIGNMENT,2026-08-09T04:34:14+00:00,UNALLOCATED,,,,,
SLCMP1765-4151,4151,4151,583709927,2^583709927-1,STRUCTURAL_SCREEN_EXHAUSTED_PRIMALITY_UNASSIGNED,GF3A_DIRECTIONAL_WRITE_EXHAUSTED_PRIMALITY_UNASSIGNED,514,512,512,NO_RECORDED_FACTOR_PRP_OR_LL_RESULT_AND_NO_ACTIVE_GIMPS_ASSIGNMENT,2026-08-09T04:34:14+00:00,UNALLOCATED,,,,,
SLCMP1765-4152,4152,4152,583710019,2^583710019-1,STRUCTURAL_SCREEN_EXHAUSTED_PRIMALITY_UNASSIGNED,GF3A_DIRECTIONAL_WRITE_EXHAUSTED_PRIMALITY_UNASSIGNED,514,512,512,NO_RECORDED_FACTOR_PRP_OR_LL_RESULT_AND_NO_ACTIVE_GIMPS_ASSIGNMENT,2026-08-09T04:34:14+00:00,UNALLOCATED,,,,,
SLCMP1765-4153,4153,4153,583710109,2^583710109-1,STRUCTURAL_SCREEN_EXHAUSTED_PRIMALITY_UNASSIGNED,GF3A_DIRECTIONAL_WRITE_EXHAUSTED_PRIMALITY_UNASSIGNED,513,512,512,NO_RECORDED_FACTOR_PRP_OR_LL_RESULT_AND_NO_ACTIVE_GIMPS_ASSIGNMENT,2026-08-09T04:34:14+00:00,UNALLOCATED,,,,,
SLCMP1765-4154,4154,4154,583710133,2^583710133-1,STRUCTURAL_SCREEN_EXHAUSTED_PRIMALITY_UNASSIGNED,GF3A_DIRECTIONAL_WRITE_EXHAUSTED_PRIMALITY_UNASSIGNED,513,512,512,NO_RECORDED_FACTOR_PRP_OR_LL_RESULT_AND_NO_ACTIVE_GIMPS_ASSIGNMENT,2026-08-09T04:34:14+00:00,UNALLOCATED,,,,,
SLCMP1765-4155,4155,4155,583710271,2^583710271-1,STRUCTURAL_SCREEN_EXHAUSTED_PRIMALITY_UNASSIGNED,GF3A_DIRECTIONAL_WRITE_EXHAUSTED_PRIMALITY_UNASSIGNED,514,512,512,NO_RECORDED_FACTOR_PRP_OR_LL_RESULT_AND_NO_ACTIVE_GIMPS_ASSIGNMENT,2026-08-09T04:34:14+00:00,UNALLOCATED,,,,,
SLCMP1765-4156,4156,4156,583710277,2^583710277-1,STRUCTURAL_SCREEN_EXHAUSTED_PRIMALITY_UNASSIGNED,GF3A_DIRECTIONAL_WRITE_EXHAUSTED_PRIMALITY_UNASSIGNED,513,512,512,NO_RECORDED_FACTOR_PRP_OR_LL_RESULT_AND_NO_ACTIVE_GIMPS_ASSIGNMENT,2026-08-09T04:34:14+00:00,UNALLOCATED,,,,,
SLCMP1765-4157,4157,4157,583710287,2^583710287-1,STRUCTURAL_SCREEN_EXHAUSTED_PRIMALITY_UNASSIGNED,GF3A_DIRECTIONAL_WRITE_EXHAUSTED_PRIMALITY_UNASSIGNED,514,512,512,NO_RECORDED_FACTOR_PRP_OR_LL_RESULT_AND_NO_ACTIVE_GIMPS_ASSIGNMENT,2026-08-09T04:34:14+00:00,UNALLOCATED,,,,,
SLCMP1765-4158,4158,4158,583710299,2^583710299-1,STRUCTURAL_SCREEN_EXHAUSTED_PRIMALITY_UNASSIGNED,GF3A_DIRECTIONAL_WRITE_EXHAUSTED_PRIMALITY_UNASSIGNED,514,512,512,NO_RECORDED_FACTOR_PRP_OR_LL_RESULT_AND_NO_ACTIVE_GIMPS_ASSIGNMENT,2026-08-09T04:34:14+00:00,UNALLOCATED,,,,,
SLCMP1765-4159,4159,4159,583710301,2^583710301-1,STRUCTURAL_SCREEN_EXHAUSTED_PRIMALITY_UNASSIGNED,GF3A_DIRECTIONAL_WRITE_EXHAUSTED_PRIMALITY_UNASSIGNED,513,512,512,NO_RECORDED_FACTOR_PRP_OR_LL_RESULT_AND_NO_ACTIVE_GIMPS_ASSIGNMENT,2026-08-09T04:34:14+00:00,UNALLOCATED,,,,,
SLCMP1765-4160,4160,4160,583710313,2^583710313-1,STRUCTURAL_SCREEN_EXHAUSTED_PRIMALITY_UNASSIGNED,GF3A_DIRECTIONAL_WRITE_EXHAUSTED_PRIMALITY_UNASSIGNED,513,512,512,NO_RECORDED_FACTOR_PRP_OR_LL_RESULT_AND_NO_ACTIVE_GIMPS_ASSIGNMENT,2026-08-09T04:34:14+00:00,UNALLOCATED,,,,,
SLCMP1765-4161,4161,4161,583710433,2^583710433-1,STRUCTURAL_SCREEN_EXHAUSTED_PRIMALITY_UNASSIGNED,GF3A_DIRECTIONAL_WRITE_EXHAUSTED_PRIMALITY_UNASSIGNED,513,512,512,NO_RECORDED_FACTOR_PRP_OR_LL_RESULT_AND_NO_ACTIVE_GIMPS_ASSIGNMENT,2026-08-09T04:34:14+00:00,UNALLOCATED,,,,,
SLCMP1765-4162,4162,4162,583710473,2^583710473-1,STRUCTURAL_SCREEN_EXHAUSTED_PRIMALITY_UNASSIGNED,GF3A_DIRECTIONAL_WRITE_EXHAUSTED_PRIMALITY_UNASSIGNED,513,512,512,NO_RECORDED_FACTOR_PRP_OR_LL_RESULT_AND_NO_ACTIVE_GIMPS_ASSIGNMENT,2026-08-09T04:34:14+00:00,UNALLOCATED,,,,,
SLCMP1765-4163,4163,4163,583710559,2^583710559-1,STRUCTURAL_SCREEN_EXHAUSTED_PRIMALITY_UNASSIGNED,GF3A_DIRECTIONAL_WRITE_EXHAUSTED_PRIMALITY_UNASSIGNED,514,512,512,NO_RECORDED_FACTOR_PRP_OR_LL_RESULT_AND_NO_ACTIVE_GIMPS_ASSIGNMENT,2026-08-09T04:34:14+00:00,UNALLOCATED,,,,,
SLCMP1765-4164,4164,4164,583710649,2^583710649-1,STRUCTURAL_SCREEN_EXHAUSTED_PRIMALITY_UNASSIGNED,GF3A_DIRECTIONAL_WRITE_EXHAUSTED_PRIMALITY_UNASSIGNED,513,512,512,NO_RECORDED_FACTOR_PRP_OR_LL_RESULT_AND_NO_ACTIVE_GIMPS_ASSIGNMENT,2026-08-09T04:34:14+00:00,UNALLOCATED,,,,,
SLCMP1765-4165,4165,4165,583710733,2^583710733-1,STRUCTURAL_SCREEN_EXHAUSTED_PRIMALITY_UNASSIGNED,GF3A_DIRECTIONAL_WRITE_EXHAUSTED_PRIMALITY_UNASSIGNED,513,512,512,NO_RECORDED_FACTOR_PRP_OR_LL_RESULT_AND_NO_ACTIVE_GIMPS_ASSIGNMENT,2026-08-09T04:34:14+00:00,UNALLOCATED,,,,,
SLCMP1765-4166,4166,4166,583710763,2^583710763-1,STRUCTURAL_SCREEN_EXHAUSTED_PRIMALITY_UNASSIGNED,GF3A_DIRECTIONAL_WRITE_EXHAUSTED_PRIMALITY_UNASSIGNED,514,512,512,NO_RECORDED_FACTOR_PRP_OR_LL_RESULT_AND_NO_ACTIVE_GIMPS_ASSIGNMENT,2026-08-09T04:34:14+00:00,UNALLOCATED,,,,,
SLCMP1765-4167,4167,4167,583710773,2^583710773-1,STRUCTURAL_SCREEN_EXHAUSTED_PRIMALITY_UNASSIGNED,GF3A_DIRECTIONAL_WRITE_EXHAUSTED_PRIMALITY_UNASSIGNED,513,512,512,NO_RECORDED_FACTOR_PRP_OR_LL_RESULT_AND_NO_ACTIVE_GIMPS_ASSIGNMENT,2026-08-09T04:34:14+00:00,UNALLOCATED,,,,,
SLCMP1765-4168,4168,4168,583710949,2^583710949-1,STRUCTURAL_SCREEN_EXHAUSTED_PRIMALITY_UNASSIGNED,GF3A_DIRECTIONAL_WRITE_EXHAUSTED_PRIMALITY_UNASSIGNED,513,512,512,NO_RECORDED_FACTOR_PRP_OR_LL_RESULT_AND_NO_ACTIVE_GIMPS_ASSIGNMENT,2026-08-09T04:34:14+00:00,UNALLOCATED,,,,,
SLCMP1765-4169,4169,4169,583710971,2^583710971-1,STRUCTURAL_SCREEN_EXHAUSTED_PRIMALITY_UNASSIGNED,GF3A_DIRECTIONAL_WRITE_EXHAUSTED_PRIMALITY_UNASSIGNED,514,512,512,NO_RECORDED_FACTOR_PRP_OR_LL_RESULT_AND_NO_ACTIVE_GIMPS_ASSIGNMENT,2026-08-09T04:34:14+00:00,UNALLOCATED,,,,,
SLCMP1765-4170,4170,4170,583710977,2^583710977-1,STRUCTURAL_SCREEN_EXHAUSTED_PRIMALITY_UNASSIGNED,GF3A_DIRECTIONAL_WRITE_EXHAUSTED_PRIMALITY_UNASSIGNED,513,512,512,NO_RECORDED_FACTOR_PRP_OR_LL_RESULT_AND_NO_ACTIVE_GIMPS_ASSIGNMENT,2026-08-09T04:34:14+00:00,UNALLOCATED,,,,,
SLCMP1765-4171,4171,4171,583711021,2^583711021-1,STRUCTURAL_SCREEN_EXHAUSTED_PRIMALITY_UNASSIGNED,GF3A_DIRECTIONAL_WRITE_EXHAUSTED_PRIMALITY_UNASSIGNED,513,512,512,NO_RECORDED_FACTOR_PRP_OR_LL_RESULT_AND_NO_ACTIVE_GIMPS_ASSIGNMENT,2026-08-09T04:34:14+00:00,UNALLOCATED,,,,,
SLCMP1765-4172,4172,4172,583711067,2^583711067-1,STRUCTURAL_SCREEN_EXHAUSTED_PRIMALITY_UNASSIGNED,GF3A_DIRECTIONAL_WRITE_EXHAUSTED_PRIMALITY_UNASSIGNED,514,512,512,NO_RECORDED_FACTOR_PRP_OR_LL_RESULT_AND_NO_ACTIVE_GIMPS_ASSIGNMENT,2026-08-09T04:34:14+00:00,UNALLOCATED,,,,,
SLCMP1765-4173,4173,4173,583711127,2^583711127-1,STRUCTURAL_SCREEN_EXHAUSTED_PRIMALITY_UNASSIGNED,GF3A_DIRECTIONAL_WRITE_EXHAUSTED_PRIMALITY_UNASSIGNED,514,512,512,NO_RECORDED_FACTOR_PRP_OR_LL_RESULT_AND_NO_ACTIVE_GIMPS_ASSIGNMENT,2026-08-09T04:34:14+00:00,UNALLOCATED,,,,,
SLCMP1765-4174,4174,4174,583711129,2^583711129-1,STRUCTURAL_SCREEN_EXHAUSTED_PRIMALITY_UNASSIGNED,GF3A_DIRECTIONAL_WRITE_EXHAUSTED_PRIMALITY_UNASSIGNED,513,512,512,NO_RECORDED_FACTOR_PRP_OR_LL_RESULT_AND_NO_ACTIVE_GIMPS_ASSIGNMENT,2026-08-09T04:34:14+00:00,UNALLOCATED,,,,,
SLCMP1765-4175,4175,4175,583711157,2^583711157-1,STRUCTURAL_SCREEN_EXHAUSTED_PRIMALITY_UNASSIGNED,GF3A_DIRECTIONAL_WRITE_EXHAUSTED_PRIMALITY_UNASSIGNED,513,512,512,NO_RECORDED_FACTOR_PRP_OR_LL_RESULT_AND_NO_ACTIVE_GIMPS_ASSIGNMENT,2026-08-09T04:34:14+00:00,UNALLOCATED,,,,,
SLCMP1765-4176,4176,4176,583711199,2^583711199-1,STRUCTURAL_SCREEN_EXHAUSTED_PRIMALITY_UNASSIGNED,GF3A_DIRECTIONAL_WRITE_EXHAUSTED_PRIMALITY_UNASSIGNED,514,512,512,NO_RECORDED_FACTOR_PRP_OR_LL_RESULT_AND_NO_ACTIVE_GIMPS_ASSIGNMENT,2026-08-09T04:34:14+00:00,UNALLOCATED,,,,,
SLCMP1765-4177,4177,4177,583711211,2^583711211-1,STRUCTURAL_SCREEN_EXHAUSTED_PRIMALITY_UNASSIGNED,GF3A_DIRECTIONAL_WRITE_EXHAUSTED_PRIMALITY_UNASSIGNED,514,512,512,NO_RECORDED_FACTOR_PRP_OR_LL_RESULT_AND_NO_ACTIVE_GIMPS_ASSIGNMENT,2026-08-09T04:34:14+00:00,UNALLOCATED,,,,,
SLCMP1765-4178,4178,4178,583711237,2^583711237-1,STRUCTURAL_SCREEN_EXHAUSTED_PRIMALITY_UNASSIGNED,GF3A_DIRECTIONAL_WRITE_EXHAUSTED_PRIMALITY_UNASSIGNED,513,512,512,NO_RECORDED_FACTOR_PRP_OR_LL_RESULT_AND_NO_ACTIVE_GIMPS_ASSIGNMENT,2026-08-09T04:34:14+00:00,UNALLOCATED,,,,,
SLCMP1765-4179,4179,4179,583711243,2^583711243-1,STRUCTURAL_SCREEN_EXHAUSTED_PRIMALITY_UNASSIGNED,GF3A_DIRECTIONAL_WRITE_EXHAUSTED_PRIMALITY_UNASSIGNED,514,512,512,NO_RECORDED_FACTOR_PRP_OR_LL_RESULT_AND_NO_ACTIVE_GIMPS_ASSIGNMENT,2026-08-09T04:34:14+00:00,UNALLOCATED,,,,,
SLCMP1765-4180,4180,4180,583711309,2^583711309-1,STRUCTURAL_SCREEN_EXHAUSTED_PRIMALITY_UNASSIGNED,GF3A_DIRECTIONAL_WRITE_EXHAUSTED_PRIMALITY_UNASSIGNED,513,512,512,NO_RECORDED_FACTOR_PRP_OR_LL_RESULT_AND_NO_ACTIVE_GIMPS_ASSIGNMENT,2026-08-09T04:34:14+00:00,UNALLOCATED,,,,,
SLCMP1765-4181,4181,4181,583711321,2^583711321-1,STRUCTURAL_SCREEN_EXHAUSTED_PRIMALITY_UNASSIGNED,GF3A_DIRECTIONAL_WRITE_EXHAUSTED_PRIMALITY_UNASSIGNED,513,512,512,NO_RECORDED_FACTOR_PRP_OR_LL_RESULT_AND_NO_ACTIVE_GIMPS_ASSIGNMENT,2026-08-09T04:34:14+00:00,UNALLOCATED,,,,,
SLCMP1765-4182,4182,4182,583711357,2^583711357-1,STRUCTURAL_SCREEN_EXHAUSTED_PRIMALITY_UNASSIGNED,GF3A_DIRECTIONAL_WRITE_EXHAUSTED_PRIMALITY_UNASSIGNED,513,512,512,NO_RECORDED_FACTOR_PRP_OR_LL_RESULT_AND_NO_ACTIVE_GIMPS_ASSIGNMENT,2026-08-09T04:34:14+00:00,UNALLOCATED,,,,,
SLCMP1765-4183,4183,4183,583711393,2^583711393-1,STRUCTURAL_SCREEN_EXHAUSTED_PRIMALITY_UNASSIGNED,GF3A_DIRECTIONAL_WRITE_EXHAUSTED_PRIMALITY_UNASSIGNED,513,512,512,NO_RECORDED_FACTOR_PRP_OR_LL_RESULT_AND_NO_ACTIVE_GIMPS_ASSIGNMENT,2026-08-09T04:34:14+00:00,UNALLOCATED,,,,,
SLCMP1765-4184,4184,4184,583711433,2^583711433-1,STRUCTURAL_SCREEN_EXHAUSTED_PRIMALITY_UNASSIGNED,GF3A_DIRECTIONAL_WRITE_EXHAUSTED_PRIMALITY_UNASSIGNED,513,512,512,NO_RECORDED_FACTOR_PRP_OR_LL_RESULT_AND_NO_ACTIVE_GIMPS_ASSIGNMENT,2026-08-09T04:34:14+00:00,UNALLOCATED,,,,,
SLCMP1765-4185,4185,4185,583711561,2^583711561-1,STRUCTURAL_SCREEN_EXHAUSTED_PRIMALITY_UNASSIGNED,GF3A_DIRECTIONAL_WRITE_EXHAUSTED_PRIMALITY_UNASSIGNED,513,512,512,NO_RECORDED_FACTOR_PRP_OR_LL_RESULT_AND_NO_ACTIVE_GIMPS_ASSIGNMENT,2026-08-09T04:34:14+00:00,UNALLOCATED,,,,,
SLCMP1765-4186,4186,4186,583711567,2^583711567-1,STRUCTURAL_SCREEN_EXHAUSTED_PRIMALITY_UNASSIGNED,GF3A_DIRECTIONAL_WRITE_EXHAUSTED_PRIMALITY_UNASSIGNED,514,512,512,NO_RECORDED_FACTOR_PRP_OR_LL_RESULT_AND_NO_ACTIVE_GIMPS_ASSIGNMENT,2026-08-09T04:34:14+00:00,UNALLOCATED,,,,,
SLCMP1765-4187,4187,4187,583711663,2^583711663-1,STRUCTURAL_SCREEN_EXHAUSTED_PRIMALITY_UNASSIGNED,GF3A_DIRECTIONAL_WRITE_EXHAUSTED_PRIMALITY_UNASSIGNED,514,512,512,NO_RECORDED_FACTOR_PRP_OR_LL_RESULT_AND_NO_ACTIVE_GIMPS_ASSIGNMENT,2026-08-09T04:34:14+00:00,UNALLOCATED,,,,,
SLCMP1765-4188,4188,4188,583711691,2^583711691-1,STRUCTURAL_SCREEN_EXHAUSTED_PRIMALITY_UNASSIGNED,GF3A_DIRECTIONAL_WRITE_EXHAUSTED_PRIMALITY_UNASSIGNED,514,512,512,NO_RECORDED_FACTOR_PRP_OR_LL_RESULT_AND_NO_ACTIVE_GIMPS_ASSIGNMENT,2026-08-09T04:34:14+00:00,UNALLOCATED,,,,,
SLCMP1765-4189,4189,4189,583711769,2^583711769-1,STRUCTURAL_SCREEN_EXHAUSTED_PRIMALITY_UNASSIGNED,GF3A_DIRECTIONAL_WRITE_EXHAUSTED_PRIMALITY_UNASSIGNED,513,512,512,NO_RECORDED_FACTOR_PRP_OR_LL_RESULT_AND_NO_ACTIVE_GIMPS_ASSIGNMENT,2026-08-09T04:34:14+00:00,UNALLOCATED,,,,,
SLCMP1765-4190,4190,4190,583711771,2^583711771-1,STRUCTURAL_SCREEN_EXHAUSTED_PRIMALITY_UNASSIGNED,GF3A_DIRECTIONAL_WRITE_EXHAUSTED_PRIMALITY_UNASSIGNED,514,512,512,NO_RECORDED_FACTOR_PRP_OR_LL_RESULT_AND_NO_ACTIVE_GIMPS_ASSIGNMENT,2026-08-09T04:34:14+00:00,UNALLOCATED,,,,,
SLCMP1765-4191,4191,4191,583711811,2^583711811-1,STRUCTURAL_SCREEN_EXHAUSTED_PRIMALITY_UNASSIGNED,GF3A_DIRECTIONAL_WRITE_EXHAUSTED_PRIMALITY_UNASSIGNED,514,512,512,NO_RECORDED_FACTOR_PRP_OR_LL_RESULT_AND_NO_ACTIVE_GIMPS_ASSIGNMENT,2026-08-09T04:34:14+00:00,UNALLOCATED,,,,,
SLCMP1765-4192,4192,4192,583711951,2^583711951-1,STRUCTURAL_SCREEN_EXHAUSTED_PRIMALITY_UNASSIGNED,GF3A_DIRECTIONAL_WRITE_EXHAUSTED_PRIMALITY_UNASSIGNED,514,512,512,NO_RECORDED_FACTOR_PRP_OR_LL_RESULT_AND_NO_ACTIVE_GIMPS_ASSIGNMENT,2026-08-09T04:34:14+00:00,UNALLOCATED,,,,,
SLCMP1765-4193,4193,4193,583711969,2^583711969-1,STRUCTURAL_SCREEN_EXHAUSTED_PRIMALITY_UNASSIGNED,GF3A_DIRECTIONAL_WRITE_EXHAUSTED_PRIMALITY_UNASSIGNED,513,512,512,NO_RECORDED_FACTOR_PRP_OR_LL_RESULT_AND_NO_ACTIVE_GIMPS_ASSIGNMENT,2026-08-09T04:34:14+00:00,UNALLOCATED,,,,,
SLCMP1765-4194,4194,4194,583711979,2^583711979-1,STRUCTURAL_SCREEN_EXHAUSTED_PRIMALITY_UNASSIGNED,GF3A_DIRECTIONAL_WRITE_EXHAUSTED_PRIMALITY_UNASSIGNED,514,512,512,NO_RECORDED_FACTOR_PRP_OR_LL_RESULT_AND_NO_ACTIVE_GIMPS_ASSIGNMENT,2026-08-09T04:34:14+00:00,UNALLOCATED,,,,,
SLCMP1765-4195,4195,4195,583711981,2^583711981-1,STRUCTURAL_SCREEN_EXHAUSTED_PRIMALITY_UNASSIGNED,GF3A_DIRECTIONAL_WRITE_EXHAUSTED_PRIMALITY_UNASSIGNED,513,512,512,NO_RECORDED_FACTOR_PRP_OR_LL_RESULT_AND_NO_ACTIVE_GIMPS_ASSIGNMENT,2026-08-09T04:34:14+00:00,UNALLOCATED,,,,,
SLCMP1765-4196,4196,4196,583712047,2^583712047-1,STRUCTURAL_SCREEN_EXHAUSTED_PRIMALITY_UNASSIGNED,GF3A_DIRECTIONAL_WRITE_EXHAUSTED_PRIMALITY_UNASSIGNED,514,512,512,NO_RECORDED_FACTOR_PRP_OR_LL_RESULT_AND_NO_ACTIVE_GIMPS_ASSIGNMENT,2026-08-09T04:34:14+00:00,UNALLOCATED,,,,,
SLCMP1765-4197,4197,4197,583712081,2^583712081-1,STRUCTURAL_SCREEN_EXHAUSTED_PRIMALITY_UNASSIGNED,GF3A_DIRECTIONAL_WRITE_EXHAUSTED_PRIMALITY_UNASSIGNED,513,512,512,NO_RECORDED_FACTOR_PRP_OR_LL_RESULT_AND_NO_ACTIVE_GIMPS_ASSIGNMENT,2026-08-09T04:34:14+00:00,UNALLOCATED,,,,,
SLCMP1765-4198,4198,4198,583712083,2^583712083-1,STRUCTURAL_SCREEN_EXHAUSTED_PRIMALITY_UNASSIGNED,GF3A_DIRECTIONAL_WRITE_EXHAUSTED_PRIMALITY_UNASSIGNED,514,512,512,NO_RECORDED_FACTOR_PRP_OR_LL_RESULT_AND_NO_ACTIVE_GIMPS_ASSIGNMENT,2026-08-09T04:34:14+00:00,UNALLOCATED,,,,,
SLCMP1765-4199,4199,4199,583712131,2^583712131-1,STRUCTURAL_SCREEN_EXHAUSTED_PRIMALITY_UNASSIGNED,GF3A_DIRECTIONAL_WRITE_EXHAUSTED_PRIMALITY_UNASSIGNED,514,512,512,NO_RECORDED_FACTOR_PRP_OR_LL_RESULT_AND_NO_ACTIVE_GIMPS_ASSIGNMENT,2026-08-09T04:34:14+00:00,UNALLOCATED,,,,,
SLCMP1765-4200,4200,4200,583712159,2^583712159-1,STRUCTURAL_SCREEN_EXHAUSTED_PRIMALITY_UNASSIGNED,GF3A_DIRECTIONAL_WRITE_EXHAUSTED_PRIMALITY_UNASSIGNED,514,512,512,NO_RECORDED_FACTOR_PRP_OR_LL_RESULT_AND_NO_ACTIVE_GIMPS_ASSIGNMENT,2026-08-09T04:34:14+00:00,UNALLOCATED,,,,,
SLCMP1765-4201,4201,4201,583712189,2^583712189-1,STRUCTURAL_SCREEN_EXHAUSTED_PRIMALITY_UNASSIGNED,GF3A_DIRECTIONAL_WRITE_EXHAUSTED_PRIMALITY_UNASSIGNED,513,512,512,NO_RECORDED_FACTOR_PRP_OR_LL_RESULT_AND_NO_ACTIVE_GIMPS_ASSIGNMENT,2026-08-09T04:34:14+00:00,UNALLOCATED,,,,,
SLCMP1765-4202,4202,4202,583712231,2^583712231-1,STRUCTURAL_SCREEN_EXHAUSTED_PRIMALITY_UNASSIGNED,GF3A_DIRECTIONAL_WRITE_EXHAUSTED_PRIMALITY_UNASSIGNED,514,512,512,NO_RECORDED_FACTOR_PRP_OR_LL_RESULT_AND_NO_ACTIVE_GIMPS_ASSIGNMENT,2026-08-09T04:34:14+00:00,UNALLOCATED,,,,,
SLCMP1765-4203,4203,4203,583712287,2^583712287-1,STRUCTURAL_SCREEN_EXHAUSTED_PRIMALITY_UNASSIGNED,GF3A_DIRECTIONAL_WRITE_EXHAUSTED_PRIMALITY_UNASSIGNED,514,512,512,NO_RECORDED_FACTOR_PRP_OR_LL_RESULT_AND_NO_ACTIVE_GIMPS_ASSIGNMENT,2026-08-09T04:34:14+00:00,UNALLOCATED,,,,,
SLCMP1765-4204,4204,4204,583712347,2^583712347-1,STRUCTURAL_SCREEN_EXHAUSTED_PRIMALITY_UNASSIGNED,GF3A_DIRECTIONAL_WRITE_EXHAUSTED_PRIMALITY_UNASSIGNED,514,512,512,NO_RECORDED_FACTOR_PRP_OR_LL_RESULT_AND_NO_ACTIVE_GIMPS_ASSIGNMENT,2026-08-09T04:34:14+00:00,UNALLOCATED,,,,,
SLCMP1765-4205,4205,4205,583712359,2^583712359-1,STRUCTURAL_SCREEN_EXHAUSTED_PRIMALITY_UNASSIGNED,GF3A_DIRECTIONAL_WRITE_EXHAUSTED_PRIMALITY_UNASSIGNED,514,512,512,NO_RECORDED_FACTOR_PRP_OR_LL_RESULT_AND_NO_ACTIVE_GIMPS_ASSIGNMENT,2026-08-09T04:34:14+00:00,UNALLOCATED,,,,,
SLCMP1765-4206,4206,4206,583712383,2^583712383-1,STRUCTURAL_SCREEN_EXHAUSTED_PRIMALITY_UNASSIGNED,GF3A_DIRECTIONAL_WRITE_EXHAUSTED_PRIMALITY_UNASSIGNED,514,512,512,NO_RECORDED_FACTOR_PRP_OR_LL_RESULT_AND_NO_ACTIVE_GIMPS_ASSIGNMENT,2026-08-09T04:34:14+00:00,UNALLOCATED,,,,,
SLCMP1765-4207,4207,4207,583712387,2^583712387-1,STRUCTURAL_SCREEN_EXHAUSTED_PRIMALITY_UNASSIGNED,GF3A_DIRECTIONAL_WRITE_EXHAUSTED_PRIMALITY_UNASSIGNED,514,512,512,NO_RECORDED_FACTOR_PRP_OR_LL_RESULT_AND_NO_ACTIVE_GIMPS_ASSIGNMENT,2026-08-09T04:34:14+00:00,UNALLOCATED,,,,,
SLCMP1765-4208,4208,4208,583712443,2^583712443-1,STRUCTURAL_SCREEN_EXHAUSTED_PRIMALITY_UNASSIGNED,GF3A_DIRECTIONAL_WRITE_EXHAUSTED_PRIMALITY_UNASSIGNED,514,512,512,NO_RECORDED_FACTOR_PRP_OR_LL_RESULT_AND_NO_ACTIVE_GIMPS_ASSIGNMENT,2026-08-09T04:34:14+00:00,UNALLOCATED,,,,,
SLCMP1765-4209,4209,4209,583712539,2^583712539-1,STRUCTURAL_SCREEN_EXHAUSTED_PRIMALITY_UNASSIGNED,GF3A_DIRECTIONAL_WRITE_EXHAUSTED_PRIMALITY_UNASSIGNED,514,512,512,NO_RECORDED_FACTOR_PRP_OR_LL_RESULT_AND_NO_ACTIVE_GIMPS_ASSIGNMENT,2026-08-09T04:34:14+00:00,UNALLOCATED,,,,,
SLCMP1765-4210,4210,4210,583712581,2^583712581-1,STRUCTURAL_SCREEN_EXHAUSTED_PRIMALITY_UNASSIGNED,GF3A_DIRECTIONAL_WRITE_EXHAUSTED_PRIMALITY_UNASSIGNED,513,512,512,NO_RECORDED_FACTOR_PRP_OR_LL_RESULT_AND_NO_ACTIVE_GIMPS_ASSIGNMENT,2026-08-09T04:34:14+00:00,UNALLOCATED,,,,,
SLCMP1765-4211,4211,4211,583712627,2^583712627-1,STRUCTURAL_SCREEN_EXHAUSTED_PRIMALITY_UNASSIGNED,GF3A_DIRECTIONAL_WRITE_EXHAUSTED_PRIMALITY_UNASSIGNED,514,512,512,NO_RECORDED_FACTOR_PRP_OR_LL_RESULT_AND_NO_ACTIVE_GIMPS_ASSIGNMENT,2026-08-09T04:34:14+00:00,UNALLOCATED,,,,,
SLCMP1765-4212,4212,4212,583712669,2^583712669-1,STRUCTURAL_SCREEN_EXHAUSTED_PRIMALITY_UNASSIGNED,GF3A_DIRECTIONAL_WRITE_EXHAUSTED_PRIMALITY_UNASSIGNED,513,512,512,NO_RECORDED_FACTOR_PRP_OR_LL_RESULT_AND_NO_ACTIVE_GIMPS_ASSIGNMENT,2026-08-09T04:34:14+00:00,UNALLOCATED,,,,,
SLCMP1765-4213,4213,4213,583712683,2^583712683-1,STRUCTURAL_SCREEN_EXHAUSTED_PRIMALITY_UNASSIGNED,GF3A_DIRECTIONAL_WRITE_EXHAUSTED_PRIMALITY_UNASSIGNED,514,512,512,NO_RECORDED_FACTOR_PRP_OR_LL_RESULT_AND_NO_ACTIVE_GIMPS_ASSIGNMENT,2026-08-09T04:34:14+00:00,UNALLOCATED,,,,,
SLCMP1765-4214,4214,4214,583712743,2^583712743-1,STRUCTURAL_SCREEN_EXHAUSTED_PRIMALITY_UNASSIGNED,GF3A_DIRECTIONAL_WRITE_EXHAUSTED_PRIMALITY_UNASSIGNED,514,512,512,NO_RECORDED_FACTOR_PRP_OR_LL_RESULT_AND_NO_ACTIVE_GIMPS_ASSIGNMENT,2026-08-09T04:34:14+00:00,UNALLOCATED,,,,,
SLCMP1765-4215,4215,4215,583712809,2^583712809-1,STRUCTURAL_SCREEN_EXHAUSTED_PRIMALITY_UNASSIGNED,GF3A_DIRECTIONAL_WRITE_EXHAUSTED_PRIMALITY_UNASSIGNED,513,512,512,NO_RECORDED_FACTOR_PRP_OR_LL_RESULT_AND_NO_ACTIVE_GIMPS_ASSIGNMENT,2026-08-09T04:34:14+00:00,UNALLOCATED,,,,,
SLCMP1765-4216,4216,4216,583712821,2^583712821-1,STRUCTURAL_SCREEN_EXHAUSTED_PRIMALITY_UNASSIGNED,GF3A_DIRECTIONAL_WRITE_EXHAUSTED_PRIMALITY_UNASSIGNED,513,512,512,NO_RECORDED_FACTOR_PRP_OR_LL_RESULT_AND_NO_ACTIVE_GIMPS_ASSIGNMENT,2026-08-09T04:34:14+00:00,UNALLOCATED,,,,,
SLCMP1765-4217,4217,4217,583712861,2^583712861-1,STRUCTURAL_SCREEN_EXHAUSTED_PRIMALITY_UNASSIGNED,GF3A_DIRECTIONAL_WRITE_EXHAUSTED_PRIMALITY_UNASSIGNED,513,512,512,NO_RECORDED_FACTOR_PRP_OR_LL_RESULT_AND_NO_ACTIVE_GIMPS_ASSIGNMENT,2026-08-09T04:34:14+00:00,UNALLOCATED,,,,,
SLCMP1765-4218,4218,4218,583712893,2^583712893-1,STRUCTURAL_SCREEN_EXHAUSTED_PRIMALITY_UNASSIGNED,GF3A_DIRECTIONAL_WRITE_EXHAUSTED_PRIMALITY_UNASSIGNED,513,512,512,NO_RECORDED_FACTOR_PRP_OR_LL_RESULT_AND_NO_ACTIVE_GIMPS_ASSIGNMENT,2026-08-09T04:34:14+00:00,UNALLOCATED,,,,,
SLCMP1765-4219,4219,4219,583712933,2^583712933-1,STRUCTURAL_SCREEN_EXHAUSTED_PRIMALITY_UNASSIGNED,GF3A_DIRECTIONAL_WRITE_EXHAUSTED_PRIMALITY_UNASSIGNED,513,512,512,NO_RECORDED_FACTOR_PRP_OR_LL_RESULT_AND_NO_ACTIVE_GIMPS_ASSIGNMENT,2026-08-09T04:34:14+00:00,UNALLOCATED,,,,,
SLCMP1765-4220,4220,4220,583712947,2^583712947-1,STRUCTURAL_SCREEN_EXHAUSTED_PRIMALITY_UNASSIGNED,GF3A_DIRECTIONAL_WRITE_EXHAUSTED_PRIMALITY_UNASSIGNED,514,512,512,NO_RECORDED_FACTOR_PRP_OR_LL_RESULT_AND_NO_ACTIVE_GIMPS_ASSIGNMENT,2026-08-09T04:34:14+00:00,UNALLOCATED,,,,,
SLCMP1765-4221,4221,4221,583712989,2^583712989-1,STRUCTURAL_SCREEN_EXHAUSTED_PRIMALITY_UNASSIGNED,GF3A_DIRECTIONAL_WRITE_EXHAUSTED_PRIMALITY_UNASSIGNED,513,512,512,NO_RECORDED_FACTOR_PRP_OR_LL_RESULT_AND_NO_ACTIVE_GIMPS_ASSIGNMENT,2026-08-09T04:34:14+00:00,UNALLOCATED,,,,,
SLCMP1765-4222,4222,4222,583713007,2^583713007-1,STRUCTURAL_SCREEN_EXHAUSTED_PRIMALITY_UNASSIGNED,GF3A_DIRECTIONAL_WRITE_EXHAUSTED_PRIMALITY_UNASSIGNED,514,512,512,NO_RECORDED_FACTOR_PRP_OR_LL_RESULT_AND_NO_ACTIVE_GIMPS_ASSIGNMENT,2026-08-09T04:34:14+00:00,UNALLOCATED,,,,,
SLCMP1765-4223,4223,4223,583713077,2^583713077-1,STRUCTURAL_SCREEN_EXHAUSTED_PRIMALITY_UNASSIGNED,GF3A_DIRECTIONAL_WRITE_EXHAUSTED_PRIMALITY_UNASSIGNED,513,512,512,NO_RECORDED_FACTOR_PRP_OR_LL_RESULT_AND_NO_ACTIVE_GIMPS_ASSIGNMENT,2026-08-09T04:34:14+00:00,UNALLOCATED,,,,,
SLCMP1765-4224,4224,4224,583713149,2^583713149-1,STRUCTURAL_SCREEN_EXHAUSTED_PRIMALITY_UNASSIGNED,GF3A_DIRECTIONAL_WRITE_EXHAUSTED_PRIMALITY_UNASSIGNED,513,512,512,NO_RECORDED_FACTOR_PRP_OR_LL_RESULT_AND_NO_ACTIVE_GIMPS_ASSIGNMENT,2026-08-09T04:34:14+00:00,UNALLOCATED,,,,,
SLCMP1765-4225,4225,4225,583713181,2^583713181-1,STRUCTURAL_SCREEN_EXHAUSTED_PRIMALITY_UNASSIGNED,GF3A_DIRECTIONAL_WRITE_EXHAUSTED_PRIMALITY_UNASSIGNED,513,512,512,NO_RECORDED_FACTOR_PRP_OR_LL_RESULT_AND_NO_ACTIVE_GIMPS_ASSIGNMENT,2026-08-09T04:34:14+00:00,UNALLOCATED,,,,,
SLCMP1765-4226,4226,4226,583713199,2^583713199-1,STRUCTURAL_SCREEN_EXHAUSTED_PRIMALITY_UNASSIGNED,GF3A_DIRECTIONAL_WRITE_EXHAUSTED_PRIMALITY_UNASSIGNED,514,512,512,NO_RECORDED_FACTOR_PRP_OR_LL_RESULT_AND_NO_ACTIVE_GIMPS_ASSIGNMENT,2026-08-09T04:34:14+00:00,UNALLOCATED,,,,,
SLCMP1765-4227,4227,4227,583713281,2^583713281-1,STRUCTURAL_SCREEN_EXHAUSTED_PRIMALITY_UNASSIGNED,GF3A_DIRECTIONAL_WRITE_EXHAUSTED_PRIMALITY_UNASSIGNED,513,512,512,NO_RECORDED_FACTOR_PRP_OR_LL_RESULT_AND_NO_ACTIVE_GIMPS_ASSIGNMENT,2026-08-09T04:34:14+00:00,UNALLOCATED,,,,,
SLCMP1765-4228,4228,4228,583713289,2^583713289-1,STRUCTURAL_SCREEN_EXHAUSTED_PRIMALITY_UNASSIGNED,GF3A_DIRECTIONAL_WRITE_EXHAUSTED_PRIMALITY_UNASSIGNED,513,512,512,NO_RECORDED_FACTOR_PRP_OR_LL_RESULT_AND_NO_ACTIVE_GIMPS_ASSIGNMENT,2026-08-09T04:34:14+00:00,UNALLOCATED,,,,,
SLCMP1765-4229,4229,4229,583713293,2^583713293-1,STRUCTURAL_SCREEN_EXHAUSTED_PRIMALITY_UNASSIGNED,GF3A_DIRECTIONAL_WRITE_EXHAUSTED_PRIMALITY_UNASSIGNED,513,512,512,NO_RECORDED_FACTOR_PRP_OR_LL_RESULT_AND_NO_ACTIVE_GIMPS_ASSIGNMENT,2026-08-09T04:34:14+00:00,UNALLOCATED,,,,,
SLCMP1765-4230,4230,4230,583713349,2^583713349-1,STRUCTURAL_SCREEN_EXHAUSTED_PRIMALITY_UNASSIGNED,GF3A_DIRECTIONAL_WRITE_EXHAUSTED_PRIMALITY_UNASSIGNED,513,512,512,NO_RECORDED_FACTOR_PRP_OR_LL_RESULT_AND_NO_ACTIVE_GIMPS_ASSIGNMENT,2026-08-09T04:34:14+00:00,UNALLOCATED,,,,,
SLCMP1765-4231,4231,4231,583713359,2^583713359-1,STRUCTURAL_SCREEN_EXHAUSTED_PRIMALITY_UNASSIGNED,GF3A_DIRECTIONAL_WRITE_EXHAUSTED_PRIMALITY_UNASSIGNED,514,512,512,NO_RECORDED_FACTOR_PRP_OR_LL_RESULT_AND_NO_ACTIVE_GIMPS_ASSIGNMENT,2026-08-09T04:34:14+00:00,UNALLOCATED,,,,,
SLCMP1765-4232,4232,4232,583713401,2^583713401-1,STRUCTURAL_SCREEN_EXHAUSTED_PRIMALITY_UNASSIGNED,GF3A_DIRECTIONAL_WRITE_EXHAUSTED_PRIMALITY_UNASSIGNED,513,512,512,NO_RECORDED_FACTOR_PRP_OR_LL_RESULT_AND_NO_ACTIVE_GIMPS_ASSIGNMENT,2026-08-09T04:34:14+00:00,UNALLOCATED,,,,,
SLCMP1765-4233,4233,4233,583713409,2^583713409-1,STRUCTURAL_SCREEN_EXHAUSTED_PRIMALITY_UNASSIGNED,GF3A_DIRECTIONAL_WRITE_EXHAUSTED_PRIMALITY_UNASSIGNED,513,512,512,NO_RECORDED_FACTOR_PRP_OR_LL_RESULT_AND_NO_ACTIVE_GIMPS_ASSIGNMENT,2026-08-09T04:34:14+00:00,UNALLOCATED,,,,,
SLCMP1765-4234,4234,4234,583713419,2^583713419-1,STRUCTURAL_SCREEN_EXHAUSTED_PRIMALITY_UNASSIGNED,GF3A_DIRECTIONAL_WRITE_EXHAUSTED_PRIMALITY_UNASSIGNED,514,512,512,NO_RECORDED_FACTOR_PRP_OR_LL_RESULT_AND_NO_ACTIVE_GIMPS_ASSIGNMENT,2026-08-09T04:34:14+00:00,UNALLOCATED,,,,,
SLCMP1765-4235,4235,4235,583713521,2^583713521-1,STRUCTURAL_SCREEN_EXHAUSTED_PRIMALITY_UNASSIGNED,GF3A_DIRECTIONAL_WRITE_EXHAUSTED_PRIMALITY_UNASSIGNED,513,512,512,NO_RECORDED_FACTOR_PRP_OR_LL_RESULT_AND_NO_ACTIVE_GIMPS_ASSIGNMENT,2026-08-09T04:34:14+00:00,UNALLOCATED,,,,,
SLCMP1765-4236,4236,4236,583713523,2^583713523-1,STRUCTURAL_SCREEN_EXHAUSTED_PRIMALITY_UNASSIGNED,GF3A_DIRECTIONAL_WRITE_EXHAUSTED_PRIMALITY_UNASSIGNED,514,512,512,NO_RECORDED_FACTOR_PRP_OR_LL_RESULT_AND_NO_ACTIVE_GIMPS_ASSIGNMENT,2026-08-09T04:34:14+00:00,UNALLOCATED,,,,,
SLCMP1765-4237,4237,4237,583713583,2^583713583-1,STRUCTURAL_SCREEN_EXHAUSTED_PRIMALITY_UNASSIGNED,GF3A_DIRECTIONAL_WRITE_EXHAUSTED_PRIMALITY_UNASSIGNED,514,512,512,NO_RECORDED_FACTOR_PRP_OR_LL_RESULT_AND_NO_ACTIVE_GIMPS_ASSIGNMENT,2026-08-09T04:34:14+00:00,UNALLOCATED,,,,,
SLCMP1765-4238,4238,4238,583713589,2^583713589-1,STRUCTURAL_SCREEN_EXHAUSTED_PRIMALITY_UNASSIGNED,GF3A_DIRECTIONAL_WRITE_EXHAUSTED_PRIMALITY_UNASSIGNED,513,512,512,NO_RECORDED_FACTOR_PRP_OR_LL_RESULT_AND_NO_ACTIVE_GIMPS_ASSIGNMENT,2026-08-09T04:34:14+00:00,UNALLOCATED,,,,,
SLCMP1765-4239,4239,4239,583713607,2^583713607-1,STRUCTURAL_SCREEN_EXHAUSTED_PRIMALITY_UNASSIGNED,GF3A_DIRECTIONAL_WRITE_EXHAUSTED_PRIMALITY_UNASSIGNED,514,512,512,NO_RECORDED_FACTOR_PRP_OR_LL_RESULT_AND_NO_ACTIVE_GIMPS_ASSIGNMENT,2026-08-09T04:34:14+00:00,UNALLOCATED,,,,,
SLCMP1765-4240,4240,4240,583713617,2^583713617-1,STRUCTURAL_SCREEN_EXHAUSTED_PRIMALITY_UNASSIGNED,GF3A_DIRECTIONAL_WRITE_EXHAUSTED_PRIMALITY_UNASSIGNED,513,512,512,NO_RECORDED_FACTOR_PRP_OR_LL_RESULT_AND_NO_ACTIVE_GIMPS_ASSIGNMENT,2026-08-09T04:34:14+00:00,UNALLOCATED,,,,,
SLCMP1765-4241,4241,4241,583713671,2^583713671-1,STRUCTURAL_SCREEN_EXHAUSTED_PRIMALITY_UNASSIGNED,GF3A_DIRECTIONAL_WRITE_EXHAUSTED_PRIMALITY_UNASSIGNED,514,512,512,NO_RECORDED_FACTOR_PRP_OR_LL_RESULT_AND_NO_ACTIVE_GIMPS_ASSIGNMENT,2026-08-09T04:34:14+00:00,UNALLOCATED,,,,,
SLCMP1765-4242,4242,4242,583713701,2^583713701-1,STRUCTURAL_SCREEN_EXHAUSTED_PRIMALITY_UNASSIGNED,GF3A_DIRECTIONAL_WRITE_EXHAUSTED_PRIMALITY_UNASSIGNED,513,512,512,NO_RECORDED_FACTOR_PRP_OR_LL_RESULT_AND_NO_ACTIVE_GIMPS_ASSIGNMENT,2026-08-09T04:34:14+00:00,UNALLOCATED,,,,,
SLCMP1765-4243,4243,4243,583713703,2^583713703-1,STRUCTURAL_SCREEN_EXHAUSTED_PRIMALITY_UNASSIGNED,GF3A_DIRECTIONAL_WRITE_EXHAUSTED_PRIMALITY_UNASSIGNED,514,512,512,NO_RECORDED_FACTOR_PRP_OR_LL_RESULT_AND_NO_ACTIVE_GIMPS_ASSIGNMENT,2026-08-09T04:34:14+00:00,UNALLOCATED,,,,,
SLCMP1765-4244,4244,4244,583713707,2^583713707-1,STRUCTURAL_SCREEN_EXHAUSTED_PRIMALITY_UNASSIGNED,GF3A_DIRECTIONAL_WRITE_EXHAUSTED_PRIMALITY_UNASSIGNED,514,512,512,NO_RECORDED_FACTOR_PRP_OR_LL_RESULT_AND_NO_ACTIVE_GIMPS_ASSIGNMENT,2026-08-09T04:34:14+00:00,UNALLOCATED,,,,,
SLCMP1765-4245,4245,4245,583713773,2^583713773-1,STRUCTURAL_SCREEN_EXHAUSTED_PRIMALITY_UNASSIGNED,GF3A_DIRECTIONAL_WRITE_EXHAUSTED_PRIMALITY_UNASSIGNED,513,512,512,NO_RECORDED_FACTOR_PRP_OR_LL_RESULT_AND_NO_ACTIVE_GIMPS_ASSIGNMENT,2026-08-09T04:34:14+00:00,UNALLOCATED,,,,,
SLCMP1765-4246,4246,4246,583713811,2^583713811-1,STRUCTURAL_SCREEN_EXHAUSTED_PRIMALITY_UNASSIGNED,GF3A_DIRECTIONAL_WRITE_EXHAUSTED_PRIMALITY_UNASSIGNED,514,512,512,NO_RECORDED_FACTOR_PRP_OR_LL_RESULT_AND_NO_ACTIVE_GIMPS_ASSIGNMENT,2026-08-09T04:34:14+00:00,UNALLOCATED,,,,,
SLCMP1765-4247,4247,4247,583713881,2^583713881-1,STRUCTURAL_SCREEN_EXHAUSTED_PRIMALITY_UNASSIGNED,GF3A_DIRECTIONAL_WRITE_EXHAUSTED_PRIMALITY_UNASSIGNED,513,512,512,NO_RECORDED_FACTOR_PRP_OR_LL_RESULT_AND_NO_ACTIVE_GIMPS_ASSIGNMENT,2026-08-09T04:34:14+00:00,UNALLOCATED,,,,,
SLCMP1765-4248,4248,4248,583713883,2^583713883-1,STRUCTURAL_SCREEN_EXHAUSTED_PRIMALITY_UNASSIGNED,GF3A_DIRECTIONAL_WRITE_EXHAUSTED_PRIMALITY_UNASSIGNED,514,512,512,NO_RECORDED_FACTOR_PRP_OR_LL_RESULT_AND_NO_ACTIVE_GIMPS_ASSIGNMENT,2026-08-09T04:34:14+00:00,UNALLOCATED,,,,,
SLCMP1765-4249,4249,4249,583713979,2^583713979-1,STRUCTURAL_SCREEN_EXHAUSTED_PRIMALITY_UNASSIGNED,GF3A_DIRECTIONAL_WRITE_EXHAUSTED_PRIMALITY_UNASSIGNED,514,512,512,NO_RECORDED_FACTOR_PRP_OR_LL_RESULT_AND_NO_ACTIVE_GIMPS_ASSIGNMENT,2026-08-09T04:34:14+00:00,UNALLOCATED,,,,,
SLCMP1765-4250,4250,4250,583714039,2^583714039-1,STRUCTURAL_SCREEN_EXHAUSTED_PRIMALITY_UNASSIGNED,GF3A_DIRECTIONAL_WRITE_EXHAUSTED_PRIMALITY_UNASSIGNED,514,512,512,NO_RECORDED_FACTOR_PRP_OR_LL_RESULT_AND_NO_ACTIVE_GIMPS_ASSIGNMENT,2026-08-09T04:34:14+00:00,UNALLOCATED,,,,,
SLCMP1765-4251,4251,4251,583714073,2^583714073-1,STRUCTURAL_SCREEN_EXHAUSTED_PRIMALITY_UNASSIGNED,GF3A_DIRECTIONAL_WRITE_EXHAUSTED_PRIMALITY_UNASSIGNED,513,512,512,NO_RECORDED_FACTOR_PRP_OR_LL_RESULT_AND_NO_ACTIVE_GIMPS_ASSIGNMENT,2026-08-09T04:34:14+00:00,UNALLOCATED,,,,,
SLCMP1765-4252,4252,4252,583714169,2^583714169-1,STRUCTURAL_SCREEN_EXHAUSTED_PRIMALITY_UNASSIGNED,GF3A_DIRECTIONAL_WRITE_EXHAUSTED_PRIMALITY_UNASSIGNED,513,512,512,NO_RECORDED_FACTOR_PRP_OR_LL_RESULT_AND_NO_ACTIVE_GIMPS_ASSIGNMENT,2026-08-09T04:34:14+00:00,UNALLOCATED,,,,,
SLCMP1765-4253,4253,4253,583714189,2^583714189-1,STRUCTURAL_SCREEN_EXHAUSTED_PRIMALITY_UNASSIGNED,GF3A_DIRECTIONAL_WRITE_EXHAUSTED_PRIMALITY_UNASSIGNED,513,512,512,NO_RECORDED_FACTOR_PRP_OR_LL_RESULT_AND_NO_ACTIVE_GIMPS_ASSIGNMENT,2026-08-09T04:34:14+00:00,UNALLOCATED,,,,,
SLCMP1765-4254,4254,4254,583714301,2^583714301-1,STRUCTURAL_SCREEN_EXHAUSTED_PRIMALITY_UNASSIGNED,GF3A_DIRECTIONAL_WRITE_EXHAUSTED_PRIMALITY_UNASSIGNED,513,512,512,NO_RECORDED_FACTOR_PRP_OR_LL_RESULT_AND_NO_ACTIVE_GIMPS_ASSIGNMENT,2026-08-09T04:34:14+00:00,UNALLOCATED,,,,,
SLCMP1765-4255,4255,4255,583714303,2^583714303-1,STRUCTURAL_SCREEN_EXHAUSTED_PRIMALITY_UNASSIGNED,GF3A_DIRECTIONAL_WRITE_EXHAUSTED_PRIMALITY_UNASSIGNED,514,512,512,NO_RECORDED_FACTOR_PRP_OR_LL_RESULT_AND_NO_ACTIVE_GIMPS_ASSIGNMENT,2026-08-09T04:34:14+00:00,UNALLOCATED,,,,,
SLCMP1765-4256,4256,4256,583714343,2^583714343-1,STRUCTURAL_SCREEN_EXHAUSTED_PRIMALITY_UNASSIGNED,GF3A_DIRECTIONAL_WRITE_EXHAUSTED_PRIMALITY_UNASSIGNED,514,512,512,NO_RECORDED_FACTOR_PRP_OR_LL_RESULT_AND_NO_ACTIVE_GIMPS_ASSIGNMENT,2026-08-09T04:34:14+00:00,UNALLOCATED,,,,,
SLCMP1765-4257,4257,4257,583714357,2^583714357-1,STRUCTURAL_SCREEN_EXHAUSTED_PRIMALITY_UNASSIGNED,GF3A_DIRECTIONAL_WRITE_EXHAUSTED_PRIMALITY_UNASSIGNED,513,512,512,NO_RECORDED_FACTOR_PRP_OR_LL_RESULT_AND_NO_ACTIVE_GIMPS_ASSIGNMENT,2026-08-09T04:34:14+00:00,UNALLOCATED,,,,,
SLCMP1765-4258,4258,4258,583714367,2^583714367-1,STRUCTURAL_SCREEN_EXHAUSTED_PRIMALITY_UNASSIGNED,GF3A_DIRECTIONAL_WRITE_EXHAUSTED_PRIMALITY_UNASSIGNED,514,512,512,NO_RECORDED_FACTOR_PRP_OR_LL_RESULT_AND_NO_ACTIVE_GIMPS_ASSIGNMENT,2026-08-09T04:34:14+00:00,UNALLOCATED,,,,,
SLCMP1765-4259,4259,4259,583714381,2^583714381-1,STRUCTURAL_SCREEN_EXHAUSTED_PRIMALITY_UNASSIGNED,GF3A_DIRECTIONAL_WRITE_EXHAUSTED_PRIMALITY_UNASSIGNED,513,512,512,NO_RECORDED_FACTOR_PRP_OR_LL_RESULT_AND_NO_ACTIVE_GIMPS_ASSIGNMENT,2026-08-09T04:34:14+00:00,UNALLOCATED,,,,,
SLCMP1765-4260,4260,4260,583714399,2^583714399-1,STRUCTURAL_SCREEN_EXHAUSTED_PRIMALITY_UNASSIGNED,GF3A_DIRECTIONAL_WRITE_EXHAUSTED_PRIMALITY_UNASSIGNED,514,512,512,NO_RECORDED_FACTOR_PRP_OR_LL_RESULT_AND_NO_ACTIVE_GIMPS_ASSIGNMENT,2026-08-09T04:34:14+00:00,UNALLOCATED,,,,,
SLCMP1765-4261,4261,4261,583714513,2^583714513-1,STRUCTURAL_SCREEN_EXHAUSTED_PRIMALITY_UNASSIGNED,GF3A_DIRECTIONAL_WRITE_EXHAUSTED_PRIMALITY_UNASSIGNED,513,512,512,NO_RECORDED_FACTOR_PRP_OR_LL_RESULT_AND_NO_ACTIVE_GIMPS_ASSIGNMENT,2026-08-09T04:34:14+00:00,UNALLOCATED,,,,,
SLCMP1765-4262,4262,4262,583714529,2^583714529-1,STRUCTURAL_SCREEN_EXHAUSTED_PRIMALITY_UNASSIGNED,GF3A_DIRECTIONAL_WRITE_EXHAUSTED_PRIMALITY_UNASSIGNED,513,512,512,NO_RECORDED_FACTOR_PRP_OR_LL_RESULT_AND_NO_ACTIVE_GIMPS_ASSIGNMENT,2026-08-09T04:34:14+00:00,UNALLOCATED,,,,,
SLCMP1765-4263,4263,4263,583714541,2^583714541-1,STRUCTURAL_SCREEN_EXHAUSTED_PRIMALITY_UNASSIGNED,GF3A_DIRECTIONAL_WRITE_EXHAUSTED_PRIMALITY_UNASSIGNED,513,512,512,NO_RECORDED_FACTOR_PRP_OR_LL_RESULT_AND_NO_ACTIVE_GIMPS_ASSIGNMENT,2026-08-09T04:34:14+00:00,UNALLOCATED,,,,,
SLCMP1765-4264,4264,4264,583714589,2^583714589-1,STRUCTURAL_SCREEN_EXHAUSTED_PRIMALITY_UNASSIGNED,GF3A_DIRECTIONAL_WRITE_EXHAUSTED_PRIMALITY_UNASSIGNED,513,512,512,NO_RECORDED_FACTOR_PRP_OR_LL_RESULT_AND_NO_ACTIVE_GIMPS_ASSIGNMENT,2026-08-09T04:34:14+00:00,UNALLOCATED,,,,,
SLCMP1765-4265,4265,4265,583714613,2^583714613-1,STRUCTURAL_SCREEN_EXHAUSTED_PRIMALITY_UNASSIGNED,GF3A_DIRECTIONAL_WRITE_EXHAUSTED_PRIMALITY_UNASSIGNED,513,512,512,NO_RECORDED_FACTOR_PRP_OR_LL_RESULT_AND_NO_ACTIVE_GIMPS_ASSIGNMENT,2026-08-09T04:34:14+00:00,UNALLOCATED,,,,,
SLCMP1765-4266,4266,4266,583714763,2^583714763-1,STRUCTURAL_SCREEN_EXHAUSTED_PRIMALITY_UNASSIGNED,GF3A_DIRECTIONAL_WRITE_EXHAUSTED_PRIMALITY_UNASSIGNED,514,512,512,NO_RECORDED_FACTOR_PRP_OR_LL_RESULT_AND_NO_ACTIVE_GIMPS_ASSIGNMENT,2026-08-09T04:34:14+00:00,UNALLOCATED,,,,,
SLCMP1765-4267,4267,4267,583714783,2^583714783-1,STRUCTURAL_SCREEN_EXHAUSTED_PRIMALITY_UNASSIGNED,GF3A_DIRECTIONAL_WRITE_EXHAUSTED_PRIMALITY_UNASSIGNED,514,512,512,NO_RECORDED_FACTOR_PRP_OR_LL_RESULT_AND_NO_ACTIVE_GIMPS_ASSIGNMENT,2026-08-09T04:34:14+00:00,UNALLOCATED,,,,,
SLCMP1765-4268,4268,4268,583714819,2^583714819-1,STRUCTURAL_SCREEN_EXHAUSTED_PRIMALITY_UNASSIGNED,GF3A_DIRECTIONAL_WRITE_EXHAUSTED_PRIMALITY_UNASSIGNED,514,512,512,NO_RECORDED_FACTOR_PRP_OR_LL_RESULT_AND_NO_ACTIVE_GIMPS_ASSIGNMENT,2026-08-09T04:34:14+00:00,UNALLOCATED,,,,,
SLCMP1765-4269,4269,4269,583714913,2^583714913-1,STRUCTURAL_SCREEN_EXHAUSTED_PRIMALITY_UNASSIGNED,GF3A_DIRECTIONAL_WRITE_EXHAUSTED_PRIMALITY_UNASSIGNED,513,512,512,NO_RECORDED_FACTOR_PRP_OR_LL_RESULT_AND_NO_ACTIVE_GIMPS_ASSIGNMENT,2026-08-09T04:34:14+00:00,UNALLOCATED,,,,,
SLCMP1765-4270,4270,4270,583714969,2^583714969-1,STRUCTURAL_SCREEN_EXHAUSTED_PRIMALITY_UNASSIGNED,GF3A_DIRECTIONAL_WRITE_EXHAUSTED_PRIMALITY_UNASSIGNED,513,512,512,NO_RECORDED_FACTOR_PRP_OR_LL_RESULT_AND_NO_ACTIVE_GIMPS_ASSIGNMENT,2026-08-09T04:34:14+00:00,UNALLOCATED,,,,,
SLCMP1765-4271,4271,4271,583715063,2^583715063-1,STRUCTURAL_SCREEN_EXHAUSTED_PRIMALITY_UNASSIGNED,GF3A_DIRECTIONAL_WRITE_EXHAUSTED_PRIMALITY_UNASSIGNED,514,512,512,NO_RECORDED_FACTOR_PRP_OR_LL_RESULT_AND_NO_ACTIVE_GIMPS_ASSIGNMENT,2026-08-09T04:34:14+00:00,UNALLOCATED,,,,,
SLCMP1765-4272,4272,4272,583715191,2^583715191-1,STRUCTURAL_SCREEN_EXHAUSTED_PRIMALITY_UNASSIGNED,GF3A_DIRECTIONAL_WRITE_EXHAUSTED_PRIMALITY_UNASSIGNED,514,512,512,NO_RECORDED_FACTOR_PRP_OR_LL_RESULT_AND_NO_ACTIVE_GIMPS_ASSIGNMENT,2026-08-09T04:34:14+00:00,UNALLOCATED,,,,,
SLCMP1765-4273,4273,4273,583715351,2^583715351-1,STRUCTURAL_SCREEN_EXHAUSTED_PRIMALITY_UNASSIGNED,GF3A_DIRECTIONAL_WRITE_EXHAUSTED_PRIMALITY_UNASSIGNED,514,512,512,NO_RECORDED_FACTOR_PRP_OR_LL_RESULT_AND_NO_ACTIVE_GIMPS_ASSIGNMENT,2026-08-09T04:34:14+00:00,UNALLOCATED,,,,,
SLCMP1765-4274,4274,4274,583715387,2^583715387-1,STRUCTURAL_SCREEN_EXHAUSTED_PRIMALITY_UNASSIGNED,GF3A_DIRECTIONAL_WRITE_EXHAUSTED_PRIMALITY_UNASSIGNED,514,512,512,NO_RECORDED_FACTOR_PRP_OR_LL_RESULT_AND_NO_ACTIVE_GIMPS_ASSIGNMENT,2026-08-09T04:34:14+00:00,UNALLOCATED,,,,,
SLCMP1765-4275,4275,4275,583715443,2^583715443-1,STRUCTURAL_SCREEN_EXHAUSTED_PRIMALITY_UNASSIGNED,GF3A_DIRECTIONAL_WRITE_EXHAUSTED_PRIMALITY_UNASSIGNED,514,512,512,NO_RECORDED_FACTOR_PRP_OR_LL_RESULT_AND_NO_ACTIVE_GIMPS_ASSIGNMENT,2026-08-09T04:34:14+00:00,UNALLOCATED,,,,,
SLCMP1765-4276,4276,4276,583715563,2^583715563-1,STRUCTURAL_SCREEN_EXHAUSTED_PRIMALITY_UNASSIGNED,GF3A_DIRECTIONAL_WRITE_EXHAUSTED_PRIMALITY_UNASSIGNED,514,512,512,NO_RECORDED_FACTOR_PRP_OR_LL_RESULT_AND_NO_ACTIVE_GIMPS_ASSIGNMENT,2026-08-09T04:34:14+00:00,UNALLOCATED,,,,,
SLCMP1765-4277,4277,4277,583715579,2^583715579-1,STRUCTURAL_SCREEN_EXHAUSTED_PRIMALITY_UNASSIGNED,GF3A_DIRECTIONAL_WRITE_EXHAUSTED_PRIMALITY_UNASSIGNED,514,512,512,NO_RECORDED_FACTOR_PRP_OR_LL_RESULT_AND_NO_ACTIVE_GIMPS_ASSIGNMENT,2026-08-09T04:34:14+00:00,UNALLOCATED,,,,,
SLCMP1765-4278,4278,4278,583715719,2^583715719-1,STRUCTURAL_SCREEN_EXHAUSTED_PRIMALITY_UNASSIGNED,GF3A_DIRECTIONAL_WRITE_EXHAUSTED_PRIMALITY_UNASSIGNED,514,512,512,NO_RECORDED_FACTOR_PRP_OR_LL_RESULT_AND_NO_ACTIVE_GIMPS_ASSIGNMENT,2026-08-09T04:34:14+00:00,UNALLOCATED,,,,,
SLCMP1765-4279,4279,4279,583715731,2^583715731-1,STRUCTURAL_SCREEN_EXHAUSTED_PRIMALITY_UNASSIGNED,GF3A_DIRECTIONAL_WRITE_EXHAUSTED_PRIMALITY_UNASSIGNED,514,512,512,NO_RECORDED_FACTOR_PRP_OR_LL_RESULT_AND_NO_ACTIVE_GIMPS_ASSIGNMENT,2026-08-09T04:34:14+00:00,UNALLOCATED,,,,,
SLCMP1765-4280,4280,4280,583715761,2^583715761-1,STRUCTURAL_SCREEN_EXHAUSTED_PRIMALITY_UNASSIGNED,GF3A_DIRECTIONAL_WRITE_EXHAUSTED_PRIMALITY_UNASSIGNED,513,512,512,NO_RECORDED_FACTOR_PRP_OR_LL_RESULT_AND_NO_ACTIVE_GIMPS_ASSIGNMENT,2026-08-09T04:34:14+00:00,UNALLOCATED,,,,,
SLCMP1765-4281,4281,4281,583715789,2^583715789-1,STRUCTURAL_SCREEN_EXHAUSTED_PRIMALITY_UNASSIGNED,GF3A_DIRECTIONAL_WRITE_EXHAUSTED_PRIMALITY_UNASSIGNED,513,512,512,NO_RECORDED_FACTOR_PRP_OR_LL_RESULT_AND_NO_ACTIVE_GIMPS_ASSIGNMENT,2026-08-09T04:34:14+00:00,UNALLOCATED,,,,,
SLCMP1765-4282,4282,4282,583715809,2^583715809-1,STRUCTURAL_SCREEN_EXHAUSTED_PRIMALITY_UNASSIGNED,GF3A_DIRECTIONAL_WRITE_EXHAUSTED_PRIMALITY_UNASSIGNED,513,512,512,NO_RECORDED_FACTOR_PRP_OR_LL_RESULT_AND_NO_ACTIVE_GIMPS_ASSIGNMENT,2026-08-09T04:34:14+00:00,UNALLOCATED,,,,,
SLCMP1765-4283,4283,4283,583715999,2^583715999-1,STRUCTURAL_SCREEN_EXHAUSTED_PRIMALITY_UNASSIGNED,GF3A_DIRECTIONAL_WRITE_EXHAUSTED_PRIMALITY_UNASSIGNED,514,512,512,NO_RECORDED_FACTOR_PRP_OR_LL_RESULT_AND_NO_ACTIVE_GIMPS_ASSIGNMENT,2026-08-09T04:34:14+00:00,UNALLOCATED,,,,,
SLCMP1765-4284,4284,4284,583716041,2^583716041-1,STRUCTURAL_SCREEN_EXHAUSTED_PRIMALITY_UNASSIGNED,GF3A_DIRECTIONAL_WRITE_EXHAUSTED_PRIMALITY_UNASSIGNED,513,512,512,NO_RECORDED_FACTOR_PRP_OR_LL_RESULT_AND_NO_ACTIVE_GIMPS_ASSIGNMENT,2026-08-09T04:34:14+00:00,UNALLOCATED,,,,,
SLCMP1765-4285,4285,4285,583716059,2^583716059-1,STRUCTURAL_SCREEN_EXHAUSTED_PRIMALITY_UNASSIGNED,GF3A_DIRECTIONAL_WRITE_EXHAUSTED_PRIMALITY_UNASSIGNED,514,512,512,NO_RECORDED_FACTOR_PRP_OR_LL_RESULT_AND_NO_ACTIVE_GIMPS_ASSIGNMENT,2026-08-09T04:34:14+00:00,UNALLOCATED,,,,,
SLCMP1765-4286,4286,4286,583716151,2^583716151-1,STRUCTURAL_SCREEN_EXHAUSTED_PRIMALITY_UNASSIGNED,GF3A_DIRECTIONAL_WRITE_EXHAUSTED_PRIMALITY_UNASSIGNED,514,512,512,NO_RECORDED_FACTOR_PRP_OR_LL_RESULT_AND_NO_ACTIVE_GIMPS_ASSIGNMENT,2026-08-09T04:34:14+00:00,UNALLOCATED,,,,,
SLCMP1765-4287,4287,4287,583716251,2^583716251-1,STRUCTURAL_SCREEN_EXHAUSTED_PRIMALITY_UNASSIGNED,GF3A_DIRECTIONAL_WRITE_EXHAUSTED_PRIMALITY_UNASSIGNED,514,512,512,NO_RECORDED_FACTOR_PRP_OR_LL_RESULT_AND_NO_ACTIVE_GIMPS_ASSIGNMENT,2026-08-09T04:34:14+00:00,UNALLOCATED,,,,,
SLCMP1765-4288,4288,4288,583716299,2^583716299-1,STRUCTURAL_SCREEN_EXHAUSTED_PRIMALITY_UNASSIGNED,GF3A_DIRECTIONAL_WRITE_EXHAUSTED_PRIMALITY_UNASSIGNED,514,512,512,NO_RECORDED_FACTOR_PRP_OR_LL_RESULT_AND_NO_ACTIVE_GIMPS_ASSIGNMENT,2026-08-09T04:34:14+00:00,UNALLOCATED,,,,,
SLCMP1765-4289,4289,4289,583716373,2^583716373-1,STRUCTURAL_SCREEN_EXHAUSTED_PRIMALITY_UNASSIGNED,GF3A_DIRECTIONAL_WRITE_EXHAUSTED_PRIMALITY_UNASSIGNED,513,512,512,NO_RECORDED_FACTOR_PRP_OR_LL_RESULT_AND_NO_ACTIVE_GIMPS_ASSIGNMENT,2026-08-09T04:34:14+00:00,UNALLOCATED,,,,,
SLCMP1765-4290,4290,4290,583716389,2^583716389-1,STRUCTURAL_SCREEN_EXHAUSTED_PRIMALITY_UNASSIGNED,GF3A_DIRECTIONAL_WRITE_EXHAUSTED_PRIMALITY_UNASSIGNED,513,512,512,NO_RECORDED_FACTOR_PRP_OR_LL_RESULT_AND_NO_ACTIVE_GIMPS_ASSIGNMENT,2026-08-09T04:34:14+00:00,UNALLOCATED,,,,,
SLCMP1765-4291,4291,4291,583716421,2^583716421-1,STRUCTURAL_SCREEN_EXHAUSTED_PRIMALITY_UNASSIGNED,GF3A_DIRECTIONAL_WRITE_EXHAUSTED_PRIMALITY_UNASSIGNED,513,512,512,NO_RECORDED_FACTOR_PRP_OR_LL_RESULT_AND_NO_ACTIVE_GIMPS_ASSIGNMENT,2026-08-09T04:34:14+00:00,UNALLOCATED,,,,,
SLCMP1765-4292,4292,4292,583716431,2^583716431-1,STRUCTURAL_SCREEN_EXHAUSTED_PRIMALITY_UNASSIGNED,GF3A_DIRECTIONAL_WRITE_EXHAUSTED_PRIMALITY_UNASSIGNED,514,512,512,NO_RECORDED_FACTOR_PRP_OR_LL_RESULT_AND_NO_ACTIVE_GIMPS_ASSIGNMENT,2026-08-09T04:34:14+00:00,UNALLOCATED,,,,,
SLCMP1765-4293,4293,4293,583716449,2^583716449-1,STRUCTURAL_SCREEN_EXHAUSTED_PRIMALITY_UNASSIGNED,GF3A_DIRECTIONAL_WRITE_EXHAUSTED_PRIMALITY_UNASSIGNED,513,512,512,NO_RECORDED_FACTOR_PRP_OR_LL_RESULT_AND_NO_ACTIVE_GIMPS_ASSIGNMENT,2026-08-09T04:34:14+00:00,UNALLOCATED,,,,,
SLCMP1765-4294,4294,4294,583716457,2^583716457-1,STRUCTURAL_SCREEN_EXHAUSTED_PRIMALITY_UNASSIGNED,GF3A_DIRECTIONAL_WRITE_EXHAUSTED_PRIMALITY_UNASSIGNED,513,512,512,NO_RECORDED_FACTOR_PRP_OR_LL_RESULT_AND_NO_ACTIVE_GIMPS_ASSIGNMENT,2026-08-09T04:34:14+00:00,UNALLOCATED,,,,,
SLCMP1765-4295,4295,4295,583716521,2^583716521-1,STRUCTURAL_SCREEN_EXHAUSTED_PRIMALITY_UNASSIGNED,GF3A_DIRECTIONAL_WRITE_EXHAUSTED_PRIMALITY_UNASSIGNED,513,512,512,NO_RECORDED_FACTOR_PRP_OR_LL_RESULT_AND_NO_ACTIVE_GIMPS_ASSIGNMENT,2026-08-09T04:34:14+00:00,UNALLOCATED,,,,,
SLCMP1765-4296,4296,4296,583716671,2^583716671-1,STRUCTURAL_SCREEN_EXHAUSTED_PRIMALITY_UNASSIGNED,GF3A_DIRECTIONAL_WRITE_EXHAUSTED_PRIMALITY_UNASSIGNED,514,512,512,NO_RECORDED_FACTOR_PRP_OR_LL_RESULT_AND_NO_ACTIVE_GIMPS_ASSIGNMENT,2026-08-09T04:34:14+00:00,UNALLOCATED,,,,,
SLCMP1765-4297,4297,4297,583716781,2^583716781-1,STRUCTURAL_SCREEN_EXHAUSTED_PRIMALITY_UNASSIGNED,GF3A_DIRECTIONAL_WRITE_EXHAUSTED_PRIMALITY_UNASSIGNED,513,512,512,NO_RECORDED_FACTOR_PRP_OR_LL_RESULT_AND_NO_ACTIVE_GIMPS_ASSIGNMENT,2026-08-09T04:34:14+00:00,UNALLOCATED,,,,,
SLCMP1765-4298,4298,4298,583716799,2^583716799-1,STRUCTURAL_SCREEN_EXHAUSTED_PRIMALITY_UNASSIGNED,GF3A_DIRECTIONAL_WRITE_EXHAUSTED_PRIMALITY_UNASSIGNED,514,512,512,NO_RECORDED_FACTOR_PRP_OR_LL_RESULT_AND_NO_ACTIVE_GIMPS_ASSIGNMENT,2026-08-09T04:34:14+00:00,UNALLOCATED,,,,,
SLCMP1765-4299,4299,4299,583716823,2^583716823-1,STRUCTURAL_SCREEN_EXHAUSTED_PRIMALITY_UNASSIGNED,GF3A_DIRECTIONAL_WRITE_EXHAUSTED_PRIMALITY_UNASSIGNED,514,512,512,NO_RECORDED_FACTOR_PRP_OR_LL_RESULT_AND_NO_ACTIVE_GIMPS_ASSIGNMENT,2026-08-09T04:34:14+00:00,UNALLOCATED,,,,,
SLCMP1765-4300,4300,4300,583716893,2^583716893-1,STRUCTURAL_SCREEN_EXHAUSTED_PRIMALITY_UNASSIGNED,GF3A_DIRECTIONAL_WRITE_EXHAUSTED_PRIMALITY_UNASSIGNED,513,512,512,NO_RECORDED_FACTOR_PRP_OR_LL_RESULT_AND_NO_ACTIVE_GIMPS_ASSIGNMENT,2026-08-09T04:34:14+00:00,UNALLOCATED,,,,,
SLCMP1765-4301,4301,4301,583716899,2^583716899-1,STRUCTURAL_SCREEN_EXHAUSTED_PRIMALITY_UNASSIGNED,GF3A_DIRECTIONAL_WRITE_EXHAUSTED_PRIMALITY_UNASSIGNED,514,512,512,NO_RECORDED_FACTOR_PRP_OR_LL_RESULT_AND_NO_ACTIVE_GIMPS_ASSIGNMENT,2026-08-09T04:34:14+00:00,UNALLOCATED,,,,,
SLCMP1765-4302,4302,4302,583716971,2^583716971-1,STRUCTURAL_SCREEN_EXHAUSTED_PRIMALITY_UNASSIGNED,GF3A_DIRECTIONAL_WRITE_EXHAUSTED_PRIMALITY_UNASSIGNED,514,512,512,NO_RECORDED_FACTOR_PRP_OR_LL_RESULT_AND_NO_ACTIVE_GIMPS_ASSIGNMENT,2026-08-09T04:34:14+00:00,UNALLOCATED,,,,,
SLCMP1765-4303,4303,4303,583717009,2^583717009-1,STRUCTURAL_SCREEN_EXHAUSTED_PRIMALITY_UNASSIGNED,GF3A_DIRECTIONAL_WRITE_EXHAUSTED_PRIMALITY_UNASSIGNED,513,512,512,NO_RECORDED_FACTOR_PRP_OR_LL_RESULT_AND_NO_ACTIVE_GIMPS_ASSIGNMENT,2026-08-09T04:34:14+00:00,UNALLOCATED,,,,,
SLCMP1765-4304,4304,4304,583717021,2^583717021-1,STRUCTURAL_SCREEN_EXHAUSTED_PRIMALITY_UNASSIGNED,GF3A_DIRECTIONAL_WRITE_EXHAUSTED_PRIMALITY_UNASSIGNED,513,512,512,NO_RECORDED_FACTOR_PRP_OR_LL_RESULT_AND_NO_ACTIVE_GIMPS_ASSIGNMENT,2026-08-09T04:34:14+00:00,UNALLOCATED,,,,,
SLCMP1765-4305,4305,4305,583717033,2^583717033-1,STRUCTURAL_SCREEN_EXHAUSTED_PRIMALITY_UNASSIGNED,GF3A_DIRECTIONAL_WRITE_EXHAUSTED_PRIMALITY_UNASSIGNED,513,512,512,NO_RECORDED_FACTOR_PRP_OR_LL_RESULT_AND_NO_ACTIVE_GIMPS_ASSIGNMENT,2026-08-09T04:34:14+00:00,UNALLOCATED,,,,,
SLCMP1765-4306,4306,4306,583717039,2^583717039-1,STRUCTURAL_SCREEN_EXHAUSTED_PRIMALITY_UNASSIGNED,GF3A_DIRECTIONAL_WRITE_EXHAUSTED_PRIMALITY_UNASSIGNED,514,512,512,NO_RECORDED_FACTOR_PRP_OR_LL_RESULT_AND_NO_ACTIVE_GIMPS_ASSIGNMENT,2026-08-09T04:34:14+00:00,UNALLOCATED,,,,,
SLCMP1765-4307,4307,4307,583717067,2^583717067-1,STRUCTURAL_SCREEN_EXHAUSTED_PRIMALITY_UNASSIGNED,GF3A_DIRECTIONAL_WRITE_EXHAUSTED_PRIMALITY_UNASSIGNED,514,512,512,NO_RECORDED_FACTOR_PRP_OR_LL_RESULT_AND_NO_ACTIVE_GIMPS_ASSIGNMENT,2026-08-09T04:34:14+00:00,UNALLOCATED,,,,,
SLCMP1765-4308,4308,4308,583717087,2^583717087-1,STRUCTURAL_SCREEN_EXHAUSTED_PRIMALITY_UNASSIGNED,GF3A_DIRECTIONAL_WRITE_EXHAUSTED_PRIMALITY_UNASSIGNED,514,512,512,NO_RECORDED_FACTOR_PRP_OR_LL_RESULT_AND_NO_ACTIVE_GIMPS_ASSIGNMENT,2026-08-09T04:34:14+00:00,UNALLOCATED,,,,,
SLCMP1765-4309,4309,4309,583717097,2^583717097-1,STRUCTURAL_SCREEN_EXHAUSTED_PRIMALITY_UNASSIGNED,GF3A_DIRECTIONAL_WRITE_EXHAUSTED_PRIMALITY_UNASSIGNED,513,512,512,NO_RECORDED_FACTOR_PRP_OR_LL_RESULT_AND_NO_ACTIVE_GIMPS_ASSIGNMENT,2026-08-09T04:34:14+00:00,UNALLOCATED,,,,,
SLCMP1765-4310,4310,4310,583717159,2^583717159-1,STRUCTURAL_SCREEN_EXHAUSTED_PRIMALITY_UNASSIGNED,GF3A_DIRECTIONAL_WRITE_EXHAUSTED_PRIMALITY_UNASSIGNED,514,512,512,NO_RECORDED_FACTOR_PRP_OR_LL_RESULT_AND_NO_ACTIVE_GIMPS_ASSIGNMENT,2026-08-09T04:34:14+00:00,UNALLOCATED,,,,,
SLCMP1765-4311,4311,4311,583717177,2^583717177-1,STRUCTURAL_SCREEN_EXHAUSTED_PRIMALITY_UNASSIGNED,GF3A_DIRECTIONAL_WRITE_EXHAUSTED_PRIMALITY_UNASSIGNED,513,512,512,NO_RECORDED_FACTOR_PRP_OR_LL_RESULT_AND_NO_ACTIVE_GIMPS_ASSIGNMENT,2026-08-09T04:34:14+00:00,UNALLOCATED,,,,,
SLCMP1765-4312,4312,4312,583717187,2^583717187-1,STRUCTURAL_SCREEN_EXHAUSTED_PRIMALITY_UNASSIGNED,GF3A_DIRECTIONAL_WRITE_EXHAUSTED_PRIMALITY_UNASSIGNED,514,512,512,NO_RECORDED_FACTOR_PRP_OR_LL_RESULT_AND_NO_ACTIVE_GIMPS_ASSIGNMENT,2026-08-09T04:34:14+00:00,UNALLOCATED,,,,,
SLCMP1765-4313,4313,4313,583717223,2^583717223-1,STRUCTURAL_SCREEN_EXHAUSTED_PRIMALITY_UNASSIGNED,GF3A_DIRECTIONAL_WRITE_EXHAUSTED_PRIMALITY_UNASSIGNED,514,512,512,NO_RECORDED_FACTOR_PRP_OR_LL_RESULT_AND_NO_ACTIVE_GIMPS_ASSIGNMENT,2026-08-09T04:34:14+00:00,UNALLOCATED,,,,,
SLCMP1765-4314,4314,4314,583717247,2^583717247-1,STRUCTURAL_SCREEN_EXHAUSTED_PRIMALITY_UNASSIGNED,GF3A_DIRECTIONAL_WRITE_EXHAUSTED_PRIMALITY_UNASSIGNED,514,512,512,NO_RECORDED_FACTOR_PRP_OR_LL_RESULT_AND_NO_ACTIVE_GIMPS_ASSIGNMENT,2026-08-09T04:34:14+00:00,UNALLOCATED,,,,,
SLCMP1765-4315,4315,4315,583717261,2^583717261-1,STRUCTURAL_SCREEN_EXHAUSTED_PRIMALITY_UNASSIGNED,GF3A_DIRECTIONAL_WRITE_EXHAUSTED_PRIMALITY_UNASSIGNED,513,512,512,NO_RECORDED_FACTOR_PRP_OR_LL_RESULT_AND_NO_ACTIVE_GIMPS_ASSIGNMENT,2026-08-09T04:34:14+00:00,UNALLOCATED,,,,,
SLCMP1765-4316,4316,4316,583717289,2^583717289-1,STRUCTURAL_SCREEN_EXHAUSTED_PRIMALITY_UNASSIGNED,GF3A_DIRECTIONAL_WRITE_EXHAUSTED_PRIMALITY_UNASSIGNED,513,512,512,NO_RECORDED_FACTOR_PRP_OR_LL_RESULT_AND_NO_ACTIVE_GIMPS_ASSIGNMENT,2026-08-09T04:34:14+00:00,UNALLOCATED,,,,,
SLCMP1765-4317,4317,4317,583717313,2^583717313-1,STRUCTURAL_SCREEN_EXHAUSTED_PRIMALITY_UNASSIGNED,GF3A_DIRECTIONAL_WRITE_EXHAUSTED_PRIMALITY_UNASSIGNED,513,512,512,NO_RECORDED_FACTOR_PRP_OR_LL_RESULT_AND_NO_ACTIVE_GIMPS_ASSIGNMENT,2026-08-09T04:34:14+00:00,UNALLOCATED,,,,,
SLCMP1765-4318,4318,4318,583717591,2^583717591-1,STRUCTURAL_SCREEN_EXHAUSTED_PRIMALITY_UNASSIGNED,GF3A_DIRECTIONAL_WRITE_EXHAUSTED_PRIMALITY_UNASSIGNED,514,512,512,NO_RECORDED_FACTOR_PRP_OR_LL_RESULT_AND_NO_ACTIVE_GIMPS_ASSIGNMENT,2026-08-09T04:34:14+00:00,UNALLOCATED,,,,,
SLCMP1765-4319,4319,4319,583717609,2^583717609-1,STRUCTURAL_SCREEN_EXHAUSTED_PRIMALITY_UNASSIGNED,GF3A_DIRECTIONAL_WRITE_EXHAUSTED_PRIMALITY_UNASSIGNED,513,512,512,NO_RECORDED_FACTOR_PRP_OR_LL_RESULT_AND_NO_ACTIVE_GIMPS_ASSIGNMENT,2026-08-09T04:34:14+00:00,UNALLOCATED,,,,,
SLCMP1765-4320,4320,4320,583717613,2^583717613-1,STRUCTURAL_SCREEN_EXHAUSTED_PRIMALITY_UNASSIGNED,GF3A_DIRECTIONAL_WRITE_EXHAUSTED_PRIMALITY_UNASSIGNED,513,512,512,NO_RECORDED_FACTOR_PRP_OR_LL_RESULT_AND_NO_ACTIVE_GIMPS_ASSIGNMENT,2026-08-09T04:34:14+00:00,UNALLOCATED,,,,,
SLCMP1765-4321,4321,4321,583717657,2^583717657-1,STRUCTURAL_SCREEN_EXHAUSTED_PRIMALITY_UNASSIGNED,GF3A_DIRECTIONAL_WRITE_EXHAUSTED_PRIMALITY_UNASSIGNED,513,512,512,NO_RECORDED_FACTOR_PRP_OR_LL_RESULT_AND_NO_ACTIVE_GIMPS_ASSIGNMENT,2026-08-09T04:34:14+00:00,UNALLOCATED,,,,,
SLCMP1765-4322,4322,4322,583717711,2^583717711-1,STRUCTURAL_SCREEN_EXHAUSTED_PRIMALITY_UNASSIGNED,GF3A_DIRECTIONAL_WRITE_EXHAUSTED_PRIMALITY_UNASSIGNED,514,512,512,NO_RECORDED_FACTOR_PRP_OR_LL_RESULT_AND_NO_ACTIVE_GIMPS_ASSIGNMENT,2026-08-09T04:34:14+00:00,UNALLOCATED,,,,,
SLCMP1765-4323,4323,4323,583717727,2^583717727-1,STRUCTURAL_SCREEN_EXHAUSTED_PRIMALITY_UNASSIGNED,GF3A_DIRECTIONAL_WRITE_EXHAUSTED_PRIMALITY_UNASSIGNED,514,512,512,NO_RECORDED_FACTOR_PRP_OR_LL_RESULT_AND_NO_ACTIVE_GIMPS_ASSIGNMENT,2026-08-09T04:34:14+00:00,UNALLOCATED,,,,,
SLCMP1765-4324,4324,4324,583717787,2^583717787-1,STRUCTURAL_SCREEN_EXHAUSTED_PRIMALITY_UNASSIGNED,GF3A_DIRECTIONAL_WRITE_EXHAUSTED_PRIMALITY_UNASSIGNED,514,512,512,NO_RECORDED_FACTOR_PRP_OR_LL_RESULT_AND_NO_ACTIVE_GIMPS_ASSIGNMENT,2026-08-09T04:34:14+00:00,UNALLOCATED,,,,,
SLCMP1765-4325,4325,4325,583717973,2^583717973-1,STRUCTURAL_SCREEN_EXHAUSTED_PRIMALITY_UNASSIGNED,GF3A_DIRECTIONAL_WRITE_EXHAUSTED_PRIMALITY_UNASSIGNED,513,512,512,NO_RECORDED_FACTOR_PRP_OR_LL_RESULT_AND_NO_ACTIVE_GIMPS_ASSIGNMENT,2026-08-09T04:34:14+00:00,UNALLOCATED,,,,,
SLCMP1765-4326,4326,4326,583717997,2^583717997-1,STRUCTURAL_SCREEN_EXHAUSTED_PRIMALITY_UNASSIGNED,GF3A_DIRECTIONAL_WRITE_EXHAUSTED_PRIMALITY_UNASSIGNED,513,512,512,NO_RECORDED_FACTOR_PRP_OR_LL_RESULT_AND_NO_ACTIVE_GIMPS_ASSIGNMENT,2026-08-09T04:34:14+00:00,UNALLOCATED,,,,,
SLCMP1765-4327,4327,4327,583718027,2^583718027-1,STRUCTURAL_SCREEN_EXHAUSTED_PRIMALITY_UNASSIGNED,GF3A_DIRECTIONAL_WRITE_EXHAUSTED_PRIMALITY_UNASSIGNED,514,512,512,NO_RECORDED_FACTOR_PRP_OR_LL_RESULT_AND_NO_ACTIVE_GIMPS_ASSIGNMENT,2026-08-09T04:34:14+00:00,UNALLOCATED,,,,,
SLCMP1765-4328,4328,4328,583718041,2^583718041-1,STRUCTURAL_SCREEN_EXHAUSTED_PRIMALITY_UNASSIGNED,GF3A_DIRECTIONAL_WRITE_EXHAUSTED_PRIMALITY_UNASSIGNED,513,512,512,NO_RECORDED_FACTOR_PRP_OR_LL_RESULT_AND_NO_ACTIVE_GIMPS_ASSIGNMENT,2026-08-09T04:34:14+00:00,UNALLOCATED,,,,,
SLCMP1765-4329,4329,4329,583718071,2^583718071-1,STRUCTURAL_SCREEN_EXHAUSTED_PRIMALITY_UNASSIGNED,GF3A_DIRECTIONAL_WRITE_EXHAUSTED_PRIMALITY_UNASSIGNED,514,512,512,NO_RECORDED_FACTOR_PRP_OR_LL_RESULT_AND_NO_ACTIVE_GIMPS_ASSIGNMENT,2026-08-09T04:34:14+00:00,UNALLOCATED,,,,,
SLCMP1765-4330,4330,4330,583718183,2^583718183-1,STRUCTURAL_SCREEN_EXHAUSTED_PRIMALITY_UNASSIGNED,GF3A_DIRECTIONAL_WRITE_EXHAUSTED_PRIMALITY_UNASSIGNED,514,512,512,NO_RECORDED_FACTOR_PRP_OR_LL_RESULT_AND_NO_ACTIVE_GIMPS_ASSIGNMENT,2026-08-09T04:34:14+00:00,UNALLOCATED,,,,,
SLCMP1765-4331,4331,4331,583718221,2^583718221-1,STRUCTURAL_SCREEN_EXHAUSTED_PRIMALITY_UNASSIGNED,GF3A_DIRECTIONAL_WRITE_EXHAUSTED_PRIMALITY_UNASSIGNED,513,512,512,NO_RECORDED_FACTOR_PRP_OR_LL_RESULT_AND_NO_ACTIVE_GIMPS_ASSIGNMENT,2026-08-09T04:34:14+00:00,UNALLOCATED,,,,,
SLCMP1765-4332,4332,4332,583718237,2^583718237-1,STRUCTURAL_SCREEN_EXHAUSTED_PRIMALITY_UNASSIGNED,GF3A_DIRECTIONAL_WRITE_EXHAUSTED_PRIMALITY_UNASSIGNED,513,512,512,NO_RECORDED_FACTOR_PRP_OR_LL_RESULT_AND_NO_ACTIVE_GIMPS_ASSIGNMENT,2026-08-09T04:34:14+00:00,UNALLOCATED,,,,,
SLCMP1765-4333,4333,4333,583718279,2^583718279-1,STRUCTURAL_SCREEN_EXHAUSTED_PRIMALITY_UNASSIGNED,GF3A_DIRECTIONAL_WRITE_EXHAUSTED_PRIMALITY_UNASSIGNED,514,512,512,NO_RECORDED_FACTOR_PRP_OR_LL_RESULT_AND_NO_ACTIVE_GIMPS_ASSIGNMENT,2026-08-09T04:34:14+00:00,UNALLOCATED,,,,,
SLCMP1765-4334,4334,4334,583718383,2^583718383-1,STRUCTURAL_SCREEN_EXHAUSTED_PRIMALITY_UNASSIGNED,GF3A_DIRECTIONAL_WRITE_EXHAUSTED_PRIMALITY_UNASSIGNED,514,512,512,NO_RECORDED_FACTOR_PRP_OR_LL_RESULT_AND_NO_ACTIVE_GIMPS_ASSIGNMENT,2026-08-09T04:34:14+00:00,UNALLOCATED,,,,,
SLCMP1765-4335,4335,4335,583718393,2^583718393-1,STRUCTURAL_SCREEN_EXHAUSTED_PRIMALITY_UNASSIGNED,GF3A_DIRECTIONAL_WRITE_EXHAUSTED_PRIMALITY_UNASSIGNED,513,512,512,NO_RECORDED_FACTOR_PRP_OR_LL_RESULT_AND_NO_ACTIVE_GIMPS_ASSIGNMENT,2026-08-09T04:34:14+00:00,UNALLOCATED,,,,,
SLCMP1765-4336,4336,4336,583718459,2^583718459-1,STRUCTURAL_SCREEN_EXHAUSTED_PRIMALITY_UNASSIGNED,GF3A_DIRECTIONAL_WRITE_EXHAUSTED_PRIMALITY_UNASSIGNED,514,512,512,NO_RECORDED_FACTOR_PRP_OR_LL_RESULT_AND_NO_ACTIVE_GIMPS_ASSIGNMENT,2026-08-09T04:34:14+00:00,UNALLOCATED,,,,,
SLCMP1765-4337,4337,4337,583718497,2^583718497-1,STRUCTURAL_SCREEN_EXHAUSTED_PRIMALITY_UNASSIGNED,GF3A_DIRECTIONAL_WRITE_EXHAUSTED_PRIMALITY_UNASSIGNED,513,512,512,NO_RECORDED_FACTOR_PRP_OR_LL_RESULT_AND_NO_ACTIVE_GIMPS_ASSIGNMENT,2026-08-09T04:34:14+00:00,UNALLOCATED,,,,,
SLCMP1765-4338,4338,4338,583718519,2^583718519-1,STRUCTURAL_SCREEN_EXHAUSTED_PRIMALITY_UNASSIGNED,GF3A_DIRECTIONAL_WRITE_EXHAUSTED_PRIMALITY_UNASSIGNED,514,512,512,NO_RECORDED_FACTOR_PRP_OR_LL_RESULT_AND_NO_ACTIVE_GIMPS_ASSIGNMENT,2026-08-09T04:34:14+00:00,UNALLOCATED,,,,,
SLCMP1765-4339,4339,4339,583718533,2^583718533-1,STRUCTURAL_SCREEN_EXHAUSTED_PRIMALITY_UNASSIGNED,GF3A_DIRECTIONAL_WRITE_EXHAUSTED_PRIMALITY_UNASSIGNED,513,512,512,NO_RECORDED_FACTOR_PRP_OR_LL_RESULT_AND_NO_ACTIVE_GIMPS_ASSIGNMENT,2026-08-09T04:34:14+00:00,UNALLOCATED,,,,,
SLCMP1765-4340,4340,4340,583718669,2^583718669-1,STRUCTURAL_SCREEN_EXHAUSTED_PRIMALITY_UNASSIGNED,GF3A_DIRECTIONAL_WRITE_EXHAUSTED_PRIMALITY_UNASSIGNED,513,512,512,NO_RECORDED_FACTOR_PRP_OR_LL_RESULT_AND_NO_ACTIVE_GIMPS_ASSIGNMENT,2026-08-09T04:34:14+00:00,UNALLOCATED,,,,,
SLCMP1765-4341,4341,4341,583718689,2^583718689-1,STRUCTURAL_SCREEN_EXHAUSTED_PRIMALITY_UNASSIGNED,GF3A_DIRECTIONAL_WRITE_EXHAUSTED_PRIMALITY_UNASSIGNED,513,512,512,NO_RECORDED_FACTOR_PRP_OR_LL_RESULT_AND_NO_ACTIVE_GIMPS_ASSIGNMENT,2026-08-09T04:34:14+00:00,UNALLOCATED,,,,,
SLCMP1765-4342,4342,4342,583718701,2^583718701-1,STRUCTURAL_SCREEN_EXHAUSTED_PRIMALITY_UNASSIGNED,GF3A_DIRECTIONAL_WRITE_EXHAUSTED_PRIMALITY_UNASSIGNED,513,512,512,NO_RECORDED_FACTOR_PRP_OR_LL_RESULT_AND_NO_ACTIVE_GIMPS_ASSIGNMENT,2026-08-09T04:34:14+00:00,UNALLOCATED,,,,,
SLCMP1765-4343,4343,4343,583718827,2^583718827-1,STRUCTURAL_SCREEN_EXHAUSTED_PRIMALITY_UNASSIGNED,GF3A_DIRECTIONAL_WRITE_EXHAUSTED_PRIMALITY_UNASSIGNED,514,512,512,NO_RECORDED_FACTOR_PRP_OR_LL_RESULT_AND_NO_ACTIVE_GIMPS_ASSIGNMENT,2026-08-09T04:34:14+00:00,UNALLOCATED,,,,,
SLCMP1765-4344,4344,4344,583718887,2^583718887-1,STRUCTURAL_SCREEN_EXHAUSTED_PRIMALITY_UNASSIGNED,GF3A_DIRECTIONAL_WRITE_EXHAUSTED_PRIMALITY_UNASSIGNED,514,512,512,NO_RECORDED_FACTOR_PRP_OR_LL_RESULT_AND_NO_ACTIVE_GIMPS_ASSIGNMENT,2026-08-09T04:34:14+00:00,UNALLOCATED,,,,,
SLCMP1765-4345,4345,4345,583718921,2^583718921-1,STRUCTURAL_SCREEN_EXHAUSTED_PRIMALITY_UNASSIGNED,GF3A_DIRECTIONAL_WRITE_EXHAUSTED_PRIMALITY_UNASSIGNED,513,512,512,NO_RECORDED_FACTOR_PRP_OR_LL_RESULT_AND_NO_ACTIVE_GIMPS_ASSIGNMENT,2026-08-09T04:34:14+00:00,UNALLOCATED,,,,,
SLCMP1765-4346,4346,4346,583718977,2^583718977-1,STRUCTURAL_SCREEN_EXHAUSTED_PRIMALITY_UNASSIGNED,GF3A_DIRECTIONAL_WRITE_EXHAUSTED_PRIMALITY_UNASSIGNED,513,512,512,NO_RECORDED_FACTOR_PRP_OR_LL_RESULT_AND_NO_ACTIVE_GIMPS_ASSIGNMENT,2026-08-09T04:34:14+00:00,UNALLOCATED,,,,,
SLCMP1765-4347,4347,4347,583718981,2^583718981-1,STRUCTURAL_SCREEN_EXHAUSTED_PRIMALITY_UNASSIGNED,GF3A_DIRECTIONAL_WRITE_EXHAUSTED_PRIMALITY_UNASSIGNED,513,512,512,NO_RECORDED_FACTOR_PRP_OR_LL_RESULT_AND_NO_ACTIVE_GIMPS_ASSIGNMENT,2026-08-09T04:34:14+00:00,UNALLOCATED,,,,,
SLCMP1765-4348,4348,4348,583719029,2^583719029-1,STRUCTURAL_SCREEN_EXHAUSTED_PRIMALITY_UNASSIGNED,GF3A_DIRECTIONAL_WRITE_EXHAUSTED_PRIMALITY_UNASSIGNED,513,512,512,NO_RECORDED_FACTOR_PRP_OR_LL_RESULT_AND_NO_ACTIVE_GIMPS_ASSIGNMENT,2026-08-09T04:34:14+00:00,UNALLOCATED,,,,,
SLCMP1765-4349,4349,4349,583719041,2^583719041-1,STRUCTURAL_SCREEN_EXHAUSTED_PRIMALITY_UNASSIGNED,GF3A_DIRECTIONAL_WRITE_EXHAUSTED_PRIMALITY_UNASSIGNED,513,512,512,NO_RECORDED_FACTOR_PRP_OR_LL_RESULT_AND_NO_ACTIVE_GIMPS_ASSIGNMENT,2026-08-09T04:34:14+00:00,UNALLOCATED,,,,,
SLCMP1765-4350,4350,4350,583719239,2^583719239-1,STRUCTURAL_SCREEN_EXHAUSTED_PRIMALITY_UNASSIGNED,GF3A_DIRECTIONAL_WRITE_EXHAUSTED_PRIMALITY_UNASSIGNED,514,512,512,NO_RECORDED_FACTOR_PRP_OR_LL_RESULT_AND_NO_ACTIVE_GIMPS_ASSIGNMENT,2026-08-09T04:34:14+00:00,UNALLOCATED,,,,,
SLCMP1765-4351,4351,4351,583719317,2^583719317-1,STRUCTURAL_SCREEN_EXHAUSTED_PRIMALITY_UNASSIGNED,GF3A_DIRECTIONAL_WRITE_EXHAUSTED_PRIMALITY_UNASSIGNED,513,512,512,NO_RECORDED_FACTOR_PRP_OR_LL_RESULT_AND_NO_ACTIVE_GIMPS_ASSIGNMENT,2026-08-09T04:34:14+00:00,UNALLOCATED,,,,,
SLCMP1765-4352,4352,4352,583719439,2^583719439-1,STRUCTURAL_SCREEN_EXHAUSTED_PRIMALITY_UNASSIGNED,GF3A_DIRECTIONAL_WRITE_EXHAUSTED_PRIMALITY_UNASSIGNED,514,512,512,NO_RECORDED_FACTOR_PRP_OR_LL_RESULT_AND_NO_ACTIVE_GIMPS_ASSIGNMENT,2026-08-09T04:34:14+00:00,UNALLOCATED,,,,,
SLCMP1765-4353,4353,4353,583719469,2^583719469-1,STRUCTURAL_SCREEN_EXHAUSTED_PRIMALITY_UNASSIGNED,GF3A_DIRECTIONAL_WRITE_EXHAUSTED_PRIMALITY_UNASSIGNED,513,512,512,NO_RECORDED_FACTOR_PRP_OR_LL_RESULT_AND_NO_ACTIVE_GIMPS_ASSIGNMENT,2026-08-09T04:34:14+00:00,UNALLOCATED,,,,,
SLCMP1765-4354,4354,4354,583719533,2^583719533-1,STRUCTURAL_SCREEN_EXHAUSTED_PRIMALITY_UNASSIGNED,GF3A_DIRECTIONAL_WRITE_EXHAUSTED_PRIMALITY_UNASSIGNED,513,512,512,NO_RECORDED_FACTOR_PRP_OR_LL_RESULT_AND_NO_ACTIVE_GIMPS_ASSIGNMENT,2026-08-09T04:34:14+00:00,UNALLOCATED,,,,,
SLCMP1765-4355,4355,4355,583719589,2^583719589-1,STRUCTURAL_SCREEN_EXHAUSTED_PRIMALITY_UNASSIGNED,GF3A_DIRECTIONAL_WRITE_EXHAUSTED_PRIMALITY_UNASSIGNED,513,512,512,NO_RECORDED_FACTOR_PRP_OR_LL_RESULT_AND_NO_ACTIVE_GIMPS_ASSIGNMENT,2026-08-09T04:34:14+00:00,UNALLOCATED,,,,,
SLCMP1765-4356,4356,4356,583719641,2^583719641-1,STRUCTURAL_SCREEN_EXHAUSTED_PRIMALITY_UNASSIGNED,GF3A_DIRECTIONAL_WRITE_EXHAUSTED_PRIMALITY_UNASSIGNED,513,512,512,NO_RECORDED_FACTOR_PRP_OR_LL_RESULT_AND_NO_ACTIVE_GIMPS_ASSIGNMENT,2026-08-09T04:34:14+00:00,UNALLOCATED,,,,,
SLCMP1765-4357,4357,4357,583719727,2^583719727-1,STRUCTURAL_SCREEN_EXHAUSTED_PRIMALITY_UNASSIGNED,GF3A_DIRECTIONAL_WRITE_EXHAUSTED_PRIMALITY_UNASSIGNED,514,512,512,NO_RECORDED_FACTOR_PRP_OR_LL_RESULT_AND_NO_ACTIVE_GIMPS_ASSIGNMENT,2026-08-09T04:34:14+00:00,UNALLOCATED,,,,,
SLCMP1765-4358,4358,4358,583719749,2^583719749-1,STRUCTURAL_SCREEN_EXHAUSTED_PRIMALITY_UNASSIGNED,GF3A_DIRECTIONAL_WRITE_EXHAUSTED_PRIMALITY_UNASSIGNED,513,512,512,NO_RECORDED_FACTOR_PRP_OR_LL_RESULT_AND_NO_ACTIVE_GIMPS_ASSIGNMENT,2026-08-09T04:34:14+00:00,UNALLOCATED,,,,,
SLCMP1765-4359,4359,4359,583719757,2^583719757-1,STRUCTURAL_SCREEN_EXHAUSTED_PRIMALITY_UNASSIGNED,GF3A_DIRECTIONAL_WRITE_EXHAUSTED_PRIMALITY_UNASSIGNED,513,512,512,NO_RECORDED_FACTOR_PRP_OR_LL_RESULT_AND_NO_ACTIVE_GIMPS_ASSIGNMENT,2026-08-09T04:34:14+00:00,UNALLOCATED,,,,,
SLCMP1765-4360,4360,4360,583719779,2^583719779-1,STRUCTURAL_SCREEN_EXHAUSTED_PRIMALITY_UNASSIGNED,GF3A_DIRECTIONAL_WRITE_EXHAUSTED_PRIMALITY_UNASSIGNED,514,512,512,NO_RECORDED_FACTOR_PRP_OR_LL_RESULT_AND_NO_ACTIVE_GIMPS_ASSIGNMENT,2026-08-09T04:34:14+00:00,UNALLOCATED,,,,,
SLCMP1765-4361,4361,4361,583719781,2^583719781-1,STRUCTURAL_SCREEN_EXHAUSTED_PRIMALITY_UNASSIGNED,GF3A_DIRECTIONAL_WRITE_EXHAUSTED_PRIMALITY_UNASSIGNED,513,512,512,NO_RECORDED_FACTOR_PRP_OR_LL_RESULT_AND_NO_ACTIVE_GIMPS_ASSIGNMENT,2026-08-09T04:34:14+00:00,UNALLOCATED,,,,,
SLCMP1765-4362,4362,4362,583719839,2^583719839-1,STRUCTURAL_SCREEN_EXHAUSTED_PRIMALITY_UNASSIGNED,GF3A_DIRECTIONAL_WRITE_EXHAUSTED_PRIMALITY_UNASSIGNED,514,512,512,NO_RECORDED_FACTOR_PRP_OR_LL_RESULT_AND_NO_ACTIVE_GIMPS_ASSIGNMENT,2026-08-09T04:34:14+00:00,UNALLOCATED,,,,,
SLCMP1765-4363,4363,4363,583720003,2^583720003-1,STRUCTURAL_SCREEN_EXHAUSTED_PRIMALITY_UNASSIGNED,GF3A_DIRECTIONAL_WRITE_EXHAUSTED_PRIMALITY_UNASSIGNED,514,512,512,NO_RECORDED_FACTOR_PRP_OR_LL_RESULT_AND_NO_ACTIVE_GIMPS_ASSIGNMENT,2026-08-09T04:34:14+00:00,UNALLOCATED,,,,,
SLCMP1765-4364,4364,4364,583720043,2^583720043-1,STRUCTURAL_SCREEN_EXHAUSTED_PRIMALITY_UNASSIGNED,GF3A_DIRECTIONAL_WRITE_EXHAUSTED_PRIMALITY_UNASSIGNED,514,512,512,NO_RECORDED_FACTOR_PRP_OR_LL_RESULT_AND_NO_ACTIVE_GIMPS_ASSIGNMENT,2026-08-09T04:34:14+00:00,UNALLOCATED,,,,,
SLCMP1765-4365,4365,4365,583720069,2^583720069-1,STRUCTURAL_SCREEN_EXHAUSTED_PRIMALITY_UNASSIGNED,GF3A_DIRECTIONAL_WRITE_EXHAUSTED_PRIMALITY_UNASSIGNED,513,512,512,NO_RECORDED_FACTOR_PRP_OR_LL_RESULT_AND_NO_ACTIVE_GIMPS_ASSIGNMENT,2026-08-09T04:34:14+00:00,UNALLOCATED,,,,,
SLCMP1765-4366,4366,4366,583720097,2^583720097-1,STRUCTURAL_SCREEN_EXHAUSTED_PRIMALITY_UNASSIGNED,GF3A_DIRECTIONAL_WRITE_EXHAUSTED_PRIMALITY_UNASSIGNED,513,512,512,NO_RECORDED_FACTOR_PRP_OR_LL_RESULT_AND_NO_ACTIVE_GIMPS_ASSIGNMENT,2026-08-09T04:34:14+00:00,UNALLOCATED,,,,,
SLCMP1765-4367,4367,4367,583720183,2^583720183-1,STRUCTURAL_SCREEN_EXHAUSTED_PRIMALITY_UNASSIGNED,GF3A_DIRECTIONAL_WRITE_EXHAUSTED_PRIMALITY_UNASSIGNED,514,512,512,NO_RECORDED_FACTOR_PRP_OR_LL_RESULT_AND_NO_ACTIVE_GIMPS_ASSIGNMENT,2026-08-09T04:34:14+00:00,UNALLOCATED,,,,,
SLCMP1765-4368,4368,4368,583720187,2^583720187-1,STRUCTURAL_SCREEN_EXHAUSTED_PRIMALITY_UNASSIGNED,GF3A_DIRECTIONAL_WRITE_EXHAUSTED_PRIMALITY_UNASSIGNED,514,512,512,NO_RECORDED_FACTOR_PRP_OR_LL_RESULT_AND_NO_ACTIVE_GIMPS_ASSIGNMENT,2026-08-09T04:34:14+00:00,UNALLOCATED,,,,,
SLCMP1765-4369,4369,4369,583720199,2^583720199-1,STRUCTURAL_SCREEN_EXHAUSTED_PRIMALITY_UNASSIGNED,GF3A_DIRECTIONAL_WRITE_EXHAUSTED_PRIMALITY_UNASSIGNED,514,512,512,NO_RECORDED_FACTOR_PRP_OR_LL_RESULT_AND_NO_ACTIVE_GIMPS_ASSIGNMENT,2026-08-09T04:34:14+00:00,UNALLOCATED,,,,,
SLCMP1765-4370,4370,4370,583720229,2^583720229-1,STRUCTURAL_SCREEN_EXHAUSTED_PRIMALITY_UNASSIGNED,GF3A_DIRECTIONAL_WRITE_EXHAUSTED_PRIMALITY_UNASSIGNED,513,512,512,NO_RECORDED_FACTOR_PRP_OR_LL_RESULT_AND_NO_ACTIVE_GIMPS_ASSIGNMENT,2026-08-09T04:34:14+00:00,UNALLOCATED,,,,,
SLCMP1765-4371,4371,4371,583720231,2^583720231-1,STRUCTURAL_SCREEN_EXHAUSTED_PRIMALITY_UNASSIGNED,GF3A_DIRECTIONAL_WRITE_EXHAUSTED_PRIMALITY_UNASSIGNED,514,512,512,NO_RECORDED_FACTOR_PRP_OR_LL_RESULT_AND_NO_ACTIVE_GIMPS_ASSIGNMENT,2026-08-09T04:34:14+00:00,UNALLOCATED,,,,,
SLCMP1765-4372,4372,4372,583720303,2^583720303-1,STRUCTURAL_SCREEN_EXHAUSTED_PRIMALITY_UNASSIGNED,GF3A_DIRECTIONAL_WRITE_EXHAUSTED_PRIMALITY_UNASSIGNED,514,512,512,NO_RECORDED_FACTOR_PRP_OR_LL_RESULT_AND_NO_ACTIVE_GIMPS_ASSIGNMENT,2026-08-09T04:34:14+00:00,UNALLOCATED,,,,,
SLCMP1765-4373,4373,4373,583720351,2^583720351-1,STRUCTURAL_SCREEN_EXHAUSTED_PRIMALITY_UNASSIGNED,GF3A_DIRECTIONAL_WRITE_EXHAUSTED_PRIMALITY_UNASSIGNED,514,512,512,NO_RECORDED_FACTOR_PRP_OR_LL_RESULT_AND_NO_ACTIVE_GIMPS_ASSIGNMENT,2026-08-09T04:34:14+00:00,UNALLOCATED,,,,,
SLCMP1765-4374,4374,4374,583720387,2^583720387-1,STRUCTURAL_SCREEN_EXHAUSTED_PRIMALITY_UNASSIGNED,GF3A_DIRECTIONAL_WRITE_EXHAUSTED_PRIMALITY_UNASSIGNED,514,512,512,NO_RECORDED_FACTOR_PRP_OR_LL_RESULT_AND_NO_ACTIVE_GIMPS_ASSIGNMENT,2026-08-09T04:34:14+00:00,UNALLOCATED,,,,,
SLCMP1765-4375,4375,4375,583720393,2^583720393-1,STRUCTURAL_SCREEN_EXHAUSTED_PRIMALITY_UNASSIGNED,GF3A_DIRECTIONAL_WRITE_EXHAUSTED_PRIMALITY_UNASSIGNED,513,512,512,NO_RECORDED_FACTOR_PRP_OR_LL_RESULT_AND_NO_ACTIVE_GIMPS_ASSIGNMENT,2026-08-09T04:34:14+00:00,UNALLOCATED,,,,,
SLCMP1765-4376,4376,4376,583720469,2^583720469-1,STRUCTURAL_SCREEN_EXHAUSTED_PRIMALITY_UNASSIGNED,GF3A_DIRECTIONAL_WRITE_EXHAUSTED_PRIMALITY_UNASSIGNED,513,512,512,NO_RECORDED_FACTOR_PRP_OR_LL_RESULT_AND_NO_ACTIVE_GIMPS_ASSIGNMENT,2026-08-09T04:34:14+00:00,UNALLOCATED,,,,,
SLCMP1765-4377,4377,4377,583720471,2^583720471-1,STRUCTURAL_SCREEN_EXHAUSTED_PRIMALITY_UNASSIGNED,GF3A_DIRECTIONAL_WRITE_EXHAUSTED_PRIMALITY_UNASSIGNED,514,512,512,NO_RECORDED_FACTOR_PRP_OR_LL_RESULT_AND_NO_ACTIVE_GIMPS_ASSIGNMENT,2026-08-09T04:34:14+00:00,UNALLOCATED,,,,,
SLCMP1765-4378,4378,4378,583720481,2^583720481-1,STRUCTURAL_SCREEN_EXHAUSTED_PRIMALITY_UNASSIGNED,GF3A_DIRECTIONAL_WRITE_EXHAUSTED_PRIMALITY_UNASSIGNED,513,512,512,NO_RECORDED_FACTOR_PRP_OR_LL_RESULT_AND_NO_ACTIVE_GIMPS_ASSIGNMENT,2026-08-09T04:34:14+00:00,UNALLOCATED,,,,,
SLCMP1765-4379,4379,4379,583720633,2^583720633-1,STRUCTURAL_SCREEN_EXHAUSTED_PRIMALITY_UNASSIGNED,GF3A_DIRECTIONAL_WRITE_EXHAUSTED_PRIMALITY_UNASSIGNED,513,512,512,NO_RECORDED_FACTOR_PRP_OR_LL_RESULT_AND_NO_ACTIVE_GIMPS_ASSIGNMENT,2026-08-09T04:34:14+00:00,UNALLOCATED,,,,,
SLCMP1765-4380,4380,4380,583720637,2^583720637-1,STRUCTURAL_SCREEN_EXHAUSTED_PRIMALITY_UNASSIGNED,GF3A_DIRECTIONAL_WRITE_EXHAUSTED_PRIMALITY_UNASSIGNED,513,512,512,NO_RECORDED_FACTOR_PRP_OR_LL_RESULT_AND_NO_ACTIVE_GIMPS_ASSIGNMENT,2026-08-09T04:34:14+00:00,UNALLOCATED,,,,,
SLCMP1765-4381,4381,4381,583720699,2^583720699-1,STRUCTURAL_SCREEN_EXHAUSTED_PRIMALITY_UNASSIGNED,GF3A_DIRECTIONAL_WRITE_EXHAUSTED_PRIMALITY_UNASSIGNED,514,512,512,NO_RECORDED_FACTOR_PRP_OR_LL_RESULT_AND_NO_ACTIVE_GIMPS_ASSIGNMENT,2026-08-09T04:34:14+00:00,UNALLOCATED,,,,,
SLCMP1765-4382,4382,4382,583720811,2^583720811-1,STRUCTURAL_SCREEN_EXHAUSTED_PRIMALITY_UNASSIGNED,GF3A_DIRECTIONAL_WRITE_EXHAUSTED_PRIMALITY_UNASSIGNED,514,512,512,NO_RECORDED_FACTOR_PRP_OR_LL_RESULT_AND_NO_ACTIVE_GIMPS_ASSIGNMENT,2026-08-09T04:34:14+00:00,UNALLOCATED,,,,,
SLCMP1765-4383,4383,4383,583720883,2^583720883-1,STRUCTURAL_SCREEN_EXHAUSTED_PRIMALITY_UNASSIGNED,GF3A_DIRECTIONAL_WRITE_EXHAUSTED_PRIMALITY_UNASSIGNED,514,512,512,NO_RECORDED_FACTOR_PRP_OR_LL_RESULT_AND_NO_ACTIVE_GIMPS_ASSIGNMENT,2026-08-09T04:34:14+00:00,UNALLOCATED,,,,,
SLCMP1765-4384,4384,4384,583720889,2^583720889-1,STRUCTURAL_SCREEN_EXHAUSTED_PRIMALITY_UNASSIGNED,GF3A_DIRECTIONAL_WRITE_EXHAUSTED_PRIMALITY_UNASSIGNED,513,512,512,NO_RECORDED_FACTOR_PRP_OR_LL_RESULT_AND_NO_ACTIVE_GIMPS_ASSIGNMENT,2026-08-09T04:34:14+00:00,UNALLOCATED,,,,,
SLCMP1765-4385,4385,4385,583720927,2^583720927-1,STRUCTURAL_SCREEN_EXHAUSTED_PRIMALITY_UNASSIGNED,GF3A_DIRECTIONAL_WRITE_EXHAUSTED_PRIMALITY_UNASSIGNED,514,512,512,NO_RECORDED_FACTOR_PRP_OR_LL_RESULT_AND_NO_ACTIVE_GIMPS_ASSIGNMENT,2026-08-09T04:34:14+00:00,UNALLOCATED,,,,,
SLCMP1765-4386,4386,4386,583720987,2^583720987-1,STRUCTURAL_SCREEN_EXHAUSTED_PRIMALITY_UNASSIGNED,GF3A_DIRECTIONAL_WRITE_EXHAUSTED_PRIMALITY_UNASSIGNED,514,512,512,NO_RECORDED_FACTOR_PRP_OR_LL_RESULT_AND_NO_ACTIVE_GIMPS_ASSIGNMENT,2026-08-09T04:34:14+00:00,UNALLOCATED,,,,,
SLCMP1765-4387,4387,4387,583721029,2^583721029-1,STRUCTURAL_SCREEN_EXHAUSTED_PRIMALITY_UNASSIGNED,GF3A_DIRECTIONAL_WRITE_EXHAUSTED_PRIMALITY_UNASSIGNED,513,512,512,NO_RECORDED_FACTOR_PRP_OR_LL_RESULT_AND_NO_ACTIVE_GIMPS_ASSIGNMENT,2026-08-09T04:34:14+00:00,UNALLOCATED,,,,,
SLCMP1765-4388,4388,4388,583721069,2^583721069-1,STRUCTURAL_SCREEN_EXHAUSTED_PRIMALITY_UNASSIGNED,GF3A_DIRECTIONAL_WRITE_EXHAUSTED_PRIMALITY_UNASSIGNED,513,512,512,NO_RECORDED_FACTOR_PRP_OR_LL_RESULT_AND_NO_ACTIVE_GIMPS_ASSIGNMENT,2026-08-09T04:34:14+00:00,UNALLOCATED,,,,,
SLCMP1765-4389,4389,4389,583721137,2^583721137-1,STRUCTURAL_SCREEN_EXHAUSTED_PRIMALITY_UNASSIGNED,GF3A_DIRECTIONAL_WRITE_EXHAUSTED_PRIMALITY_UNASSIGNED,513,512,512,NO_RECORDED_FACTOR_PRP_OR_LL_RESULT_AND_NO_ACTIVE_GIMPS_ASSIGNMENT,2026-08-09T04:34:14+00:00,UNALLOCATED,,,,,
SLCMP1765-4390,4390,4390,583721189,2^583721189-1,STRUCTURAL_SCREEN_EXHAUSTED_PRIMALITY_UNASSIGNED,GF3A_DIRECTIONAL_WRITE_EXHAUSTED_PRIMALITY_UNASSIGNED,513,512,512,NO_RECORDED_FACTOR_PRP_OR_LL_RESULT_AND_NO_ACTIVE_GIMPS_ASSIGNMENT,2026-08-09T04:34:14+00:00,UNALLOCATED,,,,,
SLCMP1765-4391,4391,4391,583721233,2^583721233-1,STRUCTURAL_SCREEN_EXHAUSTED_PRIMALITY_UNASSIGNED,GF3A_DIRECTIONAL_WRITE_EXHAUSTED_PRIMALITY_UNASSIGNED,513,512,512,NO_RECORDED_FACTOR_PRP_OR_LL_RESULT_AND_NO_ACTIVE_GIMPS_ASSIGNMENT,2026-08-09T04:34:14+00:00,UNALLOCATED,,,,,
SLCMP1765-4392,4392,4392,583721297,2^583721297-1,STRUCTURAL_SCREEN_EXHAUSTED_PRIMALITY_UNASSIGNED,GF3A_DIRECTIONAL_WRITE_EXHAUSTED_PRIMALITY_UNASSIGNED,513,512,512,NO_RECORDED_FACTOR_PRP_OR_LL_RESULT_AND_NO_ACTIVE_GIMPS_ASSIGNMENT,2026-08-09T04:34:14+00:00,UNALLOCATED,,,,,
SLCMP1765-4393,4393,4393,583721381,2^583721381-1,STRUCTURAL_SCREEN_EXHAUSTED_PRIMALITY_UNASSIGNED,GF3A_DIRECTIONAL_WRITE_EXHAUSTED_PRIMALITY_UNASSIGNED,513,512,512,NO_RECORDED_FACTOR_PRP_OR_LL_RESULT_AND_NO_ACTIVE_GIMPS_ASSIGNMENT,2026-08-09T04:34:14+00:00,UNALLOCATED,,,,,
SLCMP1765-4394,4394,4394,583721417,2^583721417-1,STRUCTURAL_SCREEN_EXHAUSTED_PRIMALITY_UNASSIGNED,GF3A_DIRECTIONAL_WRITE_EXHAUSTED_PRIMALITY_UNASSIGNED,513,512,512,NO_RECORDED_FACTOR_PRP_OR_LL_RESULT_AND_NO_ACTIVE_GIMPS_ASSIGNMENT,2026-08-09T04:34:14+00:00,UNALLOCATED,,,,,
SLCMP1765-4395,4395,4395,583721507,2^583721507-1,STRUCTURAL_SCREEN_EXHAUSTED_PRIMALITY_UNASSIGNED,GF3A_DIRECTIONAL_WRITE_EXHAUSTED_PRIMALITY_UNASSIGNED,514,512,512,NO_RECORDED_FACTOR_PRP_OR_LL_RESULT_AND_NO_ACTIVE_GIMPS_ASSIGNMENT,2026-08-09T04:34:14+00:00,UNALLOCATED,,,,,
SLCMP1765-4396,4396,4396,583721659,2^583721659-1,STRUCTURAL_SCREEN_EXHAUSTED_PRIMALITY_UNASSIGNED,GF3A_DIRECTIONAL_WRITE_EXHAUSTED_PRIMALITY_UNASSIGNED,514,512,512,NO_RECORDED_FACTOR_PRP_OR_LL_RESULT_AND_NO_ACTIVE_GIMPS_ASSIGNMENT,2026-08-09T04:34:14+00:00,UNALLOCATED,,,,,
SLCMP1765-4397,4397,4397,583721693,2^583721693-1,STRUCTURAL_SCREEN_EXHAUSTED_PRIMALITY_UNASSIGNED,GF3A_DIRECTIONAL_WRITE_EXHAUSTED_PRIMALITY_UNASSIGNED,513,512,512,NO_RECORDED_FACTOR_PRP_OR_LL_RESULT_AND_NO_ACTIVE_GIMPS_ASSIGNMENT,2026-08-09T04:34:14+00:00,UNALLOCATED,,,,,
SLCMP1765-4398,4398,4398,583721759,2^583721759-1,STRUCTURAL_SCREEN_EXHAUSTED_PRIMALITY_UNASSIGNED,GF3A_DIRECTIONAL_WRITE_EXHAUSTED_PRIMALITY_UNASSIGNED,514,512,512,NO_RECORDED_FACTOR_PRP_OR_LL_RESULT_AND_NO_ACTIVE_GIMPS_ASSIGNMENT,2026-08-09T04:34:14+00:00,UNALLOCATED,,,,,
SLCMP1765-4399,4399,4399,583721821,2^583721821-1,STRUCTURAL_SCREEN_EXHAUSTED_PRIMALITY_UNASSIGNED,GF3A_DIRECTIONAL_WRITE_EXHAUSTED_PRIMALITY_UNASSIGNED,513,512,512,NO_RECORDED_FACTOR_PRP_OR_LL_RESULT_AND_NO_ACTIVE_GIMPS_ASSIGNMENT,2026-08-09T04:34:14+00:00,UNALLOCATED,,,,,
SLCMP1765-4400,4400,4400,583721863,2^583721863-1,STRUCTURAL_SCREEN_EXHAUSTED_PRIMALITY_UNASSIGNED,GF3A_DIRECTIONAL_WRITE_EXHAUSTED_PRIMALITY_UNASSIGNED,514,512,512,NO_RECORDED_FACTOR_PRP_OR_LL_RESULT_AND_NO_ACTIVE_GIMPS_ASSIGNMENT,2026-08-09T04:34:14+00:00,UNALLOCATED,,,,,
SLCMP1765-4401,4401,4401,583722067,2^583722067-1,STRUCTURAL_SCREEN_EXHAUSTED_PRIMALITY_UNASSIGNED,GF3A_DIRECTIONAL_WRITE_EXHAUSTED_PRIMALITY_UNASSIGNED,514,512,512,NO_RECORDED_FACTOR_PRP_OR_LL_RESULT_AND_NO_ACTIVE_GIMPS_ASSIGNMENT,2026-08-09T04:34:14+00:00,UNALLOCATED,,,,,
SLCMP1765-4402,4402,4402,583722077,2^583722077-1,STRUCTURAL_SCREEN_EXHAUSTED_PRIMALITY_UNASSIGNED,GF3A_DIRECTIONAL_WRITE_EXHAUSTED_PRIMALITY_UNASSIGNED,513,512,512,NO_RECORDED_FACTOR_PRP_OR_LL_RESULT_AND_NO_ACTIVE_GIMPS_ASSIGNMENT,2026-08-09T04:34:14+00:00,UNALLOCATED,,,,,
SLCMP1765-4403,4403,4403,583722173,2^583722173-1,STRUCTURAL_SCREEN_EXHAUSTED_PRIMALITY_UNASSIGNED,GF3A_DIRECTIONAL_WRITE_EXHAUSTED_PRIMALITY_UNASSIGNED,513,512,512,NO_RECORDED_FACTOR_PRP_OR_LL_RESULT_AND_NO_ACTIVE_GIMPS_ASSIGNMENT,2026-08-09T04:34:14+00:00,UNALLOCATED,,,,,
SLCMP1765-4404,4404,4404,583722193,2^583722193-1,STRUCTURAL_SCREEN_EXHAUSTED_PRIMALITY_UNASSIGNED,GF3A_DIRECTIONAL_WRITE_EXHAUSTED_PRIMALITY_UNASSIGNED,513,512,512,NO_RECORDED_FACTOR_PRP_OR_LL_RESULT_AND_NO_ACTIVE_GIMPS_ASSIGNMENT,2026-08-09T04:34:14+00:00,UNALLOCATED,,,,,
SLCMP1765-4405,4405,4405,583722259,2^583722259-1,STRUCTURAL_SCREEN_EXHAUSTED_PRIMALITY_UNASSIGNED,GF3A_DIRECTIONAL_WRITE_EXHAUSTED_PRIMALITY_UNASSIGNED,514,512,512,NO_RECORDED_FACTOR_PRP_OR_LL_RESULT_AND_NO_ACTIVE_GIMPS_ASSIGNMENT,2026-08-09T04:34:14+00:00,UNALLOCATED,,,,,
SLCMP1765-4406,4406,4406,583722593,2^583722593-1,STRUCTURAL_SCREEN_EXHAUSTED_PRIMALITY_UNASSIGNED,GF3A_DIRECTIONAL_WRITE_EXHAUSTED_PRIMALITY_UNASSIGNED,513,512,512,NO_RECORDED_FACTOR_PRP_OR_LL_RESULT_AND_NO_ACTIVE_GIMPS_ASSIGNMENT,2026-08-09T04:34:14+00:00,UNALLOCATED,,,,,
SLCMP1765-4407,4407,4407,583722637,2^583722637-1,STRUCTURAL_SCREEN_EXHAUSTED_PRIMALITY_UNASSIGNED,GF3A_DIRECTIONAL_WRITE_EXHAUSTED_PRIMALITY_UNASSIGNED,513,512,512,NO_RECORDED_FACTOR_PRP_OR_LL_RESULT_AND_NO_ACTIVE_GIMPS_ASSIGNMENT,2026-08-09T04:34:14+00:00,UNALLOCATED,,,,,
SLCMP1765-4408,4408,4408,583722677,2^583722677-1,STRUCTURAL_SCREEN_EXHAUSTED_PRIMALITY_UNASSIGNED,GF3A_DIRECTIONAL_WRITE_EXHAUSTED_PRIMALITY_UNASSIGNED,513,512,512,NO_RECORDED_FACTOR_PRP_OR_LL_RESULT_AND_NO_ACTIVE_GIMPS_ASSIGNMENT,2026-08-09T04:34:14+00:00,UNALLOCATED,,,,,
SLCMP1765-4409,4409,4409,583722743,2^583722743-1,STRUCTURAL_SCREEN_EXHAUSTED_PRIMALITY_UNASSIGNED,GF3A_DIRECTIONAL_WRITE_EXHAUSTED_PRIMALITY_UNASSIGNED,514,512,512,NO_RECORDED_FACTOR_PRP_OR_LL_RESULT_AND_NO_ACTIVE_GIMPS_ASSIGNMENT,2026-08-09T04:34:14+00:00,UNALLOCATED,,,,,
SLCMP1765-4410,4410,4410,583722869,2^583722869-1,STRUCTURAL_SCREEN_EXHAUSTED_PRIMALITY_UNASSIGNED,GF3A_DIRECTIONAL_WRITE_EXHAUSTED_PRIMALITY_UNASSIGNED,513,512,512,NO_RECORDED_FACTOR_PRP_OR_LL_RESULT_AND_NO_ACTIVE_GIMPS_ASSIGNMENT,2026-08-09T04:34:14+00:00,UNALLOCATED,,,,,
SLCMP1765-4411,4411,4411,583722907,2^583722907-1,STRUCTURAL_SCREEN_EXHAUSTED_PRIMALITY_UNASSIGNED,GF3A_DIRECTIONAL_WRITE_EXHAUSTED_PRIMALITY_UNASSIGNED,514,512,512,NO_RECORDED_FACTOR_PRP_OR_LL_RESULT_AND_NO_ACTIVE_GIMPS_ASSIGNMENT,2026-08-09T04:34:14+00:00,UNALLOCATED,,,,,
SLCMP1765-4412,4412,4412,583722913,2^583722913-1,STRUCTURAL_SCREEN_EXHAUSTED_PRIMALITY_UNASSIGNED,GF3A_DIRECTIONAL_WRITE_EXHAUSTED_PRIMALITY_UNASSIGNED,513,512,512,NO_RECORDED_FACTOR_PRP_OR_LL_RESULT_AND_NO_ACTIVE_GIMPS_ASSIGNMENT,2026-08-09T04:34:14+00:00,UNALLOCATED,,,,,
SLCMP1765-4413,4413,4413,583723099,2^583723099-1,STRUCTURAL_SCREEN_EXHAUSTED_PRIMALITY_UNASSIGNED,GF3A_DIRECTIONAL_WRITE_EXHAUSTED_PRIMALITY_UNASSIGNED,514,512,512,NO_RECORDED_FACTOR_PRP_OR_LL_RESULT_AND_NO_ACTIVE_GIMPS_ASSIGNMENT,2026-08-09T04:34:14+00:00,UNALLOCATED,,,,,
SLCMP1765-4414,4414,4414,583723103,2^583723103-1,STRUCTURAL_SCREEN_EXHAUSTED_PRIMALITY_UNASSIGNED,GF3A_DIRECTIONAL_WRITE_EXHAUSTED_PRIMALITY_UNASSIGNED,514,512,512,NO_RECORDED_FACTOR_PRP_OR_LL_RESULT_AND_NO_ACTIVE_GIMPS_ASSIGNMENT,2026-08-09T04:34:14+00:00,UNALLOCATED,,,,,
SLCMP1765-4415,4415,4415,583723139,2^583723139-1,STRUCTURAL_SCREEN_EXHAUSTED_PRIMALITY_UNASSIGNED,GF3A_DIRECTIONAL_WRITE_EXHAUSTED_PRIMALITY_UNASSIGNED,514,512,512,NO_RECORDED_FACTOR_PRP_OR_LL_RESULT_AND_NO_ACTIVE_GIMPS_ASSIGNMENT,2026-08-09T04:34:14+00:00,UNALLOCATED,,,,,
SLCMP1765-4416,4416,4416,583723157,2^583723157-1,STRUCTURAL_SCREEN_EXHAUSTED_PRIMALITY_UNASSIGNED,GF3A_DIRECTIONAL_WRITE_EXHAUSTED_PRIMALITY_UNASSIGNED,513,512,512,NO_RECORDED_FACTOR_PRP_OR_LL_RESULT_AND_NO_ACTIVE_GIMPS_ASSIGNMENT,2026-08-09T04:34:14+00:00,UNALLOCATED,,,,,
SLCMP1765-4417,4417,4417,583723159,2^583723159-1,STRUCTURAL_SCREEN_EXHAUSTED_PRIMALITY_UNASSIGNED,GF3A_DIRECTIONAL_WRITE_EXHAUSTED_PRIMALITY_UNASSIGNED,514,512,512,NO_RECORDED_FACTOR_PRP_OR_LL_RESULT_AND_NO_ACTIVE_GIMPS_ASSIGNMENT,2026-08-09T04:34:14+00:00,UNALLOCATED,,,,,
SLCMP1765-4418,4418,4418,583723177,2^583723177-1,STRUCTURAL_SCREEN_EXHAUSTED_PRIMALITY_UNASSIGNED,GF3A_DIRECTIONAL_WRITE_EXHAUSTED_PRIMALITY_UNASSIGNED,513,512,512,NO_RECORDED_FACTOR_PRP_OR_LL_RESULT_AND_NO_ACTIVE_GIMPS_ASSIGNMENT,2026-08-09T04:34:14+00:00,UNALLOCATED,,,,,
SLCMP1765-4419,4419,4419,583723181,2^583723181-1,STRUCTURAL_SCREEN_EXHAUSTED_PRIMALITY_UNASSIGNED,GF3A_DIRECTIONAL_WRITE_EXHAUSTED_PRIMALITY_UNASSIGNED,513,512,512,NO_RECORDED_FACTOR_PRP_OR_LL_RESULT_AND_NO_ACTIVE_GIMPS_ASSIGNMENT,2026-08-09T04:34:14+00:00,UNALLOCATED,,,,,
SLCMP1765-4420,4420,4420,583723193,2^583723193-1,STRUCTURAL_SCREEN_EXHAUSTED_PRIMALITY_UNASSIGNED,GF3A_DIRECTIONAL_WRITE_EXHAUSTED_PRIMALITY_UNASSIGNED,513,512,512,NO_RECORDED_FACTOR_PRP_OR_LL_RESULT_AND_NO_ACTIVE_GIMPS_ASSIGNMENT,2026-08-09T04:34:14+00:00,UNALLOCATED,,,,,
SLCMP1765-4421,4421,4421,583723241,2^583723241-1,STRUCTURAL_SCREEN_EXHAUSTED_PRIMALITY_UNASSIGNED,GF3A_DIRECTIONAL_WRITE_EXHAUSTED_PRIMALITY_UNASSIGNED,513,512,512,NO_RECORDED_FACTOR_PRP_OR_LL_RESULT_AND_NO_ACTIVE_GIMPS_ASSIGNMENT,2026-08-09T04:34:14+00:00,UNALLOCATED,,,,,
SLCMP1765-4422,4422,4422,583723247,2^583723247-1,STRUCTURAL_SCREEN_EXHAUSTED_PRIMALITY_UNASSIGNED,GF3A_DIRECTIONAL_WRITE_EXHAUSTED_PRIMALITY_UNASSIGNED,514,512,512,NO_RECORDED_FACTOR_PRP_OR_LL_RESULT_AND_NO_ACTIVE_GIMPS_ASSIGNMENT,2026-08-09T04:34:14+00:00,UNALLOCATED,,,,,
SLCMP1765-4423,4423,4423,583723277,2^583723277-1,STRUCTURAL_SCREEN_EXHAUSTED_PRIMALITY_UNASSIGNED,GF3A_DIRECTIONAL_WRITE_EXHAUSTED_PRIMALITY_UNASSIGNED,513,512,512,NO_RECORDED_FACTOR_PRP_OR_LL_RESULT_AND_NO_ACTIVE_GIMPS_ASSIGNMENT,2026-08-09T04:34:14+00:00,UNALLOCATED,,,,,
SLCMP1765-4424,4424,4424,583723319,2^583723319-1,STRUCTURAL_SCREEN_EXHAUSTED_PRIMALITY_UNASSIGNED,GF3A_DIRECTIONAL_WRITE_EXHAUSTED_PRIMALITY_UNASSIGNED,514,512,512,NO_RECORDED_FACTOR_PRP_OR_LL_RESULT_AND_NO_ACTIVE_GIMPS_ASSIGNMENT,2026-08-09T04:34:14+00:00,UNALLOCATED,,,,,
SLCMP1765-4425,4425,4425,583723333,2^583723333-1,STRUCTURAL_SCREEN_EXHAUSTED_PRIMALITY_UNASSIGNED,GF3A_DIRECTIONAL_WRITE_EXHAUSTED_PRIMALITY_UNASSIGNED,513,512,512,NO_RECORDED_FACTOR_PRP_OR_LL_RESULT_AND_NO_ACTIVE_GIMPS_ASSIGNMENT,2026-08-09T04:34:14+00:00,UNALLOCATED,,,,,
SLCMP1765-4426,4426,4426,583723367,2^583723367-1,STRUCTURAL_SCREEN_EXHAUSTED_PRIMALITY_UNASSIGNED,GF3A_DIRECTIONAL_WRITE_EXHAUSTED_PRIMALITY_UNASSIGNED,514,512,512,NO_RECORDED_FACTOR_PRP_OR_LL_RESULT_AND_NO_ACTIVE_GIMPS_ASSIGNMENT,2026-08-09T04:34:14+00:00,UNALLOCATED,,,,,
SLCMP1765-4427,4427,4427,583723451,2^583723451-1,STRUCTURAL_SCREEN_EXHAUSTED_PRIMALITY_UNASSIGNED,GF3A_DIRECTIONAL_WRITE_EXHAUSTED_PRIMALITY_UNASSIGNED,514,512,512,NO_RECORDED_FACTOR_PRP_OR_LL_RESULT_AND_NO_ACTIVE_GIMPS_ASSIGNMENT,2026-08-09T04:34:14+00:00,UNALLOCATED,,,,,
SLCMP1765-4428,4428,4428,583723489,2^583723489-1,STRUCTURAL_SCREEN_EXHAUSTED_PRIMALITY_UNASSIGNED,GF3A_DIRECTIONAL_WRITE_EXHAUSTED_PRIMALITY_UNASSIGNED,513,512,512,NO_RECORDED_FACTOR_PRP_OR_LL_RESULT_AND_NO_ACTIVE_GIMPS_ASSIGNMENT,2026-08-09T04:34:14+00:00,UNALLOCATED,,,,,
SLCMP1765-4429,4429,4429,583723619,2^583723619-1,STRUCTURAL_SCREEN_EXHAUSTED_PRIMALITY_UNASSIGNED,GF3A_DIRECTIONAL_WRITE_EXHAUSTED_PRIMALITY_UNASSIGNED,514,512,512,NO_RECORDED_FACTOR_PRP_OR_LL_RESULT_AND_NO_ACTIVE_GIMPS_ASSIGNMENT,2026-08-09T04:34:14+00:00,UNALLOCATED,,,,,
SLCMP1765-4430,4430,4430,583723633,2^583723633-1,STRUCTURAL_SCREEN_EXHAUSTED_PRIMALITY_UNASSIGNED,GF3A_DIRECTIONAL_WRITE_EXHAUSTED_PRIMALITY_UNASSIGNED,513,512,512,NO_RECORDED_FACTOR_PRP_OR_LL_RESULT_AND_NO_ACTIVE_GIMPS_ASSIGNMENT,2026-08-09T04:34:14+00:00,UNALLOCATED,,,,,
SLCMP1765-4431,4431,4431,583723771,2^583723771-1,STRUCTURAL_SCREEN_EXHAUSTED_PRIMALITY_UNASSIGNED,GF3A_DIRECTIONAL_WRITE_EXHAUSTED_PRIMALITY_UNASSIGNED,514,512,512,NO_RECORDED_FACTOR_PRP_OR_LL_RESULT_AND_NO_ACTIVE_GIMPS_ASSIGNMENT,2026-08-09T04:34:14+00:00,UNALLOCATED,,,,,
SLCMP1765-4432,4432,4432,583723963,2^583723963-1,STRUCTURAL_SCREEN_EXHAUSTED_PRIMALITY_UNASSIGNED,GF3A_DIRECTIONAL_WRITE_EXHAUSTED_PRIMALITY_UNASSIGNED,514,512,512,NO_RECORDED_FACTOR_PRP_OR_LL_RESULT_AND_NO_ACTIVE_GIMPS_ASSIGNMENT,2026-08-09T04:34:14+00:00,UNALLOCATED,,,,,
SLCMP1765-4433,4433,4433,583723991,2^583723991-1,STRUCTURAL_SCREEN_EXHAUSTED_PRIMALITY_UNASSIGNED,GF3A_DIRECTIONAL_WRITE_EXHAUSTED_PRIMALITY_UNASSIGNED,514,512,512,NO_RECORDED_FACTOR_PRP_OR_LL_RESULT_AND_NO_ACTIVE_GIMPS_ASSIGNMENT,2026-08-09T04:34:14+00:00,UNALLOCATED,,,,,
SLCMP1765-4434,4434,4434,583724041,2^583724041-1,STRUCTURAL_SCREEN_EXHAUSTED_PRIMALITY_UNASSIGNED,GF3A_DIRECTIONAL_WRITE_EXHAUSTED_PRIMALITY_UNASSIGNED,513,512,512,NO_RECORDED_FACTOR_PRP_OR_LL_RESULT_AND_NO_ACTIVE_GIMPS_ASSIGNMENT,2026-08-09T04:34:14+00:00,UNALLOCATED,,,,,
SLCMP1765-4435,4435,4435,583724123,2^583724123-1,STRUCTURAL_SCREEN_EXHAUSTED_PRIMALITY_UNASSIGNED,GF3A_DIRECTIONAL_WRITE_EXHAUSTED_PRIMALITY_UNASSIGNED,514,512,512,NO_RECORDED_FACTOR_PRP_OR_LL_RESULT_AND_NO_ACTIVE_GIMPS_ASSIGNMENT,2026-08-09T04:34:14+00:00,UNALLOCATED,,,,,
SLCMP1765-4436,4436,4436,583724129,2^583724129-1,STRUCTURAL_SCREEN_EXHAUSTED_PRIMALITY_UNASSIGNED,GF3A_DIRECTIONAL_WRITE_EXHAUSTED_PRIMALITY_UNASSIGNED,513,512,512,NO_RECORDED_FACTOR_PRP_OR_LL_RESULT_AND_NO_ACTIVE_GIMPS_ASSIGNMENT,2026-08-09T04:34:14+00:00,UNALLOCATED,,,,,
SLCMP1765-4437,4437,4437,583724149,2^583724149-1,STRUCTURAL_SCREEN_EXHAUSTED_PRIMALITY_UNASSIGNED,GF3A_DIRECTIONAL_WRITE_EXHAUSTED_PRIMALITY_UNASSIGNED,513,512,512,NO_RECORDED_FACTOR_PRP_OR_LL_RESULT_AND_NO_ACTIVE_GIMPS_ASSIGNMENT,2026-08-09T04:34:14+00:00,UNALLOCATED,,,,,
SLCMP1765-4438,4438,4438,583724177,2^583724177-1,STRUCTURAL_SCREEN_EXHAUSTED_PRIMALITY_UNASSIGNED,GF3A_DIRECTIONAL_WRITE_EXHAUSTED_PRIMALITY_UNASSIGNED,513,512,512,NO_RECORDED_FACTOR_PRP_OR_LL_RESULT_AND_NO_ACTIVE_GIMPS_ASSIGNMENT,2026-08-09T04:34:14+00:00,UNALLOCATED,,,,,
SLCMP1765-4439,4439,4439,583724233,2^583724233-1,STRUCTURAL_SCREEN_EXHAUSTED_PRIMALITY_UNASSIGNED,GF3A_DIRECTIONAL_WRITE_EXHAUSTED_PRIMALITY_UNASSIGNED,513,512,512,NO_RECORDED_FACTOR_PRP_OR_LL_RESULT_AND_NO_ACTIVE_GIMPS_ASSIGNMENT,2026-08-09T04:34:14+00:00,UNALLOCATED,,,,,
SLCMP1765-4440,4440,4440,583724237,2^583724237-1,STRUCTURAL_SCREEN_EXHAUSTED_PRIMALITY_UNASSIGNED,GF3A_DIRECTIONAL_WRITE_EXHAUSTED_PRIMALITY_UNASSIGNED,513,512,512,NO_RECORDED_FACTOR_PRP_OR_LL_RESULT_AND_NO_ACTIVE_GIMPS_ASSIGNMENT,2026-08-09T04:34:14+00:00,UNALLOCATED,,,,,
SLCMP1765-4441,4441,4441,583724333,2^583724333-1,STRUCTURAL_SCREEN_EXHAUSTED_PRIMALITY_UNASSIGNED,GF3A_DIRECTIONAL_WRITE_EXHAUSTED_PRIMALITY_UNASSIGNED,513,512,512,NO_RECORDED_FACTOR_PRP_OR_LL_RESULT_AND_NO_ACTIVE_GIMPS_ASSIGNMENT,2026-08-09T04:34:14+00:00,UNALLOCATED,,,,,
SLCMP1765-4442,4442,4442,583724399,2^583724399-1,STRUCTURAL_SCREEN_EXHAUSTED_PRIMALITY_UNASSIGNED,GF3A_DIRECTIONAL_WRITE_EXHAUSTED_PRIMALITY_UNASSIGNED,514,512,512,NO_RECORDED_FACTOR_PRP_OR_LL_RESULT_AND_NO_ACTIVE_GIMPS_ASSIGNMENT,2026-08-09T04:34:14+00:00,UNALLOCATED,,,,,
SLCMP1765-4443,4443,4443,583724411,2^583724411-1,STRUCTURAL_SCREEN_EXHAUSTED_PRIMALITY_UNASSIGNED,GF3A_DIRECTIONAL_WRITE_EXHAUSTED_PRIMALITY_UNASSIGNED,514,512,512,NO_RECORDED_FACTOR_PRP_OR_LL_RESULT_AND_NO_ACTIVE_GIMPS_ASSIGNMENT,2026-08-09T04:34:14+00:00,UNALLOCATED,,,,,
SLCMP1765-4444,4444,4444,583724591,2^583724591-1,STRUCTURAL_SCREEN_EXHAUSTED_PRIMALITY_UNASSIGNED,GF3A_DIRECTIONAL_WRITE_EXHAUSTED_PRIMALITY_UNASSIGNED,514,512,512,NO_RECORDED_FACTOR_PRP_OR_LL_RESULT_AND_NO_ACTIVE_GIMPS_ASSIGNMENT,2026-08-09T04:34:14+00:00,UNALLOCATED,,,,,
SLCMP1765-4445,4445,4445,583724623,2^583724623-1,STRUCTURAL_SCREEN_EXHAUSTED_PRIMALITY_UNASSIGNED,GF3A_DIRECTIONAL_WRITE_EXHAUSTED_PRIMALITY_UNASSIGNED,514,512,512,NO_RECORDED_FACTOR_PRP_OR_LL_RESULT_AND_NO_ACTIVE_GIMPS_ASSIGNMENT,2026-08-09T04:34:14+00:00,UNALLOCATED,,,,,
SLCMP1765-4446,4446,4446,583724629,2^583724629-1,STRUCTURAL_SCREEN_EXHAUSTED_PRIMALITY_UNASSIGNED,GF3A_DIRECTIONAL_WRITE_EXHAUSTED_PRIMALITY_UNASSIGNED,513,512,512,NO_RECORDED_FACTOR_PRP_OR_LL_RESULT_AND_NO_ACTIVE_GIMPS_ASSIGNMENT,2026-08-09T04:34:14+00:00,UNALLOCATED,,,,,
SLCMP1765-4447,4447,4447,583724671,2^583724671-1,STRUCTURAL_SCREEN_EXHAUSTED_PRIMALITY_UNASSIGNED,GF3A_DIRECTIONAL_WRITE_EXHAUSTED_PRIMALITY_UNASSIGNED,514,512,512,NO_RECORDED_FACTOR_PRP_OR_LL_RESULT_AND_NO_ACTIVE_GIMPS_ASSIGNMENT,2026-08-09T04:34:14+00:00,UNALLOCATED,,,,,
SLCMP1765-4448,4448,4448,583724681,2^583724681-1,STRUCTURAL_SCREEN_EXHAUSTED_PRIMALITY_UNASSIGNED,GF3A_DIRECTIONAL_WRITE_EXHAUSTED_PRIMALITY_UNASSIGNED,513,512,512,NO_RECORDED_FACTOR_PRP_OR_LL_RESULT_AND_NO_ACTIVE_GIMPS_ASSIGNMENT,2026-08-09T04:34:14+00:00,UNALLOCATED,,,,,
SLCMP1765-4449,4449,4449,583724719,2^583724719-1,STRUCTURAL_SCREEN_EXHAUSTED_PRIMALITY_UNASSIGNED,GF3A_DIRECTIONAL_WRITE_EXHAUSTED_PRIMALITY_UNASSIGNED,514,512,512,NO_RECORDED_FACTOR_PRP_OR_LL_RESULT_AND_NO_ACTIVE_GIMPS_ASSIGNMENT,2026-08-09T04:34:14+00:00,UNALLOCATED,,,,,
SLCMP1765-4450,4450,4450,583724851,2^583724851-1,STRUCTURAL_SCREEN_EXHAUSTED_PRIMALITY_UNASSIGNED,GF3A_DIRECTIONAL_WRITE_EXHAUSTED_PRIMALITY_UNASSIGNED,514,512,512,NO_RECORDED_FACTOR_PRP_OR_LL_RESULT_AND_NO_ACTIVE_GIMPS_ASSIGNMENT,2026-08-09T04:34:14+00:00,UNALLOCATED,,,,,
SLCMP1765-4451,4451,4451,583724861,2^583724861-1,STRUCTURAL_SCREEN_EXHAUSTED_PRIMALITY_UNASSIGNED,GF3A_DIRECTIONAL_WRITE_EXHAUSTED_PRIMALITY_UNASSIGNED,513,512,512,NO_RECORDED_FACTOR_PRP_OR_LL_RESULT_AND_NO_ACTIVE_GIMPS_ASSIGNMENT,2026-08-09T04:34:14+00:00,UNALLOCATED,,,,,
SLCMP1765-4452,4452,4452,583724929,2^583724929-1,STRUCTURAL_SCREEN_EXHAUSTED_PRIMALITY_UNASSIGNED,GF3A_DIRECTIONAL_WRITE_EXHAUSTED_PRIMALITY_UNASSIGNED,513,512,512,NO_RECORDED_FACTOR_PRP_OR_LL_RESULT_AND_NO_ACTIVE_GIMPS_ASSIGNMENT,2026-08-09T04:34:14+00:00,UNALLOCATED,,,,,
SLCMP1765-4453,4453,4453,583724941,2^583724941-1,STRUCTURAL_SCREEN_EXHAUSTED_PRIMALITY_UNASSIGNED,GF3A_DIRECTIONAL_WRITE_EXHAUSTED_PRIMALITY_UNASSIGNED,513,512,512,NO_RECORDED_FACTOR_PRP_OR_LL_RESULT_AND_NO_ACTIVE_GIMPS_ASSIGNMENT,2026-08-09T04:34:14+00:00,UNALLOCATED,,,,,
SLCMP1765-4454,4454,4454,583725031,2^583725031-1,STRUCTURAL_SCREEN_EXHAUSTED_PRIMALITY_UNASSIGNED,GF3A_DIRECTIONAL_WRITE_EXHAUSTED_PRIMALITY_UNASSIGNED,514,512,512,NO_RECORDED_FACTOR_PRP_OR_LL_RESULT_AND_NO_ACTIVE_GIMPS_ASSIGNMENT,2026-08-09T04:34:14+00:00,UNALLOCATED,,,,,
SLCMP1765-4455,4455,4455,583725041,2^583725041-1,STRUCTURAL_SCREEN_EXHAUSTED_PRIMALITY_UNASSIGNED,GF3A_DIRECTIONAL_WRITE_EXHAUSTED_PRIMALITY_UNASSIGNED,513,512,512,NO_RECORDED_FACTOR_PRP_OR_LL_RESULT_AND_NO_ACTIVE_GIMPS_ASSIGNMENT,2026-08-09T04:34:14+00:00,UNALLOCATED,,,,,
SLCMP1765-4456,4456,4456,583725059,2^583725059-1,STRUCTURAL_SCREEN_EXHAUSTED_PRIMALITY_UNASSIGNED,GF3A_DIRECTIONAL_WRITE_EXHAUSTED_PRIMALITY_UNASSIGNED,514,512,512,NO_RECORDED_FACTOR_PRP_OR_LL_RESULT_AND_NO_ACTIVE_GIMPS_ASSIGNMENT,2026-08-09T04:34:14+00:00,UNALLOCATED,,,,,
SLCMP1765-4457,4457,4457,583725143,2^583725143-1,STRUCTURAL_SCREEN_EXHAUSTED_PRIMALITY_UNASSIGNED,GF3A_DIRECTIONAL_WRITE_EXHAUSTED_PRIMALITY_UNASSIGNED,514,512,512,NO_RECORDED_FACTOR_PRP_OR_LL_RESULT_AND_NO_ACTIVE_GIMPS_ASSIGNMENT,2026-08-09T04:34:14+00:00,UNALLOCATED,,,,,
SLCMP1765-4458,4458,4458,583725179,2^583725179-1,STRUCTURAL_SCREEN_EXHAUSTED_PRIMALITY_UNASSIGNED,GF3A_DIRECTIONAL_WRITE_EXHAUSTED_PRIMALITY_UNASSIGNED,514,512,512,NO_RECORDED_FACTOR_PRP_OR_LL_RESULT_AND_NO_ACTIVE_GIMPS_ASSIGNMENT,2026-08-09T04:34:14+00:00,UNALLOCATED,,,,,
SLCMP1765-4459,4459,4459,583725187,2^583725187-1,STRUCTURAL_SCREEN_EXHAUSTED_PRIMALITY_UNASSIGNED,GF3A_DIRECTIONAL_WRITE_EXHAUSTED_PRIMALITY_UNASSIGNED,514,512,512,NO_RECORDED_FACTOR_PRP_OR_LL_RESULT_AND_NO_ACTIVE_GIMPS_ASSIGNMENT,2026-08-09T04:34:14+00:00,UNALLOCATED,,,,,
SLCMP1765-4460,4460,4460,583725229,2^583725229-1,STRUCTURAL_SCREEN_EXHAUSTED_PRIMALITY_UNASSIGNED,GF3A_DIRECTIONAL_WRITE_EXHAUSTED_PRIMALITY_UNASSIGNED,513,512,512,NO_RECORDED_FACTOR_PRP_OR_LL_RESULT_AND_NO_ACTIVE_GIMPS_ASSIGNMENT,2026-08-09T04:34:14+00:00,UNALLOCATED,,,,,
SLCMP1765-4461,4461,4461,583725251,2^583725251-1,STRUCTURAL_SCREEN_EXHAUSTED_PRIMALITY_UNASSIGNED,GF3A_DIRECTIONAL_WRITE_EXHAUSTED_PRIMALITY_UNASSIGNED,514,512,512,NO_RECORDED_FACTOR_PRP_OR_LL_RESULT_AND_NO_ACTIVE_GIMPS_ASSIGNMENT,2026-08-09T04:34:14+00:00,UNALLOCATED,,,,,
SLCMP1765-4462,4462,4462,583725269,2^583725269-1,STRUCTURAL_SCREEN_EXHAUSTED_PRIMALITY_UNASSIGNED,GF3A_DIRECTIONAL_WRITE_EXHAUSTED_PRIMALITY_UNASSIGNED,513,512,512,NO_RECORDED_FACTOR_PRP_OR_LL_RESULT_AND_NO_ACTIVE_GIMPS_ASSIGNMENT,2026-08-09T04:34:14+00:00,UNALLOCATED,,,,,
SLCMP1765-4463,4463,4463,583725271,2^583725271-1,STRUCTURAL_SCREEN_EXHAUSTED_PRIMALITY_UNASSIGNED,GF3A_DIRECTIONAL_WRITE_EXHAUSTED_PRIMALITY_UNASSIGNED,514,512,512,NO_RECORDED_FACTOR_PRP_OR_LL_RESULT_AND_NO_ACTIVE_GIMPS_ASSIGNMENT,2026-08-09T04:34:14+00:00,UNALLOCATED,,,,,
SLCMP1765-4464,4464,4464,583725299,2^583725299-1,STRUCTURAL_SCREEN_EXHAUSTED_PRIMALITY_UNASSIGNED,GF3A_DIRECTIONAL_WRITE_EXHAUSTED_PRIMALITY_UNASSIGNED,514,512,512,NO_RECORDED_FACTOR_PRP_OR_LL_RESULT_AND_NO_ACTIVE_GIMPS_ASSIGNMENT,2026-08-09T04:34:14+00:00,UNALLOCATED,,,,,
SLCMP1765-4465,4465,4465,583725313,2^583725313-1,STRUCTURAL_SCREEN_EXHAUSTED_PRIMALITY_UNASSIGNED,GF3A_DIRECTIONAL_WRITE_EXHAUSTED_PRIMALITY_UNASSIGNED,513,512,512,NO_RECORDED_FACTOR_PRP_OR_LL_RESULT_AND_NO_ACTIVE_GIMPS_ASSIGNMENT,2026-08-09T04:34:14+00:00,UNALLOCATED,,,,,
SLCMP1765-4466,4466,4466,583725419,2^583725419-1,STRUCTURAL_SCREEN_EXHAUSTED_PRIMALITY_UNASSIGNED,GF3A_DIRECTIONAL_WRITE_EXHAUSTED_PRIMALITY_UNASSIGNED,514,512,512,NO_RECORDED_FACTOR_PRP_OR_LL_RESULT_AND_NO_ACTIVE_GIMPS_ASSIGNMENT,2026-08-09T04:34:14+00:00,UNALLOCATED,,,,,
SLCMP1765-4467,4467,4467,583725521,2^583725521-1,STRUCTURAL_SCREEN_EXHAUSTED_PRIMALITY_UNASSIGNED,GF3A_DIRECTIONAL_WRITE_EXHAUSTED_PRIMALITY_UNASSIGNED,513,512,512,NO_RECORDED_FACTOR_PRP_OR_LL_RESULT_AND_NO_ACTIVE_GIMPS_ASSIGNMENT,2026-08-09T04:34:14+00:00,UNALLOCATED,,,,,
SLCMP1765-4468,4468,4468,583725523,2^583725523-1,STRUCTURAL_SCREEN_EXHAUSTED_PRIMALITY_UNASSIGNED,GF3A_DIRECTIONAL_WRITE_EXHAUSTED_PRIMALITY_UNASSIGNED,514,512,512,NO_RECORDED_FACTOR_PRP_OR_LL_RESULT_AND_NO_ACTIVE_GIMPS_ASSIGNMENT,2026-08-09T04:34:14+00:00,UNALLOCATED,,,,,
SLCMP1765-4469,4469,4469,583725563,2^583725563-1,STRUCTURAL_SCREEN_EXHAUSTED_PRIMALITY_UNASSIGNED,GF3A_DIRECTIONAL_WRITE_EXHAUSTED_PRIMALITY_UNASSIGNED,514,512,512,NO_RECORDED_FACTOR_PRP_OR_LL_RESULT_AND_NO_ACTIVE_GIMPS_ASSIGNMENT,2026-08-09T04:34:14+00:00,UNALLOCATED,,,,,
SLCMP1765-4470,4470,4470,583725673,2^583725673-1,STRUCTURAL_SCREEN_EXHAUSTED_PRIMALITY_UNASSIGNED,GF3A_DIRECTIONAL_WRITE_EXHAUSTED_PRIMALITY_UNASSIGNED,513,512,512,NO_RECORDED_FACTOR_PRP_OR_LL_RESULT_AND_NO_ACTIVE_GIMPS_ASSIGNMENT,2026-08-09T04:34:14+00:00,UNALLOCATED,,,,,
SLCMP1765-4471,4471,4471,583725679,2^583725679-1,STRUCTURAL_SCREEN_EXHAUSTED_PRIMALITY_UNASSIGNED,GF3A_DIRECTIONAL_WRITE_EXHAUSTED_PRIMALITY_UNASSIGNED,514,512,512,NO_RECORDED_FACTOR_PRP_OR_LL_RESULT_AND_NO_ACTIVE_GIMPS_ASSIGNMENT,2026-08-09T04:34:14+00:00,UNALLOCATED,,,,,
SLCMP1765-4472,4472,4472,583725721,2^583725721-1,STRUCTURAL_SCREEN_EXHAUSTED_PRIMALITY_UNASSIGNED,GF3A_DIRECTIONAL_WRITE_EXHAUSTED_PRIMALITY_UNASSIGNED,513,512,512,NO_RECORDED_FACTOR_PRP_OR_LL_RESULT_AND_NO_ACTIVE_GIMPS_ASSIGNMENT,2026-08-09T04:34:14+00:00,UNALLOCATED,,,,,
SLCMP1765-4473,4473,4473,583725797,2^583725797-1,STRUCTURAL_SCREEN_EXHAUSTED_PRIMALITY_UNASSIGNED,GF3A_DIRECTIONAL_WRITE_EXHAUSTED_PRIMALITY_UNASSIGNED,513,512,512,NO_RECORDED_FACTOR_PRP_OR_LL_RESULT_AND_NO_ACTIVE_GIMPS_ASSIGNMENT,2026-08-09T04:34:14+00:00,UNALLOCATED,,,,,
SLCMP1765-4474,4474,4474,583725893,2^583725893-1,STRUCTURAL_SCREEN_EXHAUSTED_PRIMALITY_UNASSIGNED,GF3A_DIRECTIONAL_WRITE_EXHAUSTED_PRIMALITY_UNASSIGNED,513,512,512,NO_RECORDED_FACTOR_PRP_OR_LL_RESULT_AND_NO_ACTIVE_GIMPS_ASSIGNMENT,2026-08-09T04:34:14+00:00,UNALLOCATED,,,,,
SLCMP1765-4475,4475,4475,583725931,2^583725931-1,STRUCTURAL_SCREEN_EXHAUSTED_PRIMALITY_UNASSIGNED,GF3A_DIRECTIONAL_WRITE_EXHAUSTED_PRIMALITY_UNASSIGNED,514,512,512,NO_RECORDED_FACTOR_PRP_OR_LL_RESULT_AND_NO_ACTIVE_GIMPS_ASSIGNMENT,2026-08-09T04:34:14+00:00,UNALLOCATED,,,,,
SLCMP1765-4476,4476,4476,583725953,2^583725953-1,STRUCTURAL_SCREEN_EXHAUSTED_PRIMALITY_UNASSIGNED,GF3A_DIRECTIONAL_WRITE_EXHAUSTED_PRIMALITY_UNASSIGNED,513,512,512,NO_RECORDED_FACTOR_PRP_OR_LL_RESULT_AND_NO_ACTIVE_GIMPS_ASSIGNMENT,2026-08-09T04:34:14+00:00,UNALLOCATED,,,,,
SLCMP1765-4477,4477,4477,583725997,2^583725997-1,STRUCTURAL_SCREEN_EXHAUSTED_PRIMALITY_UNASSIGNED,GF3A_DIRECTIONAL_WRITE_EXHAUSTED_PRIMALITY_UNASSIGNED,513,512,512,NO_RECORDED_FACTOR_PRP_OR_LL_RESULT_AND_NO_ACTIVE_GIMPS_ASSIGNMENT,2026-08-09T04:34:14+00:00,UNALLOCATED,,,,,
SLCMP1765-4478,4478,4478,583726049,2^583726049-1,STRUCTURAL_SCREEN_EXHAUSTED_PRIMALITY_UNASSIGNED,GF3A_DIRECTIONAL_WRITE_EXHAUSTED_PRIMALITY_UNASSIGNED,513,512,512,NO_RECORDED_FACTOR_PRP_OR_LL_RESULT_AND_NO_ACTIVE_GIMPS_ASSIGNMENT,2026-08-09T04:34:14+00:00,UNALLOCATED,,,,,
SLCMP1765-4479,4479,4479,583726147,2^583726147-1,STRUCTURAL_SCREEN_EXHAUSTED_PRIMALITY_UNASSIGNED,GF3A_DIRECTIONAL_WRITE_EXHAUSTED_PRIMALITY_UNASSIGNED,514,512,512,NO_RECORDED_FACTOR_PRP_OR_LL_RESULT_AND_NO_ACTIVE_GIMPS_ASSIGNMENT,2026-08-09T04:34:14+00:00,UNALLOCATED,,,,,
SLCMP1765-4480,4480,4480,583726159,2^583726159-1,STRUCTURAL_SCREEN_EXHAUSTED_PRIMALITY_UNASSIGNED,GF3A_DIRECTIONAL_WRITE_EXHAUSTED_PRIMALITY_UNASSIGNED,514,512,512,NO_RECORDED_FACTOR_PRP_OR_LL_RESULT_AND_NO_ACTIVE_GIMPS_ASSIGNMENT,2026-08-09T04:34:14+00:00,UNALLOCATED,,,,,
SLCMP1765-4481,4481,4481,583726193,2^583726193-1,STRUCTURAL_SCREEN_EXHAUSTED_PRIMALITY_UNASSIGNED,GF3A_DIRECTIONAL_WRITE_EXHAUSTED_PRIMALITY_UNASSIGNED,513,512,512,NO_RECORDED_FACTOR_PRP_OR_LL_RESULT_AND_NO_ACTIVE_GIMPS_ASSIGNMENT,2026-08-09T04:34:14+00:00,UNALLOCATED,,,,,
SLCMP1765-4482,4482,4482,583726219,2^583726219-1,STRUCTURAL_SCREEN_EXHAUSTED_PRIMALITY_UNASSIGNED,GF3A_DIRECTIONAL_WRITE_EXHAUSTED_PRIMALITY_UNASSIGNED,514,512,512,NO_RECORDED_FACTOR_PRP_OR_LL_RESULT_AND_NO_ACTIVE_GIMPS_ASSIGNMENT,2026-08-09T04:34:14+00:00,UNALLOCATED,,,,,
SLCMP1765-4483,4483,4483,583726387,2^583726387-1,STRUCTURAL_SCREEN_EXHAUSTED_PRIMALITY_UNASSIGNED,GF3A_DIRECTIONAL_WRITE_EXHAUSTED_PRIMALITY_UNASSIGNED,514,512,512,NO_RECORDED_FACTOR_PRP_OR_LL_RESULT_AND_NO_ACTIVE_GIMPS_ASSIGNMENT,2026-08-09T04:34:14+00:00,UNALLOCATED,,,,,
SLCMP1765-4484,4484,4484,583726489,2^583726489-1,STRUCTURAL_SCREEN_EXHAUSTED_PRIMALITY_UNASSIGNED,GF3A_DIRECTIONAL_WRITE_EXHAUSTED_PRIMALITY_UNASSIGNED,513,512,512,NO_RECORDED_FACTOR_PRP_OR_LL_RESULT_AND_NO_ACTIVE_GIMPS_ASSIGNMENT,2026-08-09T04:34:14+00:00,UNALLOCATED,,,,,
SLCMP1765-4485,4485,4485,583726519,2^583726519-1,STRUCTURAL_SCREEN_EXHAUSTED_PRIMALITY_UNASSIGNED,GF3A_DIRECTIONAL_WRITE_EXHAUSTED_PRIMALITY_UNASSIGNED,514,512,512,NO_RECORDED_FACTOR_PRP_OR_LL_RESULT_AND_NO_ACTIVE_GIMPS_ASSIGNMENT,2026-08-09T04:34:14+00:00,UNALLOCATED,,,,,
SLCMP1765-4486,4486,4486,583726547,2^583726547-1,STRUCTURAL_SCREEN_EXHAUSTED_PRIMALITY_UNASSIGNED,GF3A_DIRECTIONAL_WRITE_EXHAUSTED_PRIMALITY_UNASSIGNED,514,512,512,NO_RECORDED_FACTOR_PRP_OR_LL_RESULT_AND_NO_ACTIVE_GIMPS_ASSIGNMENT,2026-08-09T04:34:14+00:00,UNALLOCATED,,,,,
SLCMP1765-4487,4487,4487,583726651,2^583726651-1,STRUCTURAL_SCREEN_EXHAUSTED_PRIMALITY_UNASSIGNED,GF3A_DIRECTIONAL_WRITE_EXHAUSTED_PRIMALITY_UNASSIGNED,514,512,512,NO_RECORDED_FACTOR_PRP_OR_LL_RESULT_AND_NO_ACTIVE_GIMPS_ASSIGNMENT,2026-08-09T04:34:14+00:00,UNALLOCATED,,,,,
SLCMP1765-4488,4488,4488,583726673,2^583726673-1,STRUCTURAL_SCREEN_EXHAUSTED_PRIMALITY_UNASSIGNED,GF3A_DIRECTIONAL_WRITE_EXHAUSTED_PRIMALITY_UNASSIGNED,513,512,512,NO_RECORDED_FACTOR_PRP_OR_LL_RESULT_AND_NO_ACTIVE_GIMPS_ASSIGNMENT,2026-08-09T04:34:14+00:00,UNALLOCATED,,,,,
SLCMP1765-4489,4489,4489,583726679,2^583726679-1,STRUCTURAL_SCREEN_EXHAUSTED_PRIMALITY_UNASSIGNED,GF3A_DIRECTIONAL_WRITE_EXHAUSTED_PRIMALITY_UNASSIGNED,514,512,512,NO_RECORDED_FACTOR_PRP_OR_LL_RESULT_AND_NO_ACTIVE_GIMPS_ASSIGNMENT,2026-08-09T04:34:14+00:00,UNALLOCATED,,,,,
SLCMP1765-4490,4490,4490,583726711,2^583726711-1,STRUCTURAL_SCREEN_EXHAUSTED_PRIMALITY_UNASSIGNED,GF3A_DIRECTIONAL_WRITE_EXHAUSTED_PRIMALITY_UNASSIGNED,514,512,512,NO_RECORDED_FACTOR_PRP_OR_LL_RESULT_AND_NO_ACTIVE_GIMPS_ASSIGNMENT,2026-08-09T04:34:14+00:00,UNALLOCATED,,,,,
SLCMP1765-4491,4491,4491,583726753,2^583726753-1,STRUCTURAL_SCREEN_EXHAUSTED_PRIMALITY_UNASSIGNED,GF3A_DIRECTIONAL_WRITE_EXHAUSTED_PRIMALITY_UNASSIGNED,513,512,512,NO_RECORDED_FACTOR_PRP_OR_LL_RESULT_AND_NO_ACTIVE_GIMPS_ASSIGNMENT,2026-08-09T04:34:14+00:00,UNALLOCATED,,,,,
SLCMP1765-4492,4492,4492,583726889,2^583726889-1,STRUCTURAL_SCREEN_EXHAUSTED_PRIMALITY_UNASSIGNED,GF3A_DIRECTIONAL_WRITE_EXHAUSTED_PRIMALITY_UNASSIGNED,513,512,512,NO_RECORDED_FACTOR_PRP_OR_LL_RESULT_AND_NO_ACTIVE_GIMPS_ASSIGNMENT,2026-08-09T04:34:14+00:00,UNALLOCATED,,,,,
SLCMP1765-4493,4493,4493,583726921,2^583726921-1,STRUCTURAL_SCREEN_EXHAUSTED_PRIMALITY_UNASSIGNED,GF3A_DIRECTIONAL_WRITE_EXHAUSTED_PRIMALITY_UNASSIGNED,513,512,512,NO_RECORDED_FACTOR_PRP_OR_LL_RESULT_AND_NO_ACTIVE_GIMPS_ASSIGNMENT,2026-08-09T04:34:14+00:00,UNALLOCATED,,,,,
SLCMP1765-4494,4494,4494,583726939,2^583726939-1,STRUCTURAL_SCREEN_EXHAUSTED_PRIMALITY_UNASSIGNED,GF3A_DIRECTIONAL_WRITE_EXHAUSTED_PRIMALITY_UNASSIGNED,514,512,512,NO_RECORDED_FACTOR_PRP_OR_LL_RESULT_AND_NO_ACTIVE_GIMPS_ASSIGNMENT,2026-08-09T04:34:14+00:00,UNALLOCATED,,,,,
SLCMP1765-4495,4495,4495,583727153,2^583727153-1,STRUCTURAL_SCREEN_EXHAUSTED_PRIMALITY_UNASSIGNED,GF3A_DIRECTIONAL_WRITE_EXHAUSTED_PRIMALITY_UNASSIGNED,513,512,512,NO_RECORDED_FACTOR_PRP_OR_LL_RESULT_AND_NO_ACTIVE_GIMPS_ASSIGNMENT,2026-08-09T04:34:14+00:00,UNALLOCATED,,,,,
SLCMP1765-4496,4496,4496,583727161,2^583727161-1,STRUCTURAL_SCREEN_EXHAUSTED_PRIMALITY_UNASSIGNED,GF3A_DIRECTIONAL_WRITE_EXHAUSTED_PRIMALITY_UNASSIGNED,513,512,512,NO_RECORDED_FACTOR_PRP_OR_LL_RESULT_AND_NO_ACTIVE_GIMPS_ASSIGNMENT,2026-08-09T04:34:14+00:00,UNALLOCATED,,,,,
SLCMP1765-4497,4497,4497,583727219,2^583727219-1,STRUCTURAL_SCREEN_EXHAUSTED_PRIMALITY_UNASSIGNED,GF3A_DIRECTIONAL_WRITE_EXHAUSTED_PRIMALITY_UNASSIGNED,514,512,512,NO_RECORDED_FACTOR_PRP_OR_LL_RESULT_AND_NO_ACTIVE_GIMPS_ASSIGNMENT,2026-08-09T04:34:14+00:00,UNALLOCATED,,,,,
SLCMP1765-4498,4498,4498,583727251,2^583727251-1,STRUCTURAL_SCREEN_EXHAUSTED_PRIMALITY_UNASSIGNED,GF3A_DIRECTIONAL_WRITE_EXHAUSTED_PRIMALITY_UNASSIGNED,514,512,512,NO_RECORDED_FACTOR_PRP_OR_LL_RESULT_AND_NO_ACTIVE_GIMPS_ASSIGNMENT,2026-08-09T04:34:14+00:00,UNALLOCATED,,,,,
SLCMP1765-4499,4499,4499,583727267,2^583727267-1,STRUCTURAL_SCREEN_EXHAUSTED_PRIMALITY_UNASSIGNED,GF3A_DIRECTIONAL_WRITE_EXHAUSTED_PRIMALITY_UNASSIGNED,514,512,512,NO_RECORDED_FACTOR_PRP_OR_LL_RESULT_AND_NO_ACTIVE_GIMPS_ASSIGNMENT,2026-08-09T04:34:14+00:00,UNALLOCATED,,,,,
SLCMP1765-4500,4500,4500,583727293,2^583727293-1,STRUCTURAL_SCREEN_EXHAUSTED_PRIMALITY_UNASSIGNED,GF3A_DIRECTIONAL_WRITE_EXHAUSTED_PRIMALITY_UNASSIGNED,513,512,512,NO_RECORDED_FACTOR_PRP_OR_LL_RESULT_AND_NO_ACTIVE_GIMPS_ASSIGNMENT,2026-08-09T04:34:14+00:00,UNALLOCATED,,,,,
SLCMP1765-4501,4501,4501,583727323,2^583727323-1,STRUCTURAL_SCREEN_EXHAUSTED_PRIMALITY_UNASSIGNED,GF3A_DIRECTIONAL_WRITE_EXHAUSTED_PRIMALITY_UNASSIGNED,514,512,512,NO_RECORDED_FACTOR_PRP_OR_LL_RESULT_AND_NO_ACTIVE_GIMPS_ASSIGNMENT,2026-08-09T04:34:14+00:00,UNALLOCATED,,,,,
SLCMP1765-4502,4502,4502,583727371,2^583727371-1,STRUCTURAL_SCREEN_EXHAUSTED_PRIMALITY_UNASSIGNED,GF3A_DIRECTIONAL_WRITE_EXHAUSTED_PRIMALITY_UNASSIGNED,514,512,512,NO_RECORDED_FACTOR_PRP_OR_LL_RESULT_AND_NO_ACTIVE_GIMPS_ASSIGNMENT,2026-08-09T04:34:14+00:00,UNALLOCATED,,,,,
SLCMP1765-4503,4503,4503,583727381,2^583727381-1,STRUCTURAL_SCREEN_EXHAUSTED_PRIMALITY_UNASSIGNED,GF3A_DIRECTIONAL_WRITE_EXHAUSTED_PRIMALITY_UNASSIGNED,513,512,512,NO_RECORDED_FACTOR_PRP_OR_LL_RESULT_AND_NO_ACTIVE_GIMPS_ASSIGNMENT,2026-08-09T04:34:14+00:00,UNALLOCATED,,,,,
SLCMP1765-4504,4504,4504,583727447,2^583727447-1,STRUCTURAL_SCREEN_EXHAUSTED_PRIMALITY_UNASSIGNED,GF3A_DIRECTIONAL_WRITE_EXHAUSTED_PRIMALITY_UNASSIGNED,514,512,512,NO_RECORDED_FACTOR_PRP_OR_LL_RESULT_AND_NO_ACTIVE_GIMPS_ASSIGNMENT,2026-08-09T04:34:14+00:00,UNALLOCATED,,,,,
SLCMP1765-4505,4505,4505,583727587,2^583727587-1,STRUCTURAL_SCREEN_EXHAUSTED_PRIMALITY_UNASSIGNED,GF3A_DIRECTIONAL_WRITE_EXHAUSTED_PRIMALITY_UNASSIGNED,514,512,512,NO_RECORDED_FACTOR_PRP_OR_LL_RESULT_AND_NO_ACTIVE_GIMPS_ASSIGNMENT,2026-08-09T04:34:14+00:00,UNALLOCATED,,,,,
SLCMP1765-4506,4506,4506,583727647,2^583727647-1,STRUCTURAL_SCREEN_EXHAUSTED_PRIMALITY_UNASSIGNED,GF3A_DIRECTIONAL_WRITE_EXHAUSTED_PRIMALITY_UNASSIGNED,514,512,512,NO_RECORDED_FACTOR_PRP_OR_LL_RESULT_AND_NO_ACTIVE_GIMPS_ASSIGNMENT,2026-08-09T04:34:14+00:00,UNALLOCATED,,,,,
SLCMP1765-4507,4507,4507,583727731,2^583727731-1,STRUCTURAL_SCREEN_EXHAUSTED_PRIMALITY_UNASSIGNED,GF3A_DIRECTIONAL_WRITE_EXHAUSTED_PRIMALITY_UNASSIGNED,514,512,512,NO_RECORDED_FACTOR_PRP_OR_LL_RESULT_AND_NO_ACTIVE_GIMPS_ASSIGNMENT,2026-08-09T04:34:14+00:00,UNALLOCATED,,,,,
SLCMP1765-4508,4508,4508,583727773,2^583727773-1,STRUCTURAL_SCREEN_EXHAUSTED_PRIMALITY_UNASSIGNED,GF3A_DIRECTIONAL_WRITE_EXHAUSTED_PRIMALITY_UNASSIGNED,513,512,512,NO_RECORDED_FACTOR_PRP_OR_LL_RESULT_AND_NO_ACTIVE_GIMPS_ASSIGNMENT,2026-08-09T04:34:14+00:00,UNALLOCATED,,,,,
SLCMP1765-4509,4509,4509,583727779,2^583727779-1,STRUCTURAL_SCREEN_EXHAUSTED_PRIMALITY_UNASSIGNED,GF3A_DIRECTIONAL_WRITE_EXHAUSTED_PRIMALITY_UNASSIGNED,514,512,512,NO_RECORDED_FACTOR_PRP_OR_LL_RESULT_AND_NO_ACTIVE_GIMPS_ASSIGNMENT,2026-08-09T04:34:14+00:00,UNALLOCATED,,,,,
SLCMP1765-4510,4510,4510,583727831,2^583727831-1,STRUCTURAL_SCREEN_EXHAUSTED_PRIMALITY_UNASSIGNED,GF3A_DIRECTIONAL_WRITE_EXHAUSTED_PRIMALITY_UNASSIGNED,514,512,512,NO_RECORDED_FACTOR_PRP_OR_LL_RESULT_AND_NO_ACTIVE_GIMPS_ASSIGNMENT,2026-08-09T04:34:14+00:00,UNALLOCATED,,,,,
SLCMP1765-4511,4511,4511,583727843,2^583727843-1,STRUCTURAL_SCREEN_EXHAUSTED_PRIMALITY_UNASSIGNED,GF3A_DIRECTIONAL_WRITE_EXHAUSTED_PRIMALITY_UNASSIGNED,514,512,512,NO_RECORDED_FACTOR_PRP_OR_LL_RESULT_AND_NO_ACTIVE_GIMPS_ASSIGNMENT,2026-08-09T04:34:14+00:00,UNALLOCATED,,,,,
SLCMP1765-4512,4512,4512,583727869,2^583727869-1,STRUCTURAL_SCREEN_EXHAUSTED_PRIMALITY_UNASSIGNED,GF3A_DIRECTIONAL_WRITE_EXHAUSTED_PRIMALITY_UNASSIGNED,513,512,512,NO_RECORDED_FACTOR_PRP_OR_LL_RESULT_AND_NO_ACTIVE_GIMPS_ASSIGNMENT,2026-08-09T04:34:14+00:00,UNALLOCATED,,,,,
SLCMP1765-4513,4513,4513,583727927,2^583727927-1,STRUCTURAL_SCREEN_EXHAUSTED_PRIMALITY_UNASSIGNED,GF3A_DIRECTIONAL_WRITE_EXHAUSTED_PRIMALITY_UNASSIGNED,514,512,512,NO_RECORDED_FACTOR_PRP_OR_LL_RESULT_AND_NO_ACTIVE_GIMPS_ASSIGNMENT,2026-08-09T04:34:14+00:00,UNALLOCATED,,,,,
SLCMP1765-4514,4514,4514,583728023,2^583728023-1,STRUCTURAL_SCREEN_EXHAUSTED_PRIMALITY_UNASSIGNED,GF3A_DIRECTIONAL_WRITE_EXHAUSTED_PRIMALITY_UNASSIGNED,514,512,512,NO_RECORDED_FACTOR_PRP_OR_LL_RESULT_AND_NO_ACTIVE_GIMPS_ASSIGNMENT,2026-08-09T04:34:14+00:00,UNALLOCATED,,,,,
SLCMP1765-4515,4515,4515,583728049,2^583728049-1,STRUCTURAL_SCREEN_EXHAUSTED_PRIMALITY_UNASSIGNED,GF3A_DIRECTIONAL_WRITE_EXHAUSTED_PRIMALITY_UNASSIGNED,513,512,512,NO_RECORDED_FACTOR_PRP_OR_LL_RESULT_AND_NO_ACTIVE_GIMPS_ASSIGNMENT,2026-08-09T04:34:14+00:00,UNALLOCATED,,,,,
SLCMP1765-4516,4516,4516,583728071,2^583728071-1,STRUCTURAL_SCREEN_EXHAUSTED_PRIMALITY_UNASSIGNED,GF3A_DIRECTIONAL_WRITE_EXHAUSTED_PRIMALITY_UNASSIGNED,514,512,512,NO_RECORDED_FACTOR_PRP_OR_LL_RESULT_AND_NO_ACTIVE_GIMPS_ASSIGNMENT,2026-08-09T04:34:14+00:00,UNALLOCATED,,,,,
SLCMP1765-4517,4517,4517,583728239,2^583728239-1,STRUCTURAL_SCREEN_EXHAUSTED_PRIMALITY_UNASSIGNED,GF3A_DIRECTIONAL_WRITE_EXHAUSTED_PRIMALITY_UNASSIGNED,514,512,512,NO_RECORDED_FACTOR_PRP_OR_LL_RESULT_AND_NO_ACTIVE_GIMPS_ASSIGNMENT,2026-08-09T04:34:14+00:00,UNALLOCATED,,,,,
SLCMP1765-4518,4518,4518,583728283,2^583728283-1,STRUCTURAL_SCREEN_EXHAUSTED_PRIMALITY_UNASSIGNED,GF3A_DIRECTIONAL_WRITE_EXHAUSTED_PRIMALITY_UNASSIGNED,514,512,512,NO_RECORDED_FACTOR_PRP_OR_LL_RESULT_AND_NO_ACTIVE_GIMPS_ASSIGNMENT,2026-08-09T04:34:14+00:00,UNALLOCATED,,,,,
SLCMP1765-4519,4519,4519,583728289,2^583728289-1,STRUCTURAL_SCREEN_EXHAUSTED_PRIMALITY_UNASSIGNED,GF3A_DIRECTIONAL_WRITE_EXHAUSTED_PRIMALITY_UNASSIGNED,513,512,512,NO_RECORDED_FACTOR_PRP_OR_LL_RESULT_AND_NO_ACTIVE_GIMPS_ASSIGNMENT,2026-08-09T04:34:14+00:00,UNALLOCATED,,,,,
SLCMP1765-4520,4520,4520,583728319,2^583728319-1,STRUCTURAL_SCREEN_EXHAUSTED_PRIMALITY_UNASSIGNED,GF3A_DIRECTIONAL_WRITE_EXHAUSTED_PRIMALITY_UNASSIGNED,514,512,512,NO_RECORDED_FACTOR_PRP_OR_LL_RESULT_AND_NO_ACTIVE_GIMPS_ASSIGNMENT,2026-08-09T04:34:14+00:00,UNALLOCATED,,,,,
SLCMP1765-4521,4521,4521,583728433,2^583728433-1,STRUCTURAL_SCREEN_EXHAUSTED_PRIMALITY_UNASSIGNED,GF3A_DIRECTIONAL_WRITE_EXHAUSTED_PRIMALITY_UNASSIGNED,513,512,512,NO_RECORDED_FACTOR_PRP_OR_LL_RESULT_AND_NO_ACTIVE_GIMPS_ASSIGNMENT,2026-08-09T04:34:14+00:00,UNALLOCATED,,,,,
SLCMP1765-4522,4522,4522,583728437,2^583728437-1,STRUCTURAL_SCREEN_EXHAUSTED_PRIMALITY_UNASSIGNED,GF3A_DIRECTIONAL_WRITE_EXHAUSTED_PRIMALITY_UNASSIGNED,513,512,512,NO_RECORDED_FACTOR_PRP_OR_LL_RESULT_AND_NO_ACTIVE_GIMPS_ASSIGNMENT,2026-08-09T04:34:14+00:00,UNALLOCATED,,,,,
SLCMP1765-4523,4523,4523,583728493,2^583728493-1,STRUCTURAL_SCREEN_EXHAUSTED_PRIMALITY_UNASSIGNED,GF3A_DIRECTIONAL_WRITE_EXHAUSTED_PRIMALITY_UNASSIGNED,513,512,512,NO_RECORDED_FACTOR_PRP_OR_LL_RESULT_AND_NO_ACTIVE_GIMPS_ASSIGNMENT,2026-08-09T04:34:14+00:00,UNALLOCATED,,,,,
SLCMP1765-4524,4524,4524,583728671,2^583728671-1,STRUCTURAL_SCREEN_EXHAUSTED_PRIMALITY_UNASSIGNED,GF3A_DIRECTIONAL_WRITE_EXHAUSTED_PRIMALITY_UNASSIGNED,514,512,512,NO_RECORDED_FACTOR_PRP_OR_LL_RESULT_AND_NO_ACTIVE_GIMPS_ASSIGNMENT,2026-08-09T04:34:14+00:00,UNALLOCATED,,,,,
SLCMP1765-4525,4525,4525,583728727,2^583728727-1,STRUCTURAL_SCREEN_EXHAUSTED_PRIMALITY_UNASSIGNED,GF3A_DIRECTIONAL_WRITE_EXHAUSTED_PRIMALITY_UNASSIGNED,514,512,512,NO_RECORDED_FACTOR_PRP_OR_LL_RESULT_AND_NO_ACTIVE_GIMPS_ASSIGNMENT,2026-08-09T04:34:14+00:00,UNALLOCATED,,,,,
SLCMP1765-4526,4526,4526,583728731,2^583728731-1,STRUCTURAL_SCREEN_EXHAUSTED_PRIMALITY_UNASSIGNED,GF3A_DIRECTIONAL_WRITE_EXHAUSTED_PRIMALITY_UNASSIGNED,514,512,512,NO_RECORDED_FACTOR_PRP_OR_LL_RESULT_AND_NO_ACTIVE_GIMPS_ASSIGNMENT,2026-08-09T04:34:14+00:00,UNALLOCATED,,,,,
SLCMP1765-4527,4527,4527,583728781,2^583728781-1,STRUCTURAL_SCREEN_EXHAUSTED_PRIMALITY_UNASSIGNED,GF3A_DIRECTIONAL_WRITE_EXHAUSTED_PRIMALITY_UNASSIGNED,513,512,512,NO_RECORDED_FACTOR_PRP_OR_LL_RESULT_AND_NO_ACTIVE_GIMPS_ASSIGNMENT,2026-08-09T04:34:14+00:00,UNALLOCATED,,,,,
SLCMP1765-4528,4528,4528,583728797,2^583728797-1,STRUCTURAL_SCREEN_EXHAUSTED_PRIMALITY_UNASSIGNED,GF3A_DIRECTIONAL_WRITE_EXHAUSTED_PRIMALITY_UNASSIGNED,513,512,512,NO_RECORDED_FACTOR_PRP_OR_LL_RESULT_AND_NO_ACTIVE_GIMPS_ASSIGNMENT,2026-08-09T04:34:14+00:00,UNALLOCATED,,,,,
SLCMP1765-4529,4529,4529,583728809,2^583728809-1,STRUCTURAL_SCREEN_EXHAUSTED_PRIMALITY_UNASSIGNED,GF3A_DIRECTIONAL_WRITE_EXHAUSTED_PRIMALITY_UNASSIGNED,513,512,512,NO_RECORDED_FACTOR_PRP_OR_LL_RESULT_AND_NO_ACTIVE_GIMPS_ASSIGNMENT,2026-08-09T04:34:14+00:00,UNALLOCATED,,,,,
SLCMP1765-4530,4530,4530,583728869,2^583728869-1,STRUCTURAL_SCREEN_EXHAUSTED_PRIMALITY_UNASSIGNED,GF3A_DIRECTIONAL_WRITE_EXHAUSTED_PRIMALITY_UNASSIGNED,513,512,512,NO_RECORDED_FACTOR_PRP_OR_LL_RESULT_AND_NO_ACTIVE_GIMPS_ASSIGNMENT,2026-08-09T04:34:14+00:00,UNALLOCATED,,,,,
SLCMP1765-4531,4531,4531,583728923,2^583728923-1,STRUCTURAL_SCREEN_EXHAUSTED_PRIMALITY_UNASSIGNED,GF3A_DIRECTIONAL_WRITE_EXHAUSTED_PRIMALITY_UNASSIGNED,514,512,512,NO_RECORDED_FACTOR_PRP_OR_LL_RESULT_AND_NO_ACTIVE_GIMPS_ASSIGNMENT,2026-08-09T04:34:14+00:00,UNALLOCATED,,,,,
SLCMP1765-4532,4532,4532,583728953,2^583728953-1,STRUCTURAL_SCREEN_EXHAUSTED_PRIMALITY_UNASSIGNED,GF3A_DIRECTIONAL_WRITE_EXHAUSTED_PRIMALITY_UNASSIGNED,513,512,512,NO_RECORDED_FACTOR_PRP_OR_LL_RESULT_AND_NO_ACTIVE_GIMPS_ASSIGNMENT,2026-08-09T04:34:14+00:00,UNALLOCATED,,,,,
SLCMP1765-4533,4533,4533,583728967,2^583728967-1,STRUCTURAL_SCREEN_EXHAUSTED_PRIMALITY_UNASSIGNED,GF3A_DIRECTIONAL_WRITE_EXHAUSTED_PRIMALITY_UNASSIGNED,514,512,512,NO_RECORDED_FACTOR_PRP_OR_LL_RESULT_AND_NO_ACTIVE_GIMPS_ASSIGNMENT,2026-08-09T04:34:14+00:00,UNALLOCATED,,,,,
SLCMP1765-4534,4534,4534,583729099,2^583729099-1,STRUCTURAL_SCREEN_EXHAUSTED_PRIMALITY_UNASSIGNED,GF3A_DIRECTIONAL_WRITE_EXHAUSTED_PRIMALITY_UNASSIGNED,514,512,512,NO_RECORDED_FACTOR_PRP_OR_LL_RESULT_AND_NO_ACTIVE_GIMPS_ASSIGNMENT,2026-08-09T04:34:14+00:00,UNALLOCATED,,,,,
SLCMP1765-4535,4535,4535,583729241,2^583729241-1,STRUCTURAL_SCREEN_EXHAUSTED_PRIMALITY_UNASSIGNED,GF3A_DIRECTIONAL_WRITE_EXHAUSTED_PRIMALITY_UNASSIGNED,513,512,512,NO_RECORDED_FACTOR_PRP_OR_LL_RESULT_AND_NO_ACTIVE_GIMPS_ASSIGNMENT,2026-08-09T04:34:14+00:00,UNALLOCATED,,,,,
SLCMP1765-4536,4536,4536,583729247,2^583729247-1,STRUCTURAL_SCREEN_EXHAUSTED_PRIMALITY_UNASSIGNED,GF3A_DIRECTIONAL_WRITE_EXHAUSTED_PRIMALITY_UNASSIGNED,514,512,512,NO_RECORDED_FACTOR_PRP_OR_LL_RESULT_AND_NO_ACTIVE_GIMPS_ASSIGNMENT,2026-08-09T04:34:14+00:00,UNALLOCATED,,,,,
SLCMP1765-4537,4537,4537,583729361,2^583729361-1,STRUCTURAL_SCREEN_EXHAUSTED_PRIMALITY_UNASSIGNED,GF3A_DIRECTIONAL_WRITE_EXHAUSTED_PRIMALITY_UNASSIGNED,513,512,512,NO_RECORDED_FACTOR_PRP_OR_LL_RESULT_AND_NO_ACTIVE_GIMPS_ASSIGNMENT,2026-08-09T04:34:14+00:00,UNALLOCATED,,,,,
SLCMP1765-4538,4538,4538,583729417,2^583729417-1,STRUCTURAL_SCREEN_EXHAUSTED_PRIMALITY_UNASSIGNED,GF3A_DIRECTIONAL_WRITE_EXHAUSTED_PRIMALITY_UNASSIGNED,513,512,512,NO_RECORDED_FACTOR_PRP_OR_LL_RESULT_AND_NO_ACTIVE_GIMPS_ASSIGNMENT,2026-08-09T04:34:14+00:00,UNALLOCATED,,,,,
SLCMP1765-4539,4539,4539,583729547,2^583729547-1,STRUCTURAL_SCREEN_EXHAUSTED_PRIMALITY_UNASSIGNED,GF3A_DIRECTIONAL_WRITE_EXHAUSTED_PRIMALITY_UNASSIGNED,514,512,512,NO_RECORDED_FACTOR_PRP_OR_LL_RESULT_AND_NO_ACTIVE_GIMPS_ASSIGNMENT,2026-08-09T04:34:14+00:00,UNALLOCATED,,,,,
SLCMP1765-4540,4540,4540,583729583,2^583729583-1,STRUCTURAL_SCREEN_EXHAUSTED_PRIMALITY_UNASSIGNED,GF3A_DIRECTIONAL_WRITE_EXHAUSTED_PRIMALITY_UNASSIGNED,514,512,512,NO_RECORDED_FACTOR_PRP_OR_LL_RESULT_AND_NO_ACTIVE_GIMPS_ASSIGNMENT,2026-08-09T04:34:14+00:00,UNALLOCATED,,,,,
SLCMP1765-4541,4541,4541,583729831,2^583729831-1,STRUCTURAL_SCREEN_EXHAUSTED_PRIMALITY_UNASSIGNED,GF3A_DIRECTIONAL_WRITE_EXHAUSTED_PRIMALITY_UNASSIGNED,514,512,512,NO_RECORDED_FACTOR_PRP_OR_LL_RESULT_AND_NO_ACTIVE_GIMPS_ASSIGNMENT,2026-08-09T04:34:14+00:00,UNALLOCATED,,,,,
SLCMP1765-4542,4542,4542,583729847,2^583729847-1,STRUCTURAL_SCREEN_EXHAUSTED_PRIMALITY_UNASSIGNED,GF3A_DIRECTIONAL_WRITE_EXHAUSTED_PRIMALITY_UNASSIGNED,514,512,512,NO_RECORDED_FACTOR_PRP_OR_LL_RESULT_AND_NO_ACTIVE_GIMPS_ASSIGNMENT,2026-08-09T04:34:14+00:00,UNALLOCATED,,,,,
SLCMP1765-4543,4543,4543,583729877,2^583729877-1,STRUCTURAL_SCREEN_EXHAUSTED_PRIMALITY_UNASSIGNED,GF3A_DIRECTIONAL_WRITE_EXHAUSTED_PRIMALITY_UNASSIGNED,513,512,512,NO_RECORDED_FACTOR_PRP_OR_LL_RESULT_AND_NO_ACTIVE_GIMPS_ASSIGNMENT,2026-08-09T04:34:14+00:00,UNALLOCATED,,,,,
SLCMP1765-4544,4544,4544,583729891,2^583729891-1,STRUCTURAL_SCREEN_EXHAUSTED_PRIMALITY_UNASSIGNED,GF3A_DIRECTIONAL_WRITE_EXHAUSTED_PRIMALITY_UNASSIGNED,514,512,512,NO_RECORDED_FACTOR_PRP_OR_LL_RESULT_AND_NO_ACTIVE_GIMPS_ASSIGNMENT,2026-08-09T04:34:14+00:00,UNALLOCATED,,,,,
SLCMP1765-4545,4545,4545,583729967,2^583729967-1,STRUCTURAL_SCREEN_EXHAUSTED_PRIMALITY_UNASSIGNED,GF3A_DIRECTIONAL_WRITE_EXHAUSTED_PRIMALITY_UNASSIGNED,514,512,512,NO_RECORDED_FACTOR_PRP_OR_LL_RESULT_AND_NO_ACTIVE_GIMPS_ASSIGNMENT,2026-08-09T04:34:14+00:00,UNALLOCATED,,,,,
SLCMP1765-4546,4546,4546,583729981,2^583729981-1,STRUCTURAL_SCREEN_EXHAUSTED_PRIMALITY_UNASSIGNED,GF3A_DIRECTIONAL_WRITE_EXHAUSTED_PRIMALITY_UNASSIGNED,513,512,512,NO_RECORDED_FACTOR_PRP_OR_LL_RESULT_AND_NO_ACTIVE_GIMPS_ASSIGNMENT,2026-08-09T04:34:14+00:00,UNALLOCATED,,,,,
SLCMP1765-4547,4547,4547,583730053,2^583730053-1,STRUCTURAL_SCREEN_EXHAUSTED_PRIMALITY_UNASSIGNED,GF3A_DIRECTIONAL_WRITE_EXHAUSTED_PRIMALITY_UNASSIGNED,513,512,512,NO_RECORDED_FACTOR_PRP_OR_LL_RESULT_AND_NO_ACTIVE_GIMPS_ASSIGNMENT,2026-08-09T04:34:14+00:00,UNALLOCATED,,,,,
SLCMP1765-4548,4548,4548,583730123,2^583730123-1,STRUCTURAL_SCREEN_EXHAUSTED_PRIMALITY_UNASSIGNED,GF3A_DIRECTIONAL_WRITE_EXHAUSTED_PRIMALITY_UNASSIGNED,514,512,512,NO_RECORDED_FACTOR_PRP_OR_LL_RESULT_AND_NO_ACTIVE_GIMPS_ASSIGNMENT,2026-08-09T04:34:14+00:00,UNALLOCATED,,,,,
SLCMP1765-4549,4549,4549,583730143,2^583730143-1,STRUCTURAL_SCREEN_EXHAUSTED_PRIMALITY_UNASSIGNED,GF3A_DIRECTIONAL_WRITE_EXHAUSTED_PRIMALITY_UNASSIGNED,514,512,512,NO_RECORDED_FACTOR_PRP_OR_LL_RESULT_AND_NO_ACTIVE_GIMPS_ASSIGNMENT,2026-08-09T04:34:14+00:00,UNALLOCATED,,,,,
SLCMP1765-4550,4550,4550,583730201,2^583730201-1,STRUCTURAL_SCREEN_EXHAUSTED_PRIMALITY_UNASSIGNED,GF3A_DIRECTIONAL_WRITE_EXHAUSTED_PRIMALITY_UNASSIGNED,513,512,512,NO_RECORDED_FACTOR_PRP_OR_LL_RESULT_AND_NO_ACTIVE_GIMPS_ASSIGNMENT,2026-08-09T04:34:14+00:00,UNALLOCATED,,,,,
SLCMP1765-4551,4551,4551,583730423,2^583730423-1,STRUCTURAL_SCREEN_EXHAUSTED_PRIMALITY_UNASSIGNED,GF3A_DIRECTIONAL_WRITE_EXHAUSTED_PRIMALITY_UNASSIGNED,514,512,512,NO_RECORDED_FACTOR_PRP_OR_LL_RESULT_AND_NO_ACTIVE_GIMPS_ASSIGNMENT,2026-08-09T04:34:14+00:00,UNALLOCATED,,,,,
SLCMP1765-4552,4552,4552,583730429,2^583730429-1,STRUCTURAL_SCREEN_EXHAUSTED_PRIMALITY_UNASSIGNED,GF3A_DIRECTIONAL_WRITE_EXHAUSTED_PRIMALITY_UNASSIGNED,513,512,512,NO_RECORDED_FACTOR_PRP_OR_LL_RESULT_AND_NO_ACTIVE_GIMPS_ASSIGNMENT,2026-08-09T04:34:14+00:00,UNALLOCATED,,,,,
SLCMP1765-4553,4553,4553,583730431,2^583730431-1,STRUCTURAL_SCREEN_EXHAUSTED_PRIMALITY_UNASSIGNED,GF3A_DIRECTIONAL_WRITE_EXHAUSTED_PRIMALITY_UNASSIGNED,514,512,512,NO_RECORDED_FACTOR_PRP_OR_LL_RESULT_AND_NO_ACTIVE_GIMPS_ASSIGNMENT,2026-08-09T04:34:14+00:00,UNALLOCATED,,,,,
SLCMP1765-4554,4554,4554,583730467,2^583730467-1,STRUCTURAL_SCREEN_EXHAUSTED_PRIMALITY_UNASSIGNED,GF3A_DIRECTIONAL_WRITE_EXHAUSTED_PRIMALITY_UNASSIGNED,514,512,512,NO_RECORDED_FACTOR_PRP_OR_LL_RESULT_AND_NO_ACTIVE_GIMPS_ASSIGNMENT,2026-08-09T04:34:14+00:00,UNALLOCATED,,,,,
SLCMP1765-4555,4555,4555,583730551,2^583730551-1,STRUCTURAL_SCREEN_EXHAUSTED_PRIMALITY_UNASSIGNED,GF3A_DIRECTIONAL_WRITE_EXHAUSTED_PRIMALITY_UNASSIGNED,514,512,512,NO_RECORDED_FACTOR_PRP_OR_LL_RESULT_AND_NO_ACTIVE_GIMPS_ASSIGNMENT,2026-08-09T04:34:14+00:00,UNALLOCATED,,,,,
SLCMP1765-4556,4556,4556,583730591,2^583730591-1,STRUCTURAL_SCREEN_EXHAUSTED_PRIMALITY_UNASSIGNED,GF3A_DIRECTIONAL_WRITE_EXHAUSTED_PRIMALITY_UNASSIGNED,514,512,512,NO_RECORDED_FACTOR_PRP_OR_LL_RESULT_AND_NO_ACTIVE_GIMPS_ASSIGNMENT,2026-08-09T04:34:14+00:00,UNALLOCATED,,,,,
SLCMP1765-4557,4557,4557,583730603,2^583730603-1,STRUCTURAL_SCREEN_EXHAUSTED_PRIMALITY_UNASSIGNED,GF3A_DIRECTIONAL_WRITE_EXHAUSTED_PRIMALITY_UNASSIGNED,514,512,512,NO_RECORDED_FACTOR_PRP_OR_LL_RESULT_AND_NO_ACTIVE_GIMPS_ASSIGNMENT,2026-08-09T04:34:14+00:00,UNALLOCATED,,,,,
SLCMP1765-4558,4558,4558,583730659,2^583730659-1,STRUCTURAL_SCREEN_EXHAUSTED_PRIMALITY_UNASSIGNED,GF3A_DIRECTIONAL_WRITE_EXHAUSTED_PRIMALITY_UNASSIGNED,514,512,512,NO_RECORDED_FACTOR_PRP_OR_LL_RESULT_AND_NO_ACTIVE_GIMPS_ASSIGNMENT,2026-08-09T04:34:14+00:00,UNALLOCATED,,,,,
SLCMP1765-4559,4559,4559,583730671,2^583730671-1,STRUCTURAL_SCREEN_EXHAUSTED_PRIMALITY_UNASSIGNED,GF3A_DIRECTIONAL_WRITE_EXHAUSTED_PRIMALITY_UNASSIGNED,514,512,512,NO_RECORDED_FACTOR_PRP_OR_LL_RESULT_AND_NO_ACTIVE_GIMPS_ASSIGNMENT,2026-08-09T04:34:14+00:00,UNALLOCATED,,,,,
SLCMP1765-4560,4560,4560,583730779,2^583730779-1,STRUCTURAL_SCREEN_EXHAUSTED_PRIMALITY_UNASSIGNED,GF3A_DIRECTIONAL_WRITE_EXHAUSTED_PRIMALITY_UNASSIGNED,514,512,512,NO_RECORDED_FACTOR_PRP_OR_LL_RESULT_AND_NO_ACTIVE_GIMPS_ASSIGNMENT,2026-08-09T04:34:14+00:00,UNALLOCATED,,,,,
SLCMP1765-4561,4561,4561,583730803,2^583730803-1,STRUCTURAL_SCREEN_EXHAUSTED_PRIMALITY_UNASSIGNED,GF3A_DIRECTIONAL_WRITE_EXHAUSTED_PRIMALITY_UNASSIGNED,514,512,512,NO_RECORDED_FACTOR_PRP_OR_LL_RESULT_AND_NO_ACTIVE_GIMPS_ASSIGNMENT,2026-08-09T04:34:14+00:00,UNALLOCATED,,,,,
SLCMP1765-4562,4562,4562,583730857,2^583730857-1,STRUCTURAL_SCREEN_EXHAUSTED_PRIMALITY_UNASSIGNED,GF3A_DIRECTIONAL_WRITE_EXHAUSTED_PRIMALITY_UNASSIGNED,513,512,512,NO_RECORDED_FACTOR_PRP_OR_LL_RESULT_AND_NO_ACTIVE_GIMPS_ASSIGNMENT,2026-08-09T04:34:14+00:00,UNALLOCATED,,,,,
SLCMP1765-4563,4563,4563,583730881,2^583730881-1,STRUCTURAL_SCREEN_EXHAUSTED_PRIMALITY_UNASSIGNED,GF3A_DIRECTIONAL_WRITE_EXHAUSTED_PRIMALITY_UNASSIGNED,513,512,512,NO_RECORDED_FACTOR_PRP_OR_LL_RESULT_AND_NO_ACTIVE_GIMPS_ASSIGNMENT,2026-08-09T04:34:14+00:00,UNALLOCATED,,,,,
SLCMP1765-4564,4564,4564,583730969,2^583730969-1,STRUCTURAL_SCREEN_EXHAUSTED_PRIMALITY_UNASSIGNED,GF3A_DIRECTIONAL_WRITE_EXHAUSTED_PRIMALITY_UNASSIGNED,513,512,512,NO_RECORDED_FACTOR_PRP_OR_LL_RESULT_AND_NO_ACTIVE_GIMPS_ASSIGNMENT,2026-08-09T04:34:14+00:00,UNALLOCATED,,,,,
SLCMP1765-4565,4565,4565,583731013,2^583731013-1,STRUCTURAL_SCREEN_EXHAUSTED_PRIMALITY_UNASSIGNED,GF3A_DIRECTIONAL_WRITE_EXHAUSTED_PRIMALITY_UNASSIGNED,513,512,512,NO_RECORDED_FACTOR_PRP_OR_LL_RESULT_AND_NO_ACTIVE_GIMPS_ASSIGNMENT,2026-08-09T04:34:14+00:00,UNALLOCATED,,,,,
SLCMP1765-4566,4566,4566,583731059,2^583731059-1,STRUCTURAL_SCREEN_EXHAUSTED_PRIMALITY_UNASSIGNED,GF3A_DIRECTIONAL_WRITE_EXHAUSTED_PRIMALITY_UNASSIGNED,514,512,512,NO_RECORDED_FACTOR_PRP_OR_LL_RESULT_AND_NO_ACTIVE_GIMPS_ASSIGNMENT,2026-08-09T04:34:14+00:00,UNALLOCATED,,,,,
SLCMP1765-4567,4567,4567,583731077,2^583731077-1,STRUCTURAL_SCREEN_EXHAUSTED_PRIMALITY_UNASSIGNED,GF3A_DIRECTIONAL_WRITE_EXHAUSTED_PRIMALITY_UNASSIGNED,513,512,512,NO_RECORDED_FACTOR_PRP_OR_LL_RESULT_AND_NO_ACTIVE_GIMPS_ASSIGNMENT,2026-08-09T04:34:14+00:00,UNALLOCATED,,,,,
SLCMP1765-4568,4568,4568,583731157,2^583731157-1,STRUCTURAL_SCREEN_EXHAUSTED_PRIMALITY_UNASSIGNED,GF3A_DIRECTIONAL_WRITE_EXHAUSTED_PRIMALITY_UNASSIGNED,513,512,512,NO_RECORDED_FACTOR_PRP_OR_LL_RESULT_AND_NO_ACTIVE_GIMPS_ASSIGNMENT,2026-08-09T04:34:14+00:00,UNALLOCATED,,,,,
SLCMP1765-4569,4569,4569,583731229,2^583731229-1,STRUCTURAL_SCREEN_EXHAUSTED_PRIMALITY_UNASSIGNED,GF3A_DIRECTIONAL_WRITE_EXHAUSTED_PRIMALITY_UNASSIGNED,513,512,512,NO_RECORDED_FACTOR_PRP_OR_LL_RESULT_AND_NO_ACTIVE_GIMPS_ASSIGNMENT,2026-08-09T04:34:14+00:00,UNALLOCATED,,,,,
SLCMP1765-4570,4570,4570,583731307,2^583731307-1,STRUCTURAL_SCREEN_EXHAUSTED_PRIMALITY_UNASSIGNED,GF3A_DIRECTIONAL_WRITE_EXHAUSTED_PRIMALITY_UNASSIGNED,514,512,512,NO_RECORDED_FACTOR_PRP_OR_LL_RESULT_AND_NO_ACTIVE_GIMPS_ASSIGNMENT,2026-08-09T04:34:14+00:00,UNALLOCATED,,,,,
SLCMP1765-4571,4571,4571,583731389,2^583731389-1,STRUCTURAL_SCREEN_EXHAUSTED_PRIMALITY_UNASSIGNED,GF3A_DIRECTIONAL_WRITE_EXHAUSTED_PRIMALITY_UNASSIGNED,513,512,512,NO_RECORDED_FACTOR_PRP_OR_LL_RESULT_AND_NO_ACTIVE_GIMPS_ASSIGNMENT,2026-08-09T04:34:14+00:00,UNALLOCATED,,,,,
SLCMP1765-4572,4572,4572,583731443,2^583731443-1,STRUCTURAL_SCREEN_EXHAUSTED_PRIMALITY_UNASSIGNED,GF3A_DIRECTIONAL_WRITE_EXHAUSTED_PRIMALITY_UNASSIGNED,514,512,512,NO_RECORDED_FACTOR_PRP_OR_LL_RESULT_AND_NO_ACTIVE_GIMPS_ASSIGNMENT,2026-08-09T04:34:14+00:00,UNALLOCATED,,,,,
SLCMP1765-4573,4573,4573,583731503,2^583731503-1,STRUCTURAL_SCREEN_EXHAUSTED_PRIMALITY_UNASSIGNED,GF3A_DIRECTIONAL_WRITE_EXHAUSTED_PRIMALITY_UNASSIGNED,514,512,512,NO_RECORDED_FACTOR_PRP_OR_LL_RESULT_AND_NO_ACTIVE_GIMPS_ASSIGNMENT,2026-08-09T04:34:14+00:00,UNALLOCATED,,,,,
SLCMP1765-4574,4574,4574,583731529,2^583731529-1,STRUCTURAL_SCREEN_EXHAUSTED_PRIMALITY_UNASSIGNED,GF3A_DIRECTIONAL_WRITE_EXHAUSTED_PRIMALITY_UNASSIGNED,513,512,512,NO_RECORDED_FACTOR_PRP_OR_LL_RESULT_AND_NO_ACTIVE_GIMPS_ASSIGNMENT,2026-08-09T04:34:14+00:00,UNALLOCATED,,,,,
SLCMP1765-4575,4575,4575,583731619,2^583731619-1,STRUCTURAL_SCREEN_EXHAUSTED_PRIMALITY_UNASSIGNED,GF3A_DIRECTIONAL_WRITE_EXHAUSTED_PRIMALITY_UNASSIGNED,514,512,512,NO_RECORDED_FACTOR_PRP_OR_LL_RESULT_AND_NO_ACTIVE_GIMPS_ASSIGNMENT,2026-08-09T04:34:14+00:00,UNALLOCATED,,,,,
SLCMP1765-4576,4576,4576,583731653,2^583731653-1,STRUCTURAL_SCREEN_EXHAUSTED_PRIMALITY_UNASSIGNED,GF3A_DIRECTIONAL_WRITE_EXHAUSTED_PRIMALITY_UNASSIGNED,513,512,512,NO_RECORDED_FACTOR_PRP_OR_LL_RESULT_AND_NO_ACTIVE_GIMPS_ASSIGNMENT,2026-08-09T04:34:14+00:00,UNALLOCATED,,,,,
SLCMP1765-4577,4577,4577,583731667,2^583731667-1,STRUCTURAL_SCREEN_EXHAUSTED_PRIMALITY_UNASSIGNED,GF3A_DIRECTIONAL_WRITE_EXHAUSTED_PRIMALITY_UNASSIGNED,514,512,512,NO_RECORDED_FACTOR_PRP_OR_LL_RESULT_AND_NO_ACTIVE_GIMPS_ASSIGNMENT,2026-08-09T04:34:14+00:00,UNALLOCATED,,,,,
SLCMP1765-4578,4578,4578,583731727,2^583731727-1,STRUCTURAL_SCREEN_EXHAUSTED_PRIMALITY_UNASSIGNED,GF3A_DIRECTIONAL_WRITE_EXHAUSTED_PRIMALITY_UNASSIGNED,514,512,512,NO_RECORDED_FACTOR_PRP_OR_LL_RESULT_AND_NO_ACTIVE_GIMPS_ASSIGNMENT,2026-08-09T04:34:14+00:00,UNALLOCATED,,,,,
SLCMP1765-4579,4579,4579,583731739,2^583731739-1,STRUCTURAL_SCREEN_EXHAUSTED_PRIMALITY_UNASSIGNED,GF3A_DIRECTIONAL_WRITE_EXHAUSTED_PRIMALITY_UNASSIGNED,514,512,512,NO_RECORDED_FACTOR_PRP_OR_LL_RESULT_AND_NO_ACTIVE_GIMPS_ASSIGNMENT,2026-08-09T04:34:14+00:00,UNALLOCATED,,,,,
SLCMP1765-4580,4580,4580,583731817,2^583731817-1,STRUCTURAL_SCREEN_EXHAUSTED_PRIMALITY_UNASSIGNED,GF3A_DIRECTIONAL_WRITE_EXHAUSTED_PRIMALITY_UNASSIGNED,513,512,512,NO_RECORDED_FACTOR_PRP_OR_LL_RESULT_AND_NO_ACTIVE_GIMPS_ASSIGNMENT,2026-08-09T04:34:14+00:00,UNALLOCATED,,,,,
SLCMP1765-4581,4581,4581,583731947,2^583731947-1,STRUCTURAL_SCREEN_EXHAUSTED_PRIMALITY_UNASSIGNED,GF3A_DIRECTIONAL_WRITE_EXHAUSTED_PRIMALITY_UNASSIGNED,514,512,512,NO_RECORDED_FACTOR_PRP_OR_LL_RESULT_AND_NO_ACTIVE_GIMPS_ASSIGNMENT,2026-08-09T04:34:14+00:00,UNALLOCATED,,,,,
SLCMP1765-4582,4582,4582,583731961,2^583731961-1,STRUCTURAL_SCREEN_EXHAUSTED_PRIMALITY_UNASSIGNED,GF3A_DIRECTIONAL_WRITE_EXHAUSTED_PRIMALITY_UNASSIGNED,513,512,512,NO_RECORDED_FACTOR_PRP_OR_LL_RESULT_AND_NO_ACTIVE_GIMPS_ASSIGNMENT,2026-08-09T04:34:14+00:00,UNALLOCATED,,,,,
SLCMP1765-4583,4583,4583,583732153,2^583732153-1,STRUCTURAL_SCREEN_EXHAUSTED_PRIMALITY_UNASSIGNED,GF3A_DIRECTIONAL_WRITE_EXHAUSTED_PRIMALITY_UNASSIGNED,513,512,512,NO_RECORDED_FACTOR_PRP_OR_LL_RESULT_AND_NO_ACTIVE_GIMPS_ASSIGNMENT,2026-08-09T04:34:14+00:00,UNALLOCATED,,,,,
SLCMP1765-4584,4584,4584,583732319,2^583732319-1,STRUCTURAL_SCREEN_EXHAUSTED_PRIMALITY_UNASSIGNED,GF3A_DIRECTIONAL_WRITE_EXHAUSTED_PRIMALITY_UNASSIGNED,514,512,512,NO_RECORDED_FACTOR_PRP_OR_LL_RESULT_AND_NO_ACTIVE_GIMPS_ASSIGNMENT,2026-08-09T04:34:14+00:00,UNALLOCATED,,,,,
SLCMP1765-4585,4585,4585,583732333,2^583732333-1,STRUCTURAL_SCREEN_EXHAUSTED_PRIMALITY_UNASSIGNED,GF3A_DIRECTIONAL_WRITE_EXHAUSTED_PRIMALITY_UNASSIGNED,513,512,512,NO_RECORDED_FACTOR_PRP_OR_LL_RESULT_AND_NO_ACTIVE_GIMPS_ASSIGNMENT,2026-08-09T04:34:14+00:00,UNALLOCATED,,,,,
SLCMP1765-4586,4586,4586,583732361,2^583732361-1,STRUCTURAL_SCREEN_EXHAUSTED_PRIMALITY_UNASSIGNED,GF3A_DIRECTIONAL_WRITE_EXHAUSTED_PRIMALITY_UNASSIGNED,513,512,512,NO_RECORDED_FACTOR_PRP_OR_LL_RESULT_AND_NO_ACTIVE_GIMPS_ASSIGNMENT,2026-08-09T04:34:14+00:00,UNALLOCATED,,,,,
SLCMP1765-4587,4587,4587,583732379,2^583732379-1,STRUCTURAL_SCREEN_EXHAUSTED_PRIMALITY_UNASSIGNED,GF3A_DIRECTIONAL_WRITE_EXHAUSTED_PRIMALITY_UNASSIGNED,514,512,512,NO_RECORDED_FACTOR_PRP_OR_LL_RESULT_AND_NO_ACTIVE_GIMPS_ASSIGNMENT,2026-08-09T04:34:14+00:00,UNALLOCATED,,,,,
SLCMP1765-4588,4588,4588,583732397,2^583732397-1,STRUCTURAL_SCREEN_EXHAUSTED_PRIMALITY_UNASSIGNED,GF3A_DIRECTIONAL_WRITE_EXHAUSTED_PRIMALITY_UNASSIGNED,513,512,512,NO_RECORDED_FACTOR_PRP_OR_LL_RESULT_AND_NO_ACTIVE_GIMPS_ASSIGNMENT,2026-08-09T04:34:14+00:00,UNALLOCATED,,,,,
SLCMP1765-4589,4589,4589,583732403,2^583732403-1,STRUCTURAL_SCREEN_EXHAUSTED_PRIMALITY_UNASSIGNED,GF3A_DIRECTIONAL_WRITE_EXHAUSTED_PRIMALITY_UNASSIGNED,514,512,512,NO_RECORDED_FACTOR_PRP_OR_LL_RESULT_AND_NO_ACTIVE_GIMPS_ASSIGNMENT,2026-08-09T04:34:14+00:00,UNALLOCATED,,,,,
SLCMP1765-4590,4590,4590,583732423,2^583732423-1,STRUCTURAL_SCREEN_EXHAUSTED_PRIMALITY_UNASSIGNED,GF3A_DIRECTIONAL_WRITE_EXHAUSTED_PRIMALITY_UNASSIGNED,514,512,512,NO_RECORDED_FACTOR_PRP_OR_LL_RESULT_AND_NO_ACTIVE_GIMPS_ASSIGNMENT,2026-08-09T04:34:14+00:00,UNALLOCATED,,,,,
SLCMP1765-4591,4591,4591,583732483,2^583732483-1,STRUCTURAL_SCREEN_EXHAUSTED_PRIMALITY_UNASSIGNED,GF3A_DIRECTIONAL_WRITE_EXHAUSTED_PRIMALITY_UNASSIGNED,514,512,512,NO_RECORDED_FACTOR_PRP_OR_LL_RESULT_AND_NO_ACTIVE_GIMPS_ASSIGNMENT,2026-08-09T04:34:14+00:00,UNALLOCATED,,,,,
SLCMP1765-4592,4592,4592,583732537,2^583732537-1,STRUCTURAL_SCREEN_EXHAUSTED_PRIMALITY_UNASSIGNED,GF3A_DIRECTIONAL_WRITE_EXHAUSTED_PRIMALITY_UNASSIGNED,513,512,512,NO_RECORDED_FACTOR_PRP_OR_LL_RESULT_AND_NO_ACTIVE_GIMPS_ASSIGNMENT,2026-08-09T04:34:14+00:00,UNALLOCATED,,,,,
SLCMP1765-4593,4593,4593,583732603,2^583732603-1,STRUCTURAL_SCREEN_EXHAUSTED_PRIMALITY_UNASSIGNED,GF3A_DIRECTIONAL_WRITE_EXHAUSTED_PRIMALITY_UNASSIGNED,514,512,512,NO_RECORDED_FACTOR_PRP_OR_LL_RESULT_AND_NO_ACTIVE_GIMPS_ASSIGNMENT,2026-08-09T04:34:14+00:00,UNALLOCATED,,,,,
SLCMP1765-4594,4594,4594,583732651,2^583732651-1,STRUCTURAL_SCREEN_EXHAUSTED_PRIMALITY_UNASSIGNED,GF3A_DIRECTIONAL_WRITE_EXHAUSTED_PRIMALITY_UNASSIGNED,514,512,512,NO_RECORDED_FACTOR_PRP_OR_LL_RESULT_AND_NO_ACTIVE_GIMPS_ASSIGNMENT,2026-08-09T04:34:14+00:00,UNALLOCATED,,,,,
SLCMP1765-4595,4595,4595,583732693,2^583732693-1,STRUCTURAL_SCREEN_EXHAUSTED_PRIMALITY_UNASSIGNED,GF3A_DIRECTIONAL_WRITE_EXHAUSTED_PRIMALITY_UNASSIGNED,513,512,512,NO_RECORDED_FACTOR_PRP_OR_LL_RESULT_AND_NO_ACTIVE_GIMPS_ASSIGNMENT,2026-08-09T04:34:14+00:00,UNALLOCATED,,,,,
SLCMP1765-4596,4596,4596,583732753,2^583732753-1,STRUCTURAL_SCREEN_EXHAUSTED_PRIMALITY_UNASSIGNED,GF3A_DIRECTIONAL_WRITE_EXHAUSTED_PRIMALITY_UNASSIGNED,513,512,512,NO_RECORDED_FACTOR_PRP_OR_LL_RESULT_AND_NO_ACTIVE_GIMPS_ASSIGNMENT,2026-08-09T04:34:14+00:00,UNALLOCATED,,,,,
SLCMP1765-4597,4597,4597,583732771,2^583732771-1,STRUCTURAL_SCREEN_EXHAUSTED_PRIMALITY_UNASSIGNED,GF3A_DIRECTIONAL_WRITE_EXHAUSTED_PRIMALITY_UNASSIGNED,514,512,512,NO_RECORDED_FACTOR_PRP_OR_LL_RESULT_AND_NO_ACTIVE_GIMPS_ASSIGNMENT,2026-08-09T04:34:14+00:00,UNALLOCATED,,,,,
SLCMP1765-4598,4598,4598,583732813,2^583732813-1,STRUCTURAL_SCREEN_EXHAUSTED_PRIMALITY_UNASSIGNED,GF3A_DIRECTIONAL_WRITE_EXHAUSTED_PRIMALITY_UNASSIGNED,513,512,512,NO_RECORDED_FACTOR_PRP_OR_LL_RESULT_AND_NO_ACTIVE_GIMPS_ASSIGNMENT,2026-08-09T04:34:14+00:00,UNALLOCATED,,,,,
SLCMP1765-4599,4599,4599,583732921,2^583732921-1,STRUCTURAL_SCREEN_EXHAUSTED_PRIMALITY_UNASSIGNED,GF3A_DIRECTIONAL_WRITE_EXHAUSTED_PRIMALITY_UNASSIGNED,513,512,512,NO_RECORDED_FACTOR_PRP_OR_LL_RESULT_AND_NO_ACTIVE_GIMPS_ASSIGNMENT,2026-08-09T04:34:14+00:00,UNALLOCATED,,,,,
SLCMP1765-4600,4600,4600,583733071,2^583733071-1,STRUCTURAL_SCREEN_EXHAUSTED_PRIMALITY_UNASSIGNED,GF3A_DIRECTIONAL_WRITE_EXHAUSTED_PRIMALITY_UNASSIGNED,514,512,512,NO_RECORDED_FACTOR_PRP_OR_LL_RESULT_AND_NO_ACTIVE_GIMPS_ASSIGNMENT,2026-08-09T04:34:14+00:00,UNALLOCATED,,,,,
SLCMP1765-4601,4601,4601,583733243,2^583733243-1,STRUCTURAL_SCREEN_EXHAUSTED_PRIMALITY_UNASSIGNED,GF3A_DIRECTIONAL_WRITE_EXHAUSTED_PRIMALITY_UNASSIGNED,514,512,512,NO_RECORDED_FACTOR_PRP_OR_LL_RESULT_AND_NO_ACTIVE_GIMPS_ASSIGNMENT,2026-08-09T04:34:14+00:00,UNALLOCATED,,,,,
SLCMP1765-4602,4602,4602,583733251,2^583733251-1,STRUCTURAL_SCREEN_EXHAUSTED_PRIMALITY_UNASSIGNED,GF3A_DIRECTIONAL_WRITE_EXHAUSTED_PRIMALITY_UNASSIGNED,514,512,512,NO_RECORDED_FACTOR_PRP_OR_LL_RESULT_AND_NO_ACTIVE_GIMPS_ASSIGNMENT,2026-08-09T04:34:14+00:00,UNALLOCATED,,,,,
SLCMP1765-4603,4603,4603,583733263,2^583733263-1,STRUCTURAL_SCREEN_EXHAUSTED_PRIMALITY_UNASSIGNED,GF3A_DIRECTIONAL_WRITE_EXHAUSTED_PRIMALITY_UNASSIGNED,514,512,512,NO_RECORDED_FACTOR_PRP_OR_LL_RESULT_AND_NO_ACTIVE_GIMPS_ASSIGNMENT,2026-08-09T04:34:14+00:00,UNALLOCATED,,,,,
SLCMP1765-4604,4604,4604,583733323,2^583733323-1,STRUCTURAL_SCREEN_EXHAUSTED_PRIMALITY_UNASSIGNED,GF3A_DIRECTIONAL_WRITE_EXHAUSTED_PRIMALITY_UNASSIGNED,514,512,512,NO_RECORDED_FACTOR_PRP_OR_LL_RESULT_AND_NO_ACTIVE_GIMPS_ASSIGNMENT,2026-08-09T04:34:14+00:00,UNALLOCATED,,,,,
SLCMP1765-4605,4605,4605,583733351,2^583733351-1,STRUCTURAL_SCREEN_EXHAUSTED_PRIMALITY_UNASSIGNED,GF3A_DIRECTIONAL_WRITE_EXHAUSTED_PRIMALITY_UNASSIGNED,514,512,512,NO_RECORDED_FACTOR_PRP_OR_LL_RESULT_AND_NO_ACTIVE_GIMPS_ASSIGNMENT,2026-08-09T04:34:14+00:00,UNALLOCATED,,,,,
SLCMP1765-4606,4606,4606,583733357,2^583733357-1,STRUCTURAL_SCREEN_EXHAUSTED_PRIMALITY_UNASSIGNED,GF3A_DIRECTIONAL_WRITE_EXHAUSTED_PRIMALITY_UNASSIGNED,513,512,512,NO_RECORDED_FACTOR_PRP_OR_LL_RESULT_AND_NO_ACTIVE_GIMPS_ASSIGNMENT,2026-08-09T04:34:14+00:00,UNALLOCATED,,,,,
SLCMP1765-4607,4607,4607,583733363,2^583733363-1,STRUCTURAL_SCREEN_EXHAUSTED_PRIMALITY_UNASSIGNED,GF3A_DIRECTIONAL_WRITE_EXHAUSTED_PRIMALITY_UNASSIGNED,514,512,512,NO_RECORDED_FACTOR_PRP_OR_LL_RESULT_AND_NO_ACTIVE_GIMPS_ASSIGNMENT,2026-08-09T04:34:14+00:00,UNALLOCATED,,,,,
SLCMP1765-4608,4608,4608,583733393,2^583733393-1,STRUCTURAL_SCREEN_EXHAUSTED_PRIMALITY_UNASSIGNED,GF3A_DIRECTIONAL_WRITE_EXHAUSTED_PRIMALITY_UNASSIGNED,513,512,512,NO_RECORDED_FACTOR_PRP_OR_LL_RESULT_AND_NO_ACTIVE_GIMPS_ASSIGNMENT,2026-08-09T04:34:14+00:00,UNALLOCATED,,,,,
SLCMP1765-4609,4609,4609,583733401,2^583733401-1,STRUCTURAL_SCREEN_EXHAUSTED_PRIMALITY_UNASSIGNED,GF3A_DIRECTIONAL_WRITE_EXHAUSTED_PRIMALITY_UNASSIGNED,513,512,512,NO_RECORDED_FACTOR_PRP_OR_LL_RESULT_AND_NO_ACTIVE_GIMPS_ASSIGNMENT,2026-08-09T04:34:14+00:00,UNALLOCATED,,,,,
SLCMP1765-4610,4610,4610,583733407,2^583733407-1,STRUCTURAL_SCREEN_EXHAUSTED_PRIMALITY_UNASSIGNED,GF3A_DIRECTIONAL_WRITE_EXHAUSTED_PRIMALITY_UNASSIGNED,514,512,512,NO_RECORDED_FACTOR_PRP_OR_LL_RESULT_AND_NO_ACTIVE_GIMPS_ASSIGNMENT,2026-08-09T04:34:14+00:00,UNALLOCATED,,,,,
SLCMP1765-4611,4611,4611,583733429,2^583733429-1,STRUCTURAL_SCREEN_EXHAUSTED_PRIMALITY_UNASSIGNED,GF3A_DIRECTIONAL_WRITE_EXHAUSTED_PRIMALITY_UNASSIGNED,513,512,512,NO_RECORDED_FACTOR_PRP_OR_LL_RESULT_AND_NO_ACTIVE_GIMPS_ASSIGNMENT,2026-08-09T04:34:14+00:00,UNALLOCATED,,,,,
SLCMP1765-4612,4612,4612,583733459,2^583733459-1,STRUCTURAL_SCREEN_EXHAUSTED_PRIMALITY_UNASSIGNED,GF3A_DIRECTIONAL_WRITE_EXHAUSTED_PRIMALITY_UNASSIGNED,514,512,512,NO_RECORDED_FACTOR_PRP_OR_LL_RESULT_AND_NO_ACTIVE_GIMPS_ASSIGNMENT,2026-08-09T04:34:14+00:00,UNALLOCATED,,,,,
SLCMP1765-4613,4613,4613,583733519,2^583733519-1,STRUCTURAL_SCREEN_EXHAUSTED_PRIMALITY_UNASSIGNED,GF3A_DIRECTIONAL_WRITE_EXHAUSTED_PRIMALITY_UNASSIGNED,514,512,512,NO_RECORDED_FACTOR_PRP_OR_LL_RESULT_AND_NO_ACTIVE_GIMPS_ASSIGNMENT,2026-08-09T04:34:14+00:00,UNALLOCATED,,,,,
SLCMP1765-4614,4614,4614,583733543,2^583733543-1,STRUCTURAL_SCREEN_EXHAUSTED_PRIMALITY_UNASSIGNED,GF3A_DIRECTIONAL_WRITE_EXHAUSTED_PRIMALITY_UNASSIGNED,514,512,512,NO_RECORDED_FACTOR_PRP_OR_LL_RESULT_AND_NO_ACTIVE_GIMPS_ASSIGNMENT,2026-08-09T04:34:14+00:00,UNALLOCATED,,,,,
SLCMP1765-4615,4615,4615,583733593,2^583733593-1,STRUCTURAL_SCREEN_EXHAUSTED_PRIMALITY_UNASSIGNED,GF3A_DIRECTIONAL_WRITE_EXHAUSTED_PRIMALITY_UNASSIGNED,513,512,512,NO_RECORDED_FACTOR_PRP_OR_LL_RESULT_AND_NO_ACTIVE_GIMPS_ASSIGNMENT,2026-08-09T04:34:14+00:00,UNALLOCATED,,,,,
SLCMP1765-4616,4616,4616,583733597,2^583733597-1,STRUCTURAL_SCREEN_EXHAUSTED_PRIMALITY_UNASSIGNED,GF3A_DIRECTIONAL_WRITE_EXHAUSTED_PRIMALITY_UNASSIGNED,513,512,512,NO_RECORDED_FACTOR_PRP_OR_LL_RESULT_AND_NO_ACTIVE_GIMPS_ASSIGNMENT,2026-08-09T04:34:14+00:00,UNALLOCATED,,,,,
SLCMP1765-4617,4617,4617,583733611,2^583733611-1,STRUCTURAL_SCREEN_EXHAUSTED_PRIMALITY_UNASSIGNED,GF3A_DIRECTIONAL_WRITE_EXHAUSTED_PRIMALITY_UNASSIGNED,514,512,512,NO_RECORDED_FACTOR_PRP_OR_LL_RESULT_AND_NO_ACTIVE_GIMPS_ASSIGNMENT,2026-08-09T04:34:14+00:00,UNALLOCATED,,,,,
SLCMP1765-4618,4618,4618,583733617,2^583733617-1,STRUCTURAL_SCREEN_EXHAUSTED_PRIMALITY_UNASSIGNED,GF3A_DIRECTIONAL_WRITE_EXHAUSTED_PRIMALITY_UNASSIGNED,513,512,512,NO_RECORDED_FACTOR_PRP_OR_LL_RESULT_AND_NO_ACTIVE_GIMPS_ASSIGNMENT,2026-08-09T04:34:14+00:00,UNALLOCATED,,,,,
SLCMP1765-4619,4619,4619,583733653,2^583733653-1,STRUCTURAL_SCREEN_EXHAUSTED_PRIMALITY_UNASSIGNED,GF3A_DIRECTIONAL_WRITE_EXHAUSTED_PRIMALITY_UNASSIGNED,513,512,512,NO_RECORDED_FACTOR_PRP_OR_LL_RESULT_AND_NO_ACTIVE_GIMPS_ASSIGNMENT,2026-08-09T04:34:14+00:00,UNALLOCATED,,,,,
SLCMP1765-4620,4620,4620,583733803,2^583733803-1,STRUCTURAL_SCREEN_EXHAUSTED_PRIMALITY_UNASSIGNED,GF3A_DIRECTIONAL_WRITE_EXHAUSTED_PRIMALITY_UNASSIGNED,514,512,512,NO_RECORDED_FACTOR_PRP_OR_LL_RESULT_AND_NO_ACTIVE_GIMPS_ASSIGNMENT,2026-08-09T04:34:14+00:00,UNALLOCATED,,,,,
SLCMP1765-4621,4621,4621,583733849,2^583733849-1,STRUCTURAL_SCREEN_EXHAUSTED_PRIMALITY_UNASSIGNED,GF3A_DIRECTIONAL_WRITE_EXHAUSTED_PRIMALITY_UNASSIGNED,513,512,512,NO_RECORDED_FACTOR_PRP_OR_LL_RESULT_AND_NO_ACTIVE_GIMPS_ASSIGNMENT,2026-08-09T04:34:14+00:00,UNALLOCATED,,,,,
SLCMP1765-4622,4622,4622,583733863,2^583733863-1,STRUCTURAL_SCREEN_EXHAUSTED_PRIMALITY_UNASSIGNED,GF3A_DIRECTIONAL_WRITE_EXHAUSTED_PRIMALITY_UNASSIGNED,514,512,512,NO_RECORDED_FACTOR_PRP_OR_LL_RESULT_AND_NO_ACTIVE_GIMPS_ASSIGNMENT,2026-08-09T04:34:14+00:00,UNALLOCATED,,,,,
SLCMP1765-4623,4623,4623,583733893,2^583733893-1,STRUCTURAL_SCREEN_EXHAUSTED_PRIMALITY_UNASSIGNED,GF3A_DIRECTIONAL_WRITE_EXHAUSTED_PRIMALITY_UNASSIGNED,513,512,512,NO_RECORDED_FACTOR_PRP_OR_LL_RESULT_AND_NO_ACTIVE_GIMPS_ASSIGNMENT,2026-08-09T04:34:14+00:00,UNALLOCATED,,,,,
SLCMP1765-4624,4624,4624,583733911,2^583733911-1,STRUCTURAL_SCREEN_EXHAUSTED_PRIMALITY_UNASSIGNED,GF3A_DIRECTIONAL_WRITE_EXHAUSTED_PRIMALITY_UNASSIGNED,514,512,512,NO_RECORDED_FACTOR_PRP_OR_LL_RESULT_AND_NO_ACTIVE_GIMPS_ASSIGNMENT,2026-08-09T04:34:14+00:00,UNALLOCATED,,,,,
SLCMP1765-4625,4625,4625,583733929,2^583733929-1,STRUCTURAL_SCREEN_EXHAUSTED_PRIMALITY_UNASSIGNED,GF3A_DIRECTIONAL_WRITE_EXHAUSTED_PRIMALITY_UNASSIGNED,513,512,512,NO_RECORDED_FACTOR_PRP_OR_LL_RESULT_AND_NO_ACTIVE_GIMPS_ASSIGNMENT,2026-08-09T04:34:14+00:00,UNALLOCATED,,,,,
SLCMP1765-4626,4626,4626,583733957,2^583733957-1,STRUCTURAL_SCREEN_EXHAUSTED_PRIMALITY_UNASSIGNED,GF3A_DIRECTIONAL_WRITE_EXHAUSTED_PRIMALITY_UNASSIGNED,513,512,512,NO_RECORDED_FACTOR_PRP_OR_LL_RESULT_AND_NO_ACTIVE_GIMPS_ASSIGNMENT,2026-08-09T04:34:14+00:00,UNALLOCATED,,,,,
SLCMP1765-4627,4627,4627,583733959,2^583733959-1,STRUCTURAL_SCREEN_EXHAUSTED_PRIMALITY_UNASSIGNED,GF3A_DIRECTIONAL_WRITE_EXHAUSTED_PRIMALITY_UNASSIGNED,514,512,512,NO_RECORDED_FACTOR_PRP_OR_LL_RESULT_AND_NO_ACTIVE_GIMPS_ASSIGNMENT,2026-08-09T04:34:14+00:00,UNALLOCATED,,,,,
SLCMP1765-4628,4628,4628,583733963,2^583733963-1,STRUCTURAL_SCREEN_EXHAUSTED_PRIMALITY_UNASSIGNED,GF3A_DIRECTIONAL_WRITE_EXHAUSTED_PRIMALITY_UNASSIGNED,514,512,512,NO_RECORDED_FACTOR_PRP_OR_LL_RESULT_AND_NO_ACTIVE_GIMPS_ASSIGNMENT,2026-08-09T04:34:14+00:00,UNALLOCATED,,,,,
SLCMP1765-4629,4629,4629,583733977,2^583733977-1,STRUCTURAL_SCREEN_EXHAUSTED_PRIMALITY_UNASSIGNED,GF3A_DIRECTIONAL_WRITE_EXHAUSTED_PRIMALITY_UNASSIGNED,513,512,512,NO_RECORDED_FACTOR_PRP_OR_LL_RESULT_AND_NO_ACTIVE_GIMPS_ASSIGNMENT,2026-08-09T04:34:14+00:00,UNALLOCATED,,,,,
SLCMP1765-4630,4630,4630,583734029,2^583734029-1,STRUCTURAL_SCREEN_EXHAUSTED_PRIMALITY_UNASSIGNED,GF3A_DIRECTIONAL_WRITE_EXHAUSTED_PRIMALITY_UNASSIGNED,513,512,512,NO_RECORDED_FACTOR_PRP_OR_LL_RESULT_AND_NO_ACTIVE_GIMPS_ASSIGNMENT,2026-08-09T04:34:14+00:00,UNALLOCATED,,,,,
SLCMP1765-4631,4631,4631,583734143,2^583734143-1,STRUCTURAL_SCREEN_EXHAUSTED_PRIMALITY_UNASSIGNED,GF3A_DIRECTIONAL_WRITE_EXHAUSTED_PRIMALITY_UNASSIGNED,514,512,512,NO_RECORDED_FACTOR_PRP_OR_LL_RESULT_AND_NO_ACTIVE_GIMPS_ASSIGNMENT,2026-08-09T04:34:14+00:00,UNALLOCATED,,,,,
SLCMP1765-4632,4632,4632,583734191,2^583734191-1,STRUCTURAL_SCREEN_EXHAUSTED_PRIMALITY_UNASSIGNED,GF3A_DIRECTIONAL_WRITE_EXHAUSTED_PRIMALITY_UNASSIGNED,514,512,512,NO_RECORDED_FACTOR_PRP_OR_LL_RESULT_AND_NO_ACTIVE_GIMPS_ASSIGNMENT,2026-08-09T04:34:14+00:00,UNALLOCATED,,,,,
SLCMP1765-4633,4633,4633,583734223,2^583734223-1,STRUCTURAL_SCREEN_EXHAUSTED_PRIMALITY_UNASSIGNED,GF3A_DIRECTIONAL_WRITE_EXHAUSTED_PRIMALITY_UNASSIGNED,514,512,512,NO_RECORDED_FACTOR_PRP_OR_LL_RESULT_AND_NO_ACTIVE_GIMPS_ASSIGNMENT,2026-08-09T04:34:14+00:00,UNALLOCATED,,,,,
SLCMP1765-4634,4634,4634,583734233,2^583734233-1,STRUCTURAL_SCREEN_EXHAUSTED_PRIMALITY_UNASSIGNED,GF3A_DIRECTIONAL_WRITE_EXHAUSTED_PRIMALITY_UNASSIGNED,513,512,512,NO_RECORDED_FACTOR_PRP_OR_LL_RESULT_AND_NO_ACTIVE_GIMPS_ASSIGNMENT,2026-08-09T04:34:14+00:00,UNALLOCATED,,,,,
SLCMP1765-4635,4635,4635,583734241,2^583734241-1,STRUCTURAL_SCREEN_EXHAUSTED_PRIMALITY_UNASSIGNED,GF3A_DIRECTIONAL_WRITE_EXHAUSTED_PRIMALITY_UNASSIGNED,513,512,512,NO_RECORDED_FACTOR_PRP_OR_LL_RESULT_AND_NO_ACTIVE_GIMPS_ASSIGNMENT,2026-08-09T04:34:14+00:00,UNALLOCATED,,,,,
SLCMP1765-4636,4636,4636,583734293,2^583734293-1,STRUCTURAL_SCREEN_EXHAUSTED_PRIMALITY_UNASSIGNED,GF3A_DIRECTIONAL_WRITE_EXHAUSTED_PRIMALITY_UNASSIGNED,513,512,512,NO_RECORDED_FACTOR_PRP_OR_LL_RESULT_AND_NO_ACTIVE_GIMPS_ASSIGNMENT,2026-08-09T04:34:14+00:00,UNALLOCATED,,,,,
SLCMP1765-4637,4637,4637,583734299,2^583734299-1,STRUCTURAL_SCREEN_EXHAUSTED_PRIMALITY_UNASSIGNED,GF3A_DIRECTIONAL_WRITE_EXHAUSTED_PRIMALITY_UNASSIGNED,514,512,512,NO_RECORDED_FACTOR_PRP_OR_LL_RESULT_AND_NO_ACTIVE_GIMPS_ASSIGNMENT,2026-08-09T04:34:14+00:00,UNALLOCATED,,,,,
SLCMP1765-4638,4638,4638,583734337,2^583734337-1,STRUCTURAL_SCREEN_EXHAUSTED_PRIMALITY_UNASSIGNED,GF3A_DIRECTIONAL_WRITE_EXHAUSTED_PRIMALITY_UNASSIGNED,513,512,512,NO_RECORDED_FACTOR_PRP_OR_LL_RESULT_AND_NO_ACTIVE_GIMPS_ASSIGNMENT,2026-08-09T04:34:14+00:00,UNALLOCATED,,,,,
SLCMP1765-4639,4639,4639,583734373,2^583734373-1,STRUCTURAL_SCREEN_EXHAUSTED_PRIMALITY_UNASSIGNED,GF3A_DIRECTIONAL_WRITE_EXHAUSTED_PRIMALITY_UNASSIGNED,513,512,512,NO_RECORDED_FACTOR_PRP_OR_LL_RESULT_AND_NO_ACTIVE_GIMPS_ASSIGNMENT,2026-08-09T04:34:14+00:00,UNALLOCATED,,,,,
SLCMP1765-4640,4640,4640,583734467,2^583734467-1,STRUCTURAL_SCREEN_EXHAUSTED_PRIMALITY_UNASSIGNED,GF3A_DIRECTIONAL_WRITE_EXHAUSTED_PRIMALITY_UNASSIGNED,514,512,512,NO_RECORDED_FACTOR_PRP_OR_LL_RESULT_AND_NO_ACTIVE_GIMPS_ASSIGNMENT,2026-08-09T04:34:14+00:00,UNALLOCATED,,,,,
SLCMP1765-4641,4641,4641,583734583,2^583734583-1,STRUCTURAL_SCREEN_EXHAUSTED_PRIMALITY_UNASSIGNED,GF3A_DIRECTIONAL_WRITE_EXHAUSTED_PRIMALITY_UNASSIGNED,514,512,512,NO_RECORDED_FACTOR_PRP_OR_LL_RESULT_AND_NO_ACTIVE_GIMPS_ASSIGNMENT,2026-08-09T04:34:14+00:00,UNALLOCATED,,,,,
SLCMP1765-4642,4642,4642,583734703,2^583734703-1,STRUCTURAL_SCREEN_EXHAUSTED_PRIMALITY_UNASSIGNED,GF3A_DIRECTIONAL_WRITE_EXHAUSTED_PRIMALITY_UNASSIGNED,514,512,512,NO_RECORDED_FACTOR_PRP_OR_LL_RESULT_AND_NO_ACTIVE_GIMPS_ASSIGNMENT,2026-08-09T04:34:14+00:00,UNALLOCATED,,,,,
SLCMP1765-4643,4643,4643,583734709,2^583734709-1,STRUCTURAL_SCREEN_EXHAUSTED_PRIMALITY_UNASSIGNED,GF3A_DIRECTIONAL_WRITE_EXHAUSTED_PRIMALITY_UNASSIGNED,513,512,512,NO_RECORDED_FACTOR_PRP_OR_LL_RESULT_AND_NO_ACTIVE_GIMPS_ASSIGNMENT,2026-08-09T04:34:14+00:00,UNALLOCATED,,,,,
SLCMP1765-4644,4644,4644,583734737,2^583734737-1,STRUCTURAL_SCREEN_EXHAUSTED_PRIMALITY_UNASSIGNED,GF3A_DIRECTIONAL_WRITE_EXHAUSTED_PRIMALITY_UNASSIGNED,513,512,512,NO_RECORDED_FACTOR_PRP_OR_LL_RESULT_AND_NO_ACTIVE_GIMPS_ASSIGNMENT,2026-08-09T04:34:14+00:00,UNALLOCATED,,,,,
SLCMP1765-4645,4645,4645,583734751,2^583734751-1,STRUCTURAL_SCREEN_EXHAUSTED_PRIMALITY_UNASSIGNED,GF3A_DIRECTIONAL_WRITE_EXHAUSTED_PRIMALITY_UNASSIGNED,514,512,512,NO_RECORDED_FACTOR_PRP_OR_LL_RESULT_AND_NO_ACTIVE_GIMPS_ASSIGNMENT,2026-08-09T04:34:14+00:00,UNALLOCATED,,,,,
SLCMP1765-4646,4646,4646,583734769,2^583734769-1,STRUCTURAL_SCREEN_EXHAUSTED_PRIMALITY_UNASSIGNED,GF3A_DIRECTIONAL_WRITE_EXHAUSTED_PRIMALITY_UNASSIGNED,513,512,512,NO_RECORDED_FACTOR_PRP_OR_LL_RESULT_AND_NO_ACTIVE_GIMPS_ASSIGNMENT,2026-08-09T04:34:14+00:00,UNALLOCATED,,,,,
SLCMP1765-4647,4647,4647,583734839,2^583734839-1,STRUCTURAL_SCREEN_EXHAUSTED_PRIMALITY_UNASSIGNED,GF3A_DIRECTIONAL_WRITE_EXHAUSTED_PRIMALITY_UNASSIGNED,514,512,512,NO_RECORDED_FACTOR_PRP_OR_LL_RESULT_AND_NO_ACTIVE_GIMPS_ASSIGNMENT,2026-08-09T04:34:14+00:00,UNALLOCATED,,,,,
SLCMP1765-4648,4648,4648,583734857,2^583734857-1,STRUCTURAL_SCREEN_EXHAUSTED_PRIMALITY_UNASSIGNED,GF3A_DIRECTIONAL_WRITE_EXHAUSTED_PRIMALITY_UNASSIGNED,513,512,512,NO_RECORDED_FACTOR_PRP_OR_LL_RESULT_AND_NO_ACTIVE_GIMPS_ASSIGNMENT,2026-08-09T04:34:14+00:00,UNALLOCATED,,,,,
SLCMP1765-4649,4649,4649,583734919,2^583734919-1,STRUCTURAL_SCREEN_EXHAUSTED_PRIMALITY_UNASSIGNED,GF3A_DIRECTIONAL_WRITE_EXHAUSTED_PRIMALITY_UNASSIGNED,514,512,512,NO_RECORDED_FACTOR_PRP_OR_LL_RESULT_AND_NO_ACTIVE_GIMPS_ASSIGNMENT,2026-08-09T04:34:14+00:00,UNALLOCATED,,,,,
SLCMP1765-4650,4650,4650,583734947,2^583734947-1,STRUCTURAL_SCREEN_EXHAUSTED_PRIMALITY_UNASSIGNED,GF3A_DIRECTIONAL_WRITE_EXHAUSTED_PRIMALITY_UNASSIGNED,514,512,512,NO_RECORDED_FACTOR_PRP_OR_LL_RESULT_AND_NO_ACTIVE_GIMPS_ASSIGNMENT,2026-08-09T04:34:14+00:00,UNALLOCATED,,,,,
SLCMP1765-4651,4651,4651,583734959,2^583734959-1,STRUCTURAL_SCREEN_EXHAUSTED_PRIMALITY_UNASSIGNED,GF3A_DIRECTIONAL_WRITE_EXHAUSTED_PRIMALITY_UNASSIGNED,514,512,512,NO_RECORDED_FACTOR_PRP_OR_LL_RESULT_AND_NO_ACTIVE_GIMPS_ASSIGNMENT,2026-08-09T04:34:14+00:00,UNALLOCATED,,,,,
SLCMP1765-4652,4652,4652,583734961,2^583734961-1,STRUCTURAL_SCREEN_EXHAUSTED_PRIMALITY_UNASSIGNED,GF3A_DIRECTIONAL_WRITE_EXHAUSTED_PRIMALITY_UNASSIGNED,513,512,512,NO_RECORDED_FACTOR_PRP_OR_LL_RESULT_AND_NO_ACTIVE_GIMPS_ASSIGNMENT,2026-08-09T04:34:14+00:00,UNALLOCATED,,,,,
SLCMP1765-4653,4653,4653,583734979,2^583734979-1,STRUCTURAL_SCREEN_EXHAUSTED_PRIMALITY_UNASSIGNED,GF3A_DIRECTIONAL_WRITE_EXHAUSTED_PRIMALITY_UNASSIGNED,514,512,512,NO_RECORDED_FACTOR_PRP_OR_LL_RESULT_AND_NO_ACTIVE_GIMPS_ASSIGNMENT,2026-08-09T04:34:14+00:00,UNALLOCATED,,,,,
SLCMP1765-4654,4654,4654,583735127,2^583735127-1,STRUCTURAL_SCREEN_EXHAUSTED_PRIMALITY_UNASSIGNED,GF3A_DIRECTIONAL_WRITE_EXHAUSTED_PRIMALITY_UNASSIGNED,514,512,512,NO_RECORDED_FACTOR_PRP_OR_LL_RESULT_AND_NO_ACTIVE_GIMPS_ASSIGNMENT,2026-08-09T04:34:14+00:00,UNALLOCATED,,,,,
SLCMP1765-4655,4655,4655,583735129,2^583735129-1,STRUCTURAL_SCREEN_EXHAUSTED_PRIMALITY_UNASSIGNED,GF3A_DIRECTIONAL_WRITE_EXHAUSTED_PRIMALITY_UNASSIGNED,513,512,512,NO_RECORDED_FACTOR_PRP_OR_LL_RESULT_AND_NO_ACTIVE_GIMPS_ASSIGNMENT,2026-08-09T04:34:14+00:00,UNALLOCATED,,,,,
SLCMP1765-4656,4656,4656,583735181,2^583735181-1,STRUCTURAL_SCREEN_EXHAUSTED_PRIMALITY_UNASSIGNED,GF3A_DIRECTIONAL_WRITE_EXHAUSTED_PRIMALITY_UNASSIGNED,513,512,512,NO_RECORDED_FACTOR_PRP_OR_LL_RESULT_AND_NO_ACTIVE_GIMPS_ASSIGNMENT,2026-08-09T04:34:14+00:00,UNALLOCATED,,,,,
SLCMP1765-4657,4657,4657,583735219,2^583735219-1,STRUCTURAL_SCREEN_EXHAUSTED_PRIMALITY_UNASSIGNED,GF3A_DIRECTIONAL_WRITE_EXHAUSTED_PRIMALITY_UNASSIGNED,514,512,512,NO_RECORDED_FACTOR_PRP_OR_LL_RESULT_AND_NO_ACTIVE_GIMPS_ASSIGNMENT,2026-08-09T04:34:14+00:00,UNALLOCATED,,,,,
SLCMP1765-4658,4658,4658,583735283,2^583735283-1,STRUCTURAL_SCREEN_EXHAUSTED_PRIMALITY_UNASSIGNED,GF3A_DIRECTIONAL_WRITE_EXHAUSTED_PRIMALITY_UNASSIGNED,514,512,512,NO_RECORDED_FACTOR_PRP_OR_LL_RESULT_AND_NO_ACTIVE_GIMPS_ASSIGNMENT,2026-08-09T04:34:14+00:00,UNALLOCATED,,,,,
SLCMP1765-4659,4659,4659,583735351,2^583735351-1,STRUCTURAL_SCREEN_EXHAUSTED_PRIMALITY_UNASSIGNED,GF3A_DIRECTIONAL_WRITE_EXHAUSTED_PRIMALITY_UNASSIGNED,514,512,512,NO_RECORDED_FACTOR_PRP_OR_LL_RESULT_AND_NO_ACTIVE_GIMPS_ASSIGNMENT,2026-08-09T04:34:14+00:00,UNALLOCATED,,,,,
SLCMP1765-4660,4660,4660,583735387,2^583735387-1,STRUCTURAL_SCREEN_EXHAUSTED_PRIMALITY_UNASSIGNED,GF3A_DIRECTIONAL_WRITE_EXHAUSTED_PRIMALITY_UNASSIGNED,514,512,512,NO_RECORDED_FACTOR_PRP_OR_LL_RESULT_AND_NO_ACTIVE_GIMPS_ASSIGNMENT,2026-08-09T04:34:14+00:00,UNALLOCATED,,,,,
SLCMP1765-4661,4661,4661,583735429,2^583735429-1,STRUCTURAL_SCREEN_EXHAUSTED_PRIMALITY_UNASSIGNED,GF3A_DIRECTIONAL_WRITE_EXHAUSTED_PRIMALITY_UNASSIGNED,513,512,512,NO_RECORDED_FACTOR_PRP_OR_LL_RESULT_AND_NO_ACTIVE_GIMPS_ASSIGNMENT,2026-08-09T04:34:14+00:00,UNALLOCATED,,,,,
SLCMP1765-4662,4662,4662,583735447,2^583735447-1,STRUCTURAL_SCREEN_EXHAUSTED_PRIMALITY_UNASSIGNED,GF3A_DIRECTIONAL_WRITE_EXHAUSTED_PRIMALITY_UNASSIGNED,514,512,512,NO_RECORDED_FACTOR_PRP_OR_LL_RESULT_AND_NO_ACTIVE_GIMPS_ASSIGNMENT,2026-08-09T04:34:14+00:00,UNALLOCATED,,,,,
SLCMP1765-4663,4663,4663,583735463,2^583735463-1,STRUCTURAL_SCREEN_EXHAUSTED_PRIMALITY_UNASSIGNED,GF3A_DIRECTIONAL_WRITE_EXHAUSTED_PRIMALITY_UNASSIGNED,514,512,512,NO_RECORDED_FACTOR_PRP_OR_LL_RESULT_AND_NO_ACTIVE_GIMPS_ASSIGNMENT,2026-08-09T04:34:14+00:00,UNALLOCATED,,,,,
SLCMP1765-4664,4664,4664,583735543,2^583735543-1,STRUCTURAL_SCREEN_EXHAUSTED_PRIMALITY_UNASSIGNED,GF3A_DIRECTIONAL_WRITE_EXHAUSTED_PRIMALITY_UNASSIGNED,514,512,512,NO_RECORDED_FACTOR_PRP_OR_LL_RESULT_AND_NO_ACTIVE_GIMPS_ASSIGNMENT,2026-08-09T04:34:14+00:00,UNALLOCATED,,,,,
SLCMP1765-4665,4665,4665,583735547,2^583735547-1,STRUCTURAL_SCREEN_EXHAUSTED_PRIMALITY_UNASSIGNED,GF3A_DIRECTIONAL_WRITE_EXHAUSTED_PRIMALITY_UNASSIGNED,514,512,512,NO_RECORDED_FACTOR_PRP_OR_LL_RESULT_AND_NO_ACTIVE_GIMPS_ASSIGNMENT,2026-08-09T04:34:14+00:00,UNALLOCATED,,,,,
SLCMP1765-4666,4666,4666,583735567,2^583735567-1,STRUCTURAL_SCREEN_EXHAUSTED_PRIMALITY_UNASSIGNED,GF3A_DIRECTIONAL_WRITE_EXHAUSTED_PRIMALITY_UNASSIGNED,514,512,512,NO_RECORDED_FACTOR_PRP_OR_LL_RESULT_AND_NO_ACTIVE_GIMPS_ASSIGNMENT,2026-08-09T04:34:14+00:00,UNALLOCATED,,,,,
SLCMP1765-4667,4667,4667,583735589,2^583735589-1,STRUCTURAL_SCREEN_EXHAUSTED_PRIMALITY_UNASSIGNED,GF3A_DIRECTIONAL_WRITE_EXHAUSTED_PRIMALITY_UNASSIGNED,513,512,512,NO_RECORDED_FACTOR_PRP_OR_LL_RESULT_AND_NO_ACTIVE_GIMPS_ASSIGNMENT,2026-08-09T04:34:14+00:00,UNALLOCATED,,,,,
SLCMP1765-4668,4668,4668,583735591,2^583735591-1,STRUCTURAL_SCREEN_EXHAUSTED_PRIMALITY_UNASSIGNED,GF3A_DIRECTIONAL_WRITE_EXHAUSTED_PRIMALITY_UNASSIGNED,514,512,512,NO_RECORDED_FACTOR_PRP_OR_LL_RESULT_AND_NO_ACTIVE_GIMPS_ASSIGNMENT,2026-08-09T04:34:14+00:00,UNALLOCATED,,,,,
SLCMP1765-4669,4669,4669,583735627,2^583735627-1,STRUCTURAL_SCREEN_EXHAUSTED_PRIMALITY_UNASSIGNED,GF3A_DIRECTIONAL_WRITE_EXHAUSTED_PRIMALITY_UNASSIGNED,514,512,512,NO_RECORDED_FACTOR_PRP_OR_LL_RESULT_AND_NO_ACTIVE_GIMPS_ASSIGNMENT,2026-08-09T04:34:14+00:00,UNALLOCATED,,,,,
SLCMP1765-4670,4670,4670,583735703,2^583735703-1,STRUCTURAL_SCREEN_EXHAUSTED_PRIMALITY_UNASSIGNED,GF3A_DIRECTIONAL_WRITE_EXHAUSTED_PRIMALITY_UNASSIGNED,514,512,512,NO_RECORDED_FACTOR_PRP_OR_LL_RESULT_AND_NO_ACTIVE_GIMPS_ASSIGNMENT,2026-08-09T04:34:14+00:00,UNALLOCATED,,,,,
SLCMP1765-4671,4671,4671,583735771,2^583735771-1,STRUCTURAL_SCREEN_EXHAUSTED_PRIMALITY_UNASSIGNED,GF3A_DIRECTIONAL_WRITE_EXHAUSTED_PRIMALITY_UNASSIGNED,514,512,512,NO_RECORDED_FACTOR_PRP_OR_LL_RESULT_AND_NO_ACTIVE_GIMPS_ASSIGNMENT,2026-08-09T04:34:14+00:00,UNALLOCATED,,,,,
SLCMP1765-4672,4672,4672,583735811,2^583735811-1,STRUCTURAL_SCREEN_EXHAUSTED_PRIMALITY_UNASSIGNED,GF3A_DIRECTIONAL_WRITE_EXHAUSTED_PRIMALITY_UNASSIGNED,514,512,512,NO_RECORDED_FACTOR_PRP_OR_LL_RESULT_AND_NO_ACTIVE_GIMPS_ASSIGNMENT,2026-08-09T04:34:14+00:00,UNALLOCATED,,,,,
SLCMP1765-4673,4673,4673,583736033,2^583736033-1,STRUCTURAL_SCREEN_EXHAUSTED_PRIMALITY_UNASSIGNED,GF3A_DIRECTIONAL_WRITE_EXHAUSTED_PRIMALITY_UNASSIGNED,513,512,512,NO_RECORDED_FACTOR_PRP_OR_LL_RESULT_AND_NO_ACTIVE_GIMPS_ASSIGNMENT,2026-08-09T04:34:14+00:00,UNALLOCATED,,,,,
SLCMP1765-4674,4674,4674,583736071,2^583736071-1,STRUCTURAL_SCREEN_EXHAUSTED_PRIMALITY_UNASSIGNED,GF3A_DIRECTIONAL_WRITE_EXHAUSTED_PRIMALITY_UNASSIGNED,514,512,512,NO_RECORDED_FACTOR_PRP_OR_LL_RESULT_AND_NO_ACTIVE_GIMPS_ASSIGNMENT,2026-08-09T04:34:14+00:00,UNALLOCATED,,,,,
SLCMP1765-4675,4675,4675,583736119,2^583736119-1,STRUCTURAL_SCREEN_EXHAUSTED_PRIMALITY_UNASSIGNED,GF3A_DIRECTIONAL_WRITE_EXHAUSTED_PRIMALITY_UNASSIGNED,514,512,512,NO_RECORDED_FACTOR_PRP_OR_LL_RESULT_AND_NO_ACTIVE_GIMPS_ASSIGNMENT,2026-08-09T04:34:14+00:00,UNALLOCATED,,,,,
SLCMP1765-4676,4676,4676,583736143,2^583736143-1,STRUCTURAL_SCREEN_EXHAUSTED_PRIMALITY_UNASSIGNED,GF3A_DIRECTIONAL_WRITE_EXHAUSTED_PRIMALITY_UNASSIGNED,514,512,512,NO_RECORDED_FACTOR_PRP_OR_LL_RESULT_AND_NO_ACTIVE_GIMPS_ASSIGNMENT,2026-08-09T04:34:14+00:00,UNALLOCATED,,,,,
SLCMP1765-4677,4677,4677,583736243,2^583736243-1,STRUCTURAL_SCREEN_EXHAUSTED_PRIMALITY_UNASSIGNED,GF3A_DIRECTIONAL_WRITE_EXHAUSTED_PRIMALITY_UNASSIGNED,514,512,512,NO_RECORDED_FACTOR_PRP_OR_LL_RESULT_AND_NO_ACTIVE_GIMPS_ASSIGNMENT,2026-08-09T04:34:14+00:00,UNALLOCATED,,,,,
SLCMP1765-4678,4678,4678,583736317,2^583736317-1,STRUCTURAL_SCREEN_EXHAUSTED_PRIMALITY_UNASSIGNED,GF3A_DIRECTIONAL_WRITE_EXHAUSTED_PRIMALITY_UNASSIGNED,513,512,512,NO_RECORDED_FACTOR_PRP_OR_LL_RESULT_AND_NO_ACTIVE_GIMPS_ASSIGNMENT,2026-08-09T04:34:14+00:00,UNALLOCATED,,,,,
SLCMP1765-4679,4679,4679,583736347,2^583736347-1,STRUCTURAL_SCREEN_EXHAUSTED_PRIMALITY_UNASSIGNED,GF3A_DIRECTIONAL_WRITE_EXHAUSTED_PRIMALITY_UNASSIGNED,514,512,512,NO_RECORDED_FACTOR_PRP_OR_LL_RESULT_AND_NO_ACTIVE_GIMPS_ASSIGNMENT,2026-08-09T04:34:14+00:00,UNALLOCATED,,,,,
SLCMP1765-4680,4680,4680,583736359,2^583736359-1,STRUCTURAL_SCREEN_EXHAUSTED_PRIMALITY_UNASSIGNED,GF3A_DIRECTIONAL_WRITE_EXHAUSTED_PRIMALITY_UNASSIGNED,514,512,512,NO_RECORDED_FACTOR_PRP_OR_LL_RESULT_AND_NO_ACTIVE_GIMPS_ASSIGNMENT,2026-08-09T04:34:14+00:00,UNALLOCATED,,,,,
SLCMP1765-4681,4681,4681,583736423,2^583736423-1,STRUCTURAL_SCREEN_EXHAUSTED_PRIMALITY_UNASSIGNED,GF3A_DIRECTIONAL_WRITE_EXHAUSTED_PRIMALITY_UNASSIGNED,514,512,512,NO_RECORDED_FACTOR_PRP_OR_LL_RESULT_AND_NO_ACTIVE_GIMPS_ASSIGNMENT,2026-08-09T04:34:14+00:00,UNALLOCATED,,,,,
SLCMP1765-4682,4682,4682,583736473,2^583736473-1,STRUCTURAL_SCREEN_EXHAUSTED_PRIMALITY_UNASSIGNED,GF3A_DIRECTIONAL_WRITE_EXHAUSTED_PRIMALITY_UNASSIGNED,513,512,512,NO_RECORDED_FACTOR_PRP_OR_LL_RESULT_AND_NO_ACTIVE_GIMPS_ASSIGNMENT,2026-08-09T04:34:14+00:00,UNALLOCATED,,,,,
SLCMP1765-4683,4683,4683,583736537,2^583736537-1,STRUCTURAL_SCREEN_EXHAUSTED_PRIMALITY_UNASSIGNED,GF3A_DIRECTIONAL_WRITE_EXHAUSTED_PRIMALITY_UNASSIGNED,513,512,512,NO_RECORDED_FACTOR_PRP_OR_LL_RESULT_AND_NO_ACTIVE_GIMPS_ASSIGNMENT,2026-08-09T04:34:14+00:00,UNALLOCATED,,,,,
SLCMP1765-4684,4684,4684,583736539,2^583736539-1,STRUCTURAL_SCREEN_EXHAUSTED_PRIMALITY_UNASSIGNED,GF3A_DIRECTIONAL_WRITE_EXHAUSTED_PRIMALITY_UNASSIGNED,514,512,512,NO_RECORDED_FACTOR_PRP_OR_LL_RESULT_AND_NO_ACTIVE_GIMPS_ASSIGNMENT,2026-08-09T04:34:14+00:00,UNALLOCATED,,,,,
SLCMP1765-4685,4685,4685,583736561,2^583736561-1,STRUCTURAL_SCREEN_EXHAUSTED_PRIMALITY_UNASSIGNED,GF3A_DIRECTIONAL_WRITE_EXHAUSTED_PRIMALITY_UNASSIGNED,513,512,512,NO_RECORDED_FACTOR_PRP_OR_LL_RESULT_AND_NO_ACTIVE_GIMPS_ASSIGNMENT,2026-08-09T04:34:14+00:00,UNALLOCATED,,,,,
SLCMP1765-4686,4686,4686,583736581,2^583736581-1,STRUCTURAL_SCREEN_EXHAUSTED_PRIMALITY_UNASSIGNED,GF3A_DIRECTIONAL_WRITE_EXHAUSTED_PRIMALITY_UNASSIGNED,513,512,512,NO_RECORDED_FACTOR_PRP_OR_LL_RESULT_AND_NO_ACTIVE_GIMPS_ASSIGNMENT,2026-08-09T04:34:14+00:00,UNALLOCATED,,,,,
SLCMP1765-4687,4687,4687,583736719,2^583736719-1,STRUCTURAL_SCREEN_EXHAUSTED_PRIMALITY_UNASSIGNED,GF3A_DIRECTIONAL_WRITE_EXHAUSTED_PRIMALITY_UNASSIGNED,514,512,512,NO_RECORDED_FACTOR_PRP_OR_LL_RESULT_AND_NO_ACTIVE_GIMPS_ASSIGNMENT,2026-08-09T04:34:14+00:00,UNALLOCATED,,,,,
SLCMP1765-4688,4688,4688,583736927,2^583736927-1,STRUCTURAL_SCREEN_EXHAUSTED_PRIMALITY_UNASSIGNED,GF3A_DIRECTIONAL_WRITE_EXHAUSTED_PRIMALITY_UNASSIGNED,514,512,512,NO_RECORDED_FACTOR_PRP_OR_LL_RESULT_AND_NO_ACTIVE_GIMPS_ASSIGNMENT,2026-08-09T04:34:14+00:00,UNALLOCATED,,,,,
SLCMP1765-4689,4689,4689,583737013,2^583737013-1,STRUCTURAL_SCREEN_EXHAUSTED_PRIMALITY_UNASSIGNED,GF3A_DIRECTIONAL_WRITE_EXHAUSTED_PRIMALITY_UNASSIGNED,513,512,512,NO_RECORDED_FACTOR_PRP_OR_LL_RESULT_AND_NO_ACTIVE_GIMPS_ASSIGNMENT,2026-08-09T04:34:14+00:00,UNALLOCATED,,,,,
SLCMP1765-4690,4690,4690,583737029,2^583737029-1,STRUCTURAL_SCREEN_EXHAUSTED_PRIMALITY_UNASSIGNED,GF3A_DIRECTIONAL_WRITE_EXHAUSTED_PRIMALITY_UNASSIGNED,513,512,512,NO_RECORDED_FACTOR_PRP_OR_LL_RESULT_AND_NO_ACTIVE_GIMPS_ASSIGNMENT,2026-08-09T04:34:14+00:00,UNALLOCATED,,,,,
SLCMP1765-4691,4691,4691,583737059,2^583737059-1,STRUCTURAL_SCREEN_EXHAUSTED_PRIMALITY_UNASSIGNED,GF3A_DIRECTIONAL_WRITE_EXHAUSTED_PRIMALITY_UNASSIGNED,514,512,512,NO_RECORDED_FACTOR_PRP_OR_LL_RESULT_AND_NO_ACTIVE_GIMPS_ASSIGNMENT,2026-08-09T04:34:14+00:00,UNALLOCATED,,,,,
SLCMP1765-4692,4692,4692,583737107,2^583737107-1,STRUCTURAL_SCREEN_EXHAUSTED_PRIMALITY_UNASSIGNED,GF3A_DIRECTIONAL_WRITE_EXHAUSTED_PRIMALITY_UNASSIGNED,514,512,512,NO_RECORDED_FACTOR_PRP_OR_LL_RESULT_AND_NO_ACTIVE_GIMPS_ASSIGNMENT,2026-08-09T04:34:14+00:00,UNALLOCATED,,,,,
SLCMP1765-4693,4693,4693,583737199,2^583737199-1,STRUCTURAL_SCREEN_EXHAUSTED_PRIMALITY_UNASSIGNED,GF3A_DIRECTIONAL_WRITE_EXHAUSTED_PRIMALITY_UNASSIGNED,514,512,512,NO_RECORDED_FACTOR_PRP_OR_LL_RESULT_AND_NO_ACTIVE_GIMPS_ASSIGNMENT,2026-08-09T04:34:14+00:00,UNALLOCATED,,,,,
SLCMP1765-4694,4694,4694,583737229,2^583737229-1,STRUCTURAL_SCREEN_EXHAUSTED_PRIMALITY_UNASSIGNED,GF3A_DIRECTIONAL_WRITE_EXHAUSTED_PRIMALITY_UNASSIGNED,513,512,512,NO_RECORDED_FACTOR_PRP_OR_LL_RESULT_AND_NO_ACTIVE_GIMPS_ASSIGNMENT,2026-08-09T04:34:14+00:00,UNALLOCATED,,,,,
SLCMP1765-4695,4695,4695,583737353,2^583737353-1,STRUCTURAL_SCREEN_EXHAUSTED_PRIMALITY_UNASSIGNED,GF3A_DIRECTIONAL_WRITE_EXHAUSTED_PRIMALITY_UNASSIGNED,513,512,512,NO_RECORDED_FACTOR_PRP_OR_LL_RESULT_AND_NO_ACTIVE_GIMPS_ASSIGNMENT,2026-08-09T04:34:14+00:00,UNALLOCATED,,,,,
SLCMP1765-4696,4696,4696,583737613,2^583737613-1,STRUCTURAL_SCREEN_EXHAUSTED_PRIMALITY_UNASSIGNED,GF3A_DIRECTIONAL_WRITE_EXHAUSTED_PRIMALITY_UNASSIGNED,513,512,512,NO_RECORDED_FACTOR_PRP_OR_LL_RESULT_AND_NO_ACTIVE_GIMPS_ASSIGNMENT,2026-08-09T04:34:14+00:00,UNALLOCATED,,,,,
SLCMP1765-4697,4697,4697,583737617,2^583737617-1,STRUCTURAL_SCREEN_EXHAUSTED_PRIMALITY_UNASSIGNED,GF3A_DIRECTIONAL_WRITE_EXHAUSTED_PRIMALITY_UNASSIGNED,513,512,512,NO_RECORDED_FACTOR_PRP_OR_LL_RESULT_AND_NO_ACTIVE_GIMPS_ASSIGNMENT,2026-08-09T04:34:14+00:00,UNALLOCATED,,,,,
SLCMP1765-4698,4698,4698,583737659,2^583737659-1,STRUCTURAL_SCREEN_EXHAUSTED_PRIMALITY_UNASSIGNED,GF3A_DIRECTIONAL_WRITE_EXHAUSTED_PRIMALITY_UNASSIGNED,514,512,512,NO_RECORDED_FACTOR_PRP_OR_LL_RESULT_AND_NO_ACTIVE_GIMPS_ASSIGNMENT,2026-08-09T04:34:14+00:00,UNALLOCATED,,,,,
SLCMP1765-4699,4699,4699,583737689,2^583737689-1,STRUCTURAL_SCREEN_EXHAUSTED_PRIMALITY_UNASSIGNED,GF3A_DIRECTIONAL_WRITE_EXHAUSTED_PRIMALITY_UNASSIGNED,513,512,512,NO_RECORDED_FACTOR_PRP_OR_LL_RESULT_AND_NO_ACTIVE_GIMPS_ASSIGNMENT,2026-08-09T04:34:14+00:00,UNALLOCATED,,,,,
SLCMP1765-4700,4700,4700,583737767,2^583737767-1,STRUCTURAL_SCREEN_EXHAUSTED_PRIMALITY_UNASSIGNED,GF3A_DIRECTIONAL_WRITE_EXHAUSTED_PRIMALITY_UNASSIGNED,514,512,512,NO_RECORDED_FACTOR_PRP_OR_LL_RESULT_AND_NO_ACTIVE_GIMPS_ASSIGNMENT,2026-08-09T04:34:14+00:00,UNALLOCATED,,,,,
SLCMP1765-4701,4701,4701,583737841,2^583737841-1,STRUCTURAL_SCREEN_EXHAUSTED_PRIMALITY_UNASSIGNED,GF3A_DIRECTIONAL_WRITE_EXHAUSTED_PRIMALITY_UNASSIGNED,513,512,512,NO_RECORDED_FACTOR_PRP_OR_LL_RESULT_AND_NO_ACTIVE_GIMPS_ASSIGNMENT,2026-08-09T04:34:14+00:00,UNALLOCATED,,,,,
SLCMP1765-4702,4702,4702,583737877,2^583737877-1,STRUCTURAL_SCREEN_EXHAUSTED_PRIMALITY_UNASSIGNED,GF3A_DIRECTIONAL_WRITE_EXHAUSTED_PRIMALITY_UNASSIGNED,513,512,512,NO_RECORDED_FACTOR_PRP_OR_LL_RESULT_AND_NO_ACTIVE_GIMPS_ASSIGNMENT,2026-08-09T04:34:14+00:00,UNALLOCATED,,,,,
SLCMP1765-4703,4703,4703,583737941,2^583737941-1,STRUCTURAL_SCREEN_EXHAUSTED_PRIMALITY_UNASSIGNED,GF3A_DIRECTIONAL_WRITE_EXHAUSTED_PRIMALITY_UNASSIGNED,513,512,512,NO_RECORDED_FACTOR_PRP_OR_LL_RESULT_AND_NO_ACTIVE_GIMPS_ASSIGNMENT,2026-08-09T04:34:14+00:00,UNALLOCATED,,,,,
SLCMP1765-4704,4704,4704,583737983,2^583737983-1,STRUCTURAL_SCREEN_EXHAUSTED_PRIMALITY_UNASSIGNED,GF3A_DIRECTIONAL_WRITE_EXHAUSTED_PRIMALITY_UNASSIGNED,514,512,512,NO_RECORDED_FACTOR_PRP_OR_LL_RESULT_AND_NO_ACTIVE_GIMPS_ASSIGNMENT,2026-08-09T04:34:14+00:00,UNALLOCATED,,,,,
SLCMP1765-4705,4705,4705,583738063,2^583738063-1,STRUCTURAL_SCREEN_EXHAUSTED_PRIMALITY_UNASSIGNED,GF3A_DIRECTIONAL_WRITE_EXHAUSTED_PRIMALITY_UNASSIGNED,514,512,512,NO_RECORDED_FACTOR_PRP_OR_LL_RESULT_AND_NO_ACTIVE_GIMPS_ASSIGNMENT,2026-08-09T04:34:14+00:00,UNALLOCATED,,,,,
SLCMP1765-4706,4706,4706,583738151,2^583738151-1,STRUCTURAL_SCREEN_EXHAUSTED_PRIMALITY_UNASSIGNED,GF3A_DIRECTIONAL_WRITE_EXHAUSTED_PRIMALITY_UNASSIGNED,514,512,512,NO_RECORDED_FACTOR_PRP_OR_LL_RESULT_AND_NO_ACTIVE_GIMPS_ASSIGNMENT,2026-08-09T04:34:14+00:00,UNALLOCATED,,,,,
SLCMP1765-4707,4707,4707,583738193,2^583738193-1,STRUCTURAL_SCREEN_EXHAUSTED_PRIMALITY_UNASSIGNED,GF3A_DIRECTIONAL_WRITE_EXHAUSTED_PRIMALITY_UNASSIGNED,513,512,512,NO_RECORDED_FACTOR_PRP_OR_LL_RESULT_AND_NO_ACTIVE_GIMPS_ASSIGNMENT,2026-08-09T04:34:14+00:00,UNALLOCATED,,,,,
SLCMP1765-4708,4708,4708,583738217,2^583738217-1,STRUCTURAL_SCREEN_EXHAUSTED_PRIMALITY_UNASSIGNED,GF3A_DIRECTIONAL_WRITE_EXHAUSTED_PRIMALITY_UNASSIGNED,513,512,512,NO_RECORDED_FACTOR_PRP_OR_LL_RESULT_AND_NO_ACTIVE_GIMPS_ASSIGNMENT,2026-08-09T04:34:14+00:00,UNALLOCATED,,,,,
SLCMP1765-4709,4709,4709,583738241,2^583738241-1,STRUCTURAL_SCREEN_EXHAUSTED_PRIMALITY_UNASSIGNED,GF3A_DIRECTIONAL_WRITE_EXHAUSTED_PRIMALITY_UNASSIGNED,513,512,512,NO_RECORDED_FACTOR_PRP_OR_LL_RESULT_AND_NO_ACTIVE_GIMPS_ASSIGNMENT,2026-08-09T04:34:14+00:00,UNALLOCATED,,,,,
SLCMP1765-4710,4710,4710,583738301,2^583738301-1,STRUCTURAL_SCREEN_EXHAUSTED_PRIMALITY_UNASSIGNED,GF3A_DIRECTIONAL_WRITE_EXHAUSTED_PRIMALITY_UNASSIGNED,513,512,512,NO_RECORDED_FACTOR_PRP_OR_LL_RESULT_AND_NO_ACTIVE_GIMPS_ASSIGNMENT,2026-08-09T04:34:14+00:00,UNALLOCATED,,,,,
SLCMP1765-4711,4711,4711,583738369,2^583738369-1,STRUCTURAL_SCREEN_EXHAUSTED_PRIMALITY_UNASSIGNED,GF3A_DIRECTIONAL_WRITE_EXHAUSTED_PRIMALITY_UNASSIGNED,513,512,512,NO_RECORDED_FACTOR_PRP_OR_LL_RESULT_AND_NO_ACTIVE_GIMPS_ASSIGNMENT,2026-08-09T04:34:14+00:00,UNALLOCATED,,,,,
SLCMP1765-4712,4712,4712,583738417,2^583738417-1,STRUCTURAL_SCREEN_EXHAUSTED_PRIMALITY_UNASSIGNED,GF3A_DIRECTIONAL_WRITE_EXHAUSTED_PRIMALITY_UNASSIGNED,513,512,512,NO_RECORDED_FACTOR_PRP_OR_LL_RESULT_AND_NO_ACTIVE_GIMPS_ASSIGNMENT,2026-08-09T04:34:14+00:00,UNALLOCATED,,,,,
SLCMP1765-4713,4713,4713,583738471,2^583738471-1,STRUCTURAL_SCREEN_EXHAUSTED_PRIMALITY_UNASSIGNED,GF3A_DIRECTIONAL_WRITE_EXHAUSTED_PRIMALITY_UNASSIGNED,514,512,512,NO_RECORDED_FACTOR_PRP_OR_LL_RESULT_AND_NO_ACTIVE_GIMPS_ASSIGNMENT,2026-08-09T04:34:14+00:00,UNALLOCATED,,,,,
SLCMP1765-4714,4714,4714,583738483,2^583738483-1,STRUCTURAL_SCREEN_EXHAUSTED_PRIMALITY_UNASSIGNED,GF3A_DIRECTIONAL_WRITE_EXHAUSTED_PRIMALITY_UNASSIGNED,514,512,512,NO_RECORDED_FACTOR_PRP_OR_LL_RESULT_AND_NO_ACTIVE_GIMPS_ASSIGNMENT,2026-08-09T04:34:14+00:00,UNALLOCATED,,,,,
SLCMP1765-4715,4715,4715,583738549,2^583738549-1,STRUCTURAL_SCREEN_EXHAUSTED_PRIMALITY_UNASSIGNED,GF3A_DIRECTIONAL_WRITE_EXHAUSTED_PRIMALITY_UNASSIGNED,513,512,512,NO_RECORDED_FACTOR_PRP_OR_LL_RESULT_AND_NO_ACTIVE_GIMPS_ASSIGNMENT,2026-08-09T04:34:14+00:00,UNALLOCATED,,,,,
SLCMP1765-4716,4716,4716,583738613,2^583738613-1,STRUCTURAL_SCREEN_EXHAUSTED_PRIMALITY_UNASSIGNED,GF3A_DIRECTIONAL_WRITE_EXHAUSTED_PRIMALITY_UNASSIGNED,513,512,512,NO_RECORDED_FACTOR_PRP_OR_LL_RESULT_AND_NO_ACTIVE_GIMPS_ASSIGNMENT,2026-08-09T04:34:14+00:00,UNALLOCATED,,,,,
SLCMP1765-4717,4717,4717,583738657,2^583738657-1,STRUCTURAL_SCREEN_EXHAUSTED_PRIMALITY_UNASSIGNED,GF3A_DIRECTIONAL_WRITE_EXHAUSTED_PRIMALITY_UNASSIGNED,513,512,512,NO_RECORDED_FACTOR_PRP_OR_LL_RESULT_AND_NO_ACTIVE_GIMPS_ASSIGNMENT,2026-08-09T04:34:14+00:00,UNALLOCATED,,,,,
SLCMP1765-4718,4718,4718,583738681,2^583738681-1,STRUCTURAL_SCREEN_EXHAUSTED_PRIMALITY_UNASSIGNED,GF3A_DIRECTIONAL_WRITE_EXHAUSTED_PRIMALITY_UNASSIGNED,513,512,512,NO_RECORDED_FACTOR_PRP_OR_LL_RESULT_AND_NO_ACTIVE_GIMPS_ASSIGNMENT,2026-08-09T04:34:14+00:00,UNALLOCATED,,,,,
SLCMP1765-4719,4719,4719,583738721,2^583738721-1,STRUCTURAL_SCREEN_EXHAUSTED_PRIMALITY_UNASSIGNED,GF3A_DIRECTIONAL_WRITE_EXHAUSTED_PRIMALITY_UNASSIGNED,513,512,512,NO_RECORDED_FACTOR_PRP_OR_LL_RESULT_AND_NO_ACTIVE_GIMPS_ASSIGNMENT,2026-08-09T04:34:14+00:00,UNALLOCATED,,,,,
SLCMP1765-4720,4720,4720,583738747,2^583738747-1,STRUCTURAL_SCREEN_EXHAUSTED_PRIMALITY_UNASSIGNED,GF3A_DIRECTIONAL_WRITE_EXHAUSTED_PRIMALITY_UNASSIGNED,514,512,512,NO_RECORDED_FACTOR_PRP_OR_LL_RESULT_AND_NO_ACTIVE_GIMPS_ASSIGNMENT,2026-08-09T04:34:14+00:00,UNALLOCATED,,,,,
SLCMP1765-4721,4721,4721,583738891,2^583738891-1,STRUCTURAL_SCREEN_EXHAUSTED_PRIMALITY_UNASSIGNED,GF3A_DIRECTIONAL_WRITE_EXHAUSTED_PRIMALITY_UNASSIGNED,514,512,512,NO_RECORDED_FACTOR_PRP_OR_LL_RESULT_AND_NO_ACTIVE_GIMPS_ASSIGNMENT,2026-08-09T04:34:14+00:00,UNALLOCATED,,,,,
SLCMP1765-4722,4722,4722,583738901,2^583738901-1,STRUCTURAL_SCREEN_EXHAUSTED_PRIMALITY_UNASSIGNED,GF3A_DIRECTIONAL_WRITE_EXHAUSTED_PRIMALITY_UNASSIGNED,513,512,512,NO_RECORDED_FACTOR_PRP_OR_LL_RESULT_AND_NO_ACTIVE_GIMPS_ASSIGNMENT,2026-08-09T04:34:14+00:00,UNALLOCATED,,,,,
SLCMP1765-4723,4723,4723,583738913,2^583738913-1,STRUCTURAL_SCREEN_EXHAUSTED_PRIMALITY_UNASSIGNED,GF3A_DIRECTIONAL_WRITE_EXHAUSTED_PRIMALITY_UNASSIGNED,513,512,512,NO_RECORDED_FACTOR_PRP_OR_LL_RESULT_AND_NO_ACTIVE_GIMPS_ASSIGNMENT,2026-08-09T04:34:14+00:00,UNALLOCATED,,,,,
SLCMP1765-4724,4724,4724,583738933,2^583738933-1,STRUCTURAL_SCREEN_EXHAUSTED_PRIMALITY_UNASSIGNED,GF3A_DIRECTIONAL_WRITE_EXHAUSTED_PRIMALITY_UNASSIGNED,513,512,512,NO_RECORDED_FACTOR_PRP_OR_LL_RESULT_AND_NO_ACTIVE_GIMPS_ASSIGNMENT,2026-08-09T04:34:14+00:00,UNALLOCATED,,,,,
SLCMP1765-4725,4725,4725,583738963,2^583738963-1,STRUCTURAL_SCREEN_EXHAUSTED_PRIMALITY_UNASSIGNED,GF3A_DIRECTIONAL_WRITE_EXHAUSTED_PRIMALITY_UNASSIGNED,514,512,512,NO_RECORDED_FACTOR_PRP_OR_LL_RESULT_AND_NO_ACTIVE_GIMPS_ASSIGNMENT,2026-08-09T04:34:14+00:00,UNALLOCATED,,,,,
SLCMP1765-4726,4726,4726,583739077,2^583739077-1,STRUCTURAL_SCREEN_EXHAUSTED_PRIMALITY_UNASSIGNED,GF3A_DIRECTIONAL_WRITE_EXHAUSTED_PRIMALITY_UNASSIGNED,513,512,512,NO_RECORDED_FACTOR_PRP_OR_LL_RESULT_AND_NO_ACTIVE_GIMPS_ASSIGNMENT,2026-08-09T04:34:14+00:00,UNALLOCATED,,,,,
SLCMP1765-4727,4727,4727,583739087,2^583739087-1,STRUCTURAL_SCREEN_EXHAUSTED_PRIMALITY_UNASSIGNED,GF3A_DIRECTIONAL_WRITE_EXHAUSTED_PRIMALITY_UNASSIGNED,514,512,512,NO_RECORDED_FACTOR_PRP_OR_LL_RESULT_AND_NO_ACTIVE_GIMPS_ASSIGNMENT,2026-08-09T04:34:14+00:00,UNALLOCATED,,,,,
SLCMP1765-4728,4728,4728,583739089,2^583739089-1,STRUCTURAL_SCREEN_EXHAUSTED_PRIMALITY_UNASSIGNED,GF3A_DIRECTIONAL_WRITE_EXHAUSTED_PRIMALITY_UNASSIGNED,513,512,512,NO_RECORDED_FACTOR_PRP_OR_LL_RESULT_AND_NO_ACTIVE_GIMPS_ASSIGNMENT,2026-08-09T04:34:14+00:00,UNALLOCATED,,,,,
SLCMP1765-4729,4729,4729,583739161,2^583739161-1,STRUCTURAL_SCREEN_EXHAUSTED_PRIMALITY_UNASSIGNED,GF3A_DIRECTIONAL_WRITE_EXHAUSTED_PRIMALITY_UNASSIGNED,513,512,512,NO_RECORDED_FACTOR_PRP_OR_LL_RESULT_AND_NO_ACTIVE_GIMPS_ASSIGNMENT,2026-08-09T04:34:14+00:00,UNALLOCATED,,,,,
SLCMP1765-4730,4730,4730,583739239,2^583739239-1,STRUCTURAL_SCREEN_EXHAUSTED_PRIMALITY_UNASSIGNED,GF3A_DIRECTIONAL_WRITE_EXHAUSTED_PRIMALITY_UNASSIGNED,514,512,512,NO_RECORDED_FACTOR_PRP_OR_LL_RESULT_AND_NO_ACTIVE_GIMPS_ASSIGNMENT,2026-08-09T04:34:14+00:00,UNALLOCATED,,,,,
SLCMP1765-4731,4731,4731,583739339,2^583739339-1,STRUCTURAL_SCREEN_EXHAUSTED_PRIMALITY_UNASSIGNED,GF3A_DIRECTIONAL_WRITE_EXHAUSTED_PRIMALITY_UNASSIGNED,514,512,512,NO_RECORDED_FACTOR_PRP_OR_LL_RESULT_AND_NO_ACTIVE_GIMPS_ASSIGNMENT,2026-08-09T04:34:14+00:00,UNALLOCATED,,,,,
SLCMP1765-4732,4732,4732,583739411,2^583739411-1,STRUCTURAL_SCREEN_EXHAUSTED_PRIMALITY_UNASSIGNED,GF3A_DIRECTIONAL_WRITE_EXHAUSTED_PRIMALITY_UNASSIGNED,514,512,512,NO_RECORDED_FACTOR_PRP_OR_LL_RESULT_AND_NO_ACTIVE_GIMPS_ASSIGNMENT,2026-08-09T04:34:14+00:00,UNALLOCATED,,,,,
SLCMP1765-4733,4733,4733,583739459,2^583739459-1,STRUCTURAL_SCREEN_EXHAUSTED_PRIMALITY_UNASSIGNED,GF3A_DIRECTIONAL_WRITE_EXHAUSTED_PRIMALITY_UNASSIGNED,514,512,512,NO_RECORDED_FACTOR_PRP_OR_LL_RESULT_AND_NO_ACTIVE_GIMPS_ASSIGNMENT,2026-08-09T04:34:14+00:00,UNALLOCATED,,,,,
SLCMP1765-4734,4734,4734,583739473,2^583739473-1,STRUCTURAL_SCREEN_EXHAUSTED_PRIMALITY_UNASSIGNED,GF3A_DIRECTIONAL_WRITE_EXHAUSTED_PRIMALITY_UNASSIGNED,513,512,512,NO_RECORDED_FACTOR_PRP_OR_LL_RESULT_AND_NO_ACTIVE_GIMPS_ASSIGNMENT,2026-08-09T04:34:14+00:00,UNALLOCATED,,,,,
SLCMP1765-4735,4735,4735,583739477,2^583739477-1,STRUCTURAL_SCREEN_EXHAUSTED_PRIMALITY_UNASSIGNED,GF3A_DIRECTIONAL_WRITE_EXHAUSTED_PRIMALITY_UNASSIGNED,513,512,512,NO_RECORDED_FACTOR_PRP_OR_LL_RESULT_AND_NO_ACTIVE_GIMPS_ASSIGNMENT,2026-08-09T04:34:14+00:00,UNALLOCATED,,,,,
SLCMP1765-4736,4736,4736,583739503,2^583739503-1,STRUCTURAL_SCREEN_EXHAUSTED_PRIMALITY_UNASSIGNED,GF3A_DIRECTIONAL_WRITE_EXHAUSTED_PRIMALITY_UNASSIGNED,514,512,512,NO_RECORDED_FACTOR_PRP_OR_LL_RESULT_AND_NO_ACTIVE_GIMPS_ASSIGNMENT,2026-08-09T04:34:14+00:00,UNALLOCATED,,,,,
SLCMP1765-4737,4737,4737,583739543,2^583739543-1,STRUCTURAL_SCREEN_EXHAUSTED_PRIMALITY_UNASSIGNED,GF3A_DIRECTIONAL_WRITE_EXHAUSTED_PRIMALITY_UNASSIGNED,514,512,512,NO_RECORDED_FACTOR_PRP_OR_LL_RESULT_AND_NO_ACTIVE_GIMPS_ASSIGNMENT,2026-08-09T04:34:14+00:00,UNALLOCATED,,,,,
SLCMP1765-4738,4738,4738,583739573,2^583739573-1,STRUCTURAL_SCREEN_EXHAUSTED_PRIMALITY_UNASSIGNED,GF3A_DIRECTIONAL_WRITE_EXHAUSTED_PRIMALITY_UNASSIGNED,513,512,512,NO_RECORDED_FACTOR_PRP_OR_LL_RESULT_AND_NO_ACTIVE_GIMPS_ASSIGNMENT,2026-08-09T04:34:14+00:00,UNALLOCATED,,,,,
SLCMP1765-4739,4739,4739,583739593,2^583739593-1,STRUCTURAL_SCREEN_EXHAUSTED_PRIMALITY_UNASSIGNED,GF3A_DIRECTIONAL_WRITE_EXHAUSTED_PRIMALITY_UNASSIGNED,513,512,512,NO_RECORDED_FACTOR_PRP_OR_LL_RESULT_AND_NO_ACTIVE_GIMPS_ASSIGNMENT,2026-08-09T04:34:14+00:00,UNALLOCATED,,,,,
SLCMP1765-4740,4740,4740,583739621,2^583739621-1,STRUCTURAL_SCREEN_EXHAUSTED_PRIMALITY_UNASSIGNED,GF3A_DIRECTIONAL_WRITE_EXHAUSTED_PRIMALITY_UNASSIGNED,513,512,512,NO_RECORDED_FACTOR_PRP_OR_LL_RESULT_AND_NO_ACTIVE_GIMPS_ASSIGNMENT,2026-08-09T04:34:14+00:00,UNALLOCATED,,,,,
SLCMP1765-4741,4741,4741,583739623,2^583739623-1,STRUCTURAL_SCREEN_EXHAUSTED_PRIMALITY_UNASSIGNED,GF3A_DIRECTIONAL_WRITE_EXHAUSTED_PRIMALITY_UNASSIGNED,514,512,512,NO_RECORDED_FACTOR_PRP_OR_LL_RESULT_AND_NO_ACTIVE_GIMPS_ASSIGNMENT,2026-08-09T04:34:14+00:00,UNALLOCATED,,,,,
SLCMP1765-4742,4742,4742,583739743,2^583739743-1,STRUCTURAL_SCREEN_EXHAUSTED_PRIMALITY_UNASSIGNED,GF3A_DIRECTIONAL_WRITE_EXHAUSTED_PRIMALITY_UNASSIGNED,514,512,512,NO_RECORDED_FACTOR_PRP_OR_LL_RESULT_AND_NO_ACTIVE_GIMPS_ASSIGNMENT,2026-08-09T04:34:14+00:00,UNALLOCATED,,,,,
SLCMP1765-4743,4743,4743,583739773,2^583739773-1,STRUCTURAL_SCREEN_EXHAUSTED_PRIMALITY_UNASSIGNED,GF3A_DIRECTIONAL_WRITE_EXHAUSTED_PRIMALITY_UNASSIGNED,513,512,512,NO_RECORDED_FACTOR_PRP_OR_LL_RESULT_AND_NO_ACTIVE_GIMPS_ASSIGNMENT,2026-08-09T04:34:14+00:00,UNALLOCATED,,,,,
SLCMP1765-4744,4744,4744,583739791,2^583739791-1,STRUCTURAL_SCREEN_EXHAUSTED_PRIMALITY_UNASSIGNED,GF3A_DIRECTIONAL_WRITE_EXHAUSTED_PRIMALITY_UNASSIGNED,514,512,512,NO_RECORDED_FACTOR_PRP_OR_LL_RESULT_AND_NO_ACTIVE_GIMPS_ASSIGNMENT,2026-08-09T04:34:14+00:00,UNALLOCATED,,,,,
SLCMP1765-4745,4745,4745,583739873,2^583739873-1,STRUCTURAL_SCREEN_EXHAUSTED_PRIMALITY_UNASSIGNED,GF3A_DIRECTIONAL_WRITE_EXHAUSTED_PRIMALITY_UNASSIGNED,513,512,512,NO_RECORDED_FACTOR_PRP_OR_LL_RESULT_AND_NO_ACTIVE_GIMPS_ASSIGNMENT,2026-08-09T04:34:14+00:00,UNALLOCATED,,,,,
SLCMP1765-4746,4746,4746,583739939,2^583739939-1,STRUCTURAL_SCREEN_EXHAUSTED_PRIMALITY_UNASSIGNED,GF3A_DIRECTIONAL_WRITE_EXHAUSTED_PRIMALITY_UNASSIGNED,514,512,512,NO_RECORDED_FACTOR_PRP_OR_LL_RESULT_AND_NO_ACTIVE_GIMPS_ASSIGNMENT,2026-08-09T04:34:14+00:00,UNALLOCATED,,,,,
SLCMP1765-4747,4747,4747,583739971,2^583739971-1,STRUCTURAL_SCREEN_EXHAUSTED_PRIMALITY_UNASSIGNED,GF3A_DIRECTIONAL_WRITE_EXHAUSTED_PRIMALITY_UNASSIGNED,514,512,512,NO_RECORDED_FACTOR_PRP_OR_LL_RESULT_AND_NO_ACTIVE_GIMPS_ASSIGNMENT,2026-08-09T04:34:14+00:00,UNALLOCATED,,,,,
SLCMP1765-4748,4748,4748,583740011,2^583740011-1,STRUCTURAL_SCREEN_EXHAUSTED_PRIMALITY_UNASSIGNED,GF3A_DIRECTIONAL_WRITE_EXHAUSTED_PRIMALITY_UNASSIGNED,514,512,512,NO_RECORDED_FACTOR_PRP_OR_LL_RESULT_AND_NO_ACTIVE_GIMPS_ASSIGNMENT,2026-08-09T04:34:14+00:00,UNALLOCATED,,,,,
SLCMP1765-4749,4749,4749,583740019,2^583740019-1,STRUCTURAL_SCREEN_EXHAUSTED_PRIMALITY_UNASSIGNED,GF3A_DIRECTIONAL_WRITE_EXHAUSTED_PRIMALITY_UNASSIGNED,514,512,512,NO_RECORDED_FACTOR_PRP_OR_LL_RESULT_AND_NO_ACTIVE_GIMPS_ASSIGNMENT,2026-08-09T04:34:14+00:00,UNALLOCATED,,,,,
SLCMP1765-4750,4750,4750,583740191,2^583740191-1,STRUCTURAL_SCREEN_EXHAUSTED_PRIMALITY_UNASSIGNED,GF3A_DIRECTIONAL_WRITE_EXHAUSTED_PRIMALITY_UNASSIGNED,514,512,512,NO_RECORDED_FACTOR_PRP_OR_LL_RESULT_AND_NO_ACTIVE_GIMPS_ASSIGNMENT,2026-08-09T04:34:14+00:00,UNALLOCATED,,,,,
SLCMP1765-4751,4751,4751,583740341,2^583740341-1,STRUCTURAL_SCREEN_EXHAUSTED_PRIMALITY_UNASSIGNED,GF3A_DIRECTIONAL_WRITE_EXHAUSTED_PRIMALITY_UNASSIGNED,513,512,512,NO_RECORDED_FACTOR_PRP_OR_LL_RESULT_AND_NO_ACTIVE_GIMPS_ASSIGNMENT,2026-08-09T04:34:14+00:00,UNALLOCATED,,,,,
SLCMP1765-4752,4752,4752,583740343,2^583740343-1,STRUCTURAL_SCREEN_EXHAUSTED_PRIMALITY_UNASSIGNED,GF3A_DIRECTIONAL_WRITE_EXHAUSTED_PRIMALITY_UNASSIGNED,514,512,512,NO_RECORDED_FACTOR_PRP_OR_LL_RESULT_AND_NO_ACTIVE_GIMPS_ASSIGNMENT,2026-08-09T04:34:14+00:00,UNALLOCATED,,,,,
SLCMP1765-4753,4753,4753,583740397,2^583740397-1,STRUCTURAL_SCREEN_EXHAUSTED_PRIMALITY_UNASSIGNED,GF3A_DIRECTIONAL_WRITE_EXHAUSTED_PRIMALITY_UNASSIGNED,513,512,512,NO_RECORDED_FACTOR_PRP_OR_LL_RESULT_AND_NO_ACTIVE_GIMPS_ASSIGNMENT,2026-08-09T04:34:14+00:00,UNALLOCATED,,,,,
SLCMP1765-4754,4754,4754,583740473,2^583740473-1,STRUCTURAL_SCREEN_EXHAUSTED_PRIMALITY_UNASSIGNED,GF3A_DIRECTIONAL_WRITE_EXHAUSTED_PRIMALITY_UNASSIGNED,513,512,512,NO_RECORDED_FACTOR_PRP_OR_LL_RESULT_AND_NO_ACTIVE_GIMPS_ASSIGNMENT,2026-08-09T04:34:14+00:00,UNALLOCATED,,,,,
SLCMP1765-4755,4755,4755,583740551,2^583740551-1,STRUCTURAL_SCREEN_EXHAUSTED_PRIMALITY_UNASSIGNED,GF3A_DIRECTIONAL_WRITE_EXHAUSTED_PRIMALITY_UNASSIGNED,514,512,512,NO_RECORDED_FACTOR_PRP_OR_LL_RESULT_AND_NO_ACTIVE_GIMPS_ASSIGNMENT,2026-08-09T04:34:14+00:00,UNALLOCATED,,,,,
SLCMP1765-4756,4756,4756,583740557,2^583740557-1,STRUCTURAL_SCREEN_EXHAUSTED_PRIMALITY_UNASSIGNED,GF3A_DIRECTIONAL_WRITE_EXHAUSTED_PRIMALITY_UNASSIGNED,513,512,512,NO_RECORDED_FACTOR_PRP_OR_LL_RESULT_AND_NO_ACTIVE_GIMPS_ASSIGNMENT,2026-08-09T04:34:14+00:00,UNALLOCATED,,,,,
SLCMP1765-4757,4757,4757,583740581,2^583740581-1,STRUCTURAL_SCREEN_EXHAUSTED_PRIMALITY_UNASSIGNED,GF3A_DIRECTIONAL_WRITE_EXHAUSTED_PRIMALITY_UNASSIGNED,513,512,512,NO_RECORDED_FACTOR_PRP_OR_LL_RESULT_AND_NO_ACTIVE_GIMPS_ASSIGNMENT,2026-08-09T04:34:14+00:00,UNALLOCATED,,,,,
SLCMP1765-4758,4758,4758,583740637,2^583740637-1,STRUCTURAL_SCREEN_EXHAUSTED_PRIMALITY_UNASSIGNED,GF3A_DIRECTIONAL_WRITE_EXHAUSTED_PRIMALITY_UNASSIGNED,513,512,512,NO_RECORDED_FACTOR_PRP_OR_LL_RESULT_AND_NO_ACTIVE_GIMPS_ASSIGNMENT,2026-08-09T04:34:14+00:00,UNALLOCATED,,,,,
SLCMP1765-4759,4759,4759,583740643,2^583740643-1,STRUCTURAL_SCREEN_EXHAUSTED_PRIMALITY_UNASSIGNED,GF3A_DIRECTIONAL_WRITE_EXHAUSTED_PRIMALITY_UNASSIGNED,514,512,512,NO_RECORDED_FACTOR_PRP_OR_LL_RESULT_AND_NO_ACTIVE_GIMPS_ASSIGNMENT,2026-08-09T04:34:14+00:00,UNALLOCATED,,,,,
SLCMP1765-4760,4760,4760,583740761,2^583740761-1,STRUCTURAL_SCREEN_EXHAUSTED_PRIMALITY_UNASSIGNED,GF3A_DIRECTIONAL_WRITE_EXHAUSTED_PRIMALITY_UNASSIGNED,513,512,512,NO_RECORDED_FACTOR_PRP_OR_LL_RESULT_AND_NO_ACTIVE_GIMPS_ASSIGNMENT,2026-08-09T04:34:14+00:00,UNALLOCATED,,,,,
SLCMP1765-4761,4761,4761,583740767,2^583740767-1,STRUCTURAL_SCREEN_EXHAUSTED_PRIMALITY_UNASSIGNED,GF3A_DIRECTIONAL_WRITE_EXHAUSTED_PRIMALITY_UNASSIGNED,514,512,512,NO_RECORDED_FACTOR_PRP_OR_LL_RESULT_AND_NO_ACTIVE_GIMPS_ASSIGNMENT,2026-08-09T04:34:14+00:00,UNALLOCATED,,,,,
SLCMP1765-4762,4762,4762,583740779,2^583740779-1,STRUCTURAL_SCREEN_EXHAUSTED_PRIMALITY_UNASSIGNED,GF3A_DIRECTIONAL_WRITE_EXHAUSTED_PRIMALITY_UNASSIGNED,514,512,512,NO_RECORDED_FACTOR_PRP_OR_LL_RESULT_AND_NO_ACTIVE_GIMPS_ASSIGNMENT,2026-08-09T04:34:14+00:00,UNALLOCATED,,,,,
SLCMP1765-4763,4763,4763,583740793,2^583740793-1,STRUCTURAL_SCREEN_EXHAUSTED_PRIMALITY_UNASSIGNED,GF3A_DIRECTIONAL_WRITE_EXHAUSTED_PRIMALITY_UNASSIGNED,513,512,512,NO_RECORDED_FACTOR_PRP_OR_LL_RESULT_AND_NO_ACTIVE_GIMPS_ASSIGNMENT,2026-08-09T04:34:14+00:00,UNALLOCATED,,,,,
SLCMP1765-4764,4764,4764,583740809,2^583740809-1,STRUCTURAL_SCREEN_EXHAUSTED_PRIMALITY_UNASSIGNED,GF3A_DIRECTIONAL_WRITE_EXHAUSTED_PRIMALITY_UNASSIGNED,513,512,512,NO_RECORDED_FACTOR_PRP_OR_LL_RESULT_AND_NO_ACTIVE_GIMPS_ASSIGNMENT,2026-08-09T04:34:14+00:00,UNALLOCATED,,,,,
SLCMP1765-4765,4765,4765,583740811,2^583740811-1,STRUCTURAL_SCREEN_EXHAUSTED_PRIMALITY_UNASSIGNED,GF3A_DIRECTIONAL_WRITE_EXHAUSTED_PRIMALITY_UNASSIGNED,514,512,512,NO_RECORDED_FACTOR_PRP_OR_LL_RESULT_AND_NO_ACTIVE_GIMPS_ASSIGNMENT,2026-08-09T04:34:14+00:00,UNALLOCATED,,,,,
SLCMP1765-4766,4766,4766,583740853,2^583740853-1,STRUCTURAL_SCREEN_EXHAUSTED_PRIMALITY_UNASSIGNED,GF3A_DIRECTIONAL_WRITE_EXHAUSTED_PRIMALITY_UNASSIGNED,513,512,512,NO_RECORDED_FACTOR_PRP_OR_LL_RESULT_AND_NO_ACTIVE_GIMPS_ASSIGNMENT,2026-08-09T04:34:14+00:00,UNALLOCATED,,,,,
SLCMP1765-4767,4767,4767,583740919,2^583740919-1,STRUCTURAL_SCREEN_EXHAUSTED_PRIMALITY_UNASSIGNED,GF3A_DIRECTIONAL_WRITE_EXHAUSTED_PRIMALITY_UNASSIGNED,514,512,512,NO_RECORDED_FACTOR_PRP_OR_LL_RESULT_AND_NO_ACTIVE_GIMPS_ASSIGNMENT,2026-08-09T04:34:14+00:00,UNALLOCATED,,,,,
SLCMP1765-4768,4768,4768,583740973,2^583740973-1,STRUCTURAL_SCREEN_EXHAUSTED_PRIMALITY_UNASSIGNED,GF3A_DIRECTIONAL_WRITE_EXHAUSTED_PRIMALITY_UNASSIGNED,513,512,512,NO_RECORDED_FACTOR_PRP_OR_LL_RESULT_AND_NO_ACTIVE_GIMPS_ASSIGNMENT,2026-08-09T04:34:14+00:00,UNALLOCATED,,,,,
SLCMP1765-4769,4769,4769,583741061,2^583741061-1,STRUCTURAL_SCREEN_EXHAUSTED_PRIMALITY_UNASSIGNED,GF3A_DIRECTIONAL_WRITE_EXHAUSTED_PRIMALITY_UNASSIGNED,513,512,512,NO_RECORDED_FACTOR_PRP_OR_LL_RESULT_AND_NO_ACTIVE_GIMPS_ASSIGNMENT,2026-08-09T04:34:14+00:00,UNALLOCATED,,,,,
SLCMP1765-4770,4770,4770,583741133,2^583741133-1,STRUCTURAL_SCREEN_EXHAUSTED_PRIMALITY_UNASSIGNED,GF3A_DIRECTIONAL_WRITE_EXHAUSTED_PRIMALITY_UNASSIGNED,513,512,512,NO_RECORDED_FACTOR_PRP_OR_LL_RESULT_AND_NO_ACTIVE_GIMPS_ASSIGNMENT,2026-08-09T04:34:14+00:00,UNALLOCATED,,,,,
SLCMP1765-4771,4771,4771,583741201,2^583741201-1,STRUCTURAL_SCREEN_EXHAUSTED_PRIMALITY_UNASSIGNED,GF3A_DIRECTIONAL_WRITE_EXHAUSTED_PRIMALITY_UNASSIGNED,513,512,512,NO_RECORDED_FACTOR_PRP_OR_LL_RESULT_AND_NO_ACTIVE_GIMPS_ASSIGNMENT,2026-08-09T04:34:14+00:00,UNALLOCATED,,,,,
SLCMP1765-4772,4772,4772,583741259,2^583741259-1,STRUCTURAL_SCREEN_EXHAUSTED_PRIMALITY_UNASSIGNED,GF3A_DIRECTIONAL_WRITE_EXHAUSTED_PRIMALITY_UNASSIGNED,514,512,512,NO_RECORDED_FACTOR_PRP_OR_LL_RESULT_AND_NO_ACTIVE_GIMPS_ASSIGNMENT,2026-08-09T04:34:14+00:00,UNALLOCATED,,,,,
SLCMP1765-4773,4773,4773,583741303,2^583741303-1,STRUCTURAL_SCREEN_EXHAUSTED_PRIMALITY_UNASSIGNED,GF3A_DIRECTIONAL_WRITE_EXHAUSTED_PRIMALITY_UNASSIGNED,514,512,512,NO_RECORDED_FACTOR_PRP_OR_LL_RESULT_AND_NO_ACTIVE_GIMPS_ASSIGNMENT,2026-08-09T04:34:14+00:00,UNALLOCATED,,,,,
SLCMP1765-4774,4774,4774,583741307,2^583741307-1,STRUCTURAL_SCREEN_EXHAUSTED_PRIMALITY_UNASSIGNED,GF3A_DIRECTIONAL_WRITE_EXHAUSTED_PRIMALITY_UNASSIGNED,514,512,512,NO_RECORDED_FACTOR_PRP_OR_LL_RESULT_AND_NO_ACTIVE_GIMPS_ASSIGNMENT,2026-08-09T04:34:14+00:00,UNALLOCATED,,,,,
SLCMP1765-4775,4775,4775,583741423,2^583741423-1,STRUCTURAL_SCREEN_EXHAUSTED_PRIMALITY_UNASSIGNED,GF3A_DIRECTIONAL_WRITE_EXHAUSTED_PRIMALITY_UNASSIGNED,514,512,512,NO_RECORDED_FACTOR_PRP_OR_LL_RESULT_AND_NO_ACTIVE_GIMPS_ASSIGNMENT,2026-08-09T04:34:14+00:00,UNALLOCATED,,,,,
SLCMP1765-4776,4776,4776,583741549,2^583741549-1,STRUCTURAL_SCREEN_EXHAUSTED_PRIMALITY_UNASSIGNED,GF3A_DIRECTIONAL_WRITE_EXHAUSTED_PRIMALITY_UNASSIGNED,513,512,512,NO_RECORDED_FACTOR_PRP_OR_LL_RESULT_AND_NO_ACTIVE_GIMPS_ASSIGNMENT,2026-08-09T04:34:14+00:00,UNALLOCATED,,,,,
SLCMP1765-4777,4777,4777,583741583,2^583741583-1,STRUCTURAL_SCREEN_EXHAUSTED_PRIMALITY_UNASSIGNED,GF3A_DIRECTIONAL_WRITE_EXHAUSTED_PRIMALITY_UNASSIGNED,514,512,512,NO_RECORDED_FACTOR_PRP_OR_LL_RESULT_AND_NO_ACTIVE_GIMPS_ASSIGNMENT,2026-08-09T04:34:14+00:00,UNALLOCATED,,,,,
SLCMP1765-4778,4778,4778,583741601,2^583741601-1,STRUCTURAL_SCREEN_EXHAUSTED_PRIMALITY_UNASSIGNED,GF3A_DIRECTIONAL_WRITE_EXHAUSTED_PRIMALITY_UNASSIGNED,513,512,512,NO_RECORDED_FACTOR_PRP_OR_LL_RESULT_AND_NO_ACTIVE_GIMPS_ASSIGNMENT,2026-08-09T04:34:14+00:00,UNALLOCATED,,,,,
SLCMP1765-4779,4779,4779,583741607,2^583741607-1,STRUCTURAL_SCREEN_EXHAUSTED_PRIMALITY_UNASSIGNED,GF3A_DIRECTIONAL_WRITE_EXHAUSTED_PRIMALITY_UNASSIGNED,514,512,512,NO_RECORDED_FACTOR_PRP_OR_LL_RESULT_AND_NO_ACTIVE_GIMPS_ASSIGNMENT,2026-08-09T04:34:14+00:00,UNALLOCATED,,,,,
SLCMP1765-4780,4780,4780,583741651,2^583741651-1,STRUCTURAL_SCREEN_EXHAUSTED_PRIMALITY_UNASSIGNED,GF3A_DIRECTIONAL_WRITE_EXHAUSTED_PRIMALITY_UNASSIGNED,514,512,512,NO_RECORDED_FACTOR_PRP_OR_LL_RESULT_AND_NO_ACTIVE_GIMPS_ASSIGNMENT,2026-08-09T04:34:14+00:00,UNALLOCATED,,,,,
SLCMP1765-4781,4781,4781,583741681,2^583741681-1,STRUCTURAL_SCREEN_EXHAUSTED_PRIMALITY_UNASSIGNED,GF3A_DIRECTIONAL_WRITE_EXHAUSTED_PRIMALITY_UNASSIGNED,513,512,512,NO_RECORDED_FACTOR_PRP_OR_LL_RESULT_AND_NO_ACTIVE_GIMPS_ASSIGNMENT,2026-08-09T04:34:14+00:00,UNALLOCATED,,,,,
SLCMP1765-4782,4782,4782,583741703,2^583741703-1,STRUCTURAL_SCREEN_EXHAUSTED_PRIMALITY_UNASSIGNED,GF3A_DIRECTIONAL_WRITE_EXHAUSTED_PRIMALITY_UNASSIGNED,514,512,512,NO_RECORDED_FACTOR_PRP_OR_LL_RESULT_AND_NO_ACTIVE_GIMPS_ASSIGNMENT,2026-08-09T04:34:14+00:00,UNALLOCATED,,,,,
SLCMP1765-4783,4783,4783,583741729,2^583741729-1,STRUCTURAL_SCREEN_EXHAUSTED_PRIMALITY_UNASSIGNED,GF3A_DIRECTIONAL_WRITE_EXHAUSTED_PRIMALITY_UNASSIGNED,513,512,512,NO_RECORDED_FACTOR_PRP_OR_LL_RESULT_AND_NO_ACTIVE_GIMPS_ASSIGNMENT,2026-08-09T04:34:14+00:00,UNALLOCATED,,,,,
SLCMP1765-4784,4784,4784,583741747,2^583741747-1,STRUCTURAL_SCREEN_EXHAUSTED_PRIMALITY_UNASSIGNED,GF3A_DIRECTIONAL_WRITE_EXHAUSTED_PRIMALITY_UNASSIGNED,514,512,512,NO_RECORDED_FACTOR_PRP_OR_LL_RESULT_AND_NO_ACTIVE_GIMPS_ASSIGNMENT,2026-08-09T04:34:14+00:00,UNALLOCATED,,,,,
SLCMP1765-4785,4785,4785,583741751,2^583741751-1,STRUCTURAL_SCREEN_EXHAUSTED_PRIMALITY_UNASSIGNED,GF3A_DIRECTIONAL_WRITE_EXHAUSTED_PRIMALITY_UNASSIGNED,514,512,512,NO_RECORDED_FACTOR_PRP_OR_LL_RESULT_AND_NO_ACTIVE_GIMPS_ASSIGNMENT,2026-08-09T04:34:14+00:00,UNALLOCATED,,,,,
SLCMP1765-4786,4786,4786,583741831,2^583741831-1,STRUCTURAL_SCREEN_EXHAUSTED_PRIMALITY_UNASSIGNED,GF3A_DIRECTIONAL_WRITE_EXHAUSTED_PRIMALITY_UNASSIGNED,514,512,512,NO_RECORDED_FACTOR_PRP_OR_LL_RESULT_AND_NO_ACTIVE_GIMPS_ASSIGNMENT,2026-08-09T04:34:14+00:00,UNALLOCATED,,,,,
SLCMP1765-4787,4787,4787,583741871,2^583741871-1,STRUCTURAL_SCREEN_EXHAUSTED_PRIMALITY_UNASSIGNED,GF3A_DIRECTIONAL_WRITE_EXHAUSTED_PRIMALITY_UNASSIGNED,514,512,512,NO_RECORDED_FACTOR_PRP_OR_LL_RESULT_AND_NO_ACTIVE_GIMPS_ASSIGNMENT,2026-08-09T04:34:14+00:00,UNALLOCATED,,,,,
SLCMP1765-4788,4788,4788,583742009,2^583742009-1,STRUCTURAL_SCREEN_EXHAUSTED_PRIMALITY_UNASSIGNED,GF3A_DIRECTIONAL_WRITE_EXHAUSTED_PRIMALITY_UNASSIGNED,513,512,512,NO_RECORDED_FACTOR_PRP_OR_LL_RESULT_AND_NO_ACTIVE_GIMPS_ASSIGNMENT,2026-08-09T04:34:14+00:00,UNALLOCATED,,,,,
SLCMP1765-4789,4789,4789,583742017,2^583742017-1,STRUCTURAL_SCREEN_EXHAUSTED_PRIMALITY_UNASSIGNED,GF3A_DIRECTIONAL_WRITE_EXHAUSTED_PRIMALITY_UNASSIGNED,513,512,512,NO_RECORDED_FACTOR_PRP_OR_LL_RESULT_AND_NO_ACTIVE_GIMPS_ASSIGNMENT,2026-08-09T04:34:14+00:00,UNALLOCATED,,,,,
SLCMP1765-4790,4790,4790,583742099,2^583742099-1,STRUCTURAL_SCREEN_EXHAUSTED_PRIMALITY_UNASSIGNED,GF3A_DIRECTIONAL_WRITE_EXHAUSTED_PRIMALITY_UNASSIGNED,514,512,512,NO_RECORDED_FACTOR_PRP_OR_LL_RESULT_AND_NO_ACTIVE_GIMPS_ASSIGNMENT,2026-08-09T04:34:14+00:00,UNALLOCATED,,,,,
SLCMP1765-4791,4791,4791,583742101,2^583742101-1,STRUCTURAL_SCREEN_EXHAUSTED_PRIMALITY_UNASSIGNED,GF3A_DIRECTIONAL_WRITE_EXHAUSTED_PRIMALITY_UNASSIGNED,513,512,512,NO_RECORDED_FACTOR_PRP_OR_LL_RESULT_AND_NO_ACTIVE_GIMPS_ASSIGNMENT,2026-08-09T04:34:14+00:00,UNALLOCATED,,,,,
SLCMP1765-4792,4792,4792,583742143,2^583742143-1,STRUCTURAL_SCREEN_EXHAUSTED_PRIMALITY_UNASSIGNED,GF3A_DIRECTIONAL_WRITE_EXHAUSTED_PRIMALITY_UNASSIGNED,514,512,512,NO_RECORDED_FACTOR_PRP_OR_LL_RESULT_AND_NO_ACTIVE_GIMPS_ASSIGNMENT,2026-08-09T04:34:14+00:00,UNALLOCATED,,,,,
SLCMP1765-4793,4793,4793,583742147,2^583742147-1,STRUCTURAL_SCREEN_EXHAUSTED_PRIMALITY_UNASSIGNED,GF3A_DIRECTIONAL_WRITE_EXHAUSTED_PRIMALITY_UNASSIGNED,514,512,512,NO_RECORDED_FACTOR_PRP_OR_LL_RESULT_AND_NO_ACTIVE_GIMPS_ASSIGNMENT,2026-08-09T04:34:14+00:00,UNALLOCATED,,,,,
SLCMP1765-4794,4794,4794,583742227,2^583742227-1,STRUCTURAL_SCREEN_EXHAUSTED_PRIMALITY_UNASSIGNED,GF3A_DIRECTIONAL_WRITE_EXHAUSTED_PRIMALITY_UNASSIGNED,514,512,512,NO_RECORDED_FACTOR_PRP_OR_LL_RESULT_AND_NO_ACTIVE_GIMPS_ASSIGNMENT,2026-08-09T04:34:14+00:00,UNALLOCATED,,,,,
SLCMP1765-4795,4795,4795,583742233,2^583742233-1,STRUCTURAL_SCREEN_EXHAUSTED_PRIMALITY_UNASSIGNED,GF3A_DIRECTIONAL_WRITE_EXHAUSTED_PRIMALITY_UNASSIGNED,513,512,512,NO_RECORDED_FACTOR_PRP_OR_LL_RESULT_AND_NO_ACTIVE_GIMPS_ASSIGNMENT,2026-08-09T04:34:14+00:00,UNALLOCATED,,,,,
SLCMP1765-4796,4796,4796,583742249,2^583742249-1,STRUCTURAL_SCREEN_EXHAUSTED_PRIMALITY_UNASSIGNED,GF3A_DIRECTIONAL_WRITE_EXHAUSTED_PRIMALITY_UNASSIGNED,513,512,512,NO_RECORDED_FACTOR_PRP_OR_LL_RESULT_AND_NO_ACTIVE_GIMPS_ASSIGNMENT,2026-08-09T04:34:14+00:00,UNALLOCATED,,,,,
SLCMP1765-4797,4797,4797,583742273,2^583742273-1,STRUCTURAL_SCREEN_EXHAUSTED_PRIMALITY_UNASSIGNED,GF3A_DIRECTIONAL_WRITE_EXHAUSTED_PRIMALITY_UNASSIGNED,513,512,512,NO_RECORDED_FACTOR_PRP_OR_LL_RESULT_AND_NO_ACTIVE_GIMPS_ASSIGNMENT,2026-08-09T04:34:14+00:00,UNALLOCATED,,,,,
SLCMP1765-4798,4798,4798,583742281,2^583742281-1,STRUCTURAL_SCREEN_EXHAUSTED_PRIMALITY_UNASSIGNED,GF3A_DIRECTIONAL_WRITE_EXHAUSTED_PRIMALITY_UNASSIGNED,513,512,512,NO_RECORDED_FACTOR_PRP_OR_LL_RESULT_AND_NO_ACTIVE_GIMPS_ASSIGNMENT,2026-08-09T04:34:14+00:00,UNALLOCATED,,,,,
SLCMP1765-4799,4799,4799,583742317,2^583742317-1,STRUCTURAL_SCREEN_EXHAUSTED_PRIMALITY_UNASSIGNED,GF3A_DIRECTIONAL_WRITE_EXHAUSTED_PRIMALITY_UNASSIGNED,513,512,512,NO_RECORDED_FACTOR_PRP_OR_LL_RESULT_AND_NO_ACTIVE_GIMPS_ASSIGNMENT,2026-08-09T04:34:14+00:00,UNALLOCATED,,,,,
SLCMP1765-4800,4800,4800,583742441,2^583742441-1,STRUCTURAL_SCREEN_EXHAUSTED_PRIMALITY_UNASSIGNED,GF3A_DIRECTIONAL_WRITE_EXHAUSTED_PRIMALITY_UNASSIGNED,513,512,512,NO_RECORDED_FACTOR_PRP_OR_LL_RESULT_AND_NO_ACTIVE_GIMPS_ASSIGNMENT,2026-08-09T04:34:14+00:00,UNALLOCATED,,,,,
SLCMP1765-4801,4801,4801,583742473,2^583742473-1,STRUCTURAL_SCREEN_EXHAUSTED_PRIMALITY_UNASSIGNED,GF3A_DIRECTIONAL_WRITE_EXHAUSTED_PRIMALITY_UNASSIGNED,513,512,512,NO_RECORDED_FACTOR_PRP_OR_LL_RESULT_AND_NO_ACTIVE_GIMPS_ASSIGNMENT,2026-08-09T04:34:14+00:00,UNALLOCATED,,,,,
SLCMP1765-4802,4802,4802,583742513,2^583742513-1,STRUCTURAL_SCREEN_EXHAUSTED_PRIMALITY_UNASSIGNED,GF3A_DIRECTIONAL_WRITE_EXHAUSTED_PRIMALITY_UNASSIGNED,513,512,512,NO_RECORDED_FACTOR_PRP_OR_LL_RESULT_AND_NO_ACTIVE_GIMPS_ASSIGNMENT,2026-08-09T04:34:14+00:00,UNALLOCATED,,,,,
SLCMP1765-4803,4803,4803,583742623,2^583742623-1,STRUCTURAL_SCREEN_EXHAUSTED_PRIMALITY_UNASSIGNED,GF3A_DIRECTIONAL_WRITE_EXHAUSTED_PRIMALITY_UNASSIGNED,514,512,512,NO_RECORDED_FACTOR_PRP_OR_LL_RESULT_AND_NO_ACTIVE_GIMPS_ASSIGNMENT,2026-08-09T04:34:14+00:00,UNALLOCATED,,,,,
SLCMP1765-4804,4804,4804,583742801,2^583742801-1,STRUCTURAL_SCREEN_EXHAUSTED_PRIMALITY_UNASSIGNED,GF3A_DIRECTIONAL_WRITE_EXHAUSTED_PRIMALITY_UNASSIGNED,513,512,512,NO_RECORDED_FACTOR_PRP_OR_LL_RESULT_AND_NO_ACTIVE_GIMPS_ASSIGNMENT,2026-08-09T04:34:14+00:00,UNALLOCATED,,,,,
SLCMP1765-4805,4805,4805,583742857,2^583742857-1,STRUCTURAL_SCREEN_EXHAUSTED_PRIMALITY_UNASSIGNED,GF3A_DIRECTIONAL_WRITE_EXHAUSTED_PRIMALITY_UNASSIGNED,513,512,512,NO_RECORDED_FACTOR_PRP_OR_LL_RESULT_AND_NO_ACTIVE_GIMPS_ASSIGNMENT,2026-08-09T04:34:14+00:00,UNALLOCATED,,,,,
SLCMP1765-4806,4806,4806,583742959,2^583742959-1,STRUCTURAL_SCREEN_EXHAUSTED_PRIMALITY_UNASSIGNED,GF3A_DIRECTIONAL_WRITE_EXHAUSTED_PRIMALITY_UNASSIGNED,514,512,512,NO_RECORDED_FACTOR_PRP_OR_LL_RESULT_AND_NO_ACTIVE_GIMPS_ASSIGNMENT,2026-08-09T04:34:14+00:00,UNALLOCATED,,,,,
SLCMP1765-4807,4807,4807,583742987,2^583742987-1,STRUCTURAL_SCREEN_EXHAUSTED_PRIMALITY_UNASSIGNED,GF3A_DIRECTIONAL_WRITE_EXHAUSTED_PRIMALITY_UNASSIGNED,514,512,512,NO_RECORDED_FACTOR_PRP_OR_LL_RESULT_AND_NO_ACTIVE_GIMPS_ASSIGNMENT,2026-08-09T04:34:14+00:00,UNALLOCATED,,,,,
SLCMP1765-4808,4808,4808,583743071,2^583743071-1,STRUCTURAL_SCREEN_EXHAUSTED_PRIMALITY_UNASSIGNED,GF3A_DIRECTIONAL_WRITE_EXHAUSTED_PRIMALITY_UNASSIGNED,514,512,512,NO_RECORDED_FACTOR_PRP_OR_LL_RESULT_AND_NO_ACTIVE_GIMPS_ASSIGNMENT,2026-08-09T04:34:14+00:00,UNALLOCATED,,,,,
SLCMP1765-4809,4809,4809,583743073,2^583743073-1,STRUCTURAL_SCREEN_EXHAUSTED_PRIMALITY_UNASSIGNED,GF3A_DIRECTIONAL_WRITE_EXHAUSTED_PRIMALITY_UNASSIGNED,513,512,512,NO_RECORDED_FACTOR_PRP_OR_LL_RESULT_AND_NO_ACTIVE_GIMPS_ASSIGNMENT,2026-08-09T04:34:14+00:00,UNALLOCATED,,,,,
SLCMP1765-4810,4810,4810,583743133,2^583743133-1,STRUCTURAL_SCREEN_EXHAUSTED_PRIMALITY_UNASSIGNED,GF3A_DIRECTIONAL_WRITE_EXHAUSTED_PRIMALITY_UNASSIGNED,513,512,512,NO_RECORDED_FACTOR_PRP_OR_LL_RESULT_AND_NO_ACTIVE_GIMPS_ASSIGNMENT,2026-08-09T04:34:14+00:00,UNALLOCATED,,,,,
SLCMP1765-4811,4811,4811,583743157,2^583743157-1,STRUCTURAL_SCREEN_EXHAUSTED_PRIMALITY_UNASSIGNED,GF3A_DIRECTIONAL_WRITE_EXHAUSTED_PRIMALITY_UNASSIGNED,513,512,512,NO_RECORDED_FACTOR_PRP_OR_LL_RESULT_AND_NO_ACTIVE_GIMPS_ASSIGNMENT,2026-08-09T04:34:14+00:00,UNALLOCATED,,,,,
SLCMP1765-4812,4812,4812,583743203,2^583743203-1,STRUCTURAL_SCREEN_EXHAUSTED_PRIMALITY_UNASSIGNED,GF3A_DIRECTIONAL_WRITE_EXHAUSTED_PRIMALITY_UNASSIGNED,514,512,512,NO_RECORDED_FACTOR_PRP_OR_LL_RESULT_AND_NO_ACTIVE_GIMPS_ASSIGNMENT,2026-08-09T04:34:14+00:00,UNALLOCATED,,,,,
SLCMP1765-4813,4813,4813,583743239,2^583743239-1,STRUCTURAL_SCREEN_EXHAUSTED_PRIMALITY_UNASSIGNED,GF3A_DIRECTIONAL_WRITE_EXHAUSTED_PRIMALITY_UNASSIGNED,514,512,512,NO_RECORDED_FACTOR_PRP_OR_LL_RESULT_AND_NO_ACTIVE_GIMPS_ASSIGNMENT,2026-08-09T04:34:14+00:00,UNALLOCATED,,,,,
SLCMP1765-4814,4814,4814,583743247,2^583743247-1,STRUCTURAL_SCREEN_EXHAUSTED_PRIMALITY_UNASSIGNED,GF3A_DIRECTIONAL_WRITE_EXHAUSTED_PRIMALITY_UNASSIGNED,514,512,512,NO_RECORDED_FACTOR_PRP_OR_LL_RESULT_AND_NO_ACTIVE_GIMPS_ASSIGNMENT,2026-08-09T04:34:14+00:00,UNALLOCATED,,,,,
SLCMP1765-4815,4815,4815,583743283,2^583743283-1,STRUCTURAL_SCREEN_EXHAUSTED_PRIMALITY_UNASSIGNED,GF3A_DIRECTIONAL_WRITE_EXHAUSTED_PRIMALITY_UNASSIGNED,514,512,512,NO_RECORDED_FACTOR_PRP_OR_LL_RESULT_AND_NO_ACTIVE_GIMPS_ASSIGNMENT,2026-08-09T04:34:14+00:00,UNALLOCATED,,,,,
SLCMP1765-4816,4816,4816,583743313,2^583743313-1,STRUCTURAL_SCREEN_EXHAUSTED_PRIMALITY_UNASSIGNED,GF3A_DIRECTIONAL_WRITE_EXHAUSTED_PRIMALITY_UNASSIGNED,513,512,512,NO_RECORDED_FACTOR_PRP_OR_LL_RESULT_AND_NO_ACTIVE_GIMPS_ASSIGNMENT,2026-08-09T04:34:14+00:00,UNALLOCATED,,,,,
SLCMP1765-4817,4817,4817,583743371,2^583743371-1,STRUCTURAL_SCREEN_EXHAUSTED_PRIMALITY_UNASSIGNED,GF3A_DIRECTIONAL_WRITE_EXHAUSTED_PRIMALITY_UNASSIGNED,514,512,512,NO_RECORDED_FACTOR_PRP_OR_LL_RESULT_AND_NO_ACTIVE_GIMPS_ASSIGNMENT,2026-08-09T04:34:14+00:00,UNALLOCATED,,,,,
SLCMP1765-4818,4818,4818,583743379,2^583743379-1,STRUCTURAL_SCREEN_EXHAUSTED_PRIMALITY_UNASSIGNED,GF3A_DIRECTIONAL_WRITE_EXHAUSTED_PRIMALITY_UNASSIGNED,514,512,512,NO_RECORDED_FACTOR_PRP_OR_LL_RESULT_AND_NO_ACTIVE_GIMPS_ASSIGNMENT,2026-08-09T04:34:14+00:00,UNALLOCATED,,,,,
SLCMP1765-4819,4819,4819,583743389,2^583743389-1,STRUCTURAL_SCREEN_EXHAUSTED_PRIMALITY_UNASSIGNED,GF3A_DIRECTIONAL_WRITE_EXHAUSTED_PRIMALITY_UNASSIGNED,513,512,512,NO_RECORDED_FACTOR_PRP_OR_LL_RESULT_AND_NO_ACTIVE_GIMPS_ASSIGNMENT,2026-08-09T04:34:14+00:00,UNALLOCATED,,,,,
SLCMP1765-4820,4820,4820,583743481,2^583743481-1,STRUCTURAL_SCREEN_EXHAUSTED_PRIMALITY_UNASSIGNED,GF3A_DIRECTIONAL_WRITE_EXHAUSTED_PRIMALITY_UNASSIGNED,513,512,512,NO_RECORDED_FACTOR_PRP_OR_LL_RESULT_AND_NO_ACTIVE_GIMPS_ASSIGNMENT,2026-08-09T04:34:14+00:00,UNALLOCATED,,,,,
SLCMP1765-4821,4821,4821,583743557,2^583743557-1,STRUCTURAL_SCREEN_EXHAUSTED_PRIMALITY_UNASSIGNED,GF3A_DIRECTIONAL_WRITE_EXHAUSTED_PRIMALITY_UNASSIGNED,513,512,512,NO_RECORDED_FACTOR_PRP_OR_LL_RESULT_AND_NO_ACTIVE_GIMPS_ASSIGNMENT,2026-08-09T04:34:14+00:00,UNALLOCATED,,,,,
SLCMP1765-4822,4822,4822,583743577,2^583743577-1,STRUCTURAL_SCREEN_EXHAUSTED_PRIMALITY_UNASSIGNED,GF3A_DIRECTIONAL_WRITE_EXHAUSTED_PRIMALITY_UNASSIGNED,513,512,512,NO_RECORDED_FACTOR_PRP_OR_LL_RESULT_AND_NO_ACTIVE_GIMPS_ASSIGNMENT,2026-08-09T04:34:14+00:00,UNALLOCATED,,,,,
SLCMP1765-4823,4823,4823,583743623,2^583743623-1,STRUCTURAL_SCREEN_EXHAUSTED_PRIMALITY_UNASSIGNED,GF3A_DIRECTIONAL_WRITE_EXHAUSTED_PRIMALITY_UNASSIGNED,514,512,512,NO_RECORDED_FACTOR_PRP_OR_LL_RESULT_AND_NO_ACTIVE_GIMPS_ASSIGNMENT,2026-08-09T04:34:14+00:00,UNALLOCATED,,,,,
SLCMP1765-4824,4824,4824,583743761,2^583743761-1,STRUCTURAL_SCREEN_EXHAUSTED_PRIMALITY_UNASSIGNED,GF3A_DIRECTIONAL_WRITE_EXHAUSTED_PRIMALITY_UNASSIGNED,513,512,512,NO_RECORDED_FACTOR_PRP_OR_LL_RESULT_AND_NO_ACTIVE_GIMPS_ASSIGNMENT,2026-08-09T04:34:14+00:00,UNALLOCATED,,,,,
SLCMP1765-4825,4825,4825,583743883,2^583743883-1,STRUCTURAL_SCREEN_EXHAUSTED_PRIMALITY_UNASSIGNED,GF3A_DIRECTIONAL_WRITE_EXHAUSTED_PRIMALITY_UNASSIGNED,514,512,512,NO_RECORDED_FACTOR_PRP_OR_LL_RESULT_AND_NO_ACTIVE_GIMPS_ASSIGNMENT,2026-08-09T04:34:14+00:00,UNALLOCATED,,,,,
SLCMP1765-4826,4826,4826,583744097,2^583744097-1,STRUCTURAL_SCREEN_EXHAUSTED_PRIMALITY_UNASSIGNED,GF3A_DIRECTIONAL_WRITE_EXHAUSTED_PRIMALITY_UNASSIGNED,513,512,512,NO_RECORDED_FACTOR_PRP_OR_LL_RESULT_AND_NO_ACTIVE_GIMPS_ASSIGNMENT,2026-08-09T04:34:14+00:00,UNALLOCATED,,,,,
SLCMP1765-4827,4827,4827,583744169,2^583744169-1,STRUCTURAL_SCREEN_EXHAUSTED_PRIMALITY_UNASSIGNED,GF3A_DIRECTIONAL_WRITE_EXHAUSTED_PRIMALITY_UNASSIGNED,513,512,512,NO_RECORDED_FACTOR_PRP_OR_LL_RESULT_AND_NO_ACTIVE_GIMPS_ASSIGNMENT,2026-08-09T04:34:14+00:00,UNALLOCATED,,,,,
SLCMP1765-4828,4828,4828,583744243,2^583744243-1,STRUCTURAL_SCREEN_EXHAUSTED_PRIMALITY_UNASSIGNED,GF3A_DIRECTIONAL_WRITE_EXHAUSTED_PRIMALITY_UNASSIGNED,514,512,512,NO_RECORDED_FACTOR_PRP_OR_LL_RESULT_AND_NO_ACTIVE_GIMPS_ASSIGNMENT,2026-08-09T04:34:14+00:00,UNALLOCATED,,,,,
SLCMP1765-4829,4829,4829,583744409,2^583744409-1,STRUCTURAL_SCREEN_EXHAUSTED_PRIMALITY_UNASSIGNED,GF3A_DIRECTIONAL_WRITE_EXHAUSTED_PRIMALITY_UNASSIGNED,513,512,512,NO_RECORDED_FACTOR_PRP_OR_LL_RESULT_AND_NO_ACTIVE_GIMPS_ASSIGNMENT,2026-08-09T04:34:14+00:00,UNALLOCATED,,,,,
SLCMP1765-4830,4830,4830,583744459,2^583744459-1,STRUCTURAL_SCREEN_EXHAUSTED_PRIMALITY_UNASSIGNED,GF3A_DIRECTIONAL_WRITE_EXHAUSTED_PRIMALITY_UNASSIGNED,514,512,512,NO_RECORDED_FACTOR_PRP_OR_LL_RESULT_AND_NO_ACTIVE_GIMPS_ASSIGNMENT,2026-08-09T04:34:14+00:00,UNALLOCATED,,,,,
SLCMP1765-4831,4831,4831,583744501,2^583744501-1,STRUCTURAL_SCREEN_EXHAUSTED_PRIMALITY_UNASSIGNED,GF3A_DIRECTIONAL_WRITE_EXHAUSTED_PRIMALITY_UNASSIGNED,513,512,512,NO_RECORDED_FACTOR_PRP_OR_LL_RESULT_AND_NO_ACTIVE_GIMPS_ASSIGNMENT,2026-08-09T04:34:14+00:00,UNALLOCATED,,,,,
SLCMP1765-4832,4832,4832,583744583,2^583744583-1,STRUCTURAL_SCREEN_EXHAUSTED_PRIMALITY_UNASSIGNED,GF3A_DIRECTIONAL_WRITE_EXHAUSTED_PRIMALITY_UNASSIGNED,514,512,512,NO_RECORDED_FACTOR_PRP_OR_LL_RESULT_AND_NO_ACTIVE_GIMPS_ASSIGNMENT,2026-08-09T04:34:14+00:00,UNALLOCATED,,,,,
SLCMP1765-4833,4833,4833,583744639,2^583744639-1,STRUCTURAL_SCREEN_EXHAUSTED_PRIMALITY_UNASSIGNED,GF3A_DIRECTIONAL_WRITE_EXHAUSTED_PRIMALITY_UNASSIGNED,514,512,512,NO_RECORDED_FACTOR_PRP_OR_LL_RESULT_AND_NO_ACTIVE_GIMPS_ASSIGNMENT,2026-08-09T04:34:14+00:00,UNALLOCATED,,,,,
SLCMP1765-4834,4834,4834,583744697,2^583744697-1,STRUCTURAL_SCREEN_EXHAUSTED_PRIMALITY_UNASSIGNED,GF3A_DIRECTIONAL_WRITE_EXHAUSTED_PRIMALITY_UNASSIGNED,513,512,512,NO_RECORDED_FACTOR_PRP_OR_LL_RESULT_AND_NO_ACTIVE_GIMPS_ASSIGNMENT,2026-08-09T04:34:14+00:00,UNALLOCATED,,,,,
SLCMP1765-4835,4835,4835,583744769,2^583744769-1,STRUCTURAL_SCREEN_EXHAUSTED_PRIMALITY_UNASSIGNED,GF3A_DIRECTIONAL_WRITE_EXHAUSTED_PRIMALITY_UNASSIGNED,513,512,512,NO_RECORDED_FACTOR_PRP_OR_LL_RESULT_AND_NO_ACTIVE_GIMPS_ASSIGNMENT,2026-08-09T04:34:14+00:00,UNALLOCATED,,,,,
SLCMP1765-4836,4836,4836,583744781,2^583744781-1,STRUCTURAL_SCREEN_EXHAUSTED_PRIMALITY_UNASSIGNED,GF3A_DIRECTIONAL_WRITE_EXHAUSTED_PRIMALITY_UNASSIGNED,513,512,512,NO_RECORDED_FACTOR_PRP_OR_LL_RESULT_AND_NO_ACTIVE_GIMPS_ASSIGNMENT,2026-08-09T04:34:14+00:00,UNALLOCATED,,,,,
SLCMP1765-4837,4837,4837,583744867,2^583744867-1,STRUCTURAL_SCREEN_EXHAUSTED_PRIMALITY_UNASSIGNED,GF3A_DIRECTIONAL_WRITE_EXHAUSTED_PRIMALITY_UNASSIGNED,514,512,512,NO_RECORDED_FACTOR_PRP_OR_LL_RESULT_AND_NO_ACTIVE_GIMPS_ASSIGNMENT,2026-08-09T04:34:14+00:00,UNALLOCATED,,,,,
SLCMP1765-4838,4838,4838,583744883,2^583744883-1,STRUCTURAL_SCREEN_EXHAUSTED_PRIMALITY_UNASSIGNED,GF3A_DIRECTIONAL_WRITE_EXHAUSTED_PRIMALITY_UNASSIGNED,514,512,512,NO_RECORDED_FACTOR_PRP_OR_LL_RESULT_AND_NO_ACTIVE_GIMPS_ASSIGNMENT,2026-08-09T04:34:14+00:00,UNALLOCATED,,,,,
SLCMP1765-4839,4839,4839,583745117,2^583745117-1,STRUCTURAL_SCREEN_EXHAUSTED_PRIMALITY_UNASSIGNED,GF3A_DIRECTIONAL_WRITE_EXHAUSTED_PRIMALITY_UNASSIGNED,513,512,512,NO_RECORDED_FACTOR_PRP_OR_LL_RESULT_AND_NO_ACTIVE_GIMPS_ASSIGNMENT,2026-08-09T04:34:14+00:00,UNALLOCATED,,,,,
SLCMP1765-4840,4840,4840,583745137,2^583745137-1,STRUCTURAL_SCREEN_EXHAUSTED_PRIMALITY_UNASSIGNED,GF3A_DIRECTIONAL_WRITE_EXHAUSTED_PRIMALITY_UNASSIGNED,513,512,512,NO_RECORDED_FACTOR_PRP_OR_LL_RESULT_AND_NO_ACTIVE_GIMPS_ASSIGNMENT,2026-08-09T04:34:14+00:00,UNALLOCATED,,,,,
SLCMP1765-4841,4841,4841,583745143,2^583745143-1,STRUCTURAL_SCREEN_EXHAUSTED_PRIMALITY_UNASSIGNED,GF3A_DIRECTIONAL_WRITE_EXHAUSTED_PRIMALITY_UNASSIGNED,514,512,512,NO_RECORDED_FACTOR_PRP_OR_LL_RESULT_AND_NO_ACTIVE_GIMPS_ASSIGNMENT,2026-08-09T04:34:14+00:00,UNALLOCATED,,,,,
SLCMP1765-4842,4842,4842,583745153,2^583745153-1,STRUCTURAL_SCREEN_EXHAUSTED_PRIMALITY_UNASSIGNED,GF3A_DIRECTIONAL_WRITE_EXHAUSTED_PRIMALITY_UNASSIGNED,513,512,512,NO_RECORDED_FACTOR_PRP_OR_LL_RESULT_AND_NO_ACTIVE_GIMPS_ASSIGNMENT,2026-08-09T04:34:14+00:00,UNALLOCATED,,,,,
SLCMP1765-4843,4843,4843,583745161,2^583745161-1,STRUCTURAL_SCREEN_EXHAUSTED_PRIMALITY_UNASSIGNED,GF3A_DIRECTIONAL_WRITE_EXHAUSTED_PRIMALITY_UNASSIGNED,513,512,512,NO_RECORDED_FACTOR_PRP_OR_LL_RESULT_AND_NO_ACTIVE_GIMPS_ASSIGNMENT,2026-08-09T04:34:14+00:00,UNALLOCATED,,,,,
SLCMP1765-4844,4844,4844,583745243,2^583745243-1,STRUCTURAL_SCREEN_EXHAUSTED_PRIMALITY_UNASSIGNED,GF3A_DIRECTIONAL_WRITE_EXHAUSTED_PRIMALITY_UNASSIGNED,514,512,512,NO_RECORDED_FACTOR_PRP_OR_LL_RESULT_AND_NO_ACTIVE_GIMPS_ASSIGNMENT,2026-08-09T04:34:14+00:00,UNALLOCATED,,,,,
SLCMP1765-4845,4845,4845,583745287,2^583745287-1,STRUCTURAL_SCREEN_EXHAUSTED_PRIMALITY_UNASSIGNED,GF3A_DIRECTIONAL_WRITE_EXHAUSTED_PRIMALITY_UNASSIGNED,514,512,512,NO_RECORDED_FACTOR_PRP_OR_LL_RESULT_AND_NO_ACTIVE_GIMPS_ASSIGNMENT,2026-08-09T04:34:14+00:00,UNALLOCATED,,,,,
SLCMP1765-4846,4846,4846,583745381,2^583745381-1,STRUCTURAL_SCREEN_EXHAUSTED_PRIMALITY_UNASSIGNED,GF3A_DIRECTIONAL_WRITE_EXHAUSTED_PRIMALITY_UNASSIGNED,513,512,512,NO_RECORDED_FACTOR_PRP_OR_LL_RESULT_AND_NO_ACTIVE_GIMPS_ASSIGNMENT,2026-08-09T04:34:14+00:00,UNALLOCATED,,,,,
SLCMP1765-4847,4847,4847,583745389,2^583745389-1,STRUCTURAL_SCREEN_EXHAUSTED_PRIMALITY_UNASSIGNED,GF3A_DIRECTIONAL_WRITE_EXHAUSTED_PRIMALITY_UNASSIGNED,513,512,512,NO_RECORDED_FACTOR_PRP_OR_LL_RESULT_AND_NO_ACTIVE_GIMPS_ASSIGNMENT,2026-08-09T04:34:14+00:00,UNALLOCATED,,,,,
SLCMP1765-4848,4848,4848,583745401,2^583745401-1,STRUCTURAL_SCREEN_EXHAUSTED_PRIMALITY_UNASSIGNED,GF3A_DIRECTIONAL_WRITE_EXHAUSTED_PRIMALITY_UNASSIGNED,513,512,512,NO_RECORDED_FACTOR_PRP_OR_LL_RESULT_AND_NO_ACTIVE_GIMPS_ASSIGNMENT,2026-08-09T04:34:14+00:00,UNALLOCATED,,,,,
SLCMP1765-4849,4849,4849,583745479,2^583745479-1,STRUCTURAL_SCREEN_EXHAUSTED_PRIMALITY_UNASSIGNED,GF3A_DIRECTIONAL_WRITE_EXHAUSTED_PRIMALITY_UNASSIGNED,514,512,512,NO_RECORDED_FACTOR_PRP_OR_LL_RESULT_AND_NO_ACTIVE_GIMPS_ASSIGNMENT,2026-08-09T04:34:14+00:00,UNALLOCATED,,,,,
SLCMP1765-4850,4850,4850,583745521,2^583745521-1,STRUCTURAL_SCREEN_EXHAUSTED_PRIMALITY_UNASSIGNED,GF3A_DIRECTIONAL_WRITE_EXHAUSTED_PRIMALITY_UNASSIGNED,513,512,512,NO_RECORDED_FACTOR_PRP_OR_LL_RESULT_AND_NO_ACTIVE_GIMPS_ASSIGNMENT,2026-08-09T04:34:14+00:00,UNALLOCATED,,,,,
SLCMP1765-4851,4851,4851,583745627,2^583745627-1,STRUCTURAL_SCREEN_EXHAUSTED_PRIMALITY_UNASSIGNED,GF3A_DIRECTIONAL_WRITE_EXHAUSTED_PRIMALITY_UNASSIGNED,514,512,512,NO_RECORDED_FACTOR_PRP_OR_LL_RESULT_AND_NO_ACTIVE_GIMPS_ASSIGNMENT,2026-08-09T04:34:14+00:00,UNALLOCATED,,,,,
SLCMP1765-4852,4852,4852,583745639,2^583745639-1,STRUCTURAL_SCREEN_EXHAUSTED_PRIMALITY_UNASSIGNED,GF3A_DIRECTIONAL_WRITE_EXHAUSTED_PRIMALITY_UNASSIGNED,514,512,512,NO_RECORDED_FACTOR_PRP_OR_LL_RESULT_AND_NO_ACTIVE_GIMPS_ASSIGNMENT,2026-08-09T04:34:14+00:00,UNALLOCATED,,,,,
SLCMP1765-4853,4853,4853,583745663,2^583745663-1,STRUCTURAL_SCREEN_EXHAUSTED_PRIMALITY_UNASSIGNED,GF3A_DIRECTIONAL_WRITE_EXHAUSTED_PRIMALITY_UNASSIGNED,514,512,512,NO_RECORDED_FACTOR_PRP_OR_LL_RESULT_AND_NO_ACTIVE_GIMPS_ASSIGNMENT,2026-08-09T04:34:14+00:00,UNALLOCATED,,,,,
SLCMP1765-4854,4854,4854,583745693,2^583745693-1,STRUCTURAL_SCREEN_EXHAUSTED_PRIMALITY_UNASSIGNED,GF3A_DIRECTIONAL_WRITE_EXHAUSTED_PRIMALITY_UNASSIGNED,513,512,512,NO_RECORDED_FACTOR_PRP_OR_LL_RESULT_AND_NO_ACTIVE_GIMPS_ASSIGNMENT,2026-08-09T04:34:14+00:00,UNALLOCATED,,,,,
SLCMP1765-4855,4855,4855,583745803,2^583745803-1,STRUCTURAL_SCREEN_EXHAUSTED_PRIMALITY_UNASSIGNED,GF3A_DIRECTIONAL_WRITE_EXHAUSTED_PRIMALITY_UNASSIGNED,514,512,512,NO_RECORDED_FACTOR_PRP_OR_LL_RESULT_AND_NO_ACTIVE_GIMPS_ASSIGNMENT,2026-08-09T04:34:14+00:00,UNALLOCATED,,,,,
SLCMP1765-4856,4856,4856,583745809,2^583745809-1,STRUCTURAL_SCREEN_EXHAUSTED_PRIMALITY_UNASSIGNED,GF3A_DIRECTIONAL_WRITE_EXHAUSTED_PRIMALITY_UNASSIGNED,513,512,512,NO_RECORDED_FACTOR_PRP_OR_LL_RESULT_AND_NO_ACTIVE_GIMPS_ASSIGNMENT,2026-08-09T04:34:14+00:00,UNALLOCATED,,,,,
SLCMP1765-4857,4857,4857,583745837,2^583745837-1,STRUCTURAL_SCREEN_EXHAUSTED_PRIMALITY_UNASSIGNED,GF3A_DIRECTIONAL_WRITE_EXHAUSTED_PRIMALITY_UNASSIGNED,513,512,512,NO_RECORDED_FACTOR_PRP_OR_LL_RESULT_AND_NO_ACTIVE_GIMPS_ASSIGNMENT,2026-08-09T04:34:14+00:00,UNALLOCATED,,,,,
SLCMP1765-4858,4858,4858,583745857,2^583745857-1,STRUCTURAL_SCREEN_EXHAUSTED_PRIMALITY_UNASSIGNED,GF3A_DIRECTIONAL_WRITE_EXHAUSTED_PRIMALITY_UNASSIGNED,513,512,512,NO_RECORDED_FACTOR_PRP_OR_LL_RESULT_AND_NO_ACTIVE_GIMPS_ASSIGNMENT,2026-08-09T04:34:14+00:00,UNALLOCATED,,,,,
SLCMP1765-4859,4859,4859,583745947,2^583745947-1,STRUCTURAL_SCREEN_EXHAUSTED_PRIMALITY_UNASSIGNED,GF3A_DIRECTIONAL_WRITE_EXHAUSTED_PRIMALITY_UNASSIGNED,514,512,512,NO_RECORDED_FACTOR_PRP_OR_LL_RESULT_AND_NO_ACTIVE_GIMPS_ASSIGNMENT,2026-08-09T04:34:14+00:00,UNALLOCATED,,,,,
SLCMP1765-4860,4860,4860,583745993,2^583745993-1,STRUCTURAL_SCREEN_EXHAUSTED_PRIMALITY_UNASSIGNED,GF3A_DIRECTIONAL_WRITE_EXHAUSTED_PRIMALITY_UNASSIGNED,513,512,512,NO_RECORDED_FACTOR_PRP_OR_LL_RESULT_AND_NO_ACTIVE_GIMPS_ASSIGNMENT,2026-08-09T04:34:14+00:00,UNALLOCATED,,,,,
SLCMP1765-4861,4861,4861,583745999,2^583745999-1,STRUCTURAL_SCREEN_EXHAUSTED_PRIMALITY_UNASSIGNED,GF3A_DIRECTIONAL_WRITE_EXHAUSTED_PRIMALITY_UNASSIGNED,514,512,512,NO_RECORDED_FACTOR_PRP_OR_LL_RESULT_AND_NO_ACTIVE_GIMPS_ASSIGNMENT,2026-08-09T04:34:14+00:00,UNALLOCATED,,,,,
SLCMP1765-4862,4862,4862,583746019,2^583746019-1,STRUCTURAL_SCREEN_EXHAUSTED_PRIMALITY_UNASSIGNED,GF3A_DIRECTIONAL_WRITE_EXHAUSTED_PRIMALITY_UNASSIGNED,514,512,512,NO_RECORDED_FACTOR_PRP_OR_LL_RESULT_AND_NO_ACTIVE_GIMPS_ASSIGNMENT,2026-08-09T04:34:14+00:00,UNALLOCATED,,,,,
SLCMP1765-4863,4863,4863,583746061,2^583746061-1,STRUCTURAL_SCREEN_EXHAUSTED_PRIMALITY_UNASSIGNED,GF3A_DIRECTIONAL_WRITE_EXHAUSTED_PRIMALITY_UNASSIGNED,513,512,512,NO_RECORDED_FACTOR_PRP_OR_LL_RESULT_AND_NO_ACTIVE_GIMPS_ASSIGNMENT,2026-08-09T04:34:14+00:00,UNALLOCATED,,,,,
SLCMP1765-4864,4864,4864,583746083,2^583746083-1,STRUCTURAL_SCREEN_EXHAUSTED_PRIMALITY_UNASSIGNED,GF3A_DIRECTIONAL_WRITE_EXHAUSTED_PRIMALITY_UNASSIGNED,514,512,512,NO_RECORDED_FACTOR_PRP_OR_LL_RESULT_AND_NO_ACTIVE_GIMPS_ASSIGNMENT,2026-08-09T04:34:14+00:00,UNALLOCATED,,,,,
SLCMP1765-4865,4865,4865,583746131,2^583746131-1,STRUCTURAL_SCREEN_EXHAUSTED_PRIMALITY_UNASSIGNED,GF3A_DIRECTIONAL_WRITE_EXHAUSTED_PRIMALITY_UNASSIGNED,514,512,512,NO_RECORDED_FACTOR_PRP_OR_LL_RESULT_AND_NO_ACTIVE_GIMPS_ASSIGNMENT,2026-08-09T04:34:14+00:00,UNALLOCATED,,,,,
SLCMP1765-4866,4866,4866,583746173,2^583746173-1,STRUCTURAL_SCREEN_EXHAUSTED_PRIMALITY_UNASSIGNED,GF3A_DIRECTIONAL_WRITE_EXHAUSTED_PRIMALITY_UNASSIGNED,513,512,512,NO_RECORDED_FACTOR_PRP_OR_LL_RESULT_AND_NO_ACTIVE_GIMPS_ASSIGNMENT,2026-08-09T04:34:14+00:00,UNALLOCATED,,,,,
SLCMP1765-4867,4867,4867,583746181,2^583746181-1,STRUCTURAL_SCREEN_EXHAUSTED_PRIMALITY_UNASSIGNED,GF3A_DIRECTIONAL_WRITE_EXHAUSTED_PRIMALITY_UNASSIGNED,513,512,512,NO_RECORDED_FACTOR_PRP_OR_LL_RESULT_AND_NO_ACTIVE_GIMPS_ASSIGNMENT,2026-08-09T04:34:14+00:00,UNALLOCATED,,,,,
SLCMP1765-4868,4868,4868,583746223,2^583746223-1,STRUCTURAL_SCREEN_EXHAUSTED_PRIMALITY_UNASSIGNED,GF3A_DIRECTIONAL_WRITE_EXHAUSTED_PRIMALITY_UNASSIGNED,514,512,512,NO_RECORDED_FACTOR_PRP_OR_LL_RESULT_AND_NO_ACTIVE_GIMPS_ASSIGNMENT,2026-08-09T04:34:14+00:00,UNALLOCATED,,,,,
SLCMP1765-4869,4869,4869,583746227,2^583746227-1,STRUCTURAL_SCREEN_EXHAUSTED_PRIMALITY_UNASSIGNED,GF3A_DIRECTIONAL_WRITE_EXHAUSTED_PRIMALITY_UNASSIGNED,514,512,512,NO_RECORDED_FACTOR_PRP_OR_LL_RESULT_AND_NO_ACTIVE_GIMPS_ASSIGNMENT,2026-08-09T04:34:14+00:00,UNALLOCATED,,,,,
SLCMP1765-4870,4870,4870,583746287,2^583746287-1,STRUCTURAL_SCREEN_EXHAUSTED_PRIMALITY_UNASSIGNED,GF3A_DIRECTIONAL_WRITE_EXHAUSTED_PRIMALITY_UNASSIGNED,514,512,512,NO_RECORDED_FACTOR_PRP_OR_LL_RESULT_AND_NO_ACTIVE_GIMPS_ASSIGNMENT,2026-08-09T04:34:14+00:00,UNALLOCATED,,,,,
SLCMP1765-4871,4871,4871,583746301,2^583746301-1,STRUCTURAL_SCREEN_EXHAUSTED_PRIMALITY_UNASSIGNED,GF3A_DIRECTIONAL_WRITE_EXHAUSTED_PRIMALITY_UNASSIGNED,513,512,512,NO_RECORDED_FACTOR_PRP_OR_LL_RESULT_AND_NO_ACTIVE_GIMPS_ASSIGNMENT,2026-08-09T04:34:14+00:00,UNALLOCATED,,,,,
SLCMP1765-4872,4872,4872,583746343,2^583746343-1,STRUCTURAL_SCREEN_EXHAUSTED_PRIMALITY_UNASSIGNED,GF3A_DIRECTIONAL_WRITE_EXHAUSTED_PRIMALITY_UNASSIGNED,514,512,512,NO_RECORDED_FACTOR_PRP_OR_LL_RESULT_AND_NO_ACTIVE_GIMPS_ASSIGNMENT,2026-08-09T04:34:14+00:00,UNALLOCATED,,,,,
SLCMP1765-4873,4873,4873,583746403,2^583746403-1,STRUCTURAL_SCREEN_EXHAUSTED_PRIMALITY_UNASSIGNED,GF3A_DIRECTIONAL_WRITE_EXHAUSTED_PRIMALITY_UNASSIGNED,514,512,512,NO_RECORDED_FACTOR_PRP_OR_LL_RESULT_AND_NO_ACTIVE_GIMPS_ASSIGNMENT,2026-08-09T04:34:14+00:00,UNALLOCATED,,,,,
SLCMP1765-4874,4874,4874,583746467,2^583746467-1,STRUCTURAL_SCREEN_EXHAUSTED_PRIMALITY_UNASSIGNED,GF3A_DIRECTIONAL_WRITE_EXHAUSTED_PRIMALITY_UNASSIGNED,514,512,512,NO_RECORDED_FACTOR_PRP_OR_LL_RESULT_AND_NO_ACTIVE_GIMPS_ASSIGNMENT,2026-08-09T04:34:14+00:00,UNALLOCATED,,,,,
SLCMP1765-4875,4875,4875,583746511,2^583746511-1,STRUCTURAL_SCREEN_EXHAUSTED_PRIMALITY_UNASSIGNED,GF3A_DIRECTIONAL_WRITE_EXHAUSTED_PRIMALITY_UNASSIGNED,514,512,512,NO_RECORDED_FACTOR_PRP_OR_LL_RESULT_AND_NO_ACTIVE_GIMPS_ASSIGNMENT,2026-08-09T04:34:14+00:00,UNALLOCATED,,,,,
SLCMP1765-4876,4876,4876,583746529,2^583746529-1,STRUCTURAL_SCREEN_EXHAUSTED_PRIMALITY_UNASSIGNED,GF3A_DIRECTIONAL_WRITE_EXHAUSTED_PRIMALITY_UNASSIGNED,513,512,512,NO_RECORDED_FACTOR_PRP_OR_LL_RESULT_AND_NO_ACTIVE_GIMPS_ASSIGNMENT,2026-08-09T04:34:14+00:00,UNALLOCATED,,,,,
SLCMP1765-4877,4877,4877,583746551,2^583746551-1,STRUCTURAL_SCREEN_EXHAUSTED_PRIMALITY_UNASSIGNED,GF3A_DIRECTIONAL_WRITE_EXHAUSTED_PRIMALITY_UNASSIGNED,514,512,512,NO_RECORDED_FACTOR_PRP_OR_LL_RESULT_AND_NO_ACTIVE_GIMPS_ASSIGNMENT,2026-08-09T04:34:14+00:00,UNALLOCATED,,,,,
SLCMP1765-4878,4878,4878,583746571,2^583746571-1,STRUCTURAL_SCREEN_EXHAUSTED_PRIMALITY_UNASSIGNED,GF3A_DIRECTIONAL_WRITE_EXHAUSTED_PRIMALITY_UNASSIGNED,514,512,512,NO_RECORDED_FACTOR_PRP_OR_LL_RESULT_AND_NO_ACTIVE_GIMPS_ASSIGNMENT,2026-08-09T04:34:14+00:00,UNALLOCATED,,,,,
SLCMP1765-4879,4879,4879,583746623,2^583746623-1,STRUCTURAL_SCREEN_EXHAUSTED_PRIMALITY_UNASSIGNED,GF3A_DIRECTIONAL_WRITE_EXHAUSTED_PRIMALITY_UNASSIGNED,514,512,512,NO_RECORDED_FACTOR_PRP_OR_LL_RESULT_AND_NO_ACTIVE_GIMPS_ASSIGNMENT,2026-08-09T04:34:14+00:00,UNALLOCATED,,,,,
SLCMP1765-4880,4880,4880,583746707,2^583746707-1,STRUCTURAL_SCREEN_EXHAUSTED_PRIMALITY_UNASSIGNED,GF3A_DIRECTIONAL_WRITE_EXHAUSTED_PRIMALITY_UNASSIGNED,514,512,512,NO_RECORDED_FACTOR_PRP_OR_LL_RESULT_AND_NO_ACTIVE_GIMPS_ASSIGNMENT,2026-08-09T04:34:14+00:00,UNALLOCATED,,,,,
SLCMP1765-4881,4881,4881,583746749,2^583746749-1,STRUCTURAL_SCREEN_EXHAUSTED_PRIMALITY_UNASSIGNED,GF3A_DIRECTIONAL_WRITE_EXHAUSTED_PRIMALITY_UNASSIGNED,513,512,512,NO_RECORDED_FACTOR_PRP_OR_LL_RESULT_AND_NO_ACTIVE_GIMPS_ASSIGNMENT,2026-08-09T04:34:14+00:00,UNALLOCATED,,,,,
SLCMP1765-4882,4882,4882,583746811,2^583746811-1,STRUCTURAL_SCREEN_EXHAUSTED_PRIMALITY_UNASSIGNED,GF3A_DIRECTIONAL_WRITE_EXHAUSTED_PRIMALITY_UNASSIGNED,514,512,512,NO_RECORDED_FACTOR_PRP_OR_LL_RESULT_AND_NO_ACTIVE_GIMPS_ASSIGNMENT,2026-08-09T04:34:14+00:00,UNALLOCATED,,,,,
SLCMP1765-4883,4883,4883,583746827,2^583746827-1,STRUCTURAL_SCREEN_EXHAUSTED_PRIMALITY_UNASSIGNED,GF3A_DIRECTIONAL_WRITE_EXHAUSTED_PRIMALITY_UNASSIGNED,514,512,512,NO_RECORDED_FACTOR_PRP_OR_LL_RESULT_AND_NO_ACTIVE_GIMPS_ASSIGNMENT,2026-08-09T04:34:14+00:00,UNALLOCATED,,,,,
SLCMP1765-4884,4884,4884,583746853,2^583746853-1,STRUCTURAL_SCREEN_EXHAUSTED_PRIMALITY_UNASSIGNED,GF3A_DIRECTIONAL_WRITE_EXHAUSTED_PRIMALITY_UNASSIGNED,513,512,512,NO_RECORDED_FACTOR_PRP_OR_LL_RESULT_AND_NO_ACTIVE_GIMPS_ASSIGNMENT,2026-08-09T04:34:14+00:00,UNALLOCATED,,,,,
SLCMP1765-4885,4885,4885,583746857,2^583746857-1,STRUCTURAL_SCREEN_EXHAUSTED_PRIMALITY_UNASSIGNED,GF3A_DIRECTIONAL_WRITE_EXHAUSTED_PRIMALITY_UNASSIGNED,513,512,512,NO_RECORDED_FACTOR_PRP_OR_LL_RESULT_AND_NO_ACTIVE_GIMPS_ASSIGNMENT,2026-08-09T04:34:14+00:00,UNALLOCATED,,,,,
SLCMP1765-4886,4886,4886,583746869,2^583746869-1,STRUCTURAL_SCREEN_EXHAUSTED_PRIMALITY_UNASSIGNED,GF3A_DIRECTIONAL_WRITE_EXHAUSTED_PRIMALITY_UNASSIGNED,513,512,512,NO_RECORDED_FACTOR_PRP_OR_LL_RESULT_AND_NO_ACTIVE_GIMPS_ASSIGNMENT,2026-08-09T04:34:14+00:00,UNALLOCATED,,,,,
SLCMP1765-4887,4887,4887,583746893,2^583746893-1,STRUCTURAL_SCREEN_EXHAUSTED_PRIMALITY_UNASSIGNED,GF3A_DIRECTIONAL_WRITE_EXHAUSTED_PRIMALITY_UNASSIGNED,513,512,512,NO_RECORDED_FACTOR_PRP_OR_LL_RESULT_AND_NO_ACTIVE_GIMPS_ASSIGNMENT,2026-08-09T04:34:14+00:00,UNALLOCATED,,,,,
SLCMP1765-4888,4888,4888,583746931,2^583746931-1,STRUCTURAL_SCREEN_EXHAUSTED_PRIMALITY_UNASSIGNED,GF3A_DIRECTIONAL_WRITE_EXHAUSTED_PRIMALITY_UNASSIGNED,514,512,512,NO_RECORDED_FACTOR_PRP_OR_LL_RESULT_AND_NO_ACTIVE_GIMPS_ASSIGNMENT,2026-08-09T04:34:14+00:00,UNALLOCATED,,,,,
SLCMP1765-4889,4889,4889,583747001,2^583747001-1,STRUCTURAL_SCREEN_EXHAUSTED_PRIMALITY_UNASSIGNED,GF3A_DIRECTIONAL_WRITE_EXHAUSTED_PRIMALITY_UNASSIGNED,513,512,512,NO_RECORDED_FACTOR_PRP_OR_LL_RESULT_AND_NO_ACTIVE_GIMPS_ASSIGNMENT,2026-08-09T04:34:14+00:00,UNALLOCATED,,,,,
SLCMP1765-4890,4890,4890,583747063,2^583747063-1,STRUCTURAL_SCREEN_EXHAUSTED_PRIMALITY_UNASSIGNED,GF3A_DIRECTIONAL_WRITE_EXHAUSTED_PRIMALITY_UNASSIGNED,514,512,512,NO_RECORDED_FACTOR_PRP_OR_LL_RESULT_AND_NO_ACTIVE_GIMPS_ASSIGNMENT,2026-08-09T04:34:14+00:00,UNALLOCATED,,,,,
SLCMP1765-4891,4891,4891,583747069,2^583747069-1,STRUCTURAL_SCREEN_EXHAUSTED_PRIMALITY_UNASSIGNED,GF3A_DIRECTIONAL_WRITE_EXHAUSTED_PRIMALITY_UNASSIGNED,513,512,512,NO_RECORDED_FACTOR_PRP_OR_LL_RESULT_AND_NO_ACTIVE_GIMPS_ASSIGNMENT,2026-08-09T04:34:14+00:00,UNALLOCATED,,,,,
SLCMP1765-4892,4892,4892,583747091,2^583747091-1,STRUCTURAL_SCREEN_EXHAUSTED_PRIMALITY_UNASSIGNED,GF3A_DIRECTIONAL_WRITE_EXHAUSTED_PRIMALITY_UNASSIGNED,514,512,512,NO_RECORDED_FACTOR_PRP_OR_LL_RESULT_AND_NO_ACTIVE_GIMPS_ASSIGNMENT,2026-08-09T04:34:14+00:00,UNALLOCATED,,,,,
SLCMP1765-4893,4893,4893,583747117,2^583747117-1,STRUCTURAL_SCREEN_EXHAUSTED_PRIMALITY_UNASSIGNED,GF3A_DIRECTIONAL_WRITE_EXHAUSTED_PRIMALITY_UNASSIGNED,513,512,512,NO_RECORDED_FACTOR_PRP_OR_LL_RESULT_AND_NO_ACTIVE_GIMPS_ASSIGNMENT,2026-08-09T04:34:14+00:00,UNALLOCATED,,,,,
SLCMP1765-4894,4894,4894,583747133,2^583747133-1,STRUCTURAL_SCREEN_EXHAUSTED_PRIMALITY_UNASSIGNED,GF3A_DIRECTIONAL_WRITE_EXHAUSTED_PRIMALITY_UNASSIGNED,513,512,512,NO_RECORDED_FACTOR_PRP_OR_LL_RESULT_AND_NO_ACTIVE_GIMPS_ASSIGNMENT,2026-08-09T04:34:14+00:00,UNALLOCATED,,,,,
SLCMP1765-4895,4895,4895,583747277,2^583747277-1,STRUCTURAL_SCREEN_EXHAUSTED_PRIMALITY_UNASSIGNED,GF3A_DIRECTIONAL_WRITE_EXHAUSTED_PRIMALITY_UNASSIGNED,513,512,512,NO_RECORDED_FACTOR_PRP_OR_LL_RESULT_AND_NO_ACTIVE_GIMPS_ASSIGNMENT,2026-08-09T04:34:14+00:00,UNALLOCATED,,,,,
SLCMP1765-4896,4896,4896,583747531,2^583747531-1,STRUCTURAL_SCREEN_EXHAUSTED_PRIMALITY_UNASSIGNED,GF3A_DIRECTIONAL_WRITE_EXHAUSTED_PRIMALITY_UNASSIGNED,514,512,512,NO_RECORDED_FACTOR_PRP_OR_LL_RESULT_AND_NO_ACTIVE_GIMPS_ASSIGNMENT,2026-08-09T04:34:14+00:00,UNALLOCATED,,,,,
SLCMP1765-4897,4897,4897,583747543,2^583747543-1,STRUCTURAL_SCREEN_EXHAUSTED_PRIMALITY_UNASSIGNED,GF3A_DIRECTIONAL_WRITE_EXHAUSTED_PRIMALITY_UNASSIGNED,514,512,512,NO_RECORDED_FACTOR_PRP_OR_LL_RESULT_AND_NO_ACTIVE_GIMPS_ASSIGNMENT,2026-08-09T04:34:14+00:00,UNALLOCATED,,,,,
SLCMP1765-4898,4898,4898,583747673,2^583747673-1,STRUCTURAL_SCREEN_EXHAUSTED_PRIMALITY_UNASSIGNED,GF3A_DIRECTIONAL_WRITE_EXHAUSTED_PRIMALITY_UNASSIGNED,513,512,512,NO_RECORDED_FACTOR_PRP_OR_LL_RESULT_AND_NO_ACTIVE_GIMPS_ASSIGNMENT,2026-08-09T04:34:14+00:00,UNALLOCATED,,,,,
SLCMP1765-4899,4899,4899,583747691,2^583747691-1,STRUCTURAL_SCREEN_EXHAUSTED_PRIMALITY_UNASSIGNED,GF3A_DIRECTIONAL_WRITE_EXHAUSTED_PRIMALITY_UNASSIGNED,514,512,512,NO_RECORDED_FACTOR_PRP_OR_LL_RESULT_AND_NO_ACTIVE_GIMPS_ASSIGNMENT,2026-08-09T04:34:14+00:00,UNALLOCATED,,,,,
SLCMP1765-4900,4900,4900,583747733,2^583747733-1,STRUCTURAL_SCREEN_EXHAUSTED_PRIMALITY_UNASSIGNED,GF3A_DIRECTIONAL_WRITE_EXHAUSTED_PRIMALITY_UNASSIGNED,513,512,512,NO_RECORDED_FACTOR_PRP_OR_LL_RESULT_AND_NO_ACTIVE_GIMPS_ASSIGNMENT,2026-08-09T04:34:14+00:00,UNALLOCATED,,,,,
SLCMP1765-4901,4901,4901,583747739,2^583747739-1,STRUCTURAL_SCREEN_EXHAUSTED_PRIMALITY_UNASSIGNED,GF3A_DIRECTIONAL_WRITE_EXHAUSTED_PRIMALITY_UNASSIGNED,514,512,512,NO_RECORDED_FACTOR_PRP_OR_LL_RESULT_AND_NO_ACTIVE_GIMPS_ASSIGNMENT,2026-08-09T04:34:14+00:00,UNALLOCATED,,,,,
SLCMP1765-4902,4902,4902,583747789,2^583747789-1,STRUCTURAL_SCREEN_EXHAUSTED_PRIMALITY_UNASSIGNED,GF3A_DIRECTIONAL_WRITE_EXHAUSTED_PRIMALITY_UNASSIGNED,513,512,512,NO_RECORDED_FACTOR_PRP_OR_LL_RESULT_AND_NO_ACTIVE_GIMPS_ASSIGNMENT,2026-08-09T04:34:14+00:00,UNALLOCATED,,,,,
SLCMP1765-4903,4903,4903,583747831,2^583747831-1,STRUCTURAL_SCREEN_EXHAUSTED_PRIMALITY_UNASSIGNED,GF3A_DIRECTIONAL_WRITE_EXHAUSTED_PRIMALITY_UNASSIGNED,514,512,512,NO_RECORDED_FACTOR_PRP_OR_LL_RESULT_AND_NO_ACTIVE_GIMPS_ASSIGNMENT,2026-08-09T04:34:14+00:00,UNALLOCATED,,,,,
SLCMP1765-4904,4904,4904,583747961,2^583747961-1,STRUCTURAL_SCREEN_EXHAUSTED_PRIMALITY_UNASSIGNED,GF3A_DIRECTIONAL_WRITE_EXHAUSTED_PRIMALITY_UNASSIGNED,513,512,512,NO_RECORDED_FACTOR_PRP_OR_LL_RESULT_AND_NO_ACTIVE_GIMPS_ASSIGNMENT,2026-08-09T04:34:14+00:00,UNALLOCATED,,,,,
SLCMP1765-4905,4905,4905,583747973,2^583747973-1,STRUCTURAL_SCREEN_EXHAUSTED_PRIMALITY_UNASSIGNED,GF3A_DIRECTIONAL_WRITE_EXHAUSTED_PRIMALITY_UNASSIGNED,513,512,512,NO_RECORDED_FACTOR_PRP_OR_LL_RESULT_AND_NO_ACTIVE_GIMPS_ASSIGNMENT,2026-08-09T04:34:14+00:00,UNALLOCATED,,,,,
SLCMP1765-4906,4906,4906,583748129,2^583748129-1,STRUCTURAL_SCREEN_EXHAUSTED_PRIMALITY_UNASSIGNED,GF3A_DIRECTIONAL_WRITE_EXHAUSTED_PRIMALITY_UNASSIGNED,513,512,512,NO_RECORDED_FACTOR_PRP_OR_LL_RESULT_AND_NO_ACTIVE_GIMPS_ASSIGNMENT,2026-08-09T04:34:14+00:00,UNALLOCATED,,,,,
SLCMP1765-4907,4907,4907,583748161,2^583748161-1,STRUCTURAL_SCREEN_EXHAUSTED_PRIMALITY_UNASSIGNED,GF3A_DIRECTIONAL_WRITE_EXHAUSTED_PRIMALITY_UNASSIGNED,513,512,512,NO_RECORDED_FACTOR_PRP_OR_LL_RESULT_AND_NO_ACTIVE_GIMPS_ASSIGNMENT,2026-08-09T04:34:14+00:00,UNALLOCATED,,,,,
SLCMP1765-4908,4908,4908,583748317,2^583748317-1,STRUCTURAL_SCREEN_EXHAUSTED_PRIMALITY_UNASSIGNED,GF3A_DIRECTIONAL_WRITE_EXHAUSTED_PRIMALITY_UNASSIGNED,513,512,512,NO_RECORDED_FACTOR_PRP_OR_LL_RESULT_AND_NO_ACTIVE_GIMPS_ASSIGNMENT,2026-08-09T04:34:14+00:00,UNALLOCATED,,,,,
SLCMP1765-4909,4909,4909,583748323,2^583748323-1,STRUCTURAL_SCREEN_EXHAUSTED_PRIMALITY_UNASSIGNED,GF3A_DIRECTIONAL_WRITE_EXHAUSTED_PRIMALITY_UNASSIGNED,514,512,512,NO_RECORDED_FACTOR_PRP_OR_LL_RESULT_AND_NO_ACTIVE_GIMPS_ASSIGNMENT,2026-08-09T04:34:14+00:00,UNALLOCATED,,,,,
SLCMP1765-4910,4910,4910,583748479,2^583748479-1,STRUCTURAL_SCREEN_EXHAUSTED_PRIMALITY_UNASSIGNED,GF3A_DIRECTIONAL_WRITE_EXHAUSTED_PRIMALITY_UNASSIGNED,514,512,512,NO_RECORDED_FACTOR_PRP_OR_LL_RESULT_AND_NO_ACTIVE_GIMPS_ASSIGNMENT,2026-08-09T04:34:14+00:00,UNALLOCATED,,,,,
SLCMP1765-4911,4911,4911,583748549,2^583748549-1,STRUCTURAL_SCREEN_EXHAUSTED_PRIMALITY_UNASSIGNED,GF3A_DIRECTIONAL_WRITE_EXHAUSTED_PRIMALITY_UNASSIGNED,513,512,512,NO_RECORDED_FACTOR_PRP_OR_LL_RESULT_AND_NO_ACTIVE_GIMPS_ASSIGNMENT,2026-08-09T04:34:14+00:00,UNALLOCATED,,,,,
SLCMP1765-4912,4912,4912,583748587,2^583748587-1,STRUCTURAL_SCREEN_EXHAUSTED_PRIMALITY_UNASSIGNED,GF3A_DIRECTIONAL_WRITE_EXHAUSTED_PRIMALITY_UNASSIGNED,514,512,512,NO_RECORDED_FACTOR_PRP_OR_LL_RESULT_AND_NO_ACTIVE_GIMPS_ASSIGNMENT,2026-08-09T04:34:14+00:00,UNALLOCATED,,,,,
SLCMP1765-4913,4913,4913,583748639,2^583748639-1,STRUCTURAL_SCREEN_EXHAUSTED_PRIMALITY_UNASSIGNED,GF3A_DIRECTIONAL_WRITE_EXHAUSTED_PRIMALITY_UNASSIGNED,514,512,512,NO_RECORDED_FACTOR_PRP_OR_LL_RESULT_AND_NO_ACTIVE_GIMPS_ASSIGNMENT,2026-08-09T04:34:14+00:00,UNALLOCATED,,,,,
SLCMP1765-4914,4914,4914,583748653,2^583748653-1,STRUCTURAL_SCREEN_EXHAUSTED_PRIMALITY_UNASSIGNED,GF3A_DIRECTIONAL_WRITE_EXHAUSTED_PRIMALITY_UNASSIGNED,513,512,512,NO_RECORDED_FACTOR_PRP_OR_LL_RESULT_AND_NO_ACTIVE_GIMPS_ASSIGNMENT,2026-08-09T04:34:14+00:00,UNALLOCATED,,,,,
SLCMP1765-4915,4915,4915,583748681,2^583748681-1,STRUCTURAL_SCREEN_EXHAUSTED_PRIMALITY_UNASSIGNED,GF3A_DIRECTIONAL_WRITE_EXHAUSTED_PRIMALITY_UNASSIGNED,513,512,512,NO_RECORDED_FACTOR_PRP_OR_LL_RESULT_AND_NO_ACTIVE_GIMPS_ASSIGNMENT,2026-08-09T04:34:14+00:00,UNALLOCATED,,,,,
SLCMP1765-4916,4916,4916,583748713,2^583748713-1,STRUCTURAL_SCREEN_EXHAUSTED_PRIMALITY_UNASSIGNED,GF3A_DIRECTIONAL_WRITE_EXHAUSTED_PRIMALITY_UNASSIGNED,513,512,512,NO_RECORDED_FACTOR_PRP_OR_LL_RESULT_AND_NO_ACTIVE_GIMPS_ASSIGNMENT,2026-08-09T04:34:14+00:00,UNALLOCATED,,,,,
SLCMP1765-4917,4917,4917,583748747,2^583748747-1,STRUCTURAL_SCREEN_EXHAUSTED_PRIMALITY_UNASSIGNED,GF3A_DIRECTIONAL_WRITE_EXHAUSTED_PRIMALITY_UNASSIGNED,514,512,512,NO_RECORDED_FACTOR_PRP_OR_LL_RESULT_AND_NO_ACTIVE_GIMPS_ASSIGNMENT,2026-08-09T04:34:14+00:00,UNALLOCATED,,,,,
SLCMP1765-4918,4918,4918,583748819,2^583748819-1,STRUCTURAL_SCREEN_EXHAUSTED_PRIMALITY_UNASSIGNED,GF3A_DIRECTIONAL_WRITE_EXHAUSTED_PRIMALITY_UNASSIGNED,514,512,512,NO_RECORDED_FACTOR_PRP_OR_LL_RESULT_AND_NO_ACTIVE_GIMPS_ASSIGNMENT,2026-08-09T04:34:14+00:00,UNALLOCATED,,,,,
SLCMP1765-4919,4919,4919,583748863,2^583748863-1,STRUCTURAL_SCREEN_EXHAUSTED_PRIMALITY_UNASSIGNED,GF3A_DIRECTIONAL_WRITE_EXHAUSTED_PRIMALITY_UNASSIGNED,514,512,512,NO_RECORDED_FACTOR_PRP_OR_LL_RESULT_AND_NO_ACTIVE_GIMPS_ASSIGNMENT,2026-08-09T04:34:14+00:00,UNALLOCATED,,,,,
SLCMP1765-4920,4920,4920,583748927,2^583748927-1,STRUCTURAL_SCREEN_EXHAUSTED_PRIMALITY_UNASSIGNED,GF3A_DIRECTIONAL_WRITE_EXHAUSTED_PRIMALITY_UNASSIGNED,514,512,512,NO_RECORDED_FACTOR_PRP_OR_LL_RESULT_AND_NO_ACTIVE_GIMPS_ASSIGNMENT,2026-08-09T04:34:14+00:00,UNALLOCATED,,,,,
SLCMP1765-4921,4921,4921,583749137,2^583749137-1,STRUCTURAL_SCREEN_EXHAUSTED_PRIMALITY_UNASSIGNED,GF3A_DIRECTIONAL_WRITE_EXHAUSTED_PRIMALITY_UNASSIGNED,513,512,512,NO_RECORDED_FACTOR_PRP_OR_LL_RESULT_AND_NO_ACTIVE_GIMPS_ASSIGNMENT,2026-08-09T04:34:14+00:00,UNALLOCATED,,,,,
SLCMP1765-4922,4922,4922,583749143,2^583749143-1,STRUCTURAL_SCREEN_EXHAUSTED_PRIMALITY_UNASSIGNED,GF3A_DIRECTIONAL_WRITE_EXHAUSTED_PRIMALITY_UNASSIGNED,514,512,512,NO_RECORDED_FACTOR_PRP_OR_LL_RESULT_AND_NO_ACTIVE_GIMPS_ASSIGNMENT,2026-08-09T04:34:14+00:00,UNALLOCATED,,,,,
SLCMP1765-4923,4923,4923,583749161,2^583749161-1,STRUCTURAL_SCREEN_EXHAUSTED_PRIMALITY_UNASSIGNED,GF3A_DIRECTIONAL_WRITE_EXHAUSTED_PRIMALITY_UNASSIGNED,513,512,512,NO_RECORDED_FACTOR_PRP_OR_LL_RESULT_AND_NO_ACTIVE_GIMPS_ASSIGNMENT,2026-08-09T04:34:14+00:00,UNALLOCATED,,,,,
SLCMP1765-4924,4924,4924,583749181,2^583749181-1,STRUCTURAL_SCREEN_EXHAUSTED_PRIMALITY_UNASSIGNED,GF3A_DIRECTIONAL_WRITE_EXHAUSTED_PRIMALITY_UNASSIGNED,513,512,512,NO_RECORDED_FACTOR_PRP_OR_LL_RESULT_AND_NO_ACTIVE_GIMPS_ASSIGNMENT,2026-08-09T04:34:14+00:00,UNALLOCATED,,,,,
SLCMP1765-4925,4925,4925,583749203,2^583749203-1,STRUCTURAL_SCREEN_EXHAUSTED_PRIMALITY_UNASSIGNED,GF3A_DIRECTIONAL_WRITE_EXHAUSTED_PRIMALITY_UNASSIGNED,514,512,512,NO_RECORDED_FACTOR_PRP_OR_LL_RESULT_AND_NO_ACTIVE_GIMPS_ASSIGNMENT,2026-08-09T04:34:14+00:00,UNALLOCATED,,,,,
SLCMP1765-4926,4926,4926,583749317,2^583749317-1,STRUCTURAL_SCREEN_EXHAUSTED_PRIMALITY_UNASSIGNED,GF3A_DIRECTIONAL_WRITE_EXHAUSTED_PRIMALITY_UNASSIGNED,513,512,512,NO_RECORDED_FACTOR_PRP_OR_LL_RESULT_AND_NO_ACTIVE_GIMPS_ASSIGNMENT,2026-08-09T04:34:14+00:00,UNALLOCATED,,,,,
SLCMP1765-4927,4927,4927,583749329,2^583749329-1,STRUCTURAL_SCREEN_EXHAUSTED_PRIMALITY_UNASSIGNED,GF3A_DIRECTIONAL_WRITE_EXHAUSTED_PRIMALITY_UNASSIGNED,513,512,512,NO_RECORDED_FACTOR_PRP_OR_LL_RESULT_AND_NO_ACTIVE_GIMPS_ASSIGNMENT,2026-08-09T04:34:14+00:00,UNALLOCATED,,,,,
SLCMP1765-4928,4928,4928,583749337,2^583749337-1,STRUCTURAL_SCREEN_EXHAUSTED_PRIMALITY_UNASSIGNED,GF3A_DIRECTIONAL_WRITE_EXHAUSTED_PRIMALITY_UNASSIGNED,513,512,512,NO_RECORDED_FACTOR_PRP_OR_LL_RESULT_AND_NO_ACTIVE_GIMPS_ASSIGNMENT,2026-08-09T04:34:14+00:00,UNALLOCATED,,,,,
SLCMP1765-4929,4929,4929,583749377,2^583749377-1,STRUCTURAL_SCREEN_EXHAUSTED_PRIMALITY_UNASSIGNED,GF3A_DIRECTIONAL_WRITE_EXHAUSTED_PRIMALITY_UNASSIGNED,513,512,512,NO_RECORDED_FACTOR_PRP_OR_LL_RESULT_AND_NO_ACTIVE_GIMPS_ASSIGNMENT,2026-08-09T04:34:14+00:00,UNALLOCATED,,,,,
SLCMP1765-4930,4930,4930,583749401,2^583749401-1,STRUCTURAL_SCREEN_EXHAUSTED_PRIMALITY_UNASSIGNED,GF3A_DIRECTIONAL_WRITE_EXHAUSTED_PRIMALITY_UNASSIGNED,513,512,512,NO_RECORDED_FACTOR_PRP_OR_LL_RESULT_AND_NO_ACTIVE_GIMPS_ASSIGNMENT,2026-08-09T04:34:14+00:00,UNALLOCATED,,,,,
SLCMP1765-4931,4931,4931,583749427,2^583749427-1,STRUCTURAL_SCREEN_EXHAUSTED_PRIMALITY_UNASSIGNED,GF3A_DIRECTIONAL_WRITE_EXHAUSTED_PRIMALITY_UNASSIGNED,514,512,512,NO_RECORDED_FACTOR_PRP_OR_LL_RESULT_AND_NO_ACTIVE_GIMPS_ASSIGNMENT,2026-08-09T04:34:14+00:00,UNALLOCATED,,,,,
SLCMP1765-4932,4932,4932,583749457,2^583749457-1,STRUCTURAL_SCREEN_EXHAUSTED_PRIMALITY_UNASSIGNED,GF3A_DIRECTIONAL_WRITE_EXHAUSTED_PRIMALITY_UNASSIGNED,513,512,512,NO_RECORDED_FACTOR_PRP_OR_LL_RESULT_AND_NO_ACTIVE_GIMPS_ASSIGNMENT,2026-08-09T04:34:14+00:00,UNALLOCATED,,,,,
SLCMP1765-4933,4933,4933,583749547,2^583749547-1,STRUCTURAL_SCREEN_EXHAUSTED_PRIMALITY_UNASSIGNED,GF3A_DIRECTIONAL_WRITE_EXHAUSTED_PRIMALITY_UNASSIGNED,514,512,512,NO_RECORDED_FACTOR_PRP_OR_LL_RESULT_AND_NO_ACTIVE_GIMPS_ASSIGNMENT,2026-08-09T04:34:14+00:00,UNALLOCATED,,,,,
SLCMP1765-4934,4934,4934,583749571,2^583749571-1,STRUCTURAL_SCREEN_EXHAUSTED_PRIMALITY_UNASSIGNED,GF3A_DIRECTIONAL_WRITE_EXHAUSTED_PRIMALITY_UNASSIGNED,514,512,512,NO_RECORDED_FACTOR_PRP_OR_LL_RESULT_AND_NO_ACTIVE_GIMPS_ASSIGNMENT,2026-08-09T04:34:14+00:00,UNALLOCATED,,,,,
SLCMP1765-4935,4935,4935,583749577,2^583749577-1,STRUCTURAL_SCREEN_EXHAUSTED_PRIMALITY_UNASSIGNED,GF3A_DIRECTIONAL_WRITE_EXHAUSTED_PRIMALITY_UNASSIGNED,513,512,512,NO_RECORDED_FACTOR_PRP_OR_LL_RESULT_AND_NO_ACTIVE_GIMPS_ASSIGNMENT,2026-08-09T04:34:14+00:00,UNALLOCATED,,,,,
SLCMP1765-4936,4936,4936,583749641,2^583749641-1,STRUCTURAL_SCREEN_EXHAUSTED_PRIMALITY_UNASSIGNED,GF3A_DIRECTIONAL_WRITE_EXHAUSTED_PRIMALITY_UNASSIGNED,513,512,512,NO_RECORDED_FACTOR_PRP_OR_LL_RESULT_AND_NO_ACTIVE_GIMPS_ASSIGNMENT,2026-08-09T04:34:14+00:00,UNALLOCATED,,,,,
SLCMP1765-4937,4937,4937,583749643,2^583749643-1,STRUCTURAL_SCREEN_EXHAUSTED_PRIMALITY_UNASSIGNED,GF3A_DIRECTIONAL_WRITE_EXHAUSTED_PRIMALITY_UNASSIGNED,514,512,512,NO_RECORDED_FACTOR_PRP_OR_LL_RESULT_AND_NO_ACTIVE_GIMPS_ASSIGNMENT,2026-08-09T04:34:14+00:00,UNALLOCATED,,,,,
SLCMP1765-4938,4938,4938,583749679,2^583749679-1,STRUCTURAL_SCREEN_EXHAUSTED_PRIMALITY_UNASSIGNED,GF3A_DIRECTIONAL_WRITE_EXHAUSTED_PRIMALITY_UNASSIGNED,514,512,512,NO_RECORDED_FACTOR_PRP_OR_LL_RESULT_AND_NO_ACTIVE_GIMPS_ASSIGNMENT,2026-08-09T04:34:14+00:00,UNALLOCATED,,,,,
SLCMP1765-4939,4939,4939,583749731,2^583749731-1,STRUCTURAL_SCREEN_EXHAUSTED_PRIMALITY_UNASSIGNED,GF3A_DIRECTIONAL_WRITE_EXHAUSTED_PRIMALITY_UNASSIGNED,514,512,512,NO_RECORDED_FACTOR_PRP_OR_LL_RESULT_AND_NO_ACTIVE_GIMPS_ASSIGNMENT,2026-08-09T04:34:14+00:00,UNALLOCATED,,,,,
SLCMP1765-4940,4940,4940,583749743,2^583749743-1,STRUCTURAL_SCREEN_EXHAUSTED_PRIMALITY_UNASSIGNED,GF3A_DIRECTIONAL_WRITE_EXHAUSTED_PRIMALITY_UNASSIGNED,514,512,512,NO_RECORDED_FACTOR_PRP_OR_LL_RESULT_AND_NO_ACTIVE_GIMPS_ASSIGNMENT,2026-08-09T04:34:14+00:00,UNALLOCATED,,,,,
SLCMP1765-4941,4941,4941,583749763,2^583749763-1,STRUCTURAL_SCREEN_EXHAUSTED_PRIMALITY_UNASSIGNED,GF3A_DIRECTIONAL_WRITE_EXHAUSTED_PRIMALITY_UNASSIGNED,514,512,512,NO_RECORDED_FACTOR_PRP_OR_LL_RESULT_AND_NO_ACTIVE_GIMPS_ASSIGNMENT,2026-08-09T04:34:14+00:00,UNALLOCATED,,,,,
SLCMP1765-4942,4942,4942,583749767,2^583749767-1,STRUCTURAL_SCREEN_EXHAUSTED_PRIMALITY_UNASSIGNED,GF3A_DIRECTIONAL_WRITE_EXHAUSTED_PRIMALITY_UNASSIGNED,514,512,512,NO_RECORDED_FACTOR_PRP_OR_LL_RESULT_AND_NO_ACTIVE_GIMPS_ASSIGNMENT,2026-08-09T04:34:14+00:00,UNALLOCATED,,,,,
SLCMP1765-4943,4943,4943,583749847,2^583749847-1,STRUCTURAL_SCREEN_EXHAUSTED_PRIMALITY_UNASSIGNED,GF3A_DIRECTIONAL_WRITE_EXHAUSTED_PRIMALITY_UNASSIGNED,514,512,512,NO_RECORDED_FACTOR_PRP_OR_LL_RESULT_AND_NO_ACTIVE_GIMPS_ASSIGNMENT,2026-08-09T04:34:14+00:00,UNALLOCATED,,,,,
SLCMP1765-4944,4944,4944,583749919,2^583749919-1,STRUCTURAL_SCREEN_EXHAUSTED_PRIMALITY_UNASSIGNED,GF3A_DIRECTIONAL_WRITE_EXHAUSTED_PRIMALITY_UNASSIGNED,514,512,512,NO_RECORDED_FACTOR_PRP_OR_LL_RESULT_AND_NO_ACTIVE_GIMPS_ASSIGNMENT,2026-08-09T04:34:14+00:00,UNALLOCATED,,,,,
SLCMP1765-4945,4945,4945,583749973,2^583749973-1,STRUCTURAL_SCREEN_EXHAUSTED_PRIMALITY_UNASSIGNED,GF3A_DIRECTIONAL_WRITE_EXHAUSTED_PRIMALITY_UNASSIGNED,513,512,512,NO_RECORDED_FACTOR_PRP_OR_LL_RESULT_AND_NO_ACTIVE_GIMPS_ASSIGNMENT,2026-08-09T04:34:14+00:00,UNALLOCATED,,,,,
