queue_id,queue_rank,shell_survivor_rank,exponent,mersenne_object,screen_status,shell_status,screen_schedule_count,shell_schedule_count,shell_tested_opportunity_count,external_status_at_snapshot,assignment_snapshot_utc,sam_distribution_status,assignee,assignment_utc,result_status,result_reference,notes
SLCMP1467-0001,1,2,509000201,2^509000201-1,STRUCTURAL_SCREEN_EXHAUSTED_PRIMALITY_UNASSIGNED,GF3A_DIRECTIONAL_WRITE_EXHAUSTED_PRIMALITY_UNASSIGNED,513,512,512,NO_RECORDED_FACTOR_PRP_OR_LL_RESULT_AND_NO_ACTIVE_GIMPS_ASSIGNMENT,2026-08-09T02:56:41+00:00,UNALLOCATED,,,,,
SLCMP1467-0002,2,3,509000221,2^509000221-1,STRUCTURAL_SCREEN_EXHAUSTED_PRIMALITY_UNASSIGNED,GF3A_DIRECTIONAL_WRITE_EXHAUSTED_PRIMALITY_UNASSIGNED,513,512,512,NO_RECORDED_FACTOR_PRP_OR_LL_RESULT_AND_NO_ACTIVE_GIMPS_ASSIGNMENT,2026-08-09T02:56:41+00:00,UNALLOCATED,,,,,
SLCMP1467-0003,3,4,509000227,2^509000227-1,STRUCTURAL_SCREEN_EXHAUSTED_PRIMALITY_UNASSIGNED,GF3A_DIRECTIONAL_WRITE_EXHAUSTED_PRIMALITY_UNASSIGNED,514,512,512,NO_RECORDED_FACTOR_PRP_OR_LL_RESULT_AND_NO_ACTIVE_GIMPS_ASSIGNMENT,2026-08-09T02:56:41+00:00,UNALLOCATED,,,,,
SLCMP1467-0004,4,5,509000413,2^509000413-1,STRUCTURAL_SCREEN_EXHAUSTED_PRIMALITY_UNASSIGNED,GF3A_DIRECTIONAL_WRITE_EXHAUSTED_PRIMALITY_UNASSIGNED,513,512,512,NO_RECORDED_FACTOR_PRP_OR_LL_RESULT_AND_NO_ACTIVE_GIMPS_ASSIGNMENT,2026-08-09T02:56:41+00:00,UNALLOCATED,,,,,
SLCMP1467-0005,5,6,509000423,2^509000423-1,STRUCTURAL_SCREEN_EXHAUSTED_PRIMALITY_UNASSIGNED,GF3A_DIRECTIONAL_WRITE_EXHAUSTED_PRIMALITY_UNASSIGNED,514,512,512,NO_RECORDED_FACTOR_PRP_OR_LL_RESULT_AND_NO_ACTIVE_GIMPS_ASSIGNMENT,2026-08-09T02:56:41+00:00,UNALLOCATED,,,,,
SLCMP1467-0006,6,7,509000467,2^509000467-1,STRUCTURAL_SCREEN_EXHAUSTED_PRIMALITY_UNASSIGNED,GF3A_DIRECTIONAL_WRITE_EXHAUSTED_PRIMALITY_UNASSIGNED,514,512,512,NO_RECORDED_FACTOR_PRP_OR_LL_RESULT_AND_NO_ACTIVE_GIMPS_ASSIGNMENT,2026-08-09T02:56:41+00:00,UNALLOCATED,,,,,
SLCMP1467-0007,7,8,509000537,2^509000537-1,STRUCTURAL_SCREEN_EXHAUSTED_PRIMALITY_UNASSIGNED,GF3A_DIRECTIONAL_WRITE_EXHAUSTED_PRIMALITY_UNASSIGNED,513,512,512,NO_RECORDED_FACTOR_PRP_OR_LL_RESULT_AND_NO_ACTIVE_GIMPS_ASSIGNMENT,2026-08-09T02:56:41+00:00,UNALLOCATED,,,,,
SLCMP1467-0008,8,9,509000623,2^509000623-1,STRUCTURAL_SCREEN_EXHAUSTED_PRIMALITY_UNASSIGNED,GF3A_DIRECTIONAL_WRITE_EXHAUSTED_PRIMALITY_UNASSIGNED,514,512,512,NO_RECORDED_FACTOR_PRP_OR_LL_RESULT_AND_NO_ACTIVE_GIMPS_ASSIGNMENT,2026-08-09T02:56:41+00:00,UNALLOCATED,,,,,
SLCMP1467-0009,9,10,509000651,2^509000651-1,STRUCTURAL_SCREEN_EXHAUSTED_PRIMALITY_UNASSIGNED,GF3A_DIRECTIONAL_WRITE_EXHAUSTED_PRIMALITY_UNASSIGNED,514,512,512,NO_RECORDED_FACTOR_PRP_OR_LL_RESULT_AND_NO_ACTIVE_GIMPS_ASSIGNMENT,2026-08-09T02:56:41+00:00,UNALLOCATED,,,,,
SLCMP1467-0010,10,11,509000683,2^509000683-1,STRUCTURAL_SCREEN_EXHAUSTED_PRIMALITY_UNASSIGNED,GF3A_DIRECTIONAL_WRITE_EXHAUSTED_PRIMALITY_UNASSIGNED,514,512,512,NO_RECORDED_FACTOR_PRP_OR_LL_RESULT_AND_NO_ACTIVE_GIMPS_ASSIGNMENT,2026-08-09T02:56:41+00:00,UNALLOCATED,,,,,
SLCMP1467-0011,11,12,509000699,2^509000699-1,STRUCTURAL_SCREEN_EXHAUSTED_PRIMALITY_UNASSIGNED,GF3A_DIRECTIONAL_WRITE_EXHAUSTED_PRIMALITY_UNASSIGNED,514,512,512,NO_RECORDED_FACTOR_PRP_OR_LL_RESULT_AND_NO_ACTIVE_GIMPS_ASSIGNMENT,2026-08-09T02:56:41+00:00,UNALLOCATED,,,,,
SLCMP1467-0012,12,13,509000717,2^509000717-1,STRUCTURAL_SCREEN_EXHAUSTED_PRIMALITY_UNASSIGNED,GF3A_DIRECTIONAL_WRITE_EXHAUSTED_PRIMALITY_UNASSIGNED,513,512,512,NO_RECORDED_FACTOR_PRP_OR_LL_RESULT_AND_NO_ACTIVE_GIMPS_ASSIGNMENT,2026-08-09T02:56:41+00:00,UNALLOCATED,,,,,
SLCMP1467-0013,13,14,509000759,2^509000759-1,STRUCTURAL_SCREEN_EXHAUSTED_PRIMALITY_UNASSIGNED,GF3A_DIRECTIONAL_WRITE_EXHAUSTED_PRIMALITY_UNASSIGNED,514,512,512,NO_RECORDED_FACTOR_PRP_OR_LL_RESULT_AND_NO_ACTIVE_GIMPS_ASSIGNMENT,2026-08-09T02:56:41+00:00,UNALLOCATED,,,,,
SLCMP1467-0014,14,15,509000777,2^509000777-1,STRUCTURAL_SCREEN_EXHAUSTED_PRIMALITY_UNASSIGNED,GF3A_DIRECTIONAL_WRITE_EXHAUSTED_PRIMALITY_UNASSIGNED,513,512,512,NO_RECORDED_FACTOR_PRP_OR_LL_RESULT_AND_NO_ACTIVE_GIMPS_ASSIGNMENT,2026-08-09T02:56:41+00:00,UNALLOCATED,,,,,
SLCMP1467-0015,15,16,509000797,2^509000797-1,STRUCTURAL_SCREEN_EXHAUSTED_PRIMALITY_UNASSIGNED,GF3A_DIRECTIONAL_WRITE_EXHAUSTED_PRIMALITY_UNASSIGNED,513,512,512,NO_RECORDED_FACTOR_PRP_OR_LL_RESULT_AND_NO_ACTIVE_GIMPS_ASSIGNMENT,2026-08-09T02:56:41+00:00,UNALLOCATED,,,,,
SLCMP1467-0016,16,17,509000801,2^509000801-1,STRUCTURAL_SCREEN_EXHAUSTED_PRIMALITY_UNASSIGNED,GF3A_DIRECTIONAL_WRITE_EXHAUSTED_PRIMALITY_UNASSIGNED,513,512,512,NO_RECORDED_FACTOR_PRP_OR_LL_RESULT_AND_NO_ACTIVE_GIMPS_ASSIGNMENT,2026-08-09T02:56:41+00:00,UNALLOCATED,,,,,
SLCMP1467-0017,17,18,509000831,2^509000831-1,STRUCTURAL_SCREEN_EXHAUSTED_PRIMALITY_UNASSIGNED,GF3A_DIRECTIONAL_WRITE_EXHAUSTED_PRIMALITY_UNASSIGNED,514,512,512,NO_RECORDED_FACTOR_PRP_OR_LL_RESULT_AND_NO_ACTIVE_GIMPS_ASSIGNMENT,2026-08-09T02:56:41+00:00,UNALLOCATED,,,,,
SLCMP1467-0018,18,19,509000839,2^509000839-1,STRUCTURAL_SCREEN_EXHAUSTED_PRIMALITY_UNASSIGNED,GF3A_DIRECTIONAL_WRITE_EXHAUSTED_PRIMALITY_UNASSIGNED,514,512,512,NO_RECORDED_FACTOR_PRP_OR_LL_RESULT_AND_NO_ACTIVE_GIMPS_ASSIGNMENT,2026-08-09T02:56:41+00:00,UNALLOCATED,,,,,
SLCMP1467-0019,19,20,509000851,2^509000851-1,STRUCTURAL_SCREEN_EXHAUSTED_PRIMALITY_UNASSIGNED,GF3A_DIRECTIONAL_WRITE_EXHAUSTED_PRIMALITY_UNASSIGNED,514,512,512,NO_RECORDED_FACTOR_PRP_OR_LL_RESULT_AND_NO_ACTIVE_GIMPS_ASSIGNMENT,2026-08-09T02:56:41+00:00,UNALLOCATED,,,,,
SLCMP1467-0020,20,21,509000963,2^509000963-1,STRUCTURAL_SCREEN_EXHAUSTED_PRIMALITY_UNASSIGNED,GF3A_DIRECTIONAL_WRITE_EXHAUSTED_PRIMALITY_UNASSIGNED,514,512,512,NO_RECORDED_FACTOR_PRP_OR_LL_RESULT_AND_NO_ACTIVE_GIMPS_ASSIGNMENT,2026-08-09T02:56:41+00:00,UNALLOCATED,,,,,
SLCMP1467-0021,21,22,509000977,2^509000977-1,STRUCTURAL_SCREEN_EXHAUSTED_PRIMALITY_UNASSIGNED,GF3A_DIRECTIONAL_WRITE_EXHAUSTED_PRIMALITY_UNASSIGNED,513,512,512,NO_RECORDED_FACTOR_PRP_OR_LL_RESULT_AND_NO_ACTIVE_GIMPS_ASSIGNMENT,2026-08-09T02:56:41+00:00,UNALLOCATED,,,,,
SLCMP1467-0022,22,23,509000983,2^509000983-1,STRUCTURAL_SCREEN_EXHAUSTED_PRIMALITY_UNASSIGNED,GF3A_DIRECTIONAL_WRITE_EXHAUSTED_PRIMALITY_UNASSIGNED,514,512,512,NO_RECORDED_FACTOR_PRP_OR_LL_RESULT_AND_NO_ACTIVE_GIMPS_ASSIGNMENT,2026-08-09T02:56:41+00:00,UNALLOCATED,,,,,
SLCMP1467-0023,23,24,509001037,2^509001037-1,STRUCTURAL_SCREEN_EXHAUSTED_PRIMALITY_UNASSIGNED,GF3A_DIRECTIONAL_WRITE_EXHAUSTED_PRIMALITY_UNASSIGNED,513,512,512,NO_RECORDED_FACTOR_PRP_OR_LL_RESULT_AND_NO_ACTIVE_GIMPS_ASSIGNMENT,2026-08-09T02:56:41+00:00,UNALLOCATED,,,,,
SLCMP1467-0024,24,25,509001047,2^509001047-1,STRUCTURAL_SCREEN_EXHAUSTED_PRIMALITY_UNASSIGNED,GF3A_DIRECTIONAL_WRITE_EXHAUSTED_PRIMALITY_UNASSIGNED,514,512,512,NO_RECORDED_FACTOR_PRP_OR_LL_RESULT_AND_NO_ACTIVE_GIMPS_ASSIGNMENT,2026-08-09T02:56:41+00:00,UNALLOCATED,,,,,
SLCMP1467-0025,25,26,509001079,2^509001079-1,STRUCTURAL_SCREEN_EXHAUSTED_PRIMALITY_UNASSIGNED,GF3A_DIRECTIONAL_WRITE_EXHAUSTED_PRIMALITY_UNASSIGNED,514,512,512,NO_RECORDED_FACTOR_PRP_OR_LL_RESULT_AND_NO_ACTIVE_GIMPS_ASSIGNMENT,2026-08-09T02:56:41+00:00,UNALLOCATED,,,,,
SLCMP1467-0026,26,27,509001179,2^509001179-1,STRUCTURAL_SCREEN_EXHAUSTED_PRIMALITY_UNASSIGNED,GF3A_DIRECTIONAL_WRITE_EXHAUSTED_PRIMALITY_UNASSIGNED,514,512,512,NO_RECORDED_FACTOR_PRP_OR_LL_RESULT_AND_NO_ACTIVE_GIMPS_ASSIGNMENT,2026-08-09T02:56:41+00:00,UNALLOCATED,,,,,
SLCMP1467-0027,27,28,509001313,2^509001313-1,STRUCTURAL_SCREEN_EXHAUSTED_PRIMALITY_UNASSIGNED,GF3A_DIRECTIONAL_WRITE_EXHAUSTED_PRIMALITY_UNASSIGNED,513,512,512,NO_RECORDED_FACTOR_PRP_OR_LL_RESULT_AND_NO_ACTIVE_GIMPS_ASSIGNMENT,2026-08-09T02:56:41+00:00,UNALLOCATED,,,,,
SLCMP1467-0028,28,29,509001373,2^509001373-1,STRUCTURAL_SCREEN_EXHAUSTED_PRIMALITY_UNASSIGNED,GF3A_DIRECTIONAL_WRITE_EXHAUSTED_PRIMALITY_UNASSIGNED,513,512,512,NO_RECORDED_FACTOR_PRP_OR_LL_RESULT_AND_NO_ACTIVE_GIMPS_ASSIGNMENT,2026-08-09T02:56:41+00:00,UNALLOCATED,,,,,
SLCMP1467-0029,29,30,509001481,2^509001481-1,STRUCTURAL_SCREEN_EXHAUSTED_PRIMALITY_UNASSIGNED,GF3A_DIRECTIONAL_WRITE_EXHAUSTED_PRIMALITY_UNASSIGNED,513,512,512,NO_RECORDED_FACTOR_PRP_OR_LL_RESULT_AND_NO_ACTIVE_GIMPS_ASSIGNMENT,2026-08-09T02:56:41+00:00,UNALLOCATED,,,,,
SLCMP1467-0030,30,31,509001547,2^509001547-1,STRUCTURAL_SCREEN_EXHAUSTED_PRIMALITY_UNASSIGNED,GF3A_DIRECTIONAL_WRITE_EXHAUSTED_PRIMALITY_UNASSIGNED,514,512,512,NO_RECORDED_FACTOR_PRP_OR_LL_RESULT_AND_NO_ACTIVE_GIMPS_ASSIGNMENT,2026-08-09T02:56:41+00:00,UNALLOCATED,,,,,
SLCMP1467-0031,31,32,509001553,2^509001553-1,STRUCTURAL_SCREEN_EXHAUSTED_PRIMALITY_UNASSIGNED,GF3A_DIRECTIONAL_WRITE_EXHAUSTED_PRIMALITY_UNASSIGNED,513,512,512,NO_RECORDED_FACTOR_PRP_OR_LL_RESULT_AND_NO_ACTIVE_GIMPS_ASSIGNMENT,2026-08-09T02:56:41+00:00,UNALLOCATED,,,,,
SLCMP1467-0032,32,33,509001599,2^509001599-1,STRUCTURAL_SCREEN_EXHAUSTED_PRIMALITY_UNASSIGNED,GF3A_DIRECTIONAL_WRITE_EXHAUSTED_PRIMALITY_UNASSIGNED,514,512,512,NO_RECORDED_FACTOR_PRP_OR_LL_RESULT_AND_NO_ACTIVE_GIMPS_ASSIGNMENT,2026-08-09T02:56:41+00:00,UNALLOCATED,,,,,
SLCMP1467-0033,33,34,509001601,2^509001601-1,STRUCTURAL_SCREEN_EXHAUSTED_PRIMALITY_UNASSIGNED,GF3A_DIRECTIONAL_WRITE_EXHAUSTED_PRIMALITY_UNASSIGNED,513,512,512,NO_RECORDED_FACTOR_PRP_OR_LL_RESULT_AND_NO_ACTIVE_GIMPS_ASSIGNMENT,2026-08-09T02:56:41+00:00,UNALLOCATED,,,,,
SLCMP1467-0034,34,35,509001683,2^509001683-1,STRUCTURAL_SCREEN_EXHAUSTED_PRIMALITY_UNASSIGNED,GF3A_DIRECTIONAL_WRITE_EXHAUSTED_PRIMALITY_UNASSIGNED,514,512,512,NO_RECORDED_FACTOR_PRP_OR_LL_RESULT_AND_NO_ACTIVE_GIMPS_ASSIGNMENT,2026-08-09T02:56:41+00:00,UNALLOCATED,,,,,
SLCMP1467-0035,35,36,509001763,2^509001763-1,STRUCTURAL_SCREEN_EXHAUSTED_PRIMALITY_UNASSIGNED,GF3A_DIRECTIONAL_WRITE_EXHAUSTED_PRIMALITY_UNASSIGNED,514,512,512,NO_RECORDED_FACTOR_PRP_OR_LL_RESULT_AND_NO_ACTIVE_GIMPS_ASSIGNMENT,2026-08-09T02:56:41+00:00,UNALLOCATED,,,,,
SLCMP1467-0036,36,37,509001979,2^509001979-1,STRUCTURAL_SCREEN_EXHAUSTED_PRIMALITY_UNASSIGNED,GF3A_DIRECTIONAL_WRITE_EXHAUSTED_PRIMALITY_UNASSIGNED,514,512,512,NO_RECORDED_FACTOR_PRP_OR_LL_RESULT_AND_NO_ACTIVE_GIMPS_ASSIGNMENT,2026-08-09T02:56:41+00:00,UNALLOCATED,,,,,
SLCMP1467-0037,37,38,509002031,2^509002031-1,STRUCTURAL_SCREEN_EXHAUSTED_PRIMALITY_UNASSIGNED,GF3A_DIRECTIONAL_WRITE_EXHAUSTED_PRIMALITY_UNASSIGNED,514,512,512,NO_RECORDED_FACTOR_PRP_OR_LL_RESULT_AND_NO_ACTIVE_GIMPS_ASSIGNMENT,2026-08-09T02:56:41+00:00,UNALLOCATED,,,,,
SLCMP1467-0038,38,39,509002159,2^509002159-1,STRUCTURAL_SCREEN_EXHAUSTED_PRIMALITY_UNASSIGNED,GF3A_DIRECTIONAL_WRITE_EXHAUSTED_PRIMALITY_UNASSIGNED,514,512,512,NO_RECORDED_FACTOR_PRP_OR_LL_RESULT_AND_NO_ACTIVE_GIMPS_ASSIGNMENT,2026-08-09T02:56:41+00:00,UNALLOCATED,,,,,
SLCMP1467-0039,39,40,509002187,2^509002187-1,STRUCTURAL_SCREEN_EXHAUSTED_PRIMALITY_UNASSIGNED,GF3A_DIRECTIONAL_WRITE_EXHAUSTED_PRIMALITY_UNASSIGNED,514,512,512,NO_RECORDED_FACTOR_PRP_OR_LL_RESULT_AND_NO_ACTIVE_GIMPS_ASSIGNMENT,2026-08-09T02:56:41+00:00,UNALLOCATED,,,,,
SLCMP1467-0040,40,41,509002261,2^509002261-1,STRUCTURAL_SCREEN_EXHAUSTED_PRIMALITY_UNASSIGNED,GF3A_DIRECTIONAL_WRITE_EXHAUSTED_PRIMALITY_UNASSIGNED,513,512,512,NO_RECORDED_FACTOR_PRP_OR_LL_RESULT_AND_NO_ACTIVE_GIMPS_ASSIGNMENT,2026-08-09T02:56:41+00:00,UNALLOCATED,,,,,
SLCMP1467-0041,41,42,509002297,2^509002297-1,STRUCTURAL_SCREEN_EXHAUSTED_PRIMALITY_UNASSIGNED,GF3A_DIRECTIONAL_WRITE_EXHAUSTED_PRIMALITY_UNASSIGNED,513,512,512,NO_RECORDED_FACTOR_PRP_OR_LL_RESULT_AND_NO_ACTIVE_GIMPS_ASSIGNMENT,2026-08-09T02:56:41+00:00,UNALLOCATED,,,,,
SLCMP1467-0042,42,43,509002313,2^509002313-1,STRUCTURAL_SCREEN_EXHAUSTED_PRIMALITY_UNASSIGNED,GF3A_DIRECTIONAL_WRITE_EXHAUSTED_PRIMALITY_UNASSIGNED,513,512,512,NO_RECORDED_FACTOR_PRP_OR_LL_RESULT_AND_NO_ACTIVE_GIMPS_ASSIGNMENT,2026-08-09T02:56:41+00:00,UNALLOCATED,,,,,
SLCMP1467-0043,43,44,509002357,2^509002357-1,STRUCTURAL_SCREEN_EXHAUSTED_PRIMALITY_UNASSIGNED,GF3A_DIRECTIONAL_WRITE_EXHAUSTED_PRIMALITY_UNASSIGNED,513,512,512,NO_RECORDED_FACTOR_PRP_OR_LL_RESULT_AND_NO_ACTIVE_GIMPS_ASSIGNMENT,2026-08-09T02:56:41+00:00,UNALLOCATED,,,,,
SLCMP1467-0044,44,45,509002421,2^509002421-1,STRUCTURAL_SCREEN_EXHAUSTED_PRIMALITY_UNASSIGNED,GF3A_DIRECTIONAL_WRITE_EXHAUSTED_PRIMALITY_UNASSIGNED,513,512,512,NO_RECORDED_FACTOR_PRP_OR_LL_RESULT_AND_NO_ACTIVE_GIMPS_ASSIGNMENT,2026-08-09T02:56:41+00:00,UNALLOCATED,,,,,
SLCMP1467-0045,45,46,509002561,2^509002561-1,STRUCTURAL_SCREEN_EXHAUSTED_PRIMALITY_UNASSIGNED,GF3A_DIRECTIONAL_WRITE_EXHAUSTED_PRIMALITY_UNASSIGNED,513,512,512,NO_RECORDED_FACTOR_PRP_OR_LL_RESULT_AND_NO_ACTIVE_GIMPS_ASSIGNMENT,2026-08-09T02:56:41+00:00,UNALLOCATED,,,,,
SLCMP1467-0046,46,47,509002601,2^509002601-1,STRUCTURAL_SCREEN_EXHAUSTED_PRIMALITY_UNASSIGNED,GF3A_DIRECTIONAL_WRITE_EXHAUSTED_PRIMALITY_UNASSIGNED,513,512,512,NO_RECORDED_FACTOR_PRP_OR_LL_RESULT_AND_NO_ACTIVE_GIMPS_ASSIGNMENT,2026-08-09T02:56:41+00:00,UNALLOCATED,,,,,
SLCMP1467-0047,47,48,509002633,2^509002633-1,STRUCTURAL_SCREEN_EXHAUSTED_PRIMALITY_UNASSIGNED,GF3A_DIRECTIONAL_WRITE_EXHAUSTED_PRIMALITY_UNASSIGNED,513,512,512,NO_RECORDED_FACTOR_PRP_OR_LL_RESULT_AND_NO_ACTIVE_GIMPS_ASSIGNMENT,2026-08-09T02:56:41+00:00,UNALLOCATED,,,,,
SLCMP1467-0048,48,49,509002643,2^509002643-1,STRUCTURAL_SCREEN_EXHAUSTED_PRIMALITY_UNASSIGNED,GF3A_DIRECTIONAL_WRITE_EXHAUSTED_PRIMALITY_UNASSIGNED,514,512,512,NO_RECORDED_FACTOR_PRP_OR_LL_RESULT_AND_NO_ACTIVE_GIMPS_ASSIGNMENT,2026-08-09T02:56:41+00:00,UNALLOCATED,,,,,
SLCMP1467-0049,49,50,509002757,2^509002757-1,STRUCTURAL_SCREEN_EXHAUSTED_PRIMALITY_UNASSIGNED,GF3A_DIRECTIONAL_WRITE_EXHAUSTED_PRIMALITY_UNASSIGNED,513,512,512,NO_RECORDED_FACTOR_PRP_OR_LL_RESULT_AND_NO_ACTIVE_GIMPS_ASSIGNMENT,2026-08-09T02:56:41+00:00,UNALLOCATED,,,,,
SLCMP1467-0050,50,51,509002783,2^509002783-1,STRUCTURAL_SCREEN_EXHAUSTED_PRIMALITY_UNASSIGNED,GF3A_DIRECTIONAL_WRITE_EXHAUSTED_PRIMALITY_UNASSIGNED,514,512,512,NO_RECORDED_FACTOR_PRP_OR_LL_RESULT_AND_NO_ACTIVE_GIMPS_ASSIGNMENT,2026-08-09T02:56:41+00:00,UNALLOCATED,,,,,
SLCMP1467-0051,51,52,509002817,2^509002817-1,STRUCTURAL_SCREEN_EXHAUSTED_PRIMALITY_UNASSIGNED,GF3A_DIRECTIONAL_WRITE_EXHAUSTED_PRIMALITY_UNASSIGNED,513,512,512,NO_RECORDED_FACTOR_PRP_OR_LL_RESULT_AND_NO_ACTIVE_GIMPS_ASSIGNMENT,2026-08-09T02:56:41+00:00,UNALLOCATED,,,,,
SLCMP1467-0052,52,53,509002877,2^509002877-1,STRUCTURAL_SCREEN_EXHAUSTED_PRIMALITY_UNASSIGNED,GF3A_DIRECTIONAL_WRITE_EXHAUSTED_PRIMALITY_UNASSIGNED,513,512,512,NO_RECORDED_FACTOR_PRP_OR_LL_RESULT_AND_NO_ACTIVE_GIMPS_ASSIGNMENT,2026-08-09T02:56:41+00:00,UNALLOCATED,,,,,
SLCMP1467-0053,53,54,509002883,2^509002883-1,STRUCTURAL_SCREEN_EXHAUSTED_PRIMALITY_UNASSIGNED,GF3A_DIRECTIONAL_WRITE_EXHAUSTED_PRIMALITY_UNASSIGNED,514,512,512,NO_RECORDED_FACTOR_PRP_OR_LL_RESULT_AND_NO_ACTIVE_GIMPS_ASSIGNMENT,2026-08-09T02:56:41+00:00,UNALLOCATED,,,,,
SLCMP1467-0054,54,55,509002891,2^509002891-1,STRUCTURAL_SCREEN_EXHAUSTED_PRIMALITY_UNASSIGNED,GF3A_DIRECTIONAL_WRITE_EXHAUSTED_PRIMALITY_UNASSIGNED,514,512,512,NO_RECORDED_FACTOR_PRP_OR_LL_RESULT_AND_NO_ACTIVE_GIMPS_ASSIGNMENT,2026-08-09T02:56:41+00:00,UNALLOCATED,,,,,
SLCMP1467-0055,55,56,509002909,2^509002909-1,STRUCTURAL_SCREEN_EXHAUSTED_PRIMALITY_UNASSIGNED,GF3A_DIRECTIONAL_WRITE_EXHAUSTED_PRIMALITY_UNASSIGNED,513,512,512,NO_RECORDED_FACTOR_PRP_OR_LL_RESULT_AND_NO_ACTIVE_GIMPS_ASSIGNMENT,2026-08-09T02:56:41+00:00,UNALLOCATED,,,,,
SLCMP1467-0056,56,57,509002957,2^509002957-1,STRUCTURAL_SCREEN_EXHAUSTED_PRIMALITY_UNASSIGNED,GF3A_DIRECTIONAL_WRITE_EXHAUSTED_PRIMALITY_UNASSIGNED,513,512,512,NO_RECORDED_FACTOR_PRP_OR_LL_RESULT_AND_NO_ACTIVE_GIMPS_ASSIGNMENT,2026-08-09T02:56:41+00:00,UNALLOCATED,,,,,
SLCMP1467-0057,57,58,509003023,2^509003023-1,STRUCTURAL_SCREEN_EXHAUSTED_PRIMALITY_UNASSIGNED,GF3A_DIRECTIONAL_WRITE_EXHAUSTED_PRIMALITY_UNASSIGNED,514,512,512,NO_RECORDED_FACTOR_PRP_OR_LL_RESULT_AND_NO_ACTIVE_GIMPS_ASSIGNMENT,2026-08-09T02:56:41+00:00,UNALLOCATED,,,,,
SLCMP1467-0058,58,59,509003057,2^509003057-1,STRUCTURAL_SCREEN_EXHAUSTED_PRIMALITY_UNASSIGNED,GF3A_DIRECTIONAL_WRITE_EXHAUSTED_PRIMALITY_UNASSIGNED,513,512,512,NO_RECORDED_FACTOR_PRP_OR_LL_RESULT_AND_NO_ACTIVE_GIMPS_ASSIGNMENT,2026-08-09T02:56:41+00:00,UNALLOCATED,,,,,
SLCMP1467-0059,59,60,509003063,2^509003063-1,STRUCTURAL_SCREEN_EXHAUSTED_PRIMALITY_UNASSIGNED,GF3A_DIRECTIONAL_WRITE_EXHAUSTED_PRIMALITY_UNASSIGNED,514,512,512,NO_RECORDED_FACTOR_PRP_OR_LL_RESULT_AND_NO_ACTIVE_GIMPS_ASSIGNMENT,2026-08-09T02:56:41+00:00,UNALLOCATED,,,,,
SLCMP1467-0060,60,61,509003113,2^509003113-1,STRUCTURAL_SCREEN_EXHAUSTED_PRIMALITY_UNASSIGNED,GF3A_DIRECTIONAL_WRITE_EXHAUSTED_PRIMALITY_UNASSIGNED,513,512,512,NO_RECORDED_FACTOR_PRP_OR_LL_RESULT_AND_NO_ACTIVE_GIMPS_ASSIGNMENT,2026-08-09T02:56:41+00:00,UNALLOCATED,,,,,
SLCMP1467-0061,61,62,509003249,2^509003249-1,STRUCTURAL_SCREEN_EXHAUSTED_PRIMALITY_UNASSIGNED,GF3A_DIRECTIONAL_WRITE_EXHAUSTED_PRIMALITY_UNASSIGNED,513,512,512,NO_RECORDED_FACTOR_PRP_OR_LL_RESULT_AND_NO_ACTIVE_GIMPS_ASSIGNMENT,2026-08-09T02:56:41+00:00,UNALLOCATED,,,,,
SLCMP1467-0062,62,63,509003267,2^509003267-1,STRUCTURAL_SCREEN_EXHAUSTED_PRIMALITY_UNASSIGNED,GF3A_DIRECTIONAL_WRITE_EXHAUSTED_PRIMALITY_UNASSIGNED,514,512,512,NO_RECORDED_FACTOR_PRP_OR_LL_RESULT_AND_NO_ACTIVE_GIMPS_ASSIGNMENT,2026-08-09T02:56:41+00:00,UNALLOCATED,,,,,
SLCMP1467-0063,63,64,509003269,2^509003269-1,STRUCTURAL_SCREEN_EXHAUSTED_PRIMALITY_UNASSIGNED,GF3A_DIRECTIONAL_WRITE_EXHAUSTED_PRIMALITY_UNASSIGNED,513,512,512,NO_RECORDED_FACTOR_PRP_OR_LL_RESULT_AND_NO_ACTIVE_GIMPS_ASSIGNMENT,2026-08-09T02:56:41+00:00,UNALLOCATED,,,,,
SLCMP1467-0064,64,65,509003321,2^509003321-1,STRUCTURAL_SCREEN_EXHAUSTED_PRIMALITY_UNASSIGNED,GF3A_DIRECTIONAL_WRITE_EXHAUSTED_PRIMALITY_UNASSIGNED,513,512,512,NO_RECORDED_FACTOR_PRP_OR_LL_RESULT_AND_NO_ACTIVE_GIMPS_ASSIGNMENT,2026-08-09T02:56:41+00:00,UNALLOCATED,,,,,
SLCMP1467-0065,65,66,509003351,2^509003351-1,STRUCTURAL_SCREEN_EXHAUSTED_PRIMALITY_UNASSIGNED,GF3A_DIRECTIONAL_WRITE_EXHAUSTED_PRIMALITY_UNASSIGNED,514,512,512,NO_RECORDED_FACTOR_PRP_OR_LL_RESULT_AND_NO_ACTIVE_GIMPS_ASSIGNMENT,2026-08-09T02:56:41+00:00,UNALLOCATED,,,,,
SLCMP1467-0066,66,67,509003617,2^509003617-1,STRUCTURAL_SCREEN_EXHAUSTED_PRIMALITY_UNASSIGNED,GF3A_DIRECTIONAL_WRITE_EXHAUSTED_PRIMALITY_UNASSIGNED,513,512,512,NO_RECORDED_FACTOR_PRP_OR_LL_RESULT_AND_NO_ACTIVE_GIMPS_ASSIGNMENT,2026-08-09T02:56:41+00:00,UNALLOCATED,,,,,
SLCMP1467-0067,67,68,509003743,2^509003743-1,STRUCTURAL_SCREEN_EXHAUSTED_PRIMALITY_UNASSIGNED,GF3A_DIRECTIONAL_WRITE_EXHAUSTED_PRIMALITY_UNASSIGNED,514,512,512,NO_RECORDED_FACTOR_PRP_OR_LL_RESULT_AND_NO_ACTIVE_GIMPS_ASSIGNMENT,2026-08-09T02:56:41+00:00,UNALLOCATED,,,,,
SLCMP1467-0068,68,69,509003779,2^509003779-1,STRUCTURAL_SCREEN_EXHAUSTED_PRIMALITY_UNASSIGNED,GF3A_DIRECTIONAL_WRITE_EXHAUSTED_PRIMALITY_UNASSIGNED,514,512,512,NO_RECORDED_FACTOR_PRP_OR_LL_RESULT_AND_NO_ACTIVE_GIMPS_ASSIGNMENT,2026-08-09T02:56:41+00:00,UNALLOCATED,,,,,
SLCMP1467-0069,69,70,509003879,2^509003879-1,STRUCTURAL_SCREEN_EXHAUSTED_PRIMALITY_UNASSIGNED,GF3A_DIRECTIONAL_WRITE_EXHAUSTED_PRIMALITY_UNASSIGNED,514,512,512,NO_RECORDED_FACTOR_PRP_OR_LL_RESULT_AND_NO_ACTIVE_GIMPS_ASSIGNMENT,2026-08-09T02:56:41+00:00,UNALLOCATED,,,,,
SLCMP1467-0070,70,71,509003881,2^509003881-1,STRUCTURAL_SCREEN_EXHAUSTED_PRIMALITY_UNASSIGNED,GF3A_DIRECTIONAL_WRITE_EXHAUSTED_PRIMALITY_UNASSIGNED,513,512,512,NO_RECORDED_FACTOR_PRP_OR_LL_RESULT_AND_NO_ACTIVE_GIMPS_ASSIGNMENT,2026-08-09T02:56:41+00:00,UNALLOCATED,,,,,
SLCMP1467-0071,71,72,509003897,2^509003897-1,STRUCTURAL_SCREEN_EXHAUSTED_PRIMALITY_UNASSIGNED,GF3A_DIRECTIONAL_WRITE_EXHAUSTED_PRIMALITY_UNASSIGNED,513,512,512,NO_RECORDED_FACTOR_PRP_OR_LL_RESULT_AND_NO_ACTIVE_GIMPS_ASSIGNMENT,2026-08-09T02:56:41+00:00,UNALLOCATED,,,,,
SLCMP1467-0072,72,73,509004017,2^509004017-1,STRUCTURAL_SCREEN_EXHAUSTED_PRIMALITY_UNASSIGNED,GF3A_DIRECTIONAL_WRITE_EXHAUSTED_PRIMALITY_UNASSIGNED,513,512,512,NO_RECORDED_FACTOR_PRP_OR_LL_RESULT_AND_NO_ACTIVE_GIMPS_ASSIGNMENT,2026-08-09T02:56:41+00:00,UNALLOCATED,,,,,
SLCMP1467-0073,73,74,509004019,2^509004019-1,STRUCTURAL_SCREEN_EXHAUSTED_PRIMALITY_UNASSIGNED,GF3A_DIRECTIONAL_WRITE_EXHAUSTED_PRIMALITY_UNASSIGNED,514,512,512,NO_RECORDED_FACTOR_PRP_OR_LL_RESULT_AND_NO_ACTIVE_GIMPS_ASSIGNMENT,2026-08-09T02:56:41+00:00,UNALLOCATED,,,,,
SLCMP1467-0074,74,75,509004109,2^509004109-1,STRUCTURAL_SCREEN_EXHAUSTED_PRIMALITY_UNASSIGNED,GF3A_DIRECTIONAL_WRITE_EXHAUSTED_PRIMALITY_UNASSIGNED,513,512,512,NO_RECORDED_FACTOR_PRP_OR_LL_RESULT_AND_NO_ACTIVE_GIMPS_ASSIGNMENT,2026-08-09T02:56:41+00:00,UNALLOCATED,,,,,
SLCMP1467-0075,75,76,509004161,2^509004161-1,STRUCTURAL_SCREEN_EXHAUSTED_PRIMALITY_UNASSIGNED,GF3A_DIRECTIONAL_WRITE_EXHAUSTED_PRIMALITY_UNASSIGNED,513,512,512,NO_RECORDED_FACTOR_PRP_OR_LL_RESULT_AND_NO_ACTIVE_GIMPS_ASSIGNMENT,2026-08-09T02:56:41+00:00,UNALLOCATED,,,,,
SLCMP1467-0076,76,77,509004163,2^509004163-1,STRUCTURAL_SCREEN_EXHAUSTED_PRIMALITY_UNASSIGNED,GF3A_DIRECTIONAL_WRITE_EXHAUSTED_PRIMALITY_UNASSIGNED,514,512,512,NO_RECORDED_FACTOR_PRP_OR_LL_RESULT_AND_NO_ACTIVE_GIMPS_ASSIGNMENT,2026-08-09T02:56:41+00:00,UNALLOCATED,,,,,
SLCMP1467-0077,77,78,509004229,2^509004229-1,STRUCTURAL_SCREEN_EXHAUSTED_PRIMALITY_UNASSIGNED,GF3A_DIRECTIONAL_WRITE_EXHAUSTED_PRIMALITY_UNASSIGNED,513,512,512,NO_RECORDED_FACTOR_PRP_OR_LL_RESULT_AND_NO_ACTIVE_GIMPS_ASSIGNMENT,2026-08-09T02:56:41+00:00,UNALLOCATED,,,,,
SLCMP1467-0078,78,79,509004271,2^509004271-1,STRUCTURAL_SCREEN_EXHAUSTED_PRIMALITY_UNASSIGNED,GF3A_DIRECTIONAL_WRITE_EXHAUSTED_PRIMALITY_UNASSIGNED,514,512,512,NO_RECORDED_FACTOR_PRP_OR_LL_RESULT_AND_NO_ACTIVE_GIMPS_ASSIGNMENT,2026-08-09T02:56:41+00:00,UNALLOCATED,,,,,
SLCMP1467-0079,79,80,509004277,2^509004277-1,STRUCTURAL_SCREEN_EXHAUSTED_PRIMALITY_UNASSIGNED,GF3A_DIRECTIONAL_WRITE_EXHAUSTED_PRIMALITY_UNASSIGNED,513,512,512,NO_RECORDED_FACTOR_PRP_OR_LL_RESULT_AND_NO_ACTIVE_GIMPS_ASSIGNMENT,2026-08-09T02:56:41+00:00,UNALLOCATED,,,,,
SLCMP1467-0080,80,81,509004367,2^509004367-1,STRUCTURAL_SCREEN_EXHAUSTED_PRIMALITY_UNASSIGNED,GF3A_DIRECTIONAL_WRITE_EXHAUSTED_PRIMALITY_UNASSIGNED,514,512,512,NO_RECORDED_FACTOR_PRP_OR_LL_RESULT_AND_NO_ACTIVE_GIMPS_ASSIGNMENT,2026-08-09T02:56:41+00:00,UNALLOCATED,,,,,
SLCMP1467-0081,81,82,509004487,2^509004487-1,STRUCTURAL_SCREEN_EXHAUSTED_PRIMALITY_UNASSIGNED,GF3A_DIRECTIONAL_WRITE_EXHAUSTED_PRIMALITY_UNASSIGNED,514,512,512,NO_RECORDED_FACTOR_PRP_OR_LL_RESULT_AND_NO_ACTIVE_GIMPS_ASSIGNMENT,2026-08-09T02:56:41+00:00,UNALLOCATED,,,,,
SLCMP1467-0082,82,83,509004499,2^509004499-1,STRUCTURAL_SCREEN_EXHAUSTED_PRIMALITY_UNASSIGNED,GF3A_DIRECTIONAL_WRITE_EXHAUSTED_PRIMALITY_UNASSIGNED,514,512,512,NO_RECORDED_FACTOR_PRP_OR_LL_RESULT_AND_NO_ACTIVE_GIMPS_ASSIGNMENT,2026-08-09T02:56:41+00:00,UNALLOCATED,,,,,
SLCMP1467-0083,83,84,509004511,2^509004511-1,STRUCTURAL_SCREEN_EXHAUSTED_PRIMALITY_UNASSIGNED,GF3A_DIRECTIONAL_WRITE_EXHAUSTED_PRIMALITY_UNASSIGNED,514,512,512,NO_RECORDED_FACTOR_PRP_OR_LL_RESULT_AND_NO_ACTIVE_GIMPS_ASSIGNMENT,2026-08-09T02:56:41+00:00,UNALLOCATED,,,,,
SLCMP1467-0084,84,85,509004553,2^509004553-1,STRUCTURAL_SCREEN_EXHAUSTED_PRIMALITY_UNASSIGNED,GF3A_DIRECTIONAL_WRITE_EXHAUSTED_PRIMALITY_UNASSIGNED,513,512,512,NO_RECORDED_FACTOR_PRP_OR_LL_RESULT_AND_NO_ACTIVE_GIMPS_ASSIGNMENT,2026-08-09T02:56:41+00:00,UNALLOCATED,,,,,
SLCMP1467-0085,85,86,509004583,2^509004583-1,STRUCTURAL_SCREEN_EXHAUSTED_PRIMALITY_UNASSIGNED,GF3A_DIRECTIONAL_WRITE_EXHAUSTED_PRIMALITY_UNASSIGNED,514,512,512,NO_RECORDED_FACTOR_PRP_OR_LL_RESULT_AND_NO_ACTIVE_GIMPS_ASSIGNMENT,2026-08-09T02:56:41+00:00,UNALLOCATED,,,,,
SLCMP1467-0086,86,87,509004619,2^509004619-1,STRUCTURAL_SCREEN_EXHAUSTED_PRIMALITY_UNASSIGNED,GF3A_DIRECTIONAL_WRITE_EXHAUSTED_PRIMALITY_UNASSIGNED,514,512,512,NO_RECORDED_FACTOR_PRP_OR_LL_RESULT_AND_NO_ACTIVE_GIMPS_ASSIGNMENT,2026-08-09T02:56:41+00:00,UNALLOCATED,,,,,
SLCMP1467-0087,87,88,509004637,2^509004637-1,STRUCTURAL_SCREEN_EXHAUSTED_PRIMALITY_UNASSIGNED,GF3A_DIRECTIONAL_WRITE_EXHAUSTED_PRIMALITY_UNASSIGNED,513,512,512,NO_RECORDED_FACTOR_PRP_OR_LL_RESULT_AND_NO_ACTIVE_GIMPS_ASSIGNMENT,2026-08-09T02:56:41+00:00,UNALLOCATED,,,,,
SLCMP1467-0088,88,89,509004673,2^509004673-1,STRUCTURAL_SCREEN_EXHAUSTED_PRIMALITY_UNASSIGNED,GF3A_DIRECTIONAL_WRITE_EXHAUSTED_PRIMALITY_UNASSIGNED,513,512,512,NO_RECORDED_FACTOR_PRP_OR_LL_RESULT_AND_NO_ACTIVE_GIMPS_ASSIGNMENT,2026-08-09T02:56:41+00:00,UNALLOCATED,,,,,
SLCMP1467-0089,89,90,509004757,2^509004757-1,STRUCTURAL_SCREEN_EXHAUSTED_PRIMALITY_UNASSIGNED,GF3A_DIRECTIONAL_WRITE_EXHAUSTED_PRIMALITY_UNASSIGNED,513,512,512,NO_RECORDED_FACTOR_PRP_OR_LL_RESULT_AND_NO_ACTIVE_GIMPS_ASSIGNMENT,2026-08-09T02:56:41+00:00,UNALLOCATED,,,,,
SLCMP1467-0090,90,91,509004911,2^509004911-1,STRUCTURAL_SCREEN_EXHAUSTED_PRIMALITY_UNASSIGNED,GF3A_DIRECTIONAL_WRITE_EXHAUSTED_PRIMALITY_UNASSIGNED,514,512,512,NO_RECORDED_FACTOR_PRP_OR_LL_RESULT_AND_NO_ACTIVE_GIMPS_ASSIGNMENT,2026-08-09T02:56:41+00:00,UNALLOCATED,,,,,
SLCMP1467-0091,91,92,509004943,2^509004943-1,STRUCTURAL_SCREEN_EXHAUSTED_PRIMALITY_UNASSIGNED,GF3A_DIRECTIONAL_WRITE_EXHAUSTED_PRIMALITY_UNASSIGNED,514,512,512,NO_RECORDED_FACTOR_PRP_OR_LL_RESULT_AND_NO_ACTIVE_GIMPS_ASSIGNMENT,2026-08-09T02:56:41+00:00,UNALLOCATED,,,,,
SLCMP1467-0092,92,93,509004961,2^509004961-1,STRUCTURAL_SCREEN_EXHAUSTED_PRIMALITY_UNASSIGNED,GF3A_DIRECTIONAL_WRITE_EXHAUSTED_PRIMALITY_UNASSIGNED,513,512,512,NO_RECORDED_FACTOR_PRP_OR_LL_RESULT_AND_NO_ACTIVE_GIMPS_ASSIGNMENT,2026-08-09T02:56:41+00:00,UNALLOCATED,,,,,
SLCMP1467-0093,93,94,509005127,2^509005127-1,STRUCTURAL_SCREEN_EXHAUSTED_PRIMALITY_UNASSIGNED,GF3A_DIRECTIONAL_WRITE_EXHAUSTED_PRIMALITY_UNASSIGNED,514,512,512,NO_RECORDED_FACTOR_PRP_OR_LL_RESULT_AND_NO_ACTIVE_GIMPS_ASSIGNMENT,2026-08-09T02:56:41+00:00,UNALLOCATED,,,,,
SLCMP1467-0094,94,95,509005247,2^509005247-1,STRUCTURAL_SCREEN_EXHAUSTED_PRIMALITY_UNASSIGNED,GF3A_DIRECTIONAL_WRITE_EXHAUSTED_PRIMALITY_UNASSIGNED,514,512,512,NO_RECORDED_FACTOR_PRP_OR_LL_RESULT_AND_NO_ACTIVE_GIMPS_ASSIGNMENT,2026-08-09T02:56:41+00:00,UNALLOCATED,,,,,
SLCMP1467-0095,95,96,509005349,2^509005349-1,STRUCTURAL_SCREEN_EXHAUSTED_PRIMALITY_UNASSIGNED,GF3A_DIRECTIONAL_WRITE_EXHAUSTED_PRIMALITY_UNASSIGNED,513,512,512,NO_RECORDED_FACTOR_PRP_OR_LL_RESULT_AND_NO_ACTIVE_GIMPS_ASSIGNMENT,2026-08-09T02:56:41+00:00,UNALLOCATED,,,,,
SLCMP1467-0096,96,97,509005391,2^509005391-1,STRUCTURAL_SCREEN_EXHAUSTED_PRIMALITY_UNASSIGNED,GF3A_DIRECTIONAL_WRITE_EXHAUSTED_PRIMALITY_UNASSIGNED,514,512,512,NO_RECORDED_FACTOR_PRP_OR_LL_RESULT_AND_NO_ACTIVE_GIMPS_ASSIGNMENT,2026-08-09T02:56:41+00:00,UNALLOCATED,,,,,
SLCMP1467-0097,97,98,509005403,2^509005403-1,STRUCTURAL_SCREEN_EXHAUSTED_PRIMALITY_UNASSIGNED,GF3A_DIRECTIONAL_WRITE_EXHAUSTED_PRIMALITY_UNASSIGNED,514,512,512,NO_RECORDED_FACTOR_PRP_OR_LL_RESULT_AND_NO_ACTIVE_GIMPS_ASSIGNMENT,2026-08-09T02:56:41+00:00,UNALLOCATED,,,,,
SLCMP1467-0098,98,99,509005417,2^509005417-1,STRUCTURAL_SCREEN_EXHAUSTED_PRIMALITY_UNASSIGNED,GF3A_DIRECTIONAL_WRITE_EXHAUSTED_PRIMALITY_UNASSIGNED,513,512,512,NO_RECORDED_FACTOR_PRP_OR_LL_RESULT_AND_NO_ACTIVE_GIMPS_ASSIGNMENT,2026-08-09T02:56:41+00:00,UNALLOCATED,,,,,
SLCMP1467-0099,99,100,509005487,2^509005487-1,STRUCTURAL_SCREEN_EXHAUSTED_PRIMALITY_UNASSIGNED,GF3A_DIRECTIONAL_WRITE_EXHAUSTED_PRIMALITY_UNASSIGNED,514,512,512,NO_RECORDED_FACTOR_PRP_OR_LL_RESULT_AND_NO_ACTIVE_GIMPS_ASSIGNMENT,2026-08-09T02:56:41+00:00,UNALLOCATED,,,,,
SLCMP1467-0100,100,101,509005501,2^509005501-1,STRUCTURAL_SCREEN_EXHAUSTED_PRIMALITY_UNASSIGNED,GF3A_DIRECTIONAL_WRITE_EXHAUSTED_PRIMALITY_UNASSIGNED,513,512,512,NO_RECORDED_FACTOR_PRP_OR_LL_RESULT_AND_NO_ACTIVE_GIMPS_ASSIGNMENT,2026-08-09T02:56:41+00:00,UNALLOCATED,,,,,
SLCMP1467-0101,101,102,509005547,2^509005547-1,STRUCTURAL_SCREEN_EXHAUSTED_PRIMALITY_UNASSIGNED,GF3A_DIRECTIONAL_WRITE_EXHAUSTED_PRIMALITY_UNASSIGNED,514,512,512,NO_RECORDED_FACTOR_PRP_OR_LL_RESULT_AND_NO_ACTIVE_GIMPS_ASSIGNMENT,2026-08-09T02:56:41+00:00,UNALLOCATED,,,,,
SLCMP1467-0102,102,103,509005561,2^509005561-1,STRUCTURAL_SCREEN_EXHAUSTED_PRIMALITY_UNASSIGNED,GF3A_DIRECTIONAL_WRITE_EXHAUSTED_PRIMALITY_UNASSIGNED,513,512,512,NO_RECORDED_FACTOR_PRP_OR_LL_RESULT_AND_NO_ACTIVE_GIMPS_ASSIGNMENT,2026-08-09T02:56:41+00:00,UNALLOCATED,,,,,
SLCMP1467-0103,103,104,509005613,2^509005613-1,STRUCTURAL_SCREEN_EXHAUSTED_PRIMALITY_UNASSIGNED,GF3A_DIRECTIONAL_WRITE_EXHAUSTED_PRIMALITY_UNASSIGNED,513,512,512,NO_RECORDED_FACTOR_PRP_OR_LL_RESULT_AND_NO_ACTIVE_GIMPS_ASSIGNMENT,2026-08-09T02:56:41+00:00,UNALLOCATED,,,,,
SLCMP1467-0104,104,105,509005643,2^509005643-1,STRUCTURAL_SCREEN_EXHAUSTED_PRIMALITY_UNASSIGNED,GF3A_DIRECTIONAL_WRITE_EXHAUSTED_PRIMALITY_UNASSIGNED,514,512,512,NO_RECORDED_FACTOR_PRP_OR_LL_RESULT_AND_NO_ACTIVE_GIMPS_ASSIGNMENT,2026-08-09T02:56:41+00:00,UNALLOCATED,,,,,
SLCMP1467-0105,105,106,509005699,2^509005699-1,STRUCTURAL_SCREEN_EXHAUSTED_PRIMALITY_UNASSIGNED,GF3A_DIRECTIONAL_WRITE_EXHAUSTED_PRIMALITY_UNASSIGNED,514,512,512,NO_RECORDED_FACTOR_PRP_OR_LL_RESULT_AND_NO_ACTIVE_GIMPS_ASSIGNMENT,2026-08-09T02:56:41+00:00,UNALLOCATED,,,,,
SLCMP1467-0106,106,107,509005727,2^509005727-1,STRUCTURAL_SCREEN_EXHAUSTED_PRIMALITY_UNASSIGNED,GF3A_DIRECTIONAL_WRITE_EXHAUSTED_PRIMALITY_UNASSIGNED,514,512,512,NO_RECORDED_FACTOR_PRP_OR_LL_RESULT_AND_NO_ACTIVE_GIMPS_ASSIGNMENT,2026-08-09T02:56:41+00:00,UNALLOCATED,,,,,
SLCMP1467-0107,107,108,509005733,2^509005733-1,STRUCTURAL_SCREEN_EXHAUSTED_PRIMALITY_UNASSIGNED,GF3A_DIRECTIONAL_WRITE_EXHAUSTED_PRIMALITY_UNASSIGNED,513,512,512,NO_RECORDED_FACTOR_PRP_OR_LL_RESULT_AND_NO_ACTIVE_GIMPS_ASSIGNMENT,2026-08-09T02:56:41+00:00,UNALLOCATED,,,,,
SLCMP1467-0108,108,109,509005829,2^509005829-1,STRUCTURAL_SCREEN_EXHAUSTED_PRIMALITY_UNASSIGNED,GF3A_DIRECTIONAL_WRITE_EXHAUSTED_PRIMALITY_UNASSIGNED,513,512,512,NO_RECORDED_FACTOR_PRP_OR_LL_RESULT_AND_NO_ACTIVE_GIMPS_ASSIGNMENT,2026-08-09T02:56:41+00:00,UNALLOCATED,,,,,
SLCMP1467-0109,109,110,509005831,2^509005831-1,STRUCTURAL_SCREEN_EXHAUSTED_PRIMALITY_UNASSIGNED,GF3A_DIRECTIONAL_WRITE_EXHAUSTED_PRIMALITY_UNASSIGNED,514,512,512,NO_RECORDED_FACTOR_PRP_OR_LL_RESULT_AND_NO_ACTIVE_GIMPS_ASSIGNMENT,2026-08-09T02:56:41+00:00,UNALLOCATED,,,,,
SLCMP1467-0110,110,111,509005841,2^509005841-1,STRUCTURAL_SCREEN_EXHAUSTED_PRIMALITY_UNASSIGNED,GF3A_DIRECTIONAL_WRITE_EXHAUSTED_PRIMALITY_UNASSIGNED,513,512,512,NO_RECORDED_FACTOR_PRP_OR_LL_RESULT_AND_NO_ACTIVE_GIMPS_ASSIGNMENT,2026-08-09T02:56:41+00:00,UNALLOCATED,,,,,
SLCMP1467-0111,111,112,509005853,2^509005853-1,STRUCTURAL_SCREEN_EXHAUSTED_PRIMALITY_UNASSIGNED,GF3A_DIRECTIONAL_WRITE_EXHAUSTED_PRIMALITY_UNASSIGNED,513,512,512,NO_RECORDED_FACTOR_PRP_OR_LL_RESULT_AND_NO_ACTIVE_GIMPS_ASSIGNMENT,2026-08-09T02:56:41+00:00,UNALLOCATED,,,,,
SLCMP1467-0112,112,113,509005919,2^509005919-1,STRUCTURAL_SCREEN_EXHAUSTED_PRIMALITY_UNASSIGNED,GF3A_DIRECTIONAL_WRITE_EXHAUSTED_PRIMALITY_UNASSIGNED,514,512,512,NO_RECORDED_FACTOR_PRP_OR_LL_RESULT_AND_NO_ACTIVE_GIMPS_ASSIGNMENT,2026-08-09T02:56:41+00:00,UNALLOCATED,,,,,
SLCMP1467-0113,113,114,509005943,2^509005943-1,STRUCTURAL_SCREEN_EXHAUSTED_PRIMALITY_UNASSIGNED,GF3A_DIRECTIONAL_WRITE_EXHAUSTED_PRIMALITY_UNASSIGNED,514,512,512,NO_RECORDED_FACTOR_PRP_OR_LL_RESULT_AND_NO_ACTIVE_GIMPS_ASSIGNMENT,2026-08-09T02:56:41+00:00,UNALLOCATED,,,,,
SLCMP1467-0114,114,115,509005951,2^509005951-1,STRUCTURAL_SCREEN_EXHAUSTED_PRIMALITY_UNASSIGNED,GF3A_DIRECTIONAL_WRITE_EXHAUSTED_PRIMALITY_UNASSIGNED,514,512,512,NO_RECORDED_FACTOR_PRP_OR_LL_RESULT_AND_NO_ACTIVE_GIMPS_ASSIGNMENT,2026-08-09T02:56:41+00:00,UNALLOCATED,,,,,
SLCMP1467-0115,115,116,509005961,2^509005961-1,STRUCTURAL_SCREEN_EXHAUSTED_PRIMALITY_UNASSIGNED,GF3A_DIRECTIONAL_WRITE_EXHAUSTED_PRIMALITY_UNASSIGNED,513,512,512,NO_RECORDED_FACTOR_PRP_OR_LL_RESULT_AND_NO_ACTIVE_GIMPS_ASSIGNMENT,2026-08-09T02:56:41+00:00,UNALLOCATED,,,,,
SLCMP1467-0116,116,117,509006083,2^509006083-1,STRUCTURAL_SCREEN_EXHAUSTED_PRIMALITY_UNASSIGNED,GF3A_DIRECTIONAL_WRITE_EXHAUSTED_PRIMALITY_UNASSIGNED,514,512,512,NO_RECORDED_FACTOR_PRP_OR_LL_RESULT_AND_NO_ACTIVE_GIMPS_ASSIGNMENT,2026-08-09T02:56:41+00:00,UNALLOCATED,,,,,
SLCMP1467-0117,117,118,509006087,2^509006087-1,STRUCTURAL_SCREEN_EXHAUSTED_PRIMALITY_UNASSIGNED,GF3A_DIRECTIONAL_WRITE_EXHAUSTED_PRIMALITY_UNASSIGNED,514,512,512,NO_RECORDED_FACTOR_PRP_OR_LL_RESULT_AND_NO_ACTIVE_GIMPS_ASSIGNMENT,2026-08-09T02:56:41+00:00,UNALLOCATED,,,,,
SLCMP1467-0118,118,119,509006107,2^509006107-1,STRUCTURAL_SCREEN_EXHAUSTED_PRIMALITY_UNASSIGNED,GF3A_DIRECTIONAL_WRITE_EXHAUSTED_PRIMALITY_UNASSIGNED,514,512,512,NO_RECORDED_FACTOR_PRP_OR_LL_RESULT_AND_NO_ACTIVE_GIMPS_ASSIGNMENT,2026-08-09T02:56:41+00:00,UNALLOCATED,,,,,
SLCMP1467-0119,119,120,509006137,2^509006137-1,STRUCTURAL_SCREEN_EXHAUSTED_PRIMALITY_UNASSIGNED,GF3A_DIRECTIONAL_WRITE_EXHAUSTED_PRIMALITY_UNASSIGNED,513,512,512,NO_RECORDED_FACTOR_PRP_OR_LL_RESULT_AND_NO_ACTIVE_GIMPS_ASSIGNMENT,2026-08-09T02:56:41+00:00,UNALLOCATED,,,,,
SLCMP1467-0120,120,121,509006167,2^509006167-1,STRUCTURAL_SCREEN_EXHAUSTED_PRIMALITY_UNASSIGNED,GF3A_DIRECTIONAL_WRITE_EXHAUSTED_PRIMALITY_UNASSIGNED,514,512,512,NO_RECORDED_FACTOR_PRP_OR_LL_RESULT_AND_NO_ACTIVE_GIMPS_ASSIGNMENT,2026-08-09T02:56:41+00:00,UNALLOCATED,,,,,
SLCMP1467-0121,121,122,509006177,2^509006177-1,STRUCTURAL_SCREEN_EXHAUSTED_PRIMALITY_UNASSIGNED,GF3A_DIRECTIONAL_WRITE_EXHAUSTED_PRIMALITY_UNASSIGNED,513,512,512,NO_RECORDED_FACTOR_PRP_OR_LL_RESULT_AND_NO_ACTIVE_GIMPS_ASSIGNMENT,2026-08-09T02:56:41+00:00,UNALLOCATED,,,,,
SLCMP1467-0122,122,123,509006207,2^509006207-1,STRUCTURAL_SCREEN_EXHAUSTED_PRIMALITY_UNASSIGNED,GF3A_DIRECTIONAL_WRITE_EXHAUSTED_PRIMALITY_UNASSIGNED,514,512,512,NO_RECORDED_FACTOR_PRP_OR_LL_RESULT_AND_NO_ACTIVE_GIMPS_ASSIGNMENT,2026-08-09T02:56:41+00:00,UNALLOCATED,,,,,
SLCMP1467-0123,123,124,509006237,2^509006237-1,STRUCTURAL_SCREEN_EXHAUSTED_PRIMALITY_UNASSIGNED,GF3A_DIRECTIONAL_WRITE_EXHAUSTED_PRIMALITY_UNASSIGNED,513,512,512,NO_RECORDED_FACTOR_PRP_OR_LL_RESULT_AND_NO_ACTIVE_GIMPS_ASSIGNMENT,2026-08-09T02:56:41+00:00,UNALLOCATED,,,,,
SLCMP1467-0124,124,125,509006269,2^509006269-1,STRUCTURAL_SCREEN_EXHAUSTED_PRIMALITY_UNASSIGNED,GF3A_DIRECTIONAL_WRITE_EXHAUSTED_PRIMALITY_UNASSIGNED,513,512,512,NO_RECORDED_FACTOR_PRP_OR_LL_RESULT_AND_NO_ACTIVE_GIMPS_ASSIGNMENT,2026-08-09T02:56:41+00:00,UNALLOCATED,,,,,
SLCMP1467-0125,125,126,509006273,2^509006273-1,STRUCTURAL_SCREEN_EXHAUSTED_PRIMALITY_UNASSIGNED,GF3A_DIRECTIONAL_WRITE_EXHAUSTED_PRIMALITY_UNASSIGNED,513,512,512,NO_RECORDED_FACTOR_PRP_OR_LL_RESULT_AND_NO_ACTIVE_GIMPS_ASSIGNMENT,2026-08-09T02:56:41+00:00,UNALLOCATED,,,,,
SLCMP1467-0126,126,127,509006279,2^509006279-1,STRUCTURAL_SCREEN_EXHAUSTED_PRIMALITY_UNASSIGNED,GF3A_DIRECTIONAL_WRITE_EXHAUSTED_PRIMALITY_UNASSIGNED,514,512,512,NO_RECORDED_FACTOR_PRP_OR_LL_RESULT_AND_NO_ACTIVE_GIMPS_ASSIGNMENT,2026-08-09T02:56:41+00:00,UNALLOCATED,,,,,
SLCMP1467-0127,127,128,509006291,2^509006291-1,STRUCTURAL_SCREEN_EXHAUSTED_PRIMALITY_UNASSIGNED,GF3A_DIRECTIONAL_WRITE_EXHAUSTED_PRIMALITY_UNASSIGNED,514,512,512,NO_RECORDED_FACTOR_PRP_OR_LL_RESULT_AND_NO_ACTIVE_GIMPS_ASSIGNMENT,2026-08-09T02:56:41+00:00,UNALLOCATED,,,,,
SLCMP1467-0128,128,129,509006359,2^509006359-1,STRUCTURAL_SCREEN_EXHAUSTED_PRIMALITY_UNASSIGNED,GF3A_DIRECTIONAL_WRITE_EXHAUSTED_PRIMALITY_UNASSIGNED,514,512,512,NO_RECORDED_FACTOR_PRP_OR_LL_RESULT_AND_NO_ACTIVE_GIMPS_ASSIGNMENT,2026-08-09T02:56:41+00:00,UNALLOCATED,,,,,
SLCMP1467-0129,129,130,509006363,2^509006363-1,STRUCTURAL_SCREEN_EXHAUSTED_PRIMALITY_UNASSIGNED,GF3A_DIRECTIONAL_WRITE_EXHAUSTED_PRIMALITY_UNASSIGNED,514,512,512,NO_RECORDED_FACTOR_PRP_OR_LL_RESULT_AND_NO_ACTIVE_GIMPS_ASSIGNMENT,2026-08-09T02:56:41+00:00,UNALLOCATED,,,,,
SLCMP1467-0130,130,131,509006411,2^509006411-1,STRUCTURAL_SCREEN_EXHAUSTED_PRIMALITY_UNASSIGNED,GF3A_DIRECTIONAL_WRITE_EXHAUSTED_PRIMALITY_UNASSIGNED,514,512,512,NO_RECORDED_FACTOR_PRP_OR_LL_RESULT_AND_NO_ACTIVE_GIMPS_ASSIGNMENT,2026-08-09T02:56:41+00:00,UNALLOCATED,,,,,
SLCMP1467-0131,131,132,509006467,2^509006467-1,STRUCTURAL_SCREEN_EXHAUSTED_PRIMALITY_UNASSIGNED,GF3A_DIRECTIONAL_WRITE_EXHAUSTED_PRIMALITY_UNASSIGNED,514,512,512,NO_RECORDED_FACTOR_PRP_OR_LL_RESULT_AND_NO_ACTIVE_GIMPS_ASSIGNMENT,2026-08-09T02:56:41+00:00,UNALLOCATED,,,,,
SLCMP1467-0132,132,133,509006479,2^509006479-1,STRUCTURAL_SCREEN_EXHAUSTED_PRIMALITY_UNASSIGNED,GF3A_DIRECTIONAL_WRITE_EXHAUSTED_PRIMALITY_UNASSIGNED,514,512,512,NO_RECORDED_FACTOR_PRP_OR_LL_RESULT_AND_NO_ACTIVE_GIMPS_ASSIGNMENT,2026-08-09T02:56:41+00:00,UNALLOCATED,,,,,
SLCMP1467-0133,133,134,509006699,2^509006699-1,STRUCTURAL_SCREEN_EXHAUSTED_PRIMALITY_UNASSIGNED,GF3A_DIRECTIONAL_WRITE_EXHAUSTED_PRIMALITY_UNASSIGNED,514,512,512,NO_RECORDED_FACTOR_PRP_OR_LL_RESULT_AND_NO_ACTIVE_GIMPS_ASSIGNMENT,2026-08-09T02:56:41+00:00,UNALLOCATED,,,,,
SLCMP1467-0134,134,135,509006711,2^509006711-1,STRUCTURAL_SCREEN_EXHAUSTED_PRIMALITY_UNASSIGNED,GF3A_DIRECTIONAL_WRITE_EXHAUSTED_PRIMALITY_UNASSIGNED,514,512,512,NO_RECORDED_FACTOR_PRP_OR_LL_RESULT_AND_NO_ACTIVE_GIMPS_ASSIGNMENT,2026-08-09T02:56:41+00:00,UNALLOCATED,,,,,
SLCMP1467-0135,135,136,509006807,2^509006807-1,STRUCTURAL_SCREEN_EXHAUSTED_PRIMALITY_UNASSIGNED,GF3A_DIRECTIONAL_WRITE_EXHAUSTED_PRIMALITY_UNASSIGNED,514,512,512,NO_RECORDED_FACTOR_PRP_OR_LL_RESULT_AND_NO_ACTIVE_GIMPS_ASSIGNMENT,2026-08-09T02:56:41+00:00,UNALLOCATED,,,,,
SLCMP1467-0136,136,137,509006833,2^509006833-1,STRUCTURAL_SCREEN_EXHAUSTED_PRIMALITY_UNASSIGNED,GF3A_DIRECTIONAL_WRITE_EXHAUSTED_PRIMALITY_UNASSIGNED,513,512,512,NO_RECORDED_FACTOR_PRP_OR_LL_RESULT_AND_NO_ACTIVE_GIMPS_ASSIGNMENT,2026-08-09T02:56:41+00:00,UNALLOCATED,,,,,
SLCMP1467-0137,137,138,509006857,2^509006857-1,STRUCTURAL_SCREEN_EXHAUSTED_PRIMALITY_UNASSIGNED,GF3A_DIRECTIONAL_WRITE_EXHAUSTED_PRIMALITY_UNASSIGNED,513,512,512,NO_RECORDED_FACTOR_PRP_OR_LL_RESULT_AND_NO_ACTIVE_GIMPS_ASSIGNMENT,2026-08-09T02:56:41+00:00,UNALLOCATED,,,,,
SLCMP1467-0138,138,139,509006899,2^509006899-1,STRUCTURAL_SCREEN_EXHAUSTED_PRIMALITY_UNASSIGNED,GF3A_DIRECTIONAL_WRITE_EXHAUSTED_PRIMALITY_UNASSIGNED,514,512,512,NO_RECORDED_FACTOR_PRP_OR_LL_RESULT_AND_NO_ACTIVE_GIMPS_ASSIGNMENT,2026-08-09T02:56:41+00:00,UNALLOCATED,,,,,
SLCMP1467-0139,139,140,509006929,2^509006929-1,STRUCTURAL_SCREEN_EXHAUSTED_PRIMALITY_UNASSIGNED,GF3A_DIRECTIONAL_WRITE_EXHAUSTED_PRIMALITY_UNASSIGNED,513,512,512,NO_RECORDED_FACTOR_PRP_OR_LL_RESULT_AND_NO_ACTIVE_GIMPS_ASSIGNMENT,2026-08-09T02:56:41+00:00,UNALLOCATED,,,,,
SLCMP1467-0140,140,141,509006959,2^509006959-1,STRUCTURAL_SCREEN_EXHAUSTED_PRIMALITY_UNASSIGNED,GF3A_DIRECTIONAL_WRITE_EXHAUSTED_PRIMALITY_UNASSIGNED,514,512,512,NO_RECORDED_FACTOR_PRP_OR_LL_RESULT_AND_NO_ACTIVE_GIMPS_ASSIGNMENT,2026-08-09T02:56:41+00:00,UNALLOCATED,,,,,
SLCMP1467-0141,141,142,509006963,2^509006963-1,STRUCTURAL_SCREEN_EXHAUSTED_PRIMALITY_UNASSIGNED,GF3A_DIRECTIONAL_WRITE_EXHAUSTED_PRIMALITY_UNASSIGNED,514,512,512,NO_RECORDED_FACTOR_PRP_OR_LL_RESULT_AND_NO_ACTIVE_GIMPS_ASSIGNMENT,2026-08-09T02:56:41+00:00,UNALLOCATED,,,,,
SLCMP1467-0142,142,143,509006999,2^509006999-1,STRUCTURAL_SCREEN_EXHAUSTED_PRIMALITY_UNASSIGNED,GF3A_DIRECTIONAL_WRITE_EXHAUSTED_PRIMALITY_UNASSIGNED,514,512,512,NO_RECORDED_FACTOR_PRP_OR_LL_RESULT_AND_NO_ACTIVE_GIMPS_ASSIGNMENT,2026-08-09T02:56:41+00:00,UNALLOCATED,,,,,
SLCMP1467-0143,143,144,509007007,2^509007007-1,STRUCTURAL_SCREEN_EXHAUSTED_PRIMALITY_UNASSIGNED,GF3A_DIRECTIONAL_WRITE_EXHAUSTED_PRIMALITY_UNASSIGNED,514,512,512,NO_RECORDED_FACTOR_PRP_OR_LL_RESULT_AND_NO_ACTIVE_GIMPS_ASSIGNMENT,2026-08-09T02:56:41+00:00,UNALLOCATED,,,,,
SLCMP1467-0144,144,145,509007029,2^509007029-1,STRUCTURAL_SCREEN_EXHAUSTED_PRIMALITY_UNASSIGNED,GF3A_DIRECTIONAL_WRITE_EXHAUSTED_PRIMALITY_UNASSIGNED,513,512,512,NO_RECORDED_FACTOR_PRP_OR_LL_RESULT_AND_NO_ACTIVE_GIMPS_ASSIGNMENT,2026-08-09T02:56:41+00:00,UNALLOCATED,,,,,
SLCMP1467-0145,145,146,509007041,2^509007041-1,STRUCTURAL_SCREEN_EXHAUSTED_PRIMALITY_UNASSIGNED,GF3A_DIRECTIONAL_WRITE_EXHAUSTED_PRIMALITY_UNASSIGNED,513,512,512,NO_RECORDED_FACTOR_PRP_OR_LL_RESULT_AND_NO_ACTIVE_GIMPS_ASSIGNMENT,2026-08-09T02:56:41+00:00,UNALLOCATED,,,,,
SLCMP1467-0146,146,147,509007091,2^509007091-1,STRUCTURAL_SCREEN_EXHAUSTED_PRIMALITY_UNASSIGNED,GF3A_DIRECTIONAL_WRITE_EXHAUSTED_PRIMALITY_UNASSIGNED,514,512,512,NO_RECORDED_FACTOR_PRP_OR_LL_RESULT_AND_NO_ACTIVE_GIMPS_ASSIGNMENT,2026-08-09T02:56:41+00:00,UNALLOCATED,,,,,
SLCMP1467-0147,147,148,509007127,2^509007127-1,STRUCTURAL_SCREEN_EXHAUSTED_PRIMALITY_UNASSIGNED,GF3A_DIRECTIONAL_WRITE_EXHAUSTED_PRIMALITY_UNASSIGNED,514,512,512,NO_RECORDED_FACTOR_PRP_OR_LL_RESULT_AND_NO_ACTIVE_GIMPS_ASSIGNMENT,2026-08-09T02:56:41+00:00,UNALLOCATED,,,,,
SLCMP1467-0148,148,149,509007253,2^509007253-1,STRUCTURAL_SCREEN_EXHAUSTED_PRIMALITY_UNASSIGNED,GF3A_DIRECTIONAL_WRITE_EXHAUSTED_PRIMALITY_UNASSIGNED,513,512,512,NO_RECORDED_FACTOR_PRP_OR_LL_RESULT_AND_NO_ACTIVE_GIMPS_ASSIGNMENT,2026-08-09T02:56:41+00:00,UNALLOCATED,,,,,
SLCMP1467-0149,149,150,509007341,2^509007341-1,STRUCTURAL_SCREEN_EXHAUSTED_PRIMALITY_UNASSIGNED,GF3A_DIRECTIONAL_WRITE_EXHAUSTED_PRIMALITY_UNASSIGNED,513,512,512,NO_RECORDED_FACTOR_PRP_OR_LL_RESULT_AND_NO_ACTIVE_GIMPS_ASSIGNMENT,2026-08-09T02:56:41+00:00,UNALLOCATED,,,,,
SLCMP1467-0150,150,151,509007361,2^509007361-1,STRUCTURAL_SCREEN_EXHAUSTED_PRIMALITY_UNASSIGNED,GF3A_DIRECTIONAL_WRITE_EXHAUSTED_PRIMALITY_UNASSIGNED,513,512,512,NO_RECORDED_FACTOR_PRP_OR_LL_RESULT_AND_NO_ACTIVE_GIMPS_ASSIGNMENT,2026-08-09T02:56:41+00:00,UNALLOCATED,,,,,
SLCMP1467-0151,151,152,509007379,2^509007379-1,STRUCTURAL_SCREEN_EXHAUSTED_PRIMALITY_UNASSIGNED,GF3A_DIRECTIONAL_WRITE_EXHAUSTED_PRIMALITY_UNASSIGNED,514,512,512,NO_RECORDED_FACTOR_PRP_OR_LL_RESULT_AND_NO_ACTIVE_GIMPS_ASSIGNMENT,2026-08-09T02:56:41+00:00,UNALLOCATED,,,,,
SLCMP1467-0152,152,153,509007427,2^509007427-1,STRUCTURAL_SCREEN_EXHAUSTED_PRIMALITY_UNASSIGNED,GF3A_DIRECTIONAL_WRITE_EXHAUSTED_PRIMALITY_UNASSIGNED,514,512,512,NO_RECORDED_FACTOR_PRP_OR_LL_RESULT_AND_NO_ACTIVE_GIMPS_ASSIGNMENT,2026-08-09T02:56:41+00:00,UNALLOCATED,,,,,
SLCMP1467-0153,153,154,509007451,2^509007451-1,STRUCTURAL_SCREEN_EXHAUSTED_PRIMALITY_UNASSIGNED,GF3A_DIRECTIONAL_WRITE_EXHAUSTED_PRIMALITY_UNASSIGNED,514,512,512,NO_RECORDED_FACTOR_PRP_OR_LL_RESULT_AND_NO_ACTIVE_GIMPS_ASSIGNMENT,2026-08-09T02:56:41+00:00,UNALLOCATED,,,,,
SLCMP1467-0154,154,155,509007463,2^509007463-1,STRUCTURAL_SCREEN_EXHAUSTED_PRIMALITY_UNASSIGNED,GF3A_DIRECTIONAL_WRITE_EXHAUSTED_PRIMALITY_UNASSIGNED,514,512,512,NO_RECORDED_FACTOR_PRP_OR_LL_RESULT_AND_NO_ACTIVE_GIMPS_ASSIGNMENT,2026-08-09T02:56:41+00:00,UNALLOCATED,,,,,
SLCMP1467-0155,155,156,509007487,2^509007487-1,STRUCTURAL_SCREEN_EXHAUSTED_PRIMALITY_UNASSIGNED,GF3A_DIRECTIONAL_WRITE_EXHAUSTED_PRIMALITY_UNASSIGNED,514,512,512,NO_RECORDED_FACTOR_PRP_OR_LL_RESULT_AND_NO_ACTIVE_GIMPS_ASSIGNMENT,2026-08-09T02:56:41+00:00,UNALLOCATED,,,,,
SLCMP1467-0156,156,157,509007637,2^509007637-1,STRUCTURAL_SCREEN_EXHAUSTED_PRIMALITY_UNASSIGNED,GF3A_DIRECTIONAL_WRITE_EXHAUSTED_PRIMALITY_UNASSIGNED,513,512,512,NO_RECORDED_FACTOR_PRP_OR_LL_RESULT_AND_NO_ACTIVE_GIMPS_ASSIGNMENT,2026-08-09T02:56:41+00:00,UNALLOCATED,,,,,
SLCMP1467-0157,157,158,509007671,2^509007671-1,STRUCTURAL_SCREEN_EXHAUSTED_PRIMALITY_UNASSIGNED,GF3A_DIRECTIONAL_WRITE_EXHAUSTED_PRIMALITY_UNASSIGNED,514,512,512,NO_RECORDED_FACTOR_PRP_OR_LL_RESULT_AND_NO_ACTIVE_GIMPS_ASSIGNMENT,2026-08-09T02:56:41+00:00,UNALLOCATED,,,,,
SLCMP1467-0158,158,159,509007673,2^509007673-1,STRUCTURAL_SCREEN_EXHAUSTED_PRIMALITY_UNASSIGNED,GF3A_DIRECTIONAL_WRITE_EXHAUSTED_PRIMALITY_UNASSIGNED,513,512,512,NO_RECORDED_FACTOR_PRP_OR_LL_RESULT_AND_NO_ACTIVE_GIMPS_ASSIGNMENT,2026-08-09T02:56:41+00:00,UNALLOCATED,,,,,
SLCMP1467-0159,159,160,509007713,2^509007713-1,STRUCTURAL_SCREEN_EXHAUSTED_PRIMALITY_UNASSIGNED,GF3A_DIRECTIONAL_WRITE_EXHAUSTED_PRIMALITY_UNASSIGNED,513,512,512,NO_RECORDED_FACTOR_PRP_OR_LL_RESULT_AND_NO_ACTIVE_GIMPS_ASSIGNMENT,2026-08-09T02:56:41+00:00,UNALLOCATED,,,,,
SLCMP1467-0160,160,161,509007869,2^509007869-1,STRUCTURAL_SCREEN_EXHAUSTED_PRIMALITY_UNASSIGNED,GF3A_DIRECTIONAL_WRITE_EXHAUSTED_PRIMALITY_UNASSIGNED,513,512,512,NO_RECORDED_FACTOR_PRP_OR_LL_RESULT_AND_NO_ACTIVE_GIMPS_ASSIGNMENT,2026-08-09T02:56:41+00:00,UNALLOCATED,,,,,
SLCMP1467-0161,161,162,509007883,2^509007883-1,STRUCTURAL_SCREEN_EXHAUSTED_PRIMALITY_UNASSIGNED,GF3A_DIRECTIONAL_WRITE_EXHAUSTED_PRIMALITY_UNASSIGNED,514,512,512,NO_RECORDED_FACTOR_PRP_OR_LL_RESULT_AND_NO_ACTIVE_GIMPS_ASSIGNMENT,2026-08-09T02:56:41+00:00,UNALLOCATED,,,,,
SLCMP1467-0162,162,163,509007953,2^509007953-1,STRUCTURAL_SCREEN_EXHAUSTED_PRIMALITY_UNASSIGNED,GF3A_DIRECTIONAL_WRITE_EXHAUSTED_PRIMALITY_UNASSIGNED,513,512,512,NO_RECORDED_FACTOR_PRP_OR_LL_RESULT_AND_NO_ACTIVE_GIMPS_ASSIGNMENT,2026-08-09T02:56:41+00:00,UNALLOCATED,,,,,
SLCMP1467-0163,163,164,509007977,2^509007977-1,STRUCTURAL_SCREEN_EXHAUSTED_PRIMALITY_UNASSIGNED,GF3A_DIRECTIONAL_WRITE_EXHAUSTED_PRIMALITY_UNASSIGNED,513,512,512,NO_RECORDED_FACTOR_PRP_OR_LL_RESULT_AND_NO_ACTIVE_GIMPS_ASSIGNMENT,2026-08-09T02:56:41+00:00,UNALLOCATED,,,,,
SLCMP1467-0164,164,165,509008133,2^509008133-1,STRUCTURAL_SCREEN_EXHAUSTED_PRIMALITY_UNASSIGNED,GF3A_DIRECTIONAL_WRITE_EXHAUSTED_PRIMALITY_UNASSIGNED,513,512,512,NO_RECORDED_FACTOR_PRP_OR_LL_RESULT_AND_NO_ACTIVE_GIMPS_ASSIGNMENT,2026-08-09T02:56:41+00:00,UNALLOCATED,,,,,
SLCMP1467-0165,165,166,509008219,2^509008219-1,STRUCTURAL_SCREEN_EXHAUSTED_PRIMALITY_UNASSIGNED,GF3A_DIRECTIONAL_WRITE_EXHAUSTED_PRIMALITY_UNASSIGNED,514,512,512,NO_RECORDED_FACTOR_PRP_OR_LL_RESULT_AND_NO_ACTIVE_GIMPS_ASSIGNMENT,2026-08-09T02:56:41+00:00,UNALLOCATED,,,,,
SLCMP1467-0166,166,167,509008259,2^509008259-1,STRUCTURAL_SCREEN_EXHAUSTED_PRIMALITY_UNASSIGNED,GF3A_DIRECTIONAL_WRITE_EXHAUSTED_PRIMALITY_UNASSIGNED,514,512,512,NO_RECORDED_FACTOR_PRP_OR_LL_RESULT_AND_NO_ACTIVE_GIMPS_ASSIGNMENT,2026-08-09T02:56:41+00:00,UNALLOCATED,,,,,
SLCMP1467-0167,167,168,509008303,2^509008303-1,STRUCTURAL_SCREEN_EXHAUSTED_PRIMALITY_UNASSIGNED,GF3A_DIRECTIONAL_WRITE_EXHAUSTED_PRIMALITY_UNASSIGNED,514,512,512,NO_RECORDED_FACTOR_PRP_OR_LL_RESULT_AND_NO_ACTIVE_GIMPS_ASSIGNMENT,2026-08-09T02:56:41+00:00,UNALLOCATED,,,,,
SLCMP1467-0168,168,169,509008307,2^509008307-1,STRUCTURAL_SCREEN_EXHAUSTED_PRIMALITY_UNASSIGNED,GF3A_DIRECTIONAL_WRITE_EXHAUSTED_PRIMALITY_UNASSIGNED,514,512,512,NO_RECORDED_FACTOR_PRP_OR_LL_RESULT_AND_NO_ACTIVE_GIMPS_ASSIGNMENT,2026-08-09T02:56:41+00:00,UNALLOCATED,,,,,
SLCMP1467-0169,169,170,509008337,2^509008337-1,STRUCTURAL_SCREEN_EXHAUSTED_PRIMALITY_UNASSIGNED,GF3A_DIRECTIONAL_WRITE_EXHAUSTED_PRIMALITY_UNASSIGNED,513,512,512,NO_RECORDED_FACTOR_PRP_OR_LL_RESULT_AND_NO_ACTIVE_GIMPS_ASSIGNMENT,2026-08-09T02:56:41+00:00,UNALLOCATED,,,,,
SLCMP1467-0170,170,171,509008393,2^509008393-1,STRUCTURAL_SCREEN_EXHAUSTED_PRIMALITY_UNASSIGNED,GF3A_DIRECTIONAL_WRITE_EXHAUSTED_PRIMALITY_UNASSIGNED,513,512,512,NO_RECORDED_FACTOR_PRP_OR_LL_RESULT_AND_NO_ACTIVE_GIMPS_ASSIGNMENT,2026-08-09T02:56:41+00:00,UNALLOCATED,,,,,
SLCMP1467-0171,171,172,509008397,2^509008397-1,STRUCTURAL_SCREEN_EXHAUSTED_PRIMALITY_UNASSIGNED,GF3A_DIRECTIONAL_WRITE_EXHAUSTED_PRIMALITY_UNASSIGNED,513,512,512,NO_RECORDED_FACTOR_PRP_OR_LL_RESULT_AND_NO_ACTIVE_GIMPS_ASSIGNMENT,2026-08-09T02:56:41+00:00,UNALLOCATED,,,,,
SLCMP1467-0172,172,173,509008429,2^509008429-1,STRUCTURAL_SCREEN_EXHAUSTED_PRIMALITY_UNASSIGNED,GF3A_DIRECTIONAL_WRITE_EXHAUSTED_PRIMALITY_UNASSIGNED,513,512,512,NO_RECORDED_FACTOR_PRP_OR_LL_RESULT_AND_NO_ACTIVE_GIMPS_ASSIGNMENT,2026-08-09T02:56:41+00:00,UNALLOCATED,,,,,
SLCMP1467-0173,173,174,509008453,2^509008453-1,STRUCTURAL_SCREEN_EXHAUSTED_PRIMALITY_UNASSIGNED,GF3A_DIRECTIONAL_WRITE_EXHAUSTED_PRIMALITY_UNASSIGNED,513,512,512,NO_RECORDED_FACTOR_PRP_OR_LL_RESULT_AND_NO_ACTIVE_GIMPS_ASSIGNMENT,2026-08-09T02:56:41+00:00,UNALLOCATED,,,,,
SLCMP1467-0174,174,175,509008459,2^509008459-1,STRUCTURAL_SCREEN_EXHAUSTED_PRIMALITY_UNASSIGNED,GF3A_DIRECTIONAL_WRITE_EXHAUSTED_PRIMALITY_UNASSIGNED,514,512,512,NO_RECORDED_FACTOR_PRP_OR_LL_RESULT_AND_NO_ACTIVE_GIMPS_ASSIGNMENT,2026-08-09T02:56:41+00:00,UNALLOCATED,,,,,
SLCMP1467-0175,175,176,509008477,2^509008477-1,STRUCTURAL_SCREEN_EXHAUSTED_PRIMALITY_UNASSIGNED,GF3A_DIRECTIONAL_WRITE_EXHAUSTED_PRIMALITY_UNASSIGNED,513,512,512,NO_RECORDED_FACTOR_PRP_OR_LL_RESULT_AND_NO_ACTIVE_GIMPS_ASSIGNMENT,2026-08-09T02:56:41+00:00,UNALLOCATED,,,,,
SLCMP1467-0176,176,177,509008559,2^509008559-1,STRUCTURAL_SCREEN_EXHAUSTED_PRIMALITY_UNASSIGNED,GF3A_DIRECTIONAL_WRITE_EXHAUSTED_PRIMALITY_UNASSIGNED,514,512,512,NO_RECORDED_FACTOR_PRP_OR_LL_RESULT_AND_NO_ACTIVE_GIMPS_ASSIGNMENT,2026-08-09T02:56:41+00:00,UNALLOCATED,,,,,
SLCMP1467-0177,177,178,509008597,2^509008597-1,STRUCTURAL_SCREEN_EXHAUSTED_PRIMALITY_UNASSIGNED,GF3A_DIRECTIONAL_WRITE_EXHAUSTED_PRIMALITY_UNASSIGNED,513,512,512,NO_RECORDED_FACTOR_PRP_OR_LL_RESULT_AND_NO_ACTIVE_GIMPS_ASSIGNMENT,2026-08-09T02:56:41+00:00,UNALLOCATED,,,,,
SLCMP1467-0178,178,179,509008603,2^509008603-1,STRUCTURAL_SCREEN_EXHAUSTED_PRIMALITY_UNASSIGNED,GF3A_DIRECTIONAL_WRITE_EXHAUSTED_PRIMALITY_UNASSIGNED,514,512,512,NO_RECORDED_FACTOR_PRP_OR_LL_RESULT_AND_NO_ACTIVE_GIMPS_ASSIGNMENT,2026-08-09T02:56:41+00:00,UNALLOCATED,,,,,
SLCMP1467-0179,179,180,509008639,2^509008639-1,STRUCTURAL_SCREEN_EXHAUSTED_PRIMALITY_UNASSIGNED,GF3A_DIRECTIONAL_WRITE_EXHAUSTED_PRIMALITY_UNASSIGNED,514,512,512,NO_RECORDED_FACTOR_PRP_OR_LL_RESULT_AND_NO_ACTIVE_GIMPS_ASSIGNMENT,2026-08-09T02:56:41+00:00,UNALLOCATED,,,,,
SLCMP1467-0180,180,181,509008657,2^509008657-1,STRUCTURAL_SCREEN_EXHAUSTED_PRIMALITY_UNASSIGNED,GF3A_DIRECTIONAL_WRITE_EXHAUSTED_PRIMALITY_UNASSIGNED,513,512,512,NO_RECORDED_FACTOR_PRP_OR_LL_RESULT_AND_NO_ACTIVE_GIMPS_ASSIGNMENT,2026-08-09T02:56:41+00:00,UNALLOCATED,,,,,
SLCMP1467-0181,181,182,509008681,2^509008681-1,STRUCTURAL_SCREEN_EXHAUSTED_PRIMALITY_UNASSIGNED,GF3A_DIRECTIONAL_WRITE_EXHAUSTED_PRIMALITY_UNASSIGNED,513,512,512,NO_RECORDED_FACTOR_PRP_OR_LL_RESULT_AND_NO_ACTIVE_GIMPS_ASSIGNMENT,2026-08-09T02:56:41+00:00,UNALLOCATED,,,,,
SLCMP1467-0182,182,183,509008691,2^509008691-1,STRUCTURAL_SCREEN_EXHAUSTED_PRIMALITY_UNASSIGNED,GF3A_DIRECTIONAL_WRITE_EXHAUSTED_PRIMALITY_UNASSIGNED,514,512,512,NO_RECORDED_FACTOR_PRP_OR_LL_RESULT_AND_NO_ACTIVE_GIMPS_ASSIGNMENT,2026-08-09T02:56:41+00:00,UNALLOCATED,,,,,
SLCMP1467-0183,183,184,509008693,2^509008693-1,STRUCTURAL_SCREEN_EXHAUSTED_PRIMALITY_UNASSIGNED,GF3A_DIRECTIONAL_WRITE_EXHAUSTED_PRIMALITY_UNASSIGNED,513,512,512,NO_RECORDED_FACTOR_PRP_OR_LL_RESULT_AND_NO_ACTIVE_GIMPS_ASSIGNMENT,2026-08-09T02:56:41+00:00,UNALLOCATED,,,,,
SLCMP1467-0184,184,185,509008751,2^509008751-1,STRUCTURAL_SCREEN_EXHAUSTED_PRIMALITY_UNASSIGNED,GF3A_DIRECTIONAL_WRITE_EXHAUSTED_PRIMALITY_UNASSIGNED,514,512,512,NO_RECORDED_FACTOR_PRP_OR_LL_RESULT_AND_NO_ACTIVE_GIMPS_ASSIGNMENT,2026-08-09T02:56:41+00:00,UNALLOCATED,,,,,
SLCMP1467-0185,185,186,509008757,2^509008757-1,STRUCTURAL_SCREEN_EXHAUSTED_PRIMALITY_UNASSIGNED,GF3A_DIRECTIONAL_WRITE_EXHAUSTED_PRIMALITY_UNASSIGNED,513,512,512,NO_RECORDED_FACTOR_PRP_OR_LL_RESULT_AND_NO_ACTIVE_GIMPS_ASSIGNMENT,2026-08-09T02:56:41+00:00,UNALLOCATED,,,,,
SLCMP1467-0186,186,187,509008807,2^509008807-1,STRUCTURAL_SCREEN_EXHAUSTED_PRIMALITY_UNASSIGNED,GF3A_DIRECTIONAL_WRITE_EXHAUSTED_PRIMALITY_UNASSIGNED,514,512,512,NO_RECORDED_FACTOR_PRP_OR_LL_RESULT_AND_NO_ACTIVE_GIMPS_ASSIGNMENT,2026-08-09T02:56:41+00:00,UNALLOCATED,,,,,
SLCMP1467-0187,187,188,509008897,2^509008897-1,STRUCTURAL_SCREEN_EXHAUSTED_PRIMALITY_UNASSIGNED,GF3A_DIRECTIONAL_WRITE_EXHAUSTED_PRIMALITY_UNASSIGNED,513,512,512,NO_RECORDED_FACTOR_PRP_OR_LL_RESULT_AND_NO_ACTIVE_GIMPS_ASSIGNMENT,2026-08-09T02:56:41+00:00,UNALLOCATED,,,,,
SLCMP1467-0188,188,189,509008909,2^509008909-1,STRUCTURAL_SCREEN_EXHAUSTED_PRIMALITY_UNASSIGNED,GF3A_DIRECTIONAL_WRITE_EXHAUSTED_PRIMALITY_UNASSIGNED,513,512,512,NO_RECORDED_FACTOR_PRP_OR_LL_RESULT_AND_NO_ACTIVE_GIMPS_ASSIGNMENT,2026-08-09T02:56:41+00:00,UNALLOCATED,,,,,
SLCMP1467-0189,189,190,509008939,2^509008939-1,STRUCTURAL_SCREEN_EXHAUSTED_PRIMALITY_UNASSIGNED,GF3A_DIRECTIONAL_WRITE_EXHAUSTED_PRIMALITY_UNASSIGNED,514,512,512,NO_RECORDED_FACTOR_PRP_OR_LL_RESULT_AND_NO_ACTIVE_GIMPS_ASSIGNMENT,2026-08-09T02:56:41+00:00,UNALLOCATED,,,,,
SLCMP1467-0190,190,191,509009027,2^509009027-1,STRUCTURAL_SCREEN_EXHAUSTED_PRIMALITY_UNASSIGNED,GF3A_DIRECTIONAL_WRITE_EXHAUSTED_PRIMALITY_UNASSIGNED,514,512,512,NO_RECORDED_FACTOR_PRP_OR_LL_RESULT_AND_NO_ACTIVE_GIMPS_ASSIGNMENT,2026-08-09T02:56:41+00:00,UNALLOCATED,,,,,
SLCMP1467-0191,191,192,509009101,2^509009101-1,STRUCTURAL_SCREEN_EXHAUSTED_PRIMALITY_UNASSIGNED,GF3A_DIRECTIONAL_WRITE_EXHAUSTED_PRIMALITY_UNASSIGNED,513,512,512,NO_RECORDED_FACTOR_PRP_OR_LL_RESULT_AND_NO_ACTIVE_GIMPS_ASSIGNMENT,2026-08-09T02:56:41+00:00,UNALLOCATED,,,,,
SLCMP1467-0192,192,193,509009167,2^509009167-1,STRUCTURAL_SCREEN_EXHAUSTED_PRIMALITY_UNASSIGNED,GF3A_DIRECTIONAL_WRITE_EXHAUSTED_PRIMALITY_UNASSIGNED,514,512,512,NO_RECORDED_FACTOR_PRP_OR_LL_RESULT_AND_NO_ACTIVE_GIMPS_ASSIGNMENT,2026-08-09T02:56:41+00:00,UNALLOCATED,,,,,
SLCMP1467-0193,193,194,509009231,2^509009231-1,STRUCTURAL_SCREEN_EXHAUSTED_PRIMALITY_UNASSIGNED,GF3A_DIRECTIONAL_WRITE_EXHAUSTED_PRIMALITY_UNASSIGNED,514,512,512,NO_RECORDED_FACTOR_PRP_OR_LL_RESULT_AND_NO_ACTIVE_GIMPS_ASSIGNMENT,2026-08-09T02:56:41+00:00,UNALLOCATED,,,,,
SLCMP1467-0194,194,195,509009329,2^509009329-1,STRUCTURAL_SCREEN_EXHAUSTED_PRIMALITY_UNASSIGNED,GF3A_DIRECTIONAL_WRITE_EXHAUSTED_PRIMALITY_UNASSIGNED,513,512,512,NO_RECORDED_FACTOR_PRP_OR_LL_RESULT_AND_NO_ACTIVE_GIMPS_ASSIGNMENT,2026-08-09T02:56:41+00:00,UNALLOCATED,,,,,
SLCMP1467-0195,195,196,509009381,2^509009381-1,STRUCTURAL_SCREEN_EXHAUSTED_PRIMALITY_UNASSIGNED,GF3A_DIRECTIONAL_WRITE_EXHAUSTED_PRIMALITY_UNASSIGNED,513,512,512,NO_RECORDED_FACTOR_PRP_OR_LL_RESULT_AND_NO_ACTIVE_GIMPS_ASSIGNMENT,2026-08-09T02:56:41+00:00,UNALLOCATED,,,,,
SLCMP1467-0196,196,197,509009443,2^509009443-1,STRUCTURAL_SCREEN_EXHAUSTED_PRIMALITY_UNASSIGNED,GF3A_DIRECTIONAL_WRITE_EXHAUSTED_PRIMALITY_UNASSIGNED,514,512,512,NO_RECORDED_FACTOR_PRP_OR_LL_RESULT_AND_NO_ACTIVE_GIMPS_ASSIGNMENT,2026-08-09T02:56:41+00:00,UNALLOCATED,,,,,
SLCMP1467-0197,197,198,509009497,2^509009497-1,STRUCTURAL_SCREEN_EXHAUSTED_PRIMALITY_UNASSIGNED,GF3A_DIRECTIONAL_WRITE_EXHAUSTED_PRIMALITY_UNASSIGNED,513,512,512,NO_RECORDED_FACTOR_PRP_OR_LL_RESULT_AND_NO_ACTIVE_GIMPS_ASSIGNMENT,2026-08-09T02:56:41+00:00,UNALLOCATED,,,,,
SLCMP1467-0198,198,199,509009621,2^509009621-1,STRUCTURAL_SCREEN_EXHAUSTED_PRIMALITY_UNASSIGNED,GF3A_DIRECTIONAL_WRITE_EXHAUSTED_PRIMALITY_UNASSIGNED,513,512,512,NO_RECORDED_FACTOR_PRP_OR_LL_RESULT_AND_NO_ACTIVE_GIMPS_ASSIGNMENT,2026-08-09T02:56:41+00:00,UNALLOCATED,,,,,
SLCMP1467-0199,199,200,509009647,2^509009647-1,STRUCTURAL_SCREEN_EXHAUSTED_PRIMALITY_UNASSIGNED,GF3A_DIRECTIONAL_WRITE_EXHAUSTED_PRIMALITY_UNASSIGNED,514,512,512,NO_RECORDED_FACTOR_PRP_OR_LL_RESULT_AND_NO_ACTIVE_GIMPS_ASSIGNMENT,2026-08-09T02:56:41+00:00,UNALLOCATED,,,,,
SLCMP1467-0200,200,201,509009651,2^509009651-1,STRUCTURAL_SCREEN_EXHAUSTED_PRIMALITY_UNASSIGNED,GF3A_DIRECTIONAL_WRITE_EXHAUSTED_PRIMALITY_UNASSIGNED,514,512,512,NO_RECORDED_FACTOR_PRP_OR_LL_RESULT_AND_NO_ACTIVE_GIMPS_ASSIGNMENT,2026-08-09T02:56:41+00:00,UNALLOCATED,,,,,
SLCMP1467-0201,201,202,509009747,2^509009747-1,STRUCTURAL_SCREEN_EXHAUSTED_PRIMALITY_UNASSIGNED,GF3A_DIRECTIONAL_WRITE_EXHAUSTED_PRIMALITY_UNASSIGNED,514,512,512,NO_RECORDED_FACTOR_PRP_OR_LL_RESULT_AND_NO_ACTIVE_GIMPS_ASSIGNMENT,2026-08-09T02:56:41+00:00,UNALLOCATED,,,,,
SLCMP1467-0202,202,203,509009797,2^509009797-1,STRUCTURAL_SCREEN_EXHAUSTED_PRIMALITY_UNASSIGNED,GF3A_DIRECTIONAL_WRITE_EXHAUSTED_PRIMALITY_UNASSIGNED,513,512,512,NO_RECORDED_FACTOR_PRP_OR_LL_RESULT_AND_NO_ACTIVE_GIMPS_ASSIGNMENT,2026-08-09T02:56:41+00:00,UNALLOCATED,,,,,
SLCMP1467-0203,203,204,509009833,2^509009833-1,STRUCTURAL_SCREEN_EXHAUSTED_PRIMALITY_UNASSIGNED,GF3A_DIRECTIONAL_WRITE_EXHAUSTED_PRIMALITY_UNASSIGNED,513,512,512,NO_RECORDED_FACTOR_PRP_OR_LL_RESULT_AND_NO_ACTIVE_GIMPS_ASSIGNMENT,2026-08-09T02:56:41+00:00,UNALLOCATED,,,,,
SLCMP1467-0204,204,205,509010071,2^509010071-1,STRUCTURAL_SCREEN_EXHAUSTED_PRIMALITY_UNASSIGNED,GF3A_DIRECTIONAL_WRITE_EXHAUSTED_PRIMALITY_UNASSIGNED,514,512,512,NO_RECORDED_FACTOR_PRP_OR_LL_RESULT_AND_NO_ACTIVE_GIMPS_ASSIGNMENT,2026-08-09T02:56:41+00:00,UNALLOCATED,,,,,
SLCMP1467-0205,205,206,509010097,2^509010097-1,STRUCTURAL_SCREEN_EXHAUSTED_PRIMALITY_UNASSIGNED,GF3A_DIRECTIONAL_WRITE_EXHAUSTED_PRIMALITY_UNASSIGNED,513,512,512,NO_RECORDED_FACTOR_PRP_OR_LL_RESULT_AND_NO_ACTIVE_GIMPS_ASSIGNMENT,2026-08-09T02:56:41+00:00,UNALLOCATED,,,,,
SLCMP1467-0206,206,207,509010137,2^509010137-1,STRUCTURAL_SCREEN_EXHAUSTED_PRIMALITY_UNASSIGNED,GF3A_DIRECTIONAL_WRITE_EXHAUSTED_PRIMALITY_UNASSIGNED,513,512,512,NO_RECORDED_FACTOR_PRP_OR_LL_RESULT_AND_NO_ACTIVE_GIMPS_ASSIGNMENT,2026-08-09T02:56:41+00:00,UNALLOCATED,,,,,
SLCMP1467-0207,207,208,509010259,2^509010259-1,STRUCTURAL_SCREEN_EXHAUSTED_PRIMALITY_UNASSIGNED,GF3A_DIRECTIONAL_WRITE_EXHAUSTED_PRIMALITY_UNASSIGNED,514,512,512,NO_RECORDED_FACTOR_PRP_OR_LL_RESULT_AND_NO_ACTIVE_GIMPS_ASSIGNMENT,2026-08-09T02:56:41+00:00,UNALLOCATED,,,,,
SLCMP1467-0208,208,209,509010301,2^509010301-1,STRUCTURAL_SCREEN_EXHAUSTED_PRIMALITY_UNASSIGNED,GF3A_DIRECTIONAL_WRITE_EXHAUSTED_PRIMALITY_UNASSIGNED,513,512,512,NO_RECORDED_FACTOR_PRP_OR_LL_RESULT_AND_NO_ACTIVE_GIMPS_ASSIGNMENT,2026-08-09T02:56:41+00:00,UNALLOCATED,,,,,
SLCMP1467-0209,209,210,509010343,2^509010343-1,STRUCTURAL_SCREEN_EXHAUSTED_PRIMALITY_UNASSIGNED,GF3A_DIRECTIONAL_WRITE_EXHAUSTED_PRIMALITY_UNASSIGNED,514,512,512,NO_RECORDED_FACTOR_PRP_OR_LL_RESULT_AND_NO_ACTIVE_GIMPS_ASSIGNMENT,2026-08-09T02:56:41+00:00,UNALLOCATED,,,,,
SLCMP1467-0210,210,211,509010353,2^509010353-1,STRUCTURAL_SCREEN_EXHAUSTED_PRIMALITY_UNASSIGNED,GF3A_DIRECTIONAL_WRITE_EXHAUSTED_PRIMALITY_UNASSIGNED,513,512,512,NO_RECORDED_FACTOR_PRP_OR_LL_RESULT_AND_NO_ACTIVE_GIMPS_ASSIGNMENT,2026-08-09T02:56:41+00:00,UNALLOCATED,,,,,
SLCMP1467-0211,211,212,509010389,2^509010389-1,STRUCTURAL_SCREEN_EXHAUSTED_PRIMALITY_UNASSIGNED,GF3A_DIRECTIONAL_WRITE_EXHAUSTED_PRIMALITY_UNASSIGNED,513,512,512,NO_RECORDED_FACTOR_PRP_OR_LL_RESULT_AND_NO_ACTIVE_GIMPS_ASSIGNMENT,2026-08-09T02:56:41+00:00,UNALLOCATED,,,,,
SLCMP1467-0212,212,213,509010521,2^509010521-1,STRUCTURAL_SCREEN_EXHAUSTED_PRIMALITY_UNASSIGNED,GF3A_DIRECTIONAL_WRITE_EXHAUSTED_PRIMALITY_UNASSIGNED,513,512,512,NO_RECORDED_FACTOR_PRP_OR_LL_RESULT_AND_NO_ACTIVE_GIMPS_ASSIGNMENT,2026-08-09T02:56:41+00:00,UNALLOCATED,,,,,
SLCMP1467-0213,213,214,509010533,2^509010533-1,STRUCTURAL_SCREEN_EXHAUSTED_PRIMALITY_UNASSIGNED,GF3A_DIRECTIONAL_WRITE_EXHAUSTED_PRIMALITY_UNASSIGNED,513,512,512,NO_RECORDED_FACTOR_PRP_OR_LL_RESULT_AND_NO_ACTIVE_GIMPS_ASSIGNMENT,2026-08-09T02:56:41+00:00,UNALLOCATED,,,,,
SLCMP1467-0214,214,215,509010559,2^509010559-1,STRUCTURAL_SCREEN_EXHAUSTED_PRIMALITY_UNASSIGNED,GF3A_DIRECTIONAL_WRITE_EXHAUSTED_PRIMALITY_UNASSIGNED,514,512,512,NO_RECORDED_FACTOR_PRP_OR_LL_RESULT_AND_NO_ACTIVE_GIMPS_ASSIGNMENT,2026-08-09T02:56:41+00:00,UNALLOCATED,,,,,
SLCMP1467-0215,215,216,509010571,2^509010571-1,STRUCTURAL_SCREEN_EXHAUSTED_PRIMALITY_UNASSIGNED,GF3A_DIRECTIONAL_WRITE_EXHAUSTED_PRIMALITY_UNASSIGNED,514,512,512,NO_RECORDED_FACTOR_PRP_OR_LL_RESULT_AND_NO_ACTIVE_GIMPS_ASSIGNMENT,2026-08-09T02:56:41+00:00,UNALLOCATED,,,,,
SLCMP1467-0216,216,217,509010599,2^509010599-1,STRUCTURAL_SCREEN_EXHAUSTED_PRIMALITY_UNASSIGNED,GF3A_DIRECTIONAL_WRITE_EXHAUSTED_PRIMALITY_UNASSIGNED,514,512,512,NO_RECORDED_FACTOR_PRP_OR_LL_RESULT_AND_NO_ACTIVE_GIMPS_ASSIGNMENT,2026-08-09T02:56:41+00:00,UNALLOCATED,,,,,
SLCMP1467-0217,217,218,509010659,2^509010659-1,STRUCTURAL_SCREEN_EXHAUSTED_PRIMALITY_UNASSIGNED,GF3A_DIRECTIONAL_WRITE_EXHAUSTED_PRIMALITY_UNASSIGNED,514,512,512,NO_RECORDED_FACTOR_PRP_OR_LL_RESULT_AND_NO_ACTIVE_GIMPS_ASSIGNMENT,2026-08-09T02:56:41+00:00,UNALLOCATED,,,,,
SLCMP1467-0218,218,219,509010679,2^509010679-1,STRUCTURAL_SCREEN_EXHAUSTED_PRIMALITY_UNASSIGNED,GF3A_DIRECTIONAL_WRITE_EXHAUSTED_PRIMALITY_UNASSIGNED,514,512,512,NO_RECORDED_FACTOR_PRP_OR_LL_RESULT_AND_NO_ACTIVE_GIMPS_ASSIGNMENT,2026-08-09T02:56:41+00:00,UNALLOCATED,,,,,
SLCMP1467-0219,219,220,509010743,2^509010743-1,STRUCTURAL_SCREEN_EXHAUSTED_PRIMALITY_UNASSIGNED,GF3A_DIRECTIONAL_WRITE_EXHAUSTED_PRIMALITY_UNASSIGNED,514,512,512,NO_RECORDED_FACTOR_PRP_OR_LL_RESULT_AND_NO_ACTIVE_GIMPS_ASSIGNMENT,2026-08-09T02:56:41+00:00,UNALLOCATED,,,,,
SLCMP1467-0220,220,221,509010833,2^509010833-1,STRUCTURAL_SCREEN_EXHAUSTED_PRIMALITY_UNASSIGNED,GF3A_DIRECTIONAL_WRITE_EXHAUSTED_PRIMALITY_UNASSIGNED,513,512,512,NO_RECORDED_FACTOR_PRP_OR_LL_RESULT_AND_NO_ACTIVE_GIMPS_ASSIGNMENT,2026-08-09T02:56:41+00:00,UNALLOCATED,,,,,
SLCMP1467-0221,221,222,509010869,2^509010869-1,STRUCTURAL_SCREEN_EXHAUSTED_PRIMALITY_UNASSIGNED,GF3A_DIRECTIONAL_WRITE_EXHAUSTED_PRIMALITY_UNASSIGNED,513,512,512,NO_RECORDED_FACTOR_PRP_OR_LL_RESULT_AND_NO_ACTIVE_GIMPS_ASSIGNMENT,2026-08-09T02:56:41+00:00,UNALLOCATED,,,,,
SLCMP1467-0222,222,223,509010919,2^509010919-1,STRUCTURAL_SCREEN_EXHAUSTED_PRIMALITY_UNASSIGNED,GF3A_DIRECTIONAL_WRITE_EXHAUSTED_PRIMALITY_UNASSIGNED,514,512,512,NO_RECORDED_FACTOR_PRP_OR_LL_RESULT_AND_NO_ACTIVE_GIMPS_ASSIGNMENT,2026-08-09T02:56:41+00:00,UNALLOCATED,,,,,
SLCMP1467-0223,223,224,509010937,2^509010937-1,STRUCTURAL_SCREEN_EXHAUSTED_PRIMALITY_UNASSIGNED,GF3A_DIRECTIONAL_WRITE_EXHAUSTED_PRIMALITY_UNASSIGNED,513,512,512,NO_RECORDED_FACTOR_PRP_OR_LL_RESULT_AND_NO_ACTIVE_GIMPS_ASSIGNMENT,2026-08-09T02:56:41+00:00,UNALLOCATED,,,,,
SLCMP1467-0224,224,225,509010959,2^509010959-1,STRUCTURAL_SCREEN_EXHAUSTED_PRIMALITY_UNASSIGNED,GF3A_DIRECTIONAL_WRITE_EXHAUSTED_PRIMALITY_UNASSIGNED,514,512,512,NO_RECORDED_FACTOR_PRP_OR_LL_RESULT_AND_NO_ACTIVE_GIMPS_ASSIGNMENT,2026-08-09T02:56:41+00:00,UNALLOCATED,,,,,
SLCMP1467-0225,225,226,509011003,2^509011003-1,STRUCTURAL_SCREEN_EXHAUSTED_PRIMALITY_UNASSIGNED,GF3A_DIRECTIONAL_WRITE_EXHAUSTED_PRIMALITY_UNASSIGNED,514,512,512,NO_RECORDED_FACTOR_PRP_OR_LL_RESULT_AND_NO_ACTIVE_GIMPS_ASSIGNMENT,2026-08-09T02:56:41+00:00,UNALLOCATED,,,,,
SLCMP1467-0226,226,227,509011117,2^509011117-1,STRUCTURAL_SCREEN_EXHAUSTED_PRIMALITY_UNASSIGNED,GF3A_DIRECTIONAL_WRITE_EXHAUSTED_PRIMALITY_UNASSIGNED,513,512,512,NO_RECORDED_FACTOR_PRP_OR_LL_RESULT_AND_NO_ACTIVE_GIMPS_ASSIGNMENT,2026-08-09T02:56:41+00:00,UNALLOCATED,,,,,
SLCMP1467-0227,227,228,509011403,2^509011403-1,STRUCTURAL_SCREEN_EXHAUSTED_PRIMALITY_UNASSIGNED,GF3A_DIRECTIONAL_WRITE_EXHAUSTED_PRIMALITY_UNASSIGNED,514,512,512,NO_RECORDED_FACTOR_PRP_OR_LL_RESULT_AND_NO_ACTIVE_GIMPS_ASSIGNMENT,2026-08-09T02:56:41+00:00,UNALLOCATED,,,,,
SLCMP1467-0228,228,229,509011411,2^509011411-1,STRUCTURAL_SCREEN_EXHAUSTED_PRIMALITY_UNASSIGNED,GF3A_DIRECTIONAL_WRITE_EXHAUSTED_PRIMALITY_UNASSIGNED,514,512,512,NO_RECORDED_FACTOR_PRP_OR_LL_RESULT_AND_NO_ACTIVE_GIMPS_ASSIGNMENT,2026-08-09T02:56:41+00:00,UNALLOCATED,,,,,
SLCMP1467-0229,229,230,509011439,2^509011439-1,STRUCTURAL_SCREEN_EXHAUSTED_PRIMALITY_UNASSIGNED,GF3A_DIRECTIONAL_WRITE_EXHAUSTED_PRIMALITY_UNASSIGNED,514,512,512,NO_RECORDED_FACTOR_PRP_OR_LL_RESULT_AND_NO_ACTIVE_GIMPS_ASSIGNMENT,2026-08-09T02:56:41+00:00,UNALLOCATED,,,,,
SLCMP1467-0230,230,231,509011483,2^509011483-1,STRUCTURAL_SCREEN_EXHAUSTED_PRIMALITY_UNASSIGNED,GF3A_DIRECTIONAL_WRITE_EXHAUSTED_PRIMALITY_UNASSIGNED,514,512,512,NO_RECORDED_FACTOR_PRP_OR_LL_RESULT_AND_NO_ACTIVE_GIMPS_ASSIGNMENT,2026-08-09T02:56:41+00:00,UNALLOCATED,,,,,
SLCMP1467-0231,231,232,509011507,2^509011507-1,STRUCTURAL_SCREEN_EXHAUSTED_PRIMALITY_UNASSIGNED,GF3A_DIRECTIONAL_WRITE_EXHAUSTED_PRIMALITY_UNASSIGNED,514,512,512,NO_RECORDED_FACTOR_PRP_OR_LL_RESULT_AND_NO_ACTIVE_GIMPS_ASSIGNMENT,2026-08-09T02:56:41+00:00,UNALLOCATED,,,,,
SLCMP1467-0232,232,233,509011583,2^509011583-1,STRUCTURAL_SCREEN_EXHAUSTED_PRIMALITY_UNASSIGNED,GF3A_DIRECTIONAL_WRITE_EXHAUSTED_PRIMALITY_UNASSIGNED,514,512,512,NO_RECORDED_FACTOR_PRP_OR_LL_RESULT_AND_NO_ACTIVE_GIMPS_ASSIGNMENT,2026-08-09T02:56:41+00:00,UNALLOCATED,,,,,
SLCMP1467-0233,233,234,509011589,2^509011589-1,STRUCTURAL_SCREEN_EXHAUSTED_PRIMALITY_UNASSIGNED,GF3A_DIRECTIONAL_WRITE_EXHAUSTED_PRIMALITY_UNASSIGNED,513,512,512,NO_RECORDED_FACTOR_PRP_OR_LL_RESULT_AND_NO_ACTIVE_GIMPS_ASSIGNMENT,2026-08-09T02:56:41+00:00,UNALLOCATED,,,,,
SLCMP1467-0234,234,235,509011609,2^509011609-1,STRUCTURAL_SCREEN_EXHAUSTED_PRIMALITY_UNASSIGNED,GF3A_DIRECTIONAL_WRITE_EXHAUSTED_PRIMALITY_UNASSIGNED,513,512,512,NO_RECORDED_FACTOR_PRP_OR_LL_RESULT_AND_NO_ACTIVE_GIMPS_ASSIGNMENT,2026-08-09T02:56:41+00:00,UNALLOCATED,,,,,
SLCMP1467-0235,235,236,509011697,2^509011697-1,STRUCTURAL_SCREEN_EXHAUSTED_PRIMALITY_UNASSIGNED,GF3A_DIRECTIONAL_WRITE_EXHAUSTED_PRIMALITY_UNASSIGNED,513,512,512,NO_RECORDED_FACTOR_PRP_OR_LL_RESULT_AND_NO_ACTIVE_GIMPS_ASSIGNMENT,2026-08-09T02:56:41+00:00,UNALLOCATED,,,,,
SLCMP1467-0236,236,237,509011823,2^509011823-1,STRUCTURAL_SCREEN_EXHAUSTED_PRIMALITY_UNASSIGNED,GF3A_DIRECTIONAL_WRITE_EXHAUSTED_PRIMALITY_UNASSIGNED,514,512,512,NO_RECORDED_FACTOR_PRP_OR_LL_RESULT_AND_NO_ACTIVE_GIMPS_ASSIGNMENT,2026-08-09T02:56:41+00:00,UNALLOCATED,,,,,
SLCMP1467-0237,237,238,509011837,2^509011837-1,STRUCTURAL_SCREEN_EXHAUSTED_PRIMALITY_UNASSIGNED,GF3A_DIRECTIONAL_WRITE_EXHAUSTED_PRIMALITY_UNASSIGNED,513,512,512,NO_RECORDED_FACTOR_PRP_OR_LL_RESULT_AND_NO_ACTIVE_GIMPS_ASSIGNMENT,2026-08-09T02:56:41+00:00,UNALLOCATED,,,,,
SLCMP1467-0238,238,239,509011907,2^509011907-1,STRUCTURAL_SCREEN_EXHAUSTED_PRIMALITY_UNASSIGNED,GF3A_DIRECTIONAL_WRITE_EXHAUSTED_PRIMALITY_UNASSIGNED,514,512,512,NO_RECORDED_FACTOR_PRP_OR_LL_RESULT_AND_NO_ACTIVE_GIMPS_ASSIGNMENT,2026-08-09T02:56:41+00:00,UNALLOCATED,,,,,
SLCMP1467-0239,239,240,509011961,2^509011961-1,STRUCTURAL_SCREEN_EXHAUSTED_PRIMALITY_UNASSIGNED,GF3A_DIRECTIONAL_WRITE_EXHAUSTED_PRIMALITY_UNASSIGNED,513,512,512,NO_RECORDED_FACTOR_PRP_OR_LL_RESULT_AND_NO_ACTIVE_GIMPS_ASSIGNMENT,2026-08-09T02:56:41+00:00,UNALLOCATED,,,,,
SLCMP1467-0240,240,241,509012143,2^509012143-1,STRUCTURAL_SCREEN_EXHAUSTED_PRIMALITY_UNASSIGNED,GF3A_DIRECTIONAL_WRITE_EXHAUSTED_PRIMALITY_UNASSIGNED,514,512,512,NO_RECORDED_FACTOR_PRP_OR_LL_RESULT_AND_NO_ACTIVE_GIMPS_ASSIGNMENT,2026-08-09T02:56:41+00:00,UNALLOCATED,,,,,
SLCMP1467-0241,241,242,509012167,2^509012167-1,STRUCTURAL_SCREEN_EXHAUSTED_PRIMALITY_UNASSIGNED,GF3A_DIRECTIONAL_WRITE_EXHAUSTED_PRIMALITY_UNASSIGNED,514,512,512,NO_RECORDED_FACTOR_PRP_OR_LL_RESULT_AND_NO_ACTIVE_GIMPS_ASSIGNMENT,2026-08-09T02:56:41+00:00,UNALLOCATED,,,,,
SLCMP1467-0242,242,243,509012183,2^509012183-1,STRUCTURAL_SCREEN_EXHAUSTED_PRIMALITY_UNASSIGNED,GF3A_DIRECTIONAL_WRITE_EXHAUSTED_PRIMALITY_UNASSIGNED,514,512,512,NO_RECORDED_FACTOR_PRP_OR_LL_RESULT_AND_NO_ACTIVE_GIMPS_ASSIGNMENT,2026-08-09T02:56:41+00:00,UNALLOCATED,,,,,
SLCMP1467-0243,243,244,509012197,2^509012197-1,STRUCTURAL_SCREEN_EXHAUSTED_PRIMALITY_UNASSIGNED,GF3A_DIRECTIONAL_WRITE_EXHAUSTED_PRIMALITY_UNASSIGNED,513,512,512,NO_RECORDED_FACTOR_PRP_OR_LL_RESULT_AND_NO_ACTIVE_GIMPS_ASSIGNMENT,2026-08-09T02:56:41+00:00,UNALLOCATED,,,,,
SLCMP1467-0244,244,245,509012213,2^509012213-1,STRUCTURAL_SCREEN_EXHAUSTED_PRIMALITY_UNASSIGNED,GF3A_DIRECTIONAL_WRITE_EXHAUSTED_PRIMALITY_UNASSIGNED,513,512,512,NO_RECORDED_FACTOR_PRP_OR_LL_RESULT_AND_NO_ACTIVE_GIMPS_ASSIGNMENT,2026-08-09T02:56:41+00:00,UNALLOCATED,,,,,
SLCMP1467-0245,245,246,509012239,2^509012239-1,STRUCTURAL_SCREEN_EXHAUSTED_PRIMALITY_UNASSIGNED,GF3A_DIRECTIONAL_WRITE_EXHAUSTED_PRIMALITY_UNASSIGNED,514,512,512,NO_RECORDED_FACTOR_PRP_OR_LL_RESULT_AND_NO_ACTIVE_GIMPS_ASSIGNMENT,2026-08-09T02:56:41+00:00,UNALLOCATED,,,,,
SLCMP1467-0246,246,247,509012381,2^509012381-1,STRUCTURAL_SCREEN_EXHAUSTED_PRIMALITY_UNASSIGNED,GF3A_DIRECTIONAL_WRITE_EXHAUSTED_PRIMALITY_UNASSIGNED,513,512,512,NO_RECORDED_FACTOR_PRP_OR_LL_RESULT_AND_NO_ACTIVE_GIMPS_ASSIGNMENT,2026-08-09T02:56:41+00:00,UNALLOCATED,,,,,
SLCMP1467-0247,247,248,509012389,2^509012389-1,STRUCTURAL_SCREEN_EXHAUSTED_PRIMALITY_UNASSIGNED,GF3A_DIRECTIONAL_WRITE_EXHAUSTED_PRIMALITY_UNASSIGNED,513,512,512,NO_RECORDED_FACTOR_PRP_OR_LL_RESULT_AND_NO_ACTIVE_GIMPS_ASSIGNMENT,2026-08-09T02:56:41+00:00,UNALLOCATED,,,,,
SLCMP1467-0248,248,249,509012431,2^509012431-1,STRUCTURAL_SCREEN_EXHAUSTED_PRIMALITY_UNASSIGNED,GF3A_DIRECTIONAL_WRITE_EXHAUSTED_PRIMALITY_UNASSIGNED,514,512,512,NO_RECORDED_FACTOR_PRP_OR_LL_RESULT_AND_NO_ACTIVE_GIMPS_ASSIGNMENT,2026-08-09T02:56:41+00:00,UNALLOCATED,,,,,
SLCMP1467-0249,249,250,509012461,2^509012461-1,STRUCTURAL_SCREEN_EXHAUSTED_PRIMALITY_UNASSIGNED,GF3A_DIRECTIONAL_WRITE_EXHAUSTED_PRIMALITY_UNASSIGNED,513,512,512,NO_RECORDED_FACTOR_PRP_OR_LL_RESULT_AND_NO_ACTIVE_GIMPS_ASSIGNMENT,2026-08-09T02:56:41+00:00,UNALLOCATED,,,,,
SLCMP1467-0250,250,251,509012473,2^509012473-1,STRUCTURAL_SCREEN_EXHAUSTED_PRIMALITY_UNASSIGNED,GF3A_DIRECTIONAL_WRITE_EXHAUSTED_PRIMALITY_UNASSIGNED,513,512,512,NO_RECORDED_FACTOR_PRP_OR_LL_RESULT_AND_NO_ACTIVE_GIMPS_ASSIGNMENT,2026-08-09T02:56:41+00:00,UNALLOCATED,,,,,
SLCMP1467-0251,251,252,509012587,2^509012587-1,STRUCTURAL_SCREEN_EXHAUSTED_PRIMALITY_UNASSIGNED,GF3A_DIRECTIONAL_WRITE_EXHAUSTED_PRIMALITY_UNASSIGNED,514,512,512,NO_RECORDED_FACTOR_PRP_OR_LL_RESULT_AND_NO_ACTIVE_GIMPS_ASSIGNMENT,2026-08-09T02:56:41+00:00,UNALLOCATED,,,,,
SLCMP1467-0252,252,253,509012617,2^509012617-1,STRUCTURAL_SCREEN_EXHAUSTED_PRIMALITY_UNASSIGNED,GF3A_DIRECTIONAL_WRITE_EXHAUSTED_PRIMALITY_UNASSIGNED,513,512,512,NO_RECORDED_FACTOR_PRP_OR_LL_RESULT_AND_NO_ACTIVE_GIMPS_ASSIGNMENT,2026-08-09T02:56:41+00:00,UNALLOCATED,,,,,
SLCMP1467-0253,253,254,509012687,2^509012687-1,STRUCTURAL_SCREEN_EXHAUSTED_PRIMALITY_UNASSIGNED,GF3A_DIRECTIONAL_WRITE_EXHAUSTED_PRIMALITY_UNASSIGNED,514,512,512,NO_RECORDED_FACTOR_PRP_OR_LL_RESULT_AND_NO_ACTIVE_GIMPS_ASSIGNMENT,2026-08-09T02:56:41+00:00,UNALLOCATED,,,,,
SLCMP1467-0254,254,255,509012741,2^509012741-1,STRUCTURAL_SCREEN_EXHAUSTED_PRIMALITY_UNASSIGNED,GF3A_DIRECTIONAL_WRITE_EXHAUSTED_PRIMALITY_UNASSIGNED,513,512,512,NO_RECORDED_FACTOR_PRP_OR_LL_RESULT_AND_NO_ACTIVE_GIMPS_ASSIGNMENT,2026-08-09T02:56:41+00:00,UNALLOCATED,,,,,
SLCMP1467-0255,255,256,509012771,2^509012771-1,STRUCTURAL_SCREEN_EXHAUSTED_PRIMALITY_UNASSIGNED,GF3A_DIRECTIONAL_WRITE_EXHAUSTED_PRIMALITY_UNASSIGNED,514,512,512,NO_RECORDED_FACTOR_PRP_OR_LL_RESULT_AND_NO_ACTIVE_GIMPS_ASSIGNMENT,2026-08-09T02:56:41+00:00,UNALLOCATED,,,,,
SLCMP1467-0256,256,257,509012897,2^509012897-1,STRUCTURAL_SCREEN_EXHAUSTED_PRIMALITY_UNASSIGNED,GF3A_DIRECTIONAL_WRITE_EXHAUSTED_PRIMALITY_UNASSIGNED,513,512,512,NO_RECORDED_FACTOR_PRP_OR_LL_RESULT_AND_NO_ACTIVE_GIMPS_ASSIGNMENT,2026-08-09T02:56:41+00:00,UNALLOCATED,,,,,
SLCMP1467-0257,257,258,509012957,2^509012957-1,STRUCTURAL_SCREEN_EXHAUSTED_PRIMALITY_UNASSIGNED,GF3A_DIRECTIONAL_WRITE_EXHAUSTED_PRIMALITY_UNASSIGNED,513,512,512,NO_RECORDED_FACTOR_PRP_OR_LL_RESULT_AND_NO_ACTIVE_GIMPS_ASSIGNMENT,2026-08-09T02:56:41+00:00,UNALLOCATED,,,,,
SLCMP1467-0258,258,259,509013019,2^509013019-1,STRUCTURAL_SCREEN_EXHAUSTED_PRIMALITY_UNASSIGNED,GF3A_DIRECTIONAL_WRITE_EXHAUSTED_PRIMALITY_UNASSIGNED,514,512,512,NO_RECORDED_FACTOR_PRP_OR_LL_RESULT_AND_NO_ACTIVE_GIMPS_ASSIGNMENT,2026-08-09T02:56:41+00:00,UNALLOCATED,,,,,
SLCMP1467-0259,259,260,509013049,2^509013049-1,STRUCTURAL_SCREEN_EXHAUSTED_PRIMALITY_UNASSIGNED,GF3A_DIRECTIONAL_WRITE_EXHAUSTED_PRIMALITY_UNASSIGNED,513,512,512,NO_RECORDED_FACTOR_PRP_OR_LL_RESULT_AND_NO_ACTIVE_GIMPS_ASSIGNMENT,2026-08-09T02:56:41+00:00,UNALLOCATED,,,,,
SLCMP1467-0260,260,261,509013151,2^509013151-1,STRUCTURAL_SCREEN_EXHAUSTED_PRIMALITY_UNASSIGNED,GF3A_DIRECTIONAL_WRITE_EXHAUSTED_PRIMALITY_UNASSIGNED,514,512,512,NO_RECORDED_FACTOR_PRP_OR_LL_RESULT_AND_NO_ACTIVE_GIMPS_ASSIGNMENT,2026-08-09T02:56:41+00:00,UNALLOCATED,,,,,
SLCMP1467-0261,261,262,509013361,2^509013361-1,STRUCTURAL_SCREEN_EXHAUSTED_PRIMALITY_UNASSIGNED,GF3A_DIRECTIONAL_WRITE_EXHAUSTED_PRIMALITY_UNASSIGNED,513,512,512,NO_RECORDED_FACTOR_PRP_OR_LL_RESULT_AND_NO_ACTIVE_GIMPS_ASSIGNMENT,2026-08-09T02:56:41+00:00,UNALLOCATED,,,,,
SLCMP1467-0262,262,263,509013383,2^509013383-1,STRUCTURAL_SCREEN_EXHAUSTED_PRIMALITY_UNASSIGNED,GF3A_DIRECTIONAL_WRITE_EXHAUSTED_PRIMALITY_UNASSIGNED,514,512,512,NO_RECORDED_FACTOR_PRP_OR_LL_RESULT_AND_NO_ACTIVE_GIMPS_ASSIGNMENT,2026-08-09T02:56:41+00:00,UNALLOCATED,,,,,
SLCMP1467-0263,263,264,509013409,2^509013409-1,STRUCTURAL_SCREEN_EXHAUSTED_PRIMALITY_UNASSIGNED,GF3A_DIRECTIONAL_WRITE_EXHAUSTED_PRIMALITY_UNASSIGNED,513,512,512,NO_RECORDED_FACTOR_PRP_OR_LL_RESULT_AND_NO_ACTIVE_GIMPS_ASSIGNMENT,2026-08-09T02:56:41+00:00,UNALLOCATED,,,,,
SLCMP1467-0264,264,265,509013443,2^509013443-1,STRUCTURAL_SCREEN_EXHAUSTED_PRIMALITY_UNASSIGNED,GF3A_DIRECTIONAL_WRITE_EXHAUSTED_PRIMALITY_UNASSIGNED,514,512,512,NO_RECORDED_FACTOR_PRP_OR_LL_RESULT_AND_NO_ACTIVE_GIMPS_ASSIGNMENT,2026-08-09T02:56:41+00:00,UNALLOCATED,,,,,
SLCMP1467-0265,265,266,509013523,2^509013523-1,STRUCTURAL_SCREEN_EXHAUSTED_PRIMALITY_UNASSIGNED,GF3A_DIRECTIONAL_WRITE_EXHAUSTED_PRIMALITY_UNASSIGNED,514,512,512,NO_RECORDED_FACTOR_PRP_OR_LL_RESULT_AND_NO_ACTIVE_GIMPS_ASSIGNMENT,2026-08-09T02:56:41+00:00,UNALLOCATED,,,,,
SLCMP1467-0266,266,267,509013569,2^509013569-1,STRUCTURAL_SCREEN_EXHAUSTED_PRIMALITY_UNASSIGNED,GF3A_DIRECTIONAL_WRITE_EXHAUSTED_PRIMALITY_UNASSIGNED,513,512,512,NO_RECORDED_FACTOR_PRP_OR_LL_RESULT_AND_NO_ACTIVE_GIMPS_ASSIGNMENT,2026-08-09T02:56:41+00:00,UNALLOCATED,,,,,
SLCMP1467-0267,267,268,509013599,2^509013599-1,STRUCTURAL_SCREEN_EXHAUSTED_PRIMALITY_UNASSIGNED,GF3A_DIRECTIONAL_WRITE_EXHAUSTED_PRIMALITY_UNASSIGNED,514,512,512,NO_RECORDED_FACTOR_PRP_OR_LL_RESULT_AND_NO_ACTIVE_GIMPS_ASSIGNMENT,2026-08-09T02:56:41+00:00,UNALLOCATED,,,,,
SLCMP1467-0268,268,269,509013641,2^509013641-1,STRUCTURAL_SCREEN_EXHAUSTED_PRIMALITY_UNASSIGNED,GF3A_DIRECTIONAL_WRITE_EXHAUSTED_PRIMALITY_UNASSIGNED,513,512,512,NO_RECORDED_FACTOR_PRP_OR_LL_RESULT_AND_NO_ACTIVE_GIMPS_ASSIGNMENT,2026-08-09T02:56:41+00:00,UNALLOCATED,,,,,
SLCMP1467-0269,269,270,509013649,2^509013649-1,STRUCTURAL_SCREEN_EXHAUSTED_PRIMALITY_UNASSIGNED,GF3A_DIRECTIONAL_WRITE_EXHAUSTED_PRIMALITY_UNASSIGNED,513,512,512,NO_RECORDED_FACTOR_PRP_OR_LL_RESULT_AND_NO_ACTIVE_GIMPS_ASSIGNMENT,2026-08-09T02:56:41+00:00,UNALLOCATED,,,,,
SLCMP1467-0270,270,271,509013751,2^509013751-1,STRUCTURAL_SCREEN_EXHAUSTED_PRIMALITY_UNASSIGNED,GF3A_DIRECTIONAL_WRITE_EXHAUSTED_PRIMALITY_UNASSIGNED,514,512,512,NO_RECORDED_FACTOR_PRP_OR_LL_RESULT_AND_NO_ACTIVE_GIMPS_ASSIGNMENT,2026-08-09T02:56:41+00:00,UNALLOCATED,,,,,
SLCMP1467-0271,271,272,509013763,2^509013763-1,STRUCTURAL_SCREEN_EXHAUSTED_PRIMALITY_UNASSIGNED,GF3A_DIRECTIONAL_WRITE_EXHAUSTED_PRIMALITY_UNASSIGNED,514,512,512,NO_RECORDED_FACTOR_PRP_OR_LL_RESULT_AND_NO_ACTIVE_GIMPS_ASSIGNMENT,2026-08-09T02:56:41+00:00,UNALLOCATED,,,,,
SLCMP1467-0272,272,273,509013863,2^509013863-1,STRUCTURAL_SCREEN_EXHAUSTED_PRIMALITY_UNASSIGNED,GF3A_DIRECTIONAL_WRITE_EXHAUSTED_PRIMALITY_UNASSIGNED,514,512,512,NO_RECORDED_FACTOR_PRP_OR_LL_RESULT_AND_NO_ACTIVE_GIMPS_ASSIGNMENT,2026-08-09T02:56:41+00:00,UNALLOCATED,,,,,
SLCMP1467-0273,273,274,509013871,2^509013871-1,STRUCTURAL_SCREEN_EXHAUSTED_PRIMALITY_UNASSIGNED,GF3A_DIRECTIONAL_WRITE_EXHAUSTED_PRIMALITY_UNASSIGNED,514,512,512,NO_RECORDED_FACTOR_PRP_OR_LL_RESULT_AND_NO_ACTIVE_GIMPS_ASSIGNMENT,2026-08-09T02:56:41+00:00,UNALLOCATED,,,,,
SLCMP1467-0274,274,275,509013907,2^509013907-1,STRUCTURAL_SCREEN_EXHAUSTED_PRIMALITY_UNASSIGNED,GF3A_DIRECTIONAL_WRITE_EXHAUSTED_PRIMALITY_UNASSIGNED,514,512,512,NO_RECORDED_FACTOR_PRP_OR_LL_RESULT_AND_NO_ACTIVE_GIMPS_ASSIGNMENT,2026-08-09T02:56:41+00:00,UNALLOCATED,,,,,
SLCMP1467-0275,275,276,509013929,2^509013929-1,STRUCTURAL_SCREEN_EXHAUSTED_PRIMALITY_UNASSIGNED,GF3A_DIRECTIONAL_WRITE_EXHAUSTED_PRIMALITY_UNASSIGNED,513,512,512,NO_RECORDED_FACTOR_PRP_OR_LL_RESULT_AND_NO_ACTIVE_GIMPS_ASSIGNMENT,2026-08-09T02:56:41+00:00,UNALLOCATED,,,,,
SLCMP1467-0276,276,277,509013991,2^509013991-1,STRUCTURAL_SCREEN_EXHAUSTED_PRIMALITY_UNASSIGNED,GF3A_DIRECTIONAL_WRITE_EXHAUSTED_PRIMALITY_UNASSIGNED,514,512,512,NO_RECORDED_FACTOR_PRP_OR_LL_RESULT_AND_NO_ACTIVE_GIMPS_ASSIGNMENT,2026-08-09T02:56:41+00:00,UNALLOCATED,,,,,
SLCMP1467-0277,277,278,509014001,2^509014001-1,STRUCTURAL_SCREEN_EXHAUSTED_PRIMALITY_UNASSIGNED,GF3A_DIRECTIONAL_WRITE_EXHAUSTED_PRIMALITY_UNASSIGNED,513,512,512,NO_RECORDED_FACTOR_PRP_OR_LL_RESULT_AND_NO_ACTIVE_GIMPS_ASSIGNMENT,2026-08-09T02:56:41+00:00,UNALLOCATED,,,,,
SLCMP1467-0278,278,279,509014049,2^509014049-1,STRUCTURAL_SCREEN_EXHAUSTED_PRIMALITY_UNASSIGNED,GF3A_DIRECTIONAL_WRITE_EXHAUSTED_PRIMALITY_UNASSIGNED,513,512,512,NO_RECORDED_FACTOR_PRP_OR_LL_RESULT_AND_NO_ACTIVE_GIMPS_ASSIGNMENT,2026-08-09T02:56:41+00:00,UNALLOCATED,,,,,
SLCMP1467-0279,279,280,509014133,2^509014133-1,STRUCTURAL_SCREEN_EXHAUSTED_PRIMALITY_UNASSIGNED,GF3A_DIRECTIONAL_WRITE_EXHAUSTED_PRIMALITY_UNASSIGNED,513,512,512,NO_RECORDED_FACTOR_PRP_OR_LL_RESULT_AND_NO_ACTIVE_GIMPS_ASSIGNMENT,2026-08-09T02:56:41+00:00,UNALLOCATED,,,,,
SLCMP1467-0280,280,281,509014213,2^509014213-1,STRUCTURAL_SCREEN_EXHAUSTED_PRIMALITY_UNASSIGNED,GF3A_DIRECTIONAL_WRITE_EXHAUSTED_PRIMALITY_UNASSIGNED,513,512,512,NO_RECORDED_FACTOR_PRP_OR_LL_RESULT_AND_NO_ACTIVE_GIMPS_ASSIGNMENT,2026-08-09T02:56:41+00:00,UNALLOCATED,,,,,
SLCMP1467-0281,281,282,509014241,2^509014241-1,STRUCTURAL_SCREEN_EXHAUSTED_PRIMALITY_UNASSIGNED,GF3A_DIRECTIONAL_WRITE_EXHAUSTED_PRIMALITY_UNASSIGNED,513,512,512,NO_RECORDED_FACTOR_PRP_OR_LL_RESULT_AND_NO_ACTIVE_GIMPS_ASSIGNMENT,2026-08-09T02:56:41+00:00,UNALLOCATED,,,,,
SLCMP1467-0282,282,283,509014273,2^509014273-1,STRUCTURAL_SCREEN_EXHAUSTED_PRIMALITY_UNASSIGNED,GF3A_DIRECTIONAL_WRITE_EXHAUSTED_PRIMALITY_UNASSIGNED,513,512,512,NO_RECORDED_FACTOR_PRP_OR_LL_RESULT_AND_NO_ACTIVE_GIMPS_ASSIGNMENT,2026-08-09T02:56:41+00:00,UNALLOCATED,,,,,
SLCMP1467-0283,283,284,509014309,2^509014309-1,STRUCTURAL_SCREEN_EXHAUSTED_PRIMALITY_UNASSIGNED,GF3A_DIRECTIONAL_WRITE_EXHAUSTED_PRIMALITY_UNASSIGNED,513,512,512,NO_RECORDED_FACTOR_PRP_OR_LL_RESULT_AND_NO_ACTIVE_GIMPS_ASSIGNMENT,2026-08-09T02:56:41+00:00,UNALLOCATED,,,,,
SLCMP1467-0284,284,285,509014393,2^509014393-1,STRUCTURAL_SCREEN_EXHAUSTED_PRIMALITY_UNASSIGNED,GF3A_DIRECTIONAL_WRITE_EXHAUSTED_PRIMALITY_UNASSIGNED,513,512,512,NO_RECORDED_FACTOR_PRP_OR_LL_RESULT_AND_NO_ACTIVE_GIMPS_ASSIGNMENT,2026-08-09T02:56:41+00:00,UNALLOCATED,,,,,
SLCMP1467-0285,285,286,509014399,2^509014399-1,STRUCTURAL_SCREEN_EXHAUSTED_PRIMALITY_UNASSIGNED,GF3A_DIRECTIONAL_WRITE_EXHAUSTED_PRIMALITY_UNASSIGNED,514,512,512,NO_RECORDED_FACTOR_PRP_OR_LL_RESULT_AND_NO_ACTIVE_GIMPS_ASSIGNMENT,2026-08-09T02:56:41+00:00,UNALLOCATED,,,,,
SLCMP1467-0286,286,287,509014433,2^509014433-1,STRUCTURAL_SCREEN_EXHAUSTED_PRIMALITY_UNASSIGNED,GF3A_DIRECTIONAL_WRITE_EXHAUSTED_PRIMALITY_UNASSIGNED,513,512,512,NO_RECORDED_FACTOR_PRP_OR_LL_RESULT_AND_NO_ACTIVE_GIMPS_ASSIGNMENT,2026-08-09T02:56:41+00:00,UNALLOCATED,,,,,
SLCMP1467-0287,287,288,509014481,2^509014481-1,STRUCTURAL_SCREEN_EXHAUSTED_PRIMALITY_UNASSIGNED,GF3A_DIRECTIONAL_WRITE_EXHAUSTED_PRIMALITY_UNASSIGNED,513,512,512,NO_RECORDED_FACTOR_PRP_OR_LL_RESULT_AND_NO_ACTIVE_GIMPS_ASSIGNMENT,2026-08-09T02:56:41+00:00,UNALLOCATED,,,,,
SLCMP1467-0288,288,289,509014523,2^509014523-1,STRUCTURAL_SCREEN_EXHAUSTED_PRIMALITY_UNASSIGNED,GF3A_DIRECTIONAL_WRITE_EXHAUSTED_PRIMALITY_UNASSIGNED,514,512,512,NO_RECORDED_FACTOR_PRP_OR_LL_RESULT_AND_NO_ACTIVE_GIMPS_ASSIGNMENT,2026-08-09T02:56:41+00:00,UNALLOCATED,,,,,
SLCMP1467-0289,289,290,509014529,2^509014529-1,STRUCTURAL_SCREEN_EXHAUSTED_PRIMALITY_UNASSIGNED,GF3A_DIRECTIONAL_WRITE_EXHAUSTED_PRIMALITY_UNASSIGNED,513,512,512,NO_RECORDED_FACTOR_PRP_OR_LL_RESULT_AND_NO_ACTIVE_GIMPS_ASSIGNMENT,2026-08-09T02:56:41+00:00,UNALLOCATED,,,,,
SLCMP1467-0290,290,291,509014547,2^509014547-1,STRUCTURAL_SCREEN_EXHAUSTED_PRIMALITY_UNASSIGNED,GF3A_DIRECTIONAL_WRITE_EXHAUSTED_PRIMALITY_UNASSIGNED,514,512,512,NO_RECORDED_FACTOR_PRP_OR_LL_RESULT_AND_NO_ACTIVE_GIMPS_ASSIGNMENT,2026-08-09T02:56:41+00:00,UNALLOCATED,,,,,
SLCMP1467-0291,291,292,509014609,2^509014609-1,STRUCTURAL_SCREEN_EXHAUSTED_PRIMALITY_UNASSIGNED,GF3A_DIRECTIONAL_WRITE_EXHAUSTED_PRIMALITY_UNASSIGNED,513,512,512,NO_RECORDED_FACTOR_PRP_OR_LL_RESULT_AND_NO_ACTIVE_GIMPS_ASSIGNMENT,2026-08-09T02:56:41+00:00,UNALLOCATED,,,,,
SLCMP1467-0292,292,293,509014621,2^509014621-1,STRUCTURAL_SCREEN_EXHAUSTED_PRIMALITY_UNASSIGNED,GF3A_DIRECTIONAL_WRITE_EXHAUSTED_PRIMALITY_UNASSIGNED,513,512,512,NO_RECORDED_FACTOR_PRP_OR_LL_RESULT_AND_NO_ACTIVE_GIMPS_ASSIGNMENT,2026-08-09T02:56:41+00:00,UNALLOCATED,,,,,
SLCMP1467-0293,293,294,509014673,2^509014673-1,STRUCTURAL_SCREEN_EXHAUSTED_PRIMALITY_UNASSIGNED,GF3A_DIRECTIONAL_WRITE_EXHAUSTED_PRIMALITY_UNASSIGNED,513,512,512,NO_RECORDED_FACTOR_PRP_OR_LL_RESULT_AND_NO_ACTIVE_GIMPS_ASSIGNMENT,2026-08-09T02:56:41+00:00,UNALLOCATED,,,,,
SLCMP1467-0294,294,295,509014733,2^509014733-1,STRUCTURAL_SCREEN_EXHAUSTED_PRIMALITY_UNASSIGNED,GF3A_DIRECTIONAL_WRITE_EXHAUSTED_PRIMALITY_UNASSIGNED,513,512,512,NO_RECORDED_FACTOR_PRP_OR_LL_RESULT_AND_NO_ACTIVE_GIMPS_ASSIGNMENT,2026-08-09T02:56:41+00:00,UNALLOCATED,,,,,
SLCMP1467-0295,295,296,509014783,2^509014783-1,STRUCTURAL_SCREEN_EXHAUSTED_PRIMALITY_UNASSIGNED,GF3A_DIRECTIONAL_WRITE_EXHAUSTED_PRIMALITY_UNASSIGNED,514,512,512,NO_RECORDED_FACTOR_PRP_OR_LL_RESULT_AND_NO_ACTIVE_GIMPS_ASSIGNMENT,2026-08-09T02:56:41+00:00,UNALLOCATED,,,,,
SLCMP1467-0296,296,297,509014853,2^509014853-1,STRUCTURAL_SCREEN_EXHAUSTED_PRIMALITY_UNASSIGNED,GF3A_DIRECTIONAL_WRITE_EXHAUSTED_PRIMALITY_UNASSIGNED,513,512,512,NO_RECORDED_FACTOR_PRP_OR_LL_RESULT_AND_NO_ACTIVE_GIMPS_ASSIGNMENT,2026-08-09T02:56:41+00:00,UNALLOCATED,,,,,
SLCMP1467-0297,297,298,509014871,2^509014871-1,STRUCTURAL_SCREEN_EXHAUSTED_PRIMALITY_UNASSIGNED,GF3A_DIRECTIONAL_WRITE_EXHAUSTED_PRIMALITY_UNASSIGNED,514,512,512,NO_RECORDED_FACTOR_PRP_OR_LL_RESULT_AND_NO_ACTIVE_GIMPS_ASSIGNMENT,2026-08-09T02:56:41+00:00,UNALLOCATED,,,,,
SLCMP1467-0298,298,299,509014937,2^509014937-1,STRUCTURAL_SCREEN_EXHAUSTED_PRIMALITY_UNASSIGNED,GF3A_DIRECTIONAL_WRITE_EXHAUSTED_PRIMALITY_UNASSIGNED,513,512,512,NO_RECORDED_FACTOR_PRP_OR_LL_RESULT_AND_NO_ACTIVE_GIMPS_ASSIGNMENT,2026-08-09T02:56:41+00:00,UNALLOCATED,,,,,
SLCMP1467-0299,299,300,509014967,2^509014967-1,STRUCTURAL_SCREEN_EXHAUSTED_PRIMALITY_UNASSIGNED,GF3A_DIRECTIONAL_WRITE_EXHAUSTED_PRIMALITY_UNASSIGNED,514,512,512,NO_RECORDED_FACTOR_PRP_OR_LL_RESULT_AND_NO_ACTIVE_GIMPS_ASSIGNMENT,2026-08-09T02:56:41+00:00,UNALLOCATED,,,,,
SLCMP1467-0300,300,301,509015011,2^509015011-1,STRUCTURAL_SCREEN_EXHAUSTED_PRIMALITY_UNASSIGNED,GF3A_DIRECTIONAL_WRITE_EXHAUSTED_PRIMALITY_UNASSIGNED,514,512,512,NO_RECORDED_FACTOR_PRP_OR_LL_RESULT_AND_NO_ACTIVE_GIMPS_ASSIGNMENT,2026-08-09T02:56:41+00:00,UNALLOCATED,,,,,
SLCMP1467-0301,301,302,509015131,2^509015131-1,STRUCTURAL_SCREEN_EXHAUSTED_PRIMALITY_UNASSIGNED,GF3A_DIRECTIONAL_WRITE_EXHAUSTED_PRIMALITY_UNASSIGNED,514,512,512,NO_RECORDED_FACTOR_PRP_OR_LL_RESULT_AND_NO_ACTIVE_GIMPS_ASSIGNMENT,2026-08-09T02:56:41+00:00,UNALLOCATED,,,,,
SLCMP1467-0302,302,303,509015161,2^509015161-1,STRUCTURAL_SCREEN_EXHAUSTED_PRIMALITY_UNASSIGNED,GF3A_DIRECTIONAL_WRITE_EXHAUSTED_PRIMALITY_UNASSIGNED,513,512,512,NO_RECORDED_FACTOR_PRP_OR_LL_RESULT_AND_NO_ACTIVE_GIMPS_ASSIGNMENT,2026-08-09T02:56:41+00:00,UNALLOCATED,,,,,
SLCMP1467-0303,303,304,509015201,2^509015201-1,STRUCTURAL_SCREEN_EXHAUSTED_PRIMALITY_UNASSIGNED,GF3A_DIRECTIONAL_WRITE_EXHAUSTED_PRIMALITY_UNASSIGNED,513,512,512,NO_RECORDED_FACTOR_PRP_OR_LL_RESULT_AND_NO_ACTIVE_GIMPS_ASSIGNMENT,2026-08-09T02:56:41+00:00,UNALLOCATED,,,,,
SLCMP1467-0304,304,305,509015267,2^509015267-1,STRUCTURAL_SCREEN_EXHAUSTED_PRIMALITY_UNASSIGNED,GF3A_DIRECTIONAL_WRITE_EXHAUSTED_PRIMALITY_UNASSIGNED,514,512,512,NO_RECORDED_FACTOR_PRP_OR_LL_RESULT_AND_NO_ACTIVE_GIMPS_ASSIGNMENT,2026-08-09T02:56:41+00:00,UNALLOCATED,,,,,
SLCMP1467-0305,305,306,509015317,2^509015317-1,STRUCTURAL_SCREEN_EXHAUSTED_PRIMALITY_UNASSIGNED,GF3A_DIRECTIONAL_WRITE_EXHAUSTED_PRIMALITY_UNASSIGNED,513,512,512,NO_RECORDED_FACTOR_PRP_OR_LL_RESULT_AND_NO_ACTIVE_GIMPS_ASSIGNMENT,2026-08-09T02:56:41+00:00,UNALLOCATED,,,,,
SLCMP1467-0306,306,307,509015431,2^509015431-1,STRUCTURAL_SCREEN_EXHAUSTED_PRIMALITY_UNASSIGNED,GF3A_DIRECTIONAL_WRITE_EXHAUSTED_PRIMALITY_UNASSIGNED,514,512,512,NO_RECORDED_FACTOR_PRP_OR_LL_RESULT_AND_NO_ACTIVE_GIMPS_ASSIGNMENT,2026-08-09T02:56:41+00:00,UNALLOCATED,,,,,
SLCMP1467-0307,307,308,509015527,2^509015527-1,STRUCTURAL_SCREEN_EXHAUSTED_PRIMALITY_UNASSIGNED,GF3A_DIRECTIONAL_WRITE_EXHAUSTED_PRIMALITY_UNASSIGNED,514,512,512,NO_RECORDED_FACTOR_PRP_OR_LL_RESULT_AND_NO_ACTIVE_GIMPS_ASSIGNMENT,2026-08-09T02:56:41+00:00,UNALLOCATED,,,,,
SLCMP1467-0308,308,309,509015587,2^509015587-1,STRUCTURAL_SCREEN_EXHAUSTED_PRIMALITY_UNASSIGNED,GF3A_DIRECTIONAL_WRITE_EXHAUSTED_PRIMALITY_UNASSIGNED,514,512,512,NO_RECORDED_FACTOR_PRP_OR_LL_RESULT_AND_NO_ACTIVE_GIMPS_ASSIGNMENT,2026-08-09T02:56:41+00:00,UNALLOCATED,,,,,
SLCMP1467-0309,309,310,509015693,2^509015693-1,STRUCTURAL_SCREEN_EXHAUSTED_PRIMALITY_UNASSIGNED,GF3A_DIRECTIONAL_WRITE_EXHAUSTED_PRIMALITY_UNASSIGNED,513,512,512,NO_RECORDED_FACTOR_PRP_OR_LL_RESULT_AND_NO_ACTIVE_GIMPS_ASSIGNMENT,2026-08-09T02:56:41+00:00,UNALLOCATED,,,,,
SLCMP1467-0310,310,311,509015699,2^509015699-1,STRUCTURAL_SCREEN_EXHAUSTED_PRIMALITY_UNASSIGNED,GF3A_DIRECTIONAL_WRITE_EXHAUSTED_PRIMALITY_UNASSIGNED,514,512,512,NO_RECORDED_FACTOR_PRP_OR_LL_RESULT_AND_NO_ACTIVE_GIMPS_ASSIGNMENT,2026-08-09T02:56:41+00:00,UNALLOCATED,,,,,
SLCMP1467-0311,311,312,509015707,2^509015707-1,STRUCTURAL_SCREEN_EXHAUSTED_PRIMALITY_UNASSIGNED,GF3A_DIRECTIONAL_WRITE_EXHAUSTED_PRIMALITY_UNASSIGNED,514,512,512,NO_RECORDED_FACTOR_PRP_OR_LL_RESULT_AND_NO_ACTIVE_GIMPS_ASSIGNMENT,2026-08-09T02:56:41+00:00,UNALLOCATED,,,,,
SLCMP1467-0312,312,313,509015713,2^509015713-1,STRUCTURAL_SCREEN_EXHAUSTED_PRIMALITY_UNASSIGNED,GF3A_DIRECTIONAL_WRITE_EXHAUSTED_PRIMALITY_UNASSIGNED,513,512,512,NO_RECORDED_FACTOR_PRP_OR_LL_RESULT_AND_NO_ACTIVE_GIMPS_ASSIGNMENT,2026-08-09T02:56:41+00:00,UNALLOCATED,,,,,
SLCMP1467-0313,313,314,509015789,2^509015789-1,STRUCTURAL_SCREEN_EXHAUSTED_PRIMALITY_UNASSIGNED,GF3A_DIRECTIONAL_WRITE_EXHAUSTED_PRIMALITY_UNASSIGNED,513,512,512,NO_RECORDED_FACTOR_PRP_OR_LL_RESULT_AND_NO_ACTIVE_GIMPS_ASSIGNMENT,2026-08-09T02:56:41+00:00,UNALLOCATED,,,,,
SLCMP1467-0314,314,315,509015791,2^509015791-1,STRUCTURAL_SCREEN_EXHAUSTED_PRIMALITY_UNASSIGNED,GF3A_DIRECTIONAL_WRITE_EXHAUSTED_PRIMALITY_UNASSIGNED,514,512,512,NO_RECORDED_FACTOR_PRP_OR_LL_RESULT_AND_NO_ACTIVE_GIMPS_ASSIGNMENT,2026-08-09T02:56:41+00:00,UNALLOCATED,,,,,
SLCMP1467-0315,315,316,509015821,2^509015821-1,STRUCTURAL_SCREEN_EXHAUSTED_PRIMALITY_UNASSIGNED,GF3A_DIRECTIONAL_WRITE_EXHAUSTED_PRIMALITY_UNASSIGNED,513,512,512,NO_RECORDED_FACTOR_PRP_OR_LL_RESULT_AND_NO_ACTIVE_GIMPS_ASSIGNMENT,2026-08-09T02:56:41+00:00,UNALLOCATED,,,,,
SLCMP1467-0316,316,317,509015863,2^509015863-1,STRUCTURAL_SCREEN_EXHAUSTED_PRIMALITY_UNASSIGNED,GF3A_DIRECTIONAL_WRITE_EXHAUSTED_PRIMALITY_UNASSIGNED,514,512,512,NO_RECORDED_FACTOR_PRP_OR_LL_RESULT_AND_NO_ACTIVE_GIMPS_ASSIGNMENT,2026-08-09T02:56:41+00:00,UNALLOCATED,,,,,
SLCMP1467-0317,317,318,509015957,2^509015957-1,STRUCTURAL_SCREEN_EXHAUSTED_PRIMALITY_UNASSIGNED,GF3A_DIRECTIONAL_WRITE_EXHAUSTED_PRIMALITY_UNASSIGNED,513,512,512,NO_RECORDED_FACTOR_PRP_OR_LL_RESULT_AND_NO_ACTIVE_GIMPS_ASSIGNMENT,2026-08-09T02:56:41+00:00,UNALLOCATED,,,,,
SLCMP1467-0318,318,319,509015963,2^509015963-1,STRUCTURAL_SCREEN_EXHAUSTED_PRIMALITY_UNASSIGNED,GF3A_DIRECTIONAL_WRITE_EXHAUSTED_PRIMALITY_UNASSIGNED,514,512,512,NO_RECORDED_FACTOR_PRP_OR_LL_RESULT_AND_NO_ACTIVE_GIMPS_ASSIGNMENT,2026-08-09T02:56:41+00:00,UNALLOCATED,,,,,
SLCMP1467-0319,319,320,509015971,2^509015971-1,STRUCTURAL_SCREEN_EXHAUSTED_PRIMALITY_UNASSIGNED,GF3A_DIRECTIONAL_WRITE_EXHAUSTED_PRIMALITY_UNASSIGNED,514,512,512,NO_RECORDED_FACTOR_PRP_OR_LL_RESULT_AND_NO_ACTIVE_GIMPS_ASSIGNMENT,2026-08-09T02:56:41+00:00,UNALLOCATED,,,,,
SLCMP1467-0320,320,321,509016043,2^509016043-1,STRUCTURAL_SCREEN_EXHAUSTED_PRIMALITY_UNASSIGNED,GF3A_DIRECTIONAL_WRITE_EXHAUSTED_PRIMALITY_UNASSIGNED,514,512,512,NO_RECORDED_FACTOR_PRP_OR_LL_RESULT_AND_NO_ACTIVE_GIMPS_ASSIGNMENT,2026-08-09T02:56:41+00:00,UNALLOCATED,,,,,
SLCMP1467-0321,321,322,509016119,2^509016119-1,STRUCTURAL_SCREEN_EXHAUSTED_PRIMALITY_UNASSIGNED,GF3A_DIRECTIONAL_WRITE_EXHAUSTED_PRIMALITY_UNASSIGNED,514,512,512,NO_RECORDED_FACTOR_PRP_OR_LL_RESULT_AND_NO_ACTIVE_GIMPS_ASSIGNMENT,2026-08-09T02:56:41+00:00,UNALLOCATED,,,,,
SLCMP1467-0322,322,323,509016199,2^509016199-1,STRUCTURAL_SCREEN_EXHAUSTED_PRIMALITY_UNASSIGNED,GF3A_DIRECTIONAL_WRITE_EXHAUSTED_PRIMALITY_UNASSIGNED,514,512,512,NO_RECORDED_FACTOR_PRP_OR_LL_RESULT_AND_NO_ACTIVE_GIMPS_ASSIGNMENT,2026-08-09T02:56:41+00:00,UNALLOCATED,,,,,
SLCMP1467-0323,323,324,509016257,2^509016257-1,STRUCTURAL_SCREEN_EXHAUSTED_PRIMALITY_UNASSIGNED,GF3A_DIRECTIONAL_WRITE_EXHAUSTED_PRIMALITY_UNASSIGNED,513,512,512,NO_RECORDED_FACTOR_PRP_OR_LL_RESULT_AND_NO_ACTIVE_GIMPS_ASSIGNMENT,2026-08-09T02:56:41+00:00,UNALLOCATED,,,,,
SLCMP1467-0324,324,325,509016317,2^509016317-1,STRUCTURAL_SCREEN_EXHAUSTED_PRIMALITY_UNASSIGNED,GF3A_DIRECTIONAL_WRITE_EXHAUSTED_PRIMALITY_UNASSIGNED,513,512,512,NO_RECORDED_FACTOR_PRP_OR_LL_RESULT_AND_NO_ACTIVE_GIMPS_ASSIGNMENT,2026-08-09T02:56:41+00:00,UNALLOCATED,,,,,
SLCMP1467-0325,325,326,509016359,2^509016359-1,STRUCTURAL_SCREEN_EXHAUSTED_PRIMALITY_UNASSIGNED,GF3A_DIRECTIONAL_WRITE_EXHAUSTED_PRIMALITY_UNASSIGNED,514,512,512,NO_RECORDED_FACTOR_PRP_OR_LL_RESULT_AND_NO_ACTIVE_GIMPS_ASSIGNMENT,2026-08-09T02:56:41+00:00,UNALLOCATED,,,,,
SLCMP1467-0326,326,327,509016367,2^509016367-1,STRUCTURAL_SCREEN_EXHAUSTED_PRIMALITY_UNASSIGNED,GF3A_DIRECTIONAL_WRITE_EXHAUSTED_PRIMALITY_UNASSIGNED,514,512,512,NO_RECORDED_FACTOR_PRP_OR_LL_RESULT_AND_NO_ACTIVE_GIMPS_ASSIGNMENT,2026-08-09T02:56:41+00:00,UNALLOCATED,,,,,
SLCMP1467-0327,327,328,509016419,2^509016419-1,STRUCTURAL_SCREEN_EXHAUSTED_PRIMALITY_UNASSIGNED,GF3A_DIRECTIONAL_WRITE_EXHAUSTED_PRIMALITY_UNASSIGNED,514,512,512,NO_RECORDED_FACTOR_PRP_OR_LL_RESULT_AND_NO_ACTIVE_GIMPS_ASSIGNMENT,2026-08-09T02:56:41+00:00,UNALLOCATED,,,,,
SLCMP1467-0328,328,329,509016433,2^509016433-1,STRUCTURAL_SCREEN_EXHAUSTED_PRIMALITY_UNASSIGNED,GF3A_DIRECTIONAL_WRITE_EXHAUSTED_PRIMALITY_UNASSIGNED,513,512,512,NO_RECORDED_FACTOR_PRP_OR_LL_RESULT_AND_NO_ACTIVE_GIMPS_ASSIGNMENT,2026-08-09T02:56:41+00:00,UNALLOCATED,,,,,
SLCMP1467-0329,329,330,509016449,2^509016449-1,STRUCTURAL_SCREEN_EXHAUSTED_PRIMALITY_UNASSIGNED,GF3A_DIRECTIONAL_WRITE_EXHAUSTED_PRIMALITY_UNASSIGNED,513,512,512,NO_RECORDED_FACTOR_PRP_OR_LL_RESULT_AND_NO_ACTIVE_GIMPS_ASSIGNMENT,2026-08-09T02:56:41+00:00,UNALLOCATED,,,,,
SLCMP1467-0330,330,331,509016509,2^509016509-1,STRUCTURAL_SCREEN_EXHAUSTED_PRIMALITY_UNASSIGNED,GF3A_DIRECTIONAL_WRITE_EXHAUSTED_PRIMALITY_UNASSIGNED,513,512,512,NO_RECORDED_FACTOR_PRP_OR_LL_RESULT_AND_NO_ACTIVE_GIMPS_ASSIGNMENT,2026-08-09T02:56:41+00:00,UNALLOCATED,,,,,
SLCMP1467-0331,331,332,509016527,2^509016527-1,STRUCTURAL_SCREEN_EXHAUSTED_PRIMALITY_UNASSIGNED,GF3A_DIRECTIONAL_WRITE_EXHAUSTED_PRIMALITY_UNASSIGNED,514,512,512,NO_RECORDED_FACTOR_PRP_OR_LL_RESULT_AND_NO_ACTIVE_GIMPS_ASSIGNMENT,2026-08-09T02:56:41+00:00,UNALLOCATED,,,,,
SLCMP1467-0332,332,333,509016539,2^509016539-1,STRUCTURAL_SCREEN_EXHAUSTED_PRIMALITY_UNASSIGNED,GF3A_DIRECTIONAL_WRITE_EXHAUSTED_PRIMALITY_UNASSIGNED,514,512,512,NO_RECORDED_FACTOR_PRP_OR_LL_RESULT_AND_NO_ACTIVE_GIMPS_ASSIGNMENT,2026-08-09T02:56:41+00:00,UNALLOCATED,,,,,
SLCMP1467-0333,333,334,509016569,2^509016569-1,STRUCTURAL_SCREEN_EXHAUSTED_PRIMALITY_UNASSIGNED,GF3A_DIRECTIONAL_WRITE_EXHAUSTED_PRIMALITY_UNASSIGNED,513,512,512,NO_RECORDED_FACTOR_PRP_OR_LL_RESULT_AND_NO_ACTIVE_GIMPS_ASSIGNMENT,2026-08-09T02:56:41+00:00,UNALLOCATED,,,,,
SLCMP1467-0334,334,335,509016587,2^509016587-1,STRUCTURAL_SCREEN_EXHAUSTED_PRIMALITY_UNASSIGNED,GF3A_DIRECTIONAL_WRITE_EXHAUSTED_PRIMALITY_UNASSIGNED,514,512,512,NO_RECORDED_FACTOR_PRP_OR_LL_RESULT_AND_NO_ACTIVE_GIMPS_ASSIGNMENT,2026-08-09T02:56:41+00:00,UNALLOCATED,,,,,
SLCMP1467-0335,335,336,509016623,2^509016623-1,STRUCTURAL_SCREEN_EXHAUSTED_PRIMALITY_UNASSIGNED,GF3A_DIRECTIONAL_WRITE_EXHAUSTED_PRIMALITY_UNASSIGNED,514,512,512,NO_RECORDED_FACTOR_PRP_OR_LL_RESULT_AND_NO_ACTIVE_GIMPS_ASSIGNMENT,2026-08-09T02:56:41+00:00,UNALLOCATED,,,,,
SLCMP1467-0336,336,337,509016643,2^509016643-1,STRUCTURAL_SCREEN_EXHAUSTED_PRIMALITY_UNASSIGNED,GF3A_DIRECTIONAL_WRITE_EXHAUSTED_PRIMALITY_UNASSIGNED,514,512,512,NO_RECORDED_FACTOR_PRP_OR_LL_RESULT_AND_NO_ACTIVE_GIMPS_ASSIGNMENT,2026-08-09T02:56:41+00:00,UNALLOCATED,,,,,
SLCMP1467-0337,337,338,509016653,2^509016653-1,STRUCTURAL_SCREEN_EXHAUSTED_PRIMALITY_UNASSIGNED,GF3A_DIRECTIONAL_WRITE_EXHAUSTED_PRIMALITY_UNASSIGNED,513,512,512,NO_RECORDED_FACTOR_PRP_OR_LL_RESULT_AND_NO_ACTIVE_GIMPS_ASSIGNMENT,2026-08-09T02:56:41+00:00,UNALLOCATED,,,,,
SLCMP1467-0338,338,339,509016709,2^509016709-1,STRUCTURAL_SCREEN_EXHAUSTED_PRIMALITY_UNASSIGNED,GF3A_DIRECTIONAL_WRITE_EXHAUSTED_PRIMALITY_UNASSIGNED,513,512,512,NO_RECORDED_FACTOR_PRP_OR_LL_RESULT_AND_NO_ACTIVE_GIMPS_ASSIGNMENT,2026-08-09T02:56:41+00:00,UNALLOCATED,,,,,
SLCMP1467-0339,339,340,509016731,2^509016731-1,STRUCTURAL_SCREEN_EXHAUSTED_PRIMALITY_UNASSIGNED,GF3A_DIRECTIONAL_WRITE_EXHAUSTED_PRIMALITY_UNASSIGNED,514,512,512,NO_RECORDED_FACTOR_PRP_OR_LL_RESULT_AND_NO_ACTIVE_GIMPS_ASSIGNMENT,2026-08-09T02:56:41+00:00,UNALLOCATED,,,,,
SLCMP1467-0340,340,341,509016791,2^509016791-1,STRUCTURAL_SCREEN_EXHAUSTED_PRIMALITY_UNASSIGNED,GF3A_DIRECTIONAL_WRITE_EXHAUSTED_PRIMALITY_UNASSIGNED,514,512,512,NO_RECORDED_FACTOR_PRP_OR_LL_RESULT_AND_NO_ACTIVE_GIMPS_ASSIGNMENT,2026-08-09T02:56:41+00:00,UNALLOCATED,,,,,
SLCMP1467-0341,341,342,509016853,2^509016853-1,STRUCTURAL_SCREEN_EXHAUSTED_PRIMALITY_UNASSIGNED,GF3A_DIRECTIONAL_WRITE_EXHAUSTED_PRIMALITY_UNASSIGNED,513,512,512,NO_RECORDED_FACTOR_PRP_OR_LL_RESULT_AND_NO_ACTIVE_GIMPS_ASSIGNMENT,2026-08-09T02:56:41+00:00,UNALLOCATED,,,,,
SLCMP1467-0342,342,343,509016883,2^509016883-1,STRUCTURAL_SCREEN_EXHAUSTED_PRIMALITY_UNASSIGNED,GF3A_DIRECTIONAL_WRITE_EXHAUSTED_PRIMALITY_UNASSIGNED,514,512,512,NO_RECORDED_FACTOR_PRP_OR_LL_RESULT_AND_NO_ACTIVE_GIMPS_ASSIGNMENT,2026-08-09T02:56:41+00:00,UNALLOCATED,,,,,
SLCMP1467-0343,343,344,509016913,2^509016913-1,STRUCTURAL_SCREEN_EXHAUSTED_PRIMALITY_UNASSIGNED,GF3A_DIRECTIONAL_WRITE_EXHAUSTED_PRIMALITY_UNASSIGNED,513,512,512,NO_RECORDED_FACTOR_PRP_OR_LL_RESULT_AND_NO_ACTIVE_GIMPS_ASSIGNMENT,2026-08-09T02:56:41+00:00,UNALLOCATED,,,,,
SLCMP1467-0344,344,345,509016917,2^509016917-1,STRUCTURAL_SCREEN_EXHAUSTED_PRIMALITY_UNASSIGNED,GF3A_DIRECTIONAL_WRITE_EXHAUSTED_PRIMALITY_UNASSIGNED,513,512,512,NO_RECORDED_FACTOR_PRP_OR_LL_RESULT_AND_NO_ACTIVE_GIMPS_ASSIGNMENT,2026-08-09T02:56:41+00:00,UNALLOCATED,,,,,
SLCMP1467-0345,345,346,509016943,2^509016943-1,STRUCTURAL_SCREEN_EXHAUSTED_PRIMALITY_UNASSIGNED,GF3A_DIRECTIONAL_WRITE_EXHAUSTED_PRIMALITY_UNASSIGNED,514,512,512,NO_RECORDED_FACTOR_PRP_OR_LL_RESULT_AND_NO_ACTIVE_GIMPS_ASSIGNMENT,2026-08-09T02:56:41+00:00,UNALLOCATED,,,,,
SLCMP1467-0346,346,347,509017007,2^509017007-1,STRUCTURAL_SCREEN_EXHAUSTED_PRIMALITY_UNASSIGNED,GF3A_DIRECTIONAL_WRITE_EXHAUSTED_PRIMALITY_UNASSIGNED,514,512,512,NO_RECORDED_FACTOR_PRP_OR_LL_RESULT_AND_NO_ACTIVE_GIMPS_ASSIGNMENT,2026-08-09T02:56:41+00:00,UNALLOCATED,,,,,
SLCMP1467-0347,347,348,509017021,2^509017021-1,STRUCTURAL_SCREEN_EXHAUSTED_PRIMALITY_UNASSIGNED,GF3A_DIRECTIONAL_WRITE_EXHAUSTED_PRIMALITY_UNASSIGNED,513,512,512,NO_RECORDED_FACTOR_PRP_OR_LL_RESULT_AND_NO_ACTIVE_GIMPS_ASSIGNMENT,2026-08-09T02:56:41+00:00,UNALLOCATED,,,,,
SLCMP1467-0348,348,349,509017031,2^509017031-1,STRUCTURAL_SCREEN_EXHAUSTED_PRIMALITY_UNASSIGNED,GF3A_DIRECTIONAL_WRITE_EXHAUSTED_PRIMALITY_UNASSIGNED,514,512,512,NO_RECORDED_FACTOR_PRP_OR_LL_RESULT_AND_NO_ACTIVE_GIMPS_ASSIGNMENT,2026-08-09T02:56:41+00:00,UNALLOCATED,,,,,
SLCMP1467-0349,349,350,509017037,2^509017037-1,STRUCTURAL_SCREEN_EXHAUSTED_PRIMALITY_UNASSIGNED,GF3A_DIRECTIONAL_WRITE_EXHAUSTED_PRIMALITY_UNASSIGNED,513,512,512,NO_RECORDED_FACTOR_PRP_OR_LL_RESULT_AND_NO_ACTIVE_GIMPS_ASSIGNMENT,2026-08-09T02:56:41+00:00,UNALLOCATED,,,,,
SLCMP1467-0350,350,351,509017051,2^509017051-1,STRUCTURAL_SCREEN_EXHAUSTED_PRIMALITY_UNASSIGNED,GF3A_DIRECTIONAL_WRITE_EXHAUSTED_PRIMALITY_UNASSIGNED,514,512,512,NO_RECORDED_FACTOR_PRP_OR_LL_RESULT_AND_NO_ACTIVE_GIMPS_ASSIGNMENT,2026-08-09T02:56:41+00:00,UNALLOCATED,,,,,
SLCMP1467-0351,351,352,509017081,2^509017081-1,STRUCTURAL_SCREEN_EXHAUSTED_PRIMALITY_UNASSIGNED,GF3A_DIRECTIONAL_WRITE_EXHAUSTED_PRIMALITY_UNASSIGNED,513,512,512,NO_RECORDED_FACTOR_PRP_OR_LL_RESULT_AND_NO_ACTIVE_GIMPS_ASSIGNMENT,2026-08-09T02:56:41+00:00,UNALLOCATED,,,,,
SLCMP1467-0352,352,353,509017127,2^509017127-1,STRUCTURAL_SCREEN_EXHAUSTED_PRIMALITY_UNASSIGNED,GF3A_DIRECTIONAL_WRITE_EXHAUSTED_PRIMALITY_UNASSIGNED,514,512,512,NO_RECORDED_FACTOR_PRP_OR_LL_RESULT_AND_NO_ACTIVE_GIMPS_ASSIGNMENT,2026-08-09T02:56:41+00:00,UNALLOCATED,,,,,
SLCMP1467-0353,353,354,509017147,2^509017147-1,STRUCTURAL_SCREEN_EXHAUSTED_PRIMALITY_UNASSIGNED,GF3A_DIRECTIONAL_WRITE_EXHAUSTED_PRIMALITY_UNASSIGNED,514,512,512,NO_RECORDED_FACTOR_PRP_OR_LL_RESULT_AND_NO_ACTIVE_GIMPS_ASSIGNMENT,2026-08-09T02:56:41+00:00,UNALLOCATED,,,,,
SLCMP1467-0354,354,355,509017151,2^509017151-1,STRUCTURAL_SCREEN_EXHAUSTED_PRIMALITY_UNASSIGNED,GF3A_DIRECTIONAL_WRITE_EXHAUSTED_PRIMALITY_UNASSIGNED,514,512,512,NO_RECORDED_FACTOR_PRP_OR_LL_RESULT_AND_NO_ACTIVE_GIMPS_ASSIGNMENT,2026-08-09T02:56:41+00:00,UNALLOCATED,,,,,
SLCMP1467-0355,355,356,509017183,2^509017183-1,STRUCTURAL_SCREEN_EXHAUSTED_PRIMALITY_UNASSIGNED,GF3A_DIRECTIONAL_WRITE_EXHAUSTED_PRIMALITY_UNASSIGNED,514,512,512,NO_RECORDED_FACTOR_PRP_OR_LL_RESULT_AND_NO_ACTIVE_GIMPS_ASSIGNMENT,2026-08-09T02:56:41+00:00,UNALLOCATED,,,,,
SLCMP1467-0356,356,357,509017211,2^509017211-1,STRUCTURAL_SCREEN_EXHAUSTED_PRIMALITY_UNASSIGNED,GF3A_DIRECTIONAL_WRITE_EXHAUSTED_PRIMALITY_UNASSIGNED,514,512,512,NO_RECORDED_FACTOR_PRP_OR_LL_RESULT_AND_NO_ACTIVE_GIMPS_ASSIGNMENT,2026-08-09T02:56:41+00:00,UNALLOCATED,,,,,
SLCMP1467-0357,357,358,509017217,2^509017217-1,STRUCTURAL_SCREEN_EXHAUSTED_PRIMALITY_UNASSIGNED,GF3A_DIRECTIONAL_WRITE_EXHAUSTED_PRIMALITY_UNASSIGNED,513,512,512,NO_RECORDED_FACTOR_PRP_OR_LL_RESULT_AND_NO_ACTIVE_GIMPS_ASSIGNMENT,2026-08-09T02:56:41+00:00,UNALLOCATED,,,,,
SLCMP1467-0358,358,359,509017343,2^509017343-1,STRUCTURAL_SCREEN_EXHAUSTED_PRIMALITY_UNASSIGNED,GF3A_DIRECTIONAL_WRITE_EXHAUSTED_PRIMALITY_UNASSIGNED,514,512,512,NO_RECORDED_FACTOR_PRP_OR_LL_RESULT_AND_NO_ACTIVE_GIMPS_ASSIGNMENT,2026-08-09T02:56:41+00:00,UNALLOCATED,,,,,
SLCMP1467-0359,359,360,509017357,2^509017357-1,STRUCTURAL_SCREEN_EXHAUSTED_PRIMALITY_UNASSIGNED,GF3A_DIRECTIONAL_WRITE_EXHAUSTED_PRIMALITY_UNASSIGNED,513,512,512,NO_RECORDED_FACTOR_PRP_OR_LL_RESULT_AND_NO_ACTIVE_GIMPS_ASSIGNMENT,2026-08-09T02:56:41+00:00,UNALLOCATED,,,,,
SLCMP1467-0360,360,361,509017387,2^509017387-1,STRUCTURAL_SCREEN_EXHAUSTED_PRIMALITY_UNASSIGNED,GF3A_DIRECTIONAL_WRITE_EXHAUSTED_PRIMALITY_UNASSIGNED,514,512,512,NO_RECORDED_FACTOR_PRP_OR_LL_RESULT_AND_NO_ACTIVE_GIMPS_ASSIGNMENT,2026-08-09T02:56:41+00:00,UNALLOCATED,,,,,
SLCMP1467-0361,361,362,509017441,2^509017441-1,STRUCTURAL_SCREEN_EXHAUSTED_PRIMALITY_UNASSIGNED,GF3A_DIRECTIONAL_WRITE_EXHAUSTED_PRIMALITY_UNASSIGNED,513,512,512,NO_RECORDED_FACTOR_PRP_OR_LL_RESULT_AND_NO_ACTIVE_GIMPS_ASSIGNMENT,2026-08-09T02:56:41+00:00,UNALLOCATED,,,,,
SLCMP1467-0362,362,363,509017591,2^509017591-1,STRUCTURAL_SCREEN_EXHAUSTED_PRIMALITY_UNASSIGNED,GF3A_DIRECTIONAL_WRITE_EXHAUSTED_PRIMALITY_UNASSIGNED,514,512,512,NO_RECORDED_FACTOR_PRP_OR_LL_RESULT_AND_NO_ACTIVE_GIMPS_ASSIGNMENT,2026-08-09T02:56:41+00:00,UNALLOCATED,,,,,
SLCMP1467-0363,363,364,509017711,2^509017711-1,STRUCTURAL_SCREEN_EXHAUSTED_PRIMALITY_UNASSIGNED,GF3A_DIRECTIONAL_WRITE_EXHAUSTED_PRIMALITY_UNASSIGNED,514,512,512,NO_RECORDED_FACTOR_PRP_OR_LL_RESULT_AND_NO_ACTIVE_GIMPS_ASSIGNMENT,2026-08-09T02:56:41+00:00,UNALLOCATED,,,,,
SLCMP1467-0364,364,365,509017801,2^509017801-1,STRUCTURAL_SCREEN_EXHAUSTED_PRIMALITY_UNASSIGNED,GF3A_DIRECTIONAL_WRITE_EXHAUSTED_PRIMALITY_UNASSIGNED,513,512,512,NO_RECORDED_FACTOR_PRP_OR_LL_RESULT_AND_NO_ACTIVE_GIMPS_ASSIGNMENT,2026-08-09T02:56:41+00:00,UNALLOCATED,,,,,
SLCMP1467-0365,365,366,509017891,2^509017891-1,STRUCTURAL_SCREEN_EXHAUSTED_PRIMALITY_UNASSIGNED,GF3A_DIRECTIONAL_WRITE_EXHAUSTED_PRIMALITY_UNASSIGNED,514,512,512,NO_RECORDED_FACTOR_PRP_OR_LL_RESULT_AND_NO_ACTIVE_GIMPS_ASSIGNMENT,2026-08-09T02:56:41+00:00,UNALLOCATED,,,,,
SLCMP1467-0366,366,367,509017903,2^509017903-1,STRUCTURAL_SCREEN_EXHAUSTED_PRIMALITY_UNASSIGNED,GF3A_DIRECTIONAL_WRITE_EXHAUSTED_PRIMALITY_UNASSIGNED,514,512,512,NO_RECORDED_FACTOR_PRP_OR_LL_RESULT_AND_NO_ACTIVE_GIMPS_ASSIGNMENT,2026-08-09T02:56:41+00:00,UNALLOCATED,,,,,
SLCMP1467-0367,367,368,509017907,2^509017907-1,STRUCTURAL_SCREEN_EXHAUSTED_PRIMALITY_UNASSIGNED,GF3A_DIRECTIONAL_WRITE_EXHAUSTED_PRIMALITY_UNASSIGNED,514,512,512,NO_RECORDED_FACTOR_PRP_OR_LL_RESULT_AND_NO_ACTIVE_GIMPS_ASSIGNMENT,2026-08-09T02:56:41+00:00,UNALLOCATED,,,,,
SLCMP1467-0368,368,369,509017931,2^509017931-1,STRUCTURAL_SCREEN_EXHAUSTED_PRIMALITY_UNASSIGNED,GF3A_DIRECTIONAL_WRITE_EXHAUSTED_PRIMALITY_UNASSIGNED,514,512,512,NO_RECORDED_FACTOR_PRP_OR_LL_RESULT_AND_NO_ACTIVE_GIMPS_ASSIGNMENT,2026-08-09T02:56:41+00:00,UNALLOCATED,,,,,
SLCMP1467-0369,369,370,509017969,2^509017969-1,STRUCTURAL_SCREEN_EXHAUSTED_PRIMALITY_UNASSIGNED,GF3A_DIRECTIONAL_WRITE_EXHAUSTED_PRIMALITY_UNASSIGNED,513,512,512,NO_RECORDED_FACTOR_PRP_OR_LL_RESULT_AND_NO_ACTIVE_GIMPS_ASSIGNMENT,2026-08-09T02:56:41+00:00,UNALLOCATED,,,,,
SLCMP1467-0370,370,371,509017997,2^509017997-1,STRUCTURAL_SCREEN_EXHAUSTED_PRIMALITY_UNASSIGNED,GF3A_DIRECTIONAL_WRITE_EXHAUSTED_PRIMALITY_UNASSIGNED,513,512,512,NO_RECORDED_FACTOR_PRP_OR_LL_RESULT_AND_NO_ACTIVE_GIMPS_ASSIGNMENT,2026-08-09T02:56:41+00:00,UNALLOCATED,,,,,
SLCMP1467-0371,371,372,509018053,2^509018053-1,STRUCTURAL_SCREEN_EXHAUSTED_PRIMALITY_UNASSIGNED,GF3A_DIRECTIONAL_WRITE_EXHAUSTED_PRIMALITY_UNASSIGNED,513,512,512,NO_RECORDED_FACTOR_PRP_OR_LL_RESULT_AND_NO_ACTIVE_GIMPS_ASSIGNMENT,2026-08-09T02:56:41+00:00,UNALLOCATED,,,,,
SLCMP1467-0372,372,373,509018057,2^509018057-1,STRUCTURAL_SCREEN_EXHAUSTED_PRIMALITY_UNASSIGNED,GF3A_DIRECTIONAL_WRITE_EXHAUSTED_PRIMALITY_UNASSIGNED,513,512,512,NO_RECORDED_FACTOR_PRP_OR_LL_RESULT_AND_NO_ACTIVE_GIMPS_ASSIGNMENT,2026-08-09T02:56:41+00:00,UNALLOCATED,,,,,
SLCMP1467-0373,373,374,509018101,2^509018101-1,STRUCTURAL_SCREEN_EXHAUSTED_PRIMALITY_UNASSIGNED,GF3A_DIRECTIONAL_WRITE_EXHAUSTED_PRIMALITY_UNASSIGNED,513,512,512,NO_RECORDED_FACTOR_PRP_OR_LL_RESULT_AND_NO_ACTIVE_GIMPS_ASSIGNMENT,2026-08-09T02:56:41+00:00,UNALLOCATED,,,,,
SLCMP1467-0374,374,375,509018161,2^509018161-1,STRUCTURAL_SCREEN_EXHAUSTED_PRIMALITY_UNASSIGNED,GF3A_DIRECTIONAL_WRITE_EXHAUSTED_PRIMALITY_UNASSIGNED,513,512,512,NO_RECORDED_FACTOR_PRP_OR_LL_RESULT_AND_NO_ACTIVE_GIMPS_ASSIGNMENT,2026-08-09T02:56:41+00:00,UNALLOCATED,,,,,
SLCMP1467-0375,375,376,509018387,2^509018387-1,STRUCTURAL_SCREEN_EXHAUSTED_PRIMALITY_UNASSIGNED,GF3A_DIRECTIONAL_WRITE_EXHAUSTED_PRIMALITY_UNASSIGNED,514,512,512,NO_RECORDED_FACTOR_PRP_OR_LL_RESULT_AND_NO_ACTIVE_GIMPS_ASSIGNMENT,2026-08-09T02:56:41+00:00,UNALLOCATED,,,,,
SLCMP1467-0376,376,377,509018401,2^509018401-1,STRUCTURAL_SCREEN_EXHAUSTED_PRIMALITY_UNASSIGNED,GF3A_DIRECTIONAL_WRITE_EXHAUSTED_PRIMALITY_UNASSIGNED,513,512,512,NO_RECORDED_FACTOR_PRP_OR_LL_RESULT_AND_NO_ACTIVE_GIMPS_ASSIGNMENT,2026-08-09T02:56:41+00:00,UNALLOCATED,,,,,
SLCMP1467-0377,377,378,509018453,2^509018453-1,STRUCTURAL_SCREEN_EXHAUSTED_PRIMALITY_UNASSIGNED,GF3A_DIRECTIONAL_WRITE_EXHAUSTED_PRIMALITY_UNASSIGNED,513,512,512,NO_RECORDED_FACTOR_PRP_OR_LL_RESULT_AND_NO_ACTIVE_GIMPS_ASSIGNMENT,2026-08-09T02:56:41+00:00,UNALLOCATED,,,,,
SLCMP1467-0378,378,379,509018479,2^509018479-1,STRUCTURAL_SCREEN_EXHAUSTED_PRIMALITY_UNASSIGNED,GF3A_DIRECTIONAL_WRITE_EXHAUSTED_PRIMALITY_UNASSIGNED,514,512,512,NO_RECORDED_FACTOR_PRP_OR_LL_RESULT_AND_NO_ACTIVE_GIMPS_ASSIGNMENT,2026-08-09T02:56:41+00:00,UNALLOCATED,,,,,
SLCMP1467-0379,379,380,509018483,2^509018483-1,STRUCTURAL_SCREEN_EXHAUSTED_PRIMALITY_UNASSIGNED,GF3A_DIRECTIONAL_WRITE_EXHAUSTED_PRIMALITY_UNASSIGNED,514,512,512,NO_RECORDED_FACTOR_PRP_OR_LL_RESULT_AND_NO_ACTIVE_GIMPS_ASSIGNMENT,2026-08-09T02:56:41+00:00,UNALLOCATED,,,,,
SLCMP1467-0380,380,381,509018513,2^509018513-1,STRUCTURAL_SCREEN_EXHAUSTED_PRIMALITY_UNASSIGNED,GF3A_DIRECTIONAL_WRITE_EXHAUSTED_PRIMALITY_UNASSIGNED,513,512,512,NO_RECORDED_FACTOR_PRP_OR_LL_RESULT_AND_NO_ACTIVE_GIMPS_ASSIGNMENT,2026-08-09T02:56:41+00:00,UNALLOCATED,,,,,
SLCMP1467-0381,381,382,509018533,2^509018533-1,STRUCTURAL_SCREEN_EXHAUSTED_PRIMALITY_UNASSIGNED,GF3A_DIRECTIONAL_WRITE_EXHAUSTED_PRIMALITY_UNASSIGNED,513,512,512,NO_RECORDED_FACTOR_PRP_OR_LL_RESULT_AND_NO_ACTIVE_GIMPS_ASSIGNMENT,2026-08-09T02:56:41+00:00,UNALLOCATED,,,,,
SLCMP1467-0382,382,383,509018599,2^509018599-1,STRUCTURAL_SCREEN_EXHAUSTED_PRIMALITY_UNASSIGNED,GF3A_DIRECTIONAL_WRITE_EXHAUSTED_PRIMALITY_UNASSIGNED,514,512,512,NO_RECORDED_FACTOR_PRP_OR_LL_RESULT_AND_NO_ACTIVE_GIMPS_ASSIGNMENT,2026-08-09T02:56:41+00:00,UNALLOCATED,,,,,
SLCMP1467-0383,383,384,509018621,2^509018621-1,STRUCTURAL_SCREEN_EXHAUSTED_PRIMALITY_UNASSIGNED,GF3A_DIRECTIONAL_WRITE_EXHAUSTED_PRIMALITY_UNASSIGNED,513,512,512,NO_RECORDED_FACTOR_PRP_OR_LL_RESULT_AND_NO_ACTIVE_GIMPS_ASSIGNMENT,2026-08-09T02:56:41+00:00,UNALLOCATED,,,,,
SLCMP1467-0384,384,385,509018633,2^509018633-1,STRUCTURAL_SCREEN_EXHAUSTED_PRIMALITY_UNASSIGNED,GF3A_DIRECTIONAL_WRITE_EXHAUSTED_PRIMALITY_UNASSIGNED,513,512,512,NO_RECORDED_FACTOR_PRP_OR_LL_RESULT_AND_NO_ACTIVE_GIMPS_ASSIGNMENT,2026-08-09T02:56:41+00:00,UNALLOCATED,,,,,
SLCMP1467-0385,385,386,509018651,2^509018651-1,STRUCTURAL_SCREEN_EXHAUSTED_PRIMALITY_UNASSIGNED,GF3A_DIRECTIONAL_WRITE_EXHAUSTED_PRIMALITY_UNASSIGNED,514,512,512,NO_RECORDED_FACTOR_PRP_OR_LL_RESULT_AND_NO_ACTIVE_GIMPS_ASSIGNMENT,2026-08-09T02:56:41+00:00,UNALLOCATED,,,,,
SLCMP1467-0386,386,387,509018723,2^509018723-1,STRUCTURAL_SCREEN_EXHAUSTED_PRIMALITY_UNASSIGNED,GF3A_DIRECTIONAL_WRITE_EXHAUSTED_PRIMALITY_UNASSIGNED,514,512,512,NO_RECORDED_FACTOR_PRP_OR_LL_RESULT_AND_NO_ACTIVE_GIMPS_ASSIGNMENT,2026-08-09T02:56:41+00:00,UNALLOCATED,,,,,
SLCMP1467-0387,387,388,509018749,2^509018749-1,STRUCTURAL_SCREEN_EXHAUSTED_PRIMALITY_UNASSIGNED,GF3A_DIRECTIONAL_WRITE_EXHAUSTED_PRIMALITY_UNASSIGNED,513,512,512,NO_RECORDED_FACTOR_PRP_OR_LL_RESULT_AND_NO_ACTIVE_GIMPS_ASSIGNMENT,2026-08-09T02:56:41+00:00,UNALLOCATED,,,,,
SLCMP1467-0388,388,389,509018827,2^509018827-1,STRUCTURAL_SCREEN_EXHAUSTED_PRIMALITY_UNASSIGNED,GF3A_DIRECTIONAL_WRITE_EXHAUSTED_PRIMALITY_UNASSIGNED,514,512,512,NO_RECORDED_FACTOR_PRP_OR_LL_RESULT_AND_NO_ACTIVE_GIMPS_ASSIGNMENT,2026-08-09T02:56:41+00:00,UNALLOCATED,,,,,
SLCMP1467-0389,389,390,509018863,2^509018863-1,STRUCTURAL_SCREEN_EXHAUSTED_PRIMALITY_UNASSIGNED,GF3A_DIRECTIONAL_WRITE_EXHAUSTED_PRIMALITY_UNASSIGNED,514,512,512,NO_RECORDED_FACTOR_PRP_OR_LL_RESULT_AND_NO_ACTIVE_GIMPS_ASSIGNMENT,2026-08-09T02:56:41+00:00,UNALLOCATED,,,,,
SLCMP1467-0390,390,391,509018897,2^509018897-1,STRUCTURAL_SCREEN_EXHAUSTED_PRIMALITY_UNASSIGNED,GF3A_DIRECTIONAL_WRITE_EXHAUSTED_PRIMALITY_UNASSIGNED,513,512,512,NO_RECORDED_FACTOR_PRP_OR_LL_RESULT_AND_NO_ACTIVE_GIMPS_ASSIGNMENT,2026-08-09T02:56:41+00:00,UNALLOCATED,,,,,
SLCMP1467-0391,391,392,509018903,2^509018903-1,STRUCTURAL_SCREEN_EXHAUSTED_PRIMALITY_UNASSIGNED,GF3A_DIRECTIONAL_WRITE_EXHAUSTED_PRIMALITY_UNASSIGNED,514,512,512,NO_RECORDED_FACTOR_PRP_OR_LL_RESULT_AND_NO_ACTIVE_GIMPS_ASSIGNMENT,2026-08-09T02:56:41+00:00,UNALLOCATED,,,,,
SLCMP1467-0392,392,393,509018929,2^509018929-1,STRUCTURAL_SCREEN_EXHAUSTED_PRIMALITY_UNASSIGNED,GF3A_DIRECTIONAL_WRITE_EXHAUSTED_PRIMALITY_UNASSIGNED,513,512,512,NO_RECORDED_FACTOR_PRP_OR_LL_RESULT_AND_NO_ACTIVE_GIMPS_ASSIGNMENT,2026-08-09T02:56:41+00:00,UNALLOCATED,,,,,
SLCMP1467-0393,393,394,509019047,2^509019047-1,STRUCTURAL_SCREEN_EXHAUSTED_PRIMALITY_UNASSIGNED,GF3A_DIRECTIONAL_WRITE_EXHAUSTED_PRIMALITY_UNASSIGNED,514,512,512,NO_RECORDED_FACTOR_PRP_OR_LL_RESULT_AND_NO_ACTIVE_GIMPS_ASSIGNMENT,2026-08-09T02:56:41+00:00,UNALLOCATED,,,,,
SLCMP1467-0394,394,395,509019103,2^509019103-1,STRUCTURAL_SCREEN_EXHAUSTED_PRIMALITY_UNASSIGNED,GF3A_DIRECTIONAL_WRITE_EXHAUSTED_PRIMALITY_UNASSIGNED,514,512,512,NO_RECORDED_FACTOR_PRP_OR_LL_RESULT_AND_NO_ACTIVE_GIMPS_ASSIGNMENT,2026-08-09T02:56:41+00:00,UNALLOCATED,,,,,
SLCMP1467-0395,395,396,509019109,2^509019109-1,STRUCTURAL_SCREEN_EXHAUSTED_PRIMALITY_UNASSIGNED,GF3A_DIRECTIONAL_WRITE_EXHAUSTED_PRIMALITY_UNASSIGNED,513,512,512,NO_RECORDED_FACTOR_PRP_OR_LL_RESULT_AND_NO_ACTIVE_GIMPS_ASSIGNMENT,2026-08-09T02:56:41+00:00,UNALLOCATED,,,,,
SLCMP1467-0396,396,397,509019157,2^509019157-1,STRUCTURAL_SCREEN_EXHAUSTED_PRIMALITY_UNASSIGNED,GF3A_DIRECTIONAL_WRITE_EXHAUSTED_PRIMALITY_UNASSIGNED,513,512,512,NO_RECORDED_FACTOR_PRP_OR_LL_RESULT_AND_NO_ACTIVE_GIMPS_ASSIGNMENT,2026-08-09T02:56:41+00:00,UNALLOCATED,,,,,
SLCMP1467-0397,397,398,509019169,2^509019169-1,STRUCTURAL_SCREEN_EXHAUSTED_PRIMALITY_UNASSIGNED,GF3A_DIRECTIONAL_WRITE_EXHAUSTED_PRIMALITY_UNASSIGNED,513,512,512,NO_RECORDED_FACTOR_PRP_OR_LL_RESULT_AND_NO_ACTIVE_GIMPS_ASSIGNMENT,2026-08-09T02:56:41+00:00,UNALLOCATED,,,,,
SLCMP1467-0398,398,399,509019191,2^509019191-1,STRUCTURAL_SCREEN_EXHAUSTED_PRIMALITY_UNASSIGNED,GF3A_DIRECTIONAL_WRITE_EXHAUSTED_PRIMALITY_UNASSIGNED,514,512,512,NO_RECORDED_FACTOR_PRP_OR_LL_RESULT_AND_NO_ACTIVE_GIMPS_ASSIGNMENT,2026-08-09T02:56:41+00:00,UNALLOCATED,,,,,
SLCMP1467-0399,399,400,509019227,2^509019227-1,STRUCTURAL_SCREEN_EXHAUSTED_PRIMALITY_UNASSIGNED,GF3A_DIRECTIONAL_WRITE_EXHAUSTED_PRIMALITY_UNASSIGNED,514,512,512,NO_RECORDED_FACTOR_PRP_OR_LL_RESULT_AND_NO_ACTIVE_GIMPS_ASSIGNMENT,2026-08-09T02:56:41+00:00,UNALLOCATED,,,,,
SLCMP1467-0400,400,401,509019229,2^509019229-1,STRUCTURAL_SCREEN_EXHAUSTED_PRIMALITY_UNASSIGNED,GF3A_DIRECTIONAL_WRITE_EXHAUSTED_PRIMALITY_UNASSIGNED,513,512,512,NO_RECORDED_FACTOR_PRP_OR_LL_RESULT_AND_NO_ACTIVE_GIMPS_ASSIGNMENT,2026-08-09T02:56:41+00:00,UNALLOCATED,,,,,
SLCMP1467-0401,401,402,509019271,2^509019271-1,STRUCTURAL_SCREEN_EXHAUSTED_PRIMALITY_UNASSIGNED,GF3A_DIRECTIONAL_WRITE_EXHAUSTED_PRIMALITY_UNASSIGNED,514,512,512,NO_RECORDED_FACTOR_PRP_OR_LL_RESULT_AND_NO_ACTIVE_GIMPS_ASSIGNMENT,2026-08-09T02:56:41+00:00,UNALLOCATED,,,,,
SLCMP1467-0402,402,403,509019317,2^509019317-1,STRUCTURAL_SCREEN_EXHAUSTED_PRIMALITY_UNASSIGNED,GF3A_DIRECTIONAL_WRITE_EXHAUSTED_PRIMALITY_UNASSIGNED,513,512,512,NO_RECORDED_FACTOR_PRP_OR_LL_RESULT_AND_NO_ACTIVE_GIMPS_ASSIGNMENT,2026-08-09T02:56:41+00:00,UNALLOCATED,,,,,
SLCMP1467-0403,403,404,509019341,2^509019341-1,STRUCTURAL_SCREEN_EXHAUSTED_PRIMALITY_UNASSIGNED,GF3A_DIRECTIONAL_WRITE_EXHAUSTED_PRIMALITY_UNASSIGNED,513,512,512,NO_RECORDED_FACTOR_PRP_OR_LL_RESULT_AND_NO_ACTIVE_GIMPS_ASSIGNMENT,2026-08-09T02:56:41+00:00,UNALLOCATED,,,,,
SLCMP1467-0404,404,405,509019359,2^509019359-1,STRUCTURAL_SCREEN_EXHAUSTED_PRIMALITY_UNASSIGNED,GF3A_DIRECTIONAL_WRITE_EXHAUSTED_PRIMALITY_UNASSIGNED,514,512,512,NO_RECORDED_FACTOR_PRP_OR_LL_RESULT_AND_NO_ACTIVE_GIMPS_ASSIGNMENT,2026-08-09T02:56:41+00:00,UNALLOCATED,,,,,
SLCMP1467-0405,405,406,509019419,2^509019419-1,STRUCTURAL_SCREEN_EXHAUSTED_PRIMALITY_UNASSIGNED,GF3A_DIRECTIONAL_WRITE_EXHAUSTED_PRIMALITY_UNASSIGNED,514,512,512,NO_RECORDED_FACTOR_PRP_OR_LL_RESULT_AND_NO_ACTIVE_GIMPS_ASSIGNMENT,2026-08-09T02:56:41+00:00,UNALLOCATED,,,,,
SLCMP1467-0406,406,407,509019487,2^509019487-1,STRUCTURAL_SCREEN_EXHAUSTED_PRIMALITY_UNASSIGNED,GF3A_DIRECTIONAL_WRITE_EXHAUSTED_PRIMALITY_UNASSIGNED,514,512,512,NO_RECORDED_FACTOR_PRP_OR_LL_RESULT_AND_NO_ACTIVE_GIMPS_ASSIGNMENT,2026-08-09T02:56:41+00:00,UNALLOCATED,,,,,
SLCMP1467-0407,407,408,509019493,2^509019493-1,STRUCTURAL_SCREEN_EXHAUSTED_PRIMALITY_UNASSIGNED,GF3A_DIRECTIONAL_WRITE_EXHAUSTED_PRIMALITY_UNASSIGNED,513,512,512,NO_RECORDED_FACTOR_PRP_OR_LL_RESULT_AND_NO_ACTIVE_GIMPS_ASSIGNMENT,2026-08-09T02:56:41+00:00,UNALLOCATED,,,,,
SLCMP1467-0408,408,409,509019499,2^509019499-1,STRUCTURAL_SCREEN_EXHAUSTED_PRIMALITY_UNASSIGNED,GF3A_DIRECTIONAL_WRITE_EXHAUSTED_PRIMALITY_UNASSIGNED,514,512,512,NO_RECORDED_FACTOR_PRP_OR_LL_RESULT_AND_NO_ACTIVE_GIMPS_ASSIGNMENT,2026-08-09T02:56:41+00:00,UNALLOCATED,,,,,
SLCMP1467-0409,409,410,509019503,2^509019503-1,STRUCTURAL_SCREEN_EXHAUSTED_PRIMALITY_UNASSIGNED,GF3A_DIRECTIONAL_WRITE_EXHAUSTED_PRIMALITY_UNASSIGNED,514,512,512,NO_RECORDED_FACTOR_PRP_OR_LL_RESULT_AND_NO_ACTIVE_GIMPS_ASSIGNMENT,2026-08-09T02:56:41+00:00,UNALLOCATED,,,,,
SLCMP1467-0410,410,411,509019547,2^509019547-1,STRUCTURAL_SCREEN_EXHAUSTED_PRIMALITY_UNASSIGNED,GF3A_DIRECTIONAL_WRITE_EXHAUSTED_PRIMALITY_UNASSIGNED,514,512,512,NO_RECORDED_FACTOR_PRP_OR_LL_RESULT_AND_NO_ACTIVE_GIMPS_ASSIGNMENT,2026-08-09T02:56:41+00:00,UNALLOCATED,,,,,
SLCMP1467-0411,411,412,509019701,2^509019701-1,STRUCTURAL_SCREEN_EXHAUSTED_PRIMALITY_UNASSIGNED,GF3A_DIRECTIONAL_WRITE_EXHAUSTED_PRIMALITY_UNASSIGNED,513,512,512,NO_RECORDED_FACTOR_PRP_OR_LL_RESULT_AND_NO_ACTIVE_GIMPS_ASSIGNMENT,2026-08-09T02:56:41+00:00,UNALLOCATED,,,,,
SLCMP1467-0412,412,413,509019743,2^509019743-1,STRUCTURAL_SCREEN_EXHAUSTED_PRIMALITY_UNASSIGNED,GF3A_DIRECTIONAL_WRITE_EXHAUSTED_PRIMALITY_UNASSIGNED,514,512,512,NO_RECORDED_FACTOR_PRP_OR_LL_RESULT_AND_NO_ACTIVE_GIMPS_ASSIGNMENT,2026-08-09T02:56:41+00:00,UNALLOCATED,,,,,
SLCMP1467-0413,413,414,509019751,2^509019751-1,STRUCTURAL_SCREEN_EXHAUSTED_PRIMALITY_UNASSIGNED,GF3A_DIRECTIONAL_WRITE_EXHAUSTED_PRIMALITY_UNASSIGNED,514,512,512,NO_RECORDED_FACTOR_PRP_OR_LL_RESULT_AND_NO_ACTIVE_GIMPS_ASSIGNMENT,2026-08-09T02:56:41+00:00,UNALLOCATED,,,,,
SLCMP1467-0414,414,415,509019781,2^509019781-1,STRUCTURAL_SCREEN_EXHAUSTED_PRIMALITY_UNASSIGNED,GF3A_DIRECTIONAL_WRITE_EXHAUSTED_PRIMALITY_UNASSIGNED,513,512,512,NO_RECORDED_FACTOR_PRP_OR_LL_RESULT_AND_NO_ACTIVE_GIMPS_ASSIGNMENT,2026-08-09T02:56:41+00:00,UNALLOCATED,,,,,
SLCMP1467-0415,415,416,509019787,2^509019787-1,STRUCTURAL_SCREEN_EXHAUSTED_PRIMALITY_UNASSIGNED,GF3A_DIRECTIONAL_WRITE_EXHAUSTED_PRIMALITY_UNASSIGNED,514,512,512,NO_RECORDED_FACTOR_PRP_OR_LL_RESULT_AND_NO_ACTIVE_GIMPS_ASSIGNMENT,2026-08-09T02:56:41+00:00,UNALLOCATED,,,,,
SLCMP1467-0416,416,417,509019859,2^509019859-1,STRUCTURAL_SCREEN_EXHAUSTED_PRIMALITY_UNASSIGNED,GF3A_DIRECTIONAL_WRITE_EXHAUSTED_PRIMALITY_UNASSIGNED,514,512,512,NO_RECORDED_FACTOR_PRP_OR_LL_RESULT_AND_NO_ACTIVE_GIMPS_ASSIGNMENT,2026-08-09T02:56:41+00:00,UNALLOCATED,,,,,
SLCMP1467-0417,417,418,509019887,2^509019887-1,STRUCTURAL_SCREEN_EXHAUSTED_PRIMALITY_UNASSIGNED,GF3A_DIRECTIONAL_WRITE_EXHAUSTED_PRIMALITY_UNASSIGNED,514,512,512,NO_RECORDED_FACTOR_PRP_OR_LL_RESULT_AND_NO_ACTIVE_GIMPS_ASSIGNMENT,2026-08-09T02:56:41+00:00,UNALLOCATED,,,,,
SLCMP1467-0418,418,419,509019941,2^509019941-1,STRUCTURAL_SCREEN_EXHAUSTED_PRIMALITY_UNASSIGNED,GF3A_DIRECTIONAL_WRITE_EXHAUSTED_PRIMALITY_UNASSIGNED,513,512,512,NO_RECORDED_FACTOR_PRP_OR_LL_RESULT_AND_NO_ACTIVE_GIMPS_ASSIGNMENT,2026-08-09T02:56:41+00:00,UNALLOCATED,,,,,
SLCMP1467-0419,419,420,509020091,2^509020091-1,STRUCTURAL_SCREEN_EXHAUSTED_PRIMALITY_UNASSIGNED,GF3A_DIRECTIONAL_WRITE_EXHAUSTED_PRIMALITY_UNASSIGNED,514,512,512,NO_RECORDED_FACTOR_PRP_OR_LL_RESULT_AND_NO_ACTIVE_GIMPS_ASSIGNMENT,2026-08-09T02:56:41+00:00,UNALLOCATED,,,,,
SLCMP1467-0420,420,421,509020163,2^509020163-1,STRUCTURAL_SCREEN_EXHAUSTED_PRIMALITY_UNASSIGNED,GF3A_DIRECTIONAL_WRITE_EXHAUSTED_PRIMALITY_UNASSIGNED,514,512,512,NO_RECORDED_FACTOR_PRP_OR_LL_RESULT_AND_NO_ACTIVE_GIMPS_ASSIGNMENT,2026-08-09T02:56:41+00:00,UNALLOCATED,,,,,
SLCMP1467-0421,421,422,509020201,2^509020201-1,STRUCTURAL_SCREEN_EXHAUSTED_PRIMALITY_UNASSIGNED,GF3A_DIRECTIONAL_WRITE_EXHAUSTED_PRIMALITY_UNASSIGNED,513,512,512,NO_RECORDED_FACTOR_PRP_OR_LL_RESULT_AND_NO_ACTIVE_GIMPS_ASSIGNMENT,2026-08-09T02:56:41+00:00,UNALLOCATED,,,,,
SLCMP1467-0422,422,423,509020243,2^509020243-1,STRUCTURAL_SCREEN_EXHAUSTED_PRIMALITY_UNASSIGNED,GF3A_DIRECTIONAL_WRITE_EXHAUSTED_PRIMALITY_UNASSIGNED,514,512,512,NO_RECORDED_FACTOR_PRP_OR_LL_RESULT_AND_NO_ACTIVE_GIMPS_ASSIGNMENT,2026-08-09T02:56:41+00:00,UNALLOCATED,,,,,
SLCMP1467-0423,423,424,509020247,2^509020247-1,STRUCTURAL_SCREEN_EXHAUSTED_PRIMALITY_UNASSIGNED,GF3A_DIRECTIONAL_WRITE_EXHAUSTED_PRIMALITY_UNASSIGNED,514,512,512,NO_RECORDED_FACTOR_PRP_OR_LL_RESULT_AND_NO_ACTIVE_GIMPS_ASSIGNMENT,2026-08-09T02:56:41+00:00,UNALLOCATED,,,,,
SLCMP1467-0424,424,425,509020333,2^509020333-1,STRUCTURAL_SCREEN_EXHAUSTED_PRIMALITY_UNASSIGNED,GF3A_DIRECTIONAL_WRITE_EXHAUSTED_PRIMALITY_UNASSIGNED,513,512,512,NO_RECORDED_FACTOR_PRP_OR_LL_RESULT_AND_NO_ACTIVE_GIMPS_ASSIGNMENT,2026-08-09T02:56:41+00:00,UNALLOCATED,,,,,
SLCMP1467-0425,425,426,509020549,2^509020549-1,STRUCTURAL_SCREEN_EXHAUSTED_PRIMALITY_UNASSIGNED,GF3A_DIRECTIONAL_WRITE_EXHAUSTED_PRIMALITY_UNASSIGNED,513,512,512,NO_RECORDED_FACTOR_PRP_OR_LL_RESULT_AND_NO_ACTIVE_GIMPS_ASSIGNMENT,2026-08-09T02:56:41+00:00,UNALLOCATED,,,,,
SLCMP1467-0426,426,427,509020573,2^509020573-1,STRUCTURAL_SCREEN_EXHAUSTED_PRIMALITY_UNASSIGNED,GF3A_DIRECTIONAL_WRITE_EXHAUSTED_PRIMALITY_UNASSIGNED,513,512,512,NO_RECORDED_FACTOR_PRP_OR_LL_RESULT_AND_NO_ACTIVE_GIMPS_ASSIGNMENT,2026-08-09T02:56:41+00:00,UNALLOCATED,,,,,
SLCMP1467-0427,427,428,509020691,2^509020691-1,STRUCTURAL_SCREEN_EXHAUSTED_PRIMALITY_UNASSIGNED,GF3A_DIRECTIONAL_WRITE_EXHAUSTED_PRIMALITY_UNASSIGNED,514,512,512,NO_RECORDED_FACTOR_PRP_OR_LL_RESULT_AND_NO_ACTIVE_GIMPS_ASSIGNMENT,2026-08-09T02:56:41+00:00,UNALLOCATED,,,,,
SLCMP1467-0428,428,429,509020711,2^509020711-1,STRUCTURAL_SCREEN_EXHAUSTED_PRIMALITY_UNASSIGNED,GF3A_DIRECTIONAL_WRITE_EXHAUSTED_PRIMALITY_UNASSIGNED,514,512,512,NO_RECORDED_FACTOR_PRP_OR_LL_RESULT_AND_NO_ACTIVE_GIMPS_ASSIGNMENT,2026-08-09T02:56:41+00:00,UNALLOCATED,,,,,
SLCMP1467-0429,429,430,509020753,2^509020753-1,STRUCTURAL_SCREEN_EXHAUSTED_PRIMALITY_UNASSIGNED,GF3A_DIRECTIONAL_WRITE_EXHAUSTED_PRIMALITY_UNASSIGNED,513,512,512,NO_RECORDED_FACTOR_PRP_OR_LL_RESULT_AND_NO_ACTIVE_GIMPS_ASSIGNMENT,2026-08-09T02:56:41+00:00,UNALLOCATED,,,,,
SLCMP1467-0430,430,431,509020807,2^509020807-1,STRUCTURAL_SCREEN_EXHAUSTED_PRIMALITY_UNASSIGNED,GF3A_DIRECTIONAL_WRITE_EXHAUSTED_PRIMALITY_UNASSIGNED,514,512,512,NO_RECORDED_FACTOR_PRP_OR_LL_RESULT_AND_NO_ACTIVE_GIMPS_ASSIGNMENT,2026-08-09T02:56:41+00:00,UNALLOCATED,,,,,
SLCMP1467-0431,431,432,509020861,2^509020861-1,STRUCTURAL_SCREEN_EXHAUSTED_PRIMALITY_UNASSIGNED,GF3A_DIRECTIONAL_WRITE_EXHAUSTED_PRIMALITY_UNASSIGNED,513,512,512,NO_RECORDED_FACTOR_PRP_OR_LL_RESULT_AND_NO_ACTIVE_GIMPS_ASSIGNMENT,2026-08-09T02:56:41+00:00,UNALLOCATED,,,,,
SLCMP1467-0432,432,433,509020867,2^509020867-1,STRUCTURAL_SCREEN_EXHAUSTED_PRIMALITY_UNASSIGNED,GF3A_DIRECTIONAL_WRITE_EXHAUSTED_PRIMALITY_UNASSIGNED,514,512,512,NO_RECORDED_FACTOR_PRP_OR_LL_RESULT_AND_NO_ACTIVE_GIMPS_ASSIGNMENT,2026-08-09T02:56:41+00:00,UNALLOCATED,,,,,
SLCMP1467-0433,433,434,509020903,2^509020903-1,STRUCTURAL_SCREEN_EXHAUSTED_PRIMALITY_UNASSIGNED,GF3A_DIRECTIONAL_WRITE_EXHAUSTED_PRIMALITY_UNASSIGNED,514,512,512,NO_RECORDED_FACTOR_PRP_OR_LL_RESULT_AND_NO_ACTIVE_GIMPS_ASSIGNMENT,2026-08-09T02:56:41+00:00,UNALLOCATED,,,,,
SLCMP1467-0434,434,435,509020931,2^509020931-1,STRUCTURAL_SCREEN_EXHAUSTED_PRIMALITY_UNASSIGNED,GF3A_DIRECTIONAL_WRITE_EXHAUSTED_PRIMALITY_UNASSIGNED,514,512,512,NO_RECORDED_FACTOR_PRP_OR_LL_RESULT_AND_NO_ACTIVE_GIMPS_ASSIGNMENT,2026-08-09T02:56:41+00:00,UNALLOCATED,,,,,
SLCMP1467-0435,435,436,509020933,2^509020933-1,STRUCTURAL_SCREEN_EXHAUSTED_PRIMALITY_UNASSIGNED,GF3A_DIRECTIONAL_WRITE_EXHAUSTED_PRIMALITY_UNASSIGNED,513,512,512,NO_RECORDED_FACTOR_PRP_OR_LL_RESULT_AND_NO_ACTIVE_GIMPS_ASSIGNMENT,2026-08-09T02:56:41+00:00,UNALLOCATED,,,,,
SLCMP1467-0436,436,437,509020999,2^509020999-1,STRUCTURAL_SCREEN_EXHAUSTED_PRIMALITY_UNASSIGNED,GF3A_DIRECTIONAL_WRITE_EXHAUSTED_PRIMALITY_UNASSIGNED,514,512,512,NO_RECORDED_FACTOR_PRP_OR_LL_RESULT_AND_NO_ACTIVE_GIMPS_ASSIGNMENT,2026-08-09T02:56:41+00:00,UNALLOCATED,,,,,
SLCMP1467-0437,437,438,509021059,2^509021059-1,STRUCTURAL_SCREEN_EXHAUSTED_PRIMALITY_UNASSIGNED,GF3A_DIRECTIONAL_WRITE_EXHAUSTED_PRIMALITY_UNASSIGNED,514,512,512,NO_RECORDED_FACTOR_PRP_OR_LL_RESULT_AND_NO_ACTIVE_GIMPS_ASSIGNMENT,2026-08-09T02:56:41+00:00,UNALLOCATED,,,,,
SLCMP1467-0438,438,439,509021129,2^509021129-1,STRUCTURAL_SCREEN_EXHAUSTED_PRIMALITY_UNASSIGNED,GF3A_DIRECTIONAL_WRITE_EXHAUSTED_PRIMALITY_UNASSIGNED,513,512,512,NO_RECORDED_FACTOR_PRP_OR_LL_RESULT_AND_NO_ACTIVE_GIMPS_ASSIGNMENT,2026-08-09T02:56:41+00:00,UNALLOCATED,,,,,
SLCMP1467-0439,439,440,509021251,2^509021251-1,STRUCTURAL_SCREEN_EXHAUSTED_PRIMALITY_UNASSIGNED,GF3A_DIRECTIONAL_WRITE_EXHAUSTED_PRIMALITY_UNASSIGNED,514,512,512,NO_RECORDED_FACTOR_PRP_OR_LL_RESULT_AND_NO_ACTIVE_GIMPS_ASSIGNMENT,2026-08-09T02:56:41+00:00,UNALLOCATED,,,,,
SLCMP1467-0440,440,441,509021299,2^509021299-1,STRUCTURAL_SCREEN_EXHAUSTED_PRIMALITY_UNASSIGNED,GF3A_DIRECTIONAL_WRITE_EXHAUSTED_PRIMALITY_UNASSIGNED,514,512,512,NO_RECORDED_FACTOR_PRP_OR_LL_RESULT_AND_NO_ACTIVE_GIMPS_ASSIGNMENT,2026-08-09T02:56:41+00:00,UNALLOCATED,,,,,
SLCMP1467-0441,441,442,509021309,2^509021309-1,STRUCTURAL_SCREEN_EXHAUSTED_PRIMALITY_UNASSIGNED,GF3A_DIRECTIONAL_WRITE_EXHAUSTED_PRIMALITY_UNASSIGNED,513,512,512,NO_RECORDED_FACTOR_PRP_OR_LL_RESULT_AND_NO_ACTIVE_GIMPS_ASSIGNMENT,2026-08-09T02:56:41+00:00,UNALLOCATED,,,,,
SLCMP1467-0442,442,443,509021407,2^509021407-1,STRUCTURAL_SCREEN_EXHAUSTED_PRIMALITY_UNASSIGNED,GF3A_DIRECTIONAL_WRITE_EXHAUSTED_PRIMALITY_UNASSIGNED,514,512,512,NO_RECORDED_FACTOR_PRP_OR_LL_RESULT_AND_NO_ACTIVE_GIMPS_ASSIGNMENT,2026-08-09T02:56:41+00:00,UNALLOCATED,,,,,
SLCMP1467-0443,443,444,509021431,2^509021431-1,STRUCTURAL_SCREEN_EXHAUSTED_PRIMALITY_UNASSIGNED,GF3A_DIRECTIONAL_WRITE_EXHAUSTED_PRIMALITY_UNASSIGNED,514,512,512,NO_RECORDED_FACTOR_PRP_OR_LL_RESULT_AND_NO_ACTIVE_GIMPS_ASSIGNMENT,2026-08-09T02:56:41+00:00,UNALLOCATED,,,,,
SLCMP1467-0444,444,445,509021467,2^509021467-1,STRUCTURAL_SCREEN_EXHAUSTED_PRIMALITY_UNASSIGNED,GF3A_DIRECTIONAL_WRITE_EXHAUSTED_PRIMALITY_UNASSIGNED,514,512,512,NO_RECORDED_FACTOR_PRP_OR_LL_RESULT_AND_NO_ACTIVE_GIMPS_ASSIGNMENT,2026-08-09T02:56:41+00:00,UNALLOCATED,,,,,
SLCMP1467-0445,445,446,509021477,2^509021477-1,STRUCTURAL_SCREEN_EXHAUSTED_PRIMALITY_UNASSIGNED,GF3A_DIRECTIONAL_WRITE_EXHAUSTED_PRIMALITY_UNASSIGNED,513,512,512,NO_RECORDED_FACTOR_PRP_OR_LL_RESULT_AND_NO_ACTIVE_GIMPS_ASSIGNMENT,2026-08-09T02:56:41+00:00,UNALLOCATED,,,,,
SLCMP1467-0446,446,447,509021479,2^509021479-1,STRUCTURAL_SCREEN_EXHAUSTED_PRIMALITY_UNASSIGNED,GF3A_DIRECTIONAL_WRITE_EXHAUSTED_PRIMALITY_UNASSIGNED,514,512,512,NO_RECORDED_FACTOR_PRP_OR_LL_RESULT_AND_NO_ACTIVE_GIMPS_ASSIGNMENT,2026-08-09T02:56:41+00:00,UNALLOCATED,,,,,
SLCMP1467-0447,447,448,509021501,2^509021501-1,STRUCTURAL_SCREEN_EXHAUSTED_PRIMALITY_UNASSIGNED,GF3A_DIRECTIONAL_WRITE_EXHAUSTED_PRIMALITY_UNASSIGNED,513,512,512,NO_RECORDED_FACTOR_PRP_OR_LL_RESULT_AND_NO_ACTIVE_GIMPS_ASSIGNMENT,2026-08-09T02:56:41+00:00,UNALLOCATED,,,,,
SLCMP1467-0448,448,449,509021603,2^509021603-1,STRUCTURAL_SCREEN_EXHAUSTED_PRIMALITY_UNASSIGNED,GF3A_DIRECTIONAL_WRITE_EXHAUSTED_PRIMALITY_UNASSIGNED,514,512,512,NO_RECORDED_FACTOR_PRP_OR_LL_RESULT_AND_NO_ACTIVE_GIMPS_ASSIGNMENT,2026-08-09T02:56:41+00:00,UNALLOCATED,,,,,
SLCMP1467-0449,449,450,509021663,2^509021663-1,STRUCTURAL_SCREEN_EXHAUSTED_PRIMALITY_UNASSIGNED,GF3A_DIRECTIONAL_WRITE_EXHAUSTED_PRIMALITY_UNASSIGNED,514,512,512,NO_RECORDED_FACTOR_PRP_OR_LL_RESULT_AND_NO_ACTIVE_GIMPS_ASSIGNMENT,2026-08-09T02:56:41+00:00,UNALLOCATED,,,,,
SLCMP1467-0450,450,451,509021687,2^509021687-1,STRUCTURAL_SCREEN_EXHAUSTED_PRIMALITY_UNASSIGNED,GF3A_DIRECTIONAL_WRITE_EXHAUSTED_PRIMALITY_UNASSIGNED,514,512,512,NO_RECORDED_FACTOR_PRP_OR_LL_RESULT_AND_NO_ACTIVE_GIMPS_ASSIGNMENT,2026-08-09T02:56:41+00:00,UNALLOCATED,,,,,
SLCMP1467-0451,451,452,509021827,2^509021827-1,STRUCTURAL_SCREEN_EXHAUSTED_PRIMALITY_UNASSIGNED,GF3A_DIRECTIONAL_WRITE_EXHAUSTED_PRIMALITY_UNASSIGNED,514,512,512,NO_RECORDED_FACTOR_PRP_OR_LL_RESULT_AND_NO_ACTIVE_GIMPS_ASSIGNMENT,2026-08-09T02:56:41+00:00,UNALLOCATED,,,,,
SLCMP1467-0452,452,453,509021861,2^509021861-1,STRUCTURAL_SCREEN_EXHAUSTED_PRIMALITY_UNASSIGNED,GF3A_DIRECTIONAL_WRITE_EXHAUSTED_PRIMALITY_UNASSIGNED,513,512,512,NO_RECORDED_FACTOR_PRP_OR_LL_RESULT_AND_NO_ACTIVE_GIMPS_ASSIGNMENT,2026-08-09T02:56:41+00:00,UNALLOCATED,,,,,
SLCMP1467-0453,453,454,509021869,2^509021869-1,STRUCTURAL_SCREEN_EXHAUSTED_PRIMALITY_UNASSIGNED,GF3A_DIRECTIONAL_WRITE_EXHAUSTED_PRIMALITY_UNASSIGNED,513,512,512,NO_RECORDED_FACTOR_PRP_OR_LL_RESULT_AND_NO_ACTIVE_GIMPS_ASSIGNMENT,2026-08-09T02:56:41+00:00,UNALLOCATED,,,,,
SLCMP1467-0454,454,455,509021893,2^509021893-1,STRUCTURAL_SCREEN_EXHAUSTED_PRIMALITY_UNASSIGNED,GF3A_DIRECTIONAL_WRITE_EXHAUSTED_PRIMALITY_UNASSIGNED,513,512,512,NO_RECORDED_FACTOR_PRP_OR_LL_RESULT_AND_NO_ACTIVE_GIMPS_ASSIGNMENT,2026-08-09T02:56:41+00:00,UNALLOCATED,,,,,
SLCMP1467-0455,455,456,509021897,2^509021897-1,STRUCTURAL_SCREEN_EXHAUSTED_PRIMALITY_UNASSIGNED,GF3A_DIRECTIONAL_WRITE_EXHAUSTED_PRIMALITY_UNASSIGNED,513,512,512,NO_RECORDED_FACTOR_PRP_OR_LL_RESULT_AND_NO_ACTIVE_GIMPS_ASSIGNMENT,2026-08-09T02:56:41+00:00,UNALLOCATED,,,,,
SLCMP1467-0456,456,457,509021923,2^509021923-1,STRUCTURAL_SCREEN_EXHAUSTED_PRIMALITY_UNASSIGNED,GF3A_DIRECTIONAL_WRITE_EXHAUSTED_PRIMALITY_UNASSIGNED,514,512,512,NO_RECORDED_FACTOR_PRP_OR_LL_RESULT_AND_NO_ACTIVE_GIMPS_ASSIGNMENT,2026-08-09T02:56:41+00:00,UNALLOCATED,,,,,
SLCMP1467-0457,457,458,509021963,2^509021963-1,STRUCTURAL_SCREEN_EXHAUSTED_PRIMALITY_UNASSIGNED,GF3A_DIRECTIONAL_WRITE_EXHAUSTED_PRIMALITY_UNASSIGNED,514,512,512,NO_RECORDED_FACTOR_PRP_OR_LL_RESULT_AND_NO_ACTIVE_GIMPS_ASSIGNMENT,2026-08-09T02:56:41+00:00,UNALLOCATED,,,,,
SLCMP1467-0458,458,459,509021977,2^509021977-1,STRUCTURAL_SCREEN_EXHAUSTED_PRIMALITY_UNASSIGNED,GF3A_DIRECTIONAL_WRITE_EXHAUSTED_PRIMALITY_UNASSIGNED,513,512,512,NO_RECORDED_FACTOR_PRP_OR_LL_RESULT_AND_NO_ACTIVE_GIMPS_ASSIGNMENT,2026-08-09T02:56:41+00:00,UNALLOCATED,,,,,
SLCMP1467-0459,459,460,509022013,2^509022013-1,STRUCTURAL_SCREEN_EXHAUSTED_PRIMALITY_UNASSIGNED,GF3A_DIRECTIONAL_WRITE_EXHAUSTED_PRIMALITY_UNASSIGNED,513,512,512,NO_RECORDED_FACTOR_PRP_OR_LL_RESULT_AND_NO_ACTIVE_GIMPS_ASSIGNMENT,2026-08-09T02:56:41+00:00,UNALLOCATED,,,,,
SLCMP1467-0460,460,461,509022029,2^509022029-1,STRUCTURAL_SCREEN_EXHAUSTED_PRIMALITY_UNASSIGNED,GF3A_DIRECTIONAL_WRITE_EXHAUSTED_PRIMALITY_UNASSIGNED,513,512,512,NO_RECORDED_FACTOR_PRP_OR_LL_RESULT_AND_NO_ACTIVE_GIMPS_ASSIGNMENT,2026-08-09T02:56:41+00:00,UNALLOCATED,,,,,
SLCMP1467-0461,461,462,509022053,2^509022053-1,STRUCTURAL_SCREEN_EXHAUSTED_PRIMALITY_UNASSIGNED,GF3A_DIRECTIONAL_WRITE_EXHAUSTED_PRIMALITY_UNASSIGNED,513,512,512,NO_RECORDED_FACTOR_PRP_OR_LL_RESULT_AND_NO_ACTIVE_GIMPS_ASSIGNMENT,2026-08-09T02:56:41+00:00,UNALLOCATED,,,,,
SLCMP1467-0462,462,463,509022329,2^509022329-1,STRUCTURAL_SCREEN_EXHAUSTED_PRIMALITY_UNASSIGNED,GF3A_DIRECTIONAL_WRITE_EXHAUSTED_PRIMALITY_UNASSIGNED,513,512,512,NO_RECORDED_FACTOR_PRP_OR_LL_RESULT_AND_NO_ACTIVE_GIMPS_ASSIGNMENT,2026-08-09T02:56:41+00:00,UNALLOCATED,,,,,
SLCMP1467-0463,463,464,509022373,2^509022373-1,STRUCTURAL_SCREEN_EXHAUSTED_PRIMALITY_UNASSIGNED,GF3A_DIRECTIONAL_WRITE_EXHAUSTED_PRIMALITY_UNASSIGNED,513,512,512,NO_RECORDED_FACTOR_PRP_OR_LL_RESULT_AND_NO_ACTIVE_GIMPS_ASSIGNMENT,2026-08-09T02:56:41+00:00,UNALLOCATED,,,,,
SLCMP1467-0464,464,465,509022401,2^509022401-1,STRUCTURAL_SCREEN_EXHAUSTED_PRIMALITY_UNASSIGNED,GF3A_DIRECTIONAL_WRITE_EXHAUSTED_PRIMALITY_UNASSIGNED,513,512,512,NO_RECORDED_FACTOR_PRP_OR_LL_RESULT_AND_NO_ACTIVE_GIMPS_ASSIGNMENT,2026-08-09T02:56:41+00:00,UNALLOCATED,,,,,
SLCMP1467-0465,465,466,509022443,2^509022443-1,STRUCTURAL_SCREEN_EXHAUSTED_PRIMALITY_UNASSIGNED,GF3A_DIRECTIONAL_WRITE_EXHAUSTED_PRIMALITY_UNASSIGNED,514,512,512,NO_RECORDED_FACTOR_PRP_OR_LL_RESULT_AND_NO_ACTIVE_GIMPS_ASSIGNMENT,2026-08-09T02:56:41+00:00,UNALLOCATED,,,,,
SLCMP1467-0466,466,467,509022467,2^509022467-1,STRUCTURAL_SCREEN_EXHAUSTED_PRIMALITY_UNASSIGNED,GF3A_DIRECTIONAL_WRITE_EXHAUSTED_PRIMALITY_UNASSIGNED,514,512,512,NO_RECORDED_FACTOR_PRP_OR_LL_RESULT_AND_NO_ACTIVE_GIMPS_ASSIGNMENT,2026-08-09T02:56:41+00:00,UNALLOCATED,,,,,
SLCMP1467-0467,467,468,509022589,2^509022589-1,STRUCTURAL_SCREEN_EXHAUSTED_PRIMALITY_UNASSIGNED,GF3A_DIRECTIONAL_WRITE_EXHAUSTED_PRIMALITY_UNASSIGNED,513,512,512,NO_RECORDED_FACTOR_PRP_OR_LL_RESULT_AND_NO_ACTIVE_GIMPS_ASSIGNMENT,2026-08-09T02:56:41+00:00,UNALLOCATED,,,,,
SLCMP1467-0468,468,469,509022599,2^509022599-1,STRUCTURAL_SCREEN_EXHAUSTED_PRIMALITY_UNASSIGNED,GF3A_DIRECTIONAL_WRITE_EXHAUSTED_PRIMALITY_UNASSIGNED,514,512,512,NO_RECORDED_FACTOR_PRP_OR_LL_RESULT_AND_NO_ACTIVE_GIMPS_ASSIGNMENT,2026-08-09T02:56:41+00:00,UNALLOCATED,,,,,
SLCMP1467-0469,469,470,509022611,2^509022611-1,STRUCTURAL_SCREEN_EXHAUSTED_PRIMALITY_UNASSIGNED,GF3A_DIRECTIONAL_WRITE_EXHAUSTED_PRIMALITY_UNASSIGNED,514,512,512,NO_RECORDED_FACTOR_PRP_OR_LL_RESULT_AND_NO_ACTIVE_GIMPS_ASSIGNMENT,2026-08-09T02:56:41+00:00,UNALLOCATED,,,,,
SLCMP1467-0470,470,471,509022629,2^509022629-1,STRUCTURAL_SCREEN_EXHAUSTED_PRIMALITY_UNASSIGNED,GF3A_DIRECTIONAL_WRITE_EXHAUSTED_PRIMALITY_UNASSIGNED,513,512,512,NO_RECORDED_FACTOR_PRP_OR_LL_RESULT_AND_NO_ACTIVE_GIMPS_ASSIGNMENT,2026-08-09T02:56:41+00:00,UNALLOCATED,,,,,
SLCMP1467-0471,471,472,509022641,2^509022641-1,STRUCTURAL_SCREEN_EXHAUSTED_PRIMALITY_UNASSIGNED,GF3A_DIRECTIONAL_WRITE_EXHAUSTED_PRIMALITY_UNASSIGNED,513,512,512,NO_RECORDED_FACTOR_PRP_OR_LL_RESULT_AND_NO_ACTIVE_GIMPS_ASSIGNMENT,2026-08-09T02:56:41+00:00,UNALLOCATED,,,,,
SLCMP1467-0472,472,473,509022707,2^509022707-1,STRUCTURAL_SCREEN_EXHAUSTED_PRIMALITY_UNASSIGNED,GF3A_DIRECTIONAL_WRITE_EXHAUSTED_PRIMALITY_UNASSIGNED,514,512,512,NO_RECORDED_FACTOR_PRP_OR_LL_RESULT_AND_NO_ACTIVE_GIMPS_ASSIGNMENT,2026-08-09T02:56:41+00:00,UNALLOCATED,,,,,
SLCMP1467-0473,473,474,509022733,2^509022733-1,STRUCTURAL_SCREEN_EXHAUSTED_PRIMALITY_UNASSIGNED,GF3A_DIRECTIONAL_WRITE_EXHAUSTED_PRIMALITY_UNASSIGNED,513,512,512,NO_RECORDED_FACTOR_PRP_OR_LL_RESULT_AND_NO_ACTIVE_GIMPS_ASSIGNMENT,2026-08-09T02:56:41+00:00,UNALLOCATED,,,,,
SLCMP1467-0474,474,475,509022763,2^509022763-1,STRUCTURAL_SCREEN_EXHAUSTED_PRIMALITY_UNASSIGNED,GF3A_DIRECTIONAL_WRITE_EXHAUSTED_PRIMALITY_UNASSIGNED,514,512,512,NO_RECORDED_FACTOR_PRP_OR_LL_RESULT_AND_NO_ACTIVE_GIMPS_ASSIGNMENT,2026-08-09T02:56:41+00:00,UNALLOCATED,,,,,
SLCMP1467-0475,475,476,509022779,2^509022779-1,STRUCTURAL_SCREEN_EXHAUSTED_PRIMALITY_UNASSIGNED,GF3A_DIRECTIONAL_WRITE_EXHAUSTED_PRIMALITY_UNASSIGNED,514,512,512,NO_RECORDED_FACTOR_PRP_OR_LL_RESULT_AND_NO_ACTIVE_GIMPS_ASSIGNMENT,2026-08-09T02:56:41+00:00,UNALLOCATED,,,,,
SLCMP1467-0476,476,477,509022799,2^509022799-1,STRUCTURAL_SCREEN_EXHAUSTED_PRIMALITY_UNASSIGNED,GF3A_DIRECTIONAL_WRITE_EXHAUSTED_PRIMALITY_UNASSIGNED,514,512,512,NO_RECORDED_FACTOR_PRP_OR_LL_RESULT_AND_NO_ACTIVE_GIMPS_ASSIGNMENT,2026-08-09T02:56:41+00:00,UNALLOCATED,,,,,
SLCMP1467-0477,477,478,509022893,2^509022893-1,STRUCTURAL_SCREEN_EXHAUSTED_PRIMALITY_UNASSIGNED,GF3A_DIRECTIONAL_WRITE_EXHAUSTED_PRIMALITY_UNASSIGNED,513,512,512,NO_RECORDED_FACTOR_PRP_OR_LL_RESULT_AND_NO_ACTIVE_GIMPS_ASSIGNMENT,2026-08-09T02:56:41+00:00,UNALLOCATED,,,,,
SLCMP1467-0478,478,479,509023001,2^509023001-1,STRUCTURAL_SCREEN_EXHAUSTED_PRIMALITY_UNASSIGNED,GF3A_DIRECTIONAL_WRITE_EXHAUSTED_PRIMALITY_UNASSIGNED,513,512,512,NO_RECORDED_FACTOR_PRP_OR_LL_RESULT_AND_NO_ACTIVE_GIMPS_ASSIGNMENT,2026-08-09T02:56:41+00:00,UNALLOCATED,,,,,
SLCMP1467-0479,479,480,509023093,2^509023093-1,STRUCTURAL_SCREEN_EXHAUSTED_PRIMALITY_UNASSIGNED,GF3A_DIRECTIONAL_WRITE_EXHAUSTED_PRIMALITY_UNASSIGNED,513,512,512,NO_RECORDED_FACTOR_PRP_OR_LL_RESULT_AND_NO_ACTIVE_GIMPS_ASSIGNMENT,2026-08-09T02:56:41+00:00,UNALLOCATED,,,,,
SLCMP1467-0480,480,481,509023103,2^509023103-1,STRUCTURAL_SCREEN_EXHAUSTED_PRIMALITY_UNASSIGNED,GF3A_DIRECTIONAL_WRITE_EXHAUSTED_PRIMALITY_UNASSIGNED,514,512,512,NO_RECORDED_FACTOR_PRP_OR_LL_RESULT_AND_NO_ACTIVE_GIMPS_ASSIGNMENT,2026-08-09T02:56:41+00:00,UNALLOCATED,,,,,
SLCMP1467-0481,481,482,509023153,2^509023153-1,STRUCTURAL_SCREEN_EXHAUSTED_PRIMALITY_UNASSIGNED,GF3A_DIRECTIONAL_WRITE_EXHAUSTED_PRIMALITY_UNASSIGNED,513,512,512,NO_RECORDED_FACTOR_PRP_OR_LL_RESULT_AND_NO_ACTIVE_GIMPS_ASSIGNMENT,2026-08-09T02:56:41+00:00,UNALLOCATED,,,,,
SLCMP1467-0482,482,483,509023201,2^509023201-1,STRUCTURAL_SCREEN_EXHAUSTED_PRIMALITY_UNASSIGNED,GF3A_DIRECTIONAL_WRITE_EXHAUSTED_PRIMALITY_UNASSIGNED,513,512,512,NO_RECORDED_FACTOR_PRP_OR_LL_RESULT_AND_NO_ACTIVE_GIMPS_ASSIGNMENT,2026-08-09T02:56:41+00:00,UNALLOCATED,,,,,
SLCMP1467-0483,483,484,509023253,2^509023253-1,STRUCTURAL_SCREEN_EXHAUSTED_PRIMALITY_UNASSIGNED,GF3A_DIRECTIONAL_WRITE_EXHAUSTED_PRIMALITY_UNASSIGNED,513,512,512,NO_RECORDED_FACTOR_PRP_OR_LL_RESULT_AND_NO_ACTIVE_GIMPS_ASSIGNMENT,2026-08-09T02:56:41+00:00,UNALLOCATED,,,,,
SLCMP1467-0484,484,485,509023259,2^509023259-1,STRUCTURAL_SCREEN_EXHAUSTED_PRIMALITY_UNASSIGNED,GF3A_DIRECTIONAL_WRITE_EXHAUSTED_PRIMALITY_UNASSIGNED,514,512,512,NO_RECORDED_FACTOR_PRP_OR_LL_RESULT_AND_NO_ACTIVE_GIMPS_ASSIGNMENT,2026-08-09T02:56:41+00:00,UNALLOCATED,,,,,
SLCMP1467-0485,485,486,509023271,2^509023271-1,STRUCTURAL_SCREEN_EXHAUSTED_PRIMALITY_UNASSIGNED,GF3A_DIRECTIONAL_WRITE_EXHAUSTED_PRIMALITY_UNASSIGNED,514,512,512,NO_RECORDED_FACTOR_PRP_OR_LL_RESULT_AND_NO_ACTIVE_GIMPS_ASSIGNMENT,2026-08-09T02:56:41+00:00,UNALLOCATED,,,,,
SLCMP1467-0486,486,487,509023297,2^509023297-1,STRUCTURAL_SCREEN_EXHAUSTED_PRIMALITY_UNASSIGNED,GF3A_DIRECTIONAL_WRITE_EXHAUSTED_PRIMALITY_UNASSIGNED,513,512,512,NO_RECORDED_FACTOR_PRP_OR_LL_RESULT_AND_NO_ACTIVE_GIMPS_ASSIGNMENT,2026-08-09T02:56:41+00:00,UNALLOCATED,,,,,
SLCMP1467-0487,487,488,509023453,2^509023453-1,STRUCTURAL_SCREEN_EXHAUSTED_PRIMALITY_UNASSIGNED,GF3A_DIRECTIONAL_WRITE_EXHAUSTED_PRIMALITY_UNASSIGNED,513,512,512,NO_RECORDED_FACTOR_PRP_OR_LL_RESULT_AND_NO_ACTIVE_GIMPS_ASSIGNMENT,2026-08-09T02:56:41+00:00,UNALLOCATED,,,,,
SLCMP1467-0488,488,489,509023657,2^509023657-1,STRUCTURAL_SCREEN_EXHAUSTED_PRIMALITY_UNASSIGNED,GF3A_DIRECTIONAL_WRITE_EXHAUSTED_PRIMALITY_UNASSIGNED,513,512,512,NO_RECORDED_FACTOR_PRP_OR_LL_RESULT_AND_NO_ACTIVE_GIMPS_ASSIGNMENT,2026-08-09T02:56:41+00:00,UNALLOCATED,,,,,
SLCMP1467-0489,489,490,509023681,2^509023681-1,STRUCTURAL_SCREEN_EXHAUSTED_PRIMALITY_UNASSIGNED,GF3A_DIRECTIONAL_WRITE_EXHAUSTED_PRIMALITY_UNASSIGNED,513,512,512,NO_RECORDED_FACTOR_PRP_OR_LL_RESULT_AND_NO_ACTIVE_GIMPS_ASSIGNMENT,2026-08-09T02:56:41+00:00,UNALLOCATED,,,,,
SLCMP1467-0490,490,491,509023789,2^509023789-1,STRUCTURAL_SCREEN_EXHAUSTED_PRIMALITY_UNASSIGNED,GF3A_DIRECTIONAL_WRITE_EXHAUSTED_PRIMALITY_UNASSIGNED,513,512,512,NO_RECORDED_FACTOR_PRP_OR_LL_RESULT_AND_NO_ACTIVE_GIMPS_ASSIGNMENT,2026-08-09T02:56:41+00:00,UNALLOCATED,,,,,
SLCMP1467-0491,491,492,509023793,2^509023793-1,STRUCTURAL_SCREEN_EXHAUSTED_PRIMALITY_UNASSIGNED,GF3A_DIRECTIONAL_WRITE_EXHAUSTED_PRIMALITY_UNASSIGNED,513,512,512,NO_RECORDED_FACTOR_PRP_OR_LL_RESULT_AND_NO_ACTIVE_GIMPS_ASSIGNMENT,2026-08-09T02:56:41+00:00,UNALLOCATED,,,,,
SLCMP1467-0492,492,493,509023799,2^509023799-1,STRUCTURAL_SCREEN_EXHAUSTED_PRIMALITY_UNASSIGNED,GF3A_DIRECTIONAL_WRITE_EXHAUSTED_PRIMALITY_UNASSIGNED,514,512,512,NO_RECORDED_FACTOR_PRP_OR_LL_RESULT_AND_NO_ACTIVE_GIMPS_ASSIGNMENT,2026-08-09T02:56:41+00:00,UNALLOCATED,,,,,
SLCMP1467-0493,493,494,509023951,2^509023951-1,STRUCTURAL_SCREEN_EXHAUSTED_PRIMALITY_UNASSIGNED,GF3A_DIRECTIONAL_WRITE_EXHAUSTED_PRIMALITY_UNASSIGNED,514,512,512,NO_RECORDED_FACTOR_PRP_OR_LL_RESULT_AND_NO_ACTIVE_GIMPS_ASSIGNMENT,2026-08-09T02:56:41+00:00,UNALLOCATED,,,,,
SLCMP1467-0494,494,495,509023973,2^509023973-1,STRUCTURAL_SCREEN_EXHAUSTED_PRIMALITY_UNASSIGNED,GF3A_DIRECTIONAL_WRITE_EXHAUSTED_PRIMALITY_UNASSIGNED,513,512,512,NO_RECORDED_FACTOR_PRP_OR_LL_RESULT_AND_NO_ACTIVE_GIMPS_ASSIGNMENT,2026-08-09T02:56:41+00:00,UNALLOCATED,,,,,
SLCMP1467-0495,495,496,509023997,2^509023997-1,STRUCTURAL_SCREEN_EXHAUSTED_PRIMALITY_UNASSIGNED,GF3A_DIRECTIONAL_WRITE_EXHAUSTED_PRIMALITY_UNASSIGNED,513,512,512,NO_RECORDED_FACTOR_PRP_OR_LL_RESULT_AND_NO_ACTIVE_GIMPS_ASSIGNMENT,2026-08-09T02:56:41+00:00,UNALLOCATED,,,,,
SLCMP1467-0496,496,497,509024039,2^509024039-1,STRUCTURAL_SCREEN_EXHAUSTED_PRIMALITY_UNASSIGNED,GF3A_DIRECTIONAL_WRITE_EXHAUSTED_PRIMALITY_UNASSIGNED,514,512,512,NO_RECORDED_FACTOR_PRP_OR_LL_RESULT_AND_NO_ACTIVE_GIMPS_ASSIGNMENT,2026-08-09T02:56:41+00:00,UNALLOCATED,,,,,
SLCMP1467-0497,497,498,509024203,2^509024203-1,STRUCTURAL_SCREEN_EXHAUSTED_PRIMALITY_UNASSIGNED,GF3A_DIRECTIONAL_WRITE_EXHAUSTED_PRIMALITY_UNASSIGNED,514,512,512,NO_RECORDED_FACTOR_PRP_OR_LL_RESULT_AND_NO_ACTIVE_GIMPS_ASSIGNMENT,2026-08-09T02:56:41+00:00,UNALLOCATED,,,,,
SLCMP1467-0498,498,499,509024227,2^509024227-1,STRUCTURAL_SCREEN_EXHAUSTED_PRIMALITY_UNASSIGNED,GF3A_DIRECTIONAL_WRITE_EXHAUSTED_PRIMALITY_UNASSIGNED,514,512,512,NO_RECORDED_FACTOR_PRP_OR_LL_RESULT_AND_NO_ACTIVE_GIMPS_ASSIGNMENT,2026-08-09T02:56:41+00:00,UNALLOCATED,,,,,
SLCMP1467-0499,499,500,509024261,2^509024261-1,STRUCTURAL_SCREEN_EXHAUSTED_PRIMALITY_UNASSIGNED,GF3A_DIRECTIONAL_WRITE_EXHAUSTED_PRIMALITY_UNASSIGNED,513,512,512,NO_RECORDED_FACTOR_PRP_OR_LL_RESULT_AND_NO_ACTIVE_GIMPS_ASSIGNMENT,2026-08-09T02:56:41+00:00,UNALLOCATED,,,,,
SLCMP1467-0500,500,501,509024279,2^509024279-1,STRUCTURAL_SCREEN_EXHAUSTED_PRIMALITY_UNASSIGNED,GF3A_DIRECTIONAL_WRITE_EXHAUSTED_PRIMALITY_UNASSIGNED,514,512,512,NO_RECORDED_FACTOR_PRP_OR_LL_RESULT_AND_NO_ACTIVE_GIMPS_ASSIGNMENT,2026-08-09T02:56:41+00:00,UNALLOCATED,,,,,
SLCMP1467-0501,501,502,509024297,2^509024297-1,STRUCTURAL_SCREEN_EXHAUSTED_PRIMALITY_UNASSIGNED,GF3A_DIRECTIONAL_WRITE_EXHAUSTED_PRIMALITY_UNASSIGNED,513,512,512,NO_RECORDED_FACTOR_PRP_OR_LL_RESULT_AND_NO_ACTIVE_GIMPS_ASSIGNMENT,2026-08-09T02:56:41+00:00,UNALLOCATED,,,,,
SLCMP1467-0502,502,503,509024303,2^509024303-1,STRUCTURAL_SCREEN_EXHAUSTED_PRIMALITY_UNASSIGNED,GF3A_DIRECTIONAL_WRITE_EXHAUSTED_PRIMALITY_UNASSIGNED,514,512,512,NO_RECORDED_FACTOR_PRP_OR_LL_RESULT_AND_NO_ACTIVE_GIMPS_ASSIGNMENT,2026-08-09T02:56:41+00:00,UNALLOCATED,,,,,
SLCMP1467-0503,503,504,509024311,2^509024311-1,STRUCTURAL_SCREEN_EXHAUSTED_PRIMALITY_UNASSIGNED,GF3A_DIRECTIONAL_WRITE_EXHAUSTED_PRIMALITY_UNASSIGNED,514,512,512,NO_RECORDED_FACTOR_PRP_OR_LL_RESULT_AND_NO_ACTIVE_GIMPS_ASSIGNMENT,2026-08-09T02:56:41+00:00,UNALLOCATED,,,,,
SLCMP1467-0504,504,505,509024357,2^509024357-1,STRUCTURAL_SCREEN_EXHAUSTED_PRIMALITY_UNASSIGNED,GF3A_DIRECTIONAL_WRITE_EXHAUSTED_PRIMALITY_UNASSIGNED,513,512,512,NO_RECORDED_FACTOR_PRP_OR_LL_RESULT_AND_NO_ACTIVE_GIMPS_ASSIGNMENT,2026-08-09T02:56:41+00:00,UNALLOCATED,,,,,
SLCMP1467-0505,505,506,509024513,2^509024513-1,STRUCTURAL_SCREEN_EXHAUSTED_PRIMALITY_UNASSIGNED,GF3A_DIRECTIONAL_WRITE_EXHAUSTED_PRIMALITY_UNASSIGNED,513,512,512,NO_RECORDED_FACTOR_PRP_OR_LL_RESULT_AND_NO_ACTIVE_GIMPS_ASSIGNMENT,2026-08-09T02:56:41+00:00,UNALLOCATED,,,,,
SLCMP1467-0506,506,507,509024519,2^509024519-1,STRUCTURAL_SCREEN_EXHAUSTED_PRIMALITY_UNASSIGNED,GF3A_DIRECTIONAL_WRITE_EXHAUSTED_PRIMALITY_UNASSIGNED,514,512,512,NO_RECORDED_FACTOR_PRP_OR_LL_RESULT_AND_NO_ACTIVE_GIMPS_ASSIGNMENT,2026-08-09T02:56:41+00:00,UNALLOCATED,,,,,
SLCMP1467-0507,507,508,509024567,2^509024567-1,STRUCTURAL_SCREEN_EXHAUSTED_PRIMALITY_UNASSIGNED,GF3A_DIRECTIONAL_WRITE_EXHAUSTED_PRIMALITY_UNASSIGNED,514,512,512,NO_RECORDED_FACTOR_PRP_OR_LL_RESULT_AND_NO_ACTIVE_GIMPS_ASSIGNMENT,2026-08-09T02:56:41+00:00,UNALLOCATED,,,,,
SLCMP1467-0508,508,509,509024603,2^509024603-1,STRUCTURAL_SCREEN_EXHAUSTED_PRIMALITY_UNASSIGNED,GF3A_DIRECTIONAL_WRITE_EXHAUSTED_PRIMALITY_UNASSIGNED,514,512,512,NO_RECORDED_FACTOR_PRP_OR_LL_RESULT_AND_NO_ACTIVE_GIMPS_ASSIGNMENT,2026-08-09T02:56:41+00:00,UNALLOCATED,,,,,
SLCMP1467-0509,509,510,509024689,2^509024689-1,STRUCTURAL_SCREEN_EXHAUSTED_PRIMALITY_UNASSIGNED,GF3A_DIRECTIONAL_WRITE_EXHAUSTED_PRIMALITY_UNASSIGNED,513,512,512,NO_RECORDED_FACTOR_PRP_OR_LL_RESULT_AND_NO_ACTIVE_GIMPS_ASSIGNMENT,2026-08-09T02:56:41+00:00,UNALLOCATED,,,,,
SLCMP1467-0510,510,511,509024797,2^509024797-1,STRUCTURAL_SCREEN_EXHAUSTED_PRIMALITY_UNASSIGNED,GF3A_DIRECTIONAL_WRITE_EXHAUSTED_PRIMALITY_UNASSIGNED,513,512,512,NO_RECORDED_FACTOR_PRP_OR_LL_RESULT_AND_NO_ACTIVE_GIMPS_ASSIGNMENT,2026-08-09T02:56:41+00:00,UNALLOCATED,,,,,
SLCMP1467-0511,511,512,509024821,2^509024821-1,STRUCTURAL_SCREEN_EXHAUSTED_PRIMALITY_UNASSIGNED,GF3A_DIRECTIONAL_WRITE_EXHAUSTED_PRIMALITY_UNASSIGNED,513,512,512,NO_RECORDED_FACTOR_PRP_OR_LL_RESULT_AND_NO_ACTIVE_GIMPS_ASSIGNMENT,2026-08-09T02:56:41+00:00,UNALLOCATED,,,,,
SLCMP1467-0512,512,513,509024869,2^509024869-1,STRUCTURAL_SCREEN_EXHAUSTED_PRIMALITY_UNASSIGNED,GF3A_DIRECTIONAL_WRITE_EXHAUSTED_PRIMALITY_UNASSIGNED,513,512,512,NO_RECORDED_FACTOR_PRP_OR_LL_RESULT_AND_NO_ACTIVE_GIMPS_ASSIGNMENT,2026-08-09T02:56:41+00:00,UNALLOCATED,,,,,
SLCMP1467-0513,513,514,509024921,2^509024921-1,STRUCTURAL_SCREEN_EXHAUSTED_PRIMALITY_UNASSIGNED,GF3A_DIRECTIONAL_WRITE_EXHAUSTED_PRIMALITY_UNASSIGNED,513,512,512,NO_RECORDED_FACTOR_PRP_OR_LL_RESULT_AND_NO_ACTIVE_GIMPS_ASSIGNMENT,2026-08-09T02:56:41+00:00,UNALLOCATED,,,,,
SLCMP1467-0514,514,515,509024959,2^509024959-1,STRUCTURAL_SCREEN_EXHAUSTED_PRIMALITY_UNASSIGNED,GF3A_DIRECTIONAL_WRITE_EXHAUSTED_PRIMALITY_UNASSIGNED,514,512,512,NO_RECORDED_FACTOR_PRP_OR_LL_RESULT_AND_NO_ACTIVE_GIMPS_ASSIGNMENT,2026-08-09T02:56:41+00:00,UNALLOCATED,,,,,
SLCMP1467-0515,515,516,509025047,2^509025047-1,STRUCTURAL_SCREEN_EXHAUSTED_PRIMALITY_UNASSIGNED,GF3A_DIRECTIONAL_WRITE_EXHAUSTED_PRIMALITY_UNASSIGNED,514,512,512,NO_RECORDED_FACTOR_PRP_OR_LL_RESULT_AND_NO_ACTIVE_GIMPS_ASSIGNMENT,2026-08-09T02:56:41+00:00,UNALLOCATED,,,,,
SLCMP1467-0516,516,517,509025071,2^509025071-1,STRUCTURAL_SCREEN_EXHAUSTED_PRIMALITY_UNASSIGNED,GF3A_DIRECTIONAL_WRITE_EXHAUSTED_PRIMALITY_UNASSIGNED,514,512,512,NO_RECORDED_FACTOR_PRP_OR_LL_RESULT_AND_NO_ACTIVE_GIMPS_ASSIGNMENT,2026-08-09T02:56:41+00:00,UNALLOCATED,,,,,
SLCMP1467-0517,517,518,509025079,2^509025079-1,STRUCTURAL_SCREEN_EXHAUSTED_PRIMALITY_UNASSIGNED,GF3A_DIRECTIONAL_WRITE_EXHAUSTED_PRIMALITY_UNASSIGNED,514,512,512,NO_RECORDED_FACTOR_PRP_OR_LL_RESULT_AND_NO_ACTIVE_GIMPS_ASSIGNMENT,2026-08-09T02:56:41+00:00,UNALLOCATED,,,,,
SLCMP1467-0518,518,519,509025107,2^509025107-1,STRUCTURAL_SCREEN_EXHAUSTED_PRIMALITY_UNASSIGNED,GF3A_DIRECTIONAL_WRITE_EXHAUSTED_PRIMALITY_UNASSIGNED,514,512,512,NO_RECORDED_FACTOR_PRP_OR_LL_RESULT_AND_NO_ACTIVE_GIMPS_ASSIGNMENT,2026-08-09T02:56:41+00:00,UNALLOCATED,,,,,
SLCMP1467-0519,519,520,509025173,2^509025173-1,STRUCTURAL_SCREEN_EXHAUSTED_PRIMALITY_UNASSIGNED,GF3A_DIRECTIONAL_WRITE_EXHAUSTED_PRIMALITY_UNASSIGNED,513,512,512,NO_RECORDED_FACTOR_PRP_OR_LL_RESULT_AND_NO_ACTIVE_GIMPS_ASSIGNMENT,2026-08-09T02:56:41+00:00,UNALLOCATED,,,,,
SLCMP1467-0520,520,521,509025263,2^509025263-1,STRUCTURAL_SCREEN_EXHAUSTED_PRIMALITY_UNASSIGNED,GF3A_DIRECTIONAL_WRITE_EXHAUSTED_PRIMALITY_UNASSIGNED,514,512,512,NO_RECORDED_FACTOR_PRP_OR_LL_RESULT_AND_NO_ACTIVE_GIMPS_ASSIGNMENT,2026-08-09T02:56:41+00:00,UNALLOCATED,,,,,
SLCMP1467-0521,521,522,509025299,2^509025299-1,STRUCTURAL_SCREEN_EXHAUSTED_PRIMALITY_UNASSIGNED,GF3A_DIRECTIONAL_WRITE_EXHAUSTED_PRIMALITY_UNASSIGNED,514,512,512,NO_RECORDED_FACTOR_PRP_OR_LL_RESULT_AND_NO_ACTIVE_GIMPS_ASSIGNMENT,2026-08-09T02:56:41+00:00,UNALLOCATED,,,,,
SLCMP1467-0522,522,523,509025311,2^509025311-1,STRUCTURAL_SCREEN_EXHAUSTED_PRIMALITY_UNASSIGNED,GF3A_DIRECTIONAL_WRITE_EXHAUSTED_PRIMALITY_UNASSIGNED,514,512,512,NO_RECORDED_FACTOR_PRP_OR_LL_RESULT_AND_NO_ACTIVE_GIMPS_ASSIGNMENT,2026-08-09T02:56:41+00:00,UNALLOCATED,,,,,
SLCMP1467-0523,523,524,509025353,2^509025353-1,STRUCTURAL_SCREEN_EXHAUSTED_PRIMALITY_UNASSIGNED,GF3A_DIRECTIONAL_WRITE_EXHAUSTED_PRIMALITY_UNASSIGNED,513,512,512,NO_RECORDED_FACTOR_PRP_OR_LL_RESULT_AND_NO_ACTIVE_GIMPS_ASSIGNMENT,2026-08-09T02:56:41+00:00,UNALLOCATED,,,,,
SLCMP1467-0524,524,525,509025553,2^509025553-1,STRUCTURAL_SCREEN_EXHAUSTED_PRIMALITY_UNASSIGNED,GF3A_DIRECTIONAL_WRITE_EXHAUSTED_PRIMALITY_UNASSIGNED,513,512,512,NO_RECORDED_FACTOR_PRP_OR_LL_RESULT_AND_NO_ACTIVE_GIMPS_ASSIGNMENT,2026-08-09T02:56:41+00:00,UNALLOCATED,,,,,
SLCMP1467-0525,525,526,509025593,2^509025593-1,STRUCTURAL_SCREEN_EXHAUSTED_PRIMALITY_UNASSIGNED,GF3A_DIRECTIONAL_WRITE_EXHAUSTED_PRIMALITY_UNASSIGNED,513,512,512,NO_RECORDED_FACTOR_PRP_OR_LL_RESULT_AND_NO_ACTIVE_GIMPS_ASSIGNMENT,2026-08-09T02:56:41+00:00,UNALLOCATED,,,,,
SLCMP1467-0526,526,527,509025641,2^509025641-1,STRUCTURAL_SCREEN_EXHAUSTED_PRIMALITY_UNASSIGNED,GF3A_DIRECTIONAL_WRITE_EXHAUSTED_PRIMALITY_UNASSIGNED,513,512,512,NO_RECORDED_FACTOR_PRP_OR_LL_RESULT_AND_NO_ACTIVE_GIMPS_ASSIGNMENT,2026-08-09T02:56:41+00:00,UNALLOCATED,,,,,
SLCMP1467-0527,527,528,509025703,2^509025703-1,STRUCTURAL_SCREEN_EXHAUSTED_PRIMALITY_UNASSIGNED,GF3A_DIRECTIONAL_WRITE_EXHAUSTED_PRIMALITY_UNASSIGNED,514,512,512,NO_RECORDED_FACTOR_PRP_OR_LL_RESULT_AND_NO_ACTIVE_GIMPS_ASSIGNMENT,2026-08-09T02:56:41+00:00,UNALLOCATED,,,,,
SLCMP1467-0528,528,529,509025763,2^509025763-1,STRUCTURAL_SCREEN_EXHAUSTED_PRIMALITY_UNASSIGNED,GF3A_DIRECTIONAL_WRITE_EXHAUSTED_PRIMALITY_UNASSIGNED,514,512,512,NO_RECORDED_FACTOR_PRP_OR_LL_RESULT_AND_NO_ACTIVE_GIMPS_ASSIGNMENT,2026-08-09T02:56:41+00:00,UNALLOCATED,,,,,
SLCMP1467-0529,529,530,509025773,2^509025773-1,STRUCTURAL_SCREEN_EXHAUSTED_PRIMALITY_UNASSIGNED,GF3A_DIRECTIONAL_WRITE_EXHAUSTED_PRIMALITY_UNASSIGNED,513,512,512,NO_RECORDED_FACTOR_PRP_OR_LL_RESULT_AND_NO_ACTIVE_GIMPS_ASSIGNMENT,2026-08-09T02:56:41+00:00,UNALLOCATED,,,,,
SLCMP1467-0530,530,531,509025817,2^509025817-1,STRUCTURAL_SCREEN_EXHAUSTED_PRIMALITY_UNASSIGNED,GF3A_DIRECTIONAL_WRITE_EXHAUSTED_PRIMALITY_UNASSIGNED,513,512,512,NO_RECORDED_FACTOR_PRP_OR_LL_RESULT_AND_NO_ACTIVE_GIMPS_ASSIGNMENT,2026-08-09T02:56:41+00:00,UNALLOCATED,,,,,
SLCMP1467-0531,531,532,509025851,2^509025851-1,STRUCTURAL_SCREEN_EXHAUSTED_PRIMALITY_UNASSIGNED,GF3A_DIRECTIONAL_WRITE_EXHAUSTED_PRIMALITY_UNASSIGNED,514,512,512,NO_RECORDED_FACTOR_PRP_OR_LL_RESULT_AND_NO_ACTIVE_GIMPS_ASSIGNMENT,2026-08-09T02:56:41+00:00,UNALLOCATED,,,,,
SLCMP1467-0532,532,533,509025877,2^509025877-1,STRUCTURAL_SCREEN_EXHAUSTED_PRIMALITY_UNASSIGNED,GF3A_DIRECTIONAL_WRITE_EXHAUSTED_PRIMALITY_UNASSIGNED,513,512,512,NO_RECORDED_FACTOR_PRP_OR_LL_RESULT_AND_NO_ACTIVE_GIMPS_ASSIGNMENT,2026-08-09T02:56:41+00:00,UNALLOCATED,,,,,
SLCMP1467-0533,533,534,509025919,2^509025919-1,STRUCTURAL_SCREEN_EXHAUSTED_PRIMALITY_UNASSIGNED,GF3A_DIRECTIONAL_WRITE_EXHAUSTED_PRIMALITY_UNASSIGNED,514,512,512,NO_RECORDED_FACTOR_PRP_OR_LL_RESULT_AND_NO_ACTIVE_GIMPS_ASSIGNMENT,2026-08-09T02:56:41+00:00,UNALLOCATED,,,,,
SLCMP1467-0534,534,535,509025929,2^509025929-1,STRUCTURAL_SCREEN_EXHAUSTED_PRIMALITY_UNASSIGNED,GF3A_DIRECTIONAL_WRITE_EXHAUSTED_PRIMALITY_UNASSIGNED,513,512,512,NO_RECORDED_FACTOR_PRP_OR_LL_RESULT_AND_NO_ACTIVE_GIMPS_ASSIGNMENT,2026-08-09T02:56:41+00:00,UNALLOCATED,,,,,
SLCMP1467-0535,535,536,509025989,2^509025989-1,STRUCTURAL_SCREEN_EXHAUSTED_PRIMALITY_UNASSIGNED,GF3A_DIRECTIONAL_WRITE_EXHAUSTED_PRIMALITY_UNASSIGNED,513,512,512,NO_RECORDED_FACTOR_PRP_OR_LL_RESULT_AND_NO_ACTIVE_GIMPS_ASSIGNMENT,2026-08-09T02:56:41+00:00,UNALLOCATED,,,,,
SLCMP1467-0536,536,537,509026073,2^509026073-1,STRUCTURAL_SCREEN_EXHAUSTED_PRIMALITY_UNASSIGNED,GF3A_DIRECTIONAL_WRITE_EXHAUSTED_PRIMALITY_UNASSIGNED,513,512,512,NO_RECORDED_FACTOR_PRP_OR_LL_RESULT_AND_NO_ACTIVE_GIMPS_ASSIGNMENT,2026-08-09T02:56:41+00:00,UNALLOCATED,,,,,
SLCMP1467-0537,537,538,509026081,2^509026081-1,STRUCTURAL_SCREEN_EXHAUSTED_PRIMALITY_UNASSIGNED,GF3A_DIRECTIONAL_WRITE_EXHAUSTED_PRIMALITY_UNASSIGNED,513,512,512,NO_RECORDED_FACTOR_PRP_OR_LL_RESULT_AND_NO_ACTIVE_GIMPS_ASSIGNMENT,2026-08-09T02:56:41+00:00,UNALLOCATED,,,,,
SLCMP1467-0538,538,539,509026109,2^509026109-1,STRUCTURAL_SCREEN_EXHAUSTED_PRIMALITY_UNASSIGNED,GF3A_DIRECTIONAL_WRITE_EXHAUSTED_PRIMALITY_UNASSIGNED,513,512,512,NO_RECORDED_FACTOR_PRP_OR_LL_RESULT_AND_NO_ACTIVE_GIMPS_ASSIGNMENT,2026-08-09T02:56:41+00:00,UNALLOCATED,,,,,
SLCMP1467-0539,539,540,509026129,2^509026129-1,STRUCTURAL_SCREEN_EXHAUSTED_PRIMALITY_UNASSIGNED,GF3A_DIRECTIONAL_WRITE_EXHAUSTED_PRIMALITY_UNASSIGNED,513,512,512,NO_RECORDED_FACTOR_PRP_OR_LL_RESULT_AND_NO_ACTIVE_GIMPS_ASSIGNMENT,2026-08-09T02:56:41+00:00,UNALLOCATED,,,,,
SLCMP1467-0540,540,541,509026181,2^509026181-1,STRUCTURAL_SCREEN_EXHAUSTED_PRIMALITY_UNASSIGNED,GF3A_DIRECTIONAL_WRITE_EXHAUSTED_PRIMALITY_UNASSIGNED,513,512,512,NO_RECORDED_FACTOR_PRP_OR_LL_RESULT_AND_NO_ACTIVE_GIMPS_ASSIGNMENT,2026-08-09T02:56:41+00:00,UNALLOCATED,,,,,
SLCMP1467-0541,541,542,509026229,2^509026229-1,STRUCTURAL_SCREEN_EXHAUSTED_PRIMALITY_UNASSIGNED,GF3A_DIRECTIONAL_WRITE_EXHAUSTED_PRIMALITY_UNASSIGNED,513,512,512,NO_RECORDED_FACTOR_PRP_OR_LL_RESULT_AND_NO_ACTIVE_GIMPS_ASSIGNMENT,2026-08-09T02:56:41+00:00,UNALLOCATED,,,,,
SLCMP1467-0542,542,543,509026277,2^509026277-1,STRUCTURAL_SCREEN_EXHAUSTED_PRIMALITY_UNASSIGNED,GF3A_DIRECTIONAL_WRITE_EXHAUSTED_PRIMALITY_UNASSIGNED,513,512,512,NO_RECORDED_FACTOR_PRP_OR_LL_RESULT_AND_NO_ACTIVE_GIMPS_ASSIGNMENT,2026-08-09T02:56:41+00:00,UNALLOCATED,,,,,
SLCMP1467-0543,543,544,509026411,2^509026411-1,STRUCTURAL_SCREEN_EXHAUSTED_PRIMALITY_UNASSIGNED,GF3A_DIRECTIONAL_WRITE_EXHAUSTED_PRIMALITY_UNASSIGNED,514,512,512,NO_RECORDED_FACTOR_PRP_OR_LL_RESULT_AND_NO_ACTIVE_GIMPS_ASSIGNMENT,2026-08-09T02:56:41+00:00,UNALLOCATED,,,,,
SLCMP1467-0544,544,545,509026471,2^509026471-1,STRUCTURAL_SCREEN_EXHAUSTED_PRIMALITY_UNASSIGNED,GF3A_DIRECTIONAL_WRITE_EXHAUSTED_PRIMALITY_UNASSIGNED,514,512,512,NO_RECORDED_FACTOR_PRP_OR_LL_RESULT_AND_NO_ACTIVE_GIMPS_ASSIGNMENT,2026-08-09T02:56:41+00:00,UNALLOCATED,,,,,
SLCMP1467-0545,545,546,509026487,2^509026487-1,STRUCTURAL_SCREEN_EXHAUSTED_PRIMALITY_UNASSIGNED,GF3A_DIRECTIONAL_WRITE_EXHAUSTED_PRIMALITY_UNASSIGNED,514,512,512,NO_RECORDED_FACTOR_PRP_OR_LL_RESULT_AND_NO_ACTIVE_GIMPS_ASSIGNMENT,2026-08-09T02:56:41+00:00,UNALLOCATED,,,,,
SLCMP1467-0546,546,547,509026493,2^509026493-1,STRUCTURAL_SCREEN_EXHAUSTED_PRIMALITY_UNASSIGNED,GF3A_DIRECTIONAL_WRITE_EXHAUSTED_PRIMALITY_UNASSIGNED,513,512,512,NO_RECORDED_FACTOR_PRP_OR_LL_RESULT_AND_NO_ACTIVE_GIMPS_ASSIGNMENT,2026-08-09T02:56:41+00:00,UNALLOCATED,,,,,
SLCMP1467-0547,547,548,509026577,2^509026577-1,STRUCTURAL_SCREEN_EXHAUSTED_PRIMALITY_UNASSIGNED,GF3A_DIRECTIONAL_WRITE_EXHAUSTED_PRIMALITY_UNASSIGNED,513,512,512,NO_RECORDED_FACTOR_PRP_OR_LL_RESULT_AND_NO_ACTIVE_GIMPS_ASSIGNMENT,2026-08-09T02:56:41+00:00,UNALLOCATED,,,,,
SLCMP1467-0548,548,549,509026601,2^509026601-1,STRUCTURAL_SCREEN_EXHAUSTED_PRIMALITY_UNASSIGNED,GF3A_DIRECTIONAL_WRITE_EXHAUSTED_PRIMALITY_UNASSIGNED,513,512,512,NO_RECORDED_FACTOR_PRP_OR_LL_RESULT_AND_NO_ACTIVE_GIMPS_ASSIGNMENT,2026-08-09T02:56:41+00:00,UNALLOCATED,,,,,
SLCMP1467-0549,549,550,509026657,2^509026657-1,STRUCTURAL_SCREEN_EXHAUSTED_PRIMALITY_UNASSIGNED,GF3A_DIRECTIONAL_WRITE_EXHAUSTED_PRIMALITY_UNASSIGNED,513,512,512,NO_RECORDED_FACTOR_PRP_OR_LL_RESULT_AND_NO_ACTIVE_GIMPS_ASSIGNMENT,2026-08-09T02:56:41+00:00,UNALLOCATED,,,,,
SLCMP1467-0550,550,551,509026667,2^509026667-1,STRUCTURAL_SCREEN_EXHAUSTED_PRIMALITY_UNASSIGNED,GF3A_DIRECTIONAL_WRITE_EXHAUSTED_PRIMALITY_UNASSIGNED,514,512,512,NO_RECORDED_FACTOR_PRP_OR_LL_RESULT_AND_NO_ACTIVE_GIMPS_ASSIGNMENT,2026-08-09T02:56:41+00:00,UNALLOCATED,,,,,
SLCMP1467-0551,551,552,509026673,2^509026673-1,STRUCTURAL_SCREEN_EXHAUSTED_PRIMALITY_UNASSIGNED,GF3A_DIRECTIONAL_WRITE_EXHAUSTED_PRIMALITY_UNASSIGNED,513,512,512,NO_RECORDED_FACTOR_PRP_OR_LL_RESULT_AND_NO_ACTIVE_GIMPS_ASSIGNMENT,2026-08-09T02:56:41+00:00,UNALLOCATED,,,,,
SLCMP1467-0552,552,553,509026717,2^509026717-1,STRUCTURAL_SCREEN_EXHAUSTED_PRIMALITY_UNASSIGNED,GF3A_DIRECTIONAL_WRITE_EXHAUSTED_PRIMALITY_UNASSIGNED,513,512,512,NO_RECORDED_FACTOR_PRP_OR_LL_RESULT_AND_NO_ACTIVE_GIMPS_ASSIGNMENT,2026-08-09T02:56:41+00:00,UNALLOCATED,,,,,
SLCMP1467-0553,553,554,509026829,2^509026829-1,STRUCTURAL_SCREEN_EXHAUSTED_PRIMALITY_UNASSIGNED,GF3A_DIRECTIONAL_WRITE_EXHAUSTED_PRIMALITY_UNASSIGNED,513,512,512,NO_RECORDED_FACTOR_PRP_OR_LL_RESULT_AND_NO_ACTIVE_GIMPS_ASSIGNMENT,2026-08-09T02:56:41+00:00,UNALLOCATED,,,,,
SLCMP1467-0554,554,555,509026901,2^509026901-1,STRUCTURAL_SCREEN_EXHAUSTED_PRIMALITY_UNASSIGNED,GF3A_DIRECTIONAL_WRITE_EXHAUSTED_PRIMALITY_UNASSIGNED,513,512,512,NO_RECORDED_FACTOR_PRP_OR_LL_RESULT_AND_NO_ACTIVE_GIMPS_ASSIGNMENT,2026-08-09T02:56:41+00:00,UNALLOCATED,,,,,
SLCMP1467-0555,555,556,509026907,2^509026907-1,STRUCTURAL_SCREEN_EXHAUSTED_PRIMALITY_UNASSIGNED,GF3A_DIRECTIONAL_WRITE_EXHAUSTED_PRIMALITY_UNASSIGNED,514,512,512,NO_RECORDED_FACTOR_PRP_OR_LL_RESULT_AND_NO_ACTIVE_GIMPS_ASSIGNMENT,2026-08-09T02:56:41+00:00,UNALLOCATED,,,,,
SLCMP1467-0556,556,557,509026943,2^509026943-1,STRUCTURAL_SCREEN_EXHAUSTED_PRIMALITY_UNASSIGNED,GF3A_DIRECTIONAL_WRITE_EXHAUSTED_PRIMALITY_UNASSIGNED,514,512,512,NO_RECORDED_FACTOR_PRP_OR_LL_RESULT_AND_NO_ACTIVE_GIMPS_ASSIGNMENT,2026-08-09T02:56:41+00:00,UNALLOCATED,,,,,
SLCMP1467-0557,557,558,509026957,2^509026957-1,STRUCTURAL_SCREEN_EXHAUSTED_PRIMALITY_UNASSIGNED,GF3A_DIRECTIONAL_WRITE_EXHAUSTED_PRIMALITY_UNASSIGNED,513,512,512,NO_RECORDED_FACTOR_PRP_OR_LL_RESULT_AND_NO_ACTIVE_GIMPS_ASSIGNMENT,2026-08-09T02:56:41+00:00,UNALLOCATED,,,,,
SLCMP1467-0558,558,559,509027027,2^509027027-1,STRUCTURAL_SCREEN_EXHAUSTED_PRIMALITY_UNASSIGNED,GF3A_DIRECTIONAL_WRITE_EXHAUSTED_PRIMALITY_UNASSIGNED,514,512,512,NO_RECORDED_FACTOR_PRP_OR_LL_RESULT_AND_NO_ACTIVE_GIMPS_ASSIGNMENT,2026-08-09T02:56:41+00:00,UNALLOCATED,,,,,
SLCMP1467-0559,559,560,509027047,2^509027047-1,STRUCTURAL_SCREEN_EXHAUSTED_PRIMALITY_UNASSIGNED,GF3A_DIRECTIONAL_WRITE_EXHAUSTED_PRIMALITY_UNASSIGNED,514,512,512,NO_RECORDED_FACTOR_PRP_OR_LL_RESULT_AND_NO_ACTIVE_GIMPS_ASSIGNMENT,2026-08-09T02:56:41+00:00,UNALLOCATED,,,,,
SLCMP1467-0560,560,561,509027089,2^509027089-1,STRUCTURAL_SCREEN_EXHAUSTED_PRIMALITY_UNASSIGNED,GF3A_DIRECTIONAL_WRITE_EXHAUSTED_PRIMALITY_UNASSIGNED,513,512,512,NO_RECORDED_FACTOR_PRP_OR_LL_RESULT_AND_NO_ACTIVE_GIMPS_ASSIGNMENT,2026-08-09T02:56:41+00:00,UNALLOCATED,,,,,
SLCMP1467-0561,561,562,509027143,2^509027143-1,STRUCTURAL_SCREEN_EXHAUSTED_PRIMALITY_UNASSIGNED,GF3A_DIRECTIONAL_WRITE_EXHAUSTED_PRIMALITY_UNASSIGNED,514,512,512,NO_RECORDED_FACTOR_PRP_OR_LL_RESULT_AND_NO_ACTIVE_GIMPS_ASSIGNMENT,2026-08-09T02:56:41+00:00,UNALLOCATED,,,,,
SLCMP1467-0562,562,563,509027171,2^509027171-1,STRUCTURAL_SCREEN_EXHAUSTED_PRIMALITY_UNASSIGNED,GF3A_DIRECTIONAL_WRITE_EXHAUSTED_PRIMALITY_UNASSIGNED,514,512,512,NO_RECORDED_FACTOR_PRP_OR_LL_RESULT_AND_NO_ACTIVE_GIMPS_ASSIGNMENT,2026-08-09T02:56:41+00:00,UNALLOCATED,,,,,
SLCMP1467-0563,563,564,509027269,2^509027269-1,STRUCTURAL_SCREEN_EXHAUSTED_PRIMALITY_UNASSIGNED,GF3A_DIRECTIONAL_WRITE_EXHAUSTED_PRIMALITY_UNASSIGNED,513,512,512,NO_RECORDED_FACTOR_PRP_OR_LL_RESULT_AND_NO_ACTIVE_GIMPS_ASSIGNMENT,2026-08-09T02:56:41+00:00,UNALLOCATED,,,,,
SLCMP1467-0564,564,565,509027273,2^509027273-1,STRUCTURAL_SCREEN_EXHAUSTED_PRIMALITY_UNASSIGNED,GF3A_DIRECTIONAL_WRITE_EXHAUSTED_PRIMALITY_UNASSIGNED,513,512,512,NO_RECORDED_FACTOR_PRP_OR_LL_RESULT_AND_NO_ACTIVE_GIMPS_ASSIGNMENT,2026-08-09T02:56:41+00:00,UNALLOCATED,,,,,
SLCMP1467-0565,565,566,509027287,2^509027287-1,STRUCTURAL_SCREEN_EXHAUSTED_PRIMALITY_UNASSIGNED,GF3A_DIRECTIONAL_WRITE_EXHAUSTED_PRIMALITY_UNASSIGNED,514,512,512,NO_RECORDED_FACTOR_PRP_OR_LL_RESULT_AND_NO_ACTIVE_GIMPS_ASSIGNMENT,2026-08-09T02:56:41+00:00,UNALLOCATED,,,,,
SLCMP1467-0566,566,567,509027417,2^509027417-1,STRUCTURAL_SCREEN_EXHAUSTED_PRIMALITY_UNASSIGNED,GF3A_DIRECTIONAL_WRITE_EXHAUSTED_PRIMALITY_UNASSIGNED,513,512,512,NO_RECORDED_FACTOR_PRP_OR_LL_RESULT_AND_NO_ACTIVE_GIMPS_ASSIGNMENT,2026-08-09T02:56:41+00:00,UNALLOCATED,,,,,
SLCMP1467-0567,567,568,509027429,2^509027429-1,STRUCTURAL_SCREEN_EXHAUSTED_PRIMALITY_UNASSIGNED,GF3A_DIRECTIONAL_WRITE_EXHAUSTED_PRIMALITY_UNASSIGNED,513,512,512,NO_RECORDED_FACTOR_PRP_OR_LL_RESULT_AND_NO_ACTIVE_GIMPS_ASSIGNMENT,2026-08-09T02:56:41+00:00,UNALLOCATED,,,,,
SLCMP1467-0568,568,569,509027443,2^509027443-1,STRUCTURAL_SCREEN_EXHAUSTED_PRIMALITY_UNASSIGNED,GF3A_DIRECTIONAL_WRITE_EXHAUSTED_PRIMALITY_UNASSIGNED,514,512,512,NO_RECORDED_FACTOR_PRP_OR_LL_RESULT_AND_NO_ACTIVE_GIMPS_ASSIGNMENT,2026-08-09T02:56:41+00:00,UNALLOCATED,,,,,
SLCMP1467-0569,569,570,509027483,2^509027483-1,STRUCTURAL_SCREEN_EXHAUSTED_PRIMALITY_UNASSIGNED,GF3A_DIRECTIONAL_WRITE_EXHAUSTED_PRIMALITY_UNASSIGNED,514,512,512,NO_RECORDED_FACTOR_PRP_OR_LL_RESULT_AND_NO_ACTIVE_GIMPS_ASSIGNMENT,2026-08-09T02:56:41+00:00,UNALLOCATED,,,,,
SLCMP1467-0570,570,571,509027527,2^509027527-1,STRUCTURAL_SCREEN_EXHAUSTED_PRIMALITY_UNASSIGNED,GF3A_DIRECTIONAL_WRITE_EXHAUSTED_PRIMALITY_UNASSIGNED,514,512,512,NO_RECORDED_FACTOR_PRP_OR_LL_RESULT_AND_NO_ACTIVE_GIMPS_ASSIGNMENT,2026-08-09T02:56:41+00:00,UNALLOCATED,,,,,
SLCMP1467-0571,571,572,509027641,2^509027641-1,STRUCTURAL_SCREEN_EXHAUSTED_PRIMALITY_UNASSIGNED,GF3A_DIRECTIONAL_WRITE_EXHAUSTED_PRIMALITY_UNASSIGNED,513,512,512,NO_RECORDED_FACTOR_PRP_OR_LL_RESULT_AND_NO_ACTIVE_GIMPS_ASSIGNMENT,2026-08-09T02:56:41+00:00,UNALLOCATED,,,,,
SLCMP1467-0572,572,573,509027767,2^509027767-1,STRUCTURAL_SCREEN_EXHAUSTED_PRIMALITY_UNASSIGNED,GF3A_DIRECTIONAL_WRITE_EXHAUSTED_PRIMALITY_UNASSIGNED,514,512,512,NO_RECORDED_FACTOR_PRP_OR_LL_RESULT_AND_NO_ACTIVE_GIMPS_ASSIGNMENT,2026-08-09T02:56:41+00:00,UNALLOCATED,,,,,
SLCMP1467-0573,573,574,509027801,2^509027801-1,STRUCTURAL_SCREEN_EXHAUSTED_PRIMALITY_UNASSIGNED,GF3A_DIRECTIONAL_WRITE_EXHAUSTED_PRIMALITY_UNASSIGNED,513,512,512,NO_RECORDED_FACTOR_PRP_OR_LL_RESULT_AND_NO_ACTIVE_GIMPS_ASSIGNMENT,2026-08-09T02:56:41+00:00,UNALLOCATED,,,,,
SLCMP1467-0574,574,575,509027921,2^509027921-1,STRUCTURAL_SCREEN_EXHAUSTED_PRIMALITY_UNASSIGNED,GF3A_DIRECTIONAL_WRITE_EXHAUSTED_PRIMALITY_UNASSIGNED,513,512,512,NO_RECORDED_FACTOR_PRP_OR_LL_RESULT_AND_NO_ACTIVE_GIMPS_ASSIGNMENT,2026-08-09T02:56:41+00:00,UNALLOCATED,,,,,
SLCMP1467-0575,575,576,509027983,2^509027983-1,STRUCTURAL_SCREEN_EXHAUSTED_PRIMALITY_UNASSIGNED,GF3A_DIRECTIONAL_WRITE_EXHAUSTED_PRIMALITY_UNASSIGNED,514,512,512,NO_RECORDED_FACTOR_PRP_OR_LL_RESULT_AND_NO_ACTIVE_GIMPS_ASSIGNMENT,2026-08-09T02:56:41+00:00,UNALLOCATED,,,,,
SLCMP1467-0576,576,577,509027989,2^509027989-1,STRUCTURAL_SCREEN_EXHAUSTED_PRIMALITY_UNASSIGNED,GF3A_DIRECTIONAL_WRITE_EXHAUSTED_PRIMALITY_UNASSIGNED,513,512,512,NO_RECORDED_FACTOR_PRP_OR_LL_RESULT_AND_NO_ACTIVE_GIMPS_ASSIGNMENT,2026-08-09T02:56:41+00:00,UNALLOCATED,,,,,
SLCMP1467-0577,577,578,509027999,2^509027999-1,STRUCTURAL_SCREEN_EXHAUSTED_PRIMALITY_UNASSIGNED,GF3A_DIRECTIONAL_WRITE_EXHAUSTED_PRIMALITY_UNASSIGNED,514,512,512,NO_RECORDED_FACTOR_PRP_OR_LL_RESULT_AND_NO_ACTIVE_GIMPS_ASSIGNMENT,2026-08-09T02:56:41+00:00,UNALLOCATED,,,,,
SLCMP1467-0578,578,579,509028007,2^509028007-1,STRUCTURAL_SCREEN_EXHAUSTED_PRIMALITY_UNASSIGNED,GF3A_DIRECTIONAL_WRITE_EXHAUSTED_PRIMALITY_UNASSIGNED,514,512,512,NO_RECORDED_FACTOR_PRP_OR_LL_RESULT_AND_NO_ACTIVE_GIMPS_ASSIGNMENT,2026-08-09T02:56:41+00:00,UNALLOCATED,,,,,
SLCMP1467-0579,579,580,509028119,2^509028119-1,STRUCTURAL_SCREEN_EXHAUSTED_PRIMALITY_UNASSIGNED,GF3A_DIRECTIONAL_WRITE_EXHAUSTED_PRIMALITY_UNASSIGNED,514,512,512,NO_RECORDED_FACTOR_PRP_OR_LL_RESULT_AND_NO_ACTIVE_GIMPS_ASSIGNMENT,2026-08-09T02:56:41+00:00,UNALLOCATED,,,,,
SLCMP1467-0580,580,581,509028151,2^509028151-1,STRUCTURAL_SCREEN_EXHAUSTED_PRIMALITY_UNASSIGNED,GF3A_DIRECTIONAL_WRITE_EXHAUSTED_PRIMALITY_UNASSIGNED,514,512,512,NO_RECORDED_FACTOR_PRP_OR_LL_RESULT_AND_NO_ACTIVE_GIMPS_ASSIGNMENT,2026-08-09T02:56:41+00:00,UNALLOCATED,,,,,
SLCMP1467-0581,581,582,509028173,2^509028173-1,STRUCTURAL_SCREEN_EXHAUSTED_PRIMALITY_UNASSIGNED,GF3A_DIRECTIONAL_WRITE_EXHAUSTED_PRIMALITY_UNASSIGNED,513,512,512,NO_RECORDED_FACTOR_PRP_OR_LL_RESULT_AND_NO_ACTIVE_GIMPS_ASSIGNMENT,2026-08-09T02:56:41+00:00,UNALLOCATED,,,,,
SLCMP1467-0582,582,583,509028287,2^509028287-1,STRUCTURAL_SCREEN_EXHAUSTED_PRIMALITY_UNASSIGNED,GF3A_DIRECTIONAL_WRITE_EXHAUSTED_PRIMALITY_UNASSIGNED,514,512,512,NO_RECORDED_FACTOR_PRP_OR_LL_RESULT_AND_NO_ACTIVE_GIMPS_ASSIGNMENT,2026-08-09T02:56:41+00:00,UNALLOCATED,,,,,
SLCMP1467-0583,583,584,509028439,2^509028439-1,STRUCTURAL_SCREEN_EXHAUSTED_PRIMALITY_UNASSIGNED,GF3A_DIRECTIONAL_WRITE_EXHAUSTED_PRIMALITY_UNASSIGNED,514,512,512,NO_RECORDED_FACTOR_PRP_OR_LL_RESULT_AND_NO_ACTIVE_GIMPS_ASSIGNMENT,2026-08-09T02:56:41+00:00,UNALLOCATED,,,,,
SLCMP1467-0584,584,585,509028593,2^509028593-1,STRUCTURAL_SCREEN_EXHAUSTED_PRIMALITY_UNASSIGNED,GF3A_DIRECTIONAL_WRITE_EXHAUSTED_PRIMALITY_UNASSIGNED,513,512,512,NO_RECORDED_FACTOR_PRP_OR_LL_RESULT_AND_NO_ACTIVE_GIMPS_ASSIGNMENT,2026-08-09T02:56:41+00:00,UNALLOCATED,,,,,
SLCMP1467-0585,585,586,509028733,2^509028733-1,STRUCTURAL_SCREEN_EXHAUSTED_PRIMALITY_UNASSIGNED,GF3A_DIRECTIONAL_WRITE_EXHAUSTED_PRIMALITY_UNASSIGNED,513,512,512,NO_RECORDED_FACTOR_PRP_OR_LL_RESULT_AND_NO_ACTIVE_GIMPS_ASSIGNMENT,2026-08-09T02:56:41+00:00,UNALLOCATED,,,,,
SLCMP1467-0586,586,587,509028803,2^509028803-1,STRUCTURAL_SCREEN_EXHAUSTED_PRIMALITY_UNASSIGNED,GF3A_DIRECTIONAL_WRITE_EXHAUSTED_PRIMALITY_UNASSIGNED,514,512,512,NO_RECORDED_FACTOR_PRP_OR_LL_RESULT_AND_NO_ACTIVE_GIMPS_ASSIGNMENT,2026-08-09T02:56:41+00:00,UNALLOCATED,,,,,
SLCMP1467-0587,587,588,509028857,2^509028857-1,STRUCTURAL_SCREEN_EXHAUSTED_PRIMALITY_UNASSIGNED,GF3A_DIRECTIONAL_WRITE_EXHAUSTED_PRIMALITY_UNASSIGNED,513,512,512,NO_RECORDED_FACTOR_PRP_OR_LL_RESULT_AND_NO_ACTIVE_GIMPS_ASSIGNMENT,2026-08-09T02:56:41+00:00,UNALLOCATED,,,,,
SLCMP1467-0588,588,589,509028889,2^509028889-1,STRUCTURAL_SCREEN_EXHAUSTED_PRIMALITY_UNASSIGNED,GF3A_DIRECTIONAL_WRITE_EXHAUSTED_PRIMALITY_UNASSIGNED,513,512,512,NO_RECORDED_FACTOR_PRP_OR_LL_RESULT_AND_NO_ACTIVE_GIMPS_ASSIGNMENT,2026-08-09T02:56:41+00:00,UNALLOCATED,,,,,
SLCMP1467-0589,589,590,509028911,2^509028911-1,STRUCTURAL_SCREEN_EXHAUSTED_PRIMALITY_UNASSIGNED,GF3A_DIRECTIONAL_WRITE_EXHAUSTED_PRIMALITY_UNASSIGNED,514,512,512,NO_RECORDED_FACTOR_PRP_OR_LL_RESULT_AND_NO_ACTIVE_GIMPS_ASSIGNMENT,2026-08-09T02:56:41+00:00,UNALLOCATED,,,,,
SLCMP1467-0590,590,591,509028913,2^509028913-1,STRUCTURAL_SCREEN_EXHAUSTED_PRIMALITY_UNASSIGNED,GF3A_DIRECTIONAL_WRITE_EXHAUSTED_PRIMALITY_UNASSIGNED,513,512,512,NO_RECORDED_FACTOR_PRP_OR_LL_RESULT_AND_NO_ACTIVE_GIMPS_ASSIGNMENT,2026-08-09T02:56:41+00:00,UNALLOCATED,,,,,
SLCMP1467-0591,591,592,509029007,2^509029007-1,STRUCTURAL_SCREEN_EXHAUSTED_PRIMALITY_UNASSIGNED,GF3A_DIRECTIONAL_WRITE_EXHAUSTED_PRIMALITY_UNASSIGNED,514,512,512,NO_RECORDED_FACTOR_PRP_OR_LL_RESULT_AND_NO_ACTIVE_GIMPS_ASSIGNMENT,2026-08-09T02:56:41+00:00,UNALLOCATED,,,,,
SLCMP1467-0592,592,593,509029009,2^509029009-1,STRUCTURAL_SCREEN_EXHAUSTED_PRIMALITY_UNASSIGNED,GF3A_DIRECTIONAL_WRITE_EXHAUSTED_PRIMALITY_UNASSIGNED,513,512,512,NO_RECORDED_FACTOR_PRP_OR_LL_RESULT_AND_NO_ACTIVE_GIMPS_ASSIGNMENT,2026-08-09T02:56:41+00:00,UNALLOCATED,,,,,
SLCMP1467-0593,593,594,509029039,2^509029039-1,STRUCTURAL_SCREEN_EXHAUSTED_PRIMALITY_UNASSIGNED,GF3A_DIRECTIONAL_WRITE_EXHAUSTED_PRIMALITY_UNASSIGNED,514,512,512,NO_RECORDED_FACTOR_PRP_OR_LL_RESULT_AND_NO_ACTIVE_GIMPS_ASSIGNMENT,2026-08-09T02:56:41+00:00,UNALLOCATED,,,,,
SLCMP1467-0594,594,595,509029097,2^509029097-1,STRUCTURAL_SCREEN_EXHAUSTED_PRIMALITY_UNASSIGNED,GF3A_DIRECTIONAL_WRITE_EXHAUSTED_PRIMALITY_UNASSIGNED,513,512,512,NO_RECORDED_FACTOR_PRP_OR_LL_RESULT_AND_NO_ACTIVE_GIMPS_ASSIGNMENT,2026-08-09T02:56:41+00:00,UNALLOCATED,,,,,
SLCMP1467-0595,595,596,509029109,2^509029109-1,STRUCTURAL_SCREEN_EXHAUSTED_PRIMALITY_UNASSIGNED,GF3A_DIRECTIONAL_WRITE_EXHAUSTED_PRIMALITY_UNASSIGNED,513,512,512,NO_RECORDED_FACTOR_PRP_OR_LL_RESULT_AND_NO_ACTIVE_GIMPS_ASSIGNMENT,2026-08-09T02:56:41+00:00,UNALLOCATED,,,,,
SLCMP1467-0596,596,597,509029111,2^509029111-1,STRUCTURAL_SCREEN_EXHAUSTED_PRIMALITY_UNASSIGNED,GF3A_DIRECTIONAL_WRITE_EXHAUSTED_PRIMALITY_UNASSIGNED,514,512,512,NO_RECORDED_FACTOR_PRP_OR_LL_RESULT_AND_NO_ACTIVE_GIMPS_ASSIGNMENT,2026-08-09T02:56:41+00:00,UNALLOCATED,,,,,
SLCMP1467-0597,597,598,509029163,2^509029163-1,STRUCTURAL_SCREEN_EXHAUSTED_PRIMALITY_UNASSIGNED,GF3A_DIRECTIONAL_WRITE_EXHAUSTED_PRIMALITY_UNASSIGNED,514,512,512,NO_RECORDED_FACTOR_PRP_OR_LL_RESULT_AND_NO_ACTIVE_GIMPS_ASSIGNMENT,2026-08-09T02:56:41+00:00,UNALLOCATED,,,,,
SLCMP1467-0598,598,599,509029229,2^509029229-1,STRUCTURAL_SCREEN_EXHAUSTED_PRIMALITY_UNASSIGNED,GF3A_DIRECTIONAL_WRITE_EXHAUSTED_PRIMALITY_UNASSIGNED,513,512,512,NO_RECORDED_FACTOR_PRP_OR_LL_RESULT_AND_NO_ACTIVE_GIMPS_ASSIGNMENT,2026-08-09T02:56:41+00:00,UNALLOCATED,,,,,
SLCMP1467-0599,599,600,509029303,2^509029303-1,STRUCTURAL_SCREEN_EXHAUSTED_PRIMALITY_UNASSIGNED,GF3A_DIRECTIONAL_WRITE_EXHAUSTED_PRIMALITY_UNASSIGNED,514,512,512,NO_RECORDED_FACTOR_PRP_OR_LL_RESULT_AND_NO_ACTIVE_GIMPS_ASSIGNMENT,2026-08-09T02:56:41+00:00,UNALLOCATED,,,,,
SLCMP1467-0600,600,601,509029357,2^509029357-1,STRUCTURAL_SCREEN_EXHAUSTED_PRIMALITY_UNASSIGNED,GF3A_DIRECTIONAL_WRITE_EXHAUSTED_PRIMALITY_UNASSIGNED,513,512,512,NO_RECORDED_FACTOR_PRP_OR_LL_RESULT_AND_NO_ACTIVE_GIMPS_ASSIGNMENT,2026-08-09T02:56:41+00:00,UNALLOCATED,,,,,
SLCMP1467-0601,601,602,509029427,2^509029427-1,STRUCTURAL_SCREEN_EXHAUSTED_PRIMALITY_UNASSIGNED,GF3A_DIRECTIONAL_WRITE_EXHAUSTED_PRIMALITY_UNASSIGNED,514,512,512,NO_RECORDED_FACTOR_PRP_OR_LL_RESULT_AND_NO_ACTIVE_GIMPS_ASSIGNMENT,2026-08-09T02:56:41+00:00,UNALLOCATED,,,,,
SLCMP1467-0602,602,603,509029441,2^509029441-1,STRUCTURAL_SCREEN_EXHAUSTED_PRIMALITY_UNASSIGNED,GF3A_DIRECTIONAL_WRITE_EXHAUSTED_PRIMALITY_UNASSIGNED,513,512,512,NO_RECORDED_FACTOR_PRP_OR_LL_RESULT_AND_NO_ACTIVE_GIMPS_ASSIGNMENT,2026-08-09T02:56:41+00:00,UNALLOCATED,,,,,
SLCMP1467-0603,603,604,509029531,2^509029531-1,STRUCTURAL_SCREEN_EXHAUSTED_PRIMALITY_UNASSIGNED,GF3A_DIRECTIONAL_WRITE_EXHAUSTED_PRIMALITY_UNASSIGNED,514,512,512,NO_RECORDED_FACTOR_PRP_OR_LL_RESULT_AND_NO_ACTIVE_GIMPS_ASSIGNMENT,2026-08-09T02:56:41+00:00,UNALLOCATED,,,,,
SLCMP1467-0604,604,605,509029541,2^509029541-1,STRUCTURAL_SCREEN_EXHAUSTED_PRIMALITY_UNASSIGNED,GF3A_DIRECTIONAL_WRITE_EXHAUSTED_PRIMALITY_UNASSIGNED,513,512,512,NO_RECORDED_FACTOR_PRP_OR_LL_RESULT_AND_NO_ACTIVE_GIMPS_ASSIGNMENT,2026-08-09T02:56:41+00:00,UNALLOCATED,,,,,
SLCMP1467-0605,605,606,509029559,2^509029559-1,STRUCTURAL_SCREEN_EXHAUSTED_PRIMALITY_UNASSIGNED,GF3A_DIRECTIONAL_WRITE_EXHAUSTED_PRIMALITY_UNASSIGNED,514,512,512,NO_RECORDED_FACTOR_PRP_OR_LL_RESULT_AND_NO_ACTIVE_GIMPS_ASSIGNMENT,2026-08-09T02:56:41+00:00,UNALLOCATED,,,,,
SLCMP1467-0606,606,607,509029643,2^509029643-1,STRUCTURAL_SCREEN_EXHAUSTED_PRIMALITY_UNASSIGNED,GF3A_DIRECTIONAL_WRITE_EXHAUSTED_PRIMALITY_UNASSIGNED,514,512,512,NO_RECORDED_FACTOR_PRP_OR_LL_RESULT_AND_NO_ACTIVE_GIMPS_ASSIGNMENT,2026-08-09T02:56:41+00:00,UNALLOCATED,,,,,
SLCMP1467-0607,607,608,509029723,2^509029723-1,STRUCTURAL_SCREEN_EXHAUSTED_PRIMALITY_UNASSIGNED,GF3A_DIRECTIONAL_WRITE_EXHAUSTED_PRIMALITY_UNASSIGNED,514,512,512,NO_RECORDED_FACTOR_PRP_OR_LL_RESULT_AND_NO_ACTIVE_GIMPS_ASSIGNMENT,2026-08-09T02:56:41+00:00,UNALLOCATED,,,,,
SLCMP1467-0608,608,609,509029727,2^509029727-1,STRUCTURAL_SCREEN_EXHAUSTED_PRIMALITY_UNASSIGNED,GF3A_DIRECTIONAL_WRITE_EXHAUSTED_PRIMALITY_UNASSIGNED,514,512,512,NO_RECORDED_FACTOR_PRP_OR_LL_RESULT_AND_NO_ACTIVE_GIMPS_ASSIGNMENT,2026-08-09T02:56:41+00:00,UNALLOCATED,,,,,
SLCMP1467-0609,609,610,509029747,2^509029747-1,STRUCTURAL_SCREEN_EXHAUSTED_PRIMALITY_UNASSIGNED,GF3A_DIRECTIONAL_WRITE_EXHAUSTED_PRIMALITY_UNASSIGNED,514,512,512,NO_RECORDED_FACTOR_PRP_OR_LL_RESULT_AND_NO_ACTIVE_GIMPS_ASSIGNMENT,2026-08-09T02:56:41+00:00,UNALLOCATED,,,,,
SLCMP1467-0610,610,611,509029777,2^509029777-1,STRUCTURAL_SCREEN_EXHAUSTED_PRIMALITY_UNASSIGNED,GF3A_DIRECTIONAL_WRITE_EXHAUSTED_PRIMALITY_UNASSIGNED,513,512,512,NO_RECORDED_FACTOR_PRP_OR_LL_RESULT_AND_NO_ACTIVE_GIMPS_ASSIGNMENT,2026-08-09T02:56:41+00:00,UNALLOCATED,,,,,
SLCMP1467-0611,611,612,509029841,2^509029841-1,STRUCTURAL_SCREEN_EXHAUSTED_PRIMALITY_UNASSIGNED,GF3A_DIRECTIONAL_WRITE_EXHAUSTED_PRIMALITY_UNASSIGNED,513,512,512,NO_RECORDED_FACTOR_PRP_OR_LL_RESULT_AND_NO_ACTIVE_GIMPS_ASSIGNMENT,2026-08-09T02:56:41+00:00,UNALLOCATED,,,,,
SLCMP1467-0612,612,613,509029847,2^509029847-1,STRUCTURAL_SCREEN_EXHAUSTED_PRIMALITY_UNASSIGNED,GF3A_DIRECTIONAL_WRITE_EXHAUSTED_PRIMALITY_UNASSIGNED,514,512,512,NO_RECORDED_FACTOR_PRP_OR_LL_RESULT_AND_NO_ACTIVE_GIMPS_ASSIGNMENT,2026-08-09T02:56:41+00:00,UNALLOCATED,,,,,
SLCMP1467-0613,613,614,509029849,2^509029849-1,STRUCTURAL_SCREEN_EXHAUSTED_PRIMALITY_UNASSIGNED,GF3A_DIRECTIONAL_WRITE_EXHAUSTED_PRIMALITY_UNASSIGNED,513,512,512,NO_RECORDED_FACTOR_PRP_OR_LL_RESULT_AND_NO_ACTIVE_GIMPS_ASSIGNMENT,2026-08-09T02:56:41+00:00,UNALLOCATED,,,,,
SLCMP1467-0614,614,615,509030077,2^509030077-1,STRUCTURAL_SCREEN_EXHAUSTED_PRIMALITY_UNASSIGNED,GF3A_DIRECTIONAL_WRITE_EXHAUSTED_PRIMALITY_UNASSIGNED,513,512,512,NO_RECORDED_FACTOR_PRP_OR_LL_RESULT_AND_NO_ACTIVE_GIMPS_ASSIGNMENT,2026-08-09T02:56:41+00:00,UNALLOCATED,,,,,
SLCMP1467-0615,615,616,509030107,2^509030107-1,STRUCTURAL_SCREEN_EXHAUSTED_PRIMALITY_UNASSIGNED,GF3A_DIRECTIONAL_WRITE_EXHAUSTED_PRIMALITY_UNASSIGNED,514,512,512,NO_RECORDED_FACTOR_PRP_OR_LL_RESULT_AND_NO_ACTIVE_GIMPS_ASSIGNMENT,2026-08-09T02:56:41+00:00,UNALLOCATED,,,,,
SLCMP1467-0616,616,617,509030149,2^509030149-1,STRUCTURAL_SCREEN_EXHAUSTED_PRIMALITY_UNASSIGNED,GF3A_DIRECTIONAL_WRITE_EXHAUSTED_PRIMALITY_UNASSIGNED,513,512,512,NO_RECORDED_FACTOR_PRP_OR_LL_RESULT_AND_NO_ACTIVE_GIMPS_ASSIGNMENT,2026-08-09T02:56:41+00:00,UNALLOCATED,,,,,
SLCMP1467-0617,617,618,509030189,2^509030189-1,STRUCTURAL_SCREEN_EXHAUSTED_PRIMALITY_UNASSIGNED,GF3A_DIRECTIONAL_WRITE_EXHAUSTED_PRIMALITY_UNASSIGNED,513,512,512,NO_RECORDED_FACTOR_PRP_OR_LL_RESULT_AND_NO_ACTIVE_GIMPS_ASSIGNMENT,2026-08-09T02:56:41+00:00,UNALLOCATED,,,,,
SLCMP1467-0618,618,619,509030219,2^509030219-1,STRUCTURAL_SCREEN_EXHAUSTED_PRIMALITY_UNASSIGNED,GF3A_DIRECTIONAL_WRITE_EXHAUSTED_PRIMALITY_UNASSIGNED,514,512,512,NO_RECORDED_FACTOR_PRP_OR_LL_RESULT_AND_NO_ACTIVE_GIMPS_ASSIGNMENT,2026-08-09T02:56:41+00:00,UNALLOCATED,,,,,
SLCMP1467-0619,619,620,509030251,2^509030251-1,STRUCTURAL_SCREEN_EXHAUSTED_PRIMALITY_UNASSIGNED,GF3A_DIRECTIONAL_WRITE_EXHAUSTED_PRIMALITY_UNASSIGNED,514,512,512,NO_RECORDED_FACTOR_PRP_OR_LL_RESULT_AND_NO_ACTIVE_GIMPS_ASSIGNMENT,2026-08-09T02:56:41+00:00,UNALLOCATED,,,,,
SLCMP1467-0620,620,621,509030297,2^509030297-1,STRUCTURAL_SCREEN_EXHAUSTED_PRIMALITY_UNASSIGNED,GF3A_DIRECTIONAL_WRITE_EXHAUSTED_PRIMALITY_UNASSIGNED,513,512,512,NO_RECORDED_FACTOR_PRP_OR_LL_RESULT_AND_NO_ACTIVE_GIMPS_ASSIGNMENT,2026-08-09T02:56:41+00:00,UNALLOCATED,,,,,
SLCMP1467-0621,621,622,509030329,2^509030329-1,STRUCTURAL_SCREEN_EXHAUSTED_PRIMALITY_UNASSIGNED,GF3A_DIRECTIONAL_WRITE_EXHAUSTED_PRIMALITY_UNASSIGNED,513,512,512,NO_RECORDED_FACTOR_PRP_OR_LL_RESULT_AND_NO_ACTIVE_GIMPS_ASSIGNMENT,2026-08-09T02:56:41+00:00,UNALLOCATED,,,,,
SLCMP1467-0622,622,623,509030393,2^509030393-1,STRUCTURAL_SCREEN_EXHAUSTED_PRIMALITY_UNASSIGNED,GF3A_DIRECTIONAL_WRITE_EXHAUSTED_PRIMALITY_UNASSIGNED,513,512,512,NO_RECORDED_FACTOR_PRP_OR_LL_RESULT_AND_NO_ACTIVE_GIMPS_ASSIGNMENT,2026-08-09T02:56:41+00:00,UNALLOCATED,,,,,
SLCMP1467-0623,623,624,509030491,2^509030491-1,STRUCTURAL_SCREEN_EXHAUSTED_PRIMALITY_UNASSIGNED,GF3A_DIRECTIONAL_WRITE_EXHAUSTED_PRIMALITY_UNASSIGNED,514,512,512,NO_RECORDED_FACTOR_PRP_OR_LL_RESULT_AND_NO_ACTIVE_GIMPS_ASSIGNMENT,2026-08-09T02:56:41+00:00,UNALLOCATED,,,,,
SLCMP1467-0624,624,625,509030519,2^509030519-1,STRUCTURAL_SCREEN_EXHAUSTED_PRIMALITY_UNASSIGNED,GF3A_DIRECTIONAL_WRITE_EXHAUSTED_PRIMALITY_UNASSIGNED,514,512,512,NO_RECORDED_FACTOR_PRP_OR_LL_RESULT_AND_NO_ACTIVE_GIMPS_ASSIGNMENT,2026-08-09T02:56:41+00:00,UNALLOCATED,,,,,
SLCMP1467-0625,625,626,509030569,2^509030569-1,STRUCTURAL_SCREEN_EXHAUSTED_PRIMALITY_UNASSIGNED,GF3A_DIRECTIONAL_WRITE_EXHAUSTED_PRIMALITY_UNASSIGNED,513,512,512,NO_RECORDED_FACTOR_PRP_OR_LL_RESULT_AND_NO_ACTIVE_GIMPS_ASSIGNMENT,2026-08-09T02:56:41+00:00,UNALLOCATED,,,,,
SLCMP1467-0626,626,627,509030579,2^509030579-1,STRUCTURAL_SCREEN_EXHAUSTED_PRIMALITY_UNASSIGNED,GF3A_DIRECTIONAL_WRITE_EXHAUSTED_PRIMALITY_UNASSIGNED,514,512,512,NO_RECORDED_FACTOR_PRP_OR_LL_RESULT_AND_NO_ACTIVE_GIMPS_ASSIGNMENT,2026-08-09T02:56:41+00:00,UNALLOCATED,,,,,
SLCMP1467-0627,627,628,509030611,2^509030611-1,STRUCTURAL_SCREEN_EXHAUSTED_PRIMALITY_UNASSIGNED,GF3A_DIRECTIONAL_WRITE_EXHAUSTED_PRIMALITY_UNASSIGNED,514,512,512,NO_RECORDED_FACTOR_PRP_OR_LL_RESULT_AND_NO_ACTIVE_GIMPS_ASSIGNMENT,2026-08-09T02:56:41+00:00,UNALLOCATED,,,,,
SLCMP1467-0628,628,629,509030623,2^509030623-1,STRUCTURAL_SCREEN_EXHAUSTED_PRIMALITY_UNASSIGNED,GF3A_DIRECTIONAL_WRITE_EXHAUSTED_PRIMALITY_UNASSIGNED,514,512,512,NO_RECORDED_FACTOR_PRP_OR_LL_RESULT_AND_NO_ACTIVE_GIMPS_ASSIGNMENT,2026-08-09T02:56:41+00:00,UNALLOCATED,,,,,
SLCMP1467-0629,629,630,509030651,2^509030651-1,STRUCTURAL_SCREEN_EXHAUSTED_PRIMALITY_UNASSIGNED,GF3A_DIRECTIONAL_WRITE_EXHAUSTED_PRIMALITY_UNASSIGNED,514,512,512,NO_RECORDED_FACTOR_PRP_OR_LL_RESULT_AND_NO_ACTIVE_GIMPS_ASSIGNMENT,2026-08-09T02:56:41+00:00,UNALLOCATED,,,,,
SLCMP1467-0630,630,631,509030663,2^509030663-1,STRUCTURAL_SCREEN_EXHAUSTED_PRIMALITY_UNASSIGNED,GF3A_DIRECTIONAL_WRITE_EXHAUSTED_PRIMALITY_UNASSIGNED,514,512,512,NO_RECORDED_FACTOR_PRP_OR_LL_RESULT_AND_NO_ACTIVE_GIMPS_ASSIGNMENT,2026-08-09T02:56:41+00:00,UNALLOCATED,,,,,
SLCMP1467-0631,631,632,509030791,2^509030791-1,STRUCTURAL_SCREEN_EXHAUSTED_PRIMALITY_UNASSIGNED,GF3A_DIRECTIONAL_WRITE_EXHAUSTED_PRIMALITY_UNASSIGNED,514,512,512,NO_RECORDED_FACTOR_PRP_OR_LL_RESULT_AND_NO_ACTIVE_GIMPS_ASSIGNMENT,2026-08-09T02:56:41+00:00,UNALLOCATED,,,,,
SLCMP1467-0632,632,633,509030869,2^509030869-1,STRUCTURAL_SCREEN_EXHAUSTED_PRIMALITY_UNASSIGNED,GF3A_DIRECTIONAL_WRITE_EXHAUSTED_PRIMALITY_UNASSIGNED,513,512,512,NO_RECORDED_FACTOR_PRP_OR_LL_RESULT_AND_NO_ACTIVE_GIMPS_ASSIGNMENT,2026-08-09T02:56:41+00:00,UNALLOCATED,,,,,
SLCMP1467-0633,633,634,509030887,2^509030887-1,STRUCTURAL_SCREEN_EXHAUSTED_PRIMALITY_UNASSIGNED,GF3A_DIRECTIONAL_WRITE_EXHAUSTED_PRIMALITY_UNASSIGNED,514,512,512,NO_RECORDED_FACTOR_PRP_OR_LL_RESULT_AND_NO_ACTIVE_GIMPS_ASSIGNMENT,2026-08-09T02:56:41+00:00,UNALLOCATED,,,,,
SLCMP1467-0634,634,635,509030911,2^509030911-1,STRUCTURAL_SCREEN_EXHAUSTED_PRIMALITY_UNASSIGNED,GF3A_DIRECTIONAL_WRITE_EXHAUSTED_PRIMALITY_UNASSIGNED,514,512,512,NO_RECORDED_FACTOR_PRP_OR_LL_RESULT_AND_NO_ACTIVE_GIMPS_ASSIGNMENT,2026-08-09T02:56:41+00:00,UNALLOCATED,,,,,
SLCMP1467-0635,635,636,509030933,2^509030933-1,STRUCTURAL_SCREEN_EXHAUSTED_PRIMALITY_UNASSIGNED,GF3A_DIRECTIONAL_WRITE_EXHAUSTED_PRIMALITY_UNASSIGNED,513,512,512,NO_RECORDED_FACTOR_PRP_OR_LL_RESULT_AND_NO_ACTIVE_GIMPS_ASSIGNMENT,2026-08-09T02:56:41+00:00,UNALLOCATED,,,,,
SLCMP1467-0636,636,637,509030999,2^509030999-1,STRUCTURAL_SCREEN_EXHAUSTED_PRIMALITY_UNASSIGNED,GF3A_DIRECTIONAL_WRITE_EXHAUSTED_PRIMALITY_UNASSIGNED,514,512,512,NO_RECORDED_FACTOR_PRP_OR_LL_RESULT_AND_NO_ACTIVE_GIMPS_ASSIGNMENT,2026-08-09T02:56:41+00:00,UNALLOCATED,,,,,
SLCMP1467-0637,637,638,509031001,2^509031001-1,STRUCTURAL_SCREEN_EXHAUSTED_PRIMALITY_UNASSIGNED,GF3A_DIRECTIONAL_WRITE_EXHAUSTED_PRIMALITY_UNASSIGNED,513,512,512,NO_RECORDED_FACTOR_PRP_OR_LL_RESULT_AND_NO_ACTIVE_GIMPS_ASSIGNMENT,2026-08-09T02:56:41+00:00,UNALLOCATED,,,,,
SLCMP1467-0638,638,639,509031041,2^509031041-1,STRUCTURAL_SCREEN_EXHAUSTED_PRIMALITY_UNASSIGNED,GF3A_DIRECTIONAL_WRITE_EXHAUSTED_PRIMALITY_UNASSIGNED,513,512,512,NO_RECORDED_FACTOR_PRP_OR_LL_RESULT_AND_NO_ACTIVE_GIMPS_ASSIGNMENT,2026-08-09T02:56:41+00:00,UNALLOCATED,,,,,
SLCMP1467-0639,639,640,509031097,2^509031097-1,STRUCTURAL_SCREEN_EXHAUSTED_PRIMALITY_UNASSIGNED,GF3A_DIRECTIONAL_WRITE_EXHAUSTED_PRIMALITY_UNASSIGNED,513,512,512,NO_RECORDED_FACTOR_PRP_OR_LL_RESULT_AND_NO_ACTIVE_GIMPS_ASSIGNMENT,2026-08-09T02:56:41+00:00,UNALLOCATED,,,,,
SLCMP1467-0640,640,641,509031151,2^509031151-1,STRUCTURAL_SCREEN_EXHAUSTED_PRIMALITY_UNASSIGNED,GF3A_DIRECTIONAL_WRITE_EXHAUSTED_PRIMALITY_UNASSIGNED,514,512,512,NO_RECORDED_FACTOR_PRP_OR_LL_RESULT_AND_NO_ACTIVE_GIMPS_ASSIGNMENT,2026-08-09T02:56:41+00:00,UNALLOCATED,,,,,
SLCMP1467-0641,641,642,509031179,2^509031179-1,STRUCTURAL_SCREEN_EXHAUSTED_PRIMALITY_UNASSIGNED,GF3A_DIRECTIONAL_WRITE_EXHAUSTED_PRIMALITY_UNASSIGNED,514,512,512,NO_RECORDED_FACTOR_PRP_OR_LL_RESULT_AND_NO_ACTIVE_GIMPS_ASSIGNMENT,2026-08-09T02:56:41+00:00,UNALLOCATED,,,,,
SLCMP1467-0642,642,643,509031241,2^509031241-1,STRUCTURAL_SCREEN_EXHAUSTED_PRIMALITY_UNASSIGNED,GF3A_DIRECTIONAL_WRITE_EXHAUSTED_PRIMALITY_UNASSIGNED,513,512,512,NO_RECORDED_FACTOR_PRP_OR_LL_RESULT_AND_NO_ACTIVE_GIMPS_ASSIGNMENT,2026-08-09T02:56:41+00:00,UNALLOCATED,,,,,
SLCMP1467-0643,643,644,509031247,2^509031247-1,STRUCTURAL_SCREEN_EXHAUSTED_PRIMALITY_UNASSIGNED,GF3A_DIRECTIONAL_WRITE_EXHAUSTED_PRIMALITY_UNASSIGNED,514,512,512,NO_RECORDED_FACTOR_PRP_OR_LL_RESULT_AND_NO_ACTIVE_GIMPS_ASSIGNMENT,2026-08-09T02:56:41+00:00,UNALLOCATED,,,,,
SLCMP1467-0644,644,645,509031293,2^509031293-1,STRUCTURAL_SCREEN_EXHAUSTED_PRIMALITY_UNASSIGNED,GF3A_DIRECTIONAL_WRITE_EXHAUSTED_PRIMALITY_UNASSIGNED,513,512,512,NO_RECORDED_FACTOR_PRP_OR_LL_RESULT_AND_NO_ACTIVE_GIMPS_ASSIGNMENT,2026-08-09T02:56:41+00:00,UNALLOCATED,,,,,
SLCMP1467-0645,645,646,509031301,2^509031301-1,STRUCTURAL_SCREEN_EXHAUSTED_PRIMALITY_UNASSIGNED,GF3A_DIRECTIONAL_WRITE_EXHAUSTED_PRIMALITY_UNASSIGNED,513,512,512,NO_RECORDED_FACTOR_PRP_OR_LL_RESULT_AND_NO_ACTIVE_GIMPS_ASSIGNMENT,2026-08-09T02:56:41+00:00,UNALLOCATED,,,,,
SLCMP1467-0646,646,647,509031349,2^509031349-1,STRUCTURAL_SCREEN_EXHAUSTED_PRIMALITY_UNASSIGNED,GF3A_DIRECTIONAL_WRITE_EXHAUSTED_PRIMALITY_UNASSIGNED,513,512,512,NO_RECORDED_FACTOR_PRP_OR_LL_RESULT_AND_NO_ACTIVE_GIMPS_ASSIGNMENT,2026-08-09T02:56:41+00:00,UNALLOCATED,,,,,
SLCMP1467-0647,647,648,509031431,2^509031431-1,STRUCTURAL_SCREEN_EXHAUSTED_PRIMALITY_UNASSIGNED,GF3A_DIRECTIONAL_WRITE_EXHAUSTED_PRIMALITY_UNASSIGNED,514,512,512,NO_RECORDED_FACTOR_PRP_OR_LL_RESULT_AND_NO_ACTIVE_GIMPS_ASSIGNMENT,2026-08-09T02:56:41+00:00,UNALLOCATED,,,,,
SLCMP1467-0648,648,649,509031541,2^509031541-1,STRUCTURAL_SCREEN_EXHAUSTED_PRIMALITY_UNASSIGNED,GF3A_DIRECTIONAL_WRITE_EXHAUSTED_PRIMALITY_UNASSIGNED,513,512,512,NO_RECORDED_FACTOR_PRP_OR_LL_RESULT_AND_NO_ACTIVE_GIMPS_ASSIGNMENT,2026-08-09T02:56:41+00:00,UNALLOCATED,,,,,
SLCMP1467-0649,649,650,509031553,2^509031553-1,STRUCTURAL_SCREEN_EXHAUSTED_PRIMALITY_UNASSIGNED,GF3A_DIRECTIONAL_WRITE_EXHAUSTED_PRIMALITY_UNASSIGNED,513,512,512,NO_RECORDED_FACTOR_PRP_OR_LL_RESULT_AND_NO_ACTIVE_GIMPS_ASSIGNMENT,2026-08-09T02:56:41+00:00,UNALLOCATED,,,,,
SLCMP1467-0650,650,651,509031623,2^509031623-1,STRUCTURAL_SCREEN_EXHAUSTED_PRIMALITY_UNASSIGNED,GF3A_DIRECTIONAL_WRITE_EXHAUSTED_PRIMALITY_UNASSIGNED,514,512,512,NO_RECORDED_FACTOR_PRP_OR_LL_RESULT_AND_NO_ACTIVE_GIMPS_ASSIGNMENT,2026-08-09T02:56:41+00:00,UNALLOCATED,,,,,
SLCMP1467-0651,651,652,509031631,2^509031631-1,STRUCTURAL_SCREEN_EXHAUSTED_PRIMALITY_UNASSIGNED,GF3A_DIRECTIONAL_WRITE_EXHAUSTED_PRIMALITY_UNASSIGNED,514,512,512,NO_RECORDED_FACTOR_PRP_OR_LL_RESULT_AND_NO_ACTIVE_GIMPS_ASSIGNMENT,2026-08-09T02:56:41+00:00,UNALLOCATED,,,,,
SLCMP1467-0652,652,653,509031671,2^509031671-1,STRUCTURAL_SCREEN_EXHAUSTED_PRIMALITY_UNASSIGNED,GF3A_DIRECTIONAL_WRITE_EXHAUSTED_PRIMALITY_UNASSIGNED,514,512,512,NO_RECORDED_FACTOR_PRP_OR_LL_RESULT_AND_NO_ACTIVE_GIMPS_ASSIGNMENT,2026-08-09T02:56:41+00:00,UNALLOCATED,,,,,
SLCMP1467-0653,653,654,509031683,2^509031683-1,STRUCTURAL_SCREEN_EXHAUSTED_PRIMALITY_UNASSIGNED,GF3A_DIRECTIONAL_WRITE_EXHAUSTED_PRIMALITY_UNASSIGNED,514,512,512,NO_RECORDED_FACTOR_PRP_OR_LL_RESULT_AND_NO_ACTIVE_GIMPS_ASSIGNMENT,2026-08-09T02:56:41+00:00,UNALLOCATED,,,,,
SLCMP1467-0654,654,655,509031739,2^509031739-1,STRUCTURAL_SCREEN_EXHAUSTED_PRIMALITY_UNASSIGNED,GF3A_DIRECTIONAL_WRITE_EXHAUSTED_PRIMALITY_UNASSIGNED,514,512,512,NO_RECORDED_FACTOR_PRP_OR_LL_RESULT_AND_NO_ACTIVE_GIMPS_ASSIGNMENT,2026-08-09T02:56:41+00:00,UNALLOCATED,,,,,
SLCMP1467-0655,655,656,509031767,2^509031767-1,STRUCTURAL_SCREEN_EXHAUSTED_PRIMALITY_UNASSIGNED,GF3A_DIRECTIONAL_WRITE_EXHAUSTED_PRIMALITY_UNASSIGNED,514,512,512,NO_RECORDED_FACTOR_PRP_OR_LL_RESULT_AND_NO_ACTIVE_GIMPS_ASSIGNMENT,2026-08-09T02:56:41+00:00,UNALLOCATED,,,,,
SLCMP1467-0656,656,657,509031773,2^509031773-1,STRUCTURAL_SCREEN_EXHAUSTED_PRIMALITY_UNASSIGNED,GF3A_DIRECTIONAL_WRITE_EXHAUSTED_PRIMALITY_UNASSIGNED,513,512,512,NO_RECORDED_FACTOR_PRP_OR_LL_RESULT_AND_NO_ACTIVE_GIMPS_ASSIGNMENT,2026-08-09T02:56:41+00:00,UNALLOCATED,,,,,
SLCMP1467-0657,657,658,509031917,2^509031917-1,STRUCTURAL_SCREEN_EXHAUSTED_PRIMALITY_UNASSIGNED,GF3A_DIRECTIONAL_WRITE_EXHAUSTED_PRIMALITY_UNASSIGNED,513,512,512,NO_RECORDED_FACTOR_PRP_OR_LL_RESULT_AND_NO_ACTIVE_GIMPS_ASSIGNMENT,2026-08-09T02:56:41+00:00,UNALLOCATED,,,,,
SLCMP1467-0658,658,659,509031967,2^509031967-1,STRUCTURAL_SCREEN_EXHAUSTED_PRIMALITY_UNASSIGNED,GF3A_DIRECTIONAL_WRITE_EXHAUSTED_PRIMALITY_UNASSIGNED,514,512,512,NO_RECORDED_FACTOR_PRP_OR_LL_RESULT_AND_NO_ACTIVE_GIMPS_ASSIGNMENT,2026-08-09T02:56:41+00:00,UNALLOCATED,,,,,
SLCMP1467-0659,659,660,509031973,2^509031973-1,STRUCTURAL_SCREEN_EXHAUSTED_PRIMALITY_UNASSIGNED,GF3A_DIRECTIONAL_WRITE_EXHAUSTED_PRIMALITY_UNASSIGNED,513,512,512,NO_RECORDED_FACTOR_PRP_OR_LL_RESULT_AND_NO_ACTIVE_GIMPS_ASSIGNMENT,2026-08-09T02:56:41+00:00,UNALLOCATED,,,,,
SLCMP1467-0660,660,661,509032133,2^509032133-1,STRUCTURAL_SCREEN_EXHAUSTED_PRIMALITY_UNASSIGNED,GF3A_DIRECTIONAL_WRITE_EXHAUSTED_PRIMALITY_UNASSIGNED,513,512,512,NO_RECORDED_FACTOR_PRP_OR_LL_RESULT_AND_NO_ACTIVE_GIMPS_ASSIGNMENT,2026-08-09T02:56:41+00:00,UNALLOCATED,,,,,
SLCMP1467-0661,661,662,509032141,2^509032141-1,STRUCTURAL_SCREEN_EXHAUSTED_PRIMALITY_UNASSIGNED,GF3A_DIRECTIONAL_WRITE_EXHAUSTED_PRIMALITY_UNASSIGNED,513,512,512,NO_RECORDED_FACTOR_PRP_OR_LL_RESULT_AND_NO_ACTIVE_GIMPS_ASSIGNMENT,2026-08-09T02:56:41+00:00,UNALLOCATED,,,,,
SLCMP1467-0662,662,663,509032169,2^509032169-1,STRUCTURAL_SCREEN_EXHAUSTED_PRIMALITY_UNASSIGNED,GF3A_DIRECTIONAL_WRITE_EXHAUSTED_PRIMALITY_UNASSIGNED,513,512,512,NO_RECORDED_FACTOR_PRP_OR_LL_RESULT_AND_NO_ACTIVE_GIMPS_ASSIGNMENT,2026-08-09T02:56:41+00:00,UNALLOCATED,,,,,
SLCMP1467-0663,663,664,509032171,2^509032171-1,STRUCTURAL_SCREEN_EXHAUSTED_PRIMALITY_UNASSIGNED,GF3A_DIRECTIONAL_WRITE_EXHAUSTED_PRIMALITY_UNASSIGNED,514,512,512,NO_RECORDED_FACTOR_PRP_OR_LL_RESULT_AND_NO_ACTIVE_GIMPS_ASSIGNMENT,2026-08-09T02:56:41+00:00,UNALLOCATED,,,,,
SLCMP1467-0664,664,665,509032177,2^509032177-1,STRUCTURAL_SCREEN_EXHAUSTED_PRIMALITY_UNASSIGNED,GF3A_DIRECTIONAL_WRITE_EXHAUSTED_PRIMALITY_UNASSIGNED,513,512,512,NO_RECORDED_FACTOR_PRP_OR_LL_RESULT_AND_NO_ACTIVE_GIMPS_ASSIGNMENT,2026-08-09T02:56:41+00:00,UNALLOCATED,,,,,
SLCMP1467-0665,665,666,509032219,2^509032219-1,STRUCTURAL_SCREEN_EXHAUSTED_PRIMALITY_UNASSIGNED,GF3A_DIRECTIONAL_WRITE_EXHAUSTED_PRIMALITY_UNASSIGNED,514,512,512,NO_RECORDED_FACTOR_PRP_OR_LL_RESULT_AND_NO_ACTIVE_GIMPS_ASSIGNMENT,2026-08-09T02:56:41+00:00,UNALLOCATED,,,,,
SLCMP1467-0666,666,667,509032379,2^509032379-1,STRUCTURAL_SCREEN_EXHAUSTED_PRIMALITY_UNASSIGNED,GF3A_DIRECTIONAL_WRITE_EXHAUSTED_PRIMALITY_UNASSIGNED,514,512,512,NO_RECORDED_FACTOR_PRP_OR_LL_RESULT_AND_NO_ACTIVE_GIMPS_ASSIGNMENT,2026-08-09T02:56:41+00:00,UNALLOCATED,,,,,
SLCMP1467-0667,667,668,509032397,2^509032397-1,STRUCTURAL_SCREEN_EXHAUSTED_PRIMALITY_UNASSIGNED,GF3A_DIRECTIONAL_WRITE_EXHAUSTED_PRIMALITY_UNASSIGNED,513,512,512,NO_RECORDED_FACTOR_PRP_OR_LL_RESULT_AND_NO_ACTIVE_GIMPS_ASSIGNMENT,2026-08-09T02:56:41+00:00,UNALLOCATED,,,,,
SLCMP1467-0668,668,669,509032501,2^509032501-1,STRUCTURAL_SCREEN_EXHAUSTED_PRIMALITY_UNASSIGNED,GF3A_DIRECTIONAL_WRITE_EXHAUSTED_PRIMALITY_UNASSIGNED,513,512,512,NO_RECORDED_FACTOR_PRP_OR_LL_RESULT_AND_NO_ACTIVE_GIMPS_ASSIGNMENT,2026-08-09T02:56:41+00:00,UNALLOCATED,,,,,
SLCMP1467-0669,669,670,509032519,2^509032519-1,STRUCTURAL_SCREEN_EXHAUSTED_PRIMALITY_UNASSIGNED,GF3A_DIRECTIONAL_WRITE_EXHAUSTED_PRIMALITY_UNASSIGNED,514,512,512,NO_RECORDED_FACTOR_PRP_OR_LL_RESULT_AND_NO_ACTIVE_GIMPS_ASSIGNMENT,2026-08-09T02:56:41+00:00,UNALLOCATED,,,,,
SLCMP1467-0670,670,671,509032543,2^509032543-1,STRUCTURAL_SCREEN_EXHAUSTED_PRIMALITY_UNASSIGNED,GF3A_DIRECTIONAL_WRITE_EXHAUSTED_PRIMALITY_UNASSIGNED,514,512,512,NO_RECORDED_FACTOR_PRP_OR_LL_RESULT_AND_NO_ACTIVE_GIMPS_ASSIGNMENT,2026-08-09T02:56:41+00:00,UNALLOCATED,,,,,
SLCMP1467-0671,671,672,509032597,2^509032597-1,STRUCTURAL_SCREEN_EXHAUSTED_PRIMALITY_UNASSIGNED,GF3A_DIRECTIONAL_WRITE_EXHAUSTED_PRIMALITY_UNASSIGNED,513,512,512,NO_RECORDED_FACTOR_PRP_OR_LL_RESULT_AND_NO_ACTIVE_GIMPS_ASSIGNMENT,2026-08-09T02:56:41+00:00,UNALLOCATED,,,,,
SLCMP1467-0672,672,673,509032639,2^509032639-1,STRUCTURAL_SCREEN_EXHAUSTED_PRIMALITY_UNASSIGNED,GF3A_DIRECTIONAL_WRITE_EXHAUSTED_PRIMALITY_UNASSIGNED,514,512,512,NO_RECORDED_FACTOR_PRP_OR_LL_RESULT_AND_NO_ACTIVE_GIMPS_ASSIGNMENT,2026-08-09T02:56:41+00:00,UNALLOCATED,,,,,
SLCMP1467-0673,673,674,509032673,2^509032673-1,STRUCTURAL_SCREEN_EXHAUSTED_PRIMALITY_UNASSIGNED,GF3A_DIRECTIONAL_WRITE_EXHAUSTED_PRIMALITY_UNASSIGNED,513,512,512,NO_RECORDED_FACTOR_PRP_OR_LL_RESULT_AND_NO_ACTIVE_GIMPS_ASSIGNMENT,2026-08-09T02:56:41+00:00,UNALLOCATED,,,,,
SLCMP1467-0674,674,675,509032687,2^509032687-1,STRUCTURAL_SCREEN_EXHAUSTED_PRIMALITY_UNASSIGNED,GF3A_DIRECTIONAL_WRITE_EXHAUSTED_PRIMALITY_UNASSIGNED,514,512,512,NO_RECORDED_FACTOR_PRP_OR_LL_RESULT_AND_NO_ACTIVE_GIMPS_ASSIGNMENT,2026-08-09T02:56:41+00:00,UNALLOCATED,,,,,
SLCMP1467-0675,675,676,509032697,2^509032697-1,STRUCTURAL_SCREEN_EXHAUSTED_PRIMALITY_UNASSIGNED,GF3A_DIRECTIONAL_WRITE_EXHAUSTED_PRIMALITY_UNASSIGNED,513,512,512,NO_RECORDED_FACTOR_PRP_OR_LL_RESULT_AND_NO_ACTIVE_GIMPS_ASSIGNMENT,2026-08-09T02:56:41+00:00,UNALLOCATED,,,,,
SLCMP1467-0676,676,677,509032721,2^509032721-1,STRUCTURAL_SCREEN_EXHAUSTED_PRIMALITY_UNASSIGNED,GF3A_DIRECTIONAL_WRITE_EXHAUSTED_PRIMALITY_UNASSIGNED,513,512,512,NO_RECORDED_FACTOR_PRP_OR_LL_RESULT_AND_NO_ACTIVE_GIMPS_ASSIGNMENT,2026-08-09T02:56:41+00:00,UNALLOCATED,,,,,
SLCMP1467-0677,677,678,509032759,2^509032759-1,STRUCTURAL_SCREEN_EXHAUSTED_PRIMALITY_UNASSIGNED,GF3A_DIRECTIONAL_WRITE_EXHAUSTED_PRIMALITY_UNASSIGNED,514,512,512,NO_RECORDED_FACTOR_PRP_OR_LL_RESULT_AND_NO_ACTIVE_GIMPS_ASSIGNMENT,2026-08-09T02:56:41+00:00,UNALLOCATED,,,,,
SLCMP1467-0678,678,679,509032847,2^509032847-1,STRUCTURAL_SCREEN_EXHAUSTED_PRIMALITY_UNASSIGNED,GF3A_DIRECTIONAL_WRITE_EXHAUSTED_PRIMALITY_UNASSIGNED,514,512,512,NO_RECORDED_FACTOR_PRP_OR_LL_RESULT_AND_NO_ACTIVE_GIMPS_ASSIGNMENT,2026-08-09T02:56:41+00:00,UNALLOCATED,,,,,
SLCMP1467-0679,679,680,509032883,2^509032883-1,STRUCTURAL_SCREEN_EXHAUSTED_PRIMALITY_UNASSIGNED,GF3A_DIRECTIONAL_WRITE_EXHAUSTED_PRIMALITY_UNASSIGNED,514,512,512,NO_RECORDED_FACTOR_PRP_OR_LL_RESULT_AND_NO_ACTIVE_GIMPS_ASSIGNMENT,2026-08-09T02:56:41+00:00,UNALLOCATED,,,,,
SLCMP1467-0680,680,681,509032913,2^509032913-1,STRUCTURAL_SCREEN_EXHAUSTED_PRIMALITY_UNASSIGNED,GF3A_DIRECTIONAL_WRITE_EXHAUSTED_PRIMALITY_UNASSIGNED,513,512,512,NO_RECORDED_FACTOR_PRP_OR_LL_RESULT_AND_NO_ACTIVE_GIMPS_ASSIGNMENT,2026-08-09T02:56:41+00:00,UNALLOCATED,,,,,
SLCMP1467-0681,681,682,509032963,2^509032963-1,STRUCTURAL_SCREEN_EXHAUSTED_PRIMALITY_UNASSIGNED,GF3A_DIRECTIONAL_WRITE_EXHAUSTED_PRIMALITY_UNASSIGNED,514,512,512,NO_RECORDED_FACTOR_PRP_OR_LL_RESULT_AND_NO_ACTIVE_GIMPS_ASSIGNMENT,2026-08-09T02:56:41+00:00,UNALLOCATED,,,,,
SLCMP1467-0682,682,683,509032991,2^509032991-1,STRUCTURAL_SCREEN_EXHAUSTED_PRIMALITY_UNASSIGNED,GF3A_DIRECTIONAL_WRITE_EXHAUSTED_PRIMALITY_UNASSIGNED,514,512,512,NO_RECORDED_FACTOR_PRP_OR_LL_RESULT_AND_NO_ACTIVE_GIMPS_ASSIGNMENT,2026-08-09T02:56:41+00:00,UNALLOCATED,,,,,
SLCMP1467-0683,683,684,509033059,2^509033059-1,STRUCTURAL_SCREEN_EXHAUSTED_PRIMALITY_UNASSIGNED,GF3A_DIRECTIONAL_WRITE_EXHAUSTED_PRIMALITY_UNASSIGNED,514,512,512,NO_RECORDED_FACTOR_PRP_OR_LL_RESULT_AND_NO_ACTIVE_GIMPS_ASSIGNMENT,2026-08-09T02:56:41+00:00,UNALLOCATED,,,,,
SLCMP1467-0684,684,685,509033197,2^509033197-1,STRUCTURAL_SCREEN_EXHAUSTED_PRIMALITY_UNASSIGNED,GF3A_DIRECTIONAL_WRITE_EXHAUSTED_PRIMALITY_UNASSIGNED,513,512,512,NO_RECORDED_FACTOR_PRP_OR_LL_RESULT_AND_NO_ACTIVE_GIMPS_ASSIGNMENT,2026-08-09T02:56:41+00:00,UNALLOCATED,,,,,
SLCMP1467-0685,685,686,509033207,2^509033207-1,STRUCTURAL_SCREEN_EXHAUSTED_PRIMALITY_UNASSIGNED,GF3A_DIRECTIONAL_WRITE_EXHAUSTED_PRIMALITY_UNASSIGNED,514,512,512,NO_RECORDED_FACTOR_PRP_OR_LL_RESULT_AND_NO_ACTIVE_GIMPS_ASSIGNMENT,2026-08-09T02:56:41+00:00,UNALLOCATED,,,,,
SLCMP1467-0686,686,687,509033251,2^509033251-1,STRUCTURAL_SCREEN_EXHAUSTED_PRIMALITY_UNASSIGNED,GF3A_DIRECTIONAL_WRITE_EXHAUSTED_PRIMALITY_UNASSIGNED,514,512,512,NO_RECORDED_FACTOR_PRP_OR_LL_RESULT_AND_NO_ACTIVE_GIMPS_ASSIGNMENT,2026-08-09T02:56:41+00:00,UNALLOCATED,,,,,
SLCMP1467-0687,687,688,509033333,2^509033333-1,STRUCTURAL_SCREEN_EXHAUSTED_PRIMALITY_UNASSIGNED,GF3A_DIRECTIONAL_WRITE_EXHAUSTED_PRIMALITY_UNASSIGNED,513,512,512,NO_RECORDED_FACTOR_PRP_OR_LL_RESULT_AND_NO_ACTIVE_GIMPS_ASSIGNMENT,2026-08-09T02:56:41+00:00,UNALLOCATED,,,,,
SLCMP1467-0688,688,689,509033353,2^509033353-1,STRUCTURAL_SCREEN_EXHAUSTED_PRIMALITY_UNASSIGNED,GF3A_DIRECTIONAL_WRITE_EXHAUSTED_PRIMALITY_UNASSIGNED,513,512,512,NO_RECORDED_FACTOR_PRP_OR_LL_RESULT_AND_NO_ACTIVE_GIMPS_ASSIGNMENT,2026-08-09T02:56:41+00:00,UNALLOCATED,,,,,
SLCMP1467-0689,689,690,509033417,2^509033417-1,STRUCTURAL_SCREEN_EXHAUSTED_PRIMALITY_UNASSIGNED,GF3A_DIRECTIONAL_WRITE_EXHAUSTED_PRIMALITY_UNASSIGNED,513,512,512,NO_RECORDED_FACTOR_PRP_OR_LL_RESULT_AND_NO_ACTIVE_GIMPS_ASSIGNMENT,2026-08-09T02:56:41+00:00,UNALLOCATED,,,,,
SLCMP1467-0690,690,691,509033449,2^509033449-1,STRUCTURAL_SCREEN_EXHAUSTED_PRIMALITY_UNASSIGNED,GF3A_DIRECTIONAL_WRITE_EXHAUSTED_PRIMALITY_UNASSIGNED,513,512,512,NO_RECORDED_FACTOR_PRP_OR_LL_RESULT_AND_NO_ACTIVE_GIMPS_ASSIGNMENT,2026-08-09T02:56:41+00:00,UNALLOCATED,,,,,
SLCMP1467-0691,691,692,509033507,2^509033507-1,STRUCTURAL_SCREEN_EXHAUSTED_PRIMALITY_UNASSIGNED,GF3A_DIRECTIONAL_WRITE_EXHAUSTED_PRIMALITY_UNASSIGNED,514,512,512,NO_RECORDED_FACTOR_PRP_OR_LL_RESULT_AND_NO_ACTIVE_GIMPS_ASSIGNMENT,2026-08-09T02:56:41+00:00,UNALLOCATED,,,,,
SLCMP1467-0692,692,693,509033537,2^509033537-1,STRUCTURAL_SCREEN_EXHAUSTED_PRIMALITY_UNASSIGNED,GF3A_DIRECTIONAL_WRITE_EXHAUSTED_PRIMALITY_UNASSIGNED,513,512,512,NO_RECORDED_FACTOR_PRP_OR_LL_RESULT_AND_NO_ACTIVE_GIMPS_ASSIGNMENT,2026-08-09T02:56:41+00:00,UNALLOCATED,,,,,
SLCMP1467-0693,693,694,509033557,2^509033557-1,STRUCTURAL_SCREEN_EXHAUSTED_PRIMALITY_UNASSIGNED,GF3A_DIRECTIONAL_WRITE_EXHAUSTED_PRIMALITY_UNASSIGNED,513,512,512,NO_RECORDED_FACTOR_PRP_OR_LL_RESULT_AND_NO_ACTIVE_GIMPS_ASSIGNMENT,2026-08-09T02:56:41+00:00,UNALLOCATED,,,,,
SLCMP1467-0694,694,695,509033587,2^509033587-1,STRUCTURAL_SCREEN_EXHAUSTED_PRIMALITY_UNASSIGNED,GF3A_DIRECTIONAL_WRITE_EXHAUSTED_PRIMALITY_UNASSIGNED,514,512,512,NO_RECORDED_FACTOR_PRP_OR_LL_RESULT_AND_NO_ACTIVE_GIMPS_ASSIGNMENT,2026-08-09T02:56:41+00:00,UNALLOCATED,,,,,
SLCMP1467-0695,695,696,509033611,2^509033611-1,STRUCTURAL_SCREEN_EXHAUSTED_PRIMALITY_UNASSIGNED,GF3A_DIRECTIONAL_WRITE_EXHAUSTED_PRIMALITY_UNASSIGNED,514,512,512,NO_RECORDED_FACTOR_PRP_OR_LL_RESULT_AND_NO_ACTIVE_GIMPS_ASSIGNMENT,2026-08-09T02:56:41+00:00,UNALLOCATED,,,,,
SLCMP1467-0696,696,697,509033621,2^509033621-1,STRUCTURAL_SCREEN_EXHAUSTED_PRIMALITY_UNASSIGNED,GF3A_DIRECTIONAL_WRITE_EXHAUSTED_PRIMALITY_UNASSIGNED,513,512,512,NO_RECORDED_FACTOR_PRP_OR_LL_RESULT_AND_NO_ACTIVE_GIMPS_ASSIGNMENT,2026-08-09T02:56:41+00:00,UNALLOCATED,,,,,
SLCMP1467-0697,697,698,509033633,2^509033633-1,STRUCTURAL_SCREEN_EXHAUSTED_PRIMALITY_UNASSIGNED,GF3A_DIRECTIONAL_WRITE_EXHAUSTED_PRIMALITY_UNASSIGNED,513,512,512,NO_RECORDED_FACTOR_PRP_OR_LL_RESULT_AND_NO_ACTIVE_GIMPS_ASSIGNMENT,2026-08-09T02:56:41+00:00,UNALLOCATED,,,,,
SLCMP1467-0698,698,699,509033689,2^509033689-1,STRUCTURAL_SCREEN_EXHAUSTED_PRIMALITY_UNASSIGNED,GF3A_DIRECTIONAL_WRITE_EXHAUSTED_PRIMALITY_UNASSIGNED,513,512,512,NO_RECORDED_FACTOR_PRP_OR_LL_RESULT_AND_NO_ACTIVE_GIMPS_ASSIGNMENT,2026-08-09T02:56:41+00:00,UNALLOCATED,,,,,
SLCMP1467-0699,699,700,509033729,2^509033729-1,STRUCTURAL_SCREEN_EXHAUSTED_PRIMALITY_UNASSIGNED,GF3A_DIRECTIONAL_WRITE_EXHAUSTED_PRIMALITY_UNASSIGNED,513,512,512,NO_RECORDED_FACTOR_PRP_OR_LL_RESULT_AND_NO_ACTIVE_GIMPS_ASSIGNMENT,2026-08-09T02:56:41+00:00,UNALLOCATED,,,,,
SLCMP1467-0700,700,701,509033761,2^509033761-1,STRUCTURAL_SCREEN_EXHAUSTED_PRIMALITY_UNASSIGNED,GF3A_DIRECTIONAL_WRITE_EXHAUSTED_PRIMALITY_UNASSIGNED,513,512,512,NO_RECORDED_FACTOR_PRP_OR_LL_RESULT_AND_NO_ACTIVE_GIMPS_ASSIGNMENT,2026-08-09T02:56:41+00:00,UNALLOCATED,,,,,
SLCMP1467-0701,701,702,509033801,2^509033801-1,STRUCTURAL_SCREEN_EXHAUSTED_PRIMALITY_UNASSIGNED,GF3A_DIRECTIONAL_WRITE_EXHAUSTED_PRIMALITY_UNASSIGNED,513,512,512,NO_RECORDED_FACTOR_PRP_OR_LL_RESULT_AND_NO_ACTIVE_GIMPS_ASSIGNMENT,2026-08-09T02:56:41+00:00,UNALLOCATED,,,,,
SLCMP1467-0702,702,703,509033879,2^509033879-1,STRUCTURAL_SCREEN_EXHAUSTED_PRIMALITY_UNASSIGNED,GF3A_DIRECTIONAL_WRITE_EXHAUSTED_PRIMALITY_UNASSIGNED,514,512,512,NO_RECORDED_FACTOR_PRP_OR_LL_RESULT_AND_NO_ACTIVE_GIMPS_ASSIGNMENT,2026-08-09T02:56:41+00:00,UNALLOCATED,,,,,
SLCMP1467-0703,703,704,509033947,2^509033947-1,STRUCTURAL_SCREEN_EXHAUSTED_PRIMALITY_UNASSIGNED,GF3A_DIRECTIONAL_WRITE_EXHAUSTED_PRIMALITY_UNASSIGNED,514,512,512,NO_RECORDED_FACTOR_PRP_OR_LL_RESULT_AND_NO_ACTIVE_GIMPS_ASSIGNMENT,2026-08-09T02:56:41+00:00,UNALLOCATED,,,,,
SLCMP1467-0704,704,705,509033971,2^509033971-1,STRUCTURAL_SCREEN_EXHAUSTED_PRIMALITY_UNASSIGNED,GF3A_DIRECTIONAL_WRITE_EXHAUSTED_PRIMALITY_UNASSIGNED,514,512,512,NO_RECORDED_FACTOR_PRP_OR_LL_RESULT_AND_NO_ACTIVE_GIMPS_ASSIGNMENT,2026-08-09T02:56:41+00:00,UNALLOCATED,,,,,
SLCMP1467-0705,705,706,509034199,2^509034199-1,STRUCTURAL_SCREEN_EXHAUSTED_PRIMALITY_UNASSIGNED,GF3A_DIRECTIONAL_WRITE_EXHAUSTED_PRIMALITY_UNASSIGNED,514,512,512,NO_RECORDED_FACTOR_PRP_OR_LL_RESULT_AND_NO_ACTIVE_GIMPS_ASSIGNMENT,2026-08-09T02:56:41+00:00,UNALLOCATED,,,,,
SLCMP1467-0706,706,707,509034257,2^509034257-1,STRUCTURAL_SCREEN_EXHAUSTED_PRIMALITY_UNASSIGNED,GF3A_DIRECTIONAL_WRITE_EXHAUSTED_PRIMALITY_UNASSIGNED,513,512,512,NO_RECORDED_FACTOR_PRP_OR_LL_RESULT_AND_NO_ACTIVE_GIMPS_ASSIGNMENT,2026-08-09T02:56:41+00:00,UNALLOCATED,,,,,
SLCMP1467-0707,707,708,509034277,2^509034277-1,STRUCTURAL_SCREEN_EXHAUSTED_PRIMALITY_UNASSIGNED,GF3A_DIRECTIONAL_WRITE_EXHAUSTED_PRIMALITY_UNASSIGNED,513,512,512,NO_RECORDED_FACTOR_PRP_OR_LL_RESULT_AND_NO_ACTIVE_GIMPS_ASSIGNMENT,2026-08-09T02:56:41+00:00,UNALLOCATED,,,,,
SLCMP1467-0708,708,709,509034283,2^509034283-1,STRUCTURAL_SCREEN_EXHAUSTED_PRIMALITY_UNASSIGNED,GF3A_DIRECTIONAL_WRITE_EXHAUSTED_PRIMALITY_UNASSIGNED,514,512,512,NO_RECORDED_FACTOR_PRP_OR_LL_RESULT_AND_NO_ACTIVE_GIMPS_ASSIGNMENT,2026-08-09T02:56:41+00:00,UNALLOCATED,,,,,
SLCMP1467-0709,709,710,509034307,2^509034307-1,STRUCTURAL_SCREEN_EXHAUSTED_PRIMALITY_UNASSIGNED,GF3A_DIRECTIONAL_WRITE_EXHAUSTED_PRIMALITY_UNASSIGNED,514,512,512,NO_RECORDED_FACTOR_PRP_OR_LL_RESULT_AND_NO_ACTIVE_GIMPS_ASSIGNMENT,2026-08-09T02:56:41+00:00,UNALLOCATED,,,,,
SLCMP1467-0710,710,711,509034319,2^509034319-1,STRUCTURAL_SCREEN_EXHAUSTED_PRIMALITY_UNASSIGNED,GF3A_DIRECTIONAL_WRITE_EXHAUSTED_PRIMALITY_UNASSIGNED,514,512,512,NO_RECORDED_FACTOR_PRP_OR_LL_RESULT_AND_NO_ACTIVE_GIMPS_ASSIGNMENT,2026-08-09T02:56:41+00:00,UNALLOCATED,,,,,
SLCMP1467-0711,711,712,509034347,2^509034347-1,STRUCTURAL_SCREEN_EXHAUSTED_PRIMALITY_UNASSIGNED,GF3A_DIRECTIONAL_WRITE_EXHAUSTED_PRIMALITY_UNASSIGNED,514,512,512,NO_RECORDED_FACTOR_PRP_OR_LL_RESULT_AND_NO_ACTIVE_GIMPS_ASSIGNMENT,2026-08-09T02:56:41+00:00,UNALLOCATED,,,,,
SLCMP1467-0712,712,713,509034373,2^509034373-1,STRUCTURAL_SCREEN_EXHAUSTED_PRIMALITY_UNASSIGNED,GF3A_DIRECTIONAL_WRITE_EXHAUSTED_PRIMALITY_UNASSIGNED,513,512,512,NO_RECORDED_FACTOR_PRP_OR_LL_RESULT_AND_NO_ACTIVE_GIMPS_ASSIGNMENT,2026-08-09T02:56:41+00:00,UNALLOCATED,,,,,
SLCMP1467-0713,713,714,509034403,2^509034403-1,STRUCTURAL_SCREEN_EXHAUSTED_PRIMALITY_UNASSIGNED,GF3A_DIRECTIONAL_WRITE_EXHAUSTED_PRIMALITY_UNASSIGNED,514,512,512,NO_RECORDED_FACTOR_PRP_OR_LL_RESULT_AND_NO_ACTIVE_GIMPS_ASSIGNMENT,2026-08-09T02:56:41+00:00,UNALLOCATED,,,,,
SLCMP1467-0714,714,715,509034433,2^509034433-1,STRUCTURAL_SCREEN_EXHAUSTED_PRIMALITY_UNASSIGNED,GF3A_DIRECTIONAL_WRITE_EXHAUSTED_PRIMALITY_UNASSIGNED,513,512,512,NO_RECORDED_FACTOR_PRP_OR_LL_RESULT_AND_NO_ACTIVE_GIMPS_ASSIGNMENT,2026-08-09T02:56:41+00:00,UNALLOCATED,,,,,
SLCMP1467-0715,715,716,509034457,2^509034457-1,STRUCTURAL_SCREEN_EXHAUSTED_PRIMALITY_UNASSIGNED,GF3A_DIRECTIONAL_WRITE_EXHAUSTED_PRIMALITY_UNASSIGNED,513,512,512,NO_RECORDED_FACTOR_PRP_OR_LL_RESULT_AND_NO_ACTIVE_GIMPS_ASSIGNMENT,2026-08-09T02:56:41+00:00,UNALLOCATED,,,,,
SLCMP1467-0716,716,717,509034527,2^509034527-1,STRUCTURAL_SCREEN_EXHAUSTED_PRIMALITY_UNASSIGNED,GF3A_DIRECTIONAL_WRITE_EXHAUSTED_PRIMALITY_UNASSIGNED,514,512,512,NO_RECORDED_FACTOR_PRP_OR_LL_RESULT_AND_NO_ACTIVE_GIMPS_ASSIGNMENT,2026-08-09T02:56:41+00:00,UNALLOCATED,,,,,
SLCMP1467-0717,717,718,509034583,2^509034583-1,STRUCTURAL_SCREEN_EXHAUSTED_PRIMALITY_UNASSIGNED,GF3A_DIRECTIONAL_WRITE_EXHAUSTED_PRIMALITY_UNASSIGNED,514,512,512,NO_RECORDED_FACTOR_PRP_OR_LL_RESULT_AND_NO_ACTIVE_GIMPS_ASSIGNMENT,2026-08-09T02:56:41+00:00,UNALLOCATED,,,,,
SLCMP1467-0718,718,719,509034619,2^509034619-1,STRUCTURAL_SCREEN_EXHAUSTED_PRIMALITY_UNASSIGNED,GF3A_DIRECTIONAL_WRITE_EXHAUSTED_PRIMALITY_UNASSIGNED,514,512,512,NO_RECORDED_FACTOR_PRP_OR_LL_RESULT_AND_NO_ACTIVE_GIMPS_ASSIGNMENT,2026-08-09T02:56:41+00:00,UNALLOCATED,,,,,
SLCMP1467-0719,719,720,509034623,2^509034623-1,STRUCTURAL_SCREEN_EXHAUSTED_PRIMALITY_UNASSIGNED,GF3A_DIRECTIONAL_WRITE_EXHAUSTED_PRIMALITY_UNASSIGNED,514,512,512,NO_RECORDED_FACTOR_PRP_OR_LL_RESULT_AND_NO_ACTIVE_GIMPS_ASSIGNMENT,2026-08-09T02:56:41+00:00,UNALLOCATED,,,,,
SLCMP1467-0720,720,721,509034679,2^509034679-1,STRUCTURAL_SCREEN_EXHAUSTED_PRIMALITY_UNASSIGNED,GF3A_DIRECTIONAL_WRITE_EXHAUSTED_PRIMALITY_UNASSIGNED,514,512,512,NO_RECORDED_FACTOR_PRP_OR_LL_RESULT_AND_NO_ACTIVE_GIMPS_ASSIGNMENT,2026-08-09T02:56:41+00:00,UNALLOCATED,,,,,
SLCMP1467-0721,721,722,509034751,2^509034751-1,STRUCTURAL_SCREEN_EXHAUSTED_PRIMALITY_UNASSIGNED,GF3A_DIRECTIONAL_WRITE_EXHAUSTED_PRIMALITY_UNASSIGNED,514,512,512,NO_RECORDED_FACTOR_PRP_OR_LL_RESULT_AND_NO_ACTIVE_GIMPS_ASSIGNMENT,2026-08-09T02:56:41+00:00,UNALLOCATED,,,,,
SLCMP1467-0722,722,723,509034763,2^509034763-1,STRUCTURAL_SCREEN_EXHAUSTED_PRIMALITY_UNASSIGNED,GF3A_DIRECTIONAL_WRITE_EXHAUSTED_PRIMALITY_UNASSIGNED,514,512,512,NO_RECORDED_FACTOR_PRP_OR_LL_RESULT_AND_NO_ACTIVE_GIMPS_ASSIGNMENT,2026-08-09T02:56:41+00:00,UNALLOCATED,,,,,
SLCMP1467-0723,723,724,509034811,2^509034811-1,STRUCTURAL_SCREEN_EXHAUSTED_PRIMALITY_UNASSIGNED,GF3A_DIRECTIONAL_WRITE_EXHAUSTED_PRIMALITY_UNASSIGNED,514,512,512,NO_RECORDED_FACTOR_PRP_OR_LL_RESULT_AND_NO_ACTIVE_GIMPS_ASSIGNMENT,2026-08-09T02:56:41+00:00,UNALLOCATED,,,,,
SLCMP1467-0724,724,725,509034821,2^509034821-1,STRUCTURAL_SCREEN_EXHAUSTED_PRIMALITY_UNASSIGNED,GF3A_DIRECTIONAL_WRITE_EXHAUSTED_PRIMALITY_UNASSIGNED,513,512,512,NO_RECORDED_FACTOR_PRP_OR_LL_RESULT_AND_NO_ACTIVE_GIMPS_ASSIGNMENT,2026-08-09T02:56:41+00:00,UNALLOCATED,,,,,
SLCMP1467-0725,725,726,509034839,2^509034839-1,STRUCTURAL_SCREEN_EXHAUSTED_PRIMALITY_UNASSIGNED,GF3A_DIRECTIONAL_WRITE_EXHAUSTED_PRIMALITY_UNASSIGNED,514,512,512,NO_RECORDED_FACTOR_PRP_OR_LL_RESULT_AND_NO_ACTIVE_GIMPS_ASSIGNMENT,2026-08-09T02:56:41+00:00,UNALLOCATED,,,,,
SLCMP1467-0726,726,727,509034881,2^509034881-1,STRUCTURAL_SCREEN_EXHAUSTED_PRIMALITY_UNASSIGNED,GF3A_DIRECTIONAL_WRITE_EXHAUSTED_PRIMALITY_UNASSIGNED,513,512,512,NO_RECORDED_FACTOR_PRP_OR_LL_RESULT_AND_NO_ACTIVE_GIMPS_ASSIGNMENT,2026-08-09T02:56:41+00:00,UNALLOCATED,,,,,
SLCMP1467-0727,727,728,509034899,2^509034899-1,STRUCTURAL_SCREEN_EXHAUSTED_PRIMALITY_UNASSIGNED,GF3A_DIRECTIONAL_WRITE_EXHAUSTED_PRIMALITY_UNASSIGNED,514,512,512,NO_RECORDED_FACTOR_PRP_OR_LL_RESULT_AND_NO_ACTIVE_GIMPS_ASSIGNMENT,2026-08-09T02:56:41+00:00,UNALLOCATED,,,,,
SLCMP1467-0728,728,729,509034907,2^509034907-1,STRUCTURAL_SCREEN_EXHAUSTED_PRIMALITY_UNASSIGNED,GF3A_DIRECTIONAL_WRITE_EXHAUSTED_PRIMALITY_UNASSIGNED,514,512,512,NO_RECORDED_FACTOR_PRP_OR_LL_RESULT_AND_NO_ACTIVE_GIMPS_ASSIGNMENT,2026-08-09T02:56:41+00:00,UNALLOCATED,,,,,
SLCMP1467-0729,729,730,509034971,2^509034971-1,STRUCTURAL_SCREEN_EXHAUSTED_PRIMALITY_UNASSIGNED,GF3A_DIRECTIONAL_WRITE_EXHAUSTED_PRIMALITY_UNASSIGNED,514,512,512,NO_RECORDED_FACTOR_PRP_OR_LL_RESULT_AND_NO_ACTIVE_GIMPS_ASSIGNMENT,2026-08-09T02:56:41+00:00,UNALLOCATED,,,,,
SLCMP1467-0730,730,731,509035001,2^509035001-1,STRUCTURAL_SCREEN_EXHAUSTED_PRIMALITY_UNASSIGNED,GF3A_DIRECTIONAL_WRITE_EXHAUSTED_PRIMALITY_UNASSIGNED,513,512,512,NO_RECORDED_FACTOR_PRP_OR_LL_RESULT_AND_NO_ACTIVE_GIMPS_ASSIGNMENT,2026-08-09T02:56:41+00:00,UNALLOCATED,,,,,
SLCMP1467-0731,731,732,509035073,2^509035073-1,STRUCTURAL_SCREEN_EXHAUSTED_PRIMALITY_UNASSIGNED,GF3A_DIRECTIONAL_WRITE_EXHAUSTED_PRIMALITY_UNASSIGNED,513,512,512,NO_RECORDED_FACTOR_PRP_OR_LL_RESULT_AND_NO_ACTIVE_GIMPS_ASSIGNMENT,2026-08-09T02:56:41+00:00,UNALLOCATED,,,,,
SLCMP1467-0732,732,733,509035091,2^509035091-1,STRUCTURAL_SCREEN_EXHAUSTED_PRIMALITY_UNASSIGNED,GF3A_DIRECTIONAL_WRITE_EXHAUSTED_PRIMALITY_UNASSIGNED,514,512,512,NO_RECORDED_FACTOR_PRP_OR_LL_RESULT_AND_NO_ACTIVE_GIMPS_ASSIGNMENT,2026-08-09T02:56:41+00:00,UNALLOCATED,,,,,
SLCMP1467-0733,733,734,509035151,2^509035151-1,STRUCTURAL_SCREEN_EXHAUSTED_PRIMALITY_UNASSIGNED,GF3A_DIRECTIONAL_WRITE_EXHAUSTED_PRIMALITY_UNASSIGNED,514,512,512,NO_RECORDED_FACTOR_PRP_OR_LL_RESULT_AND_NO_ACTIVE_GIMPS_ASSIGNMENT,2026-08-09T02:56:41+00:00,UNALLOCATED,,,,,
SLCMP1467-0734,734,735,509035201,2^509035201-1,STRUCTURAL_SCREEN_EXHAUSTED_PRIMALITY_UNASSIGNED,GF3A_DIRECTIONAL_WRITE_EXHAUSTED_PRIMALITY_UNASSIGNED,513,512,512,NO_RECORDED_FACTOR_PRP_OR_LL_RESULT_AND_NO_ACTIVE_GIMPS_ASSIGNMENT,2026-08-09T02:56:41+00:00,UNALLOCATED,,,,,
SLCMP1467-0735,735,736,509035237,2^509035237-1,STRUCTURAL_SCREEN_EXHAUSTED_PRIMALITY_UNASSIGNED,GF3A_DIRECTIONAL_WRITE_EXHAUSTED_PRIMALITY_UNASSIGNED,513,512,512,NO_RECORDED_FACTOR_PRP_OR_LL_RESULT_AND_NO_ACTIVE_GIMPS_ASSIGNMENT,2026-08-09T02:56:41+00:00,UNALLOCATED,,,,,
SLCMP1467-0736,736,737,509035243,2^509035243-1,STRUCTURAL_SCREEN_EXHAUSTED_PRIMALITY_UNASSIGNED,GF3A_DIRECTIONAL_WRITE_EXHAUSTED_PRIMALITY_UNASSIGNED,514,512,512,NO_RECORDED_FACTOR_PRP_OR_LL_RESULT_AND_NO_ACTIVE_GIMPS_ASSIGNMENT,2026-08-09T02:56:41+00:00,UNALLOCATED,,,,,
SLCMP1467-0737,737,738,509035271,2^509035271-1,STRUCTURAL_SCREEN_EXHAUSTED_PRIMALITY_UNASSIGNED,GF3A_DIRECTIONAL_WRITE_EXHAUSTED_PRIMALITY_UNASSIGNED,514,512,512,NO_RECORDED_FACTOR_PRP_OR_LL_RESULT_AND_NO_ACTIVE_GIMPS_ASSIGNMENT,2026-08-09T02:56:41+00:00,UNALLOCATED,,,,,
SLCMP1467-0738,738,739,509035309,2^509035309-1,STRUCTURAL_SCREEN_EXHAUSTED_PRIMALITY_UNASSIGNED,GF3A_DIRECTIONAL_WRITE_EXHAUSTED_PRIMALITY_UNASSIGNED,513,512,512,NO_RECORDED_FACTOR_PRP_OR_LL_RESULT_AND_NO_ACTIVE_GIMPS_ASSIGNMENT,2026-08-09T02:56:41+00:00,UNALLOCATED,,,,,
SLCMP1467-0739,739,740,509035357,2^509035357-1,STRUCTURAL_SCREEN_EXHAUSTED_PRIMALITY_UNASSIGNED,GF3A_DIRECTIONAL_WRITE_EXHAUSTED_PRIMALITY_UNASSIGNED,513,512,512,NO_RECORDED_FACTOR_PRP_OR_LL_RESULT_AND_NO_ACTIVE_GIMPS_ASSIGNMENT,2026-08-09T02:56:41+00:00,UNALLOCATED,,,,,
SLCMP1467-0740,740,741,509035363,2^509035363-1,STRUCTURAL_SCREEN_EXHAUSTED_PRIMALITY_UNASSIGNED,GF3A_DIRECTIONAL_WRITE_EXHAUSTED_PRIMALITY_UNASSIGNED,514,512,512,NO_RECORDED_FACTOR_PRP_OR_LL_RESULT_AND_NO_ACTIVE_GIMPS_ASSIGNMENT,2026-08-09T02:56:41+00:00,UNALLOCATED,,,,,
SLCMP1467-0741,741,742,509035393,2^509035393-1,STRUCTURAL_SCREEN_EXHAUSTED_PRIMALITY_UNASSIGNED,GF3A_DIRECTIONAL_WRITE_EXHAUSTED_PRIMALITY_UNASSIGNED,513,512,512,NO_RECORDED_FACTOR_PRP_OR_LL_RESULT_AND_NO_ACTIVE_GIMPS_ASSIGNMENT,2026-08-09T02:56:41+00:00,UNALLOCATED,,,,,
SLCMP1467-0742,742,743,509035399,2^509035399-1,STRUCTURAL_SCREEN_EXHAUSTED_PRIMALITY_UNASSIGNED,GF3A_DIRECTIONAL_WRITE_EXHAUSTED_PRIMALITY_UNASSIGNED,514,512,512,NO_RECORDED_FACTOR_PRP_OR_LL_RESULT_AND_NO_ACTIVE_GIMPS_ASSIGNMENT,2026-08-09T02:56:41+00:00,UNALLOCATED,,,,,
SLCMP1467-0743,743,744,509035409,2^509035409-1,STRUCTURAL_SCREEN_EXHAUSTED_PRIMALITY_UNASSIGNED,GF3A_DIRECTIONAL_WRITE_EXHAUSTED_PRIMALITY_UNASSIGNED,513,512,512,NO_RECORDED_FACTOR_PRP_OR_LL_RESULT_AND_NO_ACTIVE_GIMPS_ASSIGNMENT,2026-08-09T02:56:41+00:00,UNALLOCATED,,,,,
SLCMP1467-0744,744,745,509035453,2^509035453-1,STRUCTURAL_SCREEN_EXHAUSTED_PRIMALITY_UNASSIGNED,GF3A_DIRECTIONAL_WRITE_EXHAUSTED_PRIMALITY_UNASSIGNED,513,512,512,NO_RECORDED_FACTOR_PRP_OR_LL_RESULT_AND_NO_ACTIVE_GIMPS_ASSIGNMENT,2026-08-09T02:56:41+00:00,UNALLOCATED,,,,,
SLCMP1467-0745,745,746,509035481,2^509035481-1,STRUCTURAL_SCREEN_EXHAUSTED_PRIMALITY_UNASSIGNED,GF3A_DIRECTIONAL_WRITE_EXHAUSTED_PRIMALITY_UNASSIGNED,513,512,512,NO_RECORDED_FACTOR_PRP_OR_LL_RESULT_AND_NO_ACTIVE_GIMPS_ASSIGNMENT,2026-08-09T02:56:41+00:00,UNALLOCATED,,,,,
SLCMP1467-0746,746,747,509035493,2^509035493-1,STRUCTURAL_SCREEN_EXHAUSTED_PRIMALITY_UNASSIGNED,GF3A_DIRECTIONAL_WRITE_EXHAUSTED_PRIMALITY_UNASSIGNED,513,512,512,NO_RECORDED_FACTOR_PRP_OR_LL_RESULT_AND_NO_ACTIVE_GIMPS_ASSIGNMENT,2026-08-09T02:56:41+00:00,UNALLOCATED,,,,,
SLCMP1467-0747,747,748,509035547,2^509035547-1,STRUCTURAL_SCREEN_EXHAUSTED_PRIMALITY_UNASSIGNED,GF3A_DIRECTIONAL_WRITE_EXHAUSTED_PRIMALITY_UNASSIGNED,514,512,512,NO_RECORDED_FACTOR_PRP_OR_LL_RESULT_AND_NO_ACTIVE_GIMPS_ASSIGNMENT,2026-08-09T02:56:41+00:00,UNALLOCATED,,,,,
SLCMP1467-0748,748,749,509035673,2^509035673-1,STRUCTURAL_SCREEN_EXHAUSTED_PRIMALITY_UNASSIGNED,GF3A_DIRECTIONAL_WRITE_EXHAUSTED_PRIMALITY_UNASSIGNED,513,512,512,NO_RECORDED_FACTOR_PRP_OR_LL_RESULT_AND_NO_ACTIVE_GIMPS_ASSIGNMENT,2026-08-09T02:56:41+00:00,UNALLOCATED,,,,,
SLCMP1467-0749,749,750,509035729,2^509035729-1,STRUCTURAL_SCREEN_EXHAUSTED_PRIMALITY_UNASSIGNED,GF3A_DIRECTIONAL_WRITE_EXHAUSTED_PRIMALITY_UNASSIGNED,513,512,512,NO_RECORDED_FACTOR_PRP_OR_LL_RESULT_AND_NO_ACTIVE_GIMPS_ASSIGNMENT,2026-08-09T02:56:41+00:00,UNALLOCATED,,,,,
SLCMP1467-0750,750,751,509035817,2^509035817-1,STRUCTURAL_SCREEN_EXHAUSTED_PRIMALITY_UNASSIGNED,GF3A_DIRECTIONAL_WRITE_EXHAUSTED_PRIMALITY_UNASSIGNED,513,512,512,NO_RECORDED_FACTOR_PRP_OR_LL_RESULT_AND_NO_ACTIVE_GIMPS_ASSIGNMENT,2026-08-09T02:56:41+00:00,UNALLOCATED,,,,,
SLCMP1467-0751,751,752,509035829,2^509035829-1,STRUCTURAL_SCREEN_EXHAUSTED_PRIMALITY_UNASSIGNED,GF3A_DIRECTIONAL_WRITE_EXHAUSTED_PRIMALITY_UNASSIGNED,513,512,512,NO_RECORDED_FACTOR_PRP_OR_LL_RESULT_AND_NO_ACTIVE_GIMPS_ASSIGNMENT,2026-08-09T02:56:41+00:00,UNALLOCATED,,,,,
SLCMP1467-0752,752,753,509035871,2^509035871-1,STRUCTURAL_SCREEN_EXHAUSTED_PRIMALITY_UNASSIGNED,GF3A_DIRECTIONAL_WRITE_EXHAUSTED_PRIMALITY_UNASSIGNED,514,512,512,NO_RECORDED_FACTOR_PRP_OR_LL_RESULT_AND_NO_ACTIVE_GIMPS_ASSIGNMENT,2026-08-09T02:56:41+00:00,UNALLOCATED,,,,,
SLCMP1467-0753,753,754,509035993,2^509035993-1,STRUCTURAL_SCREEN_EXHAUSTED_PRIMALITY_UNASSIGNED,GF3A_DIRECTIONAL_WRITE_EXHAUSTED_PRIMALITY_UNASSIGNED,513,512,512,NO_RECORDED_FACTOR_PRP_OR_LL_RESULT_AND_NO_ACTIVE_GIMPS_ASSIGNMENT,2026-08-09T02:56:41+00:00,UNALLOCATED,,,,,
SLCMP1467-0754,754,755,509036039,2^509036039-1,STRUCTURAL_SCREEN_EXHAUSTED_PRIMALITY_UNASSIGNED,GF3A_DIRECTIONAL_WRITE_EXHAUSTED_PRIMALITY_UNASSIGNED,514,512,512,NO_RECORDED_FACTOR_PRP_OR_LL_RESULT_AND_NO_ACTIVE_GIMPS_ASSIGNMENT,2026-08-09T02:56:41+00:00,UNALLOCATED,,,,,
SLCMP1467-0755,755,756,509036063,2^509036063-1,STRUCTURAL_SCREEN_EXHAUSTED_PRIMALITY_UNASSIGNED,GF3A_DIRECTIONAL_WRITE_EXHAUSTED_PRIMALITY_UNASSIGNED,514,512,512,NO_RECORDED_FACTOR_PRP_OR_LL_RESULT_AND_NO_ACTIVE_GIMPS_ASSIGNMENT,2026-08-09T02:56:41+00:00,UNALLOCATED,,,,,
SLCMP1467-0756,756,757,509036119,2^509036119-1,STRUCTURAL_SCREEN_EXHAUSTED_PRIMALITY_UNASSIGNED,GF3A_DIRECTIONAL_WRITE_EXHAUSTED_PRIMALITY_UNASSIGNED,514,512,512,NO_RECORDED_FACTOR_PRP_OR_LL_RESULT_AND_NO_ACTIVE_GIMPS_ASSIGNMENT,2026-08-09T02:56:41+00:00,UNALLOCATED,,,,,
SLCMP1467-0757,757,758,509036189,2^509036189-1,STRUCTURAL_SCREEN_EXHAUSTED_PRIMALITY_UNASSIGNED,GF3A_DIRECTIONAL_WRITE_EXHAUSTED_PRIMALITY_UNASSIGNED,513,512,512,NO_RECORDED_FACTOR_PRP_OR_LL_RESULT_AND_NO_ACTIVE_GIMPS_ASSIGNMENT,2026-08-09T02:56:41+00:00,UNALLOCATED,,,,,
SLCMP1467-0758,758,759,509036243,2^509036243-1,STRUCTURAL_SCREEN_EXHAUSTED_PRIMALITY_UNASSIGNED,GF3A_DIRECTIONAL_WRITE_EXHAUSTED_PRIMALITY_UNASSIGNED,514,512,512,NO_RECORDED_FACTOR_PRP_OR_LL_RESULT_AND_NO_ACTIVE_GIMPS_ASSIGNMENT,2026-08-09T02:56:41+00:00,UNALLOCATED,,,,,
SLCMP1467-0759,759,760,509036329,2^509036329-1,STRUCTURAL_SCREEN_EXHAUSTED_PRIMALITY_UNASSIGNED,GF3A_DIRECTIONAL_WRITE_EXHAUSTED_PRIMALITY_UNASSIGNED,513,512,512,NO_RECORDED_FACTOR_PRP_OR_LL_RESULT_AND_NO_ACTIVE_GIMPS_ASSIGNMENT,2026-08-09T02:56:41+00:00,UNALLOCATED,,,,,
SLCMP1467-0760,760,761,509036351,2^509036351-1,STRUCTURAL_SCREEN_EXHAUSTED_PRIMALITY_UNASSIGNED,GF3A_DIRECTIONAL_WRITE_EXHAUSTED_PRIMALITY_UNASSIGNED,514,512,512,NO_RECORDED_FACTOR_PRP_OR_LL_RESULT_AND_NO_ACTIVE_GIMPS_ASSIGNMENT,2026-08-09T02:56:41+00:00,UNALLOCATED,,,,,
SLCMP1467-0761,761,762,509036357,2^509036357-1,STRUCTURAL_SCREEN_EXHAUSTED_PRIMALITY_UNASSIGNED,GF3A_DIRECTIONAL_WRITE_EXHAUSTED_PRIMALITY_UNASSIGNED,513,512,512,NO_RECORDED_FACTOR_PRP_OR_LL_RESULT_AND_NO_ACTIVE_GIMPS_ASSIGNMENT,2026-08-09T02:56:41+00:00,UNALLOCATED,,,,,
SLCMP1467-0762,762,763,509036369,2^509036369-1,STRUCTURAL_SCREEN_EXHAUSTED_PRIMALITY_UNASSIGNED,GF3A_DIRECTIONAL_WRITE_EXHAUSTED_PRIMALITY_UNASSIGNED,513,512,512,NO_RECORDED_FACTOR_PRP_OR_LL_RESULT_AND_NO_ACTIVE_GIMPS_ASSIGNMENT,2026-08-09T02:56:41+00:00,UNALLOCATED,,,,,
SLCMP1467-0763,763,764,509036383,2^509036383-1,STRUCTURAL_SCREEN_EXHAUSTED_PRIMALITY_UNASSIGNED,GF3A_DIRECTIONAL_WRITE_EXHAUSTED_PRIMALITY_UNASSIGNED,514,512,512,NO_RECORDED_FACTOR_PRP_OR_LL_RESULT_AND_NO_ACTIVE_GIMPS_ASSIGNMENT,2026-08-09T02:56:41+00:00,UNALLOCATED,,,,,
SLCMP1467-0764,764,765,509036419,2^509036419-1,STRUCTURAL_SCREEN_EXHAUSTED_PRIMALITY_UNASSIGNED,GF3A_DIRECTIONAL_WRITE_EXHAUSTED_PRIMALITY_UNASSIGNED,514,512,512,NO_RECORDED_FACTOR_PRP_OR_LL_RESULT_AND_NO_ACTIVE_GIMPS_ASSIGNMENT,2026-08-09T02:56:41+00:00,UNALLOCATED,,,,,
SLCMP1467-0765,765,766,509036533,2^509036533-1,STRUCTURAL_SCREEN_EXHAUSTED_PRIMALITY_UNASSIGNED,GF3A_DIRECTIONAL_WRITE_EXHAUSTED_PRIMALITY_UNASSIGNED,513,512,512,NO_RECORDED_FACTOR_PRP_OR_LL_RESULT_AND_NO_ACTIVE_GIMPS_ASSIGNMENT,2026-08-09T02:56:41+00:00,UNALLOCATED,,,,,
SLCMP1467-0766,766,767,509036569,2^509036569-1,STRUCTURAL_SCREEN_EXHAUSTED_PRIMALITY_UNASSIGNED,GF3A_DIRECTIONAL_WRITE_EXHAUSTED_PRIMALITY_UNASSIGNED,513,512,512,NO_RECORDED_FACTOR_PRP_OR_LL_RESULT_AND_NO_ACTIVE_GIMPS_ASSIGNMENT,2026-08-09T02:56:41+00:00,UNALLOCATED,,,,,
SLCMP1467-0767,767,768,509036651,2^509036651-1,STRUCTURAL_SCREEN_EXHAUSTED_PRIMALITY_UNASSIGNED,GF3A_DIRECTIONAL_WRITE_EXHAUSTED_PRIMALITY_UNASSIGNED,514,512,512,NO_RECORDED_FACTOR_PRP_OR_LL_RESULT_AND_NO_ACTIVE_GIMPS_ASSIGNMENT,2026-08-09T02:56:41+00:00,UNALLOCATED,,,,,
SLCMP1467-0768,768,769,509036777,2^509036777-1,STRUCTURAL_SCREEN_EXHAUSTED_PRIMALITY_UNASSIGNED,GF3A_DIRECTIONAL_WRITE_EXHAUSTED_PRIMALITY_UNASSIGNED,513,512,512,NO_RECORDED_FACTOR_PRP_OR_LL_RESULT_AND_NO_ACTIVE_GIMPS_ASSIGNMENT,2026-08-09T02:56:41+00:00,UNALLOCATED,,,,,
SLCMP1467-0769,769,770,509036813,2^509036813-1,STRUCTURAL_SCREEN_EXHAUSTED_PRIMALITY_UNASSIGNED,GF3A_DIRECTIONAL_WRITE_EXHAUSTED_PRIMALITY_UNASSIGNED,513,512,512,NO_RECORDED_FACTOR_PRP_OR_LL_RESULT_AND_NO_ACTIVE_GIMPS_ASSIGNMENT,2026-08-09T02:56:41+00:00,UNALLOCATED,,,,,
SLCMP1467-0770,770,771,509036821,2^509036821-1,STRUCTURAL_SCREEN_EXHAUSTED_PRIMALITY_UNASSIGNED,GF3A_DIRECTIONAL_WRITE_EXHAUSTED_PRIMALITY_UNASSIGNED,513,512,512,NO_RECORDED_FACTOR_PRP_OR_LL_RESULT_AND_NO_ACTIVE_GIMPS_ASSIGNMENT,2026-08-09T02:56:41+00:00,UNALLOCATED,,,,,
SLCMP1467-0771,771,772,509036849,2^509036849-1,STRUCTURAL_SCREEN_EXHAUSTED_PRIMALITY_UNASSIGNED,GF3A_DIRECTIONAL_WRITE_EXHAUSTED_PRIMALITY_UNASSIGNED,513,512,512,NO_RECORDED_FACTOR_PRP_OR_LL_RESULT_AND_NO_ACTIVE_GIMPS_ASSIGNMENT,2026-08-09T02:56:41+00:00,UNALLOCATED,,,,,
SLCMP1467-0772,772,773,509036893,2^509036893-1,STRUCTURAL_SCREEN_EXHAUSTED_PRIMALITY_UNASSIGNED,GF3A_DIRECTIONAL_WRITE_EXHAUSTED_PRIMALITY_UNASSIGNED,513,512,512,NO_RECORDED_FACTOR_PRP_OR_LL_RESULT_AND_NO_ACTIVE_GIMPS_ASSIGNMENT,2026-08-09T02:56:41+00:00,UNALLOCATED,,,,,
SLCMP1467-0773,773,774,509037041,2^509037041-1,STRUCTURAL_SCREEN_EXHAUSTED_PRIMALITY_UNASSIGNED,GF3A_DIRECTIONAL_WRITE_EXHAUSTED_PRIMALITY_UNASSIGNED,513,512,512,NO_RECORDED_FACTOR_PRP_OR_LL_RESULT_AND_NO_ACTIVE_GIMPS_ASSIGNMENT,2026-08-09T02:56:41+00:00,UNALLOCATED,,,,,
SLCMP1467-0774,774,775,509037097,2^509037097-1,STRUCTURAL_SCREEN_EXHAUSTED_PRIMALITY_UNASSIGNED,GF3A_DIRECTIONAL_WRITE_EXHAUSTED_PRIMALITY_UNASSIGNED,513,512,512,NO_RECORDED_FACTOR_PRP_OR_LL_RESULT_AND_NO_ACTIVE_GIMPS_ASSIGNMENT,2026-08-09T02:56:41+00:00,UNALLOCATED,,,,,
SLCMP1467-0775,775,776,509037107,2^509037107-1,STRUCTURAL_SCREEN_EXHAUSTED_PRIMALITY_UNASSIGNED,GF3A_DIRECTIONAL_WRITE_EXHAUSTED_PRIMALITY_UNASSIGNED,514,512,512,NO_RECORDED_FACTOR_PRP_OR_LL_RESULT_AND_NO_ACTIVE_GIMPS_ASSIGNMENT,2026-08-09T02:56:41+00:00,UNALLOCATED,,,,,
SLCMP1467-0776,776,777,509037163,2^509037163-1,STRUCTURAL_SCREEN_EXHAUSTED_PRIMALITY_UNASSIGNED,GF3A_DIRECTIONAL_WRITE_EXHAUSTED_PRIMALITY_UNASSIGNED,514,512,512,NO_RECORDED_FACTOR_PRP_OR_LL_RESULT_AND_NO_ACTIVE_GIMPS_ASSIGNMENT,2026-08-09T02:56:41+00:00,UNALLOCATED,,,,,
SLCMP1467-0777,777,778,509037187,2^509037187-1,STRUCTURAL_SCREEN_EXHAUSTED_PRIMALITY_UNASSIGNED,GF3A_DIRECTIONAL_WRITE_EXHAUSTED_PRIMALITY_UNASSIGNED,514,512,512,NO_RECORDED_FACTOR_PRP_OR_LL_RESULT_AND_NO_ACTIVE_GIMPS_ASSIGNMENT,2026-08-09T02:56:41+00:00,UNALLOCATED,,,,,
SLCMP1467-0778,778,779,509037233,2^509037233-1,STRUCTURAL_SCREEN_EXHAUSTED_PRIMALITY_UNASSIGNED,GF3A_DIRECTIONAL_WRITE_EXHAUSTED_PRIMALITY_UNASSIGNED,513,512,512,NO_RECORDED_FACTOR_PRP_OR_LL_RESULT_AND_NO_ACTIVE_GIMPS_ASSIGNMENT,2026-08-09T02:56:41+00:00,UNALLOCATED,,,,,
SLCMP1467-0779,779,780,509037323,2^509037323-1,STRUCTURAL_SCREEN_EXHAUSTED_PRIMALITY_UNASSIGNED,GF3A_DIRECTIONAL_WRITE_EXHAUSTED_PRIMALITY_UNASSIGNED,514,512,512,NO_RECORDED_FACTOR_PRP_OR_LL_RESULT_AND_NO_ACTIVE_GIMPS_ASSIGNMENT,2026-08-09T02:56:41+00:00,UNALLOCATED,,,,,
SLCMP1467-0780,780,781,509037439,2^509037439-1,STRUCTURAL_SCREEN_EXHAUSTED_PRIMALITY_UNASSIGNED,GF3A_DIRECTIONAL_WRITE_EXHAUSTED_PRIMALITY_UNASSIGNED,514,512,512,NO_RECORDED_FACTOR_PRP_OR_LL_RESULT_AND_NO_ACTIVE_GIMPS_ASSIGNMENT,2026-08-09T02:56:41+00:00,UNALLOCATED,,,,,
SLCMP1467-0781,781,782,509037467,2^509037467-1,STRUCTURAL_SCREEN_EXHAUSTED_PRIMALITY_UNASSIGNED,GF3A_DIRECTIONAL_WRITE_EXHAUSTED_PRIMALITY_UNASSIGNED,514,512,512,NO_RECORDED_FACTOR_PRP_OR_LL_RESULT_AND_NO_ACTIVE_GIMPS_ASSIGNMENT,2026-08-09T02:56:41+00:00,UNALLOCATED,,,,,
SLCMP1467-0782,782,783,509037499,2^509037499-1,STRUCTURAL_SCREEN_EXHAUSTED_PRIMALITY_UNASSIGNED,GF3A_DIRECTIONAL_WRITE_EXHAUSTED_PRIMALITY_UNASSIGNED,514,512,512,NO_RECORDED_FACTOR_PRP_OR_LL_RESULT_AND_NO_ACTIVE_GIMPS_ASSIGNMENT,2026-08-09T02:56:41+00:00,UNALLOCATED,,,,,
SLCMP1467-0783,783,784,509037623,2^509037623-1,STRUCTURAL_SCREEN_EXHAUSTED_PRIMALITY_UNASSIGNED,GF3A_DIRECTIONAL_WRITE_EXHAUSTED_PRIMALITY_UNASSIGNED,514,512,512,NO_RECORDED_FACTOR_PRP_OR_LL_RESULT_AND_NO_ACTIVE_GIMPS_ASSIGNMENT,2026-08-09T02:56:41+00:00,UNALLOCATED,,,,,
SLCMP1467-0784,784,785,509037671,2^509037671-1,STRUCTURAL_SCREEN_EXHAUSTED_PRIMALITY_UNASSIGNED,GF3A_DIRECTIONAL_WRITE_EXHAUSTED_PRIMALITY_UNASSIGNED,514,512,512,NO_RECORDED_FACTOR_PRP_OR_LL_RESULT_AND_NO_ACTIVE_GIMPS_ASSIGNMENT,2026-08-09T02:56:41+00:00,UNALLOCATED,,,,,
SLCMP1467-0785,785,786,509037757,2^509037757-1,STRUCTURAL_SCREEN_EXHAUSTED_PRIMALITY_UNASSIGNED,GF3A_DIRECTIONAL_WRITE_EXHAUSTED_PRIMALITY_UNASSIGNED,513,512,512,NO_RECORDED_FACTOR_PRP_OR_LL_RESULT_AND_NO_ACTIVE_GIMPS_ASSIGNMENT,2026-08-09T02:56:41+00:00,UNALLOCATED,,,,,
SLCMP1467-0786,786,787,509037773,2^509037773-1,STRUCTURAL_SCREEN_EXHAUSTED_PRIMALITY_UNASSIGNED,GF3A_DIRECTIONAL_WRITE_EXHAUSTED_PRIMALITY_UNASSIGNED,513,512,512,NO_RECORDED_FACTOR_PRP_OR_LL_RESULT_AND_NO_ACTIVE_GIMPS_ASSIGNMENT,2026-08-09T02:56:41+00:00,UNALLOCATED,,,,,
SLCMP1467-0787,787,788,509037787,2^509037787-1,STRUCTURAL_SCREEN_EXHAUSTED_PRIMALITY_UNASSIGNED,GF3A_DIRECTIONAL_WRITE_EXHAUSTED_PRIMALITY_UNASSIGNED,514,512,512,NO_RECORDED_FACTOR_PRP_OR_LL_RESULT_AND_NO_ACTIVE_GIMPS_ASSIGNMENT,2026-08-09T02:56:41+00:00,UNALLOCATED,,,,,
SLCMP1467-0788,788,789,509037829,2^509037829-1,STRUCTURAL_SCREEN_EXHAUSTED_PRIMALITY_UNASSIGNED,GF3A_DIRECTIONAL_WRITE_EXHAUSTED_PRIMALITY_UNASSIGNED,513,512,512,NO_RECORDED_FACTOR_PRP_OR_LL_RESULT_AND_NO_ACTIVE_GIMPS_ASSIGNMENT,2026-08-09T02:56:41+00:00,UNALLOCATED,,,,,
SLCMP1467-0789,789,790,509037889,2^509037889-1,STRUCTURAL_SCREEN_EXHAUSTED_PRIMALITY_UNASSIGNED,GF3A_DIRECTIONAL_WRITE_EXHAUSTED_PRIMALITY_UNASSIGNED,513,512,512,NO_RECORDED_FACTOR_PRP_OR_LL_RESULT_AND_NO_ACTIVE_GIMPS_ASSIGNMENT,2026-08-09T02:56:41+00:00,UNALLOCATED,,,,,
SLCMP1467-0790,790,791,509037923,2^509037923-1,STRUCTURAL_SCREEN_EXHAUSTED_PRIMALITY_UNASSIGNED,GF3A_DIRECTIONAL_WRITE_EXHAUSTED_PRIMALITY_UNASSIGNED,514,512,512,NO_RECORDED_FACTOR_PRP_OR_LL_RESULT_AND_NO_ACTIVE_GIMPS_ASSIGNMENT,2026-08-09T02:56:41+00:00,UNALLOCATED,,,,,
SLCMP1467-0791,791,792,509037931,2^509037931-1,STRUCTURAL_SCREEN_EXHAUSTED_PRIMALITY_UNASSIGNED,GF3A_DIRECTIONAL_WRITE_EXHAUSTED_PRIMALITY_UNASSIGNED,514,512,512,NO_RECORDED_FACTOR_PRP_OR_LL_RESULT_AND_NO_ACTIVE_GIMPS_ASSIGNMENT,2026-08-09T02:56:41+00:00,UNALLOCATED,,,,,
SLCMP1467-0792,792,793,509037941,2^509037941-1,STRUCTURAL_SCREEN_EXHAUSTED_PRIMALITY_UNASSIGNED,GF3A_DIRECTIONAL_WRITE_EXHAUSTED_PRIMALITY_UNASSIGNED,513,512,512,NO_RECORDED_FACTOR_PRP_OR_LL_RESULT_AND_NO_ACTIVE_GIMPS_ASSIGNMENT,2026-08-09T02:56:41+00:00,UNALLOCATED,,,,,
SLCMP1467-0793,793,794,509037943,2^509037943-1,STRUCTURAL_SCREEN_EXHAUSTED_PRIMALITY_UNASSIGNED,GF3A_DIRECTIONAL_WRITE_EXHAUSTED_PRIMALITY_UNASSIGNED,514,512,512,NO_RECORDED_FACTOR_PRP_OR_LL_RESULT_AND_NO_ACTIVE_GIMPS_ASSIGNMENT,2026-08-09T02:56:41+00:00,UNALLOCATED,,,,,
SLCMP1467-0794,794,795,509038007,2^509038007-1,STRUCTURAL_SCREEN_EXHAUSTED_PRIMALITY_UNASSIGNED,GF3A_DIRECTIONAL_WRITE_EXHAUSTED_PRIMALITY_UNASSIGNED,514,512,512,NO_RECORDED_FACTOR_PRP_OR_LL_RESULT_AND_NO_ACTIVE_GIMPS_ASSIGNMENT,2026-08-09T02:56:41+00:00,UNALLOCATED,,,,,
SLCMP1467-0795,795,796,509038037,2^509038037-1,STRUCTURAL_SCREEN_EXHAUSTED_PRIMALITY_UNASSIGNED,GF3A_DIRECTIONAL_WRITE_EXHAUSTED_PRIMALITY_UNASSIGNED,513,512,512,NO_RECORDED_FACTOR_PRP_OR_LL_RESULT_AND_NO_ACTIVE_GIMPS_ASSIGNMENT,2026-08-09T02:56:41+00:00,UNALLOCATED,,,,,
SLCMP1467-0796,796,797,509038039,2^509038039-1,STRUCTURAL_SCREEN_EXHAUSTED_PRIMALITY_UNASSIGNED,GF3A_DIRECTIONAL_WRITE_EXHAUSTED_PRIMALITY_UNASSIGNED,514,512,512,NO_RECORDED_FACTOR_PRP_OR_LL_RESULT_AND_NO_ACTIVE_GIMPS_ASSIGNMENT,2026-08-09T02:56:41+00:00,UNALLOCATED,,,,,
SLCMP1467-0797,797,798,509038067,2^509038067-1,STRUCTURAL_SCREEN_EXHAUSTED_PRIMALITY_UNASSIGNED,GF3A_DIRECTIONAL_WRITE_EXHAUSTED_PRIMALITY_UNASSIGNED,514,512,512,NO_RECORDED_FACTOR_PRP_OR_LL_RESULT_AND_NO_ACTIVE_GIMPS_ASSIGNMENT,2026-08-09T02:56:41+00:00,UNALLOCATED,,,,,
SLCMP1467-0798,798,799,509038099,2^509038099-1,STRUCTURAL_SCREEN_EXHAUSTED_PRIMALITY_UNASSIGNED,GF3A_DIRECTIONAL_WRITE_EXHAUSTED_PRIMALITY_UNASSIGNED,514,512,512,NO_RECORDED_FACTOR_PRP_OR_LL_RESULT_AND_NO_ACTIVE_GIMPS_ASSIGNMENT,2026-08-09T02:56:41+00:00,UNALLOCATED,,,,,
SLCMP1467-0799,799,800,509038207,2^509038207-1,STRUCTURAL_SCREEN_EXHAUSTED_PRIMALITY_UNASSIGNED,GF3A_DIRECTIONAL_WRITE_EXHAUSTED_PRIMALITY_UNASSIGNED,514,512,512,NO_RECORDED_FACTOR_PRP_OR_LL_RESULT_AND_NO_ACTIVE_GIMPS_ASSIGNMENT,2026-08-09T02:56:41+00:00,UNALLOCATED,,,,,
SLCMP1467-0800,800,801,509038237,2^509038237-1,STRUCTURAL_SCREEN_EXHAUSTED_PRIMALITY_UNASSIGNED,GF3A_DIRECTIONAL_WRITE_EXHAUSTED_PRIMALITY_UNASSIGNED,513,512,512,NO_RECORDED_FACTOR_PRP_OR_LL_RESULT_AND_NO_ACTIVE_GIMPS_ASSIGNMENT,2026-08-09T02:56:41+00:00,UNALLOCATED,,,,,
SLCMP1467-0801,801,802,509038297,2^509038297-1,STRUCTURAL_SCREEN_EXHAUSTED_PRIMALITY_UNASSIGNED,GF3A_DIRECTIONAL_WRITE_EXHAUSTED_PRIMALITY_UNASSIGNED,513,512,512,NO_RECORDED_FACTOR_PRP_OR_LL_RESULT_AND_NO_ACTIVE_GIMPS_ASSIGNMENT,2026-08-09T02:56:41+00:00,UNALLOCATED,,,,,
SLCMP1467-0802,802,803,509038319,2^509038319-1,STRUCTURAL_SCREEN_EXHAUSTED_PRIMALITY_UNASSIGNED,GF3A_DIRECTIONAL_WRITE_EXHAUSTED_PRIMALITY_UNASSIGNED,514,512,512,NO_RECORDED_FACTOR_PRP_OR_LL_RESULT_AND_NO_ACTIVE_GIMPS_ASSIGNMENT,2026-08-09T02:56:41+00:00,UNALLOCATED,,,,,
SLCMP1467-0803,803,804,509038373,2^509038373-1,STRUCTURAL_SCREEN_EXHAUSTED_PRIMALITY_UNASSIGNED,GF3A_DIRECTIONAL_WRITE_EXHAUSTED_PRIMALITY_UNASSIGNED,513,512,512,NO_RECORDED_FACTOR_PRP_OR_LL_RESULT_AND_NO_ACTIVE_GIMPS_ASSIGNMENT,2026-08-09T02:56:41+00:00,UNALLOCATED,,,,,
SLCMP1467-0804,804,805,509038391,2^509038391-1,STRUCTURAL_SCREEN_EXHAUSTED_PRIMALITY_UNASSIGNED,GF3A_DIRECTIONAL_WRITE_EXHAUSTED_PRIMALITY_UNASSIGNED,514,512,512,NO_RECORDED_FACTOR_PRP_OR_LL_RESULT_AND_NO_ACTIVE_GIMPS_ASSIGNMENT,2026-08-09T02:56:41+00:00,UNALLOCATED,,,,,
SLCMP1467-0805,805,806,509038471,2^509038471-1,STRUCTURAL_SCREEN_EXHAUSTED_PRIMALITY_UNASSIGNED,GF3A_DIRECTIONAL_WRITE_EXHAUSTED_PRIMALITY_UNASSIGNED,514,512,512,NO_RECORDED_FACTOR_PRP_OR_LL_RESULT_AND_NO_ACTIVE_GIMPS_ASSIGNMENT,2026-08-09T02:56:41+00:00,UNALLOCATED,,,,,
SLCMP1467-0806,806,807,509038549,2^509038549-1,STRUCTURAL_SCREEN_EXHAUSTED_PRIMALITY_UNASSIGNED,GF3A_DIRECTIONAL_WRITE_EXHAUSTED_PRIMALITY_UNASSIGNED,513,512,512,NO_RECORDED_FACTOR_PRP_OR_LL_RESULT_AND_NO_ACTIVE_GIMPS_ASSIGNMENT,2026-08-09T02:56:41+00:00,UNALLOCATED,,,,,
SLCMP1467-0807,807,808,509038639,2^509038639-1,STRUCTURAL_SCREEN_EXHAUSTED_PRIMALITY_UNASSIGNED,GF3A_DIRECTIONAL_WRITE_EXHAUSTED_PRIMALITY_UNASSIGNED,514,512,512,NO_RECORDED_FACTOR_PRP_OR_LL_RESULT_AND_NO_ACTIVE_GIMPS_ASSIGNMENT,2026-08-09T02:56:41+00:00,UNALLOCATED,,,,,
SLCMP1467-0808,808,809,509038729,2^509038729-1,STRUCTURAL_SCREEN_EXHAUSTED_PRIMALITY_UNASSIGNED,GF3A_DIRECTIONAL_WRITE_EXHAUSTED_PRIMALITY_UNASSIGNED,513,512,512,NO_RECORDED_FACTOR_PRP_OR_LL_RESULT_AND_NO_ACTIVE_GIMPS_ASSIGNMENT,2026-08-09T02:56:41+00:00,UNALLOCATED,,,,,
SLCMP1467-0809,809,810,509038757,2^509038757-1,STRUCTURAL_SCREEN_EXHAUSTED_PRIMALITY_UNASSIGNED,GF3A_DIRECTIONAL_WRITE_EXHAUSTED_PRIMALITY_UNASSIGNED,513,512,512,NO_RECORDED_FACTOR_PRP_OR_LL_RESULT_AND_NO_ACTIVE_GIMPS_ASSIGNMENT,2026-08-09T02:56:41+00:00,UNALLOCATED,,,,,
SLCMP1467-0810,810,811,509038799,2^509038799-1,STRUCTURAL_SCREEN_EXHAUSTED_PRIMALITY_UNASSIGNED,GF3A_DIRECTIONAL_WRITE_EXHAUSTED_PRIMALITY_UNASSIGNED,514,512,512,NO_RECORDED_FACTOR_PRP_OR_LL_RESULT_AND_NO_ACTIVE_GIMPS_ASSIGNMENT,2026-08-09T02:56:41+00:00,UNALLOCATED,,,,,
SLCMP1467-0811,811,812,509038801,2^509038801-1,STRUCTURAL_SCREEN_EXHAUSTED_PRIMALITY_UNASSIGNED,GF3A_DIRECTIONAL_WRITE_EXHAUSTED_PRIMALITY_UNASSIGNED,513,512,512,NO_RECORDED_FACTOR_PRP_OR_LL_RESULT_AND_NO_ACTIVE_GIMPS_ASSIGNMENT,2026-08-09T02:56:41+00:00,UNALLOCATED,,,,,
SLCMP1467-0812,812,813,509038819,2^509038819-1,STRUCTURAL_SCREEN_EXHAUSTED_PRIMALITY_UNASSIGNED,GF3A_DIRECTIONAL_WRITE_EXHAUSTED_PRIMALITY_UNASSIGNED,514,512,512,NO_RECORDED_FACTOR_PRP_OR_LL_RESULT_AND_NO_ACTIVE_GIMPS_ASSIGNMENT,2026-08-09T02:56:41+00:00,UNALLOCATED,,,,,
SLCMP1467-0813,813,814,509038841,2^509038841-1,STRUCTURAL_SCREEN_EXHAUSTED_PRIMALITY_UNASSIGNED,GF3A_DIRECTIONAL_WRITE_EXHAUSTED_PRIMALITY_UNASSIGNED,513,512,512,NO_RECORDED_FACTOR_PRP_OR_LL_RESULT_AND_NO_ACTIVE_GIMPS_ASSIGNMENT,2026-08-09T02:56:41+00:00,UNALLOCATED,,,,,
SLCMP1467-0814,814,815,509038913,2^509038913-1,STRUCTURAL_SCREEN_EXHAUSTED_PRIMALITY_UNASSIGNED,GF3A_DIRECTIONAL_WRITE_EXHAUSTED_PRIMALITY_UNASSIGNED,513,512,512,NO_RECORDED_FACTOR_PRP_OR_LL_RESULT_AND_NO_ACTIVE_GIMPS_ASSIGNMENT,2026-08-09T02:56:41+00:00,UNALLOCATED,,,,,
SLCMP1467-0815,815,816,509038951,2^509038951-1,STRUCTURAL_SCREEN_EXHAUSTED_PRIMALITY_UNASSIGNED,GF3A_DIRECTIONAL_WRITE_EXHAUSTED_PRIMALITY_UNASSIGNED,514,512,512,NO_RECORDED_FACTOR_PRP_OR_LL_RESULT_AND_NO_ACTIVE_GIMPS_ASSIGNMENT,2026-08-09T02:56:41+00:00,UNALLOCATED,,,,,
SLCMP1467-0816,816,817,509038997,2^509038997-1,STRUCTURAL_SCREEN_EXHAUSTED_PRIMALITY_UNASSIGNED,GF3A_DIRECTIONAL_WRITE_EXHAUSTED_PRIMALITY_UNASSIGNED,513,512,512,NO_RECORDED_FACTOR_PRP_OR_LL_RESULT_AND_NO_ACTIVE_GIMPS_ASSIGNMENT,2026-08-09T02:56:41+00:00,UNALLOCATED,,,,,
SLCMP1467-0817,817,818,509039009,2^509039009-1,STRUCTURAL_SCREEN_EXHAUSTED_PRIMALITY_UNASSIGNED,GF3A_DIRECTIONAL_WRITE_EXHAUSTED_PRIMALITY_UNASSIGNED,513,512,512,NO_RECORDED_FACTOR_PRP_OR_LL_RESULT_AND_NO_ACTIVE_GIMPS_ASSIGNMENT,2026-08-09T02:56:41+00:00,UNALLOCATED,,,,,
SLCMP1467-0818,818,819,509039033,2^509039033-1,STRUCTURAL_SCREEN_EXHAUSTED_PRIMALITY_UNASSIGNED,GF3A_DIRECTIONAL_WRITE_EXHAUSTED_PRIMALITY_UNASSIGNED,513,512,512,NO_RECORDED_FACTOR_PRP_OR_LL_RESULT_AND_NO_ACTIVE_GIMPS_ASSIGNMENT,2026-08-09T02:56:41+00:00,UNALLOCATED,,,,,
SLCMP1467-0819,819,820,509039161,2^509039161-1,STRUCTURAL_SCREEN_EXHAUSTED_PRIMALITY_UNASSIGNED,GF3A_DIRECTIONAL_WRITE_EXHAUSTED_PRIMALITY_UNASSIGNED,513,512,512,NO_RECORDED_FACTOR_PRP_OR_LL_RESULT_AND_NO_ACTIVE_GIMPS_ASSIGNMENT,2026-08-09T02:56:41+00:00,UNALLOCATED,,,,,
SLCMP1467-0820,820,821,509039239,2^509039239-1,STRUCTURAL_SCREEN_EXHAUSTED_PRIMALITY_UNASSIGNED,GF3A_DIRECTIONAL_WRITE_EXHAUSTED_PRIMALITY_UNASSIGNED,514,512,512,NO_RECORDED_FACTOR_PRP_OR_LL_RESULT_AND_NO_ACTIVE_GIMPS_ASSIGNMENT,2026-08-09T02:56:41+00:00,UNALLOCATED,,,,,
SLCMP1467-0821,821,822,509039263,2^509039263-1,STRUCTURAL_SCREEN_EXHAUSTED_PRIMALITY_UNASSIGNED,GF3A_DIRECTIONAL_WRITE_EXHAUSTED_PRIMALITY_UNASSIGNED,514,512,512,NO_RECORDED_FACTOR_PRP_OR_LL_RESULT_AND_NO_ACTIVE_GIMPS_ASSIGNMENT,2026-08-09T02:56:41+00:00,UNALLOCATED,,,,,
SLCMP1467-0822,822,823,509039341,2^509039341-1,STRUCTURAL_SCREEN_EXHAUSTED_PRIMALITY_UNASSIGNED,GF3A_DIRECTIONAL_WRITE_EXHAUSTED_PRIMALITY_UNASSIGNED,513,512,512,NO_RECORDED_FACTOR_PRP_OR_LL_RESULT_AND_NO_ACTIVE_GIMPS_ASSIGNMENT,2026-08-09T02:56:41+00:00,UNALLOCATED,,,,,
SLCMP1467-0823,823,824,509039369,2^509039369-1,STRUCTURAL_SCREEN_EXHAUSTED_PRIMALITY_UNASSIGNED,GF3A_DIRECTIONAL_WRITE_EXHAUSTED_PRIMALITY_UNASSIGNED,513,512,512,NO_RECORDED_FACTOR_PRP_OR_LL_RESULT_AND_NO_ACTIVE_GIMPS_ASSIGNMENT,2026-08-09T02:56:41+00:00,UNALLOCATED,,,,,
SLCMP1467-0824,824,825,509039537,2^509039537-1,STRUCTURAL_SCREEN_EXHAUSTED_PRIMALITY_UNASSIGNED,GF3A_DIRECTIONAL_WRITE_EXHAUSTED_PRIMALITY_UNASSIGNED,513,512,512,NO_RECORDED_FACTOR_PRP_OR_LL_RESULT_AND_NO_ACTIVE_GIMPS_ASSIGNMENT,2026-08-09T02:56:41+00:00,UNALLOCATED,,,,,
SLCMP1467-0825,825,826,509039567,2^509039567-1,STRUCTURAL_SCREEN_EXHAUSTED_PRIMALITY_UNASSIGNED,GF3A_DIRECTIONAL_WRITE_EXHAUSTED_PRIMALITY_UNASSIGNED,514,512,512,NO_RECORDED_FACTOR_PRP_OR_LL_RESULT_AND_NO_ACTIVE_GIMPS_ASSIGNMENT,2026-08-09T02:56:41+00:00,UNALLOCATED,,,,,
SLCMP1467-0826,826,827,509039569,2^509039569-1,STRUCTURAL_SCREEN_EXHAUSTED_PRIMALITY_UNASSIGNED,GF3A_DIRECTIONAL_WRITE_EXHAUSTED_PRIMALITY_UNASSIGNED,513,512,512,NO_RECORDED_FACTOR_PRP_OR_LL_RESULT_AND_NO_ACTIVE_GIMPS_ASSIGNMENT,2026-08-09T02:56:41+00:00,UNALLOCATED,,,,,
SLCMP1467-0827,827,828,509039579,2^509039579-1,STRUCTURAL_SCREEN_EXHAUSTED_PRIMALITY_UNASSIGNED,GF3A_DIRECTIONAL_WRITE_EXHAUSTED_PRIMALITY_UNASSIGNED,514,512,512,NO_RECORDED_FACTOR_PRP_OR_LL_RESULT_AND_NO_ACTIVE_GIMPS_ASSIGNMENT,2026-08-09T02:56:41+00:00,UNALLOCATED,,,,,
SLCMP1467-0828,828,829,509039593,2^509039593-1,STRUCTURAL_SCREEN_EXHAUSTED_PRIMALITY_UNASSIGNED,GF3A_DIRECTIONAL_WRITE_EXHAUSTED_PRIMALITY_UNASSIGNED,513,512,512,NO_RECORDED_FACTOR_PRP_OR_LL_RESULT_AND_NO_ACTIVE_GIMPS_ASSIGNMENT,2026-08-09T02:56:41+00:00,UNALLOCATED,,,,,
SLCMP1467-0829,829,830,509039651,2^509039651-1,STRUCTURAL_SCREEN_EXHAUSTED_PRIMALITY_UNASSIGNED,GF3A_DIRECTIONAL_WRITE_EXHAUSTED_PRIMALITY_UNASSIGNED,514,512,512,NO_RECORDED_FACTOR_PRP_OR_LL_RESULT_AND_NO_ACTIVE_GIMPS_ASSIGNMENT,2026-08-09T02:56:41+00:00,UNALLOCATED,,,,,
SLCMP1467-0830,830,831,509039681,2^509039681-1,STRUCTURAL_SCREEN_EXHAUSTED_PRIMALITY_UNASSIGNED,GF3A_DIRECTIONAL_WRITE_EXHAUSTED_PRIMALITY_UNASSIGNED,513,512,512,NO_RECORDED_FACTOR_PRP_OR_LL_RESULT_AND_NO_ACTIVE_GIMPS_ASSIGNMENT,2026-08-09T02:56:41+00:00,UNALLOCATED,,,,,
SLCMP1467-0831,831,832,509039711,2^509039711-1,STRUCTURAL_SCREEN_EXHAUSTED_PRIMALITY_UNASSIGNED,GF3A_DIRECTIONAL_WRITE_EXHAUSTED_PRIMALITY_UNASSIGNED,514,512,512,NO_RECORDED_FACTOR_PRP_OR_LL_RESULT_AND_NO_ACTIVE_GIMPS_ASSIGNMENT,2026-08-09T02:56:41+00:00,UNALLOCATED,,,,,
SLCMP1467-0832,832,833,509039759,2^509039759-1,STRUCTURAL_SCREEN_EXHAUSTED_PRIMALITY_UNASSIGNED,GF3A_DIRECTIONAL_WRITE_EXHAUSTED_PRIMALITY_UNASSIGNED,514,512,512,NO_RECORDED_FACTOR_PRP_OR_LL_RESULT_AND_NO_ACTIVE_GIMPS_ASSIGNMENT,2026-08-09T02:56:41+00:00,UNALLOCATED,,,,,
SLCMP1467-0833,833,834,509039761,2^509039761-1,STRUCTURAL_SCREEN_EXHAUSTED_PRIMALITY_UNASSIGNED,GF3A_DIRECTIONAL_WRITE_EXHAUSTED_PRIMALITY_UNASSIGNED,513,512,512,NO_RECORDED_FACTOR_PRP_OR_LL_RESULT_AND_NO_ACTIVE_GIMPS_ASSIGNMENT,2026-08-09T02:56:41+00:00,UNALLOCATED,,,,,
SLCMP1467-0834,834,835,509039771,2^509039771-1,STRUCTURAL_SCREEN_EXHAUSTED_PRIMALITY_UNASSIGNED,GF3A_DIRECTIONAL_WRITE_EXHAUSTED_PRIMALITY_UNASSIGNED,514,512,512,NO_RECORDED_FACTOR_PRP_OR_LL_RESULT_AND_NO_ACTIVE_GIMPS_ASSIGNMENT,2026-08-09T02:56:41+00:00,UNALLOCATED,,,,,
SLCMP1467-0835,835,836,509039851,2^509039851-1,STRUCTURAL_SCREEN_EXHAUSTED_PRIMALITY_UNASSIGNED,GF3A_DIRECTIONAL_WRITE_EXHAUSTED_PRIMALITY_UNASSIGNED,514,512,512,NO_RECORDED_FACTOR_PRP_OR_LL_RESULT_AND_NO_ACTIVE_GIMPS_ASSIGNMENT,2026-08-09T02:56:41+00:00,UNALLOCATED,,,,,
SLCMP1467-0836,836,837,509039863,2^509039863-1,STRUCTURAL_SCREEN_EXHAUSTED_PRIMALITY_UNASSIGNED,GF3A_DIRECTIONAL_WRITE_EXHAUSTED_PRIMALITY_UNASSIGNED,514,512,512,NO_RECORDED_FACTOR_PRP_OR_LL_RESULT_AND_NO_ACTIVE_GIMPS_ASSIGNMENT,2026-08-09T02:56:41+00:00,UNALLOCATED,,,,,
SLCMP1467-0837,837,838,509039911,2^509039911-1,STRUCTURAL_SCREEN_EXHAUSTED_PRIMALITY_UNASSIGNED,GF3A_DIRECTIONAL_WRITE_EXHAUSTED_PRIMALITY_UNASSIGNED,514,512,512,NO_RECORDED_FACTOR_PRP_OR_LL_RESULT_AND_NO_ACTIVE_GIMPS_ASSIGNMENT,2026-08-09T02:56:41+00:00,UNALLOCATED,,,,,
SLCMP1467-0838,838,839,509040041,2^509040041-1,STRUCTURAL_SCREEN_EXHAUSTED_PRIMALITY_UNASSIGNED,GF3A_DIRECTIONAL_WRITE_EXHAUSTED_PRIMALITY_UNASSIGNED,513,512,512,NO_RECORDED_FACTOR_PRP_OR_LL_RESULT_AND_NO_ACTIVE_GIMPS_ASSIGNMENT,2026-08-09T02:56:41+00:00,UNALLOCATED,,,,,
SLCMP1467-0839,839,840,509040097,2^509040097-1,STRUCTURAL_SCREEN_EXHAUSTED_PRIMALITY_UNASSIGNED,GF3A_DIRECTIONAL_WRITE_EXHAUSTED_PRIMALITY_UNASSIGNED,513,512,512,NO_RECORDED_FACTOR_PRP_OR_LL_RESULT_AND_NO_ACTIVE_GIMPS_ASSIGNMENT,2026-08-09T02:56:41+00:00,UNALLOCATED,,,,,
SLCMP1467-0840,840,841,509040223,2^509040223-1,STRUCTURAL_SCREEN_EXHAUSTED_PRIMALITY_UNASSIGNED,GF3A_DIRECTIONAL_WRITE_EXHAUSTED_PRIMALITY_UNASSIGNED,514,512,512,NO_RECORDED_FACTOR_PRP_OR_LL_RESULT_AND_NO_ACTIVE_GIMPS_ASSIGNMENT,2026-08-09T02:56:41+00:00,UNALLOCATED,,,,,
SLCMP1467-0841,841,842,509040269,2^509040269-1,STRUCTURAL_SCREEN_EXHAUSTED_PRIMALITY_UNASSIGNED,GF3A_DIRECTIONAL_WRITE_EXHAUSTED_PRIMALITY_UNASSIGNED,513,512,512,NO_RECORDED_FACTOR_PRP_OR_LL_RESULT_AND_NO_ACTIVE_GIMPS_ASSIGNMENT,2026-08-09T02:56:41+00:00,UNALLOCATED,,,,,
SLCMP1467-0842,842,843,509040331,2^509040331-1,STRUCTURAL_SCREEN_EXHAUSTED_PRIMALITY_UNASSIGNED,GF3A_DIRECTIONAL_WRITE_EXHAUSTED_PRIMALITY_UNASSIGNED,514,512,512,NO_RECORDED_FACTOR_PRP_OR_LL_RESULT_AND_NO_ACTIVE_GIMPS_ASSIGNMENT,2026-08-09T02:56:41+00:00,UNALLOCATED,,,,,
SLCMP1467-0843,843,844,509040517,2^509040517-1,STRUCTURAL_SCREEN_EXHAUSTED_PRIMALITY_UNASSIGNED,GF3A_DIRECTIONAL_WRITE_EXHAUSTED_PRIMALITY_UNASSIGNED,513,512,512,NO_RECORDED_FACTOR_PRP_OR_LL_RESULT_AND_NO_ACTIVE_GIMPS_ASSIGNMENT,2026-08-09T02:56:41+00:00,UNALLOCATED,,,,,
SLCMP1467-0844,844,845,509040559,2^509040559-1,STRUCTURAL_SCREEN_EXHAUSTED_PRIMALITY_UNASSIGNED,GF3A_DIRECTIONAL_WRITE_EXHAUSTED_PRIMALITY_UNASSIGNED,514,512,512,NO_RECORDED_FACTOR_PRP_OR_LL_RESULT_AND_NO_ACTIVE_GIMPS_ASSIGNMENT,2026-08-09T02:56:41+00:00,UNALLOCATED,,,,,
SLCMP1467-0845,845,846,509040667,2^509040667-1,STRUCTURAL_SCREEN_EXHAUSTED_PRIMALITY_UNASSIGNED,GF3A_DIRECTIONAL_WRITE_EXHAUSTED_PRIMALITY_UNASSIGNED,514,512,512,NO_RECORDED_FACTOR_PRP_OR_LL_RESULT_AND_NO_ACTIVE_GIMPS_ASSIGNMENT,2026-08-09T02:56:41+00:00,UNALLOCATED,,,,,
SLCMP1467-0846,846,847,509040703,2^509040703-1,STRUCTURAL_SCREEN_EXHAUSTED_PRIMALITY_UNASSIGNED,GF3A_DIRECTIONAL_WRITE_EXHAUSTED_PRIMALITY_UNASSIGNED,514,512,512,NO_RECORDED_FACTOR_PRP_OR_LL_RESULT_AND_NO_ACTIVE_GIMPS_ASSIGNMENT,2026-08-09T02:56:41+00:00,UNALLOCATED,,,,,
SLCMP1467-0847,847,848,509040713,2^509040713-1,STRUCTURAL_SCREEN_EXHAUSTED_PRIMALITY_UNASSIGNED,GF3A_DIRECTIONAL_WRITE_EXHAUSTED_PRIMALITY_UNASSIGNED,513,512,512,NO_RECORDED_FACTOR_PRP_OR_LL_RESULT_AND_NO_ACTIVE_GIMPS_ASSIGNMENT,2026-08-09T02:56:41+00:00,UNALLOCATED,,,,,
SLCMP1467-0848,848,849,509040733,2^509040733-1,STRUCTURAL_SCREEN_EXHAUSTED_PRIMALITY_UNASSIGNED,GF3A_DIRECTIONAL_WRITE_EXHAUSTED_PRIMALITY_UNASSIGNED,513,512,512,NO_RECORDED_FACTOR_PRP_OR_LL_RESULT_AND_NO_ACTIVE_GIMPS_ASSIGNMENT,2026-08-09T02:56:41+00:00,UNALLOCATED,,,,,
SLCMP1467-0849,849,850,509040767,2^509040767-1,STRUCTURAL_SCREEN_EXHAUSTED_PRIMALITY_UNASSIGNED,GF3A_DIRECTIONAL_WRITE_EXHAUSTED_PRIMALITY_UNASSIGNED,514,512,512,NO_RECORDED_FACTOR_PRP_OR_LL_RESULT_AND_NO_ACTIVE_GIMPS_ASSIGNMENT,2026-08-09T02:56:41+00:00,UNALLOCATED,,,,,
SLCMP1467-0850,850,851,509040793,2^509040793-1,STRUCTURAL_SCREEN_EXHAUSTED_PRIMALITY_UNASSIGNED,GF3A_DIRECTIONAL_WRITE_EXHAUSTED_PRIMALITY_UNASSIGNED,513,512,512,NO_RECORDED_FACTOR_PRP_OR_LL_RESULT_AND_NO_ACTIVE_GIMPS_ASSIGNMENT,2026-08-09T02:56:41+00:00,UNALLOCATED,,,,,
SLCMP1467-0851,851,852,509040803,2^509040803-1,STRUCTURAL_SCREEN_EXHAUSTED_PRIMALITY_UNASSIGNED,GF3A_DIRECTIONAL_WRITE_EXHAUSTED_PRIMALITY_UNASSIGNED,514,512,512,NO_RECORDED_FACTOR_PRP_OR_LL_RESULT_AND_NO_ACTIVE_GIMPS_ASSIGNMENT,2026-08-09T02:56:41+00:00,UNALLOCATED,,,,,
SLCMP1467-0852,852,853,509040817,2^509040817-1,STRUCTURAL_SCREEN_EXHAUSTED_PRIMALITY_UNASSIGNED,GF3A_DIRECTIONAL_WRITE_EXHAUSTED_PRIMALITY_UNASSIGNED,513,512,512,NO_RECORDED_FACTOR_PRP_OR_LL_RESULT_AND_NO_ACTIVE_GIMPS_ASSIGNMENT,2026-08-09T02:56:41+00:00,UNALLOCATED,,,,,
SLCMP1467-0853,853,854,509040869,2^509040869-1,STRUCTURAL_SCREEN_EXHAUSTED_PRIMALITY_UNASSIGNED,GF3A_DIRECTIONAL_WRITE_EXHAUSTED_PRIMALITY_UNASSIGNED,513,512,512,NO_RECORDED_FACTOR_PRP_OR_LL_RESULT_AND_NO_ACTIVE_GIMPS_ASSIGNMENT,2026-08-09T02:56:41+00:00,UNALLOCATED,,,,,
SLCMP1467-0854,854,855,509040881,2^509040881-1,STRUCTURAL_SCREEN_EXHAUSTED_PRIMALITY_UNASSIGNED,GF3A_DIRECTIONAL_WRITE_EXHAUSTED_PRIMALITY_UNASSIGNED,513,512,512,NO_RECORDED_FACTOR_PRP_OR_LL_RESULT_AND_NO_ACTIVE_GIMPS_ASSIGNMENT,2026-08-09T02:56:41+00:00,UNALLOCATED,,,,,
SLCMP1467-0855,855,856,509040937,2^509040937-1,STRUCTURAL_SCREEN_EXHAUSTED_PRIMALITY_UNASSIGNED,GF3A_DIRECTIONAL_WRITE_EXHAUSTED_PRIMALITY_UNASSIGNED,513,512,512,NO_RECORDED_FACTOR_PRP_OR_LL_RESULT_AND_NO_ACTIVE_GIMPS_ASSIGNMENT,2026-08-09T02:56:41+00:00,UNALLOCATED,,,,,
SLCMP1467-0856,856,857,509040949,2^509040949-1,STRUCTURAL_SCREEN_EXHAUSTED_PRIMALITY_UNASSIGNED,GF3A_DIRECTIONAL_WRITE_EXHAUSTED_PRIMALITY_UNASSIGNED,513,512,512,NO_RECORDED_FACTOR_PRP_OR_LL_RESULT_AND_NO_ACTIVE_GIMPS_ASSIGNMENT,2026-08-09T02:56:41+00:00,UNALLOCATED,,,,,
SLCMP1467-0857,857,858,509041033,2^509041033-1,STRUCTURAL_SCREEN_EXHAUSTED_PRIMALITY_UNASSIGNED,GF3A_DIRECTIONAL_WRITE_EXHAUSTED_PRIMALITY_UNASSIGNED,513,512,512,NO_RECORDED_FACTOR_PRP_OR_LL_RESULT_AND_NO_ACTIVE_GIMPS_ASSIGNMENT,2026-08-09T02:56:41+00:00,UNALLOCATED,,,,,
SLCMP1467-0858,858,859,509041063,2^509041063-1,STRUCTURAL_SCREEN_EXHAUSTED_PRIMALITY_UNASSIGNED,GF3A_DIRECTIONAL_WRITE_EXHAUSTED_PRIMALITY_UNASSIGNED,514,512,512,NO_RECORDED_FACTOR_PRP_OR_LL_RESULT_AND_NO_ACTIVE_GIMPS_ASSIGNMENT,2026-08-09T02:56:41+00:00,UNALLOCATED,,,,,
SLCMP1467-0859,859,860,509041171,2^509041171-1,STRUCTURAL_SCREEN_EXHAUSTED_PRIMALITY_UNASSIGNED,GF3A_DIRECTIONAL_WRITE_EXHAUSTED_PRIMALITY_UNASSIGNED,514,512,512,NO_RECORDED_FACTOR_PRP_OR_LL_RESULT_AND_NO_ACTIVE_GIMPS_ASSIGNMENT,2026-08-09T02:56:41+00:00,UNALLOCATED,,,,,
SLCMP1467-0860,860,861,509041223,2^509041223-1,STRUCTURAL_SCREEN_EXHAUSTED_PRIMALITY_UNASSIGNED,GF3A_DIRECTIONAL_WRITE_EXHAUSTED_PRIMALITY_UNASSIGNED,514,512,512,NO_RECORDED_FACTOR_PRP_OR_LL_RESULT_AND_NO_ACTIVE_GIMPS_ASSIGNMENT,2026-08-09T02:56:41+00:00,UNALLOCATED,,,,,
SLCMP1467-0861,861,862,509041237,2^509041237-1,STRUCTURAL_SCREEN_EXHAUSTED_PRIMALITY_UNASSIGNED,GF3A_DIRECTIONAL_WRITE_EXHAUSTED_PRIMALITY_UNASSIGNED,513,512,512,NO_RECORDED_FACTOR_PRP_OR_LL_RESULT_AND_NO_ACTIVE_GIMPS_ASSIGNMENT,2026-08-09T02:56:41+00:00,UNALLOCATED,,,,,
SLCMP1467-0862,862,863,509041249,2^509041249-1,STRUCTURAL_SCREEN_EXHAUSTED_PRIMALITY_UNASSIGNED,GF3A_DIRECTIONAL_WRITE_EXHAUSTED_PRIMALITY_UNASSIGNED,513,512,512,NO_RECORDED_FACTOR_PRP_OR_LL_RESULT_AND_NO_ACTIVE_GIMPS_ASSIGNMENT,2026-08-09T02:56:41+00:00,UNALLOCATED,,,,,
SLCMP1467-0863,863,864,509041333,2^509041333-1,STRUCTURAL_SCREEN_EXHAUSTED_PRIMALITY_UNASSIGNED,GF3A_DIRECTIONAL_WRITE_EXHAUSTED_PRIMALITY_UNASSIGNED,513,512,512,NO_RECORDED_FACTOR_PRP_OR_LL_RESULT_AND_NO_ACTIVE_GIMPS_ASSIGNMENT,2026-08-09T02:56:41+00:00,UNALLOCATED,,,,,
SLCMP1467-0864,864,865,509041373,2^509041373-1,STRUCTURAL_SCREEN_EXHAUSTED_PRIMALITY_UNASSIGNED,GF3A_DIRECTIONAL_WRITE_EXHAUSTED_PRIMALITY_UNASSIGNED,513,512,512,NO_RECORDED_FACTOR_PRP_OR_LL_RESULT_AND_NO_ACTIVE_GIMPS_ASSIGNMENT,2026-08-09T02:56:41+00:00,UNALLOCATED,,,,,
SLCMP1467-0865,865,866,509041493,2^509041493-1,STRUCTURAL_SCREEN_EXHAUSTED_PRIMALITY_UNASSIGNED,GF3A_DIRECTIONAL_WRITE_EXHAUSTED_PRIMALITY_UNASSIGNED,513,512,512,NO_RECORDED_FACTOR_PRP_OR_LL_RESULT_AND_NO_ACTIVE_GIMPS_ASSIGNMENT,2026-08-09T02:56:41+00:00,UNALLOCATED,,,,,
SLCMP1467-0866,866,867,509041501,2^509041501-1,STRUCTURAL_SCREEN_EXHAUSTED_PRIMALITY_UNASSIGNED,GF3A_DIRECTIONAL_WRITE_EXHAUSTED_PRIMALITY_UNASSIGNED,513,512,512,NO_RECORDED_FACTOR_PRP_OR_LL_RESULT_AND_NO_ACTIVE_GIMPS_ASSIGNMENT,2026-08-09T02:56:41+00:00,UNALLOCATED,,,,,
SLCMP1467-0867,867,868,509041513,2^509041513-1,STRUCTURAL_SCREEN_EXHAUSTED_PRIMALITY_UNASSIGNED,GF3A_DIRECTIONAL_WRITE_EXHAUSTED_PRIMALITY_UNASSIGNED,513,512,512,NO_RECORDED_FACTOR_PRP_OR_LL_RESULT_AND_NO_ACTIVE_GIMPS_ASSIGNMENT,2026-08-09T02:56:41+00:00,UNALLOCATED,,,,,
SLCMP1467-0868,868,869,509041541,2^509041541-1,STRUCTURAL_SCREEN_EXHAUSTED_PRIMALITY_UNASSIGNED,GF3A_DIRECTIONAL_WRITE_EXHAUSTED_PRIMALITY_UNASSIGNED,513,512,512,NO_RECORDED_FACTOR_PRP_OR_LL_RESULT_AND_NO_ACTIVE_GIMPS_ASSIGNMENT,2026-08-09T02:56:41+00:00,UNALLOCATED,,,,,
SLCMP1467-0869,869,870,509041657,2^509041657-1,STRUCTURAL_SCREEN_EXHAUSTED_PRIMALITY_UNASSIGNED,GF3A_DIRECTIONAL_WRITE_EXHAUSTED_PRIMALITY_UNASSIGNED,513,512,512,NO_RECORDED_FACTOR_PRP_OR_LL_RESULT_AND_NO_ACTIVE_GIMPS_ASSIGNMENT,2026-08-09T02:56:41+00:00,UNALLOCATED,,,,,
SLCMP1467-0870,870,871,509041703,2^509041703-1,STRUCTURAL_SCREEN_EXHAUSTED_PRIMALITY_UNASSIGNED,GF3A_DIRECTIONAL_WRITE_EXHAUSTED_PRIMALITY_UNASSIGNED,514,512,512,NO_RECORDED_FACTOR_PRP_OR_LL_RESULT_AND_NO_ACTIVE_GIMPS_ASSIGNMENT,2026-08-09T02:56:41+00:00,UNALLOCATED,,,,,
SLCMP1467-0871,871,872,509041823,2^509041823-1,STRUCTURAL_SCREEN_EXHAUSTED_PRIMALITY_UNASSIGNED,GF3A_DIRECTIONAL_WRITE_EXHAUSTED_PRIMALITY_UNASSIGNED,514,512,512,NO_RECORDED_FACTOR_PRP_OR_LL_RESULT_AND_NO_ACTIVE_GIMPS_ASSIGNMENT,2026-08-09T02:56:41+00:00,UNALLOCATED,,,,,
SLCMP1467-0872,872,873,509041847,2^509041847-1,STRUCTURAL_SCREEN_EXHAUSTED_PRIMALITY_UNASSIGNED,GF3A_DIRECTIONAL_WRITE_EXHAUSTED_PRIMALITY_UNASSIGNED,514,512,512,NO_RECORDED_FACTOR_PRP_OR_LL_RESULT_AND_NO_ACTIVE_GIMPS_ASSIGNMENT,2026-08-09T02:56:41+00:00,UNALLOCATED,,,,,
SLCMP1467-0873,873,874,509041879,2^509041879-1,STRUCTURAL_SCREEN_EXHAUSTED_PRIMALITY_UNASSIGNED,GF3A_DIRECTIONAL_WRITE_EXHAUSTED_PRIMALITY_UNASSIGNED,514,512,512,NO_RECORDED_FACTOR_PRP_OR_LL_RESULT_AND_NO_ACTIVE_GIMPS_ASSIGNMENT,2026-08-09T02:56:41+00:00,UNALLOCATED,,,,,
SLCMP1467-0874,874,875,509041963,2^509041963-1,STRUCTURAL_SCREEN_EXHAUSTED_PRIMALITY_UNASSIGNED,GF3A_DIRECTIONAL_WRITE_EXHAUSTED_PRIMALITY_UNASSIGNED,514,512,512,NO_RECORDED_FACTOR_PRP_OR_LL_RESULT_AND_NO_ACTIVE_GIMPS_ASSIGNMENT,2026-08-09T02:56:41+00:00,UNALLOCATED,,,,,
SLCMP1467-0875,875,876,509042143,2^509042143-1,STRUCTURAL_SCREEN_EXHAUSTED_PRIMALITY_UNASSIGNED,GF3A_DIRECTIONAL_WRITE_EXHAUSTED_PRIMALITY_UNASSIGNED,514,512,512,NO_RECORDED_FACTOR_PRP_OR_LL_RESULT_AND_NO_ACTIVE_GIMPS_ASSIGNMENT,2026-08-09T02:56:41+00:00,UNALLOCATED,,,,,
SLCMP1467-0876,876,877,509042179,2^509042179-1,STRUCTURAL_SCREEN_EXHAUSTED_PRIMALITY_UNASSIGNED,GF3A_DIRECTIONAL_WRITE_EXHAUSTED_PRIMALITY_UNASSIGNED,514,512,512,NO_RECORDED_FACTOR_PRP_OR_LL_RESULT_AND_NO_ACTIVE_GIMPS_ASSIGNMENT,2026-08-09T02:56:41+00:00,UNALLOCATED,,,,,
SLCMP1467-0877,877,878,509042201,2^509042201-1,STRUCTURAL_SCREEN_EXHAUSTED_PRIMALITY_UNASSIGNED,GF3A_DIRECTIONAL_WRITE_EXHAUSTED_PRIMALITY_UNASSIGNED,513,512,512,NO_RECORDED_FACTOR_PRP_OR_LL_RESULT_AND_NO_ACTIVE_GIMPS_ASSIGNMENT,2026-08-09T02:56:41+00:00,UNALLOCATED,,,,,
SLCMP1467-0878,878,879,509042309,2^509042309-1,STRUCTURAL_SCREEN_EXHAUSTED_PRIMALITY_UNASSIGNED,GF3A_DIRECTIONAL_WRITE_EXHAUSTED_PRIMALITY_UNASSIGNED,513,512,512,NO_RECORDED_FACTOR_PRP_OR_LL_RESULT_AND_NO_ACTIVE_GIMPS_ASSIGNMENT,2026-08-09T02:56:41+00:00,UNALLOCATED,,,,,
SLCMP1467-0879,879,880,509042321,2^509042321-1,STRUCTURAL_SCREEN_EXHAUSTED_PRIMALITY_UNASSIGNED,GF3A_DIRECTIONAL_WRITE_EXHAUSTED_PRIMALITY_UNASSIGNED,513,512,512,NO_RECORDED_FACTOR_PRP_OR_LL_RESULT_AND_NO_ACTIVE_GIMPS_ASSIGNMENT,2026-08-09T02:56:41+00:00,UNALLOCATED,,,,,
SLCMP1467-0880,880,881,509042389,2^509042389-1,STRUCTURAL_SCREEN_EXHAUSTED_PRIMALITY_UNASSIGNED,GF3A_DIRECTIONAL_WRITE_EXHAUSTED_PRIMALITY_UNASSIGNED,513,512,512,NO_RECORDED_FACTOR_PRP_OR_LL_RESULT_AND_NO_ACTIVE_GIMPS_ASSIGNMENT,2026-08-09T02:56:41+00:00,UNALLOCATED,,,,,
SLCMP1467-0881,881,882,509042399,2^509042399-1,STRUCTURAL_SCREEN_EXHAUSTED_PRIMALITY_UNASSIGNED,GF3A_DIRECTIONAL_WRITE_EXHAUSTED_PRIMALITY_UNASSIGNED,514,512,512,NO_RECORDED_FACTOR_PRP_OR_LL_RESULT_AND_NO_ACTIVE_GIMPS_ASSIGNMENT,2026-08-09T02:56:41+00:00,UNALLOCATED,,,,,
SLCMP1467-0882,882,883,509042437,2^509042437-1,STRUCTURAL_SCREEN_EXHAUSTED_PRIMALITY_UNASSIGNED,GF3A_DIRECTIONAL_WRITE_EXHAUSTED_PRIMALITY_UNASSIGNED,513,512,512,NO_RECORDED_FACTOR_PRP_OR_LL_RESULT_AND_NO_ACTIVE_GIMPS_ASSIGNMENT,2026-08-09T02:56:41+00:00,UNALLOCATED,,,,,
SLCMP1467-0883,883,884,509042449,2^509042449-1,STRUCTURAL_SCREEN_EXHAUSTED_PRIMALITY_UNASSIGNED,GF3A_DIRECTIONAL_WRITE_EXHAUSTED_PRIMALITY_UNASSIGNED,513,512,512,NO_RECORDED_FACTOR_PRP_OR_LL_RESULT_AND_NO_ACTIVE_GIMPS_ASSIGNMENT,2026-08-09T02:56:41+00:00,UNALLOCATED,,,,,
SLCMP1467-0884,884,885,509042453,2^509042453-1,STRUCTURAL_SCREEN_EXHAUSTED_PRIMALITY_UNASSIGNED,GF3A_DIRECTIONAL_WRITE_EXHAUSTED_PRIMALITY_UNASSIGNED,513,512,512,NO_RECORDED_FACTOR_PRP_OR_LL_RESULT_AND_NO_ACTIVE_GIMPS_ASSIGNMENT,2026-08-09T02:56:41+00:00,UNALLOCATED,,,,,
SLCMP1467-0885,885,886,509042489,2^509042489-1,STRUCTURAL_SCREEN_EXHAUSTED_PRIMALITY_UNASSIGNED,GF3A_DIRECTIONAL_WRITE_EXHAUSTED_PRIMALITY_UNASSIGNED,513,512,512,NO_RECORDED_FACTOR_PRP_OR_LL_RESULT_AND_NO_ACTIVE_GIMPS_ASSIGNMENT,2026-08-09T02:56:41+00:00,UNALLOCATED,,,,,
SLCMP1467-0886,886,887,509042519,2^509042519-1,STRUCTURAL_SCREEN_EXHAUSTED_PRIMALITY_UNASSIGNED,GF3A_DIRECTIONAL_WRITE_EXHAUSTED_PRIMALITY_UNASSIGNED,514,512,512,NO_RECORDED_FACTOR_PRP_OR_LL_RESULT_AND_NO_ACTIVE_GIMPS_ASSIGNMENT,2026-08-09T02:56:41+00:00,UNALLOCATED,,,,,
SLCMP1467-0887,887,888,509042641,2^509042641-1,STRUCTURAL_SCREEN_EXHAUSTED_PRIMALITY_UNASSIGNED,GF3A_DIRECTIONAL_WRITE_EXHAUSTED_PRIMALITY_UNASSIGNED,513,512,512,NO_RECORDED_FACTOR_PRP_OR_LL_RESULT_AND_NO_ACTIVE_GIMPS_ASSIGNMENT,2026-08-09T02:56:41+00:00,UNALLOCATED,,,,,
SLCMP1467-0888,888,889,509042659,2^509042659-1,STRUCTURAL_SCREEN_EXHAUSTED_PRIMALITY_UNASSIGNED,GF3A_DIRECTIONAL_WRITE_EXHAUSTED_PRIMALITY_UNASSIGNED,514,512,512,NO_RECORDED_FACTOR_PRP_OR_LL_RESULT_AND_NO_ACTIVE_GIMPS_ASSIGNMENT,2026-08-09T02:56:41+00:00,UNALLOCATED,,,,,
SLCMP1467-0889,889,890,509042717,2^509042717-1,STRUCTURAL_SCREEN_EXHAUSTED_PRIMALITY_UNASSIGNED,GF3A_DIRECTIONAL_WRITE_EXHAUSTED_PRIMALITY_UNASSIGNED,513,512,512,NO_RECORDED_FACTOR_PRP_OR_LL_RESULT_AND_NO_ACTIVE_GIMPS_ASSIGNMENT,2026-08-09T02:56:41+00:00,UNALLOCATED,,,,,
SLCMP1467-0890,890,891,509042719,2^509042719-1,STRUCTURAL_SCREEN_EXHAUSTED_PRIMALITY_UNASSIGNED,GF3A_DIRECTIONAL_WRITE_EXHAUSTED_PRIMALITY_UNASSIGNED,514,512,512,NO_RECORDED_FACTOR_PRP_OR_LL_RESULT_AND_NO_ACTIVE_GIMPS_ASSIGNMENT,2026-08-09T02:56:41+00:00,UNALLOCATED,,,,,
SLCMP1467-0891,891,892,509042749,2^509042749-1,STRUCTURAL_SCREEN_EXHAUSTED_PRIMALITY_UNASSIGNED,GF3A_DIRECTIONAL_WRITE_EXHAUSTED_PRIMALITY_UNASSIGNED,513,512,512,NO_RECORDED_FACTOR_PRP_OR_LL_RESULT_AND_NO_ACTIVE_GIMPS_ASSIGNMENT,2026-08-09T02:56:41+00:00,UNALLOCATED,,,,,
SLCMP1467-0892,892,893,509042791,2^509042791-1,STRUCTURAL_SCREEN_EXHAUSTED_PRIMALITY_UNASSIGNED,GF3A_DIRECTIONAL_WRITE_EXHAUSTED_PRIMALITY_UNASSIGNED,514,512,512,NO_RECORDED_FACTOR_PRP_OR_LL_RESULT_AND_NO_ACTIVE_GIMPS_ASSIGNMENT,2026-08-09T02:56:41+00:00,UNALLOCATED,,,,,
SLCMP1467-0893,893,894,509042819,2^509042819-1,STRUCTURAL_SCREEN_EXHAUSTED_PRIMALITY_UNASSIGNED,GF3A_DIRECTIONAL_WRITE_EXHAUSTED_PRIMALITY_UNASSIGNED,514,512,512,NO_RECORDED_FACTOR_PRP_OR_LL_RESULT_AND_NO_ACTIVE_GIMPS_ASSIGNMENT,2026-08-09T02:56:41+00:00,UNALLOCATED,,,,,
SLCMP1467-0894,894,895,509042867,2^509042867-1,STRUCTURAL_SCREEN_EXHAUSTED_PRIMALITY_UNASSIGNED,GF3A_DIRECTIONAL_WRITE_EXHAUSTED_PRIMALITY_UNASSIGNED,514,512,512,NO_RECORDED_FACTOR_PRP_OR_LL_RESULT_AND_NO_ACTIVE_GIMPS_ASSIGNMENT,2026-08-09T02:56:41+00:00,UNALLOCATED,,,,,
SLCMP1467-0895,895,896,509042981,2^509042981-1,STRUCTURAL_SCREEN_EXHAUSTED_PRIMALITY_UNASSIGNED,GF3A_DIRECTIONAL_WRITE_EXHAUSTED_PRIMALITY_UNASSIGNED,513,512,512,NO_RECORDED_FACTOR_PRP_OR_LL_RESULT_AND_NO_ACTIVE_GIMPS_ASSIGNMENT,2026-08-09T02:56:41+00:00,UNALLOCATED,,,,,
SLCMP1467-0896,896,897,509043043,2^509043043-1,STRUCTURAL_SCREEN_EXHAUSTED_PRIMALITY_UNASSIGNED,GF3A_DIRECTIONAL_WRITE_EXHAUSTED_PRIMALITY_UNASSIGNED,514,512,512,NO_RECORDED_FACTOR_PRP_OR_LL_RESULT_AND_NO_ACTIVE_GIMPS_ASSIGNMENT,2026-08-09T02:56:41+00:00,UNALLOCATED,,,,,
SLCMP1467-0897,897,898,509043071,2^509043071-1,STRUCTURAL_SCREEN_EXHAUSTED_PRIMALITY_UNASSIGNED,GF3A_DIRECTIONAL_WRITE_EXHAUSTED_PRIMALITY_UNASSIGNED,514,512,512,NO_RECORDED_FACTOR_PRP_OR_LL_RESULT_AND_NO_ACTIVE_GIMPS_ASSIGNMENT,2026-08-09T02:56:41+00:00,UNALLOCATED,,,,,
SLCMP1467-0898,898,899,509043259,2^509043259-1,STRUCTURAL_SCREEN_EXHAUSTED_PRIMALITY_UNASSIGNED,GF3A_DIRECTIONAL_WRITE_EXHAUSTED_PRIMALITY_UNASSIGNED,514,512,512,NO_RECORDED_FACTOR_PRP_OR_LL_RESULT_AND_NO_ACTIVE_GIMPS_ASSIGNMENT,2026-08-09T02:56:41+00:00,UNALLOCATED,,,,,
SLCMP1467-0899,899,900,509043317,2^509043317-1,STRUCTURAL_SCREEN_EXHAUSTED_PRIMALITY_UNASSIGNED,GF3A_DIRECTIONAL_WRITE_EXHAUSTED_PRIMALITY_UNASSIGNED,513,512,512,NO_RECORDED_FACTOR_PRP_OR_LL_RESULT_AND_NO_ACTIVE_GIMPS_ASSIGNMENT,2026-08-09T02:56:41+00:00,UNALLOCATED,,,,,
SLCMP1467-0900,900,901,509043361,2^509043361-1,STRUCTURAL_SCREEN_EXHAUSTED_PRIMALITY_UNASSIGNED,GF3A_DIRECTIONAL_WRITE_EXHAUSTED_PRIMALITY_UNASSIGNED,513,512,512,NO_RECORDED_FACTOR_PRP_OR_LL_RESULT_AND_NO_ACTIVE_GIMPS_ASSIGNMENT,2026-08-09T02:56:41+00:00,UNALLOCATED,,,,,
SLCMP1467-0901,901,902,509043377,2^509043377-1,STRUCTURAL_SCREEN_EXHAUSTED_PRIMALITY_UNASSIGNED,GF3A_DIRECTIONAL_WRITE_EXHAUSTED_PRIMALITY_UNASSIGNED,513,512,512,NO_RECORDED_FACTOR_PRP_OR_LL_RESULT_AND_NO_ACTIVE_GIMPS_ASSIGNMENT,2026-08-09T02:56:41+00:00,UNALLOCATED,,,,,
SLCMP1467-0902,902,903,509043401,2^509043401-1,STRUCTURAL_SCREEN_EXHAUSTED_PRIMALITY_UNASSIGNED,GF3A_DIRECTIONAL_WRITE_EXHAUSTED_PRIMALITY_UNASSIGNED,513,512,512,NO_RECORDED_FACTOR_PRP_OR_LL_RESULT_AND_NO_ACTIVE_GIMPS_ASSIGNMENT,2026-08-09T02:56:41+00:00,UNALLOCATED,,,,,
SLCMP1467-0903,903,904,509043439,2^509043439-1,STRUCTURAL_SCREEN_EXHAUSTED_PRIMALITY_UNASSIGNED,GF3A_DIRECTIONAL_WRITE_EXHAUSTED_PRIMALITY_UNASSIGNED,514,512,512,NO_RECORDED_FACTOR_PRP_OR_LL_RESULT_AND_NO_ACTIVE_GIMPS_ASSIGNMENT,2026-08-09T02:56:41+00:00,UNALLOCATED,,,,,
SLCMP1467-0904,904,905,509043473,2^509043473-1,STRUCTURAL_SCREEN_EXHAUSTED_PRIMALITY_UNASSIGNED,GF3A_DIRECTIONAL_WRITE_EXHAUSTED_PRIMALITY_UNASSIGNED,513,512,512,NO_RECORDED_FACTOR_PRP_OR_LL_RESULT_AND_NO_ACTIVE_GIMPS_ASSIGNMENT,2026-08-09T02:56:41+00:00,UNALLOCATED,,,,,
SLCMP1467-0905,905,906,509043679,2^509043679-1,STRUCTURAL_SCREEN_EXHAUSTED_PRIMALITY_UNASSIGNED,GF3A_DIRECTIONAL_WRITE_EXHAUSTED_PRIMALITY_UNASSIGNED,514,512,512,NO_RECORDED_FACTOR_PRP_OR_LL_RESULT_AND_NO_ACTIVE_GIMPS_ASSIGNMENT,2026-08-09T02:56:41+00:00,UNALLOCATED,,,,,
SLCMP1467-0906,906,907,509043697,2^509043697-1,STRUCTURAL_SCREEN_EXHAUSTED_PRIMALITY_UNASSIGNED,GF3A_DIRECTIONAL_WRITE_EXHAUSTED_PRIMALITY_UNASSIGNED,513,512,512,NO_RECORDED_FACTOR_PRP_OR_LL_RESULT_AND_NO_ACTIVE_GIMPS_ASSIGNMENT,2026-08-09T02:56:41+00:00,UNALLOCATED,,,,,
SLCMP1467-0907,907,908,509043713,2^509043713-1,STRUCTURAL_SCREEN_EXHAUSTED_PRIMALITY_UNASSIGNED,GF3A_DIRECTIONAL_WRITE_EXHAUSTED_PRIMALITY_UNASSIGNED,513,512,512,NO_RECORDED_FACTOR_PRP_OR_LL_RESULT_AND_NO_ACTIVE_GIMPS_ASSIGNMENT,2026-08-09T02:56:41+00:00,UNALLOCATED,,,,,
SLCMP1467-0908,908,909,509043883,2^509043883-1,STRUCTURAL_SCREEN_EXHAUSTED_PRIMALITY_UNASSIGNED,GF3A_DIRECTIONAL_WRITE_EXHAUSTED_PRIMALITY_UNASSIGNED,514,512,512,NO_RECORDED_FACTOR_PRP_OR_LL_RESULT_AND_NO_ACTIVE_GIMPS_ASSIGNMENT,2026-08-09T02:56:41+00:00,UNALLOCATED,,,,,
SLCMP1467-0909,909,910,509044051,2^509044051-1,STRUCTURAL_SCREEN_EXHAUSTED_PRIMALITY_UNASSIGNED,GF3A_DIRECTIONAL_WRITE_EXHAUSTED_PRIMALITY_UNASSIGNED,514,512,512,NO_RECORDED_FACTOR_PRP_OR_LL_RESULT_AND_NO_ACTIVE_GIMPS_ASSIGNMENT,2026-08-09T02:56:41+00:00,UNALLOCATED,,,,,
SLCMP1467-0910,910,911,509044079,2^509044079-1,STRUCTURAL_SCREEN_EXHAUSTED_PRIMALITY_UNASSIGNED,GF3A_DIRECTIONAL_WRITE_EXHAUSTED_PRIMALITY_UNASSIGNED,514,512,512,NO_RECORDED_FACTOR_PRP_OR_LL_RESULT_AND_NO_ACTIVE_GIMPS_ASSIGNMENT,2026-08-09T02:56:41+00:00,UNALLOCATED,,,,,
SLCMP1467-0911,911,912,509044097,2^509044097-1,STRUCTURAL_SCREEN_EXHAUSTED_PRIMALITY_UNASSIGNED,GF3A_DIRECTIONAL_WRITE_EXHAUSTED_PRIMALITY_UNASSIGNED,513,512,512,NO_RECORDED_FACTOR_PRP_OR_LL_RESULT_AND_NO_ACTIVE_GIMPS_ASSIGNMENT,2026-08-09T02:56:41+00:00,UNALLOCATED,,,,,
SLCMP1467-0912,912,913,509044121,2^509044121-1,STRUCTURAL_SCREEN_EXHAUSTED_PRIMALITY_UNASSIGNED,GF3A_DIRECTIONAL_WRITE_EXHAUSTED_PRIMALITY_UNASSIGNED,513,512,512,NO_RECORDED_FACTOR_PRP_OR_LL_RESULT_AND_NO_ACTIVE_GIMPS_ASSIGNMENT,2026-08-09T02:56:41+00:00,UNALLOCATED,,,,,
SLCMP1467-0913,913,914,509044139,2^509044139-1,STRUCTURAL_SCREEN_EXHAUSTED_PRIMALITY_UNASSIGNED,GF3A_DIRECTIONAL_WRITE_EXHAUSTED_PRIMALITY_UNASSIGNED,514,512,512,NO_RECORDED_FACTOR_PRP_OR_LL_RESULT_AND_NO_ACTIVE_GIMPS_ASSIGNMENT,2026-08-09T02:56:41+00:00,UNALLOCATED,,,,,
SLCMP1467-0914,914,915,509044147,2^509044147-1,STRUCTURAL_SCREEN_EXHAUSTED_PRIMALITY_UNASSIGNED,GF3A_DIRECTIONAL_WRITE_EXHAUSTED_PRIMALITY_UNASSIGNED,514,512,512,NO_RECORDED_FACTOR_PRP_OR_LL_RESULT_AND_NO_ACTIVE_GIMPS_ASSIGNMENT,2026-08-09T02:56:41+00:00,UNALLOCATED,,,,,
SLCMP1467-0915,915,916,509044307,2^509044307-1,STRUCTURAL_SCREEN_EXHAUSTED_PRIMALITY_UNASSIGNED,GF3A_DIRECTIONAL_WRITE_EXHAUSTED_PRIMALITY_UNASSIGNED,514,512,512,NO_RECORDED_FACTOR_PRP_OR_LL_RESULT_AND_NO_ACTIVE_GIMPS_ASSIGNMENT,2026-08-09T02:56:41+00:00,UNALLOCATED,,,,,
SLCMP1467-0916,916,917,509044339,2^509044339-1,STRUCTURAL_SCREEN_EXHAUSTED_PRIMALITY_UNASSIGNED,GF3A_DIRECTIONAL_WRITE_EXHAUSTED_PRIMALITY_UNASSIGNED,514,512,512,NO_RECORDED_FACTOR_PRP_OR_LL_RESULT_AND_NO_ACTIVE_GIMPS_ASSIGNMENT,2026-08-09T02:56:41+00:00,UNALLOCATED,,,,,
SLCMP1467-0917,917,918,509044399,2^509044399-1,STRUCTURAL_SCREEN_EXHAUSTED_PRIMALITY_UNASSIGNED,GF3A_DIRECTIONAL_WRITE_EXHAUSTED_PRIMALITY_UNASSIGNED,514,512,512,NO_RECORDED_FACTOR_PRP_OR_LL_RESULT_AND_NO_ACTIVE_GIMPS_ASSIGNMENT,2026-08-09T02:56:41+00:00,UNALLOCATED,,,,,
SLCMP1467-0918,918,919,509044439,2^509044439-1,STRUCTURAL_SCREEN_EXHAUSTED_PRIMALITY_UNASSIGNED,GF3A_DIRECTIONAL_WRITE_EXHAUSTED_PRIMALITY_UNASSIGNED,514,512,512,NO_RECORDED_FACTOR_PRP_OR_LL_RESULT_AND_NO_ACTIVE_GIMPS_ASSIGNMENT,2026-08-09T02:56:41+00:00,UNALLOCATED,,,,,
SLCMP1467-0919,919,920,509044499,2^509044499-1,STRUCTURAL_SCREEN_EXHAUSTED_PRIMALITY_UNASSIGNED,GF3A_DIRECTIONAL_WRITE_EXHAUSTED_PRIMALITY_UNASSIGNED,514,512,512,NO_RECORDED_FACTOR_PRP_OR_LL_RESULT_AND_NO_ACTIVE_GIMPS_ASSIGNMENT,2026-08-09T02:56:41+00:00,UNALLOCATED,,,,,
SLCMP1467-0920,920,921,509044607,2^509044607-1,STRUCTURAL_SCREEN_EXHAUSTED_PRIMALITY_UNASSIGNED,GF3A_DIRECTIONAL_WRITE_EXHAUSTED_PRIMALITY_UNASSIGNED,514,512,512,NO_RECORDED_FACTOR_PRP_OR_LL_RESULT_AND_NO_ACTIVE_GIMPS_ASSIGNMENT,2026-08-09T02:56:41+00:00,UNALLOCATED,,,,,
SLCMP1467-0921,921,922,509044703,2^509044703-1,STRUCTURAL_SCREEN_EXHAUSTED_PRIMALITY_UNASSIGNED,GF3A_DIRECTIONAL_WRITE_EXHAUSTED_PRIMALITY_UNASSIGNED,514,512,512,NO_RECORDED_FACTOR_PRP_OR_LL_RESULT_AND_NO_ACTIVE_GIMPS_ASSIGNMENT,2026-08-09T02:56:41+00:00,UNALLOCATED,,,,,
SLCMP1467-0922,922,923,509044847,2^509044847-1,STRUCTURAL_SCREEN_EXHAUSTED_PRIMALITY_UNASSIGNED,GF3A_DIRECTIONAL_WRITE_EXHAUSTED_PRIMALITY_UNASSIGNED,514,512,512,NO_RECORDED_FACTOR_PRP_OR_LL_RESULT_AND_NO_ACTIVE_GIMPS_ASSIGNMENT,2026-08-09T02:56:41+00:00,UNALLOCATED,,,,,
SLCMP1467-0923,923,924,509044867,2^509044867-1,STRUCTURAL_SCREEN_EXHAUSTED_PRIMALITY_UNASSIGNED,GF3A_DIRECTIONAL_WRITE_EXHAUSTED_PRIMALITY_UNASSIGNED,514,512,512,NO_RECORDED_FACTOR_PRP_OR_LL_RESULT_AND_NO_ACTIVE_GIMPS_ASSIGNMENT,2026-08-09T02:56:41+00:00,UNALLOCATED,,,,,
SLCMP1467-0924,924,925,509044897,2^509044897-1,STRUCTURAL_SCREEN_EXHAUSTED_PRIMALITY_UNASSIGNED,GF3A_DIRECTIONAL_WRITE_EXHAUSTED_PRIMALITY_UNASSIGNED,513,512,512,NO_RECORDED_FACTOR_PRP_OR_LL_RESULT_AND_NO_ACTIVE_GIMPS_ASSIGNMENT,2026-08-09T02:56:41+00:00,UNALLOCATED,,,,,
SLCMP1467-0925,925,926,509044919,2^509044919-1,STRUCTURAL_SCREEN_EXHAUSTED_PRIMALITY_UNASSIGNED,GF3A_DIRECTIONAL_WRITE_EXHAUSTED_PRIMALITY_UNASSIGNED,514,512,512,NO_RECORDED_FACTOR_PRP_OR_LL_RESULT_AND_NO_ACTIVE_GIMPS_ASSIGNMENT,2026-08-09T02:56:41+00:00,UNALLOCATED,,,,,
SLCMP1467-0926,926,927,509044981,2^509044981-1,STRUCTURAL_SCREEN_EXHAUSTED_PRIMALITY_UNASSIGNED,GF3A_DIRECTIONAL_WRITE_EXHAUSTED_PRIMALITY_UNASSIGNED,513,512,512,NO_RECORDED_FACTOR_PRP_OR_LL_RESULT_AND_NO_ACTIVE_GIMPS_ASSIGNMENT,2026-08-09T02:56:41+00:00,UNALLOCATED,,,,,
SLCMP1467-0927,927,928,509045077,2^509045077-1,STRUCTURAL_SCREEN_EXHAUSTED_PRIMALITY_UNASSIGNED,GF3A_DIRECTIONAL_WRITE_EXHAUSTED_PRIMALITY_UNASSIGNED,513,512,512,NO_RECORDED_FACTOR_PRP_OR_LL_RESULT_AND_NO_ACTIVE_GIMPS_ASSIGNMENT,2026-08-09T02:56:41+00:00,UNALLOCATED,,,,,
SLCMP1467-0928,928,929,509045099,2^509045099-1,STRUCTURAL_SCREEN_EXHAUSTED_PRIMALITY_UNASSIGNED,GF3A_DIRECTIONAL_WRITE_EXHAUSTED_PRIMALITY_UNASSIGNED,514,512,512,NO_RECORDED_FACTOR_PRP_OR_LL_RESULT_AND_NO_ACTIVE_GIMPS_ASSIGNMENT,2026-08-09T02:56:41+00:00,UNALLOCATED,,,,,
SLCMP1467-0929,929,930,509045153,2^509045153-1,STRUCTURAL_SCREEN_EXHAUSTED_PRIMALITY_UNASSIGNED,GF3A_DIRECTIONAL_WRITE_EXHAUSTED_PRIMALITY_UNASSIGNED,513,512,512,NO_RECORDED_FACTOR_PRP_OR_LL_RESULT_AND_NO_ACTIVE_GIMPS_ASSIGNMENT,2026-08-09T02:56:41+00:00,UNALLOCATED,,,,,
SLCMP1467-0930,930,931,509045237,2^509045237-1,STRUCTURAL_SCREEN_EXHAUSTED_PRIMALITY_UNASSIGNED,GF3A_DIRECTIONAL_WRITE_EXHAUSTED_PRIMALITY_UNASSIGNED,513,512,512,NO_RECORDED_FACTOR_PRP_OR_LL_RESULT_AND_NO_ACTIVE_GIMPS_ASSIGNMENT,2026-08-09T02:56:41+00:00,UNALLOCATED,,,,,
SLCMP1467-0931,931,932,509045287,2^509045287-1,STRUCTURAL_SCREEN_EXHAUSTED_PRIMALITY_UNASSIGNED,GF3A_DIRECTIONAL_WRITE_EXHAUSTED_PRIMALITY_UNASSIGNED,514,512,512,NO_RECORDED_FACTOR_PRP_OR_LL_RESULT_AND_NO_ACTIVE_GIMPS_ASSIGNMENT,2026-08-09T02:56:41+00:00,UNALLOCATED,,,,,
SLCMP1467-0932,932,933,509045291,2^509045291-1,STRUCTURAL_SCREEN_EXHAUSTED_PRIMALITY_UNASSIGNED,GF3A_DIRECTIONAL_WRITE_EXHAUSTED_PRIMALITY_UNASSIGNED,514,512,512,NO_RECORDED_FACTOR_PRP_OR_LL_RESULT_AND_NO_ACTIVE_GIMPS_ASSIGNMENT,2026-08-09T02:56:41+00:00,UNALLOCATED,,,,,
SLCMP1467-0933,933,934,509045377,2^509045377-1,STRUCTURAL_SCREEN_EXHAUSTED_PRIMALITY_UNASSIGNED,GF3A_DIRECTIONAL_WRITE_EXHAUSTED_PRIMALITY_UNASSIGNED,513,512,512,NO_RECORDED_FACTOR_PRP_OR_LL_RESULT_AND_NO_ACTIVE_GIMPS_ASSIGNMENT,2026-08-09T02:56:41+00:00,UNALLOCATED,,,,,
SLCMP1467-0934,934,935,509045479,2^509045479-1,STRUCTURAL_SCREEN_EXHAUSTED_PRIMALITY_UNASSIGNED,GF3A_DIRECTIONAL_WRITE_EXHAUSTED_PRIMALITY_UNASSIGNED,514,512,512,NO_RECORDED_FACTOR_PRP_OR_LL_RESULT_AND_NO_ACTIVE_GIMPS_ASSIGNMENT,2026-08-09T02:56:41+00:00,UNALLOCATED,,,,,
SLCMP1467-0935,935,936,509045507,2^509045507-1,STRUCTURAL_SCREEN_EXHAUSTED_PRIMALITY_UNASSIGNED,GF3A_DIRECTIONAL_WRITE_EXHAUSTED_PRIMALITY_UNASSIGNED,514,512,512,NO_RECORDED_FACTOR_PRP_OR_LL_RESULT_AND_NO_ACTIVE_GIMPS_ASSIGNMENT,2026-08-09T02:56:41+00:00,UNALLOCATED,,,,,
SLCMP1467-0936,936,937,509045611,2^509045611-1,STRUCTURAL_SCREEN_EXHAUSTED_PRIMALITY_UNASSIGNED,GF3A_DIRECTIONAL_WRITE_EXHAUSTED_PRIMALITY_UNASSIGNED,514,512,512,NO_RECORDED_FACTOR_PRP_OR_LL_RESULT_AND_NO_ACTIVE_GIMPS_ASSIGNMENT,2026-08-09T02:56:41+00:00,UNALLOCATED,,,,,
SLCMP1467-0937,937,938,509045629,2^509045629-1,STRUCTURAL_SCREEN_EXHAUSTED_PRIMALITY_UNASSIGNED,GF3A_DIRECTIONAL_WRITE_EXHAUSTED_PRIMALITY_UNASSIGNED,513,512,512,NO_RECORDED_FACTOR_PRP_OR_LL_RESULT_AND_NO_ACTIVE_GIMPS_ASSIGNMENT,2026-08-09T02:56:41+00:00,UNALLOCATED,,,,,
SLCMP1467-0938,938,939,509045657,2^509045657-1,STRUCTURAL_SCREEN_EXHAUSTED_PRIMALITY_UNASSIGNED,GF3A_DIRECTIONAL_WRITE_EXHAUSTED_PRIMALITY_UNASSIGNED,513,512,512,NO_RECORDED_FACTOR_PRP_OR_LL_RESULT_AND_NO_ACTIVE_GIMPS_ASSIGNMENT,2026-08-09T02:56:41+00:00,UNALLOCATED,,,,,
SLCMP1467-0939,939,940,509045839,2^509045839-1,STRUCTURAL_SCREEN_EXHAUSTED_PRIMALITY_UNASSIGNED,GF3A_DIRECTIONAL_WRITE_EXHAUSTED_PRIMALITY_UNASSIGNED,514,512,512,NO_RECORDED_FACTOR_PRP_OR_LL_RESULT_AND_NO_ACTIVE_GIMPS_ASSIGNMENT,2026-08-09T02:56:41+00:00,UNALLOCATED,,,,,
SLCMP1467-0940,940,941,509045857,2^509045857-1,STRUCTURAL_SCREEN_EXHAUSTED_PRIMALITY_UNASSIGNED,GF3A_DIRECTIONAL_WRITE_EXHAUSTED_PRIMALITY_UNASSIGNED,513,512,512,NO_RECORDED_FACTOR_PRP_OR_LL_RESULT_AND_NO_ACTIVE_GIMPS_ASSIGNMENT,2026-08-09T02:56:41+00:00,UNALLOCATED,,,,,
SLCMP1467-0941,941,942,509045921,2^509045921-1,STRUCTURAL_SCREEN_EXHAUSTED_PRIMALITY_UNASSIGNED,GF3A_DIRECTIONAL_WRITE_EXHAUSTED_PRIMALITY_UNASSIGNED,513,512,512,NO_RECORDED_FACTOR_PRP_OR_LL_RESULT_AND_NO_ACTIVE_GIMPS_ASSIGNMENT,2026-08-09T02:56:41+00:00,UNALLOCATED,,,,,
SLCMP1467-0942,942,943,509045987,2^509045987-1,STRUCTURAL_SCREEN_EXHAUSTED_PRIMALITY_UNASSIGNED,GF3A_DIRECTIONAL_WRITE_EXHAUSTED_PRIMALITY_UNASSIGNED,514,512,512,NO_RECORDED_FACTOR_PRP_OR_LL_RESULT_AND_NO_ACTIVE_GIMPS_ASSIGNMENT,2026-08-09T02:56:41+00:00,UNALLOCATED,,,,,
SLCMP1467-0943,943,944,509046001,2^509046001-1,STRUCTURAL_SCREEN_EXHAUSTED_PRIMALITY_UNASSIGNED,GF3A_DIRECTIONAL_WRITE_EXHAUSTED_PRIMALITY_UNASSIGNED,513,512,512,NO_RECORDED_FACTOR_PRP_OR_LL_RESULT_AND_NO_ACTIVE_GIMPS_ASSIGNMENT,2026-08-09T02:56:41+00:00,UNALLOCATED,,,,,
SLCMP1467-0944,944,945,509046007,2^509046007-1,STRUCTURAL_SCREEN_EXHAUSTED_PRIMALITY_UNASSIGNED,GF3A_DIRECTIONAL_WRITE_EXHAUSTED_PRIMALITY_UNASSIGNED,514,512,512,NO_RECORDED_FACTOR_PRP_OR_LL_RESULT_AND_NO_ACTIVE_GIMPS_ASSIGNMENT,2026-08-09T02:56:41+00:00,UNALLOCATED,,,,,
SLCMP1467-0945,945,946,509046067,2^509046067-1,STRUCTURAL_SCREEN_EXHAUSTED_PRIMALITY_UNASSIGNED,GF3A_DIRECTIONAL_WRITE_EXHAUSTED_PRIMALITY_UNASSIGNED,514,512,512,NO_RECORDED_FACTOR_PRP_OR_LL_RESULT_AND_NO_ACTIVE_GIMPS_ASSIGNMENT,2026-08-09T02:56:41+00:00,UNALLOCATED,,,,,
SLCMP1467-0946,946,947,509046103,2^509046103-1,STRUCTURAL_SCREEN_EXHAUSTED_PRIMALITY_UNASSIGNED,GF3A_DIRECTIONAL_WRITE_EXHAUSTED_PRIMALITY_UNASSIGNED,514,512,512,NO_RECORDED_FACTOR_PRP_OR_LL_RESULT_AND_NO_ACTIVE_GIMPS_ASSIGNMENT,2026-08-09T02:56:41+00:00,UNALLOCATED,,,,,
SLCMP1467-0947,947,948,509046253,2^509046253-1,STRUCTURAL_SCREEN_EXHAUSTED_PRIMALITY_UNASSIGNED,GF3A_DIRECTIONAL_WRITE_EXHAUSTED_PRIMALITY_UNASSIGNED,513,512,512,NO_RECORDED_FACTOR_PRP_OR_LL_RESULT_AND_NO_ACTIVE_GIMPS_ASSIGNMENT,2026-08-09T02:56:41+00:00,UNALLOCATED,,,,,
SLCMP1467-0948,948,949,509046311,2^509046311-1,STRUCTURAL_SCREEN_EXHAUSTED_PRIMALITY_UNASSIGNED,GF3A_DIRECTIONAL_WRITE_EXHAUSTED_PRIMALITY_UNASSIGNED,514,512,512,NO_RECORDED_FACTOR_PRP_OR_LL_RESULT_AND_NO_ACTIVE_GIMPS_ASSIGNMENT,2026-08-09T02:56:41+00:00,UNALLOCATED,,,,,
SLCMP1467-0949,949,950,509046383,2^509046383-1,STRUCTURAL_SCREEN_EXHAUSTED_PRIMALITY_UNASSIGNED,GF3A_DIRECTIONAL_WRITE_EXHAUSTED_PRIMALITY_UNASSIGNED,514,512,512,NO_RECORDED_FACTOR_PRP_OR_LL_RESULT_AND_NO_ACTIVE_GIMPS_ASSIGNMENT,2026-08-09T02:56:41+00:00,UNALLOCATED,,,,,
SLCMP1467-0950,950,951,509046413,2^509046413-1,STRUCTURAL_SCREEN_EXHAUSTED_PRIMALITY_UNASSIGNED,GF3A_DIRECTIONAL_WRITE_EXHAUSTED_PRIMALITY_UNASSIGNED,513,512,512,NO_RECORDED_FACTOR_PRP_OR_LL_RESULT_AND_NO_ACTIVE_GIMPS_ASSIGNMENT,2026-08-09T02:56:41+00:00,UNALLOCATED,,,,,
SLCMP1467-0951,951,952,509046437,2^509046437-1,STRUCTURAL_SCREEN_EXHAUSTED_PRIMALITY_UNASSIGNED,GF3A_DIRECTIONAL_WRITE_EXHAUSTED_PRIMALITY_UNASSIGNED,513,512,512,NO_RECORDED_FACTOR_PRP_OR_LL_RESULT_AND_NO_ACTIVE_GIMPS_ASSIGNMENT,2026-08-09T02:56:41+00:00,UNALLOCATED,,,,,
SLCMP1467-0952,952,953,509046451,2^509046451-1,STRUCTURAL_SCREEN_EXHAUSTED_PRIMALITY_UNASSIGNED,GF3A_DIRECTIONAL_WRITE_EXHAUSTED_PRIMALITY_UNASSIGNED,514,512,512,NO_RECORDED_FACTOR_PRP_OR_LL_RESULT_AND_NO_ACTIVE_GIMPS_ASSIGNMENT,2026-08-09T02:56:41+00:00,UNALLOCATED,,,,,
SLCMP1467-0953,953,954,509046457,2^509046457-1,STRUCTURAL_SCREEN_EXHAUSTED_PRIMALITY_UNASSIGNED,GF3A_DIRECTIONAL_WRITE_EXHAUSTED_PRIMALITY_UNASSIGNED,513,512,512,NO_RECORDED_FACTOR_PRP_OR_LL_RESULT_AND_NO_ACTIVE_GIMPS_ASSIGNMENT,2026-08-09T02:56:41+00:00,UNALLOCATED,,,,,
SLCMP1467-0954,954,955,509046463,2^509046463-1,STRUCTURAL_SCREEN_EXHAUSTED_PRIMALITY_UNASSIGNED,GF3A_DIRECTIONAL_WRITE_EXHAUSTED_PRIMALITY_UNASSIGNED,514,512,512,NO_RECORDED_FACTOR_PRP_OR_LL_RESULT_AND_NO_ACTIVE_GIMPS_ASSIGNMENT,2026-08-09T02:56:41+00:00,UNALLOCATED,,,,,
SLCMP1467-0955,955,956,509046467,2^509046467-1,STRUCTURAL_SCREEN_EXHAUSTED_PRIMALITY_UNASSIGNED,GF3A_DIRECTIONAL_WRITE_EXHAUSTED_PRIMALITY_UNASSIGNED,514,512,512,NO_RECORDED_FACTOR_PRP_OR_LL_RESULT_AND_NO_ACTIVE_GIMPS_ASSIGNMENT,2026-08-09T02:56:41+00:00,UNALLOCATED,,,,,
SLCMP1467-0956,956,957,509046493,2^509046493-1,STRUCTURAL_SCREEN_EXHAUSTED_PRIMALITY_UNASSIGNED,GF3A_DIRECTIONAL_WRITE_EXHAUSTED_PRIMALITY_UNASSIGNED,513,512,512,NO_RECORDED_FACTOR_PRP_OR_LL_RESULT_AND_NO_ACTIVE_GIMPS_ASSIGNMENT,2026-08-09T02:56:41+00:00,UNALLOCATED,,,,,
SLCMP1467-0957,957,958,509046779,2^509046779-1,STRUCTURAL_SCREEN_EXHAUSTED_PRIMALITY_UNASSIGNED,GF3A_DIRECTIONAL_WRITE_EXHAUSTED_PRIMALITY_UNASSIGNED,514,512,512,NO_RECORDED_FACTOR_PRP_OR_LL_RESULT_AND_NO_ACTIVE_GIMPS_ASSIGNMENT,2026-08-09T02:56:41+00:00,UNALLOCATED,,,,,
SLCMP1467-0958,958,959,509046953,2^509046953-1,STRUCTURAL_SCREEN_EXHAUSTED_PRIMALITY_UNASSIGNED,GF3A_DIRECTIONAL_WRITE_EXHAUSTED_PRIMALITY_UNASSIGNED,513,512,512,NO_RECORDED_FACTOR_PRP_OR_LL_RESULT_AND_NO_ACTIVE_GIMPS_ASSIGNMENT,2026-08-09T02:56:41+00:00,UNALLOCATED,,,,,
SLCMP1467-0959,959,960,509046973,2^509046973-1,STRUCTURAL_SCREEN_EXHAUSTED_PRIMALITY_UNASSIGNED,GF3A_DIRECTIONAL_WRITE_EXHAUSTED_PRIMALITY_UNASSIGNED,513,512,512,NO_RECORDED_FACTOR_PRP_OR_LL_RESULT_AND_NO_ACTIVE_GIMPS_ASSIGNMENT,2026-08-09T02:56:41+00:00,UNALLOCATED,,,,,
SLCMP1467-0960,960,961,509047003,2^509047003-1,STRUCTURAL_SCREEN_EXHAUSTED_PRIMALITY_UNASSIGNED,GF3A_DIRECTIONAL_WRITE_EXHAUSTED_PRIMALITY_UNASSIGNED,514,512,512,NO_RECORDED_FACTOR_PRP_OR_LL_RESULT_AND_NO_ACTIVE_GIMPS_ASSIGNMENT,2026-08-09T02:56:41+00:00,UNALLOCATED,,,,,
SLCMP1467-0961,961,962,509047009,2^509047009-1,STRUCTURAL_SCREEN_EXHAUSTED_PRIMALITY_UNASSIGNED,GF3A_DIRECTIONAL_WRITE_EXHAUSTED_PRIMALITY_UNASSIGNED,513,512,512,NO_RECORDED_FACTOR_PRP_OR_LL_RESULT_AND_NO_ACTIVE_GIMPS_ASSIGNMENT,2026-08-09T02:56:41+00:00,UNALLOCATED,,,,,
SLCMP1467-0962,962,963,509047037,2^509047037-1,STRUCTURAL_SCREEN_EXHAUSTED_PRIMALITY_UNASSIGNED,GF3A_DIRECTIONAL_WRITE_EXHAUSTED_PRIMALITY_UNASSIGNED,513,512,512,NO_RECORDED_FACTOR_PRP_OR_LL_RESULT_AND_NO_ACTIVE_GIMPS_ASSIGNMENT,2026-08-09T02:56:41+00:00,UNALLOCATED,,,,,
SLCMP1467-0963,963,964,509047081,2^509047081-1,STRUCTURAL_SCREEN_EXHAUSTED_PRIMALITY_UNASSIGNED,GF3A_DIRECTIONAL_WRITE_EXHAUSTED_PRIMALITY_UNASSIGNED,513,512,512,NO_RECORDED_FACTOR_PRP_OR_LL_RESULT_AND_NO_ACTIVE_GIMPS_ASSIGNMENT,2026-08-09T02:56:41+00:00,UNALLOCATED,,,,,
SLCMP1467-0964,964,965,509047163,2^509047163-1,STRUCTURAL_SCREEN_EXHAUSTED_PRIMALITY_UNASSIGNED,GF3A_DIRECTIONAL_WRITE_EXHAUSTED_PRIMALITY_UNASSIGNED,514,512,512,NO_RECORDED_FACTOR_PRP_OR_LL_RESULT_AND_NO_ACTIVE_GIMPS_ASSIGNMENT,2026-08-09T02:56:41+00:00,UNALLOCATED,,,,,
SLCMP1467-0965,965,966,509047169,2^509047169-1,STRUCTURAL_SCREEN_EXHAUSTED_PRIMALITY_UNASSIGNED,GF3A_DIRECTIONAL_WRITE_EXHAUSTED_PRIMALITY_UNASSIGNED,513,512,512,NO_RECORDED_FACTOR_PRP_OR_LL_RESULT_AND_NO_ACTIVE_GIMPS_ASSIGNMENT,2026-08-09T02:56:41+00:00,UNALLOCATED,,,,,
SLCMP1467-0966,966,967,509047219,2^509047219-1,STRUCTURAL_SCREEN_EXHAUSTED_PRIMALITY_UNASSIGNED,GF3A_DIRECTIONAL_WRITE_EXHAUSTED_PRIMALITY_UNASSIGNED,514,512,512,NO_RECORDED_FACTOR_PRP_OR_LL_RESULT_AND_NO_ACTIVE_GIMPS_ASSIGNMENT,2026-08-09T02:56:41+00:00,UNALLOCATED,,,,,
SLCMP1467-0967,967,968,509047277,2^509047277-1,STRUCTURAL_SCREEN_EXHAUSTED_PRIMALITY_UNASSIGNED,GF3A_DIRECTIONAL_WRITE_EXHAUSTED_PRIMALITY_UNASSIGNED,513,512,512,NO_RECORDED_FACTOR_PRP_OR_LL_RESULT_AND_NO_ACTIVE_GIMPS_ASSIGNMENT,2026-08-09T02:56:41+00:00,UNALLOCATED,,,,,
SLCMP1467-0968,968,969,509047423,2^509047423-1,STRUCTURAL_SCREEN_EXHAUSTED_PRIMALITY_UNASSIGNED,GF3A_DIRECTIONAL_WRITE_EXHAUSTED_PRIMALITY_UNASSIGNED,514,512,512,NO_RECORDED_FACTOR_PRP_OR_LL_RESULT_AND_NO_ACTIVE_GIMPS_ASSIGNMENT,2026-08-09T02:56:41+00:00,UNALLOCATED,,,,,
SLCMP1467-0969,969,970,509047489,2^509047489-1,STRUCTURAL_SCREEN_EXHAUSTED_PRIMALITY_UNASSIGNED,GF3A_DIRECTIONAL_WRITE_EXHAUSTED_PRIMALITY_UNASSIGNED,513,512,512,NO_RECORDED_FACTOR_PRP_OR_LL_RESULT_AND_NO_ACTIVE_GIMPS_ASSIGNMENT,2026-08-09T02:56:41+00:00,UNALLOCATED,,,,,
SLCMP1467-0970,970,971,509047579,2^509047579-1,STRUCTURAL_SCREEN_EXHAUSTED_PRIMALITY_UNASSIGNED,GF3A_DIRECTIONAL_WRITE_EXHAUSTED_PRIMALITY_UNASSIGNED,514,512,512,NO_RECORDED_FACTOR_PRP_OR_LL_RESULT_AND_NO_ACTIVE_GIMPS_ASSIGNMENT,2026-08-09T02:56:41+00:00,UNALLOCATED,,,,,
SLCMP1467-0971,971,972,509047667,2^509047667-1,STRUCTURAL_SCREEN_EXHAUSTED_PRIMALITY_UNASSIGNED,GF3A_DIRECTIONAL_WRITE_EXHAUSTED_PRIMALITY_UNASSIGNED,514,512,512,NO_RECORDED_FACTOR_PRP_OR_LL_RESULT_AND_NO_ACTIVE_GIMPS_ASSIGNMENT,2026-08-09T02:56:41+00:00,UNALLOCATED,,,,,
SLCMP1467-0972,972,973,509047697,2^509047697-1,STRUCTURAL_SCREEN_EXHAUSTED_PRIMALITY_UNASSIGNED,GF3A_DIRECTIONAL_WRITE_EXHAUSTED_PRIMALITY_UNASSIGNED,513,512,512,NO_RECORDED_FACTOR_PRP_OR_LL_RESULT_AND_NO_ACTIVE_GIMPS_ASSIGNMENT,2026-08-09T02:56:41+00:00,UNALLOCATED,,,,,
SLCMP1467-0973,973,974,509047801,2^509047801-1,STRUCTURAL_SCREEN_EXHAUSTED_PRIMALITY_UNASSIGNED,GF3A_DIRECTIONAL_WRITE_EXHAUSTED_PRIMALITY_UNASSIGNED,513,512,512,NO_RECORDED_FACTOR_PRP_OR_LL_RESULT_AND_NO_ACTIVE_GIMPS_ASSIGNMENT,2026-08-09T02:56:41+00:00,UNALLOCATED,,,,,
SLCMP1467-0974,974,975,509047823,2^509047823-1,STRUCTURAL_SCREEN_EXHAUSTED_PRIMALITY_UNASSIGNED,GF3A_DIRECTIONAL_WRITE_EXHAUSTED_PRIMALITY_UNASSIGNED,514,512,512,NO_RECORDED_FACTOR_PRP_OR_LL_RESULT_AND_NO_ACTIVE_GIMPS_ASSIGNMENT,2026-08-09T02:56:41+00:00,UNALLOCATED,,,,,
SLCMP1467-0975,975,976,509047831,2^509047831-1,STRUCTURAL_SCREEN_EXHAUSTED_PRIMALITY_UNASSIGNED,GF3A_DIRECTIONAL_WRITE_EXHAUSTED_PRIMALITY_UNASSIGNED,514,512,512,NO_RECORDED_FACTOR_PRP_OR_LL_RESULT_AND_NO_ACTIVE_GIMPS_ASSIGNMENT,2026-08-09T02:56:41+00:00,UNALLOCATED,,,,,
SLCMP1467-0976,976,977,509047853,2^509047853-1,STRUCTURAL_SCREEN_EXHAUSTED_PRIMALITY_UNASSIGNED,GF3A_DIRECTIONAL_WRITE_EXHAUSTED_PRIMALITY_UNASSIGNED,513,512,512,NO_RECORDED_FACTOR_PRP_OR_LL_RESULT_AND_NO_ACTIVE_GIMPS_ASSIGNMENT,2026-08-09T02:56:41+00:00,UNALLOCATED,,,,,
SLCMP1467-0977,977,978,509047873,2^509047873-1,STRUCTURAL_SCREEN_EXHAUSTED_PRIMALITY_UNASSIGNED,GF3A_DIRECTIONAL_WRITE_EXHAUSTED_PRIMALITY_UNASSIGNED,513,512,512,NO_RECORDED_FACTOR_PRP_OR_LL_RESULT_AND_NO_ACTIVE_GIMPS_ASSIGNMENT,2026-08-09T02:56:41+00:00,UNALLOCATED,,,,,
SLCMP1467-0978,978,979,509047927,2^509047927-1,STRUCTURAL_SCREEN_EXHAUSTED_PRIMALITY_UNASSIGNED,GF3A_DIRECTIONAL_WRITE_EXHAUSTED_PRIMALITY_UNASSIGNED,514,512,512,NO_RECORDED_FACTOR_PRP_OR_LL_RESULT_AND_NO_ACTIVE_GIMPS_ASSIGNMENT,2026-08-09T02:56:41+00:00,UNALLOCATED,,,,,
SLCMP1467-0979,979,980,509047969,2^509047969-1,STRUCTURAL_SCREEN_EXHAUSTED_PRIMALITY_UNASSIGNED,GF3A_DIRECTIONAL_WRITE_EXHAUSTED_PRIMALITY_UNASSIGNED,513,512,512,NO_RECORDED_FACTOR_PRP_OR_LL_RESULT_AND_NO_ACTIVE_GIMPS_ASSIGNMENT,2026-08-09T02:56:41+00:00,UNALLOCATED,,,,,
SLCMP1467-0980,980,981,509047997,2^509047997-1,STRUCTURAL_SCREEN_EXHAUSTED_PRIMALITY_UNASSIGNED,GF3A_DIRECTIONAL_WRITE_EXHAUSTED_PRIMALITY_UNASSIGNED,513,512,512,NO_RECORDED_FACTOR_PRP_OR_LL_RESULT_AND_NO_ACTIVE_GIMPS_ASSIGNMENT,2026-08-09T02:56:41+00:00,UNALLOCATED,,,,,
SLCMP1467-0981,981,982,509048041,2^509048041-1,STRUCTURAL_SCREEN_EXHAUSTED_PRIMALITY_UNASSIGNED,GF3A_DIRECTIONAL_WRITE_EXHAUSTED_PRIMALITY_UNASSIGNED,513,512,512,NO_RECORDED_FACTOR_PRP_OR_LL_RESULT_AND_NO_ACTIVE_GIMPS_ASSIGNMENT,2026-08-09T02:56:41+00:00,UNALLOCATED,,,,,
SLCMP1467-0982,982,983,509048063,2^509048063-1,STRUCTURAL_SCREEN_EXHAUSTED_PRIMALITY_UNASSIGNED,GF3A_DIRECTIONAL_WRITE_EXHAUSTED_PRIMALITY_UNASSIGNED,514,512,512,NO_RECORDED_FACTOR_PRP_OR_LL_RESULT_AND_NO_ACTIVE_GIMPS_ASSIGNMENT,2026-08-09T02:56:41+00:00,UNALLOCATED,,,,,
SLCMP1467-0983,983,984,509048069,2^509048069-1,STRUCTURAL_SCREEN_EXHAUSTED_PRIMALITY_UNASSIGNED,GF3A_DIRECTIONAL_WRITE_EXHAUSTED_PRIMALITY_UNASSIGNED,513,512,512,NO_RECORDED_FACTOR_PRP_OR_LL_RESULT_AND_NO_ACTIVE_GIMPS_ASSIGNMENT,2026-08-09T02:56:41+00:00,UNALLOCATED,,,,,
SLCMP1467-0984,984,985,509048083,2^509048083-1,STRUCTURAL_SCREEN_EXHAUSTED_PRIMALITY_UNASSIGNED,GF3A_DIRECTIONAL_WRITE_EXHAUSTED_PRIMALITY_UNASSIGNED,514,512,512,NO_RECORDED_FACTOR_PRP_OR_LL_RESULT_AND_NO_ACTIVE_GIMPS_ASSIGNMENT,2026-08-09T02:56:41+00:00,UNALLOCATED,,,,,
SLCMP1467-0985,985,986,509048263,2^509048263-1,STRUCTURAL_SCREEN_EXHAUSTED_PRIMALITY_UNASSIGNED,GF3A_DIRECTIONAL_WRITE_EXHAUSTED_PRIMALITY_UNASSIGNED,514,512,512,NO_RECORDED_FACTOR_PRP_OR_LL_RESULT_AND_NO_ACTIVE_GIMPS_ASSIGNMENT,2026-08-09T02:56:41+00:00,UNALLOCATED,,,,,
SLCMP1467-0986,986,987,509048321,2^509048321-1,STRUCTURAL_SCREEN_EXHAUSTED_PRIMALITY_UNASSIGNED,GF3A_DIRECTIONAL_WRITE_EXHAUSTED_PRIMALITY_UNASSIGNED,513,512,512,NO_RECORDED_FACTOR_PRP_OR_LL_RESULT_AND_NO_ACTIVE_GIMPS_ASSIGNMENT,2026-08-09T02:56:41+00:00,UNALLOCATED,,,,,
SLCMP1467-0987,987,988,509048341,2^509048341-1,STRUCTURAL_SCREEN_EXHAUSTED_PRIMALITY_UNASSIGNED,GF3A_DIRECTIONAL_WRITE_EXHAUSTED_PRIMALITY_UNASSIGNED,513,512,512,NO_RECORDED_FACTOR_PRP_OR_LL_RESULT_AND_NO_ACTIVE_GIMPS_ASSIGNMENT,2026-08-09T02:56:41+00:00,UNALLOCATED,,,,,
SLCMP1467-0988,988,989,509048471,2^509048471-1,STRUCTURAL_SCREEN_EXHAUSTED_PRIMALITY_UNASSIGNED,GF3A_DIRECTIONAL_WRITE_EXHAUSTED_PRIMALITY_UNASSIGNED,514,512,512,NO_RECORDED_FACTOR_PRP_OR_LL_RESULT_AND_NO_ACTIVE_GIMPS_ASSIGNMENT,2026-08-09T02:56:41+00:00,UNALLOCATED,,,,,
SLCMP1467-0989,989,990,509048503,2^509048503-1,STRUCTURAL_SCREEN_EXHAUSTED_PRIMALITY_UNASSIGNED,GF3A_DIRECTIONAL_WRITE_EXHAUSTED_PRIMALITY_UNASSIGNED,514,512,512,NO_RECORDED_FACTOR_PRP_OR_LL_RESULT_AND_NO_ACTIVE_GIMPS_ASSIGNMENT,2026-08-09T02:56:41+00:00,UNALLOCATED,,,,,
SLCMP1467-0990,990,991,509048539,2^509048539-1,STRUCTURAL_SCREEN_EXHAUSTED_PRIMALITY_UNASSIGNED,GF3A_DIRECTIONAL_WRITE_EXHAUSTED_PRIMALITY_UNASSIGNED,514,512,512,NO_RECORDED_FACTOR_PRP_OR_LL_RESULT_AND_NO_ACTIVE_GIMPS_ASSIGNMENT,2026-08-09T02:56:41+00:00,UNALLOCATED,,,,,
SLCMP1467-0991,991,992,509048569,2^509048569-1,STRUCTURAL_SCREEN_EXHAUSTED_PRIMALITY_UNASSIGNED,GF3A_DIRECTIONAL_WRITE_EXHAUSTED_PRIMALITY_UNASSIGNED,513,512,512,NO_RECORDED_FACTOR_PRP_OR_LL_RESULT_AND_NO_ACTIVE_GIMPS_ASSIGNMENT,2026-08-09T02:56:41+00:00,UNALLOCATED,,,,,
SLCMP1467-0992,992,993,509048677,2^509048677-1,STRUCTURAL_SCREEN_EXHAUSTED_PRIMALITY_UNASSIGNED,GF3A_DIRECTIONAL_WRITE_EXHAUSTED_PRIMALITY_UNASSIGNED,513,512,512,NO_RECORDED_FACTOR_PRP_OR_LL_RESULT_AND_NO_ACTIVE_GIMPS_ASSIGNMENT,2026-08-09T02:56:41+00:00,UNALLOCATED,,,,,
SLCMP1467-0993,993,994,509048689,2^509048689-1,STRUCTURAL_SCREEN_EXHAUSTED_PRIMALITY_UNASSIGNED,GF3A_DIRECTIONAL_WRITE_EXHAUSTED_PRIMALITY_UNASSIGNED,513,512,512,NO_RECORDED_FACTOR_PRP_OR_LL_RESULT_AND_NO_ACTIVE_GIMPS_ASSIGNMENT,2026-08-09T02:56:41+00:00,UNALLOCATED,,,,,
SLCMP1467-0994,994,995,509048767,2^509048767-1,STRUCTURAL_SCREEN_EXHAUSTED_PRIMALITY_UNASSIGNED,GF3A_DIRECTIONAL_WRITE_EXHAUSTED_PRIMALITY_UNASSIGNED,514,512,512,NO_RECORDED_FACTOR_PRP_OR_LL_RESULT_AND_NO_ACTIVE_GIMPS_ASSIGNMENT,2026-08-09T02:56:41+00:00,UNALLOCATED,,,,,
SLCMP1467-0995,995,996,509048831,2^509048831-1,STRUCTURAL_SCREEN_EXHAUSTED_PRIMALITY_UNASSIGNED,GF3A_DIRECTIONAL_WRITE_EXHAUSTED_PRIMALITY_UNASSIGNED,514,512,512,NO_RECORDED_FACTOR_PRP_OR_LL_RESULT_AND_NO_ACTIVE_GIMPS_ASSIGNMENT,2026-08-09T02:56:41+00:00,UNALLOCATED,,,,,
SLCMP1467-0996,996,997,509048851,2^509048851-1,STRUCTURAL_SCREEN_EXHAUSTED_PRIMALITY_UNASSIGNED,GF3A_DIRECTIONAL_WRITE_EXHAUSTED_PRIMALITY_UNASSIGNED,514,512,512,NO_RECORDED_FACTOR_PRP_OR_LL_RESULT_AND_NO_ACTIVE_GIMPS_ASSIGNMENT,2026-08-09T02:56:41+00:00,UNALLOCATED,,,,,
SLCMP1467-0997,997,998,509048993,2^509048993-1,STRUCTURAL_SCREEN_EXHAUSTED_PRIMALITY_UNASSIGNED,GF3A_DIRECTIONAL_WRITE_EXHAUSTED_PRIMALITY_UNASSIGNED,513,512,512,NO_RECORDED_FACTOR_PRP_OR_LL_RESULT_AND_NO_ACTIVE_GIMPS_ASSIGNMENT,2026-08-09T02:56:41+00:00,UNALLOCATED,,,,,
SLCMP1467-0998,998,999,509049011,2^509049011-1,STRUCTURAL_SCREEN_EXHAUSTED_PRIMALITY_UNASSIGNED,GF3A_DIRECTIONAL_WRITE_EXHAUSTED_PRIMALITY_UNASSIGNED,514,512,512,NO_RECORDED_FACTOR_PRP_OR_LL_RESULT_AND_NO_ACTIVE_GIMPS_ASSIGNMENT,2026-08-09T02:56:41+00:00,UNALLOCATED,,,,,
SLCMP1467-0999,999,1000,509049019,2^509049019-1,STRUCTURAL_SCREEN_EXHAUSTED_PRIMALITY_UNASSIGNED,GF3A_DIRECTIONAL_WRITE_EXHAUSTED_PRIMALITY_UNASSIGNED,514,512,512,NO_RECORDED_FACTOR_PRP_OR_LL_RESULT_AND_NO_ACTIVE_GIMPS_ASSIGNMENT,2026-08-09T02:56:41+00:00,UNALLOCATED,,,,,
SLCMP1467-1000,1000,1001,509049077,2^509049077-1,STRUCTURAL_SCREEN_EXHAUSTED_PRIMALITY_UNASSIGNED,GF3A_DIRECTIONAL_WRITE_EXHAUSTED_PRIMALITY_UNASSIGNED,513,512,512,NO_RECORDED_FACTOR_PRP_OR_LL_RESULT_AND_NO_ACTIVE_GIMPS_ASSIGNMENT,2026-08-09T02:56:41+00:00,UNALLOCATED,,,,,
SLCMP1467-1001,1001,1002,509049251,2^509049251-1,STRUCTURAL_SCREEN_EXHAUSTED_PRIMALITY_UNASSIGNED,GF3A_DIRECTIONAL_WRITE_EXHAUSTED_PRIMALITY_UNASSIGNED,514,512,512,NO_RECORDED_FACTOR_PRP_OR_LL_RESULT_AND_NO_ACTIVE_GIMPS_ASSIGNMENT,2026-08-09T02:56:41+00:00,UNALLOCATED,,,,,
SLCMP1467-1002,1002,1003,509049269,2^509049269-1,STRUCTURAL_SCREEN_EXHAUSTED_PRIMALITY_UNASSIGNED,GF3A_DIRECTIONAL_WRITE_EXHAUSTED_PRIMALITY_UNASSIGNED,513,512,512,NO_RECORDED_FACTOR_PRP_OR_LL_RESULT_AND_NO_ACTIVE_GIMPS_ASSIGNMENT,2026-08-09T02:56:41+00:00,UNALLOCATED,,,,,
SLCMP1467-1003,1003,1004,509049319,2^509049319-1,STRUCTURAL_SCREEN_EXHAUSTED_PRIMALITY_UNASSIGNED,GF3A_DIRECTIONAL_WRITE_EXHAUSTED_PRIMALITY_UNASSIGNED,514,512,512,NO_RECORDED_FACTOR_PRP_OR_LL_RESULT_AND_NO_ACTIVE_GIMPS_ASSIGNMENT,2026-08-09T02:56:41+00:00,UNALLOCATED,,,,,
SLCMP1467-1004,1004,1005,509049341,2^509049341-1,STRUCTURAL_SCREEN_EXHAUSTED_PRIMALITY_UNASSIGNED,GF3A_DIRECTIONAL_WRITE_EXHAUSTED_PRIMALITY_UNASSIGNED,513,512,512,NO_RECORDED_FACTOR_PRP_OR_LL_RESULT_AND_NO_ACTIVE_GIMPS_ASSIGNMENT,2026-08-09T02:56:41+00:00,UNALLOCATED,,,,,
SLCMP1467-1005,1005,1006,509049353,2^509049353-1,STRUCTURAL_SCREEN_EXHAUSTED_PRIMALITY_UNASSIGNED,GF3A_DIRECTIONAL_WRITE_EXHAUSTED_PRIMALITY_UNASSIGNED,513,512,512,NO_RECORDED_FACTOR_PRP_OR_LL_RESULT_AND_NO_ACTIVE_GIMPS_ASSIGNMENT,2026-08-09T02:56:41+00:00,UNALLOCATED,,,,,
SLCMP1467-1006,1006,1007,509049389,2^509049389-1,STRUCTURAL_SCREEN_EXHAUSTED_PRIMALITY_UNASSIGNED,GF3A_DIRECTIONAL_WRITE_EXHAUSTED_PRIMALITY_UNASSIGNED,513,512,512,NO_RECORDED_FACTOR_PRP_OR_LL_RESULT_AND_NO_ACTIVE_GIMPS_ASSIGNMENT,2026-08-09T02:56:41+00:00,UNALLOCATED,,,,,
SLCMP1467-1007,1007,1008,509049469,2^509049469-1,STRUCTURAL_SCREEN_EXHAUSTED_PRIMALITY_UNASSIGNED,GF3A_DIRECTIONAL_WRITE_EXHAUSTED_PRIMALITY_UNASSIGNED,513,512,512,NO_RECORDED_FACTOR_PRP_OR_LL_RESULT_AND_NO_ACTIVE_GIMPS_ASSIGNMENT,2026-08-09T02:56:41+00:00,UNALLOCATED,,,,,
SLCMP1467-1008,1008,1009,509049503,2^509049503-1,STRUCTURAL_SCREEN_EXHAUSTED_PRIMALITY_UNASSIGNED,GF3A_DIRECTIONAL_WRITE_EXHAUSTED_PRIMALITY_UNASSIGNED,514,512,512,NO_RECORDED_FACTOR_PRP_OR_LL_RESULT_AND_NO_ACTIVE_GIMPS_ASSIGNMENT,2026-08-09T02:56:41+00:00,UNALLOCATED,,,,,
SLCMP1467-1009,1009,1010,509049551,2^509049551-1,STRUCTURAL_SCREEN_EXHAUSTED_PRIMALITY_UNASSIGNED,GF3A_DIRECTIONAL_WRITE_EXHAUSTED_PRIMALITY_UNASSIGNED,514,512,512,NO_RECORDED_FACTOR_PRP_OR_LL_RESULT_AND_NO_ACTIVE_GIMPS_ASSIGNMENT,2026-08-09T02:56:41+00:00,UNALLOCATED,,,,,
SLCMP1467-1010,1010,1011,509049631,2^509049631-1,STRUCTURAL_SCREEN_EXHAUSTED_PRIMALITY_UNASSIGNED,GF3A_DIRECTIONAL_WRITE_EXHAUSTED_PRIMALITY_UNASSIGNED,514,512,512,NO_RECORDED_FACTOR_PRP_OR_LL_RESULT_AND_NO_ACTIVE_GIMPS_ASSIGNMENT,2026-08-09T02:56:41+00:00,UNALLOCATED,,,,,
SLCMP1467-1011,1011,1012,509049637,2^509049637-1,STRUCTURAL_SCREEN_EXHAUSTED_PRIMALITY_UNASSIGNED,GF3A_DIRECTIONAL_WRITE_EXHAUSTED_PRIMALITY_UNASSIGNED,513,512,512,NO_RECORDED_FACTOR_PRP_OR_LL_RESULT_AND_NO_ACTIVE_GIMPS_ASSIGNMENT,2026-08-09T02:56:41+00:00,UNALLOCATED,,,,,
SLCMP1467-1012,1012,1013,509049641,2^509049641-1,STRUCTURAL_SCREEN_EXHAUSTED_PRIMALITY_UNASSIGNED,GF3A_DIRECTIONAL_WRITE_EXHAUSTED_PRIMALITY_UNASSIGNED,513,512,512,NO_RECORDED_FACTOR_PRP_OR_LL_RESULT_AND_NO_ACTIVE_GIMPS_ASSIGNMENT,2026-08-09T02:56:41+00:00,UNALLOCATED,,,,,
SLCMP1467-1013,1013,1014,509049661,2^509049661-1,STRUCTURAL_SCREEN_EXHAUSTED_PRIMALITY_UNASSIGNED,GF3A_DIRECTIONAL_WRITE_EXHAUSTED_PRIMALITY_UNASSIGNED,513,512,512,NO_RECORDED_FACTOR_PRP_OR_LL_RESULT_AND_NO_ACTIVE_GIMPS_ASSIGNMENT,2026-08-09T02:56:41+00:00,UNALLOCATED,,,,,
SLCMP1467-1014,1014,1015,509049713,2^509049713-1,STRUCTURAL_SCREEN_EXHAUSTED_PRIMALITY_UNASSIGNED,GF3A_DIRECTIONAL_WRITE_EXHAUSTED_PRIMALITY_UNASSIGNED,513,512,512,NO_RECORDED_FACTOR_PRP_OR_LL_RESULT_AND_NO_ACTIVE_GIMPS_ASSIGNMENT,2026-08-09T02:56:41+00:00,UNALLOCATED,,,,,
SLCMP1467-1015,1015,1016,509049743,2^509049743-1,STRUCTURAL_SCREEN_EXHAUSTED_PRIMALITY_UNASSIGNED,GF3A_DIRECTIONAL_WRITE_EXHAUSTED_PRIMALITY_UNASSIGNED,514,512,512,NO_RECORDED_FACTOR_PRP_OR_LL_RESULT_AND_NO_ACTIVE_GIMPS_ASSIGNMENT,2026-08-09T02:56:41+00:00,UNALLOCATED,,,,,
SLCMP1467-1016,1016,1017,509049769,2^509049769-1,STRUCTURAL_SCREEN_EXHAUSTED_PRIMALITY_UNASSIGNED,GF3A_DIRECTIONAL_WRITE_EXHAUSTED_PRIMALITY_UNASSIGNED,513,512,512,NO_RECORDED_FACTOR_PRP_OR_LL_RESULT_AND_NO_ACTIVE_GIMPS_ASSIGNMENT,2026-08-09T02:56:41+00:00,UNALLOCATED,,,,,
SLCMP1467-1017,1017,1018,509049883,2^509049883-1,STRUCTURAL_SCREEN_EXHAUSTED_PRIMALITY_UNASSIGNED,GF3A_DIRECTIONAL_WRITE_EXHAUSTED_PRIMALITY_UNASSIGNED,514,512,512,NO_RECORDED_FACTOR_PRP_OR_LL_RESULT_AND_NO_ACTIVE_GIMPS_ASSIGNMENT,2026-08-09T02:56:41+00:00,UNALLOCATED,,,,,
SLCMP1467-1018,1018,1019,509049917,2^509049917-1,STRUCTURAL_SCREEN_EXHAUSTED_PRIMALITY_UNASSIGNED,GF3A_DIRECTIONAL_WRITE_EXHAUSTED_PRIMALITY_UNASSIGNED,513,512,512,NO_RECORDED_FACTOR_PRP_OR_LL_RESULT_AND_NO_ACTIVE_GIMPS_ASSIGNMENT,2026-08-09T02:56:41+00:00,UNALLOCATED,,,,,
SLCMP1467-1019,1019,1020,509050019,2^509050019-1,STRUCTURAL_SCREEN_EXHAUSTED_PRIMALITY_UNASSIGNED,GF3A_DIRECTIONAL_WRITE_EXHAUSTED_PRIMALITY_UNASSIGNED,514,512,512,NO_RECORDED_FACTOR_PRP_OR_LL_RESULT_AND_NO_ACTIVE_GIMPS_ASSIGNMENT,2026-08-09T02:56:41+00:00,UNALLOCATED,,,,,
SLCMP1467-1020,1020,1021,509050127,2^509050127-1,STRUCTURAL_SCREEN_EXHAUSTED_PRIMALITY_UNASSIGNED,GF3A_DIRECTIONAL_WRITE_EXHAUSTED_PRIMALITY_UNASSIGNED,514,512,512,NO_RECORDED_FACTOR_PRP_OR_LL_RESULT_AND_NO_ACTIVE_GIMPS_ASSIGNMENT,2026-08-09T02:56:41+00:00,UNALLOCATED,,,,,
SLCMP1467-1021,1021,1022,509050183,2^509050183-1,STRUCTURAL_SCREEN_EXHAUSTED_PRIMALITY_UNASSIGNED,GF3A_DIRECTIONAL_WRITE_EXHAUSTED_PRIMALITY_UNASSIGNED,514,512,512,NO_RECORDED_FACTOR_PRP_OR_LL_RESULT_AND_NO_ACTIVE_GIMPS_ASSIGNMENT,2026-08-09T02:56:41+00:00,UNALLOCATED,,,,,
SLCMP1467-1022,1022,1023,509050273,2^509050273-1,STRUCTURAL_SCREEN_EXHAUSTED_PRIMALITY_UNASSIGNED,GF3A_DIRECTIONAL_WRITE_EXHAUSTED_PRIMALITY_UNASSIGNED,513,512,512,NO_RECORDED_FACTOR_PRP_OR_LL_RESULT_AND_NO_ACTIVE_GIMPS_ASSIGNMENT,2026-08-09T02:56:41+00:00,UNALLOCATED,,,,,
SLCMP1467-1023,1023,1024,509050303,2^509050303-1,STRUCTURAL_SCREEN_EXHAUSTED_PRIMALITY_UNASSIGNED,GF3A_DIRECTIONAL_WRITE_EXHAUSTED_PRIMALITY_UNASSIGNED,514,512,512,NO_RECORDED_FACTOR_PRP_OR_LL_RESULT_AND_NO_ACTIVE_GIMPS_ASSIGNMENT,2026-08-09T02:56:41+00:00,UNALLOCATED,,,,,
SLCMP1467-1024,1024,1025,509050309,2^509050309-1,STRUCTURAL_SCREEN_EXHAUSTED_PRIMALITY_UNASSIGNED,GF3A_DIRECTIONAL_WRITE_EXHAUSTED_PRIMALITY_UNASSIGNED,513,512,512,NO_RECORDED_FACTOR_PRP_OR_LL_RESULT_AND_NO_ACTIVE_GIMPS_ASSIGNMENT,2026-08-09T02:56:41+00:00,UNALLOCATED,,,,,
SLCMP1467-1025,1025,1026,509050573,2^509050573-1,STRUCTURAL_SCREEN_EXHAUSTED_PRIMALITY_UNASSIGNED,GF3A_DIRECTIONAL_WRITE_EXHAUSTED_PRIMALITY_UNASSIGNED,513,512,512,NO_RECORDED_FACTOR_PRP_OR_LL_RESULT_AND_NO_ACTIVE_GIMPS_ASSIGNMENT,2026-08-09T02:56:41+00:00,UNALLOCATED,,,,,
SLCMP1467-1026,1026,1027,509050639,2^509050639-1,STRUCTURAL_SCREEN_EXHAUSTED_PRIMALITY_UNASSIGNED,GF3A_DIRECTIONAL_WRITE_EXHAUSTED_PRIMALITY_UNASSIGNED,514,512,512,NO_RECORDED_FACTOR_PRP_OR_LL_RESULT_AND_NO_ACTIVE_GIMPS_ASSIGNMENT,2026-08-09T02:56:41+00:00,UNALLOCATED,,,,,
SLCMP1467-1027,1027,1028,509050723,2^509050723-1,STRUCTURAL_SCREEN_EXHAUSTED_PRIMALITY_UNASSIGNED,GF3A_DIRECTIONAL_WRITE_EXHAUSTED_PRIMALITY_UNASSIGNED,514,512,512,NO_RECORDED_FACTOR_PRP_OR_LL_RESULT_AND_NO_ACTIVE_GIMPS_ASSIGNMENT,2026-08-09T02:56:41+00:00,UNALLOCATED,,,,,
SLCMP1467-1028,1028,1029,509050853,2^509050853-1,STRUCTURAL_SCREEN_EXHAUSTED_PRIMALITY_UNASSIGNED,GF3A_DIRECTIONAL_WRITE_EXHAUSTED_PRIMALITY_UNASSIGNED,513,512,512,NO_RECORDED_FACTOR_PRP_OR_LL_RESULT_AND_NO_ACTIVE_GIMPS_ASSIGNMENT,2026-08-09T02:56:41+00:00,UNALLOCATED,,,,,
SLCMP1467-1029,1029,1030,509050877,2^509050877-1,STRUCTURAL_SCREEN_EXHAUSTED_PRIMALITY_UNASSIGNED,GF3A_DIRECTIONAL_WRITE_EXHAUSTED_PRIMALITY_UNASSIGNED,513,512,512,NO_RECORDED_FACTOR_PRP_OR_LL_RESULT_AND_NO_ACTIVE_GIMPS_ASSIGNMENT,2026-08-09T02:56:41+00:00,UNALLOCATED,,,,,
SLCMP1467-1030,1030,1031,509050909,2^509050909-1,STRUCTURAL_SCREEN_EXHAUSTED_PRIMALITY_UNASSIGNED,GF3A_DIRECTIONAL_WRITE_EXHAUSTED_PRIMALITY_UNASSIGNED,513,512,512,NO_RECORDED_FACTOR_PRP_OR_LL_RESULT_AND_NO_ACTIVE_GIMPS_ASSIGNMENT,2026-08-09T02:56:41+00:00,UNALLOCATED,,,,,
SLCMP1467-1031,1031,1032,509050931,2^509050931-1,STRUCTURAL_SCREEN_EXHAUSTED_PRIMALITY_UNASSIGNED,GF3A_DIRECTIONAL_WRITE_EXHAUSTED_PRIMALITY_UNASSIGNED,514,512,512,NO_RECORDED_FACTOR_PRP_OR_LL_RESULT_AND_NO_ACTIVE_GIMPS_ASSIGNMENT,2026-08-09T02:56:41+00:00,UNALLOCATED,,,,,
SLCMP1467-1032,1032,1033,509051087,2^509051087-1,STRUCTURAL_SCREEN_EXHAUSTED_PRIMALITY_UNASSIGNED,GF3A_DIRECTIONAL_WRITE_EXHAUSTED_PRIMALITY_UNASSIGNED,514,512,512,NO_RECORDED_FACTOR_PRP_OR_LL_RESULT_AND_NO_ACTIVE_GIMPS_ASSIGNMENT,2026-08-09T02:56:41+00:00,UNALLOCATED,,,,,
SLCMP1467-1033,1033,1034,509051227,2^509051227-1,STRUCTURAL_SCREEN_EXHAUSTED_PRIMALITY_UNASSIGNED,GF3A_DIRECTIONAL_WRITE_EXHAUSTED_PRIMALITY_UNASSIGNED,514,512,512,NO_RECORDED_FACTOR_PRP_OR_LL_RESULT_AND_NO_ACTIVE_GIMPS_ASSIGNMENT,2026-08-09T02:56:41+00:00,UNALLOCATED,,,,,
SLCMP1467-1034,1034,1035,509051261,2^509051261-1,STRUCTURAL_SCREEN_EXHAUSTED_PRIMALITY_UNASSIGNED,GF3A_DIRECTIONAL_WRITE_EXHAUSTED_PRIMALITY_UNASSIGNED,513,512,512,NO_RECORDED_FACTOR_PRP_OR_LL_RESULT_AND_NO_ACTIVE_GIMPS_ASSIGNMENT,2026-08-09T02:56:41+00:00,UNALLOCATED,,,,,
SLCMP1467-1035,1035,1036,509051393,2^509051393-1,STRUCTURAL_SCREEN_EXHAUSTED_PRIMALITY_UNASSIGNED,GF3A_DIRECTIONAL_WRITE_EXHAUSTED_PRIMALITY_UNASSIGNED,513,512,512,NO_RECORDED_FACTOR_PRP_OR_LL_RESULT_AND_NO_ACTIVE_GIMPS_ASSIGNMENT,2026-08-09T02:56:41+00:00,UNALLOCATED,,,,,
SLCMP1467-1036,1036,1037,509051437,2^509051437-1,STRUCTURAL_SCREEN_EXHAUSTED_PRIMALITY_UNASSIGNED,GF3A_DIRECTIONAL_WRITE_EXHAUSTED_PRIMALITY_UNASSIGNED,513,512,512,NO_RECORDED_FACTOR_PRP_OR_LL_RESULT_AND_NO_ACTIVE_GIMPS_ASSIGNMENT,2026-08-09T02:56:41+00:00,UNALLOCATED,,,,,
SLCMP1467-1037,1037,1038,509051507,2^509051507-1,STRUCTURAL_SCREEN_EXHAUSTED_PRIMALITY_UNASSIGNED,GF3A_DIRECTIONAL_WRITE_EXHAUSTED_PRIMALITY_UNASSIGNED,514,512,512,NO_RECORDED_FACTOR_PRP_OR_LL_RESULT_AND_NO_ACTIVE_GIMPS_ASSIGNMENT,2026-08-09T02:56:41+00:00,UNALLOCATED,,,,,
SLCMP1467-1038,1038,1039,509051567,2^509051567-1,STRUCTURAL_SCREEN_EXHAUSTED_PRIMALITY_UNASSIGNED,GF3A_DIRECTIONAL_WRITE_EXHAUSTED_PRIMALITY_UNASSIGNED,514,512,512,NO_RECORDED_FACTOR_PRP_OR_LL_RESULT_AND_NO_ACTIVE_GIMPS_ASSIGNMENT,2026-08-09T02:56:41+00:00,UNALLOCATED,,,,,
SLCMP1467-1039,1039,1040,509051623,2^509051623-1,STRUCTURAL_SCREEN_EXHAUSTED_PRIMALITY_UNASSIGNED,GF3A_DIRECTIONAL_WRITE_EXHAUSTED_PRIMALITY_UNASSIGNED,514,512,512,NO_RECORDED_FACTOR_PRP_OR_LL_RESULT_AND_NO_ACTIVE_GIMPS_ASSIGNMENT,2026-08-09T02:56:41+00:00,UNALLOCATED,,,,,
SLCMP1467-1040,1040,1041,509051633,2^509051633-1,STRUCTURAL_SCREEN_EXHAUSTED_PRIMALITY_UNASSIGNED,GF3A_DIRECTIONAL_WRITE_EXHAUSTED_PRIMALITY_UNASSIGNED,513,512,512,NO_RECORDED_FACTOR_PRP_OR_LL_RESULT_AND_NO_ACTIVE_GIMPS_ASSIGNMENT,2026-08-09T02:56:41+00:00,UNALLOCATED,,,,,
SLCMP1467-1041,1041,1042,509051677,2^509051677-1,STRUCTURAL_SCREEN_EXHAUSTED_PRIMALITY_UNASSIGNED,GF3A_DIRECTIONAL_WRITE_EXHAUSTED_PRIMALITY_UNASSIGNED,513,512,512,NO_RECORDED_FACTOR_PRP_OR_LL_RESULT_AND_NO_ACTIVE_GIMPS_ASSIGNMENT,2026-08-09T02:56:41+00:00,UNALLOCATED,,,,,
SLCMP1467-1042,1042,1043,509051701,2^509051701-1,STRUCTURAL_SCREEN_EXHAUSTED_PRIMALITY_UNASSIGNED,GF3A_DIRECTIONAL_WRITE_EXHAUSTED_PRIMALITY_UNASSIGNED,513,512,512,NO_RECORDED_FACTOR_PRP_OR_LL_RESULT_AND_NO_ACTIVE_GIMPS_ASSIGNMENT,2026-08-09T02:56:41+00:00,UNALLOCATED,,,,,
SLCMP1467-1043,1043,1044,509051833,2^509051833-1,STRUCTURAL_SCREEN_EXHAUSTED_PRIMALITY_UNASSIGNED,GF3A_DIRECTIONAL_WRITE_EXHAUSTED_PRIMALITY_UNASSIGNED,513,512,512,NO_RECORDED_FACTOR_PRP_OR_LL_RESULT_AND_NO_ACTIVE_GIMPS_ASSIGNMENT,2026-08-09T02:56:41+00:00,UNALLOCATED,,,,,
SLCMP1467-1044,1044,1045,509051887,2^509051887-1,STRUCTURAL_SCREEN_EXHAUSTED_PRIMALITY_UNASSIGNED,GF3A_DIRECTIONAL_WRITE_EXHAUSTED_PRIMALITY_UNASSIGNED,514,512,512,NO_RECORDED_FACTOR_PRP_OR_LL_RESULT_AND_NO_ACTIVE_GIMPS_ASSIGNMENT,2026-08-09T02:56:41+00:00,UNALLOCATED,,,,,
SLCMP1467-1045,1045,1046,509051987,2^509051987-1,STRUCTURAL_SCREEN_EXHAUSTED_PRIMALITY_UNASSIGNED,GF3A_DIRECTIONAL_WRITE_EXHAUSTED_PRIMALITY_UNASSIGNED,514,512,512,NO_RECORDED_FACTOR_PRP_OR_LL_RESULT_AND_NO_ACTIVE_GIMPS_ASSIGNMENT,2026-08-09T02:56:41+00:00,UNALLOCATED,,,,,
SLCMP1467-1046,1046,1047,509051999,2^509051999-1,STRUCTURAL_SCREEN_EXHAUSTED_PRIMALITY_UNASSIGNED,GF3A_DIRECTIONAL_WRITE_EXHAUSTED_PRIMALITY_UNASSIGNED,514,512,512,NO_RECORDED_FACTOR_PRP_OR_LL_RESULT_AND_NO_ACTIVE_GIMPS_ASSIGNMENT,2026-08-09T02:56:41+00:00,UNALLOCATED,,,,,
SLCMP1467-1047,1047,1048,509052101,2^509052101-1,STRUCTURAL_SCREEN_EXHAUSTED_PRIMALITY_UNASSIGNED,GF3A_DIRECTIONAL_WRITE_EXHAUSTED_PRIMALITY_UNASSIGNED,513,512,512,NO_RECORDED_FACTOR_PRP_OR_LL_RESULT_AND_NO_ACTIVE_GIMPS_ASSIGNMENT,2026-08-09T02:56:41+00:00,UNALLOCATED,,,,,
SLCMP1467-1048,1048,1049,509052157,2^509052157-1,STRUCTURAL_SCREEN_EXHAUSTED_PRIMALITY_UNASSIGNED,GF3A_DIRECTIONAL_WRITE_EXHAUSTED_PRIMALITY_UNASSIGNED,513,512,512,NO_RECORDED_FACTOR_PRP_OR_LL_RESULT_AND_NO_ACTIVE_GIMPS_ASSIGNMENT,2026-08-09T02:56:41+00:00,UNALLOCATED,,,,,
SLCMP1467-1049,1049,1050,509052223,2^509052223-1,STRUCTURAL_SCREEN_EXHAUSTED_PRIMALITY_UNASSIGNED,GF3A_DIRECTIONAL_WRITE_EXHAUSTED_PRIMALITY_UNASSIGNED,514,512,512,NO_RECORDED_FACTOR_PRP_OR_LL_RESULT_AND_NO_ACTIVE_GIMPS_ASSIGNMENT,2026-08-09T02:56:41+00:00,UNALLOCATED,,,,,
SLCMP1467-1050,1050,1051,509052251,2^509052251-1,STRUCTURAL_SCREEN_EXHAUSTED_PRIMALITY_UNASSIGNED,GF3A_DIRECTIONAL_WRITE_EXHAUSTED_PRIMALITY_UNASSIGNED,514,512,512,NO_RECORDED_FACTOR_PRP_OR_LL_RESULT_AND_NO_ACTIVE_GIMPS_ASSIGNMENT,2026-08-09T02:56:41+00:00,UNALLOCATED,,,,,
SLCMP1467-1051,1051,1052,509052263,2^509052263-1,STRUCTURAL_SCREEN_EXHAUSTED_PRIMALITY_UNASSIGNED,GF3A_DIRECTIONAL_WRITE_EXHAUSTED_PRIMALITY_UNASSIGNED,514,512,512,NO_RECORDED_FACTOR_PRP_OR_LL_RESULT_AND_NO_ACTIVE_GIMPS_ASSIGNMENT,2026-08-09T02:56:41+00:00,UNALLOCATED,,,,,
SLCMP1467-1052,1052,1053,509052277,2^509052277-1,STRUCTURAL_SCREEN_EXHAUSTED_PRIMALITY_UNASSIGNED,GF3A_DIRECTIONAL_WRITE_EXHAUSTED_PRIMALITY_UNASSIGNED,513,512,512,NO_RECORDED_FACTOR_PRP_OR_LL_RESULT_AND_NO_ACTIVE_GIMPS_ASSIGNMENT,2026-08-09T02:56:41+00:00,UNALLOCATED,,,,,
SLCMP1467-1053,1053,1054,509052329,2^509052329-1,STRUCTURAL_SCREEN_EXHAUSTED_PRIMALITY_UNASSIGNED,GF3A_DIRECTIONAL_WRITE_EXHAUSTED_PRIMALITY_UNASSIGNED,513,512,512,NO_RECORDED_FACTOR_PRP_OR_LL_RESULT_AND_NO_ACTIVE_GIMPS_ASSIGNMENT,2026-08-09T02:56:41+00:00,UNALLOCATED,,,,,
SLCMP1467-1054,1054,1055,509052331,2^509052331-1,STRUCTURAL_SCREEN_EXHAUSTED_PRIMALITY_UNASSIGNED,GF3A_DIRECTIONAL_WRITE_EXHAUSTED_PRIMALITY_UNASSIGNED,514,512,512,NO_RECORDED_FACTOR_PRP_OR_LL_RESULT_AND_NO_ACTIVE_GIMPS_ASSIGNMENT,2026-08-09T02:56:41+00:00,UNALLOCATED,,,,,
SLCMP1467-1055,1055,1056,509052337,2^509052337-1,STRUCTURAL_SCREEN_EXHAUSTED_PRIMALITY_UNASSIGNED,GF3A_DIRECTIONAL_WRITE_EXHAUSTED_PRIMALITY_UNASSIGNED,513,512,512,NO_RECORDED_FACTOR_PRP_OR_LL_RESULT_AND_NO_ACTIVE_GIMPS_ASSIGNMENT,2026-08-09T02:56:41+00:00,UNALLOCATED,,,,,
SLCMP1467-1056,1056,1057,509052371,2^509052371-1,STRUCTURAL_SCREEN_EXHAUSTED_PRIMALITY_UNASSIGNED,GF3A_DIRECTIONAL_WRITE_EXHAUSTED_PRIMALITY_UNASSIGNED,514,512,512,NO_RECORDED_FACTOR_PRP_OR_LL_RESULT_AND_NO_ACTIVE_GIMPS_ASSIGNMENT,2026-08-09T02:56:41+00:00,UNALLOCATED,,,,,
SLCMP1467-1057,1057,1058,509052461,2^509052461-1,STRUCTURAL_SCREEN_EXHAUSTED_PRIMALITY_UNASSIGNED,GF3A_DIRECTIONAL_WRITE_EXHAUSTED_PRIMALITY_UNASSIGNED,513,512,512,NO_RECORDED_FACTOR_PRP_OR_LL_RESULT_AND_NO_ACTIVE_GIMPS_ASSIGNMENT,2026-08-09T02:56:41+00:00,UNALLOCATED,,,,,
SLCMP1467-1058,1058,1059,509052469,2^509052469-1,STRUCTURAL_SCREEN_EXHAUSTED_PRIMALITY_UNASSIGNED,GF3A_DIRECTIONAL_WRITE_EXHAUSTED_PRIMALITY_UNASSIGNED,513,512,512,NO_RECORDED_FACTOR_PRP_OR_LL_RESULT_AND_NO_ACTIVE_GIMPS_ASSIGNMENT,2026-08-09T02:56:41+00:00,UNALLOCATED,,,,,
SLCMP1467-1059,1059,1060,509052497,2^509052497-1,STRUCTURAL_SCREEN_EXHAUSTED_PRIMALITY_UNASSIGNED,GF3A_DIRECTIONAL_WRITE_EXHAUSTED_PRIMALITY_UNASSIGNED,513,512,512,NO_RECORDED_FACTOR_PRP_OR_LL_RESULT_AND_NO_ACTIVE_GIMPS_ASSIGNMENT,2026-08-09T02:56:41+00:00,UNALLOCATED,,,,,
SLCMP1467-1060,1060,1061,509052569,2^509052569-1,STRUCTURAL_SCREEN_EXHAUSTED_PRIMALITY_UNASSIGNED,GF3A_DIRECTIONAL_WRITE_EXHAUSTED_PRIMALITY_UNASSIGNED,513,512,512,NO_RECORDED_FACTOR_PRP_OR_LL_RESULT_AND_NO_ACTIVE_GIMPS_ASSIGNMENT,2026-08-09T02:56:41+00:00,UNALLOCATED,,,,,
SLCMP1467-1061,1061,1062,509052587,2^509052587-1,STRUCTURAL_SCREEN_EXHAUSTED_PRIMALITY_UNASSIGNED,GF3A_DIRECTIONAL_WRITE_EXHAUSTED_PRIMALITY_UNASSIGNED,514,512,512,NO_RECORDED_FACTOR_PRP_OR_LL_RESULT_AND_NO_ACTIVE_GIMPS_ASSIGNMENT,2026-08-09T02:56:41+00:00,UNALLOCATED,,,,,
SLCMP1467-1062,1062,1063,509052589,2^509052589-1,STRUCTURAL_SCREEN_EXHAUSTED_PRIMALITY_UNASSIGNED,GF3A_DIRECTIONAL_WRITE_EXHAUSTED_PRIMALITY_UNASSIGNED,513,512,512,NO_RECORDED_FACTOR_PRP_OR_LL_RESULT_AND_NO_ACTIVE_GIMPS_ASSIGNMENT,2026-08-09T02:56:41+00:00,UNALLOCATED,,,,,
SLCMP1467-1063,1063,1064,509052751,2^509052751-1,STRUCTURAL_SCREEN_EXHAUSTED_PRIMALITY_UNASSIGNED,GF3A_DIRECTIONAL_WRITE_EXHAUSTED_PRIMALITY_UNASSIGNED,514,512,512,NO_RECORDED_FACTOR_PRP_OR_LL_RESULT_AND_NO_ACTIVE_GIMPS_ASSIGNMENT,2026-08-09T02:56:41+00:00,UNALLOCATED,,,,,
SLCMP1467-1064,1064,1065,509052823,2^509052823-1,STRUCTURAL_SCREEN_EXHAUSTED_PRIMALITY_UNASSIGNED,GF3A_DIRECTIONAL_WRITE_EXHAUSTED_PRIMALITY_UNASSIGNED,514,512,512,NO_RECORDED_FACTOR_PRP_OR_LL_RESULT_AND_NO_ACTIVE_GIMPS_ASSIGNMENT,2026-08-09T02:56:41+00:00,UNALLOCATED,,,,,
SLCMP1467-1065,1065,1066,509052839,2^509052839-1,STRUCTURAL_SCREEN_EXHAUSTED_PRIMALITY_UNASSIGNED,GF3A_DIRECTIONAL_WRITE_EXHAUSTED_PRIMALITY_UNASSIGNED,514,512,512,NO_RECORDED_FACTOR_PRP_OR_LL_RESULT_AND_NO_ACTIVE_GIMPS_ASSIGNMENT,2026-08-09T02:56:41+00:00,UNALLOCATED,,,,,
SLCMP1467-1066,1066,1067,509052847,2^509052847-1,STRUCTURAL_SCREEN_EXHAUSTED_PRIMALITY_UNASSIGNED,GF3A_DIRECTIONAL_WRITE_EXHAUSTED_PRIMALITY_UNASSIGNED,514,512,512,NO_RECORDED_FACTOR_PRP_OR_LL_RESULT_AND_NO_ACTIVE_GIMPS_ASSIGNMENT,2026-08-09T02:56:41+00:00,UNALLOCATED,,,,,
SLCMP1467-1067,1067,1068,509052893,2^509052893-1,STRUCTURAL_SCREEN_EXHAUSTED_PRIMALITY_UNASSIGNED,GF3A_DIRECTIONAL_WRITE_EXHAUSTED_PRIMALITY_UNASSIGNED,513,512,512,NO_RECORDED_FACTOR_PRP_OR_LL_RESULT_AND_NO_ACTIVE_GIMPS_ASSIGNMENT,2026-08-09T02:56:41+00:00,UNALLOCATED,,,,,
SLCMP1467-1068,1068,1069,509052917,2^509052917-1,STRUCTURAL_SCREEN_EXHAUSTED_PRIMALITY_UNASSIGNED,GF3A_DIRECTIONAL_WRITE_EXHAUSTED_PRIMALITY_UNASSIGNED,513,512,512,NO_RECORDED_FACTOR_PRP_OR_LL_RESULT_AND_NO_ACTIVE_GIMPS_ASSIGNMENT,2026-08-09T02:56:41+00:00,UNALLOCATED,,,,,
SLCMP1467-1069,1069,1070,509052923,2^509052923-1,STRUCTURAL_SCREEN_EXHAUSTED_PRIMALITY_UNASSIGNED,GF3A_DIRECTIONAL_WRITE_EXHAUSTED_PRIMALITY_UNASSIGNED,514,512,512,NO_RECORDED_FACTOR_PRP_OR_LL_RESULT_AND_NO_ACTIVE_GIMPS_ASSIGNMENT,2026-08-09T02:56:41+00:00,UNALLOCATED,,,,,
SLCMP1467-1070,1070,1071,509052931,2^509052931-1,STRUCTURAL_SCREEN_EXHAUSTED_PRIMALITY_UNASSIGNED,GF3A_DIRECTIONAL_WRITE_EXHAUSTED_PRIMALITY_UNASSIGNED,514,512,512,NO_RECORDED_FACTOR_PRP_OR_LL_RESULT_AND_NO_ACTIVE_GIMPS_ASSIGNMENT,2026-08-09T02:56:41+00:00,UNALLOCATED,,,,,
SLCMP1467-1071,1071,1072,509052937,2^509052937-1,STRUCTURAL_SCREEN_EXHAUSTED_PRIMALITY_UNASSIGNED,GF3A_DIRECTIONAL_WRITE_EXHAUSTED_PRIMALITY_UNASSIGNED,513,512,512,NO_RECORDED_FACTOR_PRP_OR_LL_RESULT_AND_NO_ACTIVE_GIMPS_ASSIGNMENT,2026-08-09T02:56:41+00:00,UNALLOCATED,,,,,
SLCMP1467-1072,1072,1073,509052961,2^509052961-1,STRUCTURAL_SCREEN_EXHAUSTED_PRIMALITY_UNASSIGNED,GF3A_DIRECTIONAL_WRITE_EXHAUSTED_PRIMALITY_UNASSIGNED,513,512,512,NO_RECORDED_FACTOR_PRP_OR_LL_RESULT_AND_NO_ACTIVE_GIMPS_ASSIGNMENT,2026-08-09T02:56:41+00:00,UNALLOCATED,,,,,
SLCMP1467-1073,1073,1074,509053123,2^509053123-1,STRUCTURAL_SCREEN_EXHAUSTED_PRIMALITY_UNASSIGNED,GF3A_DIRECTIONAL_WRITE_EXHAUSTED_PRIMALITY_UNASSIGNED,514,512,512,NO_RECORDED_FACTOR_PRP_OR_LL_RESULT_AND_NO_ACTIVE_GIMPS_ASSIGNMENT,2026-08-09T02:56:41+00:00,UNALLOCATED,,,,,
SLCMP1467-1074,1074,1075,509053147,2^509053147-1,STRUCTURAL_SCREEN_EXHAUSTED_PRIMALITY_UNASSIGNED,GF3A_DIRECTIONAL_WRITE_EXHAUSTED_PRIMALITY_UNASSIGNED,514,512,512,NO_RECORDED_FACTOR_PRP_OR_LL_RESULT_AND_NO_ACTIVE_GIMPS_ASSIGNMENT,2026-08-09T02:56:41+00:00,UNALLOCATED,,,,,
SLCMP1467-1075,1075,1076,509053199,2^509053199-1,STRUCTURAL_SCREEN_EXHAUSTED_PRIMALITY_UNASSIGNED,GF3A_DIRECTIONAL_WRITE_EXHAUSTED_PRIMALITY_UNASSIGNED,514,512,512,NO_RECORDED_FACTOR_PRP_OR_LL_RESULT_AND_NO_ACTIVE_GIMPS_ASSIGNMENT,2026-08-09T02:56:41+00:00,UNALLOCATED,,,,,
SLCMP1467-1076,1076,1077,509053213,2^509053213-1,STRUCTURAL_SCREEN_EXHAUSTED_PRIMALITY_UNASSIGNED,GF3A_DIRECTIONAL_WRITE_EXHAUSTED_PRIMALITY_UNASSIGNED,513,512,512,NO_RECORDED_FACTOR_PRP_OR_LL_RESULT_AND_NO_ACTIVE_GIMPS_ASSIGNMENT,2026-08-09T02:56:41+00:00,UNALLOCATED,,,,,
SLCMP1467-1077,1077,1078,509053421,2^509053421-1,STRUCTURAL_SCREEN_EXHAUSTED_PRIMALITY_UNASSIGNED,GF3A_DIRECTIONAL_WRITE_EXHAUSTED_PRIMALITY_UNASSIGNED,513,512,512,NO_RECORDED_FACTOR_PRP_OR_LL_RESULT_AND_NO_ACTIVE_GIMPS_ASSIGNMENT,2026-08-09T02:56:41+00:00,UNALLOCATED,,,,,
SLCMP1467-1078,1078,1079,509053429,2^509053429-1,STRUCTURAL_SCREEN_EXHAUSTED_PRIMALITY_UNASSIGNED,GF3A_DIRECTIONAL_WRITE_EXHAUSTED_PRIMALITY_UNASSIGNED,513,512,512,NO_RECORDED_FACTOR_PRP_OR_LL_RESULT_AND_NO_ACTIVE_GIMPS_ASSIGNMENT,2026-08-09T02:56:41+00:00,UNALLOCATED,,,,,
SLCMP1467-1079,1079,1080,509053451,2^509053451-1,STRUCTURAL_SCREEN_EXHAUSTED_PRIMALITY_UNASSIGNED,GF3A_DIRECTIONAL_WRITE_EXHAUSTED_PRIMALITY_UNASSIGNED,514,512,512,NO_RECORDED_FACTOR_PRP_OR_LL_RESULT_AND_NO_ACTIVE_GIMPS_ASSIGNMENT,2026-08-09T02:56:41+00:00,UNALLOCATED,,,,,
SLCMP1467-1080,1080,1081,509053487,2^509053487-1,STRUCTURAL_SCREEN_EXHAUSTED_PRIMALITY_UNASSIGNED,GF3A_DIRECTIONAL_WRITE_EXHAUSTED_PRIMALITY_UNASSIGNED,514,512,512,NO_RECORDED_FACTOR_PRP_OR_LL_RESULT_AND_NO_ACTIVE_GIMPS_ASSIGNMENT,2026-08-09T02:56:41+00:00,UNALLOCATED,,,,,
SLCMP1467-1081,1081,1082,509053513,2^509053513-1,STRUCTURAL_SCREEN_EXHAUSTED_PRIMALITY_UNASSIGNED,GF3A_DIRECTIONAL_WRITE_EXHAUSTED_PRIMALITY_UNASSIGNED,513,512,512,NO_RECORDED_FACTOR_PRP_OR_LL_RESULT_AND_NO_ACTIVE_GIMPS_ASSIGNMENT,2026-08-09T02:56:41+00:00,UNALLOCATED,,,,,
SLCMP1467-1082,1082,1083,509053553,2^509053553-1,STRUCTURAL_SCREEN_EXHAUSTED_PRIMALITY_UNASSIGNED,GF3A_DIRECTIONAL_WRITE_EXHAUSTED_PRIMALITY_UNASSIGNED,513,512,512,NO_RECORDED_FACTOR_PRP_OR_LL_RESULT_AND_NO_ACTIVE_GIMPS_ASSIGNMENT,2026-08-09T02:56:41+00:00,UNALLOCATED,,,,,
SLCMP1467-1083,1083,1084,509053577,2^509053577-1,STRUCTURAL_SCREEN_EXHAUSTED_PRIMALITY_UNASSIGNED,GF3A_DIRECTIONAL_WRITE_EXHAUSTED_PRIMALITY_UNASSIGNED,513,512,512,NO_RECORDED_FACTOR_PRP_OR_LL_RESULT_AND_NO_ACTIVE_GIMPS_ASSIGNMENT,2026-08-09T02:56:41+00:00,UNALLOCATED,,,,,
SLCMP1467-1084,1084,1085,509053613,2^509053613-1,STRUCTURAL_SCREEN_EXHAUSTED_PRIMALITY_UNASSIGNED,GF3A_DIRECTIONAL_WRITE_EXHAUSTED_PRIMALITY_UNASSIGNED,513,512,512,NO_RECORDED_FACTOR_PRP_OR_LL_RESULT_AND_NO_ACTIVE_GIMPS_ASSIGNMENT,2026-08-09T02:56:41+00:00,UNALLOCATED,,,,,
SLCMP1467-1085,1085,1086,509053637,2^509053637-1,STRUCTURAL_SCREEN_EXHAUSTED_PRIMALITY_UNASSIGNED,GF3A_DIRECTIONAL_WRITE_EXHAUSTED_PRIMALITY_UNASSIGNED,513,512,512,NO_RECORDED_FACTOR_PRP_OR_LL_RESULT_AND_NO_ACTIVE_GIMPS_ASSIGNMENT,2026-08-09T02:56:41+00:00,UNALLOCATED,,,,,
SLCMP1467-1086,1086,1087,509053789,2^509053789-1,STRUCTURAL_SCREEN_EXHAUSTED_PRIMALITY_UNASSIGNED,GF3A_DIRECTIONAL_WRITE_EXHAUSTED_PRIMALITY_UNASSIGNED,513,512,512,NO_RECORDED_FACTOR_PRP_OR_LL_RESULT_AND_NO_ACTIVE_GIMPS_ASSIGNMENT,2026-08-09T02:56:41+00:00,UNALLOCATED,,,,,
SLCMP1467-1087,1087,1088,509053859,2^509053859-1,STRUCTURAL_SCREEN_EXHAUSTED_PRIMALITY_UNASSIGNED,GF3A_DIRECTIONAL_WRITE_EXHAUSTED_PRIMALITY_UNASSIGNED,514,512,512,NO_RECORDED_FACTOR_PRP_OR_LL_RESULT_AND_NO_ACTIVE_GIMPS_ASSIGNMENT,2026-08-09T02:56:41+00:00,UNALLOCATED,,,,,
SLCMP1467-1088,1088,1089,509053879,2^509053879-1,STRUCTURAL_SCREEN_EXHAUSTED_PRIMALITY_UNASSIGNED,GF3A_DIRECTIONAL_WRITE_EXHAUSTED_PRIMALITY_UNASSIGNED,514,512,512,NO_RECORDED_FACTOR_PRP_OR_LL_RESULT_AND_NO_ACTIVE_GIMPS_ASSIGNMENT,2026-08-09T02:56:41+00:00,UNALLOCATED,,,,,
SLCMP1467-1089,1089,1090,509053901,2^509053901-1,STRUCTURAL_SCREEN_EXHAUSTED_PRIMALITY_UNASSIGNED,GF3A_DIRECTIONAL_WRITE_EXHAUSTED_PRIMALITY_UNASSIGNED,513,512,512,NO_RECORDED_FACTOR_PRP_OR_LL_RESULT_AND_NO_ACTIVE_GIMPS_ASSIGNMENT,2026-08-09T02:56:41+00:00,UNALLOCATED,,,,,
SLCMP1467-1090,1090,1091,509053927,2^509053927-1,STRUCTURAL_SCREEN_EXHAUSTED_PRIMALITY_UNASSIGNED,GF3A_DIRECTIONAL_WRITE_EXHAUSTED_PRIMALITY_UNASSIGNED,514,512,512,NO_RECORDED_FACTOR_PRP_OR_LL_RESULT_AND_NO_ACTIVE_GIMPS_ASSIGNMENT,2026-08-09T02:56:41+00:00,UNALLOCATED,,,,,
SLCMP1467-1091,1091,1092,509053939,2^509053939-1,STRUCTURAL_SCREEN_EXHAUSTED_PRIMALITY_UNASSIGNED,GF3A_DIRECTIONAL_WRITE_EXHAUSTED_PRIMALITY_UNASSIGNED,514,512,512,NO_RECORDED_FACTOR_PRP_OR_LL_RESULT_AND_NO_ACTIVE_GIMPS_ASSIGNMENT,2026-08-09T02:56:41+00:00,UNALLOCATED,,,,,
SLCMP1467-1092,1092,1093,509053949,2^509053949-1,STRUCTURAL_SCREEN_EXHAUSTED_PRIMALITY_UNASSIGNED,GF3A_DIRECTIONAL_WRITE_EXHAUSTED_PRIMALITY_UNASSIGNED,513,512,512,NO_RECORDED_FACTOR_PRP_OR_LL_RESULT_AND_NO_ACTIVE_GIMPS_ASSIGNMENT,2026-08-09T02:56:41+00:00,UNALLOCATED,,,,,
SLCMP1467-1093,1093,1094,509054011,2^509054011-1,STRUCTURAL_SCREEN_EXHAUSTED_PRIMALITY_UNASSIGNED,GF3A_DIRECTIONAL_WRITE_EXHAUSTED_PRIMALITY_UNASSIGNED,514,512,512,NO_RECORDED_FACTOR_PRP_OR_LL_RESULT_AND_NO_ACTIVE_GIMPS_ASSIGNMENT,2026-08-09T02:56:41+00:00,UNALLOCATED,,,,,
SLCMP1467-1094,1094,1095,509054027,2^509054027-1,STRUCTURAL_SCREEN_EXHAUSTED_PRIMALITY_UNASSIGNED,GF3A_DIRECTIONAL_WRITE_EXHAUSTED_PRIMALITY_UNASSIGNED,514,512,512,NO_RECORDED_FACTOR_PRP_OR_LL_RESULT_AND_NO_ACTIVE_GIMPS_ASSIGNMENT,2026-08-09T02:56:41+00:00,UNALLOCATED,,,,,
SLCMP1467-1095,1095,1096,509054047,2^509054047-1,STRUCTURAL_SCREEN_EXHAUSTED_PRIMALITY_UNASSIGNED,GF3A_DIRECTIONAL_WRITE_EXHAUSTED_PRIMALITY_UNASSIGNED,514,512,512,NO_RECORDED_FACTOR_PRP_OR_LL_RESULT_AND_NO_ACTIVE_GIMPS_ASSIGNMENT,2026-08-09T02:56:41+00:00,UNALLOCATED,,,,,
SLCMP1467-1096,1096,1097,509054071,2^509054071-1,STRUCTURAL_SCREEN_EXHAUSTED_PRIMALITY_UNASSIGNED,GF3A_DIRECTIONAL_WRITE_EXHAUSTED_PRIMALITY_UNASSIGNED,514,512,512,NO_RECORDED_FACTOR_PRP_OR_LL_RESULT_AND_NO_ACTIVE_GIMPS_ASSIGNMENT,2026-08-09T02:56:41+00:00,UNALLOCATED,,,,,
SLCMP1467-1097,1097,1098,509054093,2^509054093-1,STRUCTURAL_SCREEN_EXHAUSTED_PRIMALITY_UNASSIGNED,GF3A_DIRECTIONAL_WRITE_EXHAUSTED_PRIMALITY_UNASSIGNED,513,512,512,NO_RECORDED_FACTOR_PRP_OR_LL_RESULT_AND_NO_ACTIVE_GIMPS_ASSIGNMENT,2026-08-09T02:56:41+00:00,UNALLOCATED,,,,,
SLCMP1467-1098,1098,1099,509054153,2^509054153-1,STRUCTURAL_SCREEN_EXHAUSTED_PRIMALITY_UNASSIGNED,GF3A_DIRECTIONAL_WRITE_EXHAUSTED_PRIMALITY_UNASSIGNED,513,512,512,NO_RECORDED_FACTOR_PRP_OR_LL_RESULT_AND_NO_ACTIVE_GIMPS_ASSIGNMENT,2026-08-09T02:56:41+00:00,UNALLOCATED,,,,,
SLCMP1467-1099,1099,1100,509054207,2^509054207-1,STRUCTURAL_SCREEN_EXHAUSTED_PRIMALITY_UNASSIGNED,GF3A_DIRECTIONAL_WRITE_EXHAUSTED_PRIMALITY_UNASSIGNED,514,512,512,NO_RECORDED_FACTOR_PRP_OR_LL_RESULT_AND_NO_ACTIVE_GIMPS_ASSIGNMENT,2026-08-09T02:56:41+00:00,UNALLOCATED,,,,,
SLCMP1467-1100,1100,1101,509054233,2^509054233-1,STRUCTURAL_SCREEN_EXHAUSTED_PRIMALITY_UNASSIGNED,GF3A_DIRECTIONAL_WRITE_EXHAUSTED_PRIMALITY_UNASSIGNED,513,512,512,NO_RECORDED_FACTOR_PRP_OR_LL_RESULT_AND_NO_ACTIVE_GIMPS_ASSIGNMENT,2026-08-09T02:56:41+00:00,UNALLOCATED,,,,,
SLCMP1467-1101,1101,1102,509054269,2^509054269-1,STRUCTURAL_SCREEN_EXHAUSTED_PRIMALITY_UNASSIGNED,GF3A_DIRECTIONAL_WRITE_EXHAUSTED_PRIMALITY_UNASSIGNED,513,512,512,NO_RECORDED_FACTOR_PRP_OR_LL_RESULT_AND_NO_ACTIVE_GIMPS_ASSIGNMENT,2026-08-09T02:56:41+00:00,UNALLOCATED,,,,,
SLCMP1467-1102,1102,1103,509054363,2^509054363-1,STRUCTURAL_SCREEN_EXHAUSTED_PRIMALITY_UNASSIGNED,GF3A_DIRECTIONAL_WRITE_EXHAUSTED_PRIMALITY_UNASSIGNED,514,512,512,NO_RECORDED_FACTOR_PRP_OR_LL_RESULT_AND_NO_ACTIVE_GIMPS_ASSIGNMENT,2026-08-09T02:56:41+00:00,UNALLOCATED,,,,,
SLCMP1467-1103,1103,1104,509054383,2^509054383-1,STRUCTURAL_SCREEN_EXHAUSTED_PRIMALITY_UNASSIGNED,GF3A_DIRECTIONAL_WRITE_EXHAUSTED_PRIMALITY_UNASSIGNED,514,512,512,NO_RECORDED_FACTOR_PRP_OR_LL_RESULT_AND_NO_ACTIVE_GIMPS_ASSIGNMENT,2026-08-09T02:56:41+00:00,UNALLOCATED,,,,,
SLCMP1467-1104,1104,1105,509054387,2^509054387-1,STRUCTURAL_SCREEN_EXHAUSTED_PRIMALITY_UNASSIGNED,GF3A_DIRECTIONAL_WRITE_EXHAUSTED_PRIMALITY_UNASSIGNED,514,512,512,NO_RECORDED_FACTOR_PRP_OR_LL_RESULT_AND_NO_ACTIVE_GIMPS_ASSIGNMENT,2026-08-09T02:56:41+00:00,UNALLOCATED,,,,,
SLCMP1467-1105,1105,1106,509054393,2^509054393-1,STRUCTURAL_SCREEN_EXHAUSTED_PRIMALITY_UNASSIGNED,GF3A_DIRECTIONAL_WRITE_EXHAUSTED_PRIMALITY_UNASSIGNED,513,512,512,NO_RECORDED_FACTOR_PRP_OR_LL_RESULT_AND_NO_ACTIVE_GIMPS_ASSIGNMENT,2026-08-09T02:56:41+00:00,UNALLOCATED,,,,,
SLCMP1467-1106,1106,1107,509054411,2^509054411-1,STRUCTURAL_SCREEN_EXHAUSTED_PRIMALITY_UNASSIGNED,GF3A_DIRECTIONAL_WRITE_EXHAUSTED_PRIMALITY_UNASSIGNED,514,512,512,NO_RECORDED_FACTOR_PRP_OR_LL_RESULT_AND_NO_ACTIVE_GIMPS_ASSIGNMENT,2026-08-09T02:56:41+00:00,UNALLOCATED,,,,,
SLCMP1467-1107,1107,1108,509054437,2^509054437-1,STRUCTURAL_SCREEN_EXHAUSTED_PRIMALITY_UNASSIGNED,GF3A_DIRECTIONAL_WRITE_EXHAUSTED_PRIMALITY_UNASSIGNED,513,512,512,NO_RECORDED_FACTOR_PRP_OR_LL_RESULT_AND_NO_ACTIVE_GIMPS_ASSIGNMENT,2026-08-09T02:56:41+00:00,UNALLOCATED,,,,,
SLCMP1467-1108,1108,1109,509054569,2^509054569-1,STRUCTURAL_SCREEN_EXHAUSTED_PRIMALITY_UNASSIGNED,GF3A_DIRECTIONAL_WRITE_EXHAUSTED_PRIMALITY_UNASSIGNED,513,512,512,NO_RECORDED_FACTOR_PRP_OR_LL_RESULT_AND_NO_ACTIVE_GIMPS_ASSIGNMENT,2026-08-09T02:56:41+00:00,UNALLOCATED,,,,,
SLCMP1467-1109,1109,1110,509054587,2^509054587-1,STRUCTURAL_SCREEN_EXHAUSTED_PRIMALITY_UNASSIGNED,GF3A_DIRECTIONAL_WRITE_EXHAUSTED_PRIMALITY_UNASSIGNED,514,512,512,NO_RECORDED_FACTOR_PRP_OR_LL_RESULT_AND_NO_ACTIVE_GIMPS_ASSIGNMENT,2026-08-09T02:56:41+00:00,UNALLOCATED,,,,,
SLCMP1467-1110,1110,1111,509054629,2^509054629-1,STRUCTURAL_SCREEN_EXHAUSTED_PRIMALITY_UNASSIGNED,GF3A_DIRECTIONAL_WRITE_EXHAUSTED_PRIMALITY_UNASSIGNED,513,512,512,NO_RECORDED_FACTOR_PRP_OR_LL_RESULT_AND_NO_ACTIVE_GIMPS_ASSIGNMENT,2026-08-09T02:56:41+00:00,UNALLOCATED,,,,,
SLCMP1467-1111,1111,1112,509054761,2^509054761-1,STRUCTURAL_SCREEN_EXHAUSTED_PRIMALITY_UNASSIGNED,GF3A_DIRECTIONAL_WRITE_EXHAUSTED_PRIMALITY_UNASSIGNED,513,512,512,NO_RECORDED_FACTOR_PRP_OR_LL_RESULT_AND_NO_ACTIVE_GIMPS_ASSIGNMENT,2026-08-09T02:56:41+00:00,UNALLOCATED,,,,,
SLCMP1467-1112,1112,1113,509054789,2^509054789-1,STRUCTURAL_SCREEN_EXHAUSTED_PRIMALITY_UNASSIGNED,GF3A_DIRECTIONAL_WRITE_EXHAUSTED_PRIMALITY_UNASSIGNED,513,512,512,NO_RECORDED_FACTOR_PRP_OR_LL_RESULT_AND_NO_ACTIVE_GIMPS_ASSIGNMENT,2026-08-09T02:56:41+00:00,UNALLOCATED,,,,,
SLCMP1467-1113,1113,1114,509054807,2^509054807-1,STRUCTURAL_SCREEN_EXHAUSTED_PRIMALITY_UNASSIGNED,GF3A_DIRECTIONAL_WRITE_EXHAUSTED_PRIMALITY_UNASSIGNED,514,512,512,NO_RECORDED_FACTOR_PRP_OR_LL_RESULT_AND_NO_ACTIVE_GIMPS_ASSIGNMENT,2026-08-09T02:56:41+00:00,UNALLOCATED,,,,,
SLCMP1467-1114,1114,1115,509054827,2^509054827-1,STRUCTURAL_SCREEN_EXHAUSTED_PRIMALITY_UNASSIGNED,GF3A_DIRECTIONAL_WRITE_EXHAUSTED_PRIMALITY_UNASSIGNED,514,512,512,NO_RECORDED_FACTOR_PRP_OR_LL_RESULT_AND_NO_ACTIVE_GIMPS_ASSIGNMENT,2026-08-09T02:56:41+00:00,UNALLOCATED,,,,,
SLCMP1467-1115,1115,1116,509054839,2^509054839-1,STRUCTURAL_SCREEN_EXHAUSTED_PRIMALITY_UNASSIGNED,GF3A_DIRECTIONAL_WRITE_EXHAUSTED_PRIMALITY_UNASSIGNED,514,512,512,NO_RECORDED_FACTOR_PRP_OR_LL_RESULT_AND_NO_ACTIVE_GIMPS_ASSIGNMENT,2026-08-09T02:56:41+00:00,UNALLOCATED,,,,,
SLCMP1467-1116,1116,1117,509054881,2^509054881-1,STRUCTURAL_SCREEN_EXHAUSTED_PRIMALITY_UNASSIGNED,GF3A_DIRECTIONAL_WRITE_EXHAUSTED_PRIMALITY_UNASSIGNED,513,512,512,NO_RECORDED_FACTOR_PRP_OR_LL_RESULT_AND_NO_ACTIVE_GIMPS_ASSIGNMENT,2026-08-09T02:56:41+00:00,UNALLOCATED,,,,,
SLCMP1467-1117,1117,1118,509054939,2^509054939-1,STRUCTURAL_SCREEN_EXHAUSTED_PRIMALITY_UNASSIGNED,GF3A_DIRECTIONAL_WRITE_EXHAUSTED_PRIMALITY_UNASSIGNED,514,512,512,NO_RECORDED_FACTOR_PRP_OR_LL_RESULT_AND_NO_ACTIVE_GIMPS_ASSIGNMENT,2026-08-09T02:56:41+00:00,UNALLOCATED,,,,,
SLCMP1467-1118,1118,1119,509054947,2^509054947-1,STRUCTURAL_SCREEN_EXHAUSTED_PRIMALITY_UNASSIGNED,GF3A_DIRECTIONAL_WRITE_EXHAUSTED_PRIMALITY_UNASSIGNED,514,512,512,NO_RECORDED_FACTOR_PRP_OR_LL_RESULT_AND_NO_ACTIVE_GIMPS_ASSIGNMENT,2026-08-09T02:56:41+00:00,UNALLOCATED,,,,,
SLCMP1467-1119,1119,1120,509054963,2^509054963-1,STRUCTURAL_SCREEN_EXHAUSTED_PRIMALITY_UNASSIGNED,GF3A_DIRECTIONAL_WRITE_EXHAUSTED_PRIMALITY_UNASSIGNED,514,512,512,NO_RECORDED_FACTOR_PRP_OR_LL_RESULT_AND_NO_ACTIVE_GIMPS_ASSIGNMENT,2026-08-09T02:56:41+00:00,UNALLOCATED,,,,,
SLCMP1467-1120,1120,1121,509054971,2^509054971-1,STRUCTURAL_SCREEN_EXHAUSTED_PRIMALITY_UNASSIGNED,GF3A_DIRECTIONAL_WRITE_EXHAUSTED_PRIMALITY_UNASSIGNED,514,512,512,NO_RECORDED_FACTOR_PRP_OR_LL_RESULT_AND_NO_ACTIVE_GIMPS_ASSIGNMENT,2026-08-09T02:56:41+00:00,UNALLOCATED,,,,,
SLCMP1467-1121,1121,1122,509055017,2^509055017-1,STRUCTURAL_SCREEN_EXHAUSTED_PRIMALITY_UNASSIGNED,GF3A_DIRECTIONAL_WRITE_EXHAUSTED_PRIMALITY_UNASSIGNED,513,512,512,NO_RECORDED_FACTOR_PRP_OR_LL_RESULT_AND_NO_ACTIVE_GIMPS_ASSIGNMENT,2026-08-09T02:56:41+00:00,UNALLOCATED,,,,,
SLCMP1467-1122,1122,1123,509055133,2^509055133-1,STRUCTURAL_SCREEN_EXHAUSTED_PRIMALITY_UNASSIGNED,GF3A_DIRECTIONAL_WRITE_EXHAUSTED_PRIMALITY_UNASSIGNED,513,512,512,NO_RECORDED_FACTOR_PRP_OR_LL_RESULT_AND_NO_ACTIVE_GIMPS_ASSIGNMENT,2026-08-09T02:56:41+00:00,UNALLOCATED,,,,,
SLCMP1467-1123,1123,1124,509055143,2^509055143-1,STRUCTURAL_SCREEN_EXHAUSTED_PRIMALITY_UNASSIGNED,GF3A_DIRECTIONAL_WRITE_EXHAUSTED_PRIMALITY_UNASSIGNED,514,512,512,NO_RECORDED_FACTOR_PRP_OR_LL_RESULT_AND_NO_ACTIVE_GIMPS_ASSIGNMENT,2026-08-09T02:56:41+00:00,UNALLOCATED,,,,,
SLCMP1467-1124,1124,1125,509055317,2^509055317-1,STRUCTURAL_SCREEN_EXHAUSTED_PRIMALITY_UNASSIGNED,GF3A_DIRECTIONAL_WRITE_EXHAUSTED_PRIMALITY_UNASSIGNED,513,512,512,NO_RECORDED_FACTOR_PRP_OR_LL_RESULT_AND_NO_ACTIVE_GIMPS_ASSIGNMENT,2026-08-09T02:56:41+00:00,UNALLOCATED,,,,,
SLCMP1467-1125,1125,1126,509055329,2^509055329-1,STRUCTURAL_SCREEN_EXHAUSTED_PRIMALITY_UNASSIGNED,GF3A_DIRECTIONAL_WRITE_EXHAUSTED_PRIMALITY_UNASSIGNED,513,512,512,NO_RECORDED_FACTOR_PRP_OR_LL_RESULT_AND_NO_ACTIVE_GIMPS_ASSIGNMENT,2026-08-09T02:56:41+00:00,UNALLOCATED,,,,,
SLCMP1467-1126,1126,1127,509055341,2^509055341-1,STRUCTURAL_SCREEN_EXHAUSTED_PRIMALITY_UNASSIGNED,GF3A_DIRECTIONAL_WRITE_EXHAUSTED_PRIMALITY_UNASSIGNED,513,512,512,NO_RECORDED_FACTOR_PRP_OR_LL_RESULT_AND_NO_ACTIVE_GIMPS_ASSIGNMENT,2026-08-09T02:56:41+00:00,UNALLOCATED,,,,,
SLCMP1467-1127,1127,1128,509055367,2^509055367-1,STRUCTURAL_SCREEN_EXHAUSTED_PRIMALITY_UNASSIGNED,GF3A_DIRECTIONAL_WRITE_EXHAUSTED_PRIMALITY_UNASSIGNED,514,512,512,NO_RECORDED_FACTOR_PRP_OR_LL_RESULT_AND_NO_ACTIVE_GIMPS_ASSIGNMENT,2026-08-09T02:56:41+00:00,UNALLOCATED,,,,,
SLCMP1467-1128,1128,1129,509055493,2^509055493-1,STRUCTURAL_SCREEN_EXHAUSTED_PRIMALITY_UNASSIGNED,GF3A_DIRECTIONAL_WRITE_EXHAUSTED_PRIMALITY_UNASSIGNED,513,512,512,NO_RECORDED_FACTOR_PRP_OR_LL_RESULT_AND_NO_ACTIVE_GIMPS_ASSIGNMENT,2026-08-09T02:56:41+00:00,UNALLOCATED,,,,,
SLCMP1467-1129,1129,1130,509055511,2^509055511-1,STRUCTURAL_SCREEN_EXHAUSTED_PRIMALITY_UNASSIGNED,GF3A_DIRECTIONAL_WRITE_EXHAUSTED_PRIMALITY_UNASSIGNED,514,512,512,NO_RECORDED_FACTOR_PRP_OR_LL_RESULT_AND_NO_ACTIVE_GIMPS_ASSIGNMENT,2026-08-09T02:56:41+00:00,UNALLOCATED,,,,,
SLCMP1467-1130,1130,1131,509055653,2^509055653-1,STRUCTURAL_SCREEN_EXHAUSTED_PRIMALITY_UNASSIGNED,GF3A_DIRECTIONAL_WRITE_EXHAUSTED_PRIMALITY_UNASSIGNED,513,512,512,NO_RECORDED_FACTOR_PRP_OR_LL_RESULT_AND_NO_ACTIVE_GIMPS_ASSIGNMENT,2026-08-09T02:56:41+00:00,UNALLOCATED,,,,,
SLCMP1467-1131,1131,1132,509055661,2^509055661-1,STRUCTURAL_SCREEN_EXHAUSTED_PRIMALITY_UNASSIGNED,GF3A_DIRECTIONAL_WRITE_EXHAUSTED_PRIMALITY_UNASSIGNED,513,512,512,NO_RECORDED_FACTOR_PRP_OR_LL_RESULT_AND_NO_ACTIVE_GIMPS_ASSIGNMENT,2026-08-09T02:56:41+00:00,UNALLOCATED,,,,,
SLCMP1467-1132,1132,1133,509055671,2^509055671-1,STRUCTURAL_SCREEN_EXHAUSTED_PRIMALITY_UNASSIGNED,GF3A_DIRECTIONAL_WRITE_EXHAUSTED_PRIMALITY_UNASSIGNED,514,512,512,NO_RECORDED_FACTOR_PRP_OR_LL_RESULT_AND_NO_ACTIVE_GIMPS_ASSIGNMENT,2026-08-09T02:56:41+00:00,UNALLOCATED,,,,,
SLCMP1467-1133,1133,1134,509055719,2^509055719-1,STRUCTURAL_SCREEN_EXHAUSTED_PRIMALITY_UNASSIGNED,GF3A_DIRECTIONAL_WRITE_EXHAUSTED_PRIMALITY_UNASSIGNED,514,512,512,NO_RECORDED_FACTOR_PRP_OR_LL_RESULT_AND_NO_ACTIVE_GIMPS_ASSIGNMENT,2026-08-09T02:56:41+00:00,UNALLOCATED,,,,,
SLCMP1467-1134,1134,1135,509055839,2^509055839-1,STRUCTURAL_SCREEN_EXHAUSTED_PRIMALITY_UNASSIGNED,GF3A_DIRECTIONAL_WRITE_EXHAUSTED_PRIMALITY_UNASSIGNED,514,512,512,NO_RECORDED_FACTOR_PRP_OR_LL_RESULT_AND_NO_ACTIVE_GIMPS_ASSIGNMENT,2026-08-09T02:56:41+00:00,UNALLOCATED,,,,,
SLCMP1467-1135,1135,1136,509055863,2^509055863-1,STRUCTURAL_SCREEN_EXHAUSTED_PRIMALITY_UNASSIGNED,GF3A_DIRECTIONAL_WRITE_EXHAUSTED_PRIMALITY_UNASSIGNED,514,512,512,NO_RECORDED_FACTOR_PRP_OR_LL_RESULT_AND_NO_ACTIVE_GIMPS_ASSIGNMENT,2026-08-09T02:56:41+00:00,UNALLOCATED,,,,,
SLCMP1467-1136,1136,1137,509055971,2^509055971-1,STRUCTURAL_SCREEN_EXHAUSTED_PRIMALITY_UNASSIGNED,GF3A_DIRECTIONAL_WRITE_EXHAUSTED_PRIMALITY_UNASSIGNED,514,512,512,NO_RECORDED_FACTOR_PRP_OR_LL_RESULT_AND_NO_ACTIVE_GIMPS_ASSIGNMENT,2026-08-09T02:56:41+00:00,UNALLOCATED,,,,,
SLCMP1467-1137,1137,1138,509055983,2^509055983-1,STRUCTURAL_SCREEN_EXHAUSTED_PRIMALITY_UNASSIGNED,GF3A_DIRECTIONAL_WRITE_EXHAUSTED_PRIMALITY_UNASSIGNED,514,512,512,NO_RECORDED_FACTOR_PRP_OR_LL_RESULT_AND_NO_ACTIVE_GIMPS_ASSIGNMENT,2026-08-09T02:56:41+00:00,UNALLOCATED,,,,,
SLCMP1467-1138,1138,1139,509056019,2^509056019-1,STRUCTURAL_SCREEN_EXHAUSTED_PRIMALITY_UNASSIGNED,GF3A_DIRECTIONAL_WRITE_EXHAUSTED_PRIMALITY_UNASSIGNED,514,512,512,NO_RECORDED_FACTOR_PRP_OR_LL_RESULT_AND_NO_ACTIVE_GIMPS_ASSIGNMENT,2026-08-09T02:56:41+00:00,UNALLOCATED,,,,,
SLCMP1467-1139,1139,1140,509056021,2^509056021-1,STRUCTURAL_SCREEN_EXHAUSTED_PRIMALITY_UNASSIGNED,GF3A_DIRECTIONAL_WRITE_EXHAUSTED_PRIMALITY_UNASSIGNED,513,512,512,NO_RECORDED_FACTOR_PRP_OR_LL_RESULT_AND_NO_ACTIVE_GIMPS_ASSIGNMENT,2026-08-09T02:56:41+00:00,UNALLOCATED,,,,,
SLCMP1467-1140,1140,1141,509056103,2^509056103-1,STRUCTURAL_SCREEN_EXHAUSTED_PRIMALITY_UNASSIGNED,GF3A_DIRECTIONAL_WRITE_EXHAUSTED_PRIMALITY_UNASSIGNED,514,512,512,NO_RECORDED_FACTOR_PRP_OR_LL_RESULT_AND_NO_ACTIVE_GIMPS_ASSIGNMENT,2026-08-09T02:56:41+00:00,UNALLOCATED,,,,,
SLCMP1467-1141,1141,1142,509056117,2^509056117-1,STRUCTURAL_SCREEN_EXHAUSTED_PRIMALITY_UNASSIGNED,GF3A_DIRECTIONAL_WRITE_EXHAUSTED_PRIMALITY_UNASSIGNED,513,512,512,NO_RECORDED_FACTOR_PRP_OR_LL_RESULT_AND_NO_ACTIVE_GIMPS_ASSIGNMENT,2026-08-09T02:56:41+00:00,UNALLOCATED,,,,,
SLCMP1467-1142,1142,1143,509056147,2^509056147-1,STRUCTURAL_SCREEN_EXHAUSTED_PRIMALITY_UNASSIGNED,GF3A_DIRECTIONAL_WRITE_EXHAUSTED_PRIMALITY_UNASSIGNED,514,512,512,NO_RECORDED_FACTOR_PRP_OR_LL_RESULT_AND_NO_ACTIVE_GIMPS_ASSIGNMENT,2026-08-09T02:56:41+00:00,UNALLOCATED,,,,,
SLCMP1467-1143,1143,1144,509056157,2^509056157-1,STRUCTURAL_SCREEN_EXHAUSTED_PRIMALITY_UNASSIGNED,GF3A_DIRECTIONAL_WRITE_EXHAUSTED_PRIMALITY_UNASSIGNED,513,512,512,NO_RECORDED_FACTOR_PRP_OR_LL_RESULT_AND_NO_ACTIVE_GIMPS_ASSIGNMENT,2026-08-09T02:56:41+00:00,UNALLOCATED,,,,,
SLCMP1467-1144,1144,1145,509056159,2^509056159-1,STRUCTURAL_SCREEN_EXHAUSTED_PRIMALITY_UNASSIGNED,GF3A_DIRECTIONAL_WRITE_EXHAUSTED_PRIMALITY_UNASSIGNED,514,512,512,NO_RECORDED_FACTOR_PRP_OR_LL_RESULT_AND_NO_ACTIVE_GIMPS_ASSIGNMENT,2026-08-09T02:56:41+00:00,UNALLOCATED,,,,,
SLCMP1467-1145,1145,1146,509056193,2^509056193-1,STRUCTURAL_SCREEN_EXHAUSTED_PRIMALITY_UNASSIGNED,GF3A_DIRECTIONAL_WRITE_EXHAUSTED_PRIMALITY_UNASSIGNED,513,512,512,NO_RECORDED_FACTOR_PRP_OR_LL_RESULT_AND_NO_ACTIVE_GIMPS_ASSIGNMENT,2026-08-09T02:56:41+00:00,UNALLOCATED,,,,,
SLCMP1467-1146,1146,1147,509056241,2^509056241-1,STRUCTURAL_SCREEN_EXHAUSTED_PRIMALITY_UNASSIGNED,GF3A_DIRECTIONAL_WRITE_EXHAUSTED_PRIMALITY_UNASSIGNED,513,512,512,NO_RECORDED_FACTOR_PRP_OR_LL_RESULT_AND_NO_ACTIVE_GIMPS_ASSIGNMENT,2026-08-09T02:56:41+00:00,UNALLOCATED,,,,,
SLCMP1467-1147,1147,1148,509056349,2^509056349-1,STRUCTURAL_SCREEN_EXHAUSTED_PRIMALITY_UNASSIGNED,GF3A_DIRECTIONAL_WRITE_EXHAUSTED_PRIMALITY_UNASSIGNED,513,512,512,NO_RECORDED_FACTOR_PRP_OR_LL_RESULT_AND_NO_ACTIVE_GIMPS_ASSIGNMENT,2026-08-09T02:56:41+00:00,UNALLOCATED,,,,,
SLCMP1467-1148,1148,1149,509056351,2^509056351-1,STRUCTURAL_SCREEN_EXHAUSTED_PRIMALITY_UNASSIGNED,GF3A_DIRECTIONAL_WRITE_EXHAUSTED_PRIMALITY_UNASSIGNED,514,512,512,NO_RECORDED_FACTOR_PRP_OR_LL_RESULT_AND_NO_ACTIVE_GIMPS_ASSIGNMENT,2026-08-09T02:56:41+00:00,UNALLOCATED,,,,,
SLCMP1467-1149,1149,1150,509056357,2^509056357-1,STRUCTURAL_SCREEN_EXHAUSTED_PRIMALITY_UNASSIGNED,GF3A_DIRECTIONAL_WRITE_EXHAUSTED_PRIMALITY_UNASSIGNED,513,512,512,NO_RECORDED_FACTOR_PRP_OR_LL_RESULT_AND_NO_ACTIVE_GIMPS_ASSIGNMENT,2026-08-09T02:56:41+00:00,UNALLOCATED,,,,,
SLCMP1467-1150,1150,1151,509056411,2^509056411-1,STRUCTURAL_SCREEN_EXHAUSTED_PRIMALITY_UNASSIGNED,GF3A_DIRECTIONAL_WRITE_EXHAUSTED_PRIMALITY_UNASSIGNED,514,512,512,NO_RECORDED_FACTOR_PRP_OR_LL_RESULT_AND_NO_ACTIVE_GIMPS_ASSIGNMENT,2026-08-09T02:56:41+00:00,UNALLOCATED,,,,,
SLCMP1467-1151,1151,1152,509056501,2^509056501-1,STRUCTURAL_SCREEN_EXHAUSTED_PRIMALITY_UNASSIGNED,GF3A_DIRECTIONAL_WRITE_EXHAUSTED_PRIMALITY_UNASSIGNED,513,512,512,NO_RECORDED_FACTOR_PRP_OR_LL_RESULT_AND_NO_ACTIVE_GIMPS_ASSIGNMENT,2026-08-09T02:56:41+00:00,UNALLOCATED,,,,,
SLCMP1467-1152,1152,1153,509056609,2^509056609-1,STRUCTURAL_SCREEN_EXHAUSTED_PRIMALITY_UNASSIGNED,GF3A_DIRECTIONAL_WRITE_EXHAUSTED_PRIMALITY_UNASSIGNED,513,512,512,NO_RECORDED_FACTOR_PRP_OR_LL_RESULT_AND_NO_ACTIVE_GIMPS_ASSIGNMENT,2026-08-09T02:56:41+00:00,UNALLOCATED,,,,,
SLCMP1467-1153,1153,1154,509056621,2^509056621-1,STRUCTURAL_SCREEN_EXHAUSTED_PRIMALITY_UNASSIGNED,GF3A_DIRECTIONAL_WRITE_EXHAUSTED_PRIMALITY_UNASSIGNED,513,512,512,NO_RECORDED_FACTOR_PRP_OR_LL_RESULT_AND_NO_ACTIVE_GIMPS_ASSIGNMENT,2026-08-09T02:56:41+00:00,UNALLOCATED,,,,,
SLCMP1467-1154,1154,1155,509056657,2^509056657-1,STRUCTURAL_SCREEN_EXHAUSTED_PRIMALITY_UNASSIGNED,GF3A_DIRECTIONAL_WRITE_EXHAUSTED_PRIMALITY_UNASSIGNED,513,512,512,NO_RECORDED_FACTOR_PRP_OR_LL_RESULT_AND_NO_ACTIVE_GIMPS_ASSIGNMENT,2026-08-09T02:56:41+00:00,UNALLOCATED,,,,,
SLCMP1467-1155,1155,1156,509056663,2^509056663-1,STRUCTURAL_SCREEN_EXHAUSTED_PRIMALITY_UNASSIGNED,GF3A_DIRECTIONAL_WRITE_EXHAUSTED_PRIMALITY_UNASSIGNED,514,512,512,NO_RECORDED_FACTOR_PRP_OR_LL_RESULT_AND_NO_ACTIVE_GIMPS_ASSIGNMENT,2026-08-09T02:56:41+00:00,UNALLOCATED,,,,,
SLCMP1467-1156,1156,1157,509056733,2^509056733-1,STRUCTURAL_SCREEN_EXHAUSTED_PRIMALITY_UNASSIGNED,GF3A_DIRECTIONAL_WRITE_EXHAUSTED_PRIMALITY_UNASSIGNED,513,512,512,NO_RECORDED_FACTOR_PRP_OR_LL_RESULT_AND_NO_ACTIVE_GIMPS_ASSIGNMENT,2026-08-09T02:56:41+00:00,UNALLOCATED,,,,,
SLCMP1467-1157,1157,1158,509056783,2^509056783-1,STRUCTURAL_SCREEN_EXHAUSTED_PRIMALITY_UNASSIGNED,GF3A_DIRECTIONAL_WRITE_EXHAUSTED_PRIMALITY_UNASSIGNED,514,512,512,NO_RECORDED_FACTOR_PRP_OR_LL_RESULT_AND_NO_ACTIVE_GIMPS_ASSIGNMENT,2026-08-09T02:56:41+00:00,UNALLOCATED,,,,,
SLCMP1467-1158,1158,1159,509056819,2^509056819-1,STRUCTURAL_SCREEN_EXHAUSTED_PRIMALITY_UNASSIGNED,GF3A_DIRECTIONAL_WRITE_EXHAUSTED_PRIMALITY_UNASSIGNED,514,512,512,NO_RECORDED_FACTOR_PRP_OR_LL_RESULT_AND_NO_ACTIVE_GIMPS_ASSIGNMENT,2026-08-09T02:56:41+00:00,UNALLOCATED,,,,,
SLCMP1467-1159,1159,1160,509056901,2^509056901-1,STRUCTURAL_SCREEN_EXHAUSTED_PRIMALITY_UNASSIGNED,GF3A_DIRECTIONAL_WRITE_EXHAUSTED_PRIMALITY_UNASSIGNED,513,512,512,NO_RECORDED_FACTOR_PRP_OR_LL_RESULT_AND_NO_ACTIVE_GIMPS_ASSIGNMENT,2026-08-09T02:56:41+00:00,UNALLOCATED,,,,,
SLCMP1467-1160,1160,1161,509056931,2^509056931-1,STRUCTURAL_SCREEN_EXHAUSTED_PRIMALITY_UNASSIGNED,GF3A_DIRECTIONAL_WRITE_EXHAUSTED_PRIMALITY_UNASSIGNED,514,512,512,NO_RECORDED_FACTOR_PRP_OR_LL_RESULT_AND_NO_ACTIVE_GIMPS_ASSIGNMENT,2026-08-09T02:56:41+00:00,UNALLOCATED,,,,,
SLCMP1467-1161,1161,1162,509056939,2^509056939-1,STRUCTURAL_SCREEN_EXHAUSTED_PRIMALITY_UNASSIGNED,GF3A_DIRECTIONAL_WRITE_EXHAUSTED_PRIMALITY_UNASSIGNED,514,512,512,NO_RECORDED_FACTOR_PRP_OR_LL_RESULT_AND_NO_ACTIVE_GIMPS_ASSIGNMENT,2026-08-09T02:56:41+00:00,UNALLOCATED,,,,,
SLCMP1467-1162,1162,1163,509056973,2^509056973-1,STRUCTURAL_SCREEN_EXHAUSTED_PRIMALITY_UNASSIGNED,GF3A_DIRECTIONAL_WRITE_EXHAUSTED_PRIMALITY_UNASSIGNED,513,512,512,NO_RECORDED_FACTOR_PRP_OR_LL_RESULT_AND_NO_ACTIVE_GIMPS_ASSIGNMENT,2026-08-09T02:56:41+00:00,UNALLOCATED,,,,,
SLCMP1467-1163,1163,1164,509056979,2^509056979-1,STRUCTURAL_SCREEN_EXHAUSTED_PRIMALITY_UNASSIGNED,GF3A_DIRECTIONAL_WRITE_EXHAUSTED_PRIMALITY_UNASSIGNED,514,512,512,NO_RECORDED_FACTOR_PRP_OR_LL_RESULT_AND_NO_ACTIVE_GIMPS_ASSIGNMENT,2026-08-09T02:56:41+00:00,UNALLOCATED,,,,,
SLCMP1467-1164,1164,1165,509057053,2^509057053-1,STRUCTURAL_SCREEN_EXHAUSTED_PRIMALITY_UNASSIGNED,GF3A_DIRECTIONAL_WRITE_EXHAUSTED_PRIMALITY_UNASSIGNED,513,512,512,NO_RECORDED_FACTOR_PRP_OR_LL_RESULT_AND_NO_ACTIVE_GIMPS_ASSIGNMENT,2026-08-09T02:56:41+00:00,UNALLOCATED,,,,,
SLCMP1467-1165,1165,1166,509057111,2^509057111-1,STRUCTURAL_SCREEN_EXHAUSTED_PRIMALITY_UNASSIGNED,GF3A_DIRECTIONAL_WRITE_EXHAUSTED_PRIMALITY_UNASSIGNED,514,512,512,NO_RECORDED_FACTOR_PRP_OR_LL_RESULT_AND_NO_ACTIVE_GIMPS_ASSIGNMENT,2026-08-09T02:56:41+00:00,UNALLOCATED,,,,,
SLCMP1467-1166,1166,1167,509057191,2^509057191-1,STRUCTURAL_SCREEN_EXHAUSTED_PRIMALITY_UNASSIGNED,GF3A_DIRECTIONAL_WRITE_EXHAUSTED_PRIMALITY_UNASSIGNED,514,512,512,NO_RECORDED_FACTOR_PRP_OR_LL_RESULT_AND_NO_ACTIVE_GIMPS_ASSIGNMENT,2026-08-09T02:56:41+00:00,UNALLOCATED,,,,,
SLCMP1467-1167,1167,1168,509057239,2^509057239-1,STRUCTURAL_SCREEN_EXHAUSTED_PRIMALITY_UNASSIGNED,GF3A_DIRECTIONAL_WRITE_EXHAUSTED_PRIMALITY_UNASSIGNED,514,512,512,NO_RECORDED_FACTOR_PRP_OR_LL_RESULT_AND_NO_ACTIVE_GIMPS_ASSIGNMENT,2026-08-09T02:56:41+00:00,UNALLOCATED,,,,,
SLCMP1467-1168,1168,1169,509057257,2^509057257-1,STRUCTURAL_SCREEN_EXHAUSTED_PRIMALITY_UNASSIGNED,GF3A_DIRECTIONAL_WRITE_EXHAUSTED_PRIMALITY_UNASSIGNED,513,512,512,NO_RECORDED_FACTOR_PRP_OR_LL_RESULT_AND_NO_ACTIVE_GIMPS_ASSIGNMENT,2026-08-09T02:56:41+00:00,UNALLOCATED,,,,,
SLCMP1467-1169,1169,1170,509057467,2^509057467-1,STRUCTURAL_SCREEN_EXHAUSTED_PRIMALITY_UNASSIGNED,GF3A_DIRECTIONAL_WRITE_EXHAUSTED_PRIMALITY_UNASSIGNED,514,512,512,NO_RECORDED_FACTOR_PRP_OR_LL_RESULT_AND_NO_ACTIVE_GIMPS_ASSIGNMENT,2026-08-09T02:56:41+00:00,UNALLOCATED,,,,,
SLCMP1467-1170,1170,1171,509057489,2^509057489-1,STRUCTURAL_SCREEN_EXHAUSTED_PRIMALITY_UNASSIGNED,GF3A_DIRECTIONAL_WRITE_EXHAUSTED_PRIMALITY_UNASSIGNED,513,512,512,NO_RECORDED_FACTOR_PRP_OR_LL_RESULT_AND_NO_ACTIVE_GIMPS_ASSIGNMENT,2026-08-09T02:56:41+00:00,UNALLOCATED,,,,,
SLCMP1467-1171,1171,1172,509057539,2^509057539-1,STRUCTURAL_SCREEN_EXHAUSTED_PRIMALITY_UNASSIGNED,GF3A_DIRECTIONAL_WRITE_EXHAUSTED_PRIMALITY_UNASSIGNED,514,512,512,NO_RECORDED_FACTOR_PRP_OR_LL_RESULT_AND_NO_ACTIVE_GIMPS_ASSIGNMENT,2026-08-09T02:56:41+00:00,UNALLOCATED,,,,,
SLCMP1467-1172,1172,1173,509057579,2^509057579-1,STRUCTURAL_SCREEN_EXHAUSTED_PRIMALITY_UNASSIGNED,GF3A_DIRECTIONAL_WRITE_EXHAUSTED_PRIMALITY_UNASSIGNED,514,512,512,NO_RECORDED_FACTOR_PRP_OR_LL_RESULT_AND_NO_ACTIVE_GIMPS_ASSIGNMENT,2026-08-09T02:56:41+00:00,UNALLOCATED,,,,,
SLCMP1467-1173,1173,1174,509057641,2^509057641-1,STRUCTURAL_SCREEN_EXHAUSTED_PRIMALITY_UNASSIGNED,GF3A_DIRECTIONAL_WRITE_EXHAUSTED_PRIMALITY_UNASSIGNED,513,512,512,NO_RECORDED_FACTOR_PRP_OR_LL_RESULT_AND_NO_ACTIVE_GIMPS_ASSIGNMENT,2026-08-09T02:56:41+00:00,UNALLOCATED,,,,,
SLCMP1467-1174,1174,1175,509057657,2^509057657-1,STRUCTURAL_SCREEN_EXHAUSTED_PRIMALITY_UNASSIGNED,GF3A_DIRECTIONAL_WRITE_EXHAUSTED_PRIMALITY_UNASSIGNED,513,512,512,NO_RECORDED_FACTOR_PRP_OR_LL_RESULT_AND_NO_ACTIVE_GIMPS_ASSIGNMENT,2026-08-09T02:56:41+00:00,UNALLOCATED,,,,,
SLCMP1467-1175,1175,1176,509057669,2^509057669-1,STRUCTURAL_SCREEN_EXHAUSTED_PRIMALITY_UNASSIGNED,GF3A_DIRECTIONAL_WRITE_EXHAUSTED_PRIMALITY_UNASSIGNED,513,512,512,NO_RECORDED_FACTOR_PRP_OR_LL_RESULT_AND_NO_ACTIVE_GIMPS_ASSIGNMENT,2026-08-09T02:56:41+00:00,UNALLOCATED,,,,,
SLCMP1467-1176,1176,1177,509057683,2^509057683-1,STRUCTURAL_SCREEN_EXHAUSTED_PRIMALITY_UNASSIGNED,GF3A_DIRECTIONAL_WRITE_EXHAUSTED_PRIMALITY_UNASSIGNED,514,512,512,NO_RECORDED_FACTOR_PRP_OR_LL_RESULT_AND_NO_ACTIVE_GIMPS_ASSIGNMENT,2026-08-09T02:56:41+00:00,UNALLOCATED,,,,,
SLCMP1467-1177,1177,1178,509057699,2^509057699-1,STRUCTURAL_SCREEN_EXHAUSTED_PRIMALITY_UNASSIGNED,GF3A_DIRECTIONAL_WRITE_EXHAUSTED_PRIMALITY_UNASSIGNED,514,512,512,NO_RECORDED_FACTOR_PRP_OR_LL_RESULT_AND_NO_ACTIVE_GIMPS_ASSIGNMENT,2026-08-09T02:56:41+00:00,UNALLOCATED,,,,,
SLCMP1467-1178,1178,1179,509057797,2^509057797-1,STRUCTURAL_SCREEN_EXHAUSTED_PRIMALITY_UNASSIGNED,GF3A_DIRECTIONAL_WRITE_EXHAUSTED_PRIMALITY_UNASSIGNED,513,512,512,NO_RECORDED_FACTOR_PRP_OR_LL_RESULT_AND_NO_ACTIVE_GIMPS_ASSIGNMENT,2026-08-09T02:56:41+00:00,UNALLOCATED,,,,,
SLCMP1467-1179,1179,1180,509057807,2^509057807-1,STRUCTURAL_SCREEN_EXHAUSTED_PRIMALITY_UNASSIGNED,GF3A_DIRECTIONAL_WRITE_EXHAUSTED_PRIMALITY_UNASSIGNED,514,512,512,NO_RECORDED_FACTOR_PRP_OR_LL_RESULT_AND_NO_ACTIVE_GIMPS_ASSIGNMENT,2026-08-09T02:56:41+00:00,UNALLOCATED,,,,,
SLCMP1467-1180,1180,1181,509057821,2^509057821-1,STRUCTURAL_SCREEN_EXHAUSTED_PRIMALITY_UNASSIGNED,GF3A_DIRECTIONAL_WRITE_EXHAUSTED_PRIMALITY_UNASSIGNED,513,512,512,NO_RECORDED_FACTOR_PRP_OR_LL_RESULT_AND_NO_ACTIVE_GIMPS_ASSIGNMENT,2026-08-09T02:56:41+00:00,UNALLOCATED,,,,,
SLCMP1467-1181,1181,1182,509057891,2^509057891-1,STRUCTURAL_SCREEN_EXHAUSTED_PRIMALITY_UNASSIGNED,GF3A_DIRECTIONAL_WRITE_EXHAUSTED_PRIMALITY_UNASSIGNED,514,512,512,NO_RECORDED_FACTOR_PRP_OR_LL_RESULT_AND_NO_ACTIVE_GIMPS_ASSIGNMENT,2026-08-09T02:56:41+00:00,UNALLOCATED,,,,,
SLCMP1467-1182,1182,1183,509057903,2^509057903-1,STRUCTURAL_SCREEN_EXHAUSTED_PRIMALITY_UNASSIGNED,GF3A_DIRECTIONAL_WRITE_EXHAUSTED_PRIMALITY_UNASSIGNED,514,512,512,NO_RECORDED_FACTOR_PRP_OR_LL_RESULT_AND_NO_ACTIVE_GIMPS_ASSIGNMENT,2026-08-09T02:56:41+00:00,UNALLOCATED,,,,,
SLCMP1467-1183,1183,1184,509057929,2^509057929-1,STRUCTURAL_SCREEN_EXHAUSTED_PRIMALITY_UNASSIGNED,GF3A_DIRECTIONAL_WRITE_EXHAUSTED_PRIMALITY_UNASSIGNED,513,512,512,NO_RECORDED_FACTOR_PRP_OR_LL_RESULT_AND_NO_ACTIVE_GIMPS_ASSIGNMENT,2026-08-09T02:56:41+00:00,UNALLOCATED,,,,,
SLCMP1467-1184,1184,1185,509057963,2^509057963-1,STRUCTURAL_SCREEN_EXHAUSTED_PRIMALITY_UNASSIGNED,GF3A_DIRECTIONAL_WRITE_EXHAUSTED_PRIMALITY_UNASSIGNED,514,512,512,NO_RECORDED_FACTOR_PRP_OR_LL_RESULT_AND_NO_ACTIVE_GIMPS_ASSIGNMENT,2026-08-09T02:56:41+00:00,UNALLOCATED,,,,,
SLCMP1467-1185,1185,1186,509057977,2^509057977-1,STRUCTURAL_SCREEN_EXHAUSTED_PRIMALITY_UNASSIGNED,GF3A_DIRECTIONAL_WRITE_EXHAUSTED_PRIMALITY_UNASSIGNED,513,512,512,NO_RECORDED_FACTOR_PRP_OR_LL_RESULT_AND_NO_ACTIVE_GIMPS_ASSIGNMENT,2026-08-09T02:56:41+00:00,UNALLOCATED,,,,,
SLCMP1467-1186,1186,1187,509058101,2^509058101-1,STRUCTURAL_SCREEN_EXHAUSTED_PRIMALITY_UNASSIGNED,GF3A_DIRECTIONAL_WRITE_EXHAUSTED_PRIMALITY_UNASSIGNED,513,512,512,NO_RECORDED_FACTOR_PRP_OR_LL_RESULT_AND_NO_ACTIVE_GIMPS_ASSIGNMENT,2026-08-09T02:56:41+00:00,UNALLOCATED,,,,,
SLCMP1467-1187,1187,1188,509058113,2^509058113-1,STRUCTURAL_SCREEN_EXHAUSTED_PRIMALITY_UNASSIGNED,GF3A_DIRECTIONAL_WRITE_EXHAUSTED_PRIMALITY_UNASSIGNED,513,512,512,NO_RECORDED_FACTOR_PRP_OR_LL_RESULT_AND_NO_ACTIVE_GIMPS_ASSIGNMENT,2026-08-09T02:56:41+00:00,UNALLOCATED,,,,,
SLCMP1467-1188,1188,1189,509058133,2^509058133-1,STRUCTURAL_SCREEN_EXHAUSTED_PRIMALITY_UNASSIGNED,GF3A_DIRECTIONAL_WRITE_EXHAUSTED_PRIMALITY_UNASSIGNED,513,512,512,NO_RECORDED_FACTOR_PRP_OR_LL_RESULT_AND_NO_ACTIVE_GIMPS_ASSIGNMENT,2026-08-09T02:56:41+00:00,UNALLOCATED,,,,,
SLCMP1467-1189,1189,1190,509058259,2^509058259-1,STRUCTURAL_SCREEN_EXHAUSTED_PRIMALITY_UNASSIGNED,GF3A_DIRECTIONAL_WRITE_EXHAUSTED_PRIMALITY_UNASSIGNED,514,512,512,NO_RECORDED_FACTOR_PRP_OR_LL_RESULT_AND_NO_ACTIVE_GIMPS_ASSIGNMENT,2026-08-09T02:56:41+00:00,UNALLOCATED,,,,,
SLCMP1467-1190,1190,1191,509058293,2^509058293-1,STRUCTURAL_SCREEN_EXHAUSTED_PRIMALITY_UNASSIGNED,GF3A_DIRECTIONAL_WRITE_EXHAUSTED_PRIMALITY_UNASSIGNED,513,512,512,NO_RECORDED_FACTOR_PRP_OR_LL_RESULT_AND_NO_ACTIVE_GIMPS_ASSIGNMENT,2026-08-09T02:56:41+00:00,UNALLOCATED,,,,,
SLCMP1467-1191,1191,1192,509058349,2^509058349-1,STRUCTURAL_SCREEN_EXHAUSTED_PRIMALITY_UNASSIGNED,GF3A_DIRECTIONAL_WRITE_EXHAUSTED_PRIMALITY_UNASSIGNED,513,512,512,NO_RECORDED_FACTOR_PRP_OR_LL_RESULT_AND_NO_ACTIVE_GIMPS_ASSIGNMENT,2026-08-09T02:56:41+00:00,UNALLOCATED,,,,,
SLCMP1467-1192,1192,1193,509058397,2^509058397-1,STRUCTURAL_SCREEN_EXHAUSTED_PRIMALITY_UNASSIGNED,GF3A_DIRECTIONAL_WRITE_EXHAUSTED_PRIMALITY_UNASSIGNED,513,512,512,NO_RECORDED_FACTOR_PRP_OR_LL_RESULT_AND_NO_ACTIVE_GIMPS_ASSIGNMENT,2026-08-09T02:56:41+00:00,UNALLOCATED,,,,,
SLCMP1467-1193,1193,1194,509058521,2^509058521-1,STRUCTURAL_SCREEN_EXHAUSTED_PRIMALITY_UNASSIGNED,GF3A_DIRECTIONAL_WRITE_EXHAUSTED_PRIMALITY_UNASSIGNED,513,512,512,NO_RECORDED_FACTOR_PRP_OR_LL_RESULT_AND_NO_ACTIVE_GIMPS_ASSIGNMENT,2026-08-09T02:56:41+00:00,UNALLOCATED,,,,,
SLCMP1467-1194,1194,1195,509058629,2^509058629-1,STRUCTURAL_SCREEN_EXHAUSTED_PRIMALITY_UNASSIGNED,GF3A_DIRECTIONAL_WRITE_EXHAUSTED_PRIMALITY_UNASSIGNED,513,512,512,NO_RECORDED_FACTOR_PRP_OR_LL_RESULT_AND_NO_ACTIVE_GIMPS_ASSIGNMENT,2026-08-09T02:56:41+00:00,UNALLOCATED,,,,,
SLCMP1467-1195,1195,1196,509058643,2^509058643-1,STRUCTURAL_SCREEN_EXHAUSTED_PRIMALITY_UNASSIGNED,GF3A_DIRECTIONAL_WRITE_EXHAUSTED_PRIMALITY_UNASSIGNED,514,512,512,NO_RECORDED_FACTOR_PRP_OR_LL_RESULT_AND_NO_ACTIVE_GIMPS_ASSIGNMENT,2026-08-09T02:56:41+00:00,UNALLOCATED,,,,,
SLCMP1467-1196,1196,1197,509058647,2^509058647-1,STRUCTURAL_SCREEN_EXHAUSTED_PRIMALITY_UNASSIGNED,GF3A_DIRECTIONAL_WRITE_EXHAUSTED_PRIMALITY_UNASSIGNED,514,512,512,NO_RECORDED_FACTOR_PRP_OR_LL_RESULT_AND_NO_ACTIVE_GIMPS_ASSIGNMENT,2026-08-09T02:56:41+00:00,UNALLOCATED,,,,,
SLCMP1467-1197,1197,1198,509058703,2^509058703-1,STRUCTURAL_SCREEN_EXHAUSTED_PRIMALITY_UNASSIGNED,GF3A_DIRECTIONAL_WRITE_EXHAUSTED_PRIMALITY_UNASSIGNED,514,512,512,NO_RECORDED_FACTOR_PRP_OR_LL_RESULT_AND_NO_ACTIVE_GIMPS_ASSIGNMENT,2026-08-09T02:56:41+00:00,UNALLOCATED,,,,,
SLCMP1467-1198,1198,1199,509058751,2^509058751-1,STRUCTURAL_SCREEN_EXHAUSTED_PRIMALITY_UNASSIGNED,GF3A_DIRECTIONAL_WRITE_EXHAUSTED_PRIMALITY_UNASSIGNED,514,512,512,NO_RECORDED_FACTOR_PRP_OR_LL_RESULT_AND_NO_ACTIVE_GIMPS_ASSIGNMENT,2026-08-09T02:56:41+00:00,UNALLOCATED,,,,,
SLCMP1467-1199,1199,1200,509058871,2^509058871-1,STRUCTURAL_SCREEN_EXHAUSTED_PRIMALITY_UNASSIGNED,GF3A_DIRECTIONAL_WRITE_EXHAUSTED_PRIMALITY_UNASSIGNED,514,512,512,NO_RECORDED_FACTOR_PRP_OR_LL_RESULT_AND_NO_ACTIVE_GIMPS_ASSIGNMENT,2026-08-09T02:56:41+00:00,UNALLOCATED,,,,,
SLCMP1467-1200,1200,1201,509058883,2^509058883-1,STRUCTURAL_SCREEN_EXHAUSTED_PRIMALITY_UNASSIGNED,GF3A_DIRECTIONAL_WRITE_EXHAUSTED_PRIMALITY_UNASSIGNED,514,512,512,NO_RECORDED_FACTOR_PRP_OR_LL_RESULT_AND_NO_ACTIVE_GIMPS_ASSIGNMENT,2026-08-09T02:56:41+00:00,UNALLOCATED,,,,,
SLCMP1467-1201,1201,1202,509058917,2^509058917-1,STRUCTURAL_SCREEN_EXHAUSTED_PRIMALITY_UNASSIGNED,GF3A_DIRECTIONAL_WRITE_EXHAUSTED_PRIMALITY_UNASSIGNED,513,512,512,NO_RECORDED_FACTOR_PRP_OR_LL_RESULT_AND_NO_ACTIVE_GIMPS_ASSIGNMENT,2026-08-09T02:56:41+00:00,UNALLOCATED,,,,,
SLCMP1467-1202,1202,1203,509058959,2^509058959-1,STRUCTURAL_SCREEN_EXHAUSTED_PRIMALITY_UNASSIGNED,GF3A_DIRECTIONAL_WRITE_EXHAUSTED_PRIMALITY_UNASSIGNED,514,512,512,NO_RECORDED_FACTOR_PRP_OR_LL_RESULT_AND_NO_ACTIVE_GIMPS_ASSIGNMENT,2026-08-09T02:56:41+00:00,UNALLOCATED,,,,,
SLCMP1467-1203,1203,1204,509058973,2^509058973-1,STRUCTURAL_SCREEN_EXHAUSTED_PRIMALITY_UNASSIGNED,GF3A_DIRECTIONAL_WRITE_EXHAUSTED_PRIMALITY_UNASSIGNED,513,512,512,NO_RECORDED_FACTOR_PRP_OR_LL_RESULT_AND_NO_ACTIVE_GIMPS_ASSIGNMENT,2026-08-09T02:56:41+00:00,UNALLOCATED,,,,,
SLCMP1467-1204,1204,1205,509059037,2^509059037-1,STRUCTURAL_SCREEN_EXHAUSTED_PRIMALITY_UNASSIGNED,GF3A_DIRECTIONAL_WRITE_EXHAUSTED_PRIMALITY_UNASSIGNED,513,512,512,NO_RECORDED_FACTOR_PRP_OR_LL_RESULT_AND_NO_ACTIVE_GIMPS_ASSIGNMENT,2026-08-09T02:56:41+00:00,UNALLOCATED,,,,,
SLCMP1467-1205,1205,1206,509059073,2^509059073-1,STRUCTURAL_SCREEN_EXHAUSTED_PRIMALITY_UNASSIGNED,GF3A_DIRECTIONAL_WRITE_EXHAUSTED_PRIMALITY_UNASSIGNED,513,512,512,NO_RECORDED_FACTOR_PRP_OR_LL_RESULT_AND_NO_ACTIVE_GIMPS_ASSIGNMENT,2026-08-09T02:56:41+00:00,UNALLOCATED,,,,,
SLCMP1467-1206,1206,1207,509059141,2^509059141-1,STRUCTURAL_SCREEN_EXHAUSTED_PRIMALITY_UNASSIGNED,GF3A_DIRECTIONAL_WRITE_EXHAUSTED_PRIMALITY_UNASSIGNED,513,512,512,NO_RECORDED_FACTOR_PRP_OR_LL_RESULT_AND_NO_ACTIVE_GIMPS_ASSIGNMENT,2026-08-09T02:56:41+00:00,UNALLOCATED,,,,,
SLCMP1467-1207,1207,1208,509059151,2^509059151-1,STRUCTURAL_SCREEN_EXHAUSTED_PRIMALITY_UNASSIGNED,GF3A_DIRECTIONAL_WRITE_EXHAUSTED_PRIMALITY_UNASSIGNED,514,512,512,NO_RECORDED_FACTOR_PRP_OR_LL_RESULT_AND_NO_ACTIVE_GIMPS_ASSIGNMENT,2026-08-09T02:56:41+00:00,UNALLOCATED,,,,,
SLCMP1467-1208,1208,1209,509059217,2^509059217-1,STRUCTURAL_SCREEN_EXHAUSTED_PRIMALITY_UNASSIGNED,GF3A_DIRECTIONAL_WRITE_EXHAUSTED_PRIMALITY_UNASSIGNED,513,512,512,NO_RECORDED_FACTOR_PRP_OR_LL_RESULT_AND_NO_ACTIVE_GIMPS_ASSIGNMENT,2026-08-09T02:56:41+00:00,UNALLOCATED,,,,,
SLCMP1467-1209,1209,1210,509059259,2^509059259-1,STRUCTURAL_SCREEN_EXHAUSTED_PRIMALITY_UNASSIGNED,GF3A_DIRECTIONAL_WRITE_EXHAUSTED_PRIMALITY_UNASSIGNED,514,512,512,NO_RECORDED_FACTOR_PRP_OR_LL_RESULT_AND_NO_ACTIVE_GIMPS_ASSIGNMENT,2026-08-09T02:56:41+00:00,UNALLOCATED,,,,,
SLCMP1467-1210,1210,1211,509059261,2^509059261-1,STRUCTURAL_SCREEN_EXHAUSTED_PRIMALITY_UNASSIGNED,GF3A_DIRECTIONAL_WRITE_EXHAUSTED_PRIMALITY_UNASSIGNED,513,512,512,NO_RECORDED_FACTOR_PRP_OR_LL_RESULT_AND_NO_ACTIVE_GIMPS_ASSIGNMENT,2026-08-09T02:56:41+00:00,UNALLOCATED,,,,,
SLCMP1467-1211,1211,1212,509059289,2^509059289-1,STRUCTURAL_SCREEN_EXHAUSTED_PRIMALITY_UNASSIGNED,GF3A_DIRECTIONAL_WRITE_EXHAUSTED_PRIMALITY_UNASSIGNED,513,512,512,NO_RECORDED_FACTOR_PRP_OR_LL_RESULT_AND_NO_ACTIVE_GIMPS_ASSIGNMENT,2026-08-09T02:56:41+00:00,UNALLOCATED,,,,,
SLCMP1467-1212,1212,1213,509059361,2^509059361-1,STRUCTURAL_SCREEN_EXHAUSTED_PRIMALITY_UNASSIGNED,GF3A_DIRECTIONAL_WRITE_EXHAUSTED_PRIMALITY_UNASSIGNED,513,512,512,NO_RECORDED_FACTOR_PRP_OR_LL_RESULT_AND_NO_ACTIVE_GIMPS_ASSIGNMENT,2026-08-09T02:56:41+00:00,UNALLOCATED,,,,,
SLCMP1467-1213,1213,1214,509059363,2^509059363-1,STRUCTURAL_SCREEN_EXHAUSTED_PRIMALITY_UNASSIGNED,GF3A_DIRECTIONAL_WRITE_EXHAUSTED_PRIMALITY_UNASSIGNED,514,512,512,NO_RECORDED_FACTOR_PRP_OR_LL_RESULT_AND_NO_ACTIVE_GIMPS_ASSIGNMENT,2026-08-09T02:56:41+00:00,UNALLOCATED,,,,,
SLCMP1467-1214,1214,1215,509059387,2^509059387-1,STRUCTURAL_SCREEN_EXHAUSTED_PRIMALITY_UNASSIGNED,GF3A_DIRECTIONAL_WRITE_EXHAUSTED_PRIMALITY_UNASSIGNED,514,512,512,NO_RECORDED_FACTOR_PRP_OR_LL_RESULT_AND_NO_ACTIVE_GIMPS_ASSIGNMENT,2026-08-09T02:56:41+00:00,UNALLOCATED,,,,,
SLCMP1467-1215,1215,1216,509059399,2^509059399-1,STRUCTURAL_SCREEN_EXHAUSTED_PRIMALITY_UNASSIGNED,GF3A_DIRECTIONAL_WRITE_EXHAUSTED_PRIMALITY_UNASSIGNED,514,512,512,NO_RECORDED_FACTOR_PRP_OR_LL_RESULT_AND_NO_ACTIVE_GIMPS_ASSIGNMENT,2026-08-09T02:56:41+00:00,UNALLOCATED,,,,,
SLCMP1467-1216,1216,1217,509059433,2^509059433-1,STRUCTURAL_SCREEN_EXHAUSTED_PRIMALITY_UNASSIGNED,GF3A_DIRECTIONAL_WRITE_EXHAUSTED_PRIMALITY_UNASSIGNED,513,512,512,NO_RECORDED_FACTOR_PRP_OR_LL_RESULT_AND_NO_ACTIVE_GIMPS_ASSIGNMENT,2026-08-09T02:56:41+00:00,UNALLOCATED,,,,,
SLCMP1467-1217,1217,1218,509059513,2^509059513-1,STRUCTURAL_SCREEN_EXHAUSTED_PRIMALITY_UNASSIGNED,GF3A_DIRECTIONAL_WRITE_EXHAUSTED_PRIMALITY_UNASSIGNED,513,512,512,NO_RECORDED_FACTOR_PRP_OR_LL_RESULT_AND_NO_ACTIVE_GIMPS_ASSIGNMENT,2026-08-09T02:56:41+00:00,UNALLOCATED,,,,,
SLCMP1467-1218,1218,1219,509059519,2^509059519-1,STRUCTURAL_SCREEN_EXHAUSTED_PRIMALITY_UNASSIGNED,GF3A_DIRECTIONAL_WRITE_EXHAUSTED_PRIMALITY_UNASSIGNED,514,512,512,NO_RECORDED_FACTOR_PRP_OR_LL_RESULT_AND_NO_ACTIVE_GIMPS_ASSIGNMENT,2026-08-09T02:56:41+00:00,UNALLOCATED,,,,,
SLCMP1467-1219,1219,1220,509059547,2^509059547-1,STRUCTURAL_SCREEN_EXHAUSTED_PRIMALITY_UNASSIGNED,GF3A_DIRECTIONAL_WRITE_EXHAUSTED_PRIMALITY_UNASSIGNED,514,512,512,NO_RECORDED_FACTOR_PRP_OR_LL_RESULT_AND_NO_ACTIVE_GIMPS_ASSIGNMENT,2026-08-09T02:56:41+00:00,UNALLOCATED,,,,,
SLCMP1467-1220,1220,1221,509059549,2^509059549-1,STRUCTURAL_SCREEN_EXHAUSTED_PRIMALITY_UNASSIGNED,GF3A_DIRECTIONAL_WRITE_EXHAUSTED_PRIMALITY_UNASSIGNED,513,512,512,NO_RECORDED_FACTOR_PRP_OR_LL_RESULT_AND_NO_ACTIVE_GIMPS_ASSIGNMENT,2026-08-09T02:56:41+00:00,UNALLOCATED,,,,,
SLCMP1467-1221,1221,1222,509059637,2^509059637-1,STRUCTURAL_SCREEN_EXHAUSTED_PRIMALITY_UNASSIGNED,GF3A_DIRECTIONAL_WRITE_EXHAUSTED_PRIMALITY_UNASSIGNED,513,512,512,NO_RECORDED_FACTOR_PRP_OR_LL_RESULT_AND_NO_ACTIVE_GIMPS_ASSIGNMENT,2026-08-09T02:56:41+00:00,UNALLOCATED,,,,,
SLCMP1467-1222,1222,1223,509059657,2^509059657-1,STRUCTURAL_SCREEN_EXHAUSTED_PRIMALITY_UNASSIGNED,GF3A_DIRECTIONAL_WRITE_EXHAUSTED_PRIMALITY_UNASSIGNED,513,512,512,NO_RECORDED_FACTOR_PRP_OR_LL_RESULT_AND_NO_ACTIVE_GIMPS_ASSIGNMENT,2026-08-09T02:56:41+00:00,UNALLOCATED,,,,,
SLCMP1467-1223,1223,1224,509059709,2^509059709-1,STRUCTURAL_SCREEN_EXHAUSTED_PRIMALITY_UNASSIGNED,GF3A_DIRECTIONAL_WRITE_EXHAUSTED_PRIMALITY_UNASSIGNED,513,512,512,NO_RECORDED_FACTOR_PRP_OR_LL_RESULT_AND_NO_ACTIVE_GIMPS_ASSIGNMENT,2026-08-09T02:56:41+00:00,UNALLOCATED,,,,,
SLCMP1467-1224,1224,1225,509059741,2^509059741-1,STRUCTURAL_SCREEN_EXHAUSTED_PRIMALITY_UNASSIGNED,GF3A_DIRECTIONAL_WRITE_EXHAUSTED_PRIMALITY_UNASSIGNED,513,512,512,NO_RECORDED_FACTOR_PRP_OR_LL_RESULT_AND_NO_ACTIVE_GIMPS_ASSIGNMENT,2026-08-09T02:56:41+00:00,UNALLOCATED,,,,,
SLCMP1467-1225,1225,1226,509059787,2^509059787-1,STRUCTURAL_SCREEN_EXHAUSTED_PRIMALITY_UNASSIGNED,GF3A_DIRECTIONAL_WRITE_EXHAUSTED_PRIMALITY_UNASSIGNED,514,512,512,NO_RECORDED_FACTOR_PRP_OR_LL_RESULT_AND_NO_ACTIVE_GIMPS_ASSIGNMENT,2026-08-09T02:56:41+00:00,UNALLOCATED,,,,,
SLCMP1467-1226,1226,1227,509059819,2^509059819-1,STRUCTURAL_SCREEN_EXHAUSTED_PRIMALITY_UNASSIGNED,GF3A_DIRECTIONAL_WRITE_EXHAUSTED_PRIMALITY_UNASSIGNED,514,512,512,NO_RECORDED_FACTOR_PRP_OR_LL_RESULT_AND_NO_ACTIVE_GIMPS_ASSIGNMENT,2026-08-09T02:56:41+00:00,UNALLOCATED,,,,,
SLCMP1467-1227,1227,1228,509060033,2^509060033-1,STRUCTURAL_SCREEN_EXHAUSTED_PRIMALITY_UNASSIGNED,GF3A_DIRECTIONAL_WRITE_EXHAUSTED_PRIMALITY_UNASSIGNED,513,512,512,NO_RECORDED_FACTOR_PRP_OR_LL_RESULT_AND_NO_ACTIVE_GIMPS_ASSIGNMENT,2026-08-09T02:56:41+00:00,UNALLOCATED,,,,,
SLCMP1467-1228,1228,1229,509060063,2^509060063-1,STRUCTURAL_SCREEN_EXHAUSTED_PRIMALITY_UNASSIGNED,GF3A_DIRECTIONAL_WRITE_EXHAUSTED_PRIMALITY_UNASSIGNED,514,512,512,NO_RECORDED_FACTOR_PRP_OR_LL_RESULT_AND_NO_ACTIVE_GIMPS_ASSIGNMENT,2026-08-09T02:56:41+00:00,UNALLOCATED,,,,,
SLCMP1467-1229,1229,1230,509060089,2^509060089-1,STRUCTURAL_SCREEN_EXHAUSTED_PRIMALITY_UNASSIGNED,GF3A_DIRECTIONAL_WRITE_EXHAUSTED_PRIMALITY_UNASSIGNED,513,512,512,NO_RECORDED_FACTOR_PRP_OR_LL_RESULT_AND_NO_ACTIVE_GIMPS_ASSIGNMENT,2026-08-09T02:56:41+00:00,UNALLOCATED,,,,,
SLCMP1467-1230,1230,1231,509060129,2^509060129-1,STRUCTURAL_SCREEN_EXHAUSTED_PRIMALITY_UNASSIGNED,GF3A_DIRECTIONAL_WRITE_EXHAUSTED_PRIMALITY_UNASSIGNED,513,512,512,NO_RECORDED_FACTOR_PRP_OR_LL_RESULT_AND_NO_ACTIVE_GIMPS_ASSIGNMENT,2026-08-09T02:56:41+00:00,UNALLOCATED,,,,,
SLCMP1467-1231,1231,1232,509060239,2^509060239-1,STRUCTURAL_SCREEN_EXHAUSTED_PRIMALITY_UNASSIGNED,GF3A_DIRECTIONAL_WRITE_EXHAUSTED_PRIMALITY_UNASSIGNED,514,512,512,NO_RECORDED_FACTOR_PRP_OR_LL_RESULT_AND_NO_ACTIVE_GIMPS_ASSIGNMENT,2026-08-09T02:56:41+00:00,UNALLOCATED,,,,,
SLCMP1467-1232,1232,1233,509060417,2^509060417-1,STRUCTURAL_SCREEN_EXHAUSTED_PRIMALITY_UNASSIGNED,GF3A_DIRECTIONAL_WRITE_EXHAUSTED_PRIMALITY_UNASSIGNED,513,512,512,NO_RECORDED_FACTOR_PRP_OR_LL_RESULT_AND_NO_ACTIVE_GIMPS_ASSIGNMENT,2026-08-09T02:56:41+00:00,UNALLOCATED,,,,,
SLCMP1467-1233,1233,1234,509060477,2^509060477-1,STRUCTURAL_SCREEN_EXHAUSTED_PRIMALITY_UNASSIGNED,GF3A_DIRECTIONAL_WRITE_EXHAUSTED_PRIMALITY_UNASSIGNED,513,512,512,NO_RECORDED_FACTOR_PRP_OR_LL_RESULT_AND_NO_ACTIVE_GIMPS_ASSIGNMENT,2026-08-09T02:56:41+00:00,UNALLOCATED,,,,,
SLCMP1467-1234,1234,1235,509060501,2^509060501-1,STRUCTURAL_SCREEN_EXHAUSTED_PRIMALITY_UNASSIGNED,GF3A_DIRECTIONAL_WRITE_EXHAUSTED_PRIMALITY_UNASSIGNED,513,512,512,NO_RECORDED_FACTOR_PRP_OR_LL_RESULT_AND_NO_ACTIVE_GIMPS_ASSIGNMENT,2026-08-09T02:56:41+00:00,UNALLOCATED,,,,,
SLCMP1467-1235,1235,1236,509060527,2^509060527-1,STRUCTURAL_SCREEN_EXHAUSTED_PRIMALITY_UNASSIGNED,GF3A_DIRECTIONAL_WRITE_EXHAUSTED_PRIMALITY_UNASSIGNED,514,512,512,NO_RECORDED_FACTOR_PRP_OR_LL_RESULT_AND_NO_ACTIVE_GIMPS_ASSIGNMENT,2026-08-09T02:56:41+00:00,UNALLOCATED,,,,,
SLCMP1467-1236,1236,1237,509060533,2^509060533-1,STRUCTURAL_SCREEN_EXHAUSTED_PRIMALITY_UNASSIGNED,GF3A_DIRECTIONAL_WRITE_EXHAUSTED_PRIMALITY_UNASSIGNED,513,512,512,NO_RECORDED_FACTOR_PRP_OR_LL_RESULT_AND_NO_ACTIVE_GIMPS_ASSIGNMENT,2026-08-09T02:56:41+00:00,UNALLOCATED,,,,,
SLCMP1467-1237,1237,1238,509060581,2^509060581-1,STRUCTURAL_SCREEN_EXHAUSTED_PRIMALITY_UNASSIGNED,GF3A_DIRECTIONAL_WRITE_EXHAUSTED_PRIMALITY_UNASSIGNED,513,512,512,NO_RECORDED_FACTOR_PRP_OR_LL_RESULT_AND_NO_ACTIVE_GIMPS_ASSIGNMENT,2026-08-09T02:56:41+00:00,UNALLOCATED,,,,,
SLCMP1467-1238,1238,1239,509060621,2^509060621-1,STRUCTURAL_SCREEN_EXHAUSTED_PRIMALITY_UNASSIGNED,GF3A_DIRECTIONAL_WRITE_EXHAUSTED_PRIMALITY_UNASSIGNED,513,512,512,NO_RECORDED_FACTOR_PRP_OR_LL_RESULT_AND_NO_ACTIVE_GIMPS_ASSIGNMENT,2026-08-09T02:56:41+00:00,UNALLOCATED,,,,,
SLCMP1467-1239,1239,1240,509060701,2^509060701-1,STRUCTURAL_SCREEN_EXHAUSTED_PRIMALITY_UNASSIGNED,GF3A_DIRECTIONAL_WRITE_EXHAUSTED_PRIMALITY_UNASSIGNED,513,512,512,NO_RECORDED_FACTOR_PRP_OR_LL_RESULT_AND_NO_ACTIVE_GIMPS_ASSIGNMENT,2026-08-09T02:56:41+00:00,UNALLOCATED,,,,,
SLCMP1467-1240,1240,1241,509060723,2^509060723-1,STRUCTURAL_SCREEN_EXHAUSTED_PRIMALITY_UNASSIGNED,GF3A_DIRECTIONAL_WRITE_EXHAUSTED_PRIMALITY_UNASSIGNED,514,512,512,NO_RECORDED_FACTOR_PRP_OR_LL_RESULT_AND_NO_ACTIVE_GIMPS_ASSIGNMENT,2026-08-09T02:56:41+00:00,UNALLOCATED,,,,,
SLCMP1467-1241,1241,1242,509060803,2^509060803-1,STRUCTURAL_SCREEN_EXHAUSTED_PRIMALITY_UNASSIGNED,GF3A_DIRECTIONAL_WRITE_EXHAUSTED_PRIMALITY_UNASSIGNED,514,512,512,NO_RECORDED_FACTOR_PRP_OR_LL_RESULT_AND_NO_ACTIVE_GIMPS_ASSIGNMENT,2026-08-09T02:56:41+00:00,UNALLOCATED,,,,,
SLCMP1467-1242,1242,1243,509060933,2^509060933-1,STRUCTURAL_SCREEN_EXHAUSTED_PRIMALITY_UNASSIGNED,GF3A_DIRECTIONAL_WRITE_EXHAUSTED_PRIMALITY_UNASSIGNED,513,512,512,NO_RECORDED_FACTOR_PRP_OR_LL_RESULT_AND_NO_ACTIVE_GIMPS_ASSIGNMENT,2026-08-09T02:56:41+00:00,UNALLOCATED,,,,,
SLCMP1467-1243,1243,1244,509060999,2^509060999-1,STRUCTURAL_SCREEN_EXHAUSTED_PRIMALITY_UNASSIGNED,GF3A_DIRECTIONAL_WRITE_EXHAUSTED_PRIMALITY_UNASSIGNED,514,512,512,NO_RECORDED_FACTOR_PRP_OR_LL_RESULT_AND_NO_ACTIVE_GIMPS_ASSIGNMENT,2026-08-09T02:56:41+00:00,UNALLOCATED,,,,,
SLCMP1467-1244,1244,1245,509061061,2^509061061-1,STRUCTURAL_SCREEN_EXHAUSTED_PRIMALITY_UNASSIGNED,GF3A_DIRECTIONAL_WRITE_EXHAUSTED_PRIMALITY_UNASSIGNED,513,512,512,NO_RECORDED_FACTOR_PRP_OR_LL_RESULT_AND_NO_ACTIVE_GIMPS_ASSIGNMENT,2026-08-09T02:56:41+00:00,UNALLOCATED,,,,,
SLCMP1467-1245,1245,1246,509061071,2^509061071-1,STRUCTURAL_SCREEN_EXHAUSTED_PRIMALITY_UNASSIGNED,GF3A_DIRECTIONAL_WRITE_EXHAUSTED_PRIMALITY_UNASSIGNED,514,512,512,NO_RECORDED_FACTOR_PRP_OR_LL_RESULT_AND_NO_ACTIVE_GIMPS_ASSIGNMENT,2026-08-09T02:56:41+00:00,UNALLOCATED,,,,,
SLCMP1467-1246,1246,1247,509061097,2^509061097-1,STRUCTURAL_SCREEN_EXHAUSTED_PRIMALITY_UNASSIGNED,GF3A_DIRECTIONAL_WRITE_EXHAUSTED_PRIMALITY_UNASSIGNED,513,512,512,NO_RECORDED_FACTOR_PRP_OR_LL_RESULT_AND_NO_ACTIVE_GIMPS_ASSIGNMENT,2026-08-09T02:56:41+00:00,UNALLOCATED,,,,,
SLCMP1467-1247,1247,1248,509061127,2^509061127-1,STRUCTURAL_SCREEN_EXHAUSTED_PRIMALITY_UNASSIGNED,GF3A_DIRECTIONAL_WRITE_EXHAUSTED_PRIMALITY_UNASSIGNED,514,512,512,NO_RECORDED_FACTOR_PRP_OR_LL_RESULT_AND_NO_ACTIVE_GIMPS_ASSIGNMENT,2026-08-09T02:56:41+00:00,UNALLOCATED,,,,,
SLCMP1467-1248,1248,1249,509061197,2^509061197-1,STRUCTURAL_SCREEN_EXHAUSTED_PRIMALITY_UNASSIGNED,GF3A_DIRECTIONAL_WRITE_EXHAUSTED_PRIMALITY_UNASSIGNED,513,512,512,NO_RECORDED_FACTOR_PRP_OR_LL_RESULT_AND_NO_ACTIVE_GIMPS_ASSIGNMENT,2026-08-09T02:56:41+00:00,UNALLOCATED,,,,,
SLCMP1467-1249,1249,1250,509061253,2^509061253-1,STRUCTURAL_SCREEN_EXHAUSTED_PRIMALITY_UNASSIGNED,GF3A_DIRECTIONAL_WRITE_EXHAUSTED_PRIMALITY_UNASSIGNED,513,512,512,NO_RECORDED_FACTOR_PRP_OR_LL_RESULT_AND_NO_ACTIVE_GIMPS_ASSIGNMENT,2026-08-09T02:56:41+00:00,UNALLOCATED,,,,,
SLCMP1467-1250,1250,1251,509061299,2^509061299-1,STRUCTURAL_SCREEN_EXHAUSTED_PRIMALITY_UNASSIGNED,GF3A_DIRECTIONAL_WRITE_EXHAUSTED_PRIMALITY_UNASSIGNED,514,512,512,NO_RECORDED_FACTOR_PRP_OR_LL_RESULT_AND_NO_ACTIVE_GIMPS_ASSIGNMENT,2026-08-09T02:56:41+00:00,UNALLOCATED,,,,,
SLCMP1467-1251,1251,1252,509061307,2^509061307-1,STRUCTURAL_SCREEN_EXHAUSTED_PRIMALITY_UNASSIGNED,GF3A_DIRECTIONAL_WRITE_EXHAUSTED_PRIMALITY_UNASSIGNED,514,512,512,NO_RECORDED_FACTOR_PRP_OR_LL_RESULT_AND_NO_ACTIVE_GIMPS_ASSIGNMENT,2026-08-09T02:56:41+00:00,UNALLOCATED,,,,,
SLCMP1467-1252,1252,1253,509061313,2^509061313-1,STRUCTURAL_SCREEN_EXHAUSTED_PRIMALITY_UNASSIGNED,GF3A_DIRECTIONAL_WRITE_EXHAUSTED_PRIMALITY_UNASSIGNED,513,512,512,NO_RECORDED_FACTOR_PRP_OR_LL_RESULT_AND_NO_ACTIVE_GIMPS_ASSIGNMENT,2026-08-09T02:56:41+00:00,UNALLOCATED,,,,,
SLCMP1467-1253,1253,1254,509061341,2^509061341-1,STRUCTURAL_SCREEN_EXHAUSTED_PRIMALITY_UNASSIGNED,GF3A_DIRECTIONAL_WRITE_EXHAUSTED_PRIMALITY_UNASSIGNED,513,512,512,NO_RECORDED_FACTOR_PRP_OR_LL_RESULT_AND_NO_ACTIVE_GIMPS_ASSIGNMENT,2026-08-09T02:56:41+00:00,UNALLOCATED,,,,,
SLCMP1467-1254,1254,1255,509061361,2^509061361-1,STRUCTURAL_SCREEN_EXHAUSTED_PRIMALITY_UNASSIGNED,GF3A_DIRECTIONAL_WRITE_EXHAUSTED_PRIMALITY_UNASSIGNED,513,512,512,NO_RECORDED_FACTOR_PRP_OR_LL_RESULT_AND_NO_ACTIVE_GIMPS_ASSIGNMENT,2026-08-09T02:56:41+00:00,UNALLOCATED,,,,,
SLCMP1467-1255,1255,1256,509061463,2^509061463-1,STRUCTURAL_SCREEN_EXHAUSTED_PRIMALITY_UNASSIGNED,GF3A_DIRECTIONAL_WRITE_EXHAUSTED_PRIMALITY_UNASSIGNED,514,512,512,NO_RECORDED_FACTOR_PRP_OR_LL_RESULT_AND_NO_ACTIVE_GIMPS_ASSIGNMENT,2026-08-09T02:56:41+00:00,UNALLOCATED,,,,,
SLCMP1467-1256,1256,1257,509061467,2^509061467-1,STRUCTURAL_SCREEN_EXHAUSTED_PRIMALITY_UNASSIGNED,GF3A_DIRECTIONAL_WRITE_EXHAUSTED_PRIMALITY_UNASSIGNED,514,512,512,NO_RECORDED_FACTOR_PRP_OR_LL_RESULT_AND_NO_ACTIVE_GIMPS_ASSIGNMENT,2026-08-09T02:56:41+00:00,UNALLOCATED,,,,,
SLCMP1467-1257,1257,1258,509061473,2^509061473-1,STRUCTURAL_SCREEN_EXHAUSTED_PRIMALITY_UNASSIGNED,GF3A_DIRECTIONAL_WRITE_EXHAUSTED_PRIMALITY_UNASSIGNED,513,512,512,NO_RECORDED_FACTOR_PRP_OR_LL_RESULT_AND_NO_ACTIVE_GIMPS_ASSIGNMENT,2026-08-09T02:56:41+00:00,UNALLOCATED,,,,,
SLCMP1467-1258,1258,1259,509061491,2^509061491-1,STRUCTURAL_SCREEN_EXHAUSTED_PRIMALITY_UNASSIGNED,GF3A_DIRECTIONAL_WRITE_EXHAUSTED_PRIMALITY_UNASSIGNED,514,512,512,NO_RECORDED_FACTOR_PRP_OR_LL_RESULT_AND_NO_ACTIVE_GIMPS_ASSIGNMENT,2026-08-09T02:56:41+00:00,UNALLOCATED,,,,,
SLCMP1467-1259,1259,1260,509061569,2^509061569-1,STRUCTURAL_SCREEN_EXHAUSTED_PRIMALITY_UNASSIGNED,GF3A_DIRECTIONAL_WRITE_EXHAUSTED_PRIMALITY_UNASSIGNED,513,512,512,NO_RECORDED_FACTOR_PRP_OR_LL_RESULT_AND_NO_ACTIVE_GIMPS_ASSIGNMENT,2026-08-09T02:56:41+00:00,UNALLOCATED,,,,,
SLCMP1467-1260,1260,1261,509061611,2^509061611-1,STRUCTURAL_SCREEN_EXHAUSTED_PRIMALITY_UNASSIGNED,GF3A_DIRECTIONAL_WRITE_EXHAUSTED_PRIMALITY_UNASSIGNED,514,512,512,NO_RECORDED_FACTOR_PRP_OR_LL_RESULT_AND_NO_ACTIVE_GIMPS_ASSIGNMENT,2026-08-09T02:56:41+00:00,UNALLOCATED,,,,,
SLCMP1467-1261,1261,1262,509061613,2^509061613-1,STRUCTURAL_SCREEN_EXHAUSTED_PRIMALITY_UNASSIGNED,GF3A_DIRECTIONAL_WRITE_EXHAUSTED_PRIMALITY_UNASSIGNED,513,512,512,NO_RECORDED_FACTOR_PRP_OR_LL_RESULT_AND_NO_ACTIVE_GIMPS_ASSIGNMENT,2026-08-09T02:56:41+00:00,UNALLOCATED,,,,,
SLCMP1467-1262,1262,1263,509061673,2^509061673-1,STRUCTURAL_SCREEN_EXHAUSTED_PRIMALITY_UNASSIGNED,GF3A_DIRECTIONAL_WRITE_EXHAUSTED_PRIMALITY_UNASSIGNED,513,512,512,NO_RECORDED_FACTOR_PRP_OR_LL_RESULT_AND_NO_ACTIVE_GIMPS_ASSIGNMENT,2026-08-09T02:56:41+00:00,UNALLOCATED,,,,,
SLCMP1467-1263,1263,1264,509061713,2^509061713-1,STRUCTURAL_SCREEN_EXHAUSTED_PRIMALITY_UNASSIGNED,GF3A_DIRECTIONAL_WRITE_EXHAUSTED_PRIMALITY_UNASSIGNED,513,512,512,NO_RECORDED_FACTOR_PRP_OR_LL_RESULT_AND_NO_ACTIVE_GIMPS_ASSIGNMENT,2026-08-09T02:56:41+00:00,UNALLOCATED,,,,,
SLCMP1467-1264,1264,1265,509061857,2^509061857-1,STRUCTURAL_SCREEN_EXHAUSTED_PRIMALITY_UNASSIGNED,GF3A_DIRECTIONAL_WRITE_EXHAUSTED_PRIMALITY_UNASSIGNED,513,512,512,NO_RECORDED_FACTOR_PRP_OR_LL_RESULT_AND_NO_ACTIVE_GIMPS_ASSIGNMENT,2026-08-09T02:56:41+00:00,UNALLOCATED,,,,,
SLCMP1467-1265,1265,1266,509061983,2^509061983-1,STRUCTURAL_SCREEN_EXHAUSTED_PRIMALITY_UNASSIGNED,GF3A_DIRECTIONAL_WRITE_EXHAUSTED_PRIMALITY_UNASSIGNED,514,512,512,NO_RECORDED_FACTOR_PRP_OR_LL_RESULT_AND_NO_ACTIVE_GIMPS_ASSIGNMENT,2026-08-09T02:56:41+00:00,UNALLOCATED,,,,,
SLCMP1467-1266,1266,1267,509062159,2^509062159-1,STRUCTURAL_SCREEN_EXHAUSTED_PRIMALITY_UNASSIGNED,GF3A_DIRECTIONAL_WRITE_EXHAUSTED_PRIMALITY_UNASSIGNED,514,512,512,NO_RECORDED_FACTOR_PRP_OR_LL_RESULT_AND_NO_ACTIVE_GIMPS_ASSIGNMENT,2026-08-09T02:56:41+00:00,UNALLOCATED,,,,,
SLCMP1467-1267,1267,1268,509062171,2^509062171-1,STRUCTURAL_SCREEN_EXHAUSTED_PRIMALITY_UNASSIGNED,GF3A_DIRECTIONAL_WRITE_EXHAUSTED_PRIMALITY_UNASSIGNED,514,512,512,NO_RECORDED_FACTOR_PRP_OR_LL_RESULT_AND_NO_ACTIVE_GIMPS_ASSIGNMENT,2026-08-09T02:56:41+00:00,UNALLOCATED,,,,,
SLCMP1467-1268,1268,1269,509062357,2^509062357-1,STRUCTURAL_SCREEN_EXHAUSTED_PRIMALITY_UNASSIGNED,GF3A_DIRECTIONAL_WRITE_EXHAUSTED_PRIMALITY_UNASSIGNED,513,512,512,NO_RECORDED_FACTOR_PRP_OR_LL_RESULT_AND_NO_ACTIVE_GIMPS_ASSIGNMENT,2026-08-09T02:56:41+00:00,UNALLOCATED,,,,,
SLCMP1467-1269,1269,1270,509062363,2^509062363-1,STRUCTURAL_SCREEN_EXHAUSTED_PRIMALITY_UNASSIGNED,GF3A_DIRECTIONAL_WRITE_EXHAUSTED_PRIMALITY_UNASSIGNED,514,512,512,NO_RECORDED_FACTOR_PRP_OR_LL_RESULT_AND_NO_ACTIVE_GIMPS_ASSIGNMENT,2026-08-09T02:56:41+00:00,UNALLOCATED,,,,,
SLCMP1467-1270,1270,1271,509062369,2^509062369-1,STRUCTURAL_SCREEN_EXHAUSTED_PRIMALITY_UNASSIGNED,GF3A_DIRECTIONAL_WRITE_EXHAUSTED_PRIMALITY_UNASSIGNED,513,512,512,NO_RECORDED_FACTOR_PRP_OR_LL_RESULT_AND_NO_ACTIVE_GIMPS_ASSIGNMENT,2026-08-09T02:56:41+00:00,UNALLOCATED,,,,,
SLCMP1467-1271,1271,1272,509062409,2^509062409-1,STRUCTURAL_SCREEN_EXHAUSTED_PRIMALITY_UNASSIGNED,GF3A_DIRECTIONAL_WRITE_EXHAUSTED_PRIMALITY_UNASSIGNED,513,512,512,NO_RECORDED_FACTOR_PRP_OR_LL_RESULT_AND_NO_ACTIVE_GIMPS_ASSIGNMENT,2026-08-09T02:56:41+00:00,UNALLOCATED,,,,,
SLCMP1467-1272,1272,1273,509062429,2^509062429-1,STRUCTURAL_SCREEN_EXHAUSTED_PRIMALITY_UNASSIGNED,GF3A_DIRECTIONAL_WRITE_EXHAUSTED_PRIMALITY_UNASSIGNED,513,512,512,NO_RECORDED_FACTOR_PRP_OR_LL_RESULT_AND_NO_ACTIVE_GIMPS_ASSIGNMENT,2026-08-09T02:56:41+00:00,UNALLOCATED,,,,,
SLCMP1467-1273,1273,1274,509062469,2^509062469-1,STRUCTURAL_SCREEN_EXHAUSTED_PRIMALITY_UNASSIGNED,GF3A_DIRECTIONAL_WRITE_EXHAUSTED_PRIMALITY_UNASSIGNED,513,512,512,NO_RECORDED_FACTOR_PRP_OR_LL_RESULT_AND_NO_ACTIVE_GIMPS_ASSIGNMENT,2026-08-09T02:56:41+00:00,UNALLOCATED,,,,,
SLCMP1467-1274,1274,1275,509062571,2^509062571-1,STRUCTURAL_SCREEN_EXHAUSTED_PRIMALITY_UNASSIGNED,GF3A_DIRECTIONAL_WRITE_EXHAUSTED_PRIMALITY_UNASSIGNED,514,512,512,NO_RECORDED_FACTOR_PRP_OR_LL_RESULT_AND_NO_ACTIVE_GIMPS_ASSIGNMENT,2026-08-09T02:56:41+00:00,UNALLOCATED,,,,,
SLCMP1467-1275,1275,1276,509062699,2^509062699-1,STRUCTURAL_SCREEN_EXHAUSTED_PRIMALITY_UNASSIGNED,GF3A_DIRECTIONAL_WRITE_EXHAUSTED_PRIMALITY_UNASSIGNED,514,512,512,NO_RECORDED_FACTOR_PRP_OR_LL_RESULT_AND_NO_ACTIVE_GIMPS_ASSIGNMENT,2026-08-09T02:56:41+00:00,UNALLOCATED,,,,,
SLCMP1467-1276,1276,1277,509062711,2^509062711-1,STRUCTURAL_SCREEN_EXHAUSTED_PRIMALITY_UNASSIGNED,GF3A_DIRECTIONAL_WRITE_EXHAUSTED_PRIMALITY_UNASSIGNED,514,512,512,NO_RECORDED_FACTOR_PRP_OR_LL_RESULT_AND_NO_ACTIVE_GIMPS_ASSIGNMENT,2026-08-09T02:56:41+00:00,UNALLOCATED,,,,,
SLCMP1467-1277,1277,1278,509062727,2^509062727-1,STRUCTURAL_SCREEN_EXHAUSTED_PRIMALITY_UNASSIGNED,GF3A_DIRECTIONAL_WRITE_EXHAUSTED_PRIMALITY_UNASSIGNED,514,512,512,NO_RECORDED_FACTOR_PRP_OR_LL_RESULT_AND_NO_ACTIVE_GIMPS_ASSIGNMENT,2026-08-09T02:56:41+00:00,UNALLOCATED,,,,,
SLCMP1467-1278,1278,1279,509062759,2^509062759-1,STRUCTURAL_SCREEN_EXHAUSTED_PRIMALITY_UNASSIGNED,GF3A_DIRECTIONAL_WRITE_EXHAUSTED_PRIMALITY_UNASSIGNED,514,512,512,NO_RECORDED_FACTOR_PRP_OR_LL_RESULT_AND_NO_ACTIVE_GIMPS_ASSIGNMENT,2026-08-09T02:56:41+00:00,UNALLOCATED,,,,,
SLCMP1467-1279,1279,1280,509062777,2^509062777-1,STRUCTURAL_SCREEN_EXHAUSTED_PRIMALITY_UNASSIGNED,GF3A_DIRECTIONAL_WRITE_EXHAUSTED_PRIMALITY_UNASSIGNED,513,512,512,NO_RECORDED_FACTOR_PRP_OR_LL_RESULT_AND_NO_ACTIVE_GIMPS_ASSIGNMENT,2026-08-09T02:56:41+00:00,UNALLOCATED,,,,,
SLCMP1467-1280,1280,1281,509062867,2^509062867-1,STRUCTURAL_SCREEN_EXHAUSTED_PRIMALITY_UNASSIGNED,GF3A_DIRECTIONAL_WRITE_EXHAUSTED_PRIMALITY_UNASSIGNED,514,512,512,NO_RECORDED_FACTOR_PRP_OR_LL_RESULT_AND_NO_ACTIVE_GIMPS_ASSIGNMENT,2026-08-09T02:56:41+00:00,UNALLOCATED,,,,,
SLCMP1467-1281,1281,1282,509062901,2^509062901-1,STRUCTURAL_SCREEN_EXHAUSTED_PRIMALITY_UNASSIGNED,GF3A_DIRECTIONAL_WRITE_EXHAUSTED_PRIMALITY_UNASSIGNED,513,512,512,NO_RECORDED_FACTOR_PRP_OR_LL_RESULT_AND_NO_ACTIVE_GIMPS_ASSIGNMENT,2026-08-09T02:56:41+00:00,UNALLOCATED,,,,,
SLCMP1467-1282,1282,1283,509062913,2^509062913-1,STRUCTURAL_SCREEN_EXHAUSTED_PRIMALITY_UNASSIGNED,GF3A_DIRECTIONAL_WRITE_EXHAUSTED_PRIMALITY_UNASSIGNED,513,512,512,NO_RECORDED_FACTOR_PRP_OR_LL_RESULT_AND_NO_ACTIVE_GIMPS_ASSIGNMENT,2026-08-09T02:56:41+00:00,UNALLOCATED,,,,,
SLCMP1467-1283,1283,1284,509062963,2^509062963-1,STRUCTURAL_SCREEN_EXHAUSTED_PRIMALITY_UNASSIGNED,GF3A_DIRECTIONAL_WRITE_EXHAUSTED_PRIMALITY_UNASSIGNED,514,512,512,NO_RECORDED_FACTOR_PRP_OR_LL_RESULT_AND_NO_ACTIVE_GIMPS_ASSIGNMENT,2026-08-09T02:56:41+00:00,UNALLOCATED,,,,,
SLCMP1467-1284,1284,1285,509062973,2^509062973-1,STRUCTURAL_SCREEN_EXHAUSTED_PRIMALITY_UNASSIGNED,GF3A_DIRECTIONAL_WRITE_EXHAUSTED_PRIMALITY_UNASSIGNED,513,512,512,NO_RECORDED_FACTOR_PRP_OR_LL_RESULT_AND_NO_ACTIVE_GIMPS_ASSIGNMENT,2026-08-09T02:56:41+00:00,UNALLOCATED,,,,,
SLCMP1467-1285,1285,1286,509063017,2^509063017-1,STRUCTURAL_SCREEN_EXHAUSTED_PRIMALITY_UNASSIGNED,GF3A_DIRECTIONAL_WRITE_EXHAUSTED_PRIMALITY_UNASSIGNED,513,512,512,NO_RECORDED_FACTOR_PRP_OR_LL_RESULT_AND_NO_ACTIVE_GIMPS_ASSIGNMENT,2026-08-09T02:56:41+00:00,UNALLOCATED,,,,,
SLCMP1467-1286,1286,1287,509063089,2^509063089-1,STRUCTURAL_SCREEN_EXHAUSTED_PRIMALITY_UNASSIGNED,GF3A_DIRECTIONAL_WRITE_EXHAUSTED_PRIMALITY_UNASSIGNED,513,512,512,NO_RECORDED_FACTOR_PRP_OR_LL_RESULT_AND_NO_ACTIVE_GIMPS_ASSIGNMENT,2026-08-09T02:56:41+00:00,UNALLOCATED,,,,,
SLCMP1467-1287,1287,1288,509063141,2^509063141-1,STRUCTURAL_SCREEN_EXHAUSTED_PRIMALITY_UNASSIGNED,GF3A_DIRECTIONAL_WRITE_EXHAUSTED_PRIMALITY_UNASSIGNED,513,512,512,NO_RECORDED_FACTOR_PRP_OR_LL_RESULT_AND_NO_ACTIVE_GIMPS_ASSIGNMENT,2026-08-09T02:56:41+00:00,UNALLOCATED,,,,,
SLCMP1467-1288,1288,1289,509063173,2^509063173-1,STRUCTURAL_SCREEN_EXHAUSTED_PRIMALITY_UNASSIGNED,GF3A_DIRECTIONAL_WRITE_EXHAUSTED_PRIMALITY_UNASSIGNED,513,512,512,NO_RECORDED_FACTOR_PRP_OR_LL_RESULT_AND_NO_ACTIVE_GIMPS_ASSIGNMENT,2026-08-09T02:56:41+00:00,UNALLOCATED,,,,,
SLCMP1467-1289,1289,1290,509063207,2^509063207-1,STRUCTURAL_SCREEN_EXHAUSTED_PRIMALITY_UNASSIGNED,GF3A_DIRECTIONAL_WRITE_EXHAUSTED_PRIMALITY_UNASSIGNED,514,512,512,NO_RECORDED_FACTOR_PRP_OR_LL_RESULT_AND_NO_ACTIVE_GIMPS_ASSIGNMENT,2026-08-09T02:56:41+00:00,UNALLOCATED,,,,,
SLCMP1467-1290,1290,1291,509063329,2^509063329-1,STRUCTURAL_SCREEN_EXHAUSTED_PRIMALITY_UNASSIGNED,GF3A_DIRECTIONAL_WRITE_EXHAUSTED_PRIMALITY_UNASSIGNED,513,512,512,NO_RECORDED_FACTOR_PRP_OR_LL_RESULT_AND_NO_ACTIVE_GIMPS_ASSIGNMENT,2026-08-09T02:56:41+00:00,UNALLOCATED,,,,,
SLCMP1467-1291,1291,1292,509063441,2^509063441-1,STRUCTURAL_SCREEN_EXHAUSTED_PRIMALITY_UNASSIGNED,GF3A_DIRECTIONAL_WRITE_EXHAUSTED_PRIMALITY_UNASSIGNED,513,512,512,NO_RECORDED_FACTOR_PRP_OR_LL_RESULT_AND_NO_ACTIVE_GIMPS_ASSIGNMENT,2026-08-09T02:56:41+00:00,UNALLOCATED,,,,,
SLCMP1467-1292,1292,1293,509063491,2^509063491-1,STRUCTURAL_SCREEN_EXHAUSTED_PRIMALITY_UNASSIGNED,GF3A_DIRECTIONAL_WRITE_EXHAUSTED_PRIMALITY_UNASSIGNED,514,512,512,NO_RECORDED_FACTOR_PRP_OR_LL_RESULT_AND_NO_ACTIVE_GIMPS_ASSIGNMENT,2026-08-09T02:56:41+00:00,UNALLOCATED,,,,,
SLCMP1467-1293,1293,1294,509063519,2^509063519-1,STRUCTURAL_SCREEN_EXHAUSTED_PRIMALITY_UNASSIGNED,GF3A_DIRECTIONAL_WRITE_EXHAUSTED_PRIMALITY_UNASSIGNED,514,512,512,NO_RECORDED_FACTOR_PRP_OR_LL_RESULT_AND_NO_ACTIVE_GIMPS_ASSIGNMENT,2026-08-09T02:56:41+00:00,UNALLOCATED,,,,,
SLCMP1467-1294,1294,1295,509063543,2^509063543-1,STRUCTURAL_SCREEN_EXHAUSTED_PRIMALITY_UNASSIGNED,GF3A_DIRECTIONAL_WRITE_EXHAUSTED_PRIMALITY_UNASSIGNED,514,512,512,NO_RECORDED_FACTOR_PRP_OR_LL_RESULT_AND_NO_ACTIVE_GIMPS_ASSIGNMENT,2026-08-09T02:56:41+00:00,UNALLOCATED,,,,,
SLCMP1467-1295,1295,1296,509063549,2^509063549-1,STRUCTURAL_SCREEN_EXHAUSTED_PRIMALITY_UNASSIGNED,GF3A_DIRECTIONAL_WRITE_EXHAUSTED_PRIMALITY_UNASSIGNED,513,512,512,NO_RECORDED_FACTOR_PRP_OR_LL_RESULT_AND_NO_ACTIVE_GIMPS_ASSIGNMENT,2026-08-09T02:56:41+00:00,UNALLOCATED,,,,,
SLCMP1467-1296,1296,1297,509063557,2^509063557-1,STRUCTURAL_SCREEN_EXHAUSTED_PRIMALITY_UNASSIGNED,GF3A_DIRECTIONAL_WRITE_EXHAUSTED_PRIMALITY_UNASSIGNED,513,512,512,NO_RECORDED_FACTOR_PRP_OR_LL_RESULT_AND_NO_ACTIVE_GIMPS_ASSIGNMENT,2026-08-09T02:56:41+00:00,UNALLOCATED,,,,,
SLCMP1467-1297,1297,1298,509063567,2^509063567-1,STRUCTURAL_SCREEN_EXHAUSTED_PRIMALITY_UNASSIGNED,GF3A_DIRECTIONAL_WRITE_EXHAUSTED_PRIMALITY_UNASSIGNED,514,512,512,NO_RECORDED_FACTOR_PRP_OR_LL_RESULT_AND_NO_ACTIVE_GIMPS_ASSIGNMENT,2026-08-09T02:56:41+00:00,UNALLOCATED,,,,,
SLCMP1467-1298,1298,1299,509063573,2^509063573-1,STRUCTURAL_SCREEN_EXHAUSTED_PRIMALITY_UNASSIGNED,GF3A_DIRECTIONAL_WRITE_EXHAUSTED_PRIMALITY_UNASSIGNED,513,512,512,NO_RECORDED_FACTOR_PRP_OR_LL_RESULT_AND_NO_ACTIVE_GIMPS_ASSIGNMENT,2026-08-09T02:56:41+00:00,UNALLOCATED,,,,,
SLCMP1467-1299,1299,1300,509063689,2^509063689-1,STRUCTURAL_SCREEN_EXHAUSTED_PRIMALITY_UNASSIGNED,GF3A_DIRECTIONAL_WRITE_EXHAUSTED_PRIMALITY_UNASSIGNED,513,512,512,NO_RECORDED_FACTOR_PRP_OR_LL_RESULT_AND_NO_ACTIVE_GIMPS_ASSIGNMENT,2026-08-09T02:56:41+00:00,UNALLOCATED,,,,,
SLCMP1467-1300,1300,1301,509063701,2^509063701-1,STRUCTURAL_SCREEN_EXHAUSTED_PRIMALITY_UNASSIGNED,GF3A_DIRECTIONAL_WRITE_EXHAUSTED_PRIMALITY_UNASSIGNED,513,512,512,NO_RECORDED_FACTOR_PRP_OR_LL_RESULT_AND_NO_ACTIVE_GIMPS_ASSIGNMENT,2026-08-09T02:56:41+00:00,UNALLOCATED,,,,,
SLCMP1467-1301,1301,1302,509063729,2^509063729-1,STRUCTURAL_SCREEN_EXHAUSTED_PRIMALITY_UNASSIGNED,GF3A_DIRECTIONAL_WRITE_EXHAUSTED_PRIMALITY_UNASSIGNED,513,512,512,NO_RECORDED_FACTOR_PRP_OR_LL_RESULT_AND_NO_ACTIVE_GIMPS_ASSIGNMENT,2026-08-09T02:56:41+00:00,UNALLOCATED,,,,,
SLCMP1467-1302,1302,1303,509063777,2^509063777-1,STRUCTURAL_SCREEN_EXHAUSTED_PRIMALITY_UNASSIGNED,GF3A_DIRECTIONAL_WRITE_EXHAUSTED_PRIMALITY_UNASSIGNED,513,512,512,NO_RECORDED_FACTOR_PRP_OR_LL_RESULT_AND_NO_ACTIVE_GIMPS_ASSIGNMENT,2026-08-09T02:56:41+00:00,UNALLOCATED,,,,,
SLCMP1467-1303,1303,1304,509063881,2^509063881-1,STRUCTURAL_SCREEN_EXHAUSTED_PRIMALITY_UNASSIGNED,GF3A_DIRECTIONAL_WRITE_EXHAUSTED_PRIMALITY_UNASSIGNED,513,512,512,NO_RECORDED_FACTOR_PRP_OR_LL_RESULT_AND_NO_ACTIVE_GIMPS_ASSIGNMENT,2026-08-09T02:56:41+00:00,UNALLOCATED,,,,,
SLCMP1467-1304,1304,1305,509063911,2^509063911-1,STRUCTURAL_SCREEN_EXHAUSTED_PRIMALITY_UNASSIGNED,GF3A_DIRECTIONAL_WRITE_EXHAUSTED_PRIMALITY_UNASSIGNED,514,512,512,NO_RECORDED_FACTOR_PRP_OR_LL_RESULT_AND_NO_ACTIVE_GIMPS_ASSIGNMENT,2026-08-09T02:56:41+00:00,UNALLOCATED,,,,,
SLCMP1467-1305,1305,1306,509063981,2^509063981-1,STRUCTURAL_SCREEN_EXHAUSTED_PRIMALITY_UNASSIGNED,GF3A_DIRECTIONAL_WRITE_EXHAUSTED_PRIMALITY_UNASSIGNED,513,512,512,NO_RECORDED_FACTOR_PRP_OR_LL_RESULT_AND_NO_ACTIVE_GIMPS_ASSIGNMENT,2026-08-09T02:56:41+00:00,UNALLOCATED,,,,,
SLCMP1467-1306,1306,1307,509063987,2^509063987-1,STRUCTURAL_SCREEN_EXHAUSTED_PRIMALITY_UNASSIGNED,GF3A_DIRECTIONAL_WRITE_EXHAUSTED_PRIMALITY_UNASSIGNED,514,512,512,NO_RECORDED_FACTOR_PRP_OR_LL_RESULT_AND_NO_ACTIVE_GIMPS_ASSIGNMENT,2026-08-09T02:56:41+00:00,UNALLOCATED,,,,,
SLCMP1467-1307,1307,1308,509064001,2^509064001-1,STRUCTURAL_SCREEN_EXHAUSTED_PRIMALITY_UNASSIGNED,GF3A_DIRECTIONAL_WRITE_EXHAUSTED_PRIMALITY_UNASSIGNED,513,512,512,NO_RECORDED_FACTOR_PRP_OR_LL_RESULT_AND_NO_ACTIVE_GIMPS_ASSIGNMENT,2026-08-09T02:56:41+00:00,UNALLOCATED,,,,,
SLCMP1467-1308,1308,1309,509064043,2^509064043-1,STRUCTURAL_SCREEN_EXHAUSTED_PRIMALITY_UNASSIGNED,GF3A_DIRECTIONAL_WRITE_EXHAUSTED_PRIMALITY_UNASSIGNED,514,512,512,NO_RECORDED_FACTOR_PRP_OR_LL_RESULT_AND_NO_ACTIVE_GIMPS_ASSIGNMENT,2026-08-09T02:56:41+00:00,UNALLOCATED,,,,,
SLCMP1467-1309,1309,1310,509064053,2^509064053-1,STRUCTURAL_SCREEN_EXHAUSTED_PRIMALITY_UNASSIGNED,GF3A_DIRECTIONAL_WRITE_EXHAUSTED_PRIMALITY_UNASSIGNED,513,512,512,NO_RECORDED_FACTOR_PRP_OR_LL_RESULT_AND_NO_ACTIVE_GIMPS_ASSIGNMENT,2026-08-09T02:56:41+00:00,UNALLOCATED,,,,,
SLCMP1467-1310,1310,1311,509064197,2^509064197-1,STRUCTURAL_SCREEN_EXHAUSTED_PRIMALITY_UNASSIGNED,GF3A_DIRECTIONAL_WRITE_EXHAUSTED_PRIMALITY_UNASSIGNED,513,512,512,NO_RECORDED_FACTOR_PRP_OR_LL_RESULT_AND_NO_ACTIVE_GIMPS_ASSIGNMENT,2026-08-09T02:56:41+00:00,UNALLOCATED,,,,,
SLCMP1467-1311,1311,1312,509064203,2^509064203-1,STRUCTURAL_SCREEN_EXHAUSTED_PRIMALITY_UNASSIGNED,GF3A_DIRECTIONAL_WRITE_EXHAUSTED_PRIMALITY_UNASSIGNED,514,512,512,NO_RECORDED_FACTOR_PRP_OR_LL_RESULT_AND_NO_ACTIVE_GIMPS_ASSIGNMENT,2026-08-09T02:56:41+00:00,UNALLOCATED,,,,,
SLCMP1467-1312,1312,1313,509064293,2^509064293-1,STRUCTURAL_SCREEN_EXHAUSTED_PRIMALITY_UNASSIGNED,GF3A_DIRECTIONAL_WRITE_EXHAUSTED_PRIMALITY_UNASSIGNED,513,512,512,NO_RECORDED_FACTOR_PRP_OR_LL_RESULT_AND_NO_ACTIVE_GIMPS_ASSIGNMENT,2026-08-09T02:56:41+00:00,UNALLOCATED,,,,,
SLCMP1467-1313,1313,1314,509064319,2^509064319-1,STRUCTURAL_SCREEN_EXHAUSTED_PRIMALITY_UNASSIGNED,GF3A_DIRECTIONAL_WRITE_EXHAUSTED_PRIMALITY_UNASSIGNED,514,512,512,NO_RECORDED_FACTOR_PRP_OR_LL_RESULT_AND_NO_ACTIVE_GIMPS_ASSIGNMENT,2026-08-09T02:56:41+00:00,UNALLOCATED,,,,,
SLCMP1467-1314,1314,1315,509064349,2^509064349-1,STRUCTURAL_SCREEN_EXHAUSTED_PRIMALITY_UNASSIGNED,GF3A_DIRECTIONAL_WRITE_EXHAUSTED_PRIMALITY_UNASSIGNED,513,512,512,NO_RECORDED_FACTOR_PRP_OR_LL_RESULT_AND_NO_ACTIVE_GIMPS_ASSIGNMENT,2026-08-09T02:56:41+00:00,UNALLOCATED,,,,,
SLCMP1467-1315,1315,1316,509064421,2^509064421-1,STRUCTURAL_SCREEN_EXHAUSTED_PRIMALITY_UNASSIGNED,GF3A_DIRECTIONAL_WRITE_EXHAUSTED_PRIMALITY_UNASSIGNED,513,512,512,NO_RECORDED_FACTOR_PRP_OR_LL_RESULT_AND_NO_ACTIVE_GIMPS_ASSIGNMENT,2026-08-09T02:56:41+00:00,UNALLOCATED,,,,,
SLCMP1467-1316,1316,1317,509064499,2^509064499-1,STRUCTURAL_SCREEN_EXHAUSTED_PRIMALITY_UNASSIGNED,GF3A_DIRECTIONAL_WRITE_EXHAUSTED_PRIMALITY_UNASSIGNED,514,512,512,NO_RECORDED_FACTOR_PRP_OR_LL_RESULT_AND_NO_ACTIVE_GIMPS_ASSIGNMENT,2026-08-09T02:56:41+00:00,UNALLOCATED,,,,,
SLCMP1467-1317,1317,1318,509064683,2^509064683-1,STRUCTURAL_SCREEN_EXHAUSTED_PRIMALITY_UNASSIGNED,GF3A_DIRECTIONAL_WRITE_EXHAUSTED_PRIMALITY_UNASSIGNED,514,512,512,NO_RECORDED_FACTOR_PRP_OR_LL_RESULT_AND_NO_ACTIVE_GIMPS_ASSIGNMENT,2026-08-09T02:56:41+00:00,UNALLOCATED,,,,,
SLCMP1467-1318,1318,1319,509064707,2^509064707-1,STRUCTURAL_SCREEN_EXHAUSTED_PRIMALITY_UNASSIGNED,GF3A_DIRECTIONAL_WRITE_EXHAUSTED_PRIMALITY_UNASSIGNED,514,512,512,NO_RECORDED_FACTOR_PRP_OR_LL_RESULT_AND_NO_ACTIVE_GIMPS_ASSIGNMENT,2026-08-09T02:56:41+00:00,UNALLOCATED,,,,,
SLCMP1467-1319,1319,1320,509064749,2^509064749-1,STRUCTURAL_SCREEN_EXHAUSTED_PRIMALITY_UNASSIGNED,GF3A_DIRECTIONAL_WRITE_EXHAUSTED_PRIMALITY_UNASSIGNED,513,512,512,NO_RECORDED_FACTOR_PRP_OR_LL_RESULT_AND_NO_ACTIVE_GIMPS_ASSIGNMENT,2026-08-09T02:56:41+00:00,UNALLOCATED,,,,,
SLCMP1467-1320,1320,1321,509064793,2^509064793-1,STRUCTURAL_SCREEN_EXHAUSTED_PRIMALITY_UNASSIGNED,GF3A_DIRECTIONAL_WRITE_EXHAUSTED_PRIMALITY_UNASSIGNED,513,512,512,NO_RECORDED_FACTOR_PRP_OR_LL_RESULT_AND_NO_ACTIVE_GIMPS_ASSIGNMENT,2026-08-09T02:56:41+00:00,UNALLOCATED,,,,,
SLCMP1467-1321,1321,1322,509064889,2^509064889-1,STRUCTURAL_SCREEN_EXHAUSTED_PRIMALITY_UNASSIGNED,GF3A_DIRECTIONAL_WRITE_EXHAUSTED_PRIMALITY_UNASSIGNED,513,512,512,NO_RECORDED_FACTOR_PRP_OR_LL_RESULT_AND_NO_ACTIVE_GIMPS_ASSIGNMENT,2026-08-09T02:56:41+00:00,UNALLOCATED,,,,,
SLCMP1467-1322,1322,1323,509064953,2^509064953-1,STRUCTURAL_SCREEN_EXHAUSTED_PRIMALITY_UNASSIGNED,GF3A_DIRECTIONAL_WRITE_EXHAUSTED_PRIMALITY_UNASSIGNED,513,512,512,NO_RECORDED_FACTOR_PRP_OR_LL_RESULT_AND_NO_ACTIVE_GIMPS_ASSIGNMENT,2026-08-09T02:56:41+00:00,UNALLOCATED,,,,,
SLCMP1467-1323,1323,1324,509065111,2^509065111-1,STRUCTURAL_SCREEN_EXHAUSTED_PRIMALITY_UNASSIGNED,GF3A_DIRECTIONAL_WRITE_EXHAUSTED_PRIMALITY_UNASSIGNED,514,512,512,NO_RECORDED_FACTOR_PRP_OR_LL_RESULT_AND_NO_ACTIVE_GIMPS_ASSIGNMENT,2026-08-09T02:56:41+00:00,UNALLOCATED,,,,,
SLCMP1467-1324,1324,1325,509065213,2^509065213-1,STRUCTURAL_SCREEN_EXHAUSTED_PRIMALITY_UNASSIGNED,GF3A_DIRECTIONAL_WRITE_EXHAUSTED_PRIMALITY_UNASSIGNED,513,512,512,NO_RECORDED_FACTOR_PRP_OR_LL_RESULT_AND_NO_ACTIVE_GIMPS_ASSIGNMENT,2026-08-09T02:56:41+00:00,UNALLOCATED,,,,,
SLCMP1467-1325,1325,1326,509065267,2^509065267-1,STRUCTURAL_SCREEN_EXHAUSTED_PRIMALITY_UNASSIGNED,GF3A_DIRECTIONAL_WRITE_EXHAUSTED_PRIMALITY_UNASSIGNED,514,512,512,NO_RECORDED_FACTOR_PRP_OR_LL_RESULT_AND_NO_ACTIVE_GIMPS_ASSIGNMENT,2026-08-09T02:56:41+00:00,UNALLOCATED,,,,,
SLCMP1467-1326,1326,1327,509065327,2^509065327-1,STRUCTURAL_SCREEN_EXHAUSTED_PRIMALITY_UNASSIGNED,GF3A_DIRECTIONAL_WRITE_EXHAUSTED_PRIMALITY_UNASSIGNED,514,512,512,NO_RECORDED_FACTOR_PRP_OR_LL_RESULT_AND_NO_ACTIVE_GIMPS_ASSIGNMENT,2026-08-09T02:56:41+00:00,UNALLOCATED,,,,,
SLCMP1467-1327,1327,1328,509065331,2^509065331-1,STRUCTURAL_SCREEN_EXHAUSTED_PRIMALITY_UNASSIGNED,GF3A_DIRECTIONAL_WRITE_EXHAUSTED_PRIMALITY_UNASSIGNED,514,512,512,NO_RECORDED_FACTOR_PRP_OR_LL_RESULT_AND_NO_ACTIVE_GIMPS_ASSIGNMENT,2026-08-09T02:56:41+00:00,UNALLOCATED,,,,,
SLCMP1467-1328,1328,1329,509065387,2^509065387-1,STRUCTURAL_SCREEN_EXHAUSTED_PRIMALITY_UNASSIGNED,GF3A_DIRECTIONAL_WRITE_EXHAUSTED_PRIMALITY_UNASSIGNED,514,512,512,NO_RECORDED_FACTOR_PRP_OR_LL_RESULT_AND_NO_ACTIVE_GIMPS_ASSIGNMENT,2026-08-09T02:56:41+00:00,UNALLOCATED,,,,,
SLCMP1467-1329,1329,1330,509065421,2^509065421-1,STRUCTURAL_SCREEN_EXHAUSTED_PRIMALITY_UNASSIGNED,GF3A_DIRECTIONAL_WRITE_EXHAUSTED_PRIMALITY_UNASSIGNED,513,512,512,NO_RECORDED_FACTOR_PRP_OR_LL_RESULT_AND_NO_ACTIVE_GIMPS_ASSIGNMENT,2026-08-09T02:56:41+00:00,UNALLOCATED,,,,,
SLCMP1467-1330,1330,1331,509065429,2^509065429-1,STRUCTURAL_SCREEN_EXHAUSTED_PRIMALITY_UNASSIGNED,GF3A_DIRECTIONAL_WRITE_EXHAUSTED_PRIMALITY_UNASSIGNED,513,512,512,NO_RECORDED_FACTOR_PRP_OR_LL_RESULT_AND_NO_ACTIVE_GIMPS_ASSIGNMENT,2026-08-09T02:56:41+00:00,UNALLOCATED,,,,,
SLCMP1467-1331,1331,1332,509065517,2^509065517-1,STRUCTURAL_SCREEN_EXHAUSTED_PRIMALITY_UNASSIGNED,GF3A_DIRECTIONAL_WRITE_EXHAUSTED_PRIMALITY_UNASSIGNED,513,512,512,NO_RECORDED_FACTOR_PRP_OR_LL_RESULT_AND_NO_ACTIVE_GIMPS_ASSIGNMENT,2026-08-09T02:56:41+00:00,UNALLOCATED,,,,,
SLCMP1467-1332,1332,1333,509065567,2^509065567-1,STRUCTURAL_SCREEN_EXHAUSTED_PRIMALITY_UNASSIGNED,GF3A_DIRECTIONAL_WRITE_EXHAUSTED_PRIMALITY_UNASSIGNED,514,512,512,NO_RECORDED_FACTOR_PRP_OR_LL_RESULT_AND_NO_ACTIVE_GIMPS_ASSIGNMENT,2026-08-09T02:56:41+00:00,UNALLOCATED,,,,,
SLCMP1467-1333,1333,1334,509065621,2^509065621-1,STRUCTURAL_SCREEN_EXHAUSTED_PRIMALITY_UNASSIGNED,GF3A_DIRECTIONAL_WRITE_EXHAUSTED_PRIMALITY_UNASSIGNED,513,512,512,NO_RECORDED_FACTOR_PRP_OR_LL_RESULT_AND_NO_ACTIVE_GIMPS_ASSIGNMENT,2026-08-09T02:56:41+00:00,UNALLOCATED,,,,,
SLCMP1467-1334,1334,1335,509065741,2^509065741-1,STRUCTURAL_SCREEN_EXHAUSTED_PRIMALITY_UNASSIGNED,GF3A_DIRECTIONAL_WRITE_EXHAUSTED_PRIMALITY_UNASSIGNED,513,512,512,NO_RECORDED_FACTOR_PRP_OR_LL_RESULT_AND_NO_ACTIVE_GIMPS_ASSIGNMENT,2026-08-09T02:56:41+00:00,UNALLOCATED,,,,,
SLCMP1467-1335,1335,1336,509065763,2^509065763-1,STRUCTURAL_SCREEN_EXHAUSTED_PRIMALITY_UNASSIGNED,GF3A_DIRECTIONAL_WRITE_EXHAUSTED_PRIMALITY_UNASSIGNED,514,512,512,NO_RECORDED_FACTOR_PRP_OR_LL_RESULT_AND_NO_ACTIVE_GIMPS_ASSIGNMENT,2026-08-09T02:56:41+00:00,UNALLOCATED,,,,,
SLCMP1467-1336,1336,1337,509065859,2^509065859-1,STRUCTURAL_SCREEN_EXHAUSTED_PRIMALITY_UNASSIGNED,GF3A_DIRECTIONAL_WRITE_EXHAUSTED_PRIMALITY_UNASSIGNED,514,512,512,NO_RECORDED_FACTOR_PRP_OR_LL_RESULT_AND_NO_ACTIVE_GIMPS_ASSIGNMENT,2026-08-09T02:56:41+00:00,UNALLOCATED,,,,,
SLCMP1467-1337,1337,1338,509065897,2^509065897-1,STRUCTURAL_SCREEN_EXHAUSTED_PRIMALITY_UNASSIGNED,GF3A_DIRECTIONAL_WRITE_EXHAUSTED_PRIMALITY_UNASSIGNED,513,512,512,NO_RECORDED_FACTOR_PRP_OR_LL_RESULT_AND_NO_ACTIVE_GIMPS_ASSIGNMENT,2026-08-09T02:56:41+00:00,UNALLOCATED,,,,,
SLCMP1467-1338,1338,1339,509065951,2^509065951-1,STRUCTURAL_SCREEN_EXHAUSTED_PRIMALITY_UNASSIGNED,GF3A_DIRECTIONAL_WRITE_EXHAUSTED_PRIMALITY_UNASSIGNED,514,512,512,NO_RECORDED_FACTOR_PRP_OR_LL_RESULT_AND_NO_ACTIVE_GIMPS_ASSIGNMENT,2026-08-09T02:56:41+00:00,UNALLOCATED,,,,,
SLCMP1467-1339,1339,1340,509066009,2^509066009-1,STRUCTURAL_SCREEN_EXHAUSTED_PRIMALITY_UNASSIGNED,GF3A_DIRECTIONAL_WRITE_EXHAUSTED_PRIMALITY_UNASSIGNED,513,512,512,NO_RECORDED_FACTOR_PRP_OR_LL_RESULT_AND_NO_ACTIVE_GIMPS_ASSIGNMENT,2026-08-09T02:56:41+00:00,UNALLOCATED,,,,,
SLCMP1467-1340,1340,1341,509066039,2^509066039-1,STRUCTURAL_SCREEN_EXHAUSTED_PRIMALITY_UNASSIGNED,GF3A_DIRECTIONAL_WRITE_EXHAUSTED_PRIMALITY_UNASSIGNED,514,512,512,NO_RECORDED_FACTOR_PRP_OR_LL_RESULT_AND_NO_ACTIVE_GIMPS_ASSIGNMENT,2026-08-09T02:56:41+00:00,UNALLOCATED,,,,,
SLCMP1467-1341,1341,1342,509066057,2^509066057-1,STRUCTURAL_SCREEN_EXHAUSTED_PRIMALITY_UNASSIGNED,GF3A_DIRECTIONAL_WRITE_EXHAUSTED_PRIMALITY_UNASSIGNED,513,512,512,NO_RECORDED_FACTOR_PRP_OR_LL_RESULT_AND_NO_ACTIVE_GIMPS_ASSIGNMENT,2026-08-09T02:56:41+00:00,UNALLOCATED,,,,,
SLCMP1467-1342,1342,1343,509066083,2^509066083-1,STRUCTURAL_SCREEN_EXHAUSTED_PRIMALITY_UNASSIGNED,GF3A_DIRECTIONAL_WRITE_EXHAUSTED_PRIMALITY_UNASSIGNED,514,512,512,NO_RECORDED_FACTOR_PRP_OR_LL_RESULT_AND_NO_ACTIVE_GIMPS_ASSIGNMENT,2026-08-09T02:56:41+00:00,UNALLOCATED,,,,,
SLCMP1467-1343,1343,1344,509066119,2^509066119-1,STRUCTURAL_SCREEN_EXHAUSTED_PRIMALITY_UNASSIGNED,GF3A_DIRECTIONAL_WRITE_EXHAUSTED_PRIMALITY_UNASSIGNED,514,512,512,NO_RECORDED_FACTOR_PRP_OR_LL_RESULT_AND_NO_ACTIVE_GIMPS_ASSIGNMENT,2026-08-09T02:56:41+00:00,UNALLOCATED,,,,,
SLCMP1467-1344,1344,1345,509066147,2^509066147-1,STRUCTURAL_SCREEN_EXHAUSTED_PRIMALITY_UNASSIGNED,GF3A_DIRECTIONAL_WRITE_EXHAUSTED_PRIMALITY_UNASSIGNED,514,512,512,NO_RECORDED_FACTOR_PRP_OR_LL_RESULT_AND_NO_ACTIVE_GIMPS_ASSIGNMENT,2026-08-09T02:56:41+00:00,UNALLOCATED,,,,,
SLCMP1467-1345,1345,1346,509066227,2^509066227-1,STRUCTURAL_SCREEN_EXHAUSTED_PRIMALITY_UNASSIGNED,GF3A_DIRECTIONAL_WRITE_EXHAUSTED_PRIMALITY_UNASSIGNED,514,512,512,NO_RECORDED_FACTOR_PRP_OR_LL_RESULT_AND_NO_ACTIVE_GIMPS_ASSIGNMENT,2026-08-09T02:56:41+00:00,UNALLOCATED,,,,,
SLCMP1467-1346,1346,1347,509066249,2^509066249-1,STRUCTURAL_SCREEN_EXHAUSTED_PRIMALITY_UNASSIGNED,GF3A_DIRECTIONAL_WRITE_EXHAUSTED_PRIMALITY_UNASSIGNED,513,512,512,NO_RECORDED_FACTOR_PRP_OR_LL_RESULT_AND_NO_ACTIVE_GIMPS_ASSIGNMENT,2026-08-09T02:56:41+00:00,UNALLOCATED,,,,,
SLCMP1467-1347,1347,1348,509066263,2^509066263-1,STRUCTURAL_SCREEN_EXHAUSTED_PRIMALITY_UNASSIGNED,GF3A_DIRECTIONAL_WRITE_EXHAUSTED_PRIMALITY_UNASSIGNED,514,512,512,NO_RECORDED_FACTOR_PRP_OR_LL_RESULT_AND_NO_ACTIVE_GIMPS_ASSIGNMENT,2026-08-09T02:56:41+00:00,UNALLOCATED,,,,,
SLCMP1467-1348,1348,1349,509066287,2^509066287-1,STRUCTURAL_SCREEN_EXHAUSTED_PRIMALITY_UNASSIGNED,GF3A_DIRECTIONAL_WRITE_EXHAUSTED_PRIMALITY_UNASSIGNED,514,512,512,NO_RECORDED_FACTOR_PRP_OR_LL_RESULT_AND_NO_ACTIVE_GIMPS_ASSIGNMENT,2026-08-09T02:56:41+00:00,UNALLOCATED,,,,,
SLCMP1467-1349,1349,1350,509066359,2^509066359-1,STRUCTURAL_SCREEN_EXHAUSTED_PRIMALITY_UNASSIGNED,GF3A_DIRECTIONAL_WRITE_EXHAUSTED_PRIMALITY_UNASSIGNED,514,512,512,NO_RECORDED_FACTOR_PRP_OR_LL_RESULT_AND_NO_ACTIVE_GIMPS_ASSIGNMENT,2026-08-09T02:56:41+00:00,UNALLOCATED,,,,,
SLCMP1467-1350,1350,1351,509066413,2^509066413-1,STRUCTURAL_SCREEN_EXHAUSTED_PRIMALITY_UNASSIGNED,GF3A_DIRECTIONAL_WRITE_EXHAUSTED_PRIMALITY_UNASSIGNED,513,512,512,NO_RECORDED_FACTOR_PRP_OR_LL_RESULT_AND_NO_ACTIVE_GIMPS_ASSIGNMENT,2026-08-09T02:56:41+00:00,UNALLOCATED,,,,,
SLCMP1467-1351,1351,1352,509066423,2^509066423-1,STRUCTURAL_SCREEN_EXHAUSTED_PRIMALITY_UNASSIGNED,GF3A_DIRECTIONAL_WRITE_EXHAUSTED_PRIMALITY_UNASSIGNED,514,512,512,NO_RECORDED_FACTOR_PRP_OR_LL_RESULT_AND_NO_ACTIVE_GIMPS_ASSIGNMENT,2026-08-09T02:56:41+00:00,UNALLOCATED,,,,,
SLCMP1467-1352,1352,1353,509066443,2^509066443-1,STRUCTURAL_SCREEN_EXHAUSTED_PRIMALITY_UNASSIGNED,GF3A_DIRECTIONAL_WRITE_EXHAUSTED_PRIMALITY_UNASSIGNED,514,512,512,NO_RECORDED_FACTOR_PRP_OR_LL_RESULT_AND_NO_ACTIVE_GIMPS_ASSIGNMENT,2026-08-09T02:56:41+00:00,UNALLOCATED,,,,,
SLCMP1467-1353,1353,1354,509066501,2^509066501-1,STRUCTURAL_SCREEN_EXHAUSTED_PRIMALITY_UNASSIGNED,GF3A_DIRECTIONAL_WRITE_EXHAUSTED_PRIMALITY_UNASSIGNED,513,512,512,NO_RECORDED_FACTOR_PRP_OR_LL_RESULT_AND_NO_ACTIVE_GIMPS_ASSIGNMENT,2026-08-09T02:56:41+00:00,UNALLOCATED,,,,,
SLCMP1467-1354,1354,1355,509066587,2^509066587-1,STRUCTURAL_SCREEN_EXHAUSTED_PRIMALITY_UNASSIGNED,GF3A_DIRECTIONAL_WRITE_EXHAUSTED_PRIMALITY_UNASSIGNED,514,512,512,NO_RECORDED_FACTOR_PRP_OR_LL_RESULT_AND_NO_ACTIVE_GIMPS_ASSIGNMENT,2026-08-09T02:56:41+00:00,UNALLOCATED,,,,,
SLCMP1467-1355,1355,1356,509066641,2^509066641-1,STRUCTURAL_SCREEN_EXHAUSTED_PRIMALITY_UNASSIGNED,GF3A_DIRECTIONAL_WRITE_EXHAUSTED_PRIMALITY_UNASSIGNED,513,512,512,NO_RECORDED_FACTOR_PRP_OR_LL_RESULT_AND_NO_ACTIVE_GIMPS_ASSIGNMENT,2026-08-09T02:56:41+00:00,UNALLOCATED,,,,,
SLCMP1467-1356,1356,1357,509066671,2^509066671-1,STRUCTURAL_SCREEN_EXHAUSTED_PRIMALITY_UNASSIGNED,GF3A_DIRECTIONAL_WRITE_EXHAUSTED_PRIMALITY_UNASSIGNED,514,512,512,NO_RECORDED_FACTOR_PRP_OR_LL_RESULT_AND_NO_ACTIVE_GIMPS_ASSIGNMENT,2026-08-09T02:56:41+00:00,UNALLOCATED,,,,,
SLCMP1467-1357,1357,1358,509066687,2^509066687-1,STRUCTURAL_SCREEN_EXHAUSTED_PRIMALITY_UNASSIGNED,GF3A_DIRECTIONAL_WRITE_EXHAUSTED_PRIMALITY_UNASSIGNED,514,512,512,NO_RECORDED_FACTOR_PRP_OR_LL_RESULT_AND_NO_ACTIVE_GIMPS_ASSIGNMENT,2026-08-09T02:56:41+00:00,UNALLOCATED,,,,,
SLCMP1467-1358,1358,1359,509066773,2^509066773-1,STRUCTURAL_SCREEN_EXHAUSTED_PRIMALITY_UNASSIGNED,GF3A_DIRECTIONAL_WRITE_EXHAUSTED_PRIMALITY_UNASSIGNED,513,512,512,NO_RECORDED_FACTOR_PRP_OR_LL_RESULT_AND_NO_ACTIVE_GIMPS_ASSIGNMENT,2026-08-09T02:56:41+00:00,UNALLOCATED,,,,,
SLCMP1467-1359,1359,1360,509066849,2^509066849-1,STRUCTURAL_SCREEN_EXHAUSTED_PRIMALITY_UNASSIGNED,GF3A_DIRECTIONAL_WRITE_EXHAUSTED_PRIMALITY_UNASSIGNED,513,512,512,NO_RECORDED_FACTOR_PRP_OR_LL_RESULT_AND_NO_ACTIVE_GIMPS_ASSIGNMENT,2026-08-09T02:56:41+00:00,UNALLOCATED,,,,,
SLCMP1467-1360,1360,1361,509066851,2^509066851-1,STRUCTURAL_SCREEN_EXHAUSTED_PRIMALITY_UNASSIGNED,GF3A_DIRECTIONAL_WRITE_EXHAUSTED_PRIMALITY_UNASSIGNED,514,512,512,NO_RECORDED_FACTOR_PRP_OR_LL_RESULT_AND_NO_ACTIVE_GIMPS_ASSIGNMENT,2026-08-09T02:56:41+00:00,UNALLOCATED,,,,,
SLCMP1467-1361,1361,1362,509066897,2^509066897-1,STRUCTURAL_SCREEN_EXHAUSTED_PRIMALITY_UNASSIGNED,GF3A_DIRECTIONAL_WRITE_EXHAUSTED_PRIMALITY_UNASSIGNED,513,512,512,NO_RECORDED_FACTOR_PRP_OR_LL_RESULT_AND_NO_ACTIVE_GIMPS_ASSIGNMENT,2026-08-09T02:56:41+00:00,UNALLOCATED,,,,,
SLCMP1467-1362,1362,1363,509066911,2^509066911-1,STRUCTURAL_SCREEN_EXHAUSTED_PRIMALITY_UNASSIGNED,GF3A_DIRECTIONAL_WRITE_EXHAUSTED_PRIMALITY_UNASSIGNED,514,512,512,NO_RECORDED_FACTOR_PRP_OR_LL_RESULT_AND_NO_ACTIVE_GIMPS_ASSIGNMENT,2026-08-09T02:56:41+00:00,UNALLOCATED,,,,,
SLCMP1467-1363,1363,1364,509066959,2^509066959-1,STRUCTURAL_SCREEN_EXHAUSTED_PRIMALITY_UNASSIGNED,GF3A_DIRECTIONAL_WRITE_EXHAUSTED_PRIMALITY_UNASSIGNED,514,512,512,NO_RECORDED_FACTOR_PRP_OR_LL_RESULT_AND_NO_ACTIVE_GIMPS_ASSIGNMENT,2026-08-09T02:56:41+00:00,UNALLOCATED,,,,,
SLCMP1467-1364,1364,1365,509067047,2^509067047-1,STRUCTURAL_SCREEN_EXHAUSTED_PRIMALITY_UNASSIGNED,GF3A_DIRECTIONAL_WRITE_EXHAUSTED_PRIMALITY_UNASSIGNED,514,512,512,NO_RECORDED_FACTOR_PRP_OR_LL_RESULT_AND_NO_ACTIVE_GIMPS_ASSIGNMENT,2026-08-09T02:56:41+00:00,UNALLOCATED,,,,,
SLCMP1467-1365,1365,1366,509067113,2^509067113-1,STRUCTURAL_SCREEN_EXHAUSTED_PRIMALITY_UNASSIGNED,GF3A_DIRECTIONAL_WRITE_EXHAUSTED_PRIMALITY_UNASSIGNED,513,512,512,NO_RECORDED_FACTOR_PRP_OR_LL_RESULT_AND_NO_ACTIVE_GIMPS_ASSIGNMENT,2026-08-09T02:56:41+00:00,UNALLOCATED,,,,,
SLCMP1467-1366,1366,1367,509067277,2^509067277-1,STRUCTURAL_SCREEN_EXHAUSTED_PRIMALITY_UNASSIGNED,GF3A_DIRECTIONAL_WRITE_EXHAUSTED_PRIMALITY_UNASSIGNED,513,512,512,NO_RECORDED_FACTOR_PRP_OR_LL_RESULT_AND_NO_ACTIVE_GIMPS_ASSIGNMENT,2026-08-09T02:56:41+00:00,UNALLOCATED,,,,,
SLCMP1467-1367,1367,1368,509067289,2^509067289-1,STRUCTURAL_SCREEN_EXHAUSTED_PRIMALITY_UNASSIGNED,GF3A_DIRECTIONAL_WRITE_EXHAUSTED_PRIMALITY_UNASSIGNED,513,512,512,NO_RECORDED_FACTOR_PRP_OR_LL_RESULT_AND_NO_ACTIVE_GIMPS_ASSIGNMENT,2026-08-09T02:56:41+00:00,UNALLOCATED,,,,,
SLCMP1467-1368,1368,1369,509067311,2^509067311-1,STRUCTURAL_SCREEN_EXHAUSTED_PRIMALITY_UNASSIGNED,GF3A_DIRECTIONAL_WRITE_EXHAUSTED_PRIMALITY_UNASSIGNED,514,512,512,NO_RECORDED_FACTOR_PRP_OR_LL_RESULT_AND_NO_ACTIVE_GIMPS_ASSIGNMENT,2026-08-09T02:56:41+00:00,UNALLOCATED,,,,,
SLCMP1467-1369,1369,1370,509067313,2^509067313-1,STRUCTURAL_SCREEN_EXHAUSTED_PRIMALITY_UNASSIGNED,GF3A_DIRECTIONAL_WRITE_EXHAUSTED_PRIMALITY_UNASSIGNED,513,512,512,NO_RECORDED_FACTOR_PRP_OR_LL_RESULT_AND_NO_ACTIVE_GIMPS_ASSIGNMENT,2026-08-09T02:56:41+00:00,UNALLOCATED,,,,,
SLCMP1467-1370,1370,1371,509067331,2^509067331-1,STRUCTURAL_SCREEN_EXHAUSTED_PRIMALITY_UNASSIGNED,GF3A_DIRECTIONAL_WRITE_EXHAUSTED_PRIMALITY_UNASSIGNED,514,512,512,NO_RECORDED_FACTOR_PRP_OR_LL_RESULT_AND_NO_ACTIVE_GIMPS_ASSIGNMENT,2026-08-09T02:56:41+00:00,UNALLOCATED,,,,,
SLCMP1467-1371,1371,1372,509067343,2^509067343-1,STRUCTURAL_SCREEN_EXHAUSTED_PRIMALITY_UNASSIGNED,GF3A_DIRECTIONAL_WRITE_EXHAUSTED_PRIMALITY_UNASSIGNED,514,512,512,NO_RECORDED_FACTOR_PRP_OR_LL_RESULT_AND_NO_ACTIVE_GIMPS_ASSIGNMENT,2026-08-09T02:56:41+00:00,UNALLOCATED,,,,,
SLCMP1467-1372,1372,1373,509067409,2^509067409-1,STRUCTURAL_SCREEN_EXHAUSTED_PRIMALITY_UNASSIGNED,GF3A_DIRECTIONAL_WRITE_EXHAUSTED_PRIMALITY_UNASSIGNED,513,512,512,NO_RECORDED_FACTOR_PRP_OR_LL_RESULT_AND_NO_ACTIVE_GIMPS_ASSIGNMENT,2026-08-09T02:56:41+00:00,UNALLOCATED,,,,,
SLCMP1467-1373,1373,1374,509067463,2^509067463-1,STRUCTURAL_SCREEN_EXHAUSTED_PRIMALITY_UNASSIGNED,GF3A_DIRECTIONAL_WRITE_EXHAUSTED_PRIMALITY_UNASSIGNED,514,512,512,NO_RECORDED_FACTOR_PRP_OR_LL_RESULT_AND_NO_ACTIVE_GIMPS_ASSIGNMENT,2026-08-09T02:56:41+00:00,UNALLOCATED,,,,,
SLCMP1467-1374,1374,1375,509067467,2^509067467-1,STRUCTURAL_SCREEN_EXHAUSTED_PRIMALITY_UNASSIGNED,GF3A_DIRECTIONAL_WRITE_EXHAUSTED_PRIMALITY_UNASSIGNED,514,512,512,NO_RECORDED_FACTOR_PRP_OR_LL_RESULT_AND_NO_ACTIVE_GIMPS_ASSIGNMENT,2026-08-09T02:56:41+00:00,UNALLOCATED,,,,,
SLCMP1467-1375,1375,1376,509067607,2^509067607-1,STRUCTURAL_SCREEN_EXHAUSTED_PRIMALITY_UNASSIGNED,GF3A_DIRECTIONAL_WRITE_EXHAUSTED_PRIMALITY_UNASSIGNED,514,512,512,NO_RECORDED_FACTOR_PRP_OR_LL_RESULT_AND_NO_ACTIVE_GIMPS_ASSIGNMENT,2026-08-09T02:56:41+00:00,UNALLOCATED,,,,,
SLCMP1467-1376,1376,1377,509067677,2^509067677-1,STRUCTURAL_SCREEN_EXHAUSTED_PRIMALITY_UNASSIGNED,GF3A_DIRECTIONAL_WRITE_EXHAUSTED_PRIMALITY_UNASSIGNED,513,512,512,NO_RECORDED_FACTOR_PRP_OR_LL_RESULT_AND_NO_ACTIVE_GIMPS_ASSIGNMENT,2026-08-09T02:56:41+00:00,UNALLOCATED,,,,,
SLCMP1467-1377,1377,1378,509067787,2^509067787-1,STRUCTURAL_SCREEN_EXHAUSTED_PRIMALITY_UNASSIGNED,GF3A_DIRECTIONAL_WRITE_EXHAUSTED_PRIMALITY_UNASSIGNED,514,512,512,NO_RECORDED_FACTOR_PRP_OR_LL_RESULT_AND_NO_ACTIVE_GIMPS_ASSIGNMENT,2026-08-09T02:56:41+00:00,UNALLOCATED,,,,,
SLCMP1467-1378,1378,1379,509067883,2^509067883-1,STRUCTURAL_SCREEN_EXHAUSTED_PRIMALITY_UNASSIGNED,GF3A_DIRECTIONAL_WRITE_EXHAUSTED_PRIMALITY_UNASSIGNED,514,512,512,NO_RECORDED_FACTOR_PRP_OR_LL_RESULT_AND_NO_ACTIVE_GIMPS_ASSIGNMENT,2026-08-09T02:56:41+00:00,UNALLOCATED,,,,,
SLCMP1467-1379,1379,1380,509067919,2^509067919-1,STRUCTURAL_SCREEN_EXHAUSTED_PRIMALITY_UNASSIGNED,GF3A_DIRECTIONAL_WRITE_EXHAUSTED_PRIMALITY_UNASSIGNED,514,512,512,NO_RECORDED_FACTOR_PRP_OR_LL_RESULT_AND_NO_ACTIVE_GIMPS_ASSIGNMENT,2026-08-09T02:56:41+00:00,UNALLOCATED,,,,,
SLCMP1467-1380,1380,1381,509067991,2^509067991-1,STRUCTURAL_SCREEN_EXHAUSTED_PRIMALITY_UNASSIGNED,GF3A_DIRECTIONAL_WRITE_EXHAUSTED_PRIMALITY_UNASSIGNED,514,512,512,NO_RECORDED_FACTOR_PRP_OR_LL_RESULT_AND_NO_ACTIVE_GIMPS_ASSIGNMENT,2026-08-09T02:56:41+00:00,UNALLOCATED,,,,,
SLCMP1467-1381,1381,1382,509068061,2^509068061-1,STRUCTURAL_SCREEN_EXHAUSTED_PRIMALITY_UNASSIGNED,GF3A_DIRECTIONAL_WRITE_EXHAUSTED_PRIMALITY_UNASSIGNED,513,512,512,NO_RECORDED_FACTOR_PRP_OR_LL_RESULT_AND_NO_ACTIVE_GIMPS_ASSIGNMENT,2026-08-09T02:56:41+00:00,UNALLOCATED,,,,,
SLCMP1467-1382,1382,1383,509068151,2^509068151-1,STRUCTURAL_SCREEN_EXHAUSTED_PRIMALITY_UNASSIGNED,GF3A_DIRECTIONAL_WRITE_EXHAUSTED_PRIMALITY_UNASSIGNED,514,512,512,NO_RECORDED_FACTOR_PRP_OR_LL_RESULT_AND_NO_ACTIVE_GIMPS_ASSIGNMENT,2026-08-09T02:56:41+00:00,UNALLOCATED,,,,,
SLCMP1467-1383,1383,1384,509068171,2^509068171-1,STRUCTURAL_SCREEN_EXHAUSTED_PRIMALITY_UNASSIGNED,GF3A_DIRECTIONAL_WRITE_EXHAUSTED_PRIMALITY_UNASSIGNED,514,512,512,NO_RECORDED_FACTOR_PRP_OR_LL_RESULT_AND_NO_ACTIVE_GIMPS_ASSIGNMENT,2026-08-09T02:56:41+00:00,UNALLOCATED,,,,,
SLCMP1467-1384,1384,1385,509068199,2^509068199-1,STRUCTURAL_SCREEN_EXHAUSTED_PRIMALITY_UNASSIGNED,GF3A_DIRECTIONAL_WRITE_EXHAUSTED_PRIMALITY_UNASSIGNED,514,512,512,NO_RECORDED_FACTOR_PRP_OR_LL_RESULT_AND_NO_ACTIVE_GIMPS_ASSIGNMENT,2026-08-09T02:56:41+00:00,UNALLOCATED,,,,,
SLCMP1467-1385,1385,1386,509068379,2^509068379-1,STRUCTURAL_SCREEN_EXHAUSTED_PRIMALITY_UNASSIGNED,GF3A_DIRECTIONAL_WRITE_EXHAUSTED_PRIMALITY_UNASSIGNED,514,512,512,NO_RECORDED_FACTOR_PRP_OR_LL_RESULT_AND_NO_ACTIVE_GIMPS_ASSIGNMENT,2026-08-09T02:56:41+00:00,UNALLOCATED,,,,,
SLCMP1467-1386,1386,1387,509068433,2^509068433-1,STRUCTURAL_SCREEN_EXHAUSTED_PRIMALITY_UNASSIGNED,GF3A_DIRECTIONAL_WRITE_EXHAUSTED_PRIMALITY_UNASSIGNED,513,512,512,NO_RECORDED_FACTOR_PRP_OR_LL_RESULT_AND_NO_ACTIVE_GIMPS_ASSIGNMENT,2026-08-09T02:56:41+00:00,UNALLOCATED,,,,,
SLCMP1467-1387,1387,1388,509068471,2^509068471-1,STRUCTURAL_SCREEN_EXHAUSTED_PRIMALITY_UNASSIGNED,GF3A_DIRECTIONAL_WRITE_EXHAUSTED_PRIMALITY_UNASSIGNED,514,512,512,NO_RECORDED_FACTOR_PRP_OR_LL_RESULT_AND_NO_ACTIVE_GIMPS_ASSIGNMENT,2026-08-09T02:56:41+00:00,UNALLOCATED,,,,,
SLCMP1467-1388,1388,1389,509068481,2^509068481-1,STRUCTURAL_SCREEN_EXHAUSTED_PRIMALITY_UNASSIGNED,GF3A_DIRECTIONAL_WRITE_EXHAUSTED_PRIMALITY_UNASSIGNED,513,512,512,NO_RECORDED_FACTOR_PRP_OR_LL_RESULT_AND_NO_ACTIVE_GIMPS_ASSIGNMENT,2026-08-09T02:56:41+00:00,UNALLOCATED,,,,,
SLCMP1467-1389,1389,1390,509068487,2^509068487-1,STRUCTURAL_SCREEN_EXHAUSTED_PRIMALITY_UNASSIGNED,GF3A_DIRECTIONAL_WRITE_EXHAUSTED_PRIMALITY_UNASSIGNED,514,512,512,NO_RECORDED_FACTOR_PRP_OR_LL_RESULT_AND_NO_ACTIVE_GIMPS_ASSIGNMENT,2026-08-09T02:56:41+00:00,UNALLOCATED,,,,,
SLCMP1467-1390,1390,1391,509068507,2^509068507-1,STRUCTURAL_SCREEN_EXHAUSTED_PRIMALITY_UNASSIGNED,GF3A_DIRECTIONAL_WRITE_EXHAUSTED_PRIMALITY_UNASSIGNED,514,512,512,NO_RECORDED_FACTOR_PRP_OR_LL_RESULT_AND_NO_ACTIVE_GIMPS_ASSIGNMENT,2026-08-09T02:56:41+00:00,UNALLOCATED,,,,,
SLCMP1467-1391,1391,1392,509068597,2^509068597-1,STRUCTURAL_SCREEN_EXHAUSTED_PRIMALITY_UNASSIGNED,GF3A_DIRECTIONAL_WRITE_EXHAUSTED_PRIMALITY_UNASSIGNED,513,512,512,NO_RECORDED_FACTOR_PRP_OR_LL_RESULT_AND_NO_ACTIVE_GIMPS_ASSIGNMENT,2026-08-09T02:56:41+00:00,UNALLOCATED,,,,,
SLCMP1467-1392,1392,1393,509068643,2^509068643-1,STRUCTURAL_SCREEN_EXHAUSTED_PRIMALITY_UNASSIGNED,GF3A_DIRECTIONAL_WRITE_EXHAUSTED_PRIMALITY_UNASSIGNED,514,512,512,NO_RECORDED_FACTOR_PRP_OR_LL_RESULT_AND_NO_ACTIVE_GIMPS_ASSIGNMENT,2026-08-09T02:56:41+00:00,UNALLOCATED,,,,,
SLCMP1467-1393,1393,1394,509068649,2^509068649-1,STRUCTURAL_SCREEN_EXHAUSTED_PRIMALITY_UNASSIGNED,GF3A_DIRECTIONAL_WRITE_EXHAUSTED_PRIMALITY_UNASSIGNED,513,512,512,NO_RECORDED_FACTOR_PRP_OR_LL_RESULT_AND_NO_ACTIVE_GIMPS_ASSIGNMENT,2026-08-09T02:56:41+00:00,UNALLOCATED,,,,,
SLCMP1467-1394,1394,1395,509068673,2^509068673-1,STRUCTURAL_SCREEN_EXHAUSTED_PRIMALITY_UNASSIGNED,GF3A_DIRECTIONAL_WRITE_EXHAUSTED_PRIMALITY_UNASSIGNED,513,512,512,NO_RECORDED_FACTOR_PRP_OR_LL_RESULT_AND_NO_ACTIVE_GIMPS_ASSIGNMENT,2026-08-09T02:56:41+00:00,UNALLOCATED,,,,,
SLCMP1467-1395,1395,1396,509068699,2^509068699-1,STRUCTURAL_SCREEN_EXHAUSTED_PRIMALITY_UNASSIGNED,GF3A_DIRECTIONAL_WRITE_EXHAUSTED_PRIMALITY_UNASSIGNED,514,512,512,NO_RECORDED_FACTOR_PRP_OR_LL_RESULT_AND_NO_ACTIVE_GIMPS_ASSIGNMENT,2026-08-09T02:56:41+00:00,UNALLOCATED,,,,,
SLCMP1467-1396,1396,1397,509068753,2^509068753-1,STRUCTURAL_SCREEN_EXHAUSTED_PRIMALITY_UNASSIGNED,GF3A_DIRECTIONAL_WRITE_EXHAUSTED_PRIMALITY_UNASSIGNED,513,512,512,NO_RECORDED_FACTOR_PRP_OR_LL_RESULT_AND_NO_ACTIVE_GIMPS_ASSIGNMENT,2026-08-09T02:56:41+00:00,UNALLOCATED,,,,,
SLCMP1467-1397,1397,1398,509068823,2^509068823-1,STRUCTURAL_SCREEN_EXHAUSTED_PRIMALITY_UNASSIGNED,GF3A_DIRECTIONAL_WRITE_EXHAUSTED_PRIMALITY_UNASSIGNED,514,512,512,NO_RECORDED_FACTOR_PRP_OR_LL_RESULT_AND_NO_ACTIVE_GIMPS_ASSIGNMENT,2026-08-09T02:56:41+00:00,UNALLOCATED,,,,,
SLCMP1467-1398,1398,1399,509068921,2^509068921-1,STRUCTURAL_SCREEN_EXHAUSTED_PRIMALITY_UNASSIGNED,GF3A_DIRECTIONAL_WRITE_EXHAUSTED_PRIMALITY_UNASSIGNED,513,512,512,NO_RECORDED_FACTOR_PRP_OR_LL_RESULT_AND_NO_ACTIVE_GIMPS_ASSIGNMENT,2026-08-09T02:56:41+00:00,UNALLOCATED,,,,,
SLCMP1467-1399,1399,1400,509068981,2^509068981-1,STRUCTURAL_SCREEN_EXHAUSTED_PRIMALITY_UNASSIGNED,GF3A_DIRECTIONAL_WRITE_EXHAUSTED_PRIMALITY_UNASSIGNED,513,512,512,NO_RECORDED_FACTOR_PRP_OR_LL_RESULT_AND_NO_ACTIVE_GIMPS_ASSIGNMENT,2026-08-09T02:56:41+00:00,UNALLOCATED,,,,,
SLCMP1467-1400,1400,1401,509069023,2^509069023-1,STRUCTURAL_SCREEN_EXHAUSTED_PRIMALITY_UNASSIGNED,GF3A_DIRECTIONAL_WRITE_EXHAUSTED_PRIMALITY_UNASSIGNED,514,512,512,NO_RECORDED_FACTOR_PRP_OR_LL_RESULT_AND_NO_ACTIVE_GIMPS_ASSIGNMENT,2026-08-09T02:56:41+00:00,UNALLOCATED,,,,,
SLCMP1467-1401,1401,1402,509069069,2^509069069-1,STRUCTURAL_SCREEN_EXHAUSTED_PRIMALITY_UNASSIGNED,GF3A_DIRECTIONAL_WRITE_EXHAUSTED_PRIMALITY_UNASSIGNED,513,512,512,NO_RECORDED_FACTOR_PRP_OR_LL_RESULT_AND_NO_ACTIVE_GIMPS_ASSIGNMENT,2026-08-09T02:56:41+00:00,UNALLOCATED,,,,,
SLCMP1467-1402,1402,1403,509069201,2^509069201-1,STRUCTURAL_SCREEN_EXHAUSTED_PRIMALITY_UNASSIGNED,GF3A_DIRECTIONAL_WRITE_EXHAUSTED_PRIMALITY_UNASSIGNED,513,512,512,NO_RECORDED_FACTOR_PRP_OR_LL_RESULT_AND_NO_ACTIVE_GIMPS_ASSIGNMENT,2026-08-09T02:56:41+00:00,UNALLOCATED,,,,,
SLCMP1467-1403,1403,1404,509069221,2^509069221-1,STRUCTURAL_SCREEN_EXHAUSTED_PRIMALITY_UNASSIGNED,GF3A_DIRECTIONAL_WRITE_EXHAUSTED_PRIMALITY_UNASSIGNED,513,512,512,NO_RECORDED_FACTOR_PRP_OR_LL_RESULT_AND_NO_ACTIVE_GIMPS_ASSIGNMENT,2026-08-09T02:56:41+00:00,UNALLOCATED,,,,,
SLCMP1467-1404,1404,1405,509069227,2^509069227-1,STRUCTURAL_SCREEN_EXHAUSTED_PRIMALITY_UNASSIGNED,GF3A_DIRECTIONAL_WRITE_EXHAUSTED_PRIMALITY_UNASSIGNED,514,512,512,NO_RECORDED_FACTOR_PRP_OR_LL_RESULT_AND_NO_ACTIVE_GIMPS_ASSIGNMENT,2026-08-09T02:56:41+00:00,UNALLOCATED,,,,,
SLCMP1467-1405,1405,1406,509069279,2^509069279-1,STRUCTURAL_SCREEN_EXHAUSTED_PRIMALITY_UNASSIGNED,GF3A_DIRECTIONAL_WRITE_EXHAUSTED_PRIMALITY_UNASSIGNED,514,512,512,NO_RECORDED_FACTOR_PRP_OR_LL_RESULT_AND_NO_ACTIVE_GIMPS_ASSIGNMENT,2026-08-09T02:56:41+00:00,UNALLOCATED,,,,,
SLCMP1467-1406,1406,1407,509069311,2^509069311-1,STRUCTURAL_SCREEN_EXHAUSTED_PRIMALITY_UNASSIGNED,GF3A_DIRECTIONAL_WRITE_EXHAUSTED_PRIMALITY_UNASSIGNED,514,512,512,NO_RECORDED_FACTOR_PRP_OR_LL_RESULT_AND_NO_ACTIVE_GIMPS_ASSIGNMENT,2026-08-09T02:56:41+00:00,UNALLOCATED,,,,,
SLCMP1467-1407,1407,1408,509069317,2^509069317-1,STRUCTURAL_SCREEN_EXHAUSTED_PRIMALITY_UNASSIGNED,GF3A_DIRECTIONAL_WRITE_EXHAUSTED_PRIMALITY_UNASSIGNED,513,512,512,NO_RECORDED_FACTOR_PRP_OR_LL_RESULT_AND_NO_ACTIVE_GIMPS_ASSIGNMENT,2026-08-09T02:56:41+00:00,UNALLOCATED,,,,,
SLCMP1467-1408,1408,1409,509069329,2^509069329-1,STRUCTURAL_SCREEN_EXHAUSTED_PRIMALITY_UNASSIGNED,GF3A_DIRECTIONAL_WRITE_EXHAUSTED_PRIMALITY_UNASSIGNED,513,512,512,NO_RECORDED_FACTOR_PRP_OR_LL_RESULT_AND_NO_ACTIVE_GIMPS_ASSIGNMENT,2026-08-09T02:56:41+00:00,UNALLOCATED,,,,,
SLCMP1467-1409,1409,1410,509069381,2^509069381-1,STRUCTURAL_SCREEN_EXHAUSTED_PRIMALITY_UNASSIGNED,GF3A_DIRECTIONAL_WRITE_EXHAUSTED_PRIMALITY_UNASSIGNED,513,512,512,NO_RECORDED_FACTOR_PRP_OR_LL_RESULT_AND_NO_ACTIVE_GIMPS_ASSIGNMENT,2026-08-09T02:56:41+00:00,UNALLOCATED,,,,,
SLCMP1467-1410,1410,1411,509069401,2^509069401-1,STRUCTURAL_SCREEN_EXHAUSTED_PRIMALITY_UNASSIGNED,GF3A_DIRECTIONAL_WRITE_EXHAUSTED_PRIMALITY_UNASSIGNED,513,512,512,NO_RECORDED_FACTOR_PRP_OR_LL_RESULT_AND_NO_ACTIVE_GIMPS_ASSIGNMENT,2026-08-09T02:56:41+00:00,UNALLOCATED,,,,,
SLCMP1467-1411,1411,1412,509069423,2^509069423-1,STRUCTURAL_SCREEN_EXHAUSTED_PRIMALITY_UNASSIGNED,GF3A_DIRECTIONAL_WRITE_EXHAUSTED_PRIMALITY_UNASSIGNED,514,512,512,NO_RECORDED_FACTOR_PRP_OR_LL_RESULT_AND_NO_ACTIVE_GIMPS_ASSIGNMENT,2026-08-09T02:56:41+00:00,UNALLOCATED,,,,,
SLCMP1467-1412,1412,1413,509069581,2^509069581-1,STRUCTURAL_SCREEN_EXHAUSTED_PRIMALITY_UNASSIGNED,GF3A_DIRECTIONAL_WRITE_EXHAUSTED_PRIMALITY_UNASSIGNED,513,512,512,NO_RECORDED_FACTOR_PRP_OR_LL_RESULT_AND_NO_ACTIVE_GIMPS_ASSIGNMENT,2026-08-09T02:56:41+00:00,UNALLOCATED,,,,,
SLCMP1467-1413,1413,1414,509069623,2^509069623-1,STRUCTURAL_SCREEN_EXHAUSTED_PRIMALITY_UNASSIGNED,GF3A_DIRECTIONAL_WRITE_EXHAUSTED_PRIMALITY_UNASSIGNED,514,512,512,NO_RECORDED_FACTOR_PRP_OR_LL_RESULT_AND_NO_ACTIVE_GIMPS_ASSIGNMENT,2026-08-09T02:56:41+00:00,UNALLOCATED,,,,,
SLCMP1467-1414,1414,1415,509069719,2^509069719-1,STRUCTURAL_SCREEN_EXHAUSTED_PRIMALITY_UNASSIGNED,GF3A_DIRECTIONAL_WRITE_EXHAUSTED_PRIMALITY_UNASSIGNED,514,512,512,NO_RECORDED_FACTOR_PRP_OR_LL_RESULT_AND_NO_ACTIVE_GIMPS_ASSIGNMENT,2026-08-09T02:56:41+00:00,UNALLOCATED,,,,,
SLCMP1467-1415,1415,1416,509069753,2^509069753-1,STRUCTURAL_SCREEN_EXHAUSTED_PRIMALITY_UNASSIGNED,GF3A_DIRECTIONAL_WRITE_EXHAUSTED_PRIMALITY_UNASSIGNED,513,512,512,NO_RECORDED_FACTOR_PRP_OR_LL_RESULT_AND_NO_ACTIVE_GIMPS_ASSIGNMENT,2026-08-09T02:56:41+00:00,UNALLOCATED,,,,,
SLCMP1467-1416,1416,1417,509069779,2^509069779-1,STRUCTURAL_SCREEN_EXHAUSTED_PRIMALITY_UNASSIGNED,GF3A_DIRECTIONAL_WRITE_EXHAUSTED_PRIMALITY_UNASSIGNED,514,512,512,NO_RECORDED_FACTOR_PRP_OR_LL_RESULT_AND_NO_ACTIVE_GIMPS_ASSIGNMENT,2026-08-09T02:56:41+00:00,UNALLOCATED,,,,,
SLCMP1467-1417,1417,1418,509069797,2^509069797-1,STRUCTURAL_SCREEN_EXHAUSTED_PRIMALITY_UNASSIGNED,GF3A_DIRECTIONAL_WRITE_EXHAUSTED_PRIMALITY_UNASSIGNED,513,512,512,NO_RECORDED_FACTOR_PRP_OR_LL_RESULT_AND_NO_ACTIVE_GIMPS_ASSIGNMENT,2026-08-09T02:56:41+00:00,UNALLOCATED,,,,,
SLCMP1467-1418,1418,1419,509069849,2^509069849-1,STRUCTURAL_SCREEN_EXHAUSTED_PRIMALITY_UNASSIGNED,GF3A_DIRECTIONAL_WRITE_EXHAUSTED_PRIMALITY_UNASSIGNED,513,512,512,NO_RECORDED_FACTOR_PRP_OR_LL_RESULT_AND_NO_ACTIVE_GIMPS_ASSIGNMENT,2026-08-09T02:56:41+00:00,UNALLOCATED,,,,,
SLCMP1467-1419,1419,1420,509069927,2^509069927-1,STRUCTURAL_SCREEN_EXHAUSTED_PRIMALITY_UNASSIGNED,GF3A_DIRECTIONAL_WRITE_EXHAUSTED_PRIMALITY_UNASSIGNED,514,512,512,NO_RECORDED_FACTOR_PRP_OR_LL_RESULT_AND_NO_ACTIVE_GIMPS_ASSIGNMENT,2026-08-09T02:56:41+00:00,UNALLOCATED,,,,,
SLCMP1467-1420,1420,1421,509069993,2^509069993-1,STRUCTURAL_SCREEN_EXHAUSTED_PRIMALITY_UNASSIGNED,GF3A_DIRECTIONAL_WRITE_EXHAUSTED_PRIMALITY_UNASSIGNED,513,512,512,NO_RECORDED_FACTOR_PRP_OR_LL_RESULT_AND_NO_ACTIVE_GIMPS_ASSIGNMENT,2026-08-09T02:56:41+00:00,UNALLOCATED,,,,,
SLCMP1467-1421,1421,1422,509069999,2^509069999-1,STRUCTURAL_SCREEN_EXHAUSTED_PRIMALITY_UNASSIGNED,GF3A_DIRECTIONAL_WRITE_EXHAUSTED_PRIMALITY_UNASSIGNED,514,512,512,NO_RECORDED_FACTOR_PRP_OR_LL_RESULT_AND_NO_ACTIVE_GIMPS_ASSIGNMENT,2026-08-09T02:56:41+00:00,UNALLOCATED,,,,,
SLCMP1467-1422,1422,1423,509070007,2^509070007-1,STRUCTURAL_SCREEN_EXHAUSTED_PRIMALITY_UNASSIGNED,GF3A_DIRECTIONAL_WRITE_EXHAUSTED_PRIMALITY_UNASSIGNED,514,512,512,NO_RECORDED_FACTOR_PRP_OR_LL_RESULT_AND_NO_ACTIVE_GIMPS_ASSIGNMENT,2026-08-09T02:56:41+00:00,UNALLOCATED,,,,,
SLCMP1467-1423,1423,1424,509070043,2^509070043-1,STRUCTURAL_SCREEN_EXHAUSTED_PRIMALITY_UNASSIGNED,GF3A_DIRECTIONAL_WRITE_EXHAUSTED_PRIMALITY_UNASSIGNED,514,512,512,NO_RECORDED_FACTOR_PRP_OR_LL_RESULT_AND_NO_ACTIVE_GIMPS_ASSIGNMENT,2026-08-09T02:56:41+00:00,UNALLOCATED,,,,,
SLCMP1467-1424,1424,1425,509070073,2^509070073-1,STRUCTURAL_SCREEN_EXHAUSTED_PRIMALITY_UNASSIGNED,GF3A_DIRECTIONAL_WRITE_EXHAUSTED_PRIMALITY_UNASSIGNED,513,512,512,NO_RECORDED_FACTOR_PRP_OR_LL_RESULT_AND_NO_ACTIVE_GIMPS_ASSIGNMENT,2026-08-09T02:56:41+00:00,UNALLOCATED,,,,,
SLCMP1467-1425,1425,1426,509070091,2^509070091-1,STRUCTURAL_SCREEN_EXHAUSTED_PRIMALITY_UNASSIGNED,GF3A_DIRECTIONAL_WRITE_EXHAUSTED_PRIMALITY_UNASSIGNED,514,512,512,NO_RECORDED_FACTOR_PRP_OR_LL_RESULT_AND_NO_ACTIVE_GIMPS_ASSIGNMENT,2026-08-09T02:56:41+00:00,UNALLOCATED,,,,,
SLCMP1467-1426,1426,1427,509070131,2^509070131-1,STRUCTURAL_SCREEN_EXHAUSTED_PRIMALITY_UNASSIGNED,GF3A_DIRECTIONAL_WRITE_EXHAUSTED_PRIMALITY_UNASSIGNED,514,512,512,NO_RECORDED_FACTOR_PRP_OR_LL_RESULT_AND_NO_ACTIVE_GIMPS_ASSIGNMENT,2026-08-09T02:56:41+00:00,UNALLOCATED,,,,,
SLCMP1467-1427,1427,1428,509070137,2^509070137-1,STRUCTURAL_SCREEN_EXHAUSTED_PRIMALITY_UNASSIGNED,GF3A_DIRECTIONAL_WRITE_EXHAUSTED_PRIMALITY_UNASSIGNED,513,512,512,NO_RECORDED_FACTOR_PRP_OR_LL_RESULT_AND_NO_ACTIVE_GIMPS_ASSIGNMENT,2026-08-09T02:56:41+00:00,UNALLOCATED,,,,,
SLCMP1467-1428,1428,1429,509070179,2^509070179-1,STRUCTURAL_SCREEN_EXHAUSTED_PRIMALITY_UNASSIGNED,GF3A_DIRECTIONAL_WRITE_EXHAUSTED_PRIMALITY_UNASSIGNED,514,512,512,NO_RECORDED_FACTOR_PRP_OR_LL_RESULT_AND_NO_ACTIVE_GIMPS_ASSIGNMENT,2026-08-09T02:56:41+00:00,UNALLOCATED,,,,,
SLCMP1467-1429,1429,1430,509070197,2^509070197-1,STRUCTURAL_SCREEN_EXHAUSTED_PRIMALITY_UNASSIGNED,GF3A_DIRECTIONAL_WRITE_EXHAUSTED_PRIMALITY_UNASSIGNED,513,512,512,NO_RECORDED_FACTOR_PRP_OR_LL_RESULT_AND_NO_ACTIVE_GIMPS_ASSIGNMENT,2026-08-09T02:56:41+00:00,UNALLOCATED,,,,,
SLCMP1467-1430,1430,1431,509070329,2^509070329-1,STRUCTURAL_SCREEN_EXHAUSTED_PRIMALITY_UNASSIGNED,GF3A_DIRECTIONAL_WRITE_EXHAUSTED_PRIMALITY_UNASSIGNED,513,512,512,NO_RECORDED_FACTOR_PRP_OR_LL_RESULT_AND_NO_ACTIVE_GIMPS_ASSIGNMENT,2026-08-09T02:56:41+00:00,UNALLOCATED,,,,,
SLCMP1467-1431,1431,1432,509070407,2^509070407-1,STRUCTURAL_SCREEN_EXHAUSTED_PRIMALITY_UNASSIGNED,GF3A_DIRECTIONAL_WRITE_EXHAUSTED_PRIMALITY_UNASSIGNED,514,512,512,NO_RECORDED_FACTOR_PRP_OR_LL_RESULT_AND_NO_ACTIVE_GIMPS_ASSIGNMENT,2026-08-09T02:56:41+00:00,UNALLOCATED,,,,,
SLCMP1467-1432,1432,1433,509070409,2^509070409-1,STRUCTURAL_SCREEN_EXHAUSTED_PRIMALITY_UNASSIGNED,GF3A_DIRECTIONAL_WRITE_EXHAUSTED_PRIMALITY_UNASSIGNED,513,512,512,NO_RECORDED_FACTOR_PRP_OR_LL_RESULT_AND_NO_ACTIVE_GIMPS_ASSIGNMENT,2026-08-09T02:56:41+00:00,UNALLOCATED,,,,,
SLCMP1467-1433,1433,1434,509070413,2^509070413-1,STRUCTURAL_SCREEN_EXHAUSTED_PRIMALITY_UNASSIGNED,GF3A_DIRECTIONAL_WRITE_EXHAUSTED_PRIMALITY_UNASSIGNED,513,512,512,NO_RECORDED_FACTOR_PRP_OR_LL_RESULT_AND_NO_ACTIVE_GIMPS_ASSIGNMENT,2026-08-09T02:56:41+00:00,UNALLOCATED,,,,,
SLCMP1467-1434,1434,1435,509070433,2^509070433-1,STRUCTURAL_SCREEN_EXHAUSTED_PRIMALITY_UNASSIGNED,GF3A_DIRECTIONAL_WRITE_EXHAUSTED_PRIMALITY_UNASSIGNED,513,512,512,NO_RECORDED_FACTOR_PRP_OR_LL_RESULT_AND_NO_ACTIVE_GIMPS_ASSIGNMENT,2026-08-09T02:56:41+00:00,UNALLOCATED,,,,,
SLCMP1467-1435,1435,1436,509070461,2^509070461-1,STRUCTURAL_SCREEN_EXHAUSTED_PRIMALITY_UNASSIGNED,GF3A_DIRECTIONAL_WRITE_EXHAUSTED_PRIMALITY_UNASSIGNED,513,512,512,NO_RECORDED_FACTOR_PRP_OR_LL_RESULT_AND_NO_ACTIVE_GIMPS_ASSIGNMENT,2026-08-09T02:56:41+00:00,UNALLOCATED,,,,,
SLCMP1467-1436,1436,1437,509070469,2^509070469-1,STRUCTURAL_SCREEN_EXHAUSTED_PRIMALITY_UNASSIGNED,GF3A_DIRECTIONAL_WRITE_EXHAUSTED_PRIMALITY_UNASSIGNED,513,512,512,NO_RECORDED_FACTOR_PRP_OR_LL_RESULT_AND_NO_ACTIVE_GIMPS_ASSIGNMENT,2026-08-09T02:56:41+00:00,UNALLOCATED,,,,,
SLCMP1467-1437,1437,1438,509070481,2^509070481-1,STRUCTURAL_SCREEN_EXHAUSTED_PRIMALITY_UNASSIGNED,GF3A_DIRECTIONAL_WRITE_EXHAUSTED_PRIMALITY_UNASSIGNED,513,512,512,NO_RECORDED_FACTOR_PRP_OR_LL_RESULT_AND_NO_ACTIVE_GIMPS_ASSIGNMENT,2026-08-09T02:56:41+00:00,UNALLOCATED,,,,,
SLCMP1467-1438,1438,1439,509070493,2^509070493-1,STRUCTURAL_SCREEN_EXHAUSTED_PRIMALITY_UNASSIGNED,GF3A_DIRECTIONAL_WRITE_EXHAUSTED_PRIMALITY_UNASSIGNED,513,512,512,NO_RECORDED_FACTOR_PRP_OR_LL_RESULT_AND_NO_ACTIVE_GIMPS_ASSIGNMENT,2026-08-09T02:56:41+00:00,UNALLOCATED,,,,,
SLCMP1467-1439,1439,1440,509070509,2^509070509-1,STRUCTURAL_SCREEN_EXHAUSTED_PRIMALITY_UNASSIGNED,GF3A_DIRECTIONAL_WRITE_EXHAUSTED_PRIMALITY_UNASSIGNED,513,512,512,NO_RECORDED_FACTOR_PRP_OR_LL_RESULT_AND_NO_ACTIVE_GIMPS_ASSIGNMENT,2026-08-09T02:56:41+00:00,UNALLOCATED,,,,,
SLCMP1467-1440,1440,1441,509070539,2^509070539-1,STRUCTURAL_SCREEN_EXHAUSTED_PRIMALITY_UNASSIGNED,GF3A_DIRECTIONAL_WRITE_EXHAUSTED_PRIMALITY_UNASSIGNED,514,512,512,NO_RECORDED_FACTOR_PRP_OR_LL_RESULT_AND_NO_ACTIVE_GIMPS_ASSIGNMENT,2026-08-09T02:56:41+00:00,UNALLOCATED,,,,,
SLCMP1467-1441,1441,1442,509070631,2^509070631-1,STRUCTURAL_SCREEN_EXHAUSTED_PRIMALITY_UNASSIGNED,GF3A_DIRECTIONAL_WRITE_EXHAUSTED_PRIMALITY_UNASSIGNED,514,512,512,NO_RECORDED_FACTOR_PRP_OR_LL_RESULT_AND_NO_ACTIVE_GIMPS_ASSIGNMENT,2026-08-09T02:56:41+00:00,UNALLOCATED,,,,,
SLCMP1467-1442,1442,1443,509070733,2^509070733-1,STRUCTURAL_SCREEN_EXHAUSTED_PRIMALITY_UNASSIGNED,GF3A_DIRECTIONAL_WRITE_EXHAUSTED_PRIMALITY_UNASSIGNED,513,512,512,NO_RECORDED_FACTOR_PRP_OR_LL_RESULT_AND_NO_ACTIVE_GIMPS_ASSIGNMENT,2026-08-09T02:56:41+00:00,UNALLOCATED,,,,,
SLCMP1467-1443,1443,1444,509070791,2^509070791-1,STRUCTURAL_SCREEN_EXHAUSTED_PRIMALITY_UNASSIGNED,GF3A_DIRECTIONAL_WRITE_EXHAUSTED_PRIMALITY_UNASSIGNED,514,512,512,NO_RECORDED_FACTOR_PRP_OR_LL_RESULT_AND_NO_ACTIVE_GIMPS_ASSIGNMENT,2026-08-09T02:56:41+00:00,UNALLOCATED,,,,,
SLCMP1467-1444,1444,1445,509070811,2^509070811-1,STRUCTURAL_SCREEN_EXHAUSTED_PRIMALITY_UNASSIGNED,GF3A_DIRECTIONAL_WRITE_EXHAUSTED_PRIMALITY_UNASSIGNED,514,512,512,NO_RECORDED_FACTOR_PRP_OR_LL_RESULT_AND_NO_ACTIVE_GIMPS_ASSIGNMENT,2026-08-09T02:56:41+00:00,UNALLOCATED,,,,,
SLCMP1467-1445,1445,1446,509070917,2^509070917-1,STRUCTURAL_SCREEN_EXHAUSTED_PRIMALITY_UNASSIGNED,GF3A_DIRECTIONAL_WRITE_EXHAUSTED_PRIMALITY_UNASSIGNED,513,512,512,NO_RECORDED_FACTOR_PRP_OR_LL_RESULT_AND_NO_ACTIVE_GIMPS_ASSIGNMENT,2026-08-09T02:56:41+00:00,UNALLOCATED,,,,,
SLCMP1467-1446,1446,1447,509070949,2^509070949-1,STRUCTURAL_SCREEN_EXHAUSTED_PRIMALITY_UNASSIGNED,GF3A_DIRECTIONAL_WRITE_EXHAUSTED_PRIMALITY_UNASSIGNED,513,512,512,NO_RECORDED_FACTOR_PRP_OR_LL_RESULT_AND_NO_ACTIVE_GIMPS_ASSIGNMENT,2026-08-09T02:56:41+00:00,UNALLOCATED,,,,,
SLCMP1467-1447,1447,1448,509070973,2^509070973-1,STRUCTURAL_SCREEN_EXHAUSTED_PRIMALITY_UNASSIGNED,GF3A_DIRECTIONAL_WRITE_EXHAUSTED_PRIMALITY_UNASSIGNED,513,512,512,NO_RECORDED_FACTOR_PRP_OR_LL_RESULT_AND_NO_ACTIVE_GIMPS_ASSIGNMENT,2026-08-09T02:56:41+00:00,UNALLOCATED,,,,,
SLCMP1467-1448,1448,1449,509070979,2^509070979-1,STRUCTURAL_SCREEN_EXHAUSTED_PRIMALITY_UNASSIGNED,GF3A_DIRECTIONAL_WRITE_EXHAUSTED_PRIMALITY_UNASSIGNED,514,512,512,NO_RECORDED_FACTOR_PRP_OR_LL_RESULT_AND_NO_ACTIVE_GIMPS_ASSIGNMENT,2026-08-09T02:56:41+00:00,UNALLOCATED,,,,,
SLCMP1467-1449,1449,1450,509071063,2^509071063-1,STRUCTURAL_SCREEN_EXHAUSTED_PRIMALITY_UNASSIGNED,GF3A_DIRECTIONAL_WRITE_EXHAUSTED_PRIMALITY_UNASSIGNED,514,512,512,NO_RECORDED_FACTOR_PRP_OR_LL_RESULT_AND_NO_ACTIVE_GIMPS_ASSIGNMENT,2026-08-09T02:56:41+00:00,UNALLOCATED,,,,,
SLCMP1467-1450,1450,1451,509071111,2^509071111-1,STRUCTURAL_SCREEN_EXHAUSTED_PRIMALITY_UNASSIGNED,GF3A_DIRECTIONAL_WRITE_EXHAUSTED_PRIMALITY_UNASSIGNED,514,512,512,NO_RECORDED_FACTOR_PRP_OR_LL_RESULT_AND_NO_ACTIVE_GIMPS_ASSIGNMENT,2026-08-09T02:56:41+00:00,UNALLOCATED,,,,,
SLCMP1467-1451,1451,1452,509071117,2^509071117-1,STRUCTURAL_SCREEN_EXHAUSTED_PRIMALITY_UNASSIGNED,GF3A_DIRECTIONAL_WRITE_EXHAUSTED_PRIMALITY_UNASSIGNED,513,512,512,NO_RECORDED_FACTOR_PRP_OR_LL_RESULT_AND_NO_ACTIVE_GIMPS_ASSIGNMENT,2026-08-09T02:56:41+00:00,UNALLOCATED,,,,,
SLCMP1467-1452,1452,1453,509071127,2^509071127-1,STRUCTURAL_SCREEN_EXHAUSTED_PRIMALITY_UNASSIGNED,GF3A_DIRECTIONAL_WRITE_EXHAUSTED_PRIMALITY_UNASSIGNED,514,512,512,NO_RECORDED_FACTOR_PRP_OR_LL_RESULT_AND_NO_ACTIVE_GIMPS_ASSIGNMENT,2026-08-09T02:56:41+00:00,UNALLOCATED,,,,,
SLCMP1467-1453,1453,1454,509071139,2^509071139-1,STRUCTURAL_SCREEN_EXHAUSTED_PRIMALITY_UNASSIGNED,GF3A_DIRECTIONAL_WRITE_EXHAUSTED_PRIMALITY_UNASSIGNED,514,512,512,NO_RECORDED_FACTOR_PRP_OR_LL_RESULT_AND_NO_ACTIVE_GIMPS_ASSIGNMENT,2026-08-09T02:56:41+00:00,UNALLOCATED,,,,,
SLCMP1467-1454,1454,1455,509071153,2^509071153-1,STRUCTURAL_SCREEN_EXHAUSTED_PRIMALITY_UNASSIGNED,GF3A_DIRECTIONAL_WRITE_EXHAUSTED_PRIMALITY_UNASSIGNED,513,512,512,NO_RECORDED_FACTOR_PRP_OR_LL_RESULT_AND_NO_ACTIVE_GIMPS_ASSIGNMENT,2026-08-09T02:56:41+00:00,UNALLOCATED,,,,,
SLCMP1467-1455,1455,1456,509071187,2^509071187-1,STRUCTURAL_SCREEN_EXHAUSTED_PRIMALITY_UNASSIGNED,GF3A_DIRECTIONAL_WRITE_EXHAUSTED_PRIMALITY_UNASSIGNED,514,512,512,NO_RECORDED_FACTOR_PRP_OR_LL_RESULT_AND_NO_ACTIVE_GIMPS_ASSIGNMENT,2026-08-09T02:56:41+00:00,UNALLOCATED,,,,,
SLCMP1467-1456,1456,1457,509071193,2^509071193-1,STRUCTURAL_SCREEN_EXHAUSTED_PRIMALITY_UNASSIGNED,GF3A_DIRECTIONAL_WRITE_EXHAUSTED_PRIMALITY_UNASSIGNED,513,512,512,NO_RECORDED_FACTOR_PRP_OR_LL_RESULT_AND_NO_ACTIVE_GIMPS_ASSIGNMENT,2026-08-09T02:56:41+00:00,UNALLOCATED,,,,,
SLCMP1467-1457,1457,1458,509071219,2^509071219-1,STRUCTURAL_SCREEN_EXHAUSTED_PRIMALITY_UNASSIGNED,GF3A_DIRECTIONAL_WRITE_EXHAUSTED_PRIMALITY_UNASSIGNED,514,512,512,NO_RECORDED_FACTOR_PRP_OR_LL_RESULT_AND_NO_ACTIVE_GIMPS_ASSIGNMENT,2026-08-09T02:56:41+00:00,UNALLOCATED,,,,,
SLCMP1467-1458,1458,1459,509071319,2^509071319-1,STRUCTURAL_SCREEN_EXHAUSTED_PRIMALITY_UNASSIGNED,GF3A_DIRECTIONAL_WRITE_EXHAUSTED_PRIMALITY_UNASSIGNED,514,512,512,NO_RECORDED_FACTOR_PRP_OR_LL_RESULT_AND_NO_ACTIVE_GIMPS_ASSIGNMENT,2026-08-09T02:56:41+00:00,UNALLOCATED,,,,,
SLCMP1467-1459,1459,1460,509071373,2^509071373-1,STRUCTURAL_SCREEN_EXHAUSTED_PRIMALITY_UNASSIGNED,GF3A_DIRECTIONAL_WRITE_EXHAUSTED_PRIMALITY_UNASSIGNED,513,512,512,NO_RECORDED_FACTOR_PRP_OR_LL_RESULT_AND_NO_ACTIVE_GIMPS_ASSIGNMENT,2026-08-09T02:56:41+00:00,UNALLOCATED,,,,,
SLCMP1467-1460,1460,1461,509071399,2^509071399-1,STRUCTURAL_SCREEN_EXHAUSTED_PRIMALITY_UNASSIGNED,GF3A_DIRECTIONAL_WRITE_EXHAUSTED_PRIMALITY_UNASSIGNED,514,512,512,NO_RECORDED_FACTOR_PRP_OR_LL_RESULT_AND_NO_ACTIVE_GIMPS_ASSIGNMENT,2026-08-09T02:56:41+00:00,UNALLOCATED,,,,,
SLCMP1467-1461,1461,1462,509071421,2^509071421-1,STRUCTURAL_SCREEN_EXHAUSTED_PRIMALITY_UNASSIGNED,GF3A_DIRECTIONAL_WRITE_EXHAUSTED_PRIMALITY_UNASSIGNED,513,512,512,NO_RECORDED_FACTOR_PRP_OR_LL_RESULT_AND_NO_ACTIVE_GIMPS_ASSIGNMENT,2026-08-09T02:56:41+00:00,UNALLOCATED,,,,,
SLCMP1467-1462,1462,1463,509071573,2^509071573-1,STRUCTURAL_SCREEN_EXHAUSTED_PRIMALITY_UNASSIGNED,GF3A_DIRECTIONAL_WRITE_EXHAUSTED_PRIMALITY_UNASSIGNED,513,512,512,NO_RECORDED_FACTOR_PRP_OR_LL_RESULT_AND_NO_ACTIVE_GIMPS_ASSIGNMENT,2026-08-09T02:56:41+00:00,UNALLOCATED,,,,,
SLCMP1467-1463,1463,1464,509071583,2^509071583-1,STRUCTURAL_SCREEN_EXHAUSTED_PRIMALITY_UNASSIGNED,GF3A_DIRECTIONAL_WRITE_EXHAUSTED_PRIMALITY_UNASSIGNED,514,512,512,NO_RECORDED_FACTOR_PRP_OR_LL_RESULT_AND_NO_ACTIVE_GIMPS_ASSIGNMENT,2026-08-09T02:56:41+00:00,UNALLOCATED,,,,,
SLCMP1467-1464,1464,1465,509071601,2^509071601-1,STRUCTURAL_SCREEN_EXHAUSTED_PRIMALITY_UNASSIGNED,GF3A_DIRECTIONAL_WRITE_EXHAUSTED_PRIMALITY_UNASSIGNED,513,512,512,NO_RECORDED_FACTOR_PRP_OR_LL_RESULT_AND_NO_ACTIVE_GIMPS_ASSIGNMENT,2026-08-09T02:56:41+00:00,UNALLOCATED,,,,,
SLCMP1467-1465,1465,1466,509071609,2^509071609-1,STRUCTURAL_SCREEN_EXHAUSTED_PRIMALITY_UNASSIGNED,GF3A_DIRECTIONAL_WRITE_EXHAUSTED_PRIMALITY_UNASSIGNED,513,512,512,NO_RECORDED_FACTOR_PRP_OR_LL_RESULT_AND_NO_ACTIVE_GIMPS_ASSIGNMENT,2026-08-09T02:56:41+00:00,UNALLOCATED,,,,,
SLCMP1467-1466,1466,1467,509071649,2^509071649-1,STRUCTURAL_SCREEN_EXHAUSTED_PRIMALITY_UNASSIGNED,GF3A_DIRECTIONAL_WRITE_EXHAUSTED_PRIMALITY_UNASSIGNED,513,512,512,NO_RECORDED_FACTOR_PRP_OR_LL_RESULT_AND_NO_ACTIVE_GIMPS_ASSIGNMENT,2026-08-09T02:56:41+00:00,UNALLOCATED,,,,,
SLCMP1467-1467,1467,1468,509071669,2^509071669-1,STRUCTURAL_SCREEN_EXHAUSTED_PRIMALITY_UNASSIGNED,GF3A_DIRECTIONAL_WRITE_EXHAUSTED_PRIMALITY_UNASSIGNED,513,512,512,NO_RECORDED_FACTOR_PRP_OR_LL_RESULT_AND_NO_ACTIVE_GIMPS_ASSIGNMENT,2026-08-09T02:56:41+00:00,UNALLOCATED,,,,,
SLCMP1467-1468,1468,1469,509071687,2^509071687-1,STRUCTURAL_SCREEN_EXHAUSTED_PRIMALITY_UNASSIGNED,GF3A_DIRECTIONAL_WRITE_EXHAUSTED_PRIMALITY_UNASSIGNED,514,512,512,NO_RECORDED_FACTOR_PRP_OR_LL_RESULT_AND_NO_ACTIVE_GIMPS_ASSIGNMENT,2026-08-09T02:56:41+00:00,UNALLOCATED,,,,,
SLCMP1467-1469,1469,1470,509071799,2^509071799-1,STRUCTURAL_SCREEN_EXHAUSTED_PRIMALITY_UNASSIGNED,GF3A_DIRECTIONAL_WRITE_EXHAUSTED_PRIMALITY_UNASSIGNED,514,512,512,NO_RECORDED_FACTOR_PRP_OR_LL_RESULT_AND_NO_ACTIVE_GIMPS_ASSIGNMENT,2026-08-09T02:56:41+00:00,UNALLOCATED,,,,,
SLCMP1467-1470,1470,1471,509071879,2^509071879-1,STRUCTURAL_SCREEN_EXHAUSTED_PRIMALITY_UNASSIGNED,GF3A_DIRECTIONAL_WRITE_EXHAUSTED_PRIMALITY_UNASSIGNED,514,512,512,NO_RECORDED_FACTOR_PRP_OR_LL_RESULT_AND_NO_ACTIVE_GIMPS_ASSIGNMENT,2026-08-09T02:56:41+00:00,UNALLOCATED,,,,,
SLCMP1467-1471,1471,1472,509071889,2^509071889-1,STRUCTURAL_SCREEN_EXHAUSTED_PRIMALITY_UNASSIGNED,GF3A_DIRECTIONAL_WRITE_EXHAUSTED_PRIMALITY_UNASSIGNED,513,512,512,NO_RECORDED_FACTOR_PRP_OR_LL_RESULT_AND_NO_ACTIVE_GIMPS_ASSIGNMENT,2026-08-09T02:56:41+00:00,UNALLOCATED,,,,,
SLCMP1467-1472,1472,1473,509071933,2^509071933-1,STRUCTURAL_SCREEN_EXHAUSTED_PRIMALITY_UNASSIGNED,GF3A_DIRECTIONAL_WRITE_EXHAUSTED_PRIMALITY_UNASSIGNED,513,512,512,NO_RECORDED_FACTOR_PRP_OR_LL_RESULT_AND_NO_ACTIVE_GIMPS_ASSIGNMENT,2026-08-09T02:56:41+00:00,UNALLOCATED,,,,,
SLCMP1467-1473,1473,1474,509072063,2^509072063-1,STRUCTURAL_SCREEN_EXHAUSTED_PRIMALITY_UNASSIGNED,GF3A_DIRECTIONAL_WRITE_EXHAUSTED_PRIMALITY_UNASSIGNED,514,512,512,NO_RECORDED_FACTOR_PRP_OR_LL_RESULT_AND_NO_ACTIVE_GIMPS_ASSIGNMENT,2026-08-09T02:56:41+00:00,UNALLOCATED,,,,,
SLCMP1467-1474,1474,1475,509072077,2^509072077-1,STRUCTURAL_SCREEN_EXHAUSTED_PRIMALITY_UNASSIGNED,GF3A_DIRECTIONAL_WRITE_EXHAUSTED_PRIMALITY_UNASSIGNED,513,512,512,NO_RECORDED_FACTOR_PRP_OR_LL_RESULT_AND_NO_ACTIVE_GIMPS_ASSIGNMENT,2026-08-09T02:56:41+00:00,UNALLOCATED,,,,,
SLCMP1467-1475,1475,1476,509072101,2^509072101-1,STRUCTURAL_SCREEN_EXHAUSTED_PRIMALITY_UNASSIGNED,GF3A_DIRECTIONAL_WRITE_EXHAUSTED_PRIMALITY_UNASSIGNED,513,512,512,NO_RECORDED_FACTOR_PRP_OR_LL_RESULT_AND_NO_ACTIVE_GIMPS_ASSIGNMENT,2026-08-09T02:56:41+00:00,UNALLOCATED,,,,,
SLCMP1467-1476,1476,1477,509072269,2^509072269-1,STRUCTURAL_SCREEN_EXHAUSTED_PRIMALITY_UNASSIGNED,GF3A_DIRECTIONAL_WRITE_EXHAUSTED_PRIMALITY_UNASSIGNED,513,512,512,NO_RECORDED_FACTOR_PRP_OR_LL_RESULT_AND_NO_ACTIVE_GIMPS_ASSIGNMENT,2026-08-09T02:56:41+00:00,UNALLOCATED,,,,,
SLCMP1467-1477,1477,1478,509072329,2^509072329-1,STRUCTURAL_SCREEN_EXHAUSTED_PRIMALITY_UNASSIGNED,GF3A_DIRECTIONAL_WRITE_EXHAUSTED_PRIMALITY_UNASSIGNED,513,512,512,NO_RECORDED_FACTOR_PRP_OR_LL_RESULT_AND_NO_ACTIVE_GIMPS_ASSIGNMENT,2026-08-09T02:56:41+00:00,UNALLOCATED,,,,,
SLCMP1467-1478,1478,1479,509072371,2^509072371-1,STRUCTURAL_SCREEN_EXHAUSTED_PRIMALITY_UNASSIGNED,GF3A_DIRECTIONAL_WRITE_EXHAUSTED_PRIMALITY_UNASSIGNED,514,512,512,NO_RECORDED_FACTOR_PRP_OR_LL_RESULT_AND_NO_ACTIVE_GIMPS_ASSIGNMENT,2026-08-09T02:56:41+00:00,UNALLOCATED,,,,,
SLCMP1467-1479,1479,1480,509072423,2^509072423-1,STRUCTURAL_SCREEN_EXHAUSTED_PRIMALITY_UNASSIGNED,GF3A_DIRECTIONAL_WRITE_EXHAUSTED_PRIMALITY_UNASSIGNED,514,512,512,NO_RECORDED_FACTOR_PRP_OR_LL_RESULT_AND_NO_ACTIVE_GIMPS_ASSIGNMENT,2026-08-09T02:56:41+00:00,UNALLOCATED,,,,,
SLCMP1467-1480,1480,1481,509072503,2^509072503-1,STRUCTURAL_SCREEN_EXHAUSTED_PRIMALITY_UNASSIGNED,GF3A_DIRECTIONAL_WRITE_EXHAUSTED_PRIMALITY_UNASSIGNED,514,512,512,NO_RECORDED_FACTOR_PRP_OR_LL_RESULT_AND_NO_ACTIVE_GIMPS_ASSIGNMENT,2026-08-09T02:56:41+00:00,UNALLOCATED,,,,,
SLCMP1467-1481,1481,1482,509072533,2^509072533-1,STRUCTURAL_SCREEN_EXHAUSTED_PRIMALITY_UNASSIGNED,GF3A_DIRECTIONAL_WRITE_EXHAUSTED_PRIMALITY_UNASSIGNED,513,512,512,NO_RECORDED_FACTOR_PRP_OR_LL_RESULT_AND_NO_ACTIVE_GIMPS_ASSIGNMENT,2026-08-09T02:56:41+00:00,UNALLOCATED,,,,,
SLCMP1467-1482,1482,1483,509072549,2^509072549-1,STRUCTURAL_SCREEN_EXHAUSTED_PRIMALITY_UNASSIGNED,GF3A_DIRECTIONAL_WRITE_EXHAUSTED_PRIMALITY_UNASSIGNED,513,512,512,NO_RECORDED_FACTOR_PRP_OR_LL_RESULT_AND_NO_ACTIVE_GIMPS_ASSIGNMENT,2026-08-09T02:56:41+00:00,UNALLOCATED,,,,,
SLCMP1467-1483,1483,1484,509072563,2^509072563-1,STRUCTURAL_SCREEN_EXHAUSTED_PRIMALITY_UNASSIGNED,GF3A_DIRECTIONAL_WRITE_EXHAUSTED_PRIMALITY_UNASSIGNED,514,512,512,NO_RECORDED_FACTOR_PRP_OR_LL_RESULT_AND_NO_ACTIVE_GIMPS_ASSIGNMENT,2026-08-09T02:56:41+00:00,UNALLOCATED,,,,,
SLCMP1467-1484,1484,1485,509072981,2^509072981-1,STRUCTURAL_SCREEN_EXHAUSTED_PRIMALITY_UNASSIGNED,GF3A_DIRECTIONAL_WRITE_EXHAUSTED_PRIMALITY_UNASSIGNED,513,512,512,NO_RECORDED_FACTOR_PRP_OR_LL_RESULT_AND_NO_ACTIVE_GIMPS_ASSIGNMENT,2026-08-09T02:56:41+00:00,UNALLOCATED,,,,,
SLCMP1467-1485,1485,1486,509073013,2^509073013-1,STRUCTURAL_SCREEN_EXHAUSTED_PRIMALITY_UNASSIGNED,GF3A_DIRECTIONAL_WRITE_EXHAUSTED_PRIMALITY_UNASSIGNED,513,512,512,NO_RECORDED_FACTOR_PRP_OR_LL_RESULT_AND_NO_ACTIVE_GIMPS_ASSIGNMENT,2026-08-09T02:56:41+00:00,UNALLOCATED,,,,,
SLCMP1467-1486,1486,1487,509073073,2^509073073-1,STRUCTURAL_SCREEN_EXHAUSTED_PRIMALITY_UNASSIGNED,GF3A_DIRECTIONAL_WRITE_EXHAUSTED_PRIMALITY_UNASSIGNED,513,512,512,NO_RECORDED_FACTOR_PRP_OR_LL_RESULT_AND_NO_ACTIVE_GIMPS_ASSIGNMENT,2026-08-09T02:56:41+00:00,UNALLOCATED,,,,,
SLCMP1467-1487,1487,1488,509073133,2^509073133-1,STRUCTURAL_SCREEN_EXHAUSTED_PRIMALITY_UNASSIGNED,GF3A_DIRECTIONAL_WRITE_EXHAUSTED_PRIMALITY_UNASSIGNED,513,512,512,NO_RECORDED_FACTOR_PRP_OR_LL_RESULT_AND_NO_ACTIVE_GIMPS_ASSIGNMENT,2026-08-09T02:56:41+00:00,UNALLOCATED,,,,,
SLCMP1467-1488,1488,1489,509073139,2^509073139-1,STRUCTURAL_SCREEN_EXHAUSTED_PRIMALITY_UNASSIGNED,GF3A_DIRECTIONAL_WRITE_EXHAUSTED_PRIMALITY_UNASSIGNED,514,512,512,NO_RECORDED_FACTOR_PRP_OR_LL_RESULT_AND_NO_ACTIVE_GIMPS_ASSIGNMENT,2026-08-09T02:56:41+00:00,UNALLOCATED,,,,,
SLCMP1467-1489,1489,1490,509073157,2^509073157-1,STRUCTURAL_SCREEN_EXHAUSTED_PRIMALITY_UNASSIGNED,GF3A_DIRECTIONAL_WRITE_EXHAUSTED_PRIMALITY_UNASSIGNED,513,512,512,NO_RECORDED_FACTOR_PRP_OR_LL_RESULT_AND_NO_ACTIVE_GIMPS_ASSIGNMENT,2026-08-09T02:56:41+00:00,UNALLOCATED,,,,,
SLCMP1467-1490,1490,1491,509073161,2^509073161-1,STRUCTURAL_SCREEN_EXHAUSTED_PRIMALITY_UNASSIGNED,GF3A_DIRECTIONAL_WRITE_EXHAUSTED_PRIMALITY_UNASSIGNED,513,512,512,NO_RECORDED_FACTOR_PRP_OR_LL_RESULT_AND_NO_ACTIVE_GIMPS_ASSIGNMENT,2026-08-09T02:56:41+00:00,UNALLOCATED,,,,,
SLCMP1467-1491,1491,1492,509073197,2^509073197-1,STRUCTURAL_SCREEN_EXHAUSTED_PRIMALITY_UNASSIGNED,GF3A_DIRECTIONAL_WRITE_EXHAUSTED_PRIMALITY_UNASSIGNED,513,512,512,NO_RECORDED_FACTOR_PRP_OR_LL_RESULT_AND_NO_ACTIVE_GIMPS_ASSIGNMENT,2026-08-09T02:56:41+00:00,UNALLOCATED,,,,,
SLCMP1467-1492,1492,1493,509073199,2^509073199-1,STRUCTURAL_SCREEN_EXHAUSTED_PRIMALITY_UNASSIGNED,GF3A_DIRECTIONAL_WRITE_EXHAUSTED_PRIMALITY_UNASSIGNED,514,512,512,NO_RECORDED_FACTOR_PRP_OR_LL_RESULT_AND_NO_ACTIVE_GIMPS_ASSIGNMENT,2026-08-09T02:56:41+00:00,UNALLOCATED,,,,,
SLCMP1467-1493,1493,1494,509073377,2^509073377-1,STRUCTURAL_SCREEN_EXHAUSTED_PRIMALITY_UNASSIGNED,GF3A_DIRECTIONAL_WRITE_EXHAUSTED_PRIMALITY_UNASSIGNED,513,512,512,NO_RECORDED_FACTOR_PRP_OR_LL_RESULT_AND_NO_ACTIVE_GIMPS_ASSIGNMENT,2026-08-09T02:56:41+00:00,UNALLOCATED,,,,,
SLCMP1467-1494,1494,1495,509073463,2^509073463-1,STRUCTURAL_SCREEN_EXHAUSTED_PRIMALITY_UNASSIGNED,GF3A_DIRECTIONAL_WRITE_EXHAUSTED_PRIMALITY_UNASSIGNED,514,512,512,NO_RECORDED_FACTOR_PRP_OR_LL_RESULT_AND_NO_ACTIVE_GIMPS_ASSIGNMENT,2026-08-09T02:56:41+00:00,UNALLOCATED,,,,,
SLCMP1467-1495,1495,1496,509073547,2^509073547-1,STRUCTURAL_SCREEN_EXHAUSTED_PRIMALITY_UNASSIGNED,GF3A_DIRECTIONAL_WRITE_EXHAUSTED_PRIMALITY_UNASSIGNED,514,512,512,NO_RECORDED_FACTOR_PRP_OR_LL_RESULT_AND_NO_ACTIVE_GIMPS_ASSIGNMENT,2026-08-09T02:56:41+00:00,UNALLOCATED,,,,,
SLCMP1467-1496,1496,1497,509073577,2^509073577-1,STRUCTURAL_SCREEN_EXHAUSTED_PRIMALITY_UNASSIGNED,GF3A_DIRECTIONAL_WRITE_EXHAUSTED_PRIMALITY_UNASSIGNED,513,512,512,NO_RECORDED_FACTOR_PRP_OR_LL_RESULT_AND_NO_ACTIVE_GIMPS_ASSIGNMENT,2026-08-09T02:56:41+00:00,UNALLOCATED,,,,,
SLCMP1467-1497,1497,1498,509073629,2^509073629-1,STRUCTURAL_SCREEN_EXHAUSTED_PRIMALITY_UNASSIGNED,GF3A_DIRECTIONAL_WRITE_EXHAUSTED_PRIMALITY_UNASSIGNED,513,512,512,NO_RECORDED_FACTOR_PRP_OR_LL_RESULT_AND_NO_ACTIVE_GIMPS_ASSIGNMENT,2026-08-09T02:56:41+00:00,UNALLOCATED,,,,,
SLCMP1467-1498,1498,1499,509073737,2^509073737-1,STRUCTURAL_SCREEN_EXHAUSTED_PRIMALITY_UNASSIGNED,GF3A_DIRECTIONAL_WRITE_EXHAUSTED_PRIMALITY_UNASSIGNED,513,512,512,NO_RECORDED_FACTOR_PRP_OR_LL_RESULT_AND_NO_ACTIVE_GIMPS_ASSIGNMENT,2026-08-09T02:56:41+00:00,UNALLOCATED,,,,,
SLCMP1467-1499,1499,1500,509073769,2^509073769-1,STRUCTURAL_SCREEN_EXHAUSTED_PRIMALITY_UNASSIGNED,GF3A_DIRECTIONAL_WRITE_EXHAUSTED_PRIMALITY_UNASSIGNED,513,512,512,NO_RECORDED_FACTOR_PRP_OR_LL_RESULT_AND_NO_ACTIVE_GIMPS_ASSIGNMENT,2026-08-09T02:56:41+00:00,UNALLOCATED,,,,,
SLCMP1467-1500,1500,1501,509073827,2^509073827-1,STRUCTURAL_SCREEN_EXHAUSTED_PRIMALITY_UNASSIGNED,GF3A_DIRECTIONAL_WRITE_EXHAUSTED_PRIMALITY_UNASSIGNED,514,512,512,NO_RECORDED_FACTOR_PRP_OR_LL_RESULT_AND_NO_ACTIVE_GIMPS_ASSIGNMENT,2026-08-09T02:56:41+00:00,UNALLOCATED,,,,,
SLCMP1467-1501,1501,1502,509073841,2^509073841-1,STRUCTURAL_SCREEN_EXHAUSTED_PRIMALITY_UNASSIGNED,GF3A_DIRECTIONAL_WRITE_EXHAUSTED_PRIMALITY_UNASSIGNED,513,512,512,NO_RECORDED_FACTOR_PRP_OR_LL_RESULT_AND_NO_ACTIVE_GIMPS_ASSIGNMENT,2026-08-09T02:56:41+00:00,UNALLOCATED,,,,,
SLCMP1467-1502,1502,1503,509073871,2^509073871-1,STRUCTURAL_SCREEN_EXHAUSTED_PRIMALITY_UNASSIGNED,GF3A_DIRECTIONAL_WRITE_EXHAUSTED_PRIMALITY_UNASSIGNED,514,512,512,NO_RECORDED_FACTOR_PRP_OR_LL_RESULT_AND_NO_ACTIVE_GIMPS_ASSIGNMENT,2026-08-09T02:56:41+00:00,UNALLOCATED,,,,,
SLCMP1467-1503,1503,1504,509073883,2^509073883-1,STRUCTURAL_SCREEN_EXHAUSTED_PRIMALITY_UNASSIGNED,GF3A_DIRECTIONAL_WRITE_EXHAUSTED_PRIMALITY_UNASSIGNED,514,512,512,NO_RECORDED_FACTOR_PRP_OR_LL_RESULT_AND_NO_ACTIVE_GIMPS_ASSIGNMENT,2026-08-09T02:56:41+00:00,UNALLOCATED,,,,,
SLCMP1467-1504,1504,1505,509073907,2^509073907-1,STRUCTURAL_SCREEN_EXHAUSTED_PRIMALITY_UNASSIGNED,GF3A_DIRECTIONAL_WRITE_EXHAUSTED_PRIMALITY_UNASSIGNED,514,512,512,NO_RECORDED_FACTOR_PRP_OR_LL_RESULT_AND_NO_ACTIVE_GIMPS_ASSIGNMENT,2026-08-09T02:56:41+00:00,UNALLOCATED,,,,,
SLCMP1467-1505,1505,1506,509073923,2^509073923-1,STRUCTURAL_SCREEN_EXHAUSTED_PRIMALITY_UNASSIGNED,GF3A_DIRECTIONAL_WRITE_EXHAUSTED_PRIMALITY_UNASSIGNED,514,512,512,NO_RECORDED_FACTOR_PRP_OR_LL_RESULT_AND_NO_ACTIVE_GIMPS_ASSIGNMENT,2026-08-09T02:56:41+00:00,UNALLOCATED,,,,,
SLCMP1467-1506,1506,1507,509074043,2^509074043-1,STRUCTURAL_SCREEN_EXHAUSTED_PRIMALITY_UNASSIGNED,GF3A_DIRECTIONAL_WRITE_EXHAUSTED_PRIMALITY_UNASSIGNED,514,512,512,NO_RECORDED_FACTOR_PRP_OR_LL_RESULT_AND_NO_ACTIVE_GIMPS_ASSIGNMENT,2026-08-09T02:56:41+00:00,UNALLOCATED,,,,,
SLCMP1467-1507,1507,1508,509074067,2^509074067-1,STRUCTURAL_SCREEN_EXHAUSTED_PRIMALITY_UNASSIGNED,GF3A_DIRECTIONAL_WRITE_EXHAUSTED_PRIMALITY_UNASSIGNED,514,512,512,NO_RECORDED_FACTOR_PRP_OR_LL_RESULT_AND_NO_ACTIVE_GIMPS_ASSIGNMENT,2026-08-09T02:56:41+00:00,UNALLOCATED,,,,,
SLCMP1467-1508,1508,1509,509074147,2^509074147-1,STRUCTURAL_SCREEN_EXHAUSTED_PRIMALITY_UNASSIGNED,GF3A_DIRECTIONAL_WRITE_EXHAUSTED_PRIMALITY_UNASSIGNED,514,512,512,NO_RECORDED_FACTOR_PRP_OR_LL_RESULT_AND_NO_ACTIVE_GIMPS_ASSIGNMENT,2026-08-09T02:56:41+00:00,UNALLOCATED,,,,,
SLCMP1467-1509,1509,1510,509074199,2^509074199-1,STRUCTURAL_SCREEN_EXHAUSTED_PRIMALITY_UNASSIGNED,GF3A_DIRECTIONAL_WRITE_EXHAUSTED_PRIMALITY_UNASSIGNED,514,512,512,NO_RECORDED_FACTOR_PRP_OR_LL_RESULT_AND_NO_ACTIVE_GIMPS_ASSIGNMENT,2026-08-09T02:56:41+00:00,UNALLOCATED,,,,,
SLCMP1467-1510,1510,1511,509074261,2^509074261-1,STRUCTURAL_SCREEN_EXHAUSTED_PRIMALITY_UNASSIGNED,GF3A_DIRECTIONAL_WRITE_EXHAUSTED_PRIMALITY_UNASSIGNED,513,512,512,NO_RECORDED_FACTOR_PRP_OR_LL_RESULT_AND_NO_ACTIVE_GIMPS_ASSIGNMENT,2026-08-09T02:56:41+00:00,UNALLOCATED,,,,,
SLCMP1467-1511,1511,1512,509074339,2^509074339-1,STRUCTURAL_SCREEN_EXHAUSTED_PRIMALITY_UNASSIGNED,GF3A_DIRECTIONAL_WRITE_EXHAUSTED_PRIMALITY_UNASSIGNED,514,512,512,NO_RECORDED_FACTOR_PRP_OR_LL_RESULT_AND_NO_ACTIVE_GIMPS_ASSIGNMENT,2026-08-09T02:56:41+00:00,UNALLOCATED,,,,,
SLCMP1467-1512,1512,1513,509074373,2^509074373-1,STRUCTURAL_SCREEN_EXHAUSTED_PRIMALITY_UNASSIGNED,GF3A_DIRECTIONAL_WRITE_EXHAUSTED_PRIMALITY_UNASSIGNED,513,512,512,NO_RECORDED_FACTOR_PRP_OR_LL_RESULT_AND_NO_ACTIVE_GIMPS_ASSIGNMENT,2026-08-09T02:56:41+00:00,UNALLOCATED,,,,,
SLCMP1467-1513,1513,1514,509074403,2^509074403-1,STRUCTURAL_SCREEN_EXHAUSTED_PRIMALITY_UNASSIGNED,GF3A_DIRECTIONAL_WRITE_EXHAUSTED_PRIMALITY_UNASSIGNED,514,512,512,NO_RECORDED_FACTOR_PRP_OR_LL_RESULT_AND_NO_ACTIVE_GIMPS_ASSIGNMENT,2026-08-09T02:56:41+00:00,UNALLOCATED,,,,,
SLCMP1467-1514,1514,1515,509074427,2^509074427-1,STRUCTURAL_SCREEN_EXHAUSTED_PRIMALITY_UNASSIGNED,GF3A_DIRECTIONAL_WRITE_EXHAUSTED_PRIMALITY_UNASSIGNED,514,512,512,NO_RECORDED_FACTOR_PRP_OR_LL_RESULT_AND_NO_ACTIVE_GIMPS_ASSIGNMENT,2026-08-09T02:56:41+00:00,UNALLOCATED,,,,,
SLCMP1467-1515,1515,1516,509074459,2^509074459-1,STRUCTURAL_SCREEN_EXHAUSTED_PRIMALITY_UNASSIGNED,GF3A_DIRECTIONAL_WRITE_EXHAUSTED_PRIMALITY_UNASSIGNED,514,512,512,NO_RECORDED_FACTOR_PRP_OR_LL_RESULT_AND_NO_ACTIVE_GIMPS_ASSIGNMENT,2026-08-09T02:56:41+00:00,UNALLOCATED,,,,,
SLCMP1467-1516,1516,1517,509074609,2^509074609-1,STRUCTURAL_SCREEN_EXHAUSTED_PRIMALITY_UNASSIGNED,GF3A_DIRECTIONAL_WRITE_EXHAUSTED_PRIMALITY_UNASSIGNED,513,512,512,NO_RECORDED_FACTOR_PRP_OR_LL_RESULT_AND_NO_ACTIVE_GIMPS_ASSIGNMENT,2026-08-09T02:56:41+00:00,UNALLOCATED,,,,,
SLCMP1467-1517,1517,1518,509074633,2^509074633-1,STRUCTURAL_SCREEN_EXHAUSTED_PRIMALITY_UNASSIGNED,GF3A_DIRECTIONAL_WRITE_EXHAUSTED_PRIMALITY_UNASSIGNED,513,512,512,NO_RECORDED_FACTOR_PRP_OR_LL_RESULT_AND_NO_ACTIVE_GIMPS_ASSIGNMENT,2026-08-09T02:56:41+00:00,UNALLOCATED,,,,,
SLCMP1467-1518,1518,1519,509074667,2^509074667-1,STRUCTURAL_SCREEN_EXHAUSTED_PRIMALITY_UNASSIGNED,GF3A_DIRECTIONAL_WRITE_EXHAUSTED_PRIMALITY_UNASSIGNED,514,512,512,NO_RECORDED_FACTOR_PRP_OR_LL_RESULT_AND_NO_ACTIVE_GIMPS_ASSIGNMENT,2026-08-09T02:56:41+00:00,UNALLOCATED,,,,,
SLCMP1467-1519,1519,1520,509074691,2^509074691-1,STRUCTURAL_SCREEN_EXHAUSTED_PRIMALITY_UNASSIGNED,GF3A_DIRECTIONAL_WRITE_EXHAUSTED_PRIMALITY_UNASSIGNED,514,512,512,NO_RECORDED_FACTOR_PRP_OR_LL_RESULT_AND_NO_ACTIVE_GIMPS_ASSIGNMENT,2026-08-09T02:56:41+00:00,UNALLOCATED,,,,,
SLCMP1467-1520,1520,1521,509074703,2^509074703-1,STRUCTURAL_SCREEN_EXHAUSTED_PRIMALITY_UNASSIGNED,GF3A_DIRECTIONAL_WRITE_EXHAUSTED_PRIMALITY_UNASSIGNED,514,512,512,NO_RECORDED_FACTOR_PRP_OR_LL_RESULT_AND_NO_ACTIVE_GIMPS_ASSIGNMENT,2026-08-09T02:56:41+00:00,UNALLOCATED,,,,,
SLCMP1467-1521,1521,1522,509074711,2^509074711-1,STRUCTURAL_SCREEN_EXHAUSTED_PRIMALITY_UNASSIGNED,GF3A_DIRECTIONAL_WRITE_EXHAUSTED_PRIMALITY_UNASSIGNED,514,512,512,NO_RECORDED_FACTOR_PRP_OR_LL_RESULT_AND_NO_ACTIVE_GIMPS_ASSIGNMENT,2026-08-09T02:56:41+00:00,UNALLOCATED,,,,,
SLCMP1467-1522,1522,1523,509074859,2^509074859-1,STRUCTURAL_SCREEN_EXHAUSTED_PRIMALITY_UNASSIGNED,GF3A_DIRECTIONAL_WRITE_EXHAUSTED_PRIMALITY_UNASSIGNED,514,512,512,NO_RECORDED_FACTOR_PRP_OR_LL_RESULT_AND_NO_ACTIVE_GIMPS_ASSIGNMENT,2026-08-09T02:56:41+00:00,UNALLOCATED,,,,,
SLCMP1467-1523,1523,1524,509074861,2^509074861-1,STRUCTURAL_SCREEN_EXHAUSTED_PRIMALITY_UNASSIGNED,GF3A_DIRECTIONAL_WRITE_EXHAUSTED_PRIMALITY_UNASSIGNED,513,512,512,NO_RECORDED_FACTOR_PRP_OR_LL_RESULT_AND_NO_ACTIVE_GIMPS_ASSIGNMENT,2026-08-09T02:56:41+00:00,UNALLOCATED,,,,,
SLCMP1467-1524,1524,1525,509074873,2^509074873-1,STRUCTURAL_SCREEN_EXHAUSTED_PRIMALITY_UNASSIGNED,GF3A_DIRECTIONAL_WRITE_EXHAUSTED_PRIMALITY_UNASSIGNED,513,512,512,NO_RECORDED_FACTOR_PRP_OR_LL_RESULT_AND_NO_ACTIVE_GIMPS_ASSIGNMENT,2026-08-09T02:56:41+00:00,UNALLOCATED,,,,,
SLCMP1467-1525,1525,1526,509074879,2^509074879-1,STRUCTURAL_SCREEN_EXHAUSTED_PRIMALITY_UNASSIGNED,GF3A_DIRECTIONAL_WRITE_EXHAUSTED_PRIMALITY_UNASSIGNED,514,512,512,NO_RECORDED_FACTOR_PRP_OR_LL_RESULT_AND_NO_ACTIVE_GIMPS_ASSIGNMENT,2026-08-09T02:56:41+00:00,UNALLOCATED,,,,,
SLCMP1467-1526,1526,1527,509074883,2^509074883-1,STRUCTURAL_SCREEN_EXHAUSTED_PRIMALITY_UNASSIGNED,GF3A_DIRECTIONAL_WRITE_EXHAUSTED_PRIMALITY_UNASSIGNED,514,512,512,NO_RECORDED_FACTOR_PRP_OR_LL_RESULT_AND_NO_ACTIVE_GIMPS_ASSIGNMENT,2026-08-09T02:56:41+00:00,UNALLOCATED,,,,,
SLCMP1467-1527,1527,1528,509074949,2^509074949-1,STRUCTURAL_SCREEN_EXHAUSTED_PRIMALITY_UNASSIGNED,GF3A_DIRECTIONAL_WRITE_EXHAUSTED_PRIMALITY_UNASSIGNED,513,512,512,NO_RECORDED_FACTOR_PRP_OR_LL_RESULT_AND_NO_ACTIVE_GIMPS_ASSIGNMENT,2026-08-09T02:56:41+00:00,UNALLOCATED,,,,,
SLCMP1467-1528,1528,1529,509075003,2^509075003-1,STRUCTURAL_SCREEN_EXHAUSTED_PRIMALITY_UNASSIGNED,GF3A_DIRECTIONAL_WRITE_EXHAUSTED_PRIMALITY_UNASSIGNED,514,512,512,NO_RECORDED_FACTOR_PRP_OR_LL_RESULT_AND_NO_ACTIVE_GIMPS_ASSIGNMENT,2026-08-09T02:56:41+00:00,UNALLOCATED,,,,,
SLCMP1467-1529,1529,1530,509075027,2^509075027-1,STRUCTURAL_SCREEN_EXHAUSTED_PRIMALITY_UNASSIGNED,GF3A_DIRECTIONAL_WRITE_EXHAUSTED_PRIMALITY_UNASSIGNED,514,512,512,NO_RECORDED_FACTOR_PRP_OR_LL_RESULT_AND_NO_ACTIVE_GIMPS_ASSIGNMENT,2026-08-09T02:56:41+00:00,UNALLOCATED,,,,,
SLCMP1467-1530,1530,1531,509075089,2^509075089-1,STRUCTURAL_SCREEN_EXHAUSTED_PRIMALITY_UNASSIGNED,GF3A_DIRECTIONAL_WRITE_EXHAUSTED_PRIMALITY_UNASSIGNED,513,512,512,NO_RECORDED_FACTOR_PRP_OR_LL_RESULT_AND_NO_ACTIVE_GIMPS_ASSIGNMENT,2026-08-09T02:56:41+00:00,UNALLOCATED,,,,,
SLCMP1467-1531,1531,1532,509075111,2^509075111-1,STRUCTURAL_SCREEN_EXHAUSTED_PRIMALITY_UNASSIGNED,GF3A_DIRECTIONAL_WRITE_EXHAUSTED_PRIMALITY_UNASSIGNED,514,512,512,NO_RECORDED_FACTOR_PRP_OR_LL_RESULT_AND_NO_ACTIVE_GIMPS_ASSIGNMENT,2026-08-09T02:56:41+00:00,UNALLOCATED,,,,,
SLCMP1467-1532,1532,1533,509075173,2^509075173-1,STRUCTURAL_SCREEN_EXHAUSTED_PRIMALITY_UNASSIGNED,GF3A_DIRECTIONAL_WRITE_EXHAUSTED_PRIMALITY_UNASSIGNED,513,512,512,NO_RECORDED_FACTOR_PRP_OR_LL_RESULT_AND_NO_ACTIVE_GIMPS_ASSIGNMENT,2026-08-09T02:56:41+00:00,UNALLOCATED,,,,,
SLCMP1467-1533,1533,1534,509075191,2^509075191-1,STRUCTURAL_SCREEN_EXHAUSTED_PRIMALITY_UNASSIGNED,GF3A_DIRECTIONAL_WRITE_EXHAUSTED_PRIMALITY_UNASSIGNED,514,512,512,NO_RECORDED_FACTOR_PRP_OR_LL_RESULT_AND_NO_ACTIVE_GIMPS_ASSIGNMENT,2026-08-09T02:56:41+00:00,UNALLOCATED,,,,,
SLCMP1467-1534,1534,1535,509075201,2^509075201-1,STRUCTURAL_SCREEN_EXHAUSTED_PRIMALITY_UNASSIGNED,GF3A_DIRECTIONAL_WRITE_EXHAUSTED_PRIMALITY_UNASSIGNED,513,512,512,NO_RECORDED_FACTOR_PRP_OR_LL_RESULT_AND_NO_ACTIVE_GIMPS_ASSIGNMENT,2026-08-09T02:56:41+00:00,UNALLOCATED,,,,,
SLCMP1467-1535,1535,1536,509075221,2^509075221-1,STRUCTURAL_SCREEN_EXHAUSTED_PRIMALITY_UNASSIGNED,GF3A_DIRECTIONAL_WRITE_EXHAUSTED_PRIMALITY_UNASSIGNED,513,512,512,NO_RECORDED_FACTOR_PRP_OR_LL_RESULT_AND_NO_ACTIVE_GIMPS_ASSIGNMENT,2026-08-09T02:56:41+00:00,UNALLOCATED,,,,,
SLCMP1467-1536,1536,1537,509075263,2^509075263-1,STRUCTURAL_SCREEN_EXHAUSTED_PRIMALITY_UNASSIGNED,GF3A_DIRECTIONAL_WRITE_EXHAUSTED_PRIMALITY_UNASSIGNED,514,512,512,NO_RECORDED_FACTOR_PRP_OR_LL_RESULT_AND_NO_ACTIVE_GIMPS_ASSIGNMENT,2026-08-09T02:56:41+00:00,UNALLOCATED,,,,,
SLCMP1467-1537,1537,1538,509075279,2^509075279-1,STRUCTURAL_SCREEN_EXHAUSTED_PRIMALITY_UNASSIGNED,GF3A_DIRECTIONAL_WRITE_EXHAUSTED_PRIMALITY_UNASSIGNED,514,512,512,NO_RECORDED_FACTOR_PRP_OR_LL_RESULT_AND_NO_ACTIVE_GIMPS_ASSIGNMENT,2026-08-09T02:56:41+00:00,UNALLOCATED,,,,,
SLCMP1467-1538,1538,1539,509075339,2^509075339-1,STRUCTURAL_SCREEN_EXHAUSTED_PRIMALITY_UNASSIGNED,GF3A_DIRECTIONAL_WRITE_EXHAUSTED_PRIMALITY_UNASSIGNED,514,512,512,NO_RECORDED_FACTOR_PRP_OR_LL_RESULT_AND_NO_ACTIVE_GIMPS_ASSIGNMENT,2026-08-09T02:56:41+00:00,UNALLOCATED,,,,,
SLCMP1467-1539,1539,1540,509075401,2^509075401-1,STRUCTURAL_SCREEN_EXHAUSTED_PRIMALITY_UNASSIGNED,GF3A_DIRECTIONAL_WRITE_EXHAUSTED_PRIMALITY_UNASSIGNED,513,512,512,NO_RECORDED_FACTOR_PRP_OR_LL_RESULT_AND_NO_ACTIVE_GIMPS_ASSIGNMENT,2026-08-09T02:56:41+00:00,UNALLOCATED,,,,,
SLCMP1467-1540,1540,1541,509075443,2^509075443-1,STRUCTURAL_SCREEN_EXHAUSTED_PRIMALITY_UNASSIGNED,GF3A_DIRECTIONAL_WRITE_EXHAUSTED_PRIMALITY_UNASSIGNED,514,512,512,NO_RECORDED_FACTOR_PRP_OR_LL_RESULT_AND_NO_ACTIVE_GIMPS_ASSIGNMENT,2026-08-09T02:56:41+00:00,UNALLOCATED,,,,,
SLCMP1467-1541,1541,1542,509075449,2^509075449-1,STRUCTURAL_SCREEN_EXHAUSTED_PRIMALITY_UNASSIGNED,GF3A_DIRECTIONAL_WRITE_EXHAUSTED_PRIMALITY_UNASSIGNED,513,512,512,NO_RECORDED_FACTOR_PRP_OR_LL_RESULT_AND_NO_ACTIVE_GIMPS_ASSIGNMENT,2026-08-09T02:56:41+00:00,UNALLOCATED,,,,,
SLCMP1467-1542,1542,1543,509075533,2^509075533-1,STRUCTURAL_SCREEN_EXHAUSTED_PRIMALITY_UNASSIGNED,GF3A_DIRECTIONAL_WRITE_EXHAUSTED_PRIMALITY_UNASSIGNED,513,512,512,NO_RECORDED_FACTOR_PRP_OR_LL_RESULT_AND_NO_ACTIVE_GIMPS_ASSIGNMENT,2026-08-09T02:56:41+00:00,UNALLOCATED,,,,,
SLCMP1467-1543,1543,1544,509075549,2^509075549-1,STRUCTURAL_SCREEN_EXHAUSTED_PRIMALITY_UNASSIGNED,GF3A_DIRECTIONAL_WRITE_EXHAUSTED_PRIMALITY_UNASSIGNED,513,512,512,NO_RECORDED_FACTOR_PRP_OR_LL_RESULT_AND_NO_ACTIVE_GIMPS_ASSIGNMENT,2026-08-09T02:56:41+00:00,UNALLOCATED,,,,,
SLCMP1467-1544,1544,1545,509075551,2^509075551-1,STRUCTURAL_SCREEN_EXHAUSTED_PRIMALITY_UNASSIGNED,GF3A_DIRECTIONAL_WRITE_EXHAUSTED_PRIMALITY_UNASSIGNED,514,512,512,NO_RECORDED_FACTOR_PRP_OR_LL_RESULT_AND_NO_ACTIVE_GIMPS_ASSIGNMENT,2026-08-09T02:56:41+00:00,UNALLOCATED,,,,,
SLCMP1467-1545,1545,1546,509075597,2^509075597-1,STRUCTURAL_SCREEN_EXHAUSTED_PRIMALITY_UNASSIGNED,GF3A_DIRECTIONAL_WRITE_EXHAUSTED_PRIMALITY_UNASSIGNED,513,512,512,NO_RECORDED_FACTOR_PRP_OR_LL_RESULT_AND_NO_ACTIVE_GIMPS_ASSIGNMENT,2026-08-09T02:56:41+00:00,UNALLOCATED,,,,,
SLCMP1467-1546,1546,1547,509075729,2^509075729-1,STRUCTURAL_SCREEN_EXHAUSTED_PRIMALITY_UNASSIGNED,GF3A_DIRECTIONAL_WRITE_EXHAUSTED_PRIMALITY_UNASSIGNED,513,512,512,NO_RECORDED_FACTOR_PRP_OR_LL_RESULT_AND_NO_ACTIVE_GIMPS_ASSIGNMENT,2026-08-09T02:56:41+00:00,UNALLOCATED,,,,,
SLCMP1467-1547,1547,1548,509075741,2^509075741-1,STRUCTURAL_SCREEN_EXHAUSTED_PRIMALITY_UNASSIGNED,GF3A_DIRECTIONAL_WRITE_EXHAUSTED_PRIMALITY_UNASSIGNED,513,512,512,NO_RECORDED_FACTOR_PRP_OR_LL_RESULT_AND_NO_ACTIVE_GIMPS_ASSIGNMENT,2026-08-09T02:56:41+00:00,UNALLOCATED,,,,,
SLCMP1467-1548,1548,1549,509075779,2^509075779-1,STRUCTURAL_SCREEN_EXHAUSTED_PRIMALITY_UNASSIGNED,GF3A_DIRECTIONAL_WRITE_EXHAUSTED_PRIMALITY_UNASSIGNED,514,512,512,NO_RECORDED_FACTOR_PRP_OR_LL_RESULT_AND_NO_ACTIVE_GIMPS_ASSIGNMENT,2026-08-09T02:56:41+00:00,UNALLOCATED,,,,,
SLCMP1467-1549,1549,1550,509075789,2^509075789-1,STRUCTURAL_SCREEN_EXHAUSTED_PRIMALITY_UNASSIGNED,GF3A_DIRECTIONAL_WRITE_EXHAUSTED_PRIMALITY_UNASSIGNED,513,512,512,NO_RECORDED_FACTOR_PRP_OR_LL_RESULT_AND_NO_ACTIVE_GIMPS_ASSIGNMENT,2026-08-09T02:56:41+00:00,UNALLOCATED,,,,,
SLCMP1467-1550,1550,1551,509075843,2^509075843-1,STRUCTURAL_SCREEN_EXHAUSTED_PRIMALITY_UNASSIGNED,GF3A_DIRECTIONAL_WRITE_EXHAUSTED_PRIMALITY_UNASSIGNED,514,512,512,NO_RECORDED_FACTOR_PRP_OR_LL_RESULT_AND_NO_ACTIVE_GIMPS_ASSIGNMENT,2026-08-09T02:56:41+00:00,UNALLOCATED,,,,,
SLCMP1467-1551,1551,1552,509075909,2^509075909-1,STRUCTURAL_SCREEN_EXHAUSTED_PRIMALITY_UNASSIGNED,GF3A_DIRECTIONAL_WRITE_EXHAUSTED_PRIMALITY_UNASSIGNED,513,512,512,NO_RECORDED_FACTOR_PRP_OR_LL_RESULT_AND_NO_ACTIVE_GIMPS_ASSIGNMENT,2026-08-09T02:56:41+00:00,UNALLOCATED,,,,,
SLCMP1467-1552,1552,1553,509075969,2^509075969-1,STRUCTURAL_SCREEN_EXHAUSTED_PRIMALITY_UNASSIGNED,GF3A_DIRECTIONAL_WRITE_EXHAUSTED_PRIMALITY_UNASSIGNED,513,512,512,NO_RECORDED_FACTOR_PRP_OR_LL_RESULT_AND_NO_ACTIVE_GIMPS_ASSIGNMENT,2026-08-09T02:56:41+00:00,UNALLOCATED,,,,,
SLCMP1467-1553,1553,1554,509076133,2^509076133-1,STRUCTURAL_SCREEN_EXHAUSTED_PRIMALITY_UNASSIGNED,GF3A_DIRECTIONAL_WRITE_EXHAUSTED_PRIMALITY_UNASSIGNED,513,512,512,NO_RECORDED_FACTOR_PRP_OR_LL_RESULT_AND_NO_ACTIVE_GIMPS_ASSIGNMENT,2026-08-09T02:56:41+00:00,UNALLOCATED,,,,,
SLCMP1467-1554,1554,1555,509076149,2^509076149-1,STRUCTURAL_SCREEN_EXHAUSTED_PRIMALITY_UNASSIGNED,GF3A_DIRECTIONAL_WRITE_EXHAUSTED_PRIMALITY_UNASSIGNED,513,512,512,NO_RECORDED_FACTOR_PRP_OR_LL_RESULT_AND_NO_ACTIVE_GIMPS_ASSIGNMENT,2026-08-09T02:56:41+00:00,UNALLOCATED,,,,,
SLCMP1467-1555,1555,1556,509076263,2^509076263-1,STRUCTURAL_SCREEN_EXHAUSTED_PRIMALITY_UNASSIGNED,GF3A_DIRECTIONAL_WRITE_EXHAUSTED_PRIMALITY_UNASSIGNED,514,512,512,NO_RECORDED_FACTOR_PRP_OR_LL_RESULT_AND_NO_ACTIVE_GIMPS_ASSIGNMENT,2026-08-09T02:56:41+00:00,UNALLOCATED,,,,,
SLCMP1467-1556,1556,1557,509076487,2^509076487-1,STRUCTURAL_SCREEN_EXHAUSTED_PRIMALITY_UNASSIGNED,GF3A_DIRECTIONAL_WRITE_EXHAUSTED_PRIMALITY_UNASSIGNED,514,512,512,NO_RECORDED_FACTOR_PRP_OR_LL_RESULT_AND_NO_ACTIVE_GIMPS_ASSIGNMENT,2026-08-09T02:56:41+00:00,UNALLOCATED,,,,,
SLCMP1467-1557,1557,1558,509076493,2^509076493-1,STRUCTURAL_SCREEN_EXHAUSTED_PRIMALITY_UNASSIGNED,GF3A_DIRECTIONAL_WRITE_EXHAUSTED_PRIMALITY_UNASSIGNED,513,512,512,NO_RECORDED_FACTOR_PRP_OR_LL_RESULT_AND_NO_ACTIVE_GIMPS_ASSIGNMENT,2026-08-09T02:56:41+00:00,UNALLOCATED,,,,,
SLCMP1467-1558,1558,1559,509076499,2^509076499-1,STRUCTURAL_SCREEN_EXHAUSTED_PRIMALITY_UNASSIGNED,GF3A_DIRECTIONAL_WRITE_EXHAUSTED_PRIMALITY_UNASSIGNED,514,512,512,NO_RECORDED_FACTOR_PRP_OR_LL_RESULT_AND_NO_ACTIVE_GIMPS_ASSIGNMENT,2026-08-09T02:56:41+00:00,UNALLOCATED,,,,,
SLCMP1467-1559,1559,1560,509076619,2^509076619-1,STRUCTURAL_SCREEN_EXHAUSTED_PRIMALITY_UNASSIGNED,GF3A_DIRECTIONAL_WRITE_EXHAUSTED_PRIMALITY_UNASSIGNED,514,512,512,NO_RECORDED_FACTOR_PRP_OR_LL_RESULT_AND_NO_ACTIVE_GIMPS_ASSIGNMENT,2026-08-09T02:56:41+00:00,UNALLOCATED,,,,,
SLCMP1467-1560,1560,1561,509076691,2^509076691-1,STRUCTURAL_SCREEN_EXHAUSTED_PRIMALITY_UNASSIGNED,GF3A_DIRECTIONAL_WRITE_EXHAUSTED_PRIMALITY_UNASSIGNED,514,512,512,NO_RECORDED_FACTOR_PRP_OR_LL_RESULT_AND_NO_ACTIVE_GIMPS_ASSIGNMENT,2026-08-09T02:56:41+00:00,UNALLOCATED,,,,,
SLCMP1467-1561,1561,1562,509076803,2^509076803-1,STRUCTURAL_SCREEN_EXHAUSTED_PRIMALITY_UNASSIGNED,GF3A_DIRECTIONAL_WRITE_EXHAUSTED_PRIMALITY_UNASSIGNED,514,512,512,NO_RECORDED_FACTOR_PRP_OR_LL_RESULT_AND_NO_ACTIVE_GIMPS_ASSIGNMENT,2026-08-09T02:56:41+00:00,UNALLOCATED,,,,,
SLCMP1467-1562,1562,1563,509076829,2^509076829-1,STRUCTURAL_SCREEN_EXHAUSTED_PRIMALITY_UNASSIGNED,GF3A_DIRECTIONAL_WRITE_EXHAUSTED_PRIMALITY_UNASSIGNED,513,512,512,NO_RECORDED_FACTOR_PRP_OR_LL_RESULT_AND_NO_ACTIVE_GIMPS_ASSIGNMENT,2026-08-09T02:56:41+00:00,UNALLOCATED,,,,,
SLCMP1467-1563,1563,1564,509076853,2^509076853-1,STRUCTURAL_SCREEN_EXHAUSTED_PRIMALITY_UNASSIGNED,GF3A_DIRECTIONAL_WRITE_EXHAUSTED_PRIMALITY_UNASSIGNED,513,512,512,NO_RECORDED_FACTOR_PRP_OR_LL_RESULT_AND_NO_ACTIVE_GIMPS_ASSIGNMENT,2026-08-09T02:56:41+00:00,UNALLOCATED,,,,,
SLCMP1467-1564,1564,1565,509076907,2^509076907-1,STRUCTURAL_SCREEN_EXHAUSTED_PRIMALITY_UNASSIGNED,GF3A_DIRECTIONAL_WRITE_EXHAUSTED_PRIMALITY_UNASSIGNED,514,512,512,NO_RECORDED_FACTOR_PRP_OR_LL_RESULT_AND_NO_ACTIVE_GIMPS_ASSIGNMENT,2026-08-09T02:56:41+00:00,UNALLOCATED,,,,,
SLCMP1467-1565,1565,1566,509076913,2^509076913-1,STRUCTURAL_SCREEN_EXHAUSTED_PRIMALITY_UNASSIGNED,GF3A_DIRECTIONAL_WRITE_EXHAUSTED_PRIMALITY_UNASSIGNED,513,512,512,NO_RECORDED_FACTOR_PRP_OR_LL_RESULT_AND_NO_ACTIVE_GIMPS_ASSIGNMENT,2026-08-09T02:56:41+00:00,UNALLOCATED,,,,,
SLCMP1467-1566,1566,1567,509076977,2^509076977-1,STRUCTURAL_SCREEN_EXHAUSTED_PRIMALITY_UNASSIGNED,GF3A_DIRECTIONAL_WRITE_EXHAUSTED_PRIMALITY_UNASSIGNED,513,512,512,NO_RECORDED_FACTOR_PRP_OR_LL_RESULT_AND_NO_ACTIVE_GIMPS_ASSIGNMENT,2026-08-09T02:56:41+00:00,UNALLOCATED,,,,,
SLCMP1467-1567,1567,1568,509077001,2^509077001-1,STRUCTURAL_SCREEN_EXHAUSTED_PRIMALITY_UNASSIGNED,GF3A_DIRECTIONAL_WRITE_EXHAUSTED_PRIMALITY_UNASSIGNED,513,512,512,NO_RECORDED_FACTOR_PRP_OR_LL_RESULT_AND_NO_ACTIVE_GIMPS_ASSIGNMENT,2026-08-09T02:56:41+00:00,UNALLOCATED,,,,,
SLCMP1467-1568,1568,1569,509077103,2^509077103-1,STRUCTURAL_SCREEN_EXHAUSTED_PRIMALITY_UNASSIGNED,GF3A_DIRECTIONAL_WRITE_EXHAUSTED_PRIMALITY_UNASSIGNED,514,512,512,NO_RECORDED_FACTOR_PRP_OR_LL_RESULT_AND_NO_ACTIVE_GIMPS_ASSIGNMENT,2026-08-09T02:56:41+00:00,UNALLOCATED,,,,,
SLCMP1467-1569,1569,1570,509077123,2^509077123-1,STRUCTURAL_SCREEN_EXHAUSTED_PRIMALITY_UNASSIGNED,GF3A_DIRECTIONAL_WRITE_EXHAUSTED_PRIMALITY_UNASSIGNED,514,512,512,NO_RECORDED_FACTOR_PRP_OR_LL_RESULT_AND_NO_ACTIVE_GIMPS_ASSIGNMENT,2026-08-09T02:56:41+00:00,UNALLOCATED,,,,,
SLCMP1467-1570,1570,1571,509077157,2^509077157-1,STRUCTURAL_SCREEN_EXHAUSTED_PRIMALITY_UNASSIGNED,GF3A_DIRECTIONAL_WRITE_EXHAUSTED_PRIMALITY_UNASSIGNED,513,512,512,NO_RECORDED_FACTOR_PRP_OR_LL_RESULT_AND_NO_ACTIVE_GIMPS_ASSIGNMENT,2026-08-09T02:56:41+00:00,UNALLOCATED,,,,,
SLCMP1467-1571,1571,1572,509077181,2^509077181-1,STRUCTURAL_SCREEN_EXHAUSTED_PRIMALITY_UNASSIGNED,GF3A_DIRECTIONAL_WRITE_EXHAUSTED_PRIMALITY_UNASSIGNED,513,512,512,NO_RECORDED_FACTOR_PRP_OR_LL_RESULT_AND_NO_ACTIVE_GIMPS_ASSIGNMENT,2026-08-09T02:56:41+00:00,UNALLOCATED,,,,,
SLCMP1467-1572,1572,1573,509077183,2^509077183-1,STRUCTURAL_SCREEN_EXHAUSTED_PRIMALITY_UNASSIGNED,GF3A_DIRECTIONAL_WRITE_EXHAUSTED_PRIMALITY_UNASSIGNED,514,512,512,NO_RECORDED_FACTOR_PRP_OR_LL_RESULT_AND_NO_ACTIVE_GIMPS_ASSIGNMENT,2026-08-09T02:56:41+00:00,UNALLOCATED,,,,,
SLCMP1467-1573,1573,1574,509077267,2^509077267-1,STRUCTURAL_SCREEN_EXHAUSTED_PRIMALITY_UNASSIGNED,GF3A_DIRECTIONAL_WRITE_EXHAUSTED_PRIMALITY_UNASSIGNED,514,512,512,NO_RECORDED_FACTOR_PRP_OR_LL_RESULT_AND_NO_ACTIVE_GIMPS_ASSIGNMENT,2026-08-09T02:56:41+00:00,UNALLOCATED,,,,,
SLCMP1467-1574,1574,1575,509077369,2^509077369-1,STRUCTURAL_SCREEN_EXHAUSTED_PRIMALITY_UNASSIGNED,GF3A_DIRECTIONAL_WRITE_EXHAUSTED_PRIMALITY_UNASSIGNED,513,512,512,NO_RECORDED_FACTOR_PRP_OR_LL_RESULT_AND_NO_ACTIVE_GIMPS_ASSIGNMENT,2026-08-09T02:56:41+00:00,UNALLOCATED,,,,,
SLCMP1467-1575,1575,1576,509077433,2^509077433-1,STRUCTURAL_SCREEN_EXHAUSTED_PRIMALITY_UNASSIGNED,GF3A_DIRECTIONAL_WRITE_EXHAUSTED_PRIMALITY_UNASSIGNED,513,512,512,NO_RECORDED_FACTOR_PRP_OR_LL_RESULT_AND_NO_ACTIVE_GIMPS_ASSIGNMENT,2026-08-09T02:56:41+00:00,UNALLOCATED,,,,,
SLCMP1467-1576,1576,1577,509077489,2^509077489-1,STRUCTURAL_SCREEN_EXHAUSTED_PRIMALITY_UNASSIGNED,GF3A_DIRECTIONAL_WRITE_EXHAUSTED_PRIMALITY_UNASSIGNED,513,512,512,NO_RECORDED_FACTOR_PRP_OR_LL_RESULT_AND_NO_ACTIVE_GIMPS_ASSIGNMENT,2026-08-09T02:56:41+00:00,UNALLOCATED,,,,,
SLCMP1467-1577,1577,1578,509077519,2^509077519-1,STRUCTURAL_SCREEN_EXHAUSTED_PRIMALITY_UNASSIGNED,GF3A_DIRECTIONAL_WRITE_EXHAUSTED_PRIMALITY_UNASSIGNED,514,512,512,NO_RECORDED_FACTOR_PRP_OR_LL_RESULT_AND_NO_ACTIVE_GIMPS_ASSIGNMENT,2026-08-09T02:56:41+00:00,UNALLOCATED,,,,,
SLCMP1467-1578,1578,1579,509077693,2^509077693-1,STRUCTURAL_SCREEN_EXHAUSTED_PRIMALITY_UNASSIGNED,GF3A_DIRECTIONAL_WRITE_EXHAUSTED_PRIMALITY_UNASSIGNED,513,512,512,NO_RECORDED_FACTOR_PRP_OR_LL_RESULT_AND_NO_ACTIVE_GIMPS_ASSIGNMENT,2026-08-09T02:56:41+00:00,UNALLOCATED,,,,,
SLCMP1467-1579,1579,1580,509077703,2^509077703-1,STRUCTURAL_SCREEN_EXHAUSTED_PRIMALITY_UNASSIGNED,GF3A_DIRECTIONAL_WRITE_EXHAUSTED_PRIMALITY_UNASSIGNED,514,512,512,NO_RECORDED_FACTOR_PRP_OR_LL_RESULT_AND_NO_ACTIVE_GIMPS_ASSIGNMENT,2026-08-09T02:56:41+00:00,UNALLOCATED,,,,,
SLCMP1467-1580,1580,1581,509077841,2^509077841-1,STRUCTURAL_SCREEN_EXHAUSTED_PRIMALITY_UNASSIGNED,GF3A_DIRECTIONAL_WRITE_EXHAUSTED_PRIMALITY_UNASSIGNED,513,512,512,NO_RECORDED_FACTOR_PRP_OR_LL_RESULT_AND_NO_ACTIVE_GIMPS_ASSIGNMENT,2026-08-09T02:56:41+00:00,UNALLOCATED,,,,,
SLCMP1467-1581,1581,1582,509077871,2^509077871-1,STRUCTURAL_SCREEN_EXHAUSTED_PRIMALITY_UNASSIGNED,GF3A_DIRECTIONAL_WRITE_EXHAUSTED_PRIMALITY_UNASSIGNED,514,512,512,NO_RECORDED_FACTOR_PRP_OR_LL_RESULT_AND_NO_ACTIVE_GIMPS_ASSIGNMENT,2026-08-09T02:56:41+00:00,UNALLOCATED,,,,,
SLCMP1467-1582,1582,1583,509077999,2^509077999-1,STRUCTURAL_SCREEN_EXHAUSTED_PRIMALITY_UNASSIGNED,GF3A_DIRECTIONAL_WRITE_EXHAUSTED_PRIMALITY_UNASSIGNED,514,512,512,NO_RECORDED_FACTOR_PRP_OR_LL_RESULT_AND_NO_ACTIVE_GIMPS_ASSIGNMENT,2026-08-09T02:56:41+00:00,UNALLOCATED,,,,,
SLCMP1467-1583,1583,1584,509078081,2^509078081-1,STRUCTURAL_SCREEN_EXHAUSTED_PRIMALITY_UNASSIGNED,GF3A_DIRECTIONAL_WRITE_EXHAUSTED_PRIMALITY_UNASSIGNED,513,512,512,NO_RECORDED_FACTOR_PRP_OR_LL_RESULT_AND_NO_ACTIVE_GIMPS_ASSIGNMENT,2026-08-09T02:56:41+00:00,UNALLOCATED,,,,,
SLCMP1467-1584,1584,1585,509078083,2^509078083-1,STRUCTURAL_SCREEN_EXHAUSTED_PRIMALITY_UNASSIGNED,GF3A_DIRECTIONAL_WRITE_EXHAUSTED_PRIMALITY_UNASSIGNED,514,512,512,NO_RECORDED_FACTOR_PRP_OR_LL_RESULT_AND_NO_ACTIVE_GIMPS_ASSIGNMENT,2026-08-09T02:56:41+00:00,UNALLOCATED,,,,,
SLCMP1467-1585,1585,1586,509078149,2^509078149-1,STRUCTURAL_SCREEN_EXHAUSTED_PRIMALITY_UNASSIGNED,GF3A_DIRECTIONAL_WRITE_EXHAUSTED_PRIMALITY_UNASSIGNED,513,512,512,NO_RECORDED_FACTOR_PRP_OR_LL_RESULT_AND_NO_ACTIVE_GIMPS_ASSIGNMENT,2026-08-09T02:56:41+00:00,UNALLOCATED,,,,,
SLCMP1467-1586,1586,1587,509078179,2^509078179-1,STRUCTURAL_SCREEN_EXHAUSTED_PRIMALITY_UNASSIGNED,GF3A_DIRECTIONAL_WRITE_EXHAUSTED_PRIMALITY_UNASSIGNED,514,512,512,NO_RECORDED_FACTOR_PRP_OR_LL_RESULT_AND_NO_ACTIVE_GIMPS_ASSIGNMENT,2026-08-09T02:56:41+00:00,UNALLOCATED,,,,,
SLCMP1467-1587,1587,1588,509078237,2^509078237-1,STRUCTURAL_SCREEN_EXHAUSTED_PRIMALITY_UNASSIGNED,GF3A_DIRECTIONAL_WRITE_EXHAUSTED_PRIMALITY_UNASSIGNED,513,512,512,NO_RECORDED_FACTOR_PRP_OR_LL_RESULT_AND_NO_ACTIVE_GIMPS_ASSIGNMENT,2026-08-09T02:56:41+00:00,UNALLOCATED,,,,,
SLCMP1467-1588,1588,1589,509078257,2^509078257-1,STRUCTURAL_SCREEN_EXHAUSTED_PRIMALITY_UNASSIGNED,GF3A_DIRECTIONAL_WRITE_EXHAUSTED_PRIMALITY_UNASSIGNED,513,512,512,NO_RECORDED_FACTOR_PRP_OR_LL_RESULT_AND_NO_ACTIVE_GIMPS_ASSIGNMENT,2026-08-09T02:56:41+00:00,UNALLOCATED,,,,,
SLCMP1467-1589,1589,1590,509078299,2^509078299-1,STRUCTURAL_SCREEN_EXHAUSTED_PRIMALITY_UNASSIGNED,GF3A_DIRECTIONAL_WRITE_EXHAUSTED_PRIMALITY_UNASSIGNED,514,512,512,NO_RECORDED_FACTOR_PRP_OR_LL_RESULT_AND_NO_ACTIVE_GIMPS_ASSIGNMENT,2026-08-09T02:56:41+00:00,UNALLOCATED,,,,,
SLCMP1467-1590,1590,1591,509078321,2^509078321-1,STRUCTURAL_SCREEN_EXHAUSTED_PRIMALITY_UNASSIGNED,GF3A_DIRECTIONAL_WRITE_EXHAUSTED_PRIMALITY_UNASSIGNED,513,512,512,NO_RECORDED_FACTOR_PRP_OR_LL_RESULT_AND_NO_ACTIVE_GIMPS_ASSIGNMENT,2026-08-09T02:56:41+00:00,UNALLOCATED,,,,,
SLCMP1467-1591,1591,1592,509078377,2^509078377-1,STRUCTURAL_SCREEN_EXHAUSTED_PRIMALITY_UNASSIGNED,GF3A_DIRECTIONAL_WRITE_EXHAUSTED_PRIMALITY_UNASSIGNED,513,512,512,NO_RECORDED_FACTOR_PRP_OR_LL_RESULT_AND_NO_ACTIVE_GIMPS_ASSIGNMENT,2026-08-09T02:56:41+00:00,UNALLOCATED,,,,,
SLCMP1467-1592,1592,1593,509078429,2^509078429-1,STRUCTURAL_SCREEN_EXHAUSTED_PRIMALITY_UNASSIGNED,GF3A_DIRECTIONAL_WRITE_EXHAUSTED_PRIMALITY_UNASSIGNED,513,512,512,NO_RECORDED_FACTOR_PRP_OR_LL_RESULT_AND_NO_ACTIVE_GIMPS_ASSIGNMENT,2026-08-09T02:56:41+00:00,UNALLOCATED,,,,,
SLCMP1467-1593,1593,1594,509078431,2^509078431-1,STRUCTURAL_SCREEN_EXHAUSTED_PRIMALITY_UNASSIGNED,GF3A_DIRECTIONAL_WRITE_EXHAUSTED_PRIMALITY_UNASSIGNED,514,512,512,NO_RECORDED_FACTOR_PRP_OR_LL_RESULT_AND_NO_ACTIVE_GIMPS_ASSIGNMENT,2026-08-09T02:56:41+00:00,UNALLOCATED,,,,,
SLCMP1467-1594,1594,1595,509078513,2^509078513-1,STRUCTURAL_SCREEN_EXHAUSTED_PRIMALITY_UNASSIGNED,GF3A_DIRECTIONAL_WRITE_EXHAUSTED_PRIMALITY_UNASSIGNED,513,512,512,NO_RECORDED_FACTOR_PRP_OR_LL_RESULT_AND_NO_ACTIVE_GIMPS_ASSIGNMENT,2026-08-09T02:56:41+00:00,UNALLOCATED,,,,,
SLCMP1467-1595,1595,1596,509078561,2^509078561-1,STRUCTURAL_SCREEN_EXHAUSTED_PRIMALITY_UNASSIGNED,GF3A_DIRECTIONAL_WRITE_EXHAUSTED_PRIMALITY_UNASSIGNED,513,512,512,NO_RECORDED_FACTOR_PRP_OR_LL_RESULT_AND_NO_ACTIVE_GIMPS_ASSIGNMENT,2026-08-09T02:56:41+00:00,UNALLOCATED,,,,,
SLCMP1467-1596,1596,1597,509078579,2^509078579-1,STRUCTURAL_SCREEN_EXHAUSTED_PRIMALITY_UNASSIGNED,GF3A_DIRECTIONAL_WRITE_EXHAUSTED_PRIMALITY_UNASSIGNED,514,512,512,NO_RECORDED_FACTOR_PRP_OR_LL_RESULT_AND_NO_ACTIVE_GIMPS_ASSIGNMENT,2026-08-09T02:56:41+00:00,UNALLOCATED,,,,,
SLCMP1467-1597,1597,1598,509078593,2^509078593-1,STRUCTURAL_SCREEN_EXHAUSTED_PRIMALITY_UNASSIGNED,GF3A_DIRECTIONAL_WRITE_EXHAUSTED_PRIMALITY_UNASSIGNED,513,512,512,NO_RECORDED_FACTOR_PRP_OR_LL_RESULT_AND_NO_ACTIVE_GIMPS_ASSIGNMENT,2026-08-09T02:56:41+00:00,UNALLOCATED,,,,,
SLCMP1467-1598,1598,1599,509078701,2^509078701-1,STRUCTURAL_SCREEN_EXHAUSTED_PRIMALITY_UNASSIGNED,GF3A_DIRECTIONAL_WRITE_EXHAUSTED_PRIMALITY_UNASSIGNED,513,512,512,NO_RECORDED_FACTOR_PRP_OR_LL_RESULT_AND_NO_ACTIVE_GIMPS_ASSIGNMENT,2026-08-09T02:56:41+00:00,UNALLOCATED,,,,,
SLCMP1467-1599,1599,1600,509078747,2^509078747-1,STRUCTURAL_SCREEN_EXHAUSTED_PRIMALITY_UNASSIGNED,GF3A_DIRECTIONAL_WRITE_EXHAUSTED_PRIMALITY_UNASSIGNED,514,512,512,NO_RECORDED_FACTOR_PRP_OR_LL_RESULT_AND_NO_ACTIVE_GIMPS_ASSIGNMENT,2026-08-09T02:56:41+00:00,UNALLOCATED,,,,,
SLCMP1467-1600,1600,1601,509078777,2^509078777-1,STRUCTURAL_SCREEN_EXHAUSTED_PRIMALITY_UNASSIGNED,GF3A_DIRECTIONAL_WRITE_EXHAUSTED_PRIMALITY_UNASSIGNED,513,512,512,NO_RECORDED_FACTOR_PRP_OR_LL_RESULT_AND_NO_ACTIVE_GIMPS_ASSIGNMENT,2026-08-09T02:56:41+00:00,UNALLOCATED,,,,,
SLCMP1467-1601,1601,1602,509078783,2^509078783-1,STRUCTURAL_SCREEN_EXHAUSTED_PRIMALITY_UNASSIGNED,GF3A_DIRECTIONAL_WRITE_EXHAUSTED_PRIMALITY_UNASSIGNED,514,512,512,NO_RECORDED_FACTOR_PRP_OR_LL_RESULT_AND_NO_ACTIVE_GIMPS_ASSIGNMENT,2026-08-09T02:56:41+00:00,UNALLOCATED,,,,,
SLCMP1467-1602,1602,1603,509078809,2^509078809-1,STRUCTURAL_SCREEN_EXHAUSTED_PRIMALITY_UNASSIGNED,GF3A_DIRECTIONAL_WRITE_EXHAUSTED_PRIMALITY_UNASSIGNED,513,512,512,NO_RECORDED_FACTOR_PRP_OR_LL_RESULT_AND_NO_ACTIVE_GIMPS_ASSIGNMENT,2026-08-09T02:56:41+00:00,UNALLOCATED,,,,,
SLCMP1467-1603,1603,1604,509078903,2^509078903-1,STRUCTURAL_SCREEN_EXHAUSTED_PRIMALITY_UNASSIGNED,GF3A_DIRECTIONAL_WRITE_EXHAUSTED_PRIMALITY_UNASSIGNED,514,512,512,NO_RECORDED_FACTOR_PRP_OR_LL_RESULT_AND_NO_ACTIVE_GIMPS_ASSIGNMENT,2026-08-09T02:56:41+00:00,UNALLOCATED,,,,,
SLCMP1467-1604,1604,1605,509079031,2^509079031-1,STRUCTURAL_SCREEN_EXHAUSTED_PRIMALITY_UNASSIGNED,GF3A_DIRECTIONAL_WRITE_EXHAUSTED_PRIMALITY_UNASSIGNED,514,512,512,NO_RECORDED_FACTOR_PRP_OR_LL_RESULT_AND_NO_ACTIVE_GIMPS_ASSIGNMENT,2026-08-09T02:56:41+00:00,UNALLOCATED,,,,,
SLCMP1467-1605,1605,1606,509079121,2^509079121-1,STRUCTURAL_SCREEN_EXHAUSTED_PRIMALITY_UNASSIGNED,GF3A_DIRECTIONAL_WRITE_EXHAUSTED_PRIMALITY_UNASSIGNED,513,512,512,NO_RECORDED_FACTOR_PRP_OR_LL_RESULT_AND_NO_ACTIVE_GIMPS_ASSIGNMENT,2026-08-09T02:56:41+00:00,UNALLOCATED,,,,,
SLCMP1467-1606,1606,1607,509079133,2^509079133-1,STRUCTURAL_SCREEN_EXHAUSTED_PRIMALITY_UNASSIGNED,GF3A_DIRECTIONAL_WRITE_EXHAUSTED_PRIMALITY_UNASSIGNED,513,512,512,NO_RECORDED_FACTOR_PRP_OR_LL_RESULT_AND_NO_ACTIVE_GIMPS_ASSIGNMENT,2026-08-09T02:56:41+00:00,UNALLOCATED,,,,,
SLCMP1467-1607,1607,1608,509079269,2^509079269-1,STRUCTURAL_SCREEN_EXHAUSTED_PRIMALITY_UNASSIGNED,GF3A_DIRECTIONAL_WRITE_EXHAUSTED_PRIMALITY_UNASSIGNED,513,512,512,NO_RECORDED_FACTOR_PRP_OR_LL_RESULT_AND_NO_ACTIVE_GIMPS_ASSIGNMENT,2026-08-09T02:56:41+00:00,UNALLOCATED,,,,,
SLCMP1467-1608,1608,1609,509079271,2^509079271-1,STRUCTURAL_SCREEN_EXHAUSTED_PRIMALITY_UNASSIGNED,GF3A_DIRECTIONAL_WRITE_EXHAUSTED_PRIMALITY_UNASSIGNED,514,512,512,NO_RECORDED_FACTOR_PRP_OR_LL_RESULT_AND_NO_ACTIVE_GIMPS_ASSIGNMENT,2026-08-09T02:56:41+00:00,UNALLOCATED,,,,,
SLCMP1467-1609,1609,1610,509079449,2^509079449-1,STRUCTURAL_SCREEN_EXHAUSTED_PRIMALITY_UNASSIGNED,GF3A_DIRECTIONAL_WRITE_EXHAUSTED_PRIMALITY_UNASSIGNED,513,512,512,NO_RECORDED_FACTOR_PRP_OR_LL_RESULT_AND_NO_ACTIVE_GIMPS_ASSIGNMENT,2026-08-09T02:56:41+00:00,UNALLOCATED,,,,,
SLCMP1467-1610,1610,1611,509079479,2^509079479-1,STRUCTURAL_SCREEN_EXHAUSTED_PRIMALITY_UNASSIGNED,GF3A_DIRECTIONAL_WRITE_EXHAUSTED_PRIMALITY_UNASSIGNED,514,512,512,NO_RECORDED_FACTOR_PRP_OR_LL_RESULT_AND_NO_ACTIVE_GIMPS_ASSIGNMENT,2026-08-09T02:56:41+00:00,UNALLOCATED,,,,,
SLCMP1467-1611,1611,1612,509079499,2^509079499-1,STRUCTURAL_SCREEN_EXHAUSTED_PRIMALITY_UNASSIGNED,GF3A_DIRECTIONAL_WRITE_EXHAUSTED_PRIMALITY_UNASSIGNED,514,512,512,NO_RECORDED_FACTOR_PRP_OR_LL_RESULT_AND_NO_ACTIVE_GIMPS_ASSIGNMENT,2026-08-09T02:56:41+00:00,UNALLOCATED,,,,,
SLCMP1467-1612,1612,1613,509079511,2^509079511-1,STRUCTURAL_SCREEN_EXHAUSTED_PRIMALITY_UNASSIGNED,GF3A_DIRECTIONAL_WRITE_EXHAUSTED_PRIMALITY_UNASSIGNED,514,512,512,NO_RECORDED_FACTOR_PRP_OR_LL_RESULT_AND_NO_ACTIVE_GIMPS_ASSIGNMENT,2026-08-09T02:56:41+00:00,UNALLOCATED,,,,,
SLCMP1467-1613,1613,1614,509079563,2^509079563-1,STRUCTURAL_SCREEN_EXHAUSTED_PRIMALITY_UNASSIGNED,GF3A_DIRECTIONAL_WRITE_EXHAUSTED_PRIMALITY_UNASSIGNED,514,512,512,NO_RECORDED_FACTOR_PRP_OR_LL_RESULT_AND_NO_ACTIVE_GIMPS_ASSIGNMENT,2026-08-09T02:56:41+00:00,UNALLOCATED,,,,,
SLCMP1467-1614,1614,1615,509079719,2^509079719-1,STRUCTURAL_SCREEN_EXHAUSTED_PRIMALITY_UNASSIGNED,GF3A_DIRECTIONAL_WRITE_EXHAUSTED_PRIMALITY_UNASSIGNED,514,512,512,NO_RECORDED_FACTOR_PRP_OR_LL_RESULT_AND_NO_ACTIVE_GIMPS_ASSIGNMENT,2026-08-09T02:56:41+00:00,UNALLOCATED,,,,,
SLCMP1467-1615,1615,1616,509079721,2^509079721-1,STRUCTURAL_SCREEN_EXHAUSTED_PRIMALITY_UNASSIGNED,GF3A_DIRECTIONAL_WRITE_EXHAUSTED_PRIMALITY_UNASSIGNED,513,512,512,NO_RECORDED_FACTOR_PRP_OR_LL_RESULT_AND_NO_ACTIVE_GIMPS_ASSIGNMENT,2026-08-09T02:56:41+00:00,UNALLOCATED,,,,,
SLCMP1467-1616,1616,1617,509079743,2^509079743-1,STRUCTURAL_SCREEN_EXHAUSTED_PRIMALITY_UNASSIGNED,GF3A_DIRECTIONAL_WRITE_EXHAUSTED_PRIMALITY_UNASSIGNED,514,512,512,NO_RECORDED_FACTOR_PRP_OR_LL_RESULT_AND_NO_ACTIVE_GIMPS_ASSIGNMENT,2026-08-09T02:56:41+00:00,UNALLOCATED,,,,,
SLCMP1467-1617,1617,1618,509079751,2^509079751-1,STRUCTURAL_SCREEN_EXHAUSTED_PRIMALITY_UNASSIGNED,GF3A_DIRECTIONAL_WRITE_EXHAUSTED_PRIMALITY_UNASSIGNED,514,512,512,NO_RECORDED_FACTOR_PRP_OR_LL_RESULT_AND_NO_ACTIVE_GIMPS_ASSIGNMENT,2026-08-09T02:56:41+00:00,UNALLOCATED,,,,,
SLCMP1467-1618,1618,1619,509079817,2^509079817-1,STRUCTURAL_SCREEN_EXHAUSTED_PRIMALITY_UNASSIGNED,GF3A_DIRECTIONAL_WRITE_EXHAUSTED_PRIMALITY_UNASSIGNED,513,512,512,NO_RECORDED_FACTOR_PRP_OR_LL_RESULT_AND_NO_ACTIVE_GIMPS_ASSIGNMENT,2026-08-09T02:56:41+00:00,UNALLOCATED,,,,,
SLCMP1467-1619,1619,1620,509079829,2^509079829-1,STRUCTURAL_SCREEN_EXHAUSTED_PRIMALITY_UNASSIGNED,GF3A_DIRECTIONAL_WRITE_EXHAUSTED_PRIMALITY_UNASSIGNED,513,512,512,NO_RECORDED_FACTOR_PRP_OR_LL_RESULT_AND_NO_ACTIVE_GIMPS_ASSIGNMENT,2026-08-09T02:56:41+00:00,UNALLOCATED,,,,,
SLCMP1467-1620,1620,1621,509079853,2^509079853-1,STRUCTURAL_SCREEN_EXHAUSTED_PRIMALITY_UNASSIGNED,GF3A_DIRECTIONAL_WRITE_EXHAUSTED_PRIMALITY_UNASSIGNED,513,512,512,NO_RECORDED_FACTOR_PRP_OR_LL_RESULT_AND_NO_ACTIVE_GIMPS_ASSIGNMENT,2026-08-09T02:56:41+00:00,UNALLOCATED,,,,,
SLCMP1467-1621,1621,1622,509079899,2^509079899-1,STRUCTURAL_SCREEN_EXHAUSTED_PRIMALITY_UNASSIGNED,GF3A_DIRECTIONAL_WRITE_EXHAUSTED_PRIMALITY_UNASSIGNED,514,512,512,NO_RECORDED_FACTOR_PRP_OR_LL_RESULT_AND_NO_ACTIVE_GIMPS_ASSIGNMENT,2026-08-09T02:56:41+00:00,UNALLOCATED,,,,,
SLCMP1467-1622,1622,1623,509079931,2^509079931-1,STRUCTURAL_SCREEN_EXHAUSTED_PRIMALITY_UNASSIGNED,GF3A_DIRECTIONAL_WRITE_EXHAUSTED_PRIMALITY_UNASSIGNED,514,512,512,NO_RECORDED_FACTOR_PRP_OR_LL_RESULT_AND_NO_ACTIVE_GIMPS_ASSIGNMENT,2026-08-09T02:56:41+00:00,UNALLOCATED,,,,,
SLCMP1467-1623,1623,1624,509079937,2^509079937-1,STRUCTURAL_SCREEN_EXHAUSTED_PRIMALITY_UNASSIGNED,GF3A_DIRECTIONAL_WRITE_EXHAUSTED_PRIMALITY_UNASSIGNED,513,512,512,NO_RECORDED_FACTOR_PRP_OR_LL_RESULT_AND_NO_ACTIVE_GIMPS_ASSIGNMENT,2026-08-09T02:56:41+00:00,UNALLOCATED,,,,,
SLCMP1467-1624,1624,1625,509079941,2^509079941-1,STRUCTURAL_SCREEN_EXHAUSTED_PRIMALITY_UNASSIGNED,GF3A_DIRECTIONAL_WRITE_EXHAUSTED_PRIMALITY_UNASSIGNED,513,512,512,NO_RECORDED_FACTOR_PRP_OR_LL_RESULT_AND_NO_ACTIVE_GIMPS_ASSIGNMENT,2026-08-09T02:56:41+00:00,UNALLOCATED,,,,,
SLCMP1467-1625,1625,1626,509080063,2^509080063-1,STRUCTURAL_SCREEN_EXHAUSTED_PRIMALITY_UNASSIGNED,GF3A_DIRECTIONAL_WRITE_EXHAUSTED_PRIMALITY_UNASSIGNED,514,512,512,NO_RECORDED_FACTOR_PRP_OR_LL_RESULT_AND_NO_ACTIVE_GIMPS_ASSIGNMENT,2026-08-09T02:56:41+00:00,UNALLOCATED,,,,,
SLCMP1467-1626,1626,1627,509080217,2^509080217-1,STRUCTURAL_SCREEN_EXHAUSTED_PRIMALITY_UNASSIGNED,GF3A_DIRECTIONAL_WRITE_EXHAUSTED_PRIMALITY_UNASSIGNED,513,512,512,NO_RECORDED_FACTOR_PRP_OR_LL_RESULT_AND_NO_ACTIVE_GIMPS_ASSIGNMENT,2026-08-09T02:56:41+00:00,UNALLOCATED,,,,,
SLCMP1467-1627,1627,1628,509080223,2^509080223-1,STRUCTURAL_SCREEN_EXHAUSTED_PRIMALITY_UNASSIGNED,GF3A_DIRECTIONAL_WRITE_EXHAUSTED_PRIMALITY_UNASSIGNED,514,512,512,NO_RECORDED_FACTOR_PRP_OR_LL_RESULT_AND_NO_ACTIVE_GIMPS_ASSIGNMENT,2026-08-09T02:56:41+00:00,UNALLOCATED,,,,,
SLCMP1467-1628,1628,1629,509080303,2^509080303-1,STRUCTURAL_SCREEN_EXHAUSTED_PRIMALITY_UNASSIGNED,GF3A_DIRECTIONAL_WRITE_EXHAUSTED_PRIMALITY_UNASSIGNED,514,512,512,NO_RECORDED_FACTOR_PRP_OR_LL_RESULT_AND_NO_ACTIVE_GIMPS_ASSIGNMENT,2026-08-09T02:56:41+00:00,UNALLOCATED,,,,,
SLCMP1467-1629,1629,1630,509080349,2^509080349-1,STRUCTURAL_SCREEN_EXHAUSTED_PRIMALITY_UNASSIGNED,GF3A_DIRECTIONAL_WRITE_EXHAUSTED_PRIMALITY_UNASSIGNED,513,512,512,NO_RECORDED_FACTOR_PRP_OR_LL_RESULT_AND_NO_ACTIVE_GIMPS_ASSIGNMENT,2026-08-09T02:56:41+00:00,UNALLOCATED,,,,,
SLCMP1467-1630,1630,1631,509080361,2^509080361-1,STRUCTURAL_SCREEN_EXHAUSTED_PRIMALITY_UNASSIGNED,GF3A_DIRECTIONAL_WRITE_EXHAUSTED_PRIMALITY_UNASSIGNED,513,512,512,NO_RECORDED_FACTOR_PRP_OR_LL_RESULT_AND_NO_ACTIVE_GIMPS_ASSIGNMENT,2026-08-09T02:56:41+00:00,UNALLOCATED,,,,,
SLCMP1467-1631,1631,1632,509080463,2^509080463-1,STRUCTURAL_SCREEN_EXHAUSTED_PRIMALITY_UNASSIGNED,GF3A_DIRECTIONAL_WRITE_EXHAUSTED_PRIMALITY_UNASSIGNED,514,512,512,NO_RECORDED_FACTOR_PRP_OR_LL_RESULT_AND_NO_ACTIVE_GIMPS_ASSIGNMENT,2026-08-09T02:56:41+00:00,UNALLOCATED,,,,,
SLCMP1467-1632,1632,1633,509080571,2^509080571-1,STRUCTURAL_SCREEN_EXHAUSTED_PRIMALITY_UNASSIGNED,GF3A_DIRECTIONAL_WRITE_EXHAUSTED_PRIMALITY_UNASSIGNED,514,512,512,NO_RECORDED_FACTOR_PRP_OR_LL_RESULT_AND_NO_ACTIVE_GIMPS_ASSIGNMENT,2026-08-09T02:56:41+00:00,UNALLOCATED,,,,,
SLCMP1467-1633,1633,1634,509080591,2^509080591-1,STRUCTURAL_SCREEN_EXHAUSTED_PRIMALITY_UNASSIGNED,GF3A_DIRECTIONAL_WRITE_EXHAUSTED_PRIMALITY_UNASSIGNED,514,512,512,NO_RECORDED_FACTOR_PRP_OR_LL_RESULT_AND_NO_ACTIVE_GIMPS_ASSIGNMENT,2026-08-09T02:56:41+00:00,UNALLOCATED,,,,,
SLCMP1467-1634,1634,1635,509080709,2^509080709-1,STRUCTURAL_SCREEN_EXHAUSTED_PRIMALITY_UNASSIGNED,GF3A_DIRECTIONAL_WRITE_EXHAUSTED_PRIMALITY_UNASSIGNED,513,512,512,NO_RECORDED_FACTOR_PRP_OR_LL_RESULT_AND_NO_ACTIVE_GIMPS_ASSIGNMENT,2026-08-09T02:56:41+00:00,UNALLOCATED,,,,,
SLCMP1467-1635,1635,1636,509080717,2^509080717-1,STRUCTURAL_SCREEN_EXHAUSTED_PRIMALITY_UNASSIGNED,GF3A_DIRECTIONAL_WRITE_EXHAUSTED_PRIMALITY_UNASSIGNED,513,512,512,NO_RECORDED_FACTOR_PRP_OR_LL_RESULT_AND_NO_ACTIVE_GIMPS_ASSIGNMENT,2026-08-09T02:56:41+00:00,UNALLOCATED,,,,,
SLCMP1467-1636,1636,1637,509080771,2^509080771-1,STRUCTURAL_SCREEN_EXHAUSTED_PRIMALITY_UNASSIGNED,GF3A_DIRECTIONAL_WRITE_EXHAUSTED_PRIMALITY_UNASSIGNED,514,512,512,NO_RECORDED_FACTOR_PRP_OR_LL_RESULT_AND_NO_ACTIVE_GIMPS_ASSIGNMENT,2026-08-09T02:56:41+00:00,UNALLOCATED,,,,,
SLCMP1467-1637,1637,1638,509080783,2^509080783-1,STRUCTURAL_SCREEN_EXHAUSTED_PRIMALITY_UNASSIGNED,GF3A_DIRECTIONAL_WRITE_EXHAUSTED_PRIMALITY_UNASSIGNED,514,512,512,NO_RECORDED_FACTOR_PRP_OR_LL_RESULT_AND_NO_ACTIVE_GIMPS_ASSIGNMENT,2026-08-09T02:56:41+00:00,UNALLOCATED,,,,,
SLCMP1467-1638,1638,1639,509080787,2^509080787-1,STRUCTURAL_SCREEN_EXHAUSTED_PRIMALITY_UNASSIGNED,GF3A_DIRECTIONAL_WRITE_EXHAUSTED_PRIMALITY_UNASSIGNED,514,512,512,NO_RECORDED_FACTOR_PRP_OR_LL_RESULT_AND_NO_ACTIVE_GIMPS_ASSIGNMENT,2026-08-09T02:56:41+00:00,UNALLOCATED,,,,,
SLCMP1467-1639,1639,1640,509081077,2^509081077-1,STRUCTURAL_SCREEN_EXHAUSTED_PRIMALITY_UNASSIGNED,GF3A_DIRECTIONAL_WRITE_EXHAUSTED_PRIMALITY_UNASSIGNED,513,512,512,NO_RECORDED_FACTOR_PRP_OR_LL_RESULT_AND_NO_ACTIVE_GIMPS_ASSIGNMENT,2026-08-09T02:56:41+00:00,UNALLOCATED,,,,,
SLCMP1467-1640,1640,1641,509081179,2^509081179-1,STRUCTURAL_SCREEN_EXHAUSTED_PRIMALITY_UNASSIGNED,GF3A_DIRECTIONAL_WRITE_EXHAUSTED_PRIMALITY_UNASSIGNED,514,512,512,NO_RECORDED_FACTOR_PRP_OR_LL_RESULT_AND_NO_ACTIVE_GIMPS_ASSIGNMENT,2026-08-09T02:56:41+00:00,UNALLOCATED,,,,,
SLCMP1467-1641,1641,1642,509081219,2^509081219-1,STRUCTURAL_SCREEN_EXHAUSTED_PRIMALITY_UNASSIGNED,GF3A_DIRECTIONAL_WRITE_EXHAUSTED_PRIMALITY_UNASSIGNED,514,512,512,NO_RECORDED_FACTOR_PRP_OR_LL_RESULT_AND_NO_ACTIVE_GIMPS_ASSIGNMENT,2026-08-09T02:56:41+00:00,UNALLOCATED,,,,,
SLCMP1467-1642,1642,1643,509081239,2^509081239-1,STRUCTURAL_SCREEN_EXHAUSTED_PRIMALITY_UNASSIGNED,GF3A_DIRECTIONAL_WRITE_EXHAUSTED_PRIMALITY_UNASSIGNED,514,512,512,NO_RECORDED_FACTOR_PRP_OR_LL_RESULT_AND_NO_ACTIVE_GIMPS_ASSIGNMENT,2026-08-09T02:56:41+00:00,UNALLOCATED,,,,,
SLCMP1467-1643,1643,1644,509081263,2^509081263-1,STRUCTURAL_SCREEN_EXHAUSTED_PRIMALITY_UNASSIGNED,GF3A_DIRECTIONAL_WRITE_EXHAUSTED_PRIMALITY_UNASSIGNED,514,512,512,NO_RECORDED_FACTOR_PRP_OR_LL_RESULT_AND_NO_ACTIVE_GIMPS_ASSIGNMENT,2026-08-09T02:56:41+00:00,UNALLOCATED,,,,,
SLCMP1467-1644,1644,1645,509081369,2^509081369-1,STRUCTURAL_SCREEN_EXHAUSTED_PRIMALITY_UNASSIGNED,GF3A_DIRECTIONAL_WRITE_EXHAUSTED_PRIMALITY_UNASSIGNED,513,512,512,NO_RECORDED_FACTOR_PRP_OR_LL_RESULT_AND_NO_ACTIVE_GIMPS_ASSIGNMENT,2026-08-09T02:56:41+00:00,UNALLOCATED,,,,,
SLCMP1467-1645,1645,1646,509081423,2^509081423-1,STRUCTURAL_SCREEN_EXHAUSTED_PRIMALITY_UNASSIGNED,GF3A_DIRECTIONAL_WRITE_EXHAUSTED_PRIMALITY_UNASSIGNED,514,512,512,NO_RECORDED_FACTOR_PRP_OR_LL_RESULT_AND_NO_ACTIVE_GIMPS_ASSIGNMENT,2026-08-09T02:56:41+00:00,UNALLOCATED,,,,,
SLCMP1467-1646,1646,1647,509081501,2^509081501-1,STRUCTURAL_SCREEN_EXHAUSTED_PRIMALITY_UNASSIGNED,GF3A_DIRECTIONAL_WRITE_EXHAUSTED_PRIMALITY_UNASSIGNED,513,512,512,NO_RECORDED_FACTOR_PRP_OR_LL_RESULT_AND_NO_ACTIVE_GIMPS_ASSIGNMENT,2026-08-09T02:56:41+00:00,UNALLOCATED,,,,,
SLCMP1467-1647,1647,1648,509081509,2^509081509-1,STRUCTURAL_SCREEN_EXHAUSTED_PRIMALITY_UNASSIGNED,GF3A_DIRECTIONAL_WRITE_EXHAUSTED_PRIMALITY_UNASSIGNED,513,512,512,NO_RECORDED_FACTOR_PRP_OR_LL_RESULT_AND_NO_ACTIVE_GIMPS_ASSIGNMENT,2026-08-09T02:56:41+00:00,UNALLOCATED,,,,,
SLCMP1467-1648,1648,1649,509081627,2^509081627-1,STRUCTURAL_SCREEN_EXHAUSTED_PRIMALITY_UNASSIGNED,GF3A_DIRECTIONAL_WRITE_EXHAUSTED_PRIMALITY_UNASSIGNED,514,512,512,NO_RECORDED_FACTOR_PRP_OR_LL_RESULT_AND_NO_ACTIVE_GIMPS_ASSIGNMENT,2026-08-09T02:56:41+00:00,UNALLOCATED,,,,,
SLCMP1467-1649,1649,1650,509081669,2^509081669-1,STRUCTURAL_SCREEN_EXHAUSTED_PRIMALITY_UNASSIGNED,GF3A_DIRECTIONAL_WRITE_EXHAUSTED_PRIMALITY_UNASSIGNED,513,512,512,NO_RECORDED_FACTOR_PRP_OR_LL_RESULT_AND_NO_ACTIVE_GIMPS_ASSIGNMENT,2026-08-09T02:56:41+00:00,UNALLOCATED,,,,,
SLCMP1467-1650,1650,1651,509081681,2^509081681-1,STRUCTURAL_SCREEN_EXHAUSTED_PRIMALITY_UNASSIGNED,GF3A_DIRECTIONAL_WRITE_EXHAUSTED_PRIMALITY_UNASSIGNED,513,512,512,NO_RECORDED_FACTOR_PRP_OR_LL_RESULT_AND_NO_ACTIVE_GIMPS_ASSIGNMENT,2026-08-09T02:56:41+00:00,UNALLOCATED,,,,,
SLCMP1467-1651,1651,1652,509081753,2^509081753-1,STRUCTURAL_SCREEN_EXHAUSTED_PRIMALITY_UNASSIGNED,GF3A_DIRECTIONAL_WRITE_EXHAUSTED_PRIMALITY_UNASSIGNED,513,512,512,NO_RECORDED_FACTOR_PRP_OR_LL_RESULT_AND_NO_ACTIVE_GIMPS_ASSIGNMENT,2026-08-09T02:56:41+00:00,UNALLOCATED,,,,,
SLCMP1467-1652,1652,1653,509081803,2^509081803-1,STRUCTURAL_SCREEN_EXHAUSTED_PRIMALITY_UNASSIGNED,GF3A_DIRECTIONAL_WRITE_EXHAUSTED_PRIMALITY_UNASSIGNED,514,512,512,NO_RECORDED_FACTOR_PRP_OR_LL_RESULT_AND_NO_ACTIVE_GIMPS_ASSIGNMENT,2026-08-09T02:56:41+00:00,UNALLOCATED,,,,,
SLCMP1467-1653,1653,1654,509081827,2^509081827-1,STRUCTURAL_SCREEN_EXHAUSTED_PRIMALITY_UNASSIGNED,GF3A_DIRECTIONAL_WRITE_EXHAUSTED_PRIMALITY_UNASSIGNED,514,512,512,NO_RECORDED_FACTOR_PRP_OR_LL_RESULT_AND_NO_ACTIVE_GIMPS_ASSIGNMENT,2026-08-09T02:56:41+00:00,UNALLOCATED,,,,,
SLCMP1467-1654,1654,1655,509081959,2^509081959-1,STRUCTURAL_SCREEN_EXHAUSTED_PRIMALITY_UNASSIGNED,GF3A_DIRECTIONAL_WRITE_EXHAUSTED_PRIMALITY_UNASSIGNED,514,512,512,NO_RECORDED_FACTOR_PRP_OR_LL_RESULT_AND_NO_ACTIVE_GIMPS_ASSIGNMENT,2026-08-09T02:56:41+00:00,UNALLOCATED,,,,,
SLCMP1467-1655,1655,1656,509081981,2^509081981-1,STRUCTURAL_SCREEN_EXHAUSTED_PRIMALITY_UNASSIGNED,GF3A_DIRECTIONAL_WRITE_EXHAUSTED_PRIMALITY_UNASSIGNED,513,512,512,NO_RECORDED_FACTOR_PRP_OR_LL_RESULT_AND_NO_ACTIVE_GIMPS_ASSIGNMENT,2026-08-09T02:56:41+00:00,UNALLOCATED,,,,,
SLCMP1467-1656,1656,1657,509082011,2^509082011-1,STRUCTURAL_SCREEN_EXHAUSTED_PRIMALITY_UNASSIGNED,GF3A_DIRECTIONAL_WRITE_EXHAUSTED_PRIMALITY_UNASSIGNED,514,512,512,NO_RECORDED_FACTOR_PRP_OR_LL_RESULT_AND_NO_ACTIVE_GIMPS_ASSIGNMENT,2026-08-09T02:56:41+00:00,UNALLOCATED,,,,,
SLCMP1467-1657,1657,1658,509082103,2^509082103-1,STRUCTURAL_SCREEN_EXHAUSTED_PRIMALITY_UNASSIGNED,GF3A_DIRECTIONAL_WRITE_EXHAUSTED_PRIMALITY_UNASSIGNED,514,512,512,NO_RECORDED_FACTOR_PRP_OR_LL_RESULT_AND_NO_ACTIVE_GIMPS_ASSIGNMENT,2026-08-09T02:56:41+00:00,UNALLOCATED,,,,,
SLCMP1467-1658,1658,1659,509082151,2^509082151-1,STRUCTURAL_SCREEN_EXHAUSTED_PRIMALITY_UNASSIGNED,GF3A_DIRECTIONAL_WRITE_EXHAUSTED_PRIMALITY_UNASSIGNED,514,512,512,NO_RECORDED_FACTOR_PRP_OR_LL_RESULT_AND_NO_ACTIVE_GIMPS_ASSIGNMENT,2026-08-09T02:56:41+00:00,UNALLOCATED,,,,,
SLCMP1467-1659,1659,1660,509082247,2^509082247-1,STRUCTURAL_SCREEN_EXHAUSTED_PRIMALITY_UNASSIGNED,GF3A_DIRECTIONAL_WRITE_EXHAUSTED_PRIMALITY_UNASSIGNED,514,512,512,NO_RECORDED_FACTOR_PRP_OR_LL_RESULT_AND_NO_ACTIVE_GIMPS_ASSIGNMENT,2026-08-09T02:56:41+00:00,UNALLOCATED,,,,,
SLCMP1467-1660,1660,1661,509082317,2^509082317-1,STRUCTURAL_SCREEN_EXHAUSTED_PRIMALITY_UNASSIGNED,GF3A_DIRECTIONAL_WRITE_EXHAUSTED_PRIMALITY_UNASSIGNED,513,512,512,NO_RECORDED_FACTOR_PRP_OR_LL_RESULT_AND_NO_ACTIVE_GIMPS_ASSIGNMENT,2026-08-09T02:56:41+00:00,UNALLOCATED,,,,,
SLCMP1467-1661,1661,1662,509082337,2^509082337-1,STRUCTURAL_SCREEN_EXHAUSTED_PRIMALITY_UNASSIGNED,GF3A_DIRECTIONAL_WRITE_EXHAUSTED_PRIMALITY_UNASSIGNED,513,512,512,NO_RECORDED_FACTOR_PRP_OR_LL_RESULT_AND_NO_ACTIVE_GIMPS_ASSIGNMENT,2026-08-09T02:56:41+00:00,UNALLOCATED,,,,,
SLCMP1467-1662,1662,1663,509082349,2^509082349-1,STRUCTURAL_SCREEN_EXHAUSTED_PRIMALITY_UNASSIGNED,GF3A_DIRECTIONAL_WRITE_EXHAUSTED_PRIMALITY_UNASSIGNED,513,512,512,NO_RECORDED_FACTOR_PRP_OR_LL_RESULT_AND_NO_ACTIVE_GIMPS_ASSIGNMENT,2026-08-09T02:56:41+00:00,UNALLOCATED,,,,,
SLCMP1467-1663,1663,1664,509082359,2^509082359-1,STRUCTURAL_SCREEN_EXHAUSTED_PRIMALITY_UNASSIGNED,GF3A_DIRECTIONAL_WRITE_EXHAUSTED_PRIMALITY_UNASSIGNED,514,512,512,NO_RECORDED_FACTOR_PRP_OR_LL_RESULT_AND_NO_ACTIVE_GIMPS_ASSIGNMENT,2026-08-09T02:56:41+00:00,UNALLOCATED,,,,,
SLCMP1467-1664,1664,1665,509082479,2^509082479-1,STRUCTURAL_SCREEN_EXHAUSTED_PRIMALITY_UNASSIGNED,GF3A_DIRECTIONAL_WRITE_EXHAUSTED_PRIMALITY_UNASSIGNED,514,512,512,NO_RECORDED_FACTOR_PRP_OR_LL_RESULT_AND_NO_ACTIVE_GIMPS_ASSIGNMENT,2026-08-09T02:56:41+00:00,UNALLOCATED,,,,,
SLCMP1467-1665,1665,1666,509082533,2^509082533-1,STRUCTURAL_SCREEN_EXHAUSTED_PRIMALITY_UNASSIGNED,GF3A_DIRECTIONAL_WRITE_EXHAUSTED_PRIMALITY_UNASSIGNED,513,512,512,NO_RECORDED_FACTOR_PRP_OR_LL_RESULT_AND_NO_ACTIVE_GIMPS_ASSIGNMENT,2026-08-09T02:56:41+00:00,UNALLOCATED,,,,,
SLCMP1467-1666,1666,1667,509082611,2^509082611-1,STRUCTURAL_SCREEN_EXHAUSTED_PRIMALITY_UNASSIGNED,GF3A_DIRECTIONAL_WRITE_EXHAUSTED_PRIMALITY_UNASSIGNED,514,512,512,NO_RECORDED_FACTOR_PRP_OR_LL_RESULT_AND_NO_ACTIVE_GIMPS_ASSIGNMENT,2026-08-09T02:56:41+00:00,UNALLOCATED,,,,,
SLCMP1467-1667,1667,1668,509082619,2^509082619-1,STRUCTURAL_SCREEN_EXHAUSTED_PRIMALITY_UNASSIGNED,GF3A_DIRECTIONAL_WRITE_EXHAUSTED_PRIMALITY_UNASSIGNED,514,512,512,NO_RECORDED_FACTOR_PRP_OR_LL_RESULT_AND_NO_ACTIVE_GIMPS_ASSIGNMENT,2026-08-09T02:56:41+00:00,UNALLOCATED,,,,,
SLCMP1467-1668,1668,1669,509082653,2^509082653-1,STRUCTURAL_SCREEN_EXHAUSTED_PRIMALITY_UNASSIGNED,GF3A_DIRECTIONAL_WRITE_EXHAUSTED_PRIMALITY_UNASSIGNED,513,512,512,NO_RECORDED_FACTOR_PRP_OR_LL_RESULT_AND_NO_ACTIVE_GIMPS_ASSIGNMENT,2026-08-09T02:56:41+00:00,UNALLOCATED,,,,,
SLCMP1467-1669,1669,1670,509082661,2^509082661-1,STRUCTURAL_SCREEN_EXHAUSTED_PRIMALITY_UNASSIGNED,GF3A_DIRECTIONAL_WRITE_EXHAUSTED_PRIMALITY_UNASSIGNED,513,512,512,NO_RECORDED_FACTOR_PRP_OR_LL_RESULT_AND_NO_ACTIVE_GIMPS_ASSIGNMENT,2026-08-09T02:56:41+00:00,UNALLOCATED,,,,,
SLCMP1467-1670,1670,1671,509082689,2^509082689-1,STRUCTURAL_SCREEN_EXHAUSTED_PRIMALITY_UNASSIGNED,GF3A_DIRECTIONAL_WRITE_EXHAUSTED_PRIMALITY_UNASSIGNED,513,512,512,NO_RECORDED_FACTOR_PRP_OR_LL_RESULT_AND_NO_ACTIVE_GIMPS_ASSIGNMENT,2026-08-09T02:56:41+00:00,UNALLOCATED,,,,,
SLCMP1467-1671,1671,1672,509082727,2^509082727-1,STRUCTURAL_SCREEN_EXHAUSTED_PRIMALITY_UNASSIGNED,GF3A_DIRECTIONAL_WRITE_EXHAUSTED_PRIMALITY_UNASSIGNED,514,512,512,NO_RECORDED_FACTOR_PRP_OR_LL_RESULT_AND_NO_ACTIVE_GIMPS_ASSIGNMENT,2026-08-09T02:56:41+00:00,UNALLOCATED,,,,,
SLCMP1467-1672,1672,1673,509082797,2^509082797-1,STRUCTURAL_SCREEN_EXHAUSTED_PRIMALITY_UNASSIGNED,GF3A_DIRECTIONAL_WRITE_EXHAUSTED_PRIMALITY_UNASSIGNED,513,512,512,NO_RECORDED_FACTOR_PRP_OR_LL_RESULT_AND_NO_ACTIVE_GIMPS_ASSIGNMENT,2026-08-09T02:56:41+00:00,UNALLOCATED,,,,,
SLCMP1467-1673,1673,1674,509082829,2^509082829-1,STRUCTURAL_SCREEN_EXHAUSTED_PRIMALITY_UNASSIGNED,GF3A_DIRECTIONAL_WRITE_EXHAUSTED_PRIMALITY_UNASSIGNED,513,512,512,NO_RECORDED_FACTOR_PRP_OR_LL_RESULT_AND_NO_ACTIVE_GIMPS_ASSIGNMENT,2026-08-09T02:56:41+00:00,UNALLOCATED,,,,,
SLCMP1467-1674,1674,1675,509082983,2^509082983-1,STRUCTURAL_SCREEN_EXHAUSTED_PRIMALITY_UNASSIGNED,GF3A_DIRECTIONAL_WRITE_EXHAUSTED_PRIMALITY_UNASSIGNED,514,512,512,NO_RECORDED_FACTOR_PRP_OR_LL_RESULT_AND_NO_ACTIVE_GIMPS_ASSIGNMENT,2026-08-09T02:56:41+00:00,UNALLOCATED,,,,,
SLCMP1467-1675,1675,1676,509083049,2^509083049-1,STRUCTURAL_SCREEN_EXHAUSTED_PRIMALITY_UNASSIGNED,GF3A_DIRECTIONAL_WRITE_EXHAUSTED_PRIMALITY_UNASSIGNED,513,512,512,NO_RECORDED_FACTOR_PRP_OR_LL_RESULT_AND_NO_ACTIVE_GIMPS_ASSIGNMENT,2026-08-09T02:56:41+00:00,UNALLOCATED,,,,,
SLCMP1467-1676,1676,1677,509083129,2^509083129-1,STRUCTURAL_SCREEN_EXHAUSTED_PRIMALITY_UNASSIGNED,GF3A_DIRECTIONAL_WRITE_EXHAUSTED_PRIMALITY_UNASSIGNED,513,512,512,NO_RECORDED_FACTOR_PRP_OR_LL_RESULT_AND_NO_ACTIVE_GIMPS_ASSIGNMENT,2026-08-09T02:56:41+00:00,UNALLOCATED,,,,,
SLCMP1467-1677,1677,1678,509083151,2^509083151-1,STRUCTURAL_SCREEN_EXHAUSTED_PRIMALITY_UNASSIGNED,GF3A_DIRECTIONAL_WRITE_EXHAUSTED_PRIMALITY_UNASSIGNED,514,512,512,NO_RECORDED_FACTOR_PRP_OR_LL_RESULT_AND_NO_ACTIVE_GIMPS_ASSIGNMENT,2026-08-09T02:56:41+00:00,UNALLOCATED,,,,,
SLCMP1467-1678,1678,1679,509083153,2^509083153-1,STRUCTURAL_SCREEN_EXHAUSTED_PRIMALITY_UNASSIGNED,GF3A_DIRECTIONAL_WRITE_EXHAUSTED_PRIMALITY_UNASSIGNED,513,512,512,NO_RECORDED_FACTOR_PRP_OR_LL_RESULT_AND_NO_ACTIVE_GIMPS_ASSIGNMENT,2026-08-09T02:56:41+00:00,UNALLOCATED,,,,,
SLCMP1467-1679,1679,1680,509083171,2^509083171-1,STRUCTURAL_SCREEN_EXHAUSTED_PRIMALITY_UNASSIGNED,GF3A_DIRECTIONAL_WRITE_EXHAUSTED_PRIMALITY_UNASSIGNED,514,512,512,NO_RECORDED_FACTOR_PRP_OR_LL_RESULT_AND_NO_ACTIVE_GIMPS_ASSIGNMENT,2026-08-09T02:56:41+00:00,UNALLOCATED,,,,,
SLCMP1467-1680,1680,1681,509083349,2^509083349-1,STRUCTURAL_SCREEN_EXHAUSTED_PRIMALITY_UNASSIGNED,GF3A_DIRECTIONAL_WRITE_EXHAUSTED_PRIMALITY_UNASSIGNED,513,512,512,NO_RECORDED_FACTOR_PRP_OR_LL_RESULT_AND_NO_ACTIVE_GIMPS_ASSIGNMENT,2026-08-09T02:56:41+00:00,UNALLOCATED,,,,,
SLCMP1467-1681,1681,1682,509083361,2^509083361-1,STRUCTURAL_SCREEN_EXHAUSTED_PRIMALITY_UNASSIGNED,GF3A_DIRECTIONAL_WRITE_EXHAUSTED_PRIMALITY_UNASSIGNED,513,512,512,NO_RECORDED_FACTOR_PRP_OR_LL_RESULT_AND_NO_ACTIVE_GIMPS_ASSIGNMENT,2026-08-09T02:56:41+00:00,UNALLOCATED,,,,,
SLCMP1467-1682,1682,1683,509083373,2^509083373-1,STRUCTURAL_SCREEN_EXHAUSTED_PRIMALITY_UNASSIGNED,GF3A_DIRECTIONAL_WRITE_EXHAUSTED_PRIMALITY_UNASSIGNED,513,512,512,NO_RECORDED_FACTOR_PRP_OR_LL_RESULT_AND_NO_ACTIVE_GIMPS_ASSIGNMENT,2026-08-09T02:56:41+00:00,UNALLOCATED,,,,,
SLCMP1467-1683,1683,1684,509083459,2^509083459-1,STRUCTURAL_SCREEN_EXHAUSTED_PRIMALITY_UNASSIGNED,GF3A_DIRECTIONAL_WRITE_EXHAUSTED_PRIMALITY_UNASSIGNED,514,512,512,NO_RECORDED_FACTOR_PRP_OR_LL_RESULT_AND_NO_ACTIVE_GIMPS_ASSIGNMENT,2026-08-09T02:56:41+00:00,UNALLOCATED,,,,,
SLCMP1467-1684,1684,1685,509083489,2^509083489-1,STRUCTURAL_SCREEN_EXHAUSTED_PRIMALITY_UNASSIGNED,GF3A_DIRECTIONAL_WRITE_EXHAUSTED_PRIMALITY_UNASSIGNED,513,512,512,NO_RECORDED_FACTOR_PRP_OR_LL_RESULT_AND_NO_ACTIVE_GIMPS_ASSIGNMENT,2026-08-09T02:56:41+00:00,UNALLOCATED,,,,,
SLCMP1467-1685,1685,1686,509083499,2^509083499-1,STRUCTURAL_SCREEN_EXHAUSTED_PRIMALITY_UNASSIGNED,GF3A_DIRECTIONAL_WRITE_EXHAUSTED_PRIMALITY_UNASSIGNED,514,512,512,NO_RECORDED_FACTOR_PRP_OR_LL_RESULT_AND_NO_ACTIVE_GIMPS_ASSIGNMENT,2026-08-09T02:56:41+00:00,UNALLOCATED,,,,,
SLCMP1467-1686,1686,1687,509083501,2^509083501-1,STRUCTURAL_SCREEN_EXHAUSTED_PRIMALITY_UNASSIGNED,GF3A_DIRECTIONAL_WRITE_EXHAUSTED_PRIMALITY_UNASSIGNED,513,512,512,NO_RECORDED_FACTOR_PRP_OR_LL_RESULT_AND_NO_ACTIVE_GIMPS_ASSIGNMENT,2026-08-09T02:56:41+00:00,UNALLOCATED,,,,,
SLCMP1467-1687,1687,1688,509083507,2^509083507-1,STRUCTURAL_SCREEN_EXHAUSTED_PRIMALITY_UNASSIGNED,GF3A_DIRECTIONAL_WRITE_EXHAUSTED_PRIMALITY_UNASSIGNED,514,512,512,NO_RECORDED_FACTOR_PRP_OR_LL_RESULT_AND_NO_ACTIVE_GIMPS_ASSIGNMENT,2026-08-09T02:56:41+00:00,UNALLOCATED,,,,,
SLCMP1467-1688,1688,1689,509083529,2^509083529-1,STRUCTURAL_SCREEN_EXHAUSTED_PRIMALITY_UNASSIGNED,GF3A_DIRECTIONAL_WRITE_EXHAUSTED_PRIMALITY_UNASSIGNED,513,512,512,NO_RECORDED_FACTOR_PRP_OR_LL_RESULT_AND_NO_ACTIVE_GIMPS_ASSIGNMENT,2026-08-09T02:56:41+00:00,UNALLOCATED,,,,,
SLCMP1467-1689,1689,1690,509083573,2^509083573-1,STRUCTURAL_SCREEN_EXHAUSTED_PRIMALITY_UNASSIGNED,GF3A_DIRECTIONAL_WRITE_EXHAUSTED_PRIMALITY_UNASSIGNED,513,512,512,NO_RECORDED_FACTOR_PRP_OR_LL_RESULT_AND_NO_ACTIVE_GIMPS_ASSIGNMENT,2026-08-09T02:56:41+00:00,UNALLOCATED,,,,,
SLCMP1467-1690,1690,1691,509083651,2^509083651-1,STRUCTURAL_SCREEN_EXHAUSTED_PRIMALITY_UNASSIGNED,GF3A_DIRECTIONAL_WRITE_EXHAUSTED_PRIMALITY_UNASSIGNED,514,512,512,NO_RECORDED_FACTOR_PRP_OR_LL_RESULT_AND_NO_ACTIVE_GIMPS_ASSIGNMENT,2026-08-09T02:56:41+00:00,UNALLOCATED,,,,,
SLCMP1467-1691,1691,1692,509083763,2^509083763-1,STRUCTURAL_SCREEN_EXHAUSTED_PRIMALITY_UNASSIGNED,GF3A_DIRECTIONAL_WRITE_EXHAUSTED_PRIMALITY_UNASSIGNED,514,512,512,NO_RECORDED_FACTOR_PRP_OR_LL_RESULT_AND_NO_ACTIVE_GIMPS_ASSIGNMENT,2026-08-09T02:56:41+00:00,UNALLOCATED,,,,,
SLCMP1467-1692,1692,1693,509083849,2^509083849-1,STRUCTURAL_SCREEN_EXHAUSTED_PRIMALITY_UNASSIGNED,GF3A_DIRECTIONAL_WRITE_EXHAUSTED_PRIMALITY_UNASSIGNED,513,512,512,NO_RECORDED_FACTOR_PRP_OR_LL_RESULT_AND_NO_ACTIVE_GIMPS_ASSIGNMENT,2026-08-09T02:56:41+00:00,UNALLOCATED,,,,,
SLCMP1467-1693,1693,1694,509083867,2^509083867-1,STRUCTURAL_SCREEN_EXHAUSTED_PRIMALITY_UNASSIGNED,GF3A_DIRECTIONAL_WRITE_EXHAUSTED_PRIMALITY_UNASSIGNED,514,512,512,NO_RECORDED_FACTOR_PRP_OR_LL_RESULT_AND_NO_ACTIVE_GIMPS_ASSIGNMENT,2026-08-09T02:56:41+00:00,UNALLOCATED,,,,,
SLCMP1467-1694,1694,1695,509083877,2^509083877-1,STRUCTURAL_SCREEN_EXHAUSTED_PRIMALITY_UNASSIGNED,GF3A_DIRECTIONAL_WRITE_EXHAUSTED_PRIMALITY_UNASSIGNED,513,512,512,NO_RECORDED_FACTOR_PRP_OR_LL_RESULT_AND_NO_ACTIVE_GIMPS_ASSIGNMENT,2026-08-09T02:56:41+00:00,UNALLOCATED,,,,,
SLCMP1467-1695,1695,1696,509083907,2^509083907-1,STRUCTURAL_SCREEN_EXHAUSTED_PRIMALITY_UNASSIGNED,GF3A_DIRECTIONAL_WRITE_EXHAUSTED_PRIMALITY_UNASSIGNED,514,512,512,NO_RECORDED_FACTOR_PRP_OR_LL_RESULT_AND_NO_ACTIVE_GIMPS_ASSIGNMENT,2026-08-09T02:56:41+00:00,UNALLOCATED,,,,,
SLCMP1467-1696,1696,1697,509083957,2^509083957-1,STRUCTURAL_SCREEN_EXHAUSTED_PRIMALITY_UNASSIGNED,GF3A_DIRECTIONAL_WRITE_EXHAUSTED_PRIMALITY_UNASSIGNED,513,512,512,NO_RECORDED_FACTOR_PRP_OR_LL_RESULT_AND_NO_ACTIVE_GIMPS_ASSIGNMENT,2026-08-09T02:56:41+00:00,UNALLOCATED,,,,,
SLCMP1467-1697,1697,1698,509083963,2^509083963-1,STRUCTURAL_SCREEN_EXHAUSTED_PRIMALITY_UNASSIGNED,GF3A_DIRECTIONAL_WRITE_EXHAUSTED_PRIMALITY_UNASSIGNED,514,512,512,NO_RECORDED_FACTOR_PRP_OR_LL_RESULT_AND_NO_ACTIVE_GIMPS_ASSIGNMENT,2026-08-09T02:56:41+00:00,UNALLOCATED,,,,,
SLCMP1467-1698,1698,1699,509084089,2^509084089-1,STRUCTURAL_SCREEN_EXHAUSTED_PRIMALITY_UNASSIGNED,GF3A_DIRECTIONAL_WRITE_EXHAUSTED_PRIMALITY_UNASSIGNED,513,512,512,NO_RECORDED_FACTOR_PRP_OR_LL_RESULT_AND_NO_ACTIVE_GIMPS_ASSIGNMENT,2026-08-09T02:56:41+00:00,UNALLOCATED,,,,,
SLCMP1467-1699,1699,1700,509084099,2^509084099-1,STRUCTURAL_SCREEN_EXHAUSTED_PRIMALITY_UNASSIGNED,GF3A_DIRECTIONAL_WRITE_EXHAUSTED_PRIMALITY_UNASSIGNED,514,512,512,NO_RECORDED_FACTOR_PRP_OR_LL_RESULT_AND_NO_ACTIVE_GIMPS_ASSIGNMENT,2026-08-09T02:56:41+00:00,UNALLOCATED,,,,,
SLCMP1467-1700,1700,1701,509084117,2^509084117-1,STRUCTURAL_SCREEN_EXHAUSTED_PRIMALITY_UNASSIGNED,GF3A_DIRECTIONAL_WRITE_EXHAUSTED_PRIMALITY_UNASSIGNED,513,512,512,NO_RECORDED_FACTOR_PRP_OR_LL_RESULT_AND_NO_ACTIVE_GIMPS_ASSIGNMENT,2026-08-09T02:56:41+00:00,UNALLOCATED,,,,,
SLCMP1467-1701,1701,1702,509084141,2^509084141-1,STRUCTURAL_SCREEN_EXHAUSTED_PRIMALITY_UNASSIGNED,GF3A_DIRECTIONAL_WRITE_EXHAUSTED_PRIMALITY_UNASSIGNED,513,512,512,NO_RECORDED_FACTOR_PRP_OR_LL_RESULT_AND_NO_ACTIVE_GIMPS_ASSIGNMENT,2026-08-09T02:56:41+00:00,UNALLOCATED,,,,,
SLCMP1467-1702,1702,1703,509084143,2^509084143-1,STRUCTURAL_SCREEN_EXHAUSTED_PRIMALITY_UNASSIGNED,GF3A_DIRECTIONAL_WRITE_EXHAUSTED_PRIMALITY_UNASSIGNED,514,512,512,NO_RECORDED_FACTOR_PRP_OR_LL_RESULT_AND_NO_ACTIVE_GIMPS_ASSIGNMENT,2026-08-09T02:56:41+00:00,UNALLOCATED,,,,,
SLCMP1467-1703,1703,1704,509084419,2^509084419-1,STRUCTURAL_SCREEN_EXHAUSTED_PRIMALITY_UNASSIGNED,GF3A_DIRECTIONAL_WRITE_EXHAUSTED_PRIMALITY_UNASSIGNED,514,512,512,NO_RECORDED_FACTOR_PRP_OR_LL_RESULT_AND_NO_ACTIVE_GIMPS_ASSIGNMENT,2026-08-09T02:56:41+00:00,UNALLOCATED,,,,,
SLCMP1467-1704,1704,1705,509084489,2^509084489-1,STRUCTURAL_SCREEN_EXHAUSTED_PRIMALITY_UNASSIGNED,GF3A_DIRECTIONAL_WRITE_EXHAUSTED_PRIMALITY_UNASSIGNED,513,512,512,NO_RECORDED_FACTOR_PRP_OR_LL_RESULT_AND_NO_ACTIVE_GIMPS_ASSIGNMENT,2026-08-09T02:56:41+00:00,UNALLOCATED,,,,,
SLCMP1467-1705,1705,1706,509084657,2^509084657-1,STRUCTURAL_SCREEN_EXHAUSTED_PRIMALITY_UNASSIGNED,GF3A_DIRECTIONAL_WRITE_EXHAUSTED_PRIMALITY_UNASSIGNED,513,512,512,NO_RECORDED_FACTOR_PRP_OR_LL_RESULT_AND_NO_ACTIVE_GIMPS_ASSIGNMENT,2026-08-09T02:56:41+00:00,UNALLOCATED,,,,,
SLCMP1467-1706,1706,1707,509084837,2^509084837-1,STRUCTURAL_SCREEN_EXHAUSTED_PRIMALITY_UNASSIGNED,GF3A_DIRECTIONAL_WRITE_EXHAUSTED_PRIMALITY_UNASSIGNED,513,512,512,NO_RECORDED_FACTOR_PRP_OR_LL_RESULT_AND_NO_ACTIVE_GIMPS_ASSIGNMENT,2026-08-09T02:56:41+00:00,UNALLOCATED,,,,,
SLCMP1467-1707,1707,1708,509084857,2^509084857-1,STRUCTURAL_SCREEN_EXHAUSTED_PRIMALITY_UNASSIGNED,GF3A_DIRECTIONAL_WRITE_EXHAUSTED_PRIMALITY_UNASSIGNED,513,512,512,NO_RECORDED_FACTOR_PRP_OR_LL_RESULT_AND_NO_ACTIVE_GIMPS_ASSIGNMENT,2026-08-09T02:56:41+00:00,UNALLOCATED,,,,,
SLCMP1467-1708,1708,1709,509084861,2^509084861-1,STRUCTURAL_SCREEN_EXHAUSTED_PRIMALITY_UNASSIGNED,GF3A_DIRECTIONAL_WRITE_EXHAUSTED_PRIMALITY_UNASSIGNED,513,512,512,NO_RECORDED_FACTOR_PRP_OR_LL_RESULT_AND_NO_ACTIVE_GIMPS_ASSIGNMENT,2026-08-09T02:56:41+00:00,UNALLOCATED,,,,,
SLCMP1467-1709,1709,1710,509084867,2^509084867-1,STRUCTURAL_SCREEN_EXHAUSTED_PRIMALITY_UNASSIGNED,GF3A_DIRECTIONAL_WRITE_EXHAUSTED_PRIMALITY_UNASSIGNED,514,512,512,NO_RECORDED_FACTOR_PRP_OR_LL_RESULT_AND_NO_ACTIVE_GIMPS_ASSIGNMENT,2026-08-09T02:56:41+00:00,UNALLOCATED,,,,,
SLCMP1467-1710,1710,1711,509084911,2^509084911-1,STRUCTURAL_SCREEN_EXHAUSTED_PRIMALITY_UNASSIGNED,GF3A_DIRECTIONAL_WRITE_EXHAUSTED_PRIMALITY_UNASSIGNED,514,512,512,NO_RECORDED_FACTOR_PRP_OR_LL_RESULT_AND_NO_ACTIVE_GIMPS_ASSIGNMENT,2026-08-09T02:56:41+00:00,UNALLOCATED,,,,,
SLCMP1467-1711,1711,1712,509084999,2^509084999-1,STRUCTURAL_SCREEN_EXHAUSTED_PRIMALITY_UNASSIGNED,GF3A_DIRECTIONAL_WRITE_EXHAUSTED_PRIMALITY_UNASSIGNED,514,512,512,NO_RECORDED_FACTOR_PRP_OR_LL_RESULT_AND_NO_ACTIVE_GIMPS_ASSIGNMENT,2026-08-09T02:56:41+00:00,UNALLOCATED,,,,,
SLCMP1467-1712,1712,1713,509085011,2^509085011-1,STRUCTURAL_SCREEN_EXHAUSTED_PRIMALITY_UNASSIGNED,GF3A_DIRECTIONAL_WRITE_EXHAUSTED_PRIMALITY_UNASSIGNED,514,512,512,NO_RECORDED_FACTOR_PRP_OR_LL_RESULT_AND_NO_ACTIVE_GIMPS_ASSIGNMENT,2026-08-09T02:56:41+00:00,UNALLOCATED,,,,,
SLCMP1467-1713,1713,1714,509085191,2^509085191-1,STRUCTURAL_SCREEN_EXHAUSTED_PRIMALITY_UNASSIGNED,GF3A_DIRECTIONAL_WRITE_EXHAUSTED_PRIMALITY_UNASSIGNED,514,512,512,NO_RECORDED_FACTOR_PRP_OR_LL_RESULT_AND_NO_ACTIVE_GIMPS_ASSIGNMENT,2026-08-09T02:56:41+00:00,UNALLOCATED,,,,,
SLCMP1467-1714,1714,1715,509085323,2^509085323-1,STRUCTURAL_SCREEN_EXHAUSTED_PRIMALITY_UNASSIGNED,GF3A_DIRECTIONAL_WRITE_EXHAUSTED_PRIMALITY_UNASSIGNED,514,512,512,NO_RECORDED_FACTOR_PRP_OR_LL_RESULT_AND_NO_ACTIVE_GIMPS_ASSIGNMENT,2026-08-09T02:56:41+00:00,UNALLOCATED,,,,,
SLCMP1467-1715,1715,1716,509085439,2^509085439-1,STRUCTURAL_SCREEN_EXHAUSTED_PRIMALITY_UNASSIGNED,GF3A_DIRECTIONAL_WRITE_EXHAUSTED_PRIMALITY_UNASSIGNED,514,512,512,NO_RECORDED_FACTOR_PRP_OR_LL_RESULT_AND_NO_ACTIVE_GIMPS_ASSIGNMENT,2026-08-09T02:56:41+00:00,UNALLOCATED,,,,,
SLCMP1467-1716,1716,1717,509085547,2^509085547-1,STRUCTURAL_SCREEN_EXHAUSTED_PRIMALITY_UNASSIGNED,GF3A_DIRECTIONAL_WRITE_EXHAUSTED_PRIMALITY_UNASSIGNED,514,512,512,NO_RECORDED_FACTOR_PRP_OR_LL_RESULT_AND_NO_ACTIVE_GIMPS_ASSIGNMENT,2026-08-09T02:56:41+00:00,UNALLOCATED,,,,,
SLCMP1467-1717,1717,1718,509085583,2^509085583-1,STRUCTURAL_SCREEN_EXHAUSTED_PRIMALITY_UNASSIGNED,GF3A_DIRECTIONAL_WRITE_EXHAUSTED_PRIMALITY_UNASSIGNED,514,512,512,NO_RECORDED_FACTOR_PRP_OR_LL_RESULT_AND_NO_ACTIVE_GIMPS_ASSIGNMENT,2026-08-09T02:56:41+00:00,UNALLOCATED,,,,,
SLCMP1467-1718,1718,1719,509085593,2^509085593-1,STRUCTURAL_SCREEN_EXHAUSTED_PRIMALITY_UNASSIGNED,GF3A_DIRECTIONAL_WRITE_EXHAUSTED_PRIMALITY_UNASSIGNED,513,512,512,NO_RECORDED_FACTOR_PRP_OR_LL_RESULT_AND_NO_ACTIVE_GIMPS_ASSIGNMENT,2026-08-09T02:56:41+00:00,UNALLOCATED,,,,,
SLCMP1467-1719,1719,1720,509085673,2^509085673-1,STRUCTURAL_SCREEN_EXHAUSTED_PRIMALITY_UNASSIGNED,GF3A_DIRECTIONAL_WRITE_EXHAUSTED_PRIMALITY_UNASSIGNED,513,512,512,NO_RECORDED_FACTOR_PRP_OR_LL_RESULT_AND_NO_ACTIVE_GIMPS_ASSIGNMENT,2026-08-09T02:56:41+00:00,UNALLOCATED,,,,,
SLCMP1467-1720,1720,1721,509085697,2^509085697-1,STRUCTURAL_SCREEN_EXHAUSTED_PRIMALITY_UNASSIGNED,GF3A_DIRECTIONAL_WRITE_EXHAUSTED_PRIMALITY_UNASSIGNED,513,512,512,NO_RECORDED_FACTOR_PRP_OR_LL_RESULT_AND_NO_ACTIVE_GIMPS_ASSIGNMENT,2026-08-09T02:56:41+00:00,UNALLOCATED,,,,,
SLCMP1467-1721,1721,1722,509085727,2^509085727-1,STRUCTURAL_SCREEN_EXHAUSTED_PRIMALITY_UNASSIGNED,GF3A_DIRECTIONAL_WRITE_EXHAUSTED_PRIMALITY_UNASSIGNED,514,512,512,NO_RECORDED_FACTOR_PRP_OR_LL_RESULT_AND_NO_ACTIVE_GIMPS_ASSIGNMENT,2026-08-09T02:56:41+00:00,UNALLOCATED,,,,,
SLCMP1467-1722,1722,1723,509085739,2^509085739-1,STRUCTURAL_SCREEN_EXHAUSTED_PRIMALITY_UNASSIGNED,GF3A_DIRECTIONAL_WRITE_EXHAUSTED_PRIMALITY_UNASSIGNED,514,512,512,NO_RECORDED_FACTOR_PRP_OR_LL_RESULT_AND_NO_ACTIVE_GIMPS_ASSIGNMENT,2026-08-09T02:56:41+00:00,UNALLOCATED,,,,,
SLCMP1467-1723,1723,1724,509085761,2^509085761-1,STRUCTURAL_SCREEN_EXHAUSTED_PRIMALITY_UNASSIGNED,GF3A_DIRECTIONAL_WRITE_EXHAUSTED_PRIMALITY_UNASSIGNED,513,512,512,NO_RECORDED_FACTOR_PRP_OR_LL_RESULT_AND_NO_ACTIVE_GIMPS_ASSIGNMENT,2026-08-09T02:56:41+00:00,UNALLOCATED,,,,,
SLCMP1467-1724,1724,1725,509085769,2^509085769-1,STRUCTURAL_SCREEN_EXHAUSTED_PRIMALITY_UNASSIGNED,GF3A_DIRECTIONAL_WRITE_EXHAUSTED_PRIMALITY_UNASSIGNED,513,512,512,NO_RECORDED_FACTOR_PRP_OR_LL_RESULT_AND_NO_ACTIVE_GIMPS_ASSIGNMENT,2026-08-09T02:56:41+00:00,UNALLOCATED,,,,,
SLCMP1467-1725,1725,1726,509085799,2^509085799-1,STRUCTURAL_SCREEN_EXHAUSTED_PRIMALITY_UNASSIGNED,GF3A_DIRECTIONAL_WRITE_EXHAUSTED_PRIMALITY_UNASSIGNED,514,512,512,NO_RECORDED_FACTOR_PRP_OR_LL_RESULT_AND_NO_ACTIVE_GIMPS_ASSIGNMENT,2026-08-09T02:56:41+00:00,UNALLOCATED,,,,,
SLCMP1467-1726,1726,1727,509085803,2^509085803-1,STRUCTURAL_SCREEN_EXHAUSTED_PRIMALITY_UNASSIGNED,GF3A_DIRECTIONAL_WRITE_EXHAUSTED_PRIMALITY_UNASSIGNED,514,512,512,NO_RECORDED_FACTOR_PRP_OR_LL_RESULT_AND_NO_ACTIVE_GIMPS_ASSIGNMENT,2026-08-09T02:56:41+00:00,UNALLOCATED,,,,,
SLCMP1467-1727,1727,1728,509085823,2^509085823-1,STRUCTURAL_SCREEN_EXHAUSTED_PRIMALITY_UNASSIGNED,GF3A_DIRECTIONAL_WRITE_EXHAUSTED_PRIMALITY_UNASSIGNED,514,512,512,NO_RECORDED_FACTOR_PRP_OR_LL_RESULT_AND_NO_ACTIVE_GIMPS_ASSIGNMENT,2026-08-09T02:56:41+00:00,UNALLOCATED,,,,,
SLCMP1467-1728,1728,1729,509085953,2^509085953-1,STRUCTURAL_SCREEN_EXHAUSTED_PRIMALITY_UNASSIGNED,GF3A_DIRECTIONAL_WRITE_EXHAUSTED_PRIMALITY_UNASSIGNED,513,512,512,NO_RECORDED_FACTOR_PRP_OR_LL_RESULT_AND_NO_ACTIVE_GIMPS_ASSIGNMENT,2026-08-09T02:56:41+00:00,UNALLOCATED,,,,,
SLCMP1467-1729,1729,1730,509086037,2^509086037-1,STRUCTURAL_SCREEN_EXHAUSTED_PRIMALITY_UNASSIGNED,GF3A_DIRECTIONAL_WRITE_EXHAUSTED_PRIMALITY_UNASSIGNED,513,512,512,NO_RECORDED_FACTOR_PRP_OR_LL_RESULT_AND_NO_ACTIVE_GIMPS_ASSIGNMENT,2026-08-09T02:56:41+00:00,UNALLOCATED,,,,,
SLCMP1467-1730,1730,1731,509086091,2^509086091-1,STRUCTURAL_SCREEN_EXHAUSTED_PRIMALITY_UNASSIGNED,GF3A_DIRECTIONAL_WRITE_EXHAUSTED_PRIMALITY_UNASSIGNED,514,512,512,NO_RECORDED_FACTOR_PRP_OR_LL_RESULT_AND_NO_ACTIVE_GIMPS_ASSIGNMENT,2026-08-09T02:56:41+00:00,UNALLOCATED,,,,,
SLCMP1467-1731,1731,1732,509086099,2^509086099-1,STRUCTURAL_SCREEN_EXHAUSTED_PRIMALITY_UNASSIGNED,GF3A_DIRECTIONAL_WRITE_EXHAUSTED_PRIMALITY_UNASSIGNED,514,512,512,NO_RECORDED_FACTOR_PRP_OR_LL_RESULT_AND_NO_ACTIVE_GIMPS_ASSIGNMENT,2026-08-09T02:56:41+00:00,UNALLOCATED,,,,,
SLCMP1467-1732,1732,1733,509086223,2^509086223-1,STRUCTURAL_SCREEN_EXHAUSTED_PRIMALITY_UNASSIGNED,GF3A_DIRECTIONAL_WRITE_EXHAUSTED_PRIMALITY_UNASSIGNED,514,512,512,NO_RECORDED_FACTOR_PRP_OR_LL_RESULT_AND_NO_ACTIVE_GIMPS_ASSIGNMENT,2026-08-09T02:56:41+00:00,UNALLOCATED,,,,,
SLCMP1467-1733,1733,1734,509086261,2^509086261-1,STRUCTURAL_SCREEN_EXHAUSTED_PRIMALITY_UNASSIGNED,GF3A_DIRECTIONAL_WRITE_EXHAUSTED_PRIMALITY_UNASSIGNED,513,512,512,NO_RECORDED_FACTOR_PRP_OR_LL_RESULT_AND_NO_ACTIVE_GIMPS_ASSIGNMENT,2026-08-09T02:56:41+00:00,UNALLOCATED,,,,,
SLCMP1467-1734,1734,1735,509086337,2^509086337-1,STRUCTURAL_SCREEN_EXHAUSTED_PRIMALITY_UNASSIGNED,GF3A_DIRECTIONAL_WRITE_EXHAUSTED_PRIMALITY_UNASSIGNED,513,512,512,NO_RECORDED_FACTOR_PRP_OR_LL_RESULT_AND_NO_ACTIVE_GIMPS_ASSIGNMENT,2026-08-09T02:56:41+00:00,UNALLOCATED,,,,,
SLCMP1467-1735,1735,1736,509086411,2^509086411-1,STRUCTURAL_SCREEN_EXHAUSTED_PRIMALITY_UNASSIGNED,GF3A_DIRECTIONAL_WRITE_EXHAUSTED_PRIMALITY_UNASSIGNED,514,512,512,NO_RECORDED_FACTOR_PRP_OR_LL_RESULT_AND_NO_ACTIVE_GIMPS_ASSIGNMENT,2026-08-09T02:56:41+00:00,UNALLOCATED,,,,,
SLCMP1467-1736,1736,1737,509086427,2^509086427-1,STRUCTURAL_SCREEN_EXHAUSTED_PRIMALITY_UNASSIGNED,GF3A_DIRECTIONAL_WRITE_EXHAUSTED_PRIMALITY_UNASSIGNED,514,512,512,NO_RECORDED_FACTOR_PRP_OR_LL_RESULT_AND_NO_ACTIVE_GIMPS_ASSIGNMENT,2026-08-09T02:56:41+00:00,UNALLOCATED,,,,,
SLCMP1467-1737,1737,1738,509086447,2^509086447-1,STRUCTURAL_SCREEN_EXHAUSTED_PRIMALITY_UNASSIGNED,GF3A_DIRECTIONAL_WRITE_EXHAUSTED_PRIMALITY_UNASSIGNED,514,512,512,NO_RECORDED_FACTOR_PRP_OR_LL_RESULT_AND_NO_ACTIVE_GIMPS_ASSIGNMENT,2026-08-09T02:56:41+00:00,UNALLOCATED,,,,,
SLCMP1467-1738,1738,1739,509086517,2^509086517-1,STRUCTURAL_SCREEN_EXHAUSTED_PRIMALITY_UNASSIGNED,GF3A_DIRECTIONAL_WRITE_EXHAUSTED_PRIMALITY_UNASSIGNED,513,512,512,NO_RECORDED_FACTOR_PRP_OR_LL_RESULT_AND_NO_ACTIVE_GIMPS_ASSIGNMENT,2026-08-09T02:56:41+00:00,UNALLOCATED,,,,,
SLCMP1467-1739,1739,1740,509086553,2^509086553-1,STRUCTURAL_SCREEN_EXHAUSTED_PRIMALITY_UNASSIGNED,GF3A_DIRECTIONAL_WRITE_EXHAUSTED_PRIMALITY_UNASSIGNED,513,512,512,NO_RECORDED_FACTOR_PRP_OR_LL_RESULT_AND_NO_ACTIVE_GIMPS_ASSIGNMENT,2026-08-09T02:56:41+00:00,UNALLOCATED,,,,,
SLCMP1467-1740,1740,1741,509086601,2^509086601-1,STRUCTURAL_SCREEN_EXHAUSTED_PRIMALITY_UNASSIGNED,GF3A_DIRECTIONAL_WRITE_EXHAUSTED_PRIMALITY_UNASSIGNED,513,512,512,NO_RECORDED_FACTOR_PRP_OR_LL_RESULT_AND_NO_ACTIVE_GIMPS_ASSIGNMENT,2026-08-09T02:56:41+00:00,UNALLOCATED,,,,,
SLCMP1467-1741,1741,1742,509086603,2^509086603-1,STRUCTURAL_SCREEN_EXHAUSTED_PRIMALITY_UNASSIGNED,GF3A_DIRECTIONAL_WRITE_EXHAUSTED_PRIMALITY_UNASSIGNED,514,512,512,NO_RECORDED_FACTOR_PRP_OR_LL_RESULT_AND_NO_ACTIVE_GIMPS_ASSIGNMENT,2026-08-09T02:56:41+00:00,UNALLOCATED,,,,,
SLCMP1467-1742,1742,1743,509086609,2^509086609-1,STRUCTURAL_SCREEN_EXHAUSTED_PRIMALITY_UNASSIGNED,GF3A_DIRECTIONAL_WRITE_EXHAUSTED_PRIMALITY_UNASSIGNED,513,512,512,NO_RECORDED_FACTOR_PRP_OR_LL_RESULT_AND_NO_ACTIVE_GIMPS_ASSIGNMENT,2026-08-09T02:56:41+00:00,UNALLOCATED,,,,,
SLCMP1467-1743,1743,1744,509086637,2^509086637-1,STRUCTURAL_SCREEN_EXHAUSTED_PRIMALITY_UNASSIGNED,GF3A_DIRECTIONAL_WRITE_EXHAUSTED_PRIMALITY_UNASSIGNED,513,512,512,NO_RECORDED_FACTOR_PRP_OR_LL_RESULT_AND_NO_ACTIVE_GIMPS_ASSIGNMENT,2026-08-09T02:56:41+00:00,UNALLOCATED,,,,,
SLCMP1467-1744,1744,1745,509086757,2^509086757-1,STRUCTURAL_SCREEN_EXHAUSTED_PRIMALITY_UNASSIGNED,GF3A_DIRECTIONAL_WRITE_EXHAUSTED_PRIMALITY_UNASSIGNED,513,512,512,NO_RECORDED_FACTOR_PRP_OR_LL_RESULT_AND_NO_ACTIVE_GIMPS_ASSIGNMENT,2026-08-09T02:56:41+00:00,UNALLOCATED,,,,,
SLCMP1467-1745,1745,1746,509086759,2^509086759-1,STRUCTURAL_SCREEN_EXHAUSTED_PRIMALITY_UNASSIGNED,GF3A_DIRECTIONAL_WRITE_EXHAUSTED_PRIMALITY_UNASSIGNED,514,512,512,NO_RECORDED_FACTOR_PRP_OR_LL_RESULT_AND_NO_ACTIVE_GIMPS_ASSIGNMENT,2026-08-09T02:56:41+00:00,UNALLOCATED,,,,,
SLCMP1467-1746,1746,1747,509086801,2^509086801-1,STRUCTURAL_SCREEN_EXHAUSTED_PRIMALITY_UNASSIGNED,GF3A_DIRECTIONAL_WRITE_EXHAUSTED_PRIMALITY_UNASSIGNED,513,512,512,NO_RECORDED_FACTOR_PRP_OR_LL_RESULT_AND_NO_ACTIVE_GIMPS_ASSIGNMENT,2026-08-09T02:56:41+00:00,UNALLOCATED,,,,,
SLCMP1467-1747,1747,1748,509086849,2^509086849-1,STRUCTURAL_SCREEN_EXHAUSTED_PRIMALITY_UNASSIGNED,GF3A_DIRECTIONAL_WRITE_EXHAUSTED_PRIMALITY_UNASSIGNED,513,512,512,NO_RECORDED_FACTOR_PRP_OR_LL_RESULT_AND_NO_ACTIVE_GIMPS_ASSIGNMENT,2026-08-09T02:56:41+00:00,UNALLOCATED,,,,,
SLCMP1467-1748,1748,1749,509086859,2^509086859-1,STRUCTURAL_SCREEN_EXHAUSTED_PRIMALITY_UNASSIGNED,GF3A_DIRECTIONAL_WRITE_EXHAUSTED_PRIMALITY_UNASSIGNED,514,512,512,NO_RECORDED_FACTOR_PRP_OR_LL_RESULT_AND_NO_ACTIVE_GIMPS_ASSIGNMENT,2026-08-09T02:56:41+00:00,UNALLOCATED,,,,,
SLCMP1467-1749,1749,1750,509086871,2^509086871-1,STRUCTURAL_SCREEN_EXHAUSTED_PRIMALITY_UNASSIGNED,GF3A_DIRECTIONAL_WRITE_EXHAUSTED_PRIMALITY_UNASSIGNED,514,512,512,NO_RECORDED_FACTOR_PRP_OR_LL_RESULT_AND_NO_ACTIVE_GIMPS_ASSIGNMENT,2026-08-09T02:56:41+00:00,UNALLOCATED,,,,,
SLCMP1467-1750,1750,1751,509087003,2^509087003-1,STRUCTURAL_SCREEN_EXHAUSTED_PRIMALITY_UNASSIGNED,GF3A_DIRECTIONAL_WRITE_EXHAUSTED_PRIMALITY_UNASSIGNED,514,512,512,NO_RECORDED_FACTOR_PRP_OR_LL_RESULT_AND_NO_ACTIVE_GIMPS_ASSIGNMENT,2026-08-09T02:56:41+00:00,UNALLOCATED,,,,,
SLCMP1467-1751,1751,1752,509087071,2^509087071-1,STRUCTURAL_SCREEN_EXHAUSTED_PRIMALITY_UNASSIGNED,GF3A_DIRECTIONAL_WRITE_EXHAUSTED_PRIMALITY_UNASSIGNED,514,512,512,NO_RECORDED_FACTOR_PRP_OR_LL_RESULT_AND_NO_ACTIVE_GIMPS_ASSIGNMENT,2026-08-09T02:56:41+00:00,UNALLOCATED,,,,,
SLCMP1467-1752,1752,1753,509087077,2^509087077-1,STRUCTURAL_SCREEN_EXHAUSTED_PRIMALITY_UNASSIGNED,GF3A_DIRECTIONAL_WRITE_EXHAUSTED_PRIMALITY_UNASSIGNED,513,512,512,NO_RECORDED_FACTOR_PRP_OR_LL_RESULT_AND_NO_ACTIVE_GIMPS_ASSIGNMENT,2026-08-09T02:56:41+00:00,UNALLOCATED,,,,,
SLCMP1467-1753,1753,1754,509087123,2^509087123-1,STRUCTURAL_SCREEN_EXHAUSTED_PRIMALITY_UNASSIGNED,GF3A_DIRECTIONAL_WRITE_EXHAUSTED_PRIMALITY_UNASSIGNED,514,512,512,NO_RECORDED_FACTOR_PRP_OR_LL_RESULT_AND_NO_ACTIVE_GIMPS_ASSIGNMENT,2026-08-09T02:56:41+00:00,UNALLOCATED,,,,,
SLCMP1467-1754,1754,1755,509087149,2^509087149-1,STRUCTURAL_SCREEN_EXHAUSTED_PRIMALITY_UNASSIGNED,GF3A_DIRECTIONAL_WRITE_EXHAUSTED_PRIMALITY_UNASSIGNED,513,512,512,NO_RECORDED_FACTOR_PRP_OR_LL_RESULT_AND_NO_ACTIVE_GIMPS_ASSIGNMENT,2026-08-09T02:56:41+00:00,UNALLOCATED,,,,,
SLCMP1467-1755,1755,1756,509087153,2^509087153-1,STRUCTURAL_SCREEN_EXHAUSTED_PRIMALITY_UNASSIGNED,GF3A_DIRECTIONAL_WRITE_EXHAUSTED_PRIMALITY_UNASSIGNED,513,512,512,NO_RECORDED_FACTOR_PRP_OR_LL_RESULT_AND_NO_ACTIVE_GIMPS_ASSIGNMENT,2026-08-09T02:56:41+00:00,UNALLOCATED,,,,,
SLCMP1467-1756,1756,1757,509087179,2^509087179-1,STRUCTURAL_SCREEN_EXHAUSTED_PRIMALITY_UNASSIGNED,GF3A_DIRECTIONAL_WRITE_EXHAUSTED_PRIMALITY_UNASSIGNED,514,512,512,NO_RECORDED_FACTOR_PRP_OR_LL_RESULT_AND_NO_ACTIVE_GIMPS_ASSIGNMENT,2026-08-09T02:56:41+00:00,UNALLOCATED,,,,,
SLCMP1467-1757,1757,1758,509087281,2^509087281-1,STRUCTURAL_SCREEN_EXHAUSTED_PRIMALITY_UNASSIGNED,GF3A_DIRECTIONAL_WRITE_EXHAUSTED_PRIMALITY_UNASSIGNED,513,512,512,NO_RECORDED_FACTOR_PRP_OR_LL_RESULT_AND_NO_ACTIVE_GIMPS_ASSIGNMENT,2026-08-09T02:56:41+00:00,UNALLOCATED,,,,,
SLCMP1467-1758,1758,1759,509087339,2^509087339-1,STRUCTURAL_SCREEN_EXHAUSTED_PRIMALITY_UNASSIGNED,GF3A_DIRECTIONAL_WRITE_EXHAUSTED_PRIMALITY_UNASSIGNED,514,512,512,NO_RECORDED_FACTOR_PRP_OR_LL_RESULT_AND_NO_ACTIVE_GIMPS_ASSIGNMENT,2026-08-09T02:56:41+00:00,UNALLOCATED,,,,,
SLCMP1467-1759,1759,1760,509087429,2^509087429-1,STRUCTURAL_SCREEN_EXHAUSTED_PRIMALITY_UNASSIGNED,GF3A_DIRECTIONAL_WRITE_EXHAUSTED_PRIMALITY_UNASSIGNED,513,512,512,NO_RECORDED_FACTOR_PRP_OR_LL_RESULT_AND_NO_ACTIVE_GIMPS_ASSIGNMENT,2026-08-09T02:56:41+00:00,UNALLOCATED,,,,,
SLCMP1467-1760,1760,1761,509087471,2^509087471-1,STRUCTURAL_SCREEN_EXHAUSTED_PRIMALITY_UNASSIGNED,GF3A_DIRECTIONAL_WRITE_EXHAUSTED_PRIMALITY_UNASSIGNED,514,512,512,NO_RECORDED_FACTOR_PRP_OR_LL_RESULT_AND_NO_ACTIVE_GIMPS_ASSIGNMENT,2026-08-09T02:56:41+00:00,UNALLOCATED,,,,,
SLCMP1467-1761,1761,1762,509087521,2^509087521-1,STRUCTURAL_SCREEN_EXHAUSTED_PRIMALITY_UNASSIGNED,GF3A_DIRECTIONAL_WRITE_EXHAUSTED_PRIMALITY_UNASSIGNED,513,512,512,NO_RECORDED_FACTOR_PRP_OR_LL_RESULT_AND_NO_ACTIVE_GIMPS_ASSIGNMENT,2026-08-09T02:56:41+00:00,UNALLOCATED,,,,,
SLCMP1467-1762,1762,1763,509087563,2^509087563-1,STRUCTURAL_SCREEN_EXHAUSTED_PRIMALITY_UNASSIGNED,GF3A_DIRECTIONAL_WRITE_EXHAUSTED_PRIMALITY_UNASSIGNED,514,512,512,NO_RECORDED_FACTOR_PRP_OR_LL_RESULT_AND_NO_ACTIVE_GIMPS_ASSIGNMENT,2026-08-09T02:56:41+00:00,UNALLOCATED,,,,,
SLCMP1467-1763,1763,1764,509087569,2^509087569-1,STRUCTURAL_SCREEN_EXHAUSTED_PRIMALITY_UNASSIGNED,GF3A_DIRECTIONAL_WRITE_EXHAUSTED_PRIMALITY_UNASSIGNED,513,512,512,NO_RECORDED_FACTOR_PRP_OR_LL_RESULT_AND_NO_ACTIVE_GIMPS_ASSIGNMENT,2026-08-09T02:56:41+00:00,UNALLOCATED,,,,,
SLCMP1467-1764,1764,1765,509087573,2^509087573-1,STRUCTURAL_SCREEN_EXHAUSTED_PRIMALITY_UNASSIGNED,GF3A_DIRECTIONAL_WRITE_EXHAUSTED_PRIMALITY_UNASSIGNED,513,512,512,NO_RECORDED_FACTOR_PRP_OR_LL_RESULT_AND_NO_ACTIVE_GIMPS_ASSIGNMENT,2026-08-09T02:56:41+00:00,UNALLOCATED,,,,,
SLCMP1467-1765,1765,1766,509087603,2^509087603-1,STRUCTURAL_SCREEN_EXHAUSTED_PRIMALITY_UNASSIGNED,GF3A_DIRECTIONAL_WRITE_EXHAUSTED_PRIMALITY_UNASSIGNED,514,512,512,NO_RECORDED_FACTOR_PRP_OR_LL_RESULT_AND_NO_ACTIVE_GIMPS_ASSIGNMENT,2026-08-09T02:56:41+00:00,UNALLOCATED,,,,,
SLCMP1467-1766,1766,1767,509087629,2^509087629-1,STRUCTURAL_SCREEN_EXHAUSTED_PRIMALITY_UNASSIGNED,GF3A_DIRECTIONAL_WRITE_EXHAUSTED_PRIMALITY_UNASSIGNED,513,512,512,NO_RECORDED_FACTOR_PRP_OR_LL_RESULT_AND_NO_ACTIVE_GIMPS_ASSIGNMENT,2026-08-09T02:56:41+00:00,UNALLOCATED,,,,,
SLCMP1467-1767,1767,1768,509087717,2^509087717-1,STRUCTURAL_SCREEN_EXHAUSTED_PRIMALITY_UNASSIGNED,GF3A_DIRECTIONAL_WRITE_EXHAUSTED_PRIMALITY_UNASSIGNED,513,512,512,NO_RECORDED_FACTOR_PRP_OR_LL_RESULT_AND_NO_ACTIVE_GIMPS_ASSIGNMENT,2026-08-09T02:56:41+00:00,UNALLOCATED,,,,,
SLCMP1467-1768,1768,1769,509087731,2^509087731-1,STRUCTURAL_SCREEN_EXHAUSTED_PRIMALITY_UNASSIGNED,GF3A_DIRECTIONAL_WRITE_EXHAUSTED_PRIMALITY_UNASSIGNED,514,512,512,NO_RECORDED_FACTOR_PRP_OR_LL_RESULT_AND_NO_ACTIVE_GIMPS_ASSIGNMENT,2026-08-09T02:56:41+00:00,UNALLOCATED,,,,,
SLCMP1467-1769,1769,1770,509087783,2^509087783-1,STRUCTURAL_SCREEN_EXHAUSTED_PRIMALITY_UNASSIGNED,GF3A_DIRECTIONAL_WRITE_EXHAUSTED_PRIMALITY_UNASSIGNED,514,512,512,NO_RECORDED_FACTOR_PRP_OR_LL_RESULT_AND_NO_ACTIVE_GIMPS_ASSIGNMENT,2026-08-09T02:56:41+00:00,UNALLOCATED,,,,,
SLCMP1467-1770,1770,1771,509087849,2^509087849-1,STRUCTURAL_SCREEN_EXHAUSTED_PRIMALITY_UNASSIGNED,GF3A_DIRECTIONAL_WRITE_EXHAUSTED_PRIMALITY_UNASSIGNED,513,512,512,NO_RECORDED_FACTOR_PRP_OR_LL_RESULT_AND_NO_ACTIVE_GIMPS_ASSIGNMENT,2026-08-09T02:56:41+00:00,UNALLOCATED,,,,,
SLCMP1467-1771,1771,1772,509087947,2^509087947-1,STRUCTURAL_SCREEN_EXHAUSTED_PRIMALITY_UNASSIGNED,GF3A_DIRECTIONAL_WRITE_EXHAUSTED_PRIMALITY_UNASSIGNED,514,512,512,NO_RECORDED_FACTOR_PRP_OR_LL_RESULT_AND_NO_ACTIVE_GIMPS_ASSIGNMENT,2026-08-09T02:56:41+00:00,UNALLOCATED,,,,,
SLCMP1467-1772,1772,1773,509087987,2^509087987-1,STRUCTURAL_SCREEN_EXHAUSTED_PRIMALITY_UNASSIGNED,GF3A_DIRECTIONAL_WRITE_EXHAUSTED_PRIMALITY_UNASSIGNED,514,512,512,NO_RECORDED_FACTOR_PRP_OR_LL_RESULT_AND_NO_ACTIVE_GIMPS_ASSIGNMENT,2026-08-09T02:56:41+00:00,UNALLOCATED,,,,,
SLCMP1467-1773,1773,1774,509088089,2^509088089-1,STRUCTURAL_SCREEN_EXHAUSTED_PRIMALITY_UNASSIGNED,GF3A_DIRECTIONAL_WRITE_EXHAUSTED_PRIMALITY_UNASSIGNED,513,512,512,NO_RECORDED_FACTOR_PRP_OR_LL_RESULT_AND_NO_ACTIVE_GIMPS_ASSIGNMENT,2026-08-09T02:56:41+00:00,UNALLOCATED,,,,,
SLCMP1467-1774,1774,1775,509088091,2^509088091-1,STRUCTURAL_SCREEN_EXHAUSTED_PRIMALITY_UNASSIGNED,GF3A_DIRECTIONAL_WRITE_EXHAUSTED_PRIMALITY_UNASSIGNED,514,512,512,NO_RECORDED_FACTOR_PRP_OR_LL_RESULT_AND_NO_ACTIVE_GIMPS_ASSIGNMENT,2026-08-09T02:56:41+00:00,UNALLOCATED,,,,,
SLCMP1467-1775,1775,1776,509088221,2^509088221-1,STRUCTURAL_SCREEN_EXHAUSTED_PRIMALITY_UNASSIGNED,GF3A_DIRECTIONAL_WRITE_EXHAUSTED_PRIMALITY_UNASSIGNED,513,512,512,NO_RECORDED_FACTOR_PRP_OR_LL_RESULT_AND_NO_ACTIVE_GIMPS_ASSIGNMENT,2026-08-09T02:56:41+00:00,UNALLOCATED,,,,,
SLCMP1467-1776,1776,1777,509088227,2^509088227-1,STRUCTURAL_SCREEN_EXHAUSTED_PRIMALITY_UNASSIGNED,GF3A_DIRECTIONAL_WRITE_EXHAUSTED_PRIMALITY_UNASSIGNED,514,512,512,NO_RECORDED_FACTOR_PRP_OR_LL_RESULT_AND_NO_ACTIVE_GIMPS_ASSIGNMENT,2026-08-09T02:56:41+00:00,UNALLOCATED,,,,,
SLCMP1467-1777,1777,1778,509088269,2^509088269-1,STRUCTURAL_SCREEN_EXHAUSTED_PRIMALITY_UNASSIGNED,GF3A_DIRECTIONAL_WRITE_EXHAUSTED_PRIMALITY_UNASSIGNED,513,512,512,NO_RECORDED_FACTOR_PRP_OR_LL_RESULT_AND_NO_ACTIVE_GIMPS_ASSIGNMENT,2026-08-09T02:56:41+00:00,UNALLOCATED,,,,,
SLCMP1467-1778,1778,1779,509088331,2^509088331-1,STRUCTURAL_SCREEN_EXHAUSTED_PRIMALITY_UNASSIGNED,GF3A_DIRECTIONAL_WRITE_EXHAUSTED_PRIMALITY_UNASSIGNED,514,512,512,NO_RECORDED_FACTOR_PRP_OR_LL_RESULT_AND_NO_ACTIVE_GIMPS_ASSIGNMENT,2026-08-09T02:56:41+00:00,UNALLOCATED,,,,,
SLCMP1467-1779,1779,1780,509088407,2^509088407-1,STRUCTURAL_SCREEN_EXHAUSTED_PRIMALITY_UNASSIGNED,GF3A_DIRECTIONAL_WRITE_EXHAUSTED_PRIMALITY_UNASSIGNED,514,512,512,NO_RECORDED_FACTOR_PRP_OR_LL_RESULT_AND_NO_ACTIVE_GIMPS_ASSIGNMENT,2026-08-09T02:56:41+00:00,UNALLOCATED,,,,,
SLCMP1467-1780,1780,1781,509088421,2^509088421-1,STRUCTURAL_SCREEN_EXHAUSTED_PRIMALITY_UNASSIGNED,GF3A_DIRECTIONAL_WRITE_EXHAUSTED_PRIMALITY_UNASSIGNED,513,512,512,NO_RECORDED_FACTOR_PRP_OR_LL_RESULT_AND_NO_ACTIVE_GIMPS_ASSIGNMENT,2026-08-09T02:56:41+00:00,UNALLOCATED,,,,,
SLCMP1467-1781,1781,1782,509088523,2^509088523-1,STRUCTURAL_SCREEN_EXHAUSTED_PRIMALITY_UNASSIGNED,GF3A_DIRECTIONAL_WRITE_EXHAUSTED_PRIMALITY_UNASSIGNED,514,512,512,NO_RECORDED_FACTOR_PRP_OR_LL_RESULT_AND_NO_ACTIVE_GIMPS_ASSIGNMENT,2026-08-09T02:56:41+00:00,UNALLOCATED,,,,,
SLCMP1467-1782,1782,1783,509088589,2^509088589-1,STRUCTURAL_SCREEN_EXHAUSTED_PRIMALITY_UNASSIGNED,GF3A_DIRECTIONAL_WRITE_EXHAUSTED_PRIMALITY_UNASSIGNED,513,512,512,NO_RECORDED_FACTOR_PRP_OR_LL_RESULT_AND_NO_ACTIVE_GIMPS_ASSIGNMENT,2026-08-09T02:56:41+00:00,UNALLOCATED,,,,,
SLCMP1467-1783,1783,1784,509088731,2^509088731-1,STRUCTURAL_SCREEN_EXHAUSTED_PRIMALITY_UNASSIGNED,GF3A_DIRECTIONAL_WRITE_EXHAUSTED_PRIMALITY_UNASSIGNED,514,512,512,NO_RECORDED_FACTOR_PRP_OR_LL_RESULT_AND_NO_ACTIVE_GIMPS_ASSIGNMENT,2026-08-09T02:56:41+00:00,UNALLOCATED,,,,,
SLCMP1467-1784,1784,1785,509088761,2^509088761-1,STRUCTURAL_SCREEN_EXHAUSTED_PRIMALITY_UNASSIGNED,GF3A_DIRECTIONAL_WRITE_EXHAUSTED_PRIMALITY_UNASSIGNED,513,512,512,NO_RECORDED_FACTOR_PRP_OR_LL_RESULT_AND_NO_ACTIVE_GIMPS_ASSIGNMENT,2026-08-09T02:56:41+00:00,UNALLOCATED,,,,,
SLCMP1467-1785,1785,1786,509088763,2^509088763-1,STRUCTURAL_SCREEN_EXHAUSTED_PRIMALITY_UNASSIGNED,GF3A_DIRECTIONAL_WRITE_EXHAUSTED_PRIMALITY_UNASSIGNED,514,512,512,NO_RECORDED_FACTOR_PRP_OR_LL_RESULT_AND_NO_ACTIVE_GIMPS_ASSIGNMENT,2026-08-09T02:56:41+00:00,UNALLOCATED,,,,,
SLCMP1467-1786,1786,1787,509088781,2^509088781-1,STRUCTURAL_SCREEN_EXHAUSTED_PRIMALITY_UNASSIGNED,GF3A_DIRECTIONAL_WRITE_EXHAUSTED_PRIMALITY_UNASSIGNED,513,512,512,NO_RECORDED_FACTOR_PRP_OR_LL_RESULT_AND_NO_ACTIVE_GIMPS_ASSIGNMENT,2026-08-09T02:56:41+00:00,UNALLOCATED,,,,,
SLCMP1467-1787,1787,1788,509088791,2^509088791-1,STRUCTURAL_SCREEN_EXHAUSTED_PRIMALITY_UNASSIGNED,GF3A_DIRECTIONAL_WRITE_EXHAUSTED_PRIMALITY_UNASSIGNED,514,512,512,NO_RECORDED_FACTOR_PRP_OR_LL_RESULT_AND_NO_ACTIVE_GIMPS_ASSIGNMENT,2026-08-09T02:56:41+00:00,UNALLOCATED,,,,,
SLCMP1467-1788,1788,1789,509088901,2^509088901-1,STRUCTURAL_SCREEN_EXHAUSTED_PRIMALITY_UNASSIGNED,GF3A_DIRECTIONAL_WRITE_EXHAUSTED_PRIMALITY_UNASSIGNED,513,512,512,NO_RECORDED_FACTOR_PRP_OR_LL_RESULT_AND_NO_ACTIVE_GIMPS_ASSIGNMENT,2026-08-09T02:56:41+00:00,UNALLOCATED,,,,,
SLCMP1467-1789,1789,1790,509088961,2^509088961-1,STRUCTURAL_SCREEN_EXHAUSTED_PRIMALITY_UNASSIGNED,GF3A_DIRECTIONAL_WRITE_EXHAUSTED_PRIMALITY_UNASSIGNED,513,512,512,NO_RECORDED_FACTOR_PRP_OR_LL_RESULT_AND_NO_ACTIVE_GIMPS_ASSIGNMENT,2026-08-09T02:56:41+00:00,UNALLOCATED,,,,,
SLCMP1467-1790,1790,1791,509088973,2^509088973-1,STRUCTURAL_SCREEN_EXHAUSTED_PRIMALITY_UNASSIGNED,GF3A_DIRECTIONAL_WRITE_EXHAUSTED_PRIMALITY_UNASSIGNED,513,512,512,NO_RECORDED_FACTOR_PRP_OR_LL_RESULT_AND_NO_ACTIVE_GIMPS_ASSIGNMENT,2026-08-09T02:56:41+00:00,UNALLOCATED,,,,,
SLCMP1467-1791,1791,1792,509089001,2^509089001-1,STRUCTURAL_SCREEN_EXHAUSTED_PRIMALITY_UNASSIGNED,GF3A_DIRECTIONAL_WRITE_EXHAUSTED_PRIMALITY_UNASSIGNED,513,512,512,NO_RECORDED_FACTOR_PRP_OR_LL_RESULT_AND_NO_ACTIVE_GIMPS_ASSIGNMENT,2026-08-09T02:56:41+00:00,UNALLOCATED,,,,,
SLCMP1467-1792,1792,1793,509089027,2^509089027-1,STRUCTURAL_SCREEN_EXHAUSTED_PRIMALITY_UNASSIGNED,GF3A_DIRECTIONAL_WRITE_EXHAUSTED_PRIMALITY_UNASSIGNED,514,512,512,NO_RECORDED_FACTOR_PRP_OR_LL_RESULT_AND_NO_ACTIVE_GIMPS_ASSIGNMENT,2026-08-09T02:56:41+00:00,UNALLOCATED,,,,,
SLCMP1467-1793,1793,1794,509089081,2^509089081-1,STRUCTURAL_SCREEN_EXHAUSTED_PRIMALITY_UNASSIGNED,GF3A_DIRECTIONAL_WRITE_EXHAUSTED_PRIMALITY_UNASSIGNED,513,512,512,NO_RECORDED_FACTOR_PRP_OR_LL_RESULT_AND_NO_ACTIVE_GIMPS_ASSIGNMENT,2026-08-09T02:56:41+00:00,UNALLOCATED,,,,,
SLCMP1467-1794,1794,1795,509089109,2^509089109-1,STRUCTURAL_SCREEN_EXHAUSTED_PRIMALITY_UNASSIGNED,GF3A_DIRECTIONAL_WRITE_EXHAUSTED_PRIMALITY_UNASSIGNED,513,512,512,NO_RECORDED_FACTOR_PRP_OR_LL_RESULT_AND_NO_ACTIVE_GIMPS_ASSIGNMENT,2026-08-09T02:56:41+00:00,UNALLOCATED,,,,,
SLCMP1467-1795,1795,1796,509089181,2^509089181-1,STRUCTURAL_SCREEN_EXHAUSTED_PRIMALITY_UNASSIGNED,GF3A_DIRECTIONAL_WRITE_EXHAUSTED_PRIMALITY_UNASSIGNED,513,512,512,NO_RECORDED_FACTOR_PRP_OR_LL_RESULT_AND_NO_ACTIVE_GIMPS_ASSIGNMENT,2026-08-09T02:56:41+00:00,UNALLOCATED,,,,,
SLCMP1467-1796,1796,1797,509089303,2^509089303-1,STRUCTURAL_SCREEN_EXHAUSTED_PRIMALITY_UNASSIGNED,GF3A_DIRECTIONAL_WRITE_EXHAUSTED_PRIMALITY_UNASSIGNED,514,512,512,NO_RECORDED_FACTOR_PRP_OR_LL_RESULT_AND_NO_ACTIVE_GIMPS_ASSIGNMENT,2026-08-09T02:56:41+00:00,UNALLOCATED,,,,,
SLCMP1467-1797,1797,1798,509089393,2^509089393-1,STRUCTURAL_SCREEN_EXHAUSTED_PRIMALITY_UNASSIGNED,GF3A_DIRECTIONAL_WRITE_EXHAUSTED_PRIMALITY_UNASSIGNED,513,512,512,NO_RECORDED_FACTOR_PRP_OR_LL_RESULT_AND_NO_ACTIVE_GIMPS_ASSIGNMENT,2026-08-09T02:56:41+00:00,UNALLOCATED,,,,,
SLCMP1467-1798,1798,1799,509089459,2^509089459-1,STRUCTURAL_SCREEN_EXHAUSTED_PRIMALITY_UNASSIGNED,GF3A_DIRECTIONAL_WRITE_EXHAUSTED_PRIMALITY_UNASSIGNED,514,512,512,NO_RECORDED_FACTOR_PRP_OR_LL_RESULT_AND_NO_ACTIVE_GIMPS_ASSIGNMENT,2026-08-09T02:56:41+00:00,UNALLOCATED,,,,,
SLCMP1467-1799,1799,1800,509089673,2^509089673-1,STRUCTURAL_SCREEN_EXHAUSTED_PRIMALITY_UNASSIGNED,GF3A_DIRECTIONAL_WRITE_EXHAUSTED_PRIMALITY_UNASSIGNED,513,512,512,NO_RECORDED_FACTOR_PRP_OR_LL_RESULT_AND_NO_ACTIVE_GIMPS_ASSIGNMENT,2026-08-09T02:56:41+00:00,UNALLOCATED,,,,,
SLCMP1467-1800,1800,1801,509089687,2^509089687-1,STRUCTURAL_SCREEN_EXHAUSTED_PRIMALITY_UNASSIGNED,GF3A_DIRECTIONAL_WRITE_EXHAUSTED_PRIMALITY_UNASSIGNED,514,512,512,NO_RECORDED_FACTOR_PRP_OR_LL_RESULT_AND_NO_ACTIVE_GIMPS_ASSIGNMENT,2026-08-09T02:56:41+00:00,UNALLOCATED,,,,,
SLCMP1467-1801,1801,1802,509089699,2^509089699-1,STRUCTURAL_SCREEN_EXHAUSTED_PRIMALITY_UNASSIGNED,GF3A_DIRECTIONAL_WRITE_EXHAUSTED_PRIMALITY_UNASSIGNED,514,512,512,NO_RECORDED_FACTOR_PRP_OR_LL_RESULT_AND_NO_ACTIVE_GIMPS_ASSIGNMENT,2026-08-09T02:56:41+00:00,UNALLOCATED,,,,,
SLCMP1467-1802,1802,1803,509089723,2^509089723-1,STRUCTURAL_SCREEN_EXHAUSTED_PRIMALITY_UNASSIGNED,GF3A_DIRECTIONAL_WRITE_EXHAUSTED_PRIMALITY_UNASSIGNED,514,512,512,NO_RECORDED_FACTOR_PRP_OR_LL_RESULT_AND_NO_ACTIVE_GIMPS_ASSIGNMENT,2026-08-09T02:56:41+00:00,UNALLOCATED,,,,,
SLCMP1467-1803,1803,1804,509089727,2^509089727-1,STRUCTURAL_SCREEN_EXHAUSTED_PRIMALITY_UNASSIGNED,GF3A_DIRECTIONAL_WRITE_EXHAUSTED_PRIMALITY_UNASSIGNED,514,512,512,NO_RECORDED_FACTOR_PRP_OR_LL_RESULT_AND_NO_ACTIVE_GIMPS_ASSIGNMENT,2026-08-09T02:56:41+00:00,UNALLOCATED,,,,,
SLCMP1467-1804,1804,1805,509089733,2^509089733-1,STRUCTURAL_SCREEN_EXHAUSTED_PRIMALITY_UNASSIGNED,GF3A_DIRECTIONAL_WRITE_EXHAUSTED_PRIMALITY_UNASSIGNED,513,512,512,NO_RECORDED_FACTOR_PRP_OR_LL_RESULT_AND_NO_ACTIVE_GIMPS_ASSIGNMENT,2026-08-09T02:56:41+00:00,UNALLOCATED,,,,,
SLCMP1467-1805,1805,1806,509089739,2^509089739-1,STRUCTURAL_SCREEN_EXHAUSTED_PRIMALITY_UNASSIGNED,GF3A_DIRECTIONAL_WRITE_EXHAUSTED_PRIMALITY_UNASSIGNED,514,512,512,NO_RECORDED_FACTOR_PRP_OR_LL_RESULT_AND_NO_ACTIVE_GIMPS_ASSIGNMENT,2026-08-09T02:56:41+00:00,UNALLOCATED,,,,,
SLCMP1467-1806,1806,1807,509089753,2^509089753-1,STRUCTURAL_SCREEN_EXHAUSTED_PRIMALITY_UNASSIGNED,GF3A_DIRECTIONAL_WRITE_EXHAUSTED_PRIMALITY_UNASSIGNED,513,512,512,NO_RECORDED_FACTOR_PRP_OR_LL_RESULT_AND_NO_ACTIVE_GIMPS_ASSIGNMENT,2026-08-09T02:56:41+00:00,UNALLOCATED,,,,,
SLCMP1467-1807,1807,1808,509089807,2^509089807-1,STRUCTURAL_SCREEN_EXHAUSTED_PRIMALITY_UNASSIGNED,GF3A_DIRECTIONAL_WRITE_EXHAUSTED_PRIMALITY_UNASSIGNED,514,512,512,NO_RECORDED_FACTOR_PRP_OR_LL_RESULT_AND_NO_ACTIVE_GIMPS_ASSIGNMENT,2026-08-09T02:56:41+00:00,UNALLOCATED,,,,,
SLCMP1467-1808,1808,1809,509089813,2^509089813-1,STRUCTURAL_SCREEN_EXHAUSTED_PRIMALITY_UNASSIGNED,GF3A_DIRECTIONAL_WRITE_EXHAUSTED_PRIMALITY_UNASSIGNED,513,512,512,NO_RECORDED_FACTOR_PRP_OR_LL_RESULT_AND_NO_ACTIVE_GIMPS_ASSIGNMENT,2026-08-09T02:56:41+00:00,UNALLOCATED,,,,,
SLCMP1467-1809,1809,1810,509089859,2^509089859-1,STRUCTURAL_SCREEN_EXHAUSTED_PRIMALITY_UNASSIGNED,GF3A_DIRECTIONAL_WRITE_EXHAUSTED_PRIMALITY_UNASSIGNED,514,512,512,NO_RECORDED_FACTOR_PRP_OR_LL_RESULT_AND_NO_ACTIVE_GIMPS_ASSIGNMENT,2026-08-09T02:56:41+00:00,UNALLOCATED,,,,,
SLCMP1467-1810,1810,1811,509089877,2^509089877-1,STRUCTURAL_SCREEN_EXHAUSTED_PRIMALITY_UNASSIGNED,GF3A_DIRECTIONAL_WRITE_EXHAUSTED_PRIMALITY_UNASSIGNED,513,512,512,NO_RECORDED_FACTOR_PRP_OR_LL_RESULT_AND_NO_ACTIVE_GIMPS_ASSIGNMENT,2026-08-09T02:56:41+00:00,UNALLOCATED,,,,,
SLCMP1467-1811,1811,1812,509089991,2^509089991-1,STRUCTURAL_SCREEN_EXHAUSTED_PRIMALITY_UNASSIGNED,GF3A_DIRECTIONAL_WRITE_EXHAUSTED_PRIMALITY_UNASSIGNED,514,512,512,NO_RECORDED_FACTOR_PRP_OR_LL_RESULT_AND_NO_ACTIVE_GIMPS_ASSIGNMENT,2026-08-09T02:56:41+00:00,UNALLOCATED,,,,,
SLCMP1467-1812,1812,1813,509090003,2^509090003-1,STRUCTURAL_SCREEN_EXHAUSTED_PRIMALITY_UNASSIGNED,GF3A_DIRECTIONAL_WRITE_EXHAUSTED_PRIMALITY_UNASSIGNED,514,512,512,NO_RECORDED_FACTOR_PRP_OR_LL_RESULT_AND_NO_ACTIVE_GIMPS_ASSIGNMENT,2026-08-09T02:56:41+00:00,UNALLOCATED,,,,,
SLCMP1467-1813,1813,1814,509090149,2^509090149-1,STRUCTURAL_SCREEN_EXHAUSTED_PRIMALITY_UNASSIGNED,GF3A_DIRECTIONAL_WRITE_EXHAUSTED_PRIMALITY_UNASSIGNED,513,512,512,NO_RECORDED_FACTOR_PRP_OR_LL_RESULT_AND_NO_ACTIVE_GIMPS_ASSIGNMENT,2026-08-09T02:56:41+00:00,UNALLOCATED,,,,,
SLCMP1467-1814,1814,1815,509090203,2^509090203-1,STRUCTURAL_SCREEN_EXHAUSTED_PRIMALITY_UNASSIGNED,GF3A_DIRECTIONAL_WRITE_EXHAUSTED_PRIMALITY_UNASSIGNED,514,512,512,NO_RECORDED_FACTOR_PRP_OR_LL_RESULT_AND_NO_ACTIVE_GIMPS_ASSIGNMENT,2026-08-09T02:56:41+00:00,UNALLOCATED,,,,,
SLCMP1467-1815,1815,1816,509090249,2^509090249-1,STRUCTURAL_SCREEN_EXHAUSTED_PRIMALITY_UNASSIGNED,GF3A_DIRECTIONAL_WRITE_EXHAUSTED_PRIMALITY_UNASSIGNED,513,512,512,NO_RECORDED_FACTOR_PRP_OR_LL_RESULT_AND_NO_ACTIVE_GIMPS_ASSIGNMENT,2026-08-09T02:56:41+00:00,UNALLOCATED,,,,,
SLCMP1467-1816,1816,1817,509090251,2^509090251-1,STRUCTURAL_SCREEN_EXHAUSTED_PRIMALITY_UNASSIGNED,GF3A_DIRECTIONAL_WRITE_EXHAUSTED_PRIMALITY_UNASSIGNED,514,512,512,NO_RECORDED_FACTOR_PRP_OR_LL_RESULT_AND_NO_ACTIVE_GIMPS_ASSIGNMENT,2026-08-09T02:56:41+00:00,UNALLOCATED,,,,,
SLCMP1467-1817,1817,1818,509090311,2^509090311-1,STRUCTURAL_SCREEN_EXHAUSTED_PRIMALITY_UNASSIGNED,GF3A_DIRECTIONAL_WRITE_EXHAUSTED_PRIMALITY_UNASSIGNED,514,512,512,NO_RECORDED_FACTOR_PRP_OR_LL_RESULT_AND_NO_ACTIVE_GIMPS_ASSIGNMENT,2026-08-09T02:56:41+00:00,UNALLOCATED,,,,,
SLCMP1467-1818,1818,1819,509090333,2^509090333-1,STRUCTURAL_SCREEN_EXHAUSTED_PRIMALITY_UNASSIGNED,GF3A_DIRECTIONAL_WRITE_EXHAUSTED_PRIMALITY_UNASSIGNED,513,512,512,NO_RECORDED_FACTOR_PRP_OR_LL_RESULT_AND_NO_ACTIVE_GIMPS_ASSIGNMENT,2026-08-09T02:56:41+00:00,UNALLOCATED,,,,,
SLCMP1467-1819,1819,1820,509090341,2^509090341-1,STRUCTURAL_SCREEN_EXHAUSTED_PRIMALITY_UNASSIGNED,GF3A_DIRECTIONAL_WRITE_EXHAUSTED_PRIMALITY_UNASSIGNED,513,512,512,NO_RECORDED_FACTOR_PRP_OR_LL_RESULT_AND_NO_ACTIVE_GIMPS_ASSIGNMENT,2026-08-09T02:56:41+00:00,UNALLOCATED,,,,,
SLCMP1467-1820,1820,1821,509090353,2^509090353-1,STRUCTURAL_SCREEN_EXHAUSTED_PRIMALITY_UNASSIGNED,GF3A_DIRECTIONAL_WRITE_EXHAUSTED_PRIMALITY_UNASSIGNED,513,512,512,NO_RECORDED_FACTOR_PRP_OR_LL_RESULT_AND_NO_ACTIVE_GIMPS_ASSIGNMENT,2026-08-09T02:56:41+00:00,UNALLOCATED,,,,,
SLCMP1467-1821,1821,1822,509090411,2^509090411-1,STRUCTURAL_SCREEN_EXHAUSTED_PRIMALITY_UNASSIGNED,GF3A_DIRECTIONAL_WRITE_EXHAUSTED_PRIMALITY_UNASSIGNED,514,512,512,NO_RECORDED_FACTOR_PRP_OR_LL_RESULT_AND_NO_ACTIVE_GIMPS_ASSIGNMENT,2026-08-09T02:56:41+00:00,UNALLOCATED,,,,,
SLCMP1467-1822,1822,1823,509090429,2^509090429-1,STRUCTURAL_SCREEN_EXHAUSTED_PRIMALITY_UNASSIGNED,GF3A_DIRECTIONAL_WRITE_EXHAUSTED_PRIMALITY_UNASSIGNED,513,512,512,NO_RECORDED_FACTOR_PRP_OR_LL_RESULT_AND_NO_ACTIVE_GIMPS_ASSIGNMENT,2026-08-09T02:56:41+00:00,UNALLOCATED,,,,,
SLCMP1467-1823,1823,1824,509090489,2^509090489-1,STRUCTURAL_SCREEN_EXHAUSTED_PRIMALITY_UNASSIGNED,GF3A_DIRECTIONAL_WRITE_EXHAUSTED_PRIMALITY_UNASSIGNED,513,512,512,NO_RECORDED_FACTOR_PRP_OR_LL_RESULT_AND_NO_ACTIVE_GIMPS_ASSIGNMENT,2026-08-09T02:56:41+00:00,UNALLOCATED,,,,,
SLCMP1467-1824,1824,1825,509090501,2^509090501-1,STRUCTURAL_SCREEN_EXHAUSTED_PRIMALITY_UNASSIGNED,GF3A_DIRECTIONAL_WRITE_EXHAUSTED_PRIMALITY_UNASSIGNED,513,512,512,NO_RECORDED_FACTOR_PRP_OR_LL_RESULT_AND_NO_ACTIVE_GIMPS_ASSIGNMENT,2026-08-09T02:56:41+00:00,UNALLOCATED,,,,,
SLCMP1467-1825,1825,1826,509090597,2^509090597-1,STRUCTURAL_SCREEN_EXHAUSTED_PRIMALITY_UNASSIGNED,GF3A_DIRECTIONAL_WRITE_EXHAUSTED_PRIMALITY_UNASSIGNED,513,512,512,NO_RECORDED_FACTOR_PRP_OR_LL_RESULT_AND_NO_ACTIVE_GIMPS_ASSIGNMENT,2026-08-09T02:56:41+00:00,UNALLOCATED,,,,,
SLCMP1467-1826,1826,1827,509090633,2^509090633-1,STRUCTURAL_SCREEN_EXHAUSTED_PRIMALITY_UNASSIGNED,GF3A_DIRECTIONAL_WRITE_EXHAUSTED_PRIMALITY_UNASSIGNED,513,512,512,NO_RECORDED_FACTOR_PRP_OR_LL_RESULT_AND_NO_ACTIVE_GIMPS_ASSIGNMENT,2026-08-09T02:56:41+00:00,UNALLOCATED,,,,,
SLCMP1467-1827,1827,1828,509090677,2^509090677-1,STRUCTURAL_SCREEN_EXHAUSTED_PRIMALITY_UNASSIGNED,GF3A_DIRECTIONAL_WRITE_EXHAUSTED_PRIMALITY_UNASSIGNED,513,512,512,NO_RECORDED_FACTOR_PRP_OR_LL_RESULT_AND_NO_ACTIVE_GIMPS_ASSIGNMENT,2026-08-09T02:56:41+00:00,UNALLOCATED,,,,,
SLCMP1467-1828,1828,1829,509090797,2^509090797-1,STRUCTURAL_SCREEN_EXHAUSTED_PRIMALITY_UNASSIGNED,GF3A_DIRECTIONAL_WRITE_EXHAUSTED_PRIMALITY_UNASSIGNED,513,512,512,NO_RECORDED_FACTOR_PRP_OR_LL_RESULT_AND_NO_ACTIVE_GIMPS_ASSIGNMENT,2026-08-09T02:56:41+00:00,UNALLOCATED,,,,,
SLCMP1467-1829,1829,1830,509090849,2^509090849-1,STRUCTURAL_SCREEN_EXHAUSTED_PRIMALITY_UNASSIGNED,GF3A_DIRECTIONAL_WRITE_EXHAUSTED_PRIMALITY_UNASSIGNED,513,512,512,NO_RECORDED_FACTOR_PRP_OR_LL_RESULT_AND_NO_ACTIVE_GIMPS_ASSIGNMENT,2026-08-09T02:56:41+00:00,UNALLOCATED,,,,,
SLCMP1467-1830,1830,1831,509090903,2^509090903-1,STRUCTURAL_SCREEN_EXHAUSTED_PRIMALITY_UNASSIGNED,GF3A_DIRECTIONAL_WRITE_EXHAUSTED_PRIMALITY_UNASSIGNED,514,512,512,NO_RECORDED_FACTOR_PRP_OR_LL_RESULT_AND_NO_ACTIVE_GIMPS_ASSIGNMENT,2026-08-09T02:56:41+00:00,UNALLOCATED,,,,,
SLCMP1467-1831,1831,1832,509091007,2^509091007-1,STRUCTURAL_SCREEN_EXHAUSTED_PRIMALITY_UNASSIGNED,GF3A_DIRECTIONAL_WRITE_EXHAUSTED_PRIMALITY_UNASSIGNED,514,512,512,NO_RECORDED_FACTOR_PRP_OR_LL_RESULT_AND_NO_ACTIVE_GIMPS_ASSIGNMENT,2026-08-09T02:56:41+00:00,UNALLOCATED,,,,,
SLCMP1467-1832,1832,1833,509091013,2^509091013-1,STRUCTURAL_SCREEN_EXHAUSTED_PRIMALITY_UNASSIGNED,GF3A_DIRECTIONAL_WRITE_EXHAUSTED_PRIMALITY_UNASSIGNED,513,512,512,NO_RECORDED_FACTOR_PRP_OR_LL_RESULT_AND_NO_ACTIVE_GIMPS_ASSIGNMENT,2026-08-09T02:56:41+00:00,UNALLOCATED,,,,,
SLCMP1467-1833,1833,1834,509091109,2^509091109-1,STRUCTURAL_SCREEN_EXHAUSTED_PRIMALITY_UNASSIGNED,GF3A_DIRECTIONAL_WRITE_EXHAUSTED_PRIMALITY_UNASSIGNED,513,512,512,NO_RECORDED_FACTOR_PRP_OR_LL_RESULT_AND_NO_ACTIVE_GIMPS_ASSIGNMENT,2026-08-09T02:56:41+00:00,UNALLOCATED,,,,,
SLCMP1467-1834,1834,1835,509091113,2^509091113-1,STRUCTURAL_SCREEN_EXHAUSTED_PRIMALITY_UNASSIGNED,GF3A_DIRECTIONAL_WRITE_EXHAUSTED_PRIMALITY_UNASSIGNED,513,512,512,NO_RECORDED_FACTOR_PRP_OR_LL_RESULT_AND_NO_ACTIVE_GIMPS_ASSIGNMENT,2026-08-09T02:56:41+00:00,UNALLOCATED,,,,,
SLCMP1467-1835,1835,1836,509091119,2^509091119-1,STRUCTURAL_SCREEN_EXHAUSTED_PRIMALITY_UNASSIGNED,GF3A_DIRECTIONAL_WRITE_EXHAUSTED_PRIMALITY_UNASSIGNED,514,512,512,NO_RECORDED_FACTOR_PRP_OR_LL_RESULT_AND_NO_ACTIVE_GIMPS_ASSIGNMENT,2026-08-09T02:56:41+00:00,UNALLOCATED,,,,,
SLCMP1467-1836,1836,1837,509091203,2^509091203-1,STRUCTURAL_SCREEN_EXHAUSTED_PRIMALITY_UNASSIGNED,GF3A_DIRECTIONAL_WRITE_EXHAUSTED_PRIMALITY_UNASSIGNED,514,512,512,NO_RECORDED_FACTOR_PRP_OR_LL_RESULT_AND_NO_ACTIVE_GIMPS_ASSIGNMENT,2026-08-09T02:56:41+00:00,UNALLOCATED,,,,,
SLCMP1467-1837,1837,1838,509091293,2^509091293-1,STRUCTURAL_SCREEN_EXHAUSTED_PRIMALITY_UNASSIGNED,GF3A_DIRECTIONAL_WRITE_EXHAUSTED_PRIMALITY_UNASSIGNED,513,512,512,NO_RECORDED_FACTOR_PRP_OR_LL_RESULT_AND_NO_ACTIVE_GIMPS_ASSIGNMENT,2026-08-09T02:56:41+00:00,UNALLOCATED,,,,,
SLCMP1467-1838,1838,1839,509091313,2^509091313-1,STRUCTURAL_SCREEN_EXHAUSTED_PRIMALITY_UNASSIGNED,GF3A_DIRECTIONAL_WRITE_EXHAUSTED_PRIMALITY_UNASSIGNED,513,512,512,NO_RECORDED_FACTOR_PRP_OR_LL_RESULT_AND_NO_ACTIVE_GIMPS_ASSIGNMENT,2026-08-09T02:56:41+00:00,UNALLOCATED,,,,,
SLCMP1467-1839,1839,1840,509091391,2^509091391-1,STRUCTURAL_SCREEN_EXHAUSTED_PRIMALITY_UNASSIGNED,GF3A_DIRECTIONAL_WRITE_EXHAUSTED_PRIMALITY_UNASSIGNED,514,512,512,NO_RECORDED_FACTOR_PRP_OR_LL_RESULT_AND_NO_ACTIVE_GIMPS_ASSIGNMENT,2026-08-09T02:56:41+00:00,UNALLOCATED,,,,,
SLCMP1467-1840,1840,1841,509091509,2^509091509-1,STRUCTURAL_SCREEN_EXHAUSTED_PRIMALITY_UNASSIGNED,GF3A_DIRECTIONAL_WRITE_EXHAUSTED_PRIMALITY_UNASSIGNED,513,512,512,NO_RECORDED_FACTOR_PRP_OR_LL_RESULT_AND_NO_ACTIVE_GIMPS_ASSIGNMENT,2026-08-09T02:56:41+00:00,UNALLOCATED,,,,,
SLCMP1467-1841,1841,1842,509091559,2^509091559-1,STRUCTURAL_SCREEN_EXHAUSTED_PRIMALITY_UNASSIGNED,GF3A_DIRECTIONAL_WRITE_EXHAUSTED_PRIMALITY_UNASSIGNED,514,512,512,NO_RECORDED_FACTOR_PRP_OR_LL_RESULT_AND_NO_ACTIVE_GIMPS_ASSIGNMENT,2026-08-09T02:56:41+00:00,UNALLOCATED,,,,,
SLCMP1467-1842,1842,1843,509091581,2^509091581-1,STRUCTURAL_SCREEN_EXHAUSTED_PRIMALITY_UNASSIGNED,GF3A_DIRECTIONAL_WRITE_EXHAUSTED_PRIMALITY_UNASSIGNED,513,512,512,NO_RECORDED_FACTOR_PRP_OR_LL_RESULT_AND_NO_ACTIVE_GIMPS_ASSIGNMENT,2026-08-09T02:56:41+00:00,UNALLOCATED,,,,,
SLCMP1467-1843,1843,1844,509091601,2^509091601-1,STRUCTURAL_SCREEN_EXHAUSTED_PRIMALITY_UNASSIGNED,GF3A_DIRECTIONAL_WRITE_EXHAUSTED_PRIMALITY_UNASSIGNED,513,512,512,NO_RECORDED_FACTOR_PRP_OR_LL_RESULT_AND_NO_ACTIVE_GIMPS_ASSIGNMENT,2026-08-09T02:56:41+00:00,UNALLOCATED,,,,,
SLCMP1467-1844,1844,1845,509091619,2^509091619-1,STRUCTURAL_SCREEN_EXHAUSTED_PRIMALITY_UNASSIGNED,GF3A_DIRECTIONAL_WRITE_EXHAUSTED_PRIMALITY_UNASSIGNED,514,512,512,NO_RECORDED_FACTOR_PRP_OR_LL_RESULT_AND_NO_ACTIVE_GIMPS_ASSIGNMENT,2026-08-09T02:56:41+00:00,UNALLOCATED,,,,,
SLCMP1467-1845,1845,1846,509091677,2^509091677-1,STRUCTURAL_SCREEN_EXHAUSTED_PRIMALITY_UNASSIGNED,GF3A_DIRECTIONAL_WRITE_EXHAUSTED_PRIMALITY_UNASSIGNED,513,512,512,NO_RECORDED_FACTOR_PRP_OR_LL_RESULT_AND_NO_ACTIVE_GIMPS_ASSIGNMENT,2026-08-09T02:56:41+00:00,UNALLOCATED,,,,,
SLCMP1467-1846,1846,1847,509091679,2^509091679-1,STRUCTURAL_SCREEN_EXHAUSTED_PRIMALITY_UNASSIGNED,GF3A_DIRECTIONAL_WRITE_EXHAUSTED_PRIMALITY_UNASSIGNED,514,512,512,NO_RECORDED_FACTOR_PRP_OR_LL_RESULT_AND_NO_ACTIVE_GIMPS_ASSIGNMENT,2026-08-09T02:56:41+00:00,UNALLOCATED,,,,,
SLCMP1467-1847,1847,1848,509091743,2^509091743-1,STRUCTURAL_SCREEN_EXHAUSTED_PRIMALITY_UNASSIGNED,GF3A_DIRECTIONAL_WRITE_EXHAUSTED_PRIMALITY_UNASSIGNED,514,512,512,NO_RECORDED_FACTOR_PRP_OR_LL_RESULT_AND_NO_ACTIVE_GIMPS_ASSIGNMENT,2026-08-09T02:56:41+00:00,UNALLOCATED,,,,,
SLCMP1467-1848,1848,1849,509091841,2^509091841-1,STRUCTURAL_SCREEN_EXHAUSTED_PRIMALITY_UNASSIGNED,GF3A_DIRECTIONAL_WRITE_EXHAUSTED_PRIMALITY_UNASSIGNED,513,512,512,NO_RECORDED_FACTOR_PRP_OR_LL_RESULT_AND_NO_ACTIVE_GIMPS_ASSIGNMENT,2026-08-09T02:56:41+00:00,UNALLOCATED,,,,,
SLCMP1467-1849,1849,1850,509091907,2^509091907-1,STRUCTURAL_SCREEN_EXHAUSTED_PRIMALITY_UNASSIGNED,GF3A_DIRECTIONAL_WRITE_EXHAUSTED_PRIMALITY_UNASSIGNED,514,512,512,NO_RECORDED_FACTOR_PRP_OR_LL_RESULT_AND_NO_ACTIVE_GIMPS_ASSIGNMENT,2026-08-09T02:56:41+00:00,UNALLOCATED,,,,,
SLCMP1467-1850,1850,1851,509091937,2^509091937-1,STRUCTURAL_SCREEN_EXHAUSTED_PRIMALITY_UNASSIGNED,GF3A_DIRECTIONAL_WRITE_EXHAUSTED_PRIMALITY_UNASSIGNED,513,512,512,NO_RECORDED_FACTOR_PRP_OR_LL_RESULT_AND_NO_ACTIVE_GIMPS_ASSIGNMENT,2026-08-09T02:56:41+00:00,UNALLOCATED,,,,,
SLCMP1467-1851,1851,1852,509091953,2^509091953-1,STRUCTURAL_SCREEN_EXHAUSTED_PRIMALITY_UNASSIGNED,GF3A_DIRECTIONAL_WRITE_EXHAUSTED_PRIMALITY_UNASSIGNED,513,512,512,NO_RECORDED_FACTOR_PRP_OR_LL_RESULT_AND_NO_ACTIVE_GIMPS_ASSIGNMENT,2026-08-09T02:56:41+00:00,UNALLOCATED,,,,,
SLCMP1467-1852,1852,1853,509092019,2^509092019-1,STRUCTURAL_SCREEN_EXHAUSTED_PRIMALITY_UNASSIGNED,GF3A_DIRECTIONAL_WRITE_EXHAUSTED_PRIMALITY_UNASSIGNED,514,512,512,NO_RECORDED_FACTOR_PRP_OR_LL_RESULT_AND_NO_ACTIVE_GIMPS_ASSIGNMENT,2026-08-09T02:56:41+00:00,UNALLOCATED,,,,,
SLCMP1467-1853,1853,1854,509092141,2^509092141-1,STRUCTURAL_SCREEN_EXHAUSTED_PRIMALITY_UNASSIGNED,GF3A_DIRECTIONAL_WRITE_EXHAUSTED_PRIMALITY_UNASSIGNED,513,512,512,NO_RECORDED_FACTOR_PRP_OR_LL_RESULT_AND_NO_ACTIVE_GIMPS_ASSIGNMENT,2026-08-09T02:56:41+00:00,UNALLOCATED,,,,,
SLCMP1467-1854,1854,1855,509092147,2^509092147-1,STRUCTURAL_SCREEN_EXHAUSTED_PRIMALITY_UNASSIGNED,GF3A_DIRECTIONAL_WRITE_EXHAUSTED_PRIMALITY_UNASSIGNED,514,512,512,NO_RECORDED_FACTOR_PRP_OR_LL_RESULT_AND_NO_ACTIVE_GIMPS_ASSIGNMENT,2026-08-09T02:56:41+00:00,UNALLOCATED,,,,,
SLCMP1467-1855,1855,1856,509092201,2^509092201-1,STRUCTURAL_SCREEN_EXHAUSTED_PRIMALITY_UNASSIGNED,GF3A_DIRECTIONAL_WRITE_EXHAUSTED_PRIMALITY_UNASSIGNED,513,512,512,NO_RECORDED_FACTOR_PRP_OR_LL_RESULT_AND_NO_ACTIVE_GIMPS_ASSIGNMENT,2026-08-09T02:56:41+00:00,UNALLOCATED,,,,,
SLCMP1467-1856,1856,1857,509092249,2^509092249-1,STRUCTURAL_SCREEN_EXHAUSTED_PRIMALITY_UNASSIGNED,GF3A_DIRECTIONAL_WRITE_EXHAUSTED_PRIMALITY_UNASSIGNED,513,512,512,NO_RECORDED_FACTOR_PRP_OR_LL_RESULT_AND_NO_ACTIVE_GIMPS_ASSIGNMENT,2026-08-09T02:56:41+00:00,UNALLOCATED,,,,,
SLCMP1467-1857,1857,1858,509092313,2^509092313-1,STRUCTURAL_SCREEN_EXHAUSTED_PRIMALITY_UNASSIGNED,GF3A_DIRECTIONAL_WRITE_EXHAUSTED_PRIMALITY_UNASSIGNED,513,512,512,NO_RECORDED_FACTOR_PRP_OR_LL_RESULT_AND_NO_ACTIVE_GIMPS_ASSIGNMENT,2026-08-09T02:56:41+00:00,UNALLOCATED,,,,,
SLCMP1467-1858,1858,1859,509092333,2^509092333-1,STRUCTURAL_SCREEN_EXHAUSTED_PRIMALITY_UNASSIGNED,GF3A_DIRECTIONAL_WRITE_EXHAUSTED_PRIMALITY_UNASSIGNED,513,512,512,NO_RECORDED_FACTOR_PRP_OR_LL_RESULT_AND_NO_ACTIVE_GIMPS_ASSIGNMENT,2026-08-09T02:56:41+00:00,UNALLOCATED,,,,,
SLCMP1467-1859,1859,1860,509092343,2^509092343-1,STRUCTURAL_SCREEN_EXHAUSTED_PRIMALITY_UNASSIGNED,GF3A_DIRECTIONAL_WRITE_EXHAUSTED_PRIMALITY_UNASSIGNED,514,512,512,NO_RECORDED_FACTOR_PRP_OR_LL_RESULT_AND_NO_ACTIVE_GIMPS_ASSIGNMENT,2026-08-09T02:56:41+00:00,UNALLOCATED,,,,,
SLCMP1467-1860,1860,1861,509092349,2^509092349-1,STRUCTURAL_SCREEN_EXHAUSTED_PRIMALITY_UNASSIGNED,GF3A_DIRECTIONAL_WRITE_EXHAUSTED_PRIMALITY_UNASSIGNED,513,512,512,NO_RECORDED_FACTOR_PRP_OR_LL_RESULT_AND_NO_ACTIVE_GIMPS_ASSIGNMENT,2026-08-09T02:56:41+00:00,UNALLOCATED,,,,,
SLCMP1467-1861,1861,1862,509092433,2^509092433-1,STRUCTURAL_SCREEN_EXHAUSTED_PRIMALITY_UNASSIGNED,GF3A_DIRECTIONAL_WRITE_EXHAUSTED_PRIMALITY_UNASSIGNED,513,512,512,NO_RECORDED_FACTOR_PRP_OR_LL_RESULT_AND_NO_ACTIVE_GIMPS_ASSIGNMENT,2026-08-09T02:56:41+00:00,UNALLOCATED,,,,,
SLCMP1467-1862,1862,1863,509092471,2^509092471-1,STRUCTURAL_SCREEN_EXHAUSTED_PRIMALITY_UNASSIGNED,GF3A_DIRECTIONAL_WRITE_EXHAUSTED_PRIMALITY_UNASSIGNED,514,512,512,NO_RECORDED_FACTOR_PRP_OR_LL_RESULT_AND_NO_ACTIVE_GIMPS_ASSIGNMENT,2026-08-09T02:56:41+00:00,UNALLOCATED,,,,,
SLCMP1467-1863,1863,1864,509092561,2^509092561-1,STRUCTURAL_SCREEN_EXHAUSTED_PRIMALITY_UNASSIGNED,GF3A_DIRECTIONAL_WRITE_EXHAUSTED_PRIMALITY_UNASSIGNED,513,512,512,NO_RECORDED_FACTOR_PRP_OR_LL_RESULT_AND_NO_ACTIVE_GIMPS_ASSIGNMENT,2026-08-09T02:56:41+00:00,UNALLOCATED,,,,,
SLCMP1467-1864,1864,1865,509092637,2^509092637-1,STRUCTURAL_SCREEN_EXHAUSTED_PRIMALITY_UNASSIGNED,GF3A_DIRECTIONAL_WRITE_EXHAUSTED_PRIMALITY_UNASSIGNED,513,512,512,NO_RECORDED_FACTOR_PRP_OR_LL_RESULT_AND_NO_ACTIVE_GIMPS_ASSIGNMENT,2026-08-09T02:56:41+00:00,UNALLOCATED,,,,,
SLCMP1467-1865,1865,1866,509092697,2^509092697-1,STRUCTURAL_SCREEN_EXHAUSTED_PRIMALITY_UNASSIGNED,GF3A_DIRECTIONAL_WRITE_EXHAUSTED_PRIMALITY_UNASSIGNED,513,512,512,NO_RECORDED_FACTOR_PRP_OR_LL_RESULT_AND_NO_ACTIVE_GIMPS_ASSIGNMENT,2026-08-09T02:56:41+00:00,UNALLOCATED,,,,,
SLCMP1467-1866,1866,1867,509092711,2^509092711-1,STRUCTURAL_SCREEN_EXHAUSTED_PRIMALITY_UNASSIGNED,GF3A_DIRECTIONAL_WRITE_EXHAUSTED_PRIMALITY_UNASSIGNED,514,512,512,NO_RECORDED_FACTOR_PRP_OR_LL_RESULT_AND_NO_ACTIVE_GIMPS_ASSIGNMENT,2026-08-09T02:56:41+00:00,UNALLOCATED,,,,,
SLCMP1467-1867,1867,1868,509092739,2^509092739-1,STRUCTURAL_SCREEN_EXHAUSTED_PRIMALITY_UNASSIGNED,GF3A_DIRECTIONAL_WRITE_EXHAUSTED_PRIMALITY_UNASSIGNED,514,512,512,NO_RECORDED_FACTOR_PRP_OR_LL_RESULT_AND_NO_ACTIVE_GIMPS_ASSIGNMENT,2026-08-09T02:56:41+00:00,UNALLOCATED,,,,,
SLCMP1467-1868,1868,1869,509092937,2^509092937-1,STRUCTURAL_SCREEN_EXHAUSTED_PRIMALITY_UNASSIGNED,GF3A_DIRECTIONAL_WRITE_EXHAUSTED_PRIMALITY_UNASSIGNED,513,512,512,NO_RECORDED_FACTOR_PRP_OR_LL_RESULT_AND_NO_ACTIVE_GIMPS_ASSIGNMENT,2026-08-09T02:56:41+00:00,UNALLOCATED,,,,,
SLCMP1467-1869,1869,1870,509092951,2^509092951-1,STRUCTURAL_SCREEN_EXHAUSTED_PRIMALITY_UNASSIGNED,GF3A_DIRECTIONAL_WRITE_EXHAUSTED_PRIMALITY_UNASSIGNED,514,512,512,NO_RECORDED_FACTOR_PRP_OR_LL_RESULT_AND_NO_ACTIVE_GIMPS_ASSIGNMENT,2026-08-09T02:56:41+00:00,UNALLOCATED,,,,,
SLCMP1467-1870,1870,1871,509092967,2^509092967-1,STRUCTURAL_SCREEN_EXHAUSTED_PRIMALITY_UNASSIGNED,GF3A_DIRECTIONAL_WRITE_EXHAUSTED_PRIMALITY_UNASSIGNED,514,512,512,NO_RECORDED_FACTOR_PRP_OR_LL_RESULT_AND_NO_ACTIVE_GIMPS_ASSIGNMENT,2026-08-09T02:56:41+00:00,UNALLOCATED,,,,,
SLCMP1467-1871,1871,1872,509092981,2^509092981-1,STRUCTURAL_SCREEN_EXHAUSTED_PRIMALITY_UNASSIGNED,GF3A_DIRECTIONAL_WRITE_EXHAUSTED_PRIMALITY_UNASSIGNED,513,512,512,NO_RECORDED_FACTOR_PRP_OR_LL_RESULT_AND_NO_ACTIVE_GIMPS_ASSIGNMENT,2026-08-09T02:56:41+00:00,UNALLOCATED,,,,,
SLCMP1467-1872,1872,1873,509093041,2^509093041-1,STRUCTURAL_SCREEN_EXHAUSTED_PRIMALITY_UNASSIGNED,GF3A_DIRECTIONAL_WRITE_EXHAUSTED_PRIMALITY_UNASSIGNED,513,512,512,NO_RECORDED_FACTOR_PRP_OR_LL_RESULT_AND_NO_ACTIVE_GIMPS_ASSIGNMENT,2026-08-09T02:56:41+00:00,UNALLOCATED,,,,,
SLCMP1467-1873,1873,1874,509093047,2^509093047-1,STRUCTURAL_SCREEN_EXHAUSTED_PRIMALITY_UNASSIGNED,GF3A_DIRECTIONAL_WRITE_EXHAUSTED_PRIMALITY_UNASSIGNED,514,512,512,NO_RECORDED_FACTOR_PRP_OR_LL_RESULT_AND_NO_ACTIVE_GIMPS_ASSIGNMENT,2026-08-09T02:56:41+00:00,UNALLOCATED,,,,,
SLCMP1467-1874,1874,1875,509093059,2^509093059-1,STRUCTURAL_SCREEN_EXHAUSTED_PRIMALITY_UNASSIGNED,GF3A_DIRECTIONAL_WRITE_EXHAUSTED_PRIMALITY_UNASSIGNED,514,512,512,NO_RECORDED_FACTOR_PRP_OR_LL_RESULT_AND_NO_ACTIVE_GIMPS_ASSIGNMENT,2026-08-09T02:56:41+00:00,UNALLOCATED,,,,,
SLCMP1467-1875,1875,1876,509093093,2^509093093-1,STRUCTURAL_SCREEN_EXHAUSTED_PRIMALITY_UNASSIGNED,GF3A_DIRECTIONAL_WRITE_EXHAUSTED_PRIMALITY_UNASSIGNED,513,512,512,NO_RECORDED_FACTOR_PRP_OR_LL_RESULT_AND_NO_ACTIVE_GIMPS_ASSIGNMENT,2026-08-09T02:56:41+00:00,UNALLOCATED,,,,,
SLCMP1467-1876,1876,1877,509093141,2^509093141-1,STRUCTURAL_SCREEN_EXHAUSTED_PRIMALITY_UNASSIGNED,GF3A_DIRECTIONAL_WRITE_EXHAUSTED_PRIMALITY_UNASSIGNED,513,512,512,NO_RECORDED_FACTOR_PRP_OR_LL_RESULT_AND_NO_ACTIVE_GIMPS_ASSIGNMENT,2026-08-09T02:56:41+00:00,UNALLOCATED,,,,,
SLCMP1467-1877,1877,1878,509093149,2^509093149-1,STRUCTURAL_SCREEN_EXHAUSTED_PRIMALITY_UNASSIGNED,GF3A_DIRECTIONAL_WRITE_EXHAUSTED_PRIMALITY_UNASSIGNED,513,512,512,NO_RECORDED_FACTOR_PRP_OR_LL_RESULT_AND_NO_ACTIVE_GIMPS_ASSIGNMENT,2026-08-09T02:56:41+00:00,UNALLOCATED,,,,,
SLCMP1467-1878,1878,1879,509093209,2^509093209-1,STRUCTURAL_SCREEN_EXHAUSTED_PRIMALITY_UNASSIGNED,GF3A_DIRECTIONAL_WRITE_EXHAUSTED_PRIMALITY_UNASSIGNED,513,512,512,NO_RECORDED_FACTOR_PRP_OR_LL_RESULT_AND_NO_ACTIVE_GIMPS_ASSIGNMENT,2026-08-09T02:56:41+00:00,UNALLOCATED,,,,,
SLCMP1467-1879,1879,1880,509093309,2^509093309-1,STRUCTURAL_SCREEN_EXHAUSTED_PRIMALITY_UNASSIGNED,GF3A_DIRECTIONAL_WRITE_EXHAUSTED_PRIMALITY_UNASSIGNED,513,512,512,NO_RECORDED_FACTOR_PRP_OR_LL_RESULT_AND_NO_ACTIVE_GIMPS_ASSIGNMENT,2026-08-09T02:56:41+00:00,UNALLOCATED,,,,,
SLCMP1467-1880,1880,1881,509093369,2^509093369-1,STRUCTURAL_SCREEN_EXHAUSTED_PRIMALITY_UNASSIGNED,GF3A_DIRECTIONAL_WRITE_EXHAUSTED_PRIMALITY_UNASSIGNED,513,512,512,NO_RECORDED_FACTOR_PRP_OR_LL_RESULT_AND_NO_ACTIVE_GIMPS_ASSIGNMENT,2026-08-09T02:56:41+00:00,UNALLOCATED,,,,,
SLCMP1467-1881,1881,1882,509093411,2^509093411-1,STRUCTURAL_SCREEN_EXHAUSTED_PRIMALITY_UNASSIGNED,GF3A_DIRECTIONAL_WRITE_EXHAUSTED_PRIMALITY_UNASSIGNED,514,512,512,NO_RECORDED_FACTOR_PRP_OR_LL_RESULT_AND_NO_ACTIVE_GIMPS_ASSIGNMENT,2026-08-09T02:56:41+00:00,UNALLOCATED,,,,,
SLCMP1467-1882,1882,1883,509093449,2^509093449-1,STRUCTURAL_SCREEN_EXHAUSTED_PRIMALITY_UNASSIGNED,GF3A_DIRECTIONAL_WRITE_EXHAUSTED_PRIMALITY_UNASSIGNED,513,512,512,NO_RECORDED_FACTOR_PRP_OR_LL_RESULT_AND_NO_ACTIVE_GIMPS_ASSIGNMENT,2026-08-09T02:56:41+00:00,UNALLOCATED,,,,,
SLCMP1467-1883,1883,1884,509093489,2^509093489-1,STRUCTURAL_SCREEN_EXHAUSTED_PRIMALITY_UNASSIGNED,GF3A_DIRECTIONAL_WRITE_EXHAUSTED_PRIMALITY_UNASSIGNED,513,512,512,NO_RECORDED_FACTOR_PRP_OR_LL_RESULT_AND_NO_ACTIVE_GIMPS_ASSIGNMENT,2026-08-09T02:56:41+00:00,UNALLOCATED,,,,,
SLCMP1467-1884,1884,1885,509093527,2^509093527-1,STRUCTURAL_SCREEN_EXHAUSTED_PRIMALITY_UNASSIGNED,GF3A_DIRECTIONAL_WRITE_EXHAUSTED_PRIMALITY_UNASSIGNED,514,512,512,NO_RECORDED_FACTOR_PRP_OR_LL_RESULT_AND_NO_ACTIVE_GIMPS_ASSIGNMENT,2026-08-09T02:56:41+00:00,UNALLOCATED,,,,,
SLCMP1467-1885,1885,1886,509093551,2^509093551-1,STRUCTURAL_SCREEN_EXHAUSTED_PRIMALITY_UNASSIGNED,GF3A_DIRECTIONAL_WRITE_EXHAUSTED_PRIMALITY_UNASSIGNED,514,512,512,NO_RECORDED_FACTOR_PRP_OR_LL_RESULT_AND_NO_ACTIVE_GIMPS_ASSIGNMENT,2026-08-09T02:56:41+00:00,UNALLOCATED,,,,,
SLCMP1467-1886,1886,1887,509093593,2^509093593-1,STRUCTURAL_SCREEN_EXHAUSTED_PRIMALITY_UNASSIGNED,GF3A_DIRECTIONAL_WRITE_EXHAUSTED_PRIMALITY_UNASSIGNED,513,512,512,NO_RECORDED_FACTOR_PRP_OR_LL_RESULT_AND_NO_ACTIVE_GIMPS_ASSIGNMENT,2026-08-09T02:56:41+00:00,UNALLOCATED,,,,,
SLCMP1467-1887,1887,1888,509093609,2^509093609-1,STRUCTURAL_SCREEN_EXHAUSTED_PRIMALITY_UNASSIGNED,GF3A_DIRECTIONAL_WRITE_EXHAUSTED_PRIMALITY_UNASSIGNED,513,512,512,NO_RECORDED_FACTOR_PRP_OR_LL_RESULT_AND_NO_ACTIVE_GIMPS_ASSIGNMENT,2026-08-09T02:56:41+00:00,UNALLOCATED,,,,,
SLCMP1467-1888,1888,1889,509093621,2^509093621-1,STRUCTURAL_SCREEN_EXHAUSTED_PRIMALITY_UNASSIGNED,GF3A_DIRECTIONAL_WRITE_EXHAUSTED_PRIMALITY_UNASSIGNED,513,512,512,NO_RECORDED_FACTOR_PRP_OR_LL_RESULT_AND_NO_ACTIVE_GIMPS_ASSIGNMENT,2026-08-09T02:56:41+00:00,UNALLOCATED,,,,,
SLCMP1467-1889,1889,1890,509093639,2^509093639-1,STRUCTURAL_SCREEN_EXHAUSTED_PRIMALITY_UNASSIGNED,GF3A_DIRECTIONAL_WRITE_EXHAUSTED_PRIMALITY_UNASSIGNED,514,512,512,NO_RECORDED_FACTOR_PRP_OR_LL_RESULT_AND_NO_ACTIVE_GIMPS_ASSIGNMENT,2026-08-09T02:56:41+00:00,UNALLOCATED,,,,,
SLCMP1467-1890,1890,1891,509093647,2^509093647-1,STRUCTURAL_SCREEN_EXHAUSTED_PRIMALITY_UNASSIGNED,GF3A_DIRECTIONAL_WRITE_EXHAUSTED_PRIMALITY_UNASSIGNED,514,512,512,NO_RECORDED_FACTOR_PRP_OR_LL_RESULT_AND_NO_ACTIVE_GIMPS_ASSIGNMENT,2026-08-09T02:56:41+00:00,UNALLOCATED,,,,,
SLCMP1467-1891,1891,1892,509093701,2^509093701-1,STRUCTURAL_SCREEN_EXHAUSTED_PRIMALITY_UNASSIGNED,GF3A_DIRECTIONAL_WRITE_EXHAUSTED_PRIMALITY_UNASSIGNED,513,512,512,NO_RECORDED_FACTOR_PRP_OR_LL_RESULT_AND_NO_ACTIVE_GIMPS_ASSIGNMENT,2026-08-09T02:56:41+00:00,UNALLOCATED,,,,,
SLCMP1467-1892,1892,1893,509093731,2^509093731-1,STRUCTURAL_SCREEN_EXHAUSTED_PRIMALITY_UNASSIGNED,GF3A_DIRECTIONAL_WRITE_EXHAUSTED_PRIMALITY_UNASSIGNED,514,512,512,NO_RECORDED_FACTOR_PRP_OR_LL_RESULT_AND_NO_ACTIVE_GIMPS_ASSIGNMENT,2026-08-09T02:56:41+00:00,UNALLOCATED,,,,,
SLCMP1467-1893,1893,1894,509093791,2^509093791-1,STRUCTURAL_SCREEN_EXHAUSTED_PRIMALITY_UNASSIGNED,GF3A_DIRECTIONAL_WRITE_EXHAUSTED_PRIMALITY_UNASSIGNED,514,512,512,NO_RECORDED_FACTOR_PRP_OR_LL_RESULT_AND_NO_ACTIVE_GIMPS_ASSIGNMENT,2026-08-09T02:56:41+00:00,UNALLOCATED,,,,,
SLCMP1467-1894,1894,1895,509093803,2^509093803-1,STRUCTURAL_SCREEN_EXHAUSTED_PRIMALITY_UNASSIGNED,GF3A_DIRECTIONAL_WRITE_EXHAUSTED_PRIMALITY_UNASSIGNED,514,512,512,NO_RECORDED_FACTOR_PRP_OR_LL_RESULT_AND_NO_ACTIVE_GIMPS_ASSIGNMENT,2026-08-09T02:56:41+00:00,UNALLOCATED,,,,,
SLCMP1467-1895,1895,1896,509093971,2^509093971-1,STRUCTURAL_SCREEN_EXHAUSTED_PRIMALITY_UNASSIGNED,GF3A_DIRECTIONAL_WRITE_EXHAUSTED_PRIMALITY_UNASSIGNED,514,512,512,NO_RECORDED_FACTOR_PRP_OR_LL_RESULT_AND_NO_ACTIVE_GIMPS_ASSIGNMENT,2026-08-09T02:56:41+00:00,UNALLOCATED,,,,,
SLCMP1467-1896,1896,1897,509093993,2^509093993-1,STRUCTURAL_SCREEN_EXHAUSTED_PRIMALITY_UNASSIGNED,GF3A_DIRECTIONAL_WRITE_EXHAUSTED_PRIMALITY_UNASSIGNED,513,512,512,NO_RECORDED_FACTOR_PRP_OR_LL_RESULT_AND_NO_ACTIVE_GIMPS_ASSIGNMENT,2026-08-09T02:56:41+00:00,UNALLOCATED,,,,,
SLCMP1467-1897,1897,1898,509094017,2^509094017-1,STRUCTURAL_SCREEN_EXHAUSTED_PRIMALITY_UNASSIGNED,GF3A_DIRECTIONAL_WRITE_EXHAUSTED_PRIMALITY_UNASSIGNED,513,512,512,NO_RECORDED_FACTOR_PRP_OR_LL_RESULT_AND_NO_ACTIVE_GIMPS_ASSIGNMENT,2026-08-09T02:56:41+00:00,UNALLOCATED,,,,,
SLCMP1467-1898,1898,1899,509094169,2^509094169-1,STRUCTURAL_SCREEN_EXHAUSTED_PRIMALITY_UNASSIGNED,GF3A_DIRECTIONAL_WRITE_EXHAUSTED_PRIMALITY_UNASSIGNED,513,512,512,NO_RECORDED_FACTOR_PRP_OR_LL_RESULT_AND_NO_ACTIVE_GIMPS_ASSIGNMENT,2026-08-09T02:56:41+00:00,UNALLOCATED,,,,,
SLCMP1467-1899,1899,1900,509094199,2^509094199-1,STRUCTURAL_SCREEN_EXHAUSTED_PRIMALITY_UNASSIGNED,GF3A_DIRECTIONAL_WRITE_EXHAUSTED_PRIMALITY_UNASSIGNED,514,512,512,NO_RECORDED_FACTOR_PRP_OR_LL_RESULT_AND_NO_ACTIVE_GIMPS_ASSIGNMENT,2026-08-09T02:56:41+00:00,UNALLOCATED,,,,,
SLCMP1467-1900,1900,1901,509094241,2^509094241-1,STRUCTURAL_SCREEN_EXHAUSTED_PRIMALITY_UNASSIGNED,GF3A_DIRECTIONAL_WRITE_EXHAUSTED_PRIMALITY_UNASSIGNED,513,512,512,NO_RECORDED_FACTOR_PRP_OR_LL_RESULT_AND_NO_ACTIVE_GIMPS_ASSIGNMENT,2026-08-09T02:56:41+00:00,UNALLOCATED,,,,,
SLCMP1467-1901,1901,1902,509094263,2^509094263-1,STRUCTURAL_SCREEN_EXHAUSTED_PRIMALITY_UNASSIGNED,GF3A_DIRECTIONAL_WRITE_EXHAUSTED_PRIMALITY_UNASSIGNED,514,512,512,NO_RECORDED_FACTOR_PRP_OR_LL_RESULT_AND_NO_ACTIVE_GIMPS_ASSIGNMENT,2026-08-09T02:56:41+00:00,UNALLOCATED,,,,,
SLCMP1467-1902,1902,1903,509094269,2^509094269-1,STRUCTURAL_SCREEN_EXHAUSTED_PRIMALITY_UNASSIGNED,GF3A_DIRECTIONAL_WRITE_EXHAUSTED_PRIMALITY_UNASSIGNED,513,512,512,NO_RECORDED_FACTOR_PRP_OR_LL_RESULT_AND_NO_ACTIVE_GIMPS_ASSIGNMENT,2026-08-09T02:56:41+00:00,UNALLOCATED,,,,,
SLCMP1467-1903,1903,1904,509094277,2^509094277-1,STRUCTURAL_SCREEN_EXHAUSTED_PRIMALITY_UNASSIGNED,GF3A_DIRECTIONAL_WRITE_EXHAUSTED_PRIMALITY_UNASSIGNED,513,512,512,NO_RECORDED_FACTOR_PRP_OR_LL_RESULT_AND_NO_ACTIVE_GIMPS_ASSIGNMENT,2026-08-09T02:56:41+00:00,UNALLOCATED,,,,,
SLCMP1467-1904,1904,1905,509094281,2^509094281-1,STRUCTURAL_SCREEN_EXHAUSTED_PRIMALITY_UNASSIGNED,GF3A_DIRECTIONAL_WRITE_EXHAUSTED_PRIMALITY_UNASSIGNED,513,512,512,NO_RECORDED_FACTOR_PRP_OR_LL_RESULT_AND_NO_ACTIVE_GIMPS_ASSIGNMENT,2026-08-09T02:56:41+00:00,UNALLOCATED,,,,,
SLCMP1467-1905,1905,1906,509094343,2^509094343-1,STRUCTURAL_SCREEN_EXHAUSTED_PRIMALITY_UNASSIGNED,GF3A_DIRECTIONAL_WRITE_EXHAUSTED_PRIMALITY_UNASSIGNED,514,512,512,NO_RECORDED_FACTOR_PRP_OR_LL_RESULT_AND_NO_ACTIVE_GIMPS_ASSIGNMENT,2026-08-09T02:56:41+00:00,UNALLOCATED,,,,,
SLCMP1467-1906,1906,1907,509094401,2^509094401-1,STRUCTURAL_SCREEN_EXHAUSTED_PRIMALITY_UNASSIGNED,GF3A_DIRECTIONAL_WRITE_EXHAUSTED_PRIMALITY_UNASSIGNED,513,512,512,NO_RECORDED_FACTOR_PRP_OR_LL_RESULT_AND_NO_ACTIVE_GIMPS_ASSIGNMENT,2026-08-09T02:56:41+00:00,UNALLOCATED,,,,,
SLCMP1467-1907,1907,1908,509094491,2^509094491-1,STRUCTURAL_SCREEN_EXHAUSTED_PRIMALITY_UNASSIGNED,GF3A_DIRECTIONAL_WRITE_EXHAUSTED_PRIMALITY_UNASSIGNED,514,512,512,NO_RECORDED_FACTOR_PRP_OR_LL_RESULT_AND_NO_ACTIVE_GIMPS_ASSIGNMENT,2026-08-09T02:56:41+00:00,UNALLOCATED,,,,,
SLCMP1467-1908,1908,1909,509094557,2^509094557-1,STRUCTURAL_SCREEN_EXHAUSTED_PRIMALITY_UNASSIGNED,GF3A_DIRECTIONAL_WRITE_EXHAUSTED_PRIMALITY_UNASSIGNED,513,512,512,NO_RECORDED_FACTOR_PRP_OR_LL_RESULT_AND_NO_ACTIVE_GIMPS_ASSIGNMENT,2026-08-09T02:56:41+00:00,UNALLOCATED,,,,,
SLCMP1467-1909,1909,1910,509094583,2^509094583-1,STRUCTURAL_SCREEN_EXHAUSTED_PRIMALITY_UNASSIGNED,GF3A_DIRECTIONAL_WRITE_EXHAUSTED_PRIMALITY_UNASSIGNED,514,512,512,NO_RECORDED_FACTOR_PRP_OR_LL_RESULT_AND_NO_ACTIVE_GIMPS_ASSIGNMENT,2026-08-09T02:56:41+00:00,UNALLOCATED,,,,,
SLCMP1467-1910,1910,1911,509094659,2^509094659-1,STRUCTURAL_SCREEN_EXHAUSTED_PRIMALITY_UNASSIGNED,GF3A_DIRECTIONAL_WRITE_EXHAUSTED_PRIMALITY_UNASSIGNED,514,512,512,NO_RECORDED_FACTOR_PRP_OR_LL_RESULT_AND_NO_ACTIVE_GIMPS_ASSIGNMENT,2026-08-09T02:56:41+00:00,UNALLOCATED,,,,,
SLCMP1467-1911,1911,1912,509094793,2^509094793-1,STRUCTURAL_SCREEN_EXHAUSTED_PRIMALITY_UNASSIGNED,GF3A_DIRECTIONAL_WRITE_EXHAUSTED_PRIMALITY_UNASSIGNED,513,512,512,NO_RECORDED_FACTOR_PRP_OR_LL_RESULT_AND_NO_ACTIVE_GIMPS_ASSIGNMENT,2026-08-09T02:56:41+00:00,UNALLOCATED,,,,,
SLCMP1467-1912,1912,1913,509094809,2^509094809-1,STRUCTURAL_SCREEN_EXHAUSTED_PRIMALITY_UNASSIGNED,GF3A_DIRECTIONAL_WRITE_EXHAUSTED_PRIMALITY_UNASSIGNED,513,512,512,NO_RECORDED_FACTOR_PRP_OR_LL_RESULT_AND_NO_ACTIVE_GIMPS_ASSIGNMENT,2026-08-09T02:56:41+00:00,UNALLOCATED,,,,,
SLCMP1467-1913,1913,1914,509094853,2^509094853-1,STRUCTURAL_SCREEN_EXHAUSTED_PRIMALITY_UNASSIGNED,GF3A_DIRECTIONAL_WRITE_EXHAUSTED_PRIMALITY_UNASSIGNED,513,512,512,NO_RECORDED_FACTOR_PRP_OR_LL_RESULT_AND_NO_ACTIVE_GIMPS_ASSIGNMENT,2026-08-09T02:56:41+00:00,UNALLOCATED,,,,,
SLCMP1467-1914,1914,1915,509094953,2^509094953-1,STRUCTURAL_SCREEN_EXHAUSTED_PRIMALITY_UNASSIGNED,GF3A_DIRECTIONAL_WRITE_EXHAUSTED_PRIMALITY_UNASSIGNED,513,512,512,NO_RECORDED_FACTOR_PRP_OR_LL_RESULT_AND_NO_ACTIVE_GIMPS_ASSIGNMENT,2026-08-09T02:56:41+00:00,UNALLOCATED,,,,,
SLCMP1467-1915,1915,1916,509094961,2^509094961-1,STRUCTURAL_SCREEN_EXHAUSTED_PRIMALITY_UNASSIGNED,GF3A_DIRECTIONAL_WRITE_EXHAUSTED_PRIMALITY_UNASSIGNED,513,512,512,NO_RECORDED_FACTOR_PRP_OR_LL_RESULT_AND_NO_ACTIVE_GIMPS_ASSIGNMENT,2026-08-09T02:56:41+00:00,UNALLOCATED,,,,,
SLCMP1467-1916,1916,1917,509094967,2^509094967-1,STRUCTURAL_SCREEN_EXHAUSTED_PRIMALITY_UNASSIGNED,GF3A_DIRECTIONAL_WRITE_EXHAUSTED_PRIMALITY_UNASSIGNED,514,512,512,NO_RECORDED_FACTOR_PRP_OR_LL_RESULT_AND_NO_ACTIVE_GIMPS_ASSIGNMENT,2026-08-09T02:56:41+00:00,UNALLOCATED,,,,,
SLCMP1467-1917,1917,1918,509094973,2^509094973-1,STRUCTURAL_SCREEN_EXHAUSTED_PRIMALITY_UNASSIGNED,GF3A_DIRECTIONAL_WRITE_EXHAUSTED_PRIMALITY_UNASSIGNED,513,512,512,NO_RECORDED_FACTOR_PRP_OR_LL_RESULT_AND_NO_ACTIVE_GIMPS_ASSIGNMENT,2026-08-09T02:56:41+00:00,UNALLOCATED,,,,,
SLCMP1467-1918,1918,1919,509095021,2^509095021-1,STRUCTURAL_SCREEN_EXHAUSTED_PRIMALITY_UNASSIGNED,GF3A_DIRECTIONAL_WRITE_EXHAUSTED_PRIMALITY_UNASSIGNED,513,512,512,NO_RECORDED_FACTOR_PRP_OR_LL_RESULT_AND_NO_ACTIVE_GIMPS_ASSIGNMENT,2026-08-09T02:56:41+00:00,UNALLOCATED,,,,,
SLCMP1467-1919,1919,1920,509095033,2^509095033-1,STRUCTURAL_SCREEN_EXHAUSTED_PRIMALITY_UNASSIGNED,GF3A_DIRECTIONAL_WRITE_EXHAUSTED_PRIMALITY_UNASSIGNED,513,512,512,NO_RECORDED_FACTOR_PRP_OR_LL_RESULT_AND_NO_ACTIVE_GIMPS_ASSIGNMENT,2026-08-09T02:56:41+00:00,UNALLOCATED,,,,,
SLCMP1467-1920,1920,1921,509095043,2^509095043-1,STRUCTURAL_SCREEN_EXHAUSTED_PRIMALITY_UNASSIGNED,GF3A_DIRECTIONAL_WRITE_EXHAUSTED_PRIMALITY_UNASSIGNED,514,512,512,NO_RECORDED_FACTOR_PRP_OR_LL_RESULT_AND_NO_ACTIVE_GIMPS_ASSIGNMENT,2026-08-09T02:56:41+00:00,UNALLOCATED,,,,,
SLCMP1467-1921,1921,1922,509095061,2^509095061-1,STRUCTURAL_SCREEN_EXHAUSTED_PRIMALITY_UNASSIGNED,GF3A_DIRECTIONAL_WRITE_EXHAUSTED_PRIMALITY_UNASSIGNED,513,512,512,NO_RECORDED_FACTOR_PRP_OR_LL_RESULT_AND_NO_ACTIVE_GIMPS_ASSIGNMENT,2026-08-09T02:56:41+00:00,UNALLOCATED,,,,,
SLCMP1467-1922,1922,1923,509095267,2^509095267-1,STRUCTURAL_SCREEN_EXHAUSTED_PRIMALITY_UNASSIGNED,GF3A_DIRECTIONAL_WRITE_EXHAUSTED_PRIMALITY_UNASSIGNED,514,512,512,NO_RECORDED_FACTOR_PRP_OR_LL_RESULT_AND_NO_ACTIVE_GIMPS_ASSIGNMENT,2026-08-09T02:56:41+00:00,UNALLOCATED,,,,,
SLCMP1467-1923,1923,1924,509095283,2^509095283-1,STRUCTURAL_SCREEN_EXHAUSTED_PRIMALITY_UNASSIGNED,GF3A_DIRECTIONAL_WRITE_EXHAUSTED_PRIMALITY_UNASSIGNED,514,512,512,NO_RECORDED_FACTOR_PRP_OR_LL_RESULT_AND_NO_ACTIVE_GIMPS_ASSIGNMENT,2026-08-09T02:56:41+00:00,UNALLOCATED,,,,,
SLCMP1467-1924,1924,1925,509095339,2^509095339-1,STRUCTURAL_SCREEN_EXHAUSTED_PRIMALITY_UNASSIGNED,GF3A_DIRECTIONAL_WRITE_EXHAUSTED_PRIMALITY_UNASSIGNED,514,512,512,NO_RECORDED_FACTOR_PRP_OR_LL_RESULT_AND_NO_ACTIVE_GIMPS_ASSIGNMENT,2026-08-09T02:56:41+00:00,UNALLOCATED,,,,,
SLCMP1467-1925,1925,1926,509095381,2^509095381-1,STRUCTURAL_SCREEN_EXHAUSTED_PRIMALITY_UNASSIGNED,GF3A_DIRECTIONAL_WRITE_EXHAUSTED_PRIMALITY_UNASSIGNED,513,512,512,NO_RECORDED_FACTOR_PRP_OR_LL_RESULT_AND_NO_ACTIVE_GIMPS_ASSIGNMENT,2026-08-09T02:56:41+00:00,UNALLOCATED,,,,,
SLCMP1467-1926,1926,1927,509095393,2^509095393-1,STRUCTURAL_SCREEN_EXHAUSTED_PRIMALITY_UNASSIGNED,GF3A_DIRECTIONAL_WRITE_EXHAUSTED_PRIMALITY_UNASSIGNED,513,512,512,NO_RECORDED_FACTOR_PRP_OR_LL_RESULT_AND_NO_ACTIVE_GIMPS_ASSIGNMENT,2026-08-09T02:56:41+00:00,UNALLOCATED,,,,,
SLCMP1467-1927,1927,1928,509095537,2^509095537-1,STRUCTURAL_SCREEN_EXHAUSTED_PRIMALITY_UNASSIGNED,GF3A_DIRECTIONAL_WRITE_EXHAUSTED_PRIMALITY_UNASSIGNED,513,512,512,NO_RECORDED_FACTOR_PRP_OR_LL_RESULT_AND_NO_ACTIVE_GIMPS_ASSIGNMENT,2026-08-09T02:56:41+00:00,UNALLOCATED,,,,,
SLCMP1467-1928,1928,1929,509095591,2^509095591-1,STRUCTURAL_SCREEN_EXHAUSTED_PRIMALITY_UNASSIGNED,GF3A_DIRECTIONAL_WRITE_EXHAUSTED_PRIMALITY_UNASSIGNED,514,512,512,NO_RECORDED_FACTOR_PRP_OR_LL_RESULT_AND_NO_ACTIVE_GIMPS_ASSIGNMENT,2026-08-09T02:56:41+00:00,UNALLOCATED,,,,,
SLCMP1467-1929,1929,1930,509095739,2^509095739-1,STRUCTURAL_SCREEN_EXHAUSTED_PRIMALITY_UNASSIGNED,GF3A_DIRECTIONAL_WRITE_EXHAUSTED_PRIMALITY_UNASSIGNED,514,512,512,NO_RECORDED_FACTOR_PRP_OR_LL_RESULT_AND_NO_ACTIVE_GIMPS_ASSIGNMENT,2026-08-09T02:56:41+00:00,UNALLOCATED,,,,,
SLCMP1467-1930,1930,1931,509095751,2^509095751-1,STRUCTURAL_SCREEN_EXHAUSTED_PRIMALITY_UNASSIGNED,GF3A_DIRECTIONAL_WRITE_EXHAUSTED_PRIMALITY_UNASSIGNED,514,512,512,NO_RECORDED_FACTOR_PRP_OR_LL_RESULT_AND_NO_ACTIVE_GIMPS_ASSIGNMENT,2026-08-09T02:56:41+00:00,UNALLOCATED,,,,,
SLCMP1467-1931,1931,1932,509095801,2^509095801-1,STRUCTURAL_SCREEN_EXHAUSTED_PRIMALITY_UNASSIGNED,GF3A_DIRECTIONAL_WRITE_EXHAUSTED_PRIMALITY_UNASSIGNED,513,512,512,NO_RECORDED_FACTOR_PRP_OR_LL_RESULT_AND_NO_ACTIVE_GIMPS_ASSIGNMENT,2026-08-09T02:56:41+00:00,UNALLOCATED,,,,,
SLCMP1467-1932,1932,1933,509095819,2^509095819-1,STRUCTURAL_SCREEN_EXHAUSTED_PRIMALITY_UNASSIGNED,GF3A_DIRECTIONAL_WRITE_EXHAUSTED_PRIMALITY_UNASSIGNED,514,512,512,NO_RECORDED_FACTOR_PRP_OR_LL_RESULT_AND_NO_ACTIVE_GIMPS_ASSIGNMENT,2026-08-09T02:56:41+00:00,UNALLOCATED,,,,,
SLCMP1467-1933,1933,1934,509095933,2^509095933-1,STRUCTURAL_SCREEN_EXHAUSTED_PRIMALITY_UNASSIGNED,GF3A_DIRECTIONAL_WRITE_EXHAUSTED_PRIMALITY_UNASSIGNED,513,512,512,NO_RECORDED_FACTOR_PRP_OR_LL_RESULT_AND_NO_ACTIVE_GIMPS_ASSIGNMENT,2026-08-09T02:56:41+00:00,UNALLOCATED,,,,,
SLCMP1467-1934,1934,1935,509096113,2^509096113-1,STRUCTURAL_SCREEN_EXHAUSTED_PRIMALITY_UNASSIGNED,GF3A_DIRECTIONAL_WRITE_EXHAUSTED_PRIMALITY_UNASSIGNED,513,512,512,NO_RECORDED_FACTOR_PRP_OR_LL_RESULT_AND_NO_ACTIVE_GIMPS_ASSIGNMENT,2026-08-09T02:56:41+00:00,UNALLOCATED,,,,,
SLCMP1467-1935,1935,1936,509096117,2^509096117-1,STRUCTURAL_SCREEN_EXHAUSTED_PRIMALITY_UNASSIGNED,GF3A_DIRECTIONAL_WRITE_EXHAUSTED_PRIMALITY_UNASSIGNED,513,512,512,NO_RECORDED_FACTOR_PRP_OR_LL_RESULT_AND_NO_ACTIVE_GIMPS_ASSIGNMENT,2026-08-09T02:56:41+00:00,UNALLOCATED,,,,,
SLCMP1467-1936,1936,1937,509096129,2^509096129-1,STRUCTURAL_SCREEN_EXHAUSTED_PRIMALITY_UNASSIGNED,GF3A_DIRECTIONAL_WRITE_EXHAUSTED_PRIMALITY_UNASSIGNED,513,512,512,NO_RECORDED_FACTOR_PRP_OR_LL_RESULT_AND_NO_ACTIVE_GIMPS_ASSIGNMENT,2026-08-09T02:56:41+00:00,UNALLOCATED,,,,,
SLCMP1467-1937,1937,1938,509096321,2^509096321-1,STRUCTURAL_SCREEN_EXHAUSTED_PRIMALITY_UNASSIGNED,GF3A_DIRECTIONAL_WRITE_EXHAUSTED_PRIMALITY_UNASSIGNED,513,512,512,NO_RECORDED_FACTOR_PRP_OR_LL_RESULT_AND_NO_ACTIVE_GIMPS_ASSIGNMENT,2026-08-09T02:56:41+00:00,UNALLOCATED,,,,,
SLCMP1467-1938,1938,1939,509096333,2^509096333-1,STRUCTURAL_SCREEN_EXHAUSTED_PRIMALITY_UNASSIGNED,GF3A_DIRECTIONAL_WRITE_EXHAUSTED_PRIMALITY_UNASSIGNED,513,512,512,NO_RECORDED_FACTOR_PRP_OR_LL_RESULT_AND_NO_ACTIVE_GIMPS_ASSIGNMENT,2026-08-09T02:56:41+00:00,UNALLOCATED,,,,,
SLCMP1467-1939,1939,1940,509096377,2^509096377-1,STRUCTURAL_SCREEN_EXHAUSTED_PRIMALITY_UNASSIGNED,GF3A_DIRECTIONAL_WRITE_EXHAUSTED_PRIMALITY_UNASSIGNED,513,512,512,NO_RECORDED_FACTOR_PRP_OR_LL_RESULT_AND_NO_ACTIVE_GIMPS_ASSIGNMENT,2026-08-09T02:56:41+00:00,UNALLOCATED,,,,,
SLCMP1467-1940,1940,1941,509096387,2^509096387-1,STRUCTURAL_SCREEN_EXHAUSTED_PRIMALITY_UNASSIGNED,GF3A_DIRECTIONAL_WRITE_EXHAUSTED_PRIMALITY_UNASSIGNED,514,512,512,NO_RECORDED_FACTOR_PRP_OR_LL_RESULT_AND_NO_ACTIVE_GIMPS_ASSIGNMENT,2026-08-09T02:56:41+00:00,UNALLOCATED,,,,,
SLCMP1467-1941,1941,1942,509096417,2^509096417-1,STRUCTURAL_SCREEN_EXHAUSTED_PRIMALITY_UNASSIGNED,GF3A_DIRECTIONAL_WRITE_EXHAUSTED_PRIMALITY_UNASSIGNED,513,512,512,NO_RECORDED_FACTOR_PRP_OR_LL_RESULT_AND_NO_ACTIVE_GIMPS_ASSIGNMENT,2026-08-09T02:56:41+00:00,UNALLOCATED,,,,,
SLCMP1467-1942,1942,1943,509096437,2^509096437-1,STRUCTURAL_SCREEN_EXHAUSTED_PRIMALITY_UNASSIGNED,GF3A_DIRECTIONAL_WRITE_EXHAUSTED_PRIMALITY_UNASSIGNED,513,512,512,NO_RECORDED_FACTOR_PRP_OR_LL_RESULT_AND_NO_ACTIVE_GIMPS_ASSIGNMENT,2026-08-09T02:56:41+00:00,UNALLOCATED,,,,,
SLCMP1467-1943,1943,1944,509096453,2^509096453-1,STRUCTURAL_SCREEN_EXHAUSTED_PRIMALITY_UNASSIGNED,GF3A_DIRECTIONAL_WRITE_EXHAUSTED_PRIMALITY_UNASSIGNED,513,512,512,NO_RECORDED_FACTOR_PRP_OR_LL_RESULT_AND_NO_ACTIVE_GIMPS_ASSIGNMENT,2026-08-09T02:56:41+00:00,UNALLOCATED,,,,,
SLCMP1467-1944,1944,1945,509096551,2^509096551-1,STRUCTURAL_SCREEN_EXHAUSTED_PRIMALITY_UNASSIGNED,GF3A_DIRECTIONAL_WRITE_EXHAUSTED_PRIMALITY_UNASSIGNED,514,512,512,NO_RECORDED_FACTOR_PRP_OR_LL_RESULT_AND_NO_ACTIVE_GIMPS_ASSIGNMENT,2026-08-09T02:56:41+00:00,UNALLOCATED,,,,,
SLCMP1467-1945,1945,1946,509096573,2^509096573-1,STRUCTURAL_SCREEN_EXHAUSTED_PRIMALITY_UNASSIGNED,GF3A_DIRECTIONAL_WRITE_EXHAUSTED_PRIMALITY_UNASSIGNED,513,512,512,NO_RECORDED_FACTOR_PRP_OR_LL_RESULT_AND_NO_ACTIVE_GIMPS_ASSIGNMENT,2026-08-09T02:56:41+00:00,UNALLOCATED,,,,,
SLCMP1467-1946,1946,1947,509096633,2^509096633-1,STRUCTURAL_SCREEN_EXHAUSTED_PRIMALITY_UNASSIGNED,GF3A_DIRECTIONAL_WRITE_EXHAUSTED_PRIMALITY_UNASSIGNED,513,512,512,NO_RECORDED_FACTOR_PRP_OR_LL_RESULT_AND_NO_ACTIVE_GIMPS_ASSIGNMENT,2026-08-09T02:56:41+00:00,UNALLOCATED,,,,,
SLCMP1467-1947,1947,1948,509096647,2^509096647-1,STRUCTURAL_SCREEN_EXHAUSTED_PRIMALITY_UNASSIGNED,GF3A_DIRECTIONAL_WRITE_EXHAUSTED_PRIMALITY_UNASSIGNED,514,512,512,NO_RECORDED_FACTOR_PRP_OR_LL_RESULT_AND_NO_ACTIVE_GIMPS_ASSIGNMENT,2026-08-09T02:56:41+00:00,UNALLOCATED,,,,,
SLCMP1467-1948,1948,1949,509096803,2^509096803-1,STRUCTURAL_SCREEN_EXHAUSTED_PRIMALITY_UNASSIGNED,GF3A_DIRECTIONAL_WRITE_EXHAUSTED_PRIMALITY_UNASSIGNED,514,512,512,NO_RECORDED_FACTOR_PRP_OR_LL_RESULT_AND_NO_ACTIVE_GIMPS_ASSIGNMENT,2026-08-09T02:56:41+00:00,UNALLOCATED,,,,,
SLCMP1467-1949,1949,1950,509096839,2^509096839-1,STRUCTURAL_SCREEN_EXHAUSTED_PRIMALITY_UNASSIGNED,GF3A_DIRECTIONAL_WRITE_EXHAUSTED_PRIMALITY_UNASSIGNED,514,512,512,NO_RECORDED_FACTOR_PRP_OR_LL_RESULT_AND_NO_ACTIVE_GIMPS_ASSIGNMENT,2026-08-09T02:56:41+00:00,UNALLOCATED,,,,,
SLCMP1467-1950,1950,1951,509096891,2^509096891-1,STRUCTURAL_SCREEN_EXHAUSTED_PRIMALITY_UNASSIGNED,GF3A_DIRECTIONAL_WRITE_EXHAUSTED_PRIMALITY_UNASSIGNED,514,512,512,NO_RECORDED_FACTOR_PRP_OR_LL_RESULT_AND_NO_ACTIVE_GIMPS_ASSIGNMENT,2026-08-09T02:56:41+00:00,UNALLOCATED,,,,,
SLCMP1467-1951,1951,1952,509096981,2^509096981-1,STRUCTURAL_SCREEN_EXHAUSTED_PRIMALITY_UNASSIGNED,GF3A_DIRECTIONAL_WRITE_EXHAUSTED_PRIMALITY_UNASSIGNED,513,512,512,NO_RECORDED_FACTOR_PRP_OR_LL_RESULT_AND_NO_ACTIVE_GIMPS_ASSIGNMENT,2026-08-09T02:56:41+00:00,UNALLOCATED,,,,,
SLCMP1467-1952,1952,1953,509097049,2^509097049-1,STRUCTURAL_SCREEN_EXHAUSTED_PRIMALITY_UNASSIGNED,GF3A_DIRECTIONAL_WRITE_EXHAUSTED_PRIMALITY_UNASSIGNED,513,512,512,NO_RECORDED_FACTOR_PRP_OR_LL_RESULT_AND_NO_ACTIVE_GIMPS_ASSIGNMENT,2026-08-09T02:56:41+00:00,UNALLOCATED,,,,,
SLCMP1467-1953,1953,1954,509097073,2^509097073-1,STRUCTURAL_SCREEN_EXHAUSTED_PRIMALITY_UNASSIGNED,GF3A_DIRECTIONAL_WRITE_EXHAUSTED_PRIMALITY_UNASSIGNED,513,512,512,NO_RECORDED_FACTOR_PRP_OR_LL_RESULT_AND_NO_ACTIVE_GIMPS_ASSIGNMENT,2026-08-09T02:56:41+00:00,UNALLOCATED,,,,,
SLCMP1467-1954,1954,1955,509097089,2^509097089-1,STRUCTURAL_SCREEN_EXHAUSTED_PRIMALITY_UNASSIGNED,GF3A_DIRECTIONAL_WRITE_EXHAUSTED_PRIMALITY_UNASSIGNED,513,512,512,NO_RECORDED_FACTOR_PRP_OR_LL_RESULT_AND_NO_ACTIVE_GIMPS_ASSIGNMENT,2026-08-09T02:56:41+00:00,UNALLOCATED,,,,,
SLCMP1467-1955,1955,1956,509097107,2^509097107-1,STRUCTURAL_SCREEN_EXHAUSTED_PRIMALITY_UNASSIGNED,GF3A_DIRECTIONAL_WRITE_EXHAUSTED_PRIMALITY_UNASSIGNED,514,512,512,NO_RECORDED_FACTOR_PRP_OR_LL_RESULT_AND_NO_ACTIVE_GIMPS_ASSIGNMENT,2026-08-09T02:56:41+00:00,UNALLOCATED,,,,,
SLCMP1467-1956,1956,1957,509097133,2^509097133-1,STRUCTURAL_SCREEN_EXHAUSTED_PRIMALITY_UNASSIGNED,GF3A_DIRECTIONAL_WRITE_EXHAUSTED_PRIMALITY_UNASSIGNED,513,512,512,NO_RECORDED_FACTOR_PRP_OR_LL_RESULT_AND_NO_ACTIVE_GIMPS_ASSIGNMENT,2026-08-09T02:56:41+00:00,UNALLOCATED,,,,,
SLCMP1467-1957,1957,1958,509097263,2^509097263-1,STRUCTURAL_SCREEN_EXHAUSTED_PRIMALITY_UNASSIGNED,GF3A_DIRECTIONAL_WRITE_EXHAUSTED_PRIMALITY_UNASSIGNED,514,512,512,NO_RECORDED_FACTOR_PRP_OR_LL_RESULT_AND_NO_ACTIVE_GIMPS_ASSIGNMENT,2026-08-09T02:56:41+00:00,UNALLOCATED,,,,,
SLCMP1467-1958,1958,1959,509097269,2^509097269-1,STRUCTURAL_SCREEN_EXHAUSTED_PRIMALITY_UNASSIGNED,GF3A_DIRECTIONAL_WRITE_EXHAUSTED_PRIMALITY_UNASSIGNED,513,512,512,NO_RECORDED_FACTOR_PRP_OR_LL_RESULT_AND_NO_ACTIVE_GIMPS_ASSIGNMENT,2026-08-09T02:56:41+00:00,UNALLOCATED,,,,,
SLCMP1467-1959,1959,1960,509097539,2^509097539-1,STRUCTURAL_SCREEN_EXHAUSTED_PRIMALITY_UNASSIGNED,GF3A_DIRECTIONAL_WRITE_EXHAUSTED_PRIMALITY_UNASSIGNED,514,512,512,NO_RECORDED_FACTOR_PRP_OR_LL_RESULT_AND_NO_ACTIVE_GIMPS_ASSIGNMENT,2026-08-09T02:56:41+00:00,UNALLOCATED,,,,,
SLCMP1467-1960,1960,1961,509097551,2^509097551-1,STRUCTURAL_SCREEN_EXHAUSTED_PRIMALITY_UNASSIGNED,GF3A_DIRECTIONAL_WRITE_EXHAUSTED_PRIMALITY_UNASSIGNED,514,512,512,NO_RECORDED_FACTOR_PRP_OR_LL_RESULT_AND_NO_ACTIVE_GIMPS_ASSIGNMENT,2026-08-09T02:56:41+00:00,UNALLOCATED,,,,,
SLCMP1467-1961,1961,1962,509097569,2^509097569-1,STRUCTURAL_SCREEN_EXHAUSTED_PRIMALITY_UNASSIGNED,GF3A_DIRECTIONAL_WRITE_EXHAUSTED_PRIMALITY_UNASSIGNED,513,512,512,NO_RECORDED_FACTOR_PRP_OR_LL_RESULT_AND_NO_ACTIVE_GIMPS_ASSIGNMENT,2026-08-09T02:56:41+00:00,UNALLOCATED,,,,,
SLCMP1467-1962,1962,1963,509097601,2^509097601-1,STRUCTURAL_SCREEN_EXHAUSTED_PRIMALITY_UNASSIGNED,GF3A_DIRECTIONAL_WRITE_EXHAUSTED_PRIMALITY_UNASSIGNED,513,512,512,NO_RECORDED_FACTOR_PRP_OR_LL_RESULT_AND_NO_ACTIVE_GIMPS_ASSIGNMENT,2026-08-09T02:56:41+00:00,UNALLOCATED,,,,,
SLCMP1467-1963,1963,1964,509097707,2^509097707-1,STRUCTURAL_SCREEN_EXHAUSTED_PRIMALITY_UNASSIGNED,GF3A_DIRECTIONAL_WRITE_EXHAUSTED_PRIMALITY_UNASSIGNED,514,512,512,NO_RECORDED_FACTOR_PRP_OR_LL_RESULT_AND_NO_ACTIVE_GIMPS_ASSIGNMENT,2026-08-09T02:56:41+00:00,UNALLOCATED,,,,,
SLCMP1467-1964,1964,1965,509097727,2^509097727-1,STRUCTURAL_SCREEN_EXHAUSTED_PRIMALITY_UNASSIGNED,GF3A_DIRECTIONAL_WRITE_EXHAUSTED_PRIMALITY_UNASSIGNED,514,512,512,NO_RECORDED_FACTOR_PRP_OR_LL_RESULT_AND_NO_ACTIVE_GIMPS_ASSIGNMENT,2026-08-09T02:56:41+00:00,UNALLOCATED,,,,,
SLCMP1467-1965,1965,1966,509097821,2^509097821-1,STRUCTURAL_SCREEN_EXHAUSTED_PRIMALITY_UNASSIGNED,GF3A_DIRECTIONAL_WRITE_EXHAUSTED_PRIMALITY_UNASSIGNED,513,512,512,NO_RECORDED_FACTOR_PRP_OR_LL_RESULT_AND_NO_ACTIVE_GIMPS_ASSIGNMENT,2026-08-09T02:56:41+00:00,UNALLOCATED,,,,,
SLCMP1467-1966,1966,1967,509097877,2^509097877-1,STRUCTURAL_SCREEN_EXHAUSTED_PRIMALITY_UNASSIGNED,GF3A_DIRECTIONAL_WRITE_EXHAUSTED_PRIMALITY_UNASSIGNED,513,512,512,NO_RECORDED_FACTOR_PRP_OR_LL_RESULT_AND_NO_ACTIVE_GIMPS_ASSIGNMENT,2026-08-09T02:56:41+00:00,UNALLOCATED,,,,,
SLCMP1467-1967,1967,1968,509097881,2^509097881-1,STRUCTURAL_SCREEN_EXHAUSTED_PRIMALITY_UNASSIGNED,GF3A_DIRECTIONAL_WRITE_EXHAUSTED_PRIMALITY_UNASSIGNED,513,512,512,NO_RECORDED_FACTOR_PRP_OR_LL_RESULT_AND_NO_ACTIVE_GIMPS_ASSIGNMENT,2026-08-09T02:56:41+00:00,UNALLOCATED,,,,,
SLCMP1467-1968,1968,1969,509097931,2^509097931-1,STRUCTURAL_SCREEN_EXHAUSTED_PRIMALITY_UNASSIGNED,GF3A_DIRECTIONAL_WRITE_EXHAUSTED_PRIMALITY_UNASSIGNED,514,512,512,NO_RECORDED_FACTOR_PRP_OR_LL_RESULT_AND_NO_ACTIVE_GIMPS_ASSIGNMENT,2026-08-09T02:56:41+00:00,UNALLOCATED,,,,,
SLCMP1467-1969,1969,1970,509097949,2^509097949-1,STRUCTURAL_SCREEN_EXHAUSTED_PRIMALITY_UNASSIGNED,GF3A_DIRECTIONAL_WRITE_EXHAUSTED_PRIMALITY_UNASSIGNED,513,512,512,NO_RECORDED_FACTOR_PRP_OR_LL_RESULT_AND_NO_ACTIVE_GIMPS_ASSIGNMENT,2026-08-09T02:56:41+00:00,UNALLOCATED,,,,,
SLCMP1467-1970,1970,1971,509097983,2^509097983-1,STRUCTURAL_SCREEN_EXHAUSTED_PRIMALITY_UNASSIGNED,GF3A_DIRECTIONAL_WRITE_EXHAUSTED_PRIMALITY_UNASSIGNED,514,512,512,NO_RECORDED_FACTOR_PRP_OR_LL_RESULT_AND_NO_ACTIVE_GIMPS_ASSIGNMENT,2026-08-09T02:56:41+00:00,UNALLOCATED,,,,,
SLCMP1467-1971,1971,1972,509098021,2^509098021-1,STRUCTURAL_SCREEN_EXHAUSTED_PRIMALITY_UNASSIGNED,GF3A_DIRECTIONAL_WRITE_EXHAUSTED_PRIMALITY_UNASSIGNED,513,512,512,NO_RECORDED_FACTOR_PRP_OR_LL_RESULT_AND_NO_ACTIVE_GIMPS_ASSIGNMENT,2026-08-09T02:56:41+00:00,UNALLOCATED,,,,,
SLCMP1467-1972,1972,1973,509098033,2^509098033-1,STRUCTURAL_SCREEN_EXHAUSTED_PRIMALITY_UNASSIGNED,GF3A_DIRECTIONAL_WRITE_EXHAUSTED_PRIMALITY_UNASSIGNED,513,512,512,NO_RECORDED_FACTOR_PRP_OR_LL_RESULT_AND_NO_ACTIVE_GIMPS_ASSIGNMENT,2026-08-09T02:56:41+00:00,UNALLOCATED,,,,,
SLCMP1467-1973,1973,1974,509098069,2^509098069-1,STRUCTURAL_SCREEN_EXHAUSTED_PRIMALITY_UNASSIGNED,GF3A_DIRECTIONAL_WRITE_EXHAUSTED_PRIMALITY_UNASSIGNED,513,512,512,NO_RECORDED_FACTOR_PRP_OR_LL_RESULT_AND_NO_ACTIVE_GIMPS_ASSIGNMENT,2026-08-09T02:56:41+00:00,UNALLOCATED,,,,,
SLCMP1467-1974,1974,1975,509098129,2^509098129-1,STRUCTURAL_SCREEN_EXHAUSTED_PRIMALITY_UNASSIGNED,GF3A_DIRECTIONAL_WRITE_EXHAUSTED_PRIMALITY_UNASSIGNED,513,512,512,NO_RECORDED_FACTOR_PRP_OR_LL_RESULT_AND_NO_ACTIVE_GIMPS_ASSIGNMENT,2026-08-09T02:56:41+00:00,UNALLOCATED,,,,,
SLCMP1467-1975,1975,1976,509098171,2^509098171-1,STRUCTURAL_SCREEN_EXHAUSTED_PRIMALITY_UNASSIGNED,GF3A_DIRECTIONAL_WRITE_EXHAUSTED_PRIMALITY_UNASSIGNED,514,512,512,NO_RECORDED_FACTOR_PRP_OR_LL_RESULT_AND_NO_ACTIVE_GIMPS_ASSIGNMENT,2026-08-09T02:56:41+00:00,UNALLOCATED,,,,,
SLCMP1467-1976,1976,1977,509098229,2^509098229-1,STRUCTURAL_SCREEN_EXHAUSTED_PRIMALITY_UNASSIGNED,GF3A_DIRECTIONAL_WRITE_EXHAUSTED_PRIMALITY_UNASSIGNED,513,512,512,NO_RECORDED_FACTOR_PRP_OR_LL_RESULT_AND_NO_ACTIVE_GIMPS_ASSIGNMENT,2026-08-09T02:56:41+00:00,UNALLOCATED,,,,,
SLCMP1467-1977,1977,1978,509098241,2^509098241-1,STRUCTURAL_SCREEN_EXHAUSTED_PRIMALITY_UNASSIGNED,GF3A_DIRECTIONAL_WRITE_EXHAUSTED_PRIMALITY_UNASSIGNED,513,512,512,NO_RECORDED_FACTOR_PRP_OR_LL_RESULT_AND_NO_ACTIVE_GIMPS_ASSIGNMENT,2026-08-09T02:56:41+00:00,UNALLOCATED,,,,,
SLCMP1467-1978,1978,1979,509098297,2^509098297-1,STRUCTURAL_SCREEN_EXHAUSTED_PRIMALITY_UNASSIGNED,GF3A_DIRECTIONAL_WRITE_EXHAUSTED_PRIMALITY_UNASSIGNED,513,512,512,NO_RECORDED_FACTOR_PRP_OR_LL_RESULT_AND_NO_ACTIVE_GIMPS_ASSIGNMENT,2026-08-09T02:56:41+00:00,UNALLOCATED,,,,,
SLCMP1467-1979,1979,1980,509098333,2^509098333-1,STRUCTURAL_SCREEN_EXHAUSTED_PRIMALITY_UNASSIGNED,GF3A_DIRECTIONAL_WRITE_EXHAUSTED_PRIMALITY_UNASSIGNED,513,512,512,NO_RECORDED_FACTOR_PRP_OR_LL_RESULT_AND_NO_ACTIVE_GIMPS_ASSIGNMENT,2026-08-09T02:56:41+00:00,UNALLOCATED,,,,,
SLCMP1467-1980,1980,1981,509098379,2^509098379-1,STRUCTURAL_SCREEN_EXHAUSTED_PRIMALITY_UNASSIGNED,GF3A_DIRECTIONAL_WRITE_EXHAUSTED_PRIMALITY_UNASSIGNED,514,512,512,NO_RECORDED_FACTOR_PRP_OR_LL_RESULT_AND_NO_ACTIVE_GIMPS_ASSIGNMENT,2026-08-09T02:56:41+00:00,UNALLOCATED,,,,,
SLCMP1467-1981,1981,1982,509098411,2^509098411-1,STRUCTURAL_SCREEN_EXHAUSTED_PRIMALITY_UNASSIGNED,GF3A_DIRECTIONAL_WRITE_EXHAUSTED_PRIMALITY_UNASSIGNED,514,512,512,NO_RECORDED_FACTOR_PRP_OR_LL_RESULT_AND_NO_ACTIVE_GIMPS_ASSIGNMENT,2026-08-09T02:56:41+00:00,UNALLOCATED,,,,,
SLCMP1467-1982,1982,1983,509098427,2^509098427-1,STRUCTURAL_SCREEN_EXHAUSTED_PRIMALITY_UNASSIGNED,GF3A_DIRECTIONAL_WRITE_EXHAUSTED_PRIMALITY_UNASSIGNED,514,512,512,NO_RECORDED_FACTOR_PRP_OR_LL_RESULT_AND_NO_ACTIVE_GIMPS_ASSIGNMENT,2026-08-09T02:56:41+00:00,UNALLOCATED,,,,,
SLCMP1467-1983,1983,1984,509098453,2^509098453-1,STRUCTURAL_SCREEN_EXHAUSTED_PRIMALITY_UNASSIGNED,GF3A_DIRECTIONAL_WRITE_EXHAUSTED_PRIMALITY_UNASSIGNED,513,512,512,NO_RECORDED_FACTOR_PRP_OR_LL_RESULT_AND_NO_ACTIVE_GIMPS_ASSIGNMENT,2026-08-09T02:56:41+00:00,UNALLOCATED,,,,,
SLCMP1467-1984,1984,1985,509098489,2^509098489-1,STRUCTURAL_SCREEN_EXHAUSTED_PRIMALITY_UNASSIGNED,GF3A_DIRECTIONAL_WRITE_EXHAUSTED_PRIMALITY_UNASSIGNED,513,512,512,NO_RECORDED_FACTOR_PRP_OR_LL_RESULT_AND_NO_ACTIVE_GIMPS_ASSIGNMENT,2026-08-09T02:56:41+00:00,UNALLOCATED,,,,,
SLCMP1467-1985,1985,1986,509098529,2^509098529-1,STRUCTURAL_SCREEN_EXHAUSTED_PRIMALITY_UNASSIGNED,GF3A_DIRECTIONAL_WRITE_EXHAUSTED_PRIMALITY_UNASSIGNED,513,512,512,NO_RECORDED_FACTOR_PRP_OR_LL_RESULT_AND_NO_ACTIVE_GIMPS_ASSIGNMENT,2026-08-09T02:56:41+00:00,UNALLOCATED,,,,,
SLCMP1467-1986,1986,1987,509098591,2^509098591-1,STRUCTURAL_SCREEN_EXHAUSTED_PRIMALITY_UNASSIGNED,GF3A_DIRECTIONAL_WRITE_EXHAUSTED_PRIMALITY_UNASSIGNED,514,512,512,NO_RECORDED_FACTOR_PRP_OR_LL_RESULT_AND_NO_ACTIVE_GIMPS_ASSIGNMENT,2026-08-09T02:56:41+00:00,UNALLOCATED,,,,,
SLCMP1467-1987,1987,1988,509098607,2^509098607-1,STRUCTURAL_SCREEN_EXHAUSTED_PRIMALITY_UNASSIGNED,GF3A_DIRECTIONAL_WRITE_EXHAUSTED_PRIMALITY_UNASSIGNED,514,512,512,NO_RECORDED_FACTOR_PRP_OR_LL_RESULT_AND_NO_ACTIVE_GIMPS_ASSIGNMENT,2026-08-09T02:56:41+00:00,UNALLOCATED,,,,,
SLCMP1467-1988,1988,1989,509098627,2^509098627-1,STRUCTURAL_SCREEN_EXHAUSTED_PRIMALITY_UNASSIGNED,GF3A_DIRECTIONAL_WRITE_EXHAUSTED_PRIMALITY_UNASSIGNED,514,512,512,NO_RECORDED_FACTOR_PRP_OR_LL_RESULT_AND_NO_ACTIVE_GIMPS_ASSIGNMENT,2026-08-09T02:56:41+00:00,UNALLOCATED,,,,,
SLCMP1467-1989,1989,1990,509098829,2^509098829-1,STRUCTURAL_SCREEN_EXHAUSTED_PRIMALITY_UNASSIGNED,GF3A_DIRECTIONAL_WRITE_EXHAUSTED_PRIMALITY_UNASSIGNED,513,512,512,NO_RECORDED_FACTOR_PRP_OR_LL_RESULT_AND_NO_ACTIVE_GIMPS_ASSIGNMENT,2026-08-09T02:56:41+00:00,UNALLOCATED,,,,,
SLCMP1467-1990,1990,1991,509098871,2^509098871-1,STRUCTURAL_SCREEN_EXHAUSTED_PRIMALITY_UNASSIGNED,GF3A_DIRECTIONAL_WRITE_EXHAUSTED_PRIMALITY_UNASSIGNED,514,512,512,NO_RECORDED_FACTOR_PRP_OR_LL_RESULT_AND_NO_ACTIVE_GIMPS_ASSIGNMENT,2026-08-09T02:56:41+00:00,UNALLOCATED,,,,,
SLCMP1467-1991,1991,1992,509098903,2^509098903-1,STRUCTURAL_SCREEN_EXHAUSTED_PRIMALITY_UNASSIGNED,GF3A_DIRECTIONAL_WRITE_EXHAUSTED_PRIMALITY_UNASSIGNED,514,512,512,NO_RECORDED_FACTOR_PRP_OR_LL_RESULT_AND_NO_ACTIVE_GIMPS_ASSIGNMENT,2026-08-09T02:56:41+00:00,UNALLOCATED,,,,,
SLCMP1467-1992,1992,1993,509099011,2^509099011-1,STRUCTURAL_SCREEN_EXHAUSTED_PRIMALITY_UNASSIGNED,GF3A_DIRECTIONAL_WRITE_EXHAUSTED_PRIMALITY_UNASSIGNED,514,512,512,NO_RECORDED_FACTOR_PRP_OR_LL_RESULT_AND_NO_ACTIVE_GIMPS_ASSIGNMENT,2026-08-09T02:56:41+00:00,UNALLOCATED,,,,,
SLCMP1467-1993,1993,1994,509099057,2^509099057-1,STRUCTURAL_SCREEN_EXHAUSTED_PRIMALITY_UNASSIGNED,GF3A_DIRECTIONAL_WRITE_EXHAUSTED_PRIMALITY_UNASSIGNED,513,512,512,NO_RECORDED_FACTOR_PRP_OR_LL_RESULT_AND_NO_ACTIVE_GIMPS_ASSIGNMENT,2026-08-09T02:56:41+00:00,UNALLOCATED,,,,,
SLCMP1467-1994,1994,1995,509099111,2^509099111-1,STRUCTURAL_SCREEN_EXHAUSTED_PRIMALITY_UNASSIGNED,GF3A_DIRECTIONAL_WRITE_EXHAUSTED_PRIMALITY_UNASSIGNED,514,512,512,NO_RECORDED_FACTOR_PRP_OR_LL_RESULT_AND_NO_ACTIVE_GIMPS_ASSIGNMENT,2026-08-09T02:56:41+00:00,UNALLOCATED,,,,,
SLCMP1467-1995,1995,1996,509099249,2^509099249-1,STRUCTURAL_SCREEN_EXHAUSTED_PRIMALITY_UNASSIGNED,GF3A_DIRECTIONAL_WRITE_EXHAUSTED_PRIMALITY_UNASSIGNED,513,512,512,NO_RECORDED_FACTOR_PRP_OR_LL_RESULT_AND_NO_ACTIVE_GIMPS_ASSIGNMENT,2026-08-09T02:56:41+00:00,UNALLOCATED,,,,,
SLCMP1467-1996,1996,1997,509099399,2^509099399-1,STRUCTURAL_SCREEN_EXHAUSTED_PRIMALITY_UNASSIGNED,GF3A_DIRECTIONAL_WRITE_EXHAUSTED_PRIMALITY_UNASSIGNED,514,512,512,NO_RECORDED_FACTOR_PRP_OR_LL_RESULT_AND_NO_ACTIVE_GIMPS_ASSIGNMENT,2026-08-09T02:56:41+00:00,UNALLOCATED,,,,,
SLCMP1467-1997,1997,1998,509099413,2^509099413-1,STRUCTURAL_SCREEN_EXHAUSTED_PRIMALITY_UNASSIGNED,GF3A_DIRECTIONAL_WRITE_EXHAUSTED_PRIMALITY_UNASSIGNED,513,512,512,NO_RECORDED_FACTOR_PRP_OR_LL_RESULT_AND_NO_ACTIVE_GIMPS_ASSIGNMENT,2026-08-09T02:56:41+00:00,UNALLOCATED,,,,,
SLCMP1467-1998,1998,1999,509099429,2^509099429-1,STRUCTURAL_SCREEN_EXHAUSTED_PRIMALITY_UNASSIGNED,GF3A_DIRECTIONAL_WRITE_EXHAUSTED_PRIMALITY_UNASSIGNED,513,512,512,NO_RECORDED_FACTOR_PRP_OR_LL_RESULT_AND_NO_ACTIVE_GIMPS_ASSIGNMENT,2026-08-09T02:56:41+00:00,UNALLOCATED,,,,,
SLCMP1467-1999,1999,2000,509099443,2^509099443-1,STRUCTURAL_SCREEN_EXHAUSTED_PRIMALITY_UNASSIGNED,GF3A_DIRECTIONAL_WRITE_EXHAUSTED_PRIMALITY_UNASSIGNED,514,512,512,NO_RECORDED_FACTOR_PRP_OR_LL_RESULT_AND_NO_ACTIVE_GIMPS_ASSIGNMENT,2026-08-09T02:56:41+00:00,UNALLOCATED,,,,,
SLCMP1467-2000,2000,2001,509099467,2^509099467-1,STRUCTURAL_SCREEN_EXHAUSTED_PRIMALITY_UNASSIGNED,GF3A_DIRECTIONAL_WRITE_EXHAUSTED_PRIMALITY_UNASSIGNED,514,512,512,NO_RECORDED_FACTOR_PRP_OR_LL_RESULT_AND_NO_ACTIVE_GIMPS_ASSIGNMENT,2026-08-09T02:56:41+00:00,UNALLOCATED,,,,,
SLCMP1467-2001,2001,2002,509099477,2^509099477-1,STRUCTURAL_SCREEN_EXHAUSTED_PRIMALITY_UNASSIGNED,GF3A_DIRECTIONAL_WRITE_EXHAUSTED_PRIMALITY_UNASSIGNED,513,512,512,NO_RECORDED_FACTOR_PRP_OR_LL_RESULT_AND_NO_ACTIVE_GIMPS_ASSIGNMENT,2026-08-09T02:56:41+00:00,UNALLOCATED,,,,,
SLCMP1467-2002,2002,2003,509099531,2^509099531-1,STRUCTURAL_SCREEN_EXHAUSTED_PRIMALITY_UNASSIGNED,GF3A_DIRECTIONAL_WRITE_EXHAUSTED_PRIMALITY_UNASSIGNED,514,512,512,NO_RECORDED_FACTOR_PRP_OR_LL_RESULT_AND_NO_ACTIVE_GIMPS_ASSIGNMENT,2026-08-09T02:56:41+00:00,UNALLOCATED,,,,,
SLCMP1467-2003,2003,2004,509099537,2^509099537-1,STRUCTURAL_SCREEN_EXHAUSTED_PRIMALITY_UNASSIGNED,GF3A_DIRECTIONAL_WRITE_EXHAUSTED_PRIMALITY_UNASSIGNED,513,512,512,NO_RECORDED_FACTOR_PRP_OR_LL_RESULT_AND_NO_ACTIVE_GIMPS_ASSIGNMENT,2026-08-09T02:56:41+00:00,UNALLOCATED,,,,,
SLCMP1467-2004,2004,2005,509099557,2^509099557-1,STRUCTURAL_SCREEN_EXHAUSTED_PRIMALITY_UNASSIGNED,GF3A_DIRECTIONAL_WRITE_EXHAUSTED_PRIMALITY_UNASSIGNED,513,512,512,NO_RECORDED_FACTOR_PRP_OR_LL_RESULT_AND_NO_ACTIVE_GIMPS_ASSIGNMENT,2026-08-09T02:56:41+00:00,UNALLOCATED,,,,,
SLCMP1467-2005,2005,2006,509099581,2^509099581-1,STRUCTURAL_SCREEN_EXHAUSTED_PRIMALITY_UNASSIGNED,GF3A_DIRECTIONAL_WRITE_EXHAUSTED_PRIMALITY_UNASSIGNED,513,512,512,NO_RECORDED_FACTOR_PRP_OR_LL_RESULT_AND_NO_ACTIVE_GIMPS_ASSIGNMENT,2026-08-09T02:56:41+00:00,UNALLOCATED,,,,,
SLCMP1467-2006,2006,2007,509099653,2^509099653-1,STRUCTURAL_SCREEN_EXHAUSTED_PRIMALITY_UNASSIGNED,GF3A_DIRECTIONAL_WRITE_EXHAUSTED_PRIMALITY_UNASSIGNED,513,512,512,NO_RECORDED_FACTOR_PRP_OR_LL_RESULT_AND_NO_ACTIVE_GIMPS_ASSIGNMENT,2026-08-09T02:56:41+00:00,UNALLOCATED,,,,,
SLCMP1467-2007,2007,2008,509099713,2^509099713-1,STRUCTURAL_SCREEN_EXHAUSTED_PRIMALITY_UNASSIGNED,GF3A_DIRECTIONAL_WRITE_EXHAUSTED_PRIMALITY_UNASSIGNED,513,512,512,NO_RECORDED_FACTOR_PRP_OR_LL_RESULT_AND_NO_ACTIVE_GIMPS_ASSIGNMENT,2026-08-09T02:56:41+00:00,UNALLOCATED,,,,,
SLCMP1467-2008,2008,2009,509099741,2^509099741-1,STRUCTURAL_SCREEN_EXHAUSTED_PRIMALITY_UNASSIGNED,GF3A_DIRECTIONAL_WRITE_EXHAUSTED_PRIMALITY_UNASSIGNED,513,512,512,NO_RECORDED_FACTOR_PRP_OR_LL_RESULT_AND_NO_ACTIVE_GIMPS_ASSIGNMENT,2026-08-09T02:56:41+00:00,UNALLOCATED,,,,,
SLCMP1467-2009,2009,2010,509099753,2^509099753-1,STRUCTURAL_SCREEN_EXHAUSTED_PRIMALITY_UNASSIGNED,GF3A_DIRECTIONAL_WRITE_EXHAUSTED_PRIMALITY_UNASSIGNED,513,512,512,NO_RECORDED_FACTOR_PRP_OR_LL_RESULT_AND_NO_ACTIVE_GIMPS_ASSIGNMENT,2026-08-09T02:56:41+00:00,UNALLOCATED,,,,,
SLCMP1467-2010,2010,2011,509099797,2^509099797-1,STRUCTURAL_SCREEN_EXHAUSTED_PRIMALITY_UNASSIGNED,GF3A_DIRECTIONAL_WRITE_EXHAUSTED_PRIMALITY_UNASSIGNED,513,512,512,NO_RECORDED_FACTOR_PRP_OR_LL_RESULT_AND_NO_ACTIVE_GIMPS_ASSIGNMENT,2026-08-09T02:56:41+00:00,UNALLOCATED,,,,,
SLCMP1467-2011,2011,2012,509099863,2^509099863-1,STRUCTURAL_SCREEN_EXHAUSTED_PRIMALITY_UNASSIGNED,GF3A_DIRECTIONAL_WRITE_EXHAUSTED_PRIMALITY_UNASSIGNED,514,512,512,NO_RECORDED_FACTOR_PRP_OR_LL_RESULT_AND_NO_ACTIVE_GIMPS_ASSIGNMENT,2026-08-09T02:56:41+00:00,UNALLOCATED,,,,,
SLCMP1467-2012,2012,2013,509099933,2^509099933-1,STRUCTURAL_SCREEN_EXHAUSTED_PRIMALITY_UNASSIGNED,GF3A_DIRECTIONAL_WRITE_EXHAUSTED_PRIMALITY_UNASSIGNED,513,512,512,NO_RECORDED_FACTOR_PRP_OR_LL_RESULT_AND_NO_ACTIVE_GIMPS_ASSIGNMENT,2026-08-09T02:56:41+00:00,UNALLOCATED,,,,,
SLCMP1467-2013,2013,2014,509099939,2^509099939-1,STRUCTURAL_SCREEN_EXHAUSTED_PRIMALITY_UNASSIGNED,GF3A_DIRECTIONAL_WRITE_EXHAUSTED_PRIMALITY_UNASSIGNED,514,512,512,NO_RECORDED_FACTOR_PRP_OR_LL_RESULT_AND_NO_ACTIVE_GIMPS_ASSIGNMENT,2026-08-09T02:56:41+00:00,UNALLOCATED,,,,,
SLCMP1467-2014,2014,2015,509099957,2^509099957-1,STRUCTURAL_SCREEN_EXHAUSTED_PRIMALITY_UNASSIGNED,GF3A_DIRECTIONAL_WRITE_EXHAUSTED_PRIMALITY_UNASSIGNED,513,512,512,NO_RECORDED_FACTOR_PRP_OR_LL_RESULT_AND_NO_ACTIVE_GIMPS_ASSIGNMENT,2026-08-09T02:56:41+00:00,UNALLOCATED,,,,,
SLCMP1467-2015,2015,2016,509099971,2^509099971-1,STRUCTURAL_SCREEN_EXHAUSTED_PRIMALITY_UNASSIGNED,GF3A_DIRECTIONAL_WRITE_EXHAUSTED_PRIMALITY_UNASSIGNED,514,512,512,NO_RECORDED_FACTOR_PRP_OR_LL_RESULT_AND_NO_ACTIVE_GIMPS_ASSIGNMENT,2026-08-09T02:56:41+00:00,UNALLOCATED,,,,,
SLCMP1467-2016,2016,2017,509099977,2^509099977-1,STRUCTURAL_SCREEN_EXHAUSTED_PRIMALITY_UNASSIGNED,GF3A_DIRECTIONAL_WRITE_EXHAUSTED_PRIMALITY_UNASSIGNED,513,512,512,NO_RECORDED_FACTOR_PRP_OR_LL_RESULT_AND_NO_ACTIVE_GIMPS_ASSIGNMENT,2026-08-09T02:56:41+00:00,UNALLOCATED,,,,,
SLCMP1467-2017,2017,2018,509100127,2^509100127-1,STRUCTURAL_SCREEN_EXHAUSTED_PRIMALITY_UNASSIGNED,GF3A_DIRECTIONAL_WRITE_EXHAUSTED_PRIMALITY_UNASSIGNED,514,512,512,NO_RECORDED_FACTOR_PRP_OR_LL_RESULT_AND_NO_ACTIVE_GIMPS_ASSIGNMENT,2026-08-09T02:56:41+00:00,UNALLOCATED,,,,,
SLCMP1467-2018,2018,2019,509100169,2^509100169-1,STRUCTURAL_SCREEN_EXHAUSTED_PRIMALITY_UNASSIGNED,GF3A_DIRECTIONAL_WRITE_EXHAUSTED_PRIMALITY_UNASSIGNED,513,512,512,NO_RECORDED_FACTOR_PRP_OR_LL_RESULT_AND_NO_ACTIVE_GIMPS_ASSIGNMENT,2026-08-09T02:56:41+00:00,UNALLOCATED,,,,,
SLCMP1467-2019,2019,2020,509100199,2^509100199-1,STRUCTURAL_SCREEN_EXHAUSTED_PRIMALITY_UNASSIGNED,GF3A_DIRECTIONAL_WRITE_EXHAUSTED_PRIMALITY_UNASSIGNED,514,512,512,NO_RECORDED_FACTOR_PRP_OR_LL_RESULT_AND_NO_ACTIVE_GIMPS_ASSIGNMENT,2026-08-09T02:56:41+00:00,UNALLOCATED,,,,,
SLCMP1467-2020,2020,2021,509100211,2^509100211-1,STRUCTURAL_SCREEN_EXHAUSTED_PRIMALITY_UNASSIGNED,GF3A_DIRECTIONAL_WRITE_EXHAUSTED_PRIMALITY_UNASSIGNED,514,512,512,NO_RECORDED_FACTOR_PRP_OR_LL_RESULT_AND_NO_ACTIVE_GIMPS_ASSIGNMENT,2026-08-09T02:56:41+00:00,UNALLOCATED,,,,,
SLCMP1467-2021,2021,2022,509100359,2^509100359-1,STRUCTURAL_SCREEN_EXHAUSTED_PRIMALITY_UNASSIGNED,GF3A_DIRECTIONAL_WRITE_EXHAUSTED_PRIMALITY_UNASSIGNED,514,512,512,NO_RECORDED_FACTOR_PRP_OR_LL_RESULT_AND_NO_ACTIVE_GIMPS_ASSIGNMENT,2026-08-09T02:56:41+00:00,UNALLOCATED,,,,,
SLCMP1467-2022,2022,2023,509100401,2^509100401-1,STRUCTURAL_SCREEN_EXHAUSTED_PRIMALITY_UNASSIGNED,GF3A_DIRECTIONAL_WRITE_EXHAUSTED_PRIMALITY_UNASSIGNED,513,512,512,NO_RECORDED_FACTOR_PRP_OR_LL_RESULT_AND_NO_ACTIVE_GIMPS_ASSIGNMENT,2026-08-09T02:56:41+00:00,UNALLOCATED,,,,,
SLCMP1467-2023,2023,2024,509100433,2^509100433-1,STRUCTURAL_SCREEN_EXHAUSTED_PRIMALITY_UNASSIGNED,GF3A_DIRECTIONAL_WRITE_EXHAUSTED_PRIMALITY_UNASSIGNED,513,512,512,NO_RECORDED_FACTOR_PRP_OR_LL_RESULT_AND_NO_ACTIVE_GIMPS_ASSIGNMENT,2026-08-09T02:56:41+00:00,UNALLOCATED,,,,,
SLCMP1467-2024,2024,2025,509100623,2^509100623-1,STRUCTURAL_SCREEN_EXHAUSTED_PRIMALITY_UNASSIGNED,GF3A_DIRECTIONAL_WRITE_EXHAUSTED_PRIMALITY_UNASSIGNED,514,512,512,NO_RECORDED_FACTOR_PRP_OR_LL_RESULT_AND_NO_ACTIVE_GIMPS_ASSIGNMENT,2026-08-09T02:56:41+00:00,UNALLOCATED,,,,,
SLCMP1467-2025,2025,2026,509100637,2^509100637-1,STRUCTURAL_SCREEN_EXHAUSTED_PRIMALITY_UNASSIGNED,GF3A_DIRECTIONAL_WRITE_EXHAUSTED_PRIMALITY_UNASSIGNED,513,512,512,NO_RECORDED_FACTOR_PRP_OR_LL_RESULT_AND_NO_ACTIVE_GIMPS_ASSIGNMENT,2026-08-09T02:56:41+00:00,UNALLOCATED,,,,,
SLCMP1467-2026,2026,2027,509100659,2^509100659-1,STRUCTURAL_SCREEN_EXHAUSTED_PRIMALITY_UNASSIGNED,GF3A_DIRECTIONAL_WRITE_EXHAUSTED_PRIMALITY_UNASSIGNED,514,512,512,NO_RECORDED_FACTOR_PRP_OR_LL_RESULT_AND_NO_ACTIVE_GIMPS_ASSIGNMENT,2026-08-09T02:56:41+00:00,UNALLOCATED,,,,,
SLCMP1467-2027,2027,2028,509100673,2^509100673-1,STRUCTURAL_SCREEN_EXHAUSTED_PRIMALITY_UNASSIGNED,GF3A_DIRECTIONAL_WRITE_EXHAUSTED_PRIMALITY_UNASSIGNED,513,512,512,NO_RECORDED_FACTOR_PRP_OR_LL_RESULT_AND_NO_ACTIVE_GIMPS_ASSIGNMENT,2026-08-09T02:56:41+00:00,UNALLOCATED,,,,,
SLCMP1467-2028,2028,2029,509100707,2^509100707-1,STRUCTURAL_SCREEN_EXHAUSTED_PRIMALITY_UNASSIGNED,GF3A_DIRECTIONAL_WRITE_EXHAUSTED_PRIMALITY_UNASSIGNED,514,512,512,NO_RECORDED_FACTOR_PRP_OR_LL_RESULT_AND_NO_ACTIVE_GIMPS_ASSIGNMENT,2026-08-09T02:56:41+00:00,UNALLOCATED,,,,,
SLCMP1467-2029,2029,2030,509100721,2^509100721-1,STRUCTURAL_SCREEN_EXHAUSTED_PRIMALITY_UNASSIGNED,GF3A_DIRECTIONAL_WRITE_EXHAUSTED_PRIMALITY_UNASSIGNED,513,512,512,NO_RECORDED_FACTOR_PRP_OR_LL_RESULT_AND_NO_ACTIVE_GIMPS_ASSIGNMENT,2026-08-09T02:56:41+00:00,UNALLOCATED,,,,,
SLCMP1467-2030,2030,2031,509100769,2^509100769-1,STRUCTURAL_SCREEN_EXHAUSTED_PRIMALITY_UNASSIGNED,GF3A_DIRECTIONAL_WRITE_EXHAUSTED_PRIMALITY_UNASSIGNED,513,512,512,NO_RECORDED_FACTOR_PRP_OR_LL_RESULT_AND_NO_ACTIVE_GIMPS_ASSIGNMENT,2026-08-09T02:56:41+00:00,UNALLOCATED,,,,,
SLCMP1467-2031,2031,2032,509100841,2^509100841-1,STRUCTURAL_SCREEN_EXHAUSTED_PRIMALITY_UNASSIGNED,GF3A_DIRECTIONAL_WRITE_EXHAUSTED_PRIMALITY_UNASSIGNED,513,512,512,NO_RECORDED_FACTOR_PRP_OR_LL_RESULT_AND_NO_ACTIVE_GIMPS_ASSIGNMENT,2026-08-09T02:56:41+00:00,UNALLOCATED,,,,,
SLCMP1467-2032,2032,2033,509100857,2^509100857-1,STRUCTURAL_SCREEN_EXHAUSTED_PRIMALITY_UNASSIGNED,GF3A_DIRECTIONAL_WRITE_EXHAUSTED_PRIMALITY_UNASSIGNED,513,512,512,NO_RECORDED_FACTOR_PRP_OR_LL_RESULT_AND_NO_ACTIVE_GIMPS_ASSIGNMENT,2026-08-09T02:56:41+00:00,UNALLOCATED,,,,,
SLCMP1467-2033,2033,2034,509100859,2^509100859-1,STRUCTURAL_SCREEN_EXHAUSTED_PRIMALITY_UNASSIGNED,GF3A_DIRECTIONAL_WRITE_EXHAUSTED_PRIMALITY_UNASSIGNED,514,512,512,NO_RECORDED_FACTOR_PRP_OR_LL_RESULT_AND_NO_ACTIVE_GIMPS_ASSIGNMENT,2026-08-09T02:56:41+00:00,UNALLOCATED,,,,,
SLCMP1467-2034,2034,2035,509100901,2^509100901-1,STRUCTURAL_SCREEN_EXHAUSTED_PRIMALITY_UNASSIGNED,GF3A_DIRECTIONAL_WRITE_EXHAUSTED_PRIMALITY_UNASSIGNED,513,512,512,NO_RECORDED_FACTOR_PRP_OR_LL_RESULT_AND_NO_ACTIVE_GIMPS_ASSIGNMENT,2026-08-09T02:56:41+00:00,UNALLOCATED,,,,,
SLCMP1467-2035,2035,2036,509101009,2^509101009-1,STRUCTURAL_SCREEN_EXHAUSTED_PRIMALITY_UNASSIGNED,GF3A_DIRECTIONAL_WRITE_EXHAUSTED_PRIMALITY_UNASSIGNED,513,512,512,NO_RECORDED_FACTOR_PRP_OR_LL_RESULT_AND_NO_ACTIVE_GIMPS_ASSIGNMENT,2026-08-09T02:56:41+00:00,UNALLOCATED,,,,,
SLCMP1467-2036,2036,2037,509101031,2^509101031-1,STRUCTURAL_SCREEN_EXHAUSTED_PRIMALITY_UNASSIGNED,GF3A_DIRECTIONAL_WRITE_EXHAUSTED_PRIMALITY_UNASSIGNED,514,512,512,NO_RECORDED_FACTOR_PRP_OR_LL_RESULT_AND_NO_ACTIVE_GIMPS_ASSIGNMENT,2026-08-09T02:56:41+00:00,UNALLOCATED,,,,,
SLCMP1467-2037,2037,2038,509101111,2^509101111-1,STRUCTURAL_SCREEN_EXHAUSTED_PRIMALITY_UNASSIGNED,GF3A_DIRECTIONAL_WRITE_EXHAUSTED_PRIMALITY_UNASSIGNED,514,512,512,NO_RECORDED_FACTOR_PRP_OR_LL_RESULT_AND_NO_ACTIVE_GIMPS_ASSIGNMENT,2026-08-09T02:56:41+00:00,UNALLOCATED,,,,,
SLCMP1467-2038,2038,2039,509101129,2^509101129-1,STRUCTURAL_SCREEN_EXHAUSTED_PRIMALITY_UNASSIGNED,GF3A_DIRECTIONAL_WRITE_EXHAUSTED_PRIMALITY_UNASSIGNED,513,512,512,NO_RECORDED_FACTOR_PRP_OR_LL_RESULT_AND_NO_ACTIVE_GIMPS_ASSIGNMENT,2026-08-09T02:56:41+00:00,UNALLOCATED,,,,,
SLCMP1467-2039,2039,2040,509101163,2^509101163-1,STRUCTURAL_SCREEN_EXHAUSTED_PRIMALITY_UNASSIGNED,GF3A_DIRECTIONAL_WRITE_EXHAUSTED_PRIMALITY_UNASSIGNED,514,512,512,NO_RECORDED_FACTOR_PRP_OR_LL_RESULT_AND_NO_ACTIVE_GIMPS_ASSIGNMENT,2026-08-09T02:56:41+00:00,UNALLOCATED,,,,,
SLCMP1467-2040,2040,2041,509101331,2^509101331-1,STRUCTURAL_SCREEN_EXHAUSTED_PRIMALITY_UNASSIGNED,GF3A_DIRECTIONAL_WRITE_EXHAUSTED_PRIMALITY_UNASSIGNED,514,512,512,NO_RECORDED_FACTOR_PRP_OR_LL_RESULT_AND_NO_ACTIVE_GIMPS_ASSIGNMENT,2026-08-09T02:56:41+00:00,UNALLOCATED,,,,,
SLCMP1467-2041,2041,2042,509101339,2^509101339-1,STRUCTURAL_SCREEN_EXHAUSTED_PRIMALITY_UNASSIGNED,GF3A_DIRECTIONAL_WRITE_EXHAUSTED_PRIMALITY_UNASSIGNED,514,512,512,NO_RECORDED_FACTOR_PRP_OR_LL_RESULT_AND_NO_ACTIVE_GIMPS_ASSIGNMENT,2026-08-09T02:56:41+00:00,UNALLOCATED,,,,,
SLCMP1467-2042,2042,2043,509101591,2^509101591-1,STRUCTURAL_SCREEN_EXHAUSTED_PRIMALITY_UNASSIGNED,GF3A_DIRECTIONAL_WRITE_EXHAUSTED_PRIMALITY_UNASSIGNED,514,512,512,NO_RECORDED_FACTOR_PRP_OR_LL_RESULT_AND_NO_ACTIVE_GIMPS_ASSIGNMENT,2026-08-09T02:56:41+00:00,UNALLOCATED,,,,,
SLCMP1467-2043,2043,2044,509101609,2^509101609-1,STRUCTURAL_SCREEN_EXHAUSTED_PRIMALITY_UNASSIGNED,GF3A_DIRECTIONAL_WRITE_EXHAUSTED_PRIMALITY_UNASSIGNED,513,512,512,NO_RECORDED_FACTOR_PRP_OR_LL_RESULT_AND_NO_ACTIVE_GIMPS_ASSIGNMENT,2026-08-09T02:56:41+00:00,UNALLOCATED,,,,,
SLCMP1467-2044,2044,2045,509101717,2^509101717-1,STRUCTURAL_SCREEN_EXHAUSTED_PRIMALITY_UNASSIGNED,GF3A_DIRECTIONAL_WRITE_EXHAUSTED_PRIMALITY_UNASSIGNED,513,512,512,NO_RECORDED_FACTOR_PRP_OR_LL_RESULT_AND_NO_ACTIVE_GIMPS_ASSIGNMENT,2026-08-09T02:56:41+00:00,UNALLOCATED,,,,,
SLCMP1467-2045,2045,2046,509101721,2^509101721-1,STRUCTURAL_SCREEN_EXHAUSTED_PRIMALITY_UNASSIGNED,GF3A_DIRECTIONAL_WRITE_EXHAUSTED_PRIMALITY_UNASSIGNED,513,512,512,NO_RECORDED_FACTOR_PRP_OR_LL_RESULT_AND_NO_ACTIVE_GIMPS_ASSIGNMENT,2026-08-09T02:56:41+00:00,UNALLOCATED,,,,,
SLCMP1467-2046,2046,2047,509101799,2^509101799-1,STRUCTURAL_SCREEN_EXHAUSTED_PRIMALITY_UNASSIGNED,GF3A_DIRECTIONAL_WRITE_EXHAUSTED_PRIMALITY_UNASSIGNED,514,512,512,NO_RECORDED_FACTOR_PRP_OR_LL_RESULT_AND_NO_ACTIVE_GIMPS_ASSIGNMENT,2026-08-09T02:56:41+00:00,UNALLOCATED,,,,,
SLCMP1467-2047,2047,2048,509101807,2^509101807-1,STRUCTURAL_SCREEN_EXHAUSTED_PRIMALITY_UNASSIGNED,GF3A_DIRECTIONAL_WRITE_EXHAUSTED_PRIMALITY_UNASSIGNED,514,512,512,NO_RECORDED_FACTOR_PRP_OR_LL_RESULT_AND_NO_ACTIVE_GIMPS_ASSIGNMENT,2026-08-09T02:56:41+00:00,UNALLOCATED,,,,,
SLCMP1467-2048,2048,2049,509101819,2^509101819-1,STRUCTURAL_SCREEN_EXHAUSTED_PRIMALITY_UNASSIGNED,GF3A_DIRECTIONAL_WRITE_EXHAUSTED_PRIMALITY_UNASSIGNED,514,512,512,NO_RECORDED_FACTOR_PRP_OR_LL_RESULT_AND_NO_ACTIVE_GIMPS_ASSIGNMENT,2026-08-09T02:56:41+00:00,UNALLOCATED,,,,,
SLCMP1467-2049,2049,2050,509101829,2^509101829-1,STRUCTURAL_SCREEN_EXHAUSTED_PRIMALITY_UNASSIGNED,GF3A_DIRECTIONAL_WRITE_EXHAUSTED_PRIMALITY_UNASSIGNED,513,512,512,NO_RECORDED_FACTOR_PRP_OR_LL_RESULT_AND_NO_ACTIVE_GIMPS_ASSIGNMENT,2026-08-09T02:56:41+00:00,UNALLOCATED,,,,,
SLCMP1467-2050,2050,2051,509101861,2^509101861-1,STRUCTURAL_SCREEN_EXHAUSTED_PRIMALITY_UNASSIGNED,GF3A_DIRECTIONAL_WRITE_EXHAUSTED_PRIMALITY_UNASSIGNED,513,512,512,NO_RECORDED_FACTOR_PRP_OR_LL_RESULT_AND_NO_ACTIVE_GIMPS_ASSIGNMENT,2026-08-09T02:56:41+00:00,UNALLOCATED,,,,,
SLCMP1467-2051,2051,2052,509101877,2^509101877-1,STRUCTURAL_SCREEN_EXHAUSTED_PRIMALITY_UNASSIGNED,GF3A_DIRECTIONAL_WRITE_EXHAUSTED_PRIMALITY_UNASSIGNED,513,512,512,NO_RECORDED_FACTOR_PRP_OR_LL_RESULT_AND_NO_ACTIVE_GIMPS_ASSIGNMENT,2026-08-09T02:56:41+00:00,UNALLOCATED,,,,,
SLCMP1467-2052,2052,2053,509101919,2^509101919-1,STRUCTURAL_SCREEN_EXHAUSTED_PRIMALITY_UNASSIGNED,GF3A_DIRECTIONAL_WRITE_EXHAUSTED_PRIMALITY_UNASSIGNED,514,512,512,NO_RECORDED_FACTOR_PRP_OR_LL_RESULT_AND_NO_ACTIVE_GIMPS_ASSIGNMENT,2026-08-09T02:56:41+00:00,UNALLOCATED,,,,,
SLCMP1467-2053,2053,2054,509101963,2^509101963-1,STRUCTURAL_SCREEN_EXHAUSTED_PRIMALITY_UNASSIGNED,GF3A_DIRECTIONAL_WRITE_EXHAUSTED_PRIMALITY_UNASSIGNED,514,512,512,NO_RECORDED_FACTOR_PRP_OR_LL_RESULT_AND_NO_ACTIVE_GIMPS_ASSIGNMENT,2026-08-09T02:56:41+00:00,UNALLOCATED,,,,,
SLCMP1467-2054,2054,2055,509102107,2^509102107-1,STRUCTURAL_SCREEN_EXHAUSTED_PRIMALITY_UNASSIGNED,GF3A_DIRECTIONAL_WRITE_EXHAUSTED_PRIMALITY_UNASSIGNED,514,512,512,NO_RECORDED_FACTOR_PRP_OR_LL_RESULT_AND_NO_ACTIVE_GIMPS_ASSIGNMENT,2026-08-09T02:56:41+00:00,UNALLOCATED,,,,,
SLCMP1467-2055,2055,2056,509102147,2^509102147-1,STRUCTURAL_SCREEN_EXHAUSTED_PRIMALITY_UNASSIGNED,GF3A_DIRECTIONAL_WRITE_EXHAUSTED_PRIMALITY_UNASSIGNED,514,512,512,NO_RECORDED_FACTOR_PRP_OR_LL_RESULT_AND_NO_ACTIVE_GIMPS_ASSIGNMENT,2026-08-09T02:56:41+00:00,UNALLOCATED,,,,,
SLCMP1467-2056,2056,2057,509102227,2^509102227-1,STRUCTURAL_SCREEN_EXHAUSTED_PRIMALITY_UNASSIGNED,GF3A_DIRECTIONAL_WRITE_EXHAUSTED_PRIMALITY_UNASSIGNED,514,512,512,NO_RECORDED_FACTOR_PRP_OR_LL_RESULT_AND_NO_ACTIVE_GIMPS_ASSIGNMENT,2026-08-09T02:56:41+00:00,UNALLOCATED,,,,,
SLCMP1467-2057,2057,2058,509102479,2^509102479-1,STRUCTURAL_SCREEN_EXHAUSTED_PRIMALITY_UNASSIGNED,GF3A_DIRECTIONAL_WRITE_EXHAUSTED_PRIMALITY_UNASSIGNED,514,512,512,NO_RECORDED_FACTOR_PRP_OR_LL_RESULT_AND_NO_ACTIVE_GIMPS_ASSIGNMENT,2026-08-09T02:56:41+00:00,UNALLOCATED,,,,,
SLCMP1467-2058,2058,2059,509102597,2^509102597-1,STRUCTURAL_SCREEN_EXHAUSTED_PRIMALITY_UNASSIGNED,GF3A_DIRECTIONAL_WRITE_EXHAUSTED_PRIMALITY_UNASSIGNED,513,512,512,NO_RECORDED_FACTOR_PRP_OR_LL_RESULT_AND_NO_ACTIVE_GIMPS_ASSIGNMENT,2026-08-09T02:56:41+00:00,UNALLOCATED,,,,,
SLCMP1467-2059,2059,2060,509102609,2^509102609-1,STRUCTURAL_SCREEN_EXHAUSTED_PRIMALITY_UNASSIGNED,GF3A_DIRECTIONAL_WRITE_EXHAUSTED_PRIMALITY_UNASSIGNED,513,512,512,NO_RECORDED_FACTOR_PRP_OR_LL_RESULT_AND_NO_ACTIVE_GIMPS_ASSIGNMENT,2026-08-09T02:56:41+00:00,UNALLOCATED,,,,,
SLCMP1467-2060,2060,2061,509102747,2^509102747-1,STRUCTURAL_SCREEN_EXHAUSTED_PRIMALITY_UNASSIGNED,GF3A_DIRECTIONAL_WRITE_EXHAUSTED_PRIMALITY_UNASSIGNED,514,512,512,NO_RECORDED_FACTOR_PRP_OR_LL_RESULT_AND_NO_ACTIVE_GIMPS_ASSIGNMENT,2026-08-09T02:56:41+00:00,UNALLOCATED,,,,,
SLCMP1467-2061,2061,2062,509102773,2^509102773-1,STRUCTURAL_SCREEN_EXHAUSTED_PRIMALITY_UNASSIGNED,GF3A_DIRECTIONAL_WRITE_EXHAUSTED_PRIMALITY_UNASSIGNED,513,512,512,NO_RECORDED_FACTOR_PRP_OR_LL_RESULT_AND_NO_ACTIVE_GIMPS_ASSIGNMENT,2026-08-09T02:56:41+00:00,UNALLOCATED,,,,,
SLCMP1467-2062,2062,2063,509102879,2^509102879-1,STRUCTURAL_SCREEN_EXHAUSTED_PRIMALITY_UNASSIGNED,GF3A_DIRECTIONAL_WRITE_EXHAUSTED_PRIMALITY_UNASSIGNED,514,512,512,NO_RECORDED_FACTOR_PRP_OR_LL_RESULT_AND_NO_ACTIVE_GIMPS_ASSIGNMENT,2026-08-09T02:56:41+00:00,UNALLOCATED,,,,,
SLCMP1467-2063,2063,2064,509102959,2^509102959-1,STRUCTURAL_SCREEN_EXHAUSTED_PRIMALITY_UNASSIGNED,GF3A_DIRECTIONAL_WRITE_EXHAUSTED_PRIMALITY_UNASSIGNED,514,512,512,NO_RECORDED_FACTOR_PRP_OR_LL_RESULT_AND_NO_ACTIVE_GIMPS_ASSIGNMENT,2026-08-09T02:56:41+00:00,UNALLOCATED,,,,,
SLCMP1467-2064,2064,2065,509102981,2^509102981-1,STRUCTURAL_SCREEN_EXHAUSTED_PRIMALITY_UNASSIGNED,GF3A_DIRECTIONAL_WRITE_EXHAUSTED_PRIMALITY_UNASSIGNED,513,512,512,NO_RECORDED_FACTOR_PRP_OR_LL_RESULT_AND_NO_ACTIVE_GIMPS_ASSIGNMENT,2026-08-09T02:56:41+00:00,UNALLOCATED,,,,,
SLCMP1467-2065,2065,2066,509103037,2^509103037-1,STRUCTURAL_SCREEN_EXHAUSTED_PRIMALITY_UNASSIGNED,GF3A_DIRECTIONAL_WRITE_EXHAUSTED_PRIMALITY_UNASSIGNED,513,512,512,NO_RECORDED_FACTOR_PRP_OR_LL_RESULT_AND_NO_ACTIVE_GIMPS_ASSIGNMENT,2026-08-09T02:56:41+00:00,UNALLOCATED,,,,,
SLCMP1467-2066,2066,2067,509103041,2^509103041-1,STRUCTURAL_SCREEN_EXHAUSTED_PRIMALITY_UNASSIGNED,GF3A_DIRECTIONAL_WRITE_EXHAUSTED_PRIMALITY_UNASSIGNED,513,512,512,NO_RECORDED_FACTOR_PRP_OR_LL_RESULT_AND_NO_ACTIVE_GIMPS_ASSIGNMENT,2026-08-09T02:56:41+00:00,UNALLOCATED,,,,,
SLCMP1467-2067,2067,2068,509103079,2^509103079-1,STRUCTURAL_SCREEN_EXHAUSTED_PRIMALITY_UNASSIGNED,GF3A_DIRECTIONAL_WRITE_EXHAUSTED_PRIMALITY_UNASSIGNED,514,512,512,NO_RECORDED_FACTOR_PRP_OR_LL_RESULT_AND_NO_ACTIVE_GIMPS_ASSIGNMENT,2026-08-09T02:56:41+00:00,UNALLOCATED,,,,,
SLCMP1467-2068,2068,2069,509103143,2^509103143-1,STRUCTURAL_SCREEN_EXHAUSTED_PRIMALITY_UNASSIGNED,GF3A_DIRECTIONAL_WRITE_EXHAUSTED_PRIMALITY_UNASSIGNED,514,512,512,NO_RECORDED_FACTOR_PRP_OR_LL_RESULT_AND_NO_ACTIVE_GIMPS_ASSIGNMENT,2026-08-09T02:56:41+00:00,UNALLOCATED,,,,,
SLCMP1467-2069,2069,2070,509103151,2^509103151-1,STRUCTURAL_SCREEN_EXHAUSTED_PRIMALITY_UNASSIGNED,GF3A_DIRECTIONAL_WRITE_EXHAUSTED_PRIMALITY_UNASSIGNED,514,512,512,NO_RECORDED_FACTOR_PRP_OR_LL_RESULT_AND_NO_ACTIVE_GIMPS_ASSIGNMENT,2026-08-09T02:56:41+00:00,UNALLOCATED,,,,,
SLCMP1467-2070,2070,2071,509103167,2^509103167-1,STRUCTURAL_SCREEN_EXHAUSTED_PRIMALITY_UNASSIGNED,GF3A_DIRECTIONAL_WRITE_EXHAUSTED_PRIMALITY_UNASSIGNED,514,512,512,NO_RECORDED_FACTOR_PRP_OR_LL_RESULT_AND_NO_ACTIVE_GIMPS_ASSIGNMENT,2026-08-09T02:56:41+00:00,UNALLOCATED,,,,,
SLCMP1467-2071,2071,2072,509103169,2^509103169-1,STRUCTURAL_SCREEN_EXHAUSTED_PRIMALITY_UNASSIGNED,GF3A_DIRECTIONAL_WRITE_EXHAUSTED_PRIMALITY_UNASSIGNED,513,512,512,NO_RECORDED_FACTOR_PRP_OR_LL_RESULT_AND_NO_ACTIVE_GIMPS_ASSIGNMENT,2026-08-09T02:56:41+00:00,UNALLOCATED,,,,,
SLCMP1467-2072,2072,2073,509103247,2^509103247-1,STRUCTURAL_SCREEN_EXHAUSTED_PRIMALITY_UNASSIGNED,GF3A_DIRECTIONAL_WRITE_EXHAUSTED_PRIMALITY_UNASSIGNED,514,512,512,NO_RECORDED_FACTOR_PRP_OR_LL_RESULT_AND_NO_ACTIVE_GIMPS_ASSIGNMENT,2026-08-09T02:56:41+00:00,UNALLOCATED,,,,,
SLCMP1467-2073,2073,2074,509103263,2^509103263-1,STRUCTURAL_SCREEN_EXHAUSTED_PRIMALITY_UNASSIGNED,GF3A_DIRECTIONAL_WRITE_EXHAUSTED_PRIMALITY_UNASSIGNED,514,512,512,NO_RECORDED_FACTOR_PRP_OR_LL_RESULT_AND_NO_ACTIVE_GIMPS_ASSIGNMENT,2026-08-09T02:56:41+00:00,UNALLOCATED,,,,,
SLCMP1467-2074,2074,2075,509103269,2^509103269-1,STRUCTURAL_SCREEN_EXHAUSTED_PRIMALITY_UNASSIGNED,GF3A_DIRECTIONAL_WRITE_EXHAUSTED_PRIMALITY_UNASSIGNED,513,512,512,NO_RECORDED_FACTOR_PRP_OR_LL_RESULT_AND_NO_ACTIVE_GIMPS_ASSIGNMENT,2026-08-09T02:56:41+00:00,UNALLOCATED,,,,,
SLCMP1467-2075,2075,2076,509103289,2^509103289-1,STRUCTURAL_SCREEN_EXHAUSTED_PRIMALITY_UNASSIGNED,GF3A_DIRECTIONAL_WRITE_EXHAUSTED_PRIMALITY_UNASSIGNED,513,512,512,NO_RECORDED_FACTOR_PRP_OR_LL_RESULT_AND_NO_ACTIVE_GIMPS_ASSIGNMENT,2026-08-09T02:56:41+00:00,UNALLOCATED,,,,,
SLCMP1467-2076,2076,2077,509103599,2^509103599-1,STRUCTURAL_SCREEN_EXHAUSTED_PRIMALITY_UNASSIGNED,GF3A_DIRECTIONAL_WRITE_EXHAUSTED_PRIMALITY_UNASSIGNED,514,512,512,NO_RECORDED_FACTOR_PRP_OR_LL_RESULT_AND_NO_ACTIVE_GIMPS_ASSIGNMENT,2026-08-09T02:56:41+00:00,UNALLOCATED,,,,,
SLCMP1467-2077,2077,2078,509103619,2^509103619-1,STRUCTURAL_SCREEN_EXHAUSTED_PRIMALITY_UNASSIGNED,GF3A_DIRECTIONAL_WRITE_EXHAUSTED_PRIMALITY_UNASSIGNED,514,512,512,NO_RECORDED_FACTOR_PRP_OR_LL_RESULT_AND_NO_ACTIVE_GIMPS_ASSIGNMENT,2026-08-09T02:56:41+00:00,UNALLOCATED,,,,,
SLCMP1467-2078,2078,2079,509103761,2^509103761-1,STRUCTURAL_SCREEN_EXHAUSTED_PRIMALITY_UNASSIGNED,GF3A_DIRECTIONAL_WRITE_EXHAUSTED_PRIMALITY_UNASSIGNED,513,512,512,NO_RECORDED_FACTOR_PRP_OR_LL_RESULT_AND_NO_ACTIVE_GIMPS_ASSIGNMENT,2026-08-09T02:56:41+00:00,UNALLOCATED,,,,,
SLCMP1467-2079,2079,2080,509103769,2^509103769-1,STRUCTURAL_SCREEN_EXHAUSTED_PRIMALITY_UNASSIGNED,GF3A_DIRECTIONAL_WRITE_EXHAUSTED_PRIMALITY_UNASSIGNED,513,512,512,NO_RECORDED_FACTOR_PRP_OR_LL_RESULT_AND_NO_ACTIVE_GIMPS_ASSIGNMENT,2026-08-09T02:56:41+00:00,UNALLOCATED,,,,,
SLCMP1467-2080,2080,2081,509103809,2^509103809-1,STRUCTURAL_SCREEN_EXHAUSTED_PRIMALITY_UNASSIGNED,GF3A_DIRECTIONAL_WRITE_EXHAUSTED_PRIMALITY_UNASSIGNED,513,512,512,NO_RECORDED_FACTOR_PRP_OR_LL_RESULT_AND_NO_ACTIVE_GIMPS_ASSIGNMENT,2026-08-09T02:56:41+00:00,UNALLOCATED,,,,,
SLCMP1467-2081,2081,2082,509103857,2^509103857-1,STRUCTURAL_SCREEN_EXHAUSTED_PRIMALITY_UNASSIGNED,GF3A_DIRECTIONAL_WRITE_EXHAUSTED_PRIMALITY_UNASSIGNED,513,512,512,NO_RECORDED_FACTOR_PRP_OR_LL_RESULT_AND_NO_ACTIVE_GIMPS_ASSIGNMENT,2026-08-09T02:56:41+00:00,UNALLOCATED,,,,,
SLCMP1467-2082,2082,2083,509103883,2^509103883-1,STRUCTURAL_SCREEN_EXHAUSTED_PRIMALITY_UNASSIGNED,GF3A_DIRECTIONAL_WRITE_EXHAUSTED_PRIMALITY_UNASSIGNED,514,512,512,NO_RECORDED_FACTOR_PRP_OR_LL_RESULT_AND_NO_ACTIVE_GIMPS_ASSIGNMENT,2026-08-09T02:56:41+00:00,UNALLOCATED,,,,,
SLCMP1467-2083,2083,2084,509103901,2^509103901-1,STRUCTURAL_SCREEN_EXHAUSTED_PRIMALITY_UNASSIGNED,GF3A_DIRECTIONAL_WRITE_EXHAUSTED_PRIMALITY_UNASSIGNED,513,512,512,NO_RECORDED_FACTOR_PRP_OR_LL_RESULT_AND_NO_ACTIVE_GIMPS_ASSIGNMENT,2026-08-09T02:56:41+00:00,UNALLOCATED,,,,,
SLCMP1467-2084,2084,2085,509103997,2^509103997-1,STRUCTURAL_SCREEN_EXHAUSTED_PRIMALITY_UNASSIGNED,GF3A_DIRECTIONAL_WRITE_EXHAUSTED_PRIMALITY_UNASSIGNED,513,512,512,NO_RECORDED_FACTOR_PRP_OR_LL_RESULT_AND_NO_ACTIVE_GIMPS_ASSIGNMENT,2026-08-09T02:56:41+00:00,UNALLOCATED,,,,,
SLCMP1467-2085,2085,2086,509104033,2^509104033-1,STRUCTURAL_SCREEN_EXHAUSTED_PRIMALITY_UNASSIGNED,GF3A_DIRECTIONAL_WRITE_EXHAUSTED_PRIMALITY_UNASSIGNED,513,512,512,NO_RECORDED_FACTOR_PRP_OR_LL_RESULT_AND_NO_ACTIVE_GIMPS_ASSIGNMENT,2026-08-09T02:56:41+00:00,UNALLOCATED,,,,,
SLCMP1467-2086,2086,2087,509104129,2^509104129-1,STRUCTURAL_SCREEN_EXHAUSTED_PRIMALITY_UNASSIGNED,GF3A_DIRECTIONAL_WRITE_EXHAUSTED_PRIMALITY_UNASSIGNED,513,512,512,NO_RECORDED_FACTOR_PRP_OR_LL_RESULT_AND_NO_ACTIVE_GIMPS_ASSIGNMENT,2026-08-09T02:56:41+00:00,UNALLOCATED,,,,,
SLCMP1467-2087,2087,2088,509104157,2^509104157-1,STRUCTURAL_SCREEN_EXHAUSTED_PRIMALITY_UNASSIGNED,GF3A_DIRECTIONAL_WRITE_EXHAUSTED_PRIMALITY_UNASSIGNED,513,512,512,NO_RECORDED_FACTOR_PRP_OR_LL_RESULT_AND_NO_ACTIVE_GIMPS_ASSIGNMENT,2026-08-09T02:56:41+00:00,UNALLOCATED,,,,,
SLCMP1467-2088,2088,2089,509104207,2^509104207-1,STRUCTURAL_SCREEN_EXHAUSTED_PRIMALITY_UNASSIGNED,GF3A_DIRECTIONAL_WRITE_EXHAUSTED_PRIMALITY_UNASSIGNED,514,512,512,NO_RECORDED_FACTOR_PRP_OR_LL_RESULT_AND_NO_ACTIVE_GIMPS_ASSIGNMENT,2026-08-09T02:56:41+00:00,UNALLOCATED,,,,,
SLCMP1467-2089,2089,2090,509104213,2^509104213-1,STRUCTURAL_SCREEN_EXHAUSTED_PRIMALITY_UNASSIGNED,GF3A_DIRECTIONAL_WRITE_EXHAUSTED_PRIMALITY_UNASSIGNED,513,512,512,NO_RECORDED_FACTOR_PRP_OR_LL_RESULT_AND_NO_ACTIVE_GIMPS_ASSIGNMENT,2026-08-09T02:56:41+00:00,UNALLOCATED,,,,,
SLCMP1467-2090,2090,2091,509104249,2^509104249-1,STRUCTURAL_SCREEN_EXHAUSTED_PRIMALITY_UNASSIGNED,GF3A_DIRECTIONAL_WRITE_EXHAUSTED_PRIMALITY_UNASSIGNED,513,512,512,NO_RECORDED_FACTOR_PRP_OR_LL_RESULT_AND_NO_ACTIVE_GIMPS_ASSIGNMENT,2026-08-09T02:56:41+00:00,UNALLOCATED,,,,,
SLCMP1467-2091,2091,2092,509104307,2^509104307-1,STRUCTURAL_SCREEN_EXHAUSTED_PRIMALITY_UNASSIGNED,GF3A_DIRECTIONAL_WRITE_EXHAUSTED_PRIMALITY_UNASSIGNED,514,512,512,NO_RECORDED_FACTOR_PRP_OR_LL_RESULT_AND_NO_ACTIVE_GIMPS_ASSIGNMENT,2026-08-09T02:56:41+00:00,UNALLOCATED,,,,,
SLCMP1467-2092,2092,2093,509104429,2^509104429-1,STRUCTURAL_SCREEN_EXHAUSTED_PRIMALITY_UNASSIGNED,GF3A_DIRECTIONAL_WRITE_EXHAUSTED_PRIMALITY_UNASSIGNED,513,512,512,NO_RECORDED_FACTOR_PRP_OR_LL_RESULT_AND_NO_ACTIVE_GIMPS_ASSIGNMENT,2026-08-09T02:56:41+00:00,UNALLOCATED,,,,,
SLCMP1467-2093,2093,2094,509104501,2^509104501-1,STRUCTURAL_SCREEN_EXHAUSTED_PRIMALITY_UNASSIGNED,GF3A_DIRECTIONAL_WRITE_EXHAUSTED_PRIMALITY_UNASSIGNED,513,512,512,NO_RECORDED_FACTOR_PRP_OR_LL_RESULT_AND_NO_ACTIVE_GIMPS_ASSIGNMENT,2026-08-09T02:56:41+00:00,UNALLOCATED,,,,,
SLCMP1467-2094,2094,2095,509104511,2^509104511-1,STRUCTURAL_SCREEN_EXHAUSTED_PRIMALITY_UNASSIGNED,GF3A_DIRECTIONAL_WRITE_EXHAUSTED_PRIMALITY_UNASSIGNED,514,512,512,NO_RECORDED_FACTOR_PRP_OR_LL_RESULT_AND_NO_ACTIVE_GIMPS_ASSIGNMENT,2026-08-09T02:56:41+00:00,UNALLOCATED,,,,,
SLCMP1467-2095,2095,2096,509104637,2^509104637-1,STRUCTURAL_SCREEN_EXHAUSTED_PRIMALITY_UNASSIGNED,GF3A_DIRECTIONAL_WRITE_EXHAUSTED_PRIMALITY_UNASSIGNED,513,512,512,NO_RECORDED_FACTOR_PRP_OR_LL_RESULT_AND_NO_ACTIVE_GIMPS_ASSIGNMENT,2026-08-09T02:56:41+00:00,UNALLOCATED,,,,,
SLCMP1467-2096,2096,2097,509104669,2^509104669-1,STRUCTURAL_SCREEN_EXHAUSTED_PRIMALITY_UNASSIGNED,GF3A_DIRECTIONAL_WRITE_EXHAUSTED_PRIMALITY_UNASSIGNED,513,512,512,NO_RECORDED_FACTOR_PRP_OR_LL_RESULT_AND_NO_ACTIVE_GIMPS_ASSIGNMENT,2026-08-09T02:56:41+00:00,UNALLOCATED,,,,,
SLCMP1467-2097,2097,2098,509104679,2^509104679-1,STRUCTURAL_SCREEN_EXHAUSTED_PRIMALITY_UNASSIGNED,GF3A_DIRECTIONAL_WRITE_EXHAUSTED_PRIMALITY_UNASSIGNED,514,512,512,NO_RECORDED_FACTOR_PRP_OR_LL_RESULT_AND_NO_ACTIVE_GIMPS_ASSIGNMENT,2026-08-09T02:56:41+00:00,UNALLOCATED,,,,,
SLCMP1467-2098,2098,2099,509104733,2^509104733-1,STRUCTURAL_SCREEN_EXHAUSTED_PRIMALITY_UNASSIGNED,GF3A_DIRECTIONAL_WRITE_EXHAUSTED_PRIMALITY_UNASSIGNED,513,512,512,NO_RECORDED_FACTOR_PRP_OR_LL_RESULT_AND_NO_ACTIVE_GIMPS_ASSIGNMENT,2026-08-09T02:56:41+00:00,UNALLOCATED,,,,,
SLCMP1467-2099,2099,2100,509104769,2^509104769-1,STRUCTURAL_SCREEN_EXHAUSTED_PRIMALITY_UNASSIGNED,GF3A_DIRECTIONAL_WRITE_EXHAUSTED_PRIMALITY_UNASSIGNED,513,512,512,NO_RECORDED_FACTOR_PRP_OR_LL_RESULT_AND_NO_ACTIVE_GIMPS_ASSIGNMENT,2026-08-09T02:56:41+00:00,UNALLOCATED,,,,,
SLCMP1467-2100,2100,2101,509104801,2^509104801-1,STRUCTURAL_SCREEN_EXHAUSTED_PRIMALITY_UNASSIGNED,GF3A_DIRECTIONAL_WRITE_EXHAUSTED_PRIMALITY_UNASSIGNED,513,512,512,NO_RECORDED_FACTOR_PRP_OR_LL_RESULT_AND_NO_ACTIVE_GIMPS_ASSIGNMENT,2026-08-09T02:56:41+00:00,UNALLOCATED,,,,,
SLCMP1467-2101,2101,2102,509104859,2^509104859-1,STRUCTURAL_SCREEN_EXHAUSTED_PRIMALITY_UNASSIGNED,GF3A_DIRECTIONAL_WRITE_EXHAUSTED_PRIMALITY_UNASSIGNED,514,512,512,NO_RECORDED_FACTOR_PRP_OR_LL_RESULT_AND_NO_ACTIVE_GIMPS_ASSIGNMENT,2026-08-09T02:56:41+00:00,UNALLOCATED,,,,,
SLCMP1467-2102,2102,2103,509104901,2^509104901-1,STRUCTURAL_SCREEN_EXHAUSTED_PRIMALITY_UNASSIGNED,GF3A_DIRECTIONAL_WRITE_EXHAUSTED_PRIMALITY_UNASSIGNED,513,512,512,NO_RECORDED_FACTOR_PRP_OR_LL_RESULT_AND_NO_ACTIVE_GIMPS_ASSIGNMENT,2026-08-09T02:56:41+00:00,UNALLOCATED,,,,,
SLCMP1467-2103,2103,2104,509104991,2^509104991-1,STRUCTURAL_SCREEN_EXHAUSTED_PRIMALITY_UNASSIGNED,GF3A_DIRECTIONAL_WRITE_EXHAUSTED_PRIMALITY_UNASSIGNED,514,512,512,NO_RECORDED_FACTOR_PRP_OR_LL_RESULT_AND_NO_ACTIVE_GIMPS_ASSIGNMENT,2026-08-09T02:56:41+00:00,UNALLOCATED,,,,,
SLCMP1467-2104,2104,2105,509104997,2^509104997-1,STRUCTURAL_SCREEN_EXHAUSTED_PRIMALITY_UNASSIGNED,GF3A_DIRECTIONAL_WRITE_EXHAUSTED_PRIMALITY_UNASSIGNED,513,512,512,NO_RECORDED_FACTOR_PRP_OR_LL_RESULT_AND_NO_ACTIVE_GIMPS_ASSIGNMENT,2026-08-09T02:56:41+00:00,UNALLOCATED,,,,,
SLCMP1467-2105,2105,2106,509105017,2^509105017-1,STRUCTURAL_SCREEN_EXHAUSTED_PRIMALITY_UNASSIGNED,GF3A_DIRECTIONAL_WRITE_EXHAUSTED_PRIMALITY_UNASSIGNED,513,512,512,NO_RECORDED_FACTOR_PRP_OR_LL_RESULT_AND_NO_ACTIVE_GIMPS_ASSIGNMENT,2026-08-09T02:56:41+00:00,UNALLOCATED,,,,,
SLCMP1467-2106,2106,2107,509105123,2^509105123-1,STRUCTURAL_SCREEN_EXHAUSTED_PRIMALITY_UNASSIGNED,GF3A_DIRECTIONAL_WRITE_EXHAUSTED_PRIMALITY_UNASSIGNED,514,512,512,NO_RECORDED_FACTOR_PRP_OR_LL_RESULT_AND_NO_ACTIVE_GIMPS_ASSIGNMENT,2026-08-09T02:56:41+00:00,UNALLOCATED,,,,,
SLCMP1467-2107,2107,2108,509105141,2^509105141-1,STRUCTURAL_SCREEN_EXHAUSTED_PRIMALITY_UNASSIGNED,GF3A_DIRECTIONAL_WRITE_EXHAUSTED_PRIMALITY_UNASSIGNED,513,512,512,NO_RECORDED_FACTOR_PRP_OR_LL_RESULT_AND_NO_ACTIVE_GIMPS_ASSIGNMENT,2026-08-09T02:56:41+00:00,UNALLOCATED,,,,,
SLCMP1467-2108,2108,2109,509105147,2^509105147-1,STRUCTURAL_SCREEN_EXHAUSTED_PRIMALITY_UNASSIGNED,GF3A_DIRECTIONAL_WRITE_EXHAUSTED_PRIMALITY_UNASSIGNED,514,512,512,NO_RECORDED_FACTOR_PRP_OR_LL_RESULT_AND_NO_ACTIVE_GIMPS_ASSIGNMENT,2026-08-09T02:56:41+00:00,UNALLOCATED,,,,,
SLCMP1467-2109,2109,2110,509105173,2^509105173-1,STRUCTURAL_SCREEN_EXHAUSTED_PRIMALITY_UNASSIGNED,GF3A_DIRECTIONAL_WRITE_EXHAUSTED_PRIMALITY_UNASSIGNED,513,512,512,NO_RECORDED_FACTOR_PRP_OR_LL_RESULT_AND_NO_ACTIVE_GIMPS_ASSIGNMENT,2026-08-09T02:56:41+00:00,UNALLOCATED,,,,,
SLCMP1467-2110,2110,2111,509105197,2^509105197-1,STRUCTURAL_SCREEN_EXHAUSTED_PRIMALITY_UNASSIGNED,GF3A_DIRECTIONAL_WRITE_EXHAUSTED_PRIMALITY_UNASSIGNED,513,512,512,NO_RECORDED_FACTOR_PRP_OR_LL_RESULT_AND_NO_ACTIVE_GIMPS_ASSIGNMENT,2026-08-09T02:56:41+00:00,UNALLOCATED,,,,,
SLCMP1467-2111,2111,2112,509105203,2^509105203-1,STRUCTURAL_SCREEN_EXHAUSTED_PRIMALITY_UNASSIGNED,GF3A_DIRECTIONAL_WRITE_EXHAUSTED_PRIMALITY_UNASSIGNED,514,512,512,NO_RECORDED_FACTOR_PRP_OR_LL_RESULT_AND_NO_ACTIVE_GIMPS_ASSIGNMENT,2026-08-09T02:56:41+00:00,UNALLOCATED,,,,,
SLCMP1467-2112,2112,2113,509105321,2^509105321-1,STRUCTURAL_SCREEN_EXHAUSTED_PRIMALITY_UNASSIGNED,GF3A_DIRECTIONAL_WRITE_EXHAUSTED_PRIMALITY_UNASSIGNED,513,512,512,NO_RECORDED_FACTOR_PRP_OR_LL_RESULT_AND_NO_ACTIVE_GIMPS_ASSIGNMENT,2026-08-09T02:56:41+00:00,UNALLOCATED,,,,,
SLCMP1467-2113,2113,2114,509105369,2^509105369-1,STRUCTURAL_SCREEN_EXHAUSTED_PRIMALITY_UNASSIGNED,GF3A_DIRECTIONAL_WRITE_EXHAUSTED_PRIMALITY_UNASSIGNED,513,512,512,NO_RECORDED_FACTOR_PRP_OR_LL_RESULT_AND_NO_ACTIVE_GIMPS_ASSIGNMENT,2026-08-09T02:56:41+00:00,UNALLOCATED,,,,,
SLCMP1467-2114,2114,2115,509105503,2^509105503-1,STRUCTURAL_SCREEN_EXHAUSTED_PRIMALITY_UNASSIGNED,GF3A_DIRECTIONAL_WRITE_EXHAUSTED_PRIMALITY_UNASSIGNED,514,512,512,NO_RECORDED_FACTOR_PRP_OR_LL_RESULT_AND_NO_ACTIVE_GIMPS_ASSIGNMENT,2026-08-09T02:56:41+00:00,UNALLOCATED,,,,,
SLCMP1467-2115,2115,2116,509105507,2^509105507-1,STRUCTURAL_SCREEN_EXHAUSTED_PRIMALITY_UNASSIGNED,GF3A_DIRECTIONAL_WRITE_EXHAUSTED_PRIMALITY_UNASSIGNED,514,512,512,NO_RECORDED_FACTOR_PRP_OR_LL_RESULT_AND_NO_ACTIVE_GIMPS_ASSIGNMENT,2026-08-09T02:56:41+00:00,UNALLOCATED,,,,,
SLCMP1467-2116,2116,2117,509105599,2^509105599-1,STRUCTURAL_SCREEN_EXHAUSTED_PRIMALITY_UNASSIGNED,GF3A_DIRECTIONAL_WRITE_EXHAUSTED_PRIMALITY_UNASSIGNED,514,512,512,NO_RECORDED_FACTOR_PRP_OR_LL_RESULT_AND_NO_ACTIVE_GIMPS_ASSIGNMENT,2026-08-09T02:56:41+00:00,UNALLOCATED,,,,,
SLCMP1467-2117,2117,2118,509105659,2^509105659-1,STRUCTURAL_SCREEN_EXHAUSTED_PRIMALITY_UNASSIGNED,GF3A_DIRECTIONAL_WRITE_EXHAUSTED_PRIMALITY_UNASSIGNED,514,512,512,NO_RECORDED_FACTOR_PRP_OR_LL_RESULT_AND_NO_ACTIVE_GIMPS_ASSIGNMENT,2026-08-09T02:56:41+00:00,UNALLOCATED,,,,,
SLCMP1467-2118,2118,2119,509105771,2^509105771-1,STRUCTURAL_SCREEN_EXHAUSTED_PRIMALITY_UNASSIGNED,GF3A_DIRECTIONAL_WRITE_EXHAUSTED_PRIMALITY_UNASSIGNED,514,512,512,NO_RECORDED_FACTOR_PRP_OR_LL_RESULT_AND_NO_ACTIVE_GIMPS_ASSIGNMENT,2026-08-09T02:56:41+00:00,UNALLOCATED,,,,,
SLCMP1467-2119,2119,2120,509105797,2^509105797-1,STRUCTURAL_SCREEN_EXHAUSTED_PRIMALITY_UNASSIGNED,GF3A_DIRECTIONAL_WRITE_EXHAUSTED_PRIMALITY_UNASSIGNED,513,512,512,NO_RECORDED_FACTOR_PRP_OR_LL_RESULT_AND_NO_ACTIVE_GIMPS_ASSIGNMENT,2026-08-09T02:56:41+00:00,UNALLOCATED,,,,,
SLCMP1467-2120,2120,2121,509105803,2^509105803-1,STRUCTURAL_SCREEN_EXHAUSTED_PRIMALITY_UNASSIGNED,GF3A_DIRECTIONAL_WRITE_EXHAUSTED_PRIMALITY_UNASSIGNED,514,512,512,NO_RECORDED_FACTOR_PRP_OR_LL_RESULT_AND_NO_ACTIVE_GIMPS_ASSIGNMENT,2026-08-09T02:56:41+00:00,UNALLOCATED,,,,,
SLCMP1467-2121,2121,2122,509105809,2^509105809-1,STRUCTURAL_SCREEN_EXHAUSTED_PRIMALITY_UNASSIGNED,GF3A_DIRECTIONAL_WRITE_EXHAUSTED_PRIMALITY_UNASSIGNED,513,512,512,NO_RECORDED_FACTOR_PRP_OR_LL_RESULT_AND_NO_ACTIVE_GIMPS_ASSIGNMENT,2026-08-09T02:56:41+00:00,UNALLOCATED,,,,,
SLCMP1467-2122,2122,2123,509105923,2^509105923-1,STRUCTURAL_SCREEN_EXHAUSTED_PRIMALITY_UNASSIGNED,GF3A_DIRECTIONAL_WRITE_EXHAUSTED_PRIMALITY_UNASSIGNED,514,512,512,NO_RECORDED_FACTOR_PRP_OR_LL_RESULT_AND_NO_ACTIVE_GIMPS_ASSIGNMENT,2026-08-09T02:56:41+00:00,UNALLOCATED,,,,,
SLCMP1467-2123,2123,2124,509106023,2^509106023-1,STRUCTURAL_SCREEN_EXHAUSTED_PRIMALITY_UNASSIGNED,GF3A_DIRECTIONAL_WRITE_EXHAUSTED_PRIMALITY_UNASSIGNED,514,512,512,NO_RECORDED_FACTOR_PRP_OR_LL_RESULT_AND_NO_ACTIVE_GIMPS_ASSIGNMENT,2026-08-09T02:56:41+00:00,UNALLOCATED,,,,,
SLCMP1467-2124,2124,2125,509106041,2^509106041-1,STRUCTURAL_SCREEN_EXHAUSTED_PRIMALITY_UNASSIGNED,GF3A_DIRECTIONAL_WRITE_EXHAUSTED_PRIMALITY_UNASSIGNED,513,512,512,NO_RECORDED_FACTOR_PRP_OR_LL_RESULT_AND_NO_ACTIVE_GIMPS_ASSIGNMENT,2026-08-09T02:56:41+00:00,UNALLOCATED,,,,,
SLCMP1467-2125,2125,2126,509106047,2^509106047-1,STRUCTURAL_SCREEN_EXHAUSTED_PRIMALITY_UNASSIGNED,GF3A_DIRECTIONAL_WRITE_EXHAUSTED_PRIMALITY_UNASSIGNED,514,512,512,NO_RECORDED_FACTOR_PRP_OR_LL_RESULT_AND_NO_ACTIVE_GIMPS_ASSIGNMENT,2026-08-09T02:56:41+00:00,UNALLOCATED,,,,,
SLCMP1467-2126,2126,2127,509106071,2^509106071-1,STRUCTURAL_SCREEN_EXHAUSTED_PRIMALITY_UNASSIGNED,GF3A_DIRECTIONAL_WRITE_EXHAUSTED_PRIMALITY_UNASSIGNED,514,512,512,NO_RECORDED_FACTOR_PRP_OR_LL_RESULT_AND_NO_ACTIVE_GIMPS_ASSIGNMENT,2026-08-09T02:56:41+00:00,UNALLOCATED,,,,,
SLCMP1467-2127,2127,2128,509106097,2^509106097-1,STRUCTURAL_SCREEN_EXHAUSTED_PRIMALITY_UNASSIGNED,GF3A_DIRECTIONAL_WRITE_EXHAUSTED_PRIMALITY_UNASSIGNED,513,512,512,NO_RECORDED_FACTOR_PRP_OR_LL_RESULT_AND_NO_ACTIVE_GIMPS_ASSIGNMENT,2026-08-09T02:56:41+00:00,UNALLOCATED,,,,,
SLCMP1467-2128,2128,2129,509106109,2^509106109-1,STRUCTURAL_SCREEN_EXHAUSTED_PRIMALITY_UNASSIGNED,GF3A_DIRECTIONAL_WRITE_EXHAUSTED_PRIMALITY_UNASSIGNED,513,512,512,NO_RECORDED_FACTOR_PRP_OR_LL_RESULT_AND_NO_ACTIVE_GIMPS_ASSIGNMENT,2026-08-09T02:56:41+00:00,UNALLOCATED,,,,,
SLCMP1467-2129,2129,2130,509106319,2^509106319-1,STRUCTURAL_SCREEN_EXHAUSTED_PRIMALITY_UNASSIGNED,GF3A_DIRECTIONAL_WRITE_EXHAUSTED_PRIMALITY_UNASSIGNED,514,512,512,NO_RECORDED_FACTOR_PRP_OR_LL_RESULT_AND_NO_ACTIVE_GIMPS_ASSIGNMENT,2026-08-09T02:56:41+00:00,UNALLOCATED,,,,,
SLCMP1467-2130,2130,2131,509106341,2^509106341-1,STRUCTURAL_SCREEN_EXHAUSTED_PRIMALITY_UNASSIGNED,GF3A_DIRECTIONAL_WRITE_EXHAUSTED_PRIMALITY_UNASSIGNED,513,512,512,NO_RECORDED_FACTOR_PRP_OR_LL_RESULT_AND_NO_ACTIVE_GIMPS_ASSIGNMENT,2026-08-09T02:56:41+00:00,UNALLOCATED,,,,,
SLCMP1467-2131,2131,2132,509106373,2^509106373-1,STRUCTURAL_SCREEN_EXHAUSTED_PRIMALITY_UNASSIGNED,GF3A_DIRECTIONAL_WRITE_EXHAUSTED_PRIMALITY_UNASSIGNED,513,512,512,NO_RECORDED_FACTOR_PRP_OR_LL_RESULT_AND_NO_ACTIVE_GIMPS_ASSIGNMENT,2026-08-09T02:56:41+00:00,UNALLOCATED,,,,,
SLCMP1467-2132,2132,2133,509106383,2^509106383-1,STRUCTURAL_SCREEN_EXHAUSTED_PRIMALITY_UNASSIGNED,GF3A_DIRECTIONAL_WRITE_EXHAUSTED_PRIMALITY_UNASSIGNED,514,512,512,NO_RECORDED_FACTOR_PRP_OR_LL_RESULT_AND_NO_ACTIVE_GIMPS_ASSIGNMENT,2026-08-09T02:56:41+00:00,UNALLOCATED,,,,,
SLCMP1467-2133,2133,2134,509106517,2^509106517-1,STRUCTURAL_SCREEN_EXHAUSTED_PRIMALITY_UNASSIGNED,GF3A_DIRECTIONAL_WRITE_EXHAUSTED_PRIMALITY_UNASSIGNED,513,512,512,NO_RECORDED_FACTOR_PRP_OR_LL_RESULT_AND_NO_ACTIVE_GIMPS_ASSIGNMENT,2026-08-09T02:56:41+00:00,UNALLOCATED,,,,,
SLCMP1467-2134,2134,2135,509106593,2^509106593-1,STRUCTURAL_SCREEN_EXHAUSTED_PRIMALITY_UNASSIGNED,GF3A_DIRECTIONAL_WRITE_EXHAUSTED_PRIMALITY_UNASSIGNED,513,512,512,NO_RECORDED_FACTOR_PRP_OR_LL_RESULT_AND_NO_ACTIVE_GIMPS_ASSIGNMENT,2026-08-09T02:56:41+00:00,UNALLOCATED,,,,,
SLCMP1467-2135,2135,2136,509106623,2^509106623-1,STRUCTURAL_SCREEN_EXHAUSTED_PRIMALITY_UNASSIGNED,GF3A_DIRECTIONAL_WRITE_EXHAUSTED_PRIMALITY_UNASSIGNED,514,512,512,NO_RECORDED_FACTOR_PRP_OR_LL_RESULT_AND_NO_ACTIVE_GIMPS_ASSIGNMENT,2026-08-09T02:56:41+00:00,UNALLOCATED,,,,,
SLCMP1467-2136,2136,2137,509106673,2^509106673-1,STRUCTURAL_SCREEN_EXHAUSTED_PRIMALITY_UNASSIGNED,GF3A_DIRECTIONAL_WRITE_EXHAUSTED_PRIMALITY_UNASSIGNED,513,512,512,NO_RECORDED_FACTOR_PRP_OR_LL_RESULT_AND_NO_ACTIVE_GIMPS_ASSIGNMENT,2026-08-09T02:56:41+00:00,UNALLOCATED,,,,,
SLCMP1467-2137,2137,2138,509106727,2^509106727-1,STRUCTURAL_SCREEN_EXHAUSTED_PRIMALITY_UNASSIGNED,GF3A_DIRECTIONAL_WRITE_EXHAUSTED_PRIMALITY_UNASSIGNED,514,512,512,NO_RECORDED_FACTOR_PRP_OR_LL_RESULT_AND_NO_ACTIVE_GIMPS_ASSIGNMENT,2026-08-09T02:56:41+00:00,UNALLOCATED,,,,,
SLCMP1467-2138,2138,2139,509106737,2^509106737-1,STRUCTURAL_SCREEN_EXHAUSTED_PRIMALITY_UNASSIGNED,GF3A_DIRECTIONAL_WRITE_EXHAUSTED_PRIMALITY_UNASSIGNED,513,512,512,NO_RECORDED_FACTOR_PRP_OR_LL_RESULT_AND_NO_ACTIVE_GIMPS_ASSIGNMENT,2026-08-09T02:56:41+00:00,UNALLOCATED,,,,,
SLCMP1467-2139,2139,2140,509106841,2^509106841-1,STRUCTURAL_SCREEN_EXHAUSTED_PRIMALITY_UNASSIGNED,GF3A_DIRECTIONAL_WRITE_EXHAUSTED_PRIMALITY_UNASSIGNED,513,512,512,NO_RECORDED_FACTOR_PRP_OR_LL_RESULT_AND_NO_ACTIVE_GIMPS_ASSIGNMENT,2026-08-09T02:56:41+00:00,UNALLOCATED,,,,,
SLCMP1467-2140,2140,2141,509106853,2^509106853-1,STRUCTURAL_SCREEN_EXHAUSTED_PRIMALITY_UNASSIGNED,GF3A_DIRECTIONAL_WRITE_EXHAUSTED_PRIMALITY_UNASSIGNED,513,512,512,NO_RECORDED_FACTOR_PRP_OR_LL_RESULT_AND_NO_ACTIVE_GIMPS_ASSIGNMENT,2026-08-09T02:56:41+00:00,UNALLOCATED,,,,,
SLCMP1467-2141,2141,2142,509106931,2^509106931-1,STRUCTURAL_SCREEN_EXHAUSTED_PRIMALITY_UNASSIGNED,GF3A_DIRECTIONAL_WRITE_EXHAUSTED_PRIMALITY_UNASSIGNED,514,512,512,NO_RECORDED_FACTOR_PRP_OR_LL_RESULT_AND_NO_ACTIVE_GIMPS_ASSIGNMENT,2026-08-09T02:56:41+00:00,UNALLOCATED,,,,,
SLCMP1467-2142,2142,2143,509107021,2^509107021-1,STRUCTURAL_SCREEN_EXHAUSTED_PRIMALITY_UNASSIGNED,GF3A_DIRECTIONAL_WRITE_EXHAUSTED_PRIMALITY_UNASSIGNED,513,512,512,NO_RECORDED_FACTOR_PRP_OR_LL_RESULT_AND_NO_ACTIVE_GIMPS_ASSIGNMENT,2026-08-09T02:56:41+00:00,UNALLOCATED,,,,,
SLCMP1467-2143,2143,2144,509107069,2^509107069-1,STRUCTURAL_SCREEN_EXHAUSTED_PRIMALITY_UNASSIGNED,GF3A_DIRECTIONAL_WRITE_EXHAUSTED_PRIMALITY_UNASSIGNED,513,512,512,NO_RECORDED_FACTOR_PRP_OR_LL_RESULT_AND_NO_ACTIVE_GIMPS_ASSIGNMENT,2026-08-09T02:56:41+00:00,UNALLOCATED,,,,,
SLCMP1467-2144,2144,2145,509107091,2^509107091-1,STRUCTURAL_SCREEN_EXHAUSTED_PRIMALITY_UNASSIGNED,GF3A_DIRECTIONAL_WRITE_EXHAUSTED_PRIMALITY_UNASSIGNED,514,512,512,NO_RECORDED_FACTOR_PRP_OR_LL_RESULT_AND_NO_ACTIVE_GIMPS_ASSIGNMENT,2026-08-09T02:56:41+00:00,UNALLOCATED,,,,,
SLCMP1467-2145,2145,2146,509107187,2^509107187-1,STRUCTURAL_SCREEN_EXHAUSTED_PRIMALITY_UNASSIGNED,GF3A_DIRECTIONAL_WRITE_EXHAUSTED_PRIMALITY_UNASSIGNED,514,512,512,NO_RECORDED_FACTOR_PRP_OR_LL_RESULT_AND_NO_ACTIVE_GIMPS_ASSIGNMENT,2026-08-09T02:56:41+00:00,UNALLOCATED,,,,,
SLCMP1467-2146,2146,2147,509107219,2^509107219-1,STRUCTURAL_SCREEN_EXHAUSTED_PRIMALITY_UNASSIGNED,GF3A_DIRECTIONAL_WRITE_EXHAUSTED_PRIMALITY_UNASSIGNED,514,512,512,NO_RECORDED_FACTOR_PRP_OR_LL_RESULT_AND_NO_ACTIVE_GIMPS_ASSIGNMENT,2026-08-09T02:56:41+00:00,UNALLOCATED,,,,,
SLCMP1467-2147,2147,2148,509107393,2^509107393-1,STRUCTURAL_SCREEN_EXHAUSTED_PRIMALITY_UNASSIGNED,GF3A_DIRECTIONAL_WRITE_EXHAUSTED_PRIMALITY_UNASSIGNED,513,512,512,NO_RECORDED_FACTOR_PRP_OR_LL_RESULT_AND_NO_ACTIVE_GIMPS_ASSIGNMENT,2026-08-09T02:56:41+00:00,UNALLOCATED,,,,,
SLCMP1467-2148,2148,2149,509107397,2^509107397-1,STRUCTURAL_SCREEN_EXHAUSTED_PRIMALITY_UNASSIGNED,GF3A_DIRECTIONAL_WRITE_EXHAUSTED_PRIMALITY_UNASSIGNED,513,512,512,NO_RECORDED_FACTOR_PRP_OR_LL_RESULT_AND_NO_ACTIVE_GIMPS_ASSIGNMENT,2026-08-09T02:56:41+00:00,UNALLOCATED,,,,,
SLCMP1467-2149,2149,2150,509107411,2^509107411-1,STRUCTURAL_SCREEN_EXHAUSTED_PRIMALITY_UNASSIGNED,GF3A_DIRECTIONAL_WRITE_EXHAUSTED_PRIMALITY_UNASSIGNED,514,512,512,NO_RECORDED_FACTOR_PRP_OR_LL_RESULT_AND_NO_ACTIVE_GIMPS_ASSIGNMENT,2026-08-09T02:56:41+00:00,UNALLOCATED,,,,,
SLCMP1467-2150,2150,2151,509107427,2^509107427-1,STRUCTURAL_SCREEN_EXHAUSTED_PRIMALITY_UNASSIGNED,GF3A_DIRECTIONAL_WRITE_EXHAUSTED_PRIMALITY_UNASSIGNED,514,512,512,NO_RECORDED_FACTOR_PRP_OR_LL_RESULT_AND_NO_ACTIVE_GIMPS_ASSIGNMENT,2026-08-09T02:56:41+00:00,UNALLOCATED,,,,,
SLCMP1467-2151,2151,2152,509107447,2^509107447-1,STRUCTURAL_SCREEN_EXHAUSTED_PRIMALITY_UNASSIGNED,GF3A_DIRECTIONAL_WRITE_EXHAUSTED_PRIMALITY_UNASSIGNED,514,512,512,NO_RECORDED_FACTOR_PRP_OR_LL_RESULT_AND_NO_ACTIVE_GIMPS_ASSIGNMENT,2026-08-09T02:56:41+00:00,UNALLOCATED,,,,,
SLCMP1467-2152,2152,2153,509107591,2^509107591-1,STRUCTURAL_SCREEN_EXHAUSTED_PRIMALITY_UNASSIGNED,GF3A_DIRECTIONAL_WRITE_EXHAUSTED_PRIMALITY_UNASSIGNED,514,512,512,NO_RECORDED_FACTOR_PRP_OR_LL_RESULT_AND_NO_ACTIVE_GIMPS_ASSIGNMENT,2026-08-09T02:56:41+00:00,UNALLOCATED,,,,,
SLCMP1467-2153,2153,2154,509107631,2^509107631-1,STRUCTURAL_SCREEN_EXHAUSTED_PRIMALITY_UNASSIGNED,GF3A_DIRECTIONAL_WRITE_EXHAUSTED_PRIMALITY_UNASSIGNED,514,512,512,NO_RECORDED_FACTOR_PRP_OR_LL_RESULT_AND_NO_ACTIVE_GIMPS_ASSIGNMENT,2026-08-09T02:56:41+00:00,UNALLOCATED,,,,,
SLCMP1467-2154,2154,2155,509107633,2^509107633-1,STRUCTURAL_SCREEN_EXHAUSTED_PRIMALITY_UNASSIGNED,GF3A_DIRECTIONAL_WRITE_EXHAUSTED_PRIMALITY_UNASSIGNED,513,512,512,NO_RECORDED_FACTOR_PRP_OR_LL_RESULT_AND_NO_ACTIVE_GIMPS_ASSIGNMENT,2026-08-09T02:56:41+00:00,UNALLOCATED,,,,,
SLCMP1467-2155,2155,2156,509107681,2^509107681-1,STRUCTURAL_SCREEN_EXHAUSTED_PRIMALITY_UNASSIGNED,GF3A_DIRECTIONAL_WRITE_EXHAUSTED_PRIMALITY_UNASSIGNED,513,512,512,NO_RECORDED_FACTOR_PRP_OR_LL_RESULT_AND_NO_ACTIVE_GIMPS_ASSIGNMENT,2026-08-09T02:56:41+00:00,UNALLOCATED,,,,,
SLCMP1467-2156,2156,2157,509107733,2^509107733-1,STRUCTURAL_SCREEN_EXHAUSTED_PRIMALITY_UNASSIGNED,GF3A_DIRECTIONAL_WRITE_EXHAUSTED_PRIMALITY_UNASSIGNED,513,512,512,NO_RECORDED_FACTOR_PRP_OR_LL_RESULT_AND_NO_ACTIVE_GIMPS_ASSIGNMENT,2026-08-09T02:56:41+00:00,UNALLOCATED,,,,,
SLCMP1467-2157,2157,2158,509107747,2^509107747-1,STRUCTURAL_SCREEN_EXHAUSTED_PRIMALITY_UNASSIGNED,GF3A_DIRECTIONAL_WRITE_EXHAUSTED_PRIMALITY_UNASSIGNED,514,512,512,NO_RECORDED_FACTOR_PRP_OR_LL_RESULT_AND_NO_ACTIVE_GIMPS_ASSIGNMENT,2026-08-09T02:56:41+00:00,UNALLOCATED,,,,,
SLCMP1467-2158,2158,2159,509107777,2^509107777-1,STRUCTURAL_SCREEN_EXHAUSTED_PRIMALITY_UNASSIGNED,GF3A_DIRECTIONAL_WRITE_EXHAUSTED_PRIMALITY_UNASSIGNED,513,512,512,NO_RECORDED_FACTOR_PRP_OR_LL_RESULT_AND_NO_ACTIVE_GIMPS_ASSIGNMENT,2026-08-09T02:56:41+00:00,UNALLOCATED,,,,,
SLCMP1467-2159,2159,2160,509107787,2^509107787-1,STRUCTURAL_SCREEN_EXHAUSTED_PRIMALITY_UNASSIGNED,GF3A_DIRECTIONAL_WRITE_EXHAUSTED_PRIMALITY_UNASSIGNED,514,512,512,NO_RECORDED_FACTOR_PRP_OR_LL_RESULT_AND_NO_ACTIVE_GIMPS_ASSIGNMENT,2026-08-09T02:56:41+00:00,UNALLOCATED,,,,,
SLCMP1467-2160,2160,2161,509107813,2^509107813-1,STRUCTURAL_SCREEN_EXHAUSTED_PRIMALITY_UNASSIGNED,GF3A_DIRECTIONAL_WRITE_EXHAUSTED_PRIMALITY_UNASSIGNED,513,512,512,NO_RECORDED_FACTOR_PRP_OR_LL_RESULT_AND_NO_ACTIVE_GIMPS_ASSIGNMENT,2026-08-09T02:56:41+00:00,UNALLOCATED,,,,,
SLCMP1467-2161,2161,2162,509107817,2^509107817-1,STRUCTURAL_SCREEN_EXHAUSTED_PRIMALITY_UNASSIGNED,GF3A_DIRECTIONAL_WRITE_EXHAUSTED_PRIMALITY_UNASSIGNED,513,512,512,NO_RECORDED_FACTOR_PRP_OR_LL_RESULT_AND_NO_ACTIVE_GIMPS_ASSIGNMENT,2026-08-09T02:56:41+00:00,UNALLOCATED,,,,,
SLCMP1467-2162,2162,2163,509107943,2^509107943-1,STRUCTURAL_SCREEN_EXHAUSTED_PRIMALITY_UNASSIGNED,GF3A_DIRECTIONAL_WRITE_EXHAUSTED_PRIMALITY_UNASSIGNED,514,512,512,NO_RECORDED_FACTOR_PRP_OR_LL_RESULT_AND_NO_ACTIVE_GIMPS_ASSIGNMENT,2026-08-09T02:56:41+00:00,UNALLOCATED,,,,,
SLCMP1467-2163,2163,2164,509107957,2^509107957-1,STRUCTURAL_SCREEN_EXHAUSTED_PRIMALITY_UNASSIGNED,GF3A_DIRECTIONAL_WRITE_EXHAUSTED_PRIMALITY_UNASSIGNED,513,512,512,NO_RECORDED_FACTOR_PRP_OR_LL_RESULT_AND_NO_ACTIVE_GIMPS_ASSIGNMENT,2026-08-09T02:56:41+00:00,UNALLOCATED,,,,,
SLCMP1467-2164,2164,2165,509107969,2^509107969-1,STRUCTURAL_SCREEN_EXHAUSTED_PRIMALITY_UNASSIGNED,GF3A_DIRECTIONAL_WRITE_EXHAUSTED_PRIMALITY_UNASSIGNED,513,512,512,NO_RECORDED_FACTOR_PRP_OR_LL_RESULT_AND_NO_ACTIVE_GIMPS_ASSIGNMENT,2026-08-09T02:56:41+00:00,UNALLOCATED,,,,,
SLCMP1467-2165,2165,2166,509107981,2^509107981-1,STRUCTURAL_SCREEN_EXHAUSTED_PRIMALITY_UNASSIGNED,GF3A_DIRECTIONAL_WRITE_EXHAUSTED_PRIMALITY_UNASSIGNED,513,512,512,NO_RECORDED_FACTOR_PRP_OR_LL_RESULT_AND_NO_ACTIVE_GIMPS_ASSIGNMENT,2026-08-09T02:56:41+00:00,UNALLOCATED,,,,,
SLCMP1467-2166,2166,2167,509108057,2^509108057-1,STRUCTURAL_SCREEN_EXHAUSTED_PRIMALITY_UNASSIGNED,GF3A_DIRECTIONAL_WRITE_EXHAUSTED_PRIMALITY_UNASSIGNED,513,512,512,NO_RECORDED_FACTOR_PRP_OR_LL_RESULT_AND_NO_ACTIVE_GIMPS_ASSIGNMENT,2026-08-09T02:56:41+00:00,UNALLOCATED,,,,,
SLCMP1467-2167,2167,2168,509108087,2^509108087-1,STRUCTURAL_SCREEN_EXHAUSTED_PRIMALITY_UNASSIGNED,GF3A_DIRECTIONAL_WRITE_EXHAUSTED_PRIMALITY_UNASSIGNED,514,512,512,NO_RECORDED_FACTOR_PRP_OR_LL_RESULT_AND_NO_ACTIVE_GIMPS_ASSIGNMENT,2026-08-09T02:56:41+00:00,UNALLOCATED,,,,,
SLCMP1467-2168,2168,2169,509108167,2^509108167-1,STRUCTURAL_SCREEN_EXHAUSTED_PRIMALITY_UNASSIGNED,GF3A_DIRECTIONAL_WRITE_EXHAUSTED_PRIMALITY_UNASSIGNED,514,512,512,NO_RECORDED_FACTOR_PRP_OR_LL_RESULT_AND_NO_ACTIVE_GIMPS_ASSIGNMENT,2026-08-09T02:56:41+00:00,UNALLOCATED,,,,,
SLCMP1467-2169,2169,2170,509108177,2^509108177-1,STRUCTURAL_SCREEN_EXHAUSTED_PRIMALITY_UNASSIGNED,GF3A_DIRECTIONAL_WRITE_EXHAUSTED_PRIMALITY_UNASSIGNED,513,512,512,NO_RECORDED_FACTOR_PRP_OR_LL_RESULT_AND_NO_ACTIVE_GIMPS_ASSIGNMENT,2026-08-09T02:56:41+00:00,UNALLOCATED,,,,,
SLCMP1467-2170,2170,2171,509108179,2^509108179-1,STRUCTURAL_SCREEN_EXHAUSTED_PRIMALITY_UNASSIGNED,GF3A_DIRECTIONAL_WRITE_EXHAUSTED_PRIMALITY_UNASSIGNED,514,512,512,NO_RECORDED_FACTOR_PRP_OR_LL_RESULT_AND_NO_ACTIVE_GIMPS_ASSIGNMENT,2026-08-09T02:56:41+00:00,UNALLOCATED,,,,,
SLCMP1467-2171,2171,2172,509108203,2^509108203-1,STRUCTURAL_SCREEN_EXHAUSTED_PRIMALITY_UNASSIGNED,GF3A_DIRECTIONAL_WRITE_EXHAUSTED_PRIMALITY_UNASSIGNED,514,512,512,NO_RECORDED_FACTOR_PRP_OR_LL_RESULT_AND_NO_ACTIVE_GIMPS_ASSIGNMENT,2026-08-09T02:56:41+00:00,UNALLOCATED,,,,,
SLCMP1467-2172,2172,2173,509108251,2^509108251-1,STRUCTURAL_SCREEN_EXHAUSTED_PRIMALITY_UNASSIGNED,GF3A_DIRECTIONAL_WRITE_EXHAUSTED_PRIMALITY_UNASSIGNED,514,512,512,NO_RECORDED_FACTOR_PRP_OR_LL_RESULT_AND_NO_ACTIVE_GIMPS_ASSIGNMENT,2026-08-09T02:56:41+00:00,UNALLOCATED,,,,,
SLCMP1467-2173,2173,2174,509108263,2^509108263-1,STRUCTURAL_SCREEN_EXHAUSTED_PRIMALITY_UNASSIGNED,GF3A_DIRECTIONAL_WRITE_EXHAUSTED_PRIMALITY_UNASSIGNED,514,512,512,NO_RECORDED_FACTOR_PRP_OR_LL_RESULT_AND_NO_ACTIVE_GIMPS_ASSIGNMENT,2026-08-09T02:56:41+00:00,UNALLOCATED,,,,,
SLCMP1467-2174,2174,2175,509108273,2^509108273-1,STRUCTURAL_SCREEN_EXHAUSTED_PRIMALITY_UNASSIGNED,GF3A_DIRECTIONAL_WRITE_EXHAUSTED_PRIMALITY_UNASSIGNED,513,512,512,NO_RECORDED_FACTOR_PRP_OR_LL_RESULT_AND_NO_ACTIVE_GIMPS_ASSIGNMENT,2026-08-09T02:56:41+00:00,UNALLOCATED,,,,,
SLCMP1467-2175,2175,2176,509108309,2^509108309-1,STRUCTURAL_SCREEN_EXHAUSTED_PRIMALITY_UNASSIGNED,GF3A_DIRECTIONAL_WRITE_EXHAUSTED_PRIMALITY_UNASSIGNED,513,512,512,NO_RECORDED_FACTOR_PRP_OR_LL_RESULT_AND_NO_ACTIVE_GIMPS_ASSIGNMENT,2026-08-09T02:56:41+00:00,UNALLOCATED,,,,,
SLCMP1467-2176,2176,2177,509108317,2^509108317-1,STRUCTURAL_SCREEN_EXHAUSTED_PRIMALITY_UNASSIGNED,GF3A_DIRECTIONAL_WRITE_EXHAUSTED_PRIMALITY_UNASSIGNED,513,512,512,NO_RECORDED_FACTOR_PRP_OR_LL_RESULT_AND_NO_ACTIVE_GIMPS_ASSIGNMENT,2026-08-09T02:56:41+00:00,UNALLOCATED,,,,,
SLCMP1467-2177,2177,2178,509108441,2^509108441-1,STRUCTURAL_SCREEN_EXHAUSTED_PRIMALITY_UNASSIGNED,GF3A_DIRECTIONAL_WRITE_EXHAUSTED_PRIMALITY_UNASSIGNED,513,512,512,NO_RECORDED_FACTOR_PRP_OR_LL_RESULT_AND_NO_ACTIVE_GIMPS_ASSIGNMENT,2026-08-09T02:56:41+00:00,UNALLOCATED,,,,,
SLCMP1467-2178,2178,2179,509108491,2^509108491-1,STRUCTURAL_SCREEN_EXHAUSTED_PRIMALITY_UNASSIGNED,GF3A_DIRECTIONAL_WRITE_EXHAUSTED_PRIMALITY_UNASSIGNED,514,512,512,NO_RECORDED_FACTOR_PRP_OR_LL_RESULT_AND_NO_ACTIVE_GIMPS_ASSIGNMENT,2026-08-09T02:56:41+00:00,UNALLOCATED,,,,,
SLCMP1467-2179,2179,2180,509108507,2^509108507-1,STRUCTURAL_SCREEN_EXHAUSTED_PRIMALITY_UNASSIGNED,GF3A_DIRECTIONAL_WRITE_EXHAUSTED_PRIMALITY_UNASSIGNED,514,512,512,NO_RECORDED_FACTOR_PRP_OR_LL_RESULT_AND_NO_ACTIVE_GIMPS_ASSIGNMENT,2026-08-09T02:56:41+00:00,UNALLOCATED,,,,,
SLCMP1467-2180,2180,2181,509108533,2^509108533-1,STRUCTURAL_SCREEN_EXHAUSTED_PRIMALITY_UNASSIGNED,GF3A_DIRECTIONAL_WRITE_EXHAUSTED_PRIMALITY_UNASSIGNED,513,512,512,NO_RECORDED_FACTOR_PRP_OR_LL_RESULT_AND_NO_ACTIVE_GIMPS_ASSIGNMENT,2026-08-09T02:56:41+00:00,UNALLOCATED,,,,,
SLCMP1467-2181,2181,2182,509108557,2^509108557-1,STRUCTURAL_SCREEN_EXHAUSTED_PRIMALITY_UNASSIGNED,GF3A_DIRECTIONAL_WRITE_EXHAUSTED_PRIMALITY_UNASSIGNED,513,512,512,NO_RECORDED_FACTOR_PRP_OR_LL_RESULT_AND_NO_ACTIVE_GIMPS_ASSIGNMENT,2026-08-09T02:56:41+00:00,UNALLOCATED,,,,,
SLCMP1467-2182,2182,2183,509108647,2^509108647-1,STRUCTURAL_SCREEN_EXHAUSTED_PRIMALITY_UNASSIGNED,GF3A_DIRECTIONAL_WRITE_EXHAUSTED_PRIMALITY_UNASSIGNED,514,512,512,NO_RECORDED_FACTOR_PRP_OR_LL_RESULT_AND_NO_ACTIVE_GIMPS_ASSIGNMENT,2026-08-09T02:56:41+00:00,UNALLOCATED,,,,,
SLCMP1467-2183,2183,2184,509108683,2^509108683-1,STRUCTURAL_SCREEN_EXHAUSTED_PRIMALITY_UNASSIGNED,GF3A_DIRECTIONAL_WRITE_EXHAUSTED_PRIMALITY_UNASSIGNED,514,512,512,NO_RECORDED_FACTOR_PRP_OR_LL_RESULT_AND_NO_ACTIVE_GIMPS_ASSIGNMENT,2026-08-09T02:56:41+00:00,UNALLOCATED,,,,,
SLCMP1467-2184,2184,2185,509108771,2^509108771-1,STRUCTURAL_SCREEN_EXHAUSTED_PRIMALITY_UNASSIGNED,GF3A_DIRECTIONAL_WRITE_EXHAUSTED_PRIMALITY_UNASSIGNED,514,512,512,NO_RECORDED_FACTOR_PRP_OR_LL_RESULT_AND_NO_ACTIVE_GIMPS_ASSIGNMENT,2026-08-09T02:56:41+00:00,UNALLOCATED,,,,,
SLCMP1467-2185,2185,2186,509108773,2^509108773-1,STRUCTURAL_SCREEN_EXHAUSTED_PRIMALITY_UNASSIGNED,GF3A_DIRECTIONAL_WRITE_EXHAUSTED_PRIMALITY_UNASSIGNED,513,512,512,NO_RECORDED_FACTOR_PRP_OR_LL_RESULT_AND_NO_ACTIVE_GIMPS_ASSIGNMENT,2026-08-09T02:56:41+00:00,UNALLOCATED,,,,,
SLCMP1467-2186,2186,2187,509108879,2^509108879-1,STRUCTURAL_SCREEN_EXHAUSTED_PRIMALITY_UNASSIGNED,GF3A_DIRECTIONAL_WRITE_EXHAUSTED_PRIMALITY_UNASSIGNED,514,512,512,NO_RECORDED_FACTOR_PRP_OR_LL_RESULT_AND_NO_ACTIVE_GIMPS_ASSIGNMENT,2026-08-09T02:56:41+00:00,UNALLOCATED,,,,,
SLCMP1467-2187,2187,2188,509108909,2^509108909-1,STRUCTURAL_SCREEN_EXHAUSTED_PRIMALITY_UNASSIGNED,GF3A_DIRECTIONAL_WRITE_EXHAUSTED_PRIMALITY_UNASSIGNED,513,512,512,NO_RECORDED_FACTOR_PRP_OR_LL_RESULT_AND_NO_ACTIVE_GIMPS_ASSIGNMENT,2026-08-09T02:56:41+00:00,UNALLOCATED,,,,,
SLCMP1467-2188,2188,2189,509108921,2^509108921-1,STRUCTURAL_SCREEN_EXHAUSTED_PRIMALITY_UNASSIGNED,GF3A_DIRECTIONAL_WRITE_EXHAUSTED_PRIMALITY_UNASSIGNED,513,512,512,NO_RECORDED_FACTOR_PRP_OR_LL_RESULT_AND_NO_ACTIVE_GIMPS_ASSIGNMENT,2026-08-09T02:56:41+00:00,UNALLOCATED,,,,,
SLCMP1467-2189,2189,2190,509108959,2^509108959-1,STRUCTURAL_SCREEN_EXHAUSTED_PRIMALITY_UNASSIGNED,GF3A_DIRECTIONAL_WRITE_EXHAUSTED_PRIMALITY_UNASSIGNED,514,512,512,NO_RECORDED_FACTOR_PRP_OR_LL_RESULT_AND_NO_ACTIVE_GIMPS_ASSIGNMENT,2026-08-09T02:56:41+00:00,UNALLOCATED,,,,,
SLCMP1467-2190,2190,2191,509109037,2^509109037-1,STRUCTURAL_SCREEN_EXHAUSTED_PRIMALITY_UNASSIGNED,GF3A_DIRECTIONAL_WRITE_EXHAUSTED_PRIMALITY_UNASSIGNED,513,512,512,NO_RECORDED_FACTOR_PRP_OR_LL_RESULT_AND_NO_ACTIVE_GIMPS_ASSIGNMENT,2026-08-09T02:56:41+00:00,UNALLOCATED,,,,,
SLCMP1467-2191,2191,2192,509109191,2^509109191-1,STRUCTURAL_SCREEN_EXHAUSTED_PRIMALITY_UNASSIGNED,GF3A_DIRECTIONAL_WRITE_EXHAUSTED_PRIMALITY_UNASSIGNED,514,512,512,NO_RECORDED_FACTOR_PRP_OR_LL_RESULT_AND_NO_ACTIVE_GIMPS_ASSIGNMENT,2026-08-09T02:56:41+00:00,UNALLOCATED,,,,,
SLCMP1467-2192,2192,2193,509109197,2^509109197-1,STRUCTURAL_SCREEN_EXHAUSTED_PRIMALITY_UNASSIGNED,GF3A_DIRECTIONAL_WRITE_EXHAUSTED_PRIMALITY_UNASSIGNED,513,512,512,NO_RECORDED_FACTOR_PRP_OR_LL_RESULT_AND_NO_ACTIVE_GIMPS_ASSIGNMENT,2026-08-09T02:56:41+00:00,UNALLOCATED,,,,,
SLCMP1467-2193,2193,2194,509109371,2^509109371-1,STRUCTURAL_SCREEN_EXHAUSTED_PRIMALITY_UNASSIGNED,GF3A_DIRECTIONAL_WRITE_EXHAUSTED_PRIMALITY_UNASSIGNED,514,512,512,NO_RECORDED_FACTOR_PRP_OR_LL_RESULT_AND_NO_ACTIVE_GIMPS_ASSIGNMENT,2026-08-09T02:56:41+00:00,UNALLOCATED,,,,,
SLCMP1467-2194,2194,2195,509109383,2^509109383-1,STRUCTURAL_SCREEN_EXHAUSTED_PRIMALITY_UNASSIGNED,GF3A_DIRECTIONAL_WRITE_EXHAUSTED_PRIMALITY_UNASSIGNED,514,512,512,NO_RECORDED_FACTOR_PRP_OR_LL_RESULT_AND_NO_ACTIVE_GIMPS_ASSIGNMENT,2026-08-09T02:56:41+00:00,UNALLOCATED,,,,,
SLCMP1467-2195,2195,2196,509109397,2^509109397-1,STRUCTURAL_SCREEN_EXHAUSTED_PRIMALITY_UNASSIGNED,GF3A_DIRECTIONAL_WRITE_EXHAUSTED_PRIMALITY_UNASSIGNED,513,512,512,NO_RECORDED_FACTOR_PRP_OR_LL_RESULT_AND_NO_ACTIVE_GIMPS_ASSIGNMENT,2026-08-09T02:56:41+00:00,UNALLOCATED,,,,,
SLCMP1467-2196,2196,2197,509109457,2^509109457-1,STRUCTURAL_SCREEN_EXHAUSTED_PRIMALITY_UNASSIGNED,GF3A_DIRECTIONAL_WRITE_EXHAUSTED_PRIMALITY_UNASSIGNED,513,512,512,NO_RECORDED_FACTOR_PRP_OR_LL_RESULT_AND_NO_ACTIVE_GIMPS_ASSIGNMENT,2026-08-09T02:56:41+00:00,UNALLOCATED,,,,,
SLCMP1467-2197,2197,2198,509109511,2^509109511-1,STRUCTURAL_SCREEN_EXHAUSTED_PRIMALITY_UNASSIGNED,GF3A_DIRECTIONAL_WRITE_EXHAUSTED_PRIMALITY_UNASSIGNED,514,512,512,NO_RECORDED_FACTOR_PRP_OR_LL_RESULT_AND_NO_ACTIVE_GIMPS_ASSIGNMENT,2026-08-09T02:56:41+00:00,UNALLOCATED,,,,,
SLCMP1467-2198,2198,2199,509109701,2^509109701-1,STRUCTURAL_SCREEN_EXHAUSTED_PRIMALITY_UNASSIGNED,GF3A_DIRECTIONAL_WRITE_EXHAUSTED_PRIMALITY_UNASSIGNED,513,512,512,NO_RECORDED_FACTOR_PRP_OR_LL_RESULT_AND_NO_ACTIVE_GIMPS_ASSIGNMENT,2026-08-09T02:56:41+00:00,UNALLOCATED,,,,,
SLCMP1467-2199,2199,2200,509109737,2^509109737-1,STRUCTURAL_SCREEN_EXHAUSTED_PRIMALITY_UNASSIGNED,GF3A_DIRECTIONAL_WRITE_EXHAUSTED_PRIMALITY_UNASSIGNED,513,512,512,NO_RECORDED_FACTOR_PRP_OR_LL_RESULT_AND_NO_ACTIVE_GIMPS_ASSIGNMENT,2026-08-09T02:56:41+00:00,UNALLOCATED,,,,,
SLCMP1467-2200,2200,2201,509109749,2^509109749-1,STRUCTURAL_SCREEN_EXHAUSTED_PRIMALITY_UNASSIGNED,GF3A_DIRECTIONAL_WRITE_EXHAUSTED_PRIMALITY_UNASSIGNED,513,512,512,NO_RECORDED_FACTOR_PRP_OR_LL_RESULT_AND_NO_ACTIVE_GIMPS_ASSIGNMENT,2026-08-09T02:56:41+00:00,UNALLOCATED,,,,,
SLCMP1467-2201,2201,2202,509109817,2^509109817-1,STRUCTURAL_SCREEN_EXHAUSTED_PRIMALITY_UNASSIGNED,GF3A_DIRECTIONAL_WRITE_EXHAUSTED_PRIMALITY_UNASSIGNED,513,512,512,NO_RECORDED_FACTOR_PRP_OR_LL_RESULT_AND_NO_ACTIVE_GIMPS_ASSIGNMENT,2026-08-09T02:56:41+00:00,UNALLOCATED,,,,,
SLCMP1467-2202,2202,2203,509109911,2^509109911-1,STRUCTURAL_SCREEN_EXHAUSTED_PRIMALITY_UNASSIGNED,GF3A_DIRECTIONAL_WRITE_EXHAUSTED_PRIMALITY_UNASSIGNED,514,512,512,NO_RECORDED_FACTOR_PRP_OR_LL_RESULT_AND_NO_ACTIVE_GIMPS_ASSIGNMENT,2026-08-09T02:56:41+00:00,UNALLOCATED,,,,,
SLCMP1467-2203,2203,2204,509109949,2^509109949-1,STRUCTURAL_SCREEN_EXHAUSTED_PRIMALITY_UNASSIGNED,GF3A_DIRECTIONAL_WRITE_EXHAUSTED_PRIMALITY_UNASSIGNED,513,512,512,NO_RECORDED_FACTOR_PRP_OR_LL_RESULT_AND_NO_ACTIVE_GIMPS_ASSIGNMENT,2026-08-09T02:56:41+00:00,UNALLOCATED,,,,,
SLCMP1467-2204,2204,2205,509109989,2^509109989-1,STRUCTURAL_SCREEN_EXHAUSTED_PRIMALITY_UNASSIGNED,GF3A_DIRECTIONAL_WRITE_EXHAUSTED_PRIMALITY_UNASSIGNED,513,512,512,NO_RECORDED_FACTOR_PRP_OR_LL_RESULT_AND_NO_ACTIVE_GIMPS_ASSIGNMENT,2026-08-09T02:56:41+00:00,UNALLOCATED,,,,,
SLCMP1467-2205,2205,2206,509110097,2^509110097-1,STRUCTURAL_SCREEN_EXHAUSTED_PRIMALITY_UNASSIGNED,GF3A_DIRECTIONAL_WRITE_EXHAUSTED_PRIMALITY_UNASSIGNED,513,512,512,NO_RECORDED_FACTOR_PRP_OR_LL_RESULT_AND_NO_ACTIVE_GIMPS_ASSIGNMENT,2026-08-09T02:56:41+00:00,UNALLOCATED,,,,,
SLCMP1467-2206,2206,2207,509110139,2^509110139-1,STRUCTURAL_SCREEN_EXHAUSTED_PRIMALITY_UNASSIGNED,GF3A_DIRECTIONAL_WRITE_EXHAUSTED_PRIMALITY_UNASSIGNED,514,512,512,NO_RECORDED_FACTOR_PRP_OR_LL_RESULT_AND_NO_ACTIVE_GIMPS_ASSIGNMENT,2026-08-09T02:56:41+00:00,UNALLOCATED,,,,,
SLCMP1467-2207,2207,2208,509110183,2^509110183-1,STRUCTURAL_SCREEN_EXHAUSTED_PRIMALITY_UNASSIGNED,GF3A_DIRECTIONAL_WRITE_EXHAUSTED_PRIMALITY_UNASSIGNED,514,512,512,NO_RECORDED_FACTOR_PRP_OR_LL_RESULT_AND_NO_ACTIVE_GIMPS_ASSIGNMENT,2026-08-09T02:56:41+00:00,UNALLOCATED,,,,,
SLCMP1467-2208,2208,2209,509110229,2^509110229-1,STRUCTURAL_SCREEN_EXHAUSTED_PRIMALITY_UNASSIGNED,GF3A_DIRECTIONAL_WRITE_EXHAUSTED_PRIMALITY_UNASSIGNED,513,512,512,NO_RECORDED_FACTOR_PRP_OR_LL_RESULT_AND_NO_ACTIVE_GIMPS_ASSIGNMENT,2026-08-09T02:56:41+00:00,UNALLOCATED,,,,,
SLCMP1467-2209,2209,2210,509110307,2^509110307-1,STRUCTURAL_SCREEN_EXHAUSTED_PRIMALITY_UNASSIGNED,GF3A_DIRECTIONAL_WRITE_EXHAUSTED_PRIMALITY_UNASSIGNED,514,512,512,NO_RECORDED_FACTOR_PRP_OR_LL_RESULT_AND_NO_ACTIVE_GIMPS_ASSIGNMENT,2026-08-09T02:56:41+00:00,UNALLOCATED,,,,,
SLCMP1467-2210,2210,2211,509110423,2^509110423-1,STRUCTURAL_SCREEN_EXHAUSTED_PRIMALITY_UNASSIGNED,GF3A_DIRECTIONAL_WRITE_EXHAUSTED_PRIMALITY_UNASSIGNED,514,512,512,NO_RECORDED_FACTOR_PRP_OR_LL_RESULT_AND_NO_ACTIVE_GIMPS_ASSIGNMENT,2026-08-09T02:56:41+00:00,UNALLOCATED,,,,,
SLCMP1467-2211,2211,2212,509110549,2^509110549-1,STRUCTURAL_SCREEN_EXHAUSTED_PRIMALITY_UNASSIGNED,GF3A_DIRECTIONAL_WRITE_EXHAUSTED_PRIMALITY_UNASSIGNED,513,512,512,NO_RECORDED_FACTOR_PRP_OR_LL_RESULT_AND_NO_ACTIVE_GIMPS_ASSIGNMENT,2026-08-09T02:56:41+00:00,UNALLOCATED,,,,,
SLCMP1467-2212,2212,2213,509110603,2^509110603-1,STRUCTURAL_SCREEN_EXHAUSTED_PRIMALITY_UNASSIGNED,GF3A_DIRECTIONAL_WRITE_EXHAUSTED_PRIMALITY_UNASSIGNED,514,512,512,NO_RECORDED_FACTOR_PRP_OR_LL_RESULT_AND_NO_ACTIVE_GIMPS_ASSIGNMENT,2026-08-09T02:56:41+00:00,UNALLOCATED,,,,,
SLCMP1467-2213,2213,2214,509110619,2^509110619-1,STRUCTURAL_SCREEN_EXHAUSTED_PRIMALITY_UNASSIGNED,GF3A_DIRECTIONAL_WRITE_EXHAUSTED_PRIMALITY_UNASSIGNED,514,512,512,NO_RECORDED_FACTOR_PRP_OR_LL_RESULT_AND_NO_ACTIVE_GIMPS_ASSIGNMENT,2026-08-09T02:56:41+00:00,UNALLOCATED,,,,,
SLCMP1467-2214,2214,2215,509110621,2^509110621-1,STRUCTURAL_SCREEN_EXHAUSTED_PRIMALITY_UNASSIGNED,GF3A_DIRECTIONAL_WRITE_EXHAUSTED_PRIMALITY_UNASSIGNED,513,512,512,NO_RECORDED_FACTOR_PRP_OR_LL_RESULT_AND_NO_ACTIVE_GIMPS_ASSIGNMENT,2026-08-09T02:56:41+00:00,UNALLOCATED,,,,,
SLCMP1467-2215,2215,2216,509110663,2^509110663-1,STRUCTURAL_SCREEN_EXHAUSTED_PRIMALITY_UNASSIGNED,GF3A_DIRECTIONAL_WRITE_EXHAUSTED_PRIMALITY_UNASSIGNED,514,512,512,NO_RECORDED_FACTOR_PRP_OR_LL_RESULT_AND_NO_ACTIVE_GIMPS_ASSIGNMENT,2026-08-09T02:56:41+00:00,UNALLOCATED,,,,,
SLCMP1467-2216,2216,2217,509110729,2^509110729-1,STRUCTURAL_SCREEN_EXHAUSTED_PRIMALITY_UNASSIGNED,GF3A_DIRECTIONAL_WRITE_EXHAUSTED_PRIMALITY_UNASSIGNED,513,512,512,NO_RECORDED_FACTOR_PRP_OR_LL_RESULT_AND_NO_ACTIVE_GIMPS_ASSIGNMENT,2026-08-09T02:56:41+00:00,UNALLOCATED,,,,,
SLCMP1467-2217,2217,2218,509110741,2^509110741-1,STRUCTURAL_SCREEN_EXHAUSTED_PRIMALITY_UNASSIGNED,GF3A_DIRECTIONAL_WRITE_EXHAUSTED_PRIMALITY_UNASSIGNED,513,512,512,NO_RECORDED_FACTOR_PRP_OR_LL_RESULT_AND_NO_ACTIVE_GIMPS_ASSIGNMENT,2026-08-09T02:56:41+00:00,UNALLOCATED,,,,,
SLCMP1467-2218,2218,2219,509110807,2^509110807-1,STRUCTURAL_SCREEN_EXHAUSTED_PRIMALITY_UNASSIGNED,GF3A_DIRECTIONAL_WRITE_EXHAUSTED_PRIMALITY_UNASSIGNED,514,512,512,NO_RECORDED_FACTOR_PRP_OR_LL_RESULT_AND_NO_ACTIVE_GIMPS_ASSIGNMENT,2026-08-09T02:56:41+00:00,UNALLOCATED,,,,,
SLCMP1467-2219,2219,2220,509110837,2^509110837-1,STRUCTURAL_SCREEN_EXHAUSTED_PRIMALITY_UNASSIGNED,GF3A_DIRECTIONAL_WRITE_EXHAUSTED_PRIMALITY_UNASSIGNED,513,512,512,NO_RECORDED_FACTOR_PRP_OR_LL_RESULT_AND_NO_ACTIVE_GIMPS_ASSIGNMENT,2026-08-09T02:56:41+00:00,UNALLOCATED,,,,,
SLCMP1467-2220,2220,2221,509110859,2^509110859-1,STRUCTURAL_SCREEN_EXHAUSTED_PRIMALITY_UNASSIGNED,GF3A_DIRECTIONAL_WRITE_EXHAUSTED_PRIMALITY_UNASSIGNED,514,512,512,NO_RECORDED_FACTOR_PRP_OR_LL_RESULT_AND_NO_ACTIVE_GIMPS_ASSIGNMENT,2026-08-09T02:56:41+00:00,UNALLOCATED,,,,,
SLCMP1467-2221,2221,2222,509110867,2^509110867-1,STRUCTURAL_SCREEN_EXHAUSTED_PRIMALITY_UNASSIGNED,GF3A_DIRECTIONAL_WRITE_EXHAUSTED_PRIMALITY_UNASSIGNED,514,512,512,NO_RECORDED_FACTOR_PRP_OR_LL_RESULT_AND_NO_ACTIVE_GIMPS_ASSIGNMENT,2026-08-09T02:56:41+00:00,UNALLOCATED,,,,,
SLCMP1467-2222,2222,2223,509110907,2^509110907-1,STRUCTURAL_SCREEN_EXHAUSTED_PRIMALITY_UNASSIGNED,GF3A_DIRECTIONAL_WRITE_EXHAUSTED_PRIMALITY_UNASSIGNED,514,512,512,NO_RECORDED_FACTOR_PRP_OR_LL_RESULT_AND_NO_ACTIVE_GIMPS_ASSIGNMENT,2026-08-09T02:56:41+00:00,UNALLOCATED,,,,,
SLCMP1467-2223,2223,2224,509110913,2^509110913-1,STRUCTURAL_SCREEN_EXHAUSTED_PRIMALITY_UNASSIGNED,GF3A_DIRECTIONAL_WRITE_EXHAUSTED_PRIMALITY_UNASSIGNED,513,512,512,NO_RECORDED_FACTOR_PRP_OR_LL_RESULT_AND_NO_ACTIVE_GIMPS_ASSIGNMENT,2026-08-09T02:56:41+00:00,UNALLOCATED,,,,,
SLCMP1467-2224,2224,2225,509110963,2^509110963-1,STRUCTURAL_SCREEN_EXHAUSTED_PRIMALITY_UNASSIGNED,GF3A_DIRECTIONAL_WRITE_EXHAUSTED_PRIMALITY_UNASSIGNED,514,512,512,NO_RECORDED_FACTOR_PRP_OR_LL_RESULT_AND_NO_ACTIVE_GIMPS_ASSIGNMENT,2026-08-09T02:56:41+00:00,UNALLOCATED,,,,,
SLCMP1467-2225,2225,2226,509110969,2^509110969-1,STRUCTURAL_SCREEN_EXHAUSTED_PRIMALITY_UNASSIGNED,GF3A_DIRECTIONAL_WRITE_EXHAUSTED_PRIMALITY_UNASSIGNED,513,512,512,NO_RECORDED_FACTOR_PRP_OR_LL_RESULT_AND_NO_ACTIVE_GIMPS_ASSIGNMENT,2026-08-09T02:56:41+00:00,UNALLOCATED,,,,,
SLCMP1467-2226,2226,2227,509111011,2^509111011-1,STRUCTURAL_SCREEN_EXHAUSTED_PRIMALITY_UNASSIGNED,GF3A_DIRECTIONAL_WRITE_EXHAUSTED_PRIMALITY_UNASSIGNED,514,512,512,NO_RECORDED_FACTOR_PRP_OR_LL_RESULT_AND_NO_ACTIVE_GIMPS_ASSIGNMENT,2026-08-09T02:56:41+00:00,UNALLOCATED,,,,,
SLCMP1467-2227,2227,2228,509111021,2^509111021-1,STRUCTURAL_SCREEN_EXHAUSTED_PRIMALITY_UNASSIGNED,GF3A_DIRECTIONAL_WRITE_EXHAUSTED_PRIMALITY_UNASSIGNED,513,512,512,NO_RECORDED_FACTOR_PRP_OR_LL_RESULT_AND_NO_ACTIVE_GIMPS_ASSIGNMENT,2026-08-09T02:56:41+00:00,UNALLOCATED,,,,,
SLCMP1467-2228,2228,2229,509111051,2^509111051-1,STRUCTURAL_SCREEN_EXHAUSTED_PRIMALITY_UNASSIGNED,GF3A_DIRECTIONAL_WRITE_EXHAUSTED_PRIMALITY_UNASSIGNED,514,512,512,NO_RECORDED_FACTOR_PRP_OR_LL_RESULT_AND_NO_ACTIVE_GIMPS_ASSIGNMENT,2026-08-09T02:56:41+00:00,UNALLOCATED,,,,,
SLCMP1467-2229,2229,2230,509111111,2^509111111-1,STRUCTURAL_SCREEN_EXHAUSTED_PRIMALITY_UNASSIGNED,GF3A_DIRECTIONAL_WRITE_EXHAUSTED_PRIMALITY_UNASSIGNED,514,512,512,NO_RECORDED_FACTOR_PRP_OR_LL_RESULT_AND_NO_ACTIVE_GIMPS_ASSIGNMENT,2026-08-09T02:56:41+00:00,UNALLOCATED,,,,,
SLCMP1467-2230,2230,2231,509111149,2^509111149-1,STRUCTURAL_SCREEN_EXHAUSTED_PRIMALITY_UNASSIGNED,GF3A_DIRECTIONAL_WRITE_EXHAUSTED_PRIMALITY_UNASSIGNED,513,512,512,NO_RECORDED_FACTOR_PRP_OR_LL_RESULT_AND_NO_ACTIVE_GIMPS_ASSIGNMENT,2026-08-09T02:56:41+00:00,UNALLOCATED,,,,,
SLCMP1467-2231,2231,2232,509111159,2^509111159-1,STRUCTURAL_SCREEN_EXHAUSTED_PRIMALITY_UNASSIGNED,GF3A_DIRECTIONAL_WRITE_EXHAUSTED_PRIMALITY_UNASSIGNED,514,512,512,NO_RECORDED_FACTOR_PRP_OR_LL_RESULT_AND_NO_ACTIVE_GIMPS_ASSIGNMENT,2026-08-09T02:56:41+00:00,UNALLOCATED,,,,,
SLCMP1467-2232,2232,2233,509111173,2^509111173-1,STRUCTURAL_SCREEN_EXHAUSTED_PRIMALITY_UNASSIGNED,GF3A_DIRECTIONAL_WRITE_EXHAUSTED_PRIMALITY_UNASSIGNED,513,512,512,NO_RECORDED_FACTOR_PRP_OR_LL_RESULT_AND_NO_ACTIVE_GIMPS_ASSIGNMENT,2026-08-09T02:56:41+00:00,UNALLOCATED,,,,,
SLCMP1467-2233,2233,2234,509111179,2^509111179-1,STRUCTURAL_SCREEN_EXHAUSTED_PRIMALITY_UNASSIGNED,GF3A_DIRECTIONAL_WRITE_EXHAUSTED_PRIMALITY_UNASSIGNED,514,512,512,NO_RECORDED_FACTOR_PRP_OR_LL_RESULT_AND_NO_ACTIVE_GIMPS_ASSIGNMENT,2026-08-09T02:56:41+00:00,UNALLOCATED,,,,,
SLCMP1467-2234,2234,2235,509111201,2^509111201-1,STRUCTURAL_SCREEN_EXHAUSTED_PRIMALITY_UNASSIGNED,GF3A_DIRECTIONAL_WRITE_EXHAUSTED_PRIMALITY_UNASSIGNED,513,512,512,NO_RECORDED_FACTOR_PRP_OR_LL_RESULT_AND_NO_ACTIVE_GIMPS_ASSIGNMENT,2026-08-09T02:56:41+00:00,UNALLOCATED,,,,,
SLCMP1467-2235,2235,2236,509111219,2^509111219-1,STRUCTURAL_SCREEN_EXHAUSTED_PRIMALITY_UNASSIGNED,GF3A_DIRECTIONAL_WRITE_EXHAUSTED_PRIMALITY_UNASSIGNED,514,512,512,NO_RECORDED_FACTOR_PRP_OR_LL_RESULT_AND_NO_ACTIVE_GIMPS_ASSIGNMENT,2026-08-09T02:56:41+00:00,UNALLOCATED,,,,,
SLCMP1467-2236,2236,2237,509111221,2^509111221-1,STRUCTURAL_SCREEN_EXHAUSTED_PRIMALITY_UNASSIGNED,GF3A_DIRECTIONAL_WRITE_EXHAUSTED_PRIMALITY_UNASSIGNED,513,512,512,NO_RECORDED_FACTOR_PRP_OR_LL_RESULT_AND_NO_ACTIVE_GIMPS_ASSIGNMENT,2026-08-09T02:56:41+00:00,UNALLOCATED,,,,,
SLCMP1467-2237,2237,2238,509111341,2^509111341-1,STRUCTURAL_SCREEN_EXHAUSTED_PRIMALITY_UNASSIGNED,GF3A_DIRECTIONAL_WRITE_EXHAUSTED_PRIMALITY_UNASSIGNED,513,512,512,NO_RECORDED_FACTOR_PRP_OR_LL_RESULT_AND_NO_ACTIVE_GIMPS_ASSIGNMENT,2026-08-09T02:56:41+00:00,UNALLOCATED,,,,,
SLCMP1467-2238,2238,2239,509111353,2^509111353-1,STRUCTURAL_SCREEN_EXHAUSTED_PRIMALITY_UNASSIGNED,GF3A_DIRECTIONAL_WRITE_EXHAUSTED_PRIMALITY_UNASSIGNED,513,512,512,NO_RECORDED_FACTOR_PRP_OR_LL_RESULT_AND_NO_ACTIVE_GIMPS_ASSIGNMENT,2026-08-09T02:56:41+00:00,UNALLOCATED,,,,,
SLCMP1467-2239,2239,2240,509111363,2^509111363-1,STRUCTURAL_SCREEN_EXHAUSTED_PRIMALITY_UNASSIGNED,GF3A_DIRECTIONAL_WRITE_EXHAUSTED_PRIMALITY_UNASSIGNED,514,512,512,NO_RECORDED_FACTOR_PRP_OR_LL_RESULT_AND_NO_ACTIVE_GIMPS_ASSIGNMENT,2026-08-09T02:56:41+00:00,UNALLOCATED,,,,,
SLCMP1467-2240,2240,2241,509111411,2^509111411-1,STRUCTURAL_SCREEN_EXHAUSTED_PRIMALITY_UNASSIGNED,GF3A_DIRECTIONAL_WRITE_EXHAUSTED_PRIMALITY_UNASSIGNED,514,512,512,NO_RECORDED_FACTOR_PRP_OR_LL_RESULT_AND_NO_ACTIVE_GIMPS_ASSIGNMENT,2026-08-09T02:56:41+00:00,UNALLOCATED,,,,,
SLCMP1467-2241,2241,2242,509111437,2^509111437-1,STRUCTURAL_SCREEN_EXHAUSTED_PRIMALITY_UNASSIGNED,GF3A_DIRECTIONAL_WRITE_EXHAUSTED_PRIMALITY_UNASSIGNED,513,512,512,NO_RECORDED_FACTOR_PRP_OR_LL_RESULT_AND_NO_ACTIVE_GIMPS_ASSIGNMENT,2026-08-09T02:56:41+00:00,UNALLOCATED,,,,,
SLCMP1467-2242,2242,2243,509111467,2^509111467-1,STRUCTURAL_SCREEN_EXHAUSTED_PRIMALITY_UNASSIGNED,GF3A_DIRECTIONAL_WRITE_EXHAUSTED_PRIMALITY_UNASSIGNED,514,512,512,NO_RECORDED_FACTOR_PRP_OR_LL_RESULT_AND_NO_ACTIVE_GIMPS_ASSIGNMENT,2026-08-09T02:56:41+00:00,UNALLOCATED,,,,,
SLCMP1467-2243,2243,2244,509111497,2^509111497-1,STRUCTURAL_SCREEN_EXHAUSTED_PRIMALITY_UNASSIGNED,GF3A_DIRECTIONAL_WRITE_EXHAUSTED_PRIMALITY_UNASSIGNED,513,512,512,NO_RECORDED_FACTOR_PRP_OR_LL_RESULT_AND_NO_ACTIVE_GIMPS_ASSIGNMENT,2026-08-09T02:56:41+00:00,UNALLOCATED,,,,,
SLCMP1467-2244,2244,2245,509111521,2^509111521-1,STRUCTURAL_SCREEN_EXHAUSTED_PRIMALITY_UNASSIGNED,GF3A_DIRECTIONAL_WRITE_EXHAUSTED_PRIMALITY_UNASSIGNED,513,512,512,NO_RECORDED_FACTOR_PRP_OR_LL_RESULT_AND_NO_ACTIVE_GIMPS_ASSIGNMENT,2026-08-09T02:56:41+00:00,UNALLOCATED,,,,,
SLCMP1467-2245,2245,2246,509111539,2^509111539-1,STRUCTURAL_SCREEN_EXHAUSTED_PRIMALITY_UNASSIGNED,GF3A_DIRECTIONAL_WRITE_EXHAUSTED_PRIMALITY_UNASSIGNED,514,512,512,NO_RECORDED_FACTOR_PRP_OR_LL_RESULT_AND_NO_ACTIVE_GIMPS_ASSIGNMENT,2026-08-09T02:56:41+00:00,UNALLOCATED,,,,,
SLCMP1467-2246,2246,2247,509111611,2^509111611-1,STRUCTURAL_SCREEN_EXHAUSTED_PRIMALITY_UNASSIGNED,GF3A_DIRECTIONAL_WRITE_EXHAUSTED_PRIMALITY_UNASSIGNED,514,512,512,NO_RECORDED_FACTOR_PRP_OR_LL_RESULT_AND_NO_ACTIVE_GIMPS_ASSIGNMENT,2026-08-09T02:56:41+00:00,UNALLOCATED,,,,,
SLCMP1467-2247,2247,2248,509111633,2^509111633-1,STRUCTURAL_SCREEN_EXHAUSTED_PRIMALITY_UNASSIGNED,GF3A_DIRECTIONAL_WRITE_EXHAUSTED_PRIMALITY_UNASSIGNED,513,512,512,NO_RECORDED_FACTOR_PRP_OR_LL_RESULT_AND_NO_ACTIVE_GIMPS_ASSIGNMENT,2026-08-09T02:56:41+00:00,UNALLOCATED,,,,,
SLCMP1467-2248,2248,2249,509111651,2^509111651-1,STRUCTURAL_SCREEN_EXHAUSTED_PRIMALITY_UNASSIGNED,GF3A_DIRECTIONAL_WRITE_EXHAUSTED_PRIMALITY_UNASSIGNED,514,512,512,NO_RECORDED_FACTOR_PRP_OR_LL_RESULT_AND_NO_ACTIVE_GIMPS_ASSIGNMENT,2026-08-09T02:56:41+00:00,UNALLOCATED,,,,,
SLCMP1467-2249,2249,2250,509111753,2^509111753-1,STRUCTURAL_SCREEN_EXHAUSTED_PRIMALITY_UNASSIGNED,GF3A_DIRECTIONAL_WRITE_EXHAUSTED_PRIMALITY_UNASSIGNED,513,512,512,NO_RECORDED_FACTOR_PRP_OR_LL_RESULT_AND_NO_ACTIVE_GIMPS_ASSIGNMENT,2026-08-09T02:56:41+00:00,UNALLOCATED,,,,,
SLCMP1467-2250,2250,2251,509111809,2^509111809-1,STRUCTURAL_SCREEN_EXHAUSTED_PRIMALITY_UNASSIGNED,GF3A_DIRECTIONAL_WRITE_EXHAUSTED_PRIMALITY_UNASSIGNED,513,512,512,NO_RECORDED_FACTOR_PRP_OR_LL_RESULT_AND_NO_ACTIVE_GIMPS_ASSIGNMENT,2026-08-09T02:56:41+00:00,UNALLOCATED,,,,,
SLCMP1467-2251,2251,2252,509111843,2^509111843-1,STRUCTURAL_SCREEN_EXHAUSTED_PRIMALITY_UNASSIGNED,GF3A_DIRECTIONAL_WRITE_EXHAUSTED_PRIMALITY_UNASSIGNED,514,512,512,NO_RECORDED_FACTOR_PRP_OR_LL_RESULT_AND_NO_ACTIVE_GIMPS_ASSIGNMENT,2026-08-09T02:56:41+00:00,UNALLOCATED,,,,,
SLCMP1467-2252,2252,2253,509111887,2^509111887-1,STRUCTURAL_SCREEN_EXHAUSTED_PRIMALITY_UNASSIGNED,GF3A_DIRECTIONAL_WRITE_EXHAUSTED_PRIMALITY_UNASSIGNED,514,512,512,NO_RECORDED_FACTOR_PRP_OR_LL_RESULT_AND_NO_ACTIVE_GIMPS_ASSIGNMENT,2026-08-09T02:56:41+00:00,UNALLOCATED,,,,,
SLCMP1467-2253,2253,2254,509111989,2^509111989-1,STRUCTURAL_SCREEN_EXHAUSTED_PRIMALITY_UNASSIGNED,GF3A_DIRECTIONAL_WRITE_EXHAUSTED_PRIMALITY_UNASSIGNED,513,512,512,NO_RECORDED_FACTOR_PRP_OR_LL_RESULT_AND_NO_ACTIVE_GIMPS_ASSIGNMENT,2026-08-09T02:56:41+00:00,UNALLOCATED,,,,,
SLCMP1467-2254,2254,2255,509112067,2^509112067-1,STRUCTURAL_SCREEN_EXHAUSTED_PRIMALITY_UNASSIGNED,GF3A_DIRECTIONAL_WRITE_EXHAUSTED_PRIMALITY_UNASSIGNED,514,512,512,NO_RECORDED_FACTOR_PRP_OR_LL_RESULT_AND_NO_ACTIVE_GIMPS_ASSIGNMENT,2026-08-09T02:56:41+00:00,UNALLOCATED,,,,,
SLCMP1467-2255,2255,2256,509112133,2^509112133-1,STRUCTURAL_SCREEN_EXHAUSTED_PRIMALITY_UNASSIGNED,GF3A_DIRECTIONAL_WRITE_EXHAUSTED_PRIMALITY_UNASSIGNED,513,512,512,NO_RECORDED_FACTOR_PRP_OR_LL_RESULT_AND_NO_ACTIVE_GIMPS_ASSIGNMENT,2026-08-09T02:56:41+00:00,UNALLOCATED,,,,,
SLCMP1467-2256,2256,2257,509112143,2^509112143-1,STRUCTURAL_SCREEN_EXHAUSTED_PRIMALITY_UNASSIGNED,GF3A_DIRECTIONAL_WRITE_EXHAUSTED_PRIMALITY_UNASSIGNED,514,512,512,NO_RECORDED_FACTOR_PRP_OR_LL_RESULT_AND_NO_ACTIVE_GIMPS_ASSIGNMENT,2026-08-09T02:56:41+00:00,UNALLOCATED,,,,,
SLCMP1467-2257,2257,2258,509112173,2^509112173-1,STRUCTURAL_SCREEN_EXHAUSTED_PRIMALITY_UNASSIGNED,GF3A_DIRECTIONAL_WRITE_EXHAUSTED_PRIMALITY_UNASSIGNED,513,512,512,NO_RECORDED_FACTOR_PRP_OR_LL_RESULT_AND_NO_ACTIVE_GIMPS_ASSIGNMENT,2026-08-09T02:56:41+00:00,UNALLOCATED,,,,,
SLCMP1467-2258,2258,2259,509112203,2^509112203-1,STRUCTURAL_SCREEN_EXHAUSTED_PRIMALITY_UNASSIGNED,GF3A_DIRECTIONAL_WRITE_EXHAUSTED_PRIMALITY_UNASSIGNED,514,512,512,NO_RECORDED_FACTOR_PRP_OR_LL_RESULT_AND_NO_ACTIVE_GIMPS_ASSIGNMENT,2026-08-09T02:56:41+00:00,UNALLOCATED,,,,,
SLCMP1467-2259,2259,2260,509112271,2^509112271-1,STRUCTURAL_SCREEN_EXHAUSTED_PRIMALITY_UNASSIGNED,GF3A_DIRECTIONAL_WRITE_EXHAUSTED_PRIMALITY_UNASSIGNED,514,512,512,NO_RECORDED_FACTOR_PRP_OR_LL_RESULT_AND_NO_ACTIVE_GIMPS_ASSIGNMENT,2026-08-09T02:56:41+00:00,UNALLOCATED,,,,,
SLCMP1467-2260,2260,2261,509112281,2^509112281-1,STRUCTURAL_SCREEN_EXHAUSTED_PRIMALITY_UNASSIGNED,GF3A_DIRECTIONAL_WRITE_EXHAUSTED_PRIMALITY_UNASSIGNED,513,512,512,NO_RECORDED_FACTOR_PRP_OR_LL_RESULT_AND_NO_ACTIVE_GIMPS_ASSIGNMENT,2026-08-09T02:56:41+00:00,UNALLOCATED,,,,,
SLCMP1467-2261,2261,2262,509112367,2^509112367-1,STRUCTURAL_SCREEN_EXHAUSTED_PRIMALITY_UNASSIGNED,GF3A_DIRECTIONAL_WRITE_EXHAUSTED_PRIMALITY_UNASSIGNED,514,512,512,NO_RECORDED_FACTOR_PRP_OR_LL_RESULT_AND_NO_ACTIVE_GIMPS_ASSIGNMENT,2026-08-09T02:56:41+00:00,UNALLOCATED,,,,,
SLCMP1467-2262,2262,2263,509112377,2^509112377-1,STRUCTURAL_SCREEN_EXHAUSTED_PRIMALITY_UNASSIGNED,GF3A_DIRECTIONAL_WRITE_EXHAUSTED_PRIMALITY_UNASSIGNED,513,512,512,NO_RECORDED_FACTOR_PRP_OR_LL_RESULT_AND_NO_ACTIVE_GIMPS_ASSIGNMENT,2026-08-09T02:56:41+00:00,UNALLOCATED,,,,,
SLCMP1467-2263,2263,2264,509112437,2^509112437-1,STRUCTURAL_SCREEN_EXHAUSTED_PRIMALITY_UNASSIGNED,GF3A_DIRECTIONAL_WRITE_EXHAUSTED_PRIMALITY_UNASSIGNED,513,512,512,NO_RECORDED_FACTOR_PRP_OR_LL_RESULT_AND_NO_ACTIVE_GIMPS_ASSIGNMENT,2026-08-09T02:56:41+00:00,UNALLOCATED,,,,,
SLCMP1467-2264,2264,2265,509112449,2^509112449-1,STRUCTURAL_SCREEN_EXHAUSTED_PRIMALITY_UNASSIGNED,GF3A_DIRECTIONAL_WRITE_EXHAUSTED_PRIMALITY_UNASSIGNED,513,512,512,NO_RECORDED_FACTOR_PRP_OR_LL_RESULT_AND_NO_ACTIVE_GIMPS_ASSIGNMENT,2026-08-09T02:56:41+00:00,UNALLOCATED,,,,,
SLCMP1467-2265,2265,2266,509112451,2^509112451-1,STRUCTURAL_SCREEN_EXHAUSTED_PRIMALITY_UNASSIGNED,GF3A_DIRECTIONAL_WRITE_EXHAUSTED_PRIMALITY_UNASSIGNED,514,512,512,NO_RECORDED_FACTOR_PRP_OR_LL_RESULT_AND_NO_ACTIVE_GIMPS_ASSIGNMENT,2026-08-09T02:56:41+00:00,UNALLOCATED,,,,,
SLCMP1467-2266,2266,2267,509112479,2^509112479-1,STRUCTURAL_SCREEN_EXHAUSTED_PRIMALITY_UNASSIGNED,GF3A_DIRECTIONAL_WRITE_EXHAUSTED_PRIMALITY_UNASSIGNED,514,512,512,NO_RECORDED_FACTOR_PRP_OR_LL_RESULT_AND_NO_ACTIVE_GIMPS_ASSIGNMENT,2026-08-09T02:56:41+00:00,UNALLOCATED,,,,,
SLCMP1467-2267,2267,2268,509112511,2^509112511-1,STRUCTURAL_SCREEN_EXHAUSTED_PRIMALITY_UNASSIGNED,GF3A_DIRECTIONAL_WRITE_EXHAUSTED_PRIMALITY_UNASSIGNED,514,512,512,NO_RECORDED_FACTOR_PRP_OR_LL_RESULT_AND_NO_ACTIVE_GIMPS_ASSIGNMENT,2026-08-09T02:56:41+00:00,UNALLOCATED,,,,,
SLCMP1467-2268,2268,2269,509112679,2^509112679-1,STRUCTURAL_SCREEN_EXHAUSTED_PRIMALITY_UNASSIGNED,GF3A_DIRECTIONAL_WRITE_EXHAUSTED_PRIMALITY_UNASSIGNED,514,512,512,NO_RECORDED_FACTOR_PRP_OR_LL_RESULT_AND_NO_ACTIVE_GIMPS_ASSIGNMENT,2026-08-09T02:56:41+00:00,UNALLOCATED,,,,,
SLCMP1467-2269,2269,2270,509112727,2^509112727-1,STRUCTURAL_SCREEN_EXHAUSTED_PRIMALITY_UNASSIGNED,GF3A_DIRECTIONAL_WRITE_EXHAUSTED_PRIMALITY_UNASSIGNED,514,512,512,NO_RECORDED_FACTOR_PRP_OR_LL_RESULT_AND_NO_ACTIVE_GIMPS_ASSIGNMENT,2026-08-09T02:56:41+00:00,UNALLOCATED,,,,,
SLCMP1467-2270,2270,2271,509112739,2^509112739-1,STRUCTURAL_SCREEN_EXHAUSTED_PRIMALITY_UNASSIGNED,GF3A_DIRECTIONAL_WRITE_EXHAUSTED_PRIMALITY_UNASSIGNED,514,512,512,NO_RECORDED_FACTOR_PRP_OR_LL_RESULT_AND_NO_ACTIVE_GIMPS_ASSIGNMENT,2026-08-09T02:56:41+00:00,UNALLOCATED,,,,,
SLCMP1467-2271,2271,2272,509112823,2^509112823-1,STRUCTURAL_SCREEN_EXHAUSTED_PRIMALITY_UNASSIGNED,GF3A_DIRECTIONAL_WRITE_EXHAUSTED_PRIMALITY_UNASSIGNED,514,512,512,NO_RECORDED_FACTOR_PRP_OR_LL_RESULT_AND_NO_ACTIVE_GIMPS_ASSIGNMENT,2026-08-09T02:56:41+00:00,UNALLOCATED,,,,,
SLCMP1467-2272,2272,2273,509112871,2^509112871-1,STRUCTURAL_SCREEN_EXHAUSTED_PRIMALITY_UNASSIGNED,GF3A_DIRECTIONAL_WRITE_EXHAUSTED_PRIMALITY_UNASSIGNED,514,512,512,NO_RECORDED_FACTOR_PRP_OR_LL_RESULT_AND_NO_ACTIVE_GIMPS_ASSIGNMENT,2026-08-09T02:56:41+00:00,UNALLOCATED,,,,,
SLCMP1467-2273,2273,2274,509112887,2^509112887-1,STRUCTURAL_SCREEN_EXHAUSTED_PRIMALITY_UNASSIGNED,GF3A_DIRECTIONAL_WRITE_EXHAUSTED_PRIMALITY_UNASSIGNED,514,512,512,NO_RECORDED_FACTOR_PRP_OR_LL_RESULT_AND_NO_ACTIVE_GIMPS_ASSIGNMENT,2026-08-09T02:56:41+00:00,UNALLOCATED,,,,,
SLCMP1467-2274,2274,2275,509112931,2^509112931-1,STRUCTURAL_SCREEN_EXHAUSTED_PRIMALITY_UNASSIGNED,GF3A_DIRECTIONAL_WRITE_EXHAUSTED_PRIMALITY_UNASSIGNED,514,512,512,NO_RECORDED_FACTOR_PRP_OR_LL_RESULT_AND_NO_ACTIVE_GIMPS_ASSIGNMENT,2026-08-09T02:56:41+00:00,UNALLOCATED,,,,,
SLCMP1467-2275,2275,2276,509112971,2^509112971-1,STRUCTURAL_SCREEN_EXHAUSTED_PRIMALITY_UNASSIGNED,GF3A_DIRECTIONAL_WRITE_EXHAUSTED_PRIMALITY_UNASSIGNED,514,512,512,NO_RECORDED_FACTOR_PRP_OR_LL_RESULT_AND_NO_ACTIVE_GIMPS_ASSIGNMENT,2026-08-09T02:56:41+00:00,UNALLOCATED,,,,,
SLCMP1467-2276,2276,2277,509112973,2^509112973-1,STRUCTURAL_SCREEN_EXHAUSTED_PRIMALITY_UNASSIGNED,GF3A_DIRECTIONAL_WRITE_EXHAUSTED_PRIMALITY_UNASSIGNED,513,512,512,NO_RECORDED_FACTOR_PRP_OR_LL_RESULT_AND_NO_ACTIVE_GIMPS_ASSIGNMENT,2026-08-09T02:56:41+00:00,UNALLOCATED,,,,,
SLCMP1467-2277,2277,2278,509112997,2^509112997-1,STRUCTURAL_SCREEN_EXHAUSTED_PRIMALITY_UNASSIGNED,GF3A_DIRECTIONAL_WRITE_EXHAUSTED_PRIMALITY_UNASSIGNED,513,512,512,NO_RECORDED_FACTOR_PRP_OR_LL_RESULT_AND_NO_ACTIVE_GIMPS_ASSIGNMENT,2026-08-09T02:56:41+00:00,UNALLOCATED,,,,,
SLCMP1467-2278,2278,2279,509113049,2^509113049-1,STRUCTURAL_SCREEN_EXHAUSTED_PRIMALITY_UNASSIGNED,GF3A_DIRECTIONAL_WRITE_EXHAUSTED_PRIMALITY_UNASSIGNED,513,512,512,NO_RECORDED_FACTOR_PRP_OR_LL_RESULT_AND_NO_ACTIVE_GIMPS_ASSIGNMENT,2026-08-09T02:56:41+00:00,UNALLOCATED,,,,,
SLCMP1467-2279,2279,2280,509113333,2^509113333-1,STRUCTURAL_SCREEN_EXHAUSTED_PRIMALITY_UNASSIGNED,GF3A_DIRECTIONAL_WRITE_EXHAUSTED_PRIMALITY_UNASSIGNED,513,512,512,NO_RECORDED_FACTOR_PRP_OR_LL_RESULT_AND_NO_ACTIVE_GIMPS_ASSIGNMENT,2026-08-09T02:56:41+00:00,UNALLOCATED,,,,,
SLCMP1467-2280,2280,2281,509113391,2^509113391-1,STRUCTURAL_SCREEN_EXHAUSTED_PRIMALITY_UNASSIGNED,GF3A_DIRECTIONAL_WRITE_EXHAUSTED_PRIMALITY_UNASSIGNED,514,512,512,NO_RECORDED_FACTOR_PRP_OR_LL_RESULT_AND_NO_ACTIVE_GIMPS_ASSIGNMENT,2026-08-09T02:56:41+00:00,UNALLOCATED,,,,,
SLCMP1467-2281,2281,2282,509113483,2^509113483-1,STRUCTURAL_SCREEN_EXHAUSTED_PRIMALITY_UNASSIGNED,GF3A_DIRECTIONAL_WRITE_EXHAUSTED_PRIMALITY_UNASSIGNED,514,512,512,NO_RECORDED_FACTOR_PRP_OR_LL_RESULT_AND_NO_ACTIVE_GIMPS_ASSIGNMENT,2026-08-09T02:56:41+00:00,UNALLOCATED,,,,,
SLCMP1467-2282,2282,2283,509113511,2^509113511-1,STRUCTURAL_SCREEN_EXHAUSTED_PRIMALITY_UNASSIGNED,GF3A_DIRECTIONAL_WRITE_EXHAUSTED_PRIMALITY_UNASSIGNED,514,512,512,NO_RECORDED_FACTOR_PRP_OR_LL_RESULT_AND_NO_ACTIVE_GIMPS_ASSIGNMENT,2026-08-09T02:56:41+00:00,UNALLOCATED,,,,,
SLCMP1467-2283,2283,2284,509113567,2^509113567-1,STRUCTURAL_SCREEN_EXHAUSTED_PRIMALITY_UNASSIGNED,GF3A_DIRECTIONAL_WRITE_EXHAUSTED_PRIMALITY_UNASSIGNED,514,512,512,NO_RECORDED_FACTOR_PRP_OR_LL_RESULT_AND_NO_ACTIVE_GIMPS_ASSIGNMENT,2026-08-09T02:56:41+00:00,UNALLOCATED,,,,,
SLCMP1467-2284,2284,2285,509113573,2^509113573-1,STRUCTURAL_SCREEN_EXHAUSTED_PRIMALITY_UNASSIGNED,GF3A_DIRECTIONAL_WRITE_EXHAUSTED_PRIMALITY_UNASSIGNED,513,512,512,NO_RECORDED_FACTOR_PRP_OR_LL_RESULT_AND_NO_ACTIVE_GIMPS_ASSIGNMENT,2026-08-09T02:56:41+00:00,UNALLOCATED,,,,,
SLCMP1467-2285,2285,2286,509113613,2^509113613-1,STRUCTURAL_SCREEN_EXHAUSTED_PRIMALITY_UNASSIGNED,GF3A_DIRECTIONAL_WRITE_EXHAUSTED_PRIMALITY_UNASSIGNED,513,512,512,NO_RECORDED_FACTOR_PRP_OR_LL_RESULT_AND_NO_ACTIVE_GIMPS_ASSIGNMENT,2026-08-09T02:56:41+00:00,UNALLOCATED,,,,,
SLCMP1467-2286,2286,2287,509113639,2^509113639-1,STRUCTURAL_SCREEN_EXHAUSTED_PRIMALITY_UNASSIGNED,GF3A_DIRECTIONAL_WRITE_EXHAUSTED_PRIMALITY_UNASSIGNED,514,512,512,NO_RECORDED_FACTOR_PRP_OR_LL_RESULT_AND_NO_ACTIVE_GIMPS_ASSIGNMENT,2026-08-09T02:56:41+00:00,UNALLOCATED,,,,,
SLCMP1467-2287,2287,2288,509113643,2^509113643-1,STRUCTURAL_SCREEN_EXHAUSTED_PRIMALITY_UNASSIGNED,GF3A_DIRECTIONAL_WRITE_EXHAUSTED_PRIMALITY_UNASSIGNED,514,512,512,NO_RECORDED_FACTOR_PRP_OR_LL_RESULT_AND_NO_ACTIVE_GIMPS_ASSIGNMENT,2026-08-09T02:56:41+00:00,UNALLOCATED,,,,,
SLCMP1467-2288,2288,2289,509113699,2^509113699-1,STRUCTURAL_SCREEN_EXHAUSTED_PRIMALITY_UNASSIGNED,GF3A_DIRECTIONAL_WRITE_EXHAUSTED_PRIMALITY_UNASSIGNED,514,512,512,NO_RECORDED_FACTOR_PRP_OR_LL_RESULT_AND_NO_ACTIVE_GIMPS_ASSIGNMENT,2026-08-09T02:56:41+00:00,UNALLOCATED,,,,,
SLCMP1467-2289,2289,2290,509113733,2^509113733-1,STRUCTURAL_SCREEN_EXHAUSTED_PRIMALITY_UNASSIGNED,GF3A_DIRECTIONAL_WRITE_EXHAUSTED_PRIMALITY_UNASSIGNED,513,512,512,NO_RECORDED_FACTOR_PRP_OR_LL_RESULT_AND_NO_ACTIVE_GIMPS_ASSIGNMENT,2026-08-09T02:56:41+00:00,UNALLOCATED,,,,,
SLCMP1467-2290,2290,2291,509113741,2^509113741-1,STRUCTURAL_SCREEN_EXHAUSTED_PRIMALITY_UNASSIGNED,GF3A_DIRECTIONAL_WRITE_EXHAUSTED_PRIMALITY_UNASSIGNED,513,512,512,NO_RECORDED_FACTOR_PRP_OR_LL_RESULT_AND_NO_ACTIVE_GIMPS_ASSIGNMENT,2026-08-09T02:56:41+00:00,UNALLOCATED,,,,,
SLCMP1467-2291,2291,2292,509113751,2^509113751-1,STRUCTURAL_SCREEN_EXHAUSTED_PRIMALITY_UNASSIGNED,GF3A_DIRECTIONAL_WRITE_EXHAUSTED_PRIMALITY_UNASSIGNED,514,512,512,NO_RECORDED_FACTOR_PRP_OR_LL_RESULT_AND_NO_ACTIVE_GIMPS_ASSIGNMENT,2026-08-09T02:56:41+00:00,UNALLOCATED,,,,,
SLCMP1467-2292,2292,2293,509113867,2^509113867-1,STRUCTURAL_SCREEN_EXHAUSTED_PRIMALITY_UNASSIGNED,GF3A_DIRECTIONAL_WRITE_EXHAUSTED_PRIMALITY_UNASSIGNED,514,512,512,NO_RECORDED_FACTOR_PRP_OR_LL_RESULT_AND_NO_ACTIVE_GIMPS_ASSIGNMENT,2026-08-09T02:56:41+00:00,UNALLOCATED,,,,,
SLCMP1467-2293,2293,2294,509113907,2^509113907-1,STRUCTURAL_SCREEN_EXHAUSTED_PRIMALITY_UNASSIGNED,GF3A_DIRECTIONAL_WRITE_EXHAUSTED_PRIMALITY_UNASSIGNED,514,512,512,NO_RECORDED_FACTOR_PRP_OR_LL_RESULT_AND_NO_ACTIVE_GIMPS_ASSIGNMENT,2026-08-09T02:56:41+00:00,UNALLOCATED,,,,,
SLCMP1467-2294,2294,2295,509113963,2^509113963-1,STRUCTURAL_SCREEN_EXHAUSTED_PRIMALITY_UNASSIGNED,GF3A_DIRECTIONAL_WRITE_EXHAUSTED_PRIMALITY_UNASSIGNED,514,512,512,NO_RECORDED_FACTOR_PRP_OR_LL_RESULT_AND_NO_ACTIVE_GIMPS_ASSIGNMENT,2026-08-09T02:56:41+00:00,UNALLOCATED,,,,,
SLCMP1467-2295,2295,2296,509113967,2^509113967-1,STRUCTURAL_SCREEN_EXHAUSTED_PRIMALITY_UNASSIGNED,GF3A_DIRECTIONAL_WRITE_EXHAUSTED_PRIMALITY_UNASSIGNED,514,512,512,NO_RECORDED_FACTOR_PRP_OR_LL_RESULT_AND_NO_ACTIVE_GIMPS_ASSIGNMENT,2026-08-09T02:56:41+00:00,UNALLOCATED,,,,,
SLCMP1467-2296,2296,2297,509114071,2^509114071-1,STRUCTURAL_SCREEN_EXHAUSTED_PRIMALITY_UNASSIGNED,GF3A_DIRECTIONAL_WRITE_EXHAUSTED_PRIMALITY_UNASSIGNED,514,512,512,NO_RECORDED_FACTOR_PRP_OR_LL_RESULT_AND_NO_ACTIVE_GIMPS_ASSIGNMENT,2026-08-09T02:56:41+00:00,UNALLOCATED,,,,,
SLCMP1467-2297,2297,2298,509114161,2^509114161-1,STRUCTURAL_SCREEN_EXHAUSTED_PRIMALITY_UNASSIGNED,GF3A_DIRECTIONAL_WRITE_EXHAUSTED_PRIMALITY_UNASSIGNED,513,512,512,NO_RECORDED_FACTOR_PRP_OR_LL_RESULT_AND_NO_ACTIVE_GIMPS_ASSIGNMENT,2026-08-09T02:56:41+00:00,UNALLOCATED,,,,,
SLCMP1467-2298,2298,2299,509114189,2^509114189-1,STRUCTURAL_SCREEN_EXHAUSTED_PRIMALITY_UNASSIGNED,GF3A_DIRECTIONAL_WRITE_EXHAUSTED_PRIMALITY_UNASSIGNED,513,512,512,NO_RECORDED_FACTOR_PRP_OR_LL_RESULT_AND_NO_ACTIVE_GIMPS_ASSIGNMENT,2026-08-09T02:56:41+00:00,UNALLOCATED,,,,,
SLCMP1467-2299,2299,2300,509114213,2^509114213-1,STRUCTURAL_SCREEN_EXHAUSTED_PRIMALITY_UNASSIGNED,GF3A_DIRECTIONAL_WRITE_EXHAUSTED_PRIMALITY_UNASSIGNED,513,512,512,NO_RECORDED_FACTOR_PRP_OR_LL_RESULT_AND_NO_ACTIVE_GIMPS_ASSIGNMENT,2026-08-09T02:56:41+00:00,UNALLOCATED,,,,,
SLCMP1467-2300,2300,2301,509114273,2^509114273-1,STRUCTURAL_SCREEN_EXHAUSTED_PRIMALITY_UNASSIGNED,GF3A_DIRECTIONAL_WRITE_EXHAUSTED_PRIMALITY_UNASSIGNED,513,512,512,NO_RECORDED_FACTOR_PRP_OR_LL_RESULT_AND_NO_ACTIVE_GIMPS_ASSIGNMENT,2026-08-09T02:56:41+00:00,UNALLOCATED,,,,,
SLCMP1467-2301,2301,2302,509114303,2^509114303-1,STRUCTURAL_SCREEN_EXHAUSTED_PRIMALITY_UNASSIGNED,GF3A_DIRECTIONAL_WRITE_EXHAUSTED_PRIMALITY_UNASSIGNED,514,512,512,NO_RECORDED_FACTOR_PRP_OR_LL_RESULT_AND_NO_ACTIVE_GIMPS_ASSIGNMENT,2026-08-09T02:56:41+00:00,UNALLOCATED,,,,,
SLCMP1467-2302,2302,2303,509114341,2^509114341-1,STRUCTURAL_SCREEN_EXHAUSTED_PRIMALITY_UNASSIGNED,GF3A_DIRECTIONAL_WRITE_EXHAUSTED_PRIMALITY_UNASSIGNED,513,512,512,NO_RECORDED_FACTOR_PRP_OR_LL_RESULT_AND_NO_ACTIVE_GIMPS_ASSIGNMENT,2026-08-09T02:56:41+00:00,UNALLOCATED,,,,,
SLCMP1467-2303,2303,2304,509114399,2^509114399-1,STRUCTURAL_SCREEN_EXHAUSTED_PRIMALITY_UNASSIGNED,GF3A_DIRECTIONAL_WRITE_EXHAUSTED_PRIMALITY_UNASSIGNED,514,512,512,NO_RECORDED_FACTOR_PRP_OR_LL_RESULT_AND_NO_ACTIVE_GIMPS_ASSIGNMENT,2026-08-09T02:56:41+00:00,UNALLOCATED,,,,,
SLCMP1467-2304,2304,2305,509114423,2^509114423-1,STRUCTURAL_SCREEN_EXHAUSTED_PRIMALITY_UNASSIGNED,GF3A_DIRECTIONAL_WRITE_EXHAUSTED_PRIMALITY_UNASSIGNED,514,512,512,NO_RECORDED_FACTOR_PRP_OR_LL_RESULT_AND_NO_ACTIVE_GIMPS_ASSIGNMENT,2026-08-09T02:56:41+00:00,UNALLOCATED,,,,,
SLCMP1467-2305,2305,2306,509114467,2^509114467-1,STRUCTURAL_SCREEN_EXHAUSTED_PRIMALITY_UNASSIGNED,GF3A_DIRECTIONAL_WRITE_EXHAUSTED_PRIMALITY_UNASSIGNED,514,512,512,NO_RECORDED_FACTOR_PRP_OR_LL_RESULT_AND_NO_ACTIVE_GIMPS_ASSIGNMENT,2026-08-09T02:56:41+00:00,UNALLOCATED,,,,,
SLCMP1467-2306,2306,2307,509114471,2^509114471-1,STRUCTURAL_SCREEN_EXHAUSTED_PRIMALITY_UNASSIGNED,GF3A_DIRECTIONAL_WRITE_EXHAUSTED_PRIMALITY_UNASSIGNED,514,512,512,NO_RECORDED_FACTOR_PRP_OR_LL_RESULT_AND_NO_ACTIVE_GIMPS_ASSIGNMENT,2026-08-09T02:56:41+00:00,UNALLOCATED,,,,,
SLCMP1467-2307,2307,2308,509114579,2^509114579-1,STRUCTURAL_SCREEN_EXHAUSTED_PRIMALITY_UNASSIGNED,GF3A_DIRECTIONAL_WRITE_EXHAUSTED_PRIMALITY_UNASSIGNED,514,512,512,NO_RECORDED_FACTOR_PRP_OR_LL_RESULT_AND_NO_ACTIVE_GIMPS_ASSIGNMENT,2026-08-09T02:56:41+00:00,UNALLOCATED,,,,,
SLCMP1467-2308,2308,2309,509114587,2^509114587-1,STRUCTURAL_SCREEN_EXHAUSTED_PRIMALITY_UNASSIGNED,GF3A_DIRECTIONAL_WRITE_EXHAUSTED_PRIMALITY_UNASSIGNED,514,512,512,NO_RECORDED_FACTOR_PRP_OR_LL_RESULT_AND_NO_ACTIVE_GIMPS_ASSIGNMENT,2026-08-09T02:56:41+00:00,UNALLOCATED,,,,,
SLCMP1467-2309,2309,2310,509114719,2^509114719-1,STRUCTURAL_SCREEN_EXHAUSTED_PRIMALITY_UNASSIGNED,GF3A_DIRECTIONAL_WRITE_EXHAUSTED_PRIMALITY_UNASSIGNED,514,512,512,NO_RECORDED_FACTOR_PRP_OR_LL_RESULT_AND_NO_ACTIVE_GIMPS_ASSIGNMENT,2026-08-09T02:56:41+00:00,UNALLOCATED,,,,,
SLCMP1467-2310,2310,2311,509114761,2^509114761-1,STRUCTURAL_SCREEN_EXHAUSTED_PRIMALITY_UNASSIGNED,GF3A_DIRECTIONAL_WRITE_EXHAUSTED_PRIMALITY_UNASSIGNED,513,512,512,NO_RECORDED_FACTOR_PRP_OR_LL_RESULT_AND_NO_ACTIVE_GIMPS_ASSIGNMENT,2026-08-09T02:56:41+00:00,UNALLOCATED,,,,,
SLCMP1467-2311,2311,2312,509114819,2^509114819-1,STRUCTURAL_SCREEN_EXHAUSTED_PRIMALITY_UNASSIGNED,GF3A_DIRECTIONAL_WRITE_EXHAUSTED_PRIMALITY_UNASSIGNED,514,512,512,NO_RECORDED_FACTOR_PRP_OR_LL_RESULT_AND_NO_ACTIVE_GIMPS_ASSIGNMENT,2026-08-09T02:56:41+00:00,UNALLOCATED,,,,,
SLCMP1467-2312,2312,2313,509114831,2^509114831-1,STRUCTURAL_SCREEN_EXHAUSTED_PRIMALITY_UNASSIGNED,GF3A_DIRECTIONAL_WRITE_EXHAUSTED_PRIMALITY_UNASSIGNED,514,512,512,NO_RECORDED_FACTOR_PRP_OR_LL_RESULT_AND_NO_ACTIVE_GIMPS_ASSIGNMENT,2026-08-09T02:56:41+00:00,UNALLOCATED,,,,,
SLCMP1467-2313,2313,2314,509114839,2^509114839-1,STRUCTURAL_SCREEN_EXHAUSTED_PRIMALITY_UNASSIGNED,GF3A_DIRECTIONAL_WRITE_EXHAUSTED_PRIMALITY_UNASSIGNED,514,512,512,NO_RECORDED_FACTOR_PRP_OR_LL_RESULT_AND_NO_ACTIVE_GIMPS_ASSIGNMENT,2026-08-09T02:56:41+00:00,UNALLOCATED,,,,,
SLCMP1467-2314,2314,2315,509114927,2^509114927-1,STRUCTURAL_SCREEN_EXHAUSTED_PRIMALITY_UNASSIGNED,GF3A_DIRECTIONAL_WRITE_EXHAUSTED_PRIMALITY_UNASSIGNED,514,512,512,NO_RECORDED_FACTOR_PRP_OR_LL_RESULT_AND_NO_ACTIVE_GIMPS_ASSIGNMENT,2026-08-09T02:56:41+00:00,UNALLOCATED,,,,,
SLCMP1467-2315,2315,2316,509115007,2^509115007-1,STRUCTURAL_SCREEN_EXHAUSTED_PRIMALITY_UNASSIGNED,GF3A_DIRECTIONAL_WRITE_EXHAUSTED_PRIMALITY_UNASSIGNED,514,512,512,NO_RECORDED_FACTOR_PRP_OR_LL_RESULT_AND_NO_ACTIVE_GIMPS_ASSIGNMENT,2026-08-09T02:56:41+00:00,UNALLOCATED,,,,,
SLCMP1467-2316,2316,2317,509115011,2^509115011-1,STRUCTURAL_SCREEN_EXHAUSTED_PRIMALITY_UNASSIGNED,GF3A_DIRECTIONAL_WRITE_EXHAUSTED_PRIMALITY_UNASSIGNED,514,512,512,NO_RECORDED_FACTOR_PRP_OR_LL_RESULT_AND_NO_ACTIVE_GIMPS_ASSIGNMENT,2026-08-09T02:56:41+00:00,UNALLOCATED,,,,,
SLCMP1467-2317,2317,2318,509115109,2^509115109-1,STRUCTURAL_SCREEN_EXHAUSTED_PRIMALITY_UNASSIGNED,GF3A_DIRECTIONAL_WRITE_EXHAUSTED_PRIMALITY_UNASSIGNED,513,512,512,NO_RECORDED_FACTOR_PRP_OR_LL_RESULT_AND_NO_ACTIVE_GIMPS_ASSIGNMENT,2026-08-09T02:56:41+00:00,UNALLOCATED,,,,,
SLCMP1467-2318,2318,2319,509115199,2^509115199-1,STRUCTURAL_SCREEN_EXHAUSTED_PRIMALITY_UNASSIGNED,GF3A_DIRECTIONAL_WRITE_EXHAUSTED_PRIMALITY_UNASSIGNED,514,512,512,NO_RECORDED_FACTOR_PRP_OR_LL_RESULT_AND_NO_ACTIVE_GIMPS_ASSIGNMENT,2026-08-09T02:56:41+00:00,UNALLOCATED,,,,,
SLCMP1467-2319,2319,2320,509115253,2^509115253-1,STRUCTURAL_SCREEN_EXHAUSTED_PRIMALITY_UNASSIGNED,GF3A_DIRECTIONAL_WRITE_EXHAUSTED_PRIMALITY_UNASSIGNED,513,512,512,NO_RECORDED_FACTOR_PRP_OR_LL_RESULT_AND_NO_ACTIVE_GIMPS_ASSIGNMENT,2026-08-09T02:56:41+00:00,UNALLOCATED,,,,,
SLCMP1467-2320,2320,2321,509115289,2^509115289-1,STRUCTURAL_SCREEN_EXHAUSTED_PRIMALITY_UNASSIGNED,GF3A_DIRECTIONAL_WRITE_EXHAUSTED_PRIMALITY_UNASSIGNED,513,512,512,NO_RECORDED_FACTOR_PRP_OR_LL_RESULT_AND_NO_ACTIVE_GIMPS_ASSIGNMENT,2026-08-09T02:56:41+00:00,UNALLOCATED,,,,,
SLCMP1467-2321,2321,2322,509115293,2^509115293-1,STRUCTURAL_SCREEN_EXHAUSTED_PRIMALITY_UNASSIGNED,GF3A_DIRECTIONAL_WRITE_EXHAUSTED_PRIMALITY_UNASSIGNED,513,512,512,NO_RECORDED_FACTOR_PRP_OR_LL_RESULT_AND_NO_ACTIVE_GIMPS_ASSIGNMENT,2026-08-09T02:56:41+00:00,UNALLOCATED,,,,,
SLCMP1467-2322,2322,2323,509115311,2^509115311-1,STRUCTURAL_SCREEN_EXHAUSTED_PRIMALITY_UNASSIGNED,GF3A_DIRECTIONAL_WRITE_EXHAUSTED_PRIMALITY_UNASSIGNED,514,512,512,NO_RECORDED_FACTOR_PRP_OR_LL_RESULT_AND_NO_ACTIVE_GIMPS_ASSIGNMENT,2026-08-09T02:56:41+00:00,UNALLOCATED,,,,,
SLCMP1467-2323,2323,2324,509115323,2^509115323-1,STRUCTURAL_SCREEN_EXHAUSTED_PRIMALITY_UNASSIGNED,GF3A_DIRECTIONAL_WRITE_EXHAUSTED_PRIMALITY_UNASSIGNED,514,512,512,NO_RECORDED_FACTOR_PRP_OR_LL_RESULT_AND_NO_ACTIVE_GIMPS_ASSIGNMENT,2026-08-09T02:56:41+00:00,UNALLOCATED,,,,,
SLCMP1467-2324,2324,2325,509115377,2^509115377-1,STRUCTURAL_SCREEN_EXHAUSTED_PRIMALITY_UNASSIGNED,GF3A_DIRECTIONAL_WRITE_EXHAUSTED_PRIMALITY_UNASSIGNED,513,512,512,NO_RECORDED_FACTOR_PRP_OR_LL_RESULT_AND_NO_ACTIVE_GIMPS_ASSIGNMENT,2026-08-09T02:56:41+00:00,UNALLOCATED,,,,,
SLCMP1467-2325,2325,2326,509115413,2^509115413-1,STRUCTURAL_SCREEN_EXHAUSTED_PRIMALITY_UNASSIGNED,GF3A_DIRECTIONAL_WRITE_EXHAUSTED_PRIMALITY_UNASSIGNED,513,512,512,NO_RECORDED_FACTOR_PRP_OR_LL_RESULT_AND_NO_ACTIVE_GIMPS_ASSIGNMENT,2026-08-09T02:56:41+00:00,UNALLOCATED,,,,,
SLCMP1467-2326,2326,2327,509115457,2^509115457-1,STRUCTURAL_SCREEN_EXHAUSTED_PRIMALITY_UNASSIGNED,GF3A_DIRECTIONAL_WRITE_EXHAUSTED_PRIMALITY_UNASSIGNED,513,512,512,NO_RECORDED_FACTOR_PRP_OR_LL_RESULT_AND_NO_ACTIVE_GIMPS_ASSIGNMENT,2026-08-09T02:56:41+00:00,UNALLOCATED,,,,,
SLCMP1467-2327,2327,2328,509115553,2^509115553-1,STRUCTURAL_SCREEN_EXHAUSTED_PRIMALITY_UNASSIGNED,GF3A_DIRECTIONAL_WRITE_EXHAUSTED_PRIMALITY_UNASSIGNED,513,512,512,NO_RECORDED_FACTOR_PRP_OR_LL_RESULT_AND_NO_ACTIVE_GIMPS_ASSIGNMENT,2026-08-09T02:56:41+00:00,UNALLOCATED,,,,,
SLCMP1467-2328,2328,2329,509115601,2^509115601-1,STRUCTURAL_SCREEN_EXHAUSTED_PRIMALITY_UNASSIGNED,GF3A_DIRECTIONAL_WRITE_EXHAUSTED_PRIMALITY_UNASSIGNED,513,512,512,NO_RECORDED_FACTOR_PRP_OR_LL_RESULT_AND_NO_ACTIVE_GIMPS_ASSIGNMENT,2026-08-09T02:56:41+00:00,UNALLOCATED,,,,,
SLCMP1467-2329,2329,2330,509115683,2^509115683-1,STRUCTURAL_SCREEN_EXHAUSTED_PRIMALITY_UNASSIGNED,GF3A_DIRECTIONAL_WRITE_EXHAUSTED_PRIMALITY_UNASSIGNED,514,512,512,NO_RECORDED_FACTOR_PRP_OR_LL_RESULT_AND_NO_ACTIVE_GIMPS_ASSIGNMENT,2026-08-09T02:56:41+00:00,UNALLOCATED,,,,,
SLCMP1467-2330,2330,2331,509115707,2^509115707-1,STRUCTURAL_SCREEN_EXHAUSTED_PRIMALITY_UNASSIGNED,GF3A_DIRECTIONAL_WRITE_EXHAUSTED_PRIMALITY_UNASSIGNED,514,512,512,NO_RECORDED_FACTOR_PRP_OR_LL_RESULT_AND_NO_ACTIVE_GIMPS_ASSIGNMENT,2026-08-09T02:56:41+00:00,UNALLOCATED,,,,,
SLCMP1467-2331,2331,2332,509115709,2^509115709-1,STRUCTURAL_SCREEN_EXHAUSTED_PRIMALITY_UNASSIGNED,GF3A_DIRECTIONAL_WRITE_EXHAUSTED_PRIMALITY_UNASSIGNED,513,512,512,NO_RECORDED_FACTOR_PRP_OR_LL_RESULT_AND_NO_ACTIVE_GIMPS_ASSIGNMENT,2026-08-09T02:56:41+00:00,UNALLOCATED,,,,,
SLCMP1467-2332,2332,2333,509115727,2^509115727-1,STRUCTURAL_SCREEN_EXHAUSTED_PRIMALITY_UNASSIGNED,GF3A_DIRECTIONAL_WRITE_EXHAUSTED_PRIMALITY_UNASSIGNED,514,512,512,NO_RECORDED_FACTOR_PRP_OR_LL_RESULT_AND_NO_ACTIVE_GIMPS_ASSIGNMENT,2026-08-09T02:56:41+00:00,UNALLOCATED,,,,,
SLCMP1467-2333,2333,2334,509115791,2^509115791-1,STRUCTURAL_SCREEN_EXHAUSTED_PRIMALITY_UNASSIGNED,GF3A_DIRECTIONAL_WRITE_EXHAUSTED_PRIMALITY_UNASSIGNED,514,512,512,NO_RECORDED_FACTOR_PRP_OR_LL_RESULT_AND_NO_ACTIVE_GIMPS_ASSIGNMENT,2026-08-09T02:56:41+00:00,UNALLOCATED,,,,,
SLCMP1467-2334,2334,2335,509115877,2^509115877-1,STRUCTURAL_SCREEN_EXHAUSTED_PRIMALITY_UNASSIGNED,GF3A_DIRECTIONAL_WRITE_EXHAUSTED_PRIMALITY_UNASSIGNED,513,512,512,NO_RECORDED_FACTOR_PRP_OR_LL_RESULT_AND_NO_ACTIVE_GIMPS_ASSIGNMENT,2026-08-09T02:56:41+00:00,UNALLOCATED,,,,,
SLCMP1467-2335,2335,2336,509115907,2^509115907-1,STRUCTURAL_SCREEN_EXHAUSTED_PRIMALITY_UNASSIGNED,GF3A_DIRECTIONAL_WRITE_EXHAUSTED_PRIMALITY_UNASSIGNED,514,512,512,NO_RECORDED_FACTOR_PRP_OR_LL_RESULT_AND_NO_ACTIVE_GIMPS_ASSIGNMENT,2026-08-09T02:56:41+00:00,UNALLOCATED,,,,,
SLCMP1467-2336,2336,2337,509115923,2^509115923-1,STRUCTURAL_SCREEN_EXHAUSTED_PRIMALITY_UNASSIGNED,GF3A_DIRECTIONAL_WRITE_EXHAUSTED_PRIMALITY_UNASSIGNED,514,512,512,NO_RECORDED_FACTOR_PRP_OR_LL_RESULT_AND_NO_ACTIVE_GIMPS_ASSIGNMENT,2026-08-09T02:56:41+00:00,UNALLOCATED,,,,,
SLCMP1467-2337,2337,2338,509116031,2^509116031-1,STRUCTURAL_SCREEN_EXHAUSTED_PRIMALITY_UNASSIGNED,GF3A_DIRECTIONAL_WRITE_EXHAUSTED_PRIMALITY_UNASSIGNED,514,512,512,NO_RECORDED_FACTOR_PRP_OR_LL_RESULT_AND_NO_ACTIVE_GIMPS_ASSIGNMENT,2026-08-09T02:56:41+00:00,UNALLOCATED,,,,,
SLCMP1467-2338,2338,2339,509116243,2^509116243-1,STRUCTURAL_SCREEN_EXHAUSTED_PRIMALITY_UNASSIGNED,GF3A_DIRECTIONAL_WRITE_EXHAUSTED_PRIMALITY_UNASSIGNED,514,512,512,NO_RECORDED_FACTOR_PRP_OR_LL_RESULT_AND_NO_ACTIVE_GIMPS_ASSIGNMENT,2026-08-09T02:56:41+00:00,UNALLOCATED,,,,,
SLCMP1467-2339,2339,2340,509116277,2^509116277-1,STRUCTURAL_SCREEN_EXHAUSTED_PRIMALITY_UNASSIGNED,GF3A_DIRECTIONAL_WRITE_EXHAUSTED_PRIMALITY_UNASSIGNED,513,512,512,NO_RECORDED_FACTOR_PRP_OR_LL_RESULT_AND_NO_ACTIVE_GIMPS_ASSIGNMENT,2026-08-09T02:56:41+00:00,UNALLOCATED,,,,,
SLCMP1467-2340,2340,2341,509116297,2^509116297-1,STRUCTURAL_SCREEN_EXHAUSTED_PRIMALITY_UNASSIGNED,GF3A_DIRECTIONAL_WRITE_EXHAUSTED_PRIMALITY_UNASSIGNED,513,512,512,NO_RECORDED_FACTOR_PRP_OR_LL_RESULT_AND_NO_ACTIVE_GIMPS_ASSIGNMENT,2026-08-09T02:56:41+00:00,UNALLOCATED,,,,,
SLCMP1467-2341,2341,2342,509116423,2^509116423-1,STRUCTURAL_SCREEN_EXHAUSTED_PRIMALITY_UNASSIGNED,GF3A_DIRECTIONAL_WRITE_EXHAUSTED_PRIMALITY_UNASSIGNED,514,512,512,NO_RECORDED_FACTOR_PRP_OR_LL_RESULT_AND_NO_ACTIVE_GIMPS_ASSIGNMENT,2026-08-09T02:56:41+00:00,UNALLOCATED,,,,,
SLCMP1467-2342,2342,2343,509116429,2^509116429-1,STRUCTURAL_SCREEN_EXHAUSTED_PRIMALITY_UNASSIGNED,GF3A_DIRECTIONAL_WRITE_EXHAUSTED_PRIMALITY_UNASSIGNED,513,512,512,NO_RECORDED_FACTOR_PRP_OR_LL_RESULT_AND_NO_ACTIVE_GIMPS_ASSIGNMENT,2026-08-09T02:56:41+00:00,UNALLOCATED,,,,,
SLCMP1467-2343,2343,2344,509116481,2^509116481-1,STRUCTURAL_SCREEN_EXHAUSTED_PRIMALITY_UNASSIGNED,GF3A_DIRECTIONAL_WRITE_EXHAUSTED_PRIMALITY_UNASSIGNED,513,512,512,NO_RECORDED_FACTOR_PRP_OR_LL_RESULT_AND_NO_ACTIVE_GIMPS_ASSIGNMENT,2026-08-09T02:56:41+00:00,UNALLOCATED,,,,,
SLCMP1467-2344,2344,2345,509116499,2^509116499-1,STRUCTURAL_SCREEN_EXHAUSTED_PRIMALITY_UNASSIGNED,GF3A_DIRECTIONAL_WRITE_EXHAUSTED_PRIMALITY_UNASSIGNED,514,512,512,NO_RECORDED_FACTOR_PRP_OR_LL_RESULT_AND_NO_ACTIVE_GIMPS_ASSIGNMENT,2026-08-09T02:56:41+00:00,UNALLOCATED,,,,,
SLCMP1467-2345,2345,2346,509116541,2^509116541-1,STRUCTURAL_SCREEN_EXHAUSTED_PRIMALITY_UNASSIGNED,GF3A_DIRECTIONAL_WRITE_EXHAUSTED_PRIMALITY_UNASSIGNED,513,512,512,NO_RECORDED_FACTOR_PRP_OR_LL_RESULT_AND_NO_ACTIVE_GIMPS_ASSIGNMENT,2026-08-09T02:56:41+00:00,UNALLOCATED,,,,,
SLCMP1467-2346,2346,2347,509116607,2^509116607-1,STRUCTURAL_SCREEN_EXHAUSTED_PRIMALITY_UNASSIGNED,GF3A_DIRECTIONAL_WRITE_EXHAUSTED_PRIMALITY_UNASSIGNED,514,512,512,NO_RECORDED_FACTOR_PRP_OR_LL_RESULT_AND_NO_ACTIVE_GIMPS_ASSIGNMENT,2026-08-09T02:56:41+00:00,UNALLOCATED,,,,,
SLCMP1467-2347,2347,2348,509116613,2^509116613-1,STRUCTURAL_SCREEN_EXHAUSTED_PRIMALITY_UNASSIGNED,GF3A_DIRECTIONAL_WRITE_EXHAUSTED_PRIMALITY_UNASSIGNED,513,512,512,NO_RECORDED_FACTOR_PRP_OR_LL_RESULT_AND_NO_ACTIVE_GIMPS_ASSIGNMENT,2026-08-09T02:56:41+00:00,UNALLOCATED,,,,,
SLCMP1467-2348,2348,2349,509116651,2^509116651-1,STRUCTURAL_SCREEN_EXHAUSTED_PRIMALITY_UNASSIGNED,GF3A_DIRECTIONAL_WRITE_EXHAUSTED_PRIMALITY_UNASSIGNED,514,512,512,NO_RECORDED_FACTOR_PRP_OR_LL_RESULT_AND_NO_ACTIVE_GIMPS_ASSIGNMENT,2026-08-09T02:56:41+00:00,UNALLOCATED,,,,,
SLCMP1467-2349,2349,2350,509116667,2^509116667-1,STRUCTURAL_SCREEN_EXHAUSTED_PRIMALITY_UNASSIGNED,GF3A_DIRECTIONAL_WRITE_EXHAUSTED_PRIMALITY_UNASSIGNED,514,512,512,NO_RECORDED_FACTOR_PRP_OR_LL_RESULT_AND_NO_ACTIVE_GIMPS_ASSIGNMENT,2026-08-09T02:56:41+00:00,UNALLOCATED,,,,,
SLCMP1467-2350,2350,2351,509116703,2^509116703-1,STRUCTURAL_SCREEN_EXHAUSTED_PRIMALITY_UNASSIGNED,GF3A_DIRECTIONAL_WRITE_EXHAUSTED_PRIMALITY_UNASSIGNED,514,512,512,NO_RECORDED_FACTOR_PRP_OR_LL_RESULT_AND_NO_ACTIVE_GIMPS_ASSIGNMENT,2026-08-09T02:56:41+00:00,UNALLOCATED,,,,,
SLCMP1467-2351,2351,2352,509116763,2^509116763-1,STRUCTURAL_SCREEN_EXHAUSTED_PRIMALITY_UNASSIGNED,GF3A_DIRECTIONAL_WRITE_EXHAUSTED_PRIMALITY_UNASSIGNED,514,512,512,NO_RECORDED_FACTOR_PRP_OR_LL_RESULT_AND_NO_ACTIVE_GIMPS_ASSIGNMENT,2026-08-09T02:56:41+00:00,UNALLOCATED,,,,,
SLCMP1467-2352,2352,2353,509116847,2^509116847-1,STRUCTURAL_SCREEN_EXHAUSTED_PRIMALITY_UNASSIGNED,GF3A_DIRECTIONAL_WRITE_EXHAUSTED_PRIMALITY_UNASSIGNED,514,512,512,NO_RECORDED_FACTOR_PRP_OR_LL_RESULT_AND_NO_ACTIVE_GIMPS_ASSIGNMENT,2026-08-09T02:56:41+00:00,UNALLOCATED,,,,,
SLCMP1467-2353,2353,2354,509116877,2^509116877-1,STRUCTURAL_SCREEN_EXHAUSTED_PRIMALITY_UNASSIGNED,GF3A_DIRECTIONAL_WRITE_EXHAUSTED_PRIMALITY_UNASSIGNED,513,512,512,NO_RECORDED_FACTOR_PRP_OR_LL_RESULT_AND_NO_ACTIVE_GIMPS_ASSIGNMENT,2026-08-09T02:56:41+00:00,UNALLOCATED,,,,,
SLCMP1467-2354,2354,2355,509116889,2^509116889-1,STRUCTURAL_SCREEN_EXHAUSTED_PRIMALITY_UNASSIGNED,GF3A_DIRECTIONAL_WRITE_EXHAUSTED_PRIMALITY_UNASSIGNED,513,512,512,NO_RECORDED_FACTOR_PRP_OR_LL_RESULT_AND_NO_ACTIVE_GIMPS_ASSIGNMENT,2026-08-09T02:56:41+00:00,UNALLOCATED,,,,,
SLCMP1467-2355,2355,2356,509116903,2^509116903-1,STRUCTURAL_SCREEN_EXHAUSTED_PRIMALITY_UNASSIGNED,GF3A_DIRECTIONAL_WRITE_EXHAUSTED_PRIMALITY_UNASSIGNED,514,512,512,NO_RECORDED_FACTOR_PRP_OR_LL_RESULT_AND_NO_ACTIVE_GIMPS_ASSIGNMENT,2026-08-09T02:56:41+00:00,UNALLOCATED,,,,,
SLCMP1467-2356,2356,2357,509116939,2^509116939-1,STRUCTURAL_SCREEN_EXHAUSTED_PRIMALITY_UNASSIGNED,GF3A_DIRECTIONAL_WRITE_EXHAUSTED_PRIMALITY_UNASSIGNED,514,512,512,NO_RECORDED_FACTOR_PRP_OR_LL_RESULT_AND_NO_ACTIVE_GIMPS_ASSIGNMENT,2026-08-09T02:56:41+00:00,UNALLOCATED,,,,,
SLCMP1467-2357,2357,2358,509116943,2^509116943-1,STRUCTURAL_SCREEN_EXHAUSTED_PRIMALITY_UNASSIGNED,GF3A_DIRECTIONAL_WRITE_EXHAUSTED_PRIMALITY_UNASSIGNED,514,512,512,NO_RECORDED_FACTOR_PRP_OR_LL_RESULT_AND_NO_ACTIVE_GIMPS_ASSIGNMENT,2026-08-09T02:56:41+00:00,UNALLOCATED,,,,,
SLCMP1467-2358,2358,2359,509116961,2^509116961-1,STRUCTURAL_SCREEN_EXHAUSTED_PRIMALITY_UNASSIGNED,GF3A_DIRECTIONAL_WRITE_EXHAUSTED_PRIMALITY_UNASSIGNED,513,512,512,NO_RECORDED_FACTOR_PRP_OR_LL_RESULT_AND_NO_ACTIVE_GIMPS_ASSIGNMENT,2026-08-09T02:56:41+00:00,UNALLOCATED,,,,,
SLCMP1467-2359,2359,2360,509116973,2^509116973-1,STRUCTURAL_SCREEN_EXHAUSTED_PRIMALITY_UNASSIGNED,GF3A_DIRECTIONAL_WRITE_EXHAUSTED_PRIMALITY_UNASSIGNED,513,512,512,NO_RECORDED_FACTOR_PRP_OR_LL_RESULT_AND_NO_ACTIVE_GIMPS_ASSIGNMENT,2026-08-09T02:56:41+00:00,UNALLOCATED,,,,,
SLCMP1467-2360,2360,2361,509117009,2^509117009-1,STRUCTURAL_SCREEN_EXHAUSTED_PRIMALITY_UNASSIGNED,GF3A_DIRECTIONAL_WRITE_EXHAUSTED_PRIMALITY_UNASSIGNED,513,512,512,NO_RECORDED_FACTOR_PRP_OR_LL_RESULT_AND_NO_ACTIVE_GIMPS_ASSIGNMENT,2026-08-09T02:56:41+00:00,UNALLOCATED,,,,,
SLCMP1467-2361,2361,2362,509117039,2^509117039-1,STRUCTURAL_SCREEN_EXHAUSTED_PRIMALITY_UNASSIGNED,GF3A_DIRECTIONAL_WRITE_EXHAUSTED_PRIMALITY_UNASSIGNED,514,512,512,NO_RECORDED_FACTOR_PRP_OR_LL_RESULT_AND_NO_ACTIVE_GIMPS_ASSIGNMENT,2026-08-09T02:56:41+00:00,UNALLOCATED,,,,,
SLCMP1467-2362,2362,2363,509117087,2^509117087-1,STRUCTURAL_SCREEN_EXHAUSTED_PRIMALITY_UNASSIGNED,GF3A_DIRECTIONAL_WRITE_EXHAUSTED_PRIMALITY_UNASSIGNED,514,512,512,NO_RECORDED_FACTOR_PRP_OR_LL_RESULT_AND_NO_ACTIVE_GIMPS_ASSIGNMENT,2026-08-09T02:56:41+00:00,UNALLOCATED,,,,,
SLCMP1467-2363,2363,2364,509117129,2^509117129-1,STRUCTURAL_SCREEN_EXHAUSTED_PRIMALITY_UNASSIGNED,GF3A_DIRECTIONAL_WRITE_EXHAUSTED_PRIMALITY_UNASSIGNED,513,512,512,NO_RECORDED_FACTOR_PRP_OR_LL_RESULT_AND_NO_ACTIVE_GIMPS_ASSIGNMENT,2026-08-09T02:56:41+00:00,UNALLOCATED,,,,,
SLCMP1467-2364,2364,2365,509117153,2^509117153-1,STRUCTURAL_SCREEN_EXHAUSTED_PRIMALITY_UNASSIGNED,GF3A_DIRECTIONAL_WRITE_EXHAUSTED_PRIMALITY_UNASSIGNED,513,512,512,NO_RECORDED_FACTOR_PRP_OR_LL_RESULT_AND_NO_ACTIVE_GIMPS_ASSIGNMENT,2026-08-09T02:56:41+00:00,UNALLOCATED,,,,,
SLCMP1467-2365,2365,2366,509117171,2^509117171-1,STRUCTURAL_SCREEN_EXHAUSTED_PRIMALITY_UNASSIGNED,GF3A_DIRECTIONAL_WRITE_EXHAUSTED_PRIMALITY_UNASSIGNED,514,512,512,NO_RECORDED_FACTOR_PRP_OR_LL_RESULT_AND_NO_ACTIVE_GIMPS_ASSIGNMENT,2026-08-09T02:56:41+00:00,UNALLOCATED,,,,,
SLCMP1467-2366,2366,2367,509117197,2^509117197-1,STRUCTURAL_SCREEN_EXHAUSTED_PRIMALITY_UNASSIGNED,GF3A_DIRECTIONAL_WRITE_EXHAUSTED_PRIMALITY_UNASSIGNED,513,512,512,NO_RECORDED_FACTOR_PRP_OR_LL_RESULT_AND_NO_ACTIVE_GIMPS_ASSIGNMENT,2026-08-09T02:56:41+00:00,UNALLOCATED,,,,,
SLCMP1467-2367,2367,2368,509117227,2^509117227-1,STRUCTURAL_SCREEN_EXHAUSTED_PRIMALITY_UNASSIGNED,GF3A_DIRECTIONAL_WRITE_EXHAUSTED_PRIMALITY_UNASSIGNED,514,512,512,NO_RECORDED_FACTOR_PRP_OR_LL_RESULT_AND_NO_ACTIVE_GIMPS_ASSIGNMENT,2026-08-09T02:56:41+00:00,UNALLOCATED,,,,,
SLCMP1467-2368,2368,2369,509117239,2^509117239-1,STRUCTURAL_SCREEN_EXHAUSTED_PRIMALITY_UNASSIGNED,GF3A_DIRECTIONAL_WRITE_EXHAUSTED_PRIMALITY_UNASSIGNED,514,512,512,NO_RECORDED_FACTOR_PRP_OR_LL_RESULT_AND_NO_ACTIVE_GIMPS_ASSIGNMENT,2026-08-09T02:56:41+00:00,UNALLOCATED,,,,,
SLCMP1467-2369,2369,2370,509117347,2^509117347-1,STRUCTURAL_SCREEN_EXHAUSTED_PRIMALITY_UNASSIGNED,GF3A_DIRECTIONAL_WRITE_EXHAUSTED_PRIMALITY_UNASSIGNED,514,512,512,NO_RECORDED_FACTOR_PRP_OR_LL_RESULT_AND_NO_ACTIVE_GIMPS_ASSIGNMENT,2026-08-09T02:56:41+00:00,UNALLOCATED,,,,,
SLCMP1467-2370,2370,2371,509117353,2^509117353-1,STRUCTURAL_SCREEN_EXHAUSTED_PRIMALITY_UNASSIGNED,GF3A_DIRECTIONAL_WRITE_EXHAUSTED_PRIMALITY_UNASSIGNED,513,512,512,NO_RECORDED_FACTOR_PRP_OR_LL_RESULT_AND_NO_ACTIVE_GIMPS_ASSIGNMENT,2026-08-09T02:56:41+00:00,UNALLOCATED,,,,,
SLCMP1467-2371,2371,2372,509117423,2^509117423-1,STRUCTURAL_SCREEN_EXHAUSTED_PRIMALITY_UNASSIGNED,GF3A_DIRECTIONAL_WRITE_EXHAUSTED_PRIMALITY_UNASSIGNED,514,512,512,NO_RECORDED_FACTOR_PRP_OR_LL_RESULT_AND_NO_ACTIVE_GIMPS_ASSIGNMENT,2026-08-09T02:56:41+00:00,UNALLOCATED,,,,,
SLCMP1467-2372,2372,2373,509117501,2^509117501-1,STRUCTURAL_SCREEN_EXHAUSTED_PRIMALITY_UNASSIGNED,GF3A_DIRECTIONAL_WRITE_EXHAUSTED_PRIMALITY_UNASSIGNED,513,512,512,NO_RECORDED_FACTOR_PRP_OR_LL_RESULT_AND_NO_ACTIVE_GIMPS_ASSIGNMENT,2026-08-09T02:56:41+00:00,UNALLOCATED,,,,,
SLCMP1467-2373,2373,2374,509117563,2^509117563-1,STRUCTURAL_SCREEN_EXHAUSTED_PRIMALITY_UNASSIGNED,GF3A_DIRECTIONAL_WRITE_EXHAUSTED_PRIMALITY_UNASSIGNED,514,512,512,NO_RECORDED_FACTOR_PRP_OR_LL_RESULT_AND_NO_ACTIVE_GIMPS_ASSIGNMENT,2026-08-09T02:56:41+00:00,UNALLOCATED,,,,,
SLCMP1467-2374,2374,2375,509117569,2^509117569-1,STRUCTURAL_SCREEN_EXHAUSTED_PRIMALITY_UNASSIGNED,GF3A_DIRECTIONAL_WRITE_EXHAUSTED_PRIMALITY_UNASSIGNED,513,512,512,NO_RECORDED_FACTOR_PRP_OR_LL_RESULT_AND_NO_ACTIVE_GIMPS_ASSIGNMENT,2026-08-09T02:56:41+00:00,UNALLOCATED,,,,,
SLCMP1467-2375,2375,2376,509117603,2^509117603-1,STRUCTURAL_SCREEN_EXHAUSTED_PRIMALITY_UNASSIGNED,GF3A_DIRECTIONAL_WRITE_EXHAUSTED_PRIMALITY_UNASSIGNED,514,512,512,NO_RECORDED_FACTOR_PRP_OR_LL_RESULT_AND_NO_ACTIVE_GIMPS_ASSIGNMENT,2026-08-09T02:56:41+00:00,UNALLOCATED,,,,,
SLCMP1467-2376,2376,2377,509117701,2^509117701-1,STRUCTURAL_SCREEN_EXHAUSTED_PRIMALITY_UNASSIGNED,GF3A_DIRECTIONAL_WRITE_EXHAUSTED_PRIMALITY_UNASSIGNED,513,512,512,NO_RECORDED_FACTOR_PRP_OR_LL_RESULT_AND_NO_ACTIVE_GIMPS_ASSIGNMENT,2026-08-09T02:56:41+00:00,UNALLOCATED,,,,,
SLCMP1467-2377,2377,2378,509117723,2^509117723-1,STRUCTURAL_SCREEN_EXHAUSTED_PRIMALITY_UNASSIGNED,GF3A_DIRECTIONAL_WRITE_EXHAUSTED_PRIMALITY_UNASSIGNED,514,512,512,NO_RECORDED_FACTOR_PRP_OR_LL_RESULT_AND_NO_ACTIVE_GIMPS_ASSIGNMENT,2026-08-09T02:56:41+00:00,UNALLOCATED,,,,,
SLCMP1467-2378,2378,2379,509117753,2^509117753-1,STRUCTURAL_SCREEN_EXHAUSTED_PRIMALITY_UNASSIGNED,GF3A_DIRECTIONAL_WRITE_EXHAUSTED_PRIMALITY_UNASSIGNED,513,512,512,NO_RECORDED_FACTOR_PRP_OR_LL_RESULT_AND_NO_ACTIVE_GIMPS_ASSIGNMENT,2026-08-09T02:56:41+00:00,UNALLOCATED,,,,,
SLCMP1467-2379,2379,2380,509117801,2^509117801-1,STRUCTURAL_SCREEN_EXHAUSTED_PRIMALITY_UNASSIGNED,GF3A_DIRECTIONAL_WRITE_EXHAUSTED_PRIMALITY_UNASSIGNED,513,512,512,NO_RECORDED_FACTOR_PRP_OR_LL_RESULT_AND_NO_ACTIVE_GIMPS_ASSIGNMENT,2026-08-09T02:56:41+00:00,UNALLOCATED,,,,,
SLCMP1467-2380,2380,2381,509117821,2^509117821-1,STRUCTURAL_SCREEN_EXHAUSTED_PRIMALITY_UNASSIGNED,GF3A_DIRECTIONAL_WRITE_EXHAUSTED_PRIMALITY_UNASSIGNED,513,512,512,NO_RECORDED_FACTOR_PRP_OR_LL_RESULT_AND_NO_ACTIVE_GIMPS_ASSIGNMENT,2026-08-09T02:56:41+00:00,UNALLOCATED,,,,,
SLCMP1467-2381,2381,2382,509117837,2^509117837-1,STRUCTURAL_SCREEN_EXHAUSTED_PRIMALITY_UNASSIGNED,GF3A_DIRECTIONAL_WRITE_EXHAUSTED_PRIMALITY_UNASSIGNED,513,512,512,NO_RECORDED_FACTOR_PRP_OR_LL_RESULT_AND_NO_ACTIVE_GIMPS_ASSIGNMENT,2026-08-09T02:56:41+00:00,UNALLOCATED,,,,,
SLCMP1467-2382,2382,2383,509117899,2^509117899-1,STRUCTURAL_SCREEN_EXHAUSTED_PRIMALITY_UNASSIGNED,GF3A_DIRECTIONAL_WRITE_EXHAUSTED_PRIMALITY_UNASSIGNED,514,512,512,NO_RECORDED_FACTOR_PRP_OR_LL_RESULT_AND_NO_ACTIVE_GIMPS_ASSIGNMENT,2026-08-09T02:56:41+00:00,UNALLOCATED,,,,,
SLCMP1467-2383,2383,2384,509117911,2^509117911-1,STRUCTURAL_SCREEN_EXHAUSTED_PRIMALITY_UNASSIGNED,GF3A_DIRECTIONAL_WRITE_EXHAUSTED_PRIMALITY_UNASSIGNED,514,512,512,NO_RECORDED_FACTOR_PRP_OR_LL_RESULT_AND_NO_ACTIVE_GIMPS_ASSIGNMENT,2026-08-09T02:56:41+00:00,UNALLOCATED,,,,,
SLCMP1467-2384,2384,2385,509117927,2^509117927-1,STRUCTURAL_SCREEN_EXHAUSTED_PRIMALITY_UNASSIGNED,GF3A_DIRECTIONAL_WRITE_EXHAUSTED_PRIMALITY_UNASSIGNED,514,512,512,NO_RECORDED_FACTOR_PRP_OR_LL_RESULT_AND_NO_ACTIVE_GIMPS_ASSIGNMENT,2026-08-09T02:56:41+00:00,UNALLOCATED,,,,,
SLCMP1467-2385,2385,2386,509118089,2^509118089-1,STRUCTURAL_SCREEN_EXHAUSTED_PRIMALITY_UNASSIGNED,GF3A_DIRECTIONAL_WRITE_EXHAUSTED_PRIMALITY_UNASSIGNED,513,512,512,NO_RECORDED_FACTOR_PRP_OR_LL_RESULT_AND_NO_ACTIVE_GIMPS_ASSIGNMENT,2026-08-09T02:56:41+00:00,UNALLOCATED,,,,,
SLCMP1467-2386,2386,2387,509118121,2^509118121-1,STRUCTURAL_SCREEN_EXHAUSTED_PRIMALITY_UNASSIGNED,GF3A_DIRECTIONAL_WRITE_EXHAUSTED_PRIMALITY_UNASSIGNED,513,512,512,NO_RECORDED_FACTOR_PRP_OR_LL_RESULT_AND_NO_ACTIVE_GIMPS_ASSIGNMENT,2026-08-09T02:56:41+00:00,UNALLOCATED,,,,,
SLCMP1467-2387,2387,2388,509118149,2^509118149-1,STRUCTURAL_SCREEN_EXHAUSTED_PRIMALITY_UNASSIGNED,GF3A_DIRECTIONAL_WRITE_EXHAUSTED_PRIMALITY_UNASSIGNED,513,512,512,NO_RECORDED_FACTOR_PRP_OR_LL_RESULT_AND_NO_ACTIVE_GIMPS_ASSIGNMENT,2026-08-09T02:56:41+00:00,UNALLOCATED,,,,,
SLCMP1467-2388,2388,2389,509118199,2^509118199-1,STRUCTURAL_SCREEN_EXHAUSTED_PRIMALITY_UNASSIGNED,GF3A_DIRECTIONAL_WRITE_EXHAUSTED_PRIMALITY_UNASSIGNED,514,512,512,NO_RECORDED_FACTOR_PRP_OR_LL_RESULT_AND_NO_ACTIVE_GIMPS_ASSIGNMENT,2026-08-09T02:56:41+00:00,UNALLOCATED,,,,,
SLCMP1467-2389,2389,2390,509118343,2^509118343-1,STRUCTURAL_SCREEN_EXHAUSTED_PRIMALITY_UNASSIGNED,GF3A_DIRECTIONAL_WRITE_EXHAUSTED_PRIMALITY_UNASSIGNED,514,512,512,NO_RECORDED_FACTOR_PRP_OR_LL_RESULT_AND_NO_ACTIVE_GIMPS_ASSIGNMENT,2026-08-09T02:56:41+00:00,UNALLOCATED,,,,,
SLCMP1467-2390,2390,2391,509118439,2^509118439-1,STRUCTURAL_SCREEN_EXHAUSTED_PRIMALITY_UNASSIGNED,GF3A_DIRECTIONAL_WRITE_EXHAUSTED_PRIMALITY_UNASSIGNED,514,512,512,NO_RECORDED_FACTOR_PRP_OR_LL_RESULT_AND_NO_ACTIVE_GIMPS_ASSIGNMENT,2026-08-09T02:56:41+00:00,UNALLOCATED,,,,,
SLCMP1467-2391,2391,2392,509118473,2^509118473-1,STRUCTURAL_SCREEN_EXHAUSTED_PRIMALITY_UNASSIGNED,GF3A_DIRECTIONAL_WRITE_EXHAUSTED_PRIMALITY_UNASSIGNED,513,512,512,NO_RECORDED_FACTOR_PRP_OR_LL_RESULT_AND_NO_ACTIVE_GIMPS_ASSIGNMENT,2026-08-09T02:56:41+00:00,UNALLOCATED,,,,,
SLCMP1467-2392,2392,2393,509118481,2^509118481-1,STRUCTURAL_SCREEN_EXHAUSTED_PRIMALITY_UNASSIGNED,GF3A_DIRECTIONAL_WRITE_EXHAUSTED_PRIMALITY_UNASSIGNED,513,512,512,NO_RECORDED_FACTOR_PRP_OR_LL_RESULT_AND_NO_ACTIVE_GIMPS_ASSIGNMENT,2026-08-09T02:56:41+00:00,UNALLOCATED,,,,,
SLCMP1467-2393,2393,2394,509118503,2^509118503-1,STRUCTURAL_SCREEN_EXHAUSTED_PRIMALITY_UNASSIGNED,GF3A_DIRECTIONAL_WRITE_EXHAUSTED_PRIMALITY_UNASSIGNED,514,512,512,NO_RECORDED_FACTOR_PRP_OR_LL_RESULT_AND_NO_ACTIVE_GIMPS_ASSIGNMENT,2026-08-09T02:56:41+00:00,UNALLOCATED,,,,,
SLCMP1467-2394,2394,2395,509118529,2^509118529-1,STRUCTURAL_SCREEN_EXHAUSTED_PRIMALITY_UNASSIGNED,GF3A_DIRECTIONAL_WRITE_EXHAUSTED_PRIMALITY_UNASSIGNED,513,512,512,NO_RECORDED_FACTOR_PRP_OR_LL_RESULT_AND_NO_ACTIVE_GIMPS_ASSIGNMENT,2026-08-09T02:56:41+00:00,UNALLOCATED,,,,,
SLCMP1467-2395,2395,2396,509118541,2^509118541-1,STRUCTURAL_SCREEN_EXHAUSTED_PRIMALITY_UNASSIGNED,GF3A_DIRECTIONAL_WRITE_EXHAUSTED_PRIMALITY_UNASSIGNED,513,512,512,NO_RECORDED_FACTOR_PRP_OR_LL_RESULT_AND_NO_ACTIVE_GIMPS_ASSIGNMENT,2026-08-09T02:56:41+00:00,UNALLOCATED,,,,,
SLCMP1467-2396,2396,2397,509118691,2^509118691-1,STRUCTURAL_SCREEN_EXHAUSTED_PRIMALITY_UNASSIGNED,GF3A_DIRECTIONAL_WRITE_EXHAUSTED_PRIMALITY_UNASSIGNED,514,512,512,NO_RECORDED_FACTOR_PRP_OR_LL_RESULT_AND_NO_ACTIVE_GIMPS_ASSIGNMENT,2026-08-09T02:56:41+00:00,UNALLOCATED,,,,,
SLCMP1467-2397,2397,2398,509118811,2^509118811-1,STRUCTURAL_SCREEN_EXHAUSTED_PRIMALITY_UNASSIGNED,GF3A_DIRECTIONAL_WRITE_EXHAUSTED_PRIMALITY_UNASSIGNED,514,512,512,NO_RECORDED_FACTOR_PRP_OR_LL_RESULT_AND_NO_ACTIVE_GIMPS_ASSIGNMENT,2026-08-09T02:56:41+00:00,UNALLOCATED,,,,,
SLCMP1467-2398,2398,2399,509118877,2^509118877-1,STRUCTURAL_SCREEN_EXHAUSTED_PRIMALITY_UNASSIGNED,GF3A_DIRECTIONAL_WRITE_EXHAUSTED_PRIMALITY_UNASSIGNED,513,512,512,NO_RECORDED_FACTOR_PRP_OR_LL_RESULT_AND_NO_ACTIVE_GIMPS_ASSIGNMENT,2026-08-09T02:56:41+00:00,UNALLOCATED,,,,,
SLCMP1467-2399,2399,2400,509118887,2^509118887-1,STRUCTURAL_SCREEN_EXHAUSTED_PRIMALITY_UNASSIGNED,GF3A_DIRECTIONAL_WRITE_EXHAUSTED_PRIMALITY_UNASSIGNED,514,512,512,NO_RECORDED_FACTOR_PRP_OR_LL_RESULT_AND_NO_ACTIVE_GIMPS_ASSIGNMENT,2026-08-09T02:56:41+00:00,UNALLOCATED,,,,,
SLCMP1467-2400,2400,2401,509118931,2^509118931-1,STRUCTURAL_SCREEN_EXHAUSTED_PRIMALITY_UNASSIGNED,GF3A_DIRECTIONAL_WRITE_EXHAUSTED_PRIMALITY_UNASSIGNED,514,512,512,NO_RECORDED_FACTOR_PRP_OR_LL_RESULT_AND_NO_ACTIVE_GIMPS_ASSIGNMENT,2026-08-09T02:56:41+00:00,UNALLOCATED,,,,,
SLCMP1467-2401,2401,2402,509118959,2^509118959-1,STRUCTURAL_SCREEN_EXHAUSTED_PRIMALITY_UNASSIGNED,GF3A_DIRECTIONAL_WRITE_EXHAUSTED_PRIMALITY_UNASSIGNED,514,512,512,NO_RECORDED_FACTOR_PRP_OR_LL_RESULT_AND_NO_ACTIVE_GIMPS_ASSIGNMENT,2026-08-09T02:56:41+00:00,UNALLOCATED,,,,,
SLCMP1467-2402,2402,2403,509118977,2^509118977-1,STRUCTURAL_SCREEN_EXHAUSTED_PRIMALITY_UNASSIGNED,GF3A_DIRECTIONAL_WRITE_EXHAUSTED_PRIMALITY_UNASSIGNED,513,512,512,NO_RECORDED_FACTOR_PRP_OR_LL_RESULT_AND_NO_ACTIVE_GIMPS_ASSIGNMENT,2026-08-09T02:56:41+00:00,UNALLOCATED,,,,,
SLCMP1467-2403,2403,2404,509119063,2^509119063-1,STRUCTURAL_SCREEN_EXHAUSTED_PRIMALITY_UNASSIGNED,GF3A_DIRECTIONAL_WRITE_EXHAUSTED_PRIMALITY_UNASSIGNED,514,512,512,NO_RECORDED_FACTOR_PRP_OR_LL_RESULT_AND_NO_ACTIVE_GIMPS_ASSIGNMENT,2026-08-09T02:56:41+00:00,UNALLOCATED,,,,,
SLCMP1467-2404,2404,2405,509119067,2^509119067-1,STRUCTURAL_SCREEN_EXHAUSTED_PRIMALITY_UNASSIGNED,GF3A_DIRECTIONAL_WRITE_EXHAUSTED_PRIMALITY_UNASSIGNED,514,512,512,NO_RECORDED_FACTOR_PRP_OR_LL_RESULT_AND_NO_ACTIVE_GIMPS_ASSIGNMENT,2026-08-09T02:56:41+00:00,UNALLOCATED,,,,,
SLCMP1467-2405,2405,2406,509119123,2^509119123-1,STRUCTURAL_SCREEN_EXHAUSTED_PRIMALITY_UNASSIGNED,GF3A_DIRECTIONAL_WRITE_EXHAUSTED_PRIMALITY_UNASSIGNED,514,512,512,NO_RECORDED_FACTOR_PRP_OR_LL_RESULT_AND_NO_ACTIVE_GIMPS_ASSIGNMENT,2026-08-09T02:56:41+00:00,UNALLOCATED,,,,,
SLCMP1467-2406,2406,2407,509119159,2^509119159-1,STRUCTURAL_SCREEN_EXHAUSTED_PRIMALITY_UNASSIGNED,GF3A_DIRECTIONAL_WRITE_EXHAUSTED_PRIMALITY_UNASSIGNED,514,512,512,NO_RECORDED_FACTOR_PRP_OR_LL_RESULT_AND_NO_ACTIVE_GIMPS_ASSIGNMENT,2026-08-09T02:56:41+00:00,UNALLOCATED,,,,,
SLCMP1467-2407,2407,2408,509119187,2^509119187-1,STRUCTURAL_SCREEN_EXHAUSTED_PRIMALITY_UNASSIGNED,GF3A_DIRECTIONAL_WRITE_EXHAUSTED_PRIMALITY_UNASSIGNED,514,512,512,NO_RECORDED_FACTOR_PRP_OR_LL_RESULT_AND_NO_ACTIVE_GIMPS_ASSIGNMENT,2026-08-09T02:56:41+00:00,UNALLOCATED,,,,,
SLCMP1467-2408,2408,2409,509119199,2^509119199-1,STRUCTURAL_SCREEN_EXHAUSTED_PRIMALITY_UNASSIGNED,GF3A_DIRECTIONAL_WRITE_EXHAUSTED_PRIMALITY_UNASSIGNED,514,512,512,NO_RECORDED_FACTOR_PRP_OR_LL_RESULT_AND_NO_ACTIVE_GIMPS_ASSIGNMENT,2026-08-09T02:56:41+00:00,UNALLOCATED,,,,,
SLCMP1467-2409,2409,2410,509119207,2^509119207-1,STRUCTURAL_SCREEN_EXHAUSTED_PRIMALITY_UNASSIGNED,GF3A_DIRECTIONAL_WRITE_EXHAUSTED_PRIMALITY_UNASSIGNED,514,512,512,NO_RECORDED_FACTOR_PRP_OR_LL_RESULT_AND_NO_ACTIVE_GIMPS_ASSIGNMENT,2026-08-09T02:56:41+00:00,UNALLOCATED,,,,,
SLCMP1467-2410,2410,2411,509119217,2^509119217-1,STRUCTURAL_SCREEN_EXHAUSTED_PRIMALITY_UNASSIGNED,GF3A_DIRECTIONAL_WRITE_EXHAUSTED_PRIMALITY_UNASSIGNED,513,512,512,NO_RECORDED_FACTOR_PRP_OR_LL_RESULT_AND_NO_ACTIVE_GIMPS_ASSIGNMENT,2026-08-09T02:56:41+00:00,UNALLOCATED,,,,,
SLCMP1467-2411,2411,2412,509119243,2^509119243-1,STRUCTURAL_SCREEN_EXHAUSTED_PRIMALITY_UNASSIGNED,GF3A_DIRECTIONAL_WRITE_EXHAUSTED_PRIMALITY_UNASSIGNED,514,512,512,NO_RECORDED_FACTOR_PRP_OR_LL_RESULT_AND_NO_ACTIVE_GIMPS_ASSIGNMENT,2026-08-09T02:56:41+00:00,UNALLOCATED,,,,,
SLCMP1467-2412,2412,2413,509119291,2^509119291-1,STRUCTURAL_SCREEN_EXHAUSTED_PRIMALITY_UNASSIGNED,GF3A_DIRECTIONAL_WRITE_EXHAUSTED_PRIMALITY_UNASSIGNED,514,512,512,NO_RECORDED_FACTOR_PRP_OR_LL_RESULT_AND_NO_ACTIVE_GIMPS_ASSIGNMENT,2026-08-09T02:56:41+00:00,UNALLOCATED,,,,,
SLCMP1467-2413,2413,2414,509119363,2^509119363-1,STRUCTURAL_SCREEN_EXHAUSTED_PRIMALITY_UNASSIGNED,GF3A_DIRECTIONAL_WRITE_EXHAUSTED_PRIMALITY_UNASSIGNED,514,512,512,NO_RECORDED_FACTOR_PRP_OR_LL_RESULT_AND_NO_ACTIVE_GIMPS_ASSIGNMENT,2026-08-09T02:56:41+00:00,UNALLOCATED,,,,,
SLCMP1467-2414,2414,2415,509119393,2^509119393-1,STRUCTURAL_SCREEN_EXHAUSTED_PRIMALITY_UNASSIGNED,GF3A_DIRECTIONAL_WRITE_EXHAUSTED_PRIMALITY_UNASSIGNED,513,512,512,NO_RECORDED_FACTOR_PRP_OR_LL_RESULT_AND_NO_ACTIVE_GIMPS_ASSIGNMENT,2026-08-09T02:56:41+00:00,UNALLOCATED,,,,,
SLCMP1467-2415,2415,2416,509119409,2^509119409-1,STRUCTURAL_SCREEN_EXHAUSTED_PRIMALITY_UNASSIGNED,GF3A_DIRECTIONAL_WRITE_EXHAUSTED_PRIMALITY_UNASSIGNED,513,512,512,NO_RECORDED_FACTOR_PRP_OR_LL_RESULT_AND_NO_ACTIVE_GIMPS_ASSIGNMENT,2026-08-09T02:56:41+00:00,UNALLOCATED,,,,,
SLCMP1467-2416,2416,2417,509119423,2^509119423-1,STRUCTURAL_SCREEN_EXHAUSTED_PRIMALITY_UNASSIGNED,GF3A_DIRECTIONAL_WRITE_EXHAUSTED_PRIMALITY_UNASSIGNED,514,512,512,NO_RECORDED_FACTOR_PRP_OR_LL_RESULT_AND_NO_ACTIVE_GIMPS_ASSIGNMENT,2026-08-09T02:56:41+00:00,UNALLOCATED,,,,,
SLCMP1467-2417,2417,2418,509119543,2^509119543-1,STRUCTURAL_SCREEN_EXHAUSTED_PRIMALITY_UNASSIGNED,GF3A_DIRECTIONAL_WRITE_EXHAUSTED_PRIMALITY_UNASSIGNED,514,512,512,NO_RECORDED_FACTOR_PRP_OR_LL_RESULT_AND_NO_ACTIVE_GIMPS_ASSIGNMENT,2026-08-09T02:56:41+00:00,UNALLOCATED,,,,,
SLCMP1467-2418,2418,2419,509119781,2^509119781-1,STRUCTURAL_SCREEN_EXHAUSTED_PRIMALITY_UNASSIGNED,GF3A_DIRECTIONAL_WRITE_EXHAUSTED_PRIMALITY_UNASSIGNED,513,512,512,NO_RECORDED_FACTOR_PRP_OR_LL_RESULT_AND_NO_ACTIVE_GIMPS_ASSIGNMENT,2026-08-09T02:56:41+00:00,UNALLOCATED,,,,,
SLCMP1467-2419,2419,2420,509119823,2^509119823-1,STRUCTURAL_SCREEN_EXHAUSTED_PRIMALITY_UNASSIGNED,GF3A_DIRECTIONAL_WRITE_EXHAUSTED_PRIMALITY_UNASSIGNED,514,512,512,NO_RECORDED_FACTOR_PRP_OR_LL_RESULT_AND_NO_ACTIVE_GIMPS_ASSIGNMENT,2026-08-09T02:56:41+00:00,UNALLOCATED,,,,,
SLCMP1467-2420,2420,2421,509119843,2^509119843-1,STRUCTURAL_SCREEN_EXHAUSTED_PRIMALITY_UNASSIGNED,GF3A_DIRECTIONAL_WRITE_EXHAUSTED_PRIMALITY_UNASSIGNED,514,512,512,NO_RECORDED_FACTOR_PRP_OR_LL_RESULT_AND_NO_ACTIVE_GIMPS_ASSIGNMENT,2026-08-09T02:56:41+00:00,UNALLOCATED,,,,,
SLCMP1467-2421,2421,2422,509119873,2^509119873-1,STRUCTURAL_SCREEN_EXHAUSTED_PRIMALITY_UNASSIGNED,GF3A_DIRECTIONAL_WRITE_EXHAUSTED_PRIMALITY_UNASSIGNED,513,512,512,NO_RECORDED_FACTOR_PRP_OR_LL_RESULT_AND_NO_ACTIVE_GIMPS_ASSIGNMENT,2026-08-09T02:56:41+00:00,UNALLOCATED,,,,,
SLCMP1467-2422,2422,2423,509119901,2^509119901-1,STRUCTURAL_SCREEN_EXHAUSTED_PRIMALITY_UNASSIGNED,GF3A_DIRECTIONAL_WRITE_EXHAUSTED_PRIMALITY_UNASSIGNED,513,512,512,NO_RECORDED_FACTOR_PRP_OR_LL_RESULT_AND_NO_ACTIVE_GIMPS_ASSIGNMENT,2026-08-09T02:56:41+00:00,UNALLOCATED,,,,,
SLCMP1467-2423,2423,2424,509119903,2^509119903-1,STRUCTURAL_SCREEN_EXHAUSTED_PRIMALITY_UNASSIGNED,GF3A_DIRECTIONAL_WRITE_EXHAUSTED_PRIMALITY_UNASSIGNED,514,512,512,NO_RECORDED_FACTOR_PRP_OR_LL_RESULT_AND_NO_ACTIVE_GIMPS_ASSIGNMENT,2026-08-09T02:56:41+00:00,UNALLOCATED,,,,,
SLCMP1467-2424,2424,2425,509119987,2^509119987-1,STRUCTURAL_SCREEN_EXHAUSTED_PRIMALITY_UNASSIGNED,GF3A_DIRECTIONAL_WRITE_EXHAUSTED_PRIMALITY_UNASSIGNED,514,512,512,NO_RECORDED_FACTOR_PRP_OR_LL_RESULT_AND_NO_ACTIVE_GIMPS_ASSIGNMENT,2026-08-09T02:56:41+00:00,UNALLOCATED,,,,,
SLCMP1467-2425,2425,2426,509120107,2^509120107-1,STRUCTURAL_SCREEN_EXHAUSTED_PRIMALITY_UNASSIGNED,GF3A_DIRECTIONAL_WRITE_EXHAUSTED_PRIMALITY_UNASSIGNED,514,512,512,NO_RECORDED_FACTOR_PRP_OR_LL_RESULT_AND_NO_ACTIVE_GIMPS_ASSIGNMENT,2026-08-09T02:56:41+00:00,UNALLOCATED,,,,,
SLCMP1467-2426,2426,2427,509120141,2^509120141-1,STRUCTURAL_SCREEN_EXHAUSTED_PRIMALITY_UNASSIGNED,GF3A_DIRECTIONAL_WRITE_EXHAUSTED_PRIMALITY_UNASSIGNED,513,512,512,NO_RECORDED_FACTOR_PRP_OR_LL_RESULT_AND_NO_ACTIVE_GIMPS_ASSIGNMENT,2026-08-09T02:56:41+00:00,UNALLOCATED,,,,,
SLCMP1467-2427,2427,2428,509120167,2^509120167-1,STRUCTURAL_SCREEN_EXHAUSTED_PRIMALITY_UNASSIGNED,GF3A_DIRECTIONAL_WRITE_EXHAUSTED_PRIMALITY_UNASSIGNED,514,512,512,NO_RECORDED_FACTOR_PRP_OR_LL_RESULT_AND_NO_ACTIVE_GIMPS_ASSIGNMENT,2026-08-09T02:56:41+00:00,UNALLOCATED,,,,,
SLCMP1467-2428,2428,2429,509120189,2^509120189-1,STRUCTURAL_SCREEN_EXHAUSTED_PRIMALITY_UNASSIGNED,GF3A_DIRECTIONAL_WRITE_EXHAUSTED_PRIMALITY_UNASSIGNED,513,512,512,NO_RECORDED_FACTOR_PRP_OR_LL_RESULT_AND_NO_ACTIVE_GIMPS_ASSIGNMENT,2026-08-09T02:56:41+00:00,UNALLOCATED,,,,,
SLCMP1467-2429,2429,2430,509120321,2^509120321-1,STRUCTURAL_SCREEN_EXHAUSTED_PRIMALITY_UNASSIGNED,GF3A_DIRECTIONAL_WRITE_EXHAUSTED_PRIMALITY_UNASSIGNED,513,512,512,NO_RECORDED_FACTOR_PRP_OR_LL_RESULT_AND_NO_ACTIVE_GIMPS_ASSIGNMENT,2026-08-09T02:56:41+00:00,UNALLOCATED,,,,,
SLCMP1467-2430,2430,2431,509120389,2^509120389-1,STRUCTURAL_SCREEN_EXHAUSTED_PRIMALITY_UNASSIGNED,GF3A_DIRECTIONAL_WRITE_EXHAUSTED_PRIMALITY_UNASSIGNED,513,512,512,NO_RECORDED_FACTOR_PRP_OR_LL_RESULT_AND_NO_ACTIVE_GIMPS_ASSIGNMENT,2026-08-09T02:56:41+00:00,UNALLOCATED,,,,,
SLCMP1467-2431,2431,2432,509120441,2^509120441-1,STRUCTURAL_SCREEN_EXHAUSTED_PRIMALITY_UNASSIGNED,GF3A_DIRECTIONAL_WRITE_EXHAUSTED_PRIMALITY_UNASSIGNED,513,512,512,NO_RECORDED_FACTOR_PRP_OR_LL_RESULT_AND_NO_ACTIVE_GIMPS_ASSIGNMENT,2026-08-09T02:56:41+00:00,UNALLOCATED,,,,,
SLCMP1467-2432,2432,2433,509120449,2^509120449-1,STRUCTURAL_SCREEN_EXHAUSTED_PRIMALITY_UNASSIGNED,GF3A_DIRECTIONAL_WRITE_EXHAUSTED_PRIMALITY_UNASSIGNED,513,512,512,NO_RECORDED_FACTOR_PRP_OR_LL_RESULT_AND_NO_ACTIVE_GIMPS_ASSIGNMENT,2026-08-09T02:56:41+00:00,UNALLOCATED,,,,,
SLCMP1467-2433,2433,2434,509120503,2^509120503-1,STRUCTURAL_SCREEN_EXHAUSTED_PRIMALITY_UNASSIGNED,GF3A_DIRECTIONAL_WRITE_EXHAUSTED_PRIMALITY_UNASSIGNED,514,512,512,NO_RECORDED_FACTOR_PRP_OR_LL_RESULT_AND_NO_ACTIVE_GIMPS_ASSIGNMENT,2026-08-09T02:56:41+00:00,UNALLOCATED,,,,,
SLCMP1467-2434,2434,2435,509120519,2^509120519-1,STRUCTURAL_SCREEN_EXHAUSTED_PRIMALITY_UNASSIGNED,GF3A_DIRECTIONAL_WRITE_EXHAUSTED_PRIMALITY_UNASSIGNED,514,512,512,NO_RECORDED_FACTOR_PRP_OR_LL_RESULT_AND_NO_ACTIVE_GIMPS_ASSIGNMENT,2026-08-09T02:56:41+00:00,UNALLOCATED,,,,,
SLCMP1467-2435,2435,2436,509120551,2^509120551-1,STRUCTURAL_SCREEN_EXHAUSTED_PRIMALITY_UNASSIGNED,GF3A_DIRECTIONAL_WRITE_EXHAUSTED_PRIMALITY_UNASSIGNED,514,512,512,NO_RECORDED_FACTOR_PRP_OR_LL_RESULT_AND_NO_ACTIVE_GIMPS_ASSIGNMENT,2026-08-09T02:56:41+00:00,UNALLOCATED,,,,,
SLCMP1467-2436,2436,2437,509120753,2^509120753-1,STRUCTURAL_SCREEN_EXHAUSTED_PRIMALITY_UNASSIGNED,GF3A_DIRECTIONAL_WRITE_EXHAUSTED_PRIMALITY_UNASSIGNED,513,512,512,NO_RECORDED_FACTOR_PRP_OR_LL_RESULT_AND_NO_ACTIVE_GIMPS_ASSIGNMENT,2026-08-09T02:56:41+00:00,UNALLOCATED,,,,,
SLCMP1467-2437,2437,2438,509120767,2^509120767-1,STRUCTURAL_SCREEN_EXHAUSTED_PRIMALITY_UNASSIGNED,GF3A_DIRECTIONAL_WRITE_EXHAUSTED_PRIMALITY_UNASSIGNED,514,512,512,NO_RECORDED_FACTOR_PRP_OR_LL_RESULT_AND_NO_ACTIVE_GIMPS_ASSIGNMENT,2026-08-09T02:56:41+00:00,UNALLOCATED,,,,,
SLCMP1467-2438,2438,2439,509120783,2^509120783-1,STRUCTURAL_SCREEN_EXHAUSTED_PRIMALITY_UNASSIGNED,GF3A_DIRECTIONAL_WRITE_EXHAUSTED_PRIMALITY_UNASSIGNED,514,512,512,NO_RECORDED_FACTOR_PRP_OR_LL_RESULT_AND_NO_ACTIVE_GIMPS_ASSIGNMENT,2026-08-09T02:56:41+00:00,UNALLOCATED,,,,,
SLCMP1467-2439,2439,2440,509120803,2^509120803-1,STRUCTURAL_SCREEN_EXHAUSTED_PRIMALITY_UNASSIGNED,GF3A_DIRECTIONAL_WRITE_EXHAUSTED_PRIMALITY_UNASSIGNED,514,512,512,NO_RECORDED_FACTOR_PRP_OR_LL_RESULT_AND_NO_ACTIVE_GIMPS_ASSIGNMENT,2026-08-09T02:56:41+00:00,UNALLOCATED,,,,,
SLCMP1467-2440,2440,2441,509120831,2^509120831-1,STRUCTURAL_SCREEN_EXHAUSTED_PRIMALITY_UNASSIGNED,GF3A_DIRECTIONAL_WRITE_EXHAUSTED_PRIMALITY_UNASSIGNED,514,512,512,NO_RECORDED_FACTOR_PRP_OR_LL_RESULT_AND_NO_ACTIVE_GIMPS_ASSIGNMENT,2026-08-09T02:56:41+00:00,UNALLOCATED,,,,,
SLCMP1467-2441,2441,2442,509120849,2^509120849-1,STRUCTURAL_SCREEN_EXHAUSTED_PRIMALITY_UNASSIGNED,GF3A_DIRECTIONAL_WRITE_EXHAUSTED_PRIMALITY_UNASSIGNED,513,512,512,NO_RECORDED_FACTOR_PRP_OR_LL_RESULT_AND_NO_ACTIVE_GIMPS_ASSIGNMENT,2026-08-09T02:56:41+00:00,UNALLOCATED,,,,,
SLCMP1467-2442,2442,2443,509120881,2^509120881-1,STRUCTURAL_SCREEN_EXHAUSTED_PRIMALITY_UNASSIGNED,GF3A_DIRECTIONAL_WRITE_EXHAUSTED_PRIMALITY_UNASSIGNED,513,512,512,NO_RECORDED_FACTOR_PRP_OR_LL_RESULT_AND_NO_ACTIVE_GIMPS_ASSIGNMENT,2026-08-09T02:56:41+00:00,UNALLOCATED,,,,,
SLCMP1467-2443,2443,2444,509120959,2^509120959-1,STRUCTURAL_SCREEN_EXHAUSTED_PRIMALITY_UNASSIGNED,GF3A_DIRECTIONAL_WRITE_EXHAUSTED_PRIMALITY_UNASSIGNED,514,512,512,NO_RECORDED_FACTOR_PRP_OR_LL_RESULT_AND_NO_ACTIVE_GIMPS_ASSIGNMENT,2026-08-09T02:56:41+00:00,UNALLOCATED,,,,,
SLCMP1467-2444,2444,2445,509120977,2^509120977-1,STRUCTURAL_SCREEN_EXHAUSTED_PRIMALITY_UNASSIGNED,GF3A_DIRECTIONAL_WRITE_EXHAUSTED_PRIMALITY_UNASSIGNED,513,512,512,NO_RECORDED_FACTOR_PRP_OR_LL_RESULT_AND_NO_ACTIVE_GIMPS_ASSIGNMENT,2026-08-09T02:56:41+00:00,UNALLOCATED,,,,,
SLCMP1467-2445,2445,2446,509120987,2^509120987-1,STRUCTURAL_SCREEN_EXHAUSTED_PRIMALITY_UNASSIGNED,GF3A_DIRECTIONAL_WRITE_EXHAUSTED_PRIMALITY_UNASSIGNED,514,512,512,NO_RECORDED_FACTOR_PRP_OR_LL_RESULT_AND_NO_ACTIVE_GIMPS_ASSIGNMENT,2026-08-09T02:56:41+00:00,UNALLOCATED,,,,,
SLCMP1467-2446,2446,2447,509121037,2^509121037-1,STRUCTURAL_SCREEN_EXHAUSTED_PRIMALITY_UNASSIGNED,GF3A_DIRECTIONAL_WRITE_EXHAUSTED_PRIMALITY_UNASSIGNED,513,512,512,NO_RECORDED_FACTOR_PRP_OR_LL_RESULT_AND_NO_ACTIVE_GIMPS_ASSIGNMENT,2026-08-09T02:56:41+00:00,UNALLOCATED,,,,,
SLCMP1467-2447,2447,2448,509121047,2^509121047-1,STRUCTURAL_SCREEN_EXHAUSTED_PRIMALITY_UNASSIGNED,GF3A_DIRECTIONAL_WRITE_EXHAUSTED_PRIMALITY_UNASSIGNED,514,512,512,NO_RECORDED_FACTOR_PRP_OR_LL_RESULT_AND_NO_ACTIVE_GIMPS_ASSIGNMENT,2026-08-09T02:56:41+00:00,UNALLOCATED,,,,,
SLCMP1467-2448,2448,2449,509121059,2^509121059-1,STRUCTURAL_SCREEN_EXHAUSTED_PRIMALITY_UNASSIGNED,GF3A_DIRECTIONAL_WRITE_EXHAUSTED_PRIMALITY_UNASSIGNED,514,512,512,NO_RECORDED_FACTOR_PRP_OR_LL_RESULT_AND_NO_ACTIVE_GIMPS_ASSIGNMENT,2026-08-09T02:56:41+00:00,UNALLOCATED,,,,,
SLCMP1467-2449,2449,2450,509121257,2^509121257-1,STRUCTURAL_SCREEN_EXHAUSTED_PRIMALITY_UNASSIGNED,GF3A_DIRECTIONAL_WRITE_EXHAUSTED_PRIMALITY_UNASSIGNED,513,512,512,NO_RECORDED_FACTOR_PRP_OR_LL_RESULT_AND_NO_ACTIVE_GIMPS_ASSIGNMENT,2026-08-09T02:56:41+00:00,UNALLOCATED,,,,,
SLCMP1467-2450,2450,2451,509121259,2^509121259-1,STRUCTURAL_SCREEN_EXHAUSTED_PRIMALITY_UNASSIGNED,GF3A_DIRECTIONAL_WRITE_EXHAUSTED_PRIMALITY_UNASSIGNED,514,512,512,NO_RECORDED_FACTOR_PRP_OR_LL_RESULT_AND_NO_ACTIVE_GIMPS_ASSIGNMENT,2026-08-09T02:56:41+00:00,UNALLOCATED,,,,,
SLCMP1467-2451,2451,2452,509121317,2^509121317-1,STRUCTURAL_SCREEN_EXHAUSTED_PRIMALITY_UNASSIGNED,GF3A_DIRECTIONAL_WRITE_EXHAUSTED_PRIMALITY_UNASSIGNED,513,512,512,NO_RECORDED_FACTOR_PRP_OR_LL_RESULT_AND_NO_ACTIVE_GIMPS_ASSIGNMENT,2026-08-09T02:56:41+00:00,UNALLOCATED,,,,,
SLCMP1467-2452,2452,2453,509121341,2^509121341-1,STRUCTURAL_SCREEN_EXHAUSTED_PRIMALITY_UNASSIGNED,GF3A_DIRECTIONAL_WRITE_EXHAUSTED_PRIMALITY_UNASSIGNED,513,512,512,NO_RECORDED_FACTOR_PRP_OR_LL_RESULT_AND_NO_ACTIVE_GIMPS_ASSIGNMENT,2026-08-09T02:56:41+00:00,UNALLOCATED,,,,,
SLCMP1467-2453,2453,2454,509121367,2^509121367-1,STRUCTURAL_SCREEN_EXHAUSTED_PRIMALITY_UNASSIGNED,GF3A_DIRECTIONAL_WRITE_EXHAUSTED_PRIMALITY_UNASSIGNED,514,512,512,NO_RECORDED_FACTOR_PRP_OR_LL_RESULT_AND_NO_ACTIVE_GIMPS_ASSIGNMENT,2026-08-09T02:56:41+00:00,UNALLOCATED,,,,,
SLCMP1467-2454,2454,2455,509121407,2^509121407-1,STRUCTURAL_SCREEN_EXHAUSTED_PRIMALITY_UNASSIGNED,GF3A_DIRECTIONAL_WRITE_EXHAUSTED_PRIMALITY_UNASSIGNED,514,512,512,NO_RECORDED_FACTOR_PRP_OR_LL_RESULT_AND_NO_ACTIVE_GIMPS_ASSIGNMENT,2026-08-09T02:56:41+00:00,UNALLOCATED,,,,,
SLCMP1467-2455,2455,2456,509121479,2^509121479-1,STRUCTURAL_SCREEN_EXHAUSTED_PRIMALITY_UNASSIGNED,GF3A_DIRECTIONAL_WRITE_EXHAUSTED_PRIMALITY_UNASSIGNED,514,512,512,NO_RECORDED_FACTOR_PRP_OR_LL_RESULT_AND_NO_ACTIVE_GIMPS_ASSIGNMENT,2026-08-09T02:56:41+00:00,UNALLOCATED,,,,,
SLCMP1467-2456,2456,2457,509121499,2^509121499-1,STRUCTURAL_SCREEN_EXHAUSTED_PRIMALITY_UNASSIGNED,GF3A_DIRECTIONAL_WRITE_EXHAUSTED_PRIMALITY_UNASSIGNED,514,512,512,NO_RECORDED_FACTOR_PRP_OR_LL_RESULT_AND_NO_ACTIVE_GIMPS_ASSIGNMENT,2026-08-09T02:56:41+00:00,UNALLOCATED,,,,,
SLCMP1467-2457,2457,2458,509121533,2^509121533-1,STRUCTURAL_SCREEN_EXHAUSTED_PRIMALITY_UNASSIGNED,GF3A_DIRECTIONAL_WRITE_EXHAUSTED_PRIMALITY_UNASSIGNED,513,512,512,NO_RECORDED_FACTOR_PRP_OR_LL_RESULT_AND_NO_ACTIVE_GIMPS_ASSIGNMENT,2026-08-09T02:56:41+00:00,UNALLOCATED,,,,,
SLCMP1467-2458,2458,2459,509121619,2^509121619-1,STRUCTURAL_SCREEN_EXHAUSTED_PRIMALITY_UNASSIGNED,GF3A_DIRECTIONAL_WRITE_EXHAUSTED_PRIMALITY_UNASSIGNED,514,512,512,NO_RECORDED_FACTOR_PRP_OR_LL_RESULT_AND_NO_ACTIVE_GIMPS_ASSIGNMENT,2026-08-09T02:56:41+00:00,UNALLOCATED,,,,,
SLCMP1467-2459,2459,2460,509121643,2^509121643-1,STRUCTURAL_SCREEN_EXHAUSTED_PRIMALITY_UNASSIGNED,GF3A_DIRECTIONAL_WRITE_EXHAUSTED_PRIMALITY_UNASSIGNED,514,512,512,NO_RECORDED_FACTOR_PRP_OR_LL_RESULT_AND_NO_ACTIVE_GIMPS_ASSIGNMENT,2026-08-09T02:56:41+00:00,UNALLOCATED,,,,,
SLCMP1467-2460,2460,2461,509121647,2^509121647-1,STRUCTURAL_SCREEN_EXHAUSTED_PRIMALITY_UNASSIGNED,GF3A_DIRECTIONAL_WRITE_EXHAUSTED_PRIMALITY_UNASSIGNED,514,512,512,NO_RECORDED_FACTOR_PRP_OR_LL_RESULT_AND_NO_ACTIVE_GIMPS_ASSIGNMENT,2026-08-09T02:56:41+00:00,UNALLOCATED,,,,,
SLCMP1467-2461,2461,2462,509121727,2^509121727-1,STRUCTURAL_SCREEN_EXHAUSTED_PRIMALITY_UNASSIGNED,GF3A_DIRECTIONAL_WRITE_EXHAUSTED_PRIMALITY_UNASSIGNED,514,512,512,NO_RECORDED_FACTOR_PRP_OR_LL_RESULT_AND_NO_ACTIVE_GIMPS_ASSIGNMENT,2026-08-09T02:56:41+00:00,UNALLOCATED,,,,,
SLCMP1467-2462,2462,2463,509121779,2^509121779-1,STRUCTURAL_SCREEN_EXHAUSTED_PRIMALITY_UNASSIGNED,GF3A_DIRECTIONAL_WRITE_EXHAUSTED_PRIMALITY_UNASSIGNED,514,512,512,NO_RECORDED_FACTOR_PRP_OR_LL_RESULT_AND_NO_ACTIVE_GIMPS_ASSIGNMENT,2026-08-09T02:56:41+00:00,UNALLOCATED,,,,,
SLCMP1467-2463,2463,2464,509121913,2^509121913-1,STRUCTURAL_SCREEN_EXHAUSTED_PRIMALITY_UNASSIGNED,GF3A_DIRECTIONAL_WRITE_EXHAUSTED_PRIMALITY_UNASSIGNED,513,512,512,NO_RECORDED_FACTOR_PRP_OR_LL_RESULT_AND_NO_ACTIVE_GIMPS_ASSIGNMENT,2026-08-09T02:56:41+00:00,UNALLOCATED,,,,,
SLCMP1467-2464,2464,2465,509122039,2^509122039-1,STRUCTURAL_SCREEN_EXHAUSTED_PRIMALITY_UNASSIGNED,GF3A_DIRECTIONAL_WRITE_EXHAUSTED_PRIMALITY_UNASSIGNED,514,512,512,NO_RECORDED_FACTOR_PRP_OR_LL_RESULT_AND_NO_ACTIVE_GIMPS_ASSIGNMENT,2026-08-09T02:56:41+00:00,UNALLOCATED,,,,,
SLCMP1467-2465,2465,2466,509122153,2^509122153-1,STRUCTURAL_SCREEN_EXHAUSTED_PRIMALITY_UNASSIGNED,GF3A_DIRECTIONAL_WRITE_EXHAUSTED_PRIMALITY_UNASSIGNED,513,512,512,NO_RECORDED_FACTOR_PRP_OR_LL_RESULT_AND_NO_ACTIVE_GIMPS_ASSIGNMENT,2026-08-09T02:56:41+00:00,UNALLOCATED,,,,,
SLCMP1467-2466,2466,2467,509122253,2^509122253-1,STRUCTURAL_SCREEN_EXHAUSTED_PRIMALITY_UNASSIGNED,GF3A_DIRECTIONAL_WRITE_EXHAUSTED_PRIMALITY_UNASSIGNED,513,512,512,NO_RECORDED_FACTOR_PRP_OR_LL_RESULT_AND_NO_ACTIVE_GIMPS_ASSIGNMENT,2026-08-09T02:56:41+00:00,UNALLOCATED,,,,,
SLCMP1467-2467,2467,2468,509122333,2^509122333-1,STRUCTURAL_SCREEN_EXHAUSTED_PRIMALITY_UNASSIGNED,GF3A_DIRECTIONAL_WRITE_EXHAUSTED_PRIMALITY_UNASSIGNED,513,512,512,NO_RECORDED_FACTOR_PRP_OR_LL_RESULT_AND_NO_ACTIVE_GIMPS_ASSIGNMENT,2026-08-09T02:56:41+00:00,UNALLOCATED,,,,,
SLCMP1467-2468,2468,2469,509122337,2^509122337-1,STRUCTURAL_SCREEN_EXHAUSTED_PRIMALITY_UNASSIGNED,GF3A_DIRECTIONAL_WRITE_EXHAUSTED_PRIMALITY_UNASSIGNED,513,512,512,NO_RECORDED_FACTOR_PRP_OR_LL_RESULT_AND_NO_ACTIVE_GIMPS_ASSIGNMENT,2026-08-09T02:56:41+00:00,UNALLOCATED,,,,,
SLCMP1467-2469,2469,2470,509122351,2^509122351-1,STRUCTURAL_SCREEN_EXHAUSTED_PRIMALITY_UNASSIGNED,GF3A_DIRECTIONAL_WRITE_EXHAUSTED_PRIMALITY_UNASSIGNED,514,512,512,NO_RECORDED_FACTOR_PRP_OR_LL_RESULT_AND_NO_ACTIVE_GIMPS_ASSIGNMENT,2026-08-09T02:56:41+00:00,UNALLOCATED,,,,,
SLCMP1467-2470,2470,2471,509122403,2^509122403-1,STRUCTURAL_SCREEN_EXHAUSTED_PRIMALITY_UNASSIGNED,GF3A_DIRECTIONAL_WRITE_EXHAUSTED_PRIMALITY_UNASSIGNED,514,512,512,NO_RECORDED_FACTOR_PRP_OR_LL_RESULT_AND_NO_ACTIVE_GIMPS_ASSIGNMENT,2026-08-09T02:56:41+00:00,UNALLOCATED,,,,,
SLCMP1467-2471,2471,2472,509122429,2^509122429-1,STRUCTURAL_SCREEN_EXHAUSTED_PRIMALITY_UNASSIGNED,GF3A_DIRECTIONAL_WRITE_EXHAUSTED_PRIMALITY_UNASSIGNED,513,512,512,NO_RECORDED_FACTOR_PRP_OR_LL_RESULT_AND_NO_ACTIVE_GIMPS_ASSIGNMENT,2026-08-09T02:56:41+00:00,UNALLOCATED,,,,,
SLCMP1467-2472,2472,2473,509122441,2^509122441-1,STRUCTURAL_SCREEN_EXHAUSTED_PRIMALITY_UNASSIGNED,GF3A_DIRECTIONAL_WRITE_EXHAUSTED_PRIMALITY_UNASSIGNED,513,512,512,NO_RECORDED_FACTOR_PRP_OR_LL_RESULT_AND_NO_ACTIVE_GIMPS_ASSIGNMENT,2026-08-09T02:56:41+00:00,UNALLOCATED,,,,,
SLCMP1467-2473,2473,2474,509122489,2^509122489-1,STRUCTURAL_SCREEN_EXHAUSTED_PRIMALITY_UNASSIGNED,GF3A_DIRECTIONAL_WRITE_EXHAUSTED_PRIMALITY_UNASSIGNED,513,512,512,NO_RECORDED_FACTOR_PRP_OR_LL_RESULT_AND_NO_ACTIVE_GIMPS_ASSIGNMENT,2026-08-09T02:56:41+00:00,UNALLOCATED,,,,,
SLCMP1467-2474,2474,2475,509122529,2^509122529-1,STRUCTURAL_SCREEN_EXHAUSTED_PRIMALITY_UNASSIGNED,GF3A_DIRECTIONAL_WRITE_EXHAUSTED_PRIMALITY_UNASSIGNED,513,512,512,NO_RECORDED_FACTOR_PRP_OR_LL_RESULT_AND_NO_ACTIVE_GIMPS_ASSIGNMENT,2026-08-09T02:56:41+00:00,UNALLOCATED,,,,,
SLCMP1467-2475,2475,2476,509122561,2^509122561-1,STRUCTURAL_SCREEN_EXHAUSTED_PRIMALITY_UNASSIGNED,GF3A_DIRECTIONAL_WRITE_EXHAUSTED_PRIMALITY_UNASSIGNED,513,512,512,NO_RECORDED_FACTOR_PRP_OR_LL_RESULT_AND_NO_ACTIVE_GIMPS_ASSIGNMENT,2026-08-09T02:56:41+00:00,UNALLOCATED,,,,,
SLCMP1467-2476,2476,2477,509122573,2^509122573-1,STRUCTURAL_SCREEN_EXHAUSTED_PRIMALITY_UNASSIGNED,GF3A_DIRECTIONAL_WRITE_EXHAUSTED_PRIMALITY_UNASSIGNED,513,512,512,NO_RECORDED_FACTOR_PRP_OR_LL_RESULT_AND_NO_ACTIVE_GIMPS_ASSIGNMENT,2026-08-09T02:56:41+00:00,UNALLOCATED,,,,,
SLCMP1467-2477,2477,2478,509122619,2^509122619-1,STRUCTURAL_SCREEN_EXHAUSTED_PRIMALITY_UNASSIGNED,GF3A_DIRECTIONAL_WRITE_EXHAUSTED_PRIMALITY_UNASSIGNED,514,512,512,NO_RECORDED_FACTOR_PRP_OR_LL_RESULT_AND_NO_ACTIVE_GIMPS_ASSIGNMENT,2026-08-09T02:56:41+00:00,UNALLOCATED,,,,,
SLCMP1467-2478,2478,2479,509122697,2^509122697-1,STRUCTURAL_SCREEN_EXHAUSTED_PRIMALITY_UNASSIGNED,GF3A_DIRECTIONAL_WRITE_EXHAUSTED_PRIMALITY_UNASSIGNED,513,512,512,NO_RECORDED_FACTOR_PRP_OR_LL_RESULT_AND_NO_ACTIVE_GIMPS_ASSIGNMENT,2026-08-09T02:56:41+00:00,UNALLOCATED,,,,,
SLCMP1467-2479,2479,2480,509122751,2^509122751-1,STRUCTURAL_SCREEN_EXHAUSTED_PRIMALITY_UNASSIGNED,GF3A_DIRECTIONAL_WRITE_EXHAUSTED_PRIMALITY_UNASSIGNED,514,512,512,NO_RECORDED_FACTOR_PRP_OR_LL_RESULT_AND_NO_ACTIVE_GIMPS_ASSIGNMENT,2026-08-09T02:56:41+00:00,UNALLOCATED,,,,,
SLCMP1467-2480,2480,2481,509122769,2^509122769-1,STRUCTURAL_SCREEN_EXHAUSTED_PRIMALITY_UNASSIGNED,GF3A_DIRECTIONAL_WRITE_EXHAUSTED_PRIMALITY_UNASSIGNED,513,512,512,NO_RECORDED_FACTOR_PRP_OR_LL_RESULT_AND_NO_ACTIVE_GIMPS_ASSIGNMENT,2026-08-09T02:56:41+00:00,UNALLOCATED,,,,,
SLCMP1467-2481,2481,2482,509122793,2^509122793-1,STRUCTURAL_SCREEN_EXHAUSTED_PRIMALITY_UNASSIGNED,GF3A_DIRECTIONAL_WRITE_EXHAUSTED_PRIMALITY_UNASSIGNED,513,512,512,NO_RECORDED_FACTOR_PRP_OR_LL_RESULT_AND_NO_ACTIVE_GIMPS_ASSIGNMENT,2026-08-09T02:56:41+00:00,UNALLOCATED,,,,,
SLCMP1467-2482,2482,2483,509122829,2^509122829-1,STRUCTURAL_SCREEN_EXHAUSTED_PRIMALITY_UNASSIGNED,GF3A_DIRECTIONAL_WRITE_EXHAUSTED_PRIMALITY_UNASSIGNED,513,512,512,NO_RECORDED_FACTOR_PRP_OR_LL_RESULT_AND_NO_ACTIVE_GIMPS_ASSIGNMENT,2026-08-09T02:56:41+00:00,UNALLOCATED,,,,,
SLCMP1467-2483,2483,2484,509122837,2^509122837-1,STRUCTURAL_SCREEN_EXHAUSTED_PRIMALITY_UNASSIGNED,GF3A_DIRECTIONAL_WRITE_EXHAUSTED_PRIMALITY_UNASSIGNED,513,512,512,NO_RECORDED_FACTOR_PRP_OR_LL_RESULT_AND_NO_ACTIVE_GIMPS_ASSIGNMENT,2026-08-09T02:56:41+00:00,UNALLOCATED,,,,,
SLCMP1467-2484,2484,2485,509122843,2^509122843-1,STRUCTURAL_SCREEN_EXHAUSTED_PRIMALITY_UNASSIGNED,GF3A_DIRECTIONAL_WRITE_EXHAUSTED_PRIMALITY_UNASSIGNED,514,512,512,NO_RECORDED_FACTOR_PRP_OR_LL_RESULT_AND_NO_ACTIVE_GIMPS_ASSIGNMENT,2026-08-09T02:56:41+00:00,UNALLOCATED,,,,,
SLCMP1467-2485,2485,2486,509122903,2^509122903-1,STRUCTURAL_SCREEN_EXHAUSTED_PRIMALITY_UNASSIGNED,GF3A_DIRECTIONAL_WRITE_EXHAUSTED_PRIMALITY_UNASSIGNED,514,512,512,NO_RECORDED_FACTOR_PRP_OR_LL_RESULT_AND_NO_ACTIVE_GIMPS_ASSIGNMENT,2026-08-09T02:56:41+00:00,UNALLOCATED,,,,,
SLCMP1467-2486,2486,2487,509122973,2^509122973-1,STRUCTURAL_SCREEN_EXHAUSTED_PRIMALITY_UNASSIGNED,GF3A_DIRECTIONAL_WRITE_EXHAUSTED_PRIMALITY_UNASSIGNED,513,512,512,NO_RECORDED_FACTOR_PRP_OR_LL_RESULT_AND_NO_ACTIVE_GIMPS_ASSIGNMENT,2026-08-09T02:56:41+00:00,UNALLOCATED,,,,,
SLCMP1467-2487,2487,2488,509123023,2^509123023-1,STRUCTURAL_SCREEN_EXHAUSTED_PRIMALITY_UNASSIGNED,GF3A_DIRECTIONAL_WRITE_EXHAUSTED_PRIMALITY_UNASSIGNED,514,512,512,NO_RECORDED_FACTOR_PRP_OR_LL_RESULT_AND_NO_ACTIVE_GIMPS_ASSIGNMENT,2026-08-09T02:56:41+00:00,UNALLOCATED,,,,,
SLCMP1467-2488,2488,2489,509123039,2^509123039-1,STRUCTURAL_SCREEN_EXHAUSTED_PRIMALITY_UNASSIGNED,GF3A_DIRECTIONAL_WRITE_EXHAUSTED_PRIMALITY_UNASSIGNED,514,512,512,NO_RECORDED_FACTOR_PRP_OR_LL_RESULT_AND_NO_ACTIVE_GIMPS_ASSIGNMENT,2026-08-09T02:56:41+00:00,UNALLOCATED,,,,,
SLCMP1467-2489,2489,2490,509123059,2^509123059-1,STRUCTURAL_SCREEN_EXHAUSTED_PRIMALITY_UNASSIGNED,GF3A_DIRECTIONAL_WRITE_EXHAUSTED_PRIMALITY_UNASSIGNED,514,512,512,NO_RECORDED_FACTOR_PRP_OR_LL_RESULT_AND_NO_ACTIVE_GIMPS_ASSIGNMENT,2026-08-09T02:56:41+00:00,UNALLOCATED,,,,,
SLCMP1467-2490,2490,2491,509123143,2^509123143-1,STRUCTURAL_SCREEN_EXHAUSTED_PRIMALITY_UNASSIGNED,GF3A_DIRECTIONAL_WRITE_EXHAUSTED_PRIMALITY_UNASSIGNED,514,512,512,NO_RECORDED_FACTOR_PRP_OR_LL_RESULT_AND_NO_ACTIVE_GIMPS_ASSIGNMENT,2026-08-09T02:56:41+00:00,UNALLOCATED,,,,,
SLCMP1467-2491,2491,2492,509123171,2^509123171-1,STRUCTURAL_SCREEN_EXHAUSTED_PRIMALITY_UNASSIGNED,GF3A_DIRECTIONAL_WRITE_EXHAUSTED_PRIMALITY_UNASSIGNED,514,512,512,NO_RECORDED_FACTOR_PRP_OR_LL_RESULT_AND_NO_ACTIVE_GIMPS_ASSIGNMENT,2026-08-09T02:56:41+00:00,UNALLOCATED,,,,,
SLCMP1467-2492,2492,2493,509123203,2^509123203-1,STRUCTURAL_SCREEN_EXHAUSTED_PRIMALITY_UNASSIGNED,GF3A_DIRECTIONAL_WRITE_EXHAUSTED_PRIMALITY_UNASSIGNED,514,512,512,NO_RECORDED_FACTOR_PRP_OR_LL_RESULT_AND_NO_ACTIVE_GIMPS_ASSIGNMENT,2026-08-09T02:56:41+00:00,UNALLOCATED,,,,,
SLCMP1467-2493,2493,2494,509123269,2^509123269-1,STRUCTURAL_SCREEN_EXHAUSTED_PRIMALITY_UNASSIGNED,GF3A_DIRECTIONAL_WRITE_EXHAUSTED_PRIMALITY_UNASSIGNED,513,512,512,NO_RECORDED_FACTOR_PRP_OR_LL_RESULT_AND_NO_ACTIVE_GIMPS_ASSIGNMENT,2026-08-09T02:56:41+00:00,UNALLOCATED,,,,,
SLCMP1467-2494,2494,2495,509123341,2^509123341-1,STRUCTURAL_SCREEN_EXHAUSTED_PRIMALITY_UNASSIGNED,GF3A_DIRECTIONAL_WRITE_EXHAUSTED_PRIMALITY_UNASSIGNED,513,512,512,NO_RECORDED_FACTOR_PRP_OR_LL_RESULT_AND_NO_ACTIVE_GIMPS_ASSIGNMENT,2026-08-09T02:56:41+00:00,UNALLOCATED,,,,,
SLCMP1467-2495,2495,2496,509123399,2^509123399-1,STRUCTURAL_SCREEN_EXHAUSTED_PRIMALITY_UNASSIGNED,GF3A_DIRECTIONAL_WRITE_EXHAUSTED_PRIMALITY_UNASSIGNED,514,512,512,NO_RECORDED_FACTOR_PRP_OR_LL_RESULT_AND_NO_ACTIVE_GIMPS_ASSIGNMENT,2026-08-09T02:56:41+00:00,UNALLOCATED,,,,,
SLCMP1467-2496,2496,2497,509123543,2^509123543-1,STRUCTURAL_SCREEN_EXHAUSTED_PRIMALITY_UNASSIGNED,GF3A_DIRECTIONAL_WRITE_EXHAUSTED_PRIMALITY_UNASSIGNED,514,512,512,NO_RECORDED_FACTOR_PRP_OR_LL_RESULT_AND_NO_ACTIVE_GIMPS_ASSIGNMENT,2026-08-09T02:56:41+00:00,UNALLOCATED,,,,,
SLCMP1467-2497,2497,2498,509123669,2^509123669-1,STRUCTURAL_SCREEN_EXHAUSTED_PRIMALITY_UNASSIGNED,GF3A_DIRECTIONAL_WRITE_EXHAUSTED_PRIMALITY_UNASSIGNED,513,512,512,NO_RECORDED_FACTOR_PRP_OR_LL_RESULT_AND_NO_ACTIVE_GIMPS_ASSIGNMENT,2026-08-09T02:56:41+00:00,UNALLOCATED,,,,,
SLCMP1467-2498,2498,2499,509123723,2^509123723-1,STRUCTURAL_SCREEN_EXHAUSTED_PRIMALITY_UNASSIGNED,GF3A_DIRECTIONAL_WRITE_EXHAUSTED_PRIMALITY_UNASSIGNED,514,512,512,NO_RECORDED_FACTOR_PRP_OR_LL_RESULT_AND_NO_ACTIVE_GIMPS_ASSIGNMENT,2026-08-09T02:56:41+00:00,UNALLOCATED,,,,,
SLCMP1467-2499,2499,2500,509123767,2^509123767-1,STRUCTURAL_SCREEN_EXHAUSTED_PRIMALITY_UNASSIGNED,GF3A_DIRECTIONAL_WRITE_EXHAUSTED_PRIMALITY_UNASSIGNED,514,512,512,NO_RECORDED_FACTOR_PRP_OR_LL_RESULT_AND_NO_ACTIVE_GIMPS_ASSIGNMENT,2026-08-09T02:56:41+00:00,UNALLOCATED,,,,,
SLCMP1467-2500,2500,2501,509123801,2^509123801-1,STRUCTURAL_SCREEN_EXHAUSTED_PRIMALITY_UNASSIGNED,GF3A_DIRECTIONAL_WRITE_EXHAUSTED_PRIMALITY_UNASSIGNED,513,512,512,NO_RECORDED_FACTOR_PRP_OR_LL_RESULT_AND_NO_ACTIVE_GIMPS_ASSIGNMENT,2026-08-09T02:56:41+00:00,UNALLOCATED,,,,,
SLCMP1467-2501,2501,2502,509123807,2^509123807-1,STRUCTURAL_SCREEN_EXHAUSTED_PRIMALITY_UNASSIGNED,GF3A_DIRECTIONAL_WRITE_EXHAUSTED_PRIMALITY_UNASSIGNED,514,512,512,NO_RECORDED_FACTOR_PRP_OR_LL_RESULT_AND_NO_ACTIVE_GIMPS_ASSIGNMENT,2026-08-09T02:56:41+00:00,UNALLOCATED,,,,,
SLCMP1467-2502,2502,2503,509123809,2^509123809-1,STRUCTURAL_SCREEN_EXHAUSTED_PRIMALITY_UNASSIGNED,GF3A_DIRECTIONAL_WRITE_EXHAUSTED_PRIMALITY_UNASSIGNED,513,512,512,NO_RECORDED_FACTOR_PRP_OR_LL_RESULT_AND_NO_ACTIVE_GIMPS_ASSIGNMENT,2026-08-09T02:56:41+00:00,UNALLOCATED,,,,,
SLCMP1467-2503,2503,2504,509123899,2^509123899-1,STRUCTURAL_SCREEN_EXHAUSTED_PRIMALITY_UNASSIGNED,GF3A_DIRECTIONAL_WRITE_EXHAUSTED_PRIMALITY_UNASSIGNED,514,512,512,NO_RECORDED_FACTOR_PRP_OR_LL_RESULT_AND_NO_ACTIVE_GIMPS_ASSIGNMENT,2026-08-09T02:56:41+00:00,UNALLOCATED,,,,,
SLCMP1467-2504,2504,2505,509123957,2^509123957-1,STRUCTURAL_SCREEN_EXHAUSTED_PRIMALITY_UNASSIGNED,GF3A_DIRECTIONAL_WRITE_EXHAUSTED_PRIMALITY_UNASSIGNED,513,512,512,NO_RECORDED_FACTOR_PRP_OR_LL_RESULT_AND_NO_ACTIVE_GIMPS_ASSIGNMENT,2026-08-09T02:56:41+00:00,UNALLOCATED,,,,,
SLCMP1467-2505,2505,2506,509124001,2^509124001-1,STRUCTURAL_SCREEN_EXHAUSTED_PRIMALITY_UNASSIGNED,GF3A_DIRECTIONAL_WRITE_EXHAUSTED_PRIMALITY_UNASSIGNED,513,512,512,NO_RECORDED_FACTOR_PRP_OR_LL_RESULT_AND_NO_ACTIVE_GIMPS_ASSIGNMENT,2026-08-09T02:56:41+00:00,UNALLOCATED,,,,,
SLCMP1467-2506,2506,2507,509124047,2^509124047-1,STRUCTURAL_SCREEN_EXHAUSTED_PRIMALITY_UNASSIGNED,GF3A_DIRECTIONAL_WRITE_EXHAUSTED_PRIMALITY_UNASSIGNED,514,512,512,NO_RECORDED_FACTOR_PRP_OR_LL_RESULT_AND_NO_ACTIVE_GIMPS_ASSIGNMENT,2026-08-09T02:56:41+00:00,UNALLOCATED,,,,,
SLCMP1467-2507,2507,2508,509124059,2^509124059-1,STRUCTURAL_SCREEN_EXHAUSTED_PRIMALITY_UNASSIGNED,GF3A_DIRECTIONAL_WRITE_EXHAUSTED_PRIMALITY_UNASSIGNED,514,512,512,NO_RECORDED_FACTOR_PRP_OR_LL_RESULT_AND_NO_ACTIVE_GIMPS_ASSIGNMENT,2026-08-09T02:56:41+00:00,UNALLOCATED,,,,,
SLCMP1467-2508,2508,2509,509124071,2^509124071-1,STRUCTURAL_SCREEN_EXHAUSTED_PRIMALITY_UNASSIGNED,GF3A_DIRECTIONAL_WRITE_EXHAUSTED_PRIMALITY_UNASSIGNED,514,512,512,NO_RECORDED_FACTOR_PRP_OR_LL_RESULT_AND_NO_ACTIVE_GIMPS_ASSIGNMENT,2026-08-09T02:56:41+00:00,UNALLOCATED,,,,,
SLCMP1467-2509,2509,2510,509124137,2^509124137-1,STRUCTURAL_SCREEN_EXHAUSTED_PRIMALITY_UNASSIGNED,GF3A_DIRECTIONAL_WRITE_EXHAUSTED_PRIMALITY_UNASSIGNED,513,512,512,NO_RECORDED_FACTOR_PRP_OR_LL_RESULT_AND_NO_ACTIVE_GIMPS_ASSIGNMENT,2026-08-09T02:56:41+00:00,UNALLOCATED,,,,,
SLCMP1467-2510,2510,2511,509124167,2^509124167-1,STRUCTURAL_SCREEN_EXHAUSTED_PRIMALITY_UNASSIGNED,GF3A_DIRECTIONAL_WRITE_EXHAUSTED_PRIMALITY_UNASSIGNED,514,512,512,NO_RECORDED_FACTOR_PRP_OR_LL_RESULT_AND_NO_ACTIVE_GIMPS_ASSIGNMENT,2026-08-09T02:56:41+00:00,UNALLOCATED,,,,,
SLCMP1467-2511,2511,2512,509124169,2^509124169-1,STRUCTURAL_SCREEN_EXHAUSTED_PRIMALITY_UNASSIGNED,GF3A_DIRECTIONAL_WRITE_EXHAUSTED_PRIMALITY_UNASSIGNED,513,512,512,NO_RECORDED_FACTOR_PRP_OR_LL_RESULT_AND_NO_ACTIVE_GIMPS_ASSIGNMENT,2026-08-09T02:56:41+00:00,UNALLOCATED,,,,,
SLCMP1467-2512,2512,2513,509124197,2^509124197-1,STRUCTURAL_SCREEN_EXHAUSTED_PRIMALITY_UNASSIGNED,GF3A_DIRECTIONAL_WRITE_EXHAUSTED_PRIMALITY_UNASSIGNED,513,512,512,NO_RECORDED_FACTOR_PRP_OR_LL_RESULT_AND_NO_ACTIVE_GIMPS_ASSIGNMENT,2026-08-09T02:56:41+00:00,UNALLOCATED,,,,,
SLCMP1467-2513,2513,2514,509124227,2^509124227-1,STRUCTURAL_SCREEN_EXHAUSTED_PRIMALITY_UNASSIGNED,GF3A_DIRECTIONAL_WRITE_EXHAUSTED_PRIMALITY_UNASSIGNED,514,512,512,NO_RECORDED_FACTOR_PRP_OR_LL_RESULT_AND_NO_ACTIVE_GIMPS_ASSIGNMENT,2026-08-09T02:56:41+00:00,UNALLOCATED,,,,,
SLCMP1467-2514,2514,2515,509124229,2^509124229-1,STRUCTURAL_SCREEN_EXHAUSTED_PRIMALITY_UNASSIGNED,GF3A_DIRECTIONAL_WRITE_EXHAUSTED_PRIMALITY_UNASSIGNED,513,512,512,NO_RECORDED_FACTOR_PRP_OR_LL_RESULT_AND_NO_ACTIVE_GIMPS_ASSIGNMENT,2026-08-09T02:56:41+00:00,UNALLOCATED,,,,,
SLCMP1467-2515,2515,2516,509124263,2^509124263-1,STRUCTURAL_SCREEN_EXHAUSTED_PRIMALITY_UNASSIGNED,GF3A_DIRECTIONAL_WRITE_EXHAUSTED_PRIMALITY_UNASSIGNED,514,512,512,NO_RECORDED_FACTOR_PRP_OR_LL_RESULT_AND_NO_ACTIVE_GIMPS_ASSIGNMENT,2026-08-09T02:56:41+00:00,UNALLOCATED,,,,,
SLCMP1467-2516,2516,2517,509124271,2^509124271-1,STRUCTURAL_SCREEN_EXHAUSTED_PRIMALITY_UNASSIGNED,GF3A_DIRECTIONAL_WRITE_EXHAUSTED_PRIMALITY_UNASSIGNED,514,512,512,NO_RECORDED_FACTOR_PRP_OR_LL_RESULT_AND_NO_ACTIVE_GIMPS_ASSIGNMENT,2026-08-09T02:56:41+00:00,UNALLOCATED,,,,,
SLCMP1467-2517,2517,2518,509124391,2^509124391-1,STRUCTURAL_SCREEN_EXHAUSTED_PRIMALITY_UNASSIGNED,GF3A_DIRECTIONAL_WRITE_EXHAUSTED_PRIMALITY_UNASSIGNED,514,512,512,NO_RECORDED_FACTOR_PRP_OR_LL_RESULT_AND_NO_ACTIVE_GIMPS_ASSIGNMENT,2026-08-09T02:56:41+00:00,UNALLOCATED,,,,,
SLCMP1467-2518,2518,2519,509124401,2^509124401-1,STRUCTURAL_SCREEN_EXHAUSTED_PRIMALITY_UNASSIGNED,GF3A_DIRECTIONAL_WRITE_EXHAUSTED_PRIMALITY_UNASSIGNED,513,512,512,NO_RECORDED_FACTOR_PRP_OR_LL_RESULT_AND_NO_ACTIVE_GIMPS_ASSIGNMENT,2026-08-09T02:56:41+00:00,UNALLOCATED,,,,,
SLCMP1467-2519,2519,2520,509124433,2^509124433-1,STRUCTURAL_SCREEN_EXHAUSTED_PRIMALITY_UNASSIGNED,GF3A_DIRECTIONAL_WRITE_EXHAUSTED_PRIMALITY_UNASSIGNED,513,512,512,NO_RECORDED_FACTOR_PRP_OR_LL_RESULT_AND_NO_ACTIVE_GIMPS_ASSIGNMENT,2026-08-09T02:56:41+00:00,UNALLOCATED,,,,,
SLCMP1467-2520,2520,2521,509124461,2^509124461-1,STRUCTURAL_SCREEN_EXHAUSTED_PRIMALITY_UNASSIGNED,GF3A_DIRECTIONAL_WRITE_EXHAUSTED_PRIMALITY_UNASSIGNED,513,512,512,NO_RECORDED_FACTOR_PRP_OR_LL_RESULT_AND_NO_ACTIVE_GIMPS_ASSIGNMENT,2026-08-09T02:56:41+00:00,UNALLOCATED,,,,,
SLCMP1467-2521,2521,2522,509124521,2^509124521-1,STRUCTURAL_SCREEN_EXHAUSTED_PRIMALITY_UNASSIGNED,GF3A_DIRECTIONAL_WRITE_EXHAUSTED_PRIMALITY_UNASSIGNED,513,512,512,NO_RECORDED_FACTOR_PRP_OR_LL_RESULT_AND_NO_ACTIVE_GIMPS_ASSIGNMENT,2026-08-09T02:56:41+00:00,UNALLOCATED,,,,,
SLCMP1467-2522,2522,2523,509124659,2^509124659-1,STRUCTURAL_SCREEN_EXHAUSTED_PRIMALITY_UNASSIGNED,GF3A_DIRECTIONAL_WRITE_EXHAUSTED_PRIMALITY_UNASSIGNED,514,512,512,NO_RECORDED_FACTOR_PRP_OR_LL_RESULT_AND_NO_ACTIVE_GIMPS_ASSIGNMENT,2026-08-09T02:56:41+00:00,UNALLOCATED,,,,,
SLCMP1467-2523,2523,2524,509124691,2^509124691-1,STRUCTURAL_SCREEN_EXHAUSTED_PRIMALITY_UNASSIGNED,GF3A_DIRECTIONAL_WRITE_EXHAUSTED_PRIMALITY_UNASSIGNED,514,512,512,NO_RECORDED_FACTOR_PRP_OR_LL_RESULT_AND_NO_ACTIVE_GIMPS_ASSIGNMENT,2026-08-09T02:56:41+00:00,UNALLOCATED,,,,,
SLCMP1467-2524,2524,2525,509124701,2^509124701-1,STRUCTURAL_SCREEN_EXHAUSTED_PRIMALITY_UNASSIGNED,GF3A_DIRECTIONAL_WRITE_EXHAUSTED_PRIMALITY_UNASSIGNED,513,512,512,NO_RECORDED_FACTOR_PRP_OR_LL_RESULT_AND_NO_ACTIVE_GIMPS_ASSIGNMENT,2026-08-09T02:56:41+00:00,UNALLOCATED,,,,,
SLCMP1467-2525,2525,2526,509124761,2^509124761-1,STRUCTURAL_SCREEN_EXHAUSTED_PRIMALITY_UNASSIGNED,GF3A_DIRECTIONAL_WRITE_EXHAUSTED_PRIMALITY_UNASSIGNED,513,512,512,NO_RECORDED_FACTOR_PRP_OR_LL_RESULT_AND_NO_ACTIVE_GIMPS_ASSIGNMENT,2026-08-09T02:56:41+00:00,UNALLOCATED,,,,,
SLCMP1467-2526,2526,2527,509124799,2^509124799-1,STRUCTURAL_SCREEN_EXHAUSTED_PRIMALITY_UNASSIGNED,GF3A_DIRECTIONAL_WRITE_EXHAUSTED_PRIMALITY_UNASSIGNED,514,512,512,NO_RECORDED_FACTOR_PRP_OR_LL_RESULT_AND_NO_ACTIVE_GIMPS_ASSIGNMENT,2026-08-09T02:56:41+00:00,UNALLOCATED,,,,,
SLCMP1467-2527,2527,2528,509124829,2^509124829-1,STRUCTURAL_SCREEN_EXHAUSTED_PRIMALITY_UNASSIGNED,GF3A_DIRECTIONAL_WRITE_EXHAUSTED_PRIMALITY_UNASSIGNED,513,512,512,NO_RECORDED_FACTOR_PRP_OR_LL_RESULT_AND_NO_ACTIVE_GIMPS_ASSIGNMENT,2026-08-09T02:56:41+00:00,UNALLOCATED,,,,,
SLCMP1467-2528,2528,2529,509124853,2^509124853-1,STRUCTURAL_SCREEN_EXHAUSTED_PRIMALITY_UNASSIGNED,GF3A_DIRECTIONAL_WRITE_EXHAUSTED_PRIMALITY_UNASSIGNED,513,512,512,NO_RECORDED_FACTOR_PRP_OR_LL_RESULT_AND_NO_ACTIVE_GIMPS_ASSIGNMENT,2026-08-09T02:56:41+00:00,UNALLOCATED,,,,,
SLCMP1467-2529,2529,2530,509124887,2^509124887-1,STRUCTURAL_SCREEN_EXHAUSTED_PRIMALITY_UNASSIGNED,GF3A_DIRECTIONAL_WRITE_EXHAUSTED_PRIMALITY_UNASSIGNED,514,512,512,NO_RECORDED_FACTOR_PRP_OR_LL_RESULT_AND_NO_ACTIVE_GIMPS_ASSIGNMENT,2026-08-09T02:56:41+00:00,UNALLOCATED,,,,,
SLCMP1467-2530,2530,2531,509124923,2^509124923-1,STRUCTURAL_SCREEN_EXHAUSTED_PRIMALITY_UNASSIGNED,GF3A_DIRECTIONAL_WRITE_EXHAUSTED_PRIMALITY_UNASSIGNED,514,512,512,NO_RECORDED_FACTOR_PRP_OR_LL_RESULT_AND_NO_ACTIVE_GIMPS_ASSIGNMENT,2026-08-09T02:56:41+00:00,UNALLOCATED,,,,,
SLCMP1467-2531,2531,2532,509124977,2^509124977-1,STRUCTURAL_SCREEN_EXHAUSTED_PRIMALITY_UNASSIGNED,GF3A_DIRECTIONAL_WRITE_EXHAUSTED_PRIMALITY_UNASSIGNED,513,512,512,NO_RECORDED_FACTOR_PRP_OR_LL_RESULT_AND_NO_ACTIVE_GIMPS_ASSIGNMENT,2026-08-09T02:56:41+00:00,UNALLOCATED,,,,,
SLCMP1467-2532,2532,2533,509124991,2^509124991-1,STRUCTURAL_SCREEN_EXHAUSTED_PRIMALITY_UNASSIGNED,GF3A_DIRECTIONAL_WRITE_EXHAUSTED_PRIMALITY_UNASSIGNED,514,512,512,NO_RECORDED_FACTOR_PRP_OR_LL_RESULT_AND_NO_ACTIVE_GIMPS_ASSIGNMENT,2026-08-09T02:56:41+00:00,UNALLOCATED,,,,,
SLCMP1467-2533,2533,2534,509125013,2^509125013-1,STRUCTURAL_SCREEN_EXHAUSTED_PRIMALITY_UNASSIGNED,GF3A_DIRECTIONAL_WRITE_EXHAUSTED_PRIMALITY_UNASSIGNED,513,512,512,NO_RECORDED_FACTOR_PRP_OR_LL_RESULT_AND_NO_ACTIVE_GIMPS_ASSIGNMENT,2026-08-09T02:56:41+00:00,UNALLOCATED,,,,,
SLCMP1467-2534,2534,2535,509125021,2^509125021-1,STRUCTURAL_SCREEN_EXHAUSTED_PRIMALITY_UNASSIGNED,GF3A_DIRECTIONAL_WRITE_EXHAUSTED_PRIMALITY_UNASSIGNED,513,512,512,NO_RECORDED_FACTOR_PRP_OR_LL_RESULT_AND_NO_ACTIVE_GIMPS_ASSIGNMENT,2026-08-09T02:56:41+00:00,UNALLOCATED,,,,,
SLCMP1467-2535,2535,2536,509125063,2^509125063-1,STRUCTURAL_SCREEN_EXHAUSTED_PRIMALITY_UNASSIGNED,GF3A_DIRECTIONAL_WRITE_EXHAUSTED_PRIMALITY_UNASSIGNED,514,512,512,NO_RECORDED_FACTOR_PRP_OR_LL_RESULT_AND_NO_ACTIVE_GIMPS_ASSIGNMENT,2026-08-09T02:56:41+00:00,UNALLOCATED,,,,,
SLCMP1467-2536,2536,2537,509125187,2^509125187-1,STRUCTURAL_SCREEN_EXHAUSTED_PRIMALITY_UNASSIGNED,GF3A_DIRECTIONAL_WRITE_EXHAUSTED_PRIMALITY_UNASSIGNED,514,512,512,NO_RECORDED_FACTOR_PRP_OR_LL_RESULT_AND_NO_ACTIVE_GIMPS_ASSIGNMENT,2026-08-09T02:56:41+00:00,UNALLOCATED,,,,,
SLCMP1467-2537,2537,2538,509125213,2^509125213-1,STRUCTURAL_SCREEN_EXHAUSTED_PRIMALITY_UNASSIGNED,GF3A_DIRECTIONAL_WRITE_EXHAUSTED_PRIMALITY_UNASSIGNED,513,512,512,NO_RECORDED_FACTOR_PRP_OR_LL_RESULT_AND_NO_ACTIVE_GIMPS_ASSIGNMENT,2026-08-09T02:56:41+00:00,UNALLOCATED,,,,,
SLCMP1467-2538,2538,2539,509125339,2^509125339-1,STRUCTURAL_SCREEN_EXHAUSTED_PRIMALITY_UNASSIGNED,GF3A_DIRECTIONAL_WRITE_EXHAUSTED_PRIMALITY_UNASSIGNED,514,512,512,NO_RECORDED_FACTOR_PRP_OR_LL_RESULT_AND_NO_ACTIVE_GIMPS_ASSIGNMENT,2026-08-09T02:56:41+00:00,UNALLOCATED,,,,,
SLCMP1467-2539,2539,2540,509125411,2^509125411-1,STRUCTURAL_SCREEN_EXHAUSTED_PRIMALITY_UNASSIGNED,GF3A_DIRECTIONAL_WRITE_EXHAUSTED_PRIMALITY_UNASSIGNED,514,512,512,NO_RECORDED_FACTOR_PRP_OR_LL_RESULT_AND_NO_ACTIVE_GIMPS_ASSIGNMENT,2026-08-09T02:56:41+00:00,UNALLOCATED,,,,,
SLCMP1467-2540,2540,2541,509125453,2^509125453-1,STRUCTURAL_SCREEN_EXHAUSTED_PRIMALITY_UNASSIGNED,GF3A_DIRECTIONAL_WRITE_EXHAUSTED_PRIMALITY_UNASSIGNED,513,512,512,NO_RECORDED_FACTOR_PRP_OR_LL_RESULT_AND_NO_ACTIVE_GIMPS_ASSIGNMENT,2026-08-09T02:56:41+00:00,UNALLOCATED,,,,,
SLCMP1467-2541,2541,2542,509125531,2^509125531-1,STRUCTURAL_SCREEN_EXHAUSTED_PRIMALITY_UNASSIGNED,GF3A_DIRECTIONAL_WRITE_EXHAUSTED_PRIMALITY_UNASSIGNED,514,512,512,NO_RECORDED_FACTOR_PRP_OR_LL_RESULT_AND_NO_ACTIVE_GIMPS_ASSIGNMENT,2026-08-09T02:56:41+00:00,UNALLOCATED,,,,,
SLCMP1467-2542,2542,2543,509125553,2^509125553-1,STRUCTURAL_SCREEN_EXHAUSTED_PRIMALITY_UNASSIGNED,GF3A_DIRECTIONAL_WRITE_EXHAUSTED_PRIMALITY_UNASSIGNED,513,512,512,NO_RECORDED_FACTOR_PRP_OR_LL_RESULT_AND_NO_ACTIVE_GIMPS_ASSIGNMENT,2026-08-09T02:56:41+00:00,UNALLOCATED,,,,,
SLCMP1467-2543,2543,2544,509125613,2^509125613-1,STRUCTURAL_SCREEN_EXHAUSTED_PRIMALITY_UNASSIGNED,GF3A_DIRECTIONAL_WRITE_EXHAUSTED_PRIMALITY_UNASSIGNED,513,512,512,NO_RECORDED_FACTOR_PRP_OR_LL_RESULT_AND_NO_ACTIVE_GIMPS_ASSIGNMENT,2026-08-09T02:56:41+00:00,UNALLOCATED,,,,,
SLCMP1467-2544,2544,2545,509125693,2^509125693-1,STRUCTURAL_SCREEN_EXHAUSTED_PRIMALITY_UNASSIGNED,GF3A_DIRECTIONAL_WRITE_EXHAUSTED_PRIMALITY_UNASSIGNED,513,512,512,NO_RECORDED_FACTOR_PRP_OR_LL_RESULT_AND_NO_ACTIVE_GIMPS_ASSIGNMENT,2026-08-09T02:56:41+00:00,UNALLOCATED,,,,,
SLCMP1467-2545,2545,2546,509125819,2^509125819-1,STRUCTURAL_SCREEN_EXHAUSTED_PRIMALITY_UNASSIGNED,GF3A_DIRECTIONAL_WRITE_EXHAUSTED_PRIMALITY_UNASSIGNED,514,512,512,NO_RECORDED_FACTOR_PRP_OR_LL_RESULT_AND_NO_ACTIVE_GIMPS_ASSIGNMENT,2026-08-09T02:56:41+00:00,UNALLOCATED,,,,,
SLCMP1467-2546,2546,2547,509125931,2^509125931-1,STRUCTURAL_SCREEN_EXHAUSTED_PRIMALITY_UNASSIGNED,GF3A_DIRECTIONAL_WRITE_EXHAUSTED_PRIMALITY_UNASSIGNED,514,512,512,NO_RECORDED_FACTOR_PRP_OR_LL_RESULT_AND_NO_ACTIVE_GIMPS_ASSIGNMENT,2026-08-09T02:56:41+00:00,UNALLOCATED,,,,,
SLCMP1467-2547,2547,2548,509125933,2^509125933-1,STRUCTURAL_SCREEN_EXHAUSTED_PRIMALITY_UNASSIGNED,GF3A_DIRECTIONAL_WRITE_EXHAUSTED_PRIMALITY_UNASSIGNED,513,512,512,NO_RECORDED_FACTOR_PRP_OR_LL_RESULT_AND_NO_ACTIVE_GIMPS_ASSIGNMENT,2026-08-09T02:56:41+00:00,UNALLOCATED,,,,,
SLCMP1467-2548,2548,2549,509125961,2^509125961-1,STRUCTURAL_SCREEN_EXHAUSTED_PRIMALITY_UNASSIGNED,GF3A_DIRECTIONAL_WRITE_EXHAUSTED_PRIMALITY_UNASSIGNED,513,512,512,NO_RECORDED_FACTOR_PRP_OR_LL_RESULT_AND_NO_ACTIVE_GIMPS_ASSIGNMENT,2026-08-09T02:56:41+00:00,UNALLOCATED,,,,,
SLCMP1467-2549,2549,2550,509125993,2^509125993-1,STRUCTURAL_SCREEN_EXHAUSTED_PRIMALITY_UNASSIGNED,GF3A_DIRECTIONAL_WRITE_EXHAUSTED_PRIMALITY_UNASSIGNED,513,512,512,NO_RECORDED_FACTOR_PRP_OR_LL_RESULT_AND_NO_ACTIVE_GIMPS_ASSIGNMENT,2026-08-09T02:56:41+00:00,UNALLOCATED,,,,,
SLCMP1467-2550,2550,2551,509126221,2^509126221-1,STRUCTURAL_SCREEN_EXHAUSTED_PRIMALITY_UNASSIGNED,GF3A_DIRECTIONAL_WRITE_EXHAUSTED_PRIMALITY_UNASSIGNED,513,512,512,NO_RECORDED_FACTOR_PRP_OR_LL_RESULT_AND_NO_ACTIVE_GIMPS_ASSIGNMENT,2026-08-09T02:56:41+00:00,UNALLOCATED,,,,,
SLCMP1467-2551,2551,2552,509126227,2^509126227-1,STRUCTURAL_SCREEN_EXHAUSTED_PRIMALITY_UNASSIGNED,GF3A_DIRECTIONAL_WRITE_EXHAUSTED_PRIMALITY_UNASSIGNED,514,512,512,NO_RECORDED_FACTOR_PRP_OR_LL_RESULT_AND_NO_ACTIVE_GIMPS_ASSIGNMENT,2026-08-09T02:56:41+00:00,UNALLOCATED,,,,,
SLCMP1467-2552,2552,2553,509126263,2^509126263-1,STRUCTURAL_SCREEN_EXHAUSTED_PRIMALITY_UNASSIGNED,GF3A_DIRECTIONAL_WRITE_EXHAUSTED_PRIMALITY_UNASSIGNED,514,512,512,NO_RECORDED_FACTOR_PRP_OR_LL_RESULT_AND_NO_ACTIVE_GIMPS_ASSIGNMENT,2026-08-09T02:56:41+00:00,UNALLOCATED,,,,,
SLCMP1467-2553,2553,2554,509126441,2^509126441-1,STRUCTURAL_SCREEN_EXHAUSTED_PRIMALITY_UNASSIGNED,GF3A_DIRECTIONAL_WRITE_EXHAUSTED_PRIMALITY_UNASSIGNED,513,512,512,NO_RECORDED_FACTOR_PRP_OR_LL_RESULT_AND_NO_ACTIVE_GIMPS_ASSIGNMENT,2026-08-09T02:56:41+00:00,UNALLOCATED,,,,,
SLCMP1467-2554,2554,2555,509126461,2^509126461-1,STRUCTURAL_SCREEN_EXHAUSTED_PRIMALITY_UNASSIGNED,GF3A_DIRECTIONAL_WRITE_EXHAUSTED_PRIMALITY_UNASSIGNED,513,512,512,NO_RECORDED_FACTOR_PRP_OR_LL_RESULT_AND_NO_ACTIVE_GIMPS_ASSIGNMENT,2026-08-09T02:56:41+00:00,UNALLOCATED,,,,,
SLCMP1467-2555,2555,2556,509126507,2^509126507-1,STRUCTURAL_SCREEN_EXHAUSTED_PRIMALITY_UNASSIGNED,GF3A_DIRECTIONAL_WRITE_EXHAUSTED_PRIMALITY_UNASSIGNED,514,512,512,NO_RECORDED_FACTOR_PRP_OR_LL_RESULT_AND_NO_ACTIVE_GIMPS_ASSIGNMENT,2026-08-09T02:56:41+00:00,UNALLOCATED,,,,,
SLCMP1467-2556,2556,2557,509126539,2^509126539-1,STRUCTURAL_SCREEN_EXHAUSTED_PRIMALITY_UNASSIGNED,GF3A_DIRECTIONAL_WRITE_EXHAUSTED_PRIMALITY_UNASSIGNED,514,512,512,NO_RECORDED_FACTOR_PRP_OR_LL_RESULT_AND_NO_ACTIVE_GIMPS_ASSIGNMENT,2026-08-09T02:56:41+00:00,UNALLOCATED,,,,,
SLCMP1467-2557,2557,2558,509126621,2^509126621-1,STRUCTURAL_SCREEN_EXHAUSTED_PRIMALITY_UNASSIGNED,GF3A_DIRECTIONAL_WRITE_EXHAUSTED_PRIMALITY_UNASSIGNED,513,512,512,NO_RECORDED_FACTOR_PRP_OR_LL_RESULT_AND_NO_ACTIVE_GIMPS_ASSIGNMENT,2026-08-09T02:56:41+00:00,UNALLOCATED,,,,,
SLCMP1467-2558,2558,2559,509126677,2^509126677-1,STRUCTURAL_SCREEN_EXHAUSTED_PRIMALITY_UNASSIGNED,GF3A_DIRECTIONAL_WRITE_EXHAUSTED_PRIMALITY_UNASSIGNED,513,512,512,NO_RECORDED_FACTOR_PRP_OR_LL_RESULT_AND_NO_ACTIVE_GIMPS_ASSIGNMENT,2026-08-09T02:56:41+00:00,UNALLOCATED,,,,,
SLCMP1467-2559,2559,2560,509126687,2^509126687-1,STRUCTURAL_SCREEN_EXHAUSTED_PRIMALITY_UNASSIGNED,GF3A_DIRECTIONAL_WRITE_EXHAUSTED_PRIMALITY_UNASSIGNED,514,512,512,NO_RECORDED_FACTOR_PRP_OR_LL_RESULT_AND_NO_ACTIVE_GIMPS_ASSIGNMENT,2026-08-09T02:56:41+00:00,UNALLOCATED,,,,,
SLCMP1467-2560,2560,2561,509126743,2^509126743-1,STRUCTURAL_SCREEN_EXHAUSTED_PRIMALITY_UNASSIGNED,GF3A_DIRECTIONAL_WRITE_EXHAUSTED_PRIMALITY_UNASSIGNED,514,512,512,NO_RECORDED_FACTOR_PRP_OR_LL_RESULT_AND_NO_ACTIVE_GIMPS_ASSIGNMENT,2026-08-09T02:56:41+00:00,UNALLOCATED,,,,,
SLCMP1467-2561,2561,2562,509126773,2^509126773-1,STRUCTURAL_SCREEN_EXHAUSTED_PRIMALITY_UNASSIGNED,GF3A_DIRECTIONAL_WRITE_EXHAUSTED_PRIMALITY_UNASSIGNED,513,512,512,NO_RECORDED_FACTOR_PRP_OR_LL_RESULT_AND_NO_ACTIVE_GIMPS_ASSIGNMENT,2026-08-09T02:56:41+00:00,UNALLOCATED,,,,,
SLCMP1467-2562,2562,2563,509126777,2^509126777-1,STRUCTURAL_SCREEN_EXHAUSTED_PRIMALITY_UNASSIGNED,GF3A_DIRECTIONAL_WRITE_EXHAUSTED_PRIMALITY_UNASSIGNED,513,512,512,NO_RECORDED_FACTOR_PRP_OR_LL_RESULT_AND_NO_ACTIVE_GIMPS_ASSIGNMENT,2026-08-09T02:56:41+00:00,UNALLOCATED,,,,,
SLCMP1467-2563,2563,2564,509126789,2^509126789-1,STRUCTURAL_SCREEN_EXHAUSTED_PRIMALITY_UNASSIGNED,GF3A_DIRECTIONAL_WRITE_EXHAUSTED_PRIMALITY_UNASSIGNED,513,512,512,NO_RECORDED_FACTOR_PRP_OR_LL_RESULT_AND_NO_ACTIVE_GIMPS_ASSIGNMENT,2026-08-09T02:56:41+00:00,UNALLOCATED,,,,,
SLCMP1467-2564,2564,2565,509126809,2^509126809-1,STRUCTURAL_SCREEN_EXHAUSTED_PRIMALITY_UNASSIGNED,GF3A_DIRECTIONAL_WRITE_EXHAUSTED_PRIMALITY_UNASSIGNED,513,512,512,NO_RECORDED_FACTOR_PRP_OR_LL_RESULT_AND_NO_ACTIVE_GIMPS_ASSIGNMENT,2026-08-09T02:56:41+00:00,UNALLOCATED,,,,,
SLCMP1467-2565,2565,2566,509126909,2^509126909-1,STRUCTURAL_SCREEN_EXHAUSTED_PRIMALITY_UNASSIGNED,GF3A_DIRECTIONAL_WRITE_EXHAUSTED_PRIMALITY_UNASSIGNED,513,512,512,NO_RECORDED_FACTOR_PRP_OR_LL_RESULT_AND_NO_ACTIVE_GIMPS_ASSIGNMENT,2026-08-09T02:56:41+00:00,UNALLOCATED,,,,,
SLCMP1467-2566,2566,2567,509126927,2^509126927-1,STRUCTURAL_SCREEN_EXHAUSTED_PRIMALITY_UNASSIGNED,GF3A_DIRECTIONAL_WRITE_EXHAUSTED_PRIMALITY_UNASSIGNED,514,512,512,NO_RECORDED_FACTOR_PRP_OR_LL_RESULT_AND_NO_ACTIVE_GIMPS_ASSIGNMENT,2026-08-09T02:56:41+00:00,UNALLOCATED,,,,,
SLCMP1467-2567,2567,2568,509126953,2^509126953-1,STRUCTURAL_SCREEN_EXHAUSTED_PRIMALITY_UNASSIGNED,GF3A_DIRECTIONAL_WRITE_EXHAUSTED_PRIMALITY_UNASSIGNED,513,512,512,NO_RECORDED_FACTOR_PRP_OR_LL_RESULT_AND_NO_ACTIVE_GIMPS_ASSIGNMENT,2026-08-09T02:56:41+00:00,UNALLOCATED,,,,,
SLCMP1467-2568,2568,2569,509127007,2^509127007-1,STRUCTURAL_SCREEN_EXHAUSTED_PRIMALITY_UNASSIGNED,GF3A_DIRECTIONAL_WRITE_EXHAUSTED_PRIMALITY_UNASSIGNED,514,512,512,NO_RECORDED_FACTOR_PRP_OR_LL_RESULT_AND_NO_ACTIVE_GIMPS_ASSIGNMENT,2026-08-09T02:56:41+00:00,UNALLOCATED,,,,,
SLCMP1467-2569,2569,2570,509127041,2^509127041-1,STRUCTURAL_SCREEN_EXHAUSTED_PRIMALITY_UNASSIGNED,GF3A_DIRECTIONAL_WRITE_EXHAUSTED_PRIMALITY_UNASSIGNED,513,512,512,NO_RECORDED_FACTOR_PRP_OR_LL_RESULT_AND_NO_ACTIVE_GIMPS_ASSIGNMENT,2026-08-09T02:56:41+00:00,UNALLOCATED,,,,,
SLCMP1467-2570,2570,2571,509127049,2^509127049-1,STRUCTURAL_SCREEN_EXHAUSTED_PRIMALITY_UNASSIGNED,GF3A_DIRECTIONAL_WRITE_EXHAUSTED_PRIMALITY_UNASSIGNED,513,512,512,NO_RECORDED_FACTOR_PRP_OR_LL_RESULT_AND_NO_ACTIVE_GIMPS_ASSIGNMENT,2026-08-09T02:56:41+00:00,UNALLOCATED,,,,,
SLCMP1467-2571,2571,2572,509127061,2^509127061-1,STRUCTURAL_SCREEN_EXHAUSTED_PRIMALITY_UNASSIGNED,GF3A_DIRECTIONAL_WRITE_EXHAUSTED_PRIMALITY_UNASSIGNED,513,512,512,NO_RECORDED_FACTOR_PRP_OR_LL_RESULT_AND_NO_ACTIVE_GIMPS_ASSIGNMENT,2026-08-09T02:56:41+00:00,UNALLOCATED,,,,,
SLCMP1467-2572,2572,2573,509127083,2^509127083-1,STRUCTURAL_SCREEN_EXHAUSTED_PRIMALITY_UNASSIGNED,GF3A_DIRECTIONAL_WRITE_EXHAUSTED_PRIMALITY_UNASSIGNED,514,512,512,NO_RECORDED_FACTOR_PRP_OR_LL_RESULT_AND_NO_ACTIVE_GIMPS_ASSIGNMENT,2026-08-09T02:56:41+00:00,UNALLOCATED,,,,,
SLCMP1467-2573,2573,2574,509127137,2^509127137-1,STRUCTURAL_SCREEN_EXHAUSTED_PRIMALITY_UNASSIGNED,GF3A_DIRECTIONAL_WRITE_EXHAUSTED_PRIMALITY_UNASSIGNED,513,512,512,NO_RECORDED_FACTOR_PRP_OR_LL_RESULT_AND_NO_ACTIVE_GIMPS_ASSIGNMENT,2026-08-09T02:56:41+00:00,UNALLOCATED,,,,,
SLCMP1467-2574,2574,2575,509127139,2^509127139-1,STRUCTURAL_SCREEN_EXHAUSTED_PRIMALITY_UNASSIGNED,GF3A_DIRECTIONAL_WRITE_EXHAUSTED_PRIMALITY_UNASSIGNED,514,512,512,NO_RECORDED_FACTOR_PRP_OR_LL_RESULT_AND_NO_ACTIVE_GIMPS_ASSIGNMENT,2026-08-09T02:56:41+00:00,UNALLOCATED,,,,,
SLCMP1467-2575,2575,2576,509127251,2^509127251-1,STRUCTURAL_SCREEN_EXHAUSTED_PRIMALITY_UNASSIGNED,GF3A_DIRECTIONAL_WRITE_EXHAUSTED_PRIMALITY_UNASSIGNED,514,512,512,NO_RECORDED_FACTOR_PRP_OR_LL_RESULT_AND_NO_ACTIVE_GIMPS_ASSIGNMENT,2026-08-09T02:56:41+00:00,UNALLOCATED,,,,,
SLCMP1467-2576,2576,2577,509127341,2^509127341-1,STRUCTURAL_SCREEN_EXHAUSTED_PRIMALITY_UNASSIGNED,GF3A_DIRECTIONAL_WRITE_EXHAUSTED_PRIMALITY_UNASSIGNED,513,512,512,NO_RECORDED_FACTOR_PRP_OR_LL_RESULT_AND_NO_ACTIVE_GIMPS_ASSIGNMENT,2026-08-09T02:56:41+00:00,UNALLOCATED,,,,,
SLCMP1467-2577,2577,2578,509127413,2^509127413-1,STRUCTURAL_SCREEN_EXHAUSTED_PRIMALITY_UNASSIGNED,GF3A_DIRECTIONAL_WRITE_EXHAUSTED_PRIMALITY_UNASSIGNED,513,512,512,NO_RECORDED_FACTOR_PRP_OR_LL_RESULT_AND_NO_ACTIVE_GIMPS_ASSIGNMENT,2026-08-09T02:56:41+00:00,UNALLOCATED,,,,,
SLCMP1467-2578,2578,2579,509127457,2^509127457-1,STRUCTURAL_SCREEN_EXHAUSTED_PRIMALITY_UNASSIGNED,GF3A_DIRECTIONAL_WRITE_EXHAUSTED_PRIMALITY_UNASSIGNED,513,512,512,NO_RECORDED_FACTOR_PRP_OR_LL_RESULT_AND_NO_ACTIVE_GIMPS_ASSIGNMENT,2026-08-09T02:56:41+00:00,UNALLOCATED,,,,,
SLCMP1467-2579,2579,2580,509127467,2^509127467-1,STRUCTURAL_SCREEN_EXHAUSTED_PRIMALITY_UNASSIGNED,GF3A_DIRECTIONAL_WRITE_EXHAUSTED_PRIMALITY_UNASSIGNED,514,512,512,NO_RECORDED_FACTOR_PRP_OR_LL_RESULT_AND_NO_ACTIVE_GIMPS_ASSIGNMENT,2026-08-09T02:56:41+00:00,UNALLOCATED,,,,,
SLCMP1467-2580,2580,2581,509127497,2^509127497-1,STRUCTURAL_SCREEN_EXHAUSTED_PRIMALITY_UNASSIGNED,GF3A_DIRECTIONAL_WRITE_EXHAUSTED_PRIMALITY_UNASSIGNED,513,512,512,NO_RECORDED_FACTOR_PRP_OR_LL_RESULT_AND_NO_ACTIVE_GIMPS_ASSIGNMENT,2026-08-09T02:56:41+00:00,UNALLOCATED,,,,,
SLCMP1467-2581,2581,2582,509127557,2^509127557-1,STRUCTURAL_SCREEN_EXHAUSTED_PRIMALITY_UNASSIGNED,GF3A_DIRECTIONAL_WRITE_EXHAUSTED_PRIMALITY_UNASSIGNED,513,512,512,NO_RECORDED_FACTOR_PRP_OR_LL_RESULT_AND_NO_ACTIVE_GIMPS_ASSIGNMENT,2026-08-09T02:56:41+00:00,UNALLOCATED,,,,,
SLCMP1467-2582,2582,2583,509127559,2^509127559-1,STRUCTURAL_SCREEN_EXHAUSTED_PRIMALITY_UNASSIGNED,GF3A_DIRECTIONAL_WRITE_EXHAUSTED_PRIMALITY_UNASSIGNED,514,512,512,NO_RECORDED_FACTOR_PRP_OR_LL_RESULT_AND_NO_ACTIVE_GIMPS_ASSIGNMENT,2026-08-09T02:56:41+00:00,UNALLOCATED,,,,,
SLCMP1467-2583,2583,2584,509127571,2^509127571-1,STRUCTURAL_SCREEN_EXHAUSTED_PRIMALITY_UNASSIGNED,GF3A_DIRECTIONAL_WRITE_EXHAUSTED_PRIMALITY_UNASSIGNED,514,512,512,NO_RECORDED_FACTOR_PRP_OR_LL_RESULT_AND_NO_ACTIVE_GIMPS_ASSIGNMENT,2026-08-09T02:56:41+00:00,UNALLOCATED,,,,,
SLCMP1467-2584,2584,2585,509127589,2^509127589-1,STRUCTURAL_SCREEN_EXHAUSTED_PRIMALITY_UNASSIGNED,GF3A_DIRECTIONAL_WRITE_EXHAUSTED_PRIMALITY_UNASSIGNED,513,512,512,NO_RECORDED_FACTOR_PRP_OR_LL_RESULT_AND_NO_ACTIVE_GIMPS_ASSIGNMENT,2026-08-09T02:56:41+00:00,UNALLOCATED,,,,,
SLCMP1467-2585,2585,2586,509127613,2^509127613-1,STRUCTURAL_SCREEN_EXHAUSTED_PRIMALITY_UNASSIGNED,GF3A_DIRECTIONAL_WRITE_EXHAUSTED_PRIMALITY_UNASSIGNED,513,512,512,NO_RECORDED_FACTOR_PRP_OR_LL_RESULT_AND_NO_ACTIVE_GIMPS_ASSIGNMENT,2026-08-09T02:56:41+00:00,UNALLOCATED,,,,,
SLCMP1467-2586,2586,2587,509127637,2^509127637-1,STRUCTURAL_SCREEN_EXHAUSTED_PRIMALITY_UNASSIGNED,GF3A_DIRECTIONAL_WRITE_EXHAUSTED_PRIMALITY_UNASSIGNED,513,512,512,NO_RECORDED_FACTOR_PRP_OR_LL_RESULT_AND_NO_ACTIVE_GIMPS_ASSIGNMENT,2026-08-09T02:56:41+00:00,UNALLOCATED,,,,,
SLCMP1467-2587,2587,2588,509127649,2^509127649-1,STRUCTURAL_SCREEN_EXHAUSTED_PRIMALITY_UNASSIGNED,GF3A_DIRECTIONAL_WRITE_EXHAUSTED_PRIMALITY_UNASSIGNED,513,512,512,NO_RECORDED_FACTOR_PRP_OR_LL_RESULT_AND_NO_ACTIVE_GIMPS_ASSIGNMENT,2026-08-09T02:56:41+00:00,UNALLOCATED,,,,,
SLCMP1467-2588,2588,2589,509127823,2^509127823-1,STRUCTURAL_SCREEN_EXHAUSTED_PRIMALITY_UNASSIGNED,GF3A_DIRECTIONAL_WRITE_EXHAUSTED_PRIMALITY_UNASSIGNED,514,512,512,NO_RECORDED_FACTOR_PRP_OR_LL_RESULT_AND_NO_ACTIVE_GIMPS_ASSIGNMENT,2026-08-09T02:56:41+00:00,UNALLOCATED,,,,,
SLCMP1467-2589,2589,2590,509127907,2^509127907-1,STRUCTURAL_SCREEN_EXHAUSTED_PRIMALITY_UNASSIGNED,GF3A_DIRECTIONAL_WRITE_EXHAUSTED_PRIMALITY_UNASSIGNED,514,512,512,NO_RECORDED_FACTOR_PRP_OR_LL_RESULT_AND_NO_ACTIVE_GIMPS_ASSIGNMENT,2026-08-09T02:56:41+00:00,UNALLOCATED,,,,,
SLCMP1467-2590,2590,2591,509127967,2^509127967-1,STRUCTURAL_SCREEN_EXHAUSTED_PRIMALITY_UNASSIGNED,GF3A_DIRECTIONAL_WRITE_EXHAUSTED_PRIMALITY_UNASSIGNED,514,512,512,NO_RECORDED_FACTOR_PRP_OR_LL_RESULT_AND_NO_ACTIVE_GIMPS_ASSIGNMENT,2026-08-09T02:56:41+00:00,UNALLOCATED,,,,,
SLCMP1467-2591,2591,2592,509127989,2^509127989-1,STRUCTURAL_SCREEN_EXHAUSTED_PRIMALITY_UNASSIGNED,GF3A_DIRECTIONAL_WRITE_EXHAUSTED_PRIMALITY_UNASSIGNED,513,512,512,NO_RECORDED_FACTOR_PRP_OR_LL_RESULT_AND_NO_ACTIVE_GIMPS_ASSIGNMENT,2026-08-09T02:56:41+00:00,UNALLOCATED,,,,,
SLCMP1467-2592,2592,2593,509128181,2^509128181-1,STRUCTURAL_SCREEN_EXHAUSTED_PRIMALITY_UNASSIGNED,GF3A_DIRECTIONAL_WRITE_EXHAUSTED_PRIMALITY_UNASSIGNED,513,512,512,NO_RECORDED_FACTOR_PRP_OR_LL_RESULT_AND_NO_ACTIVE_GIMPS_ASSIGNMENT,2026-08-09T02:56:41+00:00,UNALLOCATED,,,,,
SLCMP1467-2593,2593,2594,509128187,2^509128187-1,STRUCTURAL_SCREEN_EXHAUSTED_PRIMALITY_UNASSIGNED,GF3A_DIRECTIONAL_WRITE_EXHAUSTED_PRIMALITY_UNASSIGNED,514,512,512,NO_RECORDED_FACTOR_PRP_OR_LL_RESULT_AND_NO_ACTIVE_GIMPS_ASSIGNMENT,2026-08-09T02:56:41+00:00,UNALLOCATED,,,,,
SLCMP1467-2594,2594,2595,509128297,2^509128297-1,STRUCTURAL_SCREEN_EXHAUSTED_PRIMALITY_UNASSIGNED,GF3A_DIRECTIONAL_WRITE_EXHAUSTED_PRIMALITY_UNASSIGNED,513,512,512,NO_RECORDED_FACTOR_PRP_OR_LL_RESULT_AND_NO_ACTIVE_GIMPS_ASSIGNMENT,2026-08-09T02:56:41+00:00,UNALLOCATED,,,,,
SLCMP1467-2595,2595,2596,509128307,2^509128307-1,STRUCTURAL_SCREEN_EXHAUSTED_PRIMALITY_UNASSIGNED,GF3A_DIRECTIONAL_WRITE_EXHAUSTED_PRIMALITY_UNASSIGNED,514,512,512,NO_RECORDED_FACTOR_PRP_OR_LL_RESULT_AND_NO_ACTIVE_GIMPS_ASSIGNMENT,2026-08-09T02:56:41+00:00,UNALLOCATED,,,,,
SLCMP1467-2596,2596,2597,509128337,2^509128337-1,STRUCTURAL_SCREEN_EXHAUSTED_PRIMALITY_UNASSIGNED,GF3A_DIRECTIONAL_WRITE_EXHAUSTED_PRIMALITY_UNASSIGNED,513,512,512,NO_RECORDED_FACTOR_PRP_OR_LL_RESULT_AND_NO_ACTIVE_GIMPS_ASSIGNMENT,2026-08-09T02:56:41+00:00,UNALLOCATED,,,,,
SLCMP1467-2597,2597,2598,509128409,2^509128409-1,STRUCTURAL_SCREEN_EXHAUSTED_PRIMALITY_UNASSIGNED,GF3A_DIRECTIONAL_WRITE_EXHAUSTED_PRIMALITY_UNASSIGNED,513,512,512,NO_RECORDED_FACTOR_PRP_OR_LL_RESULT_AND_NO_ACTIVE_GIMPS_ASSIGNMENT,2026-08-09T02:56:41+00:00,UNALLOCATED,,,,,
SLCMP1467-2598,2598,2599,509128507,2^509128507-1,STRUCTURAL_SCREEN_EXHAUSTED_PRIMALITY_UNASSIGNED,GF3A_DIRECTIONAL_WRITE_EXHAUSTED_PRIMALITY_UNASSIGNED,514,512,512,NO_RECORDED_FACTOR_PRP_OR_LL_RESULT_AND_NO_ACTIVE_GIMPS_ASSIGNMENT,2026-08-09T02:56:41+00:00,UNALLOCATED,,,,,
SLCMP1467-2599,2599,2600,509128559,2^509128559-1,STRUCTURAL_SCREEN_EXHAUSTED_PRIMALITY_UNASSIGNED,GF3A_DIRECTIONAL_WRITE_EXHAUSTED_PRIMALITY_UNASSIGNED,514,512,512,NO_RECORDED_FACTOR_PRP_OR_LL_RESULT_AND_NO_ACTIVE_GIMPS_ASSIGNMENT,2026-08-09T02:56:41+00:00,UNALLOCATED,,,,,
SLCMP1467-2600,2600,2601,509128661,2^509128661-1,STRUCTURAL_SCREEN_EXHAUSTED_PRIMALITY_UNASSIGNED,GF3A_DIRECTIONAL_WRITE_EXHAUSTED_PRIMALITY_UNASSIGNED,513,512,512,NO_RECORDED_FACTOR_PRP_OR_LL_RESULT_AND_NO_ACTIVE_GIMPS_ASSIGNMENT,2026-08-09T02:56:41+00:00,UNALLOCATED,,,,,
SLCMP1467-2601,2601,2602,509128687,2^509128687-1,STRUCTURAL_SCREEN_EXHAUSTED_PRIMALITY_UNASSIGNED,GF3A_DIRECTIONAL_WRITE_EXHAUSTED_PRIMALITY_UNASSIGNED,514,512,512,NO_RECORDED_FACTOR_PRP_OR_LL_RESULT_AND_NO_ACTIVE_GIMPS_ASSIGNMENT,2026-08-09T02:56:41+00:00,UNALLOCATED,,,,,
SLCMP1467-2602,2602,2603,509128771,2^509128771-1,STRUCTURAL_SCREEN_EXHAUSTED_PRIMALITY_UNASSIGNED,GF3A_DIRECTIONAL_WRITE_EXHAUSTED_PRIMALITY_UNASSIGNED,514,512,512,NO_RECORDED_FACTOR_PRP_OR_LL_RESULT_AND_NO_ACTIVE_GIMPS_ASSIGNMENT,2026-08-09T02:56:41+00:00,UNALLOCATED,,,,,
SLCMP1467-2603,2603,2604,509128817,2^509128817-1,STRUCTURAL_SCREEN_EXHAUSTED_PRIMALITY_UNASSIGNED,GF3A_DIRECTIONAL_WRITE_EXHAUSTED_PRIMALITY_UNASSIGNED,513,512,512,NO_RECORDED_FACTOR_PRP_OR_LL_RESULT_AND_NO_ACTIVE_GIMPS_ASSIGNMENT,2026-08-09T02:56:41+00:00,UNALLOCATED,,,,,
SLCMP1467-2604,2604,2605,509128951,2^509128951-1,STRUCTURAL_SCREEN_EXHAUSTED_PRIMALITY_UNASSIGNED,GF3A_DIRECTIONAL_WRITE_EXHAUSTED_PRIMALITY_UNASSIGNED,514,512,512,NO_RECORDED_FACTOR_PRP_OR_LL_RESULT_AND_NO_ACTIVE_GIMPS_ASSIGNMENT,2026-08-09T02:56:41+00:00,UNALLOCATED,,,,,
SLCMP1467-2605,2605,2606,509128969,2^509128969-1,STRUCTURAL_SCREEN_EXHAUSTED_PRIMALITY_UNASSIGNED,GF3A_DIRECTIONAL_WRITE_EXHAUSTED_PRIMALITY_UNASSIGNED,513,512,512,NO_RECORDED_FACTOR_PRP_OR_LL_RESULT_AND_NO_ACTIVE_GIMPS_ASSIGNMENT,2026-08-09T02:56:41+00:00,UNALLOCATED,,,,,
SLCMP1467-2606,2606,2607,509129029,2^509129029-1,STRUCTURAL_SCREEN_EXHAUSTED_PRIMALITY_UNASSIGNED,GF3A_DIRECTIONAL_WRITE_EXHAUSTED_PRIMALITY_UNASSIGNED,513,512,512,NO_RECORDED_FACTOR_PRP_OR_LL_RESULT_AND_NO_ACTIVE_GIMPS_ASSIGNMENT,2026-08-09T02:56:41+00:00,UNALLOCATED,,,,,
SLCMP1467-2607,2607,2608,509129147,2^509129147-1,STRUCTURAL_SCREEN_EXHAUSTED_PRIMALITY_UNASSIGNED,GF3A_DIRECTIONAL_WRITE_EXHAUSTED_PRIMALITY_UNASSIGNED,514,512,512,NO_RECORDED_FACTOR_PRP_OR_LL_RESULT_AND_NO_ACTIVE_GIMPS_ASSIGNMENT,2026-08-09T02:56:41+00:00,UNALLOCATED,,,,,
SLCMP1467-2608,2608,2609,509129189,2^509129189-1,STRUCTURAL_SCREEN_EXHAUSTED_PRIMALITY_UNASSIGNED,GF3A_DIRECTIONAL_WRITE_EXHAUSTED_PRIMALITY_UNASSIGNED,513,512,512,NO_RECORDED_FACTOR_PRP_OR_LL_RESULT_AND_NO_ACTIVE_GIMPS_ASSIGNMENT,2026-08-09T02:56:41+00:00,UNALLOCATED,,,,,
SLCMP1467-2609,2609,2610,509129407,2^509129407-1,STRUCTURAL_SCREEN_EXHAUSTED_PRIMALITY_UNASSIGNED,GF3A_DIRECTIONAL_WRITE_EXHAUSTED_PRIMALITY_UNASSIGNED,514,512,512,NO_RECORDED_FACTOR_PRP_OR_LL_RESULT_AND_NO_ACTIVE_GIMPS_ASSIGNMENT,2026-08-09T02:56:41+00:00,UNALLOCATED,,,,,
SLCMP1467-2610,2610,2611,509129459,2^509129459-1,STRUCTURAL_SCREEN_EXHAUSTED_PRIMALITY_UNASSIGNED,GF3A_DIRECTIONAL_WRITE_EXHAUSTED_PRIMALITY_UNASSIGNED,514,512,512,NO_RECORDED_FACTOR_PRP_OR_LL_RESULT_AND_NO_ACTIVE_GIMPS_ASSIGNMENT,2026-08-09T02:56:41+00:00,UNALLOCATED,,,,,
SLCMP1467-2611,2611,2612,509129591,2^509129591-1,STRUCTURAL_SCREEN_EXHAUSTED_PRIMALITY_UNASSIGNED,GF3A_DIRECTIONAL_WRITE_EXHAUSTED_PRIMALITY_UNASSIGNED,514,512,512,NO_RECORDED_FACTOR_PRP_OR_LL_RESULT_AND_NO_ACTIVE_GIMPS_ASSIGNMENT,2026-08-09T02:56:41+00:00,UNALLOCATED,,,,,
SLCMP1467-2612,2612,2613,509129609,2^509129609-1,STRUCTURAL_SCREEN_EXHAUSTED_PRIMALITY_UNASSIGNED,GF3A_DIRECTIONAL_WRITE_EXHAUSTED_PRIMALITY_UNASSIGNED,513,512,512,NO_RECORDED_FACTOR_PRP_OR_LL_RESULT_AND_NO_ACTIVE_GIMPS_ASSIGNMENT,2026-08-09T02:56:41+00:00,UNALLOCATED,,,,,
SLCMP1467-2613,2613,2614,509129671,2^509129671-1,STRUCTURAL_SCREEN_EXHAUSTED_PRIMALITY_UNASSIGNED,GF3A_DIRECTIONAL_WRITE_EXHAUSTED_PRIMALITY_UNASSIGNED,514,512,512,NO_RECORDED_FACTOR_PRP_OR_LL_RESULT_AND_NO_ACTIVE_GIMPS_ASSIGNMENT,2026-08-09T02:56:41+00:00,UNALLOCATED,,,,,
SLCMP1467-2614,2614,2615,509129773,2^509129773-1,STRUCTURAL_SCREEN_EXHAUSTED_PRIMALITY_UNASSIGNED,GF3A_DIRECTIONAL_WRITE_EXHAUSTED_PRIMALITY_UNASSIGNED,513,512,512,NO_RECORDED_FACTOR_PRP_OR_LL_RESULT_AND_NO_ACTIVE_GIMPS_ASSIGNMENT,2026-08-09T02:56:41+00:00,UNALLOCATED,,,,,
SLCMP1467-2615,2615,2616,509129837,2^509129837-1,STRUCTURAL_SCREEN_EXHAUSTED_PRIMALITY_UNASSIGNED,GF3A_DIRECTIONAL_WRITE_EXHAUSTED_PRIMALITY_UNASSIGNED,513,512,512,NO_RECORDED_FACTOR_PRP_OR_LL_RESULT_AND_NO_ACTIVE_GIMPS_ASSIGNMENT,2026-08-09T02:56:41+00:00,UNALLOCATED,,,,,
SLCMP1467-2616,2616,2617,509129843,2^509129843-1,STRUCTURAL_SCREEN_EXHAUSTED_PRIMALITY_UNASSIGNED,GF3A_DIRECTIONAL_WRITE_EXHAUSTED_PRIMALITY_UNASSIGNED,514,512,512,NO_RECORDED_FACTOR_PRP_OR_LL_RESULT_AND_NO_ACTIVE_GIMPS_ASSIGNMENT,2026-08-09T02:56:41+00:00,UNALLOCATED,,,,,
SLCMP1467-2617,2617,2618,509129849,2^509129849-1,STRUCTURAL_SCREEN_EXHAUSTED_PRIMALITY_UNASSIGNED,GF3A_DIRECTIONAL_WRITE_EXHAUSTED_PRIMALITY_UNASSIGNED,513,512,512,NO_RECORDED_FACTOR_PRP_OR_LL_RESULT_AND_NO_ACTIVE_GIMPS_ASSIGNMENT,2026-08-09T02:56:41+00:00,UNALLOCATED,,,,,
SLCMP1467-2618,2618,2619,509129891,2^509129891-1,STRUCTURAL_SCREEN_EXHAUSTED_PRIMALITY_UNASSIGNED,GF3A_DIRECTIONAL_WRITE_EXHAUSTED_PRIMALITY_UNASSIGNED,514,512,512,NO_RECORDED_FACTOR_PRP_OR_LL_RESULT_AND_NO_ACTIVE_GIMPS_ASSIGNMENT,2026-08-09T02:56:41+00:00,UNALLOCATED,,,,,
SLCMP1467-2619,2619,2620,509129921,2^509129921-1,STRUCTURAL_SCREEN_EXHAUSTED_PRIMALITY_UNASSIGNED,GF3A_DIRECTIONAL_WRITE_EXHAUSTED_PRIMALITY_UNASSIGNED,513,512,512,NO_RECORDED_FACTOR_PRP_OR_LL_RESULT_AND_NO_ACTIVE_GIMPS_ASSIGNMENT,2026-08-09T02:56:41+00:00,UNALLOCATED,,,,,
SLCMP1467-2620,2620,2621,509129969,2^509129969-1,STRUCTURAL_SCREEN_EXHAUSTED_PRIMALITY_UNASSIGNED,GF3A_DIRECTIONAL_WRITE_EXHAUSTED_PRIMALITY_UNASSIGNED,513,512,512,NO_RECORDED_FACTOR_PRP_OR_LL_RESULT_AND_NO_ACTIVE_GIMPS_ASSIGNMENT,2026-08-09T02:56:41+00:00,UNALLOCATED,,,,,
SLCMP1467-2621,2621,2622,509129977,2^509129977-1,STRUCTURAL_SCREEN_EXHAUSTED_PRIMALITY_UNASSIGNED,GF3A_DIRECTIONAL_WRITE_EXHAUSTED_PRIMALITY_UNASSIGNED,513,512,512,NO_RECORDED_FACTOR_PRP_OR_LL_RESULT_AND_NO_ACTIVE_GIMPS_ASSIGNMENT,2026-08-09T02:56:41+00:00,UNALLOCATED,,,,,
SLCMP1467-2622,2622,2623,509129983,2^509129983-1,STRUCTURAL_SCREEN_EXHAUSTED_PRIMALITY_UNASSIGNED,GF3A_DIRECTIONAL_WRITE_EXHAUSTED_PRIMALITY_UNASSIGNED,514,512,512,NO_RECORDED_FACTOR_PRP_OR_LL_RESULT_AND_NO_ACTIVE_GIMPS_ASSIGNMENT,2026-08-09T02:56:41+00:00,UNALLOCATED,,,,,
SLCMP1467-2623,2623,2624,509130049,2^509130049-1,STRUCTURAL_SCREEN_EXHAUSTED_PRIMALITY_UNASSIGNED,GF3A_DIRECTIONAL_WRITE_EXHAUSTED_PRIMALITY_UNASSIGNED,513,512,512,NO_RECORDED_FACTOR_PRP_OR_LL_RESULT_AND_NO_ACTIVE_GIMPS_ASSIGNMENT,2026-08-09T02:56:41+00:00,UNALLOCATED,,,,,
SLCMP1467-2624,2624,2625,509130151,2^509130151-1,STRUCTURAL_SCREEN_EXHAUSTED_PRIMALITY_UNASSIGNED,GF3A_DIRECTIONAL_WRITE_EXHAUSTED_PRIMALITY_UNASSIGNED,514,512,512,NO_RECORDED_FACTOR_PRP_OR_LL_RESULT_AND_NO_ACTIVE_GIMPS_ASSIGNMENT,2026-08-09T02:56:41+00:00,UNALLOCATED,,,,,
SLCMP1467-2625,2625,2626,509130163,2^509130163-1,STRUCTURAL_SCREEN_EXHAUSTED_PRIMALITY_UNASSIGNED,GF3A_DIRECTIONAL_WRITE_EXHAUSTED_PRIMALITY_UNASSIGNED,514,512,512,NO_RECORDED_FACTOR_PRP_OR_LL_RESULT_AND_NO_ACTIVE_GIMPS_ASSIGNMENT,2026-08-09T02:56:41+00:00,UNALLOCATED,,,,,
SLCMP1467-2626,2626,2627,509130241,2^509130241-1,STRUCTURAL_SCREEN_EXHAUSTED_PRIMALITY_UNASSIGNED,GF3A_DIRECTIONAL_WRITE_EXHAUSTED_PRIMALITY_UNASSIGNED,513,512,512,NO_RECORDED_FACTOR_PRP_OR_LL_RESULT_AND_NO_ACTIVE_GIMPS_ASSIGNMENT,2026-08-09T02:56:41+00:00,UNALLOCATED,,,,,
SLCMP1467-2627,2627,2628,509130247,2^509130247-1,STRUCTURAL_SCREEN_EXHAUSTED_PRIMALITY_UNASSIGNED,GF3A_DIRECTIONAL_WRITE_EXHAUSTED_PRIMALITY_UNASSIGNED,514,512,512,NO_RECORDED_FACTOR_PRP_OR_LL_RESULT_AND_NO_ACTIVE_GIMPS_ASSIGNMENT,2026-08-09T02:56:41+00:00,UNALLOCATED,,,,,
SLCMP1467-2628,2628,2629,509130257,2^509130257-1,STRUCTURAL_SCREEN_EXHAUSTED_PRIMALITY_UNASSIGNED,GF3A_DIRECTIONAL_WRITE_EXHAUSTED_PRIMALITY_UNASSIGNED,513,512,512,NO_RECORDED_FACTOR_PRP_OR_LL_RESULT_AND_NO_ACTIVE_GIMPS_ASSIGNMENT,2026-08-09T02:56:41+00:00,UNALLOCATED,,,,,
SLCMP1467-2629,2629,2630,509130317,2^509130317-1,STRUCTURAL_SCREEN_EXHAUSTED_PRIMALITY_UNASSIGNED,GF3A_DIRECTIONAL_WRITE_EXHAUSTED_PRIMALITY_UNASSIGNED,513,512,512,NO_RECORDED_FACTOR_PRP_OR_LL_RESULT_AND_NO_ACTIVE_GIMPS_ASSIGNMENT,2026-08-09T02:56:41+00:00,UNALLOCATED,,,,,
SLCMP1467-2630,2630,2631,509130361,2^509130361-1,STRUCTURAL_SCREEN_EXHAUSTED_PRIMALITY_UNASSIGNED,GF3A_DIRECTIONAL_WRITE_EXHAUSTED_PRIMALITY_UNASSIGNED,513,512,512,NO_RECORDED_FACTOR_PRP_OR_LL_RESULT_AND_NO_ACTIVE_GIMPS_ASSIGNMENT,2026-08-09T02:56:41+00:00,UNALLOCATED,,,,,
SLCMP1467-2631,2631,2632,509130373,2^509130373-1,STRUCTURAL_SCREEN_EXHAUSTED_PRIMALITY_UNASSIGNED,GF3A_DIRECTIONAL_WRITE_EXHAUSTED_PRIMALITY_UNASSIGNED,513,512,512,NO_RECORDED_FACTOR_PRP_OR_LL_RESULT_AND_NO_ACTIVE_GIMPS_ASSIGNMENT,2026-08-09T02:56:41+00:00,UNALLOCATED,,,,,
SLCMP1467-2632,2632,2633,509130407,2^509130407-1,STRUCTURAL_SCREEN_EXHAUSTED_PRIMALITY_UNASSIGNED,GF3A_DIRECTIONAL_WRITE_EXHAUSTED_PRIMALITY_UNASSIGNED,514,512,512,NO_RECORDED_FACTOR_PRP_OR_LL_RESULT_AND_NO_ACTIVE_GIMPS_ASSIGNMENT,2026-08-09T02:56:41+00:00,UNALLOCATED,,,,,
SLCMP1467-2633,2633,2634,509130443,2^509130443-1,STRUCTURAL_SCREEN_EXHAUSTED_PRIMALITY_UNASSIGNED,GF3A_DIRECTIONAL_WRITE_EXHAUSTED_PRIMALITY_UNASSIGNED,514,512,512,NO_RECORDED_FACTOR_PRP_OR_LL_RESULT_AND_NO_ACTIVE_GIMPS_ASSIGNMENT,2026-08-09T02:56:41+00:00,UNALLOCATED,,,,,
SLCMP1467-2634,2634,2635,509130469,2^509130469-1,STRUCTURAL_SCREEN_EXHAUSTED_PRIMALITY_UNASSIGNED,GF3A_DIRECTIONAL_WRITE_EXHAUSTED_PRIMALITY_UNASSIGNED,513,512,512,NO_RECORDED_FACTOR_PRP_OR_LL_RESULT_AND_NO_ACTIVE_GIMPS_ASSIGNMENT,2026-08-09T02:56:41+00:00,UNALLOCATED,,,,,
SLCMP1467-2635,2635,2636,509130473,2^509130473-1,STRUCTURAL_SCREEN_EXHAUSTED_PRIMALITY_UNASSIGNED,GF3A_DIRECTIONAL_WRITE_EXHAUSTED_PRIMALITY_UNASSIGNED,513,512,512,NO_RECORDED_FACTOR_PRP_OR_LL_RESULT_AND_NO_ACTIVE_GIMPS_ASSIGNMENT,2026-08-09T02:56:41+00:00,UNALLOCATED,,,,,
SLCMP1467-2636,2636,2637,509130481,2^509130481-1,STRUCTURAL_SCREEN_EXHAUSTED_PRIMALITY_UNASSIGNED,GF3A_DIRECTIONAL_WRITE_EXHAUSTED_PRIMALITY_UNASSIGNED,513,512,512,NO_RECORDED_FACTOR_PRP_OR_LL_RESULT_AND_NO_ACTIVE_GIMPS_ASSIGNMENT,2026-08-09T02:56:41+00:00,UNALLOCATED,,,,,
SLCMP1467-2637,2637,2638,509130487,2^509130487-1,STRUCTURAL_SCREEN_EXHAUSTED_PRIMALITY_UNASSIGNED,GF3A_DIRECTIONAL_WRITE_EXHAUSTED_PRIMALITY_UNASSIGNED,514,512,512,NO_RECORDED_FACTOR_PRP_OR_LL_RESULT_AND_NO_ACTIVE_GIMPS_ASSIGNMENT,2026-08-09T02:56:41+00:00,UNALLOCATED,,,,,
SLCMP1467-2638,2638,2639,509130491,2^509130491-1,STRUCTURAL_SCREEN_EXHAUSTED_PRIMALITY_UNASSIGNED,GF3A_DIRECTIONAL_WRITE_EXHAUSTED_PRIMALITY_UNASSIGNED,514,512,512,NO_RECORDED_FACTOR_PRP_OR_LL_RESULT_AND_NO_ACTIVE_GIMPS_ASSIGNMENT,2026-08-09T02:56:41+00:00,UNALLOCATED,,,,,
SLCMP1467-2639,2639,2640,509130581,2^509130581-1,STRUCTURAL_SCREEN_EXHAUSTED_PRIMALITY_UNASSIGNED,GF3A_DIRECTIONAL_WRITE_EXHAUSTED_PRIMALITY_UNASSIGNED,513,512,512,NO_RECORDED_FACTOR_PRP_OR_LL_RESULT_AND_NO_ACTIVE_GIMPS_ASSIGNMENT,2026-08-09T02:56:41+00:00,UNALLOCATED,,,,,
SLCMP1467-2640,2640,2641,509130697,2^509130697-1,STRUCTURAL_SCREEN_EXHAUSTED_PRIMALITY_UNASSIGNED,GF3A_DIRECTIONAL_WRITE_EXHAUSTED_PRIMALITY_UNASSIGNED,513,512,512,NO_RECORDED_FACTOR_PRP_OR_LL_RESULT_AND_NO_ACTIVE_GIMPS_ASSIGNMENT,2026-08-09T02:56:41+00:00,UNALLOCATED,,,,,
SLCMP1467-2641,2641,2642,509130749,2^509130749-1,STRUCTURAL_SCREEN_EXHAUSTED_PRIMALITY_UNASSIGNED,GF3A_DIRECTIONAL_WRITE_EXHAUSTED_PRIMALITY_UNASSIGNED,513,512,512,NO_RECORDED_FACTOR_PRP_OR_LL_RESULT_AND_NO_ACTIVE_GIMPS_ASSIGNMENT,2026-08-09T02:56:41+00:00,UNALLOCATED,,,,,
SLCMP1467-2642,2642,2643,509130823,2^509130823-1,STRUCTURAL_SCREEN_EXHAUSTED_PRIMALITY_UNASSIGNED,GF3A_DIRECTIONAL_WRITE_EXHAUSTED_PRIMALITY_UNASSIGNED,514,512,512,NO_RECORDED_FACTOR_PRP_OR_LL_RESULT_AND_NO_ACTIVE_GIMPS_ASSIGNMENT,2026-08-09T02:56:41+00:00,UNALLOCATED,,,,,
SLCMP1467-2643,2643,2644,509130889,2^509130889-1,STRUCTURAL_SCREEN_EXHAUSTED_PRIMALITY_UNASSIGNED,GF3A_DIRECTIONAL_WRITE_EXHAUSTED_PRIMALITY_UNASSIGNED,513,512,512,NO_RECORDED_FACTOR_PRP_OR_LL_RESULT_AND_NO_ACTIVE_GIMPS_ASSIGNMENT,2026-08-09T02:56:41+00:00,UNALLOCATED,,,,,
SLCMP1467-2644,2644,2645,509130911,2^509130911-1,STRUCTURAL_SCREEN_EXHAUSTED_PRIMALITY_UNASSIGNED,GF3A_DIRECTIONAL_WRITE_EXHAUSTED_PRIMALITY_UNASSIGNED,514,512,512,NO_RECORDED_FACTOR_PRP_OR_LL_RESULT_AND_NO_ACTIVE_GIMPS_ASSIGNMENT,2026-08-09T02:56:41+00:00,UNALLOCATED,,,,,
SLCMP1467-2645,2645,2646,509130913,2^509130913-1,STRUCTURAL_SCREEN_EXHAUSTED_PRIMALITY_UNASSIGNED,GF3A_DIRECTIONAL_WRITE_EXHAUSTED_PRIMALITY_UNASSIGNED,513,512,512,NO_RECORDED_FACTOR_PRP_OR_LL_RESULT_AND_NO_ACTIVE_GIMPS_ASSIGNMENT,2026-08-09T02:56:41+00:00,UNALLOCATED,,,,,
SLCMP1467-2646,2646,2647,509131027,2^509131027-1,STRUCTURAL_SCREEN_EXHAUSTED_PRIMALITY_UNASSIGNED,GF3A_DIRECTIONAL_WRITE_EXHAUSTED_PRIMALITY_UNASSIGNED,514,512,512,NO_RECORDED_FACTOR_PRP_OR_LL_RESULT_AND_NO_ACTIVE_GIMPS_ASSIGNMENT,2026-08-09T02:56:41+00:00,UNALLOCATED,,,,,
SLCMP1467-2647,2647,2648,509131031,2^509131031-1,STRUCTURAL_SCREEN_EXHAUSTED_PRIMALITY_UNASSIGNED,GF3A_DIRECTIONAL_WRITE_EXHAUSTED_PRIMALITY_UNASSIGNED,514,512,512,NO_RECORDED_FACTOR_PRP_OR_LL_RESULT_AND_NO_ACTIVE_GIMPS_ASSIGNMENT,2026-08-09T02:56:41+00:00,UNALLOCATED,,,,,
SLCMP1467-2648,2648,2649,509131093,2^509131093-1,STRUCTURAL_SCREEN_EXHAUSTED_PRIMALITY_UNASSIGNED,GF3A_DIRECTIONAL_WRITE_EXHAUSTED_PRIMALITY_UNASSIGNED,513,512,512,NO_RECORDED_FACTOR_PRP_OR_LL_RESULT_AND_NO_ACTIVE_GIMPS_ASSIGNMENT,2026-08-09T02:56:41+00:00,UNALLOCATED,,,,,
SLCMP1467-2649,2649,2650,509131109,2^509131109-1,STRUCTURAL_SCREEN_EXHAUSTED_PRIMALITY_UNASSIGNED,GF3A_DIRECTIONAL_WRITE_EXHAUSTED_PRIMALITY_UNASSIGNED,513,512,512,NO_RECORDED_FACTOR_PRP_OR_LL_RESULT_AND_NO_ACTIVE_GIMPS_ASSIGNMENT,2026-08-09T02:56:41+00:00,UNALLOCATED,,,,,
SLCMP1467-2650,2650,2651,509131123,2^509131123-1,STRUCTURAL_SCREEN_EXHAUSTED_PRIMALITY_UNASSIGNED,GF3A_DIRECTIONAL_WRITE_EXHAUSTED_PRIMALITY_UNASSIGNED,514,512,512,NO_RECORDED_FACTOR_PRP_OR_LL_RESULT_AND_NO_ACTIVE_GIMPS_ASSIGNMENT,2026-08-09T02:56:41+00:00,UNALLOCATED,,,,,
SLCMP1467-2651,2651,2652,509131177,2^509131177-1,STRUCTURAL_SCREEN_EXHAUSTED_PRIMALITY_UNASSIGNED,GF3A_DIRECTIONAL_WRITE_EXHAUSTED_PRIMALITY_UNASSIGNED,513,512,512,NO_RECORDED_FACTOR_PRP_OR_LL_RESULT_AND_NO_ACTIVE_GIMPS_ASSIGNMENT,2026-08-09T02:56:41+00:00,UNALLOCATED,,,,,
SLCMP1467-2652,2652,2653,509131253,2^509131253-1,STRUCTURAL_SCREEN_EXHAUSTED_PRIMALITY_UNASSIGNED,GF3A_DIRECTIONAL_WRITE_EXHAUSTED_PRIMALITY_UNASSIGNED,513,512,512,NO_RECORDED_FACTOR_PRP_OR_LL_RESULT_AND_NO_ACTIVE_GIMPS_ASSIGNMENT,2026-08-09T02:56:41+00:00,UNALLOCATED,,,,,
SLCMP1467-2653,2653,2654,509131267,2^509131267-1,STRUCTURAL_SCREEN_EXHAUSTED_PRIMALITY_UNASSIGNED,GF3A_DIRECTIONAL_WRITE_EXHAUSTED_PRIMALITY_UNASSIGNED,514,512,512,NO_RECORDED_FACTOR_PRP_OR_LL_RESULT_AND_NO_ACTIVE_GIMPS_ASSIGNMENT,2026-08-09T02:56:41+00:00,UNALLOCATED,,,,,
SLCMP1467-2654,2654,2655,509131297,2^509131297-1,STRUCTURAL_SCREEN_EXHAUSTED_PRIMALITY_UNASSIGNED,GF3A_DIRECTIONAL_WRITE_EXHAUSTED_PRIMALITY_UNASSIGNED,513,512,512,NO_RECORDED_FACTOR_PRP_OR_LL_RESULT_AND_NO_ACTIVE_GIMPS_ASSIGNMENT,2026-08-09T02:56:41+00:00,UNALLOCATED,,,,,
SLCMP1467-2655,2655,2656,509131367,2^509131367-1,STRUCTURAL_SCREEN_EXHAUSTED_PRIMALITY_UNASSIGNED,GF3A_DIRECTIONAL_WRITE_EXHAUSTED_PRIMALITY_UNASSIGNED,514,512,512,NO_RECORDED_FACTOR_PRP_OR_LL_RESULT_AND_NO_ACTIVE_GIMPS_ASSIGNMENT,2026-08-09T02:56:41+00:00,UNALLOCATED,,,,,
SLCMP1467-2656,2656,2657,509131373,2^509131373-1,STRUCTURAL_SCREEN_EXHAUSTED_PRIMALITY_UNASSIGNED,GF3A_DIRECTIONAL_WRITE_EXHAUSTED_PRIMALITY_UNASSIGNED,513,512,512,NO_RECORDED_FACTOR_PRP_OR_LL_RESULT_AND_NO_ACTIVE_GIMPS_ASSIGNMENT,2026-08-09T02:56:41+00:00,UNALLOCATED,,,,,
SLCMP1467-2657,2657,2658,509131411,2^509131411-1,STRUCTURAL_SCREEN_EXHAUSTED_PRIMALITY_UNASSIGNED,GF3A_DIRECTIONAL_WRITE_EXHAUSTED_PRIMALITY_UNASSIGNED,514,512,512,NO_RECORDED_FACTOR_PRP_OR_LL_RESULT_AND_NO_ACTIVE_GIMPS_ASSIGNMENT,2026-08-09T02:56:41+00:00,UNALLOCATED,,,,,
SLCMP1467-2658,2658,2659,509131457,2^509131457-1,STRUCTURAL_SCREEN_EXHAUSTED_PRIMALITY_UNASSIGNED,GF3A_DIRECTIONAL_WRITE_EXHAUSTED_PRIMALITY_UNASSIGNED,513,512,512,NO_RECORDED_FACTOR_PRP_OR_LL_RESULT_AND_NO_ACTIVE_GIMPS_ASSIGNMENT,2026-08-09T02:56:41+00:00,UNALLOCATED,,,,,
SLCMP1467-2659,2659,2660,509131463,2^509131463-1,STRUCTURAL_SCREEN_EXHAUSTED_PRIMALITY_UNASSIGNED,GF3A_DIRECTIONAL_WRITE_EXHAUSTED_PRIMALITY_UNASSIGNED,514,512,512,NO_RECORDED_FACTOR_PRP_OR_LL_RESULT_AND_NO_ACTIVE_GIMPS_ASSIGNMENT,2026-08-09T02:56:41+00:00,UNALLOCATED,,,,,
SLCMP1467-2660,2660,2661,509131501,2^509131501-1,STRUCTURAL_SCREEN_EXHAUSTED_PRIMALITY_UNASSIGNED,GF3A_DIRECTIONAL_WRITE_EXHAUSTED_PRIMALITY_UNASSIGNED,513,512,512,NO_RECORDED_FACTOR_PRP_OR_LL_RESULT_AND_NO_ACTIVE_GIMPS_ASSIGNMENT,2026-08-09T02:56:41+00:00,UNALLOCATED,,,,,
SLCMP1467-2661,2661,2662,509131583,2^509131583-1,STRUCTURAL_SCREEN_EXHAUSTED_PRIMALITY_UNASSIGNED,GF3A_DIRECTIONAL_WRITE_EXHAUSTED_PRIMALITY_UNASSIGNED,514,512,512,NO_RECORDED_FACTOR_PRP_OR_LL_RESULT_AND_NO_ACTIVE_GIMPS_ASSIGNMENT,2026-08-09T02:56:41+00:00,UNALLOCATED,,,,,
SLCMP1467-2662,2662,2663,509131633,2^509131633-1,STRUCTURAL_SCREEN_EXHAUSTED_PRIMALITY_UNASSIGNED,GF3A_DIRECTIONAL_WRITE_EXHAUSTED_PRIMALITY_UNASSIGNED,513,512,512,NO_RECORDED_FACTOR_PRP_OR_LL_RESULT_AND_NO_ACTIVE_GIMPS_ASSIGNMENT,2026-08-09T02:56:41+00:00,UNALLOCATED,,,,,
SLCMP1467-2663,2663,2664,509131687,2^509131687-1,STRUCTURAL_SCREEN_EXHAUSTED_PRIMALITY_UNASSIGNED,GF3A_DIRECTIONAL_WRITE_EXHAUSTED_PRIMALITY_UNASSIGNED,514,512,512,NO_RECORDED_FACTOR_PRP_OR_LL_RESULT_AND_NO_ACTIVE_GIMPS_ASSIGNMENT,2026-08-09T02:56:41+00:00,UNALLOCATED,,,,,
SLCMP1467-2664,2664,2665,509131751,2^509131751-1,STRUCTURAL_SCREEN_EXHAUSTED_PRIMALITY_UNASSIGNED,GF3A_DIRECTIONAL_WRITE_EXHAUSTED_PRIMALITY_UNASSIGNED,514,512,512,NO_RECORDED_FACTOR_PRP_OR_LL_RESULT_AND_NO_ACTIVE_GIMPS_ASSIGNMENT,2026-08-09T02:56:41+00:00,UNALLOCATED,,,,,
SLCMP1467-2665,2665,2666,509131837,2^509131837-1,STRUCTURAL_SCREEN_EXHAUSTED_PRIMALITY_UNASSIGNED,GF3A_DIRECTIONAL_WRITE_EXHAUSTED_PRIMALITY_UNASSIGNED,513,512,512,NO_RECORDED_FACTOR_PRP_OR_LL_RESULT_AND_NO_ACTIVE_GIMPS_ASSIGNMENT,2026-08-09T02:56:41+00:00,UNALLOCATED,,,,,
SLCMP1467-2666,2666,2667,509131949,2^509131949-1,STRUCTURAL_SCREEN_EXHAUSTED_PRIMALITY_UNASSIGNED,GF3A_DIRECTIONAL_WRITE_EXHAUSTED_PRIMALITY_UNASSIGNED,513,512,512,NO_RECORDED_FACTOR_PRP_OR_LL_RESULT_AND_NO_ACTIVE_GIMPS_ASSIGNMENT,2026-08-09T02:56:41+00:00,UNALLOCATED,,,,,
SLCMP1467-2667,2667,2668,509132077,2^509132077-1,STRUCTURAL_SCREEN_EXHAUSTED_PRIMALITY_UNASSIGNED,GF3A_DIRECTIONAL_WRITE_EXHAUSTED_PRIMALITY_UNASSIGNED,513,512,512,NO_RECORDED_FACTOR_PRP_OR_LL_RESULT_AND_NO_ACTIVE_GIMPS_ASSIGNMENT,2026-08-09T02:56:41+00:00,UNALLOCATED,,,,,
SLCMP1467-2668,2668,2669,509132089,2^509132089-1,STRUCTURAL_SCREEN_EXHAUSTED_PRIMALITY_UNASSIGNED,GF3A_DIRECTIONAL_WRITE_EXHAUSTED_PRIMALITY_UNASSIGNED,513,512,512,NO_RECORDED_FACTOR_PRP_OR_LL_RESULT_AND_NO_ACTIVE_GIMPS_ASSIGNMENT,2026-08-09T02:56:41+00:00,UNALLOCATED,,,,,
SLCMP1467-2669,2669,2670,509132131,2^509132131-1,STRUCTURAL_SCREEN_EXHAUSTED_PRIMALITY_UNASSIGNED,GF3A_DIRECTIONAL_WRITE_EXHAUSTED_PRIMALITY_UNASSIGNED,514,512,512,NO_RECORDED_FACTOR_PRP_OR_LL_RESULT_AND_NO_ACTIVE_GIMPS_ASSIGNMENT,2026-08-09T02:56:41+00:00,UNALLOCATED,,,,,
SLCMP1467-2670,2670,2671,509132231,2^509132231-1,STRUCTURAL_SCREEN_EXHAUSTED_PRIMALITY_UNASSIGNED,GF3A_DIRECTIONAL_WRITE_EXHAUSTED_PRIMALITY_UNASSIGNED,514,512,512,NO_RECORDED_FACTOR_PRP_OR_LL_RESULT_AND_NO_ACTIVE_GIMPS_ASSIGNMENT,2026-08-09T02:56:41+00:00,UNALLOCATED,,,,,
SLCMP1467-2671,2671,2672,509132233,2^509132233-1,STRUCTURAL_SCREEN_EXHAUSTED_PRIMALITY_UNASSIGNED,GF3A_DIRECTIONAL_WRITE_EXHAUSTED_PRIMALITY_UNASSIGNED,513,512,512,NO_RECORDED_FACTOR_PRP_OR_LL_RESULT_AND_NO_ACTIVE_GIMPS_ASSIGNMENT,2026-08-09T02:56:41+00:00,UNALLOCATED,,,,,
SLCMP1467-2672,2672,2673,509132279,2^509132279-1,STRUCTURAL_SCREEN_EXHAUSTED_PRIMALITY_UNASSIGNED,GF3A_DIRECTIONAL_WRITE_EXHAUSTED_PRIMALITY_UNASSIGNED,514,512,512,NO_RECORDED_FACTOR_PRP_OR_LL_RESULT_AND_NO_ACTIVE_GIMPS_ASSIGNMENT,2026-08-09T02:56:41+00:00,UNALLOCATED,,,,,
SLCMP1467-2673,2673,2674,509132311,2^509132311-1,STRUCTURAL_SCREEN_EXHAUSTED_PRIMALITY_UNASSIGNED,GF3A_DIRECTIONAL_WRITE_EXHAUSTED_PRIMALITY_UNASSIGNED,514,512,512,NO_RECORDED_FACTOR_PRP_OR_LL_RESULT_AND_NO_ACTIVE_GIMPS_ASSIGNMENT,2026-08-09T02:56:41+00:00,UNALLOCATED,,,,,
SLCMP1467-2674,2674,2675,509132387,2^509132387-1,STRUCTURAL_SCREEN_EXHAUSTED_PRIMALITY_UNASSIGNED,GF3A_DIRECTIONAL_WRITE_EXHAUSTED_PRIMALITY_UNASSIGNED,514,512,512,NO_RECORDED_FACTOR_PRP_OR_LL_RESULT_AND_NO_ACTIVE_GIMPS_ASSIGNMENT,2026-08-09T02:56:41+00:00,UNALLOCATED,,,,,
SLCMP1467-2675,2675,2676,509132467,2^509132467-1,STRUCTURAL_SCREEN_EXHAUSTED_PRIMALITY_UNASSIGNED,GF3A_DIRECTIONAL_WRITE_EXHAUSTED_PRIMALITY_UNASSIGNED,514,512,512,NO_RECORDED_FACTOR_PRP_OR_LL_RESULT_AND_NO_ACTIVE_GIMPS_ASSIGNMENT,2026-08-09T02:56:41+00:00,UNALLOCATED,,,,,
SLCMP1467-2676,2676,2677,509132479,2^509132479-1,STRUCTURAL_SCREEN_EXHAUSTED_PRIMALITY_UNASSIGNED,GF3A_DIRECTIONAL_WRITE_EXHAUSTED_PRIMALITY_UNASSIGNED,514,512,512,NO_RECORDED_FACTOR_PRP_OR_LL_RESULT_AND_NO_ACTIVE_GIMPS_ASSIGNMENT,2026-08-09T02:56:41+00:00,UNALLOCATED,,,,,
SLCMP1467-2677,2677,2678,509132563,2^509132563-1,STRUCTURAL_SCREEN_EXHAUSTED_PRIMALITY_UNASSIGNED,GF3A_DIRECTIONAL_WRITE_EXHAUSTED_PRIMALITY_UNASSIGNED,514,512,512,NO_RECORDED_FACTOR_PRP_OR_LL_RESULT_AND_NO_ACTIVE_GIMPS_ASSIGNMENT,2026-08-09T02:56:41+00:00,UNALLOCATED,,,,,
SLCMP1467-2678,2678,2679,509132581,2^509132581-1,STRUCTURAL_SCREEN_EXHAUSTED_PRIMALITY_UNASSIGNED,GF3A_DIRECTIONAL_WRITE_EXHAUSTED_PRIMALITY_UNASSIGNED,513,512,512,NO_RECORDED_FACTOR_PRP_OR_LL_RESULT_AND_NO_ACTIVE_GIMPS_ASSIGNMENT,2026-08-09T02:56:41+00:00,UNALLOCATED,,,,,
SLCMP1467-2679,2679,2680,509132639,2^509132639-1,STRUCTURAL_SCREEN_EXHAUSTED_PRIMALITY_UNASSIGNED,GF3A_DIRECTIONAL_WRITE_EXHAUSTED_PRIMALITY_UNASSIGNED,514,512,512,NO_RECORDED_FACTOR_PRP_OR_LL_RESULT_AND_NO_ACTIVE_GIMPS_ASSIGNMENT,2026-08-09T02:56:41+00:00,UNALLOCATED,,,,,
SLCMP1467-2680,2680,2681,509132699,2^509132699-1,STRUCTURAL_SCREEN_EXHAUSTED_PRIMALITY_UNASSIGNED,GF3A_DIRECTIONAL_WRITE_EXHAUSTED_PRIMALITY_UNASSIGNED,514,512,512,NO_RECORDED_FACTOR_PRP_OR_LL_RESULT_AND_NO_ACTIVE_GIMPS_ASSIGNMENT,2026-08-09T02:56:41+00:00,UNALLOCATED,,,,,
SLCMP1467-2681,2681,2682,509132731,2^509132731-1,STRUCTURAL_SCREEN_EXHAUSTED_PRIMALITY_UNASSIGNED,GF3A_DIRECTIONAL_WRITE_EXHAUSTED_PRIMALITY_UNASSIGNED,514,512,512,NO_RECORDED_FACTOR_PRP_OR_LL_RESULT_AND_NO_ACTIVE_GIMPS_ASSIGNMENT,2026-08-09T02:56:41+00:00,UNALLOCATED,,,,,
SLCMP1467-2682,2682,2683,509132843,2^509132843-1,STRUCTURAL_SCREEN_EXHAUSTED_PRIMALITY_UNASSIGNED,GF3A_DIRECTIONAL_WRITE_EXHAUSTED_PRIMALITY_UNASSIGNED,514,512,512,NO_RECORDED_FACTOR_PRP_OR_LL_RESULT_AND_NO_ACTIVE_GIMPS_ASSIGNMENT,2026-08-09T02:56:41+00:00,UNALLOCATED,,,,,
SLCMP1467-2683,2683,2684,509133013,2^509133013-1,STRUCTURAL_SCREEN_EXHAUSTED_PRIMALITY_UNASSIGNED,GF3A_DIRECTIONAL_WRITE_EXHAUSTED_PRIMALITY_UNASSIGNED,513,512,512,NO_RECORDED_FACTOR_PRP_OR_LL_RESULT_AND_NO_ACTIVE_GIMPS_ASSIGNMENT,2026-08-09T02:56:41+00:00,UNALLOCATED,,,,,
SLCMP1467-2684,2684,2685,509133103,2^509133103-1,STRUCTURAL_SCREEN_EXHAUSTED_PRIMALITY_UNASSIGNED,GF3A_DIRECTIONAL_WRITE_EXHAUSTED_PRIMALITY_UNASSIGNED,514,512,512,NO_RECORDED_FACTOR_PRP_OR_LL_RESULT_AND_NO_ACTIVE_GIMPS_ASSIGNMENT,2026-08-09T02:56:41+00:00,UNALLOCATED,,,,,
SLCMP1467-2685,2685,2686,509133161,2^509133161-1,STRUCTURAL_SCREEN_EXHAUSTED_PRIMALITY_UNASSIGNED,GF3A_DIRECTIONAL_WRITE_EXHAUSTED_PRIMALITY_UNASSIGNED,513,512,512,NO_RECORDED_FACTOR_PRP_OR_LL_RESULT_AND_NO_ACTIVE_GIMPS_ASSIGNMENT,2026-08-09T02:56:41+00:00,UNALLOCATED,,,,,
SLCMP1467-2686,2686,2687,509133257,2^509133257-1,STRUCTURAL_SCREEN_EXHAUSTED_PRIMALITY_UNASSIGNED,GF3A_DIRECTIONAL_WRITE_EXHAUSTED_PRIMALITY_UNASSIGNED,513,512,512,NO_RECORDED_FACTOR_PRP_OR_LL_RESULT_AND_NO_ACTIVE_GIMPS_ASSIGNMENT,2026-08-09T02:56:41+00:00,UNALLOCATED,,,,,
SLCMP1467-2687,2687,2688,509133337,2^509133337-1,STRUCTURAL_SCREEN_EXHAUSTED_PRIMALITY_UNASSIGNED,GF3A_DIRECTIONAL_WRITE_EXHAUSTED_PRIMALITY_UNASSIGNED,513,512,512,NO_RECORDED_FACTOR_PRP_OR_LL_RESULT_AND_NO_ACTIVE_GIMPS_ASSIGNMENT,2026-08-09T02:56:41+00:00,UNALLOCATED,,,,,
SLCMP1467-2688,2688,2689,509133347,2^509133347-1,STRUCTURAL_SCREEN_EXHAUSTED_PRIMALITY_UNASSIGNED,GF3A_DIRECTIONAL_WRITE_EXHAUSTED_PRIMALITY_UNASSIGNED,514,512,512,NO_RECORDED_FACTOR_PRP_OR_LL_RESULT_AND_NO_ACTIVE_GIMPS_ASSIGNMENT,2026-08-09T02:56:41+00:00,UNALLOCATED,,,,,
SLCMP1467-2689,2689,2690,509133409,2^509133409-1,STRUCTURAL_SCREEN_EXHAUSTED_PRIMALITY_UNASSIGNED,GF3A_DIRECTIONAL_WRITE_EXHAUSTED_PRIMALITY_UNASSIGNED,513,512,512,NO_RECORDED_FACTOR_PRP_OR_LL_RESULT_AND_NO_ACTIVE_GIMPS_ASSIGNMENT,2026-08-09T02:56:41+00:00,UNALLOCATED,,,,,
SLCMP1467-2690,2690,2691,509133461,2^509133461-1,STRUCTURAL_SCREEN_EXHAUSTED_PRIMALITY_UNASSIGNED,GF3A_DIRECTIONAL_WRITE_EXHAUSTED_PRIMALITY_UNASSIGNED,513,512,512,NO_RECORDED_FACTOR_PRP_OR_LL_RESULT_AND_NO_ACTIVE_GIMPS_ASSIGNMENT,2026-08-09T02:56:41+00:00,UNALLOCATED,,,,,
SLCMP1467-2691,2691,2692,509133517,2^509133517-1,STRUCTURAL_SCREEN_EXHAUSTED_PRIMALITY_UNASSIGNED,GF3A_DIRECTIONAL_WRITE_EXHAUSTED_PRIMALITY_UNASSIGNED,513,512,512,NO_RECORDED_FACTOR_PRP_OR_LL_RESULT_AND_NO_ACTIVE_GIMPS_ASSIGNMENT,2026-08-09T02:56:41+00:00,UNALLOCATED,,,,,
SLCMP1467-2692,2692,2693,509133523,2^509133523-1,STRUCTURAL_SCREEN_EXHAUSTED_PRIMALITY_UNASSIGNED,GF3A_DIRECTIONAL_WRITE_EXHAUSTED_PRIMALITY_UNASSIGNED,514,512,512,NO_RECORDED_FACTOR_PRP_OR_LL_RESULT_AND_NO_ACTIVE_GIMPS_ASSIGNMENT,2026-08-09T02:56:41+00:00,UNALLOCATED,,,,,
SLCMP1467-2693,2693,2694,509133571,2^509133571-1,STRUCTURAL_SCREEN_EXHAUSTED_PRIMALITY_UNASSIGNED,GF3A_DIRECTIONAL_WRITE_EXHAUSTED_PRIMALITY_UNASSIGNED,514,512,512,NO_RECORDED_FACTOR_PRP_OR_LL_RESULT_AND_NO_ACTIVE_GIMPS_ASSIGNMENT,2026-08-09T02:56:41+00:00,UNALLOCATED,,,,,
SLCMP1467-2694,2694,2695,509133593,2^509133593-1,STRUCTURAL_SCREEN_EXHAUSTED_PRIMALITY_UNASSIGNED,GF3A_DIRECTIONAL_WRITE_EXHAUSTED_PRIMALITY_UNASSIGNED,513,512,512,NO_RECORDED_FACTOR_PRP_OR_LL_RESULT_AND_NO_ACTIVE_GIMPS_ASSIGNMENT,2026-08-09T02:56:41+00:00,UNALLOCATED,,,,,
SLCMP1467-2695,2695,2696,509133619,2^509133619-1,STRUCTURAL_SCREEN_EXHAUSTED_PRIMALITY_UNASSIGNED,GF3A_DIRECTIONAL_WRITE_EXHAUSTED_PRIMALITY_UNASSIGNED,514,512,512,NO_RECORDED_FACTOR_PRP_OR_LL_RESULT_AND_NO_ACTIVE_GIMPS_ASSIGNMENT,2026-08-09T02:56:41+00:00,UNALLOCATED,,,,,
SLCMP1467-2696,2696,2697,509133673,2^509133673-1,STRUCTURAL_SCREEN_EXHAUSTED_PRIMALITY_UNASSIGNED,GF3A_DIRECTIONAL_WRITE_EXHAUSTED_PRIMALITY_UNASSIGNED,513,512,512,NO_RECORDED_FACTOR_PRP_OR_LL_RESULT_AND_NO_ACTIVE_GIMPS_ASSIGNMENT,2026-08-09T02:56:41+00:00,UNALLOCATED,,,,,
SLCMP1467-2697,2697,2698,509133683,2^509133683-1,STRUCTURAL_SCREEN_EXHAUSTED_PRIMALITY_UNASSIGNED,GF3A_DIRECTIONAL_WRITE_EXHAUSTED_PRIMALITY_UNASSIGNED,514,512,512,NO_RECORDED_FACTOR_PRP_OR_LL_RESULT_AND_NO_ACTIVE_GIMPS_ASSIGNMENT,2026-08-09T02:56:41+00:00,UNALLOCATED,,,,,
SLCMP1467-2698,2698,2699,509133721,2^509133721-1,STRUCTURAL_SCREEN_EXHAUSTED_PRIMALITY_UNASSIGNED,GF3A_DIRECTIONAL_WRITE_EXHAUSTED_PRIMALITY_UNASSIGNED,513,512,512,NO_RECORDED_FACTOR_PRP_OR_LL_RESULT_AND_NO_ACTIVE_GIMPS_ASSIGNMENT,2026-08-09T02:56:41+00:00,UNALLOCATED,,,,,
SLCMP1467-2699,2699,2700,509133763,2^509133763-1,STRUCTURAL_SCREEN_EXHAUSTED_PRIMALITY_UNASSIGNED,GF3A_DIRECTIONAL_WRITE_EXHAUSTED_PRIMALITY_UNASSIGNED,514,512,512,NO_RECORDED_FACTOR_PRP_OR_LL_RESULT_AND_NO_ACTIVE_GIMPS_ASSIGNMENT,2026-08-09T02:56:41+00:00,UNALLOCATED,,,,,
SLCMP1467-2700,2700,2701,509133769,2^509133769-1,STRUCTURAL_SCREEN_EXHAUSTED_PRIMALITY_UNASSIGNED,GF3A_DIRECTIONAL_WRITE_EXHAUSTED_PRIMALITY_UNASSIGNED,513,512,512,NO_RECORDED_FACTOR_PRP_OR_LL_RESULT_AND_NO_ACTIVE_GIMPS_ASSIGNMENT,2026-08-09T02:56:41+00:00,UNALLOCATED,,,,,
SLCMP1467-2701,2701,2702,509133791,2^509133791-1,STRUCTURAL_SCREEN_EXHAUSTED_PRIMALITY_UNASSIGNED,GF3A_DIRECTIONAL_WRITE_EXHAUSTED_PRIMALITY_UNASSIGNED,514,512,512,NO_RECORDED_FACTOR_PRP_OR_LL_RESULT_AND_NO_ACTIVE_GIMPS_ASSIGNMENT,2026-08-09T02:56:41+00:00,UNALLOCATED,,,,,
SLCMP1467-2702,2702,2703,509133853,2^509133853-1,STRUCTURAL_SCREEN_EXHAUSTED_PRIMALITY_UNASSIGNED,GF3A_DIRECTIONAL_WRITE_EXHAUSTED_PRIMALITY_UNASSIGNED,513,512,512,NO_RECORDED_FACTOR_PRP_OR_LL_RESULT_AND_NO_ACTIVE_GIMPS_ASSIGNMENT,2026-08-09T02:56:41+00:00,UNALLOCATED,,,,,
SLCMP1467-2703,2703,2704,509133929,2^509133929-1,STRUCTURAL_SCREEN_EXHAUSTED_PRIMALITY_UNASSIGNED,GF3A_DIRECTIONAL_WRITE_EXHAUSTED_PRIMALITY_UNASSIGNED,513,512,512,NO_RECORDED_FACTOR_PRP_OR_LL_RESULT_AND_NO_ACTIVE_GIMPS_ASSIGNMENT,2026-08-09T02:56:41+00:00,UNALLOCATED,,,,,
SLCMP1467-2704,2704,2705,509133991,2^509133991-1,STRUCTURAL_SCREEN_EXHAUSTED_PRIMALITY_UNASSIGNED,GF3A_DIRECTIONAL_WRITE_EXHAUSTED_PRIMALITY_UNASSIGNED,514,512,512,NO_RECORDED_FACTOR_PRP_OR_LL_RESULT_AND_NO_ACTIVE_GIMPS_ASSIGNMENT,2026-08-09T02:56:41+00:00,UNALLOCATED,,,,,
SLCMP1467-2705,2705,2706,509134007,2^509134007-1,STRUCTURAL_SCREEN_EXHAUSTED_PRIMALITY_UNASSIGNED,GF3A_DIRECTIONAL_WRITE_EXHAUSTED_PRIMALITY_UNASSIGNED,514,512,512,NO_RECORDED_FACTOR_PRP_OR_LL_RESULT_AND_NO_ACTIVE_GIMPS_ASSIGNMENT,2026-08-09T02:56:41+00:00,UNALLOCATED,,,,,
SLCMP1467-2706,2706,2707,509134009,2^509134009-1,STRUCTURAL_SCREEN_EXHAUSTED_PRIMALITY_UNASSIGNED,GF3A_DIRECTIONAL_WRITE_EXHAUSTED_PRIMALITY_UNASSIGNED,513,512,512,NO_RECORDED_FACTOR_PRP_OR_LL_RESULT_AND_NO_ACTIVE_GIMPS_ASSIGNMENT,2026-08-09T02:56:41+00:00,UNALLOCATED,,,,,
SLCMP1467-2707,2707,2708,509134027,2^509134027-1,STRUCTURAL_SCREEN_EXHAUSTED_PRIMALITY_UNASSIGNED,GF3A_DIRECTIONAL_WRITE_EXHAUSTED_PRIMALITY_UNASSIGNED,514,512,512,NO_RECORDED_FACTOR_PRP_OR_LL_RESULT_AND_NO_ACTIVE_GIMPS_ASSIGNMENT,2026-08-09T02:56:41+00:00,UNALLOCATED,,,,,
SLCMP1467-2708,2708,2709,509134133,2^509134133-1,STRUCTURAL_SCREEN_EXHAUSTED_PRIMALITY_UNASSIGNED,GF3A_DIRECTIONAL_WRITE_EXHAUSTED_PRIMALITY_UNASSIGNED,513,512,512,NO_RECORDED_FACTOR_PRP_OR_LL_RESULT_AND_NO_ACTIVE_GIMPS_ASSIGNMENT,2026-08-09T02:56:41+00:00,UNALLOCATED,,,,,
SLCMP1467-2709,2709,2710,509134189,2^509134189-1,STRUCTURAL_SCREEN_EXHAUSTED_PRIMALITY_UNASSIGNED,GF3A_DIRECTIONAL_WRITE_EXHAUSTED_PRIMALITY_UNASSIGNED,513,512,512,NO_RECORDED_FACTOR_PRP_OR_LL_RESULT_AND_NO_ACTIVE_GIMPS_ASSIGNMENT,2026-08-09T02:56:41+00:00,UNALLOCATED,,,,,
SLCMP1467-2710,2710,2711,509134217,2^509134217-1,STRUCTURAL_SCREEN_EXHAUSTED_PRIMALITY_UNASSIGNED,GF3A_DIRECTIONAL_WRITE_EXHAUSTED_PRIMALITY_UNASSIGNED,513,512,512,NO_RECORDED_FACTOR_PRP_OR_LL_RESULT_AND_NO_ACTIVE_GIMPS_ASSIGNMENT,2026-08-09T02:56:41+00:00,UNALLOCATED,,,,,
SLCMP1467-2711,2711,2712,509134277,2^509134277-1,STRUCTURAL_SCREEN_EXHAUSTED_PRIMALITY_UNASSIGNED,GF3A_DIRECTIONAL_WRITE_EXHAUSTED_PRIMALITY_UNASSIGNED,513,512,512,NO_RECORDED_FACTOR_PRP_OR_LL_RESULT_AND_NO_ACTIVE_GIMPS_ASSIGNMENT,2026-08-09T02:56:41+00:00,UNALLOCATED,,,,,
SLCMP1467-2712,2712,2713,509134427,2^509134427-1,STRUCTURAL_SCREEN_EXHAUSTED_PRIMALITY_UNASSIGNED,GF3A_DIRECTIONAL_WRITE_EXHAUSTED_PRIMALITY_UNASSIGNED,514,512,512,NO_RECORDED_FACTOR_PRP_OR_LL_RESULT_AND_NO_ACTIVE_GIMPS_ASSIGNMENT,2026-08-09T02:56:41+00:00,UNALLOCATED,,,,,
SLCMP1467-2713,2713,2714,509134429,2^509134429-1,STRUCTURAL_SCREEN_EXHAUSTED_PRIMALITY_UNASSIGNED,GF3A_DIRECTIONAL_WRITE_EXHAUSTED_PRIMALITY_UNASSIGNED,513,512,512,NO_RECORDED_FACTOR_PRP_OR_LL_RESULT_AND_NO_ACTIVE_GIMPS_ASSIGNMENT,2026-08-09T02:56:41+00:00,UNALLOCATED,,,,,
SLCMP1467-2714,2714,2715,509134447,2^509134447-1,STRUCTURAL_SCREEN_EXHAUSTED_PRIMALITY_UNASSIGNED,GF3A_DIRECTIONAL_WRITE_EXHAUSTED_PRIMALITY_UNASSIGNED,514,512,512,NO_RECORDED_FACTOR_PRP_OR_LL_RESULT_AND_NO_ACTIVE_GIMPS_ASSIGNMENT,2026-08-09T02:56:41+00:00,UNALLOCATED,,,,,
SLCMP1467-2715,2715,2716,509134519,2^509134519-1,STRUCTURAL_SCREEN_EXHAUSTED_PRIMALITY_UNASSIGNED,GF3A_DIRECTIONAL_WRITE_EXHAUSTED_PRIMALITY_UNASSIGNED,514,512,512,NO_RECORDED_FACTOR_PRP_OR_LL_RESULT_AND_NO_ACTIVE_GIMPS_ASSIGNMENT,2026-08-09T02:56:41+00:00,UNALLOCATED,,,,,
SLCMP1467-2716,2716,2717,509134543,2^509134543-1,STRUCTURAL_SCREEN_EXHAUSTED_PRIMALITY_UNASSIGNED,GF3A_DIRECTIONAL_WRITE_EXHAUSTED_PRIMALITY_UNASSIGNED,514,512,512,NO_RECORDED_FACTOR_PRP_OR_LL_RESULT_AND_NO_ACTIVE_GIMPS_ASSIGNMENT,2026-08-09T02:56:41+00:00,UNALLOCATED,,,,,
SLCMP1467-2717,2717,2718,509134657,2^509134657-1,STRUCTURAL_SCREEN_EXHAUSTED_PRIMALITY_UNASSIGNED,GF3A_DIRECTIONAL_WRITE_EXHAUSTED_PRIMALITY_UNASSIGNED,513,512,512,NO_RECORDED_FACTOR_PRP_OR_LL_RESULT_AND_NO_ACTIVE_GIMPS_ASSIGNMENT,2026-08-09T02:56:41+00:00,UNALLOCATED,,,,,
SLCMP1467-2718,2718,2719,509134729,2^509134729-1,STRUCTURAL_SCREEN_EXHAUSTED_PRIMALITY_UNASSIGNED,GF3A_DIRECTIONAL_WRITE_EXHAUSTED_PRIMALITY_UNASSIGNED,513,512,512,NO_RECORDED_FACTOR_PRP_OR_LL_RESULT_AND_NO_ACTIVE_GIMPS_ASSIGNMENT,2026-08-09T02:56:41+00:00,UNALLOCATED,,,,,
SLCMP1467-2719,2719,2720,509134741,2^509134741-1,STRUCTURAL_SCREEN_EXHAUSTED_PRIMALITY_UNASSIGNED,GF3A_DIRECTIONAL_WRITE_EXHAUSTED_PRIMALITY_UNASSIGNED,513,512,512,NO_RECORDED_FACTOR_PRP_OR_LL_RESULT_AND_NO_ACTIVE_GIMPS_ASSIGNMENT,2026-08-09T02:56:41+00:00,UNALLOCATED,,,,,
SLCMP1467-2720,2720,2721,509134807,2^509134807-1,STRUCTURAL_SCREEN_EXHAUSTED_PRIMALITY_UNASSIGNED,GF3A_DIRECTIONAL_WRITE_EXHAUSTED_PRIMALITY_UNASSIGNED,514,512,512,NO_RECORDED_FACTOR_PRP_OR_LL_RESULT_AND_NO_ACTIVE_GIMPS_ASSIGNMENT,2026-08-09T02:56:41+00:00,UNALLOCATED,,,,,
SLCMP1467-2721,2721,2722,509134859,2^509134859-1,STRUCTURAL_SCREEN_EXHAUSTED_PRIMALITY_UNASSIGNED,GF3A_DIRECTIONAL_WRITE_EXHAUSTED_PRIMALITY_UNASSIGNED,514,512,512,NO_RECORDED_FACTOR_PRP_OR_LL_RESULT_AND_NO_ACTIVE_GIMPS_ASSIGNMENT,2026-08-09T02:56:41+00:00,UNALLOCATED,,,,,
SLCMP1467-2722,2722,2723,509134903,2^509134903-1,STRUCTURAL_SCREEN_EXHAUSTED_PRIMALITY_UNASSIGNED,GF3A_DIRECTIONAL_WRITE_EXHAUSTED_PRIMALITY_UNASSIGNED,514,512,512,NO_RECORDED_FACTOR_PRP_OR_LL_RESULT_AND_NO_ACTIVE_GIMPS_ASSIGNMENT,2026-08-09T02:56:41+00:00,UNALLOCATED,,,,,
SLCMP1467-2723,2723,2724,509134939,2^509134939-1,STRUCTURAL_SCREEN_EXHAUSTED_PRIMALITY_UNASSIGNED,GF3A_DIRECTIONAL_WRITE_EXHAUSTED_PRIMALITY_UNASSIGNED,514,512,512,NO_RECORDED_FACTOR_PRP_OR_LL_RESULT_AND_NO_ACTIVE_GIMPS_ASSIGNMENT,2026-08-09T02:56:41+00:00,UNALLOCATED,,,,,
SLCMP1467-2724,2724,2725,509134987,2^509134987-1,STRUCTURAL_SCREEN_EXHAUSTED_PRIMALITY_UNASSIGNED,GF3A_DIRECTIONAL_WRITE_EXHAUSTED_PRIMALITY_UNASSIGNED,514,512,512,NO_RECORDED_FACTOR_PRP_OR_LL_RESULT_AND_NO_ACTIVE_GIMPS_ASSIGNMENT,2026-08-09T02:56:41+00:00,UNALLOCATED,,,,,
SLCMP1467-2725,2725,2726,509134993,2^509134993-1,STRUCTURAL_SCREEN_EXHAUSTED_PRIMALITY_UNASSIGNED,GF3A_DIRECTIONAL_WRITE_EXHAUSTED_PRIMALITY_UNASSIGNED,513,512,512,NO_RECORDED_FACTOR_PRP_OR_LL_RESULT_AND_NO_ACTIVE_GIMPS_ASSIGNMENT,2026-08-09T02:56:41+00:00,UNALLOCATED,,,,,
SLCMP1467-2726,2726,2727,509135051,2^509135051-1,STRUCTURAL_SCREEN_EXHAUSTED_PRIMALITY_UNASSIGNED,GF3A_DIRECTIONAL_WRITE_EXHAUSTED_PRIMALITY_UNASSIGNED,514,512,512,NO_RECORDED_FACTOR_PRP_OR_LL_RESULT_AND_NO_ACTIVE_GIMPS_ASSIGNMENT,2026-08-09T02:56:41+00:00,UNALLOCATED,,,,,
SLCMP1467-2727,2727,2728,509135083,2^509135083-1,STRUCTURAL_SCREEN_EXHAUSTED_PRIMALITY_UNASSIGNED,GF3A_DIRECTIONAL_WRITE_EXHAUSTED_PRIMALITY_UNASSIGNED,514,512,512,NO_RECORDED_FACTOR_PRP_OR_LL_RESULT_AND_NO_ACTIVE_GIMPS_ASSIGNMENT,2026-08-09T02:56:41+00:00,UNALLOCATED,,,,,
SLCMP1467-2728,2728,2729,509135101,2^509135101-1,STRUCTURAL_SCREEN_EXHAUSTED_PRIMALITY_UNASSIGNED,GF3A_DIRECTIONAL_WRITE_EXHAUSTED_PRIMALITY_UNASSIGNED,513,512,512,NO_RECORDED_FACTOR_PRP_OR_LL_RESULT_AND_NO_ACTIVE_GIMPS_ASSIGNMENT,2026-08-09T02:56:41+00:00,UNALLOCATED,,,,,
SLCMP1467-2729,2729,2730,509135147,2^509135147-1,STRUCTURAL_SCREEN_EXHAUSTED_PRIMALITY_UNASSIGNED,GF3A_DIRECTIONAL_WRITE_EXHAUSTED_PRIMALITY_UNASSIGNED,514,512,512,NO_RECORDED_FACTOR_PRP_OR_LL_RESULT_AND_NO_ACTIVE_GIMPS_ASSIGNMENT,2026-08-09T02:56:41+00:00,UNALLOCATED,,,,,
SLCMP1467-2730,2730,2731,509135149,2^509135149-1,STRUCTURAL_SCREEN_EXHAUSTED_PRIMALITY_UNASSIGNED,GF3A_DIRECTIONAL_WRITE_EXHAUSTED_PRIMALITY_UNASSIGNED,513,512,512,NO_RECORDED_FACTOR_PRP_OR_LL_RESULT_AND_NO_ACTIVE_GIMPS_ASSIGNMENT,2026-08-09T02:56:41+00:00,UNALLOCATED,,,,,
SLCMP1467-2731,2731,2732,509135183,2^509135183-1,STRUCTURAL_SCREEN_EXHAUSTED_PRIMALITY_UNASSIGNED,GF3A_DIRECTIONAL_WRITE_EXHAUSTED_PRIMALITY_UNASSIGNED,514,512,512,NO_RECORDED_FACTOR_PRP_OR_LL_RESULT_AND_NO_ACTIVE_GIMPS_ASSIGNMENT,2026-08-09T02:56:41+00:00,UNALLOCATED,,,,,
SLCMP1467-2732,2732,2733,509135201,2^509135201-1,STRUCTURAL_SCREEN_EXHAUSTED_PRIMALITY_UNASSIGNED,GF3A_DIRECTIONAL_WRITE_EXHAUSTED_PRIMALITY_UNASSIGNED,513,512,512,NO_RECORDED_FACTOR_PRP_OR_LL_RESULT_AND_NO_ACTIVE_GIMPS_ASSIGNMENT,2026-08-09T02:56:41+00:00,UNALLOCATED,,,,,
SLCMP1467-2733,2733,2734,509135287,2^509135287-1,STRUCTURAL_SCREEN_EXHAUSTED_PRIMALITY_UNASSIGNED,GF3A_DIRECTIONAL_WRITE_EXHAUSTED_PRIMALITY_UNASSIGNED,514,512,512,NO_RECORDED_FACTOR_PRP_OR_LL_RESULT_AND_NO_ACTIVE_GIMPS_ASSIGNMENT,2026-08-09T02:56:41+00:00,UNALLOCATED,,,,,
SLCMP1467-2734,2734,2735,509135293,2^509135293-1,STRUCTURAL_SCREEN_EXHAUSTED_PRIMALITY_UNASSIGNED,GF3A_DIRECTIONAL_WRITE_EXHAUSTED_PRIMALITY_UNASSIGNED,513,512,512,NO_RECORDED_FACTOR_PRP_OR_LL_RESULT_AND_NO_ACTIVE_GIMPS_ASSIGNMENT,2026-08-09T02:56:41+00:00,UNALLOCATED,,,,,
SLCMP1467-2735,2735,2736,509135309,2^509135309-1,STRUCTURAL_SCREEN_EXHAUSTED_PRIMALITY_UNASSIGNED,GF3A_DIRECTIONAL_WRITE_EXHAUSTED_PRIMALITY_UNASSIGNED,513,512,512,NO_RECORDED_FACTOR_PRP_OR_LL_RESULT_AND_NO_ACTIVE_GIMPS_ASSIGNMENT,2026-08-09T02:56:41+00:00,UNALLOCATED,,,,,
SLCMP1467-2736,2736,2737,509135359,2^509135359-1,STRUCTURAL_SCREEN_EXHAUSTED_PRIMALITY_UNASSIGNED,GF3A_DIRECTIONAL_WRITE_EXHAUSTED_PRIMALITY_UNASSIGNED,514,512,512,NO_RECORDED_FACTOR_PRP_OR_LL_RESULT_AND_NO_ACTIVE_GIMPS_ASSIGNMENT,2026-08-09T02:56:41+00:00,UNALLOCATED,,,,,
SLCMP1467-2737,2737,2738,509135369,2^509135369-1,STRUCTURAL_SCREEN_EXHAUSTED_PRIMALITY_UNASSIGNED,GF3A_DIRECTIONAL_WRITE_EXHAUSTED_PRIMALITY_UNASSIGNED,513,512,512,NO_RECORDED_FACTOR_PRP_OR_LL_RESULT_AND_NO_ACTIVE_GIMPS_ASSIGNMENT,2026-08-09T02:56:41+00:00,UNALLOCATED,,,,,
SLCMP1467-2738,2738,2739,509135449,2^509135449-1,STRUCTURAL_SCREEN_EXHAUSTED_PRIMALITY_UNASSIGNED,GF3A_DIRECTIONAL_WRITE_EXHAUSTED_PRIMALITY_UNASSIGNED,513,512,512,NO_RECORDED_FACTOR_PRP_OR_LL_RESULT_AND_NO_ACTIVE_GIMPS_ASSIGNMENT,2026-08-09T02:56:41+00:00,UNALLOCATED,,,,,
SLCMP1467-2739,2739,2740,509135569,2^509135569-1,STRUCTURAL_SCREEN_EXHAUSTED_PRIMALITY_UNASSIGNED,GF3A_DIRECTIONAL_WRITE_EXHAUSTED_PRIMALITY_UNASSIGNED,513,512,512,NO_RECORDED_FACTOR_PRP_OR_LL_RESULT_AND_NO_ACTIVE_GIMPS_ASSIGNMENT,2026-08-09T02:56:41+00:00,UNALLOCATED,,,,,
SLCMP1467-2740,2740,2741,509135579,2^509135579-1,STRUCTURAL_SCREEN_EXHAUSTED_PRIMALITY_UNASSIGNED,GF3A_DIRECTIONAL_WRITE_EXHAUSTED_PRIMALITY_UNASSIGNED,514,512,512,NO_RECORDED_FACTOR_PRP_OR_LL_RESULT_AND_NO_ACTIVE_GIMPS_ASSIGNMENT,2026-08-09T02:56:41+00:00,UNALLOCATED,,,,,
SLCMP1467-2741,2741,2742,509135897,2^509135897-1,STRUCTURAL_SCREEN_EXHAUSTED_PRIMALITY_UNASSIGNED,GF3A_DIRECTIONAL_WRITE_EXHAUSTED_PRIMALITY_UNASSIGNED,513,512,512,NO_RECORDED_FACTOR_PRP_OR_LL_RESULT_AND_NO_ACTIVE_GIMPS_ASSIGNMENT,2026-08-09T02:56:41+00:00,UNALLOCATED,,,,,
SLCMP1467-2742,2742,2743,509135899,2^509135899-1,STRUCTURAL_SCREEN_EXHAUSTED_PRIMALITY_UNASSIGNED,GF3A_DIRECTIONAL_WRITE_EXHAUSTED_PRIMALITY_UNASSIGNED,514,512,512,NO_RECORDED_FACTOR_PRP_OR_LL_RESULT_AND_NO_ACTIVE_GIMPS_ASSIGNMENT,2026-08-09T02:56:41+00:00,UNALLOCATED,,,,,
SLCMP1467-2743,2743,2744,509136049,2^509136049-1,STRUCTURAL_SCREEN_EXHAUSTED_PRIMALITY_UNASSIGNED,GF3A_DIRECTIONAL_WRITE_EXHAUSTED_PRIMALITY_UNASSIGNED,513,512,512,NO_RECORDED_FACTOR_PRP_OR_LL_RESULT_AND_NO_ACTIVE_GIMPS_ASSIGNMENT,2026-08-09T02:56:41+00:00,UNALLOCATED,,,,,
SLCMP1467-2744,2744,2745,509136377,2^509136377-1,STRUCTURAL_SCREEN_EXHAUSTED_PRIMALITY_UNASSIGNED,GF3A_DIRECTIONAL_WRITE_EXHAUSTED_PRIMALITY_UNASSIGNED,513,512,512,NO_RECORDED_FACTOR_PRP_OR_LL_RESULT_AND_NO_ACTIVE_GIMPS_ASSIGNMENT,2026-08-09T02:56:41+00:00,UNALLOCATED,,,,,
SLCMP1467-2745,2745,2746,509136379,2^509136379-1,STRUCTURAL_SCREEN_EXHAUSTED_PRIMALITY_UNASSIGNED,GF3A_DIRECTIONAL_WRITE_EXHAUSTED_PRIMALITY_UNASSIGNED,514,512,512,NO_RECORDED_FACTOR_PRP_OR_LL_RESULT_AND_NO_ACTIVE_GIMPS_ASSIGNMENT,2026-08-09T02:56:41+00:00,UNALLOCATED,,,,,
SLCMP1467-2746,2746,2747,509136403,2^509136403-1,STRUCTURAL_SCREEN_EXHAUSTED_PRIMALITY_UNASSIGNED,GF3A_DIRECTIONAL_WRITE_EXHAUSTED_PRIMALITY_UNASSIGNED,514,512,512,NO_RECORDED_FACTOR_PRP_OR_LL_RESULT_AND_NO_ACTIVE_GIMPS_ASSIGNMENT,2026-08-09T02:56:41+00:00,UNALLOCATED,,,,,
SLCMP1467-2747,2747,2748,509136583,2^509136583-1,STRUCTURAL_SCREEN_EXHAUSTED_PRIMALITY_UNASSIGNED,GF3A_DIRECTIONAL_WRITE_EXHAUSTED_PRIMALITY_UNASSIGNED,514,512,512,NO_RECORDED_FACTOR_PRP_OR_LL_RESULT_AND_NO_ACTIVE_GIMPS_ASSIGNMENT,2026-08-09T02:56:41+00:00,UNALLOCATED,,,,,
SLCMP1467-2748,2748,2749,509136659,2^509136659-1,STRUCTURAL_SCREEN_EXHAUSTED_PRIMALITY_UNASSIGNED,GF3A_DIRECTIONAL_WRITE_EXHAUSTED_PRIMALITY_UNASSIGNED,514,512,512,NO_RECORDED_FACTOR_PRP_OR_LL_RESULT_AND_NO_ACTIVE_GIMPS_ASSIGNMENT,2026-08-09T02:56:41+00:00,UNALLOCATED,,,,,
SLCMP1467-2749,2749,2750,509136743,2^509136743-1,STRUCTURAL_SCREEN_EXHAUSTED_PRIMALITY_UNASSIGNED,GF3A_DIRECTIONAL_WRITE_EXHAUSTED_PRIMALITY_UNASSIGNED,514,512,512,NO_RECORDED_FACTOR_PRP_OR_LL_RESULT_AND_NO_ACTIVE_GIMPS_ASSIGNMENT,2026-08-09T02:56:41+00:00,UNALLOCATED,,,,,
SLCMP1467-2750,2750,2751,509136767,2^509136767-1,STRUCTURAL_SCREEN_EXHAUSTED_PRIMALITY_UNASSIGNED,GF3A_DIRECTIONAL_WRITE_EXHAUSTED_PRIMALITY_UNASSIGNED,514,512,512,NO_RECORDED_FACTOR_PRP_OR_LL_RESULT_AND_NO_ACTIVE_GIMPS_ASSIGNMENT,2026-08-09T02:56:41+00:00,UNALLOCATED,,,,,
SLCMP1467-2751,2751,2752,509136779,2^509136779-1,STRUCTURAL_SCREEN_EXHAUSTED_PRIMALITY_UNASSIGNED,GF3A_DIRECTIONAL_WRITE_EXHAUSTED_PRIMALITY_UNASSIGNED,514,512,512,NO_RECORDED_FACTOR_PRP_OR_LL_RESULT_AND_NO_ACTIVE_GIMPS_ASSIGNMENT,2026-08-09T02:56:41+00:00,UNALLOCATED,,,,,
SLCMP1467-2752,2752,2753,509136781,2^509136781-1,STRUCTURAL_SCREEN_EXHAUSTED_PRIMALITY_UNASSIGNED,GF3A_DIRECTIONAL_WRITE_EXHAUSTED_PRIMALITY_UNASSIGNED,513,512,512,NO_RECORDED_FACTOR_PRP_OR_LL_RESULT_AND_NO_ACTIVE_GIMPS_ASSIGNMENT,2026-08-09T02:56:41+00:00,UNALLOCATED,,,,,
SLCMP1467-2753,2753,2754,509136829,2^509136829-1,STRUCTURAL_SCREEN_EXHAUSTED_PRIMALITY_UNASSIGNED,GF3A_DIRECTIONAL_WRITE_EXHAUSTED_PRIMALITY_UNASSIGNED,513,512,512,NO_RECORDED_FACTOR_PRP_OR_LL_RESULT_AND_NO_ACTIVE_GIMPS_ASSIGNMENT,2026-08-09T02:56:41+00:00,UNALLOCATED,,,,,
SLCMP1467-2754,2754,2755,509136989,2^509136989-1,STRUCTURAL_SCREEN_EXHAUSTED_PRIMALITY_UNASSIGNED,GF3A_DIRECTIONAL_WRITE_EXHAUSTED_PRIMALITY_UNASSIGNED,513,512,512,NO_RECORDED_FACTOR_PRP_OR_LL_RESULT_AND_NO_ACTIVE_GIMPS_ASSIGNMENT,2026-08-09T02:56:41+00:00,UNALLOCATED,,,,,
SLCMP1467-2755,2755,2756,509137009,2^509137009-1,STRUCTURAL_SCREEN_EXHAUSTED_PRIMALITY_UNASSIGNED,GF3A_DIRECTIONAL_WRITE_EXHAUSTED_PRIMALITY_UNASSIGNED,513,512,512,NO_RECORDED_FACTOR_PRP_OR_LL_RESULT_AND_NO_ACTIVE_GIMPS_ASSIGNMENT,2026-08-09T02:56:41+00:00,UNALLOCATED,,,,,
SLCMP1467-2756,2756,2757,509137051,2^509137051-1,STRUCTURAL_SCREEN_EXHAUSTED_PRIMALITY_UNASSIGNED,GF3A_DIRECTIONAL_WRITE_EXHAUSTED_PRIMALITY_UNASSIGNED,514,512,512,NO_RECORDED_FACTOR_PRP_OR_LL_RESULT_AND_NO_ACTIVE_GIMPS_ASSIGNMENT,2026-08-09T02:56:41+00:00,UNALLOCATED,,,,,
SLCMP1467-2757,2757,2758,509137193,2^509137193-1,STRUCTURAL_SCREEN_EXHAUSTED_PRIMALITY_UNASSIGNED,GF3A_DIRECTIONAL_WRITE_EXHAUSTED_PRIMALITY_UNASSIGNED,513,512,512,NO_RECORDED_FACTOR_PRP_OR_LL_RESULT_AND_NO_ACTIVE_GIMPS_ASSIGNMENT,2026-08-09T02:56:41+00:00,UNALLOCATED,,,,,
SLCMP1467-2758,2758,2759,509137423,2^509137423-1,STRUCTURAL_SCREEN_EXHAUSTED_PRIMALITY_UNASSIGNED,GF3A_DIRECTIONAL_WRITE_EXHAUSTED_PRIMALITY_UNASSIGNED,514,512,512,NO_RECORDED_FACTOR_PRP_OR_LL_RESULT_AND_NO_ACTIVE_GIMPS_ASSIGNMENT,2026-08-09T02:56:41+00:00,UNALLOCATED,,,,,
SLCMP1467-2759,2759,2760,509137483,2^509137483-1,STRUCTURAL_SCREEN_EXHAUSTED_PRIMALITY_UNASSIGNED,GF3A_DIRECTIONAL_WRITE_EXHAUSTED_PRIMALITY_UNASSIGNED,514,512,512,NO_RECORDED_FACTOR_PRP_OR_LL_RESULT_AND_NO_ACTIVE_GIMPS_ASSIGNMENT,2026-08-09T02:56:41+00:00,UNALLOCATED,,,,,
SLCMP1467-2760,2760,2761,509137507,2^509137507-1,STRUCTURAL_SCREEN_EXHAUSTED_PRIMALITY_UNASSIGNED,GF3A_DIRECTIONAL_WRITE_EXHAUSTED_PRIMALITY_UNASSIGNED,514,512,512,NO_RECORDED_FACTOR_PRP_OR_LL_RESULT_AND_NO_ACTIVE_GIMPS_ASSIGNMENT,2026-08-09T02:56:41+00:00,UNALLOCATED,,,,,
SLCMP1467-2761,2761,2762,509137529,2^509137529-1,STRUCTURAL_SCREEN_EXHAUSTED_PRIMALITY_UNASSIGNED,GF3A_DIRECTIONAL_WRITE_EXHAUSTED_PRIMALITY_UNASSIGNED,513,512,512,NO_RECORDED_FACTOR_PRP_OR_LL_RESULT_AND_NO_ACTIVE_GIMPS_ASSIGNMENT,2026-08-09T02:56:41+00:00,UNALLOCATED,,,,,
SLCMP1467-2762,2762,2763,509137553,2^509137553-1,STRUCTURAL_SCREEN_EXHAUSTED_PRIMALITY_UNASSIGNED,GF3A_DIRECTIONAL_WRITE_EXHAUSTED_PRIMALITY_UNASSIGNED,513,512,512,NO_RECORDED_FACTOR_PRP_OR_LL_RESULT_AND_NO_ACTIVE_GIMPS_ASSIGNMENT,2026-08-09T02:56:41+00:00,UNALLOCATED,,,,,
SLCMP1467-2763,2763,2764,509137579,2^509137579-1,STRUCTURAL_SCREEN_EXHAUSTED_PRIMALITY_UNASSIGNED,GF3A_DIRECTIONAL_WRITE_EXHAUSTED_PRIMALITY_UNASSIGNED,514,512,512,NO_RECORDED_FACTOR_PRP_OR_LL_RESULT_AND_NO_ACTIVE_GIMPS_ASSIGNMENT,2026-08-09T02:56:41+00:00,UNALLOCATED,,,,,
SLCMP1467-2764,2764,2765,509137633,2^509137633-1,STRUCTURAL_SCREEN_EXHAUSTED_PRIMALITY_UNASSIGNED,GF3A_DIRECTIONAL_WRITE_EXHAUSTED_PRIMALITY_UNASSIGNED,513,512,512,NO_RECORDED_FACTOR_PRP_OR_LL_RESULT_AND_NO_ACTIVE_GIMPS_ASSIGNMENT,2026-08-09T02:56:41+00:00,UNALLOCATED,,,,,
SLCMP1467-2765,2765,2766,509137799,2^509137799-1,STRUCTURAL_SCREEN_EXHAUSTED_PRIMALITY_UNASSIGNED,GF3A_DIRECTIONAL_WRITE_EXHAUSTED_PRIMALITY_UNASSIGNED,514,512,512,NO_RECORDED_FACTOR_PRP_OR_LL_RESULT_AND_NO_ACTIVE_GIMPS_ASSIGNMENT,2026-08-09T02:56:41+00:00,UNALLOCATED,,,,,
SLCMP1467-2766,2766,2767,509137807,2^509137807-1,STRUCTURAL_SCREEN_EXHAUSTED_PRIMALITY_UNASSIGNED,GF3A_DIRECTIONAL_WRITE_EXHAUSTED_PRIMALITY_UNASSIGNED,514,512,512,NO_RECORDED_FACTOR_PRP_OR_LL_RESULT_AND_NO_ACTIVE_GIMPS_ASSIGNMENT,2026-08-09T02:56:41+00:00,UNALLOCATED,,,,,
SLCMP1467-2767,2767,2768,509137873,2^509137873-1,STRUCTURAL_SCREEN_EXHAUSTED_PRIMALITY_UNASSIGNED,GF3A_DIRECTIONAL_WRITE_EXHAUSTED_PRIMALITY_UNASSIGNED,513,512,512,NO_RECORDED_FACTOR_PRP_OR_LL_RESULT_AND_NO_ACTIVE_GIMPS_ASSIGNMENT,2026-08-09T02:56:41+00:00,UNALLOCATED,,,,,
SLCMP1467-2768,2768,2769,509137997,2^509137997-1,STRUCTURAL_SCREEN_EXHAUSTED_PRIMALITY_UNASSIGNED,GF3A_DIRECTIONAL_WRITE_EXHAUSTED_PRIMALITY_UNASSIGNED,513,512,512,NO_RECORDED_FACTOR_PRP_OR_LL_RESULT_AND_NO_ACTIVE_GIMPS_ASSIGNMENT,2026-08-09T02:56:41+00:00,UNALLOCATED,,,,,
SLCMP1467-2769,2769,2770,509138011,2^509138011-1,STRUCTURAL_SCREEN_EXHAUSTED_PRIMALITY_UNASSIGNED,GF3A_DIRECTIONAL_WRITE_EXHAUSTED_PRIMALITY_UNASSIGNED,514,512,512,NO_RECORDED_FACTOR_PRP_OR_LL_RESULT_AND_NO_ACTIVE_GIMPS_ASSIGNMENT,2026-08-09T02:56:41+00:00,UNALLOCATED,,,,,
SLCMP1467-2770,2770,2771,509138039,2^509138039-1,STRUCTURAL_SCREEN_EXHAUSTED_PRIMALITY_UNASSIGNED,GF3A_DIRECTIONAL_WRITE_EXHAUSTED_PRIMALITY_UNASSIGNED,514,512,512,NO_RECORDED_FACTOR_PRP_OR_LL_RESULT_AND_NO_ACTIVE_GIMPS_ASSIGNMENT,2026-08-09T02:56:41+00:00,UNALLOCATED,,,,,
SLCMP1467-2771,2771,2772,509138171,2^509138171-1,STRUCTURAL_SCREEN_EXHAUSTED_PRIMALITY_UNASSIGNED,GF3A_DIRECTIONAL_WRITE_EXHAUSTED_PRIMALITY_UNASSIGNED,514,512,512,NO_RECORDED_FACTOR_PRP_OR_LL_RESULT_AND_NO_ACTIVE_GIMPS_ASSIGNMENT,2026-08-09T02:56:41+00:00,UNALLOCATED,,,,,
SLCMP1467-2772,2772,2773,509138209,2^509138209-1,STRUCTURAL_SCREEN_EXHAUSTED_PRIMALITY_UNASSIGNED,GF3A_DIRECTIONAL_WRITE_EXHAUSTED_PRIMALITY_UNASSIGNED,513,512,512,NO_RECORDED_FACTOR_PRP_OR_LL_RESULT_AND_NO_ACTIVE_GIMPS_ASSIGNMENT,2026-08-09T02:56:41+00:00,UNALLOCATED,,,,,
SLCMP1467-2773,2773,2774,509138233,2^509138233-1,STRUCTURAL_SCREEN_EXHAUSTED_PRIMALITY_UNASSIGNED,GF3A_DIRECTIONAL_WRITE_EXHAUSTED_PRIMALITY_UNASSIGNED,513,512,512,NO_RECORDED_FACTOR_PRP_OR_LL_RESULT_AND_NO_ACTIVE_GIMPS_ASSIGNMENT,2026-08-09T02:56:41+00:00,UNALLOCATED,,,,,
SLCMP1467-2774,2774,2775,509138257,2^509138257-1,STRUCTURAL_SCREEN_EXHAUSTED_PRIMALITY_UNASSIGNED,GF3A_DIRECTIONAL_WRITE_EXHAUSTED_PRIMALITY_UNASSIGNED,513,512,512,NO_RECORDED_FACTOR_PRP_OR_LL_RESULT_AND_NO_ACTIVE_GIMPS_ASSIGNMENT,2026-08-09T02:56:41+00:00,UNALLOCATED,,,,,
SLCMP1467-2775,2775,2776,509138363,2^509138363-1,STRUCTURAL_SCREEN_EXHAUSTED_PRIMALITY_UNASSIGNED,GF3A_DIRECTIONAL_WRITE_EXHAUSTED_PRIMALITY_UNASSIGNED,514,512,512,NO_RECORDED_FACTOR_PRP_OR_LL_RESULT_AND_NO_ACTIVE_GIMPS_ASSIGNMENT,2026-08-09T02:56:41+00:00,UNALLOCATED,,,,,
SLCMP1467-2776,2776,2777,509138407,2^509138407-1,STRUCTURAL_SCREEN_EXHAUSTED_PRIMALITY_UNASSIGNED,GF3A_DIRECTIONAL_WRITE_EXHAUSTED_PRIMALITY_UNASSIGNED,514,512,512,NO_RECORDED_FACTOR_PRP_OR_LL_RESULT_AND_NO_ACTIVE_GIMPS_ASSIGNMENT,2026-08-09T02:56:41+00:00,UNALLOCATED,,,,,
SLCMP1467-2777,2777,2778,509138429,2^509138429-1,STRUCTURAL_SCREEN_EXHAUSTED_PRIMALITY_UNASSIGNED,GF3A_DIRECTIONAL_WRITE_EXHAUSTED_PRIMALITY_UNASSIGNED,513,512,512,NO_RECORDED_FACTOR_PRP_OR_LL_RESULT_AND_NO_ACTIVE_GIMPS_ASSIGNMENT,2026-08-09T02:56:41+00:00,UNALLOCATED,,,,,
SLCMP1467-2778,2778,2779,509138437,2^509138437-1,STRUCTURAL_SCREEN_EXHAUSTED_PRIMALITY_UNASSIGNED,GF3A_DIRECTIONAL_WRITE_EXHAUSTED_PRIMALITY_UNASSIGNED,513,512,512,NO_RECORDED_FACTOR_PRP_OR_LL_RESULT_AND_NO_ACTIVE_GIMPS_ASSIGNMENT,2026-08-09T02:56:41+00:00,UNALLOCATED,,,,,
SLCMP1467-2779,2779,2780,509138449,2^509138449-1,STRUCTURAL_SCREEN_EXHAUSTED_PRIMALITY_UNASSIGNED,GF3A_DIRECTIONAL_WRITE_EXHAUSTED_PRIMALITY_UNASSIGNED,513,512,512,NO_RECORDED_FACTOR_PRP_OR_LL_RESULT_AND_NO_ACTIVE_GIMPS_ASSIGNMENT,2026-08-09T02:56:41+00:00,UNALLOCATED,,,,,
SLCMP1467-2780,2780,2781,509138477,2^509138477-1,STRUCTURAL_SCREEN_EXHAUSTED_PRIMALITY_UNASSIGNED,GF3A_DIRECTIONAL_WRITE_EXHAUSTED_PRIMALITY_UNASSIGNED,513,512,512,NO_RECORDED_FACTOR_PRP_OR_LL_RESULT_AND_NO_ACTIVE_GIMPS_ASSIGNMENT,2026-08-09T02:56:41+00:00,UNALLOCATED,,,,,
SLCMP1467-2781,2781,2782,509138503,2^509138503-1,STRUCTURAL_SCREEN_EXHAUSTED_PRIMALITY_UNASSIGNED,GF3A_DIRECTIONAL_WRITE_EXHAUSTED_PRIMALITY_UNASSIGNED,514,512,512,NO_RECORDED_FACTOR_PRP_OR_LL_RESULT_AND_NO_ACTIVE_GIMPS_ASSIGNMENT,2026-08-09T02:56:41+00:00,UNALLOCATED,,,,,
SLCMP1467-2782,2782,2783,509138549,2^509138549-1,STRUCTURAL_SCREEN_EXHAUSTED_PRIMALITY_UNASSIGNED,GF3A_DIRECTIONAL_WRITE_EXHAUSTED_PRIMALITY_UNASSIGNED,513,512,512,NO_RECORDED_FACTOR_PRP_OR_LL_RESULT_AND_NO_ACTIVE_GIMPS_ASSIGNMENT,2026-08-09T02:56:41+00:00,UNALLOCATED,,,,,
SLCMP1467-2783,2783,2784,509138681,2^509138681-1,STRUCTURAL_SCREEN_EXHAUSTED_PRIMALITY_UNASSIGNED,GF3A_DIRECTIONAL_WRITE_EXHAUSTED_PRIMALITY_UNASSIGNED,513,512,512,NO_RECORDED_FACTOR_PRP_OR_LL_RESULT_AND_NO_ACTIVE_GIMPS_ASSIGNMENT,2026-08-09T02:56:41+00:00,UNALLOCATED,,,,,
SLCMP1467-2784,2784,2785,509138731,2^509138731-1,STRUCTURAL_SCREEN_EXHAUSTED_PRIMALITY_UNASSIGNED,GF3A_DIRECTIONAL_WRITE_EXHAUSTED_PRIMALITY_UNASSIGNED,514,512,512,NO_RECORDED_FACTOR_PRP_OR_LL_RESULT_AND_NO_ACTIVE_GIMPS_ASSIGNMENT,2026-08-09T02:56:41+00:00,UNALLOCATED,,,,,
SLCMP1467-2785,2785,2786,509138753,2^509138753-1,STRUCTURAL_SCREEN_EXHAUSTED_PRIMALITY_UNASSIGNED,GF3A_DIRECTIONAL_WRITE_EXHAUSTED_PRIMALITY_UNASSIGNED,513,512,512,NO_RECORDED_FACTOR_PRP_OR_LL_RESULT_AND_NO_ACTIVE_GIMPS_ASSIGNMENT,2026-08-09T02:56:41+00:00,UNALLOCATED,,,,,
SLCMP1467-2786,2786,2787,509138783,2^509138783-1,STRUCTURAL_SCREEN_EXHAUSTED_PRIMALITY_UNASSIGNED,GF3A_DIRECTIONAL_WRITE_EXHAUSTED_PRIMALITY_UNASSIGNED,514,512,512,NO_RECORDED_FACTOR_PRP_OR_LL_RESULT_AND_NO_ACTIVE_GIMPS_ASSIGNMENT,2026-08-09T02:56:41+00:00,UNALLOCATED,,,,,
SLCMP1467-2787,2787,2788,509138867,2^509138867-1,STRUCTURAL_SCREEN_EXHAUSTED_PRIMALITY_UNASSIGNED,GF3A_DIRECTIONAL_WRITE_EXHAUSTED_PRIMALITY_UNASSIGNED,514,512,512,NO_RECORDED_FACTOR_PRP_OR_LL_RESULT_AND_NO_ACTIVE_GIMPS_ASSIGNMENT,2026-08-09T02:56:41+00:00,UNALLOCATED,,,,,
SLCMP1467-2788,2788,2789,509138881,2^509138881-1,STRUCTURAL_SCREEN_EXHAUSTED_PRIMALITY_UNASSIGNED,GF3A_DIRECTIONAL_WRITE_EXHAUSTED_PRIMALITY_UNASSIGNED,513,512,512,NO_RECORDED_FACTOR_PRP_OR_LL_RESULT_AND_NO_ACTIVE_GIMPS_ASSIGNMENT,2026-08-09T02:56:41+00:00,UNALLOCATED,,,,,
SLCMP1467-2789,2789,2790,509138893,2^509138893-1,STRUCTURAL_SCREEN_EXHAUSTED_PRIMALITY_UNASSIGNED,GF3A_DIRECTIONAL_WRITE_EXHAUSTED_PRIMALITY_UNASSIGNED,513,512,512,NO_RECORDED_FACTOR_PRP_OR_LL_RESULT_AND_NO_ACTIVE_GIMPS_ASSIGNMENT,2026-08-09T02:56:41+00:00,UNALLOCATED,,,,,
SLCMP1467-2790,2790,2791,509138897,2^509138897-1,STRUCTURAL_SCREEN_EXHAUSTED_PRIMALITY_UNASSIGNED,GF3A_DIRECTIONAL_WRITE_EXHAUSTED_PRIMALITY_UNASSIGNED,513,512,512,NO_RECORDED_FACTOR_PRP_OR_LL_RESULT_AND_NO_ACTIVE_GIMPS_ASSIGNMENT,2026-08-09T02:56:41+00:00,UNALLOCATED,,,,,
SLCMP1467-2791,2791,2792,509138923,2^509138923-1,STRUCTURAL_SCREEN_EXHAUSTED_PRIMALITY_UNASSIGNED,GF3A_DIRECTIONAL_WRITE_EXHAUSTED_PRIMALITY_UNASSIGNED,514,512,512,NO_RECORDED_FACTOR_PRP_OR_LL_RESULT_AND_NO_ACTIVE_GIMPS_ASSIGNMENT,2026-08-09T02:56:41+00:00,UNALLOCATED,,,,,
SLCMP1467-2792,2792,2793,509138951,2^509138951-1,STRUCTURAL_SCREEN_EXHAUSTED_PRIMALITY_UNASSIGNED,GF3A_DIRECTIONAL_WRITE_EXHAUSTED_PRIMALITY_UNASSIGNED,514,512,512,NO_RECORDED_FACTOR_PRP_OR_LL_RESULT_AND_NO_ACTIVE_GIMPS_ASSIGNMENT,2026-08-09T02:56:41+00:00,UNALLOCATED,,,,,
SLCMP1467-2793,2793,2794,509139047,2^509139047-1,STRUCTURAL_SCREEN_EXHAUSTED_PRIMALITY_UNASSIGNED,GF3A_DIRECTIONAL_WRITE_EXHAUSTED_PRIMALITY_UNASSIGNED,514,512,512,NO_RECORDED_FACTOR_PRP_OR_LL_RESULT_AND_NO_ACTIVE_GIMPS_ASSIGNMENT,2026-08-09T02:56:41+00:00,UNALLOCATED,,,,,
SLCMP1467-2794,2794,2795,509139061,2^509139061-1,STRUCTURAL_SCREEN_EXHAUSTED_PRIMALITY_UNASSIGNED,GF3A_DIRECTIONAL_WRITE_EXHAUSTED_PRIMALITY_UNASSIGNED,513,512,512,NO_RECORDED_FACTOR_PRP_OR_LL_RESULT_AND_NO_ACTIVE_GIMPS_ASSIGNMENT,2026-08-09T02:56:41+00:00,UNALLOCATED,,,,,
SLCMP1467-2795,2795,2796,509139077,2^509139077-1,STRUCTURAL_SCREEN_EXHAUSTED_PRIMALITY_UNASSIGNED,GF3A_DIRECTIONAL_WRITE_EXHAUSTED_PRIMALITY_UNASSIGNED,513,512,512,NO_RECORDED_FACTOR_PRP_OR_LL_RESULT_AND_NO_ACTIVE_GIMPS_ASSIGNMENT,2026-08-09T02:56:41+00:00,UNALLOCATED,,,,,
SLCMP1467-2796,2796,2797,509139199,2^509139199-1,STRUCTURAL_SCREEN_EXHAUSTED_PRIMALITY_UNASSIGNED,GF3A_DIRECTIONAL_WRITE_EXHAUSTED_PRIMALITY_UNASSIGNED,514,512,512,NO_RECORDED_FACTOR_PRP_OR_LL_RESULT_AND_NO_ACTIVE_GIMPS_ASSIGNMENT,2026-08-09T02:56:41+00:00,UNALLOCATED,,,,,
SLCMP1467-2797,2797,2798,509139329,2^509139329-1,STRUCTURAL_SCREEN_EXHAUSTED_PRIMALITY_UNASSIGNED,GF3A_DIRECTIONAL_WRITE_EXHAUSTED_PRIMALITY_UNASSIGNED,513,512,512,NO_RECORDED_FACTOR_PRP_OR_LL_RESULT_AND_NO_ACTIVE_GIMPS_ASSIGNMENT,2026-08-09T02:56:41+00:00,UNALLOCATED,,,,,
SLCMP1467-2798,2798,2799,509139349,2^509139349-1,STRUCTURAL_SCREEN_EXHAUSTED_PRIMALITY_UNASSIGNED,GF3A_DIRECTIONAL_WRITE_EXHAUSTED_PRIMALITY_UNASSIGNED,513,512,512,NO_RECORDED_FACTOR_PRP_OR_LL_RESULT_AND_NO_ACTIVE_GIMPS_ASSIGNMENT,2026-08-09T02:56:41+00:00,UNALLOCATED,,,,,
SLCMP1467-2799,2799,2800,509139473,2^509139473-1,STRUCTURAL_SCREEN_EXHAUSTED_PRIMALITY_UNASSIGNED,GF3A_DIRECTIONAL_WRITE_EXHAUSTED_PRIMALITY_UNASSIGNED,513,512,512,NO_RECORDED_FACTOR_PRP_OR_LL_RESULT_AND_NO_ACTIVE_GIMPS_ASSIGNMENT,2026-08-09T02:56:41+00:00,UNALLOCATED,,,,,
SLCMP1467-2800,2800,2801,509139559,2^509139559-1,STRUCTURAL_SCREEN_EXHAUSTED_PRIMALITY_UNASSIGNED,GF3A_DIRECTIONAL_WRITE_EXHAUSTED_PRIMALITY_UNASSIGNED,514,512,512,NO_RECORDED_FACTOR_PRP_OR_LL_RESULT_AND_NO_ACTIVE_GIMPS_ASSIGNMENT,2026-08-09T02:56:41+00:00,UNALLOCATED,,,,,
SLCMP1467-2801,2801,2802,509139623,2^509139623-1,STRUCTURAL_SCREEN_EXHAUSTED_PRIMALITY_UNASSIGNED,GF3A_DIRECTIONAL_WRITE_EXHAUSTED_PRIMALITY_UNASSIGNED,514,512,512,NO_RECORDED_FACTOR_PRP_OR_LL_RESULT_AND_NO_ACTIVE_GIMPS_ASSIGNMENT,2026-08-09T02:56:41+00:00,UNALLOCATED,,,,,
SLCMP1467-2802,2802,2803,509139643,2^509139643-1,STRUCTURAL_SCREEN_EXHAUSTED_PRIMALITY_UNASSIGNED,GF3A_DIRECTIONAL_WRITE_EXHAUSTED_PRIMALITY_UNASSIGNED,514,512,512,NO_RECORDED_FACTOR_PRP_OR_LL_RESULT_AND_NO_ACTIVE_GIMPS_ASSIGNMENT,2026-08-09T02:56:41+00:00,UNALLOCATED,,,,,
SLCMP1467-2803,2803,2804,509139649,2^509139649-1,STRUCTURAL_SCREEN_EXHAUSTED_PRIMALITY_UNASSIGNED,GF3A_DIRECTIONAL_WRITE_EXHAUSTED_PRIMALITY_UNASSIGNED,513,512,512,NO_RECORDED_FACTOR_PRP_OR_LL_RESULT_AND_NO_ACTIVE_GIMPS_ASSIGNMENT,2026-08-09T02:56:41+00:00,UNALLOCATED,,,,,
SLCMP1467-2804,2804,2805,509139667,2^509139667-1,STRUCTURAL_SCREEN_EXHAUSTED_PRIMALITY_UNASSIGNED,GF3A_DIRECTIONAL_WRITE_EXHAUSTED_PRIMALITY_UNASSIGNED,514,512,512,NO_RECORDED_FACTOR_PRP_OR_LL_RESULT_AND_NO_ACTIVE_GIMPS_ASSIGNMENT,2026-08-09T02:56:41+00:00,UNALLOCATED,,,,,
SLCMP1467-2805,2805,2806,509139739,2^509139739-1,STRUCTURAL_SCREEN_EXHAUSTED_PRIMALITY_UNASSIGNED,GF3A_DIRECTIONAL_WRITE_EXHAUSTED_PRIMALITY_UNASSIGNED,514,512,512,NO_RECORDED_FACTOR_PRP_OR_LL_RESULT_AND_NO_ACTIVE_GIMPS_ASSIGNMENT,2026-08-09T02:56:41+00:00,UNALLOCATED,,,,,
SLCMP1467-2806,2806,2807,509139769,2^509139769-1,STRUCTURAL_SCREEN_EXHAUSTED_PRIMALITY_UNASSIGNED,GF3A_DIRECTIONAL_WRITE_EXHAUSTED_PRIMALITY_UNASSIGNED,513,512,512,NO_RECORDED_FACTOR_PRP_OR_LL_RESULT_AND_NO_ACTIVE_GIMPS_ASSIGNMENT,2026-08-09T02:56:41+00:00,UNALLOCATED,,,,,
SLCMP1467-2807,2807,2808,509139821,2^509139821-1,STRUCTURAL_SCREEN_EXHAUSTED_PRIMALITY_UNASSIGNED,GF3A_DIRECTIONAL_WRITE_EXHAUSTED_PRIMALITY_UNASSIGNED,513,512,512,NO_RECORDED_FACTOR_PRP_OR_LL_RESULT_AND_NO_ACTIVE_GIMPS_ASSIGNMENT,2026-08-09T02:56:41+00:00,UNALLOCATED,,,,,
SLCMP1467-2808,2808,2809,509139899,2^509139899-1,STRUCTURAL_SCREEN_EXHAUSTED_PRIMALITY_UNASSIGNED,GF3A_DIRECTIONAL_WRITE_EXHAUSTED_PRIMALITY_UNASSIGNED,514,512,512,NO_RECORDED_FACTOR_PRP_OR_LL_RESULT_AND_NO_ACTIVE_GIMPS_ASSIGNMENT,2026-08-09T02:56:41+00:00,UNALLOCATED,,,,,
SLCMP1467-2809,2809,2810,509139907,2^509139907-1,STRUCTURAL_SCREEN_EXHAUSTED_PRIMALITY_UNASSIGNED,GF3A_DIRECTIONAL_WRITE_EXHAUSTED_PRIMALITY_UNASSIGNED,514,512,512,NO_RECORDED_FACTOR_PRP_OR_LL_RESULT_AND_NO_ACTIVE_GIMPS_ASSIGNMENT,2026-08-09T02:56:41+00:00,UNALLOCATED,,,,,
SLCMP1467-2810,2810,2811,509139959,2^509139959-1,STRUCTURAL_SCREEN_EXHAUSTED_PRIMALITY_UNASSIGNED,GF3A_DIRECTIONAL_WRITE_EXHAUSTED_PRIMALITY_UNASSIGNED,514,512,512,NO_RECORDED_FACTOR_PRP_OR_LL_RESULT_AND_NO_ACTIVE_GIMPS_ASSIGNMENT,2026-08-09T02:56:41+00:00,UNALLOCATED,,,,,
SLCMP1467-2811,2811,2812,509139971,2^509139971-1,STRUCTURAL_SCREEN_EXHAUSTED_PRIMALITY_UNASSIGNED,GF3A_DIRECTIONAL_WRITE_EXHAUSTED_PRIMALITY_UNASSIGNED,514,512,512,NO_RECORDED_FACTOR_PRP_OR_LL_RESULT_AND_NO_ACTIVE_GIMPS_ASSIGNMENT,2026-08-09T02:56:41+00:00,UNALLOCATED,,,,,
SLCMP1467-2812,2812,2813,509139989,2^509139989-1,STRUCTURAL_SCREEN_EXHAUSTED_PRIMALITY_UNASSIGNED,GF3A_DIRECTIONAL_WRITE_EXHAUSTED_PRIMALITY_UNASSIGNED,513,512,512,NO_RECORDED_FACTOR_PRP_OR_LL_RESULT_AND_NO_ACTIVE_GIMPS_ASSIGNMENT,2026-08-09T02:56:41+00:00,UNALLOCATED,,,,,
SLCMP1467-2813,2813,2814,509139991,2^509139991-1,STRUCTURAL_SCREEN_EXHAUSTED_PRIMALITY_UNASSIGNED,GF3A_DIRECTIONAL_WRITE_EXHAUSTED_PRIMALITY_UNASSIGNED,514,512,512,NO_RECORDED_FACTOR_PRP_OR_LL_RESULT_AND_NO_ACTIVE_GIMPS_ASSIGNMENT,2026-08-09T02:56:41+00:00,UNALLOCATED,,,,,
SLCMP1467-2814,2814,2815,509140057,2^509140057-1,STRUCTURAL_SCREEN_EXHAUSTED_PRIMALITY_UNASSIGNED,GF3A_DIRECTIONAL_WRITE_EXHAUSTED_PRIMALITY_UNASSIGNED,513,512,512,NO_RECORDED_FACTOR_PRP_OR_LL_RESULT_AND_NO_ACTIVE_GIMPS_ASSIGNMENT,2026-08-09T02:56:41+00:00,UNALLOCATED,,,,,
SLCMP1467-2815,2815,2816,509140061,2^509140061-1,STRUCTURAL_SCREEN_EXHAUSTED_PRIMALITY_UNASSIGNED,GF3A_DIRECTIONAL_WRITE_EXHAUSTED_PRIMALITY_UNASSIGNED,513,512,512,NO_RECORDED_FACTOR_PRP_OR_LL_RESULT_AND_NO_ACTIVE_GIMPS_ASSIGNMENT,2026-08-09T02:56:41+00:00,UNALLOCATED,,,,,
SLCMP1467-2816,2816,2817,509140097,2^509140097-1,STRUCTURAL_SCREEN_EXHAUSTED_PRIMALITY_UNASSIGNED,GF3A_DIRECTIONAL_WRITE_EXHAUSTED_PRIMALITY_UNASSIGNED,513,512,512,NO_RECORDED_FACTOR_PRP_OR_LL_RESULT_AND_NO_ACTIVE_GIMPS_ASSIGNMENT,2026-08-09T02:56:41+00:00,UNALLOCATED,,,,,
SLCMP1467-2817,2817,2818,509140273,2^509140273-1,STRUCTURAL_SCREEN_EXHAUSTED_PRIMALITY_UNASSIGNED,GF3A_DIRECTIONAL_WRITE_EXHAUSTED_PRIMALITY_UNASSIGNED,513,512,512,NO_RECORDED_FACTOR_PRP_OR_LL_RESULT_AND_NO_ACTIVE_GIMPS_ASSIGNMENT,2026-08-09T02:56:41+00:00,UNALLOCATED,,,,,
SLCMP1467-2818,2818,2819,509140367,2^509140367-1,STRUCTURAL_SCREEN_EXHAUSTED_PRIMALITY_UNASSIGNED,GF3A_DIRECTIONAL_WRITE_EXHAUSTED_PRIMALITY_UNASSIGNED,514,512,512,NO_RECORDED_FACTOR_PRP_OR_LL_RESULT_AND_NO_ACTIVE_GIMPS_ASSIGNMENT,2026-08-09T02:56:41+00:00,UNALLOCATED,,,,,
SLCMP1467-2819,2819,2820,509140381,2^509140381-1,STRUCTURAL_SCREEN_EXHAUSTED_PRIMALITY_UNASSIGNED,GF3A_DIRECTIONAL_WRITE_EXHAUSTED_PRIMALITY_UNASSIGNED,513,512,512,NO_RECORDED_FACTOR_PRP_OR_LL_RESULT_AND_NO_ACTIVE_GIMPS_ASSIGNMENT,2026-08-09T02:56:41+00:00,UNALLOCATED,,,,,
SLCMP1467-2820,2820,2821,509140427,2^509140427-1,STRUCTURAL_SCREEN_EXHAUSTED_PRIMALITY_UNASSIGNED,GF3A_DIRECTIONAL_WRITE_EXHAUSTED_PRIMALITY_UNASSIGNED,514,512,512,NO_RECORDED_FACTOR_PRP_OR_LL_RESULT_AND_NO_ACTIVE_GIMPS_ASSIGNMENT,2026-08-09T02:56:41+00:00,UNALLOCATED,,,,,
SLCMP1467-2821,2821,2822,509140447,2^509140447-1,STRUCTURAL_SCREEN_EXHAUSTED_PRIMALITY_UNASSIGNED,GF3A_DIRECTIONAL_WRITE_EXHAUSTED_PRIMALITY_UNASSIGNED,514,512,512,NO_RECORDED_FACTOR_PRP_OR_LL_RESULT_AND_NO_ACTIVE_GIMPS_ASSIGNMENT,2026-08-09T02:56:41+00:00,UNALLOCATED,,,,,
SLCMP1467-2822,2822,2823,509140493,2^509140493-1,STRUCTURAL_SCREEN_EXHAUSTED_PRIMALITY_UNASSIGNED,GF3A_DIRECTIONAL_WRITE_EXHAUSTED_PRIMALITY_UNASSIGNED,513,512,512,NO_RECORDED_FACTOR_PRP_OR_LL_RESULT_AND_NO_ACTIVE_GIMPS_ASSIGNMENT,2026-08-09T02:56:41+00:00,UNALLOCATED,,,,,
SLCMP1467-2823,2823,2824,509140507,2^509140507-1,STRUCTURAL_SCREEN_EXHAUSTED_PRIMALITY_UNASSIGNED,GF3A_DIRECTIONAL_WRITE_EXHAUSTED_PRIMALITY_UNASSIGNED,514,512,512,NO_RECORDED_FACTOR_PRP_OR_LL_RESULT_AND_NO_ACTIVE_GIMPS_ASSIGNMENT,2026-08-09T02:56:41+00:00,UNALLOCATED,,,,,
SLCMP1467-2824,2824,2825,509140553,2^509140553-1,STRUCTURAL_SCREEN_EXHAUSTED_PRIMALITY_UNASSIGNED,GF3A_DIRECTIONAL_WRITE_EXHAUSTED_PRIMALITY_UNASSIGNED,513,512,512,NO_RECORDED_FACTOR_PRP_OR_LL_RESULT_AND_NO_ACTIVE_GIMPS_ASSIGNMENT,2026-08-09T02:56:41+00:00,UNALLOCATED,,,,,
SLCMP1467-2825,2825,2826,509140579,2^509140579-1,STRUCTURAL_SCREEN_EXHAUSTED_PRIMALITY_UNASSIGNED,GF3A_DIRECTIONAL_WRITE_EXHAUSTED_PRIMALITY_UNASSIGNED,514,512,512,NO_RECORDED_FACTOR_PRP_OR_LL_RESULT_AND_NO_ACTIVE_GIMPS_ASSIGNMENT,2026-08-09T02:56:41+00:00,UNALLOCATED,,,,,
SLCMP1467-2826,2826,2827,509140703,2^509140703-1,STRUCTURAL_SCREEN_EXHAUSTED_PRIMALITY_UNASSIGNED,GF3A_DIRECTIONAL_WRITE_EXHAUSTED_PRIMALITY_UNASSIGNED,514,512,512,NO_RECORDED_FACTOR_PRP_OR_LL_RESULT_AND_NO_ACTIVE_GIMPS_ASSIGNMENT,2026-08-09T02:56:41+00:00,UNALLOCATED,,,,,
SLCMP1467-2827,2827,2828,509140729,2^509140729-1,STRUCTURAL_SCREEN_EXHAUSTED_PRIMALITY_UNASSIGNED,GF3A_DIRECTIONAL_WRITE_EXHAUSTED_PRIMALITY_UNASSIGNED,513,512,512,NO_RECORDED_FACTOR_PRP_OR_LL_RESULT_AND_NO_ACTIVE_GIMPS_ASSIGNMENT,2026-08-09T02:56:41+00:00,UNALLOCATED,,,,,
SLCMP1467-2828,2828,2829,509140759,2^509140759-1,STRUCTURAL_SCREEN_EXHAUSTED_PRIMALITY_UNASSIGNED,GF3A_DIRECTIONAL_WRITE_EXHAUSTED_PRIMALITY_UNASSIGNED,514,512,512,NO_RECORDED_FACTOR_PRP_OR_LL_RESULT_AND_NO_ACTIVE_GIMPS_ASSIGNMENT,2026-08-09T02:56:41+00:00,UNALLOCATED,,,,,
SLCMP1467-2829,2829,2830,509140771,2^509140771-1,STRUCTURAL_SCREEN_EXHAUSTED_PRIMALITY_UNASSIGNED,GF3A_DIRECTIONAL_WRITE_EXHAUSTED_PRIMALITY_UNASSIGNED,514,512,512,NO_RECORDED_FACTOR_PRP_OR_LL_RESULT_AND_NO_ACTIVE_GIMPS_ASSIGNMENT,2026-08-09T02:56:41+00:00,UNALLOCATED,,,,,
SLCMP1467-2830,2830,2831,509140781,2^509140781-1,STRUCTURAL_SCREEN_EXHAUSTED_PRIMALITY_UNASSIGNED,GF3A_DIRECTIONAL_WRITE_EXHAUSTED_PRIMALITY_UNASSIGNED,513,512,512,NO_RECORDED_FACTOR_PRP_OR_LL_RESULT_AND_NO_ACTIVE_GIMPS_ASSIGNMENT,2026-08-09T02:56:41+00:00,UNALLOCATED,,,,,
SLCMP1467-2831,2831,2832,509140861,2^509140861-1,STRUCTURAL_SCREEN_EXHAUSTED_PRIMALITY_UNASSIGNED,GF3A_DIRECTIONAL_WRITE_EXHAUSTED_PRIMALITY_UNASSIGNED,513,512,512,NO_RECORDED_FACTOR_PRP_OR_LL_RESULT_AND_NO_ACTIVE_GIMPS_ASSIGNMENT,2026-08-09T02:56:41+00:00,UNALLOCATED,,,,,
SLCMP1467-2832,2832,2833,509140883,2^509140883-1,STRUCTURAL_SCREEN_EXHAUSTED_PRIMALITY_UNASSIGNED,GF3A_DIRECTIONAL_WRITE_EXHAUSTED_PRIMALITY_UNASSIGNED,514,512,512,NO_RECORDED_FACTOR_PRP_OR_LL_RESULT_AND_NO_ACTIVE_GIMPS_ASSIGNMENT,2026-08-09T02:56:41+00:00,UNALLOCATED,,,,,
SLCMP1467-2833,2833,2834,509140997,2^509140997-1,STRUCTURAL_SCREEN_EXHAUSTED_PRIMALITY_UNASSIGNED,GF3A_DIRECTIONAL_WRITE_EXHAUSTED_PRIMALITY_UNASSIGNED,513,512,512,NO_RECORDED_FACTOR_PRP_OR_LL_RESULT_AND_NO_ACTIVE_GIMPS_ASSIGNMENT,2026-08-09T02:56:41+00:00,UNALLOCATED,,,,,
SLCMP1467-2834,2834,2835,509141011,2^509141011-1,STRUCTURAL_SCREEN_EXHAUSTED_PRIMALITY_UNASSIGNED,GF3A_DIRECTIONAL_WRITE_EXHAUSTED_PRIMALITY_UNASSIGNED,514,512,512,NO_RECORDED_FACTOR_PRP_OR_LL_RESULT_AND_NO_ACTIVE_GIMPS_ASSIGNMENT,2026-08-09T02:56:41+00:00,UNALLOCATED,,,,,
SLCMP1467-2835,2835,2836,509141021,2^509141021-1,STRUCTURAL_SCREEN_EXHAUSTED_PRIMALITY_UNASSIGNED,GF3A_DIRECTIONAL_WRITE_EXHAUSTED_PRIMALITY_UNASSIGNED,513,512,512,NO_RECORDED_FACTOR_PRP_OR_LL_RESULT_AND_NO_ACTIVE_GIMPS_ASSIGNMENT,2026-08-09T02:56:41+00:00,UNALLOCATED,,,,,
SLCMP1467-2836,2836,2837,509141089,2^509141089-1,STRUCTURAL_SCREEN_EXHAUSTED_PRIMALITY_UNASSIGNED,GF3A_DIRECTIONAL_WRITE_EXHAUSTED_PRIMALITY_UNASSIGNED,513,512,512,NO_RECORDED_FACTOR_PRP_OR_LL_RESULT_AND_NO_ACTIVE_GIMPS_ASSIGNMENT,2026-08-09T02:56:41+00:00,UNALLOCATED,,,,,
SLCMP1467-2837,2837,2838,509141189,2^509141189-1,STRUCTURAL_SCREEN_EXHAUSTED_PRIMALITY_UNASSIGNED,GF3A_DIRECTIONAL_WRITE_EXHAUSTED_PRIMALITY_UNASSIGNED,513,512,512,NO_RECORDED_FACTOR_PRP_OR_LL_RESULT_AND_NO_ACTIVE_GIMPS_ASSIGNMENT,2026-08-09T02:56:41+00:00,UNALLOCATED,,,,,
SLCMP1467-2838,2838,2839,509141327,2^509141327-1,STRUCTURAL_SCREEN_EXHAUSTED_PRIMALITY_UNASSIGNED,GF3A_DIRECTIONAL_WRITE_EXHAUSTED_PRIMALITY_UNASSIGNED,514,512,512,NO_RECORDED_FACTOR_PRP_OR_LL_RESULT_AND_NO_ACTIVE_GIMPS_ASSIGNMENT,2026-08-09T02:56:41+00:00,UNALLOCATED,,,,,
SLCMP1467-2839,2839,2840,509141401,2^509141401-1,STRUCTURAL_SCREEN_EXHAUSTED_PRIMALITY_UNASSIGNED,GF3A_DIRECTIONAL_WRITE_EXHAUSTED_PRIMALITY_UNASSIGNED,513,512,512,NO_RECORDED_FACTOR_PRP_OR_LL_RESULT_AND_NO_ACTIVE_GIMPS_ASSIGNMENT,2026-08-09T02:56:41+00:00,UNALLOCATED,,,,,
SLCMP1467-2840,2840,2841,509141447,2^509141447-1,STRUCTURAL_SCREEN_EXHAUSTED_PRIMALITY_UNASSIGNED,GF3A_DIRECTIONAL_WRITE_EXHAUSTED_PRIMALITY_UNASSIGNED,514,512,512,NO_RECORDED_FACTOR_PRP_OR_LL_RESULT_AND_NO_ACTIVE_GIMPS_ASSIGNMENT,2026-08-09T02:56:41+00:00,UNALLOCATED,,,,,
SLCMP1467-2841,2841,2842,509141453,2^509141453-1,STRUCTURAL_SCREEN_EXHAUSTED_PRIMALITY_UNASSIGNED,GF3A_DIRECTIONAL_WRITE_EXHAUSTED_PRIMALITY_UNASSIGNED,513,512,512,NO_RECORDED_FACTOR_PRP_OR_LL_RESULT_AND_NO_ACTIVE_GIMPS_ASSIGNMENT,2026-08-09T02:56:41+00:00,UNALLOCATED,,,,,
SLCMP1467-2842,2842,2843,509141513,2^509141513-1,STRUCTURAL_SCREEN_EXHAUSTED_PRIMALITY_UNASSIGNED,GF3A_DIRECTIONAL_WRITE_EXHAUSTED_PRIMALITY_UNASSIGNED,513,512,512,NO_RECORDED_FACTOR_PRP_OR_LL_RESULT_AND_NO_ACTIVE_GIMPS_ASSIGNMENT,2026-08-09T02:56:41+00:00,UNALLOCATED,,,,,
SLCMP1467-2843,2843,2844,509141533,2^509141533-1,STRUCTURAL_SCREEN_EXHAUSTED_PRIMALITY_UNASSIGNED,GF3A_DIRECTIONAL_WRITE_EXHAUSTED_PRIMALITY_UNASSIGNED,513,512,512,NO_RECORDED_FACTOR_PRP_OR_LL_RESULT_AND_NO_ACTIVE_GIMPS_ASSIGNMENT,2026-08-09T02:56:41+00:00,UNALLOCATED,,,,,
SLCMP1467-2844,2844,2845,509141569,2^509141569-1,STRUCTURAL_SCREEN_EXHAUSTED_PRIMALITY_UNASSIGNED,GF3A_DIRECTIONAL_WRITE_EXHAUSTED_PRIMALITY_UNASSIGNED,513,512,512,NO_RECORDED_FACTOR_PRP_OR_LL_RESULT_AND_NO_ACTIVE_GIMPS_ASSIGNMENT,2026-08-09T02:56:41+00:00,UNALLOCATED,,,,,
SLCMP1467-2845,2845,2846,509141573,2^509141573-1,STRUCTURAL_SCREEN_EXHAUSTED_PRIMALITY_UNASSIGNED,GF3A_DIRECTIONAL_WRITE_EXHAUSTED_PRIMALITY_UNASSIGNED,513,512,512,NO_RECORDED_FACTOR_PRP_OR_LL_RESULT_AND_NO_ACTIVE_GIMPS_ASSIGNMENT,2026-08-09T02:56:41+00:00,UNALLOCATED,,,,,
SLCMP1467-2846,2846,2847,509141641,2^509141641-1,STRUCTURAL_SCREEN_EXHAUSTED_PRIMALITY_UNASSIGNED,GF3A_DIRECTIONAL_WRITE_EXHAUSTED_PRIMALITY_UNASSIGNED,513,512,512,NO_RECORDED_FACTOR_PRP_OR_LL_RESULT_AND_NO_ACTIVE_GIMPS_ASSIGNMENT,2026-08-09T02:56:41+00:00,UNALLOCATED,,,,,
SLCMP1467-2847,2847,2848,509141681,2^509141681-1,STRUCTURAL_SCREEN_EXHAUSTED_PRIMALITY_UNASSIGNED,GF3A_DIRECTIONAL_WRITE_EXHAUSTED_PRIMALITY_UNASSIGNED,513,512,512,NO_RECORDED_FACTOR_PRP_OR_LL_RESULT_AND_NO_ACTIVE_GIMPS_ASSIGNMENT,2026-08-09T02:56:41+00:00,UNALLOCATED,,,,,
SLCMP1467-2848,2848,2849,509141753,2^509141753-1,STRUCTURAL_SCREEN_EXHAUSTED_PRIMALITY_UNASSIGNED,GF3A_DIRECTIONAL_WRITE_EXHAUSTED_PRIMALITY_UNASSIGNED,513,512,512,NO_RECORDED_FACTOR_PRP_OR_LL_RESULT_AND_NO_ACTIVE_GIMPS_ASSIGNMENT,2026-08-09T02:56:41+00:00,UNALLOCATED,,,,,
SLCMP1467-2849,2849,2850,509141761,2^509141761-1,STRUCTURAL_SCREEN_EXHAUSTED_PRIMALITY_UNASSIGNED,GF3A_DIRECTIONAL_WRITE_EXHAUSTED_PRIMALITY_UNASSIGNED,513,512,512,NO_RECORDED_FACTOR_PRP_OR_LL_RESULT_AND_NO_ACTIVE_GIMPS_ASSIGNMENT,2026-08-09T02:56:41+00:00,UNALLOCATED,,,,,
SLCMP1467-2850,2850,2851,509141771,2^509141771-1,STRUCTURAL_SCREEN_EXHAUSTED_PRIMALITY_UNASSIGNED,GF3A_DIRECTIONAL_WRITE_EXHAUSTED_PRIMALITY_UNASSIGNED,514,512,512,NO_RECORDED_FACTOR_PRP_OR_LL_RESULT_AND_NO_ACTIVE_GIMPS_ASSIGNMENT,2026-08-09T02:56:41+00:00,UNALLOCATED,,,,,
SLCMP1467-2851,2851,2852,509141851,2^509141851-1,STRUCTURAL_SCREEN_EXHAUSTED_PRIMALITY_UNASSIGNED,GF3A_DIRECTIONAL_WRITE_EXHAUSTED_PRIMALITY_UNASSIGNED,514,512,512,NO_RECORDED_FACTOR_PRP_OR_LL_RESULT_AND_NO_ACTIVE_GIMPS_ASSIGNMENT,2026-08-09T02:56:41+00:00,UNALLOCATED,,,,,
SLCMP1467-2852,2852,2853,509141981,2^509141981-1,STRUCTURAL_SCREEN_EXHAUSTED_PRIMALITY_UNASSIGNED,GF3A_DIRECTIONAL_WRITE_EXHAUSTED_PRIMALITY_UNASSIGNED,513,512,512,NO_RECORDED_FACTOR_PRP_OR_LL_RESULT_AND_NO_ACTIVE_GIMPS_ASSIGNMENT,2026-08-09T02:56:41+00:00,UNALLOCATED,,,,,
SLCMP1467-2853,2853,2854,509141989,2^509141989-1,STRUCTURAL_SCREEN_EXHAUSTED_PRIMALITY_UNASSIGNED,GF3A_DIRECTIONAL_WRITE_EXHAUSTED_PRIMALITY_UNASSIGNED,513,512,512,NO_RECORDED_FACTOR_PRP_OR_LL_RESULT_AND_NO_ACTIVE_GIMPS_ASSIGNMENT,2026-08-09T02:56:41+00:00,UNALLOCATED,,,,,
SLCMP1467-2854,2854,2855,509142017,2^509142017-1,STRUCTURAL_SCREEN_EXHAUSTED_PRIMALITY_UNASSIGNED,GF3A_DIRECTIONAL_WRITE_EXHAUSTED_PRIMALITY_UNASSIGNED,513,512,512,NO_RECORDED_FACTOR_PRP_OR_LL_RESULT_AND_NO_ACTIVE_GIMPS_ASSIGNMENT,2026-08-09T02:56:41+00:00,UNALLOCATED,,,,,
SLCMP1467-2855,2855,2856,509142113,2^509142113-1,STRUCTURAL_SCREEN_EXHAUSTED_PRIMALITY_UNASSIGNED,GF3A_DIRECTIONAL_WRITE_EXHAUSTED_PRIMALITY_UNASSIGNED,513,512,512,NO_RECORDED_FACTOR_PRP_OR_LL_RESULT_AND_NO_ACTIVE_GIMPS_ASSIGNMENT,2026-08-09T02:56:41+00:00,UNALLOCATED,,,,,
SLCMP1467-2856,2856,2857,509142131,2^509142131-1,STRUCTURAL_SCREEN_EXHAUSTED_PRIMALITY_UNASSIGNED,GF3A_DIRECTIONAL_WRITE_EXHAUSTED_PRIMALITY_UNASSIGNED,514,512,512,NO_RECORDED_FACTOR_PRP_OR_LL_RESULT_AND_NO_ACTIVE_GIMPS_ASSIGNMENT,2026-08-09T02:56:41+00:00,UNALLOCATED,,,,,
SLCMP1467-2857,2857,2858,509142301,2^509142301-1,STRUCTURAL_SCREEN_EXHAUSTED_PRIMALITY_UNASSIGNED,GF3A_DIRECTIONAL_WRITE_EXHAUSTED_PRIMALITY_UNASSIGNED,513,512,512,NO_RECORDED_FACTOR_PRP_OR_LL_RESULT_AND_NO_ACTIVE_GIMPS_ASSIGNMENT,2026-08-09T02:56:41+00:00,UNALLOCATED,,,,,
SLCMP1467-2858,2858,2859,509142307,2^509142307-1,STRUCTURAL_SCREEN_EXHAUSTED_PRIMALITY_UNASSIGNED,GF3A_DIRECTIONAL_WRITE_EXHAUSTED_PRIMALITY_UNASSIGNED,514,512,512,NO_RECORDED_FACTOR_PRP_OR_LL_RESULT_AND_NO_ACTIVE_GIMPS_ASSIGNMENT,2026-08-09T02:56:41+00:00,UNALLOCATED,,,,,
SLCMP1467-2859,2859,2860,509142391,2^509142391-1,STRUCTURAL_SCREEN_EXHAUSTED_PRIMALITY_UNASSIGNED,GF3A_DIRECTIONAL_WRITE_EXHAUSTED_PRIMALITY_UNASSIGNED,514,512,512,NO_RECORDED_FACTOR_PRP_OR_LL_RESULT_AND_NO_ACTIVE_GIMPS_ASSIGNMENT,2026-08-09T02:56:41+00:00,UNALLOCATED,,,,,
SLCMP1467-2860,2860,2861,509142407,2^509142407-1,STRUCTURAL_SCREEN_EXHAUSTED_PRIMALITY_UNASSIGNED,GF3A_DIRECTIONAL_WRITE_EXHAUSTED_PRIMALITY_UNASSIGNED,514,512,512,NO_RECORDED_FACTOR_PRP_OR_LL_RESULT_AND_NO_ACTIVE_GIMPS_ASSIGNMENT,2026-08-09T02:56:41+00:00,UNALLOCATED,,,,,
SLCMP1467-2861,2861,2862,509142461,2^509142461-1,STRUCTURAL_SCREEN_EXHAUSTED_PRIMALITY_UNASSIGNED,GF3A_DIRECTIONAL_WRITE_EXHAUSTED_PRIMALITY_UNASSIGNED,513,512,512,NO_RECORDED_FACTOR_PRP_OR_LL_RESULT_AND_NO_ACTIVE_GIMPS_ASSIGNMENT,2026-08-09T02:56:41+00:00,UNALLOCATED,,,,,
SLCMP1467-2862,2862,2863,509142499,2^509142499-1,STRUCTURAL_SCREEN_EXHAUSTED_PRIMALITY_UNASSIGNED,GF3A_DIRECTIONAL_WRITE_EXHAUSTED_PRIMALITY_UNASSIGNED,514,512,512,NO_RECORDED_FACTOR_PRP_OR_LL_RESULT_AND_NO_ACTIVE_GIMPS_ASSIGNMENT,2026-08-09T02:56:41+00:00,UNALLOCATED,,,,,
SLCMP1467-2863,2863,2864,509142523,2^509142523-1,STRUCTURAL_SCREEN_EXHAUSTED_PRIMALITY_UNASSIGNED,GF3A_DIRECTIONAL_WRITE_EXHAUSTED_PRIMALITY_UNASSIGNED,514,512,512,NO_RECORDED_FACTOR_PRP_OR_LL_RESULT_AND_NO_ACTIVE_GIMPS_ASSIGNMENT,2026-08-09T02:56:41+00:00,UNALLOCATED,,,,,
SLCMP1467-2864,2864,2865,509142583,2^509142583-1,STRUCTURAL_SCREEN_EXHAUSTED_PRIMALITY_UNASSIGNED,GF3A_DIRECTIONAL_WRITE_EXHAUSTED_PRIMALITY_UNASSIGNED,514,512,512,NO_RECORDED_FACTOR_PRP_OR_LL_RESULT_AND_NO_ACTIVE_GIMPS_ASSIGNMENT,2026-08-09T02:56:41+00:00,UNALLOCATED,,,,,
SLCMP1467-2865,2865,2866,509142611,2^509142611-1,STRUCTURAL_SCREEN_EXHAUSTED_PRIMALITY_UNASSIGNED,GF3A_DIRECTIONAL_WRITE_EXHAUSTED_PRIMALITY_UNASSIGNED,514,512,512,NO_RECORDED_FACTOR_PRP_OR_LL_RESULT_AND_NO_ACTIVE_GIMPS_ASSIGNMENT,2026-08-09T02:56:41+00:00,UNALLOCATED,,,,,
SLCMP1467-2866,2866,2867,509142653,2^509142653-1,STRUCTURAL_SCREEN_EXHAUSTED_PRIMALITY_UNASSIGNED,GF3A_DIRECTIONAL_WRITE_EXHAUSTED_PRIMALITY_UNASSIGNED,513,512,512,NO_RECORDED_FACTOR_PRP_OR_LL_RESULT_AND_NO_ACTIVE_GIMPS_ASSIGNMENT,2026-08-09T02:56:41+00:00,UNALLOCATED,,,,,
SLCMP1467-2867,2867,2868,509142719,2^509142719-1,STRUCTURAL_SCREEN_EXHAUSTED_PRIMALITY_UNASSIGNED,GF3A_DIRECTIONAL_WRITE_EXHAUSTED_PRIMALITY_UNASSIGNED,514,512,512,NO_RECORDED_FACTOR_PRP_OR_LL_RESULT_AND_NO_ACTIVE_GIMPS_ASSIGNMENT,2026-08-09T02:56:41+00:00,UNALLOCATED,,,,,
SLCMP1467-2868,2868,2869,509142721,2^509142721-1,STRUCTURAL_SCREEN_EXHAUSTED_PRIMALITY_UNASSIGNED,GF3A_DIRECTIONAL_WRITE_EXHAUSTED_PRIMALITY_UNASSIGNED,513,512,512,NO_RECORDED_FACTOR_PRP_OR_LL_RESULT_AND_NO_ACTIVE_GIMPS_ASSIGNMENT,2026-08-09T02:56:41+00:00,UNALLOCATED,,,,,
SLCMP1467-2869,2869,2870,509142769,2^509142769-1,STRUCTURAL_SCREEN_EXHAUSTED_PRIMALITY_UNASSIGNED,GF3A_DIRECTIONAL_WRITE_EXHAUSTED_PRIMALITY_UNASSIGNED,513,512,512,NO_RECORDED_FACTOR_PRP_OR_LL_RESULT_AND_NO_ACTIVE_GIMPS_ASSIGNMENT,2026-08-09T02:56:41+00:00,UNALLOCATED,,,,,
SLCMP1467-2870,2870,2871,509142793,2^509142793-1,STRUCTURAL_SCREEN_EXHAUSTED_PRIMALITY_UNASSIGNED,GF3A_DIRECTIONAL_WRITE_EXHAUSTED_PRIMALITY_UNASSIGNED,513,512,512,NO_RECORDED_FACTOR_PRP_OR_LL_RESULT_AND_NO_ACTIVE_GIMPS_ASSIGNMENT,2026-08-09T02:56:41+00:00,UNALLOCATED,,,,,
SLCMP1467-2871,2871,2872,509142817,2^509142817-1,STRUCTURAL_SCREEN_EXHAUSTED_PRIMALITY_UNASSIGNED,GF3A_DIRECTIONAL_WRITE_EXHAUSTED_PRIMALITY_UNASSIGNED,513,512,512,NO_RECORDED_FACTOR_PRP_OR_LL_RESULT_AND_NO_ACTIVE_GIMPS_ASSIGNMENT,2026-08-09T02:56:41+00:00,UNALLOCATED,,,,,
SLCMP1467-2872,2872,2873,509143031,2^509143031-1,STRUCTURAL_SCREEN_EXHAUSTED_PRIMALITY_UNASSIGNED,GF3A_DIRECTIONAL_WRITE_EXHAUSTED_PRIMALITY_UNASSIGNED,514,512,512,NO_RECORDED_FACTOR_PRP_OR_LL_RESULT_AND_NO_ACTIVE_GIMPS_ASSIGNMENT,2026-08-09T02:56:41+00:00,UNALLOCATED,,,,,
SLCMP1467-2873,2873,2874,509143049,2^509143049-1,STRUCTURAL_SCREEN_EXHAUSTED_PRIMALITY_UNASSIGNED,GF3A_DIRECTIONAL_WRITE_EXHAUSTED_PRIMALITY_UNASSIGNED,513,512,512,NO_RECORDED_FACTOR_PRP_OR_LL_RESULT_AND_NO_ACTIVE_GIMPS_ASSIGNMENT,2026-08-09T02:56:41+00:00,UNALLOCATED,,,,,
SLCMP1467-2874,2874,2875,509143093,2^509143093-1,STRUCTURAL_SCREEN_EXHAUSTED_PRIMALITY_UNASSIGNED,GF3A_DIRECTIONAL_WRITE_EXHAUSTED_PRIMALITY_UNASSIGNED,513,512,512,NO_RECORDED_FACTOR_PRP_OR_LL_RESULT_AND_NO_ACTIVE_GIMPS_ASSIGNMENT,2026-08-09T02:56:41+00:00,UNALLOCATED,,,,,
SLCMP1467-2875,2875,2876,509143123,2^509143123-1,STRUCTURAL_SCREEN_EXHAUSTED_PRIMALITY_UNASSIGNED,GF3A_DIRECTIONAL_WRITE_EXHAUSTED_PRIMALITY_UNASSIGNED,514,512,512,NO_RECORDED_FACTOR_PRP_OR_LL_RESULT_AND_NO_ACTIVE_GIMPS_ASSIGNMENT,2026-08-09T02:56:41+00:00,UNALLOCATED,,,,,
SLCMP1467-2876,2876,2877,509143379,2^509143379-1,STRUCTURAL_SCREEN_EXHAUSTED_PRIMALITY_UNASSIGNED,GF3A_DIRECTIONAL_WRITE_EXHAUSTED_PRIMALITY_UNASSIGNED,514,512,512,NO_RECORDED_FACTOR_PRP_OR_LL_RESULT_AND_NO_ACTIVE_GIMPS_ASSIGNMENT,2026-08-09T02:56:41+00:00,UNALLOCATED,,,,,
SLCMP1467-2877,2877,2878,509143423,2^509143423-1,STRUCTURAL_SCREEN_EXHAUSTED_PRIMALITY_UNASSIGNED,GF3A_DIRECTIONAL_WRITE_EXHAUSTED_PRIMALITY_UNASSIGNED,514,512,512,NO_RECORDED_FACTOR_PRP_OR_LL_RESULT_AND_NO_ACTIVE_GIMPS_ASSIGNMENT,2026-08-09T02:56:41+00:00,UNALLOCATED,,,,,
SLCMP1467-2878,2878,2879,509143561,2^509143561-1,STRUCTURAL_SCREEN_EXHAUSTED_PRIMALITY_UNASSIGNED,GF3A_DIRECTIONAL_WRITE_EXHAUSTED_PRIMALITY_UNASSIGNED,513,512,512,NO_RECORDED_FACTOR_PRP_OR_LL_RESULT_AND_NO_ACTIVE_GIMPS_ASSIGNMENT,2026-08-09T02:56:41+00:00,UNALLOCATED,,,,,
SLCMP1467-2879,2879,2880,509143573,2^509143573-1,STRUCTURAL_SCREEN_EXHAUSTED_PRIMALITY_UNASSIGNED,GF3A_DIRECTIONAL_WRITE_EXHAUSTED_PRIMALITY_UNASSIGNED,513,512,512,NO_RECORDED_FACTOR_PRP_OR_LL_RESULT_AND_NO_ACTIVE_GIMPS_ASSIGNMENT,2026-08-09T02:56:41+00:00,UNALLOCATED,,,,,
SLCMP1467-2880,2880,2881,509143631,2^509143631-1,STRUCTURAL_SCREEN_EXHAUSTED_PRIMALITY_UNASSIGNED,GF3A_DIRECTIONAL_WRITE_EXHAUSTED_PRIMALITY_UNASSIGNED,514,512,512,NO_RECORDED_FACTOR_PRP_OR_LL_RESULT_AND_NO_ACTIVE_GIMPS_ASSIGNMENT,2026-08-09T02:56:41+00:00,UNALLOCATED,,,,,
SLCMP1467-2881,2881,2882,509143751,2^509143751-1,STRUCTURAL_SCREEN_EXHAUSTED_PRIMALITY_UNASSIGNED,GF3A_DIRECTIONAL_WRITE_EXHAUSTED_PRIMALITY_UNASSIGNED,514,512,512,NO_RECORDED_FACTOR_PRP_OR_LL_RESULT_AND_NO_ACTIVE_GIMPS_ASSIGNMENT,2026-08-09T02:56:41+00:00,UNALLOCATED,,,,,
SLCMP1467-2882,2882,2883,509143823,2^509143823-1,STRUCTURAL_SCREEN_EXHAUSTED_PRIMALITY_UNASSIGNED,GF3A_DIRECTIONAL_WRITE_EXHAUSTED_PRIMALITY_UNASSIGNED,514,512,512,NO_RECORDED_FACTOR_PRP_OR_LL_RESULT_AND_NO_ACTIVE_GIMPS_ASSIGNMENT,2026-08-09T02:56:41+00:00,UNALLOCATED,,,,,
SLCMP1467-2883,2883,2884,509144057,2^509144057-1,STRUCTURAL_SCREEN_EXHAUSTED_PRIMALITY_UNASSIGNED,GF3A_DIRECTIONAL_WRITE_EXHAUSTED_PRIMALITY_UNASSIGNED,513,512,512,NO_RECORDED_FACTOR_PRP_OR_LL_RESULT_AND_NO_ACTIVE_GIMPS_ASSIGNMENT,2026-08-09T02:56:41+00:00,UNALLOCATED,,,,,
SLCMP1467-2884,2884,2885,509144107,2^509144107-1,STRUCTURAL_SCREEN_EXHAUSTED_PRIMALITY_UNASSIGNED,GF3A_DIRECTIONAL_WRITE_EXHAUSTED_PRIMALITY_UNASSIGNED,514,512,512,NO_RECORDED_FACTOR_PRP_OR_LL_RESULT_AND_NO_ACTIVE_GIMPS_ASSIGNMENT,2026-08-09T02:56:41+00:00,UNALLOCATED,,,,,
SLCMP1467-2885,2885,2886,509144137,2^509144137-1,STRUCTURAL_SCREEN_EXHAUSTED_PRIMALITY_UNASSIGNED,GF3A_DIRECTIONAL_WRITE_EXHAUSTED_PRIMALITY_UNASSIGNED,513,512,512,NO_RECORDED_FACTOR_PRP_OR_LL_RESULT_AND_NO_ACTIVE_GIMPS_ASSIGNMENT,2026-08-09T02:56:41+00:00,UNALLOCATED,,,,,
SLCMP1467-2886,2886,2887,509144149,2^509144149-1,STRUCTURAL_SCREEN_EXHAUSTED_PRIMALITY_UNASSIGNED,GF3A_DIRECTIONAL_WRITE_EXHAUSTED_PRIMALITY_UNASSIGNED,513,512,512,NO_RECORDED_FACTOR_PRP_OR_LL_RESULT_AND_NO_ACTIVE_GIMPS_ASSIGNMENT,2026-08-09T02:56:41+00:00,UNALLOCATED,,,,,
SLCMP1467-2887,2887,2888,509144183,2^509144183-1,STRUCTURAL_SCREEN_EXHAUSTED_PRIMALITY_UNASSIGNED,GF3A_DIRECTIONAL_WRITE_EXHAUSTED_PRIMALITY_UNASSIGNED,514,512,512,NO_RECORDED_FACTOR_PRP_OR_LL_RESULT_AND_NO_ACTIVE_GIMPS_ASSIGNMENT,2026-08-09T02:56:41+00:00,UNALLOCATED,,,,,
SLCMP1467-2888,2888,2889,509144201,2^509144201-1,STRUCTURAL_SCREEN_EXHAUSTED_PRIMALITY_UNASSIGNED,GF3A_DIRECTIONAL_WRITE_EXHAUSTED_PRIMALITY_UNASSIGNED,513,512,512,NO_RECORDED_FACTOR_PRP_OR_LL_RESULT_AND_NO_ACTIVE_GIMPS_ASSIGNMENT,2026-08-09T02:56:41+00:00,UNALLOCATED,,,,,
SLCMP1467-2889,2889,2890,509144221,2^509144221-1,STRUCTURAL_SCREEN_EXHAUSTED_PRIMALITY_UNASSIGNED,GF3A_DIRECTIONAL_WRITE_EXHAUSTED_PRIMALITY_UNASSIGNED,513,512,512,NO_RECORDED_FACTOR_PRP_OR_LL_RESULT_AND_NO_ACTIVE_GIMPS_ASSIGNMENT,2026-08-09T02:56:41+00:00,UNALLOCATED,,,,,
SLCMP1467-2890,2890,2891,509144269,2^509144269-1,STRUCTURAL_SCREEN_EXHAUSTED_PRIMALITY_UNASSIGNED,GF3A_DIRECTIONAL_WRITE_EXHAUSTED_PRIMALITY_UNASSIGNED,513,512,512,NO_RECORDED_FACTOR_PRP_OR_LL_RESULT_AND_NO_ACTIVE_GIMPS_ASSIGNMENT,2026-08-09T02:56:41+00:00,UNALLOCATED,,,,,
SLCMP1467-2891,2891,2892,509144299,2^509144299-1,STRUCTURAL_SCREEN_EXHAUSTED_PRIMALITY_UNASSIGNED,GF3A_DIRECTIONAL_WRITE_EXHAUSTED_PRIMALITY_UNASSIGNED,514,512,512,NO_RECORDED_FACTOR_PRP_OR_LL_RESULT_AND_NO_ACTIVE_GIMPS_ASSIGNMENT,2026-08-09T02:56:41+00:00,UNALLOCATED,,,,,
SLCMP1467-2892,2892,2893,509144303,2^509144303-1,STRUCTURAL_SCREEN_EXHAUSTED_PRIMALITY_UNASSIGNED,GF3A_DIRECTIONAL_WRITE_EXHAUSTED_PRIMALITY_UNASSIGNED,514,512,512,NO_RECORDED_FACTOR_PRP_OR_LL_RESULT_AND_NO_ACTIVE_GIMPS_ASSIGNMENT,2026-08-09T02:56:41+00:00,UNALLOCATED,,,,,
SLCMP1467-2893,2893,2894,509144401,2^509144401-1,STRUCTURAL_SCREEN_EXHAUSTED_PRIMALITY_UNASSIGNED,GF3A_DIRECTIONAL_WRITE_EXHAUSTED_PRIMALITY_UNASSIGNED,513,512,512,NO_RECORDED_FACTOR_PRP_OR_LL_RESULT_AND_NO_ACTIVE_GIMPS_ASSIGNMENT,2026-08-09T02:56:41+00:00,UNALLOCATED,,,,,
SLCMP1467-2894,2894,2895,509144459,2^509144459-1,STRUCTURAL_SCREEN_EXHAUSTED_PRIMALITY_UNASSIGNED,GF3A_DIRECTIONAL_WRITE_EXHAUSTED_PRIMALITY_UNASSIGNED,514,512,512,NO_RECORDED_FACTOR_PRP_OR_LL_RESULT_AND_NO_ACTIVE_GIMPS_ASSIGNMENT,2026-08-09T02:56:41+00:00,UNALLOCATED,,,,,
SLCMP1467-2895,2895,2896,509144551,2^509144551-1,STRUCTURAL_SCREEN_EXHAUSTED_PRIMALITY_UNASSIGNED,GF3A_DIRECTIONAL_WRITE_EXHAUSTED_PRIMALITY_UNASSIGNED,514,512,512,NO_RECORDED_FACTOR_PRP_OR_LL_RESULT_AND_NO_ACTIVE_GIMPS_ASSIGNMENT,2026-08-09T02:56:41+00:00,UNALLOCATED,,,,,
SLCMP1467-2896,2896,2897,509144569,2^509144569-1,STRUCTURAL_SCREEN_EXHAUSTED_PRIMALITY_UNASSIGNED,GF3A_DIRECTIONAL_WRITE_EXHAUSTED_PRIMALITY_UNASSIGNED,513,512,512,NO_RECORDED_FACTOR_PRP_OR_LL_RESULT_AND_NO_ACTIVE_GIMPS_ASSIGNMENT,2026-08-09T02:56:41+00:00,UNALLOCATED,,,,,
SLCMP1467-2897,2897,2898,509144707,2^509144707-1,STRUCTURAL_SCREEN_EXHAUSTED_PRIMALITY_UNASSIGNED,GF3A_DIRECTIONAL_WRITE_EXHAUSTED_PRIMALITY_UNASSIGNED,514,512,512,NO_RECORDED_FACTOR_PRP_OR_LL_RESULT_AND_NO_ACTIVE_GIMPS_ASSIGNMENT,2026-08-09T02:56:41+00:00,UNALLOCATED,,,,,
SLCMP1467-2898,2898,2899,509144711,2^509144711-1,STRUCTURAL_SCREEN_EXHAUSTED_PRIMALITY_UNASSIGNED,GF3A_DIRECTIONAL_WRITE_EXHAUSTED_PRIMALITY_UNASSIGNED,514,512,512,NO_RECORDED_FACTOR_PRP_OR_LL_RESULT_AND_NO_ACTIVE_GIMPS_ASSIGNMENT,2026-08-09T02:56:41+00:00,UNALLOCATED,,,,,
SLCMP1467-2899,2899,2900,509144863,2^509144863-1,STRUCTURAL_SCREEN_EXHAUSTED_PRIMALITY_UNASSIGNED,GF3A_DIRECTIONAL_WRITE_EXHAUSTED_PRIMALITY_UNASSIGNED,514,512,512,NO_RECORDED_FACTOR_PRP_OR_LL_RESULT_AND_NO_ACTIVE_GIMPS_ASSIGNMENT,2026-08-09T02:56:41+00:00,UNALLOCATED,,,,,
SLCMP1467-2900,2900,2901,509145067,2^509145067-1,STRUCTURAL_SCREEN_EXHAUSTED_PRIMALITY_UNASSIGNED,GF3A_DIRECTIONAL_WRITE_EXHAUSTED_PRIMALITY_UNASSIGNED,514,512,512,NO_RECORDED_FACTOR_PRP_OR_LL_RESULT_AND_NO_ACTIVE_GIMPS_ASSIGNMENT,2026-08-09T02:56:41+00:00,UNALLOCATED,,,,,
SLCMP1467-2901,2901,2902,509145103,2^509145103-1,STRUCTURAL_SCREEN_EXHAUSTED_PRIMALITY_UNASSIGNED,GF3A_DIRECTIONAL_WRITE_EXHAUSTED_PRIMALITY_UNASSIGNED,514,512,512,NO_RECORDED_FACTOR_PRP_OR_LL_RESULT_AND_NO_ACTIVE_GIMPS_ASSIGNMENT,2026-08-09T02:56:41+00:00,UNALLOCATED,,,,,
SLCMP1467-2902,2902,2903,509145139,2^509145139-1,STRUCTURAL_SCREEN_EXHAUSTED_PRIMALITY_UNASSIGNED,GF3A_DIRECTIONAL_WRITE_EXHAUSTED_PRIMALITY_UNASSIGNED,514,512,512,NO_RECORDED_FACTOR_PRP_OR_LL_RESULT_AND_NO_ACTIVE_GIMPS_ASSIGNMENT,2026-08-09T02:56:41+00:00,UNALLOCATED,,,,,
SLCMP1467-2903,2903,2904,509145163,2^509145163-1,STRUCTURAL_SCREEN_EXHAUSTED_PRIMALITY_UNASSIGNED,GF3A_DIRECTIONAL_WRITE_EXHAUSTED_PRIMALITY_UNASSIGNED,514,512,512,NO_RECORDED_FACTOR_PRP_OR_LL_RESULT_AND_NO_ACTIVE_GIMPS_ASSIGNMENT,2026-08-09T02:56:41+00:00,UNALLOCATED,,,,,
SLCMP1467-2904,2904,2905,509145173,2^509145173-1,STRUCTURAL_SCREEN_EXHAUSTED_PRIMALITY_UNASSIGNED,GF3A_DIRECTIONAL_WRITE_EXHAUSTED_PRIMALITY_UNASSIGNED,513,512,512,NO_RECORDED_FACTOR_PRP_OR_LL_RESULT_AND_NO_ACTIVE_GIMPS_ASSIGNMENT,2026-08-09T02:56:41+00:00,UNALLOCATED,,,,,
SLCMP1467-2905,2905,2906,509145179,2^509145179-1,STRUCTURAL_SCREEN_EXHAUSTED_PRIMALITY_UNASSIGNED,GF3A_DIRECTIONAL_WRITE_EXHAUSTED_PRIMALITY_UNASSIGNED,514,512,512,NO_RECORDED_FACTOR_PRP_OR_LL_RESULT_AND_NO_ACTIVE_GIMPS_ASSIGNMENT,2026-08-09T02:56:41+00:00,UNALLOCATED,,,,,
SLCMP1467-2906,2906,2907,509145187,2^509145187-1,STRUCTURAL_SCREEN_EXHAUSTED_PRIMALITY_UNASSIGNED,GF3A_DIRECTIONAL_WRITE_EXHAUSTED_PRIMALITY_UNASSIGNED,514,512,512,NO_RECORDED_FACTOR_PRP_OR_LL_RESULT_AND_NO_ACTIVE_GIMPS_ASSIGNMENT,2026-08-09T02:56:41+00:00,UNALLOCATED,,,,,
SLCMP1467-2907,2907,2908,509145229,2^509145229-1,STRUCTURAL_SCREEN_EXHAUSTED_PRIMALITY_UNASSIGNED,GF3A_DIRECTIONAL_WRITE_EXHAUSTED_PRIMALITY_UNASSIGNED,513,512,512,NO_RECORDED_FACTOR_PRP_OR_LL_RESULT_AND_NO_ACTIVE_GIMPS_ASSIGNMENT,2026-08-09T02:56:41+00:00,UNALLOCATED,,,,,
SLCMP1467-2908,2908,2909,509145233,2^509145233-1,STRUCTURAL_SCREEN_EXHAUSTED_PRIMALITY_UNASSIGNED,GF3A_DIRECTIONAL_WRITE_EXHAUSTED_PRIMALITY_UNASSIGNED,513,512,512,NO_RECORDED_FACTOR_PRP_OR_LL_RESULT_AND_NO_ACTIVE_GIMPS_ASSIGNMENT,2026-08-09T02:56:41+00:00,UNALLOCATED,,,,,
SLCMP1467-2909,2909,2910,509145277,2^509145277-1,STRUCTURAL_SCREEN_EXHAUSTED_PRIMALITY_UNASSIGNED,GF3A_DIRECTIONAL_WRITE_EXHAUSTED_PRIMALITY_UNASSIGNED,513,512,512,NO_RECORDED_FACTOR_PRP_OR_LL_RESULT_AND_NO_ACTIVE_GIMPS_ASSIGNMENT,2026-08-09T02:56:41+00:00,UNALLOCATED,,,,,
SLCMP1467-2910,2910,2911,509145317,2^509145317-1,STRUCTURAL_SCREEN_EXHAUSTED_PRIMALITY_UNASSIGNED,GF3A_DIRECTIONAL_WRITE_EXHAUSTED_PRIMALITY_UNASSIGNED,513,512,512,NO_RECORDED_FACTOR_PRP_OR_LL_RESULT_AND_NO_ACTIVE_GIMPS_ASSIGNMENT,2026-08-09T02:56:41+00:00,UNALLOCATED,,,,,
SLCMP1467-2911,2911,2912,509145347,2^509145347-1,STRUCTURAL_SCREEN_EXHAUSTED_PRIMALITY_UNASSIGNED,GF3A_DIRECTIONAL_WRITE_EXHAUSTED_PRIMALITY_UNASSIGNED,514,512,512,NO_RECORDED_FACTOR_PRP_OR_LL_RESULT_AND_NO_ACTIVE_GIMPS_ASSIGNMENT,2026-08-09T02:56:41+00:00,UNALLOCATED,,,,,
SLCMP1467-2912,2912,2913,509145391,2^509145391-1,STRUCTURAL_SCREEN_EXHAUSTED_PRIMALITY_UNASSIGNED,GF3A_DIRECTIONAL_WRITE_EXHAUSTED_PRIMALITY_UNASSIGNED,514,512,512,NO_RECORDED_FACTOR_PRP_OR_LL_RESULT_AND_NO_ACTIVE_GIMPS_ASSIGNMENT,2026-08-09T02:56:41+00:00,UNALLOCATED,,,,,
SLCMP1467-2913,2913,2914,509145437,2^509145437-1,STRUCTURAL_SCREEN_EXHAUSTED_PRIMALITY_UNASSIGNED,GF3A_DIRECTIONAL_WRITE_EXHAUSTED_PRIMALITY_UNASSIGNED,513,512,512,NO_RECORDED_FACTOR_PRP_OR_LL_RESULT_AND_NO_ACTIVE_GIMPS_ASSIGNMENT,2026-08-09T02:56:41+00:00,UNALLOCATED,,,,,
SLCMP1467-2914,2914,2915,509145449,2^509145449-1,STRUCTURAL_SCREEN_EXHAUSTED_PRIMALITY_UNASSIGNED,GF3A_DIRECTIONAL_WRITE_EXHAUSTED_PRIMALITY_UNASSIGNED,513,512,512,NO_RECORDED_FACTOR_PRP_OR_LL_RESULT_AND_NO_ACTIVE_GIMPS_ASSIGNMENT,2026-08-09T02:56:41+00:00,UNALLOCATED,,,,,
SLCMP1467-2915,2915,2916,509145479,2^509145479-1,STRUCTURAL_SCREEN_EXHAUSTED_PRIMALITY_UNASSIGNED,GF3A_DIRECTIONAL_WRITE_EXHAUSTED_PRIMALITY_UNASSIGNED,514,512,512,NO_RECORDED_FACTOR_PRP_OR_LL_RESULT_AND_NO_ACTIVE_GIMPS_ASSIGNMENT,2026-08-09T02:56:41+00:00,UNALLOCATED,,,,,
SLCMP1467-2916,2916,2917,509145509,2^509145509-1,STRUCTURAL_SCREEN_EXHAUSTED_PRIMALITY_UNASSIGNED,GF3A_DIRECTIONAL_WRITE_EXHAUSTED_PRIMALITY_UNASSIGNED,513,512,512,NO_RECORDED_FACTOR_PRP_OR_LL_RESULT_AND_NO_ACTIVE_GIMPS_ASSIGNMENT,2026-08-09T02:56:41+00:00,UNALLOCATED,,,,,
SLCMP1467-2917,2917,2918,509145521,2^509145521-1,STRUCTURAL_SCREEN_EXHAUSTED_PRIMALITY_UNASSIGNED,GF3A_DIRECTIONAL_WRITE_EXHAUSTED_PRIMALITY_UNASSIGNED,513,512,512,NO_RECORDED_FACTOR_PRP_OR_LL_RESULT_AND_NO_ACTIVE_GIMPS_ASSIGNMENT,2026-08-09T02:56:41+00:00,UNALLOCATED,,,,,
SLCMP1467-2918,2918,2919,509145617,2^509145617-1,STRUCTURAL_SCREEN_EXHAUSTED_PRIMALITY_UNASSIGNED,GF3A_DIRECTIONAL_WRITE_EXHAUSTED_PRIMALITY_UNASSIGNED,513,512,512,NO_RECORDED_FACTOR_PRP_OR_LL_RESULT_AND_NO_ACTIVE_GIMPS_ASSIGNMENT,2026-08-09T02:56:41+00:00,UNALLOCATED,,,,,
SLCMP1467-2919,2919,2920,509145811,2^509145811-1,STRUCTURAL_SCREEN_EXHAUSTED_PRIMALITY_UNASSIGNED,GF3A_DIRECTIONAL_WRITE_EXHAUSTED_PRIMALITY_UNASSIGNED,514,512,512,NO_RECORDED_FACTOR_PRP_OR_LL_RESULT_AND_NO_ACTIVE_GIMPS_ASSIGNMENT,2026-08-09T02:56:41+00:00,UNALLOCATED,,,,,
SLCMP1467-2920,2920,2921,509145827,2^509145827-1,STRUCTURAL_SCREEN_EXHAUSTED_PRIMALITY_UNASSIGNED,GF3A_DIRECTIONAL_WRITE_EXHAUSTED_PRIMALITY_UNASSIGNED,514,512,512,NO_RECORDED_FACTOR_PRP_OR_LL_RESULT_AND_NO_ACTIVE_GIMPS_ASSIGNMENT,2026-08-09T02:56:41+00:00,UNALLOCATED,,,,,
SLCMP1467-2921,2921,2922,509145853,2^509145853-1,STRUCTURAL_SCREEN_EXHAUSTED_PRIMALITY_UNASSIGNED,GF3A_DIRECTIONAL_WRITE_EXHAUSTED_PRIMALITY_UNASSIGNED,513,512,512,NO_RECORDED_FACTOR_PRP_OR_LL_RESULT_AND_NO_ACTIVE_GIMPS_ASSIGNMENT,2026-08-09T02:56:41+00:00,UNALLOCATED,,,,,
SLCMP1467-2922,2922,2923,509145859,2^509145859-1,STRUCTURAL_SCREEN_EXHAUSTED_PRIMALITY_UNASSIGNED,GF3A_DIRECTIONAL_WRITE_EXHAUSTED_PRIMALITY_UNASSIGNED,514,512,512,NO_RECORDED_FACTOR_PRP_OR_LL_RESULT_AND_NO_ACTIVE_GIMPS_ASSIGNMENT,2026-08-09T02:56:41+00:00,UNALLOCATED,,,,,
SLCMP1467-2923,2923,2924,509145893,2^509145893-1,STRUCTURAL_SCREEN_EXHAUSTED_PRIMALITY_UNASSIGNED,GF3A_DIRECTIONAL_WRITE_EXHAUSTED_PRIMALITY_UNASSIGNED,513,512,512,NO_RECORDED_FACTOR_PRP_OR_LL_RESULT_AND_NO_ACTIVE_GIMPS_ASSIGNMENT,2026-08-09T02:56:41+00:00,UNALLOCATED,,,,,
SLCMP1467-2924,2924,2925,509145943,2^509145943-1,STRUCTURAL_SCREEN_EXHAUSTED_PRIMALITY_UNASSIGNED,GF3A_DIRECTIONAL_WRITE_EXHAUSTED_PRIMALITY_UNASSIGNED,514,512,512,NO_RECORDED_FACTOR_PRP_OR_LL_RESULT_AND_NO_ACTIVE_GIMPS_ASSIGNMENT,2026-08-09T02:56:41+00:00,UNALLOCATED,,,,,
SLCMP1467-2925,2925,2926,509145961,2^509145961-1,STRUCTURAL_SCREEN_EXHAUSTED_PRIMALITY_UNASSIGNED,GF3A_DIRECTIONAL_WRITE_EXHAUSTED_PRIMALITY_UNASSIGNED,513,512,512,NO_RECORDED_FACTOR_PRP_OR_LL_RESULT_AND_NO_ACTIVE_GIMPS_ASSIGNMENT,2026-08-09T02:56:41+00:00,UNALLOCATED,,,,,
SLCMP1467-2926,2926,2927,509145991,2^509145991-1,STRUCTURAL_SCREEN_EXHAUSTED_PRIMALITY_UNASSIGNED,GF3A_DIRECTIONAL_WRITE_EXHAUSTED_PRIMALITY_UNASSIGNED,514,512,512,NO_RECORDED_FACTOR_PRP_OR_LL_RESULT_AND_NO_ACTIVE_GIMPS_ASSIGNMENT,2026-08-09T02:56:41+00:00,UNALLOCATED,,,,,
SLCMP1467-2927,2927,2928,509146007,2^509146007-1,STRUCTURAL_SCREEN_EXHAUSTED_PRIMALITY_UNASSIGNED,GF3A_DIRECTIONAL_WRITE_EXHAUSTED_PRIMALITY_UNASSIGNED,514,512,512,NO_RECORDED_FACTOR_PRP_OR_LL_RESULT_AND_NO_ACTIVE_GIMPS_ASSIGNMENT,2026-08-09T02:56:41+00:00,UNALLOCATED,,,,,
SLCMP1467-2928,2928,2929,509146013,2^509146013-1,STRUCTURAL_SCREEN_EXHAUSTED_PRIMALITY_UNASSIGNED,GF3A_DIRECTIONAL_WRITE_EXHAUSTED_PRIMALITY_UNASSIGNED,513,512,512,NO_RECORDED_FACTOR_PRP_OR_LL_RESULT_AND_NO_ACTIVE_GIMPS_ASSIGNMENT,2026-08-09T02:56:41+00:00,UNALLOCATED,,,,,
SLCMP1467-2929,2929,2930,509146061,2^509146061-1,STRUCTURAL_SCREEN_EXHAUSTED_PRIMALITY_UNASSIGNED,GF3A_DIRECTIONAL_WRITE_EXHAUSTED_PRIMALITY_UNASSIGNED,513,512,512,NO_RECORDED_FACTOR_PRP_OR_LL_RESULT_AND_NO_ACTIVE_GIMPS_ASSIGNMENT,2026-08-09T02:56:41+00:00,UNALLOCATED,,,,,
SLCMP1467-2930,2930,2931,509146087,2^509146087-1,STRUCTURAL_SCREEN_EXHAUSTED_PRIMALITY_UNASSIGNED,GF3A_DIRECTIONAL_WRITE_EXHAUSTED_PRIMALITY_UNASSIGNED,514,512,512,NO_RECORDED_FACTOR_PRP_OR_LL_RESULT_AND_NO_ACTIVE_GIMPS_ASSIGNMENT,2026-08-09T02:56:41+00:00,UNALLOCATED,,,,,
SLCMP1467-2931,2931,2932,509146117,2^509146117-1,STRUCTURAL_SCREEN_EXHAUSTED_PRIMALITY_UNASSIGNED,GF3A_DIRECTIONAL_WRITE_EXHAUSTED_PRIMALITY_UNASSIGNED,513,512,512,NO_RECORDED_FACTOR_PRP_OR_LL_RESULT_AND_NO_ACTIVE_GIMPS_ASSIGNMENT,2026-08-09T02:56:41+00:00,UNALLOCATED,,,,,
SLCMP1467-2932,2932,2933,509146163,2^509146163-1,STRUCTURAL_SCREEN_EXHAUSTED_PRIMALITY_UNASSIGNED,GF3A_DIRECTIONAL_WRITE_EXHAUSTED_PRIMALITY_UNASSIGNED,514,512,512,NO_RECORDED_FACTOR_PRP_OR_LL_RESULT_AND_NO_ACTIVE_GIMPS_ASSIGNMENT,2026-08-09T02:56:41+00:00,UNALLOCATED,,,,,
SLCMP1467-2933,2933,2934,509146177,2^509146177-1,STRUCTURAL_SCREEN_EXHAUSTED_PRIMALITY_UNASSIGNED,GF3A_DIRECTIONAL_WRITE_EXHAUSTED_PRIMALITY_UNASSIGNED,513,512,512,NO_RECORDED_FACTOR_PRP_OR_LL_RESULT_AND_NO_ACTIVE_GIMPS_ASSIGNMENT,2026-08-09T02:56:41+00:00,UNALLOCATED,,,,,
SLCMP1467-2934,2934,2935,509146207,2^509146207-1,STRUCTURAL_SCREEN_EXHAUSTED_PRIMALITY_UNASSIGNED,GF3A_DIRECTIONAL_WRITE_EXHAUSTED_PRIMALITY_UNASSIGNED,514,512,512,NO_RECORDED_FACTOR_PRP_OR_LL_RESULT_AND_NO_ACTIVE_GIMPS_ASSIGNMENT,2026-08-09T02:56:41+00:00,UNALLOCATED,,,,,
SLCMP1467-2935,2935,2936,509146327,2^509146327-1,STRUCTURAL_SCREEN_EXHAUSTED_PRIMALITY_UNASSIGNED,GF3A_DIRECTIONAL_WRITE_EXHAUSTED_PRIMALITY_UNASSIGNED,514,512,512,NO_RECORDED_FACTOR_PRP_OR_LL_RESULT_AND_NO_ACTIVE_GIMPS_ASSIGNMENT,2026-08-09T02:56:41+00:00,UNALLOCATED,,,,,
SLCMP1467-2936,2936,2937,509146409,2^509146409-1,STRUCTURAL_SCREEN_EXHAUSTED_PRIMALITY_UNASSIGNED,GF3A_DIRECTIONAL_WRITE_EXHAUSTED_PRIMALITY_UNASSIGNED,513,512,512,NO_RECORDED_FACTOR_PRP_OR_LL_RESULT_AND_NO_ACTIVE_GIMPS_ASSIGNMENT,2026-08-09T02:56:41+00:00,UNALLOCATED,,,,,
SLCMP1467-2937,2937,2938,509146411,2^509146411-1,STRUCTURAL_SCREEN_EXHAUSTED_PRIMALITY_UNASSIGNED,GF3A_DIRECTIONAL_WRITE_EXHAUSTED_PRIMALITY_UNASSIGNED,514,512,512,NO_RECORDED_FACTOR_PRP_OR_LL_RESULT_AND_NO_ACTIVE_GIMPS_ASSIGNMENT,2026-08-09T02:56:41+00:00,UNALLOCATED,,,,,
SLCMP1467-2938,2938,2939,509146471,2^509146471-1,STRUCTURAL_SCREEN_EXHAUSTED_PRIMALITY_UNASSIGNED,GF3A_DIRECTIONAL_WRITE_EXHAUSTED_PRIMALITY_UNASSIGNED,514,512,512,NO_RECORDED_FACTOR_PRP_OR_LL_RESULT_AND_NO_ACTIVE_GIMPS_ASSIGNMENT,2026-08-09T02:56:41+00:00,UNALLOCATED,,,,,
SLCMP1467-2939,2939,2940,509146523,2^509146523-1,STRUCTURAL_SCREEN_EXHAUSTED_PRIMALITY_UNASSIGNED,GF3A_DIRECTIONAL_WRITE_EXHAUSTED_PRIMALITY_UNASSIGNED,514,512,512,NO_RECORDED_FACTOR_PRP_OR_LL_RESULT_AND_NO_ACTIVE_GIMPS_ASSIGNMENT,2026-08-09T02:56:41+00:00,UNALLOCATED,,,,,
SLCMP1467-2940,2940,2941,509146543,2^509146543-1,STRUCTURAL_SCREEN_EXHAUSTED_PRIMALITY_UNASSIGNED,GF3A_DIRECTIONAL_WRITE_EXHAUSTED_PRIMALITY_UNASSIGNED,514,512,512,NO_RECORDED_FACTOR_PRP_OR_LL_RESULT_AND_NO_ACTIVE_GIMPS_ASSIGNMENT,2026-08-09T02:56:41+00:00,UNALLOCATED,,,,,
SLCMP1467-2941,2941,2942,509146571,2^509146571-1,STRUCTURAL_SCREEN_EXHAUSTED_PRIMALITY_UNASSIGNED,GF3A_DIRECTIONAL_WRITE_EXHAUSTED_PRIMALITY_UNASSIGNED,514,512,512,NO_RECORDED_FACTOR_PRP_OR_LL_RESULT_AND_NO_ACTIVE_GIMPS_ASSIGNMENT,2026-08-09T02:56:41+00:00,UNALLOCATED,,,,,
SLCMP1467-2942,2942,2943,509146621,2^509146621-1,STRUCTURAL_SCREEN_EXHAUSTED_PRIMALITY_UNASSIGNED,GF3A_DIRECTIONAL_WRITE_EXHAUSTED_PRIMALITY_UNASSIGNED,513,512,512,NO_RECORDED_FACTOR_PRP_OR_LL_RESULT_AND_NO_ACTIVE_GIMPS_ASSIGNMENT,2026-08-09T02:56:41+00:00,UNALLOCATED,,,,,
SLCMP1467-2943,2943,2944,509146643,2^509146643-1,STRUCTURAL_SCREEN_EXHAUSTED_PRIMALITY_UNASSIGNED,GF3A_DIRECTIONAL_WRITE_EXHAUSTED_PRIMALITY_UNASSIGNED,514,512,512,NO_RECORDED_FACTOR_PRP_OR_LL_RESULT_AND_NO_ACTIVE_GIMPS_ASSIGNMENT,2026-08-09T02:56:41+00:00,UNALLOCATED,,,,,
SLCMP1467-2944,2944,2945,509146711,2^509146711-1,STRUCTURAL_SCREEN_EXHAUSTED_PRIMALITY_UNASSIGNED,GF3A_DIRECTIONAL_WRITE_EXHAUSTED_PRIMALITY_UNASSIGNED,514,512,512,NO_RECORDED_FACTOR_PRP_OR_LL_RESULT_AND_NO_ACTIVE_GIMPS_ASSIGNMENT,2026-08-09T02:56:41+00:00,UNALLOCATED,,,,,
SLCMP1467-2945,2945,2946,509146769,2^509146769-1,STRUCTURAL_SCREEN_EXHAUSTED_PRIMALITY_UNASSIGNED,GF3A_DIRECTIONAL_WRITE_EXHAUSTED_PRIMALITY_UNASSIGNED,513,512,512,NO_RECORDED_FACTOR_PRP_OR_LL_RESULT_AND_NO_ACTIVE_GIMPS_ASSIGNMENT,2026-08-09T02:56:41+00:00,UNALLOCATED,,,,,
SLCMP1467-2946,2946,2947,509146901,2^509146901-1,STRUCTURAL_SCREEN_EXHAUSTED_PRIMALITY_UNASSIGNED,GF3A_DIRECTIONAL_WRITE_EXHAUSTED_PRIMALITY_UNASSIGNED,513,512,512,NO_RECORDED_FACTOR_PRP_OR_LL_RESULT_AND_NO_ACTIVE_GIMPS_ASSIGNMENT,2026-08-09T02:56:41+00:00,UNALLOCATED,,,,,
SLCMP1467-2947,2947,2948,509146907,2^509146907-1,STRUCTURAL_SCREEN_EXHAUSTED_PRIMALITY_UNASSIGNED,GF3A_DIRECTIONAL_WRITE_EXHAUSTED_PRIMALITY_UNASSIGNED,514,512,512,NO_RECORDED_FACTOR_PRP_OR_LL_RESULT_AND_NO_ACTIVE_GIMPS_ASSIGNMENT,2026-08-09T02:56:41+00:00,UNALLOCATED,,,,,
SLCMP1467-2948,2948,2949,509146909,2^509146909-1,STRUCTURAL_SCREEN_EXHAUSTED_PRIMALITY_UNASSIGNED,GF3A_DIRECTIONAL_WRITE_EXHAUSTED_PRIMALITY_UNASSIGNED,513,512,512,NO_RECORDED_FACTOR_PRP_OR_LL_RESULT_AND_NO_ACTIVE_GIMPS_ASSIGNMENT,2026-08-09T02:56:41+00:00,UNALLOCATED,,,,,
SLCMP1467-2949,2949,2950,509146927,2^509146927-1,STRUCTURAL_SCREEN_EXHAUSTED_PRIMALITY_UNASSIGNED,GF3A_DIRECTIONAL_WRITE_EXHAUSTED_PRIMALITY_UNASSIGNED,514,512,512,NO_RECORDED_FACTOR_PRP_OR_LL_RESULT_AND_NO_ACTIVE_GIMPS_ASSIGNMENT,2026-08-09T02:56:41+00:00,UNALLOCATED,,,,,
SLCMP1467-2950,2950,2951,509146949,2^509146949-1,STRUCTURAL_SCREEN_EXHAUSTED_PRIMALITY_UNASSIGNED,GF3A_DIRECTIONAL_WRITE_EXHAUSTED_PRIMALITY_UNASSIGNED,513,512,512,NO_RECORDED_FACTOR_PRP_OR_LL_RESULT_AND_NO_ACTIVE_GIMPS_ASSIGNMENT,2026-08-09T02:56:41+00:00,UNALLOCATED,,,,,
SLCMP1467-2951,2951,2952,509147029,2^509147029-1,STRUCTURAL_SCREEN_EXHAUSTED_PRIMALITY_UNASSIGNED,GF3A_DIRECTIONAL_WRITE_EXHAUSTED_PRIMALITY_UNASSIGNED,513,512,512,NO_RECORDED_FACTOR_PRP_OR_LL_RESULT_AND_NO_ACTIVE_GIMPS_ASSIGNMENT,2026-08-09T02:56:41+00:00,UNALLOCATED,,,,,
SLCMP1467-2952,2952,2953,509147087,2^509147087-1,STRUCTURAL_SCREEN_EXHAUSTED_PRIMALITY_UNASSIGNED,GF3A_DIRECTIONAL_WRITE_EXHAUSTED_PRIMALITY_UNASSIGNED,514,512,512,NO_RECORDED_FACTOR_PRP_OR_LL_RESULT_AND_NO_ACTIVE_GIMPS_ASSIGNMENT,2026-08-09T02:56:41+00:00,UNALLOCATED,,,,,
SLCMP1467-2953,2953,2954,509147141,2^509147141-1,STRUCTURAL_SCREEN_EXHAUSTED_PRIMALITY_UNASSIGNED,GF3A_DIRECTIONAL_WRITE_EXHAUSTED_PRIMALITY_UNASSIGNED,513,512,512,NO_RECORDED_FACTOR_PRP_OR_LL_RESULT_AND_NO_ACTIVE_GIMPS_ASSIGNMENT,2026-08-09T02:56:41+00:00,UNALLOCATED,,,,,
SLCMP1467-2954,2954,2955,509147147,2^509147147-1,STRUCTURAL_SCREEN_EXHAUSTED_PRIMALITY_UNASSIGNED,GF3A_DIRECTIONAL_WRITE_EXHAUSTED_PRIMALITY_UNASSIGNED,514,512,512,NO_RECORDED_FACTOR_PRP_OR_LL_RESULT_AND_NO_ACTIVE_GIMPS_ASSIGNMENT,2026-08-09T02:56:41+00:00,UNALLOCATED,,,,,
SLCMP1467-2955,2955,2956,509147227,2^509147227-1,STRUCTURAL_SCREEN_EXHAUSTED_PRIMALITY_UNASSIGNED,GF3A_DIRECTIONAL_WRITE_EXHAUSTED_PRIMALITY_UNASSIGNED,514,512,512,NO_RECORDED_FACTOR_PRP_OR_LL_RESULT_AND_NO_ACTIVE_GIMPS_ASSIGNMENT,2026-08-09T02:56:41+00:00,UNALLOCATED,,,,,
SLCMP1467-2956,2956,2957,509147293,2^509147293-1,STRUCTURAL_SCREEN_EXHAUSTED_PRIMALITY_UNASSIGNED,GF3A_DIRECTIONAL_WRITE_EXHAUSTED_PRIMALITY_UNASSIGNED,513,512,512,NO_RECORDED_FACTOR_PRP_OR_LL_RESULT_AND_NO_ACTIVE_GIMPS_ASSIGNMENT,2026-08-09T02:56:41+00:00,UNALLOCATED,,,,,
SLCMP1467-2957,2957,2958,509147321,2^509147321-1,STRUCTURAL_SCREEN_EXHAUSTED_PRIMALITY_UNASSIGNED,GF3A_DIRECTIONAL_WRITE_EXHAUSTED_PRIMALITY_UNASSIGNED,513,512,512,NO_RECORDED_FACTOR_PRP_OR_LL_RESULT_AND_NO_ACTIVE_GIMPS_ASSIGNMENT,2026-08-09T02:56:41+00:00,UNALLOCATED,,,,,
SLCMP1467-2958,2958,2959,509147357,2^509147357-1,STRUCTURAL_SCREEN_EXHAUSTED_PRIMALITY_UNASSIGNED,GF3A_DIRECTIONAL_WRITE_EXHAUSTED_PRIMALITY_UNASSIGNED,513,512,512,NO_RECORDED_FACTOR_PRP_OR_LL_RESULT_AND_NO_ACTIVE_GIMPS_ASSIGNMENT,2026-08-09T02:56:41+00:00,UNALLOCATED,,,,,
SLCMP1467-2959,2959,2960,509147383,2^509147383-1,STRUCTURAL_SCREEN_EXHAUSTED_PRIMALITY_UNASSIGNED,GF3A_DIRECTIONAL_WRITE_EXHAUSTED_PRIMALITY_UNASSIGNED,514,512,512,NO_RECORDED_FACTOR_PRP_OR_LL_RESULT_AND_NO_ACTIVE_GIMPS_ASSIGNMENT,2026-08-09T02:56:41+00:00,UNALLOCATED,,,,,
SLCMP1467-2960,2960,2961,509147407,2^509147407-1,STRUCTURAL_SCREEN_EXHAUSTED_PRIMALITY_UNASSIGNED,GF3A_DIRECTIONAL_WRITE_EXHAUSTED_PRIMALITY_UNASSIGNED,514,512,512,NO_RECORDED_FACTOR_PRP_OR_LL_RESULT_AND_NO_ACTIVE_GIMPS_ASSIGNMENT,2026-08-09T02:56:41+00:00,UNALLOCATED,,,,,
SLCMP1467-2961,2961,2962,509147411,2^509147411-1,STRUCTURAL_SCREEN_EXHAUSTED_PRIMALITY_UNASSIGNED,GF3A_DIRECTIONAL_WRITE_EXHAUSTED_PRIMALITY_UNASSIGNED,514,512,512,NO_RECORDED_FACTOR_PRP_OR_LL_RESULT_AND_NO_ACTIVE_GIMPS_ASSIGNMENT,2026-08-09T02:56:41+00:00,UNALLOCATED,,,,,
SLCMP1467-2962,2962,2963,509147449,2^509147449-1,STRUCTURAL_SCREEN_EXHAUSTED_PRIMALITY_UNASSIGNED,GF3A_DIRECTIONAL_WRITE_EXHAUSTED_PRIMALITY_UNASSIGNED,513,512,512,NO_RECORDED_FACTOR_PRP_OR_LL_RESULT_AND_NO_ACTIVE_GIMPS_ASSIGNMENT,2026-08-09T02:56:41+00:00,UNALLOCATED,,,,,
SLCMP1467-2963,2963,2964,509147489,2^509147489-1,STRUCTURAL_SCREEN_EXHAUSTED_PRIMALITY_UNASSIGNED,GF3A_DIRECTIONAL_WRITE_EXHAUSTED_PRIMALITY_UNASSIGNED,513,512,512,NO_RECORDED_FACTOR_PRP_OR_LL_RESULT_AND_NO_ACTIVE_GIMPS_ASSIGNMENT,2026-08-09T02:56:41+00:00,UNALLOCATED,,,,,
SLCMP1467-2964,2964,2965,509147531,2^509147531-1,STRUCTURAL_SCREEN_EXHAUSTED_PRIMALITY_UNASSIGNED,GF3A_DIRECTIONAL_WRITE_EXHAUSTED_PRIMALITY_UNASSIGNED,514,512,512,NO_RECORDED_FACTOR_PRP_OR_LL_RESULT_AND_NO_ACTIVE_GIMPS_ASSIGNMENT,2026-08-09T02:56:41+00:00,UNALLOCATED,,,,,
SLCMP1467-2965,2965,2966,509147537,2^509147537-1,STRUCTURAL_SCREEN_EXHAUSTED_PRIMALITY_UNASSIGNED,GF3A_DIRECTIONAL_WRITE_EXHAUSTED_PRIMALITY_UNASSIGNED,513,512,512,NO_RECORDED_FACTOR_PRP_OR_LL_RESULT_AND_NO_ACTIVE_GIMPS_ASSIGNMENT,2026-08-09T02:56:41+00:00,UNALLOCATED,,,,,
SLCMP1467-2966,2966,2967,509147599,2^509147599-1,STRUCTURAL_SCREEN_EXHAUSTED_PRIMALITY_UNASSIGNED,GF3A_DIRECTIONAL_WRITE_EXHAUSTED_PRIMALITY_UNASSIGNED,514,512,512,NO_RECORDED_FACTOR_PRP_OR_LL_RESULT_AND_NO_ACTIVE_GIMPS_ASSIGNMENT,2026-08-09T02:56:41+00:00,UNALLOCATED,,,,,
SLCMP1467-2967,2967,2968,509147629,2^509147629-1,STRUCTURAL_SCREEN_EXHAUSTED_PRIMALITY_UNASSIGNED,GF3A_DIRECTIONAL_WRITE_EXHAUSTED_PRIMALITY_UNASSIGNED,513,512,512,NO_RECORDED_FACTOR_PRP_OR_LL_RESULT_AND_NO_ACTIVE_GIMPS_ASSIGNMENT,2026-08-09T02:56:41+00:00,UNALLOCATED,,,,,
SLCMP1467-2968,2968,2969,509147641,2^509147641-1,STRUCTURAL_SCREEN_EXHAUSTED_PRIMALITY_UNASSIGNED,GF3A_DIRECTIONAL_WRITE_EXHAUSTED_PRIMALITY_UNASSIGNED,513,512,512,NO_RECORDED_FACTOR_PRP_OR_LL_RESULT_AND_NO_ACTIVE_GIMPS_ASSIGNMENT,2026-08-09T02:56:41+00:00,UNALLOCATED,,,,,
SLCMP1467-2969,2969,2970,509147701,2^509147701-1,STRUCTURAL_SCREEN_EXHAUSTED_PRIMALITY_UNASSIGNED,GF3A_DIRECTIONAL_WRITE_EXHAUSTED_PRIMALITY_UNASSIGNED,513,512,512,NO_RECORDED_FACTOR_PRP_OR_LL_RESULT_AND_NO_ACTIVE_GIMPS_ASSIGNMENT,2026-08-09T02:56:41+00:00,UNALLOCATED,,,,,
SLCMP1467-2970,2970,2971,509147719,2^509147719-1,STRUCTURAL_SCREEN_EXHAUSTED_PRIMALITY_UNASSIGNED,GF3A_DIRECTIONAL_WRITE_EXHAUSTED_PRIMALITY_UNASSIGNED,514,512,512,NO_RECORDED_FACTOR_PRP_OR_LL_RESULT_AND_NO_ACTIVE_GIMPS_ASSIGNMENT,2026-08-09T02:56:41+00:00,UNALLOCATED,,,,,
SLCMP1467-2971,2971,2972,509147923,2^509147923-1,STRUCTURAL_SCREEN_EXHAUSTED_PRIMALITY_UNASSIGNED,GF3A_DIRECTIONAL_WRITE_EXHAUSTED_PRIMALITY_UNASSIGNED,514,512,512,NO_RECORDED_FACTOR_PRP_OR_LL_RESULT_AND_NO_ACTIVE_GIMPS_ASSIGNMENT,2026-08-09T02:56:41+00:00,UNALLOCATED,,,,,
SLCMP1467-2972,2972,2973,509147957,2^509147957-1,STRUCTURAL_SCREEN_EXHAUSTED_PRIMALITY_UNASSIGNED,GF3A_DIRECTIONAL_WRITE_EXHAUSTED_PRIMALITY_UNASSIGNED,513,512,512,NO_RECORDED_FACTOR_PRP_OR_LL_RESULT_AND_NO_ACTIVE_GIMPS_ASSIGNMENT,2026-08-09T02:56:41+00:00,UNALLOCATED,,,,,
SLCMP1467-2973,2973,2974,509147981,2^509147981-1,STRUCTURAL_SCREEN_EXHAUSTED_PRIMALITY_UNASSIGNED,GF3A_DIRECTIONAL_WRITE_EXHAUSTED_PRIMALITY_UNASSIGNED,513,512,512,NO_RECORDED_FACTOR_PRP_OR_LL_RESULT_AND_NO_ACTIVE_GIMPS_ASSIGNMENT,2026-08-09T02:56:41+00:00,UNALLOCATED,,,,,
SLCMP1467-2974,2974,2975,509148007,2^509148007-1,STRUCTURAL_SCREEN_EXHAUSTED_PRIMALITY_UNASSIGNED,GF3A_DIRECTIONAL_WRITE_EXHAUSTED_PRIMALITY_UNASSIGNED,514,512,512,NO_RECORDED_FACTOR_PRP_OR_LL_RESULT_AND_NO_ACTIVE_GIMPS_ASSIGNMENT,2026-08-09T02:56:41+00:00,UNALLOCATED,,,,,
SLCMP1467-2975,2975,2976,509148121,2^509148121-1,STRUCTURAL_SCREEN_EXHAUSTED_PRIMALITY_UNASSIGNED,GF3A_DIRECTIONAL_WRITE_EXHAUSTED_PRIMALITY_UNASSIGNED,513,512,512,NO_RECORDED_FACTOR_PRP_OR_LL_RESULT_AND_NO_ACTIVE_GIMPS_ASSIGNMENT,2026-08-09T02:56:41+00:00,UNALLOCATED,,,,,
SLCMP1467-2976,2976,2977,509148193,2^509148193-1,STRUCTURAL_SCREEN_EXHAUSTED_PRIMALITY_UNASSIGNED,GF3A_DIRECTIONAL_WRITE_EXHAUSTED_PRIMALITY_UNASSIGNED,513,512,512,NO_RECORDED_FACTOR_PRP_OR_LL_RESULT_AND_NO_ACTIVE_GIMPS_ASSIGNMENT,2026-08-09T02:56:41+00:00,UNALLOCATED,,,,,
SLCMP1467-2977,2977,2978,509148329,2^509148329-1,STRUCTURAL_SCREEN_EXHAUSTED_PRIMALITY_UNASSIGNED,GF3A_DIRECTIONAL_WRITE_EXHAUSTED_PRIMALITY_UNASSIGNED,513,512,512,NO_RECORDED_FACTOR_PRP_OR_LL_RESULT_AND_NO_ACTIVE_GIMPS_ASSIGNMENT,2026-08-09T02:56:41+00:00,UNALLOCATED,,,,,
SLCMP1467-2978,2978,2979,509148349,2^509148349-1,STRUCTURAL_SCREEN_EXHAUSTED_PRIMALITY_UNASSIGNED,GF3A_DIRECTIONAL_WRITE_EXHAUSTED_PRIMALITY_UNASSIGNED,513,512,512,NO_RECORDED_FACTOR_PRP_OR_LL_RESULT_AND_NO_ACTIVE_GIMPS_ASSIGNMENT,2026-08-09T02:56:41+00:00,UNALLOCATED,,,,,
SLCMP1467-2979,2979,2980,509148391,2^509148391-1,STRUCTURAL_SCREEN_EXHAUSTED_PRIMALITY_UNASSIGNED,GF3A_DIRECTIONAL_WRITE_EXHAUSTED_PRIMALITY_UNASSIGNED,514,512,512,NO_RECORDED_FACTOR_PRP_OR_LL_RESULT_AND_NO_ACTIVE_GIMPS_ASSIGNMENT,2026-08-09T02:56:41+00:00,UNALLOCATED,,,,,
SLCMP1467-2980,2980,2981,509148439,2^509148439-1,STRUCTURAL_SCREEN_EXHAUSTED_PRIMALITY_UNASSIGNED,GF3A_DIRECTIONAL_WRITE_EXHAUSTED_PRIMALITY_UNASSIGNED,514,512,512,NO_RECORDED_FACTOR_PRP_OR_LL_RESULT_AND_NO_ACTIVE_GIMPS_ASSIGNMENT,2026-08-09T02:56:41+00:00,UNALLOCATED,,,,,
SLCMP1467-2981,2981,2982,509148469,2^509148469-1,STRUCTURAL_SCREEN_EXHAUSTED_PRIMALITY_UNASSIGNED,GF3A_DIRECTIONAL_WRITE_EXHAUSTED_PRIMALITY_UNASSIGNED,513,512,512,NO_RECORDED_FACTOR_PRP_OR_LL_RESULT_AND_NO_ACTIVE_GIMPS_ASSIGNMENT,2026-08-09T02:56:41+00:00,UNALLOCATED,,,,,
SLCMP1467-2982,2982,2983,509148473,2^509148473-1,STRUCTURAL_SCREEN_EXHAUSTED_PRIMALITY_UNASSIGNED,GF3A_DIRECTIONAL_WRITE_EXHAUSTED_PRIMALITY_UNASSIGNED,513,512,512,NO_RECORDED_FACTOR_PRP_OR_LL_RESULT_AND_NO_ACTIVE_GIMPS_ASSIGNMENT,2026-08-09T02:56:41+00:00,UNALLOCATED,,,,,
SLCMP1467-2983,2983,2984,509148511,2^509148511-1,STRUCTURAL_SCREEN_EXHAUSTED_PRIMALITY_UNASSIGNED,GF3A_DIRECTIONAL_WRITE_EXHAUSTED_PRIMALITY_UNASSIGNED,514,512,512,NO_RECORDED_FACTOR_PRP_OR_LL_RESULT_AND_NO_ACTIVE_GIMPS_ASSIGNMENT,2026-08-09T02:56:41+00:00,UNALLOCATED,,,,,
SLCMP1467-2984,2984,2985,509148587,2^509148587-1,STRUCTURAL_SCREEN_EXHAUSTED_PRIMALITY_UNASSIGNED,GF3A_DIRECTIONAL_WRITE_EXHAUSTED_PRIMALITY_UNASSIGNED,514,512,512,NO_RECORDED_FACTOR_PRP_OR_LL_RESULT_AND_NO_ACTIVE_GIMPS_ASSIGNMENT,2026-08-09T02:56:41+00:00,UNALLOCATED,,,,,
SLCMP1467-2985,2985,2986,509148683,2^509148683-1,STRUCTURAL_SCREEN_EXHAUSTED_PRIMALITY_UNASSIGNED,GF3A_DIRECTIONAL_WRITE_EXHAUSTED_PRIMALITY_UNASSIGNED,514,512,512,NO_RECORDED_FACTOR_PRP_OR_LL_RESULT_AND_NO_ACTIVE_GIMPS_ASSIGNMENT,2026-08-09T02:56:41+00:00,UNALLOCATED,,,,,
SLCMP1467-2986,2986,2987,509148721,2^509148721-1,STRUCTURAL_SCREEN_EXHAUSTED_PRIMALITY_UNASSIGNED,GF3A_DIRECTIONAL_WRITE_EXHAUSTED_PRIMALITY_UNASSIGNED,513,512,512,NO_RECORDED_FACTOR_PRP_OR_LL_RESULT_AND_NO_ACTIVE_GIMPS_ASSIGNMENT,2026-08-09T02:56:41+00:00,UNALLOCATED,,,,,
SLCMP1467-2987,2987,2988,509148763,2^509148763-1,STRUCTURAL_SCREEN_EXHAUSTED_PRIMALITY_UNASSIGNED,GF3A_DIRECTIONAL_WRITE_EXHAUSTED_PRIMALITY_UNASSIGNED,514,512,512,NO_RECORDED_FACTOR_PRP_OR_LL_RESULT_AND_NO_ACTIVE_GIMPS_ASSIGNMENT,2026-08-09T02:56:41+00:00,UNALLOCATED,,,,,
SLCMP1467-2988,2988,2989,509148847,2^509148847-1,STRUCTURAL_SCREEN_EXHAUSTED_PRIMALITY_UNASSIGNED,GF3A_DIRECTIONAL_WRITE_EXHAUSTED_PRIMALITY_UNASSIGNED,514,512,512,NO_RECORDED_FACTOR_PRP_OR_LL_RESULT_AND_NO_ACTIVE_GIMPS_ASSIGNMENT,2026-08-09T02:56:41+00:00,UNALLOCATED,,,,,
SLCMP1467-2989,2989,2990,509148877,2^509148877-1,STRUCTURAL_SCREEN_EXHAUSTED_PRIMALITY_UNASSIGNED,GF3A_DIRECTIONAL_WRITE_EXHAUSTED_PRIMALITY_UNASSIGNED,513,512,512,NO_RECORDED_FACTOR_PRP_OR_LL_RESULT_AND_NO_ACTIVE_GIMPS_ASSIGNMENT,2026-08-09T02:56:41+00:00,UNALLOCATED,,,,,
SLCMP1467-2990,2990,2991,509148901,2^509148901-1,STRUCTURAL_SCREEN_EXHAUSTED_PRIMALITY_UNASSIGNED,GF3A_DIRECTIONAL_WRITE_EXHAUSTED_PRIMALITY_UNASSIGNED,513,512,512,NO_RECORDED_FACTOR_PRP_OR_LL_RESULT_AND_NO_ACTIVE_GIMPS_ASSIGNMENT,2026-08-09T02:56:41+00:00,UNALLOCATED,,,,,
SLCMP1467-2991,2991,2992,509148931,2^509148931-1,STRUCTURAL_SCREEN_EXHAUSTED_PRIMALITY_UNASSIGNED,GF3A_DIRECTIONAL_WRITE_EXHAUSTED_PRIMALITY_UNASSIGNED,514,512,512,NO_RECORDED_FACTOR_PRP_OR_LL_RESULT_AND_NO_ACTIVE_GIMPS_ASSIGNMENT,2026-08-09T02:56:41+00:00,UNALLOCATED,,,,,
SLCMP1467-2992,2992,2993,509149019,2^509149019-1,STRUCTURAL_SCREEN_EXHAUSTED_PRIMALITY_UNASSIGNED,GF3A_DIRECTIONAL_WRITE_EXHAUSTED_PRIMALITY_UNASSIGNED,514,512,512,NO_RECORDED_FACTOR_PRP_OR_LL_RESULT_AND_NO_ACTIVE_GIMPS_ASSIGNMENT,2026-08-09T02:56:41+00:00,UNALLOCATED,,,,,
SLCMP1467-2993,2993,2994,509149033,2^509149033-1,STRUCTURAL_SCREEN_EXHAUSTED_PRIMALITY_UNASSIGNED,GF3A_DIRECTIONAL_WRITE_EXHAUSTED_PRIMALITY_UNASSIGNED,513,512,512,NO_RECORDED_FACTOR_PRP_OR_LL_RESULT_AND_NO_ACTIVE_GIMPS_ASSIGNMENT,2026-08-09T02:56:41+00:00,UNALLOCATED,,,,,
SLCMP1467-2994,2994,2995,509149139,2^509149139-1,STRUCTURAL_SCREEN_EXHAUSTED_PRIMALITY_UNASSIGNED,GF3A_DIRECTIONAL_WRITE_EXHAUSTED_PRIMALITY_UNASSIGNED,514,512,512,NO_RECORDED_FACTOR_PRP_OR_LL_RESULT_AND_NO_ACTIVE_GIMPS_ASSIGNMENT,2026-08-09T02:56:41+00:00,UNALLOCATED,,,,,
SLCMP1467-2995,2995,2996,509149163,2^509149163-1,STRUCTURAL_SCREEN_EXHAUSTED_PRIMALITY_UNASSIGNED,GF3A_DIRECTIONAL_WRITE_EXHAUSTED_PRIMALITY_UNASSIGNED,514,512,512,NO_RECORDED_FACTOR_PRP_OR_LL_RESULT_AND_NO_ACTIVE_GIMPS_ASSIGNMENT,2026-08-09T02:56:41+00:00,UNALLOCATED,,,,,
SLCMP1467-2996,2996,2997,509149169,2^509149169-1,STRUCTURAL_SCREEN_EXHAUSTED_PRIMALITY_UNASSIGNED,GF3A_DIRECTIONAL_WRITE_EXHAUSTED_PRIMALITY_UNASSIGNED,513,512,512,NO_RECORDED_FACTOR_PRP_OR_LL_RESULT_AND_NO_ACTIVE_GIMPS_ASSIGNMENT,2026-08-09T02:56:41+00:00,UNALLOCATED,,,,,
SLCMP1467-2997,2997,2998,509149189,2^509149189-1,STRUCTURAL_SCREEN_EXHAUSTED_PRIMALITY_UNASSIGNED,GF3A_DIRECTIONAL_WRITE_EXHAUSTED_PRIMALITY_UNASSIGNED,513,512,512,NO_RECORDED_FACTOR_PRP_OR_LL_RESULT_AND_NO_ACTIVE_GIMPS_ASSIGNMENT,2026-08-09T02:56:41+00:00,UNALLOCATED,,,,,
SLCMP1467-2998,2998,2999,509149219,2^509149219-1,STRUCTURAL_SCREEN_EXHAUSTED_PRIMALITY_UNASSIGNED,GF3A_DIRECTIONAL_WRITE_EXHAUSTED_PRIMALITY_UNASSIGNED,514,512,512,NO_RECORDED_FACTOR_PRP_OR_LL_RESULT_AND_NO_ACTIVE_GIMPS_ASSIGNMENT,2026-08-09T02:56:41+00:00,UNALLOCATED,,,,,
SLCMP1467-2999,2999,3000,509149271,2^509149271-1,STRUCTURAL_SCREEN_EXHAUSTED_PRIMALITY_UNASSIGNED,GF3A_DIRECTIONAL_WRITE_EXHAUSTED_PRIMALITY_UNASSIGNED,514,512,512,NO_RECORDED_FACTOR_PRP_OR_LL_RESULT_AND_NO_ACTIVE_GIMPS_ASSIGNMENT,2026-08-09T02:56:41+00:00,UNALLOCATED,,,,,
SLCMP1467-3000,3000,3001,509149343,2^509149343-1,STRUCTURAL_SCREEN_EXHAUSTED_PRIMALITY_UNASSIGNED,GF3A_DIRECTIONAL_WRITE_EXHAUSTED_PRIMALITY_UNASSIGNED,514,512,512,NO_RECORDED_FACTOR_PRP_OR_LL_RESULT_AND_NO_ACTIVE_GIMPS_ASSIGNMENT,2026-08-09T02:56:41+00:00,UNALLOCATED,,,,,
SLCMP1467-3001,3001,3002,509149451,2^509149451-1,STRUCTURAL_SCREEN_EXHAUSTED_PRIMALITY_UNASSIGNED,GF3A_DIRECTIONAL_WRITE_EXHAUSTED_PRIMALITY_UNASSIGNED,514,512,512,NO_RECORDED_FACTOR_PRP_OR_LL_RESULT_AND_NO_ACTIVE_GIMPS_ASSIGNMENT,2026-08-09T02:56:41+00:00,UNALLOCATED,,,,,
SLCMP1467-3002,3002,3003,509149457,2^509149457-1,STRUCTURAL_SCREEN_EXHAUSTED_PRIMALITY_UNASSIGNED,GF3A_DIRECTIONAL_WRITE_EXHAUSTED_PRIMALITY_UNASSIGNED,513,512,512,NO_RECORDED_FACTOR_PRP_OR_LL_RESULT_AND_NO_ACTIVE_GIMPS_ASSIGNMENT,2026-08-09T02:56:41+00:00,UNALLOCATED,,,,,
SLCMP1467-3003,3003,3004,509149471,2^509149471-1,STRUCTURAL_SCREEN_EXHAUSTED_PRIMALITY_UNASSIGNED,GF3A_DIRECTIONAL_WRITE_EXHAUSTED_PRIMALITY_UNASSIGNED,514,512,512,NO_RECORDED_FACTOR_PRP_OR_LL_RESULT_AND_NO_ACTIVE_GIMPS_ASSIGNMENT,2026-08-09T02:56:41+00:00,UNALLOCATED,,,,,
SLCMP1467-3004,3004,3005,509149499,2^509149499-1,STRUCTURAL_SCREEN_EXHAUSTED_PRIMALITY_UNASSIGNED,GF3A_DIRECTIONAL_WRITE_EXHAUSTED_PRIMALITY_UNASSIGNED,514,512,512,NO_RECORDED_FACTOR_PRP_OR_LL_RESULT_AND_NO_ACTIVE_GIMPS_ASSIGNMENT,2026-08-09T02:56:41+00:00,UNALLOCATED,,,,,
SLCMP1467-3005,3005,3006,509149579,2^509149579-1,STRUCTURAL_SCREEN_EXHAUSTED_PRIMALITY_UNASSIGNED,GF3A_DIRECTIONAL_WRITE_EXHAUSTED_PRIMALITY_UNASSIGNED,514,512,512,NO_RECORDED_FACTOR_PRP_OR_LL_RESULT_AND_NO_ACTIVE_GIMPS_ASSIGNMENT,2026-08-09T02:56:41+00:00,UNALLOCATED,,,,,
SLCMP1467-3006,3006,3007,509149583,2^509149583-1,STRUCTURAL_SCREEN_EXHAUSTED_PRIMALITY_UNASSIGNED,GF3A_DIRECTIONAL_WRITE_EXHAUSTED_PRIMALITY_UNASSIGNED,514,512,512,NO_RECORDED_FACTOR_PRP_OR_LL_RESULT_AND_NO_ACTIVE_GIMPS_ASSIGNMENT,2026-08-09T02:56:41+00:00,UNALLOCATED,,,,,
SLCMP1467-3007,3007,3008,509149661,2^509149661-1,STRUCTURAL_SCREEN_EXHAUSTED_PRIMALITY_UNASSIGNED,GF3A_DIRECTIONAL_WRITE_EXHAUSTED_PRIMALITY_UNASSIGNED,513,512,512,NO_RECORDED_FACTOR_PRP_OR_LL_RESULT_AND_NO_ACTIVE_GIMPS_ASSIGNMENT,2026-08-09T02:56:41+00:00,UNALLOCATED,,,,,
SLCMP1467-3008,3008,3009,509149691,2^509149691-1,STRUCTURAL_SCREEN_EXHAUSTED_PRIMALITY_UNASSIGNED,GF3A_DIRECTIONAL_WRITE_EXHAUSTED_PRIMALITY_UNASSIGNED,514,512,512,NO_RECORDED_FACTOR_PRP_OR_LL_RESULT_AND_NO_ACTIVE_GIMPS_ASSIGNMENT,2026-08-09T02:56:41+00:00,UNALLOCATED,,,,,
SLCMP1467-3009,3009,3010,509149777,2^509149777-1,STRUCTURAL_SCREEN_EXHAUSTED_PRIMALITY_UNASSIGNED,GF3A_DIRECTIONAL_WRITE_EXHAUSTED_PRIMALITY_UNASSIGNED,513,512,512,NO_RECORDED_FACTOR_PRP_OR_LL_RESULT_AND_NO_ACTIVE_GIMPS_ASSIGNMENT,2026-08-09T02:56:41+00:00,UNALLOCATED,,,,,
SLCMP1467-3010,3010,3011,509149891,2^509149891-1,STRUCTURAL_SCREEN_EXHAUSTED_PRIMALITY_UNASSIGNED,GF3A_DIRECTIONAL_WRITE_EXHAUSTED_PRIMALITY_UNASSIGNED,514,512,512,NO_RECORDED_FACTOR_PRP_OR_LL_RESULT_AND_NO_ACTIVE_GIMPS_ASSIGNMENT,2026-08-09T02:56:41+00:00,UNALLOCATED,,,,,
SLCMP1467-3011,3011,3012,509149957,2^509149957-1,STRUCTURAL_SCREEN_EXHAUSTED_PRIMALITY_UNASSIGNED,GF3A_DIRECTIONAL_WRITE_EXHAUSTED_PRIMALITY_UNASSIGNED,513,512,512,NO_RECORDED_FACTOR_PRP_OR_LL_RESULT_AND_NO_ACTIVE_GIMPS_ASSIGNMENT,2026-08-09T02:56:41+00:00,UNALLOCATED,,,,,
SLCMP1467-3012,3012,3013,509150003,2^509150003-1,STRUCTURAL_SCREEN_EXHAUSTED_PRIMALITY_UNASSIGNED,GF3A_DIRECTIONAL_WRITE_EXHAUSTED_PRIMALITY_UNASSIGNED,514,512,512,NO_RECORDED_FACTOR_PRP_OR_LL_RESULT_AND_NO_ACTIVE_GIMPS_ASSIGNMENT,2026-08-09T02:56:41+00:00,UNALLOCATED,,,,,
SLCMP1467-3013,3013,3014,509150021,2^509150021-1,STRUCTURAL_SCREEN_EXHAUSTED_PRIMALITY_UNASSIGNED,GF3A_DIRECTIONAL_WRITE_EXHAUSTED_PRIMALITY_UNASSIGNED,513,512,512,NO_RECORDED_FACTOR_PRP_OR_LL_RESULT_AND_NO_ACTIVE_GIMPS_ASSIGNMENT,2026-08-09T02:56:41+00:00,UNALLOCATED,,,,,
SLCMP1467-3014,3014,3015,509150029,2^509150029-1,STRUCTURAL_SCREEN_EXHAUSTED_PRIMALITY_UNASSIGNED,GF3A_DIRECTIONAL_WRITE_EXHAUSTED_PRIMALITY_UNASSIGNED,513,512,512,NO_RECORDED_FACTOR_PRP_OR_LL_RESULT_AND_NO_ACTIVE_GIMPS_ASSIGNMENT,2026-08-09T02:56:41+00:00,UNALLOCATED,,,,,
SLCMP1467-3015,3015,3016,509150053,2^509150053-1,STRUCTURAL_SCREEN_EXHAUSTED_PRIMALITY_UNASSIGNED,GF3A_DIRECTIONAL_WRITE_EXHAUSTED_PRIMALITY_UNASSIGNED,513,512,512,NO_RECORDED_FACTOR_PRP_OR_LL_RESULT_AND_NO_ACTIVE_GIMPS_ASSIGNMENT,2026-08-09T02:56:41+00:00,UNALLOCATED,,,,,
SLCMP1467-3016,3016,3017,509150063,2^509150063-1,STRUCTURAL_SCREEN_EXHAUSTED_PRIMALITY_UNASSIGNED,GF3A_DIRECTIONAL_WRITE_EXHAUSTED_PRIMALITY_UNASSIGNED,514,512,512,NO_RECORDED_FACTOR_PRP_OR_LL_RESULT_AND_NO_ACTIVE_GIMPS_ASSIGNMENT,2026-08-09T02:56:41+00:00,UNALLOCATED,,,,,
SLCMP1467-3017,3017,3018,509150077,2^509150077-1,STRUCTURAL_SCREEN_EXHAUSTED_PRIMALITY_UNASSIGNED,GF3A_DIRECTIONAL_WRITE_EXHAUSTED_PRIMALITY_UNASSIGNED,513,512,512,NO_RECORDED_FACTOR_PRP_OR_LL_RESULT_AND_NO_ACTIVE_GIMPS_ASSIGNMENT,2026-08-09T02:56:41+00:00,UNALLOCATED,,,,,
SLCMP1467-3018,3018,3019,509150113,2^509150113-1,STRUCTURAL_SCREEN_EXHAUSTED_PRIMALITY_UNASSIGNED,GF3A_DIRECTIONAL_WRITE_EXHAUSTED_PRIMALITY_UNASSIGNED,513,512,512,NO_RECORDED_FACTOR_PRP_OR_LL_RESULT_AND_NO_ACTIVE_GIMPS_ASSIGNMENT,2026-08-09T02:56:41+00:00,UNALLOCATED,,,,,
SLCMP1467-3019,3019,3020,509150261,2^509150261-1,STRUCTURAL_SCREEN_EXHAUSTED_PRIMALITY_UNASSIGNED,GF3A_DIRECTIONAL_WRITE_EXHAUSTED_PRIMALITY_UNASSIGNED,513,512,512,NO_RECORDED_FACTOR_PRP_OR_LL_RESULT_AND_NO_ACTIVE_GIMPS_ASSIGNMENT,2026-08-09T02:56:41+00:00,UNALLOCATED,,,,,
SLCMP1467-3020,3020,3021,509150329,2^509150329-1,STRUCTURAL_SCREEN_EXHAUSTED_PRIMALITY_UNASSIGNED,GF3A_DIRECTIONAL_WRITE_EXHAUSTED_PRIMALITY_UNASSIGNED,513,512,512,NO_RECORDED_FACTOR_PRP_OR_LL_RESULT_AND_NO_ACTIVE_GIMPS_ASSIGNMENT,2026-08-09T02:56:41+00:00,UNALLOCATED,,,,,
SLCMP1467-3021,3021,3022,509150387,2^509150387-1,STRUCTURAL_SCREEN_EXHAUSTED_PRIMALITY_UNASSIGNED,GF3A_DIRECTIONAL_WRITE_EXHAUSTED_PRIMALITY_UNASSIGNED,514,512,512,NO_RECORDED_FACTOR_PRP_OR_LL_RESULT_AND_NO_ACTIVE_GIMPS_ASSIGNMENT,2026-08-09T02:56:41+00:00,UNALLOCATED,,,,,
SLCMP1467-3022,3022,3023,509150569,2^509150569-1,STRUCTURAL_SCREEN_EXHAUSTED_PRIMALITY_UNASSIGNED,GF3A_DIRECTIONAL_WRITE_EXHAUSTED_PRIMALITY_UNASSIGNED,513,512,512,NO_RECORDED_FACTOR_PRP_OR_LL_RESULT_AND_NO_ACTIVE_GIMPS_ASSIGNMENT,2026-08-09T02:56:41+00:00,UNALLOCATED,,,,,
SLCMP1467-3023,3023,3024,509150611,2^509150611-1,STRUCTURAL_SCREEN_EXHAUSTED_PRIMALITY_UNASSIGNED,GF3A_DIRECTIONAL_WRITE_EXHAUSTED_PRIMALITY_UNASSIGNED,514,512,512,NO_RECORDED_FACTOR_PRP_OR_LL_RESULT_AND_NO_ACTIVE_GIMPS_ASSIGNMENT,2026-08-09T02:56:41+00:00,UNALLOCATED,,,,,
SLCMP1467-3024,3024,3025,509150617,2^509150617-1,STRUCTURAL_SCREEN_EXHAUSTED_PRIMALITY_UNASSIGNED,GF3A_DIRECTIONAL_WRITE_EXHAUSTED_PRIMALITY_UNASSIGNED,513,512,512,NO_RECORDED_FACTOR_PRP_OR_LL_RESULT_AND_NO_ACTIVE_GIMPS_ASSIGNMENT,2026-08-09T02:56:41+00:00,UNALLOCATED,,,,,
SLCMP1467-3025,3025,3026,509150693,2^509150693-1,STRUCTURAL_SCREEN_EXHAUSTED_PRIMALITY_UNASSIGNED,GF3A_DIRECTIONAL_WRITE_EXHAUSTED_PRIMALITY_UNASSIGNED,513,512,512,NO_RECORDED_FACTOR_PRP_OR_LL_RESULT_AND_NO_ACTIVE_GIMPS_ASSIGNMENT,2026-08-09T02:56:41+00:00,UNALLOCATED,,,,,
SLCMP1467-3026,3026,3027,509150893,2^509150893-1,STRUCTURAL_SCREEN_EXHAUSTED_PRIMALITY_UNASSIGNED,GF3A_DIRECTIONAL_WRITE_EXHAUSTED_PRIMALITY_UNASSIGNED,513,512,512,NO_RECORDED_FACTOR_PRP_OR_LL_RESULT_AND_NO_ACTIVE_GIMPS_ASSIGNMENT,2026-08-09T02:56:41+00:00,UNALLOCATED,,,,,
SLCMP1467-3027,3027,3028,509150927,2^509150927-1,STRUCTURAL_SCREEN_EXHAUSTED_PRIMALITY_UNASSIGNED,GF3A_DIRECTIONAL_WRITE_EXHAUSTED_PRIMALITY_UNASSIGNED,514,512,512,NO_RECORDED_FACTOR_PRP_OR_LL_RESULT_AND_NO_ACTIVE_GIMPS_ASSIGNMENT,2026-08-09T02:56:41+00:00,UNALLOCATED,,,,,
SLCMP1467-3028,3028,3029,509150959,2^509150959-1,STRUCTURAL_SCREEN_EXHAUSTED_PRIMALITY_UNASSIGNED,GF3A_DIRECTIONAL_WRITE_EXHAUSTED_PRIMALITY_UNASSIGNED,514,512,512,NO_RECORDED_FACTOR_PRP_OR_LL_RESULT_AND_NO_ACTIVE_GIMPS_ASSIGNMENT,2026-08-09T02:56:41+00:00,UNALLOCATED,,,,,
SLCMP1467-3029,3029,3030,509150987,2^509150987-1,STRUCTURAL_SCREEN_EXHAUSTED_PRIMALITY_UNASSIGNED,GF3A_DIRECTIONAL_WRITE_EXHAUSTED_PRIMALITY_UNASSIGNED,514,512,512,NO_RECORDED_FACTOR_PRP_OR_LL_RESULT_AND_NO_ACTIVE_GIMPS_ASSIGNMENT,2026-08-09T02:56:41+00:00,UNALLOCATED,,,,,
SLCMP1467-3030,3030,3031,509151053,2^509151053-1,STRUCTURAL_SCREEN_EXHAUSTED_PRIMALITY_UNASSIGNED,GF3A_DIRECTIONAL_WRITE_EXHAUSTED_PRIMALITY_UNASSIGNED,513,512,512,NO_RECORDED_FACTOR_PRP_OR_LL_RESULT_AND_NO_ACTIVE_GIMPS_ASSIGNMENT,2026-08-09T02:56:41+00:00,UNALLOCATED,,,,,
SLCMP1467-3031,3031,3032,509151091,2^509151091-1,STRUCTURAL_SCREEN_EXHAUSTED_PRIMALITY_UNASSIGNED,GF3A_DIRECTIONAL_WRITE_EXHAUSTED_PRIMALITY_UNASSIGNED,514,512,512,NO_RECORDED_FACTOR_PRP_OR_LL_RESULT_AND_NO_ACTIVE_GIMPS_ASSIGNMENT,2026-08-09T02:56:41+00:00,UNALLOCATED,,,,,
SLCMP1467-3032,3032,3033,509151101,2^509151101-1,STRUCTURAL_SCREEN_EXHAUSTED_PRIMALITY_UNASSIGNED,GF3A_DIRECTIONAL_WRITE_EXHAUSTED_PRIMALITY_UNASSIGNED,513,512,512,NO_RECORDED_FACTOR_PRP_OR_LL_RESULT_AND_NO_ACTIVE_GIMPS_ASSIGNMENT,2026-08-09T02:56:41+00:00,UNALLOCATED,,,,,
SLCMP1467-3033,3033,3034,509151107,2^509151107-1,STRUCTURAL_SCREEN_EXHAUSTED_PRIMALITY_UNASSIGNED,GF3A_DIRECTIONAL_WRITE_EXHAUSTED_PRIMALITY_UNASSIGNED,514,512,512,NO_RECORDED_FACTOR_PRP_OR_LL_RESULT_AND_NO_ACTIVE_GIMPS_ASSIGNMENT,2026-08-09T02:56:41+00:00,UNALLOCATED,,,,,
SLCMP1467-3034,3034,3035,509151131,2^509151131-1,STRUCTURAL_SCREEN_EXHAUSTED_PRIMALITY_UNASSIGNED,GF3A_DIRECTIONAL_WRITE_EXHAUSTED_PRIMALITY_UNASSIGNED,514,512,512,NO_RECORDED_FACTOR_PRP_OR_LL_RESULT_AND_NO_ACTIVE_GIMPS_ASSIGNMENT,2026-08-09T02:56:41+00:00,UNALLOCATED,,,,,
SLCMP1467-3035,3035,3036,509151163,2^509151163-1,STRUCTURAL_SCREEN_EXHAUSTED_PRIMALITY_UNASSIGNED,GF3A_DIRECTIONAL_WRITE_EXHAUSTED_PRIMALITY_UNASSIGNED,514,512,512,NO_RECORDED_FACTOR_PRP_OR_LL_RESULT_AND_NO_ACTIVE_GIMPS_ASSIGNMENT,2026-08-09T02:56:41+00:00,UNALLOCATED,,,,,
SLCMP1467-3036,3036,3037,509151217,2^509151217-1,STRUCTURAL_SCREEN_EXHAUSTED_PRIMALITY_UNASSIGNED,GF3A_DIRECTIONAL_WRITE_EXHAUSTED_PRIMALITY_UNASSIGNED,513,512,512,NO_RECORDED_FACTOR_PRP_OR_LL_RESULT_AND_NO_ACTIVE_GIMPS_ASSIGNMENT,2026-08-09T02:56:41+00:00,UNALLOCATED,,,,,
SLCMP1467-3037,3037,3038,509151257,2^509151257-1,STRUCTURAL_SCREEN_EXHAUSTED_PRIMALITY_UNASSIGNED,GF3A_DIRECTIONAL_WRITE_EXHAUSTED_PRIMALITY_UNASSIGNED,513,512,512,NO_RECORDED_FACTOR_PRP_OR_LL_RESULT_AND_NO_ACTIVE_GIMPS_ASSIGNMENT,2026-08-09T02:56:41+00:00,UNALLOCATED,,,,,
SLCMP1467-3038,3038,3039,509151427,2^509151427-1,STRUCTURAL_SCREEN_EXHAUSTED_PRIMALITY_UNASSIGNED,GF3A_DIRECTIONAL_WRITE_EXHAUSTED_PRIMALITY_UNASSIGNED,514,512,512,NO_RECORDED_FACTOR_PRP_OR_LL_RESULT_AND_NO_ACTIVE_GIMPS_ASSIGNMENT,2026-08-09T02:56:41+00:00,UNALLOCATED,,,,,
SLCMP1467-3039,3039,3040,509151449,2^509151449-1,STRUCTURAL_SCREEN_EXHAUSTED_PRIMALITY_UNASSIGNED,GF3A_DIRECTIONAL_WRITE_EXHAUSTED_PRIMALITY_UNASSIGNED,513,512,512,NO_RECORDED_FACTOR_PRP_OR_LL_RESULT_AND_NO_ACTIVE_GIMPS_ASSIGNMENT,2026-08-09T02:56:41+00:00,UNALLOCATED,,,,,
SLCMP1467-3040,3040,3041,509151451,2^509151451-1,STRUCTURAL_SCREEN_EXHAUSTED_PRIMALITY_UNASSIGNED,GF3A_DIRECTIONAL_WRITE_EXHAUSTED_PRIMALITY_UNASSIGNED,514,512,512,NO_RECORDED_FACTOR_PRP_OR_LL_RESULT_AND_NO_ACTIVE_GIMPS_ASSIGNMENT,2026-08-09T02:56:41+00:00,UNALLOCATED,,,,,
SLCMP1467-3041,3041,3042,509151457,2^509151457-1,STRUCTURAL_SCREEN_EXHAUSTED_PRIMALITY_UNASSIGNED,GF3A_DIRECTIONAL_WRITE_EXHAUSTED_PRIMALITY_UNASSIGNED,513,512,512,NO_RECORDED_FACTOR_PRP_OR_LL_RESULT_AND_NO_ACTIVE_GIMPS_ASSIGNMENT,2026-08-09T02:56:41+00:00,UNALLOCATED,,,,,
SLCMP1467-3042,3042,3043,509151481,2^509151481-1,STRUCTURAL_SCREEN_EXHAUSTED_PRIMALITY_UNASSIGNED,GF3A_DIRECTIONAL_WRITE_EXHAUSTED_PRIMALITY_UNASSIGNED,513,512,512,NO_RECORDED_FACTOR_PRP_OR_LL_RESULT_AND_NO_ACTIVE_GIMPS_ASSIGNMENT,2026-08-09T02:56:41+00:00,UNALLOCATED,,,,,
SLCMP1467-3043,3043,3044,509151491,2^509151491-1,STRUCTURAL_SCREEN_EXHAUSTED_PRIMALITY_UNASSIGNED,GF3A_DIRECTIONAL_WRITE_EXHAUSTED_PRIMALITY_UNASSIGNED,514,512,512,NO_RECORDED_FACTOR_PRP_OR_LL_RESULT_AND_NO_ACTIVE_GIMPS_ASSIGNMENT,2026-08-09T02:56:41+00:00,UNALLOCATED,,,,,
SLCMP1467-3044,3044,3045,509151541,2^509151541-1,STRUCTURAL_SCREEN_EXHAUSTED_PRIMALITY_UNASSIGNED,GF3A_DIRECTIONAL_WRITE_EXHAUSTED_PRIMALITY_UNASSIGNED,513,512,512,NO_RECORDED_FACTOR_PRP_OR_LL_RESULT_AND_NO_ACTIVE_GIMPS_ASSIGNMENT,2026-08-09T02:56:41+00:00,UNALLOCATED,,,,,
SLCMP1467-3045,3045,3046,509151623,2^509151623-1,STRUCTURAL_SCREEN_EXHAUSTED_PRIMALITY_UNASSIGNED,GF3A_DIRECTIONAL_WRITE_EXHAUSTED_PRIMALITY_UNASSIGNED,514,512,512,NO_RECORDED_FACTOR_PRP_OR_LL_RESULT_AND_NO_ACTIVE_GIMPS_ASSIGNMENT,2026-08-09T02:56:41+00:00,UNALLOCATED,,,,,
SLCMP1467-3046,3046,3047,509151659,2^509151659-1,STRUCTURAL_SCREEN_EXHAUSTED_PRIMALITY_UNASSIGNED,GF3A_DIRECTIONAL_WRITE_EXHAUSTED_PRIMALITY_UNASSIGNED,514,512,512,NO_RECORDED_FACTOR_PRP_OR_LL_RESULT_AND_NO_ACTIVE_GIMPS_ASSIGNMENT,2026-08-09T02:56:41+00:00,UNALLOCATED,,,,,
SLCMP1467-3047,3047,3048,509151679,2^509151679-1,STRUCTURAL_SCREEN_EXHAUSTED_PRIMALITY_UNASSIGNED,GF3A_DIRECTIONAL_WRITE_EXHAUSTED_PRIMALITY_UNASSIGNED,514,512,512,NO_RECORDED_FACTOR_PRP_OR_LL_RESULT_AND_NO_ACTIVE_GIMPS_ASSIGNMENT,2026-08-09T02:56:41+00:00,UNALLOCATED,,,,,
SLCMP1467-3048,3048,3049,509151701,2^509151701-1,STRUCTURAL_SCREEN_EXHAUSTED_PRIMALITY_UNASSIGNED,GF3A_DIRECTIONAL_WRITE_EXHAUSTED_PRIMALITY_UNASSIGNED,513,512,512,NO_RECORDED_FACTOR_PRP_OR_LL_RESULT_AND_NO_ACTIVE_GIMPS_ASSIGNMENT,2026-08-09T02:56:41+00:00,UNALLOCATED,,,,,
SLCMP1467-3049,3049,3050,509151787,2^509151787-1,STRUCTURAL_SCREEN_EXHAUSTED_PRIMALITY_UNASSIGNED,GF3A_DIRECTIONAL_WRITE_EXHAUSTED_PRIMALITY_UNASSIGNED,514,512,512,NO_RECORDED_FACTOR_PRP_OR_LL_RESULT_AND_NO_ACTIVE_GIMPS_ASSIGNMENT,2026-08-09T02:56:41+00:00,UNALLOCATED,,,,,
SLCMP1467-3050,3050,3051,509151791,2^509151791-1,STRUCTURAL_SCREEN_EXHAUSTED_PRIMALITY_UNASSIGNED,GF3A_DIRECTIONAL_WRITE_EXHAUSTED_PRIMALITY_UNASSIGNED,514,512,512,NO_RECORDED_FACTOR_PRP_OR_LL_RESULT_AND_NO_ACTIVE_GIMPS_ASSIGNMENT,2026-08-09T02:56:41+00:00,UNALLOCATED,,,,,
SLCMP1467-3051,3051,3052,509151883,2^509151883-1,STRUCTURAL_SCREEN_EXHAUSTED_PRIMALITY_UNASSIGNED,GF3A_DIRECTIONAL_WRITE_EXHAUSTED_PRIMALITY_UNASSIGNED,514,512,512,NO_RECORDED_FACTOR_PRP_OR_LL_RESULT_AND_NO_ACTIVE_GIMPS_ASSIGNMENT,2026-08-09T02:56:41+00:00,UNALLOCATED,,,,,
SLCMP1467-3052,3052,3053,509151901,2^509151901-1,STRUCTURAL_SCREEN_EXHAUSTED_PRIMALITY_UNASSIGNED,GF3A_DIRECTIONAL_WRITE_EXHAUSTED_PRIMALITY_UNASSIGNED,513,512,512,NO_RECORDED_FACTOR_PRP_OR_LL_RESULT_AND_NO_ACTIVE_GIMPS_ASSIGNMENT,2026-08-09T02:56:41+00:00,UNALLOCATED,,,,,
SLCMP1467-3053,3053,3054,509151913,2^509151913-1,STRUCTURAL_SCREEN_EXHAUSTED_PRIMALITY_UNASSIGNED,GF3A_DIRECTIONAL_WRITE_EXHAUSTED_PRIMALITY_UNASSIGNED,513,512,512,NO_RECORDED_FACTOR_PRP_OR_LL_RESULT_AND_NO_ACTIVE_GIMPS_ASSIGNMENT,2026-08-09T02:56:41+00:00,UNALLOCATED,,,,,
SLCMP1467-3054,3054,3055,509151983,2^509151983-1,STRUCTURAL_SCREEN_EXHAUSTED_PRIMALITY_UNASSIGNED,GF3A_DIRECTIONAL_WRITE_EXHAUSTED_PRIMALITY_UNASSIGNED,514,512,512,NO_RECORDED_FACTOR_PRP_OR_LL_RESULT_AND_NO_ACTIVE_GIMPS_ASSIGNMENT,2026-08-09T02:56:41+00:00,UNALLOCATED,,,,,
SLCMP1467-3055,3055,3056,509151991,2^509151991-1,STRUCTURAL_SCREEN_EXHAUSTED_PRIMALITY_UNASSIGNED,GF3A_DIRECTIONAL_WRITE_EXHAUSTED_PRIMALITY_UNASSIGNED,514,512,512,NO_RECORDED_FACTOR_PRP_OR_LL_RESULT_AND_NO_ACTIVE_GIMPS_ASSIGNMENT,2026-08-09T02:56:41+00:00,UNALLOCATED,,,,,
SLCMP1467-3056,3056,3057,509152097,2^509152097-1,STRUCTURAL_SCREEN_EXHAUSTED_PRIMALITY_UNASSIGNED,GF3A_DIRECTIONAL_WRITE_EXHAUSTED_PRIMALITY_UNASSIGNED,513,512,512,NO_RECORDED_FACTOR_PRP_OR_LL_RESULT_AND_NO_ACTIVE_GIMPS_ASSIGNMENT,2026-08-09T02:56:41+00:00,UNALLOCATED,,,,,
SLCMP1467-3057,3057,3058,509152183,2^509152183-1,STRUCTURAL_SCREEN_EXHAUSTED_PRIMALITY_UNASSIGNED,GF3A_DIRECTIONAL_WRITE_EXHAUSTED_PRIMALITY_UNASSIGNED,514,512,512,NO_RECORDED_FACTOR_PRP_OR_LL_RESULT_AND_NO_ACTIVE_GIMPS_ASSIGNMENT,2026-08-09T02:56:41+00:00,UNALLOCATED,,,,,
SLCMP1467-3058,3058,3059,509152223,2^509152223-1,STRUCTURAL_SCREEN_EXHAUSTED_PRIMALITY_UNASSIGNED,GF3A_DIRECTIONAL_WRITE_EXHAUSTED_PRIMALITY_UNASSIGNED,514,512,512,NO_RECORDED_FACTOR_PRP_OR_LL_RESULT_AND_NO_ACTIVE_GIMPS_ASSIGNMENT,2026-08-09T02:56:41+00:00,UNALLOCATED,,,,,
SLCMP1467-3059,3059,3060,509152247,2^509152247-1,STRUCTURAL_SCREEN_EXHAUSTED_PRIMALITY_UNASSIGNED,GF3A_DIRECTIONAL_WRITE_EXHAUSTED_PRIMALITY_UNASSIGNED,514,512,512,NO_RECORDED_FACTOR_PRP_OR_LL_RESULT_AND_NO_ACTIVE_GIMPS_ASSIGNMENT,2026-08-09T02:56:41+00:00,UNALLOCATED,,,,,
SLCMP1467-3060,3060,3061,509152327,2^509152327-1,STRUCTURAL_SCREEN_EXHAUSTED_PRIMALITY_UNASSIGNED,GF3A_DIRECTIONAL_WRITE_EXHAUSTED_PRIMALITY_UNASSIGNED,514,512,512,NO_RECORDED_FACTOR_PRP_OR_LL_RESULT_AND_NO_ACTIVE_GIMPS_ASSIGNMENT,2026-08-09T02:56:41+00:00,UNALLOCATED,,,,,
SLCMP1467-3061,3061,3062,509152373,2^509152373-1,STRUCTURAL_SCREEN_EXHAUSTED_PRIMALITY_UNASSIGNED,GF3A_DIRECTIONAL_WRITE_EXHAUSTED_PRIMALITY_UNASSIGNED,513,512,512,NO_RECORDED_FACTOR_PRP_OR_LL_RESULT_AND_NO_ACTIVE_GIMPS_ASSIGNMENT,2026-08-09T02:56:41+00:00,UNALLOCATED,,,,,
SLCMP1467-3062,3062,3063,509152387,2^509152387-1,STRUCTURAL_SCREEN_EXHAUSTED_PRIMALITY_UNASSIGNED,GF3A_DIRECTIONAL_WRITE_EXHAUSTED_PRIMALITY_UNASSIGNED,514,512,512,NO_RECORDED_FACTOR_PRP_OR_LL_RESULT_AND_NO_ACTIVE_GIMPS_ASSIGNMENT,2026-08-09T02:56:41+00:00,UNALLOCATED,,,,,
SLCMP1467-3063,3063,3064,509152447,2^509152447-1,STRUCTURAL_SCREEN_EXHAUSTED_PRIMALITY_UNASSIGNED,GF3A_DIRECTIONAL_WRITE_EXHAUSTED_PRIMALITY_UNASSIGNED,514,512,512,NO_RECORDED_FACTOR_PRP_OR_LL_RESULT_AND_NO_ACTIVE_GIMPS_ASSIGNMENT,2026-08-09T02:56:41+00:00,UNALLOCATED,,,,,
SLCMP1467-3064,3064,3065,509152451,2^509152451-1,STRUCTURAL_SCREEN_EXHAUSTED_PRIMALITY_UNASSIGNED,GF3A_DIRECTIONAL_WRITE_EXHAUSTED_PRIMALITY_UNASSIGNED,514,512,512,NO_RECORDED_FACTOR_PRP_OR_LL_RESULT_AND_NO_ACTIVE_GIMPS_ASSIGNMENT,2026-08-09T02:56:41+00:00,UNALLOCATED,,,,,
SLCMP1467-3065,3065,3066,509152487,2^509152487-1,STRUCTURAL_SCREEN_EXHAUSTED_PRIMALITY_UNASSIGNED,GF3A_DIRECTIONAL_WRITE_EXHAUSTED_PRIMALITY_UNASSIGNED,514,512,512,NO_RECORDED_FACTOR_PRP_OR_LL_RESULT_AND_NO_ACTIVE_GIMPS_ASSIGNMENT,2026-08-09T02:56:41+00:00,UNALLOCATED,,,,,
SLCMP1467-3066,3066,3067,509152513,2^509152513-1,STRUCTURAL_SCREEN_EXHAUSTED_PRIMALITY_UNASSIGNED,GF3A_DIRECTIONAL_WRITE_EXHAUSTED_PRIMALITY_UNASSIGNED,513,512,512,NO_RECORDED_FACTOR_PRP_OR_LL_RESULT_AND_NO_ACTIVE_GIMPS_ASSIGNMENT,2026-08-09T02:56:41+00:00,UNALLOCATED,,,,,
SLCMP1467-3067,3067,3068,509152559,2^509152559-1,STRUCTURAL_SCREEN_EXHAUSTED_PRIMALITY_UNASSIGNED,GF3A_DIRECTIONAL_WRITE_EXHAUSTED_PRIMALITY_UNASSIGNED,514,512,512,NO_RECORDED_FACTOR_PRP_OR_LL_RESULT_AND_NO_ACTIVE_GIMPS_ASSIGNMENT,2026-08-09T02:56:41+00:00,UNALLOCATED,,,,,
SLCMP1467-3068,3068,3069,509152619,2^509152619-1,STRUCTURAL_SCREEN_EXHAUSTED_PRIMALITY_UNASSIGNED,GF3A_DIRECTIONAL_WRITE_EXHAUSTED_PRIMALITY_UNASSIGNED,514,512,512,NO_RECORDED_FACTOR_PRP_OR_LL_RESULT_AND_NO_ACTIVE_GIMPS_ASSIGNMENT,2026-08-09T02:56:41+00:00,UNALLOCATED,,,,,
SLCMP1467-3069,3069,3070,509152673,2^509152673-1,STRUCTURAL_SCREEN_EXHAUSTED_PRIMALITY_UNASSIGNED,GF3A_DIRECTIONAL_WRITE_EXHAUSTED_PRIMALITY_UNASSIGNED,513,512,512,NO_RECORDED_FACTOR_PRP_OR_LL_RESULT_AND_NO_ACTIVE_GIMPS_ASSIGNMENT,2026-08-09T02:56:41+00:00,UNALLOCATED,,,,,
SLCMP1467-3070,3070,3071,509152757,2^509152757-1,STRUCTURAL_SCREEN_EXHAUSTED_PRIMALITY_UNASSIGNED,GF3A_DIRECTIONAL_WRITE_EXHAUSTED_PRIMALITY_UNASSIGNED,513,512,512,NO_RECORDED_FACTOR_PRP_OR_LL_RESULT_AND_NO_ACTIVE_GIMPS_ASSIGNMENT,2026-08-09T02:56:41+00:00,UNALLOCATED,,,,,
SLCMP1467-3071,3071,3072,509152789,2^509152789-1,STRUCTURAL_SCREEN_EXHAUSTED_PRIMALITY_UNASSIGNED,GF3A_DIRECTIONAL_WRITE_EXHAUSTED_PRIMALITY_UNASSIGNED,513,512,512,NO_RECORDED_FACTOR_PRP_OR_LL_RESULT_AND_NO_ACTIVE_GIMPS_ASSIGNMENT,2026-08-09T02:56:41+00:00,UNALLOCATED,,,,,
SLCMP1467-3072,3072,3073,509152829,2^509152829-1,STRUCTURAL_SCREEN_EXHAUSTED_PRIMALITY_UNASSIGNED,GF3A_DIRECTIONAL_WRITE_EXHAUSTED_PRIMALITY_UNASSIGNED,513,512,512,NO_RECORDED_FACTOR_PRP_OR_LL_RESULT_AND_NO_ACTIVE_GIMPS_ASSIGNMENT,2026-08-09T02:56:41+00:00,UNALLOCATED,,,,,
SLCMP1467-3073,3073,3074,509152837,2^509152837-1,STRUCTURAL_SCREEN_EXHAUSTED_PRIMALITY_UNASSIGNED,GF3A_DIRECTIONAL_WRITE_EXHAUSTED_PRIMALITY_UNASSIGNED,513,512,512,NO_RECORDED_FACTOR_PRP_OR_LL_RESULT_AND_NO_ACTIVE_GIMPS_ASSIGNMENT,2026-08-09T02:56:41+00:00,UNALLOCATED,,,,,
SLCMP1467-3074,3074,3075,509152841,2^509152841-1,STRUCTURAL_SCREEN_EXHAUSTED_PRIMALITY_UNASSIGNED,GF3A_DIRECTIONAL_WRITE_EXHAUSTED_PRIMALITY_UNASSIGNED,513,512,512,NO_RECORDED_FACTOR_PRP_OR_LL_RESULT_AND_NO_ACTIVE_GIMPS_ASSIGNMENT,2026-08-09T02:56:41+00:00,UNALLOCATED,,,,,
SLCMP1467-3075,3075,3076,509152957,2^509152957-1,STRUCTURAL_SCREEN_EXHAUSTED_PRIMALITY_UNASSIGNED,GF3A_DIRECTIONAL_WRITE_EXHAUSTED_PRIMALITY_UNASSIGNED,513,512,512,NO_RECORDED_FACTOR_PRP_OR_LL_RESULT_AND_NO_ACTIVE_GIMPS_ASSIGNMENT,2026-08-09T02:56:41+00:00,UNALLOCATED,,,,,
SLCMP1467-3076,3076,3077,509153011,2^509153011-1,STRUCTURAL_SCREEN_EXHAUSTED_PRIMALITY_UNASSIGNED,GF3A_DIRECTIONAL_WRITE_EXHAUSTED_PRIMALITY_UNASSIGNED,514,512,512,NO_RECORDED_FACTOR_PRP_OR_LL_RESULT_AND_NO_ACTIVE_GIMPS_ASSIGNMENT,2026-08-09T02:56:41+00:00,UNALLOCATED,,,,,
SLCMP1467-3077,3077,3078,509153039,2^509153039-1,STRUCTURAL_SCREEN_EXHAUSTED_PRIMALITY_UNASSIGNED,GF3A_DIRECTIONAL_WRITE_EXHAUSTED_PRIMALITY_UNASSIGNED,514,512,512,NO_RECORDED_FACTOR_PRP_OR_LL_RESULT_AND_NO_ACTIVE_GIMPS_ASSIGNMENT,2026-08-09T02:56:41+00:00,UNALLOCATED,,,,,
SLCMP1467-3078,3078,3079,509153081,2^509153081-1,STRUCTURAL_SCREEN_EXHAUSTED_PRIMALITY_UNASSIGNED,GF3A_DIRECTIONAL_WRITE_EXHAUSTED_PRIMALITY_UNASSIGNED,513,512,512,NO_RECORDED_FACTOR_PRP_OR_LL_RESULT_AND_NO_ACTIVE_GIMPS_ASSIGNMENT,2026-08-09T02:56:41+00:00,UNALLOCATED,,,,,
SLCMP1467-3079,3079,3080,509153233,2^509153233-1,STRUCTURAL_SCREEN_EXHAUSTED_PRIMALITY_UNASSIGNED,GF3A_DIRECTIONAL_WRITE_EXHAUSTED_PRIMALITY_UNASSIGNED,513,512,512,NO_RECORDED_FACTOR_PRP_OR_LL_RESULT_AND_NO_ACTIVE_GIMPS_ASSIGNMENT,2026-08-09T02:56:41+00:00,UNALLOCATED,,,,,
SLCMP1467-3080,3080,3081,509153329,2^509153329-1,STRUCTURAL_SCREEN_EXHAUSTED_PRIMALITY_UNASSIGNED,GF3A_DIRECTIONAL_WRITE_EXHAUSTED_PRIMALITY_UNASSIGNED,513,512,512,NO_RECORDED_FACTOR_PRP_OR_LL_RESULT_AND_NO_ACTIVE_GIMPS_ASSIGNMENT,2026-08-09T02:56:41+00:00,UNALLOCATED,,,,,
SLCMP1467-3081,3081,3082,509153387,2^509153387-1,STRUCTURAL_SCREEN_EXHAUSTED_PRIMALITY_UNASSIGNED,GF3A_DIRECTIONAL_WRITE_EXHAUSTED_PRIMALITY_UNASSIGNED,514,512,512,NO_RECORDED_FACTOR_PRP_OR_LL_RESULT_AND_NO_ACTIVE_GIMPS_ASSIGNMENT,2026-08-09T02:56:41+00:00,UNALLOCATED,,,,,
SLCMP1467-3082,3082,3083,509153501,2^509153501-1,STRUCTURAL_SCREEN_EXHAUSTED_PRIMALITY_UNASSIGNED,GF3A_DIRECTIONAL_WRITE_EXHAUSTED_PRIMALITY_UNASSIGNED,513,512,512,NO_RECORDED_FACTOR_PRP_OR_LL_RESULT_AND_NO_ACTIVE_GIMPS_ASSIGNMENT,2026-08-09T02:56:41+00:00,UNALLOCATED,,,,,
SLCMP1467-3083,3083,3084,509153503,2^509153503-1,STRUCTURAL_SCREEN_EXHAUSTED_PRIMALITY_UNASSIGNED,GF3A_DIRECTIONAL_WRITE_EXHAUSTED_PRIMALITY_UNASSIGNED,514,512,512,NO_RECORDED_FACTOR_PRP_OR_LL_RESULT_AND_NO_ACTIVE_GIMPS_ASSIGNMENT,2026-08-09T02:56:41+00:00,UNALLOCATED,,,,,
SLCMP1467-3084,3084,3085,509153549,2^509153549-1,STRUCTURAL_SCREEN_EXHAUSTED_PRIMALITY_UNASSIGNED,GF3A_DIRECTIONAL_WRITE_EXHAUSTED_PRIMALITY_UNASSIGNED,513,512,512,NO_RECORDED_FACTOR_PRP_OR_LL_RESULT_AND_NO_ACTIVE_GIMPS_ASSIGNMENT,2026-08-09T02:56:41+00:00,UNALLOCATED,,,,,
SLCMP1467-3085,3085,3086,509153573,2^509153573-1,STRUCTURAL_SCREEN_EXHAUSTED_PRIMALITY_UNASSIGNED,GF3A_DIRECTIONAL_WRITE_EXHAUSTED_PRIMALITY_UNASSIGNED,513,512,512,NO_RECORDED_FACTOR_PRP_OR_LL_RESULT_AND_NO_ACTIVE_GIMPS_ASSIGNMENT,2026-08-09T02:56:41+00:00,UNALLOCATED,,,,,
SLCMP1467-3086,3086,3087,509153651,2^509153651-1,STRUCTURAL_SCREEN_EXHAUSTED_PRIMALITY_UNASSIGNED,GF3A_DIRECTIONAL_WRITE_EXHAUSTED_PRIMALITY_UNASSIGNED,514,512,512,NO_RECORDED_FACTOR_PRP_OR_LL_RESULT_AND_NO_ACTIVE_GIMPS_ASSIGNMENT,2026-08-09T02:56:41+00:00,UNALLOCATED,,,,,
SLCMP1467-3087,3087,3088,509153663,2^509153663-1,STRUCTURAL_SCREEN_EXHAUSTED_PRIMALITY_UNASSIGNED,GF3A_DIRECTIONAL_WRITE_EXHAUSTED_PRIMALITY_UNASSIGNED,514,512,512,NO_RECORDED_FACTOR_PRP_OR_LL_RESULT_AND_NO_ACTIVE_GIMPS_ASSIGNMENT,2026-08-09T02:56:41+00:00,UNALLOCATED,,,,,
SLCMP1467-3088,3088,3089,509153767,2^509153767-1,STRUCTURAL_SCREEN_EXHAUSTED_PRIMALITY_UNASSIGNED,GF3A_DIRECTIONAL_WRITE_EXHAUSTED_PRIMALITY_UNASSIGNED,514,512,512,NO_RECORDED_FACTOR_PRP_OR_LL_RESULT_AND_NO_ACTIVE_GIMPS_ASSIGNMENT,2026-08-09T02:56:41+00:00,UNALLOCATED,,,,,
SLCMP1467-3089,3089,3090,509153819,2^509153819-1,STRUCTURAL_SCREEN_EXHAUSTED_PRIMALITY_UNASSIGNED,GF3A_DIRECTIONAL_WRITE_EXHAUSTED_PRIMALITY_UNASSIGNED,514,512,512,NO_RECORDED_FACTOR_PRP_OR_LL_RESULT_AND_NO_ACTIVE_GIMPS_ASSIGNMENT,2026-08-09T02:56:41+00:00,UNALLOCATED,,,,,
SLCMP1467-3090,3090,3091,509153863,2^509153863-1,STRUCTURAL_SCREEN_EXHAUSTED_PRIMALITY_UNASSIGNED,GF3A_DIRECTIONAL_WRITE_EXHAUSTED_PRIMALITY_UNASSIGNED,514,512,512,NO_RECORDED_FACTOR_PRP_OR_LL_RESULT_AND_NO_ACTIVE_GIMPS_ASSIGNMENT,2026-08-09T02:56:41+00:00,UNALLOCATED,,,,,
SLCMP1467-3091,3091,3092,509153969,2^509153969-1,STRUCTURAL_SCREEN_EXHAUSTED_PRIMALITY_UNASSIGNED,GF3A_DIRECTIONAL_WRITE_EXHAUSTED_PRIMALITY_UNASSIGNED,513,512,512,NO_RECORDED_FACTOR_PRP_OR_LL_RESULT_AND_NO_ACTIVE_GIMPS_ASSIGNMENT,2026-08-09T02:56:41+00:00,UNALLOCATED,,,,,
SLCMP1467-3092,3092,3093,509153989,2^509153989-1,STRUCTURAL_SCREEN_EXHAUSTED_PRIMALITY_UNASSIGNED,GF3A_DIRECTIONAL_WRITE_EXHAUSTED_PRIMALITY_UNASSIGNED,513,512,512,NO_RECORDED_FACTOR_PRP_OR_LL_RESULT_AND_NO_ACTIVE_GIMPS_ASSIGNMENT,2026-08-09T02:56:41+00:00,UNALLOCATED,,,,,
SLCMP1467-3093,3093,3094,509153999,2^509153999-1,STRUCTURAL_SCREEN_EXHAUSTED_PRIMALITY_UNASSIGNED,GF3A_DIRECTIONAL_WRITE_EXHAUSTED_PRIMALITY_UNASSIGNED,514,512,512,NO_RECORDED_FACTOR_PRP_OR_LL_RESULT_AND_NO_ACTIVE_GIMPS_ASSIGNMENT,2026-08-09T02:56:41+00:00,UNALLOCATED,,,,,
SLCMP1467-3094,3094,3095,509154293,2^509154293-1,STRUCTURAL_SCREEN_EXHAUSTED_PRIMALITY_UNASSIGNED,GF3A_DIRECTIONAL_WRITE_EXHAUSTED_PRIMALITY_UNASSIGNED,513,512,512,NO_RECORDED_FACTOR_PRP_OR_LL_RESULT_AND_NO_ACTIVE_GIMPS_ASSIGNMENT,2026-08-09T02:56:41+00:00,UNALLOCATED,,,,,
SLCMP1467-3095,3095,3096,509154329,2^509154329-1,STRUCTURAL_SCREEN_EXHAUSTED_PRIMALITY_UNASSIGNED,GF3A_DIRECTIONAL_WRITE_EXHAUSTED_PRIMALITY_UNASSIGNED,513,512,512,NO_RECORDED_FACTOR_PRP_OR_LL_RESULT_AND_NO_ACTIVE_GIMPS_ASSIGNMENT,2026-08-09T02:56:41+00:00,UNALLOCATED,,,,,
SLCMP1467-3096,3096,3097,509154413,2^509154413-1,STRUCTURAL_SCREEN_EXHAUSTED_PRIMALITY_UNASSIGNED,GF3A_DIRECTIONAL_WRITE_EXHAUSTED_PRIMALITY_UNASSIGNED,513,512,512,NO_RECORDED_FACTOR_PRP_OR_LL_RESULT_AND_NO_ACTIVE_GIMPS_ASSIGNMENT,2026-08-09T02:56:41+00:00,UNALLOCATED,,,,,
SLCMP1467-3097,3097,3098,509154551,2^509154551-1,STRUCTURAL_SCREEN_EXHAUSTED_PRIMALITY_UNASSIGNED,GF3A_DIRECTIONAL_WRITE_EXHAUSTED_PRIMALITY_UNASSIGNED,514,512,512,NO_RECORDED_FACTOR_PRP_OR_LL_RESULT_AND_NO_ACTIVE_GIMPS_ASSIGNMENT,2026-08-09T02:56:41+00:00,UNALLOCATED,,,,,
SLCMP1467-3098,3098,3099,509154553,2^509154553-1,STRUCTURAL_SCREEN_EXHAUSTED_PRIMALITY_UNASSIGNED,GF3A_DIRECTIONAL_WRITE_EXHAUSTED_PRIMALITY_UNASSIGNED,513,512,512,NO_RECORDED_FACTOR_PRP_OR_LL_RESULT_AND_NO_ACTIVE_GIMPS_ASSIGNMENT,2026-08-09T02:56:41+00:00,UNALLOCATED,,,,,
SLCMP1467-3099,3099,3100,509154563,2^509154563-1,STRUCTURAL_SCREEN_EXHAUSTED_PRIMALITY_UNASSIGNED,GF3A_DIRECTIONAL_WRITE_EXHAUSTED_PRIMALITY_UNASSIGNED,514,512,512,NO_RECORDED_FACTOR_PRP_OR_LL_RESULT_AND_NO_ACTIVE_GIMPS_ASSIGNMENT,2026-08-09T02:56:41+00:00,UNALLOCATED,,,,,
SLCMP1467-3100,3100,3101,509154791,2^509154791-1,STRUCTURAL_SCREEN_EXHAUSTED_PRIMALITY_UNASSIGNED,GF3A_DIRECTIONAL_WRITE_EXHAUSTED_PRIMALITY_UNASSIGNED,514,512,512,NO_RECORDED_FACTOR_PRP_OR_LL_RESULT_AND_NO_ACTIVE_GIMPS_ASSIGNMENT,2026-08-09T02:56:41+00:00,UNALLOCATED,,,,,
SLCMP1467-3101,3101,3102,509154803,2^509154803-1,STRUCTURAL_SCREEN_EXHAUSTED_PRIMALITY_UNASSIGNED,GF3A_DIRECTIONAL_WRITE_EXHAUSTED_PRIMALITY_UNASSIGNED,514,512,512,NO_RECORDED_FACTOR_PRP_OR_LL_RESULT_AND_NO_ACTIVE_GIMPS_ASSIGNMENT,2026-08-09T02:56:41+00:00,UNALLOCATED,,,,,
SLCMP1467-3102,3102,3103,509154809,2^509154809-1,STRUCTURAL_SCREEN_EXHAUSTED_PRIMALITY_UNASSIGNED,GF3A_DIRECTIONAL_WRITE_EXHAUSTED_PRIMALITY_UNASSIGNED,513,512,512,NO_RECORDED_FACTOR_PRP_OR_LL_RESULT_AND_NO_ACTIVE_GIMPS_ASSIGNMENT,2026-08-09T02:56:41+00:00,UNALLOCATED,,,,,
SLCMP1467-3103,3103,3104,509154829,2^509154829-1,STRUCTURAL_SCREEN_EXHAUSTED_PRIMALITY_UNASSIGNED,GF3A_DIRECTIONAL_WRITE_EXHAUSTED_PRIMALITY_UNASSIGNED,513,512,512,NO_RECORDED_FACTOR_PRP_OR_LL_RESULT_AND_NO_ACTIVE_GIMPS_ASSIGNMENT,2026-08-09T02:56:41+00:00,UNALLOCATED,,,,,
SLCMP1467-3104,3104,3105,509154929,2^509154929-1,STRUCTURAL_SCREEN_EXHAUSTED_PRIMALITY_UNASSIGNED,GF3A_DIRECTIONAL_WRITE_EXHAUSTED_PRIMALITY_UNASSIGNED,513,512,512,NO_RECORDED_FACTOR_PRP_OR_LL_RESULT_AND_NO_ACTIVE_GIMPS_ASSIGNMENT,2026-08-09T02:56:41+00:00,UNALLOCATED,,,,,
SLCMP1467-3105,3105,3106,509154967,2^509154967-1,STRUCTURAL_SCREEN_EXHAUSTED_PRIMALITY_UNASSIGNED,GF3A_DIRECTIONAL_WRITE_EXHAUSTED_PRIMALITY_UNASSIGNED,514,512,512,NO_RECORDED_FACTOR_PRP_OR_LL_RESULT_AND_NO_ACTIVE_GIMPS_ASSIGNMENT,2026-08-09T02:56:41+00:00,UNALLOCATED,,,,,
SLCMP1467-3106,3106,3107,509155033,2^509155033-1,STRUCTURAL_SCREEN_EXHAUSTED_PRIMALITY_UNASSIGNED,GF3A_DIRECTIONAL_WRITE_EXHAUSTED_PRIMALITY_UNASSIGNED,513,512,512,NO_RECORDED_FACTOR_PRP_OR_LL_RESULT_AND_NO_ACTIVE_GIMPS_ASSIGNMENT,2026-08-09T02:56:41+00:00,UNALLOCATED,,,,,
SLCMP1467-3107,3107,3108,509155051,2^509155051-1,STRUCTURAL_SCREEN_EXHAUSTED_PRIMALITY_UNASSIGNED,GF3A_DIRECTIONAL_WRITE_EXHAUSTED_PRIMALITY_UNASSIGNED,514,512,512,NO_RECORDED_FACTOR_PRP_OR_LL_RESULT_AND_NO_ACTIVE_GIMPS_ASSIGNMENT,2026-08-09T02:56:41+00:00,UNALLOCATED,,,,,
SLCMP1467-3108,3108,3109,509155063,2^509155063-1,STRUCTURAL_SCREEN_EXHAUSTED_PRIMALITY_UNASSIGNED,GF3A_DIRECTIONAL_WRITE_EXHAUSTED_PRIMALITY_UNASSIGNED,514,512,512,NO_RECORDED_FACTOR_PRP_OR_LL_RESULT_AND_NO_ACTIVE_GIMPS_ASSIGNMENT,2026-08-09T02:56:41+00:00,UNALLOCATED,,,,,
SLCMP1467-3109,3109,3110,509155109,2^509155109-1,STRUCTURAL_SCREEN_EXHAUSTED_PRIMALITY_UNASSIGNED,GF3A_DIRECTIONAL_WRITE_EXHAUSTED_PRIMALITY_UNASSIGNED,513,512,512,NO_RECORDED_FACTOR_PRP_OR_LL_RESULT_AND_NO_ACTIVE_GIMPS_ASSIGNMENT,2026-08-09T02:56:41+00:00,UNALLOCATED,,,,,
SLCMP1467-3110,3110,3111,509155139,2^509155139-1,STRUCTURAL_SCREEN_EXHAUSTED_PRIMALITY_UNASSIGNED,GF3A_DIRECTIONAL_WRITE_EXHAUSTED_PRIMALITY_UNASSIGNED,514,512,512,NO_RECORDED_FACTOR_PRP_OR_LL_RESULT_AND_NO_ACTIVE_GIMPS_ASSIGNMENT,2026-08-09T02:56:41+00:00,UNALLOCATED,,,,,
SLCMP1467-3111,3111,3112,509155147,2^509155147-1,STRUCTURAL_SCREEN_EXHAUSTED_PRIMALITY_UNASSIGNED,GF3A_DIRECTIONAL_WRITE_EXHAUSTED_PRIMALITY_UNASSIGNED,514,512,512,NO_RECORDED_FACTOR_PRP_OR_LL_RESULT_AND_NO_ACTIVE_GIMPS_ASSIGNMENT,2026-08-09T02:56:41+00:00,UNALLOCATED,,,,,
SLCMP1467-3112,3112,3113,509155169,2^509155169-1,STRUCTURAL_SCREEN_EXHAUSTED_PRIMALITY_UNASSIGNED,GF3A_DIRECTIONAL_WRITE_EXHAUSTED_PRIMALITY_UNASSIGNED,513,512,512,NO_RECORDED_FACTOR_PRP_OR_LL_RESULT_AND_NO_ACTIVE_GIMPS_ASSIGNMENT,2026-08-09T02:56:41+00:00,UNALLOCATED,,,,,
SLCMP1467-3113,3113,3114,509155247,2^509155247-1,STRUCTURAL_SCREEN_EXHAUSTED_PRIMALITY_UNASSIGNED,GF3A_DIRECTIONAL_WRITE_EXHAUSTED_PRIMALITY_UNASSIGNED,514,512,512,NO_RECORDED_FACTOR_PRP_OR_LL_RESULT_AND_NO_ACTIVE_GIMPS_ASSIGNMENT,2026-08-09T02:56:41+00:00,UNALLOCATED,,,,,
SLCMP1467-3114,3114,3115,509155267,2^509155267-1,STRUCTURAL_SCREEN_EXHAUSTED_PRIMALITY_UNASSIGNED,GF3A_DIRECTIONAL_WRITE_EXHAUSTED_PRIMALITY_UNASSIGNED,514,512,512,NO_RECORDED_FACTOR_PRP_OR_LL_RESULT_AND_NO_ACTIVE_GIMPS_ASSIGNMENT,2026-08-09T02:56:41+00:00,UNALLOCATED,,,,,
SLCMP1467-3115,3115,3116,509155289,2^509155289-1,STRUCTURAL_SCREEN_EXHAUSTED_PRIMALITY_UNASSIGNED,GF3A_DIRECTIONAL_WRITE_EXHAUSTED_PRIMALITY_UNASSIGNED,513,512,512,NO_RECORDED_FACTOR_PRP_OR_LL_RESULT_AND_NO_ACTIVE_GIMPS_ASSIGNMENT,2026-08-09T02:56:41+00:00,UNALLOCATED,,,,,
SLCMP1467-3116,3116,3117,509155333,2^509155333-1,STRUCTURAL_SCREEN_EXHAUSTED_PRIMALITY_UNASSIGNED,GF3A_DIRECTIONAL_WRITE_EXHAUSTED_PRIMALITY_UNASSIGNED,513,512,512,NO_RECORDED_FACTOR_PRP_OR_LL_RESULT_AND_NO_ACTIVE_GIMPS_ASSIGNMENT,2026-08-09T02:56:41+00:00,UNALLOCATED,,,,,
SLCMP1467-3117,3117,3118,509155337,2^509155337-1,STRUCTURAL_SCREEN_EXHAUSTED_PRIMALITY_UNASSIGNED,GF3A_DIRECTIONAL_WRITE_EXHAUSTED_PRIMALITY_UNASSIGNED,513,512,512,NO_RECORDED_FACTOR_PRP_OR_LL_RESULT_AND_NO_ACTIVE_GIMPS_ASSIGNMENT,2026-08-09T02:56:41+00:00,UNALLOCATED,,,,,
SLCMP1467-3118,3118,3119,509155351,2^509155351-1,STRUCTURAL_SCREEN_EXHAUSTED_PRIMALITY_UNASSIGNED,GF3A_DIRECTIONAL_WRITE_EXHAUSTED_PRIMALITY_UNASSIGNED,514,512,512,NO_RECORDED_FACTOR_PRP_OR_LL_RESULT_AND_NO_ACTIVE_GIMPS_ASSIGNMENT,2026-08-09T02:56:41+00:00,UNALLOCATED,,,,,
SLCMP1467-3119,3119,3120,509155379,2^509155379-1,STRUCTURAL_SCREEN_EXHAUSTED_PRIMALITY_UNASSIGNED,GF3A_DIRECTIONAL_WRITE_EXHAUSTED_PRIMALITY_UNASSIGNED,514,512,512,NO_RECORDED_FACTOR_PRP_OR_LL_RESULT_AND_NO_ACTIVE_GIMPS_ASSIGNMENT,2026-08-09T02:56:41+00:00,UNALLOCATED,,,,,
SLCMP1467-3120,3120,3121,509155783,2^509155783-1,STRUCTURAL_SCREEN_EXHAUSTED_PRIMALITY_UNASSIGNED,GF3A_DIRECTIONAL_WRITE_EXHAUSTED_PRIMALITY_UNASSIGNED,514,512,512,NO_RECORDED_FACTOR_PRP_OR_LL_RESULT_AND_NO_ACTIVE_GIMPS_ASSIGNMENT,2026-08-09T02:56:41+00:00,UNALLOCATED,,,,,
SLCMP1467-3121,3121,3122,509155879,2^509155879-1,STRUCTURAL_SCREEN_EXHAUSTED_PRIMALITY_UNASSIGNED,GF3A_DIRECTIONAL_WRITE_EXHAUSTED_PRIMALITY_UNASSIGNED,514,512,512,NO_RECORDED_FACTOR_PRP_OR_LL_RESULT_AND_NO_ACTIVE_GIMPS_ASSIGNMENT,2026-08-09T02:56:41+00:00,UNALLOCATED,,,,,
SLCMP1467-3122,3122,3123,509155973,2^509155973-1,STRUCTURAL_SCREEN_EXHAUSTED_PRIMALITY_UNASSIGNED,GF3A_DIRECTIONAL_WRITE_EXHAUSTED_PRIMALITY_UNASSIGNED,513,512,512,NO_RECORDED_FACTOR_PRP_OR_LL_RESULT_AND_NO_ACTIVE_GIMPS_ASSIGNMENT,2026-08-09T02:56:41+00:00,UNALLOCATED,,,,,
SLCMP1467-3123,3123,3124,509156041,2^509156041-1,STRUCTURAL_SCREEN_EXHAUSTED_PRIMALITY_UNASSIGNED,GF3A_DIRECTIONAL_WRITE_EXHAUSTED_PRIMALITY_UNASSIGNED,513,512,512,NO_RECORDED_FACTOR_PRP_OR_LL_RESULT_AND_NO_ACTIVE_GIMPS_ASSIGNMENT,2026-08-09T02:56:41+00:00,UNALLOCATED,,,,,
SLCMP1467-3124,3124,3125,509156117,2^509156117-1,STRUCTURAL_SCREEN_EXHAUSTED_PRIMALITY_UNASSIGNED,GF3A_DIRECTIONAL_WRITE_EXHAUSTED_PRIMALITY_UNASSIGNED,513,512,512,NO_RECORDED_FACTOR_PRP_OR_LL_RESULT_AND_NO_ACTIVE_GIMPS_ASSIGNMENT,2026-08-09T02:56:41+00:00,UNALLOCATED,,,,,
SLCMP1467-3125,3125,3126,509156119,2^509156119-1,STRUCTURAL_SCREEN_EXHAUSTED_PRIMALITY_UNASSIGNED,GF3A_DIRECTIONAL_WRITE_EXHAUSTED_PRIMALITY_UNASSIGNED,514,512,512,NO_RECORDED_FACTOR_PRP_OR_LL_RESULT_AND_NO_ACTIVE_GIMPS_ASSIGNMENT,2026-08-09T02:56:41+00:00,UNALLOCATED,,,,,
SLCMP1467-3126,3126,3127,509156177,2^509156177-1,STRUCTURAL_SCREEN_EXHAUSTED_PRIMALITY_UNASSIGNED,GF3A_DIRECTIONAL_WRITE_EXHAUSTED_PRIMALITY_UNASSIGNED,513,512,512,NO_RECORDED_FACTOR_PRP_OR_LL_RESULT_AND_NO_ACTIVE_GIMPS_ASSIGNMENT,2026-08-09T02:56:41+00:00,UNALLOCATED,,,,,
SLCMP1467-3127,3127,3128,509156231,2^509156231-1,STRUCTURAL_SCREEN_EXHAUSTED_PRIMALITY_UNASSIGNED,GF3A_DIRECTIONAL_WRITE_EXHAUSTED_PRIMALITY_UNASSIGNED,514,512,512,NO_RECORDED_FACTOR_PRP_OR_LL_RESULT_AND_NO_ACTIVE_GIMPS_ASSIGNMENT,2026-08-09T02:56:41+00:00,UNALLOCATED,,,,,
SLCMP1467-3128,3128,3129,509156237,2^509156237-1,STRUCTURAL_SCREEN_EXHAUSTED_PRIMALITY_UNASSIGNED,GF3A_DIRECTIONAL_WRITE_EXHAUSTED_PRIMALITY_UNASSIGNED,513,512,512,NO_RECORDED_FACTOR_PRP_OR_LL_RESULT_AND_NO_ACTIVE_GIMPS_ASSIGNMENT,2026-08-09T02:56:41+00:00,UNALLOCATED,,,,,
SLCMP1467-3129,3129,3130,509156287,2^509156287-1,STRUCTURAL_SCREEN_EXHAUSTED_PRIMALITY_UNASSIGNED,GF3A_DIRECTIONAL_WRITE_EXHAUSTED_PRIMALITY_UNASSIGNED,514,512,512,NO_RECORDED_FACTOR_PRP_OR_LL_RESULT_AND_NO_ACTIVE_GIMPS_ASSIGNMENT,2026-08-09T02:56:41+00:00,UNALLOCATED,,,,,
SLCMP1467-3130,3130,3131,509156419,2^509156419-1,STRUCTURAL_SCREEN_EXHAUSTED_PRIMALITY_UNASSIGNED,GF3A_DIRECTIONAL_WRITE_EXHAUSTED_PRIMALITY_UNASSIGNED,514,512,512,NO_RECORDED_FACTOR_PRP_OR_LL_RESULT_AND_NO_ACTIVE_GIMPS_ASSIGNMENT,2026-08-09T02:56:41+00:00,UNALLOCATED,,,,,
SLCMP1467-3131,3131,3132,509156429,2^509156429-1,STRUCTURAL_SCREEN_EXHAUSTED_PRIMALITY_UNASSIGNED,GF3A_DIRECTIONAL_WRITE_EXHAUSTED_PRIMALITY_UNASSIGNED,513,512,512,NO_RECORDED_FACTOR_PRP_OR_LL_RESULT_AND_NO_ACTIVE_GIMPS_ASSIGNMENT,2026-08-09T02:56:41+00:00,UNALLOCATED,,,,,
SLCMP1467-3132,3132,3133,509156467,2^509156467-1,STRUCTURAL_SCREEN_EXHAUSTED_PRIMALITY_UNASSIGNED,GF3A_DIRECTIONAL_WRITE_EXHAUSTED_PRIMALITY_UNASSIGNED,514,512,512,NO_RECORDED_FACTOR_PRP_OR_LL_RESULT_AND_NO_ACTIVE_GIMPS_ASSIGNMENT,2026-08-09T02:56:41+00:00,UNALLOCATED,,,,,
SLCMP1467-3133,3133,3134,509156513,2^509156513-1,STRUCTURAL_SCREEN_EXHAUSTED_PRIMALITY_UNASSIGNED,GF3A_DIRECTIONAL_WRITE_EXHAUSTED_PRIMALITY_UNASSIGNED,513,512,512,NO_RECORDED_FACTOR_PRP_OR_LL_RESULT_AND_NO_ACTIVE_GIMPS_ASSIGNMENT,2026-08-09T02:56:41+00:00,UNALLOCATED,,,,,
SLCMP1467-3134,3134,3135,509156537,2^509156537-1,STRUCTURAL_SCREEN_EXHAUSTED_PRIMALITY_UNASSIGNED,GF3A_DIRECTIONAL_WRITE_EXHAUSTED_PRIMALITY_UNASSIGNED,513,512,512,NO_RECORDED_FACTOR_PRP_OR_LL_RESULT_AND_NO_ACTIVE_GIMPS_ASSIGNMENT,2026-08-09T02:56:41+00:00,UNALLOCATED,,,,,
SLCMP1467-3135,3135,3136,509156561,2^509156561-1,STRUCTURAL_SCREEN_EXHAUSTED_PRIMALITY_UNASSIGNED,GF3A_DIRECTIONAL_WRITE_EXHAUSTED_PRIMALITY_UNASSIGNED,513,512,512,NO_RECORDED_FACTOR_PRP_OR_LL_RESULT_AND_NO_ACTIVE_GIMPS_ASSIGNMENT,2026-08-09T02:56:41+00:00,UNALLOCATED,,,,,
SLCMP1467-3136,3136,3137,509156587,2^509156587-1,STRUCTURAL_SCREEN_EXHAUSTED_PRIMALITY_UNASSIGNED,GF3A_DIRECTIONAL_WRITE_EXHAUSTED_PRIMALITY_UNASSIGNED,514,512,512,NO_RECORDED_FACTOR_PRP_OR_LL_RESULT_AND_NO_ACTIVE_GIMPS_ASSIGNMENT,2026-08-09T02:56:41+00:00,UNALLOCATED,,,,,
SLCMP1467-3137,3137,3138,509156633,2^509156633-1,STRUCTURAL_SCREEN_EXHAUSTED_PRIMALITY_UNASSIGNED,GF3A_DIRECTIONAL_WRITE_EXHAUSTED_PRIMALITY_UNASSIGNED,513,512,512,NO_RECORDED_FACTOR_PRP_OR_LL_RESULT_AND_NO_ACTIVE_GIMPS_ASSIGNMENT,2026-08-09T02:56:41+00:00,UNALLOCATED,,,,,
SLCMP1467-3138,3138,3139,509156653,2^509156653-1,STRUCTURAL_SCREEN_EXHAUSTED_PRIMALITY_UNASSIGNED,GF3A_DIRECTIONAL_WRITE_EXHAUSTED_PRIMALITY_UNASSIGNED,513,512,512,NO_RECORDED_FACTOR_PRP_OR_LL_RESULT_AND_NO_ACTIVE_GIMPS_ASSIGNMENT,2026-08-09T02:56:41+00:00,UNALLOCATED,,,,,
SLCMP1467-3139,3139,3140,509156663,2^509156663-1,STRUCTURAL_SCREEN_EXHAUSTED_PRIMALITY_UNASSIGNED,GF3A_DIRECTIONAL_WRITE_EXHAUSTED_PRIMALITY_UNASSIGNED,514,512,512,NO_RECORDED_FACTOR_PRP_OR_LL_RESULT_AND_NO_ACTIVE_GIMPS_ASSIGNMENT,2026-08-09T02:56:41+00:00,UNALLOCATED,,,,,
SLCMP1467-3140,3140,3141,509156719,2^509156719-1,STRUCTURAL_SCREEN_EXHAUSTED_PRIMALITY_UNASSIGNED,GF3A_DIRECTIONAL_WRITE_EXHAUSTED_PRIMALITY_UNASSIGNED,514,512,512,NO_RECORDED_FACTOR_PRP_OR_LL_RESULT_AND_NO_ACTIVE_GIMPS_ASSIGNMENT,2026-08-09T02:56:41+00:00,UNALLOCATED,,,,,
SLCMP1467-3141,3141,3142,509156909,2^509156909-1,STRUCTURAL_SCREEN_EXHAUSTED_PRIMALITY_UNASSIGNED,GF3A_DIRECTIONAL_WRITE_EXHAUSTED_PRIMALITY_UNASSIGNED,513,512,512,NO_RECORDED_FACTOR_PRP_OR_LL_RESULT_AND_NO_ACTIVE_GIMPS_ASSIGNMENT,2026-08-09T02:56:41+00:00,UNALLOCATED,,,,,
SLCMP1467-3142,3142,3143,509157067,2^509157067-1,STRUCTURAL_SCREEN_EXHAUSTED_PRIMALITY_UNASSIGNED,GF3A_DIRECTIONAL_WRITE_EXHAUSTED_PRIMALITY_UNASSIGNED,514,512,512,NO_RECORDED_FACTOR_PRP_OR_LL_RESULT_AND_NO_ACTIVE_GIMPS_ASSIGNMENT,2026-08-09T02:56:41+00:00,UNALLOCATED,,,,,
SLCMP1467-3143,3143,3144,509157169,2^509157169-1,STRUCTURAL_SCREEN_EXHAUSTED_PRIMALITY_UNASSIGNED,GF3A_DIRECTIONAL_WRITE_EXHAUSTED_PRIMALITY_UNASSIGNED,513,512,512,NO_RECORDED_FACTOR_PRP_OR_LL_RESULT_AND_NO_ACTIVE_GIMPS_ASSIGNMENT,2026-08-09T02:56:41+00:00,UNALLOCATED,,,,,
SLCMP1467-3144,3144,3145,509157227,2^509157227-1,STRUCTURAL_SCREEN_EXHAUSTED_PRIMALITY_UNASSIGNED,GF3A_DIRECTIONAL_WRITE_EXHAUSTED_PRIMALITY_UNASSIGNED,514,512,512,NO_RECORDED_FACTOR_PRP_OR_LL_RESULT_AND_NO_ACTIVE_GIMPS_ASSIGNMENT,2026-08-09T02:56:41+00:00,UNALLOCATED,,,,,
SLCMP1467-3145,3145,3146,509157359,2^509157359-1,STRUCTURAL_SCREEN_EXHAUSTED_PRIMALITY_UNASSIGNED,GF3A_DIRECTIONAL_WRITE_EXHAUSTED_PRIMALITY_UNASSIGNED,514,512,512,NO_RECORDED_FACTOR_PRP_OR_LL_RESULT_AND_NO_ACTIVE_GIMPS_ASSIGNMENT,2026-08-09T02:56:41+00:00,UNALLOCATED,,,,,
SLCMP1467-3146,3146,3147,509157427,2^509157427-1,STRUCTURAL_SCREEN_EXHAUSTED_PRIMALITY_UNASSIGNED,GF3A_DIRECTIONAL_WRITE_EXHAUSTED_PRIMALITY_UNASSIGNED,514,512,512,NO_RECORDED_FACTOR_PRP_OR_LL_RESULT_AND_NO_ACTIVE_GIMPS_ASSIGNMENT,2026-08-09T02:56:41+00:00,UNALLOCATED,,,,,
SLCMP1467-3147,3147,3148,509157521,2^509157521-1,STRUCTURAL_SCREEN_EXHAUSTED_PRIMALITY_UNASSIGNED,GF3A_DIRECTIONAL_WRITE_EXHAUSTED_PRIMALITY_UNASSIGNED,513,512,512,NO_RECORDED_FACTOR_PRP_OR_LL_RESULT_AND_NO_ACTIVE_GIMPS_ASSIGNMENT,2026-08-09T02:56:41+00:00,UNALLOCATED,,,,,
SLCMP1467-3148,3148,3149,509157529,2^509157529-1,STRUCTURAL_SCREEN_EXHAUSTED_PRIMALITY_UNASSIGNED,GF3A_DIRECTIONAL_WRITE_EXHAUSTED_PRIMALITY_UNASSIGNED,513,512,512,NO_RECORDED_FACTOR_PRP_OR_LL_RESULT_AND_NO_ACTIVE_GIMPS_ASSIGNMENT,2026-08-09T02:56:41+00:00,UNALLOCATED,,,,,
SLCMP1467-3149,3149,3150,509157613,2^509157613-1,STRUCTURAL_SCREEN_EXHAUSTED_PRIMALITY_UNASSIGNED,GF3A_DIRECTIONAL_WRITE_EXHAUSTED_PRIMALITY_UNASSIGNED,513,512,512,NO_RECORDED_FACTOR_PRP_OR_LL_RESULT_AND_NO_ACTIVE_GIMPS_ASSIGNMENT,2026-08-09T02:56:41+00:00,UNALLOCATED,,,,,
SLCMP1467-3150,3150,3151,509157617,2^509157617-1,STRUCTURAL_SCREEN_EXHAUSTED_PRIMALITY_UNASSIGNED,GF3A_DIRECTIONAL_WRITE_EXHAUSTED_PRIMALITY_UNASSIGNED,513,512,512,NO_RECORDED_FACTOR_PRP_OR_LL_RESULT_AND_NO_ACTIVE_GIMPS_ASSIGNMENT,2026-08-09T02:56:41+00:00,UNALLOCATED,,,,,
SLCMP1467-3151,3151,3152,509157631,2^509157631-1,STRUCTURAL_SCREEN_EXHAUSTED_PRIMALITY_UNASSIGNED,GF3A_DIRECTIONAL_WRITE_EXHAUSTED_PRIMALITY_UNASSIGNED,514,512,512,NO_RECORDED_FACTOR_PRP_OR_LL_RESULT_AND_NO_ACTIVE_GIMPS_ASSIGNMENT,2026-08-09T02:56:41+00:00,UNALLOCATED,,,,,
SLCMP1467-3152,3152,3153,509157637,2^509157637-1,STRUCTURAL_SCREEN_EXHAUSTED_PRIMALITY_UNASSIGNED,GF3A_DIRECTIONAL_WRITE_EXHAUSTED_PRIMALITY_UNASSIGNED,513,512,512,NO_RECORDED_FACTOR_PRP_OR_LL_RESULT_AND_NO_ACTIVE_GIMPS_ASSIGNMENT,2026-08-09T02:56:41+00:00,UNALLOCATED,,,,,
SLCMP1467-3153,3153,3154,509157659,2^509157659-1,STRUCTURAL_SCREEN_EXHAUSTED_PRIMALITY_UNASSIGNED,GF3A_DIRECTIONAL_WRITE_EXHAUSTED_PRIMALITY_UNASSIGNED,514,512,512,NO_RECORDED_FACTOR_PRP_OR_LL_RESULT_AND_NO_ACTIVE_GIMPS_ASSIGNMENT,2026-08-09T02:56:41+00:00,UNALLOCATED,,,,,
SLCMP1467-3154,3154,3155,509157809,2^509157809-1,STRUCTURAL_SCREEN_EXHAUSTED_PRIMALITY_UNASSIGNED,GF3A_DIRECTIONAL_WRITE_EXHAUSTED_PRIMALITY_UNASSIGNED,513,512,512,NO_RECORDED_FACTOR_PRP_OR_LL_RESULT_AND_NO_ACTIVE_GIMPS_ASSIGNMENT,2026-08-09T02:56:41+00:00,UNALLOCATED,,,,,
SLCMP1467-3155,3155,3156,509157823,2^509157823-1,STRUCTURAL_SCREEN_EXHAUSTED_PRIMALITY_UNASSIGNED,GF3A_DIRECTIONAL_WRITE_EXHAUSTED_PRIMALITY_UNASSIGNED,514,512,512,NO_RECORDED_FACTOR_PRP_OR_LL_RESULT_AND_NO_ACTIVE_GIMPS_ASSIGNMENT,2026-08-09T02:56:41+00:00,UNALLOCATED,,,,,
SLCMP1467-3156,3156,3157,509157829,2^509157829-1,STRUCTURAL_SCREEN_EXHAUSTED_PRIMALITY_UNASSIGNED,GF3A_DIRECTIONAL_WRITE_EXHAUSTED_PRIMALITY_UNASSIGNED,513,512,512,NO_RECORDED_FACTOR_PRP_OR_LL_RESULT_AND_NO_ACTIVE_GIMPS_ASSIGNMENT,2026-08-09T02:56:41+00:00,UNALLOCATED,,,,,
SLCMP1467-3157,3157,3158,509157893,2^509157893-1,STRUCTURAL_SCREEN_EXHAUSTED_PRIMALITY_UNASSIGNED,GF3A_DIRECTIONAL_WRITE_EXHAUSTED_PRIMALITY_UNASSIGNED,513,512,512,NO_RECORDED_FACTOR_PRP_OR_LL_RESULT_AND_NO_ACTIVE_GIMPS_ASSIGNMENT,2026-08-09T02:56:41+00:00,UNALLOCATED,,,,,
SLCMP1467-3158,3158,3159,509157917,2^509157917-1,STRUCTURAL_SCREEN_EXHAUSTED_PRIMALITY_UNASSIGNED,GF3A_DIRECTIONAL_WRITE_EXHAUSTED_PRIMALITY_UNASSIGNED,513,512,512,NO_RECORDED_FACTOR_PRP_OR_LL_RESULT_AND_NO_ACTIVE_GIMPS_ASSIGNMENT,2026-08-09T02:56:41+00:00,UNALLOCATED,,,,,
SLCMP1467-3159,3159,3160,509157941,2^509157941-1,STRUCTURAL_SCREEN_EXHAUSTED_PRIMALITY_UNASSIGNED,GF3A_DIRECTIONAL_WRITE_EXHAUSTED_PRIMALITY_UNASSIGNED,513,512,512,NO_RECORDED_FACTOR_PRP_OR_LL_RESULT_AND_NO_ACTIVE_GIMPS_ASSIGNMENT,2026-08-09T02:56:41+00:00,UNALLOCATED,,,,,
SLCMP1467-3160,3160,3161,509157997,2^509157997-1,STRUCTURAL_SCREEN_EXHAUSTED_PRIMALITY_UNASSIGNED,GF3A_DIRECTIONAL_WRITE_EXHAUSTED_PRIMALITY_UNASSIGNED,513,512,512,NO_RECORDED_FACTOR_PRP_OR_LL_RESULT_AND_NO_ACTIVE_GIMPS_ASSIGNMENT,2026-08-09T02:56:41+00:00,UNALLOCATED,,,,,
SLCMP1467-3161,3161,3162,509158103,2^509158103-1,STRUCTURAL_SCREEN_EXHAUSTED_PRIMALITY_UNASSIGNED,GF3A_DIRECTIONAL_WRITE_EXHAUSTED_PRIMALITY_UNASSIGNED,514,512,512,NO_RECORDED_FACTOR_PRP_OR_LL_RESULT_AND_NO_ACTIVE_GIMPS_ASSIGNMENT,2026-08-09T02:56:41+00:00,UNALLOCATED,,,,,
SLCMP1467-3162,3162,3163,509158127,2^509158127-1,STRUCTURAL_SCREEN_EXHAUSTED_PRIMALITY_UNASSIGNED,GF3A_DIRECTIONAL_WRITE_EXHAUSTED_PRIMALITY_UNASSIGNED,514,512,512,NO_RECORDED_FACTOR_PRP_OR_LL_RESULT_AND_NO_ACTIVE_GIMPS_ASSIGNMENT,2026-08-09T02:56:41+00:00,UNALLOCATED,,,,,
SLCMP1467-3163,3163,3164,509158129,2^509158129-1,STRUCTURAL_SCREEN_EXHAUSTED_PRIMALITY_UNASSIGNED,GF3A_DIRECTIONAL_WRITE_EXHAUSTED_PRIMALITY_UNASSIGNED,513,512,512,NO_RECORDED_FACTOR_PRP_OR_LL_RESULT_AND_NO_ACTIVE_GIMPS_ASSIGNMENT,2026-08-09T02:56:41+00:00,UNALLOCATED,,,,,
SLCMP1467-3164,3164,3165,509158151,2^509158151-1,STRUCTURAL_SCREEN_EXHAUSTED_PRIMALITY_UNASSIGNED,GF3A_DIRECTIONAL_WRITE_EXHAUSTED_PRIMALITY_UNASSIGNED,514,512,512,NO_RECORDED_FACTOR_PRP_OR_LL_RESULT_AND_NO_ACTIVE_GIMPS_ASSIGNMENT,2026-08-09T02:56:41+00:00,UNALLOCATED,,,,,
SLCMP1467-3165,3165,3166,509158157,2^509158157-1,STRUCTURAL_SCREEN_EXHAUSTED_PRIMALITY_UNASSIGNED,GF3A_DIRECTIONAL_WRITE_EXHAUSTED_PRIMALITY_UNASSIGNED,513,512,512,NO_RECORDED_FACTOR_PRP_OR_LL_RESULT_AND_NO_ACTIVE_GIMPS_ASSIGNMENT,2026-08-09T02:56:41+00:00,UNALLOCATED,,,,,
SLCMP1467-3166,3166,3167,509158159,2^509158159-1,STRUCTURAL_SCREEN_EXHAUSTED_PRIMALITY_UNASSIGNED,GF3A_DIRECTIONAL_WRITE_EXHAUSTED_PRIMALITY_UNASSIGNED,514,512,512,NO_RECORDED_FACTOR_PRP_OR_LL_RESULT_AND_NO_ACTIVE_GIMPS_ASSIGNMENT,2026-08-09T02:56:41+00:00,UNALLOCATED,,,,,
SLCMP1467-3167,3167,3168,509158189,2^509158189-1,STRUCTURAL_SCREEN_EXHAUSTED_PRIMALITY_UNASSIGNED,GF3A_DIRECTIONAL_WRITE_EXHAUSTED_PRIMALITY_UNASSIGNED,513,512,512,NO_RECORDED_FACTOR_PRP_OR_LL_RESULT_AND_NO_ACTIVE_GIMPS_ASSIGNMENT,2026-08-09T02:56:41+00:00,UNALLOCATED,,,,,
SLCMP1467-3168,3168,3169,509158201,2^509158201-1,STRUCTURAL_SCREEN_EXHAUSTED_PRIMALITY_UNASSIGNED,GF3A_DIRECTIONAL_WRITE_EXHAUSTED_PRIMALITY_UNASSIGNED,513,512,512,NO_RECORDED_FACTOR_PRP_OR_LL_RESULT_AND_NO_ACTIVE_GIMPS_ASSIGNMENT,2026-08-09T02:56:41+00:00,UNALLOCATED,,,,,
SLCMP1467-3169,3169,3170,509158217,2^509158217-1,STRUCTURAL_SCREEN_EXHAUSTED_PRIMALITY_UNASSIGNED,GF3A_DIRECTIONAL_WRITE_EXHAUSTED_PRIMALITY_UNASSIGNED,513,512,512,NO_RECORDED_FACTOR_PRP_OR_LL_RESULT_AND_NO_ACTIVE_GIMPS_ASSIGNMENT,2026-08-09T02:56:41+00:00,UNALLOCATED,,,,,
SLCMP1467-3170,3170,3171,509158453,2^509158453-1,STRUCTURAL_SCREEN_EXHAUSTED_PRIMALITY_UNASSIGNED,GF3A_DIRECTIONAL_WRITE_EXHAUSTED_PRIMALITY_UNASSIGNED,513,512,512,NO_RECORDED_FACTOR_PRP_OR_LL_RESULT_AND_NO_ACTIVE_GIMPS_ASSIGNMENT,2026-08-09T02:56:41+00:00,UNALLOCATED,,,,,
SLCMP1467-3171,3171,3172,509158493,2^509158493-1,STRUCTURAL_SCREEN_EXHAUSTED_PRIMALITY_UNASSIGNED,GF3A_DIRECTIONAL_WRITE_EXHAUSTED_PRIMALITY_UNASSIGNED,513,512,512,NO_RECORDED_FACTOR_PRP_OR_LL_RESULT_AND_NO_ACTIVE_GIMPS_ASSIGNMENT,2026-08-09T02:56:41+00:00,UNALLOCATED,,,,,
SLCMP1467-3172,3172,3173,509158501,2^509158501-1,STRUCTURAL_SCREEN_EXHAUSTED_PRIMALITY_UNASSIGNED,GF3A_DIRECTIONAL_WRITE_EXHAUSTED_PRIMALITY_UNASSIGNED,513,512,512,NO_RECORDED_FACTOR_PRP_OR_LL_RESULT_AND_NO_ACTIVE_GIMPS_ASSIGNMENT,2026-08-09T02:56:41+00:00,UNALLOCATED,,,,,
SLCMP1467-3173,3173,3174,509158607,2^509158607-1,STRUCTURAL_SCREEN_EXHAUSTED_PRIMALITY_UNASSIGNED,GF3A_DIRECTIONAL_WRITE_EXHAUSTED_PRIMALITY_UNASSIGNED,514,512,512,NO_RECORDED_FACTOR_PRP_OR_LL_RESULT_AND_NO_ACTIVE_GIMPS_ASSIGNMENT,2026-08-09T02:56:41+00:00,UNALLOCATED,,,,,
SLCMP1467-3174,3174,3175,509158631,2^509158631-1,STRUCTURAL_SCREEN_EXHAUSTED_PRIMALITY_UNASSIGNED,GF3A_DIRECTIONAL_WRITE_EXHAUSTED_PRIMALITY_UNASSIGNED,514,512,512,NO_RECORDED_FACTOR_PRP_OR_LL_RESULT_AND_NO_ACTIVE_GIMPS_ASSIGNMENT,2026-08-09T02:56:41+00:00,UNALLOCATED,,,,,
SLCMP1467-3175,3175,3176,509158673,2^509158673-1,STRUCTURAL_SCREEN_EXHAUSTED_PRIMALITY_UNASSIGNED,GF3A_DIRECTIONAL_WRITE_EXHAUSTED_PRIMALITY_UNASSIGNED,513,512,512,NO_RECORDED_FACTOR_PRP_OR_LL_RESULT_AND_NO_ACTIVE_GIMPS_ASSIGNMENT,2026-08-09T02:56:41+00:00,UNALLOCATED,,,,,
SLCMP1467-3176,3176,3177,509158733,2^509158733-1,STRUCTURAL_SCREEN_EXHAUSTED_PRIMALITY_UNASSIGNED,GF3A_DIRECTIONAL_WRITE_EXHAUSTED_PRIMALITY_UNASSIGNED,513,512,512,NO_RECORDED_FACTOR_PRP_OR_LL_RESULT_AND_NO_ACTIVE_GIMPS_ASSIGNMENT,2026-08-09T02:56:41+00:00,UNALLOCATED,,,,,
SLCMP1467-3177,3177,3178,509158747,2^509158747-1,STRUCTURAL_SCREEN_EXHAUSTED_PRIMALITY_UNASSIGNED,GF3A_DIRECTIONAL_WRITE_EXHAUSTED_PRIMALITY_UNASSIGNED,514,512,512,NO_RECORDED_FACTOR_PRP_OR_LL_RESULT_AND_NO_ACTIVE_GIMPS_ASSIGNMENT,2026-08-09T02:56:41+00:00,UNALLOCATED,,,,,
SLCMP1467-3178,3178,3179,509158753,2^509158753-1,STRUCTURAL_SCREEN_EXHAUSTED_PRIMALITY_UNASSIGNED,GF3A_DIRECTIONAL_WRITE_EXHAUSTED_PRIMALITY_UNASSIGNED,513,512,512,NO_RECORDED_FACTOR_PRP_OR_LL_RESULT_AND_NO_ACTIVE_GIMPS_ASSIGNMENT,2026-08-09T02:56:41+00:00,UNALLOCATED,,,,,
SLCMP1467-3179,3179,3180,509158847,2^509158847-1,STRUCTURAL_SCREEN_EXHAUSTED_PRIMALITY_UNASSIGNED,GF3A_DIRECTIONAL_WRITE_EXHAUSTED_PRIMALITY_UNASSIGNED,514,512,512,NO_RECORDED_FACTOR_PRP_OR_LL_RESULT_AND_NO_ACTIVE_GIMPS_ASSIGNMENT,2026-08-09T02:56:41+00:00,UNALLOCATED,,,,,
SLCMP1467-3180,3180,3181,509158933,2^509158933-1,STRUCTURAL_SCREEN_EXHAUSTED_PRIMALITY_UNASSIGNED,GF3A_DIRECTIONAL_WRITE_EXHAUSTED_PRIMALITY_UNASSIGNED,513,512,512,NO_RECORDED_FACTOR_PRP_OR_LL_RESULT_AND_NO_ACTIVE_GIMPS_ASSIGNMENT,2026-08-09T02:56:41+00:00,UNALLOCATED,,,,,
SLCMP1467-3181,3181,3182,509159011,2^509159011-1,STRUCTURAL_SCREEN_EXHAUSTED_PRIMALITY_UNASSIGNED,GF3A_DIRECTIONAL_WRITE_EXHAUSTED_PRIMALITY_UNASSIGNED,514,512,512,NO_RECORDED_FACTOR_PRP_OR_LL_RESULT_AND_NO_ACTIVE_GIMPS_ASSIGNMENT,2026-08-09T02:56:41+00:00,UNALLOCATED,,,,,
SLCMP1467-3182,3182,3183,509159023,2^509159023-1,STRUCTURAL_SCREEN_EXHAUSTED_PRIMALITY_UNASSIGNED,GF3A_DIRECTIONAL_WRITE_EXHAUSTED_PRIMALITY_UNASSIGNED,514,512,512,NO_RECORDED_FACTOR_PRP_OR_LL_RESULT_AND_NO_ACTIVE_GIMPS_ASSIGNMENT,2026-08-09T02:56:41+00:00,UNALLOCATED,,,,,
SLCMP1467-3183,3183,3184,509159113,2^509159113-1,STRUCTURAL_SCREEN_EXHAUSTED_PRIMALITY_UNASSIGNED,GF3A_DIRECTIONAL_WRITE_EXHAUSTED_PRIMALITY_UNASSIGNED,513,512,512,NO_RECORDED_FACTOR_PRP_OR_LL_RESULT_AND_NO_ACTIVE_GIMPS_ASSIGNMENT,2026-08-09T02:56:41+00:00,UNALLOCATED,,,,,
SLCMP1467-3184,3184,3185,509159149,2^509159149-1,STRUCTURAL_SCREEN_EXHAUSTED_PRIMALITY_UNASSIGNED,GF3A_DIRECTIONAL_WRITE_EXHAUSTED_PRIMALITY_UNASSIGNED,513,512,512,NO_RECORDED_FACTOR_PRP_OR_LL_RESULT_AND_NO_ACTIVE_GIMPS_ASSIGNMENT,2026-08-09T02:56:41+00:00,UNALLOCATED,,,,,
SLCMP1467-3185,3185,3186,509159153,2^509159153-1,STRUCTURAL_SCREEN_EXHAUSTED_PRIMALITY_UNASSIGNED,GF3A_DIRECTIONAL_WRITE_EXHAUSTED_PRIMALITY_UNASSIGNED,513,512,512,NO_RECORDED_FACTOR_PRP_OR_LL_RESULT_AND_NO_ACTIVE_GIMPS_ASSIGNMENT,2026-08-09T02:56:41+00:00,UNALLOCATED,,,,,
SLCMP1467-3186,3186,3187,509159263,2^509159263-1,STRUCTURAL_SCREEN_EXHAUSTED_PRIMALITY_UNASSIGNED,GF3A_DIRECTIONAL_WRITE_EXHAUSTED_PRIMALITY_UNASSIGNED,514,512,512,NO_RECORDED_FACTOR_PRP_OR_LL_RESULT_AND_NO_ACTIVE_GIMPS_ASSIGNMENT,2026-08-09T02:56:41+00:00,UNALLOCATED,,,,,
SLCMP1467-3187,3187,3188,509159341,2^509159341-1,STRUCTURAL_SCREEN_EXHAUSTED_PRIMALITY_UNASSIGNED,GF3A_DIRECTIONAL_WRITE_EXHAUSTED_PRIMALITY_UNASSIGNED,513,512,512,NO_RECORDED_FACTOR_PRP_OR_LL_RESULT_AND_NO_ACTIVE_GIMPS_ASSIGNMENT,2026-08-09T02:56:41+00:00,UNALLOCATED,,,,,
SLCMP1467-3188,3188,3189,509159353,2^509159353-1,STRUCTURAL_SCREEN_EXHAUSTED_PRIMALITY_UNASSIGNED,GF3A_DIRECTIONAL_WRITE_EXHAUSTED_PRIMALITY_UNASSIGNED,513,512,512,NO_RECORDED_FACTOR_PRP_OR_LL_RESULT_AND_NO_ACTIVE_GIMPS_ASSIGNMENT,2026-08-09T02:56:41+00:00,UNALLOCATED,,,,,
SLCMP1467-3189,3189,3190,509159381,2^509159381-1,STRUCTURAL_SCREEN_EXHAUSTED_PRIMALITY_UNASSIGNED,GF3A_DIRECTIONAL_WRITE_EXHAUSTED_PRIMALITY_UNASSIGNED,513,512,512,NO_RECORDED_FACTOR_PRP_OR_LL_RESULT_AND_NO_ACTIVE_GIMPS_ASSIGNMENT,2026-08-09T02:56:41+00:00,UNALLOCATED,,,,,
SLCMP1467-3190,3190,3191,509159449,2^509159449-1,STRUCTURAL_SCREEN_EXHAUSTED_PRIMALITY_UNASSIGNED,GF3A_DIRECTIONAL_WRITE_EXHAUSTED_PRIMALITY_UNASSIGNED,513,512,512,NO_RECORDED_FACTOR_PRP_OR_LL_RESULT_AND_NO_ACTIVE_GIMPS_ASSIGNMENT,2026-08-09T02:56:41+00:00,UNALLOCATED,,,,,
SLCMP1467-3191,3191,3192,509159543,2^509159543-1,STRUCTURAL_SCREEN_EXHAUSTED_PRIMALITY_UNASSIGNED,GF3A_DIRECTIONAL_WRITE_EXHAUSTED_PRIMALITY_UNASSIGNED,514,512,512,NO_RECORDED_FACTOR_PRP_OR_LL_RESULT_AND_NO_ACTIVE_GIMPS_ASSIGNMENT,2026-08-09T02:56:41+00:00,UNALLOCATED,,,,,
SLCMP1467-3192,3192,3193,509159551,2^509159551-1,STRUCTURAL_SCREEN_EXHAUSTED_PRIMALITY_UNASSIGNED,GF3A_DIRECTIONAL_WRITE_EXHAUSTED_PRIMALITY_UNASSIGNED,514,512,512,NO_RECORDED_FACTOR_PRP_OR_LL_RESULT_AND_NO_ACTIVE_GIMPS_ASSIGNMENT,2026-08-09T02:56:41+00:00,UNALLOCATED,,,,,
SLCMP1467-3193,3193,3194,509159611,2^509159611-1,STRUCTURAL_SCREEN_EXHAUSTED_PRIMALITY_UNASSIGNED,GF3A_DIRECTIONAL_WRITE_EXHAUSTED_PRIMALITY_UNASSIGNED,514,512,512,NO_RECORDED_FACTOR_PRP_OR_LL_RESULT_AND_NO_ACTIVE_GIMPS_ASSIGNMENT,2026-08-09T02:56:41+00:00,UNALLOCATED,,,,,
SLCMP1467-3194,3194,3195,509159647,2^509159647-1,STRUCTURAL_SCREEN_EXHAUSTED_PRIMALITY_UNASSIGNED,GF3A_DIRECTIONAL_WRITE_EXHAUSTED_PRIMALITY_UNASSIGNED,514,512,512,NO_RECORDED_FACTOR_PRP_OR_LL_RESULT_AND_NO_ACTIVE_GIMPS_ASSIGNMENT,2026-08-09T02:56:41+00:00,UNALLOCATED,,,,,
SLCMP1467-3195,3195,3196,509159657,2^509159657-1,STRUCTURAL_SCREEN_EXHAUSTED_PRIMALITY_UNASSIGNED,GF3A_DIRECTIONAL_WRITE_EXHAUSTED_PRIMALITY_UNASSIGNED,513,512,512,NO_RECORDED_FACTOR_PRP_OR_LL_RESULT_AND_NO_ACTIVE_GIMPS_ASSIGNMENT,2026-08-09T02:56:41+00:00,UNALLOCATED,,,,,
SLCMP1467-3196,3196,3197,509159659,2^509159659-1,STRUCTURAL_SCREEN_EXHAUSTED_PRIMALITY_UNASSIGNED,GF3A_DIRECTIONAL_WRITE_EXHAUSTED_PRIMALITY_UNASSIGNED,514,512,512,NO_RECORDED_FACTOR_PRP_OR_LL_RESULT_AND_NO_ACTIVE_GIMPS_ASSIGNMENT,2026-08-09T02:56:41+00:00,UNALLOCATED,,,,,
SLCMP1467-3197,3197,3198,509159687,2^509159687-1,STRUCTURAL_SCREEN_EXHAUSTED_PRIMALITY_UNASSIGNED,GF3A_DIRECTIONAL_WRITE_EXHAUSTED_PRIMALITY_UNASSIGNED,514,512,512,NO_RECORDED_FACTOR_PRP_OR_LL_RESULT_AND_NO_ACTIVE_GIMPS_ASSIGNMENT,2026-08-09T02:56:41+00:00,UNALLOCATED,,,,,
SLCMP1467-3198,3198,3199,509159719,2^509159719-1,STRUCTURAL_SCREEN_EXHAUSTED_PRIMALITY_UNASSIGNED,GF3A_DIRECTIONAL_WRITE_EXHAUSTED_PRIMALITY_UNASSIGNED,514,512,512,NO_RECORDED_FACTOR_PRP_OR_LL_RESULT_AND_NO_ACTIVE_GIMPS_ASSIGNMENT,2026-08-09T02:56:41+00:00,UNALLOCATED,,,,,
SLCMP1467-3199,3199,3200,509159839,2^509159839-1,STRUCTURAL_SCREEN_EXHAUSTED_PRIMALITY_UNASSIGNED,GF3A_DIRECTIONAL_WRITE_EXHAUSTED_PRIMALITY_UNASSIGNED,514,512,512,NO_RECORDED_FACTOR_PRP_OR_LL_RESULT_AND_NO_ACTIVE_GIMPS_ASSIGNMENT,2026-08-09T02:56:41+00:00,UNALLOCATED,,,,,
SLCMP1467-3200,3200,3201,509159999,2^509159999-1,STRUCTURAL_SCREEN_EXHAUSTED_PRIMALITY_UNASSIGNED,GF3A_DIRECTIONAL_WRITE_EXHAUSTED_PRIMALITY_UNASSIGNED,514,512,512,NO_RECORDED_FACTOR_PRP_OR_LL_RESULT_AND_NO_ACTIVE_GIMPS_ASSIGNMENT,2026-08-09T02:56:41+00:00,UNALLOCATED,,,,,
SLCMP1467-3201,3201,3202,509160049,2^509160049-1,STRUCTURAL_SCREEN_EXHAUSTED_PRIMALITY_UNASSIGNED,GF3A_DIRECTIONAL_WRITE_EXHAUSTED_PRIMALITY_UNASSIGNED,513,512,512,NO_RECORDED_FACTOR_PRP_OR_LL_RESULT_AND_NO_ACTIVE_GIMPS_ASSIGNMENT,2026-08-09T02:56:41+00:00,UNALLOCATED,,,,,
SLCMP1467-3202,3202,3203,509160101,2^509160101-1,STRUCTURAL_SCREEN_EXHAUSTED_PRIMALITY_UNASSIGNED,GF3A_DIRECTIONAL_WRITE_EXHAUSTED_PRIMALITY_UNASSIGNED,513,512,512,NO_RECORDED_FACTOR_PRP_OR_LL_RESULT_AND_NO_ACTIVE_GIMPS_ASSIGNMENT,2026-08-09T02:56:41+00:00,UNALLOCATED,,,,,
SLCMP1467-3203,3203,3204,509160109,2^509160109-1,STRUCTURAL_SCREEN_EXHAUSTED_PRIMALITY_UNASSIGNED,GF3A_DIRECTIONAL_WRITE_EXHAUSTED_PRIMALITY_UNASSIGNED,513,512,512,NO_RECORDED_FACTOR_PRP_OR_LL_RESULT_AND_NO_ACTIVE_GIMPS_ASSIGNMENT,2026-08-09T02:56:41+00:00,UNALLOCATED,,,,,
SLCMP1467-3204,3204,3205,509160137,2^509160137-1,STRUCTURAL_SCREEN_EXHAUSTED_PRIMALITY_UNASSIGNED,GF3A_DIRECTIONAL_WRITE_EXHAUSTED_PRIMALITY_UNASSIGNED,513,512,512,NO_RECORDED_FACTOR_PRP_OR_LL_RESULT_AND_NO_ACTIVE_GIMPS_ASSIGNMENT,2026-08-09T02:56:41+00:00,UNALLOCATED,,,,,
SLCMP1467-3205,3205,3206,509160317,2^509160317-1,STRUCTURAL_SCREEN_EXHAUSTED_PRIMALITY_UNASSIGNED,GF3A_DIRECTIONAL_WRITE_EXHAUSTED_PRIMALITY_UNASSIGNED,513,512,512,NO_RECORDED_FACTOR_PRP_OR_LL_RESULT_AND_NO_ACTIVE_GIMPS_ASSIGNMENT,2026-08-09T02:56:41+00:00,UNALLOCATED,,,,,
SLCMP1467-3206,3206,3207,509160359,2^509160359-1,STRUCTURAL_SCREEN_EXHAUSTED_PRIMALITY_UNASSIGNED,GF3A_DIRECTIONAL_WRITE_EXHAUSTED_PRIMALITY_UNASSIGNED,514,512,512,NO_RECORDED_FACTOR_PRP_OR_LL_RESULT_AND_NO_ACTIVE_GIMPS_ASSIGNMENT,2026-08-09T02:56:41+00:00,UNALLOCATED,,,,,
SLCMP1467-3207,3207,3208,509160497,2^509160497-1,STRUCTURAL_SCREEN_EXHAUSTED_PRIMALITY_UNASSIGNED,GF3A_DIRECTIONAL_WRITE_EXHAUSTED_PRIMALITY_UNASSIGNED,513,512,512,NO_RECORDED_FACTOR_PRP_OR_LL_RESULT_AND_NO_ACTIVE_GIMPS_ASSIGNMENT,2026-08-09T02:56:41+00:00,UNALLOCATED,,,,,
SLCMP1467-3208,3208,3209,509160503,2^509160503-1,STRUCTURAL_SCREEN_EXHAUSTED_PRIMALITY_UNASSIGNED,GF3A_DIRECTIONAL_WRITE_EXHAUSTED_PRIMALITY_UNASSIGNED,514,512,512,NO_RECORDED_FACTOR_PRP_OR_LL_RESULT_AND_NO_ACTIVE_GIMPS_ASSIGNMENT,2026-08-09T02:56:41+00:00,UNALLOCATED,,,,,
SLCMP1467-3209,3209,3210,509160521,2^509160521-1,STRUCTURAL_SCREEN_EXHAUSTED_PRIMALITY_UNASSIGNED,GF3A_DIRECTIONAL_WRITE_EXHAUSTED_PRIMALITY_UNASSIGNED,513,512,512,NO_RECORDED_FACTOR_PRP_OR_LL_RESULT_AND_NO_ACTIVE_GIMPS_ASSIGNMENT,2026-08-09T02:56:41+00:00,UNALLOCATED,,,,,
SLCMP1467-3210,3210,3211,509160607,2^509160607-1,STRUCTURAL_SCREEN_EXHAUSTED_PRIMALITY_UNASSIGNED,GF3A_DIRECTIONAL_WRITE_EXHAUSTED_PRIMALITY_UNASSIGNED,514,512,512,NO_RECORDED_FACTOR_PRP_OR_LL_RESULT_AND_NO_ACTIVE_GIMPS_ASSIGNMENT,2026-08-09T02:56:41+00:00,UNALLOCATED,,,,,
SLCMP1467-3211,3211,3212,509160679,2^509160679-1,STRUCTURAL_SCREEN_EXHAUSTED_PRIMALITY_UNASSIGNED,GF3A_DIRECTIONAL_WRITE_EXHAUSTED_PRIMALITY_UNASSIGNED,514,512,512,NO_RECORDED_FACTOR_PRP_OR_LL_RESULT_AND_NO_ACTIVE_GIMPS_ASSIGNMENT,2026-08-09T02:56:41+00:00,UNALLOCATED,,,,,
SLCMP1467-3212,3212,3213,509160731,2^509160731-1,STRUCTURAL_SCREEN_EXHAUSTED_PRIMALITY_UNASSIGNED,GF3A_DIRECTIONAL_WRITE_EXHAUSTED_PRIMALITY_UNASSIGNED,514,512,512,NO_RECORDED_FACTOR_PRP_OR_LL_RESULT_AND_NO_ACTIVE_GIMPS_ASSIGNMENT,2026-08-09T02:56:41+00:00,UNALLOCATED,,,,,
SLCMP1467-3213,3213,3214,509160749,2^509160749-1,STRUCTURAL_SCREEN_EXHAUSTED_PRIMALITY_UNASSIGNED,GF3A_DIRECTIONAL_WRITE_EXHAUSTED_PRIMALITY_UNASSIGNED,513,512,512,NO_RECORDED_FACTOR_PRP_OR_LL_RESULT_AND_NO_ACTIVE_GIMPS_ASSIGNMENT,2026-08-09T02:56:41+00:00,UNALLOCATED,,,,,
SLCMP1467-3214,3214,3215,509160871,2^509160871-1,STRUCTURAL_SCREEN_EXHAUSTED_PRIMALITY_UNASSIGNED,GF3A_DIRECTIONAL_WRITE_EXHAUSTED_PRIMALITY_UNASSIGNED,514,512,512,NO_RECORDED_FACTOR_PRP_OR_LL_RESULT_AND_NO_ACTIVE_GIMPS_ASSIGNMENT,2026-08-09T02:56:41+00:00,UNALLOCATED,,,,,
SLCMP1467-3215,3215,3216,509160887,2^509160887-1,STRUCTURAL_SCREEN_EXHAUSTED_PRIMALITY_UNASSIGNED,GF3A_DIRECTIONAL_WRITE_EXHAUSTED_PRIMALITY_UNASSIGNED,514,512,512,NO_RECORDED_FACTOR_PRP_OR_LL_RESULT_AND_NO_ACTIVE_GIMPS_ASSIGNMENT,2026-08-09T02:56:41+00:00,UNALLOCATED,,,,,
SLCMP1467-3216,3216,3217,509160989,2^509160989-1,STRUCTURAL_SCREEN_EXHAUSTED_PRIMALITY_UNASSIGNED,GF3A_DIRECTIONAL_WRITE_EXHAUSTED_PRIMALITY_UNASSIGNED,513,512,512,NO_RECORDED_FACTOR_PRP_OR_LL_RESULT_AND_NO_ACTIVE_GIMPS_ASSIGNMENT,2026-08-09T02:56:41+00:00,UNALLOCATED,,,,,
SLCMP1467-3217,3217,3218,509160991,2^509160991-1,STRUCTURAL_SCREEN_EXHAUSTED_PRIMALITY_UNASSIGNED,GF3A_DIRECTIONAL_WRITE_EXHAUSTED_PRIMALITY_UNASSIGNED,514,512,512,NO_RECORDED_FACTOR_PRP_OR_LL_RESULT_AND_NO_ACTIVE_GIMPS_ASSIGNMENT,2026-08-09T02:56:41+00:00,UNALLOCATED,,,,,
SLCMP1467-3218,3218,3219,509161027,2^509161027-1,STRUCTURAL_SCREEN_EXHAUSTED_PRIMALITY_UNASSIGNED,GF3A_DIRECTIONAL_WRITE_EXHAUSTED_PRIMALITY_UNASSIGNED,514,512,512,NO_RECORDED_FACTOR_PRP_OR_LL_RESULT_AND_NO_ACTIVE_GIMPS_ASSIGNMENT,2026-08-09T02:56:41+00:00,UNALLOCATED,,,,,
SLCMP1467-3219,3219,3220,509161063,2^509161063-1,STRUCTURAL_SCREEN_EXHAUSTED_PRIMALITY_UNASSIGNED,GF3A_DIRECTIONAL_WRITE_EXHAUSTED_PRIMALITY_UNASSIGNED,514,512,512,NO_RECORDED_FACTOR_PRP_OR_LL_RESULT_AND_NO_ACTIVE_GIMPS_ASSIGNMENT,2026-08-09T02:56:41+00:00,UNALLOCATED,,,,,
SLCMP1467-3220,3220,3221,509161231,2^509161231-1,STRUCTURAL_SCREEN_EXHAUSTED_PRIMALITY_UNASSIGNED,GF3A_DIRECTIONAL_WRITE_EXHAUSTED_PRIMALITY_UNASSIGNED,514,512,512,NO_RECORDED_FACTOR_PRP_OR_LL_RESULT_AND_NO_ACTIVE_GIMPS_ASSIGNMENT,2026-08-09T02:56:41+00:00,UNALLOCATED,,,,,
SLCMP1467-3221,3221,3222,509161253,2^509161253-1,STRUCTURAL_SCREEN_EXHAUSTED_PRIMALITY_UNASSIGNED,GF3A_DIRECTIONAL_WRITE_EXHAUSTED_PRIMALITY_UNASSIGNED,513,512,512,NO_RECORDED_FACTOR_PRP_OR_LL_RESULT_AND_NO_ACTIVE_GIMPS_ASSIGNMENT,2026-08-09T02:56:41+00:00,UNALLOCATED,,,,,
SLCMP1467-3222,3222,3223,509161321,2^509161321-1,STRUCTURAL_SCREEN_EXHAUSTED_PRIMALITY_UNASSIGNED,GF3A_DIRECTIONAL_WRITE_EXHAUSTED_PRIMALITY_UNASSIGNED,513,512,512,NO_RECORDED_FACTOR_PRP_OR_LL_RESULT_AND_NO_ACTIVE_GIMPS_ASSIGNMENT,2026-08-09T02:56:41+00:00,UNALLOCATED,,,,,
SLCMP1467-3223,3223,3224,509161343,2^509161343-1,STRUCTURAL_SCREEN_EXHAUSTED_PRIMALITY_UNASSIGNED,GF3A_DIRECTIONAL_WRITE_EXHAUSTED_PRIMALITY_UNASSIGNED,514,512,512,NO_RECORDED_FACTOR_PRP_OR_LL_RESULT_AND_NO_ACTIVE_GIMPS_ASSIGNMENT,2026-08-09T02:56:41+00:00,UNALLOCATED,,,,,
SLCMP1467-3224,3224,3225,509161379,2^509161379-1,STRUCTURAL_SCREEN_EXHAUSTED_PRIMALITY_UNASSIGNED,GF3A_DIRECTIONAL_WRITE_EXHAUSTED_PRIMALITY_UNASSIGNED,514,512,512,NO_RECORDED_FACTOR_PRP_OR_LL_RESULT_AND_NO_ACTIVE_GIMPS_ASSIGNMENT,2026-08-09T02:56:41+00:00,UNALLOCATED,,,,,
SLCMP1467-3225,3225,3226,509161397,2^509161397-1,STRUCTURAL_SCREEN_EXHAUSTED_PRIMALITY_UNASSIGNED,GF3A_DIRECTIONAL_WRITE_EXHAUSTED_PRIMALITY_UNASSIGNED,513,512,512,NO_RECORDED_FACTOR_PRP_OR_LL_RESULT_AND_NO_ACTIVE_GIMPS_ASSIGNMENT,2026-08-09T02:56:41+00:00,UNALLOCATED,,,,,
SLCMP1467-3226,3226,3227,509161447,2^509161447-1,STRUCTURAL_SCREEN_EXHAUSTED_PRIMALITY_UNASSIGNED,GF3A_DIRECTIONAL_WRITE_EXHAUSTED_PRIMALITY_UNASSIGNED,514,512,512,NO_RECORDED_FACTOR_PRP_OR_LL_RESULT_AND_NO_ACTIVE_GIMPS_ASSIGNMENT,2026-08-09T02:56:41+00:00,UNALLOCATED,,,,,
SLCMP1467-3227,3227,3228,509161451,2^509161451-1,STRUCTURAL_SCREEN_EXHAUSTED_PRIMALITY_UNASSIGNED,GF3A_DIRECTIONAL_WRITE_EXHAUSTED_PRIMALITY_UNASSIGNED,514,512,512,NO_RECORDED_FACTOR_PRP_OR_LL_RESULT_AND_NO_ACTIVE_GIMPS_ASSIGNMENT,2026-08-09T02:56:41+00:00,UNALLOCATED,,,,,
SLCMP1467-3228,3228,3229,509161501,2^509161501-1,STRUCTURAL_SCREEN_EXHAUSTED_PRIMALITY_UNASSIGNED,GF3A_DIRECTIONAL_WRITE_EXHAUSTED_PRIMALITY_UNASSIGNED,513,512,512,NO_RECORDED_FACTOR_PRP_OR_LL_RESULT_AND_NO_ACTIVE_GIMPS_ASSIGNMENT,2026-08-09T02:56:41+00:00,UNALLOCATED,,,,,
SLCMP1467-3229,3229,3230,509161529,2^509161529-1,STRUCTURAL_SCREEN_EXHAUSTED_PRIMALITY_UNASSIGNED,GF3A_DIRECTIONAL_WRITE_EXHAUSTED_PRIMALITY_UNASSIGNED,513,512,512,NO_RECORDED_FACTOR_PRP_OR_LL_RESULT_AND_NO_ACTIVE_GIMPS_ASSIGNMENT,2026-08-09T02:56:41+00:00,UNALLOCATED,,,,,
SLCMP1467-3230,3230,3231,509161573,2^509161573-1,STRUCTURAL_SCREEN_EXHAUSTED_PRIMALITY_UNASSIGNED,GF3A_DIRECTIONAL_WRITE_EXHAUSTED_PRIMALITY_UNASSIGNED,513,512,512,NO_RECORDED_FACTOR_PRP_OR_LL_RESULT_AND_NO_ACTIVE_GIMPS_ASSIGNMENT,2026-08-09T02:56:41+00:00,UNALLOCATED,,,,,
SLCMP1467-3231,3231,3232,509161589,2^509161589-1,STRUCTURAL_SCREEN_EXHAUSTED_PRIMALITY_UNASSIGNED,GF3A_DIRECTIONAL_WRITE_EXHAUSTED_PRIMALITY_UNASSIGNED,513,512,512,NO_RECORDED_FACTOR_PRP_OR_LL_RESULT_AND_NO_ACTIVE_GIMPS_ASSIGNMENT,2026-08-09T02:56:41+00:00,UNALLOCATED,,,,,
SLCMP1467-3232,3232,3233,509161637,2^509161637-1,STRUCTURAL_SCREEN_EXHAUSTED_PRIMALITY_UNASSIGNED,GF3A_DIRECTIONAL_WRITE_EXHAUSTED_PRIMALITY_UNASSIGNED,513,512,512,NO_RECORDED_FACTOR_PRP_OR_LL_RESULT_AND_NO_ACTIVE_GIMPS_ASSIGNMENT,2026-08-09T02:56:41+00:00,UNALLOCATED,,,,,
SLCMP1467-3233,3233,3234,509161673,2^509161673-1,STRUCTURAL_SCREEN_EXHAUSTED_PRIMALITY_UNASSIGNED,GF3A_DIRECTIONAL_WRITE_EXHAUSTED_PRIMALITY_UNASSIGNED,513,512,512,NO_RECORDED_FACTOR_PRP_OR_LL_RESULT_AND_NO_ACTIVE_GIMPS_ASSIGNMENT,2026-08-09T02:56:41+00:00,UNALLOCATED,,,,,
SLCMP1467-3234,3234,3235,509161759,2^509161759-1,STRUCTURAL_SCREEN_EXHAUSTED_PRIMALITY_UNASSIGNED,GF3A_DIRECTIONAL_WRITE_EXHAUSTED_PRIMALITY_UNASSIGNED,514,512,512,NO_RECORDED_FACTOR_PRP_OR_LL_RESULT_AND_NO_ACTIVE_GIMPS_ASSIGNMENT,2026-08-09T02:56:41+00:00,UNALLOCATED,,,,,
SLCMP1467-3235,3235,3236,509161771,2^509161771-1,STRUCTURAL_SCREEN_EXHAUSTED_PRIMALITY_UNASSIGNED,GF3A_DIRECTIONAL_WRITE_EXHAUSTED_PRIMALITY_UNASSIGNED,514,512,512,NO_RECORDED_FACTOR_PRP_OR_LL_RESULT_AND_NO_ACTIVE_GIMPS_ASSIGNMENT,2026-08-09T02:56:41+00:00,UNALLOCATED,,,,,
SLCMP1467-3236,3236,3237,509161811,2^509161811-1,STRUCTURAL_SCREEN_EXHAUSTED_PRIMALITY_UNASSIGNED,GF3A_DIRECTIONAL_WRITE_EXHAUSTED_PRIMALITY_UNASSIGNED,514,512,512,NO_RECORDED_FACTOR_PRP_OR_LL_RESULT_AND_NO_ACTIVE_GIMPS_ASSIGNMENT,2026-08-09T02:56:41+00:00,UNALLOCATED,,,,,
SLCMP1467-3237,3237,3238,509161817,2^509161817-1,STRUCTURAL_SCREEN_EXHAUSTED_PRIMALITY_UNASSIGNED,GF3A_DIRECTIONAL_WRITE_EXHAUSTED_PRIMALITY_UNASSIGNED,513,512,512,NO_RECORDED_FACTOR_PRP_OR_LL_RESULT_AND_NO_ACTIVE_GIMPS_ASSIGNMENT,2026-08-09T02:56:41+00:00,UNALLOCATED,,,,,
SLCMP1467-3238,3238,3239,509161819,2^509161819-1,STRUCTURAL_SCREEN_EXHAUSTED_PRIMALITY_UNASSIGNED,GF3A_DIRECTIONAL_WRITE_EXHAUSTED_PRIMALITY_UNASSIGNED,514,512,512,NO_RECORDED_FACTOR_PRP_OR_LL_RESULT_AND_NO_ACTIVE_GIMPS_ASSIGNMENT,2026-08-09T02:56:41+00:00,UNALLOCATED,,,,,
SLCMP1467-3239,3239,3240,509161843,2^509161843-1,STRUCTURAL_SCREEN_EXHAUSTED_PRIMALITY_UNASSIGNED,GF3A_DIRECTIONAL_WRITE_EXHAUSTED_PRIMALITY_UNASSIGNED,514,512,512,NO_RECORDED_FACTOR_PRP_OR_LL_RESULT_AND_NO_ACTIVE_GIMPS_ASSIGNMENT,2026-08-09T02:56:41+00:00,UNALLOCATED,,,,,
SLCMP1467-3240,3240,3241,509161957,2^509161957-1,STRUCTURAL_SCREEN_EXHAUSTED_PRIMALITY_UNASSIGNED,GF3A_DIRECTIONAL_WRITE_EXHAUSTED_PRIMALITY_UNASSIGNED,513,512,512,NO_RECORDED_FACTOR_PRP_OR_LL_RESULT_AND_NO_ACTIVE_GIMPS_ASSIGNMENT,2026-08-09T02:56:41+00:00,UNALLOCATED,,,,,
SLCMP1467-3241,3241,3242,509161979,2^509161979-1,STRUCTURAL_SCREEN_EXHAUSTED_PRIMALITY_UNASSIGNED,GF3A_DIRECTIONAL_WRITE_EXHAUSTED_PRIMALITY_UNASSIGNED,514,512,512,NO_RECORDED_FACTOR_PRP_OR_LL_RESULT_AND_NO_ACTIVE_GIMPS_ASSIGNMENT,2026-08-09T02:56:41+00:00,UNALLOCATED,,,,,
SLCMP1467-3242,3242,3243,509162081,2^509162081-1,STRUCTURAL_SCREEN_EXHAUSTED_PRIMALITY_UNASSIGNED,GF3A_DIRECTIONAL_WRITE_EXHAUSTED_PRIMALITY_UNASSIGNED,513,512,512,NO_RECORDED_FACTOR_PRP_OR_LL_RESULT_AND_NO_ACTIVE_GIMPS_ASSIGNMENT,2026-08-09T02:56:41+00:00,UNALLOCATED,,,,,
SLCMP1467-3243,3243,3244,509162107,2^509162107-1,STRUCTURAL_SCREEN_EXHAUSTED_PRIMALITY_UNASSIGNED,GF3A_DIRECTIONAL_WRITE_EXHAUSTED_PRIMALITY_UNASSIGNED,514,512,512,NO_RECORDED_FACTOR_PRP_OR_LL_RESULT_AND_NO_ACTIVE_GIMPS_ASSIGNMENT,2026-08-09T02:56:41+00:00,UNALLOCATED,,,,,
SLCMP1467-3244,3244,3245,509162111,2^509162111-1,STRUCTURAL_SCREEN_EXHAUSTED_PRIMALITY_UNASSIGNED,GF3A_DIRECTIONAL_WRITE_EXHAUSTED_PRIMALITY_UNASSIGNED,514,512,512,NO_RECORDED_FACTOR_PRP_OR_LL_RESULT_AND_NO_ACTIVE_GIMPS_ASSIGNMENT,2026-08-09T02:56:41+00:00,UNALLOCATED,,,,,
SLCMP1467-3245,3245,3246,509162113,2^509162113-1,STRUCTURAL_SCREEN_EXHAUSTED_PRIMALITY_UNASSIGNED,GF3A_DIRECTIONAL_WRITE_EXHAUSTED_PRIMALITY_UNASSIGNED,513,512,512,NO_RECORDED_FACTOR_PRP_OR_LL_RESULT_AND_NO_ACTIVE_GIMPS_ASSIGNMENT,2026-08-09T02:56:41+00:00,UNALLOCATED,,,,,
SLCMP1467-3246,3246,3247,509162119,2^509162119-1,STRUCTURAL_SCREEN_EXHAUSTED_PRIMALITY_UNASSIGNED,GF3A_DIRECTIONAL_WRITE_EXHAUSTED_PRIMALITY_UNASSIGNED,514,512,512,NO_RECORDED_FACTOR_PRP_OR_LL_RESULT_AND_NO_ACTIVE_GIMPS_ASSIGNMENT,2026-08-09T02:56:41+00:00,UNALLOCATED,,,,,
SLCMP1467-3247,3247,3248,509162191,2^509162191-1,STRUCTURAL_SCREEN_EXHAUSTED_PRIMALITY_UNASSIGNED,GF3A_DIRECTIONAL_WRITE_EXHAUSTED_PRIMALITY_UNASSIGNED,514,512,512,NO_RECORDED_FACTOR_PRP_OR_LL_RESULT_AND_NO_ACTIVE_GIMPS_ASSIGNMENT,2026-08-09T02:56:41+00:00,UNALLOCATED,,,,,
SLCMP1467-3248,3248,3249,509162219,2^509162219-1,STRUCTURAL_SCREEN_EXHAUSTED_PRIMALITY_UNASSIGNED,GF3A_DIRECTIONAL_WRITE_EXHAUSTED_PRIMALITY_UNASSIGNED,514,512,512,NO_RECORDED_FACTOR_PRP_OR_LL_RESULT_AND_NO_ACTIVE_GIMPS_ASSIGNMENT,2026-08-09T02:56:41+00:00,UNALLOCATED,,,,,
SLCMP1467-3249,3249,3250,509162239,2^509162239-1,STRUCTURAL_SCREEN_EXHAUSTED_PRIMALITY_UNASSIGNED,GF3A_DIRECTIONAL_WRITE_EXHAUSTED_PRIMALITY_UNASSIGNED,514,512,512,NO_RECORDED_FACTOR_PRP_OR_LL_RESULT_AND_NO_ACTIVE_GIMPS_ASSIGNMENT,2026-08-09T02:56:41+00:00,UNALLOCATED,,,,,
SLCMP1467-3250,3250,3251,509162341,2^509162341-1,STRUCTURAL_SCREEN_EXHAUSTED_PRIMALITY_UNASSIGNED,GF3A_DIRECTIONAL_WRITE_EXHAUSTED_PRIMALITY_UNASSIGNED,513,512,512,NO_RECORDED_FACTOR_PRP_OR_LL_RESULT_AND_NO_ACTIVE_GIMPS_ASSIGNMENT,2026-08-09T02:56:41+00:00,UNALLOCATED,,,,,
SLCMP1467-3251,3251,3252,509162363,2^509162363-1,STRUCTURAL_SCREEN_EXHAUSTED_PRIMALITY_UNASSIGNED,GF3A_DIRECTIONAL_WRITE_EXHAUSTED_PRIMALITY_UNASSIGNED,514,512,512,NO_RECORDED_FACTOR_PRP_OR_LL_RESULT_AND_NO_ACTIVE_GIMPS_ASSIGNMENT,2026-08-09T02:56:41+00:00,UNALLOCATED,,,,,
SLCMP1467-3252,3252,3253,509162411,2^509162411-1,STRUCTURAL_SCREEN_EXHAUSTED_PRIMALITY_UNASSIGNED,GF3A_DIRECTIONAL_WRITE_EXHAUSTED_PRIMALITY_UNASSIGNED,514,512,512,NO_RECORDED_FACTOR_PRP_OR_LL_RESULT_AND_NO_ACTIVE_GIMPS_ASSIGNMENT,2026-08-09T02:56:41+00:00,UNALLOCATED,,,,,
SLCMP1467-3253,3253,3254,509162471,2^509162471-1,STRUCTURAL_SCREEN_EXHAUSTED_PRIMALITY_UNASSIGNED,GF3A_DIRECTIONAL_WRITE_EXHAUSTED_PRIMALITY_UNASSIGNED,514,512,512,NO_RECORDED_FACTOR_PRP_OR_LL_RESULT_AND_NO_ACTIVE_GIMPS_ASSIGNMENT,2026-08-09T02:56:41+00:00,UNALLOCATED,,,,,
SLCMP1467-3254,3254,3255,509162501,2^509162501-1,STRUCTURAL_SCREEN_EXHAUSTED_PRIMALITY_UNASSIGNED,GF3A_DIRECTIONAL_WRITE_EXHAUSTED_PRIMALITY_UNASSIGNED,513,512,512,NO_RECORDED_FACTOR_PRP_OR_LL_RESULT_AND_NO_ACTIVE_GIMPS_ASSIGNMENT,2026-08-09T02:56:41+00:00,UNALLOCATED,,,,,
SLCMP1467-3255,3255,3256,509162509,2^509162509-1,STRUCTURAL_SCREEN_EXHAUSTED_PRIMALITY_UNASSIGNED,GF3A_DIRECTIONAL_WRITE_EXHAUSTED_PRIMALITY_UNASSIGNED,513,512,512,NO_RECORDED_FACTOR_PRP_OR_LL_RESULT_AND_NO_ACTIVE_GIMPS_ASSIGNMENT,2026-08-09T02:56:41+00:00,UNALLOCATED,,,,,
SLCMP1467-3256,3256,3257,509162561,2^509162561-1,STRUCTURAL_SCREEN_EXHAUSTED_PRIMALITY_UNASSIGNED,GF3A_DIRECTIONAL_WRITE_EXHAUSTED_PRIMALITY_UNASSIGNED,513,512,512,NO_RECORDED_FACTOR_PRP_OR_LL_RESULT_AND_NO_ACTIVE_GIMPS_ASSIGNMENT,2026-08-09T02:56:41+00:00,UNALLOCATED,,,,,
SLCMP1467-3257,3257,3258,509162617,2^509162617-1,STRUCTURAL_SCREEN_EXHAUSTED_PRIMALITY_UNASSIGNED,GF3A_DIRECTIONAL_WRITE_EXHAUSTED_PRIMALITY_UNASSIGNED,513,512,512,NO_RECORDED_FACTOR_PRP_OR_LL_RESULT_AND_NO_ACTIVE_GIMPS_ASSIGNMENT,2026-08-09T02:56:41+00:00,UNALLOCATED,,,,,
SLCMP1467-3258,3258,3259,509162713,2^509162713-1,STRUCTURAL_SCREEN_EXHAUSTED_PRIMALITY_UNASSIGNED,GF3A_DIRECTIONAL_WRITE_EXHAUSTED_PRIMALITY_UNASSIGNED,513,512,512,NO_RECORDED_FACTOR_PRP_OR_LL_RESULT_AND_NO_ACTIVE_GIMPS_ASSIGNMENT,2026-08-09T02:56:41+00:00,UNALLOCATED,,,,,
SLCMP1467-3259,3259,3260,509162737,2^509162737-1,STRUCTURAL_SCREEN_EXHAUSTED_PRIMALITY_UNASSIGNED,GF3A_DIRECTIONAL_WRITE_EXHAUSTED_PRIMALITY_UNASSIGNED,513,512,512,NO_RECORDED_FACTOR_PRP_OR_LL_RESULT_AND_NO_ACTIVE_GIMPS_ASSIGNMENT,2026-08-09T02:56:41+00:00,UNALLOCATED,,,,,
SLCMP1467-3260,3260,3261,509162827,2^509162827-1,STRUCTURAL_SCREEN_EXHAUSTED_PRIMALITY_UNASSIGNED,GF3A_DIRECTIONAL_WRITE_EXHAUSTED_PRIMALITY_UNASSIGNED,514,512,512,NO_RECORDED_FACTOR_PRP_OR_LL_RESULT_AND_NO_ACTIVE_GIMPS_ASSIGNMENT,2026-08-09T02:56:41+00:00,UNALLOCATED,,,,,
SLCMP1467-3261,3261,3262,509162837,2^509162837-1,STRUCTURAL_SCREEN_EXHAUSTED_PRIMALITY_UNASSIGNED,GF3A_DIRECTIONAL_WRITE_EXHAUSTED_PRIMALITY_UNASSIGNED,513,512,512,NO_RECORDED_FACTOR_PRP_OR_LL_RESULT_AND_NO_ACTIVE_GIMPS_ASSIGNMENT,2026-08-09T02:56:41+00:00,UNALLOCATED,,,,,
SLCMP1467-3262,3262,3263,509162921,2^509162921-1,STRUCTURAL_SCREEN_EXHAUSTED_PRIMALITY_UNASSIGNED,GF3A_DIRECTIONAL_WRITE_EXHAUSTED_PRIMALITY_UNASSIGNED,513,512,512,NO_RECORDED_FACTOR_PRP_OR_LL_RESULT_AND_NO_ACTIVE_GIMPS_ASSIGNMENT,2026-08-09T02:56:41+00:00,UNALLOCATED,,,,,
SLCMP1467-3263,3263,3264,509162987,2^509162987-1,STRUCTURAL_SCREEN_EXHAUSTED_PRIMALITY_UNASSIGNED,GF3A_DIRECTIONAL_WRITE_EXHAUSTED_PRIMALITY_UNASSIGNED,514,512,512,NO_RECORDED_FACTOR_PRP_OR_LL_RESULT_AND_NO_ACTIVE_GIMPS_ASSIGNMENT,2026-08-09T02:56:41+00:00,UNALLOCATED,,,,,
SLCMP1467-3264,3264,3265,509163001,2^509163001-1,STRUCTURAL_SCREEN_EXHAUSTED_PRIMALITY_UNASSIGNED,GF3A_DIRECTIONAL_WRITE_EXHAUSTED_PRIMALITY_UNASSIGNED,513,512,512,NO_RECORDED_FACTOR_PRP_OR_LL_RESULT_AND_NO_ACTIVE_GIMPS_ASSIGNMENT,2026-08-09T02:56:41+00:00,UNALLOCATED,,,,,
SLCMP1467-3265,3265,3266,509163077,2^509163077-1,STRUCTURAL_SCREEN_EXHAUSTED_PRIMALITY_UNASSIGNED,GF3A_DIRECTIONAL_WRITE_EXHAUSTED_PRIMALITY_UNASSIGNED,513,512,512,NO_RECORDED_FACTOR_PRP_OR_LL_RESULT_AND_NO_ACTIVE_GIMPS_ASSIGNMENT,2026-08-09T02:56:41+00:00,UNALLOCATED,,,,,
SLCMP1467-3266,3266,3267,509163113,2^509163113-1,STRUCTURAL_SCREEN_EXHAUSTED_PRIMALITY_UNASSIGNED,GF3A_DIRECTIONAL_WRITE_EXHAUSTED_PRIMALITY_UNASSIGNED,513,512,512,NO_RECORDED_FACTOR_PRP_OR_LL_RESULT_AND_NO_ACTIVE_GIMPS_ASSIGNMENT,2026-08-09T02:56:41+00:00,UNALLOCATED,,,,,
SLCMP1467-3267,3267,3268,509163131,2^509163131-1,STRUCTURAL_SCREEN_EXHAUSTED_PRIMALITY_UNASSIGNED,GF3A_DIRECTIONAL_WRITE_EXHAUSTED_PRIMALITY_UNASSIGNED,514,512,512,NO_RECORDED_FACTOR_PRP_OR_LL_RESULT_AND_NO_ACTIVE_GIMPS_ASSIGNMENT,2026-08-09T02:56:41+00:00,UNALLOCATED,,,,,
SLCMP1467-3268,3268,3269,509163241,2^509163241-1,STRUCTURAL_SCREEN_EXHAUSTED_PRIMALITY_UNASSIGNED,GF3A_DIRECTIONAL_WRITE_EXHAUSTED_PRIMALITY_UNASSIGNED,513,512,512,NO_RECORDED_FACTOR_PRP_OR_LL_RESULT_AND_NO_ACTIVE_GIMPS_ASSIGNMENT,2026-08-09T02:56:41+00:00,UNALLOCATED,,,,,
SLCMP1467-3269,3269,3270,509163287,2^509163287-1,STRUCTURAL_SCREEN_EXHAUSTED_PRIMALITY_UNASSIGNED,GF3A_DIRECTIONAL_WRITE_EXHAUSTED_PRIMALITY_UNASSIGNED,514,512,512,NO_RECORDED_FACTOR_PRP_OR_LL_RESULT_AND_NO_ACTIVE_GIMPS_ASSIGNMENT,2026-08-09T02:56:41+00:00,UNALLOCATED,,,,,
SLCMP1467-3270,3270,3271,509163329,2^509163329-1,STRUCTURAL_SCREEN_EXHAUSTED_PRIMALITY_UNASSIGNED,GF3A_DIRECTIONAL_WRITE_EXHAUSTED_PRIMALITY_UNASSIGNED,513,512,512,NO_RECORDED_FACTOR_PRP_OR_LL_RESULT_AND_NO_ACTIVE_GIMPS_ASSIGNMENT,2026-08-09T02:56:41+00:00,UNALLOCATED,,,,,
SLCMP1467-3271,3271,3272,509163337,2^509163337-1,STRUCTURAL_SCREEN_EXHAUSTED_PRIMALITY_UNASSIGNED,GF3A_DIRECTIONAL_WRITE_EXHAUSTED_PRIMALITY_UNASSIGNED,513,512,512,NO_RECORDED_FACTOR_PRP_OR_LL_RESULT_AND_NO_ACTIVE_GIMPS_ASSIGNMENT,2026-08-09T02:56:41+00:00,UNALLOCATED,,,,,
SLCMP1467-3272,3272,3273,509163371,2^509163371-1,STRUCTURAL_SCREEN_EXHAUSTED_PRIMALITY_UNASSIGNED,GF3A_DIRECTIONAL_WRITE_EXHAUSTED_PRIMALITY_UNASSIGNED,514,512,512,NO_RECORDED_FACTOR_PRP_OR_LL_RESULT_AND_NO_ACTIVE_GIMPS_ASSIGNMENT,2026-08-09T02:56:41+00:00,UNALLOCATED,,,,,
SLCMP1467-3273,3273,3274,509163383,2^509163383-1,STRUCTURAL_SCREEN_EXHAUSTED_PRIMALITY_UNASSIGNED,GF3A_DIRECTIONAL_WRITE_EXHAUSTED_PRIMALITY_UNASSIGNED,514,512,512,NO_RECORDED_FACTOR_PRP_OR_LL_RESULT_AND_NO_ACTIVE_GIMPS_ASSIGNMENT,2026-08-09T02:56:41+00:00,UNALLOCATED,,,,,
SLCMP1467-3274,3274,3275,509163419,2^509163419-1,STRUCTURAL_SCREEN_EXHAUSTED_PRIMALITY_UNASSIGNED,GF3A_DIRECTIONAL_WRITE_EXHAUSTED_PRIMALITY_UNASSIGNED,514,512,512,NO_RECORDED_FACTOR_PRP_OR_LL_RESULT_AND_NO_ACTIVE_GIMPS_ASSIGNMENT,2026-08-09T02:56:41+00:00,UNALLOCATED,,,,,
SLCMP1467-3275,3275,3276,509163547,2^509163547-1,STRUCTURAL_SCREEN_EXHAUSTED_PRIMALITY_UNASSIGNED,GF3A_DIRECTIONAL_WRITE_EXHAUSTED_PRIMALITY_UNASSIGNED,514,512,512,NO_RECORDED_FACTOR_PRP_OR_LL_RESULT_AND_NO_ACTIVE_GIMPS_ASSIGNMENT,2026-08-09T02:56:41+00:00,UNALLOCATED,,,,,
SLCMP1467-3276,3276,3277,509163637,2^509163637-1,STRUCTURAL_SCREEN_EXHAUSTED_PRIMALITY_UNASSIGNED,GF3A_DIRECTIONAL_WRITE_EXHAUSTED_PRIMALITY_UNASSIGNED,513,512,512,NO_RECORDED_FACTOR_PRP_OR_LL_RESULT_AND_NO_ACTIVE_GIMPS_ASSIGNMENT,2026-08-09T02:56:41+00:00,UNALLOCATED,,,,,
SLCMP1467-3277,3277,3278,509163667,2^509163667-1,STRUCTURAL_SCREEN_EXHAUSTED_PRIMALITY_UNASSIGNED,GF3A_DIRECTIONAL_WRITE_EXHAUSTED_PRIMALITY_UNASSIGNED,514,512,512,NO_RECORDED_FACTOR_PRP_OR_LL_RESULT_AND_NO_ACTIVE_GIMPS_ASSIGNMENT,2026-08-09T02:56:41+00:00,UNALLOCATED,,,,,
SLCMP1467-3278,3278,3279,509163709,2^509163709-1,STRUCTURAL_SCREEN_EXHAUSTED_PRIMALITY_UNASSIGNED,GF3A_DIRECTIONAL_WRITE_EXHAUSTED_PRIMALITY_UNASSIGNED,513,512,512,NO_RECORDED_FACTOR_PRP_OR_LL_RESULT_AND_NO_ACTIVE_GIMPS_ASSIGNMENT,2026-08-09T02:56:41+00:00,UNALLOCATED,,,,,
SLCMP1467-3279,3279,3280,509163727,2^509163727-1,STRUCTURAL_SCREEN_EXHAUSTED_PRIMALITY_UNASSIGNED,GF3A_DIRECTIONAL_WRITE_EXHAUSTED_PRIMALITY_UNASSIGNED,514,512,512,NO_RECORDED_FACTOR_PRP_OR_LL_RESULT_AND_NO_ACTIVE_GIMPS_ASSIGNMENT,2026-08-09T02:56:41+00:00,UNALLOCATED,,,,,
SLCMP1467-3280,3280,3281,509163751,2^509163751-1,STRUCTURAL_SCREEN_EXHAUSTED_PRIMALITY_UNASSIGNED,GF3A_DIRECTIONAL_WRITE_EXHAUSTED_PRIMALITY_UNASSIGNED,514,512,512,NO_RECORDED_FACTOR_PRP_OR_LL_RESULT_AND_NO_ACTIVE_GIMPS_ASSIGNMENT,2026-08-09T02:56:41+00:00,UNALLOCATED,,,,,
SLCMP1467-3281,3281,3282,509163761,2^509163761-1,STRUCTURAL_SCREEN_EXHAUSTED_PRIMALITY_UNASSIGNED,GF3A_DIRECTIONAL_WRITE_EXHAUSTED_PRIMALITY_UNASSIGNED,513,512,512,NO_RECORDED_FACTOR_PRP_OR_LL_RESULT_AND_NO_ACTIVE_GIMPS_ASSIGNMENT,2026-08-09T02:56:41+00:00,UNALLOCATED,,,,,
SLCMP1467-3282,3282,3283,509163763,2^509163763-1,STRUCTURAL_SCREEN_EXHAUSTED_PRIMALITY_UNASSIGNED,GF3A_DIRECTIONAL_WRITE_EXHAUSTED_PRIMALITY_UNASSIGNED,514,512,512,NO_RECORDED_FACTOR_PRP_OR_LL_RESULT_AND_NO_ACTIVE_GIMPS_ASSIGNMENT,2026-08-09T02:56:41+00:00,UNALLOCATED,,,,,
SLCMP1467-3283,3283,3284,509163779,2^509163779-1,STRUCTURAL_SCREEN_EXHAUSTED_PRIMALITY_UNASSIGNED,GF3A_DIRECTIONAL_WRITE_EXHAUSTED_PRIMALITY_UNASSIGNED,514,512,512,NO_RECORDED_FACTOR_PRP_OR_LL_RESULT_AND_NO_ACTIVE_GIMPS_ASSIGNMENT,2026-08-09T02:56:41+00:00,UNALLOCATED,,,,,
SLCMP1467-3284,3284,3285,509163797,2^509163797-1,STRUCTURAL_SCREEN_EXHAUSTED_PRIMALITY_UNASSIGNED,GF3A_DIRECTIONAL_WRITE_EXHAUSTED_PRIMALITY_UNASSIGNED,513,512,512,NO_RECORDED_FACTOR_PRP_OR_LL_RESULT_AND_NO_ACTIVE_GIMPS_ASSIGNMENT,2026-08-09T02:56:41+00:00,UNALLOCATED,,,,,
SLCMP1467-3285,3285,3286,509163839,2^509163839-1,STRUCTURAL_SCREEN_EXHAUSTED_PRIMALITY_UNASSIGNED,GF3A_DIRECTIONAL_WRITE_EXHAUSTED_PRIMALITY_UNASSIGNED,514,512,512,NO_RECORDED_FACTOR_PRP_OR_LL_RESULT_AND_NO_ACTIVE_GIMPS_ASSIGNMENT,2026-08-09T02:56:41+00:00,UNALLOCATED,,,,,
SLCMP1467-3286,3286,3287,509163847,2^509163847-1,STRUCTURAL_SCREEN_EXHAUSTED_PRIMALITY_UNASSIGNED,GF3A_DIRECTIONAL_WRITE_EXHAUSTED_PRIMALITY_UNASSIGNED,514,512,512,NO_RECORDED_FACTOR_PRP_OR_LL_RESULT_AND_NO_ACTIVE_GIMPS_ASSIGNMENT,2026-08-09T02:56:41+00:00,UNALLOCATED,,,,,
SLCMP1467-3287,3287,3288,509163859,2^509163859-1,STRUCTURAL_SCREEN_EXHAUSTED_PRIMALITY_UNASSIGNED,GF3A_DIRECTIONAL_WRITE_EXHAUSTED_PRIMALITY_UNASSIGNED,514,512,512,NO_RECORDED_FACTOR_PRP_OR_LL_RESULT_AND_NO_ACTIVE_GIMPS_ASSIGNMENT,2026-08-09T02:56:41+00:00,UNALLOCATED,,,,,
SLCMP1467-3288,3288,3289,509163869,2^509163869-1,STRUCTURAL_SCREEN_EXHAUSTED_PRIMALITY_UNASSIGNED,GF3A_DIRECTIONAL_WRITE_EXHAUSTED_PRIMALITY_UNASSIGNED,513,512,512,NO_RECORDED_FACTOR_PRP_OR_LL_RESULT_AND_NO_ACTIVE_GIMPS_ASSIGNMENT,2026-08-09T02:56:41+00:00,UNALLOCATED,,,,,
SLCMP1467-3289,3289,3290,509164001,2^509164001-1,STRUCTURAL_SCREEN_EXHAUSTED_PRIMALITY_UNASSIGNED,GF3A_DIRECTIONAL_WRITE_EXHAUSTED_PRIMALITY_UNASSIGNED,513,512,512,NO_RECORDED_FACTOR_PRP_OR_LL_RESULT_AND_NO_ACTIVE_GIMPS_ASSIGNMENT,2026-08-09T02:56:41+00:00,UNALLOCATED,,,,,
SLCMP1467-3290,3290,3291,509164003,2^509164003-1,STRUCTURAL_SCREEN_EXHAUSTED_PRIMALITY_UNASSIGNED,GF3A_DIRECTIONAL_WRITE_EXHAUSTED_PRIMALITY_UNASSIGNED,514,512,512,NO_RECORDED_FACTOR_PRP_OR_LL_RESULT_AND_NO_ACTIVE_GIMPS_ASSIGNMENT,2026-08-09T02:56:41+00:00,UNALLOCATED,,,,,
SLCMP1467-3291,3291,3292,509164121,2^509164121-1,STRUCTURAL_SCREEN_EXHAUSTED_PRIMALITY_UNASSIGNED,GF3A_DIRECTIONAL_WRITE_EXHAUSTED_PRIMALITY_UNASSIGNED,513,512,512,NO_RECORDED_FACTOR_PRP_OR_LL_RESULT_AND_NO_ACTIVE_GIMPS_ASSIGNMENT,2026-08-09T02:56:41+00:00,UNALLOCATED,,,,,
SLCMP1467-3292,3292,3293,509164169,2^509164169-1,STRUCTURAL_SCREEN_EXHAUSTED_PRIMALITY_UNASSIGNED,GF3A_DIRECTIONAL_WRITE_EXHAUSTED_PRIMALITY_UNASSIGNED,513,512,512,NO_RECORDED_FACTOR_PRP_OR_LL_RESULT_AND_NO_ACTIVE_GIMPS_ASSIGNMENT,2026-08-09T02:56:41+00:00,UNALLOCATED,,,,,
SLCMP1467-3293,3293,3294,509164219,2^509164219-1,STRUCTURAL_SCREEN_EXHAUSTED_PRIMALITY_UNASSIGNED,GF3A_DIRECTIONAL_WRITE_EXHAUSTED_PRIMALITY_UNASSIGNED,514,512,512,NO_RECORDED_FACTOR_PRP_OR_LL_RESULT_AND_NO_ACTIVE_GIMPS_ASSIGNMENT,2026-08-09T02:56:41+00:00,UNALLOCATED,,,,,
SLCMP1467-3294,3294,3295,509164373,2^509164373-1,STRUCTURAL_SCREEN_EXHAUSTED_PRIMALITY_UNASSIGNED,GF3A_DIRECTIONAL_WRITE_EXHAUSTED_PRIMALITY_UNASSIGNED,513,512,512,NO_RECORDED_FACTOR_PRP_OR_LL_RESULT_AND_NO_ACTIVE_GIMPS_ASSIGNMENT,2026-08-09T02:56:41+00:00,UNALLOCATED,,,,,
SLCMP1467-3295,3295,3296,509164459,2^509164459-1,STRUCTURAL_SCREEN_EXHAUSTED_PRIMALITY_UNASSIGNED,GF3A_DIRECTIONAL_WRITE_EXHAUSTED_PRIMALITY_UNASSIGNED,514,512,512,NO_RECORDED_FACTOR_PRP_OR_LL_RESULT_AND_NO_ACTIVE_GIMPS_ASSIGNMENT,2026-08-09T02:56:41+00:00,UNALLOCATED,,,,,
SLCMP1467-3296,3296,3297,509164493,2^509164493-1,STRUCTURAL_SCREEN_EXHAUSTED_PRIMALITY_UNASSIGNED,GF3A_DIRECTIONAL_WRITE_EXHAUSTED_PRIMALITY_UNASSIGNED,513,512,512,NO_RECORDED_FACTOR_PRP_OR_LL_RESULT_AND_NO_ACTIVE_GIMPS_ASSIGNMENT,2026-08-09T02:56:41+00:00,UNALLOCATED,,,,,
SLCMP1467-3297,3297,3298,509164507,2^509164507-1,STRUCTURAL_SCREEN_EXHAUSTED_PRIMALITY_UNASSIGNED,GF3A_DIRECTIONAL_WRITE_EXHAUSTED_PRIMALITY_UNASSIGNED,514,512,512,NO_RECORDED_FACTOR_PRP_OR_LL_RESULT_AND_NO_ACTIVE_GIMPS_ASSIGNMENT,2026-08-09T02:56:41+00:00,UNALLOCATED,,,,,
SLCMP1467-3298,3298,3299,509164577,2^509164577-1,STRUCTURAL_SCREEN_EXHAUSTED_PRIMALITY_UNASSIGNED,GF3A_DIRECTIONAL_WRITE_EXHAUSTED_PRIMALITY_UNASSIGNED,513,512,512,NO_RECORDED_FACTOR_PRP_OR_LL_RESULT_AND_NO_ACTIVE_GIMPS_ASSIGNMENT,2026-08-09T02:56:41+00:00,UNALLOCATED,,,,,
SLCMP1467-3299,3299,3300,509164657,2^509164657-1,STRUCTURAL_SCREEN_EXHAUSTED_PRIMALITY_UNASSIGNED,GF3A_DIRECTIONAL_WRITE_EXHAUSTED_PRIMALITY_UNASSIGNED,513,512,512,NO_RECORDED_FACTOR_PRP_OR_LL_RESULT_AND_NO_ACTIVE_GIMPS_ASSIGNMENT,2026-08-09T02:56:41+00:00,UNALLOCATED,,,,,
SLCMP1467-3300,3300,3301,509164703,2^509164703-1,STRUCTURAL_SCREEN_EXHAUSTED_PRIMALITY_UNASSIGNED,GF3A_DIRECTIONAL_WRITE_EXHAUSTED_PRIMALITY_UNASSIGNED,514,512,512,NO_RECORDED_FACTOR_PRP_OR_LL_RESULT_AND_NO_ACTIVE_GIMPS_ASSIGNMENT,2026-08-09T02:56:41+00:00,UNALLOCATED,,,,,
SLCMP1467-3301,3301,3302,509164753,2^509164753-1,STRUCTURAL_SCREEN_EXHAUSTED_PRIMALITY_UNASSIGNED,GF3A_DIRECTIONAL_WRITE_EXHAUSTED_PRIMALITY_UNASSIGNED,513,512,512,NO_RECORDED_FACTOR_PRP_OR_LL_RESULT_AND_NO_ACTIVE_GIMPS_ASSIGNMENT,2026-08-09T02:56:41+00:00,UNALLOCATED,,,,,
SLCMP1467-3302,3302,3303,509164757,2^509164757-1,STRUCTURAL_SCREEN_EXHAUSTED_PRIMALITY_UNASSIGNED,GF3A_DIRECTIONAL_WRITE_EXHAUSTED_PRIMALITY_UNASSIGNED,513,512,512,NO_RECORDED_FACTOR_PRP_OR_LL_RESULT_AND_NO_ACTIVE_GIMPS_ASSIGNMENT,2026-08-09T02:56:41+00:00,UNALLOCATED,,,,,
SLCMP1467-3303,3303,3304,509164813,2^509164813-1,STRUCTURAL_SCREEN_EXHAUSTED_PRIMALITY_UNASSIGNED,GF3A_DIRECTIONAL_WRITE_EXHAUSTED_PRIMALITY_UNASSIGNED,513,512,512,NO_RECORDED_FACTOR_PRP_OR_LL_RESULT_AND_NO_ACTIVE_GIMPS_ASSIGNMENT,2026-08-09T02:56:41+00:00,UNALLOCATED,,,,,
SLCMP1467-3304,3304,3305,509164891,2^509164891-1,STRUCTURAL_SCREEN_EXHAUSTED_PRIMALITY_UNASSIGNED,GF3A_DIRECTIONAL_WRITE_EXHAUSTED_PRIMALITY_UNASSIGNED,514,512,512,NO_RECORDED_FACTOR_PRP_OR_LL_RESULT_AND_NO_ACTIVE_GIMPS_ASSIGNMENT,2026-08-09T02:56:41+00:00,UNALLOCATED,,,,,
SLCMP1467-3305,3305,3306,509164933,2^509164933-1,STRUCTURAL_SCREEN_EXHAUSTED_PRIMALITY_UNASSIGNED,GF3A_DIRECTIONAL_WRITE_EXHAUSTED_PRIMALITY_UNASSIGNED,513,512,512,NO_RECORDED_FACTOR_PRP_OR_LL_RESULT_AND_NO_ACTIVE_GIMPS_ASSIGNMENT,2026-08-09T02:56:41+00:00,UNALLOCATED,,,,,
SLCMP1467-3306,3306,3307,509164949,2^509164949-1,STRUCTURAL_SCREEN_EXHAUSTED_PRIMALITY_UNASSIGNED,GF3A_DIRECTIONAL_WRITE_EXHAUSTED_PRIMALITY_UNASSIGNED,513,512,512,NO_RECORDED_FACTOR_PRP_OR_LL_RESULT_AND_NO_ACTIVE_GIMPS_ASSIGNMENT,2026-08-09T02:56:41+00:00,UNALLOCATED,,,,,
SLCMP1467-3307,3307,3308,509164979,2^509164979-1,STRUCTURAL_SCREEN_EXHAUSTED_PRIMALITY_UNASSIGNED,GF3A_DIRECTIONAL_WRITE_EXHAUSTED_PRIMALITY_UNASSIGNED,514,512,512,NO_RECORDED_FACTOR_PRP_OR_LL_RESULT_AND_NO_ACTIVE_GIMPS_ASSIGNMENT,2026-08-09T02:56:41+00:00,UNALLOCATED,,,,,
SLCMP1467-3308,3308,3309,509164991,2^509164991-1,STRUCTURAL_SCREEN_EXHAUSTED_PRIMALITY_UNASSIGNED,GF3A_DIRECTIONAL_WRITE_EXHAUSTED_PRIMALITY_UNASSIGNED,514,512,512,NO_RECORDED_FACTOR_PRP_OR_LL_RESULT_AND_NO_ACTIVE_GIMPS_ASSIGNMENT,2026-08-09T02:56:41+00:00,UNALLOCATED,,,,,
SLCMP1467-3309,3309,3310,509165003,2^509165003-1,STRUCTURAL_SCREEN_EXHAUSTED_PRIMALITY_UNASSIGNED,GF3A_DIRECTIONAL_WRITE_EXHAUSTED_PRIMALITY_UNASSIGNED,514,512,512,NO_RECORDED_FACTOR_PRP_OR_LL_RESULT_AND_NO_ACTIVE_GIMPS_ASSIGNMENT,2026-08-09T02:56:41+00:00,UNALLOCATED,,,,,
SLCMP1467-3310,3310,3311,509165087,2^509165087-1,STRUCTURAL_SCREEN_EXHAUSTED_PRIMALITY_UNASSIGNED,GF3A_DIRECTIONAL_WRITE_EXHAUSTED_PRIMALITY_UNASSIGNED,514,512,512,NO_RECORDED_FACTOR_PRP_OR_LL_RESULT_AND_NO_ACTIVE_GIMPS_ASSIGNMENT,2026-08-09T02:56:41+00:00,UNALLOCATED,,,,,
SLCMP1467-3311,3311,3312,509165089,2^509165089-1,STRUCTURAL_SCREEN_EXHAUSTED_PRIMALITY_UNASSIGNED,GF3A_DIRECTIONAL_WRITE_EXHAUSTED_PRIMALITY_UNASSIGNED,513,512,512,NO_RECORDED_FACTOR_PRP_OR_LL_RESULT_AND_NO_ACTIVE_GIMPS_ASSIGNMENT,2026-08-09T02:56:41+00:00,UNALLOCATED,,,,,
SLCMP1467-3312,3312,3313,509165143,2^509165143-1,STRUCTURAL_SCREEN_EXHAUSTED_PRIMALITY_UNASSIGNED,GF3A_DIRECTIONAL_WRITE_EXHAUSTED_PRIMALITY_UNASSIGNED,514,512,512,NO_RECORDED_FACTOR_PRP_OR_LL_RESULT_AND_NO_ACTIVE_GIMPS_ASSIGNMENT,2026-08-09T02:56:41+00:00,UNALLOCATED,,,,,
SLCMP1467-3313,3313,3314,509165197,2^509165197-1,STRUCTURAL_SCREEN_EXHAUSTED_PRIMALITY_UNASSIGNED,GF3A_DIRECTIONAL_WRITE_EXHAUSTED_PRIMALITY_UNASSIGNED,513,512,512,NO_RECORDED_FACTOR_PRP_OR_LL_RESULT_AND_NO_ACTIVE_GIMPS_ASSIGNMENT,2026-08-09T02:56:41+00:00,UNALLOCATED,,,,,
SLCMP1467-3314,3314,3315,509165207,2^509165207-1,STRUCTURAL_SCREEN_EXHAUSTED_PRIMALITY_UNASSIGNED,GF3A_DIRECTIONAL_WRITE_EXHAUSTED_PRIMALITY_UNASSIGNED,514,512,512,NO_RECORDED_FACTOR_PRP_OR_LL_RESULT_AND_NO_ACTIVE_GIMPS_ASSIGNMENT,2026-08-09T02:56:41+00:00,UNALLOCATED,,,,,
SLCMP1467-3315,3315,3316,509165263,2^509165263-1,STRUCTURAL_SCREEN_EXHAUSTED_PRIMALITY_UNASSIGNED,GF3A_DIRECTIONAL_WRITE_EXHAUSTED_PRIMALITY_UNASSIGNED,514,512,512,NO_RECORDED_FACTOR_PRP_OR_LL_RESULT_AND_NO_ACTIVE_GIMPS_ASSIGNMENT,2026-08-09T02:56:41+00:00,UNALLOCATED,,,,,
SLCMP1467-3316,3316,3317,509165387,2^509165387-1,STRUCTURAL_SCREEN_EXHAUSTED_PRIMALITY_UNASSIGNED,GF3A_DIRECTIONAL_WRITE_EXHAUSTED_PRIMALITY_UNASSIGNED,514,512,512,NO_RECORDED_FACTOR_PRP_OR_LL_RESULT_AND_NO_ACTIVE_GIMPS_ASSIGNMENT,2026-08-09T02:56:41+00:00,UNALLOCATED,,,,,
SLCMP1467-3317,3317,3318,509165411,2^509165411-1,STRUCTURAL_SCREEN_EXHAUSTED_PRIMALITY_UNASSIGNED,GF3A_DIRECTIONAL_WRITE_EXHAUSTED_PRIMALITY_UNASSIGNED,514,512,512,NO_RECORDED_FACTOR_PRP_OR_LL_RESULT_AND_NO_ACTIVE_GIMPS_ASSIGNMENT,2026-08-09T02:56:41+00:00,UNALLOCATED,,,,,
SLCMP1467-3318,3318,3319,509165413,2^509165413-1,STRUCTURAL_SCREEN_EXHAUSTED_PRIMALITY_UNASSIGNED,GF3A_DIRECTIONAL_WRITE_EXHAUSTED_PRIMALITY_UNASSIGNED,513,512,512,NO_RECORDED_FACTOR_PRP_OR_LL_RESULT_AND_NO_ACTIVE_GIMPS_ASSIGNMENT,2026-08-09T02:56:41+00:00,UNALLOCATED,,,,,
SLCMP1467-3319,3319,3320,509165443,2^509165443-1,STRUCTURAL_SCREEN_EXHAUSTED_PRIMALITY_UNASSIGNED,GF3A_DIRECTIONAL_WRITE_EXHAUSTED_PRIMALITY_UNASSIGNED,514,512,512,NO_RECORDED_FACTOR_PRP_OR_LL_RESULT_AND_NO_ACTIVE_GIMPS_ASSIGNMENT,2026-08-09T02:56:41+00:00,UNALLOCATED,,,,,
SLCMP1467-3320,3320,3321,509165567,2^509165567-1,STRUCTURAL_SCREEN_EXHAUSTED_PRIMALITY_UNASSIGNED,GF3A_DIRECTIONAL_WRITE_EXHAUSTED_PRIMALITY_UNASSIGNED,514,512,512,NO_RECORDED_FACTOR_PRP_OR_LL_RESULT_AND_NO_ACTIVE_GIMPS_ASSIGNMENT,2026-08-09T02:56:41+00:00,UNALLOCATED,,,,,
SLCMP1467-3321,3321,3322,509165581,2^509165581-1,STRUCTURAL_SCREEN_EXHAUSTED_PRIMALITY_UNASSIGNED,GF3A_DIRECTIONAL_WRITE_EXHAUSTED_PRIMALITY_UNASSIGNED,513,512,512,NO_RECORDED_FACTOR_PRP_OR_LL_RESULT_AND_NO_ACTIVE_GIMPS_ASSIGNMENT,2026-08-09T02:56:41+00:00,UNALLOCATED,,,,,
SLCMP1467-3322,3322,3323,509165653,2^509165653-1,STRUCTURAL_SCREEN_EXHAUSTED_PRIMALITY_UNASSIGNED,GF3A_DIRECTIONAL_WRITE_EXHAUSTED_PRIMALITY_UNASSIGNED,513,512,512,NO_RECORDED_FACTOR_PRP_OR_LL_RESULT_AND_NO_ACTIVE_GIMPS_ASSIGNMENT,2026-08-09T02:56:41+00:00,UNALLOCATED,,,,,
SLCMP1467-3323,3323,3324,509165677,2^509165677-1,STRUCTURAL_SCREEN_EXHAUSTED_PRIMALITY_UNASSIGNED,GF3A_DIRECTIONAL_WRITE_EXHAUSTED_PRIMALITY_UNASSIGNED,513,512,512,NO_RECORDED_FACTOR_PRP_OR_LL_RESULT_AND_NO_ACTIVE_GIMPS_ASSIGNMENT,2026-08-09T02:56:41+00:00,UNALLOCATED,,,,,
SLCMP1467-3324,3324,3325,509165689,2^509165689-1,STRUCTURAL_SCREEN_EXHAUSTED_PRIMALITY_UNASSIGNED,GF3A_DIRECTIONAL_WRITE_EXHAUSTED_PRIMALITY_UNASSIGNED,513,512,512,NO_RECORDED_FACTOR_PRP_OR_LL_RESULT_AND_NO_ACTIVE_GIMPS_ASSIGNMENT,2026-08-09T02:56:41+00:00,UNALLOCATED,,,,,
SLCMP1467-3325,3325,3326,509165737,2^509165737-1,STRUCTURAL_SCREEN_EXHAUSTED_PRIMALITY_UNASSIGNED,GF3A_DIRECTIONAL_WRITE_EXHAUSTED_PRIMALITY_UNASSIGNED,513,512,512,NO_RECORDED_FACTOR_PRP_OR_LL_RESULT_AND_NO_ACTIVE_GIMPS_ASSIGNMENT,2026-08-09T02:56:41+00:00,UNALLOCATED,,,,,
SLCMP1467-3326,3326,3327,509165821,2^509165821-1,STRUCTURAL_SCREEN_EXHAUSTED_PRIMALITY_UNASSIGNED,GF3A_DIRECTIONAL_WRITE_EXHAUSTED_PRIMALITY_UNASSIGNED,513,512,512,NO_RECORDED_FACTOR_PRP_OR_LL_RESULT_AND_NO_ACTIVE_GIMPS_ASSIGNMENT,2026-08-09T02:56:41+00:00,UNALLOCATED,,,,,
SLCMP1467-3327,3327,3328,509165837,2^509165837-1,STRUCTURAL_SCREEN_EXHAUSTED_PRIMALITY_UNASSIGNED,GF3A_DIRECTIONAL_WRITE_EXHAUSTED_PRIMALITY_UNASSIGNED,513,512,512,NO_RECORDED_FACTOR_PRP_OR_LL_RESULT_AND_NO_ACTIVE_GIMPS_ASSIGNMENT,2026-08-09T02:56:41+00:00,UNALLOCATED,,,,,
SLCMP1467-3328,3328,3329,509165849,2^509165849-1,STRUCTURAL_SCREEN_EXHAUSTED_PRIMALITY_UNASSIGNED,GF3A_DIRECTIONAL_WRITE_EXHAUSTED_PRIMALITY_UNASSIGNED,513,512,512,NO_RECORDED_FACTOR_PRP_OR_LL_RESULT_AND_NO_ACTIVE_GIMPS_ASSIGNMENT,2026-08-09T02:56:41+00:00,UNALLOCATED,,,,,
SLCMP1467-3329,3329,3330,509165887,2^509165887-1,STRUCTURAL_SCREEN_EXHAUSTED_PRIMALITY_UNASSIGNED,GF3A_DIRECTIONAL_WRITE_EXHAUSTED_PRIMALITY_UNASSIGNED,514,512,512,NO_RECORDED_FACTOR_PRP_OR_LL_RESULT_AND_NO_ACTIVE_GIMPS_ASSIGNMENT,2026-08-09T02:56:41+00:00,UNALLOCATED,,,,,
SLCMP1467-3330,3330,3331,509165957,2^509165957-1,STRUCTURAL_SCREEN_EXHAUSTED_PRIMALITY_UNASSIGNED,GF3A_DIRECTIONAL_WRITE_EXHAUSTED_PRIMALITY_UNASSIGNED,513,512,512,NO_RECORDED_FACTOR_PRP_OR_LL_RESULT_AND_NO_ACTIVE_GIMPS_ASSIGNMENT,2026-08-09T02:56:41+00:00,UNALLOCATED,,,,,
SLCMP1467-3331,3331,3332,509166061,2^509166061-1,STRUCTURAL_SCREEN_EXHAUSTED_PRIMALITY_UNASSIGNED,GF3A_DIRECTIONAL_WRITE_EXHAUSTED_PRIMALITY_UNASSIGNED,513,512,512,NO_RECORDED_FACTOR_PRP_OR_LL_RESULT_AND_NO_ACTIVE_GIMPS_ASSIGNMENT,2026-08-09T02:56:41+00:00,UNALLOCATED,,,,,
SLCMP1467-3332,3332,3333,509166089,2^509166089-1,STRUCTURAL_SCREEN_EXHAUSTED_PRIMALITY_UNASSIGNED,GF3A_DIRECTIONAL_WRITE_EXHAUSTED_PRIMALITY_UNASSIGNED,513,512,512,NO_RECORDED_FACTOR_PRP_OR_LL_RESULT_AND_NO_ACTIVE_GIMPS_ASSIGNMENT,2026-08-09T02:56:41+00:00,UNALLOCATED,,,,,
SLCMP1467-3333,3333,3334,509166101,2^509166101-1,STRUCTURAL_SCREEN_EXHAUSTED_PRIMALITY_UNASSIGNED,GF3A_DIRECTIONAL_WRITE_EXHAUSTED_PRIMALITY_UNASSIGNED,513,512,512,NO_RECORDED_FACTOR_PRP_OR_LL_RESULT_AND_NO_ACTIVE_GIMPS_ASSIGNMENT,2026-08-09T02:56:41+00:00,UNALLOCATED,,,,,
SLCMP1467-3334,3334,3335,509166121,2^509166121-1,STRUCTURAL_SCREEN_EXHAUSTED_PRIMALITY_UNASSIGNED,GF3A_DIRECTIONAL_WRITE_EXHAUSTED_PRIMALITY_UNASSIGNED,513,512,512,NO_RECORDED_FACTOR_PRP_OR_LL_RESULT_AND_NO_ACTIVE_GIMPS_ASSIGNMENT,2026-08-09T02:56:41+00:00,UNALLOCATED,,,,,
SLCMP1467-3335,3335,3336,509166179,2^509166179-1,STRUCTURAL_SCREEN_EXHAUSTED_PRIMALITY_UNASSIGNED,GF3A_DIRECTIONAL_WRITE_EXHAUSTED_PRIMALITY_UNASSIGNED,514,512,512,NO_RECORDED_FACTOR_PRP_OR_LL_RESULT_AND_NO_ACTIVE_GIMPS_ASSIGNMENT,2026-08-09T02:56:41+00:00,UNALLOCATED,,,,,
SLCMP1467-3336,3336,3337,509166247,2^509166247-1,STRUCTURAL_SCREEN_EXHAUSTED_PRIMALITY_UNASSIGNED,GF3A_DIRECTIONAL_WRITE_EXHAUSTED_PRIMALITY_UNASSIGNED,514,512,512,NO_RECORDED_FACTOR_PRP_OR_LL_RESULT_AND_NO_ACTIVE_GIMPS_ASSIGNMENT,2026-08-09T02:56:41+00:00,UNALLOCATED,,,,,
SLCMP1467-3337,3337,3338,509166257,2^509166257-1,STRUCTURAL_SCREEN_EXHAUSTED_PRIMALITY_UNASSIGNED,GF3A_DIRECTIONAL_WRITE_EXHAUSTED_PRIMALITY_UNASSIGNED,513,512,512,NO_RECORDED_FACTOR_PRP_OR_LL_RESULT_AND_NO_ACTIVE_GIMPS_ASSIGNMENT,2026-08-09T02:56:41+00:00,UNALLOCATED,,,,,
SLCMP1467-3338,3338,3339,509166263,2^509166263-1,STRUCTURAL_SCREEN_EXHAUSTED_PRIMALITY_UNASSIGNED,GF3A_DIRECTIONAL_WRITE_EXHAUSTED_PRIMALITY_UNASSIGNED,514,512,512,NO_RECORDED_FACTOR_PRP_OR_LL_RESULT_AND_NO_ACTIVE_GIMPS_ASSIGNMENT,2026-08-09T02:56:41+00:00,UNALLOCATED,,,,,
SLCMP1467-3339,3339,3340,509166271,2^509166271-1,STRUCTURAL_SCREEN_EXHAUSTED_PRIMALITY_UNASSIGNED,GF3A_DIRECTIONAL_WRITE_EXHAUSTED_PRIMALITY_UNASSIGNED,514,512,512,NO_RECORDED_FACTOR_PRP_OR_LL_RESULT_AND_NO_ACTIVE_GIMPS_ASSIGNMENT,2026-08-09T02:56:41+00:00,UNALLOCATED,,,,,
SLCMP1467-3340,3340,3341,509166499,2^509166499-1,STRUCTURAL_SCREEN_EXHAUSTED_PRIMALITY_UNASSIGNED,GF3A_DIRECTIONAL_WRITE_EXHAUSTED_PRIMALITY_UNASSIGNED,514,512,512,NO_RECORDED_FACTOR_PRP_OR_LL_RESULT_AND_NO_ACTIVE_GIMPS_ASSIGNMENT,2026-08-09T02:56:41+00:00,UNALLOCATED,,,,,
SLCMP1467-3341,3341,3342,509166521,2^509166521-1,STRUCTURAL_SCREEN_EXHAUSTED_PRIMALITY_UNASSIGNED,GF3A_DIRECTIONAL_WRITE_EXHAUSTED_PRIMALITY_UNASSIGNED,513,512,512,NO_RECORDED_FACTOR_PRP_OR_LL_RESULT_AND_NO_ACTIVE_GIMPS_ASSIGNMENT,2026-08-09T02:56:41+00:00,UNALLOCATED,,,,,
SLCMP1467-3342,3342,3343,509166653,2^509166653-1,STRUCTURAL_SCREEN_EXHAUSTED_PRIMALITY_UNASSIGNED,GF3A_DIRECTIONAL_WRITE_EXHAUSTED_PRIMALITY_UNASSIGNED,513,512,512,NO_RECORDED_FACTOR_PRP_OR_LL_RESULT_AND_NO_ACTIVE_GIMPS_ASSIGNMENT,2026-08-09T02:56:41+00:00,UNALLOCATED,,,,,
SLCMP1467-3343,3343,3344,509166673,2^509166673-1,STRUCTURAL_SCREEN_EXHAUSTED_PRIMALITY_UNASSIGNED,GF3A_DIRECTIONAL_WRITE_EXHAUSTED_PRIMALITY_UNASSIGNED,513,512,512,NO_RECORDED_FACTOR_PRP_OR_LL_RESULT_AND_NO_ACTIVE_GIMPS_ASSIGNMENT,2026-08-09T02:56:41+00:00,UNALLOCATED,,,,,
SLCMP1467-3344,3344,3345,509166901,2^509166901-1,STRUCTURAL_SCREEN_EXHAUSTED_PRIMALITY_UNASSIGNED,GF3A_DIRECTIONAL_WRITE_EXHAUSTED_PRIMALITY_UNASSIGNED,513,512,512,NO_RECORDED_FACTOR_PRP_OR_LL_RESULT_AND_NO_ACTIVE_GIMPS_ASSIGNMENT,2026-08-09T02:56:41+00:00,UNALLOCATED,,,,,
SLCMP1467-3345,3345,3346,509166979,2^509166979-1,STRUCTURAL_SCREEN_EXHAUSTED_PRIMALITY_UNASSIGNED,GF3A_DIRECTIONAL_WRITE_EXHAUSTED_PRIMALITY_UNASSIGNED,514,512,512,NO_RECORDED_FACTOR_PRP_OR_LL_RESULT_AND_NO_ACTIVE_GIMPS_ASSIGNMENT,2026-08-09T02:56:41+00:00,UNALLOCATED,,,,,
SLCMP1467-3346,3346,3347,509166989,2^509166989-1,STRUCTURAL_SCREEN_EXHAUSTED_PRIMALITY_UNASSIGNED,GF3A_DIRECTIONAL_WRITE_EXHAUSTED_PRIMALITY_UNASSIGNED,513,512,512,NO_RECORDED_FACTOR_PRP_OR_LL_RESULT_AND_NO_ACTIVE_GIMPS_ASSIGNMENT,2026-08-09T02:56:41+00:00,UNALLOCATED,,,,,
SLCMP1467-3347,3347,3348,509167177,2^509167177-1,STRUCTURAL_SCREEN_EXHAUSTED_PRIMALITY_UNASSIGNED,GF3A_DIRECTIONAL_WRITE_EXHAUSTED_PRIMALITY_UNASSIGNED,513,512,512,NO_RECORDED_FACTOR_PRP_OR_LL_RESULT_AND_NO_ACTIVE_GIMPS_ASSIGNMENT,2026-08-09T02:56:41+00:00,UNALLOCATED,,,,,
SLCMP1467-3348,3348,3349,509167331,2^509167331-1,STRUCTURAL_SCREEN_EXHAUSTED_PRIMALITY_UNASSIGNED,GF3A_DIRECTIONAL_WRITE_EXHAUSTED_PRIMALITY_UNASSIGNED,514,512,512,NO_RECORDED_FACTOR_PRP_OR_LL_RESULT_AND_NO_ACTIVE_GIMPS_ASSIGNMENT,2026-08-09T02:56:41+00:00,UNALLOCATED,,,,,
SLCMP1467-3349,3349,3350,509167349,2^509167349-1,STRUCTURAL_SCREEN_EXHAUSTED_PRIMALITY_UNASSIGNED,GF3A_DIRECTIONAL_WRITE_EXHAUSTED_PRIMALITY_UNASSIGNED,513,512,512,NO_RECORDED_FACTOR_PRP_OR_LL_RESULT_AND_NO_ACTIVE_GIMPS_ASSIGNMENT,2026-08-09T02:56:41+00:00,UNALLOCATED,,,,,
SLCMP1467-3350,3350,3351,509167367,2^509167367-1,STRUCTURAL_SCREEN_EXHAUSTED_PRIMALITY_UNASSIGNED,GF3A_DIRECTIONAL_WRITE_EXHAUSTED_PRIMALITY_UNASSIGNED,514,512,512,NO_RECORDED_FACTOR_PRP_OR_LL_RESULT_AND_NO_ACTIVE_GIMPS_ASSIGNMENT,2026-08-09T02:56:41+00:00,UNALLOCATED,,,,,
SLCMP1467-3351,3351,3352,509167381,2^509167381-1,STRUCTURAL_SCREEN_EXHAUSTED_PRIMALITY_UNASSIGNED,GF3A_DIRECTIONAL_WRITE_EXHAUSTED_PRIMALITY_UNASSIGNED,513,512,512,NO_RECORDED_FACTOR_PRP_OR_LL_RESULT_AND_NO_ACTIVE_GIMPS_ASSIGNMENT,2026-08-09T02:56:41+00:00,UNALLOCATED,,,,,
SLCMP1467-3352,3352,3353,509167457,2^509167457-1,STRUCTURAL_SCREEN_EXHAUSTED_PRIMALITY_UNASSIGNED,GF3A_DIRECTIONAL_WRITE_EXHAUSTED_PRIMALITY_UNASSIGNED,513,512,512,NO_RECORDED_FACTOR_PRP_OR_LL_RESULT_AND_NO_ACTIVE_GIMPS_ASSIGNMENT,2026-08-09T02:56:41+00:00,UNALLOCATED,,,,,
SLCMP1467-3353,3353,3354,509167499,2^509167499-1,STRUCTURAL_SCREEN_EXHAUSTED_PRIMALITY_UNASSIGNED,GF3A_DIRECTIONAL_WRITE_EXHAUSTED_PRIMALITY_UNASSIGNED,514,512,512,NO_RECORDED_FACTOR_PRP_OR_LL_RESULT_AND_NO_ACTIVE_GIMPS_ASSIGNMENT,2026-08-09T02:56:41+00:00,UNALLOCATED,,,,,
SLCMP1467-3354,3354,3355,509167507,2^509167507-1,STRUCTURAL_SCREEN_EXHAUSTED_PRIMALITY_UNASSIGNED,GF3A_DIRECTIONAL_WRITE_EXHAUSTED_PRIMALITY_UNASSIGNED,514,512,512,NO_RECORDED_FACTOR_PRP_OR_LL_RESULT_AND_NO_ACTIVE_GIMPS_ASSIGNMENT,2026-08-09T02:56:41+00:00,UNALLOCATED,,,,,
SLCMP1467-3355,3355,3356,509167577,2^509167577-1,STRUCTURAL_SCREEN_EXHAUSTED_PRIMALITY_UNASSIGNED,GF3A_DIRECTIONAL_WRITE_EXHAUSTED_PRIMALITY_UNASSIGNED,513,512,512,NO_RECORDED_FACTOR_PRP_OR_LL_RESULT_AND_NO_ACTIVE_GIMPS_ASSIGNMENT,2026-08-09T02:56:41+00:00,UNALLOCATED,,,,,
SLCMP1467-3356,3356,3357,509167613,2^509167613-1,STRUCTURAL_SCREEN_EXHAUSTED_PRIMALITY_UNASSIGNED,GF3A_DIRECTIONAL_WRITE_EXHAUSTED_PRIMALITY_UNASSIGNED,513,512,512,NO_RECORDED_FACTOR_PRP_OR_LL_RESULT_AND_NO_ACTIVE_GIMPS_ASSIGNMENT,2026-08-09T02:56:41+00:00,UNALLOCATED,,,,,
SLCMP1467-3357,3357,3358,509167723,2^509167723-1,STRUCTURAL_SCREEN_EXHAUSTED_PRIMALITY_UNASSIGNED,GF3A_DIRECTIONAL_WRITE_EXHAUSTED_PRIMALITY_UNASSIGNED,514,512,512,NO_RECORDED_FACTOR_PRP_OR_LL_RESULT_AND_NO_ACTIVE_GIMPS_ASSIGNMENT,2026-08-09T02:56:41+00:00,UNALLOCATED,,,,,
SLCMP1467-3358,3358,3359,509167849,2^509167849-1,STRUCTURAL_SCREEN_EXHAUSTED_PRIMALITY_UNASSIGNED,GF3A_DIRECTIONAL_WRITE_EXHAUSTED_PRIMALITY_UNASSIGNED,513,512,512,NO_RECORDED_FACTOR_PRP_OR_LL_RESULT_AND_NO_ACTIVE_GIMPS_ASSIGNMENT,2026-08-09T02:56:41+00:00,UNALLOCATED,,,,,
SLCMP1467-3359,3359,3360,509167903,2^509167903-1,STRUCTURAL_SCREEN_EXHAUSTED_PRIMALITY_UNASSIGNED,GF3A_DIRECTIONAL_WRITE_EXHAUSTED_PRIMALITY_UNASSIGNED,514,512,512,NO_RECORDED_FACTOR_PRP_OR_LL_RESULT_AND_NO_ACTIVE_GIMPS_ASSIGNMENT,2026-08-09T02:56:41+00:00,UNALLOCATED,,,,,
SLCMP1467-3360,3360,3361,509167957,2^509167957-1,STRUCTURAL_SCREEN_EXHAUSTED_PRIMALITY_UNASSIGNED,GF3A_DIRECTIONAL_WRITE_EXHAUSTED_PRIMALITY_UNASSIGNED,513,512,512,NO_RECORDED_FACTOR_PRP_OR_LL_RESULT_AND_NO_ACTIVE_GIMPS_ASSIGNMENT,2026-08-09T02:56:41+00:00,UNALLOCATED,,,,,
SLCMP1467-3361,3361,3362,509167961,2^509167961-1,STRUCTURAL_SCREEN_EXHAUSTED_PRIMALITY_UNASSIGNED,GF3A_DIRECTIONAL_WRITE_EXHAUSTED_PRIMALITY_UNASSIGNED,513,512,512,NO_RECORDED_FACTOR_PRP_OR_LL_RESULT_AND_NO_ACTIVE_GIMPS_ASSIGNMENT,2026-08-09T02:56:41+00:00,UNALLOCATED,,,,,
SLCMP1467-3362,3362,3363,509167987,2^509167987-1,STRUCTURAL_SCREEN_EXHAUSTED_PRIMALITY_UNASSIGNED,GF3A_DIRECTIONAL_WRITE_EXHAUSTED_PRIMALITY_UNASSIGNED,514,512,512,NO_RECORDED_FACTOR_PRP_OR_LL_RESULT_AND_NO_ACTIVE_GIMPS_ASSIGNMENT,2026-08-09T02:56:41+00:00,UNALLOCATED,,,,,
SLCMP1467-3363,3363,3364,509167999,2^509167999-1,STRUCTURAL_SCREEN_EXHAUSTED_PRIMALITY_UNASSIGNED,GF3A_DIRECTIONAL_WRITE_EXHAUSTED_PRIMALITY_UNASSIGNED,514,512,512,NO_RECORDED_FACTOR_PRP_OR_LL_RESULT_AND_NO_ACTIVE_GIMPS_ASSIGNMENT,2026-08-09T02:56:41+00:00,UNALLOCATED,,,,,
SLCMP1467-3364,3364,3365,509168027,2^509168027-1,STRUCTURAL_SCREEN_EXHAUSTED_PRIMALITY_UNASSIGNED,GF3A_DIRECTIONAL_WRITE_EXHAUSTED_PRIMALITY_UNASSIGNED,514,512,512,NO_RECORDED_FACTOR_PRP_OR_LL_RESULT_AND_NO_ACTIVE_GIMPS_ASSIGNMENT,2026-08-09T02:56:41+00:00,UNALLOCATED,,,,,
SLCMP1467-3365,3365,3366,509168047,2^509168047-1,STRUCTURAL_SCREEN_EXHAUSTED_PRIMALITY_UNASSIGNED,GF3A_DIRECTIONAL_WRITE_EXHAUSTED_PRIMALITY_UNASSIGNED,514,512,512,NO_RECORDED_FACTOR_PRP_OR_LL_RESULT_AND_NO_ACTIVE_GIMPS_ASSIGNMENT,2026-08-09T02:56:41+00:00,UNALLOCATED,,,,,
SLCMP1467-3366,3366,3367,509168059,2^509168059-1,STRUCTURAL_SCREEN_EXHAUSTED_PRIMALITY_UNASSIGNED,GF3A_DIRECTIONAL_WRITE_EXHAUSTED_PRIMALITY_UNASSIGNED,514,512,512,NO_RECORDED_FACTOR_PRP_OR_LL_RESULT_AND_NO_ACTIVE_GIMPS_ASSIGNMENT,2026-08-09T02:56:41+00:00,UNALLOCATED,,,,,
SLCMP1467-3367,3367,3368,509168069,2^509168069-1,STRUCTURAL_SCREEN_EXHAUSTED_PRIMALITY_UNASSIGNED,GF3A_DIRECTIONAL_WRITE_EXHAUSTED_PRIMALITY_UNASSIGNED,513,512,512,NO_RECORDED_FACTOR_PRP_OR_LL_RESULT_AND_NO_ACTIVE_GIMPS_ASSIGNMENT,2026-08-09T02:56:41+00:00,UNALLOCATED,,,,,
SLCMP1467-3368,3368,3369,509168141,2^509168141-1,STRUCTURAL_SCREEN_EXHAUSTED_PRIMALITY_UNASSIGNED,GF3A_DIRECTIONAL_WRITE_EXHAUSTED_PRIMALITY_UNASSIGNED,513,512,512,NO_RECORDED_FACTOR_PRP_OR_LL_RESULT_AND_NO_ACTIVE_GIMPS_ASSIGNMENT,2026-08-09T02:56:41+00:00,UNALLOCATED,,,,,
SLCMP1467-3369,3369,3370,509168147,2^509168147-1,STRUCTURAL_SCREEN_EXHAUSTED_PRIMALITY_UNASSIGNED,GF3A_DIRECTIONAL_WRITE_EXHAUSTED_PRIMALITY_UNASSIGNED,514,512,512,NO_RECORDED_FACTOR_PRP_OR_LL_RESULT_AND_NO_ACTIVE_GIMPS_ASSIGNMENT,2026-08-09T02:56:41+00:00,UNALLOCATED,,,,,
SLCMP1467-3370,3370,3371,509168189,2^509168189-1,STRUCTURAL_SCREEN_EXHAUSTED_PRIMALITY_UNASSIGNED,GF3A_DIRECTIONAL_WRITE_EXHAUSTED_PRIMALITY_UNASSIGNED,513,512,512,NO_RECORDED_FACTOR_PRP_OR_LL_RESULT_AND_NO_ACTIVE_GIMPS_ASSIGNMENT,2026-08-09T02:56:41+00:00,UNALLOCATED,,,,,
SLCMP1467-3371,3371,3372,509168197,2^509168197-1,STRUCTURAL_SCREEN_EXHAUSTED_PRIMALITY_UNASSIGNED,GF3A_DIRECTIONAL_WRITE_EXHAUSTED_PRIMALITY_UNASSIGNED,513,512,512,NO_RECORDED_FACTOR_PRP_OR_LL_RESULT_AND_NO_ACTIVE_GIMPS_ASSIGNMENT,2026-08-09T02:56:41+00:00,UNALLOCATED,,,,,
SLCMP1467-3372,3372,3373,509168279,2^509168279-1,STRUCTURAL_SCREEN_EXHAUSTED_PRIMALITY_UNASSIGNED,GF3A_DIRECTIONAL_WRITE_EXHAUSTED_PRIMALITY_UNASSIGNED,514,512,512,NO_RECORDED_FACTOR_PRP_OR_LL_RESULT_AND_NO_ACTIVE_GIMPS_ASSIGNMENT,2026-08-09T02:56:41+00:00,UNALLOCATED,,,,,
SLCMP1467-3373,3373,3374,509168293,2^509168293-1,STRUCTURAL_SCREEN_EXHAUSTED_PRIMALITY_UNASSIGNED,GF3A_DIRECTIONAL_WRITE_EXHAUSTED_PRIMALITY_UNASSIGNED,513,512,512,NO_RECORDED_FACTOR_PRP_OR_LL_RESULT_AND_NO_ACTIVE_GIMPS_ASSIGNMENT,2026-08-09T02:56:41+00:00,UNALLOCATED,,,,,
SLCMP1467-3374,3374,3375,509168329,2^509168329-1,STRUCTURAL_SCREEN_EXHAUSTED_PRIMALITY_UNASSIGNED,GF3A_DIRECTIONAL_WRITE_EXHAUSTED_PRIMALITY_UNASSIGNED,513,512,512,NO_RECORDED_FACTOR_PRP_OR_LL_RESULT_AND_NO_ACTIVE_GIMPS_ASSIGNMENT,2026-08-09T02:56:41+00:00,UNALLOCATED,,,,,
SLCMP1467-3375,3375,3376,509168389,2^509168389-1,STRUCTURAL_SCREEN_EXHAUSTED_PRIMALITY_UNASSIGNED,GF3A_DIRECTIONAL_WRITE_EXHAUSTED_PRIMALITY_UNASSIGNED,513,512,512,NO_RECORDED_FACTOR_PRP_OR_LL_RESULT_AND_NO_ACTIVE_GIMPS_ASSIGNMENT,2026-08-09T02:56:41+00:00,UNALLOCATED,,,,,
SLCMP1467-3376,3376,3377,509168483,2^509168483-1,STRUCTURAL_SCREEN_EXHAUSTED_PRIMALITY_UNASSIGNED,GF3A_DIRECTIONAL_WRITE_EXHAUSTED_PRIMALITY_UNASSIGNED,514,512,512,NO_RECORDED_FACTOR_PRP_OR_LL_RESULT_AND_NO_ACTIVE_GIMPS_ASSIGNMENT,2026-08-09T02:56:41+00:00,UNALLOCATED,,,,,
SLCMP1467-3377,3377,3378,509168533,2^509168533-1,STRUCTURAL_SCREEN_EXHAUSTED_PRIMALITY_UNASSIGNED,GF3A_DIRECTIONAL_WRITE_EXHAUSTED_PRIMALITY_UNASSIGNED,513,512,512,NO_RECORDED_FACTOR_PRP_OR_LL_RESULT_AND_NO_ACTIVE_GIMPS_ASSIGNMENT,2026-08-09T02:56:41+00:00,UNALLOCATED,,,,,
SLCMP1467-3378,3378,3379,509168651,2^509168651-1,STRUCTURAL_SCREEN_EXHAUSTED_PRIMALITY_UNASSIGNED,GF3A_DIRECTIONAL_WRITE_EXHAUSTED_PRIMALITY_UNASSIGNED,514,512,512,NO_RECORDED_FACTOR_PRP_OR_LL_RESULT_AND_NO_ACTIVE_GIMPS_ASSIGNMENT,2026-08-09T02:56:41+00:00,UNALLOCATED,,,,,
SLCMP1467-3379,3379,3380,509168659,2^509168659-1,STRUCTURAL_SCREEN_EXHAUSTED_PRIMALITY_UNASSIGNED,GF3A_DIRECTIONAL_WRITE_EXHAUSTED_PRIMALITY_UNASSIGNED,514,512,512,NO_RECORDED_FACTOR_PRP_OR_LL_RESULT_AND_NO_ACTIVE_GIMPS_ASSIGNMENT,2026-08-09T02:56:41+00:00,UNALLOCATED,,,,,
SLCMP1467-3380,3380,3381,509168701,2^509168701-1,STRUCTURAL_SCREEN_EXHAUSTED_PRIMALITY_UNASSIGNED,GF3A_DIRECTIONAL_WRITE_EXHAUSTED_PRIMALITY_UNASSIGNED,513,512,512,NO_RECORDED_FACTOR_PRP_OR_LL_RESULT_AND_NO_ACTIVE_GIMPS_ASSIGNMENT,2026-08-09T02:56:41+00:00,UNALLOCATED,,,,,
SLCMP1467-3381,3381,3382,509168801,2^509168801-1,STRUCTURAL_SCREEN_EXHAUSTED_PRIMALITY_UNASSIGNED,GF3A_DIRECTIONAL_WRITE_EXHAUSTED_PRIMALITY_UNASSIGNED,513,512,512,NO_RECORDED_FACTOR_PRP_OR_LL_RESULT_AND_NO_ACTIVE_GIMPS_ASSIGNMENT,2026-08-09T02:56:41+00:00,UNALLOCATED,,,,,
SLCMP1467-3382,3382,3383,509168969,2^509168969-1,STRUCTURAL_SCREEN_EXHAUSTED_PRIMALITY_UNASSIGNED,GF3A_DIRECTIONAL_WRITE_EXHAUSTED_PRIMALITY_UNASSIGNED,513,512,512,NO_RECORDED_FACTOR_PRP_OR_LL_RESULT_AND_NO_ACTIVE_GIMPS_ASSIGNMENT,2026-08-09T02:56:41+00:00,UNALLOCATED,,,,,
SLCMP1467-3383,3383,3384,509169007,2^509169007-1,STRUCTURAL_SCREEN_EXHAUSTED_PRIMALITY_UNASSIGNED,GF3A_DIRECTIONAL_WRITE_EXHAUSTED_PRIMALITY_UNASSIGNED,514,512,512,NO_RECORDED_FACTOR_PRP_OR_LL_RESULT_AND_NO_ACTIVE_GIMPS_ASSIGNMENT,2026-08-09T02:56:41+00:00,UNALLOCATED,,,,,
SLCMP1467-3384,3384,3385,509169019,2^509169019-1,STRUCTURAL_SCREEN_EXHAUSTED_PRIMALITY_UNASSIGNED,GF3A_DIRECTIONAL_WRITE_EXHAUSTED_PRIMALITY_UNASSIGNED,514,512,512,NO_RECORDED_FACTOR_PRP_OR_LL_RESULT_AND_NO_ACTIVE_GIMPS_ASSIGNMENT,2026-08-09T02:56:41+00:00,UNALLOCATED,,,,,
SLCMP1467-3385,3385,3386,509169043,2^509169043-1,STRUCTURAL_SCREEN_EXHAUSTED_PRIMALITY_UNASSIGNED,GF3A_DIRECTIONAL_WRITE_EXHAUSTED_PRIMALITY_UNASSIGNED,514,512,512,NO_RECORDED_FACTOR_PRP_OR_LL_RESULT_AND_NO_ACTIVE_GIMPS_ASSIGNMENT,2026-08-09T02:56:41+00:00,UNALLOCATED,,,,,
SLCMP1467-3386,3386,3387,509169071,2^509169071-1,STRUCTURAL_SCREEN_EXHAUSTED_PRIMALITY_UNASSIGNED,GF3A_DIRECTIONAL_WRITE_EXHAUSTED_PRIMALITY_UNASSIGNED,514,512,512,NO_RECORDED_FACTOR_PRP_OR_LL_RESULT_AND_NO_ACTIVE_GIMPS_ASSIGNMENT,2026-08-09T02:56:41+00:00,UNALLOCATED,,,,,
SLCMP1467-3387,3387,3388,509169103,2^509169103-1,STRUCTURAL_SCREEN_EXHAUSTED_PRIMALITY_UNASSIGNED,GF3A_DIRECTIONAL_WRITE_EXHAUSTED_PRIMALITY_UNASSIGNED,514,512,512,NO_RECORDED_FACTOR_PRP_OR_LL_RESULT_AND_NO_ACTIVE_GIMPS_ASSIGNMENT,2026-08-09T02:56:41+00:00,UNALLOCATED,,,,,
SLCMP1467-3388,3388,3389,509169127,2^509169127-1,STRUCTURAL_SCREEN_EXHAUSTED_PRIMALITY_UNASSIGNED,GF3A_DIRECTIONAL_WRITE_EXHAUSTED_PRIMALITY_UNASSIGNED,514,512,512,NO_RECORDED_FACTOR_PRP_OR_LL_RESULT_AND_NO_ACTIVE_GIMPS_ASSIGNMENT,2026-08-09T02:56:41+00:00,UNALLOCATED,,,,,
SLCMP1467-3389,3389,3390,509169169,2^509169169-1,STRUCTURAL_SCREEN_EXHAUSTED_PRIMALITY_UNASSIGNED,GF3A_DIRECTIONAL_WRITE_EXHAUSTED_PRIMALITY_UNASSIGNED,513,512,512,NO_RECORDED_FACTOR_PRP_OR_LL_RESULT_AND_NO_ACTIVE_GIMPS_ASSIGNMENT,2026-08-09T02:56:41+00:00,UNALLOCATED,,,,,
SLCMP1467-3390,3390,3391,509169191,2^509169191-1,STRUCTURAL_SCREEN_EXHAUSTED_PRIMALITY_UNASSIGNED,GF3A_DIRECTIONAL_WRITE_EXHAUSTED_PRIMALITY_UNASSIGNED,514,512,512,NO_RECORDED_FACTOR_PRP_OR_LL_RESULT_AND_NO_ACTIVE_GIMPS_ASSIGNMENT,2026-08-09T02:56:41+00:00,UNALLOCATED,,,,,
SLCMP1467-3391,3391,3392,509169293,2^509169293-1,STRUCTURAL_SCREEN_EXHAUSTED_PRIMALITY_UNASSIGNED,GF3A_DIRECTIONAL_WRITE_EXHAUSTED_PRIMALITY_UNASSIGNED,513,512,512,NO_RECORDED_FACTOR_PRP_OR_LL_RESULT_AND_NO_ACTIVE_GIMPS_ASSIGNMENT,2026-08-09T02:56:41+00:00,UNALLOCATED,,,,,
SLCMP1467-3392,3392,3393,509169383,2^509169383-1,STRUCTURAL_SCREEN_EXHAUSTED_PRIMALITY_UNASSIGNED,GF3A_DIRECTIONAL_WRITE_EXHAUSTED_PRIMALITY_UNASSIGNED,514,512,512,NO_RECORDED_FACTOR_PRP_OR_LL_RESULT_AND_NO_ACTIVE_GIMPS_ASSIGNMENT,2026-08-09T02:56:41+00:00,UNALLOCATED,,,,,
SLCMP1467-3393,3393,3394,509169509,2^509169509-1,STRUCTURAL_SCREEN_EXHAUSTED_PRIMALITY_UNASSIGNED,GF3A_DIRECTIONAL_WRITE_EXHAUSTED_PRIMALITY_UNASSIGNED,513,512,512,NO_RECORDED_FACTOR_PRP_OR_LL_RESULT_AND_NO_ACTIVE_GIMPS_ASSIGNMENT,2026-08-09T02:56:41+00:00,UNALLOCATED,,,,,
SLCMP1467-3394,3394,3395,509169547,2^509169547-1,STRUCTURAL_SCREEN_EXHAUSTED_PRIMALITY_UNASSIGNED,GF3A_DIRECTIONAL_WRITE_EXHAUSTED_PRIMALITY_UNASSIGNED,514,512,512,NO_RECORDED_FACTOR_PRP_OR_LL_RESULT_AND_NO_ACTIVE_GIMPS_ASSIGNMENT,2026-08-09T02:56:41+00:00,UNALLOCATED,,,,,
SLCMP1467-3395,3395,3396,509169553,2^509169553-1,STRUCTURAL_SCREEN_EXHAUSTED_PRIMALITY_UNASSIGNED,GF3A_DIRECTIONAL_WRITE_EXHAUSTED_PRIMALITY_UNASSIGNED,513,512,512,NO_RECORDED_FACTOR_PRP_OR_LL_RESULT_AND_NO_ACTIVE_GIMPS_ASSIGNMENT,2026-08-09T02:56:41+00:00,UNALLOCATED,,,,,
SLCMP1467-3396,3396,3397,509169709,2^509169709-1,STRUCTURAL_SCREEN_EXHAUSTED_PRIMALITY_UNASSIGNED,GF3A_DIRECTIONAL_WRITE_EXHAUSTED_PRIMALITY_UNASSIGNED,513,512,512,NO_RECORDED_FACTOR_PRP_OR_LL_RESULT_AND_NO_ACTIVE_GIMPS_ASSIGNMENT,2026-08-09T02:56:41+00:00,UNALLOCATED,,,,,
SLCMP1467-3397,3397,3398,509169757,2^509169757-1,STRUCTURAL_SCREEN_EXHAUSTED_PRIMALITY_UNASSIGNED,GF3A_DIRECTIONAL_WRITE_EXHAUSTED_PRIMALITY_UNASSIGNED,513,512,512,NO_RECORDED_FACTOR_PRP_OR_LL_RESULT_AND_NO_ACTIVE_GIMPS_ASSIGNMENT,2026-08-09T02:56:41+00:00,UNALLOCATED,,,,,
SLCMP1467-3398,3398,3399,509169763,2^509169763-1,STRUCTURAL_SCREEN_EXHAUSTED_PRIMALITY_UNASSIGNED,GF3A_DIRECTIONAL_WRITE_EXHAUSTED_PRIMALITY_UNASSIGNED,514,512,512,NO_RECORDED_FACTOR_PRP_OR_LL_RESULT_AND_NO_ACTIVE_GIMPS_ASSIGNMENT,2026-08-09T02:56:41+00:00,UNALLOCATED,,,,,
SLCMP1467-3399,3399,3400,509169769,2^509169769-1,STRUCTURAL_SCREEN_EXHAUSTED_PRIMALITY_UNASSIGNED,GF3A_DIRECTIONAL_WRITE_EXHAUSTED_PRIMALITY_UNASSIGNED,513,512,512,NO_RECORDED_FACTOR_PRP_OR_LL_RESULT_AND_NO_ACTIVE_GIMPS_ASSIGNMENT,2026-08-09T02:56:41+00:00,UNALLOCATED,,,,,
SLCMP1467-3400,3400,3401,509169851,2^509169851-1,STRUCTURAL_SCREEN_EXHAUSTED_PRIMALITY_UNASSIGNED,GF3A_DIRECTIONAL_WRITE_EXHAUSTED_PRIMALITY_UNASSIGNED,514,512,512,NO_RECORDED_FACTOR_PRP_OR_LL_RESULT_AND_NO_ACTIVE_GIMPS_ASSIGNMENT,2026-08-09T02:56:41+00:00,UNALLOCATED,,,,,
SLCMP1467-3401,3401,3402,509169889,2^509169889-1,STRUCTURAL_SCREEN_EXHAUSTED_PRIMALITY_UNASSIGNED,GF3A_DIRECTIONAL_WRITE_EXHAUSTED_PRIMALITY_UNASSIGNED,513,512,512,NO_RECORDED_FACTOR_PRP_OR_LL_RESULT_AND_NO_ACTIVE_GIMPS_ASSIGNMENT,2026-08-09T02:56:41+00:00,UNALLOCATED,,,,,
SLCMP1467-3402,3402,3403,509169937,2^509169937-1,STRUCTURAL_SCREEN_EXHAUSTED_PRIMALITY_UNASSIGNED,GF3A_DIRECTIONAL_WRITE_EXHAUSTED_PRIMALITY_UNASSIGNED,513,512,512,NO_RECORDED_FACTOR_PRP_OR_LL_RESULT_AND_NO_ACTIVE_GIMPS_ASSIGNMENT,2026-08-09T02:56:41+00:00,UNALLOCATED,,,,,
SLCMP1467-3403,3403,3404,509170019,2^509170019-1,STRUCTURAL_SCREEN_EXHAUSTED_PRIMALITY_UNASSIGNED,GF3A_DIRECTIONAL_WRITE_EXHAUSTED_PRIMALITY_UNASSIGNED,514,512,512,NO_RECORDED_FACTOR_PRP_OR_LL_RESULT_AND_NO_ACTIVE_GIMPS_ASSIGNMENT,2026-08-09T02:56:41+00:00,UNALLOCATED,,,,,
SLCMP1467-3404,3404,3405,509170069,2^509170069-1,STRUCTURAL_SCREEN_EXHAUSTED_PRIMALITY_UNASSIGNED,GF3A_DIRECTIONAL_WRITE_EXHAUSTED_PRIMALITY_UNASSIGNED,513,512,512,NO_RECORDED_FACTOR_PRP_OR_LL_RESULT_AND_NO_ACTIVE_GIMPS_ASSIGNMENT,2026-08-09T02:56:41+00:00,UNALLOCATED,,,,,
SLCMP1467-3405,3405,3406,509170073,2^509170073-1,STRUCTURAL_SCREEN_EXHAUSTED_PRIMALITY_UNASSIGNED,GF3A_DIRECTIONAL_WRITE_EXHAUSTED_PRIMALITY_UNASSIGNED,513,512,512,NO_RECORDED_FACTOR_PRP_OR_LL_RESULT_AND_NO_ACTIVE_GIMPS_ASSIGNMENT,2026-08-09T02:56:41+00:00,UNALLOCATED,,,,,
SLCMP1467-3406,3406,3407,509170121,2^509170121-1,STRUCTURAL_SCREEN_EXHAUSTED_PRIMALITY_UNASSIGNED,GF3A_DIRECTIONAL_WRITE_EXHAUSTED_PRIMALITY_UNASSIGNED,513,512,512,NO_RECORDED_FACTOR_PRP_OR_LL_RESULT_AND_NO_ACTIVE_GIMPS_ASSIGNMENT,2026-08-09T02:56:41+00:00,UNALLOCATED,,,,,
SLCMP1467-3407,3407,3408,509170183,2^509170183-1,STRUCTURAL_SCREEN_EXHAUSTED_PRIMALITY_UNASSIGNED,GF3A_DIRECTIONAL_WRITE_EXHAUSTED_PRIMALITY_UNASSIGNED,514,512,512,NO_RECORDED_FACTOR_PRP_OR_LL_RESULT_AND_NO_ACTIVE_GIMPS_ASSIGNMENT,2026-08-09T02:56:41+00:00,UNALLOCATED,,,,,
SLCMP1467-3408,3408,3409,509170253,2^509170253-1,STRUCTURAL_SCREEN_EXHAUSTED_PRIMALITY_UNASSIGNED,GF3A_DIRECTIONAL_WRITE_EXHAUSTED_PRIMALITY_UNASSIGNED,513,512,512,NO_RECORDED_FACTOR_PRP_OR_LL_RESULT_AND_NO_ACTIVE_GIMPS_ASSIGNMENT,2026-08-09T02:56:41+00:00,UNALLOCATED,,,,,
SLCMP1467-3409,3409,3410,509170331,2^509170331-1,STRUCTURAL_SCREEN_EXHAUSTED_PRIMALITY_UNASSIGNED,GF3A_DIRECTIONAL_WRITE_EXHAUSTED_PRIMALITY_UNASSIGNED,514,512,512,NO_RECORDED_FACTOR_PRP_OR_LL_RESULT_AND_NO_ACTIVE_GIMPS_ASSIGNMENT,2026-08-09T02:56:41+00:00,UNALLOCATED,,,,,
SLCMP1467-3410,3410,3411,509170369,2^509170369-1,STRUCTURAL_SCREEN_EXHAUSTED_PRIMALITY_UNASSIGNED,GF3A_DIRECTIONAL_WRITE_EXHAUSTED_PRIMALITY_UNASSIGNED,513,512,512,NO_RECORDED_FACTOR_PRP_OR_LL_RESULT_AND_NO_ACTIVE_GIMPS_ASSIGNMENT,2026-08-09T02:56:41+00:00,UNALLOCATED,,,,,
SLCMP1467-3411,3411,3412,509170373,2^509170373-1,STRUCTURAL_SCREEN_EXHAUSTED_PRIMALITY_UNASSIGNED,GF3A_DIRECTIONAL_WRITE_EXHAUSTED_PRIMALITY_UNASSIGNED,513,512,512,NO_RECORDED_FACTOR_PRP_OR_LL_RESULT_AND_NO_ACTIVE_GIMPS_ASSIGNMENT,2026-08-09T02:56:41+00:00,UNALLOCATED,,,,,
SLCMP1467-3412,3412,3413,509170393,2^509170393-1,STRUCTURAL_SCREEN_EXHAUSTED_PRIMALITY_UNASSIGNED,GF3A_DIRECTIONAL_WRITE_EXHAUSTED_PRIMALITY_UNASSIGNED,513,512,512,NO_RECORDED_FACTOR_PRP_OR_LL_RESULT_AND_NO_ACTIVE_GIMPS_ASSIGNMENT,2026-08-09T02:56:41+00:00,UNALLOCATED,,,,,
SLCMP1467-3413,3413,3414,509170423,2^509170423-1,STRUCTURAL_SCREEN_EXHAUSTED_PRIMALITY_UNASSIGNED,GF3A_DIRECTIONAL_WRITE_EXHAUSTED_PRIMALITY_UNASSIGNED,514,512,512,NO_RECORDED_FACTOR_PRP_OR_LL_RESULT_AND_NO_ACTIVE_GIMPS_ASSIGNMENT,2026-08-09T02:56:41+00:00,UNALLOCATED,,,,,
SLCMP1467-3414,3414,3415,509170489,2^509170489-1,STRUCTURAL_SCREEN_EXHAUSTED_PRIMALITY_UNASSIGNED,GF3A_DIRECTIONAL_WRITE_EXHAUSTED_PRIMALITY_UNASSIGNED,513,512,512,NO_RECORDED_FACTOR_PRP_OR_LL_RESULT_AND_NO_ACTIVE_GIMPS_ASSIGNMENT,2026-08-09T02:56:41+00:00,UNALLOCATED,,,,,
SLCMP1467-3415,3415,3416,509170499,2^509170499-1,STRUCTURAL_SCREEN_EXHAUSTED_PRIMALITY_UNASSIGNED,GF3A_DIRECTIONAL_WRITE_EXHAUSTED_PRIMALITY_UNASSIGNED,514,512,512,NO_RECORDED_FACTOR_PRP_OR_LL_RESULT_AND_NO_ACTIVE_GIMPS_ASSIGNMENT,2026-08-09T02:56:41+00:00,UNALLOCATED,,,,,
SLCMP1467-3416,3416,3417,509170507,2^509170507-1,STRUCTURAL_SCREEN_EXHAUSTED_PRIMALITY_UNASSIGNED,GF3A_DIRECTIONAL_WRITE_EXHAUSTED_PRIMALITY_UNASSIGNED,514,512,512,NO_RECORDED_FACTOR_PRP_OR_LL_RESULT_AND_NO_ACTIVE_GIMPS_ASSIGNMENT,2026-08-09T02:56:41+00:00,UNALLOCATED,,,,,
SLCMP1467-3417,3417,3418,509170517,2^509170517-1,STRUCTURAL_SCREEN_EXHAUSTED_PRIMALITY_UNASSIGNED,GF3A_DIRECTIONAL_WRITE_EXHAUSTED_PRIMALITY_UNASSIGNED,513,512,512,NO_RECORDED_FACTOR_PRP_OR_LL_RESULT_AND_NO_ACTIVE_GIMPS_ASSIGNMENT,2026-08-09T02:56:41+00:00,UNALLOCATED,,,,,
SLCMP1467-3418,3418,3419,509170549,2^509170549-1,STRUCTURAL_SCREEN_EXHAUSTED_PRIMALITY_UNASSIGNED,GF3A_DIRECTIONAL_WRITE_EXHAUSTED_PRIMALITY_UNASSIGNED,513,512,512,NO_RECORDED_FACTOR_PRP_OR_LL_RESULT_AND_NO_ACTIVE_GIMPS_ASSIGNMENT,2026-08-09T02:56:41+00:00,UNALLOCATED,,,,,
SLCMP1467-3419,3419,3420,509170561,2^509170561-1,STRUCTURAL_SCREEN_EXHAUSTED_PRIMALITY_UNASSIGNED,GF3A_DIRECTIONAL_WRITE_EXHAUSTED_PRIMALITY_UNASSIGNED,513,512,512,NO_RECORDED_FACTOR_PRP_OR_LL_RESULT_AND_NO_ACTIVE_GIMPS_ASSIGNMENT,2026-08-09T02:56:41+00:00,UNALLOCATED,,,,,
SLCMP1467-3420,3420,3421,509170577,2^509170577-1,STRUCTURAL_SCREEN_EXHAUSTED_PRIMALITY_UNASSIGNED,GF3A_DIRECTIONAL_WRITE_EXHAUSTED_PRIMALITY_UNASSIGNED,513,512,512,NO_RECORDED_FACTOR_PRP_OR_LL_RESULT_AND_NO_ACTIVE_GIMPS_ASSIGNMENT,2026-08-09T02:56:41+00:00,UNALLOCATED,,,,,
SLCMP1467-3421,3421,3422,509170583,2^509170583-1,STRUCTURAL_SCREEN_EXHAUSTED_PRIMALITY_UNASSIGNED,GF3A_DIRECTIONAL_WRITE_EXHAUSTED_PRIMALITY_UNASSIGNED,514,512,512,NO_RECORDED_FACTOR_PRP_OR_LL_RESULT_AND_NO_ACTIVE_GIMPS_ASSIGNMENT,2026-08-09T02:56:41+00:00,UNALLOCATED,,,,,
SLCMP1467-3422,3422,3423,509170703,2^509170703-1,STRUCTURAL_SCREEN_EXHAUSTED_PRIMALITY_UNASSIGNED,GF3A_DIRECTIONAL_WRITE_EXHAUSTED_PRIMALITY_UNASSIGNED,514,512,512,NO_RECORDED_FACTOR_PRP_OR_LL_RESULT_AND_NO_ACTIVE_GIMPS_ASSIGNMENT,2026-08-09T02:56:41+00:00,UNALLOCATED,,,,,
SLCMP1467-3423,3423,3424,509170799,2^509170799-1,STRUCTURAL_SCREEN_EXHAUSTED_PRIMALITY_UNASSIGNED,GF3A_DIRECTIONAL_WRITE_EXHAUSTED_PRIMALITY_UNASSIGNED,514,512,512,NO_RECORDED_FACTOR_PRP_OR_LL_RESULT_AND_NO_ACTIVE_GIMPS_ASSIGNMENT,2026-08-09T02:56:41+00:00,UNALLOCATED,,,,,
SLCMP1467-3424,3424,3425,509170807,2^509170807-1,STRUCTURAL_SCREEN_EXHAUSTED_PRIMALITY_UNASSIGNED,GF3A_DIRECTIONAL_WRITE_EXHAUSTED_PRIMALITY_UNASSIGNED,514,512,512,NO_RECORDED_FACTOR_PRP_OR_LL_RESULT_AND_NO_ACTIVE_GIMPS_ASSIGNMENT,2026-08-09T02:56:41+00:00,UNALLOCATED,,,,,
SLCMP1467-3425,3425,3426,509170817,2^509170817-1,STRUCTURAL_SCREEN_EXHAUSTED_PRIMALITY_UNASSIGNED,GF3A_DIRECTIONAL_WRITE_EXHAUSTED_PRIMALITY_UNASSIGNED,513,512,512,NO_RECORDED_FACTOR_PRP_OR_LL_RESULT_AND_NO_ACTIVE_GIMPS_ASSIGNMENT,2026-08-09T02:56:41+00:00,UNALLOCATED,,,,,
SLCMP1467-3426,3426,3427,509170867,2^509170867-1,STRUCTURAL_SCREEN_EXHAUSTED_PRIMALITY_UNASSIGNED,GF3A_DIRECTIONAL_WRITE_EXHAUSTED_PRIMALITY_UNASSIGNED,514,512,512,NO_RECORDED_FACTOR_PRP_OR_LL_RESULT_AND_NO_ACTIVE_GIMPS_ASSIGNMENT,2026-08-09T02:56:41+00:00,UNALLOCATED,,,,,
SLCMP1467-3427,3427,3428,509170933,2^509170933-1,STRUCTURAL_SCREEN_EXHAUSTED_PRIMALITY_UNASSIGNED,GF3A_DIRECTIONAL_WRITE_EXHAUSTED_PRIMALITY_UNASSIGNED,513,512,512,NO_RECORDED_FACTOR_PRP_OR_LL_RESULT_AND_NO_ACTIVE_GIMPS_ASSIGNMENT,2026-08-09T02:56:41+00:00,UNALLOCATED,,,,,
SLCMP1467-3428,3428,3429,509170993,2^509170993-1,STRUCTURAL_SCREEN_EXHAUSTED_PRIMALITY_UNASSIGNED,GF3A_DIRECTIONAL_WRITE_EXHAUSTED_PRIMALITY_UNASSIGNED,513,512,512,NO_RECORDED_FACTOR_PRP_OR_LL_RESULT_AND_NO_ACTIVE_GIMPS_ASSIGNMENT,2026-08-09T02:56:41+00:00,UNALLOCATED,,,,,
SLCMP1467-3429,3429,3430,509171021,2^509171021-1,STRUCTURAL_SCREEN_EXHAUSTED_PRIMALITY_UNASSIGNED,GF3A_DIRECTIONAL_WRITE_EXHAUSTED_PRIMALITY_UNASSIGNED,513,512,512,NO_RECORDED_FACTOR_PRP_OR_LL_RESULT_AND_NO_ACTIVE_GIMPS_ASSIGNMENT,2026-08-09T02:56:41+00:00,UNALLOCATED,,,,,
SLCMP1467-3430,3430,3431,509171057,2^509171057-1,STRUCTURAL_SCREEN_EXHAUSTED_PRIMALITY_UNASSIGNED,GF3A_DIRECTIONAL_WRITE_EXHAUSTED_PRIMALITY_UNASSIGNED,513,512,512,NO_RECORDED_FACTOR_PRP_OR_LL_RESULT_AND_NO_ACTIVE_GIMPS_ASSIGNMENT,2026-08-09T02:56:41+00:00,UNALLOCATED,,,,,
SLCMP1467-3431,3431,3432,509171167,2^509171167-1,STRUCTURAL_SCREEN_EXHAUSTED_PRIMALITY_UNASSIGNED,GF3A_DIRECTIONAL_WRITE_EXHAUSTED_PRIMALITY_UNASSIGNED,514,512,512,NO_RECORDED_FACTOR_PRP_OR_LL_RESULT_AND_NO_ACTIVE_GIMPS_ASSIGNMENT,2026-08-09T02:56:41+00:00,UNALLOCATED,,,,,
SLCMP1467-3432,3432,3433,509171197,2^509171197-1,STRUCTURAL_SCREEN_EXHAUSTED_PRIMALITY_UNASSIGNED,GF3A_DIRECTIONAL_WRITE_EXHAUSTED_PRIMALITY_UNASSIGNED,513,512,512,NO_RECORDED_FACTOR_PRP_OR_LL_RESULT_AND_NO_ACTIVE_GIMPS_ASSIGNMENT,2026-08-09T02:56:41+00:00,UNALLOCATED,,,,,
SLCMP1467-3433,3433,3434,509171203,2^509171203-1,STRUCTURAL_SCREEN_EXHAUSTED_PRIMALITY_UNASSIGNED,GF3A_DIRECTIONAL_WRITE_EXHAUSTED_PRIMALITY_UNASSIGNED,514,512,512,NO_RECORDED_FACTOR_PRP_OR_LL_RESULT_AND_NO_ACTIVE_GIMPS_ASSIGNMENT,2026-08-09T02:56:41+00:00,UNALLOCATED,,,,,
SLCMP1467-3434,3434,3435,509171231,2^509171231-1,STRUCTURAL_SCREEN_EXHAUSTED_PRIMALITY_UNASSIGNED,GF3A_DIRECTIONAL_WRITE_EXHAUSTED_PRIMALITY_UNASSIGNED,514,512,512,NO_RECORDED_FACTOR_PRP_OR_LL_RESULT_AND_NO_ACTIVE_GIMPS_ASSIGNMENT,2026-08-09T02:56:41+00:00,UNALLOCATED,,,,,
SLCMP1467-3435,3435,3436,509171237,2^509171237-1,STRUCTURAL_SCREEN_EXHAUSTED_PRIMALITY_UNASSIGNED,GF3A_DIRECTIONAL_WRITE_EXHAUSTED_PRIMALITY_UNASSIGNED,513,512,512,NO_RECORDED_FACTOR_PRP_OR_LL_RESULT_AND_NO_ACTIVE_GIMPS_ASSIGNMENT,2026-08-09T02:56:41+00:00,UNALLOCATED,,,,,
SLCMP1467-3436,3436,3437,509171389,2^509171389-1,STRUCTURAL_SCREEN_EXHAUSTED_PRIMALITY_UNASSIGNED,GF3A_DIRECTIONAL_WRITE_EXHAUSTED_PRIMALITY_UNASSIGNED,513,512,512,NO_RECORDED_FACTOR_PRP_OR_LL_RESULT_AND_NO_ACTIVE_GIMPS_ASSIGNMENT,2026-08-09T02:56:41+00:00,UNALLOCATED,,,,,
SLCMP1467-3437,3437,3438,509171563,2^509171563-1,STRUCTURAL_SCREEN_EXHAUSTED_PRIMALITY_UNASSIGNED,GF3A_DIRECTIONAL_WRITE_EXHAUSTED_PRIMALITY_UNASSIGNED,514,512,512,NO_RECORDED_FACTOR_PRP_OR_LL_RESULT_AND_NO_ACTIVE_GIMPS_ASSIGNMENT,2026-08-09T02:56:41+00:00,UNALLOCATED,,,,,
SLCMP1467-3438,3438,3439,509171599,2^509171599-1,STRUCTURAL_SCREEN_EXHAUSTED_PRIMALITY_UNASSIGNED,GF3A_DIRECTIONAL_WRITE_EXHAUSTED_PRIMALITY_UNASSIGNED,514,512,512,NO_RECORDED_FACTOR_PRP_OR_LL_RESULT_AND_NO_ACTIVE_GIMPS_ASSIGNMENT,2026-08-09T02:56:41+00:00,UNALLOCATED,,,,,
SLCMP1467-3439,3439,3440,509171623,2^509171623-1,STRUCTURAL_SCREEN_EXHAUSTED_PRIMALITY_UNASSIGNED,GF3A_DIRECTIONAL_WRITE_EXHAUSTED_PRIMALITY_UNASSIGNED,514,512,512,NO_RECORDED_FACTOR_PRP_OR_LL_RESULT_AND_NO_ACTIVE_GIMPS_ASSIGNMENT,2026-08-09T02:56:41+00:00,UNALLOCATED,,,,,
SLCMP1467-3440,3440,3441,509171627,2^509171627-1,STRUCTURAL_SCREEN_EXHAUSTED_PRIMALITY_UNASSIGNED,GF3A_DIRECTIONAL_WRITE_EXHAUSTED_PRIMALITY_UNASSIGNED,514,512,512,NO_RECORDED_FACTOR_PRP_OR_LL_RESULT_AND_NO_ACTIVE_GIMPS_ASSIGNMENT,2026-08-09T02:56:41+00:00,UNALLOCATED,,,,,
SLCMP1467-3441,3441,3442,509171693,2^509171693-1,STRUCTURAL_SCREEN_EXHAUSTED_PRIMALITY_UNASSIGNED,GF3A_DIRECTIONAL_WRITE_EXHAUSTED_PRIMALITY_UNASSIGNED,513,512,512,NO_RECORDED_FACTOR_PRP_OR_LL_RESULT_AND_NO_ACTIVE_GIMPS_ASSIGNMENT,2026-08-09T02:56:41+00:00,UNALLOCATED,,,,,
SLCMP1467-3442,3442,3443,509171851,2^509171851-1,STRUCTURAL_SCREEN_EXHAUSTED_PRIMALITY_UNASSIGNED,GF3A_DIRECTIONAL_WRITE_EXHAUSTED_PRIMALITY_UNASSIGNED,514,512,512,NO_RECORDED_FACTOR_PRP_OR_LL_RESULT_AND_NO_ACTIVE_GIMPS_ASSIGNMENT,2026-08-09T02:56:41+00:00,UNALLOCATED,,,,,
SLCMP1467-3443,3443,3444,509171893,2^509171893-1,STRUCTURAL_SCREEN_EXHAUSTED_PRIMALITY_UNASSIGNED,GF3A_DIRECTIONAL_WRITE_EXHAUSTED_PRIMALITY_UNASSIGNED,513,512,512,NO_RECORDED_FACTOR_PRP_OR_LL_RESULT_AND_NO_ACTIVE_GIMPS_ASSIGNMENT,2026-08-09T02:56:41+00:00,UNALLOCATED,,,,,
SLCMP1467-3444,3444,3445,509171933,2^509171933-1,STRUCTURAL_SCREEN_EXHAUSTED_PRIMALITY_UNASSIGNED,GF3A_DIRECTIONAL_WRITE_EXHAUSTED_PRIMALITY_UNASSIGNED,513,512,512,NO_RECORDED_FACTOR_PRP_OR_LL_RESULT_AND_NO_ACTIVE_GIMPS_ASSIGNMENT,2026-08-09T02:56:41+00:00,UNALLOCATED,,,,,
SLCMP1467-3445,3445,3446,509171939,2^509171939-1,STRUCTURAL_SCREEN_EXHAUSTED_PRIMALITY_UNASSIGNED,GF3A_DIRECTIONAL_WRITE_EXHAUSTED_PRIMALITY_UNASSIGNED,514,512,512,NO_RECORDED_FACTOR_PRP_OR_LL_RESULT_AND_NO_ACTIVE_GIMPS_ASSIGNMENT,2026-08-09T02:56:41+00:00,UNALLOCATED,,,,,
SLCMP1467-3446,3446,3447,509171977,2^509171977-1,STRUCTURAL_SCREEN_EXHAUSTED_PRIMALITY_UNASSIGNED,GF3A_DIRECTIONAL_WRITE_EXHAUSTED_PRIMALITY_UNASSIGNED,513,512,512,NO_RECORDED_FACTOR_PRP_OR_LL_RESULT_AND_NO_ACTIVE_GIMPS_ASSIGNMENT,2026-08-09T02:56:41+00:00,UNALLOCATED,,,,,
SLCMP1467-3447,3447,3448,509172107,2^509172107-1,STRUCTURAL_SCREEN_EXHAUSTED_PRIMALITY_UNASSIGNED,GF3A_DIRECTIONAL_WRITE_EXHAUSTED_PRIMALITY_UNASSIGNED,514,512,512,NO_RECORDED_FACTOR_PRP_OR_LL_RESULT_AND_NO_ACTIVE_GIMPS_ASSIGNMENT,2026-08-09T02:56:41+00:00,UNALLOCATED,,,,,
SLCMP1467-3448,3448,3449,509172119,2^509172119-1,STRUCTURAL_SCREEN_EXHAUSTED_PRIMALITY_UNASSIGNED,GF3A_DIRECTIONAL_WRITE_EXHAUSTED_PRIMALITY_UNASSIGNED,514,512,512,NO_RECORDED_FACTOR_PRP_OR_LL_RESULT_AND_NO_ACTIVE_GIMPS_ASSIGNMENT,2026-08-09T02:56:41+00:00,UNALLOCATED,,,,,
SLCMP1467-3449,3449,3450,509172341,2^509172341-1,STRUCTURAL_SCREEN_EXHAUSTED_PRIMALITY_UNASSIGNED,GF3A_DIRECTIONAL_WRITE_EXHAUSTED_PRIMALITY_UNASSIGNED,513,512,512,NO_RECORDED_FACTOR_PRP_OR_LL_RESULT_AND_NO_ACTIVE_GIMPS_ASSIGNMENT,2026-08-09T02:56:41+00:00,UNALLOCATED,,,,,
SLCMP1467-3450,3450,3451,509172379,2^509172379-1,STRUCTURAL_SCREEN_EXHAUSTED_PRIMALITY_UNASSIGNED,GF3A_DIRECTIONAL_WRITE_EXHAUSTED_PRIMALITY_UNASSIGNED,514,512,512,NO_RECORDED_FACTOR_PRP_OR_LL_RESULT_AND_NO_ACTIVE_GIMPS_ASSIGNMENT,2026-08-09T02:56:41+00:00,UNALLOCATED,,,,,
SLCMP1467-3451,3451,3452,509172409,2^509172409-1,STRUCTURAL_SCREEN_EXHAUSTED_PRIMALITY_UNASSIGNED,GF3A_DIRECTIONAL_WRITE_EXHAUSTED_PRIMALITY_UNASSIGNED,513,512,512,NO_RECORDED_FACTOR_PRP_OR_LL_RESULT_AND_NO_ACTIVE_GIMPS_ASSIGNMENT,2026-08-09T02:56:41+00:00,UNALLOCATED,,,,,
SLCMP1467-3452,3452,3453,509172467,2^509172467-1,STRUCTURAL_SCREEN_EXHAUSTED_PRIMALITY_UNASSIGNED,GF3A_DIRECTIONAL_WRITE_EXHAUSTED_PRIMALITY_UNASSIGNED,514,512,512,NO_RECORDED_FACTOR_PRP_OR_LL_RESULT_AND_NO_ACTIVE_GIMPS_ASSIGNMENT,2026-08-09T02:56:41+00:00,UNALLOCATED,,,,,
SLCMP1467-3453,3453,3454,509172493,2^509172493-1,STRUCTURAL_SCREEN_EXHAUSTED_PRIMALITY_UNASSIGNED,GF3A_DIRECTIONAL_WRITE_EXHAUSTED_PRIMALITY_UNASSIGNED,513,512,512,NO_RECORDED_FACTOR_PRP_OR_LL_RESULT_AND_NO_ACTIVE_GIMPS_ASSIGNMENT,2026-08-09T02:56:41+00:00,UNALLOCATED,,,,,
SLCMP1467-3454,3454,3455,509172533,2^509172533-1,STRUCTURAL_SCREEN_EXHAUSTED_PRIMALITY_UNASSIGNED,GF3A_DIRECTIONAL_WRITE_EXHAUSTED_PRIMALITY_UNASSIGNED,513,512,512,NO_RECORDED_FACTOR_PRP_OR_LL_RESULT_AND_NO_ACTIVE_GIMPS_ASSIGNMENT,2026-08-09T02:56:41+00:00,UNALLOCATED,,,,,
SLCMP1467-3455,3455,3456,509172541,2^509172541-1,STRUCTURAL_SCREEN_EXHAUSTED_PRIMALITY_UNASSIGNED,GF3A_DIRECTIONAL_WRITE_EXHAUSTED_PRIMALITY_UNASSIGNED,513,512,512,NO_RECORDED_FACTOR_PRP_OR_LL_RESULT_AND_NO_ACTIVE_GIMPS_ASSIGNMENT,2026-08-09T02:56:41+00:00,UNALLOCATED,,,,,
SLCMP1467-3456,3456,3457,509172611,2^509172611-1,STRUCTURAL_SCREEN_EXHAUSTED_PRIMALITY_UNASSIGNED,GF3A_DIRECTIONAL_WRITE_EXHAUSTED_PRIMALITY_UNASSIGNED,514,512,512,NO_RECORDED_FACTOR_PRP_OR_LL_RESULT_AND_NO_ACTIVE_GIMPS_ASSIGNMENT,2026-08-09T02:56:41+00:00,UNALLOCATED,,,,,
SLCMP1467-3457,3457,3458,509172647,2^509172647-1,STRUCTURAL_SCREEN_EXHAUSTED_PRIMALITY_UNASSIGNED,GF3A_DIRECTIONAL_WRITE_EXHAUSTED_PRIMALITY_UNASSIGNED,514,512,512,NO_RECORDED_FACTOR_PRP_OR_LL_RESULT_AND_NO_ACTIVE_GIMPS_ASSIGNMENT,2026-08-09T02:56:41+00:00,UNALLOCATED,,,,,
SLCMP1467-3458,3458,3459,509172683,2^509172683-1,STRUCTURAL_SCREEN_EXHAUSTED_PRIMALITY_UNASSIGNED,GF3A_DIRECTIONAL_WRITE_EXHAUSTED_PRIMALITY_UNASSIGNED,514,512,512,NO_RECORDED_FACTOR_PRP_OR_LL_RESULT_AND_NO_ACTIVE_GIMPS_ASSIGNMENT,2026-08-09T02:56:41+00:00,UNALLOCATED,,,,,
SLCMP1467-3459,3459,3460,509172733,2^509172733-1,STRUCTURAL_SCREEN_EXHAUSTED_PRIMALITY_UNASSIGNED,GF3A_DIRECTIONAL_WRITE_EXHAUSTED_PRIMALITY_UNASSIGNED,513,512,512,NO_RECORDED_FACTOR_PRP_OR_LL_RESULT_AND_NO_ACTIVE_GIMPS_ASSIGNMENT,2026-08-09T02:56:41+00:00,UNALLOCATED,,,,,
SLCMP1467-3460,3460,3461,509172913,2^509172913-1,STRUCTURAL_SCREEN_EXHAUSTED_PRIMALITY_UNASSIGNED,GF3A_DIRECTIONAL_WRITE_EXHAUSTED_PRIMALITY_UNASSIGNED,513,512,512,NO_RECORDED_FACTOR_PRP_OR_LL_RESULT_AND_NO_ACTIVE_GIMPS_ASSIGNMENT,2026-08-09T02:56:41+00:00,UNALLOCATED,,,,,
SLCMP1467-3461,3461,3462,509172929,2^509172929-1,STRUCTURAL_SCREEN_EXHAUSTED_PRIMALITY_UNASSIGNED,GF3A_DIRECTIONAL_WRITE_EXHAUSTED_PRIMALITY_UNASSIGNED,513,512,512,NO_RECORDED_FACTOR_PRP_OR_LL_RESULT_AND_NO_ACTIVE_GIMPS_ASSIGNMENT,2026-08-09T02:56:41+00:00,UNALLOCATED,,,,,
SLCMP1467-3462,3462,3463,509172941,2^509172941-1,STRUCTURAL_SCREEN_EXHAUSTED_PRIMALITY_UNASSIGNED,GF3A_DIRECTIONAL_WRITE_EXHAUSTED_PRIMALITY_UNASSIGNED,513,512,512,NO_RECORDED_FACTOR_PRP_OR_LL_RESULT_AND_NO_ACTIVE_GIMPS_ASSIGNMENT,2026-08-09T02:56:41+00:00,UNALLOCATED,,,,,
SLCMP1467-3463,3463,3464,509172943,2^509172943-1,STRUCTURAL_SCREEN_EXHAUSTED_PRIMALITY_UNASSIGNED,GF3A_DIRECTIONAL_WRITE_EXHAUSTED_PRIMALITY_UNASSIGNED,514,512,512,NO_RECORDED_FACTOR_PRP_OR_LL_RESULT_AND_NO_ACTIVE_GIMPS_ASSIGNMENT,2026-08-09T02:56:41+00:00,UNALLOCATED,,,,,
SLCMP1467-3464,3464,3465,509173003,2^509173003-1,STRUCTURAL_SCREEN_EXHAUSTED_PRIMALITY_UNASSIGNED,GF3A_DIRECTIONAL_WRITE_EXHAUSTED_PRIMALITY_UNASSIGNED,514,512,512,NO_RECORDED_FACTOR_PRP_OR_LL_RESULT_AND_NO_ACTIVE_GIMPS_ASSIGNMENT,2026-08-09T02:56:41+00:00,UNALLOCATED,,,,,
SLCMP1467-3465,3465,3466,509173013,2^509173013-1,STRUCTURAL_SCREEN_EXHAUSTED_PRIMALITY_UNASSIGNED,GF3A_DIRECTIONAL_WRITE_EXHAUSTED_PRIMALITY_UNASSIGNED,513,512,512,NO_RECORDED_FACTOR_PRP_OR_LL_RESULT_AND_NO_ACTIVE_GIMPS_ASSIGNMENT,2026-08-09T02:56:41+00:00,UNALLOCATED,,,,,
SLCMP1467-3466,3466,3467,509173033,2^509173033-1,STRUCTURAL_SCREEN_EXHAUSTED_PRIMALITY_UNASSIGNED,GF3A_DIRECTIONAL_WRITE_EXHAUSTED_PRIMALITY_UNASSIGNED,513,512,512,NO_RECORDED_FACTOR_PRP_OR_LL_RESULT_AND_NO_ACTIVE_GIMPS_ASSIGNMENT,2026-08-09T02:56:41+00:00,UNALLOCATED,,,,,
SLCMP1467-3467,3467,3468,509173111,2^509173111-1,STRUCTURAL_SCREEN_EXHAUSTED_PRIMALITY_UNASSIGNED,GF3A_DIRECTIONAL_WRITE_EXHAUSTED_PRIMALITY_UNASSIGNED,514,512,512,NO_RECORDED_FACTOR_PRP_OR_LL_RESULT_AND_NO_ACTIVE_GIMPS_ASSIGNMENT,2026-08-09T02:56:41+00:00,UNALLOCATED,,,,,
SLCMP1467-3468,3468,3469,509173199,2^509173199-1,STRUCTURAL_SCREEN_EXHAUSTED_PRIMALITY_UNASSIGNED,GF3A_DIRECTIONAL_WRITE_EXHAUSTED_PRIMALITY_UNASSIGNED,514,512,512,NO_RECORDED_FACTOR_PRP_OR_LL_RESULT_AND_NO_ACTIVE_GIMPS_ASSIGNMENT,2026-08-09T02:56:41+00:00,UNALLOCATED,,,,,
SLCMP1467-3469,3469,3470,509173207,2^509173207-1,STRUCTURAL_SCREEN_EXHAUSTED_PRIMALITY_UNASSIGNED,GF3A_DIRECTIONAL_WRITE_EXHAUSTED_PRIMALITY_UNASSIGNED,514,512,512,NO_RECORDED_FACTOR_PRP_OR_LL_RESULT_AND_NO_ACTIVE_GIMPS_ASSIGNMENT,2026-08-09T02:56:41+00:00,UNALLOCATED,,,,,
SLCMP1467-3470,3470,3471,509173253,2^509173253-1,STRUCTURAL_SCREEN_EXHAUSTED_PRIMALITY_UNASSIGNED,GF3A_DIRECTIONAL_WRITE_EXHAUSTED_PRIMALITY_UNASSIGNED,513,512,512,NO_RECORDED_FACTOR_PRP_OR_LL_RESULT_AND_NO_ACTIVE_GIMPS_ASSIGNMENT,2026-08-09T02:56:41+00:00,UNALLOCATED,,,,,
SLCMP1467-3471,3471,3472,509173261,2^509173261-1,STRUCTURAL_SCREEN_EXHAUSTED_PRIMALITY_UNASSIGNED,GF3A_DIRECTIONAL_WRITE_EXHAUSTED_PRIMALITY_UNASSIGNED,513,512,512,NO_RECORDED_FACTOR_PRP_OR_LL_RESULT_AND_NO_ACTIVE_GIMPS_ASSIGNMENT,2026-08-09T02:56:41+00:00,UNALLOCATED,,,,,
SLCMP1467-3472,3472,3473,509173297,2^509173297-1,STRUCTURAL_SCREEN_EXHAUSTED_PRIMALITY_UNASSIGNED,GF3A_DIRECTIONAL_WRITE_EXHAUSTED_PRIMALITY_UNASSIGNED,513,512,512,NO_RECORDED_FACTOR_PRP_OR_LL_RESULT_AND_NO_ACTIVE_GIMPS_ASSIGNMENT,2026-08-09T02:56:41+00:00,UNALLOCATED,,,,,
SLCMP1467-3473,3473,3474,509173351,2^509173351-1,STRUCTURAL_SCREEN_EXHAUSTED_PRIMALITY_UNASSIGNED,GF3A_DIRECTIONAL_WRITE_EXHAUSTED_PRIMALITY_UNASSIGNED,514,512,512,NO_RECORDED_FACTOR_PRP_OR_LL_RESULT_AND_NO_ACTIVE_GIMPS_ASSIGNMENT,2026-08-09T02:56:41+00:00,UNALLOCATED,,,,,
SLCMP1467-3474,3474,3475,509173403,2^509173403-1,STRUCTURAL_SCREEN_EXHAUSTED_PRIMALITY_UNASSIGNED,GF3A_DIRECTIONAL_WRITE_EXHAUSTED_PRIMALITY_UNASSIGNED,514,512,512,NO_RECORDED_FACTOR_PRP_OR_LL_RESULT_AND_NO_ACTIVE_GIMPS_ASSIGNMENT,2026-08-09T02:56:41+00:00,UNALLOCATED,,,,,
SLCMP1467-3475,3475,3476,509173439,2^509173439-1,STRUCTURAL_SCREEN_EXHAUSTED_PRIMALITY_UNASSIGNED,GF3A_DIRECTIONAL_WRITE_EXHAUSTED_PRIMALITY_UNASSIGNED,514,512,512,NO_RECORDED_FACTOR_PRP_OR_LL_RESULT_AND_NO_ACTIVE_GIMPS_ASSIGNMENT,2026-08-09T02:56:41+00:00,UNALLOCATED,,,,,
SLCMP1467-3476,3476,3477,509173519,2^509173519-1,STRUCTURAL_SCREEN_EXHAUSTED_PRIMALITY_UNASSIGNED,GF3A_DIRECTIONAL_WRITE_EXHAUSTED_PRIMALITY_UNASSIGNED,514,512,512,NO_RECORDED_FACTOR_PRP_OR_LL_RESULT_AND_NO_ACTIVE_GIMPS_ASSIGNMENT,2026-08-09T02:56:41+00:00,UNALLOCATED,,,,,
SLCMP1467-3477,3477,3478,509173529,2^509173529-1,STRUCTURAL_SCREEN_EXHAUSTED_PRIMALITY_UNASSIGNED,GF3A_DIRECTIONAL_WRITE_EXHAUSTED_PRIMALITY_UNASSIGNED,513,512,512,NO_RECORDED_FACTOR_PRP_OR_LL_RESULT_AND_NO_ACTIVE_GIMPS_ASSIGNMENT,2026-08-09T02:56:41+00:00,UNALLOCATED,,,,,
SLCMP1467-3478,3478,3479,509173531,2^509173531-1,STRUCTURAL_SCREEN_EXHAUSTED_PRIMALITY_UNASSIGNED,GF3A_DIRECTIONAL_WRITE_EXHAUSTED_PRIMALITY_UNASSIGNED,514,512,512,NO_RECORDED_FACTOR_PRP_OR_LL_RESULT_AND_NO_ACTIVE_GIMPS_ASSIGNMENT,2026-08-09T02:56:41+00:00,UNALLOCATED,,,,,
SLCMP1467-3479,3479,3480,509173537,2^509173537-1,STRUCTURAL_SCREEN_EXHAUSTED_PRIMALITY_UNASSIGNED,GF3A_DIRECTIONAL_WRITE_EXHAUSTED_PRIMALITY_UNASSIGNED,513,512,512,NO_RECORDED_FACTOR_PRP_OR_LL_RESULT_AND_NO_ACTIVE_GIMPS_ASSIGNMENT,2026-08-09T02:56:41+00:00,UNALLOCATED,,,,,
SLCMP1467-3480,3480,3481,509173549,2^509173549-1,STRUCTURAL_SCREEN_EXHAUSTED_PRIMALITY_UNASSIGNED,GF3A_DIRECTIONAL_WRITE_EXHAUSTED_PRIMALITY_UNASSIGNED,513,512,512,NO_RECORDED_FACTOR_PRP_OR_LL_RESULT_AND_NO_ACTIVE_GIMPS_ASSIGNMENT,2026-08-09T02:56:41+00:00,UNALLOCATED,,,,,
SLCMP1467-3481,3481,3482,509173733,2^509173733-1,STRUCTURAL_SCREEN_EXHAUSTED_PRIMALITY_UNASSIGNED,GF3A_DIRECTIONAL_WRITE_EXHAUSTED_PRIMALITY_UNASSIGNED,513,512,512,NO_RECORDED_FACTOR_PRP_OR_LL_RESULT_AND_NO_ACTIVE_GIMPS_ASSIGNMENT,2026-08-09T02:56:41+00:00,UNALLOCATED,,,,,
SLCMP1467-3482,3482,3483,509173757,2^509173757-1,STRUCTURAL_SCREEN_EXHAUSTED_PRIMALITY_UNASSIGNED,GF3A_DIRECTIONAL_WRITE_EXHAUSTED_PRIMALITY_UNASSIGNED,513,512,512,NO_RECORDED_FACTOR_PRP_OR_LL_RESULT_AND_NO_ACTIVE_GIMPS_ASSIGNMENT,2026-08-09T02:56:41+00:00,UNALLOCATED,,,,,
SLCMP1467-3483,3483,3484,509173787,2^509173787-1,STRUCTURAL_SCREEN_EXHAUSTED_PRIMALITY_UNASSIGNED,GF3A_DIRECTIONAL_WRITE_EXHAUSTED_PRIMALITY_UNASSIGNED,514,512,512,NO_RECORDED_FACTOR_PRP_OR_LL_RESULT_AND_NO_ACTIVE_GIMPS_ASSIGNMENT,2026-08-09T02:56:41+00:00,UNALLOCATED,,,,,
SLCMP1467-3484,3484,3485,509173829,2^509173829-1,STRUCTURAL_SCREEN_EXHAUSTED_PRIMALITY_UNASSIGNED,GF3A_DIRECTIONAL_WRITE_EXHAUSTED_PRIMALITY_UNASSIGNED,513,512,512,NO_RECORDED_FACTOR_PRP_OR_LL_RESULT_AND_NO_ACTIVE_GIMPS_ASSIGNMENT,2026-08-09T02:56:41+00:00,UNALLOCATED,,,,,
SLCMP1467-3485,3485,3486,509173859,2^509173859-1,STRUCTURAL_SCREEN_EXHAUSTED_PRIMALITY_UNASSIGNED,GF3A_DIRECTIONAL_WRITE_EXHAUSTED_PRIMALITY_UNASSIGNED,514,512,512,NO_RECORDED_FACTOR_PRP_OR_LL_RESULT_AND_NO_ACTIVE_GIMPS_ASSIGNMENT,2026-08-09T02:56:41+00:00,UNALLOCATED,,,,,
SLCMP1467-3486,3486,3487,509173961,2^509173961-1,STRUCTURAL_SCREEN_EXHAUSTED_PRIMALITY_UNASSIGNED,GF3A_DIRECTIONAL_WRITE_EXHAUSTED_PRIMALITY_UNASSIGNED,513,512,512,NO_RECORDED_FACTOR_PRP_OR_LL_RESULT_AND_NO_ACTIVE_GIMPS_ASSIGNMENT,2026-08-09T02:56:41+00:00,UNALLOCATED,,,,,
SLCMP1467-3487,3487,3488,509173981,2^509173981-1,STRUCTURAL_SCREEN_EXHAUSTED_PRIMALITY_UNASSIGNED,GF3A_DIRECTIONAL_WRITE_EXHAUSTED_PRIMALITY_UNASSIGNED,513,512,512,NO_RECORDED_FACTOR_PRP_OR_LL_RESULT_AND_NO_ACTIVE_GIMPS_ASSIGNMENT,2026-08-09T02:56:41+00:00,UNALLOCATED,,,,,
SLCMP1467-3488,3488,3489,509174087,2^509174087-1,STRUCTURAL_SCREEN_EXHAUSTED_PRIMALITY_UNASSIGNED,GF3A_DIRECTIONAL_WRITE_EXHAUSTED_PRIMALITY_UNASSIGNED,514,512,512,NO_RECORDED_FACTOR_PRP_OR_LL_RESULT_AND_NO_ACTIVE_GIMPS_ASSIGNMENT,2026-08-09T02:56:41+00:00,UNALLOCATED,,,,,
SLCMP1467-3489,3489,3490,509174093,2^509174093-1,STRUCTURAL_SCREEN_EXHAUSTED_PRIMALITY_UNASSIGNED,GF3A_DIRECTIONAL_WRITE_EXHAUSTED_PRIMALITY_UNASSIGNED,513,512,512,NO_RECORDED_FACTOR_PRP_OR_LL_RESULT_AND_NO_ACTIVE_GIMPS_ASSIGNMENT,2026-08-09T02:56:41+00:00,UNALLOCATED,,,,,
SLCMP1467-3490,3490,3491,509174147,2^509174147-1,STRUCTURAL_SCREEN_EXHAUSTED_PRIMALITY_UNASSIGNED,GF3A_DIRECTIONAL_WRITE_EXHAUSTED_PRIMALITY_UNASSIGNED,514,512,512,NO_RECORDED_FACTOR_PRP_OR_LL_RESULT_AND_NO_ACTIVE_GIMPS_ASSIGNMENT,2026-08-09T02:56:41+00:00,UNALLOCATED,,,,,
SLCMP1467-3491,3491,3492,509174209,2^509174209-1,STRUCTURAL_SCREEN_EXHAUSTED_PRIMALITY_UNASSIGNED,GF3A_DIRECTIONAL_WRITE_EXHAUSTED_PRIMALITY_UNASSIGNED,513,512,512,NO_RECORDED_FACTOR_PRP_OR_LL_RESULT_AND_NO_ACTIVE_GIMPS_ASSIGNMENT,2026-08-09T02:56:41+00:00,UNALLOCATED,,,,,
SLCMP1467-3492,3492,3493,509174269,2^509174269-1,STRUCTURAL_SCREEN_EXHAUSTED_PRIMALITY_UNASSIGNED,GF3A_DIRECTIONAL_WRITE_EXHAUSTED_PRIMALITY_UNASSIGNED,513,512,512,NO_RECORDED_FACTOR_PRP_OR_LL_RESULT_AND_NO_ACTIVE_GIMPS_ASSIGNMENT,2026-08-09T02:56:41+00:00,UNALLOCATED,,,,,
SLCMP1467-3493,3493,3494,509174317,2^509174317-1,STRUCTURAL_SCREEN_EXHAUSTED_PRIMALITY_UNASSIGNED,GF3A_DIRECTIONAL_WRITE_EXHAUSTED_PRIMALITY_UNASSIGNED,513,512,512,NO_RECORDED_FACTOR_PRP_OR_LL_RESULT_AND_NO_ACTIVE_GIMPS_ASSIGNMENT,2026-08-09T02:56:41+00:00,UNALLOCATED,,,,,
SLCMP1467-3494,3494,3495,509174329,2^509174329-1,STRUCTURAL_SCREEN_EXHAUSTED_PRIMALITY_UNASSIGNED,GF3A_DIRECTIONAL_WRITE_EXHAUSTED_PRIMALITY_UNASSIGNED,513,512,512,NO_RECORDED_FACTOR_PRP_OR_LL_RESULT_AND_NO_ACTIVE_GIMPS_ASSIGNMENT,2026-08-09T02:56:41+00:00,UNALLOCATED,,,,,
SLCMP1467-3495,3495,3496,509174363,2^509174363-1,STRUCTURAL_SCREEN_EXHAUSTED_PRIMALITY_UNASSIGNED,GF3A_DIRECTIONAL_WRITE_EXHAUSTED_PRIMALITY_UNASSIGNED,514,512,512,NO_RECORDED_FACTOR_PRP_OR_LL_RESULT_AND_NO_ACTIVE_GIMPS_ASSIGNMENT,2026-08-09T02:56:41+00:00,UNALLOCATED,,,,,
SLCMP1467-3496,3496,3497,509174509,2^509174509-1,STRUCTURAL_SCREEN_EXHAUSTED_PRIMALITY_UNASSIGNED,GF3A_DIRECTIONAL_WRITE_EXHAUSTED_PRIMALITY_UNASSIGNED,513,512,512,NO_RECORDED_FACTOR_PRP_OR_LL_RESULT_AND_NO_ACTIVE_GIMPS_ASSIGNMENT,2026-08-09T02:56:41+00:00,UNALLOCATED,,,,,
SLCMP1467-3497,3497,3498,509174591,2^509174591-1,STRUCTURAL_SCREEN_EXHAUSTED_PRIMALITY_UNASSIGNED,GF3A_DIRECTIONAL_WRITE_EXHAUSTED_PRIMALITY_UNASSIGNED,514,512,512,NO_RECORDED_FACTOR_PRP_OR_LL_RESULT_AND_NO_ACTIVE_GIMPS_ASSIGNMENT,2026-08-09T02:56:41+00:00,UNALLOCATED,,,,,
SLCMP1467-3498,3498,3499,509174669,2^509174669-1,STRUCTURAL_SCREEN_EXHAUSTED_PRIMALITY_UNASSIGNED,GF3A_DIRECTIONAL_WRITE_EXHAUSTED_PRIMALITY_UNASSIGNED,513,512,512,NO_RECORDED_FACTOR_PRP_OR_LL_RESULT_AND_NO_ACTIVE_GIMPS_ASSIGNMENT,2026-08-09T02:56:41+00:00,UNALLOCATED,,,,,
SLCMP1467-3499,3499,3500,509174807,2^509174807-1,STRUCTURAL_SCREEN_EXHAUSTED_PRIMALITY_UNASSIGNED,GF3A_DIRECTIONAL_WRITE_EXHAUSTED_PRIMALITY_UNASSIGNED,514,512,512,NO_RECORDED_FACTOR_PRP_OR_LL_RESULT_AND_NO_ACTIVE_GIMPS_ASSIGNMENT,2026-08-09T02:56:41+00:00,UNALLOCATED,,,,,
SLCMP1467-3500,3500,3501,509174821,2^509174821-1,STRUCTURAL_SCREEN_EXHAUSTED_PRIMALITY_UNASSIGNED,GF3A_DIRECTIONAL_WRITE_EXHAUSTED_PRIMALITY_UNASSIGNED,513,512,512,NO_RECORDED_FACTOR_PRP_OR_LL_RESULT_AND_NO_ACTIVE_GIMPS_ASSIGNMENT,2026-08-09T02:56:41+00:00,UNALLOCATED,,,,,
SLCMP1467-3501,3501,3502,509174833,2^509174833-1,STRUCTURAL_SCREEN_EXHAUSTED_PRIMALITY_UNASSIGNED,GF3A_DIRECTIONAL_WRITE_EXHAUSTED_PRIMALITY_UNASSIGNED,513,512,512,NO_RECORDED_FACTOR_PRP_OR_LL_RESULT_AND_NO_ACTIVE_GIMPS_ASSIGNMENT,2026-08-09T02:56:41+00:00,UNALLOCATED,,,,,
SLCMP1467-3502,3502,3503,509174849,2^509174849-1,STRUCTURAL_SCREEN_EXHAUSTED_PRIMALITY_UNASSIGNED,GF3A_DIRECTIONAL_WRITE_EXHAUSTED_PRIMALITY_UNASSIGNED,513,512,512,NO_RECORDED_FACTOR_PRP_OR_LL_RESULT_AND_NO_ACTIVE_GIMPS_ASSIGNMENT,2026-08-09T02:56:41+00:00,UNALLOCATED,,,,,
SLCMP1467-3503,3503,3504,509174881,2^509174881-1,STRUCTURAL_SCREEN_EXHAUSTED_PRIMALITY_UNASSIGNED,GF3A_DIRECTIONAL_WRITE_EXHAUSTED_PRIMALITY_UNASSIGNED,513,512,512,NO_RECORDED_FACTOR_PRP_OR_LL_RESULT_AND_NO_ACTIVE_GIMPS_ASSIGNMENT,2026-08-09T02:56:41+00:00,UNALLOCATED,,,,,
SLCMP1467-3504,3504,3505,509174891,2^509174891-1,STRUCTURAL_SCREEN_EXHAUSTED_PRIMALITY_UNASSIGNED,GF3A_DIRECTIONAL_WRITE_EXHAUSTED_PRIMALITY_UNASSIGNED,514,512,512,NO_RECORDED_FACTOR_PRP_OR_LL_RESULT_AND_NO_ACTIVE_GIMPS_ASSIGNMENT,2026-08-09T02:56:41+00:00,UNALLOCATED,,,,,
SLCMP1467-3505,3505,3506,509174929,2^509174929-1,STRUCTURAL_SCREEN_EXHAUSTED_PRIMALITY_UNASSIGNED,GF3A_DIRECTIONAL_WRITE_EXHAUSTED_PRIMALITY_UNASSIGNED,513,512,512,NO_RECORDED_FACTOR_PRP_OR_LL_RESULT_AND_NO_ACTIVE_GIMPS_ASSIGNMENT,2026-08-09T02:56:41+00:00,UNALLOCATED,,,,,
SLCMP1467-3506,3506,3507,509174933,2^509174933-1,STRUCTURAL_SCREEN_EXHAUSTED_PRIMALITY_UNASSIGNED,GF3A_DIRECTIONAL_WRITE_EXHAUSTED_PRIMALITY_UNASSIGNED,513,512,512,NO_RECORDED_FACTOR_PRP_OR_LL_RESULT_AND_NO_ACTIVE_GIMPS_ASSIGNMENT,2026-08-09T02:56:41+00:00,UNALLOCATED,,,,,
SLCMP1467-3507,3507,3508,509174947,2^509174947-1,STRUCTURAL_SCREEN_EXHAUSTED_PRIMALITY_UNASSIGNED,GF3A_DIRECTIONAL_WRITE_EXHAUSTED_PRIMALITY_UNASSIGNED,514,512,512,NO_RECORDED_FACTOR_PRP_OR_LL_RESULT_AND_NO_ACTIVE_GIMPS_ASSIGNMENT,2026-08-09T02:56:41+00:00,UNALLOCATED,,,,,
SLCMP1467-3508,3508,3509,509174957,2^509174957-1,STRUCTURAL_SCREEN_EXHAUSTED_PRIMALITY_UNASSIGNED,GF3A_DIRECTIONAL_WRITE_EXHAUSTED_PRIMALITY_UNASSIGNED,513,512,512,NO_RECORDED_FACTOR_PRP_OR_LL_RESULT_AND_NO_ACTIVE_GIMPS_ASSIGNMENT,2026-08-09T02:56:41+00:00,UNALLOCATED,,,,,
SLCMP1467-3509,3509,3510,509174959,2^509174959-1,STRUCTURAL_SCREEN_EXHAUSTED_PRIMALITY_UNASSIGNED,GF3A_DIRECTIONAL_WRITE_EXHAUSTED_PRIMALITY_UNASSIGNED,514,512,512,NO_RECORDED_FACTOR_PRP_OR_LL_RESULT_AND_NO_ACTIVE_GIMPS_ASSIGNMENT,2026-08-09T02:56:41+00:00,UNALLOCATED,,,,,
SLCMP1467-3510,3510,3511,509175257,2^509175257-1,STRUCTURAL_SCREEN_EXHAUSTED_PRIMALITY_UNASSIGNED,GF3A_DIRECTIONAL_WRITE_EXHAUSTED_PRIMALITY_UNASSIGNED,513,512,512,NO_RECORDED_FACTOR_PRP_OR_LL_RESULT_AND_NO_ACTIVE_GIMPS_ASSIGNMENT,2026-08-09T02:56:41+00:00,UNALLOCATED,,,,,
SLCMP1467-3511,3511,3512,509175307,2^509175307-1,STRUCTURAL_SCREEN_EXHAUSTED_PRIMALITY_UNASSIGNED,GF3A_DIRECTIONAL_WRITE_EXHAUSTED_PRIMALITY_UNASSIGNED,514,512,512,NO_RECORDED_FACTOR_PRP_OR_LL_RESULT_AND_NO_ACTIVE_GIMPS_ASSIGNMENT,2026-08-09T02:56:41+00:00,UNALLOCATED,,,,,
SLCMP1467-3512,3512,3513,509175349,2^509175349-1,STRUCTURAL_SCREEN_EXHAUSTED_PRIMALITY_UNASSIGNED,GF3A_DIRECTIONAL_WRITE_EXHAUSTED_PRIMALITY_UNASSIGNED,513,512,512,NO_RECORDED_FACTOR_PRP_OR_LL_RESULT_AND_NO_ACTIVE_GIMPS_ASSIGNMENT,2026-08-09T02:56:41+00:00,UNALLOCATED,,,,,
SLCMP1467-3513,3513,3514,509175431,2^509175431-1,STRUCTURAL_SCREEN_EXHAUSTED_PRIMALITY_UNASSIGNED,GF3A_DIRECTIONAL_WRITE_EXHAUSTED_PRIMALITY_UNASSIGNED,514,512,512,NO_RECORDED_FACTOR_PRP_OR_LL_RESULT_AND_NO_ACTIVE_GIMPS_ASSIGNMENT,2026-08-09T02:56:41+00:00,UNALLOCATED,,,,,
SLCMP1467-3514,3514,3515,509175481,2^509175481-1,STRUCTURAL_SCREEN_EXHAUSTED_PRIMALITY_UNASSIGNED,GF3A_DIRECTIONAL_WRITE_EXHAUSTED_PRIMALITY_UNASSIGNED,513,512,512,NO_RECORDED_FACTOR_PRP_OR_LL_RESULT_AND_NO_ACTIVE_GIMPS_ASSIGNMENT,2026-08-09T02:56:41+00:00,UNALLOCATED,,,,,
SLCMP1467-3515,3515,3516,509175523,2^509175523-1,STRUCTURAL_SCREEN_EXHAUSTED_PRIMALITY_UNASSIGNED,GF3A_DIRECTIONAL_WRITE_EXHAUSTED_PRIMALITY_UNASSIGNED,514,512,512,NO_RECORDED_FACTOR_PRP_OR_LL_RESULT_AND_NO_ACTIVE_GIMPS_ASSIGNMENT,2026-08-09T02:56:41+00:00,UNALLOCATED,,,,,
SLCMP1467-3516,3516,3517,509175617,2^509175617-1,STRUCTURAL_SCREEN_EXHAUSTED_PRIMALITY_UNASSIGNED,GF3A_DIRECTIONAL_WRITE_EXHAUSTED_PRIMALITY_UNASSIGNED,513,512,512,NO_RECORDED_FACTOR_PRP_OR_LL_RESULT_AND_NO_ACTIVE_GIMPS_ASSIGNMENT,2026-08-09T02:56:41+00:00,UNALLOCATED,,,,,
SLCMP1467-3517,3517,3518,509175847,2^509175847-1,STRUCTURAL_SCREEN_EXHAUSTED_PRIMALITY_UNASSIGNED,GF3A_DIRECTIONAL_WRITE_EXHAUSTED_PRIMALITY_UNASSIGNED,514,512,512,NO_RECORDED_FACTOR_PRP_OR_LL_RESULT_AND_NO_ACTIVE_GIMPS_ASSIGNMENT,2026-08-09T02:56:41+00:00,UNALLOCATED,,,,,
SLCMP1467-3518,3518,3519,509175859,2^509175859-1,STRUCTURAL_SCREEN_EXHAUSTED_PRIMALITY_UNASSIGNED,GF3A_DIRECTIONAL_WRITE_EXHAUSTED_PRIMALITY_UNASSIGNED,514,512,512,NO_RECORDED_FACTOR_PRP_OR_LL_RESULT_AND_NO_ACTIVE_GIMPS_ASSIGNMENT,2026-08-09T02:56:41+00:00,UNALLOCATED,,,,,
SLCMP1467-3519,3519,3520,509175983,2^509175983-1,STRUCTURAL_SCREEN_EXHAUSTED_PRIMALITY_UNASSIGNED,GF3A_DIRECTIONAL_WRITE_EXHAUSTED_PRIMALITY_UNASSIGNED,514,512,512,NO_RECORDED_FACTOR_PRP_OR_LL_RESULT_AND_NO_ACTIVE_GIMPS_ASSIGNMENT,2026-08-09T02:56:41+00:00,UNALLOCATED,,,,,
SLCMP1467-3520,3520,3521,509176021,2^509176021-1,STRUCTURAL_SCREEN_EXHAUSTED_PRIMALITY_UNASSIGNED,GF3A_DIRECTIONAL_WRITE_EXHAUSTED_PRIMALITY_UNASSIGNED,513,512,512,NO_RECORDED_FACTOR_PRP_OR_LL_RESULT_AND_NO_ACTIVE_GIMPS_ASSIGNMENT,2026-08-09T02:56:41+00:00,UNALLOCATED,,,,,
SLCMP1467-3521,3521,3522,509176039,2^509176039-1,STRUCTURAL_SCREEN_EXHAUSTED_PRIMALITY_UNASSIGNED,GF3A_DIRECTIONAL_WRITE_EXHAUSTED_PRIMALITY_UNASSIGNED,514,512,512,NO_RECORDED_FACTOR_PRP_OR_LL_RESULT_AND_NO_ACTIVE_GIMPS_ASSIGNMENT,2026-08-09T02:56:41+00:00,UNALLOCATED,,,,,
SLCMP1467-3522,3522,3523,509176049,2^509176049-1,STRUCTURAL_SCREEN_EXHAUSTED_PRIMALITY_UNASSIGNED,GF3A_DIRECTIONAL_WRITE_EXHAUSTED_PRIMALITY_UNASSIGNED,513,512,512,NO_RECORDED_FACTOR_PRP_OR_LL_RESULT_AND_NO_ACTIVE_GIMPS_ASSIGNMENT,2026-08-09T02:56:41+00:00,UNALLOCATED,,,,,
SLCMP1467-3523,3523,3524,509176099,2^509176099-1,STRUCTURAL_SCREEN_EXHAUSTED_PRIMALITY_UNASSIGNED,GF3A_DIRECTIONAL_WRITE_EXHAUSTED_PRIMALITY_UNASSIGNED,514,512,512,NO_RECORDED_FACTOR_PRP_OR_LL_RESULT_AND_NO_ACTIVE_GIMPS_ASSIGNMENT,2026-08-09T02:56:41+00:00,UNALLOCATED,,,,,
SLCMP1467-3524,3524,3525,509176103,2^509176103-1,STRUCTURAL_SCREEN_EXHAUSTED_PRIMALITY_UNASSIGNED,GF3A_DIRECTIONAL_WRITE_EXHAUSTED_PRIMALITY_UNASSIGNED,514,512,512,NO_RECORDED_FACTOR_PRP_OR_LL_RESULT_AND_NO_ACTIVE_GIMPS_ASSIGNMENT,2026-08-09T02:56:41+00:00,UNALLOCATED,,,,,
SLCMP1467-3525,3525,3526,509176219,2^509176219-1,STRUCTURAL_SCREEN_EXHAUSTED_PRIMALITY_UNASSIGNED,GF3A_DIRECTIONAL_WRITE_EXHAUSTED_PRIMALITY_UNASSIGNED,514,512,512,NO_RECORDED_FACTOR_PRP_OR_LL_RESULT_AND_NO_ACTIVE_GIMPS_ASSIGNMENT,2026-08-09T02:56:41+00:00,UNALLOCATED,,,,,
SLCMP1467-3526,3526,3527,509176289,2^509176289-1,STRUCTURAL_SCREEN_EXHAUSTED_PRIMALITY_UNASSIGNED,GF3A_DIRECTIONAL_WRITE_EXHAUSTED_PRIMALITY_UNASSIGNED,513,512,512,NO_RECORDED_FACTOR_PRP_OR_LL_RESULT_AND_NO_ACTIVE_GIMPS_ASSIGNMENT,2026-08-09T02:56:41+00:00,UNALLOCATED,,,,,
SLCMP1467-3527,3527,3528,509176543,2^509176543-1,STRUCTURAL_SCREEN_EXHAUSTED_PRIMALITY_UNASSIGNED,GF3A_DIRECTIONAL_WRITE_EXHAUSTED_PRIMALITY_UNASSIGNED,514,512,512,NO_RECORDED_FACTOR_PRP_OR_LL_RESULT_AND_NO_ACTIVE_GIMPS_ASSIGNMENT,2026-08-09T02:56:41+00:00,UNALLOCATED,,,,,
SLCMP1467-3528,3528,3529,509176559,2^509176559-1,STRUCTURAL_SCREEN_EXHAUSTED_PRIMALITY_UNASSIGNED,GF3A_DIRECTIONAL_WRITE_EXHAUSTED_PRIMALITY_UNASSIGNED,514,512,512,NO_RECORDED_FACTOR_PRP_OR_LL_RESULT_AND_NO_ACTIVE_GIMPS_ASSIGNMENT,2026-08-09T02:56:41+00:00,UNALLOCATED,,,,,
SLCMP1467-3529,3529,3530,509176607,2^509176607-1,STRUCTURAL_SCREEN_EXHAUSTED_PRIMALITY_UNASSIGNED,GF3A_DIRECTIONAL_WRITE_EXHAUSTED_PRIMALITY_UNASSIGNED,514,512,512,NO_RECORDED_FACTOR_PRP_OR_LL_RESULT_AND_NO_ACTIVE_GIMPS_ASSIGNMENT,2026-08-09T02:56:41+00:00,UNALLOCATED,,,,,
SLCMP1467-3530,3530,3531,509176651,2^509176651-1,STRUCTURAL_SCREEN_EXHAUSTED_PRIMALITY_UNASSIGNED,GF3A_DIRECTIONAL_WRITE_EXHAUSTED_PRIMALITY_UNASSIGNED,514,512,512,NO_RECORDED_FACTOR_PRP_OR_LL_RESULT_AND_NO_ACTIVE_GIMPS_ASSIGNMENT,2026-08-09T02:56:41+00:00,UNALLOCATED,,,,,
SLCMP1467-3531,3531,3532,509176753,2^509176753-1,STRUCTURAL_SCREEN_EXHAUSTED_PRIMALITY_UNASSIGNED,GF3A_DIRECTIONAL_WRITE_EXHAUSTED_PRIMALITY_UNASSIGNED,513,512,512,NO_RECORDED_FACTOR_PRP_OR_LL_RESULT_AND_NO_ACTIVE_GIMPS_ASSIGNMENT,2026-08-09T02:56:41+00:00,UNALLOCATED,,,,,
SLCMP1467-3532,3532,3533,509176793,2^509176793-1,STRUCTURAL_SCREEN_EXHAUSTED_PRIMALITY_UNASSIGNED,GF3A_DIRECTIONAL_WRITE_EXHAUSTED_PRIMALITY_UNASSIGNED,513,512,512,NO_RECORDED_FACTOR_PRP_OR_LL_RESULT_AND_NO_ACTIVE_GIMPS_ASSIGNMENT,2026-08-09T02:56:41+00:00,UNALLOCATED,,,,,
SLCMP1467-3533,3533,3534,509176807,2^509176807-1,STRUCTURAL_SCREEN_EXHAUSTED_PRIMALITY_UNASSIGNED,GF3A_DIRECTIONAL_WRITE_EXHAUSTED_PRIMALITY_UNASSIGNED,514,512,512,NO_RECORDED_FACTOR_PRP_OR_LL_RESULT_AND_NO_ACTIVE_GIMPS_ASSIGNMENT,2026-08-09T02:56:41+00:00,UNALLOCATED,,,,,
SLCMP1467-3534,3534,3535,509176813,2^509176813-1,STRUCTURAL_SCREEN_EXHAUSTED_PRIMALITY_UNASSIGNED,GF3A_DIRECTIONAL_WRITE_EXHAUSTED_PRIMALITY_UNASSIGNED,513,512,512,NO_RECORDED_FACTOR_PRP_OR_LL_RESULT_AND_NO_ACTIVE_GIMPS_ASSIGNMENT,2026-08-09T02:56:41+00:00,UNALLOCATED,,,,,
SLCMP1467-3535,3535,3536,509176853,2^509176853-1,STRUCTURAL_SCREEN_EXHAUSTED_PRIMALITY_UNASSIGNED,GF3A_DIRECTIONAL_WRITE_EXHAUSTED_PRIMALITY_UNASSIGNED,513,512,512,NO_RECORDED_FACTOR_PRP_OR_LL_RESULT_AND_NO_ACTIVE_GIMPS_ASSIGNMENT,2026-08-09T02:56:41+00:00,UNALLOCATED,,,,,
SLCMP1467-3536,3536,3537,509176937,2^509176937-1,STRUCTURAL_SCREEN_EXHAUSTED_PRIMALITY_UNASSIGNED,GF3A_DIRECTIONAL_WRITE_EXHAUSTED_PRIMALITY_UNASSIGNED,513,512,512,NO_RECORDED_FACTOR_PRP_OR_LL_RESULT_AND_NO_ACTIVE_GIMPS_ASSIGNMENT,2026-08-09T02:56:41+00:00,UNALLOCATED,,,,,
SLCMP1467-3537,3537,3538,509177023,2^509177023-1,STRUCTURAL_SCREEN_EXHAUSTED_PRIMALITY_UNASSIGNED,GF3A_DIRECTIONAL_WRITE_EXHAUSTED_PRIMALITY_UNASSIGNED,514,512,512,NO_RECORDED_FACTOR_PRP_OR_LL_RESULT_AND_NO_ACTIVE_GIMPS_ASSIGNMENT,2026-08-09T02:56:41+00:00,UNALLOCATED,,,,,
SLCMP1467-3538,3538,3539,509177167,2^509177167-1,STRUCTURAL_SCREEN_EXHAUSTED_PRIMALITY_UNASSIGNED,GF3A_DIRECTIONAL_WRITE_EXHAUSTED_PRIMALITY_UNASSIGNED,514,512,512,NO_RECORDED_FACTOR_PRP_OR_LL_RESULT_AND_NO_ACTIVE_GIMPS_ASSIGNMENT,2026-08-09T02:56:41+00:00,UNALLOCATED,,,,,
SLCMP1467-3539,3539,3540,509177411,2^509177411-1,STRUCTURAL_SCREEN_EXHAUSTED_PRIMALITY_UNASSIGNED,GF3A_DIRECTIONAL_WRITE_EXHAUSTED_PRIMALITY_UNASSIGNED,514,512,512,NO_RECORDED_FACTOR_PRP_OR_LL_RESULT_AND_NO_ACTIVE_GIMPS_ASSIGNMENT,2026-08-09T02:56:41+00:00,UNALLOCATED,,,,,
SLCMP1467-3540,3540,3541,509177441,2^509177441-1,STRUCTURAL_SCREEN_EXHAUSTED_PRIMALITY_UNASSIGNED,GF3A_DIRECTIONAL_WRITE_EXHAUSTED_PRIMALITY_UNASSIGNED,513,512,512,NO_RECORDED_FACTOR_PRP_OR_LL_RESULT_AND_NO_ACTIVE_GIMPS_ASSIGNMENT,2026-08-09T02:56:41+00:00,UNALLOCATED,,,,,
SLCMP1467-3541,3541,3542,509177497,2^509177497-1,STRUCTURAL_SCREEN_EXHAUSTED_PRIMALITY_UNASSIGNED,GF3A_DIRECTIONAL_WRITE_EXHAUSTED_PRIMALITY_UNASSIGNED,513,512,512,NO_RECORDED_FACTOR_PRP_OR_LL_RESULT_AND_NO_ACTIVE_GIMPS_ASSIGNMENT,2026-08-09T02:56:41+00:00,UNALLOCATED,,,,,
SLCMP1467-3542,3542,3543,509177593,2^509177593-1,STRUCTURAL_SCREEN_EXHAUSTED_PRIMALITY_UNASSIGNED,GF3A_DIRECTIONAL_WRITE_EXHAUSTED_PRIMALITY_UNASSIGNED,513,512,512,NO_RECORDED_FACTOR_PRP_OR_LL_RESULT_AND_NO_ACTIVE_GIMPS_ASSIGNMENT,2026-08-09T02:56:41+00:00,UNALLOCATED,,,,,
SLCMP1467-3543,3543,3544,509177629,2^509177629-1,STRUCTURAL_SCREEN_EXHAUSTED_PRIMALITY_UNASSIGNED,GF3A_DIRECTIONAL_WRITE_EXHAUSTED_PRIMALITY_UNASSIGNED,513,512,512,NO_RECORDED_FACTOR_PRP_OR_LL_RESULT_AND_NO_ACTIVE_GIMPS_ASSIGNMENT,2026-08-09T02:56:41+00:00,UNALLOCATED,,,,,
SLCMP1467-3544,3544,3545,509177677,2^509177677-1,STRUCTURAL_SCREEN_EXHAUSTED_PRIMALITY_UNASSIGNED,GF3A_DIRECTIONAL_WRITE_EXHAUSTED_PRIMALITY_UNASSIGNED,513,512,512,NO_RECORDED_FACTOR_PRP_OR_LL_RESULT_AND_NO_ACTIVE_GIMPS_ASSIGNMENT,2026-08-09T02:56:41+00:00,UNALLOCATED,,,,,
SLCMP1467-3545,3545,3546,509177741,2^509177741-1,STRUCTURAL_SCREEN_EXHAUSTED_PRIMALITY_UNASSIGNED,GF3A_DIRECTIONAL_WRITE_EXHAUSTED_PRIMALITY_UNASSIGNED,513,512,512,NO_RECORDED_FACTOR_PRP_OR_LL_RESULT_AND_NO_ACTIVE_GIMPS_ASSIGNMENT,2026-08-09T02:56:41+00:00,UNALLOCATED,,,,,
SLCMP1467-3546,3546,3547,509177777,2^509177777-1,STRUCTURAL_SCREEN_EXHAUSTED_PRIMALITY_UNASSIGNED,GF3A_DIRECTIONAL_WRITE_EXHAUSTED_PRIMALITY_UNASSIGNED,513,512,512,NO_RECORDED_FACTOR_PRP_OR_LL_RESULT_AND_NO_ACTIVE_GIMPS_ASSIGNMENT,2026-08-09T02:56:41+00:00,UNALLOCATED,,,,,
SLCMP1467-3547,3547,3548,509177813,2^509177813-1,STRUCTURAL_SCREEN_EXHAUSTED_PRIMALITY_UNASSIGNED,GF3A_DIRECTIONAL_WRITE_EXHAUSTED_PRIMALITY_UNASSIGNED,513,512,512,NO_RECORDED_FACTOR_PRP_OR_LL_RESULT_AND_NO_ACTIVE_GIMPS_ASSIGNMENT,2026-08-09T02:56:41+00:00,UNALLOCATED,,,,,
SLCMP1467-3548,3548,3549,509177857,2^509177857-1,STRUCTURAL_SCREEN_EXHAUSTED_PRIMALITY_UNASSIGNED,GF3A_DIRECTIONAL_WRITE_EXHAUSTED_PRIMALITY_UNASSIGNED,513,512,512,NO_RECORDED_FACTOR_PRP_OR_LL_RESULT_AND_NO_ACTIVE_GIMPS_ASSIGNMENT,2026-08-09T02:56:41+00:00,UNALLOCATED,,,,,
SLCMP1467-3549,3549,3550,509177951,2^509177951-1,STRUCTURAL_SCREEN_EXHAUSTED_PRIMALITY_UNASSIGNED,GF3A_DIRECTIONAL_WRITE_EXHAUSTED_PRIMALITY_UNASSIGNED,514,512,512,NO_RECORDED_FACTOR_PRP_OR_LL_RESULT_AND_NO_ACTIVE_GIMPS_ASSIGNMENT,2026-08-09T02:56:41+00:00,UNALLOCATED,,,,,
SLCMP1467-3550,3550,3551,509177959,2^509177959-1,STRUCTURAL_SCREEN_EXHAUSTED_PRIMALITY_UNASSIGNED,GF3A_DIRECTIONAL_WRITE_EXHAUSTED_PRIMALITY_UNASSIGNED,514,512,512,NO_RECORDED_FACTOR_PRP_OR_LL_RESULT_AND_NO_ACTIVE_GIMPS_ASSIGNMENT,2026-08-09T02:56:41+00:00,UNALLOCATED,,,,,
SLCMP1467-3551,3551,3552,509177971,2^509177971-1,STRUCTURAL_SCREEN_EXHAUSTED_PRIMALITY_UNASSIGNED,GF3A_DIRECTIONAL_WRITE_EXHAUSTED_PRIMALITY_UNASSIGNED,514,512,512,NO_RECORDED_FACTOR_PRP_OR_LL_RESULT_AND_NO_ACTIVE_GIMPS_ASSIGNMENT,2026-08-09T02:56:41+00:00,UNALLOCATED,,,,,
SLCMP1467-3552,3552,3553,509177987,2^509177987-1,STRUCTURAL_SCREEN_EXHAUSTED_PRIMALITY_UNASSIGNED,GF3A_DIRECTIONAL_WRITE_EXHAUSTED_PRIMALITY_UNASSIGNED,514,512,512,NO_RECORDED_FACTOR_PRP_OR_LL_RESULT_AND_NO_ACTIVE_GIMPS_ASSIGNMENT,2026-08-09T02:56:41+00:00,UNALLOCATED,,,,,
SLCMP1467-3553,3553,3554,509178223,2^509178223-1,STRUCTURAL_SCREEN_EXHAUSTED_PRIMALITY_UNASSIGNED,GF3A_DIRECTIONAL_WRITE_EXHAUSTED_PRIMALITY_UNASSIGNED,514,512,512,NO_RECORDED_FACTOR_PRP_OR_LL_RESULT_AND_NO_ACTIVE_GIMPS_ASSIGNMENT,2026-08-09T02:56:41+00:00,UNALLOCATED,,,,,
SLCMP1467-3554,3554,3555,509178247,2^509178247-1,STRUCTURAL_SCREEN_EXHAUSTED_PRIMALITY_UNASSIGNED,GF3A_DIRECTIONAL_WRITE_EXHAUSTED_PRIMALITY_UNASSIGNED,514,512,512,NO_RECORDED_FACTOR_PRP_OR_LL_RESULT_AND_NO_ACTIVE_GIMPS_ASSIGNMENT,2026-08-09T02:56:41+00:00,UNALLOCATED,,,,,
SLCMP1467-3555,3555,3556,509178253,2^509178253-1,STRUCTURAL_SCREEN_EXHAUSTED_PRIMALITY_UNASSIGNED,GF3A_DIRECTIONAL_WRITE_EXHAUSTED_PRIMALITY_UNASSIGNED,513,512,512,NO_RECORDED_FACTOR_PRP_OR_LL_RESULT_AND_NO_ACTIVE_GIMPS_ASSIGNMENT,2026-08-09T02:56:41+00:00,UNALLOCATED,,,,,
SLCMP1467-3556,3556,3557,509178281,2^509178281-1,STRUCTURAL_SCREEN_EXHAUSTED_PRIMALITY_UNASSIGNED,GF3A_DIRECTIONAL_WRITE_EXHAUSTED_PRIMALITY_UNASSIGNED,513,512,512,NO_RECORDED_FACTOR_PRP_OR_LL_RESULT_AND_NO_ACTIVE_GIMPS_ASSIGNMENT,2026-08-09T02:56:41+00:00,UNALLOCATED,,,,,
SLCMP1467-3557,3557,3558,509178361,2^509178361-1,STRUCTURAL_SCREEN_EXHAUSTED_PRIMALITY_UNASSIGNED,GF3A_DIRECTIONAL_WRITE_EXHAUSTED_PRIMALITY_UNASSIGNED,513,512,512,NO_RECORDED_FACTOR_PRP_OR_LL_RESULT_AND_NO_ACTIVE_GIMPS_ASSIGNMENT,2026-08-09T02:56:41+00:00,UNALLOCATED,,,,,
SLCMP1467-3558,3558,3559,509178391,2^509178391-1,STRUCTURAL_SCREEN_EXHAUSTED_PRIMALITY_UNASSIGNED,GF3A_DIRECTIONAL_WRITE_EXHAUSTED_PRIMALITY_UNASSIGNED,514,512,512,NO_RECORDED_FACTOR_PRP_OR_LL_RESULT_AND_NO_ACTIVE_GIMPS_ASSIGNMENT,2026-08-09T02:56:41+00:00,UNALLOCATED,,,,,
SLCMP1467-3559,3559,3560,509178469,2^509178469-1,STRUCTURAL_SCREEN_EXHAUSTED_PRIMALITY_UNASSIGNED,GF3A_DIRECTIONAL_WRITE_EXHAUSTED_PRIMALITY_UNASSIGNED,513,512,512,NO_RECORDED_FACTOR_PRP_OR_LL_RESULT_AND_NO_ACTIVE_GIMPS_ASSIGNMENT,2026-08-09T02:56:41+00:00,UNALLOCATED,,,,,
SLCMP1467-3560,3560,3561,509178487,2^509178487-1,STRUCTURAL_SCREEN_EXHAUSTED_PRIMALITY_UNASSIGNED,GF3A_DIRECTIONAL_WRITE_EXHAUSTED_PRIMALITY_UNASSIGNED,514,512,512,NO_RECORDED_FACTOR_PRP_OR_LL_RESULT_AND_NO_ACTIVE_GIMPS_ASSIGNMENT,2026-08-09T02:56:41+00:00,UNALLOCATED,,,,,
SLCMP1467-3561,3561,3562,509178547,2^509178547-1,STRUCTURAL_SCREEN_EXHAUSTED_PRIMALITY_UNASSIGNED,GF3A_DIRECTIONAL_WRITE_EXHAUSTED_PRIMALITY_UNASSIGNED,514,512,512,NO_RECORDED_FACTOR_PRP_OR_LL_RESULT_AND_NO_ACTIVE_GIMPS_ASSIGNMENT,2026-08-09T02:56:41+00:00,UNALLOCATED,,,,,
SLCMP1467-3562,3562,3563,509178557,2^509178557-1,STRUCTURAL_SCREEN_EXHAUSTED_PRIMALITY_UNASSIGNED,GF3A_DIRECTIONAL_WRITE_EXHAUSTED_PRIMALITY_UNASSIGNED,513,512,512,NO_RECORDED_FACTOR_PRP_OR_LL_RESULT_AND_NO_ACTIVE_GIMPS_ASSIGNMENT,2026-08-09T02:56:41+00:00,UNALLOCATED,,,,,
SLCMP1467-3563,3563,3564,509178563,2^509178563-1,STRUCTURAL_SCREEN_EXHAUSTED_PRIMALITY_UNASSIGNED,GF3A_DIRECTIONAL_WRITE_EXHAUSTED_PRIMALITY_UNASSIGNED,514,512,512,NO_RECORDED_FACTOR_PRP_OR_LL_RESULT_AND_NO_ACTIVE_GIMPS_ASSIGNMENT,2026-08-09T02:56:41+00:00,UNALLOCATED,,,,,
SLCMP1467-3564,3564,3565,509178757,2^509178757-1,STRUCTURAL_SCREEN_EXHAUSTED_PRIMALITY_UNASSIGNED,GF3A_DIRECTIONAL_WRITE_EXHAUSTED_PRIMALITY_UNASSIGNED,513,512,512,NO_RECORDED_FACTOR_PRP_OR_LL_RESULT_AND_NO_ACTIVE_GIMPS_ASSIGNMENT,2026-08-09T02:56:41+00:00,UNALLOCATED,,,,,
SLCMP1467-3565,3565,3566,509178767,2^509178767-1,STRUCTURAL_SCREEN_EXHAUSTED_PRIMALITY_UNASSIGNED,GF3A_DIRECTIONAL_WRITE_EXHAUSTED_PRIMALITY_UNASSIGNED,514,512,512,NO_RECORDED_FACTOR_PRP_OR_LL_RESULT_AND_NO_ACTIVE_GIMPS_ASSIGNMENT,2026-08-09T02:56:41+00:00,UNALLOCATED,,,,,
SLCMP1467-3566,3566,3567,509178797,2^509178797-1,STRUCTURAL_SCREEN_EXHAUSTED_PRIMALITY_UNASSIGNED,GF3A_DIRECTIONAL_WRITE_EXHAUSTED_PRIMALITY_UNASSIGNED,513,512,512,NO_RECORDED_FACTOR_PRP_OR_LL_RESULT_AND_NO_ACTIVE_GIMPS_ASSIGNMENT,2026-08-09T02:56:41+00:00,UNALLOCATED,,,,,
SLCMP1467-3567,3567,3568,509178847,2^509178847-1,STRUCTURAL_SCREEN_EXHAUSTED_PRIMALITY_UNASSIGNED,GF3A_DIRECTIONAL_WRITE_EXHAUSTED_PRIMALITY_UNASSIGNED,514,512,512,NO_RECORDED_FACTOR_PRP_OR_LL_RESULT_AND_NO_ACTIVE_GIMPS_ASSIGNMENT,2026-08-09T02:56:41+00:00,UNALLOCATED,,,,,
SLCMP1467-3568,3568,3569,509178913,2^509178913-1,STRUCTURAL_SCREEN_EXHAUSTED_PRIMALITY_UNASSIGNED,GF3A_DIRECTIONAL_WRITE_EXHAUSTED_PRIMALITY_UNASSIGNED,513,512,512,NO_RECORDED_FACTOR_PRP_OR_LL_RESULT_AND_NO_ACTIVE_GIMPS_ASSIGNMENT,2026-08-09T02:56:41+00:00,UNALLOCATED,,,,,
SLCMP1467-3569,3569,3570,509178931,2^509178931-1,STRUCTURAL_SCREEN_EXHAUSTED_PRIMALITY_UNASSIGNED,GF3A_DIRECTIONAL_WRITE_EXHAUSTED_PRIMALITY_UNASSIGNED,514,512,512,NO_RECORDED_FACTOR_PRP_OR_LL_RESULT_AND_NO_ACTIVE_GIMPS_ASSIGNMENT,2026-08-09T02:56:41+00:00,UNALLOCATED,,,,,
SLCMP1467-3570,3570,3571,509178983,2^509178983-1,STRUCTURAL_SCREEN_EXHAUSTED_PRIMALITY_UNASSIGNED,GF3A_DIRECTIONAL_WRITE_EXHAUSTED_PRIMALITY_UNASSIGNED,514,512,512,NO_RECORDED_FACTOR_PRP_OR_LL_RESULT_AND_NO_ACTIVE_GIMPS_ASSIGNMENT,2026-08-09T02:56:41+00:00,UNALLOCATED,,,,,
SLCMP1467-3571,3571,3572,509179063,2^509179063-1,STRUCTURAL_SCREEN_EXHAUSTED_PRIMALITY_UNASSIGNED,GF3A_DIRECTIONAL_WRITE_EXHAUSTED_PRIMALITY_UNASSIGNED,514,512,512,NO_RECORDED_FACTOR_PRP_OR_LL_RESULT_AND_NO_ACTIVE_GIMPS_ASSIGNMENT,2026-08-09T02:56:41+00:00,UNALLOCATED,,,,,
SLCMP1467-3572,3572,3573,509179079,2^509179079-1,STRUCTURAL_SCREEN_EXHAUSTED_PRIMALITY_UNASSIGNED,GF3A_DIRECTIONAL_WRITE_EXHAUSTED_PRIMALITY_UNASSIGNED,514,512,512,NO_RECORDED_FACTOR_PRP_OR_LL_RESULT_AND_NO_ACTIVE_GIMPS_ASSIGNMENT,2026-08-09T02:56:41+00:00,UNALLOCATED,,,,,
SLCMP1467-3573,3573,3574,509179091,2^509179091-1,STRUCTURAL_SCREEN_EXHAUSTED_PRIMALITY_UNASSIGNED,GF3A_DIRECTIONAL_WRITE_EXHAUSTED_PRIMALITY_UNASSIGNED,514,512,512,NO_RECORDED_FACTOR_PRP_OR_LL_RESULT_AND_NO_ACTIVE_GIMPS_ASSIGNMENT,2026-08-09T02:56:41+00:00,UNALLOCATED,,,,,
SLCMP1467-3574,3574,3575,509179133,2^509179133-1,STRUCTURAL_SCREEN_EXHAUSTED_PRIMALITY_UNASSIGNED,GF3A_DIRECTIONAL_WRITE_EXHAUSTED_PRIMALITY_UNASSIGNED,513,512,512,NO_RECORDED_FACTOR_PRP_OR_LL_RESULT_AND_NO_ACTIVE_GIMPS_ASSIGNMENT,2026-08-09T02:56:41+00:00,UNALLOCATED,,,,,
SLCMP1467-3575,3575,3576,509179141,2^509179141-1,STRUCTURAL_SCREEN_EXHAUSTED_PRIMALITY_UNASSIGNED,GF3A_DIRECTIONAL_WRITE_EXHAUSTED_PRIMALITY_UNASSIGNED,513,512,512,NO_RECORDED_FACTOR_PRP_OR_LL_RESULT_AND_NO_ACTIVE_GIMPS_ASSIGNMENT,2026-08-09T02:56:41+00:00,UNALLOCATED,,,,,
SLCMP1467-3576,3576,3577,509179219,2^509179219-1,STRUCTURAL_SCREEN_EXHAUSTED_PRIMALITY_UNASSIGNED,GF3A_DIRECTIONAL_WRITE_EXHAUSTED_PRIMALITY_UNASSIGNED,514,512,512,NO_RECORDED_FACTOR_PRP_OR_LL_RESULT_AND_NO_ACTIVE_GIMPS_ASSIGNMENT,2026-08-09T02:56:41+00:00,UNALLOCATED,,,,,
SLCMP1467-3577,3577,3578,509179259,2^509179259-1,STRUCTURAL_SCREEN_EXHAUSTED_PRIMALITY_UNASSIGNED,GF3A_DIRECTIONAL_WRITE_EXHAUSTED_PRIMALITY_UNASSIGNED,514,512,512,NO_RECORDED_FACTOR_PRP_OR_LL_RESULT_AND_NO_ACTIVE_GIMPS_ASSIGNMENT,2026-08-09T02:56:41+00:00,UNALLOCATED,,,,,
SLCMP1467-3578,3578,3579,509179331,2^509179331-1,STRUCTURAL_SCREEN_EXHAUSTED_PRIMALITY_UNASSIGNED,GF3A_DIRECTIONAL_WRITE_EXHAUSTED_PRIMALITY_UNASSIGNED,514,512,512,NO_RECORDED_FACTOR_PRP_OR_LL_RESULT_AND_NO_ACTIVE_GIMPS_ASSIGNMENT,2026-08-09T02:56:41+00:00,UNALLOCATED,,,,,
SLCMP1467-3579,3579,3580,509179343,2^509179343-1,STRUCTURAL_SCREEN_EXHAUSTED_PRIMALITY_UNASSIGNED,GF3A_DIRECTIONAL_WRITE_EXHAUSTED_PRIMALITY_UNASSIGNED,514,512,512,NO_RECORDED_FACTOR_PRP_OR_LL_RESULT_AND_NO_ACTIVE_GIMPS_ASSIGNMENT,2026-08-09T02:56:41+00:00,UNALLOCATED,,,,,
SLCMP1467-3580,3580,3581,509179357,2^509179357-1,STRUCTURAL_SCREEN_EXHAUSTED_PRIMALITY_UNASSIGNED,GF3A_DIRECTIONAL_WRITE_EXHAUSTED_PRIMALITY_UNASSIGNED,513,512,512,NO_RECORDED_FACTOR_PRP_OR_LL_RESULT_AND_NO_ACTIVE_GIMPS_ASSIGNMENT,2026-08-09T02:56:41+00:00,UNALLOCATED,,,,,
SLCMP1467-3581,3581,3582,509179409,2^509179409-1,STRUCTURAL_SCREEN_EXHAUSTED_PRIMALITY_UNASSIGNED,GF3A_DIRECTIONAL_WRITE_EXHAUSTED_PRIMALITY_UNASSIGNED,513,512,512,NO_RECORDED_FACTOR_PRP_OR_LL_RESULT_AND_NO_ACTIVE_GIMPS_ASSIGNMENT,2026-08-09T02:56:41+00:00,UNALLOCATED,,,,,
SLCMP1467-3582,3582,3583,509179511,2^509179511-1,STRUCTURAL_SCREEN_EXHAUSTED_PRIMALITY_UNASSIGNED,GF3A_DIRECTIONAL_WRITE_EXHAUSTED_PRIMALITY_UNASSIGNED,514,512,512,NO_RECORDED_FACTOR_PRP_OR_LL_RESULT_AND_NO_ACTIVE_GIMPS_ASSIGNMENT,2026-08-09T02:56:41+00:00,UNALLOCATED,,,,,
SLCMP1467-3583,3583,3584,509179621,2^509179621-1,STRUCTURAL_SCREEN_EXHAUSTED_PRIMALITY_UNASSIGNED,GF3A_DIRECTIONAL_WRITE_EXHAUSTED_PRIMALITY_UNASSIGNED,513,512,512,NO_RECORDED_FACTOR_PRP_OR_LL_RESULT_AND_NO_ACTIVE_GIMPS_ASSIGNMENT,2026-08-09T02:56:41+00:00,UNALLOCATED,,,,,
SLCMP1467-3584,3584,3585,509179633,2^509179633-1,STRUCTURAL_SCREEN_EXHAUSTED_PRIMALITY_UNASSIGNED,GF3A_DIRECTIONAL_WRITE_EXHAUSTED_PRIMALITY_UNASSIGNED,513,512,512,NO_RECORDED_FACTOR_PRP_OR_LL_RESULT_AND_NO_ACTIVE_GIMPS_ASSIGNMENT,2026-08-09T02:56:41+00:00,UNALLOCATED,,,,,
SLCMP1467-3585,3585,3586,509179679,2^509179679-1,STRUCTURAL_SCREEN_EXHAUSTED_PRIMALITY_UNASSIGNED,GF3A_DIRECTIONAL_WRITE_EXHAUSTED_PRIMALITY_UNASSIGNED,514,512,512,NO_RECORDED_FACTOR_PRP_OR_LL_RESULT_AND_NO_ACTIVE_GIMPS_ASSIGNMENT,2026-08-09T02:56:41+00:00,UNALLOCATED,,,,,
SLCMP1467-3586,3586,3587,509179747,2^509179747-1,STRUCTURAL_SCREEN_EXHAUSTED_PRIMALITY_UNASSIGNED,GF3A_DIRECTIONAL_WRITE_EXHAUSTED_PRIMALITY_UNASSIGNED,514,512,512,NO_RECORDED_FACTOR_PRP_OR_LL_RESULT_AND_NO_ACTIVE_GIMPS_ASSIGNMENT,2026-08-09T02:56:41+00:00,UNALLOCATED,,,,,
SLCMP1467-3587,3587,3588,509179799,2^509179799-1,STRUCTURAL_SCREEN_EXHAUSTED_PRIMALITY_UNASSIGNED,GF3A_DIRECTIONAL_WRITE_EXHAUSTED_PRIMALITY_UNASSIGNED,514,512,512,NO_RECORDED_FACTOR_PRP_OR_LL_RESULT_AND_NO_ACTIVE_GIMPS_ASSIGNMENT,2026-08-09T02:56:41+00:00,UNALLOCATED,,,,,
SLCMP1467-3588,3588,3589,509179859,2^509179859-1,STRUCTURAL_SCREEN_EXHAUSTED_PRIMALITY_UNASSIGNED,GF3A_DIRECTIONAL_WRITE_EXHAUSTED_PRIMALITY_UNASSIGNED,514,512,512,NO_RECORDED_FACTOR_PRP_OR_LL_RESULT_AND_NO_ACTIVE_GIMPS_ASSIGNMENT,2026-08-09T02:56:41+00:00,UNALLOCATED,,,,,
SLCMP1467-3589,3589,3590,509179927,2^509179927-1,STRUCTURAL_SCREEN_EXHAUSTED_PRIMALITY_UNASSIGNED,GF3A_DIRECTIONAL_WRITE_EXHAUSTED_PRIMALITY_UNASSIGNED,514,512,512,NO_RECORDED_FACTOR_PRP_OR_LL_RESULT_AND_NO_ACTIVE_GIMPS_ASSIGNMENT,2026-08-09T02:56:41+00:00,UNALLOCATED,,,,,
SLCMP1467-3590,3590,3591,509179939,2^509179939-1,STRUCTURAL_SCREEN_EXHAUSTED_PRIMALITY_UNASSIGNED,GF3A_DIRECTIONAL_WRITE_EXHAUSTED_PRIMALITY_UNASSIGNED,514,512,512,NO_RECORDED_FACTOR_PRP_OR_LL_RESULT_AND_NO_ACTIVE_GIMPS_ASSIGNMENT,2026-08-09T02:56:41+00:00,UNALLOCATED,,,,,
SLCMP1467-3591,3591,3592,509179987,2^509179987-1,STRUCTURAL_SCREEN_EXHAUSTED_PRIMALITY_UNASSIGNED,GF3A_DIRECTIONAL_WRITE_EXHAUSTED_PRIMALITY_UNASSIGNED,514,512,512,NO_RECORDED_FACTOR_PRP_OR_LL_RESULT_AND_NO_ACTIVE_GIMPS_ASSIGNMENT,2026-08-09T02:56:41+00:00,UNALLOCATED,,,,,
SLCMP1467-3592,3592,3593,509180011,2^509180011-1,STRUCTURAL_SCREEN_EXHAUSTED_PRIMALITY_UNASSIGNED,GF3A_DIRECTIONAL_WRITE_EXHAUSTED_PRIMALITY_UNASSIGNED,514,512,512,NO_RECORDED_FACTOR_PRP_OR_LL_RESULT_AND_NO_ACTIVE_GIMPS_ASSIGNMENT,2026-08-09T02:56:41+00:00,UNALLOCATED,,,,,
SLCMP1467-3593,3593,3594,509180041,2^509180041-1,STRUCTURAL_SCREEN_EXHAUSTED_PRIMALITY_UNASSIGNED,GF3A_DIRECTIONAL_WRITE_EXHAUSTED_PRIMALITY_UNASSIGNED,513,512,512,NO_RECORDED_FACTOR_PRP_OR_LL_RESULT_AND_NO_ACTIVE_GIMPS_ASSIGNMENT,2026-08-09T02:56:41+00:00,UNALLOCATED,,,,,
SLCMP1467-3594,3594,3595,509180081,2^509180081-1,STRUCTURAL_SCREEN_EXHAUSTED_PRIMALITY_UNASSIGNED,GF3A_DIRECTIONAL_WRITE_EXHAUSTED_PRIMALITY_UNASSIGNED,513,512,512,NO_RECORDED_FACTOR_PRP_OR_LL_RESULT_AND_NO_ACTIVE_GIMPS_ASSIGNMENT,2026-08-09T02:56:41+00:00,UNALLOCATED,,,,,
SLCMP1467-3595,3595,3596,509180171,2^509180171-1,STRUCTURAL_SCREEN_EXHAUSTED_PRIMALITY_UNASSIGNED,GF3A_DIRECTIONAL_WRITE_EXHAUSTED_PRIMALITY_UNASSIGNED,514,512,512,NO_RECORDED_FACTOR_PRP_OR_LL_RESULT_AND_NO_ACTIVE_GIMPS_ASSIGNMENT,2026-08-09T02:56:41+00:00,UNALLOCATED,,,,,
SLCMP1467-3596,3596,3597,509180251,2^509180251-1,STRUCTURAL_SCREEN_EXHAUSTED_PRIMALITY_UNASSIGNED,GF3A_DIRECTIONAL_WRITE_EXHAUSTED_PRIMALITY_UNASSIGNED,514,512,512,NO_RECORDED_FACTOR_PRP_OR_LL_RESULT_AND_NO_ACTIVE_GIMPS_ASSIGNMENT,2026-08-09T02:56:41+00:00,UNALLOCATED,,,,,
SLCMP1467-3597,3597,3598,509180291,2^509180291-1,STRUCTURAL_SCREEN_EXHAUSTED_PRIMALITY_UNASSIGNED,GF3A_DIRECTIONAL_WRITE_EXHAUSTED_PRIMALITY_UNASSIGNED,514,512,512,NO_RECORDED_FACTOR_PRP_OR_LL_RESULT_AND_NO_ACTIVE_GIMPS_ASSIGNMENT,2026-08-09T02:56:41+00:00,UNALLOCATED,,,,,
SLCMP1467-3598,3598,3599,509180293,2^509180293-1,STRUCTURAL_SCREEN_EXHAUSTED_PRIMALITY_UNASSIGNED,GF3A_DIRECTIONAL_WRITE_EXHAUSTED_PRIMALITY_UNASSIGNED,513,512,512,NO_RECORDED_FACTOR_PRP_OR_LL_RESULT_AND_NO_ACTIVE_GIMPS_ASSIGNMENT,2026-08-09T02:56:41+00:00,UNALLOCATED,,,,,
SLCMP1467-3599,3599,3600,509180323,2^509180323-1,STRUCTURAL_SCREEN_EXHAUSTED_PRIMALITY_UNASSIGNED,GF3A_DIRECTIONAL_WRITE_EXHAUSTED_PRIMALITY_UNASSIGNED,514,512,512,NO_RECORDED_FACTOR_PRP_OR_LL_RESULT_AND_NO_ACTIVE_GIMPS_ASSIGNMENT,2026-08-09T02:56:41+00:00,UNALLOCATED,,,,,
SLCMP1467-3600,3600,3601,509180341,2^509180341-1,STRUCTURAL_SCREEN_EXHAUSTED_PRIMALITY_UNASSIGNED,GF3A_DIRECTIONAL_WRITE_EXHAUSTED_PRIMALITY_UNASSIGNED,513,512,512,NO_RECORDED_FACTOR_PRP_OR_LL_RESULT_AND_NO_ACTIVE_GIMPS_ASSIGNMENT,2026-08-09T02:56:41+00:00,UNALLOCATED,,,,,
SLCMP1467-3601,3601,3602,509180387,2^509180387-1,STRUCTURAL_SCREEN_EXHAUSTED_PRIMALITY_UNASSIGNED,GF3A_DIRECTIONAL_WRITE_EXHAUSTED_PRIMALITY_UNASSIGNED,514,512,512,NO_RECORDED_FACTOR_PRP_OR_LL_RESULT_AND_NO_ACTIVE_GIMPS_ASSIGNMENT,2026-08-09T02:56:41+00:00,UNALLOCATED,,,,,
SLCMP1467-3602,3602,3603,509180393,2^509180393-1,STRUCTURAL_SCREEN_EXHAUSTED_PRIMALITY_UNASSIGNED,GF3A_DIRECTIONAL_WRITE_EXHAUSTED_PRIMALITY_UNASSIGNED,513,512,512,NO_RECORDED_FACTOR_PRP_OR_LL_RESULT_AND_NO_ACTIVE_GIMPS_ASSIGNMENT,2026-08-09T02:56:41+00:00,UNALLOCATED,,,,,
SLCMP1467-3603,3603,3604,509180407,2^509180407-1,STRUCTURAL_SCREEN_EXHAUSTED_PRIMALITY_UNASSIGNED,GF3A_DIRECTIONAL_WRITE_EXHAUSTED_PRIMALITY_UNASSIGNED,514,512,512,NO_RECORDED_FACTOR_PRP_OR_LL_RESULT_AND_NO_ACTIVE_GIMPS_ASSIGNMENT,2026-08-09T02:56:41+00:00,UNALLOCATED,,,,,
SLCMP1467-3604,3604,3605,509180459,2^509180459-1,STRUCTURAL_SCREEN_EXHAUSTED_PRIMALITY_UNASSIGNED,GF3A_DIRECTIONAL_WRITE_EXHAUSTED_PRIMALITY_UNASSIGNED,514,512,512,NO_RECORDED_FACTOR_PRP_OR_LL_RESULT_AND_NO_ACTIVE_GIMPS_ASSIGNMENT,2026-08-09T02:56:41+00:00,UNALLOCATED,,,,,
SLCMP1467-3605,3605,3606,509180471,2^509180471-1,STRUCTURAL_SCREEN_EXHAUSTED_PRIMALITY_UNASSIGNED,GF3A_DIRECTIONAL_WRITE_EXHAUSTED_PRIMALITY_UNASSIGNED,514,512,512,NO_RECORDED_FACTOR_PRP_OR_LL_RESULT_AND_NO_ACTIVE_GIMPS_ASSIGNMENT,2026-08-09T02:56:41+00:00,UNALLOCATED,,,,,
SLCMP1467-3606,3606,3607,509180527,2^509180527-1,STRUCTURAL_SCREEN_EXHAUSTED_PRIMALITY_UNASSIGNED,GF3A_DIRECTIONAL_WRITE_EXHAUSTED_PRIMALITY_UNASSIGNED,514,512,512,NO_RECORDED_FACTOR_PRP_OR_LL_RESULT_AND_NO_ACTIVE_GIMPS_ASSIGNMENT,2026-08-09T02:56:41+00:00,UNALLOCATED,,,,,
SLCMP1467-3607,3607,3608,509180533,2^509180533-1,STRUCTURAL_SCREEN_EXHAUSTED_PRIMALITY_UNASSIGNED,GF3A_DIRECTIONAL_WRITE_EXHAUSTED_PRIMALITY_UNASSIGNED,513,512,512,NO_RECORDED_FACTOR_PRP_OR_LL_RESULT_AND_NO_ACTIVE_GIMPS_ASSIGNMENT,2026-08-09T02:56:41+00:00,UNALLOCATED,,,,,
SLCMP1467-3608,3608,3609,509180591,2^509180591-1,STRUCTURAL_SCREEN_EXHAUSTED_PRIMALITY_UNASSIGNED,GF3A_DIRECTIONAL_WRITE_EXHAUSTED_PRIMALITY_UNASSIGNED,514,512,512,NO_RECORDED_FACTOR_PRP_OR_LL_RESULT_AND_NO_ACTIVE_GIMPS_ASSIGNMENT,2026-08-09T02:56:41+00:00,UNALLOCATED,,,,,
SLCMP1467-3609,3609,3610,509180629,2^509180629-1,STRUCTURAL_SCREEN_EXHAUSTED_PRIMALITY_UNASSIGNED,GF3A_DIRECTIONAL_WRITE_EXHAUSTED_PRIMALITY_UNASSIGNED,513,512,512,NO_RECORDED_FACTOR_PRP_OR_LL_RESULT_AND_NO_ACTIVE_GIMPS_ASSIGNMENT,2026-08-09T02:56:41+00:00,UNALLOCATED,,,,,
SLCMP1467-3610,3610,3611,509180663,2^509180663-1,STRUCTURAL_SCREEN_EXHAUSTED_PRIMALITY_UNASSIGNED,GF3A_DIRECTIONAL_WRITE_EXHAUSTED_PRIMALITY_UNASSIGNED,514,512,512,NO_RECORDED_FACTOR_PRP_OR_LL_RESULT_AND_NO_ACTIVE_GIMPS_ASSIGNMENT,2026-08-09T02:56:41+00:00,UNALLOCATED,,,,,
SLCMP1467-3611,3611,3612,509180723,2^509180723-1,STRUCTURAL_SCREEN_EXHAUSTED_PRIMALITY_UNASSIGNED,GF3A_DIRECTIONAL_WRITE_EXHAUSTED_PRIMALITY_UNASSIGNED,514,512,512,NO_RECORDED_FACTOR_PRP_OR_LL_RESULT_AND_NO_ACTIVE_GIMPS_ASSIGNMENT,2026-08-09T02:56:41+00:00,UNALLOCATED,,,,,
SLCMP1467-3612,3612,3613,509180731,2^509180731-1,STRUCTURAL_SCREEN_EXHAUSTED_PRIMALITY_UNASSIGNED,GF3A_DIRECTIONAL_WRITE_EXHAUSTED_PRIMALITY_UNASSIGNED,514,512,512,NO_RECORDED_FACTOR_PRP_OR_LL_RESULT_AND_NO_ACTIVE_GIMPS_ASSIGNMENT,2026-08-09T02:56:41+00:00,UNALLOCATED,,,,,
SLCMP1467-3613,3613,3614,509180843,2^509180843-1,STRUCTURAL_SCREEN_EXHAUSTED_PRIMALITY_UNASSIGNED,GF3A_DIRECTIONAL_WRITE_EXHAUSTED_PRIMALITY_UNASSIGNED,514,512,512,NO_RECORDED_FACTOR_PRP_OR_LL_RESULT_AND_NO_ACTIVE_GIMPS_ASSIGNMENT,2026-08-09T02:56:41+00:00,UNALLOCATED,,,,,
SLCMP1467-3614,3614,3615,509180851,2^509180851-1,STRUCTURAL_SCREEN_EXHAUSTED_PRIMALITY_UNASSIGNED,GF3A_DIRECTIONAL_WRITE_EXHAUSTED_PRIMALITY_UNASSIGNED,514,512,512,NO_RECORDED_FACTOR_PRP_OR_LL_RESULT_AND_NO_ACTIVE_GIMPS_ASSIGNMENT,2026-08-09T02:56:41+00:00,UNALLOCATED,,,,,
SLCMP1467-3615,3615,3616,509180929,2^509180929-1,STRUCTURAL_SCREEN_EXHAUSTED_PRIMALITY_UNASSIGNED,GF3A_DIRECTIONAL_WRITE_EXHAUSTED_PRIMALITY_UNASSIGNED,513,512,512,NO_RECORDED_FACTOR_PRP_OR_LL_RESULT_AND_NO_ACTIVE_GIMPS_ASSIGNMENT,2026-08-09T02:56:41+00:00,UNALLOCATED,,,,,
SLCMP1467-3616,3616,3617,509180999,2^509180999-1,STRUCTURAL_SCREEN_EXHAUSTED_PRIMALITY_UNASSIGNED,GF3A_DIRECTIONAL_WRITE_EXHAUSTED_PRIMALITY_UNASSIGNED,514,512,512,NO_RECORDED_FACTOR_PRP_OR_LL_RESULT_AND_NO_ACTIVE_GIMPS_ASSIGNMENT,2026-08-09T02:56:41+00:00,UNALLOCATED,,,,,
SLCMP1467-3617,3617,3618,509181011,2^509181011-1,STRUCTURAL_SCREEN_EXHAUSTED_PRIMALITY_UNASSIGNED,GF3A_DIRECTIONAL_WRITE_EXHAUSTED_PRIMALITY_UNASSIGNED,514,512,512,NO_RECORDED_FACTOR_PRP_OR_LL_RESULT_AND_NO_ACTIVE_GIMPS_ASSIGNMENT,2026-08-09T02:56:41+00:00,UNALLOCATED,,,,,
SLCMP1467-3618,3618,3619,509181031,2^509181031-1,STRUCTURAL_SCREEN_EXHAUSTED_PRIMALITY_UNASSIGNED,GF3A_DIRECTIONAL_WRITE_EXHAUSTED_PRIMALITY_UNASSIGNED,514,512,512,NO_RECORDED_FACTOR_PRP_OR_LL_RESULT_AND_NO_ACTIVE_GIMPS_ASSIGNMENT,2026-08-09T02:56:41+00:00,UNALLOCATED,,,,,
SLCMP1467-3619,3619,3620,509181077,2^509181077-1,STRUCTURAL_SCREEN_EXHAUSTED_PRIMALITY_UNASSIGNED,GF3A_DIRECTIONAL_WRITE_EXHAUSTED_PRIMALITY_UNASSIGNED,513,512,512,NO_RECORDED_FACTOR_PRP_OR_LL_RESULT_AND_NO_ACTIVE_GIMPS_ASSIGNMENT,2026-08-09T02:56:41+00:00,UNALLOCATED,,,,,
SLCMP1467-3620,3620,3621,509181139,2^509181139-1,STRUCTURAL_SCREEN_EXHAUSTED_PRIMALITY_UNASSIGNED,GF3A_DIRECTIONAL_WRITE_EXHAUSTED_PRIMALITY_UNASSIGNED,514,512,512,NO_RECORDED_FACTOR_PRP_OR_LL_RESULT_AND_NO_ACTIVE_GIMPS_ASSIGNMENT,2026-08-09T02:56:41+00:00,UNALLOCATED,,,,,
SLCMP1467-3621,3621,3622,509181143,2^509181143-1,STRUCTURAL_SCREEN_EXHAUSTED_PRIMALITY_UNASSIGNED,GF3A_DIRECTIONAL_WRITE_EXHAUSTED_PRIMALITY_UNASSIGNED,514,512,512,NO_RECORDED_FACTOR_PRP_OR_LL_RESULT_AND_NO_ACTIVE_GIMPS_ASSIGNMENT,2026-08-09T02:56:41+00:00,UNALLOCATED,,,,,
SLCMP1467-3622,3622,3623,509181251,2^509181251-1,STRUCTURAL_SCREEN_EXHAUSTED_PRIMALITY_UNASSIGNED,GF3A_DIRECTIONAL_WRITE_EXHAUSTED_PRIMALITY_UNASSIGNED,514,512,512,NO_RECORDED_FACTOR_PRP_OR_LL_RESULT_AND_NO_ACTIVE_GIMPS_ASSIGNMENT,2026-08-09T02:56:41+00:00,UNALLOCATED,,,,,
SLCMP1467-3623,3623,3624,509181319,2^509181319-1,STRUCTURAL_SCREEN_EXHAUSTED_PRIMALITY_UNASSIGNED,GF3A_DIRECTIONAL_WRITE_EXHAUSTED_PRIMALITY_UNASSIGNED,514,512,512,NO_RECORDED_FACTOR_PRP_OR_LL_RESULT_AND_NO_ACTIVE_GIMPS_ASSIGNMENT,2026-08-09T02:56:41+00:00,UNALLOCATED,,,,,
SLCMP1467-3624,3624,3625,509181341,2^509181341-1,STRUCTURAL_SCREEN_EXHAUSTED_PRIMALITY_UNASSIGNED,GF3A_DIRECTIONAL_WRITE_EXHAUSTED_PRIMALITY_UNASSIGNED,513,512,512,NO_RECORDED_FACTOR_PRP_OR_LL_RESULT_AND_NO_ACTIVE_GIMPS_ASSIGNMENT,2026-08-09T02:56:41+00:00,UNALLOCATED,,,,,
SLCMP1467-3625,3625,3626,509181347,2^509181347-1,STRUCTURAL_SCREEN_EXHAUSTED_PRIMALITY_UNASSIGNED,GF3A_DIRECTIONAL_WRITE_EXHAUSTED_PRIMALITY_UNASSIGNED,514,512,512,NO_RECORDED_FACTOR_PRP_OR_LL_RESULT_AND_NO_ACTIVE_GIMPS_ASSIGNMENT,2026-08-09T02:56:41+00:00,UNALLOCATED,,,,,
SLCMP1467-3626,3626,3627,509181359,2^509181359-1,STRUCTURAL_SCREEN_EXHAUSTED_PRIMALITY_UNASSIGNED,GF3A_DIRECTIONAL_WRITE_EXHAUSTED_PRIMALITY_UNASSIGNED,514,512,512,NO_RECORDED_FACTOR_PRP_OR_LL_RESULT_AND_NO_ACTIVE_GIMPS_ASSIGNMENT,2026-08-09T02:56:41+00:00,UNALLOCATED,,,,,
SLCMP1467-3627,3627,3628,509181377,2^509181377-1,STRUCTURAL_SCREEN_EXHAUSTED_PRIMALITY_UNASSIGNED,GF3A_DIRECTIONAL_WRITE_EXHAUSTED_PRIMALITY_UNASSIGNED,513,512,512,NO_RECORDED_FACTOR_PRP_OR_LL_RESULT_AND_NO_ACTIVE_GIMPS_ASSIGNMENT,2026-08-09T02:56:41+00:00,UNALLOCATED,,,,,
SLCMP1467-3628,3628,3629,509181443,2^509181443-1,STRUCTURAL_SCREEN_EXHAUSTED_PRIMALITY_UNASSIGNED,GF3A_DIRECTIONAL_WRITE_EXHAUSTED_PRIMALITY_UNASSIGNED,514,512,512,NO_RECORDED_FACTOR_PRP_OR_LL_RESULT_AND_NO_ACTIVE_GIMPS_ASSIGNMENT,2026-08-09T02:56:41+00:00,UNALLOCATED,,,,,
SLCMP1467-3629,3629,3630,509181469,2^509181469-1,STRUCTURAL_SCREEN_EXHAUSTED_PRIMALITY_UNASSIGNED,GF3A_DIRECTIONAL_WRITE_EXHAUSTED_PRIMALITY_UNASSIGNED,513,512,512,NO_RECORDED_FACTOR_PRP_OR_LL_RESULT_AND_NO_ACTIVE_GIMPS_ASSIGNMENT,2026-08-09T02:56:41+00:00,UNALLOCATED,,,,,
SLCMP1467-3630,3630,3631,509181509,2^509181509-1,STRUCTURAL_SCREEN_EXHAUSTED_PRIMALITY_UNASSIGNED,GF3A_DIRECTIONAL_WRITE_EXHAUSTED_PRIMALITY_UNASSIGNED,513,512,512,NO_RECORDED_FACTOR_PRP_OR_LL_RESULT_AND_NO_ACTIVE_GIMPS_ASSIGNMENT,2026-08-09T02:56:41+00:00,UNALLOCATED,,,,,
SLCMP1467-3631,3631,3632,509181529,2^509181529-1,STRUCTURAL_SCREEN_EXHAUSTED_PRIMALITY_UNASSIGNED,GF3A_DIRECTIONAL_WRITE_EXHAUSTED_PRIMALITY_UNASSIGNED,513,512,512,NO_RECORDED_FACTOR_PRP_OR_LL_RESULT_AND_NO_ACTIVE_GIMPS_ASSIGNMENT,2026-08-09T02:56:41+00:00,UNALLOCATED,,,,,
SLCMP1467-3632,3632,3633,509181571,2^509181571-1,STRUCTURAL_SCREEN_EXHAUSTED_PRIMALITY_UNASSIGNED,GF3A_DIRECTIONAL_WRITE_EXHAUSTED_PRIMALITY_UNASSIGNED,514,512,512,NO_RECORDED_FACTOR_PRP_OR_LL_RESULT_AND_NO_ACTIVE_GIMPS_ASSIGNMENT,2026-08-09T02:56:41+00:00,UNALLOCATED,,,,,
SLCMP1467-3633,3633,3634,509181689,2^509181689-1,STRUCTURAL_SCREEN_EXHAUSTED_PRIMALITY_UNASSIGNED,GF3A_DIRECTIONAL_WRITE_EXHAUSTED_PRIMALITY_UNASSIGNED,513,512,512,NO_RECORDED_FACTOR_PRP_OR_LL_RESULT_AND_NO_ACTIVE_GIMPS_ASSIGNMENT,2026-08-09T02:56:41+00:00,UNALLOCATED,,,,,
SLCMP1467-3634,3634,3635,509181733,2^509181733-1,STRUCTURAL_SCREEN_EXHAUSTED_PRIMALITY_UNASSIGNED,GF3A_DIRECTIONAL_WRITE_EXHAUSTED_PRIMALITY_UNASSIGNED,513,512,512,NO_RECORDED_FACTOR_PRP_OR_LL_RESULT_AND_NO_ACTIVE_GIMPS_ASSIGNMENT,2026-08-09T02:56:41+00:00,UNALLOCATED,,,,,
SLCMP1467-3635,3635,3636,509181793,2^509181793-1,STRUCTURAL_SCREEN_EXHAUSTED_PRIMALITY_UNASSIGNED,GF3A_DIRECTIONAL_WRITE_EXHAUSTED_PRIMALITY_UNASSIGNED,513,512,512,NO_RECORDED_FACTOR_PRP_OR_LL_RESULT_AND_NO_ACTIVE_GIMPS_ASSIGNMENT,2026-08-09T02:56:41+00:00,UNALLOCATED,,,,,
SLCMP1467-3636,3636,3637,509181887,2^509181887-1,STRUCTURAL_SCREEN_EXHAUSTED_PRIMALITY_UNASSIGNED,GF3A_DIRECTIONAL_WRITE_EXHAUSTED_PRIMALITY_UNASSIGNED,514,512,512,NO_RECORDED_FACTOR_PRP_OR_LL_RESULT_AND_NO_ACTIVE_GIMPS_ASSIGNMENT,2026-08-09T02:56:41+00:00,UNALLOCATED,,,,,
SLCMP1467-3637,3637,3638,509181947,2^509181947-1,STRUCTURAL_SCREEN_EXHAUSTED_PRIMALITY_UNASSIGNED,GF3A_DIRECTIONAL_WRITE_EXHAUSTED_PRIMALITY_UNASSIGNED,514,512,512,NO_RECORDED_FACTOR_PRP_OR_LL_RESULT_AND_NO_ACTIVE_GIMPS_ASSIGNMENT,2026-08-09T02:56:41+00:00,UNALLOCATED,,,,,
SLCMP1467-3638,3638,3639,509181949,2^509181949-1,STRUCTURAL_SCREEN_EXHAUSTED_PRIMALITY_UNASSIGNED,GF3A_DIRECTIONAL_WRITE_EXHAUSTED_PRIMALITY_UNASSIGNED,513,512,512,NO_RECORDED_FACTOR_PRP_OR_LL_RESULT_AND_NO_ACTIVE_GIMPS_ASSIGNMENT,2026-08-09T02:56:41+00:00,UNALLOCATED,,,,,
SLCMP1467-3639,3639,3640,509181961,2^509181961-1,STRUCTURAL_SCREEN_EXHAUSTED_PRIMALITY_UNASSIGNED,GF3A_DIRECTIONAL_WRITE_EXHAUSTED_PRIMALITY_UNASSIGNED,513,512,512,NO_RECORDED_FACTOR_PRP_OR_LL_RESULT_AND_NO_ACTIVE_GIMPS_ASSIGNMENT,2026-08-09T02:56:41+00:00,UNALLOCATED,,,,,
SLCMP1467-3640,3640,3641,509181983,2^509181983-1,STRUCTURAL_SCREEN_EXHAUSTED_PRIMALITY_UNASSIGNED,GF3A_DIRECTIONAL_WRITE_EXHAUSTED_PRIMALITY_UNASSIGNED,514,512,512,NO_RECORDED_FACTOR_PRP_OR_LL_RESULT_AND_NO_ACTIVE_GIMPS_ASSIGNMENT,2026-08-09T02:56:41+00:00,UNALLOCATED,,,,,
SLCMP1467-3641,3641,3642,509181991,2^509181991-1,STRUCTURAL_SCREEN_EXHAUSTED_PRIMALITY_UNASSIGNED,GF3A_DIRECTIONAL_WRITE_EXHAUSTED_PRIMALITY_UNASSIGNED,514,512,512,NO_RECORDED_FACTOR_PRP_OR_LL_RESULT_AND_NO_ACTIVE_GIMPS_ASSIGNMENT,2026-08-09T02:56:41+00:00,UNALLOCATED,,,,,
SLCMP1467-3642,3642,3643,509182103,2^509182103-1,STRUCTURAL_SCREEN_EXHAUSTED_PRIMALITY_UNASSIGNED,GF3A_DIRECTIONAL_WRITE_EXHAUSTED_PRIMALITY_UNASSIGNED,514,512,512,NO_RECORDED_FACTOR_PRP_OR_LL_RESULT_AND_NO_ACTIVE_GIMPS_ASSIGNMENT,2026-08-09T02:56:41+00:00,UNALLOCATED,,,,,
SLCMP1467-3643,3643,3644,509182153,2^509182153-1,STRUCTURAL_SCREEN_EXHAUSTED_PRIMALITY_UNASSIGNED,GF3A_DIRECTIONAL_WRITE_EXHAUSTED_PRIMALITY_UNASSIGNED,513,512,512,NO_RECORDED_FACTOR_PRP_OR_LL_RESULT_AND_NO_ACTIVE_GIMPS_ASSIGNMENT,2026-08-09T02:56:41+00:00,UNALLOCATED,,,,,
SLCMP1467-3644,3644,3645,509182229,2^509182229-1,STRUCTURAL_SCREEN_EXHAUSTED_PRIMALITY_UNASSIGNED,GF3A_DIRECTIONAL_WRITE_EXHAUSTED_PRIMALITY_UNASSIGNED,513,512,512,NO_RECORDED_FACTOR_PRP_OR_LL_RESULT_AND_NO_ACTIVE_GIMPS_ASSIGNMENT,2026-08-09T02:56:41+00:00,UNALLOCATED,,,,,
SLCMP1467-3645,3645,3646,509182241,2^509182241-1,STRUCTURAL_SCREEN_EXHAUSTED_PRIMALITY_UNASSIGNED,GF3A_DIRECTIONAL_WRITE_EXHAUSTED_PRIMALITY_UNASSIGNED,513,512,512,NO_RECORDED_FACTOR_PRP_OR_LL_RESULT_AND_NO_ACTIVE_GIMPS_ASSIGNMENT,2026-08-09T02:56:41+00:00,UNALLOCATED,,,,,
SLCMP1467-3646,3646,3647,509182277,2^509182277-1,STRUCTURAL_SCREEN_EXHAUSTED_PRIMALITY_UNASSIGNED,GF3A_DIRECTIONAL_WRITE_EXHAUSTED_PRIMALITY_UNASSIGNED,513,512,512,NO_RECORDED_FACTOR_PRP_OR_LL_RESULT_AND_NO_ACTIVE_GIMPS_ASSIGNMENT,2026-08-09T02:56:41+00:00,UNALLOCATED,,,,,
SLCMP1467-3647,3647,3648,509182339,2^509182339-1,STRUCTURAL_SCREEN_EXHAUSTED_PRIMALITY_UNASSIGNED,GF3A_DIRECTIONAL_WRITE_EXHAUSTED_PRIMALITY_UNASSIGNED,514,512,512,NO_RECORDED_FACTOR_PRP_OR_LL_RESULT_AND_NO_ACTIVE_GIMPS_ASSIGNMENT,2026-08-09T02:56:41+00:00,UNALLOCATED,,,,,
SLCMP1467-3648,3648,3649,509182357,2^509182357-1,STRUCTURAL_SCREEN_EXHAUSTED_PRIMALITY_UNASSIGNED,GF3A_DIRECTIONAL_WRITE_EXHAUSTED_PRIMALITY_UNASSIGNED,513,512,512,NO_RECORDED_FACTOR_PRP_OR_LL_RESULT_AND_NO_ACTIVE_GIMPS_ASSIGNMENT,2026-08-09T02:56:41+00:00,UNALLOCATED,,,,,
SLCMP1467-3649,3649,3650,509182369,2^509182369-1,STRUCTURAL_SCREEN_EXHAUSTED_PRIMALITY_UNASSIGNED,GF3A_DIRECTIONAL_WRITE_EXHAUSTED_PRIMALITY_UNASSIGNED,513,512,512,NO_RECORDED_FACTOR_PRP_OR_LL_RESULT_AND_NO_ACTIVE_GIMPS_ASSIGNMENT,2026-08-09T02:56:41+00:00,UNALLOCATED,,,,,
SLCMP1467-3650,3650,3651,509182381,2^509182381-1,STRUCTURAL_SCREEN_EXHAUSTED_PRIMALITY_UNASSIGNED,GF3A_DIRECTIONAL_WRITE_EXHAUSTED_PRIMALITY_UNASSIGNED,513,512,512,NO_RECORDED_FACTOR_PRP_OR_LL_RESULT_AND_NO_ACTIVE_GIMPS_ASSIGNMENT,2026-08-09T02:56:41+00:00,UNALLOCATED,,,,,
SLCMP1467-3651,3651,3652,509182411,2^509182411-1,STRUCTURAL_SCREEN_EXHAUSTED_PRIMALITY_UNASSIGNED,GF3A_DIRECTIONAL_WRITE_EXHAUSTED_PRIMALITY_UNASSIGNED,514,512,512,NO_RECORDED_FACTOR_PRP_OR_LL_RESULT_AND_NO_ACTIVE_GIMPS_ASSIGNMENT,2026-08-09T02:56:41+00:00,UNALLOCATED,,,,,
SLCMP1467-3652,3652,3653,509182447,2^509182447-1,STRUCTURAL_SCREEN_EXHAUSTED_PRIMALITY_UNASSIGNED,GF3A_DIRECTIONAL_WRITE_EXHAUSTED_PRIMALITY_UNASSIGNED,514,512,512,NO_RECORDED_FACTOR_PRP_OR_LL_RESULT_AND_NO_ACTIVE_GIMPS_ASSIGNMENT,2026-08-09T02:56:41+00:00,UNALLOCATED,,,,,
SLCMP1467-3653,3653,3654,509182529,2^509182529-1,STRUCTURAL_SCREEN_EXHAUSTED_PRIMALITY_UNASSIGNED,GF3A_DIRECTIONAL_WRITE_EXHAUSTED_PRIMALITY_UNASSIGNED,513,512,512,NO_RECORDED_FACTOR_PRP_OR_LL_RESULT_AND_NO_ACTIVE_GIMPS_ASSIGNMENT,2026-08-09T02:56:41+00:00,UNALLOCATED,,,,,
SLCMP1467-3654,3654,3655,509182543,2^509182543-1,STRUCTURAL_SCREEN_EXHAUSTED_PRIMALITY_UNASSIGNED,GF3A_DIRECTIONAL_WRITE_EXHAUSTED_PRIMALITY_UNASSIGNED,514,512,512,NO_RECORDED_FACTOR_PRP_OR_LL_RESULT_AND_NO_ACTIVE_GIMPS_ASSIGNMENT,2026-08-09T02:56:41+00:00,UNALLOCATED,,,,,
SLCMP1467-3655,3655,3656,509182559,2^509182559-1,STRUCTURAL_SCREEN_EXHAUSTED_PRIMALITY_UNASSIGNED,GF3A_DIRECTIONAL_WRITE_EXHAUSTED_PRIMALITY_UNASSIGNED,514,512,512,NO_RECORDED_FACTOR_PRP_OR_LL_RESULT_AND_NO_ACTIVE_GIMPS_ASSIGNMENT,2026-08-09T02:56:41+00:00,UNALLOCATED,,,,,
SLCMP1467-3656,3656,3657,509182733,2^509182733-1,STRUCTURAL_SCREEN_EXHAUSTED_PRIMALITY_UNASSIGNED,GF3A_DIRECTIONAL_WRITE_EXHAUSTED_PRIMALITY_UNASSIGNED,513,512,512,NO_RECORDED_FACTOR_PRP_OR_LL_RESULT_AND_NO_ACTIVE_GIMPS_ASSIGNMENT,2026-08-09T02:56:41+00:00,UNALLOCATED,,,,,
SLCMP1467-3657,3657,3658,509182757,2^509182757-1,STRUCTURAL_SCREEN_EXHAUSTED_PRIMALITY_UNASSIGNED,GF3A_DIRECTIONAL_WRITE_EXHAUSTED_PRIMALITY_UNASSIGNED,513,512,512,NO_RECORDED_FACTOR_PRP_OR_LL_RESULT_AND_NO_ACTIVE_GIMPS_ASSIGNMENT,2026-08-09T02:56:41+00:00,UNALLOCATED,,,,,
SLCMP1467-3658,3658,3659,509182943,2^509182943-1,STRUCTURAL_SCREEN_EXHAUSTED_PRIMALITY_UNASSIGNED,GF3A_DIRECTIONAL_WRITE_EXHAUSTED_PRIMALITY_UNASSIGNED,514,512,512,NO_RECORDED_FACTOR_PRP_OR_LL_RESULT_AND_NO_ACTIVE_GIMPS_ASSIGNMENT,2026-08-09T02:56:41+00:00,UNALLOCATED,,,,,
SLCMP1467-3659,3659,3660,509182979,2^509182979-1,STRUCTURAL_SCREEN_EXHAUSTED_PRIMALITY_UNASSIGNED,GF3A_DIRECTIONAL_WRITE_EXHAUSTED_PRIMALITY_UNASSIGNED,514,512,512,NO_RECORDED_FACTOR_PRP_OR_LL_RESULT_AND_NO_ACTIVE_GIMPS_ASSIGNMENT,2026-08-09T02:56:41+00:00,UNALLOCATED,,,,,
SLCMP1467-3660,3660,3661,509182981,2^509182981-1,STRUCTURAL_SCREEN_EXHAUSTED_PRIMALITY_UNASSIGNED,GF3A_DIRECTIONAL_WRITE_EXHAUSTED_PRIMALITY_UNASSIGNED,513,512,512,NO_RECORDED_FACTOR_PRP_OR_LL_RESULT_AND_NO_ACTIVE_GIMPS_ASSIGNMENT,2026-08-09T02:56:41+00:00,UNALLOCATED,,,,,
SLCMP1467-3661,3661,3662,509183021,2^509183021-1,STRUCTURAL_SCREEN_EXHAUSTED_PRIMALITY_UNASSIGNED,GF3A_DIRECTIONAL_WRITE_EXHAUSTED_PRIMALITY_UNASSIGNED,513,512,512,NO_RECORDED_FACTOR_PRP_OR_LL_RESULT_AND_NO_ACTIVE_GIMPS_ASSIGNMENT,2026-08-09T02:56:41+00:00,UNALLOCATED,,,,,
SLCMP1467-3662,3662,3663,509183027,2^509183027-1,STRUCTURAL_SCREEN_EXHAUSTED_PRIMALITY_UNASSIGNED,GF3A_DIRECTIONAL_WRITE_EXHAUSTED_PRIMALITY_UNASSIGNED,514,512,512,NO_RECORDED_FACTOR_PRP_OR_LL_RESULT_AND_NO_ACTIVE_GIMPS_ASSIGNMENT,2026-08-09T02:56:41+00:00,UNALLOCATED,,,,,
SLCMP1467-3663,3663,3664,509183057,2^509183057-1,STRUCTURAL_SCREEN_EXHAUSTED_PRIMALITY_UNASSIGNED,GF3A_DIRECTIONAL_WRITE_EXHAUSTED_PRIMALITY_UNASSIGNED,513,512,512,NO_RECORDED_FACTOR_PRP_OR_LL_RESULT_AND_NO_ACTIVE_GIMPS_ASSIGNMENT,2026-08-09T02:56:41+00:00,UNALLOCATED,,,,,
SLCMP1467-3664,3664,3665,509183083,2^509183083-1,STRUCTURAL_SCREEN_EXHAUSTED_PRIMALITY_UNASSIGNED,GF3A_DIRECTIONAL_WRITE_EXHAUSTED_PRIMALITY_UNASSIGNED,514,512,512,NO_RECORDED_FACTOR_PRP_OR_LL_RESULT_AND_NO_ACTIVE_GIMPS_ASSIGNMENT,2026-08-09T02:56:41+00:00,UNALLOCATED,,,,,
SLCMP1467-3665,3665,3666,509183107,2^509183107-1,STRUCTURAL_SCREEN_EXHAUSTED_PRIMALITY_UNASSIGNED,GF3A_DIRECTIONAL_WRITE_EXHAUSTED_PRIMALITY_UNASSIGNED,514,512,512,NO_RECORDED_FACTOR_PRP_OR_LL_RESULT_AND_NO_ACTIVE_GIMPS_ASSIGNMENT,2026-08-09T02:56:41+00:00,UNALLOCATED,,,,,
SLCMP1467-3666,3666,3667,509183197,2^509183197-1,STRUCTURAL_SCREEN_EXHAUSTED_PRIMALITY_UNASSIGNED,GF3A_DIRECTIONAL_WRITE_EXHAUSTED_PRIMALITY_UNASSIGNED,513,512,512,NO_RECORDED_FACTOR_PRP_OR_LL_RESULT_AND_NO_ACTIVE_GIMPS_ASSIGNMENT,2026-08-09T02:56:41+00:00,UNALLOCATED,,,,,
SLCMP1467-3667,3667,3668,509183309,2^509183309-1,STRUCTURAL_SCREEN_EXHAUSTED_PRIMALITY_UNASSIGNED,GF3A_DIRECTIONAL_WRITE_EXHAUSTED_PRIMALITY_UNASSIGNED,513,512,512,NO_RECORDED_FACTOR_PRP_OR_LL_RESULT_AND_NO_ACTIVE_GIMPS_ASSIGNMENT,2026-08-09T02:56:41+00:00,UNALLOCATED,,,,,
SLCMP1467-3668,3668,3669,509183321,2^509183321-1,STRUCTURAL_SCREEN_EXHAUSTED_PRIMALITY_UNASSIGNED,GF3A_DIRECTIONAL_WRITE_EXHAUSTED_PRIMALITY_UNASSIGNED,513,512,512,NO_RECORDED_FACTOR_PRP_OR_LL_RESULT_AND_NO_ACTIVE_GIMPS_ASSIGNMENT,2026-08-09T02:56:41+00:00,UNALLOCATED,,,,,
SLCMP1467-3669,3669,3670,509183351,2^509183351-1,STRUCTURAL_SCREEN_EXHAUSTED_PRIMALITY_UNASSIGNED,GF3A_DIRECTIONAL_WRITE_EXHAUSTED_PRIMALITY_UNASSIGNED,514,512,512,NO_RECORDED_FACTOR_PRP_OR_LL_RESULT_AND_NO_ACTIVE_GIMPS_ASSIGNMENT,2026-08-09T02:56:41+00:00,UNALLOCATED,,,,,
SLCMP1467-3670,3670,3671,509183539,2^509183539-1,STRUCTURAL_SCREEN_EXHAUSTED_PRIMALITY_UNASSIGNED,GF3A_DIRECTIONAL_WRITE_EXHAUSTED_PRIMALITY_UNASSIGNED,514,512,512,NO_RECORDED_FACTOR_PRP_OR_LL_RESULT_AND_NO_ACTIVE_GIMPS_ASSIGNMENT,2026-08-09T02:56:41+00:00,UNALLOCATED,,,,,
SLCMP1467-3671,3671,3672,509183573,2^509183573-1,STRUCTURAL_SCREEN_EXHAUSTED_PRIMALITY_UNASSIGNED,GF3A_DIRECTIONAL_WRITE_EXHAUSTED_PRIMALITY_UNASSIGNED,513,512,512,NO_RECORDED_FACTOR_PRP_OR_LL_RESULT_AND_NO_ACTIVE_GIMPS_ASSIGNMENT,2026-08-09T02:56:41+00:00,UNALLOCATED,,,,,
SLCMP1467-3672,3672,3673,509183593,2^509183593-1,STRUCTURAL_SCREEN_EXHAUSTED_PRIMALITY_UNASSIGNED,GF3A_DIRECTIONAL_WRITE_EXHAUSTED_PRIMALITY_UNASSIGNED,513,512,512,NO_RECORDED_FACTOR_PRP_OR_LL_RESULT_AND_NO_ACTIVE_GIMPS_ASSIGNMENT,2026-08-09T02:56:41+00:00,UNALLOCATED,,,,,
SLCMP1467-3673,3673,3674,509183621,2^509183621-1,STRUCTURAL_SCREEN_EXHAUSTED_PRIMALITY_UNASSIGNED,GF3A_DIRECTIONAL_WRITE_EXHAUSTED_PRIMALITY_UNASSIGNED,513,512,512,NO_RECORDED_FACTOR_PRP_OR_LL_RESULT_AND_NO_ACTIVE_GIMPS_ASSIGNMENT,2026-08-09T02:56:41+00:00,UNALLOCATED,,,,,
SLCMP1467-3674,3674,3675,509183681,2^509183681-1,STRUCTURAL_SCREEN_EXHAUSTED_PRIMALITY_UNASSIGNED,GF3A_DIRECTIONAL_WRITE_EXHAUSTED_PRIMALITY_UNASSIGNED,513,512,512,NO_RECORDED_FACTOR_PRP_OR_LL_RESULT_AND_NO_ACTIVE_GIMPS_ASSIGNMENT,2026-08-09T02:56:41+00:00,UNALLOCATED,,,,,
SLCMP1467-3675,3675,3676,509183737,2^509183737-1,STRUCTURAL_SCREEN_EXHAUSTED_PRIMALITY_UNASSIGNED,GF3A_DIRECTIONAL_WRITE_EXHAUSTED_PRIMALITY_UNASSIGNED,513,512,512,NO_RECORDED_FACTOR_PRP_OR_LL_RESULT_AND_NO_ACTIVE_GIMPS_ASSIGNMENT,2026-08-09T02:56:41+00:00,UNALLOCATED,,,,,
SLCMP1467-3676,3676,3677,509183819,2^509183819-1,STRUCTURAL_SCREEN_EXHAUSTED_PRIMALITY_UNASSIGNED,GF3A_DIRECTIONAL_WRITE_EXHAUSTED_PRIMALITY_UNASSIGNED,514,512,512,NO_RECORDED_FACTOR_PRP_OR_LL_RESULT_AND_NO_ACTIVE_GIMPS_ASSIGNMENT,2026-08-09T02:56:41+00:00,UNALLOCATED,,,,,
SLCMP1467-3677,3677,3678,509183891,2^509183891-1,STRUCTURAL_SCREEN_EXHAUSTED_PRIMALITY_UNASSIGNED,GF3A_DIRECTIONAL_WRITE_EXHAUSTED_PRIMALITY_UNASSIGNED,514,512,512,NO_RECORDED_FACTOR_PRP_OR_LL_RESULT_AND_NO_ACTIVE_GIMPS_ASSIGNMENT,2026-08-09T02:56:41+00:00,UNALLOCATED,,,,,
SLCMP1467-3678,3678,3679,509183921,2^509183921-1,STRUCTURAL_SCREEN_EXHAUSTED_PRIMALITY_UNASSIGNED,GF3A_DIRECTIONAL_WRITE_EXHAUSTED_PRIMALITY_UNASSIGNED,513,512,512,NO_RECORDED_FACTOR_PRP_OR_LL_RESULT_AND_NO_ACTIVE_GIMPS_ASSIGNMENT,2026-08-09T02:56:41+00:00,UNALLOCATED,,,,,
SLCMP1467-3679,3679,3680,509183957,2^509183957-1,STRUCTURAL_SCREEN_EXHAUSTED_PRIMALITY_UNASSIGNED,GF3A_DIRECTIONAL_WRITE_EXHAUSTED_PRIMALITY_UNASSIGNED,513,512,512,NO_RECORDED_FACTOR_PRP_OR_LL_RESULT_AND_NO_ACTIVE_GIMPS_ASSIGNMENT,2026-08-09T02:56:41+00:00,UNALLOCATED,,,,,
SLCMP1467-3680,3680,3681,509184029,2^509184029-1,STRUCTURAL_SCREEN_EXHAUSTED_PRIMALITY_UNASSIGNED,GF3A_DIRECTIONAL_WRITE_EXHAUSTED_PRIMALITY_UNASSIGNED,513,512,512,NO_RECORDED_FACTOR_PRP_OR_LL_RESULT_AND_NO_ACTIVE_GIMPS_ASSIGNMENT,2026-08-09T02:56:41+00:00,UNALLOCATED,,,,,
SLCMP1467-3681,3681,3682,509184037,2^509184037-1,STRUCTURAL_SCREEN_EXHAUSTED_PRIMALITY_UNASSIGNED,GF3A_DIRECTIONAL_WRITE_EXHAUSTED_PRIMALITY_UNASSIGNED,513,512,512,NO_RECORDED_FACTOR_PRP_OR_LL_RESULT_AND_NO_ACTIVE_GIMPS_ASSIGNMENT,2026-08-09T02:56:41+00:00,UNALLOCATED,,,,,
SLCMP1467-3682,3682,3683,509184259,2^509184259-1,STRUCTURAL_SCREEN_EXHAUSTED_PRIMALITY_UNASSIGNED,GF3A_DIRECTIONAL_WRITE_EXHAUSTED_PRIMALITY_UNASSIGNED,514,512,512,NO_RECORDED_FACTOR_PRP_OR_LL_RESULT_AND_NO_ACTIVE_GIMPS_ASSIGNMENT,2026-08-09T02:56:41+00:00,UNALLOCATED,,,,,
SLCMP1467-3683,3683,3684,509184353,2^509184353-1,STRUCTURAL_SCREEN_EXHAUSTED_PRIMALITY_UNASSIGNED,GF3A_DIRECTIONAL_WRITE_EXHAUSTED_PRIMALITY_UNASSIGNED,513,512,512,NO_RECORDED_FACTOR_PRP_OR_LL_RESULT_AND_NO_ACTIVE_GIMPS_ASSIGNMENT,2026-08-09T02:56:41+00:00,UNALLOCATED,,,,,
SLCMP1467-3684,3684,3685,509184433,2^509184433-1,STRUCTURAL_SCREEN_EXHAUSTED_PRIMALITY_UNASSIGNED,GF3A_DIRECTIONAL_WRITE_EXHAUSTED_PRIMALITY_UNASSIGNED,513,512,512,NO_RECORDED_FACTOR_PRP_OR_LL_RESULT_AND_NO_ACTIVE_GIMPS_ASSIGNMENT,2026-08-09T02:56:41+00:00,UNALLOCATED,,,,,
SLCMP1467-3685,3685,3686,509184437,2^509184437-1,STRUCTURAL_SCREEN_EXHAUSTED_PRIMALITY_UNASSIGNED,GF3A_DIRECTIONAL_WRITE_EXHAUSTED_PRIMALITY_UNASSIGNED,513,512,512,NO_RECORDED_FACTOR_PRP_OR_LL_RESULT_AND_NO_ACTIVE_GIMPS_ASSIGNMENT,2026-08-09T02:56:41+00:00,UNALLOCATED,,,,,
SLCMP1467-3686,3686,3687,509184449,2^509184449-1,STRUCTURAL_SCREEN_EXHAUSTED_PRIMALITY_UNASSIGNED,GF3A_DIRECTIONAL_WRITE_EXHAUSTED_PRIMALITY_UNASSIGNED,513,512,512,NO_RECORDED_FACTOR_PRP_OR_LL_RESULT_AND_NO_ACTIVE_GIMPS_ASSIGNMENT,2026-08-09T02:56:41+00:00,UNALLOCATED,,,,,
SLCMP1467-3687,3687,3688,509184463,2^509184463-1,STRUCTURAL_SCREEN_EXHAUSTED_PRIMALITY_UNASSIGNED,GF3A_DIRECTIONAL_WRITE_EXHAUSTED_PRIMALITY_UNASSIGNED,514,512,512,NO_RECORDED_FACTOR_PRP_OR_LL_RESULT_AND_NO_ACTIVE_GIMPS_ASSIGNMENT,2026-08-09T02:56:41+00:00,UNALLOCATED,,,,,
SLCMP1467-3688,3688,3689,509184469,2^509184469-1,STRUCTURAL_SCREEN_EXHAUSTED_PRIMALITY_UNASSIGNED,GF3A_DIRECTIONAL_WRITE_EXHAUSTED_PRIMALITY_UNASSIGNED,513,512,512,NO_RECORDED_FACTOR_PRP_OR_LL_RESULT_AND_NO_ACTIVE_GIMPS_ASSIGNMENT,2026-08-09T02:56:41+00:00,UNALLOCATED,,,,,
SLCMP1467-3689,3689,3690,509184479,2^509184479-1,STRUCTURAL_SCREEN_EXHAUSTED_PRIMALITY_UNASSIGNED,GF3A_DIRECTIONAL_WRITE_EXHAUSTED_PRIMALITY_UNASSIGNED,514,512,512,NO_RECORDED_FACTOR_PRP_OR_LL_RESULT_AND_NO_ACTIVE_GIMPS_ASSIGNMENT,2026-08-09T02:56:41+00:00,UNALLOCATED,,,,,
SLCMP1467-3690,3690,3691,509184509,2^509184509-1,STRUCTURAL_SCREEN_EXHAUSTED_PRIMALITY_UNASSIGNED,GF3A_DIRECTIONAL_WRITE_EXHAUSTED_PRIMALITY_UNASSIGNED,513,512,512,NO_RECORDED_FACTOR_PRP_OR_LL_RESULT_AND_NO_ACTIVE_GIMPS_ASSIGNMENT,2026-08-09T02:56:41+00:00,UNALLOCATED,,,,,
SLCMP1467-3691,3691,3692,509184583,2^509184583-1,STRUCTURAL_SCREEN_EXHAUSTED_PRIMALITY_UNASSIGNED,GF3A_DIRECTIONAL_WRITE_EXHAUSTED_PRIMALITY_UNASSIGNED,514,512,512,NO_RECORDED_FACTOR_PRP_OR_LL_RESULT_AND_NO_ACTIVE_GIMPS_ASSIGNMENT,2026-08-09T02:56:41+00:00,UNALLOCATED,,,,,
SLCMP1467-3692,3692,3693,509184623,2^509184623-1,STRUCTURAL_SCREEN_EXHAUSTED_PRIMALITY_UNASSIGNED,GF3A_DIRECTIONAL_WRITE_EXHAUSTED_PRIMALITY_UNASSIGNED,514,512,512,NO_RECORDED_FACTOR_PRP_OR_LL_RESULT_AND_NO_ACTIVE_GIMPS_ASSIGNMENT,2026-08-09T02:56:41+00:00,UNALLOCATED,,,,,
SLCMP1467-3693,3693,3694,509184673,2^509184673-1,STRUCTURAL_SCREEN_EXHAUSTED_PRIMALITY_UNASSIGNED,GF3A_DIRECTIONAL_WRITE_EXHAUSTED_PRIMALITY_UNASSIGNED,513,512,512,NO_RECORDED_FACTOR_PRP_OR_LL_RESULT_AND_NO_ACTIVE_GIMPS_ASSIGNMENT,2026-08-09T02:56:41+00:00,UNALLOCATED,,,,,
SLCMP1467-3694,3694,3695,509184829,2^509184829-1,STRUCTURAL_SCREEN_EXHAUSTED_PRIMALITY_UNASSIGNED,GF3A_DIRECTIONAL_WRITE_EXHAUSTED_PRIMALITY_UNASSIGNED,513,512,512,NO_RECORDED_FACTOR_PRP_OR_LL_RESULT_AND_NO_ACTIVE_GIMPS_ASSIGNMENT,2026-08-09T02:56:41+00:00,UNALLOCATED,,,,,
SLCMP1467-3695,3695,3696,509184839,2^509184839-1,STRUCTURAL_SCREEN_EXHAUSTED_PRIMALITY_UNASSIGNED,GF3A_DIRECTIONAL_WRITE_EXHAUSTED_PRIMALITY_UNASSIGNED,514,512,512,NO_RECORDED_FACTOR_PRP_OR_LL_RESULT_AND_NO_ACTIVE_GIMPS_ASSIGNMENT,2026-08-09T02:56:41+00:00,UNALLOCATED,,,,,
SLCMP1467-3696,3696,3697,509184847,2^509184847-1,STRUCTURAL_SCREEN_EXHAUSTED_PRIMALITY_UNASSIGNED,GF3A_DIRECTIONAL_WRITE_EXHAUSTED_PRIMALITY_UNASSIGNED,514,512,512,NO_RECORDED_FACTOR_PRP_OR_LL_RESULT_AND_NO_ACTIVE_GIMPS_ASSIGNMENT,2026-08-09T02:56:41+00:00,UNALLOCATED,,,,,
SLCMP1467-3697,3697,3698,509184869,2^509184869-1,STRUCTURAL_SCREEN_EXHAUSTED_PRIMALITY_UNASSIGNED,GF3A_DIRECTIONAL_WRITE_EXHAUSTED_PRIMALITY_UNASSIGNED,513,512,512,NO_RECORDED_FACTOR_PRP_OR_LL_RESULT_AND_NO_ACTIVE_GIMPS_ASSIGNMENT,2026-08-09T02:56:41+00:00,UNALLOCATED,,,,,
SLCMP1467-3698,3698,3699,509184877,2^509184877-1,STRUCTURAL_SCREEN_EXHAUSTED_PRIMALITY_UNASSIGNED,GF3A_DIRECTIONAL_WRITE_EXHAUSTED_PRIMALITY_UNASSIGNED,513,512,512,NO_RECORDED_FACTOR_PRP_OR_LL_RESULT_AND_NO_ACTIVE_GIMPS_ASSIGNMENT,2026-08-09T02:56:41+00:00,UNALLOCATED,,,,,
SLCMP1467-3699,3699,3700,509184899,2^509184899-1,STRUCTURAL_SCREEN_EXHAUSTED_PRIMALITY_UNASSIGNED,GF3A_DIRECTIONAL_WRITE_EXHAUSTED_PRIMALITY_UNASSIGNED,514,512,512,NO_RECORDED_FACTOR_PRP_OR_LL_RESULT_AND_NO_ACTIVE_GIMPS_ASSIGNMENT,2026-08-09T02:56:41+00:00,UNALLOCATED,,,,,
SLCMP1467-3700,3700,3701,509184967,2^509184967-1,STRUCTURAL_SCREEN_EXHAUSTED_PRIMALITY_UNASSIGNED,GF3A_DIRECTIONAL_WRITE_EXHAUSTED_PRIMALITY_UNASSIGNED,514,512,512,NO_RECORDED_FACTOR_PRP_OR_LL_RESULT_AND_NO_ACTIVE_GIMPS_ASSIGNMENT,2026-08-09T02:56:41+00:00,UNALLOCATED,,,,,
SLCMP1467-3701,3701,3702,509184979,2^509184979-1,STRUCTURAL_SCREEN_EXHAUSTED_PRIMALITY_UNASSIGNED,GF3A_DIRECTIONAL_WRITE_EXHAUSTED_PRIMALITY_UNASSIGNED,514,512,512,NO_RECORDED_FACTOR_PRP_OR_LL_RESULT_AND_NO_ACTIVE_GIMPS_ASSIGNMENT,2026-08-09T02:56:41+00:00,UNALLOCATED,,,,,
SLCMP1467-3702,3702,3703,509184983,2^509184983-1,STRUCTURAL_SCREEN_EXHAUSTED_PRIMALITY_UNASSIGNED,GF3A_DIRECTIONAL_WRITE_EXHAUSTED_PRIMALITY_UNASSIGNED,514,512,512,NO_RECORDED_FACTOR_PRP_OR_LL_RESULT_AND_NO_ACTIVE_GIMPS_ASSIGNMENT,2026-08-09T02:56:41+00:00,UNALLOCATED,,,,,
SLCMP1467-3703,3703,3704,509185057,2^509185057-1,STRUCTURAL_SCREEN_EXHAUSTED_PRIMALITY_UNASSIGNED,GF3A_DIRECTIONAL_WRITE_EXHAUSTED_PRIMALITY_UNASSIGNED,513,512,512,NO_RECORDED_FACTOR_PRP_OR_LL_RESULT_AND_NO_ACTIVE_GIMPS_ASSIGNMENT,2026-08-09T02:56:41+00:00,UNALLOCATED,,,,,
SLCMP1467-3704,3704,3705,509185087,2^509185087-1,STRUCTURAL_SCREEN_EXHAUSTED_PRIMALITY_UNASSIGNED,GF3A_DIRECTIONAL_WRITE_EXHAUSTED_PRIMALITY_UNASSIGNED,514,512,512,NO_RECORDED_FACTOR_PRP_OR_LL_RESULT_AND_NO_ACTIVE_GIMPS_ASSIGNMENT,2026-08-09T02:56:41+00:00,UNALLOCATED,,,,,
SLCMP1467-3705,3705,3706,509185111,2^509185111-1,STRUCTURAL_SCREEN_EXHAUSTED_PRIMALITY_UNASSIGNED,GF3A_DIRECTIONAL_WRITE_EXHAUSTED_PRIMALITY_UNASSIGNED,514,512,512,NO_RECORDED_FACTOR_PRP_OR_LL_RESULT_AND_NO_ACTIVE_GIMPS_ASSIGNMENT,2026-08-09T02:56:41+00:00,UNALLOCATED,,,,,
SLCMP1467-3706,3706,3707,509185249,2^509185249-1,STRUCTURAL_SCREEN_EXHAUSTED_PRIMALITY_UNASSIGNED,GF3A_DIRECTIONAL_WRITE_EXHAUSTED_PRIMALITY_UNASSIGNED,513,512,512,NO_RECORDED_FACTOR_PRP_OR_LL_RESULT_AND_NO_ACTIVE_GIMPS_ASSIGNMENT,2026-08-09T02:56:41+00:00,UNALLOCATED,,,,,
SLCMP1467-3707,3707,3708,509185331,2^509185331-1,STRUCTURAL_SCREEN_EXHAUSTED_PRIMALITY_UNASSIGNED,GF3A_DIRECTIONAL_WRITE_EXHAUSTED_PRIMALITY_UNASSIGNED,514,512,512,NO_RECORDED_FACTOR_PRP_OR_LL_RESULT_AND_NO_ACTIVE_GIMPS_ASSIGNMENT,2026-08-09T02:56:41+00:00,UNALLOCATED,,,,,
SLCMP1467-3708,3708,3709,509185367,2^509185367-1,STRUCTURAL_SCREEN_EXHAUSTED_PRIMALITY_UNASSIGNED,GF3A_DIRECTIONAL_WRITE_EXHAUSTED_PRIMALITY_UNASSIGNED,514,512,512,NO_RECORDED_FACTOR_PRP_OR_LL_RESULT_AND_NO_ACTIVE_GIMPS_ASSIGNMENT,2026-08-09T02:56:41+00:00,UNALLOCATED,,,,,
SLCMP1467-3709,3709,3710,509185429,2^509185429-1,STRUCTURAL_SCREEN_EXHAUSTED_PRIMALITY_UNASSIGNED,GF3A_DIRECTIONAL_WRITE_EXHAUSTED_PRIMALITY_UNASSIGNED,513,512,512,NO_RECORDED_FACTOR_PRP_OR_LL_RESULT_AND_NO_ACTIVE_GIMPS_ASSIGNMENT,2026-08-09T02:56:41+00:00,UNALLOCATED,,,,,
SLCMP1467-3710,3710,3711,509185471,2^509185471-1,STRUCTURAL_SCREEN_EXHAUSTED_PRIMALITY_UNASSIGNED,GF3A_DIRECTIONAL_WRITE_EXHAUSTED_PRIMALITY_UNASSIGNED,514,512,512,NO_RECORDED_FACTOR_PRP_OR_LL_RESULT_AND_NO_ACTIVE_GIMPS_ASSIGNMENT,2026-08-09T02:56:41+00:00,UNALLOCATED,,,,,
SLCMP1467-3711,3711,3712,509185487,2^509185487-1,STRUCTURAL_SCREEN_EXHAUSTED_PRIMALITY_UNASSIGNED,GF3A_DIRECTIONAL_WRITE_EXHAUSTED_PRIMALITY_UNASSIGNED,514,512,512,NO_RECORDED_FACTOR_PRP_OR_LL_RESULT_AND_NO_ACTIVE_GIMPS_ASSIGNMENT,2026-08-09T02:56:41+00:00,UNALLOCATED,,,,,
SLCMP1467-3712,3712,3713,509185507,2^509185507-1,STRUCTURAL_SCREEN_EXHAUSTED_PRIMALITY_UNASSIGNED,GF3A_DIRECTIONAL_WRITE_EXHAUSTED_PRIMALITY_UNASSIGNED,514,512,512,NO_RECORDED_FACTOR_PRP_OR_LL_RESULT_AND_NO_ACTIVE_GIMPS_ASSIGNMENT,2026-08-09T02:56:41+00:00,UNALLOCATED,,,,,
SLCMP1467-3713,3713,3714,509185549,2^509185549-1,STRUCTURAL_SCREEN_EXHAUSTED_PRIMALITY_UNASSIGNED,GF3A_DIRECTIONAL_WRITE_EXHAUSTED_PRIMALITY_UNASSIGNED,513,512,512,NO_RECORDED_FACTOR_PRP_OR_LL_RESULT_AND_NO_ACTIVE_GIMPS_ASSIGNMENT,2026-08-09T02:56:41+00:00,UNALLOCATED,,,,,
SLCMP1467-3714,3714,3715,509185553,2^509185553-1,STRUCTURAL_SCREEN_EXHAUSTED_PRIMALITY_UNASSIGNED,GF3A_DIRECTIONAL_WRITE_EXHAUSTED_PRIMALITY_UNASSIGNED,513,512,512,NO_RECORDED_FACTOR_PRP_OR_LL_RESULT_AND_NO_ACTIVE_GIMPS_ASSIGNMENT,2026-08-09T02:56:41+00:00,UNALLOCATED,,,,,
SLCMP1467-3715,3715,3716,509185613,2^509185613-1,STRUCTURAL_SCREEN_EXHAUSTED_PRIMALITY_UNASSIGNED,GF3A_DIRECTIONAL_WRITE_EXHAUSTED_PRIMALITY_UNASSIGNED,513,512,512,NO_RECORDED_FACTOR_PRP_OR_LL_RESULT_AND_NO_ACTIVE_GIMPS_ASSIGNMENT,2026-08-09T02:56:41+00:00,UNALLOCATED,,,,,
SLCMP1467-3716,3716,3717,509185687,2^509185687-1,STRUCTURAL_SCREEN_EXHAUSTED_PRIMALITY_UNASSIGNED,GF3A_DIRECTIONAL_WRITE_EXHAUSTED_PRIMALITY_UNASSIGNED,514,512,512,NO_RECORDED_FACTOR_PRP_OR_LL_RESULT_AND_NO_ACTIVE_GIMPS_ASSIGNMENT,2026-08-09T02:56:41+00:00,UNALLOCATED,,,,,
SLCMP1467-3717,3717,3718,509185739,2^509185739-1,STRUCTURAL_SCREEN_EXHAUSTED_PRIMALITY_UNASSIGNED,GF3A_DIRECTIONAL_WRITE_EXHAUSTED_PRIMALITY_UNASSIGNED,514,512,512,NO_RECORDED_FACTOR_PRP_OR_LL_RESULT_AND_NO_ACTIVE_GIMPS_ASSIGNMENT,2026-08-09T02:56:41+00:00,UNALLOCATED,,,,,
SLCMP1467-3718,3718,3719,509185793,2^509185793-1,STRUCTURAL_SCREEN_EXHAUSTED_PRIMALITY_UNASSIGNED,GF3A_DIRECTIONAL_WRITE_EXHAUSTED_PRIMALITY_UNASSIGNED,513,512,512,NO_RECORDED_FACTOR_PRP_OR_LL_RESULT_AND_NO_ACTIVE_GIMPS_ASSIGNMENT,2026-08-09T02:56:41+00:00,UNALLOCATED,,,,,
SLCMP1467-3719,3719,3720,509185813,2^509185813-1,STRUCTURAL_SCREEN_EXHAUSTED_PRIMALITY_UNASSIGNED,GF3A_DIRECTIONAL_WRITE_EXHAUSTED_PRIMALITY_UNASSIGNED,513,512,512,NO_RECORDED_FACTOR_PRP_OR_LL_RESULT_AND_NO_ACTIVE_GIMPS_ASSIGNMENT,2026-08-09T02:56:41+00:00,UNALLOCATED,,,,,
SLCMP1467-3720,3720,3721,509185951,2^509185951-1,STRUCTURAL_SCREEN_EXHAUSTED_PRIMALITY_UNASSIGNED,GF3A_DIRECTIONAL_WRITE_EXHAUSTED_PRIMALITY_UNASSIGNED,514,512,512,NO_RECORDED_FACTOR_PRP_OR_LL_RESULT_AND_NO_ACTIVE_GIMPS_ASSIGNMENT,2026-08-09T02:56:41+00:00,UNALLOCATED,,,,,
SLCMP1467-3721,3721,3722,509185967,2^509185967-1,STRUCTURAL_SCREEN_EXHAUSTED_PRIMALITY_UNASSIGNED,GF3A_DIRECTIONAL_WRITE_EXHAUSTED_PRIMALITY_UNASSIGNED,514,512,512,NO_RECORDED_FACTOR_PRP_OR_LL_RESULT_AND_NO_ACTIVE_GIMPS_ASSIGNMENT,2026-08-09T02:56:41+00:00,UNALLOCATED,,,,,
SLCMP1467-3722,3722,3723,509185969,2^509185969-1,STRUCTURAL_SCREEN_EXHAUSTED_PRIMALITY_UNASSIGNED,GF3A_DIRECTIONAL_WRITE_EXHAUSTED_PRIMALITY_UNASSIGNED,513,512,512,NO_RECORDED_FACTOR_PRP_OR_LL_RESULT_AND_NO_ACTIVE_GIMPS_ASSIGNMENT,2026-08-09T02:56:41+00:00,UNALLOCATED,,,,,
SLCMP1467-3723,3723,3724,509186039,2^509186039-1,STRUCTURAL_SCREEN_EXHAUSTED_PRIMALITY_UNASSIGNED,GF3A_DIRECTIONAL_WRITE_EXHAUSTED_PRIMALITY_UNASSIGNED,514,512,512,NO_RECORDED_FACTOR_PRP_OR_LL_RESULT_AND_NO_ACTIVE_GIMPS_ASSIGNMENT,2026-08-09T02:56:41+00:00,UNALLOCATED,,,,,
SLCMP1467-3724,3724,3725,509186063,2^509186063-1,STRUCTURAL_SCREEN_EXHAUSTED_PRIMALITY_UNASSIGNED,GF3A_DIRECTIONAL_WRITE_EXHAUSTED_PRIMALITY_UNASSIGNED,514,512,512,NO_RECORDED_FACTOR_PRP_OR_LL_RESULT_AND_NO_ACTIVE_GIMPS_ASSIGNMENT,2026-08-09T02:56:41+00:00,UNALLOCATED,,,,,
SLCMP1467-3725,3725,3726,509186137,2^509186137-1,STRUCTURAL_SCREEN_EXHAUSTED_PRIMALITY_UNASSIGNED,GF3A_DIRECTIONAL_WRITE_EXHAUSTED_PRIMALITY_UNASSIGNED,513,512,512,NO_RECORDED_FACTOR_PRP_OR_LL_RESULT_AND_NO_ACTIVE_GIMPS_ASSIGNMENT,2026-08-09T02:56:41+00:00,UNALLOCATED,,,,,
SLCMP1467-3726,3726,3727,509186189,2^509186189-1,STRUCTURAL_SCREEN_EXHAUSTED_PRIMALITY_UNASSIGNED,GF3A_DIRECTIONAL_WRITE_EXHAUSTED_PRIMALITY_UNASSIGNED,513,512,512,NO_RECORDED_FACTOR_PRP_OR_LL_RESULT_AND_NO_ACTIVE_GIMPS_ASSIGNMENT,2026-08-09T02:56:41+00:00,UNALLOCATED,,,,,
SLCMP1467-3727,3727,3728,509186243,2^509186243-1,STRUCTURAL_SCREEN_EXHAUSTED_PRIMALITY_UNASSIGNED,GF3A_DIRECTIONAL_WRITE_EXHAUSTED_PRIMALITY_UNASSIGNED,514,512,512,NO_RECORDED_FACTOR_PRP_OR_LL_RESULT_AND_NO_ACTIVE_GIMPS_ASSIGNMENT,2026-08-09T02:56:41+00:00,UNALLOCATED,,,,,
SLCMP1467-3728,3728,3729,509186299,2^509186299-1,STRUCTURAL_SCREEN_EXHAUSTED_PRIMALITY_UNASSIGNED,GF3A_DIRECTIONAL_WRITE_EXHAUSTED_PRIMALITY_UNASSIGNED,514,512,512,NO_RECORDED_FACTOR_PRP_OR_LL_RESULT_AND_NO_ACTIVE_GIMPS_ASSIGNMENT,2026-08-09T02:56:41+00:00,UNALLOCATED,,,,,
SLCMP1467-3729,3729,3730,509186347,2^509186347-1,STRUCTURAL_SCREEN_EXHAUSTED_PRIMALITY_UNASSIGNED,GF3A_DIRECTIONAL_WRITE_EXHAUSTED_PRIMALITY_UNASSIGNED,514,512,512,NO_RECORDED_FACTOR_PRP_OR_LL_RESULT_AND_NO_ACTIVE_GIMPS_ASSIGNMENT,2026-08-09T02:56:41+00:00,UNALLOCATED,,,,,
SLCMP1467-3730,3730,3731,509186401,2^509186401-1,STRUCTURAL_SCREEN_EXHAUSTED_PRIMALITY_UNASSIGNED,GF3A_DIRECTIONAL_WRITE_EXHAUSTED_PRIMALITY_UNASSIGNED,513,512,512,NO_RECORDED_FACTOR_PRP_OR_LL_RESULT_AND_NO_ACTIVE_GIMPS_ASSIGNMENT,2026-08-09T02:56:41+00:00,UNALLOCATED,,,,,
SLCMP1467-3731,3731,3732,509186477,2^509186477-1,STRUCTURAL_SCREEN_EXHAUSTED_PRIMALITY_UNASSIGNED,GF3A_DIRECTIONAL_WRITE_EXHAUSTED_PRIMALITY_UNASSIGNED,513,512,512,NO_RECORDED_FACTOR_PRP_OR_LL_RESULT_AND_NO_ACTIVE_GIMPS_ASSIGNMENT,2026-08-09T02:56:41+00:00,UNALLOCATED,,,,,
SLCMP1467-3732,3732,3733,509186479,2^509186479-1,STRUCTURAL_SCREEN_EXHAUSTED_PRIMALITY_UNASSIGNED,GF3A_DIRECTIONAL_WRITE_EXHAUSTED_PRIMALITY_UNASSIGNED,514,512,512,NO_RECORDED_FACTOR_PRP_OR_LL_RESULT_AND_NO_ACTIVE_GIMPS_ASSIGNMENT,2026-08-09T02:56:41+00:00,UNALLOCATED,,,,,
SLCMP1467-3733,3733,3734,509186593,2^509186593-1,STRUCTURAL_SCREEN_EXHAUSTED_PRIMALITY_UNASSIGNED,GF3A_DIRECTIONAL_WRITE_EXHAUSTED_PRIMALITY_UNASSIGNED,513,512,512,NO_RECORDED_FACTOR_PRP_OR_LL_RESULT_AND_NO_ACTIVE_GIMPS_ASSIGNMENT,2026-08-09T02:56:41+00:00,UNALLOCATED,,,,,
SLCMP1467-3734,3734,3735,509186819,2^509186819-1,STRUCTURAL_SCREEN_EXHAUSTED_PRIMALITY_UNASSIGNED,GF3A_DIRECTIONAL_WRITE_EXHAUSTED_PRIMALITY_UNASSIGNED,514,512,512,NO_RECORDED_FACTOR_PRP_OR_LL_RESULT_AND_NO_ACTIVE_GIMPS_ASSIGNMENT,2026-08-09T02:56:41+00:00,UNALLOCATED,,,,,
SLCMP1467-3735,3735,3736,509186849,2^509186849-1,STRUCTURAL_SCREEN_EXHAUSTED_PRIMALITY_UNASSIGNED,GF3A_DIRECTIONAL_WRITE_EXHAUSTED_PRIMALITY_UNASSIGNED,513,512,512,NO_RECORDED_FACTOR_PRP_OR_LL_RESULT_AND_NO_ACTIVE_GIMPS_ASSIGNMENT,2026-08-09T02:56:41+00:00,UNALLOCATED,,,,,
SLCMP1467-3736,3736,3737,509186863,2^509186863-1,STRUCTURAL_SCREEN_EXHAUSTED_PRIMALITY_UNASSIGNED,GF3A_DIRECTIONAL_WRITE_EXHAUSTED_PRIMALITY_UNASSIGNED,514,512,512,NO_RECORDED_FACTOR_PRP_OR_LL_RESULT_AND_NO_ACTIVE_GIMPS_ASSIGNMENT,2026-08-09T02:56:41+00:00,UNALLOCATED,,,,,
SLCMP1467-3737,3737,3738,509186971,2^509186971-1,STRUCTURAL_SCREEN_EXHAUSTED_PRIMALITY_UNASSIGNED,GF3A_DIRECTIONAL_WRITE_EXHAUSTED_PRIMALITY_UNASSIGNED,514,512,512,NO_RECORDED_FACTOR_PRP_OR_LL_RESULT_AND_NO_ACTIVE_GIMPS_ASSIGNMENT,2026-08-09T02:56:41+00:00,UNALLOCATED,,,,,
SLCMP1467-3738,3738,3739,509186981,2^509186981-1,STRUCTURAL_SCREEN_EXHAUSTED_PRIMALITY_UNASSIGNED,GF3A_DIRECTIONAL_WRITE_EXHAUSTED_PRIMALITY_UNASSIGNED,513,512,512,NO_RECORDED_FACTOR_PRP_OR_LL_RESULT_AND_NO_ACTIVE_GIMPS_ASSIGNMENT,2026-08-09T02:56:41+00:00,UNALLOCATED,,,,,
SLCMP1467-3739,3739,3740,509187013,2^509187013-1,STRUCTURAL_SCREEN_EXHAUSTED_PRIMALITY_UNASSIGNED,GF3A_DIRECTIONAL_WRITE_EXHAUSTED_PRIMALITY_UNASSIGNED,513,512,512,NO_RECORDED_FACTOR_PRP_OR_LL_RESULT_AND_NO_ACTIVE_GIMPS_ASSIGNMENT,2026-08-09T02:56:41+00:00,UNALLOCATED,,,,,
SLCMP1467-3740,3740,3741,509187109,2^509187109-1,STRUCTURAL_SCREEN_EXHAUSTED_PRIMALITY_UNASSIGNED,GF3A_DIRECTIONAL_WRITE_EXHAUSTED_PRIMALITY_UNASSIGNED,513,512,512,NO_RECORDED_FACTOR_PRP_OR_LL_RESULT_AND_NO_ACTIVE_GIMPS_ASSIGNMENT,2026-08-09T02:56:41+00:00,UNALLOCATED,,,,,
SLCMP1467-3741,3741,3742,509187257,2^509187257-1,STRUCTURAL_SCREEN_EXHAUSTED_PRIMALITY_UNASSIGNED,GF3A_DIRECTIONAL_WRITE_EXHAUSTED_PRIMALITY_UNASSIGNED,513,512,512,NO_RECORDED_FACTOR_PRP_OR_LL_RESULT_AND_NO_ACTIVE_GIMPS_ASSIGNMENT,2026-08-09T02:56:41+00:00,UNALLOCATED,,,,,
SLCMP1467-3742,3742,3743,509187269,2^509187269-1,STRUCTURAL_SCREEN_EXHAUSTED_PRIMALITY_UNASSIGNED,GF3A_DIRECTIONAL_WRITE_EXHAUSTED_PRIMALITY_UNASSIGNED,513,512,512,NO_RECORDED_FACTOR_PRP_OR_LL_RESULT_AND_NO_ACTIVE_GIMPS_ASSIGNMENT,2026-08-09T02:56:41+00:00,UNALLOCATED,,,,,
SLCMP1467-3743,3743,3744,509187293,2^509187293-1,STRUCTURAL_SCREEN_EXHAUSTED_PRIMALITY_UNASSIGNED,GF3A_DIRECTIONAL_WRITE_EXHAUSTED_PRIMALITY_UNASSIGNED,513,512,512,NO_RECORDED_FACTOR_PRP_OR_LL_RESULT_AND_NO_ACTIVE_GIMPS_ASSIGNMENT,2026-08-09T02:56:41+00:00,UNALLOCATED,,,,,
SLCMP1467-3744,3744,3745,509187299,2^509187299-1,STRUCTURAL_SCREEN_EXHAUSTED_PRIMALITY_UNASSIGNED,GF3A_DIRECTIONAL_WRITE_EXHAUSTED_PRIMALITY_UNASSIGNED,514,512,512,NO_RECORDED_FACTOR_PRP_OR_LL_RESULT_AND_NO_ACTIVE_GIMPS_ASSIGNMENT,2026-08-09T02:56:41+00:00,UNALLOCATED,,,,,
SLCMP1467-3745,3745,3746,509187361,2^509187361-1,STRUCTURAL_SCREEN_EXHAUSTED_PRIMALITY_UNASSIGNED,GF3A_DIRECTIONAL_WRITE_EXHAUSTED_PRIMALITY_UNASSIGNED,513,512,512,NO_RECORDED_FACTOR_PRP_OR_LL_RESULT_AND_NO_ACTIVE_GIMPS_ASSIGNMENT,2026-08-09T02:56:41+00:00,UNALLOCATED,,,,,
SLCMP1467-3746,3746,3747,509187391,2^509187391-1,STRUCTURAL_SCREEN_EXHAUSTED_PRIMALITY_UNASSIGNED,GF3A_DIRECTIONAL_WRITE_EXHAUSTED_PRIMALITY_UNASSIGNED,514,512,512,NO_RECORDED_FACTOR_PRP_OR_LL_RESULT_AND_NO_ACTIVE_GIMPS_ASSIGNMENT,2026-08-09T02:56:41+00:00,UNALLOCATED,,,,,
SLCMP1467-3747,3747,3748,509187421,2^509187421-1,STRUCTURAL_SCREEN_EXHAUSTED_PRIMALITY_UNASSIGNED,GF3A_DIRECTIONAL_WRITE_EXHAUSTED_PRIMALITY_UNASSIGNED,513,512,512,NO_RECORDED_FACTOR_PRP_OR_LL_RESULT_AND_NO_ACTIVE_GIMPS_ASSIGNMENT,2026-08-09T02:56:41+00:00,UNALLOCATED,,,,,
SLCMP1467-3748,3748,3749,509187443,2^509187443-1,STRUCTURAL_SCREEN_EXHAUSTED_PRIMALITY_UNASSIGNED,GF3A_DIRECTIONAL_WRITE_EXHAUSTED_PRIMALITY_UNASSIGNED,514,512,512,NO_RECORDED_FACTOR_PRP_OR_LL_RESULT_AND_NO_ACTIVE_GIMPS_ASSIGNMENT,2026-08-09T02:56:41+00:00,UNALLOCATED,,,,,
SLCMP1467-3749,3749,3750,509187529,2^509187529-1,STRUCTURAL_SCREEN_EXHAUSTED_PRIMALITY_UNASSIGNED,GF3A_DIRECTIONAL_WRITE_EXHAUSTED_PRIMALITY_UNASSIGNED,513,512,512,NO_RECORDED_FACTOR_PRP_OR_LL_RESULT_AND_NO_ACTIVE_GIMPS_ASSIGNMENT,2026-08-09T02:56:41+00:00,UNALLOCATED,,,,,
SLCMP1467-3750,3750,3751,509187751,2^509187751-1,STRUCTURAL_SCREEN_EXHAUSTED_PRIMALITY_UNASSIGNED,GF3A_DIRECTIONAL_WRITE_EXHAUSTED_PRIMALITY_UNASSIGNED,514,512,512,NO_RECORDED_FACTOR_PRP_OR_LL_RESULT_AND_NO_ACTIVE_GIMPS_ASSIGNMENT,2026-08-09T02:56:41+00:00,UNALLOCATED,,,,,
SLCMP1467-3751,3751,3752,509187761,2^509187761-1,STRUCTURAL_SCREEN_EXHAUSTED_PRIMALITY_UNASSIGNED,GF3A_DIRECTIONAL_WRITE_EXHAUSTED_PRIMALITY_UNASSIGNED,513,512,512,NO_RECORDED_FACTOR_PRP_OR_LL_RESULT_AND_NO_ACTIVE_GIMPS_ASSIGNMENT,2026-08-09T02:56:41+00:00,UNALLOCATED,,,,,
SLCMP1467-3752,3752,3753,509187787,2^509187787-1,STRUCTURAL_SCREEN_EXHAUSTED_PRIMALITY_UNASSIGNED,GF3A_DIRECTIONAL_WRITE_EXHAUSTED_PRIMALITY_UNASSIGNED,514,512,512,NO_RECORDED_FACTOR_PRP_OR_LL_RESULT_AND_NO_ACTIVE_GIMPS_ASSIGNMENT,2026-08-09T02:56:41+00:00,UNALLOCATED,,,,,
SLCMP1467-3753,3753,3754,509187797,2^509187797-1,STRUCTURAL_SCREEN_EXHAUSTED_PRIMALITY_UNASSIGNED,GF3A_DIRECTIONAL_WRITE_EXHAUSTED_PRIMALITY_UNASSIGNED,513,512,512,NO_RECORDED_FACTOR_PRP_OR_LL_RESULT_AND_NO_ACTIVE_GIMPS_ASSIGNMENT,2026-08-09T02:56:41+00:00,UNALLOCATED,,,,,
SLCMP1467-3754,3754,3755,509187799,2^509187799-1,STRUCTURAL_SCREEN_EXHAUSTED_PRIMALITY_UNASSIGNED,GF3A_DIRECTIONAL_WRITE_EXHAUSTED_PRIMALITY_UNASSIGNED,514,512,512,NO_RECORDED_FACTOR_PRP_OR_LL_RESULT_AND_NO_ACTIVE_GIMPS_ASSIGNMENT,2026-08-09T02:56:41+00:00,UNALLOCATED,,,,,
SLCMP1467-3755,3755,3756,509187929,2^509187929-1,STRUCTURAL_SCREEN_EXHAUSTED_PRIMALITY_UNASSIGNED,GF3A_DIRECTIONAL_WRITE_EXHAUSTED_PRIMALITY_UNASSIGNED,513,512,512,NO_RECORDED_FACTOR_PRP_OR_LL_RESULT_AND_NO_ACTIVE_GIMPS_ASSIGNMENT,2026-08-09T02:56:41+00:00,UNALLOCATED,,,,,
SLCMP1467-3756,3756,3757,509187947,2^509187947-1,STRUCTURAL_SCREEN_EXHAUSTED_PRIMALITY_UNASSIGNED,GF3A_DIRECTIONAL_WRITE_EXHAUSTED_PRIMALITY_UNASSIGNED,514,512,512,NO_RECORDED_FACTOR_PRP_OR_LL_RESULT_AND_NO_ACTIVE_GIMPS_ASSIGNMENT,2026-08-09T02:56:41+00:00,UNALLOCATED,,,,,
SLCMP1467-3757,3757,3758,509188109,2^509188109-1,STRUCTURAL_SCREEN_EXHAUSTED_PRIMALITY_UNASSIGNED,GF3A_DIRECTIONAL_WRITE_EXHAUSTED_PRIMALITY_UNASSIGNED,513,512,512,NO_RECORDED_FACTOR_PRP_OR_LL_RESULT_AND_NO_ACTIVE_GIMPS_ASSIGNMENT,2026-08-09T02:56:41+00:00,UNALLOCATED,,,,,
SLCMP1467-3758,3758,3759,509188399,2^509188399-1,STRUCTURAL_SCREEN_EXHAUSTED_PRIMALITY_UNASSIGNED,GF3A_DIRECTIONAL_WRITE_EXHAUSTED_PRIMALITY_UNASSIGNED,514,512,512,NO_RECORDED_FACTOR_PRP_OR_LL_RESULT_AND_NO_ACTIVE_GIMPS_ASSIGNMENT,2026-08-09T02:56:41+00:00,UNALLOCATED,,,,,
SLCMP1467-3759,3759,3760,509188439,2^509188439-1,STRUCTURAL_SCREEN_EXHAUSTED_PRIMALITY_UNASSIGNED,GF3A_DIRECTIONAL_WRITE_EXHAUSTED_PRIMALITY_UNASSIGNED,514,512,512,NO_RECORDED_FACTOR_PRP_OR_LL_RESULT_AND_NO_ACTIVE_GIMPS_ASSIGNMENT,2026-08-09T02:56:41+00:00,UNALLOCATED,,,,,
SLCMP1467-3760,3760,3761,509188453,2^509188453-1,STRUCTURAL_SCREEN_EXHAUSTED_PRIMALITY_UNASSIGNED,GF3A_DIRECTIONAL_WRITE_EXHAUSTED_PRIMALITY_UNASSIGNED,513,512,512,NO_RECORDED_FACTOR_PRP_OR_LL_RESULT_AND_NO_ACTIVE_GIMPS_ASSIGNMENT,2026-08-09T02:56:41+00:00,UNALLOCATED,,,,,
SLCMP1467-3761,3761,3762,509188613,2^509188613-1,STRUCTURAL_SCREEN_EXHAUSTED_PRIMALITY_UNASSIGNED,GF3A_DIRECTIONAL_WRITE_EXHAUSTED_PRIMALITY_UNASSIGNED,513,512,512,NO_RECORDED_FACTOR_PRP_OR_LL_RESULT_AND_NO_ACTIVE_GIMPS_ASSIGNMENT,2026-08-09T02:56:41+00:00,UNALLOCATED,,,,,
SLCMP1467-3762,3762,3763,509188633,2^509188633-1,STRUCTURAL_SCREEN_EXHAUSTED_PRIMALITY_UNASSIGNED,GF3A_DIRECTIONAL_WRITE_EXHAUSTED_PRIMALITY_UNASSIGNED,513,512,512,NO_RECORDED_FACTOR_PRP_OR_LL_RESULT_AND_NO_ACTIVE_GIMPS_ASSIGNMENT,2026-08-09T02:56:41+00:00,UNALLOCATED,,,,,
SLCMP1467-3763,3763,3764,509188753,2^509188753-1,STRUCTURAL_SCREEN_EXHAUSTED_PRIMALITY_UNASSIGNED,GF3A_DIRECTIONAL_WRITE_EXHAUSTED_PRIMALITY_UNASSIGNED,513,512,512,NO_RECORDED_FACTOR_PRP_OR_LL_RESULT_AND_NO_ACTIVE_GIMPS_ASSIGNMENT,2026-08-09T02:56:41+00:00,UNALLOCATED,,,,,
SLCMP1467-3764,3764,3765,509188759,2^509188759-1,STRUCTURAL_SCREEN_EXHAUSTED_PRIMALITY_UNASSIGNED,GF3A_DIRECTIONAL_WRITE_EXHAUSTED_PRIMALITY_UNASSIGNED,514,512,512,NO_RECORDED_FACTOR_PRP_OR_LL_RESULT_AND_NO_ACTIVE_GIMPS_ASSIGNMENT,2026-08-09T02:56:41+00:00,UNALLOCATED,,,,,
SLCMP1467-3765,3765,3766,509188903,2^509188903-1,STRUCTURAL_SCREEN_EXHAUSTED_PRIMALITY_UNASSIGNED,GF3A_DIRECTIONAL_WRITE_EXHAUSTED_PRIMALITY_UNASSIGNED,514,512,512,NO_RECORDED_FACTOR_PRP_OR_LL_RESULT_AND_NO_ACTIVE_GIMPS_ASSIGNMENT,2026-08-09T02:56:41+00:00,UNALLOCATED,,,,,
SLCMP1467-3766,3766,3767,509188937,2^509188937-1,STRUCTURAL_SCREEN_EXHAUSTED_PRIMALITY_UNASSIGNED,GF3A_DIRECTIONAL_WRITE_EXHAUSTED_PRIMALITY_UNASSIGNED,513,512,512,NO_RECORDED_FACTOR_PRP_OR_LL_RESULT_AND_NO_ACTIVE_GIMPS_ASSIGNMENT,2026-08-09T02:56:41+00:00,UNALLOCATED,,,,,
SLCMP1467-3767,3767,3768,509188957,2^509188957-1,STRUCTURAL_SCREEN_EXHAUSTED_PRIMALITY_UNASSIGNED,GF3A_DIRECTIONAL_WRITE_EXHAUSTED_PRIMALITY_UNASSIGNED,513,512,512,NO_RECORDED_FACTOR_PRP_OR_LL_RESULT_AND_NO_ACTIVE_GIMPS_ASSIGNMENT,2026-08-09T02:56:41+00:00,UNALLOCATED,,,,,
SLCMP1467-3768,3768,3769,509188969,2^509188969-1,STRUCTURAL_SCREEN_EXHAUSTED_PRIMALITY_UNASSIGNED,GF3A_DIRECTIONAL_WRITE_EXHAUSTED_PRIMALITY_UNASSIGNED,513,512,512,NO_RECORDED_FACTOR_PRP_OR_LL_RESULT_AND_NO_ACTIVE_GIMPS_ASSIGNMENT,2026-08-09T02:56:41+00:00,UNALLOCATED,,,,,
SLCMP1467-3769,3769,3770,509188993,2^509188993-1,STRUCTURAL_SCREEN_EXHAUSTED_PRIMALITY_UNASSIGNED,GF3A_DIRECTIONAL_WRITE_EXHAUSTED_PRIMALITY_UNASSIGNED,513,512,512,NO_RECORDED_FACTOR_PRP_OR_LL_RESULT_AND_NO_ACTIVE_GIMPS_ASSIGNMENT,2026-08-09T02:56:41+00:00,UNALLOCATED,,,,,
SLCMP1467-3770,3770,3771,509189033,2^509189033-1,STRUCTURAL_SCREEN_EXHAUSTED_PRIMALITY_UNASSIGNED,GF3A_DIRECTIONAL_WRITE_EXHAUSTED_PRIMALITY_UNASSIGNED,513,512,512,NO_RECORDED_FACTOR_PRP_OR_LL_RESULT_AND_NO_ACTIVE_GIMPS_ASSIGNMENT,2026-08-09T02:56:41+00:00,UNALLOCATED,,,,,
SLCMP1467-3771,3771,3772,509189099,2^509189099-1,STRUCTURAL_SCREEN_EXHAUSTED_PRIMALITY_UNASSIGNED,GF3A_DIRECTIONAL_WRITE_EXHAUSTED_PRIMALITY_UNASSIGNED,514,512,512,NO_RECORDED_FACTOR_PRP_OR_LL_RESULT_AND_NO_ACTIVE_GIMPS_ASSIGNMENT,2026-08-09T02:56:41+00:00,UNALLOCATED,,,,,
SLCMP1467-3772,3772,3773,509189119,2^509189119-1,STRUCTURAL_SCREEN_EXHAUSTED_PRIMALITY_UNASSIGNED,GF3A_DIRECTIONAL_WRITE_EXHAUSTED_PRIMALITY_UNASSIGNED,514,512,512,NO_RECORDED_FACTOR_PRP_OR_LL_RESULT_AND_NO_ACTIVE_GIMPS_ASSIGNMENT,2026-08-09T02:56:41+00:00,UNALLOCATED,,,,,
SLCMP1467-3773,3773,3774,509189201,2^509189201-1,STRUCTURAL_SCREEN_EXHAUSTED_PRIMALITY_UNASSIGNED,GF3A_DIRECTIONAL_WRITE_EXHAUSTED_PRIMALITY_UNASSIGNED,513,512,512,NO_RECORDED_FACTOR_PRP_OR_LL_RESULT_AND_NO_ACTIVE_GIMPS_ASSIGNMENT,2026-08-09T02:56:41+00:00,UNALLOCATED,,,,,
SLCMP1467-3774,3774,3775,509189243,2^509189243-1,STRUCTURAL_SCREEN_EXHAUSTED_PRIMALITY_UNASSIGNED,GF3A_DIRECTIONAL_WRITE_EXHAUSTED_PRIMALITY_UNASSIGNED,514,512,512,NO_RECORDED_FACTOR_PRP_OR_LL_RESULT_AND_NO_ACTIVE_GIMPS_ASSIGNMENT,2026-08-09T02:56:41+00:00,UNALLOCATED,,,,,
SLCMP1467-3775,3775,3776,509189251,2^509189251-1,STRUCTURAL_SCREEN_EXHAUSTED_PRIMALITY_UNASSIGNED,GF3A_DIRECTIONAL_WRITE_EXHAUSTED_PRIMALITY_UNASSIGNED,514,512,512,NO_RECORDED_FACTOR_PRP_OR_LL_RESULT_AND_NO_ACTIVE_GIMPS_ASSIGNMENT,2026-08-09T02:56:41+00:00,UNALLOCATED,,,,,
SLCMP1467-3776,3776,3777,509189299,2^509189299-1,STRUCTURAL_SCREEN_EXHAUSTED_PRIMALITY_UNASSIGNED,GF3A_DIRECTIONAL_WRITE_EXHAUSTED_PRIMALITY_UNASSIGNED,514,512,512,NO_RECORDED_FACTOR_PRP_OR_LL_RESULT_AND_NO_ACTIVE_GIMPS_ASSIGNMENT,2026-08-09T02:56:41+00:00,UNALLOCATED,,,,,
SLCMP1467-3777,3777,3778,509189431,2^509189431-1,STRUCTURAL_SCREEN_EXHAUSTED_PRIMALITY_UNASSIGNED,GF3A_DIRECTIONAL_WRITE_EXHAUSTED_PRIMALITY_UNASSIGNED,514,512,512,NO_RECORDED_FACTOR_PRP_OR_LL_RESULT_AND_NO_ACTIVE_GIMPS_ASSIGNMENT,2026-08-09T02:56:41+00:00,UNALLOCATED,,,,,
SLCMP1467-3778,3778,3779,509189543,2^509189543-1,STRUCTURAL_SCREEN_EXHAUSTED_PRIMALITY_UNASSIGNED,GF3A_DIRECTIONAL_WRITE_EXHAUSTED_PRIMALITY_UNASSIGNED,514,512,512,NO_RECORDED_FACTOR_PRP_OR_LL_RESULT_AND_NO_ACTIVE_GIMPS_ASSIGNMENT,2026-08-09T02:56:41+00:00,UNALLOCATED,,,,,
SLCMP1467-3779,3779,3780,509189573,2^509189573-1,STRUCTURAL_SCREEN_EXHAUSTED_PRIMALITY_UNASSIGNED,GF3A_DIRECTIONAL_WRITE_EXHAUSTED_PRIMALITY_UNASSIGNED,513,512,512,NO_RECORDED_FACTOR_PRP_OR_LL_RESULT_AND_NO_ACTIVE_GIMPS_ASSIGNMENT,2026-08-09T02:56:41+00:00,UNALLOCATED,,,,,
SLCMP1467-3780,3780,3781,509189591,2^509189591-1,STRUCTURAL_SCREEN_EXHAUSTED_PRIMALITY_UNASSIGNED,GF3A_DIRECTIONAL_WRITE_EXHAUSTED_PRIMALITY_UNASSIGNED,514,512,512,NO_RECORDED_FACTOR_PRP_OR_LL_RESULT_AND_NO_ACTIVE_GIMPS_ASSIGNMENT,2026-08-09T02:56:41+00:00,UNALLOCATED,,,,,
SLCMP1467-3781,3781,3782,509189623,2^509189623-1,STRUCTURAL_SCREEN_EXHAUSTED_PRIMALITY_UNASSIGNED,GF3A_DIRECTIONAL_WRITE_EXHAUSTED_PRIMALITY_UNASSIGNED,514,512,512,NO_RECORDED_FACTOR_PRP_OR_LL_RESULT_AND_NO_ACTIVE_GIMPS_ASSIGNMENT,2026-08-09T02:56:41+00:00,UNALLOCATED,,,,,
SLCMP1467-3782,3782,3783,509189651,2^509189651-1,STRUCTURAL_SCREEN_EXHAUSTED_PRIMALITY_UNASSIGNED,GF3A_DIRECTIONAL_WRITE_EXHAUSTED_PRIMALITY_UNASSIGNED,514,512,512,NO_RECORDED_FACTOR_PRP_OR_LL_RESULT_AND_NO_ACTIVE_GIMPS_ASSIGNMENT,2026-08-09T02:56:41+00:00,UNALLOCATED,,,,,
SLCMP1467-3783,3783,3784,509189677,2^509189677-1,STRUCTURAL_SCREEN_EXHAUSTED_PRIMALITY_UNASSIGNED,GF3A_DIRECTIONAL_WRITE_EXHAUSTED_PRIMALITY_UNASSIGNED,513,512,512,NO_RECORDED_FACTOR_PRP_OR_LL_RESULT_AND_NO_ACTIVE_GIMPS_ASSIGNMENT,2026-08-09T02:56:41+00:00,UNALLOCATED,,,,,
SLCMP1467-3784,3784,3785,509189687,2^509189687-1,STRUCTURAL_SCREEN_EXHAUSTED_PRIMALITY_UNASSIGNED,GF3A_DIRECTIONAL_WRITE_EXHAUSTED_PRIMALITY_UNASSIGNED,514,512,512,NO_RECORDED_FACTOR_PRP_OR_LL_RESULT_AND_NO_ACTIVE_GIMPS_ASSIGNMENT,2026-08-09T02:56:41+00:00,UNALLOCATED,,,,,
SLCMP1467-3785,3785,3786,509189827,2^509189827-1,STRUCTURAL_SCREEN_EXHAUSTED_PRIMALITY_UNASSIGNED,GF3A_DIRECTIONAL_WRITE_EXHAUSTED_PRIMALITY_UNASSIGNED,514,512,512,NO_RECORDED_FACTOR_PRP_OR_LL_RESULT_AND_NO_ACTIVE_GIMPS_ASSIGNMENT,2026-08-09T02:56:41+00:00,UNALLOCATED,,,,,
SLCMP1467-3786,3786,3787,509189843,2^509189843-1,STRUCTURAL_SCREEN_EXHAUSTED_PRIMALITY_UNASSIGNED,GF3A_DIRECTIONAL_WRITE_EXHAUSTED_PRIMALITY_UNASSIGNED,514,512,512,NO_RECORDED_FACTOR_PRP_OR_LL_RESULT_AND_NO_ACTIVE_GIMPS_ASSIGNMENT,2026-08-09T02:56:41+00:00,UNALLOCATED,,,,,
SLCMP1467-3787,3787,3788,509189851,2^509189851-1,STRUCTURAL_SCREEN_EXHAUSTED_PRIMALITY_UNASSIGNED,GF3A_DIRECTIONAL_WRITE_EXHAUSTED_PRIMALITY_UNASSIGNED,514,512,512,NO_RECORDED_FACTOR_PRP_OR_LL_RESULT_AND_NO_ACTIVE_GIMPS_ASSIGNMENT,2026-08-09T02:56:41+00:00,UNALLOCATED,,,,,
SLCMP1467-3788,3788,3789,509189971,2^509189971-1,STRUCTURAL_SCREEN_EXHAUSTED_PRIMALITY_UNASSIGNED,GF3A_DIRECTIONAL_WRITE_EXHAUSTED_PRIMALITY_UNASSIGNED,514,512,512,NO_RECORDED_FACTOR_PRP_OR_LL_RESULT_AND_NO_ACTIVE_GIMPS_ASSIGNMENT,2026-08-09T02:56:41+00:00,UNALLOCATED,,,,,
SLCMP1467-3789,3789,3790,509189983,2^509189983-1,STRUCTURAL_SCREEN_EXHAUSTED_PRIMALITY_UNASSIGNED,GF3A_DIRECTIONAL_WRITE_EXHAUSTED_PRIMALITY_UNASSIGNED,514,512,512,NO_RECORDED_FACTOR_PRP_OR_LL_RESULT_AND_NO_ACTIVE_GIMPS_ASSIGNMENT,2026-08-09T02:56:41+00:00,UNALLOCATED,,,,,
SLCMP1467-3790,3790,3791,509190007,2^509190007-1,STRUCTURAL_SCREEN_EXHAUSTED_PRIMALITY_UNASSIGNED,GF3A_DIRECTIONAL_WRITE_EXHAUSTED_PRIMALITY_UNASSIGNED,514,512,512,NO_RECORDED_FACTOR_PRP_OR_LL_RESULT_AND_NO_ACTIVE_GIMPS_ASSIGNMENT,2026-08-09T02:56:41+00:00,UNALLOCATED,,,,,
SLCMP1467-3791,3791,3792,509190107,2^509190107-1,STRUCTURAL_SCREEN_EXHAUSTED_PRIMALITY_UNASSIGNED,GF3A_DIRECTIONAL_WRITE_EXHAUSTED_PRIMALITY_UNASSIGNED,514,512,512,NO_RECORDED_FACTOR_PRP_OR_LL_RESULT_AND_NO_ACTIVE_GIMPS_ASSIGNMENT,2026-08-09T02:56:41+00:00,UNALLOCATED,,,,,
SLCMP1467-3792,3792,3793,509190179,2^509190179-1,STRUCTURAL_SCREEN_EXHAUSTED_PRIMALITY_UNASSIGNED,GF3A_DIRECTIONAL_WRITE_EXHAUSTED_PRIMALITY_UNASSIGNED,514,512,512,NO_RECORDED_FACTOR_PRP_OR_LL_RESULT_AND_NO_ACTIVE_GIMPS_ASSIGNMENT,2026-08-09T02:56:41+00:00,UNALLOCATED,,,,,
SLCMP1467-3793,3793,3794,509190211,2^509190211-1,STRUCTURAL_SCREEN_EXHAUSTED_PRIMALITY_UNASSIGNED,GF3A_DIRECTIONAL_WRITE_EXHAUSTED_PRIMALITY_UNASSIGNED,514,512,512,NO_RECORDED_FACTOR_PRP_OR_LL_RESULT_AND_NO_ACTIVE_GIMPS_ASSIGNMENT,2026-08-09T02:56:41+00:00,UNALLOCATED,,,,,
SLCMP1467-3794,3794,3795,509190223,2^509190223-1,STRUCTURAL_SCREEN_EXHAUSTED_PRIMALITY_UNASSIGNED,GF3A_DIRECTIONAL_WRITE_EXHAUSTED_PRIMALITY_UNASSIGNED,514,512,512,NO_RECORDED_FACTOR_PRP_OR_LL_RESULT_AND_NO_ACTIVE_GIMPS_ASSIGNMENT,2026-08-09T02:56:41+00:00,UNALLOCATED,,,,,
SLCMP1467-3795,3795,3796,509190233,2^509190233-1,STRUCTURAL_SCREEN_EXHAUSTED_PRIMALITY_UNASSIGNED,GF3A_DIRECTIONAL_WRITE_EXHAUSTED_PRIMALITY_UNASSIGNED,513,512,512,NO_RECORDED_FACTOR_PRP_OR_LL_RESULT_AND_NO_ACTIVE_GIMPS_ASSIGNMENT,2026-08-09T02:56:41+00:00,UNALLOCATED,,,,,
SLCMP1467-3796,3796,3797,509190251,2^509190251-1,STRUCTURAL_SCREEN_EXHAUSTED_PRIMALITY_UNASSIGNED,GF3A_DIRECTIONAL_WRITE_EXHAUSTED_PRIMALITY_UNASSIGNED,514,512,512,NO_RECORDED_FACTOR_PRP_OR_LL_RESULT_AND_NO_ACTIVE_GIMPS_ASSIGNMENT,2026-08-09T02:56:41+00:00,UNALLOCATED,,,,,
SLCMP1467-3797,3797,3798,509190293,2^509190293-1,STRUCTURAL_SCREEN_EXHAUSTED_PRIMALITY_UNASSIGNED,GF3A_DIRECTIONAL_WRITE_EXHAUSTED_PRIMALITY_UNASSIGNED,513,512,512,NO_RECORDED_FACTOR_PRP_OR_LL_RESULT_AND_NO_ACTIVE_GIMPS_ASSIGNMENT,2026-08-09T02:56:41+00:00,UNALLOCATED,,,,,
SLCMP1467-3798,3798,3799,509190347,2^509190347-1,STRUCTURAL_SCREEN_EXHAUSTED_PRIMALITY_UNASSIGNED,GF3A_DIRECTIONAL_WRITE_EXHAUSTED_PRIMALITY_UNASSIGNED,514,512,512,NO_RECORDED_FACTOR_PRP_OR_LL_RESULT_AND_NO_ACTIVE_GIMPS_ASSIGNMENT,2026-08-09T02:56:41+00:00,UNALLOCATED,,,,,
SLCMP1467-3799,3799,3800,509190349,2^509190349-1,STRUCTURAL_SCREEN_EXHAUSTED_PRIMALITY_UNASSIGNED,GF3A_DIRECTIONAL_WRITE_EXHAUSTED_PRIMALITY_UNASSIGNED,513,512,512,NO_RECORDED_FACTOR_PRP_OR_LL_RESULT_AND_NO_ACTIVE_GIMPS_ASSIGNMENT,2026-08-09T02:56:41+00:00,UNALLOCATED,,,,,
SLCMP1467-3800,3800,3801,509190401,2^509190401-1,STRUCTURAL_SCREEN_EXHAUSTED_PRIMALITY_UNASSIGNED,GF3A_DIRECTIONAL_WRITE_EXHAUSTED_PRIMALITY_UNASSIGNED,513,512,512,NO_RECORDED_FACTOR_PRP_OR_LL_RESULT_AND_NO_ACTIVE_GIMPS_ASSIGNMENT,2026-08-09T02:56:41+00:00,UNALLOCATED,,,,,
SLCMP1467-3801,3801,3802,509190601,2^509190601-1,STRUCTURAL_SCREEN_EXHAUSTED_PRIMALITY_UNASSIGNED,GF3A_DIRECTIONAL_WRITE_EXHAUSTED_PRIMALITY_UNASSIGNED,513,512,512,NO_RECORDED_FACTOR_PRP_OR_LL_RESULT_AND_NO_ACTIVE_GIMPS_ASSIGNMENT,2026-08-09T02:56:41+00:00,UNALLOCATED,,,,,
SLCMP1467-3802,3802,3803,509190623,2^509190623-1,STRUCTURAL_SCREEN_EXHAUSTED_PRIMALITY_UNASSIGNED,GF3A_DIRECTIONAL_WRITE_EXHAUSTED_PRIMALITY_UNASSIGNED,514,512,512,NO_RECORDED_FACTOR_PRP_OR_LL_RESULT_AND_NO_ACTIVE_GIMPS_ASSIGNMENT,2026-08-09T02:56:41+00:00,UNALLOCATED,,,,,
SLCMP1467-3803,3803,3804,509190679,2^509190679-1,STRUCTURAL_SCREEN_EXHAUSTED_PRIMALITY_UNASSIGNED,GF3A_DIRECTIONAL_WRITE_EXHAUSTED_PRIMALITY_UNASSIGNED,514,512,512,NO_RECORDED_FACTOR_PRP_OR_LL_RESULT_AND_NO_ACTIVE_GIMPS_ASSIGNMENT,2026-08-09T02:56:41+00:00,UNALLOCATED,,,,,
SLCMP1467-3804,3804,3805,509190691,2^509190691-1,STRUCTURAL_SCREEN_EXHAUSTED_PRIMALITY_UNASSIGNED,GF3A_DIRECTIONAL_WRITE_EXHAUSTED_PRIMALITY_UNASSIGNED,514,512,512,NO_RECORDED_FACTOR_PRP_OR_LL_RESULT_AND_NO_ACTIVE_GIMPS_ASSIGNMENT,2026-08-09T02:56:41+00:00,UNALLOCATED,,,,,
SLCMP1467-3805,3805,3806,509190791,2^509190791-1,STRUCTURAL_SCREEN_EXHAUSTED_PRIMALITY_UNASSIGNED,GF3A_DIRECTIONAL_WRITE_EXHAUSTED_PRIMALITY_UNASSIGNED,514,512,512,NO_RECORDED_FACTOR_PRP_OR_LL_RESULT_AND_NO_ACTIVE_GIMPS_ASSIGNMENT,2026-08-09T02:56:41+00:00,UNALLOCATED,,,,,
SLCMP1467-3806,3806,3807,509190887,2^509190887-1,STRUCTURAL_SCREEN_EXHAUSTED_PRIMALITY_UNASSIGNED,GF3A_DIRECTIONAL_WRITE_EXHAUSTED_PRIMALITY_UNASSIGNED,514,512,512,NO_RECORDED_FACTOR_PRP_OR_LL_RESULT_AND_NO_ACTIVE_GIMPS_ASSIGNMENT,2026-08-09T02:56:41+00:00,UNALLOCATED,,,,,
SLCMP1467-3807,3807,3808,509190893,2^509190893-1,STRUCTURAL_SCREEN_EXHAUSTED_PRIMALITY_UNASSIGNED,GF3A_DIRECTIONAL_WRITE_EXHAUSTED_PRIMALITY_UNASSIGNED,513,512,512,NO_RECORDED_FACTOR_PRP_OR_LL_RESULT_AND_NO_ACTIVE_GIMPS_ASSIGNMENT,2026-08-09T02:56:41+00:00,UNALLOCATED,,,,,
SLCMP1467-3808,3808,3809,509190971,2^509190971-1,STRUCTURAL_SCREEN_EXHAUSTED_PRIMALITY_UNASSIGNED,GF3A_DIRECTIONAL_WRITE_EXHAUSTED_PRIMALITY_UNASSIGNED,514,512,512,NO_RECORDED_FACTOR_PRP_OR_LL_RESULT_AND_NO_ACTIVE_GIMPS_ASSIGNMENT,2026-08-09T02:56:41+00:00,UNALLOCATED,,,,,
SLCMP1467-3809,3809,3810,509190991,2^509190991-1,STRUCTURAL_SCREEN_EXHAUSTED_PRIMALITY_UNASSIGNED,GF3A_DIRECTIONAL_WRITE_EXHAUSTED_PRIMALITY_UNASSIGNED,514,512,512,NO_RECORDED_FACTOR_PRP_OR_LL_RESULT_AND_NO_ACTIVE_GIMPS_ASSIGNMENT,2026-08-09T02:56:41+00:00,UNALLOCATED,,,,,
SLCMP1467-3810,3810,3811,509191049,2^509191049-1,STRUCTURAL_SCREEN_EXHAUSTED_PRIMALITY_UNASSIGNED,GF3A_DIRECTIONAL_WRITE_EXHAUSTED_PRIMALITY_UNASSIGNED,513,512,512,NO_RECORDED_FACTOR_PRP_OR_LL_RESULT_AND_NO_ACTIVE_GIMPS_ASSIGNMENT,2026-08-09T02:56:41+00:00,UNALLOCATED,,,,,
SLCMP1467-3811,3811,3812,509191147,2^509191147-1,STRUCTURAL_SCREEN_EXHAUSTED_PRIMALITY_UNASSIGNED,GF3A_DIRECTIONAL_WRITE_EXHAUSTED_PRIMALITY_UNASSIGNED,514,512,512,NO_RECORDED_FACTOR_PRP_OR_LL_RESULT_AND_NO_ACTIVE_GIMPS_ASSIGNMENT,2026-08-09T02:56:41+00:00,UNALLOCATED,,,,,
SLCMP1467-3812,3812,3813,509191153,2^509191153-1,STRUCTURAL_SCREEN_EXHAUSTED_PRIMALITY_UNASSIGNED,GF3A_DIRECTIONAL_WRITE_EXHAUSTED_PRIMALITY_UNASSIGNED,513,512,512,NO_RECORDED_FACTOR_PRP_OR_LL_RESULT_AND_NO_ACTIVE_GIMPS_ASSIGNMENT,2026-08-09T02:56:41+00:00,UNALLOCATED,,,,,
SLCMP1467-3813,3813,3814,509191201,2^509191201-1,STRUCTURAL_SCREEN_EXHAUSTED_PRIMALITY_UNASSIGNED,GF3A_DIRECTIONAL_WRITE_EXHAUSTED_PRIMALITY_UNASSIGNED,513,512,512,NO_RECORDED_FACTOR_PRP_OR_LL_RESULT_AND_NO_ACTIVE_GIMPS_ASSIGNMENT,2026-08-09T02:56:41+00:00,UNALLOCATED,,,,,
SLCMP1467-3814,3814,3815,509191297,2^509191297-1,STRUCTURAL_SCREEN_EXHAUSTED_PRIMALITY_UNASSIGNED,GF3A_DIRECTIONAL_WRITE_EXHAUSTED_PRIMALITY_UNASSIGNED,513,512,512,NO_RECORDED_FACTOR_PRP_OR_LL_RESULT_AND_NO_ACTIVE_GIMPS_ASSIGNMENT,2026-08-09T02:56:41+00:00,UNALLOCATED,,,,,
SLCMP1467-3815,3815,3816,509191303,2^509191303-1,STRUCTURAL_SCREEN_EXHAUSTED_PRIMALITY_UNASSIGNED,GF3A_DIRECTIONAL_WRITE_EXHAUSTED_PRIMALITY_UNASSIGNED,514,512,512,NO_RECORDED_FACTOR_PRP_OR_LL_RESULT_AND_NO_ACTIVE_GIMPS_ASSIGNMENT,2026-08-09T02:56:41+00:00,UNALLOCATED,,,,,
SLCMP1467-3816,3816,3817,509191391,2^509191391-1,STRUCTURAL_SCREEN_EXHAUSTED_PRIMALITY_UNASSIGNED,GF3A_DIRECTIONAL_WRITE_EXHAUSTED_PRIMALITY_UNASSIGNED,514,512,512,NO_RECORDED_FACTOR_PRP_OR_LL_RESULT_AND_NO_ACTIVE_GIMPS_ASSIGNMENT,2026-08-09T02:56:41+00:00,UNALLOCATED,,,,,
SLCMP1467-3817,3817,3818,509191439,2^509191439-1,STRUCTURAL_SCREEN_EXHAUSTED_PRIMALITY_UNASSIGNED,GF3A_DIRECTIONAL_WRITE_EXHAUSTED_PRIMALITY_UNASSIGNED,514,512,512,NO_RECORDED_FACTOR_PRP_OR_LL_RESULT_AND_NO_ACTIVE_GIMPS_ASSIGNMENT,2026-08-09T02:56:41+00:00,UNALLOCATED,,,,,
SLCMP1467-3818,3818,3819,509191519,2^509191519-1,STRUCTURAL_SCREEN_EXHAUSTED_PRIMALITY_UNASSIGNED,GF3A_DIRECTIONAL_WRITE_EXHAUSTED_PRIMALITY_UNASSIGNED,514,512,512,NO_RECORDED_FACTOR_PRP_OR_LL_RESULT_AND_NO_ACTIVE_GIMPS_ASSIGNMENT,2026-08-09T02:56:41+00:00,UNALLOCATED,,,,,
SLCMP1467-3819,3819,3820,509191567,2^509191567-1,STRUCTURAL_SCREEN_EXHAUSTED_PRIMALITY_UNASSIGNED,GF3A_DIRECTIONAL_WRITE_EXHAUSTED_PRIMALITY_UNASSIGNED,514,512,512,NO_RECORDED_FACTOR_PRP_OR_LL_RESULT_AND_NO_ACTIVE_GIMPS_ASSIGNMENT,2026-08-09T02:56:41+00:00,UNALLOCATED,,,,,
SLCMP1467-3820,3820,3821,509191591,2^509191591-1,STRUCTURAL_SCREEN_EXHAUSTED_PRIMALITY_UNASSIGNED,GF3A_DIRECTIONAL_WRITE_EXHAUSTED_PRIMALITY_UNASSIGNED,514,512,512,NO_RECORDED_FACTOR_PRP_OR_LL_RESULT_AND_NO_ACTIVE_GIMPS_ASSIGNMENT,2026-08-09T02:56:41+00:00,UNALLOCATED,,,,,
SLCMP1467-3821,3821,3822,509191777,2^509191777-1,STRUCTURAL_SCREEN_EXHAUSTED_PRIMALITY_UNASSIGNED,GF3A_DIRECTIONAL_WRITE_EXHAUSTED_PRIMALITY_UNASSIGNED,513,512,512,NO_RECORDED_FACTOR_PRP_OR_LL_RESULT_AND_NO_ACTIVE_GIMPS_ASSIGNMENT,2026-08-09T02:56:41+00:00,UNALLOCATED,,,,,
SLCMP1467-3822,3822,3823,509191799,2^509191799-1,STRUCTURAL_SCREEN_EXHAUSTED_PRIMALITY_UNASSIGNED,GF3A_DIRECTIONAL_WRITE_EXHAUSTED_PRIMALITY_UNASSIGNED,514,512,512,NO_RECORDED_FACTOR_PRP_OR_LL_RESULT_AND_NO_ACTIVE_GIMPS_ASSIGNMENT,2026-08-09T02:56:41+00:00,UNALLOCATED,,,,,
SLCMP1467-3823,3823,3824,509191913,2^509191913-1,STRUCTURAL_SCREEN_EXHAUSTED_PRIMALITY_UNASSIGNED,GF3A_DIRECTIONAL_WRITE_EXHAUSTED_PRIMALITY_UNASSIGNED,513,512,512,NO_RECORDED_FACTOR_PRP_OR_LL_RESULT_AND_NO_ACTIVE_GIMPS_ASSIGNMENT,2026-08-09T02:56:41+00:00,UNALLOCATED,,,,,
SLCMP1467-3824,3824,3825,509191919,2^509191919-1,STRUCTURAL_SCREEN_EXHAUSTED_PRIMALITY_UNASSIGNED,GF3A_DIRECTIONAL_WRITE_EXHAUSTED_PRIMALITY_UNASSIGNED,514,512,512,NO_RECORDED_FACTOR_PRP_OR_LL_RESULT_AND_NO_ACTIVE_GIMPS_ASSIGNMENT,2026-08-09T02:56:41+00:00,UNALLOCATED,,,,,
SLCMP1467-3825,3825,3826,509191987,2^509191987-1,STRUCTURAL_SCREEN_EXHAUSTED_PRIMALITY_UNASSIGNED,GF3A_DIRECTIONAL_WRITE_EXHAUSTED_PRIMALITY_UNASSIGNED,514,512,512,NO_RECORDED_FACTOR_PRP_OR_LL_RESULT_AND_NO_ACTIVE_GIMPS_ASSIGNMENT,2026-08-09T02:56:41+00:00,UNALLOCATED,,,,,
SLCMP1467-3826,3826,3827,509191993,2^509191993-1,STRUCTURAL_SCREEN_EXHAUSTED_PRIMALITY_UNASSIGNED,GF3A_DIRECTIONAL_WRITE_EXHAUSTED_PRIMALITY_UNASSIGNED,513,512,512,NO_RECORDED_FACTOR_PRP_OR_LL_RESULT_AND_NO_ACTIVE_GIMPS_ASSIGNMENT,2026-08-09T02:56:41+00:00,UNALLOCATED,,,,,
SLCMP1467-3827,3827,3828,509192087,2^509192087-1,STRUCTURAL_SCREEN_EXHAUSTED_PRIMALITY_UNASSIGNED,GF3A_DIRECTIONAL_WRITE_EXHAUSTED_PRIMALITY_UNASSIGNED,514,512,512,NO_RECORDED_FACTOR_PRP_OR_LL_RESULT_AND_NO_ACTIVE_GIMPS_ASSIGNMENT,2026-08-09T02:56:41+00:00,UNALLOCATED,,,,,
SLCMP1467-3828,3828,3829,509192137,2^509192137-1,STRUCTURAL_SCREEN_EXHAUSTED_PRIMALITY_UNASSIGNED,GF3A_DIRECTIONAL_WRITE_EXHAUSTED_PRIMALITY_UNASSIGNED,513,512,512,NO_RECORDED_FACTOR_PRP_OR_LL_RESULT_AND_NO_ACTIVE_GIMPS_ASSIGNMENT,2026-08-09T02:56:41+00:00,UNALLOCATED,,,,,
SLCMP1467-3829,3829,3830,509192141,2^509192141-1,STRUCTURAL_SCREEN_EXHAUSTED_PRIMALITY_UNASSIGNED,GF3A_DIRECTIONAL_WRITE_EXHAUSTED_PRIMALITY_UNASSIGNED,513,512,512,NO_RECORDED_FACTOR_PRP_OR_LL_RESULT_AND_NO_ACTIVE_GIMPS_ASSIGNMENT,2026-08-09T02:56:41+00:00,UNALLOCATED,,,,,
SLCMP1467-3830,3830,3831,509192221,2^509192221-1,STRUCTURAL_SCREEN_EXHAUSTED_PRIMALITY_UNASSIGNED,GF3A_DIRECTIONAL_WRITE_EXHAUSTED_PRIMALITY_UNASSIGNED,513,512,512,NO_RECORDED_FACTOR_PRP_OR_LL_RESULT_AND_NO_ACTIVE_GIMPS_ASSIGNMENT,2026-08-09T02:56:41+00:00,UNALLOCATED,,,,,
SLCMP1467-3831,3831,3832,509192273,2^509192273-1,STRUCTURAL_SCREEN_EXHAUSTED_PRIMALITY_UNASSIGNED,GF3A_DIRECTIONAL_WRITE_EXHAUSTED_PRIMALITY_UNASSIGNED,513,512,512,NO_RECORDED_FACTOR_PRP_OR_LL_RESULT_AND_NO_ACTIVE_GIMPS_ASSIGNMENT,2026-08-09T02:56:41+00:00,UNALLOCATED,,,,,
SLCMP1467-3832,3832,3833,509192287,2^509192287-1,STRUCTURAL_SCREEN_EXHAUSTED_PRIMALITY_UNASSIGNED,GF3A_DIRECTIONAL_WRITE_EXHAUSTED_PRIMALITY_UNASSIGNED,514,512,512,NO_RECORDED_FACTOR_PRP_OR_LL_RESULT_AND_NO_ACTIVE_GIMPS_ASSIGNMENT,2026-08-09T02:56:41+00:00,UNALLOCATED,,,,,
SLCMP1467-3833,3833,3834,509192389,2^509192389-1,STRUCTURAL_SCREEN_EXHAUSTED_PRIMALITY_UNASSIGNED,GF3A_DIRECTIONAL_WRITE_EXHAUSTED_PRIMALITY_UNASSIGNED,513,512,512,NO_RECORDED_FACTOR_PRP_OR_LL_RESULT_AND_NO_ACTIVE_GIMPS_ASSIGNMENT,2026-08-09T02:56:41+00:00,UNALLOCATED,,,,,
SLCMP1467-3834,3834,3835,509192393,2^509192393-1,STRUCTURAL_SCREEN_EXHAUSTED_PRIMALITY_UNASSIGNED,GF3A_DIRECTIONAL_WRITE_EXHAUSTED_PRIMALITY_UNASSIGNED,513,512,512,NO_RECORDED_FACTOR_PRP_OR_LL_RESULT_AND_NO_ACTIVE_GIMPS_ASSIGNMENT,2026-08-09T02:56:41+00:00,UNALLOCATED,,,,,
SLCMP1467-3835,3835,3836,509192441,2^509192441-1,STRUCTURAL_SCREEN_EXHAUSTED_PRIMALITY_UNASSIGNED,GF3A_DIRECTIONAL_WRITE_EXHAUSTED_PRIMALITY_UNASSIGNED,513,512,512,NO_RECORDED_FACTOR_PRP_OR_LL_RESULT_AND_NO_ACTIVE_GIMPS_ASSIGNMENT,2026-08-09T02:56:41+00:00,UNALLOCATED,,,,,
SLCMP1467-3836,3836,3837,509192477,2^509192477-1,STRUCTURAL_SCREEN_EXHAUSTED_PRIMALITY_UNASSIGNED,GF3A_DIRECTIONAL_WRITE_EXHAUSTED_PRIMALITY_UNASSIGNED,513,512,512,NO_RECORDED_FACTOR_PRP_OR_LL_RESULT_AND_NO_ACTIVE_GIMPS_ASSIGNMENT,2026-08-09T02:56:41+00:00,UNALLOCATED,,,,,
SLCMP1467-3837,3837,3838,509192573,2^509192573-1,STRUCTURAL_SCREEN_EXHAUSTED_PRIMALITY_UNASSIGNED,GF3A_DIRECTIONAL_WRITE_EXHAUSTED_PRIMALITY_UNASSIGNED,513,512,512,NO_RECORDED_FACTOR_PRP_OR_LL_RESULT_AND_NO_ACTIVE_GIMPS_ASSIGNMENT,2026-08-09T02:56:41+00:00,UNALLOCATED,,,,,
SLCMP1467-3838,3838,3839,509192591,2^509192591-1,STRUCTURAL_SCREEN_EXHAUSTED_PRIMALITY_UNASSIGNED,GF3A_DIRECTIONAL_WRITE_EXHAUSTED_PRIMALITY_UNASSIGNED,514,512,512,NO_RECORDED_FACTOR_PRP_OR_LL_RESULT_AND_NO_ACTIVE_GIMPS_ASSIGNMENT,2026-08-09T02:56:41+00:00,UNALLOCATED,,,,,
SLCMP1467-3839,3839,3840,509192659,2^509192659-1,STRUCTURAL_SCREEN_EXHAUSTED_PRIMALITY_UNASSIGNED,GF3A_DIRECTIONAL_WRITE_EXHAUSTED_PRIMALITY_UNASSIGNED,514,512,512,NO_RECORDED_FACTOR_PRP_OR_LL_RESULT_AND_NO_ACTIVE_GIMPS_ASSIGNMENT,2026-08-09T02:56:41+00:00,UNALLOCATED,,,,,
SLCMP1467-3840,3840,3841,509192669,2^509192669-1,STRUCTURAL_SCREEN_EXHAUSTED_PRIMALITY_UNASSIGNED,GF3A_DIRECTIONAL_WRITE_EXHAUSTED_PRIMALITY_UNASSIGNED,513,512,512,NO_RECORDED_FACTOR_PRP_OR_LL_RESULT_AND_NO_ACTIVE_GIMPS_ASSIGNMENT,2026-08-09T02:56:41+00:00,UNALLOCATED,,,,,
SLCMP1467-3841,3841,3842,509192707,2^509192707-1,STRUCTURAL_SCREEN_EXHAUSTED_PRIMALITY_UNASSIGNED,GF3A_DIRECTIONAL_WRITE_EXHAUSTED_PRIMALITY_UNASSIGNED,514,512,512,NO_RECORDED_FACTOR_PRP_OR_LL_RESULT_AND_NO_ACTIVE_GIMPS_ASSIGNMENT,2026-08-09T02:56:41+00:00,UNALLOCATED,,,,,
SLCMP1467-3842,3842,3843,509192809,2^509192809-1,STRUCTURAL_SCREEN_EXHAUSTED_PRIMALITY_UNASSIGNED,GF3A_DIRECTIONAL_WRITE_EXHAUSTED_PRIMALITY_UNASSIGNED,513,512,512,NO_RECORDED_FACTOR_PRP_OR_LL_RESULT_AND_NO_ACTIVE_GIMPS_ASSIGNMENT,2026-08-09T02:56:41+00:00,UNALLOCATED,,,,,
SLCMP1467-3843,3843,3844,509192819,2^509192819-1,STRUCTURAL_SCREEN_EXHAUSTED_PRIMALITY_UNASSIGNED,GF3A_DIRECTIONAL_WRITE_EXHAUSTED_PRIMALITY_UNASSIGNED,514,512,512,NO_RECORDED_FACTOR_PRP_OR_LL_RESULT_AND_NO_ACTIVE_GIMPS_ASSIGNMENT,2026-08-09T02:56:41+00:00,UNALLOCATED,,,,,
SLCMP1467-3844,3844,3845,509192843,2^509192843-1,STRUCTURAL_SCREEN_EXHAUSTED_PRIMALITY_UNASSIGNED,GF3A_DIRECTIONAL_WRITE_EXHAUSTED_PRIMALITY_UNASSIGNED,514,512,512,NO_RECORDED_FACTOR_PRP_OR_LL_RESULT_AND_NO_ACTIVE_GIMPS_ASSIGNMENT,2026-08-09T02:56:41+00:00,UNALLOCATED,,,,,
SLCMP1467-3845,3845,3846,509192851,2^509192851-1,STRUCTURAL_SCREEN_EXHAUSTED_PRIMALITY_UNASSIGNED,GF3A_DIRECTIONAL_WRITE_EXHAUSTED_PRIMALITY_UNASSIGNED,514,512,512,NO_RECORDED_FACTOR_PRP_OR_LL_RESULT_AND_NO_ACTIVE_GIMPS_ASSIGNMENT,2026-08-09T02:56:41+00:00,UNALLOCATED,,,,,
SLCMP1467-3846,3846,3847,509192863,2^509192863-1,STRUCTURAL_SCREEN_EXHAUSTED_PRIMALITY_UNASSIGNED,GF3A_DIRECTIONAL_WRITE_EXHAUSTED_PRIMALITY_UNASSIGNED,514,512,512,NO_RECORDED_FACTOR_PRP_OR_LL_RESULT_AND_NO_ACTIVE_GIMPS_ASSIGNMENT,2026-08-09T02:56:41+00:00,UNALLOCATED,,,,,
SLCMP1467-3847,3847,3848,509192869,2^509192869-1,STRUCTURAL_SCREEN_EXHAUSTED_PRIMALITY_UNASSIGNED,GF3A_DIRECTIONAL_WRITE_EXHAUSTED_PRIMALITY_UNASSIGNED,513,512,512,NO_RECORDED_FACTOR_PRP_OR_LL_RESULT_AND_NO_ACTIVE_GIMPS_ASSIGNMENT,2026-08-09T02:56:41+00:00,UNALLOCATED,,,,,
SLCMP1467-3848,3848,3849,509192909,2^509192909-1,STRUCTURAL_SCREEN_EXHAUSTED_PRIMALITY_UNASSIGNED,GF3A_DIRECTIONAL_WRITE_EXHAUSTED_PRIMALITY_UNASSIGNED,513,512,512,NO_RECORDED_FACTOR_PRP_OR_LL_RESULT_AND_NO_ACTIVE_GIMPS_ASSIGNMENT,2026-08-09T02:56:41+00:00,UNALLOCATED,,,,,
SLCMP1467-3849,3849,3850,509192947,2^509192947-1,STRUCTURAL_SCREEN_EXHAUSTED_PRIMALITY_UNASSIGNED,GF3A_DIRECTIONAL_WRITE_EXHAUSTED_PRIMALITY_UNASSIGNED,514,512,512,NO_RECORDED_FACTOR_PRP_OR_LL_RESULT_AND_NO_ACTIVE_GIMPS_ASSIGNMENT,2026-08-09T02:56:41+00:00,UNALLOCATED,,,,,
SLCMP1467-3850,3850,3851,509193037,2^509193037-1,STRUCTURAL_SCREEN_EXHAUSTED_PRIMALITY_UNASSIGNED,GF3A_DIRECTIONAL_WRITE_EXHAUSTED_PRIMALITY_UNASSIGNED,513,512,512,NO_RECORDED_FACTOR_PRP_OR_LL_RESULT_AND_NO_ACTIVE_GIMPS_ASSIGNMENT,2026-08-09T02:56:41+00:00,UNALLOCATED,,,,,
SLCMP1467-3851,3851,3852,509193161,2^509193161-1,STRUCTURAL_SCREEN_EXHAUSTED_PRIMALITY_UNASSIGNED,GF3A_DIRECTIONAL_WRITE_EXHAUSTED_PRIMALITY_UNASSIGNED,513,512,512,NO_RECORDED_FACTOR_PRP_OR_LL_RESULT_AND_NO_ACTIVE_GIMPS_ASSIGNMENT,2026-08-09T02:56:41+00:00,UNALLOCATED,,,,,
SLCMP1467-3852,3852,3853,509193199,2^509193199-1,STRUCTURAL_SCREEN_EXHAUSTED_PRIMALITY_UNASSIGNED,GF3A_DIRECTIONAL_WRITE_EXHAUSTED_PRIMALITY_UNASSIGNED,514,512,512,NO_RECORDED_FACTOR_PRP_OR_LL_RESULT_AND_NO_ACTIVE_GIMPS_ASSIGNMENT,2026-08-09T02:56:41+00:00,UNALLOCATED,,,,,
SLCMP1467-3853,3853,3854,509193211,2^509193211-1,STRUCTURAL_SCREEN_EXHAUSTED_PRIMALITY_UNASSIGNED,GF3A_DIRECTIONAL_WRITE_EXHAUSTED_PRIMALITY_UNASSIGNED,514,512,512,NO_RECORDED_FACTOR_PRP_OR_LL_RESULT_AND_NO_ACTIVE_GIMPS_ASSIGNMENT,2026-08-09T02:56:41+00:00,UNALLOCATED,,,,,
SLCMP1467-3854,3854,3855,509193239,2^509193239-1,STRUCTURAL_SCREEN_EXHAUSTED_PRIMALITY_UNASSIGNED,GF3A_DIRECTIONAL_WRITE_EXHAUSTED_PRIMALITY_UNASSIGNED,514,512,512,NO_RECORDED_FACTOR_PRP_OR_LL_RESULT_AND_NO_ACTIVE_GIMPS_ASSIGNMENT,2026-08-09T02:56:41+00:00,UNALLOCATED,,,,,
SLCMP1467-3855,3855,3856,509193257,2^509193257-1,STRUCTURAL_SCREEN_EXHAUSTED_PRIMALITY_UNASSIGNED,GF3A_DIRECTIONAL_WRITE_EXHAUSTED_PRIMALITY_UNASSIGNED,513,512,512,NO_RECORDED_FACTOR_PRP_OR_LL_RESULT_AND_NO_ACTIVE_GIMPS_ASSIGNMENT,2026-08-09T02:56:41+00:00,UNALLOCATED,,,,,
SLCMP1467-3856,3856,3857,509193317,2^509193317-1,STRUCTURAL_SCREEN_EXHAUSTED_PRIMALITY_UNASSIGNED,GF3A_DIRECTIONAL_WRITE_EXHAUSTED_PRIMALITY_UNASSIGNED,513,512,512,NO_RECORDED_FACTOR_PRP_OR_LL_RESULT_AND_NO_ACTIVE_GIMPS_ASSIGNMENT,2026-08-09T02:56:41+00:00,UNALLOCATED,,,,,
SLCMP1467-3857,3857,3858,509193319,2^509193319-1,STRUCTURAL_SCREEN_EXHAUSTED_PRIMALITY_UNASSIGNED,GF3A_DIRECTIONAL_WRITE_EXHAUSTED_PRIMALITY_UNASSIGNED,514,512,512,NO_RECORDED_FACTOR_PRP_OR_LL_RESULT_AND_NO_ACTIVE_GIMPS_ASSIGNMENT,2026-08-09T02:56:41+00:00,UNALLOCATED,,,,,
SLCMP1467-3858,3858,3859,509193539,2^509193539-1,STRUCTURAL_SCREEN_EXHAUSTED_PRIMALITY_UNASSIGNED,GF3A_DIRECTIONAL_WRITE_EXHAUSTED_PRIMALITY_UNASSIGNED,514,512,512,NO_RECORDED_FACTOR_PRP_OR_LL_RESULT_AND_NO_ACTIVE_GIMPS_ASSIGNMENT,2026-08-09T02:56:41+00:00,UNALLOCATED,,,,,
SLCMP1467-3859,3859,3860,509193551,2^509193551-1,STRUCTURAL_SCREEN_EXHAUSTED_PRIMALITY_UNASSIGNED,GF3A_DIRECTIONAL_WRITE_EXHAUSTED_PRIMALITY_UNASSIGNED,514,512,512,NO_RECORDED_FACTOR_PRP_OR_LL_RESULT_AND_NO_ACTIVE_GIMPS_ASSIGNMENT,2026-08-09T02:56:41+00:00,UNALLOCATED,,,,,
SLCMP1467-3860,3860,3861,509193617,2^509193617-1,STRUCTURAL_SCREEN_EXHAUSTED_PRIMALITY_UNASSIGNED,GF3A_DIRECTIONAL_WRITE_EXHAUSTED_PRIMALITY_UNASSIGNED,513,512,512,NO_RECORDED_FACTOR_PRP_OR_LL_RESULT_AND_NO_ACTIVE_GIMPS_ASSIGNMENT,2026-08-09T02:56:41+00:00,UNALLOCATED,,,,,
SLCMP1467-3861,3861,3862,509193691,2^509193691-1,STRUCTURAL_SCREEN_EXHAUSTED_PRIMALITY_UNASSIGNED,GF3A_DIRECTIONAL_WRITE_EXHAUSTED_PRIMALITY_UNASSIGNED,514,512,512,NO_RECORDED_FACTOR_PRP_OR_LL_RESULT_AND_NO_ACTIVE_GIMPS_ASSIGNMENT,2026-08-09T02:56:41+00:00,UNALLOCATED,,,,,
SLCMP1467-3862,3862,3863,509193703,2^509193703-1,STRUCTURAL_SCREEN_EXHAUSTED_PRIMALITY_UNASSIGNED,GF3A_DIRECTIONAL_WRITE_EXHAUSTED_PRIMALITY_UNASSIGNED,514,512,512,NO_RECORDED_FACTOR_PRP_OR_LL_RESULT_AND_NO_ACTIVE_GIMPS_ASSIGNMENT,2026-08-09T02:56:41+00:00,UNALLOCATED,,,,,
SLCMP1467-3863,3863,3864,509193709,2^509193709-1,STRUCTURAL_SCREEN_EXHAUSTED_PRIMALITY_UNASSIGNED,GF3A_DIRECTIONAL_WRITE_EXHAUSTED_PRIMALITY_UNASSIGNED,513,512,512,NO_RECORDED_FACTOR_PRP_OR_LL_RESULT_AND_NO_ACTIVE_GIMPS_ASSIGNMENT,2026-08-09T02:56:41+00:00,UNALLOCATED,,,,,
SLCMP1467-3864,3864,3865,509193739,2^509193739-1,STRUCTURAL_SCREEN_EXHAUSTED_PRIMALITY_UNASSIGNED,GF3A_DIRECTIONAL_WRITE_EXHAUSTED_PRIMALITY_UNASSIGNED,514,512,512,NO_RECORDED_FACTOR_PRP_OR_LL_RESULT_AND_NO_ACTIVE_GIMPS_ASSIGNMENT,2026-08-09T02:56:41+00:00,UNALLOCATED,,,,,
SLCMP1467-3865,3865,3866,509193767,2^509193767-1,STRUCTURAL_SCREEN_EXHAUSTED_PRIMALITY_UNASSIGNED,GF3A_DIRECTIONAL_WRITE_EXHAUSTED_PRIMALITY_UNASSIGNED,514,512,512,NO_RECORDED_FACTOR_PRP_OR_LL_RESULT_AND_NO_ACTIVE_GIMPS_ASSIGNMENT,2026-08-09T02:56:41+00:00,UNALLOCATED,,,,,
SLCMP1467-3866,3866,3867,509193833,2^509193833-1,STRUCTURAL_SCREEN_EXHAUSTED_PRIMALITY_UNASSIGNED,GF3A_DIRECTIONAL_WRITE_EXHAUSTED_PRIMALITY_UNASSIGNED,513,512,512,NO_RECORDED_FACTOR_PRP_OR_LL_RESULT_AND_NO_ACTIVE_GIMPS_ASSIGNMENT,2026-08-09T02:56:41+00:00,UNALLOCATED,,,,,
SLCMP1467-3867,3867,3868,509193869,2^509193869-1,STRUCTURAL_SCREEN_EXHAUSTED_PRIMALITY_UNASSIGNED,GF3A_DIRECTIONAL_WRITE_EXHAUSTED_PRIMALITY_UNASSIGNED,513,512,512,NO_RECORDED_FACTOR_PRP_OR_LL_RESULT_AND_NO_ACTIVE_GIMPS_ASSIGNMENT,2026-08-09T02:56:41+00:00,UNALLOCATED,,,,,
SLCMP1467-3868,3868,3869,509193871,2^509193871-1,STRUCTURAL_SCREEN_EXHAUSTED_PRIMALITY_UNASSIGNED,GF3A_DIRECTIONAL_WRITE_EXHAUSTED_PRIMALITY_UNASSIGNED,514,512,512,NO_RECORDED_FACTOR_PRP_OR_LL_RESULT_AND_NO_ACTIVE_GIMPS_ASSIGNMENT,2026-08-09T02:56:41+00:00,UNALLOCATED,,,,,
SLCMP1467-3869,3869,3870,509193931,2^509193931-1,STRUCTURAL_SCREEN_EXHAUSTED_PRIMALITY_UNASSIGNED,GF3A_DIRECTIONAL_WRITE_EXHAUSTED_PRIMALITY_UNASSIGNED,514,512,512,NO_RECORDED_FACTOR_PRP_OR_LL_RESULT_AND_NO_ACTIVE_GIMPS_ASSIGNMENT,2026-08-09T02:56:41+00:00,UNALLOCATED,,,,,
SLCMP1467-3870,3870,3871,509193953,2^509193953-1,STRUCTURAL_SCREEN_EXHAUSTED_PRIMALITY_UNASSIGNED,GF3A_DIRECTIONAL_WRITE_EXHAUSTED_PRIMALITY_UNASSIGNED,513,512,512,NO_RECORDED_FACTOR_PRP_OR_LL_RESULT_AND_NO_ACTIVE_GIMPS_ASSIGNMENT,2026-08-09T02:56:41+00:00,UNALLOCATED,,,,,
SLCMP1467-3871,3871,3872,509193989,2^509193989-1,STRUCTURAL_SCREEN_EXHAUSTED_PRIMALITY_UNASSIGNED,GF3A_DIRECTIONAL_WRITE_EXHAUSTED_PRIMALITY_UNASSIGNED,513,512,512,NO_RECORDED_FACTOR_PRP_OR_LL_RESULT_AND_NO_ACTIVE_GIMPS_ASSIGNMENT,2026-08-09T02:56:41+00:00,UNALLOCATED,,,,,
SLCMP1467-3872,3872,3873,509194043,2^509194043-1,STRUCTURAL_SCREEN_EXHAUSTED_PRIMALITY_UNASSIGNED,GF3A_DIRECTIONAL_WRITE_EXHAUSTED_PRIMALITY_UNASSIGNED,514,512,512,NO_RECORDED_FACTOR_PRP_OR_LL_RESULT_AND_NO_ACTIVE_GIMPS_ASSIGNMENT,2026-08-09T02:56:41+00:00,UNALLOCATED,,,,,
SLCMP1467-3873,3873,3874,509194073,2^509194073-1,STRUCTURAL_SCREEN_EXHAUSTED_PRIMALITY_UNASSIGNED,GF3A_DIRECTIONAL_WRITE_EXHAUSTED_PRIMALITY_UNASSIGNED,513,512,512,NO_RECORDED_FACTOR_PRP_OR_LL_RESULT_AND_NO_ACTIVE_GIMPS_ASSIGNMENT,2026-08-09T02:56:41+00:00,UNALLOCATED,,,,,
SLCMP1467-3874,3874,3875,509194097,2^509194097-1,STRUCTURAL_SCREEN_EXHAUSTED_PRIMALITY_UNASSIGNED,GF3A_DIRECTIONAL_WRITE_EXHAUSTED_PRIMALITY_UNASSIGNED,513,512,512,NO_RECORDED_FACTOR_PRP_OR_LL_RESULT_AND_NO_ACTIVE_GIMPS_ASSIGNMENT,2026-08-09T02:56:41+00:00,UNALLOCATED,,,,,
SLCMP1467-3875,3875,3876,509194177,2^509194177-1,STRUCTURAL_SCREEN_EXHAUSTED_PRIMALITY_UNASSIGNED,GF3A_DIRECTIONAL_WRITE_EXHAUSTED_PRIMALITY_UNASSIGNED,513,512,512,NO_RECORDED_FACTOR_PRP_OR_LL_RESULT_AND_NO_ACTIVE_GIMPS_ASSIGNMENT,2026-08-09T02:56:41+00:00,UNALLOCATED,,,,,
SLCMP1467-3876,3876,3877,509194207,2^509194207-1,STRUCTURAL_SCREEN_EXHAUSTED_PRIMALITY_UNASSIGNED,GF3A_DIRECTIONAL_WRITE_EXHAUSTED_PRIMALITY_UNASSIGNED,514,512,512,NO_RECORDED_FACTOR_PRP_OR_LL_RESULT_AND_NO_ACTIVE_GIMPS_ASSIGNMENT,2026-08-09T02:56:41+00:00,UNALLOCATED,,,,,
SLCMP1467-3877,3877,3878,509194229,2^509194229-1,STRUCTURAL_SCREEN_EXHAUSTED_PRIMALITY_UNASSIGNED,GF3A_DIRECTIONAL_WRITE_EXHAUSTED_PRIMALITY_UNASSIGNED,513,512,512,NO_RECORDED_FACTOR_PRP_OR_LL_RESULT_AND_NO_ACTIVE_GIMPS_ASSIGNMENT,2026-08-09T02:56:41+00:00,UNALLOCATED,,,,,
SLCMP1467-3878,3878,3879,509194277,2^509194277-1,STRUCTURAL_SCREEN_EXHAUSTED_PRIMALITY_UNASSIGNED,GF3A_DIRECTIONAL_WRITE_EXHAUSTED_PRIMALITY_UNASSIGNED,513,512,512,NO_RECORDED_FACTOR_PRP_OR_LL_RESULT_AND_NO_ACTIVE_GIMPS_ASSIGNMENT,2026-08-09T02:56:41+00:00,UNALLOCATED,,,,,
SLCMP1467-3879,3879,3880,509194297,2^509194297-1,STRUCTURAL_SCREEN_EXHAUSTED_PRIMALITY_UNASSIGNED,GF3A_DIRECTIONAL_WRITE_EXHAUSTED_PRIMALITY_UNASSIGNED,513,512,512,NO_RECORDED_FACTOR_PRP_OR_LL_RESULT_AND_NO_ACTIVE_GIMPS_ASSIGNMENT,2026-08-09T02:56:41+00:00,UNALLOCATED,,,,,
SLCMP1467-3880,3880,3881,509194303,2^509194303-1,STRUCTURAL_SCREEN_EXHAUSTED_PRIMALITY_UNASSIGNED,GF3A_DIRECTIONAL_WRITE_EXHAUSTED_PRIMALITY_UNASSIGNED,514,512,512,NO_RECORDED_FACTOR_PRP_OR_LL_RESULT_AND_NO_ACTIVE_GIMPS_ASSIGNMENT,2026-08-09T02:56:41+00:00,UNALLOCATED,,,,,
SLCMP1467-3881,3881,3882,509194307,2^509194307-1,STRUCTURAL_SCREEN_EXHAUSTED_PRIMALITY_UNASSIGNED,GF3A_DIRECTIONAL_WRITE_EXHAUSTED_PRIMALITY_UNASSIGNED,514,512,512,NO_RECORDED_FACTOR_PRP_OR_LL_RESULT_AND_NO_ACTIVE_GIMPS_ASSIGNMENT,2026-08-09T02:56:41+00:00,UNALLOCATED,,,,,
SLCMP1467-3882,3882,3883,509194351,2^509194351-1,STRUCTURAL_SCREEN_EXHAUSTED_PRIMALITY_UNASSIGNED,GF3A_DIRECTIONAL_WRITE_EXHAUSTED_PRIMALITY_UNASSIGNED,514,512,512,NO_RECORDED_FACTOR_PRP_OR_LL_RESULT_AND_NO_ACTIVE_GIMPS_ASSIGNMENT,2026-08-09T02:56:41+00:00,UNALLOCATED,,,,,
SLCMP1467-3883,3883,3884,509194417,2^509194417-1,STRUCTURAL_SCREEN_EXHAUSTED_PRIMALITY_UNASSIGNED,GF3A_DIRECTIONAL_WRITE_EXHAUSTED_PRIMALITY_UNASSIGNED,513,512,512,NO_RECORDED_FACTOR_PRP_OR_LL_RESULT_AND_NO_ACTIVE_GIMPS_ASSIGNMENT,2026-08-09T02:56:41+00:00,UNALLOCATED,,,,,
SLCMP1467-3884,3884,3885,509194541,2^509194541-1,STRUCTURAL_SCREEN_EXHAUSTED_PRIMALITY_UNASSIGNED,GF3A_DIRECTIONAL_WRITE_EXHAUSTED_PRIMALITY_UNASSIGNED,513,512,512,NO_RECORDED_FACTOR_PRP_OR_LL_RESULT_AND_NO_ACTIVE_GIMPS_ASSIGNMENT,2026-08-09T02:56:41+00:00,UNALLOCATED,,,,,
SLCMP1467-3885,3885,3886,509194589,2^509194589-1,STRUCTURAL_SCREEN_EXHAUSTED_PRIMALITY_UNASSIGNED,GF3A_DIRECTIONAL_WRITE_EXHAUSTED_PRIMALITY_UNASSIGNED,513,512,512,NO_RECORDED_FACTOR_PRP_OR_LL_RESULT_AND_NO_ACTIVE_GIMPS_ASSIGNMENT,2026-08-09T02:56:41+00:00,UNALLOCATED,,,,,
SLCMP1467-3886,3886,3887,509194607,2^509194607-1,STRUCTURAL_SCREEN_EXHAUSTED_PRIMALITY_UNASSIGNED,GF3A_DIRECTIONAL_WRITE_EXHAUSTED_PRIMALITY_UNASSIGNED,514,512,512,NO_RECORDED_FACTOR_PRP_OR_LL_RESULT_AND_NO_ACTIVE_GIMPS_ASSIGNMENT,2026-08-09T02:56:41+00:00,UNALLOCATED,,,,,
SLCMP1467-3887,3887,3888,509194627,2^509194627-1,STRUCTURAL_SCREEN_EXHAUSTED_PRIMALITY_UNASSIGNED,GF3A_DIRECTIONAL_WRITE_EXHAUSTED_PRIMALITY_UNASSIGNED,514,512,512,NO_RECORDED_FACTOR_PRP_OR_LL_RESULT_AND_NO_ACTIVE_GIMPS_ASSIGNMENT,2026-08-09T02:56:41+00:00,UNALLOCATED,,,,,
SLCMP1467-3888,3888,3889,509194733,2^509194733-1,STRUCTURAL_SCREEN_EXHAUSTED_PRIMALITY_UNASSIGNED,GF3A_DIRECTIONAL_WRITE_EXHAUSTED_PRIMALITY_UNASSIGNED,513,512,512,NO_RECORDED_FACTOR_PRP_OR_LL_RESULT_AND_NO_ACTIVE_GIMPS_ASSIGNMENT,2026-08-09T02:56:41+00:00,UNALLOCATED,,,,,
SLCMP1467-3889,3889,3890,509194753,2^509194753-1,STRUCTURAL_SCREEN_EXHAUSTED_PRIMALITY_UNASSIGNED,GF3A_DIRECTIONAL_WRITE_EXHAUSTED_PRIMALITY_UNASSIGNED,513,512,512,NO_RECORDED_FACTOR_PRP_OR_LL_RESULT_AND_NO_ACTIVE_GIMPS_ASSIGNMENT,2026-08-09T02:56:41+00:00,UNALLOCATED,,,,,
SLCMP1467-3890,3890,3891,509194759,2^509194759-1,STRUCTURAL_SCREEN_EXHAUSTED_PRIMALITY_UNASSIGNED,GF3A_DIRECTIONAL_WRITE_EXHAUSTED_PRIMALITY_UNASSIGNED,514,512,512,NO_RECORDED_FACTOR_PRP_OR_LL_RESULT_AND_NO_ACTIVE_GIMPS_ASSIGNMENT,2026-08-09T02:56:41+00:00,UNALLOCATED,,,,,
SLCMP1467-3891,3891,3892,509194787,2^509194787-1,STRUCTURAL_SCREEN_EXHAUSTED_PRIMALITY_UNASSIGNED,GF3A_DIRECTIONAL_WRITE_EXHAUSTED_PRIMALITY_UNASSIGNED,514,512,512,NO_RECORDED_FACTOR_PRP_OR_LL_RESULT_AND_NO_ACTIVE_GIMPS_ASSIGNMENT,2026-08-09T02:56:41+00:00,UNALLOCATED,,,,,
SLCMP1467-3892,3892,3893,509194951,2^509194951-1,STRUCTURAL_SCREEN_EXHAUSTED_PRIMALITY_UNASSIGNED,GF3A_DIRECTIONAL_WRITE_EXHAUSTED_PRIMALITY_UNASSIGNED,514,512,512,NO_RECORDED_FACTOR_PRP_OR_LL_RESULT_AND_NO_ACTIVE_GIMPS_ASSIGNMENT,2026-08-09T02:56:41+00:00,UNALLOCATED,,,,,
SLCMP1467-3893,3893,3894,509194967,2^509194967-1,STRUCTURAL_SCREEN_EXHAUSTED_PRIMALITY_UNASSIGNED,GF3A_DIRECTIONAL_WRITE_EXHAUSTED_PRIMALITY_UNASSIGNED,514,512,512,NO_RECORDED_FACTOR_PRP_OR_LL_RESULT_AND_NO_ACTIVE_GIMPS_ASSIGNMENT,2026-08-09T02:56:41+00:00,UNALLOCATED,,,,,
SLCMP1467-3894,3894,3895,509194991,2^509194991-1,STRUCTURAL_SCREEN_EXHAUSTED_PRIMALITY_UNASSIGNED,GF3A_DIRECTIONAL_WRITE_EXHAUSTED_PRIMALITY_UNASSIGNED,514,512,512,NO_RECORDED_FACTOR_PRP_OR_LL_RESULT_AND_NO_ACTIVE_GIMPS_ASSIGNMENT,2026-08-09T02:56:41+00:00,UNALLOCATED,,,,,
SLCMP1467-3895,3895,3896,509195017,2^509195017-1,STRUCTURAL_SCREEN_EXHAUSTED_PRIMALITY_UNASSIGNED,GF3A_DIRECTIONAL_WRITE_EXHAUSTED_PRIMALITY_UNASSIGNED,513,512,512,NO_RECORDED_FACTOR_PRP_OR_LL_RESULT_AND_NO_ACTIVE_GIMPS_ASSIGNMENT,2026-08-09T02:56:41+00:00,UNALLOCATED,,,,,
SLCMP1467-3896,3896,3897,509195047,2^509195047-1,STRUCTURAL_SCREEN_EXHAUSTED_PRIMALITY_UNASSIGNED,GF3A_DIRECTIONAL_WRITE_EXHAUSTED_PRIMALITY_UNASSIGNED,514,512,512,NO_RECORDED_FACTOR_PRP_OR_LL_RESULT_AND_NO_ACTIVE_GIMPS_ASSIGNMENT,2026-08-09T02:56:41+00:00,UNALLOCATED,,,,,
SLCMP1467-3897,3897,3898,509195107,2^509195107-1,STRUCTURAL_SCREEN_EXHAUSTED_PRIMALITY_UNASSIGNED,GF3A_DIRECTIONAL_WRITE_EXHAUSTED_PRIMALITY_UNASSIGNED,514,512,512,NO_RECORDED_FACTOR_PRP_OR_LL_RESULT_AND_NO_ACTIVE_GIMPS_ASSIGNMENT,2026-08-09T02:56:41+00:00,UNALLOCATED,,,,,
SLCMP1467-3898,3898,3899,509195153,2^509195153-1,STRUCTURAL_SCREEN_EXHAUSTED_PRIMALITY_UNASSIGNED,GF3A_DIRECTIONAL_WRITE_EXHAUSTED_PRIMALITY_UNASSIGNED,513,512,512,NO_RECORDED_FACTOR_PRP_OR_LL_RESULT_AND_NO_ACTIVE_GIMPS_ASSIGNMENT,2026-08-09T02:56:41+00:00,UNALLOCATED,,,,,
SLCMP1467-3899,3899,3900,509195233,2^509195233-1,STRUCTURAL_SCREEN_EXHAUSTED_PRIMALITY_UNASSIGNED,GF3A_DIRECTIONAL_WRITE_EXHAUSTED_PRIMALITY_UNASSIGNED,513,512,512,NO_RECORDED_FACTOR_PRP_OR_LL_RESULT_AND_NO_ACTIVE_GIMPS_ASSIGNMENT,2026-08-09T02:56:41+00:00,UNALLOCATED,,,,,
SLCMP1467-3900,3900,3901,509195299,2^509195299-1,STRUCTURAL_SCREEN_EXHAUSTED_PRIMALITY_UNASSIGNED,GF3A_DIRECTIONAL_WRITE_EXHAUSTED_PRIMALITY_UNASSIGNED,514,512,512,NO_RECORDED_FACTOR_PRP_OR_LL_RESULT_AND_NO_ACTIVE_GIMPS_ASSIGNMENT,2026-08-09T02:56:41+00:00,UNALLOCATED,,,,,
SLCMP1467-3901,3901,3902,509195303,2^509195303-1,STRUCTURAL_SCREEN_EXHAUSTED_PRIMALITY_UNASSIGNED,GF3A_DIRECTIONAL_WRITE_EXHAUSTED_PRIMALITY_UNASSIGNED,514,512,512,NO_RECORDED_FACTOR_PRP_OR_LL_RESULT_AND_NO_ACTIVE_GIMPS_ASSIGNMENT,2026-08-09T02:56:41+00:00,UNALLOCATED,,,,,
SLCMP1467-3902,3902,3903,509195317,2^509195317-1,STRUCTURAL_SCREEN_EXHAUSTED_PRIMALITY_UNASSIGNED,GF3A_DIRECTIONAL_WRITE_EXHAUSTED_PRIMALITY_UNASSIGNED,513,512,512,NO_RECORDED_FACTOR_PRP_OR_LL_RESULT_AND_NO_ACTIVE_GIMPS_ASSIGNMENT,2026-08-09T02:56:41+00:00,UNALLOCATED,,,,,
SLCMP1467-3903,3903,3904,509195371,2^509195371-1,STRUCTURAL_SCREEN_EXHAUSTED_PRIMALITY_UNASSIGNED,GF3A_DIRECTIONAL_WRITE_EXHAUSTED_PRIMALITY_UNASSIGNED,514,512,512,NO_RECORDED_FACTOR_PRP_OR_LL_RESULT_AND_NO_ACTIVE_GIMPS_ASSIGNMENT,2026-08-09T02:56:41+00:00,UNALLOCATED,,,,,
SLCMP1467-3904,3904,3905,509195473,2^509195473-1,STRUCTURAL_SCREEN_EXHAUSTED_PRIMALITY_UNASSIGNED,GF3A_DIRECTIONAL_WRITE_EXHAUSTED_PRIMALITY_UNASSIGNED,513,512,512,NO_RECORDED_FACTOR_PRP_OR_LL_RESULT_AND_NO_ACTIVE_GIMPS_ASSIGNMENT,2026-08-09T02:56:41+00:00,UNALLOCATED,,,,,
SLCMP1467-3905,3905,3906,509195483,2^509195483-1,STRUCTURAL_SCREEN_EXHAUSTED_PRIMALITY_UNASSIGNED,GF3A_DIRECTIONAL_WRITE_EXHAUSTED_PRIMALITY_UNASSIGNED,514,512,512,NO_RECORDED_FACTOR_PRP_OR_LL_RESULT_AND_NO_ACTIVE_GIMPS_ASSIGNMENT,2026-08-09T02:56:41+00:00,UNALLOCATED,,,,,
SLCMP1467-3906,3906,3907,509195507,2^509195507-1,STRUCTURAL_SCREEN_EXHAUSTED_PRIMALITY_UNASSIGNED,GF3A_DIRECTIONAL_WRITE_EXHAUSTED_PRIMALITY_UNASSIGNED,514,512,512,NO_RECORDED_FACTOR_PRP_OR_LL_RESULT_AND_NO_ACTIVE_GIMPS_ASSIGNMENT,2026-08-09T02:56:41+00:00,UNALLOCATED,,,,,
SLCMP1467-3907,3907,3908,509195579,2^509195579-1,STRUCTURAL_SCREEN_EXHAUSTED_PRIMALITY_UNASSIGNED,GF3A_DIRECTIONAL_WRITE_EXHAUSTED_PRIMALITY_UNASSIGNED,514,512,512,NO_RECORDED_FACTOR_PRP_OR_LL_RESULT_AND_NO_ACTIVE_GIMPS_ASSIGNMENT,2026-08-09T02:56:41+00:00,UNALLOCATED,,,,,
SLCMP1467-3908,3908,3909,509195671,2^509195671-1,STRUCTURAL_SCREEN_EXHAUSTED_PRIMALITY_UNASSIGNED,GF3A_DIRECTIONAL_WRITE_EXHAUSTED_PRIMALITY_UNASSIGNED,514,512,512,NO_RECORDED_FACTOR_PRP_OR_LL_RESULT_AND_NO_ACTIVE_GIMPS_ASSIGNMENT,2026-08-09T02:56:41+00:00,UNALLOCATED,,,,,
SLCMP1467-3909,3909,3910,509195767,2^509195767-1,STRUCTURAL_SCREEN_EXHAUSTED_PRIMALITY_UNASSIGNED,GF3A_DIRECTIONAL_WRITE_EXHAUSTED_PRIMALITY_UNASSIGNED,514,512,512,NO_RECORDED_FACTOR_PRP_OR_LL_RESULT_AND_NO_ACTIVE_GIMPS_ASSIGNMENT,2026-08-09T02:56:41+00:00,UNALLOCATED,,,,,
SLCMP1467-3910,3910,3911,509195867,2^509195867-1,STRUCTURAL_SCREEN_EXHAUSTED_PRIMALITY_UNASSIGNED,GF3A_DIRECTIONAL_WRITE_EXHAUSTED_PRIMALITY_UNASSIGNED,514,512,512,NO_RECORDED_FACTOR_PRP_OR_LL_RESULT_AND_NO_ACTIVE_GIMPS_ASSIGNMENT,2026-08-09T02:56:41+00:00,UNALLOCATED,,,,,
SLCMP1467-3911,3911,3912,509196013,2^509196013-1,STRUCTURAL_SCREEN_EXHAUSTED_PRIMALITY_UNASSIGNED,GF3A_DIRECTIONAL_WRITE_EXHAUSTED_PRIMALITY_UNASSIGNED,513,512,512,NO_RECORDED_FACTOR_PRP_OR_LL_RESULT_AND_NO_ACTIVE_GIMPS_ASSIGNMENT,2026-08-09T02:56:41+00:00,UNALLOCATED,,,,,
SLCMP1467-3912,3912,3913,509196041,2^509196041-1,STRUCTURAL_SCREEN_EXHAUSTED_PRIMALITY_UNASSIGNED,GF3A_DIRECTIONAL_WRITE_EXHAUSTED_PRIMALITY_UNASSIGNED,513,512,512,NO_RECORDED_FACTOR_PRP_OR_LL_RESULT_AND_NO_ACTIVE_GIMPS_ASSIGNMENT,2026-08-09T02:56:41+00:00,UNALLOCATED,,,,,
SLCMP1467-3913,3913,3914,509196071,2^509196071-1,STRUCTURAL_SCREEN_EXHAUSTED_PRIMALITY_UNASSIGNED,GF3A_DIRECTIONAL_WRITE_EXHAUSTED_PRIMALITY_UNASSIGNED,514,512,512,NO_RECORDED_FACTOR_PRP_OR_LL_RESULT_AND_NO_ACTIVE_GIMPS_ASSIGNMENT,2026-08-09T02:56:41+00:00,UNALLOCATED,,,,,
SLCMP1467-3914,3914,3915,509196169,2^509196169-1,STRUCTURAL_SCREEN_EXHAUSTED_PRIMALITY_UNASSIGNED,GF3A_DIRECTIONAL_WRITE_EXHAUSTED_PRIMALITY_UNASSIGNED,513,512,512,NO_RECORDED_FACTOR_PRP_OR_LL_RESULT_AND_NO_ACTIVE_GIMPS_ASSIGNMENT,2026-08-09T02:56:41+00:00,UNALLOCATED,,,,,
SLCMP1467-3915,3915,3916,509196199,2^509196199-1,STRUCTURAL_SCREEN_EXHAUSTED_PRIMALITY_UNASSIGNED,GF3A_DIRECTIONAL_WRITE_EXHAUSTED_PRIMALITY_UNASSIGNED,514,512,512,NO_RECORDED_FACTOR_PRP_OR_LL_RESULT_AND_NO_ACTIVE_GIMPS_ASSIGNMENT,2026-08-09T02:56:41+00:00,UNALLOCATED,,,,,
SLCMP1467-3916,3916,3917,509196221,2^509196221-1,STRUCTURAL_SCREEN_EXHAUSTED_PRIMALITY_UNASSIGNED,GF3A_DIRECTIONAL_WRITE_EXHAUSTED_PRIMALITY_UNASSIGNED,513,512,512,NO_RECORDED_FACTOR_PRP_OR_LL_RESULT_AND_NO_ACTIVE_GIMPS_ASSIGNMENT,2026-08-09T02:56:41+00:00,UNALLOCATED,,,,,
SLCMP1467-3917,3917,3918,509196229,2^509196229-1,STRUCTURAL_SCREEN_EXHAUSTED_PRIMALITY_UNASSIGNED,GF3A_DIRECTIONAL_WRITE_EXHAUSTED_PRIMALITY_UNASSIGNED,513,512,512,NO_RECORDED_FACTOR_PRP_OR_LL_RESULT_AND_NO_ACTIVE_GIMPS_ASSIGNMENT,2026-08-09T02:56:41+00:00,UNALLOCATED,,,,,
SLCMP1467-3918,3918,3919,509196277,2^509196277-1,STRUCTURAL_SCREEN_EXHAUSTED_PRIMALITY_UNASSIGNED,GF3A_DIRECTIONAL_WRITE_EXHAUSTED_PRIMALITY_UNASSIGNED,513,512,512,NO_RECORDED_FACTOR_PRP_OR_LL_RESULT_AND_NO_ACTIVE_GIMPS_ASSIGNMENT,2026-08-09T02:56:41+00:00,UNALLOCATED,,,,,
SLCMP1467-3919,3919,3920,509196349,2^509196349-1,STRUCTURAL_SCREEN_EXHAUSTED_PRIMALITY_UNASSIGNED,GF3A_DIRECTIONAL_WRITE_EXHAUSTED_PRIMALITY_UNASSIGNED,513,512,512,NO_RECORDED_FACTOR_PRP_OR_LL_RESULT_AND_NO_ACTIVE_GIMPS_ASSIGNMENT,2026-08-09T02:56:41+00:00,UNALLOCATED,,,,,
SLCMP1467-3920,3920,3921,509196397,2^509196397-1,STRUCTURAL_SCREEN_EXHAUSTED_PRIMALITY_UNASSIGNED,GF3A_DIRECTIONAL_WRITE_EXHAUSTED_PRIMALITY_UNASSIGNED,513,512,512,NO_RECORDED_FACTOR_PRP_OR_LL_RESULT_AND_NO_ACTIVE_GIMPS_ASSIGNMENT,2026-08-09T02:56:41+00:00,UNALLOCATED,,,,,
SLCMP1467-3921,3921,3922,509196437,2^509196437-1,STRUCTURAL_SCREEN_EXHAUSTED_PRIMALITY_UNASSIGNED,GF3A_DIRECTIONAL_WRITE_EXHAUSTED_PRIMALITY_UNASSIGNED,513,512,512,NO_RECORDED_FACTOR_PRP_OR_LL_RESULT_AND_NO_ACTIVE_GIMPS_ASSIGNMENT,2026-08-09T02:56:41+00:00,UNALLOCATED,,,,,
SLCMP1467-3922,3922,3923,509196521,2^509196521-1,STRUCTURAL_SCREEN_EXHAUSTED_PRIMALITY_UNASSIGNED,GF3A_DIRECTIONAL_WRITE_EXHAUSTED_PRIMALITY_UNASSIGNED,513,512,512,NO_RECORDED_FACTOR_PRP_OR_LL_RESULT_AND_NO_ACTIVE_GIMPS_ASSIGNMENT,2026-08-09T02:56:41+00:00,UNALLOCATED,,,,,
SLCMP1467-3923,3923,3924,509196557,2^509196557-1,STRUCTURAL_SCREEN_EXHAUSTED_PRIMALITY_UNASSIGNED,GF3A_DIRECTIONAL_WRITE_EXHAUSTED_PRIMALITY_UNASSIGNED,513,512,512,NO_RECORDED_FACTOR_PRP_OR_LL_RESULT_AND_NO_ACTIVE_GIMPS_ASSIGNMENT,2026-08-09T02:56:41+00:00,UNALLOCATED,,,,,
SLCMP1467-3924,3924,3925,509196559,2^509196559-1,STRUCTURAL_SCREEN_EXHAUSTED_PRIMALITY_UNASSIGNED,GF3A_DIRECTIONAL_WRITE_EXHAUSTED_PRIMALITY_UNASSIGNED,514,512,512,NO_RECORDED_FACTOR_PRP_OR_LL_RESULT_AND_NO_ACTIVE_GIMPS_ASSIGNMENT,2026-08-09T02:56:41+00:00,UNALLOCATED,,,,,
SLCMP1467-3925,3925,3926,509196581,2^509196581-1,STRUCTURAL_SCREEN_EXHAUSTED_PRIMALITY_UNASSIGNED,GF3A_DIRECTIONAL_WRITE_EXHAUSTED_PRIMALITY_UNASSIGNED,513,512,512,NO_RECORDED_FACTOR_PRP_OR_LL_RESULT_AND_NO_ACTIVE_GIMPS_ASSIGNMENT,2026-08-09T02:56:41+00:00,UNALLOCATED,,,,,
SLCMP1467-3926,3926,3927,509196683,2^509196683-1,STRUCTURAL_SCREEN_EXHAUSTED_PRIMALITY_UNASSIGNED,GF3A_DIRECTIONAL_WRITE_EXHAUSTED_PRIMALITY_UNASSIGNED,514,512,512,NO_RECORDED_FACTOR_PRP_OR_LL_RESULT_AND_NO_ACTIVE_GIMPS_ASSIGNMENT,2026-08-09T02:56:41+00:00,UNALLOCATED,,,,,
SLCMP1467-3927,3927,3928,509196697,2^509196697-1,STRUCTURAL_SCREEN_EXHAUSTED_PRIMALITY_UNASSIGNED,GF3A_DIRECTIONAL_WRITE_EXHAUSTED_PRIMALITY_UNASSIGNED,513,512,512,NO_RECORDED_FACTOR_PRP_OR_LL_RESULT_AND_NO_ACTIVE_GIMPS_ASSIGNMENT,2026-08-09T02:56:41+00:00,UNALLOCATED,,,,,
SLCMP1467-3928,3928,3929,509196757,2^509196757-1,STRUCTURAL_SCREEN_EXHAUSTED_PRIMALITY_UNASSIGNED,GF3A_DIRECTIONAL_WRITE_EXHAUSTED_PRIMALITY_UNASSIGNED,513,512,512,NO_RECORDED_FACTOR_PRP_OR_LL_RESULT_AND_NO_ACTIVE_GIMPS_ASSIGNMENT,2026-08-09T02:56:41+00:00,UNALLOCATED,,,,,
SLCMP1467-3929,3929,3930,509196803,2^509196803-1,STRUCTURAL_SCREEN_EXHAUSTED_PRIMALITY_UNASSIGNED,GF3A_DIRECTIONAL_WRITE_EXHAUSTED_PRIMALITY_UNASSIGNED,514,512,512,NO_RECORDED_FACTOR_PRP_OR_LL_RESULT_AND_NO_ACTIVE_GIMPS_ASSIGNMENT,2026-08-09T02:56:41+00:00,UNALLOCATED,,,,,
SLCMP1467-3930,3930,3931,509196817,2^509196817-1,STRUCTURAL_SCREEN_EXHAUSTED_PRIMALITY_UNASSIGNED,GF3A_DIRECTIONAL_WRITE_EXHAUSTED_PRIMALITY_UNASSIGNED,513,512,512,NO_RECORDED_FACTOR_PRP_OR_LL_RESULT_AND_NO_ACTIVE_GIMPS_ASSIGNMENT,2026-08-09T02:56:41+00:00,UNALLOCATED,,,,,
SLCMP1467-3931,3931,3932,509196859,2^509196859-1,STRUCTURAL_SCREEN_EXHAUSTED_PRIMALITY_UNASSIGNED,GF3A_DIRECTIONAL_WRITE_EXHAUSTED_PRIMALITY_UNASSIGNED,514,512,512,NO_RECORDED_FACTOR_PRP_OR_LL_RESULT_AND_NO_ACTIVE_GIMPS_ASSIGNMENT,2026-08-09T02:56:41+00:00,UNALLOCATED,,,,,
SLCMP1467-3932,3932,3933,509196887,2^509196887-1,STRUCTURAL_SCREEN_EXHAUSTED_PRIMALITY_UNASSIGNED,GF3A_DIRECTIONAL_WRITE_EXHAUSTED_PRIMALITY_UNASSIGNED,514,512,512,NO_RECORDED_FACTOR_PRP_OR_LL_RESULT_AND_NO_ACTIVE_GIMPS_ASSIGNMENT,2026-08-09T02:56:41+00:00,UNALLOCATED,,,,,
SLCMP1467-3933,3933,3934,509196889,2^509196889-1,STRUCTURAL_SCREEN_EXHAUSTED_PRIMALITY_UNASSIGNED,GF3A_DIRECTIONAL_WRITE_EXHAUSTED_PRIMALITY_UNASSIGNED,513,512,512,NO_RECORDED_FACTOR_PRP_OR_LL_RESULT_AND_NO_ACTIVE_GIMPS_ASSIGNMENT,2026-08-09T02:56:41+00:00,UNALLOCATED,,,,,
SLCMP1467-3934,3934,3935,509196953,2^509196953-1,STRUCTURAL_SCREEN_EXHAUSTED_PRIMALITY_UNASSIGNED,GF3A_DIRECTIONAL_WRITE_EXHAUSTED_PRIMALITY_UNASSIGNED,513,512,512,NO_RECORDED_FACTOR_PRP_OR_LL_RESULT_AND_NO_ACTIVE_GIMPS_ASSIGNMENT,2026-08-09T02:56:41+00:00,UNALLOCATED,,,,,
SLCMP1467-3935,3935,3936,509196959,2^509196959-1,STRUCTURAL_SCREEN_EXHAUSTED_PRIMALITY_UNASSIGNED,GF3A_DIRECTIONAL_WRITE_EXHAUSTED_PRIMALITY_UNASSIGNED,514,512,512,NO_RECORDED_FACTOR_PRP_OR_LL_RESULT_AND_NO_ACTIVE_GIMPS_ASSIGNMENT,2026-08-09T02:56:41+00:00,UNALLOCATED,,,,,
SLCMP1467-3936,3936,3937,509196967,2^509196967-1,STRUCTURAL_SCREEN_EXHAUSTED_PRIMALITY_UNASSIGNED,GF3A_DIRECTIONAL_WRITE_EXHAUSTED_PRIMALITY_UNASSIGNED,514,512,512,NO_RECORDED_FACTOR_PRP_OR_LL_RESULT_AND_NO_ACTIVE_GIMPS_ASSIGNMENT,2026-08-09T02:56:41+00:00,UNALLOCATED,,,,,
SLCMP1467-3937,3937,3938,509197133,2^509197133-1,STRUCTURAL_SCREEN_EXHAUSTED_PRIMALITY_UNASSIGNED,GF3A_DIRECTIONAL_WRITE_EXHAUSTED_PRIMALITY_UNASSIGNED,513,512,512,NO_RECORDED_FACTOR_PRP_OR_LL_RESULT_AND_NO_ACTIVE_GIMPS_ASSIGNMENT,2026-08-09T02:56:41+00:00,UNALLOCATED,,,,,
SLCMP1467-3938,3938,3939,509197223,2^509197223-1,STRUCTURAL_SCREEN_EXHAUSTED_PRIMALITY_UNASSIGNED,GF3A_DIRECTIONAL_WRITE_EXHAUSTED_PRIMALITY_UNASSIGNED,514,512,512,NO_RECORDED_FACTOR_PRP_OR_LL_RESULT_AND_NO_ACTIVE_GIMPS_ASSIGNMENT,2026-08-09T02:56:41+00:00,UNALLOCATED,,,,,
SLCMP1467-3939,3939,3940,509197231,2^509197231-1,STRUCTURAL_SCREEN_EXHAUSTED_PRIMALITY_UNASSIGNED,GF3A_DIRECTIONAL_WRITE_EXHAUSTED_PRIMALITY_UNASSIGNED,514,512,512,NO_RECORDED_FACTOR_PRP_OR_LL_RESULT_AND_NO_ACTIVE_GIMPS_ASSIGNMENT,2026-08-09T02:56:41+00:00,UNALLOCATED,,,,,
SLCMP1467-3940,3940,3941,509197313,2^509197313-1,STRUCTURAL_SCREEN_EXHAUSTED_PRIMALITY_UNASSIGNED,GF3A_DIRECTIONAL_WRITE_EXHAUSTED_PRIMALITY_UNASSIGNED,513,512,512,NO_RECORDED_FACTOR_PRP_OR_LL_RESULT_AND_NO_ACTIVE_GIMPS_ASSIGNMENT,2026-08-09T02:56:41+00:00,UNALLOCATED,,,,,
SLCMP1467-3941,3941,3942,509197369,2^509197369-1,STRUCTURAL_SCREEN_EXHAUSTED_PRIMALITY_UNASSIGNED,GF3A_DIRECTIONAL_WRITE_EXHAUSTED_PRIMALITY_UNASSIGNED,513,512,512,NO_RECORDED_FACTOR_PRP_OR_LL_RESULT_AND_NO_ACTIVE_GIMPS_ASSIGNMENT,2026-08-09T02:56:41+00:00,UNALLOCATED,,,,,
SLCMP1467-3942,3942,3943,509197421,2^509197421-1,STRUCTURAL_SCREEN_EXHAUSTED_PRIMALITY_UNASSIGNED,GF3A_DIRECTIONAL_WRITE_EXHAUSTED_PRIMALITY_UNASSIGNED,513,512,512,NO_RECORDED_FACTOR_PRP_OR_LL_RESULT_AND_NO_ACTIVE_GIMPS_ASSIGNMENT,2026-08-09T02:56:41+00:00,UNALLOCATED,,,,,
SLCMP1467-3943,3943,3944,509197567,2^509197567-1,STRUCTURAL_SCREEN_EXHAUSTED_PRIMALITY_UNASSIGNED,GF3A_DIRECTIONAL_WRITE_EXHAUSTED_PRIMALITY_UNASSIGNED,514,512,512,NO_RECORDED_FACTOR_PRP_OR_LL_RESULT_AND_NO_ACTIVE_GIMPS_ASSIGNMENT,2026-08-09T02:56:41+00:00,UNALLOCATED,,,,,
SLCMP1467-3944,3944,3945,509197603,2^509197603-1,STRUCTURAL_SCREEN_EXHAUSTED_PRIMALITY_UNASSIGNED,GF3A_DIRECTIONAL_WRITE_EXHAUSTED_PRIMALITY_UNASSIGNED,514,512,512,NO_RECORDED_FACTOR_PRP_OR_LL_RESULT_AND_NO_ACTIVE_GIMPS_ASSIGNMENT,2026-08-09T02:56:41+00:00,UNALLOCATED,,,,,
SLCMP1467-3945,3945,3946,509197697,2^509197697-1,STRUCTURAL_SCREEN_EXHAUSTED_PRIMALITY_UNASSIGNED,GF3A_DIRECTIONAL_WRITE_EXHAUSTED_PRIMALITY_UNASSIGNED,513,512,512,NO_RECORDED_FACTOR_PRP_OR_LL_RESULT_AND_NO_ACTIVE_GIMPS_ASSIGNMENT,2026-08-09T02:56:41+00:00,UNALLOCATED,,,,,
SLCMP1467-3946,3946,3947,509197709,2^509197709-1,STRUCTURAL_SCREEN_EXHAUSTED_PRIMALITY_UNASSIGNED,GF3A_DIRECTIONAL_WRITE_EXHAUSTED_PRIMALITY_UNASSIGNED,513,512,512,NO_RECORDED_FACTOR_PRP_OR_LL_RESULT_AND_NO_ACTIVE_GIMPS_ASSIGNMENT,2026-08-09T02:56:41+00:00,UNALLOCATED,,,,,
SLCMP1467-3947,3947,3948,509197813,2^509197813-1,STRUCTURAL_SCREEN_EXHAUSTED_PRIMALITY_UNASSIGNED,GF3A_DIRECTIONAL_WRITE_EXHAUSTED_PRIMALITY_UNASSIGNED,513,512,512,NO_RECORDED_FACTOR_PRP_OR_LL_RESULT_AND_NO_ACTIVE_GIMPS_ASSIGNMENT,2026-08-09T02:56:41+00:00,UNALLOCATED,,,,,
SLCMP1467-3948,3948,3949,509197861,2^509197861-1,STRUCTURAL_SCREEN_EXHAUSTED_PRIMALITY_UNASSIGNED,GF3A_DIRECTIONAL_WRITE_EXHAUSTED_PRIMALITY_UNASSIGNED,513,512,512,NO_RECORDED_FACTOR_PRP_OR_LL_RESULT_AND_NO_ACTIVE_GIMPS_ASSIGNMENT,2026-08-09T02:56:41+00:00,UNALLOCATED,,,,,
SLCMP1467-3949,3949,3950,509197877,2^509197877-1,STRUCTURAL_SCREEN_EXHAUSTED_PRIMALITY_UNASSIGNED,GF3A_DIRECTIONAL_WRITE_EXHAUSTED_PRIMALITY_UNASSIGNED,513,512,512,NO_RECORDED_FACTOR_PRP_OR_LL_RESULT_AND_NO_ACTIVE_GIMPS_ASSIGNMENT,2026-08-09T02:56:41+00:00,UNALLOCATED,,,,,
SLCMP1467-3950,3950,3951,509197903,2^509197903-1,STRUCTURAL_SCREEN_EXHAUSTED_PRIMALITY_UNASSIGNED,GF3A_DIRECTIONAL_WRITE_EXHAUSTED_PRIMALITY_UNASSIGNED,514,512,512,NO_RECORDED_FACTOR_PRP_OR_LL_RESULT_AND_NO_ACTIVE_GIMPS_ASSIGNMENT,2026-08-09T02:56:41+00:00,UNALLOCATED,,,,,
SLCMP1467-3951,3951,3952,509197937,2^509197937-1,STRUCTURAL_SCREEN_EXHAUSTED_PRIMALITY_UNASSIGNED,GF3A_DIRECTIONAL_WRITE_EXHAUSTED_PRIMALITY_UNASSIGNED,513,512,512,NO_RECORDED_FACTOR_PRP_OR_LL_RESULT_AND_NO_ACTIVE_GIMPS_ASSIGNMENT,2026-08-09T02:56:41+00:00,UNALLOCATED,,,,,
SLCMP1467-3952,3952,3953,509198009,2^509198009-1,STRUCTURAL_SCREEN_EXHAUSTED_PRIMALITY_UNASSIGNED,GF3A_DIRECTIONAL_WRITE_EXHAUSTED_PRIMALITY_UNASSIGNED,513,512,512,NO_RECORDED_FACTOR_PRP_OR_LL_RESULT_AND_NO_ACTIVE_GIMPS_ASSIGNMENT,2026-08-09T02:56:41+00:00,UNALLOCATED,,,,,
SLCMP1467-3953,3953,3954,509198017,2^509198017-1,STRUCTURAL_SCREEN_EXHAUSTED_PRIMALITY_UNASSIGNED,GF3A_DIRECTIONAL_WRITE_EXHAUSTED_PRIMALITY_UNASSIGNED,513,512,512,NO_RECORDED_FACTOR_PRP_OR_LL_RESULT_AND_NO_ACTIVE_GIMPS_ASSIGNMENT,2026-08-09T02:56:41+00:00,UNALLOCATED,,,,,
SLCMP1467-3954,3954,3955,509198021,2^509198021-1,STRUCTURAL_SCREEN_EXHAUSTED_PRIMALITY_UNASSIGNED,GF3A_DIRECTIONAL_WRITE_EXHAUSTED_PRIMALITY_UNASSIGNED,513,512,512,NO_RECORDED_FACTOR_PRP_OR_LL_RESULT_AND_NO_ACTIVE_GIMPS_ASSIGNMENT,2026-08-09T02:56:41+00:00,UNALLOCATED,,,,,
SLCMP1467-3955,3955,3956,509198023,2^509198023-1,STRUCTURAL_SCREEN_EXHAUSTED_PRIMALITY_UNASSIGNED,GF3A_DIRECTIONAL_WRITE_EXHAUSTED_PRIMALITY_UNASSIGNED,514,512,512,NO_RECORDED_FACTOR_PRP_OR_LL_RESULT_AND_NO_ACTIVE_GIMPS_ASSIGNMENT,2026-08-09T02:56:41+00:00,UNALLOCATED,,,,,
SLCMP1467-3956,3956,3957,509198087,2^509198087-1,STRUCTURAL_SCREEN_EXHAUSTED_PRIMALITY_UNASSIGNED,GF3A_DIRECTIONAL_WRITE_EXHAUSTED_PRIMALITY_UNASSIGNED,514,512,512,NO_RECORDED_FACTOR_PRP_OR_LL_RESULT_AND_NO_ACTIVE_GIMPS_ASSIGNMENT,2026-08-09T02:56:41+00:00,UNALLOCATED,,,,,
SLCMP1467-3957,3957,3958,509198251,2^509198251-1,STRUCTURAL_SCREEN_EXHAUSTED_PRIMALITY_UNASSIGNED,GF3A_DIRECTIONAL_WRITE_EXHAUSTED_PRIMALITY_UNASSIGNED,514,512,512,NO_RECORDED_FACTOR_PRP_OR_LL_RESULT_AND_NO_ACTIVE_GIMPS_ASSIGNMENT,2026-08-09T02:56:41+00:00,UNALLOCATED,,,,,
SLCMP1467-3958,3958,3959,509198369,2^509198369-1,STRUCTURAL_SCREEN_EXHAUSTED_PRIMALITY_UNASSIGNED,GF3A_DIRECTIONAL_WRITE_EXHAUSTED_PRIMALITY_UNASSIGNED,513,512,512,NO_RECORDED_FACTOR_PRP_OR_LL_RESULT_AND_NO_ACTIVE_GIMPS_ASSIGNMENT,2026-08-09T02:56:41+00:00,UNALLOCATED,,,,,
SLCMP1467-3959,3959,3960,509198407,2^509198407-1,STRUCTURAL_SCREEN_EXHAUSTED_PRIMALITY_UNASSIGNED,GF3A_DIRECTIONAL_WRITE_EXHAUSTED_PRIMALITY_UNASSIGNED,514,512,512,NO_RECORDED_FACTOR_PRP_OR_LL_RESULT_AND_NO_ACTIVE_GIMPS_ASSIGNMENT,2026-08-09T02:56:41+00:00,UNALLOCATED,,,,,
SLCMP1467-3960,3960,3961,509198483,2^509198483-1,STRUCTURAL_SCREEN_EXHAUSTED_PRIMALITY_UNASSIGNED,GF3A_DIRECTIONAL_WRITE_EXHAUSTED_PRIMALITY_UNASSIGNED,514,512,512,NO_RECORDED_FACTOR_PRP_OR_LL_RESULT_AND_NO_ACTIVE_GIMPS_ASSIGNMENT,2026-08-09T02:56:41+00:00,UNALLOCATED,,,,,
SLCMP1467-3961,3961,3962,509198491,2^509198491-1,STRUCTURAL_SCREEN_EXHAUSTED_PRIMALITY_UNASSIGNED,GF3A_DIRECTIONAL_WRITE_EXHAUSTED_PRIMALITY_UNASSIGNED,514,512,512,NO_RECORDED_FACTOR_PRP_OR_LL_RESULT_AND_NO_ACTIVE_GIMPS_ASSIGNMENT,2026-08-09T02:56:41+00:00,UNALLOCATED,,,,,
SLCMP1467-3962,3962,3963,509198567,2^509198567-1,STRUCTURAL_SCREEN_EXHAUSTED_PRIMALITY_UNASSIGNED,GF3A_DIRECTIONAL_WRITE_EXHAUSTED_PRIMALITY_UNASSIGNED,514,512,512,NO_RECORDED_FACTOR_PRP_OR_LL_RESULT_AND_NO_ACTIVE_GIMPS_ASSIGNMENT,2026-08-09T02:56:41+00:00,UNALLOCATED,,,,,
SLCMP1467-3963,3963,3964,509198693,2^509198693-1,STRUCTURAL_SCREEN_EXHAUSTED_PRIMALITY_UNASSIGNED,GF3A_DIRECTIONAL_WRITE_EXHAUSTED_PRIMALITY_UNASSIGNED,513,512,512,NO_RECORDED_FACTOR_PRP_OR_LL_RESULT_AND_NO_ACTIVE_GIMPS_ASSIGNMENT,2026-08-09T02:56:41+00:00,UNALLOCATED,,,,,
SLCMP1467-3964,3964,3965,509198743,2^509198743-1,STRUCTURAL_SCREEN_EXHAUSTED_PRIMALITY_UNASSIGNED,GF3A_DIRECTIONAL_WRITE_EXHAUSTED_PRIMALITY_UNASSIGNED,514,512,512,NO_RECORDED_FACTOR_PRP_OR_LL_RESULT_AND_NO_ACTIVE_GIMPS_ASSIGNMENT,2026-08-09T02:56:41+00:00,UNALLOCATED,,,,,
SLCMP1467-3965,3965,3966,509198761,2^509198761-1,STRUCTURAL_SCREEN_EXHAUSTED_PRIMALITY_UNASSIGNED,GF3A_DIRECTIONAL_WRITE_EXHAUSTED_PRIMALITY_UNASSIGNED,513,512,512,NO_RECORDED_FACTOR_PRP_OR_LL_RESULT_AND_NO_ACTIVE_GIMPS_ASSIGNMENT,2026-08-09T02:56:41+00:00,UNALLOCATED,,,,,
SLCMP1467-3966,3966,3967,509198813,2^509198813-1,STRUCTURAL_SCREEN_EXHAUSTED_PRIMALITY_UNASSIGNED,GF3A_DIRECTIONAL_WRITE_EXHAUSTED_PRIMALITY_UNASSIGNED,513,512,512,NO_RECORDED_FACTOR_PRP_OR_LL_RESULT_AND_NO_ACTIVE_GIMPS_ASSIGNMENT,2026-08-09T02:56:41+00:00,UNALLOCATED,,,,,
SLCMP1467-3967,3967,3968,509198867,2^509198867-1,STRUCTURAL_SCREEN_EXHAUSTED_PRIMALITY_UNASSIGNED,GF3A_DIRECTIONAL_WRITE_EXHAUSTED_PRIMALITY_UNASSIGNED,514,512,512,NO_RECORDED_FACTOR_PRP_OR_LL_RESULT_AND_NO_ACTIVE_GIMPS_ASSIGNMENT,2026-08-09T02:56:41+00:00,UNALLOCATED,,,,,
SLCMP1467-3968,3968,3969,509198887,2^509198887-1,STRUCTURAL_SCREEN_EXHAUSTED_PRIMALITY_UNASSIGNED,GF3A_DIRECTIONAL_WRITE_EXHAUSTED_PRIMALITY_UNASSIGNED,514,512,512,NO_RECORDED_FACTOR_PRP_OR_LL_RESULT_AND_NO_ACTIVE_GIMPS_ASSIGNMENT,2026-08-09T02:56:41+00:00,UNALLOCATED,,,,,
SLCMP1467-3969,3969,3970,509198923,2^509198923-1,STRUCTURAL_SCREEN_EXHAUSTED_PRIMALITY_UNASSIGNED,GF3A_DIRECTIONAL_WRITE_EXHAUSTED_PRIMALITY_UNASSIGNED,514,512,512,NO_RECORDED_FACTOR_PRP_OR_LL_RESULT_AND_NO_ACTIVE_GIMPS_ASSIGNMENT,2026-08-09T02:56:41+00:00,UNALLOCATED,,,,,
SLCMP1467-3970,3970,3971,509198951,2^509198951-1,STRUCTURAL_SCREEN_EXHAUSTED_PRIMALITY_UNASSIGNED,GF3A_DIRECTIONAL_WRITE_EXHAUSTED_PRIMALITY_UNASSIGNED,514,512,512,NO_RECORDED_FACTOR_PRP_OR_LL_RESULT_AND_NO_ACTIVE_GIMPS_ASSIGNMENT,2026-08-09T02:56:41+00:00,UNALLOCATED,,,,,
SLCMP1467-3971,3971,3972,509199013,2^509199013-1,STRUCTURAL_SCREEN_EXHAUSTED_PRIMALITY_UNASSIGNED,GF3A_DIRECTIONAL_WRITE_EXHAUSTED_PRIMALITY_UNASSIGNED,513,512,512,NO_RECORDED_FACTOR_PRP_OR_LL_RESULT_AND_NO_ACTIVE_GIMPS_ASSIGNMENT,2026-08-09T02:56:41+00:00,UNALLOCATED,,,,,
SLCMP1467-3972,3972,3973,509199043,2^509199043-1,STRUCTURAL_SCREEN_EXHAUSTED_PRIMALITY_UNASSIGNED,GF3A_DIRECTIONAL_WRITE_EXHAUSTED_PRIMALITY_UNASSIGNED,514,512,512,NO_RECORDED_FACTOR_PRP_OR_LL_RESULT_AND_NO_ACTIVE_GIMPS_ASSIGNMENT,2026-08-09T02:56:41+00:00,UNALLOCATED,,,,,
SLCMP1467-3973,3973,3974,509199071,2^509199071-1,STRUCTURAL_SCREEN_EXHAUSTED_PRIMALITY_UNASSIGNED,GF3A_DIRECTIONAL_WRITE_EXHAUSTED_PRIMALITY_UNASSIGNED,514,512,512,NO_RECORDED_FACTOR_PRP_OR_LL_RESULT_AND_NO_ACTIVE_GIMPS_ASSIGNMENT,2026-08-09T02:56:41+00:00,UNALLOCATED,,,,,
SLCMP1467-3974,3974,3975,509199073,2^509199073-1,STRUCTURAL_SCREEN_EXHAUSTED_PRIMALITY_UNASSIGNED,GF3A_DIRECTIONAL_WRITE_EXHAUSTED_PRIMALITY_UNASSIGNED,513,512,512,NO_RECORDED_FACTOR_PRP_OR_LL_RESULT_AND_NO_ACTIVE_GIMPS_ASSIGNMENT,2026-08-09T02:56:41+00:00,UNALLOCATED,,,,,
SLCMP1467-3975,3975,3976,509199083,2^509199083-1,STRUCTURAL_SCREEN_EXHAUSTED_PRIMALITY_UNASSIGNED,GF3A_DIRECTIONAL_WRITE_EXHAUSTED_PRIMALITY_UNASSIGNED,514,512,512,NO_RECORDED_FACTOR_PRP_OR_LL_RESULT_AND_NO_ACTIVE_GIMPS_ASSIGNMENT,2026-08-09T02:56:41+00:00,UNALLOCATED,,,,,
SLCMP1467-3976,3976,3977,509199121,2^509199121-1,STRUCTURAL_SCREEN_EXHAUSTED_PRIMALITY_UNASSIGNED,GF3A_DIRECTIONAL_WRITE_EXHAUSTED_PRIMALITY_UNASSIGNED,513,512,512,NO_RECORDED_FACTOR_PRP_OR_LL_RESULT_AND_NO_ACTIVE_GIMPS_ASSIGNMENT,2026-08-09T02:56:41+00:00,UNALLOCATED,,,,,
SLCMP1467-3977,3977,3978,509199137,2^509199137-1,STRUCTURAL_SCREEN_EXHAUSTED_PRIMALITY_UNASSIGNED,GF3A_DIRECTIONAL_WRITE_EXHAUSTED_PRIMALITY_UNASSIGNED,513,512,512,NO_RECORDED_FACTOR_PRP_OR_LL_RESULT_AND_NO_ACTIVE_GIMPS_ASSIGNMENT,2026-08-09T02:56:41+00:00,UNALLOCATED,,,,,
SLCMP1467-3978,3978,3979,509199233,2^509199233-1,STRUCTURAL_SCREEN_EXHAUSTED_PRIMALITY_UNASSIGNED,GF3A_DIRECTIONAL_WRITE_EXHAUSTED_PRIMALITY_UNASSIGNED,513,512,512,NO_RECORDED_FACTOR_PRP_OR_LL_RESULT_AND_NO_ACTIVE_GIMPS_ASSIGNMENT,2026-08-09T02:56:41+00:00,UNALLOCATED,,,,,
SLCMP1467-3979,3979,3980,509199239,2^509199239-1,STRUCTURAL_SCREEN_EXHAUSTED_PRIMALITY_UNASSIGNED,GF3A_DIRECTIONAL_WRITE_EXHAUSTED_PRIMALITY_UNASSIGNED,514,512,512,NO_RECORDED_FACTOR_PRP_OR_LL_RESULT_AND_NO_ACTIVE_GIMPS_ASSIGNMENT,2026-08-09T02:56:41+00:00,UNALLOCATED,,,,,
SLCMP1467-3980,3980,3981,509199247,2^509199247-1,STRUCTURAL_SCREEN_EXHAUSTED_PRIMALITY_UNASSIGNED,GF3A_DIRECTIONAL_WRITE_EXHAUSTED_PRIMALITY_UNASSIGNED,514,512,512,NO_RECORDED_FACTOR_PRP_OR_LL_RESULT_AND_NO_ACTIVE_GIMPS_ASSIGNMENT,2026-08-09T02:56:41+00:00,UNALLOCATED,,,,,
SLCMP1467-3981,3981,3982,509199253,2^509199253-1,STRUCTURAL_SCREEN_EXHAUSTED_PRIMALITY_UNASSIGNED,GF3A_DIRECTIONAL_WRITE_EXHAUSTED_PRIMALITY_UNASSIGNED,513,512,512,NO_RECORDED_FACTOR_PRP_OR_LL_RESULT_AND_NO_ACTIVE_GIMPS_ASSIGNMENT,2026-08-09T02:56:41+00:00,UNALLOCATED,,,,,
SLCMP1467-3982,3982,3983,509199293,2^509199293-1,STRUCTURAL_SCREEN_EXHAUSTED_PRIMALITY_UNASSIGNED,GF3A_DIRECTIONAL_WRITE_EXHAUSTED_PRIMALITY_UNASSIGNED,513,512,512,NO_RECORDED_FACTOR_PRP_OR_LL_RESULT_AND_NO_ACTIVE_GIMPS_ASSIGNMENT,2026-08-09T02:56:41+00:00,UNALLOCATED,,,,,
SLCMP1467-3983,3983,3984,509199403,2^509199403-1,STRUCTURAL_SCREEN_EXHAUSTED_PRIMALITY_UNASSIGNED,GF3A_DIRECTIONAL_WRITE_EXHAUSTED_PRIMALITY_UNASSIGNED,514,512,512,NO_RECORDED_FACTOR_PRP_OR_LL_RESULT_AND_NO_ACTIVE_GIMPS_ASSIGNMENT,2026-08-09T02:56:41+00:00,UNALLOCATED,,,,,
SLCMP1467-3984,3984,3985,509199473,2^509199473-1,STRUCTURAL_SCREEN_EXHAUSTED_PRIMALITY_UNASSIGNED,GF3A_DIRECTIONAL_WRITE_EXHAUSTED_PRIMALITY_UNASSIGNED,513,512,512,NO_RECORDED_FACTOR_PRP_OR_LL_RESULT_AND_NO_ACTIVE_GIMPS_ASSIGNMENT,2026-08-09T02:56:41+00:00,UNALLOCATED,,,,,
SLCMP1467-3985,3985,3986,509199617,2^509199617-1,STRUCTURAL_SCREEN_EXHAUSTED_PRIMALITY_UNASSIGNED,GF3A_DIRECTIONAL_WRITE_EXHAUSTED_PRIMALITY_UNASSIGNED,513,512,512,NO_RECORDED_FACTOR_PRP_OR_LL_RESULT_AND_NO_ACTIVE_GIMPS_ASSIGNMENT,2026-08-09T02:56:41+00:00,UNALLOCATED,,,,,
SLCMP1467-3986,3986,3987,509199637,2^509199637-1,STRUCTURAL_SCREEN_EXHAUSTED_PRIMALITY_UNASSIGNED,GF3A_DIRECTIONAL_WRITE_EXHAUSTED_PRIMALITY_UNASSIGNED,513,512,512,NO_RECORDED_FACTOR_PRP_OR_LL_RESULT_AND_NO_ACTIVE_GIMPS_ASSIGNMENT,2026-08-09T02:56:41+00:00,UNALLOCATED,,,,,
SLCMP1467-3987,3987,3988,509199641,2^509199641-1,STRUCTURAL_SCREEN_EXHAUSTED_PRIMALITY_UNASSIGNED,GF3A_DIRECTIONAL_WRITE_EXHAUSTED_PRIMALITY_UNASSIGNED,513,512,512,NO_RECORDED_FACTOR_PRP_OR_LL_RESULT_AND_NO_ACTIVE_GIMPS_ASSIGNMENT,2026-08-09T02:56:41+00:00,UNALLOCATED,,,,,
SLCMP1467-3988,3988,3989,509199653,2^509199653-1,STRUCTURAL_SCREEN_EXHAUSTED_PRIMALITY_UNASSIGNED,GF3A_DIRECTIONAL_WRITE_EXHAUSTED_PRIMALITY_UNASSIGNED,513,512,512,NO_RECORDED_FACTOR_PRP_OR_LL_RESULT_AND_NO_ACTIVE_GIMPS_ASSIGNMENT,2026-08-09T02:56:41+00:00,UNALLOCATED,,,,,
SLCMP1467-3989,3989,3990,509199701,2^509199701-1,STRUCTURAL_SCREEN_EXHAUSTED_PRIMALITY_UNASSIGNED,GF3A_DIRECTIONAL_WRITE_EXHAUSTED_PRIMALITY_UNASSIGNED,513,512,512,NO_RECORDED_FACTOR_PRP_OR_LL_RESULT_AND_NO_ACTIVE_GIMPS_ASSIGNMENT,2026-08-09T02:56:41+00:00,UNALLOCATED,,,,,
SLCMP1467-3990,3990,3991,509199709,2^509199709-1,STRUCTURAL_SCREEN_EXHAUSTED_PRIMALITY_UNASSIGNED,GF3A_DIRECTIONAL_WRITE_EXHAUSTED_PRIMALITY_UNASSIGNED,513,512,512,NO_RECORDED_FACTOR_PRP_OR_LL_RESULT_AND_NO_ACTIVE_GIMPS_ASSIGNMENT,2026-08-09T02:56:41+00:00,UNALLOCATED,,,,,
SLCMP1467-3991,3991,3992,509199811,2^509199811-1,STRUCTURAL_SCREEN_EXHAUSTED_PRIMALITY_UNASSIGNED,GF3A_DIRECTIONAL_WRITE_EXHAUSTED_PRIMALITY_UNASSIGNED,514,512,512,NO_RECORDED_FACTOR_PRP_OR_LL_RESULT_AND_NO_ACTIVE_GIMPS_ASSIGNMENT,2026-08-09T02:56:41+00:00,UNALLOCATED,,,,,
SLCMP1467-3992,3992,3993,509199853,2^509199853-1,STRUCTURAL_SCREEN_EXHAUSTED_PRIMALITY_UNASSIGNED,GF3A_DIRECTIONAL_WRITE_EXHAUSTED_PRIMALITY_UNASSIGNED,513,512,512,NO_RECORDED_FACTOR_PRP_OR_LL_RESULT_AND_NO_ACTIVE_GIMPS_ASSIGNMENT,2026-08-09T02:56:41+00:00,UNALLOCATED,,,,,
SLCMP1467-3993,3993,3994,509199877,2^509199877-1,STRUCTURAL_SCREEN_EXHAUSTED_PRIMALITY_UNASSIGNED,GF3A_DIRECTIONAL_WRITE_EXHAUSTED_PRIMALITY_UNASSIGNED,513,512,512,NO_RECORDED_FACTOR_PRP_OR_LL_RESULT_AND_NO_ACTIVE_GIMPS_ASSIGNMENT,2026-08-09T02:56:41+00:00,UNALLOCATED,,,,,
SLCMP1467-3994,3994,3995,509199941,2^509199941-1,STRUCTURAL_SCREEN_EXHAUSTED_PRIMALITY_UNASSIGNED,GF3A_DIRECTIONAL_WRITE_EXHAUSTED_PRIMALITY_UNASSIGNED,513,512,512,NO_RECORDED_FACTOR_PRP_OR_LL_RESULT_AND_NO_ACTIVE_GIMPS_ASSIGNMENT,2026-08-09T02:56:41+00:00,UNALLOCATED,,,,,
SLCMP1467-3995,3995,3996,509199947,2^509199947-1,STRUCTURAL_SCREEN_EXHAUSTED_PRIMALITY_UNASSIGNED,GF3A_DIRECTIONAL_WRITE_EXHAUSTED_PRIMALITY_UNASSIGNED,514,512,512,NO_RECORDED_FACTOR_PRP_OR_LL_RESULT_AND_NO_ACTIVE_GIMPS_ASSIGNMENT,2026-08-09T02:56:41+00:00,UNALLOCATED,,,,,
SLCMP1467-3996,3996,3997,509199949,2^509199949-1,STRUCTURAL_SCREEN_EXHAUSTED_PRIMALITY_UNASSIGNED,GF3A_DIRECTIONAL_WRITE_EXHAUSTED_PRIMALITY_UNASSIGNED,513,512,512,NO_RECORDED_FACTOR_PRP_OR_LL_RESULT_AND_NO_ACTIVE_GIMPS_ASSIGNMENT,2026-08-09T02:56:41+00:00,UNALLOCATED,,,,,
SLCMP1467-3997,3997,3998,509200187,2^509200187-1,STRUCTURAL_SCREEN_EXHAUSTED_PRIMALITY_UNASSIGNED,GF3A_DIRECTIONAL_WRITE_EXHAUSTED_PRIMALITY_UNASSIGNED,514,512,512,NO_RECORDED_FACTOR_PRP_OR_LL_RESULT_AND_NO_ACTIVE_GIMPS_ASSIGNMENT,2026-08-09T02:56:41+00:00,UNALLOCATED,,,,,
SLCMP1467-3998,3998,3999,509200273,2^509200273-1,STRUCTURAL_SCREEN_EXHAUSTED_PRIMALITY_UNASSIGNED,GF3A_DIRECTIONAL_WRITE_EXHAUSTED_PRIMALITY_UNASSIGNED,513,512,512,NO_RECORDED_FACTOR_PRP_OR_LL_RESULT_AND_NO_ACTIVE_GIMPS_ASSIGNMENT,2026-08-09T02:56:41+00:00,UNALLOCATED,,,,,
SLCMP1467-3999,3999,4000,509200291,2^509200291-1,STRUCTURAL_SCREEN_EXHAUSTED_PRIMALITY_UNASSIGNED,GF3A_DIRECTIONAL_WRITE_EXHAUSTED_PRIMALITY_UNASSIGNED,514,512,512,NO_RECORDED_FACTOR_PRP_OR_LL_RESULT_AND_NO_ACTIVE_GIMPS_ASSIGNMENT,2026-08-09T02:56:41+00:00,UNALLOCATED,,,,,
SLCMP1467-4000,4000,4001,509200313,2^509200313-1,STRUCTURAL_SCREEN_EXHAUSTED_PRIMALITY_UNASSIGNED,GF3A_DIRECTIONAL_WRITE_EXHAUSTED_PRIMALITY_UNASSIGNED,513,512,512,NO_RECORDED_FACTOR_PRP_OR_LL_RESULT_AND_NO_ACTIVE_GIMPS_ASSIGNMENT,2026-08-09T02:56:41+00:00,UNALLOCATED,,,,,
SLCMP1467-4001,4001,4002,509200333,2^509200333-1,STRUCTURAL_SCREEN_EXHAUSTED_PRIMALITY_UNASSIGNED,GF3A_DIRECTIONAL_WRITE_EXHAUSTED_PRIMALITY_UNASSIGNED,513,512,512,NO_RECORDED_FACTOR_PRP_OR_LL_RESULT_AND_NO_ACTIVE_GIMPS_ASSIGNMENT,2026-08-09T02:56:41+00:00,UNALLOCATED,,,,,
SLCMP1467-4002,4002,4003,509200369,2^509200369-1,STRUCTURAL_SCREEN_EXHAUSTED_PRIMALITY_UNASSIGNED,GF3A_DIRECTIONAL_WRITE_EXHAUSTED_PRIMALITY_UNASSIGNED,513,512,512,NO_RECORDED_FACTOR_PRP_OR_LL_RESULT_AND_NO_ACTIVE_GIMPS_ASSIGNMENT,2026-08-09T02:56:41+00:00,UNALLOCATED,,,,,
SLCMP1467-4003,4003,4004,509200387,2^509200387-1,STRUCTURAL_SCREEN_EXHAUSTED_PRIMALITY_UNASSIGNED,GF3A_DIRECTIONAL_WRITE_EXHAUSTED_PRIMALITY_UNASSIGNED,514,512,512,NO_RECORDED_FACTOR_PRP_OR_LL_RESULT_AND_NO_ACTIVE_GIMPS_ASSIGNMENT,2026-08-09T02:56:41+00:00,UNALLOCATED,,,,,
SLCMP1467-4004,4004,4005,509200403,2^509200403-1,STRUCTURAL_SCREEN_EXHAUSTED_PRIMALITY_UNASSIGNED,GF3A_DIRECTIONAL_WRITE_EXHAUSTED_PRIMALITY_UNASSIGNED,514,512,512,NO_RECORDED_FACTOR_PRP_OR_LL_RESULT_AND_NO_ACTIVE_GIMPS_ASSIGNMENT,2026-08-09T02:56:41+00:00,UNALLOCATED,,,,,
SLCMP1467-4005,4005,4006,509200409,2^509200409-1,STRUCTURAL_SCREEN_EXHAUSTED_PRIMALITY_UNASSIGNED,GF3A_DIRECTIONAL_WRITE_EXHAUSTED_PRIMALITY_UNASSIGNED,513,512,512,NO_RECORDED_FACTOR_PRP_OR_LL_RESULT_AND_NO_ACTIVE_GIMPS_ASSIGNMENT,2026-08-09T02:56:41+00:00,UNALLOCATED,,,,,
SLCMP1467-4006,4006,4007,509200429,2^509200429-1,STRUCTURAL_SCREEN_EXHAUSTED_PRIMALITY_UNASSIGNED,GF3A_DIRECTIONAL_WRITE_EXHAUSTED_PRIMALITY_UNASSIGNED,513,512,512,NO_RECORDED_FACTOR_PRP_OR_LL_RESULT_AND_NO_ACTIVE_GIMPS_ASSIGNMENT,2026-08-09T02:56:41+00:00,UNALLOCATED,,,,,
SLCMP1467-4007,4007,4008,509200441,2^509200441-1,STRUCTURAL_SCREEN_EXHAUSTED_PRIMALITY_UNASSIGNED,GF3A_DIRECTIONAL_WRITE_EXHAUSTED_PRIMALITY_UNASSIGNED,513,512,512,NO_RECORDED_FACTOR_PRP_OR_LL_RESULT_AND_NO_ACTIVE_GIMPS_ASSIGNMENT,2026-08-09T02:56:41+00:00,UNALLOCATED,,,,,
SLCMP1467-4008,4008,4009,509200463,2^509200463-1,STRUCTURAL_SCREEN_EXHAUSTED_PRIMALITY_UNASSIGNED,GF3A_DIRECTIONAL_WRITE_EXHAUSTED_PRIMALITY_UNASSIGNED,514,512,512,NO_RECORDED_FACTOR_PRP_OR_LL_RESULT_AND_NO_ACTIVE_GIMPS_ASSIGNMENT,2026-08-09T02:56:41+00:00,UNALLOCATED,,,,,
SLCMP1467-4009,4009,4010,509200499,2^509200499-1,STRUCTURAL_SCREEN_EXHAUSTED_PRIMALITY_UNASSIGNED,GF3A_DIRECTIONAL_WRITE_EXHAUSTED_PRIMALITY_UNASSIGNED,514,512,512,NO_RECORDED_FACTOR_PRP_OR_LL_RESULT_AND_NO_ACTIVE_GIMPS_ASSIGNMENT,2026-08-09T02:56:41+00:00,UNALLOCATED,,,,,
SLCMP1467-4010,4010,4011,509200613,2^509200613-1,STRUCTURAL_SCREEN_EXHAUSTED_PRIMALITY_UNASSIGNED,GF3A_DIRECTIONAL_WRITE_EXHAUSTED_PRIMALITY_UNASSIGNED,513,512,512,NO_RECORDED_FACTOR_PRP_OR_LL_RESULT_AND_NO_ACTIVE_GIMPS_ASSIGNMENT,2026-08-09T02:56:41+00:00,UNALLOCATED,,,,,
SLCMP1467-4011,4011,4012,509200709,2^509200709-1,STRUCTURAL_SCREEN_EXHAUSTED_PRIMALITY_UNASSIGNED,GF3A_DIRECTIONAL_WRITE_EXHAUSTED_PRIMALITY_UNASSIGNED,513,512,512,NO_RECORDED_FACTOR_PRP_OR_LL_RESULT_AND_NO_ACTIVE_GIMPS_ASSIGNMENT,2026-08-09T02:56:41+00:00,UNALLOCATED,,,,,
SLCMP1467-4012,4012,4013,509200807,2^509200807-1,STRUCTURAL_SCREEN_EXHAUSTED_PRIMALITY_UNASSIGNED,GF3A_DIRECTIONAL_WRITE_EXHAUSTED_PRIMALITY_UNASSIGNED,514,512,512,NO_RECORDED_FACTOR_PRP_OR_LL_RESULT_AND_NO_ACTIVE_GIMPS_ASSIGNMENT,2026-08-09T02:56:41+00:00,UNALLOCATED,,,,,
SLCMP1467-4013,4013,4014,509200819,2^509200819-1,STRUCTURAL_SCREEN_EXHAUSTED_PRIMALITY_UNASSIGNED,GF3A_DIRECTIONAL_WRITE_EXHAUSTED_PRIMALITY_UNASSIGNED,514,512,512,NO_RECORDED_FACTOR_PRP_OR_LL_RESULT_AND_NO_ACTIVE_GIMPS_ASSIGNMENT,2026-08-09T02:56:41+00:00,UNALLOCATED,,,,,
SLCMP1467-4014,4014,4015,509200829,2^509200829-1,STRUCTURAL_SCREEN_EXHAUSTED_PRIMALITY_UNASSIGNED,GF3A_DIRECTIONAL_WRITE_EXHAUSTED_PRIMALITY_UNASSIGNED,513,512,512,NO_RECORDED_FACTOR_PRP_OR_LL_RESULT_AND_NO_ACTIVE_GIMPS_ASSIGNMENT,2026-08-09T02:56:41+00:00,UNALLOCATED,,,,,
SLCMP1467-4015,4015,4016,509200849,2^509200849-1,STRUCTURAL_SCREEN_EXHAUSTED_PRIMALITY_UNASSIGNED,GF3A_DIRECTIONAL_WRITE_EXHAUSTED_PRIMALITY_UNASSIGNED,513,512,512,NO_RECORDED_FACTOR_PRP_OR_LL_RESULT_AND_NO_ACTIVE_GIMPS_ASSIGNMENT,2026-08-09T02:56:41+00:00,UNALLOCATED,,,,,
SLCMP1467-4016,4016,4017,509200877,2^509200877-1,STRUCTURAL_SCREEN_EXHAUSTED_PRIMALITY_UNASSIGNED,GF3A_DIRECTIONAL_WRITE_EXHAUSTED_PRIMALITY_UNASSIGNED,513,512,512,NO_RECORDED_FACTOR_PRP_OR_LL_RESULT_AND_NO_ACTIVE_GIMPS_ASSIGNMENT,2026-08-09T02:56:41+00:00,UNALLOCATED,,,,,
SLCMP1467-4017,4017,4018,509200897,2^509200897-1,STRUCTURAL_SCREEN_EXHAUSTED_PRIMALITY_UNASSIGNED,GF3A_DIRECTIONAL_WRITE_EXHAUSTED_PRIMALITY_UNASSIGNED,513,512,512,NO_RECORDED_FACTOR_PRP_OR_LL_RESULT_AND_NO_ACTIVE_GIMPS_ASSIGNMENT,2026-08-09T02:56:41+00:00,UNALLOCATED,,,,,
SLCMP1467-4018,4018,4019,509200907,2^509200907-1,STRUCTURAL_SCREEN_EXHAUSTED_PRIMALITY_UNASSIGNED,GF3A_DIRECTIONAL_WRITE_EXHAUSTED_PRIMALITY_UNASSIGNED,514,512,512,NO_RECORDED_FACTOR_PRP_OR_LL_RESULT_AND_NO_ACTIVE_GIMPS_ASSIGNMENT,2026-08-09T02:56:41+00:00,UNALLOCATED,,,,,
SLCMP1467-4019,4019,4020,509200981,2^509200981-1,STRUCTURAL_SCREEN_EXHAUSTED_PRIMALITY_UNASSIGNED,GF3A_DIRECTIONAL_WRITE_EXHAUSTED_PRIMALITY_UNASSIGNED,513,512,512,NO_RECORDED_FACTOR_PRP_OR_LL_RESULT_AND_NO_ACTIVE_GIMPS_ASSIGNMENT,2026-08-09T02:56:41+00:00,UNALLOCATED,,,,,
SLCMP1467-4020,4020,4021,509201023,2^509201023-1,STRUCTURAL_SCREEN_EXHAUSTED_PRIMALITY_UNASSIGNED,GF3A_DIRECTIONAL_WRITE_EXHAUSTED_PRIMALITY_UNASSIGNED,514,512,512,NO_RECORDED_FACTOR_PRP_OR_LL_RESULT_AND_NO_ACTIVE_GIMPS_ASSIGNMENT,2026-08-09T02:56:41+00:00,UNALLOCATED,,,,,
SLCMP1467-4021,4021,4022,509201029,2^509201029-1,STRUCTURAL_SCREEN_EXHAUSTED_PRIMALITY_UNASSIGNED,GF3A_DIRECTIONAL_WRITE_EXHAUSTED_PRIMALITY_UNASSIGNED,513,512,512,NO_RECORDED_FACTOR_PRP_OR_LL_RESULT_AND_NO_ACTIVE_GIMPS_ASSIGNMENT,2026-08-09T02:56:41+00:00,UNALLOCATED,,,,,
SLCMP1467-4022,4022,4023,509201101,2^509201101-1,STRUCTURAL_SCREEN_EXHAUSTED_PRIMALITY_UNASSIGNED,GF3A_DIRECTIONAL_WRITE_EXHAUSTED_PRIMALITY_UNASSIGNED,513,512,512,NO_RECORDED_FACTOR_PRP_OR_LL_RESULT_AND_NO_ACTIVE_GIMPS_ASSIGNMENT,2026-08-09T02:56:41+00:00,UNALLOCATED,,,,,
SLCMP1467-4023,4023,4024,509201131,2^509201131-1,STRUCTURAL_SCREEN_EXHAUSTED_PRIMALITY_UNASSIGNED,GF3A_DIRECTIONAL_WRITE_EXHAUSTED_PRIMALITY_UNASSIGNED,514,512,512,NO_RECORDED_FACTOR_PRP_OR_LL_RESULT_AND_NO_ACTIVE_GIMPS_ASSIGNMENT,2026-08-09T02:56:41+00:00,UNALLOCATED,,,,,
SLCMP1467-4024,4024,4025,509201219,2^509201219-1,STRUCTURAL_SCREEN_EXHAUSTED_PRIMALITY_UNASSIGNED,GF3A_DIRECTIONAL_WRITE_EXHAUSTED_PRIMALITY_UNASSIGNED,514,512,512,NO_RECORDED_FACTOR_PRP_OR_LL_RESULT_AND_NO_ACTIVE_GIMPS_ASSIGNMENT,2026-08-09T02:56:41+00:00,UNALLOCATED,,,,,
SLCMP1467-4025,4025,4026,509201317,2^509201317-1,STRUCTURAL_SCREEN_EXHAUSTED_PRIMALITY_UNASSIGNED,GF3A_DIRECTIONAL_WRITE_EXHAUSTED_PRIMALITY_UNASSIGNED,513,512,512,NO_RECORDED_FACTOR_PRP_OR_LL_RESULT_AND_NO_ACTIVE_GIMPS_ASSIGNMENT,2026-08-09T02:56:41+00:00,UNALLOCATED,,,,,
SLCMP1467-4026,4026,4027,509201383,2^509201383-1,STRUCTURAL_SCREEN_EXHAUSTED_PRIMALITY_UNASSIGNED,GF3A_DIRECTIONAL_WRITE_EXHAUSTED_PRIMALITY_UNASSIGNED,514,512,512,NO_RECORDED_FACTOR_PRP_OR_LL_RESULT_AND_NO_ACTIVE_GIMPS_ASSIGNMENT,2026-08-09T02:56:41+00:00,UNALLOCATED,,,,,
SLCMP1467-4027,4027,4028,509201489,2^509201489-1,STRUCTURAL_SCREEN_EXHAUSTED_PRIMALITY_UNASSIGNED,GF3A_DIRECTIONAL_WRITE_EXHAUSTED_PRIMALITY_UNASSIGNED,513,512,512,NO_RECORDED_FACTOR_PRP_OR_LL_RESULT_AND_NO_ACTIVE_GIMPS_ASSIGNMENT,2026-08-09T02:56:41+00:00,UNALLOCATED,,,,,
SLCMP1467-4028,4028,4029,509201503,2^509201503-1,STRUCTURAL_SCREEN_EXHAUSTED_PRIMALITY_UNASSIGNED,GF3A_DIRECTIONAL_WRITE_EXHAUSTED_PRIMALITY_UNASSIGNED,514,512,512,NO_RECORDED_FACTOR_PRP_OR_LL_RESULT_AND_NO_ACTIVE_GIMPS_ASSIGNMENT,2026-08-09T02:56:41+00:00,UNALLOCATED,,,,,
SLCMP1467-4029,4029,4030,509201513,2^509201513-1,STRUCTURAL_SCREEN_EXHAUSTED_PRIMALITY_UNASSIGNED,GF3A_DIRECTIONAL_WRITE_EXHAUSTED_PRIMALITY_UNASSIGNED,513,512,512,NO_RECORDED_FACTOR_PRP_OR_LL_RESULT_AND_NO_ACTIVE_GIMPS_ASSIGNMENT,2026-08-09T02:56:41+00:00,UNALLOCATED,,,,,
SLCMP1467-4030,4030,4031,509201557,2^509201557-1,STRUCTURAL_SCREEN_EXHAUSTED_PRIMALITY_UNASSIGNED,GF3A_DIRECTIONAL_WRITE_EXHAUSTED_PRIMALITY_UNASSIGNED,513,512,512,NO_RECORDED_FACTOR_PRP_OR_LL_RESULT_AND_NO_ACTIVE_GIMPS_ASSIGNMENT,2026-08-09T02:56:41+00:00,UNALLOCATED,,,,,
SLCMP1467-4031,4031,4032,509201741,2^509201741-1,STRUCTURAL_SCREEN_EXHAUSTED_PRIMALITY_UNASSIGNED,GF3A_DIRECTIONAL_WRITE_EXHAUSTED_PRIMALITY_UNASSIGNED,513,512,512,NO_RECORDED_FACTOR_PRP_OR_LL_RESULT_AND_NO_ACTIVE_GIMPS_ASSIGNMENT,2026-08-09T02:56:41+00:00,UNALLOCATED,,,,,
SLCMP1467-4032,4032,4033,509201779,2^509201779-1,STRUCTURAL_SCREEN_EXHAUSTED_PRIMALITY_UNASSIGNED,GF3A_DIRECTIONAL_WRITE_EXHAUSTED_PRIMALITY_UNASSIGNED,514,512,512,NO_RECORDED_FACTOR_PRP_OR_LL_RESULT_AND_NO_ACTIVE_GIMPS_ASSIGNMENT,2026-08-09T02:56:41+00:00,UNALLOCATED,,,,,
SLCMP1467-4033,4033,4034,509201851,2^509201851-1,STRUCTURAL_SCREEN_EXHAUSTED_PRIMALITY_UNASSIGNED,GF3A_DIRECTIONAL_WRITE_EXHAUSTED_PRIMALITY_UNASSIGNED,514,512,512,NO_RECORDED_FACTOR_PRP_OR_LL_RESULT_AND_NO_ACTIVE_GIMPS_ASSIGNMENT,2026-08-09T02:56:41+00:00,UNALLOCATED,,,,,
SLCMP1467-4034,4034,4035,509201983,2^509201983-1,STRUCTURAL_SCREEN_EXHAUSTED_PRIMALITY_UNASSIGNED,GF3A_DIRECTIONAL_WRITE_EXHAUSTED_PRIMALITY_UNASSIGNED,514,512,512,NO_RECORDED_FACTOR_PRP_OR_LL_RESULT_AND_NO_ACTIVE_GIMPS_ASSIGNMENT,2026-08-09T02:56:41+00:00,UNALLOCATED,,,,,
SLCMP1467-4035,4035,4036,509201999,2^509201999-1,STRUCTURAL_SCREEN_EXHAUSTED_PRIMALITY_UNASSIGNED,GF3A_DIRECTIONAL_WRITE_EXHAUSTED_PRIMALITY_UNASSIGNED,514,512,512,NO_RECORDED_FACTOR_PRP_OR_LL_RESULT_AND_NO_ACTIVE_GIMPS_ASSIGNMENT,2026-08-09T02:56:41+00:00,UNALLOCATED,,,,,
SLCMP1467-4036,4036,4037,509202013,2^509202013-1,STRUCTURAL_SCREEN_EXHAUSTED_PRIMALITY_UNASSIGNED,GF3A_DIRECTIONAL_WRITE_EXHAUSTED_PRIMALITY_UNASSIGNED,513,512,512,NO_RECORDED_FACTOR_PRP_OR_LL_RESULT_AND_NO_ACTIVE_GIMPS_ASSIGNMENT,2026-08-09T02:56:41+00:00,UNALLOCATED,,,,,
SLCMP1467-4037,4037,4038,509202017,2^509202017-1,STRUCTURAL_SCREEN_EXHAUSTED_PRIMALITY_UNASSIGNED,GF3A_DIRECTIONAL_WRITE_EXHAUSTED_PRIMALITY_UNASSIGNED,513,512,512,NO_RECORDED_FACTOR_PRP_OR_LL_RESULT_AND_NO_ACTIVE_GIMPS_ASSIGNMENT,2026-08-09T02:56:41+00:00,UNALLOCATED,,,,,
SLCMP1467-4038,4038,4039,509202041,2^509202041-1,STRUCTURAL_SCREEN_EXHAUSTED_PRIMALITY_UNASSIGNED,GF3A_DIRECTIONAL_WRITE_EXHAUSTED_PRIMALITY_UNASSIGNED,513,512,512,NO_RECORDED_FACTOR_PRP_OR_LL_RESULT_AND_NO_ACTIVE_GIMPS_ASSIGNMENT,2026-08-09T02:56:41+00:00,UNALLOCATED,,,,,
SLCMP1467-4039,4039,4040,509202059,2^509202059-1,STRUCTURAL_SCREEN_EXHAUSTED_PRIMALITY_UNASSIGNED,GF3A_DIRECTIONAL_WRITE_EXHAUSTED_PRIMALITY_UNASSIGNED,514,512,512,NO_RECORDED_FACTOR_PRP_OR_LL_RESULT_AND_NO_ACTIVE_GIMPS_ASSIGNMENT,2026-08-09T02:56:41+00:00,UNALLOCATED,,,,,
SLCMP1467-4040,4040,4041,509202091,2^509202091-1,STRUCTURAL_SCREEN_EXHAUSTED_PRIMALITY_UNASSIGNED,GF3A_DIRECTIONAL_WRITE_EXHAUSTED_PRIMALITY_UNASSIGNED,514,512,512,NO_RECORDED_FACTOR_PRP_OR_LL_RESULT_AND_NO_ACTIVE_GIMPS_ASSIGNMENT,2026-08-09T02:56:41+00:00,UNALLOCATED,,,,,
SLCMP1467-4041,4041,4042,509202107,2^509202107-1,STRUCTURAL_SCREEN_EXHAUSTED_PRIMALITY_UNASSIGNED,GF3A_DIRECTIONAL_WRITE_EXHAUSTED_PRIMALITY_UNASSIGNED,514,512,512,NO_RECORDED_FACTOR_PRP_OR_LL_RESULT_AND_NO_ACTIVE_GIMPS_ASSIGNMENT,2026-08-09T02:56:41+00:00,UNALLOCATED,,,,,
SLCMP1467-4042,4042,4043,509202181,2^509202181-1,STRUCTURAL_SCREEN_EXHAUSTED_PRIMALITY_UNASSIGNED,GF3A_DIRECTIONAL_WRITE_EXHAUSTED_PRIMALITY_UNASSIGNED,513,512,512,NO_RECORDED_FACTOR_PRP_OR_LL_RESULT_AND_NO_ACTIVE_GIMPS_ASSIGNMENT,2026-08-09T02:56:41+00:00,UNALLOCATED,,,,,
SLCMP1467-4043,4043,4044,509202257,2^509202257-1,STRUCTURAL_SCREEN_EXHAUSTED_PRIMALITY_UNASSIGNED,GF3A_DIRECTIONAL_WRITE_EXHAUSTED_PRIMALITY_UNASSIGNED,513,512,512,NO_RECORDED_FACTOR_PRP_OR_LL_RESULT_AND_NO_ACTIVE_GIMPS_ASSIGNMENT,2026-08-09T02:56:41+00:00,UNALLOCATED,,,,,
SLCMP1467-4044,4044,4045,509202301,2^509202301-1,STRUCTURAL_SCREEN_EXHAUSTED_PRIMALITY_UNASSIGNED,GF3A_DIRECTIONAL_WRITE_EXHAUSTED_PRIMALITY_UNASSIGNED,513,512,512,NO_RECORDED_FACTOR_PRP_OR_LL_RESULT_AND_NO_ACTIVE_GIMPS_ASSIGNMENT,2026-08-09T02:56:41+00:00,UNALLOCATED,,,,,
SLCMP1467-4045,4045,4046,509202341,2^509202341-1,STRUCTURAL_SCREEN_EXHAUSTED_PRIMALITY_UNASSIGNED,GF3A_DIRECTIONAL_WRITE_EXHAUSTED_PRIMALITY_UNASSIGNED,513,512,512,NO_RECORDED_FACTOR_PRP_OR_LL_RESULT_AND_NO_ACTIVE_GIMPS_ASSIGNMENT,2026-08-09T02:56:41+00:00,UNALLOCATED,,,,,
SLCMP1467-4046,4046,4047,509202347,2^509202347-1,STRUCTURAL_SCREEN_EXHAUSTED_PRIMALITY_UNASSIGNED,GF3A_DIRECTIONAL_WRITE_EXHAUSTED_PRIMALITY_UNASSIGNED,514,512,512,NO_RECORDED_FACTOR_PRP_OR_LL_RESULT_AND_NO_ACTIVE_GIMPS_ASSIGNMENT,2026-08-09T02:56:41+00:00,UNALLOCATED,,,,,
SLCMP1467-4047,4047,4048,509202349,2^509202349-1,STRUCTURAL_SCREEN_EXHAUSTED_PRIMALITY_UNASSIGNED,GF3A_DIRECTIONAL_WRITE_EXHAUSTED_PRIMALITY_UNASSIGNED,513,512,512,NO_RECORDED_FACTOR_PRP_OR_LL_RESULT_AND_NO_ACTIVE_GIMPS_ASSIGNMENT,2026-08-09T02:56:41+00:00,UNALLOCATED,,,,,
SLCMP1467-4048,4048,4049,509202409,2^509202409-1,STRUCTURAL_SCREEN_EXHAUSTED_PRIMALITY_UNASSIGNED,GF3A_DIRECTIONAL_WRITE_EXHAUSTED_PRIMALITY_UNASSIGNED,513,512,512,NO_RECORDED_FACTOR_PRP_OR_LL_RESULT_AND_NO_ACTIVE_GIMPS_ASSIGNMENT,2026-08-09T02:56:41+00:00,UNALLOCATED,,,,,
SLCMP1467-4049,4049,4050,509202443,2^509202443-1,STRUCTURAL_SCREEN_EXHAUSTED_PRIMALITY_UNASSIGNED,GF3A_DIRECTIONAL_WRITE_EXHAUSTED_PRIMALITY_UNASSIGNED,514,512,512,NO_RECORDED_FACTOR_PRP_OR_LL_RESULT_AND_NO_ACTIVE_GIMPS_ASSIGNMENT,2026-08-09T02:56:41+00:00,UNALLOCATED,,,,,
SLCMP1467-4050,4050,4051,509202523,2^509202523-1,STRUCTURAL_SCREEN_EXHAUSTED_PRIMALITY_UNASSIGNED,GF3A_DIRECTIONAL_WRITE_EXHAUSTED_PRIMALITY_UNASSIGNED,514,512,512,NO_RECORDED_FACTOR_PRP_OR_LL_RESULT_AND_NO_ACTIVE_GIMPS_ASSIGNMENT,2026-08-09T02:56:41+00:00,UNALLOCATED,,,,,
SLCMP1467-4051,4051,4052,509202569,2^509202569-1,STRUCTURAL_SCREEN_EXHAUSTED_PRIMALITY_UNASSIGNED,GF3A_DIRECTIONAL_WRITE_EXHAUSTED_PRIMALITY_UNASSIGNED,513,512,512,NO_RECORDED_FACTOR_PRP_OR_LL_RESULT_AND_NO_ACTIVE_GIMPS_ASSIGNMENT,2026-08-09T02:56:41+00:00,UNALLOCATED,,,,,
SLCMP1467-4052,4052,4053,509202643,2^509202643-1,STRUCTURAL_SCREEN_EXHAUSTED_PRIMALITY_UNASSIGNED,GF3A_DIRECTIONAL_WRITE_EXHAUSTED_PRIMALITY_UNASSIGNED,514,512,512,NO_RECORDED_FACTOR_PRP_OR_LL_RESULT_AND_NO_ACTIVE_GIMPS_ASSIGNMENT,2026-08-09T02:56:41+00:00,UNALLOCATED,,,,,
SLCMP1467-4053,4053,4054,509202703,2^509202703-1,STRUCTURAL_SCREEN_EXHAUSTED_PRIMALITY_UNASSIGNED,GF3A_DIRECTIONAL_WRITE_EXHAUSTED_PRIMALITY_UNASSIGNED,514,512,512,NO_RECORDED_FACTOR_PRP_OR_LL_RESULT_AND_NO_ACTIVE_GIMPS_ASSIGNMENT,2026-08-09T02:56:41+00:00,UNALLOCATED,,,,,
SLCMP1467-4054,4054,4055,509202781,2^509202781-1,STRUCTURAL_SCREEN_EXHAUSTED_PRIMALITY_UNASSIGNED,GF3A_DIRECTIONAL_WRITE_EXHAUSTED_PRIMALITY_UNASSIGNED,513,512,512,NO_RECORDED_FACTOR_PRP_OR_LL_RESULT_AND_NO_ACTIVE_GIMPS_ASSIGNMENT,2026-08-09T02:56:41+00:00,UNALLOCATED,,,,,
SLCMP1467-4055,4055,4056,509202829,2^509202829-1,STRUCTURAL_SCREEN_EXHAUSTED_PRIMALITY_UNASSIGNED,GF3A_DIRECTIONAL_WRITE_EXHAUSTED_PRIMALITY_UNASSIGNED,513,512,512,NO_RECORDED_FACTOR_PRP_OR_LL_RESULT_AND_NO_ACTIVE_GIMPS_ASSIGNMENT,2026-08-09T02:56:41+00:00,UNALLOCATED,,,,,
SLCMP1467-4056,4056,4057,509202857,2^509202857-1,STRUCTURAL_SCREEN_EXHAUSTED_PRIMALITY_UNASSIGNED,GF3A_DIRECTIONAL_WRITE_EXHAUSTED_PRIMALITY_UNASSIGNED,513,512,512,NO_RECORDED_FACTOR_PRP_OR_LL_RESULT_AND_NO_ACTIVE_GIMPS_ASSIGNMENT,2026-08-09T02:56:41+00:00,UNALLOCATED,,,,,
SLCMP1467-4057,4057,4058,509202871,2^509202871-1,STRUCTURAL_SCREEN_EXHAUSTED_PRIMALITY_UNASSIGNED,GF3A_DIRECTIONAL_WRITE_EXHAUSTED_PRIMALITY_UNASSIGNED,514,512,512,NO_RECORDED_FACTOR_PRP_OR_LL_RESULT_AND_NO_ACTIVE_GIMPS_ASSIGNMENT,2026-08-09T02:56:41+00:00,UNALLOCATED,,,,,
SLCMP1467-4058,4058,4059,509202877,2^509202877-1,STRUCTURAL_SCREEN_EXHAUSTED_PRIMALITY_UNASSIGNED,GF3A_DIRECTIONAL_WRITE_EXHAUSTED_PRIMALITY_UNASSIGNED,513,512,512,NO_RECORDED_FACTOR_PRP_OR_LL_RESULT_AND_NO_ACTIVE_GIMPS_ASSIGNMENT,2026-08-09T02:56:41+00:00,UNALLOCATED,,,,,
SLCMP1467-4059,4059,4060,509202923,2^509202923-1,STRUCTURAL_SCREEN_EXHAUSTED_PRIMALITY_UNASSIGNED,GF3A_DIRECTIONAL_WRITE_EXHAUSTED_PRIMALITY_UNASSIGNED,514,512,512,NO_RECORDED_FACTOR_PRP_OR_LL_RESULT_AND_NO_ACTIVE_GIMPS_ASSIGNMENT,2026-08-09T02:56:41+00:00,UNALLOCATED,,,,,
SLCMP1467-4060,4060,4061,509202937,2^509202937-1,STRUCTURAL_SCREEN_EXHAUSTED_PRIMALITY_UNASSIGNED,GF3A_DIRECTIONAL_WRITE_EXHAUSTED_PRIMALITY_UNASSIGNED,513,512,512,NO_RECORDED_FACTOR_PRP_OR_LL_RESULT_AND_NO_ACTIVE_GIMPS_ASSIGNMENT,2026-08-09T02:56:41+00:00,UNALLOCATED,,,,,
SLCMP1467-4061,4061,4062,509202977,2^509202977-1,STRUCTURAL_SCREEN_EXHAUSTED_PRIMALITY_UNASSIGNED,GF3A_DIRECTIONAL_WRITE_EXHAUSTED_PRIMALITY_UNASSIGNED,513,512,512,NO_RECORDED_FACTOR_PRP_OR_LL_RESULT_AND_NO_ACTIVE_GIMPS_ASSIGNMENT,2026-08-09T02:56:41+00:00,UNALLOCATED,,,,,
SLCMP1467-4062,4062,4063,509203001,2^509203001-1,STRUCTURAL_SCREEN_EXHAUSTED_PRIMALITY_UNASSIGNED,GF3A_DIRECTIONAL_WRITE_EXHAUSTED_PRIMALITY_UNASSIGNED,513,512,512,NO_RECORDED_FACTOR_PRP_OR_LL_RESULT_AND_NO_ACTIVE_GIMPS_ASSIGNMENT,2026-08-09T02:56:41+00:00,UNALLOCATED,,,,,
SLCMP1467-4063,4063,4064,509203007,2^509203007-1,STRUCTURAL_SCREEN_EXHAUSTED_PRIMALITY_UNASSIGNED,GF3A_DIRECTIONAL_WRITE_EXHAUSTED_PRIMALITY_UNASSIGNED,514,512,512,NO_RECORDED_FACTOR_PRP_OR_LL_RESULT_AND_NO_ACTIVE_GIMPS_ASSIGNMENT,2026-08-09T02:56:41+00:00,UNALLOCATED,,,,,
SLCMP1467-4064,4064,4065,509203027,2^509203027-1,STRUCTURAL_SCREEN_EXHAUSTED_PRIMALITY_UNASSIGNED,GF3A_DIRECTIONAL_WRITE_EXHAUSTED_PRIMALITY_UNASSIGNED,514,512,512,NO_RECORDED_FACTOR_PRP_OR_LL_RESULT_AND_NO_ACTIVE_GIMPS_ASSIGNMENT,2026-08-09T02:56:41+00:00,UNALLOCATED,,,,,
SLCMP1467-4065,4065,4066,509203031,2^509203031-1,STRUCTURAL_SCREEN_EXHAUSTED_PRIMALITY_UNASSIGNED,GF3A_DIRECTIONAL_WRITE_EXHAUSTED_PRIMALITY_UNASSIGNED,514,512,512,NO_RECORDED_FACTOR_PRP_OR_LL_RESULT_AND_NO_ACTIVE_GIMPS_ASSIGNMENT,2026-08-09T02:56:41+00:00,UNALLOCATED,,,,,
SLCMP1467-4066,4066,4067,509203043,2^509203043-1,STRUCTURAL_SCREEN_EXHAUSTED_PRIMALITY_UNASSIGNED,GF3A_DIRECTIONAL_WRITE_EXHAUSTED_PRIMALITY_UNASSIGNED,514,512,512,NO_RECORDED_FACTOR_PRP_OR_LL_RESULT_AND_NO_ACTIVE_GIMPS_ASSIGNMENT,2026-08-09T02:56:41+00:00,UNALLOCATED,,,,,
SLCMP1467-4067,4067,4068,509203063,2^509203063-1,STRUCTURAL_SCREEN_EXHAUSTED_PRIMALITY_UNASSIGNED,GF3A_DIRECTIONAL_WRITE_EXHAUSTED_PRIMALITY_UNASSIGNED,514,512,512,NO_RECORDED_FACTOR_PRP_OR_LL_RESULT_AND_NO_ACTIVE_GIMPS_ASSIGNMENT,2026-08-09T02:56:41+00:00,UNALLOCATED,,,,,
SLCMP1467-4068,4068,4069,509203069,2^509203069-1,STRUCTURAL_SCREEN_EXHAUSTED_PRIMALITY_UNASSIGNED,GF3A_DIRECTIONAL_WRITE_EXHAUSTED_PRIMALITY_UNASSIGNED,513,512,512,NO_RECORDED_FACTOR_PRP_OR_LL_RESULT_AND_NO_ACTIVE_GIMPS_ASSIGNMENT,2026-08-09T02:56:41+00:00,UNALLOCATED,,,,,
SLCMP1467-4069,4069,4070,509203127,2^509203127-1,STRUCTURAL_SCREEN_EXHAUSTED_PRIMALITY_UNASSIGNED,GF3A_DIRECTIONAL_WRITE_EXHAUSTED_PRIMALITY_UNASSIGNED,514,512,512,NO_RECORDED_FACTOR_PRP_OR_LL_RESULT_AND_NO_ACTIVE_GIMPS_ASSIGNMENT,2026-08-09T02:56:41+00:00,UNALLOCATED,,,,,
SLCMP1467-4070,4070,4071,509203151,2^509203151-1,STRUCTURAL_SCREEN_EXHAUSTED_PRIMALITY_UNASSIGNED,GF3A_DIRECTIONAL_WRITE_EXHAUSTED_PRIMALITY_UNASSIGNED,514,512,512,NO_RECORDED_FACTOR_PRP_OR_LL_RESULT_AND_NO_ACTIVE_GIMPS_ASSIGNMENT,2026-08-09T02:56:41+00:00,UNALLOCATED,,,,,
SLCMP1467-4071,4071,4072,509203169,2^509203169-1,STRUCTURAL_SCREEN_EXHAUSTED_PRIMALITY_UNASSIGNED,GF3A_DIRECTIONAL_WRITE_EXHAUSTED_PRIMALITY_UNASSIGNED,513,512,512,NO_RECORDED_FACTOR_PRP_OR_LL_RESULT_AND_NO_ACTIVE_GIMPS_ASSIGNMENT,2026-08-09T02:56:41+00:00,UNALLOCATED,,,,,
SLCMP1467-4072,4072,4073,509203229,2^509203229-1,STRUCTURAL_SCREEN_EXHAUSTED_PRIMALITY_UNASSIGNED,GF3A_DIRECTIONAL_WRITE_EXHAUSTED_PRIMALITY_UNASSIGNED,513,512,512,NO_RECORDED_FACTOR_PRP_OR_LL_RESULT_AND_NO_ACTIVE_GIMPS_ASSIGNMENT,2026-08-09T02:56:41+00:00,UNALLOCATED,,,,,
SLCMP1467-4073,4073,4074,509203327,2^509203327-1,STRUCTURAL_SCREEN_EXHAUSTED_PRIMALITY_UNASSIGNED,GF3A_DIRECTIONAL_WRITE_EXHAUSTED_PRIMALITY_UNASSIGNED,514,512,512,NO_RECORDED_FACTOR_PRP_OR_LL_RESULT_AND_NO_ACTIVE_GIMPS_ASSIGNMENT,2026-08-09T02:56:41+00:00,UNALLOCATED,,,,,
SLCMP1467-4074,4074,4075,509203351,2^509203351-1,STRUCTURAL_SCREEN_EXHAUSTED_PRIMALITY_UNASSIGNED,GF3A_DIRECTIONAL_WRITE_EXHAUSTED_PRIMALITY_UNASSIGNED,514,512,512,NO_RECORDED_FACTOR_PRP_OR_LL_RESULT_AND_NO_ACTIVE_GIMPS_ASSIGNMENT,2026-08-09T02:56:41+00:00,UNALLOCATED,,,,,
SLCMP1467-4075,4075,4076,509203367,2^509203367-1,STRUCTURAL_SCREEN_EXHAUSTED_PRIMALITY_UNASSIGNED,GF3A_DIRECTIONAL_WRITE_EXHAUSTED_PRIMALITY_UNASSIGNED,514,512,512,NO_RECORDED_FACTOR_PRP_OR_LL_RESULT_AND_NO_ACTIVE_GIMPS_ASSIGNMENT,2026-08-09T02:56:41+00:00,UNALLOCATED,,,,,
SLCMP1467-4076,4076,4077,509203411,2^509203411-1,STRUCTURAL_SCREEN_EXHAUSTED_PRIMALITY_UNASSIGNED,GF3A_DIRECTIONAL_WRITE_EXHAUSTED_PRIMALITY_UNASSIGNED,514,512,512,NO_RECORDED_FACTOR_PRP_OR_LL_RESULT_AND_NO_ACTIVE_GIMPS_ASSIGNMENT,2026-08-09T02:56:41+00:00,UNALLOCATED,,,,,
SLCMP1467-4077,4077,4078,509203421,2^509203421-1,STRUCTURAL_SCREEN_EXHAUSTED_PRIMALITY_UNASSIGNED,GF3A_DIRECTIONAL_WRITE_EXHAUSTED_PRIMALITY_UNASSIGNED,513,512,512,NO_RECORDED_FACTOR_PRP_OR_LL_RESULT_AND_NO_ACTIVE_GIMPS_ASSIGNMENT,2026-08-09T02:56:41+00:00,UNALLOCATED,,,,,
SLCMP1467-4078,4078,4079,509203451,2^509203451-1,STRUCTURAL_SCREEN_EXHAUSTED_PRIMALITY_UNASSIGNED,GF3A_DIRECTIONAL_WRITE_EXHAUSTED_PRIMALITY_UNASSIGNED,514,512,512,NO_RECORDED_FACTOR_PRP_OR_LL_RESULT_AND_NO_ACTIVE_GIMPS_ASSIGNMENT,2026-08-09T02:56:41+00:00,UNALLOCATED,,,,,
SLCMP1467-4079,4079,4080,509203603,2^509203603-1,STRUCTURAL_SCREEN_EXHAUSTED_PRIMALITY_UNASSIGNED,GF3A_DIRECTIONAL_WRITE_EXHAUSTED_PRIMALITY_UNASSIGNED,514,512,512,NO_RECORDED_FACTOR_PRP_OR_LL_RESULT_AND_NO_ACTIVE_GIMPS_ASSIGNMENT,2026-08-09T02:56:41+00:00,UNALLOCATED,,,,,
SLCMP1467-4080,4080,4081,509203619,2^509203619-1,STRUCTURAL_SCREEN_EXHAUSTED_PRIMALITY_UNASSIGNED,GF3A_DIRECTIONAL_WRITE_EXHAUSTED_PRIMALITY_UNASSIGNED,514,512,512,NO_RECORDED_FACTOR_PRP_OR_LL_RESULT_AND_NO_ACTIVE_GIMPS_ASSIGNMENT,2026-08-09T02:56:41+00:00,UNALLOCATED,,,,,
SLCMP1467-4081,4081,4082,509203679,2^509203679-1,STRUCTURAL_SCREEN_EXHAUSTED_PRIMALITY_UNASSIGNED,GF3A_DIRECTIONAL_WRITE_EXHAUSTED_PRIMALITY_UNASSIGNED,514,512,512,NO_RECORDED_FACTOR_PRP_OR_LL_RESULT_AND_NO_ACTIVE_GIMPS_ASSIGNMENT,2026-08-09T02:56:41+00:00,UNALLOCATED,,,,,
SLCMP1467-4082,4082,4083,509203711,2^509203711-1,STRUCTURAL_SCREEN_EXHAUSTED_PRIMALITY_UNASSIGNED,GF3A_DIRECTIONAL_WRITE_EXHAUSTED_PRIMALITY_UNASSIGNED,514,512,512,NO_RECORDED_FACTOR_PRP_OR_LL_RESULT_AND_NO_ACTIVE_GIMPS_ASSIGNMENT,2026-08-09T02:56:41+00:00,UNALLOCATED,,,,,
SLCMP1467-4083,4083,4084,509203727,2^509203727-1,STRUCTURAL_SCREEN_EXHAUSTED_PRIMALITY_UNASSIGNED,GF3A_DIRECTIONAL_WRITE_EXHAUSTED_PRIMALITY_UNASSIGNED,514,512,512,NO_RECORDED_FACTOR_PRP_OR_LL_RESULT_AND_NO_ACTIVE_GIMPS_ASSIGNMENT,2026-08-09T02:56:41+00:00,UNALLOCATED,,,,,
SLCMP1467-4084,4084,4085,509203729,2^509203729-1,STRUCTURAL_SCREEN_EXHAUSTED_PRIMALITY_UNASSIGNED,GF3A_DIRECTIONAL_WRITE_EXHAUSTED_PRIMALITY_UNASSIGNED,513,512,512,NO_RECORDED_FACTOR_PRP_OR_LL_RESULT_AND_NO_ACTIVE_GIMPS_ASSIGNMENT,2026-08-09T02:56:41+00:00,UNALLOCATED,,,,,
SLCMP1467-4085,4085,4086,509203741,2^509203741-1,STRUCTURAL_SCREEN_EXHAUSTED_PRIMALITY_UNASSIGNED,GF3A_DIRECTIONAL_WRITE_EXHAUSTED_PRIMALITY_UNASSIGNED,513,512,512,NO_RECORDED_FACTOR_PRP_OR_LL_RESULT_AND_NO_ACTIVE_GIMPS_ASSIGNMENT,2026-08-09T02:56:41+00:00,UNALLOCATED,,,,,
SLCMP1467-4086,4086,4087,509203777,2^509203777-1,STRUCTURAL_SCREEN_EXHAUSTED_PRIMALITY_UNASSIGNED,GF3A_DIRECTIONAL_WRITE_EXHAUSTED_PRIMALITY_UNASSIGNED,513,512,512,NO_RECORDED_FACTOR_PRP_OR_LL_RESULT_AND_NO_ACTIVE_GIMPS_ASSIGNMENT,2026-08-09T02:56:41+00:00,UNALLOCATED,,,,,
SLCMP1467-4087,4087,4088,509203847,2^509203847-1,STRUCTURAL_SCREEN_EXHAUSTED_PRIMALITY_UNASSIGNED,GF3A_DIRECTIONAL_WRITE_EXHAUSTED_PRIMALITY_UNASSIGNED,514,512,512,NO_RECORDED_FACTOR_PRP_OR_LL_RESULT_AND_NO_ACTIVE_GIMPS_ASSIGNMENT,2026-08-09T02:56:41+00:00,UNALLOCATED,,,,,
SLCMP1467-4088,4088,4089,509203853,2^509203853-1,STRUCTURAL_SCREEN_EXHAUSTED_PRIMALITY_UNASSIGNED,GF3A_DIRECTIONAL_WRITE_EXHAUSTED_PRIMALITY_UNASSIGNED,513,512,512,NO_RECORDED_FACTOR_PRP_OR_LL_RESULT_AND_NO_ACTIVE_GIMPS_ASSIGNMENT,2026-08-09T02:56:41+00:00,UNALLOCATED,,,,,
SLCMP1467-4089,4089,4090,509203859,2^509203859-1,STRUCTURAL_SCREEN_EXHAUSTED_PRIMALITY_UNASSIGNED,GF3A_DIRECTIONAL_WRITE_EXHAUSTED_PRIMALITY_UNASSIGNED,514,512,512,NO_RECORDED_FACTOR_PRP_OR_LL_RESULT_AND_NO_ACTIVE_GIMPS_ASSIGNMENT,2026-08-09T02:56:41+00:00,UNALLOCATED,,,,,
SLCMP1467-4090,4090,4091,509203957,2^509203957-1,STRUCTURAL_SCREEN_EXHAUSTED_PRIMALITY_UNASSIGNED,GF3A_DIRECTIONAL_WRITE_EXHAUSTED_PRIMALITY_UNASSIGNED,513,512,512,NO_RECORDED_FACTOR_PRP_OR_LL_RESULT_AND_NO_ACTIVE_GIMPS_ASSIGNMENT,2026-08-09T02:56:41+00:00,UNALLOCATED,,,,,
SLCMP1467-4091,4091,4092,509203993,2^509203993-1,STRUCTURAL_SCREEN_EXHAUSTED_PRIMALITY_UNASSIGNED,GF3A_DIRECTIONAL_WRITE_EXHAUSTED_PRIMALITY_UNASSIGNED,513,512,512,NO_RECORDED_FACTOR_PRP_OR_LL_RESULT_AND_NO_ACTIVE_GIMPS_ASSIGNMENT,2026-08-09T02:56:41+00:00,UNALLOCATED,,,,,
SLCMP1467-4092,4092,4093,509204021,2^509204021-1,STRUCTURAL_SCREEN_EXHAUSTED_PRIMALITY_UNASSIGNED,GF3A_DIRECTIONAL_WRITE_EXHAUSTED_PRIMALITY_UNASSIGNED,513,512,512,NO_RECORDED_FACTOR_PRP_OR_LL_RESULT_AND_NO_ACTIVE_GIMPS_ASSIGNMENT,2026-08-09T02:56:41+00:00,UNALLOCATED,,,,,
SLCMP1467-4093,4093,4094,509204053,2^509204053-1,STRUCTURAL_SCREEN_EXHAUSTED_PRIMALITY_UNASSIGNED,GF3A_DIRECTIONAL_WRITE_EXHAUSTED_PRIMALITY_UNASSIGNED,513,512,512,NO_RECORDED_FACTOR_PRP_OR_LL_RESULT_AND_NO_ACTIVE_GIMPS_ASSIGNMENT,2026-08-09T02:56:41+00:00,UNALLOCATED,,,,,
SLCMP1467-4094,4094,4095,509204081,2^509204081-1,STRUCTURAL_SCREEN_EXHAUSTED_PRIMALITY_UNASSIGNED,GF3A_DIRECTIONAL_WRITE_EXHAUSTED_PRIMALITY_UNASSIGNED,513,512,512,NO_RECORDED_FACTOR_PRP_OR_LL_RESULT_AND_NO_ACTIVE_GIMPS_ASSIGNMENT,2026-08-09T02:56:41+00:00,UNALLOCATED,,,,,
SLCMP1467-4095,4095,4096,509204083,2^509204083-1,STRUCTURAL_SCREEN_EXHAUSTED_PRIMALITY_UNASSIGNED,GF3A_DIRECTIONAL_WRITE_EXHAUSTED_PRIMALITY_UNASSIGNED,514,512,512,NO_RECORDED_FACTOR_PRP_OR_LL_RESULT_AND_NO_ACTIVE_GIMPS_ASSIGNMENT,2026-08-09T02:56:41+00:00,UNALLOCATED,,,,,
SLCMP1467-4096,4096,4097,509204089,2^509204089-1,STRUCTURAL_SCREEN_EXHAUSTED_PRIMALITY_UNASSIGNED,GF3A_DIRECTIONAL_WRITE_EXHAUSTED_PRIMALITY_UNASSIGNED,513,512,512,NO_RECORDED_FACTOR_PRP_OR_LL_RESULT_AND_NO_ACTIVE_GIMPS_ASSIGNMENT,2026-08-09T02:56:41+00:00,UNALLOCATED,,,,,
SLCMP1467-4097,4097,4098,509204093,2^509204093-1,STRUCTURAL_SCREEN_EXHAUSTED_PRIMALITY_UNASSIGNED,GF3A_DIRECTIONAL_WRITE_EXHAUSTED_PRIMALITY_UNASSIGNED,513,512,512,NO_RECORDED_FACTOR_PRP_OR_LL_RESULT_AND_NO_ACTIVE_GIMPS_ASSIGNMENT,2026-08-09T02:56:41+00:00,UNALLOCATED,,,,,
SLCMP1467-4098,4098,4099,509204197,2^509204197-1,STRUCTURAL_SCREEN_EXHAUSTED_PRIMALITY_UNASSIGNED,GF3A_DIRECTIONAL_WRITE_EXHAUSTED_PRIMALITY_UNASSIGNED,513,512,512,NO_RECORDED_FACTOR_PRP_OR_LL_RESULT_AND_NO_ACTIVE_GIMPS_ASSIGNMENT,2026-08-09T02:56:41+00:00,UNALLOCATED,,,,,
SLCMP1467-4099,4099,4100,509204257,2^509204257-1,STRUCTURAL_SCREEN_EXHAUSTED_PRIMALITY_UNASSIGNED,GF3A_DIRECTIONAL_WRITE_EXHAUSTED_PRIMALITY_UNASSIGNED,513,512,512,NO_RECORDED_FACTOR_PRP_OR_LL_RESULT_AND_NO_ACTIVE_GIMPS_ASSIGNMENT,2026-08-09T02:56:41+00:00,UNALLOCATED,,,,,
SLCMP1467-4100,4100,4101,509204369,2^509204369-1,STRUCTURAL_SCREEN_EXHAUSTED_PRIMALITY_UNASSIGNED,GF3A_DIRECTIONAL_WRITE_EXHAUSTED_PRIMALITY_UNASSIGNED,513,512,512,NO_RECORDED_FACTOR_PRP_OR_LL_RESULT_AND_NO_ACTIVE_GIMPS_ASSIGNMENT,2026-08-09T02:56:41+00:00,UNALLOCATED,,,,,
SLCMP1467-4101,4101,4102,509204483,2^509204483-1,STRUCTURAL_SCREEN_EXHAUSTED_PRIMALITY_UNASSIGNED,GF3A_DIRECTIONAL_WRITE_EXHAUSTED_PRIMALITY_UNASSIGNED,514,512,512,NO_RECORDED_FACTOR_PRP_OR_LL_RESULT_AND_NO_ACTIVE_GIMPS_ASSIGNMENT,2026-08-09T02:56:41+00:00,UNALLOCATED,,,,,
SLCMP1467-4102,4102,4103,509204497,2^509204497-1,STRUCTURAL_SCREEN_EXHAUSTED_PRIMALITY_UNASSIGNED,GF3A_DIRECTIONAL_WRITE_EXHAUSTED_PRIMALITY_UNASSIGNED,513,512,512,NO_RECORDED_FACTOR_PRP_OR_LL_RESULT_AND_NO_ACTIVE_GIMPS_ASSIGNMENT,2026-08-09T02:56:41+00:00,UNALLOCATED,,,,,
SLCMP1467-4103,4103,4104,509204561,2^509204561-1,STRUCTURAL_SCREEN_EXHAUSTED_PRIMALITY_UNASSIGNED,GF3A_DIRECTIONAL_WRITE_EXHAUSTED_PRIMALITY_UNASSIGNED,513,512,512,NO_RECORDED_FACTOR_PRP_OR_LL_RESULT_AND_NO_ACTIVE_GIMPS_ASSIGNMENT,2026-08-09T02:56:41+00:00,UNALLOCATED,,,,,
SLCMP1467-4104,4104,4105,509204599,2^509204599-1,STRUCTURAL_SCREEN_EXHAUSTED_PRIMALITY_UNASSIGNED,GF3A_DIRECTIONAL_WRITE_EXHAUSTED_PRIMALITY_UNASSIGNED,514,512,512,NO_RECORDED_FACTOR_PRP_OR_LL_RESULT_AND_NO_ACTIVE_GIMPS_ASSIGNMENT,2026-08-09T02:56:41+00:00,UNALLOCATED,,,,,
SLCMP1467-4105,4105,4106,509204603,2^509204603-1,STRUCTURAL_SCREEN_EXHAUSTED_PRIMALITY_UNASSIGNED,GF3A_DIRECTIONAL_WRITE_EXHAUSTED_PRIMALITY_UNASSIGNED,514,512,512,NO_RECORDED_FACTOR_PRP_OR_LL_RESULT_AND_NO_ACTIVE_GIMPS_ASSIGNMENT,2026-08-09T02:56:41+00:00,UNALLOCATED,,,,,
SLCMP1467-4106,4106,4107,509204609,2^509204609-1,STRUCTURAL_SCREEN_EXHAUSTED_PRIMALITY_UNASSIGNED,GF3A_DIRECTIONAL_WRITE_EXHAUSTED_PRIMALITY_UNASSIGNED,513,512,512,NO_RECORDED_FACTOR_PRP_OR_LL_RESULT_AND_NO_ACTIVE_GIMPS_ASSIGNMENT,2026-08-09T02:56:41+00:00,UNALLOCATED,,,,,
SLCMP1467-4107,4107,4108,509204639,2^509204639-1,STRUCTURAL_SCREEN_EXHAUSTED_PRIMALITY_UNASSIGNED,GF3A_DIRECTIONAL_WRITE_EXHAUSTED_PRIMALITY_UNASSIGNED,514,512,512,NO_RECORDED_FACTOR_PRP_OR_LL_RESULT_AND_NO_ACTIVE_GIMPS_ASSIGNMENT,2026-08-09T02:56:41+00:00,UNALLOCATED,,,,,
SLCMP1467-4108,4108,4109,509204653,2^509204653-1,STRUCTURAL_SCREEN_EXHAUSTED_PRIMALITY_UNASSIGNED,GF3A_DIRECTIONAL_WRITE_EXHAUSTED_PRIMALITY_UNASSIGNED,513,512,512,NO_RECORDED_FACTOR_PRP_OR_LL_RESULT_AND_NO_ACTIVE_GIMPS_ASSIGNMENT,2026-08-09T02:56:41+00:00,UNALLOCATED,,,,,
SLCMP1467-4109,4109,4110,509204671,2^509204671-1,STRUCTURAL_SCREEN_EXHAUSTED_PRIMALITY_UNASSIGNED,GF3A_DIRECTIONAL_WRITE_EXHAUSTED_PRIMALITY_UNASSIGNED,514,512,512,NO_RECORDED_FACTOR_PRP_OR_LL_RESULT_AND_NO_ACTIVE_GIMPS_ASSIGNMENT,2026-08-09T02:56:41+00:00,UNALLOCATED,,,,,
SLCMP1467-4110,4110,4111,509204713,2^509204713-1,STRUCTURAL_SCREEN_EXHAUSTED_PRIMALITY_UNASSIGNED,GF3A_DIRECTIONAL_WRITE_EXHAUSTED_PRIMALITY_UNASSIGNED,513,512,512,NO_RECORDED_FACTOR_PRP_OR_LL_RESULT_AND_NO_ACTIVE_GIMPS_ASSIGNMENT,2026-08-09T02:56:41+00:00,UNALLOCATED,,,,,
SLCMP1467-4111,4111,4112,509204719,2^509204719-1,STRUCTURAL_SCREEN_EXHAUSTED_PRIMALITY_UNASSIGNED,GF3A_DIRECTIONAL_WRITE_EXHAUSTED_PRIMALITY_UNASSIGNED,514,512,512,NO_RECORDED_FACTOR_PRP_OR_LL_RESULT_AND_NO_ACTIVE_GIMPS_ASSIGNMENT,2026-08-09T02:56:41+00:00,UNALLOCATED,,,,,
SLCMP1467-4112,4112,4113,509204771,2^509204771-1,STRUCTURAL_SCREEN_EXHAUSTED_PRIMALITY_UNASSIGNED,GF3A_DIRECTIONAL_WRITE_EXHAUSTED_PRIMALITY_UNASSIGNED,514,512,512,NO_RECORDED_FACTOR_PRP_OR_LL_RESULT_AND_NO_ACTIVE_GIMPS_ASSIGNMENT,2026-08-09T02:56:41+00:00,UNALLOCATED,,,,,
SLCMP1467-4113,4113,4114,509204777,2^509204777-1,STRUCTURAL_SCREEN_EXHAUSTED_PRIMALITY_UNASSIGNED,GF3A_DIRECTIONAL_WRITE_EXHAUSTED_PRIMALITY_UNASSIGNED,513,512,512,NO_RECORDED_FACTOR_PRP_OR_LL_RESULT_AND_NO_ACTIVE_GIMPS_ASSIGNMENT,2026-08-09T02:56:41+00:00,UNALLOCATED,,,,,
SLCMP1467-4114,4114,4115,509204833,2^509204833-1,STRUCTURAL_SCREEN_EXHAUSTED_PRIMALITY_UNASSIGNED,GF3A_DIRECTIONAL_WRITE_EXHAUSTED_PRIMALITY_UNASSIGNED,513,512,512,NO_RECORDED_FACTOR_PRP_OR_LL_RESULT_AND_NO_ACTIVE_GIMPS_ASSIGNMENT,2026-08-09T02:56:41+00:00,UNALLOCATED,,,,,
SLCMP1467-4115,4115,4116,509204879,2^509204879-1,STRUCTURAL_SCREEN_EXHAUSTED_PRIMALITY_UNASSIGNED,GF3A_DIRECTIONAL_WRITE_EXHAUSTED_PRIMALITY_UNASSIGNED,514,512,512,NO_RECORDED_FACTOR_PRP_OR_LL_RESULT_AND_NO_ACTIVE_GIMPS_ASSIGNMENT,2026-08-09T02:56:41+00:00,UNALLOCATED,,,,,
SLCMP1467-4116,4116,4117,509204903,2^509204903-1,STRUCTURAL_SCREEN_EXHAUSTED_PRIMALITY_UNASSIGNED,GF3A_DIRECTIONAL_WRITE_EXHAUSTED_PRIMALITY_UNASSIGNED,514,512,512,NO_RECORDED_FACTOR_PRP_OR_LL_RESULT_AND_NO_ACTIVE_GIMPS_ASSIGNMENT,2026-08-09T02:56:41+00:00,UNALLOCATED,,,,,
SLCMP1467-4117,4117,4118,509204929,2^509204929-1,STRUCTURAL_SCREEN_EXHAUSTED_PRIMALITY_UNASSIGNED,GF3A_DIRECTIONAL_WRITE_EXHAUSTED_PRIMALITY_UNASSIGNED,513,512,512,NO_RECORDED_FACTOR_PRP_OR_LL_RESULT_AND_NO_ACTIVE_GIMPS_ASSIGNMENT,2026-08-09T02:56:41+00:00,UNALLOCATED,,,,,
SLCMP1467-4118,4118,4119,509204951,2^509204951-1,STRUCTURAL_SCREEN_EXHAUSTED_PRIMALITY_UNASSIGNED,GF3A_DIRECTIONAL_WRITE_EXHAUSTED_PRIMALITY_UNASSIGNED,514,512,512,NO_RECORDED_FACTOR_PRP_OR_LL_RESULT_AND_NO_ACTIVE_GIMPS_ASSIGNMENT,2026-08-09T02:56:41+00:00,UNALLOCATED,,,,,
SLCMP1467-4119,4119,4120,509205061,2^509205061-1,STRUCTURAL_SCREEN_EXHAUSTED_PRIMALITY_UNASSIGNED,GF3A_DIRECTIONAL_WRITE_EXHAUSTED_PRIMALITY_UNASSIGNED,513,512,512,NO_RECORDED_FACTOR_PRP_OR_LL_RESULT_AND_NO_ACTIVE_GIMPS_ASSIGNMENT,2026-08-09T02:56:41+00:00,UNALLOCATED,,,,,
SLCMP1467-4120,4120,4121,509205133,2^509205133-1,STRUCTURAL_SCREEN_EXHAUSTED_PRIMALITY_UNASSIGNED,GF3A_DIRECTIONAL_WRITE_EXHAUSTED_PRIMALITY_UNASSIGNED,513,512,512,NO_RECORDED_FACTOR_PRP_OR_LL_RESULT_AND_NO_ACTIVE_GIMPS_ASSIGNMENT,2026-08-09T02:56:41+00:00,UNALLOCATED,,,,,
SLCMP1467-4121,4121,4122,509205157,2^509205157-1,STRUCTURAL_SCREEN_EXHAUSTED_PRIMALITY_UNASSIGNED,GF3A_DIRECTIONAL_WRITE_EXHAUSTED_PRIMALITY_UNASSIGNED,513,512,512,NO_RECORDED_FACTOR_PRP_OR_LL_RESULT_AND_NO_ACTIVE_GIMPS_ASSIGNMENT,2026-08-09T02:56:41+00:00,UNALLOCATED,,,,,
SLCMP1467-4122,4122,4123,509205167,2^509205167-1,STRUCTURAL_SCREEN_EXHAUSTED_PRIMALITY_UNASSIGNED,GF3A_DIRECTIONAL_WRITE_EXHAUSTED_PRIMALITY_UNASSIGNED,514,512,512,NO_RECORDED_FACTOR_PRP_OR_LL_RESULT_AND_NO_ACTIVE_GIMPS_ASSIGNMENT,2026-08-09T02:56:41+00:00,UNALLOCATED,,,,,
SLCMP1467-4123,4123,4124,509205181,2^509205181-1,STRUCTURAL_SCREEN_EXHAUSTED_PRIMALITY_UNASSIGNED,GF3A_DIRECTIONAL_WRITE_EXHAUSTED_PRIMALITY_UNASSIGNED,513,512,512,NO_RECORDED_FACTOR_PRP_OR_LL_RESULT_AND_NO_ACTIVE_GIMPS_ASSIGNMENT,2026-08-09T02:56:41+00:00,UNALLOCATED,,,,,
SLCMP1467-4124,4124,4125,509205251,2^509205251-1,STRUCTURAL_SCREEN_EXHAUSTED_PRIMALITY_UNASSIGNED,GF3A_DIRECTIONAL_WRITE_EXHAUSTED_PRIMALITY_UNASSIGNED,514,512,512,NO_RECORDED_FACTOR_PRP_OR_LL_RESULT_AND_NO_ACTIVE_GIMPS_ASSIGNMENT,2026-08-09T02:56:41+00:00,UNALLOCATED,,,,,
SLCMP1467-4125,4125,4126,509205343,2^509205343-1,STRUCTURAL_SCREEN_EXHAUSTED_PRIMALITY_UNASSIGNED,GF3A_DIRECTIONAL_WRITE_EXHAUSTED_PRIMALITY_UNASSIGNED,514,512,512,NO_RECORDED_FACTOR_PRP_OR_LL_RESULT_AND_NO_ACTIVE_GIMPS_ASSIGNMENT,2026-08-09T02:56:41+00:00,UNALLOCATED,,,,,
SLCMP1467-4126,4126,4127,509205413,2^509205413-1,STRUCTURAL_SCREEN_EXHAUSTED_PRIMALITY_UNASSIGNED,GF3A_DIRECTIONAL_WRITE_EXHAUSTED_PRIMALITY_UNASSIGNED,513,512,512,NO_RECORDED_FACTOR_PRP_OR_LL_RESULT_AND_NO_ACTIVE_GIMPS_ASSIGNMENT,2026-08-09T02:56:41+00:00,UNALLOCATED,,,,,
SLCMP1467-4127,4127,4128,509205419,2^509205419-1,STRUCTURAL_SCREEN_EXHAUSTED_PRIMALITY_UNASSIGNED,GF3A_DIRECTIONAL_WRITE_EXHAUSTED_PRIMALITY_UNASSIGNED,514,512,512,NO_RECORDED_FACTOR_PRP_OR_LL_RESULT_AND_NO_ACTIVE_GIMPS_ASSIGNMENT,2026-08-09T02:56:41+00:00,UNALLOCATED,,,,,
SLCMP1467-4128,4128,4129,509205451,2^509205451-1,STRUCTURAL_SCREEN_EXHAUSTED_PRIMALITY_UNASSIGNED,GF3A_DIRECTIONAL_WRITE_EXHAUSTED_PRIMALITY_UNASSIGNED,514,512,512,NO_RECORDED_FACTOR_PRP_OR_LL_RESULT_AND_NO_ACTIVE_GIMPS_ASSIGNMENT,2026-08-09T02:56:41+00:00,UNALLOCATED,,,,,
SLCMP1467-4129,4129,4130,509205569,2^509205569-1,STRUCTURAL_SCREEN_EXHAUSTED_PRIMALITY_UNASSIGNED,GF3A_DIRECTIONAL_WRITE_EXHAUSTED_PRIMALITY_UNASSIGNED,513,512,512,NO_RECORDED_FACTOR_PRP_OR_LL_RESULT_AND_NO_ACTIVE_GIMPS_ASSIGNMENT,2026-08-09T02:56:41+00:00,UNALLOCATED,,,,,
SLCMP1467-4130,4130,4131,509205727,2^509205727-1,STRUCTURAL_SCREEN_EXHAUSTED_PRIMALITY_UNASSIGNED,GF3A_DIRECTIONAL_WRITE_EXHAUSTED_PRIMALITY_UNASSIGNED,514,512,512,NO_RECORDED_FACTOR_PRP_OR_LL_RESULT_AND_NO_ACTIVE_GIMPS_ASSIGNMENT,2026-08-09T02:56:41+00:00,UNALLOCATED,,,,,
SLCMP1467-4131,4131,4132,509205731,2^509205731-1,STRUCTURAL_SCREEN_EXHAUSTED_PRIMALITY_UNASSIGNED,GF3A_DIRECTIONAL_WRITE_EXHAUSTED_PRIMALITY_UNASSIGNED,514,512,512,NO_RECORDED_FACTOR_PRP_OR_LL_RESULT_AND_NO_ACTIVE_GIMPS_ASSIGNMENT,2026-08-09T02:56:41+00:00,UNALLOCATED,,,,,
SLCMP1467-4132,4132,4133,509205863,2^509205863-1,STRUCTURAL_SCREEN_EXHAUSTED_PRIMALITY_UNASSIGNED,GF3A_DIRECTIONAL_WRITE_EXHAUSTED_PRIMALITY_UNASSIGNED,514,512,512,NO_RECORDED_FACTOR_PRP_OR_LL_RESULT_AND_NO_ACTIVE_GIMPS_ASSIGNMENT,2026-08-09T02:56:41+00:00,UNALLOCATED,,,,,
SLCMP1467-4133,4133,4134,509205899,2^509205899-1,STRUCTURAL_SCREEN_EXHAUSTED_PRIMALITY_UNASSIGNED,GF3A_DIRECTIONAL_WRITE_EXHAUSTED_PRIMALITY_UNASSIGNED,514,512,512,NO_RECORDED_FACTOR_PRP_OR_LL_RESULT_AND_NO_ACTIVE_GIMPS_ASSIGNMENT,2026-08-09T02:56:41+00:00,UNALLOCATED,,,,,
SLCMP1467-4134,4134,4135,509205923,2^509205923-1,STRUCTURAL_SCREEN_EXHAUSTED_PRIMALITY_UNASSIGNED,GF3A_DIRECTIONAL_WRITE_EXHAUSTED_PRIMALITY_UNASSIGNED,514,512,512,NO_RECORDED_FACTOR_PRP_OR_LL_RESULT_AND_NO_ACTIVE_GIMPS_ASSIGNMENT,2026-08-09T02:56:41+00:00,UNALLOCATED,,,,,
SLCMP1467-4135,4135,4136,509205973,2^509205973-1,STRUCTURAL_SCREEN_EXHAUSTED_PRIMALITY_UNASSIGNED,GF3A_DIRECTIONAL_WRITE_EXHAUSTED_PRIMALITY_UNASSIGNED,513,512,512,NO_RECORDED_FACTOR_PRP_OR_LL_RESULT_AND_NO_ACTIVE_GIMPS_ASSIGNMENT,2026-08-09T02:56:41+00:00,UNALLOCATED,,,,,
SLCMP1467-4136,4136,4137,509205997,2^509205997-1,STRUCTURAL_SCREEN_EXHAUSTED_PRIMALITY_UNASSIGNED,GF3A_DIRECTIONAL_WRITE_EXHAUSTED_PRIMALITY_UNASSIGNED,513,512,512,NO_RECORDED_FACTOR_PRP_OR_LL_RESULT_AND_NO_ACTIVE_GIMPS_ASSIGNMENT,2026-08-09T02:56:41+00:00,UNALLOCATED,,,,,
SLCMP1467-4137,4137,4138,509206013,2^509206013-1,STRUCTURAL_SCREEN_EXHAUSTED_PRIMALITY_UNASSIGNED,GF3A_DIRECTIONAL_WRITE_EXHAUSTED_PRIMALITY_UNASSIGNED,513,512,512,NO_RECORDED_FACTOR_PRP_OR_LL_RESULT_AND_NO_ACTIVE_GIMPS_ASSIGNMENT,2026-08-09T02:56:41+00:00,UNALLOCATED,,,,,
SLCMP1467-4138,4138,4139,509206109,2^509206109-1,STRUCTURAL_SCREEN_EXHAUSTED_PRIMALITY_UNASSIGNED,GF3A_DIRECTIONAL_WRITE_EXHAUSTED_PRIMALITY_UNASSIGNED,513,512,512,NO_RECORDED_FACTOR_PRP_OR_LL_RESULT_AND_NO_ACTIVE_GIMPS_ASSIGNMENT,2026-08-09T02:56:41+00:00,UNALLOCATED,,,,,
SLCMP1467-4139,4139,4140,509206127,2^509206127-1,STRUCTURAL_SCREEN_EXHAUSTED_PRIMALITY_UNASSIGNED,GF3A_DIRECTIONAL_WRITE_EXHAUSTED_PRIMALITY_UNASSIGNED,514,512,512,NO_RECORDED_FACTOR_PRP_OR_LL_RESULT_AND_NO_ACTIVE_GIMPS_ASSIGNMENT,2026-08-09T02:56:41+00:00,UNALLOCATED,,,,,
SLCMP1467-4140,4140,4141,509206169,2^509206169-1,STRUCTURAL_SCREEN_EXHAUSTED_PRIMALITY_UNASSIGNED,GF3A_DIRECTIONAL_WRITE_EXHAUSTED_PRIMALITY_UNASSIGNED,513,512,512,NO_RECORDED_FACTOR_PRP_OR_LL_RESULT_AND_NO_ACTIVE_GIMPS_ASSIGNMENT,2026-08-09T02:56:41+00:00,UNALLOCATED,,,,,
SLCMP1467-4141,4141,4142,509206193,2^509206193-1,STRUCTURAL_SCREEN_EXHAUSTED_PRIMALITY_UNASSIGNED,GF3A_DIRECTIONAL_WRITE_EXHAUSTED_PRIMALITY_UNASSIGNED,513,512,512,NO_RECORDED_FACTOR_PRP_OR_LL_RESULT_AND_NO_ACTIVE_GIMPS_ASSIGNMENT,2026-08-09T02:56:41+00:00,UNALLOCATED,,,,,
SLCMP1467-4142,4142,4143,509206207,2^509206207-1,STRUCTURAL_SCREEN_EXHAUSTED_PRIMALITY_UNASSIGNED,GF3A_DIRECTIONAL_WRITE_EXHAUSTED_PRIMALITY_UNASSIGNED,514,512,512,NO_RECORDED_FACTOR_PRP_OR_LL_RESULT_AND_NO_ACTIVE_GIMPS_ASSIGNMENT,2026-08-09T02:56:41+00:00,UNALLOCATED,,,,,
SLCMP1467-4143,4143,4144,509206211,2^509206211-1,STRUCTURAL_SCREEN_EXHAUSTED_PRIMALITY_UNASSIGNED,GF3A_DIRECTIONAL_WRITE_EXHAUSTED_PRIMALITY_UNASSIGNED,514,512,512,NO_RECORDED_FACTOR_PRP_OR_LL_RESULT_AND_NO_ACTIVE_GIMPS_ASSIGNMENT,2026-08-09T02:56:41+00:00,UNALLOCATED,,,,,
SLCMP1467-4144,4144,4145,509206307,2^509206307-1,STRUCTURAL_SCREEN_EXHAUSTED_PRIMALITY_UNASSIGNED,GF3A_DIRECTIONAL_WRITE_EXHAUSTED_PRIMALITY_UNASSIGNED,514,512,512,NO_RECORDED_FACTOR_PRP_OR_LL_RESULT_AND_NO_ACTIVE_GIMPS_ASSIGNMENT,2026-08-09T02:56:41+00:00,UNALLOCATED,,,,,
SLCMP1467-4145,4145,4146,509206337,2^509206337-1,STRUCTURAL_SCREEN_EXHAUSTED_PRIMALITY_UNASSIGNED,GF3A_DIRECTIONAL_WRITE_EXHAUSTED_PRIMALITY_UNASSIGNED,513,512,512,NO_RECORDED_FACTOR_PRP_OR_LL_RESULT_AND_NO_ACTIVE_GIMPS_ASSIGNMENT,2026-08-09T02:56:41+00:00,UNALLOCATED,,,,,
SLCMP1467-4146,4146,4147,509206339,2^509206339-1,STRUCTURAL_SCREEN_EXHAUSTED_PRIMALITY_UNASSIGNED,GF3A_DIRECTIONAL_WRITE_EXHAUSTED_PRIMALITY_UNASSIGNED,514,512,512,NO_RECORDED_FACTOR_PRP_OR_LL_RESULT_AND_NO_ACTIVE_GIMPS_ASSIGNMENT,2026-08-09T02:56:41+00:00,UNALLOCATED,,,,,
SLCMP1467-4147,4147,4148,509206349,2^509206349-1,STRUCTURAL_SCREEN_EXHAUSTED_PRIMALITY_UNASSIGNED,GF3A_DIRECTIONAL_WRITE_EXHAUSTED_PRIMALITY_UNASSIGNED,513,512,512,NO_RECORDED_FACTOR_PRP_OR_LL_RESULT_AND_NO_ACTIVE_GIMPS_ASSIGNMENT,2026-08-09T02:56:41+00:00,UNALLOCATED,,,,,
SLCMP1467-4148,4148,4149,509206427,2^509206427-1,STRUCTURAL_SCREEN_EXHAUSTED_PRIMALITY_UNASSIGNED,GF3A_DIRECTIONAL_WRITE_EXHAUSTED_PRIMALITY_UNASSIGNED,514,512,512,NO_RECORDED_FACTOR_PRP_OR_LL_RESULT_AND_NO_ACTIVE_GIMPS_ASSIGNMENT,2026-08-09T02:56:41+00:00,UNALLOCATED,,,,,
SLCMP1467-4149,4149,4150,509206567,2^509206567-1,STRUCTURAL_SCREEN_EXHAUSTED_PRIMALITY_UNASSIGNED,GF3A_DIRECTIONAL_WRITE_EXHAUSTED_PRIMALITY_UNASSIGNED,514,512,512,NO_RECORDED_FACTOR_PRP_OR_LL_RESULT_AND_NO_ACTIVE_GIMPS_ASSIGNMENT,2026-08-09T02:56:41+00:00,UNALLOCATED,,,,,
SLCMP1467-4150,4150,4151,509206583,2^509206583-1,STRUCTURAL_SCREEN_EXHAUSTED_PRIMALITY_UNASSIGNED,GF3A_DIRECTIONAL_WRITE_EXHAUSTED_PRIMALITY_UNASSIGNED,514,512,512,NO_RECORDED_FACTOR_PRP_OR_LL_RESULT_AND_NO_ACTIVE_GIMPS_ASSIGNMENT,2026-08-09T02:56:41+00:00,UNALLOCATED,,,,,
SLCMP1467-4151,4151,4152,509206703,2^509206703-1,STRUCTURAL_SCREEN_EXHAUSTED_PRIMALITY_UNASSIGNED,GF3A_DIRECTIONAL_WRITE_EXHAUSTED_PRIMALITY_UNASSIGNED,514,512,512,NO_RECORDED_FACTOR_PRP_OR_LL_RESULT_AND_NO_ACTIVE_GIMPS_ASSIGNMENT,2026-08-09T02:56:41+00:00,UNALLOCATED,,,,,
SLCMP1467-4152,4152,4153,509206741,2^509206741-1,STRUCTURAL_SCREEN_EXHAUSTED_PRIMALITY_UNASSIGNED,GF3A_DIRECTIONAL_WRITE_EXHAUSTED_PRIMALITY_UNASSIGNED,513,512,512,NO_RECORDED_FACTOR_PRP_OR_LL_RESULT_AND_NO_ACTIVE_GIMPS_ASSIGNMENT,2026-08-09T02:56:41+00:00,UNALLOCATED,,,,,
SLCMP1467-4153,4153,4154,509206777,2^509206777-1,STRUCTURAL_SCREEN_EXHAUSTED_PRIMALITY_UNASSIGNED,GF3A_DIRECTIONAL_WRITE_EXHAUSTED_PRIMALITY_UNASSIGNED,513,512,512,NO_RECORDED_FACTOR_PRP_OR_LL_RESULT_AND_NO_ACTIVE_GIMPS_ASSIGNMENT,2026-08-09T02:56:41+00:00,UNALLOCATED,,,,,
SLCMP1467-4154,4154,4155,509206781,2^509206781-1,STRUCTURAL_SCREEN_EXHAUSTED_PRIMALITY_UNASSIGNED,GF3A_DIRECTIONAL_WRITE_EXHAUSTED_PRIMALITY_UNASSIGNED,513,512,512,NO_RECORDED_FACTOR_PRP_OR_LL_RESULT_AND_NO_ACTIVE_GIMPS_ASSIGNMENT,2026-08-09T02:56:41+00:00,UNALLOCATED,,,,,
SLCMP1467-4155,4155,4156,509206811,2^509206811-1,STRUCTURAL_SCREEN_EXHAUSTED_PRIMALITY_UNASSIGNED,GF3A_DIRECTIONAL_WRITE_EXHAUSTED_PRIMALITY_UNASSIGNED,514,512,512,NO_RECORDED_FACTOR_PRP_OR_LL_RESULT_AND_NO_ACTIVE_GIMPS_ASSIGNMENT,2026-08-09T02:56:41+00:00,UNALLOCATED,,,,,
SLCMP1467-4156,4156,4157,509206829,2^509206829-1,STRUCTURAL_SCREEN_EXHAUSTED_PRIMALITY_UNASSIGNED,GF3A_DIRECTIONAL_WRITE_EXHAUSTED_PRIMALITY_UNASSIGNED,513,512,512,NO_RECORDED_FACTOR_PRP_OR_LL_RESULT_AND_NO_ACTIVE_GIMPS_ASSIGNMENT,2026-08-09T02:56:41+00:00,UNALLOCATED,,,,,
SLCMP1467-4157,4157,4158,509207009,2^509207009-1,STRUCTURAL_SCREEN_EXHAUSTED_PRIMALITY_UNASSIGNED,GF3A_DIRECTIONAL_WRITE_EXHAUSTED_PRIMALITY_UNASSIGNED,513,512,512,NO_RECORDED_FACTOR_PRP_OR_LL_RESULT_AND_NO_ACTIVE_GIMPS_ASSIGNMENT,2026-08-09T02:56:41+00:00,UNALLOCATED,,,,,
SLCMP1467-4158,4158,4159,509207021,2^509207021-1,STRUCTURAL_SCREEN_EXHAUSTED_PRIMALITY_UNASSIGNED,GF3A_DIRECTIONAL_WRITE_EXHAUSTED_PRIMALITY_UNASSIGNED,513,512,512,NO_RECORDED_FACTOR_PRP_OR_LL_RESULT_AND_NO_ACTIVE_GIMPS_ASSIGNMENT,2026-08-09T02:56:41+00:00,UNALLOCATED,,,,,
SLCMP1467-4159,4159,4160,509207063,2^509207063-1,STRUCTURAL_SCREEN_EXHAUSTED_PRIMALITY_UNASSIGNED,GF3A_DIRECTIONAL_WRITE_EXHAUSTED_PRIMALITY_UNASSIGNED,514,512,512,NO_RECORDED_FACTOR_PRP_OR_LL_RESULT_AND_NO_ACTIVE_GIMPS_ASSIGNMENT,2026-08-09T02:56:41+00:00,UNALLOCATED,,,,,
SLCMP1467-4160,4160,4161,509207099,2^509207099-1,STRUCTURAL_SCREEN_EXHAUSTED_PRIMALITY_UNASSIGNED,GF3A_DIRECTIONAL_WRITE_EXHAUSTED_PRIMALITY_UNASSIGNED,514,512,512,NO_RECORDED_FACTOR_PRP_OR_LL_RESULT_AND_NO_ACTIVE_GIMPS_ASSIGNMENT,2026-08-09T02:56:41+00:00,UNALLOCATED,,,,,
SLCMP1467-4161,4161,4162,509207113,2^509207113-1,STRUCTURAL_SCREEN_EXHAUSTED_PRIMALITY_UNASSIGNED,GF3A_DIRECTIONAL_WRITE_EXHAUSTED_PRIMALITY_UNASSIGNED,513,512,512,NO_RECORDED_FACTOR_PRP_OR_LL_RESULT_AND_NO_ACTIVE_GIMPS_ASSIGNMENT,2026-08-09T02:56:41+00:00,UNALLOCATED,,,,,
SLCMP1467-4162,4162,4163,509207123,2^509207123-1,STRUCTURAL_SCREEN_EXHAUSTED_PRIMALITY_UNASSIGNED,GF3A_DIRECTIONAL_WRITE_EXHAUSTED_PRIMALITY_UNASSIGNED,514,512,512,NO_RECORDED_FACTOR_PRP_OR_LL_RESULT_AND_NO_ACTIVE_GIMPS_ASSIGNMENT,2026-08-09T02:56:41+00:00,UNALLOCATED,,,,,
SLCMP1467-4163,4163,4164,509207131,2^509207131-1,STRUCTURAL_SCREEN_EXHAUSTED_PRIMALITY_UNASSIGNED,GF3A_DIRECTIONAL_WRITE_EXHAUSTED_PRIMALITY_UNASSIGNED,514,512,512,NO_RECORDED_FACTOR_PRP_OR_LL_RESULT_AND_NO_ACTIVE_GIMPS_ASSIGNMENT,2026-08-09T02:56:41+00:00,UNALLOCATED,,,,,
SLCMP1467-4164,4164,4165,509207159,2^509207159-1,STRUCTURAL_SCREEN_EXHAUSTED_PRIMALITY_UNASSIGNED,GF3A_DIRECTIONAL_WRITE_EXHAUSTED_PRIMALITY_UNASSIGNED,514,512,512,NO_RECORDED_FACTOR_PRP_OR_LL_RESULT_AND_NO_ACTIVE_GIMPS_ASSIGNMENT,2026-08-09T02:56:41+00:00,UNALLOCATED,,,,,
SLCMP1467-4165,4165,4166,509207203,2^509207203-1,STRUCTURAL_SCREEN_EXHAUSTED_PRIMALITY_UNASSIGNED,GF3A_DIRECTIONAL_WRITE_EXHAUSTED_PRIMALITY_UNASSIGNED,514,512,512,NO_RECORDED_FACTOR_PRP_OR_LL_RESULT_AND_NO_ACTIVE_GIMPS_ASSIGNMENT,2026-08-09T02:56:41+00:00,UNALLOCATED,,,,,
SLCMP1467-4166,4166,4167,509207221,2^509207221-1,STRUCTURAL_SCREEN_EXHAUSTED_PRIMALITY_UNASSIGNED,GF3A_DIRECTIONAL_WRITE_EXHAUSTED_PRIMALITY_UNASSIGNED,513,512,512,NO_RECORDED_FACTOR_PRP_OR_LL_RESULT_AND_NO_ACTIVE_GIMPS_ASSIGNMENT,2026-08-09T02:56:41+00:00,UNALLOCATED,,,,,
SLCMP1467-4167,4167,4168,509207227,2^509207227-1,STRUCTURAL_SCREEN_EXHAUSTED_PRIMALITY_UNASSIGNED,GF3A_DIRECTIONAL_WRITE_EXHAUSTED_PRIMALITY_UNASSIGNED,514,512,512,NO_RECORDED_FACTOR_PRP_OR_LL_RESULT_AND_NO_ACTIVE_GIMPS_ASSIGNMENT,2026-08-09T02:56:41+00:00,UNALLOCATED,,,,,
SLCMP1467-4168,4168,4169,509207459,2^509207459-1,STRUCTURAL_SCREEN_EXHAUSTED_PRIMALITY_UNASSIGNED,GF3A_DIRECTIONAL_WRITE_EXHAUSTED_PRIMALITY_UNASSIGNED,514,512,512,NO_RECORDED_FACTOR_PRP_OR_LL_RESULT_AND_NO_ACTIVE_GIMPS_ASSIGNMENT,2026-08-09T02:56:41+00:00,UNALLOCATED,,,,,
SLCMP1467-4169,4169,4170,509207539,2^509207539-1,STRUCTURAL_SCREEN_EXHAUSTED_PRIMALITY_UNASSIGNED,GF3A_DIRECTIONAL_WRITE_EXHAUSTED_PRIMALITY_UNASSIGNED,514,512,512,NO_RECORDED_FACTOR_PRP_OR_LL_RESULT_AND_NO_ACTIVE_GIMPS_ASSIGNMENT,2026-08-09T02:56:41+00:00,UNALLOCATED,,,,,
SLCMP1467-4170,4170,4171,509207593,2^509207593-1,STRUCTURAL_SCREEN_EXHAUSTED_PRIMALITY_UNASSIGNED,GF3A_DIRECTIONAL_WRITE_EXHAUSTED_PRIMALITY_UNASSIGNED,513,512,512,NO_RECORDED_FACTOR_PRP_OR_LL_RESULT_AND_NO_ACTIVE_GIMPS_ASSIGNMENT,2026-08-09T02:56:41+00:00,UNALLOCATED,,,,,
SLCMP1467-4171,4171,4172,509207641,2^509207641-1,STRUCTURAL_SCREEN_EXHAUSTED_PRIMALITY_UNASSIGNED,GF3A_DIRECTIONAL_WRITE_EXHAUSTED_PRIMALITY_UNASSIGNED,513,512,512,NO_RECORDED_FACTOR_PRP_OR_LL_RESULT_AND_NO_ACTIVE_GIMPS_ASSIGNMENT,2026-08-09T02:56:41+00:00,UNALLOCATED,,,,,
SLCMP1467-4172,4172,4173,509207663,2^509207663-1,STRUCTURAL_SCREEN_EXHAUSTED_PRIMALITY_UNASSIGNED,GF3A_DIRECTIONAL_WRITE_EXHAUSTED_PRIMALITY_UNASSIGNED,514,512,512,NO_RECORDED_FACTOR_PRP_OR_LL_RESULT_AND_NO_ACTIVE_GIMPS_ASSIGNMENT,2026-08-09T02:56:41+00:00,UNALLOCATED,,,,,
SLCMP1467-4173,4173,4174,509207689,2^509207689-1,STRUCTURAL_SCREEN_EXHAUSTED_PRIMALITY_UNASSIGNED,GF3A_DIRECTIONAL_WRITE_EXHAUSTED_PRIMALITY_UNASSIGNED,513,512,512,NO_RECORDED_FACTOR_PRP_OR_LL_RESULT_AND_NO_ACTIVE_GIMPS_ASSIGNMENT,2026-08-09T02:56:41+00:00,UNALLOCATED,,,,,
SLCMP1467-4174,4174,4175,509207717,2^509207717-1,STRUCTURAL_SCREEN_EXHAUSTED_PRIMALITY_UNASSIGNED,GF3A_DIRECTIONAL_WRITE_EXHAUSTED_PRIMALITY_UNASSIGNED,513,512,512,NO_RECORDED_FACTOR_PRP_OR_LL_RESULT_AND_NO_ACTIVE_GIMPS_ASSIGNMENT,2026-08-09T02:56:41+00:00,UNALLOCATED,,,,,
SLCMP1467-4175,4175,4176,509207731,2^509207731-1,STRUCTURAL_SCREEN_EXHAUSTED_PRIMALITY_UNASSIGNED,GF3A_DIRECTIONAL_WRITE_EXHAUSTED_PRIMALITY_UNASSIGNED,514,512,512,NO_RECORDED_FACTOR_PRP_OR_LL_RESULT_AND_NO_ACTIVE_GIMPS_ASSIGNMENT,2026-08-09T02:56:41+00:00,UNALLOCATED,,,,,
SLCMP1467-4176,4176,4177,509207747,2^509207747-1,STRUCTURAL_SCREEN_EXHAUSTED_PRIMALITY_UNASSIGNED,GF3A_DIRECTIONAL_WRITE_EXHAUSTED_PRIMALITY_UNASSIGNED,514,512,512,NO_RECORDED_FACTOR_PRP_OR_LL_RESULT_AND_NO_ACTIVE_GIMPS_ASSIGNMENT,2026-08-09T02:56:41+00:00,UNALLOCATED,,,,,
SLCMP1467-4177,4177,4178,509207861,2^509207861-1,STRUCTURAL_SCREEN_EXHAUSTED_PRIMALITY_UNASSIGNED,GF3A_DIRECTIONAL_WRITE_EXHAUSTED_PRIMALITY_UNASSIGNED,513,512,512,NO_RECORDED_FACTOR_PRP_OR_LL_RESULT_AND_NO_ACTIVE_GIMPS_ASSIGNMENT,2026-08-09T02:56:41+00:00,UNALLOCATED,,,,,
SLCMP1467-4178,4178,4179,509207899,2^509207899-1,STRUCTURAL_SCREEN_EXHAUSTED_PRIMALITY_UNASSIGNED,GF3A_DIRECTIONAL_WRITE_EXHAUSTED_PRIMALITY_UNASSIGNED,514,512,512,NO_RECORDED_FACTOR_PRP_OR_LL_RESULT_AND_NO_ACTIVE_GIMPS_ASSIGNMENT,2026-08-09T02:56:41+00:00,UNALLOCATED,,,,,
SLCMP1467-4179,4179,4180,509207911,2^509207911-1,STRUCTURAL_SCREEN_EXHAUSTED_PRIMALITY_UNASSIGNED,GF3A_DIRECTIONAL_WRITE_EXHAUSTED_PRIMALITY_UNASSIGNED,514,512,512,NO_RECORDED_FACTOR_PRP_OR_LL_RESULT_AND_NO_ACTIVE_GIMPS_ASSIGNMENT,2026-08-09T02:56:41+00:00,UNALLOCATED,,,,,
SLCMP1467-4180,4180,4181,509207929,2^509207929-1,STRUCTURAL_SCREEN_EXHAUSTED_PRIMALITY_UNASSIGNED,GF3A_DIRECTIONAL_WRITE_EXHAUSTED_PRIMALITY_UNASSIGNED,513,512,512,NO_RECORDED_FACTOR_PRP_OR_LL_RESULT_AND_NO_ACTIVE_GIMPS_ASSIGNMENT,2026-08-09T02:56:41+00:00,UNALLOCATED,,,,,
SLCMP1467-4181,4181,4182,509207957,2^509207957-1,STRUCTURAL_SCREEN_EXHAUSTED_PRIMALITY_UNASSIGNED,GF3A_DIRECTIONAL_WRITE_EXHAUSTED_PRIMALITY_UNASSIGNED,513,512,512,NO_RECORDED_FACTOR_PRP_OR_LL_RESULT_AND_NO_ACTIVE_GIMPS_ASSIGNMENT,2026-08-09T02:56:41+00:00,UNALLOCATED,,,,,
SLCMP1467-4182,4182,4183,509208031,2^509208031-1,STRUCTURAL_SCREEN_EXHAUSTED_PRIMALITY_UNASSIGNED,GF3A_DIRECTIONAL_WRITE_EXHAUSTED_PRIMALITY_UNASSIGNED,514,512,512,NO_RECORDED_FACTOR_PRP_OR_LL_RESULT_AND_NO_ACTIVE_GIMPS_ASSIGNMENT,2026-08-09T02:56:41+00:00,UNALLOCATED,,,,,
SLCMP1467-4183,4183,4184,509208059,2^509208059-1,STRUCTURAL_SCREEN_EXHAUSTED_PRIMALITY_UNASSIGNED,GF3A_DIRECTIONAL_WRITE_EXHAUSTED_PRIMALITY_UNASSIGNED,514,512,512,NO_RECORDED_FACTOR_PRP_OR_LL_RESULT_AND_NO_ACTIVE_GIMPS_ASSIGNMENT,2026-08-09T02:56:41+00:00,UNALLOCATED,,,,,
SLCMP1467-4184,4184,4185,509208121,2^509208121-1,STRUCTURAL_SCREEN_EXHAUSTED_PRIMALITY_UNASSIGNED,GF3A_DIRECTIONAL_WRITE_EXHAUSTED_PRIMALITY_UNASSIGNED,513,512,512,NO_RECORDED_FACTOR_PRP_OR_LL_RESULT_AND_NO_ACTIVE_GIMPS_ASSIGNMENT,2026-08-09T02:56:41+00:00,UNALLOCATED,,,,,
SLCMP1467-4185,4185,4186,509208131,2^509208131-1,STRUCTURAL_SCREEN_EXHAUSTED_PRIMALITY_UNASSIGNED,GF3A_DIRECTIONAL_WRITE_EXHAUSTED_PRIMALITY_UNASSIGNED,514,512,512,NO_RECORDED_FACTOR_PRP_OR_LL_RESULT_AND_NO_ACTIVE_GIMPS_ASSIGNMENT,2026-08-09T02:56:41+00:00,UNALLOCATED,,,,,
SLCMP1467-4186,4186,4187,509208143,2^509208143-1,STRUCTURAL_SCREEN_EXHAUSTED_PRIMALITY_UNASSIGNED,GF3A_DIRECTIONAL_WRITE_EXHAUSTED_PRIMALITY_UNASSIGNED,514,512,512,NO_RECORDED_FACTOR_PRP_OR_LL_RESULT_AND_NO_ACTIVE_GIMPS_ASSIGNMENT,2026-08-09T02:56:41+00:00,UNALLOCATED,,,,,
SLCMP1467-4187,4187,4188,509208229,2^509208229-1,STRUCTURAL_SCREEN_EXHAUSTED_PRIMALITY_UNASSIGNED,GF3A_DIRECTIONAL_WRITE_EXHAUSTED_PRIMALITY_UNASSIGNED,513,512,512,NO_RECORDED_FACTOR_PRP_OR_LL_RESULT_AND_NO_ACTIVE_GIMPS_ASSIGNMENT,2026-08-09T02:56:41+00:00,UNALLOCATED,,,,,
SLCMP1467-4188,4188,4189,509208283,2^509208283-1,STRUCTURAL_SCREEN_EXHAUSTED_PRIMALITY_UNASSIGNED,GF3A_DIRECTIONAL_WRITE_EXHAUSTED_PRIMALITY_UNASSIGNED,514,512,512,NO_RECORDED_FACTOR_PRP_OR_LL_RESULT_AND_NO_ACTIVE_GIMPS_ASSIGNMENT,2026-08-09T02:56:41+00:00,UNALLOCATED,,,,,
SLCMP1467-4189,4189,4190,509208307,2^509208307-1,STRUCTURAL_SCREEN_EXHAUSTED_PRIMALITY_UNASSIGNED,GF3A_DIRECTIONAL_WRITE_EXHAUSTED_PRIMALITY_UNASSIGNED,514,512,512,NO_RECORDED_FACTOR_PRP_OR_LL_RESULT_AND_NO_ACTIVE_GIMPS_ASSIGNMENT,2026-08-09T02:56:41+00:00,UNALLOCATED,,,,,
SLCMP1467-4190,4190,4191,509208377,2^509208377-1,STRUCTURAL_SCREEN_EXHAUSTED_PRIMALITY_UNASSIGNED,GF3A_DIRECTIONAL_WRITE_EXHAUSTED_PRIMALITY_UNASSIGNED,513,512,512,NO_RECORDED_FACTOR_PRP_OR_LL_RESULT_AND_NO_ACTIVE_GIMPS_ASSIGNMENT,2026-08-09T02:56:41+00:00,UNALLOCATED,,,,,
SLCMP1467-4191,4191,4192,509208407,2^509208407-1,STRUCTURAL_SCREEN_EXHAUSTED_PRIMALITY_UNASSIGNED,GF3A_DIRECTIONAL_WRITE_EXHAUSTED_PRIMALITY_UNASSIGNED,514,512,512,NO_RECORDED_FACTOR_PRP_OR_LL_RESULT_AND_NO_ACTIVE_GIMPS_ASSIGNMENT,2026-08-09T02:56:41+00:00,UNALLOCATED,,,,,
SLCMP1467-4192,4192,4193,509208457,2^509208457-1,STRUCTURAL_SCREEN_EXHAUSTED_PRIMALITY_UNASSIGNED,GF3A_DIRECTIONAL_WRITE_EXHAUSTED_PRIMALITY_UNASSIGNED,513,512,512,NO_RECORDED_FACTOR_PRP_OR_LL_RESULT_AND_NO_ACTIVE_GIMPS_ASSIGNMENT,2026-08-09T02:56:41+00:00,UNALLOCATED,,,,,
SLCMP1467-4193,4193,4194,509208473,2^509208473-1,STRUCTURAL_SCREEN_EXHAUSTED_PRIMALITY_UNASSIGNED,GF3A_DIRECTIONAL_WRITE_EXHAUSTED_PRIMALITY_UNASSIGNED,513,512,512,NO_RECORDED_FACTOR_PRP_OR_LL_RESULT_AND_NO_ACTIVE_GIMPS_ASSIGNMENT,2026-08-09T02:56:41+00:00,UNALLOCATED,,,,,
SLCMP1467-4194,4194,4195,509208499,2^509208499-1,STRUCTURAL_SCREEN_EXHAUSTED_PRIMALITY_UNASSIGNED,GF3A_DIRECTIONAL_WRITE_EXHAUSTED_PRIMALITY_UNASSIGNED,514,512,512,NO_RECORDED_FACTOR_PRP_OR_LL_RESULT_AND_NO_ACTIVE_GIMPS_ASSIGNMENT,2026-08-09T02:56:41+00:00,UNALLOCATED,,,,,
SLCMP1467-4195,4195,4196,509208571,2^509208571-1,STRUCTURAL_SCREEN_EXHAUSTED_PRIMALITY_UNASSIGNED,GF3A_DIRECTIONAL_WRITE_EXHAUSTED_PRIMALITY_UNASSIGNED,514,512,512,NO_RECORDED_FACTOR_PRP_OR_LL_RESULT_AND_NO_ACTIVE_GIMPS_ASSIGNMENT,2026-08-09T02:56:41+00:00,UNALLOCATED,,,,,
SLCMP1467-4196,4196,4197,509208617,2^509208617-1,STRUCTURAL_SCREEN_EXHAUSTED_PRIMALITY_UNASSIGNED,GF3A_DIRECTIONAL_WRITE_EXHAUSTED_PRIMALITY_UNASSIGNED,513,512,512,NO_RECORDED_FACTOR_PRP_OR_LL_RESULT_AND_NO_ACTIVE_GIMPS_ASSIGNMENT,2026-08-09T02:56:41+00:00,UNALLOCATED,,,,,
SLCMP1467-4197,4197,4198,509208737,2^509208737-1,STRUCTURAL_SCREEN_EXHAUSTED_PRIMALITY_UNASSIGNED,GF3A_DIRECTIONAL_WRITE_EXHAUSTED_PRIMALITY_UNASSIGNED,513,512,512,NO_RECORDED_FACTOR_PRP_OR_LL_RESULT_AND_NO_ACTIVE_GIMPS_ASSIGNMENT,2026-08-09T02:56:41+00:00,UNALLOCATED,,,,,
SLCMP1467-4198,4198,4199,509208757,2^509208757-1,STRUCTURAL_SCREEN_EXHAUSTED_PRIMALITY_UNASSIGNED,GF3A_DIRECTIONAL_WRITE_EXHAUSTED_PRIMALITY_UNASSIGNED,513,512,512,NO_RECORDED_FACTOR_PRP_OR_LL_RESULT_AND_NO_ACTIVE_GIMPS_ASSIGNMENT,2026-08-09T02:56:41+00:00,UNALLOCATED,,,,,
SLCMP1467-4199,4199,4200,509208787,2^509208787-1,STRUCTURAL_SCREEN_EXHAUSTED_PRIMALITY_UNASSIGNED,GF3A_DIRECTIONAL_WRITE_EXHAUSTED_PRIMALITY_UNASSIGNED,514,512,512,NO_RECORDED_FACTOR_PRP_OR_LL_RESULT_AND_NO_ACTIVE_GIMPS_ASSIGNMENT,2026-08-09T02:56:41+00:00,UNALLOCATED,,,,,
SLCMP1467-4200,4200,4201,509208809,2^509208809-1,STRUCTURAL_SCREEN_EXHAUSTED_PRIMALITY_UNASSIGNED,GF3A_DIRECTIONAL_WRITE_EXHAUSTED_PRIMALITY_UNASSIGNED,513,512,512,NO_RECORDED_FACTOR_PRP_OR_LL_RESULT_AND_NO_ACTIVE_GIMPS_ASSIGNMENT,2026-08-09T02:56:41+00:00,UNALLOCATED,,,,,
SLCMP1467-4201,4201,4202,509208839,2^509208839-1,STRUCTURAL_SCREEN_EXHAUSTED_PRIMALITY_UNASSIGNED,GF3A_DIRECTIONAL_WRITE_EXHAUSTED_PRIMALITY_UNASSIGNED,514,512,512,NO_RECORDED_FACTOR_PRP_OR_LL_RESULT_AND_NO_ACTIVE_GIMPS_ASSIGNMENT,2026-08-09T02:56:41+00:00,UNALLOCATED,,,,,
SLCMP1467-4202,4202,4203,509208899,2^509208899-1,STRUCTURAL_SCREEN_EXHAUSTED_PRIMALITY_UNASSIGNED,GF3A_DIRECTIONAL_WRITE_EXHAUSTED_PRIMALITY_UNASSIGNED,514,512,512,NO_RECORDED_FACTOR_PRP_OR_LL_RESULT_AND_NO_ACTIVE_GIMPS_ASSIGNMENT,2026-08-09T02:56:41+00:00,UNALLOCATED,,,,,
SLCMP1467-4203,4203,4204,509208943,2^509208943-1,STRUCTURAL_SCREEN_EXHAUSTED_PRIMALITY_UNASSIGNED,GF3A_DIRECTIONAL_WRITE_EXHAUSTED_PRIMALITY_UNASSIGNED,514,512,512,NO_RECORDED_FACTOR_PRP_OR_LL_RESULT_AND_NO_ACTIVE_GIMPS_ASSIGNMENT,2026-08-09T02:56:41+00:00,UNALLOCATED,,,,,
SLCMP1467-4204,4204,4205,509209021,2^509209021-1,STRUCTURAL_SCREEN_EXHAUSTED_PRIMALITY_UNASSIGNED,GF3A_DIRECTIONAL_WRITE_EXHAUSTED_PRIMALITY_UNASSIGNED,513,512,512,NO_RECORDED_FACTOR_PRP_OR_LL_RESULT_AND_NO_ACTIVE_GIMPS_ASSIGNMENT,2026-08-09T02:56:41+00:00,UNALLOCATED,,,,,
SLCMP1467-4205,4205,4206,509209037,2^509209037-1,STRUCTURAL_SCREEN_EXHAUSTED_PRIMALITY_UNASSIGNED,GF3A_DIRECTIONAL_WRITE_EXHAUSTED_PRIMALITY_UNASSIGNED,513,512,512,NO_RECORDED_FACTOR_PRP_OR_LL_RESULT_AND_NO_ACTIVE_GIMPS_ASSIGNMENT,2026-08-09T02:56:41+00:00,UNALLOCATED,,,,,
SLCMP1467-4206,4206,4207,509209157,2^509209157-1,STRUCTURAL_SCREEN_EXHAUSTED_PRIMALITY_UNASSIGNED,GF3A_DIRECTIONAL_WRITE_EXHAUSTED_PRIMALITY_UNASSIGNED,513,512,512,NO_RECORDED_FACTOR_PRP_OR_LL_RESULT_AND_NO_ACTIVE_GIMPS_ASSIGNMENT,2026-08-09T02:56:41+00:00,UNALLOCATED,,,,,
SLCMP1467-4207,4207,4208,509209201,2^509209201-1,STRUCTURAL_SCREEN_EXHAUSTED_PRIMALITY_UNASSIGNED,GF3A_DIRECTIONAL_WRITE_EXHAUSTED_PRIMALITY_UNASSIGNED,513,512,512,NO_RECORDED_FACTOR_PRP_OR_LL_RESULT_AND_NO_ACTIVE_GIMPS_ASSIGNMENT,2026-08-09T02:56:41+00:00,UNALLOCATED,,,,,
SLCMP1467-4208,4208,4209,509209243,2^509209243-1,STRUCTURAL_SCREEN_EXHAUSTED_PRIMALITY_UNASSIGNED,GF3A_DIRECTIONAL_WRITE_EXHAUSTED_PRIMALITY_UNASSIGNED,514,512,512,NO_RECORDED_FACTOR_PRP_OR_LL_RESULT_AND_NO_ACTIVE_GIMPS_ASSIGNMENT,2026-08-09T02:56:41+00:00,UNALLOCATED,,,,,
SLCMP1467-4209,4209,4210,509209321,2^509209321-1,STRUCTURAL_SCREEN_EXHAUSTED_PRIMALITY_UNASSIGNED,GF3A_DIRECTIONAL_WRITE_EXHAUSTED_PRIMALITY_UNASSIGNED,513,512,512,NO_RECORDED_FACTOR_PRP_OR_LL_RESULT_AND_NO_ACTIVE_GIMPS_ASSIGNMENT,2026-08-09T02:56:41+00:00,UNALLOCATED,,,,,
SLCMP1467-4210,4210,4211,509209331,2^509209331-1,STRUCTURAL_SCREEN_EXHAUSTED_PRIMALITY_UNASSIGNED,GF3A_DIRECTIONAL_WRITE_EXHAUSTED_PRIMALITY_UNASSIGNED,514,512,512,NO_RECORDED_FACTOR_PRP_OR_LL_RESULT_AND_NO_ACTIVE_GIMPS_ASSIGNMENT,2026-08-09T02:56:41+00:00,UNALLOCATED,,,,,
SLCMP1467-4211,4211,4212,509209417,2^509209417-1,STRUCTURAL_SCREEN_EXHAUSTED_PRIMALITY_UNASSIGNED,GF3A_DIRECTIONAL_WRITE_EXHAUSTED_PRIMALITY_UNASSIGNED,513,512,512,NO_RECORDED_FACTOR_PRP_OR_LL_RESULT_AND_NO_ACTIVE_GIMPS_ASSIGNMENT,2026-08-09T02:56:41+00:00,UNALLOCATED,,,,,
SLCMP1467-4212,4212,4213,509209423,2^509209423-1,STRUCTURAL_SCREEN_EXHAUSTED_PRIMALITY_UNASSIGNED,GF3A_DIRECTIONAL_WRITE_EXHAUSTED_PRIMALITY_UNASSIGNED,514,512,512,NO_RECORDED_FACTOR_PRP_OR_LL_RESULT_AND_NO_ACTIVE_GIMPS_ASSIGNMENT,2026-08-09T02:56:41+00:00,UNALLOCATED,,,,,
SLCMP1467-4213,4213,4214,509209433,2^509209433-1,STRUCTURAL_SCREEN_EXHAUSTED_PRIMALITY_UNASSIGNED,GF3A_DIRECTIONAL_WRITE_EXHAUSTED_PRIMALITY_UNASSIGNED,513,512,512,NO_RECORDED_FACTOR_PRP_OR_LL_RESULT_AND_NO_ACTIVE_GIMPS_ASSIGNMENT,2026-08-09T02:56:41+00:00,UNALLOCATED,,,,,
SLCMP1467-4214,4214,4215,509209511,2^509209511-1,STRUCTURAL_SCREEN_EXHAUSTED_PRIMALITY_UNASSIGNED,GF3A_DIRECTIONAL_WRITE_EXHAUSTED_PRIMALITY_UNASSIGNED,514,512,512,NO_RECORDED_FACTOR_PRP_OR_LL_RESULT_AND_NO_ACTIVE_GIMPS_ASSIGNMENT,2026-08-09T02:56:41+00:00,UNALLOCATED,,,,,
SLCMP1467-4215,4215,4216,509209543,2^509209543-1,STRUCTURAL_SCREEN_EXHAUSTED_PRIMALITY_UNASSIGNED,GF3A_DIRECTIONAL_WRITE_EXHAUSTED_PRIMALITY_UNASSIGNED,514,512,512,NO_RECORDED_FACTOR_PRP_OR_LL_RESULT_AND_NO_ACTIVE_GIMPS_ASSIGNMENT,2026-08-09T02:56:41+00:00,UNALLOCATED,,,,,
SLCMP1467-4216,4216,4217,509209559,2^509209559-1,STRUCTURAL_SCREEN_EXHAUSTED_PRIMALITY_UNASSIGNED,GF3A_DIRECTIONAL_WRITE_EXHAUSTED_PRIMALITY_UNASSIGNED,514,512,512,NO_RECORDED_FACTOR_PRP_OR_LL_RESULT_AND_NO_ACTIVE_GIMPS_ASSIGNMENT,2026-08-09T02:56:41+00:00,UNALLOCATED,,,,,
SLCMP1467-4217,4217,4218,509209663,2^509209663-1,STRUCTURAL_SCREEN_EXHAUSTED_PRIMALITY_UNASSIGNED,GF3A_DIRECTIONAL_WRITE_EXHAUSTED_PRIMALITY_UNASSIGNED,514,512,512,NO_RECORDED_FACTOR_PRP_OR_LL_RESULT_AND_NO_ACTIVE_GIMPS_ASSIGNMENT,2026-08-09T02:56:41+00:00,UNALLOCATED,,,,,
SLCMP1467-4218,4218,4219,509209669,2^509209669-1,STRUCTURAL_SCREEN_EXHAUSTED_PRIMALITY_UNASSIGNED,GF3A_DIRECTIONAL_WRITE_EXHAUSTED_PRIMALITY_UNASSIGNED,513,512,512,NO_RECORDED_FACTOR_PRP_OR_LL_RESULT_AND_NO_ACTIVE_GIMPS_ASSIGNMENT,2026-08-09T02:56:41+00:00,UNALLOCATED,,,,,
SLCMP1467-4219,4219,4220,509209783,2^509209783-1,STRUCTURAL_SCREEN_EXHAUSTED_PRIMALITY_UNASSIGNED,GF3A_DIRECTIONAL_WRITE_EXHAUSTED_PRIMALITY_UNASSIGNED,514,512,512,NO_RECORDED_FACTOR_PRP_OR_LL_RESULT_AND_NO_ACTIVE_GIMPS_ASSIGNMENT,2026-08-09T02:56:41+00:00,UNALLOCATED,,,,,
SLCMP1467-4220,4220,4221,509209793,2^509209793-1,STRUCTURAL_SCREEN_EXHAUSTED_PRIMALITY_UNASSIGNED,GF3A_DIRECTIONAL_WRITE_EXHAUSTED_PRIMALITY_UNASSIGNED,513,512,512,NO_RECORDED_FACTOR_PRP_OR_LL_RESULT_AND_NO_ACTIVE_GIMPS_ASSIGNMENT,2026-08-09T02:56:41+00:00,UNALLOCATED,,,,,
SLCMP1467-4221,4221,4222,509209837,2^509209837-1,STRUCTURAL_SCREEN_EXHAUSTED_PRIMALITY_UNASSIGNED,GF3A_DIRECTIONAL_WRITE_EXHAUSTED_PRIMALITY_UNASSIGNED,513,512,512,NO_RECORDED_FACTOR_PRP_OR_LL_RESULT_AND_NO_ACTIVE_GIMPS_ASSIGNMENT,2026-08-09T02:56:41+00:00,UNALLOCATED,,,,,
SLCMP1467-4222,4222,4223,509209853,2^509209853-1,STRUCTURAL_SCREEN_EXHAUSTED_PRIMALITY_UNASSIGNED,GF3A_DIRECTIONAL_WRITE_EXHAUSTED_PRIMALITY_UNASSIGNED,513,512,512,NO_RECORDED_FACTOR_PRP_OR_LL_RESULT_AND_NO_ACTIVE_GIMPS_ASSIGNMENT,2026-08-09T02:56:41+00:00,UNALLOCATED,,,,,
SLCMP1467-4223,4223,4224,509209859,2^509209859-1,STRUCTURAL_SCREEN_EXHAUSTED_PRIMALITY_UNASSIGNED,GF3A_DIRECTIONAL_WRITE_EXHAUSTED_PRIMALITY_UNASSIGNED,514,512,512,NO_RECORDED_FACTOR_PRP_OR_LL_RESULT_AND_NO_ACTIVE_GIMPS_ASSIGNMENT,2026-08-09T02:56:41+00:00,UNALLOCATED,,,,,
SLCMP1467-4224,4224,4225,509209889,2^509209889-1,STRUCTURAL_SCREEN_EXHAUSTED_PRIMALITY_UNASSIGNED,GF3A_DIRECTIONAL_WRITE_EXHAUSTED_PRIMALITY_UNASSIGNED,513,512,512,NO_RECORDED_FACTOR_PRP_OR_LL_RESULT_AND_NO_ACTIVE_GIMPS_ASSIGNMENT,2026-08-09T02:56:41+00:00,UNALLOCATED,,,,,
SLCMP1467-4225,4225,4226,509209907,2^509209907-1,STRUCTURAL_SCREEN_EXHAUSTED_PRIMALITY_UNASSIGNED,GF3A_DIRECTIONAL_WRITE_EXHAUSTED_PRIMALITY_UNASSIGNED,514,512,512,NO_RECORDED_FACTOR_PRP_OR_LL_RESULT_AND_NO_ACTIVE_GIMPS_ASSIGNMENT,2026-08-09T02:56:41+00:00,UNALLOCATED,,,,,
SLCMP1467-4226,4226,4227,509209951,2^509209951-1,STRUCTURAL_SCREEN_EXHAUSTED_PRIMALITY_UNASSIGNED,GF3A_DIRECTIONAL_WRITE_EXHAUSTED_PRIMALITY_UNASSIGNED,514,512,512,NO_RECORDED_FACTOR_PRP_OR_LL_RESULT_AND_NO_ACTIVE_GIMPS_ASSIGNMENT,2026-08-09T02:56:41+00:00,UNALLOCATED,,,,,
SLCMP1467-4227,4227,4228,509209963,2^509209963-1,STRUCTURAL_SCREEN_EXHAUSTED_PRIMALITY_UNASSIGNED,GF3A_DIRECTIONAL_WRITE_EXHAUSTED_PRIMALITY_UNASSIGNED,514,512,512,NO_RECORDED_FACTOR_PRP_OR_LL_RESULT_AND_NO_ACTIVE_GIMPS_ASSIGNMENT,2026-08-09T02:56:41+00:00,UNALLOCATED,,,,,
SLCMP1467-4228,4228,4229,509209991,2^509209991-1,STRUCTURAL_SCREEN_EXHAUSTED_PRIMALITY_UNASSIGNED,GF3A_DIRECTIONAL_WRITE_EXHAUSTED_PRIMALITY_UNASSIGNED,514,512,512,NO_RECORDED_FACTOR_PRP_OR_LL_RESULT_AND_NO_ACTIVE_GIMPS_ASSIGNMENT,2026-08-09T02:56:41+00:00,UNALLOCATED,,,,,
SLCMP1467-4229,4229,4230,509210003,2^509210003-1,STRUCTURAL_SCREEN_EXHAUSTED_PRIMALITY_UNASSIGNED,GF3A_DIRECTIONAL_WRITE_EXHAUSTED_PRIMALITY_UNASSIGNED,514,512,512,NO_RECORDED_FACTOR_PRP_OR_LL_RESULT_AND_NO_ACTIVE_GIMPS_ASSIGNMENT,2026-08-09T02:56:41+00:00,UNALLOCATED,,,,,
SLCMP1467-4230,4230,4231,509210077,2^509210077-1,STRUCTURAL_SCREEN_EXHAUSTED_PRIMALITY_UNASSIGNED,GF3A_DIRECTIONAL_WRITE_EXHAUSTED_PRIMALITY_UNASSIGNED,513,512,512,NO_RECORDED_FACTOR_PRP_OR_LL_RESULT_AND_NO_ACTIVE_GIMPS_ASSIGNMENT,2026-08-09T02:56:41+00:00,UNALLOCATED,,,,,
SLCMP1467-4231,4231,4232,509210081,2^509210081-1,STRUCTURAL_SCREEN_EXHAUSTED_PRIMALITY_UNASSIGNED,GF3A_DIRECTIONAL_WRITE_EXHAUSTED_PRIMALITY_UNASSIGNED,513,512,512,NO_RECORDED_FACTOR_PRP_OR_LL_RESULT_AND_NO_ACTIVE_GIMPS_ASSIGNMENT,2026-08-09T02:56:41+00:00,UNALLOCATED,,,,,
SLCMP1467-4232,4232,4233,509210137,2^509210137-1,STRUCTURAL_SCREEN_EXHAUSTED_PRIMALITY_UNASSIGNED,GF3A_DIRECTIONAL_WRITE_EXHAUSTED_PRIMALITY_UNASSIGNED,513,512,512,NO_RECORDED_FACTOR_PRP_OR_LL_RESULT_AND_NO_ACTIVE_GIMPS_ASSIGNMENT,2026-08-09T02:56:41+00:00,UNALLOCATED,,,,,
SLCMP1467-4233,4233,4234,509210147,2^509210147-1,STRUCTURAL_SCREEN_EXHAUSTED_PRIMALITY_UNASSIGNED,GF3A_DIRECTIONAL_WRITE_EXHAUSTED_PRIMALITY_UNASSIGNED,514,512,512,NO_RECORDED_FACTOR_PRP_OR_LL_RESULT_AND_NO_ACTIVE_GIMPS_ASSIGNMENT,2026-08-09T02:56:41+00:00,UNALLOCATED,,,,,
SLCMP1467-4234,4234,4235,509210239,2^509210239-1,STRUCTURAL_SCREEN_EXHAUSTED_PRIMALITY_UNASSIGNED,GF3A_DIRECTIONAL_WRITE_EXHAUSTED_PRIMALITY_UNASSIGNED,514,512,512,NO_RECORDED_FACTOR_PRP_OR_LL_RESULT_AND_NO_ACTIVE_GIMPS_ASSIGNMENT,2026-08-09T02:56:41+00:00,UNALLOCATED,,,,,
SLCMP1467-4235,4235,4236,509210323,2^509210323-1,STRUCTURAL_SCREEN_EXHAUSTED_PRIMALITY_UNASSIGNED,GF3A_DIRECTIONAL_WRITE_EXHAUSTED_PRIMALITY_UNASSIGNED,514,512,512,NO_RECORDED_FACTOR_PRP_OR_LL_RESULT_AND_NO_ACTIVE_GIMPS_ASSIGNMENT,2026-08-09T02:56:41+00:00,UNALLOCATED,,,,,
SLCMP1467-4236,4236,4237,509210357,2^509210357-1,STRUCTURAL_SCREEN_EXHAUSTED_PRIMALITY_UNASSIGNED,GF3A_DIRECTIONAL_WRITE_EXHAUSTED_PRIMALITY_UNASSIGNED,513,512,512,NO_RECORDED_FACTOR_PRP_OR_LL_RESULT_AND_NO_ACTIVE_GIMPS_ASSIGNMENT,2026-08-09T02:56:41+00:00,UNALLOCATED,,,,,
SLCMP1467-4237,4237,4238,509210369,2^509210369-1,STRUCTURAL_SCREEN_EXHAUSTED_PRIMALITY_UNASSIGNED,GF3A_DIRECTIONAL_WRITE_EXHAUSTED_PRIMALITY_UNASSIGNED,513,512,512,NO_RECORDED_FACTOR_PRP_OR_LL_RESULT_AND_NO_ACTIVE_GIMPS_ASSIGNMENT,2026-08-09T02:56:41+00:00,UNALLOCATED,,,,,
SLCMP1467-4238,4238,4239,509210573,2^509210573-1,STRUCTURAL_SCREEN_EXHAUSTED_PRIMALITY_UNASSIGNED,GF3A_DIRECTIONAL_WRITE_EXHAUSTED_PRIMALITY_UNASSIGNED,513,512,512,NO_RECORDED_FACTOR_PRP_OR_LL_RESULT_AND_NO_ACTIVE_GIMPS_ASSIGNMENT,2026-08-09T02:56:41+00:00,UNALLOCATED,,,,,
SLCMP1467-4239,4239,4240,509210627,2^509210627-1,STRUCTURAL_SCREEN_EXHAUSTED_PRIMALITY_UNASSIGNED,GF3A_DIRECTIONAL_WRITE_EXHAUSTED_PRIMALITY_UNASSIGNED,514,512,512,NO_RECORDED_FACTOR_PRP_OR_LL_RESULT_AND_NO_ACTIVE_GIMPS_ASSIGNMENT,2026-08-09T02:56:41+00:00,UNALLOCATED,,,,,
SLCMP1467-4240,4240,4241,509210677,2^509210677-1,STRUCTURAL_SCREEN_EXHAUSTED_PRIMALITY_UNASSIGNED,GF3A_DIRECTIONAL_WRITE_EXHAUSTED_PRIMALITY_UNASSIGNED,513,512,512,NO_RECORDED_FACTOR_PRP_OR_LL_RESULT_AND_NO_ACTIVE_GIMPS_ASSIGNMENT,2026-08-09T02:56:41+00:00,UNALLOCATED,,,,,
SLCMP1467-4241,4241,4242,509210701,2^509210701-1,STRUCTURAL_SCREEN_EXHAUSTED_PRIMALITY_UNASSIGNED,GF3A_DIRECTIONAL_WRITE_EXHAUSTED_PRIMALITY_UNASSIGNED,513,512,512,NO_RECORDED_FACTOR_PRP_OR_LL_RESULT_AND_NO_ACTIVE_GIMPS_ASSIGNMENT,2026-08-09T02:56:41+00:00,UNALLOCATED,,,,,
SLCMP1467-4242,4242,4243,509210719,2^509210719-1,STRUCTURAL_SCREEN_EXHAUSTED_PRIMALITY_UNASSIGNED,GF3A_DIRECTIONAL_WRITE_EXHAUSTED_PRIMALITY_UNASSIGNED,514,512,512,NO_RECORDED_FACTOR_PRP_OR_LL_RESULT_AND_NO_ACTIVE_GIMPS_ASSIGNMENT,2026-08-09T02:56:41+00:00,UNALLOCATED,,,,,
SLCMP1467-4243,4243,4244,509210827,2^509210827-1,STRUCTURAL_SCREEN_EXHAUSTED_PRIMALITY_UNASSIGNED,GF3A_DIRECTIONAL_WRITE_EXHAUSTED_PRIMALITY_UNASSIGNED,514,512,512,NO_RECORDED_FACTOR_PRP_OR_LL_RESULT_AND_NO_ACTIVE_GIMPS_ASSIGNMENT,2026-08-09T02:56:41+00:00,UNALLOCATED,,,,,
SLCMP1467-4244,4244,4245,509210837,2^509210837-1,STRUCTURAL_SCREEN_EXHAUSTED_PRIMALITY_UNASSIGNED,GF3A_DIRECTIONAL_WRITE_EXHAUSTED_PRIMALITY_UNASSIGNED,513,512,512,NO_RECORDED_FACTOR_PRP_OR_LL_RESULT_AND_NO_ACTIVE_GIMPS_ASSIGNMENT,2026-08-09T02:56:41+00:00,UNALLOCATED,,,,,
SLCMP1467-4245,4245,4246,509210959,2^509210959-1,STRUCTURAL_SCREEN_EXHAUSTED_PRIMALITY_UNASSIGNED,GF3A_DIRECTIONAL_WRITE_EXHAUSTED_PRIMALITY_UNASSIGNED,514,512,512,NO_RECORDED_FACTOR_PRP_OR_LL_RESULT_AND_NO_ACTIVE_GIMPS_ASSIGNMENT,2026-08-09T02:56:41+00:00,UNALLOCATED,,,,,
SLCMP1467-4246,4246,4247,509210969,2^509210969-1,STRUCTURAL_SCREEN_EXHAUSTED_PRIMALITY_UNASSIGNED,GF3A_DIRECTIONAL_WRITE_EXHAUSTED_PRIMALITY_UNASSIGNED,513,512,512,NO_RECORDED_FACTOR_PRP_OR_LL_RESULT_AND_NO_ACTIVE_GIMPS_ASSIGNMENT,2026-08-09T02:56:41+00:00,UNALLOCATED,,,,,
SLCMP1467-4247,4247,4248,509211137,2^509211137-1,STRUCTURAL_SCREEN_EXHAUSTED_PRIMALITY_UNASSIGNED,GF3A_DIRECTIONAL_WRITE_EXHAUSTED_PRIMALITY_UNASSIGNED,513,512,512,NO_RECORDED_FACTOR_PRP_OR_LL_RESULT_AND_NO_ACTIVE_GIMPS_ASSIGNMENT,2026-08-09T02:56:41+00:00,UNALLOCATED,,,,,
SLCMP1467-4248,4248,4249,509211173,2^509211173-1,STRUCTURAL_SCREEN_EXHAUSTED_PRIMALITY_UNASSIGNED,GF3A_DIRECTIONAL_WRITE_EXHAUSTED_PRIMALITY_UNASSIGNED,513,512,512,NO_RECORDED_FACTOR_PRP_OR_LL_RESULT_AND_NO_ACTIVE_GIMPS_ASSIGNMENT,2026-08-09T02:56:41+00:00,UNALLOCATED,,,,,
SLCMP1467-4249,4249,4250,509211211,2^509211211-1,STRUCTURAL_SCREEN_EXHAUSTED_PRIMALITY_UNASSIGNED,GF3A_DIRECTIONAL_WRITE_EXHAUSTED_PRIMALITY_UNASSIGNED,514,512,512,NO_RECORDED_FACTOR_PRP_OR_LL_RESULT_AND_NO_ACTIVE_GIMPS_ASSIGNMENT,2026-08-09T02:56:41+00:00,UNALLOCATED,,,,,
SLCMP1467-4250,4250,4251,509211253,2^509211253-1,STRUCTURAL_SCREEN_EXHAUSTED_PRIMALITY_UNASSIGNED,GF3A_DIRECTIONAL_WRITE_EXHAUSTED_PRIMALITY_UNASSIGNED,513,512,512,NO_RECORDED_FACTOR_PRP_OR_LL_RESULT_AND_NO_ACTIVE_GIMPS_ASSIGNMENT,2026-08-09T02:56:41+00:00,UNALLOCATED,,,,,
SLCMP1467-4251,4251,4252,509211379,2^509211379-1,STRUCTURAL_SCREEN_EXHAUSTED_PRIMALITY_UNASSIGNED,GF3A_DIRECTIONAL_WRITE_EXHAUSTED_PRIMALITY_UNASSIGNED,514,512,512,NO_RECORDED_FACTOR_PRP_OR_LL_RESULT_AND_NO_ACTIVE_GIMPS_ASSIGNMENT,2026-08-09T02:56:41+00:00,UNALLOCATED,,,,,
SLCMP1467-4252,4252,4253,509211389,2^509211389-1,STRUCTURAL_SCREEN_EXHAUSTED_PRIMALITY_UNASSIGNED,GF3A_DIRECTIONAL_WRITE_EXHAUSTED_PRIMALITY_UNASSIGNED,513,512,512,NO_RECORDED_FACTOR_PRP_OR_LL_RESULT_AND_NO_ACTIVE_GIMPS_ASSIGNMENT,2026-08-09T02:56:41+00:00,UNALLOCATED,,,,,
SLCMP1467-4253,4253,4254,509211509,2^509211509-1,STRUCTURAL_SCREEN_EXHAUSTED_PRIMALITY_UNASSIGNED,GF3A_DIRECTIONAL_WRITE_EXHAUSTED_PRIMALITY_UNASSIGNED,513,512,512,NO_RECORDED_FACTOR_PRP_OR_LL_RESULT_AND_NO_ACTIVE_GIMPS_ASSIGNMENT,2026-08-09T02:56:41+00:00,UNALLOCATED,,,,,
SLCMP1467-4254,4254,4255,509211529,2^509211529-1,STRUCTURAL_SCREEN_EXHAUSTED_PRIMALITY_UNASSIGNED,GF3A_DIRECTIONAL_WRITE_EXHAUSTED_PRIMALITY_UNASSIGNED,513,512,512,NO_RECORDED_FACTOR_PRP_OR_LL_RESULT_AND_NO_ACTIVE_GIMPS_ASSIGNMENT,2026-08-09T02:56:41+00:00,UNALLOCATED,,,,,
SLCMP1467-4255,4255,4256,509211569,2^509211569-1,STRUCTURAL_SCREEN_EXHAUSTED_PRIMALITY_UNASSIGNED,GF3A_DIRECTIONAL_WRITE_EXHAUSTED_PRIMALITY_UNASSIGNED,513,512,512,NO_RECORDED_FACTOR_PRP_OR_LL_RESULT_AND_NO_ACTIVE_GIMPS_ASSIGNMENT,2026-08-09T02:56:41+00:00,UNALLOCATED,,,,,
SLCMP1467-4256,4256,4257,509211581,2^509211581-1,STRUCTURAL_SCREEN_EXHAUSTED_PRIMALITY_UNASSIGNED,GF3A_DIRECTIONAL_WRITE_EXHAUSTED_PRIMALITY_UNASSIGNED,513,512,512,NO_RECORDED_FACTOR_PRP_OR_LL_RESULT_AND_NO_ACTIVE_GIMPS_ASSIGNMENT,2026-08-09T02:56:41+00:00,UNALLOCATED,,,,,
SLCMP1467-4257,4257,4258,509211629,2^509211629-1,STRUCTURAL_SCREEN_EXHAUSTED_PRIMALITY_UNASSIGNED,GF3A_DIRECTIONAL_WRITE_EXHAUSTED_PRIMALITY_UNASSIGNED,513,512,512,NO_RECORDED_FACTOR_PRP_OR_LL_RESULT_AND_NO_ACTIVE_GIMPS_ASSIGNMENT,2026-08-09T02:56:41+00:00,UNALLOCATED,,,,,
SLCMP1467-4258,4258,4259,509211683,2^509211683-1,STRUCTURAL_SCREEN_EXHAUSTED_PRIMALITY_UNASSIGNED,GF3A_DIRECTIONAL_WRITE_EXHAUSTED_PRIMALITY_UNASSIGNED,514,512,512,NO_RECORDED_FACTOR_PRP_OR_LL_RESULT_AND_NO_ACTIVE_GIMPS_ASSIGNMENT,2026-08-09T02:56:41+00:00,UNALLOCATED,,,,,
SLCMP1467-4259,4259,4260,509211737,2^509211737-1,STRUCTURAL_SCREEN_EXHAUSTED_PRIMALITY_UNASSIGNED,GF3A_DIRECTIONAL_WRITE_EXHAUSTED_PRIMALITY_UNASSIGNED,513,512,512,NO_RECORDED_FACTOR_PRP_OR_LL_RESULT_AND_NO_ACTIVE_GIMPS_ASSIGNMENT,2026-08-09T02:56:41+00:00,UNALLOCATED,,,,,
SLCMP1467-4260,4260,4261,509211751,2^509211751-1,STRUCTURAL_SCREEN_EXHAUSTED_PRIMALITY_UNASSIGNED,GF3A_DIRECTIONAL_WRITE_EXHAUSTED_PRIMALITY_UNASSIGNED,514,512,512,NO_RECORDED_FACTOR_PRP_OR_LL_RESULT_AND_NO_ACTIVE_GIMPS_ASSIGNMENT,2026-08-09T02:56:41+00:00,UNALLOCATED,,,,,
SLCMP1467-4261,4261,4262,509211811,2^509211811-1,STRUCTURAL_SCREEN_EXHAUSTED_PRIMALITY_UNASSIGNED,GF3A_DIRECTIONAL_WRITE_EXHAUSTED_PRIMALITY_UNASSIGNED,514,512,512,NO_RECORDED_FACTOR_PRP_OR_LL_RESULT_AND_NO_ACTIVE_GIMPS_ASSIGNMENT,2026-08-09T02:56:41+00:00,UNALLOCATED,,,,,
SLCMP1467-4262,4262,4263,509211817,2^509211817-1,STRUCTURAL_SCREEN_EXHAUSTED_PRIMALITY_UNASSIGNED,GF3A_DIRECTIONAL_WRITE_EXHAUSTED_PRIMALITY_UNASSIGNED,513,512,512,NO_RECORDED_FACTOR_PRP_OR_LL_RESULT_AND_NO_ACTIVE_GIMPS_ASSIGNMENT,2026-08-09T02:56:41+00:00,UNALLOCATED,,,,,
SLCMP1467-4263,4263,4264,509211851,2^509211851-1,STRUCTURAL_SCREEN_EXHAUSTED_PRIMALITY_UNASSIGNED,GF3A_DIRECTIONAL_WRITE_EXHAUSTED_PRIMALITY_UNASSIGNED,514,512,512,NO_RECORDED_FACTOR_PRP_OR_LL_RESULT_AND_NO_ACTIVE_GIMPS_ASSIGNMENT,2026-08-09T02:56:41+00:00,UNALLOCATED,,,,,
SLCMP1467-4264,4264,4265,509211877,2^509211877-1,STRUCTURAL_SCREEN_EXHAUSTED_PRIMALITY_UNASSIGNED,GF3A_DIRECTIONAL_WRITE_EXHAUSTED_PRIMALITY_UNASSIGNED,513,512,512,NO_RECORDED_FACTOR_PRP_OR_LL_RESULT_AND_NO_ACTIVE_GIMPS_ASSIGNMENT,2026-08-09T02:56:41+00:00,UNALLOCATED,,,,,
SLCMP1467-4265,4265,4266,509212001,2^509212001-1,STRUCTURAL_SCREEN_EXHAUSTED_PRIMALITY_UNASSIGNED,GF3A_DIRECTIONAL_WRITE_EXHAUSTED_PRIMALITY_UNASSIGNED,513,512,512,NO_RECORDED_FACTOR_PRP_OR_LL_RESULT_AND_NO_ACTIVE_GIMPS_ASSIGNMENT,2026-08-09T02:56:41+00:00,UNALLOCATED,,,,,
SLCMP1467-4266,4266,4267,509212057,2^509212057-1,STRUCTURAL_SCREEN_EXHAUSTED_PRIMALITY_UNASSIGNED,GF3A_DIRECTIONAL_WRITE_EXHAUSTED_PRIMALITY_UNASSIGNED,513,512,512,NO_RECORDED_FACTOR_PRP_OR_LL_RESULT_AND_NO_ACTIVE_GIMPS_ASSIGNMENT,2026-08-09T02:56:41+00:00,UNALLOCATED,,,,,
SLCMP1467-4267,4267,4268,509212159,2^509212159-1,STRUCTURAL_SCREEN_EXHAUSTED_PRIMALITY_UNASSIGNED,GF3A_DIRECTIONAL_WRITE_EXHAUSTED_PRIMALITY_UNASSIGNED,514,512,512,NO_RECORDED_FACTOR_PRP_OR_LL_RESULT_AND_NO_ACTIVE_GIMPS_ASSIGNMENT,2026-08-09T02:56:41+00:00,UNALLOCATED,,,,,
SLCMP1467-4268,4268,4269,509212229,2^509212229-1,STRUCTURAL_SCREEN_EXHAUSTED_PRIMALITY_UNASSIGNED,GF3A_DIRECTIONAL_WRITE_EXHAUSTED_PRIMALITY_UNASSIGNED,513,512,512,NO_RECORDED_FACTOR_PRP_OR_LL_RESULT_AND_NO_ACTIVE_GIMPS_ASSIGNMENT,2026-08-09T02:56:41+00:00,UNALLOCATED,,,,,
SLCMP1467-4269,4269,4270,509212279,2^509212279-1,STRUCTURAL_SCREEN_EXHAUSTED_PRIMALITY_UNASSIGNED,GF3A_DIRECTIONAL_WRITE_EXHAUSTED_PRIMALITY_UNASSIGNED,514,512,512,NO_RECORDED_FACTOR_PRP_OR_LL_RESULT_AND_NO_ACTIVE_GIMPS_ASSIGNMENT,2026-08-09T02:56:41+00:00,UNALLOCATED,,,,,
SLCMP1467-4270,4270,4271,509212313,2^509212313-1,STRUCTURAL_SCREEN_EXHAUSTED_PRIMALITY_UNASSIGNED,GF3A_DIRECTIONAL_WRITE_EXHAUSTED_PRIMALITY_UNASSIGNED,513,512,512,NO_RECORDED_FACTOR_PRP_OR_LL_RESULT_AND_NO_ACTIVE_GIMPS_ASSIGNMENT,2026-08-09T02:56:41+00:00,UNALLOCATED,,,,,
SLCMP1467-4271,4271,4272,509212349,2^509212349-1,STRUCTURAL_SCREEN_EXHAUSTED_PRIMALITY_UNASSIGNED,GF3A_DIRECTIONAL_WRITE_EXHAUSTED_PRIMALITY_UNASSIGNED,513,512,512,NO_RECORDED_FACTOR_PRP_OR_LL_RESULT_AND_NO_ACTIVE_GIMPS_ASSIGNMENT,2026-08-09T02:56:41+00:00,UNALLOCATED,,,,,
SLCMP1467-4272,4272,4273,509212351,2^509212351-1,STRUCTURAL_SCREEN_EXHAUSTED_PRIMALITY_UNASSIGNED,GF3A_DIRECTIONAL_WRITE_EXHAUSTED_PRIMALITY_UNASSIGNED,514,512,512,NO_RECORDED_FACTOR_PRP_OR_LL_RESULT_AND_NO_ACTIVE_GIMPS_ASSIGNMENT,2026-08-09T02:56:41+00:00,UNALLOCATED,,,,,
SLCMP1467-4273,4273,4274,509212381,2^509212381-1,STRUCTURAL_SCREEN_EXHAUSTED_PRIMALITY_UNASSIGNED,GF3A_DIRECTIONAL_WRITE_EXHAUSTED_PRIMALITY_UNASSIGNED,513,512,512,NO_RECORDED_FACTOR_PRP_OR_LL_RESULT_AND_NO_ACTIVE_GIMPS_ASSIGNMENT,2026-08-09T02:56:41+00:00,UNALLOCATED,,,,,
SLCMP1467-4274,4274,4275,509212391,2^509212391-1,STRUCTURAL_SCREEN_EXHAUSTED_PRIMALITY_UNASSIGNED,GF3A_DIRECTIONAL_WRITE_EXHAUSTED_PRIMALITY_UNASSIGNED,514,512,512,NO_RECORDED_FACTOR_PRP_OR_LL_RESULT_AND_NO_ACTIVE_GIMPS_ASSIGNMENT,2026-08-09T02:56:41+00:00,UNALLOCATED,,,,,
SLCMP1467-4275,4275,4276,509212397,2^509212397-1,STRUCTURAL_SCREEN_EXHAUSTED_PRIMALITY_UNASSIGNED,GF3A_DIRECTIONAL_WRITE_EXHAUSTED_PRIMALITY_UNASSIGNED,513,512,512,NO_RECORDED_FACTOR_PRP_OR_LL_RESULT_AND_NO_ACTIVE_GIMPS_ASSIGNMENT,2026-08-09T02:56:41+00:00,UNALLOCATED,,,,,
SLCMP1467-4276,4276,4277,509212621,2^509212621-1,STRUCTURAL_SCREEN_EXHAUSTED_PRIMALITY_UNASSIGNED,GF3A_DIRECTIONAL_WRITE_EXHAUSTED_PRIMALITY_UNASSIGNED,513,512,512,NO_RECORDED_FACTOR_PRP_OR_LL_RESULT_AND_NO_ACTIVE_GIMPS_ASSIGNMENT,2026-08-09T02:56:41+00:00,UNALLOCATED,,,,,
SLCMP1467-4277,4277,4278,509212631,2^509212631-1,STRUCTURAL_SCREEN_EXHAUSTED_PRIMALITY_UNASSIGNED,GF3A_DIRECTIONAL_WRITE_EXHAUSTED_PRIMALITY_UNASSIGNED,514,512,512,NO_RECORDED_FACTOR_PRP_OR_LL_RESULT_AND_NO_ACTIVE_GIMPS_ASSIGNMENT,2026-08-09T02:56:41+00:00,UNALLOCATED,,,,,
SLCMP1467-4278,4278,4279,509212757,2^509212757-1,STRUCTURAL_SCREEN_EXHAUSTED_PRIMALITY_UNASSIGNED,GF3A_DIRECTIONAL_WRITE_EXHAUSTED_PRIMALITY_UNASSIGNED,513,512,512,NO_RECORDED_FACTOR_PRP_OR_LL_RESULT_AND_NO_ACTIVE_GIMPS_ASSIGNMENT,2026-08-09T02:56:41+00:00,UNALLOCATED,,,,,
SLCMP1467-4279,4279,4280,509212783,2^509212783-1,STRUCTURAL_SCREEN_EXHAUSTED_PRIMALITY_UNASSIGNED,GF3A_DIRECTIONAL_WRITE_EXHAUSTED_PRIMALITY_UNASSIGNED,514,512,512,NO_RECORDED_FACTOR_PRP_OR_LL_RESULT_AND_NO_ACTIVE_GIMPS_ASSIGNMENT,2026-08-09T02:56:41+00:00,UNALLOCATED,,,,,
SLCMP1467-4280,4280,4281,509212819,2^509212819-1,STRUCTURAL_SCREEN_EXHAUSTED_PRIMALITY_UNASSIGNED,GF3A_DIRECTIONAL_WRITE_EXHAUSTED_PRIMALITY_UNASSIGNED,514,512,512,NO_RECORDED_FACTOR_PRP_OR_LL_RESULT_AND_NO_ACTIVE_GIMPS_ASSIGNMENT,2026-08-09T02:56:41+00:00,UNALLOCATED,,,,,
SLCMP1467-4281,4281,4282,509212967,2^509212967-1,STRUCTURAL_SCREEN_EXHAUSTED_PRIMALITY_UNASSIGNED,GF3A_DIRECTIONAL_WRITE_EXHAUSTED_PRIMALITY_UNASSIGNED,514,512,512,NO_RECORDED_FACTOR_PRP_OR_LL_RESULT_AND_NO_ACTIVE_GIMPS_ASSIGNMENT,2026-08-09T02:56:41+00:00,UNALLOCATED,,,,,
SLCMP1467-4282,4282,4283,509213027,2^509213027-1,STRUCTURAL_SCREEN_EXHAUSTED_PRIMALITY_UNASSIGNED,GF3A_DIRECTIONAL_WRITE_EXHAUSTED_PRIMALITY_UNASSIGNED,514,512,512,NO_RECORDED_FACTOR_PRP_OR_LL_RESULT_AND_NO_ACTIVE_GIMPS_ASSIGNMENT,2026-08-09T02:56:41+00:00,UNALLOCATED,,,,,
SLCMP1467-4283,4283,4284,509213057,2^509213057-1,STRUCTURAL_SCREEN_EXHAUSTED_PRIMALITY_UNASSIGNED,GF3A_DIRECTIONAL_WRITE_EXHAUSTED_PRIMALITY_UNASSIGNED,513,512,512,NO_RECORDED_FACTOR_PRP_OR_LL_RESULT_AND_NO_ACTIVE_GIMPS_ASSIGNMENT,2026-08-09T02:56:41+00:00,UNALLOCATED,,,,,
SLCMP1467-4284,4284,4285,509213101,2^509213101-1,STRUCTURAL_SCREEN_EXHAUSTED_PRIMALITY_UNASSIGNED,GF3A_DIRECTIONAL_WRITE_EXHAUSTED_PRIMALITY_UNASSIGNED,513,512,512,NO_RECORDED_FACTOR_PRP_OR_LL_RESULT_AND_NO_ACTIVE_GIMPS_ASSIGNMENT,2026-08-09T02:56:41+00:00,UNALLOCATED,,,,,
SLCMP1467-4285,4285,4286,509213119,2^509213119-1,STRUCTURAL_SCREEN_EXHAUSTED_PRIMALITY_UNASSIGNED,GF3A_DIRECTIONAL_WRITE_EXHAUSTED_PRIMALITY_UNASSIGNED,514,512,512,NO_RECORDED_FACTOR_PRP_OR_LL_RESULT_AND_NO_ACTIVE_GIMPS_ASSIGNMENT,2026-08-09T02:56:41+00:00,UNALLOCATED,,,,,
SLCMP1467-4286,4286,4287,509213149,2^509213149-1,STRUCTURAL_SCREEN_EXHAUSTED_PRIMALITY_UNASSIGNED,GF3A_DIRECTIONAL_WRITE_EXHAUSTED_PRIMALITY_UNASSIGNED,513,512,512,NO_RECORDED_FACTOR_PRP_OR_LL_RESULT_AND_NO_ACTIVE_GIMPS_ASSIGNMENT,2026-08-09T02:56:41+00:00,UNALLOCATED,,,,,
SLCMP1467-4287,4287,4288,509213249,2^509213249-1,STRUCTURAL_SCREEN_EXHAUSTED_PRIMALITY_UNASSIGNED,GF3A_DIRECTIONAL_WRITE_EXHAUSTED_PRIMALITY_UNASSIGNED,513,512,512,NO_RECORDED_FACTOR_PRP_OR_LL_RESULT_AND_NO_ACTIVE_GIMPS_ASSIGNMENT,2026-08-09T02:56:41+00:00,UNALLOCATED,,,,,
SLCMP1467-4288,4288,4289,509213269,2^509213269-1,STRUCTURAL_SCREEN_EXHAUSTED_PRIMALITY_UNASSIGNED,GF3A_DIRECTIONAL_WRITE_EXHAUSTED_PRIMALITY_UNASSIGNED,513,512,512,NO_RECORDED_FACTOR_PRP_OR_LL_RESULT_AND_NO_ACTIVE_GIMPS_ASSIGNMENT,2026-08-09T02:56:41+00:00,UNALLOCATED,,,,,
SLCMP1467-4289,4289,4290,509213401,2^509213401-1,STRUCTURAL_SCREEN_EXHAUSTED_PRIMALITY_UNASSIGNED,GF3A_DIRECTIONAL_WRITE_EXHAUSTED_PRIMALITY_UNASSIGNED,513,512,512,NO_RECORDED_FACTOR_PRP_OR_LL_RESULT_AND_NO_ACTIVE_GIMPS_ASSIGNMENT,2026-08-09T02:56:41+00:00,UNALLOCATED,,,,,
SLCMP1467-4290,4290,4291,509213473,2^509213473-1,STRUCTURAL_SCREEN_EXHAUSTED_PRIMALITY_UNASSIGNED,GF3A_DIRECTIONAL_WRITE_EXHAUSTED_PRIMALITY_UNASSIGNED,513,512,512,NO_RECORDED_FACTOR_PRP_OR_LL_RESULT_AND_NO_ACTIVE_GIMPS_ASSIGNMENT,2026-08-09T02:56:41+00:00,UNALLOCATED,,,,,
SLCMP1467-4291,4291,4292,509213501,2^509213501-1,STRUCTURAL_SCREEN_EXHAUSTED_PRIMALITY_UNASSIGNED,GF3A_DIRECTIONAL_WRITE_EXHAUSTED_PRIMALITY_UNASSIGNED,513,512,512,NO_RECORDED_FACTOR_PRP_OR_LL_RESULT_AND_NO_ACTIVE_GIMPS_ASSIGNMENT,2026-08-09T02:56:41+00:00,UNALLOCATED,,,,,
SLCMP1467-4292,4292,4293,509213521,2^509213521-1,STRUCTURAL_SCREEN_EXHAUSTED_PRIMALITY_UNASSIGNED,GF3A_DIRECTIONAL_WRITE_EXHAUSTED_PRIMALITY_UNASSIGNED,513,512,512,NO_RECORDED_FACTOR_PRP_OR_LL_RESULT_AND_NO_ACTIVE_GIMPS_ASSIGNMENT,2026-08-09T02:56:41+00:00,UNALLOCATED,,,,,
SLCMP1467-4293,4293,4294,509213591,2^509213591-1,STRUCTURAL_SCREEN_EXHAUSTED_PRIMALITY_UNASSIGNED,GF3A_DIRECTIONAL_WRITE_EXHAUSTED_PRIMALITY_UNASSIGNED,514,512,512,NO_RECORDED_FACTOR_PRP_OR_LL_RESULT_AND_NO_ACTIVE_GIMPS_ASSIGNMENT,2026-08-09T02:56:41+00:00,UNALLOCATED,,,,,
SLCMP1467-4294,4294,4295,509213599,2^509213599-1,STRUCTURAL_SCREEN_EXHAUSTED_PRIMALITY_UNASSIGNED,GF3A_DIRECTIONAL_WRITE_EXHAUSTED_PRIMALITY_UNASSIGNED,514,512,512,NO_RECORDED_FACTOR_PRP_OR_LL_RESULT_AND_NO_ACTIVE_GIMPS_ASSIGNMENT,2026-08-09T02:56:41+00:00,UNALLOCATED,,,,,
SLCMP1467-4295,4295,4296,509213641,2^509213641-1,STRUCTURAL_SCREEN_EXHAUSTED_PRIMALITY_UNASSIGNED,GF3A_DIRECTIONAL_WRITE_EXHAUSTED_PRIMALITY_UNASSIGNED,513,512,512,NO_RECORDED_FACTOR_PRP_OR_LL_RESULT_AND_NO_ACTIVE_GIMPS_ASSIGNMENT,2026-08-09T02:56:41+00:00,UNALLOCATED,,,,,
SLCMP1467-4296,4296,4297,509213693,2^509213693-1,STRUCTURAL_SCREEN_EXHAUSTED_PRIMALITY_UNASSIGNED,GF3A_DIRECTIONAL_WRITE_EXHAUSTED_PRIMALITY_UNASSIGNED,513,512,512,NO_RECORDED_FACTOR_PRP_OR_LL_RESULT_AND_NO_ACTIVE_GIMPS_ASSIGNMENT,2026-08-09T02:56:41+00:00,UNALLOCATED,,,,,
SLCMP1467-4297,4297,4298,509213729,2^509213729-1,STRUCTURAL_SCREEN_EXHAUSTED_PRIMALITY_UNASSIGNED,GF3A_DIRECTIONAL_WRITE_EXHAUSTED_PRIMALITY_UNASSIGNED,513,512,512,NO_RECORDED_FACTOR_PRP_OR_LL_RESULT_AND_NO_ACTIVE_GIMPS_ASSIGNMENT,2026-08-09T02:56:41+00:00,UNALLOCATED,,,,,
SLCMP1467-4298,4298,4299,509213807,2^509213807-1,STRUCTURAL_SCREEN_EXHAUSTED_PRIMALITY_UNASSIGNED,GF3A_DIRECTIONAL_WRITE_EXHAUSTED_PRIMALITY_UNASSIGNED,514,512,512,NO_RECORDED_FACTOR_PRP_OR_LL_RESULT_AND_NO_ACTIVE_GIMPS_ASSIGNMENT,2026-08-09T02:56:41+00:00,UNALLOCATED,,,,,
SLCMP1467-4299,4299,4300,509213867,2^509213867-1,STRUCTURAL_SCREEN_EXHAUSTED_PRIMALITY_UNASSIGNED,GF3A_DIRECTIONAL_WRITE_EXHAUSTED_PRIMALITY_UNASSIGNED,514,512,512,NO_RECORDED_FACTOR_PRP_OR_LL_RESULT_AND_NO_ACTIVE_GIMPS_ASSIGNMENT,2026-08-09T02:56:41+00:00,UNALLOCATED,,,,,
SLCMP1467-4300,4300,4301,509213923,2^509213923-1,STRUCTURAL_SCREEN_EXHAUSTED_PRIMALITY_UNASSIGNED,GF3A_DIRECTIONAL_WRITE_EXHAUSTED_PRIMALITY_UNASSIGNED,514,512,512,NO_RECORDED_FACTOR_PRP_OR_LL_RESULT_AND_NO_ACTIVE_GIMPS_ASSIGNMENT,2026-08-09T02:56:41+00:00,UNALLOCATED,,,,,
SLCMP1467-4301,4301,4302,509213989,2^509213989-1,STRUCTURAL_SCREEN_EXHAUSTED_PRIMALITY_UNASSIGNED,GF3A_DIRECTIONAL_WRITE_EXHAUSTED_PRIMALITY_UNASSIGNED,513,512,512,NO_RECORDED_FACTOR_PRP_OR_LL_RESULT_AND_NO_ACTIVE_GIMPS_ASSIGNMENT,2026-08-09T02:56:41+00:00,UNALLOCATED,,,,,
SLCMP1467-4302,4302,4303,509214053,2^509214053-1,STRUCTURAL_SCREEN_EXHAUSTED_PRIMALITY_UNASSIGNED,GF3A_DIRECTIONAL_WRITE_EXHAUSTED_PRIMALITY_UNASSIGNED,513,512,512,NO_RECORDED_FACTOR_PRP_OR_LL_RESULT_AND_NO_ACTIVE_GIMPS_ASSIGNMENT,2026-08-09T02:56:41+00:00,UNALLOCATED,,,,,
SLCMP1467-4303,4303,4304,509214061,2^509214061-1,STRUCTURAL_SCREEN_EXHAUSTED_PRIMALITY_UNASSIGNED,GF3A_DIRECTIONAL_WRITE_EXHAUSTED_PRIMALITY_UNASSIGNED,513,512,512,NO_RECORDED_FACTOR_PRP_OR_LL_RESULT_AND_NO_ACTIVE_GIMPS_ASSIGNMENT,2026-08-09T02:56:41+00:00,UNALLOCATED,,,,,
SLCMP1467-4304,4304,4305,509214131,2^509214131-1,STRUCTURAL_SCREEN_EXHAUSTED_PRIMALITY_UNASSIGNED,GF3A_DIRECTIONAL_WRITE_EXHAUSTED_PRIMALITY_UNASSIGNED,514,512,512,NO_RECORDED_FACTOR_PRP_OR_LL_RESULT_AND_NO_ACTIVE_GIMPS_ASSIGNMENT,2026-08-09T02:56:41+00:00,UNALLOCATED,,,,,
SLCMP1467-4305,4305,4306,509214133,2^509214133-1,STRUCTURAL_SCREEN_EXHAUSTED_PRIMALITY_UNASSIGNED,GF3A_DIRECTIONAL_WRITE_EXHAUSTED_PRIMALITY_UNASSIGNED,513,512,512,NO_RECORDED_FACTOR_PRP_OR_LL_RESULT_AND_NO_ACTIVE_GIMPS_ASSIGNMENT,2026-08-09T02:56:41+00:00,UNALLOCATED,,,,,
SLCMP1467-4306,4306,4307,509214163,2^509214163-1,STRUCTURAL_SCREEN_EXHAUSTED_PRIMALITY_UNASSIGNED,GF3A_DIRECTIONAL_WRITE_EXHAUSTED_PRIMALITY_UNASSIGNED,514,512,512,NO_RECORDED_FACTOR_PRP_OR_LL_RESULT_AND_NO_ACTIVE_GIMPS_ASSIGNMENT,2026-08-09T02:56:41+00:00,UNALLOCATED,,,,,
SLCMP1467-4307,4307,4308,509214187,2^509214187-1,STRUCTURAL_SCREEN_EXHAUSTED_PRIMALITY_UNASSIGNED,GF3A_DIRECTIONAL_WRITE_EXHAUSTED_PRIMALITY_UNASSIGNED,514,512,512,NO_RECORDED_FACTOR_PRP_OR_LL_RESULT_AND_NO_ACTIVE_GIMPS_ASSIGNMENT,2026-08-09T02:56:41+00:00,UNALLOCATED,,,,,
SLCMP1467-4308,4308,4309,509214217,2^509214217-1,STRUCTURAL_SCREEN_EXHAUSTED_PRIMALITY_UNASSIGNED,GF3A_DIRECTIONAL_WRITE_EXHAUSTED_PRIMALITY_UNASSIGNED,513,512,512,NO_RECORDED_FACTOR_PRP_OR_LL_RESULT_AND_NO_ACTIVE_GIMPS_ASSIGNMENT,2026-08-09T02:56:41+00:00,UNALLOCATED,,,,,
SLCMP1467-4309,4309,4310,509214221,2^509214221-1,STRUCTURAL_SCREEN_EXHAUSTED_PRIMALITY_UNASSIGNED,GF3A_DIRECTIONAL_WRITE_EXHAUSTED_PRIMALITY_UNASSIGNED,513,512,512,NO_RECORDED_FACTOR_PRP_OR_LL_RESULT_AND_NO_ACTIVE_GIMPS_ASSIGNMENT,2026-08-09T02:56:41+00:00,UNALLOCATED,,,,,
SLCMP1467-4310,4310,4311,509214253,2^509214253-1,STRUCTURAL_SCREEN_EXHAUSTED_PRIMALITY_UNASSIGNED,GF3A_DIRECTIONAL_WRITE_EXHAUSTED_PRIMALITY_UNASSIGNED,513,512,512,NO_RECORDED_FACTOR_PRP_OR_LL_RESULT_AND_NO_ACTIVE_GIMPS_ASSIGNMENT,2026-08-09T02:56:41+00:00,UNALLOCATED,,,,,
SLCMP1467-4311,4311,4312,509214283,2^509214283-1,STRUCTURAL_SCREEN_EXHAUSTED_PRIMALITY_UNASSIGNED,GF3A_DIRECTIONAL_WRITE_EXHAUSTED_PRIMALITY_UNASSIGNED,514,512,512,NO_RECORDED_FACTOR_PRP_OR_LL_RESULT_AND_NO_ACTIVE_GIMPS_ASSIGNMENT,2026-08-09T02:56:41+00:00,UNALLOCATED,,,,,
SLCMP1467-4312,4312,4313,509214317,2^509214317-1,STRUCTURAL_SCREEN_EXHAUSTED_PRIMALITY_UNASSIGNED,GF3A_DIRECTIONAL_WRITE_EXHAUSTED_PRIMALITY_UNASSIGNED,513,512,512,NO_RECORDED_FACTOR_PRP_OR_LL_RESULT_AND_NO_ACTIVE_GIMPS_ASSIGNMENT,2026-08-09T02:56:41+00:00,UNALLOCATED,,,,,
SLCMP1467-4313,4313,4314,509214331,2^509214331-1,STRUCTURAL_SCREEN_EXHAUSTED_PRIMALITY_UNASSIGNED,GF3A_DIRECTIONAL_WRITE_EXHAUSTED_PRIMALITY_UNASSIGNED,514,512,512,NO_RECORDED_FACTOR_PRP_OR_LL_RESULT_AND_NO_ACTIVE_GIMPS_ASSIGNMENT,2026-08-09T02:56:41+00:00,UNALLOCATED,,,,,
SLCMP1467-4314,4314,4315,509214353,2^509214353-1,STRUCTURAL_SCREEN_EXHAUSTED_PRIMALITY_UNASSIGNED,GF3A_DIRECTIONAL_WRITE_EXHAUSTED_PRIMALITY_UNASSIGNED,513,512,512,NO_RECORDED_FACTOR_PRP_OR_LL_RESULT_AND_NO_ACTIVE_GIMPS_ASSIGNMENT,2026-08-09T02:56:41+00:00,UNALLOCATED,,,,,
SLCMP1467-4315,4315,4316,509214361,2^509214361-1,STRUCTURAL_SCREEN_EXHAUSTED_PRIMALITY_UNASSIGNED,GF3A_DIRECTIONAL_WRITE_EXHAUSTED_PRIMALITY_UNASSIGNED,513,512,512,NO_RECORDED_FACTOR_PRP_OR_LL_RESULT_AND_NO_ACTIVE_GIMPS_ASSIGNMENT,2026-08-09T02:56:41+00:00,UNALLOCATED,,,,,
SLCMP1467-4316,4316,4317,509214389,2^509214389-1,STRUCTURAL_SCREEN_EXHAUSTED_PRIMALITY_UNASSIGNED,GF3A_DIRECTIONAL_WRITE_EXHAUSTED_PRIMALITY_UNASSIGNED,513,512,512,NO_RECORDED_FACTOR_PRP_OR_LL_RESULT_AND_NO_ACTIVE_GIMPS_ASSIGNMENT,2026-08-09T02:56:41+00:00,UNALLOCATED,,,,,
SLCMP1467-4317,4317,4318,509214527,2^509214527-1,STRUCTURAL_SCREEN_EXHAUSTED_PRIMALITY_UNASSIGNED,GF3A_DIRECTIONAL_WRITE_EXHAUSTED_PRIMALITY_UNASSIGNED,514,512,512,NO_RECORDED_FACTOR_PRP_OR_LL_RESULT_AND_NO_ACTIVE_GIMPS_ASSIGNMENT,2026-08-09T02:56:41+00:00,UNALLOCATED,,,,,
SLCMP1467-4318,4318,4319,509214553,2^509214553-1,STRUCTURAL_SCREEN_EXHAUSTED_PRIMALITY_UNASSIGNED,GF3A_DIRECTIONAL_WRITE_EXHAUSTED_PRIMALITY_UNASSIGNED,513,512,512,NO_RECORDED_FACTOR_PRP_OR_LL_RESULT_AND_NO_ACTIVE_GIMPS_ASSIGNMENT,2026-08-09T02:56:41+00:00,UNALLOCATED,,,,,
SLCMP1467-4319,4319,4320,509214571,2^509214571-1,STRUCTURAL_SCREEN_EXHAUSTED_PRIMALITY_UNASSIGNED,GF3A_DIRECTIONAL_WRITE_EXHAUSTED_PRIMALITY_UNASSIGNED,514,512,512,NO_RECORDED_FACTOR_PRP_OR_LL_RESULT_AND_NO_ACTIVE_GIMPS_ASSIGNMENT,2026-08-09T02:56:41+00:00,UNALLOCATED,,,,,
SLCMP1467-4320,4320,4321,509214659,2^509214659-1,STRUCTURAL_SCREEN_EXHAUSTED_PRIMALITY_UNASSIGNED,GF3A_DIRECTIONAL_WRITE_EXHAUSTED_PRIMALITY_UNASSIGNED,514,512,512,NO_RECORDED_FACTOR_PRP_OR_LL_RESULT_AND_NO_ACTIVE_GIMPS_ASSIGNMENT,2026-08-09T02:56:41+00:00,UNALLOCATED,,,,,
SLCMP1467-4321,4321,4322,509214677,2^509214677-1,STRUCTURAL_SCREEN_EXHAUSTED_PRIMALITY_UNASSIGNED,GF3A_DIRECTIONAL_WRITE_EXHAUSTED_PRIMALITY_UNASSIGNED,513,512,512,NO_RECORDED_FACTOR_PRP_OR_LL_RESULT_AND_NO_ACTIVE_GIMPS_ASSIGNMENT,2026-08-09T02:56:41+00:00,UNALLOCATED,,,,,
SLCMP1467-4322,4322,4323,509214697,2^509214697-1,STRUCTURAL_SCREEN_EXHAUSTED_PRIMALITY_UNASSIGNED,GF3A_DIRECTIONAL_WRITE_EXHAUSTED_PRIMALITY_UNASSIGNED,513,512,512,NO_RECORDED_FACTOR_PRP_OR_LL_RESULT_AND_NO_ACTIVE_GIMPS_ASSIGNMENT,2026-08-09T02:56:41+00:00,UNALLOCATED,,,,,
SLCMP1467-4323,4323,4324,509214701,2^509214701-1,STRUCTURAL_SCREEN_EXHAUSTED_PRIMALITY_UNASSIGNED,GF3A_DIRECTIONAL_WRITE_EXHAUSTED_PRIMALITY_UNASSIGNED,513,512,512,NO_RECORDED_FACTOR_PRP_OR_LL_RESULT_AND_NO_ACTIVE_GIMPS_ASSIGNMENT,2026-08-09T02:56:41+00:00,UNALLOCATED,,,,,
SLCMP1467-4324,4324,4325,509214731,2^509214731-1,STRUCTURAL_SCREEN_EXHAUSTED_PRIMALITY_UNASSIGNED,GF3A_DIRECTIONAL_WRITE_EXHAUSTED_PRIMALITY_UNASSIGNED,514,512,512,NO_RECORDED_FACTOR_PRP_OR_LL_RESULT_AND_NO_ACTIVE_GIMPS_ASSIGNMENT,2026-08-09T02:56:41+00:00,UNALLOCATED,,,,,
SLCMP1467-4325,4325,4326,509214737,2^509214737-1,STRUCTURAL_SCREEN_EXHAUSTED_PRIMALITY_UNASSIGNED,GF3A_DIRECTIONAL_WRITE_EXHAUSTED_PRIMALITY_UNASSIGNED,513,512,512,NO_RECORDED_FACTOR_PRP_OR_LL_RESULT_AND_NO_ACTIVE_GIMPS_ASSIGNMENT,2026-08-09T02:56:41+00:00,UNALLOCATED,,,,,
SLCMP1467-4326,4326,4327,509214847,2^509214847-1,STRUCTURAL_SCREEN_EXHAUSTED_PRIMALITY_UNASSIGNED,GF3A_DIRECTIONAL_WRITE_EXHAUSTED_PRIMALITY_UNASSIGNED,514,512,512,NO_RECORDED_FACTOR_PRP_OR_LL_RESULT_AND_NO_ACTIVE_GIMPS_ASSIGNMENT,2026-08-09T02:56:41+00:00,UNALLOCATED,,,,,
SLCMP1467-4327,4327,4328,509214929,2^509214929-1,STRUCTURAL_SCREEN_EXHAUSTED_PRIMALITY_UNASSIGNED,GF3A_DIRECTIONAL_WRITE_EXHAUSTED_PRIMALITY_UNASSIGNED,513,512,512,NO_RECORDED_FACTOR_PRP_OR_LL_RESULT_AND_NO_ACTIVE_GIMPS_ASSIGNMENT,2026-08-09T02:56:41+00:00,UNALLOCATED,,,,,
SLCMP1467-4328,4328,4329,509214949,2^509214949-1,STRUCTURAL_SCREEN_EXHAUSTED_PRIMALITY_UNASSIGNED,GF3A_DIRECTIONAL_WRITE_EXHAUSTED_PRIMALITY_UNASSIGNED,513,512,512,NO_RECORDED_FACTOR_PRP_OR_LL_RESULT_AND_NO_ACTIVE_GIMPS_ASSIGNMENT,2026-08-09T02:56:41+00:00,UNALLOCATED,,,,,
SLCMP1467-4329,4329,4330,509214989,2^509214989-1,STRUCTURAL_SCREEN_EXHAUSTED_PRIMALITY_UNASSIGNED,GF3A_DIRECTIONAL_WRITE_EXHAUSTED_PRIMALITY_UNASSIGNED,513,512,512,NO_RECORDED_FACTOR_PRP_OR_LL_RESULT_AND_NO_ACTIVE_GIMPS_ASSIGNMENT,2026-08-09T02:56:41+00:00,UNALLOCATED,,,,,
SLCMP1467-4330,4330,4331,509215037,2^509215037-1,STRUCTURAL_SCREEN_EXHAUSTED_PRIMALITY_UNASSIGNED,GF3A_DIRECTIONAL_WRITE_EXHAUSTED_PRIMALITY_UNASSIGNED,513,512,512,NO_RECORDED_FACTOR_PRP_OR_LL_RESULT_AND_NO_ACTIVE_GIMPS_ASSIGNMENT,2026-08-09T02:56:41+00:00,UNALLOCATED,,,,,
SLCMP1467-4331,4331,4332,509215103,2^509215103-1,STRUCTURAL_SCREEN_EXHAUSTED_PRIMALITY_UNASSIGNED,GF3A_DIRECTIONAL_WRITE_EXHAUSTED_PRIMALITY_UNASSIGNED,514,512,512,NO_RECORDED_FACTOR_PRP_OR_LL_RESULT_AND_NO_ACTIVE_GIMPS_ASSIGNMENT,2026-08-09T02:56:41+00:00,UNALLOCATED,,,,,
SLCMP1467-4332,4332,4333,509215111,2^509215111-1,STRUCTURAL_SCREEN_EXHAUSTED_PRIMALITY_UNASSIGNED,GF3A_DIRECTIONAL_WRITE_EXHAUSTED_PRIMALITY_UNASSIGNED,514,512,512,NO_RECORDED_FACTOR_PRP_OR_LL_RESULT_AND_NO_ACTIVE_GIMPS_ASSIGNMENT,2026-08-09T02:56:41+00:00,UNALLOCATED,,,,,
SLCMP1467-4333,4333,4334,509215139,2^509215139-1,STRUCTURAL_SCREEN_EXHAUSTED_PRIMALITY_UNASSIGNED,GF3A_DIRECTIONAL_WRITE_EXHAUSTED_PRIMALITY_UNASSIGNED,514,512,512,NO_RECORDED_FACTOR_PRP_OR_LL_RESULT_AND_NO_ACTIVE_GIMPS_ASSIGNMENT,2026-08-09T02:56:41+00:00,UNALLOCATED,,,,,
SLCMP1467-4334,4334,4335,509215153,2^509215153-1,STRUCTURAL_SCREEN_EXHAUSTED_PRIMALITY_UNASSIGNED,GF3A_DIRECTIONAL_WRITE_EXHAUSTED_PRIMALITY_UNASSIGNED,513,512,512,NO_RECORDED_FACTOR_PRP_OR_LL_RESULT_AND_NO_ACTIVE_GIMPS_ASSIGNMENT,2026-08-09T02:56:41+00:00,UNALLOCATED,,,,,
SLCMP1467-4335,4335,4336,509215171,2^509215171-1,STRUCTURAL_SCREEN_EXHAUSTED_PRIMALITY_UNASSIGNED,GF3A_DIRECTIONAL_WRITE_EXHAUSTED_PRIMALITY_UNASSIGNED,514,512,512,NO_RECORDED_FACTOR_PRP_OR_LL_RESULT_AND_NO_ACTIVE_GIMPS_ASSIGNMENT,2026-08-09T02:56:41+00:00,UNALLOCATED,,,,,
SLCMP1467-4336,4336,4337,509215183,2^509215183-1,STRUCTURAL_SCREEN_EXHAUSTED_PRIMALITY_UNASSIGNED,GF3A_DIRECTIONAL_WRITE_EXHAUSTED_PRIMALITY_UNASSIGNED,514,512,512,NO_RECORDED_FACTOR_PRP_OR_LL_RESULT_AND_NO_ACTIVE_GIMPS_ASSIGNMENT,2026-08-09T02:56:41+00:00,UNALLOCATED,,,,,
SLCMP1467-4337,4337,4338,509215261,2^509215261-1,STRUCTURAL_SCREEN_EXHAUSTED_PRIMALITY_UNASSIGNED,GF3A_DIRECTIONAL_WRITE_EXHAUSTED_PRIMALITY_UNASSIGNED,513,512,512,NO_RECORDED_FACTOR_PRP_OR_LL_RESULT_AND_NO_ACTIVE_GIMPS_ASSIGNMENT,2026-08-09T02:56:41+00:00,UNALLOCATED,,,,,
SLCMP1467-4338,4338,4339,509215319,2^509215319-1,STRUCTURAL_SCREEN_EXHAUSTED_PRIMALITY_UNASSIGNED,GF3A_DIRECTIONAL_WRITE_EXHAUSTED_PRIMALITY_UNASSIGNED,514,512,512,NO_RECORDED_FACTOR_PRP_OR_LL_RESULT_AND_NO_ACTIVE_GIMPS_ASSIGNMENT,2026-08-09T02:56:41+00:00,UNALLOCATED,,,,,
SLCMP1467-4339,4339,4340,509215339,2^509215339-1,STRUCTURAL_SCREEN_EXHAUSTED_PRIMALITY_UNASSIGNED,GF3A_DIRECTIONAL_WRITE_EXHAUSTED_PRIMALITY_UNASSIGNED,514,512,512,NO_RECORDED_FACTOR_PRP_OR_LL_RESULT_AND_NO_ACTIVE_GIMPS_ASSIGNMENT,2026-08-09T02:56:41+00:00,UNALLOCATED,,,,,
SLCMP1467-4340,4340,4341,509215351,2^509215351-1,STRUCTURAL_SCREEN_EXHAUSTED_PRIMALITY_UNASSIGNED,GF3A_DIRECTIONAL_WRITE_EXHAUSTED_PRIMALITY_UNASSIGNED,514,512,512,NO_RECORDED_FACTOR_PRP_OR_LL_RESULT_AND_NO_ACTIVE_GIMPS_ASSIGNMENT,2026-08-09T02:56:41+00:00,UNALLOCATED,,,,,
SLCMP1467-4341,4341,4342,509215363,2^509215363-1,STRUCTURAL_SCREEN_EXHAUSTED_PRIMALITY_UNASSIGNED,GF3A_DIRECTIONAL_WRITE_EXHAUSTED_PRIMALITY_UNASSIGNED,514,512,512,NO_RECORDED_FACTOR_PRP_OR_LL_RESULT_AND_NO_ACTIVE_GIMPS_ASSIGNMENT,2026-08-09T02:56:41+00:00,UNALLOCATED,,,,,
SLCMP1467-4342,4342,4343,509215381,2^509215381-1,STRUCTURAL_SCREEN_EXHAUSTED_PRIMALITY_UNASSIGNED,GF3A_DIRECTIONAL_WRITE_EXHAUSTED_PRIMALITY_UNASSIGNED,513,512,512,NO_RECORDED_FACTOR_PRP_OR_LL_RESULT_AND_NO_ACTIVE_GIMPS_ASSIGNMENT,2026-08-09T02:56:41+00:00,UNALLOCATED,,,,,
SLCMP1467-4343,4343,4344,509215459,2^509215459-1,STRUCTURAL_SCREEN_EXHAUSTED_PRIMALITY_UNASSIGNED,GF3A_DIRECTIONAL_WRITE_EXHAUSTED_PRIMALITY_UNASSIGNED,514,512,512,NO_RECORDED_FACTOR_PRP_OR_LL_RESULT_AND_NO_ACTIVE_GIMPS_ASSIGNMENT,2026-08-09T02:56:41+00:00,UNALLOCATED,,,,,
SLCMP1467-4344,4344,4345,509215481,2^509215481-1,STRUCTURAL_SCREEN_EXHAUSTED_PRIMALITY_UNASSIGNED,GF3A_DIRECTIONAL_WRITE_EXHAUSTED_PRIMALITY_UNASSIGNED,513,512,512,NO_RECORDED_FACTOR_PRP_OR_LL_RESULT_AND_NO_ACTIVE_GIMPS_ASSIGNMENT,2026-08-09T02:56:41+00:00,UNALLOCATED,,,,,
SLCMP1467-4345,4345,4346,509215493,2^509215493-1,STRUCTURAL_SCREEN_EXHAUSTED_PRIMALITY_UNASSIGNED,GF3A_DIRECTIONAL_WRITE_EXHAUSTED_PRIMALITY_UNASSIGNED,513,512,512,NO_RECORDED_FACTOR_PRP_OR_LL_RESULT_AND_NO_ACTIVE_GIMPS_ASSIGNMENT,2026-08-09T02:56:41+00:00,UNALLOCATED,,,,,
SLCMP1467-4346,4346,4347,509215543,2^509215543-1,STRUCTURAL_SCREEN_EXHAUSTED_PRIMALITY_UNASSIGNED,GF3A_DIRECTIONAL_WRITE_EXHAUSTED_PRIMALITY_UNASSIGNED,514,512,512,NO_RECORDED_FACTOR_PRP_OR_LL_RESULT_AND_NO_ACTIVE_GIMPS_ASSIGNMENT,2026-08-09T02:56:41+00:00,UNALLOCATED,,,,,
SLCMP1467-4347,4347,4348,509215697,2^509215697-1,STRUCTURAL_SCREEN_EXHAUSTED_PRIMALITY_UNASSIGNED,GF3A_DIRECTIONAL_WRITE_EXHAUSTED_PRIMALITY_UNASSIGNED,513,512,512,NO_RECORDED_FACTOR_PRP_OR_LL_RESULT_AND_NO_ACTIVE_GIMPS_ASSIGNMENT,2026-08-09T02:56:41+00:00,UNALLOCATED,,,,,
SLCMP1467-4348,4348,4349,509215723,2^509215723-1,STRUCTURAL_SCREEN_EXHAUSTED_PRIMALITY_UNASSIGNED,GF3A_DIRECTIONAL_WRITE_EXHAUSTED_PRIMALITY_UNASSIGNED,514,512,512,NO_RECORDED_FACTOR_PRP_OR_LL_RESULT_AND_NO_ACTIVE_GIMPS_ASSIGNMENT,2026-08-09T02:56:41+00:00,UNALLOCATED,,,,,
SLCMP1467-4349,4349,4350,509215877,2^509215877-1,STRUCTURAL_SCREEN_EXHAUSTED_PRIMALITY_UNASSIGNED,GF3A_DIRECTIONAL_WRITE_EXHAUSTED_PRIMALITY_UNASSIGNED,513,512,512,NO_RECORDED_FACTOR_PRP_OR_LL_RESULT_AND_NO_ACTIVE_GIMPS_ASSIGNMENT,2026-08-09T02:56:41+00:00,UNALLOCATED,,,,,
SLCMP1467-4350,4350,4351,509215897,2^509215897-1,STRUCTURAL_SCREEN_EXHAUSTED_PRIMALITY_UNASSIGNED,GF3A_DIRECTIONAL_WRITE_EXHAUSTED_PRIMALITY_UNASSIGNED,513,512,512,NO_RECORDED_FACTOR_PRP_OR_LL_RESULT_AND_NO_ACTIVE_GIMPS_ASSIGNMENT,2026-08-09T02:56:41+00:00,UNALLOCATED,,,,,
SLCMP1467-4351,4351,4352,509215913,2^509215913-1,STRUCTURAL_SCREEN_EXHAUSTED_PRIMALITY_UNASSIGNED,GF3A_DIRECTIONAL_WRITE_EXHAUSTED_PRIMALITY_UNASSIGNED,513,512,512,NO_RECORDED_FACTOR_PRP_OR_LL_RESULT_AND_NO_ACTIVE_GIMPS_ASSIGNMENT,2026-08-09T02:56:41+00:00,UNALLOCATED,,,,,
SLCMP1467-4352,4352,4353,509215957,2^509215957-1,STRUCTURAL_SCREEN_EXHAUSTED_PRIMALITY_UNASSIGNED,GF3A_DIRECTIONAL_WRITE_EXHAUSTED_PRIMALITY_UNASSIGNED,513,512,512,NO_RECORDED_FACTOR_PRP_OR_LL_RESULT_AND_NO_ACTIVE_GIMPS_ASSIGNMENT,2026-08-09T02:56:41+00:00,UNALLOCATED,,,,,
SLCMP1467-4353,4353,4354,509215981,2^509215981-1,STRUCTURAL_SCREEN_EXHAUSTED_PRIMALITY_UNASSIGNED,GF3A_DIRECTIONAL_WRITE_EXHAUSTED_PRIMALITY_UNASSIGNED,513,512,512,NO_RECORDED_FACTOR_PRP_OR_LL_RESULT_AND_NO_ACTIVE_GIMPS_ASSIGNMENT,2026-08-09T02:56:41+00:00,UNALLOCATED,,,,,
SLCMP1467-4354,4354,4355,509216009,2^509216009-1,STRUCTURAL_SCREEN_EXHAUSTED_PRIMALITY_UNASSIGNED,GF3A_DIRECTIONAL_WRITE_EXHAUSTED_PRIMALITY_UNASSIGNED,513,512,512,NO_RECORDED_FACTOR_PRP_OR_LL_RESULT_AND_NO_ACTIVE_GIMPS_ASSIGNMENT,2026-08-09T02:56:41+00:00,UNALLOCATED,,,,,
SLCMP1467-4355,4355,4356,509216107,2^509216107-1,STRUCTURAL_SCREEN_EXHAUSTED_PRIMALITY_UNASSIGNED,GF3A_DIRECTIONAL_WRITE_EXHAUSTED_PRIMALITY_UNASSIGNED,514,512,512,NO_RECORDED_FACTOR_PRP_OR_LL_RESULT_AND_NO_ACTIVE_GIMPS_ASSIGNMENT,2026-08-09T02:56:41+00:00,UNALLOCATED,,,,,
SLCMP1467-4356,4356,4357,509216119,2^509216119-1,STRUCTURAL_SCREEN_EXHAUSTED_PRIMALITY_UNASSIGNED,GF3A_DIRECTIONAL_WRITE_EXHAUSTED_PRIMALITY_UNASSIGNED,514,512,512,NO_RECORDED_FACTOR_PRP_OR_LL_RESULT_AND_NO_ACTIVE_GIMPS_ASSIGNMENT,2026-08-09T02:56:41+00:00,UNALLOCATED,,,,,
SLCMP1467-4357,4357,4358,509216173,2^509216173-1,STRUCTURAL_SCREEN_EXHAUSTED_PRIMALITY_UNASSIGNED,GF3A_DIRECTIONAL_WRITE_EXHAUSTED_PRIMALITY_UNASSIGNED,513,512,512,NO_RECORDED_FACTOR_PRP_OR_LL_RESULT_AND_NO_ACTIVE_GIMPS_ASSIGNMENT,2026-08-09T02:56:41+00:00,UNALLOCATED,,,,,
SLCMP1467-4358,4358,4359,509216221,2^509216221-1,STRUCTURAL_SCREEN_EXHAUSTED_PRIMALITY_UNASSIGNED,GF3A_DIRECTIONAL_WRITE_EXHAUSTED_PRIMALITY_UNASSIGNED,513,512,512,NO_RECORDED_FACTOR_PRP_OR_LL_RESULT_AND_NO_ACTIVE_GIMPS_ASSIGNMENT,2026-08-09T02:56:41+00:00,UNALLOCATED,,,,,
SLCMP1467-4359,4359,4360,509216287,2^509216287-1,STRUCTURAL_SCREEN_EXHAUSTED_PRIMALITY_UNASSIGNED,GF3A_DIRECTIONAL_WRITE_EXHAUSTED_PRIMALITY_UNASSIGNED,514,512,512,NO_RECORDED_FACTOR_PRP_OR_LL_RESULT_AND_NO_ACTIVE_GIMPS_ASSIGNMENT,2026-08-09T02:56:41+00:00,UNALLOCATED,,,,,
SLCMP1467-4360,4360,4361,509216293,2^509216293-1,STRUCTURAL_SCREEN_EXHAUSTED_PRIMALITY_UNASSIGNED,GF3A_DIRECTIONAL_WRITE_EXHAUSTED_PRIMALITY_UNASSIGNED,513,512,512,NO_RECORDED_FACTOR_PRP_OR_LL_RESULT_AND_NO_ACTIVE_GIMPS_ASSIGNMENT,2026-08-09T02:56:41+00:00,UNALLOCATED,,,,,
SLCMP1467-4361,4361,4362,509216381,2^509216381-1,STRUCTURAL_SCREEN_EXHAUSTED_PRIMALITY_UNASSIGNED,GF3A_DIRECTIONAL_WRITE_EXHAUSTED_PRIMALITY_UNASSIGNED,513,512,512,NO_RECORDED_FACTOR_PRP_OR_LL_RESULT_AND_NO_ACTIVE_GIMPS_ASSIGNMENT,2026-08-09T02:56:41+00:00,UNALLOCATED,,,,,
SLCMP1467-4362,4362,4363,509216443,2^509216443-1,STRUCTURAL_SCREEN_EXHAUSTED_PRIMALITY_UNASSIGNED,GF3A_DIRECTIONAL_WRITE_EXHAUSTED_PRIMALITY_UNASSIGNED,514,512,512,NO_RECORDED_FACTOR_PRP_OR_LL_RESULT_AND_NO_ACTIVE_GIMPS_ASSIGNMENT,2026-08-09T02:56:41+00:00,UNALLOCATED,,,,,
SLCMP1467-4363,4363,4364,509216503,2^509216503-1,STRUCTURAL_SCREEN_EXHAUSTED_PRIMALITY_UNASSIGNED,GF3A_DIRECTIONAL_WRITE_EXHAUSTED_PRIMALITY_UNASSIGNED,514,512,512,NO_RECORDED_FACTOR_PRP_OR_LL_RESULT_AND_NO_ACTIVE_GIMPS_ASSIGNMENT,2026-08-09T02:56:41+00:00,UNALLOCATED,,,,,
SLCMP1467-4364,4364,4365,509216599,2^509216599-1,STRUCTURAL_SCREEN_EXHAUSTED_PRIMALITY_UNASSIGNED,GF3A_DIRECTIONAL_WRITE_EXHAUSTED_PRIMALITY_UNASSIGNED,514,512,512,NO_RECORDED_FACTOR_PRP_OR_LL_RESULT_AND_NO_ACTIVE_GIMPS_ASSIGNMENT,2026-08-09T02:56:41+00:00,UNALLOCATED,,,,,
SLCMP1467-4365,4365,4366,509216693,2^509216693-1,STRUCTURAL_SCREEN_EXHAUSTED_PRIMALITY_UNASSIGNED,GF3A_DIRECTIONAL_WRITE_EXHAUSTED_PRIMALITY_UNASSIGNED,513,512,512,NO_RECORDED_FACTOR_PRP_OR_LL_RESULT_AND_NO_ACTIVE_GIMPS_ASSIGNMENT,2026-08-09T02:56:41+00:00,UNALLOCATED,,,,,
SLCMP1467-4366,4366,4367,509216863,2^509216863-1,STRUCTURAL_SCREEN_EXHAUSTED_PRIMALITY_UNASSIGNED,GF3A_DIRECTIONAL_WRITE_EXHAUSTED_PRIMALITY_UNASSIGNED,514,512,512,NO_RECORDED_FACTOR_PRP_OR_LL_RESULT_AND_NO_ACTIVE_GIMPS_ASSIGNMENT,2026-08-09T02:56:41+00:00,UNALLOCATED,,,,,
SLCMP1467-4367,4367,4368,509216969,2^509216969-1,STRUCTURAL_SCREEN_EXHAUSTED_PRIMALITY_UNASSIGNED,GF3A_DIRECTIONAL_WRITE_EXHAUSTED_PRIMALITY_UNASSIGNED,513,512,512,NO_RECORDED_FACTOR_PRP_OR_LL_RESULT_AND_NO_ACTIVE_GIMPS_ASSIGNMENT,2026-08-09T02:56:41+00:00,UNALLOCATED,,,,,
SLCMP1467-4368,4368,4369,509216993,2^509216993-1,STRUCTURAL_SCREEN_EXHAUSTED_PRIMALITY_UNASSIGNED,GF3A_DIRECTIONAL_WRITE_EXHAUSTED_PRIMALITY_UNASSIGNED,513,512,512,NO_RECORDED_FACTOR_PRP_OR_LL_RESULT_AND_NO_ACTIVE_GIMPS_ASSIGNMENT,2026-08-09T02:56:41+00:00,UNALLOCATED,,,,,
SLCMP1467-4369,4369,4370,509217001,2^509217001-1,STRUCTURAL_SCREEN_EXHAUSTED_PRIMALITY_UNASSIGNED,GF3A_DIRECTIONAL_WRITE_EXHAUSTED_PRIMALITY_UNASSIGNED,513,512,512,NO_RECORDED_FACTOR_PRP_OR_LL_RESULT_AND_NO_ACTIVE_GIMPS_ASSIGNMENT,2026-08-09T02:56:41+00:00,UNALLOCATED,,,,,
SLCMP1467-4370,4370,4371,509217011,2^509217011-1,STRUCTURAL_SCREEN_EXHAUSTED_PRIMALITY_UNASSIGNED,GF3A_DIRECTIONAL_WRITE_EXHAUSTED_PRIMALITY_UNASSIGNED,514,512,512,NO_RECORDED_FACTOR_PRP_OR_LL_RESULT_AND_NO_ACTIVE_GIMPS_ASSIGNMENT,2026-08-09T02:56:41+00:00,UNALLOCATED,,,,,
SLCMP1467-4371,4371,4372,509217029,2^509217029-1,STRUCTURAL_SCREEN_EXHAUSTED_PRIMALITY_UNASSIGNED,GF3A_DIRECTIONAL_WRITE_EXHAUSTED_PRIMALITY_UNASSIGNED,513,512,512,NO_RECORDED_FACTOR_PRP_OR_LL_RESULT_AND_NO_ACTIVE_GIMPS_ASSIGNMENT,2026-08-09T02:56:41+00:00,UNALLOCATED,,,,,
SLCMP1467-4372,4372,4373,509217101,2^509217101-1,STRUCTURAL_SCREEN_EXHAUSTED_PRIMALITY_UNASSIGNED,GF3A_DIRECTIONAL_WRITE_EXHAUSTED_PRIMALITY_UNASSIGNED,513,512,512,NO_RECORDED_FACTOR_PRP_OR_LL_RESULT_AND_NO_ACTIVE_GIMPS_ASSIGNMENT,2026-08-09T02:56:41+00:00,UNALLOCATED,,,,,
SLCMP1467-4373,4373,4374,509217127,2^509217127-1,STRUCTURAL_SCREEN_EXHAUSTED_PRIMALITY_UNASSIGNED,GF3A_DIRECTIONAL_WRITE_EXHAUSTED_PRIMALITY_UNASSIGNED,514,512,512,NO_RECORDED_FACTOR_PRP_OR_LL_RESULT_AND_NO_ACTIVE_GIMPS_ASSIGNMENT,2026-08-09T02:56:41+00:00,UNALLOCATED,,,,,
SLCMP1467-4374,4374,4375,509217151,2^509217151-1,STRUCTURAL_SCREEN_EXHAUSTED_PRIMALITY_UNASSIGNED,GF3A_DIRECTIONAL_WRITE_EXHAUSTED_PRIMALITY_UNASSIGNED,514,512,512,NO_RECORDED_FACTOR_PRP_OR_LL_RESULT_AND_NO_ACTIVE_GIMPS_ASSIGNMENT,2026-08-09T02:56:41+00:00,UNALLOCATED,,,,,
SLCMP1467-4375,4375,4376,509217193,2^509217193-1,STRUCTURAL_SCREEN_EXHAUSTED_PRIMALITY_UNASSIGNED,GF3A_DIRECTIONAL_WRITE_EXHAUSTED_PRIMALITY_UNASSIGNED,513,512,512,NO_RECORDED_FACTOR_PRP_OR_LL_RESULT_AND_NO_ACTIVE_GIMPS_ASSIGNMENT,2026-08-09T02:56:41+00:00,UNALLOCATED,,,,,
SLCMP1467-4376,4376,4377,509217287,2^509217287-1,STRUCTURAL_SCREEN_EXHAUSTED_PRIMALITY_UNASSIGNED,GF3A_DIRECTIONAL_WRITE_EXHAUSTED_PRIMALITY_UNASSIGNED,514,512,512,NO_RECORDED_FACTOR_PRP_OR_LL_RESULT_AND_NO_ACTIVE_GIMPS_ASSIGNMENT,2026-08-09T02:56:41+00:00,UNALLOCATED,,,,,
SLCMP1467-4377,4377,4378,509217349,2^509217349-1,STRUCTURAL_SCREEN_EXHAUSTED_PRIMALITY_UNASSIGNED,GF3A_DIRECTIONAL_WRITE_EXHAUSTED_PRIMALITY_UNASSIGNED,513,512,512,NO_RECORDED_FACTOR_PRP_OR_LL_RESULT_AND_NO_ACTIVE_GIMPS_ASSIGNMENT,2026-08-09T02:56:41+00:00,UNALLOCATED,,,,,
SLCMP1467-4378,4378,4379,509217383,2^509217383-1,STRUCTURAL_SCREEN_EXHAUSTED_PRIMALITY_UNASSIGNED,GF3A_DIRECTIONAL_WRITE_EXHAUSTED_PRIMALITY_UNASSIGNED,514,512,512,NO_RECORDED_FACTOR_PRP_OR_LL_RESULT_AND_NO_ACTIVE_GIMPS_ASSIGNMENT,2026-08-09T02:56:41+00:00,UNALLOCATED,,,,,
SLCMP1467-4379,4379,4380,509217391,2^509217391-1,STRUCTURAL_SCREEN_EXHAUSTED_PRIMALITY_UNASSIGNED,GF3A_DIRECTIONAL_WRITE_EXHAUSTED_PRIMALITY_UNASSIGNED,514,512,512,NO_RECORDED_FACTOR_PRP_OR_LL_RESULT_AND_NO_ACTIVE_GIMPS_ASSIGNMENT,2026-08-09T02:56:41+00:00,UNALLOCATED,,,,,
SLCMP1467-4380,4380,4381,509217497,2^509217497-1,STRUCTURAL_SCREEN_EXHAUSTED_PRIMALITY_UNASSIGNED,GF3A_DIRECTIONAL_WRITE_EXHAUSTED_PRIMALITY_UNASSIGNED,513,512,512,NO_RECORDED_FACTOR_PRP_OR_LL_RESULT_AND_NO_ACTIVE_GIMPS_ASSIGNMENT,2026-08-09T02:56:41+00:00,UNALLOCATED,,,,,
SLCMP1467-4381,4381,4382,509217551,2^509217551-1,STRUCTURAL_SCREEN_EXHAUSTED_PRIMALITY_UNASSIGNED,GF3A_DIRECTIONAL_WRITE_EXHAUSTED_PRIMALITY_UNASSIGNED,514,512,512,NO_RECORDED_FACTOR_PRP_OR_LL_RESULT_AND_NO_ACTIVE_GIMPS_ASSIGNMENT,2026-08-09T02:56:41+00:00,UNALLOCATED,,,,,
SLCMP1467-4382,4382,4383,509217571,2^509217571-1,STRUCTURAL_SCREEN_EXHAUSTED_PRIMALITY_UNASSIGNED,GF3A_DIRECTIONAL_WRITE_EXHAUSTED_PRIMALITY_UNASSIGNED,514,512,512,NO_RECORDED_FACTOR_PRP_OR_LL_RESULT_AND_NO_ACTIVE_GIMPS_ASSIGNMENT,2026-08-09T02:56:41+00:00,UNALLOCATED,,,,,
SLCMP1467-4383,4383,4384,509217593,2^509217593-1,STRUCTURAL_SCREEN_EXHAUSTED_PRIMALITY_UNASSIGNED,GF3A_DIRECTIONAL_WRITE_EXHAUSTED_PRIMALITY_UNASSIGNED,513,512,512,NO_RECORDED_FACTOR_PRP_OR_LL_RESULT_AND_NO_ACTIVE_GIMPS_ASSIGNMENT,2026-08-09T02:56:41+00:00,UNALLOCATED,,,,,
SLCMP1467-4384,4384,4385,509217623,2^509217623-1,STRUCTURAL_SCREEN_EXHAUSTED_PRIMALITY_UNASSIGNED,GF3A_DIRECTIONAL_WRITE_EXHAUSTED_PRIMALITY_UNASSIGNED,514,512,512,NO_RECORDED_FACTOR_PRP_OR_LL_RESULT_AND_NO_ACTIVE_GIMPS_ASSIGNMENT,2026-08-09T02:56:41+00:00,UNALLOCATED,,,,,
SLCMP1467-4385,4385,4386,509217671,2^509217671-1,STRUCTURAL_SCREEN_EXHAUSTED_PRIMALITY_UNASSIGNED,GF3A_DIRECTIONAL_WRITE_EXHAUSTED_PRIMALITY_UNASSIGNED,514,512,512,NO_RECORDED_FACTOR_PRP_OR_LL_RESULT_AND_NO_ACTIVE_GIMPS_ASSIGNMENT,2026-08-09T02:56:41+00:00,UNALLOCATED,,,,,
SLCMP1467-4386,4386,4387,509217673,2^509217673-1,STRUCTURAL_SCREEN_EXHAUSTED_PRIMALITY_UNASSIGNED,GF3A_DIRECTIONAL_WRITE_EXHAUSTED_PRIMALITY_UNASSIGNED,513,512,512,NO_RECORDED_FACTOR_PRP_OR_LL_RESULT_AND_NO_ACTIVE_GIMPS_ASSIGNMENT,2026-08-09T02:56:41+00:00,UNALLOCATED,,,,,
SLCMP1467-4387,4387,4388,509217713,2^509217713-1,STRUCTURAL_SCREEN_EXHAUSTED_PRIMALITY_UNASSIGNED,GF3A_DIRECTIONAL_WRITE_EXHAUSTED_PRIMALITY_UNASSIGNED,513,512,512,NO_RECORDED_FACTOR_PRP_OR_LL_RESULT_AND_NO_ACTIVE_GIMPS_ASSIGNMENT,2026-08-09T02:56:41+00:00,UNALLOCATED,,,,,
SLCMP1467-4388,4388,4389,509217899,2^509217899-1,STRUCTURAL_SCREEN_EXHAUSTED_PRIMALITY_UNASSIGNED,GF3A_DIRECTIONAL_WRITE_EXHAUSTED_PRIMALITY_UNASSIGNED,514,512,512,NO_RECORDED_FACTOR_PRP_OR_LL_RESULT_AND_NO_ACTIVE_GIMPS_ASSIGNMENT,2026-08-09T02:56:41+00:00,UNALLOCATED,,,,,
SLCMP1467-4389,4389,4390,509217923,2^509217923-1,STRUCTURAL_SCREEN_EXHAUSTED_PRIMALITY_UNASSIGNED,GF3A_DIRECTIONAL_WRITE_EXHAUSTED_PRIMALITY_UNASSIGNED,514,512,512,NO_RECORDED_FACTOR_PRP_OR_LL_RESULT_AND_NO_ACTIVE_GIMPS_ASSIGNMENT,2026-08-09T02:56:41+00:00,UNALLOCATED,,,,,
SLCMP1467-4390,4390,4391,509217937,2^509217937-1,STRUCTURAL_SCREEN_EXHAUSTED_PRIMALITY_UNASSIGNED,GF3A_DIRECTIONAL_WRITE_EXHAUSTED_PRIMALITY_UNASSIGNED,513,512,512,NO_RECORDED_FACTOR_PRP_OR_LL_RESULT_AND_NO_ACTIVE_GIMPS_ASSIGNMENT,2026-08-09T02:56:41+00:00,UNALLOCATED,,,,,
SLCMP1467-4391,4391,4392,509218081,2^509218081-1,STRUCTURAL_SCREEN_EXHAUSTED_PRIMALITY_UNASSIGNED,GF3A_DIRECTIONAL_WRITE_EXHAUSTED_PRIMALITY_UNASSIGNED,513,512,512,NO_RECORDED_FACTOR_PRP_OR_LL_RESULT_AND_NO_ACTIVE_GIMPS_ASSIGNMENT,2026-08-09T02:56:41+00:00,UNALLOCATED,,,,,
SLCMP1467-4392,4392,4393,509218109,2^509218109-1,STRUCTURAL_SCREEN_EXHAUSTED_PRIMALITY_UNASSIGNED,GF3A_DIRECTIONAL_WRITE_EXHAUSTED_PRIMALITY_UNASSIGNED,513,512,512,NO_RECORDED_FACTOR_PRP_OR_LL_RESULT_AND_NO_ACTIVE_GIMPS_ASSIGNMENT,2026-08-09T02:56:41+00:00,UNALLOCATED,,,,,
SLCMP1467-4393,4393,4394,509218189,2^509218189-1,STRUCTURAL_SCREEN_EXHAUSTED_PRIMALITY_UNASSIGNED,GF3A_DIRECTIONAL_WRITE_EXHAUSTED_PRIMALITY_UNASSIGNED,513,512,512,NO_RECORDED_FACTOR_PRP_OR_LL_RESULT_AND_NO_ACTIVE_GIMPS_ASSIGNMENT,2026-08-09T02:56:41+00:00,UNALLOCATED,,,,,
SLCMP1467-4394,4394,4395,509218211,2^509218211-1,STRUCTURAL_SCREEN_EXHAUSTED_PRIMALITY_UNASSIGNED,GF3A_DIRECTIONAL_WRITE_EXHAUSTED_PRIMALITY_UNASSIGNED,514,512,512,NO_RECORDED_FACTOR_PRP_OR_LL_RESULT_AND_NO_ACTIVE_GIMPS_ASSIGNMENT,2026-08-09T02:56:41+00:00,UNALLOCATED,,,,,
SLCMP1467-4395,4395,4396,509218247,2^509218247-1,STRUCTURAL_SCREEN_EXHAUSTED_PRIMALITY_UNASSIGNED,GF3A_DIRECTIONAL_WRITE_EXHAUSTED_PRIMALITY_UNASSIGNED,514,512,512,NO_RECORDED_FACTOR_PRP_OR_LL_RESULT_AND_NO_ACTIVE_GIMPS_ASSIGNMENT,2026-08-09T02:56:41+00:00,UNALLOCATED,,,,,
SLCMP1467-4396,4396,4397,509218249,2^509218249-1,STRUCTURAL_SCREEN_EXHAUSTED_PRIMALITY_UNASSIGNED,GF3A_DIRECTIONAL_WRITE_EXHAUSTED_PRIMALITY_UNASSIGNED,513,512,512,NO_RECORDED_FACTOR_PRP_OR_LL_RESULT_AND_NO_ACTIVE_GIMPS_ASSIGNMENT,2026-08-09T02:56:41+00:00,UNALLOCATED,,,,,
SLCMP1467-4397,4397,4398,509218261,2^509218261-1,STRUCTURAL_SCREEN_EXHAUSTED_PRIMALITY_UNASSIGNED,GF3A_DIRECTIONAL_WRITE_EXHAUSTED_PRIMALITY_UNASSIGNED,513,512,512,NO_RECORDED_FACTOR_PRP_OR_LL_RESULT_AND_NO_ACTIVE_GIMPS_ASSIGNMENT,2026-08-09T02:56:41+00:00,UNALLOCATED,,,,,
SLCMP1467-4398,4398,4399,509218267,2^509218267-1,STRUCTURAL_SCREEN_EXHAUSTED_PRIMALITY_UNASSIGNED,GF3A_DIRECTIONAL_WRITE_EXHAUSTED_PRIMALITY_UNASSIGNED,514,512,512,NO_RECORDED_FACTOR_PRP_OR_LL_RESULT_AND_NO_ACTIVE_GIMPS_ASSIGNMENT,2026-08-09T02:56:41+00:00,UNALLOCATED,,,,,
SLCMP1467-4399,4399,4400,509218277,2^509218277-1,STRUCTURAL_SCREEN_EXHAUSTED_PRIMALITY_UNASSIGNED,GF3A_DIRECTIONAL_WRITE_EXHAUSTED_PRIMALITY_UNASSIGNED,513,512,512,NO_RECORDED_FACTOR_PRP_OR_LL_RESULT_AND_NO_ACTIVE_GIMPS_ASSIGNMENT,2026-08-09T02:56:41+00:00,UNALLOCATED,,,,,
SLCMP1467-4400,4400,4401,509218433,2^509218433-1,STRUCTURAL_SCREEN_EXHAUSTED_PRIMALITY_UNASSIGNED,GF3A_DIRECTIONAL_WRITE_EXHAUSTED_PRIMALITY_UNASSIGNED,513,512,512,NO_RECORDED_FACTOR_PRP_OR_LL_RESULT_AND_NO_ACTIVE_GIMPS_ASSIGNMENT,2026-08-09T02:56:41+00:00,UNALLOCATED,,,,,
SLCMP1467-4401,4401,4402,509218519,2^509218519-1,STRUCTURAL_SCREEN_EXHAUSTED_PRIMALITY_UNASSIGNED,GF3A_DIRECTIONAL_WRITE_EXHAUSTED_PRIMALITY_UNASSIGNED,514,512,512,NO_RECORDED_FACTOR_PRP_OR_LL_RESULT_AND_NO_ACTIVE_GIMPS_ASSIGNMENT,2026-08-09T02:56:41+00:00,UNALLOCATED,,,,,
SLCMP1467-4402,4402,4403,509218543,2^509218543-1,STRUCTURAL_SCREEN_EXHAUSTED_PRIMALITY_UNASSIGNED,GF3A_DIRECTIONAL_WRITE_EXHAUSTED_PRIMALITY_UNASSIGNED,514,512,512,NO_RECORDED_FACTOR_PRP_OR_LL_RESULT_AND_NO_ACTIVE_GIMPS_ASSIGNMENT,2026-08-09T02:56:41+00:00,UNALLOCATED,,,,,
SLCMP1467-4403,4403,4404,509218553,2^509218553-1,STRUCTURAL_SCREEN_EXHAUSTED_PRIMALITY_UNASSIGNED,GF3A_DIRECTIONAL_WRITE_EXHAUSTED_PRIMALITY_UNASSIGNED,513,512,512,NO_RECORDED_FACTOR_PRP_OR_LL_RESULT_AND_NO_ACTIVE_GIMPS_ASSIGNMENT,2026-08-09T02:56:41+00:00,UNALLOCATED,,,,,
SLCMP1467-4404,4404,4405,509218583,2^509218583-1,STRUCTURAL_SCREEN_EXHAUSTED_PRIMALITY_UNASSIGNED,GF3A_DIRECTIONAL_WRITE_EXHAUSTED_PRIMALITY_UNASSIGNED,514,512,512,NO_RECORDED_FACTOR_PRP_OR_LL_RESULT_AND_NO_ACTIVE_GIMPS_ASSIGNMENT,2026-08-09T02:56:41+00:00,UNALLOCATED,,,,,
SLCMP1467-4405,4405,4406,509218609,2^509218609-1,STRUCTURAL_SCREEN_EXHAUSTED_PRIMALITY_UNASSIGNED,GF3A_DIRECTIONAL_WRITE_EXHAUSTED_PRIMALITY_UNASSIGNED,513,512,512,NO_RECORDED_FACTOR_PRP_OR_LL_RESULT_AND_NO_ACTIVE_GIMPS_ASSIGNMENT,2026-08-09T02:56:41+00:00,UNALLOCATED,,,,,
SLCMP1467-4406,4406,4407,509218621,2^509218621-1,STRUCTURAL_SCREEN_EXHAUSTED_PRIMALITY_UNASSIGNED,GF3A_DIRECTIONAL_WRITE_EXHAUSTED_PRIMALITY_UNASSIGNED,513,512,512,NO_RECORDED_FACTOR_PRP_OR_LL_RESULT_AND_NO_ACTIVE_GIMPS_ASSIGNMENT,2026-08-09T02:56:41+00:00,UNALLOCATED,,,,,
SLCMP1467-4407,4407,4408,509218631,2^509218631-1,STRUCTURAL_SCREEN_EXHAUSTED_PRIMALITY_UNASSIGNED,GF3A_DIRECTIONAL_WRITE_EXHAUSTED_PRIMALITY_UNASSIGNED,514,512,512,NO_RECORDED_FACTOR_PRP_OR_LL_RESULT_AND_NO_ACTIVE_GIMPS_ASSIGNMENT,2026-08-09T02:56:41+00:00,UNALLOCATED,,,,,
SLCMP1467-4408,4408,4409,509218637,2^509218637-1,STRUCTURAL_SCREEN_EXHAUSTED_PRIMALITY_UNASSIGNED,GF3A_DIRECTIONAL_WRITE_EXHAUSTED_PRIMALITY_UNASSIGNED,513,512,512,NO_RECORDED_FACTOR_PRP_OR_LL_RESULT_AND_NO_ACTIVE_GIMPS_ASSIGNMENT,2026-08-09T02:56:41+00:00,UNALLOCATED,,,,,
SLCMP1467-4409,4409,4410,509218657,2^509218657-1,STRUCTURAL_SCREEN_EXHAUSTED_PRIMALITY_UNASSIGNED,GF3A_DIRECTIONAL_WRITE_EXHAUSTED_PRIMALITY_UNASSIGNED,513,512,512,NO_RECORDED_FACTOR_PRP_OR_LL_RESULT_AND_NO_ACTIVE_GIMPS_ASSIGNMENT,2026-08-09T02:56:41+00:00,UNALLOCATED,,,,,
SLCMP1467-4410,4410,4411,509218709,2^509218709-1,STRUCTURAL_SCREEN_EXHAUSTED_PRIMALITY_UNASSIGNED,GF3A_DIRECTIONAL_WRITE_EXHAUSTED_PRIMALITY_UNASSIGNED,513,512,512,NO_RECORDED_FACTOR_PRP_OR_LL_RESULT_AND_NO_ACTIVE_GIMPS_ASSIGNMENT,2026-08-09T02:56:41+00:00,UNALLOCATED,,,,,
SLCMP1467-4411,4411,4412,509218807,2^509218807-1,STRUCTURAL_SCREEN_EXHAUSTED_PRIMALITY_UNASSIGNED,GF3A_DIRECTIONAL_WRITE_EXHAUSTED_PRIMALITY_UNASSIGNED,514,512,512,NO_RECORDED_FACTOR_PRP_OR_LL_RESULT_AND_NO_ACTIVE_GIMPS_ASSIGNMENT,2026-08-09T02:56:41+00:00,UNALLOCATED,,,,,
SLCMP1467-4412,4412,4413,509218813,2^509218813-1,STRUCTURAL_SCREEN_EXHAUSTED_PRIMALITY_UNASSIGNED,GF3A_DIRECTIONAL_WRITE_EXHAUSTED_PRIMALITY_UNASSIGNED,513,512,512,NO_RECORDED_FACTOR_PRP_OR_LL_RESULT_AND_NO_ACTIVE_GIMPS_ASSIGNMENT,2026-08-09T02:56:41+00:00,UNALLOCATED,,,,,
SLCMP1467-4413,4413,4414,509218837,2^509218837-1,STRUCTURAL_SCREEN_EXHAUSTED_PRIMALITY_UNASSIGNED,GF3A_DIRECTIONAL_WRITE_EXHAUSTED_PRIMALITY_UNASSIGNED,513,512,512,NO_RECORDED_FACTOR_PRP_OR_LL_RESULT_AND_NO_ACTIVE_GIMPS_ASSIGNMENT,2026-08-09T02:56:41+00:00,UNALLOCATED,,,,,
SLCMP1467-4414,4414,4415,509218921,2^509218921-1,STRUCTURAL_SCREEN_EXHAUSTED_PRIMALITY_UNASSIGNED,GF3A_DIRECTIONAL_WRITE_EXHAUSTED_PRIMALITY_UNASSIGNED,513,512,512,NO_RECORDED_FACTOR_PRP_OR_LL_RESULT_AND_NO_ACTIVE_GIMPS_ASSIGNMENT,2026-08-09T02:56:41+00:00,UNALLOCATED,,,,,
SLCMP1467-4415,4415,4416,509218949,2^509218949-1,STRUCTURAL_SCREEN_EXHAUSTED_PRIMALITY_UNASSIGNED,GF3A_DIRECTIONAL_WRITE_EXHAUSTED_PRIMALITY_UNASSIGNED,513,512,512,NO_RECORDED_FACTOR_PRP_OR_LL_RESULT_AND_NO_ACTIVE_GIMPS_ASSIGNMENT,2026-08-09T02:56:41+00:00,UNALLOCATED,,,,,
SLCMP1467-4416,4416,4417,509218967,2^509218967-1,STRUCTURAL_SCREEN_EXHAUSTED_PRIMALITY_UNASSIGNED,GF3A_DIRECTIONAL_WRITE_EXHAUSTED_PRIMALITY_UNASSIGNED,514,512,512,NO_RECORDED_FACTOR_PRP_OR_LL_RESULT_AND_NO_ACTIVE_GIMPS_ASSIGNMENT,2026-08-09T02:56:41+00:00,UNALLOCATED,,,,,
SLCMP1467-4417,4417,4418,509218979,2^509218979-1,STRUCTURAL_SCREEN_EXHAUSTED_PRIMALITY_UNASSIGNED,GF3A_DIRECTIONAL_WRITE_EXHAUSTED_PRIMALITY_UNASSIGNED,514,512,512,NO_RECORDED_FACTOR_PRP_OR_LL_RESULT_AND_NO_ACTIVE_GIMPS_ASSIGNMENT,2026-08-09T02:56:41+00:00,UNALLOCATED,,,,,
SLCMP1467-4418,4418,4419,509218993,2^509218993-1,STRUCTURAL_SCREEN_EXHAUSTED_PRIMALITY_UNASSIGNED,GF3A_DIRECTIONAL_WRITE_EXHAUSTED_PRIMALITY_UNASSIGNED,513,512,512,NO_RECORDED_FACTOR_PRP_OR_LL_RESULT_AND_NO_ACTIVE_GIMPS_ASSIGNMENT,2026-08-09T02:56:41+00:00,UNALLOCATED,,,,,
SLCMP1467-4419,4419,4420,509219041,2^509219041-1,STRUCTURAL_SCREEN_EXHAUSTED_PRIMALITY_UNASSIGNED,GF3A_DIRECTIONAL_WRITE_EXHAUSTED_PRIMALITY_UNASSIGNED,513,512,512,NO_RECORDED_FACTOR_PRP_OR_LL_RESULT_AND_NO_ACTIVE_GIMPS_ASSIGNMENT,2026-08-09T02:56:41+00:00,UNALLOCATED,,,,,
SLCMP1467-4420,4420,4421,509219047,2^509219047-1,STRUCTURAL_SCREEN_EXHAUSTED_PRIMALITY_UNASSIGNED,GF3A_DIRECTIONAL_WRITE_EXHAUSTED_PRIMALITY_UNASSIGNED,514,512,512,NO_RECORDED_FACTOR_PRP_OR_LL_RESULT_AND_NO_ACTIVE_GIMPS_ASSIGNMENT,2026-08-09T02:56:41+00:00,UNALLOCATED,,,,,
SLCMP1467-4421,4421,4422,509219131,2^509219131-1,STRUCTURAL_SCREEN_EXHAUSTED_PRIMALITY_UNASSIGNED,GF3A_DIRECTIONAL_WRITE_EXHAUSTED_PRIMALITY_UNASSIGNED,514,512,512,NO_RECORDED_FACTOR_PRP_OR_LL_RESULT_AND_NO_ACTIVE_GIMPS_ASSIGNMENT,2026-08-09T02:56:41+00:00,UNALLOCATED,,,,,
SLCMP1467-4422,4422,4423,509219141,2^509219141-1,STRUCTURAL_SCREEN_EXHAUSTED_PRIMALITY_UNASSIGNED,GF3A_DIRECTIONAL_WRITE_EXHAUSTED_PRIMALITY_UNASSIGNED,513,512,512,NO_RECORDED_FACTOR_PRP_OR_LL_RESULT_AND_NO_ACTIVE_GIMPS_ASSIGNMENT,2026-08-09T02:56:41+00:00,UNALLOCATED,,,,,
SLCMP1467-4423,4423,4424,509219189,2^509219189-1,STRUCTURAL_SCREEN_EXHAUSTED_PRIMALITY_UNASSIGNED,GF3A_DIRECTIONAL_WRITE_EXHAUSTED_PRIMALITY_UNASSIGNED,513,512,512,NO_RECORDED_FACTOR_PRP_OR_LL_RESULT_AND_NO_ACTIVE_GIMPS_ASSIGNMENT,2026-08-09T02:56:41+00:00,UNALLOCATED,,,,,
SLCMP1467-4424,4424,4425,509219297,2^509219297-1,STRUCTURAL_SCREEN_EXHAUSTED_PRIMALITY_UNASSIGNED,GF3A_DIRECTIONAL_WRITE_EXHAUSTED_PRIMALITY_UNASSIGNED,513,512,512,NO_RECORDED_FACTOR_PRP_OR_LL_RESULT_AND_NO_ACTIVE_GIMPS_ASSIGNMENT,2026-08-09T02:56:41+00:00,UNALLOCATED,,,,,
SLCMP1467-4425,4425,4426,509219341,2^509219341-1,STRUCTURAL_SCREEN_EXHAUSTED_PRIMALITY_UNASSIGNED,GF3A_DIRECTIONAL_WRITE_EXHAUSTED_PRIMALITY_UNASSIGNED,513,512,512,NO_RECORDED_FACTOR_PRP_OR_LL_RESULT_AND_NO_ACTIVE_GIMPS_ASSIGNMENT,2026-08-09T02:56:41+00:00,UNALLOCATED,,,,,
SLCMP1467-4426,4426,4427,509219351,2^509219351-1,STRUCTURAL_SCREEN_EXHAUSTED_PRIMALITY_UNASSIGNED,GF3A_DIRECTIONAL_WRITE_EXHAUSTED_PRIMALITY_UNASSIGNED,514,512,512,NO_RECORDED_FACTOR_PRP_OR_LL_RESULT_AND_NO_ACTIVE_GIMPS_ASSIGNMENT,2026-08-09T02:56:41+00:00,UNALLOCATED,,,,,
SLCMP1467-4427,4427,4428,509219369,2^509219369-1,STRUCTURAL_SCREEN_EXHAUSTED_PRIMALITY_UNASSIGNED,GF3A_DIRECTIONAL_WRITE_EXHAUSTED_PRIMALITY_UNASSIGNED,513,512,512,NO_RECORDED_FACTOR_PRP_OR_LL_RESULT_AND_NO_ACTIVE_GIMPS_ASSIGNMENT,2026-08-09T02:56:41+00:00,UNALLOCATED,,,,,
SLCMP1467-4428,4428,4429,509219453,2^509219453-1,STRUCTURAL_SCREEN_EXHAUSTED_PRIMALITY_UNASSIGNED,GF3A_DIRECTIONAL_WRITE_EXHAUSTED_PRIMALITY_UNASSIGNED,513,512,512,NO_RECORDED_FACTOR_PRP_OR_LL_RESULT_AND_NO_ACTIVE_GIMPS_ASSIGNMENT,2026-08-09T02:56:41+00:00,UNALLOCATED,,,,,
SLCMP1467-4429,4429,4430,509219509,2^509219509-1,STRUCTURAL_SCREEN_EXHAUSTED_PRIMALITY_UNASSIGNED,GF3A_DIRECTIONAL_WRITE_EXHAUSTED_PRIMALITY_UNASSIGNED,513,512,512,NO_RECORDED_FACTOR_PRP_OR_LL_RESULT_AND_NO_ACTIVE_GIMPS_ASSIGNMENT,2026-08-09T02:56:41+00:00,UNALLOCATED,,,,,
SLCMP1467-4430,4430,4431,509219531,2^509219531-1,STRUCTURAL_SCREEN_EXHAUSTED_PRIMALITY_UNASSIGNED,GF3A_DIRECTIONAL_WRITE_EXHAUSTED_PRIMALITY_UNASSIGNED,514,512,512,NO_RECORDED_FACTOR_PRP_OR_LL_RESULT_AND_NO_ACTIVE_GIMPS_ASSIGNMENT,2026-08-09T02:56:41+00:00,UNALLOCATED,,,,,
SLCMP1467-4431,4431,4432,509219611,2^509219611-1,STRUCTURAL_SCREEN_EXHAUSTED_PRIMALITY_UNASSIGNED,GF3A_DIRECTIONAL_WRITE_EXHAUSTED_PRIMALITY_UNASSIGNED,514,512,512,NO_RECORDED_FACTOR_PRP_OR_LL_RESULT_AND_NO_ACTIVE_GIMPS_ASSIGNMENT,2026-08-09T02:56:41+00:00,UNALLOCATED,,,,,
SLCMP1467-4432,4432,4433,509219617,2^509219617-1,STRUCTURAL_SCREEN_EXHAUSTED_PRIMALITY_UNASSIGNED,GF3A_DIRECTIONAL_WRITE_EXHAUSTED_PRIMALITY_UNASSIGNED,513,512,512,NO_RECORDED_FACTOR_PRP_OR_LL_RESULT_AND_NO_ACTIVE_GIMPS_ASSIGNMENT,2026-08-09T02:56:41+00:00,UNALLOCATED,,,,,
SLCMP1467-4433,4433,4434,509219629,2^509219629-1,STRUCTURAL_SCREEN_EXHAUSTED_PRIMALITY_UNASSIGNED,GF3A_DIRECTIONAL_WRITE_EXHAUSTED_PRIMALITY_UNASSIGNED,513,512,512,NO_RECORDED_FACTOR_PRP_OR_LL_RESULT_AND_NO_ACTIVE_GIMPS_ASSIGNMENT,2026-08-09T02:56:41+00:00,UNALLOCATED,,,,,
SLCMP1467-4434,4434,4435,509219647,2^509219647-1,STRUCTURAL_SCREEN_EXHAUSTED_PRIMALITY_UNASSIGNED,GF3A_DIRECTIONAL_WRITE_EXHAUSTED_PRIMALITY_UNASSIGNED,514,512,512,NO_RECORDED_FACTOR_PRP_OR_LL_RESULT_AND_NO_ACTIVE_GIMPS_ASSIGNMENT,2026-08-09T02:56:41+00:00,UNALLOCATED,,,,,
SLCMP1467-4435,4435,4436,509219723,2^509219723-1,STRUCTURAL_SCREEN_EXHAUSTED_PRIMALITY_UNASSIGNED,GF3A_DIRECTIONAL_WRITE_EXHAUSTED_PRIMALITY_UNASSIGNED,514,512,512,NO_RECORDED_FACTOR_PRP_OR_LL_RESULT_AND_NO_ACTIVE_GIMPS_ASSIGNMENT,2026-08-09T02:56:41+00:00,UNALLOCATED,,,,,
SLCMP1467-4436,4436,4437,509219759,2^509219759-1,STRUCTURAL_SCREEN_EXHAUSTED_PRIMALITY_UNASSIGNED,GF3A_DIRECTIONAL_WRITE_EXHAUSTED_PRIMALITY_UNASSIGNED,514,512,512,NO_RECORDED_FACTOR_PRP_OR_LL_RESULT_AND_NO_ACTIVE_GIMPS_ASSIGNMENT,2026-08-09T02:56:41+00:00,UNALLOCATED,,,,,
SLCMP1467-4437,4437,4438,509219771,2^509219771-1,STRUCTURAL_SCREEN_EXHAUSTED_PRIMALITY_UNASSIGNED,GF3A_DIRECTIONAL_WRITE_EXHAUSTED_PRIMALITY_UNASSIGNED,514,512,512,NO_RECORDED_FACTOR_PRP_OR_LL_RESULT_AND_NO_ACTIVE_GIMPS_ASSIGNMENT,2026-08-09T02:56:41+00:00,UNALLOCATED,,,,,
SLCMP1467-4438,4438,4439,509219861,2^509219861-1,STRUCTURAL_SCREEN_EXHAUSTED_PRIMALITY_UNASSIGNED,GF3A_DIRECTIONAL_WRITE_EXHAUSTED_PRIMALITY_UNASSIGNED,513,512,512,NO_RECORDED_FACTOR_PRP_OR_LL_RESULT_AND_NO_ACTIVE_GIMPS_ASSIGNMENT,2026-08-09T02:56:41+00:00,UNALLOCATED,,,,,
SLCMP1467-4439,4439,4440,509219873,2^509219873-1,STRUCTURAL_SCREEN_EXHAUSTED_PRIMALITY_UNASSIGNED,GF3A_DIRECTIONAL_WRITE_EXHAUSTED_PRIMALITY_UNASSIGNED,513,512,512,NO_RECORDED_FACTOR_PRP_OR_LL_RESULT_AND_NO_ACTIVE_GIMPS_ASSIGNMENT,2026-08-09T02:56:41+00:00,UNALLOCATED,,,,,
SLCMP1467-4440,4440,4441,509219911,2^509219911-1,STRUCTURAL_SCREEN_EXHAUSTED_PRIMALITY_UNASSIGNED,GF3A_DIRECTIONAL_WRITE_EXHAUSTED_PRIMALITY_UNASSIGNED,514,512,512,NO_RECORDED_FACTOR_PRP_OR_LL_RESULT_AND_NO_ACTIVE_GIMPS_ASSIGNMENT,2026-08-09T02:56:41+00:00,UNALLOCATED,,,,,
SLCMP1467-4441,4441,4442,509219927,2^509219927-1,STRUCTURAL_SCREEN_EXHAUSTED_PRIMALITY_UNASSIGNED,GF3A_DIRECTIONAL_WRITE_EXHAUSTED_PRIMALITY_UNASSIGNED,514,512,512,NO_RECORDED_FACTOR_PRP_OR_LL_RESULT_AND_NO_ACTIVE_GIMPS_ASSIGNMENT,2026-08-09T02:56:41+00:00,UNALLOCATED,,,,,
SLCMP1467-4442,4442,4443,509219929,2^509219929-1,STRUCTURAL_SCREEN_EXHAUSTED_PRIMALITY_UNASSIGNED,GF3A_DIRECTIONAL_WRITE_EXHAUSTED_PRIMALITY_UNASSIGNED,513,512,512,NO_RECORDED_FACTOR_PRP_OR_LL_RESULT_AND_NO_ACTIVE_GIMPS_ASSIGNMENT,2026-08-09T02:56:41+00:00,UNALLOCATED,,,,,
SLCMP1467-4443,4443,4444,509219951,2^509219951-1,STRUCTURAL_SCREEN_EXHAUSTED_PRIMALITY_UNASSIGNED,GF3A_DIRECTIONAL_WRITE_EXHAUSTED_PRIMALITY_UNASSIGNED,514,512,512,NO_RECORDED_FACTOR_PRP_OR_LL_RESULT_AND_NO_ACTIVE_GIMPS_ASSIGNMENT,2026-08-09T02:56:41+00:00,UNALLOCATED,,,,,
SLCMP1467-4444,4444,4445,509220031,2^509220031-1,STRUCTURAL_SCREEN_EXHAUSTED_PRIMALITY_UNASSIGNED,GF3A_DIRECTIONAL_WRITE_EXHAUSTED_PRIMALITY_UNASSIGNED,514,512,512,NO_RECORDED_FACTOR_PRP_OR_LL_RESULT_AND_NO_ACTIVE_GIMPS_ASSIGNMENT,2026-08-09T02:56:41+00:00,UNALLOCATED,,,,,
SLCMP1467-4445,4445,4446,509220053,2^509220053-1,STRUCTURAL_SCREEN_EXHAUSTED_PRIMALITY_UNASSIGNED,GF3A_DIRECTIONAL_WRITE_EXHAUSTED_PRIMALITY_UNASSIGNED,513,512,512,NO_RECORDED_FACTOR_PRP_OR_LL_RESULT_AND_NO_ACTIVE_GIMPS_ASSIGNMENT,2026-08-09T02:56:41+00:00,UNALLOCATED,,,,,
SLCMP1467-4446,4446,4447,509220073,2^509220073-1,STRUCTURAL_SCREEN_EXHAUSTED_PRIMALITY_UNASSIGNED,GF3A_DIRECTIONAL_WRITE_EXHAUSTED_PRIMALITY_UNASSIGNED,513,512,512,NO_RECORDED_FACTOR_PRP_OR_LL_RESULT_AND_NO_ACTIVE_GIMPS_ASSIGNMENT,2026-08-09T02:56:41+00:00,UNALLOCATED,,,,,
SLCMP1467-4447,4447,4448,509220109,2^509220109-1,STRUCTURAL_SCREEN_EXHAUSTED_PRIMALITY_UNASSIGNED,GF3A_DIRECTIONAL_WRITE_EXHAUSTED_PRIMALITY_UNASSIGNED,513,512,512,NO_RECORDED_FACTOR_PRP_OR_LL_RESULT_AND_NO_ACTIVE_GIMPS_ASSIGNMENT,2026-08-09T02:56:41+00:00,UNALLOCATED,,,,,
SLCMP1467-4448,4448,4449,509220223,2^509220223-1,STRUCTURAL_SCREEN_EXHAUSTED_PRIMALITY_UNASSIGNED,GF3A_DIRECTIONAL_WRITE_EXHAUSTED_PRIMALITY_UNASSIGNED,514,512,512,NO_RECORDED_FACTOR_PRP_OR_LL_RESULT_AND_NO_ACTIVE_GIMPS_ASSIGNMENT,2026-08-09T02:56:41+00:00,UNALLOCATED,,,,,
SLCMP1467-4449,4449,4450,509220263,2^509220263-1,STRUCTURAL_SCREEN_EXHAUSTED_PRIMALITY_UNASSIGNED,GF3A_DIRECTIONAL_WRITE_EXHAUSTED_PRIMALITY_UNASSIGNED,514,512,512,NO_RECORDED_FACTOR_PRP_OR_LL_RESULT_AND_NO_ACTIVE_GIMPS_ASSIGNMENT,2026-08-09T02:56:41+00:00,UNALLOCATED,,,,,
SLCMP1467-4450,4450,4451,509220359,2^509220359-1,STRUCTURAL_SCREEN_EXHAUSTED_PRIMALITY_UNASSIGNED,GF3A_DIRECTIONAL_WRITE_EXHAUSTED_PRIMALITY_UNASSIGNED,514,512,512,NO_RECORDED_FACTOR_PRP_OR_LL_RESULT_AND_NO_ACTIVE_GIMPS_ASSIGNMENT,2026-08-09T02:56:41+00:00,UNALLOCATED,,,,,
SLCMP1467-4451,4451,4452,509220407,2^509220407-1,STRUCTURAL_SCREEN_EXHAUSTED_PRIMALITY_UNASSIGNED,GF3A_DIRECTIONAL_WRITE_EXHAUSTED_PRIMALITY_UNASSIGNED,514,512,512,NO_RECORDED_FACTOR_PRP_OR_LL_RESULT_AND_NO_ACTIVE_GIMPS_ASSIGNMENT,2026-08-09T02:56:41+00:00,UNALLOCATED,,,,,
SLCMP1467-4452,4452,4453,509220409,2^509220409-1,STRUCTURAL_SCREEN_EXHAUSTED_PRIMALITY_UNASSIGNED,GF3A_DIRECTIONAL_WRITE_EXHAUSTED_PRIMALITY_UNASSIGNED,513,512,512,NO_RECORDED_FACTOR_PRP_OR_LL_RESULT_AND_NO_ACTIVE_GIMPS_ASSIGNMENT,2026-08-09T02:56:41+00:00,UNALLOCATED,,,,,
SLCMP1467-4453,4453,4454,509220461,2^509220461-1,STRUCTURAL_SCREEN_EXHAUSTED_PRIMALITY_UNASSIGNED,GF3A_DIRECTIONAL_WRITE_EXHAUSTED_PRIMALITY_UNASSIGNED,513,512,512,NO_RECORDED_FACTOR_PRP_OR_LL_RESULT_AND_NO_ACTIVE_GIMPS_ASSIGNMENT,2026-08-09T02:56:41+00:00,UNALLOCATED,,,,,
SLCMP1467-4454,4454,4455,509220469,2^509220469-1,STRUCTURAL_SCREEN_EXHAUSTED_PRIMALITY_UNASSIGNED,GF3A_DIRECTIONAL_WRITE_EXHAUSTED_PRIMALITY_UNASSIGNED,513,512,512,NO_RECORDED_FACTOR_PRP_OR_LL_RESULT_AND_NO_ACTIVE_GIMPS_ASSIGNMENT,2026-08-09T02:56:41+00:00,UNALLOCATED,,,,,
SLCMP1467-4455,4455,4456,509220493,2^509220493-1,STRUCTURAL_SCREEN_EXHAUSTED_PRIMALITY_UNASSIGNED,GF3A_DIRECTIONAL_WRITE_EXHAUSTED_PRIMALITY_UNASSIGNED,513,512,512,NO_RECORDED_FACTOR_PRP_OR_LL_RESULT_AND_NO_ACTIVE_GIMPS_ASSIGNMENT,2026-08-09T02:56:41+00:00,UNALLOCATED,,,,,
SLCMP1467-4456,4456,4457,509220629,2^509220629-1,STRUCTURAL_SCREEN_EXHAUSTED_PRIMALITY_UNASSIGNED,GF3A_DIRECTIONAL_WRITE_EXHAUSTED_PRIMALITY_UNASSIGNED,513,512,512,NO_RECORDED_FACTOR_PRP_OR_LL_RESULT_AND_NO_ACTIVE_GIMPS_ASSIGNMENT,2026-08-09T02:56:41+00:00,UNALLOCATED,,,,,
SLCMP1467-4457,4457,4458,509220631,2^509220631-1,STRUCTURAL_SCREEN_EXHAUSTED_PRIMALITY_UNASSIGNED,GF3A_DIRECTIONAL_WRITE_EXHAUSTED_PRIMALITY_UNASSIGNED,514,512,512,NO_RECORDED_FACTOR_PRP_OR_LL_RESULT_AND_NO_ACTIVE_GIMPS_ASSIGNMENT,2026-08-09T02:56:41+00:00,UNALLOCATED,,,,,
SLCMP1467-4458,4458,4459,509220637,2^509220637-1,STRUCTURAL_SCREEN_EXHAUSTED_PRIMALITY_UNASSIGNED,GF3A_DIRECTIONAL_WRITE_EXHAUSTED_PRIMALITY_UNASSIGNED,513,512,512,NO_RECORDED_FACTOR_PRP_OR_LL_RESULT_AND_NO_ACTIVE_GIMPS_ASSIGNMENT,2026-08-09T02:56:41+00:00,UNALLOCATED,,,,,
SLCMP1467-4459,4459,4460,509220727,2^509220727-1,STRUCTURAL_SCREEN_EXHAUSTED_PRIMALITY_UNASSIGNED,GF3A_DIRECTIONAL_WRITE_EXHAUSTED_PRIMALITY_UNASSIGNED,514,512,512,NO_RECORDED_FACTOR_PRP_OR_LL_RESULT_AND_NO_ACTIVE_GIMPS_ASSIGNMENT,2026-08-09T02:56:41+00:00,UNALLOCATED,,,,,
SLCMP1467-4460,4460,4461,509220743,2^509220743-1,STRUCTURAL_SCREEN_EXHAUSTED_PRIMALITY_UNASSIGNED,GF3A_DIRECTIONAL_WRITE_EXHAUSTED_PRIMALITY_UNASSIGNED,514,512,512,NO_RECORDED_FACTOR_PRP_OR_LL_RESULT_AND_NO_ACTIVE_GIMPS_ASSIGNMENT,2026-08-09T02:56:41+00:00,UNALLOCATED,,,,,
SLCMP1467-4461,4461,4462,509220757,2^509220757-1,STRUCTURAL_SCREEN_EXHAUSTED_PRIMALITY_UNASSIGNED,GF3A_DIRECTIONAL_WRITE_EXHAUSTED_PRIMALITY_UNASSIGNED,513,512,512,NO_RECORDED_FACTOR_PRP_OR_LL_RESULT_AND_NO_ACTIVE_GIMPS_ASSIGNMENT,2026-08-09T02:56:41+00:00,UNALLOCATED,,,,,
SLCMP1467-4462,4462,4463,509220781,2^509220781-1,STRUCTURAL_SCREEN_EXHAUSTED_PRIMALITY_UNASSIGNED,GF3A_DIRECTIONAL_WRITE_EXHAUSTED_PRIMALITY_UNASSIGNED,513,512,512,NO_RECORDED_FACTOR_PRP_OR_LL_RESULT_AND_NO_ACTIVE_GIMPS_ASSIGNMENT,2026-08-09T02:56:41+00:00,UNALLOCATED,,,,,
SLCMP1467-4463,4463,4464,509220797,2^509220797-1,STRUCTURAL_SCREEN_EXHAUSTED_PRIMALITY_UNASSIGNED,GF3A_DIRECTIONAL_WRITE_EXHAUSTED_PRIMALITY_UNASSIGNED,513,512,512,NO_RECORDED_FACTOR_PRP_OR_LL_RESULT_AND_NO_ACTIVE_GIMPS_ASSIGNMENT,2026-08-09T02:56:41+00:00,UNALLOCATED,,,,,
SLCMP1467-4464,4464,4465,509220841,2^509220841-1,STRUCTURAL_SCREEN_EXHAUSTED_PRIMALITY_UNASSIGNED,GF3A_DIRECTIONAL_WRITE_EXHAUSTED_PRIMALITY_UNASSIGNED,513,512,512,NO_RECORDED_FACTOR_PRP_OR_LL_RESULT_AND_NO_ACTIVE_GIMPS_ASSIGNMENT,2026-08-09T02:56:41+00:00,UNALLOCATED,,,,,
SLCMP1467-4465,4465,4466,509220857,2^509220857-1,STRUCTURAL_SCREEN_EXHAUSTED_PRIMALITY_UNASSIGNED,GF3A_DIRECTIONAL_WRITE_EXHAUSTED_PRIMALITY_UNASSIGNED,513,512,512,NO_RECORDED_FACTOR_PRP_OR_LL_RESULT_AND_NO_ACTIVE_GIMPS_ASSIGNMENT,2026-08-09T02:56:41+00:00,UNALLOCATED,,,,,
SLCMP1467-4466,4466,4467,509220869,2^509220869-1,STRUCTURAL_SCREEN_EXHAUSTED_PRIMALITY_UNASSIGNED,GF3A_DIRECTIONAL_WRITE_EXHAUSTED_PRIMALITY_UNASSIGNED,513,512,512,NO_RECORDED_FACTOR_PRP_OR_LL_RESULT_AND_NO_ACTIVE_GIMPS_ASSIGNMENT,2026-08-09T02:56:41+00:00,UNALLOCATED,,,,,
SLCMP1467-4467,4467,4468,509220883,2^509220883-1,STRUCTURAL_SCREEN_EXHAUSTED_PRIMALITY_UNASSIGNED,GF3A_DIRECTIONAL_WRITE_EXHAUSTED_PRIMALITY_UNASSIGNED,514,512,512,NO_RECORDED_FACTOR_PRP_OR_LL_RESULT_AND_NO_ACTIVE_GIMPS_ASSIGNMENT,2026-08-09T02:56:41+00:00,UNALLOCATED,,,,,
SLCMP1467-4468,4468,4469,509220931,2^509220931-1,STRUCTURAL_SCREEN_EXHAUSTED_PRIMALITY_UNASSIGNED,GF3A_DIRECTIONAL_WRITE_EXHAUSTED_PRIMALITY_UNASSIGNED,514,512,512,NO_RECORDED_FACTOR_PRP_OR_LL_RESULT_AND_NO_ACTIVE_GIMPS_ASSIGNMENT,2026-08-09T02:56:41+00:00,UNALLOCATED,,,,,
SLCMP1467-4469,4469,4470,509220937,2^509220937-1,STRUCTURAL_SCREEN_EXHAUSTED_PRIMALITY_UNASSIGNED,GF3A_DIRECTIONAL_WRITE_EXHAUSTED_PRIMALITY_UNASSIGNED,513,512,512,NO_RECORDED_FACTOR_PRP_OR_LL_RESULT_AND_NO_ACTIVE_GIMPS_ASSIGNMENT,2026-08-09T02:56:41+00:00,UNALLOCATED,,,,,
SLCMP1467-4470,4470,4471,509220949,2^509220949-1,STRUCTURAL_SCREEN_EXHAUSTED_PRIMALITY_UNASSIGNED,GF3A_DIRECTIONAL_WRITE_EXHAUSTED_PRIMALITY_UNASSIGNED,513,512,512,NO_RECORDED_FACTOR_PRP_OR_LL_RESULT_AND_NO_ACTIVE_GIMPS_ASSIGNMENT,2026-08-09T02:56:41+00:00,UNALLOCATED,,,,,
SLCMP1467-4471,4471,4472,509220961,2^509220961-1,STRUCTURAL_SCREEN_EXHAUSTED_PRIMALITY_UNASSIGNED,GF3A_DIRECTIONAL_WRITE_EXHAUSTED_PRIMALITY_UNASSIGNED,513,512,512,NO_RECORDED_FACTOR_PRP_OR_LL_RESULT_AND_NO_ACTIVE_GIMPS_ASSIGNMENT,2026-08-09T02:56:41+00:00,UNALLOCATED,,,,,
SLCMP1467-4472,4472,4473,509221067,2^509221067-1,STRUCTURAL_SCREEN_EXHAUSTED_PRIMALITY_UNASSIGNED,GF3A_DIRECTIONAL_WRITE_EXHAUSTED_PRIMALITY_UNASSIGNED,514,512,512,NO_RECORDED_FACTOR_PRP_OR_LL_RESULT_AND_NO_ACTIVE_GIMPS_ASSIGNMENT,2026-08-09T02:56:41+00:00,UNALLOCATED,,,,,
SLCMP1467-4473,4473,4474,509221087,2^509221087-1,STRUCTURAL_SCREEN_EXHAUSTED_PRIMALITY_UNASSIGNED,GF3A_DIRECTIONAL_WRITE_EXHAUSTED_PRIMALITY_UNASSIGNED,514,512,512,NO_RECORDED_FACTOR_PRP_OR_LL_RESULT_AND_NO_ACTIVE_GIMPS_ASSIGNMENT,2026-08-09T02:56:41+00:00,UNALLOCATED,,,,,
SLCMP1467-4474,4474,4475,509221099,2^509221099-1,STRUCTURAL_SCREEN_EXHAUSTED_PRIMALITY_UNASSIGNED,GF3A_DIRECTIONAL_WRITE_EXHAUSTED_PRIMALITY_UNASSIGNED,514,512,512,NO_RECORDED_FACTOR_PRP_OR_LL_RESULT_AND_NO_ACTIVE_GIMPS_ASSIGNMENT,2026-08-09T02:56:41+00:00,UNALLOCATED,,,,,
SLCMP1467-4475,4475,4476,509221157,2^509221157-1,STRUCTURAL_SCREEN_EXHAUSTED_PRIMALITY_UNASSIGNED,GF3A_DIRECTIONAL_WRITE_EXHAUSTED_PRIMALITY_UNASSIGNED,513,512,512,NO_RECORDED_FACTOR_PRP_OR_LL_RESULT_AND_NO_ACTIVE_GIMPS_ASSIGNMENT,2026-08-09T02:56:41+00:00,UNALLOCATED,,,,,
SLCMP1467-4476,4476,4477,509221187,2^509221187-1,STRUCTURAL_SCREEN_EXHAUSTED_PRIMALITY_UNASSIGNED,GF3A_DIRECTIONAL_WRITE_EXHAUSTED_PRIMALITY_UNASSIGNED,514,512,512,NO_RECORDED_FACTOR_PRP_OR_LL_RESULT_AND_NO_ACTIVE_GIMPS_ASSIGNMENT,2026-08-09T02:56:41+00:00,UNALLOCATED,,,,,
SLCMP1467-4477,4477,4478,509221333,2^509221333-1,STRUCTURAL_SCREEN_EXHAUSTED_PRIMALITY_UNASSIGNED,GF3A_DIRECTIONAL_WRITE_EXHAUSTED_PRIMALITY_UNASSIGNED,513,512,512,NO_RECORDED_FACTOR_PRP_OR_LL_RESULT_AND_NO_ACTIVE_GIMPS_ASSIGNMENT,2026-08-09T02:56:41+00:00,UNALLOCATED,,,,,
SLCMP1467-4478,4478,4479,509221369,2^509221369-1,STRUCTURAL_SCREEN_EXHAUSTED_PRIMALITY_UNASSIGNED,GF3A_DIRECTIONAL_WRITE_EXHAUSTED_PRIMALITY_UNASSIGNED,513,512,512,NO_RECORDED_FACTOR_PRP_OR_LL_RESULT_AND_NO_ACTIVE_GIMPS_ASSIGNMENT,2026-08-09T02:56:41+00:00,UNALLOCATED,,,,,
SLCMP1467-4479,4479,4480,509221441,2^509221441-1,STRUCTURAL_SCREEN_EXHAUSTED_PRIMALITY_UNASSIGNED,GF3A_DIRECTIONAL_WRITE_EXHAUSTED_PRIMALITY_UNASSIGNED,513,512,512,NO_RECORDED_FACTOR_PRP_OR_LL_RESULT_AND_NO_ACTIVE_GIMPS_ASSIGNMENT,2026-08-09T02:56:41+00:00,UNALLOCATED,,,,,
SLCMP1467-4480,4480,4481,509221457,2^509221457-1,STRUCTURAL_SCREEN_EXHAUSTED_PRIMALITY_UNASSIGNED,GF3A_DIRECTIONAL_WRITE_EXHAUSTED_PRIMALITY_UNASSIGNED,513,512,512,NO_RECORDED_FACTOR_PRP_OR_LL_RESULT_AND_NO_ACTIVE_GIMPS_ASSIGNMENT,2026-08-09T02:56:41+00:00,UNALLOCATED,,,,,
SLCMP1467-4481,4481,4482,509221487,2^509221487-1,STRUCTURAL_SCREEN_EXHAUSTED_PRIMALITY_UNASSIGNED,GF3A_DIRECTIONAL_WRITE_EXHAUSTED_PRIMALITY_UNASSIGNED,514,512,512,NO_RECORDED_FACTOR_PRP_OR_LL_RESULT_AND_NO_ACTIVE_GIMPS_ASSIGNMENT,2026-08-09T02:56:41+00:00,UNALLOCATED,,,,,
SLCMP1467-4482,4482,4483,509221499,2^509221499-1,STRUCTURAL_SCREEN_EXHAUSTED_PRIMALITY_UNASSIGNED,GF3A_DIRECTIONAL_WRITE_EXHAUSTED_PRIMALITY_UNASSIGNED,514,512,512,NO_RECORDED_FACTOR_PRP_OR_LL_RESULT_AND_NO_ACTIVE_GIMPS_ASSIGNMENT,2026-08-09T02:56:41+00:00,UNALLOCATED,,,,,
SLCMP1467-4483,4483,4484,509221567,2^509221567-1,STRUCTURAL_SCREEN_EXHAUSTED_PRIMALITY_UNASSIGNED,GF3A_DIRECTIONAL_WRITE_EXHAUSTED_PRIMALITY_UNASSIGNED,514,512,512,NO_RECORDED_FACTOR_PRP_OR_LL_RESULT_AND_NO_ACTIVE_GIMPS_ASSIGNMENT,2026-08-09T02:56:41+00:00,UNALLOCATED,,,,,
SLCMP1467-4484,4484,4485,509221589,2^509221589-1,STRUCTURAL_SCREEN_EXHAUSTED_PRIMALITY_UNASSIGNED,GF3A_DIRECTIONAL_WRITE_EXHAUSTED_PRIMALITY_UNASSIGNED,513,512,512,NO_RECORDED_FACTOR_PRP_OR_LL_RESULT_AND_NO_ACTIVE_GIMPS_ASSIGNMENT,2026-08-09T02:56:41+00:00,UNALLOCATED,,,,,
SLCMP1467-4485,4485,4486,509221591,2^509221591-1,STRUCTURAL_SCREEN_EXHAUSTED_PRIMALITY_UNASSIGNED,GF3A_DIRECTIONAL_WRITE_EXHAUSTED_PRIMALITY_UNASSIGNED,514,512,512,NO_RECORDED_FACTOR_PRP_OR_LL_RESULT_AND_NO_ACTIVE_GIMPS_ASSIGNMENT,2026-08-09T02:56:41+00:00,UNALLOCATED,,,,,
SLCMP1467-4486,4486,4487,509221711,2^509221711-1,STRUCTURAL_SCREEN_EXHAUSTED_PRIMALITY_UNASSIGNED,GF3A_DIRECTIONAL_WRITE_EXHAUSTED_PRIMALITY_UNASSIGNED,514,512,512,NO_RECORDED_FACTOR_PRP_OR_LL_RESULT_AND_NO_ACTIVE_GIMPS_ASSIGNMENT,2026-08-09T02:56:41+00:00,UNALLOCATED,,,,,
SLCMP1467-4487,4487,4488,509221789,2^509221789-1,STRUCTURAL_SCREEN_EXHAUSTED_PRIMALITY_UNASSIGNED,GF3A_DIRECTIONAL_WRITE_EXHAUSTED_PRIMALITY_UNASSIGNED,513,512,512,NO_RECORDED_FACTOR_PRP_OR_LL_RESULT_AND_NO_ACTIVE_GIMPS_ASSIGNMENT,2026-08-09T02:56:41+00:00,UNALLOCATED,,,,,
SLCMP1467-4488,4488,4489,509221837,2^509221837-1,STRUCTURAL_SCREEN_EXHAUSTED_PRIMALITY_UNASSIGNED,GF3A_DIRECTIONAL_WRITE_EXHAUSTED_PRIMALITY_UNASSIGNED,513,512,512,NO_RECORDED_FACTOR_PRP_OR_LL_RESULT_AND_NO_ACTIVE_GIMPS_ASSIGNMENT,2026-08-09T02:56:41+00:00,UNALLOCATED,,,,,
SLCMP1467-4489,4489,4490,509221873,2^509221873-1,STRUCTURAL_SCREEN_EXHAUSTED_PRIMALITY_UNASSIGNED,GF3A_DIRECTIONAL_WRITE_EXHAUSTED_PRIMALITY_UNASSIGNED,513,512,512,NO_RECORDED_FACTOR_PRP_OR_LL_RESULT_AND_NO_ACTIVE_GIMPS_ASSIGNMENT,2026-08-09T02:56:41+00:00,UNALLOCATED,,,,,
SLCMP1467-4490,4490,4491,509221883,2^509221883-1,STRUCTURAL_SCREEN_EXHAUSTED_PRIMALITY_UNASSIGNED,GF3A_DIRECTIONAL_WRITE_EXHAUSTED_PRIMALITY_UNASSIGNED,514,512,512,NO_RECORDED_FACTOR_PRP_OR_LL_RESULT_AND_NO_ACTIVE_GIMPS_ASSIGNMENT,2026-08-09T02:56:41+00:00,UNALLOCATED,,,,,
SLCMP1467-4491,4491,4492,509221963,2^509221963-1,STRUCTURAL_SCREEN_EXHAUSTED_PRIMALITY_UNASSIGNED,GF3A_DIRECTIONAL_WRITE_EXHAUSTED_PRIMALITY_UNASSIGNED,514,512,512,NO_RECORDED_FACTOR_PRP_OR_LL_RESULT_AND_NO_ACTIVE_GIMPS_ASSIGNMENT,2026-08-09T02:56:41+00:00,UNALLOCATED,,,,,
SLCMP1467-4492,4492,4493,509222053,2^509222053-1,STRUCTURAL_SCREEN_EXHAUSTED_PRIMALITY_UNASSIGNED,GF3A_DIRECTIONAL_WRITE_EXHAUSTED_PRIMALITY_UNASSIGNED,513,512,512,NO_RECORDED_FACTOR_PRP_OR_LL_RESULT_AND_NO_ACTIVE_GIMPS_ASSIGNMENT,2026-08-09T02:56:41+00:00,UNALLOCATED,,,,,
SLCMP1467-4493,4493,4494,509222081,2^509222081-1,STRUCTURAL_SCREEN_EXHAUSTED_PRIMALITY_UNASSIGNED,GF3A_DIRECTIONAL_WRITE_EXHAUSTED_PRIMALITY_UNASSIGNED,513,512,512,NO_RECORDED_FACTOR_PRP_OR_LL_RESULT_AND_NO_ACTIVE_GIMPS_ASSIGNMENT,2026-08-09T02:56:41+00:00,UNALLOCATED,,,,,
SLCMP1467-4494,4494,4495,509222237,2^509222237-1,STRUCTURAL_SCREEN_EXHAUSTED_PRIMALITY_UNASSIGNED,GF3A_DIRECTIONAL_WRITE_EXHAUSTED_PRIMALITY_UNASSIGNED,513,512,512,NO_RECORDED_FACTOR_PRP_OR_LL_RESULT_AND_NO_ACTIVE_GIMPS_ASSIGNMENT,2026-08-09T02:56:41+00:00,UNALLOCATED,,,,,
SLCMP1467-4495,4495,4496,509222341,2^509222341-1,STRUCTURAL_SCREEN_EXHAUSTED_PRIMALITY_UNASSIGNED,GF3A_DIRECTIONAL_WRITE_EXHAUSTED_PRIMALITY_UNASSIGNED,513,512,512,NO_RECORDED_FACTOR_PRP_OR_LL_RESULT_AND_NO_ACTIVE_GIMPS_ASSIGNMENT,2026-08-09T02:56:41+00:00,UNALLOCATED,,,,,
SLCMP1467-4496,4496,4497,509222557,2^509222557-1,STRUCTURAL_SCREEN_EXHAUSTED_PRIMALITY_UNASSIGNED,GF3A_DIRECTIONAL_WRITE_EXHAUSTED_PRIMALITY_UNASSIGNED,513,512,512,NO_RECORDED_FACTOR_PRP_OR_LL_RESULT_AND_NO_ACTIVE_GIMPS_ASSIGNMENT,2026-08-09T02:56:41+00:00,UNALLOCATED,,,,,
SLCMP1467-4497,4497,4498,509222653,2^509222653-1,STRUCTURAL_SCREEN_EXHAUSTED_PRIMALITY_UNASSIGNED,GF3A_DIRECTIONAL_WRITE_EXHAUSTED_PRIMALITY_UNASSIGNED,513,512,512,NO_RECORDED_FACTOR_PRP_OR_LL_RESULT_AND_NO_ACTIVE_GIMPS_ASSIGNMENT,2026-08-09T02:56:41+00:00,UNALLOCATED,,,,,
SLCMP1467-4498,4498,4499,509222657,2^509222657-1,STRUCTURAL_SCREEN_EXHAUSTED_PRIMALITY_UNASSIGNED,GF3A_DIRECTIONAL_WRITE_EXHAUSTED_PRIMALITY_UNASSIGNED,513,512,512,NO_RECORDED_FACTOR_PRP_OR_LL_RESULT_AND_NO_ACTIVE_GIMPS_ASSIGNMENT,2026-08-09T02:56:41+00:00,UNALLOCATED,,,,,
SLCMP1467-4499,4499,4500,509222717,2^509222717-1,STRUCTURAL_SCREEN_EXHAUSTED_PRIMALITY_UNASSIGNED,GF3A_DIRECTIONAL_WRITE_EXHAUSTED_PRIMALITY_UNASSIGNED,513,512,512,NO_RECORDED_FACTOR_PRP_OR_LL_RESULT_AND_NO_ACTIVE_GIMPS_ASSIGNMENT,2026-08-09T02:56:41+00:00,UNALLOCATED,,,,,
SLCMP1467-4500,4500,4501,509222719,2^509222719-1,STRUCTURAL_SCREEN_EXHAUSTED_PRIMALITY_UNASSIGNED,GF3A_DIRECTIONAL_WRITE_EXHAUSTED_PRIMALITY_UNASSIGNED,514,512,512,NO_RECORDED_FACTOR_PRP_OR_LL_RESULT_AND_NO_ACTIVE_GIMPS_ASSIGNMENT,2026-08-09T02:56:41+00:00,UNALLOCATED,,,,,
SLCMP1467-4501,4501,4502,509222723,2^509222723-1,STRUCTURAL_SCREEN_EXHAUSTED_PRIMALITY_UNASSIGNED,GF3A_DIRECTIONAL_WRITE_EXHAUSTED_PRIMALITY_UNASSIGNED,514,512,512,NO_RECORDED_FACTOR_PRP_OR_LL_RESULT_AND_NO_ACTIVE_GIMPS_ASSIGNMENT,2026-08-09T02:56:41+00:00,UNALLOCATED,,,,,
SLCMP1467-4502,4502,4503,509222767,2^509222767-1,STRUCTURAL_SCREEN_EXHAUSTED_PRIMALITY_UNASSIGNED,GF3A_DIRECTIONAL_WRITE_EXHAUSTED_PRIMALITY_UNASSIGNED,514,512,512,NO_RECORDED_FACTOR_PRP_OR_LL_RESULT_AND_NO_ACTIVE_GIMPS_ASSIGNMENT,2026-08-09T02:56:41+00:00,UNALLOCATED,,,,,
SLCMP1467-4503,4503,4504,509222867,2^509222867-1,STRUCTURAL_SCREEN_EXHAUSTED_PRIMALITY_UNASSIGNED,GF3A_DIRECTIONAL_WRITE_EXHAUSTED_PRIMALITY_UNASSIGNED,514,512,512,NO_RECORDED_FACTOR_PRP_OR_LL_RESULT_AND_NO_ACTIVE_GIMPS_ASSIGNMENT,2026-08-09T02:56:41+00:00,UNALLOCATED,,,,,
SLCMP1467-4504,4504,4505,509222873,2^509222873-1,STRUCTURAL_SCREEN_EXHAUSTED_PRIMALITY_UNASSIGNED,GF3A_DIRECTIONAL_WRITE_EXHAUSTED_PRIMALITY_UNASSIGNED,513,512,512,NO_RECORDED_FACTOR_PRP_OR_LL_RESULT_AND_NO_ACTIVE_GIMPS_ASSIGNMENT,2026-08-09T02:56:41+00:00,UNALLOCATED,,,,,
SLCMP1467-4505,4505,4506,509222881,2^509222881-1,STRUCTURAL_SCREEN_EXHAUSTED_PRIMALITY_UNASSIGNED,GF3A_DIRECTIONAL_WRITE_EXHAUSTED_PRIMALITY_UNASSIGNED,513,512,512,NO_RECORDED_FACTOR_PRP_OR_LL_RESULT_AND_NO_ACTIVE_GIMPS_ASSIGNMENT,2026-08-09T02:56:41+00:00,UNALLOCATED,,,,,
SLCMP1467-4506,4506,4507,509222927,2^509222927-1,STRUCTURAL_SCREEN_EXHAUSTED_PRIMALITY_UNASSIGNED,GF3A_DIRECTIONAL_WRITE_EXHAUSTED_PRIMALITY_UNASSIGNED,514,512,512,NO_RECORDED_FACTOR_PRP_OR_LL_RESULT_AND_NO_ACTIVE_GIMPS_ASSIGNMENT,2026-08-09T02:56:41+00:00,UNALLOCATED,,,,,
SLCMP1467-4507,4507,4508,509222929,2^509222929-1,STRUCTURAL_SCREEN_EXHAUSTED_PRIMALITY_UNASSIGNED,GF3A_DIRECTIONAL_WRITE_EXHAUSTED_PRIMALITY_UNASSIGNED,513,512,512,NO_RECORDED_FACTOR_PRP_OR_LL_RESULT_AND_NO_ACTIVE_GIMPS_ASSIGNMENT,2026-08-09T02:56:41+00:00,UNALLOCATED,,,,,
SLCMP1467-4508,4508,4509,509223037,2^509223037-1,STRUCTURAL_SCREEN_EXHAUSTED_PRIMALITY_UNASSIGNED,GF3A_DIRECTIONAL_WRITE_EXHAUSTED_PRIMALITY_UNASSIGNED,513,512,512,NO_RECORDED_FACTOR_PRP_OR_LL_RESULT_AND_NO_ACTIVE_GIMPS_ASSIGNMENT,2026-08-09T02:56:41+00:00,UNALLOCATED,,,,,
SLCMP1467-4509,4509,4510,509223089,2^509223089-1,STRUCTURAL_SCREEN_EXHAUSTED_PRIMALITY_UNASSIGNED,GF3A_DIRECTIONAL_WRITE_EXHAUSTED_PRIMALITY_UNASSIGNED,513,512,512,NO_RECORDED_FACTOR_PRP_OR_LL_RESULT_AND_NO_ACTIVE_GIMPS_ASSIGNMENT,2026-08-09T02:56:41+00:00,UNALLOCATED,,,,,
SLCMP1467-4510,4510,4511,509223101,2^509223101-1,STRUCTURAL_SCREEN_EXHAUSTED_PRIMALITY_UNASSIGNED,GF3A_DIRECTIONAL_WRITE_EXHAUSTED_PRIMALITY_UNASSIGNED,513,512,512,NO_RECORDED_FACTOR_PRP_OR_LL_RESULT_AND_NO_ACTIVE_GIMPS_ASSIGNMENT,2026-08-09T02:56:41+00:00,UNALLOCATED,,,,,
SLCMP1467-4511,4511,4512,509223217,2^509223217-1,STRUCTURAL_SCREEN_EXHAUSTED_PRIMALITY_UNASSIGNED,GF3A_DIRECTIONAL_WRITE_EXHAUSTED_PRIMALITY_UNASSIGNED,513,512,512,NO_RECORDED_FACTOR_PRP_OR_LL_RESULT_AND_NO_ACTIVE_GIMPS_ASSIGNMENT,2026-08-09T02:56:41+00:00,UNALLOCATED,,,,,
SLCMP1467-4512,4512,4513,509223229,2^509223229-1,STRUCTURAL_SCREEN_EXHAUSTED_PRIMALITY_UNASSIGNED,GF3A_DIRECTIONAL_WRITE_EXHAUSTED_PRIMALITY_UNASSIGNED,513,512,512,NO_RECORDED_FACTOR_PRP_OR_LL_RESULT_AND_NO_ACTIVE_GIMPS_ASSIGNMENT,2026-08-09T02:56:41+00:00,UNALLOCATED,,,,,
SLCMP1467-4513,4513,4514,509223233,2^509223233-1,STRUCTURAL_SCREEN_EXHAUSTED_PRIMALITY_UNASSIGNED,GF3A_DIRECTIONAL_WRITE_EXHAUSTED_PRIMALITY_UNASSIGNED,513,512,512,NO_RECORDED_FACTOR_PRP_OR_LL_RESULT_AND_NO_ACTIVE_GIMPS_ASSIGNMENT,2026-08-09T02:56:41+00:00,UNALLOCATED,,,,,
SLCMP1467-4514,4514,4515,509223269,2^509223269-1,STRUCTURAL_SCREEN_EXHAUSTED_PRIMALITY_UNASSIGNED,GF3A_DIRECTIONAL_WRITE_EXHAUSTED_PRIMALITY_UNASSIGNED,513,512,512,NO_RECORDED_FACTOR_PRP_OR_LL_RESULT_AND_NO_ACTIVE_GIMPS_ASSIGNMENT,2026-08-09T02:56:41+00:00,UNALLOCATED,,,,,
SLCMP1467-4515,4515,4516,509223361,2^509223361-1,STRUCTURAL_SCREEN_EXHAUSTED_PRIMALITY_UNASSIGNED,GF3A_DIRECTIONAL_WRITE_EXHAUSTED_PRIMALITY_UNASSIGNED,513,512,512,NO_RECORDED_FACTOR_PRP_OR_LL_RESULT_AND_NO_ACTIVE_GIMPS_ASSIGNMENT,2026-08-09T02:56:41+00:00,UNALLOCATED,,,,,
SLCMP1467-4516,4516,4517,509223373,2^509223373-1,STRUCTURAL_SCREEN_EXHAUSTED_PRIMALITY_UNASSIGNED,GF3A_DIRECTIONAL_WRITE_EXHAUSTED_PRIMALITY_UNASSIGNED,513,512,512,NO_RECORDED_FACTOR_PRP_OR_LL_RESULT_AND_NO_ACTIVE_GIMPS_ASSIGNMENT,2026-08-09T02:56:41+00:00,UNALLOCATED,,,,,
SLCMP1467-4517,4517,4518,509223433,2^509223433-1,STRUCTURAL_SCREEN_EXHAUSTED_PRIMALITY_UNASSIGNED,GF3A_DIRECTIONAL_WRITE_EXHAUSTED_PRIMALITY_UNASSIGNED,513,512,512,NO_RECORDED_FACTOR_PRP_OR_LL_RESULT_AND_NO_ACTIVE_GIMPS_ASSIGNMENT,2026-08-09T02:56:41+00:00,UNALLOCATED,,,,,
SLCMP1467-4518,4518,4519,509223487,2^509223487-1,STRUCTURAL_SCREEN_EXHAUSTED_PRIMALITY_UNASSIGNED,GF3A_DIRECTIONAL_WRITE_EXHAUSTED_PRIMALITY_UNASSIGNED,514,512,512,NO_RECORDED_FACTOR_PRP_OR_LL_RESULT_AND_NO_ACTIVE_GIMPS_ASSIGNMENT,2026-08-09T02:56:41+00:00,UNALLOCATED,,,,,
SLCMP1467-4519,4519,4520,509223667,2^509223667-1,STRUCTURAL_SCREEN_EXHAUSTED_PRIMALITY_UNASSIGNED,GF3A_DIRECTIONAL_WRITE_EXHAUSTED_PRIMALITY_UNASSIGNED,514,512,512,NO_RECORDED_FACTOR_PRP_OR_LL_RESULT_AND_NO_ACTIVE_GIMPS_ASSIGNMENT,2026-08-09T02:56:41+00:00,UNALLOCATED,,,,,
SLCMP1467-4520,4520,4521,509223751,2^509223751-1,STRUCTURAL_SCREEN_EXHAUSTED_PRIMALITY_UNASSIGNED,GF3A_DIRECTIONAL_WRITE_EXHAUSTED_PRIMALITY_UNASSIGNED,514,512,512,NO_RECORDED_FACTOR_PRP_OR_LL_RESULT_AND_NO_ACTIVE_GIMPS_ASSIGNMENT,2026-08-09T02:56:41+00:00,UNALLOCATED,,,,,
SLCMP1467-4521,4521,4522,509223821,2^509223821-1,STRUCTURAL_SCREEN_EXHAUSTED_PRIMALITY_UNASSIGNED,GF3A_DIRECTIONAL_WRITE_EXHAUSTED_PRIMALITY_UNASSIGNED,513,512,512,NO_RECORDED_FACTOR_PRP_OR_LL_RESULT_AND_NO_ACTIVE_GIMPS_ASSIGNMENT,2026-08-09T02:56:41+00:00,UNALLOCATED,,,,,
SLCMP1467-4522,4522,4523,509224057,2^509224057-1,STRUCTURAL_SCREEN_EXHAUSTED_PRIMALITY_UNASSIGNED,GF3A_DIRECTIONAL_WRITE_EXHAUSTED_PRIMALITY_UNASSIGNED,513,512,512,NO_RECORDED_FACTOR_PRP_OR_LL_RESULT_AND_NO_ACTIVE_GIMPS_ASSIGNMENT,2026-08-09T02:56:41+00:00,UNALLOCATED,,,,,
SLCMP1467-4523,4523,4524,509224139,2^509224139-1,STRUCTURAL_SCREEN_EXHAUSTED_PRIMALITY_UNASSIGNED,GF3A_DIRECTIONAL_WRITE_EXHAUSTED_PRIMALITY_UNASSIGNED,514,512,512,NO_RECORDED_FACTOR_PRP_OR_LL_RESULT_AND_NO_ACTIVE_GIMPS_ASSIGNMENT,2026-08-09T02:56:41+00:00,UNALLOCATED,,,,,
SLCMP1467-4524,4524,4525,509224193,2^509224193-1,STRUCTURAL_SCREEN_EXHAUSTED_PRIMALITY_UNASSIGNED,GF3A_DIRECTIONAL_WRITE_EXHAUSTED_PRIMALITY_UNASSIGNED,513,512,512,NO_RECORDED_FACTOR_PRP_OR_LL_RESULT_AND_NO_ACTIVE_GIMPS_ASSIGNMENT,2026-08-09T02:56:41+00:00,UNALLOCATED,,,,,
SLCMP1467-4525,4525,4526,509224201,2^509224201-1,STRUCTURAL_SCREEN_EXHAUSTED_PRIMALITY_UNASSIGNED,GF3A_DIRECTIONAL_WRITE_EXHAUSTED_PRIMALITY_UNASSIGNED,513,512,512,NO_RECORDED_FACTOR_PRP_OR_LL_RESULT_AND_NO_ACTIVE_GIMPS_ASSIGNMENT,2026-08-09T02:56:41+00:00,UNALLOCATED,,,,,
SLCMP1467-4526,4526,4527,509224207,2^509224207-1,STRUCTURAL_SCREEN_EXHAUSTED_PRIMALITY_UNASSIGNED,GF3A_DIRECTIONAL_WRITE_EXHAUSTED_PRIMALITY_UNASSIGNED,514,512,512,NO_RECORDED_FACTOR_PRP_OR_LL_RESULT_AND_NO_ACTIVE_GIMPS_ASSIGNMENT,2026-08-09T02:56:41+00:00,UNALLOCATED,,,,,
SLCMP1467-4527,4527,4528,509224237,2^509224237-1,STRUCTURAL_SCREEN_EXHAUSTED_PRIMALITY_UNASSIGNED,GF3A_DIRECTIONAL_WRITE_EXHAUSTED_PRIMALITY_UNASSIGNED,513,512,512,NO_RECORDED_FACTOR_PRP_OR_LL_RESULT_AND_NO_ACTIVE_GIMPS_ASSIGNMENT,2026-08-09T02:56:41+00:00,UNALLOCATED,,,,,
SLCMP1467-4528,4528,4529,509224327,2^509224327-1,STRUCTURAL_SCREEN_EXHAUSTED_PRIMALITY_UNASSIGNED,GF3A_DIRECTIONAL_WRITE_EXHAUSTED_PRIMALITY_UNASSIGNED,514,512,512,NO_RECORDED_FACTOR_PRP_OR_LL_RESULT_AND_NO_ACTIVE_GIMPS_ASSIGNMENT,2026-08-09T02:56:41+00:00,UNALLOCATED,,,,,
SLCMP1467-4529,4529,4530,509224363,2^509224363-1,STRUCTURAL_SCREEN_EXHAUSTED_PRIMALITY_UNASSIGNED,GF3A_DIRECTIONAL_WRITE_EXHAUSTED_PRIMALITY_UNASSIGNED,514,512,512,NO_RECORDED_FACTOR_PRP_OR_LL_RESULT_AND_NO_ACTIVE_GIMPS_ASSIGNMENT,2026-08-09T02:56:41+00:00,UNALLOCATED,,,,,
SLCMP1467-4530,4530,4531,509224411,2^509224411-1,STRUCTURAL_SCREEN_EXHAUSTED_PRIMALITY_UNASSIGNED,GF3A_DIRECTIONAL_WRITE_EXHAUSTED_PRIMALITY_UNASSIGNED,514,512,512,NO_RECORDED_FACTOR_PRP_OR_LL_RESULT_AND_NO_ACTIVE_GIMPS_ASSIGNMENT,2026-08-09T02:56:41+00:00,UNALLOCATED,,,,,
SLCMP1467-4531,4531,4532,509224459,2^509224459-1,STRUCTURAL_SCREEN_EXHAUSTED_PRIMALITY_UNASSIGNED,GF3A_DIRECTIONAL_WRITE_EXHAUSTED_PRIMALITY_UNASSIGNED,514,512,512,NO_RECORDED_FACTOR_PRP_OR_LL_RESULT_AND_NO_ACTIVE_GIMPS_ASSIGNMENT,2026-08-09T02:56:41+00:00,UNALLOCATED,,,,,
SLCMP1467-4532,4532,4533,509224549,2^509224549-1,STRUCTURAL_SCREEN_EXHAUSTED_PRIMALITY_UNASSIGNED,GF3A_DIRECTIONAL_WRITE_EXHAUSTED_PRIMALITY_UNASSIGNED,513,512,512,NO_RECORDED_FACTOR_PRP_OR_LL_RESULT_AND_NO_ACTIVE_GIMPS_ASSIGNMENT,2026-08-09T02:56:41+00:00,UNALLOCATED,,,,,
SLCMP1467-4533,4533,4534,509224559,2^509224559-1,STRUCTURAL_SCREEN_EXHAUSTED_PRIMALITY_UNASSIGNED,GF3A_DIRECTIONAL_WRITE_EXHAUSTED_PRIMALITY_UNASSIGNED,514,512,512,NO_RECORDED_FACTOR_PRP_OR_LL_RESULT_AND_NO_ACTIVE_GIMPS_ASSIGNMENT,2026-08-09T02:56:41+00:00,UNALLOCATED,,,,,
SLCMP1467-4534,4534,4535,509224571,2^509224571-1,STRUCTURAL_SCREEN_EXHAUSTED_PRIMALITY_UNASSIGNED,GF3A_DIRECTIONAL_WRITE_EXHAUSTED_PRIMALITY_UNASSIGNED,514,512,512,NO_RECORDED_FACTOR_PRP_OR_LL_RESULT_AND_NO_ACTIVE_GIMPS_ASSIGNMENT,2026-08-09T02:56:41+00:00,UNALLOCATED,,,,,
SLCMP1467-4535,4535,4536,509224603,2^509224603-1,STRUCTURAL_SCREEN_EXHAUSTED_PRIMALITY_UNASSIGNED,GF3A_DIRECTIONAL_WRITE_EXHAUSTED_PRIMALITY_UNASSIGNED,514,512,512,NO_RECORDED_FACTOR_PRP_OR_LL_RESULT_AND_NO_ACTIVE_GIMPS_ASSIGNMENT,2026-08-09T02:56:41+00:00,UNALLOCATED,,,,,
SLCMP1467-4536,4536,4537,509224607,2^509224607-1,STRUCTURAL_SCREEN_EXHAUSTED_PRIMALITY_UNASSIGNED,GF3A_DIRECTIONAL_WRITE_EXHAUSTED_PRIMALITY_UNASSIGNED,514,512,512,NO_RECORDED_FACTOR_PRP_OR_LL_RESULT_AND_NO_ACTIVE_GIMPS_ASSIGNMENT,2026-08-09T02:56:41+00:00,UNALLOCATED,,,,,
SLCMP1467-4537,4537,4538,509224691,2^509224691-1,STRUCTURAL_SCREEN_EXHAUSTED_PRIMALITY_UNASSIGNED,GF3A_DIRECTIONAL_WRITE_EXHAUSTED_PRIMALITY_UNASSIGNED,514,512,512,NO_RECORDED_FACTOR_PRP_OR_LL_RESULT_AND_NO_ACTIVE_GIMPS_ASSIGNMENT,2026-08-09T02:56:41+00:00,UNALLOCATED,,,,,
SLCMP1467-4538,4538,4539,509224759,2^509224759-1,STRUCTURAL_SCREEN_EXHAUSTED_PRIMALITY_UNASSIGNED,GF3A_DIRECTIONAL_WRITE_EXHAUSTED_PRIMALITY_UNASSIGNED,514,512,512,NO_RECORDED_FACTOR_PRP_OR_LL_RESULT_AND_NO_ACTIVE_GIMPS_ASSIGNMENT,2026-08-09T02:56:41+00:00,UNALLOCATED,,,,,
SLCMP1467-4539,4539,4540,509224789,2^509224789-1,STRUCTURAL_SCREEN_EXHAUSTED_PRIMALITY_UNASSIGNED,GF3A_DIRECTIONAL_WRITE_EXHAUSTED_PRIMALITY_UNASSIGNED,513,512,512,NO_RECORDED_FACTOR_PRP_OR_LL_RESULT_AND_NO_ACTIVE_GIMPS_ASSIGNMENT,2026-08-09T02:56:41+00:00,UNALLOCATED,,,,,
SLCMP1467-4540,4540,4541,509224867,2^509224867-1,STRUCTURAL_SCREEN_EXHAUSTED_PRIMALITY_UNASSIGNED,GF3A_DIRECTIONAL_WRITE_EXHAUSTED_PRIMALITY_UNASSIGNED,514,512,512,NO_RECORDED_FACTOR_PRP_OR_LL_RESULT_AND_NO_ACTIVE_GIMPS_ASSIGNMENT,2026-08-09T02:56:41+00:00,UNALLOCATED,,,,,
SLCMP1467-4541,4541,4542,509224873,2^509224873-1,STRUCTURAL_SCREEN_EXHAUSTED_PRIMALITY_UNASSIGNED,GF3A_DIRECTIONAL_WRITE_EXHAUSTED_PRIMALITY_UNASSIGNED,513,512,512,NO_RECORDED_FACTOR_PRP_OR_LL_RESULT_AND_NO_ACTIVE_GIMPS_ASSIGNMENT,2026-08-09T02:56:41+00:00,UNALLOCATED,,,,,
SLCMP1467-4542,4542,4543,509224883,2^509224883-1,STRUCTURAL_SCREEN_EXHAUSTED_PRIMALITY_UNASSIGNED,GF3A_DIRECTIONAL_WRITE_EXHAUSTED_PRIMALITY_UNASSIGNED,514,512,512,NO_RECORDED_FACTOR_PRP_OR_LL_RESULT_AND_NO_ACTIVE_GIMPS_ASSIGNMENT,2026-08-09T02:56:41+00:00,UNALLOCATED,,,,,
SLCMP1467-4543,4543,4544,509224939,2^509224939-1,STRUCTURAL_SCREEN_EXHAUSTED_PRIMALITY_UNASSIGNED,GF3A_DIRECTIONAL_WRITE_EXHAUSTED_PRIMALITY_UNASSIGNED,514,512,512,NO_RECORDED_FACTOR_PRP_OR_LL_RESULT_AND_NO_ACTIVE_GIMPS_ASSIGNMENT,2026-08-09T02:56:41+00:00,UNALLOCATED,,,,,
SLCMP1467-4544,4544,4545,509224957,2^509224957-1,STRUCTURAL_SCREEN_EXHAUSTED_PRIMALITY_UNASSIGNED,GF3A_DIRECTIONAL_WRITE_EXHAUSTED_PRIMALITY_UNASSIGNED,513,512,512,NO_RECORDED_FACTOR_PRP_OR_LL_RESULT_AND_NO_ACTIVE_GIMPS_ASSIGNMENT,2026-08-09T02:56:41+00:00,UNALLOCATED,,,,,
SLCMP1467-4545,4545,4546,509224979,2^509224979-1,STRUCTURAL_SCREEN_EXHAUSTED_PRIMALITY_UNASSIGNED,GF3A_DIRECTIONAL_WRITE_EXHAUSTED_PRIMALITY_UNASSIGNED,514,512,512,NO_RECORDED_FACTOR_PRP_OR_LL_RESULT_AND_NO_ACTIVE_GIMPS_ASSIGNMENT,2026-08-09T02:56:41+00:00,UNALLOCATED,,,,,
SLCMP1467-4546,4546,4547,509225051,2^509225051-1,STRUCTURAL_SCREEN_EXHAUSTED_PRIMALITY_UNASSIGNED,GF3A_DIRECTIONAL_WRITE_EXHAUSTED_PRIMALITY_UNASSIGNED,514,512,512,NO_RECORDED_FACTOR_PRP_OR_LL_RESULT_AND_NO_ACTIVE_GIMPS_ASSIGNMENT,2026-08-09T02:56:41+00:00,UNALLOCATED,,,,,
SLCMP1467-4547,4547,4548,509225069,2^509225069-1,STRUCTURAL_SCREEN_EXHAUSTED_PRIMALITY_UNASSIGNED,GF3A_DIRECTIONAL_WRITE_EXHAUSTED_PRIMALITY_UNASSIGNED,513,512,512,NO_RECORDED_FACTOR_PRP_OR_LL_RESULT_AND_NO_ACTIVE_GIMPS_ASSIGNMENT,2026-08-09T02:56:41+00:00,UNALLOCATED,,,,,
SLCMP1467-4548,4548,4549,509225077,2^509225077-1,STRUCTURAL_SCREEN_EXHAUSTED_PRIMALITY_UNASSIGNED,GF3A_DIRECTIONAL_WRITE_EXHAUSTED_PRIMALITY_UNASSIGNED,513,512,512,NO_RECORDED_FACTOR_PRP_OR_LL_RESULT_AND_NO_ACTIVE_GIMPS_ASSIGNMENT,2026-08-09T02:56:41+00:00,UNALLOCATED,,,,,
SLCMP1467-4549,4549,4550,509225131,2^509225131-1,STRUCTURAL_SCREEN_EXHAUSTED_PRIMALITY_UNASSIGNED,GF3A_DIRECTIONAL_WRITE_EXHAUSTED_PRIMALITY_UNASSIGNED,514,512,512,NO_RECORDED_FACTOR_PRP_OR_LL_RESULT_AND_NO_ACTIVE_GIMPS_ASSIGNMENT,2026-08-09T02:56:41+00:00,UNALLOCATED,,,,,
SLCMP1467-4550,4550,4551,509225149,2^509225149-1,STRUCTURAL_SCREEN_EXHAUSTED_PRIMALITY_UNASSIGNED,GF3A_DIRECTIONAL_WRITE_EXHAUSTED_PRIMALITY_UNASSIGNED,513,512,512,NO_RECORDED_FACTOR_PRP_OR_LL_RESULT_AND_NO_ACTIVE_GIMPS_ASSIGNMENT,2026-08-09T02:56:41+00:00,UNALLOCATED,,,,,
SLCMP1467-4551,4551,4552,509225237,2^509225237-1,STRUCTURAL_SCREEN_EXHAUSTED_PRIMALITY_UNASSIGNED,GF3A_DIRECTIONAL_WRITE_EXHAUSTED_PRIMALITY_UNASSIGNED,513,512,512,NO_RECORDED_FACTOR_PRP_OR_LL_RESULT_AND_NO_ACTIVE_GIMPS_ASSIGNMENT,2026-08-09T02:56:41+00:00,UNALLOCATED,,,,,
SLCMP1467-4552,4552,4553,509225273,2^509225273-1,STRUCTURAL_SCREEN_EXHAUSTED_PRIMALITY_UNASSIGNED,GF3A_DIRECTIONAL_WRITE_EXHAUSTED_PRIMALITY_UNASSIGNED,513,512,512,NO_RECORDED_FACTOR_PRP_OR_LL_RESULT_AND_NO_ACTIVE_GIMPS_ASSIGNMENT,2026-08-09T02:56:41+00:00,UNALLOCATED,,,,,
SLCMP1467-4553,4553,4554,509225363,2^509225363-1,STRUCTURAL_SCREEN_EXHAUSTED_PRIMALITY_UNASSIGNED,GF3A_DIRECTIONAL_WRITE_EXHAUSTED_PRIMALITY_UNASSIGNED,514,512,512,NO_RECORDED_FACTOR_PRP_OR_LL_RESULT_AND_NO_ACTIVE_GIMPS_ASSIGNMENT,2026-08-09T02:56:41+00:00,UNALLOCATED,,,,,
SLCMP1467-4554,4554,4555,509225369,2^509225369-1,STRUCTURAL_SCREEN_EXHAUSTED_PRIMALITY_UNASSIGNED,GF3A_DIRECTIONAL_WRITE_EXHAUSTED_PRIMALITY_UNASSIGNED,513,512,512,NO_RECORDED_FACTOR_PRP_OR_LL_RESULT_AND_NO_ACTIVE_GIMPS_ASSIGNMENT,2026-08-09T02:56:41+00:00,UNALLOCATED,,,,,
SLCMP1467-4555,4555,4556,509225417,2^509225417-1,STRUCTURAL_SCREEN_EXHAUSTED_PRIMALITY_UNASSIGNED,GF3A_DIRECTIONAL_WRITE_EXHAUSTED_PRIMALITY_UNASSIGNED,513,512,512,NO_RECORDED_FACTOR_PRP_OR_LL_RESULT_AND_NO_ACTIVE_GIMPS_ASSIGNMENT,2026-08-09T02:56:41+00:00,UNALLOCATED,,,,,
SLCMP1467-4556,4556,4557,509225477,2^509225477-1,STRUCTURAL_SCREEN_EXHAUSTED_PRIMALITY_UNASSIGNED,GF3A_DIRECTIONAL_WRITE_EXHAUSTED_PRIMALITY_UNASSIGNED,513,512,512,NO_RECORDED_FACTOR_PRP_OR_LL_RESULT_AND_NO_ACTIVE_GIMPS_ASSIGNMENT,2026-08-09T02:56:41+00:00,UNALLOCATED,,,,,
SLCMP1467-4557,4557,4558,509225533,2^509225533-1,STRUCTURAL_SCREEN_EXHAUSTED_PRIMALITY_UNASSIGNED,GF3A_DIRECTIONAL_WRITE_EXHAUSTED_PRIMALITY_UNASSIGNED,513,512,512,NO_RECORDED_FACTOR_PRP_OR_LL_RESULT_AND_NO_ACTIVE_GIMPS_ASSIGNMENT,2026-08-09T02:56:41+00:00,UNALLOCATED,,,,,
SLCMP1467-4558,4558,4559,509225569,2^509225569-1,STRUCTURAL_SCREEN_EXHAUSTED_PRIMALITY_UNASSIGNED,GF3A_DIRECTIONAL_WRITE_EXHAUSTED_PRIMALITY_UNASSIGNED,513,512,512,NO_RECORDED_FACTOR_PRP_OR_LL_RESULT_AND_NO_ACTIVE_GIMPS_ASSIGNMENT,2026-08-09T02:56:41+00:00,UNALLOCATED,,,,,
SLCMP1467-4559,4559,4560,509225641,2^509225641-1,STRUCTURAL_SCREEN_EXHAUSTED_PRIMALITY_UNASSIGNED,GF3A_DIRECTIONAL_WRITE_EXHAUSTED_PRIMALITY_UNASSIGNED,513,512,512,NO_RECORDED_FACTOR_PRP_OR_LL_RESULT_AND_NO_ACTIVE_GIMPS_ASSIGNMENT,2026-08-09T02:56:41+00:00,UNALLOCATED,,,,,
SLCMP1467-4560,4560,4561,509225657,2^509225657-1,STRUCTURAL_SCREEN_EXHAUSTED_PRIMALITY_UNASSIGNED,GF3A_DIRECTIONAL_WRITE_EXHAUSTED_PRIMALITY_UNASSIGNED,513,512,512,NO_RECORDED_FACTOR_PRP_OR_LL_RESULT_AND_NO_ACTIVE_GIMPS_ASSIGNMENT,2026-08-09T02:56:41+00:00,UNALLOCATED,,,,,
SLCMP1467-4561,4561,4562,509225687,2^509225687-1,STRUCTURAL_SCREEN_EXHAUSTED_PRIMALITY_UNASSIGNED,GF3A_DIRECTIONAL_WRITE_EXHAUSTED_PRIMALITY_UNASSIGNED,514,512,512,NO_RECORDED_FACTOR_PRP_OR_LL_RESULT_AND_NO_ACTIVE_GIMPS_ASSIGNMENT,2026-08-09T02:56:41+00:00,UNALLOCATED,,,,,
SLCMP1467-4562,4562,4563,509225767,2^509225767-1,STRUCTURAL_SCREEN_EXHAUSTED_PRIMALITY_UNASSIGNED,GF3A_DIRECTIONAL_WRITE_EXHAUSTED_PRIMALITY_UNASSIGNED,514,512,512,NO_RECORDED_FACTOR_PRP_OR_LL_RESULT_AND_NO_ACTIVE_GIMPS_ASSIGNMENT,2026-08-09T02:56:41+00:00,UNALLOCATED,,,,,
SLCMP1467-4563,4563,4564,509225831,2^509225831-1,STRUCTURAL_SCREEN_EXHAUSTED_PRIMALITY_UNASSIGNED,GF3A_DIRECTIONAL_WRITE_EXHAUSTED_PRIMALITY_UNASSIGNED,514,512,512,NO_RECORDED_FACTOR_PRP_OR_LL_RESULT_AND_NO_ACTIVE_GIMPS_ASSIGNMENT,2026-08-09T02:56:41+00:00,UNALLOCATED,,,,,
SLCMP1467-4564,4564,4565,509225839,2^509225839-1,STRUCTURAL_SCREEN_EXHAUSTED_PRIMALITY_UNASSIGNED,GF3A_DIRECTIONAL_WRITE_EXHAUSTED_PRIMALITY_UNASSIGNED,514,512,512,NO_RECORDED_FACTOR_PRP_OR_LL_RESULT_AND_NO_ACTIVE_GIMPS_ASSIGNMENT,2026-08-09T02:56:41+00:00,UNALLOCATED,,,,,
SLCMP1467-4565,4565,4566,509225861,2^509225861-1,STRUCTURAL_SCREEN_EXHAUSTED_PRIMALITY_UNASSIGNED,GF3A_DIRECTIONAL_WRITE_EXHAUSTED_PRIMALITY_UNASSIGNED,513,512,512,NO_RECORDED_FACTOR_PRP_OR_LL_RESULT_AND_NO_ACTIVE_GIMPS_ASSIGNMENT,2026-08-09T02:56:41+00:00,UNALLOCATED,,,,,
SLCMP1467-4566,4566,4567,509225867,2^509225867-1,STRUCTURAL_SCREEN_EXHAUSTED_PRIMALITY_UNASSIGNED,GF3A_DIRECTIONAL_WRITE_EXHAUSTED_PRIMALITY_UNASSIGNED,514,512,512,NO_RECORDED_FACTOR_PRP_OR_LL_RESULT_AND_NO_ACTIVE_GIMPS_ASSIGNMENT,2026-08-09T02:56:41+00:00,UNALLOCATED,,,,,
SLCMP1467-4567,4567,4568,509225953,2^509225953-1,STRUCTURAL_SCREEN_EXHAUSTED_PRIMALITY_UNASSIGNED,GF3A_DIRECTIONAL_WRITE_EXHAUSTED_PRIMALITY_UNASSIGNED,513,512,512,NO_RECORDED_FACTOR_PRP_OR_LL_RESULT_AND_NO_ACTIVE_GIMPS_ASSIGNMENT,2026-08-09T02:56:41+00:00,UNALLOCATED,,,,,
SLCMP1467-4568,4568,4569,509226001,2^509226001-1,STRUCTURAL_SCREEN_EXHAUSTED_PRIMALITY_UNASSIGNED,GF3A_DIRECTIONAL_WRITE_EXHAUSTED_PRIMALITY_UNASSIGNED,513,512,512,NO_RECORDED_FACTOR_PRP_OR_LL_RESULT_AND_NO_ACTIVE_GIMPS_ASSIGNMENT,2026-08-09T02:56:41+00:00,UNALLOCATED,,,,,
SLCMP1467-4569,4569,4570,509226031,2^509226031-1,STRUCTURAL_SCREEN_EXHAUSTED_PRIMALITY_UNASSIGNED,GF3A_DIRECTIONAL_WRITE_EXHAUSTED_PRIMALITY_UNASSIGNED,514,512,512,NO_RECORDED_FACTOR_PRP_OR_LL_RESULT_AND_NO_ACTIVE_GIMPS_ASSIGNMENT,2026-08-09T02:56:41+00:00,UNALLOCATED,,,,,
SLCMP1467-4570,4570,4571,509226103,2^509226103-1,STRUCTURAL_SCREEN_EXHAUSTED_PRIMALITY_UNASSIGNED,GF3A_DIRECTIONAL_WRITE_EXHAUSTED_PRIMALITY_UNASSIGNED,514,512,512,NO_RECORDED_FACTOR_PRP_OR_LL_RESULT_AND_NO_ACTIVE_GIMPS_ASSIGNMENT,2026-08-09T02:56:41+00:00,UNALLOCATED,,,,,
SLCMP1467-4571,4571,4572,509226127,2^509226127-1,STRUCTURAL_SCREEN_EXHAUSTED_PRIMALITY_UNASSIGNED,GF3A_DIRECTIONAL_WRITE_EXHAUSTED_PRIMALITY_UNASSIGNED,514,512,512,NO_RECORDED_FACTOR_PRP_OR_LL_RESULT_AND_NO_ACTIVE_GIMPS_ASSIGNMENT,2026-08-09T02:56:41+00:00,UNALLOCATED,,,,,
SLCMP1467-4572,4572,4573,509226241,2^509226241-1,STRUCTURAL_SCREEN_EXHAUSTED_PRIMALITY_UNASSIGNED,GF3A_DIRECTIONAL_WRITE_EXHAUSTED_PRIMALITY_UNASSIGNED,513,512,512,NO_RECORDED_FACTOR_PRP_OR_LL_RESULT_AND_NO_ACTIVE_GIMPS_ASSIGNMENT,2026-08-09T02:56:41+00:00,UNALLOCATED,,,,,
SLCMP1467-4573,4573,4574,509226259,2^509226259-1,STRUCTURAL_SCREEN_EXHAUSTED_PRIMALITY_UNASSIGNED,GF3A_DIRECTIONAL_WRITE_EXHAUSTED_PRIMALITY_UNASSIGNED,514,512,512,NO_RECORDED_FACTOR_PRP_OR_LL_RESULT_AND_NO_ACTIVE_GIMPS_ASSIGNMENT,2026-08-09T02:56:41+00:00,UNALLOCATED,,,,,
SLCMP1467-4574,4574,4575,509226287,2^509226287-1,STRUCTURAL_SCREEN_EXHAUSTED_PRIMALITY_UNASSIGNED,GF3A_DIRECTIONAL_WRITE_EXHAUSTED_PRIMALITY_UNASSIGNED,514,512,512,NO_RECORDED_FACTOR_PRP_OR_LL_RESULT_AND_NO_ACTIVE_GIMPS_ASSIGNMENT,2026-08-09T02:56:41+00:00,UNALLOCATED,,,,,
SLCMP1467-4575,4575,4576,509226329,2^509226329-1,STRUCTURAL_SCREEN_EXHAUSTED_PRIMALITY_UNASSIGNED,GF3A_DIRECTIONAL_WRITE_EXHAUSTED_PRIMALITY_UNASSIGNED,513,512,512,NO_RECORDED_FACTOR_PRP_OR_LL_RESULT_AND_NO_ACTIVE_GIMPS_ASSIGNMENT,2026-08-09T02:56:41+00:00,UNALLOCATED,,,,,
SLCMP1467-4576,4576,4577,509226349,2^509226349-1,STRUCTURAL_SCREEN_EXHAUSTED_PRIMALITY_UNASSIGNED,GF3A_DIRECTIONAL_WRITE_EXHAUSTED_PRIMALITY_UNASSIGNED,513,512,512,NO_RECORDED_FACTOR_PRP_OR_LL_RESULT_AND_NO_ACTIVE_GIMPS_ASSIGNMENT,2026-08-09T02:56:41+00:00,UNALLOCATED,,,,,
SLCMP1467-4577,4577,4578,509226409,2^509226409-1,STRUCTURAL_SCREEN_EXHAUSTED_PRIMALITY_UNASSIGNED,GF3A_DIRECTIONAL_WRITE_EXHAUSTED_PRIMALITY_UNASSIGNED,513,512,512,NO_RECORDED_FACTOR_PRP_OR_LL_RESULT_AND_NO_ACTIVE_GIMPS_ASSIGNMENT,2026-08-09T02:56:41+00:00,UNALLOCATED,,,,,
SLCMP1467-4578,4578,4579,509226427,2^509226427-1,STRUCTURAL_SCREEN_EXHAUSTED_PRIMALITY_UNASSIGNED,GF3A_DIRECTIONAL_WRITE_EXHAUSTED_PRIMALITY_UNASSIGNED,514,512,512,NO_RECORDED_FACTOR_PRP_OR_LL_RESULT_AND_NO_ACTIVE_GIMPS_ASSIGNMENT,2026-08-09T02:56:41+00:00,UNALLOCATED,,,,,
SLCMP1467-4579,4579,4580,509226451,2^509226451-1,STRUCTURAL_SCREEN_EXHAUSTED_PRIMALITY_UNASSIGNED,GF3A_DIRECTIONAL_WRITE_EXHAUSTED_PRIMALITY_UNASSIGNED,514,512,512,NO_RECORDED_FACTOR_PRP_OR_LL_RESULT_AND_NO_ACTIVE_GIMPS_ASSIGNMENT,2026-08-09T02:56:41+00:00,UNALLOCATED,,,,,
SLCMP1467-4580,4580,4581,509226563,2^509226563-1,STRUCTURAL_SCREEN_EXHAUSTED_PRIMALITY_UNASSIGNED,GF3A_DIRECTIONAL_WRITE_EXHAUSTED_PRIMALITY_UNASSIGNED,514,512,512,NO_RECORDED_FACTOR_PRP_OR_LL_RESULT_AND_NO_ACTIVE_GIMPS_ASSIGNMENT,2026-08-09T02:56:41+00:00,UNALLOCATED,,,,,
SLCMP1467-4581,4581,4582,509226617,2^509226617-1,STRUCTURAL_SCREEN_EXHAUSTED_PRIMALITY_UNASSIGNED,GF3A_DIRECTIONAL_WRITE_EXHAUSTED_PRIMALITY_UNASSIGNED,513,512,512,NO_RECORDED_FACTOR_PRP_OR_LL_RESULT_AND_NO_ACTIVE_GIMPS_ASSIGNMENT,2026-08-09T02:56:41+00:00,UNALLOCATED,,,,,
SLCMP1467-4582,4582,4583,509226713,2^509226713-1,STRUCTURAL_SCREEN_EXHAUSTED_PRIMALITY_UNASSIGNED,GF3A_DIRECTIONAL_WRITE_EXHAUSTED_PRIMALITY_UNASSIGNED,513,512,512,NO_RECORDED_FACTOR_PRP_OR_LL_RESULT_AND_NO_ACTIVE_GIMPS_ASSIGNMENT,2026-08-09T02:56:41+00:00,UNALLOCATED,,,,,
SLCMP1467-4583,4583,4584,509226743,2^509226743-1,STRUCTURAL_SCREEN_EXHAUSTED_PRIMALITY_UNASSIGNED,GF3A_DIRECTIONAL_WRITE_EXHAUSTED_PRIMALITY_UNASSIGNED,514,512,512,NO_RECORDED_FACTOR_PRP_OR_LL_RESULT_AND_NO_ACTIVE_GIMPS_ASSIGNMENT,2026-08-09T02:56:41+00:00,UNALLOCATED,,,,,
SLCMP1467-4584,4584,4585,509226919,2^509226919-1,STRUCTURAL_SCREEN_EXHAUSTED_PRIMALITY_UNASSIGNED,GF3A_DIRECTIONAL_WRITE_EXHAUSTED_PRIMALITY_UNASSIGNED,514,512,512,NO_RECORDED_FACTOR_PRP_OR_LL_RESULT_AND_NO_ACTIVE_GIMPS_ASSIGNMENT,2026-08-09T02:56:41+00:00,UNALLOCATED,,,,,
SLCMP1467-4585,4585,4586,509226989,2^509226989-1,STRUCTURAL_SCREEN_EXHAUSTED_PRIMALITY_UNASSIGNED,GF3A_DIRECTIONAL_WRITE_EXHAUSTED_PRIMALITY_UNASSIGNED,513,512,512,NO_RECORDED_FACTOR_PRP_OR_LL_RESULT_AND_NO_ACTIVE_GIMPS_ASSIGNMENT,2026-08-09T02:56:41+00:00,UNALLOCATED,,,,,
SLCMP1467-4586,4586,4587,509227003,2^509227003-1,STRUCTURAL_SCREEN_EXHAUSTED_PRIMALITY_UNASSIGNED,GF3A_DIRECTIONAL_WRITE_EXHAUSTED_PRIMALITY_UNASSIGNED,514,512,512,NO_RECORDED_FACTOR_PRP_OR_LL_RESULT_AND_NO_ACTIVE_GIMPS_ASSIGNMENT,2026-08-09T02:56:41+00:00,UNALLOCATED,,,,,
SLCMP1467-4587,4587,4588,509227007,2^509227007-1,STRUCTURAL_SCREEN_EXHAUSTED_PRIMALITY_UNASSIGNED,GF3A_DIRECTIONAL_WRITE_EXHAUSTED_PRIMALITY_UNASSIGNED,514,512,512,NO_RECORDED_FACTOR_PRP_OR_LL_RESULT_AND_NO_ACTIVE_GIMPS_ASSIGNMENT,2026-08-09T02:56:41+00:00,UNALLOCATED,,,,,
SLCMP1467-4588,4588,4589,509227013,2^509227013-1,STRUCTURAL_SCREEN_EXHAUSTED_PRIMALITY_UNASSIGNED,GF3A_DIRECTIONAL_WRITE_EXHAUSTED_PRIMALITY_UNASSIGNED,513,512,512,NO_RECORDED_FACTOR_PRP_OR_LL_RESULT_AND_NO_ACTIVE_GIMPS_ASSIGNMENT,2026-08-09T02:56:41+00:00,UNALLOCATED,,,,,
SLCMP1467-4589,4589,4590,509227079,2^509227079-1,STRUCTURAL_SCREEN_EXHAUSTED_PRIMALITY_UNASSIGNED,GF3A_DIRECTIONAL_WRITE_EXHAUSTED_PRIMALITY_UNASSIGNED,514,512,512,NO_RECORDED_FACTOR_PRP_OR_LL_RESULT_AND_NO_ACTIVE_GIMPS_ASSIGNMENT,2026-08-09T02:56:41+00:00,UNALLOCATED,,,,,
SLCMP1467-4590,4590,4591,509227109,2^509227109-1,STRUCTURAL_SCREEN_EXHAUSTED_PRIMALITY_UNASSIGNED,GF3A_DIRECTIONAL_WRITE_EXHAUSTED_PRIMALITY_UNASSIGNED,513,512,512,NO_RECORDED_FACTOR_PRP_OR_LL_RESULT_AND_NO_ACTIVE_GIMPS_ASSIGNMENT,2026-08-09T02:56:41+00:00,UNALLOCATED,,,,,
SLCMP1467-4591,4591,4592,509227133,2^509227133-1,STRUCTURAL_SCREEN_EXHAUSTED_PRIMALITY_UNASSIGNED,GF3A_DIRECTIONAL_WRITE_EXHAUSTED_PRIMALITY_UNASSIGNED,513,512,512,NO_RECORDED_FACTOR_PRP_OR_LL_RESULT_AND_NO_ACTIVE_GIMPS_ASSIGNMENT,2026-08-09T02:56:41+00:00,UNALLOCATED,,,,,
SLCMP1467-4592,4592,4593,509227223,2^509227223-1,STRUCTURAL_SCREEN_EXHAUSTED_PRIMALITY_UNASSIGNED,GF3A_DIRECTIONAL_WRITE_EXHAUSTED_PRIMALITY_UNASSIGNED,514,512,512,NO_RECORDED_FACTOR_PRP_OR_LL_RESULT_AND_NO_ACTIVE_GIMPS_ASSIGNMENT,2026-08-09T02:56:41+00:00,UNALLOCATED,,,,,
SLCMP1467-4593,4593,4594,509227409,2^509227409-1,STRUCTURAL_SCREEN_EXHAUSTED_PRIMALITY_UNASSIGNED,GF3A_DIRECTIONAL_WRITE_EXHAUSTED_PRIMALITY_UNASSIGNED,513,512,512,NO_RECORDED_FACTOR_PRP_OR_LL_RESULT_AND_NO_ACTIVE_GIMPS_ASSIGNMENT,2026-08-09T02:56:41+00:00,UNALLOCATED,,,,,
SLCMP1467-4594,4594,4595,509227591,2^509227591-1,STRUCTURAL_SCREEN_EXHAUSTED_PRIMALITY_UNASSIGNED,GF3A_DIRECTIONAL_WRITE_EXHAUSTED_PRIMALITY_UNASSIGNED,514,512,512,NO_RECORDED_FACTOR_PRP_OR_LL_RESULT_AND_NO_ACTIVE_GIMPS_ASSIGNMENT,2026-08-09T02:56:41+00:00,UNALLOCATED,,,,,
SLCMP1467-4595,4595,4596,509227619,2^509227619-1,STRUCTURAL_SCREEN_EXHAUSTED_PRIMALITY_UNASSIGNED,GF3A_DIRECTIONAL_WRITE_EXHAUSTED_PRIMALITY_UNASSIGNED,514,512,512,NO_RECORDED_FACTOR_PRP_OR_LL_RESULT_AND_NO_ACTIVE_GIMPS_ASSIGNMENT,2026-08-09T02:56:41+00:00,UNALLOCATED,,,,,
SLCMP1467-4596,4596,4597,509227637,2^509227637-1,STRUCTURAL_SCREEN_EXHAUSTED_PRIMALITY_UNASSIGNED,GF3A_DIRECTIONAL_WRITE_EXHAUSTED_PRIMALITY_UNASSIGNED,513,512,512,NO_RECORDED_FACTOR_PRP_OR_LL_RESULT_AND_NO_ACTIVE_GIMPS_ASSIGNMENT,2026-08-09T02:56:41+00:00,UNALLOCATED,,,,,
SLCMP1467-4597,4597,4598,509227661,2^509227661-1,STRUCTURAL_SCREEN_EXHAUSTED_PRIMALITY_UNASSIGNED,GF3A_DIRECTIONAL_WRITE_EXHAUSTED_PRIMALITY_UNASSIGNED,513,512,512,NO_RECORDED_FACTOR_PRP_OR_LL_RESULT_AND_NO_ACTIVE_GIMPS_ASSIGNMENT,2026-08-09T02:56:41+00:00,UNALLOCATED,,,,,
SLCMP1467-4598,4598,4599,509227717,2^509227717-1,STRUCTURAL_SCREEN_EXHAUSTED_PRIMALITY_UNASSIGNED,GF3A_DIRECTIONAL_WRITE_EXHAUSTED_PRIMALITY_UNASSIGNED,513,512,512,NO_RECORDED_FACTOR_PRP_OR_LL_RESULT_AND_NO_ACTIVE_GIMPS_ASSIGNMENT,2026-08-09T02:56:41+00:00,UNALLOCATED,,,,,
SLCMP1467-4599,4599,4600,509227739,2^509227739-1,STRUCTURAL_SCREEN_EXHAUSTED_PRIMALITY_UNASSIGNED,GF3A_DIRECTIONAL_WRITE_EXHAUSTED_PRIMALITY_UNASSIGNED,514,512,512,NO_RECORDED_FACTOR_PRP_OR_LL_RESULT_AND_NO_ACTIVE_GIMPS_ASSIGNMENT,2026-08-09T02:56:41+00:00,UNALLOCATED,,,,,
SLCMP1467-4600,4600,4601,509227837,2^509227837-1,STRUCTURAL_SCREEN_EXHAUSTED_PRIMALITY_UNASSIGNED,GF3A_DIRECTIONAL_WRITE_EXHAUSTED_PRIMALITY_UNASSIGNED,513,512,512,NO_RECORDED_FACTOR_PRP_OR_LL_RESULT_AND_NO_ACTIVE_GIMPS_ASSIGNMENT,2026-08-09T02:56:41+00:00,UNALLOCATED,,,,,
SLCMP1467-4601,4601,4602,509227883,2^509227883-1,STRUCTURAL_SCREEN_EXHAUSTED_PRIMALITY_UNASSIGNED,GF3A_DIRECTIONAL_WRITE_EXHAUSTED_PRIMALITY_UNASSIGNED,514,512,512,NO_RECORDED_FACTOR_PRP_OR_LL_RESULT_AND_NO_ACTIVE_GIMPS_ASSIGNMENT,2026-08-09T02:56:41+00:00,UNALLOCATED,,,,,
SLCMP1467-4602,4602,4603,509227909,2^509227909-1,STRUCTURAL_SCREEN_EXHAUSTED_PRIMALITY_UNASSIGNED,GF3A_DIRECTIONAL_WRITE_EXHAUSTED_PRIMALITY_UNASSIGNED,513,512,512,NO_RECORDED_FACTOR_PRP_OR_LL_RESULT_AND_NO_ACTIVE_GIMPS_ASSIGNMENT,2026-08-09T02:56:41+00:00,UNALLOCATED,,,,,
SLCMP1467-4603,4603,4604,509227967,2^509227967-1,STRUCTURAL_SCREEN_EXHAUSTED_PRIMALITY_UNASSIGNED,GF3A_DIRECTIONAL_WRITE_EXHAUSTED_PRIMALITY_UNASSIGNED,514,512,512,NO_RECORDED_FACTOR_PRP_OR_LL_RESULT_AND_NO_ACTIVE_GIMPS_ASSIGNMENT,2026-08-09T02:56:41+00:00,UNALLOCATED,,,,,
SLCMP1467-4604,4604,4605,509228051,2^509228051-1,STRUCTURAL_SCREEN_EXHAUSTED_PRIMALITY_UNASSIGNED,GF3A_DIRECTIONAL_WRITE_EXHAUSTED_PRIMALITY_UNASSIGNED,514,512,512,NO_RECORDED_FACTOR_PRP_OR_LL_RESULT_AND_NO_ACTIVE_GIMPS_ASSIGNMENT,2026-08-09T02:56:41+00:00,UNALLOCATED,,,,,
SLCMP1467-4605,4605,4606,509228107,2^509228107-1,STRUCTURAL_SCREEN_EXHAUSTED_PRIMALITY_UNASSIGNED,GF3A_DIRECTIONAL_WRITE_EXHAUSTED_PRIMALITY_UNASSIGNED,514,512,512,NO_RECORDED_FACTOR_PRP_OR_LL_RESULT_AND_NO_ACTIVE_GIMPS_ASSIGNMENT,2026-08-09T02:56:41+00:00,UNALLOCATED,,,,,
SLCMP1467-4606,4606,4607,509228113,2^509228113-1,STRUCTURAL_SCREEN_EXHAUSTED_PRIMALITY_UNASSIGNED,GF3A_DIRECTIONAL_WRITE_EXHAUSTED_PRIMALITY_UNASSIGNED,513,512,512,NO_RECORDED_FACTOR_PRP_OR_LL_RESULT_AND_NO_ACTIVE_GIMPS_ASSIGNMENT,2026-08-09T02:56:41+00:00,UNALLOCATED,,,,,
SLCMP1467-4607,4607,4608,509228123,2^509228123-1,STRUCTURAL_SCREEN_EXHAUSTED_PRIMALITY_UNASSIGNED,GF3A_DIRECTIONAL_WRITE_EXHAUSTED_PRIMALITY_UNASSIGNED,514,512,512,NO_RECORDED_FACTOR_PRP_OR_LL_RESULT_AND_NO_ACTIVE_GIMPS_ASSIGNMENT,2026-08-09T02:56:41+00:00,UNALLOCATED,,,,,
SLCMP1467-4608,4608,4609,509228243,2^509228243-1,STRUCTURAL_SCREEN_EXHAUSTED_PRIMALITY_UNASSIGNED,GF3A_DIRECTIONAL_WRITE_EXHAUSTED_PRIMALITY_UNASSIGNED,514,512,512,NO_RECORDED_FACTOR_PRP_OR_LL_RESULT_AND_NO_ACTIVE_GIMPS_ASSIGNMENT,2026-08-09T02:56:41+00:00,UNALLOCATED,,,,,
SLCMP1467-4609,4609,4610,509228267,2^509228267-1,STRUCTURAL_SCREEN_EXHAUSTED_PRIMALITY_UNASSIGNED,GF3A_DIRECTIONAL_WRITE_EXHAUSTED_PRIMALITY_UNASSIGNED,514,512,512,NO_RECORDED_FACTOR_PRP_OR_LL_RESULT_AND_NO_ACTIVE_GIMPS_ASSIGNMENT,2026-08-09T02:56:41+00:00,UNALLOCATED,,,,,
SLCMP1467-4610,4610,4611,509228287,2^509228287-1,STRUCTURAL_SCREEN_EXHAUSTED_PRIMALITY_UNASSIGNED,GF3A_DIRECTIONAL_WRITE_EXHAUSTED_PRIMALITY_UNASSIGNED,514,512,512,NO_RECORDED_FACTOR_PRP_OR_LL_RESULT_AND_NO_ACTIVE_GIMPS_ASSIGNMENT,2026-08-09T02:56:41+00:00,UNALLOCATED,,,,,
SLCMP1467-4611,4611,4612,509228333,2^509228333-1,STRUCTURAL_SCREEN_EXHAUSTED_PRIMALITY_UNASSIGNED,GF3A_DIRECTIONAL_WRITE_EXHAUSTED_PRIMALITY_UNASSIGNED,513,512,512,NO_RECORDED_FACTOR_PRP_OR_LL_RESULT_AND_NO_ACTIVE_GIMPS_ASSIGNMENT,2026-08-09T02:56:41+00:00,UNALLOCATED,,,,,
SLCMP1467-4612,4612,4613,509228339,2^509228339-1,STRUCTURAL_SCREEN_EXHAUSTED_PRIMALITY_UNASSIGNED,GF3A_DIRECTIONAL_WRITE_EXHAUSTED_PRIMALITY_UNASSIGNED,514,512,512,NO_RECORDED_FACTOR_PRP_OR_LL_RESULT_AND_NO_ACTIVE_GIMPS_ASSIGNMENT,2026-08-09T02:56:41+00:00,UNALLOCATED,,,,,
SLCMP1467-4613,4613,4614,509228383,2^509228383-1,STRUCTURAL_SCREEN_EXHAUSTED_PRIMALITY_UNASSIGNED,GF3A_DIRECTIONAL_WRITE_EXHAUSTED_PRIMALITY_UNASSIGNED,514,512,512,NO_RECORDED_FACTOR_PRP_OR_LL_RESULT_AND_NO_ACTIVE_GIMPS_ASSIGNMENT,2026-08-09T02:56:41+00:00,UNALLOCATED,,,,,
SLCMP1467-4614,4614,4615,509228417,2^509228417-1,STRUCTURAL_SCREEN_EXHAUSTED_PRIMALITY_UNASSIGNED,GF3A_DIRECTIONAL_WRITE_EXHAUSTED_PRIMALITY_UNASSIGNED,513,512,512,NO_RECORDED_FACTOR_PRP_OR_LL_RESULT_AND_NO_ACTIVE_GIMPS_ASSIGNMENT,2026-08-09T02:56:41+00:00,UNALLOCATED,,,,,
SLCMP1467-4615,4615,4616,509228459,2^509228459-1,STRUCTURAL_SCREEN_EXHAUSTED_PRIMALITY_UNASSIGNED,GF3A_DIRECTIONAL_WRITE_EXHAUSTED_PRIMALITY_UNASSIGNED,514,512,512,NO_RECORDED_FACTOR_PRP_OR_LL_RESULT_AND_NO_ACTIVE_GIMPS_ASSIGNMENT,2026-08-09T02:56:41+00:00,UNALLOCATED,,,,,
SLCMP1467-4616,4616,4617,509228501,2^509228501-1,STRUCTURAL_SCREEN_EXHAUSTED_PRIMALITY_UNASSIGNED,GF3A_DIRECTIONAL_WRITE_EXHAUSTED_PRIMALITY_UNASSIGNED,513,512,512,NO_RECORDED_FACTOR_PRP_OR_LL_RESULT_AND_NO_ACTIVE_GIMPS_ASSIGNMENT,2026-08-09T02:56:41+00:00,UNALLOCATED,,,,,
SLCMP1467-4617,4617,4618,509228539,2^509228539-1,STRUCTURAL_SCREEN_EXHAUSTED_PRIMALITY_UNASSIGNED,GF3A_DIRECTIONAL_WRITE_EXHAUSTED_PRIMALITY_UNASSIGNED,514,512,512,NO_RECORDED_FACTOR_PRP_OR_LL_RESULT_AND_NO_ACTIVE_GIMPS_ASSIGNMENT,2026-08-09T02:56:41+00:00,UNALLOCATED,,,,,
SLCMP1467-4618,4618,4619,509228701,2^509228701-1,STRUCTURAL_SCREEN_EXHAUSTED_PRIMALITY_UNASSIGNED,GF3A_DIRECTIONAL_WRITE_EXHAUSTED_PRIMALITY_UNASSIGNED,513,512,512,NO_RECORDED_FACTOR_PRP_OR_LL_RESULT_AND_NO_ACTIVE_GIMPS_ASSIGNMENT,2026-08-09T02:56:41+00:00,UNALLOCATED,,,,,
SLCMP1467-4619,4619,4620,509228773,2^509228773-1,STRUCTURAL_SCREEN_EXHAUSTED_PRIMALITY_UNASSIGNED,GF3A_DIRECTIONAL_WRITE_EXHAUSTED_PRIMALITY_UNASSIGNED,513,512,512,NO_RECORDED_FACTOR_PRP_OR_LL_RESULT_AND_NO_ACTIVE_GIMPS_ASSIGNMENT,2026-08-09T02:56:41+00:00,UNALLOCATED,,,,,
SLCMP1467-4620,4620,4621,509228779,2^509228779-1,STRUCTURAL_SCREEN_EXHAUSTED_PRIMALITY_UNASSIGNED,GF3A_DIRECTIONAL_WRITE_EXHAUSTED_PRIMALITY_UNASSIGNED,514,512,512,NO_RECORDED_FACTOR_PRP_OR_LL_RESULT_AND_NO_ACTIVE_GIMPS_ASSIGNMENT,2026-08-09T02:56:41+00:00,UNALLOCATED,,,,,
SLCMP1467-4621,4621,4622,509228831,2^509228831-1,STRUCTURAL_SCREEN_EXHAUSTED_PRIMALITY_UNASSIGNED,GF3A_DIRECTIONAL_WRITE_EXHAUSTED_PRIMALITY_UNASSIGNED,514,512,512,NO_RECORDED_FACTOR_PRP_OR_LL_RESULT_AND_NO_ACTIVE_GIMPS_ASSIGNMENT,2026-08-09T02:56:41+00:00,UNALLOCATED,,,,,
SLCMP1467-4622,4622,4623,509228921,2^509228921-1,STRUCTURAL_SCREEN_EXHAUSTED_PRIMALITY_UNASSIGNED,GF3A_DIRECTIONAL_WRITE_EXHAUSTED_PRIMALITY_UNASSIGNED,513,512,512,NO_RECORDED_FACTOR_PRP_OR_LL_RESULT_AND_NO_ACTIVE_GIMPS_ASSIGNMENT,2026-08-09T02:56:41+00:00,UNALLOCATED,,,,,
SLCMP1467-4623,4623,4624,509228959,2^509228959-1,STRUCTURAL_SCREEN_EXHAUSTED_PRIMALITY_UNASSIGNED,GF3A_DIRECTIONAL_WRITE_EXHAUSTED_PRIMALITY_UNASSIGNED,514,512,512,NO_RECORDED_FACTOR_PRP_OR_LL_RESULT_AND_NO_ACTIVE_GIMPS_ASSIGNMENT,2026-08-09T02:56:41+00:00,UNALLOCATED,,,,,
SLCMP1467-4624,4624,4625,509228983,2^509228983-1,STRUCTURAL_SCREEN_EXHAUSTED_PRIMALITY_UNASSIGNED,GF3A_DIRECTIONAL_WRITE_EXHAUSTED_PRIMALITY_UNASSIGNED,514,512,512,NO_RECORDED_FACTOR_PRP_OR_LL_RESULT_AND_NO_ACTIVE_GIMPS_ASSIGNMENT,2026-08-09T02:56:41+00:00,UNALLOCATED,,,,,
SLCMP1467-4625,4625,4626,509229031,2^509229031-1,STRUCTURAL_SCREEN_EXHAUSTED_PRIMALITY_UNASSIGNED,GF3A_DIRECTIONAL_WRITE_EXHAUSTED_PRIMALITY_UNASSIGNED,514,512,512,NO_RECORDED_FACTOR_PRP_OR_LL_RESULT_AND_NO_ACTIVE_GIMPS_ASSIGNMENT,2026-08-09T02:56:41+00:00,UNALLOCATED,,,,,
SLCMP1467-4626,4626,4627,509229073,2^509229073-1,STRUCTURAL_SCREEN_EXHAUSTED_PRIMALITY_UNASSIGNED,GF3A_DIRECTIONAL_WRITE_EXHAUSTED_PRIMALITY_UNASSIGNED,513,512,512,NO_RECORDED_FACTOR_PRP_OR_LL_RESULT_AND_NO_ACTIVE_GIMPS_ASSIGNMENT,2026-08-09T02:56:41+00:00,UNALLOCATED,,,,,
SLCMP1467-4627,4627,4628,509229109,2^509229109-1,STRUCTURAL_SCREEN_EXHAUSTED_PRIMALITY_UNASSIGNED,GF3A_DIRECTIONAL_WRITE_EXHAUSTED_PRIMALITY_UNASSIGNED,513,512,512,NO_RECORDED_FACTOR_PRP_OR_LL_RESULT_AND_NO_ACTIVE_GIMPS_ASSIGNMENT,2026-08-09T02:56:41+00:00,UNALLOCATED,,,,,
SLCMP1467-4628,4628,4629,509229151,2^509229151-1,STRUCTURAL_SCREEN_EXHAUSTED_PRIMALITY_UNASSIGNED,GF3A_DIRECTIONAL_WRITE_EXHAUSTED_PRIMALITY_UNASSIGNED,514,512,512,NO_RECORDED_FACTOR_PRP_OR_LL_RESULT_AND_NO_ACTIVE_GIMPS_ASSIGNMENT,2026-08-09T02:56:41+00:00,UNALLOCATED,,,,,
SLCMP1467-4629,4629,4630,509229209,2^509229209-1,STRUCTURAL_SCREEN_EXHAUSTED_PRIMALITY_UNASSIGNED,GF3A_DIRECTIONAL_WRITE_EXHAUSTED_PRIMALITY_UNASSIGNED,513,512,512,NO_RECORDED_FACTOR_PRP_OR_LL_RESULT_AND_NO_ACTIVE_GIMPS_ASSIGNMENT,2026-08-09T02:56:41+00:00,UNALLOCATED,,,,,
SLCMP1467-4630,4630,4631,509229251,2^509229251-1,STRUCTURAL_SCREEN_EXHAUSTED_PRIMALITY_UNASSIGNED,GF3A_DIRECTIONAL_WRITE_EXHAUSTED_PRIMALITY_UNASSIGNED,514,512,512,NO_RECORDED_FACTOR_PRP_OR_LL_RESULT_AND_NO_ACTIVE_GIMPS_ASSIGNMENT,2026-08-09T02:56:41+00:00,UNALLOCATED,,,,,
SLCMP1467-4631,4631,4632,509229277,2^509229277-1,STRUCTURAL_SCREEN_EXHAUSTED_PRIMALITY_UNASSIGNED,GF3A_DIRECTIONAL_WRITE_EXHAUSTED_PRIMALITY_UNASSIGNED,513,512,512,NO_RECORDED_FACTOR_PRP_OR_LL_RESULT_AND_NO_ACTIVE_GIMPS_ASSIGNMENT,2026-08-09T02:56:41+00:00,UNALLOCATED,,,,,
SLCMP1467-4632,4632,4633,509229293,2^509229293-1,STRUCTURAL_SCREEN_EXHAUSTED_PRIMALITY_UNASSIGNED,GF3A_DIRECTIONAL_WRITE_EXHAUSTED_PRIMALITY_UNASSIGNED,513,512,512,NO_RECORDED_FACTOR_PRP_OR_LL_RESULT_AND_NO_ACTIVE_GIMPS_ASSIGNMENT,2026-08-09T02:56:41+00:00,UNALLOCATED,,,,,
SLCMP1467-4633,4633,4634,509229337,2^509229337-1,STRUCTURAL_SCREEN_EXHAUSTED_PRIMALITY_UNASSIGNED,GF3A_DIRECTIONAL_WRITE_EXHAUSTED_PRIMALITY_UNASSIGNED,513,512,512,NO_RECORDED_FACTOR_PRP_OR_LL_RESULT_AND_NO_ACTIVE_GIMPS_ASSIGNMENT,2026-08-09T02:56:41+00:00,UNALLOCATED,,,,,
SLCMP1467-4634,4634,4635,509229341,2^509229341-1,STRUCTURAL_SCREEN_EXHAUSTED_PRIMALITY_UNASSIGNED,GF3A_DIRECTIONAL_WRITE_EXHAUSTED_PRIMALITY_UNASSIGNED,513,512,512,NO_RECORDED_FACTOR_PRP_OR_LL_RESULT_AND_NO_ACTIVE_GIMPS_ASSIGNMENT,2026-08-09T02:56:41+00:00,UNALLOCATED,,,,,
SLCMP1467-4635,4635,4636,509229463,2^509229463-1,STRUCTURAL_SCREEN_EXHAUSTED_PRIMALITY_UNASSIGNED,GF3A_DIRECTIONAL_WRITE_EXHAUSTED_PRIMALITY_UNASSIGNED,514,512,512,NO_RECORDED_FACTOR_PRP_OR_LL_RESULT_AND_NO_ACTIVE_GIMPS_ASSIGNMENT,2026-08-09T02:56:41+00:00,UNALLOCATED,,,,,
SLCMP1467-4636,4636,4637,509229503,2^509229503-1,STRUCTURAL_SCREEN_EXHAUSTED_PRIMALITY_UNASSIGNED,GF3A_DIRECTIONAL_WRITE_EXHAUSTED_PRIMALITY_UNASSIGNED,514,512,512,NO_RECORDED_FACTOR_PRP_OR_LL_RESULT_AND_NO_ACTIVE_GIMPS_ASSIGNMENT,2026-08-09T02:56:41+00:00,UNALLOCATED,,,,,
SLCMP1467-4637,4637,4638,509229569,2^509229569-1,STRUCTURAL_SCREEN_EXHAUSTED_PRIMALITY_UNASSIGNED,GF3A_DIRECTIONAL_WRITE_EXHAUSTED_PRIMALITY_UNASSIGNED,513,512,512,NO_RECORDED_FACTOR_PRP_OR_LL_RESULT_AND_NO_ACTIVE_GIMPS_ASSIGNMENT,2026-08-09T02:56:41+00:00,UNALLOCATED,,,,,
SLCMP1467-4638,4638,4639,509229571,2^509229571-1,STRUCTURAL_SCREEN_EXHAUSTED_PRIMALITY_UNASSIGNED,GF3A_DIRECTIONAL_WRITE_EXHAUSTED_PRIMALITY_UNASSIGNED,514,512,512,NO_RECORDED_FACTOR_PRP_OR_LL_RESULT_AND_NO_ACTIVE_GIMPS_ASSIGNMENT,2026-08-09T02:56:41+00:00,UNALLOCATED,,,,,
SLCMP1467-4639,4639,4640,509229661,2^509229661-1,STRUCTURAL_SCREEN_EXHAUSTED_PRIMALITY_UNASSIGNED,GF3A_DIRECTIONAL_WRITE_EXHAUSTED_PRIMALITY_UNASSIGNED,513,512,512,NO_RECORDED_FACTOR_PRP_OR_LL_RESULT_AND_NO_ACTIVE_GIMPS_ASSIGNMENT,2026-08-09T02:56:41+00:00,UNALLOCATED,,,,,
SLCMP1467-4640,4640,4641,509229719,2^509229719-1,STRUCTURAL_SCREEN_EXHAUSTED_PRIMALITY_UNASSIGNED,GF3A_DIRECTIONAL_WRITE_EXHAUSTED_PRIMALITY_UNASSIGNED,514,512,512,NO_RECORDED_FACTOR_PRP_OR_LL_RESULT_AND_NO_ACTIVE_GIMPS_ASSIGNMENT,2026-08-09T02:56:41+00:00,UNALLOCATED,,,,,
SLCMP1467-4641,4641,4642,509229757,2^509229757-1,STRUCTURAL_SCREEN_EXHAUSTED_PRIMALITY_UNASSIGNED,GF3A_DIRECTIONAL_WRITE_EXHAUSTED_PRIMALITY_UNASSIGNED,513,512,512,NO_RECORDED_FACTOR_PRP_OR_LL_RESULT_AND_NO_ACTIVE_GIMPS_ASSIGNMENT,2026-08-09T02:56:41+00:00,UNALLOCATED,,,,,
SLCMP1467-4642,4642,4643,509229857,2^509229857-1,STRUCTURAL_SCREEN_EXHAUSTED_PRIMALITY_UNASSIGNED,GF3A_DIRECTIONAL_WRITE_EXHAUSTED_PRIMALITY_UNASSIGNED,513,512,512,NO_RECORDED_FACTOR_PRP_OR_LL_RESULT_AND_NO_ACTIVE_GIMPS_ASSIGNMENT,2026-08-09T02:56:41+00:00,UNALLOCATED,,,,,
SLCMP1467-4643,4643,4644,509229871,2^509229871-1,STRUCTURAL_SCREEN_EXHAUSTED_PRIMALITY_UNASSIGNED,GF3A_DIRECTIONAL_WRITE_EXHAUSTED_PRIMALITY_UNASSIGNED,514,512,512,NO_RECORDED_FACTOR_PRP_OR_LL_RESULT_AND_NO_ACTIVE_GIMPS_ASSIGNMENT,2026-08-09T02:56:41+00:00,UNALLOCATED,,,,,
SLCMP1467-4644,4644,4645,509229893,2^509229893-1,STRUCTURAL_SCREEN_EXHAUSTED_PRIMALITY_UNASSIGNED,GF3A_DIRECTIONAL_WRITE_EXHAUSTED_PRIMALITY_UNASSIGNED,513,512,512,NO_RECORDED_FACTOR_PRP_OR_LL_RESULT_AND_NO_ACTIVE_GIMPS_ASSIGNMENT,2026-08-09T02:56:41+00:00,UNALLOCATED,,,,,
SLCMP1467-4645,4645,4646,509229899,2^509229899-1,STRUCTURAL_SCREEN_EXHAUSTED_PRIMALITY_UNASSIGNED,GF3A_DIRECTIONAL_WRITE_EXHAUSTED_PRIMALITY_UNASSIGNED,514,512,512,NO_RECORDED_FACTOR_PRP_OR_LL_RESULT_AND_NO_ACTIVE_GIMPS_ASSIGNMENT,2026-08-09T02:56:41+00:00,UNALLOCATED,,,,,
SLCMP1467-4646,4646,4647,509229923,2^509229923-1,STRUCTURAL_SCREEN_EXHAUSTED_PRIMALITY_UNASSIGNED,GF3A_DIRECTIONAL_WRITE_EXHAUSTED_PRIMALITY_UNASSIGNED,514,512,512,NO_RECORDED_FACTOR_PRP_OR_LL_RESULT_AND_NO_ACTIVE_GIMPS_ASSIGNMENT,2026-08-09T02:56:41+00:00,UNALLOCATED,,,,,
SLCMP1467-4647,4647,4648,509230049,2^509230049-1,STRUCTURAL_SCREEN_EXHAUSTED_PRIMALITY_UNASSIGNED,GF3A_DIRECTIONAL_WRITE_EXHAUSTED_PRIMALITY_UNASSIGNED,513,512,512,NO_RECORDED_FACTOR_PRP_OR_LL_RESULT_AND_NO_ACTIVE_GIMPS_ASSIGNMENT,2026-08-09T02:56:41+00:00,UNALLOCATED,,,,,
SLCMP1467-4648,4648,4649,509230061,2^509230061-1,STRUCTURAL_SCREEN_EXHAUSTED_PRIMALITY_UNASSIGNED,GF3A_DIRECTIONAL_WRITE_EXHAUSTED_PRIMALITY_UNASSIGNED,513,512,512,NO_RECORDED_FACTOR_PRP_OR_LL_RESULT_AND_NO_ACTIVE_GIMPS_ASSIGNMENT,2026-08-09T02:56:41+00:00,UNALLOCATED,,,,,
SLCMP1467-4649,4649,4650,509230081,2^509230081-1,STRUCTURAL_SCREEN_EXHAUSTED_PRIMALITY_UNASSIGNED,GF3A_DIRECTIONAL_WRITE_EXHAUSTED_PRIMALITY_UNASSIGNED,513,512,512,NO_RECORDED_FACTOR_PRP_OR_LL_RESULT_AND_NO_ACTIVE_GIMPS_ASSIGNMENT,2026-08-09T02:56:41+00:00,UNALLOCATED,,,,,
SLCMP1467-4650,4650,4651,509230109,2^509230109-1,STRUCTURAL_SCREEN_EXHAUSTED_PRIMALITY_UNASSIGNED,GF3A_DIRECTIONAL_WRITE_EXHAUSTED_PRIMALITY_UNASSIGNED,513,512,512,NO_RECORDED_FACTOR_PRP_OR_LL_RESULT_AND_NO_ACTIVE_GIMPS_ASSIGNMENT,2026-08-09T02:56:41+00:00,UNALLOCATED,,,,,
SLCMP1467-4651,4651,4652,509230147,2^509230147-1,STRUCTURAL_SCREEN_EXHAUSTED_PRIMALITY_UNASSIGNED,GF3A_DIRECTIONAL_WRITE_EXHAUSTED_PRIMALITY_UNASSIGNED,514,512,512,NO_RECORDED_FACTOR_PRP_OR_LL_RESULT_AND_NO_ACTIVE_GIMPS_ASSIGNMENT,2026-08-09T02:56:41+00:00,UNALLOCATED,,,,,
SLCMP1467-4652,4652,4653,509230177,2^509230177-1,STRUCTURAL_SCREEN_EXHAUSTED_PRIMALITY_UNASSIGNED,GF3A_DIRECTIONAL_WRITE_EXHAUSTED_PRIMALITY_UNASSIGNED,513,512,512,NO_RECORDED_FACTOR_PRP_OR_LL_RESULT_AND_NO_ACTIVE_GIMPS_ASSIGNMENT,2026-08-09T02:56:41+00:00,UNALLOCATED,,,,,
SLCMP1467-4653,4653,4654,509230193,2^509230193-1,STRUCTURAL_SCREEN_EXHAUSTED_PRIMALITY_UNASSIGNED,GF3A_DIRECTIONAL_WRITE_EXHAUSTED_PRIMALITY_UNASSIGNED,513,512,512,NO_RECORDED_FACTOR_PRP_OR_LL_RESULT_AND_NO_ACTIVE_GIMPS_ASSIGNMENT,2026-08-09T02:56:41+00:00,UNALLOCATED,,,,,
SLCMP1467-4654,4654,4655,509230219,2^509230219-1,STRUCTURAL_SCREEN_EXHAUSTED_PRIMALITY_UNASSIGNED,GF3A_DIRECTIONAL_WRITE_EXHAUSTED_PRIMALITY_UNASSIGNED,514,512,512,NO_RECORDED_FACTOR_PRP_OR_LL_RESULT_AND_NO_ACTIVE_GIMPS_ASSIGNMENT,2026-08-09T02:56:41+00:00,UNALLOCATED,,,,,
SLCMP1467-4655,4655,4656,509230237,2^509230237-1,STRUCTURAL_SCREEN_EXHAUSTED_PRIMALITY_UNASSIGNED,GF3A_DIRECTIONAL_WRITE_EXHAUSTED_PRIMALITY_UNASSIGNED,513,512,512,NO_RECORDED_FACTOR_PRP_OR_LL_RESULT_AND_NO_ACTIVE_GIMPS_ASSIGNMENT,2026-08-09T02:56:41+00:00,UNALLOCATED,,,,,
SLCMP1467-4656,4656,4657,509230243,2^509230243-1,STRUCTURAL_SCREEN_EXHAUSTED_PRIMALITY_UNASSIGNED,GF3A_DIRECTIONAL_WRITE_EXHAUSTED_PRIMALITY_UNASSIGNED,514,512,512,NO_RECORDED_FACTOR_PRP_OR_LL_RESULT_AND_NO_ACTIVE_GIMPS_ASSIGNMENT,2026-08-09T02:56:41+00:00,UNALLOCATED,,,,,
SLCMP1467-4657,4657,4658,509230279,2^509230279-1,STRUCTURAL_SCREEN_EXHAUSTED_PRIMALITY_UNASSIGNED,GF3A_DIRECTIONAL_WRITE_EXHAUSTED_PRIMALITY_UNASSIGNED,514,512,512,NO_RECORDED_FACTOR_PRP_OR_LL_RESULT_AND_NO_ACTIVE_GIMPS_ASSIGNMENT,2026-08-09T02:56:41+00:00,UNALLOCATED,,,,,
SLCMP1467-4658,4658,4659,509230361,2^509230361-1,STRUCTURAL_SCREEN_EXHAUSTED_PRIMALITY_UNASSIGNED,GF3A_DIRECTIONAL_WRITE_EXHAUSTED_PRIMALITY_UNASSIGNED,513,512,512,NO_RECORDED_FACTOR_PRP_OR_LL_RESULT_AND_NO_ACTIVE_GIMPS_ASSIGNMENT,2026-08-09T02:56:41+00:00,UNALLOCATED,,,,,
SLCMP1467-4659,4659,4660,509230363,2^509230363-1,STRUCTURAL_SCREEN_EXHAUSTED_PRIMALITY_UNASSIGNED,GF3A_DIRECTIONAL_WRITE_EXHAUSTED_PRIMALITY_UNASSIGNED,514,512,512,NO_RECORDED_FACTOR_PRP_OR_LL_RESULT_AND_NO_ACTIVE_GIMPS_ASSIGNMENT,2026-08-09T02:56:41+00:00,UNALLOCATED,,,,,
SLCMP1467-4660,4660,4661,509230471,2^509230471-1,STRUCTURAL_SCREEN_EXHAUSTED_PRIMALITY_UNASSIGNED,GF3A_DIRECTIONAL_WRITE_EXHAUSTED_PRIMALITY_UNASSIGNED,514,512,512,NO_RECORDED_FACTOR_PRP_OR_LL_RESULT_AND_NO_ACTIVE_GIMPS_ASSIGNMENT,2026-08-09T02:56:41+00:00,UNALLOCATED,,,,,
SLCMP1467-4661,4661,4662,509230523,2^509230523-1,STRUCTURAL_SCREEN_EXHAUSTED_PRIMALITY_UNASSIGNED,GF3A_DIRECTIONAL_WRITE_EXHAUSTED_PRIMALITY_UNASSIGNED,514,512,512,NO_RECORDED_FACTOR_PRP_OR_LL_RESULT_AND_NO_ACTIVE_GIMPS_ASSIGNMENT,2026-08-09T02:56:41+00:00,UNALLOCATED,,,,,
SLCMP1467-4662,4662,4663,509230573,2^509230573-1,STRUCTURAL_SCREEN_EXHAUSTED_PRIMALITY_UNASSIGNED,GF3A_DIRECTIONAL_WRITE_EXHAUSTED_PRIMALITY_UNASSIGNED,513,512,512,NO_RECORDED_FACTOR_PRP_OR_LL_RESULT_AND_NO_ACTIVE_GIMPS_ASSIGNMENT,2026-08-09T02:56:41+00:00,UNALLOCATED,,,,,
SLCMP1467-4663,4663,4664,509230627,2^509230627-1,STRUCTURAL_SCREEN_EXHAUSTED_PRIMALITY_UNASSIGNED,GF3A_DIRECTIONAL_WRITE_EXHAUSTED_PRIMALITY_UNASSIGNED,514,512,512,NO_RECORDED_FACTOR_PRP_OR_LL_RESULT_AND_NO_ACTIVE_GIMPS_ASSIGNMENT,2026-08-09T02:56:41+00:00,UNALLOCATED,,,,,
SLCMP1467-4664,4664,4665,509230721,2^509230721-1,STRUCTURAL_SCREEN_EXHAUSTED_PRIMALITY_UNASSIGNED,GF3A_DIRECTIONAL_WRITE_EXHAUSTED_PRIMALITY_UNASSIGNED,513,512,512,NO_RECORDED_FACTOR_PRP_OR_LL_RESULT_AND_NO_ACTIVE_GIMPS_ASSIGNMENT,2026-08-09T02:56:41+00:00,UNALLOCATED,,,,,
SLCMP1467-4665,4665,4666,509230763,2^509230763-1,STRUCTURAL_SCREEN_EXHAUSTED_PRIMALITY_UNASSIGNED,GF3A_DIRECTIONAL_WRITE_EXHAUSTED_PRIMALITY_UNASSIGNED,514,512,512,NO_RECORDED_FACTOR_PRP_OR_LL_RESULT_AND_NO_ACTIVE_GIMPS_ASSIGNMENT,2026-08-09T02:56:41+00:00,UNALLOCATED,,,,,
SLCMP1467-4666,4666,4667,509230817,2^509230817-1,STRUCTURAL_SCREEN_EXHAUSTED_PRIMALITY_UNASSIGNED,GF3A_DIRECTIONAL_WRITE_EXHAUSTED_PRIMALITY_UNASSIGNED,513,512,512,NO_RECORDED_FACTOR_PRP_OR_LL_RESULT_AND_NO_ACTIVE_GIMPS_ASSIGNMENT,2026-08-09T02:56:41+00:00,UNALLOCATED,,,,,
SLCMP1467-4667,4667,4668,509230819,2^509230819-1,STRUCTURAL_SCREEN_EXHAUSTED_PRIMALITY_UNASSIGNED,GF3A_DIRECTIONAL_WRITE_EXHAUSTED_PRIMALITY_UNASSIGNED,514,512,512,NO_RECORDED_FACTOR_PRP_OR_LL_RESULT_AND_NO_ACTIVE_GIMPS_ASSIGNMENT,2026-08-09T02:56:41+00:00,UNALLOCATED,,,,,
SLCMP1467-4668,4668,4669,509230861,2^509230861-1,STRUCTURAL_SCREEN_EXHAUSTED_PRIMALITY_UNASSIGNED,GF3A_DIRECTIONAL_WRITE_EXHAUSTED_PRIMALITY_UNASSIGNED,513,512,512,NO_RECORDED_FACTOR_PRP_OR_LL_RESULT_AND_NO_ACTIVE_GIMPS_ASSIGNMENT,2026-08-09T02:56:41+00:00,UNALLOCATED,,,,,
SLCMP1467-4669,4669,4670,509230871,2^509230871-1,STRUCTURAL_SCREEN_EXHAUSTED_PRIMALITY_UNASSIGNED,GF3A_DIRECTIONAL_WRITE_EXHAUSTED_PRIMALITY_UNASSIGNED,514,512,512,NO_RECORDED_FACTOR_PRP_OR_LL_RESULT_AND_NO_ACTIVE_GIMPS_ASSIGNMENT,2026-08-09T02:56:41+00:00,UNALLOCATED,,,,,
SLCMP1467-4670,4670,4671,509230901,2^509230901-1,STRUCTURAL_SCREEN_EXHAUSTED_PRIMALITY_UNASSIGNED,GF3A_DIRECTIONAL_WRITE_EXHAUSTED_PRIMALITY_UNASSIGNED,513,512,512,NO_RECORDED_FACTOR_PRP_OR_LL_RESULT_AND_NO_ACTIVE_GIMPS_ASSIGNMENT,2026-08-09T02:56:41+00:00,UNALLOCATED,,,,,
SLCMP1467-4671,4671,4672,509230961,2^509230961-1,STRUCTURAL_SCREEN_EXHAUSTED_PRIMALITY_UNASSIGNED,GF3A_DIRECTIONAL_WRITE_EXHAUSTED_PRIMALITY_UNASSIGNED,513,512,512,NO_RECORDED_FACTOR_PRP_OR_LL_RESULT_AND_NO_ACTIVE_GIMPS_ASSIGNMENT,2026-08-09T02:56:41+00:00,UNALLOCATED,,,,,
SLCMP1467-4672,4672,4673,509230973,2^509230973-1,STRUCTURAL_SCREEN_EXHAUSTED_PRIMALITY_UNASSIGNED,GF3A_DIRECTIONAL_WRITE_EXHAUSTED_PRIMALITY_UNASSIGNED,513,512,512,NO_RECORDED_FACTOR_PRP_OR_LL_RESULT_AND_NO_ACTIVE_GIMPS_ASSIGNMENT,2026-08-09T02:56:41+00:00,UNALLOCATED,,,,,
SLCMP1467-4673,4673,4674,509231159,2^509231159-1,STRUCTURAL_SCREEN_EXHAUSTED_PRIMALITY_UNASSIGNED,GF3A_DIRECTIONAL_WRITE_EXHAUSTED_PRIMALITY_UNASSIGNED,514,512,512,NO_RECORDED_FACTOR_PRP_OR_LL_RESULT_AND_NO_ACTIVE_GIMPS_ASSIGNMENT,2026-08-09T02:56:41+00:00,UNALLOCATED,,,,,
SLCMP1467-4674,4674,4675,509231167,2^509231167-1,STRUCTURAL_SCREEN_EXHAUSTED_PRIMALITY_UNASSIGNED,GF3A_DIRECTIONAL_WRITE_EXHAUSTED_PRIMALITY_UNASSIGNED,514,512,512,NO_RECORDED_FACTOR_PRP_OR_LL_RESULT_AND_NO_ACTIVE_GIMPS_ASSIGNMENT,2026-08-09T02:56:41+00:00,UNALLOCATED,,,,,
SLCMP1467-4675,4675,4676,509231221,2^509231221-1,STRUCTURAL_SCREEN_EXHAUSTED_PRIMALITY_UNASSIGNED,GF3A_DIRECTIONAL_WRITE_EXHAUSTED_PRIMALITY_UNASSIGNED,513,512,512,NO_RECORDED_FACTOR_PRP_OR_LL_RESULT_AND_NO_ACTIVE_GIMPS_ASSIGNMENT,2026-08-09T02:56:41+00:00,UNALLOCATED,,,,,
SLCMP1467-4676,4676,4677,509231251,2^509231251-1,STRUCTURAL_SCREEN_EXHAUSTED_PRIMALITY_UNASSIGNED,GF3A_DIRECTIONAL_WRITE_EXHAUSTED_PRIMALITY_UNASSIGNED,514,512,512,NO_RECORDED_FACTOR_PRP_OR_LL_RESULT_AND_NO_ACTIVE_GIMPS_ASSIGNMENT,2026-08-09T02:56:41+00:00,UNALLOCATED,,,,,
SLCMP1467-4677,4677,4678,509231347,2^509231347-1,STRUCTURAL_SCREEN_EXHAUSTED_PRIMALITY_UNASSIGNED,GF3A_DIRECTIONAL_WRITE_EXHAUSTED_PRIMALITY_UNASSIGNED,514,512,512,NO_RECORDED_FACTOR_PRP_OR_LL_RESULT_AND_NO_ACTIVE_GIMPS_ASSIGNMENT,2026-08-09T02:56:41+00:00,UNALLOCATED,,,,,
SLCMP1467-4678,4678,4679,509231441,2^509231441-1,STRUCTURAL_SCREEN_EXHAUSTED_PRIMALITY_UNASSIGNED,GF3A_DIRECTIONAL_WRITE_EXHAUSTED_PRIMALITY_UNASSIGNED,513,512,512,NO_RECORDED_FACTOR_PRP_OR_LL_RESULT_AND_NO_ACTIVE_GIMPS_ASSIGNMENT,2026-08-09T02:56:41+00:00,UNALLOCATED,,,,,
SLCMP1467-4679,4679,4680,509231461,2^509231461-1,STRUCTURAL_SCREEN_EXHAUSTED_PRIMALITY_UNASSIGNED,GF3A_DIRECTIONAL_WRITE_EXHAUSTED_PRIMALITY_UNASSIGNED,513,512,512,NO_RECORDED_FACTOR_PRP_OR_LL_RESULT_AND_NO_ACTIVE_GIMPS_ASSIGNMENT,2026-08-09T02:56:41+00:00,UNALLOCATED,,,,,
SLCMP1467-4680,4680,4681,509231467,2^509231467-1,STRUCTURAL_SCREEN_EXHAUSTED_PRIMALITY_UNASSIGNED,GF3A_DIRECTIONAL_WRITE_EXHAUSTED_PRIMALITY_UNASSIGNED,514,512,512,NO_RECORDED_FACTOR_PRP_OR_LL_RESULT_AND_NO_ACTIVE_GIMPS_ASSIGNMENT,2026-08-09T02:56:41+00:00,UNALLOCATED,,,,,
SLCMP1467-4681,4681,4682,509231543,2^509231543-1,STRUCTURAL_SCREEN_EXHAUSTED_PRIMALITY_UNASSIGNED,GF3A_DIRECTIONAL_WRITE_EXHAUSTED_PRIMALITY_UNASSIGNED,514,512,512,NO_RECORDED_FACTOR_PRP_OR_LL_RESULT_AND_NO_ACTIVE_GIMPS_ASSIGNMENT,2026-08-09T02:56:41+00:00,UNALLOCATED,,,,,
SLCMP1467-4682,4682,4683,509231581,2^509231581-1,STRUCTURAL_SCREEN_EXHAUSTED_PRIMALITY_UNASSIGNED,GF3A_DIRECTIONAL_WRITE_EXHAUSTED_PRIMALITY_UNASSIGNED,513,512,512,NO_RECORDED_FACTOR_PRP_OR_LL_RESULT_AND_NO_ACTIVE_GIMPS_ASSIGNMENT,2026-08-09T02:56:41+00:00,UNALLOCATED,,,,,
SLCMP1467-4683,4683,4684,509231633,2^509231633-1,STRUCTURAL_SCREEN_EXHAUSTED_PRIMALITY_UNASSIGNED,GF3A_DIRECTIONAL_WRITE_EXHAUSTED_PRIMALITY_UNASSIGNED,513,512,512,NO_RECORDED_FACTOR_PRP_OR_LL_RESULT_AND_NO_ACTIVE_GIMPS_ASSIGNMENT,2026-08-09T02:56:41+00:00,UNALLOCATED,,,,,
SLCMP1467-4684,4684,4685,509231683,2^509231683-1,STRUCTURAL_SCREEN_EXHAUSTED_PRIMALITY_UNASSIGNED,GF3A_DIRECTIONAL_WRITE_EXHAUSTED_PRIMALITY_UNASSIGNED,514,512,512,NO_RECORDED_FACTOR_PRP_OR_LL_RESULT_AND_NO_ACTIVE_GIMPS_ASSIGNMENT,2026-08-09T02:56:41+00:00,UNALLOCATED,,,,,
SLCMP1467-4685,4685,4686,509231689,2^509231689-1,STRUCTURAL_SCREEN_EXHAUSTED_PRIMALITY_UNASSIGNED,GF3A_DIRECTIONAL_WRITE_EXHAUSTED_PRIMALITY_UNASSIGNED,513,512,512,NO_RECORDED_FACTOR_PRP_OR_LL_RESULT_AND_NO_ACTIVE_GIMPS_ASSIGNMENT,2026-08-09T02:56:41+00:00,UNALLOCATED,,,,,
SLCMP1467-4686,4686,4687,509231717,2^509231717-1,STRUCTURAL_SCREEN_EXHAUSTED_PRIMALITY_UNASSIGNED,GF3A_DIRECTIONAL_WRITE_EXHAUSTED_PRIMALITY_UNASSIGNED,513,512,512,NO_RECORDED_FACTOR_PRP_OR_LL_RESULT_AND_NO_ACTIVE_GIMPS_ASSIGNMENT,2026-08-09T02:56:41+00:00,UNALLOCATED,,,,,
SLCMP1467-4687,4687,4688,509231783,2^509231783-1,STRUCTURAL_SCREEN_EXHAUSTED_PRIMALITY_UNASSIGNED,GF3A_DIRECTIONAL_WRITE_EXHAUSTED_PRIMALITY_UNASSIGNED,514,512,512,NO_RECORDED_FACTOR_PRP_OR_LL_RESULT_AND_NO_ACTIVE_GIMPS_ASSIGNMENT,2026-08-09T02:56:41+00:00,UNALLOCATED,,,,,
SLCMP1467-4688,4688,4689,509231819,2^509231819-1,STRUCTURAL_SCREEN_EXHAUSTED_PRIMALITY_UNASSIGNED,GF3A_DIRECTIONAL_WRITE_EXHAUSTED_PRIMALITY_UNASSIGNED,514,512,512,NO_RECORDED_FACTOR_PRP_OR_LL_RESULT_AND_NO_ACTIVE_GIMPS_ASSIGNMENT,2026-08-09T02:56:41+00:00,UNALLOCATED,,,,,
SLCMP1467-4689,4689,4690,509231837,2^509231837-1,STRUCTURAL_SCREEN_EXHAUSTED_PRIMALITY_UNASSIGNED,GF3A_DIRECTIONAL_WRITE_EXHAUSTED_PRIMALITY_UNASSIGNED,513,512,512,NO_RECORDED_FACTOR_PRP_OR_LL_RESULT_AND_NO_ACTIVE_GIMPS_ASSIGNMENT,2026-08-09T02:56:41+00:00,UNALLOCATED,,,,,
SLCMP1467-4690,4690,4691,509231857,2^509231857-1,STRUCTURAL_SCREEN_EXHAUSTED_PRIMALITY_UNASSIGNED,GF3A_DIRECTIONAL_WRITE_EXHAUSTED_PRIMALITY_UNASSIGNED,513,512,512,NO_RECORDED_FACTOR_PRP_OR_LL_RESULT_AND_NO_ACTIVE_GIMPS_ASSIGNMENT,2026-08-09T02:56:41+00:00,UNALLOCATED,,,,,
SLCMP1467-4691,4691,4692,509231911,2^509231911-1,STRUCTURAL_SCREEN_EXHAUSTED_PRIMALITY_UNASSIGNED,GF3A_DIRECTIONAL_WRITE_EXHAUSTED_PRIMALITY_UNASSIGNED,514,512,512,NO_RECORDED_FACTOR_PRP_OR_LL_RESULT_AND_NO_ACTIVE_GIMPS_ASSIGNMENT,2026-08-09T02:56:41+00:00,UNALLOCATED,,,,,
SLCMP1467-4692,4692,4693,509232007,2^509232007-1,STRUCTURAL_SCREEN_EXHAUSTED_PRIMALITY_UNASSIGNED,GF3A_DIRECTIONAL_WRITE_EXHAUSTED_PRIMALITY_UNASSIGNED,514,512,512,NO_RECORDED_FACTOR_PRP_OR_LL_RESULT_AND_NO_ACTIVE_GIMPS_ASSIGNMENT,2026-08-09T02:56:41+00:00,UNALLOCATED,,,,,
SLCMP1467-4693,4693,4694,509232011,2^509232011-1,STRUCTURAL_SCREEN_EXHAUSTED_PRIMALITY_UNASSIGNED,GF3A_DIRECTIONAL_WRITE_EXHAUSTED_PRIMALITY_UNASSIGNED,514,512,512,NO_RECORDED_FACTOR_PRP_OR_LL_RESULT_AND_NO_ACTIVE_GIMPS_ASSIGNMENT,2026-08-09T02:56:41+00:00,UNALLOCATED,,,,,
SLCMP1467-4694,4694,4695,509232041,2^509232041-1,STRUCTURAL_SCREEN_EXHAUSTED_PRIMALITY_UNASSIGNED,GF3A_DIRECTIONAL_WRITE_EXHAUSTED_PRIMALITY_UNASSIGNED,513,512,512,NO_RECORDED_FACTOR_PRP_OR_LL_RESULT_AND_NO_ACTIVE_GIMPS_ASSIGNMENT,2026-08-09T02:56:41+00:00,UNALLOCATED,,,,,
SLCMP1467-4695,4695,4696,509232089,2^509232089-1,STRUCTURAL_SCREEN_EXHAUSTED_PRIMALITY_UNASSIGNED,GF3A_DIRECTIONAL_WRITE_EXHAUSTED_PRIMALITY_UNASSIGNED,513,512,512,NO_RECORDED_FACTOR_PRP_OR_LL_RESULT_AND_NO_ACTIVE_GIMPS_ASSIGNMENT,2026-08-09T02:56:41+00:00,UNALLOCATED,,,,,
SLCMP1467-4696,4696,4697,509232271,2^509232271-1,STRUCTURAL_SCREEN_EXHAUSTED_PRIMALITY_UNASSIGNED,GF3A_DIRECTIONAL_WRITE_EXHAUSTED_PRIMALITY_UNASSIGNED,514,512,512,NO_RECORDED_FACTOR_PRP_OR_LL_RESULT_AND_NO_ACTIVE_GIMPS_ASSIGNMENT,2026-08-09T02:56:41+00:00,UNALLOCATED,,,,,
SLCMP1467-4697,4697,4698,509232289,2^509232289-1,STRUCTURAL_SCREEN_EXHAUSTED_PRIMALITY_UNASSIGNED,GF3A_DIRECTIONAL_WRITE_EXHAUSTED_PRIMALITY_UNASSIGNED,513,512,512,NO_RECORDED_FACTOR_PRP_OR_LL_RESULT_AND_NO_ACTIVE_GIMPS_ASSIGNMENT,2026-08-09T02:56:41+00:00,UNALLOCATED,,,,,
SLCMP1467-4698,4698,4699,509232301,2^509232301-1,STRUCTURAL_SCREEN_EXHAUSTED_PRIMALITY_UNASSIGNED,GF3A_DIRECTIONAL_WRITE_EXHAUSTED_PRIMALITY_UNASSIGNED,513,512,512,NO_RECORDED_FACTOR_PRP_OR_LL_RESULT_AND_NO_ACTIVE_GIMPS_ASSIGNMENT,2026-08-09T02:56:41+00:00,UNALLOCATED,,,,,
SLCMP1467-4699,4699,4700,509232323,2^509232323-1,STRUCTURAL_SCREEN_EXHAUSTED_PRIMALITY_UNASSIGNED,GF3A_DIRECTIONAL_WRITE_EXHAUSTED_PRIMALITY_UNASSIGNED,514,512,512,NO_RECORDED_FACTOR_PRP_OR_LL_RESULT_AND_NO_ACTIVE_GIMPS_ASSIGNMENT,2026-08-09T02:56:41+00:00,UNALLOCATED,,,,,
SLCMP1467-4700,4700,4701,509232329,2^509232329-1,STRUCTURAL_SCREEN_EXHAUSTED_PRIMALITY_UNASSIGNED,GF3A_DIRECTIONAL_WRITE_EXHAUSTED_PRIMALITY_UNASSIGNED,513,512,512,NO_RECORDED_FACTOR_PRP_OR_LL_RESULT_AND_NO_ACTIVE_GIMPS_ASSIGNMENT,2026-08-09T02:56:41+00:00,UNALLOCATED,,,,,
SLCMP1467-4701,4701,4702,509232401,2^509232401-1,STRUCTURAL_SCREEN_EXHAUSTED_PRIMALITY_UNASSIGNED,GF3A_DIRECTIONAL_WRITE_EXHAUSTED_PRIMALITY_UNASSIGNED,513,512,512,NO_RECORDED_FACTOR_PRP_OR_LL_RESULT_AND_NO_ACTIVE_GIMPS_ASSIGNMENT,2026-08-09T02:56:41+00:00,UNALLOCATED,,,,,
SLCMP1467-4702,4702,4703,509232497,2^509232497-1,STRUCTURAL_SCREEN_EXHAUSTED_PRIMALITY_UNASSIGNED,GF3A_DIRECTIONAL_WRITE_EXHAUSTED_PRIMALITY_UNASSIGNED,513,512,512,NO_RECORDED_FACTOR_PRP_OR_LL_RESULT_AND_NO_ACTIVE_GIMPS_ASSIGNMENT,2026-08-09T02:56:41+00:00,UNALLOCATED,,,,,
SLCMP1467-4703,4703,4704,509232523,2^509232523-1,STRUCTURAL_SCREEN_EXHAUSTED_PRIMALITY_UNASSIGNED,GF3A_DIRECTIONAL_WRITE_EXHAUSTED_PRIMALITY_UNASSIGNED,514,512,512,NO_RECORDED_FACTOR_PRP_OR_LL_RESULT_AND_NO_ACTIVE_GIMPS_ASSIGNMENT,2026-08-09T02:56:41+00:00,UNALLOCATED,,,,,
SLCMP1467-4704,4704,4705,509232541,2^509232541-1,STRUCTURAL_SCREEN_EXHAUSTED_PRIMALITY_UNASSIGNED,GF3A_DIRECTIONAL_WRITE_EXHAUSTED_PRIMALITY_UNASSIGNED,513,512,512,NO_RECORDED_FACTOR_PRP_OR_LL_RESULT_AND_NO_ACTIVE_GIMPS_ASSIGNMENT,2026-08-09T02:56:41+00:00,UNALLOCATED,,,,,
SLCMP1467-4705,4705,4706,509232601,2^509232601-1,STRUCTURAL_SCREEN_EXHAUSTED_PRIMALITY_UNASSIGNED,GF3A_DIRECTIONAL_WRITE_EXHAUSTED_PRIMALITY_UNASSIGNED,513,512,512,NO_RECORDED_FACTOR_PRP_OR_LL_RESULT_AND_NO_ACTIVE_GIMPS_ASSIGNMENT,2026-08-09T02:56:41+00:00,UNALLOCATED,,,,,
SLCMP1467-4706,4706,4707,509232643,2^509232643-1,STRUCTURAL_SCREEN_EXHAUSTED_PRIMALITY_UNASSIGNED,GF3A_DIRECTIONAL_WRITE_EXHAUSTED_PRIMALITY_UNASSIGNED,514,512,512,NO_RECORDED_FACTOR_PRP_OR_LL_RESULT_AND_NO_ACTIVE_GIMPS_ASSIGNMENT,2026-08-09T02:56:41+00:00,UNALLOCATED,,,,,
SLCMP1467-4707,4707,4708,509232667,2^509232667-1,STRUCTURAL_SCREEN_EXHAUSTED_PRIMALITY_UNASSIGNED,GF3A_DIRECTIONAL_WRITE_EXHAUSTED_PRIMALITY_UNASSIGNED,514,512,512,NO_RECORDED_FACTOR_PRP_OR_LL_RESULT_AND_NO_ACTIVE_GIMPS_ASSIGNMENT,2026-08-09T02:56:41+00:00,UNALLOCATED,,,,,
SLCMP1467-4708,4708,4709,509232677,2^509232677-1,STRUCTURAL_SCREEN_EXHAUSTED_PRIMALITY_UNASSIGNED,GF3A_DIRECTIONAL_WRITE_EXHAUSTED_PRIMALITY_UNASSIGNED,513,512,512,NO_RECORDED_FACTOR_PRP_OR_LL_RESULT_AND_NO_ACTIVE_GIMPS_ASSIGNMENT,2026-08-09T02:56:41+00:00,UNALLOCATED,,,,,
SLCMP1467-4709,4709,4710,509232683,2^509232683-1,STRUCTURAL_SCREEN_EXHAUSTED_PRIMALITY_UNASSIGNED,GF3A_DIRECTIONAL_WRITE_EXHAUSTED_PRIMALITY_UNASSIGNED,514,512,512,NO_RECORDED_FACTOR_PRP_OR_LL_RESULT_AND_NO_ACTIVE_GIMPS_ASSIGNMENT,2026-08-09T02:56:41+00:00,UNALLOCATED,,,,,
SLCMP1467-4710,4710,4711,509232727,2^509232727-1,STRUCTURAL_SCREEN_EXHAUSTED_PRIMALITY_UNASSIGNED,GF3A_DIRECTIONAL_WRITE_EXHAUSTED_PRIMALITY_UNASSIGNED,514,512,512,NO_RECORDED_FACTOR_PRP_OR_LL_RESULT_AND_NO_ACTIVE_GIMPS_ASSIGNMENT,2026-08-09T02:56:41+00:00,UNALLOCATED,,,,,
SLCMP1467-4711,4711,4712,509232767,2^509232767-1,STRUCTURAL_SCREEN_EXHAUSTED_PRIMALITY_UNASSIGNED,GF3A_DIRECTIONAL_WRITE_EXHAUSTED_PRIMALITY_UNASSIGNED,514,512,512,NO_RECORDED_FACTOR_PRP_OR_LL_RESULT_AND_NO_ACTIVE_GIMPS_ASSIGNMENT,2026-08-09T02:56:41+00:00,UNALLOCATED,,,,,
SLCMP1467-4712,4712,4713,509232769,2^509232769-1,STRUCTURAL_SCREEN_EXHAUSTED_PRIMALITY_UNASSIGNED,GF3A_DIRECTIONAL_WRITE_EXHAUSTED_PRIMALITY_UNASSIGNED,513,512,512,NO_RECORDED_FACTOR_PRP_OR_LL_RESULT_AND_NO_ACTIVE_GIMPS_ASSIGNMENT,2026-08-09T02:56:41+00:00,UNALLOCATED,,,,,
SLCMP1467-4713,4713,4714,509232839,2^509232839-1,STRUCTURAL_SCREEN_EXHAUSTED_PRIMALITY_UNASSIGNED,GF3A_DIRECTIONAL_WRITE_EXHAUSTED_PRIMALITY_UNASSIGNED,514,512,512,NO_RECORDED_FACTOR_PRP_OR_LL_RESULT_AND_NO_ACTIVE_GIMPS_ASSIGNMENT,2026-08-09T02:56:41+00:00,UNALLOCATED,,,,,
SLCMP1467-4714,4714,4715,509232947,2^509232947-1,STRUCTURAL_SCREEN_EXHAUSTED_PRIMALITY_UNASSIGNED,GF3A_DIRECTIONAL_WRITE_EXHAUSTED_PRIMALITY_UNASSIGNED,514,512,512,NO_RECORDED_FACTOR_PRP_OR_LL_RESULT_AND_NO_ACTIVE_GIMPS_ASSIGNMENT,2026-08-09T02:56:41+00:00,UNALLOCATED,,,,,
SLCMP1467-4715,4715,4716,509233019,2^509233019-1,STRUCTURAL_SCREEN_EXHAUSTED_PRIMALITY_UNASSIGNED,GF3A_DIRECTIONAL_WRITE_EXHAUSTED_PRIMALITY_UNASSIGNED,514,512,512,NO_RECORDED_FACTOR_PRP_OR_LL_RESULT_AND_NO_ACTIVE_GIMPS_ASSIGNMENT,2026-08-09T02:56:41+00:00,UNALLOCATED,,,,,
SLCMP1467-4716,4716,4717,509233037,2^509233037-1,STRUCTURAL_SCREEN_EXHAUSTED_PRIMALITY_UNASSIGNED,GF3A_DIRECTIONAL_WRITE_EXHAUSTED_PRIMALITY_UNASSIGNED,513,512,512,NO_RECORDED_FACTOR_PRP_OR_LL_RESULT_AND_NO_ACTIVE_GIMPS_ASSIGNMENT,2026-08-09T02:56:41+00:00,UNALLOCATED,,,,,
SLCMP1467-4717,4717,4718,509233057,2^509233057-1,STRUCTURAL_SCREEN_EXHAUSTED_PRIMALITY_UNASSIGNED,GF3A_DIRECTIONAL_WRITE_EXHAUSTED_PRIMALITY_UNASSIGNED,513,512,512,NO_RECORDED_FACTOR_PRP_OR_LL_RESULT_AND_NO_ACTIVE_GIMPS_ASSIGNMENT,2026-08-09T02:56:41+00:00,UNALLOCATED,,,,,
SLCMP1467-4718,4718,4719,509233099,2^509233099-1,STRUCTURAL_SCREEN_EXHAUSTED_PRIMALITY_UNASSIGNED,GF3A_DIRECTIONAL_WRITE_EXHAUSTED_PRIMALITY_UNASSIGNED,514,512,512,NO_RECORDED_FACTOR_PRP_OR_LL_RESULT_AND_NO_ACTIVE_GIMPS_ASSIGNMENT,2026-08-09T02:56:41+00:00,UNALLOCATED,,,,,
SLCMP1467-4719,4719,4720,509233129,2^509233129-1,STRUCTURAL_SCREEN_EXHAUSTED_PRIMALITY_UNASSIGNED,GF3A_DIRECTIONAL_WRITE_EXHAUSTED_PRIMALITY_UNASSIGNED,513,512,512,NO_RECORDED_FACTOR_PRP_OR_LL_RESULT_AND_NO_ACTIVE_GIMPS_ASSIGNMENT,2026-08-09T02:56:41+00:00,UNALLOCATED,,,,,
SLCMP1467-4720,4720,4721,509233321,2^509233321-1,STRUCTURAL_SCREEN_EXHAUSTED_PRIMALITY_UNASSIGNED,GF3A_DIRECTIONAL_WRITE_EXHAUSTED_PRIMALITY_UNASSIGNED,513,512,512,NO_RECORDED_FACTOR_PRP_OR_LL_RESULT_AND_NO_ACTIVE_GIMPS_ASSIGNMENT,2026-08-09T02:56:41+00:00,UNALLOCATED,,,,,
SLCMP1467-4721,4721,4722,509233337,2^509233337-1,STRUCTURAL_SCREEN_EXHAUSTED_PRIMALITY_UNASSIGNED,GF3A_DIRECTIONAL_WRITE_EXHAUSTED_PRIMALITY_UNASSIGNED,513,512,512,NO_RECORDED_FACTOR_PRP_OR_LL_RESULT_AND_NO_ACTIVE_GIMPS_ASSIGNMENT,2026-08-09T02:56:41+00:00,UNALLOCATED,,,,,
SLCMP1467-4722,4722,4723,509233393,2^509233393-1,STRUCTURAL_SCREEN_EXHAUSTED_PRIMALITY_UNASSIGNED,GF3A_DIRECTIONAL_WRITE_EXHAUSTED_PRIMALITY_UNASSIGNED,513,512,512,NO_RECORDED_FACTOR_PRP_OR_LL_RESULT_AND_NO_ACTIVE_GIMPS_ASSIGNMENT,2026-08-09T02:56:41+00:00,UNALLOCATED,,,,,
SLCMP1467-4723,4723,4724,509233471,2^509233471-1,STRUCTURAL_SCREEN_EXHAUSTED_PRIMALITY_UNASSIGNED,GF3A_DIRECTIONAL_WRITE_EXHAUSTED_PRIMALITY_UNASSIGNED,514,512,512,NO_RECORDED_FACTOR_PRP_OR_LL_RESULT_AND_NO_ACTIVE_GIMPS_ASSIGNMENT,2026-08-09T02:56:41+00:00,UNALLOCATED,,,,,
SLCMP1467-4724,4724,4725,509233481,2^509233481-1,STRUCTURAL_SCREEN_EXHAUSTED_PRIMALITY_UNASSIGNED,GF3A_DIRECTIONAL_WRITE_EXHAUSTED_PRIMALITY_UNASSIGNED,513,512,512,NO_RECORDED_FACTOR_PRP_OR_LL_RESULT_AND_NO_ACTIVE_GIMPS_ASSIGNMENT,2026-08-09T02:56:41+00:00,UNALLOCATED,,,,,
SLCMP1467-4725,4725,4726,509233663,2^509233663-1,STRUCTURAL_SCREEN_EXHAUSTED_PRIMALITY_UNASSIGNED,GF3A_DIRECTIONAL_WRITE_EXHAUSTED_PRIMALITY_UNASSIGNED,514,512,512,NO_RECORDED_FACTOR_PRP_OR_LL_RESULT_AND_NO_ACTIVE_GIMPS_ASSIGNMENT,2026-08-09T02:56:41+00:00,UNALLOCATED,,,,,
SLCMP1467-4726,4726,4727,509233727,2^509233727-1,STRUCTURAL_SCREEN_EXHAUSTED_PRIMALITY_UNASSIGNED,GF3A_DIRECTIONAL_WRITE_EXHAUSTED_PRIMALITY_UNASSIGNED,514,512,512,NO_RECORDED_FACTOR_PRP_OR_LL_RESULT_AND_NO_ACTIVE_GIMPS_ASSIGNMENT,2026-08-09T02:56:41+00:00,UNALLOCATED,,,,,
SLCMP1467-4727,4727,4728,509233733,2^509233733-1,STRUCTURAL_SCREEN_EXHAUSTED_PRIMALITY_UNASSIGNED,GF3A_DIRECTIONAL_WRITE_EXHAUSTED_PRIMALITY_UNASSIGNED,513,512,512,NO_RECORDED_FACTOR_PRP_OR_LL_RESULT_AND_NO_ACTIVE_GIMPS_ASSIGNMENT,2026-08-09T02:56:41+00:00,UNALLOCATED,,,,,
SLCMP1467-4728,4728,4729,509233789,2^509233789-1,STRUCTURAL_SCREEN_EXHAUSTED_PRIMALITY_UNASSIGNED,GF3A_DIRECTIONAL_WRITE_EXHAUSTED_PRIMALITY_UNASSIGNED,513,512,512,NO_RECORDED_FACTOR_PRP_OR_LL_RESULT_AND_NO_ACTIVE_GIMPS_ASSIGNMENT,2026-08-09T02:56:41+00:00,UNALLOCATED,,,,,
SLCMP1467-4729,4729,4730,509233843,2^509233843-1,STRUCTURAL_SCREEN_EXHAUSTED_PRIMALITY_UNASSIGNED,GF3A_DIRECTIONAL_WRITE_EXHAUSTED_PRIMALITY_UNASSIGNED,514,512,512,NO_RECORDED_FACTOR_PRP_OR_LL_RESULT_AND_NO_ACTIVE_GIMPS_ASSIGNMENT,2026-08-09T02:56:41+00:00,UNALLOCATED,,,,,
SLCMP1467-4730,4730,4731,509233889,2^509233889-1,STRUCTURAL_SCREEN_EXHAUSTED_PRIMALITY_UNASSIGNED,GF3A_DIRECTIONAL_WRITE_EXHAUSTED_PRIMALITY_UNASSIGNED,513,512,512,NO_RECORDED_FACTOR_PRP_OR_LL_RESULT_AND_NO_ACTIVE_GIMPS_ASSIGNMENT,2026-08-09T02:56:41+00:00,UNALLOCATED,,,,,
SLCMP1467-4731,4731,4732,509233891,2^509233891-1,STRUCTURAL_SCREEN_EXHAUSTED_PRIMALITY_UNASSIGNED,GF3A_DIRECTIONAL_WRITE_EXHAUSTED_PRIMALITY_UNASSIGNED,514,512,512,NO_RECORDED_FACTOR_PRP_OR_LL_RESULT_AND_NO_ACTIVE_GIMPS_ASSIGNMENT,2026-08-09T02:56:41+00:00,UNALLOCATED,,,,,
SLCMP1467-4732,4732,4733,509233909,2^509233909-1,STRUCTURAL_SCREEN_EXHAUSTED_PRIMALITY_UNASSIGNED,GF3A_DIRECTIONAL_WRITE_EXHAUSTED_PRIMALITY_UNASSIGNED,513,512,512,NO_RECORDED_FACTOR_PRP_OR_LL_RESULT_AND_NO_ACTIVE_GIMPS_ASSIGNMENT,2026-08-09T02:56:41+00:00,UNALLOCATED,,,,,
SLCMP1467-4733,4733,4734,509233913,2^509233913-1,STRUCTURAL_SCREEN_EXHAUSTED_PRIMALITY_UNASSIGNED,GF3A_DIRECTIONAL_WRITE_EXHAUSTED_PRIMALITY_UNASSIGNED,513,512,512,NO_RECORDED_FACTOR_PRP_OR_LL_RESULT_AND_NO_ACTIVE_GIMPS_ASSIGNMENT,2026-08-09T02:56:41+00:00,UNALLOCATED,,,,,
SLCMP1467-4734,4734,4735,509233999,2^509233999-1,STRUCTURAL_SCREEN_EXHAUSTED_PRIMALITY_UNASSIGNED,GF3A_DIRECTIONAL_WRITE_EXHAUSTED_PRIMALITY_UNASSIGNED,514,512,512,NO_RECORDED_FACTOR_PRP_OR_LL_RESULT_AND_NO_ACTIVE_GIMPS_ASSIGNMENT,2026-08-09T02:56:41+00:00,UNALLOCATED,,,,,
SLCMP1467-4735,4735,4736,509234009,2^509234009-1,STRUCTURAL_SCREEN_EXHAUSTED_PRIMALITY_UNASSIGNED,GF3A_DIRECTIONAL_WRITE_EXHAUSTED_PRIMALITY_UNASSIGNED,513,512,512,NO_RECORDED_FACTOR_PRP_OR_LL_RESULT_AND_NO_ACTIVE_GIMPS_ASSIGNMENT,2026-08-09T02:56:41+00:00,UNALLOCATED,,,,,
SLCMP1467-4736,4736,4737,509234027,2^509234027-1,STRUCTURAL_SCREEN_EXHAUSTED_PRIMALITY_UNASSIGNED,GF3A_DIRECTIONAL_WRITE_EXHAUSTED_PRIMALITY_UNASSIGNED,514,512,512,NO_RECORDED_FACTOR_PRP_OR_LL_RESULT_AND_NO_ACTIVE_GIMPS_ASSIGNMENT,2026-08-09T02:56:41+00:00,UNALLOCATED,,,,,
SLCMP1467-4737,4737,4738,509234197,2^509234197-1,STRUCTURAL_SCREEN_EXHAUSTED_PRIMALITY_UNASSIGNED,GF3A_DIRECTIONAL_WRITE_EXHAUSTED_PRIMALITY_UNASSIGNED,513,512,512,NO_RECORDED_FACTOR_PRP_OR_LL_RESULT_AND_NO_ACTIVE_GIMPS_ASSIGNMENT,2026-08-09T02:56:41+00:00,UNALLOCATED,,,,,
SLCMP1467-4738,4738,4739,509234207,2^509234207-1,STRUCTURAL_SCREEN_EXHAUSTED_PRIMALITY_UNASSIGNED,GF3A_DIRECTIONAL_WRITE_EXHAUSTED_PRIMALITY_UNASSIGNED,514,512,512,NO_RECORDED_FACTOR_PRP_OR_LL_RESULT_AND_NO_ACTIVE_GIMPS_ASSIGNMENT,2026-08-09T02:56:41+00:00,UNALLOCATED,,,,,
SLCMP1467-4739,4739,4740,509234249,2^509234249-1,STRUCTURAL_SCREEN_EXHAUSTED_PRIMALITY_UNASSIGNED,GF3A_DIRECTIONAL_WRITE_EXHAUSTED_PRIMALITY_UNASSIGNED,513,512,512,NO_RECORDED_FACTOR_PRP_OR_LL_RESULT_AND_NO_ACTIVE_GIMPS_ASSIGNMENT,2026-08-09T02:56:41+00:00,UNALLOCATED,,,,,
SLCMP1467-4740,4740,4741,509234263,2^509234263-1,STRUCTURAL_SCREEN_EXHAUSTED_PRIMALITY_UNASSIGNED,GF3A_DIRECTIONAL_WRITE_EXHAUSTED_PRIMALITY_UNASSIGNED,514,512,512,NO_RECORDED_FACTOR_PRP_OR_LL_RESULT_AND_NO_ACTIVE_GIMPS_ASSIGNMENT,2026-08-09T02:56:41+00:00,UNALLOCATED,,,,,
SLCMP1467-4741,4741,4742,509234339,2^509234339-1,STRUCTURAL_SCREEN_EXHAUSTED_PRIMALITY_UNASSIGNED,GF3A_DIRECTIONAL_WRITE_EXHAUSTED_PRIMALITY_UNASSIGNED,514,512,512,NO_RECORDED_FACTOR_PRP_OR_LL_RESULT_AND_NO_ACTIVE_GIMPS_ASSIGNMENT,2026-08-09T02:56:41+00:00,UNALLOCATED,,,,,
SLCMP1467-4742,4742,4743,509234471,2^509234471-1,STRUCTURAL_SCREEN_EXHAUSTED_PRIMALITY_UNASSIGNED,GF3A_DIRECTIONAL_WRITE_EXHAUSTED_PRIMALITY_UNASSIGNED,514,512,512,NO_RECORDED_FACTOR_PRP_OR_LL_RESULT_AND_NO_ACTIVE_GIMPS_ASSIGNMENT,2026-08-09T02:56:41+00:00,UNALLOCATED,,,,,
SLCMP1467-4743,4743,4744,509234491,2^509234491-1,STRUCTURAL_SCREEN_EXHAUSTED_PRIMALITY_UNASSIGNED,GF3A_DIRECTIONAL_WRITE_EXHAUSTED_PRIMALITY_UNASSIGNED,514,512,512,NO_RECORDED_FACTOR_PRP_OR_LL_RESULT_AND_NO_ACTIVE_GIMPS_ASSIGNMENT,2026-08-09T02:56:41+00:00,UNALLOCATED,,,,,
SLCMP1467-4744,4744,4745,509234659,2^509234659-1,STRUCTURAL_SCREEN_EXHAUSTED_PRIMALITY_UNASSIGNED,GF3A_DIRECTIONAL_WRITE_EXHAUSTED_PRIMALITY_UNASSIGNED,514,512,512,NO_RECORDED_FACTOR_PRP_OR_LL_RESULT_AND_NO_ACTIVE_GIMPS_ASSIGNMENT,2026-08-09T02:56:41+00:00,UNALLOCATED,,,,,
SLCMP1467-4745,4745,4746,509234741,2^509234741-1,STRUCTURAL_SCREEN_EXHAUSTED_PRIMALITY_UNASSIGNED,GF3A_DIRECTIONAL_WRITE_EXHAUSTED_PRIMALITY_UNASSIGNED,513,512,512,NO_RECORDED_FACTOR_PRP_OR_LL_RESULT_AND_NO_ACTIVE_GIMPS_ASSIGNMENT,2026-08-09T02:56:41+00:00,UNALLOCATED,,,,,
SLCMP1467-4746,4746,4747,509234749,2^509234749-1,STRUCTURAL_SCREEN_EXHAUSTED_PRIMALITY_UNASSIGNED,GF3A_DIRECTIONAL_WRITE_EXHAUSTED_PRIMALITY_UNASSIGNED,513,512,512,NO_RECORDED_FACTOR_PRP_OR_LL_RESULT_AND_NO_ACTIVE_GIMPS_ASSIGNMENT,2026-08-09T02:56:41+00:00,UNALLOCATED,,,,,
SLCMP1467-4747,4747,4748,509234783,2^509234783-1,STRUCTURAL_SCREEN_EXHAUSTED_PRIMALITY_UNASSIGNED,GF3A_DIRECTIONAL_WRITE_EXHAUSTED_PRIMALITY_UNASSIGNED,514,512,512,NO_RECORDED_FACTOR_PRP_OR_LL_RESULT_AND_NO_ACTIVE_GIMPS_ASSIGNMENT,2026-08-09T02:56:41+00:00,UNALLOCATED,,,,,
SLCMP1467-4748,4748,4749,509234851,2^509234851-1,STRUCTURAL_SCREEN_EXHAUSTED_PRIMALITY_UNASSIGNED,GF3A_DIRECTIONAL_WRITE_EXHAUSTED_PRIMALITY_UNASSIGNED,514,512,512,NO_RECORDED_FACTOR_PRP_OR_LL_RESULT_AND_NO_ACTIVE_GIMPS_ASSIGNMENT,2026-08-09T02:56:41+00:00,UNALLOCATED,,,,,
SLCMP1467-4749,4749,4750,509234863,2^509234863-1,STRUCTURAL_SCREEN_EXHAUSTED_PRIMALITY_UNASSIGNED,GF3A_DIRECTIONAL_WRITE_EXHAUSTED_PRIMALITY_UNASSIGNED,514,512,512,NO_RECORDED_FACTOR_PRP_OR_LL_RESULT_AND_NO_ACTIVE_GIMPS_ASSIGNMENT,2026-08-09T02:56:41+00:00,UNALLOCATED,,,,,
SLCMP1467-4750,4750,4751,509234917,2^509234917-1,STRUCTURAL_SCREEN_EXHAUSTED_PRIMALITY_UNASSIGNED,GF3A_DIRECTIONAL_WRITE_EXHAUSTED_PRIMALITY_UNASSIGNED,513,512,512,NO_RECORDED_FACTOR_PRP_OR_LL_RESULT_AND_NO_ACTIVE_GIMPS_ASSIGNMENT,2026-08-09T02:56:41+00:00,UNALLOCATED,,,,,
SLCMP1467-4751,4751,4752,509234977,2^509234977-1,STRUCTURAL_SCREEN_EXHAUSTED_PRIMALITY_UNASSIGNED,GF3A_DIRECTIONAL_WRITE_EXHAUSTED_PRIMALITY_UNASSIGNED,513,512,512,NO_RECORDED_FACTOR_PRP_OR_LL_RESULT_AND_NO_ACTIVE_GIMPS_ASSIGNMENT,2026-08-09T02:56:41+00:00,UNALLOCATED,,,,,
SLCMP1467-4752,4752,4753,509235007,2^509235007-1,STRUCTURAL_SCREEN_EXHAUSTED_PRIMALITY_UNASSIGNED,GF3A_DIRECTIONAL_WRITE_EXHAUSTED_PRIMALITY_UNASSIGNED,514,512,512,NO_RECORDED_FACTOR_PRP_OR_LL_RESULT_AND_NO_ACTIVE_GIMPS_ASSIGNMENT,2026-08-09T02:56:41+00:00,UNALLOCATED,,,,,
SLCMP1467-4753,4753,4754,509235073,2^509235073-1,STRUCTURAL_SCREEN_EXHAUSTED_PRIMALITY_UNASSIGNED,GF3A_DIRECTIONAL_WRITE_EXHAUSTED_PRIMALITY_UNASSIGNED,513,512,512,NO_RECORDED_FACTOR_PRP_OR_LL_RESULT_AND_NO_ACTIVE_GIMPS_ASSIGNMENT,2026-08-09T02:56:41+00:00,UNALLOCATED,,,,,
SLCMP1467-4754,4754,4755,509235253,2^509235253-1,STRUCTURAL_SCREEN_EXHAUSTED_PRIMALITY_UNASSIGNED,GF3A_DIRECTIONAL_WRITE_EXHAUSTED_PRIMALITY_UNASSIGNED,513,512,512,NO_RECORDED_FACTOR_PRP_OR_LL_RESULT_AND_NO_ACTIVE_GIMPS_ASSIGNMENT,2026-08-09T02:56:41+00:00,UNALLOCATED,,,,,
SLCMP1467-4755,4755,4756,509235263,2^509235263-1,STRUCTURAL_SCREEN_EXHAUSTED_PRIMALITY_UNASSIGNED,GF3A_DIRECTIONAL_WRITE_EXHAUSTED_PRIMALITY_UNASSIGNED,514,512,512,NO_RECORDED_FACTOR_PRP_OR_LL_RESULT_AND_NO_ACTIVE_GIMPS_ASSIGNMENT,2026-08-09T02:56:41+00:00,UNALLOCATED,,,,,
SLCMP1467-4756,4756,4757,509235301,2^509235301-1,STRUCTURAL_SCREEN_EXHAUSTED_PRIMALITY_UNASSIGNED,GF3A_DIRECTIONAL_WRITE_EXHAUSTED_PRIMALITY_UNASSIGNED,513,512,512,NO_RECORDED_FACTOR_PRP_OR_LL_RESULT_AND_NO_ACTIVE_GIMPS_ASSIGNMENT,2026-08-09T02:56:41+00:00,UNALLOCATED,,,,,
SLCMP1467-4757,4757,4758,509235373,2^509235373-1,STRUCTURAL_SCREEN_EXHAUSTED_PRIMALITY_UNASSIGNED,GF3A_DIRECTIONAL_WRITE_EXHAUSTED_PRIMALITY_UNASSIGNED,513,512,512,NO_RECORDED_FACTOR_PRP_OR_LL_RESULT_AND_NO_ACTIVE_GIMPS_ASSIGNMENT,2026-08-09T02:56:41+00:00,UNALLOCATED,,,,,
SLCMP1467-4758,4758,4759,509235409,2^509235409-1,STRUCTURAL_SCREEN_EXHAUSTED_PRIMALITY_UNASSIGNED,GF3A_DIRECTIONAL_WRITE_EXHAUSTED_PRIMALITY_UNASSIGNED,513,512,512,NO_RECORDED_FACTOR_PRP_OR_LL_RESULT_AND_NO_ACTIVE_GIMPS_ASSIGNMENT,2026-08-09T02:56:41+00:00,UNALLOCATED,,,,,
SLCMP1467-4759,4759,4760,509235413,2^509235413-1,STRUCTURAL_SCREEN_EXHAUSTED_PRIMALITY_UNASSIGNED,GF3A_DIRECTIONAL_WRITE_EXHAUSTED_PRIMALITY_UNASSIGNED,513,512,512,NO_RECORDED_FACTOR_PRP_OR_LL_RESULT_AND_NO_ACTIVE_GIMPS_ASSIGNMENT,2026-08-09T02:56:41+00:00,UNALLOCATED,,,,,
SLCMP1467-4760,4760,4761,509235491,2^509235491-1,STRUCTURAL_SCREEN_EXHAUSTED_PRIMALITY_UNASSIGNED,GF3A_DIRECTIONAL_WRITE_EXHAUSTED_PRIMALITY_UNASSIGNED,514,512,512,NO_RECORDED_FACTOR_PRP_OR_LL_RESULT_AND_NO_ACTIVE_GIMPS_ASSIGNMENT,2026-08-09T02:56:41+00:00,UNALLOCATED,,,,,
SLCMP1467-4761,4761,4762,509235497,2^509235497-1,STRUCTURAL_SCREEN_EXHAUSTED_PRIMALITY_UNASSIGNED,GF3A_DIRECTIONAL_WRITE_EXHAUSTED_PRIMALITY_UNASSIGNED,513,512,512,NO_RECORDED_FACTOR_PRP_OR_LL_RESULT_AND_NO_ACTIVE_GIMPS_ASSIGNMENT,2026-08-09T02:56:41+00:00,UNALLOCATED,,,,,
SLCMP1467-4762,4762,4763,509235521,2^509235521-1,STRUCTURAL_SCREEN_EXHAUSTED_PRIMALITY_UNASSIGNED,GF3A_DIRECTIONAL_WRITE_EXHAUSTED_PRIMALITY_UNASSIGNED,513,512,512,NO_RECORDED_FACTOR_PRP_OR_LL_RESULT_AND_NO_ACTIVE_GIMPS_ASSIGNMENT,2026-08-09T02:56:41+00:00,UNALLOCATED,,,,,
SLCMP1467-4763,4763,4764,509235677,2^509235677-1,STRUCTURAL_SCREEN_EXHAUSTED_PRIMALITY_UNASSIGNED,GF3A_DIRECTIONAL_WRITE_EXHAUSTED_PRIMALITY_UNASSIGNED,513,512,512,NO_RECORDED_FACTOR_PRP_OR_LL_RESULT_AND_NO_ACTIVE_GIMPS_ASSIGNMENT,2026-08-09T02:56:41+00:00,UNALLOCATED,,,,,
SLCMP1467-4764,4764,4765,509235689,2^509235689-1,STRUCTURAL_SCREEN_EXHAUSTED_PRIMALITY_UNASSIGNED,GF3A_DIRECTIONAL_WRITE_EXHAUSTED_PRIMALITY_UNASSIGNED,513,512,512,NO_RECORDED_FACTOR_PRP_OR_LL_RESULT_AND_NO_ACTIVE_GIMPS_ASSIGNMENT,2026-08-09T02:56:41+00:00,UNALLOCATED,,,,,
SLCMP1467-4765,4765,4766,509235721,2^509235721-1,STRUCTURAL_SCREEN_EXHAUSTED_PRIMALITY_UNASSIGNED,GF3A_DIRECTIONAL_WRITE_EXHAUSTED_PRIMALITY_UNASSIGNED,513,512,512,NO_RECORDED_FACTOR_PRP_OR_LL_RESULT_AND_NO_ACTIVE_GIMPS_ASSIGNMENT,2026-08-09T02:56:41+00:00,UNALLOCATED,,,,,
SLCMP1467-4766,4766,4767,509235757,2^509235757-1,STRUCTURAL_SCREEN_EXHAUSTED_PRIMALITY_UNASSIGNED,GF3A_DIRECTIONAL_WRITE_EXHAUSTED_PRIMALITY_UNASSIGNED,513,512,512,NO_RECORDED_FACTOR_PRP_OR_LL_RESULT_AND_NO_ACTIVE_GIMPS_ASSIGNMENT,2026-08-09T02:56:41+00:00,UNALLOCATED,,,,,
SLCMP1467-4767,4767,4768,509235763,2^509235763-1,STRUCTURAL_SCREEN_EXHAUSTED_PRIMALITY_UNASSIGNED,GF3A_DIRECTIONAL_WRITE_EXHAUSTED_PRIMALITY_UNASSIGNED,514,512,512,NO_RECORDED_FACTOR_PRP_OR_LL_RESULT_AND_NO_ACTIVE_GIMPS_ASSIGNMENT,2026-08-09T02:56:41+00:00,UNALLOCATED,,,,,
SLCMP1467-4768,4768,4769,509235781,2^509235781-1,STRUCTURAL_SCREEN_EXHAUSTED_PRIMALITY_UNASSIGNED,GF3A_DIRECTIONAL_WRITE_EXHAUSTED_PRIMALITY_UNASSIGNED,513,512,512,NO_RECORDED_FACTOR_PRP_OR_LL_RESULT_AND_NO_ACTIVE_GIMPS_ASSIGNMENT,2026-08-09T02:56:41+00:00,UNALLOCATED,,,,,
SLCMP1467-4769,4769,4770,509235877,2^509235877-1,STRUCTURAL_SCREEN_EXHAUSTED_PRIMALITY_UNASSIGNED,GF3A_DIRECTIONAL_WRITE_EXHAUSTED_PRIMALITY_UNASSIGNED,513,512,512,NO_RECORDED_FACTOR_PRP_OR_LL_RESULT_AND_NO_ACTIVE_GIMPS_ASSIGNMENT,2026-08-09T02:56:41+00:00,UNALLOCATED,,,,,
SLCMP1467-4770,4770,4771,509235983,2^509235983-1,STRUCTURAL_SCREEN_EXHAUSTED_PRIMALITY_UNASSIGNED,GF3A_DIRECTIONAL_WRITE_EXHAUSTED_PRIMALITY_UNASSIGNED,514,512,512,NO_RECORDED_FACTOR_PRP_OR_LL_RESULT_AND_NO_ACTIVE_GIMPS_ASSIGNMENT,2026-08-09T02:56:41+00:00,UNALLOCATED,,,,,
SLCMP1467-4771,4771,4772,509236073,2^509236073-1,STRUCTURAL_SCREEN_EXHAUSTED_PRIMALITY_UNASSIGNED,GF3A_DIRECTIONAL_WRITE_EXHAUSTED_PRIMALITY_UNASSIGNED,513,512,512,NO_RECORDED_FACTOR_PRP_OR_LL_RESULT_AND_NO_ACTIVE_GIMPS_ASSIGNMENT,2026-08-09T02:56:41+00:00,UNALLOCATED,,,,,
SLCMP1467-4772,4772,4773,509236109,2^509236109-1,STRUCTURAL_SCREEN_EXHAUSTED_PRIMALITY_UNASSIGNED,GF3A_DIRECTIONAL_WRITE_EXHAUSTED_PRIMALITY_UNASSIGNED,513,512,512,NO_RECORDED_FACTOR_PRP_OR_LL_RESULT_AND_NO_ACTIVE_GIMPS_ASSIGNMENT,2026-08-09T02:56:41+00:00,UNALLOCATED,,,,,
SLCMP1467-4773,4773,4774,509236111,2^509236111-1,STRUCTURAL_SCREEN_EXHAUSTED_PRIMALITY_UNASSIGNED,GF3A_DIRECTIONAL_WRITE_EXHAUSTED_PRIMALITY_UNASSIGNED,514,512,512,NO_RECORDED_FACTOR_PRP_OR_LL_RESULT_AND_NO_ACTIVE_GIMPS_ASSIGNMENT,2026-08-09T02:56:41+00:00,UNALLOCATED,,,,,
SLCMP1467-4774,4774,4775,509236193,2^509236193-1,STRUCTURAL_SCREEN_EXHAUSTED_PRIMALITY_UNASSIGNED,GF3A_DIRECTIONAL_WRITE_EXHAUSTED_PRIMALITY_UNASSIGNED,513,512,512,NO_RECORDED_FACTOR_PRP_OR_LL_RESULT_AND_NO_ACTIVE_GIMPS_ASSIGNMENT,2026-08-09T02:56:41+00:00,UNALLOCATED,,,,,
SLCMP1467-4775,4775,4776,509236199,2^509236199-1,STRUCTURAL_SCREEN_EXHAUSTED_PRIMALITY_UNASSIGNED,GF3A_DIRECTIONAL_WRITE_EXHAUSTED_PRIMALITY_UNASSIGNED,514,512,512,NO_RECORDED_FACTOR_PRP_OR_LL_RESULT_AND_NO_ACTIVE_GIMPS_ASSIGNMENT,2026-08-09T02:56:41+00:00,UNALLOCATED,,,,,
SLCMP1467-4776,4776,4777,509236249,2^509236249-1,STRUCTURAL_SCREEN_EXHAUSTED_PRIMALITY_UNASSIGNED,GF3A_DIRECTIONAL_WRITE_EXHAUSTED_PRIMALITY_UNASSIGNED,513,512,512,NO_RECORDED_FACTOR_PRP_OR_LL_RESULT_AND_NO_ACTIVE_GIMPS_ASSIGNMENT,2026-08-09T02:56:41+00:00,UNALLOCATED,,,,,
SLCMP1467-4777,4777,4778,509236379,2^509236379-1,STRUCTURAL_SCREEN_EXHAUSTED_PRIMALITY_UNASSIGNED,GF3A_DIRECTIONAL_WRITE_EXHAUSTED_PRIMALITY_UNASSIGNED,514,512,512,NO_RECORDED_FACTOR_PRP_OR_LL_RESULT_AND_NO_ACTIVE_GIMPS_ASSIGNMENT,2026-08-09T02:56:41+00:00,UNALLOCATED,,,,,
SLCMP1467-4778,4778,4779,509236459,2^509236459-1,STRUCTURAL_SCREEN_EXHAUSTED_PRIMALITY_UNASSIGNED,GF3A_DIRECTIONAL_WRITE_EXHAUSTED_PRIMALITY_UNASSIGNED,514,512,512,NO_RECORDED_FACTOR_PRP_OR_LL_RESULT_AND_NO_ACTIVE_GIMPS_ASSIGNMENT,2026-08-09T02:56:41+00:00,UNALLOCATED,,,,,
SLCMP1467-4779,4779,4780,509236603,2^509236603-1,STRUCTURAL_SCREEN_EXHAUSTED_PRIMALITY_UNASSIGNED,GF3A_DIRECTIONAL_WRITE_EXHAUSTED_PRIMALITY_UNASSIGNED,514,512,512,NO_RECORDED_FACTOR_PRP_OR_LL_RESULT_AND_NO_ACTIVE_GIMPS_ASSIGNMENT,2026-08-09T02:56:41+00:00,UNALLOCATED,,,,,
SLCMP1467-4780,4780,4781,509236619,2^509236619-1,STRUCTURAL_SCREEN_EXHAUSTED_PRIMALITY_UNASSIGNED,GF3A_DIRECTIONAL_WRITE_EXHAUSTED_PRIMALITY_UNASSIGNED,514,512,512,NO_RECORDED_FACTOR_PRP_OR_LL_RESULT_AND_NO_ACTIVE_GIMPS_ASSIGNMENT,2026-08-09T02:56:41+00:00,UNALLOCATED,,,,,
SLCMP1467-4781,4781,4782,509236633,2^509236633-1,STRUCTURAL_SCREEN_EXHAUSTED_PRIMALITY_UNASSIGNED,GF3A_DIRECTIONAL_WRITE_EXHAUSTED_PRIMALITY_UNASSIGNED,513,512,512,NO_RECORDED_FACTOR_PRP_OR_LL_RESULT_AND_NO_ACTIVE_GIMPS_ASSIGNMENT,2026-08-09T02:56:41+00:00,UNALLOCATED,,,,,
SLCMP1467-4782,4782,4783,509236639,2^509236639-1,STRUCTURAL_SCREEN_EXHAUSTED_PRIMALITY_UNASSIGNED,GF3A_DIRECTIONAL_WRITE_EXHAUSTED_PRIMALITY_UNASSIGNED,514,512,512,NO_RECORDED_FACTOR_PRP_OR_LL_RESULT_AND_NO_ACTIVE_GIMPS_ASSIGNMENT,2026-08-09T02:56:41+00:00,UNALLOCATED,,,,,
SLCMP1467-4783,4783,4784,509236733,2^509236733-1,STRUCTURAL_SCREEN_EXHAUSTED_PRIMALITY_UNASSIGNED,GF3A_DIRECTIONAL_WRITE_EXHAUSTED_PRIMALITY_UNASSIGNED,513,512,512,NO_RECORDED_FACTOR_PRP_OR_LL_RESULT_AND_NO_ACTIVE_GIMPS_ASSIGNMENT,2026-08-09T02:56:41+00:00,UNALLOCATED,,,,,
SLCMP1467-4784,4784,4785,509236753,2^509236753-1,STRUCTURAL_SCREEN_EXHAUSTED_PRIMALITY_UNASSIGNED,GF3A_DIRECTIONAL_WRITE_EXHAUSTED_PRIMALITY_UNASSIGNED,513,512,512,NO_RECORDED_FACTOR_PRP_OR_LL_RESULT_AND_NO_ACTIVE_GIMPS_ASSIGNMENT,2026-08-09T02:56:41+00:00,UNALLOCATED,,,,,
SLCMP1467-4785,4785,4786,509236799,2^509236799-1,STRUCTURAL_SCREEN_EXHAUSTED_PRIMALITY_UNASSIGNED,GF3A_DIRECTIONAL_WRITE_EXHAUSTED_PRIMALITY_UNASSIGNED,514,512,512,NO_RECORDED_FACTOR_PRP_OR_LL_RESULT_AND_NO_ACTIVE_GIMPS_ASSIGNMENT,2026-08-09T02:56:41+00:00,UNALLOCATED,,,,,
SLCMP1467-4786,4786,4787,509236811,2^509236811-1,STRUCTURAL_SCREEN_EXHAUSTED_PRIMALITY_UNASSIGNED,GF3A_DIRECTIONAL_WRITE_EXHAUSTED_PRIMALITY_UNASSIGNED,514,512,512,NO_RECORDED_FACTOR_PRP_OR_LL_RESULT_AND_NO_ACTIVE_GIMPS_ASSIGNMENT,2026-08-09T02:56:41+00:00,UNALLOCATED,,,,,
SLCMP1467-4787,4787,4788,509236817,2^509236817-1,STRUCTURAL_SCREEN_EXHAUSTED_PRIMALITY_UNASSIGNED,GF3A_DIRECTIONAL_WRITE_EXHAUSTED_PRIMALITY_UNASSIGNED,513,512,512,NO_RECORDED_FACTOR_PRP_OR_LL_RESULT_AND_NO_ACTIVE_GIMPS_ASSIGNMENT,2026-08-09T02:56:41+00:00,UNALLOCATED,,,,,
SLCMP1467-4788,4788,4789,509236829,2^509236829-1,STRUCTURAL_SCREEN_EXHAUSTED_PRIMALITY_UNASSIGNED,GF3A_DIRECTIONAL_WRITE_EXHAUSTED_PRIMALITY_UNASSIGNED,513,512,512,NO_RECORDED_FACTOR_PRP_OR_LL_RESULT_AND_NO_ACTIVE_GIMPS_ASSIGNMENT,2026-08-09T02:56:41+00:00,UNALLOCATED,,,,,
SLCMP1467-4789,4789,4790,509236837,2^509236837-1,STRUCTURAL_SCREEN_EXHAUSTED_PRIMALITY_UNASSIGNED,GF3A_DIRECTIONAL_WRITE_EXHAUSTED_PRIMALITY_UNASSIGNED,513,512,512,NO_RECORDED_FACTOR_PRP_OR_LL_RESULT_AND_NO_ACTIVE_GIMPS_ASSIGNMENT,2026-08-09T02:56:41+00:00,UNALLOCATED,,,,,
SLCMP1467-4790,4790,4791,509236867,2^509236867-1,STRUCTURAL_SCREEN_EXHAUSTED_PRIMALITY_UNASSIGNED,GF3A_DIRECTIONAL_WRITE_EXHAUSTED_PRIMALITY_UNASSIGNED,514,512,512,NO_RECORDED_FACTOR_PRP_OR_LL_RESULT_AND_NO_ACTIVE_GIMPS_ASSIGNMENT,2026-08-09T02:56:41+00:00,UNALLOCATED,,,,,
SLCMP1467-4791,4791,4792,509237021,2^509237021-1,STRUCTURAL_SCREEN_EXHAUSTED_PRIMALITY_UNASSIGNED,GF3A_DIRECTIONAL_WRITE_EXHAUSTED_PRIMALITY_UNASSIGNED,513,512,512,NO_RECORDED_FACTOR_PRP_OR_LL_RESULT_AND_NO_ACTIVE_GIMPS_ASSIGNMENT,2026-08-09T02:56:41+00:00,UNALLOCATED,,,,,
SLCMP1467-4792,4792,4793,509237039,2^509237039-1,STRUCTURAL_SCREEN_EXHAUSTED_PRIMALITY_UNASSIGNED,GF3A_DIRECTIONAL_WRITE_EXHAUSTED_PRIMALITY_UNASSIGNED,514,512,512,NO_RECORDED_FACTOR_PRP_OR_LL_RESULT_AND_NO_ACTIVE_GIMPS_ASSIGNMENT,2026-08-09T02:56:41+00:00,UNALLOCATED,,,,,
SLCMP1467-4793,4793,4794,509237087,2^509237087-1,STRUCTURAL_SCREEN_EXHAUSTED_PRIMALITY_UNASSIGNED,GF3A_DIRECTIONAL_WRITE_EXHAUSTED_PRIMALITY_UNASSIGNED,514,512,512,NO_RECORDED_FACTOR_PRP_OR_LL_RESULT_AND_NO_ACTIVE_GIMPS_ASSIGNMENT,2026-08-09T02:56:41+00:00,UNALLOCATED,,,,,
SLCMP1467-4794,4794,4795,509237119,2^509237119-1,STRUCTURAL_SCREEN_EXHAUSTED_PRIMALITY_UNASSIGNED,GF3A_DIRECTIONAL_WRITE_EXHAUSTED_PRIMALITY_UNASSIGNED,514,512,512,NO_RECORDED_FACTOR_PRP_OR_LL_RESULT_AND_NO_ACTIVE_GIMPS_ASSIGNMENT,2026-08-09T02:56:41+00:00,UNALLOCATED,,,,,
SLCMP1467-4795,4795,4796,509237257,2^509237257-1,STRUCTURAL_SCREEN_EXHAUSTED_PRIMALITY_UNASSIGNED,GF3A_DIRECTIONAL_WRITE_EXHAUSTED_PRIMALITY_UNASSIGNED,513,512,512,NO_RECORDED_FACTOR_PRP_OR_LL_RESULT_AND_NO_ACTIVE_GIMPS_ASSIGNMENT,2026-08-09T02:56:41+00:00,UNALLOCATED,,,,,
SLCMP1467-4796,4796,4797,509237371,2^509237371-1,STRUCTURAL_SCREEN_EXHAUSTED_PRIMALITY_UNASSIGNED,GF3A_DIRECTIONAL_WRITE_EXHAUSTED_PRIMALITY_UNASSIGNED,514,512,512,NO_RECORDED_FACTOR_PRP_OR_LL_RESULT_AND_NO_ACTIVE_GIMPS_ASSIGNMENT,2026-08-09T02:56:41+00:00,UNALLOCATED,,,,,
SLCMP1467-4797,4797,4798,509237389,2^509237389-1,STRUCTURAL_SCREEN_EXHAUSTED_PRIMALITY_UNASSIGNED,GF3A_DIRECTIONAL_WRITE_EXHAUSTED_PRIMALITY_UNASSIGNED,513,512,512,NO_RECORDED_FACTOR_PRP_OR_LL_RESULT_AND_NO_ACTIVE_GIMPS_ASSIGNMENT,2026-08-09T02:56:41+00:00,UNALLOCATED,,,,,
SLCMP1467-4798,4798,4799,509237461,2^509237461-1,STRUCTURAL_SCREEN_EXHAUSTED_PRIMALITY_UNASSIGNED,GF3A_DIRECTIONAL_WRITE_EXHAUSTED_PRIMALITY_UNASSIGNED,513,512,512,NO_RECORDED_FACTOR_PRP_OR_LL_RESULT_AND_NO_ACTIVE_GIMPS_ASSIGNMENT,2026-08-09T02:56:41+00:00,UNALLOCATED,,,,,
SLCMP1467-4799,4799,4800,509237471,2^509237471-1,STRUCTURAL_SCREEN_EXHAUSTED_PRIMALITY_UNASSIGNED,GF3A_DIRECTIONAL_WRITE_EXHAUSTED_PRIMALITY_UNASSIGNED,514,512,512,NO_RECORDED_FACTOR_PRP_OR_LL_RESULT_AND_NO_ACTIVE_GIMPS_ASSIGNMENT,2026-08-09T02:56:41+00:00,UNALLOCATED,,,,,
SLCMP1467-4800,4800,4801,509237569,2^509237569-1,STRUCTURAL_SCREEN_EXHAUSTED_PRIMALITY_UNASSIGNED,GF3A_DIRECTIONAL_WRITE_EXHAUSTED_PRIMALITY_UNASSIGNED,513,512,512,NO_RECORDED_FACTOR_PRP_OR_LL_RESULT_AND_NO_ACTIVE_GIMPS_ASSIGNMENT,2026-08-09T02:56:41+00:00,UNALLOCATED,,,,,
SLCMP1467-4801,4801,4802,509237581,2^509237581-1,STRUCTURAL_SCREEN_EXHAUSTED_PRIMALITY_UNASSIGNED,GF3A_DIRECTIONAL_WRITE_EXHAUSTED_PRIMALITY_UNASSIGNED,513,512,512,NO_RECORDED_FACTOR_PRP_OR_LL_RESULT_AND_NO_ACTIVE_GIMPS_ASSIGNMENT,2026-08-09T02:56:41+00:00,UNALLOCATED,,,,,
SLCMP1467-4802,4802,4803,509237723,2^509237723-1,STRUCTURAL_SCREEN_EXHAUSTED_PRIMALITY_UNASSIGNED,GF3A_DIRECTIONAL_WRITE_EXHAUSTED_PRIMALITY_UNASSIGNED,514,512,512,NO_RECORDED_FACTOR_PRP_OR_LL_RESULT_AND_NO_ACTIVE_GIMPS_ASSIGNMENT,2026-08-09T02:56:41+00:00,UNALLOCATED,,,,,
SLCMP1467-4803,4803,4804,509237761,2^509237761-1,STRUCTURAL_SCREEN_EXHAUSTED_PRIMALITY_UNASSIGNED,GF3A_DIRECTIONAL_WRITE_EXHAUSTED_PRIMALITY_UNASSIGNED,513,512,512,NO_RECORDED_FACTOR_PRP_OR_LL_RESULT_AND_NO_ACTIVE_GIMPS_ASSIGNMENT,2026-08-09T02:56:41+00:00,UNALLOCATED,,,,,
SLCMP1467-4804,4804,4805,509237789,2^509237789-1,STRUCTURAL_SCREEN_EXHAUSTED_PRIMALITY_UNASSIGNED,GF3A_DIRECTIONAL_WRITE_EXHAUSTED_PRIMALITY_UNASSIGNED,513,512,512,NO_RECORDED_FACTOR_PRP_OR_LL_RESULT_AND_NO_ACTIVE_GIMPS_ASSIGNMENT,2026-08-09T02:56:41+00:00,UNALLOCATED,,,,,
SLCMP1467-4805,4805,4806,509237843,2^509237843-1,STRUCTURAL_SCREEN_EXHAUSTED_PRIMALITY_UNASSIGNED,GF3A_DIRECTIONAL_WRITE_EXHAUSTED_PRIMALITY_UNASSIGNED,514,512,512,NO_RECORDED_FACTOR_PRP_OR_LL_RESULT_AND_NO_ACTIVE_GIMPS_ASSIGNMENT,2026-08-09T02:56:41+00:00,UNALLOCATED,,,,,
SLCMP1467-4806,4806,4807,509237891,2^509237891-1,STRUCTURAL_SCREEN_EXHAUSTED_PRIMALITY_UNASSIGNED,GF3A_DIRECTIONAL_WRITE_EXHAUSTED_PRIMALITY_UNASSIGNED,514,512,512,NO_RECORDED_FACTOR_PRP_OR_LL_RESULT_AND_NO_ACTIVE_GIMPS_ASSIGNMENT,2026-08-09T02:56:41+00:00,UNALLOCATED,,,,,
SLCMP1467-4807,4807,4808,509237969,2^509237969-1,STRUCTURAL_SCREEN_EXHAUSTED_PRIMALITY_UNASSIGNED,GF3A_DIRECTIONAL_WRITE_EXHAUSTED_PRIMALITY_UNASSIGNED,513,512,512,NO_RECORDED_FACTOR_PRP_OR_LL_RESULT_AND_NO_ACTIVE_GIMPS_ASSIGNMENT,2026-08-09T02:56:41+00:00,UNALLOCATED,,,,,
SLCMP1467-4808,4808,4809,509238109,2^509238109-1,STRUCTURAL_SCREEN_EXHAUSTED_PRIMALITY_UNASSIGNED,GF3A_DIRECTIONAL_WRITE_EXHAUSTED_PRIMALITY_UNASSIGNED,513,512,512,NO_RECORDED_FACTOR_PRP_OR_LL_RESULT_AND_NO_ACTIVE_GIMPS_ASSIGNMENT,2026-08-09T02:56:41+00:00,UNALLOCATED,,,,,
SLCMP1467-4809,4809,4810,509238131,2^509238131-1,STRUCTURAL_SCREEN_EXHAUSTED_PRIMALITY_UNASSIGNED,GF3A_DIRECTIONAL_WRITE_EXHAUSTED_PRIMALITY_UNASSIGNED,514,512,512,NO_RECORDED_FACTOR_PRP_OR_LL_RESULT_AND_NO_ACTIVE_GIMPS_ASSIGNMENT,2026-08-09T02:56:41+00:00,UNALLOCATED,,,,,
SLCMP1467-4810,4810,4811,509238307,2^509238307-1,STRUCTURAL_SCREEN_EXHAUSTED_PRIMALITY_UNASSIGNED,GF3A_DIRECTIONAL_WRITE_EXHAUSTED_PRIMALITY_UNASSIGNED,514,512,512,NO_RECORDED_FACTOR_PRP_OR_LL_RESULT_AND_NO_ACTIVE_GIMPS_ASSIGNMENT,2026-08-09T02:56:41+00:00,UNALLOCATED,,,,,
SLCMP1467-4811,4811,4812,509238481,2^509238481-1,STRUCTURAL_SCREEN_EXHAUSTED_PRIMALITY_UNASSIGNED,GF3A_DIRECTIONAL_WRITE_EXHAUSTED_PRIMALITY_UNASSIGNED,513,512,512,NO_RECORDED_FACTOR_PRP_OR_LL_RESULT_AND_NO_ACTIVE_GIMPS_ASSIGNMENT,2026-08-09T02:56:41+00:00,UNALLOCATED,,,,,
SLCMP1467-4812,4812,4813,509238619,2^509238619-1,STRUCTURAL_SCREEN_EXHAUSTED_PRIMALITY_UNASSIGNED,GF3A_DIRECTIONAL_WRITE_EXHAUSTED_PRIMALITY_UNASSIGNED,514,512,512,NO_RECORDED_FACTOR_PRP_OR_LL_RESULT_AND_NO_ACTIVE_GIMPS_ASSIGNMENT,2026-08-09T02:56:41+00:00,UNALLOCATED,,,,,
SLCMP1467-4813,4813,4814,509238647,2^509238647-1,STRUCTURAL_SCREEN_EXHAUSTED_PRIMALITY_UNASSIGNED,GF3A_DIRECTIONAL_WRITE_EXHAUSTED_PRIMALITY_UNASSIGNED,514,512,512,NO_RECORDED_FACTOR_PRP_OR_LL_RESULT_AND_NO_ACTIVE_GIMPS_ASSIGNMENT,2026-08-09T02:56:41+00:00,UNALLOCATED,,,,,
SLCMP1467-4814,4814,4815,509238673,2^509238673-1,STRUCTURAL_SCREEN_EXHAUSTED_PRIMALITY_UNASSIGNED,GF3A_DIRECTIONAL_WRITE_EXHAUSTED_PRIMALITY_UNASSIGNED,513,512,512,NO_RECORDED_FACTOR_PRP_OR_LL_RESULT_AND_NO_ACTIVE_GIMPS_ASSIGNMENT,2026-08-09T02:56:41+00:00,UNALLOCATED,,,,,
SLCMP1467-4815,4815,4816,509238679,2^509238679-1,STRUCTURAL_SCREEN_EXHAUSTED_PRIMALITY_UNASSIGNED,GF3A_DIRECTIONAL_WRITE_EXHAUSTED_PRIMALITY_UNASSIGNED,514,512,512,NO_RECORDED_FACTOR_PRP_OR_LL_RESULT_AND_NO_ACTIVE_GIMPS_ASSIGNMENT,2026-08-09T02:56:41+00:00,UNALLOCATED,,,,,
SLCMP1467-4816,4816,4817,509238707,2^509238707-1,STRUCTURAL_SCREEN_EXHAUSTED_PRIMALITY_UNASSIGNED,GF3A_DIRECTIONAL_WRITE_EXHAUSTED_PRIMALITY_UNASSIGNED,514,512,512,NO_RECORDED_FACTOR_PRP_OR_LL_RESULT_AND_NO_ACTIVE_GIMPS_ASSIGNMENT,2026-08-09T02:56:41+00:00,UNALLOCATED,,,,,
SLCMP1467-4817,4817,4818,509238713,2^509238713-1,STRUCTURAL_SCREEN_EXHAUSTED_PRIMALITY_UNASSIGNED,GF3A_DIRECTIONAL_WRITE_EXHAUSTED_PRIMALITY_UNASSIGNED,513,512,512,NO_RECORDED_FACTOR_PRP_OR_LL_RESULT_AND_NO_ACTIVE_GIMPS_ASSIGNMENT,2026-08-09T02:56:41+00:00,UNALLOCATED,,,,,
SLCMP1467-4818,4818,4819,509238857,2^509238857-1,STRUCTURAL_SCREEN_EXHAUSTED_PRIMALITY_UNASSIGNED,GF3A_DIRECTIONAL_WRITE_EXHAUSTED_PRIMALITY_UNASSIGNED,513,512,512,NO_RECORDED_FACTOR_PRP_OR_LL_RESULT_AND_NO_ACTIVE_GIMPS_ASSIGNMENT,2026-08-09T02:56:41+00:00,UNALLOCATED,,,,,
SLCMP1467-4819,4819,4820,509238913,2^509238913-1,STRUCTURAL_SCREEN_EXHAUSTED_PRIMALITY_UNASSIGNED,GF3A_DIRECTIONAL_WRITE_EXHAUSTED_PRIMALITY_UNASSIGNED,513,512,512,NO_RECORDED_FACTOR_PRP_OR_LL_RESULT_AND_NO_ACTIVE_GIMPS_ASSIGNMENT,2026-08-09T02:56:41+00:00,UNALLOCATED,,,,,
SLCMP1467-4820,4820,4821,509239141,2^509239141-1,STRUCTURAL_SCREEN_EXHAUSTED_PRIMALITY_UNASSIGNED,GF3A_DIRECTIONAL_WRITE_EXHAUSTED_PRIMALITY_UNASSIGNED,513,512,512,NO_RECORDED_FACTOR_PRP_OR_LL_RESULT_AND_NO_ACTIVE_GIMPS_ASSIGNMENT,2026-08-09T02:56:41+00:00,UNALLOCATED,,,,,
SLCMP1467-4821,4821,4822,509239231,2^509239231-1,STRUCTURAL_SCREEN_EXHAUSTED_PRIMALITY_UNASSIGNED,GF3A_DIRECTIONAL_WRITE_EXHAUSTED_PRIMALITY_UNASSIGNED,514,512,512,NO_RECORDED_FACTOR_PRP_OR_LL_RESULT_AND_NO_ACTIVE_GIMPS_ASSIGNMENT,2026-08-09T02:56:41+00:00,UNALLOCATED,,,,,
SLCMP1467-4822,4822,4823,509239249,2^509239249-1,STRUCTURAL_SCREEN_EXHAUSTED_PRIMALITY_UNASSIGNED,GF3A_DIRECTIONAL_WRITE_EXHAUSTED_PRIMALITY_UNASSIGNED,513,512,512,NO_RECORDED_FACTOR_PRP_OR_LL_RESULT_AND_NO_ACTIVE_GIMPS_ASSIGNMENT,2026-08-09T02:56:41+00:00,UNALLOCATED,,,,,
SLCMP1467-4823,4823,4824,509239373,2^509239373-1,STRUCTURAL_SCREEN_EXHAUSTED_PRIMALITY_UNASSIGNED,GF3A_DIRECTIONAL_WRITE_EXHAUSTED_PRIMALITY_UNASSIGNED,513,512,512,NO_RECORDED_FACTOR_PRP_OR_LL_RESULT_AND_NO_ACTIVE_GIMPS_ASSIGNMENT,2026-08-09T02:56:41+00:00,UNALLOCATED,,,,,
SLCMP1467-4824,4824,4825,509239439,2^509239439-1,STRUCTURAL_SCREEN_EXHAUSTED_PRIMALITY_UNASSIGNED,GF3A_DIRECTIONAL_WRITE_EXHAUSTED_PRIMALITY_UNASSIGNED,514,512,512,NO_RECORDED_FACTOR_PRP_OR_LL_RESULT_AND_NO_ACTIVE_GIMPS_ASSIGNMENT,2026-08-09T02:56:41+00:00,UNALLOCATED,,,,,
SLCMP1467-4825,4825,4826,509239453,2^509239453-1,STRUCTURAL_SCREEN_EXHAUSTED_PRIMALITY_UNASSIGNED,GF3A_DIRECTIONAL_WRITE_EXHAUSTED_PRIMALITY_UNASSIGNED,513,512,512,NO_RECORDED_FACTOR_PRP_OR_LL_RESULT_AND_NO_ACTIVE_GIMPS_ASSIGNMENT,2026-08-09T02:56:41+00:00,UNALLOCATED,,,,,
SLCMP1467-4826,4826,4827,509239531,2^509239531-1,STRUCTURAL_SCREEN_EXHAUSTED_PRIMALITY_UNASSIGNED,GF3A_DIRECTIONAL_WRITE_EXHAUSTED_PRIMALITY_UNASSIGNED,514,512,512,NO_RECORDED_FACTOR_PRP_OR_LL_RESULT_AND_NO_ACTIVE_GIMPS_ASSIGNMENT,2026-08-09T02:56:41+00:00,UNALLOCATED,,,,,
SLCMP1467-4827,4827,4828,509239543,2^509239543-1,STRUCTURAL_SCREEN_EXHAUSTED_PRIMALITY_UNASSIGNED,GF3A_DIRECTIONAL_WRITE_EXHAUSTED_PRIMALITY_UNASSIGNED,514,512,512,NO_RECORDED_FACTOR_PRP_OR_LL_RESULT_AND_NO_ACTIVE_GIMPS_ASSIGNMENT,2026-08-09T02:56:41+00:00,UNALLOCATED,,,,,
SLCMP1467-4828,4828,4829,509239553,2^509239553-1,STRUCTURAL_SCREEN_EXHAUSTED_PRIMALITY_UNASSIGNED,GF3A_DIRECTIONAL_WRITE_EXHAUSTED_PRIMALITY_UNASSIGNED,513,512,512,NO_RECORDED_FACTOR_PRP_OR_LL_RESULT_AND_NO_ACTIVE_GIMPS_ASSIGNMENT,2026-08-09T02:56:41+00:00,UNALLOCATED,,,,,
SLCMP1467-4829,4829,4830,509239631,2^509239631-1,STRUCTURAL_SCREEN_EXHAUSTED_PRIMALITY_UNASSIGNED,GF3A_DIRECTIONAL_WRITE_EXHAUSTED_PRIMALITY_UNASSIGNED,514,512,512,NO_RECORDED_FACTOR_PRP_OR_LL_RESULT_AND_NO_ACTIVE_GIMPS_ASSIGNMENT,2026-08-09T02:56:41+00:00,UNALLOCATED,,,,,
SLCMP1467-4830,4830,4831,509239657,2^509239657-1,STRUCTURAL_SCREEN_EXHAUSTED_PRIMALITY_UNASSIGNED,GF3A_DIRECTIONAL_WRITE_EXHAUSTED_PRIMALITY_UNASSIGNED,513,512,512,NO_RECORDED_FACTOR_PRP_OR_LL_RESULT_AND_NO_ACTIVE_GIMPS_ASSIGNMENT,2026-08-09T02:56:41+00:00,UNALLOCATED,,,,,
SLCMP1467-4831,4831,4832,509239723,2^509239723-1,STRUCTURAL_SCREEN_EXHAUSTED_PRIMALITY_UNASSIGNED,GF3A_DIRECTIONAL_WRITE_EXHAUSTED_PRIMALITY_UNASSIGNED,514,512,512,NO_RECORDED_FACTOR_PRP_OR_LL_RESULT_AND_NO_ACTIVE_GIMPS_ASSIGNMENT,2026-08-09T02:56:41+00:00,UNALLOCATED,,,,,
SLCMP1467-4832,4832,4833,509239747,2^509239747-1,STRUCTURAL_SCREEN_EXHAUSTED_PRIMALITY_UNASSIGNED,GF3A_DIRECTIONAL_WRITE_EXHAUSTED_PRIMALITY_UNASSIGNED,514,512,512,NO_RECORDED_FACTOR_PRP_OR_LL_RESULT_AND_NO_ACTIVE_GIMPS_ASSIGNMENT,2026-08-09T02:56:41+00:00,UNALLOCATED,,,,,
SLCMP1467-4833,4833,4834,509239771,2^509239771-1,STRUCTURAL_SCREEN_EXHAUSTED_PRIMALITY_UNASSIGNED,GF3A_DIRECTIONAL_WRITE_EXHAUSTED_PRIMALITY_UNASSIGNED,514,512,512,NO_RECORDED_FACTOR_PRP_OR_LL_RESULT_AND_NO_ACTIVE_GIMPS_ASSIGNMENT,2026-08-09T02:56:41+00:00,UNALLOCATED,,,,,
SLCMP1467-4834,4834,4835,509239817,2^509239817-1,STRUCTURAL_SCREEN_EXHAUSTED_PRIMALITY_UNASSIGNED,GF3A_DIRECTIONAL_WRITE_EXHAUSTED_PRIMALITY_UNASSIGNED,513,512,512,NO_RECORDED_FACTOR_PRP_OR_LL_RESULT_AND_NO_ACTIVE_GIMPS_ASSIGNMENT,2026-08-09T02:56:41+00:00,UNALLOCATED,,,,,
SLCMP1467-4835,4835,4836,509239909,2^509239909-1,STRUCTURAL_SCREEN_EXHAUSTED_PRIMALITY_UNASSIGNED,GF3A_DIRECTIONAL_WRITE_EXHAUSTED_PRIMALITY_UNASSIGNED,513,512,512,NO_RECORDED_FACTOR_PRP_OR_LL_RESULT_AND_NO_ACTIVE_GIMPS_ASSIGNMENT,2026-08-09T02:56:41+00:00,UNALLOCATED,,,,,
SLCMP1467-4836,4836,4837,509239937,2^509239937-1,STRUCTURAL_SCREEN_EXHAUSTED_PRIMALITY_UNASSIGNED,GF3A_DIRECTIONAL_WRITE_EXHAUSTED_PRIMALITY_UNASSIGNED,513,512,512,NO_RECORDED_FACTOR_PRP_OR_LL_RESULT_AND_NO_ACTIVE_GIMPS_ASSIGNMENT,2026-08-09T02:56:41+00:00,UNALLOCATED,,,,,
SLCMP1467-4837,4837,4838,509239961,2^509239961-1,STRUCTURAL_SCREEN_EXHAUSTED_PRIMALITY_UNASSIGNED,GF3A_DIRECTIONAL_WRITE_EXHAUSTED_PRIMALITY_UNASSIGNED,513,512,512,NO_RECORDED_FACTOR_PRP_OR_LL_RESULT_AND_NO_ACTIVE_GIMPS_ASSIGNMENT,2026-08-09T02:56:41+00:00,UNALLOCATED,,,,,
SLCMP1467-4838,4838,4839,509239993,2^509239993-1,STRUCTURAL_SCREEN_EXHAUSTED_PRIMALITY_UNASSIGNED,GF3A_DIRECTIONAL_WRITE_EXHAUSTED_PRIMALITY_UNASSIGNED,513,512,512,NO_RECORDED_FACTOR_PRP_OR_LL_RESULT_AND_NO_ACTIVE_GIMPS_ASSIGNMENT,2026-08-09T02:56:41+00:00,UNALLOCATED,,,,,
SLCMP1467-4839,4839,4840,509240021,2^509240021-1,STRUCTURAL_SCREEN_EXHAUSTED_PRIMALITY_UNASSIGNED,GF3A_DIRECTIONAL_WRITE_EXHAUSTED_PRIMALITY_UNASSIGNED,513,512,512,NO_RECORDED_FACTOR_PRP_OR_LL_RESULT_AND_NO_ACTIVE_GIMPS_ASSIGNMENT,2026-08-09T02:56:41+00:00,UNALLOCATED,,,,,
SLCMP1467-4840,4840,4841,509240023,2^509240023-1,STRUCTURAL_SCREEN_EXHAUSTED_PRIMALITY_UNASSIGNED,GF3A_DIRECTIONAL_WRITE_EXHAUSTED_PRIMALITY_UNASSIGNED,514,512,512,NO_RECORDED_FACTOR_PRP_OR_LL_RESULT_AND_NO_ACTIVE_GIMPS_ASSIGNMENT,2026-08-09T02:56:41+00:00,UNALLOCATED,,,,,
SLCMP1467-4841,4841,4842,509240027,2^509240027-1,STRUCTURAL_SCREEN_EXHAUSTED_PRIMALITY_UNASSIGNED,GF3A_DIRECTIONAL_WRITE_EXHAUSTED_PRIMALITY_UNASSIGNED,514,512,512,NO_RECORDED_FACTOR_PRP_OR_LL_RESULT_AND_NO_ACTIVE_GIMPS_ASSIGNMENT,2026-08-09T02:56:41+00:00,UNALLOCATED,,,,,
SLCMP1467-4842,4842,4843,509240089,2^509240089-1,STRUCTURAL_SCREEN_EXHAUSTED_PRIMALITY_UNASSIGNED,GF3A_DIRECTIONAL_WRITE_EXHAUSTED_PRIMALITY_UNASSIGNED,513,512,512,NO_RECORDED_FACTOR_PRP_OR_LL_RESULT_AND_NO_ACTIVE_GIMPS_ASSIGNMENT,2026-08-09T02:56:41+00:00,UNALLOCATED,,,,,
SLCMP1467-4843,4843,4844,509240119,2^509240119-1,STRUCTURAL_SCREEN_EXHAUSTED_PRIMALITY_UNASSIGNED,GF3A_DIRECTIONAL_WRITE_EXHAUSTED_PRIMALITY_UNASSIGNED,514,512,512,NO_RECORDED_FACTOR_PRP_OR_LL_RESULT_AND_NO_ACTIVE_GIMPS_ASSIGNMENT,2026-08-09T02:56:41+00:00,UNALLOCATED,,,,,
SLCMP1467-4844,4844,4845,509240191,2^509240191-1,STRUCTURAL_SCREEN_EXHAUSTED_PRIMALITY_UNASSIGNED,GF3A_DIRECTIONAL_WRITE_EXHAUSTED_PRIMALITY_UNASSIGNED,514,512,512,NO_RECORDED_FACTOR_PRP_OR_LL_RESULT_AND_NO_ACTIVE_GIMPS_ASSIGNMENT,2026-08-09T02:56:41+00:00,UNALLOCATED,,,,,
SLCMP1467-4845,4845,4846,509240227,2^509240227-1,STRUCTURAL_SCREEN_EXHAUSTED_PRIMALITY_UNASSIGNED,GF3A_DIRECTIONAL_WRITE_EXHAUSTED_PRIMALITY_UNASSIGNED,514,512,512,NO_RECORDED_FACTOR_PRP_OR_LL_RESULT_AND_NO_ACTIVE_GIMPS_ASSIGNMENT,2026-08-09T02:56:41+00:00,UNALLOCATED,,,,,
SLCMP1467-4846,4846,4847,509240233,2^509240233-1,STRUCTURAL_SCREEN_EXHAUSTED_PRIMALITY_UNASSIGNED,GF3A_DIRECTIONAL_WRITE_EXHAUSTED_PRIMALITY_UNASSIGNED,513,512,512,NO_RECORDED_FACTOR_PRP_OR_LL_RESULT_AND_NO_ACTIVE_GIMPS_ASSIGNMENT,2026-08-09T02:56:41+00:00,UNALLOCATED,,,,,
SLCMP1467-4847,4847,4848,509240239,2^509240239-1,STRUCTURAL_SCREEN_EXHAUSTED_PRIMALITY_UNASSIGNED,GF3A_DIRECTIONAL_WRITE_EXHAUSTED_PRIMALITY_UNASSIGNED,514,512,512,NO_RECORDED_FACTOR_PRP_OR_LL_RESULT_AND_NO_ACTIVE_GIMPS_ASSIGNMENT,2026-08-09T02:56:41+00:00,UNALLOCATED,,,,,
SLCMP1467-4848,4848,4849,509240243,2^509240243-1,STRUCTURAL_SCREEN_EXHAUSTED_PRIMALITY_UNASSIGNED,GF3A_DIRECTIONAL_WRITE_EXHAUSTED_PRIMALITY_UNASSIGNED,514,512,512,NO_RECORDED_FACTOR_PRP_OR_LL_RESULT_AND_NO_ACTIVE_GIMPS_ASSIGNMENT,2026-08-09T02:56:41+00:00,UNALLOCATED,,,,,
SLCMP1467-4849,4849,4850,509240341,2^509240341-1,STRUCTURAL_SCREEN_EXHAUSTED_PRIMALITY_UNASSIGNED,GF3A_DIRECTIONAL_WRITE_EXHAUSTED_PRIMALITY_UNASSIGNED,513,512,512,NO_RECORDED_FACTOR_PRP_OR_LL_RESULT_AND_NO_ACTIVE_GIMPS_ASSIGNMENT,2026-08-09T02:56:41+00:00,UNALLOCATED,,,,,
SLCMP1467-4850,4850,4851,509240411,2^509240411-1,STRUCTURAL_SCREEN_EXHAUSTED_PRIMALITY_UNASSIGNED,GF3A_DIRECTIONAL_WRITE_EXHAUSTED_PRIMALITY_UNASSIGNED,514,512,512,NO_RECORDED_FACTOR_PRP_OR_LL_RESULT_AND_NO_ACTIVE_GIMPS_ASSIGNMENT,2026-08-09T02:56:41+00:00,UNALLOCATED,,,,,
SLCMP1467-4851,4851,4852,509240531,2^509240531-1,STRUCTURAL_SCREEN_EXHAUSTED_PRIMALITY_UNASSIGNED,GF3A_DIRECTIONAL_WRITE_EXHAUSTED_PRIMALITY_UNASSIGNED,514,512,512,NO_RECORDED_FACTOR_PRP_OR_LL_RESULT_AND_NO_ACTIVE_GIMPS_ASSIGNMENT,2026-08-09T02:56:41+00:00,UNALLOCATED,,,,,
SLCMP1467-4852,4852,4853,509240659,2^509240659-1,STRUCTURAL_SCREEN_EXHAUSTED_PRIMALITY_UNASSIGNED,GF3A_DIRECTIONAL_WRITE_EXHAUSTED_PRIMALITY_UNASSIGNED,514,512,512,NO_RECORDED_FACTOR_PRP_OR_LL_RESULT_AND_NO_ACTIVE_GIMPS_ASSIGNMENT,2026-08-09T02:56:41+00:00,UNALLOCATED,,,,,
SLCMP1467-4853,4853,4854,509240737,2^509240737-1,STRUCTURAL_SCREEN_EXHAUSTED_PRIMALITY_UNASSIGNED,GF3A_DIRECTIONAL_WRITE_EXHAUSTED_PRIMALITY_UNASSIGNED,513,512,512,NO_RECORDED_FACTOR_PRP_OR_LL_RESULT_AND_NO_ACTIVE_GIMPS_ASSIGNMENT,2026-08-09T02:56:41+00:00,UNALLOCATED,,,,,
SLCMP1467-4854,4854,4855,509240789,2^509240789-1,STRUCTURAL_SCREEN_EXHAUSTED_PRIMALITY_UNASSIGNED,GF3A_DIRECTIONAL_WRITE_EXHAUSTED_PRIMALITY_UNASSIGNED,513,512,512,NO_RECORDED_FACTOR_PRP_OR_LL_RESULT_AND_NO_ACTIVE_GIMPS_ASSIGNMENT,2026-08-09T02:56:41+00:00,UNALLOCATED,,,,,
SLCMP1467-4855,4855,4856,509240807,2^509240807-1,STRUCTURAL_SCREEN_EXHAUSTED_PRIMALITY_UNASSIGNED,GF3A_DIRECTIONAL_WRITE_EXHAUSTED_PRIMALITY_UNASSIGNED,514,512,512,NO_RECORDED_FACTOR_PRP_OR_LL_RESULT_AND_NO_ACTIVE_GIMPS_ASSIGNMENT,2026-08-09T02:56:41+00:00,UNALLOCATED,,,,,
SLCMP1467-4856,4856,4857,509240821,2^509240821-1,STRUCTURAL_SCREEN_EXHAUSTED_PRIMALITY_UNASSIGNED,GF3A_DIRECTIONAL_WRITE_EXHAUSTED_PRIMALITY_UNASSIGNED,513,512,512,NO_RECORDED_FACTOR_PRP_OR_LL_RESULT_AND_NO_ACTIVE_GIMPS_ASSIGNMENT,2026-08-09T02:56:41+00:00,UNALLOCATED,,,,,
SLCMP1467-4857,4857,4858,509240867,2^509240867-1,STRUCTURAL_SCREEN_EXHAUSTED_PRIMALITY_UNASSIGNED,GF3A_DIRECTIONAL_WRITE_EXHAUSTED_PRIMALITY_UNASSIGNED,514,512,512,NO_RECORDED_FACTOR_PRP_OR_LL_RESULT_AND_NO_ACTIVE_GIMPS_ASSIGNMENT,2026-08-09T02:56:41+00:00,UNALLOCATED,,,,,
SLCMP1467-4858,4858,4859,509240969,2^509240969-1,STRUCTURAL_SCREEN_EXHAUSTED_PRIMALITY_UNASSIGNED,GF3A_DIRECTIONAL_WRITE_EXHAUSTED_PRIMALITY_UNASSIGNED,513,512,512,NO_RECORDED_FACTOR_PRP_OR_LL_RESULT_AND_NO_ACTIVE_GIMPS_ASSIGNMENT,2026-08-09T02:56:41+00:00,UNALLOCATED,,,,,
SLCMP1467-4859,4859,4860,509240981,2^509240981-1,STRUCTURAL_SCREEN_EXHAUSTED_PRIMALITY_UNASSIGNED,GF3A_DIRECTIONAL_WRITE_EXHAUSTED_PRIMALITY_UNASSIGNED,513,512,512,NO_RECORDED_FACTOR_PRP_OR_LL_RESULT_AND_NO_ACTIVE_GIMPS_ASSIGNMENT,2026-08-09T02:56:41+00:00,UNALLOCATED,,,,,
SLCMP1467-4860,4860,4861,509241023,2^509241023-1,STRUCTURAL_SCREEN_EXHAUSTED_PRIMALITY_UNASSIGNED,GF3A_DIRECTIONAL_WRITE_EXHAUSTED_PRIMALITY_UNASSIGNED,514,512,512,NO_RECORDED_FACTOR_PRP_OR_LL_RESULT_AND_NO_ACTIVE_GIMPS_ASSIGNMENT,2026-08-09T02:56:41+00:00,UNALLOCATED,,,,,
SLCMP1467-4861,4861,4862,509241049,2^509241049-1,STRUCTURAL_SCREEN_EXHAUSTED_PRIMALITY_UNASSIGNED,GF3A_DIRECTIONAL_WRITE_EXHAUSTED_PRIMALITY_UNASSIGNED,513,512,512,NO_RECORDED_FACTOR_PRP_OR_LL_RESULT_AND_NO_ACTIVE_GIMPS_ASSIGNMENT,2026-08-09T02:56:41+00:00,UNALLOCATED,,,,,
SLCMP1467-4862,4862,4863,509241079,2^509241079-1,STRUCTURAL_SCREEN_EXHAUSTED_PRIMALITY_UNASSIGNED,GF3A_DIRECTIONAL_WRITE_EXHAUSTED_PRIMALITY_UNASSIGNED,514,512,512,NO_RECORDED_FACTOR_PRP_OR_LL_RESULT_AND_NO_ACTIVE_GIMPS_ASSIGNMENT,2026-08-09T02:56:41+00:00,UNALLOCATED,,,,,
SLCMP1467-4863,4863,4864,509241151,2^509241151-1,STRUCTURAL_SCREEN_EXHAUSTED_PRIMALITY_UNASSIGNED,GF3A_DIRECTIONAL_WRITE_EXHAUSTED_PRIMALITY_UNASSIGNED,514,512,512,NO_RECORDED_FACTOR_PRP_OR_LL_RESULT_AND_NO_ACTIVE_GIMPS_ASSIGNMENT,2026-08-09T02:56:41+00:00,UNALLOCATED,,,,,
SLCMP1467-4864,4864,4865,509241253,2^509241253-1,STRUCTURAL_SCREEN_EXHAUSTED_PRIMALITY_UNASSIGNED,GF3A_DIRECTIONAL_WRITE_EXHAUSTED_PRIMALITY_UNASSIGNED,513,512,512,NO_RECORDED_FACTOR_PRP_OR_LL_RESULT_AND_NO_ACTIVE_GIMPS_ASSIGNMENT,2026-08-09T02:56:41+00:00,UNALLOCATED,,,,,
SLCMP1467-4865,4865,4866,509241319,2^509241319-1,STRUCTURAL_SCREEN_EXHAUSTED_PRIMALITY_UNASSIGNED,GF3A_DIRECTIONAL_WRITE_EXHAUSTED_PRIMALITY_UNASSIGNED,514,512,512,NO_RECORDED_FACTOR_PRP_OR_LL_RESULT_AND_NO_ACTIVE_GIMPS_ASSIGNMENT,2026-08-09T02:56:41+00:00,UNALLOCATED,,,,,
SLCMP1467-4866,4866,4867,509241427,2^509241427-1,STRUCTURAL_SCREEN_EXHAUSTED_PRIMALITY_UNASSIGNED,GF3A_DIRECTIONAL_WRITE_EXHAUSTED_PRIMALITY_UNASSIGNED,514,512,512,NO_RECORDED_FACTOR_PRP_OR_LL_RESULT_AND_NO_ACTIVE_GIMPS_ASSIGNMENT,2026-08-09T02:56:41+00:00,UNALLOCATED,,,,,
SLCMP1467-4867,4867,4868,509241457,2^509241457-1,STRUCTURAL_SCREEN_EXHAUSTED_PRIMALITY_UNASSIGNED,GF3A_DIRECTIONAL_WRITE_EXHAUSTED_PRIMALITY_UNASSIGNED,513,512,512,NO_RECORDED_FACTOR_PRP_OR_LL_RESULT_AND_NO_ACTIVE_GIMPS_ASSIGNMENT,2026-08-09T02:56:41+00:00,UNALLOCATED,,,,,
SLCMP1467-4868,4868,4869,509241497,2^509241497-1,STRUCTURAL_SCREEN_EXHAUSTED_PRIMALITY_UNASSIGNED,GF3A_DIRECTIONAL_WRITE_EXHAUSTED_PRIMALITY_UNASSIGNED,513,512,512,NO_RECORDED_FACTOR_PRP_OR_LL_RESULT_AND_NO_ACTIVE_GIMPS_ASSIGNMENT,2026-08-09T02:56:41+00:00,UNALLOCATED,,,,,
SLCMP1467-4869,4869,4870,509241517,2^509241517-1,STRUCTURAL_SCREEN_EXHAUSTED_PRIMALITY_UNASSIGNED,GF3A_DIRECTIONAL_WRITE_EXHAUSTED_PRIMALITY_UNASSIGNED,513,512,512,NO_RECORDED_FACTOR_PRP_OR_LL_RESULT_AND_NO_ACTIVE_GIMPS_ASSIGNMENT,2026-08-09T02:56:41+00:00,UNALLOCATED,,,,,
SLCMP1467-4870,4870,4871,509241521,2^509241521-1,STRUCTURAL_SCREEN_EXHAUSTED_PRIMALITY_UNASSIGNED,GF3A_DIRECTIONAL_WRITE_EXHAUSTED_PRIMALITY_UNASSIGNED,513,512,512,NO_RECORDED_FACTOR_PRP_OR_LL_RESULT_AND_NO_ACTIVE_GIMPS_ASSIGNMENT,2026-08-09T02:56:41+00:00,UNALLOCATED,,,,,
SLCMP1467-4871,4871,4872,509241533,2^509241533-1,STRUCTURAL_SCREEN_EXHAUSTED_PRIMALITY_UNASSIGNED,GF3A_DIRECTIONAL_WRITE_EXHAUSTED_PRIMALITY_UNASSIGNED,513,512,512,NO_RECORDED_FACTOR_PRP_OR_LL_RESULT_AND_NO_ACTIVE_GIMPS_ASSIGNMENT,2026-08-09T02:56:41+00:00,UNALLOCATED,,,,,
SLCMP1467-4872,4872,4873,509241583,2^509241583-1,STRUCTURAL_SCREEN_EXHAUSTED_PRIMALITY_UNASSIGNED,GF3A_DIRECTIONAL_WRITE_EXHAUSTED_PRIMALITY_UNASSIGNED,514,512,512,NO_RECORDED_FACTOR_PRP_OR_LL_RESULT_AND_NO_ACTIVE_GIMPS_ASSIGNMENT,2026-08-09T02:56:41+00:00,UNALLOCATED,,,,,
SLCMP1467-4873,4873,4874,509241587,2^509241587-1,STRUCTURAL_SCREEN_EXHAUSTED_PRIMALITY_UNASSIGNED,GF3A_DIRECTIONAL_WRITE_EXHAUSTED_PRIMALITY_UNASSIGNED,514,512,512,NO_RECORDED_FACTOR_PRP_OR_LL_RESULT_AND_NO_ACTIVE_GIMPS_ASSIGNMENT,2026-08-09T02:56:41+00:00,UNALLOCATED,,,,,
SLCMP1467-4874,4874,4875,509241631,2^509241631-1,STRUCTURAL_SCREEN_EXHAUSTED_PRIMALITY_UNASSIGNED,GF3A_DIRECTIONAL_WRITE_EXHAUSTED_PRIMALITY_UNASSIGNED,514,512,512,NO_RECORDED_FACTOR_PRP_OR_LL_RESULT_AND_NO_ACTIVE_GIMPS_ASSIGNMENT,2026-08-09T02:56:41+00:00,UNALLOCATED,,,,,
SLCMP1467-4875,4875,4876,509241673,2^509241673-1,STRUCTURAL_SCREEN_EXHAUSTED_PRIMALITY_UNASSIGNED,GF3A_DIRECTIONAL_WRITE_EXHAUSTED_PRIMALITY_UNASSIGNED,513,512,512,NO_RECORDED_FACTOR_PRP_OR_LL_RESULT_AND_NO_ACTIVE_GIMPS_ASSIGNMENT,2026-08-09T02:56:41+00:00,UNALLOCATED,,,,,
SLCMP1467-4876,4876,4877,509241731,2^509241731-1,STRUCTURAL_SCREEN_EXHAUSTED_PRIMALITY_UNASSIGNED,GF3A_DIRECTIONAL_WRITE_EXHAUSTED_PRIMALITY_UNASSIGNED,514,512,512,NO_RECORDED_FACTOR_PRP_OR_LL_RESULT_AND_NO_ACTIVE_GIMPS_ASSIGNMENT,2026-08-09T02:56:41+00:00,UNALLOCATED,,,,,
SLCMP1467-4877,4877,4878,509241737,2^509241737-1,STRUCTURAL_SCREEN_EXHAUSTED_PRIMALITY_UNASSIGNED,GF3A_DIRECTIONAL_WRITE_EXHAUSTED_PRIMALITY_UNASSIGNED,513,512,512,NO_RECORDED_FACTOR_PRP_OR_LL_RESULT_AND_NO_ACTIVE_GIMPS_ASSIGNMENT,2026-08-09T02:56:41+00:00,UNALLOCATED,,,,,
SLCMP1467-4878,4878,4879,509241739,2^509241739-1,STRUCTURAL_SCREEN_EXHAUSTED_PRIMALITY_UNASSIGNED,GF3A_DIRECTIONAL_WRITE_EXHAUSTED_PRIMALITY_UNASSIGNED,514,512,512,NO_RECORDED_FACTOR_PRP_OR_LL_RESULT_AND_NO_ACTIVE_GIMPS_ASSIGNMENT,2026-08-09T02:56:41+00:00,UNALLOCATED,,,,,
SLCMP1467-4879,4879,4880,509241823,2^509241823-1,STRUCTURAL_SCREEN_EXHAUSTED_PRIMALITY_UNASSIGNED,GF3A_DIRECTIONAL_WRITE_EXHAUSTED_PRIMALITY_UNASSIGNED,514,512,512,NO_RECORDED_FACTOR_PRP_OR_LL_RESULT_AND_NO_ACTIVE_GIMPS_ASSIGNMENT,2026-08-09T02:56:41+00:00,UNALLOCATED,,,,,
SLCMP1467-4880,4880,4881,509241877,2^509241877-1,STRUCTURAL_SCREEN_EXHAUSTED_PRIMALITY_UNASSIGNED,GF3A_DIRECTIONAL_WRITE_EXHAUSTED_PRIMALITY_UNASSIGNED,513,512,512,NO_RECORDED_FACTOR_PRP_OR_LL_RESULT_AND_NO_ACTIVE_GIMPS_ASSIGNMENT,2026-08-09T02:56:41+00:00,UNALLOCATED,,,,,
SLCMP1467-4881,4881,4882,509241893,2^509241893-1,STRUCTURAL_SCREEN_EXHAUSTED_PRIMALITY_UNASSIGNED,GF3A_DIRECTIONAL_WRITE_EXHAUSTED_PRIMALITY_UNASSIGNED,513,512,512,NO_RECORDED_FACTOR_PRP_OR_LL_RESULT_AND_NO_ACTIVE_GIMPS_ASSIGNMENT,2026-08-09T02:56:41+00:00,UNALLOCATED,,,,,
SLCMP1467-4882,4882,4883,509241907,2^509241907-1,STRUCTURAL_SCREEN_EXHAUSTED_PRIMALITY_UNASSIGNED,GF3A_DIRECTIONAL_WRITE_EXHAUSTED_PRIMALITY_UNASSIGNED,514,512,512,NO_RECORDED_FACTOR_PRP_OR_LL_RESULT_AND_NO_ACTIVE_GIMPS_ASSIGNMENT,2026-08-09T02:56:41+00:00,UNALLOCATED,,,,,
SLCMP1467-4883,4883,4884,509241947,2^509241947-1,STRUCTURAL_SCREEN_EXHAUSTED_PRIMALITY_UNASSIGNED,GF3A_DIRECTIONAL_WRITE_EXHAUSTED_PRIMALITY_UNASSIGNED,514,512,512,NO_RECORDED_FACTOR_PRP_OR_LL_RESULT_AND_NO_ACTIVE_GIMPS_ASSIGNMENT,2026-08-09T02:56:41+00:00,UNALLOCATED,,,,,
SLCMP1467-4884,4884,4885,509242121,2^509242121-1,STRUCTURAL_SCREEN_EXHAUSTED_PRIMALITY_UNASSIGNED,GF3A_DIRECTIONAL_WRITE_EXHAUSTED_PRIMALITY_UNASSIGNED,513,512,512,NO_RECORDED_FACTOR_PRP_OR_LL_RESULT_AND_NO_ACTIVE_GIMPS_ASSIGNMENT,2026-08-09T02:56:41+00:00,UNALLOCATED,,,,,
SLCMP1467-4885,4885,4886,509242127,2^509242127-1,STRUCTURAL_SCREEN_EXHAUSTED_PRIMALITY_UNASSIGNED,GF3A_DIRECTIONAL_WRITE_EXHAUSTED_PRIMALITY_UNASSIGNED,514,512,512,NO_RECORDED_FACTOR_PRP_OR_LL_RESULT_AND_NO_ACTIVE_GIMPS_ASSIGNMENT,2026-08-09T02:56:41+00:00,UNALLOCATED,,,,,
SLCMP1467-4886,4886,4887,509242183,2^509242183-1,STRUCTURAL_SCREEN_EXHAUSTED_PRIMALITY_UNASSIGNED,GF3A_DIRECTIONAL_WRITE_EXHAUSTED_PRIMALITY_UNASSIGNED,514,512,512,NO_RECORDED_FACTOR_PRP_OR_LL_RESULT_AND_NO_ACTIVE_GIMPS_ASSIGNMENT,2026-08-09T02:56:41+00:00,UNALLOCATED,,,,,
SLCMP1467-4887,4887,4888,509242343,2^509242343-1,STRUCTURAL_SCREEN_EXHAUSTED_PRIMALITY_UNASSIGNED,GF3A_DIRECTIONAL_WRITE_EXHAUSTED_PRIMALITY_UNASSIGNED,514,512,512,NO_RECORDED_FACTOR_PRP_OR_LL_RESULT_AND_NO_ACTIVE_GIMPS_ASSIGNMENT,2026-08-09T02:56:41+00:00,UNALLOCATED,,,,,
SLCMP1467-4888,4888,4889,509242367,2^509242367-1,STRUCTURAL_SCREEN_EXHAUSTED_PRIMALITY_UNASSIGNED,GF3A_DIRECTIONAL_WRITE_EXHAUSTED_PRIMALITY_UNASSIGNED,514,512,512,NO_RECORDED_FACTOR_PRP_OR_LL_RESULT_AND_NO_ACTIVE_GIMPS_ASSIGNMENT,2026-08-09T02:56:41+00:00,UNALLOCATED,,,,,
SLCMP1467-4889,4889,4890,509242483,2^509242483-1,STRUCTURAL_SCREEN_EXHAUSTED_PRIMALITY_UNASSIGNED,GF3A_DIRECTIONAL_WRITE_EXHAUSTED_PRIMALITY_UNASSIGNED,514,512,512,NO_RECORDED_FACTOR_PRP_OR_LL_RESULT_AND_NO_ACTIVE_GIMPS_ASSIGNMENT,2026-08-09T02:56:41+00:00,UNALLOCATED,,,,,
SLCMP1467-4890,4890,4891,509242519,2^509242519-1,STRUCTURAL_SCREEN_EXHAUSTED_PRIMALITY_UNASSIGNED,GF3A_DIRECTIONAL_WRITE_EXHAUSTED_PRIMALITY_UNASSIGNED,514,512,512,NO_RECORDED_FACTOR_PRP_OR_LL_RESULT_AND_NO_ACTIVE_GIMPS_ASSIGNMENT,2026-08-09T02:56:41+00:00,UNALLOCATED,,,,,
SLCMP1467-4891,4891,4892,509242543,2^509242543-1,STRUCTURAL_SCREEN_EXHAUSTED_PRIMALITY_UNASSIGNED,GF3A_DIRECTIONAL_WRITE_EXHAUSTED_PRIMALITY_UNASSIGNED,514,512,512,NO_RECORDED_FACTOR_PRP_OR_LL_RESULT_AND_NO_ACTIVE_GIMPS_ASSIGNMENT,2026-08-09T02:56:41+00:00,UNALLOCATED,,,,,
SLCMP1467-4892,4892,4893,509242567,2^509242567-1,STRUCTURAL_SCREEN_EXHAUSTED_PRIMALITY_UNASSIGNED,GF3A_DIRECTIONAL_WRITE_EXHAUSTED_PRIMALITY_UNASSIGNED,514,512,512,NO_RECORDED_FACTOR_PRP_OR_LL_RESULT_AND_NO_ACTIVE_GIMPS_ASSIGNMENT,2026-08-09T02:56:41+00:00,UNALLOCATED,,,,,
SLCMP1467-4893,4893,4894,509242651,2^509242651-1,STRUCTURAL_SCREEN_EXHAUSTED_PRIMALITY_UNASSIGNED,GF3A_DIRECTIONAL_WRITE_EXHAUSTED_PRIMALITY_UNASSIGNED,514,512,512,NO_RECORDED_FACTOR_PRP_OR_LL_RESULT_AND_NO_ACTIVE_GIMPS_ASSIGNMENT,2026-08-09T02:56:41+00:00,UNALLOCATED,,,,,
SLCMP1467-4894,4894,4895,509242739,2^509242739-1,STRUCTURAL_SCREEN_EXHAUSTED_PRIMALITY_UNASSIGNED,GF3A_DIRECTIONAL_WRITE_EXHAUSTED_PRIMALITY_UNASSIGNED,514,512,512,NO_RECORDED_FACTOR_PRP_OR_LL_RESULT_AND_NO_ACTIVE_GIMPS_ASSIGNMENT,2026-08-09T02:56:41+00:00,UNALLOCATED,,,,,
SLCMP1467-4895,4895,4896,509242753,2^509242753-1,STRUCTURAL_SCREEN_EXHAUSTED_PRIMALITY_UNASSIGNED,GF3A_DIRECTIONAL_WRITE_EXHAUSTED_PRIMALITY_UNASSIGNED,513,512,512,NO_RECORDED_FACTOR_PRP_OR_LL_RESULT_AND_NO_ACTIVE_GIMPS_ASSIGNMENT,2026-08-09T02:56:41+00:00,UNALLOCATED,,,,,
SLCMP1467-4896,4896,4897,509242843,2^509242843-1,STRUCTURAL_SCREEN_EXHAUSTED_PRIMALITY_UNASSIGNED,GF3A_DIRECTIONAL_WRITE_EXHAUSTED_PRIMALITY_UNASSIGNED,514,512,512,NO_RECORDED_FACTOR_PRP_OR_LL_RESULT_AND_NO_ACTIVE_GIMPS_ASSIGNMENT,2026-08-09T02:56:41+00:00,UNALLOCATED,,,,,
SLCMP1467-4897,4897,4898,509242847,2^509242847-1,STRUCTURAL_SCREEN_EXHAUSTED_PRIMALITY_UNASSIGNED,GF3A_DIRECTIONAL_WRITE_EXHAUSTED_PRIMALITY_UNASSIGNED,514,512,512,NO_RECORDED_FACTOR_PRP_OR_LL_RESULT_AND_NO_ACTIVE_GIMPS_ASSIGNMENT,2026-08-09T02:56:41+00:00,UNALLOCATED,,,,,
SLCMP1467-4898,4898,4899,509242849,2^509242849-1,STRUCTURAL_SCREEN_EXHAUSTED_PRIMALITY_UNASSIGNED,GF3A_DIRECTIONAL_WRITE_EXHAUSTED_PRIMALITY_UNASSIGNED,513,512,512,NO_RECORDED_FACTOR_PRP_OR_LL_RESULT_AND_NO_ACTIVE_GIMPS_ASSIGNMENT,2026-08-09T02:56:41+00:00,UNALLOCATED,,,,,
SLCMP1467-4899,4899,4900,509242889,2^509242889-1,STRUCTURAL_SCREEN_EXHAUSTED_PRIMALITY_UNASSIGNED,GF3A_DIRECTIONAL_WRITE_EXHAUSTED_PRIMALITY_UNASSIGNED,513,512,512,NO_RECORDED_FACTOR_PRP_OR_LL_RESULT_AND_NO_ACTIVE_GIMPS_ASSIGNMENT,2026-08-09T02:56:41+00:00,UNALLOCATED,,,,,
SLCMP1467-4900,4900,4901,509242999,2^509242999-1,STRUCTURAL_SCREEN_EXHAUSTED_PRIMALITY_UNASSIGNED,GF3A_DIRECTIONAL_WRITE_EXHAUSTED_PRIMALITY_UNASSIGNED,514,512,512,NO_RECORDED_FACTOR_PRP_OR_LL_RESULT_AND_NO_ACTIVE_GIMPS_ASSIGNMENT,2026-08-09T02:56:41+00:00,UNALLOCATED,,,,,
SLCMP1467-4901,4901,4902,509243017,2^509243017-1,STRUCTURAL_SCREEN_EXHAUSTED_PRIMALITY_UNASSIGNED,GF3A_DIRECTIONAL_WRITE_EXHAUSTED_PRIMALITY_UNASSIGNED,513,512,512,NO_RECORDED_FACTOR_PRP_OR_LL_RESULT_AND_NO_ACTIVE_GIMPS_ASSIGNMENT,2026-08-09T02:56:41+00:00,UNALLOCATED,,,,,
SLCMP1467-4902,4902,4903,509243047,2^509243047-1,STRUCTURAL_SCREEN_EXHAUSTED_PRIMALITY_UNASSIGNED,GF3A_DIRECTIONAL_WRITE_EXHAUSTED_PRIMALITY_UNASSIGNED,514,512,512,NO_RECORDED_FACTOR_PRP_OR_LL_RESULT_AND_NO_ACTIVE_GIMPS_ASSIGNMENT,2026-08-09T02:56:41+00:00,UNALLOCATED,,,,,
SLCMP1467-4903,4903,4904,509243191,2^509243191-1,STRUCTURAL_SCREEN_EXHAUSTED_PRIMALITY_UNASSIGNED,GF3A_DIRECTIONAL_WRITE_EXHAUSTED_PRIMALITY_UNASSIGNED,514,512,512,NO_RECORDED_FACTOR_PRP_OR_LL_RESULT_AND_NO_ACTIVE_GIMPS_ASSIGNMENT,2026-08-09T02:56:41+00:00,UNALLOCATED,,,,,
SLCMP1467-4904,4904,4905,509243197,2^509243197-1,STRUCTURAL_SCREEN_EXHAUSTED_PRIMALITY_UNASSIGNED,GF3A_DIRECTIONAL_WRITE_EXHAUSTED_PRIMALITY_UNASSIGNED,513,512,512,NO_RECORDED_FACTOR_PRP_OR_LL_RESULT_AND_NO_ACTIVE_GIMPS_ASSIGNMENT,2026-08-09T02:56:41+00:00,UNALLOCATED,,,,,
SLCMP1467-4905,4905,4906,509243237,2^509243237-1,STRUCTURAL_SCREEN_EXHAUSTED_PRIMALITY_UNASSIGNED,GF3A_DIRECTIONAL_WRITE_EXHAUSTED_PRIMALITY_UNASSIGNED,513,512,512,NO_RECORDED_FACTOR_PRP_OR_LL_RESULT_AND_NO_ACTIVE_GIMPS_ASSIGNMENT,2026-08-09T02:56:41+00:00,UNALLOCATED,,,,,
SLCMP1467-4906,4906,4907,509243249,2^509243249-1,STRUCTURAL_SCREEN_EXHAUSTED_PRIMALITY_UNASSIGNED,GF3A_DIRECTIONAL_WRITE_EXHAUSTED_PRIMALITY_UNASSIGNED,513,512,512,NO_RECORDED_FACTOR_PRP_OR_LL_RESULT_AND_NO_ACTIVE_GIMPS_ASSIGNMENT,2026-08-09T02:56:41+00:00,UNALLOCATED,,,,,
SLCMP1467-4907,4907,4908,509243323,2^509243323-1,STRUCTURAL_SCREEN_EXHAUSTED_PRIMALITY_UNASSIGNED,GF3A_DIRECTIONAL_WRITE_EXHAUSTED_PRIMALITY_UNASSIGNED,514,512,512,NO_RECORDED_FACTOR_PRP_OR_LL_RESULT_AND_NO_ACTIVE_GIMPS_ASSIGNMENT,2026-08-09T02:56:41+00:00,UNALLOCATED,,,,,
SLCMP1467-4908,4908,4909,509243341,2^509243341-1,STRUCTURAL_SCREEN_EXHAUSTED_PRIMALITY_UNASSIGNED,GF3A_DIRECTIONAL_WRITE_EXHAUSTED_PRIMALITY_UNASSIGNED,513,512,512,NO_RECORDED_FACTOR_PRP_OR_LL_RESULT_AND_NO_ACTIVE_GIMPS_ASSIGNMENT,2026-08-09T02:56:41+00:00,UNALLOCATED,,,,,
SLCMP1467-4909,4909,4910,509243569,2^509243569-1,STRUCTURAL_SCREEN_EXHAUSTED_PRIMALITY_UNASSIGNED,GF3A_DIRECTIONAL_WRITE_EXHAUSTED_PRIMALITY_UNASSIGNED,513,512,512,NO_RECORDED_FACTOR_PRP_OR_LL_RESULT_AND_NO_ACTIVE_GIMPS_ASSIGNMENT,2026-08-09T02:56:41+00:00,UNALLOCATED,,,,,
SLCMP1467-4910,4910,4911,509243599,2^509243599-1,STRUCTURAL_SCREEN_EXHAUSTED_PRIMALITY_UNASSIGNED,GF3A_DIRECTIONAL_WRITE_EXHAUSTED_PRIMALITY_UNASSIGNED,514,512,512,NO_RECORDED_FACTOR_PRP_OR_LL_RESULT_AND_NO_ACTIVE_GIMPS_ASSIGNMENT,2026-08-09T02:56:41+00:00,UNALLOCATED,,,,,
SLCMP1467-4911,4911,4912,509243633,2^509243633-1,STRUCTURAL_SCREEN_EXHAUSTED_PRIMALITY_UNASSIGNED,GF3A_DIRECTIONAL_WRITE_EXHAUSTED_PRIMALITY_UNASSIGNED,513,512,512,NO_RECORDED_FACTOR_PRP_OR_LL_RESULT_AND_NO_ACTIVE_GIMPS_ASSIGNMENT,2026-08-09T02:56:41+00:00,UNALLOCATED,,,,,
SLCMP1467-4912,4912,4913,509243689,2^509243689-1,STRUCTURAL_SCREEN_EXHAUSTED_PRIMALITY_UNASSIGNED,GF3A_DIRECTIONAL_WRITE_EXHAUSTED_PRIMALITY_UNASSIGNED,513,512,512,NO_RECORDED_FACTOR_PRP_OR_LL_RESULT_AND_NO_ACTIVE_GIMPS_ASSIGNMENT,2026-08-09T02:56:41+00:00,UNALLOCATED,,,,,
SLCMP1467-4913,4913,4914,509243771,2^509243771-1,STRUCTURAL_SCREEN_EXHAUSTED_PRIMALITY_UNASSIGNED,GF3A_DIRECTIONAL_WRITE_EXHAUSTED_PRIMALITY_UNASSIGNED,514,512,512,NO_RECORDED_FACTOR_PRP_OR_LL_RESULT_AND_NO_ACTIVE_GIMPS_ASSIGNMENT,2026-08-09T02:56:41+00:00,UNALLOCATED,,,,,
SLCMP1467-4914,4914,4915,509243807,2^509243807-1,STRUCTURAL_SCREEN_EXHAUSTED_PRIMALITY_UNASSIGNED,GF3A_DIRECTIONAL_WRITE_EXHAUSTED_PRIMALITY_UNASSIGNED,514,512,512,NO_RECORDED_FACTOR_PRP_OR_LL_RESULT_AND_NO_ACTIVE_GIMPS_ASSIGNMENT,2026-08-09T02:56:41+00:00,UNALLOCATED,,,,,
SLCMP1467-4915,4915,4916,509243843,2^509243843-1,STRUCTURAL_SCREEN_EXHAUSTED_PRIMALITY_UNASSIGNED,GF3A_DIRECTIONAL_WRITE_EXHAUSTED_PRIMALITY_UNASSIGNED,514,512,512,NO_RECORDED_FACTOR_PRP_OR_LL_RESULT_AND_NO_ACTIVE_GIMPS_ASSIGNMENT,2026-08-09T02:56:41+00:00,UNALLOCATED,,,,,
SLCMP1467-4916,4916,4917,509243869,2^509243869-1,STRUCTURAL_SCREEN_EXHAUSTED_PRIMALITY_UNASSIGNED,GF3A_DIRECTIONAL_WRITE_EXHAUSTED_PRIMALITY_UNASSIGNED,513,512,512,NO_RECORDED_FACTOR_PRP_OR_LL_RESULT_AND_NO_ACTIVE_GIMPS_ASSIGNMENT,2026-08-09T02:56:41+00:00,UNALLOCATED,,,,,
SLCMP1467-4917,4917,4918,509243881,2^509243881-1,STRUCTURAL_SCREEN_EXHAUSTED_PRIMALITY_UNASSIGNED,GF3A_DIRECTIONAL_WRITE_EXHAUSTED_PRIMALITY_UNASSIGNED,513,512,512,NO_RECORDED_FACTOR_PRP_OR_LL_RESULT_AND_NO_ACTIVE_GIMPS_ASSIGNMENT,2026-08-09T02:56:41+00:00,UNALLOCATED,,,,,
SLCMP1467-4918,4918,4919,509243899,2^509243899-1,STRUCTURAL_SCREEN_EXHAUSTED_PRIMALITY_UNASSIGNED,GF3A_DIRECTIONAL_WRITE_EXHAUSTED_PRIMALITY_UNASSIGNED,514,512,512,NO_RECORDED_FACTOR_PRP_OR_LL_RESULT_AND_NO_ACTIVE_GIMPS_ASSIGNMENT,2026-08-09T02:56:41+00:00,UNALLOCATED,,,,,
SLCMP1467-4919,4919,4920,509243929,2^509243929-1,STRUCTURAL_SCREEN_EXHAUSTED_PRIMALITY_UNASSIGNED,GF3A_DIRECTIONAL_WRITE_EXHAUSTED_PRIMALITY_UNASSIGNED,513,512,512,NO_RECORDED_FACTOR_PRP_OR_LL_RESULT_AND_NO_ACTIVE_GIMPS_ASSIGNMENT,2026-08-09T02:56:41+00:00,UNALLOCATED,,,,,
SLCMP1467-4920,4920,4921,509244091,2^509244091-1,STRUCTURAL_SCREEN_EXHAUSTED_PRIMALITY_UNASSIGNED,GF3A_DIRECTIONAL_WRITE_EXHAUSTED_PRIMALITY_UNASSIGNED,514,512,512,NO_RECORDED_FACTOR_PRP_OR_LL_RESULT_AND_NO_ACTIVE_GIMPS_ASSIGNMENT,2026-08-09T02:56:41+00:00,UNALLOCATED,,,,,
SLCMP1467-4921,4921,4922,509244103,2^509244103-1,STRUCTURAL_SCREEN_EXHAUSTED_PRIMALITY_UNASSIGNED,GF3A_DIRECTIONAL_WRITE_EXHAUSTED_PRIMALITY_UNASSIGNED,514,512,512,NO_RECORDED_FACTOR_PRP_OR_LL_RESULT_AND_NO_ACTIVE_GIMPS_ASSIGNMENT,2026-08-09T02:56:41+00:00,UNALLOCATED,,,,,
SLCMP1467-4922,4922,4923,509244221,2^509244221-1,STRUCTURAL_SCREEN_EXHAUSTED_PRIMALITY_UNASSIGNED,GF3A_DIRECTIONAL_WRITE_EXHAUSTED_PRIMALITY_UNASSIGNED,513,512,512,NO_RECORDED_FACTOR_PRP_OR_LL_RESULT_AND_NO_ACTIVE_GIMPS_ASSIGNMENT,2026-08-09T02:56:41+00:00,UNALLOCATED,,,,,
SLCMP1467-4923,4923,4924,509244301,2^509244301-1,STRUCTURAL_SCREEN_EXHAUSTED_PRIMALITY_UNASSIGNED,GF3A_DIRECTIONAL_WRITE_EXHAUSTED_PRIMALITY_UNASSIGNED,513,512,512,NO_RECORDED_FACTOR_PRP_OR_LL_RESULT_AND_NO_ACTIVE_GIMPS_ASSIGNMENT,2026-08-09T02:56:41+00:00,UNALLOCATED,,,,,
SLCMP1467-4924,4924,4925,509244341,2^509244341-1,STRUCTURAL_SCREEN_EXHAUSTED_PRIMALITY_UNASSIGNED,GF3A_DIRECTIONAL_WRITE_EXHAUSTED_PRIMALITY_UNASSIGNED,513,512,512,NO_RECORDED_FACTOR_PRP_OR_LL_RESULT_AND_NO_ACTIVE_GIMPS_ASSIGNMENT,2026-08-09T02:56:41+00:00,UNALLOCATED,,,,,
SLCMP1467-4925,4925,4926,509244343,2^509244343-1,STRUCTURAL_SCREEN_EXHAUSTED_PRIMALITY_UNASSIGNED,GF3A_DIRECTIONAL_WRITE_EXHAUSTED_PRIMALITY_UNASSIGNED,514,512,512,NO_RECORDED_FACTOR_PRP_OR_LL_RESULT_AND_NO_ACTIVE_GIMPS_ASSIGNMENT,2026-08-09T02:56:41+00:00,UNALLOCATED,,,,,
SLCMP1467-4926,4926,4927,509244443,2^509244443-1,STRUCTURAL_SCREEN_EXHAUSTED_PRIMALITY_UNASSIGNED,GF3A_DIRECTIONAL_WRITE_EXHAUSTED_PRIMALITY_UNASSIGNED,514,512,512,NO_RECORDED_FACTOR_PRP_OR_LL_RESULT_AND_NO_ACTIVE_GIMPS_ASSIGNMENT,2026-08-09T02:56:41+00:00,UNALLOCATED,,,,,
SLCMP1467-4927,4927,4928,509244457,2^509244457-1,STRUCTURAL_SCREEN_EXHAUSTED_PRIMALITY_UNASSIGNED,GF3A_DIRECTIONAL_WRITE_EXHAUSTED_PRIMALITY_UNASSIGNED,513,512,512,NO_RECORDED_FACTOR_PRP_OR_LL_RESULT_AND_NO_ACTIVE_GIMPS_ASSIGNMENT,2026-08-09T02:56:41+00:00,UNALLOCATED,,,,,
SLCMP1467-4928,4928,4929,509244467,2^509244467-1,STRUCTURAL_SCREEN_EXHAUSTED_PRIMALITY_UNASSIGNED,GF3A_DIRECTIONAL_WRITE_EXHAUSTED_PRIMALITY_UNASSIGNED,514,512,512,NO_RECORDED_FACTOR_PRP_OR_LL_RESULT_AND_NO_ACTIVE_GIMPS_ASSIGNMENT,2026-08-09T02:56:41+00:00,UNALLOCATED,,,,,
SLCMP1467-4929,4929,4930,509244497,2^509244497-1,STRUCTURAL_SCREEN_EXHAUSTED_PRIMALITY_UNASSIGNED,GF3A_DIRECTIONAL_WRITE_EXHAUSTED_PRIMALITY_UNASSIGNED,513,512,512,NO_RECORDED_FACTOR_PRP_OR_LL_RESULT_AND_NO_ACTIVE_GIMPS_ASSIGNMENT,2026-08-09T02:56:41+00:00,UNALLOCATED,,,,,
SLCMP1467-4930,4930,4931,509244509,2^509244509-1,STRUCTURAL_SCREEN_EXHAUSTED_PRIMALITY_UNASSIGNED,GF3A_DIRECTIONAL_WRITE_EXHAUSTED_PRIMALITY_UNASSIGNED,513,512,512,NO_RECORDED_FACTOR_PRP_OR_LL_RESULT_AND_NO_ACTIVE_GIMPS_ASSIGNMENT,2026-08-09T02:56:41+00:00,UNALLOCATED,,,,,
SLCMP1467-4931,4931,4932,509244523,2^509244523-1,STRUCTURAL_SCREEN_EXHAUSTED_PRIMALITY_UNASSIGNED,GF3A_DIRECTIONAL_WRITE_EXHAUSTED_PRIMALITY_UNASSIGNED,514,512,512,NO_RECORDED_FACTOR_PRP_OR_LL_RESULT_AND_NO_ACTIVE_GIMPS_ASSIGNMENT,2026-08-09T02:56:41+00:00,UNALLOCATED,,,,,
SLCMP1467-4932,4932,4933,509244583,2^509244583-1,STRUCTURAL_SCREEN_EXHAUSTED_PRIMALITY_UNASSIGNED,GF3A_DIRECTIONAL_WRITE_EXHAUSTED_PRIMALITY_UNASSIGNED,514,512,512,NO_RECORDED_FACTOR_PRP_OR_LL_RESULT_AND_NO_ACTIVE_GIMPS_ASSIGNMENT,2026-08-09T02:56:41+00:00,UNALLOCATED,,,,,
SLCMP1467-4933,4933,4934,509244649,2^509244649-1,STRUCTURAL_SCREEN_EXHAUSTED_PRIMALITY_UNASSIGNED,GF3A_DIRECTIONAL_WRITE_EXHAUSTED_PRIMALITY_UNASSIGNED,513,512,512,NO_RECORDED_FACTOR_PRP_OR_LL_RESULT_AND_NO_ACTIVE_GIMPS_ASSIGNMENT,2026-08-09T02:56:41+00:00,UNALLOCATED,,,,,
SLCMP1467-4934,4934,4935,509244733,2^509244733-1,STRUCTURAL_SCREEN_EXHAUSTED_PRIMALITY_UNASSIGNED,GF3A_DIRECTIONAL_WRITE_EXHAUSTED_PRIMALITY_UNASSIGNED,513,512,512,NO_RECORDED_FACTOR_PRP_OR_LL_RESULT_AND_NO_ACTIVE_GIMPS_ASSIGNMENT,2026-08-09T02:56:41+00:00,UNALLOCATED,,,,,
SLCMP1467-4935,4935,4936,509244851,2^509244851-1,STRUCTURAL_SCREEN_EXHAUSTED_PRIMALITY_UNASSIGNED,GF3A_DIRECTIONAL_WRITE_EXHAUSTED_PRIMALITY_UNASSIGNED,514,512,512,NO_RECORDED_FACTOR_PRP_OR_LL_RESULT_AND_NO_ACTIVE_GIMPS_ASSIGNMENT,2026-08-09T02:56:41+00:00,UNALLOCATED,,,,,
SLCMP1467-4936,4936,4937,509244961,2^509244961-1,STRUCTURAL_SCREEN_EXHAUSTED_PRIMALITY_UNASSIGNED,GF3A_DIRECTIONAL_WRITE_EXHAUSTED_PRIMALITY_UNASSIGNED,513,512,512,NO_RECORDED_FACTOR_PRP_OR_LL_RESULT_AND_NO_ACTIVE_GIMPS_ASSIGNMENT,2026-08-09T02:56:41+00:00,UNALLOCATED,,,,,
SLCMP1467-4937,4937,4938,509244991,2^509244991-1,STRUCTURAL_SCREEN_EXHAUSTED_PRIMALITY_UNASSIGNED,GF3A_DIRECTIONAL_WRITE_EXHAUSTED_PRIMALITY_UNASSIGNED,514,512,512,NO_RECORDED_FACTOR_PRP_OR_LL_RESULT_AND_NO_ACTIVE_GIMPS_ASSIGNMENT,2026-08-09T02:56:41+00:00,UNALLOCATED,,,,,
SLCMP1467-4938,4938,4939,509245003,2^509245003-1,STRUCTURAL_SCREEN_EXHAUSTED_PRIMALITY_UNASSIGNED,GF3A_DIRECTIONAL_WRITE_EXHAUSTED_PRIMALITY_UNASSIGNED,514,512,512,NO_RECORDED_FACTOR_PRP_OR_LL_RESULT_AND_NO_ACTIVE_GIMPS_ASSIGNMENT,2026-08-09T02:56:41+00:00,UNALLOCATED,,,,,
SLCMP1467-4939,4939,4940,509245063,2^509245063-1,STRUCTURAL_SCREEN_EXHAUSTED_PRIMALITY_UNASSIGNED,GF3A_DIRECTIONAL_WRITE_EXHAUSTED_PRIMALITY_UNASSIGNED,514,512,512,NO_RECORDED_FACTOR_PRP_OR_LL_RESULT_AND_NO_ACTIVE_GIMPS_ASSIGNMENT,2026-08-09T02:56:41+00:00,UNALLOCATED,,,,,
SLCMP1467-4940,4940,4941,509245067,2^509245067-1,STRUCTURAL_SCREEN_EXHAUSTED_PRIMALITY_UNASSIGNED,GF3A_DIRECTIONAL_WRITE_EXHAUSTED_PRIMALITY_UNASSIGNED,514,512,512,NO_RECORDED_FACTOR_PRP_OR_LL_RESULT_AND_NO_ACTIVE_GIMPS_ASSIGNMENT,2026-08-09T02:56:41+00:00,UNALLOCATED,,,,,
SLCMP1467-4941,4941,4942,509245073,2^509245073-1,STRUCTURAL_SCREEN_EXHAUSTED_PRIMALITY_UNASSIGNED,GF3A_DIRECTIONAL_WRITE_EXHAUSTED_PRIMALITY_UNASSIGNED,513,512,512,NO_RECORDED_FACTOR_PRP_OR_LL_RESULT_AND_NO_ACTIVE_GIMPS_ASSIGNMENT,2026-08-09T02:56:41+00:00,UNALLOCATED,,,,,
SLCMP1467-4942,4942,4943,509245123,2^509245123-1,STRUCTURAL_SCREEN_EXHAUSTED_PRIMALITY_UNASSIGNED,GF3A_DIRECTIONAL_WRITE_EXHAUSTED_PRIMALITY_UNASSIGNED,514,512,512,NO_RECORDED_FACTOR_PRP_OR_LL_RESULT_AND_NO_ACTIVE_GIMPS_ASSIGNMENT,2026-08-09T02:56:41+00:00,UNALLOCATED,,,,,
SLCMP1467-4943,4943,4944,509245181,2^509245181-1,STRUCTURAL_SCREEN_EXHAUSTED_PRIMALITY_UNASSIGNED,GF3A_DIRECTIONAL_WRITE_EXHAUSTED_PRIMALITY_UNASSIGNED,513,512,512,NO_RECORDED_FACTOR_PRP_OR_LL_RESULT_AND_NO_ACTIVE_GIMPS_ASSIGNMENT,2026-08-09T02:56:41+00:00,UNALLOCATED,,,,,
SLCMP1467-4944,4944,4945,509245211,2^509245211-1,STRUCTURAL_SCREEN_EXHAUSTED_PRIMALITY_UNASSIGNED,GF3A_DIRECTIONAL_WRITE_EXHAUSTED_PRIMALITY_UNASSIGNED,514,512,512,NO_RECORDED_FACTOR_PRP_OR_LL_RESULT_AND_NO_ACTIVE_GIMPS_ASSIGNMENT,2026-08-09T02:56:41+00:00,UNALLOCATED,,,,,
SLCMP1467-4945,4945,4946,509245229,2^509245229-1,STRUCTURAL_SCREEN_EXHAUSTED_PRIMALITY_UNASSIGNED,GF3A_DIRECTIONAL_WRITE_EXHAUSTED_PRIMALITY_UNASSIGNED,513,512,512,NO_RECORDED_FACTOR_PRP_OR_LL_RESULT_AND_NO_ACTIVE_GIMPS_ASSIGNMENT,2026-08-09T02:56:41+00:00,UNALLOCATED,,,,,
SLCMP1467-4946,4946,4947,509245271,2^509245271-1,STRUCTURAL_SCREEN_EXHAUSTED_PRIMALITY_UNASSIGNED,GF3A_DIRECTIONAL_WRITE_EXHAUSTED_PRIMALITY_UNASSIGNED,514,512,512,NO_RECORDED_FACTOR_PRP_OR_LL_RESULT_AND_NO_ACTIVE_GIMPS_ASSIGNMENT,2026-08-09T02:56:41+00:00,UNALLOCATED,,,,,
SLCMP1467-4947,4947,4948,509245279,2^509245279-1,STRUCTURAL_SCREEN_EXHAUSTED_PRIMALITY_UNASSIGNED,GF3A_DIRECTIONAL_WRITE_EXHAUSTED_PRIMALITY_UNASSIGNED,514,512,512,NO_RECORDED_FACTOR_PRP_OR_LL_RESULT_AND_NO_ACTIVE_GIMPS_ASSIGNMENT,2026-08-09T02:56:41+00:00,UNALLOCATED,,,,,
SLCMP1467-4948,4948,4949,509245309,2^509245309-1,STRUCTURAL_SCREEN_EXHAUSTED_PRIMALITY_UNASSIGNED,GF3A_DIRECTIONAL_WRITE_EXHAUSTED_PRIMALITY_UNASSIGNED,513,512,512,NO_RECORDED_FACTOR_PRP_OR_LL_RESULT_AND_NO_ACTIVE_GIMPS_ASSIGNMENT,2026-08-09T02:56:41+00:00,UNALLOCATED,,,,,
SLCMP1467-4949,4949,4950,509245349,2^509245349-1,STRUCTURAL_SCREEN_EXHAUSTED_PRIMALITY_UNASSIGNED,GF3A_DIRECTIONAL_WRITE_EXHAUSTED_PRIMALITY_UNASSIGNED,513,512,512,NO_RECORDED_FACTOR_PRP_OR_LL_RESULT_AND_NO_ACTIVE_GIMPS_ASSIGNMENT,2026-08-09T02:56:41+00:00,UNALLOCATED,,,,,
SLCMP1467-4950,4950,4951,509245409,2^509245409-1,STRUCTURAL_SCREEN_EXHAUSTED_PRIMALITY_UNASSIGNED,GF3A_DIRECTIONAL_WRITE_EXHAUSTED_PRIMALITY_UNASSIGNED,513,512,512,NO_RECORDED_FACTOR_PRP_OR_LL_RESULT_AND_NO_ACTIVE_GIMPS_ASSIGNMENT,2026-08-09T02:56:41+00:00,UNALLOCATED,,,,,
SLCMP1467-4951,4951,4952,509245439,2^509245439-1,STRUCTURAL_SCREEN_EXHAUSTED_PRIMALITY_UNASSIGNED,GF3A_DIRECTIONAL_WRITE_EXHAUSTED_PRIMALITY_UNASSIGNED,514,512,512,NO_RECORDED_FACTOR_PRP_OR_LL_RESULT_AND_NO_ACTIVE_GIMPS_ASSIGNMENT,2026-08-09T02:56:41+00:00,UNALLOCATED,,,,,
SLCMP1467-4952,4952,4953,509245519,2^509245519-1,STRUCTURAL_SCREEN_EXHAUSTED_PRIMALITY_UNASSIGNED,GF3A_DIRECTIONAL_WRITE_EXHAUSTED_PRIMALITY_UNASSIGNED,514,512,512,NO_RECORDED_FACTOR_PRP_OR_LL_RESULT_AND_NO_ACTIVE_GIMPS_ASSIGNMENT,2026-08-09T02:56:41+00:00,UNALLOCATED,,,,,
SLCMP1467-4953,4953,4954,509245547,2^509245547-1,STRUCTURAL_SCREEN_EXHAUSTED_PRIMALITY_UNASSIGNED,GF3A_DIRECTIONAL_WRITE_EXHAUSTED_PRIMALITY_UNASSIGNED,514,512,512,NO_RECORDED_FACTOR_PRP_OR_LL_RESULT_AND_NO_ACTIVE_GIMPS_ASSIGNMENT,2026-08-09T02:56:41+00:00,UNALLOCATED,,,,,
SLCMP1467-4954,4954,4955,509245573,2^509245573-1,STRUCTURAL_SCREEN_EXHAUSTED_PRIMALITY_UNASSIGNED,GF3A_DIRECTIONAL_WRITE_EXHAUSTED_PRIMALITY_UNASSIGNED,513,512,512,NO_RECORDED_FACTOR_PRP_OR_LL_RESULT_AND_NO_ACTIVE_GIMPS_ASSIGNMENT,2026-08-09T02:56:41+00:00,UNALLOCATED,,,,,
SLCMP1467-4955,4955,4956,509245663,2^509245663-1,STRUCTURAL_SCREEN_EXHAUSTED_PRIMALITY_UNASSIGNED,GF3A_DIRECTIONAL_WRITE_EXHAUSTED_PRIMALITY_UNASSIGNED,514,512,512,NO_RECORDED_FACTOR_PRP_OR_LL_RESULT_AND_NO_ACTIVE_GIMPS_ASSIGNMENT,2026-08-09T02:56:41+00:00,UNALLOCATED,,,,,
SLCMP1467-4956,4956,4957,509245787,2^509245787-1,STRUCTURAL_SCREEN_EXHAUSTED_PRIMALITY_UNASSIGNED,GF3A_DIRECTIONAL_WRITE_EXHAUSTED_PRIMALITY_UNASSIGNED,514,512,512,NO_RECORDED_FACTOR_PRP_OR_LL_RESULT_AND_NO_ACTIVE_GIMPS_ASSIGNMENT,2026-08-09T02:56:41+00:00,UNALLOCATED,,,,,
SLCMP1467-4957,4957,4958,509245811,2^509245811-1,STRUCTURAL_SCREEN_EXHAUSTED_PRIMALITY_UNASSIGNED,GF3A_DIRECTIONAL_WRITE_EXHAUSTED_PRIMALITY_UNASSIGNED,514,512,512,NO_RECORDED_FACTOR_PRP_OR_LL_RESULT_AND_NO_ACTIVE_GIMPS_ASSIGNMENT,2026-08-09T02:56:41+00:00,UNALLOCATED,,,,,
SLCMP1467-4958,4958,4959,509245831,2^509245831-1,STRUCTURAL_SCREEN_EXHAUSTED_PRIMALITY_UNASSIGNED,GF3A_DIRECTIONAL_WRITE_EXHAUSTED_PRIMALITY_UNASSIGNED,514,512,512,NO_RECORDED_FACTOR_PRP_OR_LL_RESULT_AND_NO_ACTIVE_GIMPS_ASSIGNMENT,2026-08-09T02:56:41+00:00,UNALLOCATED,,,,,
SLCMP1467-4959,4959,4960,509245859,2^509245859-1,STRUCTURAL_SCREEN_EXHAUSTED_PRIMALITY_UNASSIGNED,GF3A_DIRECTIONAL_WRITE_EXHAUSTED_PRIMALITY_UNASSIGNED,514,512,512,NO_RECORDED_FACTOR_PRP_OR_LL_RESULT_AND_NO_ACTIVE_GIMPS_ASSIGNMENT,2026-08-09T02:56:41+00:00,UNALLOCATED,,,,,
SLCMP1467-4960,4960,4961,509245879,2^509245879-1,STRUCTURAL_SCREEN_EXHAUSTED_PRIMALITY_UNASSIGNED,GF3A_DIRECTIONAL_WRITE_EXHAUSTED_PRIMALITY_UNASSIGNED,514,512,512,NO_RECORDED_FACTOR_PRP_OR_LL_RESULT_AND_NO_ACTIVE_GIMPS_ASSIGNMENT,2026-08-09T02:56:41+00:00,UNALLOCATED,,,,,
SLCMP1467-4961,4961,4962,509245949,2^509245949-1,STRUCTURAL_SCREEN_EXHAUSTED_PRIMALITY_UNASSIGNED,GF3A_DIRECTIONAL_WRITE_EXHAUSTED_PRIMALITY_UNASSIGNED,513,512,512,NO_RECORDED_FACTOR_PRP_OR_LL_RESULT_AND_NO_ACTIVE_GIMPS_ASSIGNMENT,2026-08-09T02:56:41+00:00,UNALLOCATED,,,,,
SLCMP1467-4962,4962,4963,509245963,2^509245963-1,STRUCTURAL_SCREEN_EXHAUSTED_PRIMALITY_UNASSIGNED,GF3A_DIRECTIONAL_WRITE_EXHAUSTED_PRIMALITY_UNASSIGNED,514,512,512,NO_RECORDED_FACTOR_PRP_OR_LL_RESULT_AND_NO_ACTIVE_GIMPS_ASSIGNMENT,2026-08-09T02:56:41+00:00,UNALLOCATED,,,,,
SLCMP1467-4963,4963,4964,509246047,2^509246047-1,STRUCTURAL_SCREEN_EXHAUSTED_PRIMALITY_UNASSIGNED,GF3A_DIRECTIONAL_WRITE_EXHAUSTED_PRIMALITY_UNASSIGNED,514,512,512,NO_RECORDED_FACTOR_PRP_OR_LL_RESULT_AND_NO_ACTIVE_GIMPS_ASSIGNMENT,2026-08-09T02:56:41+00:00,UNALLOCATED,,,,,
SLCMP1467-4964,4964,4965,509246053,2^509246053-1,STRUCTURAL_SCREEN_EXHAUSTED_PRIMALITY_UNASSIGNED,GF3A_DIRECTIONAL_WRITE_EXHAUSTED_PRIMALITY_UNASSIGNED,513,512,512,NO_RECORDED_FACTOR_PRP_OR_LL_RESULT_AND_NO_ACTIVE_GIMPS_ASSIGNMENT,2026-08-09T02:56:41+00:00,UNALLOCATED,,,,,
SLCMP1467-4965,4965,4966,509246057,2^509246057-1,STRUCTURAL_SCREEN_EXHAUSTED_PRIMALITY_UNASSIGNED,GF3A_DIRECTIONAL_WRITE_EXHAUSTED_PRIMALITY_UNASSIGNED,513,512,512,NO_RECORDED_FACTOR_PRP_OR_LL_RESULT_AND_NO_ACTIVE_GIMPS_ASSIGNMENT,2026-08-09T02:56:41+00:00,UNALLOCATED,,,,,
SLCMP1467-4966,4966,4967,509246123,2^509246123-1,STRUCTURAL_SCREEN_EXHAUSTED_PRIMALITY_UNASSIGNED,GF3A_DIRECTIONAL_WRITE_EXHAUSTED_PRIMALITY_UNASSIGNED,514,512,512,NO_RECORDED_FACTOR_PRP_OR_LL_RESULT_AND_NO_ACTIVE_GIMPS_ASSIGNMENT,2026-08-09T02:56:41+00:00,UNALLOCATED,,,,,
SLCMP1467-4967,4967,4968,509246131,2^509246131-1,STRUCTURAL_SCREEN_EXHAUSTED_PRIMALITY_UNASSIGNED,GF3A_DIRECTIONAL_WRITE_EXHAUSTED_PRIMALITY_UNASSIGNED,514,512,512,NO_RECORDED_FACTOR_PRP_OR_LL_RESULT_AND_NO_ACTIVE_GIMPS_ASSIGNMENT,2026-08-09T02:56:41+00:00,UNALLOCATED,,,,,
SLCMP1467-4968,4968,4969,509246201,2^509246201-1,STRUCTURAL_SCREEN_EXHAUSTED_PRIMALITY_UNASSIGNED,GF3A_DIRECTIONAL_WRITE_EXHAUSTED_PRIMALITY_UNASSIGNED,513,512,512,NO_RECORDED_FACTOR_PRP_OR_LL_RESULT_AND_NO_ACTIVE_GIMPS_ASSIGNMENT,2026-08-09T02:56:41+00:00,UNALLOCATED,,,,,
SLCMP1467-4969,4969,4970,509246209,2^509246209-1,STRUCTURAL_SCREEN_EXHAUSTED_PRIMALITY_UNASSIGNED,GF3A_DIRECTIONAL_WRITE_EXHAUSTED_PRIMALITY_UNASSIGNED,513,512,512,NO_RECORDED_FACTOR_PRP_OR_LL_RESULT_AND_NO_ACTIVE_GIMPS_ASSIGNMENT,2026-08-09T02:56:41+00:00,UNALLOCATED,,,,,
SLCMP1467-4970,4970,4971,509246263,2^509246263-1,STRUCTURAL_SCREEN_EXHAUSTED_PRIMALITY_UNASSIGNED,GF3A_DIRECTIONAL_WRITE_EXHAUSTED_PRIMALITY_UNASSIGNED,514,512,512,NO_RECORDED_FACTOR_PRP_OR_LL_RESULT_AND_NO_ACTIVE_GIMPS_ASSIGNMENT,2026-08-09T02:56:41+00:00,UNALLOCATED,,,,,
SLCMP1467-4971,4971,4972,509246273,2^509246273-1,STRUCTURAL_SCREEN_EXHAUSTED_PRIMALITY_UNASSIGNED,GF3A_DIRECTIONAL_WRITE_EXHAUSTED_PRIMALITY_UNASSIGNED,513,512,512,NO_RECORDED_FACTOR_PRP_OR_LL_RESULT_AND_NO_ACTIVE_GIMPS_ASSIGNMENT,2026-08-09T02:56:41+00:00,UNALLOCATED,,,,,
SLCMP1467-4972,4972,4973,509246327,2^509246327-1,STRUCTURAL_SCREEN_EXHAUSTED_PRIMALITY_UNASSIGNED,GF3A_DIRECTIONAL_WRITE_EXHAUSTED_PRIMALITY_UNASSIGNED,514,512,512,NO_RECORDED_FACTOR_PRP_OR_LL_RESULT_AND_NO_ACTIVE_GIMPS_ASSIGNMENT,2026-08-09T02:56:41+00:00,UNALLOCATED,,,,,
SLCMP1467-4973,4973,4974,509246329,2^509246329-1,STRUCTURAL_SCREEN_EXHAUSTED_PRIMALITY_UNASSIGNED,GF3A_DIRECTIONAL_WRITE_EXHAUSTED_PRIMALITY_UNASSIGNED,513,512,512,NO_RECORDED_FACTOR_PRP_OR_LL_RESULT_AND_NO_ACTIVE_GIMPS_ASSIGNMENT,2026-08-09T02:56:41+00:00,UNALLOCATED,,,,,
SLCMP1467-4974,4974,4975,509246333,2^509246333-1,STRUCTURAL_SCREEN_EXHAUSTED_PRIMALITY_UNASSIGNED,GF3A_DIRECTIONAL_WRITE_EXHAUSTED_PRIMALITY_UNASSIGNED,513,512,512,NO_RECORDED_FACTOR_PRP_OR_LL_RESULT_AND_NO_ACTIVE_GIMPS_ASSIGNMENT,2026-08-09T02:56:41+00:00,UNALLOCATED,,,,,
SLCMP1467-4975,4975,4976,509246347,2^509246347-1,STRUCTURAL_SCREEN_EXHAUSTED_PRIMALITY_UNASSIGNED,GF3A_DIRECTIONAL_WRITE_EXHAUSTED_PRIMALITY_UNASSIGNED,514,512,512,NO_RECORDED_FACTOR_PRP_OR_LL_RESULT_AND_NO_ACTIVE_GIMPS_ASSIGNMENT,2026-08-09T02:56:41+00:00,UNALLOCATED,,,,,
SLCMP1467-4976,4976,4977,509246369,2^509246369-1,STRUCTURAL_SCREEN_EXHAUSTED_PRIMALITY_UNASSIGNED,GF3A_DIRECTIONAL_WRITE_EXHAUSTED_PRIMALITY_UNASSIGNED,513,512,512,NO_RECORDED_FACTOR_PRP_OR_LL_RESULT_AND_NO_ACTIVE_GIMPS_ASSIGNMENT,2026-08-09T02:56:41+00:00,UNALLOCATED,,,,,
SLCMP1467-4977,4977,4978,509246401,2^509246401-1,STRUCTURAL_SCREEN_EXHAUSTED_PRIMALITY_UNASSIGNED,GF3A_DIRECTIONAL_WRITE_EXHAUSTED_PRIMALITY_UNASSIGNED,513,512,512,NO_RECORDED_FACTOR_PRP_OR_LL_RESULT_AND_NO_ACTIVE_GIMPS_ASSIGNMENT,2026-08-09T02:56:41+00:00,UNALLOCATED,,,,,
SLCMP1467-4978,4978,4979,509246453,2^509246453-1,STRUCTURAL_SCREEN_EXHAUSTED_PRIMALITY_UNASSIGNED,GF3A_DIRECTIONAL_WRITE_EXHAUSTED_PRIMALITY_UNASSIGNED,513,512,512,NO_RECORDED_FACTOR_PRP_OR_LL_RESULT_AND_NO_ACTIVE_GIMPS_ASSIGNMENT,2026-08-09T02:56:41+00:00,UNALLOCATED,,,,,
SLCMP1467-4979,4979,4980,509246539,2^509246539-1,STRUCTURAL_SCREEN_EXHAUSTED_PRIMALITY_UNASSIGNED,GF3A_DIRECTIONAL_WRITE_EXHAUSTED_PRIMALITY_UNASSIGNED,514,512,512,NO_RECORDED_FACTOR_PRP_OR_LL_RESULT_AND_NO_ACTIVE_GIMPS_ASSIGNMENT,2026-08-09T02:56:41+00:00,UNALLOCATED,,,,,
SLCMP1467-4980,4980,4981,509246623,2^509246623-1,STRUCTURAL_SCREEN_EXHAUSTED_PRIMALITY_UNASSIGNED,GF3A_DIRECTIONAL_WRITE_EXHAUSTED_PRIMALITY_UNASSIGNED,514,512,512,NO_RECORDED_FACTOR_PRP_OR_LL_RESULT_AND_NO_ACTIVE_GIMPS_ASSIGNMENT,2026-08-09T02:56:41+00:00,UNALLOCATED,,,,,
SLCMP1467-4981,4981,4982,509246629,2^509246629-1,STRUCTURAL_SCREEN_EXHAUSTED_PRIMALITY_UNASSIGNED,GF3A_DIRECTIONAL_WRITE_EXHAUSTED_PRIMALITY_UNASSIGNED,513,512,512,NO_RECORDED_FACTOR_PRP_OR_LL_RESULT_AND_NO_ACTIVE_GIMPS_ASSIGNMENT,2026-08-09T02:56:41+00:00,UNALLOCATED,,,,,
SLCMP1467-4982,4982,4983,509246711,2^509246711-1,STRUCTURAL_SCREEN_EXHAUSTED_PRIMALITY_UNASSIGNED,GF3A_DIRECTIONAL_WRITE_EXHAUSTED_PRIMALITY_UNASSIGNED,514,512,512,NO_RECORDED_FACTOR_PRP_OR_LL_RESULT_AND_NO_ACTIVE_GIMPS_ASSIGNMENT,2026-08-09T02:56:41+00:00,UNALLOCATED,,,,,
SLCMP1467-4983,4983,4984,509246767,2^509246767-1,STRUCTURAL_SCREEN_EXHAUSTED_PRIMALITY_UNASSIGNED,GF3A_DIRECTIONAL_WRITE_EXHAUSTED_PRIMALITY_UNASSIGNED,514,512,512,NO_RECORDED_FACTOR_PRP_OR_LL_RESULT_AND_NO_ACTIVE_GIMPS_ASSIGNMENT,2026-08-09T02:56:41+00:00,UNALLOCATED,,,,,
SLCMP1467-4984,4984,4985,509246831,2^509246831-1,STRUCTURAL_SCREEN_EXHAUSTED_PRIMALITY_UNASSIGNED,GF3A_DIRECTIONAL_WRITE_EXHAUSTED_PRIMALITY_UNASSIGNED,514,512,512,NO_RECORDED_FACTOR_PRP_OR_LL_RESULT_AND_NO_ACTIVE_GIMPS_ASSIGNMENT,2026-08-09T02:56:41+00:00,UNALLOCATED,,,,,
SLCMP1467-4985,4985,4986,509246851,2^509246851-1,STRUCTURAL_SCREEN_EXHAUSTED_PRIMALITY_UNASSIGNED,GF3A_DIRECTIONAL_WRITE_EXHAUSTED_PRIMALITY_UNASSIGNED,514,512,512,NO_RECORDED_FACTOR_PRP_OR_LL_RESULT_AND_NO_ACTIVE_GIMPS_ASSIGNMENT,2026-08-09T02:56:41+00:00,UNALLOCATED,,,,,
SLCMP1467-4986,4986,4987,509246977,2^509246977-1,STRUCTURAL_SCREEN_EXHAUSTED_PRIMALITY_UNASSIGNED,GF3A_DIRECTIONAL_WRITE_EXHAUSTED_PRIMALITY_UNASSIGNED,513,512,512,NO_RECORDED_FACTOR_PRP_OR_LL_RESULT_AND_NO_ACTIVE_GIMPS_ASSIGNMENT,2026-08-09T02:56:41+00:00,UNALLOCATED,,,,,
SLCMP1467-4987,4987,4988,509247017,2^509247017-1,STRUCTURAL_SCREEN_EXHAUSTED_PRIMALITY_UNASSIGNED,GF3A_DIRECTIONAL_WRITE_EXHAUSTED_PRIMALITY_UNASSIGNED,513,512,512,NO_RECORDED_FACTOR_PRP_OR_LL_RESULT_AND_NO_ACTIVE_GIMPS_ASSIGNMENT,2026-08-09T02:56:41+00:00,UNALLOCATED,,,,,
SLCMP1467-4988,4988,4989,509247059,2^509247059-1,STRUCTURAL_SCREEN_EXHAUSTED_PRIMALITY_UNASSIGNED,GF3A_DIRECTIONAL_WRITE_EXHAUSTED_PRIMALITY_UNASSIGNED,514,512,512,NO_RECORDED_FACTOR_PRP_OR_LL_RESULT_AND_NO_ACTIVE_GIMPS_ASSIGNMENT,2026-08-09T02:56:41+00:00,UNALLOCATED,,,,,
SLCMP1467-4989,4989,4990,509247083,2^509247083-1,STRUCTURAL_SCREEN_EXHAUSTED_PRIMALITY_UNASSIGNED,GF3A_DIRECTIONAL_WRITE_EXHAUSTED_PRIMALITY_UNASSIGNED,514,512,512,NO_RECORDED_FACTOR_PRP_OR_LL_RESULT_AND_NO_ACTIVE_GIMPS_ASSIGNMENT,2026-08-09T02:56:41+00:00,UNALLOCATED,,,,,
SLCMP1467-4990,4990,4991,509247131,2^509247131-1,STRUCTURAL_SCREEN_EXHAUSTED_PRIMALITY_UNASSIGNED,GF3A_DIRECTIONAL_WRITE_EXHAUSTED_PRIMALITY_UNASSIGNED,514,512,512,NO_RECORDED_FACTOR_PRP_OR_LL_RESULT_AND_NO_ACTIVE_GIMPS_ASSIGNMENT,2026-08-09T02:56:41+00:00,UNALLOCATED,,,,,
SLCMP1467-4991,4991,4992,509247191,2^509247191-1,STRUCTURAL_SCREEN_EXHAUSTED_PRIMALITY_UNASSIGNED,GF3A_DIRECTIONAL_WRITE_EXHAUSTED_PRIMALITY_UNASSIGNED,514,512,512,NO_RECORDED_FACTOR_PRP_OR_LL_RESULT_AND_NO_ACTIVE_GIMPS_ASSIGNMENT,2026-08-09T02:56:41+00:00,UNALLOCATED,,,,,
SLCMP1467-4992,4992,4993,509247203,2^509247203-1,STRUCTURAL_SCREEN_EXHAUSTED_PRIMALITY_UNASSIGNED,GF3A_DIRECTIONAL_WRITE_EXHAUSTED_PRIMALITY_UNASSIGNED,514,512,512,NO_RECORDED_FACTOR_PRP_OR_LL_RESULT_AND_NO_ACTIVE_GIMPS_ASSIGNMENT,2026-08-09T02:56:41+00:00,UNALLOCATED,,,,,
SLCMP1467-4993,4993,4994,509247217,2^509247217-1,STRUCTURAL_SCREEN_EXHAUSTED_PRIMALITY_UNASSIGNED,GF3A_DIRECTIONAL_WRITE_EXHAUSTED_PRIMALITY_UNASSIGNED,513,512,512,NO_RECORDED_FACTOR_PRP_OR_LL_RESULT_AND_NO_ACTIVE_GIMPS_ASSIGNMENT,2026-08-09T02:56:41+00:00,UNALLOCATED,,,,,
SLCMP1467-4994,4994,4995,509247259,2^509247259-1,STRUCTURAL_SCREEN_EXHAUSTED_PRIMALITY_UNASSIGNED,GF3A_DIRECTIONAL_WRITE_EXHAUSTED_PRIMALITY_UNASSIGNED,514,512,512,NO_RECORDED_FACTOR_PRP_OR_LL_RESULT_AND_NO_ACTIVE_GIMPS_ASSIGNMENT,2026-08-09T02:56:41+00:00,UNALLOCATED,,,,,
SLCMP1467-4995,4995,4996,509247377,2^509247377-1,STRUCTURAL_SCREEN_EXHAUSTED_PRIMALITY_UNASSIGNED,GF3A_DIRECTIONAL_WRITE_EXHAUSTED_PRIMALITY_UNASSIGNED,513,512,512,NO_RECORDED_FACTOR_PRP_OR_LL_RESULT_AND_NO_ACTIVE_GIMPS_ASSIGNMENT,2026-08-09T02:56:41+00:00,UNALLOCATED,,,,,
SLCMP1467-4996,4996,4997,509247433,2^509247433-1,STRUCTURAL_SCREEN_EXHAUSTED_PRIMALITY_UNASSIGNED,GF3A_DIRECTIONAL_WRITE_EXHAUSTED_PRIMALITY_UNASSIGNED,513,512,512,NO_RECORDED_FACTOR_PRP_OR_LL_RESULT_AND_NO_ACTIVE_GIMPS_ASSIGNMENT,2026-08-09T02:56:41+00:00,UNALLOCATED,,,,,
SLCMP1467-4997,4997,4998,509247437,2^509247437-1,STRUCTURAL_SCREEN_EXHAUSTED_PRIMALITY_UNASSIGNED,GF3A_DIRECTIONAL_WRITE_EXHAUSTED_PRIMALITY_UNASSIGNED,513,512,512,NO_RECORDED_FACTOR_PRP_OR_LL_RESULT_AND_NO_ACTIVE_GIMPS_ASSIGNMENT,2026-08-09T02:56:41+00:00,UNALLOCATED,,,,,
SLCMP1467-4998,4998,4999,509247451,2^509247451-1,STRUCTURAL_SCREEN_EXHAUSTED_PRIMALITY_UNASSIGNED,GF3A_DIRECTIONAL_WRITE_EXHAUSTED_PRIMALITY_UNASSIGNED,514,512,512,NO_RECORDED_FACTOR_PRP_OR_LL_RESULT_AND_NO_ACTIVE_GIMPS_ASSIGNMENT,2026-08-09T02:56:41+00:00,UNALLOCATED,,,,,
SLCMP1467-4999,4999,5000,509247499,2^509247499-1,STRUCTURAL_SCREEN_EXHAUSTED_PRIMALITY_UNASSIGNED,GF3A_DIRECTIONAL_WRITE_EXHAUSTED_PRIMALITY_UNASSIGNED,514,512,512,NO_RECORDED_FACTOR_PRP_OR_LL_RESULT_AND_NO_ACTIVE_GIMPS_ASSIGNMENT,2026-08-09T02:56:41+00:00,UNALLOCATED,,,,,
SLCMP1467-5000,5000,5001,509247517,2^509247517-1,STRUCTURAL_SCREEN_EXHAUSTED_PRIMALITY_UNASSIGNED,GF3A_DIRECTIONAL_WRITE_EXHAUSTED_PRIMALITY_UNASSIGNED,513,512,512,NO_RECORDED_FACTOR_PRP_OR_LL_RESULT_AND_NO_ACTIVE_GIMPS_ASSIGNMENT,2026-08-09T02:56:41+00:00,UNALLOCATED,,,,,
SLCMP1467-5001,5001,5002,509247527,2^509247527-1,STRUCTURAL_SCREEN_EXHAUSTED_PRIMALITY_UNASSIGNED,GF3A_DIRECTIONAL_WRITE_EXHAUSTED_PRIMALITY_UNASSIGNED,514,512,512,NO_RECORDED_FACTOR_PRP_OR_LL_RESULT_AND_NO_ACTIVE_GIMPS_ASSIGNMENT,2026-08-09T02:56:41+00:00,UNALLOCATED,,,,,
SLCMP1467-5002,5002,5003,509247727,2^509247727-1,STRUCTURAL_SCREEN_EXHAUSTED_PRIMALITY_UNASSIGNED,GF3A_DIRECTIONAL_WRITE_EXHAUSTED_PRIMALITY_UNASSIGNED,514,512,512,NO_RECORDED_FACTOR_PRP_OR_LL_RESULT_AND_NO_ACTIVE_GIMPS_ASSIGNMENT,2026-08-09T02:56:41+00:00,UNALLOCATED,,,,,
SLCMP1467-5003,5003,5004,509247731,2^509247731-1,STRUCTURAL_SCREEN_EXHAUSTED_PRIMALITY_UNASSIGNED,GF3A_DIRECTIONAL_WRITE_EXHAUSTED_PRIMALITY_UNASSIGNED,514,512,512,NO_RECORDED_FACTOR_PRP_OR_LL_RESULT_AND_NO_ACTIVE_GIMPS_ASSIGNMENT,2026-08-09T02:56:41+00:00,UNALLOCATED,,,,,
SLCMP1467-5004,5004,5005,509247793,2^509247793-1,STRUCTURAL_SCREEN_EXHAUSTED_PRIMALITY_UNASSIGNED,GF3A_DIRECTIONAL_WRITE_EXHAUSTED_PRIMALITY_UNASSIGNED,513,512,512,NO_RECORDED_FACTOR_PRP_OR_LL_RESULT_AND_NO_ACTIVE_GIMPS_ASSIGNMENT,2026-08-09T02:56:41+00:00,UNALLOCATED,,,,,
SLCMP1467-5005,5005,5006,509248049,2^509248049-1,STRUCTURAL_SCREEN_EXHAUSTED_PRIMALITY_UNASSIGNED,GF3A_DIRECTIONAL_WRITE_EXHAUSTED_PRIMALITY_UNASSIGNED,513,512,512,NO_RECORDED_FACTOR_PRP_OR_LL_RESULT_AND_NO_ACTIVE_GIMPS_ASSIGNMENT,2026-08-09T02:56:41+00:00,UNALLOCATED,,,,,
SLCMP1467-5006,5006,5007,509248093,2^509248093-1,STRUCTURAL_SCREEN_EXHAUSTED_PRIMALITY_UNASSIGNED,GF3A_DIRECTIONAL_WRITE_EXHAUSTED_PRIMALITY_UNASSIGNED,513,512,512,NO_RECORDED_FACTOR_PRP_OR_LL_RESULT_AND_NO_ACTIVE_GIMPS_ASSIGNMENT,2026-08-09T02:56:41+00:00,UNALLOCATED,,,,,
SLCMP1467-5007,5007,5008,509248111,2^509248111-1,STRUCTURAL_SCREEN_EXHAUSTED_PRIMALITY_UNASSIGNED,GF3A_DIRECTIONAL_WRITE_EXHAUSTED_PRIMALITY_UNASSIGNED,514,512,512,NO_RECORDED_FACTOR_PRP_OR_LL_RESULT_AND_NO_ACTIVE_GIMPS_ASSIGNMENT,2026-08-09T02:56:41+00:00,UNALLOCATED,,,,,
SLCMP1467-5008,5008,5009,509248213,2^509248213-1,STRUCTURAL_SCREEN_EXHAUSTED_PRIMALITY_UNASSIGNED,GF3A_DIRECTIONAL_WRITE_EXHAUSTED_PRIMALITY_UNASSIGNED,513,512,512,NO_RECORDED_FACTOR_PRP_OR_LL_RESULT_AND_NO_ACTIVE_GIMPS_ASSIGNMENT,2026-08-09T02:56:41+00:00,UNALLOCATED,,,,,
SLCMP1467-5009,5009,5010,509248217,2^509248217-1,STRUCTURAL_SCREEN_EXHAUSTED_PRIMALITY_UNASSIGNED,GF3A_DIRECTIONAL_WRITE_EXHAUSTED_PRIMALITY_UNASSIGNED,513,512,512,NO_RECORDED_FACTOR_PRP_OR_LL_RESULT_AND_NO_ACTIVE_GIMPS_ASSIGNMENT,2026-08-09T02:56:41+00:00,UNALLOCATED,,,,,
SLCMP1467-5010,5010,5011,509248231,2^509248231-1,STRUCTURAL_SCREEN_EXHAUSTED_PRIMALITY_UNASSIGNED,GF3A_DIRECTIONAL_WRITE_EXHAUSTED_PRIMALITY_UNASSIGNED,514,512,512,NO_RECORDED_FACTOR_PRP_OR_LL_RESULT_AND_NO_ACTIVE_GIMPS_ASSIGNMENT,2026-08-09T02:56:41+00:00,UNALLOCATED,,,,,
SLCMP1467-5011,5011,5012,509248319,2^509248319-1,STRUCTURAL_SCREEN_EXHAUSTED_PRIMALITY_UNASSIGNED,GF3A_DIRECTIONAL_WRITE_EXHAUSTED_PRIMALITY_UNASSIGNED,514,512,512,NO_RECORDED_FACTOR_PRP_OR_LL_RESULT_AND_NO_ACTIVE_GIMPS_ASSIGNMENT,2026-08-09T02:56:41+00:00,UNALLOCATED,,,,,
SLCMP1467-5012,5012,5013,509248541,2^509248541-1,STRUCTURAL_SCREEN_EXHAUSTED_PRIMALITY_UNASSIGNED,GF3A_DIRECTIONAL_WRITE_EXHAUSTED_PRIMALITY_UNASSIGNED,513,512,512,NO_RECORDED_FACTOR_PRP_OR_LL_RESULT_AND_NO_ACTIVE_GIMPS_ASSIGNMENT,2026-08-09T02:56:41+00:00,UNALLOCATED,,,,,
SLCMP1467-5013,5013,5014,509248559,2^509248559-1,STRUCTURAL_SCREEN_EXHAUSTED_PRIMALITY_UNASSIGNED,GF3A_DIRECTIONAL_WRITE_EXHAUSTED_PRIMALITY_UNASSIGNED,514,512,512,NO_RECORDED_FACTOR_PRP_OR_LL_RESULT_AND_NO_ACTIVE_GIMPS_ASSIGNMENT,2026-08-09T02:56:41+00:00,UNALLOCATED,,,,,
SLCMP1467-5014,5014,5015,509248561,2^509248561-1,STRUCTURAL_SCREEN_EXHAUSTED_PRIMALITY_UNASSIGNED,GF3A_DIRECTIONAL_WRITE_EXHAUSTED_PRIMALITY_UNASSIGNED,513,512,512,NO_RECORDED_FACTOR_PRP_OR_LL_RESULT_AND_NO_ACTIVE_GIMPS_ASSIGNMENT,2026-08-09T02:56:41+00:00,UNALLOCATED,,,,,
SLCMP1467-5015,5015,5016,509248603,2^509248603-1,STRUCTURAL_SCREEN_EXHAUSTED_PRIMALITY_UNASSIGNED,GF3A_DIRECTIONAL_WRITE_EXHAUSTED_PRIMALITY_UNASSIGNED,514,512,512,NO_RECORDED_FACTOR_PRP_OR_LL_RESULT_AND_NO_ACTIVE_GIMPS_ASSIGNMENT,2026-08-09T02:56:41+00:00,UNALLOCATED,,,,,
SLCMP1467-5016,5016,5017,509248627,2^509248627-1,STRUCTURAL_SCREEN_EXHAUSTED_PRIMALITY_UNASSIGNED,GF3A_DIRECTIONAL_WRITE_EXHAUSTED_PRIMALITY_UNASSIGNED,514,512,512,NO_RECORDED_FACTOR_PRP_OR_LL_RESULT_AND_NO_ACTIVE_GIMPS_ASSIGNMENT,2026-08-09T02:56:41+00:00,UNALLOCATED,,,,,
SLCMP1467-5017,5017,5018,509248759,2^509248759-1,STRUCTURAL_SCREEN_EXHAUSTED_PRIMALITY_UNASSIGNED,GF3A_DIRECTIONAL_WRITE_EXHAUSTED_PRIMALITY_UNASSIGNED,514,512,512,NO_RECORDED_FACTOR_PRP_OR_LL_RESULT_AND_NO_ACTIVE_GIMPS_ASSIGNMENT,2026-08-09T02:56:41+00:00,UNALLOCATED,,,,,
SLCMP1467-5018,5018,5019,509248781,2^509248781-1,STRUCTURAL_SCREEN_EXHAUSTED_PRIMALITY_UNASSIGNED,GF3A_DIRECTIONAL_WRITE_EXHAUSTED_PRIMALITY_UNASSIGNED,513,512,512,NO_RECORDED_FACTOR_PRP_OR_LL_RESULT_AND_NO_ACTIVE_GIMPS_ASSIGNMENT,2026-08-09T02:56:41+00:00,UNALLOCATED,,,,,
SLCMP1467-5019,5019,5020,509248813,2^509248813-1,STRUCTURAL_SCREEN_EXHAUSTED_PRIMALITY_UNASSIGNED,GF3A_DIRECTIONAL_WRITE_EXHAUSTED_PRIMALITY_UNASSIGNED,513,512,512,NO_RECORDED_FACTOR_PRP_OR_LL_RESULT_AND_NO_ACTIVE_GIMPS_ASSIGNMENT,2026-08-09T02:56:41+00:00,UNALLOCATED,,,,,
SLCMP1467-5020,5020,5021,509248877,2^509248877-1,STRUCTURAL_SCREEN_EXHAUSTED_PRIMALITY_UNASSIGNED,GF3A_DIRECTIONAL_WRITE_EXHAUSTED_PRIMALITY_UNASSIGNED,513,512,512,NO_RECORDED_FACTOR_PRP_OR_LL_RESULT_AND_NO_ACTIVE_GIMPS_ASSIGNMENT,2026-08-09T02:56:41+00:00,UNALLOCATED,,,,,
SLCMP1467-5021,5021,5022,509248891,2^509248891-1,STRUCTURAL_SCREEN_EXHAUSTED_PRIMALITY_UNASSIGNED,GF3A_DIRECTIONAL_WRITE_EXHAUSTED_PRIMALITY_UNASSIGNED,514,512,512,NO_RECORDED_FACTOR_PRP_OR_LL_RESULT_AND_NO_ACTIVE_GIMPS_ASSIGNMENT,2026-08-09T02:56:41+00:00,UNALLOCATED,,,,,
SLCMP1467-5022,5022,5023,509248967,2^509248967-1,STRUCTURAL_SCREEN_EXHAUSTED_PRIMALITY_UNASSIGNED,GF3A_DIRECTIONAL_WRITE_EXHAUSTED_PRIMALITY_UNASSIGNED,514,512,512,NO_RECORDED_FACTOR_PRP_OR_LL_RESULT_AND_NO_ACTIVE_GIMPS_ASSIGNMENT,2026-08-09T02:56:41+00:00,UNALLOCATED,,,,,
SLCMP1467-5023,5023,5024,509249029,2^509249029-1,STRUCTURAL_SCREEN_EXHAUSTED_PRIMALITY_UNASSIGNED,GF3A_DIRECTIONAL_WRITE_EXHAUSTED_PRIMALITY_UNASSIGNED,513,512,512,NO_RECORDED_FACTOR_PRP_OR_LL_RESULT_AND_NO_ACTIVE_GIMPS_ASSIGNMENT,2026-08-09T02:56:41+00:00,UNALLOCATED,,,,,
SLCMP1467-5024,5024,5025,509249087,2^509249087-1,STRUCTURAL_SCREEN_EXHAUSTED_PRIMALITY_UNASSIGNED,GF3A_DIRECTIONAL_WRITE_EXHAUSTED_PRIMALITY_UNASSIGNED,514,512,512,NO_RECORDED_FACTOR_PRP_OR_LL_RESULT_AND_NO_ACTIVE_GIMPS_ASSIGNMENT,2026-08-09T02:56:41+00:00,UNALLOCATED,,,,,
SLCMP1467-5025,5025,5026,509249101,2^509249101-1,STRUCTURAL_SCREEN_EXHAUSTED_PRIMALITY_UNASSIGNED,GF3A_DIRECTIONAL_WRITE_EXHAUSTED_PRIMALITY_UNASSIGNED,513,512,512,NO_RECORDED_FACTOR_PRP_OR_LL_RESULT_AND_NO_ACTIVE_GIMPS_ASSIGNMENT,2026-08-09T02:56:41+00:00,UNALLOCATED,,,,,
SLCMP1467-5026,5026,5027,509249107,2^509249107-1,STRUCTURAL_SCREEN_EXHAUSTED_PRIMALITY_UNASSIGNED,GF3A_DIRECTIONAL_WRITE_EXHAUSTED_PRIMALITY_UNASSIGNED,514,512,512,NO_RECORDED_FACTOR_PRP_OR_LL_RESULT_AND_NO_ACTIVE_GIMPS_ASSIGNMENT,2026-08-09T02:56:41+00:00,UNALLOCATED,,,,,
SLCMP1467-5027,5027,5028,509249249,2^509249249-1,STRUCTURAL_SCREEN_EXHAUSTED_PRIMALITY_UNASSIGNED,GF3A_DIRECTIONAL_WRITE_EXHAUSTED_PRIMALITY_UNASSIGNED,513,512,512,NO_RECORDED_FACTOR_PRP_OR_LL_RESULT_AND_NO_ACTIVE_GIMPS_ASSIGNMENT,2026-08-09T02:56:41+00:00,UNALLOCATED,,,,,
SLCMP1467-5028,5028,5029,509249261,2^509249261-1,STRUCTURAL_SCREEN_EXHAUSTED_PRIMALITY_UNASSIGNED,GF3A_DIRECTIONAL_WRITE_EXHAUSTED_PRIMALITY_UNASSIGNED,513,512,512,NO_RECORDED_FACTOR_PRP_OR_LL_RESULT_AND_NO_ACTIVE_GIMPS_ASSIGNMENT,2026-08-09T02:56:41+00:00,UNALLOCATED,,,,,
SLCMP1467-5029,5029,5030,509249339,2^509249339-1,STRUCTURAL_SCREEN_EXHAUSTED_PRIMALITY_UNASSIGNED,GF3A_DIRECTIONAL_WRITE_EXHAUSTED_PRIMALITY_UNASSIGNED,514,512,512,NO_RECORDED_FACTOR_PRP_OR_LL_RESULT_AND_NO_ACTIVE_GIMPS_ASSIGNMENT,2026-08-09T02:56:41+00:00,UNALLOCATED,,,,,
SLCMP1467-5030,5030,5031,509249341,2^509249341-1,STRUCTURAL_SCREEN_EXHAUSTED_PRIMALITY_UNASSIGNED,GF3A_DIRECTIONAL_WRITE_EXHAUSTED_PRIMALITY_UNASSIGNED,513,512,512,NO_RECORDED_FACTOR_PRP_OR_LL_RESULT_AND_NO_ACTIVE_GIMPS_ASSIGNMENT,2026-08-09T02:56:41+00:00,UNALLOCATED,,,,,
SLCMP1467-5031,5031,5032,509249393,2^509249393-1,STRUCTURAL_SCREEN_EXHAUSTED_PRIMALITY_UNASSIGNED,GF3A_DIRECTIONAL_WRITE_EXHAUSTED_PRIMALITY_UNASSIGNED,513,512,512,NO_RECORDED_FACTOR_PRP_OR_LL_RESULT_AND_NO_ACTIVE_GIMPS_ASSIGNMENT,2026-08-09T02:56:41+00:00,UNALLOCATED,,,,,
SLCMP1467-5032,5032,5033,509249437,2^509249437-1,STRUCTURAL_SCREEN_EXHAUSTED_PRIMALITY_UNASSIGNED,GF3A_DIRECTIONAL_WRITE_EXHAUSTED_PRIMALITY_UNASSIGNED,513,512,512,NO_RECORDED_FACTOR_PRP_OR_LL_RESULT_AND_NO_ACTIVE_GIMPS_ASSIGNMENT,2026-08-09T02:56:41+00:00,UNALLOCATED,,,,,
SLCMP1467-5033,5033,5034,509249519,2^509249519-1,STRUCTURAL_SCREEN_EXHAUSTED_PRIMALITY_UNASSIGNED,GF3A_DIRECTIONAL_WRITE_EXHAUSTED_PRIMALITY_UNASSIGNED,514,512,512,NO_RECORDED_FACTOR_PRP_OR_LL_RESULT_AND_NO_ACTIVE_GIMPS_ASSIGNMENT,2026-08-09T02:56:41+00:00,UNALLOCATED,,,,,
SLCMP1467-5034,5034,5035,509249527,2^509249527-1,STRUCTURAL_SCREEN_EXHAUSTED_PRIMALITY_UNASSIGNED,GF3A_DIRECTIONAL_WRITE_EXHAUSTED_PRIMALITY_UNASSIGNED,514,512,512,NO_RECORDED_FACTOR_PRP_OR_LL_RESULT_AND_NO_ACTIVE_GIMPS_ASSIGNMENT,2026-08-09T02:56:41+00:00,UNALLOCATED,,,,,
SLCMP1467-5035,5035,5036,509249621,2^509249621-1,STRUCTURAL_SCREEN_EXHAUSTED_PRIMALITY_UNASSIGNED,GF3A_DIRECTIONAL_WRITE_EXHAUSTED_PRIMALITY_UNASSIGNED,513,512,512,NO_RECORDED_FACTOR_PRP_OR_LL_RESULT_AND_NO_ACTIVE_GIMPS_ASSIGNMENT,2026-08-09T02:56:41+00:00,UNALLOCATED,,,,,
SLCMP1467-5036,5036,5037,509249639,2^509249639-1,STRUCTURAL_SCREEN_EXHAUSTED_PRIMALITY_UNASSIGNED,GF3A_DIRECTIONAL_WRITE_EXHAUSTED_PRIMALITY_UNASSIGNED,514,512,512,NO_RECORDED_FACTOR_PRP_OR_LL_RESULT_AND_NO_ACTIVE_GIMPS_ASSIGNMENT,2026-08-09T02:56:41+00:00,UNALLOCATED,,,,,
SLCMP1467-5037,5037,5038,509249729,2^509249729-1,STRUCTURAL_SCREEN_EXHAUSTED_PRIMALITY_UNASSIGNED,GF3A_DIRECTIONAL_WRITE_EXHAUSTED_PRIMALITY_UNASSIGNED,513,512,512,NO_RECORDED_FACTOR_PRP_OR_LL_RESULT_AND_NO_ACTIVE_GIMPS_ASSIGNMENT,2026-08-09T02:56:41+00:00,UNALLOCATED,,,,,
SLCMP1467-5038,5038,5039,509249743,2^509249743-1,STRUCTURAL_SCREEN_EXHAUSTED_PRIMALITY_UNASSIGNED,GF3A_DIRECTIONAL_WRITE_EXHAUSTED_PRIMALITY_UNASSIGNED,514,512,512,NO_RECORDED_FACTOR_PRP_OR_LL_RESULT_AND_NO_ACTIVE_GIMPS_ASSIGNMENT,2026-08-09T02:56:41+00:00,UNALLOCATED,,,,,
SLCMP1467-5039,5039,5040,509249857,2^509249857-1,STRUCTURAL_SCREEN_EXHAUSTED_PRIMALITY_UNASSIGNED,GF3A_DIRECTIONAL_WRITE_EXHAUSTED_PRIMALITY_UNASSIGNED,513,512,512,NO_RECORDED_FACTOR_PRP_OR_LL_RESULT_AND_NO_ACTIVE_GIMPS_ASSIGNMENT,2026-08-09T02:56:41+00:00,UNALLOCATED,,,,,
SLCMP1467-5040,5040,5041,509249891,2^509249891-1,STRUCTURAL_SCREEN_EXHAUSTED_PRIMALITY_UNASSIGNED,GF3A_DIRECTIONAL_WRITE_EXHAUSTED_PRIMALITY_UNASSIGNED,514,512,512,NO_RECORDED_FACTOR_PRP_OR_LL_RESULT_AND_NO_ACTIVE_GIMPS_ASSIGNMENT,2026-08-09T02:56:41+00:00,UNALLOCATED,,,,,
SLCMP1467-5041,5041,5042,509249987,2^509249987-1,STRUCTURAL_SCREEN_EXHAUSTED_PRIMALITY_UNASSIGNED,GF3A_DIRECTIONAL_WRITE_EXHAUSTED_PRIMALITY_UNASSIGNED,514,512,512,NO_RECORDED_FACTOR_PRP_OR_LL_RESULT_AND_NO_ACTIVE_GIMPS_ASSIGNMENT,2026-08-09T02:56:41+00:00,UNALLOCATED,,,,,
