queue_id,queue_rank,shell_survivor_rank,exponent,mersenne_object,screen_status,shell_status,screen_schedule_count,shell_schedule_count,shell_tested_opportunity_count,external_status_at_snapshot,assignment_snapshot_utc,sam_distribution_status,assignee,assignment_utc,result_status,result_reference,notes
SLCMP2607-0001,1,1,794000003,2^794000003-1,STRUCTURAL_SCREEN_EXHAUSTED_PRIMALITY_UNASSIGNED,GF3A_DIRECTIONAL_WRITE_EXHAUSTED_PRIMALITY_UNASSIGNED,514,512,512,NO_RECORDED_FACTOR_PRP_OR_LL_RESULT_AND_NO_ACTIVE_GIMPS_ASSIGNMENT,2026-08-09T09:12:31+00:00,UNALLOCATED,,,,,
SLCMP2607-0002,2,2,794000059,2^794000059-1,STRUCTURAL_SCREEN_EXHAUSTED_PRIMALITY_UNASSIGNED,GF3A_DIRECTIONAL_WRITE_EXHAUSTED_PRIMALITY_UNASSIGNED,514,512,512,NO_RECORDED_FACTOR_PRP_OR_LL_RESULT_AND_NO_ACTIVE_GIMPS_ASSIGNMENT,2026-08-09T09:12:31+00:00,UNALLOCATED,,,,,
SLCMP2607-0003,3,3,794000083,2^794000083-1,STRUCTURAL_SCREEN_EXHAUSTED_PRIMALITY_UNASSIGNED,GF3A_DIRECTIONAL_WRITE_EXHAUSTED_PRIMALITY_UNASSIGNED,514,512,512,NO_RECORDED_FACTOR_PRP_OR_LL_RESULT_AND_NO_ACTIVE_GIMPS_ASSIGNMENT,2026-08-09T09:12:31+00:00,UNALLOCATED,,,,,
SLCMP2607-0004,4,4,794000153,2^794000153-1,STRUCTURAL_SCREEN_EXHAUSTED_PRIMALITY_UNASSIGNED,GF3A_DIRECTIONAL_WRITE_EXHAUSTED_PRIMALITY_UNASSIGNED,513,512,512,NO_RECORDED_FACTOR_PRP_OR_LL_RESULT_AND_NO_ACTIVE_GIMPS_ASSIGNMENT,2026-08-09T09:12:31+00:00,UNALLOCATED,,,,,
SLCMP2607-0005,5,5,794000189,2^794000189-1,STRUCTURAL_SCREEN_EXHAUSTED_PRIMALITY_UNASSIGNED,GF3A_DIRECTIONAL_WRITE_EXHAUSTED_PRIMALITY_UNASSIGNED,513,512,512,NO_RECORDED_FACTOR_PRP_OR_LL_RESULT_AND_NO_ACTIVE_GIMPS_ASSIGNMENT,2026-08-09T09:12:31+00:00,UNALLOCATED,,,,,
SLCMP2607-0006,6,6,794000321,2^794000321-1,STRUCTURAL_SCREEN_EXHAUSTED_PRIMALITY_UNASSIGNED,GF3A_DIRECTIONAL_WRITE_EXHAUSTED_PRIMALITY_UNASSIGNED,513,512,512,NO_RECORDED_FACTOR_PRP_OR_LL_RESULT_AND_NO_ACTIVE_GIMPS_ASSIGNMENT,2026-08-09T09:12:31+00:00,UNALLOCATED,,,,,
SLCMP2607-0007,7,7,794000381,2^794000381-1,STRUCTURAL_SCREEN_EXHAUSTED_PRIMALITY_UNASSIGNED,GF3A_DIRECTIONAL_WRITE_EXHAUSTED_PRIMALITY_UNASSIGNED,513,512,512,NO_RECORDED_FACTOR_PRP_OR_LL_RESULT_AND_NO_ACTIVE_GIMPS_ASSIGNMENT,2026-08-09T09:12:31+00:00,UNALLOCATED,,,,,
SLCMP2607-0008,8,8,794000393,2^794000393-1,STRUCTURAL_SCREEN_EXHAUSTED_PRIMALITY_UNASSIGNED,GF3A_DIRECTIONAL_WRITE_EXHAUSTED_PRIMALITY_UNASSIGNED,513,512,512,NO_RECORDED_FACTOR_PRP_OR_LL_RESULT_AND_NO_ACTIVE_GIMPS_ASSIGNMENT,2026-08-09T09:12:31+00:00,UNALLOCATED,,,,,
SLCMP2607-0009,9,9,794000399,2^794000399-1,STRUCTURAL_SCREEN_EXHAUSTED_PRIMALITY_UNASSIGNED,GF3A_DIRECTIONAL_WRITE_EXHAUSTED_PRIMALITY_UNASSIGNED,514,512,512,NO_RECORDED_FACTOR_PRP_OR_LL_RESULT_AND_NO_ACTIVE_GIMPS_ASSIGNMENT,2026-08-09T09:12:31+00:00,UNALLOCATED,,,,,
SLCMP2607-0010,10,10,794000401,2^794000401-1,STRUCTURAL_SCREEN_EXHAUSTED_PRIMALITY_UNASSIGNED,GF3A_DIRECTIONAL_WRITE_EXHAUSTED_PRIMALITY_UNASSIGNED,513,512,512,NO_RECORDED_FACTOR_PRP_OR_LL_RESULT_AND_NO_ACTIVE_GIMPS_ASSIGNMENT,2026-08-09T09:12:31+00:00,UNALLOCATED,,,,,
SLCMP2607-0011,11,11,794000413,2^794000413-1,STRUCTURAL_SCREEN_EXHAUSTED_PRIMALITY_UNASSIGNED,GF3A_DIRECTIONAL_WRITE_EXHAUSTED_PRIMALITY_UNASSIGNED,513,512,512,NO_RECORDED_FACTOR_PRP_OR_LL_RESULT_AND_NO_ACTIVE_GIMPS_ASSIGNMENT,2026-08-09T09:12:31+00:00,UNALLOCATED,,,,,
SLCMP2607-0012,12,12,794000437,2^794000437-1,STRUCTURAL_SCREEN_EXHAUSTED_PRIMALITY_UNASSIGNED,GF3A_DIRECTIONAL_WRITE_EXHAUSTED_PRIMALITY_UNASSIGNED,513,512,512,NO_RECORDED_FACTOR_PRP_OR_LL_RESULT_AND_NO_ACTIVE_GIMPS_ASSIGNMENT,2026-08-09T09:12:31+00:00,UNALLOCATED,,,,,
SLCMP2607-0013,13,13,794000539,2^794000539-1,STRUCTURAL_SCREEN_EXHAUSTED_PRIMALITY_UNASSIGNED,GF3A_DIRECTIONAL_WRITE_EXHAUSTED_PRIMALITY_UNASSIGNED,514,512,512,NO_RECORDED_FACTOR_PRP_OR_LL_RESULT_AND_NO_ACTIVE_GIMPS_ASSIGNMENT,2026-08-09T09:12:31+00:00,UNALLOCATED,,,,,
SLCMP2607-0014,14,14,794000567,2^794000567-1,STRUCTURAL_SCREEN_EXHAUSTED_PRIMALITY_UNASSIGNED,GF3A_DIRECTIONAL_WRITE_EXHAUSTED_PRIMALITY_UNASSIGNED,514,512,512,NO_RECORDED_FACTOR_PRP_OR_LL_RESULT_AND_NO_ACTIVE_GIMPS_ASSIGNMENT,2026-08-09T09:12:31+00:00,UNALLOCATED,,,,,
SLCMP2607-0015,15,15,794000617,2^794000617-1,STRUCTURAL_SCREEN_EXHAUSTED_PRIMALITY_UNASSIGNED,GF3A_DIRECTIONAL_WRITE_EXHAUSTED_PRIMALITY_UNASSIGNED,513,512,512,NO_RECORDED_FACTOR_PRP_OR_LL_RESULT_AND_NO_ACTIVE_GIMPS_ASSIGNMENT,2026-08-09T09:12:31+00:00,UNALLOCATED,,,,,
SLCMP2607-0016,16,16,794000621,2^794000621-1,STRUCTURAL_SCREEN_EXHAUSTED_PRIMALITY_UNASSIGNED,GF3A_DIRECTIONAL_WRITE_EXHAUSTED_PRIMALITY_UNASSIGNED,513,512,512,NO_RECORDED_FACTOR_PRP_OR_LL_RESULT_AND_NO_ACTIVE_GIMPS_ASSIGNMENT,2026-08-09T09:12:31+00:00,UNALLOCATED,,,,,
SLCMP2607-0017,17,17,794000651,2^794000651-1,STRUCTURAL_SCREEN_EXHAUSTED_PRIMALITY_UNASSIGNED,GF3A_DIRECTIONAL_WRITE_EXHAUSTED_PRIMALITY_UNASSIGNED,514,512,512,NO_RECORDED_FACTOR_PRP_OR_LL_RESULT_AND_NO_ACTIVE_GIMPS_ASSIGNMENT,2026-08-09T09:12:31+00:00,UNALLOCATED,,,,,
SLCMP2607-0018,18,18,794000731,2^794000731-1,STRUCTURAL_SCREEN_EXHAUSTED_PRIMALITY_UNASSIGNED,GF3A_DIRECTIONAL_WRITE_EXHAUSTED_PRIMALITY_UNASSIGNED,514,512,512,NO_RECORDED_FACTOR_PRP_OR_LL_RESULT_AND_NO_ACTIVE_GIMPS_ASSIGNMENT,2026-08-09T09:12:31+00:00,UNALLOCATED,,,,,
SLCMP2607-0019,19,19,794000743,2^794000743-1,STRUCTURAL_SCREEN_EXHAUSTED_PRIMALITY_UNASSIGNED,GF3A_DIRECTIONAL_WRITE_EXHAUSTED_PRIMALITY_UNASSIGNED,514,512,512,NO_RECORDED_FACTOR_PRP_OR_LL_RESULT_AND_NO_ACTIVE_GIMPS_ASSIGNMENT,2026-08-09T09:12:31+00:00,UNALLOCATED,,,,,
SLCMP2607-0020,20,20,794000761,2^794000761-1,STRUCTURAL_SCREEN_EXHAUSTED_PRIMALITY_UNASSIGNED,GF3A_DIRECTIONAL_WRITE_EXHAUSTED_PRIMALITY_UNASSIGNED,513,512,512,NO_RECORDED_FACTOR_PRP_OR_LL_RESULT_AND_NO_ACTIVE_GIMPS_ASSIGNMENT,2026-08-09T09:12:31+00:00,UNALLOCATED,,,,,
SLCMP2607-0021,21,21,794000771,2^794000771-1,STRUCTURAL_SCREEN_EXHAUSTED_PRIMALITY_UNASSIGNED,GF3A_DIRECTIONAL_WRITE_EXHAUSTED_PRIMALITY_UNASSIGNED,514,512,512,NO_RECORDED_FACTOR_PRP_OR_LL_RESULT_AND_NO_ACTIVE_GIMPS_ASSIGNMENT,2026-08-09T09:12:31+00:00,UNALLOCATED,,,,,
SLCMP2607-0022,22,22,794000783,2^794000783-1,STRUCTURAL_SCREEN_EXHAUSTED_PRIMALITY_UNASSIGNED,GF3A_DIRECTIONAL_WRITE_EXHAUSTED_PRIMALITY_UNASSIGNED,514,512,512,NO_RECORDED_FACTOR_PRP_OR_LL_RESULT_AND_NO_ACTIVE_GIMPS_ASSIGNMENT,2026-08-09T09:12:31+00:00,UNALLOCATED,,,,,
SLCMP2607-0023,23,23,794000821,2^794000821-1,STRUCTURAL_SCREEN_EXHAUSTED_PRIMALITY_UNASSIGNED,GF3A_DIRECTIONAL_WRITE_EXHAUSTED_PRIMALITY_UNASSIGNED,513,512,512,NO_RECORDED_FACTOR_PRP_OR_LL_RESULT_AND_NO_ACTIVE_GIMPS_ASSIGNMENT,2026-08-09T09:12:31+00:00,UNALLOCATED,,,,,
SLCMP2607-0024,24,24,794000843,2^794000843-1,STRUCTURAL_SCREEN_EXHAUSTED_PRIMALITY_UNASSIGNED,GF3A_DIRECTIONAL_WRITE_EXHAUSTED_PRIMALITY_UNASSIGNED,514,512,512,NO_RECORDED_FACTOR_PRP_OR_LL_RESULT_AND_NO_ACTIVE_GIMPS_ASSIGNMENT,2026-08-09T09:12:31+00:00,UNALLOCATED,,,,,
SLCMP2607-0025,25,25,794000903,2^794000903-1,STRUCTURAL_SCREEN_EXHAUSTED_PRIMALITY_UNASSIGNED,GF3A_DIRECTIONAL_WRITE_EXHAUSTED_PRIMALITY_UNASSIGNED,514,512,512,NO_RECORDED_FACTOR_PRP_OR_LL_RESULT_AND_NO_ACTIVE_GIMPS_ASSIGNMENT,2026-08-09T09:12:31+00:00,UNALLOCATED,,,,,
SLCMP2607-0026,26,26,794000927,2^794000927-1,STRUCTURAL_SCREEN_EXHAUSTED_PRIMALITY_UNASSIGNED,GF3A_DIRECTIONAL_WRITE_EXHAUSTED_PRIMALITY_UNASSIGNED,514,512,512,NO_RECORDED_FACTOR_PRP_OR_LL_RESULT_AND_NO_ACTIVE_GIMPS_ASSIGNMENT,2026-08-09T09:12:31+00:00,UNALLOCATED,,,,,
SLCMP2607-0027,27,27,794000953,2^794000953-1,STRUCTURAL_SCREEN_EXHAUSTED_PRIMALITY_UNASSIGNED,GF3A_DIRECTIONAL_WRITE_EXHAUSTED_PRIMALITY_UNASSIGNED,513,512,512,NO_RECORDED_FACTOR_PRP_OR_LL_RESULT_AND_NO_ACTIVE_GIMPS_ASSIGNMENT,2026-08-09T09:12:31+00:00,UNALLOCATED,,,,,
SLCMP2607-0028,28,28,794000971,2^794000971-1,STRUCTURAL_SCREEN_EXHAUSTED_PRIMALITY_UNASSIGNED,GF3A_DIRECTIONAL_WRITE_EXHAUSTED_PRIMALITY_UNASSIGNED,514,512,512,NO_RECORDED_FACTOR_PRP_OR_LL_RESULT_AND_NO_ACTIVE_GIMPS_ASSIGNMENT,2026-08-09T09:12:31+00:00,UNALLOCATED,,,,,
SLCMP2607-0029,29,29,794001011,2^794001011-1,STRUCTURAL_SCREEN_EXHAUSTED_PRIMALITY_UNASSIGNED,GF3A_DIRECTIONAL_WRITE_EXHAUSTED_PRIMALITY_UNASSIGNED,514,512,512,NO_RECORDED_FACTOR_PRP_OR_LL_RESULT_AND_NO_ACTIVE_GIMPS_ASSIGNMENT,2026-08-09T09:12:31+00:00,UNALLOCATED,,,,,
SLCMP2607-0030,30,30,794001037,2^794001037-1,STRUCTURAL_SCREEN_EXHAUSTED_PRIMALITY_UNASSIGNED,GF3A_DIRECTIONAL_WRITE_EXHAUSTED_PRIMALITY_UNASSIGNED,513,512,512,NO_RECORDED_FACTOR_PRP_OR_LL_RESULT_AND_NO_ACTIVE_GIMPS_ASSIGNMENT,2026-08-09T09:12:31+00:00,UNALLOCATED,,,,,
SLCMP2607-0031,31,31,794001083,2^794001083-1,STRUCTURAL_SCREEN_EXHAUSTED_PRIMALITY_UNASSIGNED,GF3A_DIRECTIONAL_WRITE_EXHAUSTED_PRIMALITY_UNASSIGNED,514,512,512,NO_RECORDED_FACTOR_PRP_OR_LL_RESULT_AND_NO_ACTIVE_GIMPS_ASSIGNMENT,2026-08-09T09:12:31+00:00,UNALLOCATED,,,,,
SLCMP2607-0032,32,32,794001277,2^794001277-1,STRUCTURAL_SCREEN_EXHAUSTED_PRIMALITY_UNASSIGNED,GF3A_DIRECTIONAL_WRITE_EXHAUSTED_PRIMALITY_UNASSIGNED,513,512,512,NO_RECORDED_FACTOR_PRP_OR_LL_RESULT_AND_NO_ACTIVE_GIMPS_ASSIGNMENT,2026-08-09T09:12:31+00:00,UNALLOCATED,,,,,
SLCMP2607-0033,33,33,794001283,2^794001283-1,STRUCTURAL_SCREEN_EXHAUSTED_PRIMALITY_UNASSIGNED,GF3A_DIRECTIONAL_WRITE_EXHAUSTED_PRIMALITY_UNASSIGNED,514,512,512,NO_RECORDED_FACTOR_PRP_OR_LL_RESULT_AND_NO_ACTIVE_GIMPS_ASSIGNMENT,2026-08-09T09:12:31+00:00,UNALLOCATED,,,,,
SLCMP2607-0034,34,34,794001451,2^794001451-1,STRUCTURAL_SCREEN_EXHAUSTED_PRIMALITY_UNASSIGNED,GF3A_DIRECTIONAL_WRITE_EXHAUSTED_PRIMALITY_UNASSIGNED,514,512,512,NO_RECORDED_FACTOR_PRP_OR_LL_RESULT_AND_NO_ACTIVE_GIMPS_ASSIGNMENT,2026-08-09T09:12:31+00:00,UNALLOCATED,,,,,
SLCMP2607-0035,35,35,794001457,2^794001457-1,STRUCTURAL_SCREEN_EXHAUSTED_PRIMALITY_UNASSIGNED,GF3A_DIRECTIONAL_WRITE_EXHAUSTED_PRIMALITY_UNASSIGNED,513,512,512,NO_RECORDED_FACTOR_PRP_OR_LL_RESULT_AND_NO_ACTIVE_GIMPS_ASSIGNMENT,2026-08-09T09:12:31+00:00,UNALLOCATED,,,,,
SLCMP2607-0036,36,36,794001491,2^794001491-1,STRUCTURAL_SCREEN_EXHAUSTED_PRIMALITY_UNASSIGNED,GF3A_DIRECTIONAL_WRITE_EXHAUSTED_PRIMALITY_UNASSIGNED,514,512,512,NO_RECORDED_FACTOR_PRP_OR_LL_RESULT_AND_NO_ACTIVE_GIMPS_ASSIGNMENT,2026-08-09T09:12:31+00:00,UNALLOCATED,,,,,
SLCMP2607-0037,37,37,794001557,2^794001557-1,STRUCTURAL_SCREEN_EXHAUSTED_PRIMALITY_UNASSIGNED,GF3A_DIRECTIONAL_WRITE_EXHAUSTED_PRIMALITY_UNASSIGNED,513,512,512,NO_RECORDED_FACTOR_PRP_OR_LL_RESULT_AND_NO_ACTIVE_GIMPS_ASSIGNMENT,2026-08-09T09:12:31+00:00,UNALLOCATED,,,,,
SLCMP2607-0038,38,38,794001623,2^794001623-1,STRUCTURAL_SCREEN_EXHAUSTED_PRIMALITY_UNASSIGNED,GF3A_DIRECTIONAL_WRITE_EXHAUSTED_PRIMALITY_UNASSIGNED,514,512,512,NO_RECORDED_FACTOR_PRP_OR_LL_RESULT_AND_NO_ACTIVE_GIMPS_ASSIGNMENT,2026-08-09T09:12:31+00:00,UNALLOCATED,,,,,
SLCMP2607-0039,39,39,794001647,2^794001647-1,STRUCTURAL_SCREEN_EXHAUSTED_PRIMALITY_UNASSIGNED,GF3A_DIRECTIONAL_WRITE_EXHAUSTED_PRIMALITY_UNASSIGNED,514,512,512,NO_RECORDED_FACTOR_PRP_OR_LL_RESULT_AND_NO_ACTIVE_GIMPS_ASSIGNMENT,2026-08-09T09:12:31+00:00,UNALLOCATED,,,,,
SLCMP2607-0040,40,40,794001673,2^794001673-1,STRUCTURAL_SCREEN_EXHAUSTED_PRIMALITY_UNASSIGNED,GF3A_DIRECTIONAL_WRITE_EXHAUSTED_PRIMALITY_UNASSIGNED,513,512,512,NO_RECORDED_FACTOR_PRP_OR_LL_RESULT_AND_NO_ACTIVE_GIMPS_ASSIGNMENT,2026-08-09T09:12:31+00:00,UNALLOCATED,,,,,
SLCMP2607-0041,41,41,794002007,2^794002007-1,STRUCTURAL_SCREEN_EXHAUSTED_PRIMALITY_UNASSIGNED,GF3A_DIRECTIONAL_WRITE_EXHAUSTED_PRIMALITY_UNASSIGNED,514,512,512,NO_RECORDED_FACTOR_PRP_OR_LL_RESULT_AND_NO_ACTIVE_GIMPS_ASSIGNMENT,2026-08-09T09:12:31+00:00,UNALLOCATED,,,,,
SLCMP2607-0042,42,42,794002031,2^794002031-1,STRUCTURAL_SCREEN_EXHAUSTED_PRIMALITY_UNASSIGNED,GF3A_DIRECTIONAL_WRITE_EXHAUSTED_PRIMALITY_UNASSIGNED,514,512,512,NO_RECORDED_FACTOR_PRP_OR_LL_RESULT_AND_NO_ACTIVE_GIMPS_ASSIGNMENT,2026-08-09T09:12:31+00:00,UNALLOCATED,,,,,
SLCMP2607-0043,43,43,794002057,2^794002057-1,STRUCTURAL_SCREEN_EXHAUSTED_PRIMALITY_UNASSIGNED,GF3A_DIRECTIONAL_WRITE_EXHAUSTED_PRIMALITY_UNASSIGNED,513,512,512,NO_RECORDED_FACTOR_PRP_OR_LL_RESULT_AND_NO_ACTIVE_GIMPS_ASSIGNMENT,2026-08-09T09:12:31+00:00,UNALLOCATED,,,,,
SLCMP2607-0044,44,44,794002103,2^794002103-1,STRUCTURAL_SCREEN_EXHAUSTED_PRIMALITY_UNASSIGNED,GF3A_DIRECTIONAL_WRITE_EXHAUSTED_PRIMALITY_UNASSIGNED,514,512,512,NO_RECORDED_FACTOR_PRP_OR_LL_RESULT_AND_NO_ACTIVE_GIMPS_ASSIGNMENT,2026-08-09T09:12:31+00:00,UNALLOCATED,,,,,
SLCMP2607-0045,45,45,794002127,2^794002127-1,STRUCTURAL_SCREEN_EXHAUSTED_PRIMALITY_UNASSIGNED,GF3A_DIRECTIONAL_WRITE_EXHAUSTED_PRIMALITY_UNASSIGNED,514,512,512,NO_RECORDED_FACTOR_PRP_OR_LL_RESULT_AND_NO_ACTIVE_GIMPS_ASSIGNMENT,2026-08-09T09:12:31+00:00,UNALLOCATED,,,,,
SLCMP2607-0046,46,46,794002141,2^794002141-1,STRUCTURAL_SCREEN_EXHAUSTED_PRIMALITY_UNASSIGNED,GF3A_DIRECTIONAL_WRITE_EXHAUSTED_PRIMALITY_UNASSIGNED,513,512,512,NO_RECORDED_FACTOR_PRP_OR_LL_RESULT_AND_NO_ACTIVE_GIMPS_ASSIGNMENT,2026-08-09T09:12:31+00:00,UNALLOCATED,,,,,
SLCMP2607-0047,47,47,794002241,2^794002241-1,STRUCTURAL_SCREEN_EXHAUSTED_PRIMALITY_UNASSIGNED,GF3A_DIRECTIONAL_WRITE_EXHAUSTED_PRIMALITY_UNASSIGNED,513,512,512,NO_RECORDED_FACTOR_PRP_OR_LL_RESULT_AND_NO_ACTIVE_GIMPS_ASSIGNMENT,2026-08-09T09:12:31+00:00,UNALLOCATED,,,,,
SLCMP2607-0048,48,48,794002249,2^794002249-1,STRUCTURAL_SCREEN_EXHAUSTED_PRIMALITY_UNASSIGNED,GF3A_DIRECTIONAL_WRITE_EXHAUSTED_PRIMALITY_UNASSIGNED,513,512,512,NO_RECORDED_FACTOR_PRP_OR_LL_RESULT_AND_NO_ACTIVE_GIMPS_ASSIGNMENT,2026-08-09T09:12:31+00:00,UNALLOCATED,,,,,
SLCMP2607-0049,49,49,794002369,2^794002369-1,STRUCTURAL_SCREEN_EXHAUSTED_PRIMALITY_UNASSIGNED,GF3A_DIRECTIONAL_WRITE_EXHAUSTED_PRIMALITY_UNASSIGNED,513,512,512,NO_RECORDED_FACTOR_PRP_OR_LL_RESULT_AND_NO_ACTIVE_GIMPS_ASSIGNMENT,2026-08-09T09:12:31+00:00,UNALLOCATED,,,,,
SLCMP2607-0050,50,50,794002409,2^794002409-1,STRUCTURAL_SCREEN_EXHAUSTED_PRIMALITY_UNASSIGNED,GF3A_DIRECTIONAL_WRITE_EXHAUSTED_PRIMALITY_UNASSIGNED,513,512,512,NO_RECORDED_FACTOR_PRP_OR_LL_RESULT_AND_NO_ACTIVE_GIMPS_ASSIGNMENT,2026-08-09T09:12:31+00:00,UNALLOCATED,,,,,
SLCMP2607-0051,51,51,794002519,2^794002519-1,STRUCTURAL_SCREEN_EXHAUSTED_PRIMALITY_UNASSIGNED,GF3A_DIRECTIONAL_WRITE_EXHAUSTED_PRIMALITY_UNASSIGNED,514,512,512,NO_RECORDED_FACTOR_PRP_OR_LL_RESULT_AND_NO_ACTIVE_GIMPS_ASSIGNMENT,2026-08-09T09:12:31+00:00,UNALLOCATED,,,,,
SLCMP2607-0052,52,52,794002549,2^794002549-1,STRUCTURAL_SCREEN_EXHAUSTED_PRIMALITY_UNASSIGNED,GF3A_DIRECTIONAL_WRITE_EXHAUSTED_PRIMALITY_UNASSIGNED,513,512,512,NO_RECORDED_FACTOR_PRP_OR_LL_RESULT_AND_NO_ACTIVE_GIMPS_ASSIGNMENT,2026-08-09T09:12:31+00:00,UNALLOCATED,,,,,
SLCMP2607-0053,53,53,794002577,2^794002577-1,STRUCTURAL_SCREEN_EXHAUSTED_PRIMALITY_UNASSIGNED,GF3A_DIRECTIONAL_WRITE_EXHAUSTED_PRIMALITY_UNASSIGNED,513,512,512,NO_RECORDED_FACTOR_PRP_OR_LL_RESULT_AND_NO_ACTIVE_GIMPS_ASSIGNMENT,2026-08-09T09:12:31+00:00,UNALLOCATED,,,,,
SLCMP2607-0054,54,54,794002621,2^794002621-1,STRUCTURAL_SCREEN_EXHAUSTED_PRIMALITY_UNASSIGNED,GF3A_DIRECTIONAL_WRITE_EXHAUSTED_PRIMALITY_UNASSIGNED,513,512,512,NO_RECORDED_FACTOR_PRP_OR_LL_RESULT_AND_NO_ACTIVE_GIMPS_ASSIGNMENT,2026-08-09T09:12:31+00:00,UNALLOCATED,,,,,
SLCMP2607-0055,55,55,794002753,2^794002753-1,STRUCTURAL_SCREEN_EXHAUSTED_PRIMALITY_UNASSIGNED,GF3A_DIRECTIONAL_WRITE_EXHAUSTED_PRIMALITY_UNASSIGNED,513,512,512,NO_RECORDED_FACTOR_PRP_OR_LL_RESULT_AND_NO_ACTIVE_GIMPS_ASSIGNMENT,2026-08-09T09:12:31+00:00,UNALLOCATED,,,,,
SLCMP2607-0056,56,56,794002771,2^794002771-1,STRUCTURAL_SCREEN_EXHAUSTED_PRIMALITY_UNASSIGNED,GF3A_DIRECTIONAL_WRITE_EXHAUSTED_PRIMALITY_UNASSIGNED,514,512,512,NO_RECORDED_FACTOR_PRP_OR_LL_RESULT_AND_NO_ACTIVE_GIMPS_ASSIGNMENT,2026-08-09T09:12:31+00:00,UNALLOCATED,,,,,
SLCMP2607-0057,57,57,794002877,2^794002877-1,STRUCTURAL_SCREEN_EXHAUSTED_PRIMALITY_UNASSIGNED,GF3A_DIRECTIONAL_WRITE_EXHAUSTED_PRIMALITY_UNASSIGNED,513,512,512,NO_RECORDED_FACTOR_PRP_OR_LL_RESULT_AND_NO_ACTIVE_GIMPS_ASSIGNMENT,2026-08-09T09:12:31+00:00,UNALLOCATED,,,,,
SLCMP2607-0058,58,58,794002879,2^794002879-1,STRUCTURAL_SCREEN_EXHAUSTED_PRIMALITY_UNASSIGNED,GF3A_DIRECTIONAL_WRITE_EXHAUSTED_PRIMALITY_UNASSIGNED,514,512,512,NO_RECORDED_FACTOR_PRP_OR_LL_RESULT_AND_NO_ACTIVE_GIMPS_ASSIGNMENT,2026-08-09T09:12:31+00:00,UNALLOCATED,,,,,
SLCMP2607-0059,59,59,794002973,2^794002973-1,STRUCTURAL_SCREEN_EXHAUSTED_PRIMALITY_UNASSIGNED,GF3A_DIRECTIONAL_WRITE_EXHAUSTED_PRIMALITY_UNASSIGNED,513,512,512,NO_RECORDED_FACTOR_PRP_OR_LL_RESULT_AND_NO_ACTIVE_GIMPS_ASSIGNMENT,2026-08-09T09:12:31+00:00,UNALLOCATED,,,,,
SLCMP2607-0060,60,60,794002991,2^794002991-1,STRUCTURAL_SCREEN_EXHAUSTED_PRIMALITY_UNASSIGNED,GF3A_DIRECTIONAL_WRITE_EXHAUSTED_PRIMALITY_UNASSIGNED,514,512,512,NO_RECORDED_FACTOR_PRP_OR_LL_RESULT_AND_NO_ACTIVE_GIMPS_ASSIGNMENT,2026-08-09T09:12:31+00:00,UNALLOCATED,,,,,
SLCMP2607-0061,61,61,794003059,2^794003059-1,STRUCTURAL_SCREEN_EXHAUSTED_PRIMALITY_UNASSIGNED,GF3A_DIRECTIONAL_WRITE_EXHAUSTED_PRIMALITY_UNASSIGNED,514,512,512,NO_RECORDED_FACTOR_PRP_OR_LL_RESULT_AND_NO_ACTIVE_GIMPS_ASSIGNMENT,2026-08-09T09:12:31+00:00,UNALLOCATED,,,,,
SLCMP2607-0062,62,62,794003129,2^794003129-1,STRUCTURAL_SCREEN_EXHAUSTED_PRIMALITY_UNASSIGNED,GF3A_DIRECTIONAL_WRITE_EXHAUSTED_PRIMALITY_UNASSIGNED,513,512,512,NO_RECORDED_FACTOR_PRP_OR_LL_RESULT_AND_NO_ACTIVE_GIMPS_ASSIGNMENT,2026-08-09T09:12:31+00:00,UNALLOCATED,,,,,
SLCMP2607-0063,63,63,794003159,2^794003159-1,STRUCTURAL_SCREEN_EXHAUSTED_PRIMALITY_UNASSIGNED,GF3A_DIRECTIONAL_WRITE_EXHAUSTED_PRIMALITY_UNASSIGNED,514,512,512,NO_RECORDED_FACTOR_PRP_OR_LL_RESULT_AND_NO_ACTIVE_GIMPS_ASSIGNMENT,2026-08-09T09:12:31+00:00,UNALLOCATED,,,,,
SLCMP2607-0064,64,64,794003281,2^794003281-1,STRUCTURAL_SCREEN_EXHAUSTED_PRIMALITY_UNASSIGNED,GF3A_DIRECTIONAL_WRITE_EXHAUSTED_PRIMALITY_UNASSIGNED,513,512,512,NO_RECORDED_FACTOR_PRP_OR_LL_RESULT_AND_NO_ACTIVE_GIMPS_ASSIGNMENT,2026-08-09T09:12:31+00:00,UNALLOCATED,,,,,
SLCMP2607-0065,65,65,794003323,2^794003323-1,STRUCTURAL_SCREEN_EXHAUSTED_PRIMALITY_UNASSIGNED,GF3A_DIRECTIONAL_WRITE_EXHAUSTED_PRIMALITY_UNASSIGNED,514,512,512,NO_RECORDED_FACTOR_PRP_OR_LL_RESULT_AND_NO_ACTIVE_GIMPS_ASSIGNMENT,2026-08-09T09:12:31+00:00,UNALLOCATED,,,,,
SLCMP2607-0066,66,66,794003363,2^794003363-1,STRUCTURAL_SCREEN_EXHAUSTED_PRIMALITY_UNASSIGNED,GF3A_DIRECTIONAL_WRITE_EXHAUSTED_PRIMALITY_UNASSIGNED,514,512,512,NO_RECORDED_FACTOR_PRP_OR_LL_RESULT_AND_NO_ACTIVE_GIMPS_ASSIGNMENT,2026-08-09T09:12:31+00:00,UNALLOCATED,,,,,
SLCMP2607-0067,67,67,794003453,2^794003453-1,STRUCTURAL_SCREEN_EXHAUSTED_PRIMALITY_UNASSIGNED,GF3A_DIRECTIONAL_WRITE_EXHAUSTED_PRIMALITY_UNASSIGNED,513,512,512,NO_RECORDED_FACTOR_PRP_OR_LL_RESULT_AND_NO_ACTIVE_GIMPS_ASSIGNMENT,2026-08-09T09:12:31+00:00,UNALLOCATED,,,,,
SLCMP2607-0068,68,68,794003467,2^794003467-1,STRUCTURAL_SCREEN_EXHAUSTED_PRIMALITY_UNASSIGNED,GF3A_DIRECTIONAL_WRITE_EXHAUSTED_PRIMALITY_UNASSIGNED,514,512,512,NO_RECORDED_FACTOR_PRP_OR_LL_RESULT_AND_NO_ACTIVE_GIMPS_ASSIGNMENT,2026-08-09T09:12:31+00:00,UNALLOCATED,,,,,
SLCMP2607-0069,69,69,794003489,2^794003489-1,STRUCTURAL_SCREEN_EXHAUSTED_PRIMALITY_UNASSIGNED,GF3A_DIRECTIONAL_WRITE_EXHAUSTED_PRIMALITY_UNASSIGNED,513,512,512,NO_RECORDED_FACTOR_PRP_OR_LL_RESULT_AND_NO_ACTIVE_GIMPS_ASSIGNMENT,2026-08-09T09:12:31+00:00,UNALLOCATED,,,,,
SLCMP2607-0070,70,70,794003501,2^794003501-1,STRUCTURAL_SCREEN_EXHAUSTED_PRIMALITY_UNASSIGNED,GF3A_DIRECTIONAL_WRITE_EXHAUSTED_PRIMALITY_UNASSIGNED,513,512,512,NO_RECORDED_FACTOR_PRP_OR_LL_RESULT_AND_NO_ACTIVE_GIMPS_ASSIGNMENT,2026-08-09T09:12:31+00:00,UNALLOCATED,,,,,
SLCMP2607-0071,71,71,794003543,2^794003543-1,STRUCTURAL_SCREEN_EXHAUSTED_PRIMALITY_UNASSIGNED,GF3A_DIRECTIONAL_WRITE_EXHAUSTED_PRIMALITY_UNASSIGNED,514,512,512,NO_RECORDED_FACTOR_PRP_OR_LL_RESULT_AND_NO_ACTIVE_GIMPS_ASSIGNMENT,2026-08-09T09:12:31+00:00,UNALLOCATED,,,,,
SLCMP2607-0072,72,72,794003593,2^794003593-1,STRUCTURAL_SCREEN_EXHAUSTED_PRIMALITY_UNASSIGNED,GF3A_DIRECTIONAL_WRITE_EXHAUSTED_PRIMALITY_UNASSIGNED,513,512,512,NO_RECORDED_FACTOR_PRP_OR_LL_RESULT_AND_NO_ACTIVE_GIMPS_ASSIGNMENT,2026-08-09T09:12:31+00:00,UNALLOCATED,,,,,
SLCMP2607-0073,73,73,794003701,2^794003701-1,STRUCTURAL_SCREEN_EXHAUSTED_PRIMALITY_UNASSIGNED,GF3A_DIRECTIONAL_WRITE_EXHAUSTED_PRIMALITY_UNASSIGNED,513,512,512,NO_RECORDED_FACTOR_PRP_OR_LL_RESULT_AND_NO_ACTIVE_GIMPS_ASSIGNMENT,2026-08-09T09:12:31+00:00,UNALLOCATED,,,,,
SLCMP2607-0074,74,74,794003797,2^794003797-1,STRUCTURAL_SCREEN_EXHAUSTED_PRIMALITY_UNASSIGNED,GF3A_DIRECTIONAL_WRITE_EXHAUSTED_PRIMALITY_UNASSIGNED,513,512,512,NO_RECORDED_FACTOR_PRP_OR_LL_RESULT_AND_NO_ACTIVE_GIMPS_ASSIGNMENT,2026-08-09T09:12:31+00:00,UNALLOCATED,,,,,
SLCMP2607-0075,75,75,794003897,2^794003897-1,STRUCTURAL_SCREEN_EXHAUSTED_PRIMALITY_UNASSIGNED,GF3A_DIRECTIONAL_WRITE_EXHAUSTED_PRIMALITY_UNASSIGNED,513,512,512,NO_RECORDED_FACTOR_PRP_OR_LL_RESULT_AND_NO_ACTIVE_GIMPS_ASSIGNMENT,2026-08-09T09:12:31+00:00,UNALLOCATED,,,,,
SLCMP2607-0076,76,76,794003911,2^794003911-1,STRUCTURAL_SCREEN_EXHAUSTED_PRIMALITY_UNASSIGNED,GF3A_DIRECTIONAL_WRITE_EXHAUSTED_PRIMALITY_UNASSIGNED,514,512,512,NO_RECORDED_FACTOR_PRP_OR_LL_RESULT_AND_NO_ACTIVE_GIMPS_ASSIGNMENT,2026-08-09T09:12:31+00:00,UNALLOCATED,,,,,
SLCMP2607-0077,77,77,794004047,2^794004047-1,STRUCTURAL_SCREEN_EXHAUSTED_PRIMALITY_UNASSIGNED,GF3A_DIRECTIONAL_WRITE_EXHAUSTED_PRIMALITY_UNASSIGNED,514,512,512,NO_RECORDED_FACTOR_PRP_OR_LL_RESULT_AND_NO_ACTIVE_GIMPS_ASSIGNMENT,2026-08-09T09:12:31+00:00,UNALLOCATED,,,,,
SLCMP2607-0078,78,78,794004161,2^794004161-1,STRUCTURAL_SCREEN_EXHAUSTED_PRIMALITY_UNASSIGNED,GF3A_DIRECTIONAL_WRITE_EXHAUSTED_PRIMALITY_UNASSIGNED,513,512,512,NO_RECORDED_FACTOR_PRP_OR_LL_RESULT_AND_NO_ACTIVE_GIMPS_ASSIGNMENT,2026-08-09T09:12:31+00:00,UNALLOCATED,,,,,
SLCMP2607-0079,79,79,794004173,2^794004173-1,STRUCTURAL_SCREEN_EXHAUSTED_PRIMALITY_UNASSIGNED,GF3A_DIRECTIONAL_WRITE_EXHAUSTED_PRIMALITY_UNASSIGNED,513,512,512,NO_RECORDED_FACTOR_PRP_OR_LL_RESULT_AND_NO_ACTIVE_GIMPS_ASSIGNMENT,2026-08-09T09:12:31+00:00,UNALLOCATED,,,,,
SLCMP2607-0080,80,80,794004353,2^794004353-1,STRUCTURAL_SCREEN_EXHAUSTED_PRIMALITY_UNASSIGNED,GF3A_DIRECTIONAL_WRITE_EXHAUSTED_PRIMALITY_UNASSIGNED,513,512,512,NO_RECORDED_FACTOR_PRP_OR_LL_RESULT_AND_NO_ACTIVE_GIMPS_ASSIGNMENT,2026-08-09T09:12:31+00:00,UNALLOCATED,,,,,
SLCMP2607-0081,81,81,794004371,2^794004371-1,STRUCTURAL_SCREEN_EXHAUSTED_PRIMALITY_UNASSIGNED,GF3A_DIRECTIONAL_WRITE_EXHAUSTED_PRIMALITY_UNASSIGNED,514,512,512,NO_RECORDED_FACTOR_PRP_OR_LL_RESULT_AND_NO_ACTIVE_GIMPS_ASSIGNMENT,2026-08-09T09:12:31+00:00,UNALLOCATED,,,,,
SLCMP2607-0082,82,82,794004451,2^794004451-1,STRUCTURAL_SCREEN_EXHAUSTED_PRIMALITY_UNASSIGNED,GF3A_DIRECTIONAL_WRITE_EXHAUSTED_PRIMALITY_UNASSIGNED,514,512,512,NO_RECORDED_FACTOR_PRP_OR_LL_RESULT_AND_NO_ACTIVE_GIMPS_ASSIGNMENT,2026-08-09T09:12:31+00:00,UNALLOCATED,,,,,
SLCMP2607-0083,83,83,794004469,2^794004469-1,STRUCTURAL_SCREEN_EXHAUSTED_PRIMALITY_UNASSIGNED,GF3A_DIRECTIONAL_WRITE_EXHAUSTED_PRIMALITY_UNASSIGNED,513,512,512,NO_RECORDED_FACTOR_PRP_OR_LL_RESULT_AND_NO_ACTIVE_GIMPS_ASSIGNMENT,2026-08-09T09:12:31+00:00,UNALLOCATED,,,,,
SLCMP2607-0084,84,84,794004553,2^794004553-1,STRUCTURAL_SCREEN_EXHAUSTED_PRIMALITY_UNASSIGNED,GF3A_DIRECTIONAL_WRITE_EXHAUSTED_PRIMALITY_UNASSIGNED,513,512,512,NO_RECORDED_FACTOR_PRP_OR_LL_RESULT_AND_NO_ACTIVE_GIMPS_ASSIGNMENT,2026-08-09T09:12:31+00:00,UNALLOCATED,,,,,
SLCMP2607-0085,85,85,794004583,2^794004583-1,STRUCTURAL_SCREEN_EXHAUSTED_PRIMALITY_UNASSIGNED,GF3A_DIRECTIONAL_WRITE_EXHAUSTED_PRIMALITY_UNASSIGNED,514,512,512,NO_RECORDED_FACTOR_PRP_OR_LL_RESULT_AND_NO_ACTIVE_GIMPS_ASSIGNMENT,2026-08-09T09:12:31+00:00,UNALLOCATED,,,,,
SLCMP2607-0086,86,86,794004593,2^794004593-1,STRUCTURAL_SCREEN_EXHAUSTED_PRIMALITY_UNASSIGNED,GF3A_DIRECTIONAL_WRITE_EXHAUSTED_PRIMALITY_UNASSIGNED,513,512,512,NO_RECORDED_FACTOR_PRP_OR_LL_RESULT_AND_NO_ACTIVE_GIMPS_ASSIGNMENT,2026-08-09T09:12:31+00:00,UNALLOCATED,,,,,
SLCMP2607-0087,87,87,794004677,2^794004677-1,STRUCTURAL_SCREEN_EXHAUSTED_PRIMALITY_UNASSIGNED,GF3A_DIRECTIONAL_WRITE_EXHAUSTED_PRIMALITY_UNASSIGNED,513,512,512,NO_RECORDED_FACTOR_PRP_OR_LL_RESULT_AND_NO_ACTIVE_GIMPS_ASSIGNMENT,2026-08-09T09:12:31+00:00,UNALLOCATED,,,,,
SLCMP2607-0088,88,88,794004709,2^794004709-1,STRUCTURAL_SCREEN_EXHAUSTED_PRIMALITY_UNASSIGNED,GF3A_DIRECTIONAL_WRITE_EXHAUSTED_PRIMALITY_UNASSIGNED,513,512,512,NO_RECORDED_FACTOR_PRP_OR_LL_RESULT_AND_NO_ACTIVE_GIMPS_ASSIGNMENT,2026-08-09T09:12:31+00:00,UNALLOCATED,,,,,
SLCMP2607-0089,89,89,794004773,2^794004773-1,STRUCTURAL_SCREEN_EXHAUSTED_PRIMALITY_UNASSIGNED,GF3A_DIRECTIONAL_WRITE_EXHAUSTED_PRIMALITY_UNASSIGNED,513,512,512,NO_RECORDED_FACTOR_PRP_OR_LL_RESULT_AND_NO_ACTIVE_GIMPS_ASSIGNMENT,2026-08-09T09:12:31+00:00,UNALLOCATED,,,,,
SLCMP2607-0090,90,90,794004787,2^794004787-1,STRUCTURAL_SCREEN_EXHAUSTED_PRIMALITY_UNASSIGNED,GF3A_DIRECTIONAL_WRITE_EXHAUSTED_PRIMALITY_UNASSIGNED,514,512,512,NO_RECORDED_FACTOR_PRP_OR_LL_RESULT_AND_NO_ACTIVE_GIMPS_ASSIGNMENT,2026-08-09T09:12:31+00:00,UNALLOCATED,,,,,
SLCMP2607-0091,91,91,794004821,2^794004821-1,STRUCTURAL_SCREEN_EXHAUSTED_PRIMALITY_UNASSIGNED,GF3A_DIRECTIONAL_WRITE_EXHAUSTED_PRIMALITY_UNASSIGNED,513,512,512,NO_RECORDED_FACTOR_PRP_OR_LL_RESULT_AND_NO_ACTIVE_GIMPS_ASSIGNMENT,2026-08-09T09:12:31+00:00,UNALLOCATED,,,,,
SLCMP2607-0092,92,92,794004863,2^794004863-1,STRUCTURAL_SCREEN_EXHAUSTED_PRIMALITY_UNASSIGNED,GF3A_DIRECTIONAL_WRITE_EXHAUSTED_PRIMALITY_UNASSIGNED,514,512,512,NO_RECORDED_FACTOR_PRP_OR_LL_RESULT_AND_NO_ACTIVE_GIMPS_ASSIGNMENT,2026-08-09T09:12:31+00:00,UNALLOCATED,,,,,
SLCMP2607-0093,93,93,794004877,2^794004877-1,STRUCTURAL_SCREEN_EXHAUSTED_PRIMALITY_UNASSIGNED,GF3A_DIRECTIONAL_WRITE_EXHAUSTED_PRIMALITY_UNASSIGNED,513,512,512,NO_RECORDED_FACTOR_PRP_OR_LL_RESULT_AND_NO_ACTIVE_GIMPS_ASSIGNMENT,2026-08-09T09:12:31+00:00,UNALLOCATED,,,,,
SLCMP2607-0094,94,94,794004899,2^794004899-1,STRUCTURAL_SCREEN_EXHAUSTED_PRIMALITY_UNASSIGNED,GF3A_DIRECTIONAL_WRITE_EXHAUSTED_PRIMALITY_UNASSIGNED,514,512,512,NO_RECORDED_FACTOR_PRP_OR_LL_RESULT_AND_NO_ACTIVE_GIMPS_ASSIGNMENT,2026-08-09T09:12:31+00:00,UNALLOCATED,,,,,
SLCMP2607-0095,95,95,794004901,2^794004901-1,STRUCTURAL_SCREEN_EXHAUSTED_PRIMALITY_UNASSIGNED,GF3A_DIRECTIONAL_WRITE_EXHAUSTED_PRIMALITY_UNASSIGNED,513,512,512,NO_RECORDED_FACTOR_PRP_OR_LL_RESULT_AND_NO_ACTIVE_GIMPS_ASSIGNMENT,2026-08-09T09:12:31+00:00,UNALLOCATED,,,,,
SLCMP2607-0096,96,96,794004923,2^794004923-1,STRUCTURAL_SCREEN_EXHAUSTED_PRIMALITY_UNASSIGNED,GF3A_DIRECTIONAL_WRITE_EXHAUSTED_PRIMALITY_UNASSIGNED,514,512,512,NO_RECORDED_FACTOR_PRP_OR_LL_RESULT_AND_NO_ACTIVE_GIMPS_ASSIGNMENT,2026-08-09T09:12:31+00:00,UNALLOCATED,,,,,
SLCMP2607-0097,97,97,794004931,2^794004931-1,STRUCTURAL_SCREEN_EXHAUSTED_PRIMALITY_UNASSIGNED,GF3A_DIRECTIONAL_WRITE_EXHAUSTED_PRIMALITY_UNASSIGNED,514,512,512,NO_RECORDED_FACTOR_PRP_OR_LL_RESULT_AND_NO_ACTIVE_GIMPS_ASSIGNMENT,2026-08-09T09:12:31+00:00,UNALLOCATED,,,,,
SLCMP2607-0098,98,98,794004989,2^794004989-1,STRUCTURAL_SCREEN_EXHAUSTED_PRIMALITY_UNASSIGNED,GF3A_DIRECTIONAL_WRITE_EXHAUSTED_PRIMALITY_UNASSIGNED,513,512,512,NO_RECORDED_FACTOR_PRP_OR_LL_RESULT_AND_NO_ACTIVE_GIMPS_ASSIGNMENT,2026-08-09T09:12:31+00:00,UNALLOCATED,,,,,
SLCMP2607-0099,99,99,794004997,2^794004997-1,STRUCTURAL_SCREEN_EXHAUSTED_PRIMALITY_UNASSIGNED,GF3A_DIRECTIONAL_WRITE_EXHAUSTED_PRIMALITY_UNASSIGNED,513,512,512,NO_RECORDED_FACTOR_PRP_OR_LL_RESULT_AND_NO_ACTIVE_GIMPS_ASSIGNMENT,2026-08-09T09:12:31+00:00,UNALLOCATED,,,,,
SLCMP2607-0100,100,100,794005109,2^794005109-1,STRUCTURAL_SCREEN_EXHAUSTED_PRIMALITY_UNASSIGNED,GF3A_DIRECTIONAL_WRITE_EXHAUSTED_PRIMALITY_UNASSIGNED,513,512,512,NO_RECORDED_FACTOR_PRP_OR_LL_RESULT_AND_NO_ACTIVE_GIMPS_ASSIGNMENT,2026-08-09T09:12:31+00:00,UNALLOCATED,,,,,
SLCMP2607-0101,101,101,794005127,2^794005127-1,STRUCTURAL_SCREEN_EXHAUSTED_PRIMALITY_UNASSIGNED,GF3A_DIRECTIONAL_WRITE_EXHAUSTED_PRIMALITY_UNASSIGNED,514,512,512,NO_RECORDED_FACTOR_PRP_OR_LL_RESULT_AND_NO_ACTIVE_GIMPS_ASSIGNMENT,2026-08-09T09:12:31+00:00,UNALLOCATED,,,,,
SLCMP2607-0102,102,102,794005129,2^794005129-1,STRUCTURAL_SCREEN_EXHAUSTED_PRIMALITY_UNASSIGNED,GF3A_DIRECTIONAL_WRITE_EXHAUSTED_PRIMALITY_UNASSIGNED,513,512,512,NO_RECORDED_FACTOR_PRP_OR_LL_RESULT_AND_NO_ACTIVE_GIMPS_ASSIGNMENT,2026-08-09T09:12:31+00:00,UNALLOCATED,,,,,
SLCMP2607-0103,103,103,794005183,2^794005183-1,STRUCTURAL_SCREEN_EXHAUSTED_PRIMALITY_UNASSIGNED,GF3A_DIRECTIONAL_WRITE_EXHAUSTED_PRIMALITY_UNASSIGNED,514,512,512,NO_RECORDED_FACTOR_PRP_OR_LL_RESULT_AND_NO_ACTIVE_GIMPS_ASSIGNMENT,2026-08-09T09:12:31+00:00,UNALLOCATED,,,,,
SLCMP2607-0104,104,104,794005207,2^794005207-1,STRUCTURAL_SCREEN_EXHAUSTED_PRIMALITY_UNASSIGNED,GF3A_DIRECTIONAL_WRITE_EXHAUSTED_PRIMALITY_UNASSIGNED,514,512,512,NO_RECORDED_FACTOR_PRP_OR_LL_RESULT_AND_NO_ACTIVE_GIMPS_ASSIGNMENT,2026-08-09T09:12:31+00:00,UNALLOCATED,,,,,
SLCMP2607-0105,105,105,794005337,2^794005337-1,STRUCTURAL_SCREEN_EXHAUSTED_PRIMALITY_UNASSIGNED,GF3A_DIRECTIONAL_WRITE_EXHAUSTED_PRIMALITY_UNASSIGNED,513,512,512,NO_RECORDED_FACTOR_PRP_OR_LL_RESULT_AND_NO_ACTIVE_GIMPS_ASSIGNMENT,2026-08-09T09:12:31+00:00,UNALLOCATED,,,,,
SLCMP2607-0106,106,106,794005393,2^794005393-1,STRUCTURAL_SCREEN_EXHAUSTED_PRIMALITY_UNASSIGNED,GF3A_DIRECTIONAL_WRITE_EXHAUSTED_PRIMALITY_UNASSIGNED,513,512,512,NO_RECORDED_FACTOR_PRP_OR_LL_RESULT_AND_NO_ACTIVE_GIMPS_ASSIGNMENT,2026-08-09T09:12:31+00:00,UNALLOCATED,,,,,
SLCMP2607-0107,107,107,794005447,2^794005447-1,STRUCTURAL_SCREEN_EXHAUSTED_PRIMALITY_UNASSIGNED,GF3A_DIRECTIONAL_WRITE_EXHAUSTED_PRIMALITY_UNASSIGNED,514,512,512,NO_RECORDED_FACTOR_PRP_OR_LL_RESULT_AND_NO_ACTIVE_GIMPS_ASSIGNMENT,2026-08-09T09:12:31+00:00,UNALLOCATED,,,,,
SLCMP2607-0108,108,108,794005507,2^794005507-1,STRUCTURAL_SCREEN_EXHAUSTED_PRIMALITY_UNASSIGNED,GF3A_DIRECTIONAL_WRITE_EXHAUSTED_PRIMALITY_UNASSIGNED,514,512,512,NO_RECORDED_FACTOR_PRP_OR_LL_RESULT_AND_NO_ACTIVE_GIMPS_ASSIGNMENT,2026-08-09T09:12:31+00:00,UNALLOCATED,,,,,
SLCMP2607-0109,109,109,794005603,2^794005603-1,STRUCTURAL_SCREEN_EXHAUSTED_PRIMALITY_UNASSIGNED,GF3A_DIRECTIONAL_WRITE_EXHAUSTED_PRIMALITY_UNASSIGNED,514,512,512,NO_RECORDED_FACTOR_PRP_OR_LL_RESULT_AND_NO_ACTIVE_GIMPS_ASSIGNMENT,2026-08-09T09:12:31+00:00,UNALLOCATED,,,,,
SLCMP2607-0110,110,110,794005613,2^794005613-1,STRUCTURAL_SCREEN_EXHAUSTED_PRIMALITY_UNASSIGNED,GF3A_DIRECTIONAL_WRITE_EXHAUSTED_PRIMALITY_UNASSIGNED,513,512,512,NO_RECORDED_FACTOR_PRP_OR_LL_RESULT_AND_NO_ACTIVE_GIMPS_ASSIGNMENT,2026-08-09T09:12:31+00:00,UNALLOCATED,,,,,
SLCMP2607-0111,111,111,794005673,2^794005673-1,STRUCTURAL_SCREEN_EXHAUSTED_PRIMALITY_UNASSIGNED,GF3A_DIRECTIONAL_WRITE_EXHAUSTED_PRIMALITY_UNASSIGNED,513,512,512,NO_RECORDED_FACTOR_PRP_OR_LL_RESULT_AND_NO_ACTIVE_GIMPS_ASSIGNMENT,2026-08-09T09:12:31+00:00,UNALLOCATED,,,,,
SLCMP2607-0112,112,112,794005727,2^794005727-1,STRUCTURAL_SCREEN_EXHAUSTED_PRIMALITY_UNASSIGNED,GF3A_DIRECTIONAL_WRITE_EXHAUSTED_PRIMALITY_UNASSIGNED,514,512,512,NO_RECORDED_FACTOR_PRP_OR_LL_RESULT_AND_NO_ACTIVE_GIMPS_ASSIGNMENT,2026-08-09T09:12:31+00:00,UNALLOCATED,,,,,
SLCMP2607-0113,113,113,794005781,2^794005781-1,STRUCTURAL_SCREEN_EXHAUSTED_PRIMALITY_UNASSIGNED,GF3A_DIRECTIONAL_WRITE_EXHAUSTED_PRIMALITY_UNASSIGNED,513,512,512,NO_RECORDED_FACTOR_PRP_OR_LL_RESULT_AND_NO_ACTIVE_GIMPS_ASSIGNMENT,2026-08-09T09:12:31+00:00,UNALLOCATED,,,,,
SLCMP2607-0114,114,114,794005787,2^794005787-1,STRUCTURAL_SCREEN_EXHAUSTED_PRIMALITY_UNASSIGNED,GF3A_DIRECTIONAL_WRITE_EXHAUSTED_PRIMALITY_UNASSIGNED,514,512,512,NO_RECORDED_FACTOR_PRP_OR_LL_RESULT_AND_NO_ACTIVE_GIMPS_ASSIGNMENT,2026-08-09T09:12:31+00:00,UNALLOCATED,,,,,
SLCMP2607-0115,115,115,794005943,2^794005943-1,STRUCTURAL_SCREEN_EXHAUSTED_PRIMALITY_UNASSIGNED,GF3A_DIRECTIONAL_WRITE_EXHAUSTED_PRIMALITY_UNASSIGNED,514,512,512,NO_RECORDED_FACTOR_PRP_OR_LL_RESULT_AND_NO_ACTIVE_GIMPS_ASSIGNMENT,2026-08-09T09:12:31+00:00,UNALLOCATED,,,,,
SLCMP2607-0116,116,116,794005999,2^794005999-1,STRUCTURAL_SCREEN_EXHAUSTED_PRIMALITY_UNASSIGNED,GF3A_DIRECTIONAL_WRITE_EXHAUSTED_PRIMALITY_UNASSIGNED,514,512,512,NO_RECORDED_FACTOR_PRP_OR_LL_RESULT_AND_NO_ACTIVE_GIMPS_ASSIGNMENT,2026-08-09T09:12:31+00:00,UNALLOCATED,,,,,
SLCMP2607-0117,117,117,794006141,2^794006141-1,STRUCTURAL_SCREEN_EXHAUSTED_PRIMALITY_UNASSIGNED,GF3A_DIRECTIONAL_WRITE_EXHAUSTED_PRIMALITY_UNASSIGNED,513,512,512,NO_RECORDED_FACTOR_PRP_OR_LL_RESULT_AND_NO_ACTIVE_GIMPS_ASSIGNMENT,2026-08-09T09:12:31+00:00,UNALLOCATED,,,,,
SLCMP2607-0118,118,118,794006237,2^794006237-1,STRUCTURAL_SCREEN_EXHAUSTED_PRIMALITY_UNASSIGNED,GF3A_DIRECTIONAL_WRITE_EXHAUSTED_PRIMALITY_UNASSIGNED,513,512,512,NO_RECORDED_FACTOR_PRP_OR_LL_RESULT_AND_NO_ACTIVE_GIMPS_ASSIGNMENT,2026-08-09T09:12:31+00:00,UNALLOCATED,,,,,
SLCMP2607-0119,119,119,794006263,2^794006263-1,STRUCTURAL_SCREEN_EXHAUSTED_PRIMALITY_UNASSIGNED,GF3A_DIRECTIONAL_WRITE_EXHAUSTED_PRIMALITY_UNASSIGNED,514,512,512,NO_RECORDED_FACTOR_PRP_OR_LL_RESULT_AND_NO_ACTIVE_GIMPS_ASSIGNMENT,2026-08-09T09:12:31+00:00,UNALLOCATED,,,,,
SLCMP2607-0120,120,120,794006407,2^794006407-1,STRUCTURAL_SCREEN_EXHAUSTED_PRIMALITY_UNASSIGNED,GF3A_DIRECTIONAL_WRITE_EXHAUSTED_PRIMALITY_UNASSIGNED,514,512,512,NO_RECORDED_FACTOR_PRP_OR_LL_RESULT_AND_NO_ACTIVE_GIMPS_ASSIGNMENT,2026-08-09T09:12:31+00:00,UNALLOCATED,,,,,
SLCMP2607-0121,121,121,794006431,2^794006431-1,STRUCTURAL_SCREEN_EXHAUSTED_PRIMALITY_UNASSIGNED,GF3A_DIRECTIONAL_WRITE_EXHAUSTED_PRIMALITY_UNASSIGNED,514,512,512,NO_RECORDED_FACTOR_PRP_OR_LL_RESULT_AND_NO_ACTIVE_GIMPS_ASSIGNMENT,2026-08-09T09:12:31+00:00,UNALLOCATED,,,,,
SLCMP2607-0122,122,122,794006581,2^794006581-1,STRUCTURAL_SCREEN_EXHAUSTED_PRIMALITY_UNASSIGNED,GF3A_DIRECTIONAL_WRITE_EXHAUSTED_PRIMALITY_UNASSIGNED,513,512,512,NO_RECORDED_FACTOR_PRP_OR_LL_RESULT_AND_NO_ACTIVE_GIMPS_ASSIGNMENT,2026-08-09T09:12:31+00:00,UNALLOCATED,,,,,
SLCMP2607-0123,123,123,794006693,2^794006693-1,STRUCTURAL_SCREEN_EXHAUSTED_PRIMALITY_UNASSIGNED,GF3A_DIRECTIONAL_WRITE_EXHAUSTED_PRIMALITY_UNASSIGNED,513,512,512,NO_RECORDED_FACTOR_PRP_OR_LL_RESULT_AND_NO_ACTIVE_GIMPS_ASSIGNMENT,2026-08-09T09:12:31+00:00,UNALLOCATED,,,,,
SLCMP2607-0124,124,124,794006737,2^794006737-1,STRUCTURAL_SCREEN_EXHAUSTED_PRIMALITY_UNASSIGNED,GF3A_DIRECTIONAL_WRITE_EXHAUSTED_PRIMALITY_UNASSIGNED,513,512,512,NO_RECORDED_FACTOR_PRP_OR_LL_RESULT_AND_NO_ACTIVE_GIMPS_ASSIGNMENT,2026-08-09T09:12:31+00:00,UNALLOCATED,,,,,
SLCMP2607-0125,125,125,794006761,2^794006761-1,STRUCTURAL_SCREEN_EXHAUSTED_PRIMALITY_UNASSIGNED,GF3A_DIRECTIONAL_WRITE_EXHAUSTED_PRIMALITY_UNASSIGNED,513,512,512,NO_RECORDED_FACTOR_PRP_OR_LL_RESULT_AND_NO_ACTIVE_GIMPS_ASSIGNMENT,2026-08-09T09:12:31+00:00,UNALLOCATED,,,,,
SLCMP2607-0126,126,126,794006771,2^794006771-1,STRUCTURAL_SCREEN_EXHAUSTED_PRIMALITY_UNASSIGNED,GF3A_DIRECTIONAL_WRITE_EXHAUSTED_PRIMALITY_UNASSIGNED,514,512,512,NO_RECORDED_FACTOR_PRP_OR_LL_RESULT_AND_NO_ACTIVE_GIMPS_ASSIGNMENT,2026-08-09T09:12:31+00:00,UNALLOCATED,,,,,
SLCMP2607-0127,127,127,794006929,2^794006929-1,STRUCTURAL_SCREEN_EXHAUSTED_PRIMALITY_UNASSIGNED,GF3A_DIRECTIONAL_WRITE_EXHAUSTED_PRIMALITY_UNASSIGNED,513,512,512,NO_RECORDED_FACTOR_PRP_OR_LL_RESULT_AND_NO_ACTIVE_GIMPS_ASSIGNMENT,2026-08-09T09:12:31+00:00,UNALLOCATED,,,,,
SLCMP2607-0128,128,128,794007001,2^794007001-1,STRUCTURAL_SCREEN_EXHAUSTED_PRIMALITY_UNASSIGNED,GF3A_DIRECTIONAL_WRITE_EXHAUSTED_PRIMALITY_UNASSIGNED,513,512,512,NO_RECORDED_FACTOR_PRP_OR_LL_RESULT_AND_NO_ACTIVE_GIMPS_ASSIGNMENT,2026-08-09T09:12:31+00:00,UNALLOCATED,,,,,
SLCMP2607-0129,129,129,794007047,2^794007047-1,STRUCTURAL_SCREEN_EXHAUSTED_PRIMALITY_UNASSIGNED,GF3A_DIRECTIONAL_WRITE_EXHAUSTED_PRIMALITY_UNASSIGNED,514,512,512,NO_RECORDED_FACTOR_PRP_OR_LL_RESULT_AND_NO_ACTIVE_GIMPS_ASSIGNMENT,2026-08-09T09:12:31+00:00,UNALLOCATED,,,,,
SLCMP2607-0130,130,130,794007101,2^794007101-1,STRUCTURAL_SCREEN_EXHAUSTED_PRIMALITY_UNASSIGNED,GF3A_DIRECTIONAL_WRITE_EXHAUSTED_PRIMALITY_UNASSIGNED,513,512,512,NO_RECORDED_FACTOR_PRP_OR_LL_RESULT_AND_NO_ACTIVE_GIMPS_ASSIGNMENT,2026-08-09T09:12:31+00:00,UNALLOCATED,,,,,
SLCMP2607-0131,131,131,794007209,2^794007209-1,STRUCTURAL_SCREEN_EXHAUSTED_PRIMALITY_UNASSIGNED,GF3A_DIRECTIONAL_WRITE_EXHAUSTED_PRIMALITY_UNASSIGNED,513,512,512,NO_RECORDED_FACTOR_PRP_OR_LL_RESULT_AND_NO_ACTIVE_GIMPS_ASSIGNMENT,2026-08-09T09:12:31+00:00,UNALLOCATED,,,,,
SLCMP2607-0132,132,132,794007223,2^794007223-1,STRUCTURAL_SCREEN_EXHAUSTED_PRIMALITY_UNASSIGNED,GF3A_DIRECTIONAL_WRITE_EXHAUSTED_PRIMALITY_UNASSIGNED,514,512,512,NO_RECORDED_FACTOR_PRP_OR_LL_RESULT_AND_NO_ACTIVE_GIMPS_ASSIGNMENT,2026-08-09T09:12:31+00:00,UNALLOCATED,,,,,
SLCMP2607-0133,133,133,794007281,2^794007281-1,STRUCTURAL_SCREEN_EXHAUSTED_PRIMALITY_UNASSIGNED,GF3A_DIRECTIONAL_WRITE_EXHAUSTED_PRIMALITY_UNASSIGNED,513,512,512,NO_RECORDED_FACTOR_PRP_OR_LL_RESULT_AND_NO_ACTIVE_GIMPS_ASSIGNMENT,2026-08-09T09:12:31+00:00,UNALLOCATED,,,,,
SLCMP2607-0134,134,134,794007289,2^794007289-1,STRUCTURAL_SCREEN_EXHAUSTED_PRIMALITY_UNASSIGNED,GF3A_DIRECTIONAL_WRITE_EXHAUSTED_PRIMALITY_UNASSIGNED,513,512,512,NO_RECORDED_FACTOR_PRP_OR_LL_RESULT_AND_NO_ACTIVE_GIMPS_ASSIGNMENT,2026-08-09T09:12:31+00:00,UNALLOCATED,,,,,
SLCMP2607-0135,135,135,794007391,2^794007391-1,STRUCTURAL_SCREEN_EXHAUSTED_PRIMALITY_UNASSIGNED,GF3A_DIRECTIONAL_WRITE_EXHAUSTED_PRIMALITY_UNASSIGNED,514,512,512,NO_RECORDED_FACTOR_PRP_OR_LL_RESULT_AND_NO_ACTIVE_GIMPS_ASSIGNMENT,2026-08-09T09:12:31+00:00,UNALLOCATED,,,,,
SLCMP2607-0136,136,136,794007479,2^794007479-1,STRUCTURAL_SCREEN_EXHAUSTED_PRIMALITY_UNASSIGNED,GF3A_DIRECTIONAL_WRITE_EXHAUSTED_PRIMALITY_UNASSIGNED,514,512,512,NO_RECORDED_FACTOR_PRP_OR_LL_RESULT_AND_NO_ACTIVE_GIMPS_ASSIGNMENT,2026-08-09T09:12:31+00:00,UNALLOCATED,,,,,
SLCMP2607-0137,137,137,794007509,2^794007509-1,STRUCTURAL_SCREEN_EXHAUSTED_PRIMALITY_UNASSIGNED,GF3A_DIRECTIONAL_WRITE_EXHAUSTED_PRIMALITY_UNASSIGNED,513,512,512,NO_RECORDED_FACTOR_PRP_OR_LL_RESULT_AND_NO_ACTIVE_GIMPS_ASSIGNMENT,2026-08-09T09:12:31+00:00,UNALLOCATED,,,,,
SLCMP2607-0138,138,138,794007563,2^794007563-1,STRUCTURAL_SCREEN_EXHAUSTED_PRIMALITY_UNASSIGNED,GF3A_DIRECTIONAL_WRITE_EXHAUSTED_PRIMALITY_UNASSIGNED,514,512,512,NO_RECORDED_FACTOR_PRP_OR_LL_RESULT_AND_NO_ACTIVE_GIMPS_ASSIGNMENT,2026-08-09T09:12:31+00:00,UNALLOCATED,,,,,
SLCMP2607-0139,139,139,794007611,2^794007611-1,STRUCTURAL_SCREEN_EXHAUSTED_PRIMALITY_UNASSIGNED,GF3A_DIRECTIONAL_WRITE_EXHAUSTED_PRIMALITY_UNASSIGNED,514,512,512,NO_RECORDED_FACTOR_PRP_OR_LL_RESULT_AND_NO_ACTIVE_GIMPS_ASSIGNMENT,2026-08-09T09:12:31+00:00,UNALLOCATED,,,,,
SLCMP2607-0140,140,140,794007667,2^794007667-1,STRUCTURAL_SCREEN_EXHAUSTED_PRIMALITY_UNASSIGNED,GF3A_DIRECTIONAL_WRITE_EXHAUSTED_PRIMALITY_UNASSIGNED,514,512,512,NO_RECORDED_FACTOR_PRP_OR_LL_RESULT_AND_NO_ACTIVE_GIMPS_ASSIGNMENT,2026-08-09T09:12:31+00:00,UNALLOCATED,,,,,
SLCMP2607-0141,141,141,794007671,2^794007671-1,STRUCTURAL_SCREEN_EXHAUSTED_PRIMALITY_UNASSIGNED,GF3A_DIRECTIONAL_WRITE_EXHAUSTED_PRIMALITY_UNASSIGNED,514,512,512,NO_RECORDED_FACTOR_PRP_OR_LL_RESULT_AND_NO_ACTIVE_GIMPS_ASSIGNMENT,2026-08-09T09:12:31+00:00,UNALLOCATED,,,,,
SLCMP2607-0142,142,142,794007673,2^794007673-1,STRUCTURAL_SCREEN_EXHAUSTED_PRIMALITY_UNASSIGNED,GF3A_DIRECTIONAL_WRITE_EXHAUSTED_PRIMALITY_UNASSIGNED,513,512,512,NO_RECORDED_FACTOR_PRP_OR_LL_RESULT_AND_NO_ACTIVE_GIMPS_ASSIGNMENT,2026-08-09T09:12:31+00:00,UNALLOCATED,,,,,
SLCMP2607-0143,143,143,794007677,2^794007677-1,STRUCTURAL_SCREEN_EXHAUSTED_PRIMALITY_UNASSIGNED,GF3A_DIRECTIONAL_WRITE_EXHAUSTED_PRIMALITY_UNASSIGNED,513,512,512,NO_RECORDED_FACTOR_PRP_OR_LL_RESULT_AND_NO_ACTIVE_GIMPS_ASSIGNMENT,2026-08-09T09:12:31+00:00,UNALLOCATED,,,,,
SLCMP2607-0144,144,144,794007713,2^794007713-1,STRUCTURAL_SCREEN_EXHAUSTED_PRIMALITY_UNASSIGNED,GF3A_DIRECTIONAL_WRITE_EXHAUSTED_PRIMALITY_UNASSIGNED,513,512,512,NO_RECORDED_FACTOR_PRP_OR_LL_RESULT_AND_NO_ACTIVE_GIMPS_ASSIGNMENT,2026-08-09T09:12:31+00:00,UNALLOCATED,,,,,
SLCMP2607-0145,145,145,794007727,2^794007727-1,STRUCTURAL_SCREEN_EXHAUSTED_PRIMALITY_UNASSIGNED,GF3A_DIRECTIONAL_WRITE_EXHAUSTED_PRIMALITY_UNASSIGNED,514,512,512,NO_RECORDED_FACTOR_PRP_OR_LL_RESULT_AND_NO_ACTIVE_GIMPS_ASSIGNMENT,2026-08-09T09:12:31+00:00,UNALLOCATED,,,,,
SLCMP2607-0146,146,146,794007751,2^794007751-1,STRUCTURAL_SCREEN_EXHAUSTED_PRIMALITY_UNASSIGNED,GF3A_DIRECTIONAL_WRITE_EXHAUSTED_PRIMALITY_UNASSIGNED,514,512,512,NO_RECORDED_FACTOR_PRP_OR_LL_RESULT_AND_NO_ACTIVE_GIMPS_ASSIGNMENT,2026-08-09T09:12:31+00:00,UNALLOCATED,,,,,
SLCMP2607-0147,147,147,794007757,2^794007757-1,STRUCTURAL_SCREEN_EXHAUSTED_PRIMALITY_UNASSIGNED,GF3A_DIRECTIONAL_WRITE_EXHAUSTED_PRIMALITY_UNASSIGNED,513,512,512,NO_RECORDED_FACTOR_PRP_OR_LL_RESULT_AND_NO_ACTIVE_GIMPS_ASSIGNMENT,2026-08-09T09:12:31+00:00,UNALLOCATED,,,,,
SLCMP2607-0148,148,148,794007887,2^794007887-1,STRUCTURAL_SCREEN_EXHAUSTED_PRIMALITY_UNASSIGNED,GF3A_DIRECTIONAL_WRITE_EXHAUSTED_PRIMALITY_UNASSIGNED,514,512,512,NO_RECORDED_FACTOR_PRP_OR_LL_RESULT_AND_NO_ACTIVE_GIMPS_ASSIGNMENT,2026-08-09T09:12:31+00:00,UNALLOCATED,,,,,
SLCMP2607-0149,149,149,794007919,2^794007919-1,STRUCTURAL_SCREEN_EXHAUSTED_PRIMALITY_UNASSIGNED,GF3A_DIRECTIONAL_WRITE_EXHAUSTED_PRIMALITY_UNASSIGNED,514,512,512,NO_RECORDED_FACTOR_PRP_OR_LL_RESULT_AND_NO_ACTIVE_GIMPS_ASSIGNMENT,2026-08-09T09:12:31+00:00,UNALLOCATED,,,,,
SLCMP2607-0150,150,150,794007923,2^794007923-1,STRUCTURAL_SCREEN_EXHAUSTED_PRIMALITY_UNASSIGNED,GF3A_DIRECTIONAL_WRITE_EXHAUSTED_PRIMALITY_UNASSIGNED,514,512,512,NO_RECORDED_FACTOR_PRP_OR_LL_RESULT_AND_NO_ACTIVE_GIMPS_ASSIGNMENT,2026-08-09T09:12:31+00:00,UNALLOCATED,,,,,
SLCMP2607-0151,151,151,794007961,2^794007961-1,STRUCTURAL_SCREEN_EXHAUSTED_PRIMALITY_UNASSIGNED,GF3A_DIRECTIONAL_WRITE_EXHAUSTED_PRIMALITY_UNASSIGNED,513,512,512,NO_RECORDED_FACTOR_PRP_OR_LL_RESULT_AND_NO_ACTIVE_GIMPS_ASSIGNMENT,2026-08-09T09:12:31+00:00,UNALLOCATED,,,,,
SLCMP2607-0152,152,152,794008003,2^794008003-1,STRUCTURAL_SCREEN_EXHAUSTED_PRIMALITY_UNASSIGNED,GF3A_DIRECTIONAL_WRITE_EXHAUSTED_PRIMALITY_UNASSIGNED,514,512,512,NO_RECORDED_FACTOR_PRP_OR_LL_RESULT_AND_NO_ACTIVE_GIMPS_ASSIGNMENT,2026-08-09T09:12:31+00:00,UNALLOCATED,,,,,
SLCMP2607-0153,153,153,794008067,2^794008067-1,STRUCTURAL_SCREEN_EXHAUSTED_PRIMALITY_UNASSIGNED,GF3A_DIRECTIONAL_WRITE_EXHAUSTED_PRIMALITY_UNASSIGNED,514,512,512,NO_RECORDED_FACTOR_PRP_OR_LL_RESULT_AND_NO_ACTIVE_GIMPS_ASSIGNMENT,2026-08-09T09:12:31+00:00,UNALLOCATED,,,,,
SLCMP2607-0154,154,154,794008073,2^794008073-1,STRUCTURAL_SCREEN_EXHAUSTED_PRIMALITY_UNASSIGNED,GF3A_DIRECTIONAL_WRITE_EXHAUSTED_PRIMALITY_UNASSIGNED,513,512,512,NO_RECORDED_FACTOR_PRP_OR_LL_RESULT_AND_NO_ACTIVE_GIMPS_ASSIGNMENT,2026-08-09T09:12:31+00:00,UNALLOCATED,,,,,
SLCMP2607-0155,155,155,794008109,2^794008109-1,STRUCTURAL_SCREEN_EXHAUSTED_PRIMALITY_UNASSIGNED,GF3A_DIRECTIONAL_WRITE_EXHAUSTED_PRIMALITY_UNASSIGNED,513,512,512,NO_RECORDED_FACTOR_PRP_OR_LL_RESULT_AND_NO_ACTIVE_GIMPS_ASSIGNMENT,2026-08-09T09:12:31+00:00,UNALLOCATED,,,,,
SLCMP2607-0156,156,156,794008247,2^794008247-1,STRUCTURAL_SCREEN_EXHAUSTED_PRIMALITY_UNASSIGNED,GF3A_DIRECTIONAL_WRITE_EXHAUSTED_PRIMALITY_UNASSIGNED,514,512,512,NO_RECORDED_FACTOR_PRP_OR_LL_RESULT_AND_NO_ACTIVE_GIMPS_ASSIGNMENT,2026-08-09T09:12:31+00:00,UNALLOCATED,,,,,
SLCMP2607-0157,157,157,794008331,2^794008331-1,STRUCTURAL_SCREEN_EXHAUSTED_PRIMALITY_UNASSIGNED,GF3A_DIRECTIONAL_WRITE_EXHAUSTED_PRIMALITY_UNASSIGNED,514,512,512,NO_RECORDED_FACTOR_PRP_OR_LL_RESULT_AND_NO_ACTIVE_GIMPS_ASSIGNMENT,2026-08-09T09:12:31+00:00,UNALLOCATED,,,,,
SLCMP2607-0158,158,158,794008547,2^794008547-1,STRUCTURAL_SCREEN_EXHAUSTED_PRIMALITY_UNASSIGNED,GF3A_DIRECTIONAL_WRITE_EXHAUSTED_PRIMALITY_UNASSIGNED,514,512,512,NO_RECORDED_FACTOR_PRP_OR_LL_RESULT_AND_NO_ACTIVE_GIMPS_ASSIGNMENT,2026-08-09T09:12:31+00:00,UNALLOCATED,,,,,
SLCMP2607-0159,159,159,794008561,2^794008561-1,STRUCTURAL_SCREEN_EXHAUSTED_PRIMALITY_UNASSIGNED,GF3A_DIRECTIONAL_WRITE_EXHAUSTED_PRIMALITY_UNASSIGNED,513,512,512,NO_RECORDED_FACTOR_PRP_OR_LL_RESULT_AND_NO_ACTIVE_GIMPS_ASSIGNMENT,2026-08-09T09:12:31+00:00,UNALLOCATED,,,,,
SLCMP2607-0160,160,160,794008573,2^794008573-1,STRUCTURAL_SCREEN_EXHAUSTED_PRIMALITY_UNASSIGNED,GF3A_DIRECTIONAL_WRITE_EXHAUSTED_PRIMALITY_UNASSIGNED,513,512,512,NO_RECORDED_FACTOR_PRP_OR_LL_RESULT_AND_NO_ACTIVE_GIMPS_ASSIGNMENT,2026-08-09T09:12:31+00:00,UNALLOCATED,,,,,
SLCMP2607-0161,161,161,794008601,2^794008601-1,STRUCTURAL_SCREEN_EXHAUSTED_PRIMALITY_UNASSIGNED,GF3A_DIRECTIONAL_WRITE_EXHAUSTED_PRIMALITY_UNASSIGNED,513,512,512,NO_RECORDED_FACTOR_PRP_OR_LL_RESULT_AND_NO_ACTIVE_GIMPS_ASSIGNMENT,2026-08-09T09:12:31+00:00,UNALLOCATED,,,,,
SLCMP2607-0162,162,162,794008637,2^794008637-1,STRUCTURAL_SCREEN_EXHAUSTED_PRIMALITY_UNASSIGNED,GF3A_DIRECTIONAL_WRITE_EXHAUSTED_PRIMALITY_UNASSIGNED,513,512,512,NO_RECORDED_FACTOR_PRP_OR_LL_RESULT_AND_NO_ACTIVE_GIMPS_ASSIGNMENT,2026-08-09T09:12:31+00:00,UNALLOCATED,,,,,
SLCMP2607-0163,163,163,794008669,2^794008669-1,STRUCTURAL_SCREEN_EXHAUSTED_PRIMALITY_UNASSIGNED,GF3A_DIRECTIONAL_WRITE_EXHAUSTED_PRIMALITY_UNASSIGNED,513,512,512,NO_RECORDED_FACTOR_PRP_OR_LL_RESULT_AND_NO_ACTIVE_GIMPS_ASSIGNMENT,2026-08-09T09:12:31+00:00,UNALLOCATED,,,,,
SLCMP2607-0164,164,164,794008703,2^794008703-1,STRUCTURAL_SCREEN_EXHAUSTED_PRIMALITY_UNASSIGNED,GF3A_DIRECTIONAL_WRITE_EXHAUSTED_PRIMALITY_UNASSIGNED,514,512,512,NO_RECORDED_FACTOR_PRP_OR_LL_RESULT_AND_NO_ACTIVE_GIMPS_ASSIGNMENT,2026-08-09T09:12:31+00:00,UNALLOCATED,,,,,
SLCMP2607-0165,165,165,794008819,2^794008819-1,STRUCTURAL_SCREEN_EXHAUSTED_PRIMALITY_UNASSIGNED,GF3A_DIRECTIONAL_WRITE_EXHAUSTED_PRIMALITY_UNASSIGNED,514,512,512,NO_RECORDED_FACTOR_PRP_OR_LL_RESULT_AND_NO_ACTIVE_GIMPS_ASSIGNMENT,2026-08-09T09:12:31+00:00,UNALLOCATED,,,,,
SLCMP2607-0166,166,166,794008837,2^794008837-1,STRUCTURAL_SCREEN_EXHAUSTED_PRIMALITY_UNASSIGNED,GF3A_DIRECTIONAL_WRITE_EXHAUSTED_PRIMALITY_UNASSIGNED,513,512,512,NO_RECORDED_FACTOR_PRP_OR_LL_RESULT_AND_NO_ACTIVE_GIMPS_ASSIGNMENT,2026-08-09T09:12:31+00:00,UNALLOCATED,,,,,
SLCMP2607-0167,167,167,794008849,2^794008849-1,STRUCTURAL_SCREEN_EXHAUSTED_PRIMALITY_UNASSIGNED,GF3A_DIRECTIONAL_WRITE_EXHAUSTED_PRIMALITY_UNASSIGNED,513,512,512,NO_RECORDED_FACTOR_PRP_OR_LL_RESULT_AND_NO_ACTIVE_GIMPS_ASSIGNMENT,2026-08-09T09:12:31+00:00,UNALLOCATED,,,,,
SLCMP2607-0168,168,168,794008883,2^794008883-1,STRUCTURAL_SCREEN_EXHAUSTED_PRIMALITY_UNASSIGNED,GF3A_DIRECTIONAL_WRITE_EXHAUSTED_PRIMALITY_UNASSIGNED,514,512,512,NO_RECORDED_FACTOR_PRP_OR_LL_RESULT_AND_NO_ACTIVE_GIMPS_ASSIGNMENT,2026-08-09T09:12:31+00:00,UNALLOCATED,,,,,
SLCMP2607-0169,169,169,794008939,2^794008939-1,STRUCTURAL_SCREEN_EXHAUSTED_PRIMALITY_UNASSIGNED,GF3A_DIRECTIONAL_WRITE_EXHAUSTED_PRIMALITY_UNASSIGNED,514,512,512,NO_RECORDED_FACTOR_PRP_OR_LL_RESULT_AND_NO_ACTIVE_GIMPS_ASSIGNMENT,2026-08-09T09:12:31+00:00,UNALLOCATED,,,,,
SLCMP2607-0170,170,170,794008979,2^794008979-1,STRUCTURAL_SCREEN_EXHAUSTED_PRIMALITY_UNASSIGNED,GF3A_DIRECTIONAL_WRITE_EXHAUSTED_PRIMALITY_UNASSIGNED,514,512,512,NO_RECORDED_FACTOR_PRP_OR_LL_RESULT_AND_NO_ACTIVE_GIMPS_ASSIGNMENT,2026-08-09T09:12:31+00:00,UNALLOCATED,,,,,
SLCMP2607-0171,171,171,794008997,2^794008997-1,STRUCTURAL_SCREEN_EXHAUSTED_PRIMALITY_UNASSIGNED,GF3A_DIRECTIONAL_WRITE_EXHAUSTED_PRIMALITY_UNASSIGNED,513,512,512,NO_RECORDED_FACTOR_PRP_OR_LL_RESULT_AND_NO_ACTIVE_GIMPS_ASSIGNMENT,2026-08-09T09:12:31+00:00,UNALLOCATED,,,,,
SLCMP2607-0172,172,172,794009017,2^794009017-1,STRUCTURAL_SCREEN_EXHAUSTED_PRIMALITY_UNASSIGNED,GF3A_DIRECTIONAL_WRITE_EXHAUSTED_PRIMALITY_UNASSIGNED,513,512,512,NO_RECORDED_FACTOR_PRP_OR_LL_RESULT_AND_NO_ACTIVE_GIMPS_ASSIGNMENT,2026-08-09T09:12:31+00:00,UNALLOCATED,,,,,
SLCMP2607-0173,173,173,794009039,2^794009039-1,STRUCTURAL_SCREEN_EXHAUSTED_PRIMALITY_UNASSIGNED,GF3A_DIRECTIONAL_WRITE_EXHAUSTED_PRIMALITY_UNASSIGNED,514,512,512,NO_RECORDED_FACTOR_PRP_OR_LL_RESULT_AND_NO_ACTIVE_GIMPS_ASSIGNMENT,2026-08-09T09:12:31+00:00,UNALLOCATED,,,,,
SLCMP2607-0174,174,174,794009063,2^794009063-1,STRUCTURAL_SCREEN_EXHAUSTED_PRIMALITY_UNASSIGNED,GF3A_DIRECTIONAL_WRITE_EXHAUSTED_PRIMALITY_UNASSIGNED,514,512,512,NO_RECORDED_FACTOR_PRP_OR_LL_RESULT_AND_NO_ACTIVE_GIMPS_ASSIGNMENT,2026-08-09T09:12:31+00:00,UNALLOCATED,,,,,
SLCMP2607-0175,175,175,794009093,2^794009093-1,STRUCTURAL_SCREEN_EXHAUSTED_PRIMALITY_UNASSIGNED,GF3A_DIRECTIONAL_WRITE_EXHAUSTED_PRIMALITY_UNASSIGNED,513,512,512,NO_RECORDED_FACTOR_PRP_OR_LL_RESULT_AND_NO_ACTIVE_GIMPS_ASSIGNMENT,2026-08-09T09:12:31+00:00,UNALLOCATED,,,,,
SLCMP2607-0176,176,176,794009201,2^794009201-1,STRUCTURAL_SCREEN_EXHAUSTED_PRIMALITY_UNASSIGNED,GF3A_DIRECTIONAL_WRITE_EXHAUSTED_PRIMALITY_UNASSIGNED,513,512,512,NO_RECORDED_FACTOR_PRP_OR_LL_RESULT_AND_NO_ACTIVE_GIMPS_ASSIGNMENT,2026-08-09T09:12:31+00:00,UNALLOCATED,,,,,
SLCMP2607-0177,177,177,794009389,2^794009389-1,STRUCTURAL_SCREEN_EXHAUSTED_PRIMALITY_UNASSIGNED,GF3A_DIRECTIONAL_WRITE_EXHAUSTED_PRIMALITY_UNASSIGNED,513,512,512,NO_RECORDED_FACTOR_PRP_OR_LL_RESULT_AND_NO_ACTIVE_GIMPS_ASSIGNMENT,2026-08-09T09:12:31+00:00,UNALLOCATED,,,,,
SLCMP2607-0178,178,178,794009651,2^794009651-1,STRUCTURAL_SCREEN_EXHAUSTED_PRIMALITY_UNASSIGNED,GF3A_DIRECTIONAL_WRITE_EXHAUSTED_PRIMALITY_UNASSIGNED,514,512,512,NO_RECORDED_FACTOR_PRP_OR_LL_RESULT_AND_NO_ACTIVE_GIMPS_ASSIGNMENT,2026-08-09T09:12:31+00:00,UNALLOCATED,,,,,
SLCMP2607-0179,179,179,794009653,2^794009653-1,STRUCTURAL_SCREEN_EXHAUSTED_PRIMALITY_UNASSIGNED,GF3A_DIRECTIONAL_WRITE_EXHAUSTED_PRIMALITY_UNASSIGNED,513,512,512,NO_RECORDED_FACTOR_PRP_OR_LL_RESULT_AND_NO_ACTIVE_GIMPS_ASSIGNMENT,2026-08-09T09:12:31+00:00,UNALLOCATED,,,,,
SLCMP2607-0180,180,180,794009767,2^794009767-1,STRUCTURAL_SCREEN_EXHAUSTED_PRIMALITY_UNASSIGNED,GF3A_DIRECTIONAL_WRITE_EXHAUSTED_PRIMALITY_UNASSIGNED,514,512,512,NO_RECORDED_FACTOR_PRP_OR_LL_RESULT_AND_NO_ACTIVE_GIMPS_ASSIGNMENT,2026-08-09T09:12:31+00:00,UNALLOCATED,,,,,
SLCMP2607-0181,181,181,794009819,2^794009819-1,STRUCTURAL_SCREEN_EXHAUSTED_PRIMALITY_UNASSIGNED,GF3A_DIRECTIONAL_WRITE_EXHAUSTED_PRIMALITY_UNASSIGNED,514,512,512,NO_RECORDED_FACTOR_PRP_OR_LL_RESULT_AND_NO_ACTIVE_GIMPS_ASSIGNMENT,2026-08-09T09:12:31+00:00,UNALLOCATED,,,,,
SLCMP2607-0182,182,182,794009861,2^794009861-1,STRUCTURAL_SCREEN_EXHAUSTED_PRIMALITY_UNASSIGNED,GF3A_DIRECTIONAL_WRITE_EXHAUSTED_PRIMALITY_UNASSIGNED,513,512,512,NO_RECORDED_FACTOR_PRP_OR_LL_RESULT_AND_NO_ACTIVE_GIMPS_ASSIGNMENT,2026-08-09T09:12:31+00:00,UNALLOCATED,,,,,
SLCMP2607-0183,183,183,794009891,2^794009891-1,STRUCTURAL_SCREEN_EXHAUSTED_PRIMALITY_UNASSIGNED,GF3A_DIRECTIONAL_WRITE_EXHAUSTED_PRIMALITY_UNASSIGNED,514,512,512,NO_RECORDED_FACTOR_PRP_OR_LL_RESULT_AND_NO_ACTIVE_GIMPS_ASSIGNMENT,2026-08-09T09:12:31+00:00,UNALLOCATED,,,,,
SLCMP2607-0184,184,184,794010067,2^794010067-1,STRUCTURAL_SCREEN_EXHAUSTED_PRIMALITY_UNASSIGNED,GF3A_DIRECTIONAL_WRITE_EXHAUSTED_PRIMALITY_UNASSIGNED,514,512,512,NO_RECORDED_FACTOR_PRP_OR_LL_RESULT_AND_NO_ACTIVE_GIMPS_ASSIGNMENT,2026-08-09T09:12:31+00:00,UNALLOCATED,,,,,
SLCMP2607-0185,185,185,794010083,2^794010083-1,STRUCTURAL_SCREEN_EXHAUSTED_PRIMALITY_UNASSIGNED,GF3A_DIRECTIONAL_WRITE_EXHAUSTED_PRIMALITY_UNASSIGNED,514,512,512,NO_RECORDED_FACTOR_PRP_OR_LL_RESULT_AND_NO_ACTIVE_GIMPS_ASSIGNMENT,2026-08-09T09:12:31+00:00,UNALLOCATED,,,,,
SLCMP2607-0186,186,186,794010101,2^794010101-1,STRUCTURAL_SCREEN_EXHAUSTED_PRIMALITY_UNASSIGNED,GF3A_DIRECTIONAL_WRITE_EXHAUSTED_PRIMALITY_UNASSIGNED,513,512,512,NO_RECORDED_FACTOR_PRP_OR_LL_RESULT_AND_NO_ACTIVE_GIMPS_ASSIGNMENT,2026-08-09T09:12:31+00:00,UNALLOCATED,,,,,
SLCMP2607-0187,187,187,794010131,2^794010131-1,STRUCTURAL_SCREEN_EXHAUSTED_PRIMALITY_UNASSIGNED,GF3A_DIRECTIONAL_WRITE_EXHAUSTED_PRIMALITY_UNASSIGNED,514,512,512,NO_RECORDED_FACTOR_PRP_OR_LL_RESULT_AND_NO_ACTIVE_GIMPS_ASSIGNMENT,2026-08-09T09:12:31+00:00,UNALLOCATED,,,,,
SLCMP2607-0188,188,188,794010193,2^794010193-1,STRUCTURAL_SCREEN_EXHAUSTED_PRIMALITY_UNASSIGNED,GF3A_DIRECTIONAL_WRITE_EXHAUSTED_PRIMALITY_UNASSIGNED,513,512,512,NO_RECORDED_FACTOR_PRP_OR_LL_RESULT_AND_NO_ACTIVE_GIMPS_ASSIGNMENT,2026-08-09T09:12:31+00:00,UNALLOCATED,,,,,
SLCMP2607-0189,189,189,794010293,2^794010293-1,STRUCTURAL_SCREEN_EXHAUSTED_PRIMALITY_UNASSIGNED,GF3A_DIRECTIONAL_WRITE_EXHAUSTED_PRIMALITY_UNASSIGNED,513,512,512,NO_RECORDED_FACTOR_PRP_OR_LL_RESULT_AND_NO_ACTIVE_GIMPS_ASSIGNMENT,2026-08-09T09:12:31+00:00,UNALLOCATED,,,,,
SLCMP2607-0190,190,190,794010307,2^794010307-1,STRUCTURAL_SCREEN_EXHAUSTED_PRIMALITY_UNASSIGNED,GF3A_DIRECTIONAL_WRITE_EXHAUSTED_PRIMALITY_UNASSIGNED,514,512,512,NO_RECORDED_FACTOR_PRP_OR_LL_RESULT_AND_NO_ACTIVE_GIMPS_ASSIGNMENT,2026-08-09T09:12:31+00:00,UNALLOCATED,,,,,
SLCMP2607-0191,191,191,794010407,2^794010407-1,STRUCTURAL_SCREEN_EXHAUSTED_PRIMALITY_UNASSIGNED,GF3A_DIRECTIONAL_WRITE_EXHAUSTED_PRIMALITY_UNASSIGNED,514,512,512,NO_RECORDED_FACTOR_PRP_OR_LL_RESULT_AND_NO_ACTIVE_GIMPS_ASSIGNMENT,2026-08-09T09:12:31+00:00,UNALLOCATED,,,,,
SLCMP2607-0192,192,192,794010583,2^794010583-1,STRUCTURAL_SCREEN_EXHAUSTED_PRIMALITY_UNASSIGNED,GF3A_DIRECTIONAL_WRITE_EXHAUSTED_PRIMALITY_UNASSIGNED,514,512,512,NO_RECORDED_FACTOR_PRP_OR_LL_RESULT_AND_NO_ACTIVE_GIMPS_ASSIGNMENT,2026-08-09T09:12:31+00:00,UNALLOCATED,,,,,
SLCMP2607-0193,193,193,794010601,2^794010601-1,STRUCTURAL_SCREEN_EXHAUSTED_PRIMALITY_UNASSIGNED,GF3A_DIRECTIONAL_WRITE_EXHAUSTED_PRIMALITY_UNASSIGNED,513,512,512,NO_RECORDED_FACTOR_PRP_OR_LL_RESULT_AND_NO_ACTIVE_GIMPS_ASSIGNMENT,2026-08-09T09:12:31+00:00,UNALLOCATED,,,,,
SLCMP2607-0194,194,194,794010617,2^794010617-1,STRUCTURAL_SCREEN_EXHAUSTED_PRIMALITY_UNASSIGNED,GF3A_DIRECTIONAL_WRITE_EXHAUSTED_PRIMALITY_UNASSIGNED,513,512,512,NO_RECORDED_FACTOR_PRP_OR_LL_RESULT_AND_NO_ACTIVE_GIMPS_ASSIGNMENT,2026-08-09T09:12:31+00:00,UNALLOCATED,,,,,
SLCMP2607-0195,195,195,794010629,2^794010629-1,STRUCTURAL_SCREEN_EXHAUSTED_PRIMALITY_UNASSIGNED,GF3A_DIRECTIONAL_WRITE_EXHAUSTED_PRIMALITY_UNASSIGNED,513,512,512,NO_RECORDED_FACTOR_PRP_OR_LL_RESULT_AND_NO_ACTIVE_GIMPS_ASSIGNMENT,2026-08-09T09:12:31+00:00,UNALLOCATED,,,,,
SLCMP2607-0196,196,196,794010641,2^794010641-1,STRUCTURAL_SCREEN_EXHAUSTED_PRIMALITY_UNASSIGNED,GF3A_DIRECTIONAL_WRITE_EXHAUSTED_PRIMALITY_UNASSIGNED,513,512,512,NO_RECORDED_FACTOR_PRP_OR_LL_RESULT_AND_NO_ACTIVE_GIMPS_ASSIGNMENT,2026-08-09T09:12:31+00:00,UNALLOCATED,,,,,
SLCMP2607-0197,197,197,794010677,2^794010677-1,STRUCTURAL_SCREEN_EXHAUSTED_PRIMALITY_UNASSIGNED,GF3A_DIRECTIONAL_WRITE_EXHAUSTED_PRIMALITY_UNASSIGNED,513,512,512,NO_RECORDED_FACTOR_PRP_OR_LL_RESULT_AND_NO_ACTIVE_GIMPS_ASSIGNMENT,2026-08-09T09:12:31+00:00,UNALLOCATED,,,,,
SLCMP2607-0198,198,198,794010799,2^794010799-1,STRUCTURAL_SCREEN_EXHAUSTED_PRIMALITY_UNASSIGNED,GF3A_DIRECTIONAL_WRITE_EXHAUSTED_PRIMALITY_UNASSIGNED,514,512,512,NO_RECORDED_FACTOR_PRP_OR_LL_RESULT_AND_NO_ACTIVE_GIMPS_ASSIGNMENT,2026-08-09T09:12:31+00:00,UNALLOCATED,,,,,
SLCMP2607-0199,199,199,794010871,2^794010871-1,STRUCTURAL_SCREEN_EXHAUSTED_PRIMALITY_UNASSIGNED,GF3A_DIRECTIONAL_WRITE_EXHAUSTED_PRIMALITY_UNASSIGNED,514,512,512,NO_RECORDED_FACTOR_PRP_OR_LL_RESULT_AND_NO_ACTIVE_GIMPS_ASSIGNMENT,2026-08-09T09:12:31+00:00,UNALLOCATED,,,,,
SLCMP2607-0200,200,200,794010937,2^794010937-1,STRUCTURAL_SCREEN_EXHAUSTED_PRIMALITY_UNASSIGNED,GF3A_DIRECTIONAL_WRITE_EXHAUSTED_PRIMALITY_UNASSIGNED,513,512,512,NO_RECORDED_FACTOR_PRP_OR_LL_RESULT_AND_NO_ACTIVE_GIMPS_ASSIGNMENT,2026-08-09T09:12:31+00:00,UNALLOCATED,,,,,
SLCMP2607-0201,201,201,794010949,2^794010949-1,STRUCTURAL_SCREEN_EXHAUSTED_PRIMALITY_UNASSIGNED,GF3A_DIRECTIONAL_WRITE_EXHAUSTED_PRIMALITY_UNASSIGNED,513,512,512,NO_RECORDED_FACTOR_PRP_OR_LL_RESULT_AND_NO_ACTIVE_GIMPS_ASSIGNMENT,2026-08-09T09:12:31+00:00,UNALLOCATED,,,,,
SLCMP2607-0202,202,202,794010983,2^794010983-1,STRUCTURAL_SCREEN_EXHAUSTED_PRIMALITY_UNASSIGNED,GF3A_DIRECTIONAL_WRITE_EXHAUSTED_PRIMALITY_UNASSIGNED,514,512,512,NO_RECORDED_FACTOR_PRP_OR_LL_RESULT_AND_NO_ACTIVE_GIMPS_ASSIGNMENT,2026-08-09T09:12:31+00:00,UNALLOCATED,,,,,
SLCMP2607-0203,203,203,794011051,2^794011051-1,STRUCTURAL_SCREEN_EXHAUSTED_PRIMALITY_UNASSIGNED,GF3A_DIRECTIONAL_WRITE_EXHAUSTED_PRIMALITY_UNASSIGNED,514,512,512,NO_RECORDED_FACTOR_PRP_OR_LL_RESULT_AND_NO_ACTIVE_GIMPS_ASSIGNMENT,2026-08-09T09:12:31+00:00,UNALLOCATED,,,,,
SLCMP2607-0204,204,204,794011193,2^794011193-1,STRUCTURAL_SCREEN_EXHAUSTED_PRIMALITY_UNASSIGNED,GF3A_DIRECTIONAL_WRITE_EXHAUSTED_PRIMALITY_UNASSIGNED,513,512,512,NO_RECORDED_FACTOR_PRP_OR_LL_RESULT_AND_NO_ACTIVE_GIMPS_ASSIGNMENT,2026-08-09T09:12:31+00:00,UNALLOCATED,,,,,
SLCMP2607-0205,205,205,794011397,2^794011397-1,STRUCTURAL_SCREEN_EXHAUSTED_PRIMALITY_UNASSIGNED,GF3A_DIRECTIONAL_WRITE_EXHAUSTED_PRIMALITY_UNASSIGNED,513,512,512,NO_RECORDED_FACTOR_PRP_OR_LL_RESULT_AND_NO_ACTIVE_GIMPS_ASSIGNMENT,2026-08-09T09:12:31+00:00,UNALLOCATED,,,,,
SLCMP2607-0206,206,206,794011489,2^794011489-1,STRUCTURAL_SCREEN_EXHAUSTED_PRIMALITY_UNASSIGNED,GF3A_DIRECTIONAL_WRITE_EXHAUSTED_PRIMALITY_UNASSIGNED,513,512,512,NO_RECORDED_FACTOR_PRP_OR_LL_RESULT_AND_NO_ACTIVE_GIMPS_ASSIGNMENT,2026-08-09T09:12:31+00:00,UNALLOCATED,,,,,
SLCMP2607-0207,207,207,794011597,2^794011597-1,STRUCTURAL_SCREEN_EXHAUSTED_PRIMALITY_UNASSIGNED,GF3A_DIRECTIONAL_WRITE_EXHAUSTED_PRIMALITY_UNASSIGNED,513,512,512,NO_RECORDED_FACTOR_PRP_OR_LL_RESULT_AND_NO_ACTIVE_GIMPS_ASSIGNMENT,2026-08-09T09:12:31+00:00,UNALLOCATED,,,,,
SLCMP2607-0208,208,208,794011607,2^794011607-1,STRUCTURAL_SCREEN_EXHAUSTED_PRIMALITY_UNASSIGNED,GF3A_DIRECTIONAL_WRITE_EXHAUSTED_PRIMALITY_UNASSIGNED,514,512,512,NO_RECORDED_FACTOR_PRP_OR_LL_RESULT_AND_NO_ACTIVE_GIMPS_ASSIGNMENT,2026-08-09T09:12:31+00:00,UNALLOCATED,,,,,
SLCMP2607-0209,209,209,794011627,2^794011627-1,STRUCTURAL_SCREEN_EXHAUSTED_PRIMALITY_UNASSIGNED,GF3A_DIRECTIONAL_WRITE_EXHAUSTED_PRIMALITY_UNASSIGNED,514,512,512,NO_RECORDED_FACTOR_PRP_OR_LL_RESULT_AND_NO_ACTIVE_GIMPS_ASSIGNMENT,2026-08-09T09:12:31+00:00,UNALLOCATED,,,,,
SLCMP2607-0210,210,210,794011651,2^794011651-1,STRUCTURAL_SCREEN_EXHAUSTED_PRIMALITY_UNASSIGNED,GF3A_DIRECTIONAL_WRITE_EXHAUSTED_PRIMALITY_UNASSIGNED,514,512,512,NO_RECORDED_FACTOR_PRP_OR_LL_RESULT_AND_NO_ACTIVE_GIMPS_ASSIGNMENT,2026-08-09T09:12:31+00:00,UNALLOCATED,,,,,
SLCMP2607-0211,211,211,794011663,2^794011663-1,STRUCTURAL_SCREEN_EXHAUSTED_PRIMALITY_UNASSIGNED,GF3A_DIRECTIONAL_WRITE_EXHAUSTED_PRIMALITY_UNASSIGNED,514,512,512,NO_RECORDED_FACTOR_PRP_OR_LL_RESULT_AND_NO_ACTIVE_GIMPS_ASSIGNMENT,2026-08-09T09:12:31+00:00,UNALLOCATED,,,,,
SLCMP2607-0212,212,212,794011703,2^794011703-1,STRUCTURAL_SCREEN_EXHAUSTED_PRIMALITY_UNASSIGNED,GF3A_DIRECTIONAL_WRITE_EXHAUSTED_PRIMALITY_UNASSIGNED,514,512,512,NO_RECORDED_FACTOR_PRP_OR_LL_RESULT_AND_NO_ACTIVE_GIMPS_ASSIGNMENT,2026-08-09T09:12:31+00:00,UNALLOCATED,,,,,
SLCMP2607-0213,213,213,794011753,2^794011753-1,STRUCTURAL_SCREEN_EXHAUSTED_PRIMALITY_UNASSIGNED,GF3A_DIRECTIONAL_WRITE_EXHAUSTED_PRIMALITY_UNASSIGNED,513,512,512,NO_RECORDED_FACTOR_PRP_OR_LL_RESULT_AND_NO_ACTIVE_GIMPS_ASSIGNMENT,2026-08-09T09:12:31+00:00,UNALLOCATED,,,,,
SLCMP2607-0214,214,214,794011759,2^794011759-1,STRUCTURAL_SCREEN_EXHAUSTED_PRIMALITY_UNASSIGNED,GF3A_DIRECTIONAL_WRITE_EXHAUSTED_PRIMALITY_UNASSIGNED,514,512,512,NO_RECORDED_FACTOR_PRP_OR_LL_RESULT_AND_NO_ACTIVE_GIMPS_ASSIGNMENT,2026-08-09T09:12:31+00:00,UNALLOCATED,,,,,
SLCMP2607-0215,215,215,794011769,2^794011769-1,STRUCTURAL_SCREEN_EXHAUSTED_PRIMALITY_UNASSIGNED,GF3A_DIRECTIONAL_WRITE_EXHAUSTED_PRIMALITY_UNASSIGNED,513,512,512,NO_RECORDED_FACTOR_PRP_OR_LL_RESULT_AND_NO_ACTIVE_GIMPS_ASSIGNMENT,2026-08-09T09:12:31+00:00,UNALLOCATED,,,,,
SLCMP2607-0216,216,216,794011879,2^794011879-1,STRUCTURAL_SCREEN_EXHAUSTED_PRIMALITY_UNASSIGNED,GF3A_DIRECTIONAL_WRITE_EXHAUSTED_PRIMALITY_UNASSIGNED,514,512,512,NO_RECORDED_FACTOR_PRP_OR_LL_RESULT_AND_NO_ACTIVE_GIMPS_ASSIGNMENT,2026-08-09T09:12:31+00:00,UNALLOCATED,,,,,
SLCMP2607-0217,217,217,794011951,2^794011951-1,STRUCTURAL_SCREEN_EXHAUSTED_PRIMALITY_UNASSIGNED,GF3A_DIRECTIONAL_WRITE_EXHAUSTED_PRIMALITY_UNASSIGNED,514,512,512,NO_RECORDED_FACTOR_PRP_OR_LL_RESULT_AND_NO_ACTIVE_GIMPS_ASSIGNMENT,2026-08-09T09:12:31+00:00,UNALLOCATED,,,,,
SLCMP2607-0218,218,218,794011969,2^794011969-1,STRUCTURAL_SCREEN_EXHAUSTED_PRIMALITY_UNASSIGNED,GF3A_DIRECTIONAL_WRITE_EXHAUSTED_PRIMALITY_UNASSIGNED,513,512,512,NO_RECORDED_FACTOR_PRP_OR_LL_RESULT_AND_NO_ACTIVE_GIMPS_ASSIGNMENT,2026-08-09T09:12:31+00:00,UNALLOCATED,,,,,
SLCMP2607-0219,219,219,794012137,2^794012137-1,STRUCTURAL_SCREEN_EXHAUSTED_PRIMALITY_UNASSIGNED,GF3A_DIRECTIONAL_WRITE_EXHAUSTED_PRIMALITY_UNASSIGNED,513,512,512,NO_RECORDED_FACTOR_PRP_OR_LL_RESULT_AND_NO_ACTIVE_GIMPS_ASSIGNMENT,2026-08-09T09:12:31+00:00,UNALLOCATED,,,,,
SLCMP2607-0220,220,220,794012203,2^794012203-1,STRUCTURAL_SCREEN_EXHAUSTED_PRIMALITY_UNASSIGNED,GF3A_DIRECTIONAL_WRITE_EXHAUSTED_PRIMALITY_UNASSIGNED,514,512,512,NO_RECORDED_FACTOR_PRP_OR_LL_RESULT_AND_NO_ACTIVE_GIMPS_ASSIGNMENT,2026-08-09T09:12:31+00:00,UNALLOCATED,,,,,
SLCMP2607-0221,221,221,794012309,2^794012309-1,STRUCTURAL_SCREEN_EXHAUSTED_PRIMALITY_UNASSIGNED,GF3A_DIRECTIONAL_WRITE_EXHAUSTED_PRIMALITY_UNASSIGNED,513,512,512,NO_RECORDED_FACTOR_PRP_OR_LL_RESULT_AND_NO_ACTIVE_GIMPS_ASSIGNMENT,2026-08-09T09:12:31+00:00,UNALLOCATED,,,,,
SLCMP2607-0222,222,222,794012363,2^794012363-1,STRUCTURAL_SCREEN_EXHAUSTED_PRIMALITY_UNASSIGNED,GF3A_DIRECTIONAL_WRITE_EXHAUSTED_PRIMALITY_UNASSIGNED,514,512,512,NO_RECORDED_FACTOR_PRP_OR_LL_RESULT_AND_NO_ACTIVE_GIMPS_ASSIGNMENT,2026-08-09T09:12:31+00:00,UNALLOCATED,,,,,
SLCMP2607-0223,223,223,794012389,2^794012389-1,STRUCTURAL_SCREEN_EXHAUSTED_PRIMALITY_UNASSIGNED,GF3A_DIRECTIONAL_WRITE_EXHAUSTED_PRIMALITY_UNASSIGNED,513,512,512,NO_RECORDED_FACTOR_PRP_OR_LL_RESULT_AND_NO_ACTIVE_GIMPS_ASSIGNMENT,2026-08-09T09:12:31+00:00,UNALLOCATED,,,,,
SLCMP2607-0224,224,224,794012447,2^794012447-1,STRUCTURAL_SCREEN_EXHAUSTED_PRIMALITY_UNASSIGNED,GF3A_DIRECTIONAL_WRITE_EXHAUSTED_PRIMALITY_UNASSIGNED,514,512,512,NO_RECORDED_FACTOR_PRP_OR_LL_RESULT_AND_NO_ACTIVE_GIMPS_ASSIGNMENT,2026-08-09T09:12:31+00:00,UNALLOCATED,,,,,
SLCMP2607-0225,225,225,794012599,2^794012599-1,STRUCTURAL_SCREEN_EXHAUSTED_PRIMALITY_UNASSIGNED,GF3A_DIRECTIONAL_WRITE_EXHAUSTED_PRIMALITY_UNASSIGNED,514,512,512,NO_RECORDED_FACTOR_PRP_OR_LL_RESULT_AND_NO_ACTIVE_GIMPS_ASSIGNMENT,2026-08-09T09:12:31+00:00,UNALLOCATED,,,,,
SLCMP2607-0226,226,226,794012617,2^794012617-1,STRUCTURAL_SCREEN_EXHAUSTED_PRIMALITY_UNASSIGNED,GF3A_DIRECTIONAL_WRITE_EXHAUSTED_PRIMALITY_UNASSIGNED,513,512,512,NO_RECORDED_FACTOR_PRP_OR_LL_RESULT_AND_NO_ACTIVE_GIMPS_ASSIGNMENT,2026-08-09T09:12:31+00:00,UNALLOCATED,,,,,
SLCMP2607-0227,227,227,794012669,2^794012669-1,STRUCTURAL_SCREEN_EXHAUSTED_PRIMALITY_UNASSIGNED,GF3A_DIRECTIONAL_WRITE_EXHAUSTED_PRIMALITY_UNASSIGNED,513,512,512,NO_RECORDED_FACTOR_PRP_OR_LL_RESULT_AND_NO_ACTIVE_GIMPS_ASSIGNMENT,2026-08-09T09:12:31+00:00,UNALLOCATED,,,,,
SLCMP2607-0228,228,228,794012671,2^794012671-1,STRUCTURAL_SCREEN_EXHAUSTED_PRIMALITY_UNASSIGNED,GF3A_DIRECTIONAL_WRITE_EXHAUSTED_PRIMALITY_UNASSIGNED,514,512,512,NO_RECORDED_FACTOR_PRP_OR_LL_RESULT_AND_NO_ACTIVE_GIMPS_ASSIGNMENT,2026-08-09T09:12:31+00:00,UNALLOCATED,,,,,
SLCMP2607-0229,229,229,794012749,2^794012749-1,STRUCTURAL_SCREEN_EXHAUSTED_PRIMALITY_UNASSIGNED,GF3A_DIRECTIONAL_WRITE_EXHAUSTED_PRIMALITY_UNASSIGNED,513,512,512,NO_RECORDED_FACTOR_PRP_OR_LL_RESULT_AND_NO_ACTIVE_GIMPS_ASSIGNMENT,2026-08-09T09:12:31+00:00,UNALLOCATED,,,,,
SLCMP2607-0230,230,230,794012801,2^794012801-1,STRUCTURAL_SCREEN_EXHAUSTED_PRIMALITY_UNASSIGNED,GF3A_DIRECTIONAL_WRITE_EXHAUSTED_PRIMALITY_UNASSIGNED,513,512,512,NO_RECORDED_FACTOR_PRP_OR_LL_RESULT_AND_NO_ACTIVE_GIMPS_ASSIGNMENT,2026-08-09T09:12:31+00:00,UNALLOCATED,,,,,
SLCMP2607-0231,231,231,794012911,2^794012911-1,STRUCTURAL_SCREEN_EXHAUSTED_PRIMALITY_UNASSIGNED,GF3A_DIRECTIONAL_WRITE_EXHAUSTED_PRIMALITY_UNASSIGNED,514,512,512,NO_RECORDED_FACTOR_PRP_OR_LL_RESULT_AND_NO_ACTIVE_GIMPS_ASSIGNMENT,2026-08-09T09:12:31+00:00,UNALLOCATED,,,,,
SLCMP2607-0232,232,232,794012987,2^794012987-1,STRUCTURAL_SCREEN_EXHAUSTED_PRIMALITY_UNASSIGNED,GF3A_DIRECTIONAL_WRITE_EXHAUSTED_PRIMALITY_UNASSIGNED,514,512,512,NO_RECORDED_FACTOR_PRP_OR_LL_RESULT_AND_NO_ACTIVE_GIMPS_ASSIGNMENT,2026-08-09T09:12:31+00:00,UNALLOCATED,,,,,
SLCMP2607-0233,233,233,794012993,2^794012993-1,STRUCTURAL_SCREEN_EXHAUSTED_PRIMALITY_UNASSIGNED,GF3A_DIRECTIONAL_WRITE_EXHAUSTED_PRIMALITY_UNASSIGNED,513,512,512,NO_RECORDED_FACTOR_PRP_OR_LL_RESULT_AND_NO_ACTIVE_GIMPS_ASSIGNMENT,2026-08-09T09:12:31+00:00,UNALLOCATED,,,,,
SLCMP2607-0234,234,234,794013049,2^794013049-1,STRUCTURAL_SCREEN_EXHAUSTED_PRIMALITY_UNASSIGNED,GF3A_DIRECTIONAL_WRITE_EXHAUSTED_PRIMALITY_UNASSIGNED,513,512,512,NO_RECORDED_FACTOR_PRP_OR_LL_RESULT_AND_NO_ACTIVE_GIMPS_ASSIGNMENT,2026-08-09T09:12:31+00:00,UNALLOCATED,,,,,
SLCMP2607-0235,235,235,794013163,2^794013163-1,STRUCTURAL_SCREEN_EXHAUSTED_PRIMALITY_UNASSIGNED,GF3A_DIRECTIONAL_WRITE_EXHAUSTED_PRIMALITY_UNASSIGNED,514,512,512,NO_RECORDED_FACTOR_PRP_OR_LL_RESULT_AND_NO_ACTIVE_GIMPS_ASSIGNMENT,2026-08-09T09:12:31+00:00,UNALLOCATED,,,,,
SLCMP2607-0236,236,236,794013179,2^794013179-1,STRUCTURAL_SCREEN_EXHAUSTED_PRIMALITY_UNASSIGNED,GF3A_DIRECTIONAL_WRITE_EXHAUSTED_PRIMALITY_UNASSIGNED,514,512,512,NO_RECORDED_FACTOR_PRP_OR_LL_RESULT_AND_NO_ACTIVE_GIMPS_ASSIGNMENT,2026-08-09T09:12:31+00:00,UNALLOCATED,,,,,
SLCMP2607-0237,237,237,794013223,2^794013223-1,STRUCTURAL_SCREEN_EXHAUSTED_PRIMALITY_UNASSIGNED,GF3A_DIRECTIONAL_WRITE_EXHAUSTED_PRIMALITY_UNASSIGNED,514,512,512,NO_RECORDED_FACTOR_PRP_OR_LL_RESULT_AND_NO_ACTIVE_GIMPS_ASSIGNMENT,2026-08-09T09:12:31+00:00,UNALLOCATED,,,,,
SLCMP2607-0238,238,238,794013239,2^794013239-1,STRUCTURAL_SCREEN_EXHAUSTED_PRIMALITY_UNASSIGNED,GF3A_DIRECTIONAL_WRITE_EXHAUSTED_PRIMALITY_UNASSIGNED,514,512,512,NO_RECORDED_FACTOR_PRP_OR_LL_RESULT_AND_NO_ACTIVE_GIMPS_ASSIGNMENT,2026-08-09T09:12:31+00:00,UNALLOCATED,,,,,
SLCMP2607-0239,239,239,794013307,2^794013307-1,STRUCTURAL_SCREEN_EXHAUSTED_PRIMALITY_UNASSIGNED,GF3A_DIRECTIONAL_WRITE_EXHAUSTED_PRIMALITY_UNASSIGNED,514,512,512,NO_RECORDED_FACTOR_PRP_OR_LL_RESULT_AND_NO_ACTIVE_GIMPS_ASSIGNMENT,2026-08-09T09:12:31+00:00,UNALLOCATED,,,,,
SLCMP2607-0240,240,240,794013331,2^794013331-1,STRUCTURAL_SCREEN_EXHAUSTED_PRIMALITY_UNASSIGNED,GF3A_DIRECTIONAL_WRITE_EXHAUSTED_PRIMALITY_UNASSIGNED,514,512,512,NO_RECORDED_FACTOR_PRP_OR_LL_RESULT_AND_NO_ACTIVE_GIMPS_ASSIGNMENT,2026-08-09T09:12:31+00:00,UNALLOCATED,,,,,
SLCMP2607-0241,241,241,794013403,2^794013403-1,STRUCTURAL_SCREEN_EXHAUSTED_PRIMALITY_UNASSIGNED,GF3A_DIRECTIONAL_WRITE_EXHAUSTED_PRIMALITY_UNASSIGNED,514,512,512,NO_RECORDED_FACTOR_PRP_OR_LL_RESULT_AND_NO_ACTIVE_GIMPS_ASSIGNMENT,2026-08-09T09:12:31+00:00,UNALLOCATED,,,,,
SLCMP2607-0242,242,242,794013427,2^794013427-1,STRUCTURAL_SCREEN_EXHAUSTED_PRIMALITY_UNASSIGNED,GF3A_DIRECTIONAL_WRITE_EXHAUSTED_PRIMALITY_UNASSIGNED,514,512,512,NO_RECORDED_FACTOR_PRP_OR_LL_RESULT_AND_NO_ACTIVE_GIMPS_ASSIGNMENT,2026-08-09T09:12:31+00:00,UNALLOCATED,,,,,
SLCMP2607-0243,243,243,794013431,2^794013431-1,STRUCTURAL_SCREEN_EXHAUSTED_PRIMALITY_UNASSIGNED,GF3A_DIRECTIONAL_WRITE_EXHAUSTED_PRIMALITY_UNASSIGNED,514,512,512,NO_RECORDED_FACTOR_PRP_OR_LL_RESULT_AND_NO_ACTIVE_GIMPS_ASSIGNMENT,2026-08-09T09:12:31+00:00,UNALLOCATED,,,,,
SLCMP2607-0244,244,244,794013433,2^794013433-1,STRUCTURAL_SCREEN_EXHAUSTED_PRIMALITY_UNASSIGNED,GF3A_DIRECTIONAL_WRITE_EXHAUSTED_PRIMALITY_UNASSIGNED,513,512,512,NO_RECORDED_FACTOR_PRP_OR_LL_RESULT_AND_NO_ACTIVE_GIMPS_ASSIGNMENT,2026-08-09T09:12:31+00:00,UNALLOCATED,,,,,
SLCMP2607-0245,245,245,794013491,2^794013491-1,STRUCTURAL_SCREEN_EXHAUSTED_PRIMALITY_UNASSIGNED,GF3A_DIRECTIONAL_WRITE_EXHAUSTED_PRIMALITY_UNASSIGNED,514,512,512,NO_RECORDED_FACTOR_PRP_OR_LL_RESULT_AND_NO_ACTIVE_GIMPS_ASSIGNMENT,2026-08-09T09:12:31+00:00,UNALLOCATED,,,,,
SLCMP2607-0246,246,246,794013581,2^794013581-1,STRUCTURAL_SCREEN_EXHAUSTED_PRIMALITY_UNASSIGNED,GF3A_DIRECTIONAL_WRITE_EXHAUSTED_PRIMALITY_UNASSIGNED,513,512,512,NO_RECORDED_FACTOR_PRP_OR_LL_RESULT_AND_NO_ACTIVE_GIMPS_ASSIGNMENT,2026-08-09T09:12:31+00:00,UNALLOCATED,,,,,
SLCMP2607-0247,247,247,794013631,2^794013631-1,STRUCTURAL_SCREEN_EXHAUSTED_PRIMALITY_UNASSIGNED,GF3A_DIRECTIONAL_WRITE_EXHAUSTED_PRIMALITY_UNASSIGNED,514,512,512,NO_RECORDED_FACTOR_PRP_OR_LL_RESULT_AND_NO_ACTIVE_GIMPS_ASSIGNMENT,2026-08-09T09:12:31+00:00,UNALLOCATED,,,,,
SLCMP2607-0248,248,248,794013721,2^794013721-1,STRUCTURAL_SCREEN_EXHAUSTED_PRIMALITY_UNASSIGNED,GF3A_DIRECTIONAL_WRITE_EXHAUSTED_PRIMALITY_UNASSIGNED,513,512,512,NO_RECORDED_FACTOR_PRP_OR_LL_RESULT_AND_NO_ACTIVE_GIMPS_ASSIGNMENT,2026-08-09T09:12:31+00:00,UNALLOCATED,,,,,
SLCMP2607-0249,249,249,794013763,2^794013763-1,STRUCTURAL_SCREEN_EXHAUSTED_PRIMALITY_UNASSIGNED,GF3A_DIRECTIONAL_WRITE_EXHAUSTED_PRIMALITY_UNASSIGNED,514,512,512,NO_RECORDED_FACTOR_PRP_OR_LL_RESULT_AND_NO_ACTIVE_GIMPS_ASSIGNMENT,2026-08-09T09:12:31+00:00,UNALLOCATED,,,,,
SLCMP2607-0250,250,250,794013811,2^794013811-1,STRUCTURAL_SCREEN_EXHAUSTED_PRIMALITY_UNASSIGNED,GF3A_DIRECTIONAL_WRITE_EXHAUSTED_PRIMALITY_UNASSIGNED,514,512,512,NO_RECORDED_FACTOR_PRP_OR_LL_RESULT_AND_NO_ACTIVE_GIMPS_ASSIGNMENT,2026-08-09T09:12:31+00:00,UNALLOCATED,,,,,
SLCMP2607-0251,251,251,794013907,2^794013907-1,STRUCTURAL_SCREEN_EXHAUSTED_PRIMALITY_UNASSIGNED,GF3A_DIRECTIONAL_WRITE_EXHAUSTED_PRIMALITY_UNASSIGNED,514,512,512,NO_RECORDED_FACTOR_PRP_OR_LL_RESULT_AND_NO_ACTIVE_GIMPS_ASSIGNMENT,2026-08-09T09:12:31+00:00,UNALLOCATED,,,,,
SLCMP2607-0252,252,252,794013959,2^794013959-1,STRUCTURAL_SCREEN_EXHAUSTED_PRIMALITY_UNASSIGNED,GF3A_DIRECTIONAL_WRITE_EXHAUSTED_PRIMALITY_UNASSIGNED,514,512,512,NO_RECORDED_FACTOR_PRP_OR_LL_RESULT_AND_NO_ACTIVE_GIMPS_ASSIGNMENT,2026-08-09T09:12:31+00:00,UNALLOCATED,,,,,
SLCMP2607-0253,253,253,794014079,2^794014079-1,STRUCTURAL_SCREEN_EXHAUSTED_PRIMALITY_UNASSIGNED,GF3A_DIRECTIONAL_WRITE_EXHAUSTED_PRIMALITY_UNASSIGNED,514,512,512,NO_RECORDED_FACTOR_PRP_OR_LL_RESULT_AND_NO_ACTIVE_GIMPS_ASSIGNMENT,2026-08-09T09:12:31+00:00,UNALLOCATED,,,,,
SLCMP2607-0254,254,254,794014231,2^794014231-1,STRUCTURAL_SCREEN_EXHAUSTED_PRIMALITY_UNASSIGNED,GF3A_DIRECTIONAL_WRITE_EXHAUSTED_PRIMALITY_UNASSIGNED,514,512,512,NO_RECORDED_FACTOR_PRP_OR_LL_RESULT_AND_NO_ACTIVE_GIMPS_ASSIGNMENT,2026-08-09T09:12:31+00:00,UNALLOCATED,,,,,
SLCMP2607-0255,255,255,794014363,2^794014363-1,STRUCTURAL_SCREEN_EXHAUSTED_PRIMALITY_UNASSIGNED,GF3A_DIRECTIONAL_WRITE_EXHAUSTED_PRIMALITY_UNASSIGNED,514,512,512,NO_RECORDED_FACTOR_PRP_OR_LL_RESULT_AND_NO_ACTIVE_GIMPS_ASSIGNMENT,2026-08-09T09:12:31+00:00,UNALLOCATED,,,,,
SLCMP2607-0256,256,256,794014367,2^794014367-1,STRUCTURAL_SCREEN_EXHAUSTED_PRIMALITY_UNASSIGNED,GF3A_DIRECTIONAL_WRITE_EXHAUSTED_PRIMALITY_UNASSIGNED,514,512,512,NO_RECORDED_FACTOR_PRP_OR_LL_RESULT_AND_NO_ACTIVE_GIMPS_ASSIGNMENT,2026-08-09T09:12:31+00:00,UNALLOCATED,,,,,
SLCMP2607-0257,257,257,794014379,2^794014379-1,STRUCTURAL_SCREEN_EXHAUSTED_PRIMALITY_UNASSIGNED,GF3A_DIRECTIONAL_WRITE_EXHAUSTED_PRIMALITY_UNASSIGNED,514,512,512,NO_RECORDED_FACTOR_PRP_OR_LL_RESULT_AND_NO_ACTIVE_GIMPS_ASSIGNMENT,2026-08-09T09:12:31+00:00,UNALLOCATED,,,,,
SLCMP2607-0258,258,258,794014399,2^794014399-1,STRUCTURAL_SCREEN_EXHAUSTED_PRIMALITY_UNASSIGNED,GF3A_DIRECTIONAL_WRITE_EXHAUSTED_PRIMALITY_UNASSIGNED,514,512,512,NO_RECORDED_FACTOR_PRP_OR_LL_RESULT_AND_NO_ACTIVE_GIMPS_ASSIGNMENT,2026-08-09T09:12:31+00:00,UNALLOCATED,,,,,
SLCMP2607-0259,259,259,794014499,2^794014499-1,STRUCTURAL_SCREEN_EXHAUSTED_PRIMALITY_UNASSIGNED,GF3A_DIRECTIONAL_WRITE_EXHAUSTED_PRIMALITY_UNASSIGNED,514,512,512,NO_RECORDED_FACTOR_PRP_OR_LL_RESULT_AND_NO_ACTIVE_GIMPS_ASSIGNMENT,2026-08-09T09:12:31+00:00,UNALLOCATED,,,,,
SLCMP2607-0260,260,260,794014523,2^794014523-1,STRUCTURAL_SCREEN_EXHAUSTED_PRIMALITY_UNASSIGNED,GF3A_DIRECTIONAL_WRITE_EXHAUSTED_PRIMALITY_UNASSIGNED,514,512,512,NO_RECORDED_FACTOR_PRP_OR_LL_RESULT_AND_NO_ACTIVE_GIMPS_ASSIGNMENT,2026-08-09T09:12:31+00:00,UNALLOCATED,,,,,
SLCMP2607-0261,261,261,794014567,2^794014567-1,STRUCTURAL_SCREEN_EXHAUSTED_PRIMALITY_UNASSIGNED,GF3A_DIRECTIONAL_WRITE_EXHAUSTED_PRIMALITY_UNASSIGNED,514,512,512,NO_RECORDED_FACTOR_PRP_OR_LL_RESULT_AND_NO_ACTIVE_GIMPS_ASSIGNMENT,2026-08-09T09:12:31+00:00,UNALLOCATED,,,,,
SLCMP2607-0262,262,262,794014589,2^794014589-1,STRUCTURAL_SCREEN_EXHAUSTED_PRIMALITY_UNASSIGNED,GF3A_DIRECTIONAL_WRITE_EXHAUSTED_PRIMALITY_UNASSIGNED,513,512,512,NO_RECORDED_FACTOR_PRP_OR_LL_RESULT_AND_NO_ACTIVE_GIMPS_ASSIGNMENT,2026-08-09T09:12:31+00:00,UNALLOCATED,,,,,
SLCMP2607-0263,263,263,794014723,2^794014723-1,STRUCTURAL_SCREEN_EXHAUSTED_PRIMALITY_UNASSIGNED,GF3A_DIRECTIONAL_WRITE_EXHAUSTED_PRIMALITY_UNASSIGNED,514,512,512,NO_RECORDED_FACTOR_PRP_OR_LL_RESULT_AND_NO_ACTIVE_GIMPS_ASSIGNMENT,2026-08-09T09:12:31+00:00,UNALLOCATED,,,,,
SLCMP2607-0264,264,264,794014729,2^794014729-1,STRUCTURAL_SCREEN_EXHAUSTED_PRIMALITY_UNASSIGNED,GF3A_DIRECTIONAL_WRITE_EXHAUSTED_PRIMALITY_UNASSIGNED,513,512,512,NO_RECORDED_FACTOR_PRP_OR_LL_RESULT_AND_NO_ACTIVE_GIMPS_ASSIGNMENT,2026-08-09T09:12:31+00:00,UNALLOCATED,,,,,
SLCMP2607-0265,265,265,794014847,2^794014847-1,STRUCTURAL_SCREEN_EXHAUSTED_PRIMALITY_UNASSIGNED,GF3A_DIRECTIONAL_WRITE_EXHAUSTED_PRIMALITY_UNASSIGNED,514,512,512,NO_RECORDED_FACTOR_PRP_OR_LL_RESULT_AND_NO_ACTIVE_GIMPS_ASSIGNMENT,2026-08-09T09:12:31+00:00,UNALLOCATED,,,,,
SLCMP2607-0266,266,266,794014853,2^794014853-1,STRUCTURAL_SCREEN_EXHAUSTED_PRIMALITY_UNASSIGNED,GF3A_DIRECTIONAL_WRITE_EXHAUSTED_PRIMALITY_UNASSIGNED,513,512,512,NO_RECORDED_FACTOR_PRP_OR_LL_RESULT_AND_NO_ACTIVE_GIMPS_ASSIGNMENT,2026-08-09T09:12:31+00:00,UNALLOCATED,,,,,
SLCMP2607-0267,267,267,794014951,2^794014951-1,STRUCTURAL_SCREEN_EXHAUSTED_PRIMALITY_UNASSIGNED,GF3A_DIRECTIONAL_WRITE_EXHAUSTED_PRIMALITY_UNASSIGNED,514,512,512,NO_RECORDED_FACTOR_PRP_OR_LL_RESULT_AND_NO_ACTIVE_GIMPS_ASSIGNMENT,2026-08-09T09:12:31+00:00,UNALLOCATED,,,,,
SLCMP2607-0268,268,268,794014961,2^794014961-1,STRUCTURAL_SCREEN_EXHAUSTED_PRIMALITY_UNASSIGNED,GF3A_DIRECTIONAL_WRITE_EXHAUSTED_PRIMALITY_UNASSIGNED,513,512,512,NO_RECORDED_FACTOR_PRP_OR_LL_RESULT_AND_NO_ACTIVE_GIMPS_ASSIGNMENT,2026-08-09T09:12:31+00:00,UNALLOCATED,,,,,
SLCMP2607-0269,269,269,794014987,2^794014987-1,STRUCTURAL_SCREEN_EXHAUSTED_PRIMALITY_UNASSIGNED,GF3A_DIRECTIONAL_WRITE_EXHAUSTED_PRIMALITY_UNASSIGNED,514,512,512,NO_RECORDED_FACTOR_PRP_OR_LL_RESULT_AND_NO_ACTIVE_GIMPS_ASSIGNMENT,2026-08-09T09:12:31+00:00,UNALLOCATED,,,,,
SLCMP2607-0270,270,270,794014999,2^794014999-1,STRUCTURAL_SCREEN_EXHAUSTED_PRIMALITY_UNASSIGNED,GF3A_DIRECTIONAL_WRITE_EXHAUSTED_PRIMALITY_UNASSIGNED,514,512,512,NO_RECORDED_FACTOR_PRP_OR_LL_RESULT_AND_NO_ACTIVE_GIMPS_ASSIGNMENT,2026-08-09T09:12:31+00:00,UNALLOCATED,,,,,
SLCMP2607-0271,271,271,794015009,2^794015009-1,STRUCTURAL_SCREEN_EXHAUSTED_PRIMALITY_UNASSIGNED,GF3A_DIRECTIONAL_WRITE_EXHAUSTED_PRIMALITY_UNASSIGNED,513,512,512,NO_RECORDED_FACTOR_PRP_OR_LL_RESULT_AND_NO_ACTIVE_GIMPS_ASSIGNMENT,2026-08-09T09:12:31+00:00,UNALLOCATED,,,,,
SLCMP2607-0272,272,272,794015021,2^794015021-1,STRUCTURAL_SCREEN_EXHAUSTED_PRIMALITY_UNASSIGNED,GF3A_DIRECTIONAL_WRITE_EXHAUSTED_PRIMALITY_UNASSIGNED,513,512,512,NO_RECORDED_FACTOR_PRP_OR_LL_RESULT_AND_NO_ACTIVE_GIMPS_ASSIGNMENT,2026-08-09T09:12:31+00:00,UNALLOCATED,,,,,
SLCMP2607-0273,273,273,794015129,2^794015129-1,STRUCTURAL_SCREEN_EXHAUSTED_PRIMALITY_UNASSIGNED,GF3A_DIRECTIONAL_WRITE_EXHAUSTED_PRIMALITY_UNASSIGNED,513,512,512,NO_RECORDED_FACTOR_PRP_OR_LL_RESULT_AND_NO_ACTIVE_GIMPS_ASSIGNMENT,2026-08-09T09:12:31+00:00,UNALLOCATED,,,,,
SLCMP2607-0274,274,274,794015213,2^794015213-1,STRUCTURAL_SCREEN_EXHAUSTED_PRIMALITY_UNASSIGNED,GF3A_DIRECTIONAL_WRITE_EXHAUSTED_PRIMALITY_UNASSIGNED,513,512,512,NO_RECORDED_FACTOR_PRP_OR_LL_RESULT_AND_NO_ACTIVE_GIMPS_ASSIGNMENT,2026-08-09T09:12:31+00:00,UNALLOCATED,,,,,
SLCMP2607-0275,275,275,794015293,2^794015293-1,STRUCTURAL_SCREEN_EXHAUSTED_PRIMALITY_UNASSIGNED,GF3A_DIRECTIONAL_WRITE_EXHAUSTED_PRIMALITY_UNASSIGNED,513,512,512,NO_RECORDED_FACTOR_PRP_OR_LL_RESULT_AND_NO_ACTIVE_GIMPS_ASSIGNMENT,2026-08-09T09:12:31+00:00,UNALLOCATED,,,,,
SLCMP2607-0276,276,276,794015309,2^794015309-1,STRUCTURAL_SCREEN_EXHAUSTED_PRIMALITY_UNASSIGNED,GF3A_DIRECTIONAL_WRITE_EXHAUSTED_PRIMALITY_UNASSIGNED,513,512,512,NO_RECORDED_FACTOR_PRP_OR_LL_RESULT_AND_NO_ACTIVE_GIMPS_ASSIGNMENT,2026-08-09T09:12:31+00:00,UNALLOCATED,,,,,
SLCMP2607-0277,277,277,794015329,2^794015329-1,STRUCTURAL_SCREEN_EXHAUSTED_PRIMALITY_UNASSIGNED,GF3A_DIRECTIONAL_WRITE_EXHAUSTED_PRIMALITY_UNASSIGNED,513,512,512,NO_RECORDED_FACTOR_PRP_OR_LL_RESULT_AND_NO_ACTIVE_GIMPS_ASSIGNMENT,2026-08-09T09:12:31+00:00,UNALLOCATED,,,,,
SLCMP2607-0278,278,278,794015347,2^794015347-1,STRUCTURAL_SCREEN_EXHAUSTED_PRIMALITY_UNASSIGNED,GF3A_DIRECTIONAL_WRITE_EXHAUSTED_PRIMALITY_UNASSIGNED,514,512,512,NO_RECORDED_FACTOR_PRP_OR_LL_RESULT_AND_NO_ACTIVE_GIMPS_ASSIGNMENT,2026-08-09T09:12:31+00:00,UNALLOCATED,,,,,
SLCMP2607-0279,279,279,794015393,2^794015393-1,STRUCTURAL_SCREEN_EXHAUSTED_PRIMALITY_UNASSIGNED,GF3A_DIRECTIONAL_WRITE_EXHAUSTED_PRIMALITY_UNASSIGNED,513,512,512,NO_RECORDED_FACTOR_PRP_OR_LL_RESULT_AND_NO_ACTIVE_GIMPS_ASSIGNMENT,2026-08-09T09:12:31+00:00,UNALLOCATED,,,,,
SLCMP2607-0280,280,280,794015423,2^794015423-1,STRUCTURAL_SCREEN_EXHAUSTED_PRIMALITY_UNASSIGNED,GF3A_DIRECTIONAL_WRITE_EXHAUSTED_PRIMALITY_UNASSIGNED,514,512,512,NO_RECORDED_FACTOR_PRP_OR_LL_RESULT_AND_NO_ACTIVE_GIMPS_ASSIGNMENT,2026-08-09T09:12:31+00:00,UNALLOCATED,,,,,
SLCMP2607-0281,281,281,794015477,2^794015477-1,STRUCTURAL_SCREEN_EXHAUSTED_PRIMALITY_UNASSIGNED,GF3A_DIRECTIONAL_WRITE_EXHAUSTED_PRIMALITY_UNASSIGNED,513,512,512,NO_RECORDED_FACTOR_PRP_OR_LL_RESULT_AND_NO_ACTIVE_GIMPS_ASSIGNMENT,2026-08-09T09:12:31+00:00,UNALLOCATED,,,,,
SLCMP2607-0282,282,282,794015479,2^794015479-1,STRUCTURAL_SCREEN_EXHAUSTED_PRIMALITY_UNASSIGNED,GF3A_DIRECTIONAL_WRITE_EXHAUSTED_PRIMALITY_UNASSIGNED,514,512,512,NO_RECORDED_FACTOR_PRP_OR_LL_RESULT_AND_NO_ACTIVE_GIMPS_ASSIGNMENT,2026-08-09T09:12:31+00:00,UNALLOCATED,,,,,
SLCMP2607-0283,283,283,794015527,2^794015527-1,STRUCTURAL_SCREEN_EXHAUSTED_PRIMALITY_UNASSIGNED,GF3A_DIRECTIONAL_WRITE_EXHAUSTED_PRIMALITY_UNASSIGNED,514,512,512,NO_RECORDED_FACTOR_PRP_OR_LL_RESULT_AND_NO_ACTIVE_GIMPS_ASSIGNMENT,2026-08-09T09:12:31+00:00,UNALLOCATED,,,,,
SLCMP2607-0284,284,284,794015533,2^794015533-1,STRUCTURAL_SCREEN_EXHAUSTED_PRIMALITY_UNASSIGNED,GF3A_DIRECTIONAL_WRITE_EXHAUSTED_PRIMALITY_UNASSIGNED,513,512,512,NO_RECORDED_FACTOR_PRP_OR_LL_RESULT_AND_NO_ACTIVE_GIMPS_ASSIGNMENT,2026-08-09T09:12:31+00:00,UNALLOCATED,,,,,
SLCMP2607-0285,285,285,794015581,2^794015581-1,STRUCTURAL_SCREEN_EXHAUSTED_PRIMALITY_UNASSIGNED,GF3A_DIRECTIONAL_WRITE_EXHAUSTED_PRIMALITY_UNASSIGNED,513,512,512,NO_RECORDED_FACTOR_PRP_OR_LL_RESULT_AND_NO_ACTIVE_GIMPS_ASSIGNMENT,2026-08-09T09:12:31+00:00,UNALLOCATED,,,,,
SLCMP2607-0286,286,286,794015609,2^794015609-1,STRUCTURAL_SCREEN_EXHAUSTED_PRIMALITY_UNASSIGNED,GF3A_DIRECTIONAL_WRITE_EXHAUSTED_PRIMALITY_UNASSIGNED,513,512,512,NO_RECORDED_FACTOR_PRP_OR_LL_RESULT_AND_NO_ACTIVE_GIMPS_ASSIGNMENT,2026-08-09T09:12:31+00:00,UNALLOCATED,,,,,
SLCMP2607-0287,287,287,794015633,2^794015633-1,STRUCTURAL_SCREEN_EXHAUSTED_PRIMALITY_UNASSIGNED,GF3A_DIRECTIONAL_WRITE_EXHAUSTED_PRIMALITY_UNASSIGNED,513,512,512,NO_RECORDED_FACTOR_PRP_OR_LL_RESULT_AND_NO_ACTIVE_GIMPS_ASSIGNMENT,2026-08-09T09:12:31+00:00,UNALLOCATED,,,,,
SLCMP2607-0288,288,288,794015701,2^794015701-1,STRUCTURAL_SCREEN_EXHAUSTED_PRIMALITY_UNASSIGNED,GF3A_DIRECTIONAL_WRITE_EXHAUSTED_PRIMALITY_UNASSIGNED,513,512,512,NO_RECORDED_FACTOR_PRP_OR_LL_RESULT_AND_NO_ACTIVE_GIMPS_ASSIGNMENT,2026-08-09T09:12:31+00:00,UNALLOCATED,,,,,
SLCMP2607-0289,289,289,794015801,2^794015801-1,STRUCTURAL_SCREEN_EXHAUSTED_PRIMALITY_UNASSIGNED,GF3A_DIRECTIONAL_WRITE_EXHAUSTED_PRIMALITY_UNASSIGNED,513,512,512,NO_RECORDED_FACTOR_PRP_OR_LL_RESULT_AND_NO_ACTIVE_GIMPS_ASSIGNMENT,2026-08-09T09:12:31+00:00,UNALLOCATED,,,,,
SLCMP2607-0290,290,290,794015837,2^794015837-1,STRUCTURAL_SCREEN_EXHAUSTED_PRIMALITY_UNASSIGNED,GF3A_DIRECTIONAL_WRITE_EXHAUSTED_PRIMALITY_UNASSIGNED,513,512,512,NO_RECORDED_FACTOR_PRP_OR_LL_RESULT_AND_NO_ACTIVE_GIMPS_ASSIGNMENT,2026-08-09T09:12:31+00:00,UNALLOCATED,,,,,
SLCMP2607-0291,291,291,794015891,2^794015891-1,STRUCTURAL_SCREEN_EXHAUSTED_PRIMALITY_UNASSIGNED,GF3A_DIRECTIONAL_WRITE_EXHAUSTED_PRIMALITY_UNASSIGNED,514,512,512,NO_RECORDED_FACTOR_PRP_OR_LL_RESULT_AND_NO_ACTIVE_GIMPS_ASSIGNMENT,2026-08-09T09:12:31+00:00,UNALLOCATED,,,,,
SLCMP2607-0292,292,292,794015977,2^794015977-1,STRUCTURAL_SCREEN_EXHAUSTED_PRIMALITY_UNASSIGNED,GF3A_DIRECTIONAL_WRITE_EXHAUSTED_PRIMALITY_UNASSIGNED,513,512,512,NO_RECORDED_FACTOR_PRP_OR_LL_RESULT_AND_NO_ACTIVE_GIMPS_ASSIGNMENT,2026-08-09T09:12:31+00:00,UNALLOCATED,,,,,
SLCMP2607-0293,293,293,794016007,2^794016007-1,STRUCTURAL_SCREEN_EXHAUSTED_PRIMALITY_UNASSIGNED,GF3A_DIRECTIONAL_WRITE_EXHAUSTED_PRIMALITY_UNASSIGNED,514,512,512,NO_RECORDED_FACTOR_PRP_OR_LL_RESULT_AND_NO_ACTIVE_GIMPS_ASSIGNMENT,2026-08-09T09:12:31+00:00,UNALLOCATED,,,,,
SLCMP2607-0294,294,294,794016019,2^794016019-1,STRUCTURAL_SCREEN_EXHAUSTED_PRIMALITY_UNASSIGNED,GF3A_DIRECTIONAL_WRITE_EXHAUSTED_PRIMALITY_UNASSIGNED,514,512,512,NO_RECORDED_FACTOR_PRP_OR_LL_RESULT_AND_NO_ACTIVE_GIMPS_ASSIGNMENT,2026-08-09T09:12:31+00:00,UNALLOCATED,,,,,
SLCMP2607-0295,295,295,794016053,2^794016053-1,STRUCTURAL_SCREEN_EXHAUSTED_PRIMALITY_UNASSIGNED,GF3A_DIRECTIONAL_WRITE_EXHAUSTED_PRIMALITY_UNASSIGNED,513,512,512,NO_RECORDED_FACTOR_PRP_OR_LL_RESULT_AND_NO_ACTIVE_GIMPS_ASSIGNMENT,2026-08-09T09:12:31+00:00,UNALLOCATED,,,,,
SLCMP2607-0296,296,296,794016103,2^794016103-1,STRUCTURAL_SCREEN_EXHAUSTED_PRIMALITY_UNASSIGNED,GF3A_DIRECTIONAL_WRITE_EXHAUSTED_PRIMALITY_UNASSIGNED,514,512,512,NO_RECORDED_FACTOR_PRP_OR_LL_RESULT_AND_NO_ACTIVE_GIMPS_ASSIGNMENT,2026-08-09T09:12:31+00:00,UNALLOCATED,,,,,
SLCMP2607-0297,297,297,794016203,2^794016203-1,STRUCTURAL_SCREEN_EXHAUSTED_PRIMALITY_UNASSIGNED,GF3A_DIRECTIONAL_WRITE_EXHAUSTED_PRIMALITY_UNASSIGNED,514,512,512,NO_RECORDED_FACTOR_PRP_OR_LL_RESULT_AND_NO_ACTIVE_GIMPS_ASSIGNMENT,2026-08-09T09:12:31+00:00,UNALLOCATED,,,,,
SLCMP2607-0298,298,298,794016239,2^794016239-1,STRUCTURAL_SCREEN_EXHAUSTED_PRIMALITY_UNASSIGNED,GF3A_DIRECTIONAL_WRITE_EXHAUSTED_PRIMALITY_UNASSIGNED,514,512,512,NO_RECORDED_FACTOR_PRP_OR_LL_RESULT_AND_NO_ACTIVE_GIMPS_ASSIGNMENT,2026-08-09T09:12:31+00:00,UNALLOCATED,,,,,
SLCMP2607-0299,299,299,794016257,2^794016257-1,STRUCTURAL_SCREEN_EXHAUSTED_PRIMALITY_UNASSIGNED,GF3A_DIRECTIONAL_WRITE_EXHAUSTED_PRIMALITY_UNASSIGNED,513,512,512,NO_RECORDED_FACTOR_PRP_OR_LL_RESULT_AND_NO_ACTIVE_GIMPS_ASSIGNMENT,2026-08-09T09:12:31+00:00,UNALLOCATED,,,,,
SLCMP2607-0300,300,300,794016341,2^794016341-1,STRUCTURAL_SCREEN_EXHAUSTED_PRIMALITY_UNASSIGNED,GF3A_DIRECTIONAL_WRITE_EXHAUSTED_PRIMALITY_UNASSIGNED,513,512,512,NO_RECORDED_FACTOR_PRP_OR_LL_RESULT_AND_NO_ACTIVE_GIMPS_ASSIGNMENT,2026-08-09T09:12:31+00:00,UNALLOCATED,,,,,
SLCMP2607-0301,301,301,794016427,2^794016427-1,STRUCTURAL_SCREEN_EXHAUSTED_PRIMALITY_UNASSIGNED,GF3A_DIRECTIONAL_WRITE_EXHAUSTED_PRIMALITY_UNASSIGNED,514,512,512,NO_RECORDED_FACTOR_PRP_OR_LL_RESULT_AND_NO_ACTIVE_GIMPS_ASSIGNMENT,2026-08-09T09:12:31+00:00,UNALLOCATED,,,,,
SLCMP2607-0302,302,302,794016463,2^794016463-1,STRUCTURAL_SCREEN_EXHAUSTED_PRIMALITY_UNASSIGNED,GF3A_DIRECTIONAL_WRITE_EXHAUSTED_PRIMALITY_UNASSIGNED,514,512,512,NO_RECORDED_FACTOR_PRP_OR_LL_RESULT_AND_NO_ACTIVE_GIMPS_ASSIGNMENT,2026-08-09T09:12:31+00:00,UNALLOCATED,,,,,
SLCMP2607-0303,303,303,794016493,2^794016493-1,STRUCTURAL_SCREEN_EXHAUSTED_PRIMALITY_UNASSIGNED,GF3A_DIRECTIONAL_WRITE_EXHAUSTED_PRIMALITY_UNASSIGNED,513,512,512,NO_RECORDED_FACTOR_PRP_OR_LL_RESULT_AND_NO_ACTIVE_GIMPS_ASSIGNMENT,2026-08-09T09:12:31+00:00,UNALLOCATED,,,,,
SLCMP2607-0304,304,304,794016533,2^794016533-1,STRUCTURAL_SCREEN_EXHAUSTED_PRIMALITY_UNASSIGNED,GF3A_DIRECTIONAL_WRITE_EXHAUSTED_PRIMALITY_UNASSIGNED,513,512,512,NO_RECORDED_FACTOR_PRP_OR_LL_RESULT_AND_NO_ACTIVE_GIMPS_ASSIGNMENT,2026-08-09T09:12:31+00:00,UNALLOCATED,,,,,
SLCMP2607-0305,305,305,794016541,2^794016541-1,STRUCTURAL_SCREEN_EXHAUSTED_PRIMALITY_UNASSIGNED,GF3A_DIRECTIONAL_WRITE_EXHAUSTED_PRIMALITY_UNASSIGNED,513,512,512,NO_RECORDED_FACTOR_PRP_OR_LL_RESULT_AND_NO_ACTIVE_GIMPS_ASSIGNMENT,2026-08-09T09:12:31+00:00,UNALLOCATED,,,,,
SLCMP2607-0306,306,306,794016581,2^794016581-1,STRUCTURAL_SCREEN_EXHAUSTED_PRIMALITY_UNASSIGNED,GF3A_DIRECTIONAL_WRITE_EXHAUSTED_PRIMALITY_UNASSIGNED,513,512,512,NO_RECORDED_FACTOR_PRP_OR_LL_RESULT_AND_NO_ACTIVE_GIMPS_ASSIGNMENT,2026-08-09T09:12:31+00:00,UNALLOCATED,,,,,
SLCMP2607-0307,307,307,794016599,2^794016599-1,STRUCTURAL_SCREEN_EXHAUSTED_PRIMALITY_UNASSIGNED,GF3A_DIRECTIONAL_WRITE_EXHAUSTED_PRIMALITY_UNASSIGNED,514,512,512,NO_RECORDED_FACTOR_PRP_OR_LL_RESULT_AND_NO_ACTIVE_GIMPS_ASSIGNMENT,2026-08-09T09:12:31+00:00,UNALLOCATED,,,,,
SLCMP2607-0308,308,308,794016623,2^794016623-1,STRUCTURAL_SCREEN_EXHAUSTED_PRIMALITY_UNASSIGNED,GF3A_DIRECTIONAL_WRITE_EXHAUSTED_PRIMALITY_UNASSIGNED,514,512,512,NO_RECORDED_FACTOR_PRP_OR_LL_RESULT_AND_NO_ACTIVE_GIMPS_ASSIGNMENT,2026-08-09T09:12:31+00:00,UNALLOCATED,,,,,
SLCMP2607-0309,309,309,794016673,2^794016673-1,STRUCTURAL_SCREEN_EXHAUSTED_PRIMALITY_UNASSIGNED,GF3A_DIRECTIONAL_WRITE_EXHAUSTED_PRIMALITY_UNASSIGNED,513,512,512,NO_RECORDED_FACTOR_PRP_OR_LL_RESULT_AND_NO_ACTIVE_GIMPS_ASSIGNMENT,2026-08-09T09:12:31+00:00,UNALLOCATED,,,,,
SLCMP2607-0310,310,310,794016863,2^794016863-1,STRUCTURAL_SCREEN_EXHAUSTED_PRIMALITY_UNASSIGNED,GF3A_DIRECTIONAL_WRITE_EXHAUSTED_PRIMALITY_UNASSIGNED,514,512,512,NO_RECORDED_FACTOR_PRP_OR_LL_RESULT_AND_NO_ACTIVE_GIMPS_ASSIGNMENT,2026-08-09T09:12:31+00:00,UNALLOCATED,,,,,
SLCMP2607-0311,311,311,794016871,2^794016871-1,STRUCTURAL_SCREEN_EXHAUSTED_PRIMALITY_UNASSIGNED,GF3A_DIRECTIONAL_WRITE_EXHAUSTED_PRIMALITY_UNASSIGNED,514,512,512,NO_RECORDED_FACTOR_PRP_OR_LL_RESULT_AND_NO_ACTIVE_GIMPS_ASSIGNMENT,2026-08-09T09:12:31+00:00,UNALLOCATED,,,,,
SLCMP2607-0312,312,312,794016911,2^794016911-1,STRUCTURAL_SCREEN_EXHAUSTED_PRIMALITY_UNASSIGNED,GF3A_DIRECTIONAL_WRITE_EXHAUSTED_PRIMALITY_UNASSIGNED,514,512,512,NO_RECORDED_FACTOR_PRP_OR_LL_RESULT_AND_NO_ACTIVE_GIMPS_ASSIGNMENT,2026-08-09T09:12:31+00:00,UNALLOCATED,,,,,
SLCMP2607-0313,313,313,794016941,2^794016941-1,STRUCTURAL_SCREEN_EXHAUSTED_PRIMALITY_UNASSIGNED,GF3A_DIRECTIONAL_WRITE_EXHAUSTED_PRIMALITY_UNASSIGNED,513,512,512,NO_RECORDED_FACTOR_PRP_OR_LL_RESULT_AND_NO_ACTIVE_GIMPS_ASSIGNMENT,2026-08-09T09:12:31+00:00,UNALLOCATED,,,,,
SLCMP2607-0314,314,314,794016959,2^794016959-1,STRUCTURAL_SCREEN_EXHAUSTED_PRIMALITY_UNASSIGNED,GF3A_DIRECTIONAL_WRITE_EXHAUSTED_PRIMALITY_UNASSIGNED,514,512,512,NO_RECORDED_FACTOR_PRP_OR_LL_RESULT_AND_NO_ACTIVE_GIMPS_ASSIGNMENT,2026-08-09T09:12:31+00:00,UNALLOCATED,,,,,
SLCMP2607-0315,315,315,794016997,2^794016997-1,STRUCTURAL_SCREEN_EXHAUSTED_PRIMALITY_UNASSIGNED,GF3A_DIRECTIONAL_WRITE_EXHAUSTED_PRIMALITY_UNASSIGNED,513,512,512,NO_RECORDED_FACTOR_PRP_OR_LL_RESULT_AND_NO_ACTIVE_GIMPS_ASSIGNMENT,2026-08-09T09:12:31+00:00,UNALLOCATED,,,,,
SLCMP2607-0316,316,316,794017057,2^794017057-1,STRUCTURAL_SCREEN_EXHAUSTED_PRIMALITY_UNASSIGNED,GF3A_DIRECTIONAL_WRITE_EXHAUSTED_PRIMALITY_UNASSIGNED,513,512,512,NO_RECORDED_FACTOR_PRP_OR_LL_RESULT_AND_NO_ACTIVE_GIMPS_ASSIGNMENT,2026-08-09T09:12:31+00:00,UNALLOCATED,,,,,
SLCMP2607-0317,317,317,794017099,2^794017099-1,STRUCTURAL_SCREEN_EXHAUSTED_PRIMALITY_UNASSIGNED,GF3A_DIRECTIONAL_WRITE_EXHAUSTED_PRIMALITY_UNASSIGNED,514,512,512,NO_RECORDED_FACTOR_PRP_OR_LL_RESULT_AND_NO_ACTIVE_GIMPS_ASSIGNMENT,2026-08-09T09:12:31+00:00,UNALLOCATED,,,,,
SLCMP2607-0318,318,318,794017123,2^794017123-1,STRUCTURAL_SCREEN_EXHAUSTED_PRIMALITY_UNASSIGNED,GF3A_DIRECTIONAL_WRITE_EXHAUSTED_PRIMALITY_UNASSIGNED,514,512,512,NO_RECORDED_FACTOR_PRP_OR_LL_RESULT_AND_NO_ACTIVE_GIMPS_ASSIGNMENT,2026-08-09T09:12:31+00:00,UNALLOCATED,,,,,
SLCMP2607-0319,319,319,794017153,2^794017153-1,STRUCTURAL_SCREEN_EXHAUSTED_PRIMALITY_UNASSIGNED,GF3A_DIRECTIONAL_WRITE_EXHAUSTED_PRIMALITY_UNASSIGNED,513,512,512,NO_RECORDED_FACTOR_PRP_OR_LL_RESULT_AND_NO_ACTIVE_GIMPS_ASSIGNMENT,2026-08-09T09:12:31+00:00,UNALLOCATED,,,,,
SLCMP2607-0320,320,320,794017219,2^794017219-1,STRUCTURAL_SCREEN_EXHAUSTED_PRIMALITY_UNASSIGNED,GF3A_DIRECTIONAL_WRITE_EXHAUSTED_PRIMALITY_UNASSIGNED,514,512,512,NO_RECORDED_FACTOR_PRP_OR_LL_RESULT_AND_NO_ACTIVE_GIMPS_ASSIGNMENT,2026-08-09T09:12:31+00:00,UNALLOCATED,,,,,
SLCMP2607-0321,321,321,794017261,2^794017261-1,STRUCTURAL_SCREEN_EXHAUSTED_PRIMALITY_UNASSIGNED,GF3A_DIRECTIONAL_WRITE_EXHAUSTED_PRIMALITY_UNASSIGNED,513,512,512,NO_RECORDED_FACTOR_PRP_OR_LL_RESULT_AND_NO_ACTIVE_GIMPS_ASSIGNMENT,2026-08-09T09:12:31+00:00,UNALLOCATED,,,,,
SLCMP2607-0322,322,322,794017313,2^794017313-1,STRUCTURAL_SCREEN_EXHAUSTED_PRIMALITY_UNASSIGNED,GF3A_DIRECTIONAL_WRITE_EXHAUSTED_PRIMALITY_UNASSIGNED,513,512,512,NO_RECORDED_FACTOR_PRP_OR_LL_RESULT_AND_NO_ACTIVE_GIMPS_ASSIGNMENT,2026-08-09T09:12:31+00:00,UNALLOCATED,,,,,
SLCMP2607-0323,323,323,794017321,2^794017321-1,STRUCTURAL_SCREEN_EXHAUSTED_PRIMALITY_UNASSIGNED,GF3A_DIRECTIONAL_WRITE_EXHAUSTED_PRIMALITY_UNASSIGNED,513,512,512,NO_RECORDED_FACTOR_PRP_OR_LL_RESULT_AND_NO_ACTIVE_GIMPS_ASSIGNMENT,2026-08-09T09:12:31+00:00,UNALLOCATED,,,,,
SLCMP2607-0324,324,324,794017397,2^794017397-1,STRUCTURAL_SCREEN_EXHAUSTED_PRIMALITY_UNASSIGNED,GF3A_DIRECTIONAL_WRITE_EXHAUSTED_PRIMALITY_UNASSIGNED,513,512,512,NO_RECORDED_FACTOR_PRP_OR_LL_RESULT_AND_NO_ACTIVE_GIMPS_ASSIGNMENT,2026-08-09T09:12:31+00:00,UNALLOCATED,,,,,
SLCMP2607-0325,325,325,794017649,2^794017649-1,STRUCTURAL_SCREEN_EXHAUSTED_PRIMALITY_UNASSIGNED,GF3A_DIRECTIONAL_WRITE_EXHAUSTED_PRIMALITY_UNASSIGNED,513,512,512,NO_RECORDED_FACTOR_PRP_OR_LL_RESULT_AND_NO_ACTIVE_GIMPS_ASSIGNMENT,2026-08-09T09:12:31+00:00,UNALLOCATED,,,,,
SLCMP2607-0326,326,326,794017673,2^794017673-1,STRUCTURAL_SCREEN_EXHAUSTED_PRIMALITY_UNASSIGNED,GF3A_DIRECTIONAL_WRITE_EXHAUSTED_PRIMALITY_UNASSIGNED,513,512,512,NO_RECORDED_FACTOR_PRP_OR_LL_RESULT_AND_NO_ACTIVE_GIMPS_ASSIGNMENT,2026-08-09T09:12:31+00:00,UNALLOCATED,,,,,
SLCMP2607-0327,327,327,794017717,2^794017717-1,STRUCTURAL_SCREEN_EXHAUSTED_PRIMALITY_UNASSIGNED,GF3A_DIRECTIONAL_WRITE_EXHAUSTED_PRIMALITY_UNASSIGNED,513,512,512,NO_RECORDED_FACTOR_PRP_OR_LL_RESULT_AND_NO_ACTIVE_GIMPS_ASSIGNMENT,2026-08-09T09:12:31+00:00,UNALLOCATED,,,,,
SLCMP2607-0328,328,328,794017723,2^794017723-1,STRUCTURAL_SCREEN_EXHAUSTED_PRIMALITY_UNASSIGNED,GF3A_DIRECTIONAL_WRITE_EXHAUSTED_PRIMALITY_UNASSIGNED,514,512,512,NO_RECORDED_FACTOR_PRP_OR_LL_RESULT_AND_NO_ACTIVE_GIMPS_ASSIGNMENT,2026-08-09T09:12:31+00:00,UNALLOCATED,,,,,
SLCMP2607-0329,329,329,794017729,2^794017729-1,STRUCTURAL_SCREEN_EXHAUSTED_PRIMALITY_UNASSIGNED,GF3A_DIRECTIONAL_WRITE_EXHAUSTED_PRIMALITY_UNASSIGNED,513,512,512,NO_RECORDED_FACTOR_PRP_OR_LL_RESULT_AND_NO_ACTIVE_GIMPS_ASSIGNMENT,2026-08-09T09:12:31+00:00,UNALLOCATED,,,,,
SLCMP2607-0330,330,330,794017831,2^794017831-1,STRUCTURAL_SCREEN_EXHAUSTED_PRIMALITY_UNASSIGNED,GF3A_DIRECTIONAL_WRITE_EXHAUSTED_PRIMALITY_UNASSIGNED,514,512,512,NO_RECORDED_FACTOR_PRP_OR_LL_RESULT_AND_NO_ACTIVE_GIMPS_ASSIGNMENT,2026-08-09T09:12:31+00:00,UNALLOCATED,,,,,
SLCMP2607-0331,331,331,794017841,2^794017841-1,STRUCTURAL_SCREEN_EXHAUSTED_PRIMALITY_UNASSIGNED,GF3A_DIRECTIONAL_WRITE_EXHAUSTED_PRIMALITY_UNASSIGNED,513,512,512,NO_RECORDED_FACTOR_PRP_OR_LL_RESULT_AND_NO_ACTIVE_GIMPS_ASSIGNMENT,2026-08-09T09:12:31+00:00,UNALLOCATED,,,,,
SLCMP2607-0332,332,332,794017879,2^794017879-1,STRUCTURAL_SCREEN_EXHAUSTED_PRIMALITY_UNASSIGNED,GF3A_DIRECTIONAL_WRITE_EXHAUSTED_PRIMALITY_UNASSIGNED,514,512,512,NO_RECORDED_FACTOR_PRP_OR_LL_RESULT_AND_NO_ACTIVE_GIMPS_ASSIGNMENT,2026-08-09T09:12:31+00:00,UNALLOCATED,,,,,
SLCMP2607-0333,333,333,794017909,2^794017909-1,STRUCTURAL_SCREEN_EXHAUSTED_PRIMALITY_UNASSIGNED,GF3A_DIRECTIONAL_WRITE_EXHAUSTED_PRIMALITY_UNASSIGNED,513,512,512,NO_RECORDED_FACTOR_PRP_OR_LL_RESULT_AND_NO_ACTIVE_GIMPS_ASSIGNMENT,2026-08-09T09:12:31+00:00,UNALLOCATED,,,,,
SLCMP2607-0334,334,334,794017969,2^794017969-1,STRUCTURAL_SCREEN_EXHAUSTED_PRIMALITY_UNASSIGNED,GF3A_DIRECTIONAL_WRITE_EXHAUSTED_PRIMALITY_UNASSIGNED,513,512,512,NO_RECORDED_FACTOR_PRP_OR_LL_RESULT_AND_NO_ACTIVE_GIMPS_ASSIGNMENT,2026-08-09T09:12:31+00:00,UNALLOCATED,,,,,
SLCMP2607-0335,335,335,794017979,2^794017979-1,STRUCTURAL_SCREEN_EXHAUSTED_PRIMALITY_UNASSIGNED,GF3A_DIRECTIONAL_WRITE_EXHAUSTED_PRIMALITY_UNASSIGNED,514,512,512,NO_RECORDED_FACTOR_PRP_OR_LL_RESULT_AND_NO_ACTIVE_GIMPS_ASSIGNMENT,2026-08-09T09:12:31+00:00,UNALLOCATED,,,,,
SLCMP2607-0336,336,336,794018023,2^794018023-1,STRUCTURAL_SCREEN_EXHAUSTED_PRIMALITY_UNASSIGNED,GF3A_DIRECTIONAL_WRITE_EXHAUSTED_PRIMALITY_UNASSIGNED,514,512,512,NO_RECORDED_FACTOR_PRP_OR_LL_RESULT_AND_NO_ACTIVE_GIMPS_ASSIGNMENT,2026-08-09T09:12:31+00:00,UNALLOCATED,,,,,
SLCMP2607-0337,337,337,794018081,2^794018081-1,STRUCTURAL_SCREEN_EXHAUSTED_PRIMALITY_UNASSIGNED,GF3A_DIRECTIONAL_WRITE_EXHAUSTED_PRIMALITY_UNASSIGNED,513,512,512,NO_RECORDED_FACTOR_PRP_OR_LL_RESULT_AND_NO_ACTIVE_GIMPS_ASSIGNMENT,2026-08-09T09:12:31+00:00,UNALLOCATED,,,,,
SLCMP2607-0338,338,338,794018111,2^794018111-1,STRUCTURAL_SCREEN_EXHAUSTED_PRIMALITY_UNASSIGNED,GF3A_DIRECTIONAL_WRITE_EXHAUSTED_PRIMALITY_UNASSIGNED,514,512,512,NO_RECORDED_FACTOR_PRP_OR_LL_RESULT_AND_NO_ACTIVE_GIMPS_ASSIGNMENT,2026-08-09T09:12:31+00:00,UNALLOCATED,,,,,
SLCMP2607-0339,339,339,794018293,2^794018293-1,STRUCTURAL_SCREEN_EXHAUSTED_PRIMALITY_UNASSIGNED,GF3A_DIRECTIONAL_WRITE_EXHAUSTED_PRIMALITY_UNASSIGNED,513,512,512,NO_RECORDED_FACTOR_PRP_OR_LL_RESULT_AND_NO_ACTIVE_GIMPS_ASSIGNMENT,2026-08-09T09:12:31+00:00,UNALLOCATED,,,,,
SLCMP2607-0340,340,340,794018321,2^794018321-1,STRUCTURAL_SCREEN_EXHAUSTED_PRIMALITY_UNASSIGNED,GF3A_DIRECTIONAL_WRITE_EXHAUSTED_PRIMALITY_UNASSIGNED,513,512,512,NO_RECORDED_FACTOR_PRP_OR_LL_RESULT_AND_NO_ACTIVE_GIMPS_ASSIGNMENT,2026-08-09T09:12:31+00:00,UNALLOCATED,,,,,
SLCMP2607-0341,341,341,794018339,2^794018339-1,STRUCTURAL_SCREEN_EXHAUSTED_PRIMALITY_UNASSIGNED,GF3A_DIRECTIONAL_WRITE_EXHAUSTED_PRIMALITY_UNASSIGNED,514,512,512,NO_RECORDED_FACTOR_PRP_OR_LL_RESULT_AND_NO_ACTIVE_GIMPS_ASSIGNMENT,2026-08-09T09:12:31+00:00,UNALLOCATED,,,,,
SLCMP2607-0342,342,342,794018359,2^794018359-1,STRUCTURAL_SCREEN_EXHAUSTED_PRIMALITY_UNASSIGNED,GF3A_DIRECTIONAL_WRITE_EXHAUSTED_PRIMALITY_UNASSIGNED,514,512,512,NO_RECORDED_FACTOR_PRP_OR_LL_RESULT_AND_NO_ACTIVE_GIMPS_ASSIGNMENT,2026-08-09T09:12:31+00:00,UNALLOCATED,,,,,
SLCMP2607-0343,343,343,794018383,2^794018383-1,STRUCTURAL_SCREEN_EXHAUSTED_PRIMALITY_UNASSIGNED,GF3A_DIRECTIONAL_WRITE_EXHAUSTED_PRIMALITY_UNASSIGNED,514,512,512,NO_RECORDED_FACTOR_PRP_OR_LL_RESULT_AND_NO_ACTIVE_GIMPS_ASSIGNMENT,2026-08-09T09:12:31+00:00,UNALLOCATED,,,,,
SLCMP2607-0344,344,344,794018399,2^794018399-1,STRUCTURAL_SCREEN_EXHAUSTED_PRIMALITY_UNASSIGNED,GF3A_DIRECTIONAL_WRITE_EXHAUSTED_PRIMALITY_UNASSIGNED,514,512,512,NO_RECORDED_FACTOR_PRP_OR_LL_RESULT_AND_NO_ACTIVE_GIMPS_ASSIGNMENT,2026-08-09T09:12:31+00:00,UNALLOCATED,,,,,
SLCMP2607-0345,345,345,794018453,2^794018453-1,STRUCTURAL_SCREEN_EXHAUSTED_PRIMALITY_UNASSIGNED,GF3A_DIRECTIONAL_WRITE_EXHAUSTED_PRIMALITY_UNASSIGNED,513,512,512,NO_RECORDED_FACTOR_PRP_OR_LL_RESULT_AND_NO_ACTIVE_GIMPS_ASSIGNMENT,2026-08-09T09:12:31+00:00,UNALLOCATED,,,,,
SLCMP2607-0346,346,346,794018503,2^794018503-1,STRUCTURAL_SCREEN_EXHAUSTED_PRIMALITY_UNASSIGNED,GF3A_DIRECTIONAL_WRITE_EXHAUSTED_PRIMALITY_UNASSIGNED,514,512,512,NO_RECORDED_FACTOR_PRP_OR_LL_RESULT_AND_NO_ACTIVE_GIMPS_ASSIGNMENT,2026-08-09T09:12:31+00:00,UNALLOCATED,,,,,
SLCMP2607-0347,347,347,794018543,2^794018543-1,STRUCTURAL_SCREEN_EXHAUSTED_PRIMALITY_UNASSIGNED,GF3A_DIRECTIONAL_WRITE_EXHAUSTED_PRIMALITY_UNASSIGNED,514,512,512,NO_RECORDED_FACTOR_PRP_OR_LL_RESULT_AND_NO_ACTIVE_GIMPS_ASSIGNMENT,2026-08-09T09:12:31+00:00,UNALLOCATED,,,,,
SLCMP2607-0348,348,348,794018663,2^794018663-1,STRUCTURAL_SCREEN_EXHAUSTED_PRIMALITY_UNASSIGNED,GF3A_DIRECTIONAL_WRITE_EXHAUSTED_PRIMALITY_UNASSIGNED,514,512,512,NO_RECORDED_FACTOR_PRP_OR_LL_RESULT_AND_NO_ACTIVE_GIMPS_ASSIGNMENT,2026-08-09T09:12:31+00:00,UNALLOCATED,,,,,
SLCMP2607-0349,349,349,794018681,2^794018681-1,STRUCTURAL_SCREEN_EXHAUSTED_PRIMALITY_UNASSIGNED,GF3A_DIRECTIONAL_WRITE_EXHAUSTED_PRIMALITY_UNASSIGNED,513,512,512,NO_RECORDED_FACTOR_PRP_OR_LL_RESULT_AND_NO_ACTIVE_GIMPS_ASSIGNMENT,2026-08-09T09:12:31+00:00,UNALLOCATED,,,,,
SLCMP2607-0350,350,350,794018699,2^794018699-1,STRUCTURAL_SCREEN_EXHAUSTED_PRIMALITY_UNASSIGNED,GF3A_DIRECTIONAL_WRITE_EXHAUSTED_PRIMALITY_UNASSIGNED,514,512,512,NO_RECORDED_FACTOR_PRP_OR_LL_RESULT_AND_NO_ACTIVE_GIMPS_ASSIGNMENT,2026-08-09T09:12:31+00:00,UNALLOCATED,,,,,
SLCMP2607-0351,351,351,794018767,2^794018767-1,STRUCTURAL_SCREEN_EXHAUSTED_PRIMALITY_UNASSIGNED,GF3A_DIRECTIONAL_WRITE_EXHAUSTED_PRIMALITY_UNASSIGNED,514,512,512,NO_RECORDED_FACTOR_PRP_OR_LL_RESULT_AND_NO_ACTIVE_GIMPS_ASSIGNMENT,2026-08-09T09:12:31+00:00,UNALLOCATED,,,,,
SLCMP2607-0352,352,352,794018887,2^794018887-1,STRUCTURAL_SCREEN_EXHAUSTED_PRIMALITY_UNASSIGNED,GF3A_DIRECTIONAL_WRITE_EXHAUSTED_PRIMALITY_UNASSIGNED,514,512,512,NO_RECORDED_FACTOR_PRP_OR_LL_RESULT_AND_NO_ACTIVE_GIMPS_ASSIGNMENT,2026-08-09T09:12:31+00:00,UNALLOCATED,,,,,
SLCMP2607-0353,353,353,794018891,2^794018891-1,STRUCTURAL_SCREEN_EXHAUSTED_PRIMALITY_UNASSIGNED,GF3A_DIRECTIONAL_WRITE_EXHAUSTED_PRIMALITY_UNASSIGNED,514,512,512,NO_RECORDED_FACTOR_PRP_OR_LL_RESULT_AND_NO_ACTIVE_GIMPS_ASSIGNMENT,2026-08-09T09:12:31+00:00,UNALLOCATED,,,,,
SLCMP2607-0354,354,354,794018921,2^794018921-1,STRUCTURAL_SCREEN_EXHAUSTED_PRIMALITY_UNASSIGNED,GF3A_DIRECTIONAL_WRITE_EXHAUSTED_PRIMALITY_UNASSIGNED,513,512,512,NO_RECORDED_FACTOR_PRP_OR_LL_RESULT_AND_NO_ACTIVE_GIMPS_ASSIGNMENT,2026-08-09T09:12:31+00:00,UNALLOCATED,,,,,
SLCMP2607-0355,355,355,794019047,2^794019047-1,STRUCTURAL_SCREEN_EXHAUSTED_PRIMALITY_UNASSIGNED,GF3A_DIRECTIONAL_WRITE_EXHAUSTED_PRIMALITY_UNASSIGNED,514,512,512,NO_RECORDED_FACTOR_PRP_OR_LL_RESULT_AND_NO_ACTIVE_GIMPS_ASSIGNMENT,2026-08-09T09:12:31+00:00,UNALLOCATED,,,,,
SLCMP2607-0356,356,356,794019059,2^794019059-1,STRUCTURAL_SCREEN_EXHAUSTED_PRIMALITY_UNASSIGNED,GF3A_DIRECTIONAL_WRITE_EXHAUSTED_PRIMALITY_UNASSIGNED,514,512,512,NO_RECORDED_FACTOR_PRP_OR_LL_RESULT_AND_NO_ACTIVE_GIMPS_ASSIGNMENT,2026-08-09T09:12:31+00:00,UNALLOCATED,,,,,
SLCMP2607-0357,357,357,794019071,2^794019071-1,STRUCTURAL_SCREEN_EXHAUSTED_PRIMALITY_UNASSIGNED,GF3A_DIRECTIONAL_WRITE_EXHAUSTED_PRIMALITY_UNASSIGNED,514,512,512,NO_RECORDED_FACTOR_PRP_OR_LL_RESULT_AND_NO_ACTIVE_GIMPS_ASSIGNMENT,2026-08-09T09:12:31+00:00,UNALLOCATED,,,,,
SLCMP2607-0358,358,358,794019091,2^794019091-1,STRUCTURAL_SCREEN_EXHAUSTED_PRIMALITY_UNASSIGNED,GF3A_DIRECTIONAL_WRITE_EXHAUSTED_PRIMALITY_UNASSIGNED,514,512,512,NO_RECORDED_FACTOR_PRP_OR_LL_RESULT_AND_NO_ACTIVE_GIMPS_ASSIGNMENT,2026-08-09T09:12:31+00:00,UNALLOCATED,,,,,
SLCMP2607-0359,359,359,794019229,2^794019229-1,STRUCTURAL_SCREEN_EXHAUSTED_PRIMALITY_UNASSIGNED,GF3A_DIRECTIONAL_WRITE_EXHAUSTED_PRIMALITY_UNASSIGNED,513,512,512,NO_RECORDED_FACTOR_PRP_OR_LL_RESULT_AND_NO_ACTIVE_GIMPS_ASSIGNMENT,2026-08-09T09:12:31+00:00,UNALLOCATED,,,,,
SLCMP2607-0360,360,360,794019241,2^794019241-1,STRUCTURAL_SCREEN_EXHAUSTED_PRIMALITY_UNASSIGNED,GF3A_DIRECTIONAL_WRITE_EXHAUSTED_PRIMALITY_UNASSIGNED,513,512,512,NO_RECORDED_FACTOR_PRP_OR_LL_RESULT_AND_NO_ACTIVE_GIMPS_ASSIGNMENT,2026-08-09T09:12:31+00:00,UNALLOCATED,,,,,
SLCMP2607-0361,361,361,794019301,2^794019301-1,STRUCTURAL_SCREEN_EXHAUSTED_PRIMALITY_UNASSIGNED,GF3A_DIRECTIONAL_WRITE_EXHAUSTED_PRIMALITY_UNASSIGNED,513,512,512,NO_RECORDED_FACTOR_PRP_OR_LL_RESULT_AND_NO_ACTIVE_GIMPS_ASSIGNMENT,2026-08-09T09:12:31+00:00,UNALLOCATED,,,,,
SLCMP2607-0362,362,362,794019313,2^794019313-1,STRUCTURAL_SCREEN_EXHAUSTED_PRIMALITY_UNASSIGNED,GF3A_DIRECTIONAL_WRITE_EXHAUSTED_PRIMALITY_UNASSIGNED,513,512,512,NO_RECORDED_FACTOR_PRP_OR_LL_RESULT_AND_NO_ACTIVE_GIMPS_ASSIGNMENT,2026-08-09T09:12:31+00:00,UNALLOCATED,,,,,
SLCMP2607-0363,363,363,794019377,2^794019377-1,STRUCTURAL_SCREEN_EXHAUSTED_PRIMALITY_UNASSIGNED,GF3A_DIRECTIONAL_WRITE_EXHAUSTED_PRIMALITY_UNASSIGNED,513,512,512,NO_RECORDED_FACTOR_PRP_OR_LL_RESULT_AND_NO_ACTIVE_GIMPS_ASSIGNMENT,2026-08-09T09:12:31+00:00,UNALLOCATED,,,,,
SLCMP2607-0364,364,364,794019383,2^794019383-1,STRUCTURAL_SCREEN_EXHAUSTED_PRIMALITY_UNASSIGNED,GF3A_DIRECTIONAL_WRITE_EXHAUSTED_PRIMALITY_UNASSIGNED,514,512,512,NO_RECORDED_FACTOR_PRP_OR_LL_RESULT_AND_NO_ACTIVE_GIMPS_ASSIGNMENT,2026-08-09T09:12:31+00:00,UNALLOCATED,,,,,
SLCMP2607-0365,365,365,794019389,2^794019389-1,STRUCTURAL_SCREEN_EXHAUSTED_PRIMALITY_UNASSIGNED,GF3A_DIRECTIONAL_WRITE_EXHAUSTED_PRIMALITY_UNASSIGNED,513,512,512,NO_RECORDED_FACTOR_PRP_OR_LL_RESULT_AND_NO_ACTIVE_GIMPS_ASSIGNMENT,2026-08-09T09:12:31+00:00,UNALLOCATED,,,,,
SLCMP2607-0366,366,366,794019529,2^794019529-1,STRUCTURAL_SCREEN_EXHAUSTED_PRIMALITY_UNASSIGNED,GF3A_DIRECTIONAL_WRITE_EXHAUSTED_PRIMALITY_UNASSIGNED,513,512,512,NO_RECORDED_FACTOR_PRP_OR_LL_RESULT_AND_NO_ACTIVE_GIMPS_ASSIGNMENT,2026-08-09T09:12:31+00:00,UNALLOCATED,,,,,
SLCMP2607-0367,367,367,794019607,2^794019607-1,STRUCTURAL_SCREEN_EXHAUSTED_PRIMALITY_UNASSIGNED,GF3A_DIRECTIONAL_WRITE_EXHAUSTED_PRIMALITY_UNASSIGNED,514,512,512,NO_RECORDED_FACTOR_PRP_OR_LL_RESULT_AND_NO_ACTIVE_GIMPS_ASSIGNMENT,2026-08-09T09:12:31+00:00,UNALLOCATED,,,,,
SLCMP2607-0368,368,368,794019637,2^794019637-1,STRUCTURAL_SCREEN_EXHAUSTED_PRIMALITY_UNASSIGNED,GF3A_DIRECTIONAL_WRITE_EXHAUSTED_PRIMALITY_UNASSIGNED,513,512,512,NO_RECORDED_FACTOR_PRP_OR_LL_RESULT_AND_NO_ACTIVE_GIMPS_ASSIGNMENT,2026-08-09T09:12:31+00:00,UNALLOCATED,,,,,
SLCMP2607-0369,369,369,794019643,2^794019643-1,STRUCTURAL_SCREEN_EXHAUSTED_PRIMALITY_UNASSIGNED,GF3A_DIRECTIONAL_WRITE_EXHAUSTED_PRIMALITY_UNASSIGNED,514,512,512,NO_RECORDED_FACTOR_PRP_OR_LL_RESULT_AND_NO_ACTIVE_GIMPS_ASSIGNMENT,2026-08-09T09:12:31+00:00,UNALLOCATED,,,,,
SLCMP2607-0370,370,370,794019683,2^794019683-1,STRUCTURAL_SCREEN_EXHAUSTED_PRIMALITY_UNASSIGNED,GF3A_DIRECTIONAL_WRITE_EXHAUSTED_PRIMALITY_UNASSIGNED,514,512,512,NO_RECORDED_FACTOR_PRP_OR_LL_RESULT_AND_NO_ACTIVE_GIMPS_ASSIGNMENT,2026-08-09T09:12:31+00:00,UNALLOCATED,,,,,
SLCMP2607-0371,371,371,794019719,2^794019719-1,STRUCTURAL_SCREEN_EXHAUSTED_PRIMALITY_UNASSIGNED,GF3A_DIRECTIONAL_WRITE_EXHAUSTED_PRIMALITY_UNASSIGNED,514,512,512,NO_RECORDED_FACTOR_PRP_OR_LL_RESULT_AND_NO_ACTIVE_GIMPS_ASSIGNMENT,2026-08-09T09:12:31+00:00,UNALLOCATED,,,,,
SLCMP2607-0372,372,372,794019727,2^794019727-1,STRUCTURAL_SCREEN_EXHAUSTED_PRIMALITY_UNASSIGNED,GF3A_DIRECTIONAL_WRITE_EXHAUSTED_PRIMALITY_UNASSIGNED,514,512,512,NO_RECORDED_FACTOR_PRP_OR_LL_RESULT_AND_NO_ACTIVE_GIMPS_ASSIGNMENT,2026-08-09T09:12:31+00:00,UNALLOCATED,,,,,
SLCMP2607-0373,373,373,794019761,2^794019761-1,STRUCTURAL_SCREEN_EXHAUSTED_PRIMALITY_UNASSIGNED,GF3A_DIRECTIONAL_WRITE_EXHAUSTED_PRIMALITY_UNASSIGNED,513,512,512,NO_RECORDED_FACTOR_PRP_OR_LL_RESULT_AND_NO_ACTIVE_GIMPS_ASSIGNMENT,2026-08-09T09:12:31+00:00,UNALLOCATED,,,,,
SLCMP2607-0374,374,374,794019791,2^794019791-1,STRUCTURAL_SCREEN_EXHAUSTED_PRIMALITY_UNASSIGNED,GF3A_DIRECTIONAL_WRITE_EXHAUSTED_PRIMALITY_UNASSIGNED,514,512,512,NO_RECORDED_FACTOR_PRP_OR_LL_RESULT_AND_NO_ACTIVE_GIMPS_ASSIGNMENT,2026-08-09T09:12:31+00:00,UNALLOCATED,,,,,
SLCMP2607-0375,375,375,794019907,2^794019907-1,STRUCTURAL_SCREEN_EXHAUSTED_PRIMALITY_UNASSIGNED,GF3A_DIRECTIONAL_WRITE_EXHAUSTED_PRIMALITY_UNASSIGNED,514,512,512,NO_RECORDED_FACTOR_PRP_OR_LL_RESULT_AND_NO_ACTIVE_GIMPS_ASSIGNMENT,2026-08-09T09:12:31+00:00,UNALLOCATED,,,,,
SLCMP2607-0376,376,376,794020027,2^794020027-1,STRUCTURAL_SCREEN_EXHAUSTED_PRIMALITY_UNASSIGNED,GF3A_DIRECTIONAL_WRITE_EXHAUSTED_PRIMALITY_UNASSIGNED,514,512,512,NO_RECORDED_FACTOR_PRP_OR_LL_RESULT_AND_NO_ACTIVE_GIMPS_ASSIGNMENT,2026-08-09T09:12:31+00:00,UNALLOCATED,,,,,
SLCMP2607-0377,377,377,794020033,2^794020033-1,STRUCTURAL_SCREEN_EXHAUSTED_PRIMALITY_UNASSIGNED,GF3A_DIRECTIONAL_WRITE_EXHAUSTED_PRIMALITY_UNASSIGNED,513,512,512,NO_RECORDED_FACTOR_PRP_OR_LL_RESULT_AND_NO_ACTIVE_GIMPS_ASSIGNMENT,2026-08-09T09:12:31+00:00,UNALLOCATED,,,,,
SLCMP2607-0378,378,378,794020109,2^794020109-1,STRUCTURAL_SCREEN_EXHAUSTED_PRIMALITY_UNASSIGNED,GF3A_DIRECTIONAL_WRITE_EXHAUSTED_PRIMALITY_UNASSIGNED,513,512,512,NO_RECORDED_FACTOR_PRP_OR_LL_RESULT_AND_NO_ACTIVE_GIMPS_ASSIGNMENT,2026-08-09T09:12:31+00:00,UNALLOCATED,,,,,
SLCMP2607-0379,379,379,794020147,2^794020147-1,STRUCTURAL_SCREEN_EXHAUSTED_PRIMALITY_UNASSIGNED,GF3A_DIRECTIONAL_WRITE_EXHAUSTED_PRIMALITY_UNASSIGNED,514,512,512,NO_RECORDED_FACTOR_PRP_OR_LL_RESULT_AND_NO_ACTIVE_GIMPS_ASSIGNMENT,2026-08-09T09:12:31+00:00,UNALLOCATED,,,,,
SLCMP2607-0380,380,380,794020181,2^794020181-1,STRUCTURAL_SCREEN_EXHAUSTED_PRIMALITY_UNASSIGNED,GF3A_DIRECTIONAL_WRITE_EXHAUSTED_PRIMALITY_UNASSIGNED,513,512,512,NO_RECORDED_FACTOR_PRP_OR_LL_RESULT_AND_NO_ACTIVE_GIMPS_ASSIGNMENT,2026-08-09T09:12:31+00:00,UNALLOCATED,,,,,
SLCMP2607-0381,381,381,794020291,2^794020291-1,STRUCTURAL_SCREEN_EXHAUSTED_PRIMALITY_UNASSIGNED,GF3A_DIRECTIONAL_WRITE_EXHAUSTED_PRIMALITY_UNASSIGNED,514,512,512,NO_RECORDED_FACTOR_PRP_OR_LL_RESULT_AND_NO_ACTIVE_GIMPS_ASSIGNMENT,2026-08-09T09:12:31+00:00,UNALLOCATED,,,,,
SLCMP2607-0382,382,382,794020351,2^794020351-1,STRUCTURAL_SCREEN_EXHAUSTED_PRIMALITY_UNASSIGNED,GF3A_DIRECTIONAL_WRITE_EXHAUSTED_PRIMALITY_UNASSIGNED,514,512,512,NO_RECORDED_FACTOR_PRP_OR_LL_RESULT_AND_NO_ACTIVE_GIMPS_ASSIGNMENT,2026-08-09T09:12:31+00:00,UNALLOCATED,,,,,
SLCMP2607-0383,383,383,794020541,2^794020541-1,STRUCTURAL_SCREEN_EXHAUSTED_PRIMALITY_UNASSIGNED,GF3A_DIRECTIONAL_WRITE_EXHAUSTED_PRIMALITY_UNASSIGNED,513,512,512,NO_RECORDED_FACTOR_PRP_OR_LL_RESULT_AND_NO_ACTIVE_GIMPS_ASSIGNMENT,2026-08-09T09:12:31+00:00,UNALLOCATED,,,,,
SLCMP2607-0384,384,384,794020561,2^794020561-1,STRUCTURAL_SCREEN_EXHAUSTED_PRIMALITY_UNASSIGNED,GF3A_DIRECTIONAL_WRITE_EXHAUSTED_PRIMALITY_UNASSIGNED,513,512,512,NO_RECORDED_FACTOR_PRP_OR_LL_RESULT_AND_NO_ACTIVE_GIMPS_ASSIGNMENT,2026-08-09T09:12:31+00:00,UNALLOCATED,,,,,
SLCMP2607-0385,385,385,794020687,2^794020687-1,STRUCTURAL_SCREEN_EXHAUSTED_PRIMALITY_UNASSIGNED,GF3A_DIRECTIONAL_WRITE_EXHAUSTED_PRIMALITY_UNASSIGNED,514,512,512,NO_RECORDED_FACTOR_PRP_OR_LL_RESULT_AND_NO_ACTIVE_GIMPS_ASSIGNMENT,2026-08-09T09:12:31+00:00,UNALLOCATED,,,,,
SLCMP2607-0386,386,386,794020693,2^794020693-1,STRUCTURAL_SCREEN_EXHAUSTED_PRIMALITY_UNASSIGNED,GF3A_DIRECTIONAL_WRITE_EXHAUSTED_PRIMALITY_UNASSIGNED,513,512,512,NO_RECORDED_FACTOR_PRP_OR_LL_RESULT_AND_NO_ACTIVE_GIMPS_ASSIGNMENT,2026-08-09T09:12:31+00:00,UNALLOCATED,,,,,
SLCMP2607-0387,387,387,794020699,2^794020699-1,STRUCTURAL_SCREEN_EXHAUSTED_PRIMALITY_UNASSIGNED,GF3A_DIRECTIONAL_WRITE_EXHAUSTED_PRIMALITY_UNASSIGNED,514,512,512,NO_RECORDED_FACTOR_PRP_OR_LL_RESULT_AND_NO_ACTIVE_GIMPS_ASSIGNMENT,2026-08-09T09:12:31+00:00,UNALLOCATED,,,,,
SLCMP2607-0388,388,388,794020729,2^794020729-1,STRUCTURAL_SCREEN_EXHAUSTED_PRIMALITY_UNASSIGNED,GF3A_DIRECTIONAL_WRITE_EXHAUSTED_PRIMALITY_UNASSIGNED,513,512,512,NO_RECORDED_FACTOR_PRP_OR_LL_RESULT_AND_NO_ACTIVE_GIMPS_ASSIGNMENT,2026-08-09T09:12:31+00:00,UNALLOCATED,,,,,
SLCMP2607-0389,389,389,794020823,2^794020823-1,STRUCTURAL_SCREEN_EXHAUSTED_PRIMALITY_UNASSIGNED,GF3A_DIRECTIONAL_WRITE_EXHAUSTED_PRIMALITY_UNASSIGNED,514,512,512,NO_RECORDED_FACTOR_PRP_OR_LL_RESULT_AND_NO_ACTIVE_GIMPS_ASSIGNMENT,2026-08-09T09:12:31+00:00,UNALLOCATED,,,,,
SLCMP2607-0390,390,390,794020861,2^794020861-1,STRUCTURAL_SCREEN_EXHAUSTED_PRIMALITY_UNASSIGNED,GF3A_DIRECTIONAL_WRITE_EXHAUSTED_PRIMALITY_UNASSIGNED,513,512,512,NO_RECORDED_FACTOR_PRP_OR_LL_RESULT_AND_NO_ACTIVE_GIMPS_ASSIGNMENT,2026-08-09T09:12:31+00:00,UNALLOCATED,,,,,
SLCMP2607-0391,391,391,794020873,2^794020873-1,STRUCTURAL_SCREEN_EXHAUSTED_PRIMALITY_UNASSIGNED,GF3A_DIRECTIONAL_WRITE_EXHAUSTED_PRIMALITY_UNASSIGNED,513,512,512,NO_RECORDED_FACTOR_PRP_OR_LL_RESULT_AND_NO_ACTIVE_GIMPS_ASSIGNMENT,2026-08-09T09:12:31+00:00,UNALLOCATED,,,,,
SLCMP2607-0392,392,392,794020991,2^794020991-1,STRUCTURAL_SCREEN_EXHAUSTED_PRIMALITY_UNASSIGNED,GF3A_DIRECTIONAL_WRITE_EXHAUSTED_PRIMALITY_UNASSIGNED,514,512,512,NO_RECORDED_FACTOR_PRP_OR_LL_RESULT_AND_NO_ACTIVE_GIMPS_ASSIGNMENT,2026-08-09T09:12:31+00:00,UNALLOCATED,,,,,
SLCMP2607-0393,393,393,794021009,2^794021009-1,STRUCTURAL_SCREEN_EXHAUSTED_PRIMALITY_UNASSIGNED,GF3A_DIRECTIONAL_WRITE_EXHAUSTED_PRIMALITY_UNASSIGNED,513,512,512,NO_RECORDED_FACTOR_PRP_OR_LL_RESULT_AND_NO_ACTIVE_GIMPS_ASSIGNMENT,2026-08-09T09:12:31+00:00,UNALLOCATED,,,,,
SLCMP2607-0394,394,394,794021069,2^794021069-1,STRUCTURAL_SCREEN_EXHAUSTED_PRIMALITY_UNASSIGNED,GF3A_DIRECTIONAL_WRITE_EXHAUSTED_PRIMALITY_UNASSIGNED,513,512,512,NO_RECORDED_FACTOR_PRP_OR_LL_RESULT_AND_NO_ACTIVE_GIMPS_ASSIGNMENT,2026-08-09T09:12:31+00:00,UNALLOCATED,,,,,
SLCMP2607-0395,395,395,794021071,2^794021071-1,STRUCTURAL_SCREEN_EXHAUSTED_PRIMALITY_UNASSIGNED,GF3A_DIRECTIONAL_WRITE_EXHAUSTED_PRIMALITY_UNASSIGNED,514,512,512,NO_RECORDED_FACTOR_PRP_OR_LL_RESULT_AND_NO_ACTIVE_GIMPS_ASSIGNMENT,2026-08-09T09:12:31+00:00,UNALLOCATED,,,,,
SLCMP2607-0396,396,396,794021093,2^794021093-1,STRUCTURAL_SCREEN_EXHAUSTED_PRIMALITY_UNASSIGNED,GF3A_DIRECTIONAL_WRITE_EXHAUSTED_PRIMALITY_UNASSIGNED,513,512,512,NO_RECORDED_FACTOR_PRP_OR_LL_RESULT_AND_NO_ACTIVE_GIMPS_ASSIGNMENT,2026-08-09T09:12:31+00:00,UNALLOCATED,,,,,
SLCMP2607-0397,397,397,794021177,2^794021177-1,STRUCTURAL_SCREEN_EXHAUSTED_PRIMALITY_UNASSIGNED,GF3A_DIRECTIONAL_WRITE_EXHAUSTED_PRIMALITY_UNASSIGNED,513,512,512,NO_RECORDED_FACTOR_PRP_OR_LL_RESULT_AND_NO_ACTIVE_GIMPS_ASSIGNMENT,2026-08-09T09:12:31+00:00,UNALLOCATED,,,,,
SLCMP2607-0398,398,398,794021299,2^794021299-1,STRUCTURAL_SCREEN_EXHAUSTED_PRIMALITY_UNASSIGNED,GF3A_DIRECTIONAL_WRITE_EXHAUSTED_PRIMALITY_UNASSIGNED,514,512,512,NO_RECORDED_FACTOR_PRP_OR_LL_RESULT_AND_NO_ACTIVE_GIMPS_ASSIGNMENT,2026-08-09T09:12:31+00:00,UNALLOCATED,,,,,
SLCMP2607-0399,399,399,794021311,2^794021311-1,STRUCTURAL_SCREEN_EXHAUSTED_PRIMALITY_UNASSIGNED,GF3A_DIRECTIONAL_WRITE_EXHAUSTED_PRIMALITY_UNASSIGNED,514,512,512,NO_RECORDED_FACTOR_PRP_OR_LL_RESULT_AND_NO_ACTIVE_GIMPS_ASSIGNMENT,2026-08-09T09:12:31+00:00,UNALLOCATED,,,,,
SLCMP2607-0400,400,400,794021317,2^794021317-1,STRUCTURAL_SCREEN_EXHAUSTED_PRIMALITY_UNASSIGNED,GF3A_DIRECTIONAL_WRITE_EXHAUSTED_PRIMALITY_UNASSIGNED,513,512,512,NO_RECORDED_FACTOR_PRP_OR_LL_RESULT_AND_NO_ACTIVE_GIMPS_ASSIGNMENT,2026-08-09T09:12:31+00:00,UNALLOCATED,,,,,
SLCMP2607-0401,401,401,794021401,2^794021401-1,STRUCTURAL_SCREEN_EXHAUSTED_PRIMALITY_UNASSIGNED,GF3A_DIRECTIONAL_WRITE_EXHAUSTED_PRIMALITY_UNASSIGNED,513,512,512,NO_RECORDED_FACTOR_PRP_OR_LL_RESULT_AND_NO_ACTIVE_GIMPS_ASSIGNMENT,2026-08-09T09:12:31+00:00,UNALLOCATED,,,,,
SLCMP2607-0402,402,402,794021491,2^794021491-1,STRUCTURAL_SCREEN_EXHAUSTED_PRIMALITY_UNASSIGNED,GF3A_DIRECTIONAL_WRITE_EXHAUSTED_PRIMALITY_UNASSIGNED,514,512,512,NO_RECORDED_FACTOR_PRP_OR_LL_RESULT_AND_NO_ACTIVE_GIMPS_ASSIGNMENT,2026-08-09T09:12:31+00:00,UNALLOCATED,,,,,
SLCMP2607-0403,403,403,794021549,2^794021549-1,STRUCTURAL_SCREEN_EXHAUSTED_PRIMALITY_UNASSIGNED,GF3A_DIRECTIONAL_WRITE_EXHAUSTED_PRIMALITY_UNASSIGNED,513,512,512,NO_RECORDED_FACTOR_PRP_OR_LL_RESULT_AND_NO_ACTIVE_GIMPS_ASSIGNMENT,2026-08-09T09:12:31+00:00,UNALLOCATED,,,,,
SLCMP2607-0404,404,404,794021561,2^794021561-1,STRUCTURAL_SCREEN_EXHAUSTED_PRIMALITY_UNASSIGNED,GF3A_DIRECTIONAL_WRITE_EXHAUSTED_PRIMALITY_UNASSIGNED,513,512,512,NO_RECORDED_FACTOR_PRP_OR_LL_RESULT_AND_NO_ACTIVE_GIMPS_ASSIGNMENT,2026-08-09T09:12:31+00:00,UNALLOCATED,,,,,
SLCMP2607-0405,405,405,794021563,2^794021563-1,STRUCTURAL_SCREEN_EXHAUSTED_PRIMALITY_UNASSIGNED,GF3A_DIRECTIONAL_WRITE_EXHAUSTED_PRIMALITY_UNASSIGNED,514,512,512,NO_RECORDED_FACTOR_PRP_OR_LL_RESULT_AND_NO_ACTIVE_GIMPS_ASSIGNMENT,2026-08-09T09:12:31+00:00,UNALLOCATED,,,,,
SLCMP2607-0406,406,406,794021581,2^794021581-1,STRUCTURAL_SCREEN_EXHAUSTED_PRIMALITY_UNASSIGNED,GF3A_DIRECTIONAL_WRITE_EXHAUSTED_PRIMALITY_UNASSIGNED,513,512,512,NO_RECORDED_FACTOR_PRP_OR_LL_RESULT_AND_NO_ACTIVE_GIMPS_ASSIGNMENT,2026-08-09T09:12:31+00:00,UNALLOCATED,,,,,
SLCMP2607-0407,407,407,794021597,2^794021597-1,STRUCTURAL_SCREEN_EXHAUSTED_PRIMALITY_UNASSIGNED,GF3A_DIRECTIONAL_WRITE_EXHAUSTED_PRIMALITY_UNASSIGNED,513,512,512,NO_RECORDED_FACTOR_PRP_OR_LL_RESULT_AND_NO_ACTIVE_GIMPS_ASSIGNMENT,2026-08-09T09:12:31+00:00,UNALLOCATED,,,,,
SLCMP2607-0408,408,408,794021603,2^794021603-1,STRUCTURAL_SCREEN_EXHAUSTED_PRIMALITY_UNASSIGNED,GF3A_DIRECTIONAL_WRITE_EXHAUSTED_PRIMALITY_UNASSIGNED,514,512,512,NO_RECORDED_FACTOR_PRP_OR_LL_RESULT_AND_NO_ACTIVE_GIMPS_ASSIGNMENT,2026-08-09T09:12:31+00:00,UNALLOCATED,,,,,
SLCMP2607-0409,409,409,794021629,2^794021629-1,STRUCTURAL_SCREEN_EXHAUSTED_PRIMALITY_UNASSIGNED,GF3A_DIRECTIONAL_WRITE_EXHAUSTED_PRIMALITY_UNASSIGNED,513,512,512,NO_RECORDED_FACTOR_PRP_OR_LL_RESULT_AND_NO_ACTIVE_GIMPS_ASSIGNMENT,2026-08-09T09:12:31+00:00,UNALLOCATED,,,,,
SLCMP2607-0410,410,410,794021909,2^794021909-1,STRUCTURAL_SCREEN_EXHAUSTED_PRIMALITY_UNASSIGNED,GF3A_DIRECTIONAL_WRITE_EXHAUSTED_PRIMALITY_UNASSIGNED,513,512,512,NO_RECORDED_FACTOR_PRP_OR_LL_RESULT_AND_NO_ACTIVE_GIMPS_ASSIGNMENT,2026-08-09T09:12:31+00:00,UNALLOCATED,,,,,
SLCMP2607-0411,411,411,794021911,2^794021911-1,STRUCTURAL_SCREEN_EXHAUSTED_PRIMALITY_UNASSIGNED,GF3A_DIRECTIONAL_WRITE_EXHAUSTED_PRIMALITY_UNASSIGNED,514,512,512,NO_RECORDED_FACTOR_PRP_OR_LL_RESULT_AND_NO_ACTIVE_GIMPS_ASSIGNMENT,2026-08-09T09:12:31+00:00,UNALLOCATED,,,,,
SLCMP2607-0412,412,412,794021923,2^794021923-1,STRUCTURAL_SCREEN_EXHAUSTED_PRIMALITY_UNASSIGNED,GF3A_DIRECTIONAL_WRITE_EXHAUSTED_PRIMALITY_UNASSIGNED,514,512,512,NO_RECORDED_FACTOR_PRP_OR_LL_RESULT_AND_NO_ACTIVE_GIMPS_ASSIGNMENT,2026-08-09T09:12:31+00:00,UNALLOCATED,,,,,
SLCMP2607-0413,413,413,794021971,2^794021971-1,STRUCTURAL_SCREEN_EXHAUSTED_PRIMALITY_UNASSIGNED,GF3A_DIRECTIONAL_WRITE_EXHAUSTED_PRIMALITY_UNASSIGNED,514,512,512,NO_RECORDED_FACTOR_PRP_OR_LL_RESULT_AND_NO_ACTIVE_GIMPS_ASSIGNMENT,2026-08-09T09:12:31+00:00,UNALLOCATED,,,,,
SLCMP2607-0414,414,414,794022029,2^794022029-1,STRUCTURAL_SCREEN_EXHAUSTED_PRIMALITY_UNASSIGNED,GF3A_DIRECTIONAL_WRITE_EXHAUSTED_PRIMALITY_UNASSIGNED,513,512,512,NO_RECORDED_FACTOR_PRP_OR_LL_RESULT_AND_NO_ACTIVE_GIMPS_ASSIGNMENT,2026-08-09T09:12:31+00:00,UNALLOCATED,,,,,
SLCMP2607-0415,415,415,794022091,2^794022091-1,STRUCTURAL_SCREEN_EXHAUSTED_PRIMALITY_UNASSIGNED,GF3A_DIRECTIONAL_WRITE_EXHAUSTED_PRIMALITY_UNASSIGNED,514,512,512,NO_RECORDED_FACTOR_PRP_OR_LL_RESULT_AND_NO_ACTIVE_GIMPS_ASSIGNMENT,2026-08-09T09:12:31+00:00,UNALLOCATED,,,,,
SLCMP2607-0416,416,416,794022101,2^794022101-1,STRUCTURAL_SCREEN_EXHAUSTED_PRIMALITY_UNASSIGNED,GF3A_DIRECTIONAL_WRITE_EXHAUSTED_PRIMALITY_UNASSIGNED,513,512,512,NO_RECORDED_FACTOR_PRP_OR_LL_RESULT_AND_NO_ACTIVE_GIMPS_ASSIGNMENT,2026-08-09T09:12:31+00:00,UNALLOCATED,,,,,
SLCMP2607-0417,417,417,794022137,2^794022137-1,STRUCTURAL_SCREEN_EXHAUSTED_PRIMALITY_UNASSIGNED,GF3A_DIRECTIONAL_WRITE_EXHAUSTED_PRIMALITY_UNASSIGNED,513,512,512,NO_RECORDED_FACTOR_PRP_OR_LL_RESULT_AND_NO_ACTIVE_GIMPS_ASSIGNMENT,2026-08-09T09:12:31+00:00,UNALLOCATED,,,,,
SLCMP2607-0418,418,418,794022157,2^794022157-1,STRUCTURAL_SCREEN_EXHAUSTED_PRIMALITY_UNASSIGNED,GF3A_DIRECTIONAL_WRITE_EXHAUSTED_PRIMALITY_UNASSIGNED,513,512,512,NO_RECORDED_FACTOR_PRP_OR_LL_RESULT_AND_NO_ACTIVE_GIMPS_ASSIGNMENT,2026-08-09T09:12:31+00:00,UNALLOCATED,,,,,
SLCMP2607-0419,419,419,794022191,2^794022191-1,STRUCTURAL_SCREEN_EXHAUSTED_PRIMALITY_UNASSIGNED,GF3A_DIRECTIONAL_WRITE_EXHAUSTED_PRIMALITY_UNASSIGNED,514,512,512,NO_RECORDED_FACTOR_PRP_OR_LL_RESULT_AND_NO_ACTIVE_GIMPS_ASSIGNMENT,2026-08-09T09:12:31+00:00,UNALLOCATED,,,,,
SLCMP2607-0420,420,420,794022211,2^794022211-1,STRUCTURAL_SCREEN_EXHAUSTED_PRIMALITY_UNASSIGNED,GF3A_DIRECTIONAL_WRITE_EXHAUSTED_PRIMALITY_UNASSIGNED,514,512,512,NO_RECORDED_FACTOR_PRP_OR_LL_RESULT_AND_NO_ACTIVE_GIMPS_ASSIGNMENT,2026-08-09T09:12:31+00:00,UNALLOCATED,,,,,
SLCMP2607-0421,421,421,794022223,2^794022223-1,STRUCTURAL_SCREEN_EXHAUSTED_PRIMALITY_UNASSIGNED,GF3A_DIRECTIONAL_WRITE_EXHAUSTED_PRIMALITY_UNASSIGNED,514,512,512,NO_RECORDED_FACTOR_PRP_OR_LL_RESULT_AND_NO_ACTIVE_GIMPS_ASSIGNMENT,2026-08-09T09:12:31+00:00,UNALLOCATED,,,,,
SLCMP2607-0422,422,422,794022227,2^794022227-1,STRUCTURAL_SCREEN_EXHAUSTED_PRIMALITY_UNASSIGNED,GF3A_DIRECTIONAL_WRITE_EXHAUSTED_PRIMALITY_UNASSIGNED,514,512,512,NO_RECORDED_FACTOR_PRP_OR_LL_RESULT_AND_NO_ACTIVE_GIMPS_ASSIGNMENT,2026-08-09T09:12:31+00:00,UNALLOCATED,,,,,
SLCMP2607-0423,423,423,794022263,2^794022263-1,STRUCTURAL_SCREEN_EXHAUSTED_PRIMALITY_UNASSIGNED,GF3A_DIRECTIONAL_WRITE_EXHAUSTED_PRIMALITY_UNASSIGNED,514,512,512,NO_RECORDED_FACTOR_PRP_OR_LL_RESULT_AND_NO_ACTIVE_GIMPS_ASSIGNMENT,2026-08-09T09:12:31+00:00,UNALLOCATED,,,,,
SLCMP2607-0424,424,424,794022289,2^794022289-1,STRUCTURAL_SCREEN_EXHAUSTED_PRIMALITY_UNASSIGNED,GF3A_DIRECTIONAL_WRITE_EXHAUSTED_PRIMALITY_UNASSIGNED,513,512,512,NO_RECORDED_FACTOR_PRP_OR_LL_RESULT_AND_NO_ACTIVE_GIMPS_ASSIGNMENT,2026-08-09T09:12:31+00:00,UNALLOCATED,,,,,
SLCMP2607-0425,425,425,794022301,2^794022301-1,STRUCTURAL_SCREEN_EXHAUSTED_PRIMALITY_UNASSIGNED,GF3A_DIRECTIONAL_WRITE_EXHAUSTED_PRIMALITY_UNASSIGNED,513,512,512,NO_RECORDED_FACTOR_PRP_OR_LL_RESULT_AND_NO_ACTIVE_GIMPS_ASSIGNMENT,2026-08-09T09:12:31+00:00,UNALLOCATED,,,,,
SLCMP2607-0426,426,426,794022517,2^794022517-1,STRUCTURAL_SCREEN_EXHAUSTED_PRIMALITY_UNASSIGNED,GF3A_DIRECTIONAL_WRITE_EXHAUSTED_PRIMALITY_UNASSIGNED,513,512,512,NO_RECORDED_FACTOR_PRP_OR_LL_RESULT_AND_NO_ACTIVE_GIMPS_ASSIGNMENT,2026-08-09T09:12:31+00:00,UNALLOCATED,,,,,
SLCMP2607-0427,427,427,794022659,2^794022659-1,STRUCTURAL_SCREEN_EXHAUSTED_PRIMALITY_UNASSIGNED,GF3A_DIRECTIONAL_WRITE_EXHAUSTED_PRIMALITY_UNASSIGNED,514,512,512,NO_RECORDED_FACTOR_PRP_OR_LL_RESULT_AND_NO_ACTIVE_GIMPS_ASSIGNMENT,2026-08-09T09:12:31+00:00,UNALLOCATED,,,,,
SLCMP2607-0428,428,428,794022703,2^794022703-1,STRUCTURAL_SCREEN_EXHAUSTED_PRIMALITY_UNASSIGNED,GF3A_DIRECTIONAL_WRITE_EXHAUSTED_PRIMALITY_UNASSIGNED,514,512,512,NO_RECORDED_FACTOR_PRP_OR_LL_RESULT_AND_NO_ACTIVE_GIMPS_ASSIGNMENT,2026-08-09T09:12:31+00:00,UNALLOCATED,,,,,
SLCMP2607-0429,429,429,794022743,2^794022743-1,STRUCTURAL_SCREEN_EXHAUSTED_PRIMALITY_UNASSIGNED,GF3A_DIRECTIONAL_WRITE_EXHAUSTED_PRIMALITY_UNASSIGNED,514,512,512,NO_RECORDED_FACTOR_PRP_OR_LL_RESULT_AND_NO_ACTIVE_GIMPS_ASSIGNMENT,2026-08-09T09:12:31+00:00,UNALLOCATED,,,,,
SLCMP2607-0430,430,430,794022793,2^794022793-1,STRUCTURAL_SCREEN_EXHAUSTED_PRIMALITY_UNASSIGNED,GF3A_DIRECTIONAL_WRITE_EXHAUSTED_PRIMALITY_UNASSIGNED,513,512,512,NO_RECORDED_FACTOR_PRP_OR_LL_RESULT_AND_NO_ACTIVE_GIMPS_ASSIGNMENT,2026-08-09T09:12:31+00:00,UNALLOCATED,,,,,
SLCMP2607-0431,431,431,794022847,2^794022847-1,STRUCTURAL_SCREEN_EXHAUSTED_PRIMALITY_UNASSIGNED,GF3A_DIRECTIONAL_WRITE_EXHAUSTED_PRIMALITY_UNASSIGNED,514,512,512,NO_RECORDED_FACTOR_PRP_OR_LL_RESULT_AND_NO_ACTIVE_GIMPS_ASSIGNMENT,2026-08-09T09:12:31+00:00,UNALLOCATED,,,,,
SLCMP2607-0432,432,432,794022883,2^794022883-1,STRUCTURAL_SCREEN_EXHAUSTED_PRIMALITY_UNASSIGNED,GF3A_DIRECTIONAL_WRITE_EXHAUSTED_PRIMALITY_UNASSIGNED,514,512,512,NO_RECORDED_FACTOR_PRP_OR_LL_RESULT_AND_NO_ACTIVE_GIMPS_ASSIGNMENT,2026-08-09T09:12:31+00:00,UNALLOCATED,,,,,
SLCMP2607-0433,433,433,794022989,2^794022989-1,STRUCTURAL_SCREEN_EXHAUSTED_PRIMALITY_UNASSIGNED,GF3A_DIRECTIONAL_WRITE_EXHAUSTED_PRIMALITY_UNASSIGNED,513,512,512,NO_RECORDED_FACTOR_PRP_OR_LL_RESULT_AND_NO_ACTIVE_GIMPS_ASSIGNMENT,2026-08-09T09:12:31+00:00,UNALLOCATED,,,,,
SLCMP2607-0434,434,434,794023007,2^794023007-1,STRUCTURAL_SCREEN_EXHAUSTED_PRIMALITY_UNASSIGNED,GF3A_DIRECTIONAL_WRITE_EXHAUSTED_PRIMALITY_UNASSIGNED,514,512,512,NO_RECORDED_FACTOR_PRP_OR_LL_RESULT_AND_NO_ACTIVE_GIMPS_ASSIGNMENT,2026-08-09T09:12:31+00:00,UNALLOCATED,,,,,
SLCMP2607-0435,435,435,794023039,2^794023039-1,STRUCTURAL_SCREEN_EXHAUSTED_PRIMALITY_UNASSIGNED,GF3A_DIRECTIONAL_WRITE_EXHAUSTED_PRIMALITY_UNASSIGNED,514,512,512,NO_RECORDED_FACTOR_PRP_OR_LL_RESULT_AND_NO_ACTIVE_GIMPS_ASSIGNMENT,2026-08-09T09:12:31+00:00,UNALLOCATED,,,,,
SLCMP2607-0436,436,436,794023067,2^794023067-1,STRUCTURAL_SCREEN_EXHAUSTED_PRIMALITY_UNASSIGNED,GF3A_DIRECTIONAL_WRITE_EXHAUSTED_PRIMALITY_UNASSIGNED,514,512,512,NO_RECORDED_FACTOR_PRP_OR_LL_RESULT_AND_NO_ACTIVE_GIMPS_ASSIGNMENT,2026-08-09T09:12:31+00:00,UNALLOCATED,,,,,
SLCMP2607-0437,437,437,794023127,2^794023127-1,STRUCTURAL_SCREEN_EXHAUSTED_PRIMALITY_UNASSIGNED,GF3A_DIRECTIONAL_WRITE_EXHAUSTED_PRIMALITY_UNASSIGNED,514,512,512,NO_RECORDED_FACTOR_PRP_OR_LL_RESULT_AND_NO_ACTIVE_GIMPS_ASSIGNMENT,2026-08-09T09:12:31+00:00,UNALLOCATED,,,,,
SLCMP2607-0438,438,438,794023229,2^794023229-1,STRUCTURAL_SCREEN_EXHAUSTED_PRIMALITY_UNASSIGNED,GF3A_DIRECTIONAL_WRITE_EXHAUSTED_PRIMALITY_UNASSIGNED,513,512,512,NO_RECORDED_FACTOR_PRP_OR_LL_RESULT_AND_NO_ACTIVE_GIMPS_ASSIGNMENT,2026-08-09T09:12:31+00:00,UNALLOCATED,,,,,
SLCMP2607-0439,439,439,794023259,2^794023259-1,STRUCTURAL_SCREEN_EXHAUSTED_PRIMALITY_UNASSIGNED,GF3A_DIRECTIONAL_WRITE_EXHAUSTED_PRIMALITY_UNASSIGNED,514,512,512,NO_RECORDED_FACTOR_PRP_OR_LL_RESULT_AND_NO_ACTIVE_GIMPS_ASSIGNMENT,2026-08-09T09:12:31+00:00,UNALLOCATED,,,,,
SLCMP2607-0440,440,440,794023303,2^794023303-1,STRUCTURAL_SCREEN_EXHAUSTED_PRIMALITY_UNASSIGNED,GF3A_DIRECTIONAL_WRITE_EXHAUSTED_PRIMALITY_UNASSIGNED,514,512,512,NO_RECORDED_FACTOR_PRP_OR_LL_RESULT_AND_NO_ACTIVE_GIMPS_ASSIGNMENT,2026-08-09T09:12:31+00:00,UNALLOCATED,,,,,
SLCMP2607-0441,441,441,794023361,2^794023361-1,STRUCTURAL_SCREEN_EXHAUSTED_PRIMALITY_UNASSIGNED,GF3A_DIRECTIONAL_WRITE_EXHAUSTED_PRIMALITY_UNASSIGNED,513,512,512,NO_RECORDED_FACTOR_PRP_OR_LL_RESULT_AND_NO_ACTIVE_GIMPS_ASSIGNMENT,2026-08-09T09:12:31+00:00,UNALLOCATED,,,,,
SLCMP2607-0442,442,442,794023381,2^794023381-1,STRUCTURAL_SCREEN_EXHAUSTED_PRIMALITY_UNASSIGNED,GF3A_DIRECTIONAL_WRITE_EXHAUSTED_PRIMALITY_UNASSIGNED,513,512,512,NO_RECORDED_FACTOR_PRP_OR_LL_RESULT_AND_NO_ACTIVE_GIMPS_ASSIGNMENT,2026-08-09T09:12:31+00:00,UNALLOCATED,,,,,
SLCMP2607-0443,443,443,794023501,2^794023501-1,STRUCTURAL_SCREEN_EXHAUSTED_PRIMALITY_UNASSIGNED,GF3A_DIRECTIONAL_WRITE_EXHAUSTED_PRIMALITY_UNASSIGNED,513,512,512,NO_RECORDED_FACTOR_PRP_OR_LL_RESULT_AND_NO_ACTIVE_GIMPS_ASSIGNMENT,2026-08-09T09:12:31+00:00,UNALLOCATED,,,,,
SLCMP2607-0444,444,444,794023583,2^794023583-1,STRUCTURAL_SCREEN_EXHAUSTED_PRIMALITY_UNASSIGNED,GF3A_DIRECTIONAL_WRITE_EXHAUSTED_PRIMALITY_UNASSIGNED,514,512,512,NO_RECORDED_FACTOR_PRP_OR_LL_RESULT_AND_NO_ACTIVE_GIMPS_ASSIGNMENT,2026-08-09T09:12:31+00:00,UNALLOCATED,,,,,
SLCMP2607-0445,445,445,794023591,2^794023591-1,STRUCTURAL_SCREEN_EXHAUSTED_PRIMALITY_UNASSIGNED,GF3A_DIRECTIONAL_WRITE_EXHAUSTED_PRIMALITY_UNASSIGNED,514,512,512,NO_RECORDED_FACTOR_PRP_OR_LL_RESULT_AND_NO_ACTIVE_GIMPS_ASSIGNMENT,2026-08-09T09:12:31+00:00,UNALLOCATED,,,,,
SLCMP2607-0446,446,446,794023597,2^794023597-1,STRUCTURAL_SCREEN_EXHAUSTED_PRIMALITY_UNASSIGNED,GF3A_DIRECTIONAL_WRITE_EXHAUSTED_PRIMALITY_UNASSIGNED,513,512,512,NO_RECORDED_FACTOR_PRP_OR_LL_RESULT_AND_NO_ACTIVE_GIMPS_ASSIGNMENT,2026-08-09T09:12:31+00:00,UNALLOCATED,,,,,
SLCMP2607-0447,447,447,794023673,2^794023673-1,STRUCTURAL_SCREEN_EXHAUSTED_PRIMALITY_UNASSIGNED,GF3A_DIRECTIONAL_WRITE_EXHAUSTED_PRIMALITY_UNASSIGNED,513,512,512,NO_RECORDED_FACTOR_PRP_OR_LL_RESULT_AND_NO_ACTIVE_GIMPS_ASSIGNMENT,2026-08-09T09:12:31+00:00,UNALLOCATED,,,,,
SLCMP2607-0448,448,448,794023697,2^794023697-1,STRUCTURAL_SCREEN_EXHAUSTED_PRIMALITY_UNASSIGNED,GF3A_DIRECTIONAL_WRITE_EXHAUSTED_PRIMALITY_UNASSIGNED,513,512,512,NO_RECORDED_FACTOR_PRP_OR_LL_RESULT_AND_NO_ACTIVE_GIMPS_ASSIGNMENT,2026-08-09T09:12:31+00:00,UNALLOCATED,,,,,
SLCMP2607-0449,449,449,794023759,2^794023759-1,STRUCTURAL_SCREEN_EXHAUSTED_PRIMALITY_UNASSIGNED,GF3A_DIRECTIONAL_WRITE_EXHAUSTED_PRIMALITY_UNASSIGNED,514,512,512,NO_RECORDED_FACTOR_PRP_OR_LL_RESULT_AND_NO_ACTIVE_GIMPS_ASSIGNMENT,2026-08-09T09:12:31+00:00,UNALLOCATED,,,,,
SLCMP2607-0450,450,450,794023883,2^794023883-1,STRUCTURAL_SCREEN_EXHAUSTED_PRIMALITY_UNASSIGNED,GF3A_DIRECTIONAL_WRITE_EXHAUSTED_PRIMALITY_UNASSIGNED,514,512,512,NO_RECORDED_FACTOR_PRP_OR_LL_RESULT_AND_NO_ACTIVE_GIMPS_ASSIGNMENT,2026-08-09T09:12:31+00:00,UNALLOCATED,,,,,
SLCMP2607-0451,451,451,794023921,2^794023921-1,STRUCTURAL_SCREEN_EXHAUSTED_PRIMALITY_UNASSIGNED,GF3A_DIRECTIONAL_WRITE_EXHAUSTED_PRIMALITY_UNASSIGNED,513,512,512,NO_RECORDED_FACTOR_PRP_OR_LL_RESULT_AND_NO_ACTIVE_GIMPS_ASSIGNMENT,2026-08-09T09:12:31+00:00,UNALLOCATED,,,,,
SLCMP2607-0452,452,452,794024071,2^794024071-1,STRUCTURAL_SCREEN_EXHAUSTED_PRIMALITY_UNASSIGNED,GF3A_DIRECTIONAL_WRITE_EXHAUSTED_PRIMALITY_UNASSIGNED,514,512,512,NO_RECORDED_FACTOR_PRP_OR_LL_RESULT_AND_NO_ACTIVE_GIMPS_ASSIGNMENT,2026-08-09T09:12:31+00:00,UNALLOCATED,,,,,
SLCMP2607-0453,453,453,794024167,2^794024167-1,STRUCTURAL_SCREEN_EXHAUSTED_PRIMALITY_UNASSIGNED,GF3A_DIRECTIONAL_WRITE_EXHAUSTED_PRIMALITY_UNASSIGNED,514,512,512,NO_RECORDED_FACTOR_PRP_OR_LL_RESULT_AND_NO_ACTIVE_GIMPS_ASSIGNMENT,2026-08-09T09:12:31+00:00,UNALLOCATED,,,,,
SLCMP2607-0454,454,454,794024293,2^794024293-1,STRUCTURAL_SCREEN_EXHAUSTED_PRIMALITY_UNASSIGNED,GF3A_DIRECTIONAL_WRITE_EXHAUSTED_PRIMALITY_UNASSIGNED,513,512,512,NO_RECORDED_FACTOR_PRP_OR_LL_RESULT_AND_NO_ACTIVE_GIMPS_ASSIGNMENT,2026-08-09T09:12:31+00:00,UNALLOCATED,,,,,
SLCMP2607-0455,455,455,794024299,2^794024299-1,STRUCTURAL_SCREEN_EXHAUSTED_PRIMALITY_UNASSIGNED,GF3A_DIRECTIONAL_WRITE_EXHAUSTED_PRIMALITY_UNASSIGNED,514,512,512,NO_RECORDED_FACTOR_PRP_OR_LL_RESULT_AND_NO_ACTIVE_GIMPS_ASSIGNMENT,2026-08-09T09:12:31+00:00,UNALLOCATED,,,,,
SLCMP2607-0456,456,456,794024333,2^794024333-1,STRUCTURAL_SCREEN_EXHAUSTED_PRIMALITY_UNASSIGNED,GF3A_DIRECTIONAL_WRITE_EXHAUSTED_PRIMALITY_UNASSIGNED,513,512,512,NO_RECORDED_FACTOR_PRP_OR_LL_RESULT_AND_NO_ACTIVE_GIMPS_ASSIGNMENT,2026-08-09T09:12:31+00:00,UNALLOCATED,,,,,
SLCMP2607-0457,457,457,794024513,2^794024513-1,STRUCTURAL_SCREEN_EXHAUSTED_PRIMALITY_UNASSIGNED,GF3A_DIRECTIONAL_WRITE_EXHAUSTED_PRIMALITY_UNASSIGNED,513,512,512,NO_RECORDED_FACTOR_PRP_OR_LL_RESULT_AND_NO_ACTIVE_GIMPS_ASSIGNMENT,2026-08-09T09:12:31+00:00,UNALLOCATED,,,,,
SLCMP2607-0458,458,458,794024531,2^794024531-1,STRUCTURAL_SCREEN_EXHAUSTED_PRIMALITY_UNASSIGNED,GF3A_DIRECTIONAL_WRITE_EXHAUSTED_PRIMALITY_UNASSIGNED,514,512,512,NO_RECORDED_FACTOR_PRP_OR_LL_RESULT_AND_NO_ACTIVE_GIMPS_ASSIGNMENT,2026-08-09T09:12:31+00:00,UNALLOCATED,,,,,
SLCMP2607-0459,459,459,794024579,2^794024579-1,STRUCTURAL_SCREEN_EXHAUSTED_PRIMALITY_UNASSIGNED,GF3A_DIRECTIONAL_WRITE_EXHAUSTED_PRIMALITY_UNASSIGNED,514,512,512,NO_RECORDED_FACTOR_PRP_OR_LL_RESULT_AND_NO_ACTIVE_GIMPS_ASSIGNMENT,2026-08-09T09:12:31+00:00,UNALLOCATED,,,,,
SLCMP2607-0460,460,460,794024599,2^794024599-1,STRUCTURAL_SCREEN_EXHAUSTED_PRIMALITY_UNASSIGNED,GF3A_DIRECTIONAL_WRITE_EXHAUSTED_PRIMALITY_UNASSIGNED,514,512,512,NO_RECORDED_FACTOR_PRP_OR_LL_RESULT_AND_NO_ACTIVE_GIMPS_ASSIGNMENT,2026-08-09T09:12:31+00:00,UNALLOCATED,,,,,
SLCMP2607-0461,461,461,794024633,2^794024633-1,STRUCTURAL_SCREEN_EXHAUSTED_PRIMALITY_UNASSIGNED,GF3A_DIRECTIONAL_WRITE_EXHAUSTED_PRIMALITY_UNASSIGNED,513,512,512,NO_RECORDED_FACTOR_PRP_OR_LL_RESULT_AND_NO_ACTIVE_GIMPS_ASSIGNMENT,2026-08-09T09:12:31+00:00,UNALLOCATED,,,,,
SLCMP2607-0462,462,462,794024659,2^794024659-1,STRUCTURAL_SCREEN_EXHAUSTED_PRIMALITY_UNASSIGNED,GF3A_DIRECTIONAL_WRITE_EXHAUSTED_PRIMALITY_UNASSIGNED,514,512,512,NO_RECORDED_FACTOR_PRP_OR_LL_RESULT_AND_NO_ACTIVE_GIMPS_ASSIGNMENT,2026-08-09T09:12:31+00:00,UNALLOCATED,,,,,
SLCMP2607-0463,463,463,794024677,2^794024677-1,STRUCTURAL_SCREEN_EXHAUSTED_PRIMALITY_UNASSIGNED,GF3A_DIRECTIONAL_WRITE_EXHAUSTED_PRIMALITY_UNASSIGNED,513,512,512,NO_RECORDED_FACTOR_PRP_OR_LL_RESULT_AND_NO_ACTIVE_GIMPS_ASSIGNMENT,2026-08-09T09:12:31+00:00,UNALLOCATED,,,,,
SLCMP2607-0464,464,464,794024711,2^794024711-1,STRUCTURAL_SCREEN_EXHAUSTED_PRIMALITY_UNASSIGNED,GF3A_DIRECTIONAL_WRITE_EXHAUSTED_PRIMALITY_UNASSIGNED,514,512,512,NO_RECORDED_FACTOR_PRP_OR_LL_RESULT_AND_NO_ACTIVE_GIMPS_ASSIGNMENT,2026-08-09T09:12:31+00:00,UNALLOCATED,,,,,
SLCMP2607-0465,465,465,794024771,2^794024771-1,STRUCTURAL_SCREEN_EXHAUSTED_PRIMALITY_UNASSIGNED,GF3A_DIRECTIONAL_WRITE_EXHAUSTED_PRIMALITY_UNASSIGNED,514,512,512,NO_RECORDED_FACTOR_PRP_OR_LL_RESULT_AND_NO_ACTIVE_GIMPS_ASSIGNMENT,2026-08-09T09:12:31+00:00,UNALLOCATED,,,,,
SLCMP2607-0466,466,466,794024809,2^794024809-1,STRUCTURAL_SCREEN_EXHAUSTED_PRIMALITY_UNASSIGNED,GF3A_DIRECTIONAL_WRITE_EXHAUSTED_PRIMALITY_UNASSIGNED,513,512,512,NO_RECORDED_FACTOR_PRP_OR_LL_RESULT_AND_NO_ACTIVE_GIMPS_ASSIGNMENT,2026-08-09T09:12:31+00:00,UNALLOCATED,,,,,
SLCMP2607-0467,467,467,794024849,2^794024849-1,STRUCTURAL_SCREEN_EXHAUSTED_PRIMALITY_UNASSIGNED,GF3A_DIRECTIONAL_WRITE_EXHAUSTED_PRIMALITY_UNASSIGNED,513,512,512,NO_RECORDED_FACTOR_PRP_OR_LL_RESULT_AND_NO_ACTIVE_GIMPS_ASSIGNMENT,2026-08-09T09:12:31+00:00,UNALLOCATED,,,,,
SLCMP2607-0468,468,468,794024941,2^794024941-1,STRUCTURAL_SCREEN_EXHAUSTED_PRIMALITY_UNASSIGNED,GF3A_DIRECTIONAL_WRITE_EXHAUSTED_PRIMALITY_UNASSIGNED,513,512,512,NO_RECORDED_FACTOR_PRP_OR_LL_RESULT_AND_NO_ACTIVE_GIMPS_ASSIGNMENT,2026-08-09T09:12:31+00:00,UNALLOCATED,,,,,
SLCMP2607-0469,469,469,794024947,2^794024947-1,STRUCTURAL_SCREEN_EXHAUSTED_PRIMALITY_UNASSIGNED,GF3A_DIRECTIONAL_WRITE_EXHAUSTED_PRIMALITY_UNASSIGNED,514,512,512,NO_RECORDED_FACTOR_PRP_OR_LL_RESULT_AND_NO_ACTIVE_GIMPS_ASSIGNMENT,2026-08-09T09:12:31+00:00,UNALLOCATED,,,,,
SLCMP2607-0470,470,470,794024951,2^794024951-1,STRUCTURAL_SCREEN_EXHAUSTED_PRIMALITY_UNASSIGNED,GF3A_DIRECTIONAL_WRITE_EXHAUSTED_PRIMALITY_UNASSIGNED,514,512,512,NO_RECORDED_FACTOR_PRP_OR_LL_RESULT_AND_NO_ACTIVE_GIMPS_ASSIGNMENT,2026-08-09T09:12:31+00:00,UNALLOCATED,,,,,
SLCMP2607-0471,471,471,794025013,2^794025013-1,STRUCTURAL_SCREEN_EXHAUSTED_PRIMALITY_UNASSIGNED,GF3A_DIRECTIONAL_WRITE_EXHAUSTED_PRIMALITY_UNASSIGNED,513,512,512,NO_RECORDED_FACTOR_PRP_OR_LL_RESULT_AND_NO_ACTIVE_GIMPS_ASSIGNMENT,2026-08-09T09:12:31+00:00,UNALLOCATED,,,,,
SLCMP2607-0472,472,472,794025053,2^794025053-1,STRUCTURAL_SCREEN_EXHAUSTED_PRIMALITY_UNASSIGNED,GF3A_DIRECTIONAL_WRITE_EXHAUSTED_PRIMALITY_UNASSIGNED,513,512,512,NO_RECORDED_FACTOR_PRP_OR_LL_RESULT_AND_NO_ACTIVE_GIMPS_ASSIGNMENT,2026-08-09T09:12:31+00:00,UNALLOCATED,,,,,
SLCMP2607-0473,473,473,794025149,2^794025149-1,STRUCTURAL_SCREEN_EXHAUSTED_PRIMALITY_UNASSIGNED,GF3A_DIRECTIONAL_WRITE_EXHAUSTED_PRIMALITY_UNASSIGNED,513,512,512,NO_RECORDED_FACTOR_PRP_OR_LL_RESULT_AND_NO_ACTIVE_GIMPS_ASSIGNMENT,2026-08-09T09:12:31+00:00,UNALLOCATED,,,,,
SLCMP2607-0474,474,474,794025263,2^794025263-1,STRUCTURAL_SCREEN_EXHAUSTED_PRIMALITY_UNASSIGNED,GF3A_DIRECTIONAL_WRITE_EXHAUSTED_PRIMALITY_UNASSIGNED,514,512,512,NO_RECORDED_FACTOR_PRP_OR_LL_RESULT_AND_NO_ACTIVE_GIMPS_ASSIGNMENT,2026-08-09T09:12:31+00:00,UNALLOCATED,,,,,
SLCMP2607-0475,475,475,794025317,2^794025317-1,STRUCTURAL_SCREEN_EXHAUSTED_PRIMALITY_UNASSIGNED,GF3A_DIRECTIONAL_WRITE_EXHAUSTED_PRIMALITY_UNASSIGNED,513,512,512,NO_RECORDED_FACTOR_PRP_OR_LL_RESULT_AND_NO_ACTIVE_GIMPS_ASSIGNMENT,2026-08-09T09:12:31+00:00,UNALLOCATED,,,,,
SLCMP2607-0476,476,476,794025403,2^794025403-1,STRUCTURAL_SCREEN_EXHAUSTED_PRIMALITY_UNASSIGNED,GF3A_DIRECTIONAL_WRITE_EXHAUSTED_PRIMALITY_UNASSIGNED,514,512,512,NO_RECORDED_FACTOR_PRP_OR_LL_RESULT_AND_NO_ACTIVE_GIMPS_ASSIGNMENT,2026-08-09T09:12:31+00:00,UNALLOCATED,,,,,
SLCMP2607-0477,477,477,794025569,2^794025569-1,STRUCTURAL_SCREEN_EXHAUSTED_PRIMALITY_UNASSIGNED,GF3A_DIRECTIONAL_WRITE_EXHAUSTED_PRIMALITY_UNASSIGNED,513,512,512,NO_RECORDED_FACTOR_PRP_OR_LL_RESULT_AND_NO_ACTIVE_GIMPS_ASSIGNMENT,2026-08-09T09:12:31+00:00,UNALLOCATED,,,,,
SLCMP2607-0478,478,478,794025571,2^794025571-1,STRUCTURAL_SCREEN_EXHAUSTED_PRIMALITY_UNASSIGNED,GF3A_DIRECTIONAL_WRITE_EXHAUSTED_PRIMALITY_UNASSIGNED,514,512,512,NO_RECORDED_FACTOR_PRP_OR_LL_RESULT_AND_NO_ACTIVE_GIMPS_ASSIGNMENT,2026-08-09T09:12:31+00:00,UNALLOCATED,,,,,
SLCMP2607-0479,479,479,794025601,2^794025601-1,STRUCTURAL_SCREEN_EXHAUSTED_PRIMALITY_UNASSIGNED,GF3A_DIRECTIONAL_WRITE_EXHAUSTED_PRIMALITY_UNASSIGNED,513,512,512,NO_RECORDED_FACTOR_PRP_OR_LL_RESULT_AND_NO_ACTIVE_GIMPS_ASSIGNMENT,2026-08-09T09:12:31+00:00,UNALLOCATED,,,,,
SLCMP2607-0480,480,480,794025653,2^794025653-1,STRUCTURAL_SCREEN_EXHAUSTED_PRIMALITY_UNASSIGNED,GF3A_DIRECTIONAL_WRITE_EXHAUSTED_PRIMALITY_UNASSIGNED,513,512,512,NO_RECORDED_FACTOR_PRP_OR_LL_RESULT_AND_NO_ACTIVE_GIMPS_ASSIGNMENT,2026-08-09T09:12:31+00:00,UNALLOCATED,,,,,
SLCMP2607-0481,481,481,794025679,2^794025679-1,STRUCTURAL_SCREEN_EXHAUSTED_PRIMALITY_UNASSIGNED,GF3A_DIRECTIONAL_WRITE_EXHAUSTED_PRIMALITY_UNASSIGNED,514,512,512,NO_RECORDED_FACTOR_PRP_OR_LL_RESULT_AND_NO_ACTIVE_GIMPS_ASSIGNMENT,2026-08-09T09:12:31+00:00,UNALLOCATED,,,,,
SLCMP2607-0482,482,482,794025769,2^794025769-1,STRUCTURAL_SCREEN_EXHAUSTED_PRIMALITY_UNASSIGNED,GF3A_DIRECTIONAL_WRITE_EXHAUSTED_PRIMALITY_UNASSIGNED,513,512,512,NO_RECORDED_FACTOR_PRP_OR_LL_RESULT_AND_NO_ACTIVE_GIMPS_ASSIGNMENT,2026-08-09T09:12:31+00:00,UNALLOCATED,,,,,
SLCMP2607-0483,483,483,794025781,2^794025781-1,STRUCTURAL_SCREEN_EXHAUSTED_PRIMALITY_UNASSIGNED,GF3A_DIRECTIONAL_WRITE_EXHAUSTED_PRIMALITY_UNASSIGNED,513,512,512,NO_RECORDED_FACTOR_PRP_OR_LL_RESULT_AND_NO_ACTIVE_GIMPS_ASSIGNMENT,2026-08-09T09:12:31+00:00,UNALLOCATED,,,,,
SLCMP2607-0484,484,484,794025811,2^794025811-1,STRUCTURAL_SCREEN_EXHAUSTED_PRIMALITY_UNASSIGNED,GF3A_DIRECTIONAL_WRITE_EXHAUSTED_PRIMALITY_UNASSIGNED,514,512,512,NO_RECORDED_FACTOR_PRP_OR_LL_RESULT_AND_NO_ACTIVE_GIMPS_ASSIGNMENT,2026-08-09T09:12:31+00:00,UNALLOCATED,,,,,
SLCMP2607-0485,485,485,794025889,2^794025889-1,STRUCTURAL_SCREEN_EXHAUSTED_PRIMALITY_UNASSIGNED,GF3A_DIRECTIONAL_WRITE_EXHAUSTED_PRIMALITY_UNASSIGNED,513,512,512,NO_RECORDED_FACTOR_PRP_OR_LL_RESULT_AND_NO_ACTIVE_GIMPS_ASSIGNMENT,2026-08-09T09:12:31+00:00,UNALLOCATED,,,,,
SLCMP2607-0486,486,486,794025901,2^794025901-1,STRUCTURAL_SCREEN_EXHAUSTED_PRIMALITY_UNASSIGNED,GF3A_DIRECTIONAL_WRITE_EXHAUSTED_PRIMALITY_UNASSIGNED,513,512,512,NO_RECORDED_FACTOR_PRP_OR_LL_RESULT_AND_NO_ACTIVE_GIMPS_ASSIGNMENT,2026-08-09T09:12:31+00:00,UNALLOCATED,,,,,
SLCMP2607-0487,487,487,794025929,2^794025929-1,STRUCTURAL_SCREEN_EXHAUSTED_PRIMALITY_UNASSIGNED,GF3A_DIRECTIONAL_WRITE_EXHAUSTED_PRIMALITY_UNASSIGNED,513,512,512,NO_RECORDED_FACTOR_PRP_OR_LL_RESULT_AND_NO_ACTIVE_GIMPS_ASSIGNMENT,2026-08-09T09:12:31+00:00,UNALLOCATED,,,,,
SLCMP2607-0488,488,488,794025931,2^794025931-1,STRUCTURAL_SCREEN_EXHAUSTED_PRIMALITY_UNASSIGNED,GF3A_DIRECTIONAL_WRITE_EXHAUSTED_PRIMALITY_UNASSIGNED,514,512,512,NO_RECORDED_FACTOR_PRP_OR_LL_RESULT_AND_NO_ACTIVE_GIMPS_ASSIGNMENT,2026-08-09T09:12:31+00:00,UNALLOCATED,,,,,
SLCMP2607-0489,489,489,794026001,2^794026001-1,STRUCTURAL_SCREEN_EXHAUSTED_PRIMALITY_UNASSIGNED,GF3A_DIRECTIONAL_WRITE_EXHAUSTED_PRIMALITY_UNASSIGNED,513,512,512,NO_RECORDED_FACTOR_PRP_OR_LL_RESULT_AND_NO_ACTIVE_GIMPS_ASSIGNMENT,2026-08-09T09:12:31+00:00,UNALLOCATED,,,,,
SLCMP2607-0490,490,490,794026063,2^794026063-1,STRUCTURAL_SCREEN_EXHAUSTED_PRIMALITY_UNASSIGNED,GF3A_DIRECTIONAL_WRITE_EXHAUSTED_PRIMALITY_UNASSIGNED,514,512,512,NO_RECORDED_FACTOR_PRP_OR_LL_RESULT_AND_NO_ACTIVE_GIMPS_ASSIGNMENT,2026-08-09T09:12:31+00:00,UNALLOCATED,,,,,
SLCMP2607-0491,491,491,794026067,2^794026067-1,STRUCTURAL_SCREEN_EXHAUSTED_PRIMALITY_UNASSIGNED,GF3A_DIRECTIONAL_WRITE_EXHAUSTED_PRIMALITY_UNASSIGNED,514,512,512,NO_RECORDED_FACTOR_PRP_OR_LL_RESULT_AND_NO_ACTIVE_GIMPS_ASSIGNMENT,2026-08-09T09:12:31+00:00,UNALLOCATED,,,,,
SLCMP2607-0492,492,492,794026159,2^794026159-1,STRUCTURAL_SCREEN_EXHAUSTED_PRIMALITY_UNASSIGNED,GF3A_DIRECTIONAL_WRITE_EXHAUSTED_PRIMALITY_UNASSIGNED,514,512,512,NO_RECORDED_FACTOR_PRP_OR_LL_RESULT_AND_NO_ACTIVE_GIMPS_ASSIGNMENT,2026-08-09T09:12:31+00:00,UNALLOCATED,,,,,
SLCMP2607-0493,493,493,794026187,2^794026187-1,STRUCTURAL_SCREEN_EXHAUSTED_PRIMALITY_UNASSIGNED,GF3A_DIRECTIONAL_WRITE_EXHAUSTED_PRIMALITY_UNASSIGNED,514,512,512,NO_RECORDED_FACTOR_PRP_OR_LL_RESULT_AND_NO_ACTIVE_GIMPS_ASSIGNMENT,2026-08-09T09:12:31+00:00,UNALLOCATED,,,,,
SLCMP2607-0494,494,494,794026237,2^794026237-1,STRUCTURAL_SCREEN_EXHAUSTED_PRIMALITY_UNASSIGNED,GF3A_DIRECTIONAL_WRITE_EXHAUSTED_PRIMALITY_UNASSIGNED,513,512,512,NO_RECORDED_FACTOR_PRP_OR_LL_RESULT_AND_NO_ACTIVE_GIMPS_ASSIGNMENT,2026-08-09T09:12:31+00:00,UNALLOCATED,,,,,
SLCMP2607-0495,495,495,794026249,2^794026249-1,STRUCTURAL_SCREEN_EXHAUSTED_PRIMALITY_UNASSIGNED,GF3A_DIRECTIONAL_WRITE_EXHAUSTED_PRIMALITY_UNASSIGNED,513,512,512,NO_RECORDED_FACTOR_PRP_OR_LL_RESULT_AND_NO_ACTIVE_GIMPS_ASSIGNMENT,2026-08-09T09:12:31+00:00,UNALLOCATED,,,,,
SLCMP2607-0496,496,496,794026333,2^794026333-1,STRUCTURAL_SCREEN_EXHAUSTED_PRIMALITY_UNASSIGNED,GF3A_DIRECTIONAL_WRITE_EXHAUSTED_PRIMALITY_UNASSIGNED,513,512,512,NO_RECORDED_FACTOR_PRP_OR_LL_RESULT_AND_NO_ACTIVE_GIMPS_ASSIGNMENT,2026-08-09T09:12:31+00:00,UNALLOCATED,,,,,
SLCMP2607-0497,497,497,794026367,2^794026367-1,STRUCTURAL_SCREEN_EXHAUSTED_PRIMALITY_UNASSIGNED,GF3A_DIRECTIONAL_WRITE_EXHAUSTED_PRIMALITY_UNASSIGNED,514,512,512,NO_RECORDED_FACTOR_PRP_OR_LL_RESULT_AND_NO_ACTIVE_GIMPS_ASSIGNMENT,2026-08-09T09:12:31+00:00,UNALLOCATED,,,,,
SLCMP2607-0498,498,498,794026379,2^794026379-1,STRUCTURAL_SCREEN_EXHAUSTED_PRIMALITY_UNASSIGNED,GF3A_DIRECTIONAL_WRITE_EXHAUSTED_PRIMALITY_UNASSIGNED,514,512,512,NO_RECORDED_FACTOR_PRP_OR_LL_RESULT_AND_NO_ACTIVE_GIMPS_ASSIGNMENT,2026-08-09T09:12:31+00:00,UNALLOCATED,,,,,
SLCMP2607-0499,499,499,794026481,2^794026481-1,STRUCTURAL_SCREEN_EXHAUSTED_PRIMALITY_UNASSIGNED,GF3A_DIRECTIONAL_WRITE_EXHAUSTED_PRIMALITY_UNASSIGNED,513,512,512,NO_RECORDED_FACTOR_PRP_OR_LL_RESULT_AND_NO_ACTIVE_GIMPS_ASSIGNMENT,2026-08-09T09:12:31+00:00,UNALLOCATED,,,,,
SLCMP2607-0500,500,500,794026553,2^794026553-1,STRUCTURAL_SCREEN_EXHAUSTED_PRIMALITY_UNASSIGNED,GF3A_DIRECTIONAL_WRITE_EXHAUSTED_PRIMALITY_UNASSIGNED,513,512,512,NO_RECORDED_FACTOR_PRP_OR_LL_RESULT_AND_NO_ACTIVE_GIMPS_ASSIGNMENT,2026-08-09T09:12:31+00:00,UNALLOCATED,,,,,
SLCMP2607-0501,501,501,794026573,2^794026573-1,STRUCTURAL_SCREEN_EXHAUSTED_PRIMALITY_UNASSIGNED,GF3A_DIRECTIONAL_WRITE_EXHAUSTED_PRIMALITY_UNASSIGNED,513,512,512,NO_RECORDED_FACTOR_PRP_OR_LL_RESULT_AND_NO_ACTIVE_GIMPS_ASSIGNMENT,2026-08-09T09:12:31+00:00,UNALLOCATED,,,,,
SLCMP2607-0502,502,502,794026579,2^794026579-1,STRUCTURAL_SCREEN_EXHAUSTED_PRIMALITY_UNASSIGNED,GF3A_DIRECTIONAL_WRITE_EXHAUSTED_PRIMALITY_UNASSIGNED,514,512,512,NO_RECORDED_FACTOR_PRP_OR_LL_RESULT_AND_NO_ACTIVE_GIMPS_ASSIGNMENT,2026-08-09T09:12:31+00:00,UNALLOCATED,,,,,
SLCMP2607-0503,503,503,794026657,2^794026657-1,STRUCTURAL_SCREEN_EXHAUSTED_PRIMALITY_UNASSIGNED,GF3A_DIRECTIONAL_WRITE_EXHAUSTED_PRIMALITY_UNASSIGNED,513,512,512,NO_RECORDED_FACTOR_PRP_OR_LL_RESULT_AND_NO_ACTIVE_GIMPS_ASSIGNMENT,2026-08-09T09:12:31+00:00,UNALLOCATED,,,,,
SLCMP2607-0504,504,504,794026729,2^794026729-1,STRUCTURAL_SCREEN_EXHAUSTED_PRIMALITY_UNASSIGNED,GF3A_DIRECTIONAL_WRITE_EXHAUSTED_PRIMALITY_UNASSIGNED,513,512,512,NO_RECORDED_FACTOR_PRP_OR_LL_RESULT_AND_NO_ACTIVE_GIMPS_ASSIGNMENT,2026-08-09T09:12:31+00:00,UNALLOCATED,,,,,
SLCMP2607-0505,505,505,794026747,2^794026747-1,STRUCTURAL_SCREEN_EXHAUSTED_PRIMALITY_UNASSIGNED,GF3A_DIRECTIONAL_WRITE_EXHAUSTED_PRIMALITY_UNASSIGNED,514,512,512,NO_RECORDED_FACTOR_PRP_OR_LL_RESULT_AND_NO_ACTIVE_GIMPS_ASSIGNMENT,2026-08-09T09:12:31+00:00,UNALLOCATED,,,,,
SLCMP2607-0506,506,506,794026759,2^794026759-1,STRUCTURAL_SCREEN_EXHAUSTED_PRIMALITY_UNASSIGNED,GF3A_DIRECTIONAL_WRITE_EXHAUSTED_PRIMALITY_UNASSIGNED,514,512,512,NO_RECORDED_FACTOR_PRP_OR_LL_RESULT_AND_NO_ACTIVE_GIMPS_ASSIGNMENT,2026-08-09T09:12:31+00:00,UNALLOCATED,,,,,
SLCMP2607-0507,507,507,794026781,2^794026781-1,STRUCTURAL_SCREEN_EXHAUSTED_PRIMALITY_UNASSIGNED,GF3A_DIRECTIONAL_WRITE_EXHAUSTED_PRIMALITY_UNASSIGNED,513,512,512,NO_RECORDED_FACTOR_PRP_OR_LL_RESULT_AND_NO_ACTIVE_GIMPS_ASSIGNMENT,2026-08-09T09:12:31+00:00,UNALLOCATED,,,,,
SLCMP2607-0508,508,508,794026927,2^794026927-1,STRUCTURAL_SCREEN_EXHAUSTED_PRIMALITY_UNASSIGNED,GF3A_DIRECTIONAL_WRITE_EXHAUSTED_PRIMALITY_UNASSIGNED,514,512,512,NO_RECORDED_FACTOR_PRP_OR_LL_RESULT_AND_NO_ACTIVE_GIMPS_ASSIGNMENT,2026-08-09T09:12:31+00:00,UNALLOCATED,,,,,
SLCMP2607-0509,509,509,794027093,2^794027093-1,STRUCTURAL_SCREEN_EXHAUSTED_PRIMALITY_UNASSIGNED,GF3A_DIRECTIONAL_WRITE_EXHAUSTED_PRIMALITY_UNASSIGNED,513,512,512,NO_RECORDED_FACTOR_PRP_OR_LL_RESULT_AND_NO_ACTIVE_GIMPS_ASSIGNMENT,2026-08-09T09:12:31+00:00,UNALLOCATED,,,,,
SLCMP2607-0510,510,510,794027167,2^794027167-1,STRUCTURAL_SCREEN_EXHAUSTED_PRIMALITY_UNASSIGNED,GF3A_DIRECTIONAL_WRITE_EXHAUSTED_PRIMALITY_UNASSIGNED,514,512,512,NO_RECORDED_FACTOR_PRP_OR_LL_RESULT_AND_NO_ACTIVE_GIMPS_ASSIGNMENT,2026-08-09T09:12:31+00:00,UNALLOCATED,,,,,
SLCMP2607-0511,511,511,794027231,2^794027231-1,STRUCTURAL_SCREEN_EXHAUSTED_PRIMALITY_UNASSIGNED,GF3A_DIRECTIONAL_WRITE_EXHAUSTED_PRIMALITY_UNASSIGNED,514,512,512,NO_RECORDED_FACTOR_PRP_OR_LL_RESULT_AND_NO_ACTIVE_GIMPS_ASSIGNMENT,2026-08-09T09:12:31+00:00,UNALLOCATED,,,,,
SLCMP2607-0512,512,512,794027303,2^794027303-1,STRUCTURAL_SCREEN_EXHAUSTED_PRIMALITY_UNASSIGNED,GF3A_DIRECTIONAL_WRITE_EXHAUSTED_PRIMALITY_UNASSIGNED,514,512,512,NO_RECORDED_FACTOR_PRP_OR_LL_RESULT_AND_NO_ACTIVE_GIMPS_ASSIGNMENT,2026-08-09T09:12:31+00:00,UNALLOCATED,,,,,
SLCMP2607-0513,513,513,794027327,2^794027327-1,STRUCTURAL_SCREEN_EXHAUSTED_PRIMALITY_UNASSIGNED,GF3A_DIRECTIONAL_WRITE_EXHAUSTED_PRIMALITY_UNASSIGNED,514,512,512,NO_RECORDED_FACTOR_PRP_OR_LL_RESULT_AND_NO_ACTIVE_GIMPS_ASSIGNMENT,2026-08-09T09:12:31+00:00,UNALLOCATED,,,,,
SLCMP2607-0514,514,514,794027359,2^794027359-1,STRUCTURAL_SCREEN_EXHAUSTED_PRIMALITY_UNASSIGNED,GF3A_DIRECTIONAL_WRITE_EXHAUSTED_PRIMALITY_UNASSIGNED,514,512,512,NO_RECORDED_FACTOR_PRP_OR_LL_RESULT_AND_NO_ACTIVE_GIMPS_ASSIGNMENT,2026-08-09T09:12:31+00:00,UNALLOCATED,,,,,
SLCMP2607-0515,515,515,794027401,2^794027401-1,STRUCTURAL_SCREEN_EXHAUSTED_PRIMALITY_UNASSIGNED,GF3A_DIRECTIONAL_WRITE_EXHAUSTED_PRIMALITY_UNASSIGNED,513,512,512,NO_RECORDED_FACTOR_PRP_OR_LL_RESULT_AND_NO_ACTIVE_GIMPS_ASSIGNMENT,2026-08-09T09:12:31+00:00,UNALLOCATED,,,,,
SLCMP2607-0516,516,516,794027431,2^794027431-1,STRUCTURAL_SCREEN_EXHAUSTED_PRIMALITY_UNASSIGNED,GF3A_DIRECTIONAL_WRITE_EXHAUSTED_PRIMALITY_UNASSIGNED,514,512,512,NO_RECORDED_FACTOR_PRP_OR_LL_RESULT_AND_NO_ACTIVE_GIMPS_ASSIGNMENT,2026-08-09T09:12:31+00:00,UNALLOCATED,,,,,
SLCMP2607-0517,517,517,794027467,2^794027467-1,STRUCTURAL_SCREEN_EXHAUSTED_PRIMALITY_UNASSIGNED,GF3A_DIRECTIONAL_WRITE_EXHAUSTED_PRIMALITY_UNASSIGNED,514,512,512,NO_RECORDED_FACTOR_PRP_OR_LL_RESULT_AND_NO_ACTIVE_GIMPS_ASSIGNMENT,2026-08-09T09:12:31+00:00,UNALLOCATED,,,,,
SLCMP2607-0518,518,518,794027581,2^794027581-1,STRUCTURAL_SCREEN_EXHAUSTED_PRIMALITY_UNASSIGNED,GF3A_DIRECTIONAL_WRITE_EXHAUSTED_PRIMALITY_UNASSIGNED,513,512,512,NO_RECORDED_FACTOR_PRP_OR_LL_RESULT_AND_NO_ACTIVE_GIMPS_ASSIGNMENT,2026-08-09T09:12:31+00:00,UNALLOCATED,,,,,
SLCMP2607-0519,519,519,794027677,2^794027677-1,STRUCTURAL_SCREEN_EXHAUSTED_PRIMALITY_UNASSIGNED,GF3A_DIRECTIONAL_WRITE_EXHAUSTED_PRIMALITY_UNASSIGNED,513,512,512,NO_RECORDED_FACTOR_PRP_OR_LL_RESULT_AND_NO_ACTIVE_GIMPS_ASSIGNMENT,2026-08-09T09:12:31+00:00,UNALLOCATED,,,,,
SLCMP2607-0520,520,520,794027693,2^794027693-1,STRUCTURAL_SCREEN_EXHAUSTED_PRIMALITY_UNASSIGNED,GF3A_DIRECTIONAL_WRITE_EXHAUSTED_PRIMALITY_UNASSIGNED,513,512,512,NO_RECORDED_FACTOR_PRP_OR_LL_RESULT_AND_NO_ACTIVE_GIMPS_ASSIGNMENT,2026-08-09T09:12:31+00:00,UNALLOCATED,,,,,
SLCMP2607-0521,521,521,794027713,2^794027713-1,STRUCTURAL_SCREEN_EXHAUSTED_PRIMALITY_UNASSIGNED,GF3A_DIRECTIONAL_WRITE_EXHAUSTED_PRIMALITY_UNASSIGNED,513,512,512,NO_RECORDED_FACTOR_PRP_OR_LL_RESULT_AND_NO_ACTIVE_GIMPS_ASSIGNMENT,2026-08-09T09:12:31+00:00,UNALLOCATED,,,,,
SLCMP2607-0522,522,522,794027747,2^794027747-1,STRUCTURAL_SCREEN_EXHAUSTED_PRIMALITY_UNASSIGNED,GF3A_DIRECTIONAL_WRITE_EXHAUSTED_PRIMALITY_UNASSIGNED,514,512,512,NO_RECORDED_FACTOR_PRP_OR_LL_RESULT_AND_NO_ACTIVE_GIMPS_ASSIGNMENT,2026-08-09T09:12:31+00:00,UNALLOCATED,,,,,
SLCMP2607-0523,523,523,794027791,2^794027791-1,STRUCTURAL_SCREEN_EXHAUSTED_PRIMALITY_UNASSIGNED,GF3A_DIRECTIONAL_WRITE_EXHAUSTED_PRIMALITY_UNASSIGNED,514,512,512,NO_RECORDED_FACTOR_PRP_OR_LL_RESULT_AND_NO_ACTIVE_GIMPS_ASSIGNMENT,2026-08-09T09:12:31+00:00,UNALLOCATED,,,,,
SLCMP2607-0524,524,524,794027933,2^794027933-1,STRUCTURAL_SCREEN_EXHAUSTED_PRIMALITY_UNASSIGNED,GF3A_DIRECTIONAL_WRITE_EXHAUSTED_PRIMALITY_UNASSIGNED,513,512,512,NO_RECORDED_FACTOR_PRP_OR_LL_RESULT_AND_NO_ACTIVE_GIMPS_ASSIGNMENT,2026-08-09T09:12:31+00:00,UNALLOCATED,,,,,
SLCMP2607-0525,525,525,794027953,2^794027953-1,STRUCTURAL_SCREEN_EXHAUSTED_PRIMALITY_UNASSIGNED,GF3A_DIRECTIONAL_WRITE_EXHAUSTED_PRIMALITY_UNASSIGNED,513,512,512,NO_RECORDED_FACTOR_PRP_OR_LL_RESULT_AND_NO_ACTIVE_GIMPS_ASSIGNMENT,2026-08-09T09:12:31+00:00,UNALLOCATED,,,,,
SLCMP2607-0526,526,526,794027957,2^794027957-1,STRUCTURAL_SCREEN_EXHAUSTED_PRIMALITY_UNASSIGNED,GF3A_DIRECTIONAL_WRITE_EXHAUSTED_PRIMALITY_UNASSIGNED,513,512,512,NO_RECORDED_FACTOR_PRP_OR_LL_RESULT_AND_NO_ACTIVE_GIMPS_ASSIGNMENT,2026-08-09T09:12:31+00:00,UNALLOCATED,,,,,
SLCMP2607-0527,527,527,794027989,2^794027989-1,STRUCTURAL_SCREEN_EXHAUSTED_PRIMALITY_UNASSIGNED,GF3A_DIRECTIONAL_WRITE_EXHAUSTED_PRIMALITY_UNASSIGNED,513,512,512,NO_RECORDED_FACTOR_PRP_OR_LL_RESULT_AND_NO_ACTIVE_GIMPS_ASSIGNMENT,2026-08-09T09:12:31+00:00,UNALLOCATED,,,,,
SLCMP2607-0528,528,528,794028089,2^794028089-1,STRUCTURAL_SCREEN_EXHAUSTED_PRIMALITY_UNASSIGNED,GF3A_DIRECTIONAL_WRITE_EXHAUSTED_PRIMALITY_UNASSIGNED,513,512,512,NO_RECORDED_FACTOR_PRP_OR_LL_RESULT_AND_NO_ACTIVE_GIMPS_ASSIGNMENT,2026-08-09T09:12:31+00:00,UNALLOCATED,,,,,
SLCMP2607-0529,529,529,794028223,2^794028223-1,STRUCTURAL_SCREEN_EXHAUSTED_PRIMALITY_UNASSIGNED,GF3A_DIRECTIONAL_WRITE_EXHAUSTED_PRIMALITY_UNASSIGNED,514,512,512,NO_RECORDED_FACTOR_PRP_OR_LL_RESULT_AND_NO_ACTIVE_GIMPS_ASSIGNMENT,2026-08-09T09:12:31+00:00,UNALLOCATED,,,,,
SLCMP2607-0530,530,530,794028247,2^794028247-1,STRUCTURAL_SCREEN_EXHAUSTED_PRIMALITY_UNASSIGNED,GF3A_DIRECTIONAL_WRITE_EXHAUSTED_PRIMALITY_UNASSIGNED,514,512,512,NO_RECORDED_FACTOR_PRP_OR_LL_RESULT_AND_NO_ACTIVE_GIMPS_ASSIGNMENT,2026-08-09T09:12:31+00:00,UNALLOCATED,,,,,
SLCMP2607-0531,531,531,794028253,2^794028253-1,STRUCTURAL_SCREEN_EXHAUSTED_PRIMALITY_UNASSIGNED,GF3A_DIRECTIONAL_WRITE_EXHAUSTED_PRIMALITY_UNASSIGNED,513,512,512,NO_RECORDED_FACTOR_PRP_OR_LL_RESULT_AND_NO_ACTIVE_GIMPS_ASSIGNMENT,2026-08-09T09:12:31+00:00,UNALLOCATED,,,,,
SLCMP2607-0532,532,532,794028269,2^794028269-1,STRUCTURAL_SCREEN_EXHAUSTED_PRIMALITY_UNASSIGNED,GF3A_DIRECTIONAL_WRITE_EXHAUSTED_PRIMALITY_UNASSIGNED,513,512,512,NO_RECORDED_FACTOR_PRP_OR_LL_RESULT_AND_NO_ACTIVE_GIMPS_ASSIGNMENT,2026-08-09T09:12:31+00:00,UNALLOCATED,,,,,
SLCMP2607-0533,533,533,794028281,2^794028281-1,STRUCTURAL_SCREEN_EXHAUSTED_PRIMALITY_UNASSIGNED,GF3A_DIRECTIONAL_WRITE_EXHAUSTED_PRIMALITY_UNASSIGNED,513,512,512,NO_RECORDED_FACTOR_PRP_OR_LL_RESULT_AND_NO_ACTIVE_GIMPS_ASSIGNMENT,2026-08-09T09:12:31+00:00,UNALLOCATED,,,,,
SLCMP2607-0534,534,534,794028329,2^794028329-1,STRUCTURAL_SCREEN_EXHAUSTED_PRIMALITY_UNASSIGNED,GF3A_DIRECTIONAL_WRITE_EXHAUSTED_PRIMALITY_UNASSIGNED,513,512,512,NO_RECORDED_FACTOR_PRP_OR_LL_RESULT_AND_NO_ACTIVE_GIMPS_ASSIGNMENT,2026-08-09T09:12:31+00:00,UNALLOCATED,,,,,
SLCMP2607-0535,535,535,794028331,2^794028331-1,STRUCTURAL_SCREEN_EXHAUSTED_PRIMALITY_UNASSIGNED,GF3A_DIRECTIONAL_WRITE_EXHAUSTED_PRIMALITY_UNASSIGNED,514,512,512,NO_RECORDED_FACTOR_PRP_OR_LL_RESULT_AND_NO_ACTIVE_GIMPS_ASSIGNMENT,2026-08-09T09:12:31+00:00,UNALLOCATED,,,,,
SLCMP2607-0536,536,536,794028383,2^794028383-1,STRUCTURAL_SCREEN_EXHAUSTED_PRIMALITY_UNASSIGNED,GF3A_DIRECTIONAL_WRITE_EXHAUSTED_PRIMALITY_UNASSIGNED,514,512,512,NO_RECORDED_FACTOR_PRP_OR_LL_RESULT_AND_NO_ACTIVE_GIMPS_ASSIGNMENT,2026-08-09T09:12:31+00:00,UNALLOCATED,,,,,
SLCMP2607-0537,537,537,794028407,2^794028407-1,STRUCTURAL_SCREEN_EXHAUSTED_PRIMALITY_UNASSIGNED,GF3A_DIRECTIONAL_WRITE_EXHAUSTED_PRIMALITY_UNASSIGNED,514,512,512,NO_RECORDED_FACTOR_PRP_OR_LL_RESULT_AND_NO_ACTIVE_GIMPS_ASSIGNMENT,2026-08-09T09:12:31+00:00,UNALLOCATED,,,,,
SLCMP2607-0538,538,538,794028437,2^794028437-1,STRUCTURAL_SCREEN_EXHAUSTED_PRIMALITY_UNASSIGNED,GF3A_DIRECTIONAL_WRITE_EXHAUSTED_PRIMALITY_UNASSIGNED,513,512,512,NO_RECORDED_FACTOR_PRP_OR_LL_RESULT_AND_NO_ACTIVE_GIMPS_ASSIGNMENT,2026-08-09T09:12:31+00:00,UNALLOCATED,,,,,
SLCMP2607-0539,539,539,794028461,2^794028461-1,STRUCTURAL_SCREEN_EXHAUSTED_PRIMALITY_UNASSIGNED,GF3A_DIRECTIONAL_WRITE_EXHAUSTED_PRIMALITY_UNASSIGNED,513,512,512,NO_RECORDED_FACTOR_PRP_OR_LL_RESULT_AND_NO_ACTIVE_GIMPS_ASSIGNMENT,2026-08-09T09:12:31+00:00,UNALLOCATED,,,,,
SLCMP2607-0540,540,540,794028463,2^794028463-1,STRUCTURAL_SCREEN_EXHAUSTED_PRIMALITY_UNASSIGNED,GF3A_DIRECTIONAL_WRITE_EXHAUSTED_PRIMALITY_UNASSIGNED,514,512,512,NO_RECORDED_FACTOR_PRP_OR_LL_RESULT_AND_NO_ACTIVE_GIMPS_ASSIGNMENT,2026-08-09T09:12:31+00:00,UNALLOCATED,,,,,
SLCMP2607-0541,541,541,794028467,2^794028467-1,STRUCTURAL_SCREEN_EXHAUSTED_PRIMALITY_UNASSIGNED,GF3A_DIRECTIONAL_WRITE_EXHAUSTED_PRIMALITY_UNASSIGNED,514,512,512,NO_RECORDED_FACTOR_PRP_OR_LL_RESULT_AND_NO_ACTIVE_GIMPS_ASSIGNMENT,2026-08-09T09:12:31+00:00,UNALLOCATED,,,,,
SLCMP2607-0542,542,542,794028581,2^794028581-1,STRUCTURAL_SCREEN_EXHAUSTED_PRIMALITY_UNASSIGNED,GF3A_DIRECTIONAL_WRITE_EXHAUSTED_PRIMALITY_UNASSIGNED,513,512,512,NO_RECORDED_FACTOR_PRP_OR_LL_RESULT_AND_NO_ACTIVE_GIMPS_ASSIGNMENT,2026-08-09T09:12:31+00:00,UNALLOCATED,,,,,
SLCMP2607-0543,543,543,794028623,2^794028623-1,STRUCTURAL_SCREEN_EXHAUSTED_PRIMALITY_UNASSIGNED,GF3A_DIRECTIONAL_WRITE_EXHAUSTED_PRIMALITY_UNASSIGNED,514,512,512,NO_RECORDED_FACTOR_PRP_OR_LL_RESULT_AND_NO_ACTIVE_GIMPS_ASSIGNMENT,2026-08-09T09:12:31+00:00,UNALLOCATED,,,,,
SLCMP2607-0544,544,544,794028629,2^794028629-1,STRUCTURAL_SCREEN_EXHAUSTED_PRIMALITY_UNASSIGNED,GF3A_DIRECTIONAL_WRITE_EXHAUSTED_PRIMALITY_UNASSIGNED,513,512,512,NO_RECORDED_FACTOR_PRP_OR_LL_RESULT_AND_NO_ACTIVE_GIMPS_ASSIGNMENT,2026-08-09T09:12:31+00:00,UNALLOCATED,,,,,
SLCMP2607-0545,545,545,794028737,2^794028737-1,STRUCTURAL_SCREEN_EXHAUSTED_PRIMALITY_UNASSIGNED,GF3A_DIRECTIONAL_WRITE_EXHAUSTED_PRIMALITY_UNASSIGNED,513,512,512,NO_RECORDED_FACTOR_PRP_OR_LL_RESULT_AND_NO_ACTIVE_GIMPS_ASSIGNMENT,2026-08-09T09:12:31+00:00,UNALLOCATED,,,,,
SLCMP2607-0546,546,546,794028799,2^794028799-1,STRUCTURAL_SCREEN_EXHAUSTED_PRIMALITY_UNASSIGNED,GF3A_DIRECTIONAL_WRITE_EXHAUSTED_PRIMALITY_UNASSIGNED,514,512,512,NO_RECORDED_FACTOR_PRP_OR_LL_RESULT_AND_NO_ACTIVE_GIMPS_ASSIGNMENT,2026-08-09T09:12:31+00:00,UNALLOCATED,,,,,
SLCMP2607-0547,547,547,794028889,2^794028889-1,STRUCTURAL_SCREEN_EXHAUSTED_PRIMALITY_UNASSIGNED,GF3A_DIRECTIONAL_WRITE_EXHAUSTED_PRIMALITY_UNASSIGNED,513,512,512,NO_RECORDED_FACTOR_PRP_OR_LL_RESULT_AND_NO_ACTIVE_GIMPS_ASSIGNMENT,2026-08-09T09:12:31+00:00,UNALLOCATED,,,,,
SLCMP2607-0548,548,548,794028901,2^794028901-1,STRUCTURAL_SCREEN_EXHAUSTED_PRIMALITY_UNASSIGNED,GF3A_DIRECTIONAL_WRITE_EXHAUSTED_PRIMALITY_UNASSIGNED,513,512,512,NO_RECORDED_FACTOR_PRP_OR_LL_RESULT_AND_NO_ACTIVE_GIMPS_ASSIGNMENT,2026-08-09T09:12:31+00:00,UNALLOCATED,,,,,
SLCMP2607-0549,549,549,794029109,2^794029109-1,STRUCTURAL_SCREEN_EXHAUSTED_PRIMALITY_UNASSIGNED,GF3A_DIRECTIONAL_WRITE_EXHAUSTED_PRIMALITY_UNASSIGNED,513,512,512,NO_RECORDED_FACTOR_PRP_OR_LL_RESULT_AND_NO_ACTIVE_GIMPS_ASSIGNMENT,2026-08-09T09:12:31+00:00,UNALLOCATED,,,,,
SLCMP2607-0550,550,550,794029123,2^794029123-1,STRUCTURAL_SCREEN_EXHAUSTED_PRIMALITY_UNASSIGNED,GF3A_DIRECTIONAL_WRITE_EXHAUSTED_PRIMALITY_UNASSIGNED,514,512,512,NO_RECORDED_FACTOR_PRP_OR_LL_RESULT_AND_NO_ACTIVE_GIMPS_ASSIGNMENT,2026-08-09T09:12:31+00:00,UNALLOCATED,,,,,
SLCMP2607-0551,551,551,794029147,2^794029147-1,STRUCTURAL_SCREEN_EXHAUSTED_PRIMALITY_UNASSIGNED,GF3A_DIRECTIONAL_WRITE_EXHAUSTED_PRIMALITY_UNASSIGNED,514,512,512,NO_RECORDED_FACTOR_PRP_OR_LL_RESULT_AND_NO_ACTIVE_GIMPS_ASSIGNMENT,2026-08-09T09:12:31+00:00,UNALLOCATED,,,,,
SLCMP2607-0552,552,552,794029169,2^794029169-1,STRUCTURAL_SCREEN_EXHAUSTED_PRIMALITY_UNASSIGNED,GF3A_DIRECTIONAL_WRITE_EXHAUSTED_PRIMALITY_UNASSIGNED,513,512,512,NO_RECORDED_FACTOR_PRP_OR_LL_RESULT_AND_NO_ACTIVE_GIMPS_ASSIGNMENT,2026-08-09T09:12:31+00:00,UNALLOCATED,,,,,
SLCMP2607-0553,553,553,794029177,2^794029177-1,STRUCTURAL_SCREEN_EXHAUSTED_PRIMALITY_UNASSIGNED,GF3A_DIRECTIONAL_WRITE_EXHAUSTED_PRIMALITY_UNASSIGNED,513,512,512,NO_RECORDED_FACTOR_PRP_OR_LL_RESULT_AND_NO_ACTIVE_GIMPS_ASSIGNMENT,2026-08-09T09:12:31+00:00,UNALLOCATED,,,,,
SLCMP2607-0554,554,554,794029189,2^794029189-1,STRUCTURAL_SCREEN_EXHAUSTED_PRIMALITY_UNASSIGNED,GF3A_DIRECTIONAL_WRITE_EXHAUSTED_PRIMALITY_UNASSIGNED,513,512,512,NO_RECORDED_FACTOR_PRP_OR_LL_RESULT_AND_NO_ACTIVE_GIMPS_ASSIGNMENT,2026-08-09T09:12:31+00:00,UNALLOCATED,,,,,
SLCMP2607-0555,555,555,794029219,2^794029219-1,STRUCTURAL_SCREEN_EXHAUSTED_PRIMALITY_UNASSIGNED,GF3A_DIRECTIONAL_WRITE_EXHAUSTED_PRIMALITY_UNASSIGNED,514,512,512,NO_RECORDED_FACTOR_PRP_OR_LL_RESULT_AND_NO_ACTIVE_GIMPS_ASSIGNMENT,2026-08-09T09:12:31+00:00,UNALLOCATED,,,,,
SLCMP2607-0556,556,556,794029307,2^794029307-1,STRUCTURAL_SCREEN_EXHAUSTED_PRIMALITY_UNASSIGNED,GF3A_DIRECTIONAL_WRITE_EXHAUSTED_PRIMALITY_UNASSIGNED,514,512,512,NO_RECORDED_FACTOR_PRP_OR_LL_RESULT_AND_NO_ACTIVE_GIMPS_ASSIGNMENT,2026-08-09T09:12:31+00:00,UNALLOCATED,,,,,
SLCMP2607-0557,557,557,794029331,2^794029331-1,STRUCTURAL_SCREEN_EXHAUSTED_PRIMALITY_UNASSIGNED,GF3A_DIRECTIONAL_WRITE_EXHAUSTED_PRIMALITY_UNASSIGNED,514,512,512,NO_RECORDED_FACTOR_PRP_OR_LL_RESULT_AND_NO_ACTIVE_GIMPS_ASSIGNMENT,2026-08-09T09:12:31+00:00,UNALLOCATED,,,,,
SLCMP2607-0558,558,558,794029337,2^794029337-1,STRUCTURAL_SCREEN_EXHAUSTED_PRIMALITY_UNASSIGNED,GF3A_DIRECTIONAL_WRITE_EXHAUSTED_PRIMALITY_UNASSIGNED,513,512,512,NO_RECORDED_FACTOR_PRP_OR_LL_RESULT_AND_NO_ACTIVE_GIMPS_ASSIGNMENT,2026-08-09T09:12:31+00:00,UNALLOCATED,,,,,
SLCMP2607-0559,559,559,794029351,2^794029351-1,STRUCTURAL_SCREEN_EXHAUSTED_PRIMALITY_UNASSIGNED,GF3A_DIRECTIONAL_WRITE_EXHAUSTED_PRIMALITY_UNASSIGNED,514,512,512,NO_RECORDED_FACTOR_PRP_OR_LL_RESULT_AND_NO_ACTIVE_GIMPS_ASSIGNMENT,2026-08-09T09:12:31+00:00,UNALLOCATED,,,,,
SLCMP2607-0560,560,560,794029433,2^794029433-1,STRUCTURAL_SCREEN_EXHAUSTED_PRIMALITY_UNASSIGNED,GF3A_DIRECTIONAL_WRITE_EXHAUSTED_PRIMALITY_UNASSIGNED,513,512,512,NO_RECORDED_FACTOR_PRP_OR_LL_RESULT_AND_NO_ACTIVE_GIMPS_ASSIGNMENT,2026-08-09T09:12:31+00:00,UNALLOCATED,,,,,
SLCMP2607-0561,561,561,794029441,2^794029441-1,STRUCTURAL_SCREEN_EXHAUSTED_PRIMALITY_UNASSIGNED,GF3A_DIRECTIONAL_WRITE_EXHAUSTED_PRIMALITY_UNASSIGNED,513,512,512,NO_RECORDED_FACTOR_PRP_OR_LL_RESULT_AND_NO_ACTIVE_GIMPS_ASSIGNMENT,2026-08-09T09:12:31+00:00,UNALLOCATED,,,,,
SLCMP2607-0562,562,562,794029507,2^794029507-1,STRUCTURAL_SCREEN_EXHAUSTED_PRIMALITY_UNASSIGNED,GF3A_DIRECTIONAL_WRITE_EXHAUSTED_PRIMALITY_UNASSIGNED,514,512,512,NO_RECORDED_FACTOR_PRP_OR_LL_RESULT_AND_NO_ACTIVE_GIMPS_ASSIGNMENT,2026-08-09T09:12:31+00:00,UNALLOCATED,,,,,
SLCMP2607-0563,563,563,794029631,2^794029631-1,STRUCTURAL_SCREEN_EXHAUSTED_PRIMALITY_UNASSIGNED,GF3A_DIRECTIONAL_WRITE_EXHAUSTED_PRIMALITY_UNASSIGNED,514,512,512,NO_RECORDED_FACTOR_PRP_OR_LL_RESULT_AND_NO_ACTIVE_GIMPS_ASSIGNMENT,2026-08-09T09:12:31+00:00,UNALLOCATED,,,,,
SLCMP2607-0564,564,564,794029651,2^794029651-1,STRUCTURAL_SCREEN_EXHAUSTED_PRIMALITY_UNASSIGNED,GF3A_DIRECTIONAL_WRITE_EXHAUSTED_PRIMALITY_UNASSIGNED,514,512,512,NO_RECORDED_FACTOR_PRP_OR_LL_RESULT_AND_NO_ACTIVE_GIMPS_ASSIGNMENT,2026-08-09T09:12:31+00:00,UNALLOCATED,,,,,
SLCMP2607-0565,565,565,794029837,2^794029837-1,STRUCTURAL_SCREEN_EXHAUSTED_PRIMALITY_UNASSIGNED,GF3A_DIRECTIONAL_WRITE_EXHAUSTED_PRIMALITY_UNASSIGNED,513,512,512,NO_RECORDED_FACTOR_PRP_OR_LL_RESULT_AND_NO_ACTIVE_GIMPS_ASSIGNMENT,2026-08-09T09:12:31+00:00,UNALLOCATED,,,,,
SLCMP2607-0566,566,566,794029909,2^794029909-1,STRUCTURAL_SCREEN_EXHAUSTED_PRIMALITY_UNASSIGNED,GF3A_DIRECTIONAL_WRITE_EXHAUSTED_PRIMALITY_UNASSIGNED,513,512,512,NO_RECORDED_FACTOR_PRP_OR_LL_RESULT_AND_NO_ACTIVE_GIMPS_ASSIGNMENT,2026-08-09T09:12:31+00:00,UNALLOCATED,,,,,
SLCMP2607-0567,567,567,794029913,2^794029913-1,STRUCTURAL_SCREEN_EXHAUSTED_PRIMALITY_UNASSIGNED,GF3A_DIRECTIONAL_WRITE_EXHAUSTED_PRIMALITY_UNASSIGNED,513,512,512,NO_RECORDED_FACTOR_PRP_OR_LL_RESULT_AND_NO_ACTIVE_GIMPS_ASSIGNMENT,2026-08-09T09:12:31+00:00,UNALLOCATED,,,,,
SLCMP2607-0568,568,568,794029921,2^794029921-1,STRUCTURAL_SCREEN_EXHAUSTED_PRIMALITY_UNASSIGNED,GF3A_DIRECTIONAL_WRITE_EXHAUSTED_PRIMALITY_UNASSIGNED,513,512,512,NO_RECORDED_FACTOR_PRP_OR_LL_RESULT_AND_NO_ACTIVE_GIMPS_ASSIGNMENT,2026-08-09T09:12:31+00:00,UNALLOCATED,,,,,
SLCMP2607-0569,569,569,794029927,2^794029927-1,STRUCTURAL_SCREEN_EXHAUSTED_PRIMALITY_UNASSIGNED,GF3A_DIRECTIONAL_WRITE_EXHAUSTED_PRIMALITY_UNASSIGNED,514,512,512,NO_RECORDED_FACTOR_PRP_OR_LL_RESULT_AND_NO_ACTIVE_GIMPS_ASSIGNMENT,2026-08-09T09:12:31+00:00,UNALLOCATED,,,,,
SLCMP2607-0570,570,570,794029933,2^794029933-1,STRUCTURAL_SCREEN_EXHAUSTED_PRIMALITY_UNASSIGNED,GF3A_DIRECTIONAL_WRITE_EXHAUSTED_PRIMALITY_UNASSIGNED,513,512,512,NO_RECORDED_FACTOR_PRP_OR_LL_RESULT_AND_NO_ACTIVE_GIMPS_ASSIGNMENT,2026-08-09T09:12:31+00:00,UNALLOCATED,,,,,
SLCMP2607-0571,571,571,794029963,2^794029963-1,STRUCTURAL_SCREEN_EXHAUSTED_PRIMALITY_UNASSIGNED,GF3A_DIRECTIONAL_WRITE_EXHAUSTED_PRIMALITY_UNASSIGNED,514,512,512,NO_RECORDED_FACTOR_PRP_OR_LL_RESULT_AND_NO_ACTIVE_GIMPS_ASSIGNMENT,2026-08-09T09:12:31+00:00,UNALLOCATED,,,,,
SLCMP2607-0572,572,572,794030021,2^794030021-1,STRUCTURAL_SCREEN_EXHAUSTED_PRIMALITY_UNASSIGNED,GF3A_DIRECTIONAL_WRITE_EXHAUSTED_PRIMALITY_UNASSIGNED,513,512,512,NO_RECORDED_FACTOR_PRP_OR_LL_RESULT_AND_NO_ACTIVE_GIMPS_ASSIGNMENT,2026-08-09T09:12:31+00:00,UNALLOCATED,,,,,
SLCMP2607-0573,573,573,794030051,2^794030051-1,STRUCTURAL_SCREEN_EXHAUSTED_PRIMALITY_UNASSIGNED,GF3A_DIRECTIONAL_WRITE_EXHAUSTED_PRIMALITY_UNASSIGNED,514,512,512,NO_RECORDED_FACTOR_PRP_OR_LL_RESULT_AND_NO_ACTIVE_GIMPS_ASSIGNMENT,2026-08-09T09:12:31+00:00,UNALLOCATED,,,,,
SLCMP2607-0574,574,574,794030053,2^794030053-1,STRUCTURAL_SCREEN_EXHAUSTED_PRIMALITY_UNASSIGNED,GF3A_DIRECTIONAL_WRITE_EXHAUSTED_PRIMALITY_UNASSIGNED,513,512,512,NO_RECORDED_FACTOR_PRP_OR_LL_RESULT_AND_NO_ACTIVE_GIMPS_ASSIGNMENT,2026-08-09T09:12:31+00:00,UNALLOCATED,,,,,
SLCMP2607-0575,575,575,794030071,2^794030071-1,STRUCTURAL_SCREEN_EXHAUSTED_PRIMALITY_UNASSIGNED,GF3A_DIRECTIONAL_WRITE_EXHAUSTED_PRIMALITY_UNASSIGNED,514,512,512,NO_RECORDED_FACTOR_PRP_OR_LL_RESULT_AND_NO_ACTIVE_GIMPS_ASSIGNMENT,2026-08-09T09:12:31+00:00,UNALLOCATED,,,,,
SLCMP2607-0576,576,576,794030113,2^794030113-1,STRUCTURAL_SCREEN_EXHAUSTED_PRIMALITY_UNASSIGNED,GF3A_DIRECTIONAL_WRITE_EXHAUSTED_PRIMALITY_UNASSIGNED,513,512,512,NO_RECORDED_FACTOR_PRP_OR_LL_RESULT_AND_NO_ACTIVE_GIMPS_ASSIGNMENT,2026-08-09T09:12:31+00:00,UNALLOCATED,,,,,
SLCMP2607-0577,577,577,794030129,2^794030129-1,STRUCTURAL_SCREEN_EXHAUSTED_PRIMALITY_UNASSIGNED,GF3A_DIRECTIONAL_WRITE_EXHAUSTED_PRIMALITY_UNASSIGNED,513,512,512,NO_RECORDED_FACTOR_PRP_OR_LL_RESULT_AND_NO_ACTIVE_GIMPS_ASSIGNMENT,2026-08-09T09:12:31+00:00,UNALLOCATED,,,,,
SLCMP2607-0578,578,578,794030141,2^794030141-1,STRUCTURAL_SCREEN_EXHAUSTED_PRIMALITY_UNASSIGNED,GF3A_DIRECTIONAL_WRITE_EXHAUSTED_PRIMALITY_UNASSIGNED,513,512,512,NO_RECORDED_FACTOR_PRP_OR_LL_RESULT_AND_NO_ACTIVE_GIMPS_ASSIGNMENT,2026-08-09T09:12:31+00:00,UNALLOCATED,,,,,
SLCMP2607-0579,579,579,794030177,2^794030177-1,STRUCTURAL_SCREEN_EXHAUSTED_PRIMALITY_UNASSIGNED,GF3A_DIRECTIONAL_WRITE_EXHAUSTED_PRIMALITY_UNASSIGNED,513,512,512,NO_RECORDED_FACTOR_PRP_OR_LL_RESULT_AND_NO_ACTIVE_GIMPS_ASSIGNMENT,2026-08-09T09:12:31+00:00,UNALLOCATED,,,,,
SLCMP2607-0580,580,580,794030221,2^794030221-1,STRUCTURAL_SCREEN_EXHAUSTED_PRIMALITY_UNASSIGNED,GF3A_DIRECTIONAL_WRITE_EXHAUSTED_PRIMALITY_UNASSIGNED,513,512,512,NO_RECORDED_FACTOR_PRP_OR_LL_RESULT_AND_NO_ACTIVE_GIMPS_ASSIGNMENT,2026-08-09T09:12:31+00:00,UNALLOCATED,,,,,
SLCMP2607-0581,581,581,794030233,2^794030233-1,STRUCTURAL_SCREEN_EXHAUSTED_PRIMALITY_UNASSIGNED,GF3A_DIRECTIONAL_WRITE_EXHAUSTED_PRIMALITY_UNASSIGNED,513,512,512,NO_RECORDED_FACTOR_PRP_OR_LL_RESULT_AND_NO_ACTIVE_GIMPS_ASSIGNMENT,2026-08-09T09:12:31+00:00,UNALLOCATED,,,,,
SLCMP2607-0582,582,582,794030243,2^794030243-1,STRUCTURAL_SCREEN_EXHAUSTED_PRIMALITY_UNASSIGNED,GF3A_DIRECTIONAL_WRITE_EXHAUSTED_PRIMALITY_UNASSIGNED,514,512,512,NO_RECORDED_FACTOR_PRP_OR_LL_RESULT_AND_NO_ACTIVE_GIMPS_ASSIGNMENT,2026-08-09T09:12:31+00:00,UNALLOCATED,,,,,
SLCMP2607-0583,583,583,794030287,2^794030287-1,STRUCTURAL_SCREEN_EXHAUSTED_PRIMALITY_UNASSIGNED,GF3A_DIRECTIONAL_WRITE_EXHAUSTED_PRIMALITY_UNASSIGNED,514,512,512,NO_RECORDED_FACTOR_PRP_OR_LL_RESULT_AND_NO_ACTIVE_GIMPS_ASSIGNMENT,2026-08-09T09:12:31+00:00,UNALLOCATED,,,,,
SLCMP2607-0584,584,584,794030309,2^794030309-1,STRUCTURAL_SCREEN_EXHAUSTED_PRIMALITY_UNASSIGNED,GF3A_DIRECTIONAL_WRITE_EXHAUSTED_PRIMALITY_UNASSIGNED,513,512,512,NO_RECORDED_FACTOR_PRP_OR_LL_RESULT_AND_NO_ACTIVE_GIMPS_ASSIGNMENT,2026-08-09T09:12:31+00:00,UNALLOCATED,,,,,
SLCMP2607-0585,585,585,794030327,2^794030327-1,STRUCTURAL_SCREEN_EXHAUSTED_PRIMALITY_UNASSIGNED,GF3A_DIRECTIONAL_WRITE_EXHAUSTED_PRIMALITY_UNASSIGNED,514,512,512,NO_RECORDED_FACTOR_PRP_OR_LL_RESULT_AND_NO_ACTIVE_GIMPS_ASSIGNMENT,2026-08-09T09:12:31+00:00,UNALLOCATED,,,,,
SLCMP2607-0586,586,586,794030381,2^794030381-1,STRUCTURAL_SCREEN_EXHAUSTED_PRIMALITY_UNASSIGNED,GF3A_DIRECTIONAL_WRITE_EXHAUSTED_PRIMALITY_UNASSIGNED,513,512,512,NO_RECORDED_FACTOR_PRP_OR_LL_RESULT_AND_NO_ACTIVE_GIMPS_ASSIGNMENT,2026-08-09T09:12:31+00:00,UNALLOCATED,,,,,
SLCMP2607-0587,587,587,794030443,2^794030443-1,STRUCTURAL_SCREEN_EXHAUSTED_PRIMALITY_UNASSIGNED,GF3A_DIRECTIONAL_WRITE_EXHAUSTED_PRIMALITY_UNASSIGNED,514,512,512,NO_RECORDED_FACTOR_PRP_OR_LL_RESULT_AND_NO_ACTIVE_GIMPS_ASSIGNMENT,2026-08-09T09:12:31+00:00,UNALLOCATED,,,,,
SLCMP2607-0588,588,588,794030513,2^794030513-1,STRUCTURAL_SCREEN_EXHAUSTED_PRIMALITY_UNASSIGNED,GF3A_DIRECTIONAL_WRITE_EXHAUSTED_PRIMALITY_UNASSIGNED,513,512,512,NO_RECORDED_FACTOR_PRP_OR_LL_RESULT_AND_NO_ACTIVE_GIMPS_ASSIGNMENT,2026-08-09T09:12:31+00:00,UNALLOCATED,,,,,
SLCMP2607-0589,589,589,794030579,2^794030579-1,STRUCTURAL_SCREEN_EXHAUSTED_PRIMALITY_UNASSIGNED,GF3A_DIRECTIONAL_WRITE_EXHAUSTED_PRIMALITY_UNASSIGNED,514,512,512,NO_RECORDED_FACTOR_PRP_OR_LL_RESULT_AND_NO_ACTIVE_GIMPS_ASSIGNMENT,2026-08-09T09:12:31+00:00,UNALLOCATED,,,,,
SLCMP2607-0590,590,590,794030581,2^794030581-1,STRUCTURAL_SCREEN_EXHAUSTED_PRIMALITY_UNASSIGNED,GF3A_DIRECTIONAL_WRITE_EXHAUSTED_PRIMALITY_UNASSIGNED,513,512,512,NO_RECORDED_FACTOR_PRP_OR_LL_RESULT_AND_NO_ACTIVE_GIMPS_ASSIGNMENT,2026-08-09T09:12:31+00:00,UNALLOCATED,,,,,
SLCMP2607-0591,591,591,794030623,2^794030623-1,STRUCTURAL_SCREEN_EXHAUSTED_PRIMALITY_UNASSIGNED,GF3A_DIRECTIONAL_WRITE_EXHAUSTED_PRIMALITY_UNASSIGNED,514,512,512,NO_RECORDED_FACTOR_PRP_OR_LL_RESULT_AND_NO_ACTIVE_GIMPS_ASSIGNMENT,2026-08-09T09:12:31+00:00,UNALLOCATED,,,,,
SLCMP2607-0592,592,592,794030663,2^794030663-1,STRUCTURAL_SCREEN_EXHAUSTED_PRIMALITY_UNASSIGNED,GF3A_DIRECTIONAL_WRITE_EXHAUSTED_PRIMALITY_UNASSIGNED,514,512,512,NO_RECORDED_FACTOR_PRP_OR_LL_RESULT_AND_NO_ACTIVE_GIMPS_ASSIGNMENT,2026-08-09T09:12:31+00:00,UNALLOCATED,,,,,
SLCMP2607-0593,593,593,794030687,2^794030687-1,STRUCTURAL_SCREEN_EXHAUSTED_PRIMALITY_UNASSIGNED,GF3A_DIRECTIONAL_WRITE_EXHAUSTED_PRIMALITY_UNASSIGNED,514,512,512,NO_RECORDED_FACTOR_PRP_OR_LL_RESULT_AND_NO_ACTIVE_GIMPS_ASSIGNMENT,2026-08-09T09:12:31+00:00,UNALLOCATED,,,,,
SLCMP2607-0594,594,594,794030833,2^794030833-1,STRUCTURAL_SCREEN_EXHAUSTED_PRIMALITY_UNASSIGNED,GF3A_DIRECTIONAL_WRITE_EXHAUSTED_PRIMALITY_UNASSIGNED,513,512,512,NO_RECORDED_FACTOR_PRP_OR_LL_RESULT_AND_NO_ACTIVE_GIMPS_ASSIGNMENT,2026-08-09T09:12:31+00:00,UNALLOCATED,,,,,
SLCMP2607-0595,595,595,794030851,2^794030851-1,STRUCTURAL_SCREEN_EXHAUSTED_PRIMALITY_UNASSIGNED,GF3A_DIRECTIONAL_WRITE_EXHAUSTED_PRIMALITY_UNASSIGNED,514,512,512,NO_RECORDED_FACTOR_PRP_OR_LL_RESULT_AND_NO_ACTIVE_GIMPS_ASSIGNMENT,2026-08-09T09:12:31+00:00,UNALLOCATED,,,,,
SLCMP2607-0596,596,596,794030987,2^794030987-1,STRUCTURAL_SCREEN_EXHAUSTED_PRIMALITY_UNASSIGNED,GF3A_DIRECTIONAL_WRITE_EXHAUSTED_PRIMALITY_UNASSIGNED,514,512,512,NO_RECORDED_FACTOR_PRP_OR_LL_RESULT_AND_NO_ACTIVE_GIMPS_ASSIGNMENT,2026-08-09T09:12:31+00:00,UNALLOCATED,,,,,
SLCMP2607-0597,597,597,794031041,2^794031041-1,STRUCTURAL_SCREEN_EXHAUSTED_PRIMALITY_UNASSIGNED,GF3A_DIRECTIONAL_WRITE_EXHAUSTED_PRIMALITY_UNASSIGNED,513,512,512,NO_RECORDED_FACTOR_PRP_OR_LL_RESULT_AND_NO_ACTIVE_GIMPS_ASSIGNMENT,2026-08-09T09:12:31+00:00,UNALLOCATED,,,,,
SLCMP2607-0598,598,598,794031067,2^794031067-1,STRUCTURAL_SCREEN_EXHAUSTED_PRIMALITY_UNASSIGNED,GF3A_DIRECTIONAL_WRITE_EXHAUSTED_PRIMALITY_UNASSIGNED,514,512,512,NO_RECORDED_FACTOR_PRP_OR_LL_RESULT_AND_NO_ACTIVE_GIMPS_ASSIGNMENT,2026-08-09T09:12:31+00:00,UNALLOCATED,,,,,
SLCMP2607-0599,599,599,794031103,2^794031103-1,STRUCTURAL_SCREEN_EXHAUSTED_PRIMALITY_UNASSIGNED,GF3A_DIRECTIONAL_WRITE_EXHAUSTED_PRIMALITY_UNASSIGNED,514,512,512,NO_RECORDED_FACTOR_PRP_OR_LL_RESULT_AND_NO_ACTIVE_GIMPS_ASSIGNMENT,2026-08-09T09:12:31+00:00,UNALLOCATED,,,,,
SLCMP2607-0600,600,600,794031131,2^794031131-1,STRUCTURAL_SCREEN_EXHAUSTED_PRIMALITY_UNASSIGNED,GF3A_DIRECTIONAL_WRITE_EXHAUSTED_PRIMALITY_UNASSIGNED,514,512,512,NO_RECORDED_FACTOR_PRP_OR_LL_RESULT_AND_NO_ACTIVE_GIMPS_ASSIGNMENT,2026-08-09T09:12:31+00:00,UNALLOCATED,,,,,
SLCMP2607-0601,601,601,794031149,2^794031149-1,STRUCTURAL_SCREEN_EXHAUSTED_PRIMALITY_UNASSIGNED,GF3A_DIRECTIONAL_WRITE_EXHAUSTED_PRIMALITY_UNASSIGNED,513,512,512,NO_RECORDED_FACTOR_PRP_OR_LL_RESULT_AND_NO_ACTIVE_GIMPS_ASSIGNMENT,2026-08-09T09:12:31+00:00,UNALLOCATED,,,,,
SLCMP2607-0602,602,602,794031157,2^794031157-1,STRUCTURAL_SCREEN_EXHAUSTED_PRIMALITY_UNASSIGNED,GF3A_DIRECTIONAL_WRITE_EXHAUSTED_PRIMALITY_UNASSIGNED,513,512,512,NO_RECORDED_FACTOR_PRP_OR_LL_RESULT_AND_NO_ACTIVE_GIMPS_ASSIGNMENT,2026-08-09T09:12:31+00:00,UNALLOCATED,,,,,
SLCMP2607-0603,603,603,794031181,2^794031181-1,STRUCTURAL_SCREEN_EXHAUSTED_PRIMALITY_UNASSIGNED,GF3A_DIRECTIONAL_WRITE_EXHAUSTED_PRIMALITY_UNASSIGNED,513,512,512,NO_RECORDED_FACTOR_PRP_OR_LL_RESULT_AND_NO_ACTIVE_GIMPS_ASSIGNMENT,2026-08-09T09:12:31+00:00,UNALLOCATED,,,,,
SLCMP2607-0604,604,604,794031283,2^794031283-1,STRUCTURAL_SCREEN_EXHAUSTED_PRIMALITY_UNASSIGNED,GF3A_DIRECTIONAL_WRITE_EXHAUSTED_PRIMALITY_UNASSIGNED,514,512,512,NO_RECORDED_FACTOR_PRP_OR_LL_RESULT_AND_NO_ACTIVE_GIMPS_ASSIGNMENT,2026-08-09T09:12:31+00:00,UNALLOCATED,,,,,
SLCMP2607-0605,605,605,794031307,2^794031307-1,STRUCTURAL_SCREEN_EXHAUSTED_PRIMALITY_UNASSIGNED,GF3A_DIRECTIONAL_WRITE_EXHAUSTED_PRIMALITY_UNASSIGNED,514,512,512,NO_RECORDED_FACTOR_PRP_OR_LL_RESULT_AND_NO_ACTIVE_GIMPS_ASSIGNMENT,2026-08-09T09:12:31+00:00,UNALLOCATED,,,,,
SLCMP2607-0606,606,606,794031311,2^794031311-1,STRUCTURAL_SCREEN_EXHAUSTED_PRIMALITY_UNASSIGNED,GF3A_DIRECTIONAL_WRITE_EXHAUSTED_PRIMALITY_UNASSIGNED,514,512,512,NO_RECORDED_FACTOR_PRP_OR_LL_RESULT_AND_NO_ACTIVE_GIMPS_ASSIGNMENT,2026-08-09T09:12:31+00:00,UNALLOCATED,,,,,
SLCMP2607-0607,607,607,794031367,2^794031367-1,STRUCTURAL_SCREEN_EXHAUSTED_PRIMALITY_UNASSIGNED,GF3A_DIRECTIONAL_WRITE_EXHAUSTED_PRIMALITY_UNASSIGNED,514,512,512,NO_RECORDED_FACTOR_PRP_OR_LL_RESULT_AND_NO_ACTIVE_GIMPS_ASSIGNMENT,2026-08-09T09:12:31+00:00,UNALLOCATED,,,,,
SLCMP2607-0608,608,608,794031383,2^794031383-1,STRUCTURAL_SCREEN_EXHAUSTED_PRIMALITY_UNASSIGNED,GF3A_DIRECTIONAL_WRITE_EXHAUSTED_PRIMALITY_UNASSIGNED,514,512,512,NO_RECORDED_FACTOR_PRP_OR_LL_RESULT_AND_NO_ACTIVE_GIMPS_ASSIGNMENT,2026-08-09T09:12:31+00:00,UNALLOCATED,,,,,
SLCMP2607-0609,609,609,794031401,2^794031401-1,STRUCTURAL_SCREEN_EXHAUSTED_PRIMALITY_UNASSIGNED,GF3A_DIRECTIONAL_WRITE_EXHAUSTED_PRIMALITY_UNASSIGNED,513,512,512,NO_RECORDED_FACTOR_PRP_OR_LL_RESULT_AND_NO_ACTIVE_GIMPS_ASSIGNMENT,2026-08-09T09:12:31+00:00,UNALLOCATED,,,,,
SLCMP2607-0610,610,610,794031619,2^794031619-1,STRUCTURAL_SCREEN_EXHAUSTED_PRIMALITY_UNASSIGNED,GF3A_DIRECTIONAL_WRITE_EXHAUSTED_PRIMALITY_UNASSIGNED,514,512,512,NO_RECORDED_FACTOR_PRP_OR_LL_RESULT_AND_NO_ACTIVE_GIMPS_ASSIGNMENT,2026-08-09T09:12:31+00:00,UNALLOCATED,,,,,
SLCMP2607-0611,611,611,794031659,2^794031659-1,STRUCTURAL_SCREEN_EXHAUSTED_PRIMALITY_UNASSIGNED,GF3A_DIRECTIONAL_WRITE_EXHAUSTED_PRIMALITY_UNASSIGNED,514,512,512,NO_RECORDED_FACTOR_PRP_OR_LL_RESULT_AND_NO_ACTIVE_GIMPS_ASSIGNMENT,2026-08-09T09:12:31+00:00,UNALLOCATED,,,,,
SLCMP2607-0612,612,612,794031787,2^794031787-1,STRUCTURAL_SCREEN_EXHAUSTED_PRIMALITY_UNASSIGNED,GF3A_DIRECTIONAL_WRITE_EXHAUSTED_PRIMALITY_UNASSIGNED,514,512,512,NO_RECORDED_FACTOR_PRP_OR_LL_RESULT_AND_NO_ACTIVE_GIMPS_ASSIGNMENT,2026-08-09T09:12:31+00:00,UNALLOCATED,,,,,
SLCMP2607-0613,613,613,794031881,2^794031881-1,STRUCTURAL_SCREEN_EXHAUSTED_PRIMALITY_UNASSIGNED,GF3A_DIRECTIONAL_WRITE_EXHAUSTED_PRIMALITY_UNASSIGNED,513,512,512,NO_RECORDED_FACTOR_PRP_OR_LL_RESULT_AND_NO_ACTIVE_GIMPS_ASSIGNMENT,2026-08-09T09:12:31+00:00,UNALLOCATED,,,,,
SLCMP2607-0614,614,614,794031947,2^794031947-1,STRUCTURAL_SCREEN_EXHAUSTED_PRIMALITY_UNASSIGNED,GF3A_DIRECTIONAL_WRITE_EXHAUSTED_PRIMALITY_UNASSIGNED,514,512,512,NO_RECORDED_FACTOR_PRP_OR_LL_RESULT_AND_NO_ACTIVE_GIMPS_ASSIGNMENT,2026-08-09T09:12:31+00:00,UNALLOCATED,,,,,
SLCMP2607-0615,615,615,794031961,2^794031961-1,STRUCTURAL_SCREEN_EXHAUSTED_PRIMALITY_UNASSIGNED,GF3A_DIRECTIONAL_WRITE_EXHAUSTED_PRIMALITY_UNASSIGNED,513,512,512,NO_RECORDED_FACTOR_PRP_OR_LL_RESULT_AND_NO_ACTIVE_GIMPS_ASSIGNMENT,2026-08-09T09:12:31+00:00,UNALLOCATED,,,,,
SLCMP2607-0616,616,616,794031989,2^794031989-1,STRUCTURAL_SCREEN_EXHAUSTED_PRIMALITY_UNASSIGNED,GF3A_DIRECTIONAL_WRITE_EXHAUSTED_PRIMALITY_UNASSIGNED,513,512,512,NO_RECORDED_FACTOR_PRP_OR_LL_RESULT_AND_NO_ACTIVE_GIMPS_ASSIGNMENT,2026-08-09T09:12:31+00:00,UNALLOCATED,,,,,
SLCMP2607-0617,617,617,794032069,2^794032069-1,STRUCTURAL_SCREEN_EXHAUSTED_PRIMALITY_UNASSIGNED,GF3A_DIRECTIONAL_WRITE_EXHAUSTED_PRIMALITY_UNASSIGNED,513,512,512,NO_RECORDED_FACTOR_PRP_OR_LL_RESULT_AND_NO_ACTIVE_GIMPS_ASSIGNMENT,2026-08-09T09:12:31+00:00,UNALLOCATED,,,,,
SLCMP2607-0618,618,618,794032091,2^794032091-1,STRUCTURAL_SCREEN_EXHAUSTED_PRIMALITY_UNASSIGNED,GF3A_DIRECTIONAL_WRITE_EXHAUSTED_PRIMALITY_UNASSIGNED,514,512,512,NO_RECORDED_FACTOR_PRP_OR_LL_RESULT_AND_NO_ACTIVE_GIMPS_ASSIGNMENT,2026-08-09T09:12:31+00:00,UNALLOCATED,,,,,
SLCMP2607-0619,619,619,794032139,2^794032139-1,STRUCTURAL_SCREEN_EXHAUSTED_PRIMALITY_UNASSIGNED,GF3A_DIRECTIONAL_WRITE_EXHAUSTED_PRIMALITY_UNASSIGNED,514,512,512,NO_RECORDED_FACTOR_PRP_OR_LL_RESULT_AND_NO_ACTIVE_GIMPS_ASSIGNMENT,2026-08-09T09:12:31+00:00,UNALLOCATED,,,,,
SLCMP2607-0620,620,620,794032163,2^794032163-1,STRUCTURAL_SCREEN_EXHAUSTED_PRIMALITY_UNASSIGNED,GF3A_DIRECTIONAL_WRITE_EXHAUSTED_PRIMALITY_UNASSIGNED,514,512,512,NO_RECORDED_FACTOR_PRP_OR_LL_RESULT_AND_NO_ACTIVE_GIMPS_ASSIGNMENT,2026-08-09T09:12:31+00:00,UNALLOCATED,,,,,
SLCMP2607-0621,621,621,794032193,2^794032193-1,STRUCTURAL_SCREEN_EXHAUSTED_PRIMALITY_UNASSIGNED,GF3A_DIRECTIONAL_WRITE_EXHAUSTED_PRIMALITY_UNASSIGNED,513,512,512,NO_RECORDED_FACTOR_PRP_OR_LL_RESULT_AND_NO_ACTIVE_GIMPS_ASSIGNMENT,2026-08-09T09:12:31+00:00,UNALLOCATED,,,,,
SLCMP2607-0622,622,622,794032201,2^794032201-1,STRUCTURAL_SCREEN_EXHAUSTED_PRIMALITY_UNASSIGNED,GF3A_DIRECTIONAL_WRITE_EXHAUSTED_PRIMALITY_UNASSIGNED,513,512,512,NO_RECORDED_FACTOR_PRP_OR_LL_RESULT_AND_NO_ACTIVE_GIMPS_ASSIGNMENT,2026-08-09T09:12:31+00:00,UNALLOCATED,,,,,
SLCMP2607-0623,623,623,794032297,2^794032297-1,STRUCTURAL_SCREEN_EXHAUSTED_PRIMALITY_UNASSIGNED,GF3A_DIRECTIONAL_WRITE_EXHAUSTED_PRIMALITY_UNASSIGNED,513,512,512,NO_RECORDED_FACTOR_PRP_OR_LL_RESULT_AND_NO_ACTIVE_GIMPS_ASSIGNMENT,2026-08-09T09:12:31+00:00,UNALLOCATED,,,,,
SLCMP2607-0624,624,624,794032361,2^794032361-1,STRUCTURAL_SCREEN_EXHAUSTED_PRIMALITY_UNASSIGNED,GF3A_DIRECTIONAL_WRITE_EXHAUSTED_PRIMALITY_UNASSIGNED,513,512,512,NO_RECORDED_FACTOR_PRP_OR_LL_RESULT_AND_NO_ACTIVE_GIMPS_ASSIGNMENT,2026-08-09T09:12:31+00:00,UNALLOCATED,,,,,
SLCMP2607-0625,625,625,794032373,2^794032373-1,STRUCTURAL_SCREEN_EXHAUSTED_PRIMALITY_UNASSIGNED,GF3A_DIRECTIONAL_WRITE_EXHAUSTED_PRIMALITY_UNASSIGNED,513,512,512,NO_RECORDED_FACTOR_PRP_OR_LL_RESULT_AND_NO_ACTIVE_GIMPS_ASSIGNMENT,2026-08-09T09:12:31+00:00,UNALLOCATED,,,,,
SLCMP2607-0626,626,626,794032399,2^794032399-1,STRUCTURAL_SCREEN_EXHAUSTED_PRIMALITY_UNASSIGNED,GF3A_DIRECTIONAL_WRITE_EXHAUSTED_PRIMALITY_UNASSIGNED,514,512,512,NO_RECORDED_FACTOR_PRP_OR_LL_RESULT_AND_NO_ACTIVE_GIMPS_ASSIGNMENT,2026-08-09T09:12:31+00:00,UNALLOCATED,,,,,
SLCMP2607-0627,627,627,794032433,2^794032433-1,STRUCTURAL_SCREEN_EXHAUSTED_PRIMALITY_UNASSIGNED,GF3A_DIRECTIONAL_WRITE_EXHAUSTED_PRIMALITY_UNASSIGNED,513,512,512,NO_RECORDED_FACTOR_PRP_OR_LL_RESULT_AND_NO_ACTIVE_GIMPS_ASSIGNMENT,2026-08-09T09:12:31+00:00,UNALLOCATED,,,,,
SLCMP2607-0628,628,628,794032451,2^794032451-1,STRUCTURAL_SCREEN_EXHAUSTED_PRIMALITY_UNASSIGNED,GF3A_DIRECTIONAL_WRITE_EXHAUSTED_PRIMALITY_UNASSIGNED,514,512,512,NO_RECORDED_FACTOR_PRP_OR_LL_RESULT_AND_NO_ACTIVE_GIMPS_ASSIGNMENT,2026-08-09T09:12:31+00:00,UNALLOCATED,,,,,
SLCMP2607-0629,629,629,794032507,2^794032507-1,STRUCTURAL_SCREEN_EXHAUSTED_PRIMALITY_UNASSIGNED,GF3A_DIRECTIONAL_WRITE_EXHAUSTED_PRIMALITY_UNASSIGNED,514,512,512,NO_RECORDED_FACTOR_PRP_OR_LL_RESULT_AND_NO_ACTIVE_GIMPS_ASSIGNMENT,2026-08-09T09:12:31+00:00,UNALLOCATED,,,,,
SLCMP2607-0630,630,630,794032511,2^794032511-1,STRUCTURAL_SCREEN_EXHAUSTED_PRIMALITY_UNASSIGNED,GF3A_DIRECTIONAL_WRITE_EXHAUSTED_PRIMALITY_UNASSIGNED,514,512,512,NO_RECORDED_FACTOR_PRP_OR_LL_RESULT_AND_NO_ACTIVE_GIMPS_ASSIGNMENT,2026-08-09T09:12:31+00:00,UNALLOCATED,,,,,
SLCMP2607-0631,631,631,794032517,2^794032517-1,STRUCTURAL_SCREEN_EXHAUSTED_PRIMALITY_UNASSIGNED,GF3A_DIRECTIONAL_WRITE_EXHAUSTED_PRIMALITY_UNASSIGNED,513,512,512,NO_RECORDED_FACTOR_PRP_OR_LL_RESULT_AND_NO_ACTIVE_GIMPS_ASSIGNMENT,2026-08-09T09:12:31+00:00,UNALLOCATED,,,,,
SLCMP2607-0632,632,632,794032567,2^794032567-1,STRUCTURAL_SCREEN_EXHAUSTED_PRIMALITY_UNASSIGNED,GF3A_DIRECTIONAL_WRITE_EXHAUSTED_PRIMALITY_UNASSIGNED,514,512,512,NO_RECORDED_FACTOR_PRP_OR_LL_RESULT_AND_NO_ACTIVE_GIMPS_ASSIGNMENT,2026-08-09T09:12:31+00:00,UNALLOCATED,,,,,
SLCMP2607-0633,633,633,794032571,2^794032571-1,STRUCTURAL_SCREEN_EXHAUSTED_PRIMALITY_UNASSIGNED,GF3A_DIRECTIONAL_WRITE_EXHAUSTED_PRIMALITY_UNASSIGNED,514,512,512,NO_RECORDED_FACTOR_PRP_OR_LL_RESULT_AND_NO_ACTIVE_GIMPS_ASSIGNMENT,2026-08-09T09:12:31+00:00,UNALLOCATED,,,,,
SLCMP2607-0634,634,634,794032573,2^794032573-1,STRUCTURAL_SCREEN_EXHAUSTED_PRIMALITY_UNASSIGNED,GF3A_DIRECTIONAL_WRITE_EXHAUSTED_PRIMALITY_UNASSIGNED,513,512,512,NO_RECORDED_FACTOR_PRP_OR_LL_RESULT_AND_NO_ACTIVE_GIMPS_ASSIGNMENT,2026-08-09T09:12:31+00:00,UNALLOCATED,,,,,
SLCMP2607-0635,635,635,794032579,2^794032579-1,STRUCTURAL_SCREEN_EXHAUSTED_PRIMALITY_UNASSIGNED,GF3A_DIRECTIONAL_WRITE_EXHAUSTED_PRIMALITY_UNASSIGNED,514,512,512,NO_RECORDED_FACTOR_PRP_OR_LL_RESULT_AND_NO_ACTIVE_GIMPS_ASSIGNMENT,2026-08-09T09:12:31+00:00,UNALLOCATED,,,,,
SLCMP2607-0636,636,636,794032601,2^794032601-1,STRUCTURAL_SCREEN_EXHAUSTED_PRIMALITY_UNASSIGNED,GF3A_DIRECTIONAL_WRITE_EXHAUSTED_PRIMALITY_UNASSIGNED,513,512,512,NO_RECORDED_FACTOR_PRP_OR_LL_RESULT_AND_NO_ACTIVE_GIMPS_ASSIGNMENT,2026-08-09T09:12:31+00:00,UNALLOCATED,,,,,
SLCMP2607-0637,637,637,794032621,2^794032621-1,STRUCTURAL_SCREEN_EXHAUSTED_PRIMALITY_UNASSIGNED,GF3A_DIRECTIONAL_WRITE_EXHAUSTED_PRIMALITY_UNASSIGNED,513,512,512,NO_RECORDED_FACTOR_PRP_OR_LL_RESULT_AND_NO_ACTIVE_GIMPS_ASSIGNMENT,2026-08-09T09:12:31+00:00,UNALLOCATED,,,,,
SLCMP2607-0638,638,638,794032709,2^794032709-1,STRUCTURAL_SCREEN_EXHAUSTED_PRIMALITY_UNASSIGNED,GF3A_DIRECTIONAL_WRITE_EXHAUSTED_PRIMALITY_UNASSIGNED,513,512,512,NO_RECORDED_FACTOR_PRP_OR_LL_RESULT_AND_NO_ACTIVE_GIMPS_ASSIGNMENT,2026-08-09T09:12:31+00:00,UNALLOCATED,,,,,
SLCMP2607-0639,639,639,794032739,2^794032739-1,STRUCTURAL_SCREEN_EXHAUSTED_PRIMALITY_UNASSIGNED,GF3A_DIRECTIONAL_WRITE_EXHAUSTED_PRIMALITY_UNASSIGNED,514,512,512,NO_RECORDED_FACTOR_PRP_OR_LL_RESULT_AND_NO_ACTIVE_GIMPS_ASSIGNMENT,2026-08-09T09:12:31+00:00,UNALLOCATED,,,,,
SLCMP2607-0640,640,640,794032741,2^794032741-1,STRUCTURAL_SCREEN_EXHAUSTED_PRIMALITY_UNASSIGNED,GF3A_DIRECTIONAL_WRITE_EXHAUSTED_PRIMALITY_UNASSIGNED,513,512,512,NO_RECORDED_FACTOR_PRP_OR_LL_RESULT_AND_NO_ACTIVE_GIMPS_ASSIGNMENT,2026-08-09T09:12:31+00:00,UNALLOCATED,,,,,
SLCMP2607-0641,641,641,794032849,2^794032849-1,STRUCTURAL_SCREEN_EXHAUSTED_PRIMALITY_UNASSIGNED,GF3A_DIRECTIONAL_WRITE_EXHAUSTED_PRIMALITY_UNASSIGNED,513,512,512,NO_RECORDED_FACTOR_PRP_OR_LL_RESULT_AND_NO_ACTIVE_GIMPS_ASSIGNMENT,2026-08-09T09:12:31+00:00,UNALLOCATED,,,,,
SLCMP2607-0642,642,642,794032861,2^794032861-1,STRUCTURAL_SCREEN_EXHAUSTED_PRIMALITY_UNASSIGNED,GF3A_DIRECTIONAL_WRITE_EXHAUSTED_PRIMALITY_UNASSIGNED,513,512,512,NO_RECORDED_FACTOR_PRP_OR_LL_RESULT_AND_NO_ACTIVE_GIMPS_ASSIGNMENT,2026-08-09T09:12:31+00:00,UNALLOCATED,,,,,
SLCMP2607-0643,643,643,794032907,2^794032907-1,STRUCTURAL_SCREEN_EXHAUSTED_PRIMALITY_UNASSIGNED,GF3A_DIRECTIONAL_WRITE_EXHAUSTED_PRIMALITY_UNASSIGNED,514,512,512,NO_RECORDED_FACTOR_PRP_OR_LL_RESULT_AND_NO_ACTIVE_GIMPS_ASSIGNMENT,2026-08-09T09:12:31+00:00,UNALLOCATED,,,,,
SLCMP2607-0644,644,644,794032961,2^794032961-1,STRUCTURAL_SCREEN_EXHAUSTED_PRIMALITY_UNASSIGNED,GF3A_DIRECTIONAL_WRITE_EXHAUSTED_PRIMALITY_UNASSIGNED,513,512,512,NO_RECORDED_FACTOR_PRP_OR_LL_RESULT_AND_NO_ACTIVE_GIMPS_ASSIGNMENT,2026-08-09T09:12:31+00:00,UNALLOCATED,,,,,
SLCMP2607-0645,645,645,794033041,2^794033041-1,STRUCTURAL_SCREEN_EXHAUSTED_PRIMALITY_UNASSIGNED,GF3A_DIRECTIONAL_WRITE_EXHAUSTED_PRIMALITY_UNASSIGNED,513,512,512,NO_RECORDED_FACTOR_PRP_OR_LL_RESULT_AND_NO_ACTIVE_GIMPS_ASSIGNMENT,2026-08-09T09:12:31+00:00,UNALLOCATED,,,,,
SLCMP2607-0646,646,646,794033057,2^794033057-1,STRUCTURAL_SCREEN_EXHAUSTED_PRIMALITY_UNASSIGNED,GF3A_DIRECTIONAL_WRITE_EXHAUSTED_PRIMALITY_UNASSIGNED,513,512,512,NO_RECORDED_FACTOR_PRP_OR_LL_RESULT_AND_NO_ACTIVE_GIMPS_ASSIGNMENT,2026-08-09T09:12:31+00:00,UNALLOCATED,,,,,
SLCMP2607-0647,647,647,794033167,2^794033167-1,STRUCTURAL_SCREEN_EXHAUSTED_PRIMALITY_UNASSIGNED,GF3A_DIRECTIONAL_WRITE_EXHAUSTED_PRIMALITY_UNASSIGNED,514,512,512,NO_RECORDED_FACTOR_PRP_OR_LL_RESULT_AND_NO_ACTIVE_GIMPS_ASSIGNMENT,2026-08-09T09:12:31+00:00,UNALLOCATED,,,,,
SLCMP2607-0648,648,648,794033203,2^794033203-1,STRUCTURAL_SCREEN_EXHAUSTED_PRIMALITY_UNASSIGNED,GF3A_DIRECTIONAL_WRITE_EXHAUSTED_PRIMALITY_UNASSIGNED,514,512,512,NO_RECORDED_FACTOR_PRP_OR_LL_RESULT_AND_NO_ACTIVE_GIMPS_ASSIGNMENT,2026-08-09T09:12:31+00:00,UNALLOCATED,,,,,
SLCMP2607-0649,649,649,794033327,2^794033327-1,STRUCTURAL_SCREEN_EXHAUSTED_PRIMALITY_UNASSIGNED,GF3A_DIRECTIONAL_WRITE_EXHAUSTED_PRIMALITY_UNASSIGNED,514,512,512,NO_RECORDED_FACTOR_PRP_OR_LL_RESULT_AND_NO_ACTIVE_GIMPS_ASSIGNMENT,2026-08-09T09:12:31+00:00,UNALLOCATED,,,,,
SLCMP2607-0650,650,650,794033371,2^794033371-1,STRUCTURAL_SCREEN_EXHAUSTED_PRIMALITY_UNASSIGNED,GF3A_DIRECTIONAL_WRITE_EXHAUSTED_PRIMALITY_UNASSIGNED,514,512,512,NO_RECORDED_FACTOR_PRP_OR_LL_RESULT_AND_NO_ACTIVE_GIMPS_ASSIGNMENT,2026-08-09T09:12:31+00:00,UNALLOCATED,,,,,
SLCMP2607-0651,651,651,794033381,2^794033381-1,STRUCTURAL_SCREEN_EXHAUSTED_PRIMALITY_UNASSIGNED,GF3A_DIRECTIONAL_WRITE_EXHAUSTED_PRIMALITY_UNASSIGNED,513,512,512,NO_RECORDED_FACTOR_PRP_OR_LL_RESULT_AND_NO_ACTIVE_GIMPS_ASSIGNMENT,2026-08-09T09:12:31+00:00,UNALLOCATED,,,,,
SLCMP2607-0652,652,652,794033509,2^794033509-1,STRUCTURAL_SCREEN_EXHAUSTED_PRIMALITY_UNASSIGNED,GF3A_DIRECTIONAL_WRITE_EXHAUSTED_PRIMALITY_UNASSIGNED,513,512,512,NO_RECORDED_FACTOR_PRP_OR_LL_RESULT_AND_NO_ACTIVE_GIMPS_ASSIGNMENT,2026-08-09T09:12:31+00:00,UNALLOCATED,,,,,
SLCMP2607-0653,653,653,794033573,2^794033573-1,STRUCTURAL_SCREEN_EXHAUSTED_PRIMALITY_UNASSIGNED,GF3A_DIRECTIONAL_WRITE_EXHAUSTED_PRIMALITY_UNASSIGNED,513,512,512,NO_RECORDED_FACTOR_PRP_OR_LL_RESULT_AND_NO_ACTIVE_GIMPS_ASSIGNMENT,2026-08-09T09:12:31+00:00,UNALLOCATED,,,,,
SLCMP2607-0654,654,654,794033587,2^794033587-1,STRUCTURAL_SCREEN_EXHAUSTED_PRIMALITY_UNASSIGNED,GF3A_DIRECTIONAL_WRITE_EXHAUSTED_PRIMALITY_UNASSIGNED,514,512,512,NO_RECORDED_FACTOR_PRP_OR_LL_RESULT_AND_NO_ACTIVE_GIMPS_ASSIGNMENT,2026-08-09T09:12:31+00:00,UNALLOCATED,,,,,
SLCMP2607-0655,655,655,794033641,2^794033641-1,STRUCTURAL_SCREEN_EXHAUSTED_PRIMALITY_UNASSIGNED,GF3A_DIRECTIONAL_WRITE_EXHAUSTED_PRIMALITY_UNASSIGNED,513,512,512,NO_RECORDED_FACTOR_PRP_OR_LL_RESULT_AND_NO_ACTIVE_GIMPS_ASSIGNMENT,2026-08-09T09:12:31+00:00,UNALLOCATED,,,,,
SLCMP2607-0656,656,656,794033749,2^794033749-1,STRUCTURAL_SCREEN_EXHAUSTED_PRIMALITY_UNASSIGNED,GF3A_DIRECTIONAL_WRITE_EXHAUSTED_PRIMALITY_UNASSIGNED,513,512,512,NO_RECORDED_FACTOR_PRP_OR_LL_RESULT_AND_NO_ACTIVE_GIMPS_ASSIGNMENT,2026-08-09T09:12:31+00:00,UNALLOCATED,,,,,
SLCMP2607-0657,657,657,794033861,2^794033861-1,STRUCTURAL_SCREEN_EXHAUSTED_PRIMALITY_UNASSIGNED,GF3A_DIRECTIONAL_WRITE_EXHAUSTED_PRIMALITY_UNASSIGNED,513,512,512,NO_RECORDED_FACTOR_PRP_OR_LL_RESULT_AND_NO_ACTIVE_GIMPS_ASSIGNMENT,2026-08-09T09:12:31+00:00,UNALLOCATED,,,,,
SLCMP2607-0658,658,658,794033869,2^794033869-1,STRUCTURAL_SCREEN_EXHAUSTED_PRIMALITY_UNASSIGNED,GF3A_DIRECTIONAL_WRITE_EXHAUSTED_PRIMALITY_UNASSIGNED,513,512,512,NO_RECORDED_FACTOR_PRP_OR_LL_RESULT_AND_NO_ACTIVE_GIMPS_ASSIGNMENT,2026-08-09T09:12:31+00:00,UNALLOCATED,,,,,
SLCMP2607-0659,659,659,794033893,2^794033893-1,STRUCTURAL_SCREEN_EXHAUSTED_PRIMALITY_UNASSIGNED,GF3A_DIRECTIONAL_WRITE_EXHAUSTED_PRIMALITY_UNASSIGNED,513,512,512,NO_RECORDED_FACTOR_PRP_OR_LL_RESULT_AND_NO_ACTIVE_GIMPS_ASSIGNMENT,2026-08-09T09:12:31+00:00,UNALLOCATED,,,,,
SLCMP2607-0660,660,660,794033927,2^794033927-1,STRUCTURAL_SCREEN_EXHAUSTED_PRIMALITY_UNASSIGNED,GF3A_DIRECTIONAL_WRITE_EXHAUSTED_PRIMALITY_UNASSIGNED,514,512,512,NO_RECORDED_FACTOR_PRP_OR_LL_RESULT_AND_NO_ACTIVE_GIMPS_ASSIGNMENT,2026-08-09T09:12:31+00:00,UNALLOCATED,,,,,
SLCMP2607-0661,661,661,794033939,2^794033939-1,STRUCTURAL_SCREEN_EXHAUSTED_PRIMALITY_UNASSIGNED,GF3A_DIRECTIONAL_WRITE_EXHAUSTED_PRIMALITY_UNASSIGNED,514,512,512,NO_RECORDED_FACTOR_PRP_OR_LL_RESULT_AND_NO_ACTIVE_GIMPS_ASSIGNMENT,2026-08-09T09:12:31+00:00,UNALLOCATED,,,,,
SLCMP2607-0662,662,662,794034013,2^794034013-1,STRUCTURAL_SCREEN_EXHAUSTED_PRIMALITY_UNASSIGNED,GF3A_DIRECTIONAL_WRITE_EXHAUSTED_PRIMALITY_UNASSIGNED,513,512,512,NO_RECORDED_FACTOR_PRP_OR_LL_RESULT_AND_NO_ACTIVE_GIMPS_ASSIGNMENT,2026-08-09T09:12:31+00:00,UNALLOCATED,,,,,
SLCMP2607-0663,663,663,794034071,2^794034071-1,STRUCTURAL_SCREEN_EXHAUSTED_PRIMALITY_UNASSIGNED,GF3A_DIRECTIONAL_WRITE_EXHAUSTED_PRIMALITY_UNASSIGNED,514,512,512,NO_RECORDED_FACTOR_PRP_OR_LL_RESULT_AND_NO_ACTIVE_GIMPS_ASSIGNMENT,2026-08-09T09:12:31+00:00,UNALLOCATED,,,,,
SLCMP2607-0664,664,664,794034127,2^794034127-1,STRUCTURAL_SCREEN_EXHAUSTED_PRIMALITY_UNASSIGNED,GF3A_DIRECTIONAL_WRITE_EXHAUSTED_PRIMALITY_UNASSIGNED,514,512,512,NO_RECORDED_FACTOR_PRP_OR_LL_RESULT_AND_NO_ACTIVE_GIMPS_ASSIGNMENT,2026-08-09T09:12:31+00:00,UNALLOCATED,,,,,
SLCMP2607-0665,665,665,794034151,2^794034151-1,STRUCTURAL_SCREEN_EXHAUSTED_PRIMALITY_UNASSIGNED,GF3A_DIRECTIONAL_WRITE_EXHAUSTED_PRIMALITY_UNASSIGNED,514,512,512,NO_RECORDED_FACTOR_PRP_OR_LL_RESULT_AND_NO_ACTIVE_GIMPS_ASSIGNMENT,2026-08-09T09:12:31+00:00,UNALLOCATED,,,,,
SLCMP2607-0666,666,666,794034161,2^794034161-1,STRUCTURAL_SCREEN_EXHAUSTED_PRIMALITY_UNASSIGNED,GF3A_DIRECTIONAL_WRITE_EXHAUSTED_PRIMALITY_UNASSIGNED,513,512,512,NO_RECORDED_FACTOR_PRP_OR_LL_RESULT_AND_NO_ACTIVE_GIMPS_ASSIGNMENT,2026-08-09T09:12:31+00:00,UNALLOCATED,,,,,
SLCMP2607-0667,667,667,794034229,2^794034229-1,STRUCTURAL_SCREEN_EXHAUSTED_PRIMALITY_UNASSIGNED,GF3A_DIRECTIONAL_WRITE_EXHAUSTED_PRIMALITY_UNASSIGNED,513,512,512,NO_RECORDED_FACTOR_PRP_OR_LL_RESULT_AND_NO_ACTIVE_GIMPS_ASSIGNMENT,2026-08-09T09:12:31+00:00,UNALLOCATED,,,,,
SLCMP2607-0668,668,668,794034271,2^794034271-1,STRUCTURAL_SCREEN_EXHAUSTED_PRIMALITY_UNASSIGNED,GF3A_DIRECTIONAL_WRITE_EXHAUSTED_PRIMALITY_UNASSIGNED,514,512,512,NO_RECORDED_FACTOR_PRP_OR_LL_RESULT_AND_NO_ACTIVE_GIMPS_ASSIGNMENT,2026-08-09T09:12:31+00:00,UNALLOCATED,,,,,
SLCMP2607-0669,669,669,794034299,2^794034299-1,STRUCTURAL_SCREEN_EXHAUSTED_PRIMALITY_UNASSIGNED,GF3A_DIRECTIONAL_WRITE_EXHAUSTED_PRIMALITY_UNASSIGNED,514,512,512,NO_RECORDED_FACTOR_PRP_OR_LL_RESULT_AND_NO_ACTIVE_GIMPS_ASSIGNMENT,2026-08-09T09:12:31+00:00,UNALLOCATED,,,,,
SLCMP2607-0670,670,670,794034347,2^794034347-1,STRUCTURAL_SCREEN_EXHAUSTED_PRIMALITY_UNASSIGNED,GF3A_DIRECTIONAL_WRITE_EXHAUSTED_PRIMALITY_UNASSIGNED,514,512,512,NO_RECORDED_FACTOR_PRP_OR_LL_RESULT_AND_NO_ACTIVE_GIMPS_ASSIGNMENT,2026-08-09T09:12:31+00:00,UNALLOCATED,,,,,
SLCMP2607-0671,671,671,794034433,2^794034433-1,STRUCTURAL_SCREEN_EXHAUSTED_PRIMALITY_UNASSIGNED,GF3A_DIRECTIONAL_WRITE_EXHAUSTED_PRIMALITY_UNASSIGNED,513,512,512,NO_RECORDED_FACTOR_PRP_OR_LL_RESULT_AND_NO_ACTIVE_GIMPS_ASSIGNMENT,2026-08-09T09:12:31+00:00,UNALLOCATED,,,,,
SLCMP2607-0672,672,672,794034503,2^794034503-1,STRUCTURAL_SCREEN_EXHAUSTED_PRIMALITY_UNASSIGNED,GF3A_DIRECTIONAL_WRITE_EXHAUSTED_PRIMALITY_UNASSIGNED,514,512,512,NO_RECORDED_FACTOR_PRP_OR_LL_RESULT_AND_NO_ACTIVE_GIMPS_ASSIGNMENT,2026-08-09T09:12:31+00:00,UNALLOCATED,,,,,
SLCMP2607-0673,673,673,794034533,2^794034533-1,STRUCTURAL_SCREEN_EXHAUSTED_PRIMALITY_UNASSIGNED,GF3A_DIRECTIONAL_WRITE_EXHAUSTED_PRIMALITY_UNASSIGNED,513,512,512,NO_RECORDED_FACTOR_PRP_OR_LL_RESULT_AND_NO_ACTIVE_GIMPS_ASSIGNMENT,2026-08-09T09:12:31+00:00,UNALLOCATED,,,,,
SLCMP2607-0674,674,674,794034611,2^794034611-1,STRUCTURAL_SCREEN_EXHAUSTED_PRIMALITY_UNASSIGNED,GF3A_DIRECTIONAL_WRITE_EXHAUSTED_PRIMALITY_UNASSIGNED,514,512,512,NO_RECORDED_FACTOR_PRP_OR_LL_RESULT_AND_NO_ACTIVE_GIMPS_ASSIGNMENT,2026-08-09T09:12:31+00:00,UNALLOCATED,,,,,
SLCMP2607-0675,675,675,794034667,2^794034667-1,STRUCTURAL_SCREEN_EXHAUSTED_PRIMALITY_UNASSIGNED,GF3A_DIRECTIONAL_WRITE_EXHAUSTED_PRIMALITY_UNASSIGNED,514,512,512,NO_RECORDED_FACTOR_PRP_OR_LL_RESULT_AND_NO_ACTIVE_GIMPS_ASSIGNMENT,2026-08-09T09:12:31+00:00,UNALLOCATED,,,,,
SLCMP2607-0676,676,676,794034697,2^794034697-1,STRUCTURAL_SCREEN_EXHAUSTED_PRIMALITY_UNASSIGNED,GF3A_DIRECTIONAL_WRITE_EXHAUSTED_PRIMALITY_UNASSIGNED,513,512,512,NO_RECORDED_FACTOR_PRP_OR_LL_RESULT_AND_NO_ACTIVE_GIMPS_ASSIGNMENT,2026-08-09T09:12:31+00:00,UNALLOCATED,,,,,
SLCMP2607-0677,677,677,794034737,2^794034737-1,STRUCTURAL_SCREEN_EXHAUSTED_PRIMALITY_UNASSIGNED,GF3A_DIRECTIONAL_WRITE_EXHAUSTED_PRIMALITY_UNASSIGNED,513,512,512,NO_RECORDED_FACTOR_PRP_OR_LL_RESULT_AND_NO_ACTIVE_GIMPS_ASSIGNMENT,2026-08-09T09:12:31+00:00,UNALLOCATED,,,,,
SLCMP2607-0678,678,678,794034821,2^794034821-1,STRUCTURAL_SCREEN_EXHAUSTED_PRIMALITY_UNASSIGNED,GF3A_DIRECTIONAL_WRITE_EXHAUSTED_PRIMALITY_UNASSIGNED,513,512,512,NO_RECORDED_FACTOR_PRP_OR_LL_RESULT_AND_NO_ACTIVE_GIMPS_ASSIGNMENT,2026-08-09T09:12:31+00:00,UNALLOCATED,,,,,
SLCMP2607-0679,679,679,794034851,2^794034851-1,STRUCTURAL_SCREEN_EXHAUSTED_PRIMALITY_UNASSIGNED,GF3A_DIRECTIONAL_WRITE_EXHAUSTED_PRIMALITY_UNASSIGNED,514,512,512,NO_RECORDED_FACTOR_PRP_OR_LL_RESULT_AND_NO_ACTIVE_GIMPS_ASSIGNMENT,2026-08-09T09:12:31+00:00,UNALLOCATED,,,,,
SLCMP2607-0680,680,680,794034853,2^794034853-1,STRUCTURAL_SCREEN_EXHAUSTED_PRIMALITY_UNASSIGNED,GF3A_DIRECTIONAL_WRITE_EXHAUSTED_PRIMALITY_UNASSIGNED,513,512,512,NO_RECORDED_FACTOR_PRP_OR_LL_RESULT_AND_NO_ACTIVE_GIMPS_ASSIGNMENT,2026-08-09T09:12:31+00:00,UNALLOCATED,,,,,
SLCMP2607-0681,681,681,794034869,2^794034869-1,STRUCTURAL_SCREEN_EXHAUSTED_PRIMALITY_UNASSIGNED,GF3A_DIRECTIONAL_WRITE_EXHAUSTED_PRIMALITY_UNASSIGNED,513,512,512,NO_RECORDED_FACTOR_PRP_OR_LL_RESULT_AND_NO_ACTIVE_GIMPS_ASSIGNMENT,2026-08-09T09:12:31+00:00,UNALLOCATED,,,,,
SLCMP2607-0682,682,682,794034883,2^794034883-1,STRUCTURAL_SCREEN_EXHAUSTED_PRIMALITY_UNASSIGNED,GF3A_DIRECTIONAL_WRITE_EXHAUSTED_PRIMALITY_UNASSIGNED,514,512,512,NO_RECORDED_FACTOR_PRP_OR_LL_RESULT_AND_NO_ACTIVE_GIMPS_ASSIGNMENT,2026-08-09T09:12:31+00:00,UNALLOCATED,,,,,
SLCMP2607-0683,683,683,794034887,2^794034887-1,STRUCTURAL_SCREEN_EXHAUSTED_PRIMALITY_UNASSIGNED,GF3A_DIRECTIONAL_WRITE_EXHAUSTED_PRIMALITY_UNASSIGNED,514,512,512,NO_RECORDED_FACTOR_PRP_OR_LL_RESULT_AND_NO_ACTIVE_GIMPS_ASSIGNMENT,2026-08-09T09:12:31+00:00,UNALLOCATED,,,,,
SLCMP2607-0684,684,684,794034971,2^794034971-1,STRUCTURAL_SCREEN_EXHAUSTED_PRIMALITY_UNASSIGNED,GF3A_DIRECTIONAL_WRITE_EXHAUSTED_PRIMALITY_UNASSIGNED,514,512,512,NO_RECORDED_FACTOR_PRP_OR_LL_RESULT_AND_NO_ACTIVE_GIMPS_ASSIGNMENT,2026-08-09T09:12:31+00:00,UNALLOCATED,,,,,
SLCMP2607-0685,685,685,794034979,2^794034979-1,STRUCTURAL_SCREEN_EXHAUSTED_PRIMALITY_UNASSIGNED,GF3A_DIRECTIONAL_WRITE_EXHAUSTED_PRIMALITY_UNASSIGNED,514,512,512,NO_RECORDED_FACTOR_PRP_OR_LL_RESULT_AND_NO_ACTIVE_GIMPS_ASSIGNMENT,2026-08-09T09:12:31+00:00,UNALLOCATED,,,,,
SLCMP2607-0686,686,686,794035037,2^794035037-1,STRUCTURAL_SCREEN_EXHAUSTED_PRIMALITY_UNASSIGNED,GF3A_DIRECTIONAL_WRITE_EXHAUSTED_PRIMALITY_UNASSIGNED,513,512,512,NO_RECORDED_FACTOR_PRP_OR_LL_RESULT_AND_NO_ACTIVE_GIMPS_ASSIGNMENT,2026-08-09T09:12:31+00:00,UNALLOCATED,,,,,
SLCMP2607-0687,687,687,794035063,2^794035063-1,STRUCTURAL_SCREEN_EXHAUSTED_PRIMALITY_UNASSIGNED,GF3A_DIRECTIONAL_WRITE_EXHAUSTED_PRIMALITY_UNASSIGNED,514,512,512,NO_RECORDED_FACTOR_PRP_OR_LL_RESULT_AND_NO_ACTIVE_GIMPS_ASSIGNMENT,2026-08-09T09:12:31+00:00,UNALLOCATED,,,,,
SLCMP2607-0688,688,688,794035093,2^794035093-1,STRUCTURAL_SCREEN_EXHAUSTED_PRIMALITY_UNASSIGNED,GF3A_DIRECTIONAL_WRITE_EXHAUSTED_PRIMALITY_UNASSIGNED,513,512,512,NO_RECORDED_FACTOR_PRP_OR_LL_RESULT_AND_NO_ACTIVE_GIMPS_ASSIGNMENT,2026-08-09T09:12:31+00:00,UNALLOCATED,,,,,
SLCMP2607-0689,689,689,794035129,2^794035129-1,STRUCTURAL_SCREEN_EXHAUSTED_PRIMALITY_UNASSIGNED,GF3A_DIRECTIONAL_WRITE_EXHAUSTED_PRIMALITY_UNASSIGNED,513,512,512,NO_RECORDED_FACTOR_PRP_OR_LL_RESULT_AND_NO_ACTIVE_GIMPS_ASSIGNMENT,2026-08-09T09:12:31+00:00,UNALLOCATED,,,,,
SLCMP2607-0690,690,690,794035139,2^794035139-1,STRUCTURAL_SCREEN_EXHAUSTED_PRIMALITY_UNASSIGNED,GF3A_DIRECTIONAL_WRITE_EXHAUSTED_PRIMALITY_UNASSIGNED,514,512,512,NO_RECORDED_FACTOR_PRP_OR_LL_RESULT_AND_NO_ACTIVE_GIMPS_ASSIGNMENT,2026-08-09T09:12:31+00:00,UNALLOCATED,,,,,
SLCMP2607-0691,691,691,794035219,2^794035219-1,STRUCTURAL_SCREEN_EXHAUSTED_PRIMALITY_UNASSIGNED,GF3A_DIRECTIONAL_WRITE_EXHAUSTED_PRIMALITY_UNASSIGNED,514,512,512,NO_RECORDED_FACTOR_PRP_OR_LL_RESULT_AND_NO_ACTIVE_GIMPS_ASSIGNMENT,2026-08-09T09:12:31+00:00,UNALLOCATED,,,,,
SLCMP2607-0692,692,692,794035261,2^794035261-1,STRUCTURAL_SCREEN_EXHAUSTED_PRIMALITY_UNASSIGNED,GF3A_DIRECTIONAL_WRITE_EXHAUSTED_PRIMALITY_UNASSIGNED,513,512,512,NO_RECORDED_FACTOR_PRP_OR_LL_RESULT_AND_NO_ACTIVE_GIMPS_ASSIGNMENT,2026-08-09T09:12:31+00:00,UNALLOCATED,,,,,
SLCMP2607-0693,693,693,794035349,2^794035349-1,STRUCTURAL_SCREEN_EXHAUSTED_PRIMALITY_UNASSIGNED,GF3A_DIRECTIONAL_WRITE_EXHAUSTED_PRIMALITY_UNASSIGNED,513,512,512,NO_RECORDED_FACTOR_PRP_OR_LL_RESULT_AND_NO_ACTIVE_GIMPS_ASSIGNMENT,2026-08-09T09:12:31+00:00,UNALLOCATED,,,,,
SLCMP2607-0694,694,694,794035373,2^794035373-1,STRUCTURAL_SCREEN_EXHAUSTED_PRIMALITY_UNASSIGNED,GF3A_DIRECTIONAL_WRITE_EXHAUSTED_PRIMALITY_UNASSIGNED,513,512,512,NO_RECORDED_FACTOR_PRP_OR_LL_RESULT_AND_NO_ACTIVE_GIMPS_ASSIGNMENT,2026-08-09T09:12:31+00:00,UNALLOCATED,,,,,
SLCMP2607-0695,695,695,794035379,2^794035379-1,STRUCTURAL_SCREEN_EXHAUSTED_PRIMALITY_UNASSIGNED,GF3A_DIRECTIONAL_WRITE_EXHAUSTED_PRIMALITY_UNASSIGNED,514,512,512,NO_RECORDED_FACTOR_PRP_OR_LL_RESULT_AND_NO_ACTIVE_GIMPS_ASSIGNMENT,2026-08-09T09:12:31+00:00,UNALLOCATED,,,,,
SLCMP2607-0696,696,696,794035391,2^794035391-1,STRUCTURAL_SCREEN_EXHAUSTED_PRIMALITY_UNASSIGNED,GF3A_DIRECTIONAL_WRITE_EXHAUSTED_PRIMALITY_UNASSIGNED,514,512,512,NO_RECORDED_FACTOR_PRP_OR_LL_RESULT_AND_NO_ACTIVE_GIMPS_ASSIGNMENT,2026-08-09T09:12:31+00:00,UNALLOCATED,,,,,
SLCMP2607-0697,697,697,794035421,2^794035421-1,STRUCTURAL_SCREEN_EXHAUSTED_PRIMALITY_UNASSIGNED,GF3A_DIRECTIONAL_WRITE_EXHAUSTED_PRIMALITY_UNASSIGNED,513,512,512,NO_RECORDED_FACTOR_PRP_OR_LL_RESULT_AND_NO_ACTIVE_GIMPS_ASSIGNMENT,2026-08-09T09:12:31+00:00,UNALLOCATED,,,,,
SLCMP2607-0698,698,698,794035447,2^794035447-1,STRUCTURAL_SCREEN_EXHAUSTED_PRIMALITY_UNASSIGNED,GF3A_DIRECTIONAL_WRITE_EXHAUSTED_PRIMALITY_UNASSIGNED,514,512,512,NO_RECORDED_FACTOR_PRP_OR_LL_RESULT_AND_NO_ACTIVE_GIMPS_ASSIGNMENT,2026-08-09T09:12:31+00:00,UNALLOCATED,,,,,
SLCMP2607-0699,699,699,794035471,2^794035471-1,STRUCTURAL_SCREEN_EXHAUSTED_PRIMALITY_UNASSIGNED,GF3A_DIRECTIONAL_WRITE_EXHAUSTED_PRIMALITY_UNASSIGNED,514,512,512,NO_RECORDED_FACTOR_PRP_OR_LL_RESULT_AND_NO_ACTIVE_GIMPS_ASSIGNMENT,2026-08-09T09:12:31+00:00,UNALLOCATED,,,,,
SLCMP2607-0700,700,700,794035537,2^794035537-1,STRUCTURAL_SCREEN_EXHAUSTED_PRIMALITY_UNASSIGNED,GF3A_DIRECTIONAL_WRITE_EXHAUSTED_PRIMALITY_UNASSIGNED,513,512,512,NO_RECORDED_FACTOR_PRP_OR_LL_RESULT_AND_NO_ACTIVE_GIMPS_ASSIGNMENT,2026-08-09T09:12:31+00:00,UNALLOCATED,,,,,
SLCMP2607-0701,701,701,794035591,2^794035591-1,STRUCTURAL_SCREEN_EXHAUSTED_PRIMALITY_UNASSIGNED,GF3A_DIRECTIONAL_WRITE_EXHAUSTED_PRIMALITY_UNASSIGNED,514,512,512,NO_RECORDED_FACTOR_PRP_OR_LL_RESULT_AND_NO_ACTIVE_GIMPS_ASSIGNMENT,2026-08-09T09:12:31+00:00,UNALLOCATED,,,,,
SLCMP2607-0702,702,702,794035667,2^794035667-1,STRUCTURAL_SCREEN_EXHAUSTED_PRIMALITY_UNASSIGNED,GF3A_DIRECTIONAL_WRITE_EXHAUSTED_PRIMALITY_UNASSIGNED,514,512,512,NO_RECORDED_FACTOR_PRP_OR_LL_RESULT_AND_NO_ACTIVE_GIMPS_ASSIGNMENT,2026-08-09T09:12:31+00:00,UNALLOCATED,,,,,
SLCMP2607-0703,703,703,794035709,2^794035709-1,STRUCTURAL_SCREEN_EXHAUSTED_PRIMALITY_UNASSIGNED,GF3A_DIRECTIONAL_WRITE_EXHAUSTED_PRIMALITY_UNASSIGNED,513,512,512,NO_RECORDED_FACTOR_PRP_OR_LL_RESULT_AND_NO_ACTIVE_GIMPS_ASSIGNMENT,2026-08-09T09:12:31+00:00,UNALLOCATED,,,,,
SLCMP2607-0704,704,704,794035727,2^794035727-1,STRUCTURAL_SCREEN_EXHAUSTED_PRIMALITY_UNASSIGNED,GF3A_DIRECTIONAL_WRITE_EXHAUSTED_PRIMALITY_UNASSIGNED,514,512,512,NO_RECORDED_FACTOR_PRP_OR_LL_RESULT_AND_NO_ACTIVE_GIMPS_ASSIGNMENT,2026-08-09T09:12:31+00:00,UNALLOCATED,,,,,
SLCMP2607-0705,705,705,794035763,2^794035763-1,STRUCTURAL_SCREEN_EXHAUSTED_PRIMALITY_UNASSIGNED,GF3A_DIRECTIONAL_WRITE_EXHAUSTED_PRIMALITY_UNASSIGNED,514,512,512,NO_RECORDED_FACTOR_PRP_OR_LL_RESULT_AND_NO_ACTIVE_GIMPS_ASSIGNMENT,2026-08-09T09:12:31+00:00,UNALLOCATED,,,,,
SLCMP2607-0706,706,706,794035811,2^794035811-1,STRUCTURAL_SCREEN_EXHAUSTED_PRIMALITY_UNASSIGNED,GF3A_DIRECTIONAL_WRITE_EXHAUSTED_PRIMALITY_UNASSIGNED,514,512,512,NO_RECORDED_FACTOR_PRP_OR_LL_RESULT_AND_NO_ACTIVE_GIMPS_ASSIGNMENT,2026-08-09T09:12:31+00:00,UNALLOCATED,,,,,
SLCMP2607-0707,707,707,794035817,2^794035817-1,STRUCTURAL_SCREEN_EXHAUSTED_PRIMALITY_UNASSIGNED,GF3A_DIRECTIONAL_WRITE_EXHAUSTED_PRIMALITY_UNASSIGNED,513,512,512,NO_RECORDED_FACTOR_PRP_OR_LL_RESULT_AND_NO_ACTIVE_GIMPS_ASSIGNMENT,2026-08-09T09:12:31+00:00,UNALLOCATED,,,,,
SLCMP2607-0708,708,708,794035901,2^794035901-1,STRUCTURAL_SCREEN_EXHAUSTED_PRIMALITY_UNASSIGNED,GF3A_DIRECTIONAL_WRITE_EXHAUSTED_PRIMALITY_UNASSIGNED,513,512,512,NO_RECORDED_FACTOR_PRP_OR_LL_RESULT_AND_NO_ACTIVE_GIMPS_ASSIGNMENT,2026-08-09T09:12:31+00:00,UNALLOCATED,,,,,
SLCMP2607-0709,709,709,794035939,2^794035939-1,STRUCTURAL_SCREEN_EXHAUSTED_PRIMALITY_UNASSIGNED,GF3A_DIRECTIONAL_WRITE_EXHAUSTED_PRIMALITY_UNASSIGNED,514,512,512,NO_RECORDED_FACTOR_PRP_OR_LL_RESULT_AND_NO_ACTIVE_GIMPS_ASSIGNMENT,2026-08-09T09:12:31+00:00,UNALLOCATED,,,,,
SLCMP2607-0710,710,710,794036039,2^794036039-1,STRUCTURAL_SCREEN_EXHAUSTED_PRIMALITY_UNASSIGNED,GF3A_DIRECTIONAL_WRITE_EXHAUSTED_PRIMALITY_UNASSIGNED,514,512,512,NO_RECORDED_FACTOR_PRP_OR_LL_RESULT_AND_NO_ACTIVE_GIMPS_ASSIGNMENT,2026-08-09T09:12:31+00:00,UNALLOCATED,,,,,
SLCMP2607-0711,711,711,794036099,2^794036099-1,STRUCTURAL_SCREEN_EXHAUSTED_PRIMALITY_UNASSIGNED,GF3A_DIRECTIONAL_WRITE_EXHAUSTED_PRIMALITY_UNASSIGNED,514,512,512,NO_RECORDED_FACTOR_PRP_OR_LL_RESULT_AND_NO_ACTIVE_GIMPS_ASSIGNMENT,2026-08-09T09:12:31+00:00,UNALLOCATED,,,,,
SLCMP2607-0712,712,712,794036141,2^794036141-1,STRUCTURAL_SCREEN_EXHAUSTED_PRIMALITY_UNASSIGNED,GF3A_DIRECTIONAL_WRITE_EXHAUSTED_PRIMALITY_UNASSIGNED,513,512,512,NO_RECORDED_FACTOR_PRP_OR_LL_RESULT_AND_NO_ACTIVE_GIMPS_ASSIGNMENT,2026-08-09T09:12:31+00:00,UNALLOCATED,,,,,
SLCMP2607-0713,713,713,794036293,2^794036293-1,STRUCTURAL_SCREEN_EXHAUSTED_PRIMALITY_UNASSIGNED,GF3A_DIRECTIONAL_WRITE_EXHAUSTED_PRIMALITY_UNASSIGNED,513,512,512,NO_RECORDED_FACTOR_PRP_OR_LL_RESULT_AND_NO_ACTIVE_GIMPS_ASSIGNMENT,2026-08-09T09:12:31+00:00,UNALLOCATED,,,,,
SLCMP2607-0714,714,714,794036311,2^794036311-1,STRUCTURAL_SCREEN_EXHAUSTED_PRIMALITY_UNASSIGNED,GF3A_DIRECTIONAL_WRITE_EXHAUSTED_PRIMALITY_UNASSIGNED,514,512,512,NO_RECORDED_FACTOR_PRP_OR_LL_RESULT_AND_NO_ACTIVE_GIMPS_ASSIGNMENT,2026-08-09T09:12:31+00:00,UNALLOCATED,,,,,
SLCMP2607-0715,715,715,794036413,2^794036413-1,STRUCTURAL_SCREEN_EXHAUSTED_PRIMALITY_UNASSIGNED,GF3A_DIRECTIONAL_WRITE_EXHAUSTED_PRIMALITY_UNASSIGNED,513,512,512,NO_RECORDED_FACTOR_PRP_OR_LL_RESULT_AND_NO_ACTIVE_GIMPS_ASSIGNMENT,2026-08-09T09:12:31+00:00,UNALLOCATED,,,,,
SLCMP2607-0716,716,716,794036431,2^794036431-1,STRUCTURAL_SCREEN_EXHAUSTED_PRIMALITY_UNASSIGNED,GF3A_DIRECTIONAL_WRITE_EXHAUSTED_PRIMALITY_UNASSIGNED,514,512,512,NO_RECORDED_FACTOR_PRP_OR_LL_RESULT_AND_NO_ACTIVE_GIMPS_ASSIGNMENT,2026-08-09T09:12:31+00:00,UNALLOCATED,,,,,
SLCMP2607-0717,717,717,794036489,2^794036489-1,STRUCTURAL_SCREEN_EXHAUSTED_PRIMALITY_UNASSIGNED,GF3A_DIRECTIONAL_WRITE_EXHAUSTED_PRIMALITY_UNASSIGNED,513,512,512,NO_RECORDED_FACTOR_PRP_OR_LL_RESULT_AND_NO_ACTIVE_GIMPS_ASSIGNMENT,2026-08-09T09:12:31+00:00,UNALLOCATED,,,,,
SLCMP2607-0718,718,718,794036491,2^794036491-1,STRUCTURAL_SCREEN_EXHAUSTED_PRIMALITY_UNASSIGNED,GF3A_DIRECTIONAL_WRITE_EXHAUSTED_PRIMALITY_UNASSIGNED,514,512,512,NO_RECORDED_FACTOR_PRP_OR_LL_RESULT_AND_NO_ACTIVE_GIMPS_ASSIGNMENT,2026-08-09T09:12:31+00:00,UNALLOCATED,,,,,
SLCMP2607-0719,719,719,794036641,2^794036641-1,STRUCTURAL_SCREEN_EXHAUSTED_PRIMALITY_UNASSIGNED,GF3A_DIRECTIONAL_WRITE_EXHAUSTED_PRIMALITY_UNASSIGNED,513,512,512,NO_RECORDED_FACTOR_PRP_OR_LL_RESULT_AND_NO_ACTIVE_GIMPS_ASSIGNMENT,2026-08-09T09:12:31+00:00,UNALLOCATED,,,,,
SLCMP2607-0720,720,720,794036651,2^794036651-1,STRUCTURAL_SCREEN_EXHAUSTED_PRIMALITY_UNASSIGNED,GF3A_DIRECTIONAL_WRITE_EXHAUSTED_PRIMALITY_UNASSIGNED,514,512,512,NO_RECORDED_FACTOR_PRP_OR_LL_RESULT_AND_NO_ACTIVE_GIMPS_ASSIGNMENT,2026-08-09T09:12:31+00:00,UNALLOCATED,,,,,
SLCMP2607-0721,721,721,794036689,2^794036689-1,STRUCTURAL_SCREEN_EXHAUSTED_PRIMALITY_UNASSIGNED,GF3A_DIRECTIONAL_WRITE_EXHAUSTED_PRIMALITY_UNASSIGNED,513,512,512,NO_RECORDED_FACTOR_PRP_OR_LL_RESULT_AND_NO_ACTIVE_GIMPS_ASSIGNMENT,2026-08-09T09:12:31+00:00,UNALLOCATED,,,,,
SLCMP2607-0722,722,722,794036779,2^794036779-1,STRUCTURAL_SCREEN_EXHAUSTED_PRIMALITY_UNASSIGNED,GF3A_DIRECTIONAL_WRITE_EXHAUSTED_PRIMALITY_UNASSIGNED,514,512,512,NO_RECORDED_FACTOR_PRP_OR_LL_RESULT_AND_NO_ACTIVE_GIMPS_ASSIGNMENT,2026-08-09T09:12:31+00:00,UNALLOCATED,,,,,
SLCMP2607-0723,723,723,794036801,2^794036801-1,STRUCTURAL_SCREEN_EXHAUSTED_PRIMALITY_UNASSIGNED,GF3A_DIRECTIONAL_WRITE_EXHAUSTED_PRIMALITY_UNASSIGNED,513,512,512,NO_RECORDED_FACTOR_PRP_OR_LL_RESULT_AND_NO_ACTIVE_GIMPS_ASSIGNMENT,2026-08-09T09:12:31+00:00,UNALLOCATED,,,,,
SLCMP2607-0724,724,724,794036869,2^794036869-1,STRUCTURAL_SCREEN_EXHAUSTED_PRIMALITY_UNASSIGNED,GF3A_DIRECTIONAL_WRITE_EXHAUSTED_PRIMALITY_UNASSIGNED,513,512,512,NO_RECORDED_FACTOR_PRP_OR_LL_RESULT_AND_NO_ACTIVE_GIMPS_ASSIGNMENT,2026-08-09T09:12:31+00:00,UNALLOCATED,,,,,
SLCMP2607-0725,725,725,794036911,2^794036911-1,STRUCTURAL_SCREEN_EXHAUSTED_PRIMALITY_UNASSIGNED,GF3A_DIRECTIONAL_WRITE_EXHAUSTED_PRIMALITY_UNASSIGNED,514,512,512,NO_RECORDED_FACTOR_PRP_OR_LL_RESULT_AND_NO_ACTIVE_GIMPS_ASSIGNMENT,2026-08-09T09:12:31+00:00,UNALLOCATED,,,,,
SLCMP2607-0726,726,726,794037017,2^794037017-1,STRUCTURAL_SCREEN_EXHAUSTED_PRIMALITY_UNASSIGNED,GF3A_DIRECTIONAL_WRITE_EXHAUSTED_PRIMALITY_UNASSIGNED,513,512,512,NO_RECORDED_FACTOR_PRP_OR_LL_RESULT_AND_NO_ACTIVE_GIMPS_ASSIGNMENT,2026-08-09T09:12:31+00:00,UNALLOCATED,,,,,
SLCMP2607-0727,727,727,794037169,2^794037169-1,STRUCTURAL_SCREEN_EXHAUSTED_PRIMALITY_UNASSIGNED,GF3A_DIRECTIONAL_WRITE_EXHAUSTED_PRIMALITY_UNASSIGNED,513,512,512,NO_RECORDED_FACTOR_PRP_OR_LL_RESULT_AND_NO_ACTIVE_GIMPS_ASSIGNMENT,2026-08-09T09:12:31+00:00,UNALLOCATED,,,,,
SLCMP2607-0728,728,728,794037191,2^794037191-1,STRUCTURAL_SCREEN_EXHAUSTED_PRIMALITY_UNASSIGNED,GF3A_DIRECTIONAL_WRITE_EXHAUSTED_PRIMALITY_UNASSIGNED,514,512,512,NO_RECORDED_FACTOR_PRP_OR_LL_RESULT_AND_NO_ACTIVE_GIMPS_ASSIGNMENT,2026-08-09T09:12:31+00:00,UNALLOCATED,,,,,
SLCMP2607-0729,729,729,794037229,2^794037229-1,STRUCTURAL_SCREEN_EXHAUSTED_PRIMALITY_UNASSIGNED,GF3A_DIRECTIONAL_WRITE_EXHAUSTED_PRIMALITY_UNASSIGNED,513,512,512,NO_RECORDED_FACTOR_PRP_OR_LL_RESULT_AND_NO_ACTIVE_GIMPS_ASSIGNMENT,2026-08-09T09:12:31+00:00,UNALLOCATED,,,,,
SLCMP2607-0730,730,730,794037253,2^794037253-1,STRUCTURAL_SCREEN_EXHAUSTED_PRIMALITY_UNASSIGNED,GF3A_DIRECTIONAL_WRITE_EXHAUSTED_PRIMALITY_UNASSIGNED,513,512,512,NO_RECORDED_FACTOR_PRP_OR_LL_RESULT_AND_NO_ACTIVE_GIMPS_ASSIGNMENT,2026-08-09T09:12:31+00:00,UNALLOCATED,,,,,
SLCMP2607-0731,731,731,794037311,2^794037311-1,STRUCTURAL_SCREEN_EXHAUSTED_PRIMALITY_UNASSIGNED,GF3A_DIRECTIONAL_WRITE_EXHAUSTED_PRIMALITY_UNASSIGNED,514,512,512,NO_RECORDED_FACTOR_PRP_OR_LL_RESULT_AND_NO_ACTIVE_GIMPS_ASSIGNMENT,2026-08-09T09:12:31+00:00,UNALLOCATED,,,,,
SLCMP2607-0732,732,732,794037329,2^794037329-1,STRUCTURAL_SCREEN_EXHAUSTED_PRIMALITY_UNASSIGNED,GF3A_DIRECTIONAL_WRITE_EXHAUSTED_PRIMALITY_UNASSIGNED,513,512,512,NO_RECORDED_FACTOR_PRP_OR_LL_RESULT_AND_NO_ACTIVE_GIMPS_ASSIGNMENT,2026-08-09T09:12:31+00:00,UNALLOCATED,,,,,
SLCMP2607-0733,733,733,794037331,2^794037331-1,STRUCTURAL_SCREEN_EXHAUSTED_PRIMALITY_UNASSIGNED,GF3A_DIRECTIONAL_WRITE_EXHAUSTED_PRIMALITY_UNASSIGNED,514,512,512,NO_RECORDED_FACTOR_PRP_OR_LL_RESULT_AND_NO_ACTIVE_GIMPS_ASSIGNMENT,2026-08-09T09:12:31+00:00,UNALLOCATED,,,,,
SLCMP2607-0734,734,734,794037463,2^794037463-1,STRUCTURAL_SCREEN_EXHAUSTED_PRIMALITY_UNASSIGNED,GF3A_DIRECTIONAL_WRITE_EXHAUSTED_PRIMALITY_UNASSIGNED,514,512,512,NO_RECORDED_FACTOR_PRP_OR_LL_RESULT_AND_NO_ACTIVE_GIMPS_ASSIGNMENT,2026-08-09T09:12:31+00:00,UNALLOCATED,,,,,
SLCMP2607-0735,735,735,794037509,2^794037509-1,STRUCTURAL_SCREEN_EXHAUSTED_PRIMALITY_UNASSIGNED,GF3A_DIRECTIONAL_WRITE_EXHAUSTED_PRIMALITY_UNASSIGNED,513,512,512,NO_RECORDED_FACTOR_PRP_OR_LL_RESULT_AND_NO_ACTIVE_GIMPS_ASSIGNMENT,2026-08-09T09:12:31+00:00,UNALLOCATED,,,,,
SLCMP2607-0736,736,736,794037631,2^794037631-1,STRUCTURAL_SCREEN_EXHAUSTED_PRIMALITY_UNASSIGNED,GF3A_DIRECTIONAL_WRITE_EXHAUSTED_PRIMALITY_UNASSIGNED,514,512,512,NO_RECORDED_FACTOR_PRP_OR_LL_RESULT_AND_NO_ACTIVE_GIMPS_ASSIGNMENT,2026-08-09T09:12:31+00:00,UNALLOCATED,,,,,
SLCMP2607-0737,737,737,794037637,2^794037637-1,STRUCTURAL_SCREEN_EXHAUSTED_PRIMALITY_UNASSIGNED,GF3A_DIRECTIONAL_WRITE_EXHAUSTED_PRIMALITY_UNASSIGNED,513,512,512,NO_RECORDED_FACTOR_PRP_OR_LL_RESULT_AND_NO_ACTIVE_GIMPS_ASSIGNMENT,2026-08-09T09:12:31+00:00,UNALLOCATED,,,,,
SLCMP2607-0738,738,738,794037743,2^794037743-1,STRUCTURAL_SCREEN_EXHAUSTED_PRIMALITY_UNASSIGNED,GF3A_DIRECTIONAL_WRITE_EXHAUSTED_PRIMALITY_UNASSIGNED,514,512,512,NO_RECORDED_FACTOR_PRP_OR_LL_RESULT_AND_NO_ACTIVE_GIMPS_ASSIGNMENT,2026-08-09T09:12:31+00:00,UNALLOCATED,,,,,
SLCMP2607-0739,739,739,794037749,2^794037749-1,STRUCTURAL_SCREEN_EXHAUSTED_PRIMALITY_UNASSIGNED,GF3A_DIRECTIONAL_WRITE_EXHAUSTED_PRIMALITY_UNASSIGNED,513,512,512,NO_RECORDED_FACTOR_PRP_OR_LL_RESULT_AND_NO_ACTIVE_GIMPS_ASSIGNMENT,2026-08-09T09:12:31+00:00,UNALLOCATED,,,,,
SLCMP2607-0740,740,740,794037817,2^794037817-1,STRUCTURAL_SCREEN_EXHAUSTED_PRIMALITY_UNASSIGNED,GF3A_DIRECTIONAL_WRITE_EXHAUSTED_PRIMALITY_UNASSIGNED,513,512,512,NO_RECORDED_FACTOR_PRP_OR_LL_RESULT_AND_NO_ACTIVE_GIMPS_ASSIGNMENT,2026-08-09T09:12:31+00:00,UNALLOCATED,,,,,
SLCMP2607-0741,741,741,794037919,2^794037919-1,STRUCTURAL_SCREEN_EXHAUSTED_PRIMALITY_UNASSIGNED,GF3A_DIRECTIONAL_WRITE_EXHAUSTED_PRIMALITY_UNASSIGNED,514,512,512,NO_RECORDED_FACTOR_PRP_OR_LL_RESULT_AND_NO_ACTIVE_GIMPS_ASSIGNMENT,2026-08-09T09:12:31+00:00,UNALLOCATED,,,,,
SLCMP2607-0742,742,742,794037953,2^794037953-1,STRUCTURAL_SCREEN_EXHAUSTED_PRIMALITY_UNASSIGNED,GF3A_DIRECTIONAL_WRITE_EXHAUSTED_PRIMALITY_UNASSIGNED,513,512,512,NO_RECORDED_FACTOR_PRP_OR_LL_RESULT_AND_NO_ACTIVE_GIMPS_ASSIGNMENT,2026-08-09T09:12:31+00:00,UNALLOCATED,,,,,
SLCMP2607-0743,743,743,794038013,2^794038013-1,STRUCTURAL_SCREEN_EXHAUSTED_PRIMALITY_UNASSIGNED,GF3A_DIRECTIONAL_WRITE_EXHAUSTED_PRIMALITY_UNASSIGNED,513,512,512,NO_RECORDED_FACTOR_PRP_OR_LL_RESULT_AND_NO_ACTIVE_GIMPS_ASSIGNMENT,2026-08-09T09:12:31+00:00,UNALLOCATED,,,,,
SLCMP2607-0744,744,744,794038031,2^794038031-1,STRUCTURAL_SCREEN_EXHAUSTED_PRIMALITY_UNASSIGNED,GF3A_DIRECTIONAL_WRITE_EXHAUSTED_PRIMALITY_UNASSIGNED,514,512,512,NO_RECORDED_FACTOR_PRP_OR_LL_RESULT_AND_NO_ACTIVE_GIMPS_ASSIGNMENT,2026-08-09T09:12:31+00:00,UNALLOCATED,,,,,
SLCMP2607-0745,745,745,794038097,2^794038097-1,STRUCTURAL_SCREEN_EXHAUSTED_PRIMALITY_UNASSIGNED,GF3A_DIRECTIONAL_WRITE_EXHAUSTED_PRIMALITY_UNASSIGNED,513,512,512,NO_RECORDED_FACTOR_PRP_OR_LL_RESULT_AND_NO_ACTIVE_GIMPS_ASSIGNMENT,2026-08-09T09:12:31+00:00,UNALLOCATED,,,,,
SLCMP2607-0746,746,746,794038151,2^794038151-1,STRUCTURAL_SCREEN_EXHAUSTED_PRIMALITY_UNASSIGNED,GF3A_DIRECTIONAL_WRITE_EXHAUSTED_PRIMALITY_UNASSIGNED,514,512,512,NO_RECORDED_FACTOR_PRP_OR_LL_RESULT_AND_NO_ACTIVE_GIMPS_ASSIGNMENT,2026-08-09T09:12:31+00:00,UNALLOCATED,,,,,
SLCMP2607-0747,747,747,794038171,2^794038171-1,STRUCTURAL_SCREEN_EXHAUSTED_PRIMALITY_UNASSIGNED,GF3A_DIRECTIONAL_WRITE_EXHAUSTED_PRIMALITY_UNASSIGNED,514,512,512,NO_RECORDED_FACTOR_PRP_OR_LL_RESULT_AND_NO_ACTIVE_GIMPS_ASSIGNMENT,2026-08-09T09:12:31+00:00,UNALLOCATED,,,,,
SLCMP2607-0748,748,748,794038199,2^794038199-1,STRUCTURAL_SCREEN_EXHAUSTED_PRIMALITY_UNASSIGNED,GF3A_DIRECTIONAL_WRITE_EXHAUSTED_PRIMALITY_UNASSIGNED,514,512,512,NO_RECORDED_FACTOR_PRP_OR_LL_RESULT_AND_NO_ACTIVE_GIMPS_ASSIGNMENT,2026-08-09T09:12:31+00:00,UNALLOCATED,,,,,
SLCMP2607-0749,749,749,794038211,2^794038211-1,STRUCTURAL_SCREEN_EXHAUSTED_PRIMALITY_UNASSIGNED,GF3A_DIRECTIONAL_WRITE_EXHAUSTED_PRIMALITY_UNASSIGNED,514,512,512,NO_RECORDED_FACTOR_PRP_OR_LL_RESULT_AND_NO_ACTIVE_GIMPS_ASSIGNMENT,2026-08-09T09:12:31+00:00,UNALLOCATED,,,,,
SLCMP2607-0750,750,750,794038237,2^794038237-1,STRUCTURAL_SCREEN_EXHAUSTED_PRIMALITY_UNASSIGNED,GF3A_DIRECTIONAL_WRITE_EXHAUSTED_PRIMALITY_UNASSIGNED,513,512,512,NO_RECORDED_FACTOR_PRP_OR_LL_RESULT_AND_NO_ACTIVE_GIMPS_ASSIGNMENT,2026-08-09T09:12:31+00:00,UNALLOCATED,,,,,
SLCMP2607-0751,751,751,794038283,2^794038283-1,STRUCTURAL_SCREEN_EXHAUSTED_PRIMALITY_UNASSIGNED,GF3A_DIRECTIONAL_WRITE_EXHAUSTED_PRIMALITY_UNASSIGNED,514,512,512,NO_RECORDED_FACTOR_PRP_OR_LL_RESULT_AND_NO_ACTIVE_GIMPS_ASSIGNMENT,2026-08-09T09:12:31+00:00,UNALLOCATED,,,,,
SLCMP2607-0752,752,752,794038307,2^794038307-1,STRUCTURAL_SCREEN_EXHAUSTED_PRIMALITY_UNASSIGNED,GF3A_DIRECTIONAL_WRITE_EXHAUSTED_PRIMALITY_UNASSIGNED,514,512,512,NO_RECORDED_FACTOR_PRP_OR_LL_RESULT_AND_NO_ACTIVE_GIMPS_ASSIGNMENT,2026-08-09T09:12:31+00:00,UNALLOCATED,,,,,
SLCMP2607-0753,753,753,794038313,2^794038313-1,STRUCTURAL_SCREEN_EXHAUSTED_PRIMALITY_UNASSIGNED,GF3A_DIRECTIONAL_WRITE_EXHAUSTED_PRIMALITY_UNASSIGNED,513,512,512,NO_RECORDED_FACTOR_PRP_OR_LL_RESULT_AND_NO_ACTIVE_GIMPS_ASSIGNMENT,2026-08-09T09:12:31+00:00,UNALLOCATED,,,,,
SLCMP2607-0754,754,754,794038321,2^794038321-1,STRUCTURAL_SCREEN_EXHAUSTED_PRIMALITY_UNASSIGNED,GF3A_DIRECTIONAL_WRITE_EXHAUSTED_PRIMALITY_UNASSIGNED,513,512,512,NO_RECORDED_FACTOR_PRP_OR_LL_RESULT_AND_NO_ACTIVE_GIMPS_ASSIGNMENT,2026-08-09T09:12:31+00:00,UNALLOCATED,,,,,
SLCMP2607-0755,755,755,794038381,2^794038381-1,STRUCTURAL_SCREEN_EXHAUSTED_PRIMALITY_UNASSIGNED,GF3A_DIRECTIONAL_WRITE_EXHAUSTED_PRIMALITY_UNASSIGNED,513,512,512,NO_RECORDED_FACTOR_PRP_OR_LL_RESULT_AND_NO_ACTIVE_GIMPS_ASSIGNMENT,2026-08-09T09:12:31+00:00,UNALLOCATED,,,,,
SLCMP2607-0756,756,756,794038429,2^794038429-1,STRUCTURAL_SCREEN_EXHAUSTED_PRIMALITY_UNASSIGNED,GF3A_DIRECTIONAL_WRITE_EXHAUSTED_PRIMALITY_UNASSIGNED,513,512,512,NO_RECORDED_FACTOR_PRP_OR_LL_RESULT_AND_NO_ACTIVE_GIMPS_ASSIGNMENT,2026-08-09T09:12:31+00:00,UNALLOCATED,,,,,
SLCMP2607-0757,757,757,794038459,2^794038459-1,STRUCTURAL_SCREEN_EXHAUSTED_PRIMALITY_UNASSIGNED,GF3A_DIRECTIONAL_WRITE_EXHAUSTED_PRIMALITY_UNASSIGNED,514,512,512,NO_RECORDED_FACTOR_PRP_OR_LL_RESULT_AND_NO_ACTIVE_GIMPS_ASSIGNMENT,2026-08-09T09:12:31+00:00,UNALLOCATED,,,,,
SLCMP2607-0758,758,758,794038471,2^794038471-1,STRUCTURAL_SCREEN_EXHAUSTED_PRIMALITY_UNASSIGNED,GF3A_DIRECTIONAL_WRITE_EXHAUSTED_PRIMALITY_UNASSIGNED,514,512,512,NO_RECORDED_FACTOR_PRP_OR_LL_RESULT_AND_NO_ACTIVE_GIMPS_ASSIGNMENT,2026-08-09T09:12:31+00:00,UNALLOCATED,,,,,
SLCMP2607-0759,759,759,794038517,2^794038517-1,STRUCTURAL_SCREEN_EXHAUSTED_PRIMALITY_UNASSIGNED,GF3A_DIRECTIONAL_WRITE_EXHAUSTED_PRIMALITY_UNASSIGNED,513,512,512,NO_RECORDED_FACTOR_PRP_OR_LL_RESULT_AND_NO_ACTIVE_GIMPS_ASSIGNMENT,2026-08-09T09:12:31+00:00,UNALLOCATED,,,,,
SLCMP2607-0760,760,760,794038529,2^794038529-1,STRUCTURAL_SCREEN_EXHAUSTED_PRIMALITY_UNASSIGNED,GF3A_DIRECTIONAL_WRITE_EXHAUSTED_PRIMALITY_UNASSIGNED,513,512,512,NO_RECORDED_FACTOR_PRP_OR_LL_RESULT_AND_NO_ACTIVE_GIMPS_ASSIGNMENT,2026-08-09T09:12:31+00:00,UNALLOCATED,,,,,
SLCMP2607-0761,761,761,794038571,2^794038571-1,STRUCTURAL_SCREEN_EXHAUSTED_PRIMALITY_UNASSIGNED,GF3A_DIRECTIONAL_WRITE_EXHAUSTED_PRIMALITY_UNASSIGNED,514,512,512,NO_RECORDED_FACTOR_PRP_OR_LL_RESULT_AND_NO_ACTIVE_GIMPS_ASSIGNMENT,2026-08-09T09:12:31+00:00,UNALLOCATED,,,,,
SLCMP2607-0762,762,762,794038573,2^794038573-1,STRUCTURAL_SCREEN_EXHAUSTED_PRIMALITY_UNASSIGNED,GF3A_DIRECTIONAL_WRITE_EXHAUSTED_PRIMALITY_UNASSIGNED,513,512,512,NO_RECORDED_FACTOR_PRP_OR_LL_RESULT_AND_NO_ACTIVE_GIMPS_ASSIGNMENT,2026-08-09T09:12:31+00:00,UNALLOCATED,,,,,
SLCMP2607-0763,763,763,794038667,2^794038667-1,STRUCTURAL_SCREEN_EXHAUSTED_PRIMALITY_UNASSIGNED,GF3A_DIRECTIONAL_WRITE_EXHAUSTED_PRIMALITY_UNASSIGNED,514,512,512,NO_RECORDED_FACTOR_PRP_OR_LL_RESULT_AND_NO_ACTIVE_GIMPS_ASSIGNMENT,2026-08-09T09:12:31+00:00,UNALLOCATED,,,,,
SLCMP2607-0764,764,764,794038723,2^794038723-1,STRUCTURAL_SCREEN_EXHAUSTED_PRIMALITY_UNASSIGNED,GF3A_DIRECTIONAL_WRITE_EXHAUSTED_PRIMALITY_UNASSIGNED,514,512,512,NO_RECORDED_FACTOR_PRP_OR_LL_RESULT_AND_NO_ACTIVE_GIMPS_ASSIGNMENT,2026-08-09T09:12:31+00:00,UNALLOCATED,,,,,
SLCMP2607-0765,765,765,794038837,2^794038837-1,STRUCTURAL_SCREEN_EXHAUSTED_PRIMALITY_UNASSIGNED,GF3A_DIRECTIONAL_WRITE_EXHAUSTED_PRIMALITY_UNASSIGNED,513,512,512,NO_RECORDED_FACTOR_PRP_OR_LL_RESULT_AND_NO_ACTIVE_GIMPS_ASSIGNMENT,2026-08-09T09:12:31+00:00,UNALLOCATED,,,,,
SLCMP2607-0766,766,766,794038957,2^794038957-1,STRUCTURAL_SCREEN_EXHAUSTED_PRIMALITY_UNASSIGNED,GF3A_DIRECTIONAL_WRITE_EXHAUSTED_PRIMALITY_UNASSIGNED,513,512,512,NO_RECORDED_FACTOR_PRP_OR_LL_RESULT_AND_NO_ACTIVE_GIMPS_ASSIGNMENT,2026-08-09T09:12:31+00:00,UNALLOCATED,,,,,
SLCMP2607-0767,767,767,794038967,2^794038967-1,STRUCTURAL_SCREEN_EXHAUSTED_PRIMALITY_UNASSIGNED,GF3A_DIRECTIONAL_WRITE_EXHAUSTED_PRIMALITY_UNASSIGNED,514,512,512,NO_RECORDED_FACTOR_PRP_OR_LL_RESULT_AND_NO_ACTIVE_GIMPS_ASSIGNMENT,2026-08-09T09:12:31+00:00,UNALLOCATED,,,,,
SLCMP2607-0768,768,768,794039003,2^794039003-1,STRUCTURAL_SCREEN_EXHAUSTED_PRIMALITY_UNASSIGNED,GF3A_DIRECTIONAL_WRITE_EXHAUSTED_PRIMALITY_UNASSIGNED,514,512,512,NO_RECORDED_FACTOR_PRP_OR_LL_RESULT_AND_NO_ACTIVE_GIMPS_ASSIGNMENT,2026-08-09T09:12:31+00:00,UNALLOCATED,,,,,
SLCMP2607-0769,769,769,794039011,2^794039011-1,STRUCTURAL_SCREEN_EXHAUSTED_PRIMALITY_UNASSIGNED,GF3A_DIRECTIONAL_WRITE_EXHAUSTED_PRIMALITY_UNASSIGNED,514,512,512,NO_RECORDED_FACTOR_PRP_OR_LL_RESULT_AND_NO_ACTIVE_GIMPS_ASSIGNMENT,2026-08-09T09:12:31+00:00,UNALLOCATED,,,,,
SLCMP2607-0770,770,770,794039017,2^794039017-1,STRUCTURAL_SCREEN_EXHAUSTED_PRIMALITY_UNASSIGNED,GF3A_DIRECTIONAL_WRITE_EXHAUSTED_PRIMALITY_UNASSIGNED,513,512,512,NO_RECORDED_FACTOR_PRP_OR_LL_RESULT_AND_NO_ACTIVE_GIMPS_ASSIGNMENT,2026-08-09T09:12:31+00:00,UNALLOCATED,,,,,
SLCMP2607-0771,771,771,794039041,2^794039041-1,STRUCTURAL_SCREEN_EXHAUSTED_PRIMALITY_UNASSIGNED,GF3A_DIRECTIONAL_WRITE_EXHAUSTED_PRIMALITY_UNASSIGNED,513,512,512,NO_RECORDED_FACTOR_PRP_OR_LL_RESULT_AND_NO_ACTIVE_GIMPS_ASSIGNMENT,2026-08-09T09:12:31+00:00,UNALLOCATED,,,,,
SLCMP2607-0772,772,772,794039117,2^794039117-1,STRUCTURAL_SCREEN_EXHAUSTED_PRIMALITY_UNASSIGNED,GF3A_DIRECTIONAL_WRITE_EXHAUSTED_PRIMALITY_UNASSIGNED,513,512,512,NO_RECORDED_FACTOR_PRP_OR_LL_RESULT_AND_NO_ACTIVE_GIMPS_ASSIGNMENT,2026-08-09T09:12:31+00:00,UNALLOCATED,,,,,
SLCMP2607-0773,773,773,794039131,2^794039131-1,STRUCTURAL_SCREEN_EXHAUSTED_PRIMALITY_UNASSIGNED,GF3A_DIRECTIONAL_WRITE_EXHAUSTED_PRIMALITY_UNASSIGNED,514,512,512,NO_RECORDED_FACTOR_PRP_OR_LL_RESULT_AND_NO_ACTIVE_GIMPS_ASSIGNMENT,2026-08-09T09:12:31+00:00,UNALLOCATED,,,,,
SLCMP2607-0774,774,774,794039231,2^794039231-1,STRUCTURAL_SCREEN_EXHAUSTED_PRIMALITY_UNASSIGNED,GF3A_DIRECTIONAL_WRITE_EXHAUSTED_PRIMALITY_UNASSIGNED,514,512,512,NO_RECORDED_FACTOR_PRP_OR_LL_RESULT_AND_NO_ACTIVE_GIMPS_ASSIGNMENT,2026-08-09T09:12:31+00:00,UNALLOCATED,,,,,
SLCMP2607-0775,775,775,794039237,2^794039237-1,STRUCTURAL_SCREEN_EXHAUSTED_PRIMALITY_UNASSIGNED,GF3A_DIRECTIONAL_WRITE_EXHAUSTED_PRIMALITY_UNASSIGNED,513,512,512,NO_RECORDED_FACTOR_PRP_OR_LL_RESULT_AND_NO_ACTIVE_GIMPS_ASSIGNMENT,2026-08-09T09:12:31+00:00,UNALLOCATED,,,,,
SLCMP2607-0776,776,776,794039461,2^794039461-1,STRUCTURAL_SCREEN_EXHAUSTED_PRIMALITY_UNASSIGNED,GF3A_DIRECTIONAL_WRITE_EXHAUSTED_PRIMALITY_UNASSIGNED,513,512,512,NO_RECORDED_FACTOR_PRP_OR_LL_RESULT_AND_NO_ACTIVE_GIMPS_ASSIGNMENT,2026-08-09T09:12:31+00:00,UNALLOCATED,,,,,
SLCMP2607-0777,777,777,794039527,2^794039527-1,STRUCTURAL_SCREEN_EXHAUSTED_PRIMALITY_UNASSIGNED,GF3A_DIRECTIONAL_WRITE_EXHAUSTED_PRIMALITY_UNASSIGNED,514,512,512,NO_RECORDED_FACTOR_PRP_OR_LL_RESULT_AND_NO_ACTIVE_GIMPS_ASSIGNMENT,2026-08-09T09:12:31+00:00,UNALLOCATED,,,,,
SLCMP2607-0778,778,778,794039567,2^794039567-1,STRUCTURAL_SCREEN_EXHAUSTED_PRIMALITY_UNASSIGNED,GF3A_DIRECTIONAL_WRITE_EXHAUSTED_PRIMALITY_UNASSIGNED,514,512,512,NO_RECORDED_FACTOR_PRP_OR_LL_RESULT_AND_NO_ACTIVE_GIMPS_ASSIGNMENT,2026-08-09T09:12:31+00:00,UNALLOCATED,,,,,
SLCMP2607-0779,779,779,794039581,2^794039581-1,STRUCTURAL_SCREEN_EXHAUSTED_PRIMALITY_UNASSIGNED,GF3A_DIRECTIONAL_WRITE_EXHAUSTED_PRIMALITY_UNASSIGNED,513,512,512,NO_RECORDED_FACTOR_PRP_OR_LL_RESULT_AND_NO_ACTIVE_GIMPS_ASSIGNMENT,2026-08-09T09:12:31+00:00,UNALLOCATED,,,,,
SLCMP2607-0780,780,780,794039599,2^794039599-1,STRUCTURAL_SCREEN_EXHAUSTED_PRIMALITY_UNASSIGNED,GF3A_DIRECTIONAL_WRITE_EXHAUSTED_PRIMALITY_UNASSIGNED,514,512,512,NO_RECORDED_FACTOR_PRP_OR_LL_RESULT_AND_NO_ACTIVE_GIMPS_ASSIGNMENT,2026-08-09T09:12:31+00:00,UNALLOCATED,,,,,
SLCMP2607-0781,781,781,794039731,2^794039731-1,STRUCTURAL_SCREEN_EXHAUSTED_PRIMALITY_UNASSIGNED,GF3A_DIRECTIONAL_WRITE_EXHAUSTED_PRIMALITY_UNASSIGNED,514,512,512,NO_RECORDED_FACTOR_PRP_OR_LL_RESULT_AND_NO_ACTIVE_GIMPS_ASSIGNMENT,2026-08-09T09:12:31+00:00,UNALLOCATED,,,,,
SLCMP2607-0782,782,782,794039767,2^794039767-1,STRUCTURAL_SCREEN_EXHAUSTED_PRIMALITY_UNASSIGNED,GF3A_DIRECTIONAL_WRITE_EXHAUSTED_PRIMALITY_UNASSIGNED,514,512,512,NO_RECORDED_FACTOR_PRP_OR_LL_RESULT_AND_NO_ACTIVE_GIMPS_ASSIGNMENT,2026-08-09T09:12:31+00:00,UNALLOCATED,,,,,
SLCMP2607-0783,783,783,794039783,2^794039783-1,STRUCTURAL_SCREEN_EXHAUSTED_PRIMALITY_UNASSIGNED,GF3A_DIRECTIONAL_WRITE_EXHAUSTED_PRIMALITY_UNASSIGNED,514,512,512,NO_RECORDED_FACTOR_PRP_OR_LL_RESULT_AND_NO_ACTIVE_GIMPS_ASSIGNMENT,2026-08-09T09:12:31+00:00,UNALLOCATED,,,,,
SLCMP2607-0784,784,784,794039839,2^794039839-1,STRUCTURAL_SCREEN_EXHAUSTED_PRIMALITY_UNASSIGNED,GF3A_DIRECTIONAL_WRITE_EXHAUSTED_PRIMALITY_UNASSIGNED,514,512,512,NO_RECORDED_FACTOR_PRP_OR_LL_RESULT_AND_NO_ACTIVE_GIMPS_ASSIGNMENT,2026-08-09T09:12:31+00:00,UNALLOCATED,,,,,
SLCMP2607-0785,785,785,794039861,2^794039861-1,STRUCTURAL_SCREEN_EXHAUSTED_PRIMALITY_UNASSIGNED,GF3A_DIRECTIONAL_WRITE_EXHAUSTED_PRIMALITY_UNASSIGNED,513,512,512,NO_RECORDED_FACTOR_PRP_OR_LL_RESULT_AND_NO_ACTIVE_GIMPS_ASSIGNMENT,2026-08-09T09:12:31+00:00,UNALLOCATED,,,,,
SLCMP2607-0786,786,786,794040019,2^794040019-1,STRUCTURAL_SCREEN_EXHAUSTED_PRIMALITY_UNASSIGNED,GF3A_DIRECTIONAL_WRITE_EXHAUSTED_PRIMALITY_UNASSIGNED,514,512,512,NO_RECORDED_FACTOR_PRP_OR_LL_RESULT_AND_NO_ACTIVE_GIMPS_ASSIGNMENT,2026-08-09T09:12:31+00:00,UNALLOCATED,,,,,
SLCMP2607-0787,787,787,794040047,2^794040047-1,STRUCTURAL_SCREEN_EXHAUSTED_PRIMALITY_UNASSIGNED,GF3A_DIRECTIONAL_WRITE_EXHAUSTED_PRIMALITY_UNASSIGNED,514,512,512,NO_RECORDED_FACTOR_PRP_OR_LL_RESULT_AND_NO_ACTIVE_GIMPS_ASSIGNMENT,2026-08-09T09:12:31+00:00,UNALLOCATED,,,,,
SLCMP2607-0788,788,788,794040059,2^794040059-1,STRUCTURAL_SCREEN_EXHAUSTED_PRIMALITY_UNASSIGNED,GF3A_DIRECTIONAL_WRITE_EXHAUSTED_PRIMALITY_UNASSIGNED,514,512,512,NO_RECORDED_FACTOR_PRP_OR_LL_RESULT_AND_NO_ACTIVE_GIMPS_ASSIGNMENT,2026-08-09T09:12:31+00:00,UNALLOCATED,,,,,
SLCMP2607-0789,789,789,794040061,2^794040061-1,STRUCTURAL_SCREEN_EXHAUSTED_PRIMALITY_UNASSIGNED,GF3A_DIRECTIONAL_WRITE_EXHAUSTED_PRIMALITY_UNASSIGNED,513,512,512,NO_RECORDED_FACTOR_PRP_OR_LL_RESULT_AND_NO_ACTIVE_GIMPS_ASSIGNMENT,2026-08-09T09:12:31+00:00,UNALLOCATED,,,,,
SLCMP2607-0790,790,790,794040127,2^794040127-1,STRUCTURAL_SCREEN_EXHAUSTED_PRIMALITY_UNASSIGNED,GF3A_DIRECTIONAL_WRITE_EXHAUSTED_PRIMALITY_UNASSIGNED,514,512,512,NO_RECORDED_FACTOR_PRP_OR_LL_RESULT_AND_NO_ACTIVE_GIMPS_ASSIGNMENT,2026-08-09T09:12:31+00:00,UNALLOCATED,,,,,
SLCMP2607-0791,791,791,794040133,2^794040133-1,STRUCTURAL_SCREEN_EXHAUSTED_PRIMALITY_UNASSIGNED,GF3A_DIRECTIONAL_WRITE_EXHAUSTED_PRIMALITY_UNASSIGNED,513,512,512,NO_RECORDED_FACTOR_PRP_OR_LL_RESULT_AND_NO_ACTIVE_GIMPS_ASSIGNMENT,2026-08-09T09:12:31+00:00,UNALLOCATED,,,,,
SLCMP2607-0792,792,792,794040187,2^794040187-1,STRUCTURAL_SCREEN_EXHAUSTED_PRIMALITY_UNASSIGNED,GF3A_DIRECTIONAL_WRITE_EXHAUSTED_PRIMALITY_UNASSIGNED,514,512,512,NO_RECORDED_FACTOR_PRP_OR_LL_RESULT_AND_NO_ACTIVE_GIMPS_ASSIGNMENT,2026-08-09T09:12:31+00:00,UNALLOCATED,,,,,
SLCMP2607-0793,793,793,794040211,2^794040211-1,STRUCTURAL_SCREEN_EXHAUSTED_PRIMALITY_UNASSIGNED,GF3A_DIRECTIONAL_WRITE_EXHAUSTED_PRIMALITY_UNASSIGNED,514,512,512,NO_RECORDED_FACTOR_PRP_OR_LL_RESULT_AND_NO_ACTIVE_GIMPS_ASSIGNMENT,2026-08-09T09:12:31+00:00,UNALLOCATED,,,,,
SLCMP2607-0794,794,794,794040227,2^794040227-1,STRUCTURAL_SCREEN_EXHAUSTED_PRIMALITY_UNASSIGNED,GF3A_DIRECTIONAL_WRITE_EXHAUSTED_PRIMALITY_UNASSIGNED,514,512,512,NO_RECORDED_FACTOR_PRP_OR_LL_RESULT_AND_NO_ACTIVE_GIMPS_ASSIGNMENT,2026-08-09T09:12:31+00:00,UNALLOCATED,,,,,
SLCMP2607-0795,795,795,794040277,2^794040277-1,STRUCTURAL_SCREEN_EXHAUSTED_PRIMALITY_UNASSIGNED,GF3A_DIRECTIONAL_WRITE_EXHAUSTED_PRIMALITY_UNASSIGNED,513,512,512,NO_RECORDED_FACTOR_PRP_OR_LL_RESULT_AND_NO_ACTIVE_GIMPS_ASSIGNMENT,2026-08-09T09:12:31+00:00,UNALLOCATED,,,,,
SLCMP2607-0796,796,796,794040353,2^794040353-1,STRUCTURAL_SCREEN_EXHAUSTED_PRIMALITY_UNASSIGNED,GF3A_DIRECTIONAL_WRITE_EXHAUSTED_PRIMALITY_UNASSIGNED,513,512,512,NO_RECORDED_FACTOR_PRP_OR_LL_RESULT_AND_NO_ACTIVE_GIMPS_ASSIGNMENT,2026-08-09T09:12:31+00:00,UNALLOCATED,,,,,
SLCMP2607-0797,797,797,794040361,2^794040361-1,STRUCTURAL_SCREEN_EXHAUSTED_PRIMALITY_UNASSIGNED,GF3A_DIRECTIONAL_WRITE_EXHAUSTED_PRIMALITY_UNASSIGNED,513,512,512,NO_RECORDED_FACTOR_PRP_OR_LL_RESULT_AND_NO_ACTIVE_GIMPS_ASSIGNMENT,2026-08-09T09:12:31+00:00,UNALLOCATED,,,,,
SLCMP2607-0798,798,798,794040397,2^794040397-1,STRUCTURAL_SCREEN_EXHAUSTED_PRIMALITY_UNASSIGNED,GF3A_DIRECTIONAL_WRITE_EXHAUSTED_PRIMALITY_UNASSIGNED,513,512,512,NO_RECORDED_FACTOR_PRP_OR_LL_RESULT_AND_NO_ACTIVE_GIMPS_ASSIGNMENT,2026-08-09T09:12:31+00:00,UNALLOCATED,,,,,
SLCMP2607-0799,799,799,794040421,2^794040421-1,STRUCTURAL_SCREEN_EXHAUSTED_PRIMALITY_UNASSIGNED,GF3A_DIRECTIONAL_WRITE_EXHAUSTED_PRIMALITY_UNASSIGNED,513,512,512,NO_RECORDED_FACTOR_PRP_OR_LL_RESULT_AND_NO_ACTIVE_GIMPS_ASSIGNMENT,2026-08-09T09:12:31+00:00,UNALLOCATED,,,,,
SLCMP2607-0800,800,800,794040529,2^794040529-1,STRUCTURAL_SCREEN_EXHAUSTED_PRIMALITY_UNASSIGNED,GF3A_DIRECTIONAL_WRITE_EXHAUSTED_PRIMALITY_UNASSIGNED,513,512,512,NO_RECORDED_FACTOR_PRP_OR_LL_RESULT_AND_NO_ACTIVE_GIMPS_ASSIGNMENT,2026-08-09T09:12:31+00:00,UNALLOCATED,,,,,
SLCMP2607-0801,801,801,794040617,2^794040617-1,STRUCTURAL_SCREEN_EXHAUSTED_PRIMALITY_UNASSIGNED,GF3A_DIRECTIONAL_WRITE_EXHAUSTED_PRIMALITY_UNASSIGNED,513,512,512,NO_RECORDED_FACTOR_PRP_OR_LL_RESULT_AND_NO_ACTIVE_GIMPS_ASSIGNMENT,2026-08-09T09:12:31+00:00,UNALLOCATED,,,,,
SLCMP2607-0802,802,802,794040659,2^794040659-1,STRUCTURAL_SCREEN_EXHAUSTED_PRIMALITY_UNASSIGNED,GF3A_DIRECTIONAL_WRITE_EXHAUSTED_PRIMALITY_UNASSIGNED,514,512,512,NO_RECORDED_FACTOR_PRP_OR_LL_RESULT_AND_NO_ACTIVE_GIMPS_ASSIGNMENT,2026-08-09T09:12:31+00:00,UNALLOCATED,,,,,
SLCMP2607-0803,803,803,794040713,2^794040713-1,STRUCTURAL_SCREEN_EXHAUSTED_PRIMALITY_UNASSIGNED,GF3A_DIRECTIONAL_WRITE_EXHAUSTED_PRIMALITY_UNASSIGNED,513,512,512,NO_RECORDED_FACTOR_PRP_OR_LL_RESULT_AND_NO_ACTIVE_GIMPS_ASSIGNMENT,2026-08-09T09:12:31+00:00,UNALLOCATED,,,,,
SLCMP2607-0804,804,804,794040719,2^794040719-1,STRUCTURAL_SCREEN_EXHAUSTED_PRIMALITY_UNASSIGNED,GF3A_DIRECTIONAL_WRITE_EXHAUSTED_PRIMALITY_UNASSIGNED,514,512,512,NO_RECORDED_FACTOR_PRP_OR_LL_RESULT_AND_NO_ACTIVE_GIMPS_ASSIGNMENT,2026-08-09T09:12:31+00:00,UNALLOCATED,,,,,
SLCMP2607-0805,805,805,794040791,2^794040791-1,STRUCTURAL_SCREEN_EXHAUSTED_PRIMALITY_UNASSIGNED,GF3A_DIRECTIONAL_WRITE_EXHAUSTED_PRIMALITY_UNASSIGNED,514,512,512,NO_RECORDED_FACTOR_PRP_OR_LL_RESULT_AND_NO_ACTIVE_GIMPS_ASSIGNMENT,2026-08-09T09:12:31+00:00,UNALLOCATED,,,,,
SLCMP2607-0806,806,806,794040827,2^794040827-1,STRUCTURAL_SCREEN_EXHAUSTED_PRIMALITY_UNASSIGNED,GF3A_DIRECTIONAL_WRITE_EXHAUSTED_PRIMALITY_UNASSIGNED,514,512,512,NO_RECORDED_FACTOR_PRP_OR_LL_RESULT_AND_NO_ACTIVE_GIMPS_ASSIGNMENT,2026-08-09T09:12:31+00:00,UNALLOCATED,,,,,
SLCMP2607-0807,807,807,794040853,2^794040853-1,STRUCTURAL_SCREEN_EXHAUSTED_PRIMALITY_UNASSIGNED,GF3A_DIRECTIONAL_WRITE_EXHAUSTED_PRIMALITY_UNASSIGNED,513,512,512,NO_RECORDED_FACTOR_PRP_OR_LL_RESULT_AND_NO_ACTIVE_GIMPS_ASSIGNMENT,2026-08-09T09:12:31+00:00,UNALLOCATED,,,,,
SLCMP2607-0808,808,808,794040917,2^794040917-1,STRUCTURAL_SCREEN_EXHAUSTED_PRIMALITY_UNASSIGNED,GF3A_DIRECTIONAL_WRITE_EXHAUSTED_PRIMALITY_UNASSIGNED,513,512,512,NO_RECORDED_FACTOR_PRP_OR_LL_RESULT_AND_NO_ACTIVE_GIMPS_ASSIGNMENT,2026-08-09T09:12:31+00:00,UNALLOCATED,,,,,
SLCMP2607-0809,809,809,794040931,2^794040931-1,STRUCTURAL_SCREEN_EXHAUSTED_PRIMALITY_UNASSIGNED,GF3A_DIRECTIONAL_WRITE_EXHAUSTED_PRIMALITY_UNASSIGNED,514,512,512,NO_RECORDED_FACTOR_PRP_OR_LL_RESULT_AND_NO_ACTIVE_GIMPS_ASSIGNMENT,2026-08-09T09:12:31+00:00,UNALLOCATED,,,,,
SLCMP2607-0810,810,810,794041009,2^794041009-1,STRUCTURAL_SCREEN_EXHAUSTED_PRIMALITY_UNASSIGNED,GF3A_DIRECTIONAL_WRITE_EXHAUSTED_PRIMALITY_UNASSIGNED,513,512,512,NO_RECORDED_FACTOR_PRP_OR_LL_RESULT_AND_NO_ACTIVE_GIMPS_ASSIGNMENT,2026-08-09T09:12:31+00:00,UNALLOCATED,,,,,
SLCMP2607-0811,811,811,794041091,2^794041091-1,STRUCTURAL_SCREEN_EXHAUSTED_PRIMALITY_UNASSIGNED,GF3A_DIRECTIONAL_WRITE_EXHAUSTED_PRIMALITY_UNASSIGNED,514,512,512,NO_RECORDED_FACTOR_PRP_OR_LL_RESULT_AND_NO_ACTIVE_GIMPS_ASSIGNMENT,2026-08-09T09:12:31+00:00,UNALLOCATED,,,,,
SLCMP2607-0812,812,812,794041271,2^794041271-1,STRUCTURAL_SCREEN_EXHAUSTED_PRIMALITY_UNASSIGNED,GF3A_DIRECTIONAL_WRITE_EXHAUSTED_PRIMALITY_UNASSIGNED,514,512,512,NO_RECORDED_FACTOR_PRP_OR_LL_RESULT_AND_NO_ACTIVE_GIMPS_ASSIGNMENT,2026-08-09T09:12:31+00:00,UNALLOCATED,,,,,
SLCMP2607-0813,813,813,794041279,2^794041279-1,STRUCTURAL_SCREEN_EXHAUSTED_PRIMALITY_UNASSIGNED,GF3A_DIRECTIONAL_WRITE_EXHAUSTED_PRIMALITY_UNASSIGNED,514,512,512,NO_RECORDED_FACTOR_PRP_OR_LL_RESULT_AND_NO_ACTIVE_GIMPS_ASSIGNMENT,2026-08-09T09:12:31+00:00,UNALLOCATED,,,,,
SLCMP2607-0814,814,814,794041327,2^794041327-1,STRUCTURAL_SCREEN_EXHAUSTED_PRIMALITY_UNASSIGNED,GF3A_DIRECTIONAL_WRITE_EXHAUSTED_PRIMALITY_UNASSIGNED,514,512,512,NO_RECORDED_FACTOR_PRP_OR_LL_RESULT_AND_NO_ACTIVE_GIMPS_ASSIGNMENT,2026-08-09T09:12:31+00:00,UNALLOCATED,,,,,
SLCMP2607-0815,815,815,794041337,2^794041337-1,STRUCTURAL_SCREEN_EXHAUSTED_PRIMALITY_UNASSIGNED,GF3A_DIRECTIONAL_WRITE_EXHAUSTED_PRIMALITY_UNASSIGNED,513,512,512,NO_RECORDED_FACTOR_PRP_OR_LL_RESULT_AND_NO_ACTIVE_GIMPS_ASSIGNMENT,2026-08-09T09:12:31+00:00,UNALLOCATED,,,,,
SLCMP2607-0816,816,816,794041607,2^794041607-1,STRUCTURAL_SCREEN_EXHAUSTED_PRIMALITY_UNASSIGNED,GF3A_DIRECTIONAL_WRITE_EXHAUSTED_PRIMALITY_UNASSIGNED,514,512,512,NO_RECORDED_FACTOR_PRP_OR_LL_RESULT_AND_NO_ACTIVE_GIMPS_ASSIGNMENT,2026-08-09T09:12:31+00:00,UNALLOCATED,,,,,
SLCMP2607-0817,817,817,794041667,2^794041667-1,STRUCTURAL_SCREEN_EXHAUSTED_PRIMALITY_UNASSIGNED,GF3A_DIRECTIONAL_WRITE_EXHAUSTED_PRIMALITY_UNASSIGNED,514,512,512,NO_RECORDED_FACTOR_PRP_OR_LL_RESULT_AND_NO_ACTIVE_GIMPS_ASSIGNMENT,2026-08-09T09:12:31+00:00,UNALLOCATED,,,,,
SLCMP2607-0818,818,818,794041693,2^794041693-1,STRUCTURAL_SCREEN_EXHAUSTED_PRIMALITY_UNASSIGNED,GF3A_DIRECTIONAL_WRITE_EXHAUSTED_PRIMALITY_UNASSIGNED,513,512,512,NO_RECORDED_FACTOR_PRP_OR_LL_RESULT_AND_NO_ACTIVE_GIMPS_ASSIGNMENT,2026-08-09T09:12:31+00:00,UNALLOCATED,,,,,
SLCMP2607-0819,819,819,794041909,2^794041909-1,STRUCTURAL_SCREEN_EXHAUSTED_PRIMALITY_UNASSIGNED,GF3A_DIRECTIONAL_WRITE_EXHAUSTED_PRIMALITY_UNASSIGNED,513,512,512,NO_RECORDED_FACTOR_PRP_OR_LL_RESULT_AND_NO_ACTIVE_GIMPS_ASSIGNMENT,2026-08-09T09:12:31+00:00,UNALLOCATED,,,,,
SLCMP2607-0820,820,820,794041981,2^794041981-1,STRUCTURAL_SCREEN_EXHAUSTED_PRIMALITY_UNASSIGNED,GF3A_DIRECTIONAL_WRITE_EXHAUSTED_PRIMALITY_UNASSIGNED,513,512,512,NO_RECORDED_FACTOR_PRP_OR_LL_RESULT_AND_NO_ACTIVE_GIMPS_ASSIGNMENT,2026-08-09T09:12:31+00:00,UNALLOCATED,,,,,
SLCMP2607-0821,821,821,794042021,2^794042021-1,STRUCTURAL_SCREEN_EXHAUSTED_PRIMALITY_UNASSIGNED,GF3A_DIRECTIONAL_WRITE_EXHAUSTED_PRIMALITY_UNASSIGNED,513,512,512,NO_RECORDED_FACTOR_PRP_OR_LL_RESULT_AND_NO_ACTIVE_GIMPS_ASSIGNMENT,2026-08-09T09:12:31+00:00,UNALLOCATED,,,,,
SLCMP2607-0822,822,822,794042023,2^794042023-1,STRUCTURAL_SCREEN_EXHAUSTED_PRIMALITY_UNASSIGNED,GF3A_DIRECTIONAL_WRITE_EXHAUSTED_PRIMALITY_UNASSIGNED,514,512,512,NO_RECORDED_FACTOR_PRP_OR_LL_RESULT_AND_NO_ACTIVE_GIMPS_ASSIGNMENT,2026-08-09T09:12:31+00:00,UNALLOCATED,,,,,
SLCMP2607-0823,823,823,794042057,2^794042057-1,STRUCTURAL_SCREEN_EXHAUSTED_PRIMALITY_UNASSIGNED,GF3A_DIRECTIONAL_WRITE_EXHAUSTED_PRIMALITY_UNASSIGNED,513,512,512,NO_RECORDED_FACTOR_PRP_OR_LL_RESULT_AND_NO_ACTIVE_GIMPS_ASSIGNMENT,2026-08-09T09:12:31+00:00,UNALLOCATED,,,,,
SLCMP2607-0824,824,824,794042099,2^794042099-1,STRUCTURAL_SCREEN_EXHAUSTED_PRIMALITY_UNASSIGNED,GF3A_DIRECTIONAL_WRITE_EXHAUSTED_PRIMALITY_UNASSIGNED,514,512,512,NO_RECORDED_FACTOR_PRP_OR_LL_RESULT_AND_NO_ACTIVE_GIMPS_ASSIGNMENT,2026-08-09T09:12:31+00:00,UNALLOCATED,,,,,
SLCMP2607-0825,825,825,794042173,2^794042173-1,STRUCTURAL_SCREEN_EXHAUSTED_PRIMALITY_UNASSIGNED,GF3A_DIRECTIONAL_WRITE_EXHAUSTED_PRIMALITY_UNASSIGNED,513,512,512,NO_RECORDED_FACTOR_PRP_OR_LL_RESULT_AND_NO_ACTIVE_GIMPS_ASSIGNMENT,2026-08-09T09:12:31+00:00,UNALLOCATED,,,,,
SLCMP2607-0826,826,826,794042201,2^794042201-1,STRUCTURAL_SCREEN_EXHAUSTED_PRIMALITY_UNASSIGNED,GF3A_DIRECTIONAL_WRITE_EXHAUSTED_PRIMALITY_UNASSIGNED,513,512,512,NO_RECORDED_FACTOR_PRP_OR_LL_RESULT_AND_NO_ACTIVE_GIMPS_ASSIGNMENT,2026-08-09T09:12:31+00:00,UNALLOCATED,,,,,
SLCMP2607-0827,827,827,794042269,2^794042269-1,STRUCTURAL_SCREEN_EXHAUSTED_PRIMALITY_UNASSIGNED,GF3A_DIRECTIONAL_WRITE_EXHAUSTED_PRIMALITY_UNASSIGNED,513,512,512,NO_RECORDED_FACTOR_PRP_OR_LL_RESULT_AND_NO_ACTIVE_GIMPS_ASSIGNMENT,2026-08-09T09:12:31+00:00,UNALLOCATED,,,,,
SLCMP2607-0828,828,828,794042321,2^794042321-1,STRUCTURAL_SCREEN_EXHAUSTED_PRIMALITY_UNASSIGNED,GF3A_DIRECTIONAL_WRITE_EXHAUSTED_PRIMALITY_UNASSIGNED,513,512,512,NO_RECORDED_FACTOR_PRP_OR_LL_RESULT_AND_NO_ACTIVE_GIMPS_ASSIGNMENT,2026-08-09T09:12:31+00:00,UNALLOCATED,,,,,
SLCMP2607-0829,829,829,794042387,2^794042387-1,STRUCTURAL_SCREEN_EXHAUSTED_PRIMALITY_UNASSIGNED,GF3A_DIRECTIONAL_WRITE_EXHAUSTED_PRIMALITY_UNASSIGNED,514,512,512,NO_RECORDED_FACTOR_PRP_OR_LL_RESULT_AND_NO_ACTIVE_GIMPS_ASSIGNMENT,2026-08-09T09:12:31+00:00,UNALLOCATED,,,,,
SLCMP2607-0830,830,830,794042467,2^794042467-1,STRUCTURAL_SCREEN_EXHAUSTED_PRIMALITY_UNASSIGNED,GF3A_DIRECTIONAL_WRITE_EXHAUSTED_PRIMALITY_UNASSIGNED,514,512,512,NO_RECORDED_FACTOR_PRP_OR_LL_RESULT_AND_NO_ACTIVE_GIMPS_ASSIGNMENT,2026-08-09T09:12:31+00:00,UNALLOCATED,,,,,
SLCMP2607-0831,831,831,794042621,2^794042621-1,STRUCTURAL_SCREEN_EXHAUSTED_PRIMALITY_UNASSIGNED,GF3A_DIRECTIONAL_WRITE_EXHAUSTED_PRIMALITY_UNASSIGNED,513,512,512,NO_RECORDED_FACTOR_PRP_OR_LL_RESULT_AND_NO_ACTIVE_GIMPS_ASSIGNMENT,2026-08-09T09:12:31+00:00,UNALLOCATED,,,,,
SLCMP2607-0832,832,832,794042633,2^794042633-1,STRUCTURAL_SCREEN_EXHAUSTED_PRIMALITY_UNASSIGNED,GF3A_DIRECTIONAL_WRITE_EXHAUSTED_PRIMALITY_UNASSIGNED,513,512,512,NO_RECORDED_FACTOR_PRP_OR_LL_RESULT_AND_NO_ACTIVE_GIMPS_ASSIGNMENT,2026-08-09T09:12:31+00:00,UNALLOCATED,,,,,
SLCMP2607-0833,833,833,794042663,2^794042663-1,STRUCTURAL_SCREEN_EXHAUSTED_PRIMALITY_UNASSIGNED,GF3A_DIRECTIONAL_WRITE_EXHAUSTED_PRIMALITY_UNASSIGNED,514,512,512,NO_RECORDED_FACTOR_PRP_OR_LL_RESULT_AND_NO_ACTIVE_GIMPS_ASSIGNMENT,2026-08-09T09:12:31+00:00,UNALLOCATED,,,,,
SLCMP2607-0834,834,834,794042713,2^794042713-1,STRUCTURAL_SCREEN_EXHAUSTED_PRIMALITY_UNASSIGNED,GF3A_DIRECTIONAL_WRITE_EXHAUSTED_PRIMALITY_UNASSIGNED,513,512,512,NO_RECORDED_FACTOR_PRP_OR_LL_RESULT_AND_NO_ACTIVE_GIMPS_ASSIGNMENT,2026-08-09T09:12:31+00:00,UNALLOCATED,,,,,
SLCMP2607-0835,835,835,794042861,2^794042861-1,STRUCTURAL_SCREEN_EXHAUSTED_PRIMALITY_UNASSIGNED,GF3A_DIRECTIONAL_WRITE_EXHAUSTED_PRIMALITY_UNASSIGNED,513,512,512,NO_RECORDED_FACTOR_PRP_OR_LL_RESULT_AND_NO_ACTIVE_GIMPS_ASSIGNMENT,2026-08-09T09:12:31+00:00,UNALLOCATED,,,,,
SLCMP2607-0836,836,836,794042923,2^794042923-1,STRUCTURAL_SCREEN_EXHAUSTED_PRIMALITY_UNASSIGNED,GF3A_DIRECTIONAL_WRITE_EXHAUSTED_PRIMALITY_UNASSIGNED,514,512,512,NO_RECORDED_FACTOR_PRP_OR_LL_RESULT_AND_NO_ACTIVE_GIMPS_ASSIGNMENT,2026-08-09T09:12:31+00:00,UNALLOCATED,,,,,
SLCMP2607-0837,837,837,794043121,2^794043121-1,STRUCTURAL_SCREEN_EXHAUSTED_PRIMALITY_UNASSIGNED,GF3A_DIRECTIONAL_WRITE_EXHAUSTED_PRIMALITY_UNASSIGNED,513,512,512,NO_RECORDED_FACTOR_PRP_OR_LL_RESULT_AND_NO_ACTIVE_GIMPS_ASSIGNMENT,2026-08-09T09:12:31+00:00,UNALLOCATED,,,,,
SLCMP2607-0838,838,838,794043163,2^794043163-1,STRUCTURAL_SCREEN_EXHAUSTED_PRIMALITY_UNASSIGNED,GF3A_DIRECTIONAL_WRITE_EXHAUSTED_PRIMALITY_UNASSIGNED,514,512,512,NO_RECORDED_FACTOR_PRP_OR_LL_RESULT_AND_NO_ACTIVE_GIMPS_ASSIGNMENT,2026-08-09T09:12:31+00:00,UNALLOCATED,,,,,
SLCMP2607-0839,839,839,794043179,2^794043179-1,STRUCTURAL_SCREEN_EXHAUSTED_PRIMALITY_UNASSIGNED,GF3A_DIRECTIONAL_WRITE_EXHAUSTED_PRIMALITY_UNASSIGNED,514,512,512,NO_RECORDED_FACTOR_PRP_OR_LL_RESULT_AND_NO_ACTIVE_GIMPS_ASSIGNMENT,2026-08-09T09:12:31+00:00,UNALLOCATED,,,,,
SLCMP2607-0840,840,840,794043221,2^794043221-1,STRUCTURAL_SCREEN_EXHAUSTED_PRIMALITY_UNASSIGNED,GF3A_DIRECTIONAL_WRITE_EXHAUSTED_PRIMALITY_UNASSIGNED,513,512,512,NO_RECORDED_FACTOR_PRP_OR_LL_RESULT_AND_NO_ACTIVE_GIMPS_ASSIGNMENT,2026-08-09T09:12:31+00:00,UNALLOCATED,,,,,
SLCMP2607-0841,841,841,794043227,2^794043227-1,STRUCTURAL_SCREEN_EXHAUSTED_PRIMALITY_UNASSIGNED,GF3A_DIRECTIONAL_WRITE_EXHAUSTED_PRIMALITY_UNASSIGNED,514,512,512,NO_RECORDED_FACTOR_PRP_OR_LL_RESULT_AND_NO_ACTIVE_GIMPS_ASSIGNMENT,2026-08-09T09:12:31+00:00,UNALLOCATED,,,,,
SLCMP2607-0842,842,842,794043311,2^794043311-1,STRUCTURAL_SCREEN_EXHAUSTED_PRIMALITY_UNASSIGNED,GF3A_DIRECTIONAL_WRITE_EXHAUSTED_PRIMALITY_UNASSIGNED,514,512,512,NO_RECORDED_FACTOR_PRP_OR_LL_RESULT_AND_NO_ACTIVE_GIMPS_ASSIGNMENT,2026-08-09T09:12:31+00:00,UNALLOCATED,,,,,
SLCMP2607-0843,843,843,794043319,2^794043319-1,STRUCTURAL_SCREEN_EXHAUSTED_PRIMALITY_UNASSIGNED,GF3A_DIRECTIONAL_WRITE_EXHAUSTED_PRIMALITY_UNASSIGNED,514,512,512,NO_RECORDED_FACTOR_PRP_OR_LL_RESULT_AND_NO_ACTIVE_GIMPS_ASSIGNMENT,2026-08-09T09:12:31+00:00,UNALLOCATED,,,,,
SLCMP2607-0844,844,844,794043533,2^794043533-1,STRUCTURAL_SCREEN_EXHAUSTED_PRIMALITY_UNASSIGNED,GF3A_DIRECTIONAL_WRITE_EXHAUSTED_PRIMALITY_UNASSIGNED,513,512,512,NO_RECORDED_FACTOR_PRP_OR_LL_RESULT_AND_NO_ACTIVE_GIMPS_ASSIGNMENT,2026-08-09T09:12:31+00:00,UNALLOCATED,,,,,
SLCMP2607-0845,845,845,794043587,2^794043587-1,STRUCTURAL_SCREEN_EXHAUSTED_PRIMALITY_UNASSIGNED,GF3A_DIRECTIONAL_WRITE_EXHAUSTED_PRIMALITY_UNASSIGNED,514,512,512,NO_RECORDED_FACTOR_PRP_OR_LL_RESULT_AND_NO_ACTIVE_GIMPS_ASSIGNMENT,2026-08-09T09:12:31+00:00,UNALLOCATED,,,,,
SLCMP2607-0846,846,846,794043589,2^794043589-1,STRUCTURAL_SCREEN_EXHAUSTED_PRIMALITY_UNASSIGNED,GF3A_DIRECTIONAL_WRITE_EXHAUSTED_PRIMALITY_UNASSIGNED,513,512,512,NO_RECORDED_FACTOR_PRP_OR_LL_RESULT_AND_NO_ACTIVE_GIMPS_ASSIGNMENT,2026-08-09T09:12:31+00:00,UNALLOCATED,,,,,
SLCMP2607-0847,847,847,794043637,2^794043637-1,STRUCTURAL_SCREEN_EXHAUSTED_PRIMALITY_UNASSIGNED,GF3A_DIRECTIONAL_WRITE_EXHAUSTED_PRIMALITY_UNASSIGNED,513,512,512,NO_RECORDED_FACTOR_PRP_OR_LL_RESULT_AND_NO_ACTIVE_GIMPS_ASSIGNMENT,2026-08-09T09:12:31+00:00,UNALLOCATED,,,,,
SLCMP2607-0848,848,848,794043673,2^794043673-1,STRUCTURAL_SCREEN_EXHAUSTED_PRIMALITY_UNASSIGNED,GF3A_DIRECTIONAL_WRITE_EXHAUSTED_PRIMALITY_UNASSIGNED,513,512,512,NO_RECORDED_FACTOR_PRP_OR_LL_RESULT_AND_NO_ACTIVE_GIMPS_ASSIGNMENT,2026-08-09T09:12:31+00:00,UNALLOCATED,,,,,
SLCMP2607-0849,849,849,794043707,2^794043707-1,STRUCTURAL_SCREEN_EXHAUSTED_PRIMALITY_UNASSIGNED,GF3A_DIRECTIONAL_WRITE_EXHAUSTED_PRIMALITY_UNASSIGNED,514,512,512,NO_RECORDED_FACTOR_PRP_OR_LL_RESULT_AND_NO_ACTIVE_GIMPS_ASSIGNMENT,2026-08-09T09:12:31+00:00,UNALLOCATED,,,,,
SLCMP2607-0850,850,850,794043779,2^794043779-1,STRUCTURAL_SCREEN_EXHAUSTED_PRIMALITY_UNASSIGNED,GF3A_DIRECTIONAL_WRITE_EXHAUSTED_PRIMALITY_UNASSIGNED,514,512,512,NO_RECORDED_FACTOR_PRP_OR_LL_RESULT_AND_NO_ACTIVE_GIMPS_ASSIGNMENT,2026-08-09T09:12:31+00:00,UNALLOCATED,,,,,
SLCMP2607-0851,851,851,794043829,2^794043829-1,STRUCTURAL_SCREEN_EXHAUSTED_PRIMALITY_UNASSIGNED,GF3A_DIRECTIONAL_WRITE_EXHAUSTED_PRIMALITY_UNASSIGNED,513,512,512,NO_RECORDED_FACTOR_PRP_OR_LL_RESULT_AND_NO_ACTIVE_GIMPS_ASSIGNMENT,2026-08-09T09:12:31+00:00,UNALLOCATED,,,,,
SLCMP2607-0852,852,852,794043937,2^794043937-1,STRUCTURAL_SCREEN_EXHAUSTED_PRIMALITY_UNASSIGNED,GF3A_DIRECTIONAL_WRITE_EXHAUSTED_PRIMALITY_UNASSIGNED,513,512,512,NO_RECORDED_FACTOR_PRP_OR_LL_RESULT_AND_NO_ACTIVE_GIMPS_ASSIGNMENT,2026-08-09T09:12:31+00:00,UNALLOCATED,,,,,
SLCMP2607-0853,853,853,794043949,2^794043949-1,STRUCTURAL_SCREEN_EXHAUSTED_PRIMALITY_UNASSIGNED,GF3A_DIRECTIONAL_WRITE_EXHAUSTED_PRIMALITY_UNASSIGNED,513,512,512,NO_RECORDED_FACTOR_PRP_OR_LL_RESULT_AND_NO_ACTIVE_GIMPS_ASSIGNMENT,2026-08-09T09:12:31+00:00,UNALLOCATED,,,,,
SLCMP2607-0854,854,854,794043959,2^794043959-1,STRUCTURAL_SCREEN_EXHAUSTED_PRIMALITY_UNASSIGNED,GF3A_DIRECTIONAL_WRITE_EXHAUSTED_PRIMALITY_UNASSIGNED,514,512,512,NO_RECORDED_FACTOR_PRP_OR_LL_RESULT_AND_NO_ACTIVE_GIMPS_ASSIGNMENT,2026-08-09T09:12:31+00:00,UNALLOCATED,,,,,
SLCMP2607-0855,855,855,794044003,2^794044003-1,STRUCTURAL_SCREEN_EXHAUSTED_PRIMALITY_UNASSIGNED,GF3A_DIRECTIONAL_WRITE_EXHAUSTED_PRIMALITY_UNASSIGNED,514,512,512,NO_RECORDED_FACTOR_PRP_OR_LL_RESULT_AND_NO_ACTIVE_GIMPS_ASSIGNMENT,2026-08-09T09:12:31+00:00,UNALLOCATED,,,,,
SLCMP2607-0856,856,856,794044021,2^794044021-1,STRUCTURAL_SCREEN_EXHAUSTED_PRIMALITY_UNASSIGNED,GF3A_DIRECTIONAL_WRITE_EXHAUSTED_PRIMALITY_UNASSIGNED,513,512,512,NO_RECORDED_FACTOR_PRP_OR_LL_RESULT_AND_NO_ACTIVE_GIMPS_ASSIGNMENT,2026-08-09T09:12:31+00:00,UNALLOCATED,,,,,
SLCMP2607-0857,857,857,794044051,2^794044051-1,STRUCTURAL_SCREEN_EXHAUSTED_PRIMALITY_UNASSIGNED,GF3A_DIRECTIONAL_WRITE_EXHAUSTED_PRIMALITY_UNASSIGNED,514,512,512,NO_RECORDED_FACTOR_PRP_OR_LL_RESULT_AND_NO_ACTIVE_GIMPS_ASSIGNMENT,2026-08-09T09:12:31+00:00,UNALLOCATED,,,,,
SLCMP2607-0858,858,858,794044057,2^794044057-1,STRUCTURAL_SCREEN_EXHAUSTED_PRIMALITY_UNASSIGNED,GF3A_DIRECTIONAL_WRITE_EXHAUSTED_PRIMALITY_UNASSIGNED,513,512,512,NO_RECORDED_FACTOR_PRP_OR_LL_RESULT_AND_NO_ACTIVE_GIMPS_ASSIGNMENT,2026-08-09T09:12:31+00:00,UNALLOCATED,,,,,
SLCMP2607-0859,859,859,794044093,2^794044093-1,STRUCTURAL_SCREEN_EXHAUSTED_PRIMALITY_UNASSIGNED,GF3A_DIRECTIONAL_WRITE_EXHAUSTED_PRIMALITY_UNASSIGNED,513,512,512,NO_RECORDED_FACTOR_PRP_OR_LL_RESULT_AND_NO_ACTIVE_GIMPS_ASSIGNMENT,2026-08-09T09:12:31+00:00,UNALLOCATED,,,,,
SLCMP2607-0860,860,860,794044103,2^794044103-1,STRUCTURAL_SCREEN_EXHAUSTED_PRIMALITY_UNASSIGNED,GF3A_DIRECTIONAL_WRITE_EXHAUSTED_PRIMALITY_UNASSIGNED,514,512,512,NO_RECORDED_FACTOR_PRP_OR_LL_RESULT_AND_NO_ACTIVE_GIMPS_ASSIGNMENT,2026-08-09T09:12:31+00:00,UNALLOCATED,,,,,
SLCMP2607-0861,861,861,794044127,2^794044127-1,STRUCTURAL_SCREEN_EXHAUSTED_PRIMALITY_UNASSIGNED,GF3A_DIRECTIONAL_WRITE_EXHAUSTED_PRIMALITY_UNASSIGNED,514,512,512,NO_RECORDED_FACTOR_PRP_OR_LL_RESULT_AND_NO_ACTIVE_GIMPS_ASSIGNMENT,2026-08-09T09:12:31+00:00,UNALLOCATED,,,,,
SLCMP2607-0862,862,862,794044133,2^794044133-1,STRUCTURAL_SCREEN_EXHAUSTED_PRIMALITY_UNASSIGNED,GF3A_DIRECTIONAL_WRITE_EXHAUSTED_PRIMALITY_UNASSIGNED,513,512,512,NO_RECORDED_FACTOR_PRP_OR_LL_RESULT_AND_NO_ACTIVE_GIMPS_ASSIGNMENT,2026-08-09T09:12:31+00:00,UNALLOCATED,,,,,
SLCMP2607-0863,863,863,794044183,2^794044183-1,STRUCTURAL_SCREEN_EXHAUSTED_PRIMALITY_UNASSIGNED,GF3A_DIRECTIONAL_WRITE_EXHAUSTED_PRIMALITY_UNASSIGNED,514,512,512,NO_RECORDED_FACTOR_PRP_OR_LL_RESULT_AND_NO_ACTIVE_GIMPS_ASSIGNMENT,2026-08-09T09:12:31+00:00,UNALLOCATED,,,,,
SLCMP2607-0864,864,864,794044193,2^794044193-1,STRUCTURAL_SCREEN_EXHAUSTED_PRIMALITY_UNASSIGNED,GF3A_DIRECTIONAL_WRITE_EXHAUSTED_PRIMALITY_UNASSIGNED,513,512,512,NO_RECORDED_FACTOR_PRP_OR_LL_RESULT_AND_NO_ACTIVE_GIMPS_ASSIGNMENT,2026-08-09T09:12:31+00:00,UNALLOCATED,,,,,
SLCMP2607-0865,865,865,794044217,2^794044217-1,STRUCTURAL_SCREEN_EXHAUSTED_PRIMALITY_UNASSIGNED,GF3A_DIRECTIONAL_WRITE_EXHAUSTED_PRIMALITY_UNASSIGNED,513,512,512,NO_RECORDED_FACTOR_PRP_OR_LL_RESULT_AND_NO_ACTIVE_GIMPS_ASSIGNMENT,2026-08-09T09:12:31+00:00,UNALLOCATED,,,,,
SLCMP2607-0866,866,866,794044373,2^794044373-1,STRUCTURAL_SCREEN_EXHAUSTED_PRIMALITY_UNASSIGNED,GF3A_DIRECTIONAL_WRITE_EXHAUSTED_PRIMALITY_UNASSIGNED,513,512,512,NO_RECORDED_FACTOR_PRP_OR_LL_RESULT_AND_NO_ACTIVE_GIMPS_ASSIGNMENT,2026-08-09T09:12:31+00:00,UNALLOCATED,,,,,
SLCMP2607-0867,867,867,794044397,2^794044397-1,STRUCTURAL_SCREEN_EXHAUSTED_PRIMALITY_UNASSIGNED,GF3A_DIRECTIONAL_WRITE_EXHAUSTED_PRIMALITY_UNASSIGNED,513,512,512,NO_RECORDED_FACTOR_PRP_OR_LL_RESULT_AND_NO_ACTIVE_GIMPS_ASSIGNMENT,2026-08-09T09:12:31+00:00,UNALLOCATED,,,,,
SLCMP2607-0868,868,868,794044439,2^794044439-1,STRUCTURAL_SCREEN_EXHAUSTED_PRIMALITY_UNASSIGNED,GF3A_DIRECTIONAL_WRITE_EXHAUSTED_PRIMALITY_UNASSIGNED,514,512,512,NO_RECORDED_FACTOR_PRP_OR_LL_RESULT_AND_NO_ACTIVE_GIMPS_ASSIGNMENT,2026-08-09T09:12:31+00:00,UNALLOCATED,,,,,
SLCMP2607-0869,869,869,794044441,2^794044441-1,STRUCTURAL_SCREEN_EXHAUSTED_PRIMALITY_UNASSIGNED,GF3A_DIRECTIONAL_WRITE_EXHAUSTED_PRIMALITY_UNASSIGNED,513,512,512,NO_RECORDED_FACTOR_PRP_OR_LL_RESULT_AND_NO_ACTIVE_GIMPS_ASSIGNMENT,2026-08-09T09:12:31+00:00,UNALLOCATED,,,,,
SLCMP2607-0870,870,870,794044453,2^794044453-1,STRUCTURAL_SCREEN_EXHAUSTED_PRIMALITY_UNASSIGNED,GF3A_DIRECTIONAL_WRITE_EXHAUSTED_PRIMALITY_UNASSIGNED,513,512,512,NO_RECORDED_FACTOR_PRP_OR_LL_RESULT_AND_NO_ACTIVE_GIMPS_ASSIGNMENT,2026-08-09T09:12:31+00:00,UNALLOCATED,,,,,
SLCMP2607-0871,871,871,794044477,2^794044477-1,STRUCTURAL_SCREEN_EXHAUSTED_PRIMALITY_UNASSIGNED,GF3A_DIRECTIONAL_WRITE_EXHAUSTED_PRIMALITY_UNASSIGNED,513,512,512,NO_RECORDED_FACTOR_PRP_OR_LL_RESULT_AND_NO_ACTIVE_GIMPS_ASSIGNMENT,2026-08-09T09:12:31+00:00,UNALLOCATED,,,,,
SLCMP2607-0872,872,872,794044481,2^794044481-1,STRUCTURAL_SCREEN_EXHAUSTED_PRIMALITY_UNASSIGNED,GF3A_DIRECTIONAL_WRITE_EXHAUSTED_PRIMALITY_UNASSIGNED,513,512,512,NO_RECORDED_FACTOR_PRP_OR_LL_RESULT_AND_NO_ACTIVE_GIMPS_ASSIGNMENT,2026-08-09T09:12:31+00:00,UNALLOCATED,,,,,
SLCMP2607-0873,873,873,794044549,2^794044549-1,STRUCTURAL_SCREEN_EXHAUSTED_PRIMALITY_UNASSIGNED,GF3A_DIRECTIONAL_WRITE_EXHAUSTED_PRIMALITY_UNASSIGNED,513,512,512,NO_RECORDED_FACTOR_PRP_OR_LL_RESULT_AND_NO_ACTIVE_GIMPS_ASSIGNMENT,2026-08-09T09:12:31+00:00,UNALLOCATED,,,,,
SLCMP2607-0874,874,874,794044639,2^794044639-1,STRUCTURAL_SCREEN_EXHAUSTED_PRIMALITY_UNASSIGNED,GF3A_DIRECTIONAL_WRITE_EXHAUSTED_PRIMALITY_UNASSIGNED,514,512,512,NO_RECORDED_FACTOR_PRP_OR_LL_RESULT_AND_NO_ACTIVE_GIMPS_ASSIGNMENT,2026-08-09T09:12:31+00:00,UNALLOCATED,,,,,
SLCMP2607-0875,875,875,794044733,2^794044733-1,STRUCTURAL_SCREEN_EXHAUSTED_PRIMALITY_UNASSIGNED,GF3A_DIRECTIONAL_WRITE_EXHAUSTED_PRIMALITY_UNASSIGNED,513,512,512,NO_RECORDED_FACTOR_PRP_OR_LL_RESULT_AND_NO_ACTIVE_GIMPS_ASSIGNMENT,2026-08-09T09:12:31+00:00,UNALLOCATED,,,,,
SLCMP2607-0876,876,876,794044777,2^794044777-1,STRUCTURAL_SCREEN_EXHAUSTED_PRIMALITY_UNASSIGNED,GF3A_DIRECTIONAL_WRITE_EXHAUSTED_PRIMALITY_UNASSIGNED,513,512,512,NO_RECORDED_FACTOR_PRP_OR_LL_RESULT_AND_NO_ACTIVE_GIMPS_ASSIGNMENT,2026-08-09T09:12:31+00:00,UNALLOCATED,,,,,
SLCMP2607-0877,877,877,794044807,2^794044807-1,STRUCTURAL_SCREEN_EXHAUSTED_PRIMALITY_UNASSIGNED,GF3A_DIRECTIONAL_WRITE_EXHAUSTED_PRIMALITY_UNASSIGNED,514,512,512,NO_RECORDED_FACTOR_PRP_OR_LL_RESULT_AND_NO_ACTIVE_GIMPS_ASSIGNMENT,2026-08-09T09:12:31+00:00,UNALLOCATED,,,,,
SLCMP2607-0878,878,878,794044831,2^794044831-1,STRUCTURAL_SCREEN_EXHAUSTED_PRIMALITY_UNASSIGNED,GF3A_DIRECTIONAL_WRITE_EXHAUSTED_PRIMALITY_UNASSIGNED,514,512,512,NO_RECORDED_FACTOR_PRP_OR_LL_RESULT_AND_NO_ACTIVE_GIMPS_ASSIGNMENT,2026-08-09T09:12:31+00:00,UNALLOCATED,,,,,
SLCMP2607-0879,879,879,794044859,2^794044859-1,STRUCTURAL_SCREEN_EXHAUSTED_PRIMALITY_UNASSIGNED,GF3A_DIRECTIONAL_WRITE_EXHAUSTED_PRIMALITY_UNASSIGNED,514,512,512,NO_RECORDED_FACTOR_PRP_OR_LL_RESULT_AND_NO_ACTIVE_GIMPS_ASSIGNMENT,2026-08-09T09:12:31+00:00,UNALLOCATED,,,,,
SLCMP2607-0880,880,880,794044913,2^794044913-1,STRUCTURAL_SCREEN_EXHAUSTED_PRIMALITY_UNASSIGNED,GF3A_DIRECTIONAL_WRITE_EXHAUSTED_PRIMALITY_UNASSIGNED,513,512,512,NO_RECORDED_FACTOR_PRP_OR_LL_RESULT_AND_NO_ACTIVE_GIMPS_ASSIGNMENT,2026-08-09T09:12:31+00:00,UNALLOCATED,,,,,
SLCMP2607-0881,881,881,794044957,2^794044957-1,STRUCTURAL_SCREEN_EXHAUSTED_PRIMALITY_UNASSIGNED,GF3A_DIRECTIONAL_WRITE_EXHAUSTED_PRIMALITY_UNASSIGNED,513,512,512,NO_RECORDED_FACTOR_PRP_OR_LL_RESULT_AND_NO_ACTIVE_GIMPS_ASSIGNMENT,2026-08-09T09:12:31+00:00,UNALLOCATED,,,,,
SLCMP2607-0882,882,882,794044961,2^794044961-1,STRUCTURAL_SCREEN_EXHAUSTED_PRIMALITY_UNASSIGNED,GF3A_DIRECTIONAL_WRITE_EXHAUSTED_PRIMALITY_UNASSIGNED,513,512,512,NO_RECORDED_FACTOR_PRP_OR_LL_RESULT_AND_NO_ACTIVE_GIMPS_ASSIGNMENT,2026-08-09T09:12:31+00:00,UNALLOCATED,,,,,
SLCMP2607-0883,883,883,794044963,2^794044963-1,STRUCTURAL_SCREEN_EXHAUSTED_PRIMALITY_UNASSIGNED,GF3A_DIRECTIONAL_WRITE_EXHAUSTED_PRIMALITY_UNASSIGNED,514,512,512,NO_RECORDED_FACTOR_PRP_OR_LL_RESULT_AND_NO_ACTIVE_GIMPS_ASSIGNMENT,2026-08-09T09:12:31+00:00,UNALLOCATED,,,,,
SLCMP2607-0884,884,884,794045137,2^794045137-1,STRUCTURAL_SCREEN_EXHAUSTED_PRIMALITY_UNASSIGNED,GF3A_DIRECTIONAL_WRITE_EXHAUSTED_PRIMALITY_UNASSIGNED,513,512,512,NO_RECORDED_FACTOR_PRP_OR_LL_RESULT_AND_NO_ACTIVE_GIMPS_ASSIGNMENT,2026-08-09T09:12:31+00:00,UNALLOCATED,,,,,
SLCMP2607-0885,885,885,794045179,2^794045179-1,STRUCTURAL_SCREEN_EXHAUSTED_PRIMALITY_UNASSIGNED,GF3A_DIRECTIONAL_WRITE_EXHAUSTED_PRIMALITY_UNASSIGNED,514,512,512,NO_RECORDED_FACTOR_PRP_OR_LL_RESULT_AND_NO_ACTIVE_GIMPS_ASSIGNMENT,2026-08-09T09:12:31+00:00,UNALLOCATED,,,,,
SLCMP2607-0886,886,886,794045233,2^794045233-1,STRUCTURAL_SCREEN_EXHAUSTED_PRIMALITY_UNASSIGNED,GF3A_DIRECTIONAL_WRITE_EXHAUSTED_PRIMALITY_UNASSIGNED,513,512,512,NO_RECORDED_FACTOR_PRP_OR_LL_RESULT_AND_NO_ACTIVE_GIMPS_ASSIGNMENT,2026-08-09T09:12:31+00:00,UNALLOCATED,,,,,
SLCMP2607-0887,887,887,794045381,2^794045381-1,STRUCTURAL_SCREEN_EXHAUSTED_PRIMALITY_UNASSIGNED,GF3A_DIRECTIONAL_WRITE_EXHAUSTED_PRIMALITY_UNASSIGNED,513,512,512,NO_RECORDED_FACTOR_PRP_OR_LL_RESULT_AND_NO_ACTIVE_GIMPS_ASSIGNMENT,2026-08-09T09:12:31+00:00,UNALLOCATED,,,,,
SLCMP2607-0888,888,888,794045389,2^794045389-1,STRUCTURAL_SCREEN_EXHAUSTED_PRIMALITY_UNASSIGNED,GF3A_DIRECTIONAL_WRITE_EXHAUSTED_PRIMALITY_UNASSIGNED,513,512,512,NO_RECORDED_FACTOR_PRP_OR_LL_RESULT_AND_NO_ACTIVE_GIMPS_ASSIGNMENT,2026-08-09T09:12:31+00:00,UNALLOCATED,,,,,
SLCMP2607-0889,889,889,794045453,2^794045453-1,STRUCTURAL_SCREEN_EXHAUSTED_PRIMALITY_UNASSIGNED,GF3A_DIRECTIONAL_WRITE_EXHAUSTED_PRIMALITY_UNASSIGNED,513,512,512,NO_RECORDED_FACTOR_PRP_OR_LL_RESULT_AND_NO_ACTIVE_GIMPS_ASSIGNMENT,2026-08-09T09:12:31+00:00,UNALLOCATED,,,,,
SLCMP2607-0890,890,890,794045519,2^794045519-1,STRUCTURAL_SCREEN_EXHAUSTED_PRIMALITY_UNASSIGNED,GF3A_DIRECTIONAL_WRITE_EXHAUSTED_PRIMALITY_UNASSIGNED,514,512,512,NO_RECORDED_FACTOR_PRP_OR_LL_RESULT_AND_NO_ACTIVE_GIMPS_ASSIGNMENT,2026-08-09T09:12:31+00:00,UNALLOCATED,,,,,
SLCMP2607-0891,891,891,794045531,2^794045531-1,STRUCTURAL_SCREEN_EXHAUSTED_PRIMALITY_UNASSIGNED,GF3A_DIRECTIONAL_WRITE_EXHAUSTED_PRIMALITY_UNASSIGNED,514,512,512,NO_RECORDED_FACTOR_PRP_OR_LL_RESULT_AND_NO_ACTIVE_GIMPS_ASSIGNMENT,2026-08-09T09:12:31+00:00,UNALLOCATED,,,,,
SLCMP2607-0892,892,892,794045543,2^794045543-1,STRUCTURAL_SCREEN_EXHAUSTED_PRIMALITY_UNASSIGNED,GF3A_DIRECTIONAL_WRITE_EXHAUSTED_PRIMALITY_UNASSIGNED,514,512,512,NO_RECORDED_FACTOR_PRP_OR_LL_RESULT_AND_NO_ACTIVE_GIMPS_ASSIGNMENT,2026-08-09T09:12:31+00:00,UNALLOCATED,,,,,
SLCMP2607-0893,893,893,794045557,2^794045557-1,STRUCTURAL_SCREEN_EXHAUSTED_PRIMALITY_UNASSIGNED,GF3A_DIRECTIONAL_WRITE_EXHAUSTED_PRIMALITY_UNASSIGNED,513,512,512,NO_RECORDED_FACTOR_PRP_OR_LL_RESULT_AND_NO_ACTIVE_GIMPS_ASSIGNMENT,2026-08-09T09:12:31+00:00,UNALLOCATED,,,,,
SLCMP2607-0894,894,894,794045761,2^794045761-1,STRUCTURAL_SCREEN_EXHAUSTED_PRIMALITY_UNASSIGNED,GF3A_DIRECTIONAL_WRITE_EXHAUSTED_PRIMALITY_UNASSIGNED,513,512,512,NO_RECORDED_FACTOR_PRP_OR_LL_RESULT_AND_NO_ACTIVE_GIMPS_ASSIGNMENT,2026-08-09T09:12:31+00:00,UNALLOCATED,,,,,
SLCMP2607-0895,895,895,794045797,2^794045797-1,STRUCTURAL_SCREEN_EXHAUSTED_PRIMALITY_UNASSIGNED,GF3A_DIRECTIONAL_WRITE_EXHAUSTED_PRIMALITY_UNASSIGNED,513,512,512,NO_RECORDED_FACTOR_PRP_OR_LL_RESULT_AND_NO_ACTIVE_GIMPS_ASSIGNMENT,2026-08-09T09:12:31+00:00,UNALLOCATED,,,,,
SLCMP2607-0896,896,896,794045939,2^794045939-1,STRUCTURAL_SCREEN_EXHAUSTED_PRIMALITY_UNASSIGNED,GF3A_DIRECTIONAL_WRITE_EXHAUSTED_PRIMALITY_UNASSIGNED,514,512,512,NO_RECORDED_FACTOR_PRP_OR_LL_RESULT_AND_NO_ACTIVE_GIMPS_ASSIGNMENT,2026-08-09T09:12:31+00:00,UNALLOCATED,,,,,
SLCMP2607-0897,897,897,794045981,2^794045981-1,STRUCTURAL_SCREEN_EXHAUSTED_PRIMALITY_UNASSIGNED,GF3A_DIRECTIONAL_WRITE_EXHAUSTED_PRIMALITY_UNASSIGNED,513,512,512,NO_RECORDED_FACTOR_PRP_OR_LL_RESULT_AND_NO_ACTIVE_GIMPS_ASSIGNMENT,2026-08-09T09:12:31+00:00,UNALLOCATED,,,,,
SLCMP2607-0898,898,898,794046007,2^794046007-1,STRUCTURAL_SCREEN_EXHAUSTED_PRIMALITY_UNASSIGNED,GF3A_DIRECTIONAL_WRITE_EXHAUSTED_PRIMALITY_UNASSIGNED,514,512,512,NO_RECORDED_FACTOR_PRP_OR_LL_RESULT_AND_NO_ACTIVE_GIMPS_ASSIGNMENT,2026-08-09T09:12:31+00:00,UNALLOCATED,,,,,
SLCMP2607-0899,899,899,794046067,2^794046067-1,STRUCTURAL_SCREEN_EXHAUSTED_PRIMALITY_UNASSIGNED,GF3A_DIRECTIONAL_WRITE_EXHAUSTED_PRIMALITY_UNASSIGNED,514,512,512,NO_RECORDED_FACTOR_PRP_OR_LL_RESULT_AND_NO_ACTIVE_GIMPS_ASSIGNMENT,2026-08-09T09:12:31+00:00,UNALLOCATED,,,,,
SLCMP2607-0900,900,900,794046073,2^794046073-1,STRUCTURAL_SCREEN_EXHAUSTED_PRIMALITY_UNASSIGNED,GF3A_DIRECTIONAL_WRITE_EXHAUSTED_PRIMALITY_UNASSIGNED,513,512,512,NO_RECORDED_FACTOR_PRP_OR_LL_RESULT_AND_NO_ACTIVE_GIMPS_ASSIGNMENT,2026-08-09T09:12:31+00:00,UNALLOCATED,,,,,
SLCMP2607-0901,901,901,794046091,2^794046091-1,STRUCTURAL_SCREEN_EXHAUSTED_PRIMALITY_UNASSIGNED,GF3A_DIRECTIONAL_WRITE_EXHAUSTED_PRIMALITY_UNASSIGNED,514,512,512,NO_RECORDED_FACTOR_PRP_OR_LL_RESULT_AND_NO_ACTIVE_GIMPS_ASSIGNMENT,2026-08-09T09:12:31+00:00,UNALLOCATED,,,,,
SLCMP2607-0902,902,902,794046103,2^794046103-1,STRUCTURAL_SCREEN_EXHAUSTED_PRIMALITY_UNASSIGNED,GF3A_DIRECTIONAL_WRITE_EXHAUSTED_PRIMALITY_UNASSIGNED,514,512,512,NO_RECORDED_FACTOR_PRP_OR_LL_RESULT_AND_NO_ACTIVE_GIMPS_ASSIGNMENT,2026-08-09T09:12:31+00:00,UNALLOCATED,,,,,
SLCMP2607-0903,903,903,794046229,2^794046229-1,STRUCTURAL_SCREEN_EXHAUSTED_PRIMALITY_UNASSIGNED,GF3A_DIRECTIONAL_WRITE_EXHAUSTED_PRIMALITY_UNASSIGNED,513,512,512,NO_RECORDED_FACTOR_PRP_OR_LL_RESULT_AND_NO_ACTIVE_GIMPS_ASSIGNMENT,2026-08-09T09:12:31+00:00,UNALLOCATED,,,,,
SLCMP2607-0904,904,904,794046259,2^794046259-1,STRUCTURAL_SCREEN_EXHAUSTED_PRIMALITY_UNASSIGNED,GF3A_DIRECTIONAL_WRITE_EXHAUSTED_PRIMALITY_UNASSIGNED,514,512,512,NO_RECORDED_FACTOR_PRP_OR_LL_RESULT_AND_NO_ACTIVE_GIMPS_ASSIGNMENT,2026-08-09T09:12:31+00:00,UNALLOCATED,,,,,
SLCMP2607-0905,905,905,794046287,2^794046287-1,STRUCTURAL_SCREEN_EXHAUSTED_PRIMALITY_UNASSIGNED,GF3A_DIRECTIONAL_WRITE_EXHAUSTED_PRIMALITY_UNASSIGNED,514,512,512,NO_RECORDED_FACTOR_PRP_OR_LL_RESULT_AND_NO_ACTIVE_GIMPS_ASSIGNMENT,2026-08-09T09:12:31+00:00,UNALLOCATED,,,,,
SLCMP2607-0906,906,906,794046289,2^794046289-1,STRUCTURAL_SCREEN_EXHAUSTED_PRIMALITY_UNASSIGNED,GF3A_DIRECTIONAL_WRITE_EXHAUSTED_PRIMALITY_UNASSIGNED,513,512,512,NO_RECORDED_FACTOR_PRP_OR_LL_RESULT_AND_NO_ACTIVE_GIMPS_ASSIGNMENT,2026-08-09T09:12:31+00:00,UNALLOCATED,,,,,
SLCMP2607-0907,907,907,794046349,2^794046349-1,STRUCTURAL_SCREEN_EXHAUSTED_PRIMALITY_UNASSIGNED,GF3A_DIRECTIONAL_WRITE_EXHAUSTED_PRIMALITY_UNASSIGNED,513,512,512,NO_RECORDED_FACTOR_PRP_OR_LL_RESULT_AND_NO_ACTIVE_GIMPS_ASSIGNMENT,2026-08-09T09:12:31+00:00,UNALLOCATED,,,,,
SLCMP2607-0908,908,908,794046377,2^794046377-1,STRUCTURAL_SCREEN_EXHAUSTED_PRIMALITY_UNASSIGNED,GF3A_DIRECTIONAL_WRITE_EXHAUSTED_PRIMALITY_UNASSIGNED,513,512,512,NO_RECORDED_FACTOR_PRP_OR_LL_RESULT_AND_NO_ACTIVE_GIMPS_ASSIGNMENT,2026-08-09T09:12:31+00:00,UNALLOCATED,,,,,
SLCMP2607-0909,909,909,794046397,2^794046397-1,STRUCTURAL_SCREEN_EXHAUSTED_PRIMALITY_UNASSIGNED,GF3A_DIRECTIONAL_WRITE_EXHAUSTED_PRIMALITY_UNASSIGNED,513,512,512,NO_RECORDED_FACTOR_PRP_OR_LL_RESULT_AND_NO_ACTIVE_GIMPS_ASSIGNMENT,2026-08-09T09:12:31+00:00,UNALLOCATED,,,,,
SLCMP2607-0910,910,910,794046553,2^794046553-1,STRUCTURAL_SCREEN_EXHAUSTED_PRIMALITY_UNASSIGNED,GF3A_DIRECTIONAL_WRITE_EXHAUSTED_PRIMALITY_UNASSIGNED,513,512,512,NO_RECORDED_FACTOR_PRP_OR_LL_RESULT_AND_NO_ACTIVE_GIMPS_ASSIGNMENT,2026-08-09T09:12:31+00:00,UNALLOCATED,,,,,
SLCMP2607-0911,911,911,794046629,2^794046629-1,STRUCTURAL_SCREEN_EXHAUSTED_PRIMALITY_UNASSIGNED,GF3A_DIRECTIONAL_WRITE_EXHAUSTED_PRIMALITY_UNASSIGNED,513,512,512,NO_RECORDED_FACTOR_PRP_OR_LL_RESULT_AND_NO_ACTIVE_GIMPS_ASSIGNMENT,2026-08-09T09:12:31+00:00,UNALLOCATED,,,,,
SLCMP2607-0912,912,912,794046661,2^794046661-1,STRUCTURAL_SCREEN_EXHAUSTED_PRIMALITY_UNASSIGNED,GF3A_DIRECTIONAL_WRITE_EXHAUSTED_PRIMALITY_UNASSIGNED,513,512,512,NO_RECORDED_FACTOR_PRP_OR_LL_RESULT_AND_NO_ACTIVE_GIMPS_ASSIGNMENT,2026-08-09T09:12:31+00:00,UNALLOCATED,,,,,
SLCMP2607-0913,913,913,794046683,2^794046683-1,STRUCTURAL_SCREEN_EXHAUSTED_PRIMALITY_UNASSIGNED,GF3A_DIRECTIONAL_WRITE_EXHAUSTED_PRIMALITY_UNASSIGNED,514,512,512,NO_RECORDED_FACTOR_PRP_OR_LL_RESULT_AND_NO_ACTIVE_GIMPS_ASSIGNMENT,2026-08-09T09:12:31+00:00,UNALLOCATED,,,,,
SLCMP2607-0914,914,914,794046793,2^794046793-1,STRUCTURAL_SCREEN_EXHAUSTED_PRIMALITY_UNASSIGNED,GF3A_DIRECTIONAL_WRITE_EXHAUSTED_PRIMALITY_UNASSIGNED,513,512,512,NO_RECORDED_FACTOR_PRP_OR_LL_RESULT_AND_NO_ACTIVE_GIMPS_ASSIGNMENT,2026-08-09T09:12:31+00:00,UNALLOCATED,,,,,
SLCMP2607-0915,915,915,794046907,2^794046907-1,STRUCTURAL_SCREEN_EXHAUSTED_PRIMALITY_UNASSIGNED,GF3A_DIRECTIONAL_WRITE_EXHAUSTED_PRIMALITY_UNASSIGNED,514,512,512,NO_RECORDED_FACTOR_PRP_OR_LL_RESULT_AND_NO_ACTIVE_GIMPS_ASSIGNMENT,2026-08-09T09:12:31+00:00,UNALLOCATED,,,,,
SLCMP2607-0916,916,916,794047019,2^794047019-1,STRUCTURAL_SCREEN_EXHAUSTED_PRIMALITY_UNASSIGNED,GF3A_DIRECTIONAL_WRITE_EXHAUSTED_PRIMALITY_UNASSIGNED,514,512,512,NO_RECORDED_FACTOR_PRP_OR_LL_RESULT_AND_NO_ACTIVE_GIMPS_ASSIGNMENT,2026-08-09T09:12:31+00:00,UNALLOCATED,,,,,
SLCMP2607-0917,917,917,794047039,2^794047039-1,STRUCTURAL_SCREEN_EXHAUSTED_PRIMALITY_UNASSIGNED,GF3A_DIRECTIONAL_WRITE_EXHAUSTED_PRIMALITY_UNASSIGNED,514,512,512,NO_RECORDED_FACTOR_PRP_OR_LL_RESULT_AND_NO_ACTIVE_GIMPS_ASSIGNMENT,2026-08-09T09:12:31+00:00,UNALLOCATED,,,,,
SLCMP2607-0918,918,918,794047081,2^794047081-1,STRUCTURAL_SCREEN_EXHAUSTED_PRIMALITY_UNASSIGNED,GF3A_DIRECTIONAL_WRITE_EXHAUSTED_PRIMALITY_UNASSIGNED,513,512,512,NO_RECORDED_FACTOR_PRP_OR_LL_RESULT_AND_NO_ACTIVE_GIMPS_ASSIGNMENT,2026-08-09T09:12:31+00:00,UNALLOCATED,,,,,
SLCMP2607-0919,919,919,794047129,2^794047129-1,STRUCTURAL_SCREEN_EXHAUSTED_PRIMALITY_UNASSIGNED,GF3A_DIRECTIONAL_WRITE_EXHAUSTED_PRIMALITY_UNASSIGNED,513,512,512,NO_RECORDED_FACTOR_PRP_OR_LL_RESULT_AND_NO_ACTIVE_GIMPS_ASSIGNMENT,2026-08-09T09:12:31+00:00,UNALLOCATED,,,,,
SLCMP2607-0920,920,920,794047229,2^794047229-1,STRUCTURAL_SCREEN_EXHAUSTED_PRIMALITY_UNASSIGNED,GF3A_DIRECTIONAL_WRITE_EXHAUSTED_PRIMALITY_UNASSIGNED,513,512,512,NO_RECORDED_FACTOR_PRP_OR_LL_RESULT_AND_NO_ACTIVE_GIMPS_ASSIGNMENT,2026-08-09T09:12:31+00:00,UNALLOCATED,,,,,
SLCMP2607-0921,921,921,794047357,2^794047357-1,STRUCTURAL_SCREEN_EXHAUSTED_PRIMALITY_UNASSIGNED,GF3A_DIRECTIONAL_WRITE_EXHAUSTED_PRIMALITY_UNASSIGNED,513,512,512,NO_RECORDED_FACTOR_PRP_OR_LL_RESULT_AND_NO_ACTIVE_GIMPS_ASSIGNMENT,2026-08-09T09:12:31+00:00,UNALLOCATED,,,,,
SLCMP2607-0922,922,922,794047379,2^794047379-1,STRUCTURAL_SCREEN_EXHAUSTED_PRIMALITY_UNASSIGNED,GF3A_DIRECTIONAL_WRITE_EXHAUSTED_PRIMALITY_UNASSIGNED,514,512,512,NO_RECORDED_FACTOR_PRP_OR_LL_RESULT_AND_NO_ACTIVE_GIMPS_ASSIGNMENT,2026-08-09T09:12:31+00:00,UNALLOCATED,,,,,
SLCMP2607-0923,923,923,794047393,2^794047393-1,STRUCTURAL_SCREEN_EXHAUSTED_PRIMALITY_UNASSIGNED,GF3A_DIRECTIONAL_WRITE_EXHAUSTED_PRIMALITY_UNASSIGNED,513,512,512,NO_RECORDED_FACTOR_PRP_OR_LL_RESULT_AND_NO_ACTIVE_GIMPS_ASSIGNMENT,2026-08-09T09:12:31+00:00,UNALLOCATED,,,,,
SLCMP2607-0924,924,924,794047433,2^794047433-1,STRUCTURAL_SCREEN_EXHAUSTED_PRIMALITY_UNASSIGNED,GF3A_DIRECTIONAL_WRITE_EXHAUSTED_PRIMALITY_UNASSIGNED,513,512,512,NO_RECORDED_FACTOR_PRP_OR_LL_RESULT_AND_NO_ACTIVE_GIMPS_ASSIGNMENT,2026-08-09T09:12:31+00:00,UNALLOCATED,,,,,
SLCMP2607-0925,925,925,794047459,2^794047459-1,STRUCTURAL_SCREEN_EXHAUSTED_PRIMALITY_UNASSIGNED,GF3A_DIRECTIONAL_WRITE_EXHAUSTED_PRIMALITY_UNASSIGNED,514,512,512,NO_RECORDED_FACTOR_PRP_OR_LL_RESULT_AND_NO_ACTIVE_GIMPS_ASSIGNMENT,2026-08-09T09:12:31+00:00,UNALLOCATED,,,,,
SLCMP2607-0926,926,926,794047481,2^794047481-1,STRUCTURAL_SCREEN_EXHAUSTED_PRIMALITY_UNASSIGNED,GF3A_DIRECTIONAL_WRITE_EXHAUSTED_PRIMALITY_UNASSIGNED,513,512,512,NO_RECORDED_FACTOR_PRP_OR_LL_RESULT_AND_NO_ACTIVE_GIMPS_ASSIGNMENT,2026-08-09T09:12:31+00:00,UNALLOCATED,,,,,
SLCMP2607-0927,927,927,794047493,2^794047493-1,STRUCTURAL_SCREEN_EXHAUSTED_PRIMALITY_UNASSIGNED,GF3A_DIRECTIONAL_WRITE_EXHAUSTED_PRIMALITY_UNASSIGNED,513,512,512,NO_RECORDED_FACTOR_PRP_OR_LL_RESULT_AND_NO_ACTIVE_GIMPS_ASSIGNMENT,2026-08-09T09:12:31+00:00,UNALLOCATED,,,,,
SLCMP2607-0928,928,928,794047559,2^794047559-1,STRUCTURAL_SCREEN_EXHAUSTED_PRIMALITY_UNASSIGNED,GF3A_DIRECTIONAL_WRITE_EXHAUSTED_PRIMALITY_UNASSIGNED,514,512,512,NO_RECORDED_FACTOR_PRP_OR_LL_RESULT_AND_NO_ACTIVE_GIMPS_ASSIGNMENT,2026-08-09T09:12:31+00:00,UNALLOCATED,,,,,
SLCMP2607-0929,929,929,794047613,2^794047613-1,STRUCTURAL_SCREEN_EXHAUSTED_PRIMALITY_UNASSIGNED,GF3A_DIRECTIONAL_WRITE_EXHAUSTED_PRIMALITY_UNASSIGNED,513,512,512,NO_RECORDED_FACTOR_PRP_OR_LL_RESULT_AND_NO_ACTIVE_GIMPS_ASSIGNMENT,2026-08-09T09:12:31+00:00,UNALLOCATED,,,,,
SLCMP2607-0930,930,930,794047663,2^794047663-1,STRUCTURAL_SCREEN_EXHAUSTED_PRIMALITY_UNASSIGNED,GF3A_DIRECTIONAL_WRITE_EXHAUSTED_PRIMALITY_UNASSIGNED,514,512,512,NO_RECORDED_FACTOR_PRP_OR_LL_RESULT_AND_NO_ACTIVE_GIMPS_ASSIGNMENT,2026-08-09T09:12:31+00:00,UNALLOCATED,,,,,
SLCMP2607-0931,931,931,794047687,2^794047687-1,STRUCTURAL_SCREEN_EXHAUSTED_PRIMALITY_UNASSIGNED,GF3A_DIRECTIONAL_WRITE_EXHAUSTED_PRIMALITY_UNASSIGNED,514,512,512,NO_RECORDED_FACTOR_PRP_OR_LL_RESULT_AND_NO_ACTIVE_GIMPS_ASSIGNMENT,2026-08-09T09:12:31+00:00,UNALLOCATED,,,,,
SLCMP2607-0932,932,932,794047721,2^794047721-1,STRUCTURAL_SCREEN_EXHAUSTED_PRIMALITY_UNASSIGNED,GF3A_DIRECTIONAL_WRITE_EXHAUSTED_PRIMALITY_UNASSIGNED,513,512,512,NO_RECORDED_FACTOR_PRP_OR_LL_RESULT_AND_NO_ACTIVE_GIMPS_ASSIGNMENT,2026-08-09T09:12:31+00:00,UNALLOCATED,,,,,
SLCMP2607-0933,933,933,794047739,2^794047739-1,STRUCTURAL_SCREEN_EXHAUSTED_PRIMALITY_UNASSIGNED,GF3A_DIRECTIONAL_WRITE_EXHAUSTED_PRIMALITY_UNASSIGNED,514,512,512,NO_RECORDED_FACTOR_PRP_OR_LL_RESULT_AND_NO_ACTIVE_GIMPS_ASSIGNMENT,2026-08-09T09:12:31+00:00,UNALLOCATED,,,,,
SLCMP2607-0934,934,934,794047801,2^794047801-1,STRUCTURAL_SCREEN_EXHAUSTED_PRIMALITY_UNASSIGNED,GF3A_DIRECTIONAL_WRITE_EXHAUSTED_PRIMALITY_UNASSIGNED,513,512,512,NO_RECORDED_FACTOR_PRP_OR_LL_RESULT_AND_NO_ACTIVE_GIMPS_ASSIGNMENT,2026-08-09T09:12:31+00:00,UNALLOCATED,,,,,
SLCMP2607-0935,935,935,794047831,2^794047831-1,STRUCTURAL_SCREEN_EXHAUSTED_PRIMALITY_UNASSIGNED,GF3A_DIRECTIONAL_WRITE_EXHAUSTED_PRIMALITY_UNASSIGNED,514,512,512,NO_RECORDED_FACTOR_PRP_OR_LL_RESULT_AND_NO_ACTIVE_GIMPS_ASSIGNMENT,2026-08-09T09:12:31+00:00,UNALLOCATED,,,,,
SLCMP2607-0936,936,936,794047841,2^794047841-1,STRUCTURAL_SCREEN_EXHAUSTED_PRIMALITY_UNASSIGNED,GF3A_DIRECTIONAL_WRITE_EXHAUSTED_PRIMALITY_UNASSIGNED,513,512,512,NO_RECORDED_FACTOR_PRP_OR_LL_RESULT_AND_NO_ACTIVE_GIMPS_ASSIGNMENT,2026-08-09T09:12:31+00:00,UNALLOCATED,,,,,
SLCMP2607-0937,937,937,794047853,2^794047853-1,STRUCTURAL_SCREEN_EXHAUSTED_PRIMALITY_UNASSIGNED,GF3A_DIRECTIONAL_WRITE_EXHAUSTED_PRIMALITY_UNASSIGNED,513,512,512,NO_RECORDED_FACTOR_PRP_OR_LL_RESULT_AND_NO_ACTIVE_GIMPS_ASSIGNMENT,2026-08-09T09:12:31+00:00,UNALLOCATED,,,,,
SLCMP2607-0938,938,938,794047871,2^794047871-1,STRUCTURAL_SCREEN_EXHAUSTED_PRIMALITY_UNASSIGNED,GF3A_DIRECTIONAL_WRITE_EXHAUSTED_PRIMALITY_UNASSIGNED,514,512,512,NO_RECORDED_FACTOR_PRP_OR_LL_RESULT_AND_NO_ACTIVE_GIMPS_ASSIGNMENT,2026-08-09T09:12:31+00:00,UNALLOCATED,,,,,
SLCMP2607-0939,939,939,794047907,2^794047907-1,STRUCTURAL_SCREEN_EXHAUSTED_PRIMALITY_UNASSIGNED,GF3A_DIRECTIONAL_WRITE_EXHAUSTED_PRIMALITY_UNASSIGNED,514,512,512,NO_RECORDED_FACTOR_PRP_OR_LL_RESULT_AND_NO_ACTIVE_GIMPS_ASSIGNMENT,2026-08-09T09:12:31+00:00,UNALLOCATED,,,,,
SLCMP2607-0940,940,940,794047913,2^794047913-1,STRUCTURAL_SCREEN_EXHAUSTED_PRIMALITY_UNASSIGNED,GF3A_DIRECTIONAL_WRITE_EXHAUSTED_PRIMALITY_UNASSIGNED,513,512,512,NO_RECORDED_FACTOR_PRP_OR_LL_RESULT_AND_NO_ACTIVE_GIMPS_ASSIGNMENT,2026-08-09T09:12:31+00:00,UNALLOCATED,,,,,
SLCMP2607-0941,941,941,794048153,2^794048153-1,STRUCTURAL_SCREEN_EXHAUSTED_PRIMALITY_UNASSIGNED,GF3A_DIRECTIONAL_WRITE_EXHAUSTED_PRIMALITY_UNASSIGNED,513,512,512,NO_RECORDED_FACTOR_PRP_OR_LL_RESULT_AND_NO_ACTIVE_GIMPS_ASSIGNMENT,2026-08-09T09:12:31+00:00,UNALLOCATED,,,,,
SLCMP2607-0942,942,942,794048161,2^794048161-1,STRUCTURAL_SCREEN_EXHAUSTED_PRIMALITY_UNASSIGNED,GF3A_DIRECTIONAL_WRITE_EXHAUSTED_PRIMALITY_UNASSIGNED,513,512,512,NO_RECORDED_FACTOR_PRP_OR_LL_RESULT_AND_NO_ACTIVE_GIMPS_ASSIGNMENT,2026-08-09T09:12:31+00:00,UNALLOCATED,,,,,
SLCMP2607-0943,943,943,794048183,2^794048183-1,STRUCTURAL_SCREEN_EXHAUSTED_PRIMALITY_UNASSIGNED,GF3A_DIRECTIONAL_WRITE_EXHAUSTED_PRIMALITY_UNASSIGNED,514,512,512,NO_RECORDED_FACTOR_PRP_OR_LL_RESULT_AND_NO_ACTIVE_GIMPS_ASSIGNMENT,2026-08-09T09:12:31+00:00,UNALLOCATED,,,,,
SLCMP2607-0944,944,944,794048207,2^794048207-1,STRUCTURAL_SCREEN_EXHAUSTED_PRIMALITY_UNASSIGNED,GF3A_DIRECTIONAL_WRITE_EXHAUSTED_PRIMALITY_UNASSIGNED,514,512,512,NO_RECORDED_FACTOR_PRP_OR_LL_RESULT_AND_NO_ACTIVE_GIMPS_ASSIGNMENT,2026-08-09T09:12:31+00:00,UNALLOCATED,,,,,
SLCMP2607-0945,945,945,794048273,2^794048273-1,STRUCTURAL_SCREEN_EXHAUSTED_PRIMALITY_UNASSIGNED,GF3A_DIRECTIONAL_WRITE_EXHAUSTED_PRIMALITY_UNASSIGNED,513,512,512,NO_RECORDED_FACTOR_PRP_OR_LL_RESULT_AND_NO_ACTIVE_GIMPS_ASSIGNMENT,2026-08-09T09:12:31+00:00,UNALLOCATED,,,,,
SLCMP2607-0946,946,946,794048327,2^794048327-1,STRUCTURAL_SCREEN_EXHAUSTED_PRIMALITY_UNASSIGNED,GF3A_DIRECTIONAL_WRITE_EXHAUSTED_PRIMALITY_UNASSIGNED,514,512,512,NO_RECORDED_FACTOR_PRP_OR_LL_RESULT_AND_NO_ACTIVE_GIMPS_ASSIGNMENT,2026-08-09T09:12:31+00:00,UNALLOCATED,,,,,
SLCMP2607-0947,947,947,794048341,2^794048341-1,STRUCTURAL_SCREEN_EXHAUSTED_PRIMALITY_UNASSIGNED,GF3A_DIRECTIONAL_WRITE_EXHAUSTED_PRIMALITY_UNASSIGNED,513,512,512,NO_RECORDED_FACTOR_PRP_OR_LL_RESULT_AND_NO_ACTIVE_GIMPS_ASSIGNMENT,2026-08-09T09:12:31+00:00,UNALLOCATED,,,,,
SLCMP2607-0948,948,948,794048443,2^794048443-1,STRUCTURAL_SCREEN_EXHAUSTED_PRIMALITY_UNASSIGNED,GF3A_DIRECTIONAL_WRITE_EXHAUSTED_PRIMALITY_UNASSIGNED,514,512,512,NO_RECORDED_FACTOR_PRP_OR_LL_RESULT_AND_NO_ACTIVE_GIMPS_ASSIGNMENT,2026-08-09T09:12:31+00:00,UNALLOCATED,,,,,
SLCMP2607-0949,949,949,794048483,2^794048483-1,STRUCTURAL_SCREEN_EXHAUSTED_PRIMALITY_UNASSIGNED,GF3A_DIRECTIONAL_WRITE_EXHAUSTED_PRIMALITY_UNASSIGNED,514,512,512,NO_RECORDED_FACTOR_PRP_OR_LL_RESULT_AND_NO_ACTIVE_GIMPS_ASSIGNMENT,2026-08-09T09:12:31+00:00,UNALLOCATED,,,,,
SLCMP2607-0950,950,950,794048533,2^794048533-1,STRUCTURAL_SCREEN_EXHAUSTED_PRIMALITY_UNASSIGNED,GF3A_DIRECTIONAL_WRITE_EXHAUSTED_PRIMALITY_UNASSIGNED,513,512,512,NO_RECORDED_FACTOR_PRP_OR_LL_RESULT_AND_NO_ACTIVE_GIMPS_ASSIGNMENT,2026-08-09T09:12:31+00:00,UNALLOCATED,,,,,
SLCMP2607-0951,951,951,794048537,2^794048537-1,STRUCTURAL_SCREEN_EXHAUSTED_PRIMALITY_UNASSIGNED,GF3A_DIRECTIONAL_WRITE_EXHAUSTED_PRIMALITY_UNASSIGNED,513,512,512,NO_RECORDED_FACTOR_PRP_OR_LL_RESULT_AND_NO_ACTIVE_GIMPS_ASSIGNMENT,2026-08-09T09:12:31+00:00,UNALLOCATED,,,,,
SLCMP2607-0952,952,952,794048669,2^794048669-1,STRUCTURAL_SCREEN_EXHAUSTED_PRIMALITY_UNASSIGNED,GF3A_DIRECTIONAL_WRITE_EXHAUSTED_PRIMALITY_UNASSIGNED,513,512,512,NO_RECORDED_FACTOR_PRP_OR_LL_RESULT_AND_NO_ACTIVE_GIMPS_ASSIGNMENT,2026-08-09T09:12:31+00:00,UNALLOCATED,,,,,
SLCMP2607-0953,953,953,794048747,2^794048747-1,STRUCTURAL_SCREEN_EXHAUSTED_PRIMALITY_UNASSIGNED,GF3A_DIRECTIONAL_WRITE_EXHAUSTED_PRIMALITY_UNASSIGNED,514,512,512,NO_RECORDED_FACTOR_PRP_OR_LL_RESULT_AND_NO_ACTIVE_GIMPS_ASSIGNMENT,2026-08-09T09:12:31+00:00,UNALLOCATED,,,,,
SLCMP2607-0954,954,954,794048821,2^794048821-1,STRUCTURAL_SCREEN_EXHAUSTED_PRIMALITY_UNASSIGNED,GF3A_DIRECTIONAL_WRITE_EXHAUSTED_PRIMALITY_UNASSIGNED,513,512,512,NO_RECORDED_FACTOR_PRP_OR_LL_RESULT_AND_NO_ACTIVE_GIMPS_ASSIGNMENT,2026-08-09T09:12:31+00:00,UNALLOCATED,,,,,
SLCMP2607-0955,955,955,794048837,2^794048837-1,STRUCTURAL_SCREEN_EXHAUSTED_PRIMALITY_UNASSIGNED,GF3A_DIRECTIONAL_WRITE_EXHAUSTED_PRIMALITY_UNASSIGNED,513,512,512,NO_RECORDED_FACTOR_PRP_OR_LL_RESULT_AND_NO_ACTIVE_GIMPS_ASSIGNMENT,2026-08-09T09:12:31+00:00,UNALLOCATED,,,,,
SLCMP2607-0956,956,956,794048923,2^794048923-1,STRUCTURAL_SCREEN_EXHAUSTED_PRIMALITY_UNASSIGNED,GF3A_DIRECTIONAL_WRITE_EXHAUSTED_PRIMALITY_UNASSIGNED,514,512,512,NO_RECORDED_FACTOR_PRP_OR_LL_RESULT_AND_NO_ACTIVE_GIMPS_ASSIGNMENT,2026-08-09T09:12:31+00:00,UNALLOCATED,,,,,
SLCMP2607-0957,957,957,794048929,2^794048929-1,STRUCTURAL_SCREEN_EXHAUSTED_PRIMALITY_UNASSIGNED,GF3A_DIRECTIONAL_WRITE_EXHAUSTED_PRIMALITY_UNASSIGNED,513,512,512,NO_RECORDED_FACTOR_PRP_OR_LL_RESULT_AND_NO_ACTIVE_GIMPS_ASSIGNMENT,2026-08-09T09:12:31+00:00,UNALLOCATED,,,,,
SLCMP2607-0958,958,958,794049049,2^794049049-1,STRUCTURAL_SCREEN_EXHAUSTED_PRIMALITY_UNASSIGNED,GF3A_DIRECTIONAL_WRITE_EXHAUSTED_PRIMALITY_UNASSIGNED,513,512,512,NO_RECORDED_FACTOR_PRP_OR_LL_RESULT_AND_NO_ACTIVE_GIMPS_ASSIGNMENT,2026-08-09T09:12:31+00:00,UNALLOCATED,,,,,
SLCMP2607-0959,959,959,794049071,2^794049071-1,STRUCTURAL_SCREEN_EXHAUSTED_PRIMALITY_UNASSIGNED,GF3A_DIRECTIONAL_WRITE_EXHAUSTED_PRIMALITY_UNASSIGNED,514,512,512,NO_RECORDED_FACTOR_PRP_OR_LL_RESULT_AND_NO_ACTIVE_GIMPS_ASSIGNMENT,2026-08-09T09:12:31+00:00,UNALLOCATED,,,,,
SLCMP2607-0960,960,960,794049331,2^794049331-1,STRUCTURAL_SCREEN_EXHAUSTED_PRIMALITY_UNASSIGNED,GF3A_DIRECTIONAL_WRITE_EXHAUSTED_PRIMALITY_UNASSIGNED,514,512,512,NO_RECORDED_FACTOR_PRP_OR_LL_RESULT_AND_NO_ACTIVE_GIMPS_ASSIGNMENT,2026-08-09T09:12:31+00:00,UNALLOCATED,,,,,
SLCMP2607-0961,961,961,794049449,2^794049449-1,STRUCTURAL_SCREEN_EXHAUSTED_PRIMALITY_UNASSIGNED,GF3A_DIRECTIONAL_WRITE_EXHAUSTED_PRIMALITY_UNASSIGNED,513,512,512,NO_RECORDED_FACTOR_PRP_OR_LL_RESULT_AND_NO_ACTIVE_GIMPS_ASSIGNMENT,2026-08-09T09:12:31+00:00,UNALLOCATED,,,,,
SLCMP2607-0962,962,962,794049491,2^794049491-1,STRUCTURAL_SCREEN_EXHAUSTED_PRIMALITY_UNASSIGNED,GF3A_DIRECTIONAL_WRITE_EXHAUSTED_PRIMALITY_UNASSIGNED,514,512,512,NO_RECORDED_FACTOR_PRP_OR_LL_RESULT_AND_NO_ACTIVE_GIMPS_ASSIGNMENT,2026-08-09T09:12:31+00:00,UNALLOCATED,,,,,
SLCMP2607-0963,963,963,794049499,2^794049499-1,STRUCTURAL_SCREEN_EXHAUSTED_PRIMALITY_UNASSIGNED,GF3A_DIRECTIONAL_WRITE_EXHAUSTED_PRIMALITY_UNASSIGNED,514,512,512,NO_RECORDED_FACTOR_PRP_OR_LL_RESULT_AND_NO_ACTIVE_GIMPS_ASSIGNMENT,2026-08-09T09:12:31+00:00,UNALLOCATED,,,,,
SLCMP2607-0964,964,964,794049523,2^794049523-1,STRUCTURAL_SCREEN_EXHAUSTED_PRIMALITY_UNASSIGNED,GF3A_DIRECTIONAL_WRITE_EXHAUSTED_PRIMALITY_UNASSIGNED,514,512,512,NO_RECORDED_FACTOR_PRP_OR_LL_RESULT_AND_NO_ACTIVE_GIMPS_ASSIGNMENT,2026-08-09T09:12:31+00:00,UNALLOCATED,,,,,
SLCMP2607-0965,965,965,794049547,2^794049547-1,STRUCTURAL_SCREEN_EXHAUSTED_PRIMALITY_UNASSIGNED,GF3A_DIRECTIONAL_WRITE_EXHAUSTED_PRIMALITY_UNASSIGNED,514,512,512,NO_RECORDED_FACTOR_PRP_OR_LL_RESULT_AND_NO_ACTIVE_GIMPS_ASSIGNMENT,2026-08-09T09:12:31+00:00,UNALLOCATED,,,,,
SLCMP2607-0966,966,966,794049569,2^794049569-1,STRUCTURAL_SCREEN_EXHAUSTED_PRIMALITY_UNASSIGNED,GF3A_DIRECTIONAL_WRITE_EXHAUSTED_PRIMALITY_UNASSIGNED,513,512,512,NO_RECORDED_FACTOR_PRP_OR_LL_RESULT_AND_NO_ACTIVE_GIMPS_ASSIGNMENT,2026-08-09T09:12:31+00:00,UNALLOCATED,,,,,
SLCMP2607-0967,967,967,794049709,2^794049709-1,STRUCTURAL_SCREEN_EXHAUSTED_PRIMALITY_UNASSIGNED,GF3A_DIRECTIONAL_WRITE_EXHAUSTED_PRIMALITY_UNASSIGNED,513,512,512,NO_RECORDED_FACTOR_PRP_OR_LL_RESULT_AND_NO_ACTIVE_GIMPS_ASSIGNMENT,2026-08-09T09:12:31+00:00,UNALLOCATED,,,,,
SLCMP2607-0968,968,968,794049761,2^794049761-1,STRUCTURAL_SCREEN_EXHAUSTED_PRIMALITY_UNASSIGNED,GF3A_DIRECTIONAL_WRITE_EXHAUSTED_PRIMALITY_UNASSIGNED,513,512,512,NO_RECORDED_FACTOR_PRP_OR_LL_RESULT_AND_NO_ACTIVE_GIMPS_ASSIGNMENT,2026-08-09T09:12:31+00:00,UNALLOCATED,,,,,
SLCMP2607-0969,969,969,794049791,2^794049791-1,STRUCTURAL_SCREEN_EXHAUSTED_PRIMALITY_UNASSIGNED,GF3A_DIRECTIONAL_WRITE_EXHAUSTED_PRIMALITY_UNASSIGNED,514,512,512,NO_RECORDED_FACTOR_PRP_OR_LL_RESULT_AND_NO_ACTIVE_GIMPS_ASSIGNMENT,2026-08-09T09:12:31+00:00,UNALLOCATED,,,,,
SLCMP2607-0970,970,970,794049811,2^794049811-1,STRUCTURAL_SCREEN_EXHAUSTED_PRIMALITY_UNASSIGNED,GF3A_DIRECTIONAL_WRITE_EXHAUSTED_PRIMALITY_UNASSIGNED,514,512,512,NO_RECORDED_FACTOR_PRP_OR_LL_RESULT_AND_NO_ACTIVE_GIMPS_ASSIGNMENT,2026-08-09T09:12:31+00:00,UNALLOCATED,,,,,
SLCMP2607-0971,971,971,794049877,2^794049877-1,STRUCTURAL_SCREEN_EXHAUSTED_PRIMALITY_UNASSIGNED,GF3A_DIRECTIONAL_WRITE_EXHAUSTED_PRIMALITY_UNASSIGNED,513,512,512,NO_RECORDED_FACTOR_PRP_OR_LL_RESULT_AND_NO_ACTIVE_GIMPS_ASSIGNMENT,2026-08-09T09:12:31+00:00,UNALLOCATED,,,,,
SLCMP2607-0972,972,972,794049941,2^794049941-1,STRUCTURAL_SCREEN_EXHAUSTED_PRIMALITY_UNASSIGNED,GF3A_DIRECTIONAL_WRITE_EXHAUSTED_PRIMALITY_UNASSIGNED,513,512,512,NO_RECORDED_FACTOR_PRP_OR_LL_RESULT_AND_NO_ACTIVE_GIMPS_ASSIGNMENT,2026-08-09T09:12:31+00:00,UNALLOCATED,,,,,
SLCMP2607-0973,973,973,794050021,2^794050021-1,STRUCTURAL_SCREEN_EXHAUSTED_PRIMALITY_UNASSIGNED,GF3A_DIRECTIONAL_WRITE_EXHAUSTED_PRIMALITY_UNASSIGNED,513,512,512,NO_RECORDED_FACTOR_PRP_OR_LL_RESULT_AND_NO_ACTIVE_GIMPS_ASSIGNMENT,2026-08-09T09:12:31+00:00,UNALLOCATED,,,,,
SLCMP2607-0974,974,974,794050087,2^794050087-1,STRUCTURAL_SCREEN_EXHAUSTED_PRIMALITY_UNASSIGNED,GF3A_DIRECTIONAL_WRITE_EXHAUSTED_PRIMALITY_UNASSIGNED,514,512,512,NO_RECORDED_FACTOR_PRP_OR_LL_RESULT_AND_NO_ACTIVE_GIMPS_ASSIGNMENT,2026-08-09T09:12:31+00:00,UNALLOCATED,,,,,
SLCMP2607-0975,975,975,794050111,2^794050111-1,STRUCTURAL_SCREEN_EXHAUSTED_PRIMALITY_UNASSIGNED,GF3A_DIRECTIONAL_WRITE_EXHAUSTED_PRIMALITY_UNASSIGNED,514,512,512,NO_RECORDED_FACTOR_PRP_OR_LL_RESULT_AND_NO_ACTIVE_GIMPS_ASSIGNMENT,2026-08-09T09:12:31+00:00,UNALLOCATED,,,,,
SLCMP2607-0976,976,976,794050121,2^794050121-1,STRUCTURAL_SCREEN_EXHAUSTED_PRIMALITY_UNASSIGNED,GF3A_DIRECTIONAL_WRITE_EXHAUSTED_PRIMALITY_UNASSIGNED,513,512,512,NO_RECORDED_FACTOR_PRP_OR_LL_RESULT_AND_NO_ACTIVE_GIMPS_ASSIGNMENT,2026-08-09T09:12:31+00:00,UNALLOCATED,,,,,
SLCMP2607-0977,977,977,794050129,2^794050129-1,STRUCTURAL_SCREEN_EXHAUSTED_PRIMALITY_UNASSIGNED,GF3A_DIRECTIONAL_WRITE_EXHAUSTED_PRIMALITY_UNASSIGNED,513,512,512,NO_RECORDED_FACTOR_PRP_OR_LL_RESULT_AND_NO_ACTIVE_GIMPS_ASSIGNMENT,2026-08-09T09:12:31+00:00,UNALLOCATED,,,,,
SLCMP2607-0978,978,978,794050171,2^794050171-1,STRUCTURAL_SCREEN_EXHAUSTED_PRIMALITY_UNASSIGNED,GF3A_DIRECTIONAL_WRITE_EXHAUSTED_PRIMALITY_UNASSIGNED,514,512,512,NO_RECORDED_FACTOR_PRP_OR_LL_RESULT_AND_NO_ACTIVE_GIMPS_ASSIGNMENT,2026-08-09T09:12:31+00:00,UNALLOCATED,,,,,
SLCMP2607-0979,979,979,794050351,2^794050351-1,STRUCTURAL_SCREEN_EXHAUSTED_PRIMALITY_UNASSIGNED,GF3A_DIRECTIONAL_WRITE_EXHAUSTED_PRIMALITY_UNASSIGNED,514,512,512,NO_RECORDED_FACTOR_PRP_OR_LL_RESULT_AND_NO_ACTIVE_GIMPS_ASSIGNMENT,2026-08-09T09:12:31+00:00,UNALLOCATED,,,,,
SLCMP2607-0980,980,980,794050357,2^794050357-1,STRUCTURAL_SCREEN_EXHAUSTED_PRIMALITY_UNASSIGNED,GF3A_DIRECTIONAL_WRITE_EXHAUSTED_PRIMALITY_UNASSIGNED,513,512,512,NO_RECORDED_FACTOR_PRP_OR_LL_RESULT_AND_NO_ACTIVE_GIMPS_ASSIGNMENT,2026-08-09T09:12:31+00:00,UNALLOCATED,,,,,
SLCMP2607-0981,981,981,794050373,2^794050373-1,STRUCTURAL_SCREEN_EXHAUSTED_PRIMALITY_UNASSIGNED,GF3A_DIRECTIONAL_WRITE_EXHAUSTED_PRIMALITY_UNASSIGNED,513,512,512,NO_RECORDED_FACTOR_PRP_OR_LL_RESULT_AND_NO_ACTIVE_GIMPS_ASSIGNMENT,2026-08-09T09:12:31+00:00,UNALLOCATED,,,,,
SLCMP2607-0982,982,982,794050391,2^794050391-1,STRUCTURAL_SCREEN_EXHAUSTED_PRIMALITY_UNASSIGNED,GF3A_DIRECTIONAL_WRITE_EXHAUSTED_PRIMALITY_UNASSIGNED,514,512,512,NO_RECORDED_FACTOR_PRP_OR_LL_RESULT_AND_NO_ACTIVE_GIMPS_ASSIGNMENT,2026-08-09T09:12:31+00:00,UNALLOCATED,,,,,
SLCMP2607-0983,983,983,794050417,2^794050417-1,STRUCTURAL_SCREEN_EXHAUSTED_PRIMALITY_UNASSIGNED,GF3A_DIRECTIONAL_WRITE_EXHAUSTED_PRIMALITY_UNASSIGNED,513,512,512,NO_RECORDED_FACTOR_PRP_OR_LL_RESULT_AND_NO_ACTIVE_GIMPS_ASSIGNMENT,2026-08-09T09:12:31+00:00,UNALLOCATED,,,,,
SLCMP2607-0984,984,984,794050511,2^794050511-1,STRUCTURAL_SCREEN_EXHAUSTED_PRIMALITY_UNASSIGNED,GF3A_DIRECTIONAL_WRITE_EXHAUSTED_PRIMALITY_UNASSIGNED,514,512,512,NO_RECORDED_FACTOR_PRP_OR_LL_RESULT_AND_NO_ACTIVE_GIMPS_ASSIGNMENT,2026-08-09T09:12:31+00:00,UNALLOCATED,,,,,
SLCMP2607-0985,985,985,794050519,2^794050519-1,STRUCTURAL_SCREEN_EXHAUSTED_PRIMALITY_UNASSIGNED,GF3A_DIRECTIONAL_WRITE_EXHAUSTED_PRIMALITY_UNASSIGNED,514,512,512,NO_RECORDED_FACTOR_PRP_OR_LL_RESULT_AND_NO_ACTIVE_GIMPS_ASSIGNMENT,2026-08-09T09:12:31+00:00,UNALLOCATED,,,,,
SLCMP2607-0986,986,986,794050547,2^794050547-1,STRUCTURAL_SCREEN_EXHAUSTED_PRIMALITY_UNASSIGNED,GF3A_DIRECTIONAL_WRITE_EXHAUSTED_PRIMALITY_UNASSIGNED,514,512,512,NO_RECORDED_FACTOR_PRP_OR_LL_RESULT_AND_NO_ACTIVE_GIMPS_ASSIGNMENT,2026-08-09T09:12:31+00:00,UNALLOCATED,,,,,
SLCMP2607-0987,987,987,794050549,2^794050549-1,STRUCTURAL_SCREEN_EXHAUSTED_PRIMALITY_UNASSIGNED,GF3A_DIRECTIONAL_WRITE_EXHAUSTED_PRIMALITY_UNASSIGNED,513,512,512,NO_RECORDED_FACTOR_PRP_OR_LL_RESULT_AND_NO_ACTIVE_GIMPS_ASSIGNMENT,2026-08-09T09:12:31+00:00,UNALLOCATED,,,,,
SLCMP2607-0988,988,988,794050553,2^794050553-1,STRUCTURAL_SCREEN_EXHAUSTED_PRIMALITY_UNASSIGNED,GF3A_DIRECTIONAL_WRITE_EXHAUSTED_PRIMALITY_UNASSIGNED,513,512,512,NO_RECORDED_FACTOR_PRP_OR_LL_RESULT_AND_NO_ACTIVE_GIMPS_ASSIGNMENT,2026-08-09T09:12:31+00:00,UNALLOCATED,,,,,
SLCMP2607-0989,989,989,794050559,2^794050559-1,STRUCTURAL_SCREEN_EXHAUSTED_PRIMALITY_UNASSIGNED,GF3A_DIRECTIONAL_WRITE_EXHAUSTED_PRIMALITY_UNASSIGNED,514,512,512,NO_RECORDED_FACTOR_PRP_OR_LL_RESULT_AND_NO_ACTIVE_GIMPS_ASSIGNMENT,2026-08-09T09:12:31+00:00,UNALLOCATED,,,,,
SLCMP2607-0990,990,990,794050577,2^794050577-1,STRUCTURAL_SCREEN_EXHAUSTED_PRIMALITY_UNASSIGNED,GF3A_DIRECTIONAL_WRITE_EXHAUSTED_PRIMALITY_UNASSIGNED,513,512,512,NO_RECORDED_FACTOR_PRP_OR_LL_RESULT_AND_NO_ACTIVE_GIMPS_ASSIGNMENT,2026-08-09T09:12:31+00:00,UNALLOCATED,,,,,
SLCMP2607-0991,991,991,794050681,2^794050681-1,STRUCTURAL_SCREEN_EXHAUSTED_PRIMALITY_UNASSIGNED,GF3A_DIRECTIONAL_WRITE_EXHAUSTED_PRIMALITY_UNASSIGNED,513,512,512,NO_RECORDED_FACTOR_PRP_OR_LL_RESULT_AND_NO_ACTIVE_GIMPS_ASSIGNMENT,2026-08-09T09:12:31+00:00,UNALLOCATED,,,,,
SLCMP2607-0992,992,992,794050687,2^794050687-1,STRUCTURAL_SCREEN_EXHAUSTED_PRIMALITY_UNASSIGNED,GF3A_DIRECTIONAL_WRITE_EXHAUSTED_PRIMALITY_UNASSIGNED,514,512,512,NO_RECORDED_FACTOR_PRP_OR_LL_RESULT_AND_NO_ACTIVE_GIMPS_ASSIGNMENT,2026-08-09T09:12:31+00:00,UNALLOCATED,,,,,
SLCMP2607-0993,993,993,794050703,2^794050703-1,STRUCTURAL_SCREEN_EXHAUSTED_PRIMALITY_UNASSIGNED,GF3A_DIRECTIONAL_WRITE_EXHAUSTED_PRIMALITY_UNASSIGNED,514,512,512,NO_RECORDED_FACTOR_PRP_OR_LL_RESULT_AND_NO_ACTIVE_GIMPS_ASSIGNMENT,2026-08-09T09:12:31+00:00,UNALLOCATED,,,,,
SLCMP2607-0994,994,994,794050727,2^794050727-1,STRUCTURAL_SCREEN_EXHAUSTED_PRIMALITY_UNASSIGNED,GF3A_DIRECTIONAL_WRITE_EXHAUSTED_PRIMALITY_UNASSIGNED,514,512,512,NO_RECORDED_FACTOR_PRP_OR_LL_RESULT_AND_NO_ACTIVE_GIMPS_ASSIGNMENT,2026-08-09T09:12:31+00:00,UNALLOCATED,,,,,
SLCMP2607-0995,995,995,794050811,2^794050811-1,STRUCTURAL_SCREEN_EXHAUSTED_PRIMALITY_UNASSIGNED,GF3A_DIRECTIONAL_WRITE_EXHAUSTED_PRIMALITY_UNASSIGNED,514,512,512,NO_RECORDED_FACTOR_PRP_OR_LL_RESULT_AND_NO_ACTIVE_GIMPS_ASSIGNMENT,2026-08-09T09:12:31+00:00,UNALLOCATED,,,,,
SLCMP2607-0996,996,996,794050819,2^794050819-1,STRUCTURAL_SCREEN_EXHAUSTED_PRIMALITY_UNASSIGNED,GF3A_DIRECTIONAL_WRITE_EXHAUSTED_PRIMALITY_UNASSIGNED,514,512,512,NO_RECORDED_FACTOR_PRP_OR_LL_RESULT_AND_NO_ACTIVE_GIMPS_ASSIGNMENT,2026-08-09T09:12:31+00:00,UNALLOCATED,,,,,
SLCMP2607-0997,997,997,794050921,2^794050921-1,STRUCTURAL_SCREEN_EXHAUSTED_PRIMALITY_UNASSIGNED,GF3A_DIRECTIONAL_WRITE_EXHAUSTED_PRIMALITY_UNASSIGNED,513,512,512,NO_RECORDED_FACTOR_PRP_OR_LL_RESULT_AND_NO_ACTIVE_GIMPS_ASSIGNMENT,2026-08-09T09:12:31+00:00,UNALLOCATED,,,,,
SLCMP2607-0998,998,998,794050927,2^794050927-1,STRUCTURAL_SCREEN_EXHAUSTED_PRIMALITY_UNASSIGNED,GF3A_DIRECTIONAL_WRITE_EXHAUSTED_PRIMALITY_UNASSIGNED,514,512,512,NO_RECORDED_FACTOR_PRP_OR_LL_RESULT_AND_NO_ACTIVE_GIMPS_ASSIGNMENT,2026-08-09T09:12:31+00:00,UNALLOCATED,,,,,
SLCMP2607-0999,999,999,794050963,2^794050963-1,STRUCTURAL_SCREEN_EXHAUSTED_PRIMALITY_UNASSIGNED,GF3A_DIRECTIONAL_WRITE_EXHAUSTED_PRIMALITY_UNASSIGNED,514,512,512,NO_RECORDED_FACTOR_PRP_OR_LL_RESULT_AND_NO_ACTIVE_GIMPS_ASSIGNMENT,2026-08-09T09:12:31+00:00,UNALLOCATED,,,,,
SLCMP2607-1000,1000,1000,794050967,2^794050967-1,STRUCTURAL_SCREEN_EXHAUSTED_PRIMALITY_UNASSIGNED,GF3A_DIRECTIONAL_WRITE_EXHAUSTED_PRIMALITY_UNASSIGNED,514,512,512,NO_RECORDED_FACTOR_PRP_OR_LL_RESULT_AND_NO_ACTIVE_GIMPS_ASSIGNMENT,2026-08-09T09:12:31+00:00,UNALLOCATED,,,,,
SLCMP2607-1001,1001,1001,794050973,2^794050973-1,STRUCTURAL_SCREEN_EXHAUSTED_PRIMALITY_UNASSIGNED,GF3A_DIRECTIONAL_WRITE_EXHAUSTED_PRIMALITY_UNASSIGNED,513,512,512,NO_RECORDED_FACTOR_PRP_OR_LL_RESULT_AND_NO_ACTIVE_GIMPS_ASSIGNMENT,2026-08-09T09:12:31+00:00,UNALLOCATED,,,,,
SLCMP2607-1002,1002,1002,794050993,2^794050993-1,STRUCTURAL_SCREEN_EXHAUSTED_PRIMALITY_UNASSIGNED,GF3A_DIRECTIONAL_WRITE_EXHAUSTED_PRIMALITY_UNASSIGNED,513,512,512,NO_RECORDED_FACTOR_PRP_OR_LL_RESULT_AND_NO_ACTIVE_GIMPS_ASSIGNMENT,2026-08-09T09:12:31+00:00,UNALLOCATED,,,,,
SLCMP2607-1003,1003,1003,794051023,2^794051023-1,STRUCTURAL_SCREEN_EXHAUSTED_PRIMALITY_UNASSIGNED,GF3A_DIRECTIONAL_WRITE_EXHAUSTED_PRIMALITY_UNASSIGNED,514,512,512,NO_RECORDED_FACTOR_PRP_OR_LL_RESULT_AND_NO_ACTIVE_GIMPS_ASSIGNMENT,2026-08-09T09:12:31+00:00,UNALLOCATED,,,,,
SLCMP2607-1004,1004,1004,794051177,2^794051177-1,STRUCTURAL_SCREEN_EXHAUSTED_PRIMALITY_UNASSIGNED,GF3A_DIRECTIONAL_WRITE_EXHAUSTED_PRIMALITY_UNASSIGNED,513,512,512,NO_RECORDED_FACTOR_PRP_OR_LL_RESULT_AND_NO_ACTIVE_GIMPS_ASSIGNMENT,2026-08-09T09:12:31+00:00,UNALLOCATED,,,,,
SLCMP2607-1005,1005,1005,794051189,2^794051189-1,STRUCTURAL_SCREEN_EXHAUSTED_PRIMALITY_UNASSIGNED,GF3A_DIRECTIONAL_WRITE_EXHAUSTED_PRIMALITY_UNASSIGNED,513,512,512,NO_RECORDED_FACTOR_PRP_OR_LL_RESULT_AND_NO_ACTIVE_GIMPS_ASSIGNMENT,2026-08-09T09:12:31+00:00,UNALLOCATED,,,,,
SLCMP2607-1006,1006,1006,794051197,2^794051197-1,STRUCTURAL_SCREEN_EXHAUSTED_PRIMALITY_UNASSIGNED,GF3A_DIRECTIONAL_WRITE_EXHAUSTED_PRIMALITY_UNASSIGNED,513,512,512,NO_RECORDED_FACTOR_PRP_OR_LL_RESULT_AND_NO_ACTIVE_GIMPS_ASSIGNMENT,2026-08-09T09:12:31+00:00,UNALLOCATED,,,,,
SLCMP2607-1007,1007,1007,794051227,2^794051227-1,STRUCTURAL_SCREEN_EXHAUSTED_PRIMALITY_UNASSIGNED,GF3A_DIRECTIONAL_WRITE_EXHAUSTED_PRIMALITY_UNASSIGNED,514,512,512,NO_RECORDED_FACTOR_PRP_OR_LL_RESULT_AND_NO_ACTIVE_GIMPS_ASSIGNMENT,2026-08-09T09:12:31+00:00,UNALLOCATED,,,,,
SLCMP2607-1008,1008,1008,794051243,2^794051243-1,STRUCTURAL_SCREEN_EXHAUSTED_PRIMALITY_UNASSIGNED,GF3A_DIRECTIONAL_WRITE_EXHAUSTED_PRIMALITY_UNASSIGNED,514,512,512,NO_RECORDED_FACTOR_PRP_OR_LL_RESULT_AND_NO_ACTIVE_GIMPS_ASSIGNMENT,2026-08-09T09:12:31+00:00,UNALLOCATED,,,,,
SLCMP2607-1009,1009,1009,794051263,2^794051263-1,STRUCTURAL_SCREEN_EXHAUSTED_PRIMALITY_UNASSIGNED,GF3A_DIRECTIONAL_WRITE_EXHAUSTED_PRIMALITY_UNASSIGNED,514,512,512,NO_RECORDED_FACTOR_PRP_OR_LL_RESULT_AND_NO_ACTIVE_GIMPS_ASSIGNMENT,2026-08-09T09:12:31+00:00,UNALLOCATED,,,,,
SLCMP2607-1010,1010,1010,794051273,2^794051273-1,STRUCTURAL_SCREEN_EXHAUSTED_PRIMALITY_UNASSIGNED,GF3A_DIRECTIONAL_WRITE_EXHAUSTED_PRIMALITY_UNASSIGNED,513,512,512,NO_RECORDED_FACTOR_PRP_OR_LL_RESULT_AND_NO_ACTIVE_GIMPS_ASSIGNMENT,2026-08-09T09:12:31+00:00,UNALLOCATED,,,,,
SLCMP2607-1011,1011,1011,794051311,2^794051311-1,STRUCTURAL_SCREEN_EXHAUSTED_PRIMALITY_UNASSIGNED,GF3A_DIRECTIONAL_WRITE_EXHAUSTED_PRIMALITY_UNASSIGNED,514,512,512,NO_RECORDED_FACTOR_PRP_OR_LL_RESULT_AND_NO_ACTIVE_GIMPS_ASSIGNMENT,2026-08-09T09:12:31+00:00,UNALLOCATED,,,,,
SLCMP2607-1012,1012,1012,794051359,2^794051359-1,STRUCTURAL_SCREEN_EXHAUSTED_PRIMALITY_UNASSIGNED,GF3A_DIRECTIONAL_WRITE_EXHAUSTED_PRIMALITY_UNASSIGNED,514,512,512,NO_RECORDED_FACTOR_PRP_OR_LL_RESULT_AND_NO_ACTIVE_GIMPS_ASSIGNMENT,2026-08-09T09:12:31+00:00,UNALLOCATED,,,,,
SLCMP2607-1013,1013,1013,794051369,2^794051369-1,STRUCTURAL_SCREEN_EXHAUSTED_PRIMALITY_UNASSIGNED,GF3A_DIRECTIONAL_WRITE_EXHAUSTED_PRIMALITY_UNASSIGNED,513,512,512,NO_RECORDED_FACTOR_PRP_OR_LL_RESULT_AND_NO_ACTIVE_GIMPS_ASSIGNMENT,2026-08-09T09:12:31+00:00,UNALLOCATED,,,,,
SLCMP2607-1014,1014,1014,794051381,2^794051381-1,STRUCTURAL_SCREEN_EXHAUSTED_PRIMALITY_UNASSIGNED,GF3A_DIRECTIONAL_WRITE_EXHAUSTED_PRIMALITY_UNASSIGNED,513,512,512,NO_RECORDED_FACTOR_PRP_OR_LL_RESULT_AND_NO_ACTIVE_GIMPS_ASSIGNMENT,2026-08-09T09:12:31+00:00,UNALLOCATED,,,,,
SLCMP2607-1015,1015,1015,794051483,2^794051483-1,STRUCTURAL_SCREEN_EXHAUSTED_PRIMALITY_UNASSIGNED,GF3A_DIRECTIONAL_WRITE_EXHAUSTED_PRIMALITY_UNASSIGNED,514,512,512,NO_RECORDED_FACTOR_PRP_OR_LL_RESULT_AND_NO_ACTIVE_GIMPS_ASSIGNMENT,2026-08-09T09:12:31+00:00,UNALLOCATED,,,,,
SLCMP2607-1016,1016,1016,794051543,2^794051543-1,STRUCTURAL_SCREEN_EXHAUSTED_PRIMALITY_UNASSIGNED,GF3A_DIRECTIONAL_WRITE_EXHAUSTED_PRIMALITY_UNASSIGNED,514,512,512,NO_RECORDED_FACTOR_PRP_OR_LL_RESULT_AND_NO_ACTIVE_GIMPS_ASSIGNMENT,2026-08-09T09:12:31+00:00,UNALLOCATED,,,,,
SLCMP2607-1017,1017,1017,794051567,2^794051567-1,STRUCTURAL_SCREEN_EXHAUSTED_PRIMALITY_UNASSIGNED,GF3A_DIRECTIONAL_WRITE_EXHAUSTED_PRIMALITY_UNASSIGNED,514,512,512,NO_RECORDED_FACTOR_PRP_OR_LL_RESULT_AND_NO_ACTIVE_GIMPS_ASSIGNMENT,2026-08-09T09:12:31+00:00,UNALLOCATED,,,,,
SLCMP2607-1018,1018,1018,794051627,2^794051627-1,STRUCTURAL_SCREEN_EXHAUSTED_PRIMALITY_UNASSIGNED,GF3A_DIRECTIONAL_WRITE_EXHAUSTED_PRIMALITY_UNASSIGNED,514,512,512,NO_RECORDED_FACTOR_PRP_OR_LL_RESULT_AND_NO_ACTIVE_GIMPS_ASSIGNMENT,2026-08-09T09:12:31+00:00,UNALLOCATED,,,,,
SLCMP2607-1019,1019,1019,794051647,2^794051647-1,STRUCTURAL_SCREEN_EXHAUSTED_PRIMALITY_UNASSIGNED,GF3A_DIRECTIONAL_WRITE_EXHAUSTED_PRIMALITY_UNASSIGNED,514,512,512,NO_RECORDED_FACTOR_PRP_OR_LL_RESULT_AND_NO_ACTIVE_GIMPS_ASSIGNMENT,2026-08-09T09:12:31+00:00,UNALLOCATED,,,,,
SLCMP2607-1020,1020,1020,794051683,2^794051683-1,STRUCTURAL_SCREEN_EXHAUSTED_PRIMALITY_UNASSIGNED,GF3A_DIRECTIONAL_WRITE_EXHAUSTED_PRIMALITY_UNASSIGNED,514,512,512,NO_RECORDED_FACTOR_PRP_OR_LL_RESULT_AND_NO_ACTIVE_GIMPS_ASSIGNMENT,2026-08-09T09:12:31+00:00,UNALLOCATED,,,,,
SLCMP2607-1021,1021,1021,794051723,2^794051723-1,STRUCTURAL_SCREEN_EXHAUSTED_PRIMALITY_UNASSIGNED,GF3A_DIRECTIONAL_WRITE_EXHAUSTED_PRIMALITY_UNASSIGNED,514,512,512,NO_RECORDED_FACTOR_PRP_OR_LL_RESULT_AND_NO_ACTIVE_GIMPS_ASSIGNMENT,2026-08-09T09:12:31+00:00,UNALLOCATED,,,,,
SLCMP2607-1022,1022,1022,794051761,2^794051761-1,STRUCTURAL_SCREEN_EXHAUSTED_PRIMALITY_UNASSIGNED,GF3A_DIRECTIONAL_WRITE_EXHAUSTED_PRIMALITY_UNASSIGNED,513,512,512,NO_RECORDED_FACTOR_PRP_OR_LL_RESULT_AND_NO_ACTIVE_GIMPS_ASSIGNMENT,2026-08-09T09:12:31+00:00,UNALLOCATED,,,,,
SLCMP2607-1023,1023,1023,794051789,2^794051789-1,STRUCTURAL_SCREEN_EXHAUSTED_PRIMALITY_UNASSIGNED,GF3A_DIRECTIONAL_WRITE_EXHAUSTED_PRIMALITY_UNASSIGNED,513,512,512,NO_RECORDED_FACTOR_PRP_OR_LL_RESULT_AND_NO_ACTIVE_GIMPS_ASSIGNMENT,2026-08-09T09:12:31+00:00,UNALLOCATED,,,,,
SLCMP2607-1024,1024,1024,794051809,2^794051809-1,STRUCTURAL_SCREEN_EXHAUSTED_PRIMALITY_UNASSIGNED,GF3A_DIRECTIONAL_WRITE_EXHAUSTED_PRIMALITY_UNASSIGNED,513,512,512,NO_RECORDED_FACTOR_PRP_OR_LL_RESULT_AND_NO_ACTIVE_GIMPS_ASSIGNMENT,2026-08-09T09:12:31+00:00,UNALLOCATED,,,,,
SLCMP2607-1025,1025,1025,794051849,2^794051849-1,STRUCTURAL_SCREEN_EXHAUSTED_PRIMALITY_UNASSIGNED,GF3A_DIRECTIONAL_WRITE_EXHAUSTED_PRIMALITY_UNASSIGNED,513,512,512,NO_RECORDED_FACTOR_PRP_OR_LL_RESULT_AND_NO_ACTIVE_GIMPS_ASSIGNMENT,2026-08-09T09:12:31+00:00,UNALLOCATED,,,,,
SLCMP2607-1026,1026,1026,794051851,2^794051851-1,STRUCTURAL_SCREEN_EXHAUSTED_PRIMALITY_UNASSIGNED,GF3A_DIRECTIONAL_WRITE_EXHAUSTED_PRIMALITY_UNASSIGNED,514,512,512,NO_RECORDED_FACTOR_PRP_OR_LL_RESULT_AND_NO_ACTIVE_GIMPS_ASSIGNMENT,2026-08-09T09:12:31+00:00,UNALLOCATED,,,,,
SLCMP2607-1027,1027,1027,794051893,2^794051893-1,STRUCTURAL_SCREEN_EXHAUSTED_PRIMALITY_UNASSIGNED,GF3A_DIRECTIONAL_WRITE_EXHAUSTED_PRIMALITY_UNASSIGNED,513,512,512,NO_RECORDED_FACTOR_PRP_OR_LL_RESULT_AND_NO_ACTIVE_GIMPS_ASSIGNMENT,2026-08-09T09:12:31+00:00,UNALLOCATED,,,,,
SLCMP2607-1028,1028,1028,794051957,2^794051957-1,STRUCTURAL_SCREEN_EXHAUSTED_PRIMALITY_UNASSIGNED,GF3A_DIRECTIONAL_WRITE_EXHAUSTED_PRIMALITY_UNASSIGNED,513,512,512,NO_RECORDED_FACTOR_PRP_OR_LL_RESULT_AND_NO_ACTIVE_GIMPS_ASSIGNMENT,2026-08-09T09:12:31+00:00,UNALLOCATED,,,,,
SLCMP2607-1029,1029,1029,794052013,2^794052013-1,STRUCTURAL_SCREEN_EXHAUSTED_PRIMALITY_UNASSIGNED,GF3A_DIRECTIONAL_WRITE_EXHAUSTED_PRIMALITY_UNASSIGNED,513,512,512,NO_RECORDED_FACTOR_PRP_OR_LL_RESULT_AND_NO_ACTIVE_GIMPS_ASSIGNMENT,2026-08-09T09:12:31+00:00,UNALLOCATED,,,,,
SLCMP2607-1030,1030,1030,794052071,2^794052071-1,STRUCTURAL_SCREEN_EXHAUSTED_PRIMALITY_UNASSIGNED,GF3A_DIRECTIONAL_WRITE_EXHAUSTED_PRIMALITY_UNASSIGNED,514,512,512,NO_RECORDED_FACTOR_PRP_OR_LL_RESULT_AND_NO_ACTIVE_GIMPS_ASSIGNMENT,2026-08-09T09:12:31+00:00,UNALLOCATED,,,,,
SLCMP2607-1031,1031,1031,794052113,2^794052113-1,STRUCTURAL_SCREEN_EXHAUSTED_PRIMALITY_UNASSIGNED,GF3A_DIRECTIONAL_WRITE_EXHAUSTED_PRIMALITY_UNASSIGNED,513,512,512,NO_RECORDED_FACTOR_PRP_OR_LL_RESULT_AND_NO_ACTIVE_GIMPS_ASSIGNMENT,2026-08-09T09:12:31+00:00,UNALLOCATED,,,,,
SLCMP2607-1032,1032,1032,794052163,2^794052163-1,STRUCTURAL_SCREEN_EXHAUSTED_PRIMALITY_UNASSIGNED,GF3A_DIRECTIONAL_WRITE_EXHAUSTED_PRIMALITY_UNASSIGNED,514,512,512,NO_RECORDED_FACTOR_PRP_OR_LL_RESULT_AND_NO_ACTIVE_GIMPS_ASSIGNMENT,2026-08-09T09:12:31+00:00,UNALLOCATED,,,,,
SLCMP2607-1033,1033,1033,794052179,2^794052179-1,STRUCTURAL_SCREEN_EXHAUSTED_PRIMALITY_UNASSIGNED,GF3A_DIRECTIONAL_WRITE_EXHAUSTED_PRIMALITY_UNASSIGNED,514,512,512,NO_RECORDED_FACTOR_PRP_OR_LL_RESULT_AND_NO_ACTIVE_GIMPS_ASSIGNMENT,2026-08-09T09:12:31+00:00,UNALLOCATED,,,,,
SLCMP2607-1034,1034,1034,794052187,2^794052187-1,STRUCTURAL_SCREEN_EXHAUSTED_PRIMALITY_UNASSIGNED,GF3A_DIRECTIONAL_WRITE_EXHAUSTED_PRIMALITY_UNASSIGNED,514,512,512,NO_RECORDED_FACTOR_PRP_OR_LL_RESULT_AND_NO_ACTIVE_GIMPS_ASSIGNMENT,2026-08-09T09:12:31+00:00,UNALLOCATED,,,,,
SLCMP2607-1035,1035,1035,794052239,2^794052239-1,STRUCTURAL_SCREEN_EXHAUSTED_PRIMALITY_UNASSIGNED,GF3A_DIRECTIONAL_WRITE_EXHAUSTED_PRIMALITY_UNASSIGNED,514,512,512,NO_RECORDED_FACTOR_PRP_OR_LL_RESULT_AND_NO_ACTIVE_GIMPS_ASSIGNMENT,2026-08-09T09:12:31+00:00,UNALLOCATED,,,,,
SLCMP2607-1036,1036,1036,794052331,2^794052331-1,STRUCTURAL_SCREEN_EXHAUSTED_PRIMALITY_UNASSIGNED,GF3A_DIRECTIONAL_WRITE_EXHAUSTED_PRIMALITY_UNASSIGNED,514,512,512,NO_RECORDED_FACTOR_PRP_OR_LL_RESULT_AND_NO_ACTIVE_GIMPS_ASSIGNMENT,2026-08-09T09:12:31+00:00,UNALLOCATED,,,,,
SLCMP2607-1037,1037,1037,794052359,2^794052359-1,STRUCTURAL_SCREEN_EXHAUSTED_PRIMALITY_UNASSIGNED,GF3A_DIRECTIONAL_WRITE_EXHAUSTED_PRIMALITY_UNASSIGNED,514,512,512,NO_RECORDED_FACTOR_PRP_OR_LL_RESULT_AND_NO_ACTIVE_GIMPS_ASSIGNMENT,2026-08-09T09:12:31+00:00,UNALLOCATED,,,,,
SLCMP2607-1038,1038,1038,794052551,2^794052551-1,STRUCTURAL_SCREEN_EXHAUSTED_PRIMALITY_UNASSIGNED,GF3A_DIRECTIONAL_WRITE_EXHAUSTED_PRIMALITY_UNASSIGNED,514,512,512,NO_RECORDED_FACTOR_PRP_OR_LL_RESULT_AND_NO_ACTIVE_GIMPS_ASSIGNMENT,2026-08-09T09:12:31+00:00,UNALLOCATED,,,,,
SLCMP2607-1039,1039,1039,794052613,2^794052613-1,STRUCTURAL_SCREEN_EXHAUSTED_PRIMALITY_UNASSIGNED,GF3A_DIRECTIONAL_WRITE_EXHAUSTED_PRIMALITY_UNASSIGNED,513,512,512,NO_RECORDED_FACTOR_PRP_OR_LL_RESULT_AND_NO_ACTIVE_GIMPS_ASSIGNMENT,2026-08-09T09:12:31+00:00,UNALLOCATED,,,,,
SLCMP2607-1040,1040,1040,794052653,2^794052653-1,STRUCTURAL_SCREEN_EXHAUSTED_PRIMALITY_UNASSIGNED,GF3A_DIRECTIONAL_WRITE_EXHAUSTED_PRIMALITY_UNASSIGNED,513,512,512,NO_RECORDED_FACTOR_PRP_OR_LL_RESULT_AND_NO_ACTIVE_GIMPS_ASSIGNMENT,2026-08-09T09:12:31+00:00,UNALLOCATED,,,,,
SLCMP2607-1041,1041,1041,794052869,2^794052869-1,STRUCTURAL_SCREEN_EXHAUSTED_PRIMALITY_UNASSIGNED,GF3A_DIRECTIONAL_WRITE_EXHAUSTED_PRIMALITY_UNASSIGNED,513,512,512,NO_RECORDED_FACTOR_PRP_OR_LL_RESULT_AND_NO_ACTIVE_GIMPS_ASSIGNMENT,2026-08-09T09:12:31+00:00,UNALLOCATED,,,,,
SLCMP2607-1042,1042,1042,794052913,2^794052913-1,STRUCTURAL_SCREEN_EXHAUSTED_PRIMALITY_UNASSIGNED,GF3A_DIRECTIONAL_WRITE_EXHAUSTED_PRIMALITY_UNASSIGNED,513,512,512,NO_RECORDED_FACTOR_PRP_OR_LL_RESULT_AND_NO_ACTIVE_GIMPS_ASSIGNMENT,2026-08-09T09:12:31+00:00,UNALLOCATED,,,,,
SLCMP2607-1043,1043,1043,794052971,2^794052971-1,STRUCTURAL_SCREEN_EXHAUSTED_PRIMALITY_UNASSIGNED,GF3A_DIRECTIONAL_WRITE_EXHAUSTED_PRIMALITY_UNASSIGNED,514,512,512,NO_RECORDED_FACTOR_PRP_OR_LL_RESULT_AND_NO_ACTIVE_GIMPS_ASSIGNMENT,2026-08-09T09:12:31+00:00,UNALLOCATED,,,,,
SLCMP2607-1044,1044,1044,794053061,2^794053061-1,STRUCTURAL_SCREEN_EXHAUSTED_PRIMALITY_UNASSIGNED,GF3A_DIRECTIONAL_WRITE_EXHAUSTED_PRIMALITY_UNASSIGNED,513,512,512,NO_RECORDED_FACTOR_PRP_OR_LL_RESULT_AND_NO_ACTIVE_GIMPS_ASSIGNMENT,2026-08-09T09:12:31+00:00,UNALLOCATED,,,,,
SLCMP2607-1045,1045,1045,794053063,2^794053063-1,STRUCTURAL_SCREEN_EXHAUSTED_PRIMALITY_UNASSIGNED,GF3A_DIRECTIONAL_WRITE_EXHAUSTED_PRIMALITY_UNASSIGNED,514,512,512,NO_RECORDED_FACTOR_PRP_OR_LL_RESULT_AND_NO_ACTIVE_GIMPS_ASSIGNMENT,2026-08-09T09:12:31+00:00,UNALLOCATED,,,,,
SLCMP2607-1046,1046,1046,794053079,2^794053079-1,STRUCTURAL_SCREEN_EXHAUSTED_PRIMALITY_UNASSIGNED,GF3A_DIRECTIONAL_WRITE_EXHAUSTED_PRIMALITY_UNASSIGNED,514,512,512,NO_RECORDED_FACTOR_PRP_OR_LL_RESULT_AND_NO_ACTIVE_GIMPS_ASSIGNMENT,2026-08-09T09:12:31+00:00,UNALLOCATED,,,,,
SLCMP2607-1047,1047,1047,794053087,2^794053087-1,STRUCTURAL_SCREEN_EXHAUSTED_PRIMALITY_UNASSIGNED,GF3A_DIRECTIONAL_WRITE_EXHAUSTED_PRIMALITY_UNASSIGNED,514,512,512,NO_RECORDED_FACTOR_PRP_OR_LL_RESULT_AND_NO_ACTIVE_GIMPS_ASSIGNMENT,2026-08-09T09:12:31+00:00,UNALLOCATED,,,,,
SLCMP2607-1048,1048,1048,794053243,2^794053243-1,STRUCTURAL_SCREEN_EXHAUSTED_PRIMALITY_UNASSIGNED,GF3A_DIRECTIONAL_WRITE_EXHAUSTED_PRIMALITY_UNASSIGNED,514,512,512,NO_RECORDED_FACTOR_PRP_OR_LL_RESULT_AND_NO_ACTIVE_GIMPS_ASSIGNMENT,2026-08-09T09:12:31+00:00,UNALLOCATED,,,,,
SLCMP2607-1049,1049,1049,794053397,2^794053397-1,STRUCTURAL_SCREEN_EXHAUSTED_PRIMALITY_UNASSIGNED,GF3A_DIRECTIONAL_WRITE_EXHAUSTED_PRIMALITY_UNASSIGNED,513,512,512,NO_RECORDED_FACTOR_PRP_OR_LL_RESULT_AND_NO_ACTIVE_GIMPS_ASSIGNMENT,2026-08-09T09:12:31+00:00,UNALLOCATED,,,,,
SLCMP2607-1050,1050,1050,794053417,2^794053417-1,STRUCTURAL_SCREEN_EXHAUSTED_PRIMALITY_UNASSIGNED,GF3A_DIRECTIONAL_WRITE_EXHAUSTED_PRIMALITY_UNASSIGNED,513,512,512,NO_RECORDED_FACTOR_PRP_OR_LL_RESULT_AND_NO_ACTIVE_GIMPS_ASSIGNMENT,2026-08-09T09:12:31+00:00,UNALLOCATED,,,,,
SLCMP2607-1051,1051,1051,794053457,2^794053457-1,STRUCTURAL_SCREEN_EXHAUSTED_PRIMALITY_UNASSIGNED,GF3A_DIRECTIONAL_WRITE_EXHAUSTED_PRIMALITY_UNASSIGNED,513,512,512,NO_RECORDED_FACTOR_PRP_OR_LL_RESULT_AND_NO_ACTIVE_GIMPS_ASSIGNMENT,2026-08-09T09:12:31+00:00,UNALLOCATED,,,,,
SLCMP2607-1052,1052,1052,794053549,2^794053549-1,STRUCTURAL_SCREEN_EXHAUSTED_PRIMALITY_UNASSIGNED,GF3A_DIRECTIONAL_WRITE_EXHAUSTED_PRIMALITY_UNASSIGNED,513,512,512,NO_RECORDED_FACTOR_PRP_OR_LL_RESULT_AND_NO_ACTIVE_GIMPS_ASSIGNMENT,2026-08-09T09:12:31+00:00,UNALLOCATED,,,,,
SLCMP2607-1053,1053,1053,794053571,2^794053571-1,STRUCTURAL_SCREEN_EXHAUSTED_PRIMALITY_UNASSIGNED,GF3A_DIRECTIONAL_WRITE_EXHAUSTED_PRIMALITY_UNASSIGNED,514,512,512,NO_RECORDED_FACTOR_PRP_OR_LL_RESULT_AND_NO_ACTIVE_GIMPS_ASSIGNMENT,2026-08-09T09:12:31+00:00,UNALLOCATED,,,,,
SLCMP2607-1054,1054,1054,794053621,2^794053621-1,STRUCTURAL_SCREEN_EXHAUSTED_PRIMALITY_UNASSIGNED,GF3A_DIRECTIONAL_WRITE_EXHAUSTED_PRIMALITY_UNASSIGNED,513,512,512,NO_RECORDED_FACTOR_PRP_OR_LL_RESULT_AND_NO_ACTIVE_GIMPS_ASSIGNMENT,2026-08-09T09:12:31+00:00,UNALLOCATED,,,,,
SLCMP2607-1055,1055,1055,794053787,2^794053787-1,STRUCTURAL_SCREEN_EXHAUSTED_PRIMALITY_UNASSIGNED,GF3A_DIRECTIONAL_WRITE_EXHAUSTED_PRIMALITY_UNASSIGNED,514,512,512,NO_RECORDED_FACTOR_PRP_OR_LL_RESULT_AND_NO_ACTIVE_GIMPS_ASSIGNMENT,2026-08-09T09:12:31+00:00,UNALLOCATED,,,,,
SLCMP2607-1056,1056,1056,794053853,2^794053853-1,STRUCTURAL_SCREEN_EXHAUSTED_PRIMALITY_UNASSIGNED,GF3A_DIRECTIONAL_WRITE_EXHAUSTED_PRIMALITY_UNASSIGNED,513,512,512,NO_RECORDED_FACTOR_PRP_OR_LL_RESULT_AND_NO_ACTIVE_GIMPS_ASSIGNMENT,2026-08-09T09:12:31+00:00,UNALLOCATED,,,,,
SLCMP2607-1057,1057,1057,794053873,2^794053873-1,STRUCTURAL_SCREEN_EXHAUSTED_PRIMALITY_UNASSIGNED,GF3A_DIRECTIONAL_WRITE_EXHAUSTED_PRIMALITY_UNASSIGNED,513,512,512,NO_RECORDED_FACTOR_PRP_OR_LL_RESULT_AND_NO_ACTIVE_GIMPS_ASSIGNMENT,2026-08-09T09:12:31+00:00,UNALLOCATED,,,,,
SLCMP2607-1058,1058,1058,794053879,2^794053879-1,STRUCTURAL_SCREEN_EXHAUSTED_PRIMALITY_UNASSIGNED,GF3A_DIRECTIONAL_WRITE_EXHAUSTED_PRIMALITY_UNASSIGNED,514,512,512,NO_RECORDED_FACTOR_PRP_OR_LL_RESULT_AND_NO_ACTIVE_GIMPS_ASSIGNMENT,2026-08-09T09:12:31+00:00,UNALLOCATED,,,,,
SLCMP2607-1059,1059,1059,794053889,2^794053889-1,STRUCTURAL_SCREEN_EXHAUSTED_PRIMALITY_UNASSIGNED,GF3A_DIRECTIONAL_WRITE_EXHAUSTED_PRIMALITY_UNASSIGNED,513,512,512,NO_RECORDED_FACTOR_PRP_OR_LL_RESULT_AND_NO_ACTIVE_GIMPS_ASSIGNMENT,2026-08-09T09:12:31+00:00,UNALLOCATED,,,,,
SLCMP2607-1060,1060,1060,794053907,2^794053907-1,STRUCTURAL_SCREEN_EXHAUSTED_PRIMALITY_UNASSIGNED,GF3A_DIRECTIONAL_WRITE_EXHAUSTED_PRIMALITY_UNASSIGNED,514,512,512,NO_RECORDED_FACTOR_PRP_OR_LL_RESULT_AND_NO_ACTIVE_GIMPS_ASSIGNMENT,2026-08-09T09:12:31+00:00,UNALLOCATED,,,,,
SLCMP2607-1061,1061,1061,794053951,2^794053951-1,STRUCTURAL_SCREEN_EXHAUSTED_PRIMALITY_UNASSIGNED,GF3A_DIRECTIONAL_WRITE_EXHAUSTED_PRIMALITY_UNASSIGNED,514,512,512,NO_RECORDED_FACTOR_PRP_OR_LL_RESULT_AND_NO_ACTIVE_GIMPS_ASSIGNMENT,2026-08-09T09:12:31+00:00,UNALLOCATED,,,,,
SLCMP2607-1062,1062,1062,794053961,2^794053961-1,STRUCTURAL_SCREEN_EXHAUSTED_PRIMALITY_UNASSIGNED,GF3A_DIRECTIONAL_WRITE_EXHAUSTED_PRIMALITY_UNASSIGNED,513,512,512,NO_RECORDED_FACTOR_PRP_OR_LL_RESULT_AND_NO_ACTIVE_GIMPS_ASSIGNMENT,2026-08-09T09:12:31+00:00,UNALLOCATED,,,,,
SLCMP2607-1063,1063,1063,794053993,2^794053993-1,STRUCTURAL_SCREEN_EXHAUSTED_PRIMALITY_UNASSIGNED,GF3A_DIRECTIONAL_WRITE_EXHAUSTED_PRIMALITY_UNASSIGNED,513,512,512,NO_RECORDED_FACTOR_PRP_OR_LL_RESULT_AND_NO_ACTIVE_GIMPS_ASSIGNMENT,2026-08-09T09:12:31+00:00,UNALLOCATED,,,,,
SLCMP2607-1064,1064,1064,794054029,2^794054029-1,STRUCTURAL_SCREEN_EXHAUSTED_PRIMALITY_UNASSIGNED,GF3A_DIRECTIONAL_WRITE_EXHAUSTED_PRIMALITY_UNASSIGNED,513,512,512,NO_RECORDED_FACTOR_PRP_OR_LL_RESULT_AND_NO_ACTIVE_GIMPS_ASSIGNMENT,2026-08-09T09:12:31+00:00,UNALLOCATED,,,,,
SLCMP2607-1065,1065,1065,794054083,2^794054083-1,STRUCTURAL_SCREEN_EXHAUSTED_PRIMALITY_UNASSIGNED,GF3A_DIRECTIONAL_WRITE_EXHAUSTED_PRIMALITY_UNASSIGNED,514,512,512,NO_RECORDED_FACTOR_PRP_OR_LL_RESULT_AND_NO_ACTIVE_GIMPS_ASSIGNMENT,2026-08-09T09:12:31+00:00,UNALLOCATED,,,,,
SLCMP2607-1066,1066,1066,794054087,2^794054087-1,STRUCTURAL_SCREEN_EXHAUSTED_PRIMALITY_UNASSIGNED,GF3A_DIRECTIONAL_WRITE_EXHAUSTED_PRIMALITY_UNASSIGNED,514,512,512,NO_RECORDED_FACTOR_PRP_OR_LL_RESULT_AND_NO_ACTIVE_GIMPS_ASSIGNMENT,2026-08-09T09:12:31+00:00,UNALLOCATED,,,,,
SLCMP2607-1067,1067,1067,794054123,2^794054123-1,STRUCTURAL_SCREEN_EXHAUSTED_PRIMALITY_UNASSIGNED,GF3A_DIRECTIONAL_WRITE_EXHAUSTED_PRIMALITY_UNASSIGNED,514,512,512,NO_RECORDED_FACTOR_PRP_OR_LL_RESULT_AND_NO_ACTIVE_GIMPS_ASSIGNMENT,2026-08-09T09:12:31+00:00,UNALLOCATED,,,,,
SLCMP2607-1068,1068,1068,794054153,2^794054153-1,STRUCTURAL_SCREEN_EXHAUSTED_PRIMALITY_UNASSIGNED,GF3A_DIRECTIONAL_WRITE_EXHAUSTED_PRIMALITY_UNASSIGNED,513,512,512,NO_RECORDED_FACTOR_PRP_OR_LL_RESULT_AND_NO_ACTIVE_GIMPS_ASSIGNMENT,2026-08-09T09:12:31+00:00,UNALLOCATED,,,,,
SLCMP2607-1069,1069,1069,794054221,2^794054221-1,STRUCTURAL_SCREEN_EXHAUSTED_PRIMALITY_UNASSIGNED,GF3A_DIRECTIONAL_WRITE_EXHAUSTED_PRIMALITY_UNASSIGNED,513,512,512,NO_RECORDED_FACTOR_PRP_OR_LL_RESULT_AND_NO_ACTIVE_GIMPS_ASSIGNMENT,2026-08-09T09:12:31+00:00,UNALLOCATED,,,,,
SLCMP2607-1070,1070,1070,794054353,2^794054353-1,STRUCTURAL_SCREEN_EXHAUSTED_PRIMALITY_UNASSIGNED,GF3A_DIRECTIONAL_WRITE_EXHAUSTED_PRIMALITY_UNASSIGNED,513,512,512,NO_RECORDED_FACTOR_PRP_OR_LL_RESULT_AND_NO_ACTIVE_GIMPS_ASSIGNMENT,2026-08-09T09:12:31+00:00,UNALLOCATED,,,,,
SLCMP2607-1071,1071,1071,794054449,2^794054449-1,STRUCTURAL_SCREEN_EXHAUSTED_PRIMALITY_UNASSIGNED,GF3A_DIRECTIONAL_WRITE_EXHAUSTED_PRIMALITY_UNASSIGNED,513,512,512,NO_RECORDED_FACTOR_PRP_OR_LL_RESULT_AND_NO_ACTIVE_GIMPS_ASSIGNMENT,2026-08-09T09:12:31+00:00,UNALLOCATED,,,,,
SLCMP2607-1072,1072,1072,794054467,2^794054467-1,STRUCTURAL_SCREEN_EXHAUSTED_PRIMALITY_UNASSIGNED,GF3A_DIRECTIONAL_WRITE_EXHAUSTED_PRIMALITY_UNASSIGNED,514,512,512,NO_RECORDED_FACTOR_PRP_OR_LL_RESULT_AND_NO_ACTIVE_GIMPS_ASSIGNMENT,2026-08-09T09:12:31+00:00,UNALLOCATED,,,,,
SLCMP2607-1073,1073,1073,794054567,2^794054567-1,STRUCTURAL_SCREEN_EXHAUSTED_PRIMALITY_UNASSIGNED,GF3A_DIRECTIONAL_WRITE_EXHAUSTED_PRIMALITY_UNASSIGNED,514,512,512,NO_RECORDED_FACTOR_PRP_OR_LL_RESULT_AND_NO_ACTIVE_GIMPS_ASSIGNMENT,2026-08-09T09:12:31+00:00,UNALLOCATED,,,,,
SLCMP2607-1074,1074,1074,794054617,2^794054617-1,STRUCTURAL_SCREEN_EXHAUSTED_PRIMALITY_UNASSIGNED,GF3A_DIRECTIONAL_WRITE_EXHAUSTED_PRIMALITY_UNASSIGNED,513,512,512,NO_RECORDED_FACTOR_PRP_OR_LL_RESULT_AND_NO_ACTIVE_GIMPS_ASSIGNMENT,2026-08-09T09:12:31+00:00,UNALLOCATED,,,,,
SLCMP2607-1075,1075,1075,794054647,2^794054647-1,STRUCTURAL_SCREEN_EXHAUSTED_PRIMALITY_UNASSIGNED,GF3A_DIRECTIONAL_WRITE_EXHAUSTED_PRIMALITY_UNASSIGNED,514,512,512,NO_RECORDED_FACTOR_PRP_OR_LL_RESULT_AND_NO_ACTIVE_GIMPS_ASSIGNMENT,2026-08-09T09:12:31+00:00,UNALLOCATED,,,,,
SLCMP2607-1076,1076,1076,794054659,2^794054659-1,STRUCTURAL_SCREEN_EXHAUSTED_PRIMALITY_UNASSIGNED,GF3A_DIRECTIONAL_WRITE_EXHAUSTED_PRIMALITY_UNASSIGNED,514,512,512,NO_RECORDED_FACTOR_PRP_OR_LL_RESULT_AND_NO_ACTIVE_GIMPS_ASSIGNMENT,2026-08-09T09:12:31+00:00,UNALLOCATED,,,,,
SLCMP2607-1077,1077,1077,794054693,2^794054693-1,STRUCTURAL_SCREEN_EXHAUSTED_PRIMALITY_UNASSIGNED,GF3A_DIRECTIONAL_WRITE_EXHAUSTED_PRIMALITY_UNASSIGNED,513,512,512,NO_RECORDED_FACTOR_PRP_OR_LL_RESULT_AND_NO_ACTIVE_GIMPS_ASSIGNMENT,2026-08-09T09:12:31+00:00,UNALLOCATED,,,,,
SLCMP2607-1078,1078,1078,794054719,2^794054719-1,STRUCTURAL_SCREEN_EXHAUSTED_PRIMALITY_UNASSIGNED,GF3A_DIRECTIONAL_WRITE_EXHAUSTED_PRIMALITY_UNASSIGNED,514,512,512,NO_RECORDED_FACTOR_PRP_OR_LL_RESULT_AND_NO_ACTIVE_GIMPS_ASSIGNMENT,2026-08-09T09:12:31+00:00,UNALLOCATED,,,,,
SLCMP2607-1079,1079,1079,794054747,2^794054747-1,STRUCTURAL_SCREEN_EXHAUSTED_PRIMALITY_UNASSIGNED,GF3A_DIRECTIONAL_WRITE_EXHAUSTED_PRIMALITY_UNASSIGNED,514,512,512,NO_RECORDED_FACTOR_PRP_OR_LL_RESULT_AND_NO_ACTIVE_GIMPS_ASSIGNMENT,2026-08-09T09:12:31+00:00,UNALLOCATED,,,,,
SLCMP2607-1080,1080,1080,794054837,2^794054837-1,STRUCTURAL_SCREEN_EXHAUSTED_PRIMALITY_UNASSIGNED,GF3A_DIRECTIONAL_WRITE_EXHAUSTED_PRIMALITY_UNASSIGNED,513,512,512,NO_RECORDED_FACTOR_PRP_OR_LL_RESULT_AND_NO_ACTIVE_GIMPS_ASSIGNMENT,2026-08-09T09:12:31+00:00,UNALLOCATED,,,,,
SLCMP2607-1081,1081,1081,794054917,2^794054917-1,STRUCTURAL_SCREEN_EXHAUSTED_PRIMALITY_UNASSIGNED,GF3A_DIRECTIONAL_WRITE_EXHAUSTED_PRIMALITY_UNASSIGNED,513,512,512,NO_RECORDED_FACTOR_PRP_OR_LL_RESULT_AND_NO_ACTIVE_GIMPS_ASSIGNMENT,2026-08-09T09:12:31+00:00,UNALLOCATED,,,,,
SLCMP2607-1082,1082,1082,794054929,2^794054929-1,STRUCTURAL_SCREEN_EXHAUSTED_PRIMALITY_UNASSIGNED,GF3A_DIRECTIONAL_WRITE_EXHAUSTED_PRIMALITY_UNASSIGNED,513,512,512,NO_RECORDED_FACTOR_PRP_OR_LL_RESULT_AND_NO_ACTIVE_GIMPS_ASSIGNMENT,2026-08-09T09:12:31+00:00,UNALLOCATED,,,,,
SLCMP2607-1083,1083,1083,794054971,2^794054971-1,STRUCTURAL_SCREEN_EXHAUSTED_PRIMALITY_UNASSIGNED,GF3A_DIRECTIONAL_WRITE_EXHAUSTED_PRIMALITY_UNASSIGNED,514,512,512,NO_RECORDED_FACTOR_PRP_OR_LL_RESULT_AND_NO_ACTIVE_GIMPS_ASSIGNMENT,2026-08-09T09:12:31+00:00,UNALLOCATED,,,,,
SLCMP2607-1084,1084,1084,794054999,2^794054999-1,STRUCTURAL_SCREEN_EXHAUSTED_PRIMALITY_UNASSIGNED,GF3A_DIRECTIONAL_WRITE_EXHAUSTED_PRIMALITY_UNASSIGNED,514,512,512,NO_RECORDED_FACTOR_PRP_OR_LL_RESULT_AND_NO_ACTIVE_GIMPS_ASSIGNMENT,2026-08-09T09:12:31+00:00,UNALLOCATED,,,,,
SLCMP2607-1085,1085,1085,794055007,2^794055007-1,STRUCTURAL_SCREEN_EXHAUSTED_PRIMALITY_UNASSIGNED,GF3A_DIRECTIONAL_WRITE_EXHAUSTED_PRIMALITY_UNASSIGNED,514,512,512,NO_RECORDED_FACTOR_PRP_OR_LL_RESULT_AND_NO_ACTIVE_GIMPS_ASSIGNMENT,2026-08-09T09:12:31+00:00,UNALLOCATED,,,,,
SLCMP2607-1086,1086,1086,794055043,2^794055043-1,STRUCTURAL_SCREEN_EXHAUSTED_PRIMALITY_UNASSIGNED,GF3A_DIRECTIONAL_WRITE_EXHAUSTED_PRIMALITY_UNASSIGNED,514,512,512,NO_RECORDED_FACTOR_PRP_OR_LL_RESULT_AND_NO_ACTIVE_GIMPS_ASSIGNMENT,2026-08-09T09:12:31+00:00,UNALLOCATED,,,,,
SLCMP2607-1087,1087,1087,794055089,2^794055089-1,STRUCTURAL_SCREEN_EXHAUSTED_PRIMALITY_UNASSIGNED,GF3A_DIRECTIONAL_WRITE_EXHAUSTED_PRIMALITY_UNASSIGNED,513,512,512,NO_RECORDED_FACTOR_PRP_OR_LL_RESULT_AND_NO_ACTIVE_GIMPS_ASSIGNMENT,2026-08-09T09:12:31+00:00,UNALLOCATED,,,,,
SLCMP2607-1088,1088,1088,794055103,2^794055103-1,STRUCTURAL_SCREEN_EXHAUSTED_PRIMALITY_UNASSIGNED,GF3A_DIRECTIONAL_WRITE_EXHAUSTED_PRIMALITY_UNASSIGNED,514,512,512,NO_RECORDED_FACTOR_PRP_OR_LL_RESULT_AND_NO_ACTIVE_GIMPS_ASSIGNMENT,2026-08-09T09:12:31+00:00,UNALLOCATED,,,,,
SLCMP2607-1089,1089,1089,794055131,2^794055131-1,STRUCTURAL_SCREEN_EXHAUSTED_PRIMALITY_UNASSIGNED,GF3A_DIRECTIONAL_WRITE_EXHAUSTED_PRIMALITY_UNASSIGNED,514,512,512,NO_RECORDED_FACTOR_PRP_OR_LL_RESULT_AND_NO_ACTIVE_GIMPS_ASSIGNMENT,2026-08-09T09:12:31+00:00,UNALLOCATED,,,,,
SLCMP2607-1090,1090,1090,794055161,2^794055161-1,STRUCTURAL_SCREEN_EXHAUSTED_PRIMALITY_UNASSIGNED,GF3A_DIRECTIONAL_WRITE_EXHAUSTED_PRIMALITY_UNASSIGNED,513,512,512,NO_RECORDED_FACTOR_PRP_OR_LL_RESULT_AND_NO_ACTIVE_GIMPS_ASSIGNMENT,2026-08-09T09:12:31+00:00,UNALLOCATED,,,,,
SLCMP2607-1091,1091,1091,794055179,2^794055179-1,STRUCTURAL_SCREEN_EXHAUSTED_PRIMALITY_UNASSIGNED,GF3A_DIRECTIONAL_WRITE_EXHAUSTED_PRIMALITY_UNASSIGNED,514,512,512,NO_RECORDED_FACTOR_PRP_OR_LL_RESULT_AND_NO_ACTIVE_GIMPS_ASSIGNMENT,2026-08-09T09:12:31+00:00,UNALLOCATED,,,,,
SLCMP2607-1092,1092,1092,794055191,2^794055191-1,STRUCTURAL_SCREEN_EXHAUSTED_PRIMALITY_UNASSIGNED,GF3A_DIRECTIONAL_WRITE_EXHAUSTED_PRIMALITY_UNASSIGNED,514,512,512,NO_RECORDED_FACTOR_PRP_OR_LL_RESULT_AND_NO_ACTIVE_GIMPS_ASSIGNMENT,2026-08-09T09:12:31+00:00,UNALLOCATED,,,,,
SLCMP2607-1093,1093,1093,794055211,2^794055211-1,STRUCTURAL_SCREEN_EXHAUSTED_PRIMALITY_UNASSIGNED,GF3A_DIRECTIONAL_WRITE_EXHAUSTED_PRIMALITY_UNASSIGNED,514,512,512,NO_RECORDED_FACTOR_PRP_OR_LL_RESULT_AND_NO_ACTIVE_GIMPS_ASSIGNMENT,2026-08-09T09:12:31+00:00,UNALLOCATED,,,,,
SLCMP2607-1094,1094,1094,794055337,2^794055337-1,STRUCTURAL_SCREEN_EXHAUSTED_PRIMALITY_UNASSIGNED,GF3A_DIRECTIONAL_WRITE_EXHAUSTED_PRIMALITY_UNASSIGNED,513,512,512,NO_RECORDED_FACTOR_PRP_OR_LL_RESULT_AND_NO_ACTIVE_GIMPS_ASSIGNMENT,2026-08-09T09:12:31+00:00,UNALLOCATED,,,,,
SLCMP2607-1095,1095,1095,794055371,2^794055371-1,STRUCTURAL_SCREEN_EXHAUSTED_PRIMALITY_UNASSIGNED,GF3A_DIRECTIONAL_WRITE_EXHAUSTED_PRIMALITY_UNASSIGNED,514,512,512,NO_RECORDED_FACTOR_PRP_OR_LL_RESULT_AND_NO_ACTIVE_GIMPS_ASSIGNMENT,2026-08-09T09:12:31+00:00,UNALLOCATED,,,,,
SLCMP2607-1096,1096,1096,794055373,2^794055373-1,STRUCTURAL_SCREEN_EXHAUSTED_PRIMALITY_UNASSIGNED,GF3A_DIRECTIONAL_WRITE_EXHAUSTED_PRIMALITY_UNASSIGNED,513,512,512,NO_RECORDED_FACTOR_PRP_OR_LL_RESULT_AND_NO_ACTIVE_GIMPS_ASSIGNMENT,2026-08-09T09:12:31+00:00,UNALLOCATED,,,,,
SLCMP2607-1097,1097,1097,794055389,2^794055389-1,STRUCTURAL_SCREEN_EXHAUSTED_PRIMALITY_UNASSIGNED,GF3A_DIRECTIONAL_WRITE_EXHAUSTED_PRIMALITY_UNASSIGNED,513,512,512,NO_RECORDED_FACTOR_PRP_OR_LL_RESULT_AND_NO_ACTIVE_GIMPS_ASSIGNMENT,2026-08-09T09:12:31+00:00,UNALLOCATED,,,,,
SLCMP2607-1098,1098,1098,794055403,2^794055403-1,STRUCTURAL_SCREEN_EXHAUSTED_PRIMALITY_UNASSIGNED,GF3A_DIRECTIONAL_WRITE_EXHAUSTED_PRIMALITY_UNASSIGNED,514,512,512,NO_RECORDED_FACTOR_PRP_OR_LL_RESULT_AND_NO_ACTIVE_GIMPS_ASSIGNMENT,2026-08-09T09:12:31+00:00,UNALLOCATED,,,,,
SLCMP2607-1099,1099,1099,794055413,2^794055413-1,STRUCTURAL_SCREEN_EXHAUSTED_PRIMALITY_UNASSIGNED,GF3A_DIRECTIONAL_WRITE_EXHAUSTED_PRIMALITY_UNASSIGNED,513,512,512,NO_RECORDED_FACTOR_PRP_OR_LL_RESULT_AND_NO_ACTIVE_GIMPS_ASSIGNMENT,2026-08-09T09:12:31+00:00,UNALLOCATED,,,,,
SLCMP2607-1100,1100,1100,794055433,2^794055433-1,STRUCTURAL_SCREEN_EXHAUSTED_PRIMALITY_UNASSIGNED,GF3A_DIRECTIONAL_WRITE_EXHAUSTED_PRIMALITY_UNASSIGNED,513,512,512,NO_RECORDED_FACTOR_PRP_OR_LL_RESULT_AND_NO_ACTIVE_GIMPS_ASSIGNMENT,2026-08-09T09:12:31+00:00,UNALLOCATED,,,,,
SLCMP2607-1101,1101,1101,794055527,2^794055527-1,STRUCTURAL_SCREEN_EXHAUSTED_PRIMALITY_UNASSIGNED,GF3A_DIRECTIONAL_WRITE_EXHAUSTED_PRIMALITY_UNASSIGNED,514,512,512,NO_RECORDED_FACTOR_PRP_OR_LL_RESULT_AND_NO_ACTIVE_GIMPS_ASSIGNMENT,2026-08-09T09:12:31+00:00,UNALLOCATED,,,,,
SLCMP2607-1102,1102,1102,794055541,2^794055541-1,STRUCTURAL_SCREEN_EXHAUSTED_PRIMALITY_UNASSIGNED,GF3A_DIRECTIONAL_WRITE_EXHAUSTED_PRIMALITY_UNASSIGNED,513,512,512,NO_RECORDED_FACTOR_PRP_OR_LL_RESULT_AND_NO_ACTIVE_GIMPS_ASSIGNMENT,2026-08-09T09:12:31+00:00,UNALLOCATED,,,,,
SLCMP2607-1103,1103,1103,794055547,2^794055547-1,STRUCTURAL_SCREEN_EXHAUSTED_PRIMALITY_UNASSIGNED,GF3A_DIRECTIONAL_WRITE_EXHAUSTED_PRIMALITY_UNASSIGNED,514,512,512,NO_RECORDED_FACTOR_PRP_OR_LL_RESULT_AND_NO_ACTIVE_GIMPS_ASSIGNMENT,2026-08-09T09:12:31+00:00,UNALLOCATED,,,,,
SLCMP2607-1104,1104,1104,794055599,2^794055599-1,STRUCTURAL_SCREEN_EXHAUSTED_PRIMALITY_UNASSIGNED,GF3A_DIRECTIONAL_WRITE_EXHAUSTED_PRIMALITY_UNASSIGNED,514,512,512,NO_RECORDED_FACTOR_PRP_OR_LL_RESULT_AND_NO_ACTIVE_GIMPS_ASSIGNMENT,2026-08-09T09:12:31+00:00,UNALLOCATED,,,,,
SLCMP2607-1105,1105,1105,794055629,2^794055629-1,STRUCTURAL_SCREEN_EXHAUSTED_PRIMALITY_UNASSIGNED,GF3A_DIRECTIONAL_WRITE_EXHAUSTED_PRIMALITY_UNASSIGNED,513,512,512,NO_RECORDED_FACTOR_PRP_OR_LL_RESULT_AND_NO_ACTIVE_GIMPS_ASSIGNMENT,2026-08-09T09:12:31+00:00,UNALLOCATED,,,,,
SLCMP2607-1106,1106,1106,794055721,2^794055721-1,STRUCTURAL_SCREEN_EXHAUSTED_PRIMALITY_UNASSIGNED,GF3A_DIRECTIONAL_WRITE_EXHAUSTED_PRIMALITY_UNASSIGNED,513,512,512,NO_RECORDED_FACTOR_PRP_OR_LL_RESULT_AND_NO_ACTIVE_GIMPS_ASSIGNMENT,2026-08-09T09:12:31+00:00,UNALLOCATED,,,,,
SLCMP2607-1107,1107,1107,794055803,2^794055803-1,STRUCTURAL_SCREEN_EXHAUSTED_PRIMALITY_UNASSIGNED,GF3A_DIRECTIONAL_WRITE_EXHAUSTED_PRIMALITY_UNASSIGNED,514,512,512,NO_RECORDED_FACTOR_PRP_OR_LL_RESULT_AND_NO_ACTIVE_GIMPS_ASSIGNMENT,2026-08-09T09:12:31+00:00,UNALLOCATED,,,,,
SLCMP2607-1108,1108,1108,794055811,2^794055811-1,STRUCTURAL_SCREEN_EXHAUSTED_PRIMALITY_UNASSIGNED,GF3A_DIRECTIONAL_WRITE_EXHAUSTED_PRIMALITY_UNASSIGNED,514,512,512,NO_RECORDED_FACTOR_PRP_OR_LL_RESULT_AND_NO_ACTIVE_GIMPS_ASSIGNMENT,2026-08-09T09:12:31+00:00,UNALLOCATED,,,,,
SLCMP2607-1109,1109,1109,794055851,2^794055851-1,STRUCTURAL_SCREEN_EXHAUSTED_PRIMALITY_UNASSIGNED,GF3A_DIRECTIONAL_WRITE_EXHAUSTED_PRIMALITY_UNASSIGNED,514,512,512,NO_RECORDED_FACTOR_PRP_OR_LL_RESULT_AND_NO_ACTIVE_GIMPS_ASSIGNMENT,2026-08-09T09:12:31+00:00,UNALLOCATED,,,,,
SLCMP2607-1110,1110,1110,794055959,2^794055959-1,STRUCTURAL_SCREEN_EXHAUSTED_PRIMALITY_UNASSIGNED,GF3A_DIRECTIONAL_WRITE_EXHAUSTED_PRIMALITY_UNASSIGNED,514,512,512,NO_RECORDED_FACTOR_PRP_OR_LL_RESULT_AND_NO_ACTIVE_GIMPS_ASSIGNMENT,2026-08-09T09:12:31+00:00,UNALLOCATED,,,,,
SLCMP2607-1111,1111,1111,794056019,2^794056019-1,STRUCTURAL_SCREEN_EXHAUSTED_PRIMALITY_UNASSIGNED,GF3A_DIRECTIONAL_WRITE_EXHAUSTED_PRIMALITY_UNASSIGNED,514,512,512,NO_RECORDED_FACTOR_PRP_OR_LL_RESULT_AND_NO_ACTIVE_GIMPS_ASSIGNMENT,2026-08-09T09:12:31+00:00,UNALLOCATED,,,,,
SLCMP2607-1112,1112,1112,794056027,2^794056027-1,STRUCTURAL_SCREEN_EXHAUSTED_PRIMALITY_UNASSIGNED,GF3A_DIRECTIONAL_WRITE_EXHAUSTED_PRIMALITY_UNASSIGNED,514,512,512,NO_RECORDED_FACTOR_PRP_OR_LL_RESULT_AND_NO_ACTIVE_GIMPS_ASSIGNMENT,2026-08-09T09:12:31+00:00,UNALLOCATED,,,,,
SLCMP2607-1113,1113,1113,794056073,2^794056073-1,STRUCTURAL_SCREEN_EXHAUSTED_PRIMALITY_UNASSIGNED,GF3A_DIRECTIONAL_WRITE_EXHAUSTED_PRIMALITY_UNASSIGNED,513,512,512,NO_RECORDED_FACTOR_PRP_OR_LL_RESULT_AND_NO_ACTIVE_GIMPS_ASSIGNMENT,2026-08-09T09:12:31+00:00,UNALLOCATED,,,,,
SLCMP2607-1114,1114,1114,794056121,2^794056121-1,STRUCTURAL_SCREEN_EXHAUSTED_PRIMALITY_UNASSIGNED,GF3A_DIRECTIONAL_WRITE_EXHAUSTED_PRIMALITY_UNASSIGNED,513,512,512,NO_RECORDED_FACTOR_PRP_OR_LL_RESULT_AND_NO_ACTIVE_GIMPS_ASSIGNMENT,2026-08-09T09:12:31+00:00,UNALLOCATED,,,,,
SLCMP2607-1115,1115,1115,794056139,2^794056139-1,STRUCTURAL_SCREEN_EXHAUSTED_PRIMALITY_UNASSIGNED,GF3A_DIRECTIONAL_WRITE_EXHAUSTED_PRIMALITY_UNASSIGNED,514,512,512,NO_RECORDED_FACTOR_PRP_OR_LL_RESULT_AND_NO_ACTIVE_GIMPS_ASSIGNMENT,2026-08-09T09:12:31+00:00,UNALLOCATED,,,,,
SLCMP2607-1116,1116,1116,794056267,2^794056267-1,STRUCTURAL_SCREEN_EXHAUSTED_PRIMALITY_UNASSIGNED,GF3A_DIRECTIONAL_WRITE_EXHAUSTED_PRIMALITY_UNASSIGNED,514,512,512,NO_RECORDED_FACTOR_PRP_OR_LL_RESULT_AND_NO_ACTIVE_GIMPS_ASSIGNMENT,2026-08-09T09:12:31+00:00,UNALLOCATED,,,,,
SLCMP2607-1117,1117,1117,794056381,2^794056381-1,STRUCTURAL_SCREEN_EXHAUSTED_PRIMALITY_UNASSIGNED,GF3A_DIRECTIONAL_WRITE_EXHAUSTED_PRIMALITY_UNASSIGNED,513,512,512,NO_RECORDED_FACTOR_PRP_OR_LL_RESULT_AND_NO_ACTIVE_GIMPS_ASSIGNMENT,2026-08-09T09:12:31+00:00,UNALLOCATED,,,,,
SLCMP2607-1118,1118,1118,794056387,2^794056387-1,STRUCTURAL_SCREEN_EXHAUSTED_PRIMALITY_UNASSIGNED,GF3A_DIRECTIONAL_WRITE_EXHAUSTED_PRIMALITY_UNASSIGNED,514,512,512,NO_RECORDED_FACTOR_PRP_OR_LL_RESULT_AND_NO_ACTIVE_GIMPS_ASSIGNMENT,2026-08-09T09:12:31+00:00,UNALLOCATED,,,,,
SLCMP2607-1119,1119,1119,794056429,2^794056429-1,STRUCTURAL_SCREEN_EXHAUSTED_PRIMALITY_UNASSIGNED,GF3A_DIRECTIONAL_WRITE_EXHAUSTED_PRIMALITY_UNASSIGNED,513,512,512,NO_RECORDED_FACTOR_PRP_OR_LL_RESULT_AND_NO_ACTIVE_GIMPS_ASSIGNMENT,2026-08-09T09:12:31+00:00,UNALLOCATED,,,,,
SLCMP2607-1120,1120,1120,794056457,2^794056457-1,STRUCTURAL_SCREEN_EXHAUSTED_PRIMALITY_UNASSIGNED,GF3A_DIRECTIONAL_WRITE_EXHAUSTED_PRIMALITY_UNASSIGNED,513,512,512,NO_RECORDED_FACTOR_PRP_OR_LL_RESULT_AND_NO_ACTIVE_GIMPS_ASSIGNMENT,2026-08-09T09:12:31+00:00,UNALLOCATED,,,,,
SLCMP2607-1121,1121,1121,794056499,2^794056499-1,STRUCTURAL_SCREEN_EXHAUSTED_PRIMALITY_UNASSIGNED,GF3A_DIRECTIONAL_WRITE_EXHAUSTED_PRIMALITY_UNASSIGNED,514,512,512,NO_RECORDED_FACTOR_PRP_OR_LL_RESULT_AND_NO_ACTIVE_GIMPS_ASSIGNMENT,2026-08-09T09:12:31+00:00,UNALLOCATED,,,,,
SLCMP2607-1122,1122,1122,794056541,2^794056541-1,STRUCTURAL_SCREEN_EXHAUSTED_PRIMALITY_UNASSIGNED,GF3A_DIRECTIONAL_WRITE_EXHAUSTED_PRIMALITY_UNASSIGNED,513,512,512,NO_RECORDED_FACTOR_PRP_OR_LL_RESULT_AND_NO_ACTIVE_GIMPS_ASSIGNMENT,2026-08-09T09:12:31+00:00,UNALLOCATED,,,,,
SLCMP2607-1123,1123,1123,794056573,2^794056573-1,STRUCTURAL_SCREEN_EXHAUSTED_PRIMALITY_UNASSIGNED,GF3A_DIRECTIONAL_WRITE_EXHAUSTED_PRIMALITY_UNASSIGNED,513,512,512,NO_RECORDED_FACTOR_PRP_OR_LL_RESULT_AND_NO_ACTIVE_GIMPS_ASSIGNMENT,2026-08-09T09:12:31+00:00,UNALLOCATED,,,,,
SLCMP2607-1124,1124,1124,794056651,2^794056651-1,STRUCTURAL_SCREEN_EXHAUSTED_PRIMALITY_UNASSIGNED,GF3A_DIRECTIONAL_WRITE_EXHAUSTED_PRIMALITY_UNASSIGNED,514,512,512,NO_RECORDED_FACTOR_PRP_OR_LL_RESULT_AND_NO_ACTIVE_GIMPS_ASSIGNMENT,2026-08-09T09:12:31+00:00,UNALLOCATED,,,,,
SLCMP2607-1125,1125,1125,794056673,2^794056673-1,STRUCTURAL_SCREEN_EXHAUSTED_PRIMALITY_UNASSIGNED,GF3A_DIRECTIONAL_WRITE_EXHAUSTED_PRIMALITY_UNASSIGNED,513,512,512,NO_RECORDED_FACTOR_PRP_OR_LL_RESULT_AND_NO_ACTIVE_GIMPS_ASSIGNMENT,2026-08-09T09:12:31+00:00,UNALLOCATED,,,,,
SLCMP2607-1126,1126,1126,794056693,2^794056693-1,STRUCTURAL_SCREEN_EXHAUSTED_PRIMALITY_UNASSIGNED,GF3A_DIRECTIONAL_WRITE_EXHAUSTED_PRIMALITY_UNASSIGNED,513,512,512,NO_RECORDED_FACTOR_PRP_OR_LL_RESULT_AND_NO_ACTIVE_GIMPS_ASSIGNMENT,2026-08-09T09:12:31+00:00,UNALLOCATED,,,,,
SLCMP2607-1127,1127,1127,794056817,2^794056817-1,STRUCTURAL_SCREEN_EXHAUSTED_PRIMALITY_UNASSIGNED,GF3A_DIRECTIONAL_WRITE_EXHAUSTED_PRIMALITY_UNASSIGNED,513,512,512,NO_RECORDED_FACTOR_PRP_OR_LL_RESULT_AND_NO_ACTIVE_GIMPS_ASSIGNMENT,2026-08-09T09:12:31+00:00,UNALLOCATED,,,,,
SLCMP2607-1128,1128,1128,794056819,2^794056819-1,STRUCTURAL_SCREEN_EXHAUSTED_PRIMALITY_UNASSIGNED,GF3A_DIRECTIONAL_WRITE_EXHAUSTED_PRIMALITY_UNASSIGNED,514,512,512,NO_RECORDED_FACTOR_PRP_OR_LL_RESULT_AND_NO_ACTIVE_GIMPS_ASSIGNMENT,2026-08-09T09:12:31+00:00,UNALLOCATED,,,,,
SLCMP2607-1129,1129,1129,794056831,2^794056831-1,STRUCTURAL_SCREEN_EXHAUSTED_PRIMALITY_UNASSIGNED,GF3A_DIRECTIONAL_WRITE_EXHAUSTED_PRIMALITY_UNASSIGNED,514,512,512,NO_RECORDED_FACTOR_PRP_OR_LL_RESULT_AND_NO_ACTIVE_GIMPS_ASSIGNMENT,2026-08-09T09:12:31+00:00,UNALLOCATED,,,,,
SLCMP2607-1130,1130,1130,794056867,2^794056867-1,STRUCTURAL_SCREEN_EXHAUSTED_PRIMALITY_UNASSIGNED,GF3A_DIRECTIONAL_WRITE_EXHAUSTED_PRIMALITY_UNASSIGNED,514,512,512,NO_RECORDED_FACTOR_PRP_OR_LL_RESULT_AND_NO_ACTIVE_GIMPS_ASSIGNMENT,2026-08-09T09:12:31+00:00,UNALLOCATED,,,,,
SLCMP2607-1131,1131,1131,794056919,2^794056919-1,STRUCTURAL_SCREEN_EXHAUSTED_PRIMALITY_UNASSIGNED,GF3A_DIRECTIONAL_WRITE_EXHAUSTED_PRIMALITY_UNASSIGNED,514,512,512,NO_RECORDED_FACTOR_PRP_OR_LL_RESULT_AND_NO_ACTIVE_GIMPS_ASSIGNMENT,2026-08-09T09:12:31+00:00,UNALLOCATED,,,,,
SLCMP2607-1132,1132,1132,794056997,2^794056997-1,STRUCTURAL_SCREEN_EXHAUSTED_PRIMALITY_UNASSIGNED,GF3A_DIRECTIONAL_WRITE_EXHAUSTED_PRIMALITY_UNASSIGNED,513,512,512,NO_RECORDED_FACTOR_PRP_OR_LL_RESULT_AND_NO_ACTIVE_GIMPS_ASSIGNMENT,2026-08-09T09:12:31+00:00,UNALLOCATED,,,,,
SLCMP2607-1133,1133,1133,794057041,2^794057041-1,STRUCTURAL_SCREEN_EXHAUSTED_PRIMALITY_UNASSIGNED,GF3A_DIRECTIONAL_WRITE_EXHAUSTED_PRIMALITY_UNASSIGNED,513,512,512,NO_RECORDED_FACTOR_PRP_OR_LL_RESULT_AND_NO_ACTIVE_GIMPS_ASSIGNMENT,2026-08-09T09:12:31+00:00,UNALLOCATED,,,,,
SLCMP2607-1134,1134,1134,794057093,2^794057093-1,STRUCTURAL_SCREEN_EXHAUSTED_PRIMALITY_UNASSIGNED,GF3A_DIRECTIONAL_WRITE_EXHAUSTED_PRIMALITY_UNASSIGNED,513,512,512,NO_RECORDED_FACTOR_PRP_OR_LL_RESULT_AND_NO_ACTIVE_GIMPS_ASSIGNMENT,2026-08-09T09:12:31+00:00,UNALLOCATED,,,,,
SLCMP2607-1135,1135,1135,794057107,2^794057107-1,STRUCTURAL_SCREEN_EXHAUSTED_PRIMALITY_UNASSIGNED,GF3A_DIRECTIONAL_WRITE_EXHAUSTED_PRIMALITY_UNASSIGNED,514,512,512,NO_RECORDED_FACTOR_PRP_OR_LL_RESULT_AND_NO_ACTIVE_GIMPS_ASSIGNMENT,2026-08-09T09:12:31+00:00,UNALLOCATED,,,,,
SLCMP2607-1136,1136,1136,794057197,2^794057197-1,STRUCTURAL_SCREEN_EXHAUSTED_PRIMALITY_UNASSIGNED,GF3A_DIRECTIONAL_WRITE_EXHAUSTED_PRIMALITY_UNASSIGNED,513,512,512,NO_RECORDED_FACTOR_PRP_OR_LL_RESULT_AND_NO_ACTIVE_GIMPS_ASSIGNMENT,2026-08-09T09:12:31+00:00,UNALLOCATED,,,,,
SLCMP2607-1137,1137,1137,794057239,2^794057239-1,STRUCTURAL_SCREEN_EXHAUSTED_PRIMALITY_UNASSIGNED,GF3A_DIRECTIONAL_WRITE_EXHAUSTED_PRIMALITY_UNASSIGNED,514,512,512,NO_RECORDED_FACTOR_PRP_OR_LL_RESULT_AND_NO_ACTIVE_GIMPS_ASSIGNMENT,2026-08-09T09:12:31+00:00,UNALLOCATED,,,,,
SLCMP2607-1138,1138,1138,794057263,2^794057263-1,STRUCTURAL_SCREEN_EXHAUSTED_PRIMALITY_UNASSIGNED,GF3A_DIRECTIONAL_WRITE_EXHAUSTED_PRIMALITY_UNASSIGNED,514,512,512,NO_RECORDED_FACTOR_PRP_OR_LL_RESULT_AND_NO_ACTIVE_GIMPS_ASSIGNMENT,2026-08-09T09:12:31+00:00,UNALLOCATED,,,,,
SLCMP2607-1139,1139,1139,794057351,2^794057351-1,STRUCTURAL_SCREEN_EXHAUSTED_PRIMALITY_UNASSIGNED,GF3A_DIRECTIONAL_WRITE_EXHAUSTED_PRIMALITY_UNASSIGNED,514,512,512,NO_RECORDED_FACTOR_PRP_OR_LL_RESULT_AND_NO_ACTIVE_GIMPS_ASSIGNMENT,2026-08-09T09:12:31+00:00,UNALLOCATED,,,,,
SLCMP2607-1140,1140,1140,794057357,2^794057357-1,STRUCTURAL_SCREEN_EXHAUSTED_PRIMALITY_UNASSIGNED,GF3A_DIRECTIONAL_WRITE_EXHAUSTED_PRIMALITY_UNASSIGNED,513,512,512,NO_RECORDED_FACTOR_PRP_OR_LL_RESULT_AND_NO_ACTIVE_GIMPS_ASSIGNMENT,2026-08-09T09:12:31+00:00,UNALLOCATED,,,,,
SLCMP2607-1141,1141,1141,794057461,2^794057461-1,STRUCTURAL_SCREEN_EXHAUSTED_PRIMALITY_UNASSIGNED,GF3A_DIRECTIONAL_WRITE_EXHAUSTED_PRIMALITY_UNASSIGNED,513,512,512,NO_RECORDED_FACTOR_PRP_OR_LL_RESULT_AND_NO_ACTIVE_GIMPS_ASSIGNMENT,2026-08-09T09:12:31+00:00,UNALLOCATED,,,,,
SLCMP2607-1142,1142,1142,794057567,2^794057567-1,STRUCTURAL_SCREEN_EXHAUSTED_PRIMALITY_UNASSIGNED,GF3A_DIRECTIONAL_WRITE_EXHAUSTED_PRIMALITY_UNASSIGNED,514,512,512,NO_RECORDED_FACTOR_PRP_OR_LL_RESULT_AND_NO_ACTIVE_GIMPS_ASSIGNMENT,2026-08-09T09:12:31+00:00,UNALLOCATED,,,,,
SLCMP2607-1143,1143,1143,794057581,2^794057581-1,STRUCTURAL_SCREEN_EXHAUSTED_PRIMALITY_UNASSIGNED,GF3A_DIRECTIONAL_WRITE_EXHAUSTED_PRIMALITY_UNASSIGNED,513,512,512,NO_RECORDED_FACTOR_PRP_OR_LL_RESULT_AND_NO_ACTIVE_GIMPS_ASSIGNMENT,2026-08-09T09:12:31+00:00,UNALLOCATED,,,,,
SLCMP2607-1144,1144,1144,794057609,2^794057609-1,STRUCTURAL_SCREEN_EXHAUSTED_PRIMALITY_UNASSIGNED,GF3A_DIRECTIONAL_WRITE_EXHAUSTED_PRIMALITY_UNASSIGNED,513,512,512,NO_RECORDED_FACTOR_PRP_OR_LL_RESULT_AND_NO_ACTIVE_GIMPS_ASSIGNMENT,2026-08-09T09:12:31+00:00,UNALLOCATED,,,,,
SLCMP2607-1145,1145,1145,794057687,2^794057687-1,STRUCTURAL_SCREEN_EXHAUSTED_PRIMALITY_UNASSIGNED,GF3A_DIRECTIONAL_WRITE_EXHAUSTED_PRIMALITY_UNASSIGNED,514,512,512,NO_RECORDED_FACTOR_PRP_OR_LL_RESULT_AND_NO_ACTIVE_GIMPS_ASSIGNMENT,2026-08-09T09:12:31+00:00,UNALLOCATED,,,,,
SLCMP2607-1146,1146,1146,794057723,2^794057723-1,STRUCTURAL_SCREEN_EXHAUSTED_PRIMALITY_UNASSIGNED,GF3A_DIRECTIONAL_WRITE_EXHAUSTED_PRIMALITY_UNASSIGNED,514,512,512,NO_RECORDED_FACTOR_PRP_OR_LL_RESULT_AND_NO_ACTIVE_GIMPS_ASSIGNMENT,2026-08-09T09:12:31+00:00,UNALLOCATED,,,,,
SLCMP2607-1147,1147,1147,794057741,2^794057741-1,STRUCTURAL_SCREEN_EXHAUSTED_PRIMALITY_UNASSIGNED,GF3A_DIRECTIONAL_WRITE_EXHAUSTED_PRIMALITY_UNASSIGNED,513,512,512,NO_RECORDED_FACTOR_PRP_OR_LL_RESULT_AND_NO_ACTIVE_GIMPS_ASSIGNMENT,2026-08-09T09:12:31+00:00,UNALLOCATED,,,,,
SLCMP2607-1148,1148,1148,794057749,2^794057749-1,STRUCTURAL_SCREEN_EXHAUSTED_PRIMALITY_UNASSIGNED,GF3A_DIRECTIONAL_WRITE_EXHAUSTED_PRIMALITY_UNASSIGNED,513,512,512,NO_RECORDED_FACTOR_PRP_OR_LL_RESULT_AND_NO_ACTIVE_GIMPS_ASSIGNMENT,2026-08-09T09:12:31+00:00,UNALLOCATED,,,,,
SLCMP2607-1149,1149,1149,794057791,2^794057791-1,STRUCTURAL_SCREEN_EXHAUSTED_PRIMALITY_UNASSIGNED,GF3A_DIRECTIONAL_WRITE_EXHAUSTED_PRIMALITY_UNASSIGNED,514,512,512,NO_RECORDED_FACTOR_PRP_OR_LL_RESULT_AND_NO_ACTIVE_GIMPS_ASSIGNMENT,2026-08-09T09:12:31+00:00,UNALLOCATED,,,,,
SLCMP2607-1150,1150,1150,794057833,2^794057833-1,STRUCTURAL_SCREEN_EXHAUSTED_PRIMALITY_UNASSIGNED,GF3A_DIRECTIONAL_WRITE_EXHAUSTED_PRIMALITY_UNASSIGNED,513,512,512,NO_RECORDED_FACTOR_PRP_OR_LL_RESULT_AND_NO_ACTIVE_GIMPS_ASSIGNMENT,2026-08-09T09:12:31+00:00,UNALLOCATED,,,,,
SLCMP2607-1151,1151,1151,794057863,2^794057863-1,STRUCTURAL_SCREEN_EXHAUSTED_PRIMALITY_UNASSIGNED,GF3A_DIRECTIONAL_WRITE_EXHAUSTED_PRIMALITY_UNASSIGNED,514,512,512,NO_RECORDED_FACTOR_PRP_OR_LL_RESULT_AND_NO_ACTIVE_GIMPS_ASSIGNMENT,2026-08-09T09:12:31+00:00,UNALLOCATED,,,,,
SLCMP2607-1152,1152,1152,794058079,2^794058079-1,STRUCTURAL_SCREEN_EXHAUSTED_PRIMALITY_UNASSIGNED,GF3A_DIRECTIONAL_WRITE_EXHAUSTED_PRIMALITY_UNASSIGNED,514,512,512,NO_RECORDED_FACTOR_PRP_OR_LL_RESULT_AND_NO_ACTIVE_GIMPS_ASSIGNMENT,2026-08-09T09:12:31+00:00,UNALLOCATED,,,,,
SLCMP2607-1153,1153,1153,794058131,2^794058131-1,STRUCTURAL_SCREEN_EXHAUSTED_PRIMALITY_UNASSIGNED,GF3A_DIRECTIONAL_WRITE_EXHAUSTED_PRIMALITY_UNASSIGNED,514,512,512,NO_RECORDED_FACTOR_PRP_OR_LL_RESULT_AND_NO_ACTIVE_GIMPS_ASSIGNMENT,2026-08-09T09:12:31+00:00,UNALLOCATED,,,,,
SLCMP2607-1154,1154,1154,794058143,2^794058143-1,STRUCTURAL_SCREEN_EXHAUSTED_PRIMALITY_UNASSIGNED,GF3A_DIRECTIONAL_WRITE_EXHAUSTED_PRIMALITY_UNASSIGNED,514,512,512,NO_RECORDED_FACTOR_PRP_OR_LL_RESULT_AND_NO_ACTIVE_GIMPS_ASSIGNMENT,2026-08-09T09:12:31+00:00,UNALLOCATED,,,,,
SLCMP2607-1155,1155,1155,794058271,2^794058271-1,STRUCTURAL_SCREEN_EXHAUSTED_PRIMALITY_UNASSIGNED,GF3A_DIRECTIONAL_WRITE_EXHAUSTED_PRIMALITY_UNASSIGNED,514,512,512,NO_RECORDED_FACTOR_PRP_OR_LL_RESULT_AND_NO_ACTIVE_GIMPS_ASSIGNMENT,2026-08-09T09:12:31+00:00,UNALLOCATED,,,,,
SLCMP2607-1156,1156,1156,794058337,2^794058337-1,STRUCTURAL_SCREEN_EXHAUSTED_PRIMALITY_UNASSIGNED,GF3A_DIRECTIONAL_WRITE_EXHAUSTED_PRIMALITY_UNASSIGNED,513,512,512,NO_RECORDED_FACTOR_PRP_OR_LL_RESULT_AND_NO_ACTIVE_GIMPS_ASSIGNMENT,2026-08-09T09:12:31+00:00,UNALLOCATED,,,,,
SLCMP2607-1157,1157,1157,794058379,2^794058379-1,STRUCTURAL_SCREEN_EXHAUSTED_PRIMALITY_UNASSIGNED,GF3A_DIRECTIONAL_WRITE_EXHAUSTED_PRIMALITY_UNASSIGNED,514,512,512,NO_RECORDED_FACTOR_PRP_OR_LL_RESULT_AND_NO_ACTIVE_GIMPS_ASSIGNMENT,2026-08-09T09:12:31+00:00,UNALLOCATED,,,,,
SLCMP2607-1158,1158,1158,794058481,2^794058481-1,STRUCTURAL_SCREEN_EXHAUSTED_PRIMALITY_UNASSIGNED,GF3A_DIRECTIONAL_WRITE_EXHAUSTED_PRIMALITY_UNASSIGNED,513,512,512,NO_RECORDED_FACTOR_PRP_OR_LL_RESULT_AND_NO_ACTIVE_GIMPS_ASSIGNMENT,2026-08-09T09:12:31+00:00,UNALLOCATED,,,,,
SLCMP2607-1159,1159,1159,794058649,2^794058649-1,STRUCTURAL_SCREEN_EXHAUSTED_PRIMALITY_UNASSIGNED,GF3A_DIRECTIONAL_WRITE_EXHAUSTED_PRIMALITY_UNASSIGNED,513,512,512,NO_RECORDED_FACTOR_PRP_OR_LL_RESULT_AND_NO_ACTIVE_GIMPS_ASSIGNMENT,2026-08-09T09:12:31+00:00,UNALLOCATED,,,,,
SLCMP2607-1160,1160,1160,794058719,2^794058719-1,STRUCTURAL_SCREEN_EXHAUSTED_PRIMALITY_UNASSIGNED,GF3A_DIRECTIONAL_WRITE_EXHAUSTED_PRIMALITY_UNASSIGNED,514,512,512,NO_RECORDED_FACTOR_PRP_OR_LL_RESULT_AND_NO_ACTIVE_GIMPS_ASSIGNMENT,2026-08-09T09:12:31+00:00,UNALLOCATED,,,,,
SLCMP2607-1161,1161,1161,794058779,2^794058779-1,STRUCTURAL_SCREEN_EXHAUSTED_PRIMALITY_UNASSIGNED,GF3A_DIRECTIONAL_WRITE_EXHAUSTED_PRIMALITY_UNASSIGNED,514,512,512,NO_RECORDED_FACTOR_PRP_OR_LL_RESULT_AND_NO_ACTIVE_GIMPS_ASSIGNMENT,2026-08-09T09:12:31+00:00,UNALLOCATED,,,,,
SLCMP2607-1162,1162,1162,794058791,2^794058791-1,STRUCTURAL_SCREEN_EXHAUSTED_PRIMALITY_UNASSIGNED,GF3A_DIRECTIONAL_WRITE_EXHAUSTED_PRIMALITY_UNASSIGNED,514,512,512,NO_RECORDED_FACTOR_PRP_OR_LL_RESULT_AND_NO_ACTIVE_GIMPS_ASSIGNMENT,2026-08-09T09:12:31+00:00,UNALLOCATED,,,,,
SLCMP2607-1163,1163,1163,794058823,2^794058823-1,STRUCTURAL_SCREEN_EXHAUSTED_PRIMALITY_UNASSIGNED,GF3A_DIRECTIONAL_WRITE_EXHAUSTED_PRIMALITY_UNASSIGNED,514,512,512,NO_RECORDED_FACTOR_PRP_OR_LL_RESULT_AND_NO_ACTIVE_GIMPS_ASSIGNMENT,2026-08-09T09:12:31+00:00,UNALLOCATED,,,,,
SLCMP2607-1164,1164,1164,794058829,2^794058829-1,STRUCTURAL_SCREEN_EXHAUSTED_PRIMALITY_UNASSIGNED,GF3A_DIRECTIONAL_WRITE_EXHAUSTED_PRIMALITY_UNASSIGNED,513,512,512,NO_RECORDED_FACTOR_PRP_OR_LL_RESULT_AND_NO_ACTIVE_GIMPS_ASSIGNMENT,2026-08-09T09:12:31+00:00,UNALLOCATED,,,,,
SLCMP2607-1165,1165,1165,794058883,2^794058883-1,STRUCTURAL_SCREEN_EXHAUSTED_PRIMALITY_UNASSIGNED,GF3A_DIRECTIONAL_WRITE_EXHAUSTED_PRIMALITY_UNASSIGNED,514,512,512,NO_RECORDED_FACTOR_PRP_OR_LL_RESULT_AND_NO_ACTIVE_GIMPS_ASSIGNMENT,2026-08-09T09:12:31+00:00,UNALLOCATED,,,,,
SLCMP2607-1166,1166,1166,794058911,2^794058911-1,STRUCTURAL_SCREEN_EXHAUSTED_PRIMALITY_UNASSIGNED,GF3A_DIRECTIONAL_WRITE_EXHAUSTED_PRIMALITY_UNASSIGNED,514,512,512,NO_RECORDED_FACTOR_PRP_OR_LL_RESULT_AND_NO_ACTIVE_GIMPS_ASSIGNMENT,2026-08-09T09:12:31+00:00,UNALLOCATED,,,,,
SLCMP2607-1167,1167,1167,794058913,2^794058913-1,STRUCTURAL_SCREEN_EXHAUSTED_PRIMALITY_UNASSIGNED,GF3A_DIRECTIONAL_WRITE_EXHAUSTED_PRIMALITY_UNASSIGNED,513,512,512,NO_RECORDED_FACTOR_PRP_OR_LL_RESULT_AND_NO_ACTIVE_GIMPS_ASSIGNMENT,2026-08-09T09:12:31+00:00,UNALLOCATED,,,,,
SLCMP2607-1168,1168,1168,794058953,2^794058953-1,STRUCTURAL_SCREEN_EXHAUSTED_PRIMALITY_UNASSIGNED,GF3A_DIRECTIONAL_WRITE_EXHAUSTED_PRIMALITY_UNASSIGNED,513,512,512,NO_RECORDED_FACTOR_PRP_OR_LL_RESULT_AND_NO_ACTIVE_GIMPS_ASSIGNMENT,2026-08-09T09:12:31+00:00,UNALLOCATED,,,,,
SLCMP2607-1169,1169,1169,794058973,2^794058973-1,STRUCTURAL_SCREEN_EXHAUSTED_PRIMALITY_UNASSIGNED,GF3A_DIRECTIONAL_WRITE_EXHAUSTED_PRIMALITY_UNASSIGNED,513,512,512,NO_RECORDED_FACTOR_PRP_OR_LL_RESULT_AND_NO_ACTIVE_GIMPS_ASSIGNMENT,2026-08-09T09:12:31+00:00,UNALLOCATED,,,,,
SLCMP2607-1170,1170,1170,794059187,2^794059187-1,STRUCTURAL_SCREEN_EXHAUSTED_PRIMALITY_UNASSIGNED,GF3A_DIRECTIONAL_WRITE_EXHAUSTED_PRIMALITY_UNASSIGNED,514,512,512,NO_RECORDED_FACTOR_PRP_OR_LL_RESULT_AND_NO_ACTIVE_GIMPS_ASSIGNMENT,2026-08-09T09:12:31+00:00,UNALLOCATED,,,,,
SLCMP2607-1171,1171,1171,794059241,2^794059241-1,STRUCTURAL_SCREEN_EXHAUSTED_PRIMALITY_UNASSIGNED,GF3A_DIRECTIONAL_WRITE_EXHAUSTED_PRIMALITY_UNASSIGNED,513,512,512,NO_RECORDED_FACTOR_PRP_OR_LL_RESULT_AND_NO_ACTIVE_GIMPS_ASSIGNMENT,2026-08-09T09:12:31+00:00,UNALLOCATED,,,,,
SLCMP2607-1172,1172,1172,794059319,2^794059319-1,STRUCTURAL_SCREEN_EXHAUSTED_PRIMALITY_UNASSIGNED,GF3A_DIRECTIONAL_WRITE_EXHAUSTED_PRIMALITY_UNASSIGNED,514,512,512,NO_RECORDED_FACTOR_PRP_OR_LL_RESULT_AND_NO_ACTIVE_GIMPS_ASSIGNMENT,2026-08-09T09:12:31+00:00,UNALLOCATED,,,,,
SLCMP2607-1173,1173,1173,794059421,2^794059421-1,STRUCTURAL_SCREEN_EXHAUSTED_PRIMALITY_UNASSIGNED,GF3A_DIRECTIONAL_WRITE_EXHAUSTED_PRIMALITY_UNASSIGNED,513,512,512,NO_RECORDED_FACTOR_PRP_OR_LL_RESULT_AND_NO_ACTIVE_GIMPS_ASSIGNMENT,2026-08-09T09:12:31+00:00,UNALLOCATED,,,,,
SLCMP2607-1174,1174,1174,794059459,2^794059459-1,STRUCTURAL_SCREEN_EXHAUSTED_PRIMALITY_UNASSIGNED,GF3A_DIRECTIONAL_WRITE_EXHAUSTED_PRIMALITY_UNASSIGNED,514,512,512,NO_RECORDED_FACTOR_PRP_OR_LL_RESULT_AND_NO_ACTIVE_GIMPS_ASSIGNMENT,2026-08-09T09:12:31+00:00,UNALLOCATED,,,,,
SLCMP2607-1175,1175,1175,794059531,2^794059531-1,STRUCTURAL_SCREEN_EXHAUSTED_PRIMALITY_UNASSIGNED,GF3A_DIRECTIONAL_WRITE_EXHAUSTED_PRIMALITY_UNASSIGNED,514,512,512,NO_RECORDED_FACTOR_PRP_OR_LL_RESULT_AND_NO_ACTIVE_GIMPS_ASSIGNMENT,2026-08-09T09:12:31+00:00,UNALLOCATED,,,,,
SLCMP2607-1176,1176,1176,794059619,2^794059619-1,STRUCTURAL_SCREEN_EXHAUSTED_PRIMALITY_UNASSIGNED,GF3A_DIRECTIONAL_WRITE_EXHAUSTED_PRIMALITY_UNASSIGNED,514,512,512,NO_RECORDED_FACTOR_PRP_OR_LL_RESULT_AND_NO_ACTIVE_GIMPS_ASSIGNMENT,2026-08-09T09:12:31+00:00,UNALLOCATED,,,,,
SLCMP2607-1177,1177,1177,794059657,2^794059657-1,STRUCTURAL_SCREEN_EXHAUSTED_PRIMALITY_UNASSIGNED,GF3A_DIRECTIONAL_WRITE_EXHAUSTED_PRIMALITY_UNASSIGNED,513,512,512,NO_RECORDED_FACTOR_PRP_OR_LL_RESULT_AND_NO_ACTIVE_GIMPS_ASSIGNMENT,2026-08-09T09:12:31+00:00,UNALLOCATED,,,,,
SLCMP2607-1178,1178,1178,794059663,2^794059663-1,STRUCTURAL_SCREEN_EXHAUSTED_PRIMALITY_UNASSIGNED,GF3A_DIRECTIONAL_WRITE_EXHAUSTED_PRIMALITY_UNASSIGNED,514,512,512,NO_RECORDED_FACTOR_PRP_OR_LL_RESULT_AND_NO_ACTIVE_GIMPS_ASSIGNMENT,2026-08-09T09:12:31+00:00,UNALLOCATED,,,,,
SLCMP2607-1179,1179,1179,794059687,2^794059687-1,STRUCTURAL_SCREEN_EXHAUSTED_PRIMALITY_UNASSIGNED,GF3A_DIRECTIONAL_WRITE_EXHAUSTED_PRIMALITY_UNASSIGNED,514,512,512,NO_RECORDED_FACTOR_PRP_OR_LL_RESULT_AND_NO_ACTIVE_GIMPS_ASSIGNMENT,2026-08-09T09:12:31+00:00,UNALLOCATED,,,,,
SLCMP2607-1180,1180,1180,794059781,2^794059781-1,STRUCTURAL_SCREEN_EXHAUSTED_PRIMALITY_UNASSIGNED,GF3A_DIRECTIONAL_WRITE_EXHAUSTED_PRIMALITY_UNASSIGNED,513,512,512,NO_RECORDED_FACTOR_PRP_OR_LL_RESULT_AND_NO_ACTIVE_GIMPS_ASSIGNMENT,2026-08-09T09:12:31+00:00,UNALLOCATED,,,,,
SLCMP2607-1181,1181,1181,794059787,2^794059787-1,STRUCTURAL_SCREEN_EXHAUSTED_PRIMALITY_UNASSIGNED,GF3A_DIRECTIONAL_WRITE_EXHAUSTED_PRIMALITY_UNASSIGNED,514,512,512,NO_RECORDED_FACTOR_PRP_OR_LL_RESULT_AND_NO_ACTIVE_GIMPS_ASSIGNMENT,2026-08-09T09:12:31+00:00,UNALLOCATED,,,,,
SLCMP2607-1182,1182,1182,794059841,2^794059841-1,STRUCTURAL_SCREEN_EXHAUSTED_PRIMALITY_UNASSIGNED,GF3A_DIRECTIONAL_WRITE_EXHAUSTED_PRIMALITY_UNASSIGNED,513,512,512,NO_RECORDED_FACTOR_PRP_OR_LL_RESULT_AND_NO_ACTIVE_GIMPS_ASSIGNMENT,2026-08-09T09:12:31+00:00,UNALLOCATED,,,,,
SLCMP2607-1183,1183,1183,794059943,2^794059943-1,STRUCTURAL_SCREEN_EXHAUSTED_PRIMALITY_UNASSIGNED,GF3A_DIRECTIONAL_WRITE_EXHAUSTED_PRIMALITY_UNASSIGNED,514,512,512,NO_RECORDED_FACTOR_PRP_OR_LL_RESULT_AND_NO_ACTIVE_GIMPS_ASSIGNMENT,2026-08-09T09:12:31+00:00,UNALLOCATED,,,,,
SLCMP2607-1184,1184,1184,794059967,2^794059967-1,STRUCTURAL_SCREEN_EXHAUSTED_PRIMALITY_UNASSIGNED,GF3A_DIRECTIONAL_WRITE_EXHAUSTED_PRIMALITY_UNASSIGNED,514,512,512,NO_RECORDED_FACTOR_PRP_OR_LL_RESULT_AND_NO_ACTIVE_GIMPS_ASSIGNMENT,2026-08-09T09:12:31+00:00,UNALLOCATED,,,,,
SLCMP2607-1185,1185,1185,794060129,2^794060129-1,STRUCTURAL_SCREEN_EXHAUSTED_PRIMALITY_UNASSIGNED,GF3A_DIRECTIONAL_WRITE_EXHAUSTED_PRIMALITY_UNASSIGNED,513,512,512,NO_RECORDED_FACTOR_PRP_OR_LL_RESULT_AND_NO_ACTIVE_GIMPS_ASSIGNMENT,2026-08-09T09:12:31+00:00,UNALLOCATED,,,,,
SLCMP2607-1186,1186,1186,794060147,2^794060147-1,STRUCTURAL_SCREEN_EXHAUSTED_PRIMALITY_UNASSIGNED,GF3A_DIRECTIONAL_WRITE_EXHAUSTED_PRIMALITY_UNASSIGNED,514,512,512,NO_RECORDED_FACTOR_PRP_OR_LL_RESULT_AND_NO_ACTIVE_GIMPS_ASSIGNMENT,2026-08-09T09:12:31+00:00,UNALLOCATED,,,,,
SLCMP2607-1187,1187,1187,794060171,2^794060171-1,STRUCTURAL_SCREEN_EXHAUSTED_PRIMALITY_UNASSIGNED,GF3A_DIRECTIONAL_WRITE_EXHAUSTED_PRIMALITY_UNASSIGNED,514,512,512,NO_RECORDED_FACTOR_PRP_OR_LL_RESULT_AND_NO_ACTIVE_GIMPS_ASSIGNMENT,2026-08-09T09:12:31+00:00,UNALLOCATED,,,,,
SLCMP2607-1188,1188,1188,794060207,2^794060207-1,STRUCTURAL_SCREEN_EXHAUSTED_PRIMALITY_UNASSIGNED,GF3A_DIRECTIONAL_WRITE_EXHAUSTED_PRIMALITY_UNASSIGNED,514,512,512,NO_RECORDED_FACTOR_PRP_OR_LL_RESULT_AND_NO_ACTIVE_GIMPS_ASSIGNMENT,2026-08-09T09:12:31+00:00,UNALLOCATED,,,,,
SLCMP2607-1189,1189,1189,794060221,2^794060221-1,STRUCTURAL_SCREEN_EXHAUSTED_PRIMALITY_UNASSIGNED,GF3A_DIRECTIONAL_WRITE_EXHAUSTED_PRIMALITY_UNASSIGNED,513,512,512,NO_RECORDED_FACTOR_PRP_OR_LL_RESULT_AND_NO_ACTIVE_GIMPS_ASSIGNMENT,2026-08-09T09:12:31+00:00,UNALLOCATED,,,,,
SLCMP2607-1190,1190,1190,794060329,2^794060329-1,STRUCTURAL_SCREEN_EXHAUSTED_PRIMALITY_UNASSIGNED,GF3A_DIRECTIONAL_WRITE_EXHAUSTED_PRIMALITY_UNASSIGNED,513,512,512,NO_RECORDED_FACTOR_PRP_OR_LL_RESULT_AND_NO_ACTIVE_GIMPS_ASSIGNMENT,2026-08-09T09:12:31+00:00,UNALLOCATED,,,,,
SLCMP2607-1191,1191,1191,794060387,2^794060387-1,STRUCTURAL_SCREEN_EXHAUSTED_PRIMALITY_UNASSIGNED,GF3A_DIRECTIONAL_WRITE_EXHAUSTED_PRIMALITY_UNASSIGNED,514,512,512,NO_RECORDED_FACTOR_PRP_OR_LL_RESULT_AND_NO_ACTIVE_GIMPS_ASSIGNMENT,2026-08-09T09:12:31+00:00,UNALLOCATED,,,,,
SLCMP2607-1192,1192,1192,794060437,2^794060437-1,STRUCTURAL_SCREEN_EXHAUSTED_PRIMALITY_UNASSIGNED,GF3A_DIRECTIONAL_WRITE_EXHAUSTED_PRIMALITY_UNASSIGNED,513,512,512,NO_RECORDED_FACTOR_PRP_OR_LL_RESULT_AND_NO_ACTIVE_GIMPS_ASSIGNMENT,2026-08-09T09:12:31+00:00,UNALLOCATED,,,,,
SLCMP2607-1193,1193,1193,794060467,2^794060467-1,STRUCTURAL_SCREEN_EXHAUSTED_PRIMALITY_UNASSIGNED,GF3A_DIRECTIONAL_WRITE_EXHAUSTED_PRIMALITY_UNASSIGNED,514,512,512,NO_RECORDED_FACTOR_PRP_OR_LL_RESULT_AND_NO_ACTIVE_GIMPS_ASSIGNMENT,2026-08-09T09:12:31+00:00,UNALLOCATED,,,,,
SLCMP2607-1194,1194,1194,794060539,2^794060539-1,STRUCTURAL_SCREEN_EXHAUSTED_PRIMALITY_UNASSIGNED,GF3A_DIRECTIONAL_WRITE_EXHAUSTED_PRIMALITY_UNASSIGNED,514,512,512,NO_RECORDED_FACTOR_PRP_OR_LL_RESULT_AND_NO_ACTIVE_GIMPS_ASSIGNMENT,2026-08-09T09:12:31+00:00,UNALLOCATED,,,,,
SLCMP2607-1195,1195,1195,794060549,2^794060549-1,STRUCTURAL_SCREEN_EXHAUSTED_PRIMALITY_UNASSIGNED,GF3A_DIRECTIONAL_WRITE_EXHAUSTED_PRIMALITY_UNASSIGNED,513,512,512,NO_RECORDED_FACTOR_PRP_OR_LL_RESULT_AND_NO_ACTIVE_GIMPS_ASSIGNMENT,2026-08-09T09:12:31+00:00,UNALLOCATED,,,,,
SLCMP2607-1196,1196,1196,794060551,2^794060551-1,STRUCTURAL_SCREEN_EXHAUSTED_PRIMALITY_UNASSIGNED,GF3A_DIRECTIONAL_WRITE_EXHAUSTED_PRIMALITY_UNASSIGNED,514,512,512,NO_RECORDED_FACTOR_PRP_OR_LL_RESULT_AND_NO_ACTIVE_GIMPS_ASSIGNMENT,2026-08-09T09:12:31+00:00,UNALLOCATED,,,,,
SLCMP2607-1197,1197,1197,794060777,2^794060777-1,STRUCTURAL_SCREEN_EXHAUSTED_PRIMALITY_UNASSIGNED,GF3A_DIRECTIONAL_WRITE_EXHAUSTED_PRIMALITY_UNASSIGNED,513,512,512,NO_RECORDED_FACTOR_PRP_OR_LL_RESULT_AND_NO_ACTIVE_GIMPS_ASSIGNMENT,2026-08-09T09:12:31+00:00,UNALLOCATED,,,,,
SLCMP2607-1198,1198,1198,794060843,2^794060843-1,STRUCTURAL_SCREEN_EXHAUSTED_PRIMALITY_UNASSIGNED,GF3A_DIRECTIONAL_WRITE_EXHAUSTED_PRIMALITY_UNASSIGNED,514,512,512,NO_RECORDED_FACTOR_PRP_OR_LL_RESULT_AND_NO_ACTIVE_GIMPS_ASSIGNMENT,2026-08-09T09:12:31+00:00,UNALLOCATED,,,,,
SLCMP2607-1199,1199,1199,794060957,2^794060957-1,STRUCTURAL_SCREEN_EXHAUSTED_PRIMALITY_UNASSIGNED,GF3A_DIRECTIONAL_WRITE_EXHAUSTED_PRIMALITY_UNASSIGNED,513,512,512,NO_RECORDED_FACTOR_PRP_OR_LL_RESULT_AND_NO_ACTIVE_GIMPS_ASSIGNMENT,2026-08-09T09:12:31+00:00,UNALLOCATED,,,,,
SLCMP2607-1200,1200,1200,794060983,2^794060983-1,STRUCTURAL_SCREEN_EXHAUSTED_PRIMALITY_UNASSIGNED,GF3A_DIRECTIONAL_WRITE_EXHAUSTED_PRIMALITY_UNASSIGNED,514,512,512,NO_RECORDED_FACTOR_PRP_OR_LL_RESULT_AND_NO_ACTIVE_GIMPS_ASSIGNMENT,2026-08-09T09:12:31+00:00,UNALLOCATED,,,,,
SLCMP2607-1201,1201,1201,794061101,2^794061101-1,STRUCTURAL_SCREEN_EXHAUSTED_PRIMALITY_UNASSIGNED,GF3A_DIRECTIONAL_WRITE_EXHAUSTED_PRIMALITY_UNASSIGNED,513,512,512,NO_RECORDED_FACTOR_PRP_OR_LL_RESULT_AND_NO_ACTIVE_GIMPS_ASSIGNMENT,2026-08-09T09:12:31+00:00,UNALLOCATED,,,,,
SLCMP2607-1202,1202,1202,794061137,2^794061137-1,STRUCTURAL_SCREEN_EXHAUSTED_PRIMALITY_UNASSIGNED,GF3A_DIRECTIONAL_WRITE_EXHAUSTED_PRIMALITY_UNASSIGNED,513,512,512,NO_RECORDED_FACTOR_PRP_OR_LL_RESULT_AND_NO_ACTIVE_GIMPS_ASSIGNMENT,2026-08-09T09:12:31+00:00,UNALLOCATED,,,,,
SLCMP2607-1203,1203,1203,794061157,2^794061157-1,STRUCTURAL_SCREEN_EXHAUSTED_PRIMALITY_UNASSIGNED,GF3A_DIRECTIONAL_WRITE_EXHAUSTED_PRIMALITY_UNASSIGNED,513,512,512,NO_RECORDED_FACTOR_PRP_OR_LL_RESULT_AND_NO_ACTIVE_GIMPS_ASSIGNMENT,2026-08-09T09:12:31+00:00,UNALLOCATED,,,,,
SLCMP2607-1204,1204,1204,794061161,2^794061161-1,STRUCTURAL_SCREEN_EXHAUSTED_PRIMALITY_UNASSIGNED,GF3A_DIRECTIONAL_WRITE_EXHAUSTED_PRIMALITY_UNASSIGNED,513,512,512,NO_RECORDED_FACTOR_PRP_OR_LL_RESULT_AND_NO_ACTIVE_GIMPS_ASSIGNMENT,2026-08-09T09:12:31+00:00,UNALLOCATED,,,,,
SLCMP2607-1205,1205,1205,794061173,2^794061173-1,STRUCTURAL_SCREEN_EXHAUSTED_PRIMALITY_UNASSIGNED,GF3A_DIRECTIONAL_WRITE_EXHAUSTED_PRIMALITY_UNASSIGNED,513,512,512,NO_RECORDED_FACTOR_PRP_OR_LL_RESULT_AND_NO_ACTIVE_GIMPS_ASSIGNMENT,2026-08-09T09:12:31+00:00,UNALLOCATED,,,,,
SLCMP2607-1206,1206,1206,794061241,2^794061241-1,STRUCTURAL_SCREEN_EXHAUSTED_PRIMALITY_UNASSIGNED,GF3A_DIRECTIONAL_WRITE_EXHAUSTED_PRIMALITY_UNASSIGNED,513,512,512,NO_RECORDED_FACTOR_PRP_OR_LL_RESULT_AND_NO_ACTIVE_GIMPS_ASSIGNMENT,2026-08-09T09:12:31+00:00,UNALLOCATED,,,,,
SLCMP2607-1207,1207,1207,794061271,2^794061271-1,STRUCTURAL_SCREEN_EXHAUSTED_PRIMALITY_UNASSIGNED,GF3A_DIRECTIONAL_WRITE_EXHAUSTED_PRIMALITY_UNASSIGNED,514,512,512,NO_RECORDED_FACTOR_PRP_OR_LL_RESULT_AND_NO_ACTIVE_GIMPS_ASSIGNMENT,2026-08-09T09:12:31+00:00,UNALLOCATED,,,,,
SLCMP2607-1208,1208,1208,794061377,2^794061377-1,STRUCTURAL_SCREEN_EXHAUSTED_PRIMALITY_UNASSIGNED,GF3A_DIRECTIONAL_WRITE_EXHAUSTED_PRIMALITY_UNASSIGNED,513,512,512,NO_RECORDED_FACTOR_PRP_OR_LL_RESULT_AND_NO_ACTIVE_GIMPS_ASSIGNMENT,2026-08-09T09:12:31+00:00,UNALLOCATED,,,,,
SLCMP2607-1209,1209,1209,794061419,2^794061419-1,STRUCTURAL_SCREEN_EXHAUSTED_PRIMALITY_UNASSIGNED,GF3A_DIRECTIONAL_WRITE_EXHAUSTED_PRIMALITY_UNASSIGNED,514,512,512,NO_RECORDED_FACTOR_PRP_OR_LL_RESULT_AND_NO_ACTIVE_GIMPS_ASSIGNMENT,2026-08-09T09:12:31+00:00,UNALLOCATED,,,,,
SLCMP2607-1210,1210,1210,794061481,2^794061481-1,STRUCTURAL_SCREEN_EXHAUSTED_PRIMALITY_UNASSIGNED,GF3A_DIRECTIONAL_WRITE_EXHAUSTED_PRIMALITY_UNASSIGNED,513,512,512,NO_RECORDED_FACTOR_PRP_OR_LL_RESULT_AND_NO_ACTIVE_GIMPS_ASSIGNMENT,2026-08-09T09:12:31+00:00,UNALLOCATED,,,,,
SLCMP2607-1211,1211,1211,794061491,2^794061491-1,STRUCTURAL_SCREEN_EXHAUSTED_PRIMALITY_UNASSIGNED,GF3A_DIRECTIONAL_WRITE_EXHAUSTED_PRIMALITY_UNASSIGNED,514,512,512,NO_RECORDED_FACTOR_PRP_OR_LL_RESULT_AND_NO_ACTIVE_GIMPS_ASSIGNMENT,2026-08-09T09:12:31+00:00,UNALLOCATED,,,,,
SLCMP2607-1212,1212,1212,794061539,2^794061539-1,STRUCTURAL_SCREEN_EXHAUSTED_PRIMALITY_UNASSIGNED,GF3A_DIRECTIONAL_WRITE_EXHAUSTED_PRIMALITY_UNASSIGNED,514,512,512,NO_RECORDED_FACTOR_PRP_OR_LL_RESULT_AND_NO_ACTIVE_GIMPS_ASSIGNMENT,2026-08-09T09:12:31+00:00,UNALLOCATED,,,,,
SLCMP2607-1213,1213,1213,794061553,2^794061553-1,STRUCTURAL_SCREEN_EXHAUSTED_PRIMALITY_UNASSIGNED,GF3A_DIRECTIONAL_WRITE_EXHAUSTED_PRIMALITY_UNASSIGNED,513,512,512,NO_RECORDED_FACTOR_PRP_OR_LL_RESULT_AND_NO_ACTIVE_GIMPS_ASSIGNMENT,2026-08-09T09:12:31+00:00,UNALLOCATED,,,,,
SLCMP2607-1214,1214,1214,794061571,2^794061571-1,STRUCTURAL_SCREEN_EXHAUSTED_PRIMALITY_UNASSIGNED,GF3A_DIRECTIONAL_WRITE_EXHAUSTED_PRIMALITY_UNASSIGNED,514,512,512,NO_RECORDED_FACTOR_PRP_OR_LL_RESULT_AND_NO_ACTIVE_GIMPS_ASSIGNMENT,2026-08-09T09:12:31+00:00,UNALLOCATED,,,,,
SLCMP2607-1215,1215,1215,794061617,2^794061617-1,STRUCTURAL_SCREEN_EXHAUSTED_PRIMALITY_UNASSIGNED,GF3A_DIRECTIONAL_WRITE_EXHAUSTED_PRIMALITY_UNASSIGNED,513,512,512,NO_RECORDED_FACTOR_PRP_OR_LL_RESULT_AND_NO_ACTIVE_GIMPS_ASSIGNMENT,2026-08-09T09:12:31+00:00,UNALLOCATED,,,,,
SLCMP2607-1216,1216,1216,794061629,2^794061629-1,STRUCTURAL_SCREEN_EXHAUSTED_PRIMALITY_UNASSIGNED,GF3A_DIRECTIONAL_WRITE_EXHAUSTED_PRIMALITY_UNASSIGNED,513,512,512,NO_RECORDED_FACTOR_PRP_OR_LL_RESULT_AND_NO_ACTIVE_GIMPS_ASSIGNMENT,2026-08-09T09:12:31+00:00,UNALLOCATED,,,,,
SLCMP2607-1217,1217,1217,794061679,2^794061679-1,STRUCTURAL_SCREEN_EXHAUSTED_PRIMALITY_UNASSIGNED,GF3A_DIRECTIONAL_WRITE_EXHAUSTED_PRIMALITY_UNASSIGNED,514,512,512,NO_RECORDED_FACTOR_PRP_OR_LL_RESULT_AND_NO_ACTIVE_GIMPS_ASSIGNMENT,2026-08-09T09:12:31+00:00,UNALLOCATED,,,,,
SLCMP2607-1218,1218,1218,794061733,2^794061733-1,STRUCTURAL_SCREEN_EXHAUSTED_PRIMALITY_UNASSIGNED,GF3A_DIRECTIONAL_WRITE_EXHAUSTED_PRIMALITY_UNASSIGNED,513,512,512,NO_RECORDED_FACTOR_PRP_OR_LL_RESULT_AND_NO_ACTIVE_GIMPS_ASSIGNMENT,2026-08-09T09:12:31+00:00,UNALLOCATED,,,,,
SLCMP2607-1219,1219,1219,794061769,2^794061769-1,STRUCTURAL_SCREEN_EXHAUSTED_PRIMALITY_UNASSIGNED,GF3A_DIRECTIONAL_WRITE_EXHAUSTED_PRIMALITY_UNASSIGNED,513,512,512,NO_RECORDED_FACTOR_PRP_OR_LL_RESULT_AND_NO_ACTIVE_GIMPS_ASSIGNMENT,2026-08-09T09:12:31+00:00,UNALLOCATED,,,,,
SLCMP2607-1220,1220,1220,794061781,2^794061781-1,STRUCTURAL_SCREEN_EXHAUSTED_PRIMALITY_UNASSIGNED,GF3A_DIRECTIONAL_WRITE_EXHAUSTED_PRIMALITY_UNASSIGNED,513,512,512,NO_RECORDED_FACTOR_PRP_OR_LL_RESULT_AND_NO_ACTIVE_GIMPS_ASSIGNMENT,2026-08-09T09:12:31+00:00,UNALLOCATED,,,,,
SLCMP2607-1221,1221,1221,794061923,2^794061923-1,STRUCTURAL_SCREEN_EXHAUSTED_PRIMALITY_UNASSIGNED,GF3A_DIRECTIONAL_WRITE_EXHAUSTED_PRIMALITY_UNASSIGNED,514,512,512,NO_RECORDED_FACTOR_PRP_OR_LL_RESULT_AND_NO_ACTIVE_GIMPS_ASSIGNMENT,2026-08-09T09:12:31+00:00,UNALLOCATED,,,,,
SLCMP2607-1222,1222,1222,794061971,2^794061971-1,STRUCTURAL_SCREEN_EXHAUSTED_PRIMALITY_UNASSIGNED,GF3A_DIRECTIONAL_WRITE_EXHAUSTED_PRIMALITY_UNASSIGNED,514,512,512,NO_RECORDED_FACTOR_PRP_OR_LL_RESULT_AND_NO_ACTIVE_GIMPS_ASSIGNMENT,2026-08-09T09:12:31+00:00,UNALLOCATED,,,,,
SLCMP2607-1223,1223,1223,794061977,2^794061977-1,STRUCTURAL_SCREEN_EXHAUSTED_PRIMALITY_UNASSIGNED,GF3A_DIRECTIONAL_WRITE_EXHAUSTED_PRIMALITY_UNASSIGNED,513,512,512,NO_RECORDED_FACTOR_PRP_OR_LL_RESULT_AND_NO_ACTIVE_GIMPS_ASSIGNMENT,2026-08-09T09:12:31+00:00,UNALLOCATED,,,,,
SLCMP2607-1224,1224,1224,794061991,2^794061991-1,STRUCTURAL_SCREEN_EXHAUSTED_PRIMALITY_UNASSIGNED,GF3A_DIRECTIONAL_WRITE_EXHAUSTED_PRIMALITY_UNASSIGNED,514,512,512,NO_RECORDED_FACTOR_PRP_OR_LL_RESULT_AND_NO_ACTIVE_GIMPS_ASSIGNMENT,2026-08-09T09:12:31+00:00,UNALLOCATED,,,,,
SLCMP2607-1225,1225,1225,794062013,2^794062013-1,STRUCTURAL_SCREEN_EXHAUSTED_PRIMALITY_UNASSIGNED,GF3A_DIRECTIONAL_WRITE_EXHAUSTED_PRIMALITY_UNASSIGNED,513,512,512,NO_RECORDED_FACTOR_PRP_OR_LL_RESULT_AND_NO_ACTIVE_GIMPS_ASSIGNMENT,2026-08-09T09:12:31+00:00,UNALLOCATED,,,,,
SLCMP2607-1226,1226,1226,794062223,2^794062223-1,STRUCTURAL_SCREEN_EXHAUSTED_PRIMALITY_UNASSIGNED,GF3A_DIRECTIONAL_WRITE_EXHAUSTED_PRIMALITY_UNASSIGNED,514,512,512,NO_RECORDED_FACTOR_PRP_OR_LL_RESULT_AND_NO_ACTIVE_GIMPS_ASSIGNMENT,2026-08-09T09:12:31+00:00,UNALLOCATED,,,,,
SLCMP2607-1227,1227,1227,794062289,2^794062289-1,STRUCTURAL_SCREEN_EXHAUSTED_PRIMALITY_UNASSIGNED,GF3A_DIRECTIONAL_WRITE_EXHAUSTED_PRIMALITY_UNASSIGNED,513,512,512,NO_RECORDED_FACTOR_PRP_OR_LL_RESULT_AND_NO_ACTIVE_GIMPS_ASSIGNMENT,2026-08-09T09:12:31+00:00,UNALLOCATED,,,,,
SLCMP2607-1228,1228,1228,794062319,2^794062319-1,STRUCTURAL_SCREEN_EXHAUSTED_PRIMALITY_UNASSIGNED,GF3A_DIRECTIONAL_WRITE_EXHAUSTED_PRIMALITY_UNASSIGNED,514,512,512,NO_RECORDED_FACTOR_PRP_OR_LL_RESULT_AND_NO_ACTIVE_GIMPS_ASSIGNMENT,2026-08-09T09:12:31+00:00,UNALLOCATED,,,,,
SLCMP2607-1229,1229,1229,794062331,2^794062331-1,STRUCTURAL_SCREEN_EXHAUSTED_PRIMALITY_UNASSIGNED,GF3A_DIRECTIONAL_WRITE_EXHAUSTED_PRIMALITY_UNASSIGNED,514,512,512,NO_RECORDED_FACTOR_PRP_OR_LL_RESULT_AND_NO_ACTIVE_GIMPS_ASSIGNMENT,2026-08-09T09:12:31+00:00,UNALLOCATED,,,,,
SLCMP2607-1230,1230,1230,794062393,2^794062393-1,STRUCTURAL_SCREEN_EXHAUSTED_PRIMALITY_UNASSIGNED,GF3A_DIRECTIONAL_WRITE_EXHAUSTED_PRIMALITY_UNASSIGNED,513,512,512,NO_RECORDED_FACTOR_PRP_OR_LL_RESULT_AND_NO_ACTIVE_GIMPS_ASSIGNMENT,2026-08-09T09:12:31+00:00,UNALLOCATED,,,,,
SLCMP2607-1231,1231,1231,794062429,2^794062429-1,STRUCTURAL_SCREEN_EXHAUSTED_PRIMALITY_UNASSIGNED,GF3A_DIRECTIONAL_WRITE_EXHAUSTED_PRIMALITY_UNASSIGNED,513,512,512,NO_RECORDED_FACTOR_PRP_OR_LL_RESULT_AND_NO_ACTIVE_GIMPS_ASSIGNMENT,2026-08-09T09:12:31+00:00,UNALLOCATED,,,,,
SLCMP2607-1232,1232,1232,794062471,2^794062471-1,STRUCTURAL_SCREEN_EXHAUSTED_PRIMALITY_UNASSIGNED,GF3A_DIRECTIONAL_WRITE_EXHAUSTED_PRIMALITY_UNASSIGNED,514,512,512,NO_RECORDED_FACTOR_PRP_OR_LL_RESULT_AND_NO_ACTIVE_GIMPS_ASSIGNMENT,2026-08-09T09:12:31+00:00,UNALLOCATED,,,,,
SLCMP2607-1233,1233,1233,794062481,2^794062481-1,STRUCTURAL_SCREEN_EXHAUSTED_PRIMALITY_UNASSIGNED,GF3A_DIRECTIONAL_WRITE_EXHAUSTED_PRIMALITY_UNASSIGNED,513,512,512,NO_RECORDED_FACTOR_PRP_OR_LL_RESULT_AND_NO_ACTIVE_GIMPS_ASSIGNMENT,2026-08-09T09:12:31+00:00,UNALLOCATED,,,,,
SLCMP2607-1234,1234,1234,794062531,2^794062531-1,STRUCTURAL_SCREEN_EXHAUSTED_PRIMALITY_UNASSIGNED,GF3A_DIRECTIONAL_WRITE_EXHAUSTED_PRIMALITY_UNASSIGNED,514,512,512,NO_RECORDED_FACTOR_PRP_OR_LL_RESULT_AND_NO_ACTIVE_GIMPS_ASSIGNMENT,2026-08-09T09:12:31+00:00,UNALLOCATED,,,,,
SLCMP2607-1235,1235,1235,794062541,2^794062541-1,STRUCTURAL_SCREEN_EXHAUSTED_PRIMALITY_UNASSIGNED,GF3A_DIRECTIONAL_WRITE_EXHAUSTED_PRIMALITY_UNASSIGNED,513,512,512,NO_RECORDED_FACTOR_PRP_OR_LL_RESULT_AND_NO_ACTIVE_GIMPS_ASSIGNMENT,2026-08-09T09:12:31+00:00,UNALLOCATED,,,,,
SLCMP2607-1236,1236,1236,794062567,2^794062567-1,STRUCTURAL_SCREEN_EXHAUSTED_PRIMALITY_UNASSIGNED,GF3A_DIRECTIONAL_WRITE_EXHAUSTED_PRIMALITY_UNASSIGNED,514,512,512,NO_RECORDED_FACTOR_PRP_OR_LL_RESULT_AND_NO_ACTIVE_GIMPS_ASSIGNMENT,2026-08-09T09:12:31+00:00,UNALLOCATED,,,,,
SLCMP2607-1237,1237,1237,794062663,2^794062663-1,STRUCTURAL_SCREEN_EXHAUSTED_PRIMALITY_UNASSIGNED,GF3A_DIRECTIONAL_WRITE_EXHAUSTED_PRIMALITY_UNASSIGNED,514,512,512,NO_RECORDED_FACTOR_PRP_OR_LL_RESULT_AND_NO_ACTIVE_GIMPS_ASSIGNMENT,2026-08-09T09:12:31+00:00,UNALLOCATED,,,,,
SLCMP2607-1238,1238,1238,794062669,2^794062669-1,STRUCTURAL_SCREEN_EXHAUSTED_PRIMALITY_UNASSIGNED,GF3A_DIRECTIONAL_WRITE_EXHAUSTED_PRIMALITY_UNASSIGNED,513,512,512,NO_RECORDED_FACTOR_PRP_OR_LL_RESULT_AND_NO_ACTIVE_GIMPS_ASSIGNMENT,2026-08-09T09:12:31+00:00,UNALLOCATED,,,,,
SLCMP2607-1239,1239,1239,794062691,2^794062691-1,STRUCTURAL_SCREEN_EXHAUSTED_PRIMALITY_UNASSIGNED,GF3A_DIRECTIONAL_WRITE_EXHAUSTED_PRIMALITY_UNASSIGNED,514,512,512,NO_RECORDED_FACTOR_PRP_OR_LL_RESULT_AND_NO_ACTIVE_GIMPS_ASSIGNMENT,2026-08-09T09:12:31+00:00,UNALLOCATED,,,,,
SLCMP2607-1240,1240,1240,794062693,2^794062693-1,STRUCTURAL_SCREEN_EXHAUSTED_PRIMALITY_UNASSIGNED,GF3A_DIRECTIONAL_WRITE_EXHAUSTED_PRIMALITY_UNASSIGNED,513,512,512,NO_RECORDED_FACTOR_PRP_OR_LL_RESULT_AND_NO_ACTIVE_GIMPS_ASSIGNMENT,2026-08-09T09:12:31+00:00,UNALLOCATED,,,,,
SLCMP2607-1241,1241,1241,794062721,2^794062721-1,STRUCTURAL_SCREEN_EXHAUSTED_PRIMALITY_UNASSIGNED,GF3A_DIRECTIONAL_WRITE_EXHAUSTED_PRIMALITY_UNASSIGNED,513,512,512,NO_RECORDED_FACTOR_PRP_OR_LL_RESULT_AND_NO_ACTIVE_GIMPS_ASSIGNMENT,2026-08-09T09:12:31+00:00,UNALLOCATED,,,,,
SLCMP2607-1242,1242,1242,794062757,2^794062757-1,STRUCTURAL_SCREEN_EXHAUSTED_PRIMALITY_UNASSIGNED,GF3A_DIRECTIONAL_WRITE_EXHAUSTED_PRIMALITY_UNASSIGNED,513,512,512,NO_RECORDED_FACTOR_PRP_OR_LL_RESULT_AND_NO_ACTIVE_GIMPS_ASSIGNMENT,2026-08-09T09:12:31+00:00,UNALLOCATED,,,,,
SLCMP2607-1243,1243,1243,794062807,2^794062807-1,STRUCTURAL_SCREEN_EXHAUSTED_PRIMALITY_UNASSIGNED,GF3A_DIRECTIONAL_WRITE_EXHAUSTED_PRIMALITY_UNASSIGNED,514,512,512,NO_RECORDED_FACTOR_PRP_OR_LL_RESULT_AND_NO_ACTIVE_GIMPS_ASSIGNMENT,2026-08-09T09:12:31+00:00,UNALLOCATED,,,,,
SLCMP2607-1244,1244,1244,794062837,2^794062837-1,STRUCTURAL_SCREEN_EXHAUSTED_PRIMALITY_UNASSIGNED,GF3A_DIRECTIONAL_WRITE_EXHAUSTED_PRIMALITY_UNASSIGNED,513,512,512,NO_RECORDED_FACTOR_PRP_OR_LL_RESULT_AND_NO_ACTIVE_GIMPS_ASSIGNMENT,2026-08-09T09:12:31+00:00,UNALLOCATED,,,,,
SLCMP2607-1245,1245,1245,794062961,2^794062961-1,STRUCTURAL_SCREEN_EXHAUSTED_PRIMALITY_UNASSIGNED,GF3A_DIRECTIONAL_WRITE_EXHAUSTED_PRIMALITY_UNASSIGNED,513,512,512,NO_RECORDED_FACTOR_PRP_OR_LL_RESULT_AND_NO_ACTIVE_GIMPS_ASSIGNMENT,2026-08-09T09:12:31+00:00,UNALLOCATED,,,,,
SLCMP2607-1246,1246,1246,794062963,2^794062963-1,STRUCTURAL_SCREEN_EXHAUSTED_PRIMALITY_UNASSIGNED,GF3A_DIRECTIONAL_WRITE_EXHAUSTED_PRIMALITY_UNASSIGNED,514,512,512,NO_RECORDED_FACTOR_PRP_OR_LL_RESULT_AND_NO_ACTIVE_GIMPS_ASSIGNMENT,2026-08-09T09:12:31+00:00,UNALLOCATED,,,,,
SLCMP2607-1247,1247,1247,794062967,2^794062967-1,STRUCTURAL_SCREEN_EXHAUSTED_PRIMALITY_UNASSIGNED,GF3A_DIRECTIONAL_WRITE_EXHAUSTED_PRIMALITY_UNASSIGNED,514,512,512,NO_RECORDED_FACTOR_PRP_OR_LL_RESULT_AND_NO_ACTIVE_GIMPS_ASSIGNMENT,2026-08-09T09:12:31+00:00,UNALLOCATED,,,,,
SLCMP2607-1248,1248,1248,794062999,2^794062999-1,STRUCTURAL_SCREEN_EXHAUSTED_PRIMALITY_UNASSIGNED,GF3A_DIRECTIONAL_WRITE_EXHAUSTED_PRIMALITY_UNASSIGNED,514,512,512,NO_RECORDED_FACTOR_PRP_OR_LL_RESULT_AND_NO_ACTIVE_GIMPS_ASSIGNMENT,2026-08-09T09:12:31+00:00,UNALLOCATED,,,,,
SLCMP2607-1249,1249,1249,794063093,2^794063093-1,STRUCTURAL_SCREEN_EXHAUSTED_PRIMALITY_UNASSIGNED,GF3A_DIRECTIONAL_WRITE_EXHAUSTED_PRIMALITY_UNASSIGNED,513,512,512,NO_RECORDED_FACTOR_PRP_OR_LL_RESULT_AND_NO_ACTIVE_GIMPS_ASSIGNMENT,2026-08-09T09:12:31+00:00,UNALLOCATED,,,,,
SLCMP2607-1250,1250,1250,794063189,2^794063189-1,STRUCTURAL_SCREEN_EXHAUSTED_PRIMALITY_UNASSIGNED,GF3A_DIRECTIONAL_WRITE_EXHAUSTED_PRIMALITY_UNASSIGNED,513,512,512,NO_RECORDED_FACTOR_PRP_OR_LL_RESULT_AND_NO_ACTIVE_GIMPS_ASSIGNMENT,2026-08-09T09:12:31+00:00,UNALLOCATED,,,,,
SLCMP2607-1251,1251,1251,794063203,2^794063203-1,STRUCTURAL_SCREEN_EXHAUSTED_PRIMALITY_UNASSIGNED,GF3A_DIRECTIONAL_WRITE_EXHAUSTED_PRIMALITY_UNASSIGNED,514,512,512,NO_RECORDED_FACTOR_PRP_OR_LL_RESULT_AND_NO_ACTIVE_GIMPS_ASSIGNMENT,2026-08-09T09:12:31+00:00,UNALLOCATED,,,,,
SLCMP2607-1252,1252,1252,794063321,2^794063321-1,STRUCTURAL_SCREEN_EXHAUSTED_PRIMALITY_UNASSIGNED,GF3A_DIRECTIONAL_WRITE_EXHAUSTED_PRIMALITY_UNASSIGNED,513,512,512,NO_RECORDED_FACTOR_PRP_OR_LL_RESULT_AND_NO_ACTIVE_GIMPS_ASSIGNMENT,2026-08-09T09:12:31+00:00,UNALLOCATED,,,,,
SLCMP2607-1253,1253,1253,794063323,2^794063323-1,STRUCTURAL_SCREEN_EXHAUSTED_PRIMALITY_UNASSIGNED,GF3A_DIRECTIONAL_WRITE_EXHAUSTED_PRIMALITY_UNASSIGNED,514,512,512,NO_RECORDED_FACTOR_PRP_OR_LL_RESULT_AND_NO_ACTIVE_GIMPS_ASSIGNMENT,2026-08-09T09:12:31+00:00,UNALLOCATED,,,,,
SLCMP2607-1254,1254,1254,794063377,2^794063377-1,STRUCTURAL_SCREEN_EXHAUSTED_PRIMALITY_UNASSIGNED,GF3A_DIRECTIONAL_WRITE_EXHAUSTED_PRIMALITY_UNASSIGNED,513,512,512,NO_RECORDED_FACTOR_PRP_OR_LL_RESULT_AND_NO_ACTIVE_GIMPS_ASSIGNMENT,2026-08-09T09:12:31+00:00,UNALLOCATED,,,,,
SLCMP2607-1255,1255,1255,794063383,2^794063383-1,STRUCTURAL_SCREEN_EXHAUSTED_PRIMALITY_UNASSIGNED,GF3A_DIRECTIONAL_WRITE_EXHAUSTED_PRIMALITY_UNASSIGNED,514,512,512,NO_RECORDED_FACTOR_PRP_OR_LL_RESULT_AND_NO_ACTIVE_GIMPS_ASSIGNMENT,2026-08-09T09:12:31+00:00,UNALLOCATED,,,,,
SLCMP2607-1256,1256,1256,794063393,2^794063393-1,STRUCTURAL_SCREEN_EXHAUSTED_PRIMALITY_UNASSIGNED,GF3A_DIRECTIONAL_WRITE_EXHAUSTED_PRIMALITY_UNASSIGNED,513,512,512,NO_RECORDED_FACTOR_PRP_OR_LL_RESULT_AND_NO_ACTIVE_GIMPS_ASSIGNMENT,2026-08-09T09:12:31+00:00,UNALLOCATED,,,,,
SLCMP2607-1257,1257,1257,794063411,2^794063411-1,STRUCTURAL_SCREEN_EXHAUSTED_PRIMALITY_UNASSIGNED,GF3A_DIRECTIONAL_WRITE_EXHAUSTED_PRIMALITY_UNASSIGNED,514,512,512,NO_RECORDED_FACTOR_PRP_OR_LL_RESULT_AND_NO_ACTIVE_GIMPS_ASSIGNMENT,2026-08-09T09:12:31+00:00,UNALLOCATED,,,,,
SLCMP2607-1258,1258,1258,794063497,2^794063497-1,STRUCTURAL_SCREEN_EXHAUSTED_PRIMALITY_UNASSIGNED,GF3A_DIRECTIONAL_WRITE_EXHAUSTED_PRIMALITY_UNASSIGNED,513,512,512,NO_RECORDED_FACTOR_PRP_OR_LL_RESULT_AND_NO_ACTIVE_GIMPS_ASSIGNMENT,2026-08-09T09:12:31+00:00,UNALLOCATED,,,,,
SLCMP2607-1259,1259,1259,794063507,2^794063507-1,STRUCTURAL_SCREEN_EXHAUSTED_PRIMALITY_UNASSIGNED,GF3A_DIRECTIONAL_WRITE_EXHAUSTED_PRIMALITY_UNASSIGNED,514,512,512,NO_RECORDED_FACTOR_PRP_OR_LL_RESULT_AND_NO_ACTIVE_GIMPS_ASSIGNMENT,2026-08-09T09:12:31+00:00,UNALLOCATED,,,,,
SLCMP2607-1260,1260,1260,794063551,2^794063551-1,STRUCTURAL_SCREEN_EXHAUSTED_PRIMALITY_UNASSIGNED,GF3A_DIRECTIONAL_WRITE_EXHAUSTED_PRIMALITY_UNASSIGNED,514,512,512,NO_RECORDED_FACTOR_PRP_OR_LL_RESULT_AND_NO_ACTIVE_GIMPS_ASSIGNMENT,2026-08-09T09:12:31+00:00,UNALLOCATED,,,,,
SLCMP2607-1261,1261,1261,794063581,2^794063581-1,STRUCTURAL_SCREEN_EXHAUSTED_PRIMALITY_UNASSIGNED,GF3A_DIRECTIONAL_WRITE_EXHAUSTED_PRIMALITY_UNASSIGNED,513,512,512,NO_RECORDED_FACTOR_PRP_OR_LL_RESULT_AND_NO_ACTIVE_GIMPS_ASSIGNMENT,2026-08-09T09:12:31+00:00,UNALLOCATED,,,,,
SLCMP2607-1262,1262,1262,794063597,2^794063597-1,STRUCTURAL_SCREEN_EXHAUSTED_PRIMALITY_UNASSIGNED,GF3A_DIRECTIONAL_WRITE_EXHAUSTED_PRIMALITY_UNASSIGNED,513,512,512,NO_RECORDED_FACTOR_PRP_OR_LL_RESULT_AND_NO_ACTIVE_GIMPS_ASSIGNMENT,2026-08-09T09:12:31+00:00,UNALLOCATED,,,,,
SLCMP2607-1263,1263,1263,794063813,2^794063813-1,STRUCTURAL_SCREEN_EXHAUSTED_PRIMALITY_UNASSIGNED,GF3A_DIRECTIONAL_WRITE_EXHAUSTED_PRIMALITY_UNASSIGNED,513,512,512,NO_RECORDED_FACTOR_PRP_OR_LL_RESULT_AND_NO_ACTIVE_GIMPS_ASSIGNMENT,2026-08-09T09:12:31+00:00,UNALLOCATED,,,,,
SLCMP2607-1264,1264,1264,794063957,2^794063957-1,STRUCTURAL_SCREEN_EXHAUSTED_PRIMALITY_UNASSIGNED,GF3A_DIRECTIONAL_WRITE_EXHAUSTED_PRIMALITY_UNASSIGNED,513,512,512,NO_RECORDED_FACTOR_PRP_OR_LL_RESULT_AND_NO_ACTIVE_GIMPS_ASSIGNMENT,2026-08-09T09:12:31+00:00,UNALLOCATED,,,,,
SLCMP2607-1265,1265,1265,794063987,2^794063987-1,STRUCTURAL_SCREEN_EXHAUSTED_PRIMALITY_UNASSIGNED,GF3A_DIRECTIONAL_WRITE_EXHAUSTED_PRIMALITY_UNASSIGNED,514,512,512,NO_RECORDED_FACTOR_PRP_OR_LL_RESULT_AND_NO_ACTIVE_GIMPS_ASSIGNMENT,2026-08-09T09:12:31+00:00,UNALLOCATED,,,,,
SLCMP2607-1266,1266,1266,794064041,2^794064041-1,STRUCTURAL_SCREEN_EXHAUSTED_PRIMALITY_UNASSIGNED,GF3A_DIRECTIONAL_WRITE_EXHAUSTED_PRIMALITY_UNASSIGNED,513,512,512,NO_RECORDED_FACTOR_PRP_OR_LL_RESULT_AND_NO_ACTIVE_GIMPS_ASSIGNMENT,2026-08-09T09:12:31+00:00,UNALLOCATED,,,,,
SLCMP2607-1267,1267,1267,794064053,2^794064053-1,STRUCTURAL_SCREEN_EXHAUSTED_PRIMALITY_UNASSIGNED,GF3A_DIRECTIONAL_WRITE_EXHAUSTED_PRIMALITY_UNASSIGNED,513,512,512,NO_RECORDED_FACTOR_PRP_OR_LL_RESULT_AND_NO_ACTIVE_GIMPS_ASSIGNMENT,2026-08-09T09:12:31+00:00,UNALLOCATED,,,,,
SLCMP2607-1268,1268,1268,794064113,2^794064113-1,STRUCTURAL_SCREEN_EXHAUSTED_PRIMALITY_UNASSIGNED,GF3A_DIRECTIONAL_WRITE_EXHAUSTED_PRIMALITY_UNASSIGNED,513,512,512,NO_RECORDED_FACTOR_PRP_OR_LL_RESULT_AND_NO_ACTIVE_GIMPS_ASSIGNMENT,2026-08-09T09:12:31+00:00,UNALLOCATED,,,,,
SLCMP2607-1269,1269,1269,794064157,2^794064157-1,STRUCTURAL_SCREEN_EXHAUSTED_PRIMALITY_UNASSIGNED,GF3A_DIRECTIONAL_WRITE_EXHAUSTED_PRIMALITY_UNASSIGNED,513,512,512,NO_RECORDED_FACTOR_PRP_OR_LL_RESULT_AND_NO_ACTIVE_GIMPS_ASSIGNMENT,2026-08-09T09:12:31+00:00,UNALLOCATED,,,,,
SLCMP2607-1270,1270,1270,794064191,2^794064191-1,STRUCTURAL_SCREEN_EXHAUSTED_PRIMALITY_UNASSIGNED,GF3A_DIRECTIONAL_WRITE_EXHAUSTED_PRIMALITY_UNASSIGNED,514,512,512,NO_RECORDED_FACTOR_PRP_OR_LL_RESULT_AND_NO_ACTIVE_GIMPS_ASSIGNMENT,2026-08-09T09:12:31+00:00,UNALLOCATED,,,,,
SLCMP2607-1271,1271,1271,794064217,2^794064217-1,STRUCTURAL_SCREEN_EXHAUSTED_PRIMALITY_UNASSIGNED,GF3A_DIRECTIONAL_WRITE_EXHAUSTED_PRIMALITY_UNASSIGNED,513,512,512,NO_RECORDED_FACTOR_PRP_OR_LL_RESULT_AND_NO_ACTIVE_GIMPS_ASSIGNMENT,2026-08-09T09:12:31+00:00,UNALLOCATED,,,,,
SLCMP2607-1272,1272,1272,794064223,2^794064223-1,STRUCTURAL_SCREEN_EXHAUSTED_PRIMALITY_UNASSIGNED,GF3A_DIRECTIONAL_WRITE_EXHAUSTED_PRIMALITY_UNASSIGNED,514,512,512,NO_RECORDED_FACTOR_PRP_OR_LL_RESULT_AND_NO_ACTIVE_GIMPS_ASSIGNMENT,2026-08-09T09:12:31+00:00,UNALLOCATED,,,,,
SLCMP2607-1273,1273,1273,794064253,2^794064253-1,STRUCTURAL_SCREEN_EXHAUSTED_PRIMALITY_UNASSIGNED,GF3A_DIRECTIONAL_WRITE_EXHAUSTED_PRIMALITY_UNASSIGNED,513,512,512,NO_RECORDED_FACTOR_PRP_OR_LL_RESULT_AND_NO_ACTIVE_GIMPS_ASSIGNMENT,2026-08-09T09:12:31+00:00,UNALLOCATED,,,,,
SLCMP2607-1274,1274,1274,794064307,2^794064307-1,STRUCTURAL_SCREEN_EXHAUSTED_PRIMALITY_UNASSIGNED,GF3A_DIRECTIONAL_WRITE_EXHAUSTED_PRIMALITY_UNASSIGNED,514,512,512,NO_RECORDED_FACTOR_PRP_OR_LL_RESULT_AND_NO_ACTIVE_GIMPS_ASSIGNMENT,2026-08-09T09:12:31+00:00,UNALLOCATED,,,,,
SLCMP2607-1275,1275,1275,794064361,2^794064361-1,STRUCTURAL_SCREEN_EXHAUSTED_PRIMALITY_UNASSIGNED,GF3A_DIRECTIONAL_WRITE_EXHAUSTED_PRIMALITY_UNASSIGNED,513,512,512,NO_RECORDED_FACTOR_PRP_OR_LL_RESULT_AND_NO_ACTIVE_GIMPS_ASSIGNMENT,2026-08-09T09:12:31+00:00,UNALLOCATED,,,,,
SLCMP2607-1276,1276,1276,794064431,2^794064431-1,STRUCTURAL_SCREEN_EXHAUSTED_PRIMALITY_UNASSIGNED,GF3A_DIRECTIONAL_WRITE_EXHAUSTED_PRIMALITY_UNASSIGNED,514,512,512,NO_RECORDED_FACTOR_PRP_OR_LL_RESULT_AND_NO_ACTIVE_GIMPS_ASSIGNMENT,2026-08-09T09:12:31+00:00,UNALLOCATED,,,,,
SLCMP2607-1277,1277,1277,794064449,2^794064449-1,STRUCTURAL_SCREEN_EXHAUSTED_PRIMALITY_UNASSIGNED,GF3A_DIRECTIONAL_WRITE_EXHAUSTED_PRIMALITY_UNASSIGNED,513,512,512,NO_RECORDED_FACTOR_PRP_OR_LL_RESULT_AND_NO_ACTIVE_GIMPS_ASSIGNMENT,2026-08-09T09:12:31+00:00,UNALLOCATED,,,,,
SLCMP2607-1278,1278,1278,794064499,2^794064499-1,STRUCTURAL_SCREEN_EXHAUSTED_PRIMALITY_UNASSIGNED,GF3A_DIRECTIONAL_WRITE_EXHAUSTED_PRIMALITY_UNASSIGNED,514,512,512,NO_RECORDED_FACTOR_PRP_OR_LL_RESULT_AND_NO_ACTIVE_GIMPS_ASSIGNMENT,2026-08-09T09:12:31+00:00,UNALLOCATED,,,,,
SLCMP2607-1279,1279,1279,794064521,2^794064521-1,STRUCTURAL_SCREEN_EXHAUSTED_PRIMALITY_UNASSIGNED,GF3A_DIRECTIONAL_WRITE_EXHAUSTED_PRIMALITY_UNASSIGNED,513,512,512,NO_RECORDED_FACTOR_PRP_OR_LL_RESULT_AND_NO_ACTIVE_GIMPS_ASSIGNMENT,2026-08-09T09:12:31+00:00,UNALLOCATED,,,,,
SLCMP2607-1280,1280,1280,794064553,2^794064553-1,STRUCTURAL_SCREEN_EXHAUSTED_PRIMALITY_UNASSIGNED,GF3A_DIRECTIONAL_WRITE_EXHAUSTED_PRIMALITY_UNASSIGNED,513,512,512,NO_RECORDED_FACTOR_PRP_OR_LL_RESULT_AND_NO_ACTIVE_GIMPS_ASSIGNMENT,2026-08-09T09:12:31+00:00,UNALLOCATED,,,,,
SLCMP2607-1281,1281,1281,794064767,2^794064767-1,STRUCTURAL_SCREEN_EXHAUSTED_PRIMALITY_UNASSIGNED,GF3A_DIRECTIONAL_WRITE_EXHAUSTED_PRIMALITY_UNASSIGNED,514,512,512,NO_RECORDED_FACTOR_PRP_OR_LL_RESULT_AND_NO_ACTIVE_GIMPS_ASSIGNMENT,2026-08-09T09:12:31+00:00,UNALLOCATED,,,,,
SLCMP2607-1282,1282,1282,794064797,2^794064797-1,STRUCTURAL_SCREEN_EXHAUSTED_PRIMALITY_UNASSIGNED,GF3A_DIRECTIONAL_WRITE_EXHAUSTED_PRIMALITY_UNASSIGNED,513,512,512,NO_RECORDED_FACTOR_PRP_OR_LL_RESULT_AND_NO_ACTIVE_GIMPS_ASSIGNMENT,2026-08-09T09:12:31+00:00,UNALLOCATED,,,,,
SLCMP2607-1283,1283,1283,794065021,2^794065021-1,STRUCTURAL_SCREEN_EXHAUSTED_PRIMALITY_UNASSIGNED,GF3A_DIRECTIONAL_WRITE_EXHAUSTED_PRIMALITY_UNASSIGNED,513,512,512,NO_RECORDED_FACTOR_PRP_OR_LL_RESULT_AND_NO_ACTIVE_GIMPS_ASSIGNMENT,2026-08-09T09:12:31+00:00,UNALLOCATED,,,,,
SLCMP2607-1284,1284,1284,794065033,2^794065033-1,STRUCTURAL_SCREEN_EXHAUSTED_PRIMALITY_UNASSIGNED,GF3A_DIRECTIONAL_WRITE_EXHAUSTED_PRIMALITY_UNASSIGNED,513,512,512,NO_RECORDED_FACTOR_PRP_OR_LL_RESULT_AND_NO_ACTIVE_GIMPS_ASSIGNMENT,2026-08-09T09:12:31+00:00,UNALLOCATED,,,,,
SLCMP2607-1285,1285,1285,794065073,2^794065073-1,STRUCTURAL_SCREEN_EXHAUSTED_PRIMALITY_UNASSIGNED,GF3A_DIRECTIONAL_WRITE_EXHAUSTED_PRIMALITY_UNASSIGNED,513,512,512,NO_RECORDED_FACTOR_PRP_OR_LL_RESULT_AND_NO_ACTIVE_GIMPS_ASSIGNMENT,2026-08-09T09:12:31+00:00,UNALLOCATED,,,,,
SLCMP2607-1286,1286,1286,794065159,2^794065159-1,STRUCTURAL_SCREEN_EXHAUSTED_PRIMALITY_UNASSIGNED,GF3A_DIRECTIONAL_WRITE_EXHAUSTED_PRIMALITY_UNASSIGNED,514,512,512,NO_RECORDED_FACTOR_PRP_OR_LL_RESULT_AND_NO_ACTIVE_GIMPS_ASSIGNMENT,2026-08-09T09:12:31+00:00,UNALLOCATED,,,,,
SLCMP2607-1287,1287,1287,794065171,2^794065171-1,STRUCTURAL_SCREEN_EXHAUSTED_PRIMALITY_UNASSIGNED,GF3A_DIRECTIONAL_WRITE_EXHAUSTED_PRIMALITY_UNASSIGNED,514,512,512,NO_RECORDED_FACTOR_PRP_OR_LL_RESULT_AND_NO_ACTIVE_GIMPS_ASSIGNMENT,2026-08-09T09:12:31+00:00,UNALLOCATED,,,,,
SLCMP2607-1288,1288,1288,794065267,2^794065267-1,STRUCTURAL_SCREEN_EXHAUSTED_PRIMALITY_UNASSIGNED,GF3A_DIRECTIONAL_WRITE_EXHAUSTED_PRIMALITY_UNASSIGNED,514,512,512,NO_RECORDED_FACTOR_PRP_OR_LL_RESULT_AND_NO_ACTIVE_GIMPS_ASSIGNMENT,2026-08-09T09:12:31+00:00,UNALLOCATED,,,,,
SLCMP2607-1289,1289,1289,794065319,2^794065319-1,STRUCTURAL_SCREEN_EXHAUSTED_PRIMALITY_UNASSIGNED,GF3A_DIRECTIONAL_WRITE_EXHAUSTED_PRIMALITY_UNASSIGNED,514,512,512,NO_RECORDED_FACTOR_PRP_OR_LL_RESULT_AND_NO_ACTIVE_GIMPS_ASSIGNMENT,2026-08-09T09:12:31+00:00,UNALLOCATED,,,,,
SLCMP2607-1290,1290,1290,794065411,2^794065411-1,STRUCTURAL_SCREEN_EXHAUSTED_PRIMALITY_UNASSIGNED,GF3A_DIRECTIONAL_WRITE_EXHAUSTED_PRIMALITY_UNASSIGNED,514,512,512,NO_RECORDED_FACTOR_PRP_OR_LL_RESULT_AND_NO_ACTIVE_GIMPS_ASSIGNMENT,2026-08-09T09:12:31+00:00,UNALLOCATED,,,,,
SLCMP2607-1291,1291,1291,794065463,2^794065463-1,STRUCTURAL_SCREEN_EXHAUSTED_PRIMALITY_UNASSIGNED,GF3A_DIRECTIONAL_WRITE_EXHAUSTED_PRIMALITY_UNASSIGNED,514,512,512,NO_RECORDED_FACTOR_PRP_OR_LL_RESULT_AND_NO_ACTIVE_GIMPS_ASSIGNMENT,2026-08-09T09:12:31+00:00,UNALLOCATED,,,,,
SLCMP2607-1292,1292,1292,794065579,2^794065579-1,STRUCTURAL_SCREEN_EXHAUSTED_PRIMALITY_UNASSIGNED,GF3A_DIRECTIONAL_WRITE_EXHAUSTED_PRIMALITY_UNASSIGNED,514,512,512,NO_RECORDED_FACTOR_PRP_OR_LL_RESULT_AND_NO_ACTIVE_GIMPS_ASSIGNMENT,2026-08-09T09:12:31+00:00,UNALLOCATED,,,,,
SLCMP2607-1293,1293,1293,794065583,2^794065583-1,STRUCTURAL_SCREEN_EXHAUSTED_PRIMALITY_UNASSIGNED,GF3A_DIRECTIONAL_WRITE_EXHAUSTED_PRIMALITY_UNASSIGNED,514,512,512,NO_RECORDED_FACTOR_PRP_OR_LL_RESULT_AND_NO_ACTIVE_GIMPS_ASSIGNMENT,2026-08-09T09:12:31+00:00,UNALLOCATED,,,,,
SLCMP2607-1294,1294,1294,794065607,2^794065607-1,STRUCTURAL_SCREEN_EXHAUSTED_PRIMALITY_UNASSIGNED,GF3A_DIRECTIONAL_WRITE_EXHAUSTED_PRIMALITY_UNASSIGNED,514,512,512,NO_RECORDED_FACTOR_PRP_OR_LL_RESULT_AND_NO_ACTIVE_GIMPS_ASSIGNMENT,2026-08-09T09:12:31+00:00,UNALLOCATED,,,,,
SLCMP2607-1295,1295,1295,794065661,2^794065661-1,STRUCTURAL_SCREEN_EXHAUSTED_PRIMALITY_UNASSIGNED,GF3A_DIRECTIONAL_WRITE_EXHAUSTED_PRIMALITY_UNASSIGNED,513,512,512,NO_RECORDED_FACTOR_PRP_OR_LL_RESULT_AND_NO_ACTIVE_GIMPS_ASSIGNMENT,2026-08-09T09:12:31+00:00,UNALLOCATED,,,,,
SLCMP2607-1296,1296,1296,794065681,2^794065681-1,STRUCTURAL_SCREEN_EXHAUSTED_PRIMALITY_UNASSIGNED,GF3A_DIRECTIONAL_WRITE_EXHAUSTED_PRIMALITY_UNASSIGNED,513,512,512,NO_RECORDED_FACTOR_PRP_OR_LL_RESULT_AND_NO_ACTIVE_GIMPS_ASSIGNMENT,2026-08-09T09:12:31+00:00,UNALLOCATED,,,,,
SLCMP2607-1297,1297,1297,794065697,2^794065697-1,STRUCTURAL_SCREEN_EXHAUSTED_PRIMALITY_UNASSIGNED,GF3A_DIRECTIONAL_WRITE_EXHAUSTED_PRIMALITY_UNASSIGNED,513,512,512,NO_RECORDED_FACTOR_PRP_OR_LL_RESULT_AND_NO_ACTIVE_GIMPS_ASSIGNMENT,2026-08-09T09:12:31+00:00,UNALLOCATED,,,,,
SLCMP2607-1298,1298,1298,794065711,2^794065711-1,STRUCTURAL_SCREEN_EXHAUSTED_PRIMALITY_UNASSIGNED,GF3A_DIRECTIONAL_WRITE_EXHAUSTED_PRIMALITY_UNASSIGNED,514,512,512,NO_RECORDED_FACTOR_PRP_OR_LL_RESULT_AND_NO_ACTIVE_GIMPS_ASSIGNMENT,2026-08-09T09:12:31+00:00,UNALLOCATED,,,,,
SLCMP2607-1299,1299,1299,794065751,2^794065751-1,STRUCTURAL_SCREEN_EXHAUSTED_PRIMALITY_UNASSIGNED,GF3A_DIRECTIONAL_WRITE_EXHAUSTED_PRIMALITY_UNASSIGNED,514,512,512,NO_RECORDED_FACTOR_PRP_OR_LL_RESULT_AND_NO_ACTIVE_GIMPS_ASSIGNMENT,2026-08-09T09:12:31+00:00,UNALLOCATED,,,,,
SLCMP2607-1300,1300,1300,794065787,2^794065787-1,STRUCTURAL_SCREEN_EXHAUSTED_PRIMALITY_UNASSIGNED,GF3A_DIRECTIONAL_WRITE_EXHAUSTED_PRIMALITY_UNASSIGNED,514,512,512,NO_RECORDED_FACTOR_PRP_OR_LL_RESULT_AND_NO_ACTIVE_GIMPS_ASSIGNMENT,2026-08-09T09:12:31+00:00,UNALLOCATED,,,,,
SLCMP2607-1301,1301,1301,794065793,2^794065793-1,STRUCTURAL_SCREEN_EXHAUSTED_PRIMALITY_UNASSIGNED,GF3A_DIRECTIONAL_WRITE_EXHAUSTED_PRIMALITY_UNASSIGNED,513,512,512,NO_RECORDED_FACTOR_PRP_OR_LL_RESULT_AND_NO_ACTIVE_GIMPS_ASSIGNMENT,2026-08-09T09:12:31+00:00,UNALLOCATED,,,,,
SLCMP2607-1302,1302,1302,794065813,2^794065813-1,STRUCTURAL_SCREEN_EXHAUSTED_PRIMALITY_UNASSIGNED,GF3A_DIRECTIONAL_WRITE_EXHAUSTED_PRIMALITY_UNASSIGNED,513,512,512,NO_RECORDED_FACTOR_PRP_OR_LL_RESULT_AND_NO_ACTIVE_GIMPS_ASSIGNMENT,2026-08-09T09:12:31+00:00,UNALLOCATED,,,,,
SLCMP2607-1303,1303,1303,794065829,2^794065829-1,STRUCTURAL_SCREEN_EXHAUSTED_PRIMALITY_UNASSIGNED,GF3A_DIRECTIONAL_WRITE_EXHAUSTED_PRIMALITY_UNASSIGNED,513,512,512,NO_RECORDED_FACTOR_PRP_OR_LL_RESULT_AND_NO_ACTIVE_GIMPS_ASSIGNMENT,2026-08-09T09:12:31+00:00,UNALLOCATED,,,,,
SLCMP2607-1304,1304,1304,794065861,2^794065861-1,STRUCTURAL_SCREEN_EXHAUSTED_PRIMALITY_UNASSIGNED,GF3A_DIRECTIONAL_WRITE_EXHAUSTED_PRIMALITY_UNASSIGNED,513,512,512,NO_RECORDED_FACTOR_PRP_OR_LL_RESULT_AND_NO_ACTIVE_GIMPS_ASSIGNMENT,2026-08-09T09:12:31+00:00,UNALLOCATED,,,,,
SLCMP2607-1305,1305,1305,794065889,2^794065889-1,STRUCTURAL_SCREEN_EXHAUSTED_PRIMALITY_UNASSIGNED,GF3A_DIRECTIONAL_WRITE_EXHAUSTED_PRIMALITY_UNASSIGNED,513,512,512,NO_RECORDED_FACTOR_PRP_OR_LL_RESULT_AND_NO_ACTIVE_GIMPS_ASSIGNMENT,2026-08-09T09:12:31+00:00,UNALLOCATED,,,,,
SLCMP2607-1306,1306,1306,794065913,2^794065913-1,STRUCTURAL_SCREEN_EXHAUSTED_PRIMALITY_UNASSIGNED,GF3A_DIRECTIONAL_WRITE_EXHAUSTED_PRIMALITY_UNASSIGNED,513,512,512,NO_RECORDED_FACTOR_PRP_OR_LL_RESULT_AND_NO_ACTIVE_GIMPS_ASSIGNMENT,2026-08-09T09:12:31+00:00,UNALLOCATED,,,,,
SLCMP2607-1307,1307,1307,794065967,2^794065967-1,STRUCTURAL_SCREEN_EXHAUSTED_PRIMALITY_UNASSIGNED,GF3A_DIRECTIONAL_WRITE_EXHAUSTED_PRIMALITY_UNASSIGNED,514,512,512,NO_RECORDED_FACTOR_PRP_OR_LL_RESULT_AND_NO_ACTIVE_GIMPS_ASSIGNMENT,2026-08-09T09:12:31+00:00,UNALLOCATED,,,,,
SLCMP2607-1308,1308,1308,794066131,2^794066131-1,STRUCTURAL_SCREEN_EXHAUSTED_PRIMALITY_UNASSIGNED,GF3A_DIRECTIONAL_WRITE_EXHAUSTED_PRIMALITY_UNASSIGNED,514,512,512,NO_RECORDED_FACTOR_PRP_OR_LL_RESULT_AND_NO_ACTIVE_GIMPS_ASSIGNMENT,2026-08-09T09:12:31+00:00,UNALLOCATED,,,,,
SLCMP2607-1309,1309,1309,794066171,2^794066171-1,STRUCTURAL_SCREEN_EXHAUSTED_PRIMALITY_UNASSIGNED,GF3A_DIRECTIONAL_WRITE_EXHAUSTED_PRIMALITY_UNASSIGNED,514,512,512,NO_RECORDED_FACTOR_PRP_OR_LL_RESULT_AND_NO_ACTIVE_GIMPS_ASSIGNMENT,2026-08-09T09:12:31+00:00,UNALLOCATED,,,,,
SLCMP2607-1310,1310,1310,794066179,2^794066179-1,STRUCTURAL_SCREEN_EXHAUSTED_PRIMALITY_UNASSIGNED,GF3A_DIRECTIONAL_WRITE_EXHAUSTED_PRIMALITY_UNASSIGNED,514,512,512,NO_RECORDED_FACTOR_PRP_OR_LL_RESULT_AND_NO_ACTIVE_GIMPS_ASSIGNMENT,2026-08-09T09:12:31+00:00,UNALLOCATED,,,,,
SLCMP2607-1311,1311,1311,794066227,2^794066227-1,STRUCTURAL_SCREEN_EXHAUSTED_PRIMALITY_UNASSIGNED,GF3A_DIRECTIONAL_WRITE_EXHAUSTED_PRIMALITY_UNASSIGNED,514,512,512,NO_RECORDED_FACTOR_PRP_OR_LL_RESULT_AND_NO_ACTIVE_GIMPS_ASSIGNMENT,2026-08-09T09:12:31+00:00,UNALLOCATED,,,,,
SLCMP2607-1312,1312,1312,794066233,2^794066233-1,STRUCTURAL_SCREEN_EXHAUSTED_PRIMALITY_UNASSIGNED,GF3A_DIRECTIONAL_WRITE_EXHAUSTED_PRIMALITY_UNASSIGNED,513,512,512,NO_RECORDED_FACTOR_PRP_OR_LL_RESULT_AND_NO_ACTIVE_GIMPS_ASSIGNMENT,2026-08-09T09:12:31+00:00,UNALLOCATED,,,,,
SLCMP2607-1313,1313,1313,794066257,2^794066257-1,STRUCTURAL_SCREEN_EXHAUSTED_PRIMALITY_UNASSIGNED,GF3A_DIRECTIONAL_WRITE_EXHAUSTED_PRIMALITY_UNASSIGNED,513,512,512,NO_RECORDED_FACTOR_PRP_OR_LL_RESULT_AND_NO_ACTIVE_GIMPS_ASSIGNMENT,2026-08-09T09:12:31+00:00,UNALLOCATED,,,,,
SLCMP2607-1314,1314,1314,794066263,2^794066263-1,STRUCTURAL_SCREEN_EXHAUSTED_PRIMALITY_UNASSIGNED,GF3A_DIRECTIONAL_WRITE_EXHAUSTED_PRIMALITY_UNASSIGNED,514,512,512,NO_RECORDED_FACTOR_PRP_OR_LL_RESULT_AND_NO_ACTIVE_GIMPS_ASSIGNMENT,2026-08-09T09:12:31+00:00,UNALLOCATED,,,,,
SLCMP2607-1315,1315,1315,794066323,2^794066323-1,STRUCTURAL_SCREEN_EXHAUSTED_PRIMALITY_UNASSIGNED,GF3A_DIRECTIONAL_WRITE_EXHAUSTED_PRIMALITY_UNASSIGNED,514,512,512,NO_RECORDED_FACTOR_PRP_OR_LL_RESULT_AND_NO_ACTIVE_GIMPS_ASSIGNMENT,2026-08-09T09:12:31+00:00,UNALLOCATED,,,,,
SLCMP2607-1316,1316,1316,794066353,2^794066353-1,STRUCTURAL_SCREEN_EXHAUSTED_PRIMALITY_UNASSIGNED,GF3A_DIRECTIONAL_WRITE_EXHAUSTED_PRIMALITY_UNASSIGNED,513,512,512,NO_RECORDED_FACTOR_PRP_OR_LL_RESULT_AND_NO_ACTIVE_GIMPS_ASSIGNMENT,2026-08-09T09:12:31+00:00,UNALLOCATED,,,,,
SLCMP2607-1317,1317,1317,794066359,2^794066359-1,STRUCTURAL_SCREEN_EXHAUSTED_PRIMALITY_UNASSIGNED,GF3A_DIRECTIONAL_WRITE_EXHAUSTED_PRIMALITY_UNASSIGNED,514,512,512,NO_RECORDED_FACTOR_PRP_OR_LL_RESULT_AND_NO_ACTIVE_GIMPS_ASSIGNMENT,2026-08-09T09:12:31+00:00,UNALLOCATED,,,,,
SLCMP2607-1318,1318,1318,794066389,2^794066389-1,STRUCTURAL_SCREEN_EXHAUSTED_PRIMALITY_UNASSIGNED,GF3A_DIRECTIONAL_WRITE_EXHAUSTED_PRIMALITY_UNASSIGNED,513,512,512,NO_RECORDED_FACTOR_PRP_OR_LL_RESULT_AND_NO_ACTIVE_GIMPS_ASSIGNMENT,2026-08-09T09:12:31+00:00,UNALLOCATED,,,,,
SLCMP2607-1319,1319,1319,794066401,2^794066401-1,STRUCTURAL_SCREEN_EXHAUSTED_PRIMALITY_UNASSIGNED,GF3A_DIRECTIONAL_WRITE_EXHAUSTED_PRIMALITY_UNASSIGNED,513,512,512,NO_RECORDED_FACTOR_PRP_OR_LL_RESULT_AND_NO_ACTIVE_GIMPS_ASSIGNMENT,2026-08-09T09:12:31+00:00,UNALLOCATED,,,,,
SLCMP2607-1320,1320,1320,794066461,2^794066461-1,STRUCTURAL_SCREEN_EXHAUSTED_PRIMALITY_UNASSIGNED,GF3A_DIRECTIONAL_WRITE_EXHAUSTED_PRIMALITY_UNASSIGNED,513,512,512,NO_RECORDED_FACTOR_PRP_OR_LL_RESULT_AND_NO_ACTIVE_GIMPS_ASSIGNMENT,2026-08-09T09:12:31+00:00,UNALLOCATED,,,,,
SLCMP2607-1321,1321,1321,794066527,2^794066527-1,STRUCTURAL_SCREEN_EXHAUSTED_PRIMALITY_UNASSIGNED,GF3A_DIRECTIONAL_WRITE_EXHAUSTED_PRIMALITY_UNASSIGNED,514,512,512,NO_RECORDED_FACTOR_PRP_OR_LL_RESULT_AND_NO_ACTIVE_GIMPS_ASSIGNMENT,2026-08-09T09:12:31+00:00,UNALLOCATED,,,,,
SLCMP2607-1322,1322,1322,794066531,2^794066531-1,STRUCTURAL_SCREEN_EXHAUSTED_PRIMALITY_UNASSIGNED,GF3A_DIRECTIONAL_WRITE_EXHAUSTED_PRIMALITY_UNASSIGNED,514,512,512,NO_RECORDED_FACTOR_PRP_OR_LL_RESULT_AND_NO_ACTIVE_GIMPS_ASSIGNMENT,2026-08-09T09:12:31+00:00,UNALLOCATED,,,,,
SLCMP2607-1323,1323,1323,794066597,2^794066597-1,STRUCTURAL_SCREEN_EXHAUSTED_PRIMALITY_UNASSIGNED,GF3A_DIRECTIONAL_WRITE_EXHAUSTED_PRIMALITY_UNASSIGNED,513,512,512,NO_RECORDED_FACTOR_PRP_OR_LL_RESULT_AND_NO_ACTIVE_GIMPS_ASSIGNMENT,2026-08-09T09:12:31+00:00,UNALLOCATED,,,,,
SLCMP2607-1324,1324,1324,794066701,2^794066701-1,STRUCTURAL_SCREEN_EXHAUSTED_PRIMALITY_UNASSIGNED,GF3A_DIRECTIONAL_WRITE_EXHAUSTED_PRIMALITY_UNASSIGNED,513,512,512,NO_RECORDED_FACTOR_PRP_OR_LL_RESULT_AND_NO_ACTIVE_GIMPS_ASSIGNMENT,2026-08-09T09:12:31+00:00,UNALLOCATED,,,,,
SLCMP2607-1325,1325,1325,794066717,2^794066717-1,STRUCTURAL_SCREEN_EXHAUSTED_PRIMALITY_UNASSIGNED,GF3A_DIRECTIONAL_WRITE_EXHAUSTED_PRIMALITY_UNASSIGNED,513,512,512,NO_RECORDED_FACTOR_PRP_OR_LL_RESULT_AND_NO_ACTIVE_GIMPS_ASSIGNMENT,2026-08-09T09:12:31+00:00,UNALLOCATED,,,,,
SLCMP2607-1326,1326,1326,794066783,2^794066783-1,STRUCTURAL_SCREEN_EXHAUSTED_PRIMALITY_UNASSIGNED,GF3A_DIRECTIONAL_WRITE_EXHAUSTED_PRIMALITY_UNASSIGNED,514,512,512,NO_RECORDED_FACTOR_PRP_OR_LL_RESULT_AND_NO_ACTIVE_GIMPS_ASSIGNMENT,2026-08-09T09:12:31+00:00,UNALLOCATED,,,,,
SLCMP2607-1327,1327,1327,794066809,2^794066809-1,STRUCTURAL_SCREEN_EXHAUSTED_PRIMALITY_UNASSIGNED,GF3A_DIRECTIONAL_WRITE_EXHAUSTED_PRIMALITY_UNASSIGNED,513,512,512,NO_RECORDED_FACTOR_PRP_OR_LL_RESULT_AND_NO_ACTIVE_GIMPS_ASSIGNMENT,2026-08-09T09:12:31+00:00,UNALLOCATED,,,,,
SLCMP2607-1328,1328,1328,794066887,2^794066887-1,STRUCTURAL_SCREEN_EXHAUSTED_PRIMALITY_UNASSIGNED,GF3A_DIRECTIONAL_WRITE_EXHAUSTED_PRIMALITY_UNASSIGNED,514,512,512,NO_RECORDED_FACTOR_PRP_OR_LL_RESULT_AND_NO_ACTIVE_GIMPS_ASSIGNMENT,2026-08-09T09:12:31+00:00,UNALLOCATED,,,,,
SLCMP2607-1329,1329,1329,794066947,2^794066947-1,STRUCTURAL_SCREEN_EXHAUSTED_PRIMALITY_UNASSIGNED,GF3A_DIRECTIONAL_WRITE_EXHAUSTED_PRIMALITY_UNASSIGNED,514,512,512,NO_RECORDED_FACTOR_PRP_OR_LL_RESULT_AND_NO_ACTIVE_GIMPS_ASSIGNMENT,2026-08-09T09:12:31+00:00,UNALLOCATED,,,,,
SLCMP2607-1330,1330,1330,794066969,2^794066969-1,STRUCTURAL_SCREEN_EXHAUSTED_PRIMALITY_UNASSIGNED,GF3A_DIRECTIONAL_WRITE_EXHAUSTED_PRIMALITY_UNASSIGNED,513,512,512,NO_RECORDED_FACTOR_PRP_OR_LL_RESULT_AND_NO_ACTIVE_GIMPS_ASSIGNMENT,2026-08-09T09:12:31+00:00,UNALLOCATED,,,,,
SLCMP2607-1331,1331,1331,794067007,2^794067007-1,STRUCTURAL_SCREEN_EXHAUSTED_PRIMALITY_UNASSIGNED,GF3A_DIRECTIONAL_WRITE_EXHAUSTED_PRIMALITY_UNASSIGNED,514,512,512,NO_RECORDED_FACTOR_PRP_OR_LL_RESULT_AND_NO_ACTIVE_GIMPS_ASSIGNMENT,2026-08-09T09:12:31+00:00,UNALLOCATED,,,,,
SLCMP2607-1332,1332,1332,794067037,2^794067037-1,STRUCTURAL_SCREEN_EXHAUSTED_PRIMALITY_UNASSIGNED,GF3A_DIRECTIONAL_WRITE_EXHAUSTED_PRIMALITY_UNASSIGNED,513,512,512,NO_RECORDED_FACTOR_PRP_OR_LL_RESULT_AND_NO_ACTIVE_GIMPS_ASSIGNMENT,2026-08-09T09:12:31+00:00,UNALLOCATED,,,,,
SLCMP2607-1333,1333,1333,794067089,2^794067089-1,STRUCTURAL_SCREEN_EXHAUSTED_PRIMALITY_UNASSIGNED,GF3A_DIRECTIONAL_WRITE_EXHAUSTED_PRIMALITY_UNASSIGNED,513,512,512,NO_RECORDED_FACTOR_PRP_OR_LL_RESULT_AND_NO_ACTIVE_GIMPS_ASSIGNMENT,2026-08-09T09:12:31+00:00,UNALLOCATED,,,,,
SLCMP2607-1334,1334,1334,794067137,2^794067137-1,STRUCTURAL_SCREEN_EXHAUSTED_PRIMALITY_UNASSIGNED,GF3A_DIRECTIONAL_WRITE_EXHAUSTED_PRIMALITY_UNASSIGNED,513,512,512,NO_RECORDED_FACTOR_PRP_OR_LL_RESULT_AND_NO_ACTIVE_GIMPS_ASSIGNMENT,2026-08-09T09:12:31+00:00,UNALLOCATED,,,,,
SLCMP2607-1335,1335,1335,794067187,2^794067187-1,STRUCTURAL_SCREEN_EXHAUSTED_PRIMALITY_UNASSIGNED,GF3A_DIRECTIONAL_WRITE_EXHAUSTED_PRIMALITY_UNASSIGNED,514,512,512,NO_RECORDED_FACTOR_PRP_OR_LL_RESULT_AND_NO_ACTIVE_GIMPS_ASSIGNMENT,2026-08-09T09:12:31+00:00,UNALLOCATED,,,,,
SLCMP2607-1336,1336,1336,794067217,2^794067217-1,STRUCTURAL_SCREEN_EXHAUSTED_PRIMALITY_UNASSIGNED,GF3A_DIRECTIONAL_WRITE_EXHAUSTED_PRIMALITY_UNASSIGNED,513,512,512,NO_RECORDED_FACTOR_PRP_OR_LL_RESULT_AND_NO_ACTIVE_GIMPS_ASSIGNMENT,2026-08-09T09:12:31+00:00,UNALLOCATED,,,,,
SLCMP2607-1337,1337,1337,794067259,2^794067259-1,STRUCTURAL_SCREEN_EXHAUSTED_PRIMALITY_UNASSIGNED,GF3A_DIRECTIONAL_WRITE_EXHAUSTED_PRIMALITY_UNASSIGNED,514,512,512,NO_RECORDED_FACTOR_PRP_OR_LL_RESULT_AND_NO_ACTIVE_GIMPS_ASSIGNMENT,2026-08-09T09:12:31+00:00,UNALLOCATED,,,,,
SLCMP2607-1338,1338,1338,794067301,2^794067301-1,STRUCTURAL_SCREEN_EXHAUSTED_PRIMALITY_UNASSIGNED,GF3A_DIRECTIONAL_WRITE_EXHAUSTED_PRIMALITY_UNASSIGNED,513,512,512,NO_RECORDED_FACTOR_PRP_OR_LL_RESULT_AND_NO_ACTIVE_GIMPS_ASSIGNMENT,2026-08-09T09:12:31+00:00,UNALLOCATED,,,,,
SLCMP2607-1339,1339,1339,794067349,2^794067349-1,STRUCTURAL_SCREEN_EXHAUSTED_PRIMALITY_UNASSIGNED,GF3A_DIRECTIONAL_WRITE_EXHAUSTED_PRIMALITY_UNASSIGNED,513,512,512,NO_RECORDED_FACTOR_PRP_OR_LL_RESULT_AND_NO_ACTIVE_GIMPS_ASSIGNMENT,2026-08-09T09:12:31+00:00,UNALLOCATED,,,,,
SLCMP2607-1340,1340,1340,794067553,2^794067553-1,STRUCTURAL_SCREEN_EXHAUSTED_PRIMALITY_UNASSIGNED,GF3A_DIRECTIONAL_WRITE_EXHAUSTED_PRIMALITY_UNASSIGNED,513,512,512,NO_RECORDED_FACTOR_PRP_OR_LL_RESULT_AND_NO_ACTIVE_GIMPS_ASSIGNMENT,2026-08-09T09:12:31+00:00,UNALLOCATED,,,,,
SLCMP2607-1341,1341,1341,794067583,2^794067583-1,STRUCTURAL_SCREEN_EXHAUSTED_PRIMALITY_UNASSIGNED,GF3A_DIRECTIONAL_WRITE_EXHAUSTED_PRIMALITY_UNASSIGNED,514,512,512,NO_RECORDED_FACTOR_PRP_OR_LL_RESULT_AND_NO_ACTIVE_GIMPS_ASSIGNMENT,2026-08-09T09:12:31+00:00,UNALLOCATED,,,,,
SLCMP2607-1342,1342,1342,794067707,2^794067707-1,STRUCTURAL_SCREEN_EXHAUSTED_PRIMALITY_UNASSIGNED,GF3A_DIRECTIONAL_WRITE_EXHAUSTED_PRIMALITY_UNASSIGNED,514,512,512,NO_RECORDED_FACTOR_PRP_OR_LL_RESULT_AND_NO_ACTIVE_GIMPS_ASSIGNMENT,2026-08-09T09:12:31+00:00,UNALLOCATED,,,,,
SLCMP2607-1343,1343,1343,794067731,2^794067731-1,STRUCTURAL_SCREEN_EXHAUSTED_PRIMALITY_UNASSIGNED,GF3A_DIRECTIONAL_WRITE_EXHAUSTED_PRIMALITY_UNASSIGNED,514,512,512,NO_RECORDED_FACTOR_PRP_OR_LL_RESULT_AND_NO_ACTIVE_GIMPS_ASSIGNMENT,2026-08-09T09:12:31+00:00,UNALLOCATED,,,,,
SLCMP2607-1344,1344,1344,794067749,2^794067749-1,STRUCTURAL_SCREEN_EXHAUSTED_PRIMALITY_UNASSIGNED,GF3A_DIRECTIONAL_WRITE_EXHAUSTED_PRIMALITY_UNASSIGNED,513,512,512,NO_RECORDED_FACTOR_PRP_OR_LL_RESULT_AND_NO_ACTIVE_GIMPS_ASSIGNMENT,2026-08-09T09:12:31+00:00,UNALLOCATED,,,,,
SLCMP2607-1345,1345,1345,794067811,2^794067811-1,STRUCTURAL_SCREEN_EXHAUSTED_PRIMALITY_UNASSIGNED,GF3A_DIRECTIONAL_WRITE_EXHAUSTED_PRIMALITY_UNASSIGNED,514,512,512,NO_RECORDED_FACTOR_PRP_OR_LL_RESULT_AND_NO_ACTIVE_GIMPS_ASSIGNMENT,2026-08-09T09:12:31+00:00,UNALLOCATED,,,,,
SLCMP2607-1346,1346,1346,794067871,2^794067871-1,STRUCTURAL_SCREEN_EXHAUSTED_PRIMALITY_UNASSIGNED,GF3A_DIRECTIONAL_WRITE_EXHAUSTED_PRIMALITY_UNASSIGNED,514,512,512,NO_RECORDED_FACTOR_PRP_OR_LL_RESULT_AND_NO_ACTIVE_GIMPS_ASSIGNMENT,2026-08-09T09:12:31+00:00,UNALLOCATED,,,,,
SLCMP2607-1347,1347,1347,794067877,2^794067877-1,STRUCTURAL_SCREEN_EXHAUSTED_PRIMALITY_UNASSIGNED,GF3A_DIRECTIONAL_WRITE_EXHAUSTED_PRIMALITY_UNASSIGNED,513,512,512,NO_RECORDED_FACTOR_PRP_OR_LL_RESULT_AND_NO_ACTIVE_GIMPS_ASSIGNMENT,2026-08-09T09:12:31+00:00,UNALLOCATED,,,,,
SLCMP2607-1348,1348,1348,794067913,2^794067913-1,STRUCTURAL_SCREEN_EXHAUSTED_PRIMALITY_UNASSIGNED,GF3A_DIRECTIONAL_WRITE_EXHAUSTED_PRIMALITY_UNASSIGNED,513,512,512,NO_RECORDED_FACTOR_PRP_OR_LL_RESULT_AND_NO_ACTIVE_GIMPS_ASSIGNMENT,2026-08-09T09:12:31+00:00,UNALLOCATED,,,,,
SLCMP2607-1349,1349,1349,794067979,2^794067979-1,STRUCTURAL_SCREEN_EXHAUSTED_PRIMALITY_UNASSIGNED,GF3A_DIRECTIONAL_WRITE_EXHAUSTED_PRIMALITY_UNASSIGNED,514,512,512,NO_RECORDED_FACTOR_PRP_OR_LL_RESULT_AND_NO_ACTIVE_GIMPS_ASSIGNMENT,2026-08-09T09:12:31+00:00,UNALLOCATED,,,,,
SLCMP2607-1350,1350,1350,794068003,2^794068003-1,STRUCTURAL_SCREEN_EXHAUSTED_PRIMALITY_UNASSIGNED,GF3A_DIRECTIONAL_WRITE_EXHAUSTED_PRIMALITY_UNASSIGNED,514,512,512,NO_RECORDED_FACTOR_PRP_OR_LL_RESULT_AND_NO_ACTIVE_GIMPS_ASSIGNMENT,2026-08-09T09:12:31+00:00,UNALLOCATED,,,,,
SLCMP2607-1351,1351,1351,794068027,2^794068027-1,STRUCTURAL_SCREEN_EXHAUSTED_PRIMALITY_UNASSIGNED,GF3A_DIRECTIONAL_WRITE_EXHAUSTED_PRIMALITY_UNASSIGNED,514,512,512,NO_RECORDED_FACTOR_PRP_OR_LL_RESULT_AND_NO_ACTIVE_GIMPS_ASSIGNMENT,2026-08-09T09:12:31+00:00,UNALLOCATED,,,,,
SLCMP2607-1352,1352,1352,794068073,2^794068073-1,STRUCTURAL_SCREEN_EXHAUSTED_PRIMALITY_UNASSIGNED,GF3A_DIRECTIONAL_WRITE_EXHAUSTED_PRIMALITY_UNASSIGNED,513,512,512,NO_RECORDED_FACTOR_PRP_OR_LL_RESULT_AND_NO_ACTIVE_GIMPS_ASSIGNMENT,2026-08-09T09:12:31+00:00,UNALLOCATED,,,,,
SLCMP2607-1353,1353,1353,794068081,2^794068081-1,STRUCTURAL_SCREEN_EXHAUSTED_PRIMALITY_UNASSIGNED,GF3A_DIRECTIONAL_WRITE_EXHAUSTED_PRIMALITY_UNASSIGNED,513,512,512,NO_RECORDED_FACTOR_PRP_OR_LL_RESULT_AND_NO_ACTIVE_GIMPS_ASSIGNMENT,2026-08-09T09:12:31+00:00,UNALLOCATED,,,,,
SLCMP2607-1354,1354,1354,794068271,2^794068271-1,STRUCTURAL_SCREEN_EXHAUSTED_PRIMALITY_UNASSIGNED,GF3A_DIRECTIONAL_WRITE_EXHAUSTED_PRIMALITY_UNASSIGNED,514,512,512,NO_RECORDED_FACTOR_PRP_OR_LL_RESULT_AND_NO_ACTIVE_GIMPS_ASSIGNMENT,2026-08-09T09:12:31+00:00,UNALLOCATED,,,,,
SLCMP2607-1355,1355,1355,794068309,2^794068309-1,STRUCTURAL_SCREEN_EXHAUSTED_PRIMALITY_UNASSIGNED,GF3A_DIRECTIONAL_WRITE_EXHAUSTED_PRIMALITY_UNASSIGNED,513,512,512,NO_RECORDED_FACTOR_PRP_OR_LL_RESULT_AND_NO_ACTIVE_GIMPS_ASSIGNMENT,2026-08-09T09:12:31+00:00,UNALLOCATED,,,,,
SLCMP2607-1356,1356,1356,794068321,2^794068321-1,STRUCTURAL_SCREEN_EXHAUSTED_PRIMALITY_UNASSIGNED,GF3A_DIRECTIONAL_WRITE_EXHAUSTED_PRIMALITY_UNASSIGNED,513,512,512,NO_RECORDED_FACTOR_PRP_OR_LL_RESULT_AND_NO_ACTIVE_GIMPS_ASSIGNMENT,2026-08-09T09:12:31+00:00,UNALLOCATED,,,,,
SLCMP2607-1357,1357,1357,794068367,2^794068367-1,STRUCTURAL_SCREEN_EXHAUSTED_PRIMALITY_UNASSIGNED,GF3A_DIRECTIONAL_WRITE_EXHAUSTED_PRIMALITY_UNASSIGNED,514,512,512,NO_RECORDED_FACTOR_PRP_OR_LL_RESULT_AND_NO_ACTIVE_GIMPS_ASSIGNMENT,2026-08-09T09:12:31+00:00,UNALLOCATED,,,,,
SLCMP2607-1358,1358,1358,794068393,2^794068393-1,STRUCTURAL_SCREEN_EXHAUSTED_PRIMALITY_UNASSIGNED,GF3A_DIRECTIONAL_WRITE_EXHAUSTED_PRIMALITY_UNASSIGNED,513,512,512,NO_RECORDED_FACTOR_PRP_OR_LL_RESULT_AND_NO_ACTIVE_GIMPS_ASSIGNMENT,2026-08-09T09:12:31+00:00,UNALLOCATED,,,,,
SLCMP2607-1359,1359,1359,794068397,2^794068397-1,STRUCTURAL_SCREEN_EXHAUSTED_PRIMALITY_UNASSIGNED,GF3A_DIRECTIONAL_WRITE_EXHAUSTED_PRIMALITY_UNASSIGNED,513,512,512,NO_RECORDED_FACTOR_PRP_OR_LL_RESULT_AND_NO_ACTIVE_GIMPS_ASSIGNMENT,2026-08-09T09:12:31+00:00,UNALLOCATED,,,,,
SLCMP2607-1360,1360,1360,794068417,2^794068417-1,STRUCTURAL_SCREEN_EXHAUSTED_PRIMALITY_UNASSIGNED,GF3A_DIRECTIONAL_WRITE_EXHAUSTED_PRIMALITY_UNASSIGNED,513,512,512,NO_RECORDED_FACTOR_PRP_OR_LL_RESULT_AND_NO_ACTIVE_GIMPS_ASSIGNMENT,2026-08-09T09:12:31+00:00,UNALLOCATED,,,,,
SLCMP2607-1361,1361,1361,794068447,2^794068447-1,STRUCTURAL_SCREEN_EXHAUSTED_PRIMALITY_UNASSIGNED,GF3A_DIRECTIONAL_WRITE_EXHAUSTED_PRIMALITY_UNASSIGNED,514,512,512,NO_RECORDED_FACTOR_PRP_OR_LL_RESULT_AND_NO_ACTIVE_GIMPS_ASSIGNMENT,2026-08-09T09:12:31+00:00,UNALLOCATED,,,,,
SLCMP2607-1362,1362,1362,794068549,2^794068549-1,STRUCTURAL_SCREEN_EXHAUSTED_PRIMALITY_UNASSIGNED,GF3A_DIRECTIONAL_WRITE_EXHAUSTED_PRIMALITY_UNASSIGNED,513,512,512,NO_RECORDED_FACTOR_PRP_OR_LL_RESULT_AND_NO_ACTIVE_GIMPS_ASSIGNMENT,2026-08-09T09:12:31+00:00,UNALLOCATED,,,,,
SLCMP2607-1363,1363,1363,794068637,2^794068637-1,STRUCTURAL_SCREEN_EXHAUSTED_PRIMALITY_UNASSIGNED,GF3A_DIRECTIONAL_WRITE_EXHAUSTED_PRIMALITY_UNASSIGNED,513,512,512,NO_RECORDED_FACTOR_PRP_OR_LL_RESULT_AND_NO_ACTIVE_GIMPS_ASSIGNMENT,2026-08-09T09:12:31+00:00,UNALLOCATED,,,,,
SLCMP2607-1364,1364,1364,794068651,2^794068651-1,STRUCTURAL_SCREEN_EXHAUSTED_PRIMALITY_UNASSIGNED,GF3A_DIRECTIONAL_WRITE_EXHAUSTED_PRIMALITY_UNASSIGNED,514,512,512,NO_RECORDED_FACTOR_PRP_OR_LL_RESULT_AND_NO_ACTIVE_GIMPS_ASSIGNMENT,2026-08-09T09:12:31+00:00,UNALLOCATED,,,,,
SLCMP2607-1365,1365,1365,794068663,2^794068663-1,STRUCTURAL_SCREEN_EXHAUSTED_PRIMALITY_UNASSIGNED,GF3A_DIRECTIONAL_WRITE_EXHAUSTED_PRIMALITY_UNASSIGNED,514,512,512,NO_RECORDED_FACTOR_PRP_OR_LL_RESULT_AND_NO_ACTIVE_GIMPS_ASSIGNMENT,2026-08-09T09:12:31+00:00,UNALLOCATED,,,,,
SLCMP2607-1366,1366,1366,794068687,2^794068687-1,STRUCTURAL_SCREEN_EXHAUSTED_PRIMALITY_UNASSIGNED,GF3A_DIRECTIONAL_WRITE_EXHAUSTED_PRIMALITY_UNASSIGNED,514,512,512,NO_RECORDED_FACTOR_PRP_OR_LL_RESULT_AND_NO_ACTIVE_GIMPS_ASSIGNMENT,2026-08-09T09:12:31+00:00,UNALLOCATED,,,,,
SLCMP2607-1367,1367,1367,794068763,2^794068763-1,STRUCTURAL_SCREEN_EXHAUSTED_PRIMALITY_UNASSIGNED,GF3A_DIRECTIONAL_WRITE_EXHAUSTED_PRIMALITY_UNASSIGNED,514,512,512,NO_RECORDED_FACTOR_PRP_OR_LL_RESULT_AND_NO_ACTIVE_GIMPS_ASSIGNMENT,2026-08-09T09:12:31+00:00,UNALLOCATED,,,,,
SLCMP2607-1368,1368,1368,794068817,2^794068817-1,STRUCTURAL_SCREEN_EXHAUSTED_PRIMALITY_UNASSIGNED,GF3A_DIRECTIONAL_WRITE_EXHAUSTED_PRIMALITY_UNASSIGNED,513,512,512,NO_RECORDED_FACTOR_PRP_OR_LL_RESULT_AND_NO_ACTIVE_GIMPS_ASSIGNMENT,2026-08-09T09:12:31+00:00,UNALLOCATED,,,,,
SLCMP2607-1369,1369,1369,794068841,2^794068841-1,STRUCTURAL_SCREEN_EXHAUSTED_PRIMALITY_UNASSIGNED,GF3A_DIRECTIONAL_WRITE_EXHAUSTED_PRIMALITY_UNASSIGNED,513,512,512,NO_RECORDED_FACTOR_PRP_OR_LL_RESULT_AND_NO_ACTIVE_GIMPS_ASSIGNMENT,2026-08-09T09:12:31+00:00,UNALLOCATED,,,,,
SLCMP2607-1370,1370,1370,794068889,2^794068889-1,STRUCTURAL_SCREEN_EXHAUSTED_PRIMALITY_UNASSIGNED,GF3A_DIRECTIONAL_WRITE_EXHAUSTED_PRIMALITY_UNASSIGNED,513,512,512,NO_RECORDED_FACTOR_PRP_OR_LL_RESULT_AND_NO_ACTIVE_GIMPS_ASSIGNMENT,2026-08-09T09:12:31+00:00,UNALLOCATED,,,,,
SLCMP2607-1371,1371,1371,794068909,2^794068909-1,STRUCTURAL_SCREEN_EXHAUSTED_PRIMALITY_UNASSIGNED,GF3A_DIRECTIONAL_WRITE_EXHAUSTED_PRIMALITY_UNASSIGNED,513,512,512,NO_RECORDED_FACTOR_PRP_OR_LL_RESULT_AND_NO_ACTIVE_GIMPS_ASSIGNMENT,2026-08-09T09:12:31+00:00,UNALLOCATED,,,,,
SLCMP2607-1372,1372,1372,794068943,2^794068943-1,STRUCTURAL_SCREEN_EXHAUSTED_PRIMALITY_UNASSIGNED,GF3A_DIRECTIONAL_WRITE_EXHAUSTED_PRIMALITY_UNASSIGNED,514,512,512,NO_RECORDED_FACTOR_PRP_OR_LL_RESULT_AND_NO_ACTIVE_GIMPS_ASSIGNMENT,2026-08-09T09:12:31+00:00,UNALLOCATED,,,,,
SLCMP2607-1373,1373,1373,794068991,2^794068991-1,STRUCTURAL_SCREEN_EXHAUSTED_PRIMALITY_UNASSIGNED,GF3A_DIRECTIONAL_WRITE_EXHAUSTED_PRIMALITY_UNASSIGNED,514,512,512,NO_RECORDED_FACTOR_PRP_OR_LL_RESULT_AND_NO_ACTIVE_GIMPS_ASSIGNMENT,2026-08-09T09:12:31+00:00,UNALLOCATED,,,,,
SLCMP2607-1374,1374,1374,794069027,2^794069027-1,STRUCTURAL_SCREEN_EXHAUSTED_PRIMALITY_UNASSIGNED,GF3A_DIRECTIONAL_WRITE_EXHAUSTED_PRIMALITY_UNASSIGNED,514,512,512,NO_RECORDED_FACTOR_PRP_OR_LL_RESULT_AND_NO_ACTIVE_GIMPS_ASSIGNMENT,2026-08-09T09:12:31+00:00,UNALLOCATED,,,,,
SLCMP2607-1375,1375,1375,794069047,2^794069047-1,STRUCTURAL_SCREEN_EXHAUSTED_PRIMALITY_UNASSIGNED,GF3A_DIRECTIONAL_WRITE_EXHAUSTED_PRIMALITY_UNASSIGNED,514,512,512,NO_RECORDED_FACTOR_PRP_OR_LL_RESULT_AND_NO_ACTIVE_GIMPS_ASSIGNMENT,2026-08-09T09:12:31+00:00,UNALLOCATED,,,,,
SLCMP2607-1376,1376,1376,794069093,2^794069093-1,STRUCTURAL_SCREEN_EXHAUSTED_PRIMALITY_UNASSIGNED,GF3A_DIRECTIONAL_WRITE_EXHAUSTED_PRIMALITY_UNASSIGNED,513,512,512,NO_RECORDED_FACTOR_PRP_OR_LL_RESULT_AND_NO_ACTIVE_GIMPS_ASSIGNMENT,2026-08-09T09:12:31+00:00,UNALLOCATED,,,,,
SLCMP2607-1377,1377,1377,794069117,2^794069117-1,STRUCTURAL_SCREEN_EXHAUSTED_PRIMALITY_UNASSIGNED,GF3A_DIRECTIONAL_WRITE_EXHAUSTED_PRIMALITY_UNASSIGNED,513,512,512,NO_RECORDED_FACTOR_PRP_OR_LL_RESULT_AND_NO_ACTIVE_GIMPS_ASSIGNMENT,2026-08-09T09:12:31+00:00,UNALLOCATED,,,,,
SLCMP2607-1378,1378,1378,794069137,2^794069137-1,STRUCTURAL_SCREEN_EXHAUSTED_PRIMALITY_UNASSIGNED,GF3A_DIRECTIONAL_WRITE_EXHAUSTED_PRIMALITY_UNASSIGNED,513,512,512,NO_RECORDED_FACTOR_PRP_OR_LL_RESULT_AND_NO_ACTIVE_GIMPS_ASSIGNMENT,2026-08-09T09:12:31+00:00,UNALLOCATED,,,,,
SLCMP2607-1379,1379,1379,794069219,2^794069219-1,STRUCTURAL_SCREEN_EXHAUSTED_PRIMALITY_UNASSIGNED,GF3A_DIRECTIONAL_WRITE_EXHAUSTED_PRIMALITY_UNASSIGNED,514,512,512,NO_RECORDED_FACTOR_PRP_OR_LL_RESULT_AND_NO_ACTIVE_GIMPS_ASSIGNMENT,2026-08-09T09:12:31+00:00,UNALLOCATED,,,,,
SLCMP2607-1380,1380,1380,794069233,2^794069233-1,STRUCTURAL_SCREEN_EXHAUSTED_PRIMALITY_UNASSIGNED,GF3A_DIRECTIONAL_WRITE_EXHAUSTED_PRIMALITY_UNASSIGNED,513,512,512,NO_RECORDED_FACTOR_PRP_OR_LL_RESULT_AND_NO_ACTIVE_GIMPS_ASSIGNMENT,2026-08-09T09:12:31+00:00,UNALLOCATED,,,,,
SLCMP2607-1381,1381,1381,794069249,2^794069249-1,STRUCTURAL_SCREEN_EXHAUSTED_PRIMALITY_UNASSIGNED,GF3A_DIRECTIONAL_WRITE_EXHAUSTED_PRIMALITY_UNASSIGNED,513,512,512,NO_RECORDED_FACTOR_PRP_OR_LL_RESULT_AND_NO_ACTIVE_GIMPS_ASSIGNMENT,2026-08-09T09:12:31+00:00,UNALLOCATED,,,,,
SLCMP2607-1382,1382,1382,794069279,2^794069279-1,STRUCTURAL_SCREEN_EXHAUSTED_PRIMALITY_UNASSIGNED,GF3A_DIRECTIONAL_WRITE_EXHAUSTED_PRIMALITY_UNASSIGNED,514,512,512,NO_RECORDED_FACTOR_PRP_OR_LL_RESULT_AND_NO_ACTIVE_GIMPS_ASSIGNMENT,2026-08-09T09:12:31+00:00,UNALLOCATED,,,,,
SLCMP2607-1383,1383,1383,794069429,2^794069429-1,STRUCTURAL_SCREEN_EXHAUSTED_PRIMALITY_UNASSIGNED,GF3A_DIRECTIONAL_WRITE_EXHAUSTED_PRIMALITY_UNASSIGNED,513,512,512,NO_RECORDED_FACTOR_PRP_OR_LL_RESULT_AND_NO_ACTIVE_GIMPS_ASSIGNMENT,2026-08-09T09:12:31+00:00,UNALLOCATED,,,,,
SLCMP2607-1384,1384,1384,794069491,2^794069491-1,STRUCTURAL_SCREEN_EXHAUSTED_PRIMALITY_UNASSIGNED,GF3A_DIRECTIONAL_WRITE_EXHAUSTED_PRIMALITY_UNASSIGNED,514,512,512,NO_RECORDED_FACTOR_PRP_OR_LL_RESULT_AND_NO_ACTIVE_GIMPS_ASSIGNMENT,2026-08-09T09:12:31+00:00,UNALLOCATED,,,,,
SLCMP2607-1385,1385,1385,794069599,2^794069599-1,STRUCTURAL_SCREEN_EXHAUSTED_PRIMALITY_UNASSIGNED,GF3A_DIRECTIONAL_WRITE_EXHAUSTED_PRIMALITY_UNASSIGNED,514,512,512,NO_RECORDED_FACTOR_PRP_OR_LL_RESULT_AND_NO_ACTIVE_GIMPS_ASSIGNMENT,2026-08-09T09:12:31+00:00,UNALLOCATED,,,,,
SLCMP2607-1386,1386,1386,794069707,2^794069707-1,STRUCTURAL_SCREEN_EXHAUSTED_PRIMALITY_UNASSIGNED,GF3A_DIRECTIONAL_WRITE_EXHAUSTED_PRIMALITY_UNASSIGNED,514,512,512,NO_RECORDED_FACTOR_PRP_OR_LL_RESULT_AND_NO_ACTIVE_GIMPS_ASSIGNMENT,2026-08-09T09:12:31+00:00,UNALLOCATED,,,,,
SLCMP2607-1387,1387,1387,794069753,2^794069753-1,STRUCTURAL_SCREEN_EXHAUSTED_PRIMALITY_UNASSIGNED,GF3A_DIRECTIONAL_WRITE_EXHAUSTED_PRIMALITY_UNASSIGNED,513,512,512,NO_RECORDED_FACTOR_PRP_OR_LL_RESULT_AND_NO_ACTIVE_GIMPS_ASSIGNMENT,2026-08-09T09:12:31+00:00,UNALLOCATED,,,,,
SLCMP2607-1388,1388,1388,794069789,2^794069789-1,STRUCTURAL_SCREEN_EXHAUSTED_PRIMALITY_UNASSIGNED,GF3A_DIRECTIONAL_WRITE_EXHAUSTED_PRIMALITY_UNASSIGNED,513,512,512,NO_RECORDED_FACTOR_PRP_OR_LL_RESULT_AND_NO_ACTIVE_GIMPS_ASSIGNMENT,2026-08-09T09:12:31+00:00,UNALLOCATED,,,,,
SLCMP2607-1389,1389,1389,794069807,2^794069807-1,STRUCTURAL_SCREEN_EXHAUSTED_PRIMALITY_UNASSIGNED,GF3A_DIRECTIONAL_WRITE_EXHAUSTED_PRIMALITY_UNASSIGNED,514,512,512,NO_RECORDED_FACTOR_PRP_OR_LL_RESULT_AND_NO_ACTIVE_GIMPS_ASSIGNMENT,2026-08-09T09:12:31+00:00,UNALLOCATED,,,,,
SLCMP2607-1390,1390,1390,794070019,2^794070019-1,STRUCTURAL_SCREEN_EXHAUSTED_PRIMALITY_UNASSIGNED,GF3A_DIRECTIONAL_WRITE_EXHAUSTED_PRIMALITY_UNASSIGNED,514,512,512,NO_RECORDED_FACTOR_PRP_OR_LL_RESULT_AND_NO_ACTIVE_GIMPS_ASSIGNMENT,2026-08-09T09:12:31+00:00,UNALLOCATED,,,,,
SLCMP2607-1391,1391,1391,794070037,2^794070037-1,STRUCTURAL_SCREEN_EXHAUSTED_PRIMALITY_UNASSIGNED,GF3A_DIRECTIONAL_WRITE_EXHAUSTED_PRIMALITY_UNASSIGNED,513,512,512,NO_RECORDED_FACTOR_PRP_OR_LL_RESULT_AND_NO_ACTIVE_GIMPS_ASSIGNMENT,2026-08-09T09:12:31+00:00,UNALLOCATED,,,,,
SLCMP2607-1392,1392,1392,794070049,2^794070049-1,STRUCTURAL_SCREEN_EXHAUSTED_PRIMALITY_UNASSIGNED,GF3A_DIRECTIONAL_WRITE_EXHAUSTED_PRIMALITY_UNASSIGNED,513,512,512,NO_RECORDED_FACTOR_PRP_OR_LL_RESULT_AND_NO_ACTIVE_GIMPS_ASSIGNMENT,2026-08-09T09:12:31+00:00,UNALLOCATED,,,,,
SLCMP2607-1393,1393,1393,794070107,2^794070107-1,STRUCTURAL_SCREEN_EXHAUSTED_PRIMALITY_UNASSIGNED,GF3A_DIRECTIONAL_WRITE_EXHAUSTED_PRIMALITY_UNASSIGNED,514,512,512,NO_RECORDED_FACTOR_PRP_OR_LL_RESULT_AND_NO_ACTIVE_GIMPS_ASSIGNMENT,2026-08-09T09:12:31+00:00,UNALLOCATED,,,,,
SLCMP2607-1394,1394,1394,794070163,2^794070163-1,STRUCTURAL_SCREEN_EXHAUSTED_PRIMALITY_UNASSIGNED,GF3A_DIRECTIONAL_WRITE_EXHAUSTED_PRIMALITY_UNASSIGNED,514,512,512,NO_RECORDED_FACTOR_PRP_OR_LL_RESULT_AND_NO_ACTIVE_GIMPS_ASSIGNMENT,2026-08-09T09:12:31+00:00,UNALLOCATED,,,,,
SLCMP2607-1395,1395,1395,794070353,2^794070353-1,STRUCTURAL_SCREEN_EXHAUSTED_PRIMALITY_UNASSIGNED,GF3A_DIRECTIONAL_WRITE_EXHAUSTED_PRIMALITY_UNASSIGNED,513,512,512,NO_RECORDED_FACTOR_PRP_OR_LL_RESULT_AND_NO_ACTIVE_GIMPS_ASSIGNMENT,2026-08-09T09:12:31+00:00,UNALLOCATED,,,,,
SLCMP2607-1396,1396,1396,794070451,2^794070451-1,STRUCTURAL_SCREEN_EXHAUSTED_PRIMALITY_UNASSIGNED,GF3A_DIRECTIONAL_WRITE_EXHAUSTED_PRIMALITY_UNASSIGNED,514,512,512,NO_RECORDED_FACTOR_PRP_OR_LL_RESULT_AND_NO_ACTIVE_GIMPS_ASSIGNMENT,2026-08-09T09:12:31+00:00,UNALLOCATED,,,,,
SLCMP2607-1397,1397,1397,794070503,2^794070503-1,STRUCTURAL_SCREEN_EXHAUSTED_PRIMALITY_UNASSIGNED,GF3A_DIRECTIONAL_WRITE_EXHAUSTED_PRIMALITY_UNASSIGNED,514,512,512,NO_RECORDED_FACTOR_PRP_OR_LL_RESULT_AND_NO_ACTIVE_GIMPS_ASSIGNMENT,2026-08-09T09:12:31+00:00,UNALLOCATED,,,,,
SLCMP2607-1398,1398,1398,794070523,2^794070523-1,STRUCTURAL_SCREEN_EXHAUSTED_PRIMALITY_UNASSIGNED,GF3A_DIRECTIONAL_WRITE_EXHAUSTED_PRIMALITY_UNASSIGNED,514,512,512,NO_RECORDED_FACTOR_PRP_OR_LL_RESULT_AND_NO_ACTIVE_GIMPS_ASSIGNMENT,2026-08-09T09:12:31+00:00,UNALLOCATED,,,,,
SLCMP2607-1399,1399,1399,794070581,2^794070581-1,STRUCTURAL_SCREEN_EXHAUSTED_PRIMALITY_UNASSIGNED,GF3A_DIRECTIONAL_WRITE_EXHAUSTED_PRIMALITY_UNASSIGNED,513,512,512,NO_RECORDED_FACTOR_PRP_OR_LL_RESULT_AND_NO_ACTIVE_GIMPS_ASSIGNMENT,2026-08-09T09:12:31+00:00,UNALLOCATED,,,,,
SLCMP2607-1400,1400,1400,794070583,2^794070583-1,STRUCTURAL_SCREEN_EXHAUSTED_PRIMALITY_UNASSIGNED,GF3A_DIRECTIONAL_WRITE_EXHAUSTED_PRIMALITY_UNASSIGNED,514,512,512,NO_RECORDED_FACTOR_PRP_OR_LL_RESULT_AND_NO_ACTIVE_GIMPS_ASSIGNMENT,2026-08-09T09:12:31+00:00,UNALLOCATED,,,,,
SLCMP2607-1401,1401,1401,794070623,2^794070623-1,STRUCTURAL_SCREEN_EXHAUSTED_PRIMALITY_UNASSIGNED,GF3A_DIRECTIONAL_WRITE_EXHAUSTED_PRIMALITY_UNASSIGNED,514,512,512,NO_RECORDED_FACTOR_PRP_OR_LL_RESULT_AND_NO_ACTIVE_GIMPS_ASSIGNMENT,2026-08-09T09:12:31+00:00,UNALLOCATED,,,,,
SLCMP2607-1402,1402,1402,794070631,2^794070631-1,STRUCTURAL_SCREEN_EXHAUSTED_PRIMALITY_UNASSIGNED,GF3A_DIRECTIONAL_WRITE_EXHAUSTED_PRIMALITY_UNASSIGNED,514,512,512,NO_RECORDED_FACTOR_PRP_OR_LL_RESULT_AND_NO_ACTIVE_GIMPS_ASSIGNMENT,2026-08-09T09:12:31+00:00,UNALLOCATED,,,,,
SLCMP2607-1403,1403,1403,794070703,2^794070703-1,STRUCTURAL_SCREEN_EXHAUSTED_PRIMALITY_UNASSIGNED,GF3A_DIRECTIONAL_WRITE_EXHAUSTED_PRIMALITY_UNASSIGNED,514,512,512,NO_RECORDED_FACTOR_PRP_OR_LL_RESULT_AND_NO_ACTIVE_GIMPS_ASSIGNMENT,2026-08-09T09:12:31+00:00,UNALLOCATED,,,,,
SLCMP2607-1404,1404,1404,794070709,2^794070709-1,STRUCTURAL_SCREEN_EXHAUSTED_PRIMALITY_UNASSIGNED,GF3A_DIRECTIONAL_WRITE_EXHAUSTED_PRIMALITY_UNASSIGNED,513,512,512,NO_RECORDED_FACTOR_PRP_OR_LL_RESULT_AND_NO_ACTIVE_GIMPS_ASSIGNMENT,2026-08-09T09:12:31+00:00,UNALLOCATED,,,,,
SLCMP2607-1405,1405,1405,794070829,2^794070829-1,STRUCTURAL_SCREEN_EXHAUSTED_PRIMALITY_UNASSIGNED,GF3A_DIRECTIONAL_WRITE_EXHAUSTED_PRIMALITY_UNASSIGNED,513,512,512,NO_RECORDED_FACTOR_PRP_OR_LL_RESULT_AND_NO_ACTIVE_GIMPS_ASSIGNMENT,2026-08-09T09:12:31+00:00,UNALLOCATED,,,,,
SLCMP2607-1406,1406,1406,794070847,2^794070847-1,STRUCTURAL_SCREEN_EXHAUSTED_PRIMALITY_UNASSIGNED,GF3A_DIRECTIONAL_WRITE_EXHAUSTED_PRIMALITY_UNASSIGNED,514,512,512,NO_RECORDED_FACTOR_PRP_OR_LL_RESULT_AND_NO_ACTIVE_GIMPS_ASSIGNMENT,2026-08-09T09:12:31+00:00,UNALLOCATED,,,,,
SLCMP2607-1407,1407,1407,794070889,2^794070889-1,STRUCTURAL_SCREEN_EXHAUSTED_PRIMALITY_UNASSIGNED,GF3A_DIRECTIONAL_WRITE_EXHAUSTED_PRIMALITY_UNASSIGNED,513,512,512,NO_RECORDED_FACTOR_PRP_OR_LL_RESULT_AND_NO_ACTIVE_GIMPS_ASSIGNMENT,2026-08-09T09:12:31+00:00,UNALLOCATED,,,,,
SLCMP2607-1408,1408,1408,794070947,2^794070947-1,STRUCTURAL_SCREEN_EXHAUSTED_PRIMALITY_UNASSIGNED,GF3A_DIRECTIONAL_WRITE_EXHAUSTED_PRIMALITY_UNASSIGNED,514,512,512,NO_RECORDED_FACTOR_PRP_OR_LL_RESULT_AND_NO_ACTIVE_GIMPS_ASSIGNMENT,2026-08-09T09:12:31+00:00,UNALLOCATED,,,,,
SLCMP2607-1409,1409,1409,794070961,2^794070961-1,STRUCTURAL_SCREEN_EXHAUSTED_PRIMALITY_UNASSIGNED,GF3A_DIRECTIONAL_WRITE_EXHAUSTED_PRIMALITY_UNASSIGNED,513,512,512,NO_RECORDED_FACTOR_PRP_OR_LL_RESULT_AND_NO_ACTIVE_GIMPS_ASSIGNMENT,2026-08-09T09:12:31+00:00,UNALLOCATED,,,,,
SLCMP2607-1410,1410,1410,794070967,2^794070967-1,STRUCTURAL_SCREEN_EXHAUSTED_PRIMALITY_UNASSIGNED,GF3A_DIRECTIONAL_WRITE_EXHAUSTED_PRIMALITY_UNASSIGNED,514,512,512,NO_RECORDED_FACTOR_PRP_OR_LL_RESULT_AND_NO_ACTIVE_GIMPS_ASSIGNMENT,2026-08-09T09:12:31+00:00,UNALLOCATED,,,,,
SLCMP2607-1411,1411,1411,794071079,2^794071079-1,STRUCTURAL_SCREEN_EXHAUSTED_PRIMALITY_UNASSIGNED,GF3A_DIRECTIONAL_WRITE_EXHAUSTED_PRIMALITY_UNASSIGNED,514,512,512,NO_RECORDED_FACTOR_PRP_OR_LL_RESULT_AND_NO_ACTIVE_GIMPS_ASSIGNMENT,2026-08-09T09:12:31+00:00,UNALLOCATED,,,,,
SLCMP2607-1412,1412,1412,794071081,2^794071081-1,STRUCTURAL_SCREEN_EXHAUSTED_PRIMALITY_UNASSIGNED,GF3A_DIRECTIONAL_WRITE_EXHAUSTED_PRIMALITY_UNASSIGNED,513,512,512,NO_RECORDED_FACTOR_PRP_OR_LL_RESULT_AND_NO_ACTIVE_GIMPS_ASSIGNMENT,2026-08-09T09:12:31+00:00,UNALLOCATED,,,,,
SLCMP2607-1413,1413,1413,794071087,2^794071087-1,STRUCTURAL_SCREEN_EXHAUSTED_PRIMALITY_UNASSIGNED,GF3A_DIRECTIONAL_WRITE_EXHAUSTED_PRIMALITY_UNASSIGNED,514,512,512,NO_RECORDED_FACTOR_PRP_OR_LL_RESULT_AND_NO_ACTIVE_GIMPS_ASSIGNMENT,2026-08-09T09:12:31+00:00,UNALLOCATED,,,,,
SLCMP2607-1414,1414,1414,794071163,2^794071163-1,STRUCTURAL_SCREEN_EXHAUSTED_PRIMALITY_UNASSIGNED,GF3A_DIRECTIONAL_WRITE_EXHAUSTED_PRIMALITY_UNASSIGNED,514,512,512,NO_RECORDED_FACTOR_PRP_OR_LL_RESULT_AND_NO_ACTIVE_GIMPS_ASSIGNMENT,2026-08-09T09:12:31+00:00,UNALLOCATED,,,,,
SLCMP2607-1415,1415,1415,794071247,2^794071247-1,STRUCTURAL_SCREEN_EXHAUSTED_PRIMALITY_UNASSIGNED,GF3A_DIRECTIONAL_WRITE_EXHAUSTED_PRIMALITY_UNASSIGNED,514,512,512,NO_RECORDED_FACTOR_PRP_OR_LL_RESULT_AND_NO_ACTIVE_GIMPS_ASSIGNMENT,2026-08-09T09:12:31+00:00,UNALLOCATED,,,,,
SLCMP2607-1416,1416,1416,794071249,2^794071249-1,STRUCTURAL_SCREEN_EXHAUSTED_PRIMALITY_UNASSIGNED,GF3A_DIRECTIONAL_WRITE_EXHAUSTED_PRIMALITY_UNASSIGNED,513,512,512,NO_RECORDED_FACTOR_PRP_OR_LL_RESULT_AND_NO_ACTIVE_GIMPS_ASSIGNMENT,2026-08-09T09:12:31+00:00,UNALLOCATED,,,,,
SLCMP2607-1417,1417,1417,794071331,2^794071331-1,STRUCTURAL_SCREEN_EXHAUSTED_PRIMALITY_UNASSIGNED,GF3A_DIRECTIONAL_WRITE_EXHAUSTED_PRIMALITY_UNASSIGNED,514,512,512,NO_RECORDED_FACTOR_PRP_OR_LL_RESULT_AND_NO_ACTIVE_GIMPS_ASSIGNMENT,2026-08-09T09:12:31+00:00,UNALLOCATED,,,,,
SLCMP2607-1418,1418,1418,794071349,2^794071349-1,STRUCTURAL_SCREEN_EXHAUSTED_PRIMALITY_UNASSIGNED,GF3A_DIRECTIONAL_WRITE_EXHAUSTED_PRIMALITY_UNASSIGNED,513,512,512,NO_RECORDED_FACTOR_PRP_OR_LL_RESULT_AND_NO_ACTIVE_GIMPS_ASSIGNMENT,2026-08-09T09:12:31+00:00,UNALLOCATED,,,,,
SLCMP2607-1419,1419,1419,794071357,2^794071357-1,STRUCTURAL_SCREEN_EXHAUSTED_PRIMALITY_UNASSIGNED,GF3A_DIRECTIONAL_WRITE_EXHAUSTED_PRIMALITY_UNASSIGNED,513,512,512,NO_RECORDED_FACTOR_PRP_OR_LL_RESULT_AND_NO_ACTIVE_GIMPS_ASSIGNMENT,2026-08-09T09:12:31+00:00,UNALLOCATED,,,,,
SLCMP2607-1420,1420,1420,794071433,2^794071433-1,STRUCTURAL_SCREEN_EXHAUSTED_PRIMALITY_UNASSIGNED,GF3A_DIRECTIONAL_WRITE_EXHAUSTED_PRIMALITY_UNASSIGNED,513,512,512,NO_RECORDED_FACTOR_PRP_OR_LL_RESULT_AND_NO_ACTIVE_GIMPS_ASSIGNMENT,2026-08-09T09:12:31+00:00,UNALLOCATED,,,,,
SLCMP2607-1421,1421,1421,794071549,2^794071549-1,STRUCTURAL_SCREEN_EXHAUSTED_PRIMALITY_UNASSIGNED,GF3A_DIRECTIONAL_WRITE_EXHAUSTED_PRIMALITY_UNASSIGNED,513,512,512,NO_RECORDED_FACTOR_PRP_OR_LL_RESULT_AND_NO_ACTIVE_GIMPS_ASSIGNMENT,2026-08-09T09:12:31+00:00,UNALLOCATED,,,,,
SLCMP2607-1422,1422,1422,794071571,2^794071571-1,STRUCTURAL_SCREEN_EXHAUSTED_PRIMALITY_UNASSIGNED,GF3A_DIRECTIONAL_WRITE_EXHAUSTED_PRIMALITY_UNASSIGNED,514,512,512,NO_RECORDED_FACTOR_PRP_OR_LL_RESULT_AND_NO_ACTIVE_GIMPS_ASSIGNMENT,2026-08-09T09:12:31+00:00,UNALLOCATED,,,,,
SLCMP2607-1423,1423,1423,794071639,2^794071639-1,STRUCTURAL_SCREEN_EXHAUSTED_PRIMALITY_UNASSIGNED,GF3A_DIRECTIONAL_WRITE_EXHAUSTED_PRIMALITY_UNASSIGNED,514,512,512,NO_RECORDED_FACTOR_PRP_OR_LL_RESULT_AND_NO_ACTIVE_GIMPS_ASSIGNMENT,2026-08-09T09:12:31+00:00,UNALLOCATED,,,,,
SLCMP2607-1424,1424,1424,794071783,2^794071783-1,STRUCTURAL_SCREEN_EXHAUSTED_PRIMALITY_UNASSIGNED,GF3A_DIRECTIONAL_WRITE_EXHAUSTED_PRIMALITY_UNASSIGNED,514,512,512,NO_RECORDED_FACTOR_PRP_OR_LL_RESULT_AND_NO_ACTIVE_GIMPS_ASSIGNMENT,2026-08-09T09:12:31+00:00,UNALLOCATED,,,,,
SLCMP2607-1425,1425,1425,794071991,2^794071991-1,STRUCTURAL_SCREEN_EXHAUSTED_PRIMALITY_UNASSIGNED,GF3A_DIRECTIONAL_WRITE_EXHAUSTED_PRIMALITY_UNASSIGNED,514,512,512,NO_RECORDED_FACTOR_PRP_OR_LL_RESULT_AND_NO_ACTIVE_GIMPS_ASSIGNMENT,2026-08-09T09:12:31+00:00,UNALLOCATED,,,,,
SLCMP2607-1426,1426,1426,794072029,2^794072029-1,STRUCTURAL_SCREEN_EXHAUSTED_PRIMALITY_UNASSIGNED,GF3A_DIRECTIONAL_WRITE_EXHAUSTED_PRIMALITY_UNASSIGNED,513,512,512,NO_RECORDED_FACTOR_PRP_OR_LL_RESULT_AND_NO_ACTIVE_GIMPS_ASSIGNMENT,2026-08-09T09:12:31+00:00,UNALLOCATED,,,,,
SLCMP2607-1427,1427,1427,794072053,2^794072053-1,STRUCTURAL_SCREEN_EXHAUSTED_PRIMALITY_UNASSIGNED,GF3A_DIRECTIONAL_WRITE_EXHAUSTED_PRIMALITY_UNASSIGNED,513,512,512,NO_RECORDED_FACTOR_PRP_OR_LL_RESULT_AND_NO_ACTIVE_GIMPS_ASSIGNMENT,2026-08-09T09:12:31+00:00,UNALLOCATED,,,,,
SLCMP2607-1428,1428,1428,794072063,2^794072063-1,STRUCTURAL_SCREEN_EXHAUSTED_PRIMALITY_UNASSIGNED,GF3A_DIRECTIONAL_WRITE_EXHAUSTED_PRIMALITY_UNASSIGNED,514,512,512,NO_RECORDED_FACTOR_PRP_OR_LL_RESULT_AND_NO_ACTIVE_GIMPS_ASSIGNMENT,2026-08-09T09:12:31+00:00,UNALLOCATED,,,,,
SLCMP2607-1429,1429,1429,794072077,2^794072077-1,STRUCTURAL_SCREEN_EXHAUSTED_PRIMALITY_UNASSIGNED,GF3A_DIRECTIONAL_WRITE_EXHAUSTED_PRIMALITY_UNASSIGNED,513,512,512,NO_RECORDED_FACTOR_PRP_OR_LL_RESULT_AND_NO_ACTIVE_GIMPS_ASSIGNMENT,2026-08-09T09:12:31+00:00,UNALLOCATED,,,,,
SLCMP2607-1430,1430,1430,794072093,2^794072093-1,STRUCTURAL_SCREEN_EXHAUSTED_PRIMALITY_UNASSIGNED,GF3A_DIRECTIONAL_WRITE_EXHAUSTED_PRIMALITY_UNASSIGNED,513,512,512,NO_RECORDED_FACTOR_PRP_OR_LL_RESULT_AND_NO_ACTIVE_GIMPS_ASSIGNMENT,2026-08-09T09:12:31+00:00,UNALLOCATED,,,,,
SLCMP2607-1431,1431,1431,794072101,2^794072101-1,STRUCTURAL_SCREEN_EXHAUSTED_PRIMALITY_UNASSIGNED,GF3A_DIRECTIONAL_WRITE_EXHAUSTED_PRIMALITY_UNASSIGNED,513,512,512,NO_RECORDED_FACTOR_PRP_OR_LL_RESULT_AND_NO_ACTIVE_GIMPS_ASSIGNMENT,2026-08-09T09:12:31+00:00,UNALLOCATED,,,,,
SLCMP2607-1432,1432,1432,794072189,2^794072189-1,STRUCTURAL_SCREEN_EXHAUSTED_PRIMALITY_UNASSIGNED,GF3A_DIRECTIONAL_WRITE_EXHAUSTED_PRIMALITY_UNASSIGNED,513,512,512,NO_RECORDED_FACTOR_PRP_OR_LL_RESULT_AND_NO_ACTIVE_GIMPS_ASSIGNMENT,2026-08-09T09:12:31+00:00,UNALLOCATED,,,,,
SLCMP2607-1433,1433,1433,794072269,2^794072269-1,STRUCTURAL_SCREEN_EXHAUSTED_PRIMALITY_UNASSIGNED,GF3A_DIRECTIONAL_WRITE_EXHAUSTED_PRIMALITY_UNASSIGNED,513,512,512,NO_RECORDED_FACTOR_PRP_OR_LL_RESULT_AND_NO_ACTIVE_GIMPS_ASSIGNMENT,2026-08-09T09:12:31+00:00,UNALLOCATED,,,,,
SLCMP2607-1434,1434,1434,794072333,2^794072333-1,STRUCTURAL_SCREEN_EXHAUSTED_PRIMALITY_UNASSIGNED,GF3A_DIRECTIONAL_WRITE_EXHAUSTED_PRIMALITY_UNASSIGNED,513,512,512,NO_RECORDED_FACTOR_PRP_OR_LL_RESULT_AND_NO_ACTIVE_GIMPS_ASSIGNMENT,2026-08-09T09:12:31+00:00,UNALLOCATED,,,,,
SLCMP2607-1435,1435,1435,794072417,2^794072417-1,STRUCTURAL_SCREEN_EXHAUSTED_PRIMALITY_UNASSIGNED,GF3A_DIRECTIONAL_WRITE_EXHAUSTED_PRIMALITY_UNASSIGNED,513,512,512,NO_RECORDED_FACTOR_PRP_OR_LL_RESULT_AND_NO_ACTIVE_GIMPS_ASSIGNMENT,2026-08-09T09:12:31+00:00,UNALLOCATED,,,,,
SLCMP2607-1436,1436,1436,794072501,2^794072501-1,STRUCTURAL_SCREEN_EXHAUSTED_PRIMALITY_UNASSIGNED,GF3A_DIRECTIONAL_WRITE_EXHAUSTED_PRIMALITY_UNASSIGNED,513,512,512,NO_RECORDED_FACTOR_PRP_OR_LL_RESULT_AND_NO_ACTIVE_GIMPS_ASSIGNMENT,2026-08-09T09:12:31+00:00,UNALLOCATED,,,,,
SLCMP2607-1437,1437,1437,794072597,2^794072597-1,STRUCTURAL_SCREEN_EXHAUSTED_PRIMALITY_UNASSIGNED,GF3A_DIRECTIONAL_WRITE_EXHAUSTED_PRIMALITY_UNASSIGNED,513,512,512,NO_RECORDED_FACTOR_PRP_OR_LL_RESULT_AND_NO_ACTIVE_GIMPS_ASSIGNMENT,2026-08-09T09:12:31+00:00,UNALLOCATED,,,,,
SLCMP2607-1438,1438,1438,794072633,2^794072633-1,STRUCTURAL_SCREEN_EXHAUSTED_PRIMALITY_UNASSIGNED,GF3A_DIRECTIONAL_WRITE_EXHAUSTED_PRIMALITY_UNASSIGNED,513,512,512,NO_RECORDED_FACTOR_PRP_OR_LL_RESULT_AND_NO_ACTIVE_GIMPS_ASSIGNMENT,2026-08-09T09:12:31+00:00,UNALLOCATED,,,,,
SLCMP2607-1439,1439,1439,794072663,2^794072663-1,STRUCTURAL_SCREEN_EXHAUSTED_PRIMALITY_UNASSIGNED,GF3A_DIRECTIONAL_WRITE_EXHAUSTED_PRIMALITY_UNASSIGNED,514,512,512,NO_RECORDED_FACTOR_PRP_OR_LL_RESULT_AND_NO_ACTIVE_GIMPS_ASSIGNMENT,2026-08-09T09:12:31+00:00,UNALLOCATED,,,,,
SLCMP2607-1440,1440,1440,794072717,2^794072717-1,STRUCTURAL_SCREEN_EXHAUSTED_PRIMALITY_UNASSIGNED,GF3A_DIRECTIONAL_WRITE_EXHAUSTED_PRIMALITY_UNASSIGNED,513,512,512,NO_RECORDED_FACTOR_PRP_OR_LL_RESULT_AND_NO_ACTIVE_GIMPS_ASSIGNMENT,2026-08-09T09:12:31+00:00,UNALLOCATED,,,,,
SLCMP2607-1441,1441,1441,794072743,2^794072743-1,STRUCTURAL_SCREEN_EXHAUSTED_PRIMALITY_UNASSIGNED,GF3A_DIRECTIONAL_WRITE_EXHAUSTED_PRIMALITY_UNASSIGNED,514,512,512,NO_RECORDED_FACTOR_PRP_OR_LL_RESULT_AND_NO_ACTIVE_GIMPS_ASSIGNMENT,2026-08-09T09:12:31+00:00,UNALLOCATED,,,,,
SLCMP2607-1442,1442,1442,794072801,2^794072801-1,STRUCTURAL_SCREEN_EXHAUSTED_PRIMALITY_UNASSIGNED,GF3A_DIRECTIONAL_WRITE_EXHAUSTED_PRIMALITY_UNASSIGNED,513,512,512,NO_RECORDED_FACTOR_PRP_OR_LL_RESULT_AND_NO_ACTIVE_GIMPS_ASSIGNMENT,2026-08-09T09:12:31+00:00,UNALLOCATED,,,,,
SLCMP2607-1443,1443,1443,794072857,2^794072857-1,STRUCTURAL_SCREEN_EXHAUSTED_PRIMALITY_UNASSIGNED,GF3A_DIRECTIONAL_WRITE_EXHAUSTED_PRIMALITY_UNASSIGNED,513,512,512,NO_RECORDED_FACTOR_PRP_OR_LL_RESULT_AND_NO_ACTIVE_GIMPS_ASSIGNMENT,2026-08-09T09:12:31+00:00,UNALLOCATED,,,,,
SLCMP2607-1444,1444,1444,794072891,2^794072891-1,STRUCTURAL_SCREEN_EXHAUSTED_PRIMALITY_UNASSIGNED,GF3A_DIRECTIONAL_WRITE_EXHAUSTED_PRIMALITY_UNASSIGNED,514,512,512,NO_RECORDED_FACTOR_PRP_OR_LL_RESULT_AND_NO_ACTIVE_GIMPS_ASSIGNMENT,2026-08-09T09:12:31+00:00,UNALLOCATED,,,,,
SLCMP2607-1445,1445,1445,794072921,2^794072921-1,STRUCTURAL_SCREEN_EXHAUSTED_PRIMALITY_UNASSIGNED,GF3A_DIRECTIONAL_WRITE_EXHAUSTED_PRIMALITY_UNASSIGNED,513,512,512,NO_RECORDED_FACTOR_PRP_OR_LL_RESULT_AND_NO_ACTIVE_GIMPS_ASSIGNMENT,2026-08-09T09:12:31+00:00,UNALLOCATED,,,,,
SLCMP2607-1446,1446,1446,794072987,2^794072987-1,STRUCTURAL_SCREEN_EXHAUSTED_PRIMALITY_UNASSIGNED,GF3A_DIRECTIONAL_WRITE_EXHAUSTED_PRIMALITY_UNASSIGNED,514,512,512,NO_RECORDED_FACTOR_PRP_OR_LL_RESULT_AND_NO_ACTIVE_GIMPS_ASSIGNMENT,2026-08-09T09:12:31+00:00,UNALLOCATED,,,,,
SLCMP2607-1447,1447,1447,794073121,2^794073121-1,STRUCTURAL_SCREEN_EXHAUSTED_PRIMALITY_UNASSIGNED,GF3A_DIRECTIONAL_WRITE_EXHAUSTED_PRIMALITY_UNASSIGNED,513,512,512,NO_RECORDED_FACTOR_PRP_OR_LL_RESULT_AND_NO_ACTIVE_GIMPS_ASSIGNMENT,2026-08-09T09:12:31+00:00,UNALLOCATED,,,,,
SLCMP2607-1448,1448,1448,794073149,2^794073149-1,STRUCTURAL_SCREEN_EXHAUSTED_PRIMALITY_UNASSIGNED,GF3A_DIRECTIONAL_WRITE_EXHAUSTED_PRIMALITY_UNASSIGNED,513,512,512,NO_RECORDED_FACTOR_PRP_OR_LL_RESULT_AND_NO_ACTIVE_GIMPS_ASSIGNMENT,2026-08-09T09:12:31+00:00,UNALLOCATED,,,,,
SLCMP2607-1449,1449,1449,794073193,2^794073193-1,STRUCTURAL_SCREEN_EXHAUSTED_PRIMALITY_UNASSIGNED,GF3A_DIRECTIONAL_WRITE_EXHAUSTED_PRIMALITY_UNASSIGNED,513,512,512,NO_RECORDED_FACTOR_PRP_OR_LL_RESULT_AND_NO_ACTIVE_GIMPS_ASSIGNMENT,2026-08-09T09:12:31+00:00,UNALLOCATED,,,,,
SLCMP2607-1450,1450,1450,794073227,2^794073227-1,STRUCTURAL_SCREEN_EXHAUSTED_PRIMALITY_UNASSIGNED,GF3A_DIRECTIONAL_WRITE_EXHAUSTED_PRIMALITY_UNASSIGNED,514,512,512,NO_RECORDED_FACTOR_PRP_OR_LL_RESULT_AND_NO_ACTIVE_GIMPS_ASSIGNMENT,2026-08-09T09:12:31+00:00,UNALLOCATED,,,,,
SLCMP2607-1451,1451,1451,794073337,2^794073337-1,STRUCTURAL_SCREEN_EXHAUSTED_PRIMALITY_UNASSIGNED,GF3A_DIRECTIONAL_WRITE_EXHAUSTED_PRIMALITY_UNASSIGNED,513,512,512,NO_RECORDED_FACTOR_PRP_OR_LL_RESULT_AND_NO_ACTIVE_GIMPS_ASSIGNMENT,2026-08-09T09:12:31+00:00,UNALLOCATED,,,,,
SLCMP2607-1452,1452,1452,794073353,2^794073353-1,STRUCTURAL_SCREEN_EXHAUSTED_PRIMALITY_UNASSIGNED,GF3A_DIRECTIONAL_WRITE_EXHAUSTED_PRIMALITY_UNASSIGNED,513,512,512,NO_RECORDED_FACTOR_PRP_OR_LL_RESULT_AND_NO_ACTIVE_GIMPS_ASSIGNMENT,2026-08-09T09:12:31+00:00,UNALLOCATED,,,,,
SLCMP2607-1453,1453,1453,794073439,2^794073439-1,STRUCTURAL_SCREEN_EXHAUSTED_PRIMALITY_UNASSIGNED,GF3A_DIRECTIONAL_WRITE_EXHAUSTED_PRIMALITY_UNASSIGNED,514,512,512,NO_RECORDED_FACTOR_PRP_OR_LL_RESULT_AND_NO_ACTIVE_GIMPS_ASSIGNMENT,2026-08-09T09:12:31+00:00,UNALLOCATED,,,,,
SLCMP2607-1454,1454,1454,794073473,2^794073473-1,STRUCTURAL_SCREEN_EXHAUSTED_PRIMALITY_UNASSIGNED,GF3A_DIRECTIONAL_WRITE_EXHAUSTED_PRIMALITY_UNASSIGNED,513,512,512,NO_RECORDED_FACTOR_PRP_OR_LL_RESULT_AND_NO_ACTIVE_GIMPS_ASSIGNMENT,2026-08-09T09:12:31+00:00,UNALLOCATED,,,,,
SLCMP2607-1455,1455,1455,794073491,2^794073491-1,STRUCTURAL_SCREEN_EXHAUSTED_PRIMALITY_UNASSIGNED,GF3A_DIRECTIONAL_WRITE_EXHAUSTED_PRIMALITY_UNASSIGNED,514,512,512,NO_RECORDED_FACTOR_PRP_OR_LL_RESULT_AND_NO_ACTIVE_GIMPS_ASSIGNMENT,2026-08-09T09:12:31+00:00,UNALLOCATED,,,,,
SLCMP2607-1456,1456,1456,794073499,2^794073499-1,STRUCTURAL_SCREEN_EXHAUSTED_PRIMALITY_UNASSIGNED,GF3A_DIRECTIONAL_WRITE_EXHAUSTED_PRIMALITY_UNASSIGNED,514,512,512,NO_RECORDED_FACTOR_PRP_OR_LL_RESULT_AND_NO_ACTIVE_GIMPS_ASSIGNMENT,2026-08-09T09:12:31+00:00,UNALLOCATED,,,,,
SLCMP2607-1457,1457,1457,794073503,2^794073503-1,STRUCTURAL_SCREEN_EXHAUSTED_PRIMALITY_UNASSIGNED,GF3A_DIRECTIONAL_WRITE_EXHAUSTED_PRIMALITY_UNASSIGNED,514,512,512,NO_RECORDED_FACTOR_PRP_OR_LL_RESULT_AND_NO_ACTIVE_GIMPS_ASSIGNMENT,2026-08-09T09:12:31+00:00,UNALLOCATED,,,,,
SLCMP2607-1458,1458,1458,794073569,2^794073569-1,STRUCTURAL_SCREEN_EXHAUSTED_PRIMALITY_UNASSIGNED,GF3A_DIRECTIONAL_WRITE_EXHAUSTED_PRIMALITY_UNASSIGNED,513,512,512,NO_RECORDED_FACTOR_PRP_OR_LL_RESULT_AND_NO_ACTIVE_GIMPS_ASSIGNMENT,2026-08-09T09:12:31+00:00,UNALLOCATED,,,,,
SLCMP2607-1459,1459,1459,794073629,2^794073629-1,STRUCTURAL_SCREEN_EXHAUSTED_PRIMALITY_UNASSIGNED,GF3A_DIRECTIONAL_WRITE_EXHAUSTED_PRIMALITY_UNASSIGNED,513,512,512,NO_RECORDED_FACTOR_PRP_OR_LL_RESULT_AND_NO_ACTIVE_GIMPS_ASSIGNMENT,2026-08-09T09:12:31+00:00,UNALLOCATED,,,,,
SLCMP2607-1460,1460,1460,794073671,2^794073671-1,STRUCTURAL_SCREEN_EXHAUSTED_PRIMALITY_UNASSIGNED,GF3A_DIRECTIONAL_WRITE_EXHAUSTED_PRIMALITY_UNASSIGNED,514,512,512,NO_RECORDED_FACTOR_PRP_OR_LL_RESULT_AND_NO_ACTIVE_GIMPS_ASSIGNMENT,2026-08-09T09:12:31+00:00,UNALLOCATED,,,,,
SLCMP2607-1461,1461,1461,794073673,2^794073673-1,STRUCTURAL_SCREEN_EXHAUSTED_PRIMALITY_UNASSIGNED,GF3A_DIRECTIONAL_WRITE_EXHAUSTED_PRIMALITY_UNASSIGNED,513,512,512,NO_RECORDED_FACTOR_PRP_OR_LL_RESULT_AND_NO_ACTIVE_GIMPS_ASSIGNMENT,2026-08-09T09:12:31+00:00,UNALLOCATED,,,,,
SLCMP2607-1462,1462,1462,794073941,2^794073941-1,STRUCTURAL_SCREEN_EXHAUSTED_PRIMALITY_UNASSIGNED,GF3A_DIRECTIONAL_WRITE_EXHAUSTED_PRIMALITY_UNASSIGNED,513,512,512,NO_RECORDED_FACTOR_PRP_OR_LL_RESULT_AND_NO_ACTIVE_GIMPS_ASSIGNMENT,2026-08-09T09:12:31+00:00,UNALLOCATED,,,,,
SLCMP2607-1463,1463,1463,794074009,2^794074009-1,STRUCTURAL_SCREEN_EXHAUSTED_PRIMALITY_UNASSIGNED,GF3A_DIRECTIONAL_WRITE_EXHAUSTED_PRIMALITY_UNASSIGNED,513,512,512,NO_RECORDED_FACTOR_PRP_OR_LL_RESULT_AND_NO_ACTIVE_GIMPS_ASSIGNMENT,2026-08-09T09:12:31+00:00,UNALLOCATED,,,,,
SLCMP2607-1464,1464,1464,794074051,2^794074051-1,STRUCTURAL_SCREEN_EXHAUSTED_PRIMALITY_UNASSIGNED,GF3A_DIRECTIONAL_WRITE_EXHAUSTED_PRIMALITY_UNASSIGNED,514,512,512,NO_RECORDED_FACTOR_PRP_OR_LL_RESULT_AND_NO_ACTIVE_GIMPS_ASSIGNMENT,2026-08-09T09:12:31+00:00,UNALLOCATED,,,,,
SLCMP2607-1465,1465,1465,794074081,2^794074081-1,STRUCTURAL_SCREEN_EXHAUSTED_PRIMALITY_UNASSIGNED,GF3A_DIRECTIONAL_WRITE_EXHAUSTED_PRIMALITY_UNASSIGNED,513,512,512,NO_RECORDED_FACTOR_PRP_OR_LL_RESULT_AND_NO_ACTIVE_GIMPS_ASSIGNMENT,2026-08-09T09:12:31+00:00,UNALLOCATED,,,,,
SLCMP2607-1466,1466,1466,794074121,2^794074121-1,STRUCTURAL_SCREEN_EXHAUSTED_PRIMALITY_UNASSIGNED,GF3A_DIRECTIONAL_WRITE_EXHAUSTED_PRIMALITY_UNASSIGNED,513,512,512,NO_RECORDED_FACTOR_PRP_OR_LL_RESULT_AND_NO_ACTIVE_GIMPS_ASSIGNMENT,2026-08-09T09:12:31+00:00,UNALLOCATED,,,,,
SLCMP2607-1467,1467,1467,794074157,2^794074157-1,STRUCTURAL_SCREEN_EXHAUSTED_PRIMALITY_UNASSIGNED,GF3A_DIRECTIONAL_WRITE_EXHAUSTED_PRIMALITY_UNASSIGNED,513,512,512,NO_RECORDED_FACTOR_PRP_OR_LL_RESULT_AND_NO_ACTIVE_GIMPS_ASSIGNMENT,2026-08-09T09:12:31+00:00,UNALLOCATED,,,,,
SLCMP2607-1468,1468,1468,794074159,2^794074159-1,STRUCTURAL_SCREEN_EXHAUSTED_PRIMALITY_UNASSIGNED,GF3A_DIRECTIONAL_WRITE_EXHAUSTED_PRIMALITY_UNASSIGNED,514,512,512,NO_RECORDED_FACTOR_PRP_OR_LL_RESULT_AND_NO_ACTIVE_GIMPS_ASSIGNMENT,2026-08-09T09:12:31+00:00,UNALLOCATED,,,,,
SLCMP2607-1469,1469,1469,794074181,2^794074181-1,STRUCTURAL_SCREEN_EXHAUSTED_PRIMALITY_UNASSIGNED,GF3A_DIRECTIONAL_WRITE_EXHAUSTED_PRIMALITY_UNASSIGNED,513,512,512,NO_RECORDED_FACTOR_PRP_OR_LL_RESULT_AND_NO_ACTIVE_GIMPS_ASSIGNMENT,2026-08-09T09:12:31+00:00,UNALLOCATED,,,,,
SLCMP2607-1470,1470,1470,794074261,2^794074261-1,STRUCTURAL_SCREEN_EXHAUSTED_PRIMALITY_UNASSIGNED,GF3A_DIRECTIONAL_WRITE_EXHAUSTED_PRIMALITY_UNASSIGNED,513,512,512,NO_RECORDED_FACTOR_PRP_OR_LL_RESULT_AND_NO_ACTIVE_GIMPS_ASSIGNMENT,2026-08-09T09:12:31+00:00,UNALLOCATED,,,,,
SLCMP2607-1471,1471,1471,794074289,2^794074289-1,STRUCTURAL_SCREEN_EXHAUSTED_PRIMALITY_UNASSIGNED,GF3A_DIRECTIONAL_WRITE_EXHAUSTED_PRIMALITY_UNASSIGNED,513,512,512,NO_RECORDED_FACTOR_PRP_OR_LL_RESULT_AND_NO_ACTIVE_GIMPS_ASSIGNMENT,2026-08-09T09:12:31+00:00,UNALLOCATED,,,,,
SLCMP2607-1472,1472,1472,794074339,2^794074339-1,STRUCTURAL_SCREEN_EXHAUSTED_PRIMALITY_UNASSIGNED,GF3A_DIRECTIONAL_WRITE_EXHAUSTED_PRIMALITY_UNASSIGNED,514,512,512,NO_RECORDED_FACTOR_PRP_OR_LL_RESULT_AND_NO_ACTIVE_GIMPS_ASSIGNMENT,2026-08-09T09:12:31+00:00,UNALLOCATED,,,,,
SLCMP2607-1473,1473,1473,794074381,2^794074381-1,STRUCTURAL_SCREEN_EXHAUSTED_PRIMALITY_UNASSIGNED,GF3A_DIRECTIONAL_WRITE_EXHAUSTED_PRIMALITY_UNASSIGNED,513,512,512,NO_RECORDED_FACTOR_PRP_OR_LL_RESULT_AND_NO_ACTIVE_GIMPS_ASSIGNMENT,2026-08-09T09:12:31+00:00,UNALLOCATED,,,,,
SLCMP2607-1474,1474,1474,794074487,2^794074487-1,STRUCTURAL_SCREEN_EXHAUSTED_PRIMALITY_UNASSIGNED,GF3A_DIRECTIONAL_WRITE_EXHAUSTED_PRIMALITY_UNASSIGNED,514,512,512,NO_RECORDED_FACTOR_PRP_OR_LL_RESULT_AND_NO_ACTIVE_GIMPS_ASSIGNMENT,2026-08-09T09:12:31+00:00,UNALLOCATED,,,,,
SLCMP2607-1475,1475,1475,794074493,2^794074493-1,STRUCTURAL_SCREEN_EXHAUSTED_PRIMALITY_UNASSIGNED,GF3A_DIRECTIONAL_WRITE_EXHAUSTED_PRIMALITY_UNASSIGNED,513,512,512,NO_RECORDED_FACTOR_PRP_OR_LL_RESULT_AND_NO_ACTIVE_GIMPS_ASSIGNMENT,2026-08-09T09:12:31+00:00,UNALLOCATED,,,,,
SLCMP2607-1476,1476,1476,794074513,2^794074513-1,STRUCTURAL_SCREEN_EXHAUSTED_PRIMALITY_UNASSIGNED,GF3A_DIRECTIONAL_WRITE_EXHAUSTED_PRIMALITY_UNASSIGNED,513,512,512,NO_RECORDED_FACTOR_PRP_OR_LL_RESULT_AND_NO_ACTIVE_GIMPS_ASSIGNMENT,2026-08-09T09:12:31+00:00,UNALLOCATED,,,,,
SLCMP2607-1477,1477,1477,794074591,2^794074591-1,STRUCTURAL_SCREEN_EXHAUSTED_PRIMALITY_UNASSIGNED,GF3A_DIRECTIONAL_WRITE_EXHAUSTED_PRIMALITY_UNASSIGNED,514,512,512,NO_RECORDED_FACTOR_PRP_OR_LL_RESULT_AND_NO_ACTIVE_GIMPS_ASSIGNMENT,2026-08-09T09:12:31+00:00,UNALLOCATED,,,,,
SLCMP2607-1478,1478,1478,794074639,2^794074639-1,STRUCTURAL_SCREEN_EXHAUSTED_PRIMALITY_UNASSIGNED,GF3A_DIRECTIONAL_WRITE_EXHAUSTED_PRIMALITY_UNASSIGNED,514,512,512,NO_RECORDED_FACTOR_PRP_OR_LL_RESULT_AND_NO_ACTIVE_GIMPS_ASSIGNMENT,2026-08-09T09:12:31+00:00,UNALLOCATED,,,,,
SLCMP2607-1479,1479,1479,794074667,2^794074667-1,STRUCTURAL_SCREEN_EXHAUSTED_PRIMALITY_UNASSIGNED,GF3A_DIRECTIONAL_WRITE_EXHAUSTED_PRIMALITY_UNASSIGNED,514,512,512,NO_RECORDED_FACTOR_PRP_OR_LL_RESULT_AND_NO_ACTIVE_GIMPS_ASSIGNMENT,2026-08-09T09:12:31+00:00,UNALLOCATED,,,,,
SLCMP2607-1480,1480,1480,794074763,2^794074763-1,STRUCTURAL_SCREEN_EXHAUSTED_PRIMALITY_UNASSIGNED,GF3A_DIRECTIONAL_WRITE_EXHAUSTED_PRIMALITY_UNASSIGNED,514,512,512,NO_RECORDED_FACTOR_PRP_OR_LL_RESULT_AND_NO_ACTIVE_GIMPS_ASSIGNMENT,2026-08-09T09:12:31+00:00,UNALLOCATED,,,,,
SLCMP2607-1481,1481,1481,794074769,2^794074769-1,STRUCTURAL_SCREEN_EXHAUSTED_PRIMALITY_UNASSIGNED,GF3A_DIRECTIONAL_WRITE_EXHAUSTED_PRIMALITY_UNASSIGNED,513,512,512,NO_RECORDED_FACTOR_PRP_OR_LL_RESULT_AND_NO_ACTIVE_GIMPS_ASSIGNMENT,2026-08-09T09:12:31+00:00,UNALLOCATED,,,,,
SLCMP2607-1482,1482,1482,794074907,2^794074907-1,STRUCTURAL_SCREEN_EXHAUSTED_PRIMALITY_UNASSIGNED,GF3A_DIRECTIONAL_WRITE_EXHAUSTED_PRIMALITY_UNASSIGNED,514,512,512,NO_RECORDED_FACTOR_PRP_OR_LL_RESULT_AND_NO_ACTIVE_GIMPS_ASSIGNMENT,2026-08-09T09:12:31+00:00,UNALLOCATED,,,,,
SLCMP2607-1483,1483,1483,794074979,2^794074979-1,STRUCTURAL_SCREEN_EXHAUSTED_PRIMALITY_UNASSIGNED,GF3A_DIRECTIONAL_WRITE_EXHAUSTED_PRIMALITY_UNASSIGNED,514,512,512,NO_RECORDED_FACTOR_PRP_OR_LL_RESULT_AND_NO_ACTIVE_GIMPS_ASSIGNMENT,2026-08-09T09:12:31+00:00,UNALLOCATED,,,,,
SLCMP2607-1484,1484,1484,794074987,2^794074987-1,STRUCTURAL_SCREEN_EXHAUSTED_PRIMALITY_UNASSIGNED,GF3A_DIRECTIONAL_WRITE_EXHAUSTED_PRIMALITY_UNASSIGNED,514,512,512,NO_RECORDED_FACTOR_PRP_OR_LL_RESULT_AND_NO_ACTIVE_GIMPS_ASSIGNMENT,2026-08-09T09:12:31+00:00,UNALLOCATED,,,,,
SLCMP2607-1485,1485,1485,794075021,2^794075021-1,STRUCTURAL_SCREEN_EXHAUSTED_PRIMALITY_UNASSIGNED,GF3A_DIRECTIONAL_WRITE_EXHAUSTED_PRIMALITY_UNASSIGNED,513,512,512,NO_RECORDED_FACTOR_PRP_OR_LL_RESULT_AND_NO_ACTIVE_GIMPS_ASSIGNMENT,2026-08-09T09:12:31+00:00,UNALLOCATED,,,,,
SLCMP2607-1486,1486,1486,794075099,2^794075099-1,STRUCTURAL_SCREEN_EXHAUSTED_PRIMALITY_UNASSIGNED,GF3A_DIRECTIONAL_WRITE_EXHAUSTED_PRIMALITY_UNASSIGNED,514,512,512,NO_RECORDED_FACTOR_PRP_OR_LL_RESULT_AND_NO_ACTIVE_GIMPS_ASSIGNMENT,2026-08-09T09:12:31+00:00,UNALLOCATED,,,,,
SLCMP2607-1487,1487,1487,794075143,2^794075143-1,STRUCTURAL_SCREEN_EXHAUSTED_PRIMALITY_UNASSIGNED,GF3A_DIRECTIONAL_WRITE_EXHAUSTED_PRIMALITY_UNASSIGNED,514,512,512,NO_RECORDED_FACTOR_PRP_OR_LL_RESULT_AND_NO_ACTIVE_GIMPS_ASSIGNMENT,2026-08-09T09:12:31+00:00,UNALLOCATED,,,,,
SLCMP2607-1488,1488,1488,794075237,2^794075237-1,STRUCTURAL_SCREEN_EXHAUSTED_PRIMALITY_UNASSIGNED,GF3A_DIRECTIONAL_WRITE_EXHAUSTED_PRIMALITY_UNASSIGNED,513,512,512,NO_RECORDED_FACTOR_PRP_OR_LL_RESULT_AND_NO_ACTIVE_GIMPS_ASSIGNMENT,2026-08-09T09:12:31+00:00,UNALLOCATED,,,,,
SLCMP2607-1489,1489,1489,794075251,2^794075251-1,STRUCTURAL_SCREEN_EXHAUSTED_PRIMALITY_UNASSIGNED,GF3A_DIRECTIONAL_WRITE_EXHAUSTED_PRIMALITY_UNASSIGNED,514,512,512,NO_RECORDED_FACTOR_PRP_OR_LL_RESULT_AND_NO_ACTIVE_GIMPS_ASSIGNMENT,2026-08-09T09:12:31+00:00,UNALLOCATED,,,,,
SLCMP2607-1490,1490,1490,794075383,2^794075383-1,STRUCTURAL_SCREEN_EXHAUSTED_PRIMALITY_UNASSIGNED,GF3A_DIRECTIONAL_WRITE_EXHAUSTED_PRIMALITY_UNASSIGNED,514,512,512,NO_RECORDED_FACTOR_PRP_OR_LL_RESULT_AND_NO_ACTIVE_GIMPS_ASSIGNMENT,2026-08-09T09:12:31+00:00,UNALLOCATED,,,,,
SLCMP2607-1491,1491,1491,794075411,2^794075411-1,STRUCTURAL_SCREEN_EXHAUSTED_PRIMALITY_UNASSIGNED,GF3A_DIRECTIONAL_WRITE_EXHAUSTED_PRIMALITY_UNASSIGNED,514,512,512,NO_RECORDED_FACTOR_PRP_OR_LL_RESULT_AND_NO_ACTIVE_GIMPS_ASSIGNMENT,2026-08-09T09:12:31+00:00,UNALLOCATED,,,,,
SLCMP2607-1492,1492,1492,794075561,2^794075561-1,STRUCTURAL_SCREEN_EXHAUSTED_PRIMALITY_UNASSIGNED,GF3A_DIRECTIONAL_WRITE_EXHAUSTED_PRIMALITY_UNASSIGNED,513,512,512,NO_RECORDED_FACTOR_PRP_OR_LL_RESULT_AND_NO_ACTIVE_GIMPS_ASSIGNMENT,2026-08-09T09:12:31+00:00,UNALLOCATED,,,,,
SLCMP2607-1493,1493,1493,794075609,2^794075609-1,STRUCTURAL_SCREEN_EXHAUSTED_PRIMALITY_UNASSIGNED,GF3A_DIRECTIONAL_WRITE_EXHAUSTED_PRIMALITY_UNASSIGNED,513,512,512,NO_RECORDED_FACTOR_PRP_OR_LL_RESULT_AND_NO_ACTIVE_GIMPS_ASSIGNMENT,2026-08-09T09:12:31+00:00,UNALLOCATED,,,,,
SLCMP2607-1494,1494,1494,794075617,2^794075617-1,STRUCTURAL_SCREEN_EXHAUSTED_PRIMALITY_UNASSIGNED,GF3A_DIRECTIONAL_WRITE_EXHAUSTED_PRIMALITY_UNASSIGNED,513,512,512,NO_RECORDED_FACTOR_PRP_OR_LL_RESULT_AND_NO_ACTIVE_GIMPS_ASSIGNMENT,2026-08-09T09:12:31+00:00,UNALLOCATED,,,,,
SLCMP2607-1495,1495,1495,794075671,2^794075671-1,STRUCTURAL_SCREEN_EXHAUSTED_PRIMALITY_UNASSIGNED,GF3A_DIRECTIONAL_WRITE_EXHAUSTED_PRIMALITY_UNASSIGNED,514,512,512,NO_RECORDED_FACTOR_PRP_OR_LL_RESULT_AND_NO_ACTIVE_GIMPS_ASSIGNMENT,2026-08-09T09:12:31+00:00,UNALLOCATED,,,,,
SLCMP2607-1496,1496,1496,794075743,2^794075743-1,STRUCTURAL_SCREEN_EXHAUSTED_PRIMALITY_UNASSIGNED,GF3A_DIRECTIONAL_WRITE_EXHAUSTED_PRIMALITY_UNASSIGNED,514,512,512,NO_RECORDED_FACTOR_PRP_OR_LL_RESULT_AND_NO_ACTIVE_GIMPS_ASSIGNMENT,2026-08-09T09:12:31+00:00,UNALLOCATED,,,,,
SLCMP2607-1497,1497,1497,794075753,2^794075753-1,STRUCTURAL_SCREEN_EXHAUSTED_PRIMALITY_UNASSIGNED,GF3A_DIRECTIONAL_WRITE_EXHAUSTED_PRIMALITY_UNASSIGNED,513,512,512,NO_RECORDED_FACTOR_PRP_OR_LL_RESULT_AND_NO_ACTIVE_GIMPS_ASSIGNMENT,2026-08-09T09:12:31+00:00,UNALLOCATED,,,,,
SLCMP2607-1498,1498,1498,794075903,2^794075903-1,STRUCTURAL_SCREEN_EXHAUSTED_PRIMALITY_UNASSIGNED,GF3A_DIRECTIONAL_WRITE_EXHAUSTED_PRIMALITY_UNASSIGNED,514,512,512,NO_RECORDED_FACTOR_PRP_OR_LL_RESULT_AND_NO_ACTIVE_GIMPS_ASSIGNMENT,2026-08-09T09:12:31+00:00,UNALLOCATED,,,,,
SLCMP2607-1499,1499,1499,794075927,2^794075927-1,STRUCTURAL_SCREEN_EXHAUSTED_PRIMALITY_UNASSIGNED,GF3A_DIRECTIONAL_WRITE_EXHAUSTED_PRIMALITY_UNASSIGNED,514,512,512,NO_RECORDED_FACTOR_PRP_OR_LL_RESULT_AND_NO_ACTIVE_GIMPS_ASSIGNMENT,2026-08-09T09:12:31+00:00,UNALLOCATED,,,,,
SLCMP2607-1500,1500,1500,794075959,2^794075959-1,STRUCTURAL_SCREEN_EXHAUSTED_PRIMALITY_UNASSIGNED,GF3A_DIRECTIONAL_WRITE_EXHAUSTED_PRIMALITY_UNASSIGNED,514,512,512,NO_RECORDED_FACTOR_PRP_OR_LL_RESULT_AND_NO_ACTIVE_GIMPS_ASSIGNMENT,2026-08-09T09:12:31+00:00,UNALLOCATED,,,,,
SLCMP2607-1501,1501,1501,794075963,2^794075963-1,STRUCTURAL_SCREEN_EXHAUSTED_PRIMALITY_UNASSIGNED,GF3A_DIRECTIONAL_WRITE_EXHAUSTED_PRIMALITY_UNASSIGNED,514,512,512,NO_RECORDED_FACTOR_PRP_OR_LL_RESULT_AND_NO_ACTIVE_GIMPS_ASSIGNMENT,2026-08-09T09:12:31+00:00,UNALLOCATED,,,,,
SLCMP2607-1502,1502,1502,794075977,2^794075977-1,STRUCTURAL_SCREEN_EXHAUSTED_PRIMALITY_UNASSIGNED,GF3A_DIRECTIONAL_WRITE_EXHAUSTED_PRIMALITY_UNASSIGNED,513,512,512,NO_RECORDED_FACTOR_PRP_OR_LL_RESULT_AND_NO_ACTIVE_GIMPS_ASSIGNMENT,2026-08-09T09:12:31+00:00,UNALLOCATED,,,,,
SLCMP2607-1503,1503,1503,794076043,2^794076043-1,STRUCTURAL_SCREEN_EXHAUSTED_PRIMALITY_UNASSIGNED,GF3A_DIRECTIONAL_WRITE_EXHAUSTED_PRIMALITY_UNASSIGNED,514,512,512,NO_RECORDED_FACTOR_PRP_OR_LL_RESULT_AND_NO_ACTIVE_GIMPS_ASSIGNMENT,2026-08-09T09:12:31+00:00,UNALLOCATED,,,,,
SLCMP2607-1504,1504,1504,794076097,2^794076097-1,STRUCTURAL_SCREEN_EXHAUSTED_PRIMALITY_UNASSIGNED,GF3A_DIRECTIONAL_WRITE_EXHAUSTED_PRIMALITY_UNASSIGNED,513,512,512,NO_RECORDED_FACTOR_PRP_OR_LL_RESULT_AND_NO_ACTIVE_GIMPS_ASSIGNMENT,2026-08-09T09:12:31+00:00,UNALLOCATED,,,,,
SLCMP2607-1505,1505,1505,794076113,2^794076113-1,STRUCTURAL_SCREEN_EXHAUSTED_PRIMALITY_UNASSIGNED,GF3A_DIRECTIONAL_WRITE_EXHAUSTED_PRIMALITY_UNASSIGNED,513,512,512,NO_RECORDED_FACTOR_PRP_OR_LL_RESULT_AND_NO_ACTIVE_GIMPS_ASSIGNMENT,2026-08-09T09:12:31+00:00,UNALLOCATED,,,,,
SLCMP2607-1506,1506,1506,794076293,2^794076293-1,STRUCTURAL_SCREEN_EXHAUSTED_PRIMALITY_UNASSIGNED,GF3A_DIRECTIONAL_WRITE_EXHAUSTED_PRIMALITY_UNASSIGNED,513,512,512,NO_RECORDED_FACTOR_PRP_OR_LL_RESULT_AND_NO_ACTIVE_GIMPS_ASSIGNMENT,2026-08-09T09:12:31+00:00,UNALLOCATED,,,,,
SLCMP2607-1507,1507,1507,794076319,2^794076319-1,STRUCTURAL_SCREEN_EXHAUSTED_PRIMALITY_UNASSIGNED,GF3A_DIRECTIONAL_WRITE_EXHAUSTED_PRIMALITY_UNASSIGNED,514,512,512,NO_RECORDED_FACTOR_PRP_OR_LL_RESULT_AND_NO_ACTIVE_GIMPS_ASSIGNMENT,2026-08-09T09:12:31+00:00,UNALLOCATED,,,,,
SLCMP2607-1508,1508,1508,794076331,2^794076331-1,STRUCTURAL_SCREEN_EXHAUSTED_PRIMALITY_UNASSIGNED,GF3A_DIRECTIONAL_WRITE_EXHAUSTED_PRIMALITY_UNASSIGNED,514,512,512,NO_RECORDED_FACTOR_PRP_OR_LL_RESULT_AND_NO_ACTIVE_GIMPS_ASSIGNMENT,2026-08-09T09:12:31+00:00,UNALLOCATED,,,,,
SLCMP2607-1509,1509,1509,794076473,2^794076473-1,STRUCTURAL_SCREEN_EXHAUSTED_PRIMALITY_UNASSIGNED,GF3A_DIRECTIONAL_WRITE_EXHAUSTED_PRIMALITY_UNASSIGNED,513,512,512,NO_RECORDED_FACTOR_PRP_OR_LL_RESULT_AND_NO_ACTIVE_GIMPS_ASSIGNMENT,2026-08-09T09:12:31+00:00,UNALLOCATED,,,,,
SLCMP2607-1510,1510,1510,794076527,2^794076527-1,STRUCTURAL_SCREEN_EXHAUSTED_PRIMALITY_UNASSIGNED,GF3A_DIRECTIONAL_WRITE_EXHAUSTED_PRIMALITY_UNASSIGNED,514,512,512,NO_RECORDED_FACTOR_PRP_OR_LL_RESULT_AND_NO_ACTIVE_GIMPS_ASSIGNMENT,2026-08-09T09:12:31+00:00,UNALLOCATED,,,,,
SLCMP2607-1511,1511,1511,794076529,2^794076529-1,STRUCTURAL_SCREEN_EXHAUSTED_PRIMALITY_UNASSIGNED,GF3A_DIRECTIONAL_WRITE_EXHAUSTED_PRIMALITY_UNASSIGNED,513,512,512,NO_RECORDED_FACTOR_PRP_OR_LL_RESULT_AND_NO_ACTIVE_GIMPS_ASSIGNMENT,2026-08-09T09:12:31+00:00,UNALLOCATED,,,,,
SLCMP2607-1512,1512,1512,794076583,2^794076583-1,STRUCTURAL_SCREEN_EXHAUSTED_PRIMALITY_UNASSIGNED,GF3A_DIRECTIONAL_WRITE_EXHAUSTED_PRIMALITY_UNASSIGNED,514,512,512,NO_RECORDED_FACTOR_PRP_OR_LL_RESULT_AND_NO_ACTIVE_GIMPS_ASSIGNMENT,2026-08-09T09:12:31+00:00,UNALLOCATED,,,,,
SLCMP2607-1513,1513,1513,794076593,2^794076593-1,STRUCTURAL_SCREEN_EXHAUSTED_PRIMALITY_UNASSIGNED,GF3A_DIRECTIONAL_WRITE_EXHAUSTED_PRIMALITY_UNASSIGNED,513,512,512,NO_RECORDED_FACTOR_PRP_OR_LL_RESULT_AND_NO_ACTIVE_GIMPS_ASSIGNMENT,2026-08-09T09:12:31+00:00,UNALLOCATED,,,,,
SLCMP2607-1514,1514,1514,794076599,2^794076599-1,STRUCTURAL_SCREEN_EXHAUSTED_PRIMALITY_UNASSIGNED,GF3A_DIRECTIONAL_WRITE_EXHAUSTED_PRIMALITY_UNASSIGNED,514,512,512,NO_RECORDED_FACTOR_PRP_OR_LL_RESULT_AND_NO_ACTIVE_GIMPS_ASSIGNMENT,2026-08-09T09:12:31+00:00,UNALLOCATED,,,,,
SLCMP2607-1515,1515,1515,794076733,2^794076733-1,STRUCTURAL_SCREEN_EXHAUSTED_PRIMALITY_UNASSIGNED,GF3A_DIRECTIONAL_WRITE_EXHAUSTED_PRIMALITY_UNASSIGNED,513,512,512,NO_RECORDED_FACTOR_PRP_OR_LL_RESULT_AND_NO_ACTIVE_GIMPS_ASSIGNMENT,2026-08-09T09:12:31+00:00,UNALLOCATED,,,,,
SLCMP2607-1516,1516,1516,794076739,2^794076739-1,STRUCTURAL_SCREEN_EXHAUSTED_PRIMALITY_UNASSIGNED,GF3A_DIRECTIONAL_WRITE_EXHAUSTED_PRIMALITY_UNASSIGNED,514,512,512,NO_RECORDED_FACTOR_PRP_OR_LL_RESULT_AND_NO_ACTIVE_GIMPS_ASSIGNMENT,2026-08-09T09:12:31+00:00,UNALLOCATED,,,,,
SLCMP2607-1517,1517,1517,794076761,2^794076761-1,STRUCTURAL_SCREEN_EXHAUSTED_PRIMALITY_UNASSIGNED,GF3A_DIRECTIONAL_WRITE_EXHAUSTED_PRIMALITY_UNASSIGNED,513,512,512,NO_RECORDED_FACTOR_PRP_OR_LL_RESULT_AND_NO_ACTIVE_GIMPS_ASSIGNMENT,2026-08-09T09:12:31+00:00,UNALLOCATED,,,,,
SLCMP2607-1518,1518,1518,794076781,2^794076781-1,STRUCTURAL_SCREEN_EXHAUSTED_PRIMALITY_UNASSIGNED,GF3A_DIRECTIONAL_WRITE_EXHAUSTED_PRIMALITY_UNASSIGNED,513,512,512,NO_RECORDED_FACTOR_PRP_OR_LL_RESULT_AND_NO_ACTIVE_GIMPS_ASSIGNMENT,2026-08-09T09:12:31+00:00,UNALLOCATED,,,,,
SLCMP2607-1519,1519,1519,794076839,2^794076839-1,STRUCTURAL_SCREEN_EXHAUSTED_PRIMALITY_UNASSIGNED,GF3A_DIRECTIONAL_WRITE_EXHAUSTED_PRIMALITY_UNASSIGNED,514,512,512,NO_RECORDED_FACTOR_PRP_OR_LL_RESULT_AND_NO_ACTIVE_GIMPS_ASSIGNMENT,2026-08-09T09:12:31+00:00,UNALLOCATED,,,,,
SLCMP2607-1520,1520,1520,794076917,2^794076917-1,STRUCTURAL_SCREEN_EXHAUSTED_PRIMALITY_UNASSIGNED,GF3A_DIRECTIONAL_WRITE_EXHAUSTED_PRIMALITY_UNASSIGNED,513,512,512,NO_RECORDED_FACTOR_PRP_OR_LL_RESULT_AND_NO_ACTIVE_GIMPS_ASSIGNMENT,2026-08-09T09:12:31+00:00,UNALLOCATED,,,,,
SLCMP2607-1521,1521,1521,794076923,2^794076923-1,STRUCTURAL_SCREEN_EXHAUSTED_PRIMALITY_UNASSIGNED,GF3A_DIRECTIONAL_WRITE_EXHAUSTED_PRIMALITY_UNASSIGNED,514,512,512,NO_RECORDED_FACTOR_PRP_OR_LL_RESULT_AND_NO_ACTIVE_GIMPS_ASSIGNMENT,2026-08-09T09:12:31+00:00,UNALLOCATED,,,,,
SLCMP2607-1522,1522,1522,794076979,2^794076979-1,STRUCTURAL_SCREEN_EXHAUSTED_PRIMALITY_UNASSIGNED,GF3A_DIRECTIONAL_WRITE_EXHAUSTED_PRIMALITY_UNASSIGNED,514,512,512,NO_RECORDED_FACTOR_PRP_OR_LL_RESULT_AND_NO_ACTIVE_GIMPS_ASSIGNMENT,2026-08-09T09:12:31+00:00,UNALLOCATED,,,,,
SLCMP2607-1523,1523,1523,794077027,2^794077027-1,STRUCTURAL_SCREEN_EXHAUSTED_PRIMALITY_UNASSIGNED,GF3A_DIRECTIONAL_WRITE_EXHAUSTED_PRIMALITY_UNASSIGNED,514,512,512,NO_RECORDED_FACTOR_PRP_OR_LL_RESULT_AND_NO_ACTIVE_GIMPS_ASSIGNMENT,2026-08-09T09:12:31+00:00,UNALLOCATED,,,,,
SLCMP2607-1524,1524,1524,794077061,2^794077061-1,STRUCTURAL_SCREEN_EXHAUSTED_PRIMALITY_UNASSIGNED,GF3A_DIRECTIONAL_WRITE_EXHAUSTED_PRIMALITY_UNASSIGNED,513,512,512,NO_RECORDED_FACTOR_PRP_OR_LL_RESULT_AND_NO_ACTIVE_GIMPS_ASSIGNMENT,2026-08-09T09:12:31+00:00,UNALLOCATED,,,,,
SLCMP2607-1525,1525,1525,794077171,2^794077171-1,STRUCTURAL_SCREEN_EXHAUSTED_PRIMALITY_UNASSIGNED,GF3A_DIRECTIONAL_WRITE_EXHAUSTED_PRIMALITY_UNASSIGNED,514,512,512,NO_RECORDED_FACTOR_PRP_OR_LL_RESULT_AND_NO_ACTIVE_GIMPS_ASSIGNMENT,2026-08-09T09:12:31+00:00,UNALLOCATED,,,,,
SLCMP2607-1526,1526,1526,794077187,2^794077187-1,STRUCTURAL_SCREEN_EXHAUSTED_PRIMALITY_UNASSIGNED,GF3A_DIRECTIONAL_WRITE_EXHAUSTED_PRIMALITY_UNASSIGNED,514,512,512,NO_RECORDED_FACTOR_PRP_OR_LL_RESULT_AND_NO_ACTIVE_GIMPS_ASSIGNMENT,2026-08-09T09:12:31+00:00,UNALLOCATED,,,,,
SLCMP2607-1527,1527,1527,794077201,2^794077201-1,STRUCTURAL_SCREEN_EXHAUSTED_PRIMALITY_UNASSIGNED,GF3A_DIRECTIONAL_WRITE_EXHAUSTED_PRIMALITY_UNASSIGNED,513,512,512,NO_RECORDED_FACTOR_PRP_OR_LL_RESULT_AND_NO_ACTIVE_GIMPS_ASSIGNMENT,2026-08-09T09:12:31+00:00,UNALLOCATED,,,,,
SLCMP2607-1528,1528,1528,794077213,2^794077213-1,STRUCTURAL_SCREEN_EXHAUSTED_PRIMALITY_UNASSIGNED,GF3A_DIRECTIONAL_WRITE_EXHAUSTED_PRIMALITY_UNASSIGNED,513,512,512,NO_RECORDED_FACTOR_PRP_OR_LL_RESULT_AND_NO_ACTIVE_GIMPS_ASSIGNMENT,2026-08-09T09:12:31+00:00,UNALLOCATED,,,,,
SLCMP2607-1529,1529,1529,794077243,2^794077243-1,STRUCTURAL_SCREEN_EXHAUSTED_PRIMALITY_UNASSIGNED,GF3A_DIRECTIONAL_WRITE_EXHAUSTED_PRIMALITY_UNASSIGNED,514,512,512,NO_RECORDED_FACTOR_PRP_OR_LL_RESULT_AND_NO_ACTIVE_GIMPS_ASSIGNMENT,2026-08-09T09:12:31+00:00,UNALLOCATED,,,,,
SLCMP2607-1530,1530,1530,794077301,2^794077301-1,STRUCTURAL_SCREEN_EXHAUSTED_PRIMALITY_UNASSIGNED,GF3A_DIRECTIONAL_WRITE_EXHAUSTED_PRIMALITY_UNASSIGNED,513,512,512,NO_RECORDED_FACTOR_PRP_OR_LL_RESULT_AND_NO_ACTIVE_GIMPS_ASSIGNMENT,2026-08-09T09:12:31+00:00,UNALLOCATED,,,,,
SLCMP2607-1531,1531,1531,794077309,2^794077309-1,STRUCTURAL_SCREEN_EXHAUSTED_PRIMALITY_UNASSIGNED,GF3A_DIRECTIONAL_WRITE_EXHAUSTED_PRIMALITY_UNASSIGNED,513,512,512,NO_RECORDED_FACTOR_PRP_OR_LL_RESULT_AND_NO_ACTIVE_GIMPS_ASSIGNMENT,2026-08-09T09:12:31+00:00,UNALLOCATED,,,,,
SLCMP2607-1532,1532,1532,794077337,2^794077337-1,STRUCTURAL_SCREEN_EXHAUSTED_PRIMALITY_UNASSIGNED,GF3A_DIRECTIONAL_WRITE_EXHAUSTED_PRIMALITY_UNASSIGNED,513,512,512,NO_RECORDED_FACTOR_PRP_OR_LL_RESULT_AND_NO_ACTIVE_GIMPS_ASSIGNMENT,2026-08-09T09:12:31+00:00,UNALLOCATED,,,,,
SLCMP2607-1533,1533,1533,794077373,2^794077373-1,STRUCTURAL_SCREEN_EXHAUSTED_PRIMALITY_UNASSIGNED,GF3A_DIRECTIONAL_WRITE_EXHAUSTED_PRIMALITY_UNASSIGNED,513,512,512,NO_RECORDED_FACTOR_PRP_OR_LL_RESULT_AND_NO_ACTIVE_GIMPS_ASSIGNMENT,2026-08-09T09:12:31+00:00,UNALLOCATED,,,,,
SLCMP2607-1534,1534,1534,794077421,2^794077421-1,STRUCTURAL_SCREEN_EXHAUSTED_PRIMALITY_UNASSIGNED,GF3A_DIRECTIONAL_WRITE_EXHAUSTED_PRIMALITY_UNASSIGNED,513,512,512,NO_RECORDED_FACTOR_PRP_OR_LL_RESULT_AND_NO_ACTIVE_GIMPS_ASSIGNMENT,2026-08-09T09:12:31+00:00,UNALLOCATED,,,,,
SLCMP2607-1535,1535,1535,794077513,2^794077513-1,STRUCTURAL_SCREEN_EXHAUSTED_PRIMALITY_UNASSIGNED,GF3A_DIRECTIONAL_WRITE_EXHAUSTED_PRIMALITY_UNASSIGNED,513,512,512,NO_RECORDED_FACTOR_PRP_OR_LL_RESULT_AND_NO_ACTIVE_GIMPS_ASSIGNMENT,2026-08-09T09:12:31+00:00,UNALLOCATED,,,,,
SLCMP2607-1536,1536,1536,794077601,2^794077601-1,STRUCTURAL_SCREEN_EXHAUSTED_PRIMALITY_UNASSIGNED,GF3A_DIRECTIONAL_WRITE_EXHAUSTED_PRIMALITY_UNASSIGNED,513,512,512,NO_RECORDED_FACTOR_PRP_OR_LL_RESULT_AND_NO_ACTIVE_GIMPS_ASSIGNMENT,2026-08-09T09:12:31+00:00,UNALLOCATED,,,,,
SLCMP2607-1537,1537,1537,794077723,2^794077723-1,STRUCTURAL_SCREEN_EXHAUSTED_PRIMALITY_UNASSIGNED,GF3A_DIRECTIONAL_WRITE_EXHAUSTED_PRIMALITY_UNASSIGNED,514,512,512,NO_RECORDED_FACTOR_PRP_OR_LL_RESULT_AND_NO_ACTIVE_GIMPS_ASSIGNMENT,2026-08-09T09:12:31+00:00,UNALLOCATED,,,,,
SLCMP2607-1538,1538,1538,794077777,2^794077777-1,STRUCTURAL_SCREEN_EXHAUSTED_PRIMALITY_UNASSIGNED,GF3A_DIRECTIONAL_WRITE_EXHAUSTED_PRIMALITY_UNASSIGNED,513,512,512,NO_RECORDED_FACTOR_PRP_OR_LL_RESULT_AND_NO_ACTIVE_GIMPS_ASSIGNMENT,2026-08-09T09:12:31+00:00,UNALLOCATED,,,,,
SLCMP2607-1539,1539,1539,794077807,2^794077807-1,STRUCTURAL_SCREEN_EXHAUSTED_PRIMALITY_UNASSIGNED,GF3A_DIRECTIONAL_WRITE_EXHAUSTED_PRIMALITY_UNASSIGNED,514,512,512,NO_RECORDED_FACTOR_PRP_OR_LL_RESULT_AND_NO_ACTIVE_GIMPS_ASSIGNMENT,2026-08-09T09:12:31+00:00,UNALLOCATED,,,,,
SLCMP2607-1540,1540,1540,794077883,2^794077883-1,STRUCTURAL_SCREEN_EXHAUSTED_PRIMALITY_UNASSIGNED,GF3A_DIRECTIONAL_WRITE_EXHAUSTED_PRIMALITY_UNASSIGNED,514,512,512,NO_RECORDED_FACTOR_PRP_OR_LL_RESULT_AND_NO_ACTIVE_GIMPS_ASSIGNMENT,2026-08-09T09:12:31+00:00,UNALLOCATED,,,,,
SLCMP2607-1541,1541,1541,794077891,2^794077891-1,STRUCTURAL_SCREEN_EXHAUSTED_PRIMALITY_UNASSIGNED,GF3A_DIRECTIONAL_WRITE_EXHAUSTED_PRIMALITY_UNASSIGNED,514,512,512,NO_RECORDED_FACTOR_PRP_OR_LL_RESULT_AND_NO_ACTIVE_GIMPS_ASSIGNMENT,2026-08-09T09:12:31+00:00,UNALLOCATED,,,,,
SLCMP2607-1542,1542,1542,794077909,2^794077909-1,STRUCTURAL_SCREEN_EXHAUSTED_PRIMALITY_UNASSIGNED,GF3A_DIRECTIONAL_WRITE_EXHAUSTED_PRIMALITY_UNASSIGNED,513,512,512,NO_RECORDED_FACTOR_PRP_OR_LL_RESULT_AND_NO_ACTIVE_GIMPS_ASSIGNMENT,2026-08-09T09:12:31+00:00,UNALLOCATED,,,,,
SLCMP2607-1543,1543,1543,794077961,2^794077961-1,STRUCTURAL_SCREEN_EXHAUSTED_PRIMALITY_UNASSIGNED,GF3A_DIRECTIONAL_WRITE_EXHAUSTED_PRIMALITY_UNASSIGNED,513,512,512,NO_RECORDED_FACTOR_PRP_OR_LL_RESULT_AND_NO_ACTIVE_GIMPS_ASSIGNMENT,2026-08-09T09:12:31+00:00,UNALLOCATED,,,,,
SLCMP2607-1544,1544,1544,794077969,2^794077969-1,STRUCTURAL_SCREEN_EXHAUSTED_PRIMALITY_UNASSIGNED,GF3A_DIRECTIONAL_WRITE_EXHAUSTED_PRIMALITY_UNASSIGNED,513,512,512,NO_RECORDED_FACTOR_PRP_OR_LL_RESULT_AND_NO_ACTIVE_GIMPS_ASSIGNMENT,2026-08-09T09:12:31+00:00,UNALLOCATED,,,,,
SLCMP2607-1545,1545,1545,794078069,2^794078069-1,STRUCTURAL_SCREEN_EXHAUSTED_PRIMALITY_UNASSIGNED,GF3A_DIRECTIONAL_WRITE_EXHAUSTED_PRIMALITY_UNASSIGNED,513,512,512,NO_RECORDED_FACTOR_PRP_OR_LL_RESULT_AND_NO_ACTIVE_GIMPS_ASSIGNMENT,2026-08-09T09:12:31+00:00,UNALLOCATED,,,,,
SLCMP2607-1546,1546,1546,794078081,2^794078081-1,STRUCTURAL_SCREEN_EXHAUSTED_PRIMALITY_UNASSIGNED,GF3A_DIRECTIONAL_WRITE_EXHAUSTED_PRIMALITY_UNASSIGNED,513,512,512,NO_RECORDED_FACTOR_PRP_OR_LL_RESULT_AND_NO_ACTIVE_GIMPS_ASSIGNMENT,2026-08-09T09:12:31+00:00,UNALLOCATED,,,,,
SLCMP2607-1547,1547,1547,794078093,2^794078093-1,STRUCTURAL_SCREEN_EXHAUSTED_PRIMALITY_UNASSIGNED,GF3A_DIRECTIONAL_WRITE_EXHAUSTED_PRIMALITY_UNASSIGNED,513,512,512,NO_RECORDED_FACTOR_PRP_OR_LL_RESULT_AND_NO_ACTIVE_GIMPS_ASSIGNMENT,2026-08-09T09:12:31+00:00,UNALLOCATED,,,,,
SLCMP2607-1548,1548,1548,794078099,2^794078099-1,STRUCTURAL_SCREEN_EXHAUSTED_PRIMALITY_UNASSIGNED,GF3A_DIRECTIONAL_WRITE_EXHAUSTED_PRIMALITY_UNASSIGNED,514,512,512,NO_RECORDED_FACTOR_PRP_OR_LL_RESULT_AND_NO_ACTIVE_GIMPS_ASSIGNMENT,2026-08-09T09:12:31+00:00,UNALLOCATED,,,,,
SLCMP2607-1549,1549,1549,794078101,2^794078101-1,STRUCTURAL_SCREEN_EXHAUSTED_PRIMALITY_UNASSIGNED,GF3A_DIRECTIONAL_WRITE_EXHAUSTED_PRIMALITY_UNASSIGNED,513,512,512,NO_RECORDED_FACTOR_PRP_OR_LL_RESULT_AND_NO_ACTIVE_GIMPS_ASSIGNMENT,2026-08-09T09:12:31+00:00,UNALLOCATED,,,,,
SLCMP2607-1550,1550,1550,794078123,2^794078123-1,STRUCTURAL_SCREEN_EXHAUSTED_PRIMALITY_UNASSIGNED,GF3A_DIRECTIONAL_WRITE_EXHAUSTED_PRIMALITY_UNASSIGNED,514,512,512,NO_RECORDED_FACTOR_PRP_OR_LL_RESULT_AND_NO_ACTIVE_GIMPS_ASSIGNMENT,2026-08-09T09:12:31+00:00,UNALLOCATED,,,,,
SLCMP2607-1551,1551,1551,794078149,2^794078149-1,STRUCTURAL_SCREEN_EXHAUSTED_PRIMALITY_UNASSIGNED,GF3A_DIRECTIONAL_WRITE_EXHAUSTED_PRIMALITY_UNASSIGNED,513,512,512,NO_RECORDED_FACTOR_PRP_OR_LL_RESULT_AND_NO_ACTIVE_GIMPS_ASSIGNMENT,2026-08-09T09:12:31+00:00,UNALLOCATED,,,,,
SLCMP2607-1552,1552,1552,794078293,2^794078293-1,STRUCTURAL_SCREEN_EXHAUSTED_PRIMALITY_UNASSIGNED,GF3A_DIRECTIONAL_WRITE_EXHAUSTED_PRIMALITY_UNASSIGNED,513,512,512,NO_RECORDED_FACTOR_PRP_OR_LL_RESULT_AND_NO_ACTIVE_GIMPS_ASSIGNMENT,2026-08-09T09:12:31+00:00,UNALLOCATED,,,,,
SLCMP2607-1553,1553,1553,794078399,2^794078399-1,STRUCTURAL_SCREEN_EXHAUSTED_PRIMALITY_UNASSIGNED,GF3A_DIRECTIONAL_WRITE_EXHAUSTED_PRIMALITY_UNASSIGNED,514,512,512,NO_RECORDED_FACTOR_PRP_OR_LL_RESULT_AND_NO_ACTIVE_GIMPS_ASSIGNMENT,2026-08-09T09:12:31+00:00,UNALLOCATED,,,,,
SLCMP2607-1554,1554,1554,794078437,2^794078437-1,STRUCTURAL_SCREEN_EXHAUSTED_PRIMALITY_UNASSIGNED,GF3A_DIRECTIONAL_WRITE_EXHAUSTED_PRIMALITY_UNASSIGNED,513,512,512,NO_RECORDED_FACTOR_PRP_OR_LL_RESULT_AND_NO_ACTIVE_GIMPS_ASSIGNMENT,2026-08-09T09:12:31+00:00,UNALLOCATED,,,,,
SLCMP2607-1555,1555,1555,794078521,2^794078521-1,STRUCTURAL_SCREEN_EXHAUSTED_PRIMALITY_UNASSIGNED,GF3A_DIRECTIONAL_WRITE_EXHAUSTED_PRIMALITY_UNASSIGNED,513,512,512,NO_RECORDED_FACTOR_PRP_OR_LL_RESULT_AND_NO_ACTIVE_GIMPS_ASSIGNMENT,2026-08-09T09:12:31+00:00,UNALLOCATED,,,,,
SLCMP2607-1556,1556,1556,794078563,2^794078563-1,STRUCTURAL_SCREEN_EXHAUSTED_PRIMALITY_UNASSIGNED,GF3A_DIRECTIONAL_WRITE_EXHAUSTED_PRIMALITY_UNASSIGNED,514,512,512,NO_RECORDED_FACTOR_PRP_OR_LL_RESULT_AND_NO_ACTIVE_GIMPS_ASSIGNMENT,2026-08-09T09:12:31+00:00,UNALLOCATED,,,,,
SLCMP2607-1557,1557,1557,794078627,2^794078627-1,STRUCTURAL_SCREEN_EXHAUSTED_PRIMALITY_UNASSIGNED,GF3A_DIRECTIONAL_WRITE_EXHAUSTED_PRIMALITY_UNASSIGNED,514,512,512,NO_RECORDED_FACTOR_PRP_OR_LL_RESULT_AND_NO_ACTIVE_GIMPS_ASSIGNMENT,2026-08-09T09:12:31+00:00,UNALLOCATED,,,,,
SLCMP2607-1558,1558,1558,794078741,2^794078741-1,STRUCTURAL_SCREEN_EXHAUSTED_PRIMALITY_UNASSIGNED,GF3A_DIRECTIONAL_WRITE_EXHAUSTED_PRIMALITY_UNASSIGNED,513,512,512,NO_RECORDED_FACTOR_PRP_OR_LL_RESULT_AND_NO_ACTIVE_GIMPS_ASSIGNMENT,2026-08-09T09:12:31+00:00,UNALLOCATED,,,,,
SLCMP2607-1559,1559,1559,794078897,2^794078897-1,STRUCTURAL_SCREEN_EXHAUSTED_PRIMALITY_UNASSIGNED,GF3A_DIRECTIONAL_WRITE_EXHAUSTED_PRIMALITY_UNASSIGNED,513,512,512,NO_RECORDED_FACTOR_PRP_OR_LL_RESULT_AND_NO_ACTIVE_GIMPS_ASSIGNMENT,2026-08-09T09:12:31+00:00,UNALLOCATED,,,,,
SLCMP2607-1560,1560,1560,794078983,2^794078983-1,STRUCTURAL_SCREEN_EXHAUSTED_PRIMALITY_UNASSIGNED,GF3A_DIRECTIONAL_WRITE_EXHAUSTED_PRIMALITY_UNASSIGNED,514,512,512,NO_RECORDED_FACTOR_PRP_OR_LL_RESULT_AND_NO_ACTIVE_GIMPS_ASSIGNMENT,2026-08-09T09:12:31+00:00,UNALLOCATED,,,,,
SLCMP2607-1561,1561,1561,794079023,2^794079023-1,STRUCTURAL_SCREEN_EXHAUSTED_PRIMALITY_UNASSIGNED,GF3A_DIRECTIONAL_WRITE_EXHAUSTED_PRIMALITY_UNASSIGNED,514,512,512,NO_RECORDED_FACTOR_PRP_OR_LL_RESULT_AND_NO_ACTIVE_GIMPS_ASSIGNMENT,2026-08-09T09:12:31+00:00,UNALLOCATED,,,,,
SLCMP2607-1562,1562,1562,794079107,2^794079107-1,STRUCTURAL_SCREEN_EXHAUSTED_PRIMALITY_UNASSIGNED,GF3A_DIRECTIONAL_WRITE_EXHAUSTED_PRIMALITY_UNASSIGNED,514,512,512,NO_RECORDED_FACTOR_PRP_OR_LL_RESULT_AND_NO_ACTIVE_GIMPS_ASSIGNMENT,2026-08-09T09:12:31+00:00,UNALLOCATED,,,,,
SLCMP2607-1563,1563,1563,794079157,2^794079157-1,STRUCTURAL_SCREEN_EXHAUSTED_PRIMALITY_UNASSIGNED,GF3A_DIRECTIONAL_WRITE_EXHAUSTED_PRIMALITY_UNASSIGNED,513,512,512,NO_RECORDED_FACTOR_PRP_OR_LL_RESULT_AND_NO_ACTIVE_GIMPS_ASSIGNMENT,2026-08-09T09:12:31+00:00,UNALLOCATED,,,,,
SLCMP2607-1564,1564,1564,794079227,2^794079227-1,STRUCTURAL_SCREEN_EXHAUSTED_PRIMALITY_UNASSIGNED,GF3A_DIRECTIONAL_WRITE_EXHAUSTED_PRIMALITY_UNASSIGNED,514,512,512,NO_RECORDED_FACTOR_PRP_OR_LL_RESULT_AND_NO_ACTIVE_GIMPS_ASSIGNMENT,2026-08-09T09:12:31+00:00,UNALLOCATED,,,,,
SLCMP2607-1565,1565,1565,794079313,2^794079313-1,STRUCTURAL_SCREEN_EXHAUSTED_PRIMALITY_UNASSIGNED,GF3A_DIRECTIONAL_WRITE_EXHAUSTED_PRIMALITY_UNASSIGNED,513,512,512,NO_RECORDED_FACTOR_PRP_OR_LL_RESULT_AND_NO_ACTIVE_GIMPS_ASSIGNMENT,2026-08-09T09:12:31+00:00,UNALLOCATED,,,,,
SLCMP2607-1566,1566,1566,794079317,2^794079317-1,STRUCTURAL_SCREEN_EXHAUSTED_PRIMALITY_UNASSIGNED,GF3A_DIRECTIONAL_WRITE_EXHAUSTED_PRIMALITY_UNASSIGNED,513,512,512,NO_RECORDED_FACTOR_PRP_OR_LL_RESULT_AND_NO_ACTIVE_GIMPS_ASSIGNMENT,2026-08-09T09:12:31+00:00,UNALLOCATED,,,,,
SLCMP2607-1567,1567,1567,794079329,2^794079329-1,STRUCTURAL_SCREEN_EXHAUSTED_PRIMALITY_UNASSIGNED,GF3A_DIRECTIONAL_WRITE_EXHAUSTED_PRIMALITY_UNASSIGNED,513,512,512,NO_RECORDED_FACTOR_PRP_OR_LL_RESULT_AND_NO_ACTIVE_GIMPS_ASSIGNMENT,2026-08-09T09:12:31+00:00,UNALLOCATED,,,,,
SLCMP2607-1568,1568,1568,794079379,2^794079379-1,STRUCTURAL_SCREEN_EXHAUSTED_PRIMALITY_UNASSIGNED,GF3A_DIRECTIONAL_WRITE_EXHAUSTED_PRIMALITY_UNASSIGNED,514,512,512,NO_RECORDED_FACTOR_PRP_OR_LL_RESULT_AND_NO_ACTIVE_GIMPS_ASSIGNMENT,2026-08-09T09:12:31+00:00,UNALLOCATED,,,,,
SLCMP2607-1569,1569,1569,794079383,2^794079383-1,STRUCTURAL_SCREEN_EXHAUSTED_PRIMALITY_UNASSIGNED,GF3A_DIRECTIONAL_WRITE_EXHAUSTED_PRIMALITY_UNASSIGNED,514,512,512,NO_RECORDED_FACTOR_PRP_OR_LL_RESULT_AND_NO_ACTIVE_GIMPS_ASSIGNMENT,2026-08-09T09:12:31+00:00,UNALLOCATED,,,,,
SLCMP2607-1570,1570,1570,794079457,2^794079457-1,STRUCTURAL_SCREEN_EXHAUSTED_PRIMALITY_UNASSIGNED,GF3A_DIRECTIONAL_WRITE_EXHAUSTED_PRIMALITY_UNASSIGNED,513,512,512,NO_RECORDED_FACTOR_PRP_OR_LL_RESULT_AND_NO_ACTIVE_GIMPS_ASSIGNMENT,2026-08-09T09:12:31+00:00,UNALLOCATED,,,,,
SLCMP2607-1571,1571,1571,794079683,2^794079683-1,STRUCTURAL_SCREEN_EXHAUSTED_PRIMALITY_UNASSIGNED,GF3A_DIRECTIONAL_WRITE_EXHAUSTED_PRIMALITY_UNASSIGNED,514,512,512,NO_RECORDED_FACTOR_PRP_OR_LL_RESULT_AND_NO_ACTIVE_GIMPS_ASSIGNMENT,2026-08-09T09:12:31+00:00,UNALLOCATED,,,,,
SLCMP2607-1572,1572,1572,794079739,2^794079739-1,STRUCTURAL_SCREEN_EXHAUSTED_PRIMALITY_UNASSIGNED,GF3A_DIRECTIONAL_WRITE_EXHAUSTED_PRIMALITY_UNASSIGNED,514,512,512,NO_RECORDED_FACTOR_PRP_OR_LL_RESULT_AND_NO_ACTIVE_GIMPS_ASSIGNMENT,2026-08-09T09:12:31+00:00,UNALLOCATED,,,,,
SLCMP2607-1573,1573,1573,794079751,2^794079751-1,STRUCTURAL_SCREEN_EXHAUSTED_PRIMALITY_UNASSIGNED,GF3A_DIRECTIONAL_WRITE_EXHAUSTED_PRIMALITY_UNASSIGNED,514,512,512,NO_RECORDED_FACTOR_PRP_OR_LL_RESULT_AND_NO_ACTIVE_GIMPS_ASSIGNMENT,2026-08-09T09:12:31+00:00,UNALLOCATED,,,,,
SLCMP2607-1574,1574,1574,794079821,2^794079821-1,STRUCTURAL_SCREEN_EXHAUSTED_PRIMALITY_UNASSIGNED,GF3A_DIRECTIONAL_WRITE_EXHAUSTED_PRIMALITY_UNASSIGNED,513,512,512,NO_RECORDED_FACTOR_PRP_OR_LL_RESULT_AND_NO_ACTIVE_GIMPS_ASSIGNMENT,2026-08-09T09:12:31+00:00,UNALLOCATED,,,,,
SLCMP2607-1575,1575,1575,794079893,2^794079893-1,STRUCTURAL_SCREEN_EXHAUSTED_PRIMALITY_UNASSIGNED,GF3A_DIRECTIONAL_WRITE_EXHAUSTED_PRIMALITY_UNASSIGNED,513,512,512,NO_RECORDED_FACTOR_PRP_OR_LL_RESULT_AND_NO_ACTIVE_GIMPS_ASSIGNMENT,2026-08-09T09:12:31+00:00,UNALLOCATED,,,,,
SLCMP2607-1576,1576,1576,794079919,2^794079919-1,STRUCTURAL_SCREEN_EXHAUSTED_PRIMALITY_UNASSIGNED,GF3A_DIRECTIONAL_WRITE_EXHAUSTED_PRIMALITY_UNASSIGNED,514,512,512,NO_RECORDED_FACTOR_PRP_OR_LL_RESULT_AND_NO_ACTIVE_GIMPS_ASSIGNMENT,2026-08-09T09:12:31+00:00,UNALLOCATED,,,,,
SLCMP2607-1577,1577,1577,794079947,2^794079947-1,STRUCTURAL_SCREEN_EXHAUSTED_PRIMALITY_UNASSIGNED,GF3A_DIRECTIONAL_WRITE_EXHAUSTED_PRIMALITY_UNASSIGNED,514,512,512,NO_RECORDED_FACTOR_PRP_OR_LL_RESULT_AND_NO_ACTIVE_GIMPS_ASSIGNMENT,2026-08-09T09:12:31+00:00,UNALLOCATED,,,,,
SLCMP2607-1578,1578,1578,794079961,2^794079961-1,STRUCTURAL_SCREEN_EXHAUSTED_PRIMALITY_UNASSIGNED,GF3A_DIRECTIONAL_WRITE_EXHAUSTED_PRIMALITY_UNASSIGNED,513,512,512,NO_RECORDED_FACTOR_PRP_OR_LL_RESULT_AND_NO_ACTIVE_GIMPS_ASSIGNMENT,2026-08-09T09:12:31+00:00,UNALLOCATED,,,,,
SLCMP2607-1579,1579,1579,794080009,2^794080009-1,STRUCTURAL_SCREEN_EXHAUSTED_PRIMALITY_UNASSIGNED,GF3A_DIRECTIONAL_WRITE_EXHAUSTED_PRIMALITY_UNASSIGNED,513,512,512,NO_RECORDED_FACTOR_PRP_OR_LL_RESULT_AND_NO_ACTIVE_GIMPS_ASSIGNMENT,2026-08-09T09:12:31+00:00,UNALLOCATED,,,,,
SLCMP2607-1580,1580,1580,794080109,2^794080109-1,STRUCTURAL_SCREEN_EXHAUSTED_PRIMALITY_UNASSIGNED,GF3A_DIRECTIONAL_WRITE_EXHAUSTED_PRIMALITY_UNASSIGNED,513,512,512,NO_RECORDED_FACTOR_PRP_OR_LL_RESULT_AND_NO_ACTIVE_GIMPS_ASSIGNMENT,2026-08-09T09:12:31+00:00,UNALLOCATED,,,,,
SLCMP2607-1581,1581,1581,794080141,2^794080141-1,STRUCTURAL_SCREEN_EXHAUSTED_PRIMALITY_UNASSIGNED,GF3A_DIRECTIONAL_WRITE_EXHAUSTED_PRIMALITY_UNASSIGNED,513,512,512,NO_RECORDED_FACTOR_PRP_OR_LL_RESULT_AND_NO_ACTIVE_GIMPS_ASSIGNMENT,2026-08-09T09:12:31+00:00,UNALLOCATED,,,,,
SLCMP2607-1582,1582,1582,794080193,2^794080193-1,STRUCTURAL_SCREEN_EXHAUSTED_PRIMALITY_UNASSIGNED,GF3A_DIRECTIONAL_WRITE_EXHAUSTED_PRIMALITY_UNASSIGNED,513,512,512,NO_RECORDED_FACTOR_PRP_OR_LL_RESULT_AND_NO_ACTIVE_GIMPS_ASSIGNMENT,2026-08-09T09:12:31+00:00,UNALLOCATED,,,,,
SLCMP2607-1583,1583,1583,794080223,2^794080223-1,STRUCTURAL_SCREEN_EXHAUSTED_PRIMALITY_UNASSIGNED,GF3A_DIRECTIONAL_WRITE_EXHAUSTED_PRIMALITY_UNASSIGNED,514,512,512,NO_RECORDED_FACTOR_PRP_OR_LL_RESULT_AND_NO_ACTIVE_GIMPS_ASSIGNMENT,2026-08-09T09:12:31+00:00,UNALLOCATED,,,,,
SLCMP2607-1584,1584,1584,794080237,2^794080237-1,STRUCTURAL_SCREEN_EXHAUSTED_PRIMALITY_UNASSIGNED,GF3A_DIRECTIONAL_WRITE_EXHAUSTED_PRIMALITY_UNASSIGNED,513,512,512,NO_RECORDED_FACTOR_PRP_OR_LL_RESULT_AND_NO_ACTIVE_GIMPS_ASSIGNMENT,2026-08-09T09:12:31+00:00,UNALLOCATED,,,,,
SLCMP2607-1585,1585,1585,794080289,2^794080289-1,STRUCTURAL_SCREEN_EXHAUSTED_PRIMALITY_UNASSIGNED,GF3A_DIRECTIONAL_WRITE_EXHAUSTED_PRIMALITY_UNASSIGNED,513,512,512,NO_RECORDED_FACTOR_PRP_OR_LL_RESULT_AND_NO_ACTIVE_GIMPS_ASSIGNMENT,2026-08-09T09:12:31+00:00,UNALLOCATED,,,,,
SLCMP2607-1586,1586,1586,794080379,2^794080379-1,STRUCTURAL_SCREEN_EXHAUSTED_PRIMALITY_UNASSIGNED,GF3A_DIRECTIONAL_WRITE_EXHAUSTED_PRIMALITY_UNASSIGNED,514,512,512,NO_RECORDED_FACTOR_PRP_OR_LL_RESULT_AND_NO_ACTIVE_GIMPS_ASSIGNMENT,2026-08-09T09:12:31+00:00,UNALLOCATED,,,,,
SLCMP2607-1587,1587,1587,794080423,2^794080423-1,STRUCTURAL_SCREEN_EXHAUSTED_PRIMALITY_UNASSIGNED,GF3A_DIRECTIONAL_WRITE_EXHAUSTED_PRIMALITY_UNASSIGNED,514,512,512,NO_RECORDED_FACTOR_PRP_OR_LL_RESULT_AND_NO_ACTIVE_GIMPS_ASSIGNMENT,2026-08-09T09:12:31+00:00,UNALLOCATED,,,,,
SLCMP2607-1588,1588,1588,794080439,2^794080439-1,STRUCTURAL_SCREEN_EXHAUSTED_PRIMALITY_UNASSIGNED,GF3A_DIRECTIONAL_WRITE_EXHAUSTED_PRIMALITY_UNASSIGNED,514,512,512,NO_RECORDED_FACTOR_PRP_OR_LL_RESULT_AND_NO_ACTIVE_GIMPS_ASSIGNMENT,2026-08-09T09:12:31+00:00,UNALLOCATED,,,,,
SLCMP2607-1589,1589,1589,794080487,2^794080487-1,STRUCTURAL_SCREEN_EXHAUSTED_PRIMALITY_UNASSIGNED,GF3A_DIRECTIONAL_WRITE_EXHAUSTED_PRIMALITY_UNASSIGNED,514,512,512,NO_RECORDED_FACTOR_PRP_OR_LL_RESULT_AND_NO_ACTIVE_GIMPS_ASSIGNMENT,2026-08-09T09:12:31+00:00,UNALLOCATED,,,,,
SLCMP2607-1590,1590,1590,794080537,2^794080537-1,STRUCTURAL_SCREEN_EXHAUSTED_PRIMALITY_UNASSIGNED,GF3A_DIRECTIONAL_WRITE_EXHAUSTED_PRIMALITY_UNASSIGNED,513,512,512,NO_RECORDED_FACTOR_PRP_OR_LL_RESULT_AND_NO_ACTIVE_GIMPS_ASSIGNMENT,2026-08-09T09:12:31+00:00,UNALLOCATED,,,,,
SLCMP2607-1591,1591,1591,794080549,2^794080549-1,STRUCTURAL_SCREEN_EXHAUSTED_PRIMALITY_UNASSIGNED,GF3A_DIRECTIONAL_WRITE_EXHAUSTED_PRIMALITY_UNASSIGNED,513,512,512,NO_RECORDED_FACTOR_PRP_OR_LL_RESULT_AND_NO_ACTIVE_GIMPS_ASSIGNMENT,2026-08-09T09:12:31+00:00,UNALLOCATED,,,,,
SLCMP2607-1592,1592,1592,794080577,2^794080577-1,STRUCTURAL_SCREEN_EXHAUSTED_PRIMALITY_UNASSIGNED,GF3A_DIRECTIONAL_WRITE_EXHAUSTED_PRIMALITY_UNASSIGNED,513,512,512,NO_RECORDED_FACTOR_PRP_OR_LL_RESULT_AND_NO_ACTIVE_GIMPS_ASSIGNMENT,2026-08-09T09:12:31+00:00,UNALLOCATED,,,,,
SLCMP2607-1593,1593,1593,794080621,2^794080621-1,STRUCTURAL_SCREEN_EXHAUSTED_PRIMALITY_UNASSIGNED,GF3A_DIRECTIONAL_WRITE_EXHAUSTED_PRIMALITY_UNASSIGNED,513,512,512,NO_RECORDED_FACTOR_PRP_OR_LL_RESULT_AND_NO_ACTIVE_GIMPS_ASSIGNMENT,2026-08-09T09:12:31+00:00,UNALLOCATED,,,,,
SLCMP2607-1594,1594,1594,794080649,2^794080649-1,STRUCTURAL_SCREEN_EXHAUSTED_PRIMALITY_UNASSIGNED,GF3A_DIRECTIONAL_WRITE_EXHAUSTED_PRIMALITY_UNASSIGNED,513,512,512,NO_RECORDED_FACTOR_PRP_OR_LL_RESULT_AND_NO_ACTIVE_GIMPS_ASSIGNMENT,2026-08-09T09:12:31+00:00,UNALLOCATED,,,,,
SLCMP2607-1595,1595,1595,794080691,2^794080691-1,STRUCTURAL_SCREEN_EXHAUSTED_PRIMALITY_UNASSIGNED,GF3A_DIRECTIONAL_WRITE_EXHAUSTED_PRIMALITY_UNASSIGNED,514,512,512,NO_RECORDED_FACTOR_PRP_OR_LL_RESULT_AND_NO_ACTIVE_GIMPS_ASSIGNMENT,2026-08-09T09:12:31+00:00,UNALLOCATED,,,,,
SLCMP2607-1596,1596,1596,794080739,2^794080739-1,STRUCTURAL_SCREEN_EXHAUSTED_PRIMALITY_UNASSIGNED,GF3A_DIRECTIONAL_WRITE_EXHAUSTED_PRIMALITY_UNASSIGNED,514,512,512,NO_RECORDED_FACTOR_PRP_OR_LL_RESULT_AND_NO_ACTIVE_GIMPS_ASSIGNMENT,2026-08-09T09:12:31+00:00,UNALLOCATED,,,,,
SLCMP2607-1597,1597,1597,794080757,2^794080757-1,STRUCTURAL_SCREEN_EXHAUSTED_PRIMALITY_UNASSIGNED,GF3A_DIRECTIONAL_WRITE_EXHAUSTED_PRIMALITY_UNASSIGNED,513,512,512,NO_RECORDED_FACTOR_PRP_OR_LL_RESULT_AND_NO_ACTIVE_GIMPS_ASSIGNMENT,2026-08-09T09:12:31+00:00,UNALLOCATED,,,,,
SLCMP2607-1598,1598,1598,794080921,2^794080921-1,STRUCTURAL_SCREEN_EXHAUSTED_PRIMALITY_UNASSIGNED,GF3A_DIRECTIONAL_WRITE_EXHAUSTED_PRIMALITY_UNASSIGNED,513,512,512,NO_RECORDED_FACTOR_PRP_OR_LL_RESULT_AND_NO_ACTIVE_GIMPS_ASSIGNMENT,2026-08-09T09:12:31+00:00,UNALLOCATED,,,,,
SLCMP2607-1599,1599,1599,794080951,2^794080951-1,STRUCTURAL_SCREEN_EXHAUSTED_PRIMALITY_UNASSIGNED,GF3A_DIRECTIONAL_WRITE_EXHAUSTED_PRIMALITY_UNASSIGNED,514,512,512,NO_RECORDED_FACTOR_PRP_OR_LL_RESULT_AND_NO_ACTIVE_GIMPS_ASSIGNMENT,2026-08-09T09:12:31+00:00,UNALLOCATED,,,,,
SLCMP2607-1600,1600,1600,794081011,2^794081011-1,STRUCTURAL_SCREEN_EXHAUSTED_PRIMALITY_UNASSIGNED,GF3A_DIRECTIONAL_WRITE_EXHAUSTED_PRIMALITY_UNASSIGNED,514,512,512,NO_RECORDED_FACTOR_PRP_OR_LL_RESULT_AND_NO_ACTIVE_GIMPS_ASSIGNMENT,2026-08-09T09:12:31+00:00,UNALLOCATED,,,,,
SLCMP2607-1601,1601,1601,794081039,2^794081039-1,STRUCTURAL_SCREEN_EXHAUSTED_PRIMALITY_UNASSIGNED,GF3A_DIRECTIONAL_WRITE_EXHAUSTED_PRIMALITY_UNASSIGNED,514,512,512,NO_RECORDED_FACTOR_PRP_OR_LL_RESULT_AND_NO_ACTIVE_GIMPS_ASSIGNMENT,2026-08-09T09:12:31+00:00,UNALLOCATED,,,,,
SLCMP2607-1602,1602,1602,794081143,2^794081143-1,STRUCTURAL_SCREEN_EXHAUSTED_PRIMALITY_UNASSIGNED,GF3A_DIRECTIONAL_WRITE_EXHAUSTED_PRIMALITY_UNASSIGNED,514,512,512,NO_RECORDED_FACTOR_PRP_OR_LL_RESULT_AND_NO_ACTIVE_GIMPS_ASSIGNMENT,2026-08-09T09:12:31+00:00,UNALLOCATED,,,,,
SLCMP2607-1603,1603,1603,794081147,2^794081147-1,STRUCTURAL_SCREEN_EXHAUSTED_PRIMALITY_UNASSIGNED,GF3A_DIRECTIONAL_WRITE_EXHAUSTED_PRIMALITY_UNASSIGNED,514,512,512,NO_RECORDED_FACTOR_PRP_OR_LL_RESULT_AND_NO_ACTIVE_GIMPS_ASSIGNMENT,2026-08-09T09:12:31+00:00,UNALLOCATED,,,,,
SLCMP2607-1604,1604,1604,794081149,2^794081149-1,STRUCTURAL_SCREEN_EXHAUSTED_PRIMALITY_UNASSIGNED,GF3A_DIRECTIONAL_WRITE_EXHAUSTED_PRIMALITY_UNASSIGNED,513,512,512,NO_RECORDED_FACTOR_PRP_OR_LL_RESULT_AND_NO_ACTIVE_GIMPS_ASSIGNMENT,2026-08-09T09:12:31+00:00,UNALLOCATED,,,,,
SLCMP2607-1605,1605,1605,794081261,2^794081261-1,STRUCTURAL_SCREEN_EXHAUSTED_PRIMALITY_UNASSIGNED,GF3A_DIRECTIONAL_WRITE_EXHAUSTED_PRIMALITY_UNASSIGNED,513,512,512,NO_RECORDED_FACTOR_PRP_OR_LL_RESULT_AND_NO_ACTIVE_GIMPS_ASSIGNMENT,2026-08-09T09:12:31+00:00,UNALLOCATED,,,,,
SLCMP2607-1606,1606,1606,794081293,2^794081293-1,STRUCTURAL_SCREEN_EXHAUSTED_PRIMALITY_UNASSIGNED,GF3A_DIRECTIONAL_WRITE_EXHAUSTED_PRIMALITY_UNASSIGNED,513,512,512,NO_RECORDED_FACTOR_PRP_OR_LL_RESULT_AND_NO_ACTIVE_GIMPS_ASSIGNMENT,2026-08-09T09:12:31+00:00,UNALLOCATED,,,,,
SLCMP2607-1607,1607,1607,794081297,2^794081297-1,STRUCTURAL_SCREEN_EXHAUSTED_PRIMALITY_UNASSIGNED,GF3A_DIRECTIONAL_WRITE_EXHAUSTED_PRIMALITY_UNASSIGNED,513,512,512,NO_RECORDED_FACTOR_PRP_OR_LL_RESULT_AND_NO_ACTIVE_GIMPS_ASSIGNMENT,2026-08-09T09:12:31+00:00,UNALLOCATED,,,,,
SLCMP2607-1608,1608,1608,794081311,2^794081311-1,STRUCTURAL_SCREEN_EXHAUSTED_PRIMALITY_UNASSIGNED,GF3A_DIRECTIONAL_WRITE_EXHAUSTED_PRIMALITY_UNASSIGNED,514,512,512,NO_RECORDED_FACTOR_PRP_OR_LL_RESULT_AND_NO_ACTIVE_GIMPS_ASSIGNMENT,2026-08-09T09:12:31+00:00,UNALLOCATED,,,,,
SLCMP2607-1609,1609,1609,794081329,2^794081329-1,STRUCTURAL_SCREEN_EXHAUSTED_PRIMALITY_UNASSIGNED,GF3A_DIRECTIONAL_WRITE_EXHAUSTED_PRIMALITY_UNASSIGNED,513,512,512,NO_RECORDED_FACTOR_PRP_OR_LL_RESULT_AND_NO_ACTIVE_GIMPS_ASSIGNMENT,2026-08-09T09:12:31+00:00,UNALLOCATED,,,,,
SLCMP2607-1610,1610,1610,794081341,2^794081341-1,STRUCTURAL_SCREEN_EXHAUSTED_PRIMALITY_UNASSIGNED,GF3A_DIRECTIONAL_WRITE_EXHAUSTED_PRIMALITY_UNASSIGNED,513,512,512,NO_RECORDED_FACTOR_PRP_OR_LL_RESULT_AND_NO_ACTIVE_GIMPS_ASSIGNMENT,2026-08-09T09:12:31+00:00,UNALLOCATED,,,,,
SLCMP2607-1611,1611,1611,794081599,2^794081599-1,STRUCTURAL_SCREEN_EXHAUSTED_PRIMALITY_UNASSIGNED,GF3A_DIRECTIONAL_WRITE_EXHAUSTED_PRIMALITY_UNASSIGNED,514,512,512,NO_RECORDED_FACTOR_PRP_OR_LL_RESULT_AND_NO_ACTIVE_GIMPS_ASSIGNMENT,2026-08-09T09:12:31+00:00,UNALLOCATED,,,,,
SLCMP2607-1612,1612,1612,794081609,2^794081609-1,STRUCTURAL_SCREEN_EXHAUSTED_PRIMALITY_UNASSIGNED,GF3A_DIRECTIONAL_WRITE_EXHAUSTED_PRIMALITY_UNASSIGNED,513,512,512,NO_RECORDED_FACTOR_PRP_OR_LL_RESULT_AND_NO_ACTIVE_GIMPS_ASSIGNMENT,2026-08-09T09:12:31+00:00,UNALLOCATED,,,,,
SLCMP2607-1613,1613,1613,794081621,2^794081621-1,STRUCTURAL_SCREEN_EXHAUSTED_PRIMALITY_UNASSIGNED,GF3A_DIRECTIONAL_WRITE_EXHAUSTED_PRIMALITY_UNASSIGNED,513,512,512,NO_RECORDED_FACTOR_PRP_OR_LL_RESULT_AND_NO_ACTIVE_GIMPS_ASSIGNMENT,2026-08-09T09:12:31+00:00,UNALLOCATED,,,,,
SLCMP2607-1614,1614,1614,794081653,2^794081653-1,STRUCTURAL_SCREEN_EXHAUSTED_PRIMALITY_UNASSIGNED,GF3A_DIRECTIONAL_WRITE_EXHAUSTED_PRIMALITY_UNASSIGNED,513,512,512,NO_RECORDED_FACTOR_PRP_OR_LL_RESULT_AND_NO_ACTIVE_GIMPS_ASSIGNMENT,2026-08-09T09:12:31+00:00,UNALLOCATED,,,,,
SLCMP2607-1615,1615,1615,794081671,2^794081671-1,STRUCTURAL_SCREEN_EXHAUSTED_PRIMALITY_UNASSIGNED,GF3A_DIRECTIONAL_WRITE_EXHAUSTED_PRIMALITY_UNASSIGNED,514,512,512,NO_RECORDED_FACTOR_PRP_OR_LL_RESULT_AND_NO_ACTIVE_GIMPS_ASSIGNMENT,2026-08-09T09:12:31+00:00,UNALLOCATED,,,,,
SLCMP2607-1616,1616,1616,794081699,2^794081699-1,STRUCTURAL_SCREEN_EXHAUSTED_PRIMALITY_UNASSIGNED,GF3A_DIRECTIONAL_WRITE_EXHAUSTED_PRIMALITY_UNASSIGNED,514,512,512,NO_RECORDED_FACTOR_PRP_OR_LL_RESULT_AND_NO_ACTIVE_GIMPS_ASSIGNMENT,2026-08-09T09:12:31+00:00,UNALLOCATED,,,,,
SLCMP2607-1617,1617,1617,794081707,2^794081707-1,STRUCTURAL_SCREEN_EXHAUSTED_PRIMALITY_UNASSIGNED,GF3A_DIRECTIONAL_WRITE_EXHAUSTED_PRIMALITY_UNASSIGNED,514,512,512,NO_RECORDED_FACTOR_PRP_OR_LL_RESULT_AND_NO_ACTIVE_GIMPS_ASSIGNMENT,2026-08-09T09:12:31+00:00,UNALLOCATED,,,,,
SLCMP2607-1618,1618,1618,794081711,2^794081711-1,STRUCTURAL_SCREEN_EXHAUSTED_PRIMALITY_UNASSIGNED,GF3A_DIRECTIONAL_WRITE_EXHAUSTED_PRIMALITY_UNASSIGNED,514,512,512,NO_RECORDED_FACTOR_PRP_OR_LL_RESULT_AND_NO_ACTIVE_GIMPS_ASSIGNMENT,2026-08-09T09:12:31+00:00,UNALLOCATED,,,,,
SLCMP2607-1619,1619,1619,794081807,2^794081807-1,STRUCTURAL_SCREEN_EXHAUSTED_PRIMALITY_UNASSIGNED,GF3A_DIRECTIONAL_WRITE_EXHAUSTED_PRIMALITY_UNASSIGNED,514,512,512,NO_RECORDED_FACTOR_PRP_OR_LL_RESULT_AND_NO_ACTIVE_GIMPS_ASSIGNMENT,2026-08-09T09:12:31+00:00,UNALLOCATED,,,,,
SLCMP2607-1620,1620,1620,794081819,2^794081819-1,STRUCTURAL_SCREEN_EXHAUSTED_PRIMALITY_UNASSIGNED,GF3A_DIRECTIONAL_WRITE_EXHAUSTED_PRIMALITY_UNASSIGNED,514,512,512,NO_RECORDED_FACTOR_PRP_OR_LL_RESULT_AND_NO_ACTIVE_GIMPS_ASSIGNMENT,2026-08-09T09:12:31+00:00,UNALLOCATED,,,,,
SLCMP2607-1621,1621,1621,794081983,2^794081983-1,STRUCTURAL_SCREEN_EXHAUSTED_PRIMALITY_UNASSIGNED,GF3A_DIRECTIONAL_WRITE_EXHAUSTED_PRIMALITY_UNASSIGNED,514,512,512,NO_RECORDED_FACTOR_PRP_OR_LL_RESULT_AND_NO_ACTIVE_GIMPS_ASSIGNMENT,2026-08-09T09:12:31+00:00,UNALLOCATED,,,,,
SLCMP2607-1622,1622,1622,794082007,2^794082007-1,STRUCTURAL_SCREEN_EXHAUSTED_PRIMALITY_UNASSIGNED,GF3A_DIRECTIONAL_WRITE_EXHAUSTED_PRIMALITY_UNASSIGNED,514,512,512,NO_RECORDED_FACTOR_PRP_OR_LL_RESULT_AND_NO_ACTIVE_GIMPS_ASSIGNMENT,2026-08-09T09:12:31+00:00,UNALLOCATED,,,,,
SLCMP2607-1623,1623,1623,794082043,2^794082043-1,STRUCTURAL_SCREEN_EXHAUSTED_PRIMALITY_UNASSIGNED,GF3A_DIRECTIONAL_WRITE_EXHAUSTED_PRIMALITY_UNASSIGNED,514,512,512,NO_RECORDED_FACTOR_PRP_OR_LL_RESULT_AND_NO_ACTIVE_GIMPS_ASSIGNMENT,2026-08-09T09:12:31+00:00,UNALLOCATED,,,,,
SLCMP2607-1624,1624,1624,794082073,2^794082073-1,STRUCTURAL_SCREEN_EXHAUSTED_PRIMALITY_UNASSIGNED,GF3A_DIRECTIONAL_WRITE_EXHAUSTED_PRIMALITY_UNASSIGNED,513,512,512,NO_RECORDED_FACTOR_PRP_OR_LL_RESULT_AND_NO_ACTIVE_GIMPS_ASSIGNMENT,2026-08-09T09:12:31+00:00,UNALLOCATED,,,,,
SLCMP2607-1625,1625,1625,794082097,2^794082097-1,STRUCTURAL_SCREEN_EXHAUSTED_PRIMALITY_UNASSIGNED,GF3A_DIRECTIONAL_WRITE_EXHAUSTED_PRIMALITY_UNASSIGNED,513,512,512,NO_RECORDED_FACTOR_PRP_OR_LL_RESULT_AND_NO_ACTIVE_GIMPS_ASSIGNMENT,2026-08-09T09:12:31+00:00,UNALLOCATED,,,,,
SLCMP2607-1626,1626,1626,794082131,2^794082131-1,STRUCTURAL_SCREEN_EXHAUSTED_PRIMALITY_UNASSIGNED,GF3A_DIRECTIONAL_WRITE_EXHAUSTED_PRIMALITY_UNASSIGNED,514,512,512,NO_RECORDED_FACTOR_PRP_OR_LL_RESULT_AND_NO_ACTIVE_GIMPS_ASSIGNMENT,2026-08-09T09:12:31+00:00,UNALLOCATED,,,,,
SLCMP2607-1627,1627,1627,794082139,2^794082139-1,STRUCTURAL_SCREEN_EXHAUSTED_PRIMALITY_UNASSIGNED,GF3A_DIRECTIONAL_WRITE_EXHAUSTED_PRIMALITY_UNASSIGNED,514,512,512,NO_RECORDED_FACTOR_PRP_OR_LL_RESULT_AND_NO_ACTIVE_GIMPS_ASSIGNMENT,2026-08-09T09:12:31+00:00,UNALLOCATED,,,,,
SLCMP2607-1628,1628,1628,794082151,2^794082151-1,STRUCTURAL_SCREEN_EXHAUSTED_PRIMALITY_UNASSIGNED,GF3A_DIRECTIONAL_WRITE_EXHAUSTED_PRIMALITY_UNASSIGNED,514,512,512,NO_RECORDED_FACTOR_PRP_OR_LL_RESULT_AND_NO_ACTIVE_GIMPS_ASSIGNMENT,2026-08-09T09:12:31+00:00,UNALLOCATED,,,,,
SLCMP2607-1629,1629,1629,794082251,2^794082251-1,STRUCTURAL_SCREEN_EXHAUSTED_PRIMALITY_UNASSIGNED,GF3A_DIRECTIONAL_WRITE_EXHAUSTED_PRIMALITY_UNASSIGNED,514,512,512,NO_RECORDED_FACTOR_PRP_OR_LL_RESULT_AND_NO_ACTIVE_GIMPS_ASSIGNMENT,2026-08-09T09:12:31+00:00,UNALLOCATED,,,,,
SLCMP2607-1630,1630,1630,794082269,2^794082269-1,STRUCTURAL_SCREEN_EXHAUSTED_PRIMALITY_UNASSIGNED,GF3A_DIRECTIONAL_WRITE_EXHAUSTED_PRIMALITY_UNASSIGNED,513,512,512,NO_RECORDED_FACTOR_PRP_OR_LL_RESULT_AND_NO_ACTIVE_GIMPS_ASSIGNMENT,2026-08-09T09:12:31+00:00,UNALLOCATED,,,,,
SLCMP2607-1631,1631,1631,794082313,2^794082313-1,STRUCTURAL_SCREEN_EXHAUSTED_PRIMALITY_UNASSIGNED,GF3A_DIRECTIONAL_WRITE_EXHAUSTED_PRIMALITY_UNASSIGNED,513,512,512,NO_RECORDED_FACTOR_PRP_OR_LL_RESULT_AND_NO_ACTIVE_GIMPS_ASSIGNMENT,2026-08-09T09:12:31+00:00,UNALLOCATED,,,,,
SLCMP2607-1632,1632,1632,794082361,2^794082361-1,STRUCTURAL_SCREEN_EXHAUSTED_PRIMALITY_UNASSIGNED,GF3A_DIRECTIONAL_WRITE_EXHAUSTED_PRIMALITY_UNASSIGNED,513,512,512,NO_RECORDED_FACTOR_PRP_OR_LL_RESULT_AND_NO_ACTIVE_GIMPS_ASSIGNMENT,2026-08-09T09:12:31+00:00,UNALLOCATED,,,,,
SLCMP2607-1633,1633,1633,794082451,2^794082451-1,STRUCTURAL_SCREEN_EXHAUSTED_PRIMALITY_UNASSIGNED,GF3A_DIRECTIONAL_WRITE_EXHAUSTED_PRIMALITY_UNASSIGNED,514,512,512,NO_RECORDED_FACTOR_PRP_OR_LL_RESULT_AND_NO_ACTIVE_GIMPS_ASSIGNMENT,2026-08-09T09:12:31+00:00,UNALLOCATED,,,,,
SLCMP2607-1634,1634,1634,794082463,2^794082463-1,STRUCTURAL_SCREEN_EXHAUSTED_PRIMALITY_UNASSIGNED,GF3A_DIRECTIONAL_WRITE_EXHAUSTED_PRIMALITY_UNASSIGNED,514,512,512,NO_RECORDED_FACTOR_PRP_OR_LL_RESULT_AND_NO_ACTIVE_GIMPS_ASSIGNMENT,2026-08-09T09:12:31+00:00,UNALLOCATED,,,,,
SLCMP2607-1635,1635,1635,794082587,2^794082587-1,STRUCTURAL_SCREEN_EXHAUSTED_PRIMALITY_UNASSIGNED,GF3A_DIRECTIONAL_WRITE_EXHAUSTED_PRIMALITY_UNASSIGNED,514,512,512,NO_RECORDED_FACTOR_PRP_OR_LL_RESULT_AND_NO_ACTIVE_GIMPS_ASSIGNMENT,2026-08-09T09:12:31+00:00,UNALLOCATED,,,,,
SLCMP2607-1636,1636,1636,794082749,2^794082749-1,STRUCTURAL_SCREEN_EXHAUSTED_PRIMALITY_UNASSIGNED,GF3A_DIRECTIONAL_WRITE_EXHAUSTED_PRIMALITY_UNASSIGNED,513,512,512,NO_RECORDED_FACTOR_PRP_OR_LL_RESULT_AND_NO_ACTIVE_GIMPS_ASSIGNMENT,2026-08-09T09:12:31+00:00,UNALLOCATED,,,,,
SLCMP2607-1637,1637,1637,794082851,2^794082851-1,STRUCTURAL_SCREEN_EXHAUSTED_PRIMALITY_UNASSIGNED,GF3A_DIRECTIONAL_WRITE_EXHAUSTED_PRIMALITY_UNASSIGNED,514,512,512,NO_RECORDED_FACTOR_PRP_OR_LL_RESULT_AND_NO_ACTIVE_GIMPS_ASSIGNMENT,2026-08-09T09:12:31+00:00,UNALLOCATED,,,,,
SLCMP2607-1638,1638,1638,794082881,2^794082881-1,STRUCTURAL_SCREEN_EXHAUSTED_PRIMALITY_UNASSIGNED,GF3A_DIRECTIONAL_WRITE_EXHAUSTED_PRIMALITY_UNASSIGNED,513,512,512,NO_RECORDED_FACTOR_PRP_OR_LL_RESULT_AND_NO_ACTIVE_GIMPS_ASSIGNMENT,2026-08-09T09:12:31+00:00,UNALLOCATED,,,,,
SLCMP2607-1639,1639,1639,794082911,2^794082911-1,STRUCTURAL_SCREEN_EXHAUSTED_PRIMALITY_UNASSIGNED,GF3A_DIRECTIONAL_WRITE_EXHAUSTED_PRIMALITY_UNASSIGNED,514,512,512,NO_RECORDED_FACTOR_PRP_OR_LL_RESULT_AND_NO_ACTIVE_GIMPS_ASSIGNMENT,2026-08-09T09:12:31+00:00,UNALLOCATED,,,,,
SLCMP2607-1640,1640,1640,794082923,2^794082923-1,STRUCTURAL_SCREEN_EXHAUSTED_PRIMALITY_UNASSIGNED,GF3A_DIRECTIONAL_WRITE_EXHAUSTED_PRIMALITY_UNASSIGNED,514,512,512,NO_RECORDED_FACTOR_PRP_OR_LL_RESULT_AND_NO_ACTIVE_GIMPS_ASSIGNMENT,2026-08-09T09:12:31+00:00,UNALLOCATED,,,,,
SLCMP2607-1641,1641,1641,794082967,2^794082967-1,STRUCTURAL_SCREEN_EXHAUSTED_PRIMALITY_UNASSIGNED,GF3A_DIRECTIONAL_WRITE_EXHAUSTED_PRIMALITY_UNASSIGNED,514,512,512,NO_RECORDED_FACTOR_PRP_OR_LL_RESULT_AND_NO_ACTIVE_GIMPS_ASSIGNMENT,2026-08-09T09:12:31+00:00,UNALLOCATED,,,,,
SLCMP2607-1642,1642,1642,794083063,2^794083063-1,STRUCTURAL_SCREEN_EXHAUSTED_PRIMALITY_UNASSIGNED,GF3A_DIRECTIONAL_WRITE_EXHAUSTED_PRIMALITY_UNASSIGNED,514,512,512,NO_RECORDED_FACTOR_PRP_OR_LL_RESULT_AND_NO_ACTIVE_GIMPS_ASSIGNMENT,2026-08-09T09:12:31+00:00,UNALLOCATED,,,,,
SLCMP2607-1643,1643,1643,794083079,2^794083079-1,STRUCTURAL_SCREEN_EXHAUSTED_PRIMALITY_UNASSIGNED,GF3A_DIRECTIONAL_WRITE_EXHAUSTED_PRIMALITY_UNASSIGNED,514,512,512,NO_RECORDED_FACTOR_PRP_OR_LL_RESULT_AND_NO_ACTIVE_GIMPS_ASSIGNMENT,2026-08-09T09:12:31+00:00,UNALLOCATED,,,,,
SLCMP2607-1644,1644,1644,794083111,2^794083111-1,STRUCTURAL_SCREEN_EXHAUSTED_PRIMALITY_UNASSIGNED,GF3A_DIRECTIONAL_WRITE_EXHAUSTED_PRIMALITY_UNASSIGNED,514,512,512,NO_RECORDED_FACTOR_PRP_OR_LL_RESULT_AND_NO_ACTIVE_GIMPS_ASSIGNMENT,2026-08-09T09:12:31+00:00,UNALLOCATED,,,,,
SLCMP2607-1645,1645,1645,794083217,2^794083217-1,STRUCTURAL_SCREEN_EXHAUSTED_PRIMALITY_UNASSIGNED,GF3A_DIRECTIONAL_WRITE_EXHAUSTED_PRIMALITY_UNASSIGNED,513,512,512,NO_RECORDED_FACTOR_PRP_OR_LL_RESULT_AND_NO_ACTIVE_GIMPS_ASSIGNMENT,2026-08-09T09:12:31+00:00,UNALLOCATED,,,,,
SLCMP2607-1646,1646,1646,794083247,2^794083247-1,STRUCTURAL_SCREEN_EXHAUSTED_PRIMALITY_UNASSIGNED,GF3A_DIRECTIONAL_WRITE_EXHAUSTED_PRIMALITY_UNASSIGNED,514,512,512,NO_RECORDED_FACTOR_PRP_OR_LL_RESULT_AND_NO_ACTIVE_GIMPS_ASSIGNMENT,2026-08-09T09:12:31+00:00,UNALLOCATED,,,,,
SLCMP2607-1647,1647,1647,794083289,2^794083289-1,STRUCTURAL_SCREEN_EXHAUSTED_PRIMALITY_UNASSIGNED,GF3A_DIRECTIONAL_WRITE_EXHAUSTED_PRIMALITY_UNASSIGNED,513,512,512,NO_RECORDED_FACTOR_PRP_OR_LL_RESULT_AND_NO_ACTIVE_GIMPS_ASSIGNMENT,2026-08-09T09:12:31+00:00,UNALLOCATED,,,,,
SLCMP2607-1648,1648,1648,794083291,2^794083291-1,STRUCTURAL_SCREEN_EXHAUSTED_PRIMALITY_UNASSIGNED,GF3A_DIRECTIONAL_WRITE_EXHAUSTED_PRIMALITY_UNASSIGNED,514,512,512,NO_RECORDED_FACTOR_PRP_OR_LL_RESULT_AND_NO_ACTIVE_GIMPS_ASSIGNMENT,2026-08-09T09:12:31+00:00,UNALLOCATED,,,,,
SLCMP2607-1649,1649,1649,794083361,2^794083361-1,STRUCTURAL_SCREEN_EXHAUSTED_PRIMALITY_UNASSIGNED,GF3A_DIRECTIONAL_WRITE_EXHAUSTED_PRIMALITY_UNASSIGNED,513,512,512,NO_RECORDED_FACTOR_PRP_OR_LL_RESULT_AND_NO_ACTIVE_GIMPS_ASSIGNMENT,2026-08-09T09:12:31+00:00,UNALLOCATED,,,,,
SLCMP2607-1650,1650,1650,794083363,2^794083363-1,STRUCTURAL_SCREEN_EXHAUSTED_PRIMALITY_UNASSIGNED,GF3A_DIRECTIONAL_WRITE_EXHAUSTED_PRIMALITY_UNASSIGNED,514,512,512,NO_RECORDED_FACTOR_PRP_OR_LL_RESULT_AND_NO_ACTIVE_GIMPS_ASSIGNMENT,2026-08-09T09:12:31+00:00,UNALLOCATED,,,,,
SLCMP2607-1651,1651,1651,794083489,2^794083489-1,STRUCTURAL_SCREEN_EXHAUSTED_PRIMALITY_UNASSIGNED,GF3A_DIRECTIONAL_WRITE_EXHAUSTED_PRIMALITY_UNASSIGNED,513,512,512,NO_RECORDED_FACTOR_PRP_OR_LL_RESULT_AND_NO_ACTIVE_GIMPS_ASSIGNMENT,2026-08-09T09:12:31+00:00,UNALLOCATED,,,,,
SLCMP2607-1652,1652,1652,794083501,2^794083501-1,STRUCTURAL_SCREEN_EXHAUSTED_PRIMALITY_UNASSIGNED,GF3A_DIRECTIONAL_WRITE_EXHAUSTED_PRIMALITY_UNASSIGNED,513,512,512,NO_RECORDED_FACTOR_PRP_OR_LL_RESULT_AND_NO_ACTIVE_GIMPS_ASSIGNMENT,2026-08-09T09:12:31+00:00,UNALLOCATED,,,,,
SLCMP2607-1653,1653,1653,794083553,2^794083553-1,STRUCTURAL_SCREEN_EXHAUSTED_PRIMALITY_UNASSIGNED,GF3A_DIRECTIONAL_WRITE_EXHAUSTED_PRIMALITY_UNASSIGNED,513,512,512,NO_RECORDED_FACTOR_PRP_OR_LL_RESULT_AND_NO_ACTIVE_GIMPS_ASSIGNMENT,2026-08-09T09:12:31+00:00,UNALLOCATED,,,,,
SLCMP2607-1654,1654,1654,794083601,2^794083601-1,STRUCTURAL_SCREEN_EXHAUSTED_PRIMALITY_UNASSIGNED,GF3A_DIRECTIONAL_WRITE_EXHAUSTED_PRIMALITY_UNASSIGNED,513,512,512,NO_RECORDED_FACTOR_PRP_OR_LL_RESULT_AND_NO_ACTIVE_GIMPS_ASSIGNMENT,2026-08-09T09:12:31+00:00,UNALLOCATED,,,,,
SLCMP2607-1655,1655,1655,794083637,2^794083637-1,STRUCTURAL_SCREEN_EXHAUSTED_PRIMALITY_UNASSIGNED,GF3A_DIRECTIONAL_WRITE_EXHAUSTED_PRIMALITY_UNASSIGNED,513,512,512,NO_RECORDED_FACTOR_PRP_OR_LL_RESULT_AND_NO_ACTIVE_GIMPS_ASSIGNMENT,2026-08-09T09:12:31+00:00,UNALLOCATED,,,,,
SLCMP2607-1656,1656,1656,794083669,2^794083669-1,STRUCTURAL_SCREEN_EXHAUSTED_PRIMALITY_UNASSIGNED,GF3A_DIRECTIONAL_WRITE_EXHAUSTED_PRIMALITY_UNASSIGNED,513,512,512,NO_RECORDED_FACTOR_PRP_OR_LL_RESULT_AND_NO_ACTIVE_GIMPS_ASSIGNMENT,2026-08-09T09:12:31+00:00,UNALLOCATED,,,,,
SLCMP2607-1657,1657,1657,794083681,2^794083681-1,STRUCTURAL_SCREEN_EXHAUSTED_PRIMALITY_UNASSIGNED,GF3A_DIRECTIONAL_WRITE_EXHAUSTED_PRIMALITY_UNASSIGNED,513,512,512,NO_RECORDED_FACTOR_PRP_OR_LL_RESULT_AND_NO_ACTIVE_GIMPS_ASSIGNMENT,2026-08-09T09:12:31+00:00,UNALLOCATED,,,,,
SLCMP2607-1658,1658,1658,794083691,2^794083691-1,STRUCTURAL_SCREEN_EXHAUSTED_PRIMALITY_UNASSIGNED,GF3A_DIRECTIONAL_WRITE_EXHAUSTED_PRIMALITY_UNASSIGNED,514,512,512,NO_RECORDED_FACTOR_PRP_OR_LL_RESULT_AND_NO_ACTIVE_GIMPS_ASSIGNMENT,2026-08-09T09:12:31+00:00,UNALLOCATED,,,,,
SLCMP2607-1659,1659,1659,794083699,2^794083699-1,STRUCTURAL_SCREEN_EXHAUSTED_PRIMALITY_UNASSIGNED,GF3A_DIRECTIONAL_WRITE_EXHAUSTED_PRIMALITY_UNASSIGNED,514,512,512,NO_RECORDED_FACTOR_PRP_OR_LL_RESULT_AND_NO_ACTIVE_GIMPS_ASSIGNMENT,2026-08-09T09:12:31+00:00,UNALLOCATED,,,,,
SLCMP2607-1660,1660,1660,794083733,2^794083733-1,STRUCTURAL_SCREEN_EXHAUSTED_PRIMALITY_UNASSIGNED,GF3A_DIRECTIONAL_WRITE_EXHAUSTED_PRIMALITY_UNASSIGNED,513,512,512,NO_RECORDED_FACTOR_PRP_OR_LL_RESULT_AND_NO_ACTIVE_GIMPS_ASSIGNMENT,2026-08-09T09:12:31+00:00,UNALLOCATED,,,,,
SLCMP2607-1661,1661,1661,794083769,2^794083769-1,STRUCTURAL_SCREEN_EXHAUSTED_PRIMALITY_UNASSIGNED,GF3A_DIRECTIONAL_WRITE_EXHAUSTED_PRIMALITY_UNASSIGNED,513,512,512,NO_RECORDED_FACTOR_PRP_OR_LL_RESULT_AND_NO_ACTIVE_GIMPS_ASSIGNMENT,2026-08-09T09:12:31+00:00,UNALLOCATED,,,,,
SLCMP2607-1662,1662,1662,794083813,2^794083813-1,STRUCTURAL_SCREEN_EXHAUSTED_PRIMALITY_UNASSIGNED,GF3A_DIRECTIONAL_WRITE_EXHAUSTED_PRIMALITY_UNASSIGNED,513,512,512,NO_RECORDED_FACTOR_PRP_OR_LL_RESULT_AND_NO_ACTIVE_GIMPS_ASSIGNMENT,2026-08-09T09:12:31+00:00,UNALLOCATED,,,,,
SLCMP2607-1663,1663,1663,794083877,2^794083877-1,STRUCTURAL_SCREEN_EXHAUSTED_PRIMALITY_UNASSIGNED,GF3A_DIRECTIONAL_WRITE_EXHAUSTED_PRIMALITY_UNASSIGNED,513,512,512,NO_RECORDED_FACTOR_PRP_OR_LL_RESULT_AND_NO_ACTIVE_GIMPS_ASSIGNMENT,2026-08-09T09:12:31+00:00,UNALLOCATED,,,,,
SLCMP2607-1664,1664,1664,794083903,2^794083903-1,STRUCTURAL_SCREEN_EXHAUSTED_PRIMALITY_UNASSIGNED,GF3A_DIRECTIONAL_WRITE_EXHAUSTED_PRIMALITY_UNASSIGNED,514,512,512,NO_RECORDED_FACTOR_PRP_OR_LL_RESULT_AND_NO_ACTIVE_GIMPS_ASSIGNMENT,2026-08-09T09:12:31+00:00,UNALLOCATED,,,,,
SLCMP2607-1665,1665,1665,794083919,2^794083919-1,STRUCTURAL_SCREEN_EXHAUSTED_PRIMALITY_UNASSIGNED,GF3A_DIRECTIONAL_WRITE_EXHAUSTED_PRIMALITY_UNASSIGNED,514,512,512,NO_RECORDED_FACTOR_PRP_OR_LL_RESULT_AND_NO_ACTIVE_GIMPS_ASSIGNMENT,2026-08-09T09:12:31+00:00,UNALLOCATED,,,,,
SLCMP2607-1666,1666,1666,794083987,2^794083987-1,STRUCTURAL_SCREEN_EXHAUSTED_PRIMALITY_UNASSIGNED,GF3A_DIRECTIONAL_WRITE_EXHAUSTED_PRIMALITY_UNASSIGNED,514,512,512,NO_RECORDED_FACTOR_PRP_OR_LL_RESULT_AND_NO_ACTIVE_GIMPS_ASSIGNMENT,2026-08-09T09:12:31+00:00,UNALLOCATED,,,,,
SLCMP2607-1667,1667,1667,794084069,2^794084069-1,STRUCTURAL_SCREEN_EXHAUSTED_PRIMALITY_UNASSIGNED,GF3A_DIRECTIONAL_WRITE_EXHAUSTED_PRIMALITY_UNASSIGNED,513,512,512,NO_RECORDED_FACTOR_PRP_OR_LL_RESULT_AND_NO_ACTIVE_GIMPS_ASSIGNMENT,2026-08-09T09:12:31+00:00,UNALLOCATED,,,,,
SLCMP2607-1668,1668,1668,794084087,2^794084087-1,STRUCTURAL_SCREEN_EXHAUSTED_PRIMALITY_UNASSIGNED,GF3A_DIRECTIONAL_WRITE_EXHAUSTED_PRIMALITY_UNASSIGNED,514,512,512,NO_RECORDED_FACTOR_PRP_OR_LL_RESULT_AND_NO_ACTIVE_GIMPS_ASSIGNMENT,2026-08-09T09:12:31+00:00,UNALLOCATED,,,,,
SLCMP2607-1669,1669,1669,794084099,2^794084099-1,STRUCTURAL_SCREEN_EXHAUSTED_PRIMALITY_UNASSIGNED,GF3A_DIRECTIONAL_WRITE_EXHAUSTED_PRIMALITY_UNASSIGNED,514,512,512,NO_RECORDED_FACTOR_PRP_OR_LL_RESULT_AND_NO_ACTIVE_GIMPS_ASSIGNMENT,2026-08-09T09:12:31+00:00,UNALLOCATED,,,,,
SLCMP2607-1670,1670,1670,794084167,2^794084167-1,STRUCTURAL_SCREEN_EXHAUSTED_PRIMALITY_UNASSIGNED,GF3A_DIRECTIONAL_WRITE_EXHAUSTED_PRIMALITY_UNASSIGNED,514,512,512,NO_RECORDED_FACTOR_PRP_OR_LL_RESULT_AND_NO_ACTIVE_GIMPS_ASSIGNMENT,2026-08-09T09:12:31+00:00,UNALLOCATED,,,,,
SLCMP2607-1671,1671,1671,794084183,2^794084183-1,STRUCTURAL_SCREEN_EXHAUSTED_PRIMALITY_UNASSIGNED,GF3A_DIRECTIONAL_WRITE_EXHAUSTED_PRIMALITY_UNASSIGNED,514,512,512,NO_RECORDED_FACTOR_PRP_OR_LL_RESULT_AND_NO_ACTIVE_GIMPS_ASSIGNMENT,2026-08-09T09:12:31+00:00,UNALLOCATED,,,,,
SLCMP2607-1672,1672,1672,794084197,2^794084197-1,STRUCTURAL_SCREEN_EXHAUSTED_PRIMALITY_UNASSIGNED,GF3A_DIRECTIONAL_WRITE_EXHAUSTED_PRIMALITY_UNASSIGNED,513,512,512,NO_RECORDED_FACTOR_PRP_OR_LL_RESULT_AND_NO_ACTIVE_GIMPS_ASSIGNMENT,2026-08-09T09:12:31+00:00,UNALLOCATED,,,,,
SLCMP2607-1673,1673,1673,794084209,2^794084209-1,STRUCTURAL_SCREEN_EXHAUSTED_PRIMALITY_UNASSIGNED,GF3A_DIRECTIONAL_WRITE_EXHAUSTED_PRIMALITY_UNASSIGNED,513,512,512,NO_RECORDED_FACTOR_PRP_OR_LL_RESULT_AND_NO_ACTIVE_GIMPS_ASSIGNMENT,2026-08-09T09:12:31+00:00,UNALLOCATED,,,,,
SLCMP2607-1674,1674,1674,794084243,2^794084243-1,STRUCTURAL_SCREEN_EXHAUSTED_PRIMALITY_UNASSIGNED,GF3A_DIRECTIONAL_WRITE_EXHAUSTED_PRIMALITY_UNASSIGNED,514,512,512,NO_RECORDED_FACTOR_PRP_OR_LL_RESULT_AND_NO_ACTIVE_GIMPS_ASSIGNMENT,2026-08-09T09:12:31+00:00,UNALLOCATED,,,,,
SLCMP2607-1675,1675,1675,794084339,2^794084339-1,STRUCTURAL_SCREEN_EXHAUSTED_PRIMALITY_UNASSIGNED,GF3A_DIRECTIONAL_WRITE_EXHAUSTED_PRIMALITY_UNASSIGNED,514,512,512,NO_RECORDED_FACTOR_PRP_OR_LL_RESULT_AND_NO_ACTIVE_GIMPS_ASSIGNMENT,2026-08-09T09:12:31+00:00,UNALLOCATED,,,,,
SLCMP2607-1676,1676,1676,794084393,2^794084393-1,STRUCTURAL_SCREEN_EXHAUSTED_PRIMALITY_UNASSIGNED,GF3A_DIRECTIONAL_WRITE_EXHAUSTED_PRIMALITY_UNASSIGNED,513,512,512,NO_RECORDED_FACTOR_PRP_OR_LL_RESULT_AND_NO_ACTIVE_GIMPS_ASSIGNMENT,2026-08-09T09:12:31+00:00,UNALLOCATED,,,,,
SLCMP2607-1677,1677,1677,794084449,2^794084449-1,STRUCTURAL_SCREEN_EXHAUSTED_PRIMALITY_UNASSIGNED,GF3A_DIRECTIONAL_WRITE_EXHAUSTED_PRIMALITY_UNASSIGNED,513,512,512,NO_RECORDED_FACTOR_PRP_OR_LL_RESULT_AND_NO_ACTIVE_GIMPS_ASSIGNMENT,2026-08-09T09:12:31+00:00,UNALLOCATED,,,,,
SLCMP2607-1678,1678,1678,794084477,2^794084477-1,STRUCTURAL_SCREEN_EXHAUSTED_PRIMALITY_UNASSIGNED,GF3A_DIRECTIONAL_WRITE_EXHAUSTED_PRIMALITY_UNASSIGNED,513,512,512,NO_RECORDED_FACTOR_PRP_OR_LL_RESULT_AND_NO_ACTIVE_GIMPS_ASSIGNMENT,2026-08-09T09:12:31+00:00,UNALLOCATED,,,,,
SLCMP2607-1679,1679,1679,794084507,2^794084507-1,STRUCTURAL_SCREEN_EXHAUSTED_PRIMALITY_UNASSIGNED,GF3A_DIRECTIONAL_WRITE_EXHAUSTED_PRIMALITY_UNASSIGNED,514,512,512,NO_RECORDED_FACTOR_PRP_OR_LL_RESULT_AND_NO_ACTIVE_GIMPS_ASSIGNMENT,2026-08-09T09:12:31+00:00,UNALLOCATED,,,,,
SLCMP2607-1680,1680,1680,794084509,2^794084509-1,STRUCTURAL_SCREEN_EXHAUSTED_PRIMALITY_UNASSIGNED,GF3A_DIRECTIONAL_WRITE_EXHAUSTED_PRIMALITY_UNASSIGNED,513,512,512,NO_RECORDED_FACTOR_PRP_OR_LL_RESULT_AND_NO_ACTIVE_GIMPS_ASSIGNMENT,2026-08-09T09:12:31+00:00,UNALLOCATED,,,,,
SLCMP2607-1681,1681,1681,794084513,2^794084513-1,STRUCTURAL_SCREEN_EXHAUSTED_PRIMALITY_UNASSIGNED,GF3A_DIRECTIONAL_WRITE_EXHAUSTED_PRIMALITY_UNASSIGNED,513,512,512,NO_RECORDED_FACTOR_PRP_OR_LL_RESULT_AND_NO_ACTIVE_GIMPS_ASSIGNMENT,2026-08-09T09:12:31+00:00,UNALLOCATED,,,,,
SLCMP2607-1682,1682,1682,794084527,2^794084527-1,STRUCTURAL_SCREEN_EXHAUSTED_PRIMALITY_UNASSIGNED,GF3A_DIRECTIONAL_WRITE_EXHAUSTED_PRIMALITY_UNASSIGNED,514,512,512,NO_RECORDED_FACTOR_PRP_OR_LL_RESULT_AND_NO_ACTIVE_GIMPS_ASSIGNMENT,2026-08-09T09:12:31+00:00,UNALLOCATED,,,,,
SLCMP2607-1683,1683,1683,794084563,2^794084563-1,STRUCTURAL_SCREEN_EXHAUSTED_PRIMALITY_UNASSIGNED,GF3A_DIRECTIONAL_WRITE_EXHAUSTED_PRIMALITY_UNASSIGNED,514,512,512,NO_RECORDED_FACTOR_PRP_OR_LL_RESULT_AND_NO_ACTIVE_GIMPS_ASSIGNMENT,2026-08-09T09:12:31+00:00,UNALLOCATED,,,,,
SLCMP2607-1684,1684,1684,794084567,2^794084567-1,STRUCTURAL_SCREEN_EXHAUSTED_PRIMALITY_UNASSIGNED,GF3A_DIRECTIONAL_WRITE_EXHAUSTED_PRIMALITY_UNASSIGNED,514,512,512,NO_RECORDED_FACTOR_PRP_OR_LL_RESULT_AND_NO_ACTIVE_GIMPS_ASSIGNMENT,2026-08-09T09:12:31+00:00,UNALLOCATED,,,,,
SLCMP2607-1685,1685,1685,794084593,2^794084593-1,STRUCTURAL_SCREEN_EXHAUSTED_PRIMALITY_UNASSIGNED,GF3A_DIRECTIONAL_WRITE_EXHAUSTED_PRIMALITY_UNASSIGNED,513,512,512,NO_RECORDED_FACTOR_PRP_OR_LL_RESULT_AND_NO_ACTIVE_GIMPS_ASSIGNMENT,2026-08-09T09:12:31+00:00,UNALLOCATED,,,,,
SLCMP2607-1686,1686,1686,794084617,2^794084617-1,STRUCTURAL_SCREEN_EXHAUSTED_PRIMALITY_UNASSIGNED,GF3A_DIRECTIONAL_WRITE_EXHAUSTED_PRIMALITY_UNASSIGNED,513,512,512,NO_RECORDED_FACTOR_PRP_OR_LL_RESULT_AND_NO_ACTIVE_GIMPS_ASSIGNMENT,2026-08-09T09:12:31+00:00,UNALLOCATED,,,,,
SLCMP2607-1687,1687,1687,794084779,2^794084779-1,STRUCTURAL_SCREEN_EXHAUSTED_PRIMALITY_UNASSIGNED,GF3A_DIRECTIONAL_WRITE_EXHAUSTED_PRIMALITY_UNASSIGNED,514,512,512,NO_RECORDED_FACTOR_PRP_OR_LL_RESULT_AND_NO_ACTIVE_GIMPS_ASSIGNMENT,2026-08-09T09:12:31+00:00,UNALLOCATED,,,,,
SLCMP2607-1688,1688,1688,794084887,2^794084887-1,STRUCTURAL_SCREEN_EXHAUSTED_PRIMALITY_UNASSIGNED,GF3A_DIRECTIONAL_WRITE_EXHAUSTED_PRIMALITY_UNASSIGNED,514,512,512,NO_RECORDED_FACTOR_PRP_OR_LL_RESULT_AND_NO_ACTIVE_GIMPS_ASSIGNMENT,2026-08-09T09:12:31+00:00,UNALLOCATED,,,,,
SLCMP2607-1689,1689,1689,794084903,2^794084903-1,STRUCTURAL_SCREEN_EXHAUSTED_PRIMALITY_UNASSIGNED,GF3A_DIRECTIONAL_WRITE_EXHAUSTED_PRIMALITY_UNASSIGNED,514,512,512,NO_RECORDED_FACTOR_PRP_OR_LL_RESULT_AND_NO_ACTIVE_GIMPS_ASSIGNMENT,2026-08-09T09:12:31+00:00,UNALLOCATED,,,,,
SLCMP2607-1690,1690,1690,794084923,2^794084923-1,STRUCTURAL_SCREEN_EXHAUSTED_PRIMALITY_UNASSIGNED,GF3A_DIRECTIONAL_WRITE_EXHAUSTED_PRIMALITY_UNASSIGNED,514,512,512,NO_RECORDED_FACTOR_PRP_OR_LL_RESULT_AND_NO_ACTIVE_GIMPS_ASSIGNMENT,2026-08-09T09:12:31+00:00,UNALLOCATED,,,,,
SLCMP2607-1691,1691,1691,794084957,2^794084957-1,STRUCTURAL_SCREEN_EXHAUSTED_PRIMALITY_UNASSIGNED,GF3A_DIRECTIONAL_WRITE_EXHAUSTED_PRIMALITY_UNASSIGNED,513,512,512,NO_RECORDED_FACTOR_PRP_OR_LL_RESULT_AND_NO_ACTIVE_GIMPS_ASSIGNMENT,2026-08-09T09:12:31+00:00,UNALLOCATED,,,,,
SLCMP2607-1692,1692,1692,794085043,2^794085043-1,STRUCTURAL_SCREEN_EXHAUSTED_PRIMALITY_UNASSIGNED,GF3A_DIRECTIONAL_WRITE_EXHAUSTED_PRIMALITY_UNASSIGNED,514,512,512,NO_RECORDED_FACTOR_PRP_OR_LL_RESULT_AND_NO_ACTIVE_GIMPS_ASSIGNMENT,2026-08-09T09:12:31+00:00,UNALLOCATED,,,,,
SLCMP2607-1693,1693,1693,794085053,2^794085053-1,STRUCTURAL_SCREEN_EXHAUSTED_PRIMALITY_UNASSIGNED,GF3A_DIRECTIONAL_WRITE_EXHAUSTED_PRIMALITY_UNASSIGNED,513,512,512,NO_RECORDED_FACTOR_PRP_OR_LL_RESULT_AND_NO_ACTIVE_GIMPS_ASSIGNMENT,2026-08-09T09:12:31+00:00,UNALLOCATED,,,,,
SLCMP2607-1694,1694,1694,794085077,2^794085077-1,STRUCTURAL_SCREEN_EXHAUSTED_PRIMALITY_UNASSIGNED,GF3A_DIRECTIONAL_WRITE_EXHAUSTED_PRIMALITY_UNASSIGNED,513,512,512,NO_RECORDED_FACTOR_PRP_OR_LL_RESULT_AND_NO_ACTIVE_GIMPS_ASSIGNMENT,2026-08-09T09:12:31+00:00,UNALLOCATED,,,,,
SLCMP2607-1695,1695,1695,794085137,2^794085137-1,STRUCTURAL_SCREEN_EXHAUSTED_PRIMALITY_UNASSIGNED,GF3A_DIRECTIONAL_WRITE_EXHAUSTED_PRIMALITY_UNASSIGNED,513,512,512,NO_RECORDED_FACTOR_PRP_OR_LL_RESULT_AND_NO_ACTIVE_GIMPS_ASSIGNMENT,2026-08-09T09:12:31+00:00,UNALLOCATED,,,,,
SLCMP2607-1696,1696,1696,794085211,2^794085211-1,STRUCTURAL_SCREEN_EXHAUSTED_PRIMALITY_UNASSIGNED,GF3A_DIRECTIONAL_WRITE_EXHAUSTED_PRIMALITY_UNASSIGNED,514,512,512,NO_RECORDED_FACTOR_PRP_OR_LL_RESULT_AND_NO_ACTIVE_GIMPS_ASSIGNMENT,2026-08-09T09:12:31+00:00,UNALLOCATED,,,,,
SLCMP2607-1697,1697,1697,794085289,2^794085289-1,STRUCTURAL_SCREEN_EXHAUSTED_PRIMALITY_UNASSIGNED,GF3A_DIRECTIONAL_WRITE_EXHAUSTED_PRIMALITY_UNASSIGNED,513,512,512,NO_RECORDED_FACTOR_PRP_OR_LL_RESULT_AND_NO_ACTIVE_GIMPS_ASSIGNMENT,2026-08-09T09:12:31+00:00,UNALLOCATED,,,,,
SLCMP2607-1698,1698,1698,794085329,2^794085329-1,STRUCTURAL_SCREEN_EXHAUSTED_PRIMALITY_UNASSIGNED,GF3A_DIRECTIONAL_WRITE_EXHAUSTED_PRIMALITY_UNASSIGNED,513,512,512,NO_RECORDED_FACTOR_PRP_OR_LL_RESULT_AND_NO_ACTIVE_GIMPS_ASSIGNMENT,2026-08-09T09:12:31+00:00,UNALLOCATED,,,,,
SLCMP2607-1699,1699,1699,794085443,2^794085443-1,STRUCTURAL_SCREEN_EXHAUSTED_PRIMALITY_UNASSIGNED,GF3A_DIRECTIONAL_WRITE_EXHAUSTED_PRIMALITY_UNASSIGNED,514,512,512,NO_RECORDED_FACTOR_PRP_OR_LL_RESULT_AND_NO_ACTIVE_GIMPS_ASSIGNMENT,2026-08-09T09:12:31+00:00,UNALLOCATED,,,,,
SLCMP2607-1700,1700,1700,794085547,2^794085547-1,STRUCTURAL_SCREEN_EXHAUSTED_PRIMALITY_UNASSIGNED,GF3A_DIRECTIONAL_WRITE_EXHAUSTED_PRIMALITY_UNASSIGNED,514,512,512,NO_RECORDED_FACTOR_PRP_OR_LL_RESULT_AND_NO_ACTIVE_GIMPS_ASSIGNMENT,2026-08-09T09:12:31+00:00,UNALLOCATED,,,,,
SLCMP2607-1701,1701,1701,794085613,2^794085613-1,STRUCTURAL_SCREEN_EXHAUSTED_PRIMALITY_UNASSIGNED,GF3A_DIRECTIONAL_WRITE_EXHAUSTED_PRIMALITY_UNASSIGNED,513,512,512,NO_RECORDED_FACTOR_PRP_OR_LL_RESULT_AND_NO_ACTIVE_GIMPS_ASSIGNMENT,2026-08-09T09:12:31+00:00,UNALLOCATED,,,,,
SLCMP2607-1702,1702,1702,794085737,2^794085737-1,STRUCTURAL_SCREEN_EXHAUSTED_PRIMALITY_UNASSIGNED,GF3A_DIRECTIONAL_WRITE_EXHAUSTED_PRIMALITY_UNASSIGNED,513,512,512,NO_RECORDED_FACTOR_PRP_OR_LL_RESULT_AND_NO_ACTIVE_GIMPS_ASSIGNMENT,2026-08-09T09:12:31+00:00,UNALLOCATED,,,,,
SLCMP2607-1703,1703,1703,794085923,2^794085923-1,STRUCTURAL_SCREEN_EXHAUSTED_PRIMALITY_UNASSIGNED,GF3A_DIRECTIONAL_WRITE_EXHAUSTED_PRIMALITY_UNASSIGNED,514,512,512,NO_RECORDED_FACTOR_PRP_OR_LL_RESULT_AND_NO_ACTIVE_GIMPS_ASSIGNMENT,2026-08-09T09:12:31+00:00,UNALLOCATED,,,,,
SLCMP2607-1704,1704,1704,794085931,2^794085931-1,STRUCTURAL_SCREEN_EXHAUSTED_PRIMALITY_UNASSIGNED,GF3A_DIRECTIONAL_WRITE_EXHAUSTED_PRIMALITY_UNASSIGNED,514,512,512,NO_RECORDED_FACTOR_PRP_OR_LL_RESULT_AND_NO_ACTIVE_GIMPS_ASSIGNMENT,2026-08-09T09:12:31+00:00,UNALLOCATED,,,,,
SLCMP2607-1705,1705,1705,794085977,2^794085977-1,STRUCTURAL_SCREEN_EXHAUSTED_PRIMALITY_UNASSIGNED,GF3A_DIRECTIONAL_WRITE_EXHAUSTED_PRIMALITY_UNASSIGNED,513,512,512,NO_RECORDED_FACTOR_PRP_OR_LL_RESULT_AND_NO_ACTIVE_GIMPS_ASSIGNMENT,2026-08-09T09:12:31+00:00,UNALLOCATED,,,,,
SLCMP2607-1706,1706,1706,794086003,2^794086003-1,STRUCTURAL_SCREEN_EXHAUSTED_PRIMALITY_UNASSIGNED,GF3A_DIRECTIONAL_WRITE_EXHAUSTED_PRIMALITY_UNASSIGNED,514,512,512,NO_RECORDED_FACTOR_PRP_OR_LL_RESULT_AND_NO_ACTIVE_GIMPS_ASSIGNMENT,2026-08-09T09:12:31+00:00,UNALLOCATED,,,,,
SLCMP2607-1707,1707,1707,794086123,2^794086123-1,STRUCTURAL_SCREEN_EXHAUSTED_PRIMALITY_UNASSIGNED,GF3A_DIRECTIONAL_WRITE_EXHAUSTED_PRIMALITY_UNASSIGNED,514,512,512,NO_RECORDED_FACTOR_PRP_OR_LL_RESULT_AND_NO_ACTIVE_GIMPS_ASSIGNMENT,2026-08-09T09:12:31+00:00,UNALLOCATED,,,,,
SLCMP2607-1708,1708,1708,794086147,2^794086147-1,STRUCTURAL_SCREEN_EXHAUSTED_PRIMALITY_UNASSIGNED,GF3A_DIRECTIONAL_WRITE_EXHAUSTED_PRIMALITY_UNASSIGNED,514,512,512,NO_RECORDED_FACTOR_PRP_OR_LL_RESULT_AND_NO_ACTIVE_GIMPS_ASSIGNMENT,2026-08-09T09:12:31+00:00,UNALLOCATED,,,,,
SLCMP2607-1709,1709,1709,794086219,2^794086219-1,STRUCTURAL_SCREEN_EXHAUSTED_PRIMALITY_UNASSIGNED,GF3A_DIRECTIONAL_WRITE_EXHAUSTED_PRIMALITY_UNASSIGNED,514,512,512,NO_RECORDED_FACTOR_PRP_OR_LL_RESULT_AND_NO_ACTIVE_GIMPS_ASSIGNMENT,2026-08-09T09:12:31+00:00,UNALLOCATED,,,,,
SLCMP2607-1710,1710,1710,794086313,2^794086313-1,STRUCTURAL_SCREEN_EXHAUSTED_PRIMALITY_UNASSIGNED,GF3A_DIRECTIONAL_WRITE_EXHAUSTED_PRIMALITY_UNASSIGNED,513,512,512,NO_RECORDED_FACTOR_PRP_OR_LL_RESULT_AND_NO_ACTIVE_GIMPS_ASSIGNMENT,2026-08-09T09:12:31+00:00,UNALLOCATED,,,,,
SLCMP2607-1711,1711,1711,794086357,2^794086357-1,STRUCTURAL_SCREEN_EXHAUSTED_PRIMALITY_UNASSIGNED,GF3A_DIRECTIONAL_WRITE_EXHAUSTED_PRIMALITY_UNASSIGNED,513,512,512,NO_RECORDED_FACTOR_PRP_OR_LL_RESULT_AND_NO_ACTIVE_GIMPS_ASSIGNMENT,2026-08-09T09:12:31+00:00,UNALLOCATED,,,,,
SLCMP2607-1712,1712,1712,794086373,2^794086373-1,STRUCTURAL_SCREEN_EXHAUSTED_PRIMALITY_UNASSIGNED,GF3A_DIRECTIONAL_WRITE_EXHAUSTED_PRIMALITY_UNASSIGNED,513,512,512,NO_RECORDED_FACTOR_PRP_OR_LL_RESULT_AND_NO_ACTIVE_GIMPS_ASSIGNMENT,2026-08-09T09:12:31+00:00,UNALLOCATED,,,,,
SLCMP2607-1713,1713,1713,794086393,2^794086393-1,STRUCTURAL_SCREEN_EXHAUSTED_PRIMALITY_UNASSIGNED,GF3A_DIRECTIONAL_WRITE_EXHAUSTED_PRIMALITY_UNASSIGNED,513,512,512,NO_RECORDED_FACTOR_PRP_OR_LL_RESULT_AND_NO_ACTIVE_GIMPS_ASSIGNMENT,2026-08-09T09:12:31+00:00,UNALLOCATED,,,,,
SLCMP2607-1714,1714,1714,794086409,2^794086409-1,STRUCTURAL_SCREEN_EXHAUSTED_PRIMALITY_UNASSIGNED,GF3A_DIRECTIONAL_WRITE_EXHAUSTED_PRIMALITY_UNASSIGNED,513,512,512,NO_RECORDED_FACTOR_PRP_OR_LL_RESULT_AND_NO_ACTIVE_GIMPS_ASSIGNMENT,2026-08-09T09:12:31+00:00,UNALLOCATED,,,,,
SLCMP2607-1715,1715,1715,794086519,2^794086519-1,STRUCTURAL_SCREEN_EXHAUSTED_PRIMALITY_UNASSIGNED,GF3A_DIRECTIONAL_WRITE_EXHAUSTED_PRIMALITY_UNASSIGNED,514,512,512,NO_RECORDED_FACTOR_PRP_OR_LL_RESULT_AND_NO_ACTIVE_GIMPS_ASSIGNMENT,2026-08-09T09:12:31+00:00,UNALLOCATED,,,,,
SLCMP2607-1716,1716,1716,794086529,2^794086529-1,STRUCTURAL_SCREEN_EXHAUSTED_PRIMALITY_UNASSIGNED,GF3A_DIRECTIONAL_WRITE_EXHAUSTED_PRIMALITY_UNASSIGNED,513,512,512,NO_RECORDED_FACTOR_PRP_OR_LL_RESULT_AND_NO_ACTIVE_GIMPS_ASSIGNMENT,2026-08-09T09:12:31+00:00,UNALLOCATED,,,,,
SLCMP2607-1717,1717,1717,794086571,2^794086571-1,STRUCTURAL_SCREEN_EXHAUSTED_PRIMALITY_UNASSIGNED,GF3A_DIRECTIONAL_WRITE_EXHAUSTED_PRIMALITY_UNASSIGNED,514,512,512,NO_RECORDED_FACTOR_PRP_OR_LL_RESULT_AND_NO_ACTIVE_GIMPS_ASSIGNMENT,2026-08-09T09:12:31+00:00,UNALLOCATED,,,,,
SLCMP2607-1718,1718,1718,794086751,2^794086751-1,STRUCTURAL_SCREEN_EXHAUSTED_PRIMALITY_UNASSIGNED,GF3A_DIRECTIONAL_WRITE_EXHAUSTED_PRIMALITY_UNASSIGNED,514,512,512,NO_RECORDED_FACTOR_PRP_OR_LL_RESULT_AND_NO_ACTIVE_GIMPS_ASSIGNMENT,2026-08-09T09:12:31+00:00,UNALLOCATED,,,,,
SLCMP2607-1719,1719,1719,794086801,2^794086801-1,STRUCTURAL_SCREEN_EXHAUSTED_PRIMALITY_UNASSIGNED,GF3A_DIRECTIONAL_WRITE_EXHAUSTED_PRIMALITY_UNASSIGNED,513,512,512,NO_RECORDED_FACTOR_PRP_OR_LL_RESULT_AND_NO_ACTIVE_GIMPS_ASSIGNMENT,2026-08-09T09:12:31+00:00,UNALLOCATED,,,,,
SLCMP2607-1720,1720,1720,794086823,2^794086823-1,STRUCTURAL_SCREEN_EXHAUSTED_PRIMALITY_UNASSIGNED,GF3A_DIRECTIONAL_WRITE_EXHAUSTED_PRIMALITY_UNASSIGNED,514,512,512,NO_RECORDED_FACTOR_PRP_OR_LL_RESULT_AND_NO_ACTIVE_GIMPS_ASSIGNMENT,2026-08-09T09:12:31+00:00,UNALLOCATED,,,,,
SLCMP2607-1721,1721,1721,794086831,2^794086831-1,STRUCTURAL_SCREEN_EXHAUSTED_PRIMALITY_UNASSIGNED,GF3A_DIRECTIONAL_WRITE_EXHAUSTED_PRIMALITY_UNASSIGNED,514,512,512,NO_RECORDED_FACTOR_PRP_OR_LL_RESULT_AND_NO_ACTIVE_GIMPS_ASSIGNMENT,2026-08-09T09:12:31+00:00,UNALLOCATED,,,,,
SLCMP2607-1722,1722,1722,794086871,2^794086871-1,STRUCTURAL_SCREEN_EXHAUSTED_PRIMALITY_UNASSIGNED,GF3A_DIRECTIONAL_WRITE_EXHAUSTED_PRIMALITY_UNASSIGNED,514,512,512,NO_RECORDED_FACTOR_PRP_OR_LL_RESULT_AND_NO_ACTIVE_GIMPS_ASSIGNMENT,2026-08-09T09:12:31+00:00,UNALLOCATED,,,,,
SLCMP2607-1723,1723,1723,794086873,2^794086873-1,STRUCTURAL_SCREEN_EXHAUSTED_PRIMALITY_UNASSIGNED,GF3A_DIRECTIONAL_WRITE_EXHAUSTED_PRIMALITY_UNASSIGNED,513,512,512,NO_RECORDED_FACTOR_PRP_OR_LL_RESULT_AND_NO_ACTIVE_GIMPS_ASSIGNMENT,2026-08-09T09:12:31+00:00,UNALLOCATED,,,,,
SLCMP2607-1724,1724,1724,794086883,2^794086883-1,STRUCTURAL_SCREEN_EXHAUSTED_PRIMALITY_UNASSIGNED,GF3A_DIRECTIONAL_WRITE_EXHAUSTED_PRIMALITY_UNASSIGNED,514,512,512,NO_RECORDED_FACTOR_PRP_OR_LL_RESULT_AND_NO_ACTIVE_GIMPS_ASSIGNMENT,2026-08-09T09:12:31+00:00,UNALLOCATED,,,,,
SLCMP2607-1725,1725,1725,794086897,2^794086897-1,STRUCTURAL_SCREEN_EXHAUSTED_PRIMALITY_UNASSIGNED,GF3A_DIRECTIONAL_WRITE_EXHAUSTED_PRIMALITY_UNASSIGNED,513,512,512,NO_RECORDED_FACTOR_PRP_OR_LL_RESULT_AND_NO_ACTIVE_GIMPS_ASSIGNMENT,2026-08-09T09:12:31+00:00,UNALLOCATED,,,,,
SLCMP2607-1726,1726,1726,794086913,2^794086913-1,STRUCTURAL_SCREEN_EXHAUSTED_PRIMALITY_UNASSIGNED,GF3A_DIRECTIONAL_WRITE_EXHAUSTED_PRIMALITY_UNASSIGNED,513,512,512,NO_RECORDED_FACTOR_PRP_OR_LL_RESULT_AND_NO_ACTIVE_GIMPS_ASSIGNMENT,2026-08-09T09:12:31+00:00,UNALLOCATED,,,,,
SLCMP2607-1727,1727,1727,794086957,2^794086957-1,STRUCTURAL_SCREEN_EXHAUSTED_PRIMALITY_UNASSIGNED,GF3A_DIRECTIONAL_WRITE_EXHAUSTED_PRIMALITY_UNASSIGNED,513,512,512,NO_RECORDED_FACTOR_PRP_OR_LL_RESULT_AND_NO_ACTIVE_GIMPS_ASSIGNMENT,2026-08-09T09:12:31+00:00,UNALLOCATED,,,,,
SLCMP2607-1728,1728,1728,794087093,2^794087093-1,STRUCTURAL_SCREEN_EXHAUSTED_PRIMALITY_UNASSIGNED,GF3A_DIRECTIONAL_WRITE_EXHAUSTED_PRIMALITY_UNASSIGNED,513,512,512,NO_RECORDED_FACTOR_PRP_OR_LL_RESULT_AND_NO_ACTIVE_GIMPS_ASSIGNMENT,2026-08-09T09:12:31+00:00,UNALLOCATED,,,,,
SLCMP2607-1729,1729,1729,794087101,2^794087101-1,STRUCTURAL_SCREEN_EXHAUSTED_PRIMALITY_UNASSIGNED,GF3A_DIRECTIONAL_WRITE_EXHAUSTED_PRIMALITY_UNASSIGNED,513,512,512,NO_RECORDED_FACTOR_PRP_OR_LL_RESULT_AND_NO_ACTIVE_GIMPS_ASSIGNMENT,2026-08-09T09:12:31+00:00,UNALLOCATED,,,,,
SLCMP2607-1730,1730,1730,794087131,2^794087131-1,STRUCTURAL_SCREEN_EXHAUSTED_PRIMALITY_UNASSIGNED,GF3A_DIRECTIONAL_WRITE_EXHAUSTED_PRIMALITY_UNASSIGNED,514,512,512,NO_RECORDED_FACTOR_PRP_OR_LL_RESULT_AND_NO_ACTIVE_GIMPS_ASSIGNMENT,2026-08-09T09:12:31+00:00,UNALLOCATED,,,,,
SLCMP2607-1731,1731,1731,794087141,2^794087141-1,STRUCTURAL_SCREEN_EXHAUSTED_PRIMALITY_UNASSIGNED,GF3A_DIRECTIONAL_WRITE_EXHAUSTED_PRIMALITY_UNASSIGNED,513,512,512,NO_RECORDED_FACTOR_PRP_OR_LL_RESULT_AND_NO_ACTIVE_GIMPS_ASSIGNMENT,2026-08-09T09:12:31+00:00,UNALLOCATED,,,,,
SLCMP2607-1732,1732,1732,794087233,2^794087233-1,STRUCTURAL_SCREEN_EXHAUSTED_PRIMALITY_UNASSIGNED,GF3A_DIRECTIONAL_WRITE_EXHAUSTED_PRIMALITY_UNASSIGNED,513,512,512,NO_RECORDED_FACTOR_PRP_OR_LL_RESULT_AND_NO_ACTIVE_GIMPS_ASSIGNMENT,2026-08-09T09:12:31+00:00,UNALLOCATED,,,,,
SLCMP2607-1733,1733,1733,794087237,2^794087237-1,STRUCTURAL_SCREEN_EXHAUSTED_PRIMALITY_UNASSIGNED,GF3A_DIRECTIONAL_WRITE_EXHAUSTED_PRIMALITY_UNASSIGNED,513,512,512,NO_RECORDED_FACTOR_PRP_OR_LL_RESULT_AND_NO_ACTIVE_GIMPS_ASSIGNMENT,2026-08-09T09:12:31+00:00,UNALLOCATED,,,,,
SLCMP2607-1734,1734,1734,794087471,2^794087471-1,STRUCTURAL_SCREEN_EXHAUSTED_PRIMALITY_UNASSIGNED,GF3A_DIRECTIONAL_WRITE_EXHAUSTED_PRIMALITY_UNASSIGNED,514,512,512,NO_RECORDED_FACTOR_PRP_OR_LL_RESULT_AND_NO_ACTIVE_GIMPS_ASSIGNMENT,2026-08-09T09:12:31+00:00,UNALLOCATED,,,,,
SLCMP2607-1735,1735,1735,794087479,2^794087479-1,STRUCTURAL_SCREEN_EXHAUSTED_PRIMALITY_UNASSIGNED,GF3A_DIRECTIONAL_WRITE_EXHAUSTED_PRIMALITY_UNASSIGNED,514,512,512,NO_RECORDED_FACTOR_PRP_OR_LL_RESULT_AND_NO_ACTIVE_GIMPS_ASSIGNMENT,2026-08-09T09:12:31+00:00,UNALLOCATED,,,,,
SLCMP2607-1736,1736,1736,794087557,2^794087557-1,STRUCTURAL_SCREEN_EXHAUSTED_PRIMALITY_UNASSIGNED,GF3A_DIRECTIONAL_WRITE_EXHAUSTED_PRIMALITY_UNASSIGNED,513,512,512,NO_RECORDED_FACTOR_PRP_OR_LL_RESULT_AND_NO_ACTIVE_GIMPS_ASSIGNMENT,2026-08-09T09:12:31+00:00,UNALLOCATED,,,,,
SLCMP2607-1737,1737,1737,794087611,2^794087611-1,STRUCTURAL_SCREEN_EXHAUSTED_PRIMALITY_UNASSIGNED,GF3A_DIRECTIONAL_WRITE_EXHAUSTED_PRIMALITY_UNASSIGNED,514,512,512,NO_RECORDED_FACTOR_PRP_OR_LL_RESULT_AND_NO_ACTIVE_GIMPS_ASSIGNMENT,2026-08-09T09:12:31+00:00,UNALLOCATED,,,,,
SLCMP2607-1738,1738,1738,794087741,2^794087741-1,STRUCTURAL_SCREEN_EXHAUSTED_PRIMALITY_UNASSIGNED,GF3A_DIRECTIONAL_WRITE_EXHAUSTED_PRIMALITY_UNASSIGNED,513,512,512,NO_RECORDED_FACTOR_PRP_OR_LL_RESULT_AND_NO_ACTIVE_GIMPS_ASSIGNMENT,2026-08-09T09:12:31+00:00,UNALLOCATED,,,,,
SLCMP2607-1739,1739,1739,794087743,2^794087743-1,STRUCTURAL_SCREEN_EXHAUSTED_PRIMALITY_UNASSIGNED,GF3A_DIRECTIONAL_WRITE_EXHAUSTED_PRIMALITY_UNASSIGNED,514,512,512,NO_RECORDED_FACTOR_PRP_OR_LL_RESULT_AND_NO_ACTIVE_GIMPS_ASSIGNMENT,2026-08-09T09:12:31+00:00,UNALLOCATED,,,,,
SLCMP2607-1740,1740,1740,794087851,2^794087851-1,STRUCTURAL_SCREEN_EXHAUSTED_PRIMALITY_UNASSIGNED,GF3A_DIRECTIONAL_WRITE_EXHAUSTED_PRIMALITY_UNASSIGNED,514,512,512,NO_RECORDED_FACTOR_PRP_OR_LL_RESULT_AND_NO_ACTIVE_GIMPS_ASSIGNMENT,2026-08-09T09:12:31+00:00,UNALLOCATED,,,,,
SLCMP2607-1741,1741,1741,794087863,2^794087863-1,STRUCTURAL_SCREEN_EXHAUSTED_PRIMALITY_UNASSIGNED,GF3A_DIRECTIONAL_WRITE_EXHAUSTED_PRIMALITY_UNASSIGNED,514,512,512,NO_RECORDED_FACTOR_PRP_OR_LL_RESULT_AND_NO_ACTIVE_GIMPS_ASSIGNMENT,2026-08-09T09:12:31+00:00,UNALLOCATED,,,,,
SLCMP2607-1742,1742,1742,794087911,2^794087911-1,STRUCTURAL_SCREEN_EXHAUSTED_PRIMALITY_UNASSIGNED,GF3A_DIRECTIONAL_WRITE_EXHAUSTED_PRIMALITY_UNASSIGNED,514,512,512,NO_RECORDED_FACTOR_PRP_OR_LL_RESULT_AND_NO_ACTIVE_GIMPS_ASSIGNMENT,2026-08-09T09:12:31+00:00,UNALLOCATED,,,,,
SLCMP2607-1743,1743,1743,794087929,2^794087929-1,STRUCTURAL_SCREEN_EXHAUSTED_PRIMALITY_UNASSIGNED,GF3A_DIRECTIONAL_WRITE_EXHAUSTED_PRIMALITY_UNASSIGNED,513,512,512,NO_RECORDED_FACTOR_PRP_OR_LL_RESULT_AND_NO_ACTIVE_GIMPS_ASSIGNMENT,2026-08-09T09:12:31+00:00,UNALLOCATED,,,,,
SLCMP2607-1744,1744,1744,794087939,2^794087939-1,STRUCTURAL_SCREEN_EXHAUSTED_PRIMALITY_UNASSIGNED,GF3A_DIRECTIONAL_WRITE_EXHAUSTED_PRIMALITY_UNASSIGNED,514,512,512,NO_RECORDED_FACTOR_PRP_OR_LL_RESULT_AND_NO_ACTIVE_GIMPS_ASSIGNMENT,2026-08-09T09:12:31+00:00,UNALLOCATED,,,,,
SLCMP2607-1745,1745,1745,794087963,2^794087963-1,STRUCTURAL_SCREEN_EXHAUSTED_PRIMALITY_UNASSIGNED,GF3A_DIRECTIONAL_WRITE_EXHAUSTED_PRIMALITY_UNASSIGNED,514,512,512,NO_RECORDED_FACTOR_PRP_OR_LL_RESULT_AND_NO_ACTIVE_GIMPS_ASSIGNMENT,2026-08-09T09:12:31+00:00,UNALLOCATED,,,,,
SLCMP2607-1746,1746,1746,794088091,2^794088091-1,STRUCTURAL_SCREEN_EXHAUSTED_PRIMALITY_UNASSIGNED,GF3A_DIRECTIONAL_WRITE_EXHAUSTED_PRIMALITY_UNASSIGNED,514,512,512,NO_RECORDED_FACTOR_PRP_OR_LL_RESULT_AND_NO_ACTIVE_GIMPS_ASSIGNMENT,2026-08-09T09:12:31+00:00,UNALLOCATED,,,,,
SLCMP2607-1747,1747,1747,794088103,2^794088103-1,STRUCTURAL_SCREEN_EXHAUSTED_PRIMALITY_UNASSIGNED,GF3A_DIRECTIONAL_WRITE_EXHAUSTED_PRIMALITY_UNASSIGNED,514,512,512,NO_RECORDED_FACTOR_PRP_OR_LL_RESULT_AND_NO_ACTIVE_GIMPS_ASSIGNMENT,2026-08-09T09:12:31+00:00,UNALLOCATED,,,,,
SLCMP2607-1748,1748,1748,794088131,2^794088131-1,STRUCTURAL_SCREEN_EXHAUSTED_PRIMALITY_UNASSIGNED,GF3A_DIRECTIONAL_WRITE_EXHAUSTED_PRIMALITY_UNASSIGNED,514,512,512,NO_RECORDED_FACTOR_PRP_OR_LL_RESULT_AND_NO_ACTIVE_GIMPS_ASSIGNMENT,2026-08-09T09:12:31+00:00,UNALLOCATED,,,,,
SLCMP2607-1749,1749,1749,794088151,2^794088151-1,STRUCTURAL_SCREEN_EXHAUSTED_PRIMALITY_UNASSIGNED,GF3A_DIRECTIONAL_WRITE_EXHAUSTED_PRIMALITY_UNASSIGNED,514,512,512,NO_RECORDED_FACTOR_PRP_OR_LL_RESULT_AND_NO_ACTIVE_GIMPS_ASSIGNMENT,2026-08-09T09:12:31+00:00,UNALLOCATED,,,,,
SLCMP2607-1750,1750,1750,794088193,2^794088193-1,STRUCTURAL_SCREEN_EXHAUSTED_PRIMALITY_UNASSIGNED,GF3A_DIRECTIONAL_WRITE_EXHAUSTED_PRIMALITY_UNASSIGNED,513,512,512,NO_RECORDED_FACTOR_PRP_OR_LL_RESULT_AND_NO_ACTIVE_GIMPS_ASSIGNMENT,2026-08-09T09:12:31+00:00,UNALLOCATED,,,,,
SLCMP2607-1751,1751,1751,794088209,2^794088209-1,STRUCTURAL_SCREEN_EXHAUSTED_PRIMALITY_UNASSIGNED,GF3A_DIRECTIONAL_WRITE_EXHAUSTED_PRIMALITY_UNASSIGNED,513,512,512,NO_RECORDED_FACTOR_PRP_OR_LL_RESULT_AND_NO_ACTIVE_GIMPS_ASSIGNMENT,2026-08-09T09:12:31+00:00,UNALLOCATED,,,,,
SLCMP2607-1752,1752,1752,794088311,2^794088311-1,STRUCTURAL_SCREEN_EXHAUSTED_PRIMALITY_UNASSIGNED,GF3A_DIRECTIONAL_WRITE_EXHAUSTED_PRIMALITY_UNASSIGNED,514,512,512,NO_RECORDED_FACTOR_PRP_OR_LL_RESULT_AND_NO_ACTIVE_GIMPS_ASSIGNMENT,2026-08-09T09:12:31+00:00,UNALLOCATED,,,,,
SLCMP2607-1753,1753,1753,794088319,2^794088319-1,STRUCTURAL_SCREEN_EXHAUSTED_PRIMALITY_UNASSIGNED,GF3A_DIRECTIONAL_WRITE_EXHAUSTED_PRIMALITY_UNASSIGNED,514,512,512,NO_RECORDED_FACTOR_PRP_OR_LL_RESULT_AND_NO_ACTIVE_GIMPS_ASSIGNMENT,2026-08-09T09:12:31+00:00,UNALLOCATED,,,,,
SLCMP2607-1754,1754,1754,794088367,2^794088367-1,STRUCTURAL_SCREEN_EXHAUSTED_PRIMALITY_UNASSIGNED,GF3A_DIRECTIONAL_WRITE_EXHAUSTED_PRIMALITY_UNASSIGNED,514,512,512,NO_RECORDED_FACTOR_PRP_OR_LL_RESULT_AND_NO_ACTIVE_GIMPS_ASSIGNMENT,2026-08-09T09:12:31+00:00,UNALLOCATED,,,,,
SLCMP2607-1755,1755,1755,794088397,2^794088397-1,STRUCTURAL_SCREEN_EXHAUSTED_PRIMALITY_UNASSIGNED,GF3A_DIRECTIONAL_WRITE_EXHAUSTED_PRIMALITY_UNASSIGNED,513,512,512,NO_RECORDED_FACTOR_PRP_OR_LL_RESULT_AND_NO_ACTIVE_GIMPS_ASSIGNMENT,2026-08-09T09:12:31+00:00,UNALLOCATED,,,,,
SLCMP2607-1756,1756,1756,794088419,2^794088419-1,STRUCTURAL_SCREEN_EXHAUSTED_PRIMALITY_UNASSIGNED,GF3A_DIRECTIONAL_WRITE_EXHAUSTED_PRIMALITY_UNASSIGNED,514,512,512,NO_RECORDED_FACTOR_PRP_OR_LL_RESULT_AND_NO_ACTIVE_GIMPS_ASSIGNMENT,2026-08-09T09:12:31+00:00,UNALLOCATED,,,,,
SLCMP2607-1757,1757,1757,794088457,2^794088457-1,STRUCTURAL_SCREEN_EXHAUSTED_PRIMALITY_UNASSIGNED,GF3A_DIRECTIONAL_WRITE_EXHAUSTED_PRIMALITY_UNASSIGNED,513,512,512,NO_RECORDED_FACTOR_PRP_OR_LL_RESULT_AND_NO_ACTIVE_GIMPS_ASSIGNMENT,2026-08-09T09:12:31+00:00,UNALLOCATED,,,,,
SLCMP2607-1758,1758,1758,794088481,2^794088481-1,STRUCTURAL_SCREEN_EXHAUSTED_PRIMALITY_UNASSIGNED,GF3A_DIRECTIONAL_WRITE_EXHAUSTED_PRIMALITY_UNASSIGNED,513,512,512,NO_RECORDED_FACTOR_PRP_OR_LL_RESULT_AND_NO_ACTIVE_GIMPS_ASSIGNMENT,2026-08-09T09:12:31+00:00,UNALLOCATED,,,,,
SLCMP2607-1759,1759,1759,794088523,2^794088523-1,STRUCTURAL_SCREEN_EXHAUSTED_PRIMALITY_UNASSIGNED,GF3A_DIRECTIONAL_WRITE_EXHAUSTED_PRIMALITY_UNASSIGNED,514,512,512,NO_RECORDED_FACTOR_PRP_OR_LL_RESULT_AND_NO_ACTIVE_GIMPS_ASSIGNMENT,2026-08-09T09:12:31+00:00,UNALLOCATED,,,,,
SLCMP2607-1760,1760,1760,794088539,2^794088539-1,STRUCTURAL_SCREEN_EXHAUSTED_PRIMALITY_UNASSIGNED,GF3A_DIRECTIONAL_WRITE_EXHAUSTED_PRIMALITY_UNASSIGNED,514,512,512,NO_RECORDED_FACTOR_PRP_OR_LL_RESULT_AND_NO_ACTIVE_GIMPS_ASSIGNMENT,2026-08-09T09:12:31+00:00,UNALLOCATED,,,,,
SLCMP2607-1761,1761,1761,794088553,2^794088553-1,STRUCTURAL_SCREEN_EXHAUSTED_PRIMALITY_UNASSIGNED,GF3A_DIRECTIONAL_WRITE_EXHAUSTED_PRIMALITY_UNASSIGNED,513,512,512,NO_RECORDED_FACTOR_PRP_OR_LL_RESULT_AND_NO_ACTIVE_GIMPS_ASSIGNMENT,2026-08-09T09:12:31+00:00,UNALLOCATED,,,,,
SLCMP2607-1762,1762,1762,794088557,2^794088557-1,STRUCTURAL_SCREEN_EXHAUSTED_PRIMALITY_UNASSIGNED,GF3A_DIRECTIONAL_WRITE_EXHAUSTED_PRIMALITY_UNASSIGNED,513,512,512,NO_RECORDED_FACTOR_PRP_OR_LL_RESULT_AND_NO_ACTIVE_GIMPS_ASSIGNMENT,2026-08-09T09:12:31+00:00,UNALLOCATED,,,,,
SLCMP2607-1763,1763,1763,794088569,2^794088569-1,STRUCTURAL_SCREEN_EXHAUSTED_PRIMALITY_UNASSIGNED,GF3A_DIRECTIONAL_WRITE_EXHAUSTED_PRIMALITY_UNASSIGNED,513,512,512,NO_RECORDED_FACTOR_PRP_OR_LL_RESULT_AND_NO_ACTIVE_GIMPS_ASSIGNMENT,2026-08-09T09:12:31+00:00,UNALLOCATED,,,,,
SLCMP2607-1764,1764,1764,794088613,2^794088613-1,STRUCTURAL_SCREEN_EXHAUSTED_PRIMALITY_UNASSIGNED,GF3A_DIRECTIONAL_WRITE_EXHAUSTED_PRIMALITY_UNASSIGNED,513,512,512,NO_RECORDED_FACTOR_PRP_OR_LL_RESULT_AND_NO_ACTIVE_GIMPS_ASSIGNMENT,2026-08-09T09:12:31+00:00,UNALLOCATED,,,,,
SLCMP2607-1765,1765,1765,794088619,2^794088619-1,STRUCTURAL_SCREEN_EXHAUSTED_PRIMALITY_UNASSIGNED,GF3A_DIRECTIONAL_WRITE_EXHAUSTED_PRIMALITY_UNASSIGNED,514,512,512,NO_RECORDED_FACTOR_PRP_OR_LL_RESULT_AND_NO_ACTIVE_GIMPS_ASSIGNMENT,2026-08-09T09:12:31+00:00,UNALLOCATED,,,,,
SLCMP2607-1766,1766,1766,794088689,2^794088689-1,STRUCTURAL_SCREEN_EXHAUSTED_PRIMALITY_UNASSIGNED,GF3A_DIRECTIONAL_WRITE_EXHAUSTED_PRIMALITY_UNASSIGNED,513,512,512,NO_RECORDED_FACTOR_PRP_OR_LL_RESULT_AND_NO_ACTIVE_GIMPS_ASSIGNMENT,2026-08-09T09:12:31+00:00,UNALLOCATED,,,,,
SLCMP2607-1767,1767,1767,794088703,2^794088703-1,STRUCTURAL_SCREEN_EXHAUSTED_PRIMALITY_UNASSIGNED,GF3A_DIRECTIONAL_WRITE_EXHAUSTED_PRIMALITY_UNASSIGNED,514,512,512,NO_RECORDED_FACTOR_PRP_OR_LL_RESULT_AND_NO_ACTIVE_GIMPS_ASSIGNMENT,2026-08-09T09:12:31+00:00,UNALLOCATED,,,,,
SLCMP2607-1768,1768,1768,794088719,2^794088719-1,STRUCTURAL_SCREEN_EXHAUSTED_PRIMALITY_UNASSIGNED,GF3A_DIRECTIONAL_WRITE_EXHAUSTED_PRIMALITY_UNASSIGNED,514,512,512,NO_RECORDED_FACTOR_PRP_OR_LL_RESULT_AND_NO_ACTIVE_GIMPS_ASSIGNMENT,2026-08-09T09:12:31+00:00,UNALLOCATED,,,,,
SLCMP2607-1769,1769,1769,794088761,2^794088761-1,STRUCTURAL_SCREEN_EXHAUSTED_PRIMALITY_UNASSIGNED,GF3A_DIRECTIONAL_WRITE_EXHAUSTED_PRIMALITY_UNASSIGNED,513,512,512,NO_RECORDED_FACTOR_PRP_OR_LL_RESULT_AND_NO_ACTIVE_GIMPS_ASSIGNMENT,2026-08-09T09:12:31+00:00,UNALLOCATED,,,,,
SLCMP2607-1770,1770,1770,794088809,2^794088809-1,STRUCTURAL_SCREEN_EXHAUSTED_PRIMALITY_UNASSIGNED,GF3A_DIRECTIONAL_WRITE_EXHAUSTED_PRIMALITY_UNASSIGNED,513,512,512,NO_RECORDED_FACTOR_PRP_OR_LL_RESULT_AND_NO_ACTIVE_GIMPS_ASSIGNMENT,2026-08-09T09:12:31+00:00,UNALLOCATED,,,,,
SLCMP2607-1771,1771,1771,794088947,2^794088947-1,STRUCTURAL_SCREEN_EXHAUSTED_PRIMALITY_UNASSIGNED,GF3A_DIRECTIONAL_WRITE_EXHAUSTED_PRIMALITY_UNASSIGNED,514,512,512,NO_RECORDED_FACTOR_PRP_OR_LL_RESULT_AND_NO_ACTIVE_GIMPS_ASSIGNMENT,2026-08-09T09:12:31+00:00,UNALLOCATED,,,,,
SLCMP2607-1772,1772,1772,794089013,2^794089013-1,STRUCTURAL_SCREEN_EXHAUSTED_PRIMALITY_UNASSIGNED,GF3A_DIRECTIONAL_WRITE_EXHAUSTED_PRIMALITY_UNASSIGNED,513,512,512,NO_RECORDED_FACTOR_PRP_OR_LL_RESULT_AND_NO_ACTIVE_GIMPS_ASSIGNMENT,2026-08-09T09:12:31+00:00,UNALLOCATED,,,,,
SLCMP2607-1773,1773,1773,794089019,2^794089019-1,STRUCTURAL_SCREEN_EXHAUSTED_PRIMALITY_UNASSIGNED,GF3A_DIRECTIONAL_WRITE_EXHAUSTED_PRIMALITY_UNASSIGNED,514,512,512,NO_RECORDED_FACTOR_PRP_OR_LL_RESULT_AND_NO_ACTIVE_GIMPS_ASSIGNMENT,2026-08-09T09:12:31+00:00,UNALLOCATED,,,,,
SLCMP2607-1774,1774,1774,794089147,2^794089147-1,STRUCTURAL_SCREEN_EXHAUSTED_PRIMALITY_UNASSIGNED,GF3A_DIRECTIONAL_WRITE_EXHAUSTED_PRIMALITY_UNASSIGNED,514,512,512,NO_RECORDED_FACTOR_PRP_OR_LL_RESULT_AND_NO_ACTIVE_GIMPS_ASSIGNMENT,2026-08-09T09:12:31+00:00,UNALLOCATED,,,,,
SLCMP2607-1775,1775,1775,794089151,2^794089151-1,STRUCTURAL_SCREEN_EXHAUSTED_PRIMALITY_UNASSIGNED,GF3A_DIRECTIONAL_WRITE_EXHAUSTED_PRIMALITY_UNASSIGNED,514,512,512,NO_RECORDED_FACTOR_PRP_OR_LL_RESULT_AND_NO_ACTIVE_GIMPS_ASSIGNMENT,2026-08-09T09:12:31+00:00,UNALLOCATED,,,,,
SLCMP2607-1776,1776,1776,794089171,2^794089171-1,STRUCTURAL_SCREEN_EXHAUSTED_PRIMALITY_UNASSIGNED,GF3A_DIRECTIONAL_WRITE_EXHAUSTED_PRIMALITY_UNASSIGNED,514,512,512,NO_RECORDED_FACTOR_PRP_OR_LL_RESULT_AND_NO_ACTIVE_GIMPS_ASSIGNMENT,2026-08-09T09:12:31+00:00,UNALLOCATED,,,,,
SLCMP2607-1777,1777,1777,794089207,2^794089207-1,STRUCTURAL_SCREEN_EXHAUSTED_PRIMALITY_UNASSIGNED,GF3A_DIRECTIONAL_WRITE_EXHAUSTED_PRIMALITY_UNASSIGNED,514,512,512,NO_RECORDED_FACTOR_PRP_OR_LL_RESULT_AND_NO_ACTIVE_GIMPS_ASSIGNMENT,2026-08-09T09:12:31+00:00,UNALLOCATED,,,,,
SLCMP2607-1778,1778,1778,794089229,2^794089229-1,STRUCTURAL_SCREEN_EXHAUSTED_PRIMALITY_UNASSIGNED,GF3A_DIRECTIONAL_WRITE_EXHAUSTED_PRIMALITY_UNASSIGNED,513,512,512,NO_RECORDED_FACTOR_PRP_OR_LL_RESULT_AND_NO_ACTIVE_GIMPS_ASSIGNMENT,2026-08-09T09:12:31+00:00,UNALLOCATED,,,,,
SLCMP2607-1779,1779,1779,794089253,2^794089253-1,STRUCTURAL_SCREEN_EXHAUSTED_PRIMALITY_UNASSIGNED,GF3A_DIRECTIONAL_WRITE_EXHAUSTED_PRIMALITY_UNASSIGNED,513,512,512,NO_RECORDED_FACTOR_PRP_OR_LL_RESULT_AND_NO_ACTIVE_GIMPS_ASSIGNMENT,2026-08-09T09:12:31+00:00,UNALLOCATED,,,,,
SLCMP2607-1780,1780,1780,794089327,2^794089327-1,STRUCTURAL_SCREEN_EXHAUSTED_PRIMALITY_UNASSIGNED,GF3A_DIRECTIONAL_WRITE_EXHAUSTED_PRIMALITY_UNASSIGNED,514,512,512,NO_RECORDED_FACTOR_PRP_OR_LL_RESULT_AND_NO_ACTIVE_GIMPS_ASSIGNMENT,2026-08-09T09:12:31+00:00,UNALLOCATED,,,,,
SLCMP2607-1781,1781,1781,794089337,2^794089337-1,STRUCTURAL_SCREEN_EXHAUSTED_PRIMALITY_UNASSIGNED,GF3A_DIRECTIONAL_WRITE_EXHAUSTED_PRIMALITY_UNASSIGNED,513,512,512,NO_RECORDED_FACTOR_PRP_OR_LL_RESULT_AND_NO_ACTIVE_GIMPS_ASSIGNMENT,2026-08-09T09:12:31+00:00,UNALLOCATED,,,,,
SLCMP2607-1782,1782,1782,794089369,2^794089369-1,STRUCTURAL_SCREEN_EXHAUSTED_PRIMALITY_UNASSIGNED,GF3A_DIRECTIONAL_WRITE_EXHAUSTED_PRIMALITY_UNASSIGNED,513,512,512,NO_RECORDED_FACTOR_PRP_OR_LL_RESULT_AND_NO_ACTIVE_GIMPS_ASSIGNMENT,2026-08-09T09:12:31+00:00,UNALLOCATED,,,,,
SLCMP2607-1783,1783,1783,794089403,2^794089403-1,STRUCTURAL_SCREEN_EXHAUSTED_PRIMALITY_UNASSIGNED,GF3A_DIRECTIONAL_WRITE_EXHAUSTED_PRIMALITY_UNASSIGNED,514,512,512,NO_RECORDED_FACTOR_PRP_OR_LL_RESULT_AND_NO_ACTIVE_GIMPS_ASSIGNMENT,2026-08-09T09:12:31+00:00,UNALLOCATED,,,,,
SLCMP2607-1784,1784,1784,794089409,2^794089409-1,STRUCTURAL_SCREEN_EXHAUSTED_PRIMALITY_UNASSIGNED,GF3A_DIRECTIONAL_WRITE_EXHAUSTED_PRIMALITY_UNASSIGNED,513,512,512,NO_RECORDED_FACTOR_PRP_OR_LL_RESULT_AND_NO_ACTIVE_GIMPS_ASSIGNMENT,2026-08-09T09:12:31+00:00,UNALLOCATED,,,,,
SLCMP2607-1785,1785,1785,794089507,2^794089507-1,STRUCTURAL_SCREEN_EXHAUSTED_PRIMALITY_UNASSIGNED,GF3A_DIRECTIONAL_WRITE_EXHAUSTED_PRIMALITY_UNASSIGNED,514,512,512,NO_RECORDED_FACTOR_PRP_OR_LL_RESULT_AND_NO_ACTIVE_GIMPS_ASSIGNMENT,2026-08-09T09:12:31+00:00,UNALLOCATED,,,,,
SLCMP2607-1786,1786,1786,794089529,2^794089529-1,STRUCTURAL_SCREEN_EXHAUSTED_PRIMALITY_UNASSIGNED,GF3A_DIRECTIONAL_WRITE_EXHAUSTED_PRIMALITY_UNASSIGNED,513,512,512,NO_RECORDED_FACTOR_PRP_OR_LL_RESULT_AND_NO_ACTIVE_GIMPS_ASSIGNMENT,2026-08-09T09:12:31+00:00,UNALLOCATED,,,,,
SLCMP2607-1787,1787,1787,794089531,2^794089531-1,STRUCTURAL_SCREEN_EXHAUSTED_PRIMALITY_UNASSIGNED,GF3A_DIRECTIONAL_WRITE_EXHAUSTED_PRIMALITY_UNASSIGNED,514,512,512,NO_RECORDED_FACTOR_PRP_OR_LL_RESULT_AND_NO_ACTIVE_GIMPS_ASSIGNMENT,2026-08-09T09:12:31+00:00,UNALLOCATED,,,,,
SLCMP2607-1788,1788,1788,794089537,2^794089537-1,STRUCTURAL_SCREEN_EXHAUSTED_PRIMALITY_UNASSIGNED,GF3A_DIRECTIONAL_WRITE_EXHAUSTED_PRIMALITY_UNASSIGNED,513,512,512,NO_RECORDED_FACTOR_PRP_OR_LL_RESULT_AND_NO_ACTIVE_GIMPS_ASSIGNMENT,2026-08-09T09:12:31+00:00,UNALLOCATED,,,,,
SLCMP2607-1789,1789,1789,794089589,2^794089589-1,STRUCTURAL_SCREEN_EXHAUSTED_PRIMALITY_UNASSIGNED,GF3A_DIRECTIONAL_WRITE_EXHAUSTED_PRIMALITY_UNASSIGNED,513,512,512,NO_RECORDED_FACTOR_PRP_OR_LL_RESULT_AND_NO_ACTIVE_GIMPS_ASSIGNMENT,2026-08-09T09:12:31+00:00,UNALLOCATED,,,,,
SLCMP2607-1790,1790,1790,794089607,2^794089607-1,STRUCTURAL_SCREEN_EXHAUSTED_PRIMALITY_UNASSIGNED,GF3A_DIRECTIONAL_WRITE_EXHAUSTED_PRIMALITY_UNASSIGNED,514,512,512,NO_RECORDED_FACTOR_PRP_OR_LL_RESULT_AND_NO_ACTIVE_GIMPS_ASSIGNMENT,2026-08-09T09:12:31+00:00,UNALLOCATED,,,,,
SLCMP2607-1791,1791,1791,794089711,2^794089711-1,STRUCTURAL_SCREEN_EXHAUSTED_PRIMALITY_UNASSIGNED,GF3A_DIRECTIONAL_WRITE_EXHAUSTED_PRIMALITY_UNASSIGNED,514,512,512,NO_RECORDED_FACTOR_PRP_OR_LL_RESULT_AND_NO_ACTIVE_GIMPS_ASSIGNMENT,2026-08-09T09:12:31+00:00,UNALLOCATED,,,,,
SLCMP2607-1792,1792,1792,794089733,2^794089733-1,STRUCTURAL_SCREEN_EXHAUSTED_PRIMALITY_UNASSIGNED,GF3A_DIRECTIONAL_WRITE_EXHAUSTED_PRIMALITY_UNASSIGNED,513,512,512,NO_RECORDED_FACTOR_PRP_OR_LL_RESULT_AND_NO_ACTIVE_GIMPS_ASSIGNMENT,2026-08-09T09:12:31+00:00,UNALLOCATED,,,,,
SLCMP2607-1793,1793,1793,794089753,2^794089753-1,STRUCTURAL_SCREEN_EXHAUSTED_PRIMALITY_UNASSIGNED,GF3A_DIRECTIONAL_WRITE_EXHAUSTED_PRIMALITY_UNASSIGNED,513,512,512,NO_RECORDED_FACTOR_PRP_OR_LL_RESULT_AND_NO_ACTIVE_GIMPS_ASSIGNMENT,2026-08-09T09:12:31+00:00,UNALLOCATED,,,,,
SLCMP2607-1794,1794,1794,794089841,2^794089841-1,STRUCTURAL_SCREEN_EXHAUSTED_PRIMALITY_UNASSIGNED,GF3A_DIRECTIONAL_WRITE_EXHAUSTED_PRIMALITY_UNASSIGNED,513,512,512,NO_RECORDED_FACTOR_PRP_OR_LL_RESULT_AND_NO_ACTIVE_GIMPS_ASSIGNMENT,2026-08-09T09:12:31+00:00,UNALLOCATED,,,,,
SLCMP2607-1795,1795,1795,794089859,2^794089859-1,STRUCTURAL_SCREEN_EXHAUSTED_PRIMALITY_UNASSIGNED,GF3A_DIRECTIONAL_WRITE_EXHAUSTED_PRIMALITY_UNASSIGNED,514,512,512,NO_RECORDED_FACTOR_PRP_OR_LL_RESULT_AND_NO_ACTIVE_GIMPS_ASSIGNMENT,2026-08-09T09:12:31+00:00,UNALLOCATED,,,,,
SLCMP2607-1796,1796,1796,794089913,2^794089913-1,STRUCTURAL_SCREEN_EXHAUSTED_PRIMALITY_UNASSIGNED,GF3A_DIRECTIONAL_WRITE_EXHAUSTED_PRIMALITY_UNASSIGNED,513,512,512,NO_RECORDED_FACTOR_PRP_OR_LL_RESULT_AND_NO_ACTIVE_GIMPS_ASSIGNMENT,2026-08-09T09:12:31+00:00,UNALLOCATED,,,,,
SLCMP2607-1797,1797,1797,794089993,2^794089993-1,STRUCTURAL_SCREEN_EXHAUSTED_PRIMALITY_UNASSIGNED,GF3A_DIRECTIONAL_WRITE_EXHAUSTED_PRIMALITY_UNASSIGNED,513,512,512,NO_RECORDED_FACTOR_PRP_OR_LL_RESULT_AND_NO_ACTIVE_GIMPS_ASSIGNMENT,2026-08-09T09:12:31+00:00,UNALLOCATED,,,,,
SLCMP2607-1798,1798,1798,794090071,2^794090071-1,STRUCTURAL_SCREEN_EXHAUSTED_PRIMALITY_UNASSIGNED,GF3A_DIRECTIONAL_WRITE_EXHAUSTED_PRIMALITY_UNASSIGNED,514,512,512,NO_RECORDED_FACTOR_PRP_OR_LL_RESULT_AND_NO_ACTIVE_GIMPS_ASSIGNMENT,2026-08-09T09:12:31+00:00,UNALLOCATED,,,,,
SLCMP2607-1799,1799,1799,794090081,2^794090081-1,STRUCTURAL_SCREEN_EXHAUSTED_PRIMALITY_UNASSIGNED,GF3A_DIRECTIONAL_WRITE_EXHAUSTED_PRIMALITY_UNASSIGNED,513,512,512,NO_RECORDED_FACTOR_PRP_OR_LL_RESULT_AND_NO_ACTIVE_GIMPS_ASSIGNMENT,2026-08-09T09:12:31+00:00,UNALLOCATED,,,,,
SLCMP2607-1800,1800,1800,794090117,2^794090117-1,STRUCTURAL_SCREEN_EXHAUSTED_PRIMALITY_UNASSIGNED,GF3A_DIRECTIONAL_WRITE_EXHAUSTED_PRIMALITY_UNASSIGNED,513,512,512,NO_RECORDED_FACTOR_PRP_OR_LL_RESULT_AND_NO_ACTIVE_GIMPS_ASSIGNMENT,2026-08-09T09:12:31+00:00,UNALLOCATED,,,,,
SLCMP2607-1801,1801,1801,794090279,2^794090279-1,STRUCTURAL_SCREEN_EXHAUSTED_PRIMALITY_UNASSIGNED,GF3A_DIRECTIONAL_WRITE_EXHAUSTED_PRIMALITY_UNASSIGNED,514,512,512,NO_RECORDED_FACTOR_PRP_OR_LL_RESULT_AND_NO_ACTIVE_GIMPS_ASSIGNMENT,2026-08-09T09:12:31+00:00,UNALLOCATED,,,,,
SLCMP2607-1802,1802,1802,794090317,2^794090317-1,STRUCTURAL_SCREEN_EXHAUSTED_PRIMALITY_UNASSIGNED,GF3A_DIRECTIONAL_WRITE_EXHAUSTED_PRIMALITY_UNASSIGNED,513,512,512,NO_RECORDED_FACTOR_PRP_OR_LL_RESULT_AND_NO_ACTIVE_GIMPS_ASSIGNMENT,2026-08-09T09:12:31+00:00,UNALLOCATED,,,,,
SLCMP2607-1803,1803,1803,794090443,2^794090443-1,STRUCTURAL_SCREEN_EXHAUSTED_PRIMALITY_UNASSIGNED,GF3A_DIRECTIONAL_WRITE_EXHAUSTED_PRIMALITY_UNASSIGNED,514,512,512,NO_RECORDED_FACTOR_PRP_OR_LL_RESULT_AND_NO_ACTIVE_GIMPS_ASSIGNMENT,2026-08-09T09:12:31+00:00,UNALLOCATED,,,,,
SLCMP2607-1804,1804,1804,794090461,2^794090461-1,STRUCTURAL_SCREEN_EXHAUSTED_PRIMALITY_UNASSIGNED,GF3A_DIRECTIONAL_WRITE_EXHAUSTED_PRIMALITY_UNASSIGNED,513,512,512,NO_RECORDED_FACTOR_PRP_OR_LL_RESULT_AND_NO_ACTIVE_GIMPS_ASSIGNMENT,2026-08-09T09:12:31+00:00,UNALLOCATED,,,,,
SLCMP2607-1805,1805,1805,794090489,2^794090489-1,STRUCTURAL_SCREEN_EXHAUSTED_PRIMALITY_UNASSIGNED,GF3A_DIRECTIONAL_WRITE_EXHAUSTED_PRIMALITY_UNASSIGNED,513,512,512,NO_RECORDED_FACTOR_PRP_OR_LL_RESULT_AND_NO_ACTIVE_GIMPS_ASSIGNMENT,2026-08-09T09:12:31+00:00,UNALLOCATED,,,,,
SLCMP2607-1806,1806,1806,794090533,2^794090533-1,STRUCTURAL_SCREEN_EXHAUSTED_PRIMALITY_UNASSIGNED,GF3A_DIRECTIONAL_WRITE_EXHAUSTED_PRIMALITY_UNASSIGNED,513,512,512,NO_RECORDED_FACTOR_PRP_OR_LL_RESULT_AND_NO_ACTIVE_GIMPS_ASSIGNMENT,2026-08-09T09:12:31+00:00,UNALLOCATED,,,,,
SLCMP2607-1807,1807,1807,794090599,2^794090599-1,STRUCTURAL_SCREEN_EXHAUSTED_PRIMALITY_UNASSIGNED,GF3A_DIRECTIONAL_WRITE_EXHAUSTED_PRIMALITY_UNASSIGNED,514,512,512,NO_RECORDED_FACTOR_PRP_OR_LL_RESULT_AND_NO_ACTIVE_GIMPS_ASSIGNMENT,2026-08-09T09:12:31+00:00,UNALLOCATED,,,,,
SLCMP2607-1808,1808,1808,794090623,2^794090623-1,STRUCTURAL_SCREEN_EXHAUSTED_PRIMALITY_UNASSIGNED,GF3A_DIRECTIONAL_WRITE_EXHAUSTED_PRIMALITY_UNASSIGNED,514,512,512,NO_RECORDED_FACTOR_PRP_OR_LL_RESULT_AND_NO_ACTIVE_GIMPS_ASSIGNMENT,2026-08-09T09:12:31+00:00,UNALLOCATED,,,,,
SLCMP2607-1809,1809,1809,794090629,2^794090629-1,STRUCTURAL_SCREEN_EXHAUSTED_PRIMALITY_UNASSIGNED,GF3A_DIRECTIONAL_WRITE_EXHAUSTED_PRIMALITY_UNASSIGNED,513,512,512,NO_RECORDED_FACTOR_PRP_OR_LL_RESULT_AND_NO_ACTIVE_GIMPS_ASSIGNMENT,2026-08-09T09:12:31+00:00,UNALLOCATED,,,,,
SLCMP2607-1810,1810,1810,794090639,2^794090639-1,STRUCTURAL_SCREEN_EXHAUSTED_PRIMALITY_UNASSIGNED,GF3A_DIRECTIONAL_WRITE_EXHAUSTED_PRIMALITY_UNASSIGNED,514,512,512,NO_RECORDED_FACTOR_PRP_OR_LL_RESULT_AND_NO_ACTIVE_GIMPS_ASSIGNMENT,2026-08-09T09:12:31+00:00,UNALLOCATED,,,,,
SLCMP2607-1811,1811,1811,794090743,2^794090743-1,STRUCTURAL_SCREEN_EXHAUSTED_PRIMALITY_UNASSIGNED,GF3A_DIRECTIONAL_WRITE_EXHAUSTED_PRIMALITY_UNASSIGNED,514,512,512,NO_RECORDED_FACTOR_PRP_OR_LL_RESULT_AND_NO_ACTIVE_GIMPS_ASSIGNMENT,2026-08-09T09:12:31+00:00,UNALLOCATED,,,,,
SLCMP2607-1812,1812,1812,794090779,2^794090779-1,STRUCTURAL_SCREEN_EXHAUSTED_PRIMALITY_UNASSIGNED,GF3A_DIRECTIONAL_WRITE_EXHAUSTED_PRIMALITY_UNASSIGNED,514,512,512,NO_RECORDED_FACTOR_PRP_OR_LL_RESULT_AND_NO_ACTIVE_GIMPS_ASSIGNMENT,2026-08-09T09:12:31+00:00,UNALLOCATED,,,,,
SLCMP2607-1813,1813,1813,794090827,2^794090827-1,STRUCTURAL_SCREEN_EXHAUSTED_PRIMALITY_UNASSIGNED,GF3A_DIRECTIONAL_WRITE_EXHAUSTED_PRIMALITY_UNASSIGNED,514,512,512,NO_RECORDED_FACTOR_PRP_OR_LL_RESULT_AND_NO_ACTIVE_GIMPS_ASSIGNMENT,2026-08-09T09:12:31+00:00,UNALLOCATED,,,,,
SLCMP2607-1814,1814,1814,794090873,2^794090873-1,STRUCTURAL_SCREEN_EXHAUSTED_PRIMALITY_UNASSIGNED,GF3A_DIRECTIONAL_WRITE_EXHAUSTED_PRIMALITY_UNASSIGNED,513,512,512,NO_RECORDED_FACTOR_PRP_OR_LL_RESULT_AND_NO_ACTIVE_GIMPS_ASSIGNMENT,2026-08-09T09:12:31+00:00,UNALLOCATED,,,,,
SLCMP2607-1815,1815,1815,794090989,2^794090989-1,STRUCTURAL_SCREEN_EXHAUSTED_PRIMALITY_UNASSIGNED,GF3A_DIRECTIONAL_WRITE_EXHAUSTED_PRIMALITY_UNASSIGNED,513,512,512,NO_RECORDED_FACTOR_PRP_OR_LL_RESULT_AND_NO_ACTIVE_GIMPS_ASSIGNMENT,2026-08-09T09:12:31+00:00,UNALLOCATED,,,,,
SLCMP2607-1816,1816,1816,794091047,2^794091047-1,STRUCTURAL_SCREEN_EXHAUSTED_PRIMALITY_UNASSIGNED,GF3A_DIRECTIONAL_WRITE_EXHAUSTED_PRIMALITY_UNASSIGNED,514,512,512,NO_RECORDED_FACTOR_PRP_OR_LL_RESULT_AND_NO_ACTIVE_GIMPS_ASSIGNMENT,2026-08-09T09:12:31+00:00,UNALLOCATED,,,,,
SLCMP2607-1817,1817,1817,794091049,2^794091049-1,STRUCTURAL_SCREEN_EXHAUSTED_PRIMALITY_UNASSIGNED,GF3A_DIRECTIONAL_WRITE_EXHAUSTED_PRIMALITY_UNASSIGNED,513,512,512,NO_RECORDED_FACTOR_PRP_OR_LL_RESULT_AND_NO_ACTIVE_GIMPS_ASSIGNMENT,2026-08-09T09:12:31+00:00,UNALLOCATED,,,,,
SLCMP2607-1818,1818,1818,794091091,2^794091091-1,STRUCTURAL_SCREEN_EXHAUSTED_PRIMALITY_UNASSIGNED,GF3A_DIRECTIONAL_WRITE_EXHAUSTED_PRIMALITY_UNASSIGNED,514,512,512,NO_RECORDED_FACTOR_PRP_OR_LL_RESULT_AND_NO_ACTIVE_GIMPS_ASSIGNMENT,2026-08-09T09:12:31+00:00,UNALLOCATED,,,,,
SLCMP2607-1819,1819,1819,794091121,2^794091121-1,STRUCTURAL_SCREEN_EXHAUSTED_PRIMALITY_UNASSIGNED,GF3A_DIRECTIONAL_WRITE_EXHAUSTED_PRIMALITY_UNASSIGNED,513,512,512,NO_RECORDED_FACTOR_PRP_OR_LL_RESULT_AND_NO_ACTIVE_GIMPS_ASSIGNMENT,2026-08-09T09:12:31+00:00,UNALLOCATED,,,,,
SLCMP2607-1820,1820,1820,794091139,2^794091139-1,STRUCTURAL_SCREEN_EXHAUSTED_PRIMALITY_UNASSIGNED,GF3A_DIRECTIONAL_WRITE_EXHAUSTED_PRIMALITY_UNASSIGNED,514,512,512,NO_RECORDED_FACTOR_PRP_OR_LL_RESULT_AND_NO_ACTIVE_GIMPS_ASSIGNMENT,2026-08-09T09:12:31+00:00,UNALLOCATED,,,,,
SLCMP2607-1821,1821,1821,794091143,2^794091143-1,STRUCTURAL_SCREEN_EXHAUSTED_PRIMALITY_UNASSIGNED,GF3A_DIRECTIONAL_WRITE_EXHAUSTED_PRIMALITY_UNASSIGNED,514,512,512,NO_RECORDED_FACTOR_PRP_OR_LL_RESULT_AND_NO_ACTIVE_GIMPS_ASSIGNMENT,2026-08-09T09:12:31+00:00,UNALLOCATED,,,,,
SLCMP2607-1822,1822,1822,794091167,2^794091167-1,STRUCTURAL_SCREEN_EXHAUSTED_PRIMALITY_UNASSIGNED,GF3A_DIRECTIONAL_WRITE_EXHAUSTED_PRIMALITY_UNASSIGNED,514,512,512,NO_RECORDED_FACTOR_PRP_OR_LL_RESULT_AND_NO_ACTIVE_GIMPS_ASSIGNMENT,2026-08-09T09:12:31+00:00,UNALLOCATED,,,,,
SLCMP2607-1823,1823,1823,794091203,2^794091203-1,STRUCTURAL_SCREEN_EXHAUSTED_PRIMALITY_UNASSIGNED,GF3A_DIRECTIONAL_WRITE_EXHAUSTED_PRIMALITY_UNASSIGNED,514,512,512,NO_RECORDED_FACTOR_PRP_OR_LL_RESULT_AND_NO_ACTIVE_GIMPS_ASSIGNMENT,2026-08-09T09:12:31+00:00,UNALLOCATED,,,,,
SLCMP2607-1824,1824,1824,794091211,2^794091211-1,STRUCTURAL_SCREEN_EXHAUSTED_PRIMALITY_UNASSIGNED,GF3A_DIRECTIONAL_WRITE_EXHAUSTED_PRIMALITY_UNASSIGNED,514,512,512,NO_RECORDED_FACTOR_PRP_OR_LL_RESULT_AND_NO_ACTIVE_GIMPS_ASSIGNMENT,2026-08-09T09:12:31+00:00,UNALLOCATED,,,,,
SLCMP2607-1825,1825,1825,794091227,2^794091227-1,STRUCTURAL_SCREEN_EXHAUSTED_PRIMALITY_UNASSIGNED,GF3A_DIRECTIONAL_WRITE_EXHAUSTED_PRIMALITY_UNASSIGNED,514,512,512,NO_RECORDED_FACTOR_PRP_OR_LL_RESULT_AND_NO_ACTIVE_GIMPS_ASSIGNMENT,2026-08-09T09:12:31+00:00,UNALLOCATED,,,,,
SLCMP2607-1826,1826,1826,794091323,2^794091323-1,STRUCTURAL_SCREEN_EXHAUSTED_PRIMALITY_UNASSIGNED,GF3A_DIRECTIONAL_WRITE_EXHAUSTED_PRIMALITY_UNASSIGNED,514,512,512,NO_RECORDED_FACTOR_PRP_OR_LL_RESULT_AND_NO_ACTIVE_GIMPS_ASSIGNMENT,2026-08-09T09:12:31+00:00,UNALLOCATED,,,,,
SLCMP2607-1827,1827,1827,794091433,2^794091433-1,STRUCTURAL_SCREEN_EXHAUSTED_PRIMALITY_UNASSIGNED,GF3A_DIRECTIONAL_WRITE_EXHAUSTED_PRIMALITY_UNASSIGNED,513,512,512,NO_RECORDED_FACTOR_PRP_OR_LL_RESULT_AND_NO_ACTIVE_GIMPS_ASSIGNMENT,2026-08-09T09:12:31+00:00,UNALLOCATED,,,,,
SLCMP2607-1828,1828,1828,794091457,2^794091457-1,STRUCTURAL_SCREEN_EXHAUSTED_PRIMALITY_UNASSIGNED,GF3A_DIRECTIONAL_WRITE_EXHAUSTED_PRIMALITY_UNASSIGNED,513,512,512,NO_RECORDED_FACTOR_PRP_OR_LL_RESULT_AND_NO_ACTIVE_GIMPS_ASSIGNMENT,2026-08-09T09:12:31+00:00,UNALLOCATED,,,,,
SLCMP2607-1829,1829,1829,794091511,2^794091511-1,STRUCTURAL_SCREEN_EXHAUSTED_PRIMALITY_UNASSIGNED,GF3A_DIRECTIONAL_WRITE_EXHAUSTED_PRIMALITY_UNASSIGNED,514,512,512,NO_RECORDED_FACTOR_PRP_OR_LL_RESULT_AND_NO_ACTIVE_GIMPS_ASSIGNMENT,2026-08-09T09:12:31+00:00,UNALLOCATED,,,,,
SLCMP2607-1830,1830,1830,794091523,2^794091523-1,STRUCTURAL_SCREEN_EXHAUSTED_PRIMALITY_UNASSIGNED,GF3A_DIRECTIONAL_WRITE_EXHAUSTED_PRIMALITY_UNASSIGNED,514,512,512,NO_RECORDED_FACTOR_PRP_OR_LL_RESULT_AND_NO_ACTIVE_GIMPS_ASSIGNMENT,2026-08-09T09:12:31+00:00,UNALLOCATED,,,,,
SLCMP2607-1831,1831,1831,794091559,2^794091559-1,STRUCTURAL_SCREEN_EXHAUSTED_PRIMALITY_UNASSIGNED,GF3A_DIRECTIONAL_WRITE_EXHAUSTED_PRIMALITY_UNASSIGNED,514,512,512,NO_RECORDED_FACTOR_PRP_OR_LL_RESULT_AND_NO_ACTIVE_GIMPS_ASSIGNMENT,2026-08-09T09:12:31+00:00,UNALLOCATED,,,,,
SLCMP2607-1832,1832,1832,794091631,2^794091631-1,STRUCTURAL_SCREEN_EXHAUSTED_PRIMALITY_UNASSIGNED,GF3A_DIRECTIONAL_WRITE_EXHAUSTED_PRIMALITY_UNASSIGNED,514,512,512,NO_RECORDED_FACTOR_PRP_OR_LL_RESULT_AND_NO_ACTIVE_GIMPS_ASSIGNMENT,2026-08-09T09:12:31+00:00,UNALLOCATED,,,,,
SLCMP2607-1833,1833,1833,794091821,2^794091821-1,STRUCTURAL_SCREEN_EXHAUSTED_PRIMALITY_UNASSIGNED,GF3A_DIRECTIONAL_WRITE_EXHAUSTED_PRIMALITY_UNASSIGNED,513,512,512,NO_RECORDED_FACTOR_PRP_OR_LL_RESULT_AND_NO_ACTIVE_GIMPS_ASSIGNMENT,2026-08-09T09:12:31+00:00,UNALLOCATED,,,,,
SLCMP2607-1834,1834,1834,794091887,2^794091887-1,STRUCTURAL_SCREEN_EXHAUSTED_PRIMALITY_UNASSIGNED,GF3A_DIRECTIONAL_WRITE_EXHAUSTED_PRIMALITY_UNASSIGNED,514,512,512,NO_RECORDED_FACTOR_PRP_OR_LL_RESULT_AND_NO_ACTIVE_GIMPS_ASSIGNMENT,2026-08-09T09:12:31+00:00,UNALLOCATED,,,,,
SLCMP2607-1835,1835,1835,794091917,2^794091917-1,STRUCTURAL_SCREEN_EXHAUSTED_PRIMALITY_UNASSIGNED,GF3A_DIRECTIONAL_WRITE_EXHAUSTED_PRIMALITY_UNASSIGNED,513,512,512,NO_RECORDED_FACTOR_PRP_OR_LL_RESULT_AND_NO_ACTIVE_GIMPS_ASSIGNMENT,2026-08-09T09:12:31+00:00,UNALLOCATED,,,,,
SLCMP2607-1836,1836,1836,794091929,2^794091929-1,STRUCTURAL_SCREEN_EXHAUSTED_PRIMALITY_UNASSIGNED,GF3A_DIRECTIONAL_WRITE_EXHAUSTED_PRIMALITY_UNASSIGNED,513,512,512,NO_RECORDED_FACTOR_PRP_OR_LL_RESULT_AND_NO_ACTIVE_GIMPS_ASSIGNMENT,2026-08-09T09:12:31+00:00,UNALLOCATED,,,,,
SLCMP2607-1837,1837,1837,794091979,2^794091979-1,STRUCTURAL_SCREEN_EXHAUSTED_PRIMALITY_UNASSIGNED,GF3A_DIRECTIONAL_WRITE_EXHAUSTED_PRIMALITY_UNASSIGNED,514,512,512,NO_RECORDED_FACTOR_PRP_OR_LL_RESULT_AND_NO_ACTIVE_GIMPS_ASSIGNMENT,2026-08-09T09:12:31+00:00,UNALLOCATED,,,,,
SLCMP2607-1838,1838,1838,794092147,2^794092147-1,STRUCTURAL_SCREEN_EXHAUSTED_PRIMALITY_UNASSIGNED,GF3A_DIRECTIONAL_WRITE_EXHAUSTED_PRIMALITY_UNASSIGNED,514,512,512,NO_RECORDED_FACTOR_PRP_OR_LL_RESULT_AND_NO_ACTIVE_GIMPS_ASSIGNMENT,2026-08-09T09:12:31+00:00,UNALLOCATED,,,,,
SLCMP2607-1839,1839,1839,794092171,2^794092171-1,STRUCTURAL_SCREEN_EXHAUSTED_PRIMALITY_UNASSIGNED,GF3A_DIRECTIONAL_WRITE_EXHAUSTED_PRIMALITY_UNASSIGNED,514,512,512,NO_RECORDED_FACTOR_PRP_OR_LL_RESULT_AND_NO_ACTIVE_GIMPS_ASSIGNMENT,2026-08-09T09:12:31+00:00,UNALLOCATED,,,,,
SLCMP2607-1840,1840,1840,794092301,2^794092301-1,STRUCTURAL_SCREEN_EXHAUSTED_PRIMALITY_UNASSIGNED,GF3A_DIRECTIONAL_WRITE_EXHAUSTED_PRIMALITY_UNASSIGNED,513,512,512,NO_RECORDED_FACTOR_PRP_OR_LL_RESULT_AND_NO_ACTIVE_GIMPS_ASSIGNMENT,2026-08-09T09:12:31+00:00,UNALLOCATED,,,,,
SLCMP2607-1841,1841,1841,794092303,2^794092303-1,STRUCTURAL_SCREEN_EXHAUSTED_PRIMALITY_UNASSIGNED,GF3A_DIRECTIONAL_WRITE_EXHAUSTED_PRIMALITY_UNASSIGNED,514,512,512,NO_RECORDED_FACTOR_PRP_OR_LL_RESULT_AND_NO_ACTIVE_GIMPS_ASSIGNMENT,2026-08-09T09:12:31+00:00,UNALLOCATED,,,,,
SLCMP2607-1842,1842,1842,794092459,2^794092459-1,STRUCTURAL_SCREEN_EXHAUSTED_PRIMALITY_UNASSIGNED,GF3A_DIRECTIONAL_WRITE_EXHAUSTED_PRIMALITY_UNASSIGNED,514,512,512,NO_RECORDED_FACTOR_PRP_OR_LL_RESULT_AND_NO_ACTIVE_GIMPS_ASSIGNMENT,2026-08-09T09:12:31+00:00,UNALLOCATED,,,,,
SLCMP2607-1843,1843,1843,794092477,2^794092477-1,STRUCTURAL_SCREEN_EXHAUSTED_PRIMALITY_UNASSIGNED,GF3A_DIRECTIONAL_WRITE_EXHAUSTED_PRIMALITY_UNASSIGNED,513,512,512,NO_RECORDED_FACTOR_PRP_OR_LL_RESULT_AND_NO_ACTIVE_GIMPS_ASSIGNMENT,2026-08-09T09:12:31+00:00,UNALLOCATED,,,,,
SLCMP2607-1844,1844,1844,794092493,2^794092493-1,STRUCTURAL_SCREEN_EXHAUSTED_PRIMALITY_UNASSIGNED,GF3A_DIRECTIONAL_WRITE_EXHAUSTED_PRIMALITY_UNASSIGNED,513,512,512,NO_RECORDED_FACTOR_PRP_OR_LL_RESULT_AND_NO_ACTIVE_GIMPS_ASSIGNMENT,2026-08-09T09:12:31+00:00,UNALLOCATED,,,,,
SLCMP2607-1845,1845,1845,794092543,2^794092543-1,STRUCTURAL_SCREEN_EXHAUSTED_PRIMALITY_UNASSIGNED,GF3A_DIRECTIONAL_WRITE_EXHAUSTED_PRIMALITY_UNASSIGNED,514,512,512,NO_RECORDED_FACTOR_PRP_OR_LL_RESULT_AND_NO_ACTIVE_GIMPS_ASSIGNMENT,2026-08-09T09:12:31+00:00,UNALLOCATED,,,,,
SLCMP2607-1846,1846,1846,794092553,2^794092553-1,STRUCTURAL_SCREEN_EXHAUSTED_PRIMALITY_UNASSIGNED,GF3A_DIRECTIONAL_WRITE_EXHAUSTED_PRIMALITY_UNASSIGNED,513,512,512,NO_RECORDED_FACTOR_PRP_OR_LL_RESULT_AND_NO_ACTIVE_GIMPS_ASSIGNMENT,2026-08-09T09:12:31+00:00,UNALLOCATED,,,,,
SLCMP2607-1847,1847,1847,794092657,2^794092657-1,STRUCTURAL_SCREEN_EXHAUSTED_PRIMALITY_UNASSIGNED,GF3A_DIRECTIONAL_WRITE_EXHAUSTED_PRIMALITY_UNASSIGNED,513,512,512,NO_RECORDED_FACTOR_PRP_OR_LL_RESULT_AND_NO_ACTIVE_GIMPS_ASSIGNMENT,2026-08-09T09:12:31+00:00,UNALLOCATED,,,,,
SLCMP2607-1848,1848,1848,794092699,2^794092699-1,STRUCTURAL_SCREEN_EXHAUSTED_PRIMALITY_UNASSIGNED,GF3A_DIRECTIONAL_WRITE_EXHAUSTED_PRIMALITY_UNASSIGNED,514,512,512,NO_RECORDED_FACTOR_PRP_OR_LL_RESULT_AND_NO_ACTIVE_GIMPS_ASSIGNMENT,2026-08-09T09:12:31+00:00,UNALLOCATED,,,,,
SLCMP2607-1849,1849,1849,794092709,2^794092709-1,STRUCTURAL_SCREEN_EXHAUSTED_PRIMALITY_UNASSIGNED,GF3A_DIRECTIONAL_WRITE_EXHAUSTED_PRIMALITY_UNASSIGNED,513,512,512,NO_RECORDED_FACTOR_PRP_OR_LL_RESULT_AND_NO_ACTIVE_GIMPS_ASSIGNMENT,2026-08-09T09:12:31+00:00,UNALLOCATED,,,,,
SLCMP2607-1850,1850,1850,794092769,2^794092769-1,STRUCTURAL_SCREEN_EXHAUSTED_PRIMALITY_UNASSIGNED,GF3A_DIRECTIONAL_WRITE_EXHAUSTED_PRIMALITY_UNASSIGNED,513,512,512,NO_RECORDED_FACTOR_PRP_OR_LL_RESULT_AND_NO_ACTIVE_GIMPS_ASSIGNMENT,2026-08-09T09:12:31+00:00,UNALLOCATED,,,,,
SLCMP2607-1851,1851,1851,794092771,2^794092771-1,STRUCTURAL_SCREEN_EXHAUSTED_PRIMALITY_UNASSIGNED,GF3A_DIRECTIONAL_WRITE_EXHAUSTED_PRIMALITY_UNASSIGNED,514,512,512,NO_RECORDED_FACTOR_PRP_OR_LL_RESULT_AND_NO_ACTIVE_GIMPS_ASSIGNMENT,2026-08-09T09:12:31+00:00,UNALLOCATED,,,,,
SLCMP2607-1852,1852,1852,794092841,2^794092841-1,STRUCTURAL_SCREEN_EXHAUSTED_PRIMALITY_UNASSIGNED,GF3A_DIRECTIONAL_WRITE_EXHAUSTED_PRIMALITY_UNASSIGNED,513,512,512,NO_RECORDED_FACTOR_PRP_OR_LL_RESULT_AND_NO_ACTIVE_GIMPS_ASSIGNMENT,2026-08-09T09:12:31+00:00,UNALLOCATED,,,,,
SLCMP2607-1853,1853,1853,794092891,2^794092891-1,STRUCTURAL_SCREEN_EXHAUSTED_PRIMALITY_UNASSIGNED,GF3A_DIRECTIONAL_WRITE_EXHAUSTED_PRIMALITY_UNASSIGNED,514,512,512,NO_RECORDED_FACTOR_PRP_OR_LL_RESULT_AND_NO_ACTIVE_GIMPS_ASSIGNMENT,2026-08-09T09:12:31+00:00,UNALLOCATED,,,,,
SLCMP2607-1854,1854,1854,794092909,2^794092909-1,STRUCTURAL_SCREEN_EXHAUSTED_PRIMALITY_UNASSIGNED,GF3A_DIRECTIONAL_WRITE_EXHAUSTED_PRIMALITY_UNASSIGNED,513,512,512,NO_RECORDED_FACTOR_PRP_OR_LL_RESULT_AND_NO_ACTIVE_GIMPS_ASSIGNMENT,2026-08-09T09:12:31+00:00,UNALLOCATED,,,,,
SLCMP2607-1855,1855,1855,794092987,2^794092987-1,STRUCTURAL_SCREEN_EXHAUSTED_PRIMALITY_UNASSIGNED,GF3A_DIRECTIONAL_WRITE_EXHAUSTED_PRIMALITY_UNASSIGNED,514,512,512,NO_RECORDED_FACTOR_PRP_OR_LL_RESULT_AND_NO_ACTIVE_GIMPS_ASSIGNMENT,2026-08-09T09:12:31+00:00,UNALLOCATED,,,,,
SLCMP2607-1856,1856,1856,794092991,2^794092991-1,STRUCTURAL_SCREEN_EXHAUSTED_PRIMALITY_UNASSIGNED,GF3A_DIRECTIONAL_WRITE_EXHAUSTED_PRIMALITY_UNASSIGNED,514,512,512,NO_RECORDED_FACTOR_PRP_OR_LL_RESULT_AND_NO_ACTIVE_GIMPS_ASSIGNMENT,2026-08-09T09:12:31+00:00,UNALLOCATED,,,,,
SLCMP2607-1857,1857,1857,794093017,2^794093017-1,STRUCTURAL_SCREEN_EXHAUSTED_PRIMALITY_UNASSIGNED,GF3A_DIRECTIONAL_WRITE_EXHAUSTED_PRIMALITY_UNASSIGNED,513,512,512,NO_RECORDED_FACTOR_PRP_OR_LL_RESULT_AND_NO_ACTIVE_GIMPS_ASSIGNMENT,2026-08-09T09:12:31+00:00,UNALLOCATED,,,,,
SLCMP2607-1858,1858,1858,794093033,2^794093033-1,STRUCTURAL_SCREEN_EXHAUSTED_PRIMALITY_UNASSIGNED,GF3A_DIRECTIONAL_WRITE_EXHAUSTED_PRIMALITY_UNASSIGNED,513,512,512,NO_RECORDED_FACTOR_PRP_OR_LL_RESULT_AND_NO_ACTIVE_GIMPS_ASSIGNMENT,2026-08-09T09:12:31+00:00,UNALLOCATED,,,,,
SLCMP2607-1859,1859,1859,794093081,2^794093081-1,STRUCTURAL_SCREEN_EXHAUSTED_PRIMALITY_UNASSIGNED,GF3A_DIRECTIONAL_WRITE_EXHAUSTED_PRIMALITY_UNASSIGNED,513,512,512,NO_RECORDED_FACTOR_PRP_OR_LL_RESULT_AND_NO_ACTIVE_GIMPS_ASSIGNMENT,2026-08-09T09:12:31+00:00,UNALLOCATED,,,,,
SLCMP2607-1860,1860,1860,794093129,2^794093129-1,STRUCTURAL_SCREEN_EXHAUSTED_PRIMALITY_UNASSIGNED,GF3A_DIRECTIONAL_WRITE_EXHAUSTED_PRIMALITY_UNASSIGNED,513,512,512,NO_RECORDED_FACTOR_PRP_OR_LL_RESULT_AND_NO_ACTIVE_GIMPS_ASSIGNMENT,2026-08-09T09:12:31+00:00,UNALLOCATED,,,,,
SLCMP2607-1861,1861,1861,794093141,2^794093141-1,STRUCTURAL_SCREEN_EXHAUSTED_PRIMALITY_UNASSIGNED,GF3A_DIRECTIONAL_WRITE_EXHAUSTED_PRIMALITY_UNASSIGNED,513,512,512,NO_RECORDED_FACTOR_PRP_OR_LL_RESULT_AND_NO_ACTIVE_GIMPS_ASSIGNMENT,2026-08-09T09:12:31+00:00,UNALLOCATED,,,,,
SLCMP2607-1862,1862,1862,794093161,2^794093161-1,STRUCTURAL_SCREEN_EXHAUSTED_PRIMALITY_UNASSIGNED,GF3A_DIRECTIONAL_WRITE_EXHAUSTED_PRIMALITY_UNASSIGNED,513,512,512,NO_RECORDED_FACTOR_PRP_OR_LL_RESULT_AND_NO_ACTIVE_GIMPS_ASSIGNMENT,2026-08-09T09:12:31+00:00,UNALLOCATED,,,,,
SLCMP2607-1863,1863,1863,794093203,2^794093203-1,STRUCTURAL_SCREEN_EXHAUSTED_PRIMALITY_UNASSIGNED,GF3A_DIRECTIONAL_WRITE_EXHAUSTED_PRIMALITY_UNASSIGNED,514,512,512,NO_RECORDED_FACTOR_PRP_OR_LL_RESULT_AND_NO_ACTIVE_GIMPS_ASSIGNMENT,2026-08-09T09:12:31+00:00,UNALLOCATED,,,,,
SLCMP2607-1864,1864,1864,794093219,2^794093219-1,STRUCTURAL_SCREEN_EXHAUSTED_PRIMALITY_UNASSIGNED,GF3A_DIRECTIONAL_WRITE_EXHAUSTED_PRIMALITY_UNASSIGNED,514,512,512,NO_RECORDED_FACTOR_PRP_OR_LL_RESULT_AND_NO_ACTIVE_GIMPS_ASSIGNMENT,2026-08-09T09:12:31+00:00,UNALLOCATED,,,,,
SLCMP2607-1865,1865,1865,794093221,2^794093221-1,STRUCTURAL_SCREEN_EXHAUSTED_PRIMALITY_UNASSIGNED,GF3A_DIRECTIONAL_WRITE_EXHAUSTED_PRIMALITY_UNASSIGNED,513,512,512,NO_RECORDED_FACTOR_PRP_OR_LL_RESULT_AND_NO_ACTIVE_GIMPS_ASSIGNMENT,2026-08-09T09:12:31+00:00,UNALLOCATED,,,,,
SLCMP2607-1866,1866,1866,794093257,2^794093257-1,STRUCTURAL_SCREEN_EXHAUSTED_PRIMALITY_UNASSIGNED,GF3A_DIRECTIONAL_WRITE_EXHAUSTED_PRIMALITY_UNASSIGNED,513,512,512,NO_RECORDED_FACTOR_PRP_OR_LL_RESULT_AND_NO_ACTIVE_GIMPS_ASSIGNMENT,2026-08-09T09:12:31+00:00,UNALLOCATED,,,,,
SLCMP2607-1867,1867,1867,794093299,2^794093299-1,STRUCTURAL_SCREEN_EXHAUSTED_PRIMALITY_UNASSIGNED,GF3A_DIRECTIONAL_WRITE_EXHAUSTED_PRIMALITY_UNASSIGNED,514,512,512,NO_RECORDED_FACTOR_PRP_OR_LL_RESULT_AND_NO_ACTIVE_GIMPS_ASSIGNMENT,2026-08-09T09:12:31+00:00,UNALLOCATED,,,,,
SLCMP2607-1868,1868,1868,794093317,2^794093317-1,STRUCTURAL_SCREEN_EXHAUSTED_PRIMALITY_UNASSIGNED,GF3A_DIRECTIONAL_WRITE_EXHAUSTED_PRIMALITY_UNASSIGNED,513,512,512,NO_RECORDED_FACTOR_PRP_OR_LL_RESULT_AND_NO_ACTIVE_GIMPS_ASSIGNMENT,2026-08-09T09:12:31+00:00,UNALLOCATED,,,,,
SLCMP2607-1869,1869,1869,794093357,2^794093357-1,STRUCTURAL_SCREEN_EXHAUSTED_PRIMALITY_UNASSIGNED,GF3A_DIRECTIONAL_WRITE_EXHAUSTED_PRIMALITY_UNASSIGNED,513,512,512,NO_RECORDED_FACTOR_PRP_OR_LL_RESULT_AND_NO_ACTIVE_GIMPS_ASSIGNMENT,2026-08-09T09:12:31+00:00,UNALLOCATED,,,,,
SLCMP2607-1870,1870,1870,794093401,2^794093401-1,STRUCTURAL_SCREEN_EXHAUSTED_PRIMALITY_UNASSIGNED,GF3A_DIRECTIONAL_WRITE_EXHAUSTED_PRIMALITY_UNASSIGNED,513,512,512,NO_RECORDED_FACTOR_PRP_OR_LL_RESULT_AND_NO_ACTIVE_GIMPS_ASSIGNMENT,2026-08-09T09:12:31+00:00,UNALLOCATED,,,,,
SLCMP2607-1871,1871,1871,794093413,2^794093413-1,STRUCTURAL_SCREEN_EXHAUSTED_PRIMALITY_UNASSIGNED,GF3A_DIRECTIONAL_WRITE_EXHAUSTED_PRIMALITY_UNASSIGNED,513,512,512,NO_RECORDED_FACTOR_PRP_OR_LL_RESULT_AND_NO_ACTIVE_GIMPS_ASSIGNMENT,2026-08-09T09:12:31+00:00,UNALLOCATED,,,,,
SLCMP2607-1872,1872,1872,794093539,2^794093539-1,STRUCTURAL_SCREEN_EXHAUSTED_PRIMALITY_UNASSIGNED,GF3A_DIRECTIONAL_WRITE_EXHAUSTED_PRIMALITY_UNASSIGNED,514,512,512,NO_RECORDED_FACTOR_PRP_OR_LL_RESULT_AND_NO_ACTIVE_GIMPS_ASSIGNMENT,2026-08-09T09:12:31+00:00,UNALLOCATED,,,,,
SLCMP2607-1873,1873,1873,794093549,2^794093549-1,STRUCTURAL_SCREEN_EXHAUSTED_PRIMALITY_UNASSIGNED,GF3A_DIRECTIONAL_WRITE_EXHAUSTED_PRIMALITY_UNASSIGNED,513,512,512,NO_RECORDED_FACTOR_PRP_OR_LL_RESULT_AND_NO_ACTIVE_GIMPS_ASSIGNMENT,2026-08-09T09:12:31+00:00,UNALLOCATED,,,,,
SLCMP2607-1874,1874,1874,794093603,2^794093603-1,STRUCTURAL_SCREEN_EXHAUSTED_PRIMALITY_UNASSIGNED,GF3A_DIRECTIONAL_WRITE_EXHAUSTED_PRIMALITY_UNASSIGNED,514,512,512,NO_RECORDED_FACTOR_PRP_OR_LL_RESULT_AND_NO_ACTIVE_GIMPS_ASSIGNMENT,2026-08-09T09:12:31+00:00,UNALLOCATED,,,,,
SLCMP2607-1875,1875,1875,794093611,2^794093611-1,STRUCTURAL_SCREEN_EXHAUSTED_PRIMALITY_UNASSIGNED,GF3A_DIRECTIONAL_WRITE_EXHAUSTED_PRIMALITY_UNASSIGNED,514,512,512,NO_RECORDED_FACTOR_PRP_OR_LL_RESULT_AND_NO_ACTIVE_GIMPS_ASSIGNMENT,2026-08-09T09:12:31+00:00,UNALLOCATED,,,,,
SLCMP2607-1876,1876,1876,794093687,2^794093687-1,STRUCTURAL_SCREEN_EXHAUSTED_PRIMALITY_UNASSIGNED,GF3A_DIRECTIONAL_WRITE_EXHAUSTED_PRIMALITY_UNASSIGNED,514,512,512,NO_RECORDED_FACTOR_PRP_OR_LL_RESULT_AND_NO_ACTIVE_GIMPS_ASSIGNMENT,2026-08-09T09:12:31+00:00,UNALLOCATED,,,,,
SLCMP2607-1877,1877,1877,794093693,2^794093693-1,STRUCTURAL_SCREEN_EXHAUSTED_PRIMALITY_UNASSIGNED,GF3A_DIRECTIONAL_WRITE_EXHAUSTED_PRIMALITY_UNASSIGNED,513,512,512,NO_RECORDED_FACTOR_PRP_OR_LL_RESULT_AND_NO_ACTIVE_GIMPS_ASSIGNMENT,2026-08-09T09:12:31+00:00,UNALLOCATED,,,,,
SLCMP2607-1878,1878,1878,794093731,2^794093731-1,STRUCTURAL_SCREEN_EXHAUSTED_PRIMALITY_UNASSIGNED,GF3A_DIRECTIONAL_WRITE_EXHAUSTED_PRIMALITY_UNASSIGNED,514,512,512,NO_RECORDED_FACTOR_PRP_OR_LL_RESULT_AND_NO_ACTIVE_GIMPS_ASSIGNMENT,2026-08-09T09:12:31+00:00,UNALLOCATED,,,,,
SLCMP2607-1879,1879,1879,794093821,2^794093821-1,STRUCTURAL_SCREEN_EXHAUSTED_PRIMALITY_UNASSIGNED,GF3A_DIRECTIONAL_WRITE_EXHAUSTED_PRIMALITY_UNASSIGNED,513,512,512,NO_RECORDED_FACTOR_PRP_OR_LL_RESULT_AND_NO_ACTIVE_GIMPS_ASSIGNMENT,2026-08-09T09:12:31+00:00,UNALLOCATED,,,,,
SLCMP2607-1880,1880,1880,794093947,2^794093947-1,STRUCTURAL_SCREEN_EXHAUSTED_PRIMALITY_UNASSIGNED,GF3A_DIRECTIONAL_WRITE_EXHAUSTED_PRIMALITY_UNASSIGNED,514,512,512,NO_RECORDED_FACTOR_PRP_OR_LL_RESULT_AND_NO_ACTIVE_GIMPS_ASSIGNMENT,2026-08-09T09:12:31+00:00,UNALLOCATED,,,,,
SLCMP2607-1881,1881,1881,794094019,2^794094019-1,STRUCTURAL_SCREEN_EXHAUSTED_PRIMALITY_UNASSIGNED,GF3A_DIRECTIONAL_WRITE_EXHAUSTED_PRIMALITY_UNASSIGNED,514,512,512,NO_RECORDED_FACTOR_PRP_OR_LL_RESULT_AND_NO_ACTIVE_GIMPS_ASSIGNMENT,2026-08-09T09:12:31+00:00,UNALLOCATED,,,,,
SLCMP2607-1882,1882,1882,794094031,2^794094031-1,STRUCTURAL_SCREEN_EXHAUSTED_PRIMALITY_UNASSIGNED,GF3A_DIRECTIONAL_WRITE_EXHAUSTED_PRIMALITY_UNASSIGNED,514,512,512,NO_RECORDED_FACTOR_PRP_OR_LL_RESULT_AND_NO_ACTIVE_GIMPS_ASSIGNMENT,2026-08-09T09:12:31+00:00,UNALLOCATED,,,,,
SLCMP2607-1883,1883,1883,794094121,2^794094121-1,STRUCTURAL_SCREEN_EXHAUSTED_PRIMALITY_UNASSIGNED,GF3A_DIRECTIONAL_WRITE_EXHAUSTED_PRIMALITY_UNASSIGNED,513,512,512,NO_RECORDED_FACTOR_PRP_OR_LL_RESULT_AND_NO_ACTIVE_GIMPS_ASSIGNMENT,2026-08-09T09:12:31+00:00,UNALLOCATED,,,,,
SLCMP2607-1884,1884,1884,794094139,2^794094139-1,STRUCTURAL_SCREEN_EXHAUSTED_PRIMALITY_UNASSIGNED,GF3A_DIRECTIONAL_WRITE_EXHAUSTED_PRIMALITY_UNASSIGNED,514,512,512,NO_RECORDED_FACTOR_PRP_OR_LL_RESULT_AND_NO_ACTIVE_GIMPS_ASSIGNMENT,2026-08-09T09:12:31+00:00,UNALLOCATED,,,,,
SLCMP2607-1885,1885,1885,794094181,2^794094181-1,STRUCTURAL_SCREEN_EXHAUSTED_PRIMALITY_UNASSIGNED,GF3A_DIRECTIONAL_WRITE_EXHAUSTED_PRIMALITY_UNASSIGNED,513,512,512,NO_RECORDED_FACTOR_PRP_OR_LL_RESULT_AND_NO_ACTIVE_GIMPS_ASSIGNMENT,2026-08-09T09:12:31+00:00,UNALLOCATED,,,,,
SLCMP2607-1886,1886,1886,794094253,2^794094253-1,STRUCTURAL_SCREEN_EXHAUSTED_PRIMALITY_UNASSIGNED,GF3A_DIRECTIONAL_WRITE_EXHAUSTED_PRIMALITY_UNASSIGNED,513,512,512,NO_RECORDED_FACTOR_PRP_OR_LL_RESULT_AND_NO_ACTIVE_GIMPS_ASSIGNMENT,2026-08-09T09:12:31+00:00,UNALLOCATED,,,,,
SLCMP2607-1887,1887,1887,794094319,2^794094319-1,STRUCTURAL_SCREEN_EXHAUSTED_PRIMALITY_UNASSIGNED,GF3A_DIRECTIONAL_WRITE_EXHAUSTED_PRIMALITY_UNASSIGNED,514,512,512,NO_RECORDED_FACTOR_PRP_OR_LL_RESULT_AND_NO_ACTIVE_GIMPS_ASSIGNMENT,2026-08-09T09:12:31+00:00,UNALLOCATED,,,,,
SLCMP2607-1888,1888,1888,794094377,2^794094377-1,STRUCTURAL_SCREEN_EXHAUSTED_PRIMALITY_UNASSIGNED,GF3A_DIRECTIONAL_WRITE_EXHAUSTED_PRIMALITY_UNASSIGNED,513,512,512,NO_RECORDED_FACTOR_PRP_OR_LL_RESULT_AND_NO_ACTIVE_GIMPS_ASSIGNMENT,2026-08-09T09:12:31+00:00,UNALLOCATED,,,,,
SLCMP2607-1889,1889,1889,794094391,2^794094391-1,STRUCTURAL_SCREEN_EXHAUSTED_PRIMALITY_UNASSIGNED,GF3A_DIRECTIONAL_WRITE_EXHAUSTED_PRIMALITY_UNASSIGNED,514,512,512,NO_RECORDED_FACTOR_PRP_OR_LL_RESULT_AND_NO_ACTIVE_GIMPS_ASSIGNMENT,2026-08-09T09:12:31+00:00,UNALLOCATED,,,,,
SLCMP2607-1890,1890,1890,794094403,2^794094403-1,STRUCTURAL_SCREEN_EXHAUSTED_PRIMALITY_UNASSIGNED,GF3A_DIRECTIONAL_WRITE_EXHAUSTED_PRIMALITY_UNASSIGNED,514,512,512,NO_RECORDED_FACTOR_PRP_OR_LL_RESULT_AND_NO_ACTIVE_GIMPS_ASSIGNMENT,2026-08-09T09:12:31+00:00,UNALLOCATED,,,,,
SLCMP2607-1891,1891,1891,794094409,2^794094409-1,STRUCTURAL_SCREEN_EXHAUSTED_PRIMALITY_UNASSIGNED,GF3A_DIRECTIONAL_WRITE_EXHAUSTED_PRIMALITY_UNASSIGNED,513,512,512,NO_RECORDED_FACTOR_PRP_OR_LL_RESULT_AND_NO_ACTIVE_GIMPS_ASSIGNMENT,2026-08-09T09:12:31+00:00,UNALLOCATED,,,,,
SLCMP2607-1892,1892,1892,794094547,2^794094547-1,STRUCTURAL_SCREEN_EXHAUSTED_PRIMALITY_UNASSIGNED,GF3A_DIRECTIONAL_WRITE_EXHAUSTED_PRIMALITY_UNASSIGNED,514,512,512,NO_RECORDED_FACTOR_PRP_OR_LL_RESULT_AND_NO_ACTIVE_GIMPS_ASSIGNMENT,2026-08-09T09:12:31+00:00,UNALLOCATED,,,,,
SLCMP2607-1893,1893,1893,794094557,2^794094557-1,STRUCTURAL_SCREEN_EXHAUSTED_PRIMALITY_UNASSIGNED,GF3A_DIRECTIONAL_WRITE_EXHAUSTED_PRIMALITY_UNASSIGNED,513,512,512,NO_RECORDED_FACTOR_PRP_OR_LL_RESULT_AND_NO_ACTIVE_GIMPS_ASSIGNMENT,2026-08-09T09:12:31+00:00,UNALLOCATED,,,,,
SLCMP2607-1894,1894,1894,794094593,2^794094593-1,STRUCTURAL_SCREEN_EXHAUSTED_PRIMALITY_UNASSIGNED,GF3A_DIRECTIONAL_WRITE_EXHAUSTED_PRIMALITY_UNASSIGNED,513,512,512,NO_RECORDED_FACTOR_PRP_OR_LL_RESULT_AND_NO_ACTIVE_GIMPS_ASSIGNMENT,2026-08-09T09:12:31+00:00,UNALLOCATED,,,,,
SLCMP2607-1895,1895,1895,794094643,2^794094643-1,STRUCTURAL_SCREEN_EXHAUSTED_PRIMALITY_UNASSIGNED,GF3A_DIRECTIONAL_WRITE_EXHAUSTED_PRIMALITY_UNASSIGNED,514,512,512,NO_RECORDED_FACTOR_PRP_OR_LL_RESULT_AND_NO_ACTIVE_GIMPS_ASSIGNMENT,2026-08-09T09:12:31+00:00,UNALLOCATED,,,,,
SLCMP2607-1896,1896,1896,794094677,2^794094677-1,STRUCTURAL_SCREEN_EXHAUSTED_PRIMALITY_UNASSIGNED,GF3A_DIRECTIONAL_WRITE_EXHAUSTED_PRIMALITY_UNASSIGNED,513,512,512,NO_RECORDED_FACTOR_PRP_OR_LL_RESULT_AND_NO_ACTIVE_GIMPS_ASSIGNMENT,2026-08-09T09:12:31+00:00,UNALLOCATED,,,,,
SLCMP2607-1897,1897,1897,794094737,2^794094737-1,STRUCTURAL_SCREEN_EXHAUSTED_PRIMALITY_UNASSIGNED,GF3A_DIRECTIONAL_WRITE_EXHAUSTED_PRIMALITY_UNASSIGNED,513,512,512,NO_RECORDED_FACTOR_PRP_OR_LL_RESULT_AND_NO_ACTIVE_GIMPS_ASSIGNMENT,2026-08-09T09:12:31+00:00,UNALLOCATED,,,,,
SLCMP2607-1898,1898,1898,794094779,2^794094779-1,STRUCTURAL_SCREEN_EXHAUSTED_PRIMALITY_UNASSIGNED,GF3A_DIRECTIONAL_WRITE_EXHAUSTED_PRIMALITY_UNASSIGNED,514,512,512,NO_RECORDED_FACTOR_PRP_OR_LL_RESULT_AND_NO_ACTIVE_GIMPS_ASSIGNMENT,2026-08-09T09:12:31+00:00,UNALLOCATED,,,,,
SLCMP2607-1899,1899,1899,794094793,2^794094793-1,STRUCTURAL_SCREEN_EXHAUSTED_PRIMALITY_UNASSIGNED,GF3A_DIRECTIONAL_WRITE_EXHAUSTED_PRIMALITY_UNASSIGNED,513,512,512,NO_RECORDED_FACTOR_PRP_OR_LL_RESULT_AND_NO_ACTIVE_GIMPS_ASSIGNMENT,2026-08-09T09:12:31+00:00,UNALLOCATED,,,,,
SLCMP2607-1900,1900,1900,794094857,2^794094857-1,STRUCTURAL_SCREEN_EXHAUSTED_PRIMALITY_UNASSIGNED,GF3A_DIRECTIONAL_WRITE_EXHAUSTED_PRIMALITY_UNASSIGNED,513,512,512,NO_RECORDED_FACTOR_PRP_OR_LL_RESULT_AND_NO_ACTIVE_GIMPS_ASSIGNMENT,2026-08-09T09:12:31+00:00,UNALLOCATED,,,,,
SLCMP2607-1901,1901,1901,794094937,2^794094937-1,STRUCTURAL_SCREEN_EXHAUSTED_PRIMALITY_UNASSIGNED,GF3A_DIRECTIONAL_WRITE_EXHAUSTED_PRIMALITY_UNASSIGNED,513,512,512,NO_RECORDED_FACTOR_PRP_OR_LL_RESULT_AND_NO_ACTIVE_GIMPS_ASSIGNMENT,2026-08-09T09:12:31+00:00,UNALLOCATED,,,,,
SLCMP2607-1902,1902,1902,794094953,2^794094953-1,STRUCTURAL_SCREEN_EXHAUSTED_PRIMALITY_UNASSIGNED,GF3A_DIRECTIONAL_WRITE_EXHAUSTED_PRIMALITY_UNASSIGNED,513,512,512,NO_RECORDED_FACTOR_PRP_OR_LL_RESULT_AND_NO_ACTIVE_GIMPS_ASSIGNMENT,2026-08-09T09:12:31+00:00,UNALLOCATED,,,,,
SLCMP2607-1903,1903,1903,794095019,2^794095019-1,STRUCTURAL_SCREEN_EXHAUSTED_PRIMALITY_UNASSIGNED,GF3A_DIRECTIONAL_WRITE_EXHAUSTED_PRIMALITY_UNASSIGNED,514,512,512,NO_RECORDED_FACTOR_PRP_OR_LL_RESULT_AND_NO_ACTIVE_GIMPS_ASSIGNMENT,2026-08-09T09:12:31+00:00,UNALLOCATED,,,,,
SLCMP2607-1904,1904,1904,794095031,2^794095031-1,STRUCTURAL_SCREEN_EXHAUSTED_PRIMALITY_UNASSIGNED,GF3A_DIRECTIONAL_WRITE_EXHAUSTED_PRIMALITY_UNASSIGNED,514,512,512,NO_RECORDED_FACTOR_PRP_OR_LL_RESULT_AND_NO_ACTIVE_GIMPS_ASSIGNMENT,2026-08-09T09:12:31+00:00,UNALLOCATED,,,,,
SLCMP2607-1905,1905,1905,794095037,2^794095037-1,STRUCTURAL_SCREEN_EXHAUSTED_PRIMALITY_UNASSIGNED,GF3A_DIRECTIONAL_WRITE_EXHAUSTED_PRIMALITY_UNASSIGNED,513,512,512,NO_RECORDED_FACTOR_PRP_OR_LL_RESULT_AND_NO_ACTIVE_GIMPS_ASSIGNMENT,2026-08-09T09:12:31+00:00,UNALLOCATED,,,,,
SLCMP2607-1906,1906,1906,794095097,2^794095097-1,STRUCTURAL_SCREEN_EXHAUSTED_PRIMALITY_UNASSIGNED,GF3A_DIRECTIONAL_WRITE_EXHAUSTED_PRIMALITY_UNASSIGNED,513,512,512,NO_RECORDED_FACTOR_PRP_OR_LL_RESULT_AND_NO_ACTIVE_GIMPS_ASSIGNMENT,2026-08-09T09:12:31+00:00,UNALLOCATED,,,,,
SLCMP2607-1907,1907,1907,794095111,2^794095111-1,STRUCTURAL_SCREEN_EXHAUSTED_PRIMALITY_UNASSIGNED,GF3A_DIRECTIONAL_WRITE_EXHAUSTED_PRIMALITY_UNASSIGNED,514,512,512,NO_RECORDED_FACTOR_PRP_OR_LL_RESULT_AND_NO_ACTIVE_GIMPS_ASSIGNMENT,2026-08-09T09:12:31+00:00,UNALLOCATED,,,,,
SLCMP2607-1908,1908,1908,794095121,2^794095121-1,STRUCTURAL_SCREEN_EXHAUSTED_PRIMALITY_UNASSIGNED,GF3A_DIRECTIONAL_WRITE_EXHAUSTED_PRIMALITY_UNASSIGNED,513,512,512,NO_RECORDED_FACTOR_PRP_OR_LL_RESULT_AND_NO_ACTIVE_GIMPS_ASSIGNMENT,2026-08-09T09:12:31+00:00,UNALLOCATED,,,,,
SLCMP2607-1909,1909,1909,794095151,2^794095151-1,STRUCTURAL_SCREEN_EXHAUSTED_PRIMALITY_UNASSIGNED,GF3A_DIRECTIONAL_WRITE_EXHAUSTED_PRIMALITY_UNASSIGNED,514,512,512,NO_RECORDED_FACTOR_PRP_OR_LL_RESULT_AND_NO_ACTIVE_GIMPS_ASSIGNMENT,2026-08-09T09:12:31+00:00,UNALLOCATED,,,,,
SLCMP2607-1910,1910,1910,794095153,2^794095153-1,STRUCTURAL_SCREEN_EXHAUSTED_PRIMALITY_UNASSIGNED,GF3A_DIRECTIONAL_WRITE_EXHAUSTED_PRIMALITY_UNASSIGNED,513,512,512,NO_RECORDED_FACTOR_PRP_OR_LL_RESULT_AND_NO_ACTIVE_GIMPS_ASSIGNMENT,2026-08-09T09:12:31+00:00,UNALLOCATED,,,,,
SLCMP2607-1911,1911,1911,794095157,2^794095157-1,STRUCTURAL_SCREEN_EXHAUSTED_PRIMALITY_UNASSIGNED,GF3A_DIRECTIONAL_WRITE_EXHAUSTED_PRIMALITY_UNASSIGNED,513,512,512,NO_RECORDED_FACTOR_PRP_OR_LL_RESULT_AND_NO_ACTIVE_GIMPS_ASSIGNMENT,2026-08-09T09:12:31+00:00,UNALLOCATED,,,,,
SLCMP2607-1912,1912,1912,794095207,2^794095207-1,STRUCTURAL_SCREEN_EXHAUSTED_PRIMALITY_UNASSIGNED,GF3A_DIRECTIONAL_WRITE_EXHAUSTED_PRIMALITY_UNASSIGNED,514,512,512,NO_RECORDED_FACTOR_PRP_OR_LL_RESULT_AND_NO_ACTIVE_GIMPS_ASSIGNMENT,2026-08-09T09:12:31+00:00,UNALLOCATED,,,,,
SLCMP2607-1913,1913,1913,794095303,2^794095303-1,STRUCTURAL_SCREEN_EXHAUSTED_PRIMALITY_UNASSIGNED,GF3A_DIRECTIONAL_WRITE_EXHAUSTED_PRIMALITY_UNASSIGNED,514,512,512,NO_RECORDED_FACTOR_PRP_OR_LL_RESULT_AND_NO_ACTIVE_GIMPS_ASSIGNMENT,2026-08-09T09:12:31+00:00,UNALLOCATED,,,,,
SLCMP2607-1914,1914,1914,794095307,2^794095307-1,STRUCTURAL_SCREEN_EXHAUSTED_PRIMALITY_UNASSIGNED,GF3A_DIRECTIONAL_WRITE_EXHAUSTED_PRIMALITY_UNASSIGNED,514,512,512,NO_RECORDED_FACTOR_PRP_OR_LL_RESULT_AND_NO_ACTIVE_GIMPS_ASSIGNMENT,2026-08-09T09:12:31+00:00,UNALLOCATED,,,,,
SLCMP2607-1915,1915,1915,794095331,2^794095331-1,STRUCTURAL_SCREEN_EXHAUSTED_PRIMALITY_UNASSIGNED,GF3A_DIRECTIONAL_WRITE_EXHAUSTED_PRIMALITY_UNASSIGNED,514,512,512,NO_RECORDED_FACTOR_PRP_OR_LL_RESULT_AND_NO_ACTIVE_GIMPS_ASSIGNMENT,2026-08-09T09:12:31+00:00,UNALLOCATED,,,,,
SLCMP2607-1916,1916,1916,794095441,2^794095441-1,STRUCTURAL_SCREEN_EXHAUSTED_PRIMALITY_UNASSIGNED,GF3A_DIRECTIONAL_WRITE_EXHAUSTED_PRIMALITY_UNASSIGNED,513,512,512,NO_RECORDED_FACTOR_PRP_OR_LL_RESULT_AND_NO_ACTIVE_GIMPS_ASSIGNMENT,2026-08-09T09:12:31+00:00,UNALLOCATED,,,,,
SLCMP2607-1917,1917,1917,794095451,2^794095451-1,STRUCTURAL_SCREEN_EXHAUSTED_PRIMALITY_UNASSIGNED,GF3A_DIRECTIONAL_WRITE_EXHAUSTED_PRIMALITY_UNASSIGNED,514,512,512,NO_RECORDED_FACTOR_PRP_OR_LL_RESULT_AND_NO_ACTIVE_GIMPS_ASSIGNMENT,2026-08-09T09:12:31+00:00,UNALLOCATED,,,,,
SLCMP2607-1918,1918,1918,794095501,2^794095501-1,STRUCTURAL_SCREEN_EXHAUSTED_PRIMALITY_UNASSIGNED,GF3A_DIRECTIONAL_WRITE_EXHAUSTED_PRIMALITY_UNASSIGNED,513,512,512,NO_RECORDED_FACTOR_PRP_OR_LL_RESULT_AND_NO_ACTIVE_GIMPS_ASSIGNMENT,2026-08-09T09:12:31+00:00,UNALLOCATED,,,,,
SLCMP2607-1919,1919,1919,794095529,2^794095529-1,STRUCTURAL_SCREEN_EXHAUSTED_PRIMALITY_UNASSIGNED,GF3A_DIRECTIONAL_WRITE_EXHAUSTED_PRIMALITY_UNASSIGNED,513,512,512,NO_RECORDED_FACTOR_PRP_OR_LL_RESULT_AND_NO_ACTIVE_GIMPS_ASSIGNMENT,2026-08-09T09:12:31+00:00,UNALLOCATED,,,,,
SLCMP2607-1920,1920,1920,794095531,2^794095531-1,STRUCTURAL_SCREEN_EXHAUSTED_PRIMALITY_UNASSIGNED,GF3A_DIRECTIONAL_WRITE_EXHAUSTED_PRIMALITY_UNASSIGNED,514,512,512,NO_RECORDED_FACTOR_PRP_OR_LL_RESULT_AND_NO_ACTIVE_GIMPS_ASSIGNMENT,2026-08-09T09:12:31+00:00,UNALLOCATED,,,,,
SLCMP2607-1921,1921,1921,794095553,2^794095553-1,STRUCTURAL_SCREEN_EXHAUSTED_PRIMALITY_UNASSIGNED,GF3A_DIRECTIONAL_WRITE_EXHAUSTED_PRIMALITY_UNASSIGNED,513,512,512,NO_RECORDED_FACTOR_PRP_OR_LL_RESULT_AND_NO_ACTIVE_GIMPS_ASSIGNMENT,2026-08-09T09:12:31+00:00,UNALLOCATED,,,,,
SLCMP2607-1922,1922,1922,794095571,2^794095571-1,STRUCTURAL_SCREEN_EXHAUSTED_PRIMALITY_UNASSIGNED,GF3A_DIRECTIONAL_WRITE_EXHAUSTED_PRIMALITY_UNASSIGNED,514,512,512,NO_RECORDED_FACTOR_PRP_OR_LL_RESULT_AND_NO_ACTIVE_GIMPS_ASSIGNMENT,2026-08-09T09:12:31+00:00,UNALLOCATED,,,,,
SLCMP2607-1923,1923,1923,794095637,2^794095637-1,STRUCTURAL_SCREEN_EXHAUSTED_PRIMALITY_UNASSIGNED,GF3A_DIRECTIONAL_WRITE_EXHAUSTED_PRIMALITY_UNASSIGNED,513,512,512,NO_RECORDED_FACTOR_PRP_OR_LL_RESULT_AND_NO_ACTIVE_GIMPS_ASSIGNMENT,2026-08-09T09:12:31+00:00,UNALLOCATED,,,,,
SLCMP2607-1924,1924,1924,794095639,2^794095639-1,STRUCTURAL_SCREEN_EXHAUSTED_PRIMALITY_UNASSIGNED,GF3A_DIRECTIONAL_WRITE_EXHAUSTED_PRIMALITY_UNASSIGNED,514,512,512,NO_RECORDED_FACTOR_PRP_OR_LL_RESULT_AND_NO_ACTIVE_GIMPS_ASSIGNMENT,2026-08-09T09:12:31+00:00,UNALLOCATED,,,,,
SLCMP2607-1925,1925,1925,794095727,2^794095727-1,STRUCTURAL_SCREEN_EXHAUSTED_PRIMALITY_UNASSIGNED,GF3A_DIRECTIONAL_WRITE_EXHAUSTED_PRIMALITY_UNASSIGNED,514,512,512,NO_RECORDED_FACTOR_PRP_OR_LL_RESULT_AND_NO_ACTIVE_GIMPS_ASSIGNMENT,2026-08-09T09:12:31+00:00,UNALLOCATED,,,,,
SLCMP2607-1926,1926,1926,794095781,2^794095781-1,STRUCTURAL_SCREEN_EXHAUSTED_PRIMALITY_UNASSIGNED,GF3A_DIRECTIONAL_WRITE_EXHAUSTED_PRIMALITY_UNASSIGNED,513,512,512,NO_RECORDED_FACTOR_PRP_OR_LL_RESULT_AND_NO_ACTIVE_GIMPS_ASSIGNMENT,2026-08-09T09:12:31+00:00,UNALLOCATED,,,,,
SLCMP2607-1927,1927,1927,794095837,2^794095837-1,STRUCTURAL_SCREEN_EXHAUSTED_PRIMALITY_UNASSIGNED,GF3A_DIRECTIONAL_WRITE_EXHAUSTED_PRIMALITY_UNASSIGNED,513,512,512,NO_RECORDED_FACTOR_PRP_OR_LL_RESULT_AND_NO_ACTIVE_GIMPS_ASSIGNMENT,2026-08-09T09:12:31+00:00,UNALLOCATED,,,,,
SLCMP2607-1928,1928,1928,794095849,2^794095849-1,STRUCTURAL_SCREEN_EXHAUSTED_PRIMALITY_UNASSIGNED,GF3A_DIRECTIONAL_WRITE_EXHAUSTED_PRIMALITY_UNASSIGNED,513,512,512,NO_RECORDED_FACTOR_PRP_OR_LL_RESULT_AND_NO_ACTIVE_GIMPS_ASSIGNMENT,2026-08-09T09:12:31+00:00,UNALLOCATED,,,,,
SLCMP2607-1929,1929,1929,794095867,2^794095867-1,STRUCTURAL_SCREEN_EXHAUSTED_PRIMALITY_UNASSIGNED,GF3A_DIRECTIONAL_WRITE_EXHAUSTED_PRIMALITY_UNASSIGNED,514,512,512,NO_RECORDED_FACTOR_PRP_OR_LL_RESULT_AND_NO_ACTIVE_GIMPS_ASSIGNMENT,2026-08-09T09:12:31+00:00,UNALLOCATED,,,,,
SLCMP2607-1930,1930,1930,794095997,2^794095997-1,STRUCTURAL_SCREEN_EXHAUSTED_PRIMALITY_UNASSIGNED,GF3A_DIRECTIONAL_WRITE_EXHAUSTED_PRIMALITY_UNASSIGNED,513,512,512,NO_RECORDED_FACTOR_PRP_OR_LL_RESULT_AND_NO_ACTIVE_GIMPS_ASSIGNMENT,2026-08-09T09:12:31+00:00,UNALLOCATED,,,,,
SLCMP2607-1931,1931,1931,794096057,2^794096057-1,STRUCTURAL_SCREEN_EXHAUSTED_PRIMALITY_UNASSIGNED,GF3A_DIRECTIONAL_WRITE_EXHAUSTED_PRIMALITY_UNASSIGNED,513,512,512,NO_RECORDED_FACTOR_PRP_OR_LL_RESULT_AND_NO_ACTIVE_GIMPS_ASSIGNMENT,2026-08-09T09:12:31+00:00,UNALLOCATED,,,,,
SLCMP2607-1932,1932,1932,794096059,2^794096059-1,STRUCTURAL_SCREEN_EXHAUSTED_PRIMALITY_UNASSIGNED,GF3A_DIRECTIONAL_WRITE_EXHAUSTED_PRIMALITY_UNASSIGNED,514,512,512,NO_RECORDED_FACTOR_PRP_OR_LL_RESULT_AND_NO_ACTIVE_GIMPS_ASSIGNMENT,2026-08-09T09:12:31+00:00,UNALLOCATED,,,,,
SLCMP2607-1933,1933,1933,794096081,2^794096081-1,STRUCTURAL_SCREEN_EXHAUSTED_PRIMALITY_UNASSIGNED,GF3A_DIRECTIONAL_WRITE_EXHAUSTED_PRIMALITY_UNASSIGNED,513,512,512,NO_RECORDED_FACTOR_PRP_OR_LL_RESULT_AND_NO_ACTIVE_GIMPS_ASSIGNMENT,2026-08-09T09:12:31+00:00,UNALLOCATED,,,,,
SLCMP2607-1934,1934,1934,794096141,2^794096141-1,STRUCTURAL_SCREEN_EXHAUSTED_PRIMALITY_UNASSIGNED,GF3A_DIRECTIONAL_WRITE_EXHAUSTED_PRIMALITY_UNASSIGNED,513,512,512,NO_RECORDED_FACTOR_PRP_OR_LL_RESULT_AND_NO_ACTIVE_GIMPS_ASSIGNMENT,2026-08-09T09:12:31+00:00,UNALLOCATED,,,,,
SLCMP2607-1935,1935,1935,794096221,2^794096221-1,STRUCTURAL_SCREEN_EXHAUSTED_PRIMALITY_UNASSIGNED,GF3A_DIRECTIONAL_WRITE_EXHAUSTED_PRIMALITY_UNASSIGNED,513,512,512,NO_RECORDED_FACTOR_PRP_OR_LL_RESULT_AND_NO_ACTIVE_GIMPS_ASSIGNMENT,2026-08-09T09:12:31+00:00,UNALLOCATED,,,,,
SLCMP2607-1936,1936,1936,794096227,2^794096227-1,STRUCTURAL_SCREEN_EXHAUSTED_PRIMALITY_UNASSIGNED,GF3A_DIRECTIONAL_WRITE_EXHAUSTED_PRIMALITY_UNASSIGNED,514,512,512,NO_RECORDED_FACTOR_PRP_OR_LL_RESULT_AND_NO_ACTIVE_GIMPS_ASSIGNMENT,2026-08-09T09:12:31+00:00,UNALLOCATED,,,,,
SLCMP2607-1937,1937,1937,794096267,2^794096267-1,STRUCTURAL_SCREEN_EXHAUSTED_PRIMALITY_UNASSIGNED,GF3A_DIRECTIONAL_WRITE_EXHAUSTED_PRIMALITY_UNASSIGNED,514,512,512,NO_RECORDED_FACTOR_PRP_OR_LL_RESULT_AND_NO_ACTIVE_GIMPS_ASSIGNMENT,2026-08-09T09:12:31+00:00,UNALLOCATED,,,,,
SLCMP2607-1938,1938,1938,794096273,2^794096273-1,STRUCTURAL_SCREEN_EXHAUSTED_PRIMALITY_UNASSIGNED,GF3A_DIRECTIONAL_WRITE_EXHAUSTED_PRIMALITY_UNASSIGNED,513,512,512,NO_RECORDED_FACTOR_PRP_OR_LL_RESULT_AND_NO_ACTIVE_GIMPS_ASSIGNMENT,2026-08-09T09:12:31+00:00,UNALLOCATED,,,,,
SLCMP2607-1939,1939,1939,794096383,2^794096383-1,STRUCTURAL_SCREEN_EXHAUSTED_PRIMALITY_UNASSIGNED,GF3A_DIRECTIONAL_WRITE_EXHAUSTED_PRIMALITY_UNASSIGNED,514,512,512,NO_RECORDED_FACTOR_PRP_OR_LL_RESULT_AND_NO_ACTIVE_GIMPS_ASSIGNMENT,2026-08-09T09:12:31+00:00,UNALLOCATED,,,,,
SLCMP2607-1940,1940,1940,794096419,2^794096419-1,STRUCTURAL_SCREEN_EXHAUSTED_PRIMALITY_UNASSIGNED,GF3A_DIRECTIONAL_WRITE_EXHAUSTED_PRIMALITY_UNASSIGNED,514,512,512,NO_RECORDED_FACTOR_PRP_OR_LL_RESULT_AND_NO_ACTIVE_GIMPS_ASSIGNMENT,2026-08-09T09:12:31+00:00,UNALLOCATED,,,,,
SLCMP2607-1941,1941,1941,794096477,2^794096477-1,STRUCTURAL_SCREEN_EXHAUSTED_PRIMALITY_UNASSIGNED,GF3A_DIRECTIONAL_WRITE_EXHAUSTED_PRIMALITY_UNASSIGNED,513,512,512,NO_RECORDED_FACTOR_PRP_OR_LL_RESULT_AND_NO_ACTIVE_GIMPS_ASSIGNMENT,2026-08-09T09:12:31+00:00,UNALLOCATED,,,,,
SLCMP2607-1942,1942,1942,794096521,2^794096521-1,STRUCTURAL_SCREEN_EXHAUSTED_PRIMALITY_UNASSIGNED,GF3A_DIRECTIONAL_WRITE_EXHAUSTED_PRIMALITY_UNASSIGNED,513,512,512,NO_RECORDED_FACTOR_PRP_OR_LL_RESULT_AND_NO_ACTIVE_GIMPS_ASSIGNMENT,2026-08-09T09:12:31+00:00,UNALLOCATED,,,,,
SLCMP2607-1943,1943,1943,794096581,2^794096581-1,STRUCTURAL_SCREEN_EXHAUSTED_PRIMALITY_UNASSIGNED,GF3A_DIRECTIONAL_WRITE_EXHAUSTED_PRIMALITY_UNASSIGNED,513,512,512,NO_RECORDED_FACTOR_PRP_OR_LL_RESULT_AND_NO_ACTIVE_GIMPS_ASSIGNMENT,2026-08-09T09:12:31+00:00,UNALLOCATED,,,,,
SLCMP2607-1944,1944,1944,794096593,2^794096593-1,STRUCTURAL_SCREEN_EXHAUSTED_PRIMALITY_UNASSIGNED,GF3A_DIRECTIONAL_WRITE_EXHAUSTED_PRIMALITY_UNASSIGNED,513,512,512,NO_RECORDED_FACTOR_PRP_OR_LL_RESULT_AND_NO_ACTIVE_GIMPS_ASSIGNMENT,2026-08-09T09:12:31+00:00,UNALLOCATED,,,,,
SLCMP2607-1945,1945,1945,794096599,2^794096599-1,STRUCTURAL_SCREEN_EXHAUSTED_PRIMALITY_UNASSIGNED,GF3A_DIRECTIONAL_WRITE_EXHAUSTED_PRIMALITY_UNASSIGNED,514,512,512,NO_RECORDED_FACTOR_PRP_OR_LL_RESULT_AND_NO_ACTIVE_GIMPS_ASSIGNMENT,2026-08-09T09:12:31+00:00,UNALLOCATED,,,,,
SLCMP2607-1946,1946,1946,794096603,2^794096603-1,STRUCTURAL_SCREEN_EXHAUSTED_PRIMALITY_UNASSIGNED,GF3A_DIRECTIONAL_WRITE_EXHAUSTED_PRIMALITY_UNASSIGNED,514,512,512,NO_RECORDED_FACTOR_PRP_OR_LL_RESULT_AND_NO_ACTIVE_GIMPS_ASSIGNMENT,2026-08-09T09:12:31+00:00,UNALLOCATED,,,,,
SLCMP2607-1947,1947,1947,794096623,2^794096623-1,STRUCTURAL_SCREEN_EXHAUSTED_PRIMALITY_UNASSIGNED,GF3A_DIRECTIONAL_WRITE_EXHAUSTED_PRIMALITY_UNASSIGNED,514,512,512,NO_RECORDED_FACTOR_PRP_OR_LL_RESULT_AND_NO_ACTIVE_GIMPS_ASSIGNMENT,2026-08-09T09:12:31+00:00,UNALLOCATED,,,,,
SLCMP2607-1948,1948,1948,794096629,2^794096629-1,STRUCTURAL_SCREEN_EXHAUSTED_PRIMALITY_UNASSIGNED,GF3A_DIRECTIONAL_WRITE_EXHAUSTED_PRIMALITY_UNASSIGNED,513,512,512,NO_RECORDED_FACTOR_PRP_OR_LL_RESULT_AND_NO_ACTIVE_GIMPS_ASSIGNMENT,2026-08-09T09:12:31+00:00,UNALLOCATED,,,,,
SLCMP2607-1949,1949,1949,794096669,2^794096669-1,STRUCTURAL_SCREEN_EXHAUSTED_PRIMALITY_UNASSIGNED,GF3A_DIRECTIONAL_WRITE_EXHAUSTED_PRIMALITY_UNASSIGNED,513,512,512,NO_RECORDED_FACTOR_PRP_OR_LL_RESULT_AND_NO_ACTIVE_GIMPS_ASSIGNMENT,2026-08-09T09:12:31+00:00,UNALLOCATED,,,,,
SLCMP2607-1950,1950,1950,794096791,2^794096791-1,STRUCTURAL_SCREEN_EXHAUSTED_PRIMALITY_UNASSIGNED,GF3A_DIRECTIONAL_WRITE_EXHAUSTED_PRIMALITY_UNASSIGNED,514,512,512,NO_RECORDED_FACTOR_PRP_OR_LL_RESULT_AND_NO_ACTIVE_GIMPS_ASSIGNMENT,2026-08-09T09:12:31+00:00,UNALLOCATED,,,,,
SLCMP2607-1951,1951,1951,794096803,2^794096803-1,STRUCTURAL_SCREEN_EXHAUSTED_PRIMALITY_UNASSIGNED,GF3A_DIRECTIONAL_WRITE_EXHAUSTED_PRIMALITY_UNASSIGNED,514,512,512,NO_RECORDED_FACTOR_PRP_OR_LL_RESULT_AND_NO_ACTIVE_GIMPS_ASSIGNMENT,2026-08-09T09:12:31+00:00,UNALLOCATED,,,,,
SLCMP2607-1952,1952,1952,794096839,2^794096839-1,STRUCTURAL_SCREEN_EXHAUSTED_PRIMALITY_UNASSIGNED,GF3A_DIRECTIONAL_WRITE_EXHAUSTED_PRIMALITY_UNASSIGNED,514,512,512,NO_RECORDED_FACTOR_PRP_OR_LL_RESULT_AND_NO_ACTIVE_GIMPS_ASSIGNMENT,2026-08-09T09:12:31+00:00,UNALLOCATED,,,,,
SLCMP2607-1953,1953,1953,794097079,2^794097079-1,STRUCTURAL_SCREEN_EXHAUSTED_PRIMALITY_UNASSIGNED,GF3A_DIRECTIONAL_WRITE_EXHAUSTED_PRIMALITY_UNASSIGNED,514,512,512,NO_RECORDED_FACTOR_PRP_OR_LL_RESULT_AND_NO_ACTIVE_GIMPS_ASSIGNMENT,2026-08-09T09:12:31+00:00,UNALLOCATED,,,,,
SLCMP2607-1954,1954,1954,794097089,2^794097089-1,STRUCTURAL_SCREEN_EXHAUSTED_PRIMALITY_UNASSIGNED,GF3A_DIRECTIONAL_WRITE_EXHAUSTED_PRIMALITY_UNASSIGNED,513,512,512,NO_RECORDED_FACTOR_PRP_OR_LL_RESULT_AND_NO_ACTIVE_GIMPS_ASSIGNMENT,2026-08-09T09:12:31+00:00,UNALLOCATED,,,,,
SLCMP2607-1955,1955,1955,794097133,2^794097133-1,STRUCTURAL_SCREEN_EXHAUSTED_PRIMALITY_UNASSIGNED,GF3A_DIRECTIONAL_WRITE_EXHAUSTED_PRIMALITY_UNASSIGNED,513,512,512,NO_RECORDED_FACTOR_PRP_OR_LL_RESULT_AND_NO_ACTIVE_GIMPS_ASSIGNMENT,2026-08-09T09:12:31+00:00,UNALLOCATED,,,,,
SLCMP2607-1956,1956,1956,794097179,2^794097179-1,STRUCTURAL_SCREEN_EXHAUSTED_PRIMALITY_UNASSIGNED,GF3A_DIRECTIONAL_WRITE_EXHAUSTED_PRIMALITY_UNASSIGNED,514,512,512,NO_RECORDED_FACTOR_PRP_OR_LL_RESULT_AND_NO_ACTIVE_GIMPS_ASSIGNMENT,2026-08-09T09:12:31+00:00,UNALLOCATED,,,,,
SLCMP2607-1957,1957,1957,794097181,2^794097181-1,STRUCTURAL_SCREEN_EXHAUSTED_PRIMALITY_UNASSIGNED,GF3A_DIRECTIONAL_WRITE_EXHAUSTED_PRIMALITY_UNASSIGNED,513,512,512,NO_RECORDED_FACTOR_PRP_OR_LL_RESULT_AND_NO_ACTIVE_GIMPS_ASSIGNMENT,2026-08-09T09:12:31+00:00,UNALLOCATED,,,,,
SLCMP2607-1958,1958,1958,794097223,2^794097223-1,STRUCTURAL_SCREEN_EXHAUSTED_PRIMALITY_UNASSIGNED,GF3A_DIRECTIONAL_WRITE_EXHAUSTED_PRIMALITY_UNASSIGNED,514,512,512,NO_RECORDED_FACTOR_PRP_OR_LL_RESULT_AND_NO_ACTIVE_GIMPS_ASSIGNMENT,2026-08-09T09:12:31+00:00,UNALLOCATED,,,,,
SLCMP2607-1959,1959,1959,794097253,2^794097253-1,STRUCTURAL_SCREEN_EXHAUSTED_PRIMALITY_UNASSIGNED,GF3A_DIRECTIONAL_WRITE_EXHAUSTED_PRIMALITY_UNASSIGNED,513,512,512,NO_RECORDED_FACTOR_PRP_OR_LL_RESULT_AND_NO_ACTIVE_GIMPS_ASSIGNMENT,2026-08-09T09:12:31+00:00,UNALLOCATED,,,,,
SLCMP2607-1960,1960,1960,794097257,2^794097257-1,STRUCTURAL_SCREEN_EXHAUSTED_PRIMALITY_UNASSIGNED,GF3A_DIRECTIONAL_WRITE_EXHAUSTED_PRIMALITY_UNASSIGNED,513,512,512,NO_RECORDED_FACTOR_PRP_OR_LL_RESULT_AND_NO_ACTIVE_GIMPS_ASSIGNMENT,2026-08-09T09:12:31+00:00,UNALLOCATED,,,,,
SLCMP2607-1961,1961,1961,794097277,2^794097277-1,STRUCTURAL_SCREEN_EXHAUSTED_PRIMALITY_UNASSIGNED,GF3A_DIRECTIONAL_WRITE_EXHAUSTED_PRIMALITY_UNASSIGNED,513,512,512,NO_RECORDED_FACTOR_PRP_OR_LL_RESULT_AND_NO_ACTIVE_GIMPS_ASSIGNMENT,2026-08-09T09:12:31+00:00,UNALLOCATED,,,,,
SLCMP2607-1962,1962,1962,794097323,2^794097323-1,STRUCTURAL_SCREEN_EXHAUSTED_PRIMALITY_UNASSIGNED,GF3A_DIRECTIONAL_WRITE_EXHAUSTED_PRIMALITY_UNASSIGNED,514,512,512,NO_RECORDED_FACTOR_PRP_OR_LL_RESULT_AND_NO_ACTIVE_GIMPS_ASSIGNMENT,2026-08-09T09:12:31+00:00,UNALLOCATED,,,,,
SLCMP2607-1963,1963,1963,794097331,2^794097331-1,STRUCTURAL_SCREEN_EXHAUSTED_PRIMALITY_UNASSIGNED,GF3A_DIRECTIONAL_WRITE_EXHAUSTED_PRIMALITY_UNASSIGNED,514,512,512,NO_RECORDED_FACTOR_PRP_OR_LL_RESULT_AND_NO_ACTIVE_GIMPS_ASSIGNMENT,2026-08-09T09:12:31+00:00,UNALLOCATED,,,,,
SLCMP2607-1964,1964,1964,794097413,2^794097413-1,STRUCTURAL_SCREEN_EXHAUSTED_PRIMALITY_UNASSIGNED,GF3A_DIRECTIONAL_WRITE_EXHAUSTED_PRIMALITY_UNASSIGNED,513,512,512,NO_RECORDED_FACTOR_PRP_OR_LL_RESULT_AND_NO_ACTIVE_GIMPS_ASSIGNMENT,2026-08-09T09:12:31+00:00,UNALLOCATED,,,,,
SLCMP2607-1965,1965,1965,794097439,2^794097439-1,STRUCTURAL_SCREEN_EXHAUSTED_PRIMALITY_UNASSIGNED,GF3A_DIRECTIONAL_WRITE_EXHAUSTED_PRIMALITY_UNASSIGNED,514,512,512,NO_RECORDED_FACTOR_PRP_OR_LL_RESULT_AND_NO_ACTIVE_GIMPS_ASSIGNMENT,2026-08-09T09:12:31+00:00,UNALLOCATED,,,,,
SLCMP2607-1966,1966,1966,794097509,2^794097509-1,STRUCTURAL_SCREEN_EXHAUSTED_PRIMALITY_UNASSIGNED,GF3A_DIRECTIONAL_WRITE_EXHAUSTED_PRIMALITY_UNASSIGNED,513,512,512,NO_RECORDED_FACTOR_PRP_OR_LL_RESULT_AND_NO_ACTIVE_GIMPS_ASSIGNMENT,2026-08-09T09:12:31+00:00,UNALLOCATED,,,,,
SLCMP2607-1967,1967,1967,794097649,2^794097649-1,STRUCTURAL_SCREEN_EXHAUSTED_PRIMALITY_UNASSIGNED,GF3A_DIRECTIONAL_WRITE_EXHAUSTED_PRIMALITY_UNASSIGNED,513,512,512,NO_RECORDED_FACTOR_PRP_OR_LL_RESULT_AND_NO_ACTIVE_GIMPS_ASSIGNMENT,2026-08-09T09:12:31+00:00,UNALLOCATED,,,,,
SLCMP2607-1968,1968,1968,794097739,2^794097739-1,STRUCTURAL_SCREEN_EXHAUSTED_PRIMALITY_UNASSIGNED,GF3A_DIRECTIONAL_WRITE_EXHAUSTED_PRIMALITY_UNASSIGNED,514,512,512,NO_RECORDED_FACTOR_PRP_OR_LL_RESULT_AND_NO_ACTIVE_GIMPS_ASSIGNMENT,2026-08-09T09:12:31+00:00,UNALLOCATED,,,,,
SLCMP2607-1969,1969,1969,794097803,2^794097803-1,STRUCTURAL_SCREEN_EXHAUSTED_PRIMALITY_UNASSIGNED,GF3A_DIRECTIONAL_WRITE_EXHAUSTED_PRIMALITY_UNASSIGNED,514,512,512,NO_RECORDED_FACTOR_PRP_OR_LL_RESULT_AND_NO_ACTIVE_GIMPS_ASSIGNMENT,2026-08-09T09:12:31+00:00,UNALLOCATED,,,,,
SLCMP2607-1970,1970,1970,794097841,2^794097841-1,STRUCTURAL_SCREEN_EXHAUSTED_PRIMALITY_UNASSIGNED,GF3A_DIRECTIONAL_WRITE_EXHAUSTED_PRIMALITY_UNASSIGNED,513,512,512,NO_RECORDED_FACTOR_PRP_OR_LL_RESULT_AND_NO_ACTIVE_GIMPS_ASSIGNMENT,2026-08-09T09:12:31+00:00,UNALLOCATED,,,,,
SLCMP2607-1971,1971,1971,794097847,2^794097847-1,STRUCTURAL_SCREEN_EXHAUSTED_PRIMALITY_UNASSIGNED,GF3A_DIRECTIONAL_WRITE_EXHAUSTED_PRIMALITY_UNASSIGNED,514,512,512,NO_RECORDED_FACTOR_PRP_OR_LL_RESULT_AND_NO_ACTIVE_GIMPS_ASSIGNMENT,2026-08-09T09:12:31+00:00,UNALLOCATED,,,,,
SLCMP2607-1972,1972,1972,794097901,2^794097901-1,STRUCTURAL_SCREEN_EXHAUSTED_PRIMALITY_UNASSIGNED,GF3A_DIRECTIONAL_WRITE_EXHAUSTED_PRIMALITY_UNASSIGNED,513,512,512,NO_RECORDED_FACTOR_PRP_OR_LL_RESULT_AND_NO_ACTIVE_GIMPS_ASSIGNMENT,2026-08-09T09:12:31+00:00,UNALLOCATED,,,,,
SLCMP2607-1973,1973,1973,794097907,2^794097907-1,STRUCTURAL_SCREEN_EXHAUSTED_PRIMALITY_UNASSIGNED,GF3A_DIRECTIONAL_WRITE_EXHAUSTED_PRIMALITY_UNASSIGNED,514,512,512,NO_RECORDED_FACTOR_PRP_OR_LL_RESULT_AND_NO_ACTIVE_GIMPS_ASSIGNMENT,2026-08-09T09:12:31+00:00,UNALLOCATED,,,,,
SLCMP2607-1974,1974,1974,794097929,2^794097929-1,STRUCTURAL_SCREEN_EXHAUSTED_PRIMALITY_UNASSIGNED,GF3A_DIRECTIONAL_WRITE_EXHAUSTED_PRIMALITY_UNASSIGNED,513,512,512,NO_RECORDED_FACTOR_PRP_OR_LL_RESULT_AND_NO_ACTIVE_GIMPS_ASSIGNMENT,2026-08-09T09:12:31+00:00,UNALLOCATED,,,,,
SLCMP2607-1975,1975,1975,794097937,2^794097937-1,STRUCTURAL_SCREEN_EXHAUSTED_PRIMALITY_UNASSIGNED,GF3A_DIRECTIONAL_WRITE_EXHAUSTED_PRIMALITY_UNASSIGNED,513,512,512,NO_RECORDED_FACTOR_PRP_OR_LL_RESULT_AND_NO_ACTIVE_GIMPS_ASSIGNMENT,2026-08-09T09:12:31+00:00,UNALLOCATED,,,,,
SLCMP2607-1976,1976,1976,794098001,2^794098001-1,STRUCTURAL_SCREEN_EXHAUSTED_PRIMALITY_UNASSIGNED,GF3A_DIRECTIONAL_WRITE_EXHAUSTED_PRIMALITY_UNASSIGNED,513,512,512,NO_RECORDED_FACTOR_PRP_OR_LL_RESULT_AND_NO_ACTIVE_GIMPS_ASSIGNMENT,2026-08-09T09:12:31+00:00,UNALLOCATED,,,,,
SLCMP2607-1977,1977,1977,794098037,2^794098037-1,STRUCTURAL_SCREEN_EXHAUSTED_PRIMALITY_UNASSIGNED,GF3A_DIRECTIONAL_WRITE_EXHAUSTED_PRIMALITY_UNASSIGNED,513,512,512,NO_RECORDED_FACTOR_PRP_OR_LL_RESULT_AND_NO_ACTIVE_GIMPS_ASSIGNMENT,2026-08-09T09:12:31+00:00,UNALLOCATED,,,,,
SLCMP2607-1978,1978,1978,794098079,2^794098079-1,STRUCTURAL_SCREEN_EXHAUSTED_PRIMALITY_UNASSIGNED,GF3A_DIRECTIONAL_WRITE_EXHAUSTED_PRIMALITY_UNASSIGNED,514,512,512,NO_RECORDED_FACTOR_PRP_OR_LL_RESULT_AND_NO_ACTIVE_GIMPS_ASSIGNMENT,2026-08-09T09:12:31+00:00,UNALLOCATED,,,,,
SLCMP2607-1979,1979,1979,794098171,2^794098171-1,STRUCTURAL_SCREEN_EXHAUSTED_PRIMALITY_UNASSIGNED,GF3A_DIRECTIONAL_WRITE_EXHAUSTED_PRIMALITY_UNASSIGNED,514,512,512,NO_RECORDED_FACTOR_PRP_OR_LL_RESULT_AND_NO_ACTIVE_GIMPS_ASSIGNMENT,2026-08-09T09:12:31+00:00,UNALLOCATED,,,,,
SLCMP2607-1980,1980,1980,794098187,2^794098187-1,STRUCTURAL_SCREEN_EXHAUSTED_PRIMALITY_UNASSIGNED,GF3A_DIRECTIONAL_WRITE_EXHAUSTED_PRIMALITY_UNASSIGNED,514,512,512,NO_RECORDED_FACTOR_PRP_OR_LL_RESULT_AND_NO_ACTIVE_GIMPS_ASSIGNMENT,2026-08-09T09:12:31+00:00,UNALLOCATED,,,,,
SLCMP2607-1981,1981,1981,794098241,2^794098241-1,STRUCTURAL_SCREEN_EXHAUSTED_PRIMALITY_UNASSIGNED,GF3A_DIRECTIONAL_WRITE_EXHAUSTED_PRIMALITY_UNASSIGNED,513,512,512,NO_RECORDED_FACTOR_PRP_OR_LL_RESULT_AND_NO_ACTIVE_GIMPS_ASSIGNMENT,2026-08-09T09:12:31+00:00,UNALLOCATED,,,,,
SLCMP2607-1982,1982,1982,794098247,2^794098247-1,STRUCTURAL_SCREEN_EXHAUSTED_PRIMALITY_UNASSIGNED,GF3A_DIRECTIONAL_WRITE_EXHAUSTED_PRIMALITY_UNASSIGNED,514,512,512,NO_RECORDED_FACTOR_PRP_OR_LL_RESULT_AND_NO_ACTIVE_GIMPS_ASSIGNMENT,2026-08-09T09:12:31+00:00,UNALLOCATED,,,,,
SLCMP2607-1983,1983,1983,794098313,2^794098313-1,STRUCTURAL_SCREEN_EXHAUSTED_PRIMALITY_UNASSIGNED,GF3A_DIRECTIONAL_WRITE_EXHAUSTED_PRIMALITY_UNASSIGNED,513,512,512,NO_RECORDED_FACTOR_PRP_OR_LL_RESULT_AND_NO_ACTIVE_GIMPS_ASSIGNMENT,2026-08-09T09:12:31+00:00,UNALLOCATED,,,,,
SLCMP2607-1984,1984,1984,794098429,2^794098429-1,STRUCTURAL_SCREEN_EXHAUSTED_PRIMALITY_UNASSIGNED,GF3A_DIRECTIONAL_WRITE_EXHAUSTED_PRIMALITY_UNASSIGNED,513,512,512,NO_RECORDED_FACTOR_PRP_OR_LL_RESULT_AND_NO_ACTIVE_GIMPS_ASSIGNMENT,2026-08-09T09:12:31+00:00,UNALLOCATED,,,,,
SLCMP2607-1985,1985,1985,794098499,2^794098499-1,STRUCTURAL_SCREEN_EXHAUSTED_PRIMALITY_UNASSIGNED,GF3A_DIRECTIONAL_WRITE_EXHAUSTED_PRIMALITY_UNASSIGNED,514,512,512,NO_RECORDED_FACTOR_PRP_OR_LL_RESULT_AND_NO_ACTIVE_GIMPS_ASSIGNMENT,2026-08-09T09:12:31+00:00,UNALLOCATED,,,,,
SLCMP2607-1986,1986,1986,794098507,2^794098507-1,STRUCTURAL_SCREEN_EXHAUSTED_PRIMALITY_UNASSIGNED,GF3A_DIRECTIONAL_WRITE_EXHAUSTED_PRIMALITY_UNASSIGNED,514,512,512,NO_RECORDED_FACTOR_PRP_OR_LL_RESULT_AND_NO_ACTIVE_GIMPS_ASSIGNMENT,2026-08-09T09:12:31+00:00,UNALLOCATED,,,,,
SLCMP2607-1987,1987,1987,794098519,2^794098519-1,STRUCTURAL_SCREEN_EXHAUSTED_PRIMALITY_UNASSIGNED,GF3A_DIRECTIONAL_WRITE_EXHAUSTED_PRIMALITY_UNASSIGNED,514,512,512,NO_RECORDED_FACTOR_PRP_OR_LL_RESULT_AND_NO_ACTIVE_GIMPS_ASSIGNMENT,2026-08-09T09:12:31+00:00,UNALLOCATED,,,,,
SLCMP2607-1988,1988,1988,794098531,2^794098531-1,STRUCTURAL_SCREEN_EXHAUSTED_PRIMALITY_UNASSIGNED,GF3A_DIRECTIONAL_WRITE_EXHAUSTED_PRIMALITY_UNASSIGNED,514,512,512,NO_RECORDED_FACTOR_PRP_OR_LL_RESULT_AND_NO_ACTIVE_GIMPS_ASSIGNMENT,2026-08-09T09:12:31+00:00,UNALLOCATED,,,,,
SLCMP2607-1989,1989,1989,794098603,2^794098603-1,STRUCTURAL_SCREEN_EXHAUSTED_PRIMALITY_UNASSIGNED,GF3A_DIRECTIONAL_WRITE_EXHAUSTED_PRIMALITY_UNASSIGNED,514,512,512,NO_RECORDED_FACTOR_PRP_OR_LL_RESULT_AND_NO_ACTIVE_GIMPS_ASSIGNMENT,2026-08-09T09:12:31+00:00,UNALLOCATED,,,,,
SLCMP2607-1990,1990,1990,794098633,2^794098633-1,STRUCTURAL_SCREEN_EXHAUSTED_PRIMALITY_UNASSIGNED,GF3A_DIRECTIONAL_WRITE_EXHAUSTED_PRIMALITY_UNASSIGNED,513,512,512,NO_RECORDED_FACTOR_PRP_OR_LL_RESULT_AND_NO_ACTIVE_GIMPS_ASSIGNMENT,2026-08-09T09:12:31+00:00,UNALLOCATED,,,,,
SLCMP2607-1991,1991,1991,794098637,2^794098637-1,STRUCTURAL_SCREEN_EXHAUSTED_PRIMALITY_UNASSIGNED,GF3A_DIRECTIONAL_WRITE_EXHAUSTED_PRIMALITY_UNASSIGNED,513,512,512,NO_RECORDED_FACTOR_PRP_OR_LL_RESULT_AND_NO_ACTIVE_GIMPS_ASSIGNMENT,2026-08-09T09:12:31+00:00,UNALLOCATED,,,,,
SLCMP2607-1992,1992,1992,794098639,2^794098639-1,STRUCTURAL_SCREEN_EXHAUSTED_PRIMALITY_UNASSIGNED,GF3A_DIRECTIONAL_WRITE_EXHAUSTED_PRIMALITY_UNASSIGNED,514,512,512,NO_RECORDED_FACTOR_PRP_OR_LL_RESULT_AND_NO_ACTIVE_GIMPS_ASSIGNMENT,2026-08-09T09:12:31+00:00,UNALLOCATED,,,,,
SLCMP2607-1993,1993,1993,794098651,2^794098651-1,STRUCTURAL_SCREEN_EXHAUSTED_PRIMALITY_UNASSIGNED,GF3A_DIRECTIONAL_WRITE_EXHAUSTED_PRIMALITY_UNASSIGNED,514,512,512,NO_RECORDED_FACTOR_PRP_OR_LL_RESULT_AND_NO_ACTIVE_GIMPS_ASSIGNMENT,2026-08-09T09:12:31+00:00,UNALLOCATED,,,,,
SLCMP2607-1994,1994,1994,794098727,2^794098727-1,STRUCTURAL_SCREEN_EXHAUSTED_PRIMALITY_UNASSIGNED,GF3A_DIRECTIONAL_WRITE_EXHAUSTED_PRIMALITY_UNASSIGNED,514,512,512,NO_RECORDED_FACTOR_PRP_OR_LL_RESULT_AND_NO_ACTIVE_GIMPS_ASSIGNMENT,2026-08-09T09:12:31+00:00,UNALLOCATED,,,,,
SLCMP2607-1995,1995,1995,794098729,2^794098729-1,STRUCTURAL_SCREEN_EXHAUSTED_PRIMALITY_UNASSIGNED,GF3A_DIRECTIONAL_WRITE_EXHAUSTED_PRIMALITY_UNASSIGNED,513,512,512,NO_RECORDED_FACTOR_PRP_OR_LL_RESULT_AND_NO_ACTIVE_GIMPS_ASSIGNMENT,2026-08-09T09:12:31+00:00,UNALLOCATED,,,,,
SLCMP2607-1996,1996,1996,794098733,2^794098733-1,STRUCTURAL_SCREEN_EXHAUSTED_PRIMALITY_UNASSIGNED,GF3A_DIRECTIONAL_WRITE_EXHAUSTED_PRIMALITY_UNASSIGNED,513,512,512,NO_RECORDED_FACTOR_PRP_OR_LL_RESULT_AND_NO_ACTIVE_GIMPS_ASSIGNMENT,2026-08-09T09:12:31+00:00,UNALLOCATED,,,,,
SLCMP2607-1997,1997,1997,794098751,2^794098751-1,STRUCTURAL_SCREEN_EXHAUSTED_PRIMALITY_UNASSIGNED,GF3A_DIRECTIONAL_WRITE_EXHAUSTED_PRIMALITY_UNASSIGNED,514,512,512,NO_RECORDED_FACTOR_PRP_OR_LL_RESULT_AND_NO_ACTIVE_GIMPS_ASSIGNMENT,2026-08-09T09:12:31+00:00,UNALLOCATED,,,,,
SLCMP2607-1998,1998,1998,794098867,2^794098867-1,STRUCTURAL_SCREEN_EXHAUSTED_PRIMALITY_UNASSIGNED,GF3A_DIRECTIONAL_WRITE_EXHAUSTED_PRIMALITY_UNASSIGNED,514,512,512,NO_RECORDED_FACTOR_PRP_OR_LL_RESULT_AND_NO_ACTIVE_GIMPS_ASSIGNMENT,2026-08-09T09:12:31+00:00,UNALLOCATED,,,,,
SLCMP2607-1999,1999,1999,794098873,2^794098873-1,STRUCTURAL_SCREEN_EXHAUSTED_PRIMALITY_UNASSIGNED,GF3A_DIRECTIONAL_WRITE_EXHAUSTED_PRIMALITY_UNASSIGNED,513,512,512,NO_RECORDED_FACTOR_PRP_OR_LL_RESULT_AND_NO_ACTIVE_GIMPS_ASSIGNMENT,2026-08-09T09:12:31+00:00,UNALLOCATED,,,,,
SLCMP2607-2000,2000,2000,794098937,2^794098937-1,STRUCTURAL_SCREEN_EXHAUSTED_PRIMALITY_UNASSIGNED,GF3A_DIRECTIONAL_WRITE_EXHAUSTED_PRIMALITY_UNASSIGNED,513,512,512,NO_RECORDED_FACTOR_PRP_OR_LL_RESULT_AND_NO_ACTIVE_GIMPS_ASSIGNMENT,2026-08-09T09:12:31+00:00,UNALLOCATED,,,,,
SLCMP2607-2001,2001,2001,794098973,2^794098973-1,STRUCTURAL_SCREEN_EXHAUSTED_PRIMALITY_UNASSIGNED,GF3A_DIRECTIONAL_WRITE_EXHAUSTED_PRIMALITY_UNASSIGNED,513,512,512,NO_RECORDED_FACTOR_PRP_OR_LL_RESULT_AND_NO_ACTIVE_GIMPS_ASSIGNMENT,2026-08-09T09:12:31+00:00,UNALLOCATED,,,,,
SLCMP2607-2002,2002,2002,794099147,2^794099147-1,STRUCTURAL_SCREEN_EXHAUSTED_PRIMALITY_UNASSIGNED,GF3A_DIRECTIONAL_WRITE_EXHAUSTED_PRIMALITY_UNASSIGNED,514,512,512,NO_RECORDED_FACTOR_PRP_OR_LL_RESULT_AND_NO_ACTIVE_GIMPS_ASSIGNMENT,2026-08-09T09:12:31+00:00,UNALLOCATED,,,,,
SLCMP2607-2003,2003,2003,794099161,2^794099161-1,STRUCTURAL_SCREEN_EXHAUSTED_PRIMALITY_UNASSIGNED,GF3A_DIRECTIONAL_WRITE_EXHAUSTED_PRIMALITY_UNASSIGNED,513,512,512,NO_RECORDED_FACTOR_PRP_OR_LL_RESULT_AND_NO_ACTIVE_GIMPS_ASSIGNMENT,2026-08-09T09:12:31+00:00,UNALLOCATED,,,,,
SLCMP2607-2004,2004,2004,794099321,2^794099321-1,STRUCTURAL_SCREEN_EXHAUSTED_PRIMALITY_UNASSIGNED,GF3A_DIRECTIONAL_WRITE_EXHAUSTED_PRIMALITY_UNASSIGNED,513,512,512,NO_RECORDED_FACTOR_PRP_OR_LL_RESULT_AND_NO_ACTIVE_GIMPS_ASSIGNMENT,2026-08-09T09:12:31+00:00,UNALLOCATED,,,,,
SLCMP2607-2005,2005,2005,794099347,2^794099347-1,STRUCTURAL_SCREEN_EXHAUSTED_PRIMALITY_UNASSIGNED,GF3A_DIRECTIONAL_WRITE_EXHAUSTED_PRIMALITY_UNASSIGNED,514,512,512,NO_RECORDED_FACTOR_PRP_OR_LL_RESULT_AND_NO_ACTIVE_GIMPS_ASSIGNMENT,2026-08-09T09:12:31+00:00,UNALLOCATED,,,,,
SLCMP2607-2006,2006,2006,794099353,2^794099353-1,STRUCTURAL_SCREEN_EXHAUSTED_PRIMALITY_UNASSIGNED,GF3A_DIRECTIONAL_WRITE_EXHAUSTED_PRIMALITY_UNASSIGNED,513,512,512,NO_RECORDED_FACTOR_PRP_OR_LL_RESULT_AND_NO_ACTIVE_GIMPS_ASSIGNMENT,2026-08-09T09:12:31+00:00,UNALLOCATED,,,,,
SLCMP2607-2007,2007,2007,794099419,2^794099419-1,STRUCTURAL_SCREEN_EXHAUSTED_PRIMALITY_UNASSIGNED,GF3A_DIRECTIONAL_WRITE_EXHAUSTED_PRIMALITY_UNASSIGNED,514,512,512,NO_RECORDED_FACTOR_PRP_OR_LL_RESULT_AND_NO_ACTIVE_GIMPS_ASSIGNMENT,2026-08-09T09:12:31+00:00,UNALLOCATED,,,,,
SLCMP2607-2008,2008,2008,794099443,2^794099443-1,STRUCTURAL_SCREEN_EXHAUSTED_PRIMALITY_UNASSIGNED,GF3A_DIRECTIONAL_WRITE_EXHAUSTED_PRIMALITY_UNASSIGNED,514,512,512,NO_RECORDED_FACTOR_PRP_OR_LL_RESULT_AND_NO_ACTIVE_GIMPS_ASSIGNMENT,2026-08-09T09:12:31+00:00,UNALLOCATED,,,,,
SLCMP2607-2009,2009,2009,794099519,2^794099519-1,STRUCTURAL_SCREEN_EXHAUSTED_PRIMALITY_UNASSIGNED,GF3A_DIRECTIONAL_WRITE_EXHAUSTED_PRIMALITY_UNASSIGNED,514,512,512,NO_RECORDED_FACTOR_PRP_OR_LL_RESULT_AND_NO_ACTIVE_GIMPS_ASSIGNMENT,2026-08-09T09:12:31+00:00,UNALLOCATED,,,,,
SLCMP2607-2010,2010,2010,794099609,2^794099609-1,STRUCTURAL_SCREEN_EXHAUSTED_PRIMALITY_UNASSIGNED,GF3A_DIRECTIONAL_WRITE_EXHAUSTED_PRIMALITY_UNASSIGNED,513,512,512,NO_RECORDED_FACTOR_PRP_OR_LL_RESULT_AND_NO_ACTIVE_GIMPS_ASSIGNMENT,2026-08-09T09:12:31+00:00,UNALLOCATED,,,,,
SLCMP2607-2011,2011,2011,794099641,2^794099641-1,STRUCTURAL_SCREEN_EXHAUSTED_PRIMALITY_UNASSIGNED,GF3A_DIRECTIONAL_WRITE_EXHAUSTED_PRIMALITY_UNASSIGNED,513,512,512,NO_RECORDED_FACTOR_PRP_OR_LL_RESULT_AND_NO_ACTIVE_GIMPS_ASSIGNMENT,2026-08-09T09:12:31+00:00,UNALLOCATED,,,,,
SLCMP2607-2012,2012,2012,794099653,2^794099653-1,STRUCTURAL_SCREEN_EXHAUSTED_PRIMALITY_UNASSIGNED,GF3A_DIRECTIONAL_WRITE_EXHAUSTED_PRIMALITY_UNASSIGNED,513,512,512,NO_RECORDED_FACTOR_PRP_OR_LL_RESULT_AND_NO_ACTIVE_GIMPS_ASSIGNMENT,2026-08-09T09:12:31+00:00,UNALLOCATED,,,,,
SLCMP2607-2013,2013,2013,794099659,2^794099659-1,STRUCTURAL_SCREEN_EXHAUSTED_PRIMALITY_UNASSIGNED,GF3A_DIRECTIONAL_WRITE_EXHAUSTED_PRIMALITY_UNASSIGNED,514,512,512,NO_RECORDED_FACTOR_PRP_OR_LL_RESULT_AND_NO_ACTIVE_GIMPS_ASSIGNMENT,2026-08-09T09:12:31+00:00,UNALLOCATED,,,,,
SLCMP2607-2014,2014,2014,794099687,2^794099687-1,STRUCTURAL_SCREEN_EXHAUSTED_PRIMALITY_UNASSIGNED,GF3A_DIRECTIONAL_WRITE_EXHAUSTED_PRIMALITY_UNASSIGNED,514,512,512,NO_RECORDED_FACTOR_PRP_OR_LL_RESULT_AND_NO_ACTIVE_GIMPS_ASSIGNMENT,2026-08-09T09:12:31+00:00,UNALLOCATED,,,,,
SLCMP2607-2015,2015,2015,794099729,2^794099729-1,STRUCTURAL_SCREEN_EXHAUSTED_PRIMALITY_UNASSIGNED,GF3A_DIRECTIONAL_WRITE_EXHAUSTED_PRIMALITY_UNASSIGNED,513,512,512,NO_RECORDED_FACTOR_PRP_OR_LL_RESULT_AND_NO_ACTIVE_GIMPS_ASSIGNMENT,2026-08-09T09:12:31+00:00,UNALLOCATED,,,,,
SLCMP2607-2016,2016,2016,794099759,2^794099759-1,STRUCTURAL_SCREEN_EXHAUSTED_PRIMALITY_UNASSIGNED,GF3A_DIRECTIONAL_WRITE_EXHAUSTED_PRIMALITY_UNASSIGNED,514,512,512,NO_RECORDED_FACTOR_PRP_OR_LL_RESULT_AND_NO_ACTIVE_GIMPS_ASSIGNMENT,2026-08-09T09:12:31+00:00,UNALLOCATED,,,,,
SLCMP2607-2017,2017,2017,794099797,2^794099797-1,STRUCTURAL_SCREEN_EXHAUSTED_PRIMALITY_UNASSIGNED,GF3A_DIRECTIONAL_WRITE_EXHAUSTED_PRIMALITY_UNASSIGNED,513,512,512,NO_RECORDED_FACTOR_PRP_OR_LL_RESULT_AND_NO_ACTIVE_GIMPS_ASSIGNMENT,2026-08-09T09:12:31+00:00,UNALLOCATED,,,,,
SLCMP2607-2018,2018,2018,794099843,2^794099843-1,STRUCTURAL_SCREEN_EXHAUSTED_PRIMALITY_UNASSIGNED,GF3A_DIRECTIONAL_WRITE_EXHAUSTED_PRIMALITY_UNASSIGNED,514,512,512,NO_RECORDED_FACTOR_PRP_OR_LL_RESULT_AND_NO_ACTIVE_GIMPS_ASSIGNMENT,2026-08-09T09:12:31+00:00,UNALLOCATED,,,,,
SLCMP2607-2019,2019,2019,794099941,2^794099941-1,STRUCTURAL_SCREEN_EXHAUSTED_PRIMALITY_UNASSIGNED,GF3A_DIRECTIONAL_WRITE_EXHAUSTED_PRIMALITY_UNASSIGNED,513,512,512,NO_RECORDED_FACTOR_PRP_OR_LL_RESULT_AND_NO_ACTIVE_GIMPS_ASSIGNMENT,2026-08-09T09:12:31+00:00,UNALLOCATED,,,,,
SLCMP2607-2020,2020,2020,794099959,2^794099959-1,STRUCTURAL_SCREEN_EXHAUSTED_PRIMALITY_UNASSIGNED,GF3A_DIRECTIONAL_WRITE_EXHAUSTED_PRIMALITY_UNASSIGNED,514,512,512,NO_RECORDED_FACTOR_PRP_OR_LL_RESULT_AND_NO_ACTIVE_GIMPS_ASSIGNMENT,2026-08-09T09:12:31+00:00,UNALLOCATED,,,,,
SLCMP2607-2021,2021,2021,794099983,2^794099983-1,STRUCTURAL_SCREEN_EXHAUSTED_PRIMALITY_UNASSIGNED,GF3A_DIRECTIONAL_WRITE_EXHAUSTED_PRIMALITY_UNASSIGNED,514,512,512,NO_RECORDED_FACTOR_PRP_OR_LL_RESULT_AND_NO_ACTIVE_GIMPS_ASSIGNMENT,2026-08-09T09:12:31+00:00,UNALLOCATED,,,,,
SLCMP2607-2022,2022,2022,794100137,2^794100137-1,STRUCTURAL_SCREEN_EXHAUSTED_PRIMALITY_UNASSIGNED,GF3A_DIRECTIONAL_WRITE_EXHAUSTED_PRIMALITY_UNASSIGNED,513,512,512,NO_RECORDED_FACTOR_PRP_OR_LL_RESULT_AND_NO_ACTIVE_GIMPS_ASSIGNMENT,2026-08-09T09:12:31+00:00,UNALLOCATED,,,,,
SLCMP2607-2023,2023,2023,794100217,2^794100217-1,STRUCTURAL_SCREEN_EXHAUSTED_PRIMALITY_UNASSIGNED,GF3A_DIRECTIONAL_WRITE_EXHAUSTED_PRIMALITY_UNASSIGNED,513,512,512,NO_RECORDED_FACTOR_PRP_OR_LL_RESULT_AND_NO_ACTIVE_GIMPS_ASSIGNMENT,2026-08-09T09:12:31+00:00,UNALLOCATED,,,,,
SLCMP2607-2024,2024,2024,794100317,2^794100317-1,STRUCTURAL_SCREEN_EXHAUSTED_PRIMALITY_UNASSIGNED,GF3A_DIRECTIONAL_WRITE_EXHAUSTED_PRIMALITY_UNASSIGNED,513,512,512,NO_RECORDED_FACTOR_PRP_OR_LL_RESULT_AND_NO_ACTIVE_GIMPS_ASSIGNMENT,2026-08-09T09:12:31+00:00,UNALLOCATED,,,,,
SLCMP2607-2025,2025,2025,794100367,2^794100367-1,STRUCTURAL_SCREEN_EXHAUSTED_PRIMALITY_UNASSIGNED,GF3A_DIRECTIONAL_WRITE_EXHAUSTED_PRIMALITY_UNASSIGNED,514,512,512,NO_RECORDED_FACTOR_PRP_OR_LL_RESULT_AND_NO_ACTIVE_GIMPS_ASSIGNMENT,2026-08-09T09:12:31+00:00,UNALLOCATED,,,,,
SLCMP2607-2026,2026,2026,794100487,2^794100487-1,STRUCTURAL_SCREEN_EXHAUSTED_PRIMALITY_UNASSIGNED,GF3A_DIRECTIONAL_WRITE_EXHAUSTED_PRIMALITY_UNASSIGNED,514,512,512,NO_RECORDED_FACTOR_PRP_OR_LL_RESULT_AND_NO_ACTIVE_GIMPS_ASSIGNMENT,2026-08-09T09:12:31+00:00,UNALLOCATED,,,,,
SLCMP2607-2027,2027,2027,794100521,2^794100521-1,STRUCTURAL_SCREEN_EXHAUSTED_PRIMALITY_UNASSIGNED,GF3A_DIRECTIONAL_WRITE_EXHAUSTED_PRIMALITY_UNASSIGNED,513,512,512,NO_RECORDED_FACTOR_PRP_OR_LL_RESULT_AND_NO_ACTIVE_GIMPS_ASSIGNMENT,2026-08-09T09:12:31+00:00,UNALLOCATED,,,,,
SLCMP2607-2028,2028,2028,794100551,2^794100551-1,STRUCTURAL_SCREEN_EXHAUSTED_PRIMALITY_UNASSIGNED,GF3A_DIRECTIONAL_WRITE_EXHAUSTED_PRIMALITY_UNASSIGNED,514,512,512,NO_RECORDED_FACTOR_PRP_OR_LL_RESULT_AND_NO_ACTIVE_GIMPS_ASSIGNMENT,2026-08-09T09:12:31+00:00,UNALLOCATED,,,,,
SLCMP2607-2029,2029,2029,794100589,2^794100589-1,STRUCTURAL_SCREEN_EXHAUSTED_PRIMALITY_UNASSIGNED,GF3A_DIRECTIONAL_WRITE_EXHAUSTED_PRIMALITY_UNASSIGNED,513,512,512,NO_RECORDED_FACTOR_PRP_OR_LL_RESULT_AND_NO_ACTIVE_GIMPS_ASSIGNMENT,2026-08-09T09:12:31+00:00,UNALLOCATED,,,,,
SLCMP2607-2030,2030,2030,794100733,2^794100733-1,STRUCTURAL_SCREEN_EXHAUSTED_PRIMALITY_UNASSIGNED,GF3A_DIRECTIONAL_WRITE_EXHAUSTED_PRIMALITY_UNASSIGNED,513,512,512,NO_RECORDED_FACTOR_PRP_OR_LL_RESULT_AND_NO_ACTIVE_GIMPS_ASSIGNMENT,2026-08-09T09:12:31+00:00,UNALLOCATED,,,,,
SLCMP2607-2031,2031,2031,794100761,2^794100761-1,STRUCTURAL_SCREEN_EXHAUSTED_PRIMALITY_UNASSIGNED,GF3A_DIRECTIONAL_WRITE_EXHAUSTED_PRIMALITY_UNASSIGNED,513,512,512,NO_RECORDED_FACTOR_PRP_OR_LL_RESULT_AND_NO_ACTIVE_GIMPS_ASSIGNMENT,2026-08-09T09:12:31+00:00,UNALLOCATED,,,,,
SLCMP2607-2032,2032,2032,794100841,2^794100841-1,STRUCTURAL_SCREEN_EXHAUSTED_PRIMALITY_UNASSIGNED,GF3A_DIRECTIONAL_WRITE_EXHAUSTED_PRIMALITY_UNASSIGNED,513,512,512,NO_RECORDED_FACTOR_PRP_OR_LL_RESULT_AND_NO_ACTIVE_GIMPS_ASSIGNMENT,2026-08-09T09:12:31+00:00,UNALLOCATED,,,,,
SLCMP2607-2033,2033,2033,794100871,2^794100871-1,STRUCTURAL_SCREEN_EXHAUSTED_PRIMALITY_UNASSIGNED,GF3A_DIRECTIONAL_WRITE_EXHAUSTED_PRIMALITY_UNASSIGNED,514,512,512,NO_RECORDED_FACTOR_PRP_OR_LL_RESULT_AND_NO_ACTIVE_GIMPS_ASSIGNMENT,2026-08-09T09:12:31+00:00,UNALLOCATED,,,,,
SLCMP2607-2034,2034,2034,794100947,2^794100947-1,STRUCTURAL_SCREEN_EXHAUSTED_PRIMALITY_UNASSIGNED,GF3A_DIRECTIONAL_WRITE_EXHAUSTED_PRIMALITY_UNASSIGNED,514,512,512,NO_RECORDED_FACTOR_PRP_OR_LL_RESULT_AND_NO_ACTIVE_GIMPS_ASSIGNMENT,2026-08-09T09:12:31+00:00,UNALLOCATED,,,,,
SLCMP2607-2035,2035,2035,794100949,2^794100949-1,STRUCTURAL_SCREEN_EXHAUSTED_PRIMALITY_UNASSIGNED,GF3A_DIRECTIONAL_WRITE_EXHAUSTED_PRIMALITY_UNASSIGNED,513,512,512,NO_RECORDED_FACTOR_PRP_OR_LL_RESULT_AND_NO_ACTIVE_GIMPS_ASSIGNMENT,2026-08-09T09:12:31+00:00,UNALLOCATED,,,,,
SLCMP2607-2036,2036,2036,794100973,2^794100973-1,STRUCTURAL_SCREEN_EXHAUSTED_PRIMALITY_UNASSIGNED,GF3A_DIRECTIONAL_WRITE_EXHAUSTED_PRIMALITY_UNASSIGNED,513,512,512,NO_RECORDED_FACTOR_PRP_OR_LL_RESULT_AND_NO_ACTIVE_GIMPS_ASSIGNMENT,2026-08-09T09:12:31+00:00,UNALLOCATED,,,,,
SLCMP2607-2037,2037,2037,794101003,2^794101003-1,STRUCTURAL_SCREEN_EXHAUSTED_PRIMALITY_UNASSIGNED,GF3A_DIRECTIONAL_WRITE_EXHAUSTED_PRIMALITY_UNASSIGNED,514,512,512,NO_RECORDED_FACTOR_PRP_OR_LL_RESULT_AND_NO_ACTIVE_GIMPS_ASSIGNMENT,2026-08-09T09:12:31+00:00,UNALLOCATED,,,,,
SLCMP2607-2038,2038,2038,794101037,2^794101037-1,STRUCTURAL_SCREEN_EXHAUSTED_PRIMALITY_UNASSIGNED,GF3A_DIRECTIONAL_WRITE_EXHAUSTED_PRIMALITY_UNASSIGNED,513,512,512,NO_RECORDED_FACTOR_PRP_OR_LL_RESULT_AND_NO_ACTIVE_GIMPS_ASSIGNMENT,2026-08-09T09:12:31+00:00,UNALLOCATED,,,,,
SLCMP2607-2039,2039,2039,794101213,2^794101213-1,STRUCTURAL_SCREEN_EXHAUSTED_PRIMALITY_UNASSIGNED,GF3A_DIRECTIONAL_WRITE_EXHAUSTED_PRIMALITY_UNASSIGNED,513,512,512,NO_RECORDED_FACTOR_PRP_OR_LL_RESULT_AND_NO_ACTIVE_GIMPS_ASSIGNMENT,2026-08-09T09:12:31+00:00,UNALLOCATED,,,,,
SLCMP2607-2040,2040,2040,794101351,2^794101351-1,STRUCTURAL_SCREEN_EXHAUSTED_PRIMALITY_UNASSIGNED,GF3A_DIRECTIONAL_WRITE_EXHAUSTED_PRIMALITY_UNASSIGNED,514,512,512,NO_RECORDED_FACTOR_PRP_OR_LL_RESULT_AND_NO_ACTIVE_GIMPS_ASSIGNMENT,2026-08-09T09:12:31+00:00,UNALLOCATED,,,,,
SLCMP2607-2041,2041,2041,794101379,2^794101379-1,STRUCTURAL_SCREEN_EXHAUSTED_PRIMALITY_UNASSIGNED,GF3A_DIRECTIONAL_WRITE_EXHAUSTED_PRIMALITY_UNASSIGNED,514,512,512,NO_RECORDED_FACTOR_PRP_OR_LL_RESULT_AND_NO_ACTIVE_GIMPS_ASSIGNMENT,2026-08-09T09:12:31+00:00,UNALLOCATED,,,,,
SLCMP2607-2042,2042,2042,794101471,2^794101471-1,STRUCTURAL_SCREEN_EXHAUSTED_PRIMALITY_UNASSIGNED,GF3A_DIRECTIONAL_WRITE_EXHAUSTED_PRIMALITY_UNASSIGNED,514,512,512,NO_RECORDED_FACTOR_PRP_OR_LL_RESULT_AND_NO_ACTIVE_GIMPS_ASSIGNMENT,2026-08-09T09:12:31+00:00,UNALLOCATED,,,,,
SLCMP2607-2043,2043,2043,794101547,2^794101547-1,STRUCTURAL_SCREEN_EXHAUSTED_PRIMALITY_UNASSIGNED,GF3A_DIRECTIONAL_WRITE_EXHAUSTED_PRIMALITY_UNASSIGNED,514,512,512,NO_RECORDED_FACTOR_PRP_OR_LL_RESULT_AND_NO_ACTIVE_GIMPS_ASSIGNMENT,2026-08-09T09:12:31+00:00,UNALLOCATED,,,,,
SLCMP2607-2044,2044,2044,794101631,2^794101631-1,STRUCTURAL_SCREEN_EXHAUSTED_PRIMALITY_UNASSIGNED,GF3A_DIRECTIONAL_WRITE_EXHAUSTED_PRIMALITY_UNASSIGNED,514,512,512,NO_RECORDED_FACTOR_PRP_OR_LL_RESULT_AND_NO_ACTIVE_GIMPS_ASSIGNMENT,2026-08-09T09:12:31+00:00,UNALLOCATED,,,,,
SLCMP2607-2045,2045,2045,794101723,2^794101723-1,STRUCTURAL_SCREEN_EXHAUSTED_PRIMALITY_UNASSIGNED,GF3A_DIRECTIONAL_WRITE_EXHAUSTED_PRIMALITY_UNASSIGNED,514,512,512,NO_RECORDED_FACTOR_PRP_OR_LL_RESULT_AND_NO_ACTIVE_GIMPS_ASSIGNMENT,2026-08-09T09:12:31+00:00,UNALLOCATED,,,,,
SLCMP2607-2046,2046,2046,794101783,2^794101783-1,STRUCTURAL_SCREEN_EXHAUSTED_PRIMALITY_UNASSIGNED,GF3A_DIRECTIONAL_WRITE_EXHAUSTED_PRIMALITY_UNASSIGNED,514,512,512,NO_RECORDED_FACTOR_PRP_OR_LL_RESULT_AND_NO_ACTIVE_GIMPS_ASSIGNMENT,2026-08-09T09:12:31+00:00,UNALLOCATED,,,,,
SLCMP2607-2047,2047,2047,794101799,2^794101799-1,STRUCTURAL_SCREEN_EXHAUSTED_PRIMALITY_UNASSIGNED,GF3A_DIRECTIONAL_WRITE_EXHAUSTED_PRIMALITY_UNASSIGNED,514,512,512,NO_RECORDED_FACTOR_PRP_OR_LL_RESULT_AND_NO_ACTIVE_GIMPS_ASSIGNMENT,2026-08-09T09:12:31+00:00,UNALLOCATED,,,,,
SLCMP2607-2048,2048,2048,794101831,2^794101831-1,STRUCTURAL_SCREEN_EXHAUSTED_PRIMALITY_UNASSIGNED,GF3A_DIRECTIONAL_WRITE_EXHAUSTED_PRIMALITY_UNASSIGNED,514,512,512,NO_RECORDED_FACTOR_PRP_OR_LL_RESULT_AND_NO_ACTIVE_GIMPS_ASSIGNMENT,2026-08-09T09:12:31+00:00,UNALLOCATED,,,,,
SLCMP2607-2049,2049,2049,794101883,2^794101883-1,STRUCTURAL_SCREEN_EXHAUSTED_PRIMALITY_UNASSIGNED,GF3A_DIRECTIONAL_WRITE_EXHAUSTED_PRIMALITY_UNASSIGNED,514,512,512,NO_RECORDED_FACTOR_PRP_OR_LL_RESULT_AND_NO_ACTIVE_GIMPS_ASSIGNMENT,2026-08-09T09:12:31+00:00,UNALLOCATED,,,,,
SLCMP2607-2050,2050,2050,794101939,2^794101939-1,STRUCTURAL_SCREEN_EXHAUSTED_PRIMALITY_UNASSIGNED,GF3A_DIRECTIONAL_WRITE_EXHAUSTED_PRIMALITY_UNASSIGNED,514,512,512,NO_RECORDED_FACTOR_PRP_OR_LL_RESULT_AND_NO_ACTIVE_GIMPS_ASSIGNMENT,2026-08-09T09:12:31+00:00,UNALLOCATED,,,,,
SLCMP2607-2051,2051,2051,794101999,2^794101999-1,STRUCTURAL_SCREEN_EXHAUSTED_PRIMALITY_UNASSIGNED,GF3A_DIRECTIONAL_WRITE_EXHAUSTED_PRIMALITY_UNASSIGNED,514,512,512,NO_RECORDED_FACTOR_PRP_OR_LL_RESULT_AND_NO_ACTIVE_GIMPS_ASSIGNMENT,2026-08-09T09:12:31+00:00,UNALLOCATED,,,,,
SLCMP2607-2052,2052,2052,794102009,2^794102009-1,STRUCTURAL_SCREEN_EXHAUSTED_PRIMALITY_UNASSIGNED,GF3A_DIRECTIONAL_WRITE_EXHAUSTED_PRIMALITY_UNASSIGNED,513,512,512,NO_RECORDED_FACTOR_PRP_OR_LL_RESULT_AND_NO_ACTIVE_GIMPS_ASSIGNMENT,2026-08-09T09:12:31+00:00,UNALLOCATED,,,,,
SLCMP2607-2053,2053,2053,794102039,2^794102039-1,STRUCTURAL_SCREEN_EXHAUSTED_PRIMALITY_UNASSIGNED,GF3A_DIRECTIONAL_WRITE_EXHAUSTED_PRIMALITY_UNASSIGNED,514,512,512,NO_RECORDED_FACTOR_PRP_OR_LL_RESULT_AND_NO_ACTIVE_GIMPS_ASSIGNMENT,2026-08-09T09:12:31+00:00,UNALLOCATED,,,,,
SLCMP2607-2054,2054,2054,794102047,2^794102047-1,STRUCTURAL_SCREEN_EXHAUSTED_PRIMALITY_UNASSIGNED,GF3A_DIRECTIONAL_WRITE_EXHAUSTED_PRIMALITY_UNASSIGNED,514,512,512,NO_RECORDED_FACTOR_PRP_OR_LL_RESULT_AND_NO_ACTIVE_GIMPS_ASSIGNMENT,2026-08-09T09:12:31+00:00,UNALLOCATED,,,,,
SLCMP2607-2055,2055,2055,794102053,2^794102053-1,STRUCTURAL_SCREEN_EXHAUSTED_PRIMALITY_UNASSIGNED,GF3A_DIRECTIONAL_WRITE_EXHAUSTED_PRIMALITY_UNASSIGNED,513,512,512,NO_RECORDED_FACTOR_PRP_OR_LL_RESULT_AND_NO_ACTIVE_GIMPS_ASSIGNMENT,2026-08-09T09:12:31+00:00,UNALLOCATED,,,,,
SLCMP2607-2056,2056,2056,794102123,2^794102123-1,STRUCTURAL_SCREEN_EXHAUSTED_PRIMALITY_UNASSIGNED,GF3A_DIRECTIONAL_WRITE_EXHAUSTED_PRIMALITY_UNASSIGNED,514,512,512,NO_RECORDED_FACTOR_PRP_OR_LL_RESULT_AND_NO_ACTIVE_GIMPS_ASSIGNMENT,2026-08-09T09:12:31+00:00,UNALLOCATED,,,,,
SLCMP2607-2057,2057,2057,794102129,2^794102129-1,STRUCTURAL_SCREEN_EXHAUSTED_PRIMALITY_UNASSIGNED,GF3A_DIRECTIONAL_WRITE_EXHAUSTED_PRIMALITY_UNASSIGNED,513,512,512,NO_RECORDED_FACTOR_PRP_OR_LL_RESULT_AND_NO_ACTIVE_GIMPS_ASSIGNMENT,2026-08-09T09:12:31+00:00,UNALLOCATED,,,,,
SLCMP2607-2058,2058,2058,794102191,2^794102191-1,STRUCTURAL_SCREEN_EXHAUSTED_PRIMALITY_UNASSIGNED,GF3A_DIRECTIONAL_WRITE_EXHAUSTED_PRIMALITY_UNASSIGNED,514,512,512,NO_RECORDED_FACTOR_PRP_OR_LL_RESULT_AND_NO_ACTIVE_GIMPS_ASSIGNMENT,2026-08-09T09:12:31+00:00,UNALLOCATED,,,,,
SLCMP2607-2059,2059,2059,794102203,2^794102203-1,STRUCTURAL_SCREEN_EXHAUSTED_PRIMALITY_UNASSIGNED,GF3A_DIRECTIONAL_WRITE_EXHAUSTED_PRIMALITY_UNASSIGNED,514,512,512,NO_RECORDED_FACTOR_PRP_OR_LL_RESULT_AND_NO_ACTIVE_GIMPS_ASSIGNMENT,2026-08-09T09:12:31+00:00,UNALLOCATED,,,,,
SLCMP2607-2060,2060,2060,794102297,2^794102297-1,STRUCTURAL_SCREEN_EXHAUSTED_PRIMALITY_UNASSIGNED,GF3A_DIRECTIONAL_WRITE_EXHAUSTED_PRIMALITY_UNASSIGNED,513,512,512,NO_RECORDED_FACTOR_PRP_OR_LL_RESULT_AND_NO_ACTIVE_GIMPS_ASSIGNMENT,2026-08-09T09:12:31+00:00,UNALLOCATED,,,,,
SLCMP2607-2061,2061,2061,794102329,2^794102329-1,STRUCTURAL_SCREEN_EXHAUSTED_PRIMALITY_UNASSIGNED,GF3A_DIRECTIONAL_WRITE_EXHAUSTED_PRIMALITY_UNASSIGNED,513,512,512,NO_RECORDED_FACTOR_PRP_OR_LL_RESULT_AND_NO_ACTIVE_GIMPS_ASSIGNMENT,2026-08-09T09:12:31+00:00,UNALLOCATED,,,,,
SLCMP2607-2062,2062,2062,794102341,2^794102341-1,STRUCTURAL_SCREEN_EXHAUSTED_PRIMALITY_UNASSIGNED,GF3A_DIRECTIONAL_WRITE_EXHAUSTED_PRIMALITY_UNASSIGNED,513,512,512,NO_RECORDED_FACTOR_PRP_OR_LL_RESULT_AND_NO_ACTIVE_GIMPS_ASSIGNMENT,2026-08-09T09:12:31+00:00,UNALLOCATED,,,,,
SLCMP2607-2063,2063,2063,794102369,2^794102369-1,STRUCTURAL_SCREEN_EXHAUSTED_PRIMALITY_UNASSIGNED,GF3A_DIRECTIONAL_WRITE_EXHAUSTED_PRIMALITY_UNASSIGNED,513,512,512,NO_RECORDED_FACTOR_PRP_OR_LL_RESULT_AND_NO_ACTIVE_GIMPS_ASSIGNMENT,2026-08-09T09:12:31+00:00,UNALLOCATED,,,,,
SLCMP2607-2064,2064,2064,794102381,2^794102381-1,STRUCTURAL_SCREEN_EXHAUSTED_PRIMALITY_UNASSIGNED,GF3A_DIRECTIONAL_WRITE_EXHAUSTED_PRIMALITY_UNASSIGNED,513,512,512,NO_RECORDED_FACTOR_PRP_OR_LL_RESULT_AND_NO_ACTIVE_GIMPS_ASSIGNMENT,2026-08-09T09:12:31+00:00,UNALLOCATED,,,,,
SLCMP2607-2065,2065,2065,794102383,2^794102383-1,STRUCTURAL_SCREEN_EXHAUSTED_PRIMALITY_UNASSIGNED,GF3A_DIRECTIONAL_WRITE_EXHAUSTED_PRIMALITY_UNASSIGNED,514,512,512,NO_RECORDED_FACTOR_PRP_OR_LL_RESULT_AND_NO_ACTIVE_GIMPS_ASSIGNMENT,2026-08-09T09:12:31+00:00,UNALLOCATED,,,,,
SLCMP2607-2066,2066,2066,794102443,2^794102443-1,STRUCTURAL_SCREEN_EXHAUSTED_PRIMALITY_UNASSIGNED,GF3A_DIRECTIONAL_WRITE_EXHAUSTED_PRIMALITY_UNASSIGNED,514,512,512,NO_RECORDED_FACTOR_PRP_OR_LL_RESULT_AND_NO_ACTIVE_GIMPS_ASSIGNMENT,2026-08-09T09:12:31+00:00,UNALLOCATED,,,,,
SLCMP2607-2067,2067,2067,794102483,2^794102483-1,STRUCTURAL_SCREEN_EXHAUSTED_PRIMALITY_UNASSIGNED,GF3A_DIRECTIONAL_WRITE_EXHAUSTED_PRIMALITY_UNASSIGNED,514,512,512,NO_RECORDED_FACTOR_PRP_OR_LL_RESULT_AND_NO_ACTIVE_GIMPS_ASSIGNMENT,2026-08-09T09:12:31+00:00,UNALLOCATED,,,,,
SLCMP2607-2068,2068,2068,794102633,2^794102633-1,STRUCTURAL_SCREEN_EXHAUSTED_PRIMALITY_UNASSIGNED,GF3A_DIRECTIONAL_WRITE_EXHAUSTED_PRIMALITY_UNASSIGNED,513,512,512,NO_RECORDED_FACTOR_PRP_OR_LL_RESULT_AND_NO_ACTIVE_GIMPS_ASSIGNMENT,2026-08-09T09:12:31+00:00,UNALLOCATED,,,,,
SLCMP2607-2069,2069,2069,794102713,2^794102713-1,STRUCTURAL_SCREEN_EXHAUSTED_PRIMALITY_UNASSIGNED,GF3A_DIRECTIONAL_WRITE_EXHAUSTED_PRIMALITY_UNASSIGNED,513,512,512,NO_RECORDED_FACTOR_PRP_OR_LL_RESULT_AND_NO_ACTIVE_GIMPS_ASSIGNMENT,2026-08-09T09:12:31+00:00,UNALLOCATED,,,,,
SLCMP2607-2070,2070,2070,794102723,2^794102723-1,STRUCTURAL_SCREEN_EXHAUSTED_PRIMALITY_UNASSIGNED,GF3A_DIRECTIONAL_WRITE_EXHAUSTED_PRIMALITY_UNASSIGNED,514,512,512,NO_RECORDED_FACTOR_PRP_OR_LL_RESULT_AND_NO_ACTIVE_GIMPS_ASSIGNMENT,2026-08-09T09:12:31+00:00,UNALLOCATED,,,,,
SLCMP2607-2071,2071,2071,794102731,2^794102731-1,STRUCTURAL_SCREEN_EXHAUSTED_PRIMALITY_UNASSIGNED,GF3A_DIRECTIONAL_WRITE_EXHAUSTED_PRIMALITY_UNASSIGNED,514,512,512,NO_RECORDED_FACTOR_PRP_OR_LL_RESULT_AND_NO_ACTIVE_GIMPS_ASSIGNMENT,2026-08-09T09:12:31+00:00,UNALLOCATED,,,,,
SLCMP2607-2072,2072,2072,794102783,2^794102783-1,STRUCTURAL_SCREEN_EXHAUSTED_PRIMALITY_UNASSIGNED,GF3A_DIRECTIONAL_WRITE_EXHAUSTED_PRIMALITY_UNASSIGNED,514,512,512,NO_RECORDED_FACTOR_PRP_OR_LL_RESULT_AND_NO_ACTIVE_GIMPS_ASSIGNMENT,2026-08-09T09:12:31+00:00,UNALLOCATED,,,,,
SLCMP2607-2073,2073,2073,794102821,2^794102821-1,STRUCTURAL_SCREEN_EXHAUSTED_PRIMALITY_UNASSIGNED,GF3A_DIRECTIONAL_WRITE_EXHAUSTED_PRIMALITY_UNASSIGNED,513,512,512,NO_RECORDED_FACTOR_PRP_OR_LL_RESULT_AND_NO_ACTIVE_GIMPS_ASSIGNMENT,2026-08-09T09:12:31+00:00,UNALLOCATED,,,,,
SLCMP2607-2074,2074,2074,794102857,2^794102857-1,STRUCTURAL_SCREEN_EXHAUSTED_PRIMALITY_UNASSIGNED,GF3A_DIRECTIONAL_WRITE_EXHAUSTED_PRIMALITY_UNASSIGNED,513,512,512,NO_RECORDED_FACTOR_PRP_OR_LL_RESULT_AND_NO_ACTIVE_GIMPS_ASSIGNMENT,2026-08-09T09:12:31+00:00,UNALLOCATED,,,,,
SLCMP2607-2075,2075,2075,794102873,2^794102873-1,STRUCTURAL_SCREEN_EXHAUSTED_PRIMALITY_UNASSIGNED,GF3A_DIRECTIONAL_WRITE_EXHAUSTED_PRIMALITY_UNASSIGNED,513,512,512,NO_RECORDED_FACTOR_PRP_OR_LL_RESULT_AND_NO_ACTIVE_GIMPS_ASSIGNMENT,2026-08-09T09:12:31+00:00,UNALLOCATED,,,,,
SLCMP2607-2076,2076,2076,794102879,2^794102879-1,STRUCTURAL_SCREEN_EXHAUSTED_PRIMALITY_UNASSIGNED,GF3A_DIRECTIONAL_WRITE_EXHAUSTED_PRIMALITY_UNASSIGNED,514,512,512,NO_RECORDED_FACTOR_PRP_OR_LL_RESULT_AND_NO_ACTIVE_GIMPS_ASSIGNMENT,2026-08-09T09:12:31+00:00,UNALLOCATED,,,,,
SLCMP2607-2077,2077,2077,794102893,2^794102893-1,STRUCTURAL_SCREEN_EXHAUSTED_PRIMALITY_UNASSIGNED,GF3A_DIRECTIONAL_WRITE_EXHAUSTED_PRIMALITY_UNASSIGNED,513,512,512,NO_RECORDED_FACTOR_PRP_OR_LL_RESULT_AND_NO_ACTIVE_GIMPS_ASSIGNMENT,2026-08-09T09:12:31+00:00,UNALLOCATED,,,,,
SLCMP2607-2078,2078,2078,794102951,2^794102951-1,STRUCTURAL_SCREEN_EXHAUSTED_PRIMALITY_UNASSIGNED,GF3A_DIRECTIONAL_WRITE_EXHAUSTED_PRIMALITY_UNASSIGNED,514,512,512,NO_RECORDED_FACTOR_PRP_OR_LL_RESULT_AND_NO_ACTIVE_GIMPS_ASSIGNMENT,2026-08-09T09:12:31+00:00,UNALLOCATED,,,,,
SLCMP2607-2079,2079,2079,794102987,2^794102987-1,STRUCTURAL_SCREEN_EXHAUSTED_PRIMALITY_UNASSIGNED,GF3A_DIRECTIONAL_WRITE_EXHAUSTED_PRIMALITY_UNASSIGNED,514,512,512,NO_RECORDED_FACTOR_PRP_OR_LL_RESULT_AND_NO_ACTIVE_GIMPS_ASSIGNMENT,2026-08-09T09:12:31+00:00,UNALLOCATED,,,,,
SLCMP2607-2080,2080,2080,794102993,2^794102993-1,STRUCTURAL_SCREEN_EXHAUSTED_PRIMALITY_UNASSIGNED,GF3A_DIRECTIONAL_WRITE_EXHAUSTED_PRIMALITY_UNASSIGNED,513,512,512,NO_RECORDED_FACTOR_PRP_OR_LL_RESULT_AND_NO_ACTIVE_GIMPS_ASSIGNMENT,2026-08-09T09:12:31+00:00,UNALLOCATED,,,,,
SLCMP2607-2081,2081,2081,794102999,2^794102999-1,STRUCTURAL_SCREEN_EXHAUSTED_PRIMALITY_UNASSIGNED,GF3A_DIRECTIONAL_WRITE_EXHAUSTED_PRIMALITY_UNASSIGNED,514,512,512,NO_RECORDED_FACTOR_PRP_OR_LL_RESULT_AND_NO_ACTIVE_GIMPS_ASSIGNMENT,2026-08-09T09:12:31+00:00,UNALLOCATED,,,,,
SLCMP2607-2082,2082,2082,794103049,2^794103049-1,STRUCTURAL_SCREEN_EXHAUSTED_PRIMALITY_UNASSIGNED,GF3A_DIRECTIONAL_WRITE_EXHAUSTED_PRIMALITY_UNASSIGNED,513,512,512,NO_RECORDED_FACTOR_PRP_OR_LL_RESULT_AND_NO_ACTIVE_GIMPS_ASSIGNMENT,2026-08-09T09:12:31+00:00,UNALLOCATED,,,,,
SLCMP2607-2083,2083,2083,794103077,2^794103077-1,STRUCTURAL_SCREEN_EXHAUSTED_PRIMALITY_UNASSIGNED,GF3A_DIRECTIONAL_WRITE_EXHAUSTED_PRIMALITY_UNASSIGNED,513,512,512,NO_RECORDED_FACTOR_PRP_OR_LL_RESULT_AND_NO_ACTIVE_GIMPS_ASSIGNMENT,2026-08-09T09:12:31+00:00,UNALLOCATED,,,,,
SLCMP2607-2084,2084,2084,794103151,2^794103151-1,STRUCTURAL_SCREEN_EXHAUSTED_PRIMALITY_UNASSIGNED,GF3A_DIRECTIONAL_WRITE_EXHAUSTED_PRIMALITY_UNASSIGNED,514,512,512,NO_RECORDED_FACTOR_PRP_OR_LL_RESULT_AND_NO_ACTIVE_GIMPS_ASSIGNMENT,2026-08-09T09:12:31+00:00,UNALLOCATED,,,,,
SLCMP2607-2085,2085,2085,794103197,2^794103197-1,STRUCTURAL_SCREEN_EXHAUSTED_PRIMALITY_UNASSIGNED,GF3A_DIRECTIONAL_WRITE_EXHAUSTED_PRIMALITY_UNASSIGNED,513,512,512,NO_RECORDED_FACTOR_PRP_OR_LL_RESULT_AND_NO_ACTIVE_GIMPS_ASSIGNMENT,2026-08-09T09:12:31+00:00,UNALLOCATED,,,,,
SLCMP2607-2086,2086,2086,794103209,2^794103209-1,STRUCTURAL_SCREEN_EXHAUSTED_PRIMALITY_UNASSIGNED,GF3A_DIRECTIONAL_WRITE_EXHAUSTED_PRIMALITY_UNASSIGNED,513,512,512,NO_RECORDED_FACTOR_PRP_OR_LL_RESULT_AND_NO_ACTIVE_GIMPS_ASSIGNMENT,2026-08-09T09:12:31+00:00,UNALLOCATED,,,,,
SLCMP2607-2087,2087,2087,794103241,2^794103241-1,STRUCTURAL_SCREEN_EXHAUSTED_PRIMALITY_UNASSIGNED,GF3A_DIRECTIONAL_WRITE_EXHAUSTED_PRIMALITY_UNASSIGNED,513,512,512,NO_RECORDED_FACTOR_PRP_OR_LL_RESULT_AND_NO_ACTIVE_GIMPS_ASSIGNMENT,2026-08-09T09:12:31+00:00,UNALLOCATED,,,,,
SLCMP2607-2088,2088,2088,794103281,2^794103281-1,STRUCTURAL_SCREEN_EXHAUSTED_PRIMALITY_UNASSIGNED,GF3A_DIRECTIONAL_WRITE_EXHAUSTED_PRIMALITY_UNASSIGNED,513,512,512,NO_RECORDED_FACTOR_PRP_OR_LL_RESULT_AND_NO_ACTIVE_GIMPS_ASSIGNMENT,2026-08-09T09:12:31+00:00,UNALLOCATED,,,,,
SLCMP2607-2089,2089,2089,794103367,2^794103367-1,STRUCTURAL_SCREEN_EXHAUSTED_PRIMALITY_UNASSIGNED,GF3A_DIRECTIONAL_WRITE_EXHAUSTED_PRIMALITY_UNASSIGNED,514,512,512,NO_RECORDED_FACTOR_PRP_OR_LL_RESULT_AND_NO_ACTIVE_GIMPS_ASSIGNMENT,2026-08-09T09:12:31+00:00,UNALLOCATED,,,,,
SLCMP2607-2090,2090,2090,794103623,2^794103623-1,STRUCTURAL_SCREEN_EXHAUSTED_PRIMALITY_UNASSIGNED,GF3A_DIRECTIONAL_WRITE_EXHAUSTED_PRIMALITY_UNASSIGNED,514,512,512,NO_RECORDED_FACTOR_PRP_OR_LL_RESULT_AND_NO_ACTIVE_GIMPS_ASSIGNMENT,2026-08-09T09:12:31+00:00,UNALLOCATED,,,,,
SLCMP2607-2091,2091,2091,794103659,2^794103659-1,STRUCTURAL_SCREEN_EXHAUSTED_PRIMALITY_UNASSIGNED,GF3A_DIRECTIONAL_WRITE_EXHAUSTED_PRIMALITY_UNASSIGNED,514,512,512,NO_RECORDED_FACTOR_PRP_OR_LL_RESULT_AND_NO_ACTIVE_GIMPS_ASSIGNMENT,2026-08-09T09:12:31+00:00,UNALLOCATED,,,,,
SLCMP2607-2092,2092,2092,794103683,2^794103683-1,STRUCTURAL_SCREEN_EXHAUSTED_PRIMALITY_UNASSIGNED,GF3A_DIRECTIONAL_WRITE_EXHAUSTED_PRIMALITY_UNASSIGNED,514,512,512,NO_RECORDED_FACTOR_PRP_OR_LL_RESULT_AND_NO_ACTIVE_GIMPS_ASSIGNMENT,2026-08-09T09:12:31+00:00,UNALLOCATED,,,,,
SLCMP2607-2093,2093,2093,794103733,2^794103733-1,STRUCTURAL_SCREEN_EXHAUSTED_PRIMALITY_UNASSIGNED,GF3A_DIRECTIONAL_WRITE_EXHAUSTED_PRIMALITY_UNASSIGNED,513,512,512,NO_RECORDED_FACTOR_PRP_OR_LL_RESULT_AND_NO_ACTIVE_GIMPS_ASSIGNMENT,2026-08-09T09:12:31+00:00,UNALLOCATED,,,,,
SLCMP2607-2094,2094,2094,794103749,2^794103749-1,STRUCTURAL_SCREEN_EXHAUSTED_PRIMALITY_UNASSIGNED,GF3A_DIRECTIONAL_WRITE_EXHAUSTED_PRIMALITY_UNASSIGNED,513,512,512,NO_RECORDED_FACTOR_PRP_OR_LL_RESULT_AND_NO_ACTIVE_GIMPS_ASSIGNMENT,2026-08-09T09:12:31+00:00,UNALLOCATED,,,,,
SLCMP2607-2095,2095,2095,794103763,2^794103763-1,STRUCTURAL_SCREEN_EXHAUSTED_PRIMALITY_UNASSIGNED,GF3A_DIRECTIONAL_WRITE_EXHAUSTED_PRIMALITY_UNASSIGNED,514,512,512,NO_RECORDED_FACTOR_PRP_OR_LL_RESULT_AND_NO_ACTIVE_GIMPS_ASSIGNMENT,2026-08-09T09:12:31+00:00,UNALLOCATED,,,,,
SLCMP2607-2096,2096,2096,794103769,2^794103769-1,STRUCTURAL_SCREEN_EXHAUSTED_PRIMALITY_UNASSIGNED,GF3A_DIRECTIONAL_WRITE_EXHAUSTED_PRIMALITY_UNASSIGNED,513,512,512,NO_RECORDED_FACTOR_PRP_OR_LL_RESULT_AND_NO_ACTIVE_GIMPS_ASSIGNMENT,2026-08-09T09:12:31+00:00,UNALLOCATED,,,,,
SLCMP2607-2097,2097,2097,794103809,2^794103809-1,STRUCTURAL_SCREEN_EXHAUSTED_PRIMALITY_UNASSIGNED,GF3A_DIRECTIONAL_WRITE_EXHAUSTED_PRIMALITY_UNASSIGNED,513,512,512,NO_RECORDED_FACTOR_PRP_OR_LL_RESULT_AND_NO_ACTIVE_GIMPS_ASSIGNMENT,2026-08-09T09:12:31+00:00,UNALLOCATED,,,,,
SLCMP2607-2098,2098,2098,794103829,2^794103829-1,STRUCTURAL_SCREEN_EXHAUSTED_PRIMALITY_UNASSIGNED,GF3A_DIRECTIONAL_WRITE_EXHAUSTED_PRIMALITY_UNASSIGNED,513,512,512,NO_RECORDED_FACTOR_PRP_OR_LL_RESULT_AND_NO_ACTIVE_GIMPS_ASSIGNMENT,2026-08-09T09:12:31+00:00,UNALLOCATED,,,,,
SLCMP2607-2099,2099,2099,794103851,2^794103851-1,STRUCTURAL_SCREEN_EXHAUSTED_PRIMALITY_UNASSIGNED,GF3A_DIRECTIONAL_WRITE_EXHAUSTED_PRIMALITY_UNASSIGNED,514,512,512,NO_RECORDED_FACTOR_PRP_OR_LL_RESULT_AND_NO_ACTIVE_GIMPS_ASSIGNMENT,2026-08-09T09:12:31+00:00,UNALLOCATED,,,,,
SLCMP2607-2100,2100,2100,794103853,2^794103853-1,STRUCTURAL_SCREEN_EXHAUSTED_PRIMALITY_UNASSIGNED,GF3A_DIRECTIONAL_WRITE_EXHAUSTED_PRIMALITY_UNASSIGNED,513,512,512,NO_RECORDED_FACTOR_PRP_OR_LL_RESULT_AND_NO_ACTIVE_GIMPS_ASSIGNMENT,2026-08-09T09:12:31+00:00,UNALLOCATED,,,,,
SLCMP2607-2101,2101,2101,794104019,2^794104019-1,STRUCTURAL_SCREEN_EXHAUSTED_PRIMALITY_UNASSIGNED,GF3A_DIRECTIONAL_WRITE_EXHAUSTED_PRIMALITY_UNASSIGNED,514,512,512,NO_RECORDED_FACTOR_PRP_OR_LL_RESULT_AND_NO_ACTIVE_GIMPS_ASSIGNMENT,2026-08-09T09:12:31+00:00,UNALLOCATED,,,,,
SLCMP2607-2102,2102,2102,794104063,2^794104063-1,STRUCTURAL_SCREEN_EXHAUSTED_PRIMALITY_UNASSIGNED,GF3A_DIRECTIONAL_WRITE_EXHAUSTED_PRIMALITY_UNASSIGNED,514,512,512,NO_RECORDED_FACTOR_PRP_OR_LL_RESULT_AND_NO_ACTIVE_GIMPS_ASSIGNMENT,2026-08-09T09:12:31+00:00,UNALLOCATED,,,,,
SLCMP2607-2103,2103,2103,794104099,2^794104099-1,STRUCTURAL_SCREEN_EXHAUSTED_PRIMALITY_UNASSIGNED,GF3A_DIRECTIONAL_WRITE_EXHAUSTED_PRIMALITY_UNASSIGNED,514,512,512,NO_RECORDED_FACTOR_PRP_OR_LL_RESULT_AND_NO_ACTIVE_GIMPS_ASSIGNMENT,2026-08-09T09:12:31+00:00,UNALLOCATED,,,,,
SLCMP2607-2104,2104,2104,794104219,2^794104219-1,STRUCTURAL_SCREEN_EXHAUSTED_PRIMALITY_UNASSIGNED,GF3A_DIRECTIONAL_WRITE_EXHAUSTED_PRIMALITY_UNASSIGNED,514,512,512,NO_RECORDED_FACTOR_PRP_OR_LL_RESULT_AND_NO_ACTIVE_GIMPS_ASSIGNMENT,2026-08-09T09:12:31+00:00,UNALLOCATED,,,,,
SLCMP2607-2105,2105,2105,794104231,2^794104231-1,STRUCTURAL_SCREEN_EXHAUSTED_PRIMALITY_UNASSIGNED,GF3A_DIRECTIONAL_WRITE_EXHAUSTED_PRIMALITY_UNASSIGNED,514,512,512,NO_RECORDED_FACTOR_PRP_OR_LL_RESULT_AND_NO_ACTIVE_GIMPS_ASSIGNMENT,2026-08-09T09:12:31+00:00,UNALLOCATED,,,,,
SLCMP2607-2106,2106,2106,794104253,2^794104253-1,STRUCTURAL_SCREEN_EXHAUSTED_PRIMALITY_UNASSIGNED,GF3A_DIRECTIONAL_WRITE_EXHAUSTED_PRIMALITY_UNASSIGNED,513,512,512,NO_RECORDED_FACTOR_PRP_OR_LL_RESULT_AND_NO_ACTIVE_GIMPS_ASSIGNMENT,2026-08-09T09:12:31+00:00,UNALLOCATED,,,,,
SLCMP2607-2107,2107,2107,794104351,2^794104351-1,STRUCTURAL_SCREEN_EXHAUSTED_PRIMALITY_UNASSIGNED,GF3A_DIRECTIONAL_WRITE_EXHAUSTED_PRIMALITY_UNASSIGNED,514,512,512,NO_RECORDED_FACTOR_PRP_OR_LL_RESULT_AND_NO_ACTIVE_GIMPS_ASSIGNMENT,2026-08-09T09:12:31+00:00,UNALLOCATED,,,,,
SLCMP2607-2108,2108,2108,794104387,2^794104387-1,STRUCTURAL_SCREEN_EXHAUSTED_PRIMALITY_UNASSIGNED,GF3A_DIRECTIONAL_WRITE_EXHAUSTED_PRIMALITY_UNASSIGNED,514,512,512,NO_RECORDED_FACTOR_PRP_OR_LL_RESULT_AND_NO_ACTIVE_GIMPS_ASSIGNMENT,2026-08-09T09:12:31+00:00,UNALLOCATED,,,,,
SLCMP2607-2109,2109,2109,794104447,2^794104447-1,STRUCTURAL_SCREEN_EXHAUSTED_PRIMALITY_UNASSIGNED,GF3A_DIRECTIONAL_WRITE_EXHAUSTED_PRIMALITY_UNASSIGNED,514,512,512,NO_RECORDED_FACTOR_PRP_OR_LL_RESULT_AND_NO_ACTIVE_GIMPS_ASSIGNMENT,2026-08-09T09:12:31+00:00,UNALLOCATED,,,,,
SLCMP2607-2110,2110,2110,794104469,2^794104469-1,STRUCTURAL_SCREEN_EXHAUSTED_PRIMALITY_UNASSIGNED,GF3A_DIRECTIONAL_WRITE_EXHAUSTED_PRIMALITY_UNASSIGNED,513,512,512,NO_RECORDED_FACTOR_PRP_OR_LL_RESULT_AND_NO_ACTIVE_GIMPS_ASSIGNMENT,2026-08-09T09:12:31+00:00,UNALLOCATED,,,,,
SLCMP2607-2111,2111,2111,794104529,2^794104529-1,STRUCTURAL_SCREEN_EXHAUSTED_PRIMALITY_UNASSIGNED,GF3A_DIRECTIONAL_WRITE_EXHAUSTED_PRIMALITY_UNASSIGNED,513,512,512,NO_RECORDED_FACTOR_PRP_OR_LL_RESULT_AND_NO_ACTIVE_GIMPS_ASSIGNMENT,2026-08-09T09:12:31+00:00,UNALLOCATED,,,,,
SLCMP2607-2112,2112,2112,794104613,2^794104613-1,STRUCTURAL_SCREEN_EXHAUSTED_PRIMALITY_UNASSIGNED,GF3A_DIRECTIONAL_WRITE_EXHAUSTED_PRIMALITY_UNASSIGNED,513,512,512,NO_RECORDED_FACTOR_PRP_OR_LL_RESULT_AND_NO_ACTIVE_GIMPS_ASSIGNMENT,2026-08-09T09:12:31+00:00,UNALLOCATED,,,,,
SLCMP2607-2113,2113,2113,794104631,2^794104631-1,STRUCTURAL_SCREEN_EXHAUSTED_PRIMALITY_UNASSIGNED,GF3A_DIRECTIONAL_WRITE_EXHAUSTED_PRIMALITY_UNASSIGNED,514,512,512,NO_RECORDED_FACTOR_PRP_OR_LL_RESULT_AND_NO_ACTIVE_GIMPS_ASSIGNMENT,2026-08-09T09:12:31+00:00,UNALLOCATED,,,,,
SLCMP2607-2114,2114,2114,794104657,2^794104657-1,STRUCTURAL_SCREEN_EXHAUSTED_PRIMALITY_UNASSIGNED,GF3A_DIRECTIONAL_WRITE_EXHAUSTED_PRIMALITY_UNASSIGNED,513,512,512,NO_RECORDED_FACTOR_PRP_OR_LL_RESULT_AND_NO_ACTIVE_GIMPS_ASSIGNMENT,2026-08-09T09:12:31+00:00,UNALLOCATED,,,,,
SLCMP2607-2115,2115,2115,794104733,2^794104733-1,STRUCTURAL_SCREEN_EXHAUSTED_PRIMALITY_UNASSIGNED,GF3A_DIRECTIONAL_WRITE_EXHAUSTED_PRIMALITY_UNASSIGNED,513,512,512,NO_RECORDED_FACTOR_PRP_OR_LL_RESULT_AND_NO_ACTIVE_GIMPS_ASSIGNMENT,2026-08-09T09:12:31+00:00,UNALLOCATED,,,,,
SLCMP2607-2116,2116,2116,794104763,2^794104763-1,STRUCTURAL_SCREEN_EXHAUSTED_PRIMALITY_UNASSIGNED,GF3A_DIRECTIONAL_WRITE_EXHAUSTED_PRIMALITY_UNASSIGNED,514,512,512,NO_RECORDED_FACTOR_PRP_OR_LL_RESULT_AND_NO_ACTIVE_GIMPS_ASSIGNMENT,2026-08-09T09:12:31+00:00,UNALLOCATED,,,,,
SLCMP2607-2117,2117,2117,794104789,2^794104789-1,STRUCTURAL_SCREEN_EXHAUSTED_PRIMALITY_UNASSIGNED,GF3A_DIRECTIONAL_WRITE_EXHAUSTED_PRIMALITY_UNASSIGNED,513,512,512,NO_RECORDED_FACTOR_PRP_OR_LL_RESULT_AND_NO_ACTIVE_GIMPS_ASSIGNMENT,2026-08-09T09:12:31+00:00,UNALLOCATED,,,,,
SLCMP2607-2118,2118,2118,794104813,2^794104813-1,STRUCTURAL_SCREEN_EXHAUSTED_PRIMALITY_UNASSIGNED,GF3A_DIRECTIONAL_WRITE_EXHAUSTED_PRIMALITY_UNASSIGNED,513,512,512,NO_RECORDED_FACTOR_PRP_OR_LL_RESULT_AND_NO_ACTIVE_GIMPS_ASSIGNMENT,2026-08-09T09:12:31+00:00,UNALLOCATED,,,,,
SLCMP2607-2119,2119,2119,794104819,2^794104819-1,STRUCTURAL_SCREEN_EXHAUSTED_PRIMALITY_UNASSIGNED,GF3A_DIRECTIONAL_WRITE_EXHAUSTED_PRIMALITY_UNASSIGNED,514,512,512,NO_RECORDED_FACTOR_PRP_OR_LL_RESULT_AND_NO_ACTIVE_GIMPS_ASSIGNMENT,2026-08-09T09:12:31+00:00,UNALLOCATED,,,,,
SLCMP2607-2120,2120,2120,794104823,2^794104823-1,STRUCTURAL_SCREEN_EXHAUSTED_PRIMALITY_UNASSIGNED,GF3A_DIRECTIONAL_WRITE_EXHAUSTED_PRIMALITY_UNASSIGNED,514,512,512,NO_RECORDED_FACTOR_PRP_OR_LL_RESULT_AND_NO_ACTIVE_GIMPS_ASSIGNMENT,2026-08-09T09:12:31+00:00,UNALLOCATED,,,,,
SLCMP2607-2121,2121,2121,794104849,2^794104849-1,STRUCTURAL_SCREEN_EXHAUSTED_PRIMALITY_UNASSIGNED,GF3A_DIRECTIONAL_WRITE_EXHAUSTED_PRIMALITY_UNASSIGNED,513,512,512,NO_RECORDED_FACTOR_PRP_OR_LL_RESULT_AND_NO_ACTIVE_GIMPS_ASSIGNMENT,2026-08-09T09:12:31+00:00,UNALLOCATED,,,,,
SLCMP2607-2122,2122,2122,794104889,2^794104889-1,STRUCTURAL_SCREEN_EXHAUSTED_PRIMALITY_UNASSIGNED,GF3A_DIRECTIONAL_WRITE_EXHAUSTED_PRIMALITY_UNASSIGNED,513,512,512,NO_RECORDED_FACTOR_PRP_OR_LL_RESULT_AND_NO_ACTIVE_GIMPS_ASSIGNMENT,2026-08-09T09:12:31+00:00,UNALLOCATED,,,,,
SLCMP2607-2123,2123,2123,794104891,2^794104891-1,STRUCTURAL_SCREEN_EXHAUSTED_PRIMALITY_UNASSIGNED,GF3A_DIRECTIONAL_WRITE_EXHAUSTED_PRIMALITY_UNASSIGNED,514,512,512,NO_RECORDED_FACTOR_PRP_OR_LL_RESULT_AND_NO_ACTIVE_GIMPS_ASSIGNMENT,2026-08-09T09:12:31+00:00,UNALLOCATED,,,,,
SLCMP2607-2124,2124,2124,794105017,2^794105017-1,STRUCTURAL_SCREEN_EXHAUSTED_PRIMALITY_UNASSIGNED,GF3A_DIRECTIONAL_WRITE_EXHAUSTED_PRIMALITY_UNASSIGNED,513,512,512,NO_RECORDED_FACTOR_PRP_OR_LL_RESULT_AND_NO_ACTIVE_GIMPS_ASSIGNMENT,2026-08-09T09:12:31+00:00,UNALLOCATED,,,,,
SLCMP2607-2125,2125,2125,794105027,2^794105027-1,STRUCTURAL_SCREEN_EXHAUSTED_PRIMALITY_UNASSIGNED,GF3A_DIRECTIONAL_WRITE_EXHAUSTED_PRIMALITY_UNASSIGNED,514,512,512,NO_RECORDED_FACTOR_PRP_OR_LL_RESULT_AND_NO_ACTIVE_GIMPS_ASSIGNMENT,2026-08-09T09:12:31+00:00,UNALLOCATED,,,,,
SLCMP2607-2126,2126,2126,794105051,2^794105051-1,STRUCTURAL_SCREEN_EXHAUSTED_PRIMALITY_UNASSIGNED,GF3A_DIRECTIONAL_WRITE_EXHAUSTED_PRIMALITY_UNASSIGNED,514,512,512,NO_RECORDED_FACTOR_PRP_OR_LL_RESULT_AND_NO_ACTIVE_GIMPS_ASSIGNMENT,2026-08-09T09:12:31+00:00,UNALLOCATED,,,,,
SLCMP2607-2127,2127,2127,794105087,2^794105087-1,STRUCTURAL_SCREEN_EXHAUSTED_PRIMALITY_UNASSIGNED,GF3A_DIRECTIONAL_WRITE_EXHAUSTED_PRIMALITY_UNASSIGNED,514,512,512,NO_RECORDED_FACTOR_PRP_OR_LL_RESULT_AND_NO_ACTIVE_GIMPS_ASSIGNMENT,2026-08-09T09:12:31+00:00,UNALLOCATED,,,,,
SLCMP2607-2128,2128,2128,794105129,2^794105129-1,STRUCTURAL_SCREEN_EXHAUSTED_PRIMALITY_UNASSIGNED,GF3A_DIRECTIONAL_WRITE_EXHAUSTED_PRIMALITY_UNASSIGNED,513,512,512,NO_RECORDED_FACTOR_PRP_OR_LL_RESULT_AND_NO_ACTIVE_GIMPS_ASSIGNMENT,2026-08-09T09:12:31+00:00,UNALLOCATED,,,,,
SLCMP2607-2129,2129,2129,794105149,2^794105149-1,STRUCTURAL_SCREEN_EXHAUSTED_PRIMALITY_UNASSIGNED,GF3A_DIRECTIONAL_WRITE_EXHAUSTED_PRIMALITY_UNASSIGNED,513,512,512,NO_RECORDED_FACTOR_PRP_OR_LL_RESULT_AND_NO_ACTIVE_GIMPS_ASSIGNMENT,2026-08-09T09:12:31+00:00,UNALLOCATED,,,,,
SLCMP2607-2130,2130,2130,794105183,2^794105183-1,STRUCTURAL_SCREEN_EXHAUSTED_PRIMALITY_UNASSIGNED,GF3A_DIRECTIONAL_WRITE_EXHAUSTED_PRIMALITY_UNASSIGNED,514,512,512,NO_RECORDED_FACTOR_PRP_OR_LL_RESULT_AND_NO_ACTIVE_GIMPS_ASSIGNMENT,2026-08-09T09:12:31+00:00,UNALLOCATED,,,,,
SLCMP2607-2131,2131,2131,794105189,2^794105189-1,STRUCTURAL_SCREEN_EXHAUSTED_PRIMALITY_UNASSIGNED,GF3A_DIRECTIONAL_WRITE_EXHAUSTED_PRIMALITY_UNASSIGNED,513,512,512,NO_RECORDED_FACTOR_PRP_OR_LL_RESULT_AND_NO_ACTIVE_GIMPS_ASSIGNMENT,2026-08-09T09:12:31+00:00,UNALLOCATED,,,,,
SLCMP2607-2132,2132,2132,794105197,2^794105197-1,STRUCTURAL_SCREEN_EXHAUSTED_PRIMALITY_UNASSIGNED,GF3A_DIRECTIONAL_WRITE_EXHAUSTED_PRIMALITY_UNASSIGNED,513,512,512,NO_RECORDED_FACTOR_PRP_OR_LL_RESULT_AND_NO_ACTIVE_GIMPS_ASSIGNMENT,2026-08-09T09:12:31+00:00,UNALLOCATED,,,,,
SLCMP2607-2133,2133,2133,794105281,2^794105281-1,STRUCTURAL_SCREEN_EXHAUSTED_PRIMALITY_UNASSIGNED,GF3A_DIRECTIONAL_WRITE_EXHAUSTED_PRIMALITY_UNASSIGNED,513,512,512,NO_RECORDED_FACTOR_PRP_OR_LL_RESULT_AND_NO_ACTIVE_GIMPS_ASSIGNMENT,2026-08-09T09:12:31+00:00,UNALLOCATED,,,,,
SLCMP2607-2134,2134,2134,794105369,2^794105369-1,STRUCTURAL_SCREEN_EXHAUSTED_PRIMALITY_UNASSIGNED,GF3A_DIRECTIONAL_WRITE_EXHAUSTED_PRIMALITY_UNASSIGNED,513,512,512,NO_RECORDED_FACTOR_PRP_OR_LL_RESULT_AND_NO_ACTIVE_GIMPS_ASSIGNMENT,2026-08-09T09:12:31+00:00,UNALLOCATED,,,,,
SLCMP2607-2135,2135,2135,794105401,2^794105401-1,STRUCTURAL_SCREEN_EXHAUSTED_PRIMALITY_UNASSIGNED,GF3A_DIRECTIONAL_WRITE_EXHAUSTED_PRIMALITY_UNASSIGNED,513,512,512,NO_RECORDED_FACTOR_PRP_OR_LL_RESULT_AND_NO_ACTIVE_GIMPS_ASSIGNMENT,2026-08-09T09:12:31+00:00,UNALLOCATED,,,,,
SLCMP2607-2136,2136,2136,794105423,2^794105423-1,STRUCTURAL_SCREEN_EXHAUSTED_PRIMALITY_UNASSIGNED,GF3A_DIRECTIONAL_WRITE_EXHAUSTED_PRIMALITY_UNASSIGNED,514,512,512,NO_RECORDED_FACTOR_PRP_OR_LL_RESULT_AND_NO_ACTIVE_GIMPS_ASSIGNMENT,2026-08-09T09:12:31+00:00,UNALLOCATED,,,,,
SLCMP2607-2137,2137,2137,794105489,2^794105489-1,STRUCTURAL_SCREEN_EXHAUSTED_PRIMALITY_UNASSIGNED,GF3A_DIRECTIONAL_WRITE_EXHAUSTED_PRIMALITY_UNASSIGNED,513,512,512,NO_RECORDED_FACTOR_PRP_OR_LL_RESULT_AND_NO_ACTIVE_GIMPS_ASSIGNMENT,2026-08-09T09:12:31+00:00,UNALLOCATED,,,,,
SLCMP2607-2138,2138,2138,794105491,2^794105491-1,STRUCTURAL_SCREEN_EXHAUSTED_PRIMALITY_UNASSIGNED,GF3A_DIRECTIONAL_WRITE_EXHAUSTED_PRIMALITY_UNASSIGNED,514,512,512,NO_RECORDED_FACTOR_PRP_OR_LL_RESULT_AND_NO_ACTIVE_GIMPS_ASSIGNMENT,2026-08-09T09:12:31+00:00,UNALLOCATED,,,,,
SLCMP2607-2139,2139,2139,794105497,2^794105497-1,STRUCTURAL_SCREEN_EXHAUSTED_PRIMALITY_UNASSIGNED,GF3A_DIRECTIONAL_WRITE_EXHAUSTED_PRIMALITY_UNASSIGNED,513,512,512,NO_RECORDED_FACTOR_PRP_OR_LL_RESULT_AND_NO_ACTIVE_GIMPS_ASSIGNMENT,2026-08-09T09:12:31+00:00,UNALLOCATED,,,,,
SLCMP2607-2140,2140,2140,794105563,2^794105563-1,STRUCTURAL_SCREEN_EXHAUSTED_PRIMALITY_UNASSIGNED,GF3A_DIRECTIONAL_WRITE_EXHAUSTED_PRIMALITY_UNASSIGNED,514,512,512,NO_RECORDED_FACTOR_PRP_OR_LL_RESULT_AND_NO_ACTIVE_GIMPS_ASSIGNMENT,2026-08-09T09:12:31+00:00,UNALLOCATED,,,,,
SLCMP2607-2141,2141,2141,794105569,2^794105569-1,STRUCTURAL_SCREEN_EXHAUSTED_PRIMALITY_UNASSIGNED,GF3A_DIRECTIONAL_WRITE_EXHAUSTED_PRIMALITY_UNASSIGNED,513,512,512,NO_RECORDED_FACTOR_PRP_OR_LL_RESULT_AND_NO_ACTIVE_GIMPS_ASSIGNMENT,2026-08-09T09:12:31+00:00,UNALLOCATED,,,,,
SLCMP2607-2142,2142,2142,794105573,2^794105573-1,STRUCTURAL_SCREEN_EXHAUSTED_PRIMALITY_UNASSIGNED,GF3A_DIRECTIONAL_WRITE_EXHAUSTED_PRIMALITY_UNASSIGNED,513,512,512,NO_RECORDED_FACTOR_PRP_OR_LL_RESULT_AND_NO_ACTIVE_GIMPS_ASSIGNMENT,2026-08-09T09:12:31+00:00,UNALLOCATED,,,,,
SLCMP2607-2143,2143,2143,794105597,2^794105597-1,STRUCTURAL_SCREEN_EXHAUSTED_PRIMALITY_UNASSIGNED,GF3A_DIRECTIONAL_WRITE_EXHAUSTED_PRIMALITY_UNASSIGNED,513,512,512,NO_RECORDED_FACTOR_PRP_OR_LL_RESULT_AND_NO_ACTIVE_GIMPS_ASSIGNMENT,2026-08-09T09:12:31+00:00,UNALLOCATED,,,,,
SLCMP2607-2144,2144,2144,794105687,2^794105687-1,STRUCTURAL_SCREEN_EXHAUSTED_PRIMALITY_UNASSIGNED,GF3A_DIRECTIONAL_WRITE_EXHAUSTED_PRIMALITY_UNASSIGNED,514,512,512,NO_RECORDED_FACTOR_PRP_OR_LL_RESULT_AND_NO_ACTIVE_GIMPS_ASSIGNMENT,2026-08-09T09:12:31+00:00,UNALLOCATED,,,,,
SLCMP2607-2145,2145,2145,794105771,2^794105771-1,STRUCTURAL_SCREEN_EXHAUSTED_PRIMALITY_UNASSIGNED,GF3A_DIRECTIONAL_WRITE_EXHAUSTED_PRIMALITY_UNASSIGNED,514,512,512,NO_RECORDED_FACTOR_PRP_OR_LL_RESULT_AND_NO_ACTIVE_GIMPS_ASSIGNMENT,2026-08-09T09:12:31+00:00,UNALLOCATED,,,,,
SLCMP2607-2146,2146,2146,794105791,2^794105791-1,STRUCTURAL_SCREEN_EXHAUSTED_PRIMALITY_UNASSIGNED,GF3A_DIRECTIONAL_WRITE_EXHAUSTED_PRIMALITY_UNASSIGNED,514,512,512,NO_RECORDED_FACTOR_PRP_OR_LL_RESULT_AND_NO_ACTIVE_GIMPS_ASSIGNMENT,2026-08-09T09:12:31+00:00,UNALLOCATED,,,,,
SLCMP2607-2147,2147,2147,794105813,2^794105813-1,STRUCTURAL_SCREEN_EXHAUSTED_PRIMALITY_UNASSIGNED,GF3A_DIRECTIONAL_WRITE_EXHAUSTED_PRIMALITY_UNASSIGNED,513,512,512,NO_RECORDED_FACTOR_PRP_OR_LL_RESULT_AND_NO_ACTIVE_GIMPS_ASSIGNMENT,2026-08-09T09:12:31+00:00,UNALLOCATED,,,,,
SLCMP2607-2148,2148,2148,794105831,2^794105831-1,STRUCTURAL_SCREEN_EXHAUSTED_PRIMALITY_UNASSIGNED,GF3A_DIRECTIONAL_WRITE_EXHAUSTED_PRIMALITY_UNASSIGNED,514,512,512,NO_RECORDED_FACTOR_PRP_OR_LL_RESULT_AND_NO_ACTIVE_GIMPS_ASSIGNMENT,2026-08-09T09:12:31+00:00,UNALLOCATED,,,,,
SLCMP2607-2149,2149,2149,794105861,2^794105861-1,STRUCTURAL_SCREEN_EXHAUSTED_PRIMALITY_UNASSIGNED,GF3A_DIRECTIONAL_WRITE_EXHAUSTED_PRIMALITY_UNASSIGNED,513,512,512,NO_RECORDED_FACTOR_PRP_OR_LL_RESULT_AND_NO_ACTIVE_GIMPS_ASSIGNMENT,2026-08-09T09:12:31+00:00,UNALLOCATED,,,,,
SLCMP2607-2150,2150,2150,794105911,2^794105911-1,STRUCTURAL_SCREEN_EXHAUSTED_PRIMALITY_UNASSIGNED,GF3A_DIRECTIONAL_WRITE_EXHAUSTED_PRIMALITY_UNASSIGNED,514,512,512,NO_RECORDED_FACTOR_PRP_OR_LL_RESULT_AND_NO_ACTIVE_GIMPS_ASSIGNMENT,2026-08-09T09:12:31+00:00,UNALLOCATED,,,,,
SLCMP2607-2151,2151,2151,794106037,2^794106037-1,STRUCTURAL_SCREEN_EXHAUSTED_PRIMALITY_UNASSIGNED,GF3A_DIRECTIONAL_WRITE_EXHAUSTED_PRIMALITY_UNASSIGNED,513,512,512,NO_RECORDED_FACTOR_PRP_OR_LL_RESULT_AND_NO_ACTIVE_GIMPS_ASSIGNMENT,2026-08-09T09:12:31+00:00,UNALLOCATED,,,,,
SLCMP2607-2152,2152,2152,794106041,2^794106041-1,STRUCTURAL_SCREEN_EXHAUSTED_PRIMALITY_UNASSIGNED,GF3A_DIRECTIONAL_WRITE_EXHAUSTED_PRIMALITY_UNASSIGNED,513,512,512,NO_RECORDED_FACTOR_PRP_OR_LL_RESULT_AND_NO_ACTIVE_GIMPS_ASSIGNMENT,2026-08-09T09:12:31+00:00,UNALLOCATED,,,,,
SLCMP2607-2153,2153,2153,794106067,2^794106067-1,STRUCTURAL_SCREEN_EXHAUSTED_PRIMALITY_UNASSIGNED,GF3A_DIRECTIONAL_WRITE_EXHAUSTED_PRIMALITY_UNASSIGNED,514,512,512,NO_RECORDED_FACTOR_PRP_OR_LL_RESULT_AND_NO_ACTIVE_GIMPS_ASSIGNMENT,2026-08-09T09:12:31+00:00,UNALLOCATED,,,,,
SLCMP2607-2154,2154,2154,794106077,2^794106077-1,STRUCTURAL_SCREEN_EXHAUSTED_PRIMALITY_UNASSIGNED,GF3A_DIRECTIONAL_WRITE_EXHAUSTED_PRIMALITY_UNASSIGNED,513,512,512,NO_RECORDED_FACTOR_PRP_OR_LL_RESULT_AND_NO_ACTIVE_GIMPS_ASSIGNMENT,2026-08-09T09:12:31+00:00,UNALLOCATED,,,,,
SLCMP2607-2155,2155,2155,794106143,2^794106143-1,STRUCTURAL_SCREEN_EXHAUSTED_PRIMALITY_UNASSIGNED,GF3A_DIRECTIONAL_WRITE_EXHAUSTED_PRIMALITY_UNASSIGNED,514,512,512,NO_RECORDED_FACTOR_PRP_OR_LL_RESULT_AND_NO_ACTIVE_GIMPS_ASSIGNMENT,2026-08-09T09:12:31+00:00,UNALLOCATED,,,,,
SLCMP2607-2156,2156,2156,794106251,2^794106251-1,STRUCTURAL_SCREEN_EXHAUSTED_PRIMALITY_UNASSIGNED,GF3A_DIRECTIONAL_WRITE_EXHAUSTED_PRIMALITY_UNASSIGNED,514,512,512,NO_RECORDED_FACTOR_PRP_OR_LL_RESULT_AND_NO_ACTIVE_GIMPS_ASSIGNMENT,2026-08-09T09:12:31+00:00,UNALLOCATED,,,,,
SLCMP2607-2157,2157,2157,794106283,2^794106283-1,STRUCTURAL_SCREEN_EXHAUSTED_PRIMALITY_UNASSIGNED,GF3A_DIRECTIONAL_WRITE_EXHAUSTED_PRIMALITY_UNASSIGNED,514,512,512,NO_RECORDED_FACTOR_PRP_OR_LL_RESULT_AND_NO_ACTIVE_GIMPS_ASSIGNMENT,2026-08-09T09:12:31+00:00,UNALLOCATED,,,,,
SLCMP2607-2158,2158,2158,794106289,2^794106289-1,STRUCTURAL_SCREEN_EXHAUSTED_PRIMALITY_UNASSIGNED,GF3A_DIRECTIONAL_WRITE_EXHAUSTED_PRIMALITY_UNASSIGNED,513,512,512,NO_RECORDED_FACTOR_PRP_OR_LL_RESULT_AND_NO_ACTIVE_GIMPS_ASSIGNMENT,2026-08-09T09:12:31+00:00,UNALLOCATED,,,,,
SLCMP2607-2159,2159,2159,794106293,2^794106293-1,STRUCTURAL_SCREEN_EXHAUSTED_PRIMALITY_UNASSIGNED,GF3A_DIRECTIONAL_WRITE_EXHAUSTED_PRIMALITY_UNASSIGNED,513,512,512,NO_RECORDED_FACTOR_PRP_OR_LL_RESULT_AND_NO_ACTIVE_GIMPS_ASSIGNMENT,2026-08-09T09:12:31+00:00,UNALLOCATED,,,,,
SLCMP2607-2160,2160,2160,794106319,2^794106319-1,STRUCTURAL_SCREEN_EXHAUSTED_PRIMALITY_UNASSIGNED,GF3A_DIRECTIONAL_WRITE_EXHAUSTED_PRIMALITY_UNASSIGNED,514,512,512,NO_RECORDED_FACTOR_PRP_OR_LL_RESULT_AND_NO_ACTIVE_GIMPS_ASSIGNMENT,2026-08-09T09:12:31+00:00,UNALLOCATED,,,,,
SLCMP2607-2161,2161,2161,794106359,2^794106359-1,STRUCTURAL_SCREEN_EXHAUSTED_PRIMALITY_UNASSIGNED,GF3A_DIRECTIONAL_WRITE_EXHAUSTED_PRIMALITY_UNASSIGNED,514,512,512,NO_RECORDED_FACTOR_PRP_OR_LL_RESULT_AND_NO_ACTIVE_GIMPS_ASSIGNMENT,2026-08-09T09:12:31+00:00,UNALLOCATED,,,,,
SLCMP2607-2162,2162,2162,794106373,2^794106373-1,STRUCTURAL_SCREEN_EXHAUSTED_PRIMALITY_UNASSIGNED,GF3A_DIRECTIONAL_WRITE_EXHAUSTED_PRIMALITY_UNASSIGNED,513,512,512,NO_RECORDED_FACTOR_PRP_OR_LL_RESULT_AND_NO_ACTIVE_GIMPS_ASSIGNMENT,2026-08-09T09:12:31+00:00,UNALLOCATED,,,,,
SLCMP2607-2163,2163,2163,794106421,2^794106421-1,STRUCTURAL_SCREEN_EXHAUSTED_PRIMALITY_UNASSIGNED,GF3A_DIRECTIONAL_WRITE_EXHAUSTED_PRIMALITY_UNASSIGNED,513,512,512,NO_RECORDED_FACTOR_PRP_OR_LL_RESULT_AND_NO_ACTIVE_GIMPS_ASSIGNMENT,2026-08-09T09:12:31+00:00,UNALLOCATED,,,,,
SLCMP2607-2164,2164,2164,794106427,2^794106427-1,STRUCTURAL_SCREEN_EXHAUSTED_PRIMALITY_UNASSIGNED,GF3A_DIRECTIONAL_WRITE_EXHAUSTED_PRIMALITY_UNASSIGNED,514,512,512,NO_RECORDED_FACTOR_PRP_OR_LL_RESULT_AND_NO_ACTIVE_GIMPS_ASSIGNMENT,2026-08-09T09:12:31+00:00,UNALLOCATED,,,,,
SLCMP2607-2165,2165,2165,794106437,2^794106437-1,STRUCTURAL_SCREEN_EXHAUSTED_PRIMALITY_UNASSIGNED,GF3A_DIRECTIONAL_WRITE_EXHAUSTED_PRIMALITY_UNASSIGNED,513,512,512,NO_RECORDED_FACTOR_PRP_OR_LL_RESULT_AND_NO_ACTIVE_GIMPS_ASSIGNMENT,2026-08-09T09:12:31+00:00,UNALLOCATED,,,,,
SLCMP2607-2166,2166,2166,794106589,2^794106589-1,STRUCTURAL_SCREEN_EXHAUSTED_PRIMALITY_UNASSIGNED,GF3A_DIRECTIONAL_WRITE_EXHAUSTED_PRIMALITY_UNASSIGNED,513,512,512,NO_RECORDED_FACTOR_PRP_OR_LL_RESULT_AND_NO_ACTIVE_GIMPS_ASSIGNMENT,2026-08-09T09:12:31+00:00,UNALLOCATED,,,,,
SLCMP2607-2167,2167,2167,794106611,2^794106611-1,STRUCTURAL_SCREEN_EXHAUSTED_PRIMALITY_UNASSIGNED,GF3A_DIRECTIONAL_WRITE_EXHAUSTED_PRIMALITY_UNASSIGNED,514,512,512,NO_RECORDED_FACTOR_PRP_OR_LL_RESULT_AND_NO_ACTIVE_GIMPS_ASSIGNMENT,2026-08-09T09:12:31+00:00,UNALLOCATED,,,,,
SLCMP2607-2168,2168,2168,794106667,2^794106667-1,STRUCTURAL_SCREEN_EXHAUSTED_PRIMALITY_UNASSIGNED,GF3A_DIRECTIONAL_WRITE_EXHAUSTED_PRIMALITY_UNASSIGNED,514,512,512,NO_RECORDED_FACTOR_PRP_OR_LL_RESULT_AND_NO_ACTIVE_GIMPS_ASSIGNMENT,2026-08-09T09:12:31+00:00,UNALLOCATED,,,,,
SLCMP2607-2169,2169,2169,794106787,2^794106787-1,STRUCTURAL_SCREEN_EXHAUSTED_PRIMALITY_UNASSIGNED,GF3A_DIRECTIONAL_WRITE_EXHAUSTED_PRIMALITY_UNASSIGNED,514,512,512,NO_RECORDED_FACTOR_PRP_OR_LL_RESULT_AND_NO_ACTIVE_GIMPS_ASSIGNMENT,2026-08-09T09:12:31+00:00,UNALLOCATED,,,,,
SLCMP2607-2170,2170,2170,794106811,2^794106811-1,STRUCTURAL_SCREEN_EXHAUSTED_PRIMALITY_UNASSIGNED,GF3A_DIRECTIONAL_WRITE_EXHAUSTED_PRIMALITY_UNASSIGNED,514,512,512,NO_RECORDED_FACTOR_PRP_OR_LL_RESULT_AND_NO_ACTIVE_GIMPS_ASSIGNMENT,2026-08-09T09:12:31+00:00,UNALLOCATED,,,,,
SLCMP2607-2171,2171,2171,794106869,2^794106869-1,STRUCTURAL_SCREEN_EXHAUSTED_PRIMALITY_UNASSIGNED,GF3A_DIRECTIONAL_WRITE_EXHAUSTED_PRIMALITY_UNASSIGNED,513,512,512,NO_RECORDED_FACTOR_PRP_OR_LL_RESULT_AND_NO_ACTIVE_GIMPS_ASSIGNMENT,2026-08-09T09:12:31+00:00,UNALLOCATED,,,,,
SLCMP2607-2172,2172,2172,794106871,2^794106871-1,STRUCTURAL_SCREEN_EXHAUSTED_PRIMALITY_UNASSIGNED,GF3A_DIRECTIONAL_WRITE_EXHAUSTED_PRIMALITY_UNASSIGNED,514,512,512,NO_RECORDED_FACTOR_PRP_OR_LL_RESULT_AND_NO_ACTIVE_GIMPS_ASSIGNMENT,2026-08-09T09:12:31+00:00,UNALLOCATED,,,,,
SLCMP2607-2173,2173,2173,794106883,2^794106883-1,STRUCTURAL_SCREEN_EXHAUSTED_PRIMALITY_UNASSIGNED,GF3A_DIRECTIONAL_WRITE_EXHAUSTED_PRIMALITY_UNASSIGNED,514,512,512,NO_RECORDED_FACTOR_PRP_OR_LL_RESULT_AND_NO_ACTIVE_GIMPS_ASSIGNMENT,2026-08-09T09:12:31+00:00,UNALLOCATED,,,,,
SLCMP2607-2174,2174,2174,794106917,2^794106917-1,STRUCTURAL_SCREEN_EXHAUSTED_PRIMALITY_UNASSIGNED,GF3A_DIRECTIONAL_WRITE_EXHAUSTED_PRIMALITY_UNASSIGNED,513,512,512,NO_RECORDED_FACTOR_PRP_OR_LL_RESULT_AND_NO_ACTIVE_GIMPS_ASSIGNMENT,2026-08-09T09:12:31+00:00,UNALLOCATED,,,,,
SLCMP2607-2175,2175,2175,794106961,2^794106961-1,STRUCTURAL_SCREEN_EXHAUSTED_PRIMALITY_UNASSIGNED,GF3A_DIRECTIONAL_WRITE_EXHAUSTED_PRIMALITY_UNASSIGNED,513,512,512,NO_RECORDED_FACTOR_PRP_OR_LL_RESULT_AND_NO_ACTIVE_GIMPS_ASSIGNMENT,2026-08-09T09:12:31+00:00,UNALLOCATED,,,,,
SLCMP2607-2176,2176,2176,794107073,2^794107073-1,STRUCTURAL_SCREEN_EXHAUSTED_PRIMALITY_UNASSIGNED,GF3A_DIRECTIONAL_WRITE_EXHAUSTED_PRIMALITY_UNASSIGNED,513,512,512,NO_RECORDED_FACTOR_PRP_OR_LL_RESULT_AND_NO_ACTIVE_GIMPS_ASSIGNMENT,2026-08-09T09:12:31+00:00,UNALLOCATED,,,,,
SLCMP2607-2177,2177,2177,794107121,2^794107121-1,STRUCTURAL_SCREEN_EXHAUSTED_PRIMALITY_UNASSIGNED,GF3A_DIRECTIONAL_WRITE_EXHAUSTED_PRIMALITY_UNASSIGNED,513,512,512,NO_RECORDED_FACTOR_PRP_OR_LL_RESULT_AND_NO_ACTIVE_GIMPS_ASSIGNMENT,2026-08-09T09:12:31+00:00,UNALLOCATED,,,,,
SLCMP2607-2178,2178,2178,794107163,2^794107163-1,STRUCTURAL_SCREEN_EXHAUSTED_PRIMALITY_UNASSIGNED,GF3A_DIRECTIONAL_WRITE_EXHAUSTED_PRIMALITY_UNASSIGNED,514,512,512,NO_RECORDED_FACTOR_PRP_OR_LL_RESULT_AND_NO_ACTIVE_GIMPS_ASSIGNMENT,2026-08-09T09:12:31+00:00,UNALLOCATED,,,,,
SLCMP2607-2179,2179,2179,794107267,2^794107267-1,STRUCTURAL_SCREEN_EXHAUSTED_PRIMALITY_UNASSIGNED,GF3A_DIRECTIONAL_WRITE_EXHAUSTED_PRIMALITY_UNASSIGNED,514,512,512,NO_RECORDED_FACTOR_PRP_OR_LL_RESULT_AND_NO_ACTIVE_GIMPS_ASSIGNMENT,2026-08-09T09:12:31+00:00,UNALLOCATED,,,,,
SLCMP2607-2180,2180,2180,794107297,2^794107297-1,STRUCTURAL_SCREEN_EXHAUSTED_PRIMALITY_UNASSIGNED,GF3A_DIRECTIONAL_WRITE_EXHAUSTED_PRIMALITY_UNASSIGNED,513,512,512,NO_RECORDED_FACTOR_PRP_OR_LL_RESULT_AND_NO_ACTIVE_GIMPS_ASSIGNMENT,2026-08-09T09:12:31+00:00,UNALLOCATED,,,,,
SLCMP2607-2181,2181,2181,794107331,2^794107331-1,STRUCTURAL_SCREEN_EXHAUSTED_PRIMALITY_UNASSIGNED,GF3A_DIRECTIONAL_WRITE_EXHAUSTED_PRIMALITY_UNASSIGNED,514,512,512,NO_RECORDED_FACTOR_PRP_OR_LL_RESULT_AND_NO_ACTIVE_GIMPS_ASSIGNMENT,2026-08-09T09:12:31+00:00,UNALLOCATED,,,,,
SLCMP2607-2182,2182,2182,794107429,2^794107429-1,STRUCTURAL_SCREEN_EXHAUSTED_PRIMALITY_UNASSIGNED,GF3A_DIRECTIONAL_WRITE_EXHAUSTED_PRIMALITY_UNASSIGNED,513,512,512,NO_RECORDED_FACTOR_PRP_OR_LL_RESULT_AND_NO_ACTIVE_GIMPS_ASSIGNMENT,2026-08-09T09:12:31+00:00,UNALLOCATED,,,,,
SLCMP2607-2183,2183,2183,794107463,2^794107463-1,STRUCTURAL_SCREEN_EXHAUSTED_PRIMALITY_UNASSIGNED,GF3A_DIRECTIONAL_WRITE_EXHAUSTED_PRIMALITY_UNASSIGNED,514,512,512,NO_RECORDED_FACTOR_PRP_OR_LL_RESULT_AND_NO_ACTIVE_GIMPS_ASSIGNMENT,2026-08-09T09:12:31+00:00,UNALLOCATED,,,,,
SLCMP2607-2184,2184,2184,794107471,2^794107471-1,STRUCTURAL_SCREEN_EXHAUSTED_PRIMALITY_UNASSIGNED,GF3A_DIRECTIONAL_WRITE_EXHAUSTED_PRIMALITY_UNASSIGNED,514,512,512,NO_RECORDED_FACTOR_PRP_OR_LL_RESULT_AND_NO_ACTIVE_GIMPS_ASSIGNMENT,2026-08-09T09:12:31+00:00,UNALLOCATED,,,,,
SLCMP2607-2185,2185,2185,794107481,2^794107481-1,STRUCTURAL_SCREEN_EXHAUSTED_PRIMALITY_UNASSIGNED,GF3A_DIRECTIONAL_WRITE_EXHAUSTED_PRIMALITY_UNASSIGNED,513,512,512,NO_RECORDED_FACTOR_PRP_OR_LL_RESULT_AND_NO_ACTIVE_GIMPS_ASSIGNMENT,2026-08-09T09:12:31+00:00,UNALLOCATED,,,,,
SLCMP2607-2186,2186,2186,794107511,2^794107511-1,STRUCTURAL_SCREEN_EXHAUSTED_PRIMALITY_UNASSIGNED,GF3A_DIRECTIONAL_WRITE_EXHAUSTED_PRIMALITY_UNASSIGNED,514,512,512,NO_RECORDED_FACTOR_PRP_OR_LL_RESULT_AND_NO_ACTIVE_GIMPS_ASSIGNMENT,2026-08-09T09:12:31+00:00,UNALLOCATED,,,,,
SLCMP2607-2187,2187,2187,794107549,2^794107549-1,STRUCTURAL_SCREEN_EXHAUSTED_PRIMALITY_UNASSIGNED,GF3A_DIRECTIONAL_WRITE_EXHAUSTED_PRIMALITY_UNASSIGNED,513,512,512,NO_RECORDED_FACTOR_PRP_OR_LL_RESULT_AND_NO_ACTIVE_GIMPS_ASSIGNMENT,2026-08-09T09:12:31+00:00,UNALLOCATED,,,,,
SLCMP2607-2188,2188,2188,794107607,2^794107607-1,STRUCTURAL_SCREEN_EXHAUSTED_PRIMALITY_UNASSIGNED,GF3A_DIRECTIONAL_WRITE_EXHAUSTED_PRIMALITY_UNASSIGNED,514,512,512,NO_RECORDED_FACTOR_PRP_OR_LL_RESULT_AND_NO_ACTIVE_GIMPS_ASSIGNMENT,2026-08-09T09:12:31+00:00,UNALLOCATED,,,,,
SLCMP2607-2189,2189,2189,794107631,2^794107631-1,STRUCTURAL_SCREEN_EXHAUSTED_PRIMALITY_UNASSIGNED,GF3A_DIRECTIONAL_WRITE_EXHAUSTED_PRIMALITY_UNASSIGNED,514,512,512,NO_RECORDED_FACTOR_PRP_OR_LL_RESULT_AND_NO_ACTIVE_GIMPS_ASSIGNMENT,2026-08-09T09:12:31+00:00,UNALLOCATED,,,,,
SLCMP2607-2190,2190,2190,794107663,2^794107663-1,STRUCTURAL_SCREEN_EXHAUSTED_PRIMALITY_UNASSIGNED,GF3A_DIRECTIONAL_WRITE_EXHAUSTED_PRIMALITY_UNASSIGNED,514,512,512,NO_RECORDED_FACTOR_PRP_OR_LL_RESULT_AND_NO_ACTIVE_GIMPS_ASSIGNMENT,2026-08-09T09:12:31+00:00,UNALLOCATED,,,,,
SLCMP2607-2191,2191,2191,794107747,2^794107747-1,STRUCTURAL_SCREEN_EXHAUSTED_PRIMALITY_UNASSIGNED,GF3A_DIRECTIONAL_WRITE_EXHAUSTED_PRIMALITY_UNASSIGNED,514,512,512,NO_RECORDED_FACTOR_PRP_OR_LL_RESULT_AND_NO_ACTIVE_GIMPS_ASSIGNMENT,2026-08-09T09:12:31+00:00,UNALLOCATED,,,,,
SLCMP2607-2192,2192,2192,794107799,2^794107799-1,STRUCTURAL_SCREEN_EXHAUSTED_PRIMALITY_UNASSIGNED,GF3A_DIRECTIONAL_WRITE_EXHAUSTED_PRIMALITY_UNASSIGNED,514,512,512,NO_RECORDED_FACTOR_PRP_OR_LL_RESULT_AND_NO_ACTIVE_GIMPS_ASSIGNMENT,2026-08-09T09:12:31+00:00,UNALLOCATED,,,,,
SLCMP2607-2193,2193,2193,794107823,2^794107823-1,STRUCTURAL_SCREEN_EXHAUSTED_PRIMALITY_UNASSIGNED,GF3A_DIRECTIONAL_WRITE_EXHAUSTED_PRIMALITY_UNASSIGNED,514,512,512,NO_RECORDED_FACTOR_PRP_OR_LL_RESULT_AND_NO_ACTIVE_GIMPS_ASSIGNMENT,2026-08-09T09:12:31+00:00,UNALLOCATED,,,,,
SLCMP2607-2194,2194,2194,794107889,2^794107889-1,STRUCTURAL_SCREEN_EXHAUSTED_PRIMALITY_UNASSIGNED,GF3A_DIRECTIONAL_WRITE_EXHAUSTED_PRIMALITY_UNASSIGNED,513,512,512,NO_RECORDED_FACTOR_PRP_OR_LL_RESULT_AND_NO_ACTIVE_GIMPS_ASSIGNMENT,2026-08-09T09:12:31+00:00,UNALLOCATED,,,,,
SLCMP2607-2195,2195,2195,794107891,2^794107891-1,STRUCTURAL_SCREEN_EXHAUSTED_PRIMALITY_UNASSIGNED,GF3A_DIRECTIONAL_WRITE_EXHAUSTED_PRIMALITY_UNASSIGNED,514,512,512,NO_RECORDED_FACTOR_PRP_OR_LL_RESULT_AND_NO_ACTIVE_GIMPS_ASSIGNMENT,2026-08-09T09:12:31+00:00,UNALLOCATED,,,,,
SLCMP2607-2196,2196,2196,794107933,2^794107933-1,STRUCTURAL_SCREEN_EXHAUSTED_PRIMALITY_UNASSIGNED,GF3A_DIRECTIONAL_WRITE_EXHAUSTED_PRIMALITY_UNASSIGNED,513,512,512,NO_RECORDED_FACTOR_PRP_OR_LL_RESULT_AND_NO_ACTIVE_GIMPS_ASSIGNMENT,2026-08-09T09:12:31+00:00,UNALLOCATED,,,,,
SLCMP2607-2197,2197,2197,794107939,2^794107939-1,STRUCTURAL_SCREEN_EXHAUSTED_PRIMALITY_UNASSIGNED,GF3A_DIRECTIONAL_WRITE_EXHAUSTED_PRIMALITY_UNASSIGNED,514,512,512,NO_RECORDED_FACTOR_PRP_OR_LL_RESULT_AND_NO_ACTIVE_GIMPS_ASSIGNMENT,2026-08-09T09:12:31+00:00,UNALLOCATED,,,,,
SLCMP2607-2198,2198,2198,794107981,2^794107981-1,STRUCTURAL_SCREEN_EXHAUSTED_PRIMALITY_UNASSIGNED,GF3A_DIRECTIONAL_WRITE_EXHAUSTED_PRIMALITY_UNASSIGNED,513,512,512,NO_RECORDED_FACTOR_PRP_OR_LL_RESULT_AND_NO_ACTIVE_GIMPS_ASSIGNMENT,2026-08-09T09:12:31+00:00,UNALLOCATED,,,,,
SLCMP2607-2199,2199,2199,794108039,2^794108039-1,STRUCTURAL_SCREEN_EXHAUSTED_PRIMALITY_UNASSIGNED,GF3A_DIRECTIONAL_WRITE_EXHAUSTED_PRIMALITY_UNASSIGNED,514,512,512,NO_RECORDED_FACTOR_PRP_OR_LL_RESULT_AND_NO_ACTIVE_GIMPS_ASSIGNMENT,2026-08-09T09:12:31+00:00,UNALLOCATED,,,,,
SLCMP2607-2200,2200,2200,794108069,2^794108069-1,STRUCTURAL_SCREEN_EXHAUSTED_PRIMALITY_UNASSIGNED,GF3A_DIRECTIONAL_WRITE_EXHAUSTED_PRIMALITY_UNASSIGNED,513,512,512,NO_RECORDED_FACTOR_PRP_OR_LL_RESULT_AND_NO_ACTIVE_GIMPS_ASSIGNMENT,2026-08-09T09:12:31+00:00,UNALLOCATED,,,,,
SLCMP2607-2201,2201,2201,794108083,2^794108083-1,STRUCTURAL_SCREEN_EXHAUSTED_PRIMALITY_UNASSIGNED,GF3A_DIRECTIONAL_WRITE_EXHAUSTED_PRIMALITY_UNASSIGNED,514,512,512,NO_RECORDED_FACTOR_PRP_OR_LL_RESULT_AND_NO_ACTIVE_GIMPS_ASSIGNMENT,2026-08-09T09:12:31+00:00,UNALLOCATED,,,,,
SLCMP2607-2202,2202,2202,794108087,2^794108087-1,STRUCTURAL_SCREEN_EXHAUSTED_PRIMALITY_UNASSIGNED,GF3A_DIRECTIONAL_WRITE_EXHAUSTED_PRIMALITY_UNASSIGNED,514,512,512,NO_RECORDED_FACTOR_PRP_OR_LL_RESULT_AND_NO_ACTIVE_GIMPS_ASSIGNMENT,2026-08-09T09:12:31+00:00,UNALLOCATED,,,,,
SLCMP2607-2203,2203,2203,794108197,2^794108197-1,STRUCTURAL_SCREEN_EXHAUSTED_PRIMALITY_UNASSIGNED,GF3A_DIRECTIONAL_WRITE_EXHAUSTED_PRIMALITY_UNASSIGNED,513,512,512,NO_RECORDED_FACTOR_PRP_OR_LL_RESULT_AND_NO_ACTIVE_GIMPS_ASSIGNMENT,2026-08-09T09:12:31+00:00,UNALLOCATED,,,,,
SLCMP2607-2204,2204,2204,794108207,2^794108207-1,STRUCTURAL_SCREEN_EXHAUSTED_PRIMALITY_UNASSIGNED,GF3A_DIRECTIONAL_WRITE_EXHAUSTED_PRIMALITY_UNASSIGNED,514,512,512,NO_RECORDED_FACTOR_PRP_OR_LL_RESULT_AND_NO_ACTIVE_GIMPS_ASSIGNMENT,2026-08-09T09:12:31+00:00,UNALLOCATED,,,,,
SLCMP2607-2205,2205,2205,794108257,2^794108257-1,STRUCTURAL_SCREEN_EXHAUSTED_PRIMALITY_UNASSIGNED,GF3A_DIRECTIONAL_WRITE_EXHAUSTED_PRIMALITY_UNASSIGNED,513,512,512,NO_RECORDED_FACTOR_PRP_OR_LL_RESULT_AND_NO_ACTIVE_GIMPS_ASSIGNMENT,2026-08-09T09:12:31+00:00,UNALLOCATED,,,,,
SLCMP2607-2206,2206,2206,794108299,2^794108299-1,STRUCTURAL_SCREEN_EXHAUSTED_PRIMALITY_UNASSIGNED,GF3A_DIRECTIONAL_WRITE_EXHAUSTED_PRIMALITY_UNASSIGNED,514,512,512,NO_RECORDED_FACTOR_PRP_OR_LL_RESULT_AND_NO_ACTIVE_GIMPS_ASSIGNMENT,2026-08-09T09:12:31+00:00,UNALLOCATED,,,,,
SLCMP2607-2207,2207,2207,794108347,2^794108347-1,STRUCTURAL_SCREEN_EXHAUSTED_PRIMALITY_UNASSIGNED,GF3A_DIRECTIONAL_WRITE_EXHAUSTED_PRIMALITY_UNASSIGNED,514,512,512,NO_RECORDED_FACTOR_PRP_OR_LL_RESULT_AND_NO_ACTIVE_GIMPS_ASSIGNMENT,2026-08-09T09:12:31+00:00,UNALLOCATED,,,,,
SLCMP2607-2208,2208,2208,794108351,2^794108351-1,STRUCTURAL_SCREEN_EXHAUSTED_PRIMALITY_UNASSIGNED,GF3A_DIRECTIONAL_WRITE_EXHAUSTED_PRIMALITY_UNASSIGNED,514,512,512,NO_RECORDED_FACTOR_PRP_OR_LL_RESULT_AND_NO_ACTIVE_GIMPS_ASSIGNMENT,2026-08-09T09:12:31+00:00,UNALLOCATED,,,,,
SLCMP2607-2209,2209,2209,794108383,2^794108383-1,STRUCTURAL_SCREEN_EXHAUSTED_PRIMALITY_UNASSIGNED,GF3A_DIRECTIONAL_WRITE_EXHAUSTED_PRIMALITY_UNASSIGNED,514,512,512,NO_RECORDED_FACTOR_PRP_OR_LL_RESULT_AND_NO_ACTIVE_GIMPS_ASSIGNMENT,2026-08-09T09:12:31+00:00,UNALLOCATED,,,,,
SLCMP2607-2210,2210,2210,794108411,2^794108411-1,STRUCTURAL_SCREEN_EXHAUSTED_PRIMALITY_UNASSIGNED,GF3A_DIRECTIONAL_WRITE_EXHAUSTED_PRIMALITY_UNASSIGNED,514,512,512,NO_RECORDED_FACTOR_PRP_OR_LL_RESULT_AND_NO_ACTIVE_GIMPS_ASSIGNMENT,2026-08-09T09:12:31+00:00,UNALLOCATED,,,,,
SLCMP2607-2211,2211,2211,794108599,2^794108599-1,STRUCTURAL_SCREEN_EXHAUSTED_PRIMALITY_UNASSIGNED,GF3A_DIRECTIONAL_WRITE_EXHAUSTED_PRIMALITY_UNASSIGNED,514,512,512,NO_RECORDED_FACTOR_PRP_OR_LL_RESULT_AND_NO_ACTIVE_GIMPS_ASSIGNMENT,2026-08-09T09:12:31+00:00,UNALLOCATED,,,,,
SLCMP2607-2212,2212,2212,794108719,2^794108719-1,STRUCTURAL_SCREEN_EXHAUSTED_PRIMALITY_UNASSIGNED,GF3A_DIRECTIONAL_WRITE_EXHAUSTED_PRIMALITY_UNASSIGNED,514,512,512,NO_RECORDED_FACTOR_PRP_OR_LL_RESULT_AND_NO_ACTIVE_GIMPS_ASSIGNMENT,2026-08-09T09:12:31+00:00,UNALLOCATED,,,,,
SLCMP2607-2213,2213,2213,794108759,2^794108759-1,STRUCTURAL_SCREEN_EXHAUSTED_PRIMALITY_UNASSIGNED,GF3A_DIRECTIONAL_WRITE_EXHAUSTED_PRIMALITY_UNASSIGNED,514,512,512,NO_RECORDED_FACTOR_PRP_OR_LL_RESULT_AND_NO_ACTIVE_GIMPS_ASSIGNMENT,2026-08-09T09:12:31+00:00,UNALLOCATED,,,,,
SLCMP2607-2214,2214,2214,794108867,2^794108867-1,STRUCTURAL_SCREEN_EXHAUSTED_PRIMALITY_UNASSIGNED,GF3A_DIRECTIONAL_WRITE_EXHAUSTED_PRIMALITY_UNASSIGNED,514,512,512,NO_RECORDED_FACTOR_PRP_OR_LL_RESULT_AND_NO_ACTIVE_GIMPS_ASSIGNMENT,2026-08-09T09:12:31+00:00,UNALLOCATED,,,,,
SLCMP2607-2215,2215,2215,794108899,2^794108899-1,STRUCTURAL_SCREEN_EXHAUSTED_PRIMALITY_UNASSIGNED,GF3A_DIRECTIONAL_WRITE_EXHAUSTED_PRIMALITY_UNASSIGNED,514,512,512,NO_RECORDED_FACTOR_PRP_OR_LL_RESULT_AND_NO_ACTIVE_GIMPS_ASSIGNMENT,2026-08-09T09:12:31+00:00,UNALLOCATED,,,,,
SLCMP2607-2216,2216,2216,794108941,2^794108941-1,STRUCTURAL_SCREEN_EXHAUSTED_PRIMALITY_UNASSIGNED,GF3A_DIRECTIONAL_WRITE_EXHAUSTED_PRIMALITY_UNASSIGNED,513,512,512,NO_RECORDED_FACTOR_PRP_OR_LL_RESULT_AND_NO_ACTIVE_GIMPS_ASSIGNMENT,2026-08-09T09:12:31+00:00,UNALLOCATED,,,,,
SLCMP2607-2217,2217,2217,794108963,2^794108963-1,STRUCTURAL_SCREEN_EXHAUSTED_PRIMALITY_UNASSIGNED,GF3A_DIRECTIONAL_WRITE_EXHAUSTED_PRIMALITY_UNASSIGNED,514,512,512,NO_RECORDED_FACTOR_PRP_OR_LL_RESULT_AND_NO_ACTIVE_GIMPS_ASSIGNMENT,2026-08-09T09:12:31+00:00,UNALLOCATED,,,,,
SLCMP2607-2218,2218,2218,794109089,2^794109089-1,STRUCTURAL_SCREEN_EXHAUSTED_PRIMALITY_UNASSIGNED,GF3A_DIRECTIONAL_WRITE_EXHAUSTED_PRIMALITY_UNASSIGNED,513,512,512,NO_RECORDED_FACTOR_PRP_OR_LL_RESULT_AND_NO_ACTIVE_GIMPS_ASSIGNMENT,2026-08-09T09:12:31+00:00,UNALLOCATED,,,,,
SLCMP2607-2219,2219,2219,794109139,2^794109139-1,STRUCTURAL_SCREEN_EXHAUSTED_PRIMALITY_UNASSIGNED,GF3A_DIRECTIONAL_WRITE_EXHAUSTED_PRIMALITY_UNASSIGNED,514,512,512,NO_RECORDED_FACTOR_PRP_OR_LL_RESULT_AND_NO_ACTIVE_GIMPS_ASSIGNMENT,2026-08-09T09:12:31+00:00,UNALLOCATED,,,,,
SLCMP2607-2220,2220,2220,794109203,2^794109203-1,STRUCTURAL_SCREEN_EXHAUSTED_PRIMALITY_UNASSIGNED,GF3A_DIRECTIONAL_WRITE_EXHAUSTED_PRIMALITY_UNASSIGNED,514,512,512,NO_RECORDED_FACTOR_PRP_OR_LL_RESULT_AND_NO_ACTIVE_GIMPS_ASSIGNMENT,2026-08-09T09:12:31+00:00,UNALLOCATED,,,,,
SLCMP2607-2221,2221,2221,794109269,2^794109269-1,STRUCTURAL_SCREEN_EXHAUSTED_PRIMALITY_UNASSIGNED,GF3A_DIRECTIONAL_WRITE_EXHAUSTED_PRIMALITY_UNASSIGNED,513,512,512,NO_RECORDED_FACTOR_PRP_OR_LL_RESULT_AND_NO_ACTIVE_GIMPS_ASSIGNMENT,2026-08-09T09:12:31+00:00,UNALLOCATED,,,,,
SLCMP2607-2222,2222,2222,794109307,2^794109307-1,STRUCTURAL_SCREEN_EXHAUSTED_PRIMALITY_UNASSIGNED,GF3A_DIRECTIONAL_WRITE_EXHAUSTED_PRIMALITY_UNASSIGNED,514,512,512,NO_RECORDED_FACTOR_PRP_OR_LL_RESULT_AND_NO_ACTIVE_GIMPS_ASSIGNMENT,2026-08-09T09:12:31+00:00,UNALLOCATED,,,,,
SLCMP2607-2223,2223,2223,794109317,2^794109317-1,STRUCTURAL_SCREEN_EXHAUSTED_PRIMALITY_UNASSIGNED,GF3A_DIRECTIONAL_WRITE_EXHAUSTED_PRIMALITY_UNASSIGNED,513,512,512,NO_RECORDED_FACTOR_PRP_OR_LL_RESULT_AND_NO_ACTIVE_GIMPS_ASSIGNMENT,2026-08-09T09:12:31+00:00,UNALLOCATED,,,,,
SLCMP2607-2224,2224,2224,794109341,2^794109341-1,STRUCTURAL_SCREEN_EXHAUSTED_PRIMALITY_UNASSIGNED,GF3A_DIRECTIONAL_WRITE_EXHAUSTED_PRIMALITY_UNASSIGNED,513,512,512,NO_RECORDED_FACTOR_PRP_OR_LL_RESULT_AND_NO_ACTIVE_GIMPS_ASSIGNMENT,2026-08-09T09:12:31+00:00,UNALLOCATED,,,,,
SLCMP2607-2225,2225,2225,794109359,2^794109359-1,STRUCTURAL_SCREEN_EXHAUSTED_PRIMALITY_UNASSIGNED,GF3A_DIRECTIONAL_WRITE_EXHAUSTED_PRIMALITY_UNASSIGNED,514,512,512,NO_RECORDED_FACTOR_PRP_OR_LL_RESULT_AND_NO_ACTIVE_GIMPS_ASSIGNMENT,2026-08-09T09:12:31+00:00,UNALLOCATED,,,,,
SLCMP2607-2226,2226,2226,794109451,2^794109451-1,STRUCTURAL_SCREEN_EXHAUSTED_PRIMALITY_UNASSIGNED,GF3A_DIRECTIONAL_WRITE_EXHAUSTED_PRIMALITY_UNASSIGNED,514,512,512,NO_RECORDED_FACTOR_PRP_OR_LL_RESULT_AND_NO_ACTIVE_GIMPS_ASSIGNMENT,2026-08-09T09:12:31+00:00,UNALLOCATED,,,,,
SLCMP2607-2227,2227,2227,794109473,2^794109473-1,STRUCTURAL_SCREEN_EXHAUSTED_PRIMALITY_UNASSIGNED,GF3A_DIRECTIONAL_WRITE_EXHAUSTED_PRIMALITY_UNASSIGNED,513,512,512,NO_RECORDED_FACTOR_PRP_OR_LL_RESULT_AND_NO_ACTIVE_GIMPS_ASSIGNMENT,2026-08-09T09:12:31+00:00,UNALLOCATED,,,,,
SLCMP2607-2228,2228,2228,794109479,2^794109479-1,STRUCTURAL_SCREEN_EXHAUSTED_PRIMALITY_UNASSIGNED,GF3A_DIRECTIONAL_WRITE_EXHAUSTED_PRIMALITY_UNASSIGNED,514,512,512,NO_RECORDED_FACTOR_PRP_OR_LL_RESULT_AND_NO_ACTIVE_GIMPS_ASSIGNMENT,2026-08-09T09:12:31+00:00,UNALLOCATED,,,,,
SLCMP2607-2229,2229,2229,794109499,2^794109499-1,STRUCTURAL_SCREEN_EXHAUSTED_PRIMALITY_UNASSIGNED,GF3A_DIRECTIONAL_WRITE_EXHAUSTED_PRIMALITY_UNASSIGNED,514,512,512,NO_RECORDED_FACTOR_PRP_OR_LL_RESULT_AND_NO_ACTIVE_GIMPS_ASSIGNMENT,2026-08-09T09:12:31+00:00,UNALLOCATED,,,,,
SLCMP2607-2230,2230,2230,794109583,2^794109583-1,STRUCTURAL_SCREEN_EXHAUSTED_PRIMALITY_UNASSIGNED,GF3A_DIRECTIONAL_WRITE_EXHAUSTED_PRIMALITY_UNASSIGNED,514,512,512,NO_RECORDED_FACTOR_PRP_OR_LL_RESULT_AND_NO_ACTIVE_GIMPS_ASSIGNMENT,2026-08-09T09:12:31+00:00,UNALLOCATED,,,,,
SLCMP2607-2231,2231,2231,794109599,2^794109599-1,STRUCTURAL_SCREEN_EXHAUSTED_PRIMALITY_UNASSIGNED,GF3A_DIRECTIONAL_WRITE_EXHAUSTED_PRIMALITY_UNASSIGNED,514,512,512,NO_RECORDED_FACTOR_PRP_OR_LL_RESULT_AND_NO_ACTIVE_GIMPS_ASSIGNMENT,2026-08-09T09:12:31+00:00,UNALLOCATED,,,,,
SLCMP2607-2232,2232,2232,794109601,2^794109601-1,STRUCTURAL_SCREEN_EXHAUSTED_PRIMALITY_UNASSIGNED,GF3A_DIRECTIONAL_WRITE_EXHAUSTED_PRIMALITY_UNASSIGNED,513,512,512,NO_RECORDED_FACTOR_PRP_OR_LL_RESULT_AND_NO_ACTIVE_GIMPS_ASSIGNMENT,2026-08-09T09:12:31+00:00,UNALLOCATED,,,,,
SLCMP2607-2233,2233,2233,794109619,2^794109619-1,STRUCTURAL_SCREEN_EXHAUSTED_PRIMALITY_UNASSIGNED,GF3A_DIRECTIONAL_WRITE_EXHAUSTED_PRIMALITY_UNASSIGNED,514,512,512,NO_RECORDED_FACTOR_PRP_OR_LL_RESULT_AND_NO_ACTIVE_GIMPS_ASSIGNMENT,2026-08-09T09:12:31+00:00,UNALLOCATED,,,,,
SLCMP2607-2234,2234,2234,794109749,2^794109749-1,STRUCTURAL_SCREEN_EXHAUSTED_PRIMALITY_UNASSIGNED,GF3A_DIRECTIONAL_WRITE_EXHAUSTED_PRIMALITY_UNASSIGNED,513,512,512,NO_RECORDED_FACTOR_PRP_OR_LL_RESULT_AND_NO_ACTIVE_GIMPS_ASSIGNMENT,2026-08-09T09:12:31+00:00,UNALLOCATED,,,,,
SLCMP2607-2235,2235,2235,794109781,2^794109781-1,STRUCTURAL_SCREEN_EXHAUSTED_PRIMALITY_UNASSIGNED,GF3A_DIRECTIONAL_WRITE_EXHAUSTED_PRIMALITY_UNASSIGNED,513,512,512,NO_RECORDED_FACTOR_PRP_OR_LL_RESULT_AND_NO_ACTIVE_GIMPS_ASSIGNMENT,2026-08-09T09:12:31+00:00,UNALLOCATED,,,,,
SLCMP2607-2236,2236,2236,794109793,2^794109793-1,STRUCTURAL_SCREEN_EXHAUSTED_PRIMALITY_UNASSIGNED,GF3A_DIRECTIONAL_WRITE_EXHAUSTED_PRIMALITY_UNASSIGNED,513,512,512,NO_RECORDED_FACTOR_PRP_OR_LL_RESULT_AND_NO_ACTIVE_GIMPS_ASSIGNMENT,2026-08-09T09:12:31+00:00,UNALLOCATED,,,,,
SLCMP2607-2237,2237,2237,794109889,2^794109889-1,STRUCTURAL_SCREEN_EXHAUSTED_PRIMALITY_UNASSIGNED,GF3A_DIRECTIONAL_WRITE_EXHAUSTED_PRIMALITY_UNASSIGNED,513,512,512,NO_RECORDED_FACTOR_PRP_OR_LL_RESULT_AND_NO_ACTIVE_GIMPS_ASSIGNMENT,2026-08-09T09:12:31+00:00,UNALLOCATED,,,,,
SLCMP2607-2238,2238,2238,794109977,2^794109977-1,STRUCTURAL_SCREEN_EXHAUSTED_PRIMALITY_UNASSIGNED,GF3A_DIRECTIONAL_WRITE_EXHAUSTED_PRIMALITY_UNASSIGNED,513,512,512,NO_RECORDED_FACTOR_PRP_OR_LL_RESULT_AND_NO_ACTIVE_GIMPS_ASSIGNMENT,2026-08-09T09:12:31+00:00,UNALLOCATED,,,,,
SLCMP2607-2239,2239,2239,794109991,2^794109991-1,STRUCTURAL_SCREEN_EXHAUSTED_PRIMALITY_UNASSIGNED,GF3A_DIRECTIONAL_WRITE_EXHAUSTED_PRIMALITY_UNASSIGNED,514,512,512,NO_RECORDED_FACTOR_PRP_OR_LL_RESULT_AND_NO_ACTIVE_GIMPS_ASSIGNMENT,2026-08-09T09:12:31+00:00,UNALLOCATED,,,,,
SLCMP2607-2240,2240,2240,794110007,2^794110007-1,STRUCTURAL_SCREEN_EXHAUSTED_PRIMALITY_UNASSIGNED,GF3A_DIRECTIONAL_WRITE_EXHAUSTED_PRIMALITY_UNASSIGNED,514,512,512,NO_RECORDED_FACTOR_PRP_OR_LL_RESULT_AND_NO_ACTIVE_GIMPS_ASSIGNMENT,2026-08-09T09:12:31+00:00,UNALLOCATED,,,,,
SLCMP2607-2241,2241,2241,794110061,2^794110061-1,STRUCTURAL_SCREEN_EXHAUSTED_PRIMALITY_UNASSIGNED,GF3A_DIRECTIONAL_WRITE_EXHAUSTED_PRIMALITY_UNASSIGNED,513,512,512,NO_RECORDED_FACTOR_PRP_OR_LL_RESULT_AND_NO_ACTIVE_GIMPS_ASSIGNMENT,2026-08-09T09:12:31+00:00,UNALLOCATED,,,,,
SLCMP2607-2242,2242,2242,794110067,2^794110067-1,STRUCTURAL_SCREEN_EXHAUSTED_PRIMALITY_UNASSIGNED,GF3A_DIRECTIONAL_WRITE_EXHAUSTED_PRIMALITY_UNASSIGNED,514,512,512,NO_RECORDED_FACTOR_PRP_OR_LL_RESULT_AND_NO_ACTIVE_GIMPS_ASSIGNMENT,2026-08-09T09:12:31+00:00,UNALLOCATED,,,,,
SLCMP2607-2243,2243,2243,794110081,2^794110081-1,STRUCTURAL_SCREEN_EXHAUSTED_PRIMALITY_UNASSIGNED,GF3A_DIRECTIONAL_WRITE_EXHAUSTED_PRIMALITY_UNASSIGNED,513,512,512,NO_RECORDED_FACTOR_PRP_OR_LL_RESULT_AND_NO_ACTIVE_GIMPS_ASSIGNMENT,2026-08-09T09:12:31+00:00,UNALLOCATED,,,,,
SLCMP2607-2244,2244,2244,794110123,2^794110123-1,STRUCTURAL_SCREEN_EXHAUSTED_PRIMALITY_UNASSIGNED,GF3A_DIRECTIONAL_WRITE_EXHAUSTED_PRIMALITY_UNASSIGNED,514,512,512,NO_RECORDED_FACTOR_PRP_OR_LL_RESULT_AND_NO_ACTIVE_GIMPS_ASSIGNMENT,2026-08-09T09:12:31+00:00,UNALLOCATED,,,,,
SLCMP2607-2245,2245,2245,794110127,2^794110127-1,STRUCTURAL_SCREEN_EXHAUSTED_PRIMALITY_UNASSIGNED,GF3A_DIRECTIONAL_WRITE_EXHAUSTED_PRIMALITY_UNASSIGNED,514,512,512,NO_RECORDED_FACTOR_PRP_OR_LL_RESULT_AND_NO_ACTIVE_GIMPS_ASSIGNMENT,2026-08-09T09:12:31+00:00,UNALLOCATED,,,,,
SLCMP2607-2246,2246,2246,794110147,2^794110147-1,STRUCTURAL_SCREEN_EXHAUSTED_PRIMALITY_UNASSIGNED,GF3A_DIRECTIONAL_WRITE_EXHAUSTED_PRIMALITY_UNASSIGNED,514,512,512,NO_RECORDED_FACTOR_PRP_OR_LL_RESULT_AND_NO_ACTIVE_GIMPS_ASSIGNMENT,2026-08-09T09:12:31+00:00,UNALLOCATED,,,,,
SLCMP2607-2247,2247,2247,794110151,2^794110151-1,STRUCTURAL_SCREEN_EXHAUSTED_PRIMALITY_UNASSIGNED,GF3A_DIRECTIONAL_WRITE_EXHAUSTED_PRIMALITY_UNASSIGNED,514,512,512,NO_RECORDED_FACTOR_PRP_OR_LL_RESULT_AND_NO_ACTIVE_GIMPS_ASSIGNMENT,2026-08-09T09:12:31+00:00,UNALLOCATED,,,,,
SLCMP2607-2248,2248,2248,794110153,2^794110153-1,STRUCTURAL_SCREEN_EXHAUSTED_PRIMALITY_UNASSIGNED,GF3A_DIRECTIONAL_WRITE_EXHAUSTED_PRIMALITY_UNASSIGNED,513,512,512,NO_RECORDED_FACTOR_PRP_OR_LL_RESULT_AND_NO_ACTIVE_GIMPS_ASSIGNMENT,2026-08-09T09:12:31+00:00,UNALLOCATED,,,,,
SLCMP2607-2249,2249,2249,794110201,2^794110201-1,STRUCTURAL_SCREEN_EXHAUSTED_PRIMALITY_UNASSIGNED,GF3A_DIRECTIONAL_WRITE_EXHAUSTED_PRIMALITY_UNASSIGNED,513,512,512,NO_RECORDED_FACTOR_PRP_OR_LL_RESULT_AND_NO_ACTIVE_GIMPS_ASSIGNMENT,2026-08-09T09:12:31+00:00,UNALLOCATED,,,,,
SLCMP2607-2250,2250,2250,794110267,2^794110267-1,STRUCTURAL_SCREEN_EXHAUSTED_PRIMALITY_UNASSIGNED,GF3A_DIRECTIONAL_WRITE_EXHAUSTED_PRIMALITY_UNASSIGNED,514,512,512,NO_RECORDED_FACTOR_PRP_OR_LL_RESULT_AND_NO_ACTIVE_GIMPS_ASSIGNMENT,2026-08-09T09:12:31+00:00,UNALLOCATED,,,,,
SLCMP2607-2251,2251,2251,794110297,2^794110297-1,STRUCTURAL_SCREEN_EXHAUSTED_PRIMALITY_UNASSIGNED,GF3A_DIRECTIONAL_WRITE_EXHAUSTED_PRIMALITY_UNASSIGNED,513,512,512,NO_RECORDED_FACTOR_PRP_OR_LL_RESULT_AND_NO_ACTIVE_GIMPS_ASSIGNMENT,2026-08-09T09:12:31+00:00,UNALLOCATED,,,,,
SLCMP2607-2252,2252,2252,794110319,2^794110319-1,STRUCTURAL_SCREEN_EXHAUSTED_PRIMALITY_UNASSIGNED,GF3A_DIRECTIONAL_WRITE_EXHAUSTED_PRIMALITY_UNASSIGNED,514,512,512,NO_RECORDED_FACTOR_PRP_OR_LL_RESULT_AND_NO_ACTIVE_GIMPS_ASSIGNMENT,2026-08-09T09:12:31+00:00,UNALLOCATED,,,,,
SLCMP2607-2253,2253,2253,794110381,2^794110381-1,STRUCTURAL_SCREEN_EXHAUSTED_PRIMALITY_UNASSIGNED,GF3A_DIRECTIONAL_WRITE_EXHAUSTED_PRIMALITY_UNASSIGNED,513,512,512,NO_RECORDED_FACTOR_PRP_OR_LL_RESULT_AND_NO_ACTIVE_GIMPS_ASSIGNMENT,2026-08-09T09:12:31+00:00,UNALLOCATED,,,,,
SLCMP2607-2254,2254,2254,794110439,2^794110439-1,STRUCTURAL_SCREEN_EXHAUSTED_PRIMALITY_UNASSIGNED,GF3A_DIRECTIONAL_WRITE_EXHAUSTED_PRIMALITY_UNASSIGNED,514,512,512,NO_RECORDED_FACTOR_PRP_OR_LL_RESULT_AND_NO_ACTIVE_GIMPS_ASSIGNMENT,2026-08-09T09:12:31+00:00,UNALLOCATED,,,,,
SLCMP2607-2255,2255,2255,794110459,2^794110459-1,STRUCTURAL_SCREEN_EXHAUSTED_PRIMALITY_UNASSIGNED,GF3A_DIRECTIONAL_WRITE_EXHAUSTED_PRIMALITY_UNASSIGNED,514,512,512,NO_RECORDED_FACTOR_PRP_OR_LL_RESULT_AND_NO_ACTIVE_GIMPS_ASSIGNMENT,2026-08-09T09:12:31+00:00,UNALLOCATED,,,,,
SLCMP2607-2256,2256,2256,794110561,2^794110561-1,STRUCTURAL_SCREEN_EXHAUSTED_PRIMALITY_UNASSIGNED,GF3A_DIRECTIONAL_WRITE_EXHAUSTED_PRIMALITY_UNASSIGNED,513,512,512,NO_RECORDED_FACTOR_PRP_OR_LL_RESULT_AND_NO_ACTIVE_GIMPS_ASSIGNMENT,2026-08-09T09:12:31+00:00,UNALLOCATED,,,,,
SLCMP2607-2257,2257,2257,794110589,2^794110589-1,STRUCTURAL_SCREEN_EXHAUSTED_PRIMALITY_UNASSIGNED,GF3A_DIRECTIONAL_WRITE_EXHAUSTED_PRIMALITY_UNASSIGNED,513,512,512,NO_RECORDED_FACTOR_PRP_OR_LL_RESULT_AND_NO_ACTIVE_GIMPS_ASSIGNMENT,2026-08-09T09:12:31+00:00,UNALLOCATED,,,,,
SLCMP2607-2258,2258,2258,794110633,2^794110633-1,STRUCTURAL_SCREEN_EXHAUSTED_PRIMALITY_UNASSIGNED,GF3A_DIRECTIONAL_WRITE_EXHAUSTED_PRIMALITY_UNASSIGNED,513,512,512,NO_RECORDED_FACTOR_PRP_OR_LL_RESULT_AND_NO_ACTIVE_GIMPS_ASSIGNMENT,2026-08-09T09:12:31+00:00,UNALLOCATED,,,,,
SLCMP2607-2259,2259,2259,794110727,2^794110727-1,STRUCTURAL_SCREEN_EXHAUSTED_PRIMALITY_UNASSIGNED,GF3A_DIRECTIONAL_WRITE_EXHAUSTED_PRIMALITY_UNASSIGNED,514,512,512,NO_RECORDED_FACTOR_PRP_OR_LL_RESULT_AND_NO_ACTIVE_GIMPS_ASSIGNMENT,2026-08-09T09:12:31+00:00,UNALLOCATED,,,,,
SLCMP2607-2260,2260,2260,794110831,2^794110831-1,STRUCTURAL_SCREEN_EXHAUSTED_PRIMALITY_UNASSIGNED,GF3A_DIRECTIONAL_WRITE_EXHAUSTED_PRIMALITY_UNASSIGNED,514,512,512,NO_RECORDED_FACTOR_PRP_OR_LL_RESULT_AND_NO_ACTIVE_GIMPS_ASSIGNMENT,2026-08-09T09:12:31+00:00,UNALLOCATED,,,,,
SLCMP2607-2261,2261,2261,794110843,2^794110843-1,STRUCTURAL_SCREEN_EXHAUSTED_PRIMALITY_UNASSIGNED,GF3A_DIRECTIONAL_WRITE_EXHAUSTED_PRIMALITY_UNASSIGNED,514,512,512,NO_RECORDED_FACTOR_PRP_OR_LL_RESULT_AND_NO_ACTIVE_GIMPS_ASSIGNMENT,2026-08-09T09:12:31+00:00,UNALLOCATED,,,,,
SLCMP2607-2262,2262,2262,794110861,2^794110861-1,STRUCTURAL_SCREEN_EXHAUSTED_PRIMALITY_UNASSIGNED,GF3A_DIRECTIONAL_WRITE_EXHAUSTED_PRIMALITY_UNASSIGNED,513,512,512,NO_RECORDED_FACTOR_PRP_OR_LL_RESULT_AND_NO_ACTIVE_GIMPS_ASSIGNMENT,2026-08-09T09:12:31+00:00,UNALLOCATED,,,,,
SLCMP2607-2263,2263,2263,794110957,2^794110957-1,STRUCTURAL_SCREEN_EXHAUSTED_PRIMALITY_UNASSIGNED,GF3A_DIRECTIONAL_WRITE_EXHAUSTED_PRIMALITY_UNASSIGNED,513,512,512,NO_RECORDED_FACTOR_PRP_OR_LL_RESULT_AND_NO_ACTIVE_GIMPS_ASSIGNMENT,2026-08-09T09:12:31+00:00,UNALLOCATED,,,,,
SLCMP2607-2264,2264,2264,794111207,2^794111207-1,STRUCTURAL_SCREEN_EXHAUSTED_PRIMALITY_UNASSIGNED,GF3A_DIRECTIONAL_WRITE_EXHAUSTED_PRIMALITY_UNASSIGNED,514,512,512,NO_RECORDED_FACTOR_PRP_OR_LL_RESULT_AND_NO_ACTIVE_GIMPS_ASSIGNMENT,2026-08-09T09:12:31+00:00,UNALLOCATED,,,,,
SLCMP2607-2265,2265,2265,794111233,2^794111233-1,STRUCTURAL_SCREEN_EXHAUSTED_PRIMALITY_UNASSIGNED,GF3A_DIRECTIONAL_WRITE_EXHAUSTED_PRIMALITY_UNASSIGNED,513,512,512,NO_RECORDED_FACTOR_PRP_OR_LL_RESULT_AND_NO_ACTIVE_GIMPS_ASSIGNMENT,2026-08-09T09:12:31+00:00,UNALLOCATED,,,,,
SLCMP2607-2266,2266,2266,794111249,2^794111249-1,STRUCTURAL_SCREEN_EXHAUSTED_PRIMALITY_UNASSIGNED,GF3A_DIRECTIONAL_WRITE_EXHAUSTED_PRIMALITY_UNASSIGNED,513,512,512,NO_RECORDED_FACTOR_PRP_OR_LL_RESULT_AND_NO_ACTIVE_GIMPS_ASSIGNMENT,2026-08-09T09:12:31+00:00,UNALLOCATED,,,,,
SLCMP2607-2267,2267,2267,794111303,2^794111303-1,STRUCTURAL_SCREEN_EXHAUSTED_PRIMALITY_UNASSIGNED,GF3A_DIRECTIONAL_WRITE_EXHAUSTED_PRIMALITY_UNASSIGNED,514,512,512,NO_RECORDED_FACTOR_PRP_OR_LL_RESULT_AND_NO_ACTIVE_GIMPS_ASSIGNMENT,2026-08-09T09:12:31+00:00,UNALLOCATED,,,,,
SLCMP2607-2268,2268,2268,794111323,2^794111323-1,STRUCTURAL_SCREEN_EXHAUSTED_PRIMALITY_UNASSIGNED,GF3A_DIRECTIONAL_WRITE_EXHAUSTED_PRIMALITY_UNASSIGNED,514,512,512,NO_RECORDED_FACTOR_PRP_OR_LL_RESULT_AND_NO_ACTIVE_GIMPS_ASSIGNMENT,2026-08-09T09:12:31+00:00,UNALLOCATED,,,,,
SLCMP2607-2269,2269,2269,794111369,2^794111369-1,STRUCTURAL_SCREEN_EXHAUSTED_PRIMALITY_UNASSIGNED,GF3A_DIRECTIONAL_WRITE_EXHAUSTED_PRIMALITY_UNASSIGNED,513,512,512,NO_RECORDED_FACTOR_PRP_OR_LL_RESULT_AND_NO_ACTIVE_GIMPS_ASSIGNMENT,2026-08-09T09:12:31+00:00,UNALLOCATED,,,,,
SLCMP2607-2270,2270,2270,794111413,2^794111413-1,STRUCTURAL_SCREEN_EXHAUSTED_PRIMALITY_UNASSIGNED,GF3A_DIRECTIONAL_WRITE_EXHAUSTED_PRIMALITY_UNASSIGNED,513,512,512,NO_RECORDED_FACTOR_PRP_OR_LL_RESULT_AND_NO_ACTIVE_GIMPS_ASSIGNMENT,2026-08-09T09:12:31+00:00,UNALLOCATED,,,,,
SLCMP2607-2271,2271,2271,794111419,2^794111419-1,STRUCTURAL_SCREEN_EXHAUSTED_PRIMALITY_UNASSIGNED,GF3A_DIRECTIONAL_WRITE_EXHAUSTED_PRIMALITY_UNASSIGNED,514,512,512,NO_RECORDED_FACTOR_PRP_OR_LL_RESULT_AND_NO_ACTIVE_GIMPS_ASSIGNMENT,2026-08-09T09:12:31+00:00,UNALLOCATED,,,,,
SLCMP2607-2272,2272,2272,794111471,2^794111471-1,STRUCTURAL_SCREEN_EXHAUSTED_PRIMALITY_UNASSIGNED,GF3A_DIRECTIONAL_WRITE_EXHAUSTED_PRIMALITY_UNASSIGNED,514,512,512,NO_RECORDED_FACTOR_PRP_OR_LL_RESULT_AND_NO_ACTIVE_GIMPS_ASSIGNMENT,2026-08-09T09:12:31+00:00,UNALLOCATED,,,,,
SLCMP2607-2273,2273,2273,794111477,2^794111477-1,STRUCTURAL_SCREEN_EXHAUSTED_PRIMALITY_UNASSIGNED,GF3A_DIRECTIONAL_WRITE_EXHAUSTED_PRIMALITY_UNASSIGNED,513,512,512,NO_RECORDED_FACTOR_PRP_OR_LL_RESULT_AND_NO_ACTIVE_GIMPS_ASSIGNMENT,2026-08-09T09:12:31+00:00,UNALLOCATED,,,,,
SLCMP2607-2274,2274,2274,794111687,2^794111687-1,STRUCTURAL_SCREEN_EXHAUSTED_PRIMALITY_UNASSIGNED,GF3A_DIRECTIONAL_WRITE_EXHAUSTED_PRIMALITY_UNASSIGNED,514,512,512,NO_RECORDED_FACTOR_PRP_OR_LL_RESULT_AND_NO_ACTIVE_GIMPS_ASSIGNMENT,2026-08-09T09:12:31+00:00,UNALLOCATED,,,,,
SLCMP2607-2275,2275,2275,794111737,2^794111737-1,STRUCTURAL_SCREEN_EXHAUSTED_PRIMALITY_UNASSIGNED,GF3A_DIRECTIONAL_WRITE_EXHAUSTED_PRIMALITY_UNASSIGNED,513,512,512,NO_RECORDED_FACTOR_PRP_OR_LL_RESULT_AND_NO_ACTIVE_GIMPS_ASSIGNMENT,2026-08-09T09:12:31+00:00,UNALLOCATED,,,,,
SLCMP2607-2276,2276,2276,794111771,2^794111771-1,STRUCTURAL_SCREEN_EXHAUSTED_PRIMALITY_UNASSIGNED,GF3A_DIRECTIONAL_WRITE_EXHAUSTED_PRIMALITY_UNASSIGNED,514,512,512,NO_RECORDED_FACTOR_PRP_OR_LL_RESULT_AND_NO_ACTIVE_GIMPS_ASSIGNMENT,2026-08-09T09:12:31+00:00,UNALLOCATED,,,,,
SLCMP2607-2277,2277,2277,794111839,2^794111839-1,STRUCTURAL_SCREEN_EXHAUSTED_PRIMALITY_UNASSIGNED,GF3A_DIRECTIONAL_WRITE_EXHAUSTED_PRIMALITY_UNASSIGNED,514,512,512,NO_RECORDED_FACTOR_PRP_OR_LL_RESULT_AND_NO_ACTIVE_GIMPS_ASSIGNMENT,2026-08-09T09:12:31+00:00,UNALLOCATED,,,,,
SLCMP2607-2278,2278,2278,794111849,2^794111849-1,STRUCTURAL_SCREEN_EXHAUSTED_PRIMALITY_UNASSIGNED,GF3A_DIRECTIONAL_WRITE_EXHAUSTED_PRIMALITY_UNASSIGNED,513,512,512,NO_RECORDED_FACTOR_PRP_OR_LL_RESULT_AND_NO_ACTIVE_GIMPS_ASSIGNMENT,2026-08-09T09:12:31+00:00,UNALLOCATED,,,,,
SLCMP2607-2279,2279,2279,794111881,2^794111881-1,STRUCTURAL_SCREEN_EXHAUSTED_PRIMALITY_UNASSIGNED,GF3A_DIRECTIONAL_WRITE_EXHAUSTED_PRIMALITY_UNASSIGNED,513,512,512,NO_RECORDED_FACTOR_PRP_OR_LL_RESULT_AND_NO_ACTIVE_GIMPS_ASSIGNMENT,2026-08-09T09:12:31+00:00,UNALLOCATED,,,,,
SLCMP2607-2280,2280,2280,794111947,2^794111947-1,STRUCTURAL_SCREEN_EXHAUSTED_PRIMALITY_UNASSIGNED,GF3A_DIRECTIONAL_WRITE_EXHAUSTED_PRIMALITY_UNASSIGNED,514,512,512,NO_RECORDED_FACTOR_PRP_OR_LL_RESULT_AND_NO_ACTIVE_GIMPS_ASSIGNMENT,2026-08-09T09:12:31+00:00,UNALLOCATED,,,,,
SLCMP2607-2281,2281,2281,794111963,2^794111963-1,STRUCTURAL_SCREEN_EXHAUSTED_PRIMALITY_UNASSIGNED,GF3A_DIRECTIONAL_WRITE_EXHAUSTED_PRIMALITY_UNASSIGNED,514,512,512,NO_RECORDED_FACTOR_PRP_OR_LL_RESULT_AND_NO_ACTIVE_GIMPS_ASSIGNMENT,2026-08-09T09:12:31+00:00,UNALLOCATED,,,,,
SLCMP2607-2282,2282,2282,794112037,2^794112037-1,STRUCTURAL_SCREEN_EXHAUSTED_PRIMALITY_UNASSIGNED,GF3A_DIRECTIONAL_WRITE_EXHAUSTED_PRIMALITY_UNASSIGNED,513,512,512,NO_RECORDED_FACTOR_PRP_OR_LL_RESULT_AND_NO_ACTIVE_GIMPS_ASSIGNMENT,2026-08-09T09:12:31+00:00,UNALLOCATED,,,,,
SLCMP2607-2283,2283,2283,794112061,2^794112061-1,STRUCTURAL_SCREEN_EXHAUSTED_PRIMALITY_UNASSIGNED,GF3A_DIRECTIONAL_WRITE_EXHAUSTED_PRIMALITY_UNASSIGNED,513,512,512,NO_RECORDED_FACTOR_PRP_OR_LL_RESULT_AND_NO_ACTIVE_GIMPS_ASSIGNMENT,2026-08-09T09:12:31+00:00,UNALLOCATED,,,,,
SLCMP2607-2284,2284,2284,794112103,2^794112103-1,STRUCTURAL_SCREEN_EXHAUSTED_PRIMALITY_UNASSIGNED,GF3A_DIRECTIONAL_WRITE_EXHAUSTED_PRIMALITY_UNASSIGNED,514,512,512,NO_RECORDED_FACTOR_PRP_OR_LL_RESULT_AND_NO_ACTIVE_GIMPS_ASSIGNMENT,2026-08-09T09:12:31+00:00,UNALLOCATED,,,,,
SLCMP2607-2285,2285,2285,794112127,2^794112127-1,STRUCTURAL_SCREEN_EXHAUSTED_PRIMALITY_UNASSIGNED,GF3A_DIRECTIONAL_WRITE_EXHAUSTED_PRIMALITY_UNASSIGNED,514,512,512,NO_RECORDED_FACTOR_PRP_OR_LL_RESULT_AND_NO_ACTIVE_GIMPS_ASSIGNMENT,2026-08-09T09:12:31+00:00,UNALLOCATED,,,,,
SLCMP2607-2286,2286,2286,794112139,2^794112139-1,STRUCTURAL_SCREEN_EXHAUSTED_PRIMALITY_UNASSIGNED,GF3A_DIRECTIONAL_WRITE_EXHAUSTED_PRIMALITY_UNASSIGNED,514,512,512,NO_RECORDED_FACTOR_PRP_OR_LL_RESULT_AND_NO_ACTIVE_GIMPS_ASSIGNMENT,2026-08-09T09:12:31+00:00,UNALLOCATED,,,,,
SLCMP2607-2287,2287,2287,794112227,2^794112227-1,STRUCTURAL_SCREEN_EXHAUSTED_PRIMALITY_UNASSIGNED,GF3A_DIRECTIONAL_WRITE_EXHAUSTED_PRIMALITY_UNASSIGNED,514,512,512,NO_RECORDED_FACTOR_PRP_OR_LL_RESULT_AND_NO_ACTIVE_GIMPS_ASSIGNMENT,2026-08-09T09:12:31+00:00,UNALLOCATED,,,,,
SLCMP2607-2288,2288,2288,794112233,2^794112233-1,STRUCTURAL_SCREEN_EXHAUSTED_PRIMALITY_UNASSIGNED,GF3A_DIRECTIONAL_WRITE_EXHAUSTED_PRIMALITY_UNASSIGNED,513,512,512,NO_RECORDED_FACTOR_PRP_OR_LL_RESULT_AND_NO_ACTIVE_GIMPS_ASSIGNMENT,2026-08-09T09:12:31+00:00,UNALLOCATED,,,,,
SLCMP2607-2289,2289,2289,794112247,2^794112247-1,STRUCTURAL_SCREEN_EXHAUSTED_PRIMALITY_UNASSIGNED,GF3A_DIRECTIONAL_WRITE_EXHAUSTED_PRIMALITY_UNASSIGNED,514,512,512,NO_RECORDED_FACTOR_PRP_OR_LL_RESULT_AND_NO_ACTIVE_GIMPS_ASSIGNMENT,2026-08-09T09:12:31+00:00,UNALLOCATED,,,,,
SLCMP2607-2290,2290,2290,794112271,2^794112271-1,STRUCTURAL_SCREEN_EXHAUSTED_PRIMALITY_UNASSIGNED,GF3A_DIRECTIONAL_WRITE_EXHAUSTED_PRIMALITY_UNASSIGNED,514,512,512,NO_RECORDED_FACTOR_PRP_OR_LL_RESULT_AND_NO_ACTIVE_GIMPS_ASSIGNMENT,2026-08-09T09:12:31+00:00,UNALLOCATED,,,,,
SLCMP2607-2291,2291,2291,794112299,2^794112299-1,STRUCTURAL_SCREEN_EXHAUSTED_PRIMALITY_UNASSIGNED,GF3A_DIRECTIONAL_WRITE_EXHAUSTED_PRIMALITY_UNASSIGNED,514,512,512,NO_RECORDED_FACTOR_PRP_OR_LL_RESULT_AND_NO_ACTIVE_GIMPS_ASSIGNMENT,2026-08-09T09:12:31+00:00,UNALLOCATED,,,,,
SLCMP2607-2292,2292,2292,794112373,2^794112373-1,STRUCTURAL_SCREEN_EXHAUSTED_PRIMALITY_UNASSIGNED,GF3A_DIRECTIONAL_WRITE_EXHAUSTED_PRIMALITY_UNASSIGNED,513,512,512,NO_RECORDED_FACTOR_PRP_OR_LL_RESULT_AND_NO_ACTIVE_GIMPS_ASSIGNMENT,2026-08-09T09:12:31+00:00,UNALLOCATED,,,,,
SLCMP2607-2293,2293,2293,794112383,2^794112383-1,STRUCTURAL_SCREEN_EXHAUSTED_PRIMALITY_UNASSIGNED,GF3A_DIRECTIONAL_WRITE_EXHAUSTED_PRIMALITY_UNASSIGNED,514,512,512,NO_RECORDED_FACTOR_PRP_OR_LL_RESULT_AND_NO_ACTIVE_GIMPS_ASSIGNMENT,2026-08-09T09:12:31+00:00,UNALLOCATED,,,,,
SLCMP2607-2294,2294,2294,794112401,2^794112401-1,STRUCTURAL_SCREEN_EXHAUSTED_PRIMALITY_UNASSIGNED,GF3A_DIRECTIONAL_WRITE_EXHAUSTED_PRIMALITY_UNASSIGNED,513,512,512,NO_RECORDED_FACTOR_PRP_OR_LL_RESULT_AND_NO_ACTIVE_GIMPS_ASSIGNMENT,2026-08-09T09:12:31+00:00,UNALLOCATED,,,,,
SLCMP2607-2295,2295,2295,794112491,2^794112491-1,STRUCTURAL_SCREEN_EXHAUSTED_PRIMALITY_UNASSIGNED,GF3A_DIRECTIONAL_WRITE_EXHAUSTED_PRIMALITY_UNASSIGNED,514,512,512,NO_RECORDED_FACTOR_PRP_OR_LL_RESULT_AND_NO_ACTIVE_GIMPS_ASSIGNMENT,2026-08-09T09:12:31+00:00,UNALLOCATED,,,,,
SLCMP2607-2296,2296,2296,794112521,2^794112521-1,STRUCTURAL_SCREEN_EXHAUSTED_PRIMALITY_UNASSIGNED,GF3A_DIRECTIONAL_WRITE_EXHAUSTED_PRIMALITY_UNASSIGNED,513,512,512,NO_RECORDED_FACTOR_PRP_OR_LL_RESULT_AND_NO_ACTIVE_GIMPS_ASSIGNMENT,2026-08-09T09:12:31+00:00,UNALLOCATED,,,,,
SLCMP2607-2297,2297,2297,794112541,2^794112541-1,STRUCTURAL_SCREEN_EXHAUSTED_PRIMALITY_UNASSIGNED,GF3A_DIRECTIONAL_WRITE_EXHAUSTED_PRIMALITY_UNASSIGNED,513,512,512,NO_RECORDED_FACTOR_PRP_OR_LL_RESULT_AND_NO_ACTIVE_GIMPS_ASSIGNMENT,2026-08-09T09:12:31+00:00,UNALLOCATED,,,,,
SLCMP2607-2298,2298,2298,794112577,2^794112577-1,STRUCTURAL_SCREEN_EXHAUSTED_PRIMALITY_UNASSIGNED,GF3A_DIRECTIONAL_WRITE_EXHAUSTED_PRIMALITY_UNASSIGNED,513,512,512,NO_RECORDED_FACTOR_PRP_OR_LL_RESULT_AND_NO_ACTIVE_GIMPS_ASSIGNMENT,2026-08-09T09:12:31+00:00,UNALLOCATED,,,,,
SLCMP2607-2299,2299,2299,794112643,2^794112643-1,STRUCTURAL_SCREEN_EXHAUSTED_PRIMALITY_UNASSIGNED,GF3A_DIRECTIONAL_WRITE_EXHAUSTED_PRIMALITY_UNASSIGNED,514,512,512,NO_RECORDED_FACTOR_PRP_OR_LL_RESULT_AND_NO_ACTIVE_GIMPS_ASSIGNMENT,2026-08-09T09:12:31+00:00,UNALLOCATED,,,,,
SLCMP2607-2300,2300,2300,794112659,2^794112659-1,STRUCTURAL_SCREEN_EXHAUSTED_PRIMALITY_UNASSIGNED,GF3A_DIRECTIONAL_WRITE_EXHAUSTED_PRIMALITY_UNASSIGNED,514,512,512,NO_RECORDED_FACTOR_PRP_OR_LL_RESULT_AND_NO_ACTIVE_GIMPS_ASSIGNMENT,2026-08-09T09:12:31+00:00,UNALLOCATED,,,,,
SLCMP2607-2301,2301,2301,794112673,2^794112673-1,STRUCTURAL_SCREEN_EXHAUSTED_PRIMALITY_UNASSIGNED,GF3A_DIRECTIONAL_WRITE_EXHAUSTED_PRIMALITY_UNASSIGNED,513,512,512,NO_RECORDED_FACTOR_PRP_OR_LL_RESULT_AND_NO_ACTIVE_GIMPS_ASSIGNMENT,2026-08-09T09:12:31+00:00,UNALLOCATED,,,,,
SLCMP2607-2302,2302,2302,794112677,2^794112677-1,STRUCTURAL_SCREEN_EXHAUSTED_PRIMALITY_UNASSIGNED,GF3A_DIRECTIONAL_WRITE_EXHAUSTED_PRIMALITY_UNASSIGNED,513,512,512,NO_RECORDED_FACTOR_PRP_OR_LL_RESULT_AND_NO_ACTIVE_GIMPS_ASSIGNMENT,2026-08-09T09:12:31+00:00,UNALLOCATED,,,,,
SLCMP2607-2303,2303,2303,794112749,2^794112749-1,STRUCTURAL_SCREEN_EXHAUSTED_PRIMALITY_UNASSIGNED,GF3A_DIRECTIONAL_WRITE_EXHAUSTED_PRIMALITY_UNASSIGNED,513,512,512,NO_RECORDED_FACTOR_PRP_OR_LL_RESULT_AND_NO_ACTIVE_GIMPS_ASSIGNMENT,2026-08-09T09:12:31+00:00,UNALLOCATED,,,,,
SLCMP2607-2304,2304,2304,794112773,2^794112773-1,STRUCTURAL_SCREEN_EXHAUSTED_PRIMALITY_UNASSIGNED,GF3A_DIRECTIONAL_WRITE_EXHAUSTED_PRIMALITY_UNASSIGNED,513,512,512,NO_RECORDED_FACTOR_PRP_OR_LL_RESULT_AND_NO_ACTIVE_GIMPS_ASSIGNMENT,2026-08-09T09:12:31+00:00,UNALLOCATED,,,,,
SLCMP2607-2305,2305,2305,794112821,2^794112821-1,STRUCTURAL_SCREEN_EXHAUSTED_PRIMALITY_UNASSIGNED,GF3A_DIRECTIONAL_WRITE_EXHAUSTED_PRIMALITY_UNASSIGNED,513,512,512,NO_RECORDED_FACTOR_PRP_OR_LL_RESULT_AND_NO_ACTIVE_GIMPS_ASSIGNMENT,2026-08-09T09:12:31+00:00,UNALLOCATED,,,,,
SLCMP2607-2306,2306,2306,794112827,2^794112827-1,STRUCTURAL_SCREEN_EXHAUSTED_PRIMALITY_UNASSIGNED,GF3A_DIRECTIONAL_WRITE_EXHAUSTED_PRIMALITY_UNASSIGNED,514,512,512,NO_RECORDED_FACTOR_PRP_OR_LL_RESULT_AND_NO_ACTIVE_GIMPS_ASSIGNMENT,2026-08-09T09:12:31+00:00,UNALLOCATED,,,,,
SLCMP2607-2307,2307,2307,794112937,2^794112937-1,STRUCTURAL_SCREEN_EXHAUSTED_PRIMALITY_UNASSIGNED,GF3A_DIRECTIONAL_WRITE_EXHAUSTED_PRIMALITY_UNASSIGNED,513,512,512,NO_RECORDED_FACTOR_PRP_OR_LL_RESULT_AND_NO_ACTIVE_GIMPS_ASSIGNMENT,2026-08-09T09:12:31+00:00,UNALLOCATED,,,,,
SLCMP2607-2308,2308,2308,794112947,2^794112947-1,STRUCTURAL_SCREEN_EXHAUSTED_PRIMALITY_UNASSIGNED,GF3A_DIRECTIONAL_WRITE_EXHAUSTED_PRIMALITY_UNASSIGNED,514,512,512,NO_RECORDED_FACTOR_PRP_OR_LL_RESULT_AND_NO_ACTIVE_GIMPS_ASSIGNMENT,2026-08-09T09:12:31+00:00,UNALLOCATED,,,,,
SLCMP2607-2309,2309,2309,794112953,2^794112953-1,STRUCTURAL_SCREEN_EXHAUSTED_PRIMALITY_UNASSIGNED,GF3A_DIRECTIONAL_WRITE_EXHAUSTED_PRIMALITY_UNASSIGNED,513,512,512,NO_RECORDED_FACTOR_PRP_OR_LL_RESULT_AND_NO_ACTIVE_GIMPS_ASSIGNMENT,2026-08-09T09:12:31+00:00,UNALLOCATED,,,,,
SLCMP2607-2310,2310,2310,794112967,2^794112967-1,STRUCTURAL_SCREEN_EXHAUSTED_PRIMALITY_UNASSIGNED,GF3A_DIRECTIONAL_WRITE_EXHAUSTED_PRIMALITY_UNASSIGNED,514,512,512,NO_RECORDED_FACTOR_PRP_OR_LL_RESULT_AND_NO_ACTIVE_GIMPS_ASSIGNMENT,2026-08-09T09:12:31+00:00,UNALLOCATED,,,,,
SLCMP2607-2311,2311,2311,794113039,2^794113039-1,STRUCTURAL_SCREEN_EXHAUSTED_PRIMALITY_UNASSIGNED,GF3A_DIRECTIONAL_WRITE_EXHAUSTED_PRIMALITY_UNASSIGNED,514,512,512,NO_RECORDED_FACTOR_PRP_OR_LL_RESULT_AND_NO_ACTIVE_GIMPS_ASSIGNMENT,2026-08-09T09:12:31+00:00,UNALLOCATED,,,,,
SLCMP2607-2312,2312,2312,794113079,2^794113079-1,STRUCTURAL_SCREEN_EXHAUSTED_PRIMALITY_UNASSIGNED,GF3A_DIRECTIONAL_WRITE_EXHAUSTED_PRIMALITY_UNASSIGNED,514,512,512,NO_RECORDED_FACTOR_PRP_OR_LL_RESULT_AND_NO_ACTIVE_GIMPS_ASSIGNMENT,2026-08-09T09:12:31+00:00,UNALLOCATED,,,,,
SLCMP2607-2313,2313,2313,794113097,2^794113097-1,STRUCTURAL_SCREEN_EXHAUSTED_PRIMALITY_UNASSIGNED,GF3A_DIRECTIONAL_WRITE_EXHAUSTED_PRIMALITY_UNASSIGNED,513,512,512,NO_RECORDED_FACTOR_PRP_OR_LL_RESULT_AND_NO_ACTIVE_GIMPS_ASSIGNMENT,2026-08-09T09:12:31+00:00,UNALLOCATED,,,,,
SLCMP2607-2314,2314,2314,794113141,2^794113141-1,STRUCTURAL_SCREEN_EXHAUSTED_PRIMALITY_UNASSIGNED,GF3A_DIRECTIONAL_WRITE_EXHAUSTED_PRIMALITY_UNASSIGNED,513,512,512,NO_RECORDED_FACTOR_PRP_OR_LL_RESULT_AND_NO_ACTIVE_GIMPS_ASSIGNMENT,2026-08-09T09:12:31+00:00,UNALLOCATED,,,,,
SLCMP2607-2315,2315,2315,794113171,2^794113171-1,STRUCTURAL_SCREEN_EXHAUSTED_PRIMALITY_UNASSIGNED,GF3A_DIRECTIONAL_WRITE_EXHAUSTED_PRIMALITY_UNASSIGNED,514,512,512,NO_RECORDED_FACTOR_PRP_OR_LL_RESULT_AND_NO_ACTIVE_GIMPS_ASSIGNMENT,2026-08-09T09:12:31+00:00,UNALLOCATED,,,,,
SLCMP2607-2316,2316,2316,794113237,2^794113237-1,STRUCTURAL_SCREEN_EXHAUSTED_PRIMALITY_UNASSIGNED,GF3A_DIRECTIONAL_WRITE_EXHAUSTED_PRIMALITY_UNASSIGNED,513,512,512,NO_RECORDED_FACTOR_PRP_OR_LL_RESULT_AND_NO_ACTIVE_GIMPS_ASSIGNMENT,2026-08-09T09:12:31+00:00,UNALLOCATED,,,,,
SLCMP2607-2317,2317,2317,794113241,2^794113241-1,STRUCTURAL_SCREEN_EXHAUSTED_PRIMALITY_UNASSIGNED,GF3A_DIRECTIONAL_WRITE_EXHAUSTED_PRIMALITY_UNASSIGNED,513,512,512,NO_RECORDED_FACTOR_PRP_OR_LL_RESULT_AND_NO_ACTIVE_GIMPS_ASSIGNMENT,2026-08-09T09:12:31+00:00,UNALLOCATED,,,,,
SLCMP2607-2318,2318,2318,794113289,2^794113289-1,STRUCTURAL_SCREEN_EXHAUSTED_PRIMALITY_UNASSIGNED,GF3A_DIRECTIONAL_WRITE_EXHAUSTED_PRIMALITY_UNASSIGNED,513,512,512,NO_RECORDED_FACTOR_PRP_OR_LL_RESULT_AND_NO_ACTIVE_GIMPS_ASSIGNMENT,2026-08-09T09:12:31+00:00,UNALLOCATED,,,,,
SLCMP2607-2319,2319,2319,794113337,2^794113337-1,STRUCTURAL_SCREEN_EXHAUSTED_PRIMALITY_UNASSIGNED,GF3A_DIRECTIONAL_WRITE_EXHAUSTED_PRIMALITY_UNASSIGNED,513,512,512,NO_RECORDED_FACTOR_PRP_OR_LL_RESULT_AND_NO_ACTIVE_GIMPS_ASSIGNMENT,2026-08-09T09:12:31+00:00,UNALLOCATED,,,,,
SLCMP2607-2320,2320,2320,794113339,2^794113339-1,STRUCTURAL_SCREEN_EXHAUSTED_PRIMALITY_UNASSIGNED,GF3A_DIRECTIONAL_WRITE_EXHAUSTED_PRIMALITY_UNASSIGNED,514,512,512,NO_RECORDED_FACTOR_PRP_OR_LL_RESULT_AND_NO_ACTIVE_GIMPS_ASSIGNMENT,2026-08-09T09:12:31+00:00,UNALLOCATED,,,,,
SLCMP2607-2321,2321,2321,794113561,2^794113561-1,STRUCTURAL_SCREEN_EXHAUSTED_PRIMALITY_UNASSIGNED,GF3A_DIRECTIONAL_WRITE_EXHAUSTED_PRIMALITY_UNASSIGNED,513,512,512,NO_RECORDED_FACTOR_PRP_OR_LL_RESULT_AND_NO_ACTIVE_GIMPS_ASSIGNMENT,2026-08-09T09:12:31+00:00,UNALLOCATED,,,,,
SLCMP2607-2322,2322,2322,794113597,2^794113597-1,STRUCTURAL_SCREEN_EXHAUSTED_PRIMALITY_UNASSIGNED,GF3A_DIRECTIONAL_WRITE_EXHAUSTED_PRIMALITY_UNASSIGNED,513,512,512,NO_RECORDED_FACTOR_PRP_OR_LL_RESULT_AND_NO_ACTIVE_GIMPS_ASSIGNMENT,2026-08-09T09:12:31+00:00,UNALLOCATED,,,,,
SLCMP2607-2323,2323,2323,794113651,2^794113651-1,STRUCTURAL_SCREEN_EXHAUSTED_PRIMALITY_UNASSIGNED,GF3A_DIRECTIONAL_WRITE_EXHAUSTED_PRIMALITY_UNASSIGNED,514,512,512,NO_RECORDED_FACTOR_PRP_OR_LL_RESULT_AND_NO_ACTIVE_GIMPS_ASSIGNMENT,2026-08-09T09:12:31+00:00,UNALLOCATED,,,,,
SLCMP2607-2324,2324,2324,794113711,2^794113711-1,STRUCTURAL_SCREEN_EXHAUSTED_PRIMALITY_UNASSIGNED,GF3A_DIRECTIONAL_WRITE_EXHAUSTED_PRIMALITY_UNASSIGNED,514,512,512,NO_RECORDED_FACTOR_PRP_OR_LL_RESULT_AND_NO_ACTIVE_GIMPS_ASSIGNMENT,2026-08-09T09:12:31+00:00,UNALLOCATED,,,,,
SLCMP2607-2325,2325,2325,794113841,2^794113841-1,STRUCTURAL_SCREEN_EXHAUSTED_PRIMALITY_UNASSIGNED,GF3A_DIRECTIONAL_WRITE_EXHAUSTED_PRIMALITY_UNASSIGNED,513,512,512,NO_RECORDED_FACTOR_PRP_OR_LL_RESULT_AND_NO_ACTIVE_GIMPS_ASSIGNMENT,2026-08-09T09:12:31+00:00,UNALLOCATED,,,,,
SLCMP2607-2326,2326,2326,794113861,2^794113861-1,STRUCTURAL_SCREEN_EXHAUSTED_PRIMALITY_UNASSIGNED,GF3A_DIRECTIONAL_WRITE_EXHAUSTED_PRIMALITY_UNASSIGNED,513,512,512,NO_RECORDED_FACTOR_PRP_OR_LL_RESULT_AND_NO_ACTIVE_GIMPS_ASSIGNMENT,2026-08-09T09:12:31+00:00,UNALLOCATED,,,,,
SLCMP2607-2327,2327,2327,794113909,2^794113909-1,STRUCTURAL_SCREEN_EXHAUSTED_PRIMALITY_UNASSIGNED,GF3A_DIRECTIONAL_WRITE_EXHAUSTED_PRIMALITY_UNASSIGNED,513,512,512,NO_RECORDED_FACTOR_PRP_OR_LL_RESULT_AND_NO_ACTIVE_GIMPS_ASSIGNMENT,2026-08-09T09:12:31+00:00,UNALLOCATED,,,,,
SLCMP2607-2328,2328,2328,794113919,2^794113919-1,STRUCTURAL_SCREEN_EXHAUSTED_PRIMALITY_UNASSIGNED,GF3A_DIRECTIONAL_WRITE_EXHAUSTED_PRIMALITY_UNASSIGNED,514,512,512,NO_RECORDED_FACTOR_PRP_OR_LL_RESULT_AND_NO_ACTIVE_GIMPS_ASSIGNMENT,2026-08-09T09:12:31+00:00,UNALLOCATED,,,,,
SLCMP2607-2329,2329,2329,794113933,2^794113933-1,STRUCTURAL_SCREEN_EXHAUSTED_PRIMALITY_UNASSIGNED,GF3A_DIRECTIONAL_WRITE_EXHAUSTED_PRIMALITY_UNASSIGNED,513,512,512,NO_RECORDED_FACTOR_PRP_OR_LL_RESULT_AND_NO_ACTIVE_GIMPS_ASSIGNMENT,2026-08-09T09:12:31+00:00,UNALLOCATED,,,,,
SLCMP2607-2330,2330,2330,794113937,2^794113937-1,STRUCTURAL_SCREEN_EXHAUSTED_PRIMALITY_UNASSIGNED,GF3A_DIRECTIONAL_WRITE_EXHAUSTED_PRIMALITY_UNASSIGNED,513,512,512,NO_RECORDED_FACTOR_PRP_OR_LL_RESULT_AND_NO_ACTIVE_GIMPS_ASSIGNMENT,2026-08-09T09:12:31+00:00,UNALLOCATED,,,,,
SLCMP2607-2331,2331,2331,794113951,2^794113951-1,STRUCTURAL_SCREEN_EXHAUSTED_PRIMALITY_UNASSIGNED,GF3A_DIRECTIONAL_WRITE_EXHAUSTED_PRIMALITY_UNASSIGNED,514,512,512,NO_RECORDED_FACTOR_PRP_OR_LL_RESULT_AND_NO_ACTIVE_GIMPS_ASSIGNMENT,2026-08-09T09:12:31+00:00,UNALLOCATED,,,,,
SLCMP2607-2332,2332,2332,794113973,2^794113973-1,STRUCTURAL_SCREEN_EXHAUSTED_PRIMALITY_UNASSIGNED,GF3A_DIRECTIONAL_WRITE_EXHAUSTED_PRIMALITY_UNASSIGNED,513,512,512,NO_RECORDED_FACTOR_PRP_OR_LL_RESULT_AND_NO_ACTIVE_GIMPS_ASSIGNMENT,2026-08-09T09:12:31+00:00,UNALLOCATED,,,,,
SLCMP2607-2333,2333,2333,794114003,2^794114003-1,STRUCTURAL_SCREEN_EXHAUSTED_PRIMALITY_UNASSIGNED,GF3A_DIRECTIONAL_WRITE_EXHAUSTED_PRIMALITY_UNASSIGNED,514,512,512,NO_RECORDED_FACTOR_PRP_OR_LL_RESULT_AND_NO_ACTIVE_GIMPS_ASSIGNMENT,2026-08-09T09:12:31+00:00,UNALLOCATED,,,,,
SLCMP2607-2334,2334,2334,794114107,2^794114107-1,STRUCTURAL_SCREEN_EXHAUSTED_PRIMALITY_UNASSIGNED,GF3A_DIRECTIONAL_WRITE_EXHAUSTED_PRIMALITY_UNASSIGNED,514,512,512,NO_RECORDED_FACTOR_PRP_OR_LL_RESULT_AND_NO_ACTIVE_GIMPS_ASSIGNMENT,2026-08-09T09:12:31+00:00,UNALLOCATED,,,,,
SLCMP2607-2335,2335,2335,794114147,2^794114147-1,STRUCTURAL_SCREEN_EXHAUSTED_PRIMALITY_UNASSIGNED,GF3A_DIRECTIONAL_WRITE_EXHAUSTED_PRIMALITY_UNASSIGNED,514,512,512,NO_RECORDED_FACTOR_PRP_OR_LL_RESULT_AND_NO_ACTIVE_GIMPS_ASSIGNMENT,2026-08-09T09:12:31+00:00,UNALLOCATED,,,,,
SLCMP2607-2336,2336,2336,794114179,2^794114179-1,STRUCTURAL_SCREEN_EXHAUSTED_PRIMALITY_UNASSIGNED,GF3A_DIRECTIONAL_WRITE_EXHAUSTED_PRIMALITY_UNASSIGNED,514,512,512,NO_RECORDED_FACTOR_PRP_OR_LL_RESULT_AND_NO_ACTIVE_GIMPS_ASSIGNMENT,2026-08-09T09:12:31+00:00,UNALLOCATED,,,,,
SLCMP2607-2337,2337,2337,794114219,2^794114219-1,STRUCTURAL_SCREEN_EXHAUSTED_PRIMALITY_UNASSIGNED,GF3A_DIRECTIONAL_WRITE_EXHAUSTED_PRIMALITY_UNASSIGNED,514,512,512,NO_RECORDED_FACTOR_PRP_OR_LL_RESULT_AND_NO_ACTIVE_GIMPS_ASSIGNMENT,2026-08-09T09:12:31+00:00,UNALLOCATED,,,,,
SLCMP2607-2338,2338,2338,794114249,2^794114249-1,STRUCTURAL_SCREEN_EXHAUSTED_PRIMALITY_UNASSIGNED,GF3A_DIRECTIONAL_WRITE_EXHAUSTED_PRIMALITY_UNASSIGNED,513,512,512,NO_RECORDED_FACTOR_PRP_OR_LL_RESULT_AND_NO_ACTIVE_GIMPS_ASSIGNMENT,2026-08-09T09:12:31+00:00,UNALLOCATED,,,,,
SLCMP2607-2339,2339,2339,794114257,2^794114257-1,STRUCTURAL_SCREEN_EXHAUSTED_PRIMALITY_UNASSIGNED,GF3A_DIRECTIONAL_WRITE_EXHAUSTED_PRIMALITY_UNASSIGNED,513,512,512,NO_RECORDED_FACTOR_PRP_OR_LL_RESULT_AND_NO_ACTIVE_GIMPS_ASSIGNMENT,2026-08-09T09:12:31+00:00,UNALLOCATED,,,,,
SLCMP2607-2340,2340,2340,794114357,2^794114357-1,STRUCTURAL_SCREEN_EXHAUSTED_PRIMALITY_UNASSIGNED,GF3A_DIRECTIONAL_WRITE_EXHAUSTED_PRIMALITY_UNASSIGNED,513,512,512,NO_RECORDED_FACTOR_PRP_OR_LL_RESULT_AND_NO_ACTIVE_GIMPS_ASSIGNMENT,2026-08-09T09:12:31+00:00,UNALLOCATED,,,,,
SLCMP2607-2341,2341,2341,794114687,2^794114687-1,STRUCTURAL_SCREEN_EXHAUSTED_PRIMALITY_UNASSIGNED,GF3A_DIRECTIONAL_WRITE_EXHAUSTED_PRIMALITY_UNASSIGNED,514,512,512,NO_RECORDED_FACTOR_PRP_OR_LL_RESULT_AND_NO_ACTIVE_GIMPS_ASSIGNMENT,2026-08-09T09:12:31+00:00,UNALLOCATED,,,,,
SLCMP2607-2342,2342,2342,794114719,2^794114719-1,STRUCTURAL_SCREEN_EXHAUSTED_PRIMALITY_UNASSIGNED,GF3A_DIRECTIONAL_WRITE_EXHAUSTED_PRIMALITY_UNASSIGNED,514,512,512,NO_RECORDED_FACTOR_PRP_OR_LL_RESULT_AND_NO_ACTIVE_GIMPS_ASSIGNMENT,2026-08-09T09:12:31+00:00,UNALLOCATED,,,,,
SLCMP2607-2343,2343,2343,794114723,2^794114723-1,STRUCTURAL_SCREEN_EXHAUSTED_PRIMALITY_UNASSIGNED,GF3A_DIRECTIONAL_WRITE_EXHAUSTED_PRIMALITY_UNASSIGNED,514,512,512,NO_RECORDED_FACTOR_PRP_OR_LL_RESULT_AND_NO_ACTIVE_GIMPS_ASSIGNMENT,2026-08-09T09:12:31+00:00,UNALLOCATED,,,,,
SLCMP2607-2344,2344,2344,794114749,2^794114749-1,STRUCTURAL_SCREEN_EXHAUSTED_PRIMALITY_UNASSIGNED,GF3A_DIRECTIONAL_WRITE_EXHAUSTED_PRIMALITY_UNASSIGNED,513,512,512,NO_RECORDED_FACTOR_PRP_OR_LL_RESULT_AND_NO_ACTIVE_GIMPS_ASSIGNMENT,2026-08-09T09:12:31+00:00,UNALLOCATED,,,,,
SLCMP2607-2345,2345,2345,794114803,2^794114803-1,STRUCTURAL_SCREEN_EXHAUSTED_PRIMALITY_UNASSIGNED,GF3A_DIRECTIONAL_WRITE_EXHAUSTED_PRIMALITY_UNASSIGNED,514,512,512,NO_RECORDED_FACTOR_PRP_OR_LL_RESULT_AND_NO_ACTIVE_GIMPS_ASSIGNMENT,2026-08-09T09:12:31+00:00,UNALLOCATED,,,,,
SLCMP2607-2346,2346,2346,794115073,2^794115073-1,STRUCTURAL_SCREEN_EXHAUSTED_PRIMALITY_UNASSIGNED,GF3A_DIRECTIONAL_WRITE_EXHAUSTED_PRIMALITY_UNASSIGNED,513,512,512,NO_RECORDED_FACTOR_PRP_OR_LL_RESULT_AND_NO_ACTIVE_GIMPS_ASSIGNMENT,2026-08-09T09:12:31+00:00,UNALLOCATED,,,,,
SLCMP2607-2347,2347,2347,794115079,2^794115079-1,STRUCTURAL_SCREEN_EXHAUSTED_PRIMALITY_UNASSIGNED,GF3A_DIRECTIONAL_WRITE_EXHAUSTED_PRIMALITY_UNASSIGNED,514,512,512,NO_RECORDED_FACTOR_PRP_OR_LL_RESULT_AND_NO_ACTIVE_GIMPS_ASSIGNMENT,2026-08-09T09:12:31+00:00,UNALLOCATED,,,,,
SLCMP2607-2348,2348,2348,794115083,2^794115083-1,STRUCTURAL_SCREEN_EXHAUSTED_PRIMALITY_UNASSIGNED,GF3A_DIRECTIONAL_WRITE_EXHAUSTED_PRIMALITY_UNASSIGNED,514,512,512,NO_RECORDED_FACTOR_PRP_OR_LL_RESULT_AND_NO_ACTIVE_GIMPS_ASSIGNMENT,2026-08-09T09:12:31+00:00,UNALLOCATED,,,,,
SLCMP2607-2349,2349,2349,794115131,2^794115131-1,STRUCTURAL_SCREEN_EXHAUSTED_PRIMALITY_UNASSIGNED,GF3A_DIRECTIONAL_WRITE_EXHAUSTED_PRIMALITY_UNASSIGNED,514,512,512,NO_RECORDED_FACTOR_PRP_OR_LL_RESULT_AND_NO_ACTIVE_GIMPS_ASSIGNMENT,2026-08-09T09:12:31+00:00,UNALLOCATED,,,,,
SLCMP2607-2350,2350,2350,794115139,2^794115139-1,STRUCTURAL_SCREEN_EXHAUSTED_PRIMALITY_UNASSIGNED,GF3A_DIRECTIONAL_WRITE_EXHAUSTED_PRIMALITY_UNASSIGNED,514,512,512,NO_RECORDED_FACTOR_PRP_OR_LL_RESULT_AND_NO_ACTIVE_GIMPS_ASSIGNMENT,2026-08-09T09:12:31+00:00,UNALLOCATED,,,,,
SLCMP2607-2351,2351,2351,794115143,2^794115143-1,STRUCTURAL_SCREEN_EXHAUSTED_PRIMALITY_UNASSIGNED,GF3A_DIRECTIONAL_WRITE_EXHAUSTED_PRIMALITY_UNASSIGNED,514,512,512,NO_RECORDED_FACTOR_PRP_OR_LL_RESULT_AND_NO_ACTIVE_GIMPS_ASSIGNMENT,2026-08-09T09:12:31+00:00,UNALLOCATED,,,,,
SLCMP2607-2352,2352,2352,794115173,2^794115173-1,STRUCTURAL_SCREEN_EXHAUSTED_PRIMALITY_UNASSIGNED,GF3A_DIRECTIONAL_WRITE_EXHAUSTED_PRIMALITY_UNASSIGNED,513,512,512,NO_RECORDED_FACTOR_PRP_OR_LL_RESULT_AND_NO_ACTIVE_GIMPS_ASSIGNMENT,2026-08-09T09:12:31+00:00,UNALLOCATED,,,,,
SLCMP2607-2353,2353,2353,794115211,2^794115211-1,STRUCTURAL_SCREEN_EXHAUSTED_PRIMALITY_UNASSIGNED,GF3A_DIRECTIONAL_WRITE_EXHAUSTED_PRIMALITY_UNASSIGNED,514,512,512,NO_RECORDED_FACTOR_PRP_OR_LL_RESULT_AND_NO_ACTIVE_GIMPS_ASSIGNMENT,2026-08-09T09:12:31+00:00,UNALLOCATED,,,,,
SLCMP2607-2354,2354,2354,794115233,2^794115233-1,STRUCTURAL_SCREEN_EXHAUSTED_PRIMALITY_UNASSIGNED,GF3A_DIRECTIONAL_WRITE_EXHAUSTED_PRIMALITY_UNASSIGNED,513,512,512,NO_RECORDED_FACTOR_PRP_OR_LL_RESULT_AND_NO_ACTIVE_GIMPS_ASSIGNMENT,2026-08-09T09:12:31+00:00,UNALLOCATED,,,,,
SLCMP2607-2355,2355,2355,794115239,2^794115239-1,STRUCTURAL_SCREEN_EXHAUSTED_PRIMALITY_UNASSIGNED,GF3A_DIRECTIONAL_WRITE_EXHAUSTED_PRIMALITY_UNASSIGNED,514,512,512,NO_RECORDED_FACTOR_PRP_OR_LL_RESULT_AND_NO_ACTIVE_GIMPS_ASSIGNMENT,2026-08-09T09:12:31+00:00,UNALLOCATED,,,,,
SLCMP2607-2356,2356,2356,794115253,2^794115253-1,STRUCTURAL_SCREEN_EXHAUSTED_PRIMALITY_UNASSIGNED,GF3A_DIRECTIONAL_WRITE_EXHAUSTED_PRIMALITY_UNASSIGNED,513,512,512,NO_RECORDED_FACTOR_PRP_OR_LL_RESULT_AND_NO_ACTIVE_GIMPS_ASSIGNMENT,2026-08-09T09:12:31+00:00,UNALLOCATED,,,,,
SLCMP2607-2357,2357,2357,794115269,2^794115269-1,STRUCTURAL_SCREEN_EXHAUSTED_PRIMALITY_UNASSIGNED,GF3A_DIRECTIONAL_WRITE_EXHAUSTED_PRIMALITY_UNASSIGNED,513,512,512,NO_RECORDED_FACTOR_PRP_OR_LL_RESULT_AND_NO_ACTIVE_GIMPS_ASSIGNMENT,2026-08-09T09:12:31+00:00,UNALLOCATED,,,,,
SLCMP2607-2358,2358,2358,794115367,2^794115367-1,STRUCTURAL_SCREEN_EXHAUSTED_PRIMALITY_UNASSIGNED,GF3A_DIRECTIONAL_WRITE_EXHAUSTED_PRIMALITY_UNASSIGNED,514,512,512,NO_RECORDED_FACTOR_PRP_OR_LL_RESULT_AND_NO_ACTIVE_GIMPS_ASSIGNMENT,2026-08-09T09:12:31+00:00,UNALLOCATED,,,,,
SLCMP2607-2359,2359,2359,794115383,2^794115383-1,STRUCTURAL_SCREEN_EXHAUSTED_PRIMALITY_UNASSIGNED,GF3A_DIRECTIONAL_WRITE_EXHAUSTED_PRIMALITY_UNASSIGNED,514,512,512,NO_RECORDED_FACTOR_PRP_OR_LL_RESULT_AND_NO_ACTIVE_GIMPS_ASSIGNMENT,2026-08-09T09:12:31+00:00,UNALLOCATED,,,,,
SLCMP2607-2360,2360,2360,794115391,2^794115391-1,STRUCTURAL_SCREEN_EXHAUSTED_PRIMALITY_UNASSIGNED,GF3A_DIRECTIONAL_WRITE_EXHAUSTED_PRIMALITY_UNASSIGNED,514,512,512,NO_RECORDED_FACTOR_PRP_OR_LL_RESULT_AND_NO_ACTIVE_GIMPS_ASSIGNMENT,2026-08-09T09:12:31+00:00,UNALLOCATED,,,,,
SLCMP2607-2361,2361,2361,794115463,2^794115463-1,STRUCTURAL_SCREEN_EXHAUSTED_PRIMALITY_UNASSIGNED,GF3A_DIRECTIONAL_WRITE_EXHAUSTED_PRIMALITY_UNASSIGNED,514,512,512,NO_RECORDED_FACTOR_PRP_OR_LL_RESULT_AND_NO_ACTIVE_GIMPS_ASSIGNMENT,2026-08-09T09:12:31+00:00,UNALLOCATED,,,,,
SLCMP2607-2362,2362,2362,794115481,2^794115481-1,STRUCTURAL_SCREEN_EXHAUSTED_PRIMALITY_UNASSIGNED,GF3A_DIRECTIONAL_WRITE_EXHAUSTED_PRIMALITY_UNASSIGNED,513,512,512,NO_RECORDED_FACTOR_PRP_OR_LL_RESULT_AND_NO_ACTIVE_GIMPS_ASSIGNMENT,2026-08-09T09:12:31+00:00,UNALLOCATED,,,,,
SLCMP2607-2363,2363,2363,794115533,2^794115533-1,STRUCTURAL_SCREEN_EXHAUSTED_PRIMALITY_UNASSIGNED,GF3A_DIRECTIONAL_WRITE_EXHAUSTED_PRIMALITY_UNASSIGNED,513,512,512,NO_RECORDED_FACTOR_PRP_OR_LL_RESULT_AND_NO_ACTIVE_GIMPS_ASSIGNMENT,2026-08-09T09:12:31+00:00,UNALLOCATED,,,,,
SLCMP2607-2364,2364,2364,794115649,2^794115649-1,STRUCTURAL_SCREEN_EXHAUSTED_PRIMALITY_UNASSIGNED,GF3A_DIRECTIONAL_WRITE_EXHAUSTED_PRIMALITY_UNASSIGNED,513,512,512,NO_RECORDED_FACTOR_PRP_OR_LL_RESULT_AND_NO_ACTIVE_GIMPS_ASSIGNMENT,2026-08-09T09:12:31+00:00,UNALLOCATED,,,,,
SLCMP2607-2365,2365,2365,794115667,2^794115667-1,STRUCTURAL_SCREEN_EXHAUSTED_PRIMALITY_UNASSIGNED,GF3A_DIRECTIONAL_WRITE_EXHAUSTED_PRIMALITY_UNASSIGNED,514,512,512,NO_RECORDED_FACTOR_PRP_OR_LL_RESULT_AND_NO_ACTIVE_GIMPS_ASSIGNMENT,2026-08-09T09:12:31+00:00,UNALLOCATED,,,,,
SLCMP2607-2366,2366,2366,794115739,2^794115739-1,STRUCTURAL_SCREEN_EXHAUSTED_PRIMALITY_UNASSIGNED,GF3A_DIRECTIONAL_WRITE_EXHAUSTED_PRIMALITY_UNASSIGNED,514,512,512,NO_RECORDED_FACTOR_PRP_OR_LL_RESULT_AND_NO_ACTIVE_GIMPS_ASSIGNMENT,2026-08-09T09:12:31+00:00,UNALLOCATED,,,,,
SLCMP2607-2367,2367,2367,794115799,2^794115799-1,STRUCTURAL_SCREEN_EXHAUSTED_PRIMALITY_UNASSIGNED,GF3A_DIRECTIONAL_WRITE_EXHAUSTED_PRIMALITY_UNASSIGNED,514,512,512,NO_RECORDED_FACTOR_PRP_OR_LL_RESULT_AND_NO_ACTIVE_GIMPS_ASSIGNMENT,2026-08-09T09:12:31+00:00,UNALLOCATED,,,,,
SLCMP2607-2368,2368,2368,794115851,2^794115851-1,STRUCTURAL_SCREEN_EXHAUSTED_PRIMALITY_UNASSIGNED,GF3A_DIRECTIONAL_WRITE_EXHAUSTED_PRIMALITY_UNASSIGNED,514,512,512,NO_RECORDED_FACTOR_PRP_OR_LL_RESULT_AND_NO_ACTIVE_GIMPS_ASSIGNMENT,2026-08-09T09:12:31+00:00,UNALLOCATED,,,,,
SLCMP2607-2369,2369,2369,794115859,2^794115859-1,STRUCTURAL_SCREEN_EXHAUSTED_PRIMALITY_UNASSIGNED,GF3A_DIRECTIONAL_WRITE_EXHAUSTED_PRIMALITY_UNASSIGNED,514,512,512,NO_RECORDED_FACTOR_PRP_OR_LL_RESULT_AND_NO_ACTIVE_GIMPS_ASSIGNMENT,2026-08-09T09:12:31+00:00,UNALLOCATED,,,,,
SLCMP2607-2370,2370,2370,794115877,2^794115877-1,STRUCTURAL_SCREEN_EXHAUSTED_PRIMALITY_UNASSIGNED,GF3A_DIRECTIONAL_WRITE_EXHAUSTED_PRIMALITY_UNASSIGNED,513,512,512,NO_RECORDED_FACTOR_PRP_OR_LL_RESULT_AND_NO_ACTIVE_GIMPS_ASSIGNMENT,2026-08-09T09:12:31+00:00,UNALLOCATED,,,,,
SLCMP2607-2371,2371,2371,794115953,2^794115953-1,STRUCTURAL_SCREEN_EXHAUSTED_PRIMALITY_UNASSIGNED,GF3A_DIRECTIONAL_WRITE_EXHAUSTED_PRIMALITY_UNASSIGNED,513,512,512,NO_RECORDED_FACTOR_PRP_OR_LL_RESULT_AND_NO_ACTIVE_GIMPS_ASSIGNMENT,2026-08-09T09:12:31+00:00,UNALLOCATED,,,,,
SLCMP2607-2372,2372,2372,794115997,2^794115997-1,STRUCTURAL_SCREEN_EXHAUSTED_PRIMALITY_UNASSIGNED,GF3A_DIRECTIONAL_WRITE_EXHAUSTED_PRIMALITY_UNASSIGNED,513,512,512,NO_RECORDED_FACTOR_PRP_OR_LL_RESULT_AND_NO_ACTIVE_GIMPS_ASSIGNMENT,2026-08-09T09:12:31+00:00,UNALLOCATED,,,,,
SLCMP2607-2373,2373,2373,794116033,2^794116033-1,STRUCTURAL_SCREEN_EXHAUSTED_PRIMALITY_UNASSIGNED,GF3A_DIRECTIONAL_WRITE_EXHAUSTED_PRIMALITY_UNASSIGNED,513,512,512,NO_RECORDED_FACTOR_PRP_OR_LL_RESULT_AND_NO_ACTIVE_GIMPS_ASSIGNMENT,2026-08-09T09:12:31+00:00,UNALLOCATED,,,,,
SLCMP2607-2374,2374,2374,794116049,2^794116049-1,STRUCTURAL_SCREEN_EXHAUSTED_PRIMALITY_UNASSIGNED,GF3A_DIRECTIONAL_WRITE_EXHAUSTED_PRIMALITY_UNASSIGNED,513,512,512,NO_RECORDED_FACTOR_PRP_OR_LL_RESULT_AND_NO_ACTIVE_GIMPS_ASSIGNMENT,2026-08-09T09:12:31+00:00,UNALLOCATED,,,,,
SLCMP2607-2375,2375,2375,794116069,2^794116069-1,STRUCTURAL_SCREEN_EXHAUSTED_PRIMALITY_UNASSIGNED,GF3A_DIRECTIONAL_WRITE_EXHAUSTED_PRIMALITY_UNASSIGNED,513,512,512,NO_RECORDED_FACTOR_PRP_OR_LL_RESULT_AND_NO_ACTIVE_GIMPS_ASSIGNMENT,2026-08-09T09:12:31+00:00,UNALLOCATED,,,,,
SLCMP2607-2376,2376,2376,794116073,2^794116073-1,STRUCTURAL_SCREEN_EXHAUSTED_PRIMALITY_UNASSIGNED,GF3A_DIRECTIONAL_WRITE_EXHAUSTED_PRIMALITY_UNASSIGNED,513,512,512,NO_RECORDED_FACTOR_PRP_OR_LL_RESULT_AND_NO_ACTIVE_GIMPS_ASSIGNMENT,2026-08-09T09:12:31+00:00,UNALLOCATED,,,,,
SLCMP2607-2377,2377,2377,794116091,2^794116091-1,STRUCTURAL_SCREEN_EXHAUSTED_PRIMALITY_UNASSIGNED,GF3A_DIRECTIONAL_WRITE_EXHAUSTED_PRIMALITY_UNASSIGNED,514,512,512,NO_RECORDED_FACTOR_PRP_OR_LL_RESULT_AND_NO_ACTIVE_GIMPS_ASSIGNMENT,2026-08-09T09:12:31+00:00,UNALLOCATED,,,,,
SLCMP2607-2378,2378,2378,794116177,2^794116177-1,STRUCTURAL_SCREEN_EXHAUSTED_PRIMALITY_UNASSIGNED,GF3A_DIRECTIONAL_WRITE_EXHAUSTED_PRIMALITY_UNASSIGNED,513,512,512,NO_RECORDED_FACTOR_PRP_OR_LL_RESULT_AND_NO_ACTIVE_GIMPS_ASSIGNMENT,2026-08-09T09:12:31+00:00,UNALLOCATED,,,,,
SLCMP2607-2379,2379,2379,794116187,2^794116187-1,STRUCTURAL_SCREEN_EXHAUSTED_PRIMALITY_UNASSIGNED,GF3A_DIRECTIONAL_WRITE_EXHAUSTED_PRIMALITY_UNASSIGNED,514,512,512,NO_RECORDED_FACTOR_PRP_OR_LL_RESULT_AND_NO_ACTIVE_GIMPS_ASSIGNMENT,2026-08-09T09:12:31+00:00,UNALLOCATED,,,,,
SLCMP2607-2380,2380,2380,794116403,2^794116403-1,STRUCTURAL_SCREEN_EXHAUSTED_PRIMALITY_UNASSIGNED,GF3A_DIRECTIONAL_WRITE_EXHAUSTED_PRIMALITY_UNASSIGNED,514,512,512,NO_RECORDED_FACTOR_PRP_OR_LL_RESULT_AND_NO_ACTIVE_GIMPS_ASSIGNMENT,2026-08-09T09:12:31+00:00,UNALLOCATED,,,,,
SLCMP2607-2381,2381,2381,794116417,2^794116417-1,STRUCTURAL_SCREEN_EXHAUSTED_PRIMALITY_UNASSIGNED,GF3A_DIRECTIONAL_WRITE_EXHAUSTED_PRIMALITY_UNASSIGNED,513,512,512,NO_RECORDED_FACTOR_PRP_OR_LL_RESULT_AND_NO_ACTIVE_GIMPS_ASSIGNMENT,2026-08-09T09:12:31+00:00,UNALLOCATED,,,,,
SLCMP2607-2382,2382,2382,794116441,2^794116441-1,STRUCTURAL_SCREEN_EXHAUSTED_PRIMALITY_UNASSIGNED,GF3A_DIRECTIONAL_WRITE_EXHAUSTED_PRIMALITY_UNASSIGNED,513,512,512,NO_RECORDED_FACTOR_PRP_OR_LL_RESULT_AND_NO_ACTIVE_GIMPS_ASSIGNMENT,2026-08-09T09:12:31+00:00,UNALLOCATED,,,,,
SLCMP2607-2383,2383,2383,794116447,2^794116447-1,STRUCTURAL_SCREEN_EXHAUSTED_PRIMALITY_UNASSIGNED,GF3A_DIRECTIONAL_WRITE_EXHAUSTED_PRIMALITY_UNASSIGNED,514,512,512,NO_RECORDED_FACTOR_PRP_OR_LL_RESULT_AND_NO_ACTIVE_GIMPS_ASSIGNMENT,2026-08-09T09:12:31+00:00,UNALLOCATED,,,,,
SLCMP2607-2384,2384,2384,794116579,2^794116579-1,STRUCTURAL_SCREEN_EXHAUSTED_PRIMALITY_UNASSIGNED,GF3A_DIRECTIONAL_WRITE_EXHAUSTED_PRIMALITY_UNASSIGNED,514,512,512,NO_RECORDED_FACTOR_PRP_OR_LL_RESULT_AND_NO_ACTIVE_GIMPS_ASSIGNMENT,2026-08-09T09:12:31+00:00,UNALLOCATED,,,,,
SLCMP2607-2385,2385,2385,794116621,2^794116621-1,STRUCTURAL_SCREEN_EXHAUSTED_PRIMALITY_UNASSIGNED,GF3A_DIRECTIONAL_WRITE_EXHAUSTED_PRIMALITY_UNASSIGNED,513,512,512,NO_RECORDED_FACTOR_PRP_OR_LL_RESULT_AND_NO_ACTIVE_GIMPS_ASSIGNMENT,2026-08-09T09:12:31+00:00,UNALLOCATED,,,,,
SLCMP2607-2386,2386,2386,794116633,2^794116633-1,STRUCTURAL_SCREEN_EXHAUSTED_PRIMALITY_UNASSIGNED,GF3A_DIRECTIONAL_WRITE_EXHAUSTED_PRIMALITY_UNASSIGNED,513,512,512,NO_RECORDED_FACTOR_PRP_OR_LL_RESULT_AND_NO_ACTIVE_GIMPS_ASSIGNMENT,2026-08-09T09:12:31+00:00,UNALLOCATED,,,,,
SLCMP2607-2387,2387,2387,794116663,2^794116663-1,STRUCTURAL_SCREEN_EXHAUSTED_PRIMALITY_UNASSIGNED,GF3A_DIRECTIONAL_WRITE_EXHAUSTED_PRIMALITY_UNASSIGNED,514,512,512,NO_RECORDED_FACTOR_PRP_OR_LL_RESULT_AND_NO_ACTIVE_GIMPS_ASSIGNMENT,2026-08-09T09:12:31+00:00,UNALLOCATED,,,,,
SLCMP2607-2388,2388,2388,794116709,2^794116709-1,STRUCTURAL_SCREEN_EXHAUSTED_PRIMALITY_UNASSIGNED,GF3A_DIRECTIONAL_WRITE_EXHAUSTED_PRIMALITY_UNASSIGNED,513,512,512,NO_RECORDED_FACTOR_PRP_OR_LL_RESULT_AND_NO_ACTIVE_GIMPS_ASSIGNMENT,2026-08-09T09:12:31+00:00,UNALLOCATED,,,,,
SLCMP2607-2389,2389,2389,794116751,2^794116751-1,STRUCTURAL_SCREEN_EXHAUSTED_PRIMALITY_UNASSIGNED,GF3A_DIRECTIONAL_WRITE_EXHAUSTED_PRIMALITY_UNASSIGNED,514,512,512,NO_RECORDED_FACTOR_PRP_OR_LL_RESULT_AND_NO_ACTIVE_GIMPS_ASSIGNMENT,2026-08-09T09:12:31+00:00,UNALLOCATED,,,,,
SLCMP2607-2390,2390,2390,794116759,2^794116759-1,STRUCTURAL_SCREEN_EXHAUSTED_PRIMALITY_UNASSIGNED,GF3A_DIRECTIONAL_WRITE_EXHAUSTED_PRIMALITY_UNASSIGNED,514,512,512,NO_RECORDED_FACTOR_PRP_OR_LL_RESULT_AND_NO_ACTIVE_GIMPS_ASSIGNMENT,2026-08-09T09:12:31+00:00,UNALLOCATED,,,,,
SLCMP2607-2391,2391,2391,794116781,2^794116781-1,STRUCTURAL_SCREEN_EXHAUSTED_PRIMALITY_UNASSIGNED,GF3A_DIRECTIONAL_WRITE_EXHAUSTED_PRIMALITY_UNASSIGNED,513,512,512,NO_RECORDED_FACTOR_PRP_OR_LL_RESULT_AND_NO_ACTIVE_GIMPS_ASSIGNMENT,2026-08-09T09:12:31+00:00,UNALLOCATED,,,,,
SLCMP2607-2392,2392,2392,794116963,2^794116963-1,STRUCTURAL_SCREEN_EXHAUSTED_PRIMALITY_UNASSIGNED,GF3A_DIRECTIONAL_WRITE_EXHAUSTED_PRIMALITY_UNASSIGNED,514,512,512,NO_RECORDED_FACTOR_PRP_OR_LL_RESULT_AND_NO_ACTIVE_GIMPS_ASSIGNMENT,2026-08-09T09:12:31+00:00,UNALLOCATED,,,,,
SLCMP2607-2393,2393,2393,794117089,2^794117089-1,STRUCTURAL_SCREEN_EXHAUSTED_PRIMALITY_UNASSIGNED,GF3A_DIRECTIONAL_WRITE_EXHAUSTED_PRIMALITY_UNASSIGNED,513,512,512,NO_RECORDED_FACTOR_PRP_OR_LL_RESULT_AND_NO_ACTIVE_GIMPS_ASSIGNMENT,2026-08-09T09:12:31+00:00,UNALLOCATED,,,,,
SLCMP2607-2394,2394,2394,794117101,2^794117101-1,STRUCTURAL_SCREEN_EXHAUSTED_PRIMALITY_UNASSIGNED,GF3A_DIRECTIONAL_WRITE_EXHAUSTED_PRIMALITY_UNASSIGNED,513,512,512,NO_RECORDED_FACTOR_PRP_OR_LL_RESULT_AND_NO_ACTIVE_GIMPS_ASSIGNMENT,2026-08-09T09:12:31+00:00,UNALLOCATED,,,,,
SLCMP2607-2395,2395,2395,794117117,2^794117117-1,STRUCTURAL_SCREEN_EXHAUSTED_PRIMALITY_UNASSIGNED,GF3A_DIRECTIONAL_WRITE_EXHAUSTED_PRIMALITY_UNASSIGNED,513,512,512,NO_RECORDED_FACTOR_PRP_OR_LL_RESULT_AND_NO_ACTIVE_GIMPS_ASSIGNMENT,2026-08-09T09:12:31+00:00,UNALLOCATED,,,,,
SLCMP2607-2396,2396,2396,794117119,2^794117119-1,STRUCTURAL_SCREEN_EXHAUSTED_PRIMALITY_UNASSIGNED,GF3A_DIRECTIONAL_WRITE_EXHAUSTED_PRIMALITY_UNASSIGNED,514,512,512,NO_RECORDED_FACTOR_PRP_OR_LL_RESULT_AND_NO_ACTIVE_GIMPS_ASSIGNMENT,2026-08-09T09:12:31+00:00,UNALLOCATED,,,,,
SLCMP2607-2397,2397,2397,794117227,2^794117227-1,STRUCTURAL_SCREEN_EXHAUSTED_PRIMALITY_UNASSIGNED,GF3A_DIRECTIONAL_WRITE_EXHAUSTED_PRIMALITY_UNASSIGNED,514,512,512,NO_RECORDED_FACTOR_PRP_OR_LL_RESULT_AND_NO_ACTIVE_GIMPS_ASSIGNMENT,2026-08-09T09:12:31+00:00,UNALLOCATED,,,,,
SLCMP2607-2398,2398,2398,794117323,2^794117323-1,STRUCTURAL_SCREEN_EXHAUSTED_PRIMALITY_UNASSIGNED,GF3A_DIRECTIONAL_WRITE_EXHAUSTED_PRIMALITY_UNASSIGNED,514,512,512,NO_RECORDED_FACTOR_PRP_OR_LL_RESULT_AND_NO_ACTIVE_GIMPS_ASSIGNMENT,2026-08-09T09:12:31+00:00,UNALLOCATED,,,,,
SLCMP2607-2399,2399,2399,794117327,2^794117327-1,STRUCTURAL_SCREEN_EXHAUSTED_PRIMALITY_UNASSIGNED,GF3A_DIRECTIONAL_WRITE_EXHAUSTED_PRIMALITY_UNASSIGNED,514,512,512,NO_RECORDED_FACTOR_PRP_OR_LL_RESULT_AND_NO_ACTIVE_GIMPS_ASSIGNMENT,2026-08-09T09:12:31+00:00,UNALLOCATED,,,,,
SLCMP2607-2400,2400,2400,794117333,2^794117333-1,STRUCTURAL_SCREEN_EXHAUSTED_PRIMALITY_UNASSIGNED,GF3A_DIRECTIONAL_WRITE_EXHAUSTED_PRIMALITY_UNASSIGNED,513,512,512,NO_RECORDED_FACTOR_PRP_OR_LL_RESULT_AND_NO_ACTIVE_GIMPS_ASSIGNMENT,2026-08-09T09:12:31+00:00,UNALLOCATED,,,,,
SLCMP2607-2401,2401,2401,794117381,2^794117381-1,STRUCTURAL_SCREEN_EXHAUSTED_PRIMALITY_UNASSIGNED,GF3A_DIRECTIONAL_WRITE_EXHAUSTED_PRIMALITY_UNASSIGNED,513,512,512,NO_RECORDED_FACTOR_PRP_OR_LL_RESULT_AND_NO_ACTIVE_GIMPS_ASSIGNMENT,2026-08-09T09:12:31+00:00,UNALLOCATED,,,,,
SLCMP2607-2402,2402,2402,794117393,2^794117393-1,STRUCTURAL_SCREEN_EXHAUSTED_PRIMALITY_UNASSIGNED,GF3A_DIRECTIONAL_WRITE_EXHAUSTED_PRIMALITY_UNASSIGNED,513,512,512,NO_RECORDED_FACTOR_PRP_OR_LL_RESULT_AND_NO_ACTIVE_GIMPS_ASSIGNMENT,2026-08-09T09:12:31+00:00,UNALLOCATED,,,,,
SLCMP2607-2403,2403,2403,794117417,2^794117417-1,STRUCTURAL_SCREEN_EXHAUSTED_PRIMALITY_UNASSIGNED,GF3A_DIRECTIONAL_WRITE_EXHAUSTED_PRIMALITY_UNASSIGNED,513,512,512,NO_RECORDED_FACTOR_PRP_OR_LL_RESULT_AND_NO_ACTIVE_GIMPS_ASSIGNMENT,2026-08-09T09:12:31+00:00,UNALLOCATED,,,,,
SLCMP2607-2404,2404,2404,794117477,2^794117477-1,STRUCTURAL_SCREEN_EXHAUSTED_PRIMALITY_UNASSIGNED,GF3A_DIRECTIONAL_WRITE_EXHAUSTED_PRIMALITY_UNASSIGNED,513,512,512,NO_RECORDED_FACTOR_PRP_OR_LL_RESULT_AND_NO_ACTIVE_GIMPS_ASSIGNMENT,2026-08-09T09:12:31+00:00,UNALLOCATED,,,,,
SLCMP2607-2405,2405,2405,794117591,2^794117591-1,STRUCTURAL_SCREEN_EXHAUSTED_PRIMALITY_UNASSIGNED,GF3A_DIRECTIONAL_WRITE_EXHAUSTED_PRIMALITY_UNASSIGNED,514,512,512,NO_RECORDED_FACTOR_PRP_OR_LL_RESULT_AND_NO_ACTIVE_GIMPS_ASSIGNMENT,2026-08-09T09:12:31+00:00,UNALLOCATED,,,,,
SLCMP2607-2406,2406,2406,794117627,2^794117627-1,STRUCTURAL_SCREEN_EXHAUSTED_PRIMALITY_UNASSIGNED,GF3A_DIRECTIONAL_WRITE_EXHAUSTED_PRIMALITY_UNASSIGNED,514,512,512,NO_RECORDED_FACTOR_PRP_OR_LL_RESULT_AND_NO_ACTIVE_GIMPS_ASSIGNMENT,2026-08-09T09:12:31+00:00,UNALLOCATED,,,,,
SLCMP2607-2407,2407,2407,794117629,2^794117629-1,STRUCTURAL_SCREEN_EXHAUSTED_PRIMALITY_UNASSIGNED,GF3A_DIRECTIONAL_WRITE_EXHAUSTED_PRIMALITY_UNASSIGNED,513,512,512,NO_RECORDED_FACTOR_PRP_OR_LL_RESULT_AND_NO_ACTIVE_GIMPS_ASSIGNMENT,2026-08-09T09:12:31+00:00,UNALLOCATED,,,,,
SLCMP2607-2408,2408,2408,794117707,2^794117707-1,STRUCTURAL_SCREEN_EXHAUSTED_PRIMALITY_UNASSIGNED,GF3A_DIRECTIONAL_WRITE_EXHAUSTED_PRIMALITY_UNASSIGNED,514,512,512,NO_RECORDED_FACTOR_PRP_OR_LL_RESULT_AND_NO_ACTIVE_GIMPS_ASSIGNMENT,2026-08-09T09:12:31+00:00,UNALLOCATED,,,,,
SLCMP2607-2409,2409,2409,794117761,2^794117761-1,STRUCTURAL_SCREEN_EXHAUSTED_PRIMALITY_UNASSIGNED,GF3A_DIRECTIONAL_WRITE_EXHAUSTED_PRIMALITY_UNASSIGNED,513,512,512,NO_RECORDED_FACTOR_PRP_OR_LL_RESULT_AND_NO_ACTIVE_GIMPS_ASSIGNMENT,2026-08-09T09:12:31+00:00,UNALLOCATED,,,,,
SLCMP2607-2410,2410,2410,794117767,2^794117767-1,STRUCTURAL_SCREEN_EXHAUSTED_PRIMALITY_UNASSIGNED,GF3A_DIRECTIONAL_WRITE_EXHAUSTED_PRIMALITY_UNASSIGNED,514,512,512,NO_RECORDED_FACTOR_PRP_OR_LL_RESULT_AND_NO_ACTIVE_GIMPS_ASSIGNMENT,2026-08-09T09:12:31+00:00,UNALLOCATED,,,,,
SLCMP2607-2411,2411,2411,794117773,2^794117773-1,STRUCTURAL_SCREEN_EXHAUSTED_PRIMALITY_UNASSIGNED,GF3A_DIRECTIONAL_WRITE_EXHAUSTED_PRIMALITY_UNASSIGNED,513,512,512,NO_RECORDED_FACTOR_PRP_OR_LL_RESULT_AND_NO_ACTIVE_GIMPS_ASSIGNMENT,2026-08-09T09:12:31+00:00,UNALLOCATED,,,,,
SLCMP2607-2412,2412,2412,794117827,2^794117827-1,STRUCTURAL_SCREEN_EXHAUSTED_PRIMALITY_UNASSIGNED,GF3A_DIRECTIONAL_WRITE_EXHAUSTED_PRIMALITY_UNASSIGNED,514,512,512,NO_RECORDED_FACTOR_PRP_OR_LL_RESULT_AND_NO_ACTIVE_GIMPS_ASSIGNMENT,2026-08-09T09:12:31+00:00,UNALLOCATED,,,,,
SLCMP2607-2413,2413,2413,794117833,2^794117833-1,STRUCTURAL_SCREEN_EXHAUSTED_PRIMALITY_UNASSIGNED,GF3A_DIRECTIONAL_WRITE_EXHAUSTED_PRIMALITY_UNASSIGNED,513,512,512,NO_RECORDED_FACTOR_PRP_OR_LL_RESULT_AND_NO_ACTIVE_GIMPS_ASSIGNMENT,2026-08-09T09:12:31+00:00,UNALLOCATED,,,,,
SLCMP2607-2414,2414,2414,794117867,2^794117867-1,STRUCTURAL_SCREEN_EXHAUSTED_PRIMALITY_UNASSIGNED,GF3A_DIRECTIONAL_WRITE_EXHAUSTED_PRIMALITY_UNASSIGNED,514,512,512,NO_RECORDED_FACTOR_PRP_OR_LL_RESULT_AND_NO_ACTIVE_GIMPS_ASSIGNMENT,2026-08-09T09:12:31+00:00,UNALLOCATED,,,,,
SLCMP2607-2415,2415,2415,794117893,2^794117893-1,STRUCTURAL_SCREEN_EXHAUSTED_PRIMALITY_UNASSIGNED,GF3A_DIRECTIONAL_WRITE_EXHAUSTED_PRIMALITY_UNASSIGNED,513,512,512,NO_RECORDED_FACTOR_PRP_OR_LL_RESULT_AND_NO_ACTIVE_GIMPS_ASSIGNMENT,2026-08-09T09:12:31+00:00,UNALLOCATED,,,,,
SLCMP2607-2416,2416,2416,794117911,2^794117911-1,STRUCTURAL_SCREEN_EXHAUSTED_PRIMALITY_UNASSIGNED,GF3A_DIRECTIONAL_WRITE_EXHAUSTED_PRIMALITY_UNASSIGNED,514,512,512,NO_RECORDED_FACTOR_PRP_OR_LL_RESULT_AND_NO_ACTIVE_GIMPS_ASSIGNMENT,2026-08-09T09:12:31+00:00,UNALLOCATED,,,,,
SLCMP2607-2417,2417,2417,794117983,2^794117983-1,STRUCTURAL_SCREEN_EXHAUSTED_PRIMALITY_UNASSIGNED,GF3A_DIRECTIONAL_WRITE_EXHAUSTED_PRIMALITY_UNASSIGNED,514,512,512,NO_RECORDED_FACTOR_PRP_OR_LL_RESULT_AND_NO_ACTIVE_GIMPS_ASSIGNMENT,2026-08-09T09:12:31+00:00,UNALLOCATED,,,,,
SLCMP2607-2418,2418,2418,794118043,2^794118043-1,STRUCTURAL_SCREEN_EXHAUSTED_PRIMALITY_UNASSIGNED,GF3A_DIRECTIONAL_WRITE_EXHAUSTED_PRIMALITY_UNASSIGNED,514,512,512,NO_RECORDED_FACTOR_PRP_OR_LL_RESULT_AND_NO_ACTIVE_GIMPS_ASSIGNMENT,2026-08-09T09:12:31+00:00,UNALLOCATED,,,,,
SLCMP2607-2419,2419,2419,794118287,2^794118287-1,STRUCTURAL_SCREEN_EXHAUSTED_PRIMALITY_UNASSIGNED,GF3A_DIRECTIONAL_WRITE_EXHAUSTED_PRIMALITY_UNASSIGNED,514,512,512,NO_RECORDED_FACTOR_PRP_OR_LL_RESULT_AND_NO_ACTIVE_GIMPS_ASSIGNMENT,2026-08-09T09:12:31+00:00,UNALLOCATED,,,,,
SLCMP2607-2420,2420,2420,794118307,2^794118307-1,STRUCTURAL_SCREEN_EXHAUSTED_PRIMALITY_UNASSIGNED,GF3A_DIRECTIONAL_WRITE_EXHAUSTED_PRIMALITY_UNASSIGNED,514,512,512,NO_RECORDED_FACTOR_PRP_OR_LL_RESULT_AND_NO_ACTIVE_GIMPS_ASSIGNMENT,2026-08-09T09:12:31+00:00,UNALLOCATED,,,,,
SLCMP2607-2421,2421,2421,794118329,2^794118329-1,STRUCTURAL_SCREEN_EXHAUSTED_PRIMALITY_UNASSIGNED,GF3A_DIRECTIONAL_WRITE_EXHAUSTED_PRIMALITY_UNASSIGNED,513,512,512,NO_RECORDED_FACTOR_PRP_OR_LL_RESULT_AND_NO_ACTIVE_GIMPS_ASSIGNMENT,2026-08-09T09:12:31+00:00,UNALLOCATED,,,,,
SLCMP2607-2422,2422,2422,794118337,2^794118337-1,STRUCTURAL_SCREEN_EXHAUSTED_PRIMALITY_UNASSIGNED,GF3A_DIRECTIONAL_WRITE_EXHAUSTED_PRIMALITY_UNASSIGNED,513,512,512,NO_RECORDED_FACTOR_PRP_OR_LL_RESULT_AND_NO_ACTIVE_GIMPS_ASSIGNMENT,2026-08-09T09:12:31+00:00,UNALLOCATED,,,,,
SLCMP2607-2423,2423,2423,794118343,2^794118343-1,STRUCTURAL_SCREEN_EXHAUSTED_PRIMALITY_UNASSIGNED,GF3A_DIRECTIONAL_WRITE_EXHAUSTED_PRIMALITY_UNASSIGNED,514,512,512,NO_RECORDED_FACTOR_PRP_OR_LL_RESULT_AND_NO_ACTIVE_GIMPS_ASSIGNMENT,2026-08-09T09:12:31+00:00,UNALLOCATED,,,,,
SLCMP2607-2424,2424,2424,794118487,2^794118487-1,STRUCTURAL_SCREEN_EXHAUSTED_PRIMALITY_UNASSIGNED,GF3A_DIRECTIONAL_WRITE_EXHAUSTED_PRIMALITY_UNASSIGNED,514,512,512,NO_RECORDED_FACTOR_PRP_OR_LL_RESULT_AND_NO_ACTIVE_GIMPS_ASSIGNMENT,2026-08-09T09:12:31+00:00,UNALLOCATED,,,,,
SLCMP2607-2425,2425,2425,794118499,2^794118499-1,STRUCTURAL_SCREEN_EXHAUSTED_PRIMALITY_UNASSIGNED,GF3A_DIRECTIONAL_WRITE_EXHAUSTED_PRIMALITY_UNASSIGNED,514,512,512,NO_RECORDED_FACTOR_PRP_OR_LL_RESULT_AND_NO_ACTIVE_GIMPS_ASSIGNMENT,2026-08-09T09:12:31+00:00,UNALLOCATED,,,,,
SLCMP2607-2426,2426,2426,794118607,2^794118607-1,STRUCTURAL_SCREEN_EXHAUSTED_PRIMALITY_UNASSIGNED,GF3A_DIRECTIONAL_WRITE_EXHAUSTED_PRIMALITY_UNASSIGNED,514,512,512,NO_RECORDED_FACTOR_PRP_OR_LL_RESULT_AND_NO_ACTIVE_GIMPS_ASSIGNMENT,2026-08-09T09:12:31+00:00,UNALLOCATED,,,,,
SLCMP2607-2427,2427,2427,794118653,2^794118653-1,STRUCTURAL_SCREEN_EXHAUSTED_PRIMALITY_UNASSIGNED,GF3A_DIRECTIONAL_WRITE_EXHAUSTED_PRIMALITY_UNASSIGNED,513,512,512,NO_RECORDED_FACTOR_PRP_OR_LL_RESULT_AND_NO_ACTIVE_GIMPS_ASSIGNMENT,2026-08-09T09:12:31+00:00,UNALLOCATED,,,,,
SLCMP2607-2428,2428,2428,794118707,2^794118707-1,STRUCTURAL_SCREEN_EXHAUSTED_PRIMALITY_UNASSIGNED,GF3A_DIRECTIONAL_WRITE_EXHAUSTED_PRIMALITY_UNASSIGNED,514,512,512,NO_RECORDED_FACTOR_PRP_OR_LL_RESULT_AND_NO_ACTIVE_GIMPS_ASSIGNMENT,2026-08-09T09:12:31+00:00,UNALLOCATED,,,,,
SLCMP2607-2429,2429,2429,794118757,2^794118757-1,STRUCTURAL_SCREEN_EXHAUSTED_PRIMALITY_UNASSIGNED,GF3A_DIRECTIONAL_WRITE_EXHAUSTED_PRIMALITY_UNASSIGNED,513,512,512,NO_RECORDED_FACTOR_PRP_OR_LL_RESULT_AND_NO_ACTIVE_GIMPS_ASSIGNMENT,2026-08-09T09:12:31+00:00,UNALLOCATED,,,,,
SLCMP2607-2430,2430,2430,794118763,2^794118763-1,STRUCTURAL_SCREEN_EXHAUSTED_PRIMALITY_UNASSIGNED,GF3A_DIRECTIONAL_WRITE_EXHAUSTED_PRIMALITY_UNASSIGNED,514,512,512,NO_RECORDED_FACTOR_PRP_OR_LL_RESULT_AND_NO_ACTIVE_GIMPS_ASSIGNMENT,2026-08-09T09:12:31+00:00,UNALLOCATED,,,,,
SLCMP2607-2431,2431,2431,794118917,2^794118917-1,STRUCTURAL_SCREEN_EXHAUSTED_PRIMALITY_UNASSIGNED,GF3A_DIRECTIONAL_WRITE_EXHAUSTED_PRIMALITY_UNASSIGNED,513,512,512,NO_RECORDED_FACTOR_PRP_OR_LL_RESULT_AND_NO_ACTIVE_GIMPS_ASSIGNMENT,2026-08-09T09:12:31+00:00,UNALLOCATED,,,,,
SLCMP2607-2432,2432,2432,794118961,2^794118961-1,STRUCTURAL_SCREEN_EXHAUSTED_PRIMALITY_UNASSIGNED,GF3A_DIRECTIONAL_WRITE_EXHAUSTED_PRIMALITY_UNASSIGNED,513,512,512,NO_RECORDED_FACTOR_PRP_OR_LL_RESULT_AND_NO_ACTIVE_GIMPS_ASSIGNMENT,2026-08-09T09:12:31+00:00,UNALLOCATED,,,,,
SLCMP2607-2433,2433,2433,794118973,2^794118973-1,STRUCTURAL_SCREEN_EXHAUSTED_PRIMALITY_UNASSIGNED,GF3A_DIRECTIONAL_WRITE_EXHAUSTED_PRIMALITY_UNASSIGNED,513,512,512,NO_RECORDED_FACTOR_PRP_OR_LL_RESULT_AND_NO_ACTIVE_GIMPS_ASSIGNMENT,2026-08-09T09:12:31+00:00,UNALLOCATED,,,,,
SLCMP2607-2434,2434,2434,794119057,2^794119057-1,STRUCTURAL_SCREEN_EXHAUSTED_PRIMALITY_UNASSIGNED,GF3A_DIRECTIONAL_WRITE_EXHAUSTED_PRIMALITY_UNASSIGNED,513,512,512,NO_RECORDED_FACTOR_PRP_OR_LL_RESULT_AND_NO_ACTIVE_GIMPS_ASSIGNMENT,2026-08-09T09:12:31+00:00,UNALLOCATED,,,,,
SLCMP2607-2435,2435,2435,794119069,2^794119069-1,STRUCTURAL_SCREEN_EXHAUSTED_PRIMALITY_UNASSIGNED,GF3A_DIRECTIONAL_WRITE_EXHAUSTED_PRIMALITY_UNASSIGNED,513,512,512,NO_RECORDED_FACTOR_PRP_OR_LL_RESULT_AND_NO_ACTIVE_GIMPS_ASSIGNMENT,2026-08-09T09:12:31+00:00,UNALLOCATED,,,,,
SLCMP2607-2436,2436,2436,794119099,2^794119099-1,STRUCTURAL_SCREEN_EXHAUSTED_PRIMALITY_UNASSIGNED,GF3A_DIRECTIONAL_WRITE_EXHAUSTED_PRIMALITY_UNASSIGNED,514,512,512,NO_RECORDED_FACTOR_PRP_OR_LL_RESULT_AND_NO_ACTIVE_GIMPS_ASSIGNMENT,2026-08-09T09:12:31+00:00,UNALLOCATED,,,,,
SLCMP2607-2437,2437,2437,794119111,2^794119111-1,STRUCTURAL_SCREEN_EXHAUSTED_PRIMALITY_UNASSIGNED,GF3A_DIRECTIONAL_WRITE_EXHAUSTED_PRIMALITY_UNASSIGNED,514,512,512,NO_RECORDED_FACTOR_PRP_OR_LL_RESULT_AND_NO_ACTIVE_GIMPS_ASSIGNMENT,2026-08-09T09:12:31+00:00,UNALLOCATED,,,,,
SLCMP2607-2438,2438,2438,794119169,2^794119169-1,STRUCTURAL_SCREEN_EXHAUSTED_PRIMALITY_UNASSIGNED,GF3A_DIRECTIONAL_WRITE_EXHAUSTED_PRIMALITY_UNASSIGNED,513,512,512,NO_RECORDED_FACTOR_PRP_OR_LL_RESULT_AND_NO_ACTIVE_GIMPS_ASSIGNMENT,2026-08-09T09:12:31+00:00,UNALLOCATED,,,,,
SLCMP2607-2439,2439,2439,794119199,2^794119199-1,STRUCTURAL_SCREEN_EXHAUSTED_PRIMALITY_UNASSIGNED,GF3A_DIRECTIONAL_WRITE_EXHAUSTED_PRIMALITY_UNASSIGNED,514,512,512,NO_RECORDED_FACTOR_PRP_OR_LL_RESULT_AND_NO_ACTIVE_GIMPS_ASSIGNMENT,2026-08-09T09:12:31+00:00,UNALLOCATED,,,,,
SLCMP2607-2440,2440,2440,794119213,2^794119213-1,STRUCTURAL_SCREEN_EXHAUSTED_PRIMALITY_UNASSIGNED,GF3A_DIRECTIONAL_WRITE_EXHAUSTED_PRIMALITY_UNASSIGNED,513,512,512,NO_RECORDED_FACTOR_PRP_OR_LL_RESULT_AND_NO_ACTIVE_GIMPS_ASSIGNMENT,2026-08-09T09:12:31+00:00,UNALLOCATED,,,,,
SLCMP2607-2441,2441,2441,794119217,2^794119217-1,STRUCTURAL_SCREEN_EXHAUSTED_PRIMALITY_UNASSIGNED,GF3A_DIRECTIONAL_WRITE_EXHAUSTED_PRIMALITY_UNASSIGNED,513,512,512,NO_RECORDED_FACTOR_PRP_OR_LL_RESULT_AND_NO_ACTIVE_GIMPS_ASSIGNMENT,2026-08-09T09:12:31+00:00,UNALLOCATED,,,,,
SLCMP2607-2442,2442,2442,794119223,2^794119223-1,STRUCTURAL_SCREEN_EXHAUSTED_PRIMALITY_UNASSIGNED,GF3A_DIRECTIONAL_WRITE_EXHAUSTED_PRIMALITY_UNASSIGNED,514,512,512,NO_RECORDED_FACTOR_PRP_OR_LL_RESULT_AND_NO_ACTIVE_GIMPS_ASSIGNMENT,2026-08-09T09:12:31+00:00,UNALLOCATED,,,,,
SLCMP2607-2443,2443,2443,794119237,2^794119237-1,STRUCTURAL_SCREEN_EXHAUSTED_PRIMALITY_UNASSIGNED,GF3A_DIRECTIONAL_WRITE_EXHAUSTED_PRIMALITY_UNASSIGNED,513,512,512,NO_RECORDED_FACTOR_PRP_OR_LL_RESULT_AND_NO_ACTIVE_GIMPS_ASSIGNMENT,2026-08-09T09:12:31+00:00,UNALLOCATED,,,,,
SLCMP2607-2444,2444,2444,794119357,2^794119357-1,STRUCTURAL_SCREEN_EXHAUSTED_PRIMALITY_UNASSIGNED,GF3A_DIRECTIONAL_WRITE_EXHAUSTED_PRIMALITY_UNASSIGNED,513,512,512,NO_RECORDED_FACTOR_PRP_OR_LL_RESULT_AND_NO_ACTIVE_GIMPS_ASSIGNMENT,2026-08-09T09:12:31+00:00,UNALLOCATED,,,,,
SLCMP2607-2445,2445,2445,794119369,2^794119369-1,STRUCTURAL_SCREEN_EXHAUSTED_PRIMALITY_UNASSIGNED,GF3A_DIRECTIONAL_WRITE_EXHAUSTED_PRIMALITY_UNASSIGNED,513,512,512,NO_RECORDED_FACTOR_PRP_OR_LL_RESULT_AND_NO_ACTIVE_GIMPS_ASSIGNMENT,2026-08-09T09:12:31+00:00,UNALLOCATED,,,,,
SLCMP2607-2446,2446,2446,794119423,2^794119423-1,STRUCTURAL_SCREEN_EXHAUSTED_PRIMALITY_UNASSIGNED,GF3A_DIRECTIONAL_WRITE_EXHAUSTED_PRIMALITY_UNASSIGNED,514,512,512,NO_RECORDED_FACTOR_PRP_OR_LL_RESULT_AND_NO_ACTIVE_GIMPS_ASSIGNMENT,2026-08-09T09:12:31+00:00,UNALLOCATED,,,,,
SLCMP2607-2447,2447,2447,794119471,2^794119471-1,STRUCTURAL_SCREEN_EXHAUSTED_PRIMALITY_UNASSIGNED,GF3A_DIRECTIONAL_WRITE_EXHAUSTED_PRIMALITY_UNASSIGNED,514,512,512,NO_RECORDED_FACTOR_PRP_OR_LL_RESULT_AND_NO_ACTIVE_GIMPS_ASSIGNMENT,2026-08-09T09:12:31+00:00,UNALLOCATED,,,,,
SLCMP2607-2448,2448,2448,794119507,2^794119507-1,STRUCTURAL_SCREEN_EXHAUSTED_PRIMALITY_UNASSIGNED,GF3A_DIRECTIONAL_WRITE_EXHAUSTED_PRIMALITY_UNASSIGNED,514,512,512,NO_RECORDED_FACTOR_PRP_OR_LL_RESULT_AND_NO_ACTIVE_GIMPS_ASSIGNMENT,2026-08-09T09:12:31+00:00,UNALLOCATED,,,,,
SLCMP2607-2449,2449,2449,794119531,2^794119531-1,STRUCTURAL_SCREEN_EXHAUSTED_PRIMALITY_UNASSIGNED,GF3A_DIRECTIONAL_WRITE_EXHAUSTED_PRIMALITY_UNASSIGNED,514,512,512,NO_RECORDED_FACTOR_PRP_OR_LL_RESULT_AND_NO_ACTIVE_GIMPS_ASSIGNMENT,2026-08-09T09:12:31+00:00,UNALLOCATED,,,,,
SLCMP2607-2450,2450,2450,794119549,2^794119549-1,STRUCTURAL_SCREEN_EXHAUSTED_PRIMALITY_UNASSIGNED,GF3A_DIRECTIONAL_WRITE_EXHAUSTED_PRIMALITY_UNASSIGNED,513,512,512,NO_RECORDED_FACTOR_PRP_OR_LL_RESULT_AND_NO_ACTIVE_GIMPS_ASSIGNMENT,2026-08-09T09:12:31+00:00,UNALLOCATED,,,,,
SLCMP2607-2451,2451,2451,794119741,2^794119741-1,STRUCTURAL_SCREEN_EXHAUSTED_PRIMALITY_UNASSIGNED,GF3A_DIRECTIONAL_WRITE_EXHAUSTED_PRIMALITY_UNASSIGNED,513,512,512,NO_RECORDED_FACTOR_PRP_OR_LL_RESULT_AND_NO_ACTIVE_GIMPS_ASSIGNMENT,2026-08-09T09:12:31+00:00,UNALLOCATED,,,,,
SLCMP2607-2452,2452,2452,794119883,2^794119883-1,STRUCTURAL_SCREEN_EXHAUSTED_PRIMALITY_UNASSIGNED,GF3A_DIRECTIONAL_WRITE_EXHAUSTED_PRIMALITY_UNASSIGNED,514,512,512,NO_RECORDED_FACTOR_PRP_OR_LL_RESULT_AND_NO_ACTIVE_GIMPS_ASSIGNMENT,2026-08-09T09:12:31+00:00,UNALLOCATED,,,,,
SLCMP2607-2453,2453,2453,794119967,2^794119967-1,STRUCTURAL_SCREEN_EXHAUSTED_PRIMALITY_UNASSIGNED,GF3A_DIRECTIONAL_WRITE_EXHAUSTED_PRIMALITY_UNASSIGNED,514,512,512,NO_RECORDED_FACTOR_PRP_OR_LL_RESULT_AND_NO_ACTIVE_GIMPS_ASSIGNMENT,2026-08-09T09:12:31+00:00,UNALLOCATED,,,,,
SLCMP2607-2454,2454,2454,794119981,2^794119981-1,STRUCTURAL_SCREEN_EXHAUSTED_PRIMALITY_UNASSIGNED,GF3A_DIRECTIONAL_WRITE_EXHAUSTED_PRIMALITY_UNASSIGNED,513,512,512,NO_RECORDED_FACTOR_PRP_OR_LL_RESULT_AND_NO_ACTIVE_GIMPS_ASSIGNMENT,2026-08-09T09:12:31+00:00,UNALLOCATED,,,,,
SLCMP2607-2455,2455,2455,794120059,2^794120059-1,STRUCTURAL_SCREEN_EXHAUSTED_PRIMALITY_UNASSIGNED,GF3A_DIRECTIONAL_WRITE_EXHAUSTED_PRIMALITY_UNASSIGNED,514,512,512,NO_RECORDED_FACTOR_PRP_OR_LL_RESULT_AND_NO_ACTIVE_GIMPS_ASSIGNMENT,2026-08-09T09:12:31+00:00,UNALLOCATED,,,,,
SLCMP2607-2456,2456,2456,794120123,2^794120123-1,STRUCTURAL_SCREEN_EXHAUSTED_PRIMALITY_UNASSIGNED,GF3A_DIRECTIONAL_WRITE_EXHAUSTED_PRIMALITY_UNASSIGNED,514,512,512,NO_RECORDED_FACTOR_PRP_OR_LL_RESULT_AND_NO_ACTIVE_GIMPS_ASSIGNMENT,2026-08-09T09:12:31+00:00,UNALLOCATED,,,,,
SLCMP2607-2457,2457,2457,794120191,2^794120191-1,STRUCTURAL_SCREEN_EXHAUSTED_PRIMALITY_UNASSIGNED,GF3A_DIRECTIONAL_WRITE_EXHAUSTED_PRIMALITY_UNASSIGNED,514,512,512,NO_RECORDED_FACTOR_PRP_OR_LL_RESULT_AND_NO_ACTIVE_GIMPS_ASSIGNMENT,2026-08-09T09:12:31+00:00,UNALLOCATED,,,,,
SLCMP2607-2458,2458,2458,794120351,2^794120351-1,STRUCTURAL_SCREEN_EXHAUSTED_PRIMALITY_UNASSIGNED,GF3A_DIRECTIONAL_WRITE_EXHAUSTED_PRIMALITY_UNASSIGNED,514,512,512,NO_RECORDED_FACTOR_PRP_OR_LL_RESULT_AND_NO_ACTIVE_GIMPS_ASSIGNMENT,2026-08-09T09:12:31+00:00,UNALLOCATED,,,,,
SLCMP2607-2459,2459,2459,794120377,2^794120377-1,STRUCTURAL_SCREEN_EXHAUSTED_PRIMALITY_UNASSIGNED,GF3A_DIRECTIONAL_WRITE_EXHAUSTED_PRIMALITY_UNASSIGNED,513,512,512,NO_RECORDED_FACTOR_PRP_OR_LL_RESULT_AND_NO_ACTIVE_GIMPS_ASSIGNMENT,2026-08-09T09:12:31+00:00,UNALLOCATED,,,,,
SLCMP2607-2460,2460,2460,794120417,2^794120417-1,STRUCTURAL_SCREEN_EXHAUSTED_PRIMALITY_UNASSIGNED,GF3A_DIRECTIONAL_WRITE_EXHAUSTED_PRIMALITY_UNASSIGNED,513,512,512,NO_RECORDED_FACTOR_PRP_OR_LL_RESULT_AND_NO_ACTIVE_GIMPS_ASSIGNMENT,2026-08-09T09:12:31+00:00,UNALLOCATED,,,,,
SLCMP2607-2461,2461,2461,794120429,2^794120429-1,STRUCTURAL_SCREEN_EXHAUSTED_PRIMALITY_UNASSIGNED,GF3A_DIRECTIONAL_WRITE_EXHAUSTED_PRIMALITY_UNASSIGNED,513,512,512,NO_RECORDED_FACTOR_PRP_OR_LL_RESULT_AND_NO_ACTIVE_GIMPS_ASSIGNMENT,2026-08-09T09:12:31+00:00,UNALLOCATED,,,,,
SLCMP2607-2462,2462,2462,794120539,2^794120539-1,STRUCTURAL_SCREEN_EXHAUSTED_PRIMALITY_UNASSIGNED,GF3A_DIRECTIONAL_WRITE_EXHAUSTED_PRIMALITY_UNASSIGNED,514,512,512,NO_RECORDED_FACTOR_PRP_OR_LL_RESULT_AND_NO_ACTIVE_GIMPS_ASSIGNMENT,2026-08-09T09:12:31+00:00,UNALLOCATED,,,,,
SLCMP2607-2463,2463,2463,794120611,2^794120611-1,STRUCTURAL_SCREEN_EXHAUSTED_PRIMALITY_UNASSIGNED,GF3A_DIRECTIONAL_WRITE_EXHAUSTED_PRIMALITY_UNASSIGNED,514,512,512,NO_RECORDED_FACTOR_PRP_OR_LL_RESULT_AND_NO_ACTIVE_GIMPS_ASSIGNMENT,2026-08-09T09:12:31+00:00,UNALLOCATED,,,,,
SLCMP2607-2464,2464,2464,794120623,2^794120623-1,STRUCTURAL_SCREEN_EXHAUSTED_PRIMALITY_UNASSIGNED,GF3A_DIRECTIONAL_WRITE_EXHAUSTED_PRIMALITY_UNASSIGNED,514,512,512,NO_RECORDED_FACTOR_PRP_OR_LL_RESULT_AND_NO_ACTIVE_GIMPS_ASSIGNMENT,2026-08-09T09:12:31+00:00,UNALLOCATED,,,,,
SLCMP2607-2465,2465,2465,794120641,2^794120641-1,STRUCTURAL_SCREEN_EXHAUSTED_PRIMALITY_UNASSIGNED,GF3A_DIRECTIONAL_WRITE_EXHAUSTED_PRIMALITY_UNASSIGNED,513,512,512,NO_RECORDED_FACTOR_PRP_OR_LL_RESULT_AND_NO_ACTIVE_GIMPS_ASSIGNMENT,2026-08-09T09:12:31+00:00,UNALLOCATED,,,,,
SLCMP2607-2466,2466,2466,794120687,2^794120687-1,STRUCTURAL_SCREEN_EXHAUSTED_PRIMALITY_UNASSIGNED,GF3A_DIRECTIONAL_WRITE_EXHAUSTED_PRIMALITY_UNASSIGNED,514,512,512,NO_RECORDED_FACTOR_PRP_OR_LL_RESULT_AND_NO_ACTIVE_GIMPS_ASSIGNMENT,2026-08-09T09:12:31+00:00,UNALLOCATED,,,,,
SLCMP2607-2467,2467,2467,794120693,2^794120693-1,STRUCTURAL_SCREEN_EXHAUSTED_PRIMALITY_UNASSIGNED,GF3A_DIRECTIONAL_WRITE_EXHAUSTED_PRIMALITY_UNASSIGNED,513,512,512,NO_RECORDED_FACTOR_PRP_OR_LL_RESULT_AND_NO_ACTIVE_GIMPS_ASSIGNMENT,2026-08-09T09:12:31+00:00,UNALLOCATED,,,,,
SLCMP2607-2468,2468,2468,794120819,2^794120819-1,STRUCTURAL_SCREEN_EXHAUSTED_PRIMALITY_UNASSIGNED,GF3A_DIRECTIONAL_WRITE_EXHAUSTED_PRIMALITY_UNASSIGNED,514,512,512,NO_RECORDED_FACTOR_PRP_OR_LL_RESULT_AND_NO_ACTIVE_GIMPS_ASSIGNMENT,2026-08-09T09:12:31+00:00,UNALLOCATED,,,,,
SLCMP2607-2469,2469,2469,794120849,2^794120849-1,STRUCTURAL_SCREEN_EXHAUSTED_PRIMALITY_UNASSIGNED,GF3A_DIRECTIONAL_WRITE_EXHAUSTED_PRIMALITY_UNASSIGNED,513,512,512,NO_RECORDED_FACTOR_PRP_OR_LL_RESULT_AND_NO_ACTIVE_GIMPS_ASSIGNMENT,2026-08-09T09:12:31+00:00,UNALLOCATED,,,,,
SLCMP2607-2470,2470,2470,794120851,2^794120851-1,STRUCTURAL_SCREEN_EXHAUSTED_PRIMALITY_UNASSIGNED,GF3A_DIRECTIONAL_WRITE_EXHAUSTED_PRIMALITY_UNASSIGNED,514,512,512,NO_RECORDED_FACTOR_PRP_OR_LL_RESULT_AND_NO_ACTIVE_GIMPS_ASSIGNMENT,2026-08-09T09:12:31+00:00,UNALLOCATED,,,,,
SLCMP2607-2471,2471,2471,794120863,2^794120863-1,STRUCTURAL_SCREEN_EXHAUSTED_PRIMALITY_UNASSIGNED,GF3A_DIRECTIONAL_WRITE_EXHAUSTED_PRIMALITY_UNASSIGNED,514,512,512,NO_RECORDED_FACTOR_PRP_OR_LL_RESULT_AND_NO_ACTIVE_GIMPS_ASSIGNMENT,2026-08-09T09:12:31+00:00,UNALLOCATED,,,,,
SLCMP2607-2472,2472,2472,794120963,2^794120963-1,STRUCTURAL_SCREEN_EXHAUSTED_PRIMALITY_UNASSIGNED,GF3A_DIRECTIONAL_WRITE_EXHAUSTED_PRIMALITY_UNASSIGNED,514,512,512,NO_RECORDED_FACTOR_PRP_OR_LL_RESULT_AND_NO_ACTIVE_GIMPS_ASSIGNMENT,2026-08-09T09:12:31+00:00,UNALLOCATED,,,,,
SLCMP2607-2473,2473,2473,794120981,2^794120981-1,STRUCTURAL_SCREEN_EXHAUSTED_PRIMALITY_UNASSIGNED,GF3A_DIRECTIONAL_WRITE_EXHAUSTED_PRIMALITY_UNASSIGNED,513,512,512,NO_RECORDED_FACTOR_PRP_OR_LL_RESULT_AND_NO_ACTIVE_GIMPS_ASSIGNMENT,2026-08-09T09:12:31+00:00,UNALLOCATED,,,,,
SLCMP2607-2474,2474,2474,794121037,2^794121037-1,STRUCTURAL_SCREEN_EXHAUSTED_PRIMALITY_UNASSIGNED,GF3A_DIRECTIONAL_WRITE_EXHAUSTED_PRIMALITY_UNASSIGNED,513,512,512,NO_RECORDED_FACTOR_PRP_OR_LL_RESULT_AND_NO_ACTIVE_GIMPS_ASSIGNMENT,2026-08-09T09:12:31+00:00,UNALLOCATED,,,,,
SLCMP2607-2475,2475,2475,794121067,2^794121067-1,STRUCTURAL_SCREEN_EXHAUSTED_PRIMALITY_UNASSIGNED,GF3A_DIRECTIONAL_WRITE_EXHAUSTED_PRIMALITY_UNASSIGNED,514,512,512,NO_RECORDED_FACTOR_PRP_OR_LL_RESULT_AND_NO_ACTIVE_GIMPS_ASSIGNMENT,2026-08-09T09:12:31+00:00,UNALLOCATED,,,,,
SLCMP2607-2476,2476,2476,794121073,2^794121073-1,STRUCTURAL_SCREEN_EXHAUSTED_PRIMALITY_UNASSIGNED,GF3A_DIRECTIONAL_WRITE_EXHAUSTED_PRIMALITY_UNASSIGNED,513,512,512,NO_RECORDED_FACTOR_PRP_OR_LL_RESULT_AND_NO_ACTIVE_GIMPS_ASSIGNMENT,2026-08-09T09:12:31+00:00,UNALLOCATED,,,,,
SLCMP2607-2477,2477,2477,794121089,2^794121089-1,STRUCTURAL_SCREEN_EXHAUSTED_PRIMALITY_UNASSIGNED,GF3A_DIRECTIONAL_WRITE_EXHAUSTED_PRIMALITY_UNASSIGNED,513,512,512,NO_RECORDED_FACTOR_PRP_OR_LL_RESULT_AND_NO_ACTIVE_GIMPS_ASSIGNMENT,2026-08-09T09:12:31+00:00,UNALLOCATED,,,,,
SLCMP2607-2478,2478,2478,794121109,2^794121109-1,STRUCTURAL_SCREEN_EXHAUSTED_PRIMALITY_UNASSIGNED,GF3A_DIRECTIONAL_WRITE_EXHAUSTED_PRIMALITY_UNASSIGNED,513,512,512,NO_RECORDED_FACTOR_PRP_OR_LL_RESULT_AND_NO_ACTIVE_GIMPS_ASSIGNMENT,2026-08-09T09:12:31+00:00,UNALLOCATED,,,,,
SLCMP2607-2479,2479,2479,794121127,2^794121127-1,STRUCTURAL_SCREEN_EXHAUSTED_PRIMALITY_UNASSIGNED,GF3A_DIRECTIONAL_WRITE_EXHAUSTED_PRIMALITY_UNASSIGNED,514,512,512,NO_RECORDED_FACTOR_PRP_OR_LL_RESULT_AND_NO_ACTIVE_GIMPS_ASSIGNMENT,2026-08-09T09:12:31+00:00,UNALLOCATED,,,,,
SLCMP2607-2480,2480,2480,794121233,2^794121233-1,STRUCTURAL_SCREEN_EXHAUSTED_PRIMALITY_UNASSIGNED,GF3A_DIRECTIONAL_WRITE_EXHAUSTED_PRIMALITY_UNASSIGNED,513,512,512,NO_RECORDED_FACTOR_PRP_OR_LL_RESULT_AND_NO_ACTIVE_GIMPS_ASSIGNMENT,2026-08-09T09:12:31+00:00,UNALLOCATED,,,,,
SLCMP2607-2481,2481,2481,794121257,2^794121257-1,STRUCTURAL_SCREEN_EXHAUSTED_PRIMALITY_UNASSIGNED,GF3A_DIRECTIONAL_WRITE_EXHAUSTED_PRIMALITY_UNASSIGNED,513,512,512,NO_RECORDED_FACTOR_PRP_OR_LL_RESULT_AND_NO_ACTIVE_GIMPS_ASSIGNMENT,2026-08-09T09:12:31+00:00,UNALLOCATED,,,,,
SLCMP2607-2482,2482,2482,794121301,2^794121301-1,STRUCTURAL_SCREEN_EXHAUSTED_PRIMALITY_UNASSIGNED,GF3A_DIRECTIONAL_WRITE_EXHAUSTED_PRIMALITY_UNASSIGNED,513,512,512,NO_RECORDED_FACTOR_PRP_OR_LL_RESULT_AND_NO_ACTIVE_GIMPS_ASSIGNMENT,2026-08-09T09:12:31+00:00,UNALLOCATED,,,,,
SLCMP2607-2483,2483,2483,794121407,2^794121407-1,STRUCTURAL_SCREEN_EXHAUSTED_PRIMALITY_UNASSIGNED,GF3A_DIRECTIONAL_WRITE_EXHAUSTED_PRIMALITY_UNASSIGNED,514,512,512,NO_RECORDED_FACTOR_PRP_OR_LL_RESULT_AND_NO_ACTIVE_GIMPS_ASSIGNMENT,2026-08-09T09:12:31+00:00,UNALLOCATED,,,,,
SLCMP2607-2484,2484,2484,794121479,2^794121479-1,STRUCTURAL_SCREEN_EXHAUSTED_PRIMALITY_UNASSIGNED,GF3A_DIRECTIONAL_WRITE_EXHAUSTED_PRIMALITY_UNASSIGNED,514,512,512,NO_RECORDED_FACTOR_PRP_OR_LL_RESULT_AND_NO_ACTIVE_GIMPS_ASSIGNMENT,2026-08-09T09:12:31+00:00,UNALLOCATED,,,,,
SLCMP2607-2485,2485,2485,794121481,2^794121481-1,STRUCTURAL_SCREEN_EXHAUSTED_PRIMALITY_UNASSIGNED,GF3A_DIRECTIONAL_WRITE_EXHAUSTED_PRIMALITY_UNASSIGNED,513,512,512,NO_RECORDED_FACTOR_PRP_OR_LL_RESULT_AND_NO_ACTIVE_GIMPS_ASSIGNMENT,2026-08-09T09:12:31+00:00,UNALLOCATED,,,,,
SLCMP2607-2486,2486,2486,794121557,2^794121557-1,STRUCTURAL_SCREEN_EXHAUSTED_PRIMALITY_UNASSIGNED,GF3A_DIRECTIONAL_WRITE_EXHAUSTED_PRIMALITY_UNASSIGNED,513,512,512,NO_RECORDED_FACTOR_PRP_OR_LL_RESULT_AND_NO_ACTIVE_GIMPS_ASSIGNMENT,2026-08-09T09:12:31+00:00,UNALLOCATED,,,,,
SLCMP2607-2487,2487,2487,794121593,2^794121593-1,STRUCTURAL_SCREEN_EXHAUSTED_PRIMALITY_UNASSIGNED,GF3A_DIRECTIONAL_WRITE_EXHAUSTED_PRIMALITY_UNASSIGNED,513,512,512,NO_RECORDED_FACTOR_PRP_OR_LL_RESULT_AND_NO_ACTIVE_GIMPS_ASSIGNMENT,2026-08-09T09:12:31+00:00,UNALLOCATED,,,,,
SLCMP2607-2488,2488,2488,794121707,2^794121707-1,STRUCTURAL_SCREEN_EXHAUSTED_PRIMALITY_UNASSIGNED,GF3A_DIRECTIONAL_WRITE_EXHAUSTED_PRIMALITY_UNASSIGNED,514,512,512,NO_RECORDED_FACTOR_PRP_OR_LL_RESULT_AND_NO_ACTIVE_GIMPS_ASSIGNMENT,2026-08-09T09:12:31+00:00,UNALLOCATED,,,,,
SLCMP2607-2489,2489,2489,794121773,2^794121773-1,STRUCTURAL_SCREEN_EXHAUSTED_PRIMALITY_UNASSIGNED,GF3A_DIRECTIONAL_WRITE_EXHAUSTED_PRIMALITY_UNASSIGNED,513,512,512,NO_RECORDED_FACTOR_PRP_OR_LL_RESULT_AND_NO_ACTIVE_GIMPS_ASSIGNMENT,2026-08-09T09:12:31+00:00,UNALLOCATED,,,,,
SLCMP2607-2490,2490,2490,794121781,2^794121781-1,STRUCTURAL_SCREEN_EXHAUSTED_PRIMALITY_UNASSIGNED,GF3A_DIRECTIONAL_WRITE_EXHAUSTED_PRIMALITY_UNASSIGNED,513,512,512,NO_RECORDED_FACTOR_PRP_OR_LL_RESULT_AND_NO_ACTIVE_GIMPS_ASSIGNMENT,2026-08-09T09:12:31+00:00,UNALLOCATED,,,,,
SLCMP2607-2491,2491,2491,794122013,2^794122013-1,STRUCTURAL_SCREEN_EXHAUSTED_PRIMALITY_UNASSIGNED,GF3A_DIRECTIONAL_WRITE_EXHAUSTED_PRIMALITY_UNASSIGNED,513,512,512,NO_RECORDED_FACTOR_PRP_OR_LL_RESULT_AND_NO_ACTIVE_GIMPS_ASSIGNMENT,2026-08-09T09:12:31+00:00,UNALLOCATED,,,,,
SLCMP2607-2492,2492,2492,794122067,2^794122067-1,STRUCTURAL_SCREEN_EXHAUSTED_PRIMALITY_UNASSIGNED,GF3A_DIRECTIONAL_WRITE_EXHAUSTED_PRIMALITY_UNASSIGNED,514,512,512,NO_RECORDED_FACTOR_PRP_OR_LL_RESULT_AND_NO_ACTIVE_GIMPS_ASSIGNMENT,2026-08-09T09:12:31+00:00,UNALLOCATED,,,,,
SLCMP2607-2493,2493,2493,794122097,2^794122097-1,STRUCTURAL_SCREEN_EXHAUSTED_PRIMALITY_UNASSIGNED,GF3A_DIRECTIONAL_WRITE_EXHAUSTED_PRIMALITY_UNASSIGNED,513,512,512,NO_RECORDED_FACTOR_PRP_OR_LL_RESULT_AND_NO_ACTIVE_GIMPS_ASSIGNMENT,2026-08-09T09:12:31+00:00,UNALLOCATED,,,,,
SLCMP2607-2494,2494,2494,794122117,2^794122117-1,STRUCTURAL_SCREEN_EXHAUSTED_PRIMALITY_UNASSIGNED,GF3A_DIRECTIONAL_WRITE_EXHAUSTED_PRIMALITY_UNASSIGNED,513,512,512,NO_RECORDED_FACTOR_PRP_OR_LL_RESULT_AND_NO_ACTIVE_GIMPS_ASSIGNMENT,2026-08-09T09:12:31+00:00,UNALLOCATED,,,,,
SLCMP2607-2495,2495,2495,794122187,2^794122187-1,STRUCTURAL_SCREEN_EXHAUSTED_PRIMALITY_UNASSIGNED,GF3A_DIRECTIONAL_WRITE_EXHAUSTED_PRIMALITY_UNASSIGNED,514,512,512,NO_RECORDED_FACTOR_PRP_OR_LL_RESULT_AND_NO_ACTIVE_GIMPS_ASSIGNMENT,2026-08-09T09:12:31+00:00,UNALLOCATED,,,,,
SLCMP2607-2496,2496,2496,794122249,2^794122249-1,STRUCTURAL_SCREEN_EXHAUSTED_PRIMALITY_UNASSIGNED,GF3A_DIRECTIONAL_WRITE_EXHAUSTED_PRIMALITY_UNASSIGNED,513,512,512,NO_RECORDED_FACTOR_PRP_OR_LL_RESULT_AND_NO_ACTIVE_GIMPS_ASSIGNMENT,2026-08-09T09:12:31+00:00,UNALLOCATED,,,,,
SLCMP2607-2497,2497,2497,794122289,2^794122289-1,STRUCTURAL_SCREEN_EXHAUSTED_PRIMALITY_UNASSIGNED,GF3A_DIRECTIONAL_WRITE_EXHAUSTED_PRIMALITY_UNASSIGNED,513,512,512,NO_RECORDED_FACTOR_PRP_OR_LL_RESULT_AND_NO_ACTIVE_GIMPS_ASSIGNMENT,2026-08-09T09:12:31+00:00,UNALLOCATED,,,,,
SLCMP2607-2498,2498,2498,794122333,2^794122333-1,STRUCTURAL_SCREEN_EXHAUSTED_PRIMALITY_UNASSIGNED,GF3A_DIRECTIONAL_WRITE_EXHAUSTED_PRIMALITY_UNASSIGNED,513,512,512,NO_RECORDED_FACTOR_PRP_OR_LL_RESULT_AND_NO_ACTIVE_GIMPS_ASSIGNMENT,2026-08-09T09:12:31+00:00,UNALLOCATED,,,,,
SLCMP2607-2499,2499,2499,794122447,2^794122447-1,STRUCTURAL_SCREEN_EXHAUSTED_PRIMALITY_UNASSIGNED,GF3A_DIRECTIONAL_WRITE_EXHAUSTED_PRIMALITY_UNASSIGNED,514,512,512,NO_RECORDED_FACTOR_PRP_OR_LL_RESULT_AND_NO_ACTIVE_GIMPS_ASSIGNMENT,2026-08-09T09:12:31+00:00,UNALLOCATED,,,,,
SLCMP2607-2500,2500,2500,794122493,2^794122493-1,STRUCTURAL_SCREEN_EXHAUSTED_PRIMALITY_UNASSIGNED,GF3A_DIRECTIONAL_WRITE_EXHAUSTED_PRIMALITY_UNASSIGNED,513,512,512,NO_RECORDED_FACTOR_PRP_OR_LL_RESULT_AND_NO_ACTIVE_GIMPS_ASSIGNMENT,2026-08-09T09:12:31+00:00,UNALLOCATED,,,,,
SLCMP2607-2501,2501,2501,794122507,2^794122507-1,STRUCTURAL_SCREEN_EXHAUSTED_PRIMALITY_UNASSIGNED,GF3A_DIRECTIONAL_WRITE_EXHAUSTED_PRIMALITY_UNASSIGNED,514,512,512,NO_RECORDED_FACTOR_PRP_OR_LL_RESULT_AND_NO_ACTIVE_GIMPS_ASSIGNMENT,2026-08-09T09:12:31+00:00,UNALLOCATED,,,,,
SLCMP2607-2502,2502,2502,794122531,2^794122531-1,STRUCTURAL_SCREEN_EXHAUSTED_PRIMALITY_UNASSIGNED,GF3A_DIRECTIONAL_WRITE_EXHAUSTED_PRIMALITY_UNASSIGNED,514,512,512,NO_RECORDED_FACTOR_PRP_OR_LL_RESULT_AND_NO_ACTIVE_GIMPS_ASSIGNMENT,2026-08-09T09:12:31+00:00,UNALLOCATED,,,,,
SLCMP2607-2503,2503,2503,794122561,2^794122561-1,STRUCTURAL_SCREEN_EXHAUSTED_PRIMALITY_UNASSIGNED,GF3A_DIRECTIONAL_WRITE_EXHAUSTED_PRIMALITY_UNASSIGNED,513,512,512,NO_RECORDED_FACTOR_PRP_OR_LL_RESULT_AND_NO_ACTIVE_GIMPS_ASSIGNMENT,2026-08-09T09:12:31+00:00,UNALLOCATED,,,,,
SLCMP2607-2504,2504,2504,794122603,2^794122603-1,STRUCTURAL_SCREEN_EXHAUSTED_PRIMALITY_UNASSIGNED,GF3A_DIRECTIONAL_WRITE_EXHAUSTED_PRIMALITY_UNASSIGNED,514,512,512,NO_RECORDED_FACTOR_PRP_OR_LL_RESULT_AND_NO_ACTIVE_GIMPS_ASSIGNMENT,2026-08-09T09:12:31+00:00,UNALLOCATED,,,,,
SLCMP2607-2505,2505,2505,794122657,2^794122657-1,STRUCTURAL_SCREEN_EXHAUSTED_PRIMALITY_UNASSIGNED,GF3A_DIRECTIONAL_WRITE_EXHAUSTED_PRIMALITY_UNASSIGNED,513,512,512,NO_RECORDED_FACTOR_PRP_OR_LL_RESULT_AND_NO_ACTIVE_GIMPS_ASSIGNMENT,2026-08-09T09:12:31+00:00,UNALLOCATED,,,,,
SLCMP2607-2506,2506,2506,794122709,2^794122709-1,STRUCTURAL_SCREEN_EXHAUSTED_PRIMALITY_UNASSIGNED,GF3A_DIRECTIONAL_WRITE_EXHAUSTED_PRIMALITY_UNASSIGNED,513,512,512,NO_RECORDED_FACTOR_PRP_OR_LL_RESULT_AND_NO_ACTIVE_GIMPS_ASSIGNMENT,2026-08-09T09:12:31+00:00,UNALLOCATED,,,,,
SLCMP2607-2507,2507,2507,794122711,2^794122711-1,STRUCTURAL_SCREEN_EXHAUSTED_PRIMALITY_UNASSIGNED,GF3A_DIRECTIONAL_WRITE_EXHAUSTED_PRIMALITY_UNASSIGNED,514,512,512,NO_RECORDED_FACTOR_PRP_OR_LL_RESULT_AND_NO_ACTIVE_GIMPS_ASSIGNMENT,2026-08-09T09:12:31+00:00,UNALLOCATED,,,,,
SLCMP2607-2508,2508,2508,794122867,2^794122867-1,STRUCTURAL_SCREEN_EXHAUSTED_PRIMALITY_UNASSIGNED,GF3A_DIRECTIONAL_WRITE_EXHAUSTED_PRIMALITY_UNASSIGNED,514,512,512,NO_RECORDED_FACTOR_PRP_OR_LL_RESULT_AND_NO_ACTIVE_GIMPS_ASSIGNMENT,2026-08-09T09:12:31+00:00,UNALLOCATED,,,,,
SLCMP2607-2509,2509,2509,794122919,2^794122919-1,STRUCTURAL_SCREEN_EXHAUSTED_PRIMALITY_UNASSIGNED,GF3A_DIRECTIONAL_WRITE_EXHAUSTED_PRIMALITY_UNASSIGNED,514,512,512,NO_RECORDED_FACTOR_PRP_OR_LL_RESULT_AND_NO_ACTIVE_GIMPS_ASSIGNMENT,2026-08-09T09:12:31+00:00,UNALLOCATED,,,,,
SLCMP2607-2510,2510,2510,794122937,2^794122937-1,STRUCTURAL_SCREEN_EXHAUSTED_PRIMALITY_UNASSIGNED,GF3A_DIRECTIONAL_WRITE_EXHAUSTED_PRIMALITY_UNASSIGNED,513,512,512,NO_RECORDED_FACTOR_PRP_OR_LL_RESULT_AND_NO_ACTIVE_GIMPS_ASSIGNMENT,2026-08-09T09:12:31+00:00,UNALLOCATED,,,,,
SLCMP2607-2511,2511,2511,794123017,2^794123017-1,STRUCTURAL_SCREEN_EXHAUSTED_PRIMALITY_UNASSIGNED,GF3A_DIRECTIONAL_WRITE_EXHAUSTED_PRIMALITY_UNASSIGNED,513,512,512,NO_RECORDED_FACTOR_PRP_OR_LL_RESULT_AND_NO_ACTIVE_GIMPS_ASSIGNMENT,2026-08-09T09:12:31+00:00,UNALLOCATED,,,,,
SLCMP2607-2512,2512,2512,794123027,2^794123027-1,STRUCTURAL_SCREEN_EXHAUSTED_PRIMALITY_UNASSIGNED,GF3A_DIRECTIONAL_WRITE_EXHAUSTED_PRIMALITY_UNASSIGNED,514,512,512,NO_RECORDED_FACTOR_PRP_OR_LL_RESULT_AND_NO_ACTIVE_GIMPS_ASSIGNMENT,2026-08-09T09:12:31+00:00,UNALLOCATED,,,,,
SLCMP2607-2513,2513,2513,794123287,2^794123287-1,STRUCTURAL_SCREEN_EXHAUSTED_PRIMALITY_UNASSIGNED,GF3A_DIRECTIONAL_WRITE_EXHAUSTED_PRIMALITY_UNASSIGNED,514,512,512,NO_RECORDED_FACTOR_PRP_OR_LL_RESULT_AND_NO_ACTIVE_GIMPS_ASSIGNMENT,2026-08-09T09:12:31+00:00,UNALLOCATED,,,,,
SLCMP2607-2514,2514,2514,794123353,2^794123353-1,STRUCTURAL_SCREEN_EXHAUSTED_PRIMALITY_UNASSIGNED,GF3A_DIRECTIONAL_WRITE_EXHAUSTED_PRIMALITY_UNASSIGNED,513,512,512,NO_RECORDED_FACTOR_PRP_OR_LL_RESULT_AND_NO_ACTIVE_GIMPS_ASSIGNMENT,2026-08-09T09:12:31+00:00,UNALLOCATED,,,,,
SLCMP2607-2515,2515,2515,794123423,2^794123423-1,STRUCTURAL_SCREEN_EXHAUSTED_PRIMALITY_UNASSIGNED,GF3A_DIRECTIONAL_WRITE_EXHAUSTED_PRIMALITY_UNASSIGNED,514,512,512,NO_RECORDED_FACTOR_PRP_OR_LL_RESULT_AND_NO_ACTIVE_GIMPS_ASSIGNMENT,2026-08-09T09:12:31+00:00,UNALLOCATED,,,,,
SLCMP2607-2516,2516,2516,794123513,2^794123513-1,STRUCTURAL_SCREEN_EXHAUSTED_PRIMALITY_UNASSIGNED,GF3A_DIRECTIONAL_WRITE_EXHAUSTED_PRIMALITY_UNASSIGNED,513,512,512,NO_RECORDED_FACTOR_PRP_OR_LL_RESULT_AND_NO_ACTIVE_GIMPS_ASSIGNMENT,2026-08-09T09:12:31+00:00,UNALLOCATED,,,,,
SLCMP2607-2517,2517,2517,794123521,2^794123521-1,STRUCTURAL_SCREEN_EXHAUSTED_PRIMALITY_UNASSIGNED,GF3A_DIRECTIONAL_WRITE_EXHAUSTED_PRIMALITY_UNASSIGNED,513,512,512,NO_RECORDED_FACTOR_PRP_OR_LL_RESULT_AND_NO_ACTIVE_GIMPS_ASSIGNMENT,2026-08-09T09:12:31+00:00,UNALLOCATED,,,,,
SLCMP2607-2518,2518,2518,794123557,2^794123557-1,STRUCTURAL_SCREEN_EXHAUSTED_PRIMALITY_UNASSIGNED,GF3A_DIRECTIONAL_WRITE_EXHAUSTED_PRIMALITY_UNASSIGNED,513,512,512,NO_RECORDED_FACTOR_PRP_OR_LL_RESULT_AND_NO_ACTIVE_GIMPS_ASSIGNMENT,2026-08-09T09:12:31+00:00,UNALLOCATED,,,,,
SLCMP2607-2519,2519,2519,794123573,2^794123573-1,STRUCTURAL_SCREEN_EXHAUSTED_PRIMALITY_UNASSIGNED,GF3A_DIRECTIONAL_WRITE_EXHAUSTED_PRIMALITY_UNASSIGNED,513,512,512,NO_RECORDED_FACTOR_PRP_OR_LL_RESULT_AND_NO_ACTIVE_GIMPS_ASSIGNMENT,2026-08-09T09:12:31+00:00,UNALLOCATED,,,,,
SLCMP2607-2520,2520,2520,794123767,2^794123767-1,STRUCTURAL_SCREEN_EXHAUSTED_PRIMALITY_UNASSIGNED,GF3A_DIRECTIONAL_WRITE_EXHAUSTED_PRIMALITY_UNASSIGNED,514,512,512,NO_RECORDED_FACTOR_PRP_OR_LL_RESULT_AND_NO_ACTIVE_GIMPS_ASSIGNMENT,2026-08-09T09:12:31+00:00,UNALLOCATED,,,,,
SLCMP2607-2521,2521,2521,794123773,2^794123773-1,STRUCTURAL_SCREEN_EXHAUSTED_PRIMALITY_UNASSIGNED,GF3A_DIRECTIONAL_WRITE_EXHAUSTED_PRIMALITY_UNASSIGNED,513,512,512,NO_RECORDED_FACTOR_PRP_OR_LL_RESULT_AND_NO_ACTIVE_GIMPS_ASSIGNMENT,2026-08-09T09:12:31+00:00,UNALLOCATED,,,,,
SLCMP2607-2522,2522,2522,794123779,2^794123779-1,STRUCTURAL_SCREEN_EXHAUSTED_PRIMALITY_UNASSIGNED,GF3A_DIRECTIONAL_WRITE_EXHAUSTED_PRIMALITY_UNASSIGNED,514,512,512,NO_RECORDED_FACTOR_PRP_OR_LL_RESULT_AND_NO_ACTIVE_GIMPS_ASSIGNMENT,2026-08-09T09:12:31+00:00,UNALLOCATED,,,,,
SLCMP2607-2523,2523,2523,794123851,2^794123851-1,STRUCTURAL_SCREEN_EXHAUSTED_PRIMALITY_UNASSIGNED,GF3A_DIRECTIONAL_WRITE_EXHAUSTED_PRIMALITY_UNASSIGNED,514,512,512,NO_RECORDED_FACTOR_PRP_OR_LL_RESULT_AND_NO_ACTIVE_GIMPS_ASSIGNMENT,2026-08-09T09:12:31+00:00,UNALLOCATED,,,,,
SLCMP2607-2524,2524,2524,794123909,2^794123909-1,STRUCTURAL_SCREEN_EXHAUSTED_PRIMALITY_UNASSIGNED,GF3A_DIRECTIONAL_WRITE_EXHAUSTED_PRIMALITY_UNASSIGNED,513,512,512,NO_RECORDED_FACTOR_PRP_OR_LL_RESULT_AND_NO_ACTIVE_GIMPS_ASSIGNMENT,2026-08-09T09:12:31+00:00,UNALLOCATED,,,,,
SLCMP2607-2525,2525,2525,794123917,2^794123917-1,STRUCTURAL_SCREEN_EXHAUSTED_PRIMALITY_UNASSIGNED,GF3A_DIRECTIONAL_WRITE_EXHAUSTED_PRIMALITY_UNASSIGNED,513,512,512,NO_RECORDED_FACTOR_PRP_OR_LL_RESULT_AND_NO_ACTIVE_GIMPS_ASSIGNMENT,2026-08-09T09:12:31+00:00,UNALLOCATED,,,,,
SLCMP2607-2526,2526,2526,794123927,2^794123927-1,STRUCTURAL_SCREEN_EXHAUSTED_PRIMALITY_UNASSIGNED,GF3A_DIRECTIONAL_WRITE_EXHAUSTED_PRIMALITY_UNASSIGNED,514,512,512,NO_RECORDED_FACTOR_PRP_OR_LL_RESULT_AND_NO_ACTIVE_GIMPS_ASSIGNMENT,2026-08-09T09:12:31+00:00,UNALLOCATED,,,,,
SLCMP2607-2527,2527,2527,794123929,2^794123929-1,STRUCTURAL_SCREEN_EXHAUSTED_PRIMALITY_UNASSIGNED,GF3A_DIRECTIONAL_WRITE_EXHAUSTED_PRIMALITY_UNASSIGNED,513,512,512,NO_RECORDED_FACTOR_PRP_OR_LL_RESULT_AND_NO_ACTIVE_GIMPS_ASSIGNMENT,2026-08-09T09:12:31+00:00,UNALLOCATED,,,,,
SLCMP2607-2528,2528,2528,794123951,2^794123951-1,STRUCTURAL_SCREEN_EXHAUSTED_PRIMALITY_UNASSIGNED,GF3A_DIRECTIONAL_WRITE_EXHAUSTED_PRIMALITY_UNASSIGNED,514,512,512,NO_RECORDED_FACTOR_PRP_OR_LL_RESULT_AND_NO_ACTIVE_GIMPS_ASSIGNMENT,2026-08-09T09:12:31+00:00,UNALLOCATED,,,,,
SLCMP2607-2529,2529,2529,794124083,2^794124083-1,STRUCTURAL_SCREEN_EXHAUSTED_PRIMALITY_UNASSIGNED,GF3A_DIRECTIONAL_WRITE_EXHAUSTED_PRIMALITY_UNASSIGNED,514,512,512,NO_RECORDED_FACTOR_PRP_OR_LL_RESULT_AND_NO_ACTIVE_GIMPS_ASSIGNMENT,2026-08-09T09:12:31+00:00,UNALLOCATED,,,,,
SLCMP2607-2530,2530,2530,794124103,2^794124103-1,STRUCTURAL_SCREEN_EXHAUSTED_PRIMALITY_UNASSIGNED,GF3A_DIRECTIONAL_WRITE_EXHAUSTED_PRIMALITY_UNASSIGNED,514,512,512,NO_RECORDED_FACTOR_PRP_OR_LL_RESULT_AND_NO_ACTIVE_GIMPS_ASSIGNMENT,2026-08-09T09:12:31+00:00,UNALLOCATED,,,,,
SLCMP2607-2531,2531,2531,794124157,2^794124157-1,STRUCTURAL_SCREEN_EXHAUSTED_PRIMALITY_UNASSIGNED,GF3A_DIRECTIONAL_WRITE_EXHAUSTED_PRIMALITY_UNASSIGNED,513,512,512,NO_RECORDED_FACTOR_PRP_OR_LL_RESULT_AND_NO_ACTIVE_GIMPS_ASSIGNMENT,2026-08-09T09:12:31+00:00,UNALLOCATED,,,,,
SLCMP2607-2532,2532,2532,794124193,2^794124193-1,STRUCTURAL_SCREEN_EXHAUSTED_PRIMALITY_UNASSIGNED,GF3A_DIRECTIONAL_WRITE_EXHAUSTED_PRIMALITY_UNASSIGNED,513,512,512,NO_RECORDED_FACTOR_PRP_OR_LL_RESULT_AND_NO_ACTIVE_GIMPS_ASSIGNMENT,2026-08-09T09:12:31+00:00,UNALLOCATED,,,,,
SLCMP2607-2533,2533,2533,794124259,2^794124259-1,STRUCTURAL_SCREEN_EXHAUSTED_PRIMALITY_UNASSIGNED,GF3A_DIRECTIONAL_WRITE_EXHAUSTED_PRIMALITY_UNASSIGNED,514,512,512,NO_RECORDED_FACTOR_PRP_OR_LL_RESULT_AND_NO_ACTIVE_GIMPS_ASSIGNMENT,2026-08-09T09:12:31+00:00,UNALLOCATED,,,,,
SLCMP2607-2534,2534,2534,794124343,2^794124343-1,STRUCTURAL_SCREEN_EXHAUSTED_PRIMALITY_UNASSIGNED,GF3A_DIRECTIONAL_WRITE_EXHAUSTED_PRIMALITY_UNASSIGNED,514,512,512,NO_RECORDED_FACTOR_PRP_OR_LL_RESULT_AND_NO_ACTIVE_GIMPS_ASSIGNMENT,2026-08-09T09:12:31+00:00,UNALLOCATED,,,,,
SLCMP2607-2535,2535,2535,794124389,2^794124389-1,STRUCTURAL_SCREEN_EXHAUSTED_PRIMALITY_UNASSIGNED,GF3A_DIRECTIONAL_WRITE_EXHAUSTED_PRIMALITY_UNASSIGNED,513,512,512,NO_RECORDED_FACTOR_PRP_OR_LL_RESULT_AND_NO_ACTIVE_GIMPS_ASSIGNMENT,2026-08-09T09:12:31+00:00,UNALLOCATED,,,,,
SLCMP2607-2536,2536,2536,794124557,2^794124557-1,STRUCTURAL_SCREEN_EXHAUSTED_PRIMALITY_UNASSIGNED,GF3A_DIRECTIONAL_WRITE_EXHAUSTED_PRIMALITY_UNASSIGNED,513,512,512,NO_RECORDED_FACTOR_PRP_OR_LL_RESULT_AND_NO_ACTIVE_GIMPS_ASSIGNMENT,2026-08-09T09:12:31+00:00,UNALLOCATED,,,,,
SLCMP2607-2537,2537,2537,794124607,2^794124607-1,STRUCTURAL_SCREEN_EXHAUSTED_PRIMALITY_UNASSIGNED,GF3A_DIRECTIONAL_WRITE_EXHAUSTED_PRIMALITY_UNASSIGNED,514,512,512,NO_RECORDED_FACTOR_PRP_OR_LL_RESULT_AND_NO_ACTIVE_GIMPS_ASSIGNMENT,2026-08-09T09:12:31+00:00,UNALLOCATED,,,,,
SLCMP2607-2538,2538,2538,794124629,2^794124629-1,STRUCTURAL_SCREEN_EXHAUSTED_PRIMALITY_UNASSIGNED,GF3A_DIRECTIONAL_WRITE_EXHAUSTED_PRIMALITY_UNASSIGNED,513,512,512,NO_RECORDED_FACTOR_PRP_OR_LL_RESULT_AND_NO_ACTIVE_GIMPS_ASSIGNMENT,2026-08-09T09:12:31+00:00,UNALLOCATED,,,,,
SLCMP2607-2539,2539,2539,794124641,2^794124641-1,STRUCTURAL_SCREEN_EXHAUSTED_PRIMALITY_UNASSIGNED,GF3A_DIRECTIONAL_WRITE_EXHAUSTED_PRIMALITY_UNASSIGNED,513,512,512,NO_RECORDED_FACTOR_PRP_OR_LL_RESULT_AND_NO_ACTIVE_GIMPS_ASSIGNMENT,2026-08-09T09:12:31+00:00,UNALLOCATED,,,,,
SLCMP2607-2540,2540,2540,794124659,2^794124659-1,STRUCTURAL_SCREEN_EXHAUSTED_PRIMALITY_UNASSIGNED,GF3A_DIRECTIONAL_WRITE_EXHAUSTED_PRIMALITY_UNASSIGNED,514,512,512,NO_RECORDED_FACTOR_PRP_OR_LL_RESULT_AND_NO_ACTIVE_GIMPS_ASSIGNMENT,2026-08-09T09:12:31+00:00,UNALLOCATED,,,,,
SLCMP2607-2541,2541,2541,794124691,2^794124691-1,STRUCTURAL_SCREEN_EXHAUSTED_PRIMALITY_UNASSIGNED,GF3A_DIRECTIONAL_WRITE_EXHAUSTED_PRIMALITY_UNASSIGNED,514,512,512,NO_RECORDED_FACTOR_PRP_OR_LL_RESULT_AND_NO_ACTIVE_GIMPS_ASSIGNMENT,2026-08-09T09:12:31+00:00,UNALLOCATED,,,,,
SLCMP2607-2542,2542,2542,794124743,2^794124743-1,STRUCTURAL_SCREEN_EXHAUSTED_PRIMALITY_UNASSIGNED,GF3A_DIRECTIONAL_WRITE_EXHAUSTED_PRIMALITY_UNASSIGNED,514,512,512,NO_RECORDED_FACTOR_PRP_OR_LL_RESULT_AND_NO_ACTIVE_GIMPS_ASSIGNMENT,2026-08-09T09:12:31+00:00,UNALLOCATED,,,,,
SLCMP2607-2543,2543,2543,794124767,2^794124767-1,STRUCTURAL_SCREEN_EXHAUSTED_PRIMALITY_UNASSIGNED,GF3A_DIRECTIONAL_WRITE_EXHAUSTED_PRIMALITY_UNASSIGNED,514,512,512,NO_RECORDED_FACTOR_PRP_OR_LL_RESULT_AND_NO_ACTIVE_GIMPS_ASSIGNMENT,2026-08-09T09:12:31+00:00,UNALLOCATED,,,,,
SLCMP2607-2544,2544,2544,794124869,2^794124869-1,STRUCTURAL_SCREEN_EXHAUSTED_PRIMALITY_UNASSIGNED,GF3A_DIRECTIONAL_WRITE_EXHAUSTED_PRIMALITY_UNASSIGNED,513,512,512,NO_RECORDED_FACTOR_PRP_OR_LL_RESULT_AND_NO_ACTIVE_GIMPS_ASSIGNMENT,2026-08-09T09:12:31+00:00,UNALLOCATED,,,,,
SLCMP2607-2545,2545,2545,794124911,2^794124911-1,STRUCTURAL_SCREEN_EXHAUSTED_PRIMALITY_UNASSIGNED,GF3A_DIRECTIONAL_WRITE_EXHAUSTED_PRIMALITY_UNASSIGNED,514,512,512,NO_RECORDED_FACTOR_PRP_OR_LL_RESULT_AND_NO_ACTIVE_GIMPS_ASSIGNMENT,2026-08-09T09:12:31+00:00,UNALLOCATED,,,,,
SLCMP2607-2546,2546,2546,794125049,2^794125049-1,STRUCTURAL_SCREEN_EXHAUSTED_PRIMALITY_UNASSIGNED,GF3A_DIRECTIONAL_WRITE_EXHAUSTED_PRIMALITY_UNASSIGNED,513,512,512,NO_RECORDED_FACTOR_PRP_OR_LL_RESULT_AND_NO_ACTIVE_GIMPS_ASSIGNMENT,2026-08-09T09:12:31+00:00,UNALLOCATED,,,,,
SLCMP2607-2547,2547,2547,794125051,2^794125051-1,STRUCTURAL_SCREEN_EXHAUSTED_PRIMALITY_UNASSIGNED,GF3A_DIRECTIONAL_WRITE_EXHAUSTED_PRIMALITY_UNASSIGNED,514,512,512,NO_RECORDED_FACTOR_PRP_OR_LL_RESULT_AND_NO_ACTIVE_GIMPS_ASSIGNMENT,2026-08-09T09:12:31+00:00,UNALLOCATED,,,,,
SLCMP2607-2548,2548,2548,794125103,2^794125103-1,STRUCTURAL_SCREEN_EXHAUSTED_PRIMALITY_UNASSIGNED,GF3A_DIRECTIONAL_WRITE_EXHAUSTED_PRIMALITY_UNASSIGNED,514,512,512,NO_RECORDED_FACTOR_PRP_OR_LL_RESULT_AND_NO_ACTIVE_GIMPS_ASSIGNMENT,2026-08-09T09:12:31+00:00,UNALLOCATED,,,,,
SLCMP2607-2549,2549,2549,794125139,2^794125139-1,STRUCTURAL_SCREEN_EXHAUSTED_PRIMALITY_UNASSIGNED,GF3A_DIRECTIONAL_WRITE_EXHAUSTED_PRIMALITY_UNASSIGNED,514,512,512,NO_RECORDED_FACTOR_PRP_OR_LL_RESULT_AND_NO_ACTIVE_GIMPS_ASSIGNMENT,2026-08-09T09:12:31+00:00,UNALLOCATED,,,,,
SLCMP2607-2550,2550,2550,794125147,2^794125147-1,STRUCTURAL_SCREEN_EXHAUSTED_PRIMALITY_UNASSIGNED,GF3A_DIRECTIONAL_WRITE_EXHAUSTED_PRIMALITY_UNASSIGNED,514,512,512,NO_RECORDED_FACTOR_PRP_OR_LL_RESULT_AND_NO_ACTIVE_GIMPS_ASSIGNMENT,2026-08-09T09:12:31+00:00,UNALLOCATED,,,,,
SLCMP2607-2551,2551,2551,794125153,2^794125153-1,STRUCTURAL_SCREEN_EXHAUSTED_PRIMALITY_UNASSIGNED,GF3A_DIRECTIONAL_WRITE_EXHAUSTED_PRIMALITY_UNASSIGNED,513,512,512,NO_RECORDED_FACTOR_PRP_OR_LL_RESULT_AND_NO_ACTIVE_GIMPS_ASSIGNMENT,2026-08-09T09:12:31+00:00,UNALLOCATED,,,,,
SLCMP2607-2552,2552,2552,794125181,2^794125181-1,STRUCTURAL_SCREEN_EXHAUSTED_PRIMALITY_UNASSIGNED,GF3A_DIRECTIONAL_WRITE_EXHAUSTED_PRIMALITY_UNASSIGNED,513,512,512,NO_RECORDED_FACTOR_PRP_OR_LL_RESULT_AND_NO_ACTIVE_GIMPS_ASSIGNMENT,2026-08-09T09:12:31+00:00,UNALLOCATED,,,,,
SLCMP2607-2553,2553,2553,794125219,2^794125219-1,STRUCTURAL_SCREEN_EXHAUSTED_PRIMALITY_UNASSIGNED,GF3A_DIRECTIONAL_WRITE_EXHAUSTED_PRIMALITY_UNASSIGNED,514,512,512,NO_RECORDED_FACTOR_PRP_OR_LL_RESULT_AND_NO_ACTIVE_GIMPS_ASSIGNMENT,2026-08-09T09:12:31+00:00,UNALLOCATED,,,,,
SLCMP2607-2554,2554,2554,794125231,2^794125231-1,STRUCTURAL_SCREEN_EXHAUSTED_PRIMALITY_UNASSIGNED,GF3A_DIRECTIONAL_WRITE_EXHAUSTED_PRIMALITY_UNASSIGNED,514,512,512,NO_RECORDED_FACTOR_PRP_OR_LL_RESULT_AND_NO_ACTIVE_GIMPS_ASSIGNMENT,2026-08-09T09:12:31+00:00,UNALLOCATED,,,,,
SLCMP2607-2555,2555,2555,794125313,2^794125313-1,STRUCTURAL_SCREEN_EXHAUSTED_PRIMALITY_UNASSIGNED,GF3A_DIRECTIONAL_WRITE_EXHAUSTED_PRIMALITY_UNASSIGNED,513,512,512,NO_RECORDED_FACTOR_PRP_OR_LL_RESULT_AND_NO_ACTIVE_GIMPS_ASSIGNMENT,2026-08-09T09:12:31+00:00,UNALLOCATED,,,,,
SLCMP2607-2556,2556,2556,794125331,2^794125331-1,STRUCTURAL_SCREEN_EXHAUSTED_PRIMALITY_UNASSIGNED,GF3A_DIRECTIONAL_WRITE_EXHAUSTED_PRIMALITY_UNASSIGNED,514,512,512,NO_RECORDED_FACTOR_PRP_OR_LL_RESULT_AND_NO_ACTIVE_GIMPS_ASSIGNMENT,2026-08-09T09:12:31+00:00,UNALLOCATED,,,,,
SLCMP2607-2557,2557,2557,794125337,2^794125337-1,STRUCTURAL_SCREEN_EXHAUSTED_PRIMALITY_UNASSIGNED,GF3A_DIRECTIONAL_WRITE_EXHAUSTED_PRIMALITY_UNASSIGNED,513,512,512,NO_RECORDED_FACTOR_PRP_OR_LL_RESULT_AND_NO_ACTIVE_GIMPS_ASSIGNMENT,2026-08-09T09:12:31+00:00,UNALLOCATED,,,,,
SLCMP2607-2558,2558,2558,794125399,2^794125399-1,STRUCTURAL_SCREEN_EXHAUSTED_PRIMALITY_UNASSIGNED,GF3A_DIRECTIONAL_WRITE_EXHAUSTED_PRIMALITY_UNASSIGNED,514,512,512,NO_RECORDED_FACTOR_PRP_OR_LL_RESULT_AND_NO_ACTIVE_GIMPS_ASSIGNMENT,2026-08-09T09:12:31+00:00,UNALLOCATED,,,,,
SLCMP2607-2559,2559,2559,794125411,2^794125411-1,STRUCTURAL_SCREEN_EXHAUSTED_PRIMALITY_UNASSIGNED,GF3A_DIRECTIONAL_WRITE_EXHAUSTED_PRIMALITY_UNASSIGNED,514,512,512,NO_RECORDED_FACTOR_PRP_OR_LL_RESULT_AND_NO_ACTIVE_GIMPS_ASSIGNMENT,2026-08-09T09:12:31+00:00,UNALLOCATED,,,,,
SLCMP2607-2560,2560,2560,794125429,2^794125429-1,STRUCTURAL_SCREEN_EXHAUSTED_PRIMALITY_UNASSIGNED,GF3A_DIRECTIONAL_WRITE_EXHAUSTED_PRIMALITY_UNASSIGNED,513,512,512,NO_RECORDED_FACTOR_PRP_OR_LL_RESULT_AND_NO_ACTIVE_GIMPS_ASSIGNMENT,2026-08-09T09:12:31+00:00,UNALLOCATED,,,,,
SLCMP2607-2561,2561,2561,794125559,2^794125559-1,STRUCTURAL_SCREEN_EXHAUSTED_PRIMALITY_UNASSIGNED,GF3A_DIRECTIONAL_WRITE_EXHAUSTED_PRIMALITY_UNASSIGNED,514,512,512,NO_RECORDED_FACTOR_PRP_OR_LL_RESULT_AND_NO_ACTIVE_GIMPS_ASSIGNMENT,2026-08-09T09:12:31+00:00,UNALLOCATED,,,,,
SLCMP2607-2562,2562,2562,794125727,2^794125727-1,STRUCTURAL_SCREEN_EXHAUSTED_PRIMALITY_UNASSIGNED,GF3A_DIRECTIONAL_WRITE_EXHAUSTED_PRIMALITY_UNASSIGNED,514,512,512,NO_RECORDED_FACTOR_PRP_OR_LL_RESULT_AND_NO_ACTIVE_GIMPS_ASSIGNMENT,2026-08-09T09:12:31+00:00,UNALLOCATED,,,,,
SLCMP2607-2563,2563,2563,794125751,2^794125751-1,STRUCTURAL_SCREEN_EXHAUSTED_PRIMALITY_UNASSIGNED,GF3A_DIRECTIONAL_WRITE_EXHAUSTED_PRIMALITY_UNASSIGNED,514,512,512,NO_RECORDED_FACTOR_PRP_OR_LL_RESULT_AND_NO_ACTIVE_GIMPS_ASSIGNMENT,2026-08-09T09:12:31+00:00,UNALLOCATED,,,,,
SLCMP2607-2564,2564,2564,794125789,2^794125789-1,STRUCTURAL_SCREEN_EXHAUSTED_PRIMALITY_UNASSIGNED,GF3A_DIRECTIONAL_WRITE_EXHAUSTED_PRIMALITY_UNASSIGNED,513,512,512,NO_RECORDED_FACTOR_PRP_OR_LL_RESULT_AND_NO_ACTIVE_GIMPS_ASSIGNMENT,2026-08-09T09:12:31+00:00,UNALLOCATED,,,,,
SLCMP2607-2565,2565,2565,794125819,2^794125819-1,STRUCTURAL_SCREEN_EXHAUSTED_PRIMALITY_UNASSIGNED,GF3A_DIRECTIONAL_WRITE_EXHAUSTED_PRIMALITY_UNASSIGNED,514,512,512,NO_RECORDED_FACTOR_PRP_OR_LL_RESULT_AND_NO_ACTIVE_GIMPS_ASSIGNMENT,2026-08-09T09:12:31+00:00,UNALLOCATED,,,,,
SLCMP2607-2566,2566,2566,794125903,2^794125903-1,STRUCTURAL_SCREEN_EXHAUSTED_PRIMALITY_UNASSIGNED,GF3A_DIRECTIONAL_WRITE_EXHAUSTED_PRIMALITY_UNASSIGNED,514,512,512,NO_RECORDED_FACTOR_PRP_OR_LL_RESULT_AND_NO_ACTIVE_GIMPS_ASSIGNMENT,2026-08-09T09:12:31+00:00,UNALLOCATED,,,,,
SLCMP2607-2567,2567,2567,794125909,2^794125909-1,STRUCTURAL_SCREEN_EXHAUSTED_PRIMALITY_UNASSIGNED,GF3A_DIRECTIONAL_WRITE_EXHAUSTED_PRIMALITY_UNASSIGNED,513,512,512,NO_RECORDED_FACTOR_PRP_OR_LL_RESULT_AND_NO_ACTIVE_GIMPS_ASSIGNMENT,2026-08-09T09:12:31+00:00,UNALLOCATED,,,,,
SLCMP2607-2568,2568,2568,794126173,2^794126173-1,STRUCTURAL_SCREEN_EXHAUSTED_PRIMALITY_UNASSIGNED,GF3A_DIRECTIONAL_WRITE_EXHAUSTED_PRIMALITY_UNASSIGNED,513,512,512,NO_RECORDED_FACTOR_PRP_OR_LL_RESULT_AND_NO_ACTIVE_GIMPS_ASSIGNMENT,2026-08-09T09:12:31+00:00,UNALLOCATED,,,,,
SLCMP2607-2569,2569,2569,794126257,2^794126257-1,STRUCTURAL_SCREEN_EXHAUSTED_PRIMALITY_UNASSIGNED,GF3A_DIRECTIONAL_WRITE_EXHAUSTED_PRIMALITY_UNASSIGNED,513,512,512,NO_RECORDED_FACTOR_PRP_OR_LL_RESULT_AND_NO_ACTIVE_GIMPS_ASSIGNMENT,2026-08-09T09:12:31+00:00,UNALLOCATED,,,,,
SLCMP2607-2570,2570,2570,794126327,2^794126327-1,STRUCTURAL_SCREEN_EXHAUSTED_PRIMALITY_UNASSIGNED,GF3A_DIRECTIONAL_WRITE_EXHAUSTED_PRIMALITY_UNASSIGNED,514,512,512,NO_RECORDED_FACTOR_PRP_OR_LL_RESULT_AND_NO_ACTIVE_GIMPS_ASSIGNMENT,2026-08-09T09:12:31+00:00,UNALLOCATED,,,,,
SLCMP2607-2571,2571,2571,794126363,2^794126363-1,STRUCTURAL_SCREEN_EXHAUSTED_PRIMALITY_UNASSIGNED,GF3A_DIRECTIONAL_WRITE_EXHAUSTED_PRIMALITY_UNASSIGNED,514,512,512,NO_RECORDED_FACTOR_PRP_OR_LL_RESULT_AND_NO_ACTIVE_GIMPS_ASSIGNMENT,2026-08-09T09:12:31+00:00,UNALLOCATED,,,,,
SLCMP2607-2572,2572,2572,794126447,2^794126447-1,STRUCTURAL_SCREEN_EXHAUSTED_PRIMALITY_UNASSIGNED,GF3A_DIRECTIONAL_WRITE_EXHAUSTED_PRIMALITY_UNASSIGNED,514,512,512,NO_RECORDED_FACTOR_PRP_OR_LL_RESULT_AND_NO_ACTIVE_GIMPS_ASSIGNMENT,2026-08-09T09:12:31+00:00,UNALLOCATED,,,,,
SLCMP2607-2573,2573,2573,794126479,2^794126479-1,STRUCTURAL_SCREEN_EXHAUSTED_PRIMALITY_UNASSIGNED,GF3A_DIRECTIONAL_WRITE_EXHAUSTED_PRIMALITY_UNASSIGNED,514,512,512,NO_RECORDED_FACTOR_PRP_OR_LL_RESULT_AND_NO_ACTIVE_GIMPS_ASSIGNMENT,2026-08-09T09:12:31+00:00,UNALLOCATED,,,,,
SLCMP2607-2574,2574,2574,794126521,2^794126521-1,STRUCTURAL_SCREEN_EXHAUSTED_PRIMALITY_UNASSIGNED,GF3A_DIRECTIONAL_WRITE_EXHAUSTED_PRIMALITY_UNASSIGNED,513,512,512,NO_RECORDED_FACTOR_PRP_OR_LL_RESULT_AND_NO_ACTIVE_GIMPS_ASSIGNMENT,2026-08-09T09:12:31+00:00,UNALLOCATED,,,,,
SLCMP2607-2575,2575,2575,794126549,2^794126549-1,STRUCTURAL_SCREEN_EXHAUSTED_PRIMALITY_UNASSIGNED,GF3A_DIRECTIONAL_WRITE_EXHAUSTED_PRIMALITY_UNASSIGNED,513,512,512,NO_RECORDED_FACTOR_PRP_OR_LL_RESULT_AND_NO_ACTIVE_GIMPS_ASSIGNMENT,2026-08-09T09:12:31+00:00,UNALLOCATED,,,,,
SLCMP2607-2576,2576,2576,794126647,2^794126647-1,STRUCTURAL_SCREEN_EXHAUSTED_PRIMALITY_UNASSIGNED,GF3A_DIRECTIONAL_WRITE_EXHAUSTED_PRIMALITY_UNASSIGNED,514,512,512,NO_RECORDED_FACTOR_PRP_OR_LL_RESULT_AND_NO_ACTIVE_GIMPS_ASSIGNMENT,2026-08-09T09:12:31+00:00,UNALLOCATED,,,,,
SLCMP2607-2577,2577,2577,794126651,2^794126651-1,STRUCTURAL_SCREEN_EXHAUSTED_PRIMALITY_UNASSIGNED,GF3A_DIRECTIONAL_WRITE_EXHAUSTED_PRIMALITY_UNASSIGNED,514,512,512,NO_RECORDED_FACTOR_PRP_OR_LL_RESULT_AND_NO_ACTIVE_GIMPS_ASSIGNMENT,2026-08-09T09:12:31+00:00,UNALLOCATED,,,,,
SLCMP2607-2578,2578,2578,794126689,2^794126689-1,STRUCTURAL_SCREEN_EXHAUSTED_PRIMALITY_UNASSIGNED,GF3A_DIRECTIONAL_WRITE_EXHAUSTED_PRIMALITY_UNASSIGNED,513,512,512,NO_RECORDED_FACTOR_PRP_OR_LL_RESULT_AND_NO_ACTIVE_GIMPS_ASSIGNMENT,2026-08-09T09:12:31+00:00,UNALLOCATED,,,,,
SLCMP2607-2579,2579,2579,794126761,2^794126761-1,STRUCTURAL_SCREEN_EXHAUSTED_PRIMALITY_UNASSIGNED,GF3A_DIRECTIONAL_WRITE_EXHAUSTED_PRIMALITY_UNASSIGNED,513,512,512,NO_RECORDED_FACTOR_PRP_OR_LL_RESULT_AND_NO_ACTIVE_GIMPS_ASSIGNMENT,2026-08-09T09:12:31+00:00,UNALLOCATED,,,,,
SLCMP2607-2580,2580,2580,794126989,2^794126989-1,STRUCTURAL_SCREEN_EXHAUSTED_PRIMALITY_UNASSIGNED,GF3A_DIRECTIONAL_WRITE_EXHAUSTED_PRIMALITY_UNASSIGNED,513,512,512,NO_RECORDED_FACTOR_PRP_OR_LL_RESULT_AND_NO_ACTIVE_GIMPS_ASSIGNMENT,2026-08-09T09:12:31+00:00,UNALLOCATED,,,,,
SLCMP2607-2581,2581,2581,794127121,2^794127121-1,STRUCTURAL_SCREEN_EXHAUSTED_PRIMALITY_UNASSIGNED,GF3A_DIRECTIONAL_WRITE_EXHAUSTED_PRIMALITY_UNASSIGNED,513,512,512,NO_RECORDED_FACTOR_PRP_OR_LL_RESULT_AND_NO_ACTIVE_GIMPS_ASSIGNMENT,2026-08-09T09:12:31+00:00,UNALLOCATED,,,,,
SLCMP2607-2582,2582,2582,794127179,2^794127179-1,STRUCTURAL_SCREEN_EXHAUSTED_PRIMALITY_UNASSIGNED,GF3A_DIRECTIONAL_WRITE_EXHAUSTED_PRIMALITY_UNASSIGNED,514,512,512,NO_RECORDED_FACTOR_PRP_OR_LL_RESULT_AND_NO_ACTIVE_GIMPS_ASSIGNMENT,2026-08-09T09:12:31+00:00,UNALLOCATED,,,,,
SLCMP2607-2583,2583,2583,794127223,2^794127223-1,STRUCTURAL_SCREEN_EXHAUSTED_PRIMALITY_UNASSIGNED,GF3A_DIRECTIONAL_WRITE_EXHAUSTED_PRIMALITY_UNASSIGNED,514,512,512,NO_RECORDED_FACTOR_PRP_OR_LL_RESULT_AND_NO_ACTIVE_GIMPS_ASSIGNMENT,2026-08-09T09:12:31+00:00,UNALLOCATED,,,,,
SLCMP2607-2584,2584,2584,794127353,2^794127353-1,STRUCTURAL_SCREEN_EXHAUSTED_PRIMALITY_UNASSIGNED,GF3A_DIRECTIONAL_WRITE_EXHAUSTED_PRIMALITY_UNASSIGNED,513,512,512,NO_RECORDED_FACTOR_PRP_OR_LL_RESULT_AND_NO_ACTIVE_GIMPS_ASSIGNMENT,2026-08-09T09:12:31+00:00,UNALLOCATED,,,,,
SLCMP2607-2585,2585,2585,794127377,2^794127377-1,STRUCTURAL_SCREEN_EXHAUSTED_PRIMALITY_UNASSIGNED,GF3A_DIRECTIONAL_WRITE_EXHAUSTED_PRIMALITY_UNASSIGNED,513,512,512,NO_RECORDED_FACTOR_PRP_OR_LL_RESULT_AND_NO_ACTIVE_GIMPS_ASSIGNMENT,2026-08-09T09:12:31+00:00,UNALLOCATED,,,,,
SLCMP2607-2586,2586,2586,794127533,2^794127533-1,STRUCTURAL_SCREEN_EXHAUSTED_PRIMALITY_UNASSIGNED,GF3A_DIRECTIONAL_WRITE_EXHAUSTED_PRIMALITY_UNASSIGNED,513,512,512,NO_RECORDED_FACTOR_PRP_OR_LL_RESULT_AND_NO_ACTIVE_GIMPS_ASSIGNMENT,2026-08-09T09:12:31+00:00,UNALLOCATED,,,,,
SLCMP2607-2587,2587,2587,794127563,2^794127563-1,STRUCTURAL_SCREEN_EXHAUSTED_PRIMALITY_UNASSIGNED,GF3A_DIRECTIONAL_WRITE_EXHAUSTED_PRIMALITY_UNASSIGNED,514,512,512,NO_RECORDED_FACTOR_PRP_OR_LL_RESULT_AND_NO_ACTIVE_GIMPS_ASSIGNMENT,2026-08-09T09:12:31+00:00,UNALLOCATED,,,,,
SLCMP2607-2588,2588,2588,794127599,2^794127599-1,STRUCTURAL_SCREEN_EXHAUSTED_PRIMALITY_UNASSIGNED,GF3A_DIRECTIONAL_WRITE_EXHAUSTED_PRIMALITY_UNASSIGNED,514,512,512,NO_RECORDED_FACTOR_PRP_OR_LL_RESULT_AND_NO_ACTIVE_GIMPS_ASSIGNMENT,2026-08-09T09:12:31+00:00,UNALLOCATED,,,,,
SLCMP2607-2589,2589,2589,794127611,2^794127611-1,STRUCTURAL_SCREEN_EXHAUSTED_PRIMALITY_UNASSIGNED,GF3A_DIRECTIONAL_WRITE_EXHAUSTED_PRIMALITY_UNASSIGNED,514,512,512,NO_RECORDED_FACTOR_PRP_OR_LL_RESULT_AND_NO_ACTIVE_GIMPS_ASSIGNMENT,2026-08-09T09:12:31+00:00,UNALLOCATED,,,,,
SLCMP2607-2590,2590,2590,794127661,2^794127661-1,STRUCTURAL_SCREEN_EXHAUSTED_PRIMALITY_UNASSIGNED,GF3A_DIRECTIONAL_WRITE_EXHAUSTED_PRIMALITY_UNASSIGNED,513,512,512,NO_RECORDED_FACTOR_PRP_OR_LL_RESULT_AND_NO_ACTIVE_GIMPS_ASSIGNMENT,2026-08-09T09:12:31+00:00,UNALLOCATED,,,,,
SLCMP2607-2591,2591,2591,794127703,2^794127703-1,STRUCTURAL_SCREEN_EXHAUSTED_PRIMALITY_UNASSIGNED,GF3A_DIRECTIONAL_WRITE_EXHAUSTED_PRIMALITY_UNASSIGNED,514,512,512,NO_RECORDED_FACTOR_PRP_OR_LL_RESULT_AND_NO_ACTIVE_GIMPS_ASSIGNMENT,2026-08-09T09:12:31+00:00,UNALLOCATED,,,,,
SLCMP2607-2592,2592,2592,794127757,2^794127757-1,STRUCTURAL_SCREEN_EXHAUSTED_PRIMALITY_UNASSIGNED,GF3A_DIRECTIONAL_WRITE_EXHAUSTED_PRIMALITY_UNASSIGNED,513,512,512,NO_RECORDED_FACTOR_PRP_OR_LL_RESULT_AND_NO_ACTIVE_GIMPS_ASSIGNMENT,2026-08-09T09:12:31+00:00,UNALLOCATED,,,,,
SLCMP2607-2593,2593,2593,794127797,2^794127797-1,STRUCTURAL_SCREEN_EXHAUSTED_PRIMALITY_UNASSIGNED,GF3A_DIRECTIONAL_WRITE_EXHAUSTED_PRIMALITY_UNASSIGNED,513,512,512,NO_RECORDED_FACTOR_PRP_OR_LL_RESULT_AND_NO_ACTIVE_GIMPS_ASSIGNMENT,2026-08-09T09:12:31+00:00,UNALLOCATED,,,,,
SLCMP2607-2594,2594,2594,794127883,2^794127883-1,STRUCTURAL_SCREEN_EXHAUSTED_PRIMALITY_UNASSIGNED,GF3A_DIRECTIONAL_WRITE_EXHAUSTED_PRIMALITY_UNASSIGNED,514,512,512,NO_RECORDED_FACTOR_PRP_OR_LL_RESULT_AND_NO_ACTIVE_GIMPS_ASSIGNMENT,2026-08-09T09:12:31+00:00,UNALLOCATED,,,,,
SLCMP2607-2595,2595,2595,794127911,2^794127911-1,STRUCTURAL_SCREEN_EXHAUSTED_PRIMALITY_UNASSIGNED,GF3A_DIRECTIONAL_WRITE_EXHAUSTED_PRIMALITY_UNASSIGNED,514,512,512,NO_RECORDED_FACTOR_PRP_OR_LL_RESULT_AND_NO_ACTIVE_GIMPS_ASSIGNMENT,2026-08-09T09:12:31+00:00,UNALLOCATED,,,,,
SLCMP2607-2596,2596,2596,794127931,2^794127931-1,STRUCTURAL_SCREEN_EXHAUSTED_PRIMALITY_UNASSIGNED,GF3A_DIRECTIONAL_WRITE_EXHAUSTED_PRIMALITY_UNASSIGNED,514,512,512,NO_RECORDED_FACTOR_PRP_OR_LL_RESULT_AND_NO_ACTIVE_GIMPS_ASSIGNMENT,2026-08-09T09:12:31+00:00,UNALLOCATED,,,,,
SLCMP2607-2597,2597,2597,794127937,2^794127937-1,STRUCTURAL_SCREEN_EXHAUSTED_PRIMALITY_UNASSIGNED,GF3A_DIRECTIONAL_WRITE_EXHAUSTED_PRIMALITY_UNASSIGNED,513,512,512,NO_RECORDED_FACTOR_PRP_OR_LL_RESULT_AND_NO_ACTIVE_GIMPS_ASSIGNMENT,2026-08-09T09:12:31+00:00,UNALLOCATED,,,,,
SLCMP2607-2598,2598,2598,794128001,2^794128001-1,STRUCTURAL_SCREEN_EXHAUSTED_PRIMALITY_UNASSIGNED,GF3A_DIRECTIONAL_WRITE_EXHAUSTED_PRIMALITY_UNASSIGNED,513,512,512,NO_RECORDED_FACTOR_PRP_OR_LL_RESULT_AND_NO_ACTIVE_GIMPS_ASSIGNMENT,2026-08-09T09:12:31+00:00,UNALLOCATED,,,,,
SLCMP2607-2599,2599,2599,794128033,2^794128033-1,STRUCTURAL_SCREEN_EXHAUSTED_PRIMALITY_UNASSIGNED,GF3A_DIRECTIONAL_WRITE_EXHAUSTED_PRIMALITY_UNASSIGNED,513,512,512,NO_RECORDED_FACTOR_PRP_OR_LL_RESULT_AND_NO_ACTIVE_GIMPS_ASSIGNMENT,2026-08-09T09:12:31+00:00,UNALLOCATED,,,,,
SLCMP2607-2600,2600,2600,794128087,2^794128087-1,STRUCTURAL_SCREEN_EXHAUSTED_PRIMALITY_UNASSIGNED,GF3A_DIRECTIONAL_WRITE_EXHAUSTED_PRIMALITY_UNASSIGNED,514,512,512,NO_RECORDED_FACTOR_PRP_OR_LL_RESULT_AND_NO_ACTIVE_GIMPS_ASSIGNMENT,2026-08-09T09:12:31+00:00,UNALLOCATED,,,,,
SLCMP2607-2601,2601,2601,794128163,2^794128163-1,STRUCTURAL_SCREEN_EXHAUSTED_PRIMALITY_UNASSIGNED,GF3A_DIRECTIONAL_WRITE_EXHAUSTED_PRIMALITY_UNASSIGNED,514,512,512,NO_RECORDED_FACTOR_PRP_OR_LL_RESULT_AND_NO_ACTIVE_GIMPS_ASSIGNMENT,2026-08-09T09:12:31+00:00,UNALLOCATED,,,,,
SLCMP2607-2602,2602,2602,794128217,2^794128217-1,STRUCTURAL_SCREEN_EXHAUSTED_PRIMALITY_UNASSIGNED,GF3A_DIRECTIONAL_WRITE_EXHAUSTED_PRIMALITY_UNASSIGNED,513,512,512,NO_RECORDED_FACTOR_PRP_OR_LL_RESULT_AND_NO_ACTIVE_GIMPS_ASSIGNMENT,2026-08-09T09:12:31+00:00,UNALLOCATED,,,,,
SLCMP2607-2603,2603,2603,794128477,2^794128477-1,STRUCTURAL_SCREEN_EXHAUSTED_PRIMALITY_UNASSIGNED,GF3A_DIRECTIONAL_WRITE_EXHAUSTED_PRIMALITY_UNASSIGNED,513,512,512,NO_RECORDED_FACTOR_PRP_OR_LL_RESULT_AND_NO_ACTIVE_GIMPS_ASSIGNMENT,2026-08-09T09:12:31+00:00,UNALLOCATED,,,,,
SLCMP2607-2604,2604,2604,794128493,2^794128493-1,STRUCTURAL_SCREEN_EXHAUSTED_PRIMALITY_UNASSIGNED,GF3A_DIRECTIONAL_WRITE_EXHAUSTED_PRIMALITY_UNASSIGNED,513,512,512,NO_RECORDED_FACTOR_PRP_OR_LL_RESULT_AND_NO_ACTIVE_GIMPS_ASSIGNMENT,2026-08-09T09:12:31+00:00,UNALLOCATED,,,,,
SLCMP2607-2605,2605,2605,794128571,2^794128571-1,STRUCTURAL_SCREEN_EXHAUSTED_PRIMALITY_UNASSIGNED,GF3A_DIRECTIONAL_WRITE_EXHAUSTED_PRIMALITY_UNASSIGNED,514,512,512,NO_RECORDED_FACTOR_PRP_OR_LL_RESULT_AND_NO_ACTIVE_GIMPS_ASSIGNMENT,2026-08-09T09:12:31+00:00,UNALLOCATED,,,,,
SLCMP2607-2606,2606,2606,794128649,2^794128649-1,STRUCTURAL_SCREEN_EXHAUSTED_PRIMALITY_UNASSIGNED,GF3A_DIRECTIONAL_WRITE_EXHAUSTED_PRIMALITY_UNASSIGNED,513,512,512,NO_RECORDED_FACTOR_PRP_OR_LL_RESULT_AND_NO_ACTIVE_GIMPS_ASSIGNMENT,2026-08-09T09:12:31+00:00,UNALLOCATED,,,,,
SLCMP2607-2607,2607,2607,794128691,2^794128691-1,STRUCTURAL_SCREEN_EXHAUSTED_PRIMALITY_UNASSIGNED,GF3A_DIRECTIONAL_WRITE_EXHAUSTED_PRIMALITY_UNASSIGNED,514,512,512,NO_RECORDED_FACTOR_PRP_OR_LL_RESULT_AND_NO_ACTIVE_GIMPS_ASSIGNMENT,2026-08-09T09:12:31+00:00,UNALLOCATED,,,,,
SLCMP2607-2608,2608,2608,794128697,2^794128697-1,STRUCTURAL_SCREEN_EXHAUSTED_PRIMALITY_UNASSIGNED,GF3A_DIRECTIONAL_WRITE_EXHAUSTED_PRIMALITY_UNASSIGNED,513,512,512,NO_RECORDED_FACTOR_PRP_OR_LL_RESULT_AND_NO_ACTIVE_GIMPS_ASSIGNMENT,2026-08-09T09:12:31+00:00,UNALLOCATED,,,,,
SLCMP2607-2609,2609,2609,794128711,2^794128711-1,STRUCTURAL_SCREEN_EXHAUSTED_PRIMALITY_UNASSIGNED,GF3A_DIRECTIONAL_WRITE_EXHAUSTED_PRIMALITY_UNASSIGNED,514,512,512,NO_RECORDED_FACTOR_PRP_OR_LL_RESULT_AND_NO_ACTIVE_GIMPS_ASSIGNMENT,2026-08-09T09:12:31+00:00,UNALLOCATED,,,,,
SLCMP2607-2610,2610,2610,794128729,2^794128729-1,STRUCTURAL_SCREEN_EXHAUSTED_PRIMALITY_UNASSIGNED,GF3A_DIRECTIONAL_WRITE_EXHAUSTED_PRIMALITY_UNASSIGNED,513,512,512,NO_RECORDED_FACTOR_PRP_OR_LL_RESULT_AND_NO_ACTIVE_GIMPS_ASSIGNMENT,2026-08-09T09:12:31+00:00,UNALLOCATED,,,,,
SLCMP2607-2611,2611,2611,794128879,2^794128879-1,STRUCTURAL_SCREEN_EXHAUSTED_PRIMALITY_UNASSIGNED,GF3A_DIRECTIONAL_WRITE_EXHAUSTED_PRIMALITY_UNASSIGNED,514,512,512,NO_RECORDED_FACTOR_PRP_OR_LL_RESULT_AND_NO_ACTIVE_GIMPS_ASSIGNMENT,2026-08-09T09:12:31+00:00,UNALLOCATED,,,,,
SLCMP2607-2612,2612,2612,794128949,2^794128949-1,STRUCTURAL_SCREEN_EXHAUSTED_PRIMALITY_UNASSIGNED,GF3A_DIRECTIONAL_WRITE_EXHAUSTED_PRIMALITY_UNASSIGNED,513,512,512,NO_RECORDED_FACTOR_PRP_OR_LL_RESULT_AND_NO_ACTIVE_GIMPS_ASSIGNMENT,2026-08-09T09:12:31+00:00,UNALLOCATED,,,,,
SLCMP2607-2613,2613,2613,794129023,2^794129023-1,STRUCTURAL_SCREEN_EXHAUSTED_PRIMALITY_UNASSIGNED,GF3A_DIRECTIONAL_WRITE_EXHAUSTED_PRIMALITY_UNASSIGNED,514,512,512,NO_RECORDED_FACTOR_PRP_OR_LL_RESULT_AND_NO_ACTIVE_GIMPS_ASSIGNMENT,2026-08-09T09:12:31+00:00,UNALLOCATED,,,,,
SLCMP2607-2614,2614,2614,794129053,2^794129053-1,STRUCTURAL_SCREEN_EXHAUSTED_PRIMALITY_UNASSIGNED,GF3A_DIRECTIONAL_WRITE_EXHAUSTED_PRIMALITY_UNASSIGNED,513,512,512,NO_RECORDED_FACTOR_PRP_OR_LL_RESULT_AND_NO_ACTIVE_GIMPS_ASSIGNMENT,2026-08-09T09:12:31+00:00,UNALLOCATED,,,,,
SLCMP2607-2615,2615,2615,794129071,2^794129071-1,STRUCTURAL_SCREEN_EXHAUSTED_PRIMALITY_UNASSIGNED,GF3A_DIRECTIONAL_WRITE_EXHAUSTED_PRIMALITY_UNASSIGNED,514,512,512,NO_RECORDED_FACTOR_PRP_OR_LL_RESULT_AND_NO_ACTIVE_GIMPS_ASSIGNMENT,2026-08-09T09:12:31+00:00,UNALLOCATED,,,,,
SLCMP2607-2616,2616,2616,794129129,2^794129129-1,STRUCTURAL_SCREEN_EXHAUSTED_PRIMALITY_UNASSIGNED,GF3A_DIRECTIONAL_WRITE_EXHAUSTED_PRIMALITY_UNASSIGNED,513,512,512,NO_RECORDED_FACTOR_PRP_OR_LL_RESULT_AND_NO_ACTIVE_GIMPS_ASSIGNMENT,2026-08-09T09:12:31+00:00,UNALLOCATED,,,,,
SLCMP2607-2617,2617,2617,794129191,2^794129191-1,STRUCTURAL_SCREEN_EXHAUSTED_PRIMALITY_UNASSIGNED,GF3A_DIRECTIONAL_WRITE_EXHAUSTED_PRIMALITY_UNASSIGNED,514,512,512,NO_RECORDED_FACTOR_PRP_OR_LL_RESULT_AND_NO_ACTIVE_GIMPS_ASSIGNMENT,2026-08-09T09:12:31+00:00,UNALLOCATED,,,,,
SLCMP2607-2618,2618,2618,794129207,2^794129207-1,STRUCTURAL_SCREEN_EXHAUSTED_PRIMALITY_UNASSIGNED,GF3A_DIRECTIONAL_WRITE_EXHAUSTED_PRIMALITY_UNASSIGNED,514,512,512,NO_RECORDED_FACTOR_PRP_OR_LL_RESULT_AND_NO_ACTIVE_GIMPS_ASSIGNMENT,2026-08-09T09:12:31+00:00,UNALLOCATED,,,,,
SLCMP2607-2619,2619,2619,794129233,2^794129233-1,STRUCTURAL_SCREEN_EXHAUSTED_PRIMALITY_UNASSIGNED,GF3A_DIRECTIONAL_WRITE_EXHAUSTED_PRIMALITY_UNASSIGNED,513,512,512,NO_RECORDED_FACTOR_PRP_OR_LL_RESULT_AND_NO_ACTIVE_GIMPS_ASSIGNMENT,2026-08-09T09:12:31+00:00,UNALLOCATED,,,,,
SLCMP2607-2620,2620,2620,794129239,2^794129239-1,STRUCTURAL_SCREEN_EXHAUSTED_PRIMALITY_UNASSIGNED,GF3A_DIRECTIONAL_WRITE_EXHAUSTED_PRIMALITY_UNASSIGNED,514,512,512,NO_RECORDED_FACTOR_PRP_OR_LL_RESULT_AND_NO_ACTIVE_GIMPS_ASSIGNMENT,2026-08-09T09:12:31+00:00,UNALLOCATED,,,,,
SLCMP2607-2621,2621,2621,794129311,2^794129311-1,STRUCTURAL_SCREEN_EXHAUSTED_PRIMALITY_UNASSIGNED,GF3A_DIRECTIONAL_WRITE_EXHAUSTED_PRIMALITY_UNASSIGNED,514,512,512,NO_RECORDED_FACTOR_PRP_OR_LL_RESULT_AND_NO_ACTIVE_GIMPS_ASSIGNMENT,2026-08-09T09:12:31+00:00,UNALLOCATED,,,,,
SLCMP2607-2622,2622,2622,794129431,2^794129431-1,STRUCTURAL_SCREEN_EXHAUSTED_PRIMALITY_UNASSIGNED,GF3A_DIRECTIONAL_WRITE_EXHAUSTED_PRIMALITY_UNASSIGNED,514,512,512,NO_RECORDED_FACTOR_PRP_OR_LL_RESULT_AND_NO_ACTIVE_GIMPS_ASSIGNMENT,2026-08-09T09:12:31+00:00,UNALLOCATED,,,,,
SLCMP2607-2623,2623,2623,794129471,2^794129471-1,STRUCTURAL_SCREEN_EXHAUSTED_PRIMALITY_UNASSIGNED,GF3A_DIRECTIONAL_WRITE_EXHAUSTED_PRIMALITY_UNASSIGNED,514,512,512,NO_RECORDED_FACTOR_PRP_OR_LL_RESULT_AND_NO_ACTIVE_GIMPS_ASSIGNMENT,2026-08-09T09:12:31+00:00,UNALLOCATED,,,,,
SLCMP2607-2624,2624,2624,794129513,2^794129513-1,STRUCTURAL_SCREEN_EXHAUSTED_PRIMALITY_UNASSIGNED,GF3A_DIRECTIONAL_WRITE_EXHAUSTED_PRIMALITY_UNASSIGNED,513,512,512,NO_RECORDED_FACTOR_PRP_OR_LL_RESULT_AND_NO_ACTIVE_GIMPS_ASSIGNMENT,2026-08-09T09:12:31+00:00,UNALLOCATED,,,,,
SLCMP2607-2625,2625,2625,794129527,2^794129527-1,STRUCTURAL_SCREEN_EXHAUSTED_PRIMALITY_UNASSIGNED,GF3A_DIRECTIONAL_WRITE_EXHAUSTED_PRIMALITY_UNASSIGNED,514,512,512,NO_RECORDED_FACTOR_PRP_OR_LL_RESULT_AND_NO_ACTIVE_GIMPS_ASSIGNMENT,2026-08-09T09:12:31+00:00,UNALLOCATED,,,,,
SLCMP2607-2626,2626,2626,794129549,2^794129549-1,STRUCTURAL_SCREEN_EXHAUSTED_PRIMALITY_UNASSIGNED,GF3A_DIRECTIONAL_WRITE_EXHAUSTED_PRIMALITY_UNASSIGNED,513,512,512,NO_RECORDED_FACTOR_PRP_OR_LL_RESULT_AND_NO_ACTIVE_GIMPS_ASSIGNMENT,2026-08-09T09:12:31+00:00,UNALLOCATED,,,,,
SLCMP2607-2627,2627,2627,794129593,2^794129593-1,STRUCTURAL_SCREEN_EXHAUSTED_PRIMALITY_UNASSIGNED,GF3A_DIRECTIONAL_WRITE_EXHAUSTED_PRIMALITY_UNASSIGNED,513,512,512,NO_RECORDED_FACTOR_PRP_OR_LL_RESULT_AND_NO_ACTIVE_GIMPS_ASSIGNMENT,2026-08-09T09:12:31+00:00,UNALLOCATED,,,,,
SLCMP2607-2628,2628,2628,794129689,2^794129689-1,STRUCTURAL_SCREEN_EXHAUSTED_PRIMALITY_UNASSIGNED,GF3A_DIRECTIONAL_WRITE_EXHAUSTED_PRIMALITY_UNASSIGNED,513,512,512,NO_RECORDED_FACTOR_PRP_OR_LL_RESULT_AND_NO_ACTIVE_GIMPS_ASSIGNMENT,2026-08-09T09:12:31+00:00,UNALLOCATED,,,,,
SLCMP2607-2629,2629,2629,794129797,2^794129797-1,STRUCTURAL_SCREEN_EXHAUSTED_PRIMALITY_UNASSIGNED,GF3A_DIRECTIONAL_WRITE_EXHAUSTED_PRIMALITY_UNASSIGNED,513,512,512,NO_RECORDED_FACTOR_PRP_OR_LL_RESULT_AND_NO_ACTIVE_GIMPS_ASSIGNMENT,2026-08-09T09:12:31+00:00,UNALLOCATED,,,,,
SLCMP2607-2630,2630,2630,794129827,2^794129827-1,STRUCTURAL_SCREEN_EXHAUSTED_PRIMALITY_UNASSIGNED,GF3A_DIRECTIONAL_WRITE_EXHAUSTED_PRIMALITY_UNASSIGNED,514,512,512,NO_RECORDED_FACTOR_PRP_OR_LL_RESULT_AND_NO_ACTIVE_GIMPS_ASSIGNMENT,2026-08-09T09:12:31+00:00,UNALLOCATED,,,,,
SLCMP2607-2631,2631,2631,794129837,2^794129837-1,STRUCTURAL_SCREEN_EXHAUSTED_PRIMALITY_UNASSIGNED,GF3A_DIRECTIONAL_WRITE_EXHAUSTED_PRIMALITY_UNASSIGNED,513,512,512,NO_RECORDED_FACTOR_PRP_OR_LL_RESULT_AND_NO_ACTIVE_GIMPS_ASSIGNMENT,2026-08-09T09:12:31+00:00,UNALLOCATED,,,,,
SLCMP2607-2632,2632,2632,794129839,2^794129839-1,STRUCTURAL_SCREEN_EXHAUSTED_PRIMALITY_UNASSIGNED,GF3A_DIRECTIONAL_WRITE_EXHAUSTED_PRIMALITY_UNASSIGNED,514,512,512,NO_RECORDED_FACTOR_PRP_OR_LL_RESULT_AND_NO_ACTIVE_GIMPS_ASSIGNMENT,2026-08-09T09:12:31+00:00,UNALLOCATED,,,,,
SLCMP2607-2633,2633,2633,794129851,2^794129851-1,STRUCTURAL_SCREEN_EXHAUSTED_PRIMALITY_UNASSIGNED,GF3A_DIRECTIONAL_WRITE_EXHAUSTED_PRIMALITY_UNASSIGNED,514,512,512,NO_RECORDED_FACTOR_PRP_OR_LL_RESULT_AND_NO_ACTIVE_GIMPS_ASSIGNMENT,2026-08-09T09:12:31+00:00,UNALLOCATED,,,,,
SLCMP2607-2634,2634,2634,794129863,2^794129863-1,STRUCTURAL_SCREEN_EXHAUSTED_PRIMALITY_UNASSIGNED,GF3A_DIRECTIONAL_WRITE_EXHAUSTED_PRIMALITY_UNASSIGNED,514,512,512,NO_RECORDED_FACTOR_PRP_OR_LL_RESULT_AND_NO_ACTIVE_GIMPS_ASSIGNMENT,2026-08-09T09:12:31+00:00,UNALLOCATED,,,,,
SLCMP2607-2635,2635,2635,794129887,2^794129887-1,STRUCTURAL_SCREEN_EXHAUSTED_PRIMALITY_UNASSIGNED,GF3A_DIRECTIONAL_WRITE_EXHAUSTED_PRIMALITY_UNASSIGNED,514,512,512,NO_RECORDED_FACTOR_PRP_OR_LL_RESULT_AND_NO_ACTIVE_GIMPS_ASSIGNMENT,2026-08-09T09:12:31+00:00,UNALLOCATED,,,,,
SLCMP2607-2636,2636,2636,794129951,2^794129951-1,STRUCTURAL_SCREEN_EXHAUSTED_PRIMALITY_UNASSIGNED,GF3A_DIRECTIONAL_WRITE_EXHAUSTED_PRIMALITY_UNASSIGNED,514,512,512,NO_RECORDED_FACTOR_PRP_OR_LL_RESULT_AND_NO_ACTIVE_GIMPS_ASSIGNMENT,2026-08-09T09:12:31+00:00,UNALLOCATED,,,,,
SLCMP2607-2637,2637,2637,794130019,2^794130019-1,STRUCTURAL_SCREEN_EXHAUSTED_PRIMALITY_UNASSIGNED,GF3A_DIRECTIONAL_WRITE_EXHAUSTED_PRIMALITY_UNASSIGNED,514,512,512,NO_RECORDED_FACTOR_PRP_OR_LL_RESULT_AND_NO_ACTIVE_GIMPS_ASSIGNMENT,2026-08-09T09:12:31+00:00,UNALLOCATED,,,,,
SLCMP2607-2638,2638,2638,794130121,2^794130121-1,STRUCTURAL_SCREEN_EXHAUSTED_PRIMALITY_UNASSIGNED,GF3A_DIRECTIONAL_WRITE_EXHAUSTED_PRIMALITY_UNASSIGNED,513,512,512,NO_RECORDED_FACTOR_PRP_OR_LL_RESULT_AND_NO_ACTIVE_GIMPS_ASSIGNMENT,2026-08-09T09:12:31+00:00,UNALLOCATED,,,,,
SLCMP2607-2639,2639,2639,794130157,2^794130157-1,STRUCTURAL_SCREEN_EXHAUSTED_PRIMALITY_UNASSIGNED,GF3A_DIRECTIONAL_WRITE_EXHAUSTED_PRIMALITY_UNASSIGNED,513,512,512,NO_RECORDED_FACTOR_PRP_OR_LL_RESULT_AND_NO_ACTIVE_GIMPS_ASSIGNMENT,2026-08-09T09:12:31+00:00,UNALLOCATED,,,,,
SLCMP2607-2640,2640,2640,794130313,2^794130313-1,STRUCTURAL_SCREEN_EXHAUSTED_PRIMALITY_UNASSIGNED,GF3A_DIRECTIONAL_WRITE_EXHAUSTED_PRIMALITY_UNASSIGNED,513,512,512,NO_RECORDED_FACTOR_PRP_OR_LL_RESULT_AND_NO_ACTIVE_GIMPS_ASSIGNMENT,2026-08-09T09:12:31+00:00,UNALLOCATED,,,,,
SLCMP2607-2641,2641,2641,794130343,2^794130343-1,STRUCTURAL_SCREEN_EXHAUSTED_PRIMALITY_UNASSIGNED,GF3A_DIRECTIONAL_WRITE_EXHAUSTED_PRIMALITY_UNASSIGNED,514,512,512,NO_RECORDED_FACTOR_PRP_OR_LL_RESULT_AND_NO_ACTIVE_GIMPS_ASSIGNMENT,2026-08-09T09:12:31+00:00,UNALLOCATED,,,,,
SLCMP2607-2642,2642,2642,794130349,2^794130349-1,STRUCTURAL_SCREEN_EXHAUSTED_PRIMALITY_UNASSIGNED,GF3A_DIRECTIONAL_WRITE_EXHAUSTED_PRIMALITY_UNASSIGNED,513,512,512,NO_RECORDED_FACTOR_PRP_OR_LL_RESULT_AND_NO_ACTIVE_GIMPS_ASSIGNMENT,2026-08-09T09:12:31+00:00,UNALLOCATED,,,,,
SLCMP2607-2643,2643,2643,794130373,2^794130373-1,STRUCTURAL_SCREEN_EXHAUSTED_PRIMALITY_UNASSIGNED,GF3A_DIRECTIONAL_WRITE_EXHAUSTED_PRIMALITY_UNASSIGNED,513,512,512,NO_RECORDED_FACTOR_PRP_OR_LL_RESULT_AND_NO_ACTIVE_GIMPS_ASSIGNMENT,2026-08-09T09:12:31+00:00,UNALLOCATED,,,,,
SLCMP2607-2644,2644,2644,794130409,2^794130409-1,STRUCTURAL_SCREEN_EXHAUSTED_PRIMALITY_UNASSIGNED,GF3A_DIRECTIONAL_WRITE_EXHAUSTED_PRIMALITY_UNASSIGNED,513,512,512,NO_RECORDED_FACTOR_PRP_OR_LL_RESULT_AND_NO_ACTIVE_GIMPS_ASSIGNMENT,2026-08-09T09:12:31+00:00,UNALLOCATED,,,,,
SLCMP2607-2645,2645,2645,794130473,2^794130473-1,STRUCTURAL_SCREEN_EXHAUSTED_PRIMALITY_UNASSIGNED,GF3A_DIRECTIONAL_WRITE_EXHAUSTED_PRIMALITY_UNASSIGNED,513,512,512,NO_RECORDED_FACTOR_PRP_OR_LL_RESULT_AND_NO_ACTIVE_GIMPS_ASSIGNMENT,2026-08-09T09:12:31+00:00,UNALLOCATED,,,,,
SLCMP2607-2646,2646,2646,794130521,2^794130521-1,STRUCTURAL_SCREEN_EXHAUSTED_PRIMALITY_UNASSIGNED,GF3A_DIRECTIONAL_WRITE_EXHAUSTED_PRIMALITY_UNASSIGNED,513,512,512,NO_RECORDED_FACTOR_PRP_OR_LL_RESULT_AND_NO_ACTIVE_GIMPS_ASSIGNMENT,2026-08-09T09:12:31+00:00,UNALLOCATED,,,,,
SLCMP2607-2647,2647,2647,794130539,2^794130539-1,STRUCTURAL_SCREEN_EXHAUSTED_PRIMALITY_UNASSIGNED,GF3A_DIRECTIONAL_WRITE_EXHAUSTED_PRIMALITY_UNASSIGNED,514,512,512,NO_RECORDED_FACTOR_PRP_OR_LL_RESULT_AND_NO_ACTIVE_GIMPS_ASSIGNMENT,2026-08-09T09:12:31+00:00,UNALLOCATED,,,,,
SLCMP2607-2648,2648,2648,794130563,2^794130563-1,STRUCTURAL_SCREEN_EXHAUSTED_PRIMALITY_UNASSIGNED,GF3A_DIRECTIONAL_WRITE_EXHAUSTED_PRIMALITY_UNASSIGNED,514,512,512,NO_RECORDED_FACTOR_PRP_OR_LL_RESULT_AND_NO_ACTIVE_GIMPS_ASSIGNMENT,2026-08-09T09:12:31+00:00,UNALLOCATED,,,,,
SLCMP2607-2649,2649,2649,794130569,2^794130569-1,STRUCTURAL_SCREEN_EXHAUSTED_PRIMALITY_UNASSIGNED,GF3A_DIRECTIONAL_WRITE_EXHAUSTED_PRIMALITY_UNASSIGNED,513,512,512,NO_RECORDED_FACTOR_PRP_OR_LL_RESULT_AND_NO_ACTIVE_GIMPS_ASSIGNMENT,2026-08-09T09:12:31+00:00,UNALLOCATED,,,,,
SLCMP2607-2650,2650,2650,794130587,2^794130587-1,STRUCTURAL_SCREEN_EXHAUSTED_PRIMALITY_UNASSIGNED,GF3A_DIRECTIONAL_WRITE_EXHAUSTED_PRIMALITY_UNASSIGNED,514,512,512,NO_RECORDED_FACTOR_PRP_OR_LL_RESULT_AND_NO_ACTIVE_GIMPS_ASSIGNMENT,2026-08-09T09:12:31+00:00,UNALLOCATED,,,,,
SLCMP2607-2651,2651,2651,794130611,2^794130611-1,STRUCTURAL_SCREEN_EXHAUSTED_PRIMALITY_UNASSIGNED,GF3A_DIRECTIONAL_WRITE_EXHAUSTED_PRIMALITY_UNASSIGNED,514,512,512,NO_RECORDED_FACTOR_PRP_OR_LL_RESULT_AND_NO_ACTIVE_GIMPS_ASSIGNMENT,2026-08-09T09:12:31+00:00,UNALLOCATED,,,,,
SLCMP2607-2652,2652,2652,794130661,2^794130661-1,STRUCTURAL_SCREEN_EXHAUSTED_PRIMALITY_UNASSIGNED,GF3A_DIRECTIONAL_WRITE_EXHAUSTED_PRIMALITY_UNASSIGNED,513,512,512,NO_RECORDED_FACTOR_PRP_OR_LL_RESULT_AND_NO_ACTIVE_GIMPS_ASSIGNMENT,2026-08-09T09:12:31+00:00,UNALLOCATED,,,,,
SLCMP2607-2653,2653,2653,794130709,2^794130709-1,STRUCTURAL_SCREEN_EXHAUSTED_PRIMALITY_UNASSIGNED,GF3A_DIRECTIONAL_WRITE_EXHAUSTED_PRIMALITY_UNASSIGNED,513,512,512,NO_RECORDED_FACTOR_PRP_OR_LL_RESULT_AND_NO_ACTIVE_GIMPS_ASSIGNMENT,2026-08-09T09:12:31+00:00,UNALLOCATED,,,,,
SLCMP2607-2654,2654,2654,794130787,2^794130787-1,STRUCTURAL_SCREEN_EXHAUSTED_PRIMALITY_UNASSIGNED,GF3A_DIRECTIONAL_WRITE_EXHAUSTED_PRIMALITY_UNASSIGNED,514,512,512,NO_RECORDED_FACTOR_PRP_OR_LL_RESULT_AND_NO_ACTIVE_GIMPS_ASSIGNMENT,2026-08-09T09:12:31+00:00,UNALLOCATED,,,,,
SLCMP2607-2655,2655,2655,794130791,2^794130791-1,STRUCTURAL_SCREEN_EXHAUSTED_PRIMALITY_UNASSIGNED,GF3A_DIRECTIONAL_WRITE_EXHAUSTED_PRIMALITY_UNASSIGNED,514,512,512,NO_RECORDED_FACTOR_PRP_OR_LL_RESULT_AND_NO_ACTIVE_GIMPS_ASSIGNMENT,2026-08-09T09:12:31+00:00,UNALLOCATED,,,,,
SLCMP2607-2656,2656,2656,794130817,2^794130817-1,STRUCTURAL_SCREEN_EXHAUSTED_PRIMALITY_UNASSIGNED,GF3A_DIRECTIONAL_WRITE_EXHAUSTED_PRIMALITY_UNASSIGNED,513,512,512,NO_RECORDED_FACTOR_PRP_OR_LL_RESULT_AND_NO_ACTIVE_GIMPS_ASSIGNMENT,2026-08-09T09:12:31+00:00,UNALLOCATED,,,,,
SLCMP2607-2657,2657,2657,794130851,2^794130851-1,STRUCTURAL_SCREEN_EXHAUSTED_PRIMALITY_UNASSIGNED,GF3A_DIRECTIONAL_WRITE_EXHAUSTED_PRIMALITY_UNASSIGNED,514,512,512,NO_RECORDED_FACTOR_PRP_OR_LL_RESULT_AND_NO_ACTIVE_GIMPS_ASSIGNMENT,2026-08-09T09:12:31+00:00,UNALLOCATED,,,,,
SLCMP2607-2658,2658,2658,794130881,2^794130881-1,STRUCTURAL_SCREEN_EXHAUSTED_PRIMALITY_UNASSIGNED,GF3A_DIRECTIONAL_WRITE_EXHAUSTED_PRIMALITY_UNASSIGNED,513,512,512,NO_RECORDED_FACTOR_PRP_OR_LL_RESULT_AND_NO_ACTIVE_GIMPS_ASSIGNMENT,2026-08-09T09:12:31+00:00,UNALLOCATED,,,,,
SLCMP2607-2659,2659,2659,794130899,2^794130899-1,STRUCTURAL_SCREEN_EXHAUSTED_PRIMALITY_UNASSIGNED,GF3A_DIRECTIONAL_WRITE_EXHAUSTED_PRIMALITY_UNASSIGNED,514,512,512,NO_RECORDED_FACTOR_PRP_OR_LL_RESULT_AND_NO_ACTIVE_GIMPS_ASSIGNMENT,2026-08-09T09:12:31+00:00,UNALLOCATED,,,,,
SLCMP2607-2660,2660,2660,794130943,2^794130943-1,STRUCTURAL_SCREEN_EXHAUSTED_PRIMALITY_UNASSIGNED,GF3A_DIRECTIONAL_WRITE_EXHAUSTED_PRIMALITY_UNASSIGNED,514,512,512,NO_RECORDED_FACTOR_PRP_OR_LL_RESULT_AND_NO_ACTIVE_GIMPS_ASSIGNMENT,2026-08-09T09:12:31+00:00,UNALLOCATED,,,,,
SLCMP2607-2661,2661,2661,794130977,2^794130977-1,STRUCTURAL_SCREEN_EXHAUSTED_PRIMALITY_UNASSIGNED,GF3A_DIRECTIONAL_WRITE_EXHAUSTED_PRIMALITY_UNASSIGNED,513,512,512,NO_RECORDED_FACTOR_PRP_OR_LL_RESULT_AND_NO_ACTIVE_GIMPS_ASSIGNMENT,2026-08-09T09:12:31+00:00,UNALLOCATED,,,,,
SLCMP2607-2662,2662,2662,794130991,2^794130991-1,STRUCTURAL_SCREEN_EXHAUSTED_PRIMALITY_UNASSIGNED,GF3A_DIRECTIONAL_WRITE_EXHAUSTED_PRIMALITY_UNASSIGNED,514,512,512,NO_RECORDED_FACTOR_PRP_OR_LL_RESULT_AND_NO_ACTIVE_GIMPS_ASSIGNMENT,2026-08-09T09:12:31+00:00,UNALLOCATED,,,,,
SLCMP2607-2663,2663,2663,794131027,2^794131027-1,STRUCTURAL_SCREEN_EXHAUSTED_PRIMALITY_UNASSIGNED,GF3A_DIRECTIONAL_WRITE_EXHAUSTED_PRIMALITY_UNASSIGNED,514,512,512,NO_RECORDED_FACTOR_PRP_OR_LL_RESULT_AND_NO_ACTIVE_GIMPS_ASSIGNMENT,2026-08-09T09:12:31+00:00,UNALLOCATED,,,,,
SLCMP2607-2664,2664,2664,794131067,2^794131067-1,STRUCTURAL_SCREEN_EXHAUSTED_PRIMALITY_UNASSIGNED,GF3A_DIRECTIONAL_WRITE_EXHAUSTED_PRIMALITY_UNASSIGNED,514,512,512,NO_RECORDED_FACTOR_PRP_OR_LL_RESULT_AND_NO_ACTIVE_GIMPS_ASSIGNMENT,2026-08-09T09:12:31+00:00,UNALLOCATED,,,,,
SLCMP2607-2665,2665,2665,794131213,2^794131213-1,STRUCTURAL_SCREEN_EXHAUSTED_PRIMALITY_UNASSIGNED,GF3A_DIRECTIONAL_WRITE_EXHAUSTED_PRIMALITY_UNASSIGNED,513,512,512,NO_RECORDED_FACTOR_PRP_OR_LL_RESULT_AND_NO_ACTIVE_GIMPS_ASSIGNMENT,2026-08-09T09:12:31+00:00,UNALLOCATED,,,,,
SLCMP2607-2666,2666,2666,794131253,2^794131253-1,STRUCTURAL_SCREEN_EXHAUSTED_PRIMALITY_UNASSIGNED,GF3A_DIRECTIONAL_WRITE_EXHAUSTED_PRIMALITY_UNASSIGNED,513,512,512,NO_RECORDED_FACTOR_PRP_OR_LL_RESULT_AND_NO_ACTIVE_GIMPS_ASSIGNMENT,2026-08-09T09:12:31+00:00,UNALLOCATED,,,,,
SLCMP2607-2667,2667,2667,794131271,2^794131271-1,STRUCTURAL_SCREEN_EXHAUSTED_PRIMALITY_UNASSIGNED,GF3A_DIRECTIONAL_WRITE_EXHAUSTED_PRIMALITY_UNASSIGNED,514,512,512,NO_RECORDED_FACTOR_PRP_OR_LL_RESULT_AND_NO_ACTIVE_GIMPS_ASSIGNMENT,2026-08-09T09:12:31+00:00,UNALLOCATED,,,,,
SLCMP2607-2668,2668,2668,794131279,2^794131279-1,STRUCTURAL_SCREEN_EXHAUSTED_PRIMALITY_UNASSIGNED,GF3A_DIRECTIONAL_WRITE_EXHAUSTED_PRIMALITY_UNASSIGNED,514,512,512,NO_RECORDED_FACTOR_PRP_OR_LL_RESULT_AND_NO_ACTIVE_GIMPS_ASSIGNMENT,2026-08-09T09:12:31+00:00,UNALLOCATED,,,,,
SLCMP2607-2669,2669,2669,794131307,2^794131307-1,STRUCTURAL_SCREEN_EXHAUSTED_PRIMALITY_UNASSIGNED,GF3A_DIRECTIONAL_WRITE_EXHAUSTED_PRIMALITY_UNASSIGNED,514,512,512,NO_RECORDED_FACTOR_PRP_OR_LL_RESULT_AND_NO_ACTIVE_GIMPS_ASSIGNMENT,2026-08-09T09:12:31+00:00,UNALLOCATED,,,,,
SLCMP2607-2670,2670,2670,794131313,2^794131313-1,STRUCTURAL_SCREEN_EXHAUSTED_PRIMALITY_UNASSIGNED,GF3A_DIRECTIONAL_WRITE_EXHAUSTED_PRIMALITY_UNASSIGNED,513,512,512,NO_RECORDED_FACTOR_PRP_OR_LL_RESULT_AND_NO_ACTIVE_GIMPS_ASSIGNMENT,2026-08-09T09:12:31+00:00,UNALLOCATED,,,,,
SLCMP2607-2671,2671,2671,794131399,2^794131399-1,STRUCTURAL_SCREEN_EXHAUSTED_PRIMALITY_UNASSIGNED,GF3A_DIRECTIONAL_WRITE_EXHAUSTED_PRIMALITY_UNASSIGNED,514,512,512,NO_RECORDED_FACTOR_PRP_OR_LL_RESULT_AND_NO_ACTIVE_GIMPS_ASSIGNMENT,2026-08-09T09:12:31+00:00,UNALLOCATED,,,,,
SLCMP2607-2672,2672,2672,794131417,2^794131417-1,STRUCTURAL_SCREEN_EXHAUSTED_PRIMALITY_UNASSIGNED,GF3A_DIRECTIONAL_WRITE_EXHAUSTED_PRIMALITY_UNASSIGNED,513,512,512,NO_RECORDED_FACTOR_PRP_OR_LL_RESULT_AND_NO_ACTIVE_GIMPS_ASSIGNMENT,2026-08-09T09:12:31+00:00,UNALLOCATED,,,,,
SLCMP2607-2673,2673,2673,794131487,2^794131487-1,STRUCTURAL_SCREEN_EXHAUSTED_PRIMALITY_UNASSIGNED,GF3A_DIRECTIONAL_WRITE_EXHAUSTED_PRIMALITY_UNASSIGNED,514,512,512,NO_RECORDED_FACTOR_PRP_OR_LL_RESULT_AND_NO_ACTIVE_GIMPS_ASSIGNMENT,2026-08-09T09:12:31+00:00,UNALLOCATED,,,,,
SLCMP2607-2674,2674,2674,794131561,2^794131561-1,STRUCTURAL_SCREEN_EXHAUSTED_PRIMALITY_UNASSIGNED,GF3A_DIRECTIONAL_WRITE_EXHAUSTED_PRIMALITY_UNASSIGNED,513,512,512,NO_RECORDED_FACTOR_PRP_OR_LL_RESULT_AND_NO_ACTIVE_GIMPS_ASSIGNMENT,2026-08-09T09:12:31+00:00,UNALLOCATED,,,,,
SLCMP2607-2675,2675,2675,794131567,2^794131567-1,STRUCTURAL_SCREEN_EXHAUSTED_PRIMALITY_UNASSIGNED,GF3A_DIRECTIONAL_WRITE_EXHAUSTED_PRIMALITY_UNASSIGNED,514,512,512,NO_RECORDED_FACTOR_PRP_OR_LL_RESULT_AND_NO_ACTIVE_GIMPS_ASSIGNMENT,2026-08-09T09:12:31+00:00,UNALLOCATED,,,,,
SLCMP2607-2676,2676,2676,794131631,2^794131631-1,STRUCTURAL_SCREEN_EXHAUSTED_PRIMALITY_UNASSIGNED,GF3A_DIRECTIONAL_WRITE_EXHAUSTED_PRIMALITY_UNASSIGNED,514,512,512,NO_RECORDED_FACTOR_PRP_OR_LL_RESULT_AND_NO_ACTIVE_GIMPS_ASSIGNMENT,2026-08-09T09:12:31+00:00,UNALLOCATED,,,,,
SLCMP2607-2677,2677,2677,794131643,2^794131643-1,STRUCTURAL_SCREEN_EXHAUSTED_PRIMALITY_UNASSIGNED,GF3A_DIRECTIONAL_WRITE_EXHAUSTED_PRIMALITY_UNASSIGNED,514,512,512,NO_RECORDED_FACTOR_PRP_OR_LL_RESULT_AND_NO_ACTIVE_GIMPS_ASSIGNMENT,2026-08-09T09:12:31+00:00,UNALLOCATED,,,,,
SLCMP2607-2678,2678,2678,794131687,2^794131687-1,STRUCTURAL_SCREEN_EXHAUSTED_PRIMALITY_UNASSIGNED,GF3A_DIRECTIONAL_WRITE_EXHAUSTED_PRIMALITY_UNASSIGNED,514,512,512,NO_RECORDED_FACTOR_PRP_OR_LL_RESULT_AND_NO_ACTIVE_GIMPS_ASSIGNMENT,2026-08-09T09:12:31+00:00,UNALLOCATED,,,,,
SLCMP2607-2679,2679,2679,794131699,2^794131699-1,STRUCTURAL_SCREEN_EXHAUSTED_PRIMALITY_UNASSIGNED,GF3A_DIRECTIONAL_WRITE_EXHAUSTED_PRIMALITY_UNASSIGNED,514,512,512,NO_RECORDED_FACTOR_PRP_OR_LL_RESULT_AND_NO_ACTIVE_GIMPS_ASSIGNMENT,2026-08-09T09:12:31+00:00,UNALLOCATED,,,,,
SLCMP2607-2680,2680,2680,794131837,2^794131837-1,STRUCTURAL_SCREEN_EXHAUSTED_PRIMALITY_UNASSIGNED,GF3A_DIRECTIONAL_WRITE_EXHAUSTED_PRIMALITY_UNASSIGNED,513,512,512,NO_RECORDED_FACTOR_PRP_OR_LL_RESULT_AND_NO_ACTIVE_GIMPS_ASSIGNMENT,2026-08-09T09:12:31+00:00,UNALLOCATED,,,,,
SLCMP2607-2681,2681,2681,794131861,2^794131861-1,STRUCTURAL_SCREEN_EXHAUSTED_PRIMALITY_UNASSIGNED,GF3A_DIRECTIONAL_WRITE_EXHAUSTED_PRIMALITY_UNASSIGNED,513,512,512,NO_RECORDED_FACTOR_PRP_OR_LL_RESULT_AND_NO_ACTIVE_GIMPS_ASSIGNMENT,2026-08-09T09:12:31+00:00,UNALLOCATED,,,,,
SLCMP2607-2682,2682,2682,794131909,2^794131909-1,STRUCTURAL_SCREEN_EXHAUSTED_PRIMALITY_UNASSIGNED,GF3A_DIRECTIONAL_WRITE_EXHAUSTED_PRIMALITY_UNASSIGNED,513,512,512,NO_RECORDED_FACTOR_PRP_OR_LL_RESULT_AND_NO_ACTIVE_GIMPS_ASSIGNMENT,2026-08-09T09:12:31+00:00,UNALLOCATED,,,,,
SLCMP2607-2683,2683,2683,794131967,2^794131967-1,STRUCTURAL_SCREEN_EXHAUSTED_PRIMALITY_UNASSIGNED,GF3A_DIRECTIONAL_WRITE_EXHAUSTED_PRIMALITY_UNASSIGNED,514,512,512,NO_RECORDED_FACTOR_PRP_OR_LL_RESULT_AND_NO_ACTIVE_GIMPS_ASSIGNMENT,2026-08-09T09:12:31+00:00,UNALLOCATED,,,,,
SLCMP2607-2684,2684,2684,794132023,2^794132023-1,STRUCTURAL_SCREEN_EXHAUSTED_PRIMALITY_UNASSIGNED,GF3A_DIRECTIONAL_WRITE_EXHAUSTED_PRIMALITY_UNASSIGNED,514,512,512,NO_RECORDED_FACTOR_PRP_OR_LL_RESULT_AND_NO_ACTIVE_GIMPS_ASSIGNMENT,2026-08-09T09:12:31+00:00,UNALLOCATED,,,,,
SLCMP2607-2685,2685,2685,794132051,2^794132051-1,STRUCTURAL_SCREEN_EXHAUSTED_PRIMALITY_UNASSIGNED,GF3A_DIRECTIONAL_WRITE_EXHAUSTED_PRIMALITY_UNASSIGNED,514,512,512,NO_RECORDED_FACTOR_PRP_OR_LL_RESULT_AND_NO_ACTIVE_GIMPS_ASSIGNMENT,2026-08-09T09:12:31+00:00,UNALLOCATED,,,,,
SLCMP2607-2686,2686,2686,794132077,2^794132077-1,STRUCTURAL_SCREEN_EXHAUSTED_PRIMALITY_UNASSIGNED,GF3A_DIRECTIONAL_WRITE_EXHAUSTED_PRIMALITY_UNASSIGNED,513,512,512,NO_RECORDED_FACTOR_PRP_OR_LL_RESULT_AND_NO_ACTIVE_GIMPS_ASSIGNMENT,2026-08-09T09:12:31+00:00,UNALLOCATED,,,,,
SLCMP2607-2687,2687,2687,794132083,2^794132083-1,STRUCTURAL_SCREEN_EXHAUSTED_PRIMALITY_UNASSIGNED,GF3A_DIRECTIONAL_WRITE_EXHAUSTED_PRIMALITY_UNASSIGNED,514,512,512,NO_RECORDED_FACTOR_PRP_OR_LL_RESULT_AND_NO_ACTIVE_GIMPS_ASSIGNMENT,2026-08-09T09:12:31+00:00,UNALLOCATED,,,,,
SLCMP2607-2688,2688,2688,794132117,2^794132117-1,STRUCTURAL_SCREEN_EXHAUSTED_PRIMALITY_UNASSIGNED,GF3A_DIRECTIONAL_WRITE_EXHAUSTED_PRIMALITY_UNASSIGNED,513,512,512,NO_RECORDED_FACTOR_PRP_OR_LL_RESULT_AND_NO_ACTIVE_GIMPS_ASSIGNMENT,2026-08-09T09:12:31+00:00,UNALLOCATED,,,,,
SLCMP2607-2689,2689,2689,794132161,2^794132161-1,STRUCTURAL_SCREEN_EXHAUSTED_PRIMALITY_UNASSIGNED,GF3A_DIRECTIONAL_WRITE_EXHAUSTED_PRIMALITY_UNASSIGNED,513,512,512,NO_RECORDED_FACTOR_PRP_OR_LL_RESULT_AND_NO_ACTIVE_GIMPS_ASSIGNMENT,2026-08-09T09:12:31+00:00,UNALLOCATED,,,,,
SLCMP2607-2690,2690,2690,794132333,2^794132333-1,STRUCTURAL_SCREEN_EXHAUSTED_PRIMALITY_UNASSIGNED,GF3A_DIRECTIONAL_WRITE_EXHAUSTED_PRIMALITY_UNASSIGNED,513,512,512,NO_RECORDED_FACTOR_PRP_OR_LL_RESULT_AND_NO_ACTIVE_GIMPS_ASSIGNMENT,2026-08-09T09:12:31+00:00,UNALLOCATED,,,,,
SLCMP2607-2691,2691,2691,794132359,2^794132359-1,STRUCTURAL_SCREEN_EXHAUSTED_PRIMALITY_UNASSIGNED,GF3A_DIRECTIONAL_WRITE_EXHAUSTED_PRIMALITY_UNASSIGNED,514,512,512,NO_RECORDED_FACTOR_PRP_OR_LL_RESULT_AND_NO_ACTIVE_GIMPS_ASSIGNMENT,2026-08-09T09:12:31+00:00,UNALLOCATED,,,,,
SLCMP2607-2692,2692,2692,794132371,2^794132371-1,STRUCTURAL_SCREEN_EXHAUSTED_PRIMALITY_UNASSIGNED,GF3A_DIRECTIONAL_WRITE_EXHAUSTED_PRIMALITY_UNASSIGNED,514,512,512,NO_RECORDED_FACTOR_PRP_OR_LL_RESULT_AND_NO_ACTIVE_GIMPS_ASSIGNMENT,2026-08-09T09:12:31+00:00,UNALLOCATED,,,,,
SLCMP2607-2693,2693,2693,794132377,2^794132377-1,STRUCTURAL_SCREEN_EXHAUSTED_PRIMALITY_UNASSIGNED,GF3A_DIRECTIONAL_WRITE_EXHAUSTED_PRIMALITY_UNASSIGNED,513,512,512,NO_RECORDED_FACTOR_PRP_OR_LL_RESULT_AND_NO_ACTIVE_GIMPS_ASSIGNMENT,2026-08-09T09:12:31+00:00,UNALLOCATED,,,,,
SLCMP2607-2694,2694,2694,794132387,2^794132387-1,STRUCTURAL_SCREEN_EXHAUSTED_PRIMALITY_UNASSIGNED,GF3A_DIRECTIONAL_WRITE_EXHAUSTED_PRIMALITY_UNASSIGNED,514,512,512,NO_RECORDED_FACTOR_PRP_OR_LL_RESULT_AND_NO_ACTIVE_GIMPS_ASSIGNMENT,2026-08-09T09:12:31+00:00,UNALLOCATED,,,,,
SLCMP2607-2695,2695,2695,794132393,2^794132393-1,STRUCTURAL_SCREEN_EXHAUSTED_PRIMALITY_UNASSIGNED,GF3A_DIRECTIONAL_WRITE_EXHAUSTED_PRIMALITY_UNASSIGNED,513,512,512,NO_RECORDED_FACTOR_PRP_OR_LL_RESULT_AND_NO_ACTIVE_GIMPS_ASSIGNMENT,2026-08-09T09:12:31+00:00,UNALLOCATED,,,,,
SLCMP2607-2696,2696,2696,794132483,2^794132483-1,STRUCTURAL_SCREEN_EXHAUSTED_PRIMALITY_UNASSIGNED,GF3A_DIRECTIONAL_WRITE_EXHAUSTED_PRIMALITY_UNASSIGNED,514,512,512,NO_RECORDED_FACTOR_PRP_OR_LL_RESULT_AND_NO_ACTIVE_GIMPS_ASSIGNMENT,2026-08-09T09:12:31+00:00,UNALLOCATED,,,,,
SLCMP2607-2697,2697,2697,794132497,2^794132497-1,STRUCTURAL_SCREEN_EXHAUSTED_PRIMALITY_UNASSIGNED,GF3A_DIRECTIONAL_WRITE_EXHAUSTED_PRIMALITY_UNASSIGNED,513,512,512,NO_RECORDED_FACTOR_PRP_OR_LL_RESULT_AND_NO_ACTIVE_GIMPS_ASSIGNMENT,2026-08-09T09:12:31+00:00,UNALLOCATED,,,,,
SLCMP2607-2698,2698,2698,794132513,2^794132513-1,STRUCTURAL_SCREEN_EXHAUSTED_PRIMALITY_UNASSIGNED,GF3A_DIRECTIONAL_WRITE_EXHAUSTED_PRIMALITY_UNASSIGNED,513,512,512,NO_RECORDED_FACTOR_PRP_OR_LL_RESULT_AND_NO_ACTIVE_GIMPS_ASSIGNMENT,2026-08-09T09:12:31+00:00,UNALLOCATED,,,,,
SLCMP2607-2699,2699,2699,794132527,2^794132527-1,STRUCTURAL_SCREEN_EXHAUSTED_PRIMALITY_UNASSIGNED,GF3A_DIRECTIONAL_WRITE_EXHAUSTED_PRIMALITY_UNASSIGNED,514,512,512,NO_RECORDED_FACTOR_PRP_OR_LL_RESULT_AND_NO_ACTIVE_GIMPS_ASSIGNMENT,2026-08-09T09:12:31+00:00,UNALLOCATED,,,,,
SLCMP2607-2700,2700,2700,794132623,2^794132623-1,STRUCTURAL_SCREEN_EXHAUSTED_PRIMALITY_UNASSIGNED,GF3A_DIRECTIONAL_WRITE_EXHAUSTED_PRIMALITY_UNASSIGNED,514,512,512,NO_RECORDED_FACTOR_PRP_OR_LL_RESULT_AND_NO_ACTIVE_GIMPS_ASSIGNMENT,2026-08-09T09:12:31+00:00,UNALLOCATED,,,,,
SLCMP2607-2701,2701,2701,794132641,2^794132641-1,STRUCTURAL_SCREEN_EXHAUSTED_PRIMALITY_UNASSIGNED,GF3A_DIRECTIONAL_WRITE_EXHAUSTED_PRIMALITY_UNASSIGNED,513,512,512,NO_RECORDED_FACTOR_PRP_OR_LL_RESULT_AND_NO_ACTIVE_GIMPS_ASSIGNMENT,2026-08-09T09:12:31+00:00,UNALLOCATED,,,,,
SLCMP2607-2702,2702,2702,794132653,2^794132653-1,STRUCTURAL_SCREEN_EXHAUSTED_PRIMALITY_UNASSIGNED,GF3A_DIRECTIONAL_WRITE_EXHAUSTED_PRIMALITY_UNASSIGNED,513,512,512,NO_RECORDED_FACTOR_PRP_OR_LL_RESULT_AND_NO_ACTIVE_GIMPS_ASSIGNMENT,2026-08-09T09:12:31+00:00,UNALLOCATED,,,,,
SLCMP2607-2703,2703,2703,794132681,2^794132681-1,STRUCTURAL_SCREEN_EXHAUSTED_PRIMALITY_UNASSIGNED,GF3A_DIRECTIONAL_WRITE_EXHAUSTED_PRIMALITY_UNASSIGNED,513,512,512,NO_RECORDED_FACTOR_PRP_OR_LL_RESULT_AND_NO_ACTIVE_GIMPS_ASSIGNMENT,2026-08-09T09:12:31+00:00,UNALLOCATED,,,,,
SLCMP2607-2704,2704,2704,794132711,2^794132711-1,STRUCTURAL_SCREEN_EXHAUSTED_PRIMALITY_UNASSIGNED,GF3A_DIRECTIONAL_WRITE_EXHAUSTED_PRIMALITY_UNASSIGNED,514,512,512,NO_RECORDED_FACTOR_PRP_OR_LL_RESULT_AND_NO_ACTIVE_GIMPS_ASSIGNMENT,2026-08-09T09:12:31+00:00,UNALLOCATED,,,,,
SLCMP2607-2705,2705,2705,794132767,2^794132767-1,STRUCTURAL_SCREEN_EXHAUSTED_PRIMALITY_UNASSIGNED,GF3A_DIRECTIONAL_WRITE_EXHAUSTED_PRIMALITY_UNASSIGNED,514,512,512,NO_RECORDED_FACTOR_PRP_OR_LL_RESULT_AND_NO_ACTIVE_GIMPS_ASSIGNMENT,2026-08-09T09:12:31+00:00,UNALLOCATED,,,,,
SLCMP2607-2706,2706,2706,794132869,2^794132869-1,STRUCTURAL_SCREEN_EXHAUSTED_PRIMALITY_UNASSIGNED,GF3A_DIRECTIONAL_WRITE_EXHAUSTED_PRIMALITY_UNASSIGNED,513,512,512,NO_RECORDED_FACTOR_PRP_OR_LL_RESULT_AND_NO_ACTIVE_GIMPS_ASSIGNMENT,2026-08-09T09:12:31+00:00,UNALLOCATED,,,,,
SLCMP2607-2707,2707,2707,794132939,2^794132939-1,STRUCTURAL_SCREEN_EXHAUSTED_PRIMALITY_UNASSIGNED,GF3A_DIRECTIONAL_WRITE_EXHAUSTED_PRIMALITY_UNASSIGNED,514,512,512,NO_RECORDED_FACTOR_PRP_OR_LL_RESULT_AND_NO_ACTIVE_GIMPS_ASSIGNMENT,2026-08-09T09:12:31+00:00,UNALLOCATED,,,,,
SLCMP2607-2708,2708,2708,794133143,2^794133143-1,STRUCTURAL_SCREEN_EXHAUSTED_PRIMALITY_UNASSIGNED,GF3A_DIRECTIONAL_WRITE_EXHAUSTED_PRIMALITY_UNASSIGNED,514,512,512,NO_RECORDED_FACTOR_PRP_OR_LL_RESULT_AND_NO_ACTIVE_GIMPS_ASSIGNMENT,2026-08-09T09:12:31+00:00,UNALLOCATED,,,,,
SLCMP2607-2709,2709,2709,794133173,2^794133173-1,STRUCTURAL_SCREEN_EXHAUSTED_PRIMALITY_UNASSIGNED,GF3A_DIRECTIONAL_WRITE_EXHAUSTED_PRIMALITY_UNASSIGNED,513,512,512,NO_RECORDED_FACTOR_PRP_OR_LL_RESULT_AND_NO_ACTIVE_GIMPS_ASSIGNMENT,2026-08-09T09:12:31+00:00,UNALLOCATED,,,,,
SLCMP2607-2710,2710,2710,794133203,2^794133203-1,STRUCTURAL_SCREEN_EXHAUSTED_PRIMALITY_UNASSIGNED,GF3A_DIRECTIONAL_WRITE_EXHAUSTED_PRIMALITY_UNASSIGNED,514,512,512,NO_RECORDED_FACTOR_PRP_OR_LL_RESULT_AND_NO_ACTIVE_GIMPS_ASSIGNMENT,2026-08-09T09:12:31+00:00,UNALLOCATED,,,,,
SLCMP2607-2711,2711,2711,794133247,2^794133247-1,STRUCTURAL_SCREEN_EXHAUSTED_PRIMALITY_UNASSIGNED,GF3A_DIRECTIONAL_WRITE_EXHAUSTED_PRIMALITY_UNASSIGNED,514,512,512,NO_RECORDED_FACTOR_PRP_OR_LL_RESULT_AND_NO_ACTIVE_GIMPS_ASSIGNMENT,2026-08-09T09:12:31+00:00,UNALLOCATED,,,,,
SLCMP2607-2712,2712,2712,794133269,2^794133269-1,STRUCTURAL_SCREEN_EXHAUSTED_PRIMALITY_UNASSIGNED,GF3A_DIRECTIONAL_WRITE_EXHAUSTED_PRIMALITY_UNASSIGNED,513,512,512,NO_RECORDED_FACTOR_PRP_OR_LL_RESULT_AND_NO_ACTIVE_GIMPS_ASSIGNMENT,2026-08-09T09:12:31+00:00,UNALLOCATED,,,,,
SLCMP2607-2713,2713,2713,794133287,2^794133287-1,STRUCTURAL_SCREEN_EXHAUSTED_PRIMALITY_UNASSIGNED,GF3A_DIRECTIONAL_WRITE_EXHAUSTED_PRIMALITY_UNASSIGNED,514,512,512,NO_RECORDED_FACTOR_PRP_OR_LL_RESULT_AND_NO_ACTIVE_GIMPS_ASSIGNMENT,2026-08-09T09:12:31+00:00,UNALLOCATED,,,,,
SLCMP2607-2714,2714,2714,794133313,2^794133313-1,STRUCTURAL_SCREEN_EXHAUSTED_PRIMALITY_UNASSIGNED,GF3A_DIRECTIONAL_WRITE_EXHAUSTED_PRIMALITY_UNASSIGNED,513,512,512,NO_RECORDED_FACTOR_PRP_OR_LL_RESULT_AND_NO_ACTIVE_GIMPS_ASSIGNMENT,2026-08-09T09:12:31+00:00,UNALLOCATED,,,,,
SLCMP2607-2715,2715,2715,794133371,2^794133371-1,STRUCTURAL_SCREEN_EXHAUSTED_PRIMALITY_UNASSIGNED,GF3A_DIRECTIONAL_WRITE_EXHAUSTED_PRIMALITY_UNASSIGNED,514,512,512,NO_RECORDED_FACTOR_PRP_OR_LL_RESULT_AND_NO_ACTIVE_GIMPS_ASSIGNMENT,2026-08-09T09:12:31+00:00,UNALLOCATED,,,,,
SLCMP2607-2716,2716,2716,794133421,2^794133421-1,STRUCTURAL_SCREEN_EXHAUSTED_PRIMALITY_UNASSIGNED,GF3A_DIRECTIONAL_WRITE_EXHAUSTED_PRIMALITY_UNASSIGNED,513,512,512,NO_RECORDED_FACTOR_PRP_OR_LL_RESULT_AND_NO_ACTIVE_GIMPS_ASSIGNMENT,2026-08-09T09:12:31+00:00,UNALLOCATED,,,,,
SLCMP2607-2717,2717,2717,794133449,2^794133449-1,STRUCTURAL_SCREEN_EXHAUSTED_PRIMALITY_UNASSIGNED,GF3A_DIRECTIONAL_WRITE_EXHAUSTED_PRIMALITY_UNASSIGNED,513,512,512,NO_RECORDED_FACTOR_PRP_OR_LL_RESULT_AND_NO_ACTIVE_GIMPS_ASSIGNMENT,2026-08-09T09:12:31+00:00,UNALLOCATED,,,,,
SLCMP2607-2718,2718,2718,794133499,2^794133499-1,STRUCTURAL_SCREEN_EXHAUSTED_PRIMALITY_UNASSIGNED,GF3A_DIRECTIONAL_WRITE_EXHAUSTED_PRIMALITY_UNASSIGNED,514,512,512,NO_RECORDED_FACTOR_PRP_OR_LL_RESULT_AND_NO_ACTIVE_GIMPS_ASSIGNMENT,2026-08-09T09:12:31+00:00,UNALLOCATED,,,,,
SLCMP2607-2719,2719,2719,794133539,2^794133539-1,STRUCTURAL_SCREEN_EXHAUSTED_PRIMALITY_UNASSIGNED,GF3A_DIRECTIONAL_WRITE_EXHAUSTED_PRIMALITY_UNASSIGNED,514,512,512,NO_RECORDED_FACTOR_PRP_OR_LL_RESULT_AND_NO_ACTIVE_GIMPS_ASSIGNMENT,2026-08-09T09:12:31+00:00,UNALLOCATED,,,,,
SLCMP2607-2720,2720,2720,794133559,2^794133559-1,STRUCTURAL_SCREEN_EXHAUSTED_PRIMALITY_UNASSIGNED,GF3A_DIRECTIONAL_WRITE_EXHAUSTED_PRIMALITY_UNASSIGNED,514,512,512,NO_RECORDED_FACTOR_PRP_OR_LL_RESULT_AND_NO_ACTIVE_GIMPS_ASSIGNMENT,2026-08-09T09:12:31+00:00,UNALLOCATED,,,,,
SLCMP2607-2721,2721,2721,794133607,2^794133607-1,STRUCTURAL_SCREEN_EXHAUSTED_PRIMALITY_UNASSIGNED,GF3A_DIRECTIONAL_WRITE_EXHAUSTED_PRIMALITY_UNASSIGNED,514,512,512,NO_RECORDED_FACTOR_PRP_OR_LL_RESULT_AND_NO_ACTIVE_GIMPS_ASSIGNMENT,2026-08-09T09:12:31+00:00,UNALLOCATED,,,,,
SLCMP2607-2722,2722,2722,794133611,2^794133611-1,STRUCTURAL_SCREEN_EXHAUSTED_PRIMALITY_UNASSIGNED,GF3A_DIRECTIONAL_WRITE_EXHAUSTED_PRIMALITY_UNASSIGNED,514,512,512,NO_RECORDED_FACTOR_PRP_OR_LL_RESULT_AND_NO_ACTIVE_GIMPS_ASSIGNMENT,2026-08-09T09:12:31+00:00,UNALLOCATED,,,,,
SLCMP2607-2723,2723,2723,794133619,2^794133619-1,STRUCTURAL_SCREEN_EXHAUSTED_PRIMALITY_UNASSIGNED,GF3A_DIRECTIONAL_WRITE_EXHAUSTED_PRIMALITY_UNASSIGNED,514,512,512,NO_RECORDED_FACTOR_PRP_OR_LL_RESULT_AND_NO_ACTIVE_GIMPS_ASSIGNMENT,2026-08-09T09:12:31+00:00,UNALLOCATED,,,,,
SLCMP2607-2724,2724,2724,794133661,2^794133661-1,STRUCTURAL_SCREEN_EXHAUSTED_PRIMALITY_UNASSIGNED,GF3A_DIRECTIONAL_WRITE_EXHAUSTED_PRIMALITY_UNASSIGNED,513,512,512,NO_RECORDED_FACTOR_PRP_OR_LL_RESULT_AND_NO_ACTIVE_GIMPS_ASSIGNMENT,2026-08-09T09:12:31+00:00,UNALLOCATED,,,,,
SLCMP2607-2725,2725,2725,794133919,2^794133919-1,STRUCTURAL_SCREEN_EXHAUSTED_PRIMALITY_UNASSIGNED,GF3A_DIRECTIONAL_WRITE_EXHAUSTED_PRIMALITY_UNASSIGNED,514,512,512,NO_RECORDED_FACTOR_PRP_OR_LL_RESULT_AND_NO_ACTIVE_GIMPS_ASSIGNMENT,2026-08-09T09:12:31+00:00,UNALLOCATED,,,,,
SLCMP2607-2726,2726,2726,794133959,2^794133959-1,STRUCTURAL_SCREEN_EXHAUSTED_PRIMALITY_UNASSIGNED,GF3A_DIRECTIONAL_WRITE_EXHAUSTED_PRIMALITY_UNASSIGNED,514,512,512,NO_RECORDED_FACTOR_PRP_OR_LL_RESULT_AND_NO_ACTIVE_GIMPS_ASSIGNMENT,2026-08-09T09:12:31+00:00,UNALLOCATED,,,,,
SLCMP2607-2727,2727,2727,794134027,2^794134027-1,STRUCTURAL_SCREEN_EXHAUSTED_PRIMALITY_UNASSIGNED,GF3A_DIRECTIONAL_WRITE_EXHAUSTED_PRIMALITY_UNASSIGNED,514,512,512,NO_RECORDED_FACTOR_PRP_OR_LL_RESULT_AND_NO_ACTIVE_GIMPS_ASSIGNMENT,2026-08-09T09:12:31+00:00,UNALLOCATED,,,,,
SLCMP2607-2728,2728,2728,794134069,2^794134069-1,STRUCTURAL_SCREEN_EXHAUSTED_PRIMALITY_UNASSIGNED,GF3A_DIRECTIONAL_WRITE_EXHAUSTED_PRIMALITY_UNASSIGNED,513,512,512,NO_RECORDED_FACTOR_PRP_OR_LL_RESULT_AND_NO_ACTIVE_GIMPS_ASSIGNMENT,2026-08-09T09:12:31+00:00,UNALLOCATED,,,,,
SLCMP2607-2729,2729,2729,794134163,2^794134163-1,STRUCTURAL_SCREEN_EXHAUSTED_PRIMALITY_UNASSIGNED,GF3A_DIRECTIONAL_WRITE_EXHAUSTED_PRIMALITY_UNASSIGNED,514,512,512,NO_RECORDED_FACTOR_PRP_OR_LL_RESULT_AND_NO_ACTIVE_GIMPS_ASSIGNMENT,2026-08-09T09:12:31+00:00,UNALLOCATED,,,,,
SLCMP2607-2730,2730,2730,794134181,2^794134181-1,STRUCTURAL_SCREEN_EXHAUSTED_PRIMALITY_UNASSIGNED,GF3A_DIRECTIONAL_WRITE_EXHAUSTED_PRIMALITY_UNASSIGNED,513,512,512,NO_RECORDED_FACTOR_PRP_OR_LL_RESULT_AND_NO_ACTIVE_GIMPS_ASSIGNMENT,2026-08-09T09:12:31+00:00,UNALLOCATED,,,,,
SLCMP2607-2731,2731,2731,794134189,2^794134189-1,STRUCTURAL_SCREEN_EXHAUSTED_PRIMALITY_UNASSIGNED,GF3A_DIRECTIONAL_WRITE_EXHAUSTED_PRIMALITY_UNASSIGNED,513,512,512,NO_RECORDED_FACTOR_PRP_OR_LL_RESULT_AND_NO_ACTIVE_GIMPS_ASSIGNMENT,2026-08-09T09:12:31+00:00,UNALLOCATED,,,,,
SLCMP2607-2732,2732,2732,794134291,2^794134291-1,STRUCTURAL_SCREEN_EXHAUSTED_PRIMALITY_UNASSIGNED,GF3A_DIRECTIONAL_WRITE_EXHAUSTED_PRIMALITY_UNASSIGNED,514,512,512,NO_RECORDED_FACTOR_PRP_OR_LL_RESULT_AND_NO_ACTIVE_GIMPS_ASSIGNMENT,2026-08-09T09:12:31+00:00,UNALLOCATED,,,,,
SLCMP2607-2733,2733,2733,794134349,2^794134349-1,STRUCTURAL_SCREEN_EXHAUSTED_PRIMALITY_UNASSIGNED,GF3A_DIRECTIONAL_WRITE_EXHAUSTED_PRIMALITY_UNASSIGNED,513,512,512,NO_RECORDED_FACTOR_PRP_OR_LL_RESULT_AND_NO_ACTIVE_GIMPS_ASSIGNMENT,2026-08-09T09:12:31+00:00,UNALLOCATED,,,,,
SLCMP2607-2734,2734,2734,794134373,2^794134373-1,STRUCTURAL_SCREEN_EXHAUSTED_PRIMALITY_UNASSIGNED,GF3A_DIRECTIONAL_WRITE_EXHAUSTED_PRIMALITY_UNASSIGNED,513,512,512,NO_RECORDED_FACTOR_PRP_OR_LL_RESULT_AND_NO_ACTIVE_GIMPS_ASSIGNMENT,2026-08-09T09:12:31+00:00,UNALLOCATED,,,,,
SLCMP2607-2735,2735,2735,794134427,2^794134427-1,STRUCTURAL_SCREEN_EXHAUSTED_PRIMALITY_UNASSIGNED,GF3A_DIRECTIONAL_WRITE_EXHAUSTED_PRIMALITY_UNASSIGNED,514,512,512,NO_RECORDED_FACTOR_PRP_OR_LL_RESULT_AND_NO_ACTIVE_GIMPS_ASSIGNMENT,2026-08-09T09:12:31+00:00,UNALLOCATED,,,,,
SLCMP2607-2736,2736,2736,794134483,2^794134483-1,STRUCTURAL_SCREEN_EXHAUSTED_PRIMALITY_UNASSIGNED,GF3A_DIRECTIONAL_WRITE_EXHAUSTED_PRIMALITY_UNASSIGNED,514,512,512,NO_RECORDED_FACTOR_PRP_OR_LL_RESULT_AND_NO_ACTIVE_GIMPS_ASSIGNMENT,2026-08-09T09:12:31+00:00,UNALLOCATED,,,,,
SLCMP2607-2737,2737,2737,794134487,2^794134487-1,STRUCTURAL_SCREEN_EXHAUSTED_PRIMALITY_UNASSIGNED,GF3A_DIRECTIONAL_WRITE_EXHAUSTED_PRIMALITY_UNASSIGNED,514,512,512,NO_RECORDED_FACTOR_PRP_OR_LL_RESULT_AND_NO_ACTIVE_GIMPS_ASSIGNMENT,2026-08-09T09:12:31+00:00,UNALLOCATED,,,,,
SLCMP2607-2738,2738,2738,794134511,2^794134511-1,STRUCTURAL_SCREEN_EXHAUSTED_PRIMALITY_UNASSIGNED,GF3A_DIRECTIONAL_WRITE_EXHAUSTED_PRIMALITY_UNASSIGNED,514,512,512,NO_RECORDED_FACTOR_PRP_OR_LL_RESULT_AND_NO_ACTIVE_GIMPS_ASSIGNMENT,2026-08-09T09:12:31+00:00,UNALLOCATED,,,,,
SLCMP2607-2739,2739,2739,794134541,2^794134541-1,STRUCTURAL_SCREEN_EXHAUSTED_PRIMALITY_UNASSIGNED,GF3A_DIRECTIONAL_WRITE_EXHAUSTED_PRIMALITY_UNASSIGNED,513,512,512,NO_RECORDED_FACTOR_PRP_OR_LL_RESULT_AND_NO_ACTIVE_GIMPS_ASSIGNMENT,2026-08-09T09:12:31+00:00,UNALLOCATED,,,,,
SLCMP2607-2740,2740,2740,794134543,2^794134543-1,STRUCTURAL_SCREEN_EXHAUSTED_PRIMALITY_UNASSIGNED,GF3A_DIRECTIONAL_WRITE_EXHAUSTED_PRIMALITY_UNASSIGNED,514,512,512,NO_RECORDED_FACTOR_PRP_OR_LL_RESULT_AND_NO_ACTIVE_GIMPS_ASSIGNMENT,2026-08-09T09:12:31+00:00,UNALLOCATED,,,,,
SLCMP2607-2741,2741,2741,794134613,2^794134613-1,STRUCTURAL_SCREEN_EXHAUSTED_PRIMALITY_UNASSIGNED,GF3A_DIRECTIONAL_WRITE_EXHAUSTED_PRIMALITY_UNASSIGNED,513,512,512,NO_RECORDED_FACTOR_PRP_OR_LL_RESULT_AND_NO_ACTIVE_GIMPS_ASSIGNMENT,2026-08-09T09:12:31+00:00,UNALLOCATED,,,,,
SLCMP2607-2742,2742,2742,794134667,2^794134667-1,STRUCTURAL_SCREEN_EXHAUSTED_PRIMALITY_UNASSIGNED,GF3A_DIRECTIONAL_WRITE_EXHAUSTED_PRIMALITY_UNASSIGNED,514,512,512,NO_RECORDED_FACTOR_PRP_OR_LL_RESULT_AND_NO_ACTIVE_GIMPS_ASSIGNMENT,2026-08-09T09:12:31+00:00,UNALLOCATED,,,,,
SLCMP2607-2743,2743,2743,794134703,2^794134703-1,STRUCTURAL_SCREEN_EXHAUSTED_PRIMALITY_UNASSIGNED,GF3A_DIRECTIONAL_WRITE_EXHAUSTED_PRIMALITY_UNASSIGNED,514,512,512,NO_RECORDED_FACTOR_PRP_OR_LL_RESULT_AND_NO_ACTIVE_GIMPS_ASSIGNMENT,2026-08-09T09:12:31+00:00,UNALLOCATED,,,,,
SLCMP2607-2744,2744,2744,794134711,2^794134711-1,STRUCTURAL_SCREEN_EXHAUSTED_PRIMALITY_UNASSIGNED,GF3A_DIRECTIONAL_WRITE_EXHAUSTED_PRIMALITY_UNASSIGNED,514,512,512,NO_RECORDED_FACTOR_PRP_OR_LL_RESULT_AND_NO_ACTIVE_GIMPS_ASSIGNMENT,2026-08-09T09:12:31+00:00,UNALLOCATED,,,,,
SLCMP2607-2745,2745,2745,794134801,2^794134801-1,STRUCTURAL_SCREEN_EXHAUSTED_PRIMALITY_UNASSIGNED,GF3A_DIRECTIONAL_WRITE_EXHAUSTED_PRIMALITY_UNASSIGNED,513,512,512,NO_RECORDED_FACTOR_PRP_OR_LL_RESULT_AND_NO_ACTIVE_GIMPS_ASSIGNMENT,2026-08-09T09:12:31+00:00,UNALLOCATED,,,,,
SLCMP2607-2746,2746,2746,794134813,2^794134813-1,STRUCTURAL_SCREEN_EXHAUSTED_PRIMALITY_UNASSIGNED,GF3A_DIRECTIONAL_WRITE_EXHAUSTED_PRIMALITY_UNASSIGNED,513,512,512,NO_RECORDED_FACTOR_PRP_OR_LL_RESULT_AND_NO_ACTIVE_GIMPS_ASSIGNMENT,2026-08-09T09:12:31+00:00,UNALLOCATED,,,,,
SLCMP2607-2747,2747,2747,794134897,2^794134897-1,STRUCTURAL_SCREEN_EXHAUSTED_PRIMALITY_UNASSIGNED,GF3A_DIRECTIONAL_WRITE_EXHAUSTED_PRIMALITY_UNASSIGNED,513,512,512,NO_RECORDED_FACTOR_PRP_OR_LL_RESULT_AND_NO_ACTIVE_GIMPS_ASSIGNMENT,2026-08-09T09:12:31+00:00,UNALLOCATED,,,,,
SLCMP2607-2748,2748,2748,794134907,2^794134907-1,STRUCTURAL_SCREEN_EXHAUSTED_PRIMALITY_UNASSIGNED,GF3A_DIRECTIONAL_WRITE_EXHAUSTED_PRIMALITY_UNASSIGNED,514,512,512,NO_RECORDED_FACTOR_PRP_OR_LL_RESULT_AND_NO_ACTIVE_GIMPS_ASSIGNMENT,2026-08-09T09:12:31+00:00,UNALLOCATED,,,,,
SLCMP2607-2749,2749,2749,794134951,2^794134951-1,STRUCTURAL_SCREEN_EXHAUSTED_PRIMALITY_UNASSIGNED,GF3A_DIRECTIONAL_WRITE_EXHAUSTED_PRIMALITY_UNASSIGNED,514,512,512,NO_RECORDED_FACTOR_PRP_OR_LL_RESULT_AND_NO_ACTIVE_GIMPS_ASSIGNMENT,2026-08-09T09:12:31+00:00,UNALLOCATED,,,,,
SLCMP2607-2750,2750,2750,794134981,2^794134981-1,STRUCTURAL_SCREEN_EXHAUSTED_PRIMALITY_UNASSIGNED,GF3A_DIRECTIONAL_WRITE_EXHAUSTED_PRIMALITY_UNASSIGNED,513,512,512,NO_RECORDED_FACTOR_PRP_OR_LL_RESULT_AND_NO_ACTIVE_GIMPS_ASSIGNMENT,2026-08-09T09:12:31+00:00,UNALLOCATED,,,,,
SLCMP2607-2751,2751,2751,794135057,2^794135057-1,STRUCTURAL_SCREEN_EXHAUSTED_PRIMALITY_UNASSIGNED,GF3A_DIRECTIONAL_WRITE_EXHAUSTED_PRIMALITY_UNASSIGNED,513,512,512,NO_RECORDED_FACTOR_PRP_OR_LL_RESULT_AND_NO_ACTIVE_GIMPS_ASSIGNMENT,2026-08-09T09:12:31+00:00,UNALLOCATED,,,,,
SLCMP2607-2752,2752,2752,794135141,2^794135141-1,STRUCTURAL_SCREEN_EXHAUSTED_PRIMALITY_UNASSIGNED,GF3A_DIRECTIONAL_WRITE_EXHAUSTED_PRIMALITY_UNASSIGNED,513,512,512,NO_RECORDED_FACTOR_PRP_OR_LL_RESULT_AND_NO_ACTIVE_GIMPS_ASSIGNMENT,2026-08-09T09:12:31+00:00,UNALLOCATED,,,,,
SLCMP2607-2753,2753,2753,794135203,2^794135203-1,STRUCTURAL_SCREEN_EXHAUSTED_PRIMALITY_UNASSIGNED,GF3A_DIRECTIONAL_WRITE_EXHAUSTED_PRIMALITY_UNASSIGNED,514,512,512,NO_RECORDED_FACTOR_PRP_OR_LL_RESULT_AND_NO_ACTIVE_GIMPS_ASSIGNMENT,2026-08-09T09:12:31+00:00,UNALLOCATED,,,,,
SLCMP2607-2754,2754,2754,794135233,2^794135233-1,STRUCTURAL_SCREEN_EXHAUSTED_PRIMALITY_UNASSIGNED,GF3A_DIRECTIONAL_WRITE_EXHAUSTED_PRIMALITY_UNASSIGNED,513,512,512,NO_RECORDED_FACTOR_PRP_OR_LL_RESULT_AND_NO_ACTIVE_GIMPS_ASSIGNMENT,2026-08-09T09:12:31+00:00,UNALLOCATED,,,,,
SLCMP2607-2755,2755,2755,794135249,2^794135249-1,STRUCTURAL_SCREEN_EXHAUSTED_PRIMALITY_UNASSIGNED,GF3A_DIRECTIONAL_WRITE_EXHAUSTED_PRIMALITY_UNASSIGNED,513,512,512,NO_RECORDED_FACTOR_PRP_OR_LL_RESULT_AND_NO_ACTIVE_GIMPS_ASSIGNMENT,2026-08-09T09:12:31+00:00,UNALLOCATED,,,,,
SLCMP2607-2756,2756,2756,794135269,2^794135269-1,STRUCTURAL_SCREEN_EXHAUSTED_PRIMALITY_UNASSIGNED,GF3A_DIRECTIONAL_WRITE_EXHAUSTED_PRIMALITY_UNASSIGNED,513,512,512,NO_RECORDED_FACTOR_PRP_OR_LL_RESULT_AND_NO_ACTIVE_GIMPS_ASSIGNMENT,2026-08-09T09:12:31+00:00,UNALLOCATED,,,,,
SLCMP2607-2757,2757,2757,794135299,2^794135299-1,STRUCTURAL_SCREEN_EXHAUSTED_PRIMALITY_UNASSIGNED,GF3A_DIRECTIONAL_WRITE_EXHAUSTED_PRIMALITY_UNASSIGNED,514,512,512,NO_RECORDED_FACTOR_PRP_OR_LL_RESULT_AND_NO_ACTIVE_GIMPS_ASSIGNMENT,2026-08-09T09:12:31+00:00,UNALLOCATED,,,,,
SLCMP2607-2758,2758,2758,794135347,2^794135347-1,STRUCTURAL_SCREEN_EXHAUSTED_PRIMALITY_UNASSIGNED,GF3A_DIRECTIONAL_WRITE_EXHAUSTED_PRIMALITY_UNASSIGNED,514,512,512,NO_RECORDED_FACTOR_PRP_OR_LL_RESULT_AND_NO_ACTIVE_GIMPS_ASSIGNMENT,2026-08-09T09:12:31+00:00,UNALLOCATED,,,,,
SLCMP2607-2759,2759,2759,794135357,2^794135357-1,STRUCTURAL_SCREEN_EXHAUSTED_PRIMALITY_UNASSIGNED,GF3A_DIRECTIONAL_WRITE_EXHAUSTED_PRIMALITY_UNASSIGNED,513,512,512,NO_RECORDED_FACTOR_PRP_OR_LL_RESULT_AND_NO_ACTIVE_GIMPS_ASSIGNMENT,2026-08-09T09:12:31+00:00,UNALLOCATED,,,,,
SLCMP2607-2760,2760,2760,794135383,2^794135383-1,STRUCTURAL_SCREEN_EXHAUSTED_PRIMALITY_UNASSIGNED,GF3A_DIRECTIONAL_WRITE_EXHAUSTED_PRIMALITY_UNASSIGNED,514,512,512,NO_RECORDED_FACTOR_PRP_OR_LL_RESULT_AND_NO_ACTIVE_GIMPS_ASSIGNMENT,2026-08-09T09:12:31+00:00,UNALLOCATED,,,,,
SLCMP2607-2761,2761,2761,794135387,2^794135387-1,STRUCTURAL_SCREEN_EXHAUSTED_PRIMALITY_UNASSIGNED,GF3A_DIRECTIONAL_WRITE_EXHAUSTED_PRIMALITY_UNASSIGNED,514,512,512,NO_RECORDED_FACTOR_PRP_OR_LL_RESULT_AND_NO_ACTIVE_GIMPS_ASSIGNMENT,2026-08-09T09:12:31+00:00,UNALLOCATED,,,,,
SLCMP2607-2762,2762,2762,794135443,2^794135443-1,STRUCTURAL_SCREEN_EXHAUSTED_PRIMALITY_UNASSIGNED,GF3A_DIRECTIONAL_WRITE_EXHAUSTED_PRIMALITY_UNASSIGNED,514,512,512,NO_RECORDED_FACTOR_PRP_OR_LL_RESULT_AND_NO_ACTIVE_GIMPS_ASSIGNMENT,2026-08-09T09:12:31+00:00,UNALLOCATED,,,,,
SLCMP2607-2763,2763,2763,794135491,2^794135491-1,STRUCTURAL_SCREEN_EXHAUSTED_PRIMALITY_UNASSIGNED,GF3A_DIRECTIONAL_WRITE_EXHAUSTED_PRIMALITY_UNASSIGNED,514,512,512,NO_RECORDED_FACTOR_PRP_OR_LL_RESULT_AND_NO_ACTIVE_GIMPS_ASSIGNMENT,2026-08-09T09:12:31+00:00,UNALLOCATED,,,,,
SLCMP2607-2764,2764,2764,794135579,2^794135579-1,STRUCTURAL_SCREEN_EXHAUSTED_PRIMALITY_UNASSIGNED,GF3A_DIRECTIONAL_WRITE_EXHAUSTED_PRIMALITY_UNASSIGNED,514,512,512,NO_RECORDED_FACTOR_PRP_OR_LL_RESULT_AND_NO_ACTIVE_GIMPS_ASSIGNMENT,2026-08-09T09:12:31+00:00,UNALLOCATED,,,,,
SLCMP2607-2765,2765,2765,794135599,2^794135599-1,STRUCTURAL_SCREEN_EXHAUSTED_PRIMALITY_UNASSIGNED,GF3A_DIRECTIONAL_WRITE_EXHAUSTED_PRIMALITY_UNASSIGNED,514,512,512,NO_RECORDED_FACTOR_PRP_OR_LL_RESULT_AND_NO_ACTIVE_GIMPS_ASSIGNMENT,2026-08-09T09:12:31+00:00,UNALLOCATED,,,,,
SLCMP2607-2766,2766,2766,794135621,2^794135621-1,STRUCTURAL_SCREEN_EXHAUSTED_PRIMALITY_UNASSIGNED,GF3A_DIRECTIONAL_WRITE_EXHAUSTED_PRIMALITY_UNASSIGNED,513,512,512,NO_RECORDED_FACTOR_PRP_OR_LL_RESULT_AND_NO_ACTIVE_GIMPS_ASSIGNMENT,2026-08-09T09:12:31+00:00,UNALLOCATED,,,,,
SLCMP2607-2767,2767,2767,794135659,2^794135659-1,STRUCTURAL_SCREEN_EXHAUSTED_PRIMALITY_UNASSIGNED,GF3A_DIRECTIONAL_WRITE_EXHAUSTED_PRIMALITY_UNASSIGNED,514,512,512,NO_RECORDED_FACTOR_PRP_OR_LL_RESULT_AND_NO_ACTIVE_GIMPS_ASSIGNMENT,2026-08-09T09:12:31+00:00,UNALLOCATED,,,,,
SLCMP2607-2768,2768,2768,794135663,2^794135663-1,STRUCTURAL_SCREEN_EXHAUSTED_PRIMALITY_UNASSIGNED,GF3A_DIRECTIONAL_WRITE_EXHAUSTED_PRIMALITY_UNASSIGNED,514,512,512,NO_RECORDED_FACTOR_PRP_OR_LL_RESULT_AND_NO_ACTIVE_GIMPS_ASSIGNMENT,2026-08-09T09:12:31+00:00,UNALLOCATED,,,,,
SLCMP2607-2769,2769,2769,794135677,2^794135677-1,STRUCTURAL_SCREEN_EXHAUSTED_PRIMALITY_UNASSIGNED,GF3A_DIRECTIONAL_WRITE_EXHAUSTED_PRIMALITY_UNASSIGNED,513,512,512,NO_RECORDED_FACTOR_PRP_OR_LL_RESULT_AND_NO_ACTIVE_GIMPS_ASSIGNMENT,2026-08-09T09:12:31+00:00,UNALLOCATED,,,,,
SLCMP2607-2770,2770,2770,794135737,2^794135737-1,STRUCTURAL_SCREEN_EXHAUSTED_PRIMALITY_UNASSIGNED,GF3A_DIRECTIONAL_WRITE_EXHAUSTED_PRIMALITY_UNASSIGNED,513,512,512,NO_RECORDED_FACTOR_PRP_OR_LL_RESULT_AND_NO_ACTIVE_GIMPS_ASSIGNMENT,2026-08-09T09:12:31+00:00,UNALLOCATED,,,,,
SLCMP2607-2771,2771,2771,794135767,2^794135767-1,STRUCTURAL_SCREEN_EXHAUSTED_PRIMALITY_UNASSIGNED,GF3A_DIRECTIONAL_WRITE_EXHAUSTED_PRIMALITY_UNASSIGNED,514,512,512,NO_RECORDED_FACTOR_PRP_OR_LL_RESULT_AND_NO_ACTIVE_GIMPS_ASSIGNMENT,2026-08-09T09:12:31+00:00,UNALLOCATED,,,,,
SLCMP2607-2772,2772,2772,794135779,2^794135779-1,STRUCTURAL_SCREEN_EXHAUSTED_PRIMALITY_UNASSIGNED,GF3A_DIRECTIONAL_WRITE_EXHAUSTED_PRIMALITY_UNASSIGNED,514,512,512,NO_RECORDED_FACTOR_PRP_OR_LL_RESULT_AND_NO_ACTIVE_GIMPS_ASSIGNMENT,2026-08-09T09:12:31+00:00,UNALLOCATED,,,,,
SLCMP2607-2773,2773,2773,794135809,2^794135809-1,STRUCTURAL_SCREEN_EXHAUSTED_PRIMALITY_UNASSIGNED,GF3A_DIRECTIONAL_WRITE_EXHAUSTED_PRIMALITY_UNASSIGNED,513,512,512,NO_RECORDED_FACTOR_PRP_OR_LL_RESULT_AND_NO_ACTIVE_GIMPS_ASSIGNMENT,2026-08-09T09:12:31+00:00,UNALLOCATED,,,,,
SLCMP2607-2774,2774,2774,794135857,2^794135857-1,STRUCTURAL_SCREEN_EXHAUSTED_PRIMALITY_UNASSIGNED,GF3A_DIRECTIONAL_WRITE_EXHAUSTED_PRIMALITY_UNASSIGNED,513,512,512,NO_RECORDED_FACTOR_PRP_OR_LL_RESULT_AND_NO_ACTIVE_GIMPS_ASSIGNMENT,2026-08-09T09:12:31+00:00,UNALLOCATED,,,,,
SLCMP2607-2775,2775,2775,794135939,2^794135939-1,STRUCTURAL_SCREEN_EXHAUSTED_PRIMALITY_UNASSIGNED,GF3A_DIRECTIONAL_WRITE_EXHAUSTED_PRIMALITY_UNASSIGNED,514,512,512,NO_RECORDED_FACTOR_PRP_OR_LL_RESULT_AND_NO_ACTIVE_GIMPS_ASSIGNMENT,2026-08-09T09:12:31+00:00,UNALLOCATED,,,,,
SLCMP2607-2776,2776,2776,794135963,2^794135963-1,STRUCTURAL_SCREEN_EXHAUSTED_PRIMALITY_UNASSIGNED,GF3A_DIRECTIONAL_WRITE_EXHAUSTED_PRIMALITY_UNASSIGNED,514,512,512,NO_RECORDED_FACTOR_PRP_OR_LL_RESULT_AND_NO_ACTIVE_GIMPS_ASSIGNMENT,2026-08-09T09:12:31+00:00,UNALLOCATED,,,,,
SLCMP2607-2777,2777,2777,794135999,2^794135999-1,STRUCTURAL_SCREEN_EXHAUSTED_PRIMALITY_UNASSIGNED,GF3A_DIRECTIONAL_WRITE_EXHAUSTED_PRIMALITY_UNASSIGNED,514,512,512,NO_RECORDED_FACTOR_PRP_OR_LL_RESULT_AND_NO_ACTIVE_GIMPS_ASSIGNMENT,2026-08-09T09:12:31+00:00,UNALLOCATED,,,,,
SLCMP2607-2778,2778,2778,794136001,2^794136001-1,STRUCTURAL_SCREEN_EXHAUSTED_PRIMALITY_UNASSIGNED,GF3A_DIRECTIONAL_WRITE_EXHAUSTED_PRIMALITY_UNASSIGNED,513,512,512,NO_RECORDED_FACTOR_PRP_OR_LL_RESULT_AND_NO_ACTIVE_GIMPS_ASSIGNMENT,2026-08-09T09:12:31+00:00,UNALLOCATED,,,,,
SLCMP2607-2779,2779,2779,794136041,2^794136041-1,STRUCTURAL_SCREEN_EXHAUSTED_PRIMALITY_UNASSIGNED,GF3A_DIRECTIONAL_WRITE_EXHAUSTED_PRIMALITY_UNASSIGNED,513,512,512,NO_RECORDED_FACTOR_PRP_OR_LL_RESULT_AND_NO_ACTIVE_GIMPS_ASSIGNMENT,2026-08-09T09:12:31+00:00,UNALLOCATED,,,,,
SLCMP2607-2780,2780,2780,794136061,2^794136061-1,STRUCTURAL_SCREEN_EXHAUSTED_PRIMALITY_UNASSIGNED,GF3A_DIRECTIONAL_WRITE_EXHAUSTED_PRIMALITY_UNASSIGNED,513,512,512,NO_RECORDED_FACTOR_PRP_OR_LL_RESULT_AND_NO_ACTIVE_GIMPS_ASSIGNMENT,2026-08-09T09:12:31+00:00,UNALLOCATED,,,,,
SLCMP2607-2781,2781,2781,794136071,2^794136071-1,STRUCTURAL_SCREEN_EXHAUSTED_PRIMALITY_UNASSIGNED,GF3A_DIRECTIONAL_WRITE_EXHAUSTED_PRIMALITY_UNASSIGNED,514,512,512,NO_RECORDED_FACTOR_PRP_OR_LL_RESULT_AND_NO_ACTIVE_GIMPS_ASSIGNMENT,2026-08-09T09:12:31+00:00,UNALLOCATED,,,,,
SLCMP2607-2782,2782,2782,794136137,2^794136137-1,STRUCTURAL_SCREEN_EXHAUSTED_PRIMALITY_UNASSIGNED,GF3A_DIRECTIONAL_WRITE_EXHAUSTED_PRIMALITY_UNASSIGNED,513,512,512,NO_RECORDED_FACTOR_PRP_OR_LL_RESULT_AND_NO_ACTIVE_GIMPS_ASSIGNMENT,2026-08-09T09:12:31+00:00,UNALLOCATED,,,,,
SLCMP2607-2783,2783,2783,794136197,2^794136197-1,STRUCTURAL_SCREEN_EXHAUSTED_PRIMALITY_UNASSIGNED,GF3A_DIRECTIONAL_WRITE_EXHAUSTED_PRIMALITY_UNASSIGNED,513,512,512,NO_RECORDED_FACTOR_PRP_OR_LL_RESULT_AND_NO_ACTIVE_GIMPS_ASSIGNMENT,2026-08-09T09:12:31+00:00,UNALLOCATED,,,,,
SLCMP2607-2784,2784,2784,794136209,2^794136209-1,STRUCTURAL_SCREEN_EXHAUSTED_PRIMALITY_UNASSIGNED,GF3A_DIRECTIONAL_WRITE_EXHAUSTED_PRIMALITY_UNASSIGNED,513,512,512,NO_RECORDED_FACTOR_PRP_OR_LL_RESULT_AND_NO_ACTIVE_GIMPS_ASSIGNMENT,2026-08-09T09:12:31+00:00,UNALLOCATED,,,,,
SLCMP2607-2785,2785,2785,794136229,2^794136229-1,STRUCTURAL_SCREEN_EXHAUSTED_PRIMALITY_UNASSIGNED,GF3A_DIRECTIONAL_WRITE_EXHAUSTED_PRIMALITY_UNASSIGNED,513,512,512,NO_RECORDED_FACTOR_PRP_OR_LL_RESULT_AND_NO_ACTIVE_GIMPS_ASSIGNMENT,2026-08-09T09:12:31+00:00,UNALLOCATED,,,,,
SLCMP2607-2786,2786,2786,794136337,2^794136337-1,STRUCTURAL_SCREEN_EXHAUSTED_PRIMALITY_UNASSIGNED,GF3A_DIRECTIONAL_WRITE_EXHAUSTED_PRIMALITY_UNASSIGNED,513,512,512,NO_RECORDED_FACTOR_PRP_OR_LL_RESULT_AND_NO_ACTIVE_GIMPS_ASSIGNMENT,2026-08-09T09:12:31+00:00,UNALLOCATED,,,,,
SLCMP2607-2787,2787,2787,794136391,2^794136391-1,STRUCTURAL_SCREEN_EXHAUSTED_PRIMALITY_UNASSIGNED,GF3A_DIRECTIONAL_WRITE_EXHAUSTED_PRIMALITY_UNASSIGNED,514,512,512,NO_RECORDED_FACTOR_PRP_OR_LL_RESULT_AND_NO_ACTIVE_GIMPS_ASSIGNMENT,2026-08-09T09:12:31+00:00,UNALLOCATED,,,,,
SLCMP2607-2788,2788,2788,794136457,2^794136457-1,STRUCTURAL_SCREEN_EXHAUSTED_PRIMALITY_UNASSIGNED,GF3A_DIRECTIONAL_WRITE_EXHAUSTED_PRIMALITY_UNASSIGNED,513,512,512,NO_RECORDED_FACTOR_PRP_OR_LL_RESULT_AND_NO_ACTIVE_GIMPS_ASSIGNMENT,2026-08-09T09:12:31+00:00,UNALLOCATED,,,,,
SLCMP2607-2789,2789,2789,794136523,2^794136523-1,STRUCTURAL_SCREEN_EXHAUSTED_PRIMALITY_UNASSIGNED,GF3A_DIRECTIONAL_WRITE_EXHAUSTED_PRIMALITY_UNASSIGNED,514,512,512,NO_RECORDED_FACTOR_PRP_OR_LL_RESULT_AND_NO_ACTIVE_GIMPS_ASSIGNMENT,2026-08-09T09:12:31+00:00,UNALLOCATED,,,,,
SLCMP2607-2790,2790,2790,794136593,2^794136593-1,STRUCTURAL_SCREEN_EXHAUSTED_PRIMALITY_UNASSIGNED,GF3A_DIRECTIONAL_WRITE_EXHAUSTED_PRIMALITY_UNASSIGNED,513,512,512,NO_RECORDED_FACTOR_PRP_OR_LL_RESULT_AND_NO_ACTIVE_GIMPS_ASSIGNMENT,2026-08-09T09:12:31+00:00,UNALLOCATED,,,,,
SLCMP2607-2791,2791,2791,794136631,2^794136631-1,STRUCTURAL_SCREEN_EXHAUSTED_PRIMALITY_UNASSIGNED,GF3A_DIRECTIONAL_WRITE_EXHAUSTED_PRIMALITY_UNASSIGNED,514,512,512,NO_RECORDED_FACTOR_PRP_OR_LL_RESULT_AND_NO_ACTIVE_GIMPS_ASSIGNMENT,2026-08-09T09:12:31+00:00,UNALLOCATED,,,,,
SLCMP2607-2792,2792,2792,794136649,2^794136649-1,STRUCTURAL_SCREEN_EXHAUSTED_PRIMALITY_UNASSIGNED,GF3A_DIRECTIONAL_WRITE_EXHAUSTED_PRIMALITY_UNASSIGNED,513,512,512,NO_RECORDED_FACTOR_PRP_OR_LL_RESULT_AND_NO_ACTIVE_GIMPS_ASSIGNMENT,2026-08-09T09:12:31+00:00,UNALLOCATED,,,,,
SLCMP2607-2793,2793,2793,794136701,2^794136701-1,STRUCTURAL_SCREEN_EXHAUSTED_PRIMALITY_UNASSIGNED,GF3A_DIRECTIONAL_WRITE_EXHAUSTED_PRIMALITY_UNASSIGNED,513,512,512,NO_RECORDED_FACTOR_PRP_OR_LL_RESULT_AND_NO_ACTIVE_GIMPS_ASSIGNMENT,2026-08-09T09:12:31+00:00,UNALLOCATED,,,,,
SLCMP2607-2794,2794,2794,794136743,2^794136743-1,STRUCTURAL_SCREEN_EXHAUSTED_PRIMALITY_UNASSIGNED,GF3A_DIRECTIONAL_WRITE_EXHAUSTED_PRIMALITY_UNASSIGNED,514,512,512,NO_RECORDED_FACTOR_PRP_OR_LL_RESULT_AND_NO_ACTIVE_GIMPS_ASSIGNMENT,2026-08-09T09:12:31+00:00,UNALLOCATED,,,,,
SLCMP2607-2795,2795,2795,794136781,2^794136781-1,STRUCTURAL_SCREEN_EXHAUSTED_PRIMALITY_UNASSIGNED,GF3A_DIRECTIONAL_WRITE_EXHAUSTED_PRIMALITY_UNASSIGNED,513,512,512,NO_RECORDED_FACTOR_PRP_OR_LL_RESULT_AND_NO_ACTIVE_GIMPS_ASSIGNMENT,2026-08-09T09:12:31+00:00,UNALLOCATED,,,,,
SLCMP2607-2796,2796,2796,794136881,2^794136881-1,STRUCTURAL_SCREEN_EXHAUSTED_PRIMALITY_UNASSIGNED,GF3A_DIRECTIONAL_WRITE_EXHAUSTED_PRIMALITY_UNASSIGNED,513,512,512,NO_RECORDED_FACTOR_PRP_OR_LL_RESULT_AND_NO_ACTIVE_GIMPS_ASSIGNMENT,2026-08-09T09:12:31+00:00,UNALLOCATED,,,,,
SLCMP2607-2797,2797,2797,794136919,2^794136919-1,STRUCTURAL_SCREEN_EXHAUSTED_PRIMALITY_UNASSIGNED,GF3A_DIRECTIONAL_WRITE_EXHAUSTED_PRIMALITY_UNASSIGNED,514,512,512,NO_RECORDED_FACTOR_PRP_OR_LL_RESULT_AND_NO_ACTIVE_GIMPS_ASSIGNMENT,2026-08-09T09:12:31+00:00,UNALLOCATED,,,,,
SLCMP2607-2798,2798,2798,794137009,2^794137009-1,STRUCTURAL_SCREEN_EXHAUSTED_PRIMALITY_UNASSIGNED,GF3A_DIRECTIONAL_WRITE_EXHAUSTED_PRIMALITY_UNASSIGNED,513,512,512,NO_RECORDED_FACTOR_PRP_OR_LL_RESULT_AND_NO_ACTIVE_GIMPS_ASSIGNMENT,2026-08-09T09:12:31+00:00,UNALLOCATED,,,,,
SLCMP2607-2799,2799,2799,794137033,2^794137033-1,STRUCTURAL_SCREEN_EXHAUSTED_PRIMALITY_UNASSIGNED,GF3A_DIRECTIONAL_WRITE_EXHAUSTED_PRIMALITY_UNASSIGNED,513,512,512,NO_RECORDED_FACTOR_PRP_OR_LL_RESULT_AND_NO_ACTIVE_GIMPS_ASSIGNMENT,2026-08-09T09:12:31+00:00,UNALLOCATED,,,,,
SLCMP2607-2800,2800,2800,794137037,2^794137037-1,STRUCTURAL_SCREEN_EXHAUSTED_PRIMALITY_UNASSIGNED,GF3A_DIRECTIONAL_WRITE_EXHAUSTED_PRIMALITY_UNASSIGNED,513,512,512,NO_RECORDED_FACTOR_PRP_OR_LL_RESULT_AND_NO_ACTIVE_GIMPS_ASSIGNMENT,2026-08-09T09:12:31+00:00,UNALLOCATED,,,,,
SLCMP2607-2801,2801,2801,794137039,2^794137039-1,STRUCTURAL_SCREEN_EXHAUSTED_PRIMALITY_UNASSIGNED,GF3A_DIRECTIONAL_WRITE_EXHAUSTED_PRIMALITY_UNASSIGNED,514,512,512,NO_RECORDED_FACTOR_PRP_OR_LL_RESULT_AND_NO_ACTIVE_GIMPS_ASSIGNMENT,2026-08-09T09:12:31+00:00,UNALLOCATED,,,,,
SLCMP2607-2802,2802,2802,794137061,2^794137061-1,STRUCTURAL_SCREEN_EXHAUSTED_PRIMALITY_UNASSIGNED,GF3A_DIRECTIONAL_WRITE_EXHAUSTED_PRIMALITY_UNASSIGNED,513,512,512,NO_RECORDED_FACTOR_PRP_OR_LL_RESULT_AND_NO_ACTIVE_GIMPS_ASSIGNMENT,2026-08-09T09:12:31+00:00,UNALLOCATED,,,,,
SLCMP2607-2803,2803,2803,794137067,2^794137067-1,STRUCTURAL_SCREEN_EXHAUSTED_PRIMALITY_UNASSIGNED,GF3A_DIRECTIONAL_WRITE_EXHAUSTED_PRIMALITY_UNASSIGNED,514,512,512,NO_RECORDED_FACTOR_PRP_OR_LL_RESULT_AND_NO_ACTIVE_GIMPS_ASSIGNMENT,2026-08-09T09:12:31+00:00,UNALLOCATED,,,,,
SLCMP2607-2804,2804,2804,794137103,2^794137103-1,STRUCTURAL_SCREEN_EXHAUSTED_PRIMALITY_UNASSIGNED,GF3A_DIRECTIONAL_WRITE_EXHAUSTED_PRIMALITY_UNASSIGNED,514,512,512,NO_RECORDED_FACTOR_PRP_OR_LL_RESULT_AND_NO_ACTIVE_GIMPS_ASSIGNMENT,2026-08-09T09:12:31+00:00,UNALLOCATED,,,,,
SLCMP2607-2805,2805,2805,794137171,2^794137171-1,STRUCTURAL_SCREEN_EXHAUSTED_PRIMALITY_UNASSIGNED,GF3A_DIRECTIONAL_WRITE_EXHAUSTED_PRIMALITY_UNASSIGNED,514,512,512,NO_RECORDED_FACTOR_PRP_OR_LL_RESULT_AND_NO_ACTIVE_GIMPS_ASSIGNMENT,2026-08-09T09:12:31+00:00,UNALLOCATED,,,,,
SLCMP2607-2806,2806,2806,794137177,2^794137177-1,STRUCTURAL_SCREEN_EXHAUSTED_PRIMALITY_UNASSIGNED,GF3A_DIRECTIONAL_WRITE_EXHAUSTED_PRIMALITY_UNASSIGNED,513,512,512,NO_RECORDED_FACTOR_PRP_OR_LL_RESULT_AND_NO_ACTIVE_GIMPS_ASSIGNMENT,2026-08-09T09:12:31+00:00,UNALLOCATED,,,,,
SLCMP2607-2807,2807,2807,794137181,2^794137181-1,STRUCTURAL_SCREEN_EXHAUSTED_PRIMALITY_UNASSIGNED,GF3A_DIRECTIONAL_WRITE_EXHAUSTED_PRIMALITY_UNASSIGNED,513,512,512,NO_RECORDED_FACTOR_PRP_OR_LL_RESULT_AND_NO_ACTIVE_GIMPS_ASSIGNMENT,2026-08-09T09:12:31+00:00,UNALLOCATED,,,,,
SLCMP2607-2808,2808,2808,794137187,2^794137187-1,STRUCTURAL_SCREEN_EXHAUSTED_PRIMALITY_UNASSIGNED,GF3A_DIRECTIONAL_WRITE_EXHAUSTED_PRIMALITY_UNASSIGNED,514,512,512,NO_RECORDED_FACTOR_PRP_OR_LL_RESULT_AND_NO_ACTIVE_GIMPS_ASSIGNMENT,2026-08-09T09:12:31+00:00,UNALLOCATED,,,,,
SLCMP2607-2809,2809,2809,794137273,2^794137273-1,STRUCTURAL_SCREEN_EXHAUSTED_PRIMALITY_UNASSIGNED,GF3A_DIRECTIONAL_WRITE_EXHAUSTED_PRIMALITY_UNASSIGNED,513,512,512,NO_RECORDED_FACTOR_PRP_OR_LL_RESULT_AND_NO_ACTIVE_GIMPS_ASSIGNMENT,2026-08-09T09:12:31+00:00,UNALLOCATED,,,,,
SLCMP2607-2810,2810,2810,794137397,2^794137397-1,STRUCTURAL_SCREEN_EXHAUSTED_PRIMALITY_UNASSIGNED,GF3A_DIRECTIONAL_WRITE_EXHAUSTED_PRIMALITY_UNASSIGNED,513,512,512,NO_RECORDED_FACTOR_PRP_OR_LL_RESULT_AND_NO_ACTIVE_GIMPS_ASSIGNMENT,2026-08-09T09:12:31+00:00,UNALLOCATED,,,,,
SLCMP2607-2811,2811,2811,794137499,2^794137499-1,STRUCTURAL_SCREEN_EXHAUSTED_PRIMALITY_UNASSIGNED,GF3A_DIRECTIONAL_WRITE_EXHAUSTED_PRIMALITY_UNASSIGNED,514,512,512,NO_RECORDED_FACTOR_PRP_OR_LL_RESULT_AND_NO_ACTIVE_GIMPS_ASSIGNMENT,2026-08-09T09:12:31+00:00,UNALLOCATED,,,,,
SLCMP2607-2812,2812,2812,794137601,2^794137601-1,STRUCTURAL_SCREEN_EXHAUSTED_PRIMALITY_UNASSIGNED,GF3A_DIRECTIONAL_WRITE_EXHAUSTED_PRIMALITY_UNASSIGNED,513,512,512,NO_RECORDED_FACTOR_PRP_OR_LL_RESULT_AND_NO_ACTIVE_GIMPS_ASSIGNMENT,2026-08-09T09:12:31+00:00,UNALLOCATED,,,,,
SLCMP2607-2813,2813,2813,794137613,2^794137613-1,STRUCTURAL_SCREEN_EXHAUSTED_PRIMALITY_UNASSIGNED,GF3A_DIRECTIONAL_WRITE_EXHAUSTED_PRIMALITY_UNASSIGNED,513,512,512,NO_RECORDED_FACTOR_PRP_OR_LL_RESULT_AND_NO_ACTIVE_GIMPS_ASSIGNMENT,2026-08-09T09:12:31+00:00,UNALLOCATED,,,,,
SLCMP2607-2814,2814,2814,794137639,2^794137639-1,STRUCTURAL_SCREEN_EXHAUSTED_PRIMALITY_UNASSIGNED,GF3A_DIRECTIONAL_WRITE_EXHAUSTED_PRIMALITY_UNASSIGNED,514,512,512,NO_RECORDED_FACTOR_PRP_OR_LL_RESULT_AND_NO_ACTIVE_GIMPS_ASSIGNMENT,2026-08-09T09:12:31+00:00,UNALLOCATED,,,,,
SLCMP2607-2815,2815,2815,794137693,2^794137693-1,STRUCTURAL_SCREEN_EXHAUSTED_PRIMALITY_UNASSIGNED,GF3A_DIRECTIONAL_WRITE_EXHAUSTED_PRIMALITY_UNASSIGNED,513,512,512,NO_RECORDED_FACTOR_PRP_OR_LL_RESULT_AND_NO_ACTIVE_GIMPS_ASSIGNMENT,2026-08-09T09:12:31+00:00,UNALLOCATED,,,,,
SLCMP2607-2816,2816,2816,794137787,2^794137787-1,STRUCTURAL_SCREEN_EXHAUSTED_PRIMALITY_UNASSIGNED,GF3A_DIRECTIONAL_WRITE_EXHAUSTED_PRIMALITY_UNASSIGNED,514,512,512,NO_RECORDED_FACTOR_PRP_OR_LL_RESULT_AND_NO_ACTIVE_GIMPS_ASSIGNMENT,2026-08-09T09:12:31+00:00,UNALLOCATED,,,,,
SLCMP2607-2817,2817,2817,794137963,2^794137963-1,STRUCTURAL_SCREEN_EXHAUSTED_PRIMALITY_UNASSIGNED,GF3A_DIRECTIONAL_WRITE_EXHAUSTED_PRIMALITY_UNASSIGNED,514,512,512,NO_RECORDED_FACTOR_PRP_OR_LL_RESULT_AND_NO_ACTIVE_GIMPS_ASSIGNMENT,2026-08-09T09:12:31+00:00,UNALLOCATED,,,,,
SLCMP2607-2818,2818,2818,794138039,2^794138039-1,STRUCTURAL_SCREEN_EXHAUSTED_PRIMALITY_UNASSIGNED,GF3A_DIRECTIONAL_WRITE_EXHAUSTED_PRIMALITY_UNASSIGNED,514,512,512,NO_RECORDED_FACTOR_PRP_OR_LL_RESULT_AND_NO_ACTIVE_GIMPS_ASSIGNMENT,2026-08-09T09:12:31+00:00,UNALLOCATED,,,,,
SLCMP2607-2819,2819,2819,794138131,2^794138131-1,STRUCTURAL_SCREEN_EXHAUSTED_PRIMALITY_UNASSIGNED,GF3A_DIRECTIONAL_WRITE_EXHAUSTED_PRIMALITY_UNASSIGNED,514,512,512,NO_RECORDED_FACTOR_PRP_OR_LL_RESULT_AND_NO_ACTIVE_GIMPS_ASSIGNMENT,2026-08-09T09:12:31+00:00,UNALLOCATED,,,,,
SLCMP2607-2820,2820,2820,794138159,2^794138159-1,STRUCTURAL_SCREEN_EXHAUSTED_PRIMALITY_UNASSIGNED,GF3A_DIRECTIONAL_WRITE_EXHAUSTED_PRIMALITY_UNASSIGNED,514,512,512,NO_RECORDED_FACTOR_PRP_OR_LL_RESULT_AND_NO_ACTIVE_GIMPS_ASSIGNMENT,2026-08-09T09:12:31+00:00,UNALLOCATED,,,,,
SLCMP2607-2821,2821,2821,794138197,2^794138197-1,STRUCTURAL_SCREEN_EXHAUSTED_PRIMALITY_UNASSIGNED,GF3A_DIRECTIONAL_WRITE_EXHAUSTED_PRIMALITY_UNASSIGNED,513,512,512,NO_RECORDED_FACTOR_PRP_OR_LL_RESULT_AND_NO_ACTIVE_GIMPS_ASSIGNMENT,2026-08-09T09:12:31+00:00,UNALLOCATED,,,,,
SLCMP2607-2822,2822,2822,794138201,2^794138201-1,STRUCTURAL_SCREEN_EXHAUSTED_PRIMALITY_UNASSIGNED,GF3A_DIRECTIONAL_WRITE_EXHAUSTED_PRIMALITY_UNASSIGNED,513,512,512,NO_RECORDED_FACTOR_PRP_OR_LL_RESULT_AND_NO_ACTIVE_GIMPS_ASSIGNMENT,2026-08-09T09:12:31+00:00,UNALLOCATED,,,,,
SLCMP2607-2823,2823,2823,794138209,2^794138209-1,STRUCTURAL_SCREEN_EXHAUSTED_PRIMALITY_UNASSIGNED,GF3A_DIRECTIONAL_WRITE_EXHAUSTED_PRIMALITY_UNASSIGNED,513,512,512,NO_RECORDED_FACTOR_PRP_OR_LL_RESULT_AND_NO_ACTIVE_GIMPS_ASSIGNMENT,2026-08-09T09:12:31+00:00,UNALLOCATED,,,,,
SLCMP2607-2824,2824,2824,794138243,2^794138243-1,STRUCTURAL_SCREEN_EXHAUSTED_PRIMALITY_UNASSIGNED,GF3A_DIRECTIONAL_WRITE_EXHAUSTED_PRIMALITY_UNASSIGNED,514,512,512,NO_RECORDED_FACTOR_PRP_OR_LL_RESULT_AND_NO_ACTIVE_GIMPS_ASSIGNMENT,2026-08-09T09:12:31+00:00,UNALLOCATED,,,,,
SLCMP2607-2825,2825,2825,794138309,2^794138309-1,STRUCTURAL_SCREEN_EXHAUSTED_PRIMALITY_UNASSIGNED,GF3A_DIRECTIONAL_WRITE_EXHAUSTED_PRIMALITY_UNASSIGNED,513,512,512,NO_RECORDED_FACTOR_PRP_OR_LL_RESULT_AND_NO_ACTIVE_GIMPS_ASSIGNMENT,2026-08-09T09:12:31+00:00,UNALLOCATED,,,,,
SLCMP2607-2826,2826,2826,794138369,2^794138369-1,STRUCTURAL_SCREEN_EXHAUSTED_PRIMALITY_UNASSIGNED,GF3A_DIRECTIONAL_WRITE_EXHAUSTED_PRIMALITY_UNASSIGNED,513,512,512,NO_RECORDED_FACTOR_PRP_OR_LL_RESULT_AND_NO_ACTIVE_GIMPS_ASSIGNMENT,2026-08-09T09:12:31+00:00,UNALLOCATED,,,,,
SLCMP2607-2827,2827,2827,794138399,2^794138399-1,STRUCTURAL_SCREEN_EXHAUSTED_PRIMALITY_UNASSIGNED,GF3A_DIRECTIONAL_WRITE_EXHAUSTED_PRIMALITY_UNASSIGNED,514,512,512,NO_RECORDED_FACTOR_PRP_OR_LL_RESULT_AND_NO_ACTIVE_GIMPS_ASSIGNMENT,2026-08-09T09:12:31+00:00,UNALLOCATED,,,,,
SLCMP2607-2828,2828,2828,794138413,2^794138413-1,STRUCTURAL_SCREEN_EXHAUSTED_PRIMALITY_UNASSIGNED,GF3A_DIRECTIONAL_WRITE_EXHAUSTED_PRIMALITY_UNASSIGNED,513,512,512,NO_RECORDED_FACTOR_PRP_OR_LL_RESULT_AND_NO_ACTIVE_GIMPS_ASSIGNMENT,2026-08-09T09:12:31+00:00,UNALLOCATED,,,,,
SLCMP2607-2829,2829,2829,794138557,2^794138557-1,STRUCTURAL_SCREEN_EXHAUSTED_PRIMALITY_UNASSIGNED,GF3A_DIRECTIONAL_WRITE_EXHAUSTED_PRIMALITY_UNASSIGNED,513,512,512,NO_RECORDED_FACTOR_PRP_OR_LL_RESULT_AND_NO_ACTIVE_GIMPS_ASSIGNMENT,2026-08-09T09:12:31+00:00,UNALLOCATED,,,,,
SLCMP2607-2830,2830,2830,794138647,2^794138647-1,STRUCTURAL_SCREEN_EXHAUSTED_PRIMALITY_UNASSIGNED,GF3A_DIRECTIONAL_WRITE_EXHAUSTED_PRIMALITY_UNASSIGNED,514,512,512,NO_RECORDED_FACTOR_PRP_OR_LL_RESULT_AND_NO_ACTIVE_GIMPS_ASSIGNMENT,2026-08-09T09:12:31+00:00,UNALLOCATED,,,,,
SLCMP2607-2831,2831,2831,794138711,2^794138711-1,STRUCTURAL_SCREEN_EXHAUSTED_PRIMALITY_UNASSIGNED,GF3A_DIRECTIONAL_WRITE_EXHAUSTED_PRIMALITY_UNASSIGNED,514,512,512,NO_RECORDED_FACTOR_PRP_OR_LL_RESULT_AND_NO_ACTIVE_GIMPS_ASSIGNMENT,2026-08-09T09:12:31+00:00,UNALLOCATED,,,,,
SLCMP2607-2832,2832,2832,794138713,2^794138713-1,STRUCTURAL_SCREEN_EXHAUSTED_PRIMALITY_UNASSIGNED,GF3A_DIRECTIONAL_WRITE_EXHAUSTED_PRIMALITY_UNASSIGNED,513,512,512,NO_RECORDED_FACTOR_PRP_OR_LL_RESULT_AND_NO_ACTIVE_GIMPS_ASSIGNMENT,2026-08-09T09:12:31+00:00,UNALLOCATED,,,,,
SLCMP2607-2833,2833,2833,794138789,2^794138789-1,STRUCTURAL_SCREEN_EXHAUSTED_PRIMALITY_UNASSIGNED,GF3A_DIRECTIONAL_WRITE_EXHAUSTED_PRIMALITY_UNASSIGNED,513,512,512,NO_RECORDED_FACTOR_PRP_OR_LL_RESULT_AND_NO_ACTIVE_GIMPS_ASSIGNMENT,2026-08-09T09:12:31+00:00,UNALLOCATED,,,,,
SLCMP2607-2834,2834,2834,794138819,2^794138819-1,STRUCTURAL_SCREEN_EXHAUSTED_PRIMALITY_UNASSIGNED,GF3A_DIRECTIONAL_WRITE_EXHAUSTED_PRIMALITY_UNASSIGNED,514,512,512,NO_RECORDED_FACTOR_PRP_OR_LL_RESULT_AND_NO_ACTIVE_GIMPS_ASSIGNMENT,2026-08-09T09:12:31+00:00,UNALLOCATED,,,,,
SLCMP2607-2835,2835,2835,794138827,2^794138827-1,STRUCTURAL_SCREEN_EXHAUSTED_PRIMALITY_UNASSIGNED,GF3A_DIRECTIONAL_WRITE_EXHAUSTED_PRIMALITY_UNASSIGNED,514,512,512,NO_RECORDED_FACTOR_PRP_OR_LL_RESULT_AND_NO_ACTIVE_GIMPS_ASSIGNMENT,2026-08-09T09:12:31+00:00,UNALLOCATED,,,,,
SLCMP2607-2836,2836,2836,794138869,2^794138869-1,STRUCTURAL_SCREEN_EXHAUSTED_PRIMALITY_UNASSIGNED,GF3A_DIRECTIONAL_WRITE_EXHAUSTED_PRIMALITY_UNASSIGNED,513,512,512,NO_RECORDED_FACTOR_PRP_OR_LL_RESULT_AND_NO_ACTIVE_GIMPS_ASSIGNMENT,2026-08-09T09:12:31+00:00,UNALLOCATED,,,,,
SLCMP2607-2837,2837,2837,794139107,2^794139107-1,STRUCTURAL_SCREEN_EXHAUSTED_PRIMALITY_UNASSIGNED,GF3A_DIRECTIONAL_WRITE_EXHAUSTED_PRIMALITY_UNASSIGNED,514,512,512,NO_RECORDED_FACTOR_PRP_OR_LL_RESULT_AND_NO_ACTIVE_GIMPS_ASSIGNMENT,2026-08-09T09:12:31+00:00,UNALLOCATED,,,,,
SLCMP2607-2838,2838,2838,794139149,2^794139149-1,STRUCTURAL_SCREEN_EXHAUSTED_PRIMALITY_UNASSIGNED,GF3A_DIRECTIONAL_WRITE_EXHAUSTED_PRIMALITY_UNASSIGNED,513,512,512,NO_RECORDED_FACTOR_PRP_OR_LL_RESULT_AND_NO_ACTIVE_GIMPS_ASSIGNMENT,2026-08-09T09:12:31+00:00,UNALLOCATED,,,,,
SLCMP2607-2839,2839,2839,794139217,2^794139217-1,STRUCTURAL_SCREEN_EXHAUSTED_PRIMALITY_UNASSIGNED,GF3A_DIRECTIONAL_WRITE_EXHAUSTED_PRIMALITY_UNASSIGNED,513,512,512,NO_RECORDED_FACTOR_PRP_OR_LL_RESULT_AND_NO_ACTIVE_GIMPS_ASSIGNMENT,2026-08-09T09:12:31+00:00,UNALLOCATED,,,,,
SLCMP2607-2840,2840,2840,794139301,2^794139301-1,STRUCTURAL_SCREEN_EXHAUSTED_PRIMALITY_UNASSIGNED,GF3A_DIRECTIONAL_WRITE_EXHAUSTED_PRIMALITY_UNASSIGNED,513,512,512,NO_RECORDED_FACTOR_PRP_OR_LL_RESULT_AND_NO_ACTIVE_GIMPS_ASSIGNMENT,2026-08-09T09:12:31+00:00,UNALLOCATED,,,,,
SLCMP2607-2841,2841,2841,794139317,2^794139317-1,STRUCTURAL_SCREEN_EXHAUSTED_PRIMALITY_UNASSIGNED,GF3A_DIRECTIONAL_WRITE_EXHAUSTED_PRIMALITY_UNASSIGNED,513,512,512,NO_RECORDED_FACTOR_PRP_OR_LL_RESULT_AND_NO_ACTIVE_GIMPS_ASSIGNMENT,2026-08-09T09:12:31+00:00,UNALLOCATED,,,,,
SLCMP2607-2842,2842,2842,794139329,2^794139329-1,STRUCTURAL_SCREEN_EXHAUSTED_PRIMALITY_UNASSIGNED,GF3A_DIRECTIONAL_WRITE_EXHAUSTED_PRIMALITY_UNASSIGNED,513,512,512,NO_RECORDED_FACTOR_PRP_OR_LL_RESULT_AND_NO_ACTIVE_GIMPS_ASSIGNMENT,2026-08-09T09:12:31+00:00,UNALLOCATED,,,,,
SLCMP2607-2843,2843,2843,794139361,2^794139361-1,STRUCTURAL_SCREEN_EXHAUSTED_PRIMALITY_UNASSIGNED,GF3A_DIRECTIONAL_WRITE_EXHAUSTED_PRIMALITY_UNASSIGNED,513,512,512,NO_RECORDED_FACTOR_PRP_OR_LL_RESULT_AND_NO_ACTIVE_GIMPS_ASSIGNMENT,2026-08-09T09:12:31+00:00,UNALLOCATED,,,,,
SLCMP2607-2844,2844,2844,794139397,2^794139397-1,STRUCTURAL_SCREEN_EXHAUSTED_PRIMALITY_UNASSIGNED,GF3A_DIRECTIONAL_WRITE_EXHAUSTED_PRIMALITY_UNASSIGNED,513,512,512,NO_RECORDED_FACTOR_PRP_OR_LL_RESULT_AND_NO_ACTIVE_GIMPS_ASSIGNMENT,2026-08-09T09:12:31+00:00,UNALLOCATED,,,,,
SLCMP2607-2845,2845,2845,794139403,2^794139403-1,STRUCTURAL_SCREEN_EXHAUSTED_PRIMALITY_UNASSIGNED,GF3A_DIRECTIONAL_WRITE_EXHAUSTED_PRIMALITY_UNASSIGNED,514,512,512,NO_RECORDED_FACTOR_PRP_OR_LL_RESULT_AND_NO_ACTIVE_GIMPS_ASSIGNMENT,2026-08-09T09:12:31+00:00,UNALLOCATED,,,,,
SLCMP2607-2846,2846,2846,794139427,2^794139427-1,STRUCTURAL_SCREEN_EXHAUSTED_PRIMALITY_UNASSIGNED,GF3A_DIRECTIONAL_WRITE_EXHAUSTED_PRIMALITY_UNASSIGNED,514,512,512,NO_RECORDED_FACTOR_PRP_OR_LL_RESULT_AND_NO_ACTIVE_GIMPS_ASSIGNMENT,2026-08-09T09:12:31+00:00,UNALLOCATED,,,,,
SLCMP2607-2847,2847,2847,794139449,2^794139449-1,STRUCTURAL_SCREEN_EXHAUSTED_PRIMALITY_UNASSIGNED,GF3A_DIRECTIONAL_WRITE_EXHAUSTED_PRIMALITY_UNASSIGNED,513,512,512,NO_RECORDED_FACTOR_PRP_OR_LL_RESULT_AND_NO_ACTIVE_GIMPS_ASSIGNMENT,2026-08-09T09:12:31+00:00,UNALLOCATED,,,,,
SLCMP2607-2848,2848,2848,794139551,2^794139551-1,STRUCTURAL_SCREEN_EXHAUSTED_PRIMALITY_UNASSIGNED,GF3A_DIRECTIONAL_WRITE_EXHAUSTED_PRIMALITY_UNASSIGNED,514,512,512,NO_RECORDED_FACTOR_PRP_OR_LL_RESULT_AND_NO_ACTIVE_GIMPS_ASSIGNMENT,2026-08-09T09:12:31+00:00,UNALLOCATED,,,,,
SLCMP2607-2849,2849,2849,794139559,2^794139559-1,STRUCTURAL_SCREEN_EXHAUSTED_PRIMALITY_UNASSIGNED,GF3A_DIRECTIONAL_WRITE_EXHAUSTED_PRIMALITY_UNASSIGNED,514,512,512,NO_RECORDED_FACTOR_PRP_OR_LL_RESULT_AND_NO_ACTIVE_GIMPS_ASSIGNMENT,2026-08-09T09:12:31+00:00,UNALLOCATED,,,,,
SLCMP2607-2850,2850,2850,794139569,2^794139569-1,STRUCTURAL_SCREEN_EXHAUSTED_PRIMALITY_UNASSIGNED,GF3A_DIRECTIONAL_WRITE_EXHAUSTED_PRIMALITY_UNASSIGNED,513,512,512,NO_RECORDED_FACTOR_PRP_OR_LL_RESULT_AND_NO_ACTIVE_GIMPS_ASSIGNMENT,2026-08-09T09:12:31+00:00,UNALLOCATED,,,,,
SLCMP2607-2851,2851,2851,794139583,2^794139583-1,STRUCTURAL_SCREEN_EXHAUSTED_PRIMALITY_UNASSIGNED,GF3A_DIRECTIONAL_WRITE_EXHAUSTED_PRIMALITY_UNASSIGNED,514,512,512,NO_RECORDED_FACTOR_PRP_OR_LL_RESULT_AND_NO_ACTIVE_GIMPS_ASSIGNMENT,2026-08-09T09:12:31+00:00,UNALLOCATED,,,,,
SLCMP2607-2852,2852,2852,794139629,2^794139629-1,STRUCTURAL_SCREEN_EXHAUSTED_PRIMALITY_UNASSIGNED,GF3A_DIRECTIONAL_WRITE_EXHAUSTED_PRIMALITY_UNASSIGNED,513,512,512,NO_RECORDED_FACTOR_PRP_OR_LL_RESULT_AND_NO_ACTIVE_GIMPS_ASSIGNMENT,2026-08-09T09:12:31+00:00,UNALLOCATED,,,,,
SLCMP2607-2853,2853,2853,794139667,2^794139667-1,STRUCTURAL_SCREEN_EXHAUSTED_PRIMALITY_UNASSIGNED,GF3A_DIRECTIONAL_WRITE_EXHAUSTED_PRIMALITY_UNASSIGNED,514,512,512,NO_RECORDED_FACTOR_PRP_OR_LL_RESULT_AND_NO_ACTIVE_GIMPS_ASSIGNMENT,2026-08-09T09:12:31+00:00,UNALLOCATED,,,,,
SLCMP2607-2854,2854,2854,794139691,2^794139691-1,STRUCTURAL_SCREEN_EXHAUSTED_PRIMALITY_UNASSIGNED,GF3A_DIRECTIONAL_WRITE_EXHAUSTED_PRIMALITY_UNASSIGNED,514,512,512,NO_RECORDED_FACTOR_PRP_OR_LL_RESULT_AND_NO_ACTIVE_GIMPS_ASSIGNMENT,2026-08-09T09:12:31+00:00,UNALLOCATED,,,,,
SLCMP2607-2855,2855,2855,794139839,2^794139839-1,STRUCTURAL_SCREEN_EXHAUSTED_PRIMALITY_UNASSIGNED,GF3A_DIRECTIONAL_WRITE_EXHAUSTED_PRIMALITY_UNASSIGNED,514,512,512,NO_RECORDED_FACTOR_PRP_OR_LL_RESULT_AND_NO_ACTIVE_GIMPS_ASSIGNMENT,2026-08-09T09:12:31+00:00,UNALLOCATED,,,,,
SLCMP2607-2856,2856,2856,794139877,2^794139877-1,STRUCTURAL_SCREEN_EXHAUSTED_PRIMALITY_UNASSIGNED,GF3A_DIRECTIONAL_WRITE_EXHAUSTED_PRIMALITY_UNASSIGNED,513,512,512,NO_RECORDED_FACTOR_PRP_OR_LL_RESULT_AND_NO_ACTIVE_GIMPS_ASSIGNMENT,2026-08-09T09:12:31+00:00,UNALLOCATED,,,,,
SLCMP2607-2857,2857,2857,794139889,2^794139889-1,STRUCTURAL_SCREEN_EXHAUSTED_PRIMALITY_UNASSIGNED,GF3A_DIRECTIONAL_WRITE_EXHAUSTED_PRIMALITY_UNASSIGNED,513,512,512,NO_RECORDED_FACTOR_PRP_OR_LL_RESULT_AND_NO_ACTIVE_GIMPS_ASSIGNMENT,2026-08-09T09:12:31+00:00,UNALLOCATED,,,,,
SLCMP2607-2858,2858,2858,794139901,2^794139901-1,STRUCTURAL_SCREEN_EXHAUSTED_PRIMALITY_UNASSIGNED,GF3A_DIRECTIONAL_WRITE_EXHAUSTED_PRIMALITY_UNASSIGNED,513,512,512,NO_RECORDED_FACTOR_PRP_OR_LL_RESULT_AND_NO_ACTIVE_GIMPS_ASSIGNMENT,2026-08-09T09:12:31+00:00,UNALLOCATED,,,,,
SLCMP2607-2859,2859,2859,794139911,2^794139911-1,STRUCTURAL_SCREEN_EXHAUSTED_PRIMALITY_UNASSIGNED,GF3A_DIRECTIONAL_WRITE_EXHAUSTED_PRIMALITY_UNASSIGNED,514,512,512,NO_RECORDED_FACTOR_PRP_OR_LL_RESULT_AND_NO_ACTIVE_GIMPS_ASSIGNMENT,2026-08-09T09:12:31+00:00,UNALLOCATED,,,,,
SLCMP2607-2860,2860,2860,794140019,2^794140019-1,STRUCTURAL_SCREEN_EXHAUSTED_PRIMALITY_UNASSIGNED,GF3A_DIRECTIONAL_WRITE_EXHAUSTED_PRIMALITY_UNASSIGNED,514,512,512,NO_RECORDED_FACTOR_PRP_OR_LL_RESULT_AND_NO_ACTIVE_GIMPS_ASSIGNMENT,2026-08-09T09:12:31+00:00,UNALLOCATED,,,,,
SLCMP2607-2861,2861,2861,794140043,2^794140043-1,STRUCTURAL_SCREEN_EXHAUSTED_PRIMALITY_UNASSIGNED,GF3A_DIRECTIONAL_WRITE_EXHAUSTED_PRIMALITY_UNASSIGNED,514,512,512,NO_RECORDED_FACTOR_PRP_OR_LL_RESULT_AND_NO_ACTIVE_GIMPS_ASSIGNMENT,2026-08-09T09:12:31+00:00,UNALLOCATED,,,,,
SLCMP2607-2862,2862,2862,794140199,2^794140199-1,STRUCTURAL_SCREEN_EXHAUSTED_PRIMALITY_UNASSIGNED,GF3A_DIRECTIONAL_WRITE_EXHAUSTED_PRIMALITY_UNASSIGNED,514,512,512,NO_RECORDED_FACTOR_PRP_OR_LL_RESULT_AND_NO_ACTIVE_GIMPS_ASSIGNMENT,2026-08-09T09:12:31+00:00,UNALLOCATED,,,,,
SLCMP2607-2863,2863,2863,794140201,2^794140201-1,STRUCTURAL_SCREEN_EXHAUSTED_PRIMALITY_UNASSIGNED,GF3A_DIRECTIONAL_WRITE_EXHAUSTED_PRIMALITY_UNASSIGNED,513,512,512,NO_RECORDED_FACTOR_PRP_OR_LL_RESULT_AND_NO_ACTIVE_GIMPS_ASSIGNMENT,2026-08-09T09:12:31+00:00,UNALLOCATED,,,,,
SLCMP2607-2864,2864,2864,794140279,2^794140279-1,STRUCTURAL_SCREEN_EXHAUSTED_PRIMALITY_UNASSIGNED,GF3A_DIRECTIONAL_WRITE_EXHAUSTED_PRIMALITY_UNASSIGNED,514,512,512,NO_RECORDED_FACTOR_PRP_OR_LL_RESULT_AND_NO_ACTIVE_GIMPS_ASSIGNMENT,2026-08-09T09:12:31+00:00,UNALLOCATED,,,,,
SLCMP2607-2865,2865,2865,794140301,2^794140301-1,STRUCTURAL_SCREEN_EXHAUSTED_PRIMALITY_UNASSIGNED,GF3A_DIRECTIONAL_WRITE_EXHAUSTED_PRIMALITY_UNASSIGNED,513,512,512,NO_RECORDED_FACTOR_PRP_OR_LL_RESULT_AND_NO_ACTIVE_GIMPS_ASSIGNMENT,2026-08-09T09:12:31+00:00,UNALLOCATED,,,,,
SLCMP2607-2866,2866,2866,794140331,2^794140331-1,STRUCTURAL_SCREEN_EXHAUSTED_PRIMALITY_UNASSIGNED,GF3A_DIRECTIONAL_WRITE_EXHAUSTED_PRIMALITY_UNASSIGNED,514,512,512,NO_RECORDED_FACTOR_PRP_OR_LL_RESULT_AND_NO_ACTIVE_GIMPS_ASSIGNMENT,2026-08-09T09:12:31+00:00,UNALLOCATED,,,,,
SLCMP2607-2867,2867,2867,794140351,2^794140351-1,STRUCTURAL_SCREEN_EXHAUSTED_PRIMALITY_UNASSIGNED,GF3A_DIRECTIONAL_WRITE_EXHAUSTED_PRIMALITY_UNASSIGNED,514,512,512,NO_RECORDED_FACTOR_PRP_OR_LL_RESULT_AND_NO_ACTIVE_GIMPS_ASSIGNMENT,2026-08-09T09:12:31+00:00,UNALLOCATED,,,,,
SLCMP2607-2868,2868,2868,794140421,2^794140421-1,STRUCTURAL_SCREEN_EXHAUSTED_PRIMALITY_UNASSIGNED,GF3A_DIRECTIONAL_WRITE_EXHAUSTED_PRIMALITY_UNASSIGNED,513,512,512,NO_RECORDED_FACTOR_PRP_OR_LL_RESULT_AND_NO_ACTIVE_GIMPS_ASSIGNMENT,2026-08-09T09:12:31+00:00,UNALLOCATED,,,,,
SLCMP2607-2869,2869,2869,794140541,2^794140541-1,STRUCTURAL_SCREEN_EXHAUSTED_PRIMALITY_UNASSIGNED,GF3A_DIRECTIONAL_WRITE_EXHAUSTED_PRIMALITY_UNASSIGNED,513,512,512,NO_RECORDED_FACTOR_PRP_OR_LL_RESULT_AND_NO_ACTIVE_GIMPS_ASSIGNMENT,2026-08-09T09:12:31+00:00,UNALLOCATED,,,,,
SLCMP2607-2870,2870,2870,794140561,2^794140561-1,STRUCTURAL_SCREEN_EXHAUSTED_PRIMALITY_UNASSIGNED,GF3A_DIRECTIONAL_WRITE_EXHAUSTED_PRIMALITY_UNASSIGNED,513,512,512,NO_RECORDED_FACTOR_PRP_OR_LL_RESULT_AND_NO_ACTIVE_GIMPS_ASSIGNMENT,2026-08-09T09:12:31+00:00,UNALLOCATED,,,,,
SLCMP2607-2871,2871,2871,794140579,2^794140579-1,STRUCTURAL_SCREEN_EXHAUSTED_PRIMALITY_UNASSIGNED,GF3A_DIRECTIONAL_WRITE_EXHAUSTED_PRIMALITY_UNASSIGNED,514,512,512,NO_RECORDED_FACTOR_PRP_OR_LL_RESULT_AND_NO_ACTIVE_GIMPS_ASSIGNMENT,2026-08-09T09:12:31+00:00,UNALLOCATED,,,,,
SLCMP2607-2872,2872,2872,794140621,2^794140621-1,STRUCTURAL_SCREEN_EXHAUSTED_PRIMALITY_UNASSIGNED,GF3A_DIRECTIONAL_WRITE_EXHAUSTED_PRIMALITY_UNASSIGNED,513,512,512,NO_RECORDED_FACTOR_PRP_OR_LL_RESULT_AND_NO_ACTIVE_GIMPS_ASSIGNMENT,2026-08-09T09:12:31+00:00,UNALLOCATED,,,,,
SLCMP2607-2873,2873,2873,794140637,2^794140637-1,STRUCTURAL_SCREEN_EXHAUSTED_PRIMALITY_UNASSIGNED,GF3A_DIRECTIONAL_WRITE_EXHAUSTED_PRIMALITY_UNASSIGNED,513,512,512,NO_RECORDED_FACTOR_PRP_OR_LL_RESULT_AND_NO_ACTIVE_GIMPS_ASSIGNMENT,2026-08-09T09:12:31+00:00,UNALLOCATED,,,,,
SLCMP2607-2874,2874,2874,794140643,2^794140643-1,STRUCTURAL_SCREEN_EXHAUSTED_PRIMALITY_UNASSIGNED,GF3A_DIRECTIONAL_WRITE_EXHAUSTED_PRIMALITY_UNASSIGNED,514,512,512,NO_RECORDED_FACTOR_PRP_OR_LL_RESULT_AND_NO_ACTIVE_GIMPS_ASSIGNMENT,2026-08-09T09:12:31+00:00,UNALLOCATED,,,,,
SLCMP2607-2875,2875,2875,794140661,2^794140661-1,STRUCTURAL_SCREEN_EXHAUSTED_PRIMALITY_UNASSIGNED,GF3A_DIRECTIONAL_WRITE_EXHAUSTED_PRIMALITY_UNASSIGNED,513,512,512,NO_RECORDED_FACTOR_PRP_OR_LL_RESULT_AND_NO_ACTIVE_GIMPS_ASSIGNMENT,2026-08-09T09:12:31+00:00,UNALLOCATED,,,,,
SLCMP2607-2876,2876,2876,794140667,2^794140667-1,STRUCTURAL_SCREEN_EXHAUSTED_PRIMALITY_UNASSIGNED,GF3A_DIRECTIONAL_WRITE_EXHAUSTED_PRIMALITY_UNASSIGNED,514,512,512,NO_RECORDED_FACTOR_PRP_OR_LL_RESULT_AND_NO_ACTIVE_GIMPS_ASSIGNMENT,2026-08-09T09:12:31+00:00,UNALLOCATED,,,,,
SLCMP2607-2877,2877,2877,794140693,2^794140693-1,STRUCTURAL_SCREEN_EXHAUSTED_PRIMALITY_UNASSIGNED,GF3A_DIRECTIONAL_WRITE_EXHAUSTED_PRIMALITY_UNASSIGNED,513,512,512,NO_RECORDED_FACTOR_PRP_OR_LL_RESULT_AND_NO_ACTIVE_GIMPS_ASSIGNMENT,2026-08-09T09:12:31+00:00,UNALLOCATED,,,,,
SLCMP2607-2878,2878,2878,794140723,2^794140723-1,STRUCTURAL_SCREEN_EXHAUSTED_PRIMALITY_UNASSIGNED,GF3A_DIRECTIONAL_WRITE_EXHAUSTED_PRIMALITY_UNASSIGNED,514,512,512,NO_RECORDED_FACTOR_PRP_OR_LL_RESULT_AND_NO_ACTIVE_GIMPS_ASSIGNMENT,2026-08-09T09:12:31+00:00,UNALLOCATED,,,,,
SLCMP2607-2879,2879,2879,794140741,2^794140741-1,STRUCTURAL_SCREEN_EXHAUSTED_PRIMALITY_UNASSIGNED,GF3A_DIRECTIONAL_WRITE_EXHAUSTED_PRIMALITY_UNASSIGNED,513,512,512,NO_RECORDED_FACTOR_PRP_OR_LL_RESULT_AND_NO_ACTIVE_GIMPS_ASSIGNMENT,2026-08-09T09:12:31+00:00,UNALLOCATED,,,,,
SLCMP2607-2880,2880,2880,794140747,2^794140747-1,STRUCTURAL_SCREEN_EXHAUSTED_PRIMALITY_UNASSIGNED,GF3A_DIRECTIONAL_WRITE_EXHAUSTED_PRIMALITY_UNASSIGNED,514,512,512,NO_RECORDED_FACTOR_PRP_OR_LL_RESULT_AND_NO_ACTIVE_GIMPS_ASSIGNMENT,2026-08-09T09:12:31+00:00,UNALLOCATED,,,,,
SLCMP2607-2881,2881,2881,794140759,2^794140759-1,STRUCTURAL_SCREEN_EXHAUSTED_PRIMALITY_UNASSIGNED,GF3A_DIRECTIONAL_WRITE_EXHAUSTED_PRIMALITY_UNASSIGNED,514,512,512,NO_RECORDED_FACTOR_PRP_OR_LL_RESULT_AND_NO_ACTIVE_GIMPS_ASSIGNMENT,2026-08-09T09:12:31+00:00,UNALLOCATED,,,,,
SLCMP2607-2882,2882,2882,794140889,2^794140889-1,STRUCTURAL_SCREEN_EXHAUSTED_PRIMALITY_UNASSIGNED,GF3A_DIRECTIONAL_WRITE_EXHAUSTED_PRIMALITY_UNASSIGNED,513,512,512,NO_RECORDED_FACTOR_PRP_OR_LL_RESULT_AND_NO_ACTIVE_GIMPS_ASSIGNMENT,2026-08-09T09:12:31+00:00,UNALLOCATED,,,,,
SLCMP2607-2883,2883,2883,794141057,2^794141057-1,STRUCTURAL_SCREEN_EXHAUSTED_PRIMALITY_UNASSIGNED,GF3A_DIRECTIONAL_WRITE_EXHAUSTED_PRIMALITY_UNASSIGNED,513,512,512,NO_RECORDED_FACTOR_PRP_OR_LL_RESULT_AND_NO_ACTIVE_GIMPS_ASSIGNMENT,2026-08-09T09:12:31+00:00,UNALLOCATED,,,,,
SLCMP2607-2884,2884,2884,794141059,2^794141059-1,STRUCTURAL_SCREEN_EXHAUSTED_PRIMALITY_UNASSIGNED,GF3A_DIRECTIONAL_WRITE_EXHAUSTED_PRIMALITY_UNASSIGNED,514,512,512,NO_RECORDED_FACTOR_PRP_OR_LL_RESULT_AND_NO_ACTIVE_GIMPS_ASSIGNMENT,2026-08-09T09:12:31+00:00,UNALLOCATED,,,,,
SLCMP2607-2885,2885,2885,794141063,2^794141063-1,STRUCTURAL_SCREEN_EXHAUSTED_PRIMALITY_UNASSIGNED,GF3A_DIRECTIONAL_WRITE_EXHAUSTED_PRIMALITY_UNASSIGNED,514,512,512,NO_RECORDED_FACTOR_PRP_OR_LL_RESULT_AND_NO_ACTIVE_GIMPS_ASSIGNMENT,2026-08-09T09:12:31+00:00,UNALLOCATED,,,,,
SLCMP2607-2886,2886,2886,794141069,2^794141069-1,STRUCTURAL_SCREEN_EXHAUSTED_PRIMALITY_UNASSIGNED,GF3A_DIRECTIONAL_WRITE_EXHAUSTED_PRIMALITY_UNASSIGNED,513,512,512,NO_RECORDED_FACTOR_PRP_OR_LL_RESULT_AND_NO_ACTIVE_GIMPS_ASSIGNMENT,2026-08-09T09:12:31+00:00,UNALLOCATED,,,,,
SLCMP2607-2887,2887,2887,794141087,2^794141087-1,STRUCTURAL_SCREEN_EXHAUSTED_PRIMALITY_UNASSIGNED,GF3A_DIRECTIONAL_WRITE_EXHAUSTED_PRIMALITY_UNASSIGNED,514,512,512,NO_RECORDED_FACTOR_PRP_OR_LL_RESULT_AND_NO_ACTIVE_GIMPS_ASSIGNMENT,2026-08-09T09:12:31+00:00,UNALLOCATED,,,,,
SLCMP2607-2888,2888,2888,794141107,2^794141107-1,STRUCTURAL_SCREEN_EXHAUSTED_PRIMALITY_UNASSIGNED,GF3A_DIRECTIONAL_WRITE_EXHAUSTED_PRIMALITY_UNASSIGNED,514,512,512,NO_RECORDED_FACTOR_PRP_OR_LL_RESULT_AND_NO_ACTIVE_GIMPS_ASSIGNMENT,2026-08-09T09:12:31+00:00,UNALLOCATED,,,,,
SLCMP2607-2889,2889,2889,794141143,2^794141143-1,STRUCTURAL_SCREEN_EXHAUSTED_PRIMALITY_UNASSIGNED,GF3A_DIRECTIONAL_WRITE_EXHAUSTED_PRIMALITY_UNASSIGNED,514,512,512,NO_RECORDED_FACTOR_PRP_OR_LL_RESULT_AND_NO_ACTIVE_GIMPS_ASSIGNMENT,2026-08-09T09:12:31+00:00,UNALLOCATED,,,,,
SLCMP2607-2890,2890,2890,794141149,2^794141149-1,STRUCTURAL_SCREEN_EXHAUSTED_PRIMALITY_UNASSIGNED,GF3A_DIRECTIONAL_WRITE_EXHAUSTED_PRIMALITY_UNASSIGNED,513,512,512,NO_RECORDED_FACTOR_PRP_OR_LL_RESULT_AND_NO_ACTIVE_GIMPS_ASSIGNMENT,2026-08-09T09:12:31+00:00,UNALLOCATED,,,,,
SLCMP2607-2891,2891,2891,794141441,2^794141441-1,STRUCTURAL_SCREEN_EXHAUSTED_PRIMALITY_UNASSIGNED,GF3A_DIRECTIONAL_WRITE_EXHAUSTED_PRIMALITY_UNASSIGNED,513,512,512,NO_RECORDED_FACTOR_PRP_OR_LL_RESULT_AND_NO_ACTIVE_GIMPS_ASSIGNMENT,2026-08-09T09:12:31+00:00,UNALLOCATED,,,,,
SLCMP2607-2892,2892,2892,794141459,2^794141459-1,STRUCTURAL_SCREEN_EXHAUSTED_PRIMALITY_UNASSIGNED,GF3A_DIRECTIONAL_WRITE_EXHAUSTED_PRIMALITY_UNASSIGNED,514,512,512,NO_RECORDED_FACTOR_PRP_OR_LL_RESULT_AND_NO_ACTIVE_GIMPS_ASSIGNMENT,2026-08-09T09:12:31+00:00,UNALLOCATED,,,,,
SLCMP2607-2893,2893,2893,794141521,2^794141521-1,STRUCTURAL_SCREEN_EXHAUSTED_PRIMALITY_UNASSIGNED,GF3A_DIRECTIONAL_WRITE_EXHAUSTED_PRIMALITY_UNASSIGNED,513,512,512,NO_RECORDED_FACTOR_PRP_OR_LL_RESULT_AND_NO_ACTIVE_GIMPS_ASSIGNMENT,2026-08-09T09:12:31+00:00,UNALLOCATED,,,,,
SLCMP2607-2894,2894,2894,794141561,2^794141561-1,STRUCTURAL_SCREEN_EXHAUSTED_PRIMALITY_UNASSIGNED,GF3A_DIRECTIONAL_WRITE_EXHAUSTED_PRIMALITY_UNASSIGNED,513,512,512,NO_RECORDED_FACTOR_PRP_OR_LL_RESULT_AND_NO_ACTIVE_GIMPS_ASSIGNMENT,2026-08-09T09:12:31+00:00,UNALLOCATED,,,,,
SLCMP2607-2895,2895,2895,794141573,2^794141573-1,STRUCTURAL_SCREEN_EXHAUSTED_PRIMALITY_UNASSIGNED,GF3A_DIRECTIONAL_WRITE_EXHAUSTED_PRIMALITY_UNASSIGNED,513,512,512,NO_RECORDED_FACTOR_PRP_OR_LL_RESULT_AND_NO_ACTIVE_GIMPS_ASSIGNMENT,2026-08-09T09:12:31+00:00,UNALLOCATED,,,,,
SLCMP2607-2896,2896,2896,794141659,2^794141659-1,STRUCTURAL_SCREEN_EXHAUSTED_PRIMALITY_UNASSIGNED,GF3A_DIRECTIONAL_WRITE_EXHAUSTED_PRIMALITY_UNASSIGNED,514,512,512,NO_RECORDED_FACTOR_PRP_OR_LL_RESULT_AND_NO_ACTIVE_GIMPS_ASSIGNMENT,2026-08-09T09:12:31+00:00,UNALLOCATED,,,,,
SLCMP2607-2897,2897,2897,794141731,2^794141731-1,STRUCTURAL_SCREEN_EXHAUSTED_PRIMALITY_UNASSIGNED,GF3A_DIRECTIONAL_WRITE_EXHAUSTED_PRIMALITY_UNASSIGNED,514,512,512,NO_RECORDED_FACTOR_PRP_OR_LL_RESULT_AND_NO_ACTIVE_GIMPS_ASSIGNMENT,2026-08-09T09:12:31+00:00,UNALLOCATED,,,,,
SLCMP2607-2898,2898,2898,794141753,2^794141753-1,STRUCTURAL_SCREEN_EXHAUSTED_PRIMALITY_UNASSIGNED,GF3A_DIRECTIONAL_WRITE_EXHAUSTED_PRIMALITY_UNASSIGNED,513,512,512,NO_RECORDED_FACTOR_PRP_OR_LL_RESULT_AND_NO_ACTIVE_GIMPS_ASSIGNMENT,2026-08-09T09:12:31+00:00,UNALLOCATED,,,,,
SLCMP2607-2899,2899,2899,794141779,2^794141779-1,STRUCTURAL_SCREEN_EXHAUSTED_PRIMALITY_UNASSIGNED,GF3A_DIRECTIONAL_WRITE_EXHAUSTED_PRIMALITY_UNASSIGNED,514,512,512,NO_RECORDED_FACTOR_PRP_OR_LL_RESULT_AND_NO_ACTIVE_GIMPS_ASSIGNMENT,2026-08-09T09:12:31+00:00,UNALLOCATED,,,,,
SLCMP2607-2900,2900,2900,794141783,2^794141783-1,STRUCTURAL_SCREEN_EXHAUSTED_PRIMALITY_UNASSIGNED,GF3A_DIRECTIONAL_WRITE_EXHAUSTED_PRIMALITY_UNASSIGNED,514,512,512,NO_RECORDED_FACTOR_PRP_OR_LL_RESULT_AND_NO_ACTIVE_GIMPS_ASSIGNMENT,2026-08-09T09:12:31+00:00,UNALLOCATED,,,,,
SLCMP2607-2901,2901,2901,794141797,2^794141797-1,STRUCTURAL_SCREEN_EXHAUSTED_PRIMALITY_UNASSIGNED,GF3A_DIRECTIONAL_WRITE_EXHAUSTED_PRIMALITY_UNASSIGNED,513,512,512,NO_RECORDED_FACTOR_PRP_OR_LL_RESULT_AND_NO_ACTIVE_GIMPS_ASSIGNMENT,2026-08-09T09:12:31+00:00,UNALLOCATED,,,,,
SLCMP2607-2902,2902,2902,794141809,2^794141809-1,STRUCTURAL_SCREEN_EXHAUSTED_PRIMALITY_UNASSIGNED,GF3A_DIRECTIONAL_WRITE_EXHAUSTED_PRIMALITY_UNASSIGNED,513,512,512,NO_RECORDED_FACTOR_PRP_OR_LL_RESULT_AND_NO_ACTIVE_GIMPS_ASSIGNMENT,2026-08-09T09:12:31+00:00,UNALLOCATED,,,,,
SLCMP2607-2903,2903,2903,794141941,2^794141941-1,STRUCTURAL_SCREEN_EXHAUSTED_PRIMALITY_UNASSIGNED,GF3A_DIRECTIONAL_WRITE_EXHAUSTED_PRIMALITY_UNASSIGNED,513,512,512,NO_RECORDED_FACTOR_PRP_OR_LL_RESULT_AND_NO_ACTIVE_GIMPS_ASSIGNMENT,2026-08-09T09:12:31+00:00,UNALLOCATED,,,,,
SLCMP2607-2904,2904,2904,794142047,2^794142047-1,STRUCTURAL_SCREEN_EXHAUSTED_PRIMALITY_UNASSIGNED,GF3A_DIRECTIONAL_WRITE_EXHAUSTED_PRIMALITY_UNASSIGNED,514,512,512,NO_RECORDED_FACTOR_PRP_OR_LL_RESULT_AND_NO_ACTIVE_GIMPS_ASSIGNMENT,2026-08-09T09:12:31+00:00,UNALLOCATED,,,,,
SLCMP2607-2905,2905,2905,794142053,2^794142053-1,STRUCTURAL_SCREEN_EXHAUSTED_PRIMALITY_UNASSIGNED,GF3A_DIRECTIONAL_WRITE_EXHAUSTED_PRIMALITY_UNASSIGNED,513,512,512,NO_RECORDED_FACTOR_PRP_OR_LL_RESULT_AND_NO_ACTIVE_GIMPS_ASSIGNMENT,2026-08-09T09:12:31+00:00,UNALLOCATED,,,,,
SLCMP2607-2906,2906,2906,794142059,2^794142059-1,STRUCTURAL_SCREEN_EXHAUSTED_PRIMALITY_UNASSIGNED,GF3A_DIRECTIONAL_WRITE_EXHAUSTED_PRIMALITY_UNASSIGNED,514,512,512,NO_RECORDED_FACTOR_PRP_OR_LL_RESULT_AND_NO_ACTIVE_GIMPS_ASSIGNMENT,2026-08-09T09:12:31+00:00,UNALLOCATED,,,,,
SLCMP2607-2907,2907,2907,794142077,2^794142077-1,STRUCTURAL_SCREEN_EXHAUSTED_PRIMALITY_UNASSIGNED,GF3A_DIRECTIONAL_WRITE_EXHAUSTED_PRIMALITY_UNASSIGNED,513,512,512,NO_RECORDED_FACTOR_PRP_OR_LL_RESULT_AND_NO_ACTIVE_GIMPS_ASSIGNMENT,2026-08-09T09:12:31+00:00,UNALLOCATED,,,,,
SLCMP2607-2908,2908,2908,794142101,2^794142101-1,STRUCTURAL_SCREEN_EXHAUSTED_PRIMALITY_UNASSIGNED,GF3A_DIRECTIONAL_WRITE_EXHAUSTED_PRIMALITY_UNASSIGNED,513,512,512,NO_RECORDED_FACTOR_PRP_OR_LL_RESULT_AND_NO_ACTIVE_GIMPS_ASSIGNMENT,2026-08-09T09:12:31+00:00,UNALLOCATED,,,,,
SLCMP2607-2909,2909,2909,794142121,2^794142121-1,STRUCTURAL_SCREEN_EXHAUSTED_PRIMALITY_UNASSIGNED,GF3A_DIRECTIONAL_WRITE_EXHAUSTED_PRIMALITY_UNASSIGNED,513,512,512,NO_RECORDED_FACTOR_PRP_OR_LL_RESULT_AND_NO_ACTIVE_GIMPS_ASSIGNMENT,2026-08-09T09:12:31+00:00,UNALLOCATED,,,,,
SLCMP2607-2910,2910,2910,794142149,2^794142149-1,STRUCTURAL_SCREEN_EXHAUSTED_PRIMALITY_UNASSIGNED,GF3A_DIRECTIONAL_WRITE_EXHAUSTED_PRIMALITY_UNASSIGNED,513,512,512,NO_RECORDED_FACTOR_PRP_OR_LL_RESULT_AND_NO_ACTIVE_GIMPS_ASSIGNMENT,2026-08-09T09:12:31+00:00,UNALLOCATED,,,,,
SLCMP2607-2911,2911,2911,794142157,2^794142157-1,STRUCTURAL_SCREEN_EXHAUSTED_PRIMALITY_UNASSIGNED,GF3A_DIRECTIONAL_WRITE_EXHAUSTED_PRIMALITY_UNASSIGNED,513,512,512,NO_RECORDED_FACTOR_PRP_OR_LL_RESULT_AND_NO_ACTIVE_GIMPS_ASSIGNMENT,2026-08-09T09:12:31+00:00,UNALLOCATED,,,,,
SLCMP2607-2912,2912,2912,794142203,2^794142203-1,STRUCTURAL_SCREEN_EXHAUSTED_PRIMALITY_UNASSIGNED,GF3A_DIRECTIONAL_WRITE_EXHAUSTED_PRIMALITY_UNASSIGNED,514,512,512,NO_RECORDED_FACTOR_PRP_OR_LL_RESULT_AND_NO_ACTIVE_GIMPS_ASSIGNMENT,2026-08-09T09:12:31+00:00,UNALLOCATED,,,,,
SLCMP2607-2913,2913,2913,794142289,2^794142289-1,STRUCTURAL_SCREEN_EXHAUSTED_PRIMALITY_UNASSIGNED,GF3A_DIRECTIONAL_WRITE_EXHAUSTED_PRIMALITY_UNASSIGNED,513,512,512,NO_RECORDED_FACTOR_PRP_OR_LL_RESULT_AND_NO_ACTIVE_GIMPS_ASSIGNMENT,2026-08-09T09:12:31+00:00,UNALLOCATED,,,,,
SLCMP2607-2914,2914,2914,794142331,2^794142331-1,STRUCTURAL_SCREEN_EXHAUSTED_PRIMALITY_UNASSIGNED,GF3A_DIRECTIONAL_WRITE_EXHAUSTED_PRIMALITY_UNASSIGNED,514,512,512,NO_RECORDED_FACTOR_PRP_OR_LL_RESULT_AND_NO_ACTIVE_GIMPS_ASSIGNMENT,2026-08-09T09:12:31+00:00,UNALLOCATED,,,,,
SLCMP2607-2915,2915,2915,794142451,2^794142451-1,STRUCTURAL_SCREEN_EXHAUSTED_PRIMALITY_UNASSIGNED,GF3A_DIRECTIONAL_WRITE_EXHAUSTED_PRIMALITY_UNASSIGNED,514,512,512,NO_RECORDED_FACTOR_PRP_OR_LL_RESULT_AND_NO_ACTIVE_GIMPS_ASSIGNMENT,2026-08-09T09:12:31+00:00,UNALLOCATED,,,,,
SLCMP2607-2916,2916,2916,794142527,2^794142527-1,STRUCTURAL_SCREEN_EXHAUSTED_PRIMALITY_UNASSIGNED,GF3A_DIRECTIONAL_WRITE_EXHAUSTED_PRIMALITY_UNASSIGNED,514,512,512,NO_RECORDED_FACTOR_PRP_OR_LL_RESULT_AND_NO_ACTIVE_GIMPS_ASSIGNMENT,2026-08-09T09:12:31+00:00,UNALLOCATED,,,,,
SLCMP2607-2917,2917,2917,794142529,2^794142529-1,STRUCTURAL_SCREEN_EXHAUSTED_PRIMALITY_UNASSIGNED,GF3A_DIRECTIONAL_WRITE_EXHAUSTED_PRIMALITY_UNASSIGNED,513,512,512,NO_RECORDED_FACTOR_PRP_OR_LL_RESULT_AND_NO_ACTIVE_GIMPS_ASSIGNMENT,2026-08-09T09:12:31+00:00,UNALLOCATED,,,,,
SLCMP2607-2918,2918,2918,794142617,2^794142617-1,STRUCTURAL_SCREEN_EXHAUSTED_PRIMALITY_UNASSIGNED,GF3A_DIRECTIONAL_WRITE_EXHAUSTED_PRIMALITY_UNASSIGNED,513,512,512,NO_RECORDED_FACTOR_PRP_OR_LL_RESULT_AND_NO_ACTIVE_GIMPS_ASSIGNMENT,2026-08-09T09:12:31+00:00,UNALLOCATED,,,,,
SLCMP2607-2919,2919,2919,794142647,2^794142647-1,STRUCTURAL_SCREEN_EXHAUSTED_PRIMALITY_UNASSIGNED,GF3A_DIRECTIONAL_WRITE_EXHAUSTED_PRIMALITY_UNASSIGNED,514,512,512,NO_RECORDED_FACTOR_PRP_OR_LL_RESULT_AND_NO_ACTIVE_GIMPS_ASSIGNMENT,2026-08-09T09:12:31+00:00,UNALLOCATED,,,,,
SLCMP2607-2920,2920,2920,794142721,2^794142721-1,STRUCTURAL_SCREEN_EXHAUSTED_PRIMALITY_UNASSIGNED,GF3A_DIRECTIONAL_WRITE_EXHAUSTED_PRIMALITY_UNASSIGNED,513,512,512,NO_RECORDED_FACTOR_PRP_OR_LL_RESULT_AND_NO_ACTIVE_GIMPS_ASSIGNMENT,2026-08-09T09:12:31+00:00,UNALLOCATED,,,,,
SLCMP2607-2921,2921,2921,794142751,2^794142751-1,STRUCTURAL_SCREEN_EXHAUSTED_PRIMALITY_UNASSIGNED,GF3A_DIRECTIONAL_WRITE_EXHAUSTED_PRIMALITY_UNASSIGNED,514,512,512,NO_RECORDED_FACTOR_PRP_OR_LL_RESULT_AND_NO_ACTIVE_GIMPS_ASSIGNMENT,2026-08-09T09:12:31+00:00,UNALLOCATED,,,,,
SLCMP2607-2922,2922,2922,794142799,2^794142799-1,STRUCTURAL_SCREEN_EXHAUSTED_PRIMALITY_UNASSIGNED,GF3A_DIRECTIONAL_WRITE_EXHAUSTED_PRIMALITY_UNASSIGNED,514,512,512,NO_RECORDED_FACTOR_PRP_OR_LL_RESULT_AND_NO_ACTIVE_GIMPS_ASSIGNMENT,2026-08-09T09:12:31+00:00,UNALLOCATED,,,,,
SLCMP2607-2923,2923,2923,794142871,2^794142871-1,STRUCTURAL_SCREEN_EXHAUSTED_PRIMALITY_UNASSIGNED,GF3A_DIRECTIONAL_WRITE_EXHAUSTED_PRIMALITY_UNASSIGNED,514,512,512,NO_RECORDED_FACTOR_PRP_OR_LL_RESULT_AND_NO_ACTIVE_GIMPS_ASSIGNMENT,2026-08-09T09:12:31+00:00,UNALLOCATED,,,,,
SLCMP2607-2924,2924,2924,794142883,2^794142883-1,STRUCTURAL_SCREEN_EXHAUSTED_PRIMALITY_UNASSIGNED,GF3A_DIRECTIONAL_WRITE_EXHAUSTED_PRIMALITY_UNASSIGNED,514,512,512,NO_RECORDED_FACTOR_PRP_OR_LL_RESULT_AND_NO_ACTIVE_GIMPS_ASSIGNMENT,2026-08-09T09:12:31+00:00,UNALLOCATED,,,,,
SLCMP2607-2925,2925,2925,794142941,2^794142941-1,STRUCTURAL_SCREEN_EXHAUSTED_PRIMALITY_UNASSIGNED,GF3A_DIRECTIONAL_WRITE_EXHAUSTED_PRIMALITY_UNASSIGNED,513,512,512,NO_RECORDED_FACTOR_PRP_OR_LL_RESULT_AND_NO_ACTIVE_GIMPS_ASSIGNMENT,2026-08-09T09:12:31+00:00,UNALLOCATED,,,,,
SLCMP2607-2926,2926,2926,794142961,2^794142961-1,STRUCTURAL_SCREEN_EXHAUSTED_PRIMALITY_UNASSIGNED,GF3A_DIRECTIONAL_WRITE_EXHAUSTED_PRIMALITY_UNASSIGNED,513,512,512,NO_RECORDED_FACTOR_PRP_OR_LL_RESULT_AND_NO_ACTIVE_GIMPS_ASSIGNMENT,2026-08-09T09:12:31+00:00,UNALLOCATED,,,,,
SLCMP2607-2927,2927,2927,794143121,2^794143121-1,STRUCTURAL_SCREEN_EXHAUSTED_PRIMALITY_UNASSIGNED,GF3A_DIRECTIONAL_WRITE_EXHAUSTED_PRIMALITY_UNASSIGNED,513,512,512,NO_RECORDED_FACTOR_PRP_OR_LL_RESULT_AND_NO_ACTIVE_GIMPS_ASSIGNMENT,2026-08-09T09:12:31+00:00,UNALLOCATED,,,,,
SLCMP2607-2928,2928,2928,794143139,2^794143139-1,STRUCTURAL_SCREEN_EXHAUSTED_PRIMALITY_UNASSIGNED,GF3A_DIRECTIONAL_WRITE_EXHAUSTED_PRIMALITY_UNASSIGNED,514,512,512,NO_RECORDED_FACTOR_PRP_OR_LL_RESULT_AND_NO_ACTIVE_GIMPS_ASSIGNMENT,2026-08-09T09:12:31+00:00,UNALLOCATED,,,,,
SLCMP2607-2929,2929,2929,794143187,2^794143187-1,STRUCTURAL_SCREEN_EXHAUSTED_PRIMALITY_UNASSIGNED,GF3A_DIRECTIONAL_WRITE_EXHAUSTED_PRIMALITY_UNASSIGNED,514,512,512,NO_RECORDED_FACTOR_PRP_OR_LL_RESULT_AND_NO_ACTIVE_GIMPS_ASSIGNMENT,2026-08-09T09:12:31+00:00,UNALLOCATED,,,,,
SLCMP2607-2930,2930,2930,794143261,2^794143261-1,STRUCTURAL_SCREEN_EXHAUSTED_PRIMALITY_UNASSIGNED,GF3A_DIRECTIONAL_WRITE_EXHAUSTED_PRIMALITY_UNASSIGNED,513,512,512,NO_RECORDED_FACTOR_PRP_OR_LL_RESULT_AND_NO_ACTIVE_GIMPS_ASSIGNMENT,2026-08-09T09:12:31+00:00,UNALLOCATED,,,,,
SLCMP2607-2931,2931,2931,794143267,2^794143267-1,STRUCTURAL_SCREEN_EXHAUSTED_PRIMALITY_UNASSIGNED,GF3A_DIRECTIONAL_WRITE_EXHAUSTED_PRIMALITY_UNASSIGNED,514,512,512,NO_RECORDED_FACTOR_PRP_OR_LL_RESULT_AND_NO_ACTIVE_GIMPS_ASSIGNMENT,2026-08-09T09:12:31+00:00,UNALLOCATED,,,,,
SLCMP2607-2932,2932,2932,794143289,2^794143289-1,STRUCTURAL_SCREEN_EXHAUSTED_PRIMALITY_UNASSIGNED,GF3A_DIRECTIONAL_WRITE_EXHAUSTED_PRIMALITY_UNASSIGNED,513,512,512,NO_RECORDED_FACTOR_PRP_OR_LL_RESULT_AND_NO_ACTIVE_GIMPS_ASSIGNMENT,2026-08-09T09:12:31+00:00,UNALLOCATED,,,,,
SLCMP2607-2933,2933,2933,794143387,2^794143387-1,STRUCTURAL_SCREEN_EXHAUSTED_PRIMALITY_UNASSIGNED,GF3A_DIRECTIONAL_WRITE_EXHAUSTED_PRIMALITY_UNASSIGNED,514,512,512,NO_RECORDED_FACTOR_PRP_OR_LL_RESULT_AND_NO_ACTIVE_GIMPS_ASSIGNMENT,2026-08-09T09:12:31+00:00,UNALLOCATED,,,,,
SLCMP2607-2934,2934,2934,794143397,2^794143397-1,STRUCTURAL_SCREEN_EXHAUSTED_PRIMALITY_UNASSIGNED,GF3A_DIRECTIONAL_WRITE_EXHAUSTED_PRIMALITY_UNASSIGNED,513,512,512,NO_RECORDED_FACTOR_PRP_OR_LL_RESULT_AND_NO_ACTIVE_GIMPS_ASSIGNMENT,2026-08-09T09:12:31+00:00,UNALLOCATED,,,,,
SLCMP2607-2935,2935,2935,794143451,2^794143451-1,STRUCTURAL_SCREEN_EXHAUSTED_PRIMALITY_UNASSIGNED,GF3A_DIRECTIONAL_WRITE_EXHAUSTED_PRIMALITY_UNASSIGNED,514,512,512,NO_RECORDED_FACTOR_PRP_OR_LL_RESULT_AND_NO_ACTIVE_GIMPS_ASSIGNMENT,2026-08-09T09:12:31+00:00,UNALLOCATED,,,,,
SLCMP2607-2936,2936,2936,794143463,2^794143463-1,STRUCTURAL_SCREEN_EXHAUSTED_PRIMALITY_UNASSIGNED,GF3A_DIRECTIONAL_WRITE_EXHAUSTED_PRIMALITY_UNASSIGNED,514,512,512,NO_RECORDED_FACTOR_PRP_OR_LL_RESULT_AND_NO_ACTIVE_GIMPS_ASSIGNMENT,2026-08-09T09:12:31+00:00,UNALLOCATED,,,,,
SLCMP2607-2937,2937,2937,794143561,2^794143561-1,STRUCTURAL_SCREEN_EXHAUSTED_PRIMALITY_UNASSIGNED,GF3A_DIRECTIONAL_WRITE_EXHAUSTED_PRIMALITY_UNASSIGNED,513,512,512,NO_RECORDED_FACTOR_PRP_OR_LL_RESULT_AND_NO_ACTIVE_GIMPS_ASSIGNMENT,2026-08-09T09:12:31+00:00,UNALLOCATED,,,,,
SLCMP2607-2938,2938,2938,794143841,2^794143841-1,STRUCTURAL_SCREEN_EXHAUSTED_PRIMALITY_UNASSIGNED,GF3A_DIRECTIONAL_WRITE_EXHAUSTED_PRIMALITY_UNASSIGNED,513,512,512,NO_RECORDED_FACTOR_PRP_OR_LL_RESULT_AND_NO_ACTIVE_GIMPS_ASSIGNMENT,2026-08-09T09:12:31+00:00,UNALLOCATED,,,,,
SLCMP2607-2939,2939,2939,794143843,2^794143843-1,STRUCTURAL_SCREEN_EXHAUSTED_PRIMALITY_UNASSIGNED,GF3A_DIRECTIONAL_WRITE_EXHAUSTED_PRIMALITY_UNASSIGNED,514,512,512,NO_RECORDED_FACTOR_PRP_OR_LL_RESULT_AND_NO_ACTIVE_GIMPS_ASSIGNMENT,2026-08-09T09:12:31+00:00,UNALLOCATED,,,,,
SLCMP2607-2940,2940,2940,794143879,2^794143879-1,STRUCTURAL_SCREEN_EXHAUSTED_PRIMALITY_UNASSIGNED,GF3A_DIRECTIONAL_WRITE_EXHAUSTED_PRIMALITY_UNASSIGNED,514,512,512,NO_RECORDED_FACTOR_PRP_OR_LL_RESULT_AND_NO_ACTIVE_GIMPS_ASSIGNMENT,2026-08-09T09:12:31+00:00,UNALLOCATED,,,,,
SLCMP2607-2941,2941,2941,794143937,2^794143937-1,STRUCTURAL_SCREEN_EXHAUSTED_PRIMALITY_UNASSIGNED,GF3A_DIRECTIONAL_WRITE_EXHAUSTED_PRIMALITY_UNASSIGNED,513,512,512,NO_RECORDED_FACTOR_PRP_OR_LL_RESULT_AND_NO_ACTIVE_GIMPS_ASSIGNMENT,2026-08-09T09:12:31+00:00,UNALLOCATED,,,,,
SLCMP2607-2942,2942,2942,794143963,2^794143963-1,STRUCTURAL_SCREEN_EXHAUSTED_PRIMALITY_UNASSIGNED,GF3A_DIRECTIONAL_WRITE_EXHAUSTED_PRIMALITY_UNASSIGNED,514,512,512,NO_RECORDED_FACTOR_PRP_OR_LL_RESULT_AND_NO_ACTIVE_GIMPS_ASSIGNMENT,2026-08-09T09:12:31+00:00,UNALLOCATED,,,,,
SLCMP2607-2943,2943,2943,794144041,2^794144041-1,STRUCTURAL_SCREEN_EXHAUSTED_PRIMALITY_UNASSIGNED,GF3A_DIRECTIONAL_WRITE_EXHAUSTED_PRIMALITY_UNASSIGNED,513,512,512,NO_RECORDED_FACTOR_PRP_OR_LL_RESULT_AND_NO_ACTIVE_GIMPS_ASSIGNMENT,2026-08-09T09:12:31+00:00,UNALLOCATED,,,,,
SLCMP2607-2944,2944,2944,794144053,2^794144053-1,STRUCTURAL_SCREEN_EXHAUSTED_PRIMALITY_UNASSIGNED,GF3A_DIRECTIONAL_WRITE_EXHAUSTED_PRIMALITY_UNASSIGNED,513,512,512,NO_RECORDED_FACTOR_PRP_OR_LL_RESULT_AND_NO_ACTIVE_GIMPS_ASSIGNMENT,2026-08-09T09:12:31+00:00,UNALLOCATED,,,,,
SLCMP2607-2945,2945,2945,794144077,2^794144077-1,STRUCTURAL_SCREEN_EXHAUSTED_PRIMALITY_UNASSIGNED,GF3A_DIRECTIONAL_WRITE_EXHAUSTED_PRIMALITY_UNASSIGNED,513,512,512,NO_RECORDED_FACTOR_PRP_OR_LL_RESULT_AND_NO_ACTIVE_GIMPS_ASSIGNMENT,2026-08-09T09:12:31+00:00,UNALLOCATED,,,,,
SLCMP2607-2946,2946,2946,794144227,2^794144227-1,STRUCTURAL_SCREEN_EXHAUSTED_PRIMALITY_UNASSIGNED,GF3A_DIRECTIONAL_WRITE_EXHAUSTED_PRIMALITY_UNASSIGNED,514,512,512,NO_RECORDED_FACTOR_PRP_OR_LL_RESULT_AND_NO_ACTIVE_GIMPS_ASSIGNMENT,2026-08-09T09:12:31+00:00,UNALLOCATED,,,,,
SLCMP2607-2947,2947,2947,794144347,2^794144347-1,STRUCTURAL_SCREEN_EXHAUSTED_PRIMALITY_UNASSIGNED,GF3A_DIRECTIONAL_WRITE_EXHAUSTED_PRIMALITY_UNASSIGNED,514,512,512,NO_RECORDED_FACTOR_PRP_OR_LL_RESULT_AND_NO_ACTIVE_GIMPS_ASSIGNMENT,2026-08-09T09:12:31+00:00,UNALLOCATED,,,,,
SLCMP2607-2948,2948,2948,794144369,2^794144369-1,STRUCTURAL_SCREEN_EXHAUSTED_PRIMALITY_UNASSIGNED,GF3A_DIRECTIONAL_WRITE_EXHAUSTED_PRIMALITY_UNASSIGNED,513,512,512,NO_RECORDED_FACTOR_PRP_OR_LL_RESULT_AND_NO_ACTIVE_GIMPS_ASSIGNMENT,2026-08-09T09:12:31+00:00,UNALLOCATED,,,,,
SLCMP2607-2949,2949,2949,794144411,2^794144411-1,STRUCTURAL_SCREEN_EXHAUSTED_PRIMALITY_UNASSIGNED,GF3A_DIRECTIONAL_WRITE_EXHAUSTED_PRIMALITY_UNASSIGNED,514,512,512,NO_RECORDED_FACTOR_PRP_OR_LL_RESULT_AND_NO_ACTIVE_GIMPS_ASSIGNMENT,2026-08-09T09:12:31+00:00,UNALLOCATED,,,,,
SLCMP2607-2950,2950,2950,794144413,2^794144413-1,STRUCTURAL_SCREEN_EXHAUSTED_PRIMALITY_UNASSIGNED,GF3A_DIRECTIONAL_WRITE_EXHAUSTED_PRIMALITY_UNASSIGNED,513,512,512,NO_RECORDED_FACTOR_PRP_OR_LL_RESULT_AND_NO_ACTIVE_GIMPS_ASSIGNMENT,2026-08-09T09:12:31+00:00,UNALLOCATED,,,,,
SLCMP2607-2951,2951,2951,794144459,2^794144459-1,STRUCTURAL_SCREEN_EXHAUSTED_PRIMALITY_UNASSIGNED,GF3A_DIRECTIONAL_WRITE_EXHAUSTED_PRIMALITY_UNASSIGNED,514,512,512,NO_RECORDED_FACTOR_PRP_OR_LL_RESULT_AND_NO_ACTIVE_GIMPS_ASSIGNMENT,2026-08-09T09:12:31+00:00,UNALLOCATED,,,,,
SLCMP2607-2952,2952,2952,794144467,2^794144467-1,STRUCTURAL_SCREEN_EXHAUSTED_PRIMALITY_UNASSIGNED,GF3A_DIRECTIONAL_WRITE_EXHAUSTED_PRIMALITY_UNASSIGNED,514,512,512,NO_RECORDED_FACTOR_PRP_OR_LL_RESULT_AND_NO_ACTIVE_GIMPS_ASSIGNMENT,2026-08-09T09:12:31+00:00,UNALLOCATED,,,,,
SLCMP2607-2953,2953,2953,794144473,2^794144473-1,STRUCTURAL_SCREEN_EXHAUSTED_PRIMALITY_UNASSIGNED,GF3A_DIRECTIONAL_WRITE_EXHAUSTED_PRIMALITY_UNASSIGNED,513,512,512,NO_RECORDED_FACTOR_PRP_OR_LL_RESULT_AND_NO_ACTIVE_GIMPS_ASSIGNMENT,2026-08-09T09:12:31+00:00,UNALLOCATED,,,,,
SLCMP2607-2954,2954,2954,794144503,2^794144503-1,STRUCTURAL_SCREEN_EXHAUSTED_PRIMALITY_UNASSIGNED,GF3A_DIRECTIONAL_WRITE_EXHAUSTED_PRIMALITY_UNASSIGNED,514,512,512,NO_RECORDED_FACTOR_PRP_OR_LL_RESULT_AND_NO_ACTIVE_GIMPS_ASSIGNMENT,2026-08-09T09:12:31+00:00,UNALLOCATED,,,,,
SLCMP2607-2955,2955,2955,794144537,2^794144537-1,STRUCTURAL_SCREEN_EXHAUSTED_PRIMALITY_UNASSIGNED,GF3A_DIRECTIONAL_WRITE_EXHAUSTED_PRIMALITY_UNASSIGNED,513,512,512,NO_RECORDED_FACTOR_PRP_OR_LL_RESULT_AND_NO_ACTIVE_GIMPS_ASSIGNMENT,2026-08-09T09:12:31+00:00,UNALLOCATED,,,,,
SLCMP2607-2956,2956,2956,794144693,2^794144693-1,STRUCTURAL_SCREEN_EXHAUSTED_PRIMALITY_UNASSIGNED,GF3A_DIRECTIONAL_WRITE_EXHAUSTED_PRIMALITY_UNASSIGNED,513,512,512,NO_RECORDED_FACTOR_PRP_OR_LL_RESULT_AND_NO_ACTIVE_GIMPS_ASSIGNMENT,2026-08-09T09:12:31+00:00,UNALLOCATED,,,,,
SLCMP2607-2957,2957,2957,794144699,2^794144699-1,STRUCTURAL_SCREEN_EXHAUSTED_PRIMALITY_UNASSIGNED,GF3A_DIRECTIONAL_WRITE_EXHAUSTED_PRIMALITY_UNASSIGNED,514,512,512,NO_RECORDED_FACTOR_PRP_OR_LL_RESULT_AND_NO_ACTIVE_GIMPS_ASSIGNMENT,2026-08-09T09:12:31+00:00,UNALLOCATED,,,,,
SLCMP2607-2958,2958,2958,794144753,2^794144753-1,STRUCTURAL_SCREEN_EXHAUSTED_PRIMALITY_UNASSIGNED,GF3A_DIRECTIONAL_WRITE_EXHAUSTED_PRIMALITY_UNASSIGNED,513,512,512,NO_RECORDED_FACTOR_PRP_OR_LL_RESULT_AND_NO_ACTIVE_GIMPS_ASSIGNMENT,2026-08-09T09:12:31+00:00,UNALLOCATED,,,,,
SLCMP2607-2959,2959,2959,794144821,2^794144821-1,STRUCTURAL_SCREEN_EXHAUSTED_PRIMALITY_UNASSIGNED,GF3A_DIRECTIONAL_WRITE_EXHAUSTED_PRIMALITY_UNASSIGNED,513,512,512,NO_RECORDED_FACTOR_PRP_OR_LL_RESULT_AND_NO_ACTIVE_GIMPS_ASSIGNMENT,2026-08-09T09:12:31+00:00,UNALLOCATED,,,,,
SLCMP2607-2960,2960,2960,794144849,2^794144849-1,STRUCTURAL_SCREEN_EXHAUSTED_PRIMALITY_UNASSIGNED,GF3A_DIRECTIONAL_WRITE_EXHAUSTED_PRIMALITY_UNASSIGNED,513,512,512,NO_RECORDED_FACTOR_PRP_OR_LL_RESULT_AND_NO_ACTIVE_GIMPS_ASSIGNMENT,2026-08-09T09:12:31+00:00,UNALLOCATED,,,,,
SLCMP2607-2961,2961,2961,794144933,2^794144933-1,STRUCTURAL_SCREEN_EXHAUSTED_PRIMALITY_UNASSIGNED,GF3A_DIRECTIONAL_WRITE_EXHAUSTED_PRIMALITY_UNASSIGNED,513,512,512,NO_RECORDED_FACTOR_PRP_OR_LL_RESULT_AND_NO_ACTIVE_GIMPS_ASSIGNMENT,2026-08-09T09:12:31+00:00,UNALLOCATED,,,,,
SLCMP2607-2962,2962,2962,794144959,2^794144959-1,STRUCTURAL_SCREEN_EXHAUSTED_PRIMALITY_UNASSIGNED,GF3A_DIRECTIONAL_WRITE_EXHAUSTED_PRIMALITY_UNASSIGNED,514,512,512,NO_RECORDED_FACTOR_PRP_OR_LL_RESULT_AND_NO_ACTIVE_GIMPS_ASSIGNMENT,2026-08-09T09:12:31+00:00,UNALLOCATED,,,,,
SLCMP2607-2963,2963,2963,794145043,2^794145043-1,STRUCTURAL_SCREEN_EXHAUSTED_PRIMALITY_UNASSIGNED,GF3A_DIRECTIONAL_WRITE_EXHAUSTED_PRIMALITY_UNASSIGNED,514,512,512,NO_RECORDED_FACTOR_PRP_OR_LL_RESULT_AND_NO_ACTIVE_GIMPS_ASSIGNMENT,2026-08-09T09:12:31+00:00,UNALLOCATED,,,,,
SLCMP2607-2964,2964,2964,794145101,2^794145101-1,STRUCTURAL_SCREEN_EXHAUSTED_PRIMALITY_UNASSIGNED,GF3A_DIRECTIONAL_WRITE_EXHAUSTED_PRIMALITY_UNASSIGNED,513,512,512,NO_RECORDED_FACTOR_PRP_OR_LL_RESULT_AND_NO_ACTIVE_GIMPS_ASSIGNMENT,2026-08-09T09:12:31+00:00,UNALLOCATED,,,,,
SLCMP2607-2965,2965,2965,794145103,2^794145103-1,STRUCTURAL_SCREEN_EXHAUSTED_PRIMALITY_UNASSIGNED,GF3A_DIRECTIONAL_WRITE_EXHAUSTED_PRIMALITY_UNASSIGNED,514,512,512,NO_RECORDED_FACTOR_PRP_OR_LL_RESULT_AND_NO_ACTIVE_GIMPS_ASSIGNMENT,2026-08-09T09:12:31+00:00,UNALLOCATED,,,,,
SLCMP2607-2966,2966,2966,794145139,2^794145139-1,STRUCTURAL_SCREEN_EXHAUSTED_PRIMALITY_UNASSIGNED,GF3A_DIRECTIONAL_WRITE_EXHAUSTED_PRIMALITY_UNASSIGNED,514,512,512,NO_RECORDED_FACTOR_PRP_OR_LL_RESULT_AND_NO_ACTIVE_GIMPS_ASSIGNMENT,2026-08-09T09:12:31+00:00,UNALLOCATED,,,,,
SLCMP2607-2967,2967,2967,794145167,2^794145167-1,STRUCTURAL_SCREEN_EXHAUSTED_PRIMALITY_UNASSIGNED,GF3A_DIRECTIONAL_WRITE_EXHAUSTED_PRIMALITY_UNASSIGNED,514,512,512,NO_RECORDED_FACTOR_PRP_OR_LL_RESULT_AND_NO_ACTIVE_GIMPS_ASSIGNMENT,2026-08-09T09:12:31+00:00,UNALLOCATED,,,,,
SLCMP2607-2968,2968,2968,794145203,2^794145203-1,STRUCTURAL_SCREEN_EXHAUSTED_PRIMALITY_UNASSIGNED,GF3A_DIRECTIONAL_WRITE_EXHAUSTED_PRIMALITY_UNASSIGNED,514,512,512,NO_RECORDED_FACTOR_PRP_OR_LL_RESULT_AND_NO_ACTIVE_GIMPS_ASSIGNMENT,2026-08-09T09:12:31+00:00,UNALLOCATED,,,,,
SLCMP2607-2969,2969,2969,794145211,2^794145211-1,STRUCTURAL_SCREEN_EXHAUSTED_PRIMALITY_UNASSIGNED,GF3A_DIRECTIONAL_WRITE_EXHAUSTED_PRIMALITY_UNASSIGNED,514,512,512,NO_RECORDED_FACTOR_PRP_OR_LL_RESULT_AND_NO_ACTIVE_GIMPS_ASSIGNMENT,2026-08-09T09:12:31+00:00,UNALLOCATED,,,,,
SLCMP2607-2970,2970,2970,794145257,2^794145257-1,STRUCTURAL_SCREEN_EXHAUSTED_PRIMALITY_UNASSIGNED,GF3A_DIRECTIONAL_WRITE_EXHAUSTED_PRIMALITY_UNASSIGNED,513,512,512,NO_RECORDED_FACTOR_PRP_OR_LL_RESULT_AND_NO_ACTIVE_GIMPS_ASSIGNMENT,2026-08-09T09:12:31+00:00,UNALLOCATED,,,,,
SLCMP2607-2971,2971,2971,794145281,2^794145281-1,STRUCTURAL_SCREEN_EXHAUSTED_PRIMALITY_UNASSIGNED,GF3A_DIRECTIONAL_WRITE_EXHAUSTED_PRIMALITY_UNASSIGNED,513,512,512,NO_RECORDED_FACTOR_PRP_OR_LL_RESULT_AND_NO_ACTIVE_GIMPS_ASSIGNMENT,2026-08-09T09:12:31+00:00,UNALLOCATED,,,,,
SLCMP2607-2972,2972,2972,794145491,2^794145491-1,STRUCTURAL_SCREEN_EXHAUSTED_PRIMALITY_UNASSIGNED,GF3A_DIRECTIONAL_WRITE_EXHAUSTED_PRIMALITY_UNASSIGNED,514,512,512,NO_RECORDED_FACTOR_PRP_OR_LL_RESULT_AND_NO_ACTIVE_GIMPS_ASSIGNMENT,2026-08-09T09:12:31+00:00,UNALLOCATED,,,,,
SLCMP2607-2973,2973,2973,794145533,2^794145533-1,STRUCTURAL_SCREEN_EXHAUSTED_PRIMALITY_UNASSIGNED,GF3A_DIRECTIONAL_WRITE_EXHAUSTED_PRIMALITY_UNASSIGNED,513,512,512,NO_RECORDED_FACTOR_PRP_OR_LL_RESULT_AND_NO_ACTIVE_GIMPS_ASSIGNMENT,2026-08-09T09:12:31+00:00,UNALLOCATED,,,,,
SLCMP2607-2974,2974,2974,794145557,2^794145557-1,STRUCTURAL_SCREEN_EXHAUSTED_PRIMALITY_UNASSIGNED,GF3A_DIRECTIONAL_WRITE_EXHAUSTED_PRIMALITY_UNASSIGNED,513,512,512,NO_RECORDED_FACTOR_PRP_OR_LL_RESULT_AND_NO_ACTIVE_GIMPS_ASSIGNMENT,2026-08-09T09:12:31+00:00,UNALLOCATED,,,,,
SLCMP2607-2975,2975,2975,794145619,2^794145619-1,STRUCTURAL_SCREEN_EXHAUSTED_PRIMALITY_UNASSIGNED,GF3A_DIRECTIONAL_WRITE_EXHAUSTED_PRIMALITY_UNASSIGNED,514,512,512,NO_RECORDED_FACTOR_PRP_OR_LL_RESULT_AND_NO_ACTIVE_GIMPS_ASSIGNMENT,2026-08-09T09:12:31+00:00,UNALLOCATED,,,,,
SLCMP2607-2976,2976,2976,794145719,2^794145719-1,STRUCTURAL_SCREEN_EXHAUSTED_PRIMALITY_UNASSIGNED,GF3A_DIRECTIONAL_WRITE_EXHAUSTED_PRIMALITY_UNASSIGNED,514,512,512,NO_RECORDED_FACTOR_PRP_OR_LL_RESULT_AND_NO_ACTIVE_GIMPS_ASSIGNMENT,2026-08-09T09:12:31+00:00,UNALLOCATED,,,,,
SLCMP2607-2977,2977,2977,794145787,2^794145787-1,STRUCTURAL_SCREEN_EXHAUSTED_PRIMALITY_UNASSIGNED,GF3A_DIRECTIONAL_WRITE_EXHAUSTED_PRIMALITY_UNASSIGNED,514,512,512,NO_RECORDED_FACTOR_PRP_OR_LL_RESULT_AND_NO_ACTIVE_GIMPS_ASSIGNMENT,2026-08-09T09:12:31+00:00,UNALLOCATED,,,,,
SLCMP2607-2978,2978,2978,794145811,2^794145811-1,STRUCTURAL_SCREEN_EXHAUSTED_PRIMALITY_UNASSIGNED,GF3A_DIRECTIONAL_WRITE_EXHAUSTED_PRIMALITY_UNASSIGNED,514,512,512,NO_RECORDED_FACTOR_PRP_OR_LL_RESULT_AND_NO_ACTIVE_GIMPS_ASSIGNMENT,2026-08-09T09:12:31+00:00,UNALLOCATED,,,,,
SLCMP2607-2979,2979,2979,794145829,2^794145829-1,STRUCTURAL_SCREEN_EXHAUSTED_PRIMALITY_UNASSIGNED,GF3A_DIRECTIONAL_WRITE_EXHAUSTED_PRIMALITY_UNASSIGNED,513,512,512,NO_RECORDED_FACTOR_PRP_OR_LL_RESULT_AND_NO_ACTIVE_GIMPS_ASSIGNMENT,2026-08-09T09:12:31+00:00,UNALLOCATED,,,,,
SLCMP2607-2980,2980,2980,794145853,2^794145853-1,STRUCTURAL_SCREEN_EXHAUSTED_PRIMALITY_UNASSIGNED,GF3A_DIRECTIONAL_WRITE_EXHAUSTED_PRIMALITY_UNASSIGNED,513,512,512,NO_RECORDED_FACTOR_PRP_OR_LL_RESULT_AND_NO_ACTIVE_GIMPS_ASSIGNMENT,2026-08-09T09:12:31+00:00,UNALLOCATED,,,,,
SLCMP2607-2981,2981,2981,794145899,2^794145899-1,STRUCTURAL_SCREEN_EXHAUSTED_PRIMALITY_UNASSIGNED,GF3A_DIRECTIONAL_WRITE_EXHAUSTED_PRIMALITY_UNASSIGNED,514,512,512,NO_RECORDED_FACTOR_PRP_OR_LL_RESULT_AND_NO_ACTIVE_GIMPS_ASSIGNMENT,2026-08-09T09:12:31+00:00,UNALLOCATED,,,,,
SLCMP2607-2982,2982,2982,794145929,2^794145929-1,STRUCTURAL_SCREEN_EXHAUSTED_PRIMALITY_UNASSIGNED,GF3A_DIRECTIONAL_WRITE_EXHAUSTED_PRIMALITY_UNASSIGNED,513,512,512,NO_RECORDED_FACTOR_PRP_OR_LL_RESULT_AND_NO_ACTIVE_GIMPS_ASSIGNMENT,2026-08-09T09:12:31+00:00,UNALLOCATED,,,,,
SLCMP2607-2983,2983,2983,794145953,2^794145953-1,STRUCTURAL_SCREEN_EXHAUSTED_PRIMALITY_UNASSIGNED,GF3A_DIRECTIONAL_WRITE_EXHAUSTED_PRIMALITY_UNASSIGNED,513,512,512,NO_RECORDED_FACTOR_PRP_OR_LL_RESULT_AND_NO_ACTIVE_GIMPS_ASSIGNMENT,2026-08-09T09:12:31+00:00,UNALLOCATED,,,,,
SLCMP2607-2984,2984,2984,794145971,2^794145971-1,STRUCTURAL_SCREEN_EXHAUSTED_PRIMALITY_UNASSIGNED,GF3A_DIRECTIONAL_WRITE_EXHAUSTED_PRIMALITY_UNASSIGNED,514,512,512,NO_RECORDED_FACTOR_PRP_OR_LL_RESULT_AND_NO_ACTIVE_GIMPS_ASSIGNMENT,2026-08-09T09:12:31+00:00,UNALLOCATED,,,,,
SLCMP2607-2985,2985,2985,794145977,2^794145977-1,STRUCTURAL_SCREEN_EXHAUSTED_PRIMALITY_UNASSIGNED,GF3A_DIRECTIONAL_WRITE_EXHAUSTED_PRIMALITY_UNASSIGNED,513,512,512,NO_RECORDED_FACTOR_PRP_OR_LL_RESULT_AND_NO_ACTIVE_GIMPS_ASSIGNMENT,2026-08-09T09:12:31+00:00,UNALLOCATED,,,,,
SLCMP2607-2986,2986,2986,794146219,2^794146219-1,STRUCTURAL_SCREEN_EXHAUSTED_PRIMALITY_UNASSIGNED,GF3A_DIRECTIONAL_WRITE_EXHAUSTED_PRIMALITY_UNASSIGNED,514,512,512,NO_RECORDED_FACTOR_PRP_OR_LL_RESULT_AND_NO_ACTIVE_GIMPS_ASSIGNMENT,2026-08-09T09:12:31+00:00,UNALLOCATED,,,,,
SLCMP2607-2987,2987,2987,794146247,2^794146247-1,STRUCTURAL_SCREEN_EXHAUSTED_PRIMALITY_UNASSIGNED,GF3A_DIRECTIONAL_WRITE_EXHAUSTED_PRIMALITY_UNASSIGNED,514,512,512,NO_RECORDED_FACTOR_PRP_OR_LL_RESULT_AND_NO_ACTIVE_GIMPS_ASSIGNMENT,2026-08-09T09:12:31+00:00,UNALLOCATED,,,,,
SLCMP2607-2988,2988,2988,794146267,2^794146267-1,STRUCTURAL_SCREEN_EXHAUSTED_PRIMALITY_UNASSIGNED,GF3A_DIRECTIONAL_WRITE_EXHAUSTED_PRIMALITY_UNASSIGNED,514,512,512,NO_RECORDED_FACTOR_PRP_OR_LL_RESULT_AND_NO_ACTIVE_GIMPS_ASSIGNMENT,2026-08-09T09:12:31+00:00,UNALLOCATED,,,,,
SLCMP2607-2989,2989,2989,794146273,2^794146273-1,STRUCTURAL_SCREEN_EXHAUSTED_PRIMALITY_UNASSIGNED,GF3A_DIRECTIONAL_WRITE_EXHAUSTED_PRIMALITY_UNASSIGNED,513,512,512,NO_RECORDED_FACTOR_PRP_OR_LL_RESULT_AND_NO_ACTIVE_GIMPS_ASSIGNMENT,2026-08-09T09:12:31+00:00,UNALLOCATED,,,,,
SLCMP2607-2990,2990,2990,794146307,2^794146307-1,STRUCTURAL_SCREEN_EXHAUSTED_PRIMALITY_UNASSIGNED,GF3A_DIRECTIONAL_WRITE_EXHAUSTED_PRIMALITY_UNASSIGNED,514,512,512,NO_RECORDED_FACTOR_PRP_OR_LL_RESULT_AND_NO_ACTIVE_GIMPS_ASSIGNMENT,2026-08-09T09:12:31+00:00,UNALLOCATED,,,,,
SLCMP2607-2991,2991,2991,794146319,2^794146319-1,STRUCTURAL_SCREEN_EXHAUSTED_PRIMALITY_UNASSIGNED,GF3A_DIRECTIONAL_WRITE_EXHAUSTED_PRIMALITY_UNASSIGNED,514,512,512,NO_RECORDED_FACTOR_PRP_OR_LL_RESULT_AND_NO_ACTIVE_GIMPS_ASSIGNMENT,2026-08-09T09:12:31+00:00,UNALLOCATED,,,,,
SLCMP2607-2992,2992,2992,794146361,2^794146361-1,STRUCTURAL_SCREEN_EXHAUSTED_PRIMALITY_UNASSIGNED,GF3A_DIRECTIONAL_WRITE_EXHAUSTED_PRIMALITY_UNASSIGNED,513,512,512,NO_RECORDED_FACTOR_PRP_OR_LL_RESULT_AND_NO_ACTIVE_GIMPS_ASSIGNMENT,2026-08-09T09:12:31+00:00,UNALLOCATED,,,,,
SLCMP2607-2993,2993,2993,794146387,2^794146387-1,STRUCTURAL_SCREEN_EXHAUSTED_PRIMALITY_UNASSIGNED,GF3A_DIRECTIONAL_WRITE_EXHAUSTED_PRIMALITY_UNASSIGNED,514,512,512,NO_RECORDED_FACTOR_PRP_OR_LL_RESULT_AND_NO_ACTIVE_GIMPS_ASSIGNMENT,2026-08-09T09:12:31+00:00,UNALLOCATED,,,,,
SLCMP2607-2994,2994,2994,794146513,2^794146513-1,STRUCTURAL_SCREEN_EXHAUSTED_PRIMALITY_UNASSIGNED,GF3A_DIRECTIONAL_WRITE_EXHAUSTED_PRIMALITY_UNASSIGNED,513,512,512,NO_RECORDED_FACTOR_PRP_OR_LL_RESULT_AND_NO_ACTIVE_GIMPS_ASSIGNMENT,2026-08-09T09:12:31+00:00,UNALLOCATED,,,,,
SLCMP2607-2995,2995,2995,794146559,2^794146559-1,STRUCTURAL_SCREEN_EXHAUSTED_PRIMALITY_UNASSIGNED,GF3A_DIRECTIONAL_WRITE_EXHAUSTED_PRIMALITY_UNASSIGNED,514,512,512,NO_RECORDED_FACTOR_PRP_OR_LL_RESULT_AND_NO_ACTIVE_GIMPS_ASSIGNMENT,2026-08-09T09:12:31+00:00,UNALLOCATED,,,,,
SLCMP2607-2996,2996,2996,794146637,2^794146637-1,STRUCTURAL_SCREEN_EXHAUSTED_PRIMALITY_UNASSIGNED,GF3A_DIRECTIONAL_WRITE_EXHAUSTED_PRIMALITY_UNASSIGNED,513,512,512,NO_RECORDED_FACTOR_PRP_OR_LL_RESULT_AND_NO_ACTIVE_GIMPS_ASSIGNMENT,2026-08-09T09:12:31+00:00,UNALLOCATED,,,,,
SLCMP2607-2997,2997,2997,794146657,2^794146657-1,STRUCTURAL_SCREEN_EXHAUSTED_PRIMALITY_UNASSIGNED,GF3A_DIRECTIONAL_WRITE_EXHAUSTED_PRIMALITY_UNASSIGNED,513,512,512,NO_RECORDED_FACTOR_PRP_OR_LL_RESULT_AND_NO_ACTIVE_GIMPS_ASSIGNMENT,2026-08-09T09:12:31+00:00,UNALLOCATED,,,,,
SLCMP2607-2998,2998,2998,794146673,2^794146673-1,STRUCTURAL_SCREEN_EXHAUSTED_PRIMALITY_UNASSIGNED,GF3A_DIRECTIONAL_WRITE_EXHAUSTED_PRIMALITY_UNASSIGNED,513,512,512,NO_RECORDED_FACTOR_PRP_OR_LL_RESULT_AND_NO_ACTIVE_GIMPS_ASSIGNMENT,2026-08-09T09:12:31+00:00,UNALLOCATED,,,,,
SLCMP2607-2999,2999,2999,794146697,2^794146697-1,STRUCTURAL_SCREEN_EXHAUSTED_PRIMALITY_UNASSIGNED,GF3A_DIRECTIONAL_WRITE_EXHAUSTED_PRIMALITY_UNASSIGNED,513,512,512,NO_RECORDED_FACTOR_PRP_OR_LL_RESULT_AND_NO_ACTIVE_GIMPS_ASSIGNMENT,2026-08-09T09:12:31+00:00,UNALLOCATED,,,,,
SLCMP2607-3000,3000,3000,794146699,2^794146699-1,STRUCTURAL_SCREEN_EXHAUSTED_PRIMALITY_UNASSIGNED,GF3A_DIRECTIONAL_WRITE_EXHAUSTED_PRIMALITY_UNASSIGNED,514,512,512,NO_RECORDED_FACTOR_PRP_OR_LL_RESULT_AND_NO_ACTIVE_GIMPS_ASSIGNMENT,2026-08-09T09:12:31+00:00,UNALLOCATED,,,,,
SLCMP2607-3001,3001,3001,794146807,2^794146807-1,STRUCTURAL_SCREEN_EXHAUSTED_PRIMALITY_UNASSIGNED,GF3A_DIRECTIONAL_WRITE_EXHAUSTED_PRIMALITY_UNASSIGNED,514,512,512,NO_RECORDED_FACTOR_PRP_OR_LL_RESULT_AND_NO_ACTIVE_GIMPS_ASSIGNMENT,2026-08-09T09:12:31+00:00,UNALLOCATED,,,,,
SLCMP2607-3002,3002,3002,794146939,2^794146939-1,STRUCTURAL_SCREEN_EXHAUSTED_PRIMALITY_UNASSIGNED,GF3A_DIRECTIONAL_WRITE_EXHAUSTED_PRIMALITY_UNASSIGNED,514,512,512,NO_RECORDED_FACTOR_PRP_OR_LL_RESULT_AND_NO_ACTIVE_GIMPS_ASSIGNMENT,2026-08-09T09:12:31+00:00,UNALLOCATED,,,,,
SLCMP2607-3003,3003,3003,794146949,2^794146949-1,STRUCTURAL_SCREEN_EXHAUSTED_PRIMALITY_UNASSIGNED,GF3A_DIRECTIONAL_WRITE_EXHAUSTED_PRIMALITY_UNASSIGNED,513,512,512,NO_RECORDED_FACTOR_PRP_OR_LL_RESULT_AND_NO_ACTIVE_GIMPS_ASSIGNMENT,2026-08-09T09:12:31+00:00,UNALLOCATED,,,,,
SLCMP2607-3004,3004,3004,794147063,2^794147063-1,STRUCTURAL_SCREEN_EXHAUSTED_PRIMALITY_UNASSIGNED,GF3A_DIRECTIONAL_WRITE_EXHAUSTED_PRIMALITY_UNASSIGNED,514,512,512,NO_RECORDED_FACTOR_PRP_OR_LL_RESULT_AND_NO_ACTIVE_GIMPS_ASSIGNMENT,2026-08-09T09:12:31+00:00,UNALLOCATED,,,,,
SLCMP2607-3005,3005,3005,794147083,2^794147083-1,STRUCTURAL_SCREEN_EXHAUSTED_PRIMALITY_UNASSIGNED,GF3A_DIRECTIONAL_WRITE_EXHAUSTED_PRIMALITY_UNASSIGNED,514,512,512,NO_RECORDED_FACTOR_PRP_OR_LL_RESULT_AND_NO_ACTIVE_GIMPS_ASSIGNMENT,2026-08-09T09:12:31+00:00,UNALLOCATED,,,,,
SLCMP2607-3006,3006,3006,794147149,2^794147149-1,STRUCTURAL_SCREEN_EXHAUSTED_PRIMALITY_UNASSIGNED,GF3A_DIRECTIONAL_WRITE_EXHAUSTED_PRIMALITY_UNASSIGNED,513,512,512,NO_RECORDED_FACTOR_PRP_OR_LL_RESULT_AND_NO_ACTIVE_GIMPS_ASSIGNMENT,2026-08-09T09:12:31+00:00,UNALLOCATED,,,,,
SLCMP2607-3007,3007,3007,794147269,2^794147269-1,STRUCTURAL_SCREEN_EXHAUSTED_PRIMALITY_UNASSIGNED,GF3A_DIRECTIONAL_WRITE_EXHAUSTED_PRIMALITY_UNASSIGNED,513,512,512,NO_RECORDED_FACTOR_PRP_OR_LL_RESULT_AND_NO_ACTIVE_GIMPS_ASSIGNMENT,2026-08-09T09:12:31+00:00,UNALLOCATED,,,,,
SLCMP2607-3008,3008,3008,794147309,2^794147309-1,STRUCTURAL_SCREEN_EXHAUSTED_PRIMALITY_UNASSIGNED,GF3A_DIRECTIONAL_WRITE_EXHAUSTED_PRIMALITY_UNASSIGNED,513,512,512,NO_RECORDED_FACTOR_PRP_OR_LL_RESULT_AND_NO_ACTIVE_GIMPS_ASSIGNMENT,2026-08-09T09:12:31+00:00,UNALLOCATED,,,,,
SLCMP2607-3009,3009,3009,794147411,2^794147411-1,STRUCTURAL_SCREEN_EXHAUSTED_PRIMALITY_UNASSIGNED,GF3A_DIRECTIONAL_WRITE_EXHAUSTED_PRIMALITY_UNASSIGNED,514,512,512,NO_RECORDED_FACTOR_PRP_OR_LL_RESULT_AND_NO_ACTIVE_GIMPS_ASSIGNMENT,2026-08-09T09:12:31+00:00,UNALLOCATED,,,,,
SLCMP2607-3010,3010,3010,794147467,2^794147467-1,STRUCTURAL_SCREEN_EXHAUSTED_PRIMALITY_UNASSIGNED,GF3A_DIRECTIONAL_WRITE_EXHAUSTED_PRIMALITY_UNASSIGNED,514,512,512,NO_RECORDED_FACTOR_PRP_OR_LL_RESULT_AND_NO_ACTIVE_GIMPS_ASSIGNMENT,2026-08-09T09:12:31+00:00,UNALLOCATED,,,,,
SLCMP2607-3011,3011,3011,794147479,2^794147479-1,STRUCTURAL_SCREEN_EXHAUSTED_PRIMALITY_UNASSIGNED,GF3A_DIRECTIONAL_WRITE_EXHAUSTED_PRIMALITY_UNASSIGNED,514,512,512,NO_RECORDED_FACTOR_PRP_OR_LL_RESULT_AND_NO_ACTIVE_GIMPS_ASSIGNMENT,2026-08-09T09:12:31+00:00,UNALLOCATED,,,,,
SLCMP2607-3012,3012,3012,794147531,2^794147531-1,STRUCTURAL_SCREEN_EXHAUSTED_PRIMALITY_UNASSIGNED,GF3A_DIRECTIONAL_WRITE_EXHAUSTED_PRIMALITY_UNASSIGNED,514,512,512,NO_RECORDED_FACTOR_PRP_OR_LL_RESULT_AND_NO_ACTIVE_GIMPS_ASSIGNMENT,2026-08-09T09:12:31+00:00,UNALLOCATED,,,,,
SLCMP2607-3013,3013,3013,794147587,2^794147587-1,STRUCTURAL_SCREEN_EXHAUSTED_PRIMALITY_UNASSIGNED,GF3A_DIRECTIONAL_WRITE_EXHAUSTED_PRIMALITY_UNASSIGNED,514,512,512,NO_RECORDED_FACTOR_PRP_OR_LL_RESULT_AND_NO_ACTIVE_GIMPS_ASSIGNMENT,2026-08-09T09:12:31+00:00,UNALLOCATED,,,,,
SLCMP2607-3014,3014,3014,794147591,2^794147591-1,STRUCTURAL_SCREEN_EXHAUSTED_PRIMALITY_UNASSIGNED,GF3A_DIRECTIONAL_WRITE_EXHAUSTED_PRIMALITY_UNASSIGNED,514,512,512,NO_RECORDED_FACTOR_PRP_OR_LL_RESULT_AND_NO_ACTIVE_GIMPS_ASSIGNMENT,2026-08-09T09:12:31+00:00,UNALLOCATED,,,,,
SLCMP2607-3015,3015,3015,794147659,2^794147659-1,STRUCTURAL_SCREEN_EXHAUSTED_PRIMALITY_UNASSIGNED,GF3A_DIRECTIONAL_WRITE_EXHAUSTED_PRIMALITY_UNASSIGNED,514,512,512,NO_RECORDED_FACTOR_PRP_OR_LL_RESULT_AND_NO_ACTIVE_GIMPS_ASSIGNMENT,2026-08-09T09:12:31+00:00,UNALLOCATED,,,,,
SLCMP2607-3016,3016,3016,794147671,2^794147671-1,STRUCTURAL_SCREEN_EXHAUSTED_PRIMALITY_UNASSIGNED,GF3A_DIRECTIONAL_WRITE_EXHAUSTED_PRIMALITY_UNASSIGNED,514,512,512,NO_RECORDED_FACTOR_PRP_OR_LL_RESULT_AND_NO_ACTIVE_GIMPS_ASSIGNMENT,2026-08-09T09:12:31+00:00,UNALLOCATED,,,,,
SLCMP2607-3017,3017,3017,794147713,2^794147713-1,STRUCTURAL_SCREEN_EXHAUSTED_PRIMALITY_UNASSIGNED,GF3A_DIRECTIONAL_WRITE_EXHAUSTED_PRIMALITY_UNASSIGNED,513,512,512,NO_RECORDED_FACTOR_PRP_OR_LL_RESULT_AND_NO_ACTIVE_GIMPS_ASSIGNMENT,2026-08-09T09:12:31+00:00,UNALLOCATED,,,,,
SLCMP2607-3018,3018,3018,794147873,2^794147873-1,STRUCTURAL_SCREEN_EXHAUSTED_PRIMALITY_UNASSIGNED,GF3A_DIRECTIONAL_WRITE_EXHAUSTED_PRIMALITY_UNASSIGNED,513,512,512,NO_RECORDED_FACTOR_PRP_OR_LL_RESULT_AND_NO_ACTIVE_GIMPS_ASSIGNMENT,2026-08-09T09:12:31+00:00,UNALLOCATED,,,,,
SLCMP2607-3019,3019,3019,794147897,2^794147897-1,STRUCTURAL_SCREEN_EXHAUSTED_PRIMALITY_UNASSIGNED,GF3A_DIRECTIONAL_WRITE_EXHAUSTED_PRIMALITY_UNASSIGNED,513,512,512,NO_RECORDED_FACTOR_PRP_OR_LL_RESULT_AND_NO_ACTIVE_GIMPS_ASSIGNMENT,2026-08-09T09:12:31+00:00,UNALLOCATED,,,,,
SLCMP2607-3020,3020,3020,794147929,2^794147929-1,STRUCTURAL_SCREEN_EXHAUSTED_PRIMALITY_UNASSIGNED,GF3A_DIRECTIONAL_WRITE_EXHAUSTED_PRIMALITY_UNASSIGNED,513,512,512,NO_RECORDED_FACTOR_PRP_OR_LL_RESULT_AND_NO_ACTIVE_GIMPS_ASSIGNMENT,2026-08-09T09:12:31+00:00,UNALLOCATED,,,,,
SLCMP2607-3021,3021,3021,794148133,2^794148133-1,STRUCTURAL_SCREEN_EXHAUSTED_PRIMALITY_UNASSIGNED,GF3A_DIRECTIONAL_WRITE_EXHAUSTED_PRIMALITY_UNASSIGNED,513,512,512,NO_RECORDED_FACTOR_PRP_OR_LL_RESULT_AND_NO_ACTIVE_GIMPS_ASSIGNMENT,2026-08-09T09:12:31+00:00,UNALLOCATED,,,,,
SLCMP2607-3022,3022,3022,794148139,2^794148139-1,STRUCTURAL_SCREEN_EXHAUSTED_PRIMALITY_UNASSIGNED,GF3A_DIRECTIONAL_WRITE_EXHAUSTED_PRIMALITY_UNASSIGNED,514,512,512,NO_RECORDED_FACTOR_PRP_OR_LL_RESULT_AND_NO_ACTIVE_GIMPS_ASSIGNMENT,2026-08-09T09:12:31+00:00,UNALLOCATED,,,,,
SLCMP2607-3023,3023,3023,794148389,2^794148389-1,STRUCTURAL_SCREEN_EXHAUSTED_PRIMALITY_UNASSIGNED,GF3A_DIRECTIONAL_WRITE_EXHAUSTED_PRIMALITY_UNASSIGNED,513,512,512,NO_RECORDED_FACTOR_PRP_OR_LL_RESULT_AND_NO_ACTIVE_GIMPS_ASSIGNMENT,2026-08-09T09:12:31+00:00,UNALLOCATED,,,,,
SLCMP2607-3024,3024,3024,794148401,2^794148401-1,STRUCTURAL_SCREEN_EXHAUSTED_PRIMALITY_UNASSIGNED,GF3A_DIRECTIONAL_WRITE_EXHAUSTED_PRIMALITY_UNASSIGNED,513,512,512,NO_RECORDED_FACTOR_PRP_OR_LL_RESULT_AND_NO_ACTIVE_GIMPS_ASSIGNMENT,2026-08-09T09:12:31+00:00,UNALLOCATED,,,,,
SLCMP2607-3025,3025,3025,794148403,2^794148403-1,STRUCTURAL_SCREEN_EXHAUSTED_PRIMALITY_UNASSIGNED,GF3A_DIRECTIONAL_WRITE_EXHAUSTED_PRIMALITY_UNASSIGNED,514,512,512,NO_RECORDED_FACTOR_PRP_OR_LL_RESULT_AND_NO_ACTIVE_GIMPS_ASSIGNMENT,2026-08-09T09:12:31+00:00,UNALLOCATED,,,,,
SLCMP2607-3026,3026,3026,794148497,2^794148497-1,STRUCTURAL_SCREEN_EXHAUSTED_PRIMALITY_UNASSIGNED,GF3A_DIRECTIONAL_WRITE_EXHAUSTED_PRIMALITY_UNASSIGNED,513,512,512,NO_RECORDED_FACTOR_PRP_OR_LL_RESULT_AND_NO_ACTIVE_GIMPS_ASSIGNMENT,2026-08-09T09:12:31+00:00,UNALLOCATED,,,,,
SLCMP2607-3027,3027,3027,794148517,2^794148517-1,STRUCTURAL_SCREEN_EXHAUSTED_PRIMALITY_UNASSIGNED,GF3A_DIRECTIONAL_WRITE_EXHAUSTED_PRIMALITY_UNASSIGNED,513,512,512,NO_RECORDED_FACTOR_PRP_OR_LL_RESULT_AND_NO_ACTIVE_GIMPS_ASSIGNMENT,2026-08-09T09:12:31+00:00,UNALLOCATED,,,,,
SLCMP2607-3028,3028,3028,794148581,2^794148581-1,STRUCTURAL_SCREEN_EXHAUSTED_PRIMALITY_UNASSIGNED,GF3A_DIRECTIONAL_WRITE_EXHAUSTED_PRIMALITY_UNASSIGNED,513,512,512,NO_RECORDED_FACTOR_PRP_OR_LL_RESULT_AND_NO_ACTIVE_GIMPS_ASSIGNMENT,2026-08-09T09:12:31+00:00,UNALLOCATED,,,,,
SLCMP2607-3029,3029,3029,794148583,2^794148583-1,STRUCTURAL_SCREEN_EXHAUSTED_PRIMALITY_UNASSIGNED,GF3A_DIRECTIONAL_WRITE_EXHAUSTED_PRIMALITY_UNASSIGNED,514,512,512,NO_RECORDED_FACTOR_PRP_OR_LL_RESULT_AND_NO_ACTIVE_GIMPS_ASSIGNMENT,2026-08-09T09:12:31+00:00,UNALLOCATED,,,,,
SLCMP2607-3030,3030,3030,794148629,2^794148629-1,STRUCTURAL_SCREEN_EXHAUSTED_PRIMALITY_UNASSIGNED,GF3A_DIRECTIONAL_WRITE_EXHAUSTED_PRIMALITY_UNASSIGNED,513,512,512,NO_RECORDED_FACTOR_PRP_OR_LL_RESULT_AND_NO_ACTIVE_GIMPS_ASSIGNMENT,2026-08-09T09:12:31+00:00,UNALLOCATED,,,,,
SLCMP2607-3031,3031,3031,794148739,2^794148739-1,STRUCTURAL_SCREEN_EXHAUSTED_PRIMALITY_UNASSIGNED,GF3A_DIRECTIONAL_WRITE_EXHAUSTED_PRIMALITY_UNASSIGNED,514,512,512,NO_RECORDED_FACTOR_PRP_OR_LL_RESULT_AND_NO_ACTIVE_GIMPS_ASSIGNMENT,2026-08-09T09:12:31+00:00,UNALLOCATED,,,,,
SLCMP2607-3032,3032,3032,794148781,2^794148781-1,STRUCTURAL_SCREEN_EXHAUSTED_PRIMALITY_UNASSIGNED,GF3A_DIRECTIONAL_WRITE_EXHAUSTED_PRIMALITY_UNASSIGNED,513,512,512,NO_RECORDED_FACTOR_PRP_OR_LL_RESULT_AND_NO_ACTIVE_GIMPS_ASSIGNMENT,2026-08-09T09:12:31+00:00,UNALLOCATED,,,,,
SLCMP2607-3033,3033,3033,794148799,2^794148799-1,STRUCTURAL_SCREEN_EXHAUSTED_PRIMALITY_UNASSIGNED,GF3A_DIRECTIONAL_WRITE_EXHAUSTED_PRIMALITY_UNASSIGNED,514,512,512,NO_RECORDED_FACTOR_PRP_OR_LL_RESULT_AND_NO_ACTIVE_GIMPS_ASSIGNMENT,2026-08-09T09:12:31+00:00,UNALLOCATED,,,,,
SLCMP2607-3034,3034,3034,794148841,2^794148841-1,STRUCTURAL_SCREEN_EXHAUSTED_PRIMALITY_UNASSIGNED,GF3A_DIRECTIONAL_WRITE_EXHAUSTED_PRIMALITY_UNASSIGNED,513,512,512,NO_RECORDED_FACTOR_PRP_OR_LL_RESULT_AND_NO_ACTIVE_GIMPS_ASSIGNMENT,2026-08-09T09:12:31+00:00,UNALLOCATED,,,,,
SLCMP2607-3035,3035,3035,794148881,2^794148881-1,STRUCTURAL_SCREEN_EXHAUSTED_PRIMALITY_UNASSIGNED,GF3A_DIRECTIONAL_WRITE_EXHAUSTED_PRIMALITY_UNASSIGNED,513,512,512,NO_RECORDED_FACTOR_PRP_OR_LL_RESULT_AND_NO_ACTIVE_GIMPS_ASSIGNMENT,2026-08-09T09:12:31+00:00,UNALLOCATED,,,,,
SLCMP2607-3036,3036,3036,794148913,2^794148913-1,STRUCTURAL_SCREEN_EXHAUSTED_PRIMALITY_UNASSIGNED,GF3A_DIRECTIONAL_WRITE_EXHAUSTED_PRIMALITY_UNASSIGNED,513,512,512,NO_RECORDED_FACTOR_PRP_OR_LL_RESULT_AND_NO_ACTIVE_GIMPS_ASSIGNMENT,2026-08-09T09:12:31+00:00,UNALLOCATED,,,,,
SLCMP2607-3037,3037,3037,794148977,2^794148977-1,STRUCTURAL_SCREEN_EXHAUSTED_PRIMALITY_UNASSIGNED,GF3A_DIRECTIONAL_WRITE_EXHAUSTED_PRIMALITY_UNASSIGNED,513,512,512,NO_RECORDED_FACTOR_PRP_OR_LL_RESULT_AND_NO_ACTIVE_GIMPS_ASSIGNMENT,2026-08-09T09:12:31+00:00,UNALLOCATED,,,,,
SLCMP2607-3038,3038,3038,794149007,2^794149007-1,STRUCTURAL_SCREEN_EXHAUSTED_PRIMALITY_UNASSIGNED,GF3A_DIRECTIONAL_WRITE_EXHAUSTED_PRIMALITY_UNASSIGNED,514,512,512,NO_RECORDED_FACTOR_PRP_OR_LL_RESULT_AND_NO_ACTIVE_GIMPS_ASSIGNMENT,2026-08-09T09:12:31+00:00,UNALLOCATED,,,,,
SLCMP2607-3039,3039,3039,794149009,2^794149009-1,STRUCTURAL_SCREEN_EXHAUSTED_PRIMALITY_UNASSIGNED,GF3A_DIRECTIONAL_WRITE_EXHAUSTED_PRIMALITY_UNASSIGNED,513,512,512,NO_RECORDED_FACTOR_PRP_OR_LL_RESULT_AND_NO_ACTIVE_GIMPS_ASSIGNMENT,2026-08-09T09:12:31+00:00,UNALLOCATED,,,,,
SLCMP2607-3040,3040,3040,794149051,2^794149051-1,STRUCTURAL_SCREEN_EXHAUSTED_PRIMALITY_UNASSIGNED,GF3A_DIRECTIONAL_WRITE_EXHAUSTED_PRIMALITY_UNASSIGNED,514,512,512,NO_RECORDED_FACTOR_PRP_OR_LL_RESULT_AND_NO_ACTIVE_GIMPS_ASSIGNMENT,2026-08-09T09:12:31+00:00,UNALLOCATED,,,,,
SLCMP2607-3041,3041,3041,794149087,2^794149087-1,STRUCTURAL_SCREEN_EXHAUSTED_PRIMALITY_UNASSIGNED,GF3A_DIRECTIONAL_WRITE_EXHAUSTED_PRIMALITY_UNASSIGNED,514,512,512,NO_RECORDED_FACTOR_PRP_OR_LL_RESULT_AND_NO_ACTIVE_GIMPS_ASSIGNMENT,2026-08-09T09:12:31+00:00,UNALLOCATED,,,,,
SLCMP2607-3042,3042,3042,794149157,2^794149157-1,STRUCTURAL_SCREEN_EXHAUSTED_PRIMALITY_UNASSIGNED,GF3A_DIRECTIONAL_WRITE_EXHAUSTED_PRIMALITY_UNASSIGNED,513,512,512,NO_RECORDED_FACTOR_PRP_OR_LL_RESULT_AND_NO_ACTIVE_GIMPS_ASSIGNMENT,2026-08-09T09:12:31+00:00,UNALLOCATED,,,,,
SLCMP2607-3043,3043,3043,794149183,2^794149183-1,STRUCTURAL_SCREEN_EXHAUSTED_PRIMALITY_UNASSIGNED,GF3A_DIRECTIONAL_WRITE_EXHAUSTED_PRIMALITY_UNASSIGNED,514,512,512,NO_RECORDED_FACTOR_PRP_OR_LL_RESULT_AND_NO_ACTIVE_GIMPS_ASSIGNMENT,2026-08-09T09:12:31+00:00,UNALLOCATED,,,,,
SLCMP2607-3044,3044,3044,794149243,2^794149243-1,STRUCTURAL_SCREEN_EXHAUSTED_PRIMALITY_UNASSIGNED,GF3A_DIRECTIONAL_WRITE_EXHAUSTED_PRIMALITY_UNASSIGNED,514,512,512,NO_RECORDED_FACTOR_PRP_OR_LL_RESULT_AND_NO_ACTIVE_GIMPS_ASSIGNMENT,2026-08-09T09:12:31+00:00,UNALLOCATED,,,,,
SLCMP2607-3045,3045,3045,794149247,2^794149247-1,STRUCTURAL_SCREEN_EXHAUSTED_PRIMALITY_UNASSIGNED,GF3A_DIRECTIONAL_WRITE_EXHAUSTED_PRIMALITY_UNASSIGNED,514,512,512,NO_RECORDED_FACTOR_PRP_OR_LL_RESULT_AND_NO_ACTIVE_GIMPS_ASSIGNMENT,2026-08-09T09:12:31+00:00,UNALLOCATED,,,,,
SLCMP2607-3046,3046,3046,794149357,2^794149357-1,STRUCTURAL_SCREEN_EXHAUSTED_PRIMALITY_UNASSIGNED,GF3A_DIRECTIONAL_WRITE_EXHAUSTED_PRIMALITY_UNASSIGNED,513,512,512,NO_RECORDED_FACTOR_PRP_OR_LL_RESULT_AND_NO_ACTIVE_GIMPS_ASSIGNMENT,2026-08-09T09:12:31+00:00,UNALLOCATED,,,,,
SLCMP2607-3047,3047,3047,794149453,2^794149453-1,STRUCTURAL_SCREEN_EXHAUSTED_PRIMALITY_UNASSIGNED,GF3A_DIRECTIONAL_WRITE_EXHAUSTED_PRIMALITY_UNASSIGNED,513,512,512,NO_RECORDED_FACTOR_PRP_OR_LL_RESULT_AND_NO_ACTIVE_GIMPS_ASSIGNMENT,2026-08-09T09:12:31+00:00,UNALLOCATED,,,,,
SLCMP2607-3048,3048,3048,794149471,2^794149471-1,STRUCTURAL_SCREEN_EXHAUSTED_PRIMALITY_UNASSIGNED,GF3A_DIRECTIONAL_WRITE_EXHAUSTED_PRIMALITY_UNASSIGNED,514,512,512,NO_RECORDED_FACTOR_PRP_OR_LL_RESULT_AND_NO_ACTIVE_GIMPS_ASSIGNMENT,2026-08-09T09:12:31+00:00,UNALLOCATED,,,,,
SLCMP2607-3049,3049,3049,794149481,2^794149481-1,STRUCTURAL_SCREEN_EXHAUSTED_PRIMALITY_UNASSIGNED,GF3A_DIRECTIONAL_WRITE_EXHAUSTED_PRIMALITY_UNASSIGNED,513,512,512,NO_RECORDED_FACTOR_PRP_OR_LL_RESULT_AND_NO_ACTIVE_GIMPS_ASSIGNMENT,2026-08-09T09:12:31+00:00,UNALLOCATED,,,,,
SLCMP2607-3050,3050,3050,794149483,2^794149483-1,STRUCTURAL_SCREEN_EXHAUSTED_PRIMALITY_UNASSIGNED,GF3A_DIRECTIONAL_WRITE_EXHAUSTED_PRIMALITY_UNASSIGNED,514,512,512,NO_RECORDED_FACTOR_PRP_OR_LL_RESULT_AND_NO_ACTIVE_GIMPS_ASSIGNMENT,2026-08-09T09:12:31+00:00,UNALLOCATED,,,,,
SLCMP2607-3051,3051,3051,794149519,2^794149519-1,STRUCTURAL_SCREEN_EXHAUSTED_PRIMALITY_UNASSIGNED,GF3A_DIRECTIONAL_WRITE_EXHAUSTED_PRIMALITY_UNASSIGNED,514,512,512,NO_RECORDED_FACTOR_PRP_OR_LL_RESULT_AND_NO_ACTIVE_GIMPS_ASSIGNMENT,2026-08-09T09:12:31+00:00,UNALLOCATED,,,,,
SLCMP2607-3052,3052,3052,794149597,2^794149597-1,STRUCTURAL_SCREEN_EXHAUSTED_PRIMALITY_UNASSIGNED,GF3A_DIRECTIONAL_WRITE_EXHAUSTED_PRIMALITY_UNASSIGNED,513,512,512,NO_RECORDED_FACTOR_PRP_OR_LL_RESULT_AND_NO_ACTIVE_GIMPS_ASSIGNMENT,2026-08-09T09:12:31+00:00,UNALLOCATED,,,,,
SLCMP2607-3053,3053,3053,794149663,2^794149663-1,STRUCTURAL_SCREEN_EXHAUSTED_PRIMALITY_UNASSIGNED,GF3A_DIRECTIONAL_WRITE_EXHAUSTED_PRIMALITY_UNASSIGNED,514,512,512,NO_RECORDED_FACTOR_PRP_OR_LL_RESULT_AND_NO_ACTIVE_GIMPS_ASSIGNMENT,2026-08-09T09:12:31+00:00,UNALLOCATED,,,,,
SLCMP2607-3054,3054,3054,794149687,2^794149687-1,STRUCTURAL_SCREEN_EXHAUSTED_PRIMALITY_UNASSIGNED,GF3A_DIRECTIONAL_WRITE_EXHAUSTED_PRIMALITY_UNASSIGNED,514,512,512,NO_RECORDED_FACTOR_PRP_OR_LL_RESULT_AND_NO_ACTIVE_GIMPS_ASSIGNMENT,2026-08-09T09:12:31+00:00,UNALLOCATED,,,,,
SLCMP2607-3055,3055,3055,794149691,2^794149691-1,STRUCTURAL_SCREEN_EXHAUSTED_PRIMALITY_UNASSIGNED,GF3A_DIRECTIONAL_WRITE_EXHAUSTED_PRIMALITY_UNASSIGNED,514,512,512,NO_RECORDED_FACTOR_PRP_OR_LL_RESULT_AND_NO_ACTIVE_GIMPS_ASSIGNMENT,2026-08-09T09:12:31+00:00,UNALLOCATED,,,,,
SLCMP2607-3056,3056,3056,794149711,2^794149711-1,STRUCTURAL_SCREEN_EXHAUSTED_PRIMALITY_UNASSIGNED,GF3A_DIRECTIONAL_WRITE_EXHAUSTED_PRIMALITY_UNASSIGNED,514,512,512,NO_RECORDED_FACTOR_PRP_OR_LL_RESULT_AND_NO_ACTIVE_GIMPS_ASSIGNMENT,2026-08-09T09:12:31+00:00,UNALLOCATED,,,,,
SLCMP2607-3057,3057,3057,794149793,2^794149793-1,STRUCTURAL_SCREEN_EXHAUSTED_PRIMALITY_UNASSIGNED,GF3A_DIRECTIONAL_WRITE_EXHAUSTED_PRIMALITY_UNASSIGNED,513,512,512,NO_RECORDED_FACTOR_PRP_OR_LL_RESULT_AND_NO_ACTIVE_GIMPS_ASSIGNMENT,2026-08-09T09:12:31+00:00,UNALLOCATED,,,,,
SLCMP2607-3058,3058,3058,794149871,2^794149871-1,STRUCTURAL_SCREEN_EXHAUSTED_PRIMALITY_UNASSIGNED,GF3A_DIRECTIONAL_WRITE_EXHAUSTED_PRIMALITY_UNASSIGNED,514,512,512,NO_RECORDED_FACTOR_PRP_OR_LL_RESULT_AND_NO_ACTIVE_GIMPS_ASSIGNMENT,2026-08-09T09:12:31+00:00,UNALLOCATED,,,,,
SLCMP2607-3059,3059,3059,794150081,2^794150081-1,STRUCTURAL_SCREEN_EXHAUSTED_PRIMALITY_UNASSIGNED,GF3A_DIRECTIONAL_WRITE_EXHAUSTED_PRIMALITY_UNASSIGNED,513,512,512,NO_RECORDED_FACTOR_PRP_OR_LL_RESULT_AND_NO_ACTIVE_GIMPS_ASSIGNMENT,2026-08-09T09:12:31+00:00,UNALLOCATED,,,,,
SLCMP2607-3060,3060,3060,794150171,2^794150171-1,STRUCTURAL_SCREEN_EXHAUSTED_PRIMALITY_UNASSIGNED,GF3A_DIRECTIONAL_WRITE_EXHAUSTED_PRIMALITY_UNASSIGNED,514,512,512,NO_RECORDED_FACTOR_PRP_OR_LL_RESULT_AND_NO_ACTIVE_GIMPS_ASSIGNMENT,2026-08-09T09:12:31+00:00,UNALLOCATED,,,,,
SLCMP2607-3061,3061,3061,794150209,2^794150209-1,STRUCTURAL_SCREEN_EXHAUSTED_PRIMALITY_UNASSIGNED,GF3A_DIRECTIONAL_WRITE_EXHAUSTED_PRIMALITY_UNASSIGNED,513,512,512,NO_RECORDED_FACTOR_PRP_OR_LL_RESULT_AND_NO_ACTIVE_GIMPS_ASSIGNMENT,2026-08-09T09:12:31+00:00,UNALLOCATED,,,,,
SLCMP2607-3062,3062,3062,794150309,2^794150309-1,STRUCTURAL_SCREEN_EXHAUSTED_PRIMALITY_UNASSIGNED,GF3A_DIRECTIONAL_WRITE_EXHAUSTED_PRIMALITY_UNASSIGNED,513,512,512,NO_RECORDED_FACTOR_PRP_OR_LL_RESULT_AND_NO_ACTIVE_GIMPS_ASSIGNMENT,2026-08-09T09:12:31+00:00,UNALLOCATED,,,,,
SLCMP2607-3063,3063,3063,794150317,2^794150317-1,STRUCTURAL_SCREEN_EXHAUSTED_PRIMALITY_UNASSIGNED,GF3A_DIRECTIONAL_WRITE_EXHAUSTED_PRIMALITY_UNASSIGNED,513,512,512,NO_RECORDED_FACTOR_PRP_OR_LL_RESULT_AND_NO_ACTIVE_GIMPS_ASSIGNMENT,2026-08-09T09:12:31+00:00,UNALLOCATED,,,,,
SLCMP2607-3064,3064,3064,794150321,2^794150321-1,STRUCTURAL_SCREEN_EXHAUSTED_PRIMALITY_UNASSIGNED,GF3A_DIRECTIONAL_WRITE_EXHAUSTED_PRIMALITY_UNASSIGNED,513,512,512,NO_RECORDED_FACTOR_PRP_OR_LL_RESULT_AND_NO_ACTIVE_GIMPS_ASSIGNMENT,2026-08-09T09:12:31+00:00,UNALLOCATED,,,,,
SLCMP2607-3065,3065,3065,794150387,2^794150387-1,STRUCTURAL_SCREEN_EXHAUSTED_PRIMALITY_UNASSIGNED,GF3A_DIRECTIONAL_WRITE_EXHAUSTED_PRIMALITY_UNASSIGNED,514,512,512,NO_RECORDED_FACTOR_PRP_OR_LL_RESULT_AND_NO_ACTIVE_GIMPS_ASSIGNMENT,2026-08-09T09:12:31+00:00,UNALLOCATED,,,,,
SLCMP2607-3066,3066,3066,794150639,2^794150639-1,STRUCTURAL_SCREEN_EXHAUSTED_PRIMALITY_UNASSIGNED,GF3A_DIRECTIONAL_WRITE_EXHAUSTED_PRIMALITY_UNASSIGNED,514,512,512,NO_RECORDED_FACTOR_PRP_OR_LL_RESULT_AND_NO_ACTIVE_GIMPS_ASSIGNMENT,2026-08-09T09:12:31+00:00,UNALLOCATED,,,,,
SLCMP2607-3067,3067,3067,794150759,2^794150759-1,STRUCTURAL_SCREEN_EXHAUSTED_PRIMALITY_UNASSIGNED,GF3A_DIRECTIONAL_WRITE_EXHAUSTED_PRIMALITY_UNASSIGNED,514,512,512,NO_RECORDED_FACTOR_PRP_OR_LL_RESULT_AND_NO_ACTIVE_GIMPS_ASSIGNMENT,2026-08-09T09:12:31+00:00,UNALLOCATED,,,,,
SLCMP2607-3068,3068,3068,794150813,2^794150813-1,STRUCTURAL_SCREEN_EXHAUSTED_PRIMALITY_UNASSIGNED,GF3A_DIRECTIONAL_WRITE_EXHAUSTED_PRIMALITY_UNASSIGNED,513,512,512,NO_RECORDED_FACTOR_PRP_OR_LL_RESULT_AND_NO_ACTIVE_GIMPS_ASSIGNMENT,2026-08-09T09:12:31+00:00,UNALLOCATED,,,,,
SLCMP2607-3069,3069,3069,794150849,2^794150849-1,STRUCTURAL_SCREEN_EXHAUSTED_PRIMALITY_UNASSIGNED,GF3A_DIRECTIONAL_WRITE_EXHAUSTED_PRIMALITY_UNASSIGNED,513,512,512,NO_RECORDED_FACTOR_PRP_OR_LL_RESULT_AND_NO_ACTIVE_GIMPS_ASSIGNMENT,2026-08-09T09:12:31+00:00,UNALLOCATED,,,,,
SLCMP2607-3070,3070,3070,794150881,2^794150881-1,STRUCTURAL_SCREEN_EXHAUSTED_PRIMALITY_UNASSIGNED,GF3A_DIRECTIONAL_WRITE_EXHAUSTED_PRIMALITY_UNASSIGNED,513,512,512,NO_RECORDED_FACTOR_PRP_OR_LL_RESULT_AND_NO_ACTIVE_GIMPS_ASSIGNMENT,2026-08-09T09:12:31+00:00,UNALLOCATED,,,,,
SLCMP2607-3071,3071,3071,794150893,2^794150893-1,STRUCTURAL_SCREEN_EXHAUSTED_PRIMALITY_UNASSIGNED,GF3A_DIRECTIONAL_WRITE_EXHAUSTED_PRIMALITY_UNASSIGNED,513,512,512,NO_RECORDED_FACTOR_PRP_OR_LL_RESULT_AND_NO_ACTIVE_GIMPS_ASSIGNMENT,2026-08-09T09:12:31+00:00,UNALLOCATED,,,,,
SLCMP2607-3072,3072,3072,794150941,2^794150941-1,STRUCTURAL_SCREEN_EXHAUSTED_PRIMALITY_UNASSIGNED,GF3A_DIRECTIONAL_WRITE_EXHAUSTED_PRIMALITY_UNASSIGNED,513,512,512,NO_RECORDED_FACTOR_PRP_OR_LL_RESULT_AND_NO_ACTIVE_GIMPS_ASSIGNMENT,2026-08-09T09:12:31+00:00,UNALLOCATED,,,,,
SLCMP2607-3073,3073,3073,794150953,2^794150953-1,STRUCTURAL_SCREEN_EXHAUSTED_PRIMALITY_UNASSIGNED,GF3A_DIRECTIONAL_WRITE_EXHAUSTED_PRIMALITY_UNASSIGNED,513,512,512,NO_RECORDED_FACTOR_PRP_OR_LL_RESULT_AND_NO_ACTIVE_GIMPS_ASSIGNMENT,2026-08-09T09:12:31+00:00,UNALLOCATED,,,,,
SLCMP2607-3074,3074,3074,794151023,2^794151023-1,STRUCTURAL_SCREEN_EXHAUSTED_PRIMALITY_UNASSIGNED,GF3A_DIRECTIONAL_WRITE_EXHAUSTED_PRIMALITY_UNASSIGNED,514,512,512,NO_RECORDED_FACTOR_PRP_OR_LL_RESULT_AND_NO_ACTIVE_GIMPS_ASSIGNMENT,2026-08-09T09:12:31+00:00,UNALLOCATED,,,,,
SLCMP2607-3075,3075,3075,794151103,2^794151103-1,STRUCTURAL_SCREEN_EXHAUSTED_PRIMALITY_UNASSIGNED,GF3A_DIRECTIONAL_WRITE_EXHAUSTED_PRIMALITY_UNASSIGNED,514,512,512,NO_RECORDED_FACTOR_PRP_OR_LL_RESULT_AND_NO_ACTIVE_GIMPS_ASSIGNMENT,2026-08-09T09:12:31+00:00,UNALLOCATED,,,,,
SLCMP2607-3076,3076,3076,794151173,2^794151173-1,STRUCTURAL_SCREEN_EXHAUSTED_PRIMALITY_UNASSIGNED,GF3A_DIRECTIONAL_WRITE_EXHAUSTED_PRIMALITY_UNASSIGNED,513,512,512,NO_RECORDED_FACTOR_PRP_OR_LL_RESULT_AND_NO_ACTIVE_GIMPS_ASSIGNMENT,2026-08-09T09:12:31+00:00,UNALLOCATED,,,,,
SLCMP2607-3077,3077,3077,794151409,2^794151409-1,STRUCTURAL_SCREEN_EXHAUSTED_PRIMALITY_UNASSIGNED,GF3A_DIRECTIONAL_WRITE_EXHAUSTED_PRIMALITY_UNASSIGNED,513,512,512,NO_RECORDED_FACTOR_PRP_OR_LL_RESULT_AND_NO_ACTIVE_GIMPS_ASSIGNMENT,2026-08-09T09:12:31+00:00,UNALLOCATED,,,,,
SLCMP2607-3078,3078,3078,794151467,2^794151467-1,STRUCTURAL_SCREEN_EXHAUSTED_PRIMALITY_UNASSIGNED,GF3A_DIRECTIONAL_WRITE_EXHAUSTED_PRIMALITY_UNASSIGNED,514,512,512,NO_RECORDED_FACTOR_PRP_OR_LL_RESULT_AND_NO_ACTIVE_GIMPS_ASSIGNMENT,2026-08-09T09:12:31+00:00,UNALLOCATED,,,,,
SLCMP2607-3079,3079,3079,794151641,2^794151641-1,STRUCTURAL_SCREEN_EXHAUSTED_PRIMALITY_UNASSIGNED,GF3A_DIRECTIONAL_WRITE_EXHAUSTED_PRIMALITY_UNASSIGNED,513,512,512,NO_RECORDED_FACTOR_PRP_OR_LL_RESULT_AND_NO_ACTIVE_GIMPS_ASSIGNMENT,2026-08-09T09:12:31+00:00,UNALLOCATED,,,,,
SLCMP2607-3080,3080,3080,794151643,2^794151643-1,STRUCTURAL_SCREEN_EXHAUSTED_PRIMALITY_UNASSIGNED,GF3A_DIRECTIONAL_WRITE_EXHAUSTED_PRIMALITY_UNASSIGNED,514,512,512,NO_RECORDED_FACTOR_PRP_OR_LL_RESULT_AND_NO_ACTIVE_GIMPS_ASSIGNMENT,2026-08-09T09:12:31+00:00,UNALLOCATED,,,,,
SLCMP2607-3081,3081,3081,794151671,2^794151671-1,STRUCTURAL_SCREEN_EXHAUSTED_PRIMALITY_UNASSIGNED,GF3A_DIRECTIONAL_WRITE_EXHAUSTED_PRIMALITY_UNASSIGNED,514,512,512,NO_RECORDED_FACTOR_PRP_OR_LL_RESULT_AND_NO_ACTIVE_GIMPS_ASSIGNMENT,2026-08-09T09:12:31+00:00,UNALLOCATED,,,,,
SLCMP2607-3082,3082,3082,794151691,2^794151691-1,STRUCTURAL_SCREEN_EXHAUSTED_PRIMALITY_UNASSIGNED,GF3A_DIRECTIONAL_WRITE_EXHAUSTED_PRIMALITY_UNASSIGNED,514,512,512,NO_RECORDED_FACTOR_PRP_OR_LL_RESULT_AND_NO_ACTIVE_GIMPS_ASSIGNMENT,2026-08-09T09:12:31+00:00,UNALLOCATED,,,,,
SLCMP2607-3083,3083,3083,794151703,2^794151703-1,STRUCTURAL_SCREEN_EXHAUSTED_PRIMALITY_UNASSIGNED,GF3A_DIRECTIONAL_WRITE_EXHAUSTED_PRIMALITY_UNASSIGNED,514,512,512,NO_RECORDED_FACTOR_PRP_OR_LL_RESULT_AND_NO_ACTIVE_GIMPS_ASSIGNMENT,2026-08-09T09:12:31+00:00,UNALLOCATED,,,,,
SLCMP2607-3084,3084,3084,794151727,2^794151727-1,STRUCTURAL_SCREEN_EXHAUSTED_PRIMALITY_UNASSIGNED,GF3A_DIRECTIONAL_WRITE_EXHAUSTED_PRIMALITY_UNASSIGNED,514,512,512,NO_RECORDED_FACTOR_PRP_OR_LL_RESULT_AND_NO_ACTIVE_GIMPS_ASSIGNMENT,2026-08-09T09:12:31+00:00,UNALLOCATED,,,,,
SLCMP2607-3085,3085,3085,794151779,2^794151779-1,STRUCTURAL_SCREEN_EXHAUSTED_PRIMALITY_UNASSIGNED,GF3A_DIRECTIONAL_WRITE_EXHAUSTED_PRIMALITY_UNASSIGNED,514,512,512,NO_RECORDED_FACTOR_PRP_OR_LL_RESULT_AND_NO_ACTIVE_GIMPS_ASSIGNMENT,2026-08-09T09:12:31+00:00,UNALLOCATED,,,,,
SLCMP2607-3086,3086,3086,794151791,2^794151791-1,STRUCTURAL_SCREEN_EXHAUSTED_PRIMALITY_UNASSIGNED,GF3A_DIRECTIONAL_WRITE_EXHAUSTED_PRIMALITY_UNASSIGNED,514,512,512,NO_RECORDED_FACTOR_PRP_OR_LL_RESULT_AND_NO_ACTIVE_GIMPS_ASSIGNMENT,2026-08-09T09:12:31+00:00,UNALLOCATED,,,,,
SLCMP2607-3087,3087,3087,794151847,2^794151847-1,STRUCTURAL_SCREEN_EXHAUSTED_PRIMALITY_UNASSIGNED,GF3A_DIRECTIONAL_WRITE_EXHAUSTED_PRIMALITY_UNASSIGNED,514,512,512,NO_RECORDED_FACTOR_PRP_OR_LL_RESULT_AND_NO_ACTIVE_GIMPS_ASSIGNMENT,2026-08-09T09:12:31+00:00,UNALLOCATED,,,,,
SLCMP2607-3088,3088,3088,794151857,2^794151857-1,STRUCTURAL_SCREEN_EXHAUSTED_PRIMALITY_UNASSIGNED,GF3A_DIRECTIONAL_WRITE_EXHAUSTED_PRIMALITY_UNASSIGNED,513,512,512,NO_RECORDED_FACTOR_PRP_OR_LL_RESULT_AND_NO_ACTIVE_GIMPS_ASSIGNMENT,2026-08-09T09:12:31+00:00,UNALLOCATED,,,,,
SLCMP2607-3089,3089,3089,794151913,2^794151913-1,STRUCTURAL_SCREEN_EXHAUSTED_PRIMALITY_UNASSIGNED,GF3A_DIRECTIONAL_WRITE_EXHAUSTED_PRIMALITY_UNASSIGNED,513,512,512,NO_RECORDED_FACTOR_PRP_OR_LL_RESULT_AND_NO_ACTIVE_GIMPS_ASSIGNMENT,2026-08-09T09:12:31+00:00,UNALLOCATED,,,,,
SLCMP2607-3090,3090,3090,794151931,2^794151931-1,STRUCTURAL_SCREEN_EXHAUSTED_PRIMALITY_UNASSIGNED,GF3A_DIRECTIONAL_WRITE_EXHAUSTED_PRIMALITY_UNASSIGNED,514,512,512,NO_RECORDED_FACTOR_PRP_OR_LL_RESULT_AND_NO_ACTIVE_GIMPS_ASSIGNMENT,2026-08-09T09:12:31+00:00,UNALLOCATED,,,,,
SLCMP2607-3091,3091,3091,794151989,2^794151989-1,STRUCTURAL_SCREEN_EXHAUSTED_PRIMALITY_UNASSIGNED,GF3A_DIRECTIONAL_WRITE_EXHAUSTED_PRIMALITY_UNASSIGNED,513,512,512,NO_RECORDED_FACTOR_PRP_OR_LL_RESULT_AND_NO_ACTIVE_GIMPS_ASSIGNMENT,2026-08-09T09:12:31+00:00,UNALLOCATED,,,,,
SLCMP2607-3092,3092,3092,794152039,2^794152039-1,STRUCTURAL_SCREEN_EXHAUSTED_PRIMALITY_UNASSIGNED,GF3A_DIRECTIONAL_WRITE_EXHAUSTED_PRIMALITY_UNASSIGNED,514,512,512,NO_RECORDED_FACTOR_PRP_OR_LL_RESULT_AND_NO_ACTIVE_GIMPS_ASSIGNMENT,2026-08-09T09:12:31+00:00,UNALLOCATED,,,,,
SLCMP2607-3093,3093,3093,794152169,2^794152169-1,STRUCTURAL_SCREEN_EXHAUSTED_PRIMALITY_UNASSIGNED,GF3A_DIRECTIONAL_WRITE_EXHAUSTED_PRIMALITY_UNASSIGNED,513,512,512,NO_RECORDED_FACTOR_PRP_OR_LL_RESULT_AND_NO_ACTIVE_GIMPS_ASSIGNMENT,2026-08-09T09:12:31+00:00,UNALLOCATED,,,,,
SLCMP2607-3094,3094,3094,794152189,2^794152189-1,STRUCTURAL_SCREEN_EXHAUSTED_PRIMALITY_UNASSIGNED,GF3A_DIRECTIONAL_WRITE_EXHAUSTED_PRIMALITY_UNASSIGNED,513,512,512,NO_RECORDED_FACTOR_PRP_OR_LL_RESULT_AND_NO_ACTIVE_GIMPS_ASSIGNMENT,2026-08-09T09:12:31+00:00,UNALLOCATED,,,,,
SLCMP2607-3095,3095,3095,794152241,2^794152241-1,STRUCTURAL_SCREEN_EXHAUSTED_PRIMALITY_UNASSIGNED,GF3A_DIRECTIONAL_WRITE_EXHAUSTED_PRIMALITY_UNASSIGNED,513,512,512,NO_RECORDED_FACTOR_PRP_OR_LL_RESULT_AND_NO_ACTIVE_GIMPS_ASSIGNMENT,2026-08-09T09:12:31+00:00,UNALLOCATED,,,,,
SLCMP2607-3096,3096,3096,794152259,2^794152259-1,STRUCTURAL_SCREEN_EXHAUSTED_PRIMALITY_UNASSIGNED,GF3A_DIRECTIONAL_WRITE_EXHAUSTED_PRIMALITY_UNASSIGNED,514,512,512,NO_RECORDED_FACTOR_PRP_OR_LL_RESULT_AND_NO_ACTIVE_GIMPS_ASSIGNMENT,2026-08-09T09:12:31+00:00,UNALLOCATED,,,,,
SLCMP2607-3097,3097,3097,794152427,2^794152427-1,STRUCTURAL_SCREEN_EXHAUSTED_PRIMALITY_UNASSIGNED,GF3A_DIRECTIONAL_WRITE_EXHAUSTED_PRIMALITY_UNASSIGNED,514,512,512,NO_RECORDED_FACTOR_PRP_OR_LL_RESULT_AND_NO_ACTIVE_GIMPS_ASSIGNMENT,2026-08-09T09:12:31+00:00,UNALLOCATED,,,,,
SLCMP2607-3098,3098,3098,794152529,2^794152529-1,STRUCTURAL_SCREEN_EXHAUSTED_PRIMALITY_UNASSIGNED,GF3A_DIRECTIONAL_WRITE_EXHAUSTED_PRIMALITY_UNASSIGNED,513,512,512,NO_RECORDED_FACTOR_PRP_OR_LL_RESULT_AND_NO_ACTIVE_GIMPS_ASSIGNMENT,2026-08-09T09:12:31+00:00,UNALLOCATED,,,,,
SLCMP2607-3099,3099,3099,794152591,2^794152591-1,STRUCTURAL_SCREEN_EXHAUSTED_PRIMALITY_UNASSIGNED,GF3A_DIRECTIONAL_WRITE_EXHAUSTED_PRIMALITY_UNASSIGNED,514,512,512,NO_RECORDED_FACTOR_PRP_OR_LL_RESULT_AND_NO_ACTIVE_GIMPS_ASSIGNMENT,2026-08-09T09:12:31+00:00,UNALLOCATED,,,,,
SLCMP2607-3100,3100,3100,794152631,2^794152631-1,STRUCTURAL_SCREEN_EXHAUSTED_PRIMALITY_UNASSIGNED,GF3A_DIRECTIONAL_WRITE_EXHAUSTED_PRIMALITY_UNASSIGNED,514,512,512,NO_RECORDED_FACTOR_PRP_OR_LL_RESULT_AND_NO_ACTIVE_GIMPS_ASSIGNMENT,2026-08-09T09:12:31+00:00,UNALLOCATED,,,,,
SLCMP2607-3101,3101,3101,794152691,2^794152691-1,STRUCTURAL_SCREEN_EXHAUSTED_PRIMALITY_UNASSIGNED,GF3A_DIRECTIONAL_WRITE_EXHAUSTED_PRIMALITY_UNASSIGNED,514,512,512,NO_RECORDED_FACTOR_PRP_OR_LL_RESULT_AND_NO_ACTIVE_GIMPS_ASSIGNMENT,2026-08-09T09:12:31+00:00,UNALLOCATED,,,,,
SLCMP2607-3102,3102,3102,794152693,2^794152693-1,STRUCTURAL_SCREEN_EXHAUSTED_PRIMALITY_UNASSIGNED,GF3A_DIRECTIONAL_WRITE_EXHAUSTED_PRIMALITY_UNASSIGNED,513,512,512,NO_RECORDED_FACTOR_PRP_OR_LL_RESULT_AND_NO_ACTIVE_GIMPS_ASSIGNMENT,2026-08-09T09:12:31+00:00,UNALLOCATED,,,,,
SLCMP2607-3103,3103,3103,794152771,2^794152771-1,STRUCTURAL_SCREEN_EXHAUSTED_PRIMALITY_UNASSIGNED,GF3A_DIRECTIONAL_WRITE_EXHAUSTED_PRIMALITY_UNASSIGNED,514,512,512,NO_RECORDED_FACTOR_PRP_OR_LL_RESULT_AND_NO_ACTIVE_GIMPS_ASSIGNMENT,2026-08-09T09:12:31+00:00,UNALLOCATED,,,,,
SLCMP2607-3104,3104,3104,794152883,2^794152883-1,STRUCTURAL_SCREEN_EXHAUSTED_PRIMALITY_UNASSIGNED,GF3A_DIRECTIONAL_WRITE_EXHAUSTED_PRIMALITY_UNASSIGNED,514,512,512,NO_RECORDED_FACTOR_PRP_OR_LL_RESULT_AND_NO_ACTIVE_GIMPS_ASSIGNMENT,2026-08-09T09:12:31+00:00,UNALLOCATED,,,,,
SLCMP2607-3105,3105,3105,794153123,2^794153123-1,STRUCTURAL_SCREEN_EXHAUSTED_PRIMALITY_UNASSIGNED,GF3A_DIRECTIONAL_WRITE_EXHAUSTED_PRIMALITY_UNASSIGNED,514,512,512,NO_RECORDED_FACTOR_PRP_OR_LL_RESULT_AND_NO_ACTIVE_GIMPS_ASSIGNMENT,2026-08-09T09:12:31+00:00,UNALLOCATED,,,,,
SLCMP2607-3106,3106,3106,794153161,2^794153161-1,STRUCTURAL_SCREEN_EXHAUSTED_PRIMALITY_UNASSIGNED,GF3A_DIRECTIONAL_WRITE_EXHAUSTED_PRIMALITY_UNASSIGNED,513,512,512,NO_RECORDED_FACTOR_PRP_OR_LL_RESULT_AND_NO_ACTIVE_GIMPS_ASSIGNMENT,2026-08-09T09:12:31+00:00,UNALLOCATED,,,,,
SLCMP2607-3107,3107,3107,794153167,2^794153167-1,STRUCTURAL_SCREEN_EXHAUSTED_PRIMALITY_UNASSIGNED,GF3A_DIRECTIONAL_WRITE_EXHAUSTED_PRIMALITY_UNASSIGNED,514,512,512,NO_RECORDED_FACTOR_PRP_OR_LL_RESULT_AND_NO_ACTIVE_GIMPS_ASSIGNMENT,2026-08-09T09:12:31+00:00,UNALLOCATED,,,,,
SLCMP2607-3108,3108,3108,794153233,2^794153233-1,STRUCTURAL_SCREEN_EXHAUSTED_PRIMALITY_UNASSIGNED,GF3A_DIRECTIONAL_WRITE_EXHAUSTED_PRIMALITY_UNASSIGNED,513,512,512,NO_RECORDED_FACTOR_PRP_OR_LL_RESULT_AND_NO_ACTIVE_GIMPS_ASSIGNMENT,2026-08-09T09:12:31+00:00,UNALLOCATED,,,,,
SLCMP2607-3109,3109,3109,794153357,2^794153357-1,STRUCTURAL_SCREEN_EXHAUSTED_PRIMALITY_UNASSIGNED,GF3A_DIRECTIONAL_WRITE_EXHAUSTED_PRIMALITY_UNASSIGNED,513,512,512,NO_RECORDED_FACTOR_PRP_OR_LL_RESULT_AND_NO_ACTIVE_GIMPS_ASSIGNMENT,2026-08-09T09:12:31+00:00,UNALLOCATED,,,,,
SLCMP2607-3110,3110,3110,794153471,2^794153471-1,STRUCTURAL_SCREEN_EXHAUSTED_PRIMALITY_UNASSIGNED,GF3A_DIRECTIONAL_WRITE_EXHAUSTED_PRIMALITY_UNASSIGNED,514,512,512,NO_RECORDED_FACTOR_PRP_OR_LL_RESULT_AND_NO_ACTIVE_GIMPS_ASSIGNMENT,2026-08-09T09:12:31+00:00,UNALLOCATED,,,,,
SLCMP2607-3111,3111,3111,794153543,2^794153543-1,STRUCTURAL_SCREEN_EXHAUSTED_PRIMALITY_UNASSIGNED,GF3A_DIRECTIONAL_WRITE_EXHAUSTED_PRIMALITY_UNASSIGNED,514,512,512,NO_RECORDED_FACTOR_PRP_OR_LL_RESULT_AND_NO_ACTIVE_GIMPS_ASSIGNMENT,2026-08-09T09:12:31+00:00,UNALLOCATED,,,,,
SLCMP2607-3112,3112,3112,794153557,2^794153557-1,STRUCTURAL_SCREEN_EXHAUSTED_PRIMALITY_UNASSIGNED,GF3A_DIRECTIONAL_WRITE_EXHAUSTED_PRIMALITY_UNASSIGNED,513,512,512,NO_RECORDED_FACTOR_PRP_OR_LL_RESULT_AND_NO_ACTIVE_GIMPS_ASSIGNMENT,2026-08-09T09:12:31+00:00,UNALLOCATED,,,,,
SLCMP2607-3113,3113,3113,794153561,2^794153561-1,STRUCTURAL_SCREEN_EXHAUSTED_PRIMALITY_UNASSIGNED,GF3A_DIRECTIONAL_WRITE_EXHAUSTED_PRIMALITY_UNASSIGNED,513,512,512,NO_RECORDED_FACTOR_PRP_OR_LL_RESULT_AND_NO_ACTIVE_GIMPS_ASSIGNMENT,2026-08-09T09:12:31+00:00,UNALLOCATED,,,,,
SLCMP2607-3114,3114,3114,794153669,2^794153669-1,STRUCTURAL_SCREEN_EXHAUSTED_PRIMALITY_UNASSIGNED,GF3A_DIRECTIONAL_WRITE_EXHAUSTED_PRIMALITY_UNASSIGNED,513,512,512,NO_RECORDED_FACTOR_PRP_OR_LL_RESULT_AND_NO_ACTIVE_GIMPS_ASSIGNMENT,2026-08-09T09:12:31+00:00,UNALLOCATED,,,,,
SLCMP2607-3115,3115,3115,794153671,2^794153671-1,STRUCTURAL_SCREEN_EXHAUSTED_PRIMALITY_UNASSIGNED,GF3A_DIRECTIONAL_WRITE_EXHAUSTED_PRIMALITY_UNASSIGNED,514,512,512,NO_RECORDED_FACTOR_PRP_OR_LL_RESULT_AND_NO_ACTIVE_GIMPS_ASSIGNMENT,2026-08-09T09:12:31+00:00,UNALLOCATED,,,,,
SLCMP2607-3116,3116,3116,794153687,2^794153687-1,STRUCTURAL_SCREEN_EXHAUSTED_PRIMALITY_UNASSIGNED,GF3A_DIRECTIONAL_WRITE_EXHAUSTED_PRIMALITY_UNASSIGNED,514,512,512,NO_RECORDED_FACTOR_PRP_OR_LL_RESULT_AND_NO_ACTIVE_GIMPS_ASSIGNMENT,2026-08-09T09:12:31+00:00,UNALLOCATED,,,,,
SLCMP2607-3117,3117,3117,794153699,2^794153699-1,STRUCTURAL_SCREEN_EXHAUSTED_PRIMALITY_UNASSIGNED,GF3A_DIRECTIONAL_WRITE_EXHAUSTED_PRIMALITY_UNASSIGNED,514,512,512,NO_RECORDED_FACTOR_PRP_OR_LL_RESULT_AND_NO_ACTIVE_GIMPS_ASSIGNMENT,2026-08-09T09:12:31+00:00,UNALLOCATED,,,,,
SLCMP2607-3118,3118,3118,794153813,2^794153813-1,STRUCTURAL_SCREEN_EXHAUSTED_PRIMALITY_UNASSIGNED,GF3A_DIRECTIONAL_WRITE_EXHAUSTED_PRIMALITY_UNASSIGNED,513,512,512,NO_RECORDED_FACTOR_PRP_OR_LL_RESULT_AND_NO_ACTIVE_GIMPS_ASSIGNMENT,2026-08-09T09:12:31+00:00,UNALLOCATED,,,,,
SLCMP2607-3119,3119,3119,794153837,2^794153837-1,STRUCTURAL_SCREEN_EXHAUSTED_PRIMALITY_UNASSIGNED,GF3A_DIRECTIONAL_WRITE_EXHAUSTED_PRIMALITY_UNASSIGNED,513,512,512,NO_RECORDED_FACTOR_PRP_OR_LL_RESULT_AND_NO_ACTIVE_GIMPS_ASSIGNMENT,2026-08-09T09:12:31+00:00,UNALLOCATED,,,,,
SLCMP2607-3120,3120,3120,794153863,2^794153863-1,STRUCTURAL_SCREEN_EXHAUSTED_PRIMALITY_UNASSIGNED,GF3A_DIRECTIONAL_WRITE_EXHAUSTED_PRIMALITY_UNASSIGNED,514,512,512,NO_RECORDED_FACTOR_PRP_OR_LL_RESULT_AND_NO_ACTIVE_GIMPS_ASSIGNMENT,2026-08-09T09:12:31+00:00,UNALLOCATED,,,,,
SLCMP2607-3121,3121,3121,794154017,2^794154017-1,STRUCTURAL_SCREEN_EXHAUSTED_PRIMALITY_UNASSIGNED,GF3A_DIRECTIONAL_WRITE_EXHAUSTED_PRIMALITY_UNASSIGNED,513,512,512,NO_RECORDED_FACTOR_PRP_OR_LL_RESULT_AND_NO_ACTIVE_GIMPS_ASSIGNMENT,2026-08-09T09:12:31+00:00,UNALLOCATED,,,,,
SLCMP2607-3122,3122,3122,794154071,2^794154071-1,STRUCTURAL_SCREEN_EXHAUSTED_PRIMALITY_UNASSIGNED,GF3A_DIRECTIONAL_WRITE_EXHAUSTED_PRIMALITY_UNASSIGNED,514,512,512,NO_RECORDED_FACTOR_PRP_OR_LL_RESULT_AND_NO_ACTIVE_GIMPS_ASSIGNMENT,2026-08-09T09:12:31+00:00,UNALLOCATED,,,,,
SLCMP2607-3123,3123,3123,794154227,2^794154227-1,STRUCTURAL_SCREEN_EXHAUSTED_PRIMALITY_UNASSIGNED,GF3A_DIRECTIONAL_WRITE_EXHAUSTED_PRIMALITY_UNASSIGNED,514,512,512,NO_RECORDED_FACTOR_PRP_OR_LL_RESULT_AND_NO_ACTIVE_GIMPS_ASSIGNMENT,2026-08-09T09:12:31+00:00,UNALLOCATED,,,,,
SLCMP2607-3124,3124,3124,794154247,2^794154247-1,STRUCTURAL_SCREEN_EXHAUSTED_PRIMALITY_UNASSIGNED,GF3A_DIRECTIONAL_WRITE_EXHAUSTED_PRIMALITY_UNASSIGNED,514,512,512,NO_RECORDED_FACTOR_PRP_OR_LL_RESULT_AND_NO_ACTIVE_GIMPS_ASSIGNMENT,2026-08-09T09:12:31+00:00,UNALLOCATED,,,,,
SLCMP2607-3125,3125,3125,794154313,2^794154313-1,STRUCTURAL_SCREEN_EXHAUSTED_PRIMALITY_UNASSIGNED,GF3A_DIRECTIONAL_WRITE_EXHAUSTED_PRIMALITY_UNASSIGNED,513,512,512,NO_RECORDED_FACTOR_PRP_OR_LL_RESULT_AND_NO_ACTIVE_GIMPS_ASSIGNMENT,2026-08-09T09:12:31+00:00,UNALLOCATED,,,,,
SLCMP2607-3126,3126,3126,794154323,2^794154323-1,STRUCTURAL_SCREEN_EXHAUSTED_PRIMALITY_UNASSIGNED,GF3A_DIRECTIONAL_WRITE_EXHAUSTED_PRIMALITY_UNASSIGNED,514,512,512,NO_RECORDED_FACTOR_PRP_OR_LL_RESULT_AND_NO_ACTIVE_GIMPS_ASSIGNMENT,2026-08-09T09:12:31+00:00,UNALLOCATED,,,,,
SLCMP2607-3127,3127,3127,794154331,2^794154331-1,STRUCTURAL_SCREEN_EXHAUSTED_PRIMALITY_UNASSIGNED,GF3A_DIRECTIONAL_WRITE_EXHAUSTED_PRIMALITY_UNASSIGNED,514,512,512,NO_RECORDED_FACTOR_PRP_OR_LL_RESULT_AND_NO_ACTIVE_GIMPS_ASSIGNMENT,2026-08-09T09:12:31+00:00,UNALLOCATED,,,,,
SLCMP2607-3128,3128,3128,794154349,2^794154349-1,STRUCTURAL_SCREEN_EXHAUSTED_PRIMALITY_UNASSIGNED,GF3A_DIRECTIONAL_WRITE_EXHAUSTED_PRIMALITY_UNASSIGNED,513,512,512,NO_RECORDED_FACTOR_PRP_OR_LL_RESULT_AND_NO_ACTIVE_GIMPS_ASSIGNMENT,2026-08-09T09:12:31+00:00,UNALLOCATED,,,,,
SLCMP2607-3129,3129,3129,794154409,2^794154409-1,STRUCTURAL_SCREEN_EXHAUSTED_PRIMALITY_UNASSIGNED,GF3A_DIRECTIONAL_WRITE_EXHAUSTED_PRIMALITY_UNASSIGNED,513,512,512,NO_RECORDED_FACTOR_PRP_OR_LL_RESULT_AND_NO_ACTIVE_GIMPS_ASSIGNMENT,2026-08-09T09:12:31+00:00,UNALLOCATED,,,,,
SLCMP2607-3130,3130,3130,794154499,2^794154499-1,STRUCTURAL_SCREEN_EXHAUSTED_PRIMALITY_UNASSIGNED,GF3A_DIRECTIONAL_WRITE_EXHAUSTED_PRIMALITY_UNASSIGNED,514,512,512,NO_RECORDED_FACTOR_PRP_OR_LL_RESULT_AND_NO_ACTIVE_GIMPS_ASSIGNMENT,2026-08-09T09:12:31+00:00,UNALLOCATED,,,,,
SLCMP2607-3131,3131,3131,794154503,2^794154503-1,STRUCTURAL_SCREEN_EXHAUSTED_PRIMALITY_UNASSIGNED,GF3A_DIRECTIONAL_WRITE_EXHAUSTED_PRIMALITY_UNASSIGNED,514,512,512,NO_RECORDED_FACTOR_PRP_OR_LL_RESULT_AND_NO_ACTIVE_GIMPS_ASSIGNMENT,2026-08-09T09:12:31+00:00,UNALLOCATED,,,,,
SLCMP2607-3132,3132,3132,794154623,2^794154623-1,STRUCTURAL_SCREEN_EXHAUSTED_PRIMALITY_UNASSIGNED,GF3A_DIRECTIONAL_WRITE_EXHAUSTED_PRIMALITY_UNASSIGNED,514,512,512,NO_RECORDED_FACTOR_PRP_OR_LL_RESULT_AND_NO_ACTIVE_GIMPS_ASSIGNMENT,2026-08-09T09:12:31+00:00,UNALLOCATED,,,,,
SLCMP2607-3133,3133,3133,794154853,2^794154853-1,STRUCTURAL_SCREEN_EXHAUSTED_PRIMALITY_UNASSIGNED,GF3A_DIRECTIONAL_WRITE_EXHAUSTED_PRIMALITY_UNASSIGNED,513,512,512,NO_RECORDED_FACTOR_PRP_OR_LL_RESULT_AND_NO_ACTIVE_GIMPS_ASSIGNMENT,2026-08-09T09:12:31+00:00,UNALLOCATED,,,,,
SLCMP2607-3134,3134,3134,794154857,2^794154857-1,STRUCTURAL_SCREEN_EXHAUSTED_PRIMALITY_UNASSIGNED,GF3A_DIRECTIONAL_WRITE_EXHAUSTED_PRIMALITY_UNASSIGNED,513,512,512,NO_RECORDED_FACTOR_PRP_OR_LL_RESULT_AND_NO_ACTIVE_GIMPS_ASSIGNMENT,2026-08-09T09:12:31+00:00,UNALLOCATED,,,,,
SLCMP2607-3135,3135,3135,794154877,2^794154877-1,STRUCTURAL_SCREEN_EXHAUSTED_PRIMALITY_UNASSIGNED,GF3A_DIRECTIONAL_WRITE_EXHAUSTED_PRIMALITY_UNASSIGNED,513,512,512,NO_RECORDED_FACTOR_PRP_OR_LL_RESULT_AND_NO_ACTIVE_GIMPS_ASSIGNMENT,2026-08-09T09:12:31+00:00,UNALLOCATED,,,,,
SLCMP2607-3136,3136,3136,794155069,2^794155069-1,STRUCTURAL_SCREEN_EXHAUSTED_PRIMALITY_UNASSIGNED,GF3A_DIRECTIONAL_WRITE_EXHAUSTED_PRIMALITY_UNASSIGNED,513,512,512,NO_RECORDED_FACTOR_PRP_OR_LL_RESULT_AND_NO_ACTIVE_GIMPS_ASSIGNMENT,2026-08-09T09:12:31+00:00,UNALLOCATED,,,,,
SLCMP2607-3137,3137,3137,794155097,2^794155097-1,STRUCTURAL_SCREEN_EXHAUSTED_PRIMALITY_UNASSIGNED,GF3A_DIRECTIONAL_WRITE_EXHAUSTED_PRIMALITY_UNASSIGNED,513,512,512,NO_RECORDED_FACTOR_PRP_OR_LL_RESULT_AND_NO_ACTIVE_GIMPS_ASSIGNMENT,2026-08-09T09:12:31+00:00,UNALLOCATED,,,,,
SLCMP2607-3138,3138,3138,794155123,2^794155123-1,STRUCTURAL_SCREEN_EXHAUSTED_PRIMALITY_UNASSIGNED,GF3A_DIRECTIONAL_WRITE_EXHAUSTED_PRIMALITY_UNASSIGNED,514,512,512,NO_RECORDED_FACTOR_PRP_OR_LL_RESULT_AND_NO_ACTIVE_GIMPS_ASSIGNMENT,2026-08-09T09:12:31+00:00,UNALLOCATED,,,,,
SLCMP2607-3139,3139,3139,794155129,2^794155129-1,STRUCTURAL_SCREEN_EXHAUSTED_PRIMALITY_UNASSIGNED,GF3A_DIRECTIONAL_WRITE_EXHAUSTED_PRIMALITY_UNASSIGNED,513,512,512,NO_RECORDED_FACTOR_PRP_OR_LL_RESULT_AND_NO_ACTIVE_GIMPS_ASSIGNMENT,2026-08-09T09:12:31+00:00,UNALLOCATED,,,,,
SLCMP2607-3140,3140,3140,794155207,2^794155207-1,STRUCTURAL_SCREEN_EXHAUSTED_PRIMALITY_UNASSIGNED,GF3A_DIRECTIONAL_WRITE_EXHAUSTED_PRIMALITY_UNASSIGNED,514,512,512,NO_RECORDED_FACTOR_PRP_OR_LL_RESULT_AND_NO_ACTIVE_GIMPS_ASSIGNMENT,2026-08-09T09:12:31+00:00,UNALLOCATED,,,,,
SLCMP2607-3141,3141,3141,794155213,2^794155213-1,STRUCTURAL_SCREEN_EXHAUSTED_PRIMALITY_UNASSIGNED,GF3A_DIRECTIONAL_WRITE_EXHAUSTED_PRIMALITY_UNASSIGNED,513,512,512,NO_RECORDED_FACTOR_PRP_OR_LL_RESULT_AND_NO_ACTIVE_GIMPS_ASSIGNMENT,2026-08-09T09:12:31+00:00,UNALLOCATED,,,,,
SLCMP2607-3142,3142,3142,794155387,2^794155387-1,STRUCTURAL_SCREEN_EXHAUSTED_PRIMALITY_UNASSIGNED,GF3A_DIRECTIONAL_WRITE_EXHAUSTED_PRIMALITY_UNASSIGNED,514,512,512,NO_RECORDED_FACTOR_PRP_OR_LL_RESULT_AND_NO_ACTIVE_GIMPS_ASSIGNMENT,2026-08-09T09:12:31+00:00,UNALLOCATED,,,,,
SLCMP2607-3143,3143,3143,794155423,2^794155423-1,STRUCTURAL_SCREEN_EXHAUSTED_PRIMALITY_UNASSIGNED,GF3A_DIRECTIONAL_WRITE_EXHAUSTED_PRIMALITY_UNASSIGNED,514,512,512,NO_RECORDED_FACTOR_PRP_OR_LL_RESULT_AND_NO_ACTIVE_GIMPS_ASSIGNMENT,2026-08-09T09:12:31+00:00,UNALLOCATED,,,,,
SLCMP2607-3144,3144,3144,794155451,2^794155451-1,STRUCTURAL_SCREEN_EXHAUSTED_PRIMALITY_UNASSIGNED,GF3A_DIRECTIONAL_WRITE_EXHAUSTED_PRIMALITY_UNASSIGNED,514,512,512,NO_RECORDED_FACTOR_PRP_OR_LL_RESULT_AND_NO_ACTIVE_GIMPS_ASSIGNMENT,2026-08-09T09:12:31+00:00,UNALLOCATED,,,,,
SLCMP2607-3145,3145,3145,794155499,2^794155499-1,STRUCTURAL_SCREEN_EXHAUSTED_PRIMALITY_UNASSIGNED,GF3A_DIRECTIONAL_WRITE_EXHAUSTED_PRIMALITY_UNASSIGNED,514,512,512,NO_RECORDED_FACTOR_PRP_OR_LL_RESULT_AND_NO_ACTIVE_GIMPS_ASSIGNMENT,2026-08-09T09:12:31+00:00,UNALLOCATED,,,,,
SLCMP2607-3146,3146,3146,794155501,2^794155501-1,STRUCTURAL_SCREEN_EXHAUSTED_PRIMALITY_UNASSIGNED,GF3A_DIRECTIONAL_WRITE_EXHAUSTED_PRIMALITY_UNASSIGNED,513,512,512,NO_RECORDED_FACTOR_PRP_OR_LL_RESULT_AND_NO_ACTIVE_GIMPS_ASSIGNMENT,2026-08-09T09:12:31+00:00,UNALLOCATED,,,,,
SLCMP2607-3147,3147,3147,794155567,2^794155567-1,STRUCTURAL_SCREEN_EXHAUSTED_PRIMALITY_UNASSIGNED,GF3A_DIRECTIONAL_WRITE_EXHAUSTED_PRIMALITY_UNASSIGNED,514,512,512,NO_RECORDED_FACTOR_PRP_OR_LL_RESULT_AND_NO_ACTIVE_GIMPS_ASSIGNMENT,2026-08-09T09:12:31+00:00,UNALLOCATED,,,,,
SLCMP2607-3148,3148,3148,794155601,2^794155601-1,STRUCTURAL_SCREEN_EXHAUSTED_PRIMALITY_UNASSIGNED,GF3A_DIRECTIONAL_WRITE_EXHAUSTED_PRIMALITY_UNASSIGNED,513,512,512,NO_RECORDED_FACTOR_PRP_OR_LL_RESULT_AND_NO_ACTIVE_GIMPS_ASSIGNMENT,2026-08-09T09:12:31+00:00,UNALLOCATED,,,,,
SLCMP2607-3149,3149,3149,794155603,2^794155603-1,STRUCTURAL_SCREEN_EXHAUSTED_PRIMALITY_UNASSIGNED,GF3A_DIRECTIONAL_WRITE_EXHAUSTED_PRIMALITY_UNASSIGNED,514,512,512,NO_RECORDED_FACTOR_PRP_OR_LL_RESULT_AND_NO_ACTIVE_GIMPS_ASSIGNMENT,2026-08-09T09:12:31+00:00,UNALLOCATED,,,,,
SLCMP2607-3150,3150,3150,794155759,2^794155759-1,STRUCTURAL_SCREEN_EXHAUSTED_PRIMALITY_UNASSIGNED,GF3A_DIRECTIONAL_WRITE_EXHAUSTED_PRIMALITY_UNASSIGNED,514,512,512,NO_RECORDED_FACTOR_PRP_OR_LL_RESULT_AND_NO_ACTIVE_GIMPS_ASSIGNMENT,2026-08-09T09:12:31+00:00,UNALLOCATED,,,,,
SLCMP2607-3151,3151,3151,794155823,2^794155823-1,STRUCTURAL_SCREEN_EXHAUSTED_PRIMALITY_UNASSIGNED,GF3A_DIRECTIONAL_WRITE_EXHAUSTED_PRIMALITY_UNASSIGNED,514,512,512,NO_RECORDED_FACTOR_PRP_OR_LL_RESULT_AND_NO_ACTIVE_GIMPS_ASSIGNMENT,2026-08-09T09:12:31+00:00,UNALLOCATED,,,,,
SLCMP2607-3152,3152,3152,794155841,2^794155841-1,STRUCTURAL_SCREEN_EXHAUSTED_PRIMALITY_UNASSIGNED,GF3A_DIRECTIONAL_WRITE_EXHAUSTED_PRIMALITY_UNASSIGNED,513,512,512,NO_RECORDED_FACTOR_PRP_OR_LL_RESULT_AND_NO_ACTIVE_GIMPS_ASSIGNMENT,2026-08-09T09:12:31+00:00,UNALLOCATED,,,,,
SLCMP2607-3153,3153,3153,794155849,2^794155849-1,STRUCTURAL_SCREEN_EXHAUSTED_PRIMALITY_UNASSIGNED,GF3A_DIRECTIONAL_WRITE_EXHAUSTED_PRIMALITY_UNASSIGNED,513,512,512,NO_RECORDED_FACTOR_PRP_OR_LL_RESULT_AND_NO_ACTIVE_GIMPS_ASSIGNMENT,2026-08-09T09:12:31+00:00,UNALLOCATED,,,,,
SLCMP2607-3154,3154,3154,794155897,2^794155897-1,STRUCTURAL_SCREEN_EXHAUSTED_PRIMALITY_UNASSIGNED,GF3A_DIRECTIONAL_WRITE_EXHAUSTED_PRIMALITY_UNASSIGNED,513,512,512,NO_RECORDED_FACTOR_PRP_OR_LL_RESULT_AND_NO_ACTIVE_GIMPS_ASSIGNMENT,2026-08-09T09:12:31+00:00,UNALLOCATED,,,,,
SLCMP2607-3155,3155,3155,794155909,2^794155909-1,STRUCTURAL_SCREEN_EXHAUSTED_PRIMALITY_UNASSIGNED,GF3A_DIRECTIONAL_WRITE_EXHAUSTED_PRIMALITY_UNASSIGNED,513,512,512,NO_RECORDED_FACTOR_PRP_OR_LL_RESULT_AND_NO_ACTIVE_GIMPS_ASSIGNMENT,2026-08-09T09:12:31+00:00,UNALLOCATED,,,,,
SLCMP2607-3156,3156,3156,794155919,2^794155919-1,STRUCTURAL_SCREEN_EXHAUSTED_PRIMALITY_UNASSIGNED,GF3A_DIRECTIONAL_WRITE_EXHAUSTED_PRIMALITY_UNASSIGNED,514,512,512,NO_RECORDED_FACTOR_PRP_OR_LL_RESULT_AND_NO_ACTIVE_GIMPS_ASSIGNMENT,2026-08-09T09:12:31+00:00,UNALLOCATED,,,,,
SLCMP2607-3157,3157,3157,794155987,2^794155987-1,STRUCTURAL_SCREEN_EXHAUSTED_PRIMALITY_UNASSIGNED,GF3A_DIRECTIONAL_WRITE_EXHAUSTED_PRIMALITY_UNASSIGNED,514,512,512,NO_RECORDED_FACTOR_PRP_OR_LL_RESULT_AND_NO_ACTIVE_GIMPS_ASSIGNMENT,2026-08-09T09:12:31+00:00,UNALLOCATED,,,,,
SLCMP2607-3158,3158,3158,794156113,2^794156113-1,STRUCTURAL_SCREEN_EXHAUSTED_PRIMALITY_UNASSIGNED,GF3A_DIRECTIONAL_WRITE_EXHAUSTED_PRIMALITY_UNASSIGNED,513,512,512,NO_RECORDED_FACTOR_PRP_OR_LL_RESULT_AND_NO_ACTIVE_GIMPS_ASSIGNMENT,2026-08-09T09:12:31+00:00,UNALLOCATED,,,,,
SLCMP2607-3159,3159,3159,794156117,2^794156117-1,STRUCTURAL_SCREEN_EXHAUSTED_PRIMALITY_UNASSIGNED,GF3A_DIRECTIONAL_WRITE_EXHAUSTED_PRIMALITY_UNASSIGNED,513,512,512,NO_RECORDED_FACTOR_PRP_OR_LL_RESULT_AND_NO_ACTIVE_GIMPS_ASSIGNMENT,2026-08-09T09:12:31+00:00,UNALLOCATED,,,,,
SLCMP2607-3160,3160,3160,794156141,2^794156141-1,STRUCTURAL_SCREEN_EXHAUSTED_PRIMALITY_UNASSIGNED,GF3A_DIRECTIONAL_WRITE_EXHAUSTED_PRIMALITY_UNASSIGNED,513,512,512,NO_RECORDED_FACTOR_PRP_OR_LL_RESULT_AND_NO_ACTIVE_GIMPS_ASSIGNMENT,2026-08-09T09:12:31+00:00,UNALLOCATED,,,,,
SLCMP2607-3161,3161,3161,794156179,2^794156179-1,STRUCTURAL_SCREEN_EXHAUSTED_PRIMALITY_UNASSIGNED,GF3A_DIRECTIONAL_WRITE_EXHAUSTED_PRIMALITY_UNASSIGNED,514,512,512,NO_RECORDED_FACTOR_PRP_OR_LL_RESULT_AND_NO_ACTIVE_GIMPS_ASSIGNMENT,2026-08-09T09:12:31+00:00,UNALLOCATED,,,,,
SLCMP2607-3162,3162,3162,794156239,2^794156239-1,STRUCTURAL_SCREEN_EXHAUSTED_PRIMALITY_UNASSIGNED,GF3A_DIRECTIONAL_WRITE_EXHAUSTED_PRIMALITY_UNASSIGNED,514,512,512,NO_RECORDED_FACTOR_PRP_OR_LL_RESULT_AND_NO_ACTIVE_GIMPS_ASSIGNMENT,2026-08-09T09:12:31+00:00,UNALLOCATED,,,,,
SLCMP2607-3163,3163,3163,794156291,2^794156291-1,STRUCTURAL_SCREEN_EXHAUSTED_PRIMALITY_UNASSIGNED,GF3A_DIRECTIONAL_WRITE_EXHAUSTED_PRIMALITY_UNASSIGNED,514,512,512,NO_RECORDED_FACTOR_PRP_OR_LL_RESULT_AND_NO_ACTIVE_GIMPS_ASSIGNMENT,2026-08-09T09:12:31+00:00,UNALLOCATED,,,,,
SLCMP2607-3164,3164,3164,794156369,2^794156369-1,STRUCTURAL_SCREEN_EXHAUSTED_PRIMALITY_UNASSIGNED,GF3A_DIRECTIONAL_WRITE_EXHAUSTED_PRIMALITY_UNASSIGNED,513,512,512,NO_RECORDED_FACTOR_PRP_OR_LL_RESULT_AND_NO_ACTIVE_GIMPS_ASSIGNMENT,2026-08-09T09:12:31+00:00,UNALLOCATED,,,,,
SLCMP2607-3165,3165,3165,794156413,2^794156413-1,STRUCTURAL_SCREEN_EXHAUSTED_PRIMALITY_UNASSIGNED,GF3A_DIRECTIONAL_WRITE_EXHAUSTED_PRIMALITY_UNASSIGNED,513,512,512,NO_RECORDED_FACTOR_PRP_OR_LL_RESULT_AND_NO_ACTIVE_GIMPS_ASSIGNMENT,2026-08-09T09:12:31+00:00,UNALLOCATED,,,,,
SLCMP2607-3166,3166,3166,794156423,2^794156423-1,STRUCTURAL_SCREEN_EXHAUSTED_PRIMALITY_UNASSIGNED,GF3A_DIRECTIONAL_WRITE_EXHAUSTED_PRIMALITY_UNASSIGNED,514,512,512,NO_RECORDED_FACTOR_PRP_OR_LL_RESULT_AND_NO_ACTIVE_GIMPS_ASSIGNMENT,2026-08-09T09:12:31+00:00,UNALLOCATED,,,,,
SLCMP2607-3167,3167,3167,794156477,2^794156477-1,STRUCTURAL_SCREEN_EXHAUSTED_PRIMALITY_UNASSIGNED,GF3A_DIRECTIONAL_WRITE_EXHAUSTED_PRIMALITY_UNASSIGNED,513,512,512,NO_RECORDED_FACTOR_PRP_OR_LL_RESULT_AND_NO_ACTIVE_GIMPS_ASSIGNMENT,2026-08-09T09:12:31+00:00,UNALLOCATED,,,,,
SLCMP2607-3168,3168,3168,794156491,2^794156491-1,STRUCTURAL_SCREEN_EXHAUSTED_PRIMALITY_UNASSIGNED,GF3A_DIRECTIONAL_WRITE_EXHAUSTED_PRIMALITY_UNASSIGNED,514,512,512,NO_RECORDED_FACTOR_PRP_OR_LL_RESULT_AND_NO_ACTIVE_GIMPS_ASSIGNMENT,2026-08-09T09:12:31+00:00,UNALLOCATED,,,,,
SLCMP2607-3169,3169,3169,794156521,2^794156521-1,STRUCTURAL_SCREEN_EXHAUSTED_PRIMALITY_UNASSIGNED,GF3A_DIRECTIONAL_WRITE_EXHAUSTED_PRIMALITY_UNASSIGNED,513,512,512,NO_RECORDED_FACTOR_PRP_OR_LL_RESULT_AND_NO_ACTIVE_GIMPS_ASSIGNMENT,2026-08-09T09:12:31+00:00,UNALLOCATED,,,,,
SLCMP2607-3170,3170,3170,794156537,2^794156537-1,STRUCTURAL_SCREEN_EXHAUSTED_PRIMALITY_UNASSIGNED,GF3A_DIRECTIONAL_WRITE_EXHAUSTED_PRIMALITY_UNASSIGNED,513,512,512,NO_RECORDED_FACTOR_PRP_OR_LL_RESULT_AND_NO_ACTIVE_GIMPS_ASSIGNMENT,2026-08-09T09:12:31+00:00,UNALLOCATED,,,,,
SLCMP2607-3171,3171,3171,794156563,2^794156563-1,STRUCTURAL_SCREEN_EXHAUSTED_PRIMALITY_UNASSIGNED,GF3A_DIRECTIONAL_WRITE_EXHAUSTED_PRIMALITY_UNASSIGNED,514,512,512,NO_RECORDED_FACTOR_PRP_OR_LL_RESULT_AND_NO_ACTIVE_GIMPS_ASSIGNMENT,2026-08-09T09:12:31+00:00,UNALLOCATED,,,,,
SLCMP2607-3172,3172,3172,794156569,2^794156569-1,STRUCTURAL_SCREEN_EXHAUSTED_PRIMALITY_UNASSIGNED,GF3A_DIRECTIONAL_WRITE_EXHAUSTED_PRIMALITY_UNASSIGNED,513,512,512,NO_RECORDED_FACTOR_PRP_OR_LL_RESULT_AND_NO_ACTIVE_GIMPS_ASSIGNMENT,2026-08-09T09:12:31+00:00,UNALLOCATED,,,,,
SLCMP2607-3173,3173,3173,794156617,2^794156617-1,STRUCTURAL_SCREEN_EXHAUSTED_PRIMALITY_UNASSIGNED,GF3A_DIRECTIONAL_WRITE_EXHAUSTED_PRIMALITY_UNASSIGNED,513,512,512,NO_RECORDED_FACTOR_PRP_OR_LL_RESULT_AND_NO_ACTIVE_GIMPS_ASSIGNMENT,2026-08-09T09:12:31+00:00,UNALLOCATED,,,,,
SLCMP2607-3174,3174,3174,794156639,2^794156639-1,STRUCTURAL_SCREEN_EXHAUSTED_PRIMALITY_UNASSIGNED,GF3A_DIRECTIONAL_WRITE_EXHAUSTED_PRIMALITY_UNASSIGNED,514,512,512,NO_RECORDED_FACTOR_PRP_OR_LL_RESULT_AND_NO_ACTIVE_GIMPS_ASSIGNMENT,2026-08-09T09:12:31+00:00,UNALLOCATED,,,,,
SLCMP2607-3175,3175,3175,794156681,2^794156681-1,STRUCTURAL_SCREEN_EXHAUSTED_PRIMALITY_UNASSIGNED,GF3A_DIRECTIONAL_WRITE_EXHAUSTED_PRIMALITY_UNASSIGNED,513,512,512,NO_RECORDED_FACTOR_PRP_OR_LL_RESULT_AND_NO_ACTIVE_GIMPS_ASSIGNMENT,2026-08-09T09:12:31+00:00,UNALLOCATED,,,,,
SLCMP2607-3176,3176,3176,794156749,2^794156749-1,STRUCTURAL_SCREEN_EXHAUSTED_PRIMALITY_UNASSIGNED,GF3A_DIRECTIONAL_WRITE_EXHAUSTED_PRIMALITY_UNASSIGNED,513,512,512,NO_RECORDED_FACTOR_PRP_OR_LL_RESULT_AND_NO_ACTIVE_GIMPS_ASSIGNMENT,2026-08-09T09:12:31+00:00,UNALLOCATED,,,,,
SLCMP2607-3177,3177,3177,794156827,2^794156827-1,STRUCTURAL_SCREEN_EXHAUSTED_PRIMALITY_UNASSIGNED,GF3A_DIRECTIONAL_WRITE_EXHAUSTED_PRIMALITY_UNASSIGNED,514,512,512,NO_RECORDED_FACTOR_PRP_OR_LL_RESULT_AND_NO_ACTIVE_GIMPS_ASSIGNMENT,2026-08-09T09:12:31+00:00,UNALLOCATED,,,,,
SLCMP2607-3178,3178,3178,794156833,2^794156833-1,STRUCTURAL_SCREEN_EXHAUSTED_PRIMALITY_UNASSIGNED,GF3A_DIRECTIONAL_WRITE_EXHAUSTED_PRIMALITY_UNASSIGNED,513,512,512,NO_RECORDED_FACTOR_PRP_OR_LL_RESULT_AND_NO_ACTIVE_GIMPS_ASSIGNMENT,2026-08-09T09:12:31+00:00,UNALLOCATED,,,,,
SLCMP2607-3179,3179,3179,794157113,2^794157113-1,STRUCTURAL_SCREEN_EXHAUSTED_PRIMALITY_UNASSIGNED,GF3A_DIRECTIONAL_WRITE_EXHAUSTED_PRIMALITY_UNASSIGNED,513,512,512,NO_RECORDED_FACTOR_PRP_OR_LL_RESULT_AND_NO_ACTIVE_GIMPS_ASSIGNMENT,2026-08-09T09:12:31+00:00,UNALLOCATED,,,,,
SLCMP2607-3180,3180,3180,794157121,2^794157121-1,STRUCTURAL_SCREEN_EXHAUSTED_PRIMALITY_UNASSIGNED,GF3A_DIRECTIONAL_WRITE_EXHAUSTED_PRIMALITY_UNASSIGNED,513,512,512,NO_RECORDED_FACTOR_PRP_OR_LL_RESULT_AND_NO_ACTIVE_GIMPS_ASSIGNMENT,2026-08-09T09:12:31+00:00,UNALLOCATED,,,,,
SLCMP2607-3181,3181,3181,794157131,2^794157131-1,STRUCTURAL_SCREEN_EXHAUSTED_PRIMALITY_UNASSIGNED,GF3A_DIRECTIONAL_WRITE_EXHAUSTED_PRIMALITY_UNASSIGNED,514,512,512,NO_RECORDED_FACTOR_PRP_OR_LL_RESULT_AND_NO_ACTIVE_GIMPS_ASSIGNMENT,2026-08-09T09:12:31+00:00,UNALLOCATED,,,,,
SLCMP2607-3182,3182,3182,794157149,2^794157149-1,STRUCTURAL_SCREEN_EXHAUSTED_PRIMALITY_UNASSIGNED,GF3A_DIRECTIONAL_WRITE_EXHAUSTED_PRIMALITY_UNASSIGNED,513,512,512,NO_RECORDED_FACTOR_PRP_OR_LL_RESULT_AND_NO_ACTIVE_GIMPS_ASSIGNMENT,2026-08-09T09:12:31+00:00,UNALLOCATED,,,,,
SLCMP2607-3183,3183,3183,794157157,2^794157157-1,STRUCTURAL_SCREEN_EXHAUSTED_PRIMALITY_UNASSIGNED,GF3A_DIRECTIONAL_WRITE_EXHAUSTED_PRIMALITY_UNASSIGNED,513,512,512,NO_RECORDED_FACTOR_PRP_OR_LL_RESULT_AND_NO_ACTIVE_GIMPS_ASSIGNMENT,2026-08-09T09:12:31+00:00,UNALLOCATED,,,,,
SLCMP2607-3184,3184,3184,794157241,2^794157241-1,STRUCTURAL_SCREEN_EXHAUSTED_PRIMALITY_UNASSIGNED,GF3A_DIRECTIONAL_WRITE_EXHAUSTED_PRIMALITY_UNASSIGNED,513,512,512,NO_RECORDED_FACTOR_PRP_OR_LL_RESULT_AND_NO_ACTIVE_GIMPS_ASSIGNMENT,2026-08-09T09:12:31+00:00,UNALLOCATED,,,,,
SLCMP2607-3185,3185,3185,794157263,2^794157263-1,STRUCTURAL_SCREEN_EXHAUSTED_PRIMALITY_UNASSIGNED,GF3A_DIRECTIONAL_WRITE_EXHAUSTED_PRIMALITY_UNASSIGNED,514,512,512,NO_RECORDED_FACTOR_PRP_OR_LL_RESULT_AND_NO_ACTIVE_GIMPS_ASSIGNMENT,2026-08-09T09:12:31+00:00,UNALLOCATED,,,,,
SLCMP2607-3186,3186,3186,794157319,2^794157319-1,STRUCTURAL_SCREEN_EXHAUSTED_PRIMALITY_UNASSIGNED,GF3A_DIRECTIONAL_WRITE_EXHAUSTED_PRIMALITY_UNASSIGNED,514,512,512,NO_RECORDED_FACTOR_PRP_OR_LL_RESULT_AND_NO_ACTIVE_GIMPS_ASSIGNMENT,2026-08-09T09:12:31+00:00,UNALLOCATED,,,,,
SLCMP2607-3187,3187,3187,794157337,2^794157337-1,STRUCTURAL_SCREEN_EXHAUSTED_PRIMALITY_UNASSIGNED,GF3A_DIRECTIONAL_WRITE_EXHAUSTED_PRIMALITY_UNASSIGNED,513,512,512,NO_RECORDED_FACTOR_PRP_OR_LL_RESULT_AND_NO_ACTIVE_GIMPS_ASSIGNMENT,2026-08-09T09:12:31+00:00,UNALLOCATED,,,,,
SLCMP2607-3188,3188,3188,794157367,2^794157367-1,STRUCTURAL_SCREEN_EXHAUSTED_PRIMALITY_UNASSIGNED,GF3A_DIRECTIONAL_WRITE_EXHAUSTED_PRIMALITY_UNASSIGNED,514,512,512,NO_RECORDED_FACTOR_PRP_OR_LL_RESULT_AND_NO_ACTIVE_GIMPS_ASSIGNMENT,2026-08-09T09:12:31+00:00,UNALLOCATED,,,,,
SLCMP2607-3189,3189,3189,794157391,2^794157391-1,STRUCTURAL_SCREEN_EXHAUSTED_PRIMALITY_UNASSIGNED,GF3A_DIRECTIONAL_WRITE_EXHAUSTED_PRIMALITY_UNASSIGNED,514,512,512,NO_RECORDED_FACTOR_PRP_OR_LL_RESULT_AND_NO_ACTIVE_GIMPS_ASSIGNMENT,2026-08-09T09:12:31+00:00,UNALLOCATED,,,,,
SLCMP2607-3190,3190,3190,794157401,2^794157401-1,STRUCTURAL_SCREEN_EXHAUSTED_PRIMALITY_UNASSIGNED,GF3A_DIRECTIONAL_WRITE_EXHAUSTED_PRIMALITY_UNASSIGNED,513,512,512,NO_RECORDED_FACTOR_PRP_OR_LL_RESULT_AND_NO_ACTIVE_GIMPS_ASSIGNMENT,2026-08-09T09:12:31+00:00,UNALLOCATED,,,,,
SLCMP2607-3191,3191,3191,794157407,2^794157407-1,STRUCTURAL_SCREEN_EXHAUSTED_PRIMALITY_UNASSIGNED,GF3A_DIRECTIONAL_WRITE_EXHAUSTED_PRIMALITY_UNASSIGNED,514,512,512,NO_RECORDED_FACTOR_PRP_OR_LL_RESULT_AND_NO_ACTIVE_GIMPS_ASSIGNMENT,2026-08-09T09:12:31+00:00,UNALLOCATED,,,,,
SLCMP2607-3192,3192,3192,794157461,2^794157461-1,STRUCTURAL_SCREEN_EXHAUSTED_PRIMALITY_UNASSIGNED,GF3A_DIRECTIONAL_WRITE_EXHAUSTED_PRIMALITY_UNASSIGNED,513,512,512,NO_RECORDED_FACTOR_PRP_OR_LL_RESULT_AND_NO_ACTIVE_GIMPS_ASSIGNMENT,2026-08-09T09:12:31+00:00,UNALLOCATED,,,,,
SLCMP2607-3193,3193,3193,794157467,2^794157467-1,STRUCTURAL_SCREEN_EXHAUSTED_PRIMALITY_UNASSIGNED,GF3A_DIRECTIONAL_WRITE_EXHAUSTED_PRIMALITY_UNASSIGNED,514,512,512,NO_RECORDED_FACTOR_PRP_OR_LL_RESULT_AND_NO_ACTIVE_GIMPS_ASSIGNMENT,2026-08-09T09:12:31+00:00,UNALLOCATED,,,,,
SLCMP2607-3194,3194,3194,794157503,2^794157503-1,STRUCTURAL_SCREEN_EXHAUSTED_PRIMALITY_UNASSIGNED,GF3A_DIRECTIONAL_WRITE_EXHAUSTED_PRIMALITY_UNASSIGNED,514,512,512,NO_RECORDED_FACTOR_PRP_OR_LL_RESULT_AND_NO_ACTIVE_GIMPS_ASSIGNMENT,2026-08-09T09:12:31+00:00,UNALLOCATED,,,,,
SLCMP2607-3195,3195,3195,794157587,2^794157587-1,STRUCTURAL_SCREEN_EXHAUSTED_PRIMALITY_UNASSIGNED,GF3A_DIRECTIONAL_WRITE_EXHAUSTED_PRIMALITY_UNASSIGNED,514,512,512,NO_RECORDED_FACTOR_PRP_OR_LL_RESULT_AND_NO_ACTIVE_GIMPS_ASSIGNMENT,2026-08-09T09:12:31+00:00,UNALLOCATED,,,,,
SLCMP2607-3196,3196,3196,794157709,2^794157709-1,STRUCTURAL_SCREEN_EXHAUSTED_PRIMALITY_UNASSIGNED,GF3A_DIRECTIONAL_WRITE_EXHAUSTED_PRIMALITY_UNASSIGNED,513,512,512,NO_RECORDED_FACTOR_PRP_OR_LL_RESULT_AND_NO_ACTIVE_GIMPS_ASSIGNMENT,2026-08-09T09:12:31+00:00,UNALLOCATED,,,,,
SLCMP2607-3197,3197,3197,794157809,2^794157809-1,STRUCTURAL_SCREEN_EXHAUSTED_PRIMALITY_UNASSIGNED,GF3A_DIRECTIONAL_WRITE_EXHAUSTED_PRIMALITY_UNASSIGNED,513,512,512,NO_RECORDED_FACTOR_PRP_OR_LL_RESULT_AND_NO_ACTIVE_GIMPS_ASSIGNMENT,2026-08-09T09:12:31+00:00,UNALLOCATED,,,,,
SLCMP2607-3198,3198,3198,794157827,2^794157827-1,STRUCTURAL_SCREEN_EXHAUSTED_PRIMALITY_UNASSIGNED,GF3A_DIRECTIONAL_WRITE_EXHAUSTED_PRIMALITY_UNASSIGNED,514,512,512,NO_RECORDED_FACTOR_PRP_OR_LL_RESULT_AND_NO_ACTIVE_GIMPS_ASSIGNMENT,2026-08-09T09:12:31+00:00,UNALLOCATED,,,,,
SLCMP2607-3199,3199,3199,794157829,2^794157829-1,STRUCTURAL_SCREEN_EXHAUSTED_PRIMALITY_UNASSIGNED,GF3A_DIRECTIONAL_WRITE_EXHAUSTED_PRIMALITY_UNASSIGNED,513,512,512,NO_RECORDED_FACTOR_PRP_OR_LL_RESULT_AND_NO_ACTIVE_GIMPS_ASSIGNMENT,2026-08-09T09:12:31+00:00,UNALLOCATED,,,,,
SLCMP2607-3200,3200,3200,794157887,2^794157887-1,STRUCTURAL_SCREEN_EXHAUSTED_PRIMALITY_UNASSIGNED,GF3A_DIRECTIONAL_WRITE_EXHAUSTED_PRIMALITY_UNASSIGNED,514,512,512,NO_RECORDED_FACTOR_PRP_OR_LL_RESULT_AND_NO_ACTIVE_GIMPS_ASSIGNMENT,2026-08-09T09:12:31+00:00,UNALLOCATED,,,,,
SLCMP2607-3201,3201,3201,794158063,2^794158063-1,STRUCTURAL_SCREEN_EXHAUSTED_PRIMALITY_UNASSIGNED,GF3A_DIRECTIONAL_WRITE_EXHAUSTED_PRIMALITY_UNASSIGNED,514,512,512,NO_RECORDED_FACTOR_PRP_OR_LL_RESULT_AND_NO_ACTIVE_GIMPS_ASSIGNMENT,2026-08-09T09:12:31+00:00,UNALLOCATED,,,,,
SLCMP2607-3202,3202,3202,794158087,2^794158087-1,STRUCTURAL_SCREEN_EXHAUSTED_PRIMALITY_UNASSIGNED,GF3A_DIRECTIONAL_WRITE_EXHAUSTED_PRIMALITY_UNASSIGNED,514,512,512,NO_RECORDED_FACTOR_PRP_OR_LL_RESULT_AND_NO_ACTIVE_GIMPS_ASSIGNMENT,2026-08-09T09:12:31+00:00,UNALLOCATED,,,,,
SLCMP2607-3203,3203,3203,794158097,2^794158097-1,STRUCTURAL_SCREEN_EXHAUSTED_PRIMALITY_UNASSIGNED,GF3A_DIRECTIONAL_WRITE_EXHAUSTED_PRIMALITY_UNASSIGNED,513,512,512,NO_RECORDED_FACTOR_PRP_OR_LL_RESULT_AND_NO_ACTIVE_GIMPS_ASSIGNMENT,2026-08-09T09:12:31+00:00,UNALLOCATED,,,,,
SLCMP2607-3204,3204,3204,794158117,2^794158117-1,STRUCTURAL_SCREEN_EXHAUSTED_PRIMALITY_UNASSIGNED,GF3A_DIRECTIONAL_WRITE_EXHAUSTED_PRIMALITY_UNASSIGNED,513,512,512,NO_RECORDED_FACTOR_PRP_OR_LL_RESULT_AND_NO_ACTIVE_GIMPS_ASSIGNMENT,2026-08-09T09:12:31+00:00,UNALLOCATED,,,,,
SLCMP2607-3205,3205,3205,794158133,2^794158133-1,STRUCTURAL_SCREEN_EXHAUSTED_PRIMALITY_UNASSIGNED,GF3A_DIRECTIONAL_WRITE_EXHAUSTED_PRIMALITY_UNASSIGNED,513,512,512,NO_RECORDED_FACTOR_PRP_OR_LL_RESULT_AND_NO_ACTIVE_GIMPS_ASSIGNMENT,2026-08-09T09:12:31+00:00,UNALLOCATED,,,,,
SLCMP2607-3206,3206,3206,794158259,2^794158259-1,STRUCTURAL_SCREEN_EXHAUSTED_PRIMALITY_UNASSIGNED,GF3A_DIRECTIONAL_WRITE_EXHAUSTED_PRIMALITY_UNASSIGNED,514,512,512,NO_RECORDED_FACTOR_PRP_OR_LL_RESULT_AND_NO_ACTIVE_GIMPS_ASSIGNMENT,2026-08-09T09:12:31+00:00,UNALLOCATED,,,,,
SLCMP2607-3207,3207,3207,794158297,2^794158297-1,STRUCTURAL_SCREEN_EXHAUSTED_PRIMALITY_UNASSIGNED,GF3A_DIRECTIONAL_WRITE_EXHAUSTED_PRIMALITY_UNASSIGNED,513,512,512,NO_RECORDED_FACTOR_PRP_OR_LL_RESULT_AND_NO_ACTIVE_GIMPS_ASSIGNMENT,2026-08-09T09:12:31+00:00,UNALLOCATED,,,,,
SLCMP2607-3208,3208,3208,794158399,2^794158399-1,STRUCTURAL_SCREEN_EXHAUSTED_PRIMALITY_UNASSIGNED,GF3A_DIRECTIONAL_WRITE_EXHAUSTED_PRIMALITY_UNASSIGNED,514,512,512,NO_RECORDED_FACTOR_PRP_OR_LL_RESULT_AND_NO_ACTIVE_GIMPS_ASSIGNMENT,2026-08-09T09:12:31+00:00,UNALLOCATED,,,,,
SLCMP2607-3209,3209,3209,794158429,2^794158429-1,STRUCTURAL_SCREEN_EXHAUSTED_PRIMALITY_UNASSIGNED,GF3A_DIRECTIONAL_WRITE_EXHAUSTED_PRIMALITY_UNASSIGNED,513,512,512,NO_RECORDED_FACTOR_PRP_OR_LL_RESULT_AND_NO_ACTIVE_GIMPS_ASSIGNMENT,2026-08-09T09:12:31+00:00,UNALLOCATED,,,,,
SLCMP2607-3210,3210,3210,794158487,2^794158487-1,STRUCTURAL_SCREEN_EXHAUSTED_PRIMALITY_UNASSIGNED,GF3A_DIRECTIONAL_WRITE_EXHAUSTED_PRIMALITY_UNASSIGNED,514,512,512,NO_RECORDED_FACTOR_PRP_OR_LL_RESULT_AND_NO_ACTIVE_GIMPS_ASSIGNMENT,2026-08-09T09:12:31+00:00,UNALLOCATED,,,,,
SLCMP2607-3211,3211,3211,794158493,2^794158493-1,STRUCTURAL_SCREEN_EXHAUSTED_PRIMALITY_UNASSIGNED,GF3A_DIRECTIONAL_WRITE_EXHAUSTED_PRIMALITY_UNASSIGNED,513,512,512,NO_RECORDED_FACTOR_PRP_OR_LL_RESULT_AND_NO_ACTIVE_GIMPS_ASSIGNMENT,2026-08-09T09:12:31+00:00,UNALLOCATED,,,,,
SLCMP2607-3212,3212,3212,794158511,2^794158511-1,STRUCTURAL_SCREEN_EXHAUSTED_PRIMALITY_UNASSIGNED,GF3A_DIRECTIONAL_WRITE_EXHAUSTED_PRIMALITY_UNASSIGNED,514,512,512,NO_RECORDED_FACTOR_PRP_OR_LL_RESULT_AND_NO_ACTIVE_GIMPS_ASSIGNMENT,2026-08-09T09:12:31+00:00,UNALLOCATED,,,,,
SLCMP2607-3213,3213,3213,794158579,2^794158579-1,STRUCTURAL_SCREEN_EXHAUSTED_PRIMALITY_UNASSIGNED,GF3A_DIRECTIONAL_WRITE_EXHAUSTED_PRIMALITY_UNASSIGNED,514,512,512,NO_RECORDED_FACTOR_PRP_OR_LL_RESULT_AND_NO_ACTIVE_GIMPS_ASSIGNMENT,2026-08-09T09:12:31+00:00,UNALLOCATED,,,,,
SLCMP2607-3214,3214,3214,794158609,2^794158609-1,STRUCTURAL_SCREEN_EXHAUSTED_PRIMALITY_UNASSIGNED,GF3A_DIRECTIONAL_WRITE_EXHAUSTED_PRIMALITY_UNASSIGNED,513,512,512,NO_RECORDED_FACTOR_PRP_OR_LL_RESULT_AND_NO_ACTIVE_GIMPS_ASSIGNMENT,2026-08-09T09:12:31+00:00,UNALLOCATED,,,,,
SLCMP2607-3215,3215,3215,794158613,2^794158613-1,STRUCTURAL_SCREEN_EXHAUSTED_PRIMALITY_UNASSIGNED,GF3A_DIRECTIONAL_WRITE_EXHAUSTED_PRIMALITY_UNASSIGNED,513,512,512,NO_RECORDED_FACTOR_PRP_OR_LL_RESULT_AND_NO_ACTIVE_GIMPS_ASSIGNMENT,2026-08-09T09:12:31+00:00,UNALLOCATED,,,,,
SLCMP2607-3216,3216,3216,794158633,2^794158633-1,STRUCTURAL_SCREEN_EXHAUSTED_PRIMALITY_UNASSIGNED,GF3A_DIRECTIONAL_WRITE_EXHAUSTED_PRIMALITY_UNASSIGNED,513,512,512,NO_RECORDED_FACTOR_PRP_OR_LL_RESULT_AND_NO_ACTIVE_GIMPS_ASSIGNMENT,2026-08-09T09:12:31+00:00,UNALLOCATED,,,,,
SLCMP2607-3217,3217,3217,794158681,2^794158681-1,STRUCTURAL_SCREEN_EXHAUSTED_PRIMALITY_UNASSIGNED,GF3A_DIRECTIONAL_WRITE_EXHAUSTED_PRIMALITY_UNASSIGNED,513,512,512,NO_RECORDED_FACTOR_PRP_OR_LL_RESULT_AND_NO_ACTIVE_GIMPS_ASSIGNMENT,2026-08-09T09:12:31+00:00,UNALLOCATED,,,,,
SLCMP2607-3218,3218,3218,794158693,2^794158693-1,STRUCTURAL_SCREEN_EXHAUSTED_PRIMALITY_UNASSIGNED,GF3A_DIRECTIONAL_WRITE_EXHAUSTED_PRIMALITY_UNASSIGNED,513,512,512,NO_RECORDED_FACTOR_PRP_OR_LL_RESULT_AND_NO_ACTIVE_GIMPS_ASSIGNMENT,2026-08-09T09:12:31+00:00,UNALLOCATED,,,,,
SLCMP2607-3219,3219,3219,794158711,2^794158711-1,STRUCTURAL_SCREEN_EXHAUSTED_PRIMALITY_UNASSIGNED,GF3A_DIRECTIONAL_WRITE_EXHAUSTED_PRIMALITY_UNASSIGNED,514,512,512,NO_RECORDED_FACTOR_PRP_OR_LL_RESULT_AND_NO_ACTIVE_GIMPS_ASSIGNMENT,2026-08-09T09:12:31+00:00,UNALLOCATED,,,,,
SLCMP2607-3220,3220,3220,794158727,2^794158727-1,STRUCTURAL_SCREEN_EXHAUSTED_PRIMALITY_UNASSIGNED,GF3A_DIRECTIONAL_WRITE_EXHAUSTED_PRIMALITY_UNASSIGNED,514,512,512,NO_RECORDED_FACTOR_PRP_OR_LL_RESULT_AND_NO_ACTIVE_GIMPS_ASSIGNMENT,2026-08-09T09:12:31+00:00,UNALLOCATED,,,,,
SLCMP2607-3221,3221,3221,794158763,2^794158763-1,STRUCTURAL_SCREEN_EXHAUSTED_PRIMALITY_UNASSIGNED,GF3A_DIRECTIONAL_WRITE_EXHAUSTED_PRIMALITY_UNASSIGNED,514,512,512,NO_RECORDED_FACTOR_PRP_OR_LL_RESULT_AND_NO_ACTIVE_GIMPS_ASSIGNMENT,2026-08-09T09:12:31+00:00,UNALLOCATED,,,,,
SLCMP2607-3222,3222,3222,794158777,2^794158777-1,STRUCTURAL_SCREEN_EXHAUSTED_PRIMALITY_UNASSIGNED,GF3A_DIRECTIONAL_WRITE_EXHAUSTED_PRIMALITY_UNASSIGNED,513,512,512,NO_RECORDED_FACTOR_PRP_OR_LL_RESULT_AND_NO_ACTIVE_GIMPS_ASSIGNMENT,2026-08-09T09:12:31+00:00,UNALLOCATED,,,,,
SLCMP2607-3223,3223,3223,794158877,2^794158877-1,STRUCTURAL_SCREEN_EXHAUSTED_PRIMALITY_UNASSIGNED,GF3A_DIRECTIONAL_WRITE_EXHAUSTED_PRIMALITY_UNASSIGNED,513,512,512,NO_RECORDED_FACTOR_PRP_OR_LL_RESULT_AND_NO_ACTIVE_GIMPS_ASSIGNMENT,2026-08-09T09:12:31+00:00,UNALLOCATED,,,,,
SLCMP2607-3224,3224,3224,794158879,2^794158879-1,STRUCTURAL_SCREEN_EXHAUSTED_PRIMALITY_UNASSIGNED,GF3A_DIRECTIONAL_WRITE_EXHAUSTED_PRIMALITY_UNASSIGNED,514,512,512,NO_RECORDED_FACTOR_PRP_OR_LL_RESULT_AND_NO_ACTIVE_GIMPS_ASSIGNMENT,2026-08-09T09:12:31+00:00,UNALLOCATED,,,,,
SLCMP2607-3225,3225,3225,794158921,2^794158921-1,STRUCTURAL_SCREEN_EXHAUSTED_PRIMALITY_UNASSIGNED,GF3A_DIRECTIONAL_WRITE_EXHAUSTED_PRIMALITY_UNASSIGNED,513,512,512,NO_RECORDED_FACTOR_PRP_OR_LL_RESULT_AND_NO_ACTIVE_GIMPS_ASSIGNMENT,2026-08-09T09:12:31+00:00,UNALLOCATED,,,,,
SLCMP2607-3226,3226,3226,794159033,2^794159033-1,STRUCTURAL_SCREEN_EXHAUSTED_PRIMALITY_UNASSIGNED,GF3A_DIRECTIONAL_WRITE_EXHAUSTED_PRIMALITY_UNASSIGNED,513,512,512,NO_RECORDED_FACTOR_PRP_OR_LL_RESULT_AND_NO_ACTIVE_GIMPS_ASSIGNMENT,2026-08-09T09:12:31+00:00,UNALLOCATED,,,,,
SLCMP2607-3227,3227,3227,794159059,2^794159059-1,STRUCTURAL_SCREEN_EXHAUSTED_PRIMALITY_UNASSIGNED,GF3A_DIRECTIONAL_WRITE_EXHAUSTED_PRIMALITY_UNASSIGNED,514,512,512,NO_RECORDED_FACTOR_PRP_OR_LL_RESULT_AND_NO_ACTIVE_GIMPS_ASSIGNMENT,2026-08-09T09:12:31+00:00,UNALLOCATED,,,,,
SLCMP2607-3228,3228,3228,794159077,2^794159077-1,STRUCTURAL_SCREEN_EXHAUSTED_PRIMALITY_UNASSIGNED,GF3A_DIRECTIONAL_WRITE_EXHAUSTED_PRIMALITY_UNASSIGNED,513,512,512,NO_RECORDED_FACTOR_PRP_OR_LL_RESULT_AND_NO_ACTIVE_GIMPS_ASSIGNMENT,2026-08-09T09:12:31+00:00,UNALLOCATED,,,,,
SLCMP2607-3229,3229,3229,794159101,2^794159101-1,STRUCTURAL_SCREEN_EXHAUSTED_PRIMALITY_UNASSIGNED,GF3A_DIRECTIONAL_WRITE_EXHAUSTED_PRIMALITY_UNASSIGNED,513,512,512,NO_RECORDED_FACTOR_PRP_OR_LL_RESULT_AND_NO_ACTIVE_GIMPS_ASSIGNMENT,2026-08-09T09:12:31+00:00,UNALLOCATED,,,,,
SLCMP2607-3230,3230,3230,794159117,2^794159117-1,STRUCTURAL_SCREEN_EXHAUSTED_PRIMALITY_UNASSIGNED,GF3A_DIRECTIONAL_WRITE_EXHAUSTED_PRIMALITY_UNASSIGNED,513,512,512,NO_RECORDED_FACTOR_PRP_OR_LL_RESULT_AND_NO_ACTIVE_GIMPS_ASSIGNMENT,2026-08-09T09:12:31+00:00,UNALLOCATED,,,,,
SLCMP2607-3231,3231,3231,794159129,2^794159129-1,STRUCTURAL_SCREEN_EXHAUSTED_PRIMALITY_UNASSIGNED,GF3A_DIRECTIONAL_WRITE_EXHAUSTED_PRIMALITY_UNASSIGNED,513,512,512,NO_RECORDED_FACTOR_PRP_OR_LL_RESULT_AND_NO_ACTIVE_GIMPS_ASSIGNMENT,2026-08-09T09:12:31+00:00,UNALLOCATED,,,,,
SLCMP2607-3232,3232,3232,794159153,2^794159153-1,STRUCTURAL_SCREEN_EXHAUSTED_PRIMALITY_UNASSIGNED,GF3A_DIRECTIONAL_WRITE_EXHAUSTED_PRIMALITY_UNASSIGNED,513,512,512,NO_RECORDED_FACTOR_PRP_OR_LL_RESULT_AND_NO_ACTIVE_GIMPS_ASSIGNMENT,2026-08-09T09:12:31+00:00,UNALLOCATED,,,,,
SLCMP2607-3233,3233,3233,794159159,2^794159159-1,STRUCTURAL_SCREEN_EXHAUSTED_PRIMALITY_UNASSIGNED,GF3A_DIRECTIONAL_WRITE_EXHAUSTED_PRIMALITY_UNASSIGNED,514,512,512,NO_RECORDED_FACTOR_PRP_OR_LL_RESULT_AND_NO_ACTIVE_GIMPS_ASSIGNMENT,2026-08-09T09:12:31+00:00,UNALLOCATED,,,,,
SLCMP2607-3234,3234,3234,794159417,2^794159417-1,STRUCTURAL_SCREEN_EXHAUSTED_PRIMALITY_UNASSIGNED,GF3A_DIRECTIONAL_WRITE_EXHAUSTED_PRIMALITY_UNASSIGNED,513,512,512,NO_RECORDED_FACTOR_PRP_OR_LL_RESULT_AND_NO_ACTIVE_GIMPS_ASSIGNMENT,2026-08-09T09:12:31+00:00,UNALLOCATED,,,,,
SLCMP2607-3235,3235,3235,794159501,2^794159501-1,STRUCTURAL_SCREEN_EXHAUSTED_PRIMALITY_UNASSIGNED,GF3A_DIRECTIONAL_WRITE_EXHAUSTED_PRIMALITY_UNASSIGNED,513,512,512,NO_RECORDED_FACTOR_PRP_OR_LL_RESULT_AND_NO_ACTIVE_GIMPS_ASSIGNMENT,2026-08-09T09:12:31+00:00,UNALLOCATED,,,,,
SLCMP2607-3236,3236,3236,794159567,2^794159567-1,STRUCTURAL_SCREEN_EXHAUSTED_PRIMALITY_UNASSIGNED,GF3A_DIRECTIONAL_WRITE_EXHAUSTED_PRIMALITY_UNASSIGNED,514,512,512,NO_RECORDED_FACTOR_PRP_OR_LL_RESULT_AND_NO_ACTIVE_GIMPS_ASSIGNMENT,2026-08-09T09:12:31+00:00,UNALLOCATED,,,,,
SLCMP2607-3237,3237,3237,794159651,2^794159651-1,STRUCTURAL_SCREEN_EXHAUSTED_PRIMALITY_UNASSIGNED,GF3A_DIRECTIONAL_WRITE_EXHAUSTED_PRIMALITY_UNASSIGNED,514,512,512,NO_RECORDED_FACTOR_PRP_OR_LL_RESULT_AND_NO_ACTIVE_GIMPS_ASSIGNMENT,2026-08-09T09:12:31+00:00,UNALLOCATED,,,,,
SLCMP2607-3238,3238,3238,794159659,2^794159659-1,STRUCTURAL_SCREEN_EXHAUSTED_PRIMALITY_UNASSIGNED,GF3A_DIRECTIONAL_WRITE_EXHAUSTED_PRIMALITY_UNASSIGNED,514,512,512,NO_RECORDED_FACTOR_PRP_OR_LL_RESULT_AND_NO_ACTIVE_GIMPS_ASSIGNMENT,2026-08-09T09:12:31+00:00,UNALLOCATED,,,,,
SLCMP2607-3239,3239,3239,794159683,2^794159683-1,STRUCTURAL_SCREEN_EXHAUSTED_PRIMALITY_UNASSIGNED,GF3A_DIRECTIONAL_WRITE_EXHAUSTED_PRIMALITY_UNASSIGNED,514,512,512,NO_RECORDED_FACTOR_PRP_OR_LL_RESULT_AND_NO_ACTIVE_GIMPS_ASSIGNMENT,2026-08-09T09:12:31+00:00,UNALLOCATED,,,,,
SLCMP2607-3240,3240,3240,794159713,2^794159713-1,STRUCTURAL_SCREEN_EXHAUSTED_PRIMALITY_UNASSIGNED,GF3A_DIRECTIONAL_WRITE_EXHAUSTED_PRIMALITY_UNASSIGNED,513,512,512,NO_RECORDED_FACTOR_PRP_OR_LL_RESULT_AND_NO_ACTIVE_GIMPS_ASSIGNMENT,2026-08-09T09:12:31+00:00,UNALLOCATED,,,,,
SLCMP2607-3241,3241,3241,794159833,2^794159833-1,STRUCTURAL_SCREEN_EXHAUSTED_PRIMALITY_UNASSIGNED,GF3A_DIRECTIONAL_WRITE_EXHAUSTED_PRIMALITY_UNASSIGNED,513,512,512,NO_RECORDED_FACTOR_PRP_OR_LL_RESULT_AND_NO_ACTIVE_GIMPS_ASSIGNMENT,2026-08-09T09:12:31+00:00,UNALLOCATED,,,,,
SLCMP2607-3242,3242,3242,794159857,2^794159857-1,STRUCTURAL_SCREEN_EXHAUSTED_PRIMALITY_UNASSIGNED,GF3A_DIRECTIONAL_WRITE_EXHAUSTED_PRIMALITY_UNASSIGNED,513,512,512,NO_RECORDED_FACTOR_PRP_OR_LL_RESULT_AND_NO_ACTIVE_GIMPS_ASSIGNMENT,2026-08-09T09:12:31+00:00,UNALLOCATED,,,,,
SLCMP2607-3243,3243,3243,794160023,2^794160023-1,STRUCTURAL_SCREEN_EXHAUSTED_PRIMALITY_UNASSIGNED,GF3A_DIRECTIONAL_WRITE_EXHAUSTED_PRIMALITY_UNASSIGNED,514,512,512,NO_RECORDED_FACTOR_PRP_OR_LL_RESULT_AND_NO_ACTIVE_GIMPS_ASSIGNMENT,2026-08-09T09:12:31+00:00,UNALLOCATED,,,,,
SLCMP2607-3244,3244,3244,794160091,2^794160091-1,STRUCTURAL_SCREEN_EXHAUSTED_PRIMALITY_UNASSIGNED,GF3A_DIRECTIONAL_WRITE_EXHAUSTED_PRIMALITY_UNASSIGNED,514,512,512,NO_RECORDED_FACTOR_PRP_OR_LL_RESULT_AND_NO_ACTIVE_GIMPS_ASSIGNMENT,2026-08-09T09:12:31+00:00,UNALLOCATED,,,,,
SLCMP2607-3245,3245,3245,794160113,2^794160113-1,STRUCTURAL_SCREEN_EXHAUSTED_PRIMALITY_UNASSIGNED,GF3A_DIRECTIONAL_WRITE_EXHAUSTED_PRIMALITY_UNASSIGNED,513,512,512,NO_RECORDED_FACTOR_PRP_OR_LL_RESULT_AND_NO_ACTIVE_GIMPS_ASSIGNMENT,2026-08-09T09:12:31+00:00,UNALLOCATED,,,,,
SLCMP2607-3246,3246,3246,794160149,2^794160149-1,STRUCTURAL_SCREEN_EXHAUSTED_PRIMALITY_UNASSIGNED,GF3A_DIRECTIONAL_WRITE_EXHAUSTED_PRIMALITY_UNASSIGNED,513,512,512,NO_RECORDED_FACTOR_PRP_OR_LL_RESULT_AND_NO_ACTIVE_GIMPS_ASSIGNMENT,2026-08-09T09:12:31+00:00,UNALLOCATED,,,,,
SLCMP2607-3247,3247,3247,794160173,2^794160173-1,STRUCTURAL_SCREEN_EXHAUSTED_PRIMALITY_UNASSIGNED,GF3A_DIRECTIONAL_WRITE_EXHAUSTED_PRIMALITY_UNASSIGNED,513,512,512,NO_RECORDED_FACTOR_PRP_OR_LL_RESULT_AND_NO_ACTIVE_GIMPS_ASSIGNMENT,2026-08-09T09:12:31+00:00,UNALLOCATED,,,,,
SLCMP2607-3248,3248,3248,794160221,2^794160221-1,STRUCTURAL_SCREEN_EXHAUSTED_PRIMALITY_UNASSIGNED,GF3A_DIRECTIONAL_WRITE_EXHAUSTED_PRIMALITY_UNASSIGNED,513,512,512,NO_RECORDED_FACTOR_PRP_OR_LL_RESULT_AND_NO_ACTIVE_GIMPS_ASSIGNMENT,2026-08-09T09:12:31+00:00,UNALLOCATED,,,,,
SLCMP2607-3249,3249,3249,794160247,2^794160247-1,STRUCTURAL_SCREEN_EXHAUSTED_PRIMALITY_UNASSIGNED,GF3A_DIRECTIONAL_WRITE_EXHAUSTED_PRIMALITY_UNASSIGNED,514,512,512,NO_RECORDED_FACTOR_PRP_OR_LL_RESULT_AND_NO_ACTIVE_GIMPS_ASSIGNMENT,2026-08-09T09:12:31+00:00,UNALLOCATED,,,,,
SLCMP2607-3250,3250,3250,794160251,2^794160251-1,STRUCTURAL_SCREEN_EXHAUSTED_PRIMALITY_UNASSIGNED,GF3A_DIRECTIONAL_WRITE_EXHAUSTED_PRIMALITY_UNASSIGNED,514,512,512,NO_RECORDED_FACTOR_PRP_OR_LL_RESULT_AND_NO_ACTIVE_GIMPS_ASSIGNMENT,2026-08-09T09:12:31+00:00,UNALLOCATED,,,,,
SLCMP2607-3251,3251,3251,794160329,2^794160329-1,STRUCTURAL_SCREEN_EXHAUSTED_PRIMALITY_UNASSIGNED,GF3A_DIRECTIONAL_WRITE_EXHAUSTED_PRIMALITY_UNASSIGNED,513,512,512,NO_RECORDED_FACTOR_PRP_OR_LL_RESULT_AND_NO_ACTIVE_GIMPS_ASSIGNMENT,2026-08-09T09:12:31+00:00,UNALLOCATED,,,,,
SLCMP2607-3252,3252,3252,794160359,2^794160359-1,STRUCTURAL_SCREEN_EXHAUSTED_PRIMALITY_UNASSIGNED,GF3A_DIRECTIONAL_WRITE_EXHAUSTED_PRIMALITY_UNASSIGNED,514,512,512,NO_RECORDED_FACTOR_PRP_OR_LL_RESULT_AND_NO_ACTIVE_GIMPS_ASSIGNMENT,2026-08-09T09:12:31+00:00,UNALLOCATED,,,,,
SLCMP2607-3253,3253,3253,794160443,2^794160443-1,STRUCTURAL_SCREEN_EXHAUSTED_PRIMALITY_UNASSIGNED,GF3A_DIRECTIONAL_WRITE_EXHAUSTED_PRIMALITY_UNASSIGNED,514,512,512,NO_RECORDED_FACTOR_PRP_OR_LL_RESULT_AND_NO_ACTIVE_GIMPS_ASSIGNMENT,2026-08-09T09:12:31+00:00,UNALLOCATED,,,,,
SLCMP2607-3254,3254,3254,794160463,2^794160463-1,STRUCTURAL_SCREEN_EXHAUSTED_PRIMALITY_UNASSIGNED,GF3A_DIRECTIONAL_WRITE_EXHAUSTED_PRIMALITY_UNASSIGNED,514,512,512,NO_RECORDED_FACTOR_PRP_OR_LL_RESULT_AND_NO_ACTIVE_GIMPS_ASSIGNMENT,2026-08-09T09:12:31+00:00,UNALLOCATED,,,,,
SLCMP2607-3255,3255,3255,794160569,2^794160569-1,STRUCTURAL_SCREEN_EXHAUSTED_PRIMALITY_UNASSIGNED,GF3A_DIRECTIONAL_WRITE_EXHAUSTED_PRIMALITY_UNASSIGNED,513,512,512,NO_RECORDED_FACTOR_PRP_OR_LL_RESULT_AND_NO_ACTIVE_GIMPS_ASSIGNMENT,2026-08-09T09:12:31+00:00,UNALLOCATED,,,,,
SLCMP2607-3256,3256,3256,794160869,2^794160869-1,STRUCTURAL_SCREEN_EXHAUSTED_PRIMALITY_UNASSIGNED,GF3A_DIRECTIONAL_WRITE_EXHAUSTED_PRIMALITY_UNASSIGNED,513,512,512,NO_RECORDED_FACTOR_PRP_OR_LL_RESULT_AND_NO_ACTIVE_GIMPS_ASSIGNMENT,2026-08-09T09:12:31+00:00,UNALLOCATED,,,,,
SLCMP2607-3257,3257,3257,794160901,2^794160901-1,STRUCTURAL_SCREEN_EXHAUSTED_PRIMALITY_UNASSIGNED,GF3A_DIRECTIONAL_WRITE_EXHAUSTED_PRIMALITY_UNASSIGNED,513,512,512,NO_RECORDED_FACTOR_PRP_OR_LL_RESULT_AND_NO_ACTIVE_GIMPS_ASSIGNMENT,2026-08-09T09:12:31+00:00,UNALLOCATED,,,,,
SLCMP2607-3258,3258,3258,794160931,2^794160931-1,STRUCTURAL_SCREEN_EXHAUSTED_PRIMALITY_UNASSIGNED,GF3A_DIRECTIONAL_WRITE_EXHAUSTED_PRIMALITY_UNASSIGNED,514,512,512,NO_RECORDED_FACTOR_PRP_OR_LL_RESULT_AND_NO_ACTIVE_GIMPS_ASSIGNMENT,2026-08-09T09:12:31+00:00,UNALLOCATED,,,,,
SLCMP2607-3259,3259,3259,794160947,2^794160947-1,STRUCTURAL_SCREEN_EXHAUSTED_PRIMALITY_UNASSIGNED,GF3A_DIRECTIONAL_WRITE_EXHAUSTED_PRIMALITY_UNASSIGNED,514,512,512,NO_RECORDED_FACTOR_PRP_OR_LL_RESULT_AND_NO_ACTIVE_GIMPS_ASSIGNMENT,2026-08-09T09:12:31+00:00,UNALLOCATED,,,,,
SLCMP2607-3260,3260,3260,794160953,2^794160953-1,STRUCTURAL_SCREEN_EXHAUSTED_PRIMALITY_UNASSIGNED,GF3A_DIRECTIONAL_WRITE_EXHAUSTED_PRIMALITY_UNASSIGNED,513,512,512,NO_RECORDED_FACTOR_PRP_OR_LL_RESULT_AND_NO_ACTIVE_GIMPS_ASSIGNMENT,2026-08-09T09:12:31+00:00,UNALLOCATED,,,,,
SLCMP2607-3261,3261,3261,794161129,2^794161129-1,STRUCTURAL_SCREEN_EXHAUSTED_PRIMALITY_UNASSIGNED,GF3A_DIRECTIONAL_WRITE_EXHAUSTED_PRIMALITY_UNASSIGNED,513,512,512,NO_RECORDED_FACTOR_PRP_OR_LL_RESULT_AND_NO_ACTIVE_GIMPS_ASSIGNMENT,2026-08-09T09:12:31+00:00,UNALLOCATED,,,,,
SLCMP2607-3262,3262,3262,794161133,2^794161133-1,STRUCTURAL_SCREEN_EXHAUSTED_PRIMALITY_UNASSIGNED,GF3A_DIRECTIONAL_WRITE_EXHAUSTED_PRIMALITY_UNASSIGNED,513,512,512,NO_RECORDED_FACTOR_PRP_OR_LL_RESULT_AND_NO_ACTIVE_GIMPS_ASSIGNMENT,2026-08-09T09:12:31+00:00,UNALLOCATED,,,,,
SLCMP2607-3263,3263,3263,794161187,2^794161187-1,STRUCTURAL_SCREEN_EXHAUSTED_PRIMALITY_UNASSIGNED,GF3A_DIRECTIONAL_WRITE_EXHAUSTED_PRIMALITY_UNASSIGNED,514,512,512,NO_RECORDED_FACTOR_PRP_OR_LL_RESULT_AND_NO_ACTIVE_GIMPS_ASSIGNMENT,2026-08-09T09:12:31+00:00,UNALLOCATED,,,,,
SLCMP2607-3264,3264,3264,794161217,2^794161217-1,STRUCTURAL_SCREEN_EXHAUSTED_PRIMALITY_UNASSIGNED,GF3A_DIRECTIONAL_WRITE_EXHAUSTED_PRIMALITY_UNASSIGNED,513,512,512,NO_RECORDED_FACTOR_PRP_OR_LL_RESULT_AND_NO_ACTIVE_GIMPS_ASSIGNMENT,2026-08-09T09:12:31+00:00,UNALLOCATED,,,,,
SLCMP2607-3265,3265,3265,794161219,2^794161219-1,STRUCTURAL_SCREEN_EXHAUSTED_PRIMALITY_UNASSIGNED,GF3A_DIRECTIONAL_WRITE_EXHAUSTED_PRIMALITY_UNASSIGNED,514,512,512,NO_RECORDED_FACTOR_PRP_OR_LL_RESULT_AND_NO_ACTIVE_GIMPS_ASSIGNMENT,2026-08-09T09:12:31+00:00,UNALLOCATED,,,,,
SLCMP2607-3266,3266,3266,794161253,2^794161253-1,STRUCTURAL_SCREEN_EXHAUSTED_PRIMALITY_UNASSIGNED,GF3A_DIRECTIONAL_WRITE_EXHAUSTED_PRIMALITY_UNASSIGNED,513,512,512,NO_RECORDED_FACTOR_PRP_OR_LL_RESULT_AND_NO_ACTIVE_GIMPS_ASSIGNMENT,2026-08-09T09:12:31+00:00,UNALLOCATED,,,,,
SLCMP2607-3267,3267,3267,794161343,2^794161343-1,STRUCTURAL_SCREEN_EXHAUSTED_PRIMALITY_UNASSIGNED,GF3A_DIRECTIONAL_WRITE_EXHAUSTED_PRIMALITY_UNASSIGNED,514,512,512,NO_RECORDED_FACTOR_PRP_OR_LL_RESULT_AND_NO_ACTIVE_GIMPS_ASSIGNMENT,2026-08-09T09:12:31+00:00,UNALLOCATED,,,,,
SLCMP2607-3268,3268,3268,794161471,2^794161471-1,STRUCTURAL_SCREEN_EXHAUSTED_PRIMALITY_UNASSIGNED,GF3A_DIRECTIONAL_WRITE_EXHAUSTED_PRIMALITY_UNASSIGNED,514,512,512,NO_RECORDED_FACTOR_PRP_OR_LL_RESULT_AND_NO_ACTIVE_GIMPS_ASSIGNMENT,2026-08-09T09:12:31+00:00,UNALLOCATED,,,,,
SLCMP2607-3269,3269,3269,794161583,2^794161583-1,STRUCTURAL_SCREEN_EXHAUSTED_PRIMALITY_UNASSIGNED,GF3A_DIRECTIONAL_WRITE_EXHAUSTED_PRIMALITY_UNASSIGNED,514,512,512,NO_RECORDED_FACTOR_PRP_OR_LL_RESULT_AND_NO_ACTIVE_GIMPS_ASSIGNMENT,2026-08-09T09:12:31+00:00,UNALLOCATED,,,,,
SLCMP2607-3270,3270,3270,794161609,2^794161609-1,STRUCTURAL_SCREEN_EXHAUSTED_PRIMALITY_UNASSIGNED,GF3A_DIRECTIONAL_WRITE_EXHAUSTED_PRIMALITY_UNASSIGNED,513,512,512,NO_RECORDED_FACTOR_PRP_OR_LL_RESULT_AND_NO_ACTIVE_GIMPS_ASSIGNMENT,2026-08-09T09:12:31+00:00,UNALLOCATED,,,,,
SLCMP2607-3271,3271,3271,794161663,2^794161663-1,STRUCTURAL_SCREEN_EXHAUSTED_PRIMALITY_UNASSIGNED,GF3A_DIRECTIONAL_WRITE_EXHAUSTED_PRIMALITY_UNASSIGNED,514,512,512,NO_RECORDED_FACTOR_PRP_OR_LL_RESULT_AND_NO_ACTIVE_GIMPS_ASSIGNMENT,2026-08-09T09:12:31+00:00,UNALLOCATED,,,,,
SLCMP2607-3272,3272,3272,794161691,2^794161691-1,STRUCTURAL_SCREEN_EXHAUSTED_PRIMALITY_UNASSIGNED,GF3A_DIRECTIONAL_WRITE_EXHAUSTED_PRIMALITY_UNASSIGNED,514,512,512,NO_RECORDED_FACTOR_PRP_OR_LL_RESULT_AND_NO_ACTIVE_GIMPS_ASSIGNMENT,2026-08-09T09:12:31+00:00,UNALLOCATED,,,,,
SLCMP2607-3273,3273,3273,794161769,2^794161769-1,STRUCTURAL_SCREEN_EXHAUSTED_PRIMALITY_UNASSIGNED,GF3A_DIRECTIONAL_WRITE_EXHAUSTED_PRIMALITY_UNASSIGNED,513,512,512,NO_RECORDED_FACTOR_PRP_OR_LL_RESULT_AND_NO_ACTIVE_GIMPS_ASSIGNMENT,2026-08-09T09:12:31+00:00,UNALLOCATED,,,,,
SLCMP2607-3274,3274,3274,794161789,2^794161789-1,STRUCTURAL_SCREEN_EXHAUSTED_PRIMALITY_UNASSIGNED,GF3A_DIRECTIONAL_WRITE_EXHAUSTED_PRIMALITY_UNASSIGNED,513,512,512,NO_RECORDED_FACTOR_PRP_OR_LL_RESULT_AND_NO_ACTIVE_GIMPS_ASSIGNMENT,2026-08-09T09:12:31+00:00,UNALLOCATED,,,,,
SLCMP2607-3275,3275,3275,794161801,2^794161801-1,STRUCTURAL_SCREEN_EXHAUSTED_PRIMALITY_UNASSIGNED,GF3A_DIRECTIONAL_WRITE_EXHAUSTED_PRIMALITY_UNASSIGNED,513,512,512,NO_RECORDED_FACTOR_PRP_OR_LL_RESULT_AND_NO_ACTIVE_GIMPS_ASSIGNMENT,2026-08-09T09:12:31+00:00,UNALLOCATED,,,,,
SLCMP2607-3276,3276,3276,794161831,2^794161831-1,STRUCTURAL_SCREEN_EXHAUSTED_PRIMALITY_UNASSIGNED,GF3A_DIRECTIONAL_WRITE_EXHAUSTED_PRIMALITY_UNASSIGNED,514,512,512,NO_RECORDED_FACTOR_PRP_OR_LL_RESULT_AND_NO_ACTIVE_GIMPS_ASSIGNMENT,2026-08-09T09:12:31+00:00,UNALLOCATED,,,,,
SLCMP2607-3277,3277,3277,794161843,2^794161843-1,STRUCTURAL_SCREEN_EXHAUSTED_PRIMALITY_UNASSIGNED,GF3A_DIRECTIONAL_WRITE_EXHAUSTED_PRIMALITY_UNASSIGNED,514,512,512,NO_RECORDED_FACTOR_PRP_OR_LL_RESULT_AND_NO_ACTIVE_GIMPS_ASSIGNMENT,2026-08-09T09:12:31+00:00,UNALLOCATED,,,,,
SLCMP2607-3278,3278,3278,794161859,2^794161859-1,STRUCTURAL_SCREEN_EXHAUSTED_PRIMALITY_UNASSIGNED,GF3A_DIRECTIONAL_WRITE_EXHAUSTED_PRIMALITY_UNASSIGNED,514,512,512,NO_RECORDED_FACTOR_PRP_OR_LL_RESULT_AND_NO_ACTIVE_GIMPS_ASSIGNMENT,2026-08-09T09:12:31+00:00,UNALLOCATED,,,,,
SLCMP2607-3279,3279,3279,794161933,2^794161933-1,STRUCTURAL_SCREEN_EXHAUSTED_PRIMALITY_UNASSIGNED,GF3A_DIRECTIONAL_WRITE_EXHAUSTED_PRIMALITY_UNASSIGNED,513,512,512,NO_RECORDED_FACTOR_PRP_OR_LL_RESULT_AND_NO_ACTIVE_GIMPS_ASSIGNMENT,2026-08-09T09:12:31+00:00,UNALLOCATED,,,,,
SLCMP2607-3280,3280,3280,794161967,2^794161967-1,STRUCTURAL_SCREEN_EXHAUSTED_PRIMALITY_UNASSIGNED,GF3A_DIRECTIONAL_WRITE_EXHAUSTED_PRIMALITY_UNASSIGNED,514,512,512,NO_RECORDED_FACTOR_PRP_OR_LL_RESULT_AND_NO_ACTIVE_GIMPS_ASSIGNMENT,2026-08-09T09:12:31+00:00,UNALLOCATED,,,,,
SLCMP2607-3281,3281,3281,794162023,2^794162023-1,STRUCTURAL_SCREEN_EXHAUSTED_PRIMALITY_UNASSIGNED,GF3A_DIRECTIONAL_WRITE_EXHAUSTED_PRIMALITY_UNASSIGNED,514,512,512,NO_RECORDED_FACTOR_PRP_OR_LL_RESULT_AND_NO_ACTIVE_GIMPS_ASSIGNMENT,2026-08-09T09:12:31+00:00,UNALLOCATED,,,,,
SLCMP2607-3282,3282,3282,794162069,2^794162069-1,STRUCTURAL_SCREEN_EXHAUSTED_PRIMALITY_UNASSIGNED,GF3A_DIRECTIONAL_WRITE_EXHAUSTED_PRIMALITY_UNASSIGNED,513,512,512,NO_RECORDED_FACTOR_PRP_OR_LL_RESULT_AND_NO_ACTIVE_GIMPS_ASSIGNMENT,2026-08-09T09:12:31+00:00,UNALLOCATED,,,,,
SLCMP2607-3283,3283,3283,794162099,2^794162099-1,STRUCTURAL_SCREEN_EXHAUSTED_PRIMALITY_UNASSIGNED,GF3A_DIRECTIONAL_WRITE_EXHAUSTED_PRIMALITY_UNASSIGNED,514,512,512,NO_RECORDED_FACTOR_PRP_OR_LL_RESULT_AND_NO_ACTIVE_GIMPS_ASSIGNMENT,2026-08-09T09:12:31+00:00,UNALLOCATED,,,,,
SLCMP2607-3284,3284,3284,794162107,2^794162107-1,STRUCTURAL_SCREEN_EXHAUSTED_PRIMALITY_UNASSIGNED,GF3A_DIRECTIONAL_WRITE_EXHAUSTED_PRIMALITY_UNASSIGNED,514,512,512,NO_RECORDED_FACTOR_PRP_OR_LL_RESULT_AND_NO_ACTIVE_GIMPS_ASSIGNMENT,2026-08-09T09:12:31+00:00,UNALLOCATED,,,,,
SLCMP2607-3285,3285,3285,794162287,2^794162287-1,STRUCTURAL_SCREEN_EXHAUSTED_PRIMALITY_UNASSIGNED,GF3A_DIRECTIONAL_WRITE_EXHAUSTED_PRIMALITY_UNASSIGNED,514,512,512,NO_RECORDED_FACTOR_PRP_OR_LL_RESULT_AND_NO_ACTIVE_GIMPS_ASSIGNMENT,2026-08-09T09:12:31+00:00,UNALLOCATED,,,,,
SLCMP2607-3286,3286,3286,794162353,2^794162353-1,STRUCTURAL_SCREEN_EXHAUSTED_PRIMALITY_UNASSIGNED,GF3A_DIRECTIONAL_WRITE_EXHAUSTED_PRIMALITY_UNASSIGNED,513,512,512,NO_RECORDED_FACTOR_PRP_OR_LL_RESULT_AND_NO_ACTIVE_GIMPS_ASSIGNMENT,2026-08-09T09:12:31+00:00,UNALLOCATED,,,,,
SLCMP2607-3287,3287,3287,794162381,2^794162381-1,STRUCTURAL_SCREEN_EXHAUSTED_PRIMALITY_UNASSIGNED,GF3A_DIRECTIONAL_WRITE_EXHAUSTED_PRIMALITY_UNASSIGNED,513,512,512,NO_RECORDED_FACTOR_PRP_OR_LL_RESULT_AND_NO_ACTIVE_GIMPS_ASSIGNMENT,2026-08-09T09:12:31+00:00,UNALLOCATED,,,,,
SLCMP2607-3288,3288,3288,794162389,2^794162389-1,STRUCTURAL_SCREEN_EXHAUSTED_PRIMALITY_UNASSIGNED,GF3A_DIRECTIONAL_WRITE_EXHAUSTED_PRIMALITY_UNASSIGNED,513,512,512,NO_RECORDED_FACTOR_PRP_OR_LL_RESULT_AND_NO_ACTIVE_GIMPS_ASSIGNMENT,2026-08-09T09:12:31+00:00,UNALLOCATED,,,,,
SLCMP2607-3289,3289,3289,794162489,2^794162489-1,STRUCTURAL_SCREEN_EXHAUSTED_PRIMALITY_UNASSIGNED,GF3A_DIRECTIONAL_WRITE_EXHAUSTED_PRIMALITY_UNASSIGNED,513,512,512,NO_RECORDED_FACTOR_PRP_OR_LL_RESULT_AND_NO_ACTIVE_GIMPS_ASSIGNMENT,2026-08-09T09:12:31+00:00,UNALLOCATED,,,,,
SLCMP2607-3290,3290,3290,794162507,2^794162507-1,STRUCTURAL_SCREEN_EXHAUSTED_PRIMALITY_UNASSIGNED,GF3A_DIRECTIONAL_WRITE_EXHAUSTED_PRIMALITY_UNASSIGNED,514,512,512,NO_RECORDED_FACTOR_PRP_OR_LL_RESULT_AND_NO_ACTIVE_GIMPS_ASSIGNMENT,2026-08-09T09:12:31+00:00,UNALLOCATED,,,,,
SLCMP2607-3291,3291,3291,794162527,2^794162527-1,STRUCTURAL_SCREEN_EXHAUSTED_PRIMALITY_UNASSIGNED,GF3A_DIRECTIONAL_WRITE_EXHAUSTED_PRIMALITY_UNASSIGNED,514,512,512,NO_RECORDED_FACTOR_PRP_OR_LL_RESULT_AND_NO_ACTIVE_GIMPS_ASSIGNMENT,2026-08-09T09:12:31+00:00,UNALLOCATED,,,,,
SLCMP2607-3292,3292,3292,794162539,2^794162539-1,STRUCTURAL_SCREEN_EXHAUSTED_PRIMALITY_UNASSIGNED,GF3A_DIRECTIONAL_WRITE_EXHAUSTED_PRIMALITY_UNASSIGNED,514,512,512,NO_RECORDED_FACTOR_PRP_OR_LL_RESULT_AND_NO_ACTIVE_GIMPS_ASSIGNMENT,2026-08-09T09:12:31+00:00,UNALLOCATED,,,,,
SLCMP2607-3293,3293,3293,794162563,2^794162563-1,STRUCTURAL_SCREEN_EXHAUSTED_PRIMALITY_UNASSIGNED,GF3A_DIRECTIONAL_WRITE_EXHAUSTED_PRIMALITY_UNASSIGNED,514,512,512,NO_RECORDED_FACTOR_PRP_OR_LL_RESULT_AND_NO_ACTIVE_GIMPS_ASSIGNMENT,2026-08-09T09:12:31+00:00,UNALLOCATED,,,,,
SLCMP2607-3294,3294,3294,794162777,2^794162777-1,STRUCTURAL_SCREEN_EXHAUSTED_PRIMALITY_UNASSIGNED,GF3A_DIRECTIONAL_WRITE_EXHAUSTED_PRIMALITY_UNASSIGNED,513,512,512,NO_RECORDED_FACTOR_PRP_OR_LL_RESULT_AND_NO_ACTIVE_GIMPS_ASSIGNMENT,2026-08-09T09:12:31+00:00,UNALLOCATED,,,,,
SLCMP2607-3295,3295,3295,794162849,2^794162849-1,STRUCTURAL_SCREEN_EXHAUSTED_PRIMALITY_UNASSIGNED,GF3A_DIRECTIONAL_WRITE_EXHAUSTED_PRIMALITY_UNASSIGNED,513,512,512,NO_RECORDED_FACTOR_PRP_OR_LL_RESULT_AND_NO_ACTIVE_GIMPS_ASSIGNMENT,2026-08-09T09:12:31+00:00,UNALLOCATED,,,,,
SLCMP2607-3296,3296,3296,794162869,2^794162869-1,STRUCTURAL_SCREEN_EXHAUSTED_PRIMALITY_UNASSIGNED,GF3A_DIRECTIONAL_WRITE_EXHAUSTED_PRIMALITY_UNASSIGNED,513,512,512,NO_RECORDED_FACTOR_PRP_OR_LL_RESULT_AND_NO_ACTIVE_GIMPS_ASSIGNMENT,2026-08-09T09:12:31+00:00,UNALLOCATED,,,,,
SLCMP2607-3297,3297,3297,794162909,2^794162909-1,STRUCTURAL_SCREEN_EXHAUSTED_PRIMALITY_UNASSIGNED,GF3A_DIRECTIONAL_WRITE_EXHAUSTED_PRIMALITY_UNASSIGNED,513,512,512,NO_RECORDED_FACTOR_PRP_OR_LL_RESULT_AND_NO_ACTIVE_GIMPS_ASSIGNMENT,2026-08-09T09:12:31+00:00,UNALLOCATED,,,,,
SLCMP2607-3298,3298,3298,794162917,2^794162917-1,STRUCTURAL_SCREEN_EXHAUSTED_PRIMALITY_UNASSIGNED,GF3A_DIRECTIONAL_WRITE_EXHAUSTED_PRIMALITY_UNASSIGNED,513,512,512,NO_RECORDED_FACTOR_PRP_OR_LL_RESULT_AND_NO_ACTIVE_GIMPS_ASSIGNMENT,2026-08-09T09:12:31+00:00,UNALLOCATED,,,,,
SLCMP2607-3299,3299,3299,794162923,2^794162923-1,STRUCTURAL_SCREEN_EXHAUSTED_PRIMALITY_UNASSIGNED,GF3A_DIRECTIONAL_WRITE_EXHAUSTED_PRIMALITY_UNASSIGNED,514,512,512,NO_RECORDED_FACTOR_PRP_OR_LL_RESULT_AND_NO_ACTIVE_GIMPS_ASSIGNMENT,2026-08-09T09:12:31+00:00,UNALLOCATED,,,,,
SLCMP2607-3300,3300,3300,794163011,2^794163011-1,STRUCTURAL_SCREEN_EXHAUSTED_PRIMALITY_UNASSIGNED,GF3A_DIRECTIONAL_WRITE_EXHAUSTED_PRIMALITY_UNASSIGNED,514,512,512,NO_RECORDED_FACTOR_PRP_OR_LL_RESULT_AND_NO_ACTIVE_GIMPS_ASSIGNMENT,2026-08-09T09:12:31+00:00,UNALLOCATED,,,,,
SLCMP2607-3301,3301,3301,794163047,2^794163047-1,STRUCTURAL_SCREEN_EXHAUSTED_PRIMALITY_UNASSIGNED,GF3A_DIRECTIONAL_WRITE_EXHAUSTED_PRIMALITY_UNASSIGNED,514,512,512,NO_RECORDED_FACTOR_PRP_OR_LL_RESULT_AND_NO_ACTIVE_GIMPS_ASSIGNMENT,2026-08-09T09:12:31+00:00,UNALLOCATED,,,,,
SLCMP2607-3302,3302,3302,794163133,2^794163133-1,STRUCTURAL_SCREEN_EXHAUSTED_PRIMALITY_UNASSIGNED,GF3A_DIRECTIONAL_WRITE_EXHAUSTED_PRIMALITY_UNASSIGNED,513,512,512,NO_RECORDED_FACTOR_PRP_OR_LL_RESULT_AND_NO_ACTIVE_GIMPS_ASSIGNMENT,2026-08-09T09:12:31+00:00,UNALLOCATED,,,,,
SLCMP2607-3303,3303,3303,794163137,2^794163137-1,STRUCTURAL_SCREEN_EXHAUSTED_PRIMALITY_UNASSIGNED,GF3A_DIRECTIONAL_WRITE_EXHAUSTED_PRIMALITY_UNASSIGNED,513,512,512,NO_RECORDED_FACTOR_PRP_OR_LL_RESULT_AND_NO_ACTIVE_GIMPS_ASSIGNMENT,2026-08-09T09:12:31+00:00,UNALLOCATED,,,,,
SLCMP2607-3304,3304,3304,794163233,2^794163233-1,STRUCTURAL_SCREEN_EXHAUSTED_PRIMALITY_UNASSIGNED,GF3A_DIRECTIONAL_WRITE_EXHAUSTED_PRIMALITY_UNASSIGNED,513,512,512,NO_RECORDED_FACTOR_PRP_OR_LL_RESULT_AND_NO_ACTIVE_GIMPS_ASSIGNMENT,2026-08-09T09:12:31+00:00,UNALLOCATED,,,,,
SLCMP2607-3305,3305,3305,794163367,2^794163367-1,STRUCTURAL_SCREEN_EXHAUSTED_PRIMALITY_UNASSIGNED,GF3A_DIRECTIONAL_WRITE_EXHAUSTED_PRIMALITY_UNASSIGNED,514,512,512,NO_RECORDED_FACTOR_PRP_OR_LL_RESULT_AND_NO_ACTIVE_GIMPS_ASSIGNMENT,2026-08-09T09:12:31+00:00,UNALLOCATED,,,,,
SLCMP2607-3306,3306,3306,794163439,2^794163439-1,STRUCTURAL_SCREEN_EXHAUSTED_PRIMALITY_UNASSIGNED,GF3A_DIRECTIONAL_WRITE_EXHAUSTED_PRIMALITY_UNASSIGNED,514,512,512,NO_RECORDED_FACTOR_PRP_OR_LL_RESULT_AND_NO_ACTIVE_GIMPS_ASSIGNMENT,2026-08-09T09:12:31+00:00,UNALLOCATED,,,,,
SLCMP2607-3307,3307,3307,794163553,2^794163553-1,STRUCTURAL_SCREEN_EXHAUSTED_PRIMALITY_UNASSIGNED,GF3A_DIRECTIONAL_WRITE_EXHAUSTED_PRIMALITY_UNASSIGNED,513,512,512,NO_RECORDED_FACTOR_PRP_OR_LL_RESULT_AND_NO_ACTIVE_GIMPS_ASSIGNMENT,2026-08-09T09:12:31+00:00,UNALLOCATED,,,,,
SLCMP2607-3308,3308,3308,794163583,2^794163583-1,STRUCTURAL_SCREEN_EXHAUSTED_PRIMALITY_UNASSIGNED,GF3A_DIRECTIONAL_WRITE_EXHAUSTED_PRIMALITY_UNASSIGNED,514,512,512,NO_RECORDED_FACTOR_PRP_OR_LL_RESULT_AND_NO_ACTIVE_GIMPS_ASSIGNMENT,2026-08-09T09:12:31+00:00,UNALLOCATED,,,,,
SLCMP2607-3309,3309,3309,794163631,2^794163631-1,STRUCTURAL_SCREEN_EXHAUSTED_PRIMALITY_UNASSIGNED,GF3A_DIRECTIONAL_WRITE_EXHAUSTED_PRIMALITY_UNASSIGNED,514,512,512,NO_RECORDED_FACTOR_PRP_OR_LL_RESULT_AND_NO_ACTIVE_GIMPS_ASSIGNMENT,2026-08-09T09:12:31+00:00,UNALLOCATED,,,,,
SLCMP2607-3310,3310,3310,794163703,2^794163703-1,STRUCTURAL_SCREEN_EXHAUSTED_PRIMALITY_UNASSIGNED,GF3A_DIRECTIONAL_WRITE_EXHAUSTED_PRIMALITY_UNASSIGNED,514,512,512,NO_RECORDED_FACTOR_PRP_OR_LL_RESULT_AND_NO_ACTIVE_GIMPS_ASSIGNMENT,2026-08-09T09:12:31+00:00,UNALLOCATED,,,,,
SLCMP2607-3311,3311,3311,794163761,2^794163761-1,STRUCTURAL_SCREEN_EXHAUSTED_PRIMALITY_UNASSIGNED,GF3A_DIRECTIONAL_WRITE_EXHAUSTED_PRIMALITY_UNASSIGNED,513,512,512,NO_RECORDED_FACTOR_PRP_OR_LL_RESULT_AND_NO_ACTIVE_GIMPS_ASSIGNMENT,2026-08-09T09:12:31+00:00,UNALLOCATED,,,,,
SLCMP2607-3312,3312,3312,794163763,2^794163763-1,STRUCTURAL_SCREEN_EXHAUSTED_PRIMALITY_UNASSIGNED,GF3A_DIRECTIONAL_WRITE_EXHAUSTED_PRIMALITY_UNASSIGNED,514,512,512,NO_RECORDED_FACTOR_PRP_OR_LL_RESULT_AND_NO_ACTIVE_GIMPS_ASSIGNMENT,2026-08-09T09:12:31+00:00,UNALLOCATED,,,,,
SLCMP2607-3313,3313,3313,794163793,2^794163793-1,STRUCTURAL_SCREEN_EXHAUSTED_PRIMALITY_UNASSIGNED,GF3A_DIRECTIONAL_WRITE_EXHAUSTED_PRIMALITY_UNASSIGNED,513,512,512,NO_RECORDED_FACTOR_PRP_OR_LL_RESULT_AND_NO_ACTIVE_GIMPS_ASSIGNMENT,2026-08-09T09:12:31+00:00,UNALLOCATED,,,,,
SLCMP2607-3314,3314,3314,794163899,2^794163899-1,STRUCTURAL_SCREEN_EXHAUSTED_PRIMALITY_UNASSIGNED,GF3A_DIRECTIONAL_WRITE_EXHAUSTED_PRIMALITY_UNASSIGNED,514,512,512,NO_RECORDED_FACTOR_PRP_OR_LL_RESULT_AND_NO_ACTIVE_GIMPS_ASSIGNMENT,2026-08-09T09:12:31+00:00,UNALLOCATED,,,,,
SLCMP2607-3315,3315,3315,794163907,2^794163907-1,STRUCTURAL_SCREEN_EXHAUSTED_PRIMALITY_UNASSIGNED,GF3A_DIRECTIONAL_WRITE_EXHAUSTED_PRIMALITY_UNASSIGNED,514,512,512,NO_RECORDED_FACTOR_PRP_OR_LL_RESULT_AND_NO_ACTIVE_GIMPS_ASSIGNMENT,2026-08-09T09:12:31+00:00,UNALLOCATED,,,,,
SLCMP2607-3316,3316,3316,794163911,2^794163911-1,STRUCTURAL_SCREEN_EXHAUSTED_PRIMALITY_UNASSIGNED,GF3A_DIRECTIONAL_WRITE_EXHAUSTED_PRIMALITY_UNASSIGNED,514,512,512,NO_RECORDED_FACTOR_PRP_OR_LL_RESULT_AND_NO_ACTIVE_GIMPS_ASSIGNMENT,2026-08-09T09:12:31+00:00,UNALLOCATED,,,,,
SLCMP2607-3317,3317,3317,794163913,2^794163913-1,STRUCTURAL_SCREEN_EXHAUSTED_PRIMALITY_UNASSIGNED,GF3A_DIRECTIONAL_WRITE_EXHAUSTED_PRIMALITY_UNASSIGNED,513,512,512,NO_RECORDED_FACTOR_PRP_OR_LL_RESULT_AND_NO_ACTIVE_GIMPS_ASSIGNMENT,2026-08-09T09:12:31+00:00,UNALLOCATED,,,,,
SLCMP2607-3318,3318,3318,794164069,2^794164069-1,STRUCTURAL_SCREEN_EXHAUSTED_PRIMALITY_UNASSIGNED,GF3A_DIRECTIONAL_WRITE_EXHAUSTED_PRIMALITY_UNASSIGNED,513,512,512,NO_RECORDED_FACTOR_PRP_OR_LL_RESULT_AND_NO_ACTIVE_GIMPS_ASSIGNMENT,2026-08-09T09:12:31+00:00,UNALLOCATED,,,,,
SLCMP2607-3319,3319,3319,794164097,2^794164097-1,STRUCTURAL_SCREEN_EXHAUSTED_PRIMALITY_UNASSIGNED,GF3A_DIRECTIONAL_WRITE_EXHAUSTED_PRIMALITY_UNASSIGNED,513,512,512,NO_RECORDED_FACTOR_PRP_OR_LL_RESULT_AND_NO_ACTIVE_GIMPS_ASSIGNMENT,2026-08-09T09:12:31+00:00,UNALLOCATED,,,,,
SLCMP2607-3320,3320,3320,794164157,2^794164157-1,STRUCTURAL_SCREEN_EXHAUSTED_PRIMALITY_UNASSIGNED,GF3A_DIRECTIONAL_WRITE_EXHAUSTED_PRIMALITY_UNASSIGNED,513,512,512,NO_RECORDED_FACTOR_PRP_OR_LL_RESULT_AND_NO_ACTIVE_GIMPS_ASSIGNMENT,2026-08-09T09:12:31+00:00,UNALLOCATED,,,,,
SLCMP2607-3321,3321,3321,794164207,2^794164207-1,STRUCTURAL_SCREEN_EXHAUSTED_PRIMALITY_UNASSIGNED,GF3A_DIRECTIONAL_WRITE_EXHAUSTED_PRIMALITY_UNASSIGNED,514,512,512,NO_RECORDED_FACTOR_PRP_OR_LL_RESULT_AND_NO_ACTIVE_GIMPS_ASSIGNMENT,2026-08-09T09:12:31+00:00,UNALLOCATED,,,,,
SLCMP2607-3322,3322,3322,794164211,2^794164211-1,STRUCTURAL_SCREEN_EXHAUSTED_PRIMALITY_UNASSIGNED,GF3A_DIRECTIONAL_WRITE_EXHAUSTED_PRIMALITY_UNASSIGNED,514,512,512,NO_RECORDED_FACTOR_PRP_OR_LL_RESULT_AND_NO_ACTIVE_GIMPS_ASSIGNMENT,2026-08-09T09:12:31+00:00,UNALLOCATED,,,,,
SLCMP2607-3323,3323,3323,794164237,2^794164237-1,STRUCTURAL_SCREEN_EXHAUSTED_PRIMALITY_UNASSIGNED,GF3A_DIRECTIONAL_WRITE_EXHAUSTED_PRIMALITY_UNASSIGNED,513,512,512,NO_RECORDED_FACTOR_PRP_OR_LL_RESULT_AND_NO_ACTIVE_GIMPS_ASSIGNMENT,2026-08-09T09:12:31+00:00,UNALLOCATED,,,,,
SLCMP2607-3324,3324,3324,794164321,2^794164321-1,STRUCTURAL_SCREEN_EXHAUSTED_PRIMALITY_UNASSIGNED,GF3A_DIRECTIONAL_WRITE_EXHAUSTED_PRIMALITY_UNASSIGNED,513,512,512,NO_RECORDED_FACTOR_PRP_OR_LL_RESULT_AND_NO_ACTIVE_GIMPS_ASSIGNMENT,2026-08-09T09:12:31+00:00,UNALLOCATED,,,,,
SLCMP2607-3325,3325,3325,794164381,2^794164381-1,STRUCTURAL_SCREEN_EXHAUSTED_PRIMALITY_UNASSIGNED,GF3A_DIRECTIONAL_WRITE_EXHAUSTED_PRIMALITY_UNASSIGNED,513,512,512,NO_RECORDED_FACTOR_PRP_OR_LL_RESULT_AND_NO_ACTIVE_GIMPS_ASSIGNMENT,2026-08-09T09:12:31+00:00,UNALLOCATED,,,,,
SLCMP2607-3326,3326,3326,794164421,2^794164421-1,STRUCTURAL_SCREEN_EXHAUSTED_PRIMALITY_UNASSIGNED,GF3A_DIRECTIONAL_WRITE_EXHAUSTED_PRIMALITY_UNASSIGNED,513,512,512,NO_RECORDED_FACTOR_PRP_OR_LL_RESULT_AND_NO_ACTIVE_GIMPS_ASSIGNMENT,2026-08-09T09:12:31+00:00,UNALLOCATED,,,,,
SLCMP2607-3327,3327,3327,794164433,2^794164433-1,STRUCTURAL_SCREEN_EXHAUSTED_PRIMALITY_UNASSIGNED,GF3A_DIRECTIONAL_WRITE_EXHAUSTED_PRIMALITY_UNASSIGNED,513,512,512,NO_RECORDED_FACTOR_PRP_OR_LL_RESULT_AND_NO_ACTIVE_GIMPS_ASSIGNMENT,2026-08-09T09:12:31+00:00,UNALLOCATED,,,,,
SLCMP2607-3328,3328,3328,794164471,2^794164471-1,STRUCTURAL_SCREEN_EXHAUSTED_PRIMALITY_UNASSIGNED,GF3A_DIRECTIONAL_WRITE_EXHAUSTED_PRIMALITY_UNASSIGNED,514,512,512,NO_RECORDED_FACTOR_PRP_OR_LL_RESULT_AND_NO_ACTIVE_GIMPS_ASSIGNMENT,2026-08-09T09:12:31+00:00,UNALLOCATED,,,,,
SLCMP2607-3329,3329,3329,794164597,2^794164597-1,STRUCTURAL_SCREEN_EXHAUSTED_PRIMALITY_UNASSIGNED,GF3A_DIRECTIONAL_WRITE_EXHAUSTED_PRIMALITY_UNASSIGNED,513,512,512,NO_RECORDED_FACTOR_PRP_OR_LL_RESULT_AND_NO_ACTIVE_GIMPS_ASSIGNMENT,2026-08-09T09:12:31+00:00,UNALLOCATED,,,,,
SLCMP2607-3330,3330,3330,794164691,2^794164691-1,STRUCTURAL_SCREEN_EXHAUSTED_PRIMALITY_UNASSIGNED,GF3A_DIRECTIONAL_WRITE_EXHAUSTED_PRIMALITY_UNASSIGNED,514,512,512,NO_RECORDED_FACTOR_PRP_OR_LL_RESULT_AND_NO_ACTIVE_GIMPS_ASSIGNMENT,2026-08-09T09:12:31+00:00,UNALLOCATED,,,,,
SLCMP2607-3331,3331,3331,794164703,2^794164703-1,STRUCTURAL_SCREEN_EXHAUSTED_PRIMALITY_UNASSIGNED,GF3A_DIRECTIONAL_WRITE_EXHAUSTED_PRIMALITY_UNASSIGNED,514,512,512,NO_RECORDED_FACTOR_PRP_OR_LL_RESULT_AND_NO_ACTIVE_GIMPS_ASSIGNMENT,2026-08-09T09:12:31+00:00,UNALLOCATED,,,,,
SLCMP2607-3332,3332,3332,794164873,2^794164873-1,STRUCTURAL_SCREEN_EXHAUSTED_PRIMALITY_UNASSIGNED,GF3A_DIRECTIONAL_WRITE_EXHAUSTED_PRIMALITY_UNASSIGNED,513,512,512,NO_RECORDED_FACTOR_PRP_OR_LL_RESULT_AND_NO_ACTIVE_GIMPS_ASSIGNMENT,2026-08-09T09:12:31+00:00,UNALLOCATED,,,,,
SLCMP2607-3333,3333,3333,794165143,2^794165143-1,STRUCTURAL_SCREEN_EXHAUSTED_PRIMALITY_UNASSIGNED,GF3A_DIRECTIONAL_WRITE_EXHAUSTED_PRIMALITY_UNASSIGNED,514,512,512,NO_RECORDED_FACTOR_PRP_OR_LL_RESULT_AND_NO_ACTIVE_GIMPS_ASSIGNMENT,2026-08-09T09:12:31+00:00,UNALLOCATED,,,,,
SLCMP2607-3334,3334,3334,794165147,2^794165147-1,STRUCTURAL_SCREEN_EXHAUSTED_PRIMALITY_UNASSIGNED,GF3A_DIRECTIONAL_WRITE_EXHAUSTED_PRIMALITY_UNASSIGNED,514,512,512,NO_RECORDED_FACTOR_PRP_OR_LL_RESULT_AND_NO_ACTIVE_GIMPS_ASSIGNMENT,2026-08-09T09:12:31+00:00,UNALLOCATED,,,,,
SLCMP2607-3335,3335,3335,794165263,2^794165263-1,STRUCTURAL_SCREEN_EXHAUSTED_PRIMALITY_UNASSIGNED,GF3A_DIRECTIONAL_WRITE_EXHAUSTED_PRIMALITY_UNASSIGNED,514,512,512,NO_RECORDED_FACTOR_PRP_OR_LL_RESULT_AND_NO_ACTIVE_GIMPS_ASSIGNMENT,2026-08-09T09:12:31+00:00,UNALLOCATED,,,,,
SLCMP2607-3336,3336,3336,794165293,2^794165293-1,STRUCTURAL_SCREEN_EXHAUSTED_PRIMALITY_UNASSIGNED,GF3A_DIRECTIONAL_WRITE_EXHAUSTED_PRIMALITY_UNASSIGNED,513,512,512,NO_RECORDED_FACTOR_PRP_OR_LL_RESULT_AND_NO_ACTIVE_GIMPS_ASSIGNMENT,2026-08-09T09:12:31+00:00,UNALLOCATED,,,,,
SLCMP2607-3337,3337,3337,794165357,2^794165357-1,STRUCTURAL_SCREEN_EXHAUSTED_PRIMALITY_UNASSIGNED,GF3A_DIRECTIONAL_WRITE_EXHAUSTED_PRIMALITY_UNASSIGNED,513,512,512,NO_RECORDED_FACTOR_PRP_OR_LL_RESULT_AND_NO_ACTIVE_GIMPS_ASSIGNMENT,2026-08-09T09:12:31+00:00,UNALLOCATED,,,,,
SLCMP2607-3338,3338,3338,794165441,2^794165441-1,STRUCTURAL_SCREEN_EXHAUSTED_PRIMALITY_UNASSIGNED,GF3A_DIRECTIONAL_WRITE_EXHAUSTED_PRIMALITY_UNASSIGNED,513,512,512,NO_RECORDED_FACTOR_PRP_OR_LL_RESULT_AND_NO_ACTIVE_GIMPS_ASSIGNMENT,2026-08-09T09:12:31+00:00,UNALLOCATED,,,,,
SLCMP2607-3339,3339,3339,794165473,2^794165473-1,STRUCTURAL_SCREEN_EXHAUSTED_PRIMALITY_UNASSIGNED,GF3A_DIRECTIONAL_WRITE_EXHAUSTED_PRIMALITY_UNASSIGNED,513,512,512,NO_RECORDED_FACTOR_PRP_OR_LL_RESULT_AND_NO_ACTIVE_GIMPS_ASSIGNMENT,2026-08-09T09:12:31+00:00,UNALLOCATED,,,,,
SLCMP2607-3340,3340,3340,794165641,2^794165641-1,STRUCTURAL_SCREEN_EXHAUSTED_PRIMALITY_UNASSIGNED,GF3A_DIRECTIONAL_WRITE_EXHAUSTED_PRIMALITY_UNASSIGNED,513,512,512,NO_RECORDED_FACTOR_PRP_OR_LL_RESULT_AND_NO_ACTIVE_GIMPS_ASSIGNMENT,2026-08-09T09:12:31+00:00,UNALLOCATED,,,,,
SLCMP2607-3341,3341,3341,794165683,2^794165683-1,STRUCTURAL_SCREEN_EXHAUSTED_PRIMALITY_UNASSIGNED,GF3A_DIRECTIONAL_WRITE_EXHAUSTED_PRIMALITY_UNASSIGNED,514,512,512,NO_RECORDED_FACTOR_PRP_OR_LL_RESULT_AND_NO_ACTIVE_GIMPS_ASSIGNMENT,2026-08-09T09:12:31+00:00,UNALLOCATED,,,,,
SLCMP2607-3342,3342,3342,794165773,2^794165773-1,STRUCTURAL_SCREEN_EXHAUSTED_PRIMALITY_UNASSIGNED,GF3A_DIRECTIONAL_WRITE_EXHAUSTED_PRIMALITY_UNASSIGNED,513,512,512,NO_RECORDED_FACTOR_PRP_OR_LL_RESULT_AND_NO_ACTIVE_GIMPS_ASSIGNMENT,2026-08-09T09:12:31+00:00,UNALLOCATED,,,,,
SLCMP2607-3343,3343,3343,794165791,2^794165791-1,STRUCTURAL_SCREEN_EXHAUSTED_PRIMALITY_UNASSIGNED,GF3A_DIRECTIONAL_WRITE_EXHAUSTED_PRIMALITY_UNASSIGNED,514,512,512,NO_RECORDED_FACTOR_PRP_OR_LL_RESULT_AND_NO_ACTIVE_GIMPS_ASSIGNMENT,2026-08-09T09:12:31+00:00,UNALLOCATED,,,,,
SLCMP2607-3344,3344,3344,794165831,2^794165831-1,STRUCTURAL_SCREEN_EXHAUSTED_PRIMALITY_UNASSIGNED,GF3A_DIRECTIONAL_WRITE_EXHAUSTED_PRIMALITY_UNASSIGNED,514,512,512,NO_RECORDED_FACTOR_PRP_OR_LL_RESULT_AND_NO_ACTIVE_GIMPS_ASSIGNMENT,2026-08-09T09:12:31+00:00,UNALLOCATED,,,,,
SLCMP2607-3345,3345,3345,794165851,2^794165851-1,STRUCTURAL_SCREEN_EXHAUSTED_PRIMALITY_UNASSIGNED,GF3A_DIRECTIONAL_WRITE_EXHAUSTED_PRIMALITY_UNASSIGNED,514,512,512,NO_RECORDED_FACTOR_PRP_OR_LL_RESULT_AND_NO_ACTIVE_GIMPS_ASSIGNMENT,2026-08-09T09:12:31+00:00,UNALLOCATED,,,,,
SLCMP2607-3346,3346,3346,794165887,2^794165887-1,STRUCTURAL_SCREEN_EXHAUSTED_PRIMALITY_UNASSIGNED,GF3A_DIRECTIONAL_WRITE_EXHAUSTED_PRIMALITY_UNASSIGNED,514,512,512,NO_RECORDED_FACTOR_PRP_OR_LL_RESULT_AND_NO_ACTIVE_GIMPS_ASSIGNMENT,2026-08-09T09:12:31+00:00,UNALLOCATED,,,,,
SLCMP2607-3347,3347,3347,794165959,2^794165959-1,STRUCTURAL_SCREEN_EXHAUSTED_PRIMALITY_UNASSIGNED,GF3A_DIRECTIONAL_WRITE_EXHAUSTED_PRIMALITY_UNASSIGNED,514,512,512,NO_RECORDED_FACTOR_PRP_OR_LL_RESULT_AND_NO_ACTIVE_GIMPS_ASSIGNMENT,2026-08-09T09:12:31+00:00,UNALLOCATED,,,,,
SLCMP2607-3348,3348,3348,794165963,2^794165963-1,STRUCTURAL_SCREEN_EXHAUSTED_PRIMALITY_UNASSIGNED,GF3A_DIRECTIONAL_WRITE_EXHAUSTED_PRIMALITY_UNASSIGNED,514,512,512,NO_RECORDED_FACTOR_PRP_OR_LL_RESULT_AND_NO_ACTIVE_GIMPS_ASSIGNMENT,2026-08-09T09:12:31+00:00,UNALLOCATED,,,,,
SLCMP2607-3349,3349,3349,794165969,2^794165969-1,STRUCTURAL_SCREEN_EXHAUSTED_PRIMALITY_UNASSIGNED,GF3A_DIRECTIONAL_WRITE_EXHAUSTED_PRIMALITY_UNASSIGNED,513,512,512,NO_RECORDED_FACTOR_PRP_OR_LL_RESULT_AND_NO_ACTIVE_GIMPS_ASSIGNMENT,2026-08-09T09:12:31+00:00,UNALLOCATED,,,,,
SLCMP2607-3350,3350,3350,794165987,2^794165987-1,STRUCTURAL_SCREEN_EXHAUSTED_PRIMALITY_UNASSIGNED,GF3A_DIRECTIONAL_WRITE_EXHAUSTED_PRIMALITY_UNASSIGNED,514,512,512,NO_RECORDED_FACTOR_PRP_OR_LL_RESULT_AND_NO_ACTIVE_GIMPS_ASSIGNMENT,2026-08-09T09:12:31+00:00,UNALLOCATED,,,,,
SLCMP2607-3351,3351,3351,794165993,2^794165993-1,STRUCTURAL_SCREEN_EXHAUSTED_PRIMALITY_UNASSIGNED,GF3A_DIRECTIONAL_WRITE_EXHAUSTED_PRIMALITY_UNASSIGNED,513,512,512,NO_RECORDED_FACTOR_PRP_OR_LL_RESULT_AND_NO_ACTIVE_GIMPS_ASSIGNMENT,2026-08-09T09:12:31+00:00,UNALLOCATED,,,,,
SLCMP2607-3352,3352,3352,794166059,2^794166059-1,STRUCTURAL_SCREEN_EXHAUSTED_PRIMALITY_UNASSIGNED,GF3A_DIRECTIONAL_WRITE_EXHAUSTED_PRIMALITY_UNASSIGNED,514,512,512,NO_RECORDED_FACTOR_PRP_OR_LL_RESULT_AND_NO_ACTIVE_GIMPS_ASSIGNMENT,2026-08-09T09:12:31+00:00,UNALLOCATED,,,,,
SLCMP2607-3353,3353,3353,794166143,2^794166143-1,STRUCTURAL_SCREEN_EXHAUSTED_PRIMALITY_UNASSIGNED,GF3A_DIRECTIONAL_WRITE_EXHAUSTED_PRIMALITY_UNASSIGNED,514,512,512,NO_RECORDED_FACTOR_PRP_OR_LL_RESULT_AND_NO_ACTIVE_GIMPS_ASSIGNMENT,2026-08-09T09:12:31+00:00,UNALLOCATED,,,,,
SLCMP2607-3354,3354,3354,794166323,2^794166323-1,STRUCTURAL_SCREEN_EXHAUSTED_PRIMALITY_UNASSIGNED,GF3A_DIRECTIONAL_WRITE_EXHAUSTED_PRIMALITY_UNASSIGNED,514,512,512,NO_RECORDED_FACTOR_PRP_OR_LL_RESULT_AND_NO_ACTIVE_GIMPS_ASSIGNMENT,2026-08-09T09:12:31+00:00,UNALLOCATED,,,,,
SLCMP2607-3355,3355,3355,794166341,2^794166341-1,STRUCTURAL_SCREEN_EXHAUSTED_PRIMALITY_UNASSIGNED,GF3A_DIRECTIONAL_WRITE_EXHAUSTED_PRIMALITY_UNASSIGNED,513,512,512,NO_RECORDED_FACTOR_PRP_OR_LL_RESULT_AND_NO_ACTIVE_GIMPS_ASSIGNMENT,2026-08-09T09:12:31+00:00,UNALLOCATED,,,,,
SLCMP2607-3356,3356,3356,794166383,2^794166383-1,STRUCTURAL_SCREEN_EXHAUSTED_PRIMALITY_UNASSIGNED,GF3A_DIRECTIONAL_WRITE_EXHAUSTED_PRIMALITY_UNASSIGNED,514,512,512,NO_RECORDED_FACTOR_PRP_OR_LL_RESULT_AND_NO_ACTIVE_GIMPS_ASSIGNMENT,2026-08-09T09:12:31+00:00,UNALLOCATED,,,,,
SLCMP2607-3357,3357,3357,794166413,2^794166413-1,STRUCTURAL_SCREEN_EXHAUSTED_PRIMALITY_UNASSIGNED,GF3A_DIRECTIONAL_WRITE_EXHAUSTED_PRIMALITY_UNASSIGNED,513,512,512,NO_RECORDED_FACTOR_PRP_OR_LL_RESULT_AND_NO_ACTIVE_GIMPS_ASSIGNMENT,2026-08-09T09:12:31+00:00,UNALLOCATED,,,,,
SLCMP2607-3358,3358,3358,794166419,2^794166419-1,STRUCTURAL_SCREEN_EXHAUSTED_PRIMALITY_UNASSIGNED,GF3A_DIRECTIONAL_WRITE_EXHAUSTED_PRIMALITY_UNASSIGNED,514,512,512,NO_RECORDED_FACTOR_PRP_OR_LL_RESULT_AND_NO_ACTIVE_GIMPS_ASSIGNMENT,2026-08-09T09:12:31+00:00,UNALLOCATED,,,,,
SLCMP2607-3359,3359,3359,794166431,2^794166431-1,STRUCTURAL_SCREEN_EXHAUSTED_PRIMALITY_UNASSIGNED,GF3A_DIRECTIONAL_WRITE_EXHAUSTED_PRIMALITY_UNASSIGNED,514,512,512,NO_RECORDED_FACTOR_PRP_OR_LL_RESULT_AND_NO_ACTIVE_GIMPS_ASSIGNMENT,2026-08-09T09:12:31+00:00,UNALLOCATED,,,,,
SLCMP2607-3360,3360,3360,794166467,2^794166467-1,STRUCTURAL_SCREEN_EXHAUSTED_PRIMALITY_UNASSIGNED,GF3A_DIRECTIONAL_WRITE_EXHAUSTED_PRIMALITY_UNASSIGNED,514,512,512,NO_RECORDED_FACTOR_PRP_OR_LL_RESULT_AND_NO_ACTIVE_GIMPS_ASSIGNMENT,2026-08-09T09:12:31+00:00,UNALLOCATED,,,,,
SLCMP2607-3361,3361,3361,794166487,2^794166487-1,STRUCTURAL_SCREEN_EXHAUSTED_PRIMALITY_UNASSIGNED,GF3A_DIRECTIONAL_WRITE_EXHAUSTED_PRIMALITY_UNASSIGNED,514,512,512,NO_RECORDED_FACTOR_PRP_OR_LL_RESULT_AND_NO_ACTIVE_GIMPS_ASSIGNMENT,2026-08-09T09:12:31+00:00,UNALLOCATED,,,,,
SLCMP2607-3362,3362,3362,794166547,2^794166547-1,STRUCTURAL_SCREEN_EXHAUSTED_PRIMALITY_UNASSIGNED,GF3A_DIRECTIONAL_WRITE_EXHAUSTED_PRIMALITY_UNASSIGNED,514,512,512,NO_RECORDED_FACTOR_PRP_OR_LL_RESULT_AND_NO_ACTIVE_GIMPS_ASSIGNMENT,2026-08-09T09:12:31+00:00,UNALLOCATED,,,,,
SLCMP2607-3363,3363,3363,794166743,2^794166743-1,STRUCTURAL_SCREEN_EXHAUSTED_PRIMALITY_UNASSIGNED,GF3A_DIRECTIONAL_WRITE_EXHAUSTED_PRIMALITY_UNASSIGNED,514,512,512,NO_RECORDED_FACTOR_PRP_OR_LL_RESULT_AND_NO_ACTIVE_GIMPS_ASSIGNMENT,2026-08-09T09:12:31+00:00,UNALLOCATED,,,,,
SLCMP2607-3364,3364,3364,794166797,2^794166797-1,STRUCTURAL_SCREEN_EXHAUSTED_PRIMALITY_UNASSIGNED,GF3A_DIRECTIONAL_WRITE_EXHAUSTED_PRIMALITY_UNASSIGNED,513,512,512,NO_RECORDED_FACTOR_PRP_OR_LL_RESULT_AND_NO_ACTIVE_GIMPS_ASSIGNMENT,2026-08-09T09:12:31+00:00,UNALLOCATED,,,,,
SLCMP2607-3365,3365,3365,794166881,2^794166881-1,STRUCTURAL_SCREEN_EXHAUSTED_PRIMALITY_UNASSIGNED,GF3A_DIRECTIONAL_WRITE_EXHAUSTED_PRIMALITY_UNASSIGNED,513,512,512,NO_RECORDED_FACTOR_PRP_OR_LL_RESULT_AND_NO_ACTIVE_GIMPS_ASSIGNMENT,2026-08-09T09:12:31+00:00,UNALLOCATED,,,,,
SLCMP2607-3366,3366,3366,794166889,2^794166889-1,STRUCTURAL_SCREEN_EXHAUSTED_PRIMALITY_UNASSIGNED,GF3A_DIRECTIONAL_WRITE_EXHAUSTED_PRIMALITY_UNASSIGNED,513,512,512,NO_RECORDED_FACTOR_PRP_OR_LL_RESULT_AND_NO_ACTIVE_GIMPS_ASSIGNMENT,2026-08-09T09:12:31+00:00,UNALLOCATED,,,,,
SLCMP2607-3367,3367,3367,794166907,2^794166907-1,STRUCTURAL_SCREEN_EXHAUSTED_PRIMALITY_UNASSIGNED,GF3A_DIRECTIONAL_WRITE_EXHAUSTED_PRIMALITY_UNASSIGNED,514,512,512,NO_RECORDED_FACTOR_PRP_OR_LL_RESULT_AND_NO_ACTIVE_GIMPS_ASSIGNMENT,2026-08-09T09:12:31+00:00,UNALLOCATED,,,,,
SLCMP2607-3368,3368,3368,794166937,2^794166937-1,STRUCTURAL_SCREEN_EXHAUSTED_PRIMALITY_UNASSIGNED,GF3A_DIRECTIONAL_WRITE_EXHAUSTED_PRIMALITY_UNASSIGNED,513,512,512,NO_RECORDED_FACTOR_PRP_OR_LL_RESULT_AND_NO_ACTIVE_GIMPS_ASSIGNMENT,2026-08-09T09:12:31+00:00,UNALLOCATED,,,,,
SLCMP2607-3369,3369,3369,794166949,2^794166949-1,STRUCTURAL_SCREEN_EXHAUSTED_PRIMALITY_UNASSIGNED,GF3A_DIRECTIONAL_WRITE_EXHAUSTED_PRIMALITY_UNASSIGNED,513,512,512,NO_RECORDED_FACTOR_PRP_OR_LL_RESULT_AND_NO_ACTIVE_GIMPS_ASSIGNMENT,2026-08-09T09:12:31+00:00,UNALLOCATED,,,,,
SLCMP2607-3370,3370,3370,794166979,2^794166979-1,STRUCTURAL_SCREEN_EXHAUSTED_PRIMALITY_UNASSIGNED,GF3A_DIRECTIONAL_WRITE_EXHAUSTED_PRIMALITY_UNASSIGNED,514,512,512,NO_RECORDED_FACTOR_PRP_OR_LL_RESULT_AND_NO_ACTIVE_GIMPS_ASSIGNMENT,2026-08-09T09:12:31+00:00,UNALLOCATED,,,,,
SLCMP2607-3371,3371,3371,794167039,2^794167039-1,STRUCTURAL_SCREEN_EXHAUSTED_PRIMALITY_UNASSIGNED,GF3A_DIRECTIONAL_WRITE_EXHAUSTED_PRIMALITY_UNASSIGNED,514,512,512,NO_RECORDED_FACTOR_PRP_OR_LL_RESULT_AND_NO_ACTIVE_GIMPS_ASSIGNMENT,2026-08-09T09:12:31+00:00,UNALLOCATED,,,,,
SLCMP2607-3372,3372,3372,794167057,2^794167057-1,STRUCTURAL_SCREEN_EXHAUSTED_PRIMALITY_UNASSIGNED,GF3A_DIRECTIONAL_WRITE_EXHAUSTED_PRIMALITY_UNASSIGNED,513,512,512,NO_RECORDED_FACTOR_PRP_OR_LL_RESULT_AND_NO_ACTIVE_GIMPS_ASSIGNMENT,2026-08-09T09:12:31+00:00,UNALLOCATED,,,,,
SLCMP2607-3373,3373,3373,794167097,2^794167097-1,STRUCTURAL_SCREEN_EXHAUSTED_PRIMALITY_UNASSIGNED,GF3A_DIRECTIONAL_WRITE_EXHAUSTED_PRIMALITY_UNASSIGNED,513,512,512,NO_RECORDED_FACTOR_PRP_OR_LL_RESULT_AND_NO_ACTIVE_GIMPS_ASSIGNMENT,2026-08-09T09:12:31+00:00,UNALLOCATED,,,,,
SLCMP2607-3374,3374,3374,794167193,2^794167193-1,STRUCTURAL_SCREEN_EXHAUSTED_PRIMALITY_UNASSIGNED,GF3A_DIRECTIONAL_WRITE_EXHAUSTED_PRIMALITY_UNASSIGNED,513,512,512,NO_RECORDED_FACTOR_PRP_OR_LL_RESULT_AND_NO_ACTIVE_GIMPS_ASSIGNMENT,2026-08-09T09:12:31+00:00,UNALLOCATED,,,,,
SLCMP2607-3375,3375,3375,794167201,2^794167201-1,STRUCTURAL_SCREEN_EXHAUSTED_PRIMALITY_UNASSIGNED,GF3A_DIRECTIONAL_WRITE_EXHAUSTED_PRIMALITY_UNASSIGNED,513,512,512,NO_RECORDED_FACTOR_PRP_OR_LL_RESULT_AND_NO_ACTIVE_GIMPS_ASSIGNMENT,2026-08-09T09:12:31+00:00,UNALLOCATED,,,,,
SLCMP2607-3376,3376,3376,794167259,2^794167259-1,STRUCTURAL_SCREEN_EXHAUSTED_PRIMALITY_UNASSIGNED,GF3A_DIRECTIONAL_WRITE_EXHAUSTED_PRIMALITY_UNASSIGNED,514,512,512,NO_RECORDED_FACTOR_PRP_OR_LL_RESULT_AND_NO_ACTIVE_GIMPS_ASSIGNMENT,2026-08-09T09:12:31+00:00,UNALLOCATED,,,,,
SLCMP2607-3377,3377,3377,794167279,2^794167279-1,STRUCTURAL_SCREEN_EXHAUSTED_PRIMALITY_UNASSIGNED,GF3A_DIRECTIONAL_WRITE_EXHAUSTED_PRIMALITY_UNASSIGNED,514,512,512,NO_RECORDED_FACTOR_PRP_OR_LL_RESULT_AND_NO_ACTIVE_GIMPS_ASSIGNMENT,2026-08-09T09:12:31+00:00,UNALLOCATED,,,,,
SLCMP2607-3378,3378,3378,794167337,2^794167337-1,STRUCTURAL_SCREEN_EXHAUSTED_PRIMALITY_UNASSIGNED,GF3A_DIRECTIONAL_WRITE_EXHAUSTED_PRIMALITY_UNASSIGNED,513,512,512,NO_RECORDED_FACTOR_PRP_OR_LL_RESULT_AND_NO_ACTIVE_GIMPS_ASSIGNMENT,2026-08-09T09:12:31+00:00,UNALLOCATED,,,,,
SLCMP2607-3379,3379,3379,794167373,2^794167373-1,STRUCTURAL_SCREEN_EXHAUSTED_PRIMALITY_UNASSIGNED,GF3A_DIRECTIONAL_WRITE_EXHAUSTED_PRIMALITY_UNASSIGNED,513,512,512,NO_RECORDED_FACTOR_PRP_OR_LL_RESULT_AND_NO_ACTIVE_GIMPS_ASSIGNMENT,2026-08-09T09:12:31+00:00,UNALLOCATED,,,,,
SLCMP2607-3380,3380,3380,794167471,2^794167471-1,STRUCTURAL_SCREEN_EXHAUSTED_PRIMALITY_UNASSIGNED,GF3A_DIRECTIONAL_WRITE_EXHAUSTED_PRIMALITY_UNASSIGNED,514,512,512,NO_RECORDED_FACTOR_PRP_OR_LL_RESULT_AND_NO_ACTIVE_GIMPS_ASSIGNMENT,2026-08-09T09:12:31+00:00,UNALLOCATED,,,,,
SLCMP2607-3381,3381,3381,794167531,2^794167531-1,STRUCTURAL_SCREEN_EXHAUSTED_PRIMALITY_UNASSIGNED,GF3A_DIRECTIONAL_WRITE_EXHAUSTED_PRIMALITY_UNASSIGNED,514,512,512,NO_RECORDED_FACTOR_PRP_OR_LL_RESULT_AND_NO_ACTIVE_GIMPS_ASSIGNMENT,2026-08-09T09:12:31+00:00,UNALLOCATED,,,,,
SLCMP2607-3382,3382,3382,794167547,2^794167547-1,STRUCTURAL_SCREEN_EXHAUSTED_PRIMALITY_UNASSIGNED,GF3A_DIRECTIONAL_WRITE_EXHAUSTED_PRIMALITY_UNASSIGNED,514,512,512,NO_RECORDED_FACTOR_PRP_OR_LL_RESULT_AND_NO_ACTIVE_GIMPS_ASSIGNMENT,2026-08-09T09:12:31+00:00,UNALLOCATED,,,,,
SLCMP2607-3383,3383,3383,794167609,2^794167609-1,STRUCTURAL_SCREEN_EXHAUSTED_PRIMALITY_UNASSIGNED,GF3A_DIRECTIONAL_WRITE_EXHAUSTED_PRIMALITY_UNASSIGNED,513,512,512,NO_RECORDED_FACTOR_PRP_OR_LL_RESULT_AND_NO_ACTIVE_GIMPS_ASSIGNMENT,2026-08-09T09:12:31+00:00,UNALLOCATED,,,,,
SLCMP2607-3384,3384,3384,794167637,2^794167637-1,STRUCTURAL_SCREEN_EXHAUSTED_PRIMALITY_UNASSIGNED,GF3A_DIRECTIONAL_WRITE_EXHAUSTED_PRIMALITY_UNASSIGNED,513,512,512,NO_RECORDED_FACTOR_PRP_OR_LL_RESULT_AND_NO_ACTIVE_GIMPS_ASSIGNMENT,2026-08-09T09:12:31+00:00,UNALLOCATED,,,,,
SLCMP2607-3385,3385,3385,794167709,2^794167709-1,STRUCTURAL_SCREEN_EXHAUSTED_PRIMALITY_UNASSIGNED,GF3A_DIRECTIONAL_WRITE_EXHAUSTED_PRIMALITY_UNASSIGNED,513,512,512,NO_RECORDED_FACTOR_PRP_OR_LL_RESULT_AND_NO_ACTIVE_GIMPS_ASSIGNMENT,2026-08-09T09:12:31+00:00,UNALLOCATED,,,,,
SLCMP2607-3386,3386,3386,794167711,2^794167711-1,STRUCTURAL_SCREEN_EXHAUSTED_PRIMALITY_UNASSIGNED,GF3A_DIRECTIONAL_WRITE_EXHAUSTED_PRIMALITY_UNASSIGNED,514,512,512,NO_RECORDED_FACTOR_PRP_OR_LL_RESULT_AND_NO_ACTIVE_GIMPS_ASSIGNMENT,2026-08-09T09:12:31+00:00,UNALLOCATED,,,,,
SLCMP2607-3387,3387,3387,794167793,2^794167793-1,STRUCTURAL_SCREEN_EXHAUSTED_PRIMALITY_UNASSIGNED,GF3A_DIRECTIONAL_WRITE_EXHAUSTED_PRIMALITY_UNASSIGNED,513,512,512,NO_RECORDED_FACTOR_PRP_OR_LL_RESULT_AND_NO_ACTIVE_GIMPS_ASSIGNMENT,2026-08-09T09:12:31+00:00,UNALLOCATED,,,,,
SLCMP2607-3388,3388,3388,794167811,2^794167811-1,STRUCTURAL_SCREEN_EXHAUSTED_PRIMALITY_UNASSIGNED,GF3A_DIRECTIONAL_WRITE_EXHAUSTED_PRIMALITY_UNASSIGNED,514,512,512,NO_RECORDED_FACTOR_PRP_OR_LL_RESULT_AND_NO_ACTIVE_GIMPS_ASSIGNMENT,2026-08-09T09:12:31+00:00,UNALLOCATED,,,,,
SLCMP2607-3389,3389,3389,794167823,2^794167823-1,STRUCTURAL_SCREEN_EXHAUSTED_PRIMALITY_UNASSIGNED,GF3A_DIRECTIONAL_WRITE_EXHAUSTED_PRIMALITY_UNASSIGNED,514,512,512,NO_RECORDED_FACTOR_PRP_OR_LL_RESULT_AND_NO_ACTIVE_GIMPS_ASSIGNMENT,2026-08-09T09:12:31+00:00,UNALLOCATED,,,,,
SLCMP2607-3390,3390,3390,794167867,2^794167867-1,STRUCTURAL_SCREEN_EXHAUSTED_PRIMALITY_UNASSIGNED,GF3A_DIRECTIONAL_WRITE_EXHAUSTED_PRIMALITY_UNASSIGNED,514,512,512,NO_RECORDED_FACTOR_PRP_OR_LL_RESULT_AND_NO_ACTIVE_GIMPS_ASSIGNMENT,2026-08-09T09:12:31+00:00,UNALLOCATED,,,,,
SLCMP2607-3391,3391,3391,794168033,2^794168033-1,STRUCTURAL_SCREEN_EXHAUSTED_PRIMALITY_UNASSIGNED,GF3A_DIRECTIONAL_WRITE_EXHAUSTED_PRIMALITY_UNASSIGNED,513,512,512,NO_RECORDED_FACTOR_PRP_OR_LL_RESULT_AND_NO_ACTIVE_GIMPS_ASSIGNMENT,2026-08-09T09:12:31+00:00,UNALLOCATED,,,,,
SLCMP2607-3392,3392,3392,794168083,2^794168083-1,STRUCTURAL_SCREEN_EXHAUSTED_PRIMALITY_UNASSIGNED,GF3A_DIRECTIONAL_WRITE_EXHAUSTED_PRIMALITY_UNASSIGNED,514,512,512,NO_RECORDED_FACTOR_PRP_OR_LL_RESULT_AND_NO_ACTIVE_GIMPS_ASSIGNMENT,2026-08-09T09:12:31+00:00,UNALLOCATED,,,,,
SLCMP2607-3393,3393,3393,794168147,2^794168147-1,STRUCTURAL_SCREEN_EXHAUSTED_PRIMALITY_UNASSIGNED,GF3A_DIRECTIONAL_WRITE_EXHAUSTED_PRIMALITY_UNASSIGNED,514,512,512,NO_RECORDED_FACTOR_PRP_OR_LL_RESULT_AND_NO_ACTIVE_GIMPS_ASSIGNMENT,2026-08-09T09:12:31+00:00,UNALLOCATED,,,,,
SLCMP2607-3394,3394,3394,794168183,2^794168183-1,STRUCTURAL_SCREEN_EXHAUSTED_PRIMALITY_UNASSIGNED,GF3A_DIRECTIONAL_WRITE_EXHAUSTED_PRIMALITY_UNASSIGNED,514,512,512,NO_RECORDED_FACTOR_PRP_OR_LL_RESULT_AND_NO_ACTIVE_GIMPS_ASSIGNMENT,2026-08-09T09:12:31+00:00,UNALLOCATED,,,,,
SLCMP2607-3395,3395,3395,794168513,2^794168513-1,STRUCTURAL_SCREEN_EXHAUSTED_PRIMALITY_UNASSIGNED,GF3A_DIRECTIONAL_WRITE_EXHAUSTED_PRIMALITY_UNASSIGNED,513,512,512,NO_RECORDED_FACTOR_PRP_OR_LL_RESULT_AND_NO_ACTIVE_GIMPS_ASSIGNMENT,2026-08-09T09:12:31+00:00,UNALLOCATED,,,,,
SLCMP2607-3396,3396,3396,794168597,2^794168597-1,STRUCTURAL_SCREEN_EXHAUSTED_PRIMALITY_UNASSIGNED,GF3A_DIRECTIONAL_WRITE_EXHAUSTED_PRIMALITY_UNASSIGNED,513,512,512,NO_RECORDED_FACTOR_PRP_OR_LL_RESULT_AND_NO_ACTIVE_GIMPS_ASSIGNMENT,2026-08-09T09:12:31+00:00,UNALLOCATED,,,,,
SLCMP2607-3397,3397,3397,794168681,2^794168681-1,STRUCTURAL_SCREEN_EXHAUSTED_PRIMALITY_UNASSIGNED,GF3A_DIRECTIONAL_WRITE_EXHAUSTED_PRIMALITY_UNASSIGNED,513,512,512,NO_RECORDED_FACTOR_PRP_OR_LL_RESULT_AND_NO_ACTIVE_GIMPS_ASSIGNMENT,2026-08-09T09:12:31+00:00,UNALLOCATED,,,,,
SLCMP2607-3398,3398,3398,794168747,2^794168747-1,STRUCTURAL_SCREEN_EXHAUSTED_PRIMALITY_UNASSIGNED,GF3A_DIRECTIONAL_WRITE_EXHAUSTED_PRIMALITY_UNASSIGNED,514,512,512,NO_RECORDED_FACTOR_PRP_OR_LL_RESULT_AND_NO_ACTIVE_GIMPS_ASSIGNMENT,2026-08-09T09:12:31+00:00,UNALLOCATED,,,,,
SLCMP2607-3399,3399,3399,794168827,2^794168827-1,STRUCTURAL_SCREEN_EXHAUSTED_PRIMALITY_UNASSIGNED,GF3A_DIRECTIONAL_WRITE_EXHAUSTED_PRIMALITY_UNASSIGNED,514,512,512,NO_RECORDED_FACTOR_PRP_OR_LL_RESULT_AND_NO_ACTIVE_GIMPS_ASSIGNMENT,2026-08-09T09:12:31+00:00,UNALLOCATED,,,,,
SLCMP2607-3400,3400,3400,794168933,2^794168933-1,STRUCTURAL_SCREEN_EXHAUSTED_PRIMALITY_UNASSIGNED,GF3A_DIRECTIONAL_WRITE_EXHAUSTED_PRIMALITY_UNASSIGNED,513,512,512,NO_RECORDED_FACTOR_PRP_OR_LL_RESULT_AND_NO_ACTIVE_GIMPS_ASSIGNMENT,2026-08-09T09:12:31+00:00,UNALLOCATED,,,,,
SLCMP2607-3401,3401,3401,794168993,2^794168993-1,STRUCTURAL_SCREEN_EXHAUSTED_PRIMALITY_UNASSIGNED,GF3A_DIRECTIONAL_WRITE_EXHAUSTED_PRIMALITY_UNASSIGNED,513,512,512,NO_RECORDED_FACTOR_PRP_OR_LL_RESULT_AND_NO_ACTIVE_GIMPS_ASSIGNMENT,2026-08-09T09:12:31+00:00,UNALLOCATED,,,,,
SLCMP2607-3402,3402,3402,794169007,2^794169007-1,STRUCTURAL_SCREEN_EXHAUSTED_PRIMALITY_UNASSIGNED,GF3A_DIRECTIONAL_WRITE_EXHAUSTED_PRIMALITY_UNASSIGNED,514,512,512,NO_RECORDED_FACTOR_PRP_OR_LL_RESULT_AND_NO_ACTIVE_GIMPS_ASSIGNMENT,2026-08-09T09:12:31+00:00,UNALLOCATED,,,,,
SLCMP2607-3403,3403,3403,794169041,2^794169041-1,STRUCTURAL_SCREEN_EXHAUSTED_PRIMALITY_UNASSIGNED,GF3A_DIRECTIONAL_WRITE_EXHAUSTED_PRIMALITY_UNASSIGNED,513,512,512,NO_RECORDED_FACTOR_PRP_OR_LL_RESULT_AND_NO_ACTIVE_GIMPS_ASSIGNMENT,2026-08-09T09:12:31+00:00,UNALLOCATED,,,,,
SLCMP2607-3404,3404,3404,794169043,2^794169043-1,STRUCTURAL_SCREEN_EXHAUSTED_PRIMALITY_UNASSIGNED,GF3A_DIRECTIONAL_WRITE_EXHAUSTED_PRIMALITY_UNASSIGNED,514,512,512,NO_RECORDED_FACTOR_PRP_OR_LL_RESULT_AND_NO_ACTIVE_GIMPS_ASSIGNMENT,2026-08-09T09:12:31+00:00,UNALLOCATED,,,,,
SLCMP2607-3405,3405,3405,794169053,2^794169053-1,STRUCTURAL_SCREEN_EXHAUSTED_PRIMALITY_UNASSIGNED,GF3A_DIRECTIONAL_WRITE_EXHAUSTED_PRIMALITY_UNASSIGNED,513,512,512,NO_RECORDED_FACTOR_PRP_OR_LL_RESULT_AND_NO_ACTIVE_GIMPS_ASSIGNMENT,2026-08-09T09:12:31+00:00,UNALLOCATED,,,,,
SLCMP2607-3406,3406,3406,794169247,2^794169247-1,STRUCTURAL_SCREEN_EXHAUSTED_PRIMALITY_UNASSIGNED,GF3A_DIRECTIONAL_WRITE_EXHAUSTED_PRIMALITY_UNASSIGNED,514,512,512,NO_RECORDED_FACTOR_PRP_OR_LL_RESULT_AND_NO_ACTIVE_GIMPS_ASSIGNMENT,2026-08-09T09:12:31+00:00,UNALLOCATED,,,,,
SLCMP2607-3407,3407,3407,794169281,2^794169281-1,STRUCTURAL_SCREEN_EXHAUSTED_PRIMALITY_UNASSIGNED,GF3A_DIRECTIONAL_WRITE_EXHAUSTED_PRIMALITY_UNASSIGNED,513,512,512,NO_RECORDED_FACTOR_PRP_OR_LL_RESULT_AND_NO_ACTIVE_GIMPS_ASSIGNMENT,2026-08-09T09:12:31+00:00,UNALLOCATED,,,,,
SLCMP2607-3408,3408,3408,794169319,2^794169319-1,STRUCTURAL_SCREEN_EXHAUSTED_PRIMALITY_UNASSIGNED,GF3A_DIRECTIONAL_WRITE_EXHAUSTED_PRIMALITY_UNASSIGNED,514,512,512,NO_RECORDED_FACTOR_PRP_OR_LL_RESULT_AND_NO_ACTIVE_GIMPS_ASSIGNMENT,2026-08-09T09:12:31+00:00,UNALLOCATED,,,,,
SLCMP2607-3409,3409,3409,794169401,2^794169401-1,STRUCTURAL_SCREEN_EXHAUSTED_PRIMALITY_UNASSIGNED,GF3A_DIRECTIONAL_WRITE_EXHAUSTED_PRIMALITY_UNASSIGNED,513,512,512,NO_RECORDED_FACTOR_PRP_OR_LL_RESULT_AND_NO_ACTIVE_GIMPS_ASSIGNMENT,2026-08-09T09:12:31+00:00,UNALLOCATED,,,,,
SLCMP2607-3410,3410,3410,794169419,2^794169419-1,STRUCTURAL_SCREEN_EXHAUSTED_PRIMALITY_UNASSIGNED,GF3A_DIRECTIONAL_WRITE_EXHAUSTED_PRIMALITY_UNASSIGNED,514,512,512,NO_RECORDED_FACTOR_PRP_OR_LL_RESULT_AND_NO_ACTIVE_GIMPS_ASSIGNMENT,2026-08-09T09:12:31+00:00,UNALLOCATED,,,,,
SLCMP2607-3411,3411,3411,794169499,2^794169499-1,STRUCTURAL_SCREEN_EXHAUSTED_PRIMALITY_UNASSIGNED,GF3A_DIRECTIONAL_WRITE_EXHAUSTED_PRIMALITY_UNASSIGNED,514,512,512,NO_RECORDED_FACTOR_PRP_OR_LL_RESULT_AND_NO_ACTIVE_GIMPS_ASSIGNMENT,2026-08-09T09:12:31+00:00,UNALLOCATED,,,,,
SLCMP2607-3412,3412,3412,794169511,2^794169511-1,STRUCTURAL_SCREEN_EXHAUSTED_PRIMALITY_UNASSIGNED,GF3A_DIRECTIONAL_WRITE_EXHAUSTED_PRIMALITY_UNASSIGNED,514,512,512,NO_RECORDED_FACTOR_PRP_OR_LL_RESULT_AND_NO_ACTIVE_GIMPS_ASSIGNMENT,2026-08-09T09:12:31+00:00,UNALLOCATED,,,,,
SLCMP2607-3413,3413,3413,794169557,2^794169557-1,STRUCTURAL_SCREEN_EXHAUSTED_PRIMALITY_UNASSIGNED,GF3A_DIRECTIONAL_WRITE_EXHAUSTED_PRIMALITY_UNASSIGNED,513,512,512,NO_RECORDED_FACTOR_PRP_OR_LL_RESULT_AND_NO_ACTIVE_GIMPS_ASSIGNMENT,2026-08-09T09:12:31+00:00,UNALLOCATED,,,,,
SLCMP2607-3414,3414,3414,794169601,2^794169601-1,STRUCTURAL_SCREEN_EXHAUSTED_PRIMALITY_UNASSIGNED,GF3A_DIRECTIONAL_WRITE_EXHAUSTED_PRIMALITY_UNASSIGNED,513,512,512,NO_RECORDED_FACTOR_PRP_OR_LL_RESULT_AND_NO_ACTIVE_GIMPS_ASSIGNMENT,2026-08-09T09:12:31+00:00,UNALLOCATED,,,,,
SLCMP2607-3415,3415,3415,794169641,2^794169641-1,STRUCTURAL_SCREEN_EXHAUSTED_PRIMALITY_UNASSIGNED,GF3A_DIRECTIONAL_WRITE_EXHAUSTED_PRIMALITY_UNASSIGNED,513,512,512,NO_RECORDED_FACTOR_PRP_OR_LL_RESULT_AND_NO_ACTIVE_GIMPS_ASSIGNMENT,2026-08-09T09:12:31+00:00,UNALLOCATED,,,,,
SLCMP2607-3416,3416,3416,794169679,2^794169679-1,STRUCTURAL_SCREEN_EXHAUSTED_PRIMALITY_UNASSIGNED,GF3A_DIRECTIONAL_WRITE_EXHAUSTED_PRIMALITY_UNASSIGNED,514,512,512,NO_RECORDED_FACTOR_PRP_OR_LL_RESULT_AND_NO_ACTIVE_GIMPS_ASSIGNMENT,2026-08-09T09:12:31+00:00,UNALLOCATED,,,,,
SLCMP2607-3417,3417,3417,794169697,2^794169697-1,STRUCTURAL_SCREEN_EXHAUSTED_PRIMALITY_UNASSIGNED,GF3A_DIRECTIONAL_WRITE_EXHAUSTED_PRIMALITY_UNASSIGNED,513,512,512,NO_RECORDED_FACTOR_PRP_OR_LL_RESULT_AND_NO_ACTIVE_GIMPS_ASSIGNMENT,2026-08-09T09:12:31+00:00,UNALLOCATED,,,,,
SLCMP2607-3418,3418,3418,794169731,2^794169731-1,STRUCTURAL_SCREEN_EXHAUSTED_PRIMALITY_UNASSIGNED,GF3A_DIRECTIONAL_WRITE_EXHAUSTED_PRIMALITY_UNASSIGNED,514,512,512,NO_RECORDED_FACTOR_PRP_OR_LL_RESULT_AND_NO_ACTIVE_GIMPS_ASSIGNMENT,2026-08-09T09:12:31+00:00,UNALLOCATED,,,,,
SLCMP2607-3419,3419,3419,794169743,2^794169743-1,STRUCTURAL_SCREEN_EXHAUSTED_PRIMALITY_UNASSIGNED,GF3A_DIRECTIONAL_WRITE_EXHAUSTED_PRIMALITY_UNASSIGNED,514,512,512,NO_RECORDED_FACTOR_PRP_OR_LL_RESULT_AND_NO_ACTIVE_GIMPS_ASSIGNMENT,2026-08-09T09:12:31+00:00,UNALLOCATED,,,,,
SLCMP2607-3420,3420,3420,794169907,2^794169907-1,STRUCTURAL_SCREEN_EXHAUSTED_PRIMALITY_UNASSIGNED,GF3A_DIRECTIONAL_WRITE_EXHAUSTED_PRIMALITY_UNASSIGNED,514,512,512,NO_RECORDED_FACTOR_PRP_OR_LL_RESULT_AND_NO_ACTIVE_GIMPS_ASSIGNMENT,2026-08-09T09:12:31+00:00,UNALLOCATED,,,,,
SLCMP2607-3421,3421,3421,794169941,2^794169941-1,STRUCTURAL_SCREEN_EXHAUSTED_PRIMALITY_UNASSIGNED,GF3A_DIRECTIONAL_WRITE_EXHAUSTED_PRIMALITY_UNASSIGNED,513,512,512,NO_RECORDED_FACTOR_PRP_OR_LL_RESULT_AND_NO_ACTIVE_GIMPS_ASSIGNMENT,2026-08-09T09:12:31+00:00,UNALLOCATED,,,,,
SLCMP2607-3422,3422,3422,794169953,2^794169953-1,STRUCTURAL_SCREEN_EXHAUSTED_PRIMALITY_UNASSIGNED,GF3A_DIRECTIONAL_WRITE_EXHAUSTED_PRIMALITY_UNASSIGNED,513,512,512,NO_RECORDED_FACTOR_PRP_OR_LL_RESULT_AND_NO_ACTIVE_GIMPS_ASSIGNMENT,2026-08-09T09:12:31+00:00,UNALLOCATED,,,,,
SLCMP2607-3423,3423,3423,794169973,2^794169973-1,STRUCTURAL_SCREEN_EXHAUSTED_PRIMALITY_UNASSIGNED,GF3A_DIRECTIONAL_WRITE_EXHAUSTED_PRIMALITY_UNASSIGNED,513,512,512,NO_RECORDED_FACTOR_PRP_OR_LL_RESULT_AND_NO_ACTIVE_GIMPS_ASSIGNMENT,2026-08-09T09:12:31+00:00,UNALLOCATED,,,,,
SLCMP2607-3424,3424,3424,794170009,2^794170009-1,STRUCTURAL_SCREEN_EXHAUSTED_PRIMALITY_UNASSIGNED,GF3A_DIRECTIONAL_WRITE_EXHAUSTED_PRIMALITY_UNASSIGNED,513,512,512,NO_RECORDED_FACTOR_PRP_OR_LL_RESULT_AND_NO_ACTIVE_GIMPS_ASSIGNMENT,2026-08-09T09:12:31+00:00,UNALLOCATED,,,,,
SLCMP2607-3425,3425,3425,794170099,2^794170099-1,STRUCTURAL_SCREEN_EXHAUSTED_PRIMALITY_UNASSIGNED,GF3A_DIRECTIONAL_WRITE_EXHAUSTED_PRIMALITY_UNASSIGNED,514,512,512,NO_RECORDED_FACTOR_PRP_OR_LL_RESULT_AND_NO_ACTIVE_GIMPS_ASSIGNMENT,2026-08-09T09:12:31+00:00,UNALLOCATED,,,,,
SLCMP2607-3426,3426,3426,794170129,2^794170129-1,STRUCTURAL_SCREEN_EXHAUSTED_PRIMALITY_UNASSIGNED,GF3A_DIRECTIONAL_WRITE_EXHAUSTED_PRIMALITY_UNASSIGNED,513,512,512,NO_RECORDED_FACTOR_PRP_OR_LL_RESULT_AND_NO_ACTIVE_GIMPS_ASSIGNMENT,2026-08-09T09:12:31+00:00,UNALLOCATED,,,,,
SLCMP2607-3427,3427,3427,794170159,2^794170159-1,STRUCTURAL_SCREEN_EXHAUSTED_PRIMALITY_UNASSIGNED,GF3A_DIRECTIONAL_WRITE_EXHAUSTED_PRIMALITY_UNASSIGNED,514,512,512,NO_RECORDED_FACTOR_PRP_OR_LL_RESULT_AND_NO_ACTIVE_GIMPS_ASSIGNMENT,2026-08-09T09:12:31+00:00,UNALLOCATED,,,,,
SLCMP2607-3428,3428,3428,794170187,2^794170187-1,STRUCTURAL_SCREEN_EXHAUSTED_PRIMALITY_UNASSIGNED,GF3A_DIRECTIONAL_WRITE_EXHAUSTED_PRIMALITY_UNASSIGNED,514,512,512,NO_RECORDED_FACTOR_PRP_OR_LL_RESULT_AND_NO_ACTIVE_GIMPS_ASSIGNMENT,2026-08-09T09:12:31+00:00,UNALLOCATED,,,,,
SLCMP2607-3429,3429,3429,794170291,2^794170291-1,STRUCTURAL_SCREEN_EXHAUSTED_PRIMALITY_UNASSIGNED,GF3A_DIRECTIONAL_WRITE_EXHAUSTED_PRIMALITY_UNASSIGNED,514,512,512,NO_RECORDED_FACTOR_PRP_OR_LL_RESULT_AND_NO_ACTIVE_GIMPS_ASSIGNMENT,2026-08-09T09:12:31+00:00,UNALLOCATED,,,,,
SLCMP2607-3430,3430,3430,794170543,2^794170543-1,STRUCTURAL_SCREEN_EXHAUSTED_PRIMALITY_UNASSIGNED,GF3A_DIRECTIONAL_WRITE_EXHAUSTED_PRIMALITY_UNASSIGNED,514,512,512,NO_RECORDED_FACTOR_PRP_OR_LL_RESULT_AND_NO_ACTIVE_GIMPS_ASSIGNMENT,2026-08-09T09:12:31+00:00,UNALLOCATED,,,,,
SLCMP2607-3431,3431,3431,794170547,2^794170547-1,STRUCTURAL_SCREEN_EXHAUSTED_PRIMALITY_UNASSIGNED,GF3A_DIRECTIONAL_WRITE_EXHAUSTED_PRIMALITY_UNASSIGNED,514,512,512,NO_RECORDED_FACTOR_PRP_OR_LL_RESULT_AND_NO_ACTIVE_GIMPS_ASSIGNMENT,2026-08-09T09:12:31+00:00,UNALLOCATED,,,,,
SLCMP2607-3432,3432,3432,794170567,2^794170567-1,STRUCTURAL_SCREEN_EXHAUSTED_PRIMALITY_UNASSIGNED,GF3A_DIRECTIONAL_WRITE_EXHAUSTED_PRIMALITY_UNASSIGNED,514,512,512,NO_RECORDED_FACTOR_PRP_OR_LL_RESULT_AND_NO_ACTIVE_GIMPS_ASSIGNMENT,2026-08-09T09:12:31+00:00,UNALLOCATED,,,,,
SLCMP2607-3433,3433,3433,794170633,2^794170633-1,STRUCTURAL_SCREEN_EXHAUSTED_PRIMALITY_UNASSIGNED,GF3A_DIRECTIONAL_WRITE_EXHAUSTED_PRIMALITY_UNASSIGNED,513,512,512,NO_RECORDED_FACTOR_PRP_OR_LL_RESULT_AND_NO_ACTIVE_GIMPS_ASSIGNMENT,2026-08-09T09:12:31+00:00,UNALLOCATED,,,,,
SLCMP2607-3434,3434,3434,794170673,2^794170673-1,STRUCTURAL_SCREEN_EXHAUSTED_PRIMALITY_UNASSIGNED,GF3A_DIRECTIONAL_WRITE_EXHAUSTED_PRIMALITY_UNASSIGNED,513,512,512,NO_RECORDED_FACTOR_PRP_OR_LL_RESULT_AND_NO_ACTIVE_GIMPS_ASSIGNMENT,2026-08-09T09:12:31+00:00,UNALLOCATED,,,,,
SLCMP2607-3435,3435,3435,794170681,2^794170681-1,STRUCTURAL_SCREEN_EXHAUSTED_PRIMALITY_UNASSIGNED,GF3A_DIRECTIONAL_WRITE_EXHAUSTED_PRIMALITY_UNASSIGNED,513,512,512,NO_RECORDED_FACTOR_PRP_OR_LL_RESULT_AND_NO_ACTIVE_GIMPS_ASSIGNMENT,2026-08-09T09:12:31+00:00,UNALLOCATED,,,,,
SLCMP2607-3436,3436,3436,794170781,2^794170781-1,STRUCTURAL_SCREEN_EXHAUSTED_PRIMALITY_UNASSIGNED,GF3A_DIRECTIONAL_WRITE_EXHAUSTED_PRIMALITY_UNASSIGNED,513,512,512,NO_RECORDED_FACTOR_PRP_OR_LL_RESULT_AND_NO_ACTIVE_GIMPS_ASSIGNMENT,2026-08-09T09:12:31+00:00,UNALLOCATED,,,,,
SLCMP2607-3437,3437,3437,794170787,2^794170787-1,STRUCTURAL_SCREEN_EXHAUSTED_PRIMALITY_UNASSIGNED,GF3A_DIRECTIONAL_WRITE_EXHAUSTED_PRIMALITY_UNASSIGNED,514,512,512,NO_RECORDED_FACTOR_PRP_OR_LL_RESULT_AND_NO_ACTIVE_GIMPS_ASSIGNMENT,2026-08-09T09:12:31+00:00,UNALLOCATED,,,,,
SLCMP2607-3438,3438,3438,794170837,2^794170837-1,STRUCTURAL_SCREEN_EXHAUSTED_PRIMALITY_UNASSIGNED,GF3A_DIRECTIONAL_WRITE_EXHAUSTED_PRIMALITY_UNASSIGNED,513,512,512,NO_RECORDED_FACTOR_PRP_OR_LL_RESULT_AND_NO_ACTIVE_GIMPS_ASSIGNMENT,2026-08-09T09:12:31+00:00,UNALLOCATED,,,,,
SLCMP2607-3439,3439,3439,794170877,2^794170877-1,STRUCTURAL_SCREEN_EXHAUSTED_PRIMALITY_UNASSIGNED,GF3A_DIRECTIONAL_WRITE_EXHAUSTED_PRIMALITY_UNASSIGNED,513,512,512,NO_RECORDED_FACTOR_PRP_OR_LL_RESULT_AND_NO_ACTIVE_GIMPS_ASSIGNMENT,2026-08-09T09:12:31+00:00,UNALLOCATED,,,,,
SLCMP2607-3440,3440,3440,794170879,2^794170879-1,STRUCTURAL_SCREEN_EXHAUSTED_PRIMALITY_UNASSIGNED,GF3A_DIRECTIONAL_WRITE_EXHAUSTED_PRIMALITY_UNASSIGNED,514,512,512,NO_RECORDED_FACTOR_PRP_OR_LL_RESULT_AND_NO_ACTIVE_GIMPS_ASSIGNMENT,2026-08-09T09:12:31+00:00,UNALLOCATED,,,,,
SLCMP2607-3441,3441,3441,794170889,2^794170889-1,STRUCTURAL_SCREEN_EXHAUSTED_PRIMALITY_UNASSIGNED,GF3A_DIRECTIONAL_WRITE_EXHAUSTED_PRIMALITY_UNASSIGNED,513,512,512,NO_RECORDED_FACTOR_PRP_OR_LL_RESULT_AND_NO_ACTIVE_GIMPS_ASSIGNMENT,2026-08-09T09:12:31+00:00,UNALLOCATED,,,,,
SLCMP2607-3442,3442,3442,794170903,2^794170903-1,STRUCTURAL_SCREEN_EXHAUSTED_PRIMALITY_UNASSIGNED,GF3A_DIRECTIONAL_WRITE_EXHAUSTED_PRIMALITY_UNASSIGNED,514,512,512,NO_RECORDED_FACTOR_PRP_OR_LL_RESULT_AND_NO_ACTIVE_GIMPS_ASSIGNMENT,2026-08-09T09:12:31+00:00,UNALLOCATED,,,,,
SLCMP2607-3443,3443,3443,794170931,2^794170931-1,STRUCTURAL_SCREEN_EXHAUSTED_PRIMALITY_UNASSIGNED,GF3A_DIRECTIONAL_WRITE_EXHAUSTED_PRIMALITY_UNASSIGNED,514,512,512,NO_RECORDED_FACTOR_PRP_OR_LL_RESULT_AND_NO_ACTIVE_GIMPS_ASSIGNMENT,2026-08-09T09:12:31+00:00,UNALLOCATED,,,,,
SLCMP2607-3444,3444,3444,794170957,2^794170957-1,STRUCTURAL_SCREEN_EXHAUSTED_PRIMALITY_UNASSIGNED,GF3A_DIRECTIONAL_WRITE_EXHAUSTED_PRIMALITY_UNASSIGNED,513,512,512,NO_RECORDED_FACTOR_PRP_OR_LL_RESULT_AND_NO_ACTIVE_GIMPS_ASSIGNMENT,2026-08-09T09:12:31+00:00,UNALLOCATED,,,,,
SLCMP2607-3445,3445,3445,794170967,2^794170967-1,STRUCTURAL_SCREEN_EXHAUSTED_PRIMALITY_UNASSIGNED,GF3A_DIRECTIONAL_WRITE_EXHAUSTED_PRIMALITY_UNASSIGNED,514,512,512,NO_RECORDED_FACTOR_PRP_OR_LL_RESULT_AND_NO_ACTIVE_GIMPS_ASSIGNMENT,2026-08-09T09:12:31+00:00,UNALLOCATED,,,,,
SLCMP2607-3446,3446,3446,794170969,2^794170969-1,STRUCTURAL_SCREEN_EXHAUSTED_PRIMALITY_UNASSIGNED,GF3A_DIRECTIONAL_WRITE_EXHAUSTED_PRIMALITY_UNASSIGNED,513,512,512,NO_RECORDED_FACTOR_PRP_OR_LL_RESULT_AND_NO_ACTIVE_GIMPS_ASSIGNMENT,2026-08-09T09:12:31+00:00,UNALLOCATED,,,,,
SLCMP2607-3447,3447,3447,794171041,2^794171041-1,STRUCTURAL_SCREEN_EXHAUSTED_PRIMALITY_UNASSIGNED,GF3A_DIRECTIONAL_WRITE_EXHAUSTED_PRIMALITY_UNASSIGNED,513,512,512,NO_RECORDED_FACTOR_PRP_OR_LL_RESULT_AND_NO_ACTIVE_GIMPS_ASSIGNMENT,2026-08-09T09:12:31+00:00,UNALLOCATED,,,,,
SLCMP2607-3448,3448,3448,794171069,2^794171069-1,STRUCTURAL_SCREEN_EXHAUSTED_PRIMALITY_UNASSIGNED,GF3A_DIRECTIONAL_WRITE_EXHAUSTED_PRIMALITY_UNASSIGNED,513,512,512,NO_RECORDED_FACTOR_PRP_OR_LL_RESULT_AND_NO_ACTIVE_GIMPS_ASSIGNMENT,2026-08-09T09:12:31+00:00,UNALLOCATED,,,,,
SLCMP2607-3449,3449,3449,794171087,2^794171087-1,STRUCTURAL_SCREEN_EXHAUSTED_PRIMALITY_UNASSIGNED,GF3A_DIRECTIONAL_WRITE_EXHAUSTED_PRIMALITY_UNASSIGNED,514,512,512,NO_RECORDED_FACTOR_PRP_OR_LL_RESULT_AND_NO_ACTIVE_GIMPS_ASSIGNMENT,2026-08-09T09:12:31+00:00,UNALLOCATED,,,,,
SLCMP2607-3450,3450,3450,794171159,2^794171159-1,STRUCTURAL_SCREEN_EXHAUSTED_PRIMALITY_UNASSIGNED,GF3A_DIRECTIONAL_WRITE_EXHAUSTED_PRIMALITY_UNASSIGNED,514,512,512,NO_RECORDED_FACTOR_PRP_OR_LL_RESULT_AND_NO_ACTIVE_GIMPS_ASSIGNMENT,2026-08-09T09:12:31+00:00,UNALLOCATED,,,,,
SLCMP2607-3451,3451,3451,794171243,2^794171243-1,STRUCTURAL_SCREEN_EXHAUSTED_PRIMALITY_UNASSIGNED,GF3A_DIRECTIONAL_WRITE_EXHAUSTED_PRIMALITY_UNASSIGNED,514,512,512,NO_RECORDED_FACTOR_PRP_OR_LL_RESULT_AND_NO_ACTIVE_GIMPS_ASSIGNMENT,2026-08-09T09:12:31+00:00,UNALLOCATED,,,,,
SLCMP2607-3452,3452,3452,794171449,2^794171449-1,STRUCTURAL_SCREEN_EXHAUSTED_PRIMALITY_UNASSIGNED,GF3A_DIRECTIONAL_WRITE_EXHAUSTED_PRIMALITY_UNASSIGNED,513,512,512,NO_RECORDED_FACTOR_PRP_OR_LL_RESULT_AND_NO_ACTIVE_GIMPS_ASSIGNMENT,2026-08-09T09:12:31+00:00,UNALLOCATED,,,,,
SLCMP2607-3453,3453,3453,794171489,2^794171489-1,STRUCTURAL_SCREEN_EXHAUSTED_PRIMALITY_UNASSIGNED,GF3A_DIRECTIONAL_WRITE_EXHAUSTED_PRIMALITY_UNASSIGNED,513,512,512,NO_RECORDED_FACTOR_PRP_OR_LL_RESULT_AND_NO_ACTIVE_GIMPS_ASSIGNMENT,2026-08-09T09:12:31+00:00,UNALLOCATED,,,,,
SLCMP2607-3454,3454,3454,794171527,2^794171527-1,STRUCTURAL_SCREEN_EXHAUSTED_PRIMALITY_UNASSIGNED,GF3A_DIRECTIONAL_WRITE_EXHAUSTED_PRIMALITY_UNASSIGNED,514,512,512,NO_RECORDED_FACTOR_PRP_OR_LL_RESULT_AND_NO_ACTIVE_GIMPS_ASSIGNMENT,2026-08-09T09:12:31+00:00,UNALLOCATED,,,,,
SLCMP2607-3455,3455,3455,794171561,2^794171561-1,STRUCTURAL_SCREEN_EXHAUSTED_PRIMALITY_UNASSIGNED,GF3A_DIRECTIONAL_WRITE_EXHAUSTED_PRIMALITY_UNASSIGNED,513,512,512,NO_RECORDED_FACTOR_PRP_OR_LL_RESULT_AND_NO_ACTIVE_GIMPS_ASSIGNMENT,2026-08-09T09:12:31+00:00,UNALLOCATED,,,,,
SLCMP2607-3456,3456,3456,794171591,2^794171591-1,STRUCTURAL_SCREEN_EXHAUSTED_PRIMALITY_UNASSIGNED,GF3A_DIRECTIONAL_WRITE_EXHAUSTED_PRIMALITY_UNASSIGNED,514,512,512,NO_RECORDED_FACTOR_PRP_OR_LL_RESULT_AND_NO_ACTIVE_GIMPS_ASSIGNMENT,2026-08-09T09:12:31+00:00,UNALLOCATED,,,,,
SLCMP2607-3457,3457,3457,794171603,2^794171603-1,STRUCTURAL_SCREEN_EXHAUSTED_PRIMALITY_UNASSIGNED,GF3A_DIRECTIONAL_WRITE_EXHAUSTED_PRIMALITY_UNASSIGNED,514,512,512,NO_RECORDED_FACTOR_PRP_OR_LL_RESULT_AND_NO_ACTIVE_GIMPS_ASSIGNMENT,2026-08-09T09:12:31+00:00,UNALLOCATED,,,,,
SLCMP2607-3458,3458,3458,794171657,2^794171657-1,STRUCTURAL_SCREEN_EXHAUSTED_PRIMALITY_UNASSIGNED,GF3A_DIRECTIONAL_WRITE_EXHAUSTED_PRIMALITY_UNASSIGNED,513,512,512,NO_RECORDED_FACTOR_PRP_OR_LL_RESULT_AND_NO_ACTIVE_GIMPS_ASSIGNMENT,2026-08-09T09:12:31+00:00,UNALLOCATED,,,,,
SLCMP2607-3459,3459,3459,794171731,2^794171731-1,STRUCTURAL_SCREEN_EXHAUSTED_PRIMALITY_UNASSIGNED,GF3A_DIRECTIONAL_WRITE_EXHAUSTED_PRIMALITY_UNASSIGNED,514,512,512,NO_RECORDED_FACTOR_PRP_OR_LL_RESULT_AND_NO_ACTIVE_GIMPS_ASSIGNMENT,2026-08-09T09:12:31+00:00,UNALLOCATED,,,,,
SLCMP2607-3460,3460,3460,794171999,2^794171999-1,STRUCTURAL_SCREEN_EXHAUSTED_PRIMALITY_UNASSIGNED,GF3A_DIRECTIONAL_WRITE_EXHAUSTED_PRIMALITY_UNASSIGNED,514,512,512,NO_RECORDED_FACTOR_PRP_OR_LL_RESULT_AND_NO_ACTIVE_GIMPS_ASSIGNMENT,2026-08-09T09:12:31+00:00,UNALLOCATED,,,,,
SLCMP2607-3461,3461,3461,794172061,2^794172061-1,STRUCTURAL_SCREEN_EXHAUSTED_PRIMALITY_UNASSIGNED,GF3A_DIRECTIONAL_WRITE_EXHAUSTED_PRIMALITY_UNASSIGNED,513,512,512,NO_RECORDED_FACTOR_PRP_OR_LL_RESULT_AND_NO_ACTIVE_GIMPS_ASSIGNMENT,2026-08-09T09:12:31+00:00,UNALLOCATED,,,,,
SLCMP2607-3462,3462,3462,794172131,2^794172131-1,STRUCTURAL_SCREEN_EXHAUSTED_PRIMALITY_UNASSIGNED,GF3A_DIRECTIONAL_WRITE_EXHAUSTED_PRIMALITY_UNASSIGNED,514,512,512,NO_RECORDED_FACTOR_PRP_OR_LL_RESULT_AND_NO_ACTIVE_GIMPS_ASSIGNMENT,2026-08-09T09:12:31+00:00,UNALLOCATED,,,,,
SLCMP2607-3463,3463,3463,794172151,2^794172151-1,STRUCTURAL_SCREEN_EXHAUSTED_PRIMALITY_UNASSIGNED,GF3A_DIRECTIONAL_WRITE_EXHAUSTED_PRIMALITY_UNASSIGNED,514,512,512,NO_RECORDED_FACTOR_PRP_OR_LL_RESULT_AND_NO_ACTIVE_GIMPS_ASSIGNMENT,2026-08-09T09:12:31+00:00,UNALLOCATED,,,,,
SLCMP2607-3464,3464,3464,794172199,2^794172199-1,STRUCTURAL_SCREEN_EXHAUSTED_PRIMALITY_UNASSIGNED,GF3A_DIRECTIONAL_WRITE_EXHAUSTED_PRIMALITY_UNASSIGNED,514,512,512,NO_RECORDED_FACTOR_PRP_OR_LL_RESULT_AND_NO_ACTIVE_GIMPS_ASSIGNMENT,2026-08-09T09:12:31+00:00,UNALLOCATED,,,,,
SLCMP2607-3465,3465,3465,794172217,2^794172217-1,STRUCTURAL_SCREEN_EXHAUSTED_PRIMALITY_UNASSIGNED,GF3A_DIRECTIONAL_WRITE_EXHAUSTED_PRIMALITY_UNASSIGNED,513,512,512,NO_RECORDED_FACTOR_PRP_OR_LL_RESULT_AND_NO_ACTIVE_GIMPS_ASSIGNMENT,2026-08-09T09:12:31+00:00,UNALLOCATED,,,,,
SLCMP2607-3466,3466,3466,794172233,2^794172233-1,STRUCTURAL_SCREEN_EXHAUSTED_PRIMALITY_UNASSIGNED,GF3A_DIRECTIONAL_WRITE_EXHAUSTED_PRIMALITY_UNASSIGNED,513,512,512,NO_RECORDED_FACTOR_PRP_OR_LL_RESULT_AND_NO_ACTIVE_GIMPS_ASSIGNMENT,2026-08-09T09:12:31+00:00,UNALLOCATED,,,,,
SLCMP2607-3467,3467,3467,794172251,2^794172251-1,STRUCTURAL_SCREEN_EXHAUSTED_PRIMALITY_UNASSIGNED,GF3A_DIRECTIONAL_WRITE_EXHAUSTED_PRIMALITY_UNASSIGNED,514,512,512,NO_RECORDED_FACTOR_PRP_OR_LL_RESULT_AND_NO_ACTIVE_GIMPS_ASSIGNMENT,2026-08-09T09:12:31+00:00,UNALLOCATED,,,,,
SLCMP2607-3468,3468,3468,794172263,2^794172263-1,STRUCTURAL_SCREEN_EXHAUSTED_PRIMALITY_UNASSIGNED,GF3A_DIRECTIONAL_WRITE_EXHAUSTED_PRIMALITY_UNASSIGNED,514,512,512,NO_RECORDED_FACTOR_PRP_OR_LL_RESULT_AND_NO_ACTIVE_GIMPS_ASSIGNMENT,2026-08-09T09:12:31+00:00,UNALLOCATED,,,,,
SLCMP2607-3469,3469,3469,794172367,2^794172367-1,STRUCTURAL_SCREEN_EXHAUSTED_PRIMALITY_UNASSIGNED,GF3A_DIRECTIONAL_WRITE_EXHAUSTED_PRIMALITY_UNASSIGNED,514,512,512,NO_RECORDED_FACTOR_PRP_OR_LL_RESULT_AND_NO_ACTIVE_GIMPS_ASSIGNMENT,2026-08-09T09:12:31+00:00,UNALLOCATED,,,,,
SLCMP2607-3470,3470,3470,794172427,2^794172427-1,STRUCTURAL_SCREEN_EXHAUSTED_PRIMALITY_UNASSIGNED,GF3A_DIRECTIONAL_WRITE_EXHAUSTED_PRIMALITY_UNASSIGNED,514,512,512,NO_RECORDED_FACTOR_PRP_OR_LL_RESULT_AND_NO_ACTIVE_GIMPS_ASSIGNMENT,2026-08-09T09:12:31+00:00,UNALLOCATED,,,,,
SLCMP2607-3471,3471,3471,794172611,2^794172611-1,STRUCTURAL_SCREEN_EXHAUSTED_PRIMALITY_UNASSIGNED,GF3A_DIRECTIONAL_WRITE_EXHAUSTED_PRIMALITY_UNASSIGNED,514,512,512,NO_RECORDED_FACTOR_PRP_OR_LL_RESULT_AND_NO_ACTIVE_GIMPS_ASSIGNMENT,2026-08-09T09:12:31+00:00,UNALLOCATED,,,,,
SLCMP2607-3472,3472,3472,794172649,2^794172649-1,STRUCTURAL_SCREEN_EXHAUSTED_PRIMALITY_UNASSIGNED,GF3A_DIRECTIONAL_WRITE_EXHAUSTED_PRIMALITY_UNASSIGNED,513,512,512,NO_RECORDED_FACTOR_PRP_OR_LL_RESULT_AND_NO_ACTIVE_GIMPS_ASSIGNMENT,2026-08-09T09:12:31+00:00,UNALLOCATED,,,,,
SLCMP2607-3473,3473,3473,794172733,2^794172733-1,STRUCTURAL_SCREEN_EXHAUSTED_PRIMALITY_UNASSIGNED,GF3A_DIRECTIONAL_WRITE_EXHAUSTED_PRIMALITY_UNASSIGNED,513,512,512,NO_RECORDED_FACTOR_PRP_OR_LL_RESULT_AND_NO_ACTIVE_GIMPS_ASSIGNMENT,2026-08-09T09:12:31+00:00,UNALLOCATED,,,,,
SLCMP2607-3474,3474,3474,794172749,2^794172749-1,STRUCTURAL_SCREEN_EXHAUSTED_PRIMALITY_UNASSIGNED,GF3A_DIRECTIONAL_WRITE_EXHAUSTED_PRIMALITY_UNASSIGNED,513,512,512,NO_RECORDED_FACTOR_PRP_OR_LL_RESULT_AND_NO_ACTIVE_GIMPS_ASSIGNMENT,2026-08-09T09:12:31+00:00,UNALLOCATED,,,,,
SLCMP2607-3475,3475,3475,794172857,2^794172857-1,STRUCTURAL_SCREEN_EXHAUSTED_PRIMALITY_UNASSIGNED,GF3A_DIRECTIONAL_WRITE_EXHAUSTED_PRIMALITY_UNASSIGNED,513,512,512,NO_RECORDED_FACTOR_PRP_OR_LL_RESULT_AND_NO_ACTIVE_GIMPS_ASSIGNMENT,2026-08-09T09:12:31+00:00,UNALLOCATED,,,,,
SLCMP2607-3476,3476,3476,794172923,2^794172923-1,STRUCTURAL_SCREEN_EXHAUSTED_PRIMALITY_UNASSIGNED,GF3A_DIRECTIONAL_WRITE_EXHAUSTED_PRIMALITY_UNASSIGNED,514,512,512,NO_RECORDED_FACTOR_PRP_OR_LL_RESULT_AND_NO_ACTIVE_GIMPS_ASSIGNMENT,2026-08-09T09:12:31+00:00,UNALLOCATED,,,,,
SLCMP2607-3477,3477,3477,794172943,2^794172943-1,STRUCTURAL_SCREEN_EXHAUSTED_PRIMALITY_UNASSIGNED,GF3A_DIRECTIONAL_WRITE_EXHAUSTED_PRIMALITY_UNASSIGNED,514,512,512,NO_RECORDED_FACTOR_PRP_OR_LL_RESULT_AND_NO_ACTIVE_GIMPS_ASSIGNMENT,2026-08-09T09:12:31+00:00,UNALLOCATED,,,,,
SLCMP2607-3478,3478,3478,794173057,2^794173057-1,STRUCTURAL_SCREEN_EXHAUSTED_PRIMALITY_UNASSIGNED,GF3A_DIRECTIONAL_WRITE_EXHAUSTED_PRIMALITY_UNASSIGNED,513,512,512,NO_RECORDED_FACTOR_PRP_OR_LL_RESULT_AND_NO_ACTIVE_GIMPS_ASSIGNMENT,2026-08-09T09:12:31+00:00,UNALLOCATED,,,,,
SLCMP2607-3479,3479,3479,794173073,2^794173073-1,STRUCTURAL_SCREEN_EXHAUSTED_PRIMALITY_UNASSIGNED,GF3A_DIRECTIONAL_WRITE_EXHAUSTED_PRIMALITY_UNASSIGNED,513,512,512,NO_RECORDED_FACTOR_PRP_OR_LL_RESULT_AND_NO_ACTIVE_GIMPS_ASSIGNMENT,2026-08-09T09:12:31+00:00,UNALLOCATED,,,,,
SLCMP2607-3480,3480,3480,794173087,2^794173087-1,STRUCTURAL_SCREEN_EXHAUSTED_PRIMALITY_UNASSIGNED,GF3A_DIRECTIONAL_WRITE_EXHAUSTED_PRIMALITY_UNASSIGNED,514,512,512,NO_RECORDED_FACTOR_PRP_OR_LL_RESULT_AND_NO_ACTIVE_GIMPS_ASSIGNMENT,2026-08-09T09:12:31+00:00,UNALLOCATED,,,,,
SLCMP2607-3481,3481,3481,794173103,2^794173103-1,STRUCTURAL_SCREEN_EXHAUSTED_PRIMALITY_UNASSIGNED,GF3A_DIRECTIONAL_WRITE_EXHAUSTED_PRIMALITY_UNASSIGNED,514,512,512,NO_RECORDED_FACTOR_PRP_OR_LL_RESULT_AND_NO_ACTIVE_GIMPS_ASSIGNMENT,2026-08-09T09:12:31+00:00,UNALLOCATED,,,,,
SLCMP2607-3482,3482,3482,794173117,2^794173117-1,STRUCTURAL_SCREEN_EXHAUSTED_PRIMALITY_UNASSIGNED,GF3A_DIRECTIONAL_WRITE_EXHAUSTED_PRIMALITY_UNASSIGNED,513,512,512,NO_RECORDED_FACTOR_PRP_OR_LL_RESULT_AND_NO_ACTIVE_GIMPS_ASSIGNMENT,2026-08-09T09:12:31+00:00,UNALLOCATED,,,,,
SLCMP2607-3483,3483,3483,794173169,2^794173169-1,STRUCTURAL_SCREEN_EXHAUSTED_PRIMALITY_UNASSIGNED,GF3A_DIRECTIONAL_WRITE_EXHAUSTED_PRIMALITY_UNASSIGNED,513,512,512,NO_RECORDED_FACTOR_PRP_OR_LL_RESULT_AND_NO_ACTIVE_GIMPS_ASSIGNMENT,2026-08-09T09:12:31+00:00,UNALLOCATED,,,,,
SLCMP2607-3484,3484,3484,794173199,2^794173199-1,STRUCTURAL_SCREEN_EXHAUSTED_PRIMALITY_UNASSIGNED,GF3A_DIRECTIONAL_WRITE_EXHAUSTED_PRIMALITY_UNASSIGNED,514,512,512,NO_RECORDED_FACTOR_PRP_OR_LL_RESULT_AND_NO_ACTIVE_GIMPS_ASSIGNMENT,2026-08-09T09:12:31+00:00,UNALLOCATED,,,,,
SLCMP2607-3485,3485,3485,794173249,2^794173249-1,STRUCTURAL_SCREEN_EXHAUSTED_PRIMALITY_UNASSIGNED,GF3A_DIRECTIONAL_WRITE_EXHAUSTED_PRIMALITY_UNASSIGNED,513,512,512,NO_RECORDED_FACTOR_PRP_OR_LL_RESULT_AND_NO_ACTIVE_GIMPS_ASSIGNMENT,2026-08-09T09:12:31+00:00,UNALLOCATED,,,,,
SLCMP2607-3486,3486,3486,794173397,2^794173397-1,STRUCTURAL_SCREEN_EXHAUSTED_PRIMALITY_UNASSIGNED,GF3A_DIRECTIONAL_WRITE_EXHAUSTED_PRIMALITY_UNASSIGNED,513,512,512,NO_RECORDED_FACTOR_PRP_OR_LL_RESULT_AND_NO_ACTIVE_GIMPS_ASSIGNMENT,2026-08-09T09:12:31+00:00,UNALLOCATED,,,,,
SLCMP2607-3487,3487,3487,794173441,2^794173441-1,STRUCTURAL_SCREEN_EXHAUSTED_PRIMALITY_UNASSIGNED,GF3A_DIRECTIONAL_WRITE_EXHAUSTED_PRIMALITY_UNASSIGNED,513,512,512,NO_RECORDED_FACTOR_PRP_OR_LL_RESULT_AND_NO_ACTIVE_GIMPS_ASSIGNMENT,2026-08-09T09:12:31+00:00,UNALLOCATED,,,,,
SLCMP2607-3488,3488,3488,794173447,2^794173447-1,STRUCTURAL_SCREEN_EXHAUSTED_PRIMALITY_UNASSIGNED,GF3A_DIRECTIONAL_WRITE_EXHAUSTED_PRIMALITY_UNASSIGNED,514,512,512,NO_RECORDED_FACTOR_PRP_OR_LL_RESULT_AND_NO_ACTIVE_GIMPS_ASSIGNMENT,2026-08-09T09:12:31+00:00,UNALLOCATED,,,,,
SLCMP2607-3489,3489,3489,794173511,2^794173511-1,STRUCTURAL_SCREEN_EXHAUSTED_PRIMALITY_UNASSIGNED,GF3A_DIRECTIONAL_WRITE_EXHAUSTED_PRIMALITY_UNASSIGNED,514,512,512,NO_RECORDED_FACTOR_PRP_OR_LL_RESULT_AND_NO_ACTIVE_GIMPS_ASSIGNMENT,2026-08-09T09:12:31+00:00,UNALLOCATED,,,,,
SLCMP2607-3490,3490,3490,794173537,2^794173537-1,STRUCTURAL_SCREEN_EXHAUSTED_PRIMALITY_UNASSIGNED,GF3A_DIRECTIONAL_WRITE_EXHAUSTED_PRIMALITY_UNASSIGNED,513,512,512,NO_RECORDED_FACTOR_PRP_OR_LL_RESULT_AND_NO_ACTIVE_GIMPS_ASSIGNMENT,2026-08-09T09:12:31+00:00,UNALLOCATED,,,,,
SLCMP2607-3491,3491,3491,794173771,2^794173771-1,STRUCTURAL_SCREEN_EXHAUSTED_PRIMALITY_UNASSIGNED,GF3A_DIRECTIONAL_WRITE_EXHAUSTED_PRIMALITY_UNASSIGNED,514,512,512,NO_RECORDED_FACTOR_PRP_OR_LL_RESULT_AND_NO_ACTIVE_GIMPS_ASSIGNMENT,2026-08-09T09:12:31+00:00,UNALLOCATED,,,,,
SLCMP2607-3492,3492,3492,794173873,2^794173873-1,STRUCTURAL_SCREEN_EXHAUSTED_PRIMALITY_UNASSIGNED,GF3A_DIRECTIONAL_WRITE_EXHAUSTED_PRIMALITY_UNASSIGNED,513,512,512,NO_RECORDED_FACTOR_PRP_OR_LL_RESULT_AND_NO_ACTIVE_GIMPS_ASSIGNMENT,2026-08-09T09:12:31+00:00,UNALLOCATED,,,,,
SLCMP2607-3493,3493,3493,794173907,2^794173907-1,STRUCTURAL_SCREEN_EXHAUSTED_PRIMALITY_UNASSIGNED,GF3A_DIRECTIONAL_WRITE_EXHAUSTED_PRIMALITY_UNASSIGNED,514,512,512,NO_RECORDED_FACTOR_PRP_OR_LL_RESULT_AND_NO_ACTIVE_GIMPS_ASSIGNMENT,2026-08-09T09:12:31+00:00,UNALLOCATED,,,,,
SLCMP2607-3494,3494,3494,794174071,2^794174071-1,STRUCTURAL_SCREEN_EXHAUSTED_PRIMALITY_UNASSIGNED,GF3A_DIRECTIONAL_WRITE_EXHAUSTED_PRIMALITY_UNASSIGNED,514,512,512,NO_RECORDED_FACTOR_PRP_OR_LL_RESULT_AND_NO_ACTIVE_GIMPS_ASSIGNMENT,2026-08-09T09:12:31+00:00,UNALLOCATED,,,,,
SLCMP2607-3495,3495,3495,794174083,2^794174083-1,STRUCTURAL_SCREEN_EXHAUSTED_PRIMALITY_UNASSIGNED,GF3A_DIRECTIONAL_WRITE_EXHAUSTED_PRIMALITY_UNASSIGNED,514,512,512,NO_RECORDED_FACTOR_PRP_OR_LL_RESULT_AND_NO_ACTIVE_GIMPS_ASSIGNMENT,2026-08-09T09:12:31+00:00,UNALLOCATED,,,,,
SLCMP2607-3496,3496,3496,794174131,2^794174131-1,STRUCTURAL_SCREEN_EXHAUSTED_PRIMALITY_UNASSIGNED,GF3A_DIRECTIONAL_WRITE_EXHAUSTED_PRIMALITY_UNASSIGNED,514,512,512,NO_RECORDED_FACTOR_PRP_OR_LL_RESULT_AND_NO_ACTIVE_GIMPS_ASSIGNMENT,2026-08-09T09:12:31+00:00,UNALLOCATED,,,,,
SLCMP2607-3497,3497,3497,794174149,2^794174149-1,STRUCTURAL_SCREEN_EXHAUSTED_PRIMALITY_UNASSIGNED,GF3A_DIRECTIONAL_WRITE_EXHAUSTED_PRIMALITY_UNASSIGNED,513,512,512,NO_RECORDED_FACTOR_PRP_OR_LL_RESULT_AND_NO_ACTIVE_GIMPS_ASSIGNMENT,2026-08-09T09:12:31+00:00,UNALLOCATED,,,,,
SLCMP2607-3498,3498,3498,794174191,2^794174191-1,STRUCTURAL_SCREEN_EXHAUSTED_PRIMALITY_UNASSIGNED,GF3A_DIRECTIONAL_WRITE_EXHAUSTED_PRIMALITY_UNASSIGNED,514,512,512,NO_RECORDED_FACTOR_PRP_OR_LL_RESULT_AND_NO_ACTIVE_GIMPS_ASSIGNMENT,2026-08-09T09:12:31+00:00,UNALLOCATED,,,,,
SLCMP2607-3499,3499,3499,794174203,2^794174203-1,STRUCTURAL_SCREEN_EXHAUSTED_PRIMALITY_UNASSIGNED,GF3A_DIRECTIONAL_WRITE_EXHAUSTED_PRIMALITY_UNASSIGNED,514,512,512,NO_RECORDED_FACTOR_PRP_OR_LL_RESULT_AND_NO_ACTIVE_GIMPS_ASSIGNMENT,2026-08-09T09:12:31+00:00,UNALLOCATED,,,,,
SLCMP2607-3500,3500,3500,794174233,2^794174233-1,STRUCTURAL_SCREEN_EXHAUSTED_PRIMALITY_UNASSIGNED,GF3A_DIRECTIONAL_WRITE_EXHAUSTED_PRIMALITY_UNASSIGNED,513,512,512,NO_RECORDED_FACTOR_PRP_OR_LL_RESULT_AND_NO_ACTIVE_GIMPS_ASSIGNMENT,2026-08-09T09:12:31+00:00,UNALLOCATED,,,,,
SLCMP2607-3501,3501,3501,794174287,2^794174287-1,STRUCTURAL_SCREEN_EXHAUSTED_PRIMALITY_UNASSIGNED,GF3A_DIRECTIONAL_WRITE_EXHAUSTED_PRIMALITY_UNASSIGNED,514,512,512,NO_RECORDED_FACTOR_PRP_OR_LL_RESULT_AND_NO_ACTIVE_GIMPS_ASSIGNMENT,2026-08-09T09:12:31+00:00,UNALLOCATED,,,,,
SLCMP2607-3502,3502,3502,794174299,2^794174299-1,STRUCTURAL_SCREEN_EXHAUSTED_PRIMALITY_UNASSIGNED,GF3A_DIRECTIONAL_WRITE_EXHAUSTED_PRIMALITY_UNASSIGNED,514,512,512,NO_RECORDED_FACTOR_PRP_OR_LL_RESULT_AND_NO_ACTIVE_GIMPS_ASSIGNMENT,2026-08-09T09:12:31+00:00,UNALLOCATED,,,,,
SLCMP2607-3503,3503,3503,794174347,2^794174347-1,STRUCTURAL_SCREEN_EXHAUSTED_PRIMALITY_UNASSIGNED,GF3A_DIRECTIONAL_WRITE_EXHAUSTED_PRIMALITY_UNASSIGNED,514,512,512,NO_RECORDED_FACTOR_PRP_OR_LL_RESULT_AND_NO_ACTIVE_GIMPS_ASSIGNMENT,2026-08-09T09:12:31+00:00,UNALLOCATED,,,,,
SLCMP2607-3504,3504,3504,794174357,2^794174357-1,STRUCTURAL_SCREEN_EXHAUSTED_PRIMALITY_UNASSIGNED,GF3A_DIRECTIONAL_WRITE_EXHAUSTED_PRIMALITY_UNASSIGNED,513,512,512,NO_RECORDED_FACTOR_PRP_OR_LL_RESULT_AND_NO_ACTIVE_GIMPS_ASSIGNMENT,2026-08-09T09:12:31+00:00,UNALLOCATED,,,,,
SLCMP2607-3505,3505,3505,794174411,2^794174411-1,STRUCTURAL_SCREEN_EXHAUSTED_PRIMALITY_UNASSIGNED,GF3A_DIRECTIONAL_WRITE_EXHAUSTED_PRIMALITY_UNASSIGNED,514,512,512,NO_RECORDED_FACTOR_PRP_OR_LL_RESULT_AND_NO_ACTIVE_GIMPS_ASSIGNMENT,2026-08-09T09:12:31+00:00,UNALLOCATED,,,,,
SLCMP2607-3506,3506,3506,794174453,2^794174453-1,STRUCTURAL_SCREEN_EXHAUSTED_PRIMALITY_UNASSIGNED,GF3A_DIRECTIONAL_WRITE_EXHAUSTED_PRIMALITY_UNASSIGNED,513,512,512,NO_RECORDED_FACTOR_PRP_OR_LL_RESULT_AND_NO_ACTIVE_GIMPS_ASSIGNMENT,2026-08-09T09:12:31+00:00,UNALLOCATED,,,,,
SLCMP2607-3507,3507,3507,794174467,2^794174467-1,STRUCTURAL_SCREEN_EXHAUSTED_PRIMALITY_UNASSIGNED,GF3A_DIRECTIONAL_WRITE_EXHAUSTED_PRIMALITY_UNASSIGNED,514,512,512,NO_RECORDED_FACTOR_PRP_OR_LL_RESULT_AND_NO_ACTIVE_GIMPS_ASSIGNMENT,2026-08-09T09:12:31+00:00,UNALLOCATED,,,,,
SLCMP2607-3508,3508,3508,794174581,2^794174581-1,STRUCTURAL_SCREEN_EXHAUSTED_PRIMALITY_UNASSIGNED,GF3A_DIRECTIONAL_WRITE_EXHAUSTED_PRIMALITY_UNASSIGNED,513,512,512,NO_RECORDED_FACTOR_PRP_OR_LL_RESULT_AND_NO_ACTIVE_GIMPS_ASSIGNMENT,2026-08-09T09:12:31+00:00,UNALLOCATED,,,,,
SLCMP2607-3509,3509,3509,794174617,2^794174617-1,STRUCTURAL_SCREEN_EXHAUSTED_PRIMALITY_UNASSIGNED,GF3A_DIRECTIONAL_WRITE_EXHAUSTED_PRIMALITY_UNASSIGNED,513,512,512,NO_RECORDED_FACTOR_PRP_OR_LL_RESULT_AND_NO_ACTIVE_GIMPS_ASSIGNMENT,2026-08-09T09:12:31+00:00,UNALLOCATED,,,,,
SLCMP2607-3510,3510,3510,794174663,2^794174663-1,STRUCTURAL_SCREEN_EXHAUSTED_PRIMALITY_UNASSIGNED,GF3A_DIRECTIONAL_WRITE_EXHAUSTED_PRIMALITY_UNASSIGNED,514,512,512,NO_RECORDED_FACTOR_PRP_OR_LL_RESULT_AND_NO_ACTIVE_GIMPS_ASSIGNMENT,2026-08-09T09:12:31+00:00,UNALLOCATED,,,,,
SLCMP2607-3511,3511,3511,794174683,2^794174683-1,STRUCTURAL_SCREEN_EXHAUSTED_PRIMALITY_UNASSIGNED,GF3A_DIRECTIONAL_WRITE_EXHAUSTED_PRIMALITY_UNASSIGNED,514,512,512,NO_RECORDED_FACTOR_PRP_OR_LL_RESULT_AND_NO_ACTIVE_GIMPS_ASSIGNMENT,2026-08-09T09:12:31+00:00,UNALLOCATED,,,,,
SLCMP2607-3512,3512,3512,794174729,2^794174729-1,STRUCTURAL_SCREEN_EXHAUSTED_PRIMALITY_UNASSIGNED,GF3A_DIRECTIONAL_WRITE_EXHAUSTED_PRIMALITY_UNASSIGNED,513,512,512,NO_RECORDED_FACTOR_PRP_OR_LL_RESULT_AND_NO_ACTIVE_GIMPS_ASSIGNMENT,2026-08-09T09:12:31+00:00,UNALLOCATED,,,,,
SLCMP2607-3513,3513,3513,794174761,2^794174761-1,STRUCTURAL_SCREEN_EXHAUSTED_PRIMALITY_UNASSIGNED,GF3A_DIRECTIONAL_WRITE_EXHAUSTED_PRIMALITY_UNASSIGNED,513,512,512,NO_RECORDED_FACTOR_PRP_OR_LL_RESULT_AND_NO_ACTIVE_GIMPS_ASSIGNMENT,2026-08-09T09:12:31+00:00,UNALLOCATED,,,,,
SLCMP2607-3514,3514,3514,794174809,2^794174809-1,STRUCTURAL_SCREEN_EXHAUSTED_PRIMALITY_UNASSIGNED,GF3A_DIRECTIONAL_WRITE_EXHAUSTED_PRIMALITY_UNASSIGNED,513,512,512,NO_RECORDED_FACTOR_PRP_OR_LL_RESULT_AND_NO_ACTIVE_GIMPS_ASSIGNMENT,2026-08-09T09:12:31+00:00,UNALLOCATED,,,,,
SLCMP2607-3515,3515,3515,794174837,2^794174837-1,STRUCTURAL_SCREEN_EXHAUSTED_PRIMALITY_UNASSIGNED,GF3A_DIRECTIONAL_WRITE_EXHAUSTED_PRIMALITY_UNASSIGNED,513,512,512,NO_RECORDED_FACTOR_PRP_OR_LL_RESULT_AND_NO_ACTIVE_GIMPS_ASSIGNMENT,2026-08-09T09:12:31+00:00,UNALLOCATED,,,,,
SLCMP2607-3516,3516,3516,794174851,2^794174851-1,STRUCTURAL_SCREEN_EXHAUSTED_PRIMALITY_UNASSIGNED,GF3A_DIRECTIONAL_WRITE_EXHAUSTED_PRIMALITY_UNASSIGNED,514,512,512,NO_RECORDED_FACTOR_PRP_OR_LL_RESULT_AND_NO_ACTIVE_GIMPS_ASSIGNMENT,2026-08-09T09:12:31+00:00,UNALLOCATED,,,,,
SLCMP2607-3517,3517,3517,794174911,2^794174911-1,STRUCTURAL_SCREEN_EXHAUSTED_PRIMALITY_UNASSIGNED,GF3A_DIRECTIONAL_WRITE_EXHAUSTED_PRIMALITY_UNASSIGNED,514,512,512,NO_RECORDED_FACTOR_PRP_OR_LL_RESULT_AND_NO_ACTIVE_GIMPS_ASSIGNMENT,2026-08-09T09:12:31+00:00,UNALLOCATED,,,,,
SLCMP2607-3518,3518,3518,794175061,2^794175061-1,STRUCTURAL_SCREEN_EXHAUSTED_PRIMALITY_UNASSIGNED,GF3A_DIRECTIONAL_WRITE_EXHAUSTED_PRIMALITY_UNASSIGNED,513,512,512,NO_RECORDED_FACTOR_PRP_OR_LL_RESULT_AND_NO_ACTIVE_GIMPS_ASSIGNMENT,2026-08-09T09:12:31+00:00,UNALLOCATED,,,,,
SLCMP2607-3519,3519,3519,794175089,2^794175089-1,STRUCTURAL_SCREEN_EXHAUSTED_PRIMALITY_UNASSIGNED,GF3A_DIRECTIONAL_WRITE_EXHAUSTED_PRIMALITY_UNASSIGNED,513,512,512,NO_RECORDED_FACTOR_PRP_OR_LL_RESULT_AND_NO_ACTIVE_GIMPS_ASSIGNMENT,2026-08-09T09:12:31+00:00,UNALLOCATED,,,,,
SLCMP2607-3520,3520,3520,794175113,2^794175113-1,STRUCTURAL_SCREEN_EXHAUSTED_PRIMALITY_UNASSIGNED,GF3A_DIRECTIONAL_WRITE_EXHAUSTED_PRIMALITY_UNASSIGNED,513,512,512,NO_RECORDED_FACTOR_PRP_OR_LL_RESULT_AND_NO_ACTIVE_GIMPS_ASSIGNMENT,2026-08-09T09:12:31+00:00,UNALLOCATED,,,,,
SLCMP2607-3521,3521,3521,794175191,2^794175191-1,STRUCTURAL_SCREEN_EXHAUSTED_PRIMALITY_UNASSIGNED,GF3A_DIRECTIONAL_WRITE_EXHAUSTED_PRIMALITY_UNASSIGNED,514,512,512,NO_RECORDED_FACTOR_PRP_OR_LL_RESULT_AND_NO_ACTIVE_GIMPS_ASSIGNMENT,2026-08-09T09:12:31+00:00,UNALLOCATED,,,,,
SLCMP2607-3522,3522,3522,794175197,2^794175197-1,STRUCTURAL_SCREEN_EXHAUSTED_PRIMALITY_UNASSIGNED,GF3A_DIRECTIONAL_WRITE_EXHAUSTED_PRIMALITY_UNASSIGNED,513,512,512,NO_RECORDED_FACTOR_PRP_OR_LL_RESULT_AND_NO_ACTIVE_GIMPS_ASSIGNMENT,2026-08-09T09:12:31+00:00,UNALLOCATED,,,,,
SLCMP2607-3523,3523,3523,794175203,2^794175203-1,STRUCTURAL_SCREEN_EXHAUSTED_PRIMALITY_UNASSIGNED,GF3A_DIRECTIONAL_WRITE_EXHAUSTED_PRIMALITY_UNASSIGNED,514,512,512,NO_RECORDED_FACTOR_PRP_OR_LL_RESULT_AND_NO_ACTIVE_GIMPS_ASSIGNMENT,2026-08-09T09:12:31+00:00,UNALLOCATED,,,,,
SLCMP2607-3524,3524,3524,794175209,2^794175209-1,STRUCTURAL_SCREEN_EXHAUSTED_PRIMALITY_UNASSIGNED,GF3A_DIRECTIONAL_WRITE_EXHAUSTED_PRIMALITY_UNASSIGNED,513,512,512,NO_RECORDED_FACTOR_PRP_OR_LL_RESULT_AND_NO_ACTIVE_GIMPS_ASSIGNMENT,2026-08-09T09:12:31+00:00,UNALLOCATED,,,,,
SLCMP2607-3525,3525,3525,794175271,2^794175271-1,STRUCTURAL_SCREEN_EXHAUSTED_PRIMALITY_UNASSIGNED,GF3A_DIRECTIONAL_WRITE_EXHAUSTED_PRIMALITY_UNASSIGNED,514,512,512,NO_RECORDED_FACTOR_PRP_OR_LL_RESULT_AND_NO_ACTIVE_GIMPS_ASSIGNMENT,2026-08-09T09:12:31+00:00,UNALLOCATED,,,,,
SLCMP2607-3526,3526,3526,794175331,2^794175331-1,STRUCTURAL_SCREEN_EXHAUSTED_PRIMALITY_UNASSIGNED,GF3A_DIRECTIONAL_WRITE_EXHAUSTED_PRIMALITY_UNASSIGNED,514,512,512,NO_RECORDED_FACTOR_PRP_OR_LL_RESULT_AND_NO_ACTIVE_GIMPS_ASSIGNMENT,2026-08-09T09:12:31+00:00,UNALLOCATED,,,,,
SLCMP2607-3527,3527,3527,794175559,2^794175559-1,STRUCTURAL_SCREEN_EXHAUSTED_PRIMALITY_UNASSIGNED,GF3A_DIRECTIONAL_WRITE_EXHAUSTED_PRIMALITY_UNASSIGNED,514,512,512,NO_RECORDED_FACTOR_PRP_OR_LL_RESULT_AND_NO_ACTIVE_GIMPS_ASSIGNMENT,2026-08-09T09:12:31+00:00,UNALLOCATED,,,,,
SLCMP2607-3528,3528,3528,794175601,2^794175601-1,STRUCTURAL_SCREEN_EXHAUSTED_PRIMALITY_UNASSIGNED,GF3A_DIRECTIONAL_WRITE_EXHAUSTED_PRIMALITY_UNASSIGNED,513,512,512,NO_RECORDED_FACTOR_PRP_OR_LL_RESULT_AND_NO_ACTIVE_GIMPS_ASSIGNMENT,2026-08-09T09:12:31+00:00,UNALLOCATED,,,,,
SLCMP2607-3529,3529,3529,794175751,2^794175751-1,STRUCTURAL_SCREEN_EXHAUSTED_PRIMALITY_UNASSIGNED,GF3A_DIRECTIONAL_WRITE_EXHAUSTED_PRIMALITY_UNASSIGNED,514,512,512,NO_RECORDED_FACTOR_PRP_OR_LL_RESULT_AND_NO_ACTIVE_GIMPS_ASSIGNMENT,2026-08-09T09:12:31+00:00,UNALLOCATED,,,,,
SLCMP2607-3530,3530,3530,794175761,2^794175761-1,STRUCTURAL_SCREEN_EXHAUSTED_PRIMALITY_UNASSIGNED,GF3A_DIRECTIONAL_WRITE_EXHAUSTED_PRIMALITY_UNASSIGNED,513,512,512,NO_RECORDED_FACTOR_PRP_OR_LL_RESULT_AND_NO_ACTIVE_GIMPS_ASSIGNMENT,2026-08-09T09:12:31+00:00,UNALLOCATED,,,,,
SLCMP2607-3531,3531,3531,794175769,2^794175769-1,STRUCTURAL_SCREEN_EXHAUSTED_PRIMALITY_UNASSIGNED,GF3A_DIRECTIONAL_WRITE_EXHAUSTED_PRIMALITY_UNASSIGNED,513,512,512,NO_RECORDED_FACTOR_PRP_OR_LL_RESULT_AND_NO_ACTIVE_GIMPS_ASSIGNMENT,2026-08-09T09:12:31+00:00,UNALLOCATED,,,,,
SLCMP2607-3532,3532,3532,794175803,2^794175803-1,STRUCTURAL_SCREEN_EXHAUSTED_PRIMALITY_UNASSIGNED,GF3A_DIRECTIONAL_WRITE_EXHAUSTED_PRIMALITY_UNASSIGNED,514,512,512,NO_RECORDED_FACTOR_PRP_OR_LL_RESULT_AND_NO_ACTIVE_GIMPS_ASSIGNMENT,2026-08-09T09:12:31+00:00,UNALLOCATED,,,,,
SLCMP2607-3533,3533,3533,794175959,2^794175959-1,STRUCTURAL_SCREEN_EXHAUSTED_PRIMALITY_UNASSIGNED,GF3A_DIRECTIONAL_WRITE_EXHAUSTED_PRIMALITY_UNASSIGNED,514,512,512,NO_RECORDED_FACTOR_PRP_OR_LL_RESULT_AND_NO_ACTIVE_GIMPS_ASSIGNMENT,2026-08-09T09:12:31+00:00,UNALLOCATED,,,,,
SLCMP2607-3534,3534,3534,794176037,2^794176037-1,STRUCTURAL_SCREEN_EXHAUSTED_PRIMALITY_UNASSIGNED,GF3A_DIRECTIONAL_WRITE_EXHAUSTED_PRIMALITY_UNASSIGNED,513,512,512,NO_RECORDED_FACTOR_PRP_OR_LL_RESULT_AND_NO_ACTIVE_GIMPS_ASSIGNMENT,2026-08-09T09:12:31+00:00,UNALLOCATED,,,,,
SLCMP2607-3535,3535,3535,794176051,2^794176051-1,STRUCTURAL_SCREEN_EXHAUSTED_PRIMALITY_UNASSIGNED,GF3A_DIRECTIONAL_WRITE_EXHAUSTED_PRIMALITY_UNASSIGNED,514,512,512,NO_RECORDED_FACTOR_PRP_OR_LL_RESULT_AND_NO_ACTIVE_GIMPS_ASSIGNMENT,2026-08-09T09:12:31+00:00,UNALLOCATED,,,,,
SLCMP2607-3536,3536,3536,794176067,2^794176067-1,STRUCTURAL_SCREEN_EXHAUSTED_PRIMALITY_UNASSIGNED,GF3A_DIRECTIONAL_WRITE_EXHAUSTED_PRIMALITY_UNASSIGNED,514,512,512,NO_RECORDED_FACTOR_PRP_OR_LL_RESULT_AND_NO_ACTIVE_GIMPS_ASSIGNMENT,2026-08-09T09:12:31+00:00,UNALLOCATED,,,,,
SLCMP2607-3537,3537,3537,794176081,2^794176081-1,STRUCTURAL_SCREEN_EXHAUSTED_PRIMALITY_UNASSIGNED,GF3A_DIRECTIONAL_WRITE_EXHAUSTED_PRIMALITY_UNASSIGNED,513,512,512,NO_RECORDED_FACTOR_PRP_OR_LL_RESULT_AND_NO_ACTIVE_GIMPS_ASSIGNMENT,2026-08-09T09:12:31+00:00,UNALLOCATED,,,,,
SLCMP2607-3538,3538,3538,794176087,2^794176087-1,STRUCTURAL_SCREEN_EXHAUSTED_PRIMALITY_UNASSIGNED,GF3A_DIRECTIONAL_WRITE_EXHAUSTED_PRIMALITY_UNASSIGNED,514,512,512,NO_RECORDED_FACTOR_PRP_OR_LL_RESULT_AND_NO_ACTIVE_GIMPS_ASSIGNMENT,2026-08-09T09:12:31+00:00,UNALLOCATED,,,,,
SLCMP2607-3539,3539,3539,794176099,2^794176099-1,STRUCTURAL_SCREEN_EXHAUSTED_PRIMALITY_UNASSIGNED,GF3A_DIRECTIONAL_WRITE_EXHAUSTED_PRIMALITY_UNASSIGNED,514,512,512,NO_RECORDED_FACTOR_PRP_OR_LL_RESULT_AND_NO_ACTIVE_GIMPS_ASSIGNMENT,2026-08-09T09:12:31+00:00,UNALLOCATED,,,,,
SLCMP2607-3540,3540,3540,794176171,2^794176171-1,STRUCTURAL_SCREEN_EXHAUSTED_PRIMALITY_UNASSIGNED,GF3A_DIRECTIONAL_WRITE_EXHAUSTED_PRIMALITY_UNASSIGNED,514,512,512,NO_RECORDED_FACTOR_PRP_OR_LL_RESULT_AND_NO_ACTIVE_GIMPS_ASSIGNMENT,2026-08-09T09:12:31+00:00,UNALLOCATED,,,,,
SLCMP2607-3541,3541,3541,794176181,2^794176181-1,STRUCTURAL_SCREEN_EXHAUSTED_PRIMALITY_UNASSIGNED,GF3A_DIRECTIONAL_WRITE_EXHAUSTED_PRIMALITY_UNASSIGNED,513,512,512,NO_RECORDED_FACTOR_PRP_OR_LL_RESULT_AND_NO_ACTIVE_GIMPS_ASSIGNMENT,2026-08-09T09:12:31+00:00,UNALLOCATED,,,,,
SLCMP2607-3542,3542,3542,794176189,2^794176189-1,STRUCTURAL_SCREEN_EXHAUSTED_PRIMALITY_UNASSIGNED,GF3A_DIRECTIONAL_WRITE_EXHAUSTED_PRIMALITY_UNASSIGNED,513,512,512,NO_RECORDED_FACTOR_PRP_OR_LL_RESULT_AND_NO_ACTIVE_GIMPS_ASSIGNMENT,2026-08-09T09:12:31+00:00,UNALLOCATED,,,,,
SLCMP2607-3543,3543,3543,794176237,2^794176237-1,STRUCTURAL_SCREEN_EXHAUSTED_PRIMALITY_UNASSIGNED,GF3A_DIRECTIONAL_WRITE_EXHAUSTED_PRIMALITY_UNASSIGNED,513,512,512,NO_RECORDED_FACTOR_PRP_OR_LL_RESULT_AND_NO_ACTIVE_GIMPS_ASSIGNMENT,2026-08-09T09:12:31+00:00,UNALLOCATED,,,,,
SLCMP2607-3544,3544,3544,794176277,2^794176277-1,STRUCTURAL_SCREEN_EXHAUSTED_PRIMALITY_UNASSIGNED,GF3A_DIRECTIONAL_WRITE_EXHAUSTED_PRIMALITY_UNASSIGNED,513,512,512,NO_RECORDED_FACTOR_PRP_OR_LL_RESULT_AND_NO_ACTIVE_GIMPS_ASSIGNMENT,2026-08-09T09:12:31+00:00,UNALLOCATED,,,,,
SLCMP2607-3545,3545,3545,794176333,2^794176333-1,STRUCTURAL_SCREEN_EXHAUSTED_PRIMALITY_UNASSIGNED,GF3A_DIRECTIONAL_WRITE_EXHAUSTED_PRIMALITY_UNASSIGNED,513,512,512,NO_RECORDED_FACTOR_PRP_OR_LL_RESULT_AND_NO_ACTIVE_GIMPS_ASSIGNMENT,2026-08-09T09:12:31+00:00,UNALLOCATED,,,,,
SLCMP2607-3546,3546,3546,794176447,2^794176447-1,STRUCTURAL_SCREEN_EXHAUSTED_PRIMALITY_UNASSIGNED,GF3A_DIRECTIONAL_WRITE_EXHAUSTED_PRIMALITY_UNASSIGNED,514,512,512,NO_RECORDED_FACTOR_PRP_OR_LL_RESULT_AND_NO_ACTIVE_GIMPS_ASSIGNMENT,2026-08-09T09:12:31+00:00,UNALLOCATED,,,,,
SLCMP2607-3547,3547,3547,794176463,2^794176463-1,STRUCTURAL_SCREEN_EXHAUSTED_PRIMALITY_UNASSIGNED,GF3A_DIRECTIONAL_WRITE_EXHAUSTED_PRIMALITY_UNASSIGNED,514,512,512,NO_RECORDED_FACTOR_PRP_OR_LL_RESULT_AND_NO_ACTIVE_GIMPS_ASSIGNMENT,2026-08-09T09:12:31+00:00,UNALLOCATED,,,,,
SLCMP2607-3548,3548,3548,794176609,2^794176609-1,STRUCTURAL_SCREEN_EXHAUSTED_PRIMALITY_UNASSIGNED,GF3A_DIRECTIONAL_WRITE_EXHAUSTED_PRIMALITY_UNASSIGNED,513,512,512,NO_RECORDED_FACTOR_PRP_OR_LL_RESULT_AND_NO_ACTIVE_GIMPS_ASSIGNMENT,2026-08-09T09:12:31+00:00,UNALLOCATED,,,,,
SLCMP2607-3549,3549,3549,794176849,2^794176849-1,STRUCTURAL_SCREEN_EXHAUSTED_PRIMALITY_UNASSIGNED,GF3A_DIRECTIONAL_WRITE_EXHAUSTED_PRIMALITY_UNASSIGNED,513,512,512,NO_RECORDED_FACTOR_PRP_OR_LL_RESULT_AND_NO_ACTIVE_GIMPS_ASSIGNMENT,2026-08-09T09:12:31+00:00,UNALLOCATED,,,,,
SLCMP2607-3550,3550,3550,794177107,2^794177107-1,STRUCTURAL_SCREEN_EXHAUSTED_PRIMALITY_UNASSIGNED,GF3A_DIRECTIONAL_WRITE_EXHAUSTED_PRIMALITY_UNASSIGNED,514,512,512,NO_RECORDED_FACTOR_PRP_OR_LL_RESULT_AND_NO_ACTIVE_GIMPS_ASSIGNMENT,2026-08-09T09:12:31+00:00,UNALLOCATED,,,,,
SLCMP2607-3551,3551,3551,794177119,2^794177119-1,STRUCTURAL_SCREEN_EXHAUSTED_PRIMALITY_UNASSIGNED,GF3A_DIRECTIONAL_WRITE_EXHAUSTED_PRIMALITY_UNASSIGNED,514,512,512,NO_RECORDED_FACTOR_PRP_OR_LL_RESULT_AND_NO_ACTIVE_GIMPS_ASSIGNMENT,2026-08-09T09:12:31+00:00,UNALLOCATED,,,,,
SLCMP2607-3552,3552,3552,794177149,2^794177149-1,STRUCTURAL_SCREEN_EXHAUSTED_PRIMALITY_UNASSIGNED,GF3A_DIRECTIONAL_WRITE_EXHAUSTED_PRIMALITY_UNASSIGNED,513,512,512,NO_RECORDED_FACTOR_PRP_OR_LL_RESULT_AND_NO_ACTIVE_GIMPS_ASSIGNMENT,2026-08-09T09:12:31+00:00,UNALLOCATED,,,,,
SLCMP2607-3553,3553,3553,794177201,2^794177201-1,STRUCTURAL_SCREEN_EXHAUSTED_PRIMALITY_UNASSIGNED,GF3A_DIRECTIONAL_WRITE_EXHAUSTED_PRIMALITY_UNASSIGNED,513,512,512,NO_RECORDED_FACTOR_PRP_OR_LL_RESULT_AND_NO_ACTIVE_GIMPS_ASSIGNMENT,2026-08-09T09:12:31+00:00,UNALLOCATED,,,,,
SLCMP2607-3554,3554,3554,794177323,2^794177323-1,STRUCTURAL_SCREEN_EXHAUSTED_PRIMALITY_UNASSIGNED,GF3A_DIRECTIONAL_WRITE_EXHAUSTED_PRIMALITY_UNASSIGNED,514,512,512,NO_RECORDED_FACTOR_PRP_OR_LL_RESULT_AND_NO_ACTIVE_GIMPS_ASSIGNMENT,2026-08-09T09:12:31+00:00,UNALLOCATED,,,,,
SLCMP2607-3555,3555,3555,794177393,2^794177393-1,STRUCTURAL_SCREEN_EXHAUSTED_PRIMALITY_UNASSIGNED,GF3A_DIRECTIONAL_WRITE_EXHAUSTED_PRIMALITY_UNASSIGNED,513,512,512,NO_RECORDED_FACTOR_PRP_OR_LL_RESULT_AND_NO_ACTIVE_GIMPS_ASSIGNMENT,2026-08-09T09:12:31+00:00,UNALLOCATED,,,,,
SLCMP2607-3556,3556,3556,794177429,2^794177429-1,STRUCTURAL_SCREEN_EXHAUSTED_PRIMALITY_UNASSIGNED,GF3A_DIRECTIONAL_WRITE_EXHAUSTED_PRIMALITY_UNASSIGNED,513,512,512,NO_RECORDED_FACTOR_PRP_OR_LL_RESULT_AND_NO_ACTIVE_GIMPS_ASSIGNMENT,2026-08-09T09:12:31+00:00,UNALLOCATED,,,,,
SLCMP2607-3557,3557,3557,794177431,2^794177431-1,STRUCTURAL_SCREEN_EXHAUSTED_PRIMALITY_UNASSIGNED,GF3A_DIRECTIONAL_WRITE_EXHAUSTED_PRIMALITY_UNASSIGNED,514,512,512,NO_RECORDED_FACTOR_PRP_OR_LL_RESULT_AND_NO_ACTIVE_GIMPS_ASSIGNMENT,2026-08-09T09:12:31+00:00,UNALLOCATED,,,,,
SLCMP2607-3558,3558,3558,794177479,2^794177479-1,STRUCTURAL_SCREEN_EXHAUSTED_PRIMALITY_UNASSIGNED,GF3A_DIRECTIONAL_WRITE_EXHAUSTED_PRIMALITY_UNASSIGNED,514,512,512,NO_RECORDED_FACTOR_PRP_OR_LL_RESULT_AND_NO_ACTIVE_GIMPS_ASSIGNMENT,2026-08-09T09:12:31+00:00,UNALLOCATED,,,,,
SLCMP2607-3559,3559,3559,794177543,2^794177543-1,STRUCTURAL_SCREEN_EXHAUSTED_PRIMALITY_UNASSIGNED,GF3A_DIRECTIONAL_WRITE_EXHAUSTED_PRIMALITY_UNASSIGNED,514,512,512,NO_RECORDED_FACTOR_PRP_OR_LL_RESULT_AND_NO_ACTIVE_GIMPS_ASSIGNMENT,2026-08-09T09:12:31+00:00,UNALLOCATED,,,,,
SLCMP2607-3560,3560,3560,794177563,2^794177563-1,STRUCTURAL_SCREEN_EXHAUSTED_PRIMALITY_UNASSIGNED,GF3A_DIRECTIONAL_WRITE_EXHAUSTED_PRIMALITY_UNASSIGNED,514,512,512,NO_RECORDED_FACTOR_PRP_OR_LL_RESULT_AND_NO_ACTIVE_GIMPS_ASSIGNMENT,2026-08-09T09:12:31+00:00,UNALLOCATED,,,,,
SLCMP2607-3561,3561,3561,794177581,2^794177581-1,STRUCTURAL_SCREEN_EXHAUSTED_PRIMALITY_UNASSIGNED,GF3A_DIRECTIONAL_WRITE_EXHAUSTED_PRIMALITY_UNASSIGNED,513,512,512,NO_RECORDED_FACTOR_PRP_OR_LL_RESULT_AND_NO_ACTIVE_GIMPS_ASSIGNMENT,2026-08-09T09:12:31+00:00,UNALLOCATED,,,,,
SLCMP2607-3562,3562,3562,794177611,2^794177611-1,STRUCTURAL_SCREEN_EXHAUSTED_PRIMALITY_UNASSIGNED,GF3A_DIRECTIONAL_WRITE_EXHAUSTED_PRIMALITY_UNASSIGNED,514,512,512,NO_RECORDED_FACTOR_PRP_OR_LL_RESULT_AND_NO_ACTIVE_GIMPS_ASSIGNMENT,2026-08-09T09:12:31+00:00,UNALLOCATED,,,,,
SLCMP2607-3563,3563,3563,794177617,2^794177617-1,STRUCTURAL_SCREEN_EXHAUSTED_PRIMALITY_UNASSIGNED,GF3A_DIRECTIONAL_WRITE_EXHAUSTED_PRIMALITY_UNASSIGNED,513,512,512,NO_RECORDED_FACTOR_PRP_OR_LL_RESULT_AND_NO_ACTIVE_GIMPS_ASSIGNMENT,2026-08-09T09:12:31+00:00,UNALLOCATED,,,,,
SLCMP2607-3564,3564,3564,794177639,2^794177639-1,STRUCTURAL_SCREEN_EXHAUSTED_PRIMALITY_UNASSIGNED,GF3A_DIRECTIONAL_WRITE_EXHAUSTED_PRIMALITY_UNASSIGNED,514,512,512,NO_RECORDED_FACTOR_PRP_OR_LL_RESULT_AND_NO_ACTIVE_GIMPS_ASSIGNMENT,2026-08-09T09:12:31+00:00,UNALLOCATED,,,,,
SLCMP2607-3565,3565,3565,794177719,2^794177719-1,STRUCTURAL_SCREEN_EXHAUSTED_PRIMALITY_UNASSIGNED,GF3A_DIRECTIONAL_WRITE_EXHAUSTED_PRIMALITY_UNASSIGNED,514,512,512,NO_RECORDED_FACTOR_PRP_OR_LL_RESULT_AND_NO_ACTIVE_GIMPS_ASSIGNMENT,2026-08-09T09:12:31+00:00,UNALLOCATED,,,,,
SLCMP2607-3566,3566,3566,794177773,2^794177773-1,STRUCTURAL_SCREEN_EXHAUSTED_PRIMALITY_UNASSIGNED,GF3A_DIRECTIONAL_WRITE_EXHAUSTED_PRIMALITY_UNASSIGNED,513,512,512,NO_RECORDED_FACTOR_PRP_OR_LL_RESULT_AND_NO_ACTIVE_GIMPS_ASSIGNMENT,2026-08-09T09:12:31+00:00,UNALLOCATED,,,,,
SLCMP2607-3567,3567,3567,794177801,2^794177801-1,STRUCTURAL_SCREEN_EXHAUSTED_PRIMALITY_UNASSIGNED,GF3A_DIRECTIONAL_WRITE_EXHAUSTED_PRIMALITY_UNASSIGNED,513,512,512,NO_RECORDED_FACTOR_PRP_OR_LL_RESULT_AND_NO_ACTIVE_GIMPS_ASSIGNMENT,2026-08-09T09:12:31+00:00,UNALLOCATED,,,,,
SLCMP2607-3568,3568,3568,794177837,2^794177837-1,STRUCTURAL_SCREEN_EXHAUSTED_PRIMALITY_UNASSIGNED,GF3A_DIRECTIONAL_WRITE_EXHAUSTED_PRIMALITY_UNASSIGNED,513,512,512,NO_RECORDED_FACTOR_PRP_OR_LL_RESULT_AND_NO_ACTIVE_GIMPS_ASSIGNMENT,2026-08-09T09:12:31+00:00,UNALLOCATED,,,,,
SLCMP2607-3569,3569,3569,794177851,2^794177851-1,STRUCTURAL_SCREEN_EXHAUSTED_PRIMALITY_UNASSIGNED,GF3A_DIRECTIONAL_WRITE_EXHAUSTED_PRIMALITY_UNASSIGNED,514,512,512,NO_RECORDED_FACTOR_PRP_OR_LL_RESULT_AND_NO_ACTIVE_GIMPS_ASSIGNMENT,2026-08-09T09:12:31+00:00,UNALLOCATED,,,,,
SLCMP2607-3570,3570,3570,794177869,2^794177869-1,STRUCTURAL_SCREEN_EXHAUSTED_PRIMALITY_UNASSIGNED,GF3A_DIRECTIONAL_WRITE_EXHAUSTED_PRIMALITY_UNASSIGNED,513,512,512,NO_RECORDED_FACTOR_PRP_OR_LL_RESULT_AND_NO_ACTIVE_GIMPS_ASSIGNMENT,2026-08-09T09:12:31+00:00,UNALLOCATED,,,,,
SLCMP2607-3571,3571,3571,794177981,2^794177981-1,STRUCTURAL_SCREEN_EXHAUSTED_PRIMALITY_UNASSIGNED,GF3A_DIRECTIONAL_WRITE_EXHAUSTED_PRIMALITY_UNASSIGNED,513,512,512,NO_RECORDED_FACTOR_PRP_OR_LL_RESULT_AND_NO_ACTIVE_GIMPS_ASSIGNMENT,2026-08-09T09:12:31+00:00,UNALLOCATED,,,,,
SLCMP2607-3572,3572,3572,794177999,2^794177999-1,STRUCTURAL_SCREEN_EXHAUSTED_PRIMALITY_UNASSIGNED,GF3A_DIRECTIONAL_WRITE_EXHAUSTED_PRIMALITY_UNASSIGNED,514,512,512,NO_RECORDED_FACTOR_PRP_OR_LL_RESULT_AND_NO_ACTIVE_GIMPS_ASSIGNMENT,2026-08-09T09:12:31+00:00,UNALLOCATED,,,,,
SLCMP2607-3573,3573,3573,794178053,2^794178053-1,STRUCTURAL_SCREEN_EXHAUSTED_PRIMALITY_UNASSIGNED,GF3A_DIRECTIONAL_WRITE_EXHAUSTED_PRIMALITY_UNASSIGNED,513,512,512,NO_RECORDED_FACTOR_PRP_OR_LL_RESULT_AND_NO_ACTIVE_GIMPS_ASSIGNMENT,2026-08-09T09:12:31+00:00,UNALLOCATED,,,,,
SLCMP2607-3574,3574,3574,794178127,2^794178127-1,STRUCTURAL_SCREEN_EXHAUSTED_PRIMALITY_UNASSIGNED,GF3A_DIRECTIONAL_WRITE_EXHAUSTED_PRIMALITY_UNASSIGNED,514,512,512,NO_RECORDED_FACTOR_PRP_OR_LL_RESULT_AND_NO_ACTIVE_GIMPS_ASSIGNMENT,2026-08-09T09:12:31+00:00,UNALLOCATED,,,,,
SLCMP2607-3575,3575,3575,794178157,2^794178157-1,STRUCTURAL_SCREEN_EXHAUSTED_PRIMALITY_UNASSIGNED,GF3A_DIRECTIONAL_WRITE_EXHAUSTED_PRIMALITY_UNASSIGNED,513,512,512,NO_RECORDED_FACTOR_PRP_OR_LL_RESULT_AND_NO_ACTIVE_GIMPS_ASSIGNMENT,2026-08-09T09:12:31+00:00,UNALLOCATED,,,,,
SLCMP2607-3576,3576,3576,794178197,2^794178197-1,STRUCTURAL_SCREEN_EXHAUSTED_PRIMALITY_UNASSIGNED,GF3A_DIRECTIONAL_WRITE_EXHAUSTED_PRIMALITY_UNASSIGNED,513,512,512,NO_RECORDED_FACTOR_PRP_OR_LL_RESULT_AND_NO_ACTIVE_GIMPS_ASSIGNMENT,2026-08-09T09:12:31+00:00,UNALLOCATED,,,,,
SLCMP2607-3577,3577,3577,794178211,2^794178211-1,STRUCTURAL_SCREEN_EXHAUSTED_PRIMALITY_UNASSIGNED,GF3A_DIRECTIONAL_WRITE_EXHAUSTED_PRIMALITY_UNASSIGNED,514,512,512,NO_RECORDED_FACTOR_PRP_OR_LL_RESULT_AND_NO_ACTIVE_GIMPS_ASSIGNMENT,2026-08-09T09:12:31+00:00,UNALLOCATED,,,,,
SLCMP2607-3578,3578,3578,794178221,2^794178221-1,STRUCTURAL_SCREEN_EXHAUSTED_PRIMALITY_UNASSIGNED,GF3A_DIRECTIONAL_WRITE_EXHAUSTED_PRIMALITY_UNASSIGNED,513,512,512,NO_RECORDED_FACTOR_PRP_OR_LL_RESULT_AND_NO_ACTIVE_GIMPS_ASSIGNMENT,2026-08-09T09:12:31+00:00,UNALLOCATED,,,,,
SLCMP2607-3579,3579,3579,794178277,2^794178277-1,STRUCTURAL_SCREEN_EXHAUSTED_PRIMALITY_UNASSIGNED,GF3A_DIRECTIONAL_WRITE_EXHAUSTED_PRIMALITY_UNASSIGNED,513,512,512,NO_RECORDED_FACTOR_PRP_OR_LL_RESULT_AND_NO_ACTIVE_GIMPS_ASSIGNMENT,2026-08-09T09:12:31+00:00,UNALLOCATED,,,,,
SLCMP2607-3580,3580,3580,794178313,2^794178313-1,STRUCTURAL_SCREEN_EXHAUSTED_PRIMALITY_UNASSIGNED,GF3A_DIRECTIONAL_WRITE_EXHAUSTED_PRIMALITY_UNASSIGNED,513,512,512,NO_RECORDED_FACTOR_PRP_OR_LL_RESULT_AND_NO_ACTIVE_GIMPS_ASSIGNMENT,2026-08-09T09:12:31+00:00,UNALLOCATED,,,,,
SLCMP2607-3581,3581,3581,794178391,2^794178391-1,STRUCTURAL_SCREEN_EXHAUSTED_PRIMALITY_UNASSIGNED,GF3A_DIRECTIONAL_WRITE_EXHAUSTED_PRIMALITY_UNASSIGNED,514,512,512,NO_RECORDED_FACTOR_PRP_OR_LL_RESULT_AND_NO_ACTIVE_GIMPS_ASSIGNMENT,2026-08-09T09:12:31+00:00,UNALLOCATED,,,,,
SLCMP2607-3582,3582,3582,794178421,2^794178421-1,STRUCTURAL_SCREEN_EXHAUSTED_PRIMALITY_UNASSIGNED,GF3A_DIRECTIONAL_WRITE_EXHAUSTED_PRIMALITY_UNASSIGNED,513,512,512,NO_RECORDED_FACTOR_PRP_OR_LL_RESULT_AND_NO_ACTIVE_GIMPS_ASSIGNMENT,2026-08-09T09:12:31+00:00,UNALLOCATED,,,,,
SLCMP2607-3583,3583,3583,794178521,2^794178521-1,STRUCTURAL_SCREEN_EXHAUSTED_PRIMALITY_UNASSIGNED,GF3A_DIRECTIONAL_WRITE_EXHAUSTED_PRIMALITY_UNASSIGNED,513,512,512,NO_RECORDED_FACTOR_PRP_OR_LL_RESULT_AND_NO_ACTIVE_GIMPS_ASSIGNMENT,2026-08-09T09:12:31+00:00,UNALLOCATED,,,,,
SLCMP2607-3584,3584,3584,794178557,2^794178557-1,STRUCTURAL_SCREEN_EXHAUSTED_PRIMALITY_UNASSIGNED,GF3A_DIRECTIONAL_WRITE_EXHAUSTED_PRIMALITY_UNASSIGNED,513,512,512,NO_RECORDED_FACTOR_PRP_OR_LL_RESULT_AND_NO_ACTIVE_GIMPS_ASSIGNMENT,2026-08-09T09:12:31+00:00,UNALLOCATED,,,,,
SLCMP2607-3585,3585,3585,794178563,2^794178563-1,STRUCTURAL_SCREEN_EXHAUSTED_PRIMALITY_UNASSIGNED,GF3A_DIRECTIONAL_WRITE_EXHAUSTED_PRIMALITY_UNASSIGNED,514,512,512,NO_RECORDED_FACTOR_PRP_OR_LL_RESULT_AND_NO_ACTIVE_GIMPS_ASSIGNMENT,2026-08-09T09:12:31+00:00,UNALLOCATED,,,,,
SLCMP2607-3586,3586,3586,794178683,2^794178683-1,STRUCTURAL_SCREEN_EXHAUSTED_PRIMALITY_UNASSIGNED,GF3A_DIRECTIONAL_WRITE_EXHAUSTED_PRIMALITY_UNASSIGNED,514,512,512,NO_RECORDED_FACTOR_PRP_OR_LL_RESULT_AND_NO_ACTIVE_GIMPS_ASSIGNMENT,2026-08-09T09:12:31+00:00,UNALLOCATED,,,,,
SLCMP2607-3587,3587,3587,794178689,2^794178689-1,STRUCTURAL_SCREEN_EXHAUSTED_PRIMALITY_UNASSIGNED,GF3A_DIRECTIONAL_WRITE_EXHAUSTED_PRIMALITY_UNASSIGNED,513,512,512,NO_RECORDED_FACTOR_PRP_OR_LL_RESULT_AND_NO_ACTIVE_GIMPS_ASSIGNMENT,2026-08-09T09:12:31+00:00,UNALLOCATED,,,,,
SLCMP2607-3588,3588,3588,794178709,2^794178709-1,STRUCTURAL_SCREEN_EXHAUSTED_PRIMALITY_UNASSIGNED,GF3A_DIRECTIONAL_WRITE_EXHAUSTED_PRIMALITY_UNASSIGNED,513,512,512,NO_RECORDED_FACTOR_PRP_OR_LL_RESULT_AND_NO_ACTIVE_GIMPS_ASSIGNMENT,2026-08-09T09:12:31+00:00,UNALLOCATED,,,,,
SLCMP2607-3589,3589,3589,794178731,2^794178731-1,STRUCTURAL_SCREEN_EXHAUSTED_PRIMALITY_UNASSIGNED,GF3A_DIRECTIONAL_WRITE_EXHAUSTED_PRIMALITY_UNASSIGNED,514,512,512,NO_RECORDED_FACTOR_PRP_OR_LL_RESULT_AND_NO_ACTIVE_GIMPS_ASSIGNMENT,2026-08-09T09:12:31+00:00,UNALLOCATED,,,,,
SLCMP2607-3590,3590,3590,794178757,2^794178757-1,STRUCTURAL_SCREEN_EXHAUSTED_PRIMALITY_UNASSIGNED,GF3A_DIRECTIONAL_WRITE_EXHAUSTED_PRIMALITY_UNASSIGNED,513,512,512,NO_RECORDED_FACTOR_PRP_OR_LL_RESULT_AND_NO_ACTIVE_GIMPS_ASSIGNMENT,2026-08-09T09:12:31+00:00,UNALLOCATED,,,,,
SLCMP2607-3591,3591,3591,794178887,2^794178887-1,STRUCTURAL_SCREEN_EXHAUSTED_PRIMALITY_UNASSIGNED,GF3A_DIRECTIONAL_WRITE_EXHAUSTED_PRIMALITY_UNASSIGNED,514,512,512,NO_RECORDED_FACTOR_PRP_OR_LL_RESULT_AND_NO_ACTIVE_GIMPS_ASSIGNMENT,2026-08-09T09:12:31+00:00,UNALLOCATED,,,,,
SLCMP2607-3592,3592,3592,794178971,2^794178971-1,STRUCTURAL_SCREEN_EXHAUSTED_PRIMALITY_UNASSIGNED,GF3A_DIRECTIONAL_WRITE_EXHAUSTED_PRIMALITY_UNASSIGNED,514,512,512,NO_RECORDED_FACTOR_PRP_OR_LL_RESULT_AND_NO_ACTIVE_GIMPS_ASSIGNMENT,2026-08-09T09:12:31+00:00,UNALLOCATED,,,,,
SLCMP2607-3593,3593,3593,794179013,2^794179013-1,STRUCTURAL_SCREEN_EXHAUSTED_PRIMALITY_UNASSIGNED,GF3A_DIRECTIONAL_WRITE_EXHAUSTED_PRIMALITY_UNASSIGNED,513,512,512,NO_RECORDED_FACTOR_PRP_OR_LL_RESULT_AND_NO_ACTIVE_GIMPS_ASSIGNMENT,2026-08-09T09:12:31+00:00,UNALLOCATED,,,,,
SLCMP2607-3594,3594,3594,794179033,2^794179033-1,STRUCTURAL_SCREEN_EXHAUSTED_PRIMALITY_UNASSIGNED,GF3A_DIRECTIONAL_WRITE_EXHAUSTED_PRIMALITY_UNASSIGNED,513,512,512,NO_RECORDED_FACTOR_PRP_OR_LL_RESULT_AND_NO_ACTIVE_GIMPS_ASSIGNMENT,2026-08-09T09:12:31+00:00,UNALLOCATED,,,,,
SLCMP2607-3595,3595,3595,794179039,2^794179039-1,STRUCTURAL_SCREEN_EXHAUSTED_PRIMALITY_UNASSIGNED,GF3A_DIRECTIONAL_WRITE_EXHAUSTED_PRIMALITY_UNASSIGNED,514,512,512,NO_RECORDED_FACTOR_PRP_OR_LL_RESULT_AND_NO_ACTIVE_GIMPS_ASSIGNMENT,2026-08-09T09:12:31+00:00,UNALLOCATED,,,,,
SLCMP2607-3596,3596,3596,794179051,2^794179051-1,STRUCTURAL_SCREEN_EXHAUSTED_PRIMALITY_UNASSIGNED,GF3A_DIRECTIONAL_WRITE_EXHAUSTED_PRIMALITY_UNASSIGNED,514,512,512,NO_RECORDED_FACTOR_PRP_OR_LL_RESULT_AND_NO_ACTIVE_GIMPS_ASSIGNMENT,2026-08-09T09:12:31+00:00,UNALLOCATED,,,,,
SLCMP2607-3597,3597,3597,794179079,2^794179079-1,STRUCTURAL_SCREEN_EXHAUSTED_PRIMALITY_UNASSIGNED,GF3A_DIRECTIONAL_WRITE_EXHAUSTED_PRIMALITY_UNASSIGNED,514,512,512,NO_RECORDED_FACTOR_PRP_OR_LL_RESULT_AND_NO_ACTIVE_GIMPS_ASSIGNMENT,2026-08-09T09:12:31+00:00,UNALLOCATED,,,,,
SLCMP2607-3598,3598,3598,794179153,2^794179153-1,STRUCTURAL_SCREEN_EXHAUSTED_PRIMALITY_UNASSIGNED,GF3A_DIRECTIONAL_WRITE_EXHAUSTED_PRIMALITY_UNASSIGNED,513,512,512,NO_RECORDED_FACTOR_PRP_OR_LL_RESULT_AND_NO_ACTIVE_GIMPS_ASSIGNMENT,2026-08-09T09:12:31+00:00,UNALLOCATED,,,,,
SLCMP2607-3599,3599,3599,794179283,2^794179283-1,STRUCTURAL_SCREEN_EXHAUSTED_PRIMALITY_UNASSIGNED,GF3A_DIRECTIONAL_WRITE_EXHAUSTED_PRIMALITY_UNASSIGNED,514,512,512,NO_RECORDED_FACTOR_PRP_OR_LL_RESULT_AND_NO_ACTIVE_GIMPS_ASSIGNMENT,2026-08-09T09:12:31+00:00,UNALLOCATED,,,,,
SLCMP2607-3600,3600,3600,794179333,2^794179333-1,STRUCTURAL_SCREEN_EXHAUSTED_PRIMALITY_UNASSIGNED,GF3A_DIRECTIONAL_WRITE_EXHAUSTED_PRIMALITY_UNASSIGNED,513,512,512,NO_RECORDED_FACTOR_PRP_OR_LL_RESULT_AND_NO_ACTIVE_GIMPS_ASSIGNMENT,2026-08-09T09:12:31+00:00,UNALLOCATED,,,,,
SLCMP2607-3601,3601,3601,794179339,2^794179339-1,STRUCTURAL_SCREEN_EXHAUSTED_PRIMALITY_UNASSIGNED,GF3A_DIRECTIONAL_WRITE_EXHAUSTED_PRIMALITY_UNASSIGNED,514,512,512,NO_RECORDED_FACTOR_PRP_OR_LL_RESULT_AND_NO_ACTIVE_GIMPS_ASSIGNMENT,2026-08-09T09:12:31+00:00,UNALLOCATED,,,,,
SLCMP2607-3602,3602,3602,794179409,2^794179409-1,STRUCTURAL_SCREEN_EXHAUSTED_PRIMALITY_UNASSIGNED,GF3A_DIRECTIONAL_WRITE_EXHAUSTED_PRIMALITY_UNASSIGNED,513,512,512,NO_RECORDED_FACTOR_PRP_OR_LL_RESULT_AND_NO_ACTIVE_GIMPS_ASSIGNMENT,2026-08-09T09:12:31+00:00,UNALLOCATED,,,,,
SLCMP2607-3603,3603,3603,794179411,2^794179411-1,STRUCTURAL_SCREEN_EXHAUSTED_PRIMALITY_UNASSIGNED,GF3A_DIRECTIONAL_WRITE_EXHAUSTED_PRIMALITY_UNASSIGNED,514,512,512,NO_RECORDED_FACTOR_PRP_OR_LL_RESULT_AND_NO_ACTIVE_GIMPS_ASSIGNMENT,2026-08-09T09:12:31+00:00,UNALLOCATED,,,,,
SLCMP2607-3604,3604,3604,794179447,2^794179447-1,STRUCTURAL_SCREEN_EXHAUSTED_PRIMALITY_UNASSIGNED,GF3A_DIRECTIONAL_WRITE_EXHAUSTED_PRIMALITY_UNASSIGNED,514,512,512,NO_RECORDED_FACTOR_PRP_OR_LL_RESULT_AND_NO_ACTIVE_GIMPS_ASSIGNMENT,2026-08-09T09:12:31+00:00,UNALLOCATED,,,,,
SLCMP2607-3605,3605,3605,794179453,2^794179453-1,STRUCTURAL_SCREEN_EXHAUSTED_PRIMALITY_UNASSIGNED,GF3A_DIRECTIONAL_WRITE_EXHAUSTED_PRIMALITY_UNASSIGNED,513,512,512,NO_RECORDED_FACTOR_PRP_OR_LL_RESULT_AND_NO_ACTIVE_GIMPS_ASSIGNMENT,2026-08-09T09:12:31+00:00,UNALLOCATED,,,,,
SLCMP2607-3606,3606,3606,794179493,2^794179493-1,STRUCTURAL_SCREEN_EXHAUSTED_PRIMALITY_UNASSIGNED,GF3A_DIRECTIONAL_WRITE_EXHAUSTED_PRIMALITY_UNASSIGNED,513,512,512,NO_RECORDED_FACTOR_PRP_OR_LL_RESULT_AND_NO_ACTIVE_GIMPS_ASSIGNMENT,2026-08-09T09:12:31+00:00,UNALLOCATED,,,,,
SLCMP2607-3607,3607,3607,794179579,2^794179579-1,STRUCTURAL_SCREEN_EXHAUSTED_PRIMALITY_UNASSIGNED,GF3A_DIRECTIONAL_WRITE_EXHAUSTED_PRIMALITY_UNASSIGNED,514,512,512,NO_RECORDED_FACTOR_PRP_OR_LL_RESULT_AND_NO_ACTIVE_GIMPS_ASSIGNMENT,2026-08-09T09:12:31+00:00,UNALLOCATED,,,,,
SLCMP2607-3608,3608,3608,794179657,2^794179657-1,STRUCTURAL_SCREEN_EXHAUSTED_PRIMALITY_UNASSIGNED,GF3A_DIRECTIONAL_WRITE_EXHAUSTED_PRIMALITY_UNASSIGNED,513,512,512,NO_RECORDED_FACTOR_PRP_OR_LL_RESULT_AND_NO_ACTIVE_GIMPS_ASSIGNMENT,2026-08-09T09:12:31+00:00,UNALLOCATED,,,,,
SLCMP2607-3609,3609,3609,794179681,2^794179681-1,STRUCTURAL_SCREEN_EXHAUSTED_PRIMALITY_UNASSIGNED,GF3A_DIRECTIONAL_WRITE_EXHAUSTED_PRIMALITY_UNASSIGNED,513,512,512,NO_RECORDED_FACTOR_PRP_OR_LL_RESULT_AND_NO_ACTIVE_GIMPS_ASSIGNMENT,2026-08-09T09:12:31+00:00,UNALLOCATED,,,,,
SLCMP2607-3610,3610,3610,794179741,2^794179741-1,STRUCTURAL_SCREEN_EXHAUSTED_PRIMALITY_UNASSIGNED,GF3A_DIRECTIONAL_WRITE_EXHAUSTED_PRIMALITY_UNASSIGNED,513,512,512,NO_RECORDED_FACTOR_PRP_OR_LL_RESULT_AND_NO_ACTIVE_GIMPS_ASSIGNMENT,2026-08-09T09:12:31+00:00,UNALLOCATED,,,,,
SLCMP2607-3611,3611,3611,794179751,2^794179751-1,STRUCTURAL_SCREEN_EXHAUSTED_PRIMALITY_UNASSIGNED,GF3A_DIRECTIONAL_WRITE_EXHAUSTED_PRIMALITY_UNASSIGNED,514,512,512,NO_RECORDED_FACTOR_PRP_OR_LL_RESULT_AND_NO_ACTIVE_GIMPS_ASSIGNMENT,2026-08-09T09:12:31+00:00,UNALLOCATED,,,,,
SLCMP2607-3612,3612,3612,794179759,2^794179759-1,STRUCTURAL_SCREEN_EXHAUSTED_PRIMALITY_UNASSIGNED,GF3A_DIRECTIONAL_WRITE_EXHAUSTED_PRIMALITY_UNASSIGNED,514,512,512,NO_RECORDED_FACTOR_PRP_OR_LL_RESULT_AND_NO_ACTIVE_GIMPS_ASSIGNMENT,2026-08-09T09:12:31+00:00,UNALLOCATED,,,,,
SLCMP2607-3613,3613,3613,794179823,2^794179823-1,STRUCTURAL_SCREEN_EXHAUSTED_PRIMALITY_UNASSIGNED,GF3A_DIRECTIONAL_WRITE_EXHAUSTED_PRIMALITY_UNASSIGNED,514,512,512,NO_RECORDED_FACTOR_PRP_OR_LL_RESULT_AND_NO_ACTIVE_GIMPS_ASSIGNMENT,2026-08-09T09:12:31+00:00,UNALLOCATED,,,,,
SLCMP2607-3614,3614,3614,794179829,2^794179829-1,STRUCTURAL_SCREEN_EXHAUSTED_PRIMALITY_UNASSIGNED,GF3A_DIRECTIONAL_WRITE_EXHAUSTED_PRIMALITY_UNASSIGNED,513,512,512,NO_RECORDED_FACTOR_PRP_OR_LL_RESULT_AND_NO_ACTIVE_GIMPS_ASSIGNMENT,2026-08-09T09:12:31+00:00,UNALLOCATED,,,,,
SLCMP2607-3615,3615,3615,794179937,2^794179937-1,STRUCTURAL_SCREEN_EXHAUSTED_PRIMALITY_UNASSIGNED,GF3A_DIRECTIONAL_WRITE_EXHAUSTED_PRIMALITY_UNASSIGNED,513,512,512,NO_RECORDED_FACTOR_PRP_OR_LL_RESULT_AND_NO_ACTIVE_GIMPS_ASSIGNMENT,2026-08-09T09:12:31+00:00,UNALLOCATED,,,,,
SLCMP2607-3616,3616,3616,794179999,2^794179999-1,STRUCTURAL_SCREEN_EXHAUSTED_PRIMALITY_UNASSIGNED,GF3A_DIRECTIONAL_WRITE_EXHAUSTED_PRIMALITY_UNASSIGNED,514,512,512,NO_RECORDED_FACTOR_PRP_OR_LL_RESULT_AND_NO_ACTIVE_GIMPS_ASSIGNMENT,2026-08-09T09:12:31+00:00,UNALLOCATED,,,,,
SLCMP2607-3617,3617,3617,794180059,2^794180059-1,STRUCTURAL_SCREEN_EXHAUSTED_PRIMALITY_UNASSIGNED,GF3A_DIRECTIONAL_WRITE_EXHAUSTED_PRIMALITY_UNASSIGNED,514,512,512,NO_RECORDED_FACTOR_PRP_OR_LL_RESULT_AND_NO_ACTIVE_GIMPS_ASSIGNMENT,2026-08-09T09:12:31+00:00,UNALLOCATED,,,,,
SLCMP2607-3618,3618,3618,794180083,2^794180083-1,STRUCTURAL_SCREEN_EXHAUSTED_PRIMALITY_UNASSIGNED,GF3A_DIRECTIONAL_WRITE_EXHAUSTED_PRIMALITY_UNASSIGNED,514,512,512,NO_RECORDED_FACTOR_PRP_OR_LL_RESULT_AND_NO_ACTIVE_GIMPS_ASSIGNMENT,2026-08-09T09:12:31+00:00,UNALLOCATED,,,,,
SLCMP2607-3619,3619,3619,794180113,2^794180113-1,STRUCTURAL_SCREEN_EXHAUSTED_PRIMALITY_UNASSIGNED,GF3A_DIRECTIONAL_WRITE_EXHAUSTED_PRIMALITY_UNASSIGNED,513,512,512,NO_RECORDED_FACTOR_PRP_OR_LL_RESULT_AND_NO_ACTIVE_GIMPS_ASSIGNMENT,2026-08-09T09:12:31+00:00,UNALLOCATED,,,,,
SLCMP2607-3620,3620,3620,794180117,2^794180117-1,STRUCTURAL_SCREEN_EXHAUSTED_PRIMALITY_UNASSIGNED,GF3A_DIRECTIONAL_WRITE_EXHAUSTED_PRIMALITY_UNASSIGNED,513,512,512,NO_RECORDED_FACTOR_PRP_OR_LL_RESULT_AND_NO_ACTIVE_GIMPS_ASSIGNMENT,2026-08-09T09:12:31+00:00,UNALLOCATED,,,,,
SLCMP2607-3621,3621,3621,794180171,2^794180171-1,STRUCTURAL_SCREEN_EXHAUSTED_PRIMALITY_UNASSIGNED,GF3A_DIRECTIONAL_WRITE_EXHAUSTED_PRIMALITY_UNASSIGNED,514,512,512,NO_RECORDED_FACTOR_PRP_OR_LL_RESULT_AND_NO_ACTIVE_GIMPS_ASSIGNMENT,2026-08-09T09:12:31+00:00,UNALLOCATED,,,,,
SLCMP2607-3622,3622,3622,794180239,2^794180239-1,STRUCTURAL_SCREEN_EXHAUSTED_PRIMALITY_UNASSIGNED,GF3A_DIRECTIONAL_WRITE_EXHAUSTED_PRIMALITY_UNASSIGNED,514,512,512,NO_RECORDED_FACTOR_PRP_OR_LL_RESULT_AND_NO_ACTIVE_GIMPS_ASSIGNMENT,2026-08-09T09:12:31+00:00,UNALLOCATED,,,,,
SLCMP2607-3623,3623,3623,794180333,2^794180333-1,STRUCTURAL_SCREEN_EXHAUSTED_PRIMALITY_UNASSIGNED,GF3A_DIRECTIONAL_WRITE_EXHAUSTED_PRIMALITY_UNASSIGNED,513,512,512,NO_RECORDED_FACTOR_PRP_OR_LL_RESULT_AND_NO_ACTIVE_GIMPS_ASSIGNMENT,2026-08-09T09:12:31+00:00,UNALLOCATED,,,,,
SLCMP2607-3624,3624,3624,794180383,2^794180383-1,STRUCTURAL_SCREEN_EXHAUSTED_PRIMALITY_UNASSIGNED,GF3A_DIRECTIONAL_WRITE_EXHAUSTED_PRIMALITY_UNASSIGNED,514,512,512,NO_RECORDED_FACTOR_PRP_OR_LL_RESULT_AND_NO_ACTIVE_GIMPS_ASSIGNMENT,2026-08-09T09:12:31+00:00,UNALLOCATED,,,,,
SLCMP2607-3625,3625,3625,794180441,2^794180441-1,STRUCTURAL_SCREEN_EXHAUSTED_PRIMALITY_UNASSIGNED,GF3A_DIRECTIONAL_WRITE_EXHAUSTED_PRIMALITY_UNASSIGNED,513,512,512,NO_RECORDED_FACTOR_PRP_OR_LL_RESULT_AND_NO_ACTIVE_GIMPS_ASSIGNMENT,2026-08-09T09:12:31+00:00,UNALLOCATED,,,,,
SLCMP2607-3626,3626,3626,794180503,2^794180503-1,STRUCTURAL_SCREEN_EXHAUSTED_PRIMALITY_UNASSIGNED,GF3A_DIRECTIONAL_WRITE_EXHAUSTED_PRIMALITY_UNASSIGNED,514,512,512,NO_RECORDED_FACTOR_PRP_OR_LL_RESULT_AND_NO_ACTIVE_GIMPS_ASSIGNMENT,2026-08-09T09:12:31+00:00,UNALLOCATED,,,,,
SLCMP2607-3627,3627,3627,794180521,2^794180521-1,STRUCTURAL_SCREEN_EXHAUSTED_PRIMALITY_UNASSIGNED,GF3A_DIRECTIONAL_WRITE_EXHAUSTED_PRIMALITY_UNASSIGNED,513,512,512,NO_RECORDED_FACTOR_PRP_OR_LL_RESULT_AND_NO_ACTIVE_GIMPS_ASSIGNMENT,2026-08-09T09:12:31+00:00,UNALLOCATED,,,,,
SLCMP2607-3628,3628,3628,794180539,2^794180539-1,STRUCTURAL_SCREEN_EXHAUSTED_PRIMALITY_UNASSIGNED,GF3A_DIRECTIONAL_WRITE_EXHAUSTED_PRIMALITY_UNASSIGNED,514,512,512,NO_RECORDED_FACTOR_PRP_OR_LL_RESULT_AND_NO_ACTIVE_GIMPS_ASSIGNMENT,2026-08-09T09:12:31+00:00,UNALLOCATED,,,,,
SLCMP2607-3629,3629,3629,794180549,2^794180549-1,STRUCTURAL_SCREEN_EXHAUSTED_PRIMALITY_UNASSIGNED,GF3A_DIRECTIONAL_WRITE_EXHAUSTED_PRIMALITY_UNASSIGNED,513,512,512,NO_RECORDED_FACTOR_PRP_OR_LL_RESULT_AND_NO_ACTIVE_GIMPS_ASSIGNMENT,2026-08-09T09:12:31+00:00,UNALLOCATED,,,,,
SLCMP2607-3630,3630,3630,794180623,2^794180623-1,STRUCTURAL_SCREEN_EXHAUSTED_PRIMALITY_UNASSIGNED,GF3A_DIRECTIONAL_WRITE_EXHAUSTED_PRIMALITY_UNASSIGNED,514,512,512,NO_RECORDED_FACTOR_PRP_OR_LL_RESULT_AND_NO_ACTIVE_GIMPS_ASSIGNMENT,2026-08-09T09:12:31+00:00,UNALLOCATED,,,,,
SLCMP2607-3631,3631,3631,794180633,2^794180633-1,STRUCTURAL_SCREEN_EXHAUSTED_PRIMALITY_UNASSIGNED,GF3A_DIRECTIONAL_WRITE_EXHAUSTED_PRIMALITY_UNASSIGNED,513,512,512,NO_RECORDED_FACTOR_PRP_OR_LL_RESULT_AND_NO_ACTIVE_GIMPS_ASSIGNMENT,2026-08-09T09:12:31+00:00,UNALLOCATED,,,,,
SLCMP2607-3632,3632,3632,794180641,2^794180641-1,STRUCTURAL_SCREEN_EXHAUSTED_PRIMALITY_UNASSIGNED,GF3A_DIRECTIONAL_WRITE_EXHAUSTED_PRIMALITY_UNASSIGNED,513,512,512,NO_RECORDED_FACTOR_PRP_OR_LL_RESULT_AND_NO_ACTIVE_GIMPS_ASSIGNMENT,2026-08-09T09:12:31+00:00,UNALLOCATED,,,,,
SLCMP2607-3633,3633,3633,794180663,2^794180663-1,STRUCTURAL_SCREEN_EXHAUSTED_PRIMALITY_UNASSIGNED,GF3A_DIRECTIONAL_WRITE_EXHAUSTED_PRIMALITY_UNASSIGNED,514,512,512,NO_RECORDED_FACTOR_PRP_OR_LL_RESULT_AND_NO_ACTIVE_GIMPS_ASSIGNMENT,2026-08-09T09:12:31+00:00,UNALLOCATED,,,,,
SLCMP2607-3634,3634,3634,794180729,2^794180729-1,STRUCTURAL_SCREEN_EXHAUSTED_PRIMALITY_UNASSIGNED,GF3A_DIRECTIONAL_WRITE_EXHAUSTED_PRIMALITY_UNASSIGNED,513,512,512,NO_RECORDED_FACTOR_PRP_OR_LL_RESULT_AND_NO_ACTIVE_GIMPS_ASSIGNMENT,2026-08-09T09:12:31+00:00,UNALLOCATED,,,,,
SLCMP2607-3635,3635,3635,794180813,2^794180813-1,STRUCTURAL_SCREEN_EXHAUSTED_PRIMALITY_UNASSIGNED,GF3A_DIRECTIONAL_WRITE_EXHAUSTED_PRIMALITY_UNASSIGNED,513,512,512,NO_RECORDED_FACTOR_PRP_OR_LL_RESULT_AND_NO_ACTIVE_GIMPS_ASSIGNMENT,2026-08-09T09:12:31+00:00,UNALLOCATED,,,,,
SLCMP2607-3636,3636,3636,794180831,2^794180831-1,STRUCTURAL_SCREEN_EXHAUSTED_PRIMALITY_UNASSIGNED,GF3A_DIRECTIONAL_WRITE_EXHAUSTED_PRIMALITY_UNASSIGNED,514,512,512,NO_RECORDED_FACTOR_PRP_OR_LL_RESULT_AND_NO_ACTIVE_GIMPS_ASSIGNMENT,2026-08-09T09:12:31+00:00,UNALLOCATED,,,,,
SLCMP2607-3637,3637,3637,794180923,2^794180923-1,STRUCTURAL_SCREEN_EXHAUSTED_PRIMALITY_UNASSIGNED,GF3A_DIRECTIONAL_WRITE_EXHAUSTED_PRIMALITY_UNASSIGNED,514,512,512,NO_RECORDED_FACTOR_PRP_OR_LL_RESULT_AND_NO_ACTIVE_GIMPS_ASSIGNMENT,2026-08-09T09:12:31+00:00,UNALLOCATED,,,,,
SLCMP2607-3638,3638,3638,794180927,2^794180927-1,STRUCTURAL_SCREEN_EXHAUSTED_PRIMALITY_UNASSIGNED,GF3A_DIRECTIONAL_WRITE_EXHAUSTED_PRIMALITY_UNASSIGNED,514,512,512,NO_RECORDED_FACTOR_PRP_OR_LL_RESULT_AND_NO_ACTIVE_GIMPS_ASSIGNMENT,2026-08-09T09:12:31+00:00,UNALLOCATED,,,,,
SLCMP2607-3639,3639,3639,794181041,2^794181041-1,STRUCTURAL_SCREEN_EXHAUSTED_PRIMALITY_UNASSIGNED,GF3A_DIRECTIONAL_WRITE_EXHAUSTED_PRIMALITY_UNASSIGNED,513,512,512,NO_RECORDED_FACTOR_PRP_OR_LL_RESULT_AND_NO_ACTIVE_GIMPS_ASSIGNMENT,2026-08-09T09:12:31+00:00,UNALLOCATED,,,,,
SLCMP2607-3640,3640,3640,794181301,2^794181301-1,STRUCTURAL_SCREEN_EXHAUSTED_PRIMALITY_UNASSIGNED,GF3A_DIRECTIONAL_WRITE_EXHAUSTED_PRIMALITY_UNASSIGNED,513,512,512,NO_RECORDED_FACTOR_PRP_OR_LL_RESULT_AND_NO_ACTIVE_GIMPS_ASSIGNMENT,2026-08-09T09:12:31+00:00,UNALLOCATED,,,,,
SLCMP2607-3641,3641,3641,794181313,2^794181313-1,STRUCTURAL_SCREEN_EXHAUSTED_PRIMALITY_UNASSIGNED,GF3A_DIRECTIONAL_WRITE_EXHAUSTED_PRIMALITY_UNASSIGNED,513,512,512,NO_RECORDED_FACTOR_PRP_OR_LL_RESULT_AND_NO_ACTIVE_GIMPS_ASSIGNMENT,2026-08-09T09:12:31+00:00,UNALLOCATED,,,,,
SLCMP2607-3642,3642,3642,794181371,2^794181371-1,STRUCTURAL_SCREEN_EXHAUSTED_PRIMALITY_UNASSIGNED,GF3A_DIRECTIONAL_WRITE_EXHAUSTED_PRIMALITY_UNASSIGNED,514,512,512,NO_RECORDED_FACTOR_PRP_OR_LL_RESULT_AND_NO_ACTIVE_GIMPS_ASSIGNMENT,2026-08-09T09:12:31+00:00,UNALLOCATED,,,,,
SLCMP2607-3643,3643,3643,794181461,2^794181461-1,STRUCTURAL_SCREEN_EXHAUSTED_PRIMALITY_UNASSIGNED,GF3A_DIRECTIONAL_WRITE_EXHAUSTED_PRIMALITY_UNASSIGNED,513,512,512,NO_RECORDED_FACTOR_PRP_OR_LL_RESULT_AND_NO_ACTIVE_GIMPS_ASSIGNMENT,2026-08-09T09:12:31+00:00,UNALLOCATED,,,,,
SLCMP2607-3644,3644,3644,794181533,2^794181533-1,STRUCTURAL_SCREEN_EXHAUSTED_PRIMALITY_UNASSIGNED,GF3A_DIRECTIONAL_WRITE_EXHAUSTED_PRIMALITY_UNASSIGNED,513,512,512,NO_RECORDED_FACTOR_PRP_OR_LL_RESULT_AND_NO_ACTIVE_GIMPS_ASSIGNMENT,2026-08-09T09:12:31+00:00,UNALLOCATED,,,,,
SLCMP2607-3645,3645,3645,794181593,2^794181593-1,STRUCTURAL_SCREEN_EXHAUSTED_PRIMALITY_UNASSIGNED,GF3A_DIRECTIONAL_WRITE_EXHAUSTED_PRIMALITY_UNASSIGNED,513,512,512,NO_RECORDED_FACTOR_PRP_OR_LL_RESULT_AND_NO_ACTIVE_GIMPS_ASSIGNMENT,2026-08-09T09:12:31+00:00,UNALLOCATED,,,,,
SLCMP2607-3646,3646,3646,794181691,2^794181691-1,STRUCTURAL_SCREEN_EXHAUSTED_PRIMALITY_UNASSIGNED,GF3A_DIRECTIONAL_WRITE_EXHAUSTED_PRIMALITY_UNASSIGNED,514,512,512,NO_RECORDED_FACTOR_PRP_OR_LL_RESULT_AND_NO_ACTIVE_GIMPS_ASSIGNMENT,2026-08-09T09:12:31+00:00,UNALLOCATED,,,,,
SLCMP2607-3647,3647,3647,794181833,2^794181833-1,STRUCTURAL_SCREEN_EXHAUSTED_PRIMALITY_UNASSIGNED,GF3A_DIRECTIONAL_WRITE_EXHAUSTED_PRIMALITY_UNASSIGNED,513,512,512,NO_RECORDED_FACTOR_PRP_OR_LL_RESULT_AND_NO_ACTIVE_GIMPS_ASSIGNMENT,2026-08-09T09:12:31+00:00,UNALLOCATED,,,,,
SLCMP2607-3648,3648,3648,794181859,2^794181859-1,STRUCTURAL_SCREEN_EXHAUSTED_PRIMALITY_UNASSIGNED,GF3A_DIRECTIONAL_WRITE_EXHAUSTED_PRIMALITY_UNASSIGNED,514,512,512,NO_RECORDED_FACTOR_PRP_OR_LL_RESULT_AND_NO_ACTIVE_GIMPS_ASSIGNMENT,2026-08-09T09:12:31+00:00,UNALLOCATED,,,,,
SLCMP2607-3649,3649,3649,794181923,2^794181923-1,STRUCTURAL_SCREEN_EXHAUSTED_PRIMALITY_UNASSIGNED,GF3A_DIRECTIONAL_WRITE_EXHAUSTED_PRIMALITY_UNASSIGNED,514,512,512,NO_RECORDED_FACTOR_PRP_OR_LL_RESULT_AND_NO_ACTIVE_GIMPS_ASSIGNMENT,2026-08-09T09:12:31+00:00,UNALLOCATED,,,,,
SLCMP2607-3650,3650,3650,794182003,2^794182003-1,STRUCTURAL_SCREEN_EXHAUSTED_PRIMALITY_UNASSIGNED,GF3A_DIRECTIONAL_WRITE_EXHAUSTED_PRIMALITY_UNASSIGNED,514,512,512,NO_RECORDED_FACTOR_PRP_OR_LL_RESULT_AND_NO_ACTIVE_GIMPS_ASSIGNMENT,2026-08-09T09:12:31+00:00,UNALLOCATED,,,,,
SLCMP2607-3651,3651,3651,794182153,2^794182153-1,STRUCTURAL_SCREEN_EXHAUSTED_PRIMALITY_UNASSIGNED,GF3A_DIRECTIONAL_WRITE_EXHAUSTED_PRIMALITY_UNASSIGNED,513,512,512,NO_RECORDED_FACTOR_PRP_OR_LL_RESULT_AND_NO_ACTIVE_GIMPS_ASSIGNMENT,2026-08-09T09:12:31+00:00,UNALLOCATED,,,,,
SLCMP2607-3652,3652,3652,794182163,2^794182163-1,STRUCTURAL_SCREEN_EXHAUSTED_PRIMALITY_UNASSIGNED,GF3A_DIRECTIONAL_WRITE_EXHAUSTED_PRIMALITY_UNASSIGNED,514,512,512,NO_RECORDED_FACTOR_PRP_OR_LL_RESULT_AND_NO_ACTIVE_GIMPS_ASSIGNMENT,2026-08-09T09:12:31+00:00,UNALLOCATED,,,,,
SLCMP2607-3653,3653,3653,794182247,2^794182247-1,STRUCTURAL_SCREEN_EXHAUSTED_PRIMALITY_UNASSIGNED,GF3A_DIRECTIONAL_WRITE_EXHAUSTED_PRIMALITY_UNASSIGNED,514,512,512,NO_RECORDED_FACTOR_PRP_OR_LL_RESULT_AND_NO_ACTIVE_GIMPS_ASSIGNMENT,2026-08-09T09:12:31+00:00,UNALLOCATED,,,,,
SLCMP2607-3654,3654,3654,794182261,2^794182261-1,STRUCTURAL_SCREEN_EXHAUSTED_PRIMALITY_UNASSIGNED,GF3A_DIRECTIONAL_WRITE_EXHAUSTED_PRIMALITY_UNASSIGNED,513,512,512,NO_RECORDED_FACTOR_PRP_OR_LL_RESULT_AND_NO_ACTIVE_GIMPS_ASSIGNMENT,2026-08-09T09:12:31+00:00,UNALLOCATED,,,,,
SLCMP2607-3655,3655,3655,794182307,2^794182307-1,STRUCTURAL_SCREEN_EXHAUSTED_PRIMALITY_UNASSIGNED,GF3A_DIRECTIONAL_WRITE_EXHAUSTED_PRIMALITY_UNASSIGNED,514,512,512,NO_RECORDED_FACTOR_PRP_OR_LL_RESULT_AND_NO_ACTIVE_GIMPS_ASSIGNMENT,2026-08-09T09:12:31+00:00,UNALLOCATED,,,,,
SLCMP2607-3656,3656,3656,794182439,2^794182439-1,STRUCTURAL_SCREEN_EXHAUSTED_PRIMALITY_UNASSIGNED,GF3A_DIRECTIONAL_WRITE_EXHAUSTED_PRIMALITY_UNASSIGNED,514,512,512,NO_RECORDED_FACTOR_PRP_OR_LL_RESULT_AND_NO_ACTIVE_GIMPS_ASSIGNMENT,2026-08-09T09:12:31+00:00,UNALLOCATED,,,,,
SLCMP2607-3657,3657,3657,794182471,2^794182471-1,STRUCTURAL_SCREEN_EXHAUSTED_PRIMALITY_UNASSIGNED,GF3A_DIRECTIONAL_WRITE_EXHAUSTED_PRIMALITY_UNASSIGNED,514,512,512,NO_RECORDED_FACTOR_PRP_OR_LL_RESULT_AND_NO_ACTIVE_GIMPS_ASSIGNMENT,2026-08-09T09:12:31+00:00,UNALLOCATED,,,,,
SLCMP2607-3658,3658,3658,794182507,2^794182507-1,STRUCTURAL_SCREEN_EXHAUSTED_PRIMALITY_UNASSIGNED,GF3A_DIRECTIONAL_WRITE_EXHAUSTED_PRIMALITY_UNASSIGNED,514,512,512,NO_RECORDED_FACTOR_PRP_OR_LL_RESULT_AND_NO_ACTIVE_GIMPS_ASSIGNMENT,2026-08-09T09:12:31+00:00,UNALLOCATED,,,,,
SLCMP2607-3659,3659,3659,794182517,2^794182517-1,STRUCTURAL_SCREEN_EXHAUSTED_PRIMALITY_UNASSIGNED,GF3A_DIRECTIONAL_WRITE_EXHAUSTED_PRIMALITY_UNASSIGNED,513,512,512,NO_RECORDED_FACTOR_PRP_OR_LL_RESULT_AND_NO_ACTIVE_GIMPS_ASSIGNMENT,2026-08-09T09:12:31+00:00,UNALLOCATED,,,,,
SLCMP2607-3660,3660,3660,794182531,2^794182531-1,STRUCTURAL_SCREEN_EXHAUSTED_PRIMALITY_UNASSIGNED,GF3A_DIRECTIONAL_WRITE_EXHAUSTED_PRIMALITY_UNASSIGNED,514,512,512,NO_RECORDED_FACTOR_PRP_OR_LL_RESULT_AND_NO_ACTIVE_GIMPS_ASSIGNMENT,2026-08-09T09:12:31+00:00,UNALLOCATED,,,,,
SLCMP2607-3661,3661,3661,794182559,2^794182559-1,STRUCTURAL_SCREEN_EXHAUSTED_PRIMALITY_UNASSIGNED,GF3A_DIRECTIONAL_WRITE_EXHAUSTED_PRIMALITY_UNASSIGNED,514,512,512,NO_RECORDED_FACTOR_PRP_OR_LL_RESULT_AND_NO_ACTIVE_GIMPS_ASSIGNMENT,2026-08-09T09:12:31+00:00,UNALLOCATED,,,,,
SLCMP2607-3662,3662,3662,794182601,2^794182601-1,STRUCTURAL_SCREEN_EXHAUSTED_PRIMALITY_UNASSIGNED,GF3A_DIRECTIONAL_WRITE_EXHAUSTED_PRIMALITY_UNASSIGNED,513,512,512,NO_RECORDED_FACTOR_PRP_OR_LL_RESULT_AND_NO_ACTIVE_GIMPS_ASSIGNMENT,2026-08-09T09:12:31+00:00,UNALLOCATED,,,,,
SLCMP2607-3663,3663,3663,794182637,2^794182637-1,STRUCTURAL_SCREEN_EXHAUSTED_PRIMALITY_UNASSIGNED,GF3A_DIRECTIONAL_WRITE_EXHAUSTED_PRIMALITY_UNASSIGNED,513,512,512,NO_RECORDED_FACTOR_PRP_OR_LL_RESULT_AND_NO_ACTIVE_GIMPS_ASSIGNMENT,2026-08-09T09:12:31+00:00,UNALLOCATED,,,,,
SLCMP2607-3664,3664,3664,794182667,2^794182667-1,STRUCTURAL_SCREEN_EXHAUSTED_PRIMALITY_UNASSIGNED,GF3A_DIRECTIONAL_WRITE_EXHAUSTED_PRIMALITY_UNASSIGNED,514,512,512,NO_RECORDED_FACTOR_PRP_OR_LL_RESULT_AND_NO_ACTIVE_GIMPS_ASSIGNMENT,2026-08-09T09:12:31+00:00,UNALLOCATED,,,,,
SLCMP2607-3665,3665,3665,794182681,2^794182681-1,STRUCTURAL_SCREEN_EXHAUSTED_PRIMALITY_UNASSIGNED,GF3A_DIRECTIONAL_WRITE_EXHAUSTED_PRIMALITY_UNASSIGNED,513,512,512,NO_RECORDED_FACTOR_PRP_OR_LL_RESULT_AND_NO_ACTIVE_GIMPS_ASSIGNMENT,2026-08-09T09:12:31+00:00,UNALLOCATED,,,,,
SLCMP2607-3666,3666,3666,794182721,2^794182721-1,STRUCTURAL_SCREEN_EXHAUSTED_PRIMALITY_UNASSIGNED,GF3A_DIRECTIONAL_WRITE_EXHAUSTED_PRIMALITY_UNASSIGNED,513,512,512,NO_RECORDED_FACTOR_PRP_OR_LL_RESULT_AND_NO_ACTIVE_GIMPS_ASSIGNMENT,2026-08-09T09:12:31+00:00,UNALLOCATED,,,,,
SLCMP2607-3667,3667,3667,794182723,2^794182723-1,STRUCTURAL_SCREEN_EXHAUSTED_PRIMALITY_UNASSIGNED,GF3A_DIRECTIONAL_WRITE_EXHAUSTED_PRIMALITY_UNASSIGNED,514,512,512,NO_RECORDED_FACTOR_PRP_OR_LL_RESULT_AND_NO_ACTIVE_GIMPS_ASSIGNMENT,2026-08-09T09:12:31+00:00,UNALLOCATED,,,,,
SLCMP2607-3668,3668,3668,794182811,2^794182811-1,STRUCTURAL_SCREEN_EXHAUSTED_PRIMALITY_UNASSIGNED,GF3A_DIRECTIONAL_WRITE_EXHAUSTED_PRIMALITY_UNASSIGNED,514,512,512,NO_RECORDED_FACTOR_PRP_OR_LL_RESULT_AND_NO_ACTIVE_GIMPS_ASSIGNMENT,2026-08-09T09:12:31+00:00,UNALLOCATED,,,,,
SLCMP2607-3669,3669,3669,794182817,2^794182817-1,STRUCTURAL_SCREEN_EXHAUSTED_PRIMALITY_UNASSIGNED,GF3A_DIRECTIONAL_WRITE_EXHAUSTED_PRIMALITY_UNASSIGNED,513,512,512,NO_RECORDED_FACTOR_PRP_OR_LL_RESULT_AND_NO_ACTIVE_GIMPS_ASSIGNMENT,2026-08-09T09:12:31+00:00,UNALLOCATED,,,,,
SLCMP2607-3670,3670,3670,794182889,2^794182889-1,STRUCTURAL_SCREEN_EXHAUSTED_PRIMALITY_UNASSIGNED,GF3A_DIRECTIONAL_WRITE_EXHAUSTED_PRIMALITY_UNASSIGNED,513,512,512,NO_RECORDED_FACTOR_PRP_OR_LL_RESULT_AND_NO_ACTIVE_GIMPS_ASSIGNMENT,2026-08-09T09:12:31+00:00,UNALLOCATED,,,,,
SLCMP2607-3671,3671,3671,794182933,2^794182933-1,STRUCTURAL_SCREEN_EXHAUSTED_PRIMALITY_UNASSIGNED,GF3A_DIRECTIONAL_WRITE_EXHAUSTED_PRIMALITY_UNASSIGNED,513,512,512,NO_RECORDED_FACTOR_PRP_OR_LL_RESULT_AND_NO_ACTIVE_GIMPS_ASSIGNMENT,2026-08-09T09:12:31+00:00,UNALLOCATED,,,,,
SLCMP2607-3672,3672,3672,794182981,2^794182981-1,STRUCTURAL_SCREEN_EXHAUSTED_PRIMALITY_UNASSIGNED,GF3A_DIRECTIONAL_WRITE_EXHAUSTED_PRIMALITY_UNASSIGNED,513,512,512,NO_RECORDED_FACTOR_PRP_OR_LL_RESULT_AND_NO_ACTIVE_GIMPS_ASSIGNMENT,2026-08-09T09:12:31+00:00,UNALLOCATED,,,,,
SLCMP2607-3673,3673,3673,794183119,2^794183119-1,STRUCTURAL_SCREEN_EXHAUSTED_PRIMALITY_UNASSIGNED,GF3A_DIRECTIONAL_WRITE_EXHAUSTED_PRIMALITY_UNASSIGNED,514,512,512,NO_RECORDED_FACTOR_PRP_OR_LL_RESULT_AND_NO_ACTIVE_GIMPS_ASSIGNMENT,2026-08-09T09:12:31+00:00,UNALLOCATED,,,,,
SLCMP2607-3674,3674,3674,794183167,2^794183167-1,STRUCTURAL_SCREEN_EXHAUSTED_PRIMALITY_UNASSIGNED,GF3A_DIRECTIONAL_WRITE_EXHAUSTED_PRIMALITY_UNASSIGNED,514,512,512,NO_RECORDED_FACTOR_PRP_OR_LL_RESULT_AND_NO_ACTIVE_GIMPS_ASSIGNMENT,2026-08-09T09:12:31+00:00,UNALLOCATED,,,,,
SLCMP2607-3675,3675,3675,794183249,2^794183249-1,STRUCTURAL_SCREEN_EXHAUSTED_PRIMALITY_UNASSIGNED,GF3A_DIRECTIONAL_WRITE_EXHAUSTED_PRIMALITY_UNASSIGNED,513,512,512,NO_RECORDED_FACTOR_PRP_OR_LL_RESULT_AND_NO_ACTIVE_GIMPS_ASSIGNMENT,2026-08-09T09:12:31+00:00,UNALLOCATED,,,,,
SLCMP2607-3676,3676,3676,794183267,2^794183267-1,STRUCTURAL_SCREEN_EXHAUSTED_PRIMALITY_UNASSIGNED,GF3A_DIRECTIONAL_WRITE_EXHAUSTED_PRIMALITY_UNASSIGNED,514,512,512,NO_RECORDED_FACTOR_PRP_OR_LL_RESULT_AND_NO_ACTIVE_GIMPS_ASSIGNMENT,2026-08-09T09:12:31+00:00,UNALLOCATED,,,,,
SLCMP2607-3677,3677,3677,794183333,2^794183333-1,STRUCTURAL_SCREEN_EXHAUSTED_PRIMALITY_UNASSIGNED,GF3A_DIRECTIONAL_WRITE_EXHAUSTED_PRIMALITY_UNASSIGNED,513,512,512,NO_RECORDED_FACTOR_PRP_OR_LL_RESULT_AND_NO_ACTIVE_GIMPS_ASSIGNMENT,2026-08-09T09:12:31+00:00,UNALLOCATED,,,,,
SLCMP2607-3678,3678,3678,794183359,2^794183359-1,STRUCTURAL_SCREEN_EXHAUSTED_PRIMALITY_UNASSIGNED,GF3A_DIRECTIONAL_WRITE_EXHAUSTED_PRIMALITY_UNASSIGNED,514,512,512,NO_RECORDED_FACTOR_PRP_OR_LL_RESULT_AND_NO_ACTIVE_GIMPS_ASSIGNMENT,2026-08-09T09:12:31+00:00,UNALLOCATED,,,,,
SLCMP2607-3679,3679,3679,794183431,2^794183431-1,STRUCTURAL_SCREEN_EXHAUSTED_PRIMALITY_UNASSIGNED,GF3A_DIRECTIONAL_WRITE_EXHAUSTED_PRIMALITY_UNASSIGNED,514,512,512,NO_RECORDED_FACTOR_PRP_OR_LL_RESULT_AND_NO_ACTIVE_GIMPS_ASSIGNMENT,2026-08-09T09:12:31+00:00,UNALLOCATED,,,,,
SLCMP2607-3680,3680,3680,794183561,2^794183561-1,STRUCTURAL_SCREEN_EXHAUSTED_PRIMALITY_UNASSIGNED,GF3A_DIRECTIONAL_WRITE_EXHAUSTED_PRIMALITY_UNASSIGNED,513,512,512,NO_RECORDED_FACTOR_PRP_OR_LL_RESULT_AND_NO_ACTIVE_GIMPS_ASSIGNMENT,2026-08-09T09:12:31+00:00,UNALLOCATED,,,,,
SLCMP2607-3681,3681,3681,794183563,2^794183563-1,STRUCTURAL_SCREEN_EXHAUSTED_PRIMALITY_UNASSIGNED,GF3A_DIRECTIONAL_WRITE_EXHAUSTED_PRIMALITY_UNASSIGNED,514,512,512,NO_RECORDED_FACTOR_PRP_OR_LL_RESULT_AND_NO_ACTIVE_GIMPS_ASSIGNMENT,2026-08-09T09:12:31+00:00,UNALLOCATED,,,,,
SLCMP2607-3682,3682,3682,794183609,2^794183609-1,STRUCTURAL_SCREEN_EXHAUSTED_PRIMALITY_UNASSIGNED,GF3A_DIRECTIONAL_WRITE_EXHAUSTED_PRIMALITY_UNASSIGNED,513,512,512,NO_RECORDED_FACTOR_PRP_OR_LL_RESULT_AND_NO_ACTIVE_GIMPS_ASSIGNMENT,2026-08-09T09:12:31+00:00,UNALLOCATED,,,,,
SLCMP2607-3683,3683,3683,794183671,2^794183671-1,STRUCTURAL_SCREEN_EXHAUSTED_PRIMALITY_UNASSIGNED,GF3A_DIRECTIONAL_WRITE_EXHAUSTED_PRIMALITY_UNASSIGNED,514,512,512,NO_RECORDED_FACTOR_PRP_OR_LL_RESULT_AND_NO_ACTIVE_GIMPS_ASSIGNMENT,2026-08-09T09:12:31+00:00,UNALLOCATED,,,,,
SLCMP2607-3684,3684,3684,794183683,2^794183683-1,STRUCTURAL_SCREEN_EXHAUSTED_PRIMALITY_UNASSIGNED,GF3A_DIRECTIONAL_WRITE_EXHAUSTED_PRIMALITY_UNASSIGNED,514,512,512,NO_RECORDED_FACTOR_PRP_OR_LL_RESULT_AND_NO_ACTIVE_GIMPS_ASSIGNMENT,2026-08-09T09:12:31+00:00,UNALLOCATED,,,,,
SLCMP2607-3685,3685,3685,794183693,2^794183693-1,STRUCTURAL_SCREEN_EXHAUSTED_PRIMALITY_UNASSIGNED,GF3A_DIRECTIONAL_WRITE_EXHAUSTED_PRIMALITY_UNASSIGNED,513,512,512,NO_RECORDED_FACTOR_PRP_OR_LL_RESULT_AND_NO_ACTIVE_GIMPS_ASSIGNMENT,2026-08-09T09:12:31+00:00,UNALLOCATED,,,,,
SLCMP2607-3686,3686,3686,794183707,2^794183707-1,STRUCTURAL_SCREEN_EXHAUSTED_PRIMALITY_UNASSIGNED,GF3A_DIRECTIONAL_WRITE_EXHAUSTED_PRIMALITY_UNASSIGNED,514,512,512,NO_RECORDED_FACTOR_PRP_OR_LL_RESULT_AND_NO_ACTIVE_GIMPS_ASSIGNMENT,2026-08-09T09:12:31+00:00,UNALLOCATED,,,,,
SLCMP2607-3687,3687,3687,794183729,2^794183729-1,STRUCTURAL_SCREEN_EXHAUSTED_PRIMALITY_UNASSIGNED,GF3A_DIRECTIONAL_WRITE_EXHAUSTED_PRIMALITY_UNASSIGNED,513,512,512,NO_RECORDED_FACTOR_PRP_OR_LL_RESULT_AND_NO_ACTIVE_GIMPS_ASSIGNMENT,2026-08-09T09:12:31+00:00,UNALLOCATED,,,,,
SLCMP2607-3688,3688,3688,794183743,2^794183743-1,STRUCTURAL_SCREEN_EXHAUSTED_PRIMALITY_UNASSIGNED,GF3A_DIRECTIONAL_WRITE_EXHAUSTED_PRIMALITY_UNASSIGNED,514,512,512,NO_RECORDED_FACTOR_PRP_OR_LL_RESULT_AND_NO_ACTIVE_GIMPS_ASSIGNMENT,2026-08-09T09:12:31+00:00,UNALLOCATED,,,,,
SLCMP2607-3689,3689,3689,794183833,2^794183833-1,STRUCTURAL_SCREEN_EXHAUSTED_PRIMALITY_UNASSIGNED,GF3A_DIRECTIONAL_WRITE_EXHAUSTED_PRIMALITY_UNASSIGNED,513,512,512,NO_RECORDED_FACTOR_PRP_OR_LL_RESULT_AND_NO_ACTIVE_GIMPS_ASSIGNMENT,2026-08-09T09:12:31+00:00,UNALLOCATED,,,,,
SLCMP2607-3690,3690,3690,794183881,2^794183881-1,STRUCTURAL_SCREEN_EXHAUSTED_PRIMALITY_UNASSIGNED,GF3A_DIRECTIONAL_WRITE_EXHAUSTED_PRIMALITY_UNASSIGNED,513,512,512,NO_RECORDED_FACTOR_PRP_OR_LL_RESULT_AND_NO_ACTIVE_GIMPS_ASSIGNMENT,2026-08-09T09:12:31+00:00,UNALLOCATED,,,,,
SLCMP2607-3691,3691,3691,794183893,2^794183893-1,STRUCTURAL_SCREEN_EXHAUSTED_PRIMALITY_UNASSIGNED,GF3A_DIRECTIONAL_WRITE_EXHAUSTED_PRIMALITY_UNASSIGNED,513,512,512,NO_RECORDED_FACTOR_PRP_OR_LL_RESULT_AND_NO_ACTIVE_GIMPS_ASSIGNMENT,2026-08-09T09:12:31+00:00,UNALLOCATED,,,,,
SLCMP2607-3692,3692,3692,794183953,2^794183953-1,STRUCTURAL_SCREEN_EXHAUSTED_PRIMALITY_UNASSIGNED,GF3A_DIRECTIONAL_WRITE_EXHAUSTED_PRIMALITY_UNASSIGNED,513,512,512,NO_RECORDED_FACTOR_PRP_OR_LL_RESULT_AND_NO_ACTIVE_GIMPS_ASSIGNMENT,2026-08-09T09:12:31+00:00,UNALLOCATED,,,,,
SLCMP2607-3693,3693,3693,794184023,2^794184023-1,STRUCTURAL_SCREEN_EXHAUSTED_PRIMALITY_UNASSIGNED,GF3A_DIRECTIONAL_WRITE_EXHAUSTED_PRIMALITY_UNASSIGNED,514,512,512,NO_RECORDED_FACTOR_PRP_OR_LL_RESULT_AND_NO_ACTIVE_GIMPS_ASSIGNMENT,2026-08-09T09:12:31+00:00,UNALLOCATED,,,,,
SLCMP2607-3694,3694,3694,794184037,2^794184037-1,STRUCTURAL_SCREEN_EXHAUSTED_PRIMALITY_UNASSIGNED,GF3A_DIRECTIONAL_WRITE_EXHAUSTED_PRIMALITY_UNASSIGNED,513,512,512,NO_RECORDED_FACTOR_PRP_OR_LL_RESULT_AND_NO_ACTIVE_GIMPS_ASSIGNMENT,2026-08-09T09:12:31+00:00,UNALLOCATED,,,,,
SLCMP2607-3695,3695,3695,794184143,2^794184143-1,STRUCTURAL_SCREEN_EXHAUSTED_PRIMALITY_UNASSIGNED,GF3A_DIRECTIONAL_WRITE_EXHAUSTED_PRIMALITY_UNASSIGNED,514,512,512,NO_RECORDED_FACTOR_PRP_OR_LL_RESULT_AND_NO_ACTIVE_GIMPS_ASSIGNMENT,2026-08-09T09:12:31+00:00,UNALLOCATED,,,,,
SLCMP2607-3696,3696,3696,794184151,2^794184151-1,STRUCTURAL_SCREEN_EXHAUSTED_PRIMALITY_UNASSIGNED,GF3A_DIRECTIONAL_WRITE_EXHAUSTED_PRIMALITY_UNASSIGNED,514,512,512,NO_RECORDED_FACTOR_PRP_OR_LL_RESULT_AND_NO_ACTIVE_GIMPS_ASSIGNMENT,2026-08-09T09:12:31+00:00,UNALLOCATED,,,,,
SLCMP2607-3697,3697,3697,794184179,2^794184179-1,STRUCTURAL_SCREEN_EXHAUSTED_PRIMALITY_UNASSIGNED,GF3A_DIRECTIONAL_WRITE_EXHAUSTED_PRIMALITY_UNASSIGNED,514,512,512,NO_RECORDED_FACTOR_PRP_OR_LL_RESULT_AND_NO_ACTIVE_GIMPS_ASSIGNMENT,2026-08-09T09:12:31+00:00,UNALLOCATED,,,,,
SLCMP2607-3698,3698,3698,794184187,2^794184187-1,STRUCTURAL_SCREEN_EXHAUSTED_PRIMALITY_UNASSIGNED,GF3A_DIRECTIONAL_WRITE_EXHAUSTED_PRIMALITY_UNASSIGNED,514,512,512,NO_RECORDED_FACTOR_PRP_OR_LL_RESULT_AND_NO_ACTIVE_GIMPS_ASSIGNMENT,2026-08-09T09:12:31+00:00,UNALLOCATED,,,,,
SLCMP2607-3699,3699,3699,794184241,2^794184241-1,STRUCTURAL_SCREEN_EXHAUSTED_PRIMALITY_UNASSIGNED,GF3A_DIRECTIONAL_WRITE_EXHAUSTED_PRIMALITY_UNASSIGNED,513,512,512,NO_RECORDED_FACTOR_PRP_OR_LL_RESULT_AND_NO_ACTIVE_GIMPS_ASSIGNMENT,2026-08-09T09:12:31+00:00,UNALLOCATED,,,,,
SLCMP2607-3700,3700,3700,794184253,2^794184253-1,STRUCTURAL_SCREEN_EXHAUSTED_PRIMALITY_UNASSIGNED,GF3A_DIRECTIONAL_WRITE_EXHAUSTED_PRIMALITY_UNASSIGNED,513,512,512,NO_RECORDED_FACTOR_PRP_OR_LL_RESULT_AND_NO_ACTIVE_GIMPS_ASSIGNMENT,2026-08-09T09:12:31+00:00,UNALLOCATED,,,,,
SLCMP2607-3701,3701,3701,794184337,2^794184337-1,STRUCTURAL_SCREEN_EXHAUSTED_PRIMALITY_UNASSIGNED,GF3A_DIRECTIONAL_WRITE_EXHAUSTED_PRIMALITY_UNASSIGNED,513,512,512,NO_RECORDED_FACTOR_PRP_OR_LL_RESULT_AND_NO_ACTIVE_GIMPS_ASSIGNMENT,2026-08-09T09:12:31+00:00,UNALLOCATED,,,,,
SLCMP2607-3702,3702,3702,794184511,2^794184511-1,STRUCTURAL_SCREEN_EXHAUSTED_PRIMALITY_UNASSIGNED,GF3A_DIRECTIONAL_WRITE_EXHAUSTED_PRIMALITY_UNASSIGNED,514,512,512,NO_RECORDED_FACTOR_PRP_OR_LL_RESULT_AND_NO_ACTIVE_GIMPS_ASSIGNMENT,2026-08-09T09:12:31+00:00,UNALLOCATED,,,,,
SLCMP2607-3703,3703,3703,794184617,2^794184617-1,STRUCTURAL_SCREEN_EXHAUSTED_PRIMALITY_UNASSIGNED,GF3A_DIRECTIONAL_WRITE_EXHAUSTED_PRIMALITY_UNASSIGNED,513,512,512,NO_RECORDED_FACTOR_PRP_OR_LL_RESULT_AND_NO_ACTIVE_GIMPS_ASSIGNMENT,2026-08-09T09:12:31+00:00,UNALLOCATED,,,,,
SLCMP2607-3704,3704,3704,794184659,2^794184659-1,STRUCTURAL_SCREEN_EXHAUSTED_PRIMALITY_UNASSIGNED,GF3A_DIRECTIONAL_WRITE_EXHAUSTED_PRIMALITY_UNASSIGNED,514,512,512,NO_RECORDED_FACTOR_PRP_OR_LL_RESULT_AND_NO_ACTIVE_GIMPS_ASSIGNMENT,2026-08-09T09:12:31+00:00,UNALLOCATED,,,,,
SLCMP2607-3705,3705,3705,794184731,2^794184731-1,STRUCTURAL_SCREEN_EXHAUSTED_PRIMALITY_UNASSIGNED,GF3A_DIRECTIONAL_WRITE_EXHAUSTED_PRIMALITY_UNASSIGNED,514,512,512,NO_RECORDED_FACTOR_PRP_OR_LL_RESULT_AND_NO_ACTIVE_GIMPS_ASSIGNMENT,2026-08-09T09:12:31+00:00,UNALLOCATED,,,,,
SLCMP2607-3706,3706,3706,794184823,2^794184823-1,STRUCTURAL_SCREEN_EXHAUSTED_PRIMALITY_UNASSIGNED,GF3A_DIRECTIONAL_WRITE_EXHAUSTED_PRIMALITY_UNASSIGNED,514,512,512,NO_RECORDED_FACTOR_PRP_OR_LL_RESULT_AND_NO_ACTIVE_GIMPS_ASSIGNMENT,2026-08-09T09:12:31+00:00,UNALLOCATED,,,,,
SLCMP2607-3707,3707,3707,794184829,2^794184829-1,STRUCTURAL_SCREEN_EXHAUSTED_PRIMALITY_UNASSIGNED,GF3A_DIRECTIONAL_WRITE_EXHAUSTED_PRIMALITY_UNASSIGNED,513,512,512,NO_RECORDED_FACTOR_PRP_OR_LL_RESULT_AND_NO_ACTIVE_GIMPS_ASSIGNMENT,2026-08-09T09:12:31+00:00,UNALLOCATED,,,,,
SLCMP2607-3708,3708,3708,794184943,2^794184943-1,STRUCTURAL_SCREEN_EXHAUSTED_PRIMALITY_UNASSIGNED,GF3A_DIRECTIONAL_WRITE_EXHAUSTED_PRIMALITY_UNASSIGNED,514,512,512,NO_RECORDED_FACTOR_PRP_OR_LL_RESULT_AND_NO_ACTIVE_GIMPS_ASSIGNMENT,2026-08-09T09:12:31+00:00,UNALLOCATED,,,,,
SLCMP2607-3709,3709,3709,794185043,2^794185043-1,STRUCTURAL_SCREEN_EXHAUSTED_PRIMALITY_UNASSIGNED,GF3A_DIRECTIONAL_WRITE_EXHAUSTED_PRIMALITY_UNASSIGNED,514,512,512,NO_RECORDED_FACTOR_PRP_OR_LL_RESULT_AND_NO_ACTIVE_GIMPS_ASSIGNMENT,2026-08-09T09:12:31+00:00,UNALLOCATED,,,,,
SLCMP2607-3710,3710,3710,794185079,2^794185079-1,STRUCTURAL_SCREEN_EXHAUSTED_PRIMALITY_UNASSIGNED,GF3A_DIRECTIONAL_WRITE_EXHAUSTED_PRIMALITY_UNASSIGNED,514,512,512,NO_RECORDED_FACTOR_PRP_OR_LL_RESULT_AND_NO_ACTIVE_GIMPS_ASSIGNMENT,2026-08-09T09:12:31+00:00,UNALLOCATED,,,,,
SLCMP2607-3711,3711,3711,794185267,2^794185267-1,STRUCTURAL_SCREEN_EXHAUSTED_PRIMALITY_UNASSIGNED,GF3A_DIRECTIONAL_WRITE_EXHAUSTED_PRIMALITY_UNASSIGNED,514,512,512,NO_RECORDED_FACTOR_PRP_OR_LL_RESULT_AND_NO_ACTIVE_GIMPS_ASSIGNMENT,2026-08-09T09:12:31+00:00,UNALLOCATED,,,,,
SLCMP2607-3712,3712,3712,794185297,2^794185297-1,STRUCTURAL_SCREEN_EXHAUSTED_PRIMALITY_UNASSIGNED,GF3A_DIRECTIONAL_WRITE_EXHAUSTED_PRIMALITY_UNASSIGNED,513,512,512,NO_RECORDED_FACTOR_PRP_OR_LL_RESULT_AND_NO_ACTIVE_GIMPS_ASSIGNMENT,2026-08-09T09:12:31+00:00,UNALLOCATED,,,,,
SLCMP2607-3713,3713,3713,794185303,2^794185303-1,STRUCTURAL_SCREEN_EXHAUSTED_PRIMALITY_UNASSIGNED,GF3A_DIRECTIONAL_WRITE_EXHAUSTED_PRIMALITY_UNASSIGNED,514,512,512,NO_RECORDED_FACTOR_PRP_OR_LL_RESULT_AND_NO_ACTIVE_GIMPS_ASSIGNMENT,2026-08-09T09:12:31+00:00,UNALLOCATED,,,,,
SLCMP2607-3714,3714,3714,794185333,2^794185333-1,STRUCTURAL_SCREEN_EXHAUSTED_PRIMALITY_UNASSIGNED,GF3A_DIRECTIONAL_WRITE_EXHAUSTED_PRIMALITY_UNASSIGNED,513,512,512,NO_RECORDED_FACTOR_PRP_OR_LL_RESULT_AND_NO_ACTIVE_GIMPS_ASSIGNMENT,2026-08-09T09:12:31+00:00,UNALLOCATED,,,,,
SLCMP2607-3715,3715,3715,794185429,2^794185429-1,STRUCTURAL_SCREEN_EXHAUSTED_PRIMALITY_UNASSIGNED,GF3A_DIRECTIONAL_WRITE_EXHAUSTED_PRIMALITY_UNASSIGNED,513,512,512,NO_RECORDED_FACTOR_PRP_OR_LL_RESULT_AND_NO_ACTIVE_GIMPS_ASSIGNMENT,2026-08-09T09:12:31+00:00,UNALLOCATED,,,,,
SLCMP2607-3716,3716,3716,794185433,2^794185433-1,STRUCTURAL_SCREEN_EXHAUSTED_PRIMALITY_UNASSIGNED,GF3A_DIRECTIONAL_WRITE_EXHAUSTED_PRIMALITY_UNASSIGNED,513,512,512,NO_RECORDED_FACTOR_PRP_OR_LL_RESULT_AND_NO_ACTIVE_GIMPS_ASSIGNMENT,2026-08-09T09:12:31+00:00,UNALLOCATED,,,,,
SLCMP2607-3717,3717,3717,794185487,2^794185487-1,STRUCTURAL_SCREEN_EXHAUSTED_PRIMALITY_UNASSIGNED,GF3A_DIRECTIONAL_WRITE_EXHAUSTED_PRIMALITY_UNASSIGNED,514,512,512,NO_RECORDED_FACTOR_PRP_OR_LL_RESULT_AND_NO_ACTIVE_GIMPS_ASSIGNMENT,2026-08-09T09:12:31+00:00,UNALLOCATED,,,,,
SLCMP2607-3718,3718,3718,794185573,2^794185573-1,STRUCTURAL_SCREEN_EXHAUSTED_PRIMALITY_UNASSIGNED,GF3A_DIRECTIONAL_WRITE_EXHAUSTED_PRIMALITY_UNASSIGNED,513,512,512,NO_RECORDED_FACTOR_PRP_OR_LL_RESULT_AND_NO_ACTIVE_GIMPS_ASSIGNMENT,2026-08-09T09:12:31+00:00,UNALLOCATED,,,,,
SLCMP2607-3719,3719,3719,794185591,2^794185591-1,STRUCTURAL_SCREEN_EXHAUSTED_PRIMALITY_UNASSIGNED,GF3A_DIRECTIONAL_WRITE_EXHAUSTED_PRIMALITY_UNASSIGNED,514,512,512,NO_RECORDED_FACTOR_PRP_OR_LL_RESULT_AND_NO_ACTIVE_GIMPS_ASSIGNMENT,2026-08-09T09:12:31+00:00,UNALLOCATED,,,,,
SLCMP2607-3720,3720,3720,794185627,2^794185627-1,STRUCTURAL_SCREEN_EXHAUSTED_PRIMALITY_UNASSIGNED,GF3A_DIRECTIONAL_WRITE_EXHAUSTED_PRIMALITY_UNASSIGNED,514,512,512,NO_RECORDED_FACTOR_PRP_OR_LL_RESULT_AND_NO_ACTIVE_GIMPS_ASSIGNMENT,2026-08-09T09:12:31+00:00,UNALLOCATED,,,,,
SLCMP2607-3721,3721,3721,794185661,2^794185661-1,STRUCTURAL_SCREEN_EXHAUSTED_PRIMALITY_UNASSIGNED,GF3A_DIRECTIONAL_WRITE_EXHAUSTED_PRIMALITY_UNASSIGNED,513,512,512,NO_RECORDED_FACTOR_PRP_OR_LL_RESULT_AND_NO_ACTIVE_GIMPS_ASSIGNMENT,2026-08-09T09:12:31+00:00,UNALLOCATED,,,,,
SLCMP2607-3722,3722,3722,794185729,2^794185729-1,STRUCTURAL_SCREEN_EXHAUSTED_PRIMALITY_UNASSIGNED,GF3A_DIRECTIONAL_WRITE_EXHAUSTED_PRIMALITY_UNASSIGNED,513,512,512,NO_RECORDED_FACTOR_PRP_OR_LL_RESULT_AND_NO_ACTIVE_GIMPS_ASSIGNMENT,2026-08-09T09:12:31+00:00,UNALLOCATED,,,,,
SLCMP2607-3723,3723,3723,794185757,2^794185757-1,STRUCTURAL_SCREEN_EXHAUSTED_PRIMALITY_UNASSIGNED,GF3A_DIRECTIONAL_WRITE_EXHAUSTED_PRIMALITY_UNASSIGNED,513,512,512,NO_RECORDED_FACTOR_PRP_OR_LL_RESULT_AND_NO_ACTIVE_GIMPS_ASSIGNMENT,2026-08-09T09:12:31+00:00,UNALLOCATED,,,,,
SLCMP2607-3724,3724,3724,794185817,2^794185817-1,STRUCTURAL_SCREEN_EXHAUSTED_PRIMALITY_UNASSIGNED,GF3A_DIRECTIONAL_WRITE_EXHAUSTED_PRIMALITY_UNASSIGNED,513,512,512,NO_RECORDED_FACTOR_PRP_OR_LL_RESULT_AND_NO_ACTIVE_GIMPS_ASSIGNMENT,2026-08-09T09:12:31+00:00,UNALLOCATED,,,,,
SLCMP2607-3725,3725,3725,794185897,2^794185897-1,STRUCTURAL_SCREEN_EXHAUSTED_PRIMALITY_UNASSIGNED,GF3A_DIRECTIONAL_WRITE_EXHAUSTED_PRIMALITY_UNASSIGNED,513,512,512,NO_RECORDED_FACTOR_PRP_OR_LL_RESULT_AND_NO_ACTIVE_GIMPS_ASSIGNMENT,2026-08-09T09:12:31+00:00,UNALLOCATED,,,,,
SLCMP2607-3726,3726,3726,794185937,2^794185937-1,STRUCTURAL_SCREEN_EXHAUSTED_PRIMALITY_UNASSIGNED,GF3A_DIRECTIONAL_WRITE_EXHAUSTED_PRIMALITY_UNASSIGNED,513,512,512,NO_RECORDED_FACTOR_PRP_OR_LL_RESULT_AND_NO_ACTIVE_GIMPS_ASSIGNMENT,2026-08-09T09:12:31+00:00,UNALLOCATED,,,,,
SLCMP2607-3727,3727,3727,794185979,2^794185979-1,STRUCTURAL_SCREEN_EXHAUSTED_PRIMALITY_UNASSIGNED,GF3A_DIRECTIONAL_WRITE_EXHAUSTED_PRIMALITY_UNASSIGNED,514,512,512,NO_RECORDED_FACTOR_PRP_OR_LL_RESULT_AND_NO_ACTIVE_GIMPS_ASSIGNMENT,2026-08-09T09:12:31+00:00,UNALLOCATED,,,,,
SLCMP2607-3728,3728,3728,794186011,2^794186011-1,STRUCTURAL_SCREEN_EXHAUSTED_PRIMALITY_UNASSIGNED,GF3A_DIRECTIONAL_WRITE_EXHAUSTED_PRIMALITY_UNASSIGNED,514,512,512,NO_RECORDED_FACTOR_PRP_OR_LL_RESULT_AND_NO_ACTIVE_GIMPS_ASSIGNMENT,2026-08-09T09:12:31+00:00,UNALLOCATED,,,,,
SLCMP2607-3729,3729,3729,794186047,2^794186047-1,STRUCTURAL_SCREEN_EXHAUSTED_PRIMALITY_UNASSIGNED,GF3A_DIRECTIONAL_WRITE_EXHAUSTED_PRIMALITY_UNASSIGNED,514,512,512,NO_RECORDED_FACTOR_PRP_OR_LL_RESULT_AND_NO_ACTIVE_GIMPS_ASSIGNMENT,2026-08-09T09:12:31+00:00,UNALLOCATED,,,,,
SLCMP2607-3730,3730,3730,794186203,2^794186203-1,STRUCTURAL_SCREEN_EXHAUSTED_PRIMALITY_UNASSIGNED,GF3A_DIRECTIONAL_WRITE_EXHAUSTED_PRIMALITY_UNASSIGNED,514,512,512,NO_RECORDED_FACTOR_PRP_OR_LL_RESULT_AND_NO_ACTIVE_GIMPS_ASSIGNMENT,2026-08-09T09:12:31+00:00,UNALLOCATED,,,,,
SLCMP2607-3731,3731,3731,794186269,2^794186269-1,STRUCTURAL_SCREEN_EXHAUSTED_PRIMALITY_UNASSIGNED,GF3A_DIRECTIONAL_WRITE_EXHAUSTED_PRIMALITY_UNASSIGNED,513,512,512,NO_RECORDED_FACTOR_PRP_OR_LL_RESULT_AND_NO_ACTIVE_GIMPS_ASSIGNMENT,2026-08-09T09:12:31+00:00,UNALLOCATED,,,,,
SLCMP2607-3732,3732,3732,794186279,2^794186279-1,STRUCTURAL_SCREEN_EXHAUSTED_PRIMALITY_UNASSIGNED,GF3A_DIRECTIONAL_WRITE_EXHAUSTED_PRIMALITY_UNASSIGNED,514,512,512,NO_RECORDED_FACTOR_PRP_OR_LL_RESULT_AND_NO_ACTIVE_GIMPS_ASSIGNMENT,2026-08-09T09:12:31+00:00,UNALLOCATED,,,,,
SLCMP2607-3733,3733,3733,794186357,2^794186357-1,STRUCTURAL_SCREEN_EXHAUSTED_PRIMALITY_UNASSIGNED,GF3A_DIRECTIONAL_WRITE_EXHAUSTED_PRIMALITY_UNASSIGNED,513,512,512,NO_RECORDED_FACTOR_PRP_OR_LL_RESULT_AND_NO_ACTIVE_GIMPS_ASSIGNMENT,2026-08-09T09:12:31+00:00,UNALLOCATED,,,,,
SLCMP2607-3734,3734,3734,794186543,2^794186543-1,STRUCTURAL_SCREEN_EXHAUSTED_PRIMALITY_UNASSIGNED,GF3A_DIRECTIONAL_WRITE_EXHAUSTED_PRIMALITY_UNASSIGNED,514,512,512,NO_RECORDED_FACTOR_PRP_OR_LL_RESULT_AND_NO_ACTIVE_GIMPS_ASSIGNMENT,2026-08-09T09:12:31+00:00,UNALLOCATED,,,,,
SLCMP2607-3735,3735,3735,794186557,2^794186557-1,STRUCTURAL_SCREEN_EXHAUSTED_PRIMALITY_UNASSIGNED,GF3A_DIRECTIONAL_WRITE_EXHAUSTED_PRIMALITY_UNASSIGNED,513,512,512,NO_RECORDED_FACTOR_PRP_OR_LL_RESULT_AND_NO_ACTIVE_GIMPS_ASSIGNMENT,2026-08-09T09:12:31+00:00,UNALLOCATED,,,,,
SLCMP2607-3736,3736,3736,794186587,2^794186587-1,STRUCTURAL_SCREEN_EXHAUSTED_PRIMALITY_UNASSIGNED,GF3A_DIRECTIONAL_WRITE_EXHAUSTED_PRIMALITY_UNASSIGNED,514,512,512,NO_RECORDED_FACTOR_PRP_OR_LL_RESULT_AND_NO_ACTIVE_GIMPS_ASSIGNMENT,2026-08-09T09:12:31+00:00,UNALLOCATED,,,,,
SLCMP2607-3737,3737,3737,794186593,2^794186593-1,STRUCTURAL_SCREEN_EXHAUSTED_PRIMALITY_UNASSIGNED,GF3A_DIRECTIONAL_WRITE_EXHAUSTED_PRIMALITY_UNASSIGNED,513,512,512,NO_RECORDED_FACTOR_PRP_OR_LL_RESULT_AND_NO_ACTIVE_GIMPS_ASSIGNMENT,2026-08-09T09:12:31+00:00,UNALLOCATED,,,,,
SLCMP2607-3738,3738,3738,794186863,2^794186863-1,STRUCTURAL_SCREEN_EXHAUSTED_PRIMALITY_UNASSIGNED,GF3A_DIRECTIONAL_WRITE_EXHAUSTED_PRIMALITY_UNASSIGNED,514,512,512,NO_RECORDED_FACTOR_PRP_OR_LL_RESULT_AND_NO_ACTIVE_GIMPS_ASSIGNMENT,2026-08-09T09:12:31+00:00,UNALLOCATED,,,,,
SLCMP2607-3739,3739,3739,794186893,2^794186893-1,STRUCTURAL_SCREEN_EXHAUSTED_PRIMALITY_UNASSIGNED,GF3A_DIRECTIONAL_WRITE_EXHAUSTED_PRIMALITY_UNASSIGNED,513,512,512,NO_RECORDED_FACTOR_PRP_OR_LL_RESULT_AND_NO_ACTIVE_GIMPS_ASSIGNMENT,2026-08-09T09:12:31+00:00,UNALLOCATED,,,,,
SLCMP2607-3740,3740,3740,794187083,2^794187083-1,STRUCTURAL_SCREEN_EXHAUSTED_PRIMALITY_UNASSIGNED,GF3A_DIRECTIONAL_WRITE_EXHAUSTED_PRIMALITY_UNASSIGNED,514,512,512,NO_RECORDED_FACTOR_PRP_OR_LL_RESULT_AND_NO_ACTIVE_GIMPS_ASSIGNMENT,2026-08-09T09:12:31+00:00,UNALLOCATED,,,,,
SLCMP2607-3741,3741,3741,794187091,2^794187091-1,STRUCTURAL_SCREEN_EXHAUSTED_PRIMALITY_UNASSIGNED,GF3A_DIRECTIONAL_WRITE_EXHAUSTED_PRIMALITY_UNASSIGNED,514,512,512,NO_RECORDED_FACTOR_PRP_OR_LL_RESULT_AND_NO_ACTIVE_GIMPS_ASSIGNMENT,2026-08-09T09:12:31+00:00,UNALLOCATED,,,,,
SLCMP2607-3742,3742,3742,794187133,2^794187133-1,STRUCTURAL_SCREEN_EXHAUSTED_PRIMALITY_UNASSIGNED,GF3A_DIRECTIONAL_WRITE_EXHAUSTED_PRIMALITY_UNASSIGNED,513,512,512,NO_RECORDED_FACTOR_PRP_OR_LL_RESULT_AND_NO_ACTIVE_GIMPS_ASSIGNMENT,2026-08-09T09:12:31+00:00,UNALLOCATED,,,,,
SLCMP2607-3743,3743,3743,794187143,2^794187143-1,STRUCTURAL_SCREEN_EXHAUSTED_PRIMALITY_UNASSIGNED,GF3A_DIRECTIONAL_WRITE_EXHAUSTED_PRIMALITY_UNASSIGNED,514,512,512,NO_RECORDED_FACTOR_PRP_OR_LL_RESULT_AND_NO_ACTIVE_GIMPS_ASSIGNMENT,2026-08-09T09:12:31+00:00,UNALLOCATED,,,,,
SLCMP2607-3744,3744,3744,794187151,2^794187151-1,STRUCTURAL_SCREEN_EXHAUSTED_PRIMALITY_UNASSIGNED,GF3A_DIRECTIONAL_WRITE_EXHAUSTED_PRIMALITY_UNASSIGNED,514,512,512,NO_RECORDED_FACTOR_PRP_OR_LL_RESULT_AND_NO_ACTIVE_GIMPS_ASSIGNMENT,2026-08-09T09:12:31+00:00,UNALLOCATED,,,,,
SLCMP2607-3745,3745,3745,794187187,2^794187187-1,STRUCTURAL_SCREEN_EXHAUSTED_PRIMALITY_UNASSIGNED,GF3A_DIRECTIONAL_WRITE_EXHAUSTED_PRIMALITY_UNASSIGNED,514,512,512,NO_RECORDED_FACTOR_PRP_OR_LL_RESULT_AND_NO_ACTIVE_GIMPS_ASSIGNMENT,2026-08-09T09:12:31+00:00,UNALLOCATED,,,,,
SLCMP2607-3746,3746,3746,794187227,2^794187227-1,STRUCTURAL_SCREEN_EXHAUSTED_PRIMALITY_UNASSIGNED,GF3A_DIRECTIONAL_WRITE_EXHAUSTED_PRIMALITY_UNASSIGNED,514,512,512,NO_RECORDED_FACTOR_PRP_OR_LL_RESULT_AND_NO_ACTIVE_GIMPS_ASSIGNMENT,2026-08-09T09:12:31+00:00,UNALLOCATED,,,,,
SLCMP2607-3747,3747,3747,794187271,2^794187271-1,STRUCTURAL_SCREEN_EXHAUSTED_PRIMALITY_UNASSIGNED,GF3A_DIRECTIONAL_WRITE_EXHAUSTED_PRIMALITY_UNASSIGNED,514,512,512,NO_RECORDED_FACTOR_PRP_OR_LL_RESULT_AND_NO_ACTIVE_GIMPS_ASSIGNMENT,2026-08-09T09:12:31+00:00,UNALLOCATED,,,,,
SLCMP2607-3748,3748,3748,794187287,2^794187287-1,STRUCTURAL_SCREEN_EXHAUSTED_PRIMALITY_UNASSIGNED,GF3A_DIRECTIONAL_WRITE_EXHAUSTED_PRIMALITY_UNASSIGNED,514,512,512,NO_RECORDED_FACTOR_PRP_OR_LL_RESULT_AND_NO_ACTIVE_GIMPS_ASSIGNMENT,2026-08-09T09:12:31+00:00,UNALLOCATED,,,,,
SLCMP2607-3749,3749,3749,794187319,2^794187319-1,STRUCTURAL_SCREEN_EXHAUSTED_PRIMALITY_UNASSIGNED,GF3A_DIRECTIONAL_WRITE_EXHAUSTED_PRIMALITY_UNASSIGNED,514,512,512,NO_RECORDED_FACTOR_PRP_OR_LL_RESULT_AND_NO_ACTIVE_GIMPS_ASSIGNMENT,2026-08-09T09:12:31+00:00,UNALLOCATED,,,,,
SLCMP2607-3750,3750,3750,794187389,2^794187389-1,STRUCTURAL_SCREEN_EXHAUSTED_PRIMALITY_UNASSIGNED,GF3A_DIRECTIONAL_WRITE_EXHAUSTED_PRIMALITY_UNASSIGNED,513,512,512,NO_RECORDED_FACTOR_PRP_OR_LL_RESULT_AND_NO_ACTIVE_GIMPS_ASSIGNMENT,2026-08-09T09:12:31+00:00,UNALLOCATED,,,,,
SLCMP2607-3751,3751,3751,794187413,2^794187413-1,STRUCTURAL_SCREEN_EXHAUSTED_PRIMALITY_UNASSIGNED,GF3A_DIRECTIONAL_WRITE_EXHAUSTED_PRIMALITY_UNASSIGNED,513,512,512,NO_RECORDED_FACTOR_PRP_OR_LL_RESULT_AND_NO_ACTIVE_GIMPS_ASSIGNMENT,2026-08-09T09:12:31+00:00,UNALLOCATED,,,,,
SLCMP2607-3752,3752,3752,794187439,2^794187439-1,STRUCTURAL_SCREEN_EXHAUSTED_PRIMALITY_UNASSIGNED,GF3A_DIRECTIONAL_WRITE_EXHAUSTED_PRIMALITY_UNASSIGNED,514,512,512,NO_RECORDED_FACTOR_PRP_OR_LL_RESULT_AND_NO_ACTIVE_GIMPS_ASSIGNMENT,2026-08-09T09:12:31+00:00,UNALLOCATED,,,,,
SLCMP2607-3753,3753,3753,794187509,2^794187509-1,STRUCTURAL_SCREEN_EXHAUSTED_PRIMALITY_UNASSIGNED,GF3A_DIRECTIONAL_WRITE_EXHAUSTED_PRIMALITY_UNASSIGNED,513,512,512,NO_RECORDED_FACTOR_PRP_OR_LL_RESULT_AND_NO_ACTIVE_GIMPS_ASSIGNMENT,2026-08-09T09:12:31+00:00,UNALLOCATED,,,,,
SLCMP2607-3754,3754,3754,794187547,2^794187547-1,STRUCTURAL_SCREEN_EXHAUSTED_PRIMALITY_UNASSIGNED,GF3A_DIRECTIONAL_WRITE_EXHAUSTED_PRIMALITY_UNASSIGNED,514,512,512,NO_RECORDED_FACTOR_PRP_OR_LL_RESULT_AND_NO_ACTIVE_GIMPS_ASSIGNMENT,2026-08-09T09:12:31+00:00,UNALLOCATED,,,,,
SLCMP2607-3755,3755,3755,794187601,2^794187601-1,STRUCTURAL_SCREEN_EXHAUSTED_PRIMALITY_UNASSIGNED,GF3A_DIRECTIONAL_WRITE_EXHAUSTED_PRIMALITY_UNASSIGNED,513,512,512,NO_RECORDED_FACTOR_PRP_OR_LL_RESULT_AND_NO_ACTIVE_GIMPS_ASSIGNMENT,2026-08-09T09:12:31+00:00,UNALLOCATED,,,,,
SLCMP2607-3756,3756,3756,794187607,2^794187607-1,STRUCTURAL_SCREEN_EXHAUSTED_PRIMALITY_UNASSIGNED,GF3A_DIRECTIONAL_WRITE_EXHAUSTED_PRIMALITY_UNASSIGNED,514,512,512,NO_RECORDED_FACTOR_PRP_OR_LL_RESULT_AND_NO_ACTIVE_GIMPS_ASSIGNMENT,2026-08-09T09:12:31+00:00,UNALLOCATED,,,,,
SLCMP2607-3757,3757,3757,794187739,2^794187739-1,STRUCTURAL_SCREEN_EXHAUSTED_PRIMALITY_UNASSIGNED,GF3A_DIRECTIONAL_WRITE_EXHAUSTED_PRIMALITY_UNASSIGNED,514,512,512,NO_RECORDED_FACTOR_PRP_OR_LL_RESULT_AND_NO_ACTIVE_GIMPS_ASSIGNMENT,2026-08-09T09:12:31+00:00,UNALLOCATED,,,,,
SLCMP2607-3758,3758,3758,794187787,2^794187787-1,STRUCTURAL_SCREEN_EXHAUSTED_PRIMALITY_UNASSIGNED,GF3A_DIRECTIONAL_WRITE_EXHAUSTED_PRIMALITY_UNASSIGNED,514,512,512,NO_RECORDED_FACTOR_PRP_OR_LL_RESULT_AND_NO_ACTIVE_GIMPS_ASSIGNMENT,2026-08-09T09:12:31+00:00,UNALLOCATED,,,,,
SLCMP2607-3759,3759,3759,794187809,2^794187809-1,STRUCTURAL_SCREEN_EXHAUSTED_PRIMALITY_UNASSIGNED,GF3A_DIRECTIONAL_WRITE_EXHAUSTED_PRIMALITY_UNASSIGNED,513,512,512,NO_RECORDED_FACTOR_PRP_OR_LL_RESULT_AND_NO_ACTIVE_GIMPS_ASSIGNMENT,2026-08-09T09:12:31+00:00,UNALLOCATED,,,,,
SLCMP2607-3760,3760,3760,794187839,2^794187839-1,STRUCTURAL_SCREEN_EXHAUSTED_PRIMALITY_UNASSIGNED,GF3A_DIRECTIONAL_WRITE_EXHAUSTED_PRIMALITY_UNASSIGNED,514,512,512,NO_RECORDED_FACTOR_PRP_OR_LL_RESULT_AND_NO_ACTIVE_GIMPS_ASSIGNMENT,2026-08-09T09:12:31+00:00,UNALLOCATED,,,,,
SLCMP2607-3761,3761,3761,794187871,2^794187871-1,STRUCTURAL_SCREEN_EXHAUSTED_PRIMALITY_UNASSIGNED,GF3A_DIRECTIONAL_WRITE_EXHAUSTED_PRIMALITY_UNASSIGNED,514,512,512,NO_RECORDED_FACTOR_PRP_OR_LL_RESULT_AND_NO_ACTIVE_GIMPS_ASSIGNMENT,2026-08-09T09:12:31+00:00,UNALLOCATED,,,,,
SLCMP2607-3762,3762,3762,794187931,2^794187931-1,STRUCTURAL_SCREEN_EXHAUSTED_PRIMALITY_UNASSIGNED,GF3A_DIRECTIONAL_WRITE_EXHAUSTED_PRIMALITY_UNASSIGNED,514,512,512,NO_RECORDED_FACTOR_PRP_OR_LL_RESULT_AND_NO_ACTIVE_GIMPS_ASSIGNMENT,2026-08-09T09:12:31+00:00,UNALLOCATED,,,,,
SLCMP2607-3763,3763,3763,794187959,2^794187959-1,STRUCTURAL_SCREEN_EXHAUSTED_PRIMALITY_UNASSIGNED,GF3A_DIRECTIONAL_WRITE_EXHAUSTED_PRIMALITY_UNASSIGNED,514,512,512,NO_RECORDED_FACTOR_PRP_OR_LL_RESULT_AND_NO_ACTIVE_GIMPS_ASSIGNMENT,2026-08-09T09:12:31+00:00,UNALLOCATED,,,,,
SLCMP2607-3764,3764,3764,794188007,2^794188007-1,STRUCTURAL_SCREEN_EXHAUSTED_PRIMALITY_UNASSIGNED,GF3A_DIRECTIONAL_WRITE_EXHAUSTED_PRIMALITY_UNASSIGNED,514,512,512,NO_RECORDED_FACTOR_PRP_OR_LL_RESULT_AND_NO_ACTIVE_GIMPS_ASSIGNMENT,2026-08-09T09:12:31+00:00,UNALLOCATED,,,,,
SLCMP2607-3765,3765,3765,794188063,2^794188063-1,STRUCTURAL_SCREEN_EXHAUSTED_PRIMALITY_UNASSIGNED,GF3A_DIRECTIONAL_WRITE_EXHAUSTED_PRIMALITY_UNASSIGNED,514,512,512,NO_RECORDED_FACTOR_PRP_OR_LL_RESULT_AND_NO_ACTIVE_GIMPS_ASSIGNMENT,2026-08-09T09:12:31+00:00,UNALLOCATED,,,,,
SLCMP2607-3766,3766,3766,794188147,2^794188147-1,STRUCTURAL_SCREEN_EXHAUSTED_PRIMALITY_UNASSIGNED,GF3A_DIRECTIONAL_WRITE_EXHAUSTED_PRIMALITY_UNASSIGNED,514,512,512,NO_RECORDED_FACTOR_PRP_OR_LL_RESULT_AND_NO_ACTIVE_GIMPS_ASSIGNMENT,2026-08-09T09:12:31+00:00,UNALLOCATED,,,,,
SLCMP2607-3767,3767,3767,794188271,2^794188271-1,STRUCTURAL_SCREEN_EXHAUSTED_PRIMALITY_UNASSIGNED,GF3A_DIRECTIONAL_WRITE_EXHAUSTED_PRIMALITY_UNASSIGNED,514,512,512,NO_RECORDED_FACTOR_PRP_OR_LL_RESULT_AND_NO_ACTIVE_GIMPS_ASSIGNMENT,2026-08-09T09:12:31+00:00,UNALLOCATED,,,,,
SLCMP2607-3768,3768,3768,794188273,2^794188273-1,STRUCTURAL_SCREEN_EXHAUSTED_PRIMALITY_UNASSIGNED,GF3A_DIRECTIONAL_WRITE_EXHAUSTED_PRIMALITY_UNASSIGNED,513,512,512,NO_RECORDED_FACTOR_PRP_OR_LL_RESULT_AND_NO_ACTIVE_GIMPS_ASSIGNMENT,2026-08-09T09:12:31+00:00,UNALLOCATED,,,,,
SLCMP2607-3769,3769,3769,794188357,2^794188357-1,STRUCTURAL_SCREEN_EXHAUSTED_PRIMALITY_UNASSIGNED,GF3A_DIRECTIONAL_WRITE_EXHAUSTED_PRIMALITY_UNASSIGNED,513,512,512,NO_RECORDED_FACTOR_PRP_OR_LL_RESULT_AND_NO_ACTIVE_GIMPS_ASSIGNMENT,2026-08-09T09:12:31+00:00,UNALLOCATED,,,,,
SLCMP2607-3770,3770,3770,794188363,2^794188363-1,STRUCTURAL_SCREEN_EXHAUSTED_PRIMALITY_UNASSIGNED,GF3A_DIRECTIONAL_WRITE_EXHAUSTED_PRIMALITY_UNASSIGNED,514,512,512,NO_RECORDED_FACTOR_PRP_OR_LL_RESULT_AND_NO_ACTIVE_GIMPS_ASSIGNMENT,2026-08-09T09:12:31+00:00,UNALLOCATED,,,,,
SLCMP2607-3771,3771,3771,794188393,2^794188393-1,STRUCTURAL_SCREEN_EXHAUSTED_PRIMALITY_UNASSIGNED,GF3A_DIRECTIONAL_WRITE_EXHAUSTED_PRIMALITY_UNASSIGNED,513,512,512,NO_RECORDED_FACTOR_PRP_OR_LL_RESULT_AND_NO_ACTIVE_GIMPS_ASSIGNMENT,2026-08-09T09:12:31+00:00,UNALLOCATED,,,,,
SLCMP2607-3772,3772,3772,794188511,2^794188511-1,STRUCTURAL_SCREEN_EXHAUSTED_PRIMALITY_UNASSIGNED,GF3A_DIRECTIONAL_WRITE_EXHAUSTED_PRIMALITY_UNASSIGNED,514,512,512,NO_RECORDED_FACTOR_PRP_OR_LL_RESULT_AND_NO_ACTIVE_GIMPS_ASSIGNMENT,2026-08-09T09:12:31+00:00,UNALLOCATED,,,,,
SLCMP2607-3773,3773,3773,794188559,2^794188559-1,STRUCTURAL_SCREEN_EXHAUSTED_PRIMALITY_UNASSIGNED,GF3A_DIRECTIONAL_WRITE_EXHAUSTED_PRIMALITY_UNASSIGNED,514,512,512,NO_RECORDED_FACTOR_PRP_OR_LL_RESULT_AND_NO_ACTIVE_GIMPS_ASSIGNMENT,2026-08-09T09:12:31+00:00,UNALLOCATED,,,,,
SLCMP2607-3774,3774,3774,794188627,2^794188627-1,STRUCTURAL_SCREEN_EXHAUSTED_PRIMALITY_UNASSIGNED,GF3A_DIRECTIONAL_WRITE_EXHAUSTED_PRIMALITY_UNASSIGNED,514,512,512,NO_RECORDED_FACTOR_PRP_OR_LL_RESULT_AND_NO_ACTIVE_GIMPS_ASSIGNMENT,2026-08-09T09:12:31+00:00,UNALLOCATED,,,,,
SLCMP2607-3775,3775,3775,794188667,2^794188667-1,STRUCTURAL_SCREEN_EXHAUSTED_PRIMALITY_UNASSIGNED,GF3A_DIRECTIONAL_WRITE_EXHAUSTED_PRIMALITY_UNASSIGNED,514,512,512,NO_RECORDED_FACTOR_PRP_OR_LL_RESULT_AND_NO_ACTIVE_GIMPS_ASSIGNMENT,2026-08-09T09:12:31+00:00,UNALLOCATED,,,,,
SLCMP2607-3776,3776,3776,794188673,2^794188673-1,STRUCTURAL_SCREEN_EXHAUSTED_PRIMALITY_UNASSIGNED,GF3A_DIRECTIONAL_WRITE_EXHAUSTED_PRIMALITY_UNASSIGNED,513,512,512,NO_RECORDED_FACTOR_PRP_OR_LL_RESULT_AND_NO_ACTIVE_GIMPS_ASSIGNMENT,2026-08-09T09:12:31+00:00,UNALLOCATED,,,,,
SLCMP2607-3777,3777,3777,794188861,2^794188861-1,STRUCTURAL_SCREEN_EXHAUSTED_PRIMALITY_UNASSIGNED,GF3A_DIRECTIONAL_WRITE_EXHAUSTED_PRIMALITY_UNASSIGNED,513,512,512,NO_RECORDED_FACTOR_PRP_OR_LL_RESULT_AND_NO_ACTIVE_GIMPS_ASSIGNMENT,2026-08-09T09:12:31+00:00,UNALLOCATED,,,,,
SLCMP2607-3778,3778,3778,794188883,2^794188883-1,STRUCTURAL_SCREEN_EXHAUSTED_PRIMALITY_UNASSIGNED,GF3A_DIRECTIONAL_WRITE_EXHAUSTED_PRIMALITY_UNASSIGNED,514,512,512,NO_RECORDED_FACTOR_PRP_OR_LL_RESULT_AND_NO_ACTIVE_GIMPS_ASSIGNMENT,2026-08-09T09:12:31+00:00,UNALLOCATED,,,,,
SLCMP2607-3779,3779,3779,794188943,2^794188943-1,STRUCTURAL_SCREEN_EXHAUSTED_PRIMALITY_UNASSIGNED,GF3A_DIRECTIONAL_WRITE_EXHAUSTED_PRIMALITY_UNASSIGNED,514,512,512,NO_RECORDED_FACTOR_PRP_OR_LL_RESULT_AND_NO_ACTIVE_GIMPS_ASSIGNMENT,2026-08-09T09:12:31+00:00,UNALLOCATED,,,,,
SLCMP2607-3780,3780,3780,794189027,2^794189027-1,STRUCTURAL_SCREEN_EXHAUSTED_PRIMALITY_UNASSIGNED,GF3A_DIRECTIONAL_WRITE_EXHAUSTED_PRIMALITY_UNASSIGNED,514,512,512,NO_RECORDED_FACTOR_PRP_OR_LL_RESULT_AND_NO_ACTIVE_GIMPS_ASSIGNMENT,2026-08-09T09:12:31+00:00,UNALLOCATED,,,,,
SLCMP2607-3781,3781,3781,794189083,2^794189083-1,STRUCTURAL_SCREEN_EXHAUSTED_PRIMALITY_UNASSIGNED,GF3A_DIRECTIONAL_WRITE_EXHAUSTED_PRIMALITY_UNASSIGNED,514,512,512,NO_RECORDED_FACTOR_PRP_OR_LL_RESULT_AND_NO_ACTIVE_GIMPS_ASSIGNMENT,2026-08-09T09:12:31+00:00,UNALLOCATED,,,,,
SLCMP2607-3782,3782,3782,794189111,2^794189111-1,STRUCTURAL_SCREEN_EXHAUSTED_PRIMALITY_UNASSIGNED,GF3A_DIRECTIONAL_WRITE_EXHAUSTED_PRIMALITY_UNASSIGNED,514,512,512,NO_RECORDED_FACTOR_PRP_OR_LL_RESULT_AND_NO_ACTIVE_GIMPS_ASSIGNMENT,2026-08-09T09:12:31+00:00,UNALLOCATED,,,,,
SLCMP2607-3783,3783,3783,794189171,2^794189171-1,STRUCTURAL_SCREEN_EXHAUSTED_PRIMALITY_UNASSIGNED,GF3A_DIRECTIONAL_WRITE_EXHAUSTED_PRIMALITY_UNASSIGNED,514,512,512,NO_RECORDED_FACTOR_PRP_OR_LL_RESULT_AND_NO_ACTIVE_GIMPS_ASSIGNMENT,2026-08-09T09:12:31+00:00,UNALLOCATED,,,,,
SLCMP2607-3784,3784,3784,794189177,2^794189177-1,STRUCTURAL_SCREEN_EXHAUSTED_PRIMALITY_UNASSIGNED,GF3A_DIRECTIONAL_WRITE_EXHAUSTED_PRIMALITY_UNASSIGNED,513,512,512,NO_RECORDED_FACTOR_PRP_OR_LL_RESULT_AND_NO_ACTIVE_GIMPS_ASSIGNMENT,2026-08-09T09:12:31+00:00,UNALLOCATED,,,,,
SLCMP2607-3785,3785,3785,794189191,2^794189191-1,STRUCTURAL_SCREEN_EXHAUSTED_PRIMALITY_UNASSIGNED,GF3A_DIRECTIONAL_WRITE_EXHAUSTED_PRIMALITY_UNASSIGNED,514,512,512,NO_RECORDED_FACTOR_PRP_OR_LL_RESULT_AND_NO_ACTIVE_GIMPS_ASSIGNMENT,2026-08-09T09:12:31+00:00,UNALLOCATED,,,,,
SLCMP2607-3786,3786,3786,794189219,2^794189219-1,STRUCTURAL_SCREEN_EXHAUSTED_PRIMALITY_UNASSIGNED,GF3A_DIRECTIONAL_WRITE_EXHAUSTED_PRIMALITY_UNASSIGNED,514,512,512,NO_RECORDED_FACTOR_PRP_OR_LL_RESULT_AND_NO_ACTIVE_GIMPS_ASSIGNMENT,2026-08-09T09:12:31+00:00,UNALLOCATED,,,,,
SLCMP2607-3787,3787,3787,794189251,2^794189251-1,STRUCTURAL_SCREEN_EXHAUSTED_PRIMALITY_UNASSIGNED,GF3A_DIRECTIONAL_WRITE_EXHAUSTED_PRIMALITY_UNASSIGNED,514,512,512,NO_RECORDED_FACTOR_PRP_OR_LL_RESULT_AND_NO_ACTIVE_GIMPS_ASSIGNMENT,2026-08-09T09:12:31+00:00,UNALLOCATED,,,,,
SLCMP2607-3788,3788,3788,794189261,2^794189261-1,STRUCTURAL_SCREEN_EXHAUSTED_PRIMALITY_UNASSIGNED,GF3A_DIRECTIONAL_WRITE_EXHAUSTED_PRIMALITY_UNASSIGNED,513,512,512,NO_RECORDED_FACTOR_PRP_OR_LL_RESULT_AND_NO_ACTIVE_GIMPS_ASSIGNMENT,2026-08-09T09:12:31+00:00,UNALLOCATED,,,,,
SLCMP2607-3789,3789,3789,794189327,2^794189327-1,STRUCTURAL_SCREEN_EXHAUSTED_PRIMALITY_UNASSIGNED,GF3A_DIRECTIONAL_WRITE_EXHAUSTED_PRIMALITY_UNASSIGNED,514,512,512,NO_RECORDED_FACTOR_PRP_OR_LL_RESULT_AND_NO_ACTIVE_GIMPS_ASSIGNMENT,2026-08-09T09:12:31+00:00,UNALLOCATED,,,,,
SLCMP2607-3790,3790,3790,794189329,2^794189329-1,STRUCTURAL_SCREEN_EXHAUSTED_PRIMALITY_UNASSIGNED,GF3A_DIRECTIONAL_WRITE_EXHAUSTED_PRIMALITY_UNASSIGNED,513,512,512,NO_RECORDED_FACTOR_PRP_OR_LL_RESULT_AND_NO_ACTIVE_GIMPS_ASSIGNMENT,2026-08-09T09:12:31+00:00,UNALLOCATED,,,,,
SLCMP2607-3791,3791,3791,794189491,2^794189491-1,STRUCTURAL_SCREEN_EXHAUSTED_PRIMALITY_UNASSIGNED,GF3A_DIRECTIONAL_WRITE_EXHAUSTED_PRIMALITY_UNASSIGNED,514,512,512,NO_RECORDED_FACTOR_PRP_OR_LL_RESULT_AND_NO_ACTIVE_GIMPS_ASSIGNMENT,2026-08-09T09:12:31+00:00,UNALLOCATED,,,,,
SLCMP2607-3792,3792,3792,794189549,2^794189549-1,STRUCTURAL_SCREEN_EXHAUSTED_PRIMALITY_UNASSIGNED,GF3A_DIRECTIONAL_WRITE_EXHAUSTED_PRIMALITY_UNASSIGNED,513,512,512,NO_RECORDED_FACTOR_PRP_OR_LL_RESULT_AND_NO_ACTIVE_GIMPS_ASSIGNMENT,2026-08-09T09:12:31+00:00,UNALLOCATED,,,,,
SLCMP2607-3793,3793,3793,794189551,2^794189551-1,STRUCTURAL_SCREEN_EXHAUSTED_PRIMALITY_UNASSIGNED,GF3A_DIRECTIONAL_WRITE_EXHAUSTED_PRIMALITY_UNASSIGNED,514,512,512,NO_RECORDED_FACTOR_PRP_OR_LL_RESULT_AND_NO_ACTIVE_GIMPS_ASSIGNMENT,2026-08-09T09:12:31+00:00,UNALLOCATED,,,,,
SLCMP2607-3794,3794,3794,794189581,2^794189581-1,STRUCTURAL_SCREEN_EXHAUSTED_PRIMALITY_UNASSIGNED,GF3A_DIRECTIONAL_WRITE_EXHAUSTED_PRIMALITY_UNASSIGNED,513,512,512,NO_RECORDED_FACTOR_PRP_OR_LL_RESULT_AND_NO_ACTIVE_GIMPS_ASSIGNMENT,2026-08-09T09:12:31+00:00,UNALLOCATED,,,,,
SLCMP2607-3795,3795,3795,794189677,2^794189677-1,STRUCTURAL_SCREEN_EXHAUSTED_PRIMALITY_UNASSIGNED,GF3A_DIRECTIONAL_WRITE_EXHAUSTED_PRIMALITY_UNASSIGNED,513,512,512,NO_RECORDED_FACTOR_PRP_OR_LL_RESULT_AND_NO_ACTIVE_GIMPS_ASSIGNMENT,2026-08-09T09:12:31+00:00,UNALLOCATED,,,,,
SLCMP2607-3796,3796,3796,794189707,2^794189707-1,STRUCTURAL_SCREEN_EXHAUSTED_PRIMALITY_UNASSIGNED,GF3A_DIRECTIONAL_WRITE_EXHAUSTED_PRIMALITY_UNASSIGNED,514,512,512,NO_RECORDED_FACTOR_PRP_OR_LL_RESULT_AND_NO_ACTIVE_GIMPS_ASSIGNMENT,2026-08-09T09:12:31+00:00,UNALLOCATED,,,,,
SLCMP2607-3797,3797,3797,794189743,2^794189743-1,STRUCTURAL_SCREEN_EXHAUSTED_PRIMALITY_UNASSIGNED,GF3A_DIRECTIONAL_WRITE_EXHAUSTED_PRIMALITY_UNASSIGNED,514,512,512,NO_RECORDED_FACTOR_PRP_OR_LL_RESULT_AND_NO_ACTIVE_GIMPS_ASSIGNMENT,2026-08-09T09:12:31+00:00,UNALLOCATED,,,,,
SLCMP2607-3798,3798,3798,794189761,2^794189761-1,STRUCTURAL_SCREEN_EXHAUSTED_PRIMALITY_UNASSIGNED,GF3A_DIRECTIONAL_WRITE_EXHAUSTED_PRIMALITY_UNASSIGNED,513,512,512,NO_RECORDED_FACTOR_PRP_OR_LL_RESULT_AND_NO_ACTIVE_GIMPS_ASSIGNMENT,2026-08-09T09:12:31+00:00,UNALLOCATED,,,,,
SLCMP2607-3799,3799,3799,794189771,2^794189771-1,STRUCTURAL_SCREEN_EXHAUSTED_PRIMALITY_UNASSIGNED,GF3A_DIRECTIONAL_WRITE_EXHAUSTED_PRIMALITY_UNASSIGNED,514,512,512,NO_RECORDED_FACTOR_PRP_OR_LL_RESULT_AND_NO_ACTIVE_GIMPS_ASSIGNMENT,2026-08-09T09:12:31+00:00,UNALLOCATED,,,,,
SLCMP2607-3800,3800,3800,794189777,2^794189777-1,STRUCTURAL_SCREEN_EXHAUSTED_PRIMALITY_UNASSIGNED,GF3A_DIRECTIONAL_WRITE_EXHAUSTED_PRIMALITY_UNASSIGNED,513,512,512,NO_RECORDED_FACTOR_PRP_OR_LL_RESULT_AND_NO_ACTIVE_GIMPS_ASSIGNMENT,2026-08-09T09:12:31+00:00,UNALLOCATED,,,,,
SLCMP2607-3801,3801,3801,794189813,2^794189813-1,STRUCTURAL_SCREEN_EXHAUSTED_PRIMALITY_UNASSIGNED,GF3A_DIRECTIONAL_WRITE_EXHAUSTED_PRIMALITY_UNASSIGNED,513,512,512,NO_RECORDED_FACTOR_PRP_OR_LL_RESULT_AND_NO_ACTIVE_GIMPS_ASSIGNMENT,2026-08-09T09:12:31+00:00,UNALLOCATED,,,,,
SLCMP2607-3802,3802,3802,794189827,2^794189827-1,STRUCTURAL_SCREEN_EXHAUSTED_PRIMALITY_UNASSIGNED,GF3A_DIRECTIONAL_WRITE_EXHAUSTED_PRIMALITY_UNASSIGNED,514,512,512,NO_RECORDED_FACTOR_PRP_OR_LL_RESULT_AND_NO_ACTIVE_GIMPS_ASSIGNMENT,2026-08-09T09:12:31+00:00,UNALLOCATED,,,,,
SLCMP2607-3803,3803,3803,794189861,2^794189861-1,STRUCTURAL_SCREEN_EXHAUSTED_PRIMALITY_UNASSIGNED,GF3A_DIRECTIONAL_WRITE_EXHAUSTED_PRIMALITY_UNASSIGNED,513,512,512,NO_RECORDED_FACTOR_PRP_OR_LL_RESULT_AND_NO_ACTIVE_GIMPS_ASSIGNMENT,2026-08-09T09:12:31+00:00,UNALLOCATED,,,,,
SLCMP2607-3804,3804,3804,794189887,2^794189887-1,STRUCTURAL_SCREEN_EXHAUSTED_PRIMALITY_UNASSIGNED,GF3A_DIRECTIONAL_WRITE_EXHAUSTED_PRIMALITY_UNASSIGNED,514,512,512,NO_RECORDED_FACTOR_PRP_OR_LL_RESULT_AND_NO_ACTIVE_GIMPS_ASSIGNMENT,2026-08-09T09:12:31+00:00,UNALLOCATED,,,,,
SLCMP2607-3805,3805,3805,794189909,2^794189909-1,STRUCTURAL_SCREEN_EXHAUSTED_PRIMALITY_UNASSIGNED,GF3A_DIRECTIONAL_WRITE_EXHAUSTED_PRIMALITY_UNASSIGNED,513,512,512,NO_RECORDED_FACTOR_PRP_OR_LL_RESULT_AND_NO_ACTIVE_GIMPS_ASSIGNMENT,2026-08-09T09:12:31+00:00,UNALLOCATED,,,,,
SLCMP2607-3806,3806,3806,794189971,2^794189971-1,STRUCTURAL_SCREEN_EXHAUSTED_PRIMALITY_UNASSIGNED,GF3A_DIRECTIONAL_WRITE_EXHAUSTED_PRIMALITY_UNASSIGNED,514,512,512,NO_RECORDED_FACTOR_PRP_OR_LL_RESULT_AND_NO_ACTIVE_GIMPS_ASSIGNMENT,2026-08-09T09:12:31+00:00,UNALLOCATED,,,,,
SLCMP2607-3807,3807,3807,794190011,2^794190011-1,STRUCTURAL_SCREEN_EXHAUSTED_PRIMALITY_UNASSIGNED,GF3A_DIRECTIONAL_WRITE_EXHAUSTED_PRIMALITY_UNASSIGNED,514,512,512,NO_RECORDED_FACTOR_PRP_OR_LL_RESULT_AND_NO_ACTIVE_GIMPS_ASSIGNMENT,2026-08-09T09:12:31+00:00,UNALLOCATED,,,,,
SLCMP2607-3808,3808,3808,794190013,2^794190013-1,STRUCTURAL_SCREEN_EXHAUSTED_PRIMALITY_UNASSIGNED,GF3A_DIRECTIONAL_WRITE_EXHAUSTED_PRIMALITY_UNASSIGNED,513,512,512,NO_RECORDED_FACTOR_PRP_OR_LL_RESULT_AND_NO_ACTIVE_GIMPS_ASSIGNMENT,2026-08-09T09:12:31+00:00,UNALLOCATED,,,,,
SLCMP2607-3809,3809,3809,794190029,2^794190029-1,STRUCTURAL_SCREEN_EXHAUSTED_PRIMALITY_UNASSIGNED,GF3A_DIRECTIONAL_WRITE_EXHAUSTED_PRIMALITY_UNASSIGNED,513,512,512,NO_RECORDED_FACTOR_PRP_OR_LL_RESULT_AND_NO_ACTIVE_GIMPS_ASSIGNMENT,2026-08-09T09:12:31+00:00,UNALLOCATED,,,,,
SLCMP2607-3810,3810,3810,794190079,2^794190079-1,STRUCTURAL_SCREEN_EXHAUSTED_PRIMALITY_UNASSIGNED,GF3A_DIRECTIONAL_WRITE_EXHAUSTED_PRIMALITY_UNASSIGNED,514,512,512,NO_RECORDED_FACTOR_PRP_OR_LL_RESULT_AND_NO_ACTIVE_GIMPS_ASSIGNMENT,2026-08-09T09:12:31+00:00,UNALLOCATED,,,,,
SLCMP2607-3811,3811,3811,794190113,2^794190113-1,STRUCTURAL_SCREEN_EXHAUSTED_PRIMALITY_UNASSIGNED,GF3A_DIRECTIONAL_WRITE_EXHAUSTED_PRIMALITY_UNASSIGNED,513,512,512,NO_RECORDED_FACTOR_PRP_OR_LL_RESULT_AND_NO_ACTIVE_GIMPS_ASSIGNMENT,2026-08-09T09:12:31+00:00,UNALLOCATED,,,,,
SLCMP2607-3812,3812,3812,794190127,2^794190127-1,STRUCTURAL_SCREEN_EXHAUSTED_PRIMALITY_UNASSIGNED,GF3A_DIRECTIONAL_WRITE_EXHAUSTED_PRIMALITY_UNASSIGNED,514,512,512,NO_RECORDED_FACTOR_PRP_OR_LL_RESULT_AND_NO_ACTIVE_GIMPS_ASSIGNMENT,2026-08-09T09:12:31+00:00,UNALLOCATED,,,,,
SLCMP2607-3813,3813,3813,794190217,2^794190217-1,STRUCTURAL_SCREEN_EXHAUSTED_PRIMALITY_UNASSIGNED,GF3A_DIRECTIONAL_WRITE_EXHAUSTED_PRIMALITY_UNASSIGNED,513,512,512,NO_RECORDED_FACTOR_PRP_OR_LL_RESULT_AND_NO_ACTIVE_GIMPS_ASSIGNMENT,2026-08-09T09:12:31+00:00,UNALLOCATED,,,,,
SLCMP2607-3814,3814,3814,794190247,2^794190247-1,STRUCTURAL_SCREEN_EXHAUSTED_PRIMALITY_UNASSIGNED,GF3A_DIRECTIONAL_WRITE_EXHAUSTED_PRIMALITY_UNASSIGNED,514,512,512,NO_RECORDED_FACTOR_PRP_OR_LL_RESULT_AND_NO_ACTIVE_GIMPS_ASSIGNMENT,2026-08-09T09:12:31+00:00,UNALLOCATED,,,,,
SLCMP2607-3815,3815,3815,794190277,2^794190277-1,STRUCTURAL_SCREEN_EXHAUSTED_PRIMALITY_UNASSIGNED,GF3A_DIRECTIONAL_WRITE_EXHAUSTED_PRIMALITY_UNASSIGNED,513,512,512,NO_RECORDED_FACTOR_PRP_OR_LL_RESULT_AND_NO_ACTIVE_GIMPS_ASSIGNMENT,2026-08-09T09:12:31+00:00,UNALLOCATED,,,,,
SLCMP2607-3816,3816,3816,794190289,2^794190289-1,STRUCTURAL_SCREEN_EXHAUSTED_PRIMALITY_UNASSIGNED,GF3A_DIRECTIONAL_WRITE_EXHAUSTED_PRIMALITY_UNASSIGNED,513,512,512,NO_RECORDED_FACTOR_PRP_OR_LL_RESULT_AND_NO_ACTIVE_GIMPS_ASSIGNMENT,2026-08-09T09:12:31+00:00,UNALLOCATED,,,,,
SLCMP2607-3817,3817,3817,794190337,2^794190337-1,STRUCTURAL_SCREEN_EXHAUSTED_PRIMALITY_UNASSIGNED,GF3A_DIRECTIONAL_WRITE_EXHAUSTED_PRIMALITY_UNASSIGNED,513,512,512,NO_RECORDED_FACTOR_PRP_OR_LL_RESULT_AND_NO_ACTIVE_GIMPS_ASSIGNMENT,2026-08-09T09:12:31+00:00,UNALLOCATED,,,,,
SLCMP2607-3818,3818,3818,794190497,2^794190497-1,STRUCTURAL_SCREEN_EXHAUSTED_PRIMALITY_UNASSIGNED,GF3A_DIRECTIONAL_WRITE_EXHAUSTED_PRIMALITY_UNASSIGNED,513,512,512,NO_RECORDED_FACTOR_PRP_OR_LL_RESULT_AND_NO_ACTIVE_GIMPS_ASSIGNMENT,2026-08-09T09:12:31+00:00,UNALLOCATED,,,,,
SLCMP2607-3819,3819,3819,794190499,2^794190499-1,STRUCTURAL_SCREEN_EXHAUSTED_PRIMALITY_UNASSIGNED,GF3A_DIRECTIONAL_WRITE_EXHAUSTED_PRIMALITY_UNASSIGNED,514,512,512,NO_RECORDED_FACTOR_PRP_OR_LL_RESULT_AND_NO_ACTIVE_GIMPS_ASSIGNMENT,2026-08-09T09:12:31+00:00,UNALLOCATED,,,,,
SLCMP2607-3820,3820,3820,794190503,2^794190503-1,STRUCTURAL_SCREEN_EXHAUSTED_PRIMALITY_UNASSIGNED,GF3A_DIRECTIONAL_WRITE_EXHAUSTED_PRIMALITY_UNASSIGNED,514,512,512,NO_RECORDED_FACTOR_PRP_OR_LL_RESULT_AND_NO_ACTIVE_GIMPS_ASSIGNMENT,2026-08-09T09:12:31+00:00,UNALLOCATED,,,,,
SLCMP2607-3821,3821,3821,794190587,2^794190587-1,STRUCTURAL_SCREEN_EXHAUSTED_PRIMALITY_UNASSIGNED,GF3A_DIRECTIONAL_WRITE_EXHAUSTED_PRIMALITY_UNASSIGNED,514,512,512,NO_RECORDED_FACTOR_PRP_OR_LL_RESULT_AND_NO_ACTIVE_GIMPS_ASSIGNMENT,2026-08-09T09:12:31+00:00,UNALLOCATED,,,,,
SLCMP2607-3822,3822,3822,794190689,2^794190689-1,STRUCTURAL_SCREEN_EXHAUSTED_PRIMALITY_UNASSIGNED,GF3A_DIRECTIONAL_WRITE_EXHAUSTED_PRIMALITY_UNASSIGNED,513,512,512,NO_RECORDED_FACTOR_PRP_OR_LL_RESULT_AND_NO_ACTIVE_GIMPS_ASSIGNMENT,2026-08-09T09:12:31+00:00,UNALLOCATED,,,,,
SLCMP2607-3823,3823,3823,794191087,2^794191087-1,STRUCTURAL_SCREEN_EXHAUSTED_PRIMALITY_UNASSIGNED,GF3A_DIRECTIONAL_WRITE_EXHAUSTED_PRIMALITY_UNASSIGNED,514,512,512,NO_RECORDED_FACTOR_PRP_OR_LL_RESULT_AND_NO_ACTIVE_GIMPS_ASSIGNMENT,2026-08-09T09:12:31+00:00,UNALLOCATED,,,,,
SLCMP2607-3824,3824,3824,794191109,2^794191109-1,STRUCTURAL_SCREEN_EXHAUSTED_PRIMALITY_UNASSIGNED,GF3A_DIRECTIONAL_WRITE_EXHAUSTED_PRIMALITY_UNASSIGNED,513,512,512,NO_RECORDED_FACTOR_PRP_OR_LL_RESULT_AND_NO_ACTIVE_GIMPS_ASSIGNMENT,2026-08-09T09:12:31+00:00,UNALLOCATED,,,,,
SLCMP2607-3825,3825,3825,794191141,2^794191141-1,STRUCTURAL_SCREEN_EXHAUSTED_PRIMALITY_UNASSIGNED,GF3A_DIRECTIONAL_WRITE_EXHAUSTED_PRIMALITY_UNASSIGNED,513,512,512,NO_RECORDED_FACTOR_PRP_OR_LL_RESULT_AND_NO_ACTIVE_GIMPS_ASSIGNMENT,2026-08-09T09:12:31+00:00,UNALLOCATED,,,,,
SLCMP2607-3826,3826,3826,794191247,2^794191247-1,STRUCTURAL_SCREEN_EXHAUSTED_PRIMALITY_UNASSIGNED,GF3A_DIRECTIONAL_WRITE_EXHAUSTED_PRIMALITY_UNASSIGNED,514,512,512,NO_RECORDED_FACTOR_PRP_OR_LL_RESULT_AND_NO_ACTIVE_GIMPS_ASSIGNMENT,2026-08-09T09:12:31+00:00,UNALLOCATED,,,,,
SLCMP2607-3827,3827,3827,794191337,2^794191337-1,STRUCTURAL_SCREEN_EXHAUSTED_PRIMALITY_UNASSIGNED,GF3A_DIRECTIONAL_WRITE_EXHAUSTED_PRIMALITY_UNASSIGNED,513,512,512,NO_RECORDED_FACTOR_PRP_OR_LL_RESULT_AND_NO_ACTIVE_GIMPS_ASSIGNMENT,2026-08-09T09:12:31+00:00,UNALLOCATED,,,,,
SLCMP2607-3828,3828,3828,794191399,2^794191399-1,STRUCTURAL_SCREEN_EXHAUSTED_PRIMALITY_UNASSIGNED,GF3A_DIRECTIONAL_WRITE_EXHAUSTED_PRIMALITY_UNASSIGNED,514,512,512,NO_RECORDED_FACTOR_PRP_OR_LL_RESULT_AND_NO_ACTIVE_GIMPS_ASSIGNMENT,2026-08-09T09:12:31+00:00,UNALLOCATED,,,,,
SLCMP2607-3829,3829,3829,794191457,2^794191457-1,STRUCTURAL_SCREEN_EXHAUSTED_PRIMALITY_UNASSIGNED,GF3A_DIRECTIONAL_WRITE_EXHAUSTED_PRIMALITY_UNASSIGNED,513,512,512,NO_RECORDED_FACTOR_PRP_OR_LL_RESULT_AND_NO_ACTIVE_GIMPS_ASSIGNMENT,2026-08-09T09:12:31+00:00,UNALLOCATED,,,,,
SLCMP2607-3830,3830,3830,794191487,2^794191487-1,STRUCTURAL_SCREEN_EXHAUSTED_PRIMALITY_UNASSIGNED,GF3A_DIRECTIONAL_WRITE_EXHAUSTED_PRIMALITY_UNASSIGNED,514,512,512,NO_RECORDED_FACTOR_PRP_OR_LL_RESULT_AND_NO_ACTIVE_GIMPS_ASSIGNMENT,2026-08-09T09:12:31+00:00,UNALLOCATED,,,,,
SLCMP2607-3831,3831,3831,794191627,2^794191627-1,STRUCTURAL_SCREEN_EXHAUSTED_PRIMALITY_UNASSIGNED,GF3A_DIRECTIONAL_WRITE_EXHAUSTED_PRIMALITY_UNASSIGNED,514,512,512,NO_RECORDED_FACTOR_PRP_OR_LL_RESULT_AND_NO_ACTIVE_GIMPS_ASSIGNMENT,2026-08-09T09:12:31+00:00,UNALLOCATED,,,,,
SLCMP2607-3832,3832,3832,794191721,2^794191721-1,STRUCTURAL_SCREEN_EXHAUSTED_PRIMALITY_UNASSIGNED,GF3A_DIRECTIONAL_WRITE_EXHAUSTED_PRIMALITY_UNASSIGNED,513,512,512,NO_RECORDED_FACTOR_PRP_OR_LL_RESULT_AND_NO_ACTIVE_GIMPS_ASSIGNMENT,2026-08-09T09:12:31+00:00,UNALLOCATED,,,,,
SLCMP2607-3833,3833,3833,794191753,2^794191753-1,STRUCTURAL_SCREEN_EXHAUSTED_PRIMALITY_UNASSIGNED,GF3A_DIRECTIONAL_WRITE_EXHAUSTED_PRIMALITY_UNASSIGNED,513,512,512,NO_RECORDED_FACTOR_PRP_OR_LL_RESULT_AND_NO_ACTIVE_GIMPS_ASSIGNMENT,2026-08-09T09:12:31+00:00,UNALLOCATED,,,,,
SLCMP2607-3834,3834,3834,794191777,2^794191777-1,STRUCTURAL_SCREEN_EXHAUSTED_PRIMALITY_UNASSIGNED,GF3A_DIRECTIONAL_WRITE_EXHAUSTED_PRIMALITY_UNASSIGNED,513,512,512,NO_RECORDED_FACTOR_PRP_OR_LL_RESULT_AND_NO_ACTIVE_GIMPS_ASSIGNMENT,2026-08-09T09:12:31+00:00,UNALLOCATED,,,,,
SLCMP2607-3835,3835,3835,794191807,2^794191807-1,STRUCTURAL_SCREEN_EXHAUSTED_PRIMALITY_UNASSIGNED,GF3A_DIRECTIONAL_WRITE_EXHAUSTED_PRIMALITY_UNASSIGNED,514,512,512,NO_RECORDED_FACTOR_PRP_OR_LL_RESULT_AND_NO_ACTIVE_GIMPS_ASSIGNMENT,2026-08-09T09:12:31+00:00,UNALLOCATED,,,,,
SLCMP2607-3836,3836,3836,794191813,2^794191813-1,STRUCTURAL_SCREEN_EXHAUSTED_PRIMALITY_UNASSIGNED,GF3A_DIRECTIONAL_WRITE_EXHAUSTED_PRIMALITY_UNASSIGNED,513,512,512,NO_RECORDED_FACTOR_PRP_OR_LL_RESULT_AND_NO_ACTIVE_GIMPS_ASSIGNMENT,2026-08-09T09:12:31+00:00,UNALLOCATED,,,,,
SLCMP2607-3837,3837,3837,794191837,2^794191837-1,STRUCTURAL_SCREEN_EXHAUSTED_PRIMALITY_UNASSIGNED,GF3A_DIRECTIONAL_WRITE_EXHAUSTED_PRIMALITY_UNASSIGNED,513,512,512,NO_RECORDED_FACTOR_PRP_OR_LL_RESULT_AND_NO_ACTIVE_GIMPS_ASSIGNMENT,2026-08-09T09:12:31+00:00,UNALLOCATED,,,,,
SLCMP2607-3838,3838,3838,794192089,2^794192089-1,STRUCTURAL_SCREEN_EXHAUSTED_PRIMALITY_UNASSIGNED,GF3A_DIRECTIONAL_WRITE_EXHAUSTED_PRIMALITY_UNASSIGNED,513,512,512,NO_RECORDED_FACTOR_PRP_OR_LL_RESULT_AND_NO_ACTIVE_GIMPS_ASSIGNMENT,2026-08-09T09:12:31+00:00,UNALLOCATED,,,,,
SLCMP2607-3839,3839,3839,794192197,2^794192197-1,STRUCTURAL_SCREEN_EXHAUSTED_PRIMALITY_UNASSIGNED,GF3A_DIRECTIONAL_WRITE_EXHAUSTED_PRIMALITY_UNASSIGNED,513,512,512,NO_RECORDED_FACTOR_PRP_OR_LL_RESULT_AND_NO_ACTIVE_GIMPS_ASSIGNMENT,2026-08-09T09:12:31+00:00,UNALLOCATED,,,,,
SLCMP2607-3840,3840,3840,794192219,2^794192219-1,STRUCTURAL_SCREEN_EXHAUSTED_PRIMALITY_UNASSIGNED,GF3A_DIRECTIONAL_WRITE_EXHAUSTED_PRIMALITY_UNASSIGNED,514,512,512,NO_RECORDED_FACTOR_PRP_OR_LL_RESULT_AND_NO_ACTIVE_GIMPS_ASSIGNMENT,2026-08-09T09:12:31+00:00,UNALLOCATED,,,,,
SLCMP2607-3841,3841,3841,794192257,2^794192257-1,STRUCTURAL_SCREEN_EXHAUSTED_PRIMALITY_UNASSIGNED,GF3A_DIRECTIONAL_WRITE_EXHAUSTED_PRIMALITY_UNASSIGNED,513,512,512,NO_RECORDED_FACTOR_PRP_OR_LL_RESULT_AND_NO_ACTIVE_GIMPS_ASSIGNMENT,2026-08-09T09:12:31+00:00,UNALLOCATED,,,,,
SLCMP2607-3842,3842,3842,794192353,2^794192353-1,STRUCTURAL_SCREEN_EXHAUSTED_PRIMALITY_UNASSIGNED,GF3A_DIRECTIONAL_WRITE_EXHAUSTED_PRIMALITY_UNASSIGNED,513,512,512,NO_RECORDED_FACTOR_PRP_OR_LL_RESULT_AND_NO_ACTIVE_GIMPS_ASSIGNMENT,2026-08-09T09:12:31+00:00,UNALLOCATED,,,,,
SLCMP2607-3843,3843,3843,794192401,2^794192401-1,STRUCTURAL_SCREEN_EXHAUSTED_PRIMALITY_UNASSIGNED,GF3A_DIRECTIONAL_WRITE_EXHAUSTED_PRIMALITY_UNASSIGNED,513,512,512,NO_RECORDED_FACTOR_PRP_OR_LL_RESULT_AND_NO_ACTIVE_GIMPS_ASSIGNMENT,2026-08-09T09:12:31+00:00,UNALLOCATED,,,,,
SLCMP2607-3844,3844,3844,794192429,2^794192429-1,STRUCTURAL_SCREEN_EXHAUSTED_PRIMALITY_UNASSIGNED,GF3A_DIRECTIONAL_WRITE_EXHAUSTED_PRIMALITY_UNASSIGNED,513,512,512,NO_RECORDED_FACTOR_PRP_OR_LL_RESULT_AND_NO_ACTIVE_GIMPS_ASSIGNMENT,2026-08-09T09:12:31+00:00,UNALLOCATED,,,,,
SLCMP2607-3845,3845,3845,794192467,2^794192467-1,STRUCTURAL_SCREEN_EXHAUSTED_PRIMALITY_UNASSIGNED,GF3A_DIRECTIONAL_WRITE_EXHAUSTED_PRIMALITY_UNASSIGNED,514,512,512,NO_RECORDED_FACTOR_PRP_OR_LL_RESULT_AND_NO_ACTIVE_GIMPS_ASSIGNMENT,2026-08-09T09:12:31+00:00,UNALLOCATED,,,,,
SLCMP2607-3846,3846,3846,794192501,2^794192501-1,STRUCTURAL_SCREEN_EXHAUSTED_PRIMALITY_UNASSIGNED,GF3A_DIRECTIONAL_WRITE_EXHAUSTED_PRIMALITY_UNASSIGNED,513,512,512,NO_RECORDED_FACTOR_PRP_OR_LL_RESULT_AND_NO_ACTIVE_GIMPS_ASSIGNMENT,2026-08-09T09:12:31+00:00,UNALLOCATED,,,,,
SLCMP2607-3847,3847,3847,794192573,2^794192573-1,STRUCTURAL_SCREEN_EXHAUSTED_PRIMALITY_UNASSIGNED,GF3A_DIRECTIONAL_WRITE_EXHAUSTED_PRIMALITY_UNASSIGNED,513,512,512,NO_RECORDED_FACTOR_PRP_OR_LL_RESULT_AND_NO_ACTIVE_GIMPS_ASSIGNMENT,2026-08-09T09:12:31+00:00,UNALLOCATED,,,,,
SLCMP2607-3848,3848,3848,794192743,2^794192743-1,STRUCTURAL_SCREEN_EXHAUSTED_PRIMALITY_UNASSIGNED,GF3A_DIRECTIONAL_WRITE_EXHAUSTED_PRIMALITY_UNASSIGNED,514,512,512,NO_RECORDED_FACTOR_PRP_OR_LL_RESULT_AND_NO_ACTIVE_GIMPS_ASSIGNMENT,2026-08-09T09:12:31+00:00,UNALLOCATED,,,,,
SLCMP2607-3849,3849,3849,794192807,2^794192807-1,STRUCTURAL_SCREEN_EXHAUSTED_PRIMALITY_UNASSIGNED,GF3A_DIRECTIONAL_WRITE_EXHAUSTED_PRIMALITY_UNASSIGNED,514,512,512,NO_RECORDED_FACTOR_PRP_OR_LL_RESULT_AND_NO_ACTIVE_GIMPS_ASSIGNMENT,2026-08-09T09:12:31+00:00,UNALLOCATED,,,,,
SLCMP2607-3850,3850,3850,794192879,2^794192879-1,STRUCTURAL_SCREEN_EXHAUSTED_PRIMALITY_UNASSIGNED,GF3A_DIRECTIONAL_WRITE_EXHAUSTED_PRIMALITY_UNASSIGNED,514,512,512,NO_RECORDED_FACTOR_PRP_OR_LL_RESULT_AND_NO_ACTIVE_GIMPS_ASSIGNMENT,2026-08-09T09:12:31+00:00,UNALLOCATED,,,,,
SLCMP2607-3851,3851,3851,794192899,2^794192899-1,STRUCTURAL_SCREEN_EXHAUSTED_PRIMALITY_UNASSIGNED,GF3A_DIRECTIONAL_WRITE_EXHAUSTED_PRIMALITY_UNASSIGNED,514,512,512,NO_RECORDED_FACTOR_PRP_OR_LL_RESULT_AND_NO_ACTIVE_GIMPS_ASSIGNMENT,2026-08-09T09:12:31+00:00,UNALLOCATED,,,,,
SLCMP2607-3852,3852,3852,794192909,2^794192909-1,STRUCTURAL_SCREEN_EXHAUSTED_PRIMALITY_UNASSIGNED,GF3A_DIRECTIONAL_WRITE_EXHAUSTED_PRIMALITY_UNASSIGNED,513,512,512,NO_RECORDED_FACTOR_PRP_OR_LL_RESULT_AND_NO_ACTIVE_GIMPS_ASSIGNMENT,2026-08-09T09:12:31+00:00,UNALLOCATED,,,,,
SLCMP2607-3853,3853,3853,794192939,2^794192939-1,STRUCTURAL_SCREEN_EXHAUSTED_PRIMALITY_UNASSIGNED,GF3A_DIRECTIONAL_WRITE_EXHAUSTED_PRIMALITY_UNASSIGNED,514,512,512,NO_RECORDED_FACTOR_PRP_OR_LL_RESULT_AND_NO_ACTIVE_GIMPS_ASSIGNMENT,2026-08-09T09:12:31+00:00,UNALLOCATED,,,,,
SLCMP2607-3854,3854,3854,794192941,2^794192941-1,STRUCTURAL_SCREEN_EXHAUSTED_PRIMALITY_UNASSIGNED,GF3A_DIRECTIONAL_WRITE_EXHAUSTED_PRIMALITY_UNASSIGNED,513,512,512,NO_RECORDED_FACTOR_PRP_OR_LL_RESULT_AND_NO_ACTIVE_GIMPS_ASSIGNMENT,2026-08-09T09:12:31+00:00,UNALLOCATED,,,,,
SLCMP2607-3855,3855,3855,794192957,2^794192957-1,STRUCTURAL_SCREEN_EXHAUSTED_PRIMALITY_UNASSIGNED,GF3A_DIRECTIONAL_WRITE_EXHAUSTED_PRIMALITY_UNASSIGNED,513,512,512,NO_RECORDED_FACTOR_PRP_OR_LL_RESULT_AND_NO_ACTIVE_GIMPS_ASSIGNMENT,2026-08-09T09:12:31+00:00,UNALLOCATED,,,,,
SLCMP2607-3856,3856,3856,794193047,2^794193047-1,STRUCTURAL_SCREEN_EXHAUSTED_PRIMALITY_UNASSIGNED,GF3A_DIRECTIONAL_WRITE_EXHAUSTED_PRIMALITY_UNASSIGNED,514,512,512,NO_RECORDED_FACTOR_PRP_OR_LL_RESULT_AND_NO_ACTIVE_GIMPS_ASSIGNMENT,2026-08-09T09:12:31+00:00,UNALLOCATED,,,,,
SLCMP2607-3857,3857,3857,794193077,2^794193077-1,STRUCTURAL_SCREEN_EXHAUSTED_PRIMALITY_UNASSIGNED,GF3A_DIRECTIONAL_WRITE_EXHAUSTED_PRIMALITY_UNASSIGNED,513,512,512,NO_RECORDED_FACTOR_PRP_OR_LL_RESULT_AND_NO_ACTIVE_GIMPS_ASSIGNMENT,2026-08-09T09:12:31+00:00,UNALLOCATED,,,,,
SLCMP2607-3858,3858,3858,794193299,2^794193299-1,STRUCTURAL_SCREEN_EXHAUSTED_PRIMALITY_UNASSIGNED,GF3A_DIRECTIONAL_WRITE_EXHAUSTED_PRIMALITY_UNASSIGNED,514,512,512,NO_RECORDED_FACTOR_PRP_OR_LL_RESULT_AND_NO_ACTIVE_GIMPS_ASSIGNMENT,2026-08-09T09:12:31+00:00,UNALLOCATED,,,,,
SLCMP2607-3859,3859,3859,794193373,2^794193373-1,STRUCTURAL_SCREEN_EXHAUSTED_PRIMALITY_UNASSIGNED,GF3A_DIRECTIONAL_WRITE_EXHAUSTED_PRIMALITY_UNASSIGNED,513,512,512,NO_RECORDED_FACTOR_PRP_OR_LL_RESULT_AND_NO_ACTIVE_GIMPS_ASSIGNMENT,2026-08-09T09:12:31+00:00,UNALLOCATED,,,,,
SLCMP2607-3860,3860,3860,794193467,2^794193467-1,STRUCTURAL_SCREEN_EXHAUSTED_PRIMALITY_UNASSIGNED,GF3A_DIRECTIONAL_WRITE_EXHAUSTED_PRIMALITY_UNASSIGNED,514,512,512,NO_RECORDED_FACTOR_PRP_OR_LL_RESULT_AND_NO_ACTIVE_GIMPS_ASSIGNMENT,2026-08-09T09:12:31+00:00,UNALLOCATED,,,,,
SLCMP2607-3861,3861,3861,794193469,2^794193469-1,STRUCTURAL_SCREEN_EXHAUSTED_PRIMALITY_UNASSIGNED,GF3A_DIRECTIONAL_WRITE_EXHAUSTED_PRIMALITY_UNASSIGNED,513,512,512,NO_RECORDED_FACTOR_PRP_OR_LL_RESULT_AND_NO_ACTIVE_GIMPS_ASSIGNMENT,2026-08-09T09:12:31+00:00,UNALLOCATED,,,,,
SLCMP2607-3862,3862,3862,794193481,2^794193481-1,STRUCTURAL_SCREEN_EXHAUSTED_PRIMALITY_UNASSIGNED,GF3A_DIRECTIONAL_WRITE_EXHAUSTED_PRIMALITY_UNASSIGNED,513,512,512,NO_RECORDED_FACTOR_PRP_OR_LL_RESULT_AND_NO_ACTIVE_GIMPS_ASSIGNMENT,2026-08-09T09:12:31+00:00,UNALLOCATED,,,,,
SLCMP2607-3863,3863,3863,794193487,2^794193487-1,STRUCTURAL_SCREEN_EXHAUSTED_PRIMALITY_UNASSIGNED,GF3A_DIRECTIONAL_WRITE_EXHAUSTED_PRIMALITY_UNASSIGNED,514,512,512,NO_RECORDED_FACTOR_PRP_OR_LL_RESULT_AND_NO_ACTIVE_GIMPS_ASSIGNMENT,2026-08-09T09:12:31+00:00,UNALLOCATED,,,,,
SLCMP2607-3864,3864,3864,794193497,2^794193497-1,STRUCTURAL_SCREEN_EXHAUSTED_PRIMALITY_UNASSIGNED,GF3A_DIRECTIONAL_WRITE_EXHAUSTED_PRIMALITY_UNASSIGNED,513,512,512,NO_RECORDED_FACTOR_PRP_OR_LL_RESULT_AND_NO_ACTIVE_GIMPS_ASSIGNMENT,2026-08-09T09:12:31+00:00,UNALLOCATED,,,,,
SLCMP2607-3865,3865,3865,794193509,2^794193509-1,STRUCTURAL_SCREEN_EXHAUSTED_PRIMALITY_UNASSIGNED,GF3A_DIRECTIONAL_WRITE_EXHAUSTED_PRIMALITY_UNASSIGNED,513,512,512,NO_RECORDED_FACTOR_PRP_OR_LL_RESULT_AND_NO_ACTIVE_GIMPS_ASSIGNMENT,2026-08-09T09:12:31+00:00,UNALLOCATED,,,,,
SLCMP2607-3866,3866,3866,794193527,2^794193527-1,STRUCTURAL_SCREEN_EXHAUSTED_PRIMALITY_UNASSIGNED,GF3A_DIRECTIONAL_WRITE_EXHAUSTED_PRIMALITY_UNASSIGNED,514,512,512,NO_RECORDED_FACTOR_PRP_OR_LL_RESULT_AND_NO_ACTIVE_GIMPS_ASSIGNMENT,2026-08-09T09:12:31+00:00,UNALLOCATED,,,,,
SLCMP2607-3867,3867,3867,794193599,2^794193599-1,STRUCTURAL_SCREEN_EXHAUSTED_PRIMALITY_UNASSIGNED,GF3A_DIRECTIONAL_WRITE_EXHAUSTED_PRIMALITY_UNASSIGNED,514,512,512,NO_RECORDED_FACTOR_PRP_OR_LL_RESULT_AND_NO_ACTIVE_GIMPS_ASSIGNMENT,2026-08-09T09:12:31+00:00,UNALLOCATED,,,,,
SLCMP2607-3868,3868,3868,794193671,2^794193671-1,STRUCTURAL_SCREEN_EXHAUSTED_PRIMALITY_UNASSIGNED,GF3A_DIRECTIONAL_WRITE_EXHAUSTED_PRIMALITY_UNASSIGNED,514,512,512,NO_RECORDED_FACTOR_PRP_OR_LL_RESULT_AND_NO_ACTIVE_GIMPS_ASSIGNMENT,2026-08-09T09:12:31+00:00,UNALLOCATED,,,,,
SLCMP2607-3869,3869,3869,794193683,2^794193683-1,STRUCTURAL_SCREEN_EXHAUSTED_PRIMALITY_UNASSIGNED,GF3A_DIRECTIONAL_WRITE_EXHAUSTED_PRIMALITY_UNASSIGNED,514,512,512,NO_RECORDED_FACTOR_PRP_OR_LL_RESULT_AND_NO_ACTIVE_GIMPS_ASSIGNMENT,2026-08-09T09:12:31+00:00,UNALLOCATED,,,,,
SLCMP2607-3870,3870,3870,794193707,2^794193707-1,STRUCTURAL_SCREEN_EXHAUSTED_PRIMALITY_UNASSIGNED,GF3A_DIRECTIONAL_WRITE_EXHAUSTED_PRIMALITY_UNASSIGNED,514,512,512,NO_RECORDED_FACTOR_PRP_OR_LL_RESULT_AND_NO_ACTIVE_GIMPS_ASSIGNMENT,2026-08-09T09:12:31+00:00,UNALLOCATED,,,,,
SLCMP2607-3871,3871,3871,794193769,2^794193769-1,STRUCTURAL_SCREEN_EXHAUSTED_PRIMALITY_UNASSIGNED,GF3A_DIRECTIONAL_WRITE_EXHAUSTED_PRIMALITY_UNASSIGNED,513,512,512,NO_RECORDED_FACTOR_PRP_OR_LL_RESULT_AND_NO_ACTIVE_GIMPS_ASSIGNMENT,2026-08-09T09:12:31+00:00,UNALLOCATED,,,,,
SLCMP2607-3872,3872,3872,794193809,2^794193809-1,STRUCTURAL_SCREEN_EXHAUSTED_PRIMALITY_UNASSIGNED,GF3A_DIRECTIONAL_WRITE_EXHAUSTED_PRIMALITY_UNASSIGNED,513,512,512,NO_RECORDED_FACTOR_PRP_OR_LL_RESULT_AND_NO_ACTIVE_GIMPS_ASSIGNMENT,2026-08-09T09:12:31+00:00,UNALLOCATED,,,,,
SLCMP2607-3873,3873,3873,794194019,2^794194019-1,STRUCTURAL_SCREEN_EXHAUSTED_PRIMALITY_UNASSIGNED,GF3A_DIRECTIONAL_WRITE_EXHAUSTED_PRIMALITY_UNASSIGNED,514,512,512,NO_RECORDED_FACTOR_PRP_OR_LL_RESULT_AND_NO_ACTIVE_GIMPS_ASSIGNMENT,2026-08-09T09:12:31+00:00,UNALLOCATED,,,,,
SLCMP2607-3874,3874,3874,794194043,2^794194043-1,STRUCTURAL_SCREEN_EXHAUSTED_PRIMALITY_UNASSIGNED,GF3A_DIRECTIONAL_WRITE_EXHAUSTED_PRIMALITY_UNASSIGNED,514,512,512,NO_RECORDED_FACTOR_PRP_OR_LL_RESULT_AND_NO_ACTIVE_GIMPS_ASSIGNMENT,2026-08-09T09:12:31+00:00,UNALLOCATED,,,,,
SLCMP2607-3875,3875,3875,794194073,2^794194073-1,STRUCTURAL_SCREEN_EXHAUSTED_PRIMALITY_UNASSIGNED,GF3A_DIRECTIONAL_WRITE_EXHAUSTED_PRIMALITY_UNASSIGNED,513,512,512,NO_RECORDED_FACTOR_PRP_OR_LL_RESULT_AND_NO_ACTIVE_GIMPS_ASSIGNMENT,2026-08-09T09:12:31+00:00,UNALLOCATED,,,,,
SLCMP2607-3876,3876,3876,794194099,2^794194099-1,STRUCTURAL_SCREEN_EXHAUSTED_PRIMALITY_UNASSIGNED,GF3A_DIRECTIONAL_WRITE_EXHAUSTED_PRIMALITY_UNASSIGNED,514,512,512,NO_RECORDED_FACTOR_PRP_OR_LL_RESULT_AND_NO_ACTIVE_GIMPS_ASSIGNMENT,2026-08-09T09:12:31+00:00,UNALLOCATED,,,,,
SLCMP2607-3877,3877,3877,794194327,2^794194327-1,STRUCTURAL_SCREEN_EXHAUSTED_PRIMALITY_UNASSIGNED,GF3A_DIRECTIONAL_WRITE_EXHAUSTED_PRIMALITY_UNASSIGNED,514,512,512,NO_RECORDED_FACTOR_PRP_OR_LL_RESULT_AND_NO_ACTIVE_GIMPS_ASSIGNMENT,2026-08-09T09:12:31+00:00,UNALLOCATED,,,,,
SLCMP2607-3878,3878,3878,794194369,2^794194369-1,STRUCTURAL_SCREEN_EXHAUSTED_PRIMALITY_UNASSIGNED,GF3A_DIRECTIONAL_WRITE_EXHAUSTED_PRIMALITY_UNASSIGNED,513,512,512,NO_RECORDED_FACTOR_PRP_OR_LL_RESULT_AND_NO_ACTIVE_GIMPS_ASSIGNMENT,2026-08-09T09:12:31+00:00,UNALLOCATED,,,,,
SLCMP2607-3879,3879,3879,794194403,2^794194403-1,STRUCTURAL_SCREEN_EXHAUSTED_PRIMALITY_UNASSIGNED,GF3A_DIRECTIONAL_WRITE_EXHAUSTED_PRIMALITY_UNASSIGNED,514,512,512,NO_RECORDED_FACTOR_PRP_OR_LL_RESULT_AND_NO_ACTIVE_GIMPS_ASSIGNMENT,2026-08-09T09:12:31+00:00,UNALLOCATED,,,,,
SLCMP2607-3880,3880,3880,794194607,2^794194607-1,STRUCTURAL_SCREEN_EXHAUSTED_PRIMALITY_UNASSIGNED,GF3A_DIRECTIONAL_WRITE_EXHAUSTED_PRIMALITY_UNASSIGNED,514,512,512,NO_RECORDED_FACTOR_PRP_OR_LL_RESULT_AND_NO_ACTIVE_GIMPS_ASSIGNMENT,2026-08-09T09:12:31+00:00,UNALLOCATED,,,,,
SLCMP2607-3881,3881,3881,794194651,2^794194651-1,STRUCTURAL_SCREEN_EXHAUSTED_PRIMALITY_UNASSIGNED,GF3A_DIRECTIONAL_WRITE_EXHAUSTED_PRIMALITY_UNASSIGNED,514,512,512,NO_RECORDED_FACTOR_PRP_OR_LL_RESULT_AND_NO_ACTIVE_GIMPS_ASSIGNMENT,2026-08-09T09:12:31+00:00,UNALLOCATED,,,,,
SLCMP2607-3882,3882,3882,794194703,2^794194703-1,STRUCTURAL_SCREEN_EXHAUSTED_PRIMALITY_UNASSIGNED,GF3A_DIRECTIONAL_WRITE_EXHAUSTED_PRIMALITY_UNASSIGNED,514,512,512,NO_RECORDED_FACTOR_PRP_OR_LL_RESULT_AND_NO_ACTIVE_GIMPS_ASSIGNMENT,2026-08-09T09:12:31+00:00,UNALLOCATED,,,,,
SLCMP2607-3883,3883,3883,794194727,2^794194727-1,STRUCTURAL_SCREEN_EXHAUSTED_PRIMALITY_UNASSIGNED,GF3A_DIRECTIONAL_WRITE_EXHAUSTED_PRIMALITY_UNASSIGNED,514,512,512,NO_RECORDED_FACTOR_PRP_OR_LL_RESULT_AND_NO_ACTIVE_GIMPS_ASSIGNMENT,2026-08-09T09:12:31+00:00,UNALLOCATED,,,,,
SLCMP2607-3884,3884,3884,794194741,2^794194741-1,STRUCTURAL_SCREEN_EXHAUSTED_PRIMALITY_UNASSIGNED,GF3A_DIRECTIONAL_WRITE_EXHAUSTED_PRIMALITY_UNASSIGNED,513,512,512,NO_RECORDED_FACTOR_PRP_OR_LL_RESULT_AND_NO_ACTIVE_GIMPS_ASSIGNMENT,2026-08-09T09:12:31+00:00,UNALLOCATED,,,,,
SLCMP2607-3885,3885,3885,794194937,2^794194937-1,STRUCTURAL_SCREEN_EXHAUSTED_PRIMALITY_UNASSIGNED,GF3A_DIRECTIONAL_WRITE_EXHAUSTED_PRIMALITY_UNASSIGNED,513,512,512,NO_RECORDED_FACTOR_PRP_OR_LL_RESULT_AND_NO_ACTIVE_GIMPS_ASSIGNMENT,2026-08-09T09:12:31+00:00,UNALLOCATED,,,,,
SLCMP2607-3886,3886,3886,794194943,2^794194943-1,STRUCTURAL_SCREEN_EXHAUSTED_PRIMALITY_UNASSIGNED,GF3A_DIRECTIONAL_WRITE_EXHAUSTED_PRIMALITY_UNASSIGNED,514,512,512,NO_RECORDED_FACTOR_PRP_OR_LL_RESULT_AND_NO_ACTIVE_GIMPS_ASSIGNMENT,2026-08-09T09:12:31+00:00,UNALLOCATED,,,,,
SLCMP2607-3887,3887,3887,794194949,2^794194949-1,STRUCTURAL_SCREEN_EXHAUSTED_PRIMALITY_UNASSIGNED,GF3A_DIRECTIONAL_WRITE_EXHAUSTED_PRIMALITY_UNASSIGNED,513,512,512,NO_RECORDED_FACTOR_PRP_OR_LL_RESULT_AND_NO_ACTIVE_GIMPS_ASSIGNMENT,2026-08-09T09:12:31+00:00,UNALLOCATED,,,,,
SLCMP2607-3888,3888,3888,794195009,2^794195009-1,STRUCTURAL_SCREEN_EXHAUSTED_PRIMALITY_UNASSIGNED,GF3A_DIRECTIONAL_WRITE_EXHAUSTED_PRIMALITY_UNASSIGNED,513,512,512,NO_RECORDED_FACTOR_PRP_OR_LL_RESULT_AND_NO_ACTIVE_GIMPS_ASSIGNMENT,2026-08-09T09:12:31+00:00,UNALLOCATED,,,,,
SLCMP2607-3889,3889,3889,794195057,2^794195057-1,STRUCTURAL_SCREEN_EXHAUSTED_PRIMALITY_UNASSIGNED,GF3A_DIRECTIONAL_WRITE_EXHAUSTED_PRIMALITY_UNASSIGNED,513,512,512,NO_RECORDED_FACTOR_PRP_OR_LL_RESULT_AND_NO_ACTIVE_GIMPS_ASSIGNMENT,2026-08-09T09:12:31+00:00,UNALLOCATED,,,,,
SLCMP2607-3890,3890,3890,794195063,2^794195063-1,STRUCTURAL_SCREEN_EXHAUSTED_PRIMALITY_UNASSIGNED,GF3A_DIRECTIONAL_WRITE_EXHAUSTED_PRIMALITY_UNASSIGNED,514,512,512,NO_RECORDED_FACTOR_PRP_OR_LL_RESULT_AND_NO_ACTIVE_GIMPS_ASSIGNMENT,2026-08-09T09:12:31+00:00,UNALLOCATED,,,,,
SLCMP2607-3891,3891,3891,794195119,2^794195119-1,STRUCTURAL_SCREEN_EXHAUSTED_PRIMALITY_UNASSIGNED,GF3A_DIRECTIONAL_WRITE_EXHAUSTED_PRIMALITY_UNASSIGNED,514,512,512,NO_RECORDED_FACTOR_PRP_OR_LL_RESULT_AND_NO_ACTIVE_GIMPS_ASSIGNMENT,2026-08-09T09:12:31+00:00,UNALLOCATED,,,,,
SLCMP2607-3892,3892,3892,794195159,2^794195159-1,STRUCTURAL_SCREEN_EXHAUSTED_PRIMALITY_UNASSIGNED,GF3A_DIRECTIONAL_WRITE_EXHAUSTED_PRIMALITY_UNASSIGNED,514,512,512,NO_RECORDED_FACTOR_PRP_OR_LL_RESULT_AND_NO_ACTIVE_GIMPS_ASSIGNMENT,2026-08-09T09:12:31+00:00,UNALLOCATED,,,,,
SLCMP2607-3893,3893,3893,794195167,2^794195167-1,STRUCTURAL_SCREEN_EXHAUSTED_PRIMALITY_UNASSIGNED,GF3A_DIRECTIONAL_WRITE_EXHAUSTED_PRIMALITY_UNASSIGNED,514,512,512,NO_RECORDED_FACTOR_PRP_OR_LL_RESULT_AND_NO_ACTIVE_GIMPS_ASSIGNMENT,2026-08-09T09:12:31+00:00,UNALLOCATED,,,,,
SLCMP2607-3894,3894,3894,794195191,2^794195191-1,STRUCTURAL_SCREEN_EXHAUSTED_PRIMALITY_UNASSIGNED,GF3A_DIRECTIONAL_WRITE_EXHAUSTED_PRIMALITY_UNASSIGNED,514,512,512,NO_RECORDED_FACTOR_PRP_OR_LL_RESULT_AND_NO_ACTIVE_GIMPS_ASSIGNMENT,2026-08-09T09:12:31+00:00,UNALLOCATED,,,,,
SLCMP2607-3895,3895,3895,794195203,2^794195203-1,STRUCTURAL_SCREEN_EXHAUSTED_PRIMALITY_UNASSIGNED,GF3A_DIRECTIONAL_WRITE_EXHAUSTED_PRIMALITY_UNASSIGNED,514,512,512,NO_RECORDED_FACTOR_PRP_OR_LL_RESULT_AND_NO_ACTIVE_GIMPS_ASSIGNMENT,2026-08-09T09:12:31+00:00,UNALLOCATED,,,,,
SLCMP2607-3896,3896,3896,794195249,2^794195249-1,STRUCTURAL_SCREEN_EXHAUSTED_PRIMALITY_UNASSIGNED,GF3A_DIRECTIONAL_WRITE_EXHAUSTED_PRIMALITY_UNASSIGNED,513,512,512,NO_RECORDED_FACTOR_PRP_OR_LL_RESULT_AND_NO_ACTIVE_GIMPS_ASSIGNMENT,2026-08-09T09:12:31+00:00,UNALLOCATED,,,,,
SLCMP2607-3897,3897,3897,794195261,2^794195261-1,STRUCTURAL_SCREEN_EXHAUSTED_PRIMALITY_UNASSIGNED,GF3A_DIRECTIONAL_WRITE_EXHAUSTED_PRIMALITY_UNASSIGNED,513,512,512,NO_RECORDED_FACTOR_PRP_OR_LL_RESULT_AND_NO_ACTIVE_GIMPS_ASSIGNMENT,2026-08-09T09:12:31+00:00,UNALLOCATED,,,,,
SLCMP2607-3898,3898,3898,794195627,2^794195627-1,STRUCTURAL_SCREEN_EXHAUSTED_PRIMALITY_UNASSIGNED,GF3A_DIRECTIONAL_WRITE_EXHAUSTED_PRIMALITY_UNASSIGNED,514,512,512,NO_RECORDED_FACTOR_PRP_OR_LL_RESULT_AND_NO_ACTIVE_GIMPS_ASSIGNMENT,2026-08-09T09:12:31+00:00,UNALLOCATED,,,,,
SLCMP2607-3899,3899,3899,794195629,2^794195629-1,STRUCTURAL_SCREEN_EXHAUSTED_PRIMALITY_UNASSIGNED,GF3A_DIRECTIONAL_WRITE_EXHAUSTED_PRIMALITY_UNASSIGNED,513,512,512,NO_RECORDED_FACTOR_PRP_OR_LL_RESULT_AND_NO_ACTIVE_GIMPS_ASSIGNMENT,2026-08-09T09:12:31+00:00,UNALLOCATED,,,,,
SLCMP2607-3900,3900,3900,794195659,2^794195659-1,STRUCTURAL_SCREEN_EXHAUSTED_PRIMALITY_UNASSIGNED,GF3A_DIRECTIONAL_WRITE_EXHAUSTED_PRIMALITY_UNASSIGNED,514,512,512,NO_RECORDED_FACTOR_PRP_OR_LL_RESULT_AND_NO_ACTIVE_GIMPS_ASSIGNMENT,2026-08-09T09:12:31+00:00,UNALLOCATED,,,,,
SLCMP2607-3901,3901,3901,794195737,2^794195737-1,STRUCTURAL_SCREEN_EXHAUSTED_PRIMALITY_UNASSIGNED,GF3A_DIRECTIONAL_WRITE_EXHAUSTED_PRIMALITY_UNASSIGNED,513,512,512,NO_RECORDED_FACTOR_PRP_OR_LL_RESULT_AND_NO_ACTIVE_GIMPS_ASSIGNMENT,2026-08-09T09:12:31+00:00,UNALLOCATED,,,,,
SLCMP2607-3902,3902,3902,794195863,2^794195863-1,STRUCTURAL_SCREEN_EXHAUSTED_PRIMALITY_UNASSIGNED,GF3A_DIRECTIONAL_WRITE_EXHAUSTED_PRIMALITY_UNASSIGNED,514,512,512,NO_RECORDED_FACTOR_PRP_OR_LL_RESULT_AND_NO_ACTIVE_GIMPS_ASSIGNMENT,2026-08-09T09:12:31+00:00,UNALLOCATED,,,,,
SLCMP2607-3903,3903,3903,794195887,2^794195887-1,STRUCTURAL_SCREEN_EXHAUSTED_PRIMALITY_UNASSIGNED,GF3A_DIRECTIONAL_WRITE_EXHAUSTED_PRIMALITY_UNASSIGNED,514,512,512,NO_RECORDED_FACTOR_PRP_OR_LL_RESULT_AND_NO_ACTIVE_GIMPS_ASSIGNMENT,2026-08-09T09:12:31+00:00,UNALLOCATED,,,,,
SLCMP2607-3904,3904,3904,794195921,2^794195921-1,STRUCTURAL_SCREEN_EXHAUSTED_PRIMALITY_UNASSIGNED,GF3A_DIRECTIONAL_WRITE_EXHAUSTED_PRIMALITY_UNASSIGNED,513,512,512,NO_RECORDED_FACTOR_PRP_OR_LL_RESULT_AND_NO_ACTIVE_GIMPS_ASSIGNMENT,2026-08-09T09:12:31+00:00,UNALLOCATED,,,,,
SLCMP2607-3905,3905,3905,794195993,2^794195993-1,STRUCTURAL_SCREEN_EXHAUSTED_PRIMALITY_UNASSIGNED,GF3A_DIRECTIONAL_WRITE_EXHAUSTED_PRIMALITY_UNASSIGNED,513,512,512,NO_RECORDED_FACTOR_PRP_OR_LL_RESULT_AND_NO_ACTIVE_GIMPS_ASSIGNMENT,2026-08-09T09:12:31+00:00,UNALLOCATED,,,,,
SLCMP2607-3906,3906,3906,794196017,2^794196017-1,STRUCTURAL_SCREEN_EXHAUSTED_PRIMALITY_UNASSIGNED,GF3A_DIRECTIONAL_WRITE_EXHAUSTED_PRIMALITY_UNASSIGNED,513,512,512,NO_RECORDED_FACTOR_PRP_OR_LL_RESULT_AND_NO_ACTIVE_GIMPS_ASSIGNMENT,2026-08-09T09:12:31+00:00,UNALLOCATED,,,,,
SLCMP2607-3907,3907,3907,794196103,2^794196103-1,STRUCTURAL_SCREEN_EXHAUSTED_PRIMALITY_UNASSIGNED,GF3A_DIRECTIONAL_WRITE_EXHAUSTED_PRIMALITY_UNASSIGNED,514,512,512,NO_RECORDED_FACTOR_PRP_OR_LL_RESULT_AND_NO_ACTIVE_GIMPS_ASSIGNMENT,2026-08-09T09:12:31+00:00,UNALLOCATED,,,,,
SLCMP2607-3908,3908,3908,794196203,2^794196203-1,STRUCTURAL_SCREEN_EXHAUSTED_PRIMALITY_UNASSIGNED,GF3A_DIRECTIONAL_WRITE_EXHAUSTED_PRIMALITY_UNASSIGNED,514,512,512,NO_RECORDED_FACTOR_PRP_OR_LL_RESULT_AND_NO_ACTIVE_GIMPS_ASSIGNMENT,2026-08-09T09:12:31+00:00,UNALLOCATED,,,,,
SLCMP2607-3909,3909,3909,794196269,2^794196269-1,STRUCTURAL_SCREEN_EXHAUSTED_PRIMALITY_UNASSIGNED,GF3A_DIRECTIONAL_WRITE_EXHAUSTED_PRIMALITY_UNASSIGNED,513,512,512,NO_RECORDED_FACTOR_PRP_OR_LL_RESULT_AND_NO_ACTIVE_GIMPS_ASSIGNMENT,2026-08-09T09:12:31+00:00,UNALLOCATED,,,,,
SLCMP2607-3910,3910,3910,794196307,2^794196307-1,STRUCTURAL_SCREEN_EXHAUSTED_PRIMALITY_UNASSIGNED,GF3A_DIRECTIONAL_WRITE_EXHAUSTED_PRIMALITY_UNASSIGNED,514,512,512,NO_RECORDED_FACTOR_PRP_OR_LL_RESULT_AND_NO_ACTIVE_GIMPS_ASSIGNMENT,2026-08-09T09:12:31+00:00,UNALLOCATED,,,,,
SLCMP2607-3911,3911,3911,794196311,2^794196311-1,STRUCTURAL_SCREEN_EXHAUSTED_PRIMALITY_UNASSIGNED,GF3A_DIRECTIONAL_WRITE_EXHAUSTED_PRIMALITY_UNASSIGNED,514,512,512,NO_RECORDED_FACTOR_PRP_OR_LL_RESULT_AND_NO_ACTIVE_GIMPS_ASSIGNMENT,2026-08-09T09:12:31+00:00,UNALLOCATED,,,,,
SLCMP2607-3912,3912,3912,794196317,2^794196317-1,STRUCTURAL_SCREEN_EXHAUSTED_PRIMALITY_UNASSIGNED,GF3A_DIRECTIONAL_WRITE_EXHAUSTED_PRIMALITY_UNASSIGNED,513,512,512,NO_RECORDED_FACTOR_PRP_OR_LL_RESULT_AND_NO_ACTIVE_GIMPS_ASSIGNMENT,2026-08-09T09:12:31+00:00,UNALLOCATED,,,,,
SLCMP2607-3913,3913,3913,794196331,2^794196331-1,STRUCTURAL_SCREEN_EXHAUSTED_PRIMALITY_UNASSIGNED,GF3A_DIRECTIONAL_WRITE_EXHAUSTED_PRIMALITY_UNASSIGNED,514,512,512,NO_RECORDED_FACTOR_PRP_OR_LL_RESULT_AND_NO_ACTIVE_GIMPS_ASSIGNMENT,2026-08-09T09:12:31+00:00,UNALLOCATED,,,,,
SLCMP2607-3914,3914,3914,794196451,2^794196451-1,STRUCTURAL_SCREEN_EXHAUSTED_PRIMALITY_UNASSIGNED,GF3A_DIRECTIONAL_WRITE_EXHAUSTED_PRIMALITY_UNASSIGNED,514,512,512,NO_RECORDED_FACTOR_PRP_OR_LL_RESULT_AND_NO_ACTIVE_GIMPS_ASSIGNMENT,2026-08-09T09:12:31+00:00,UNALLOCATED,,,,,
SLCMP2607-3915,3915,3915,794196551,2^794196551-1,STRUCTURAL_SCREEN_EXHAUSTED_PRIMALITY_UNASSIGNED,GF3A_DIRECTIONAL_WRITE_EXHAUSTED_PRIMALITY_UNASSIGNED,514,512,512,NO_RECORDED_FACTOR_PRP_OR_LL_RESULT_AND_NO_ACTIVE_GIMPS_ASSIGNMENT,2026-08-09T09:12:31+00:00,UNALLOCATED,,,,,
SLCMP2607-3916,3916,3916,794196619,2^794196619-1,STRUCTURAL_SCREEN_EXHAUSTED_PRIMALITY_UNASSIGNED,GF3A_DIRECTIONAL_WRITE_EXHAUSTED_PRIMALITY_UNASSIGNED,514,512,512,NO_RECORDED_FACTOR_PRP_OR_LL_RESULT_AND_NO_ACTIVE_GIMPS_ASSIGNMENT,2026-08-09T09:12:31+00:00,UNALLOCATED,,,,,
SLCMP2607-3917,3917,3917,794196643,2^794196643-1,STRUCTURAL_SCREEN_EXHAUSTED_PRIMALITY_UNASSIGNED,GF3A_DIRECTIONAL_WRITE_EXHAUSTED_PRIMALITY_UNASSIGNED,514,512,512,NO_RECORDED_FACTOR_PRP_OR_LL_RESULT_AND_NO_ACTIVE_GIMPS_ASSIGNMENT,2026-08-09T09:12:31+00:00,UNALLOCATED,,,,,
SLCMP2607-3918,3918,3918,794196727,2^794196727-1,STRUCTURAL_SCREEN_EXHAUSTED_PRIMALITY_UNASSIGNED,GF3A_DIRECTIONAL_WRITE_EXHAUSTED_PRIMALITY_UNASSIGNED,514,512,512,NO_RECORDED_FACTOR_PRP_OR_LL_RESULT_AND_NO_ACTIVE_GIMPS_ASSIGNMENT,2026-08-09T09:12:31+00:00,UNALLOCATED,,,,,
SLCMP2607-3919,3919,3919,794196797,2^794196797-1,STRUCTURAL_SCREEN_EXHAUSTED_PRIMALITY_UNASSIGNED,GF3A_DIRECTIONAL_WRITE_EXHAUSTED_PRIMALITY_UNASSIGNED,513,512,512,NO_RECORDED_FACTOR_PRP_OR_LL_RESULT_AND_NO_ACTIVE_GIMPS_ASSIGNMENT,2026-08-09T09:12:31+00:00,UNALLOCATED,,,,,
SLCMP2607-3920,3920,3920,794196833,2^794196833-1,STRUCTURAL_SCREEN_EXHAUSTED_PRIMALITY_UNASSIGNED,GF3A_DIRECTIONAL_WRITE_EXHAUSTED_PRIMALITY_UNASSIGNED,513,512,512,NO_RECORDED_FACTOR_PRP_OR_LL_RESULT_AND_NO_ACTIVE_GIMPS_ASSIGNMENT,2026-08-09T09:12:31+00:00,UNALLOCATED,,,,,
SLCMP2607-3921,3921,3921,794196869,2^794196869-1,STRUCTURAL_SCREEN_EXHAUSTED_PRIMALITY_UNASSIGNED,GF3A_DIRECTIONAL_WRITE_EXHAUSTED_PRIMALITY_UNASSIGNED,513,512,512,NO_RECORDED_FACTOR_PRP_OR_LL_RESULT_AND_NO_ACTIVE_GIMPS_ASSIGNMENT,2026-08-09T09:12:31+00:00,UNALLOCATED,,,,,
SLCMP2607-3922,3922,3922,794197013,2^794197013-1,STRUCTURAL_SCREEN_EXHAUSTED_PRIMALITY_UNASSIGNED,GF3A_DIRECTIONAL_WRITE_EXHAUSTED_PRIMALITY_UNASSIGNED,513,512,512,NO_RECORDED_FACTOR_PRP_OR_LL_RESULT_AND_NO_ACTIVE_GIMPS_ASSIGNMENT,2026-08-09T09:12:31+00:00,UNALLOCATED,,,,,
SLCMP2607-3923,3923,3923,794197039,2^794197039-1,STRUCTURAL_SCREEN_EXHAUSTED_PRIMALITY_UNASSIGNED,GF3A_DIRECTIONAL_WRITE_EXHAUSTED_PRIMALITY_UNASSIGNED,514,512,512,NO_RECORDED_FACTOR_PRP_OR_LL_RESULT_AND_NO_ACTIVE_GIMPS_ASSIGNMENT,2026-08-09T09:12:31+00:00,UNALLOCATED,,,,,
SLCMP2607-3924,3924,3924,794197081,2^794197081-1,STRUCTURAL_SCREEN_EXHAUSTED_PRIMALITY_UNASSIGNED,GF3A_DIRECTIONAL_WRITE_EXHAUSTED_PRIMALITY_UNASSIGNED,513,512,512,NO_RECORDED_FACTOR_PRP_OR_LL_RESULT_AND_NO_ACTIVE_GIMPS_ASSIGNMENT,2026-08-09T09:12:31+00:00,UNALLOCATED,,,,,
SLCMP2607-3925,3925,3925,794197241,2^794197241-1,STRUCTURAL_SCREEN_EXHAUSTED_PRIMALITY_UNASSIGNED,GF3A_DIRECTIONAL_WRITE_EXHAUSTED_PRIMALITY_UNASSIGNED,513,512,512,NO_RECORDED_FACTOR_PRP_OR_LL_RESULT_AND_NO_ACTIVE_GIMPS_ASSIGNMENT,2026-08-09T09:12:31+00:00,UNALLOCATED,,,,,
SLCMP2607-3926,3926,3926,794197361,2^794197361-1,STRUCTURAL_SCREEN_EXHAUSTED_PRIMALITY_UNASSIGNED,GF3A_DIRECTIONAL_WRITE_EXHAUSTED_PRIMALITY_UNASSIGNED,513,512,512,NO_RECORDED_FACTOR_PRP_OR_LL_RESULT_AND_NO_ACTIVE_GIMPS_ASSIGNMENT,2026-08-09T09:12:31+00:00,UNALLOCATED,,,,,
SLCMP2607-3927,3927,3927,794197379,2^794197379-1,STRUCTURAL_SCREEN_EXHAUSTED_PRIMALITY_UNASSIGNED,GF3A_DIRECTIONAL_WRITE_EXHAUSTED_PRIMALITY_UNASSIGNED,514,512,512,NO_RECORDED_FACTOR_PRP_OR_LL_RESULT_AND_NO_ACTIVE_GIMPS_ASSIGNMENT,2026-08-09T09:12:31+00:00,UNALLOCATED,,,,,
SLCMP2607-3928,3928,3928,794197447,2^794197447-1,STRUCTURAL_SCREEN_EXHAUSTED_PRIMALITY_UNASSIGNED,GF3A_DIRECTIONAL_WRITE_EXHAUSTED_PRIMALITY_UNASSIGNED,514,512,512,NO_RECORDED_FACTOR_PRP_OR_LL_RESULT_AND_NO_ACTIVE_GIMPS_ASSIGNMENT,2026-08-09T09:12:31+00:00,UNALLOCATED,,,,,
SLCMP2607-3929,3929,3929,794197589,2^794197589-1,STRUCTURAL_SCREEN_EXHAUSTED_PRIMALITY_UNASSIGNED,GF3A_DIRECTIONAL_WRITE_EXHAUSTED_PRIMALITY_UNASSIGNED,513,512,512,NO_RECORDED_FACTOR_PRP_OR_LL_RESULT_AND_NO_ACTIVE_GIMPS_ASSIGNMENT,2026-08-09T09:12:31+00:00,UNALLOCATED,,,,,
SLCMP2607-3930,3930,3930,794197601,2^794197601-1,STRUCTURAL_SCREEN_EXHAUSTED_PRIMALITY_UNASSIGNED,GF3A_DIRECTIONAL_WRITE_EXHAUSTED_PRIMALITY_UNASSIGNED,513,512,512,NO_RECORDED_FACTOR_PRP_OR_LL_RESULT_AND_NO_ACTIVE_GIMPS_ASSIGNMENT,2026-08-09T09:12:31+00:00,UNALLOCATED,,,,,
SLCMP2607-3931,3931,3931,794197627,2^794197627-1,STRUCTURAL_SCREEN_EXHAUSTED_PRIMALITY_UNASSIGNED,GF3A_DIRECTIONAL_WRITE_EXHAUSTED_PRIMALITY_UNASSIGNED,514,512,512,NO_RECORDED_FACTOR_PRP_OR_LL_RESULT_AND_NO_ACTIVE_GIMPS_ASSIGNMENT,2026-08-09T09:12:31+00:00,UNALLOCATED,,,,,
SLCMP2607-3932,3932,3932,794197661,2^794197661-1,STRUCTURAL_SCREEN_EXHAUSTED_PRIMALITY_UNASSIGNED,GF3A_DIRECTIONAL_WRITE_EXHAUSTED_PRIMALITY_UNASSIGNED,513,512,512,NO_RECORDED_FACTOR_PRP_OR_LL_RESULT_AND_NO_ACTIVE_GIMPS_ASSIGNMENT,2026-08-09T09:12:31+00:00,UNALLOCATED,,,,,
SLCMP2607-3933,3933,3933,794197667,2^794197667-1,STRUCTURAL_SCREEN_EXHAUSTED_PRIMALITY_UNASSIGNED,GF3A_DIRECTIONAL_WRITE_EXHAUSTED_PRIMALITY_UNASSIGNED,514,512,512,NO_RECORDED_FACTOR_PRP_OR_LL_RESULT_AND_NO_ACTIVE_GIMPS_ASSIGNMENT,2026-08-09T09:12:31+00:00,UNALLOCATED,,,,,
SLCMP2607-3934,3934,3934,794197709,2^794197709-1,STRUCTURAL_SCREEN_EXHAUSTED_PRIMALITY_UNASSIGNED,GF3A_DIRECTIONAL_WRITE_EXHAUSTED_PRIMALITY_UNASSIGNED,513,512,512,NO_RECORDED_FACTOR_PRP_OR_LL_RESULT_AND_NO_ACTIVE_GIMPS_ASSIGNMENT,2026-08-09T09:12:31+00:00,UNALLOCATED,,,,,
SLCMP2607-3935,3935,3935,794197753,2^794197753-1,STRUCTURAL_SCREEN_EXHAUSTED_PRIMALITY_UNASSIGNED,GF3A_DIRECTIONAL_WRITE_EXHAUSTED_PRIMALITY_UNASSIGNED,513,512,512,NO_RECORDED_FACTOR_PRP_OR_LL_RESULT_AND_NO_ACTIVE_GIMPS_ASSIGNMENT,2026-08-09T09:12:31+00:00,UNALLOCATED,,,,,
SLCMP2607-3936,3936,3936,794197769,2^794197769-1,STRUCTURAL_SCREEN_EXHAUSTED_PRIMALITY_UNASSIGNED,GF3A_DIRECTIONAL_WRITE_EXHAUSTED_PRIMALITY_UNASSIGNED,513,512,512,NO_RECORDED_FACTOR_PRP_OR_LL_RESULT_AND_NO_ACTIVE_GIMPS_ASSIGNMENT,2026-08-09T09:12:31+00:00,UNALLOCATED,,,,,
SLCMP2607-3937,3937,3937,794197771,2^794197771-1,STRUCTURAL_SCREEN_EXHAUSTED_PRIMALITY_UNASSIGNED,GF3A_DIRECTIONAL_WRITE_EXHAUSTED_PRIMALITY_UNASSIGNED,514,512,512,NO_RECORDED_FACTOR_PRP_OR_LL_RESULT_AND_NO_ACTIVE_GIMPS_ASSIGNMENT,2026-08-09T09:12:31+00:00,UNALLOCATED,,,,,
SLCMP2607-3938,3938,3938,794197813,2^794197813-1,STRUCTURAL_SCREEN_EXHAUSTED_PRIMALITY_UNASSIGNED,GF3A_DIRECTIONAL_WRITE_EXHAUSTED_PRIMALITY_UNASSIGNED,513,512,512,NO_RECORDED_FACTOR_PRP_OR_LL_RESULT_AND_NO_ACTIVE_GIMPS_ASSIGNMENT,2026-08-09T09:12:31+00:00,UNALLOCATED,,,,,
SLCMP2607-3939,3939,3939,794197841,2^794197841-1,STRUCTURAL_SCREEN_EXHAUSTED_PRIMALITY_UNASSIGNED,GF3A_DIRECTIONAL_WRITE_EXHAUSTED_PRIMALITY_UNASSIGNED,513,512,512,NO_RECORDED_FACTOR_PRP_OR_LL_RESULT_AND_NO_ACTIVE_GIMPS_ASSIGNMENT,2026-08-09T09:12:31+00:00,UNALLOCATED,,,,,
SLCMP2607-3940,3940,3940,794197903,2^794197903-1,STRUCTURAL_SCREEN_EXHAUSTED_PRIMALITY_UNASSIGNED,GF3A_DIRECTIONAL_WRITE_EXHAUSTED_PRIMALITY_UNASSIGNED,514,512,512,NO_RECORDED_FACTOR_PRP_OR_LL_RESULT_AND_NO_ACTIVE_GIMPS_ASSIGNMENT,2026-08-09T09:12:31+00:00,UNALLOCATED,,,,,
SLCMP2607-3941,3941,3941,794197931,2^794197931-1,STRUCTURAL_SCREEN_EXHAUSTED_PRIMALITY_UNASSIGNED,GF3A_DIRECTIONAL_WRITE_EXHAUSTED_PRIMALITY_UNASSIGNED,514,512,512,NO_RECORDED_FACTOR_PRP_OR_LL_RESULT_AND_NO_ACTIVE_GIMPS_ASSIGNMENT,2026-08-09T09:12:31+00:00,UNALLOCATED,,,,,
SLCMP2607-3942,3942,3942,794197969,2^794197969-1,STRUCTURAL_SCREEN_EXHAUSTED_PRIMALITY_UNASSIGNED,GF3A_DIRECTIONAL_WRITE_EXHAUSTED_PRIMALITY_UNASSIGNED,513,512,512,NO_RECORDED_FACTOR_PRP_OR_LL_RESULT_AND_NO_ACTIVE_GIMPS_ASSIGNMENT,2026-08-09T09:12:31+00:00,UNALLOCATED,,,,,
SLCMP2607-3943,3943,3943,794197991,2^794197991-1,STRUCTURAL_SCREEN_EXHAUSTED_PRIMALITY_UNASSIGNED,GF3A_DIRECTIONAL_WRITE_EXHAUSTED_PRIMALITY_UNASSIGNED,514,512,512,NO_RECORDED_FACTOR_PRP_OR_LL_RESULT_AND_NO_ACTIVE_GIMPS_ASSIGNMENT,2026-08-09T09:12:31+00:00,UNALLOCATED,,,,,
SLCMP2607-3944,3944,3944,794198023,2^794198023-1,STRUCTURAL_SCREEN_EXHAUSTED_PRIMALITY_UNASSIGNED,GF3A_DIRECTIONAL_WRITE_EXHAUSTED_PRIMALITY_UNASSIGNED,514,512,512,NO_RECORDED_FACTOR_PRP_OR_LL_RESULT_AND_NO_ACTIVE_GIMPS_ASSIGNMENT,2026-08-09T09:12:31+00:00,UNALLOCATED,,,,,
SLCMP2607-3945,3945,3945,794198051,2^794198051-1,STRUCTURAL_SCREEN_EXHAUSTED_PRIMALITY_UNASSIGNED,GF3A_DIRECTIONAL_WRITE_EXHAUSTED_PRIMALITY_UNASSIGNED,514,512,512,NO_RECORDED_FACTOR_PRP_OR_LL_RESULT_AND_NO_ACTIVE_GIMPS_ASSIGNMENT,2026-08-09T09:12:31+00:00,UNALLOCATED,,,,,
SLCMP2607-3946,3946,3946,794198063,2^794198063-1,STRUCTURAL_SCREEN_EXHAUSTED_PRIMALITY_UNASSIGNED,GF3A_DIRECTIONAL_WRITE_EXHAUSTED_PRIMALITY_UNASSIGNED,514,512,512,NO_RECORDED_FACTOR_PRP_OR_LL_RESULT_AND_NO_ACTIVE_GIMPS_ASSIGNMENT,2026-08-09T09:12:31+00:00,UNALLOCATED,,,,,
SLCMP2607-3947,3947,3947,794198107,2^794198107-1,STRUCTURAL_SCREEN_EXHAUSTED_PRIMALITY_UNASSIGNED,GF3A_DIRECTIONAL_WRITE_EXHAUSTED_PRIMALITY_UNASSIGNED,514,512,512,NO_RECORDED_FACTOR_PRP_OR_LL_RESULT_AND_NO_ACTIVE_GIMPS_ASSIGNMENT,2026-08-09T09:12:31+00:00,UNALLOCATED,,,,,
SLCMP2607-3948,3948,3948,794198131,2^794198131-1,STRUCTURAL_SCREEN_EXHAUSTED_PRIMALITY_UNASSIGNED,GF3A_DIRECTIONAL_WRITE_EXHAUSTED_PRIMALITY_UNASSIGNED,514,512,512,NO_RECORDED_FACTOR_PRP_OR_LL_RESULT_AND_NO_ACTIVE_GIMPS_ASSIGNMENT,2026-08-09T09:12:31+00:00,UNALLOCATED,,,,,
SLCMP2607-3949,3949,3949,794198149,2^794198149-1,STRUCTURAL_SCREEN_EXHAUSTED_PRIMALITY_UNASSIGNED,GF3A_DIRECTIONAL_WRITE_EXHAUSTED_PRIMALITY_UNASSIGNED,513,512,512,NO_RECORDED_FACTOR_PRP_OR_LL_RESULT_AND_NO_ACTIVE_GIMPS_ASSIGNMENT,2026-08-09T09:12:31+00:00,UNALLOCATED,,,,,
SLCMP2607-3950,3950,3950,794198213,2^794198213-1,STRUCTURAL_SCREEN_EXHAUSTED_PRIMALITY_UNASSIGNED,GF3A_DIRECTIONAL_WRITE_EXHAUSTED_PRIMALITY_UNASSIGNED,513,512,512,NO_RECORDED_FACTOR_PRP_OR_LL_RESULT_AND_NO_ACTIVE_GIMPS_ASSIGNMENT,2026-08-09T09:12:31+00:00,UNALLOCATED,,,,,
SLCMP2607-3951,3951,3951,794198219,2^794198219-1,STRUCTURAL_SCREEN_EXHAUSTED_PRIMALITY_UNASSIGNED,GF3A_DIRECTIONAL_WRITE_EXHAUSTED_PRIMALITY_UNASSIGNED,514,512,512,NO_RECORDED_FACTOR_PRP_OR_LL_RESULT_AND_NO_ACTIVE_GIMPS_ASSIGNMENT,2026-08-09T09:12:31+00:00,UNALLOCATED,,,,,
SLCMP2607-3952,3952,3952,794198227,2^794198227-1,STRUCTURAL_SCREEN_EXHAUSTED_PRIMALITY_UNASSIGNED,GF3A_DIRECTIONAL_WRITE_EXHAUSTED_PRIMALITY_UNASSIGNED,514,512,512,NO_RECORDED_FACTOR_PRP_OR_LL_RESULT_AND_NO_ACTIVE_GIMPS_ASSIGNMENT,2026-08-09T09:12:31+00:00,UNALLOCATED,,,,,
SLCMP2607-3953,3953,3953,794198371,2^794198371-1,STRUCTURAL_SCREEN_EXHAUSTED_PRIMALITY_UNASSIGNED,GF3A_DIRECTIONAL_WRITE_EXHAUSTED_PRIMALITY_UNASSIGNED,514,512,512,NO_RECORDED_FACTOR_PRP_OR_LL_RESULT_AND_NO_ACTIVE_GIMPS_ASSIGNMENT,2026-08-09T09:12:31+00:00,UNALLOCATED,,,,,
SLCMP2607-3954,3954,3954,794198399,2^794198399-1,STRUCTURAL_SCREEN_EXHAUSTED_PRIMALITY_UNASSIGNED,GF3A_DIRECTIONAL_WRITE_EXHAUSTED_PRIMALITY_UNASSIGNED,514,512,512,NO_RECORDED_FACTOR_PRP_OR_LL_RESULT_AND_NO_ACTIVE_GIMPS_ASSIGNMENT,2026-08-09T09:12:31+00:00,UNALLOCATED,,,,,
SLCMP2607-3955,3955,3955,794198563,2^794198563-1,STRUCTURAL_SCREEN_EXHAUSTED_PRIMALITY_UNASSIGNED,GF3A_DIRECTIONAL_WRITE_EXHAUSTED_PRIMALITY_UNASSIGNED,514,512,512,NO_RECORDED_FACTOR_PRP_OR_LL_RESULT_AND_NO_ACTIVE_GIMPS_ASSIGNMENT,2026-08-09T09:12:31+00:00,UNALLOCATED,,,,,
SLCMP2607-3956,3956,3956,794198591,2^794198591-1,STRUCTURAL_SCREEN_EXHAUSTED_PRIMALITY_UNASSIGNED,GF3A_DIRECTIONAL_WRITE_EXHAUSTED_PRIMALITY_UNASSIGNED,514,512,512,NO_RECORDED_FACTOR_PRP_OR_LL_RESULT_AND_NO_ACTIVE_GIMPS_ASSIGNMENT,2026-08-09T09:12:31+00:00,UNALLOCATED,,,,,
SLCMP2607-3957,3957,3957,794198597,2^794198597-1,STRUCTURAL_SCREEN_EXHAUSTED_PRIMALITY_UNASSIGNED,GF3A_DIRECTIONAL_WRITE_EXHAUSTED_PRIMALITY_UNASSIGNED,513,512,512,NO_RECORDED_FACTOR_PRP_OR_LL_RESULT_AND_NO_ACTIVE_GIMPS_ASSIGNMENT,2026-08-09T09:12:31+00:00,UNALLOCATED,,,,,
SLCMP2607-3958,3958,3958,794198617,2^794198617-1,STRUCTURAL_SCREEN_EXHAUSTED_PRIMALITY_UNASSIGNED,GF3A_DIRECTIONAL_WRITE_EXHAUSTED_PRIMALITY_UNASSIGNED,513,512,512,NO_RECORDED_FACTOR_PRP_OR_LL_RESULT_AND_NO_ACTIVE_GIMPS_ASSIGNMENT,2026-08-09T09:12:31+00:00,UNALLOCATED,,,,,
SLCMP2607-3959,3959,3959,794198683,2^794198683-1,STRUCTURAL_SCREEN_EXHAUSTED_PRIMALITY_UNASSIGNED,GF3A_DIRECTIONAL_WRITE_EXHAUSTED_PRIMALITY_UNASSIGNED,514,512,512,NO_RECORDED_FACTOR_PRP_OR_LL_RESULT_AND_NO_ACTIVE_GIMPS_ASSIGNMENT,2026-08-09T09:12:31+00:00,UNALLOCATED,,,,,
SLCMP2607-3960,3960,3960,794198753,2^794198753-1,STRUCTURAL_SCREEN_EXHAUSTED_PRIMALITY_UNASSIGNED,GF3A_DIRECTIONAL_WRITE_EXHAUSTED_PRIMALITY_UNASSIGNED,513,512,512,NO_RECORDED_FACTOR_PRP_OR_LL_RESULT_AND_NO_ACTIVE_GIMPS_ASSIGNMENT,2026-08-09T09:12:31+00:00,UNALLOCATED,,,,,
SLCMP2607-3961,3961,3961,794198789,2^794198789-1,STRUCTURAL_SCREEN_EXHAUSTED_PRIMALITY_UNASSIGNED,GF3A_DIRECTIONAL_WRITE_EXHAUSTED_PRIMALITY_UNASSIGNED,513,512,512,NO_RECORDED_FACTOR_PRP_OR_LL_RESULT_AND_NO_ACTIVE_GIMPS_ASSIGNMENT,2026-08-09T09:12:31+00:00,UNALLOCATED,,,,,
SLCMP2607-3962,3962,3962,794198837,2^794198837-1,STRUCTURAL_SCREEN_EXHAUSTED_PRIMALITY_UNASSIGNED,GF3A_DIRECTIONAL_WRITE_EXHAUSTED_PRIMALITY_UNASSIGNED,513,512,512,NO_RECORDED_FACTOR_PRP_OR_LL_RESULT_AND_NO_ACTIVE_GIMPS_ASSIGNMENT,2026-08-09T09:12:31+00:00,UNALLOCATED,,,,,
SLCMP2607-3963,3963,3963,794198893,2^794198893-1,STRUCTURAL_SCREEN_EXHAUSTED_PRIMALITY_UNASSIGNED,GF3A_DIRECTIONAL_WRITE_EXHAUSTED_PRIMALITY_UNASSIGNED,513,512,512,NO_RECORDED_FACTOR_PRP_OR_LL_RESULT_AND_NO_ACTIVE_GIMPS_ASSIGNMENT,2026-08-09T09:12:31+00:00,UNALLOCATED,,,,,
SLCMP2607-3964,3964,3964,794199023,2^794199023-1,STRUCTURAL_SCREEN_EXHAUSTED_PRIMALITY_UNASSIGNED,GF3A_DIRECTIONAL_WRITE_EXHAUSTED_PRIMALITY_UNASSIGNED,514,512,512,NO_RECORDED_FACTOR_PRP_OR_LL_RESULT_AND_NO_ACTIVE_GIMPS_ASSIGNMENT,2026-08-09T09:12:31+00:00,UNALLOCATED,,,,,
SLCMP2607-3965,3965,3965,794199037,2^794199037-1,STRUCTURAL_SCREEN_EXHAUSTED_PRIMALITY_UNASSIGNED,GF3A_DIRECTIONAL_WRITE_EXHAUSTED_PRIMALITY_UNASSIGNED,513,512,512,NO_RECORDED_FACTOR_PRP_OR_LL_RESULT_AND_NO_ACTIVE_GIMPS_ASSIGNMENT,2026-08-09T09:12:31+00:00,UNALLOCATED,,,,,
SLCMP2607-3966,3966,3966,794199067,2^794199067-1,STRUCTURAL_SCREEN_EXHAUSTED_PRIMALITY_UNASSIGNED,GF3A_DIRECTIONAL_WRITE_EXHAUSTED_PRIMALITY_UNASSIGNED,514,512,512,NO_RECORDED_FACTOR_PRP_OR_LL_RESULT_AND_NO_ACTIVE_GIMPS_ASSIGNMENT,2026-08-09T09:12:31+00:00,UNALLOCATED,,,,,
SLCMP2607-3967,3967,3967,794199071,2^794199071-1,STRUCTURAL_SCREEN_EXHAUSTED_PRIMALITY_UNASSIGNED,GF3A_DIRECTIONAL_WRITE_EXHAUSTED_PRIMALITY_UNASSIGNED,514,512,512,NO_RECORDED_FACTOR_PRP_OR_LL_RESULT_AND_NO_ACTIVE_GIMPS_ASSIGNMENT,2026-08-09T09:12:31+00:00,UNALLOCATED,,,,,
SLCMP2607-3968,3968,3968,794199089,2^794199089-1,STRUCTURAL_SCREEN_EXHAUSTED_PRIMALITY_UNASSIGNED,GF3A_DIRECTIONAL_WRITE_EXHAUSTED_PRIMALITY_UNASSIGNED,513,512,512,NO_RECORDED_FACTOR_PRP_OR_LL_RESULT_AND_NO_ACTIVE_GIMPS_ASSIGNMENT,2026-08-09T09:12:31+00:00,UNALLOCATED,,,,,
SLCMP2607-3969,3969,3969,794199163,2^794199163-1,STRUCTURAL_SCREEN_EXHAUSTED_PRIMALITY_UNASSIGNED,GF3A_DIRECTIONAL_WRITE_EXHAUSTED_PRIMALITY_UNASSIGNED,514,512,512,NO_RECORDED_FACTOR_PRP_OR_LL_RESULT_AND_NO_ACTIVE_GIMPS_ASSIGNMENT,2026-08-09T09:12:31+00:00,UNALLOCATED,,,,,
SLCMP2607-3970,3970,3970,794199181,2^794199181-1,STRUCTURAL_SCREEN_EXHAUSTED_PRIMALITY_UNASSIGNED,GF3A_DIRECTIONAL_WRITE_EXHAUSTED_PRIMALITY_UNASSIGNED,513,512,512,NO_RECORDED_FACTOR_PRP_OR_LL_RESULT_AND_NO_ACTIVE_GIMPS_ASSIGNMENT,2026-08-09T09:12:31+00:00,UNALLOCATED,,,,,
SLCMP2607-3971,3971,3971,794199253,2^794199253-1,STRUCTURAL_SCREEN_EXHAUSTED_PRIMALITY_UNASSIGNED,GF3A_DIRECTIONAL_WRITE_EXHAUSTED_PRIMALITY_UNASSIGNED,513,512,512,NO_RECORDED_FACTOR_PRP_OR_LL_RESULT_AND_NO_ACTIVE_GIMPS_ASSIGNMENT,2026-08-09T09:12:31+00:00,UNALLOCATED,,,,,
SLCMP2607-3972,3972,3972,794199257,2^794199257-1,STRUCTURAL_SCREEN_EXHAUSTED_PRIMALITY_UNASSIGNED,GF3A_DIRECTIONAL_WRITE_EXHAUSTED_PRIMALITY_UNASSIGNED,513,512,512,NO_RECORDED_FACTOR_PRP_OR_LL_RESULT_AND_NO_ACTIVE_GIMPS_ASSIGNMENT,2026-08-09T09:12:31+00:00,UNALLOCATED,,,,,
SLCMP2607-3973,3973,3973,794199271,2^794199271-1,STRUCTURAL_SCREEN_EXHAUSTED_PRIMALITY_UNASSIGNED,GF3A_DIRECTIONAL_WRITE_EXHAUSTED_PRIMALITY_UNASSIGNED,514,512,512,NO_RECORDED_FACTOR_PRP_OR_LL_RESULT_AND_NO_ACTIVE_GIMPS_ASSIGNMENT,2026-08-09T09:12:31+00:00,UNALLOCATED,,,,,
SLCMP2607-3974,3974,3974,794199337,2^794199337-1,STRUCTURAL_SCREEN_EXHAUSTED_PRIMALITY_UNASSIGNED,GF3A_DIRECTIONAL_WRITE_EXHAUSTED_PRIMALITY_UNASSIGNED,513,512,512,NO_RECORDED_FACTOR_PRP_OR_LL_RESULT_AND_NO_ACTIVE_GIMPS_ASSIGNMENT,2026-08-09T09:12:31+00:00,UNALLOCATED,,,,,
SLCMP2607-3975,3975,3975,794199401,2^794199401-1,STRUCTURAL_SCREEN_EXHAUSTED_PRIMALITY_UNASSIGNED,GF3A_DIRECTIONAL_WRITE_EXHAUSTED_PRIMALITY_UNASSIGNED,513,512,512,NO_RECORDED_FACTOR_PRP_OR_LL_RESULT_AND_NO_ACTIVE_GIMPS_ASSIGNMENT,2026-08-09T09:12:31+00:00,UNALLOCATED,,,,,
SLCMP2607-3976,3976,3976,794199473,2^794199473-1,STRUCTURAL_SCREEN_EXHAUSTED_PRIMALITY_UNASSIGNED,GF3A_DIRECTIONAL_WRITE_EXHAUSTED_PRIMALITY_UNASSIGNED,513,512,512,NO_RECORDED_FACTOR_PRP_OR_LL_RESULT_AND_NO_ACTIVE_GIMPS_ASSIGNMENT,2026-08-09T09:12:31+00:00,UNALLOCATED,,,,,
SLCMP2607-3977,3977,3977,794199607,2^794199607-1,STRUCTURAL_SCREEN_EXHAUSTED_PRIMALITY_UNASSIGNED,GF3A_DIRECTIONAL_WRITE_EXHAUSTED_PRIMALITY_UNASSIGNED,514,512,512,NO_RECORDED_FACTOR_PRP_OR_LL_RESULT_AND_NO_ACTIVE_GIMPS_ASSIGNMENT,2026-08-09T09:12:31+00:00,UNALLOCATED,,,,,
SLCMP2607-3978,3978,3978,794199619,2^794199619-1,STRUCTURAL_SCREEN_EXHAUSTED_PRIMALITY_UNASSIGNED,GF3A_DIRECTIONAL_WRITE_EXHAUSTED_PRIMALITY_UNASSIGNED,514,512,512,NO_RECORDED_FACTOR_PRP_OR_LL_RESULT_AND_NO_ACTIVE_GIMPS_ASSIGNMENT,2026-08-09T09:12:31+00:00,UNALLOCATED,,,,,
SLCMP2607-3979,3979,3979,794199671,2^794199671-1,STRUCTURAL_SCREEN_EXHAUSTED_PRIMALITY_UNASSIGNED,GF3A_DIRECTIONAL_WRITE_EXHAUSTED_PRIMALITY_UNASSIGNED,514,512,512,NO_RECORDED_FACTOR_PRP_OR_LL_RESULT_AND_NO_ACTIVE_GIMPS_ASSIGNMENT,2026-08-09T09:12:31+00:00,UNALLOCATED,,,,,
SLCMP2607-3980,3980,3980,794199701,2^794199701-1,STRUCTURAL_SCREEN_EXHAUSTED_PRIMALITY_UNASSIGNED,GF3A_DIRECTIONAL_WRITE_EXHAUSTED_PRIMALITY_UNASSIGNED,513,512,512,NO_RECORDED_FACTOR_PRP_OR_LL_RESULT_AND_NO_ACTIVE_GIMPS_ASSIGNMENT,2026-08-09T09:12:31+00:00,UNALLOCATED,,,,,
SLCMP2607-3981,3981,3981,794199743,2^794199743-1,STRUCTURAL_SCREEN_EXHAUSTED_PRIMALITY_UNASSIGNED,GF3A_DIRECTIONAL_WRITE_EXHAUSTED_PRIMALITY_UNASSIGNED,514,512,512,NO_RECORDED_FACTOR_PRP_OR_LL_RESULT_AND_NO_ACTIVE_GIMPS_ASSIGNMENT,2026-08-09T09:12:31+00:00,UNALLOCATED,,,,,
SLCMP2607-3982,3982,3982,794199793,2^794199793-1,STRUCTURAL_SCREEN_EXHAUSTED_PRIMALITY_UNASSIGNED,GF3A_DIRECTIONAL_WRITE_EXHAUSTED_PRIMALITY_UNASSIGNED,513,512,512,NO_RECORDED_FACTOR_PRP_OR_LL_RESULT_AND_NO_ACTIVE_GIMPS_ASSIGNMENT,2026-08-09T09:12:31+00:00,UNALLOCATED,,,,,
SLCMP2607-3983,3983,3983,794199797,2^794199797-1,STRUCTURAL_SCREEN_EXHAUSTED_PRIMALITY_UNASSIGNED,GF3A_DIRECTIONAL_WRITE_EXHAUSTED_PRIMALITY_UNASSIGNED,513,512,512,NO_RECORDED_FACTOR_PRP_OR_LL_RESULT_AND_NO_ACTIVE_GIMPS_ASSIGNMENT,2026-08-09T09:12:31+00:00,UNALLOCATED,,,,,
SLCMP2607-3984,3984,3984,794199841,2^794199841-1,STRUCTURAL_SCREEN_EXHAUSTED_PRIMALITY_UNASSIGNED,GF3A_DIRECTIONAL_WRITE_EXHAUSTED_PRIMALITY_UNASSIGNED,513,512,512,NO_RECORDED_FACTOR_PRP_OR_LL_RESULT_AND_NO_ACTIVE_GIMPS_ASSIGNMENT,2026-08-09T09:12:31+00:00,UNALLOCATED,,,,,
SLCMP2607-3985,3985,3985,794199883,2^794199883-1,STRUCTURAL_SCREEN_EXHAUSTED_PRIMALITY_UNASSIGNED,GF3A_DIRECTIONAL_WRITE_EXHAUSTED_PRIMALITY_UNASSIGNED,514,512,512,NO_RECORDED_FACTOR_PRP_OR_LL_RESULT_AND_NO_ACTIVE_GIMPS_ASSIGNMENT,2026-08-09T09:12:31+00:00,UNALLOCATED,,,,,
SLCMP2607-3986,3986,3986,794199919,2^794199919-1,STRUCTURAL_SCREEN_EXHAUSTED_PRIMALITY_UNASSIGNED,GF3A_DIRECTIONAL_WRITE_EXHAUSTED_PRIMALITY_UNASSIGNED,514,512,512,NO_RECORDED_FACTOR_PRP_OR_LL_RESULT_AND_NO_ACTIVE_GIMPS_ASSIGNMENT,2026-08-09T09:12:31+00:00,UNALLOCATED,,,,,
SLCMP2607-3987,3987,3987,794199953,2^794199953-1,STRUCTURAL_SCREEN_EXHAUSTED_PRIMALITY_UNASSIGNED,GF3A_DIRECTIONAL_WRITE_EXHAUSTED_PRIMALITY_UNASSIGNED,513,512,512,NO_RECORDED_FACTOR_PRP_OR_LL_RESULT_AND_NO_ACTIVE_GIMPS_ASSIGNMENT,2026-08-09T09:12:31+00:00,UNALLOCATED,,,,,
SLCMP2607-3988,3988,3988,794200027,2^794200027-1,STRUCTURAL_SCREEN_EXHAUSTED_PRIMALITY_UNASSIGNED,GF3A_DIRECTIONAL_WRITE_EXHAUSTED_PRIMALITY_UNASSIGNED,514,512,512,NO_RECORDED_FACTOR_PRP_OR_LL_RESULT_AND_NO_ACTIVE_GIMPS_ASSIGNMENT,2026-08-09T09:12:31+00:00,UNALLOCATED,,,,,
SLCMP2607-3989,3989,3989,794200037,2^794200037-1,STRUCTURAL_SCREEN_EXHAUSTED_PRIMALITY_UNASSIGNED,GF3A_DIRECTIONAL_WRITE_EXHAUSTED_PRIMALITY_UNASSIGNED,513,512,512,NO_RECORDED_FACTOR_PRP_OR_LL_RESULT_AND_NO_ACTIVE_GIMPS_ASSIGNMENT,2026-08-09T09:12:31+00:00,UNALLOCATED,,,,,
SLCMP2607-3990,3990,3990,794200049,2^794200049-1,STRUCTURAL_SCREEN_EXHAUSTED_PRIMALITY_UNASSIGNED,GF3A_DIRECTIONAL_WRITE_EXHAUSTED_PRIMALITY_UNASSIGNED,513,512,512,NO_RECORDED_FACTOR_PRP_OR_LL_RESULT_AND_NO_ACTIVE_GIMPS_ASSIGNMENT,2026-08-09T09:12:31+00:00,UNALLOCATED,,,,,
SLCMP2607-3991,3991,3991,794200091,2^794200091-1,STRUCTURAL_SCREEN_EXHAUSTED_PRIMALITY_UNASSIGNED,GF3A_DIRECTIONAL_WRITE_EXHAUSTED_PRIMALITY_UNASSIGNED,514,512,512,NO_RECORDED_FACTOR_PRP_OR_LL_RESULT_AND_NO_ACTIVE_GIMPS_ASSIGNMENT,2026-08-09T09:12:31+00:00,UNALLOCATED,,,,,
SLCMP2607-3992,3992,3992,794200157,2^794200157-1,STRUCTURAL_SCREEN_EXHAUSTED_PRIMALITY_UNASSIGNED,GF3A_DIRECTIONAL_WRITE_EXHAUSTED_PRIMALITY_UNASSIGNED,513,512,512,NO_RECORDED_FACTOR_PRP_OR_LL_RESULT_AND_NO_ACTIVE_GIMPS_ASSIGNMENT,2026-08-09T09:12:31+00:00,UNALLOCATED,,,,,
SLCMP2607-3993,3993,3993,794200201,2^794200201-1,STRUCTURAL_SCREEN_EXHAUSTED_PRIMALITY_UNASSIGNED,GF3A_DIRECTIONAL_WRITE_EXHAUSTED_PRIMALITY_UNASSIGNED,513,512,512,NO_RECORDED_FACTOR_PRP_OR_LL_RESULT_AND_NO_ACTIVE_GIMPS_ASSIGNMENT,2026-08-09T09:12:31+00:00,UNALLOCATED,,,,,
SLCMP2607-3994,3994,3994,794200223,2^794200223-1,STRUCTURAL_SCREEN_EXHAUSTED_PRIMALITY_UNASSIGNED,GF3A_DIRECTIONAL_WRITE_EXHAUSTED_PRIMALITY_UNASSIGNED,514,512,512,NO_RECORDED_FACTOR_PRP_OR_LL_RESULT_AND_NO_ACTIVE_GIMPS_ASSIGNMENT,2026-08-09T09:12:31+00:00,UNALLOCATED,,,,,
SLCMP2607-3995,3995,3995,794200243,2^794200243-1,STRUCTURAL_SCREEN_EXHAUSTED_PRIMALITY_UNASSIGNED,GF3A_DIRECTIONAL_WRITE_EXHAUSTED_PRIMALITY_UNASSIGNED,514,512,512,NO_RECORDED_FACTOR_PRP_OR_LL_RESULT_AND_NO_ACTIVE_GIMPS_ASSIGNMENT,2026-08-09T09:12:31+00:00,UNALLOCATED,,,,,
SLCMP2607-3996,3996,3996,794200403,2^794200403-1,STRUCTURAL_SCREEN_EXHAUSTED_PRIMALITY_UNASSIGNED,GF3A_DIRECTIONAL_WRITE_EXHAUSTED_PRIMALITY_UNASSIGNED,514,512,512,NO_RECORDED_FACTOR_PRP_OR_LL_RESULT_AND_NO_ACTIVE_GIMPS_ASSIGNMENT,2026-08-09T09:12:31+00:00,UNALLOCATED,,,,,
SLCMP2607-3997,3997,3997,794200457,2^794200457-1,STRUCTURAL_SCREEN_EXHAUSTED_PRIMALITY_UNASSIGNED,GF3A_DIRECTIONAL_WRITE_EXHAUSTED_PRIMALITY_UNASSIGNED,513,512,512,NO_RECORDED_FACTOR_PRP_OR_LL_RESULT_AND_NO_ACTIVE_GIMPS_ASSIGNMENT,2026-08-09T09:12:31+00:00,UNALLOCATED,,,,,
SLCMP2607-3998,3998,3998,794200483,2^794200483-1,STRUCTURAL_SCREEN_EXHAUSTED_PRIMALITY_UNASSIGNED,GF3A_DIRECTIONAL_WRITE_EXHAUSTED_PRIMALITY_UNASSIGNED,514,512,512,NO_RECORDED_FACTOR_PRP_OR_LL_RESULT_AND_NO_ACTIVE_GIMPS_ASSIGNMENT,2026-08-09T09:12:31+00:00,UNALLOCATED,,,,,
SLCMP2607-3999,3999,3999,794200633,2^794200633-1,STRUCTURAL_SCREEN_EXHAUSTED_PRIMALITY_UNASSIGNED,GF3A_DIRECTIONAL_WRITE_EXHAUSTED_PRIMALITY_UNASSIGNED,513,512,512,NO_RECORDED_FACTOR_PRP_OR_LL_RESULT_AND_NO_ACTIVE_GIMPS_ASSIGNMENT,2026-08-09T09:12:31+00:00,UNALLOCATED,,,,,
SLCMP2607-4000,4000,4000,794200639,2^794200639-1,STRUCTURAL_SCREEN_EXHAUSTED_PRIMALITY_UNASSIGNED,GF3A_DIRECTIONAL_WRITE_EXHAUSTED_PRIMALITY_UNASSIGNED,514,512,512,NO_RECORDED_FACTOR_PRP_OR_LL_RESULT_AND_NO_ACTIVE_GIMPS_ASSIGNMENT,2026-08-09T09:12:31+00:00,UNALLOCATED,,,,,
SLCMP2607-4001,4001,4001,794200643,2^794200643-1,STRUCTURAL_SCREEN_EXHAUSTED_PRIMALITY_UNASSIGNED,GF3A_DIRECTIONAL_WRITE_EXHAUSTED_PRIMALITY_UNASSIGNED,514,512,512,NO_RECORDED_FACTOR_PRP_OR_LL_RESULT_AND_NO_ACTIVE_GIMPS_ASSIGNMENT,2026-08-09T09:12:31+00:00,UNALLOCATED,,,,,
SLCMP2607-4002,4002,4002,794200721,2^794200721-1,STRUCTURAL_SCREEN_EXHAUSTED_PRIMALITY_UNASSIGNED,GF3A_DIRECTIONAL_WRITE_EXHAUSTED_PRIMALITY_UNASSIGNED,513,512,512,NO_RECORDED_FACTOR_PRP_OR_LL_RESULT_AND_NO_ACTIVE_GIMPS_ASSIGNMENT,2026-08-09T09:12:31+00:00,UNALLOCATED,,,,,
SLCMP2607-4003,4003,4003,794200837,2^794200837-1,STRUCTURAL_SCREEN_EXHAUSTED_PRIMALITY_UNASSIGNED,GF3A_DIRECTIONAL_WRITE_EXHAUSTED_PRIMALITY_UNASSIGNED,513,512,512,NO_RECORDED_FACTOR_PRP_OR_LL_RESULT_AND_NO_ACTIVE_GIMPS_ASSIGNMENT,2026-08-09T09:12:31+00:00,UNALLOCATED,,,,,
SLCMP2607-4004,4004,4004,794200853,2^794200853-1,STRUCTURAL_SCREEN_EXHAUSTED_PRIMALITY_UNASSIGNED,GF3A_DIRECTIONAL_WRITE_EXHAUSTED_PRIMALITY_UNASSIGNED,513,512,512,NO_RECORDED_FACTOR_PRP_OR_LL_RESULT_AND_NO_ACTIVE_GIMPS_ASSIGNMENT,2026-08-09T09:12:31+00:00,UNALLOCATED,,,,,
SLCMP2607-4005,4005,4005,794200889,2^794200889-1,STRUCTURAL_SCREEN_EXHAUSTED_PRIMALITY_UNASSIGNED,GF3A_DIRECTIONAL_WRITE_EXHAUSTED_PRIMALITY_UNASSIGNED,513,512,512,NO_RECORDED_FACTOR_PRP_OR_LL_RESULT_AND_NO_ACTIVE_GIMPS_ASSIGNMENT,2026-08-09T09:12:31+00:00,UNALLOCATED,,,,,
SLCMP2607-4006,4006,4006,794200921,2^794200921-1,STRUCTURAL_SCREEN_EXHAUSTED_PRIMALITY_UNASSIGNED,GF3A_DIRECTIONAL_WRITE_EXHAUSTED_PRIMALITY_UNASSIGNED,513,512,512,NO_RECORDED_FACTOR_PRP_OR_LL_RESULT_AND_NO_ACTIVE_GIMPS_ASSIGNMENT,2026-08-09T09:12:31+00:00,UNALLOCATED,,,,,
SLCMP2607-4007,4007,4007,794200937,2^794200937-1,STRUCTURAL_SCREEN_EXHAUSTED_PRIMALITY_UNASSIGNED,GF3A_DIRECTIONAL_WRITE_EXHAUSTED_PRIMALITY_UNASSIGNED,513,512,512,NO_RECORDED_FACTOR_PRP_OR_LL_RESULT_AND_NO_ACTIVE_GIMPS_ASSIGNMENT,2026-08-09T09:12:31+00:00,UNALLOCATED,,,,,
SLCMP2607-4008,4008,4008,794200987,2^794200987-1,STRUCTURAL_SCREEN_EXHAUSTED_PRIMALITY_UNASSIGNED,GF3A_DIRECTIONAL_WRITE_EXHAUSTED_PRIMALITY_UNASSIGNED,514,512,512,NO_RECORDED_FACTOR_PRP_OR_LL_RESULT_AND_NO_ACTIVE_GIMPS_ASSIGNMENT,2026-08-09T09:12:31+00:00,UNALLOCATED,,,,,
SLCMP2607-4009,4009,4009,794200991,2^794200991-1,STRUCTURAL_SCREEN_EXHAUSTED_PRIMALITY_UNASSIGNED,GF3A_DIRECTIONAL_WRITE_EXHAUSTED_PRIMALITY_UNASSIGNED,514,512,512,NO_RECORDED_FACTOR_PRP_OR_LL_RESULT_AND_NO_ACTIVE_GIMPS_ASSIGNMENT,2026-08-09T09:12:31+00:00,UNALLOCATED,,,,,
SLCMP2607-4010,4010,4010,794201033,2^794201033-1,STRUCTURAL_SCREEN_EXHAUSTED_PRIMALITY_UNASSIGNED,GF3A_DIRECTIONAL_WRITE_EXHAUSTED_PRIMALITY_UNASSIGNED,513,512,512,NO_RECORDED_FACTOR_PRP_OR_LL_RESULT_AND_NO_ACTIVE_GIMPS_ASSIGNMENT,2026-08-09T09:12:31+00:00,UNALLOCATED,,,,,
SLCMP2607-4011,4011,4011,794201081,2^794201081-1,STRUCTURAL_SCREEN_EXHAUSTED_PRIMALITY_UNASSIGNED,GF3A_DIRECTIONAL_WRITE_EXHAUSTED_PRIMALITY_UNASSIGNED,513,512,512,NO_RECORDED_FACTOR_PRP_OR_LL_RESULT_AND_NO_ACTIVE_GIMPS_ASSIGNMENT,2026-08-09T09:12:31+00:00,UNALLOCATED,,,,,
SLCMP2607-4012,4012,4012,794201143,2^794201143-1,STRUCTURAL_SCREEN_EXHAUSTED_PRIMALITY_UNASSIGNED,GF3A_DIRECTIONAL_WRITE_EXHAUSTED_PRIMALITY_UNASSIGNED,514,512,512,NO_RECORDED_FACTOR_PRP_OR_LL_RESULT_AND_NO_ACTIVE_GIMPS_ASSIGNMENT,2026-08-09T09:12:31+00:00,UNALLOCATED,,,,,
SLCMP2607-4013,4013,4013,794201147,2^794201147-1,STRUCTURAL_SCREEN_EXHAUSTED_PRIMALITY_UNASSIGNED,GF3A_DIRECTIONAL_WRITE_EXHAUSTED_PRIMALITY_UNASSIGNED,514,512,512,NO_RECORDED_FACTOR_PRP_OR_LL_RESULT_AND_NO_ACTIVE_GIMPS_ASSIGNMENT,2026-08-09T09:12:31+00:00,UNALLOCATED,,,,,
SLCMP2607-4014,4014,4014,794201179,2^794201179-1,STRUCTURAL_SCREEN_EXHAUSTED_PRIMALITY_UNASSIGNED,GF3A_DIRECTIONAL_WRITE_EXHAUSTED_PRIMALITY_UNASSIGNED,514,512,512,NO_RECORDED_FACTOR_PRP_OR_LL_RESULT_AND_NO_ACTIVE_GIMPS_ASSIGNMENT,2026-08-09T09:12:31+00:00,UNALLOCATED,,,,,
SLCMP2607-4015,4015,4015,794201207,2^794201207-1,STRUCTURAL_SCREEN_EXHAUSTED_PRIMALITY_UNASSIGNED,GF3A_DIRECTIONAL_WRITE_EXHAUSTED_PRIMALITY_UNASSIGNED,514,512,512,NO_RECORDED_FACTOR_PRP_OR_LL_RESULT_AND_NO_ACTIVE_GIMPS_ASSIGNMENT,2026-08-09T09:12:31+00:00,UNALLOCATED,,,,,
SLCMP2607-4016,4016,4016,794201329,2^794201329-1,STRUCTURAL_SCREEN_EXHAUSTED_PRIMALITY_UNASSIGNED,GF3A_DIRECTIONAL_WRITE_EXHAUSTED_PRIMALITY_UNASSIGNED,513,512,512,NO_RECORDED_FACTOR_PRP_OR_LL_RESULT_AND_NO_ACTIVE_GIMPS_ASSIGNMENT,2026-08-09T09:12:31+00:00,UNALLOCATED,,,,,
SLCMP2607-4017,4017,4017,794201407,2^794201407-1,STRUCTURAL_SCREEN_EXHAUSTED_PRIMALITY_UNASSIGNED,GF3A_DIRECTIONAL_WRITE_EXHAUSTED_PRIMALITY_UNASSIGNED,514,512,512,NO_RECORDED_FACTOR_PRP_OR_LL_RESULT_AND_NO_ACTIVE_GIMPS_ASSIGNMENT,2026-08-09T09:12:31+00:00,UNALLOCATED,,,,,
SLCMP2607-4018,4018,4018,794201483,2^794201483-1,STRUCTURAL_SCREEN_EXHAUSTED_PRIMALITY_UNASSIGNED,GF3A_DIRECTIONAL_WRITE_EXHAUSTED_PRIMALITY_UNASSIGNED,514,512,512,NO_RECORDED_FACTOR_PRP_OR_LL_RESULT_AND_NO_ACTIVE_GIMPS_ASSIGNMENT,2026-08-09T09:12:31+00:00,UNALLOCATED,,,,,
SLCMP2607-4019,4019,4019,794201561,2^794201561-1,STRUCTURAL_SCREEN_EXHAUSTED_PRIMALITY_UNASSIGNED,GF3A_DIRECTIONAL_WRITE_EXHAUSTED_PRIMALITY_UNASSIGNED,513,512,512,NO_RECORDED_FACTOR_PRP_OR_LL_RESULT_AND_NO_ACTIVE_GIMPS_ASSIGNMENT,2026-08-09T09:12:31+00:00,UNALLOCATED,,,,,
SLCMP2607-4020,4020,4020,794201593,2^794201593-1,STRUCTURAL_SCREEN_EXHAUSTED_PRIMALITY_UNASSIGNED,GF3A_DIRECTIONAL_WRITE_EXHAUSTED_PRIMALITY_UNASSIGNED,513,512,512,NO_RECORDED_FACTOR_PRP_OR_LL_RESULT_AND_NO_ACTIVE_GIMPS_ASSIGNMENT,2026-08-09T09:12:31+00:00,UNALLOCATED,,,,,
SLCMP2607-4021,4021,4021,794201711,2^794201711-1,STRUCTURAL_SCREEN_EXHAUSTED_PRIMALITY_UNASSIGNED,GF3A_DIRECTIONAL_WRITE_EXHAUSTED_PRIMALITY_UNASSIGNED,514,512,512,NO_RECORDED_FACTOR_PRP_OR_LL_RESULT_AND_NO_ACTIVE_GIMPS_ASSIGNMENT,2026-08-09T09:12:31+00:00,UNALLOCATED,,,,,
SLCMP2607-4022,4022,4022,794201797,2^794201797-1,STRUCTURAL_SCREEN_EXHAUSTED_PRIMALITY_UNASSIGNED,GF3A_DIRECTIONAL_WRITE_EXHAUSTED_PRIMALITY_UNASSIGNED,513,512,512,NO_RECORDED_FACTOR_PRP_OR_LL_RESULT_AND_NO_ACTIVE_GIMPS_ASSIGNMENT,2026-08-09T09:12:31+00:00,UNALLOCATED,,,,,
SLCMP2607-4023,4023,4023,794201833,2^794201833-1,STRUCTURAL_SCREEN_EXHAUSTED_PRIMALITY_UNASSIGNED,GF3A_DIRECTIONAL_WRITE_EXHAUSTED_PRIMALITY_UNASSIGNED,513,512,512,NO_RECORDED_FACTOR_PRP_OR_LL_RESULT_AND_NO_ACTIVE_GIMPS_ASSIGNMENT,2026-08-09T09:12:31+00:00,UNALLOCATED,,,,,
SLCMP2607-4024,4024,4024,794201839,2^794201839-1,STRUCTURAL_SCREEN_EXHAUSTED_PRIMALITY_UNASSIGNED,GF3A_DIRECTIONAL_WRITE_EXHAUSTED_PRIMALITY_UNASSIGNED,514,512,512,NO_RECORDED_FACTOR_PRP_OR_LL_RESULT_AND_NO_ACTIVE_GIMPS_ASSIGNMENT,2026-08-09T09:12:31+00:00,UNALLOCATED,,,,,
SLCMP2607-4025,4025,4025,794201879,2^794201879-1,STRUCTURAL_SCREEN_EXHAUSTED_PRIMALITY_UNASSIGNED,GF3A_DIRECTIONAL_WRITE_EXHAUSTED_PRIMALITY_UNASSIGNED,514,512,512,NO_RECORDED_FACTOR_PRP_OR_LL_RESULT_AND_NO_ACTIVE_GIMPS_ASSIGNMENT,2026-08-09T09:12:31+00:00,UNALLOCATED,,,,,
SLCMP2607-4026,4026,4026,794201893,2^794201893-1,STRUCTURAL_SCREEN_EXHAUSTED_PRIMALITY_UNASSIGNED,GF3A_DIRECTIONAL_WRITE_EXHAUSTED_PRIMALITY_UNASSIGNED,513,512,512,NO_RECORDED_FACTOR_PRP_OR_LL_RESULT_AND_NO_ACTIVE_GIMPS_ASSIGNMENT,2026-08-09T09:12:31+00:00,UNALLOCATED,,,,,
SLCMP2607-4027,4027,4027,794201899,2^794201899-1,STRUCTURAL_SCREEN_EXHAUSTED_PRIMALITY_UNASSIGNED,GF3A_DIRECTIONAL_WRITE_EXHAUSTED_PRIMALITY_UNASSIGNED,514,512,512,NO_RECORDED_FACTOR_PRP_OR_LL_RESULT_AND_NO_ACTIVE_GIMPS_ASSIGNMENT,2026-08-09T09:12:31+00:00,UNALLOCATED,,,,,
SLCMP2607-4028,4028,4028,794201977,2^794201977-1,STRUCTURAL_SCREEN_EXHAUSTED_PRIMALITY_UNASSIGNED,GF3A_DIRECTIONAL_WRITE_EXHAUSTED_PRIMALITY_UNASSIGNED,513,512,512,NO_RECORDED_FACTOR_PRP_OR_LL_RESULT_AND_NO_ACTIVE_GIMPS_ASSIGNMENT,2026-08-09T09:12:31+00:00,UNALLOCATED,,,,,
SLCMP2607-4029,4029,4029,794201981,2^794201981-1,STRUCTURAL_SCREEN_EXHAUSTED_PRIMALITY_UNASSIGNED,GF3A_DIRECTIONAL_WRITE_EXHAUSTED_PRIMALITY_UNASSIGNED,513,512,512,NO_RECORDED_FACTOR_PRP_OR_LL_RESULT_AND_NO_ACTIVE_GIMPS_ASSIGNMENT,2026-08-09T09:12:31+00:00,UNALLOCATED,,,,,
SLCMP2607-4030,4030,4030,794202011,2^794202011-1,STRUCTURAL_SCREEN_EXHAUSTED_PRIMALITY_UNASSIGNED,GF3A_DIRECTIONAL_WRITE_EXHAUSTED_PRIMALITY_UNASSIGNED,514,512,512,NO_RECORDED_FACTOR_PRP_OR_LL_RESULT_AND_NO_ACTIVE_GIMPS_ASSIGNMENT,2026-08-09T09:12:31+00:00,UNALLOCATED,,,,,
SLCMP2607-4031,4031,4031,794202083,2^794202083-1,STRUCTURAL_SCREEN_EXHAUSTED_PRIMALITY_UNASSIGNED,GF3A_DIRECTIONAL_WRITE_EXHAUSTED_PRIMALITY_UNASSIGNED,514,512,512,NO_RECORDED_FACTOR_PRP_OR_LL_RESULT_AND_NO_ACTIVE_GIMPS_ASSIGNMENT,2026-08-09T09:12:31+00:00,UNALLOCATED,,,,,
SLCMP2607-4032,4032,4032,794202163,2^794202163-1,STRUCTURAL_SCREEN_EXHAUSTED_PRIMALITY_UNASSIGNED,GF3A_DIRECTIONAL_WRITE_EXHAUSTED_PRIMALITY_UNASSIGNED,514,512,512,NO_RECORDED_FACTOR_PRP_OR_LL_RESULT_AND_NO_ACTIVE_GIMPS_ASSIGNMENT,2026-08-09T09:12:31+00:00,UNALLOCATED,,,,,
SLCMP2607-4033,4033,4033,794202179,2^794202179-1,STRUCTURAL_SCREEN_EXHAUSTED_PRIMALITY_UNASSIGNED,GF3A_DIRECTIONAL_WRITE_EXHAUSTED_PRIMALITY_UNASSIGNED,514,512,512,NO_RECORDED_FACTOR_PRP_OR_LL_RESULT_AND_NO_ACTIVE_GIMPS_ASSIGNMENT,2026-08-09T09:12:31+00:00,UNALLOCATED,,,,,
SLCMP2607-4034,4034,4034,794202251,2^794202251-1,STRUCTURAL_SCREEN_EXHAUSTED_PRIMALITY_UNASSIGNED,GF3A_DIRECTIONAL_WRITE_EXHAUSTED_PRIMALITY_UNASSIGNED,514,512,512,NO_RECORDED_FACTOR_PRP_OR_LL_RESULT_AND_NO_ACTIVE_GIMPS_ASSIGNMENT,2026-08-09T09:12:31+00:00,UNALLOCATED,,,,,
SLCMP2607-4035,4035,4035,794202271,2^794202271-1,STRUCTURAL_SCREEN_EXHAUSTED_PRIMALITY_UNASSIGNED,GF3A_DIRECTIONAL_WRITE_EXHAUSTED_PRIMALITY_UNASSIGNED,514,512,512,NO_RECORDED_FACTOR_PRP_OR_LL_RESULT_AND_NO_ACTIVE_GIMPS_ASSIGNMENT,2026-08-09T09:12:31+00:00,UNALLOCATED,,,,,
SLCMP2607-4036,4036,4036,794202281,2^794202281-1,STRUCTURAL_SCREEN_EXHAUSTED_PRIMALITY_UNASSIGNED,GF3A_DIRECTIONAL_WRITE_EXHAUSTED_PRIMALITY_UNASSIGNED,513,512,512,NO_RECORDED_FACTOR_PRP_OR_LL_RESULT_AND_NO_ACTIVE_GIMPS_ASSIGNMENT,2026-08-09T09:12:31+00:00,UNALLOCATED,,,,,
SLCMP2607-4037,4037,4037,794202329,2^794202329-1,STRUCTURAL_SCREEN_EXHAUSTED_PRIMALITY_UNASSIGNED,GF3A_DIRECTIONAL_WRITE_EXHAUSTED_PRIMALITY_UNASSIGNED,513,512,512,NO_RECORDED_FACTOR_PRP_OR_LL_RESULT_AND_NO_ACTIVE_GIMPS_ASSIGNMENT,2026-08-09T09:12:31+00:00,UNALLOCATED,,,,,
SLCMP2607-4038,4038,4038,794202623,2^794202623-1,STRUCTURAL_SCREEN_EXHAUSTED_PRIMALITY_UNASSIGNED,GF3A_DIRECTIONAL_WRITE_EXHAUSTED_PRIMALITY_UNASSIGNED,514,512,512,NO_RECORDED_FACTOR_PRP_OR_LL_RESULT_AND_NO_ACTIVE_GIMPS_ASSIGNMENT,2026-08-09T09:12:31+00:00,UNALLOCATED,,,,,
SLCMP2607-4039,4039,4039,794202751,2^794202751-1,STRUCTURAL_SCREEN_EXHAUSTED_PRIMALITY_UNASSIGNED,GF3A_DIRECTIONAL_WRITE_EXHAUSTED_PRIMALITY_UNASSIGNED,514,512,512,NO_RECORDED_FACTOR_PRP_OR_LL_RESULT_AND_NO_ACTIVE_GIMPS_ASSIGNMENT,2026-08-09T09:12:31+00:00,UNALLOCATED,,,,,
SLCMP2607-4040,4040,4040,794202853,2^794202853-1,STRUCTURAL_SCREEN_EXHAUSTED_PRIMALITY_UNASSIGNED,GF3A_DIRECTIONAL_WRITE_EXHAUSTED_PRIMALITY_UNASSIGNED,513,512,512,NO_RECORDED_FACTOR_PRP_OR_LL_RESULT_AND_NO_ACTIVE_GIMPS_ASSIGNMENT,2026-08-09T09:12:31+00:00,UNALLOCATED,,,,,
SLCMP2607-4041,4041,4041,794202881,2^794202881-1,STRUCTURAL_SCREEN_EXHAUSTED_PRIMALITY_UNASSIGNED,GF3A_DIRECTIONAL_WRITE_EXHAUSTED_PRIMALITY_UNASSIGNED,513,512,512,NO_RECORDED_FACTOR_PRP_OR_LL_RESULT_AND_NO_ACTIVE_GIMPS_ASSIGNMENT,2026-08-09T09:12:31+00:00,UNALLOCATED,,,,,
SLCMP2607-4042,4042,4042,794202931,2^794202931-1,STRUCTURAL_SCREEN_EXHAUSTED_PRIMALITY_UNASSIGNED,GF3A_DIRECTIONAL_WRITE_EXHAUSTED_PRIMALITY_UNASSIGNED,514,512,512,NO_RECORDED_FACTOR_PRP_OR_LL_RESULT_AND_NO_ACTIVE_GIMPS_ASSIGNMENT,2026-08-09T09:12:31+00:00,UNALLOCATED,,,,,
SLCMP2607-4043,4043,4043,794202977,2^794202977-1,STRUCTURAL_SCREEN_EXHAUSTED_PRIMALITY_UNASSIGNED,GF3A_DIRECTIONAL_WRITE_EXHAUSTED_PRIMALITY_UNASSIGNED,513,512,512,NO_RECORDED_FACTOR_PRP_OR_LL_RESULT_AND_NO_ACTIVE_GIMPS_ASSIGNMENT,2026-08-09T09:12:31+00:00,UNALLOCATED,,,,,
SLCMP2607-4044,4044,4044,794203001,2^794203001-1,STRUCTURAL_SCREEN_EXHAUSTED_PRIMALITY_UNASSIGNED,GF3A_DIRECTIONAL_WRITE_EXHAUSTED_PRIMALITY_UNASSIGNED,513,512,512,NO_RECORDED_FACTOR_PRP_OR_LL_RESULT_AND_NO_ACTIVE_GIMPS_ASSIGNMENT,2026-08-09T09:12:31+00:00,UNALLOCATED,,,,,
SLCMP2607-4045,4045,4045,794203213,2^794203213-1,STRUCTURAL_SCREEN_EXHAUSTED_PRIMALITY_UNASSIGNED,GF3A_DIRECTIONAL_WRITE_EXHAUSTED_PRIMALITY_UNASSIGNED,513,512,512,NO_RECORDED_FACTOR_PRP_OR_LL_RESULT_AND_NO_ACTIVE_GIMPS_ASSIGNMENT,2026-08-09T09:12:31+00:00,UNALLOCATED,,,,,
SLCMP2607-4046,4046,4046,794203279,2^794203279-1,STRUCTURAL_SCREEN_EXHAUSTED_PRIMALITY_UNASSIGNED,GF3A_DIRECTIONAL_WRITE_EXHAUSTED_PRIMALITY_UNASSIGNED,514,512,512,NO_RECORDED_FACTOR_PRP_OR_LL_RESULT_AND_NO_ACTIVE_GIMPS_ASSIGNMENT,2026-08-09T09:12:31+00:00,UNALLOCATED,,,,,
SLCMP2607-4047,4047,4047,794203387,2^794203387-1,STRUCTURAL_SCREEN_EXHAUSTED_PRIMALITY_UNASSIGNED,GF3A_DIRECTIONAL_WRITE_EXHAUSTED_PRIMALITY_UNASSIGNED,514,512,512,NO_RECORDED_FACTOR_PRP_OR_LL_RESULT_AND_NO_ACTIVE_GIMPS_ASSIGNMENT,2026-08-09T09:12:31+00:00,UNALLOCATED,,,,,
SLCMP2607-4048,4048,4048,794203393,2^794203393-1,STRUCTURAL_SCREEN_EXHAUSTED_PRIMALITY_UNASSIGNED,GF3A_DIRECTIONAL_WRITE_EXHAUSTED_PRIMALITY_UNASSIGNED,513,512,512,NO_RECORDED_FACTOR_PRP_OR_LL_RESULT_AND_NO_ACTIVE_GIMPS_ASSIGNMENT,2026-08-09T09:12:31+00:00,UNALLOCATED,,,,,
SLCMP2607-4049,4049,4049,794203471,2^794203471-1,STRUCTURAL_SCREEN_EXHAUSTED_PRIMALITY_UNASSIGNED,GF3A_DIRECTIONAL_WRITE_EXHAUSTED_PRIMALITY_UNASSIGNED,514,512,512,NO_RECORDED_FACTOR_PRP_OR_LL_RESULT_AND_NO_ACTIVE_GIMPS_ASSIGNMENT,2026-08-09T09:12:31+00:00,UNALLOCATED,,,,,
SLCMP2607-4050,4050,4050,794203513,2^794203513-1,STRUCTURAL_SCREEN_EXHAUSTED_PRIMALITY_UNASSIGNED,GF3A_DIRECTIONAL_WRITE_EXHAUSTED_PRIMALITY_UNASSIGNED,513,512,512,NO_RECORDED_FACTOR_PRP_OR_LL_RESULT_AND_NO_ACTIVE_GIMPS_ASSIGNMENT,2026-08-09T09:12:31+00:00,UNALLOCATED,,,,,
SLCMP2607-4051,4051,4051,794203589,2^794203589-1,STRUCTURAL_SCREEN_EXHAUSTED_PRIMALITY_UNASSIGNED,GF3A_DIRECTIONAL_WRITE_EXHAUSTED_PRIMALITY_UNASSIGNED,513,512,512,NO_RECORDED_FACTOR_PRP_OR_LL_RESULT_AND_NO_ACTIVE_GIMPS_ASSIGNMENT,2026-08-09T09:12:31+00:00,UNALLOCATED,,,,,
SLCMP2607-4052,4052,4052,794203621,2^794203621-1,STRUCTURAL_SCREEN_EXHAUSTED_PRIMALITY_UNASSIGNED,GF3A_DIRECTIONAL_WRITE_EXHAUSTED_PRIMALITY_UNASSIGNED,513,512,512,NO_RECORDED_FACTOR_PRP_OR_LL_RESULT_AND_NO_ACTIVE_GIMPS_ASSIGNMENT,2026-08-09T09:12:31+00:00,UNALLOCATED,,,,,
SLCMP2607-4053,4053,4053,794203651,2^794203651-1,STRUCTURAL_SCREEN_EXHAUSTED_PRIMALITY_UNASSIGNED,GF3A_DIRECTIONAL_WRITE_EXHAUSTED_PRIMALITY_UNASSIGNED,514,512,512,NO_RECORDED_FACTOR_PRP_OR_LL_RESULT_AND_NO_ACTIVE_GIMPS_ASSIGNMENT,2026-08-09T09:12:31+00:00,UNALLOCATED,,,,,
SLCMP2607-4054,4054,4054,794203673,2^794203673-1,STRUCTURAL_SCREEN_EXHAUSTED_PRIMALITY_UNASSIGNED,GF3A_DIRECTIONAL_WRITE_EXHAUSTED_PRIMALITY_UNASSIGNED,513,512,512,NO_RECORDED_FACTOR_PRP_OR_LL_RESULT_AND_NO_ACTIVE_GIMPS_ASSIGNMENT,2026-08-09T09:12:31+00:00,UNALLOCATED,,,,,
SLCMP2607-4055,4055,4055,794203747,2^794203747-1,STRUCTURAL_SCREEN_EXHAUSTED_PRIMALITY_UNASSIGNED,GF3A_DIRECTIONAL_WRITE_EXHAUSTED_PRIMALITY_UNASSIGNED,514,512,512,NO_RECORDED_FACTOR_PRP_OR_LL_RESULT_AND_NO_ACTIVE_GIMPS_ASSIGNMENT,2026-08-09T09:12:31+00:00,UNALLOCATED,,,,,
SLCMP2607-4056,4056,4056,794203873,2^794203873-1,STRUCTURAL_SCREEN_EXHAUSTED_PRIMALITY_UNASSIGNED,GF3A_DIRECTIONAL_WRITE_EXHAUSTED_PRIMALITY_UNASSIGNED,513,512,512,NO_RECORDED_FACTOR_PRP_OR_LL_RESULT_AND_NO_ACTIVE_GIMPS_ASSIGNMENT,2026-08-09T09:12:31+00:00,UNALLOCATED,,,,,
SLCMP2607-4057,4057,4057,794203903,2^794203903-1,STRUCTURAL_SCREEN_EXHAUSTED_PRIMALITY_UNASSIGNED,GF3A_DIRECTIONAL_WRITE_EXHAUSTED_PRIMALITY_UNASSIGNED,514,512,512,NO_RECORDED_FACTOR_PRP_OR_LL_RESULT_AND_NO_ACTIVE_GIMPS_ASSIGNMENT,2026-08-09T09:12:31+00:00,UNALLOCATED,,,,,
SLCMP2607-4058,4058,4058,794204027,2^794204027-1,STRUCTURAL_SCREEN_EXHAUSTED_PRIMALITY_UNASSIGNED,GF3A_DIRECTIONAL_WRITE_EXHAUSTED_PRIMALITY_UNASSIGNED,514,512,512,NO_RECORDED_FACTOR_PRP_OR_LL_RESULT_AND_NO_ACTIVE_GIMPS_ASSIGNMENT,2026-08-09T09:12:31+00:00,UNALLOCATED,,,,,
SLCMP2607-4059,4059,4059,794204041,2^794204041-1,STRUCTURAL_SCREEN_EXHAUSTED_PRIMALITY_UNASSIGNED,GF3A_DIRECTIONAL_WRITE_EXHAUSTED_PRIMALITY_UNASSIGNED,513,512,512,NO_RECORDED_FACTOR_PRP_OR_LL_RESULT_AND_NO_ACTIVE_GIMPS_ASSIGNMENT,2026-08-09T09:12:31+00:00,UNALLOCATED,,,,,
SLCMP2607-4060,4060,4060,794204077,2^794204077-1,STRUCTURAL_SCREEN_EXHAUSTED_PRIMALITY_UNASSIGNED,GF3A_DIRECTIONAL_WRITE_EXHAUSTED_PRIMALITY_UNASSIGNED,513,512,512,NO_RECORDED_FACTOR_PRP_OR_LL_RESULT_AND_NO_ACTIVE_GIMPS_ASSIGNMENT,2026-08-09T09:12:31+00:00,UNALLOCATED,,,,,
SLCMP2607-4061,4061,4061,794204171,2^794204171-1,STRUCTURAL_SCREEN_EXHAUSTED_PRIMALITY_UNASSIGNED,GF3A_DIRECTIONAL_WRITE_EXHAUSTED_PRIMALITY_UNASSIGNED,514,512,512,NO_RECORDED_FACTOR_PRP_OR_LL_RESULT_AND_NO_ACTIVE_GIMPS_ASSIGNMENT,2026-08-09T09:12:31+00:00,UNALLOCATED,,,,,
SLCMP2607-4062,4062,4062,794204287,2^794204287-1,STRUCTURAL_SCREEN_EXHAUSTED_PRIMALITY_UNASSIGNED,GF3A_DIRECTIONAL_WRITE_EXHAUSTED_PRIMALITY_UNASSIGNED,514,512,512,NO_RECORDED_FACTOR_PRP_OR_LL_RESULT_AND_NO_ACTIVE_GIMPS_ASSIGNMENT,2026-08-09T09:12:31+00:00,UNALLOCATED,,,,,
SLCMP2607-4063,4063,4063,794204339,2^794204339-1,STRUCTURAL_SCREEN_EXHAUSTED_PRIMALITY_UNASSIGNED,GF3A_DIRECTIONAL_WRITE_EXHAUSTED_PRIMALITY_UNASSIGNED,514,512,512,NO_RECORDED_FACTOR_PRP_OR_LL_RESULT_AND_NO_ACTIVE_GIMPS_ASSIGNMENT,2026-08-09T09:12:31+00:00,UNALLOCATED,,,,,
SLCMP2607-4064,4064,4064,794204377,2^794204377-1,STRUCTURAL_SCREEN_EXHAUSTED_PRIMALITY_UNASSIGNED,GF3A_DIRECTIONAL_WRITE_EXHAUSTED_PRIMALITY_UNASSIGNED,513,512,512,NO_RECORDED_FACTOR_PRP_OR_LL_RESULT_AND_NO_ACTIVE_GIMPS_ASSIGNMENT,2026-08-09T09:12:31+00:00,UNALLOCATED,,,,,
SLCMP2607-4065,4065,4065,794204381,2^794204381-1,STRUCTURAL_SCREEN_EXHAUSTED_PRIMALITY_UNASSIGNED,GF3A_DIRECTIONAL_WRITE_EXHAUSTED_PRIMALITY_UNASSIGNED,513,512,512,NO_RECORDED_FACTOR_PRP_OR_LL_RESULT_AND_NO_ACTIVE_GIMPS_ASSIGNMENT,2026-08-09T09:12:31+00:00,UNALLOCATED,,,,,
SLCMP2607-4066,4066,4066,794204387,2^794204387-1,STRUCTURAL_SCREEN_EXHAUSTED_PRIMALITY_UNASSIGNED,GF3A_DIRECTIONAL_WRITE_EXHAUSTED_PRIMALITY_UNASSIGNED,514,512,512,NO_RECORDED_FACTOR_PRP_OR_LL_RESULT_AND_NO_ACTIVE_GIMPS_ASSIGNMENT,2026-08-09T09:12:31+00:00,UNALLOCATED,,,,,
SLCMP2607-4067,4067,4067,794204441,2^794204441-1,STRUCTURAL_SCREEN_EXHAUSTED_PRIMALITY_UNASSIGNED,GF3A_DIRECTIONAL_WRITE_EXHAUSTED_PRIMALITY_UNASSIGNED,513,512,512,NO_RECORDED_FACTOR_PRP_OR_LL_RESULT_AND_NO_ACTIVE_GIMPS_ASSIGNMENT,2026-08-09T09:12:31+00:00,UNALLOCATED,,,,,
SLCMP2607-4068,4068,4068,794204483,2^794204483-1,STRUCTURAL_SCREEN_EXHAUSTED_PRIMALITY_UNASSIGNED,GF3A_DIRECTIONAL_WRITE_EXHAUSTED_PRIMALITY_UNASSIGNED,514,512,512,NO_RECORDED_FACTOR_PRP_OR_LL_RESULT_AND_NO_ACTIVE_GIMPS_ASSIGNMENT,2026-08-09T09:12:31+00:00,UNALLOCATED,,,,,
SLCMP2607-4069,4069,4069,794204569,2^794204569-1,STRUCTURAL_SCREEN_EXHAUSTED_PRIMALITY_UNASSIGNED,GF3A_DIRECTIONAL_WRITE_EXHAUSTED_PRIMALITY_UNASSIGNED,513,512,512,NO_RECORDED_FACTOR_PRP_OR_LL_RESULT_AND_NO_ACTIVE_GIMPS_ASSIGNMENT,2026-08-09T09:12:31+00:00,UNALLOCATED,,,,,
SLCMP2607-4070,4070,4070,794204581,2^794204581-1,STRUCTURAL_SCREEN_EXHAUSTED_PRIMALITY_UNASSIGNED,GF3A_DIRECTIONAL_WRITE_EXHAUSTED_PRIMALITY_UNASSIGNED,513,512,512,NO_RECORDED_FACTOR_PRP_OR_LL_RESULT_AND_NO_ACTIVE_GIMPS_ASSIGNMENT,2026-08-09T09:12:31+00:00,UNALLOCATED,,,,,
SLCMP2607-4071,4071,4071,794204591,2^794204591-1,STRUCTURAL_SCREEN_EXHAUSTED_PRIMALITY_UNASSIGNED,GF3A_DIRECTIONAL_WRITE_EXHAUSTED_PRIMALITY_UNASSIGNED,514,512,512,NO_RECORDED_FACTOR_PRP_OR_LL_RESULT_AND_NO_ACTIVE_GIMPS_ASSIGNMENT,2026-08-09T09:12:31+00:00,UNALLOCATED,,,,,
SLCMP2607-4072,4072,4072,794204659,2^794204659-1,STRUCTURAL_SCREEN_EXHAUSTED_PRIMALITY_UNASSIGNED,GF3A_DIRECTIONAL_WRITE_EXHAUSTED_PRIMALITY_UNASSIGNED,514,512,512,NO_RECORDED_FACTOR_PRP_OR_LL_RESULT_AND_NO_ACTIVE_GIMPS_ASSIGNMENT,2026-08-09T09:12:31+00:00,UNALLOCATED,,,,,
SLCMP2607-4073,4073,4073,794204687,2^794204687-1,STRUCTURAL_SCREEN_EXHAUSTED_PRIMALITY_UNASSIGNED,GF3A_DIRECTIONAL_WRITE_EXHAUSTED_PRIMALITY_UNASSIGNED,514,512,512,NO_RECORDED_FACTOR_PRP_OR_LL_RESULT_AND_NO_ACTIVE_GIMPS_ASSIGNMENT,2026-08-09T09:12:31+00:00,UNALLOCATED,,,,,
SLCMP2607-4074,4074,4074,794204707,2^794204707-1,STRUCTURAL_SCREEN_EXHAUSTED_PRIMALITY_UNASSIGNED,GF3A_DIRECTIONAL_WRITE_EXHAUSTED_PRIMALITY_UNASSIGNED,514,512,512,NO_RECORDED_FACTOR_PRP_OR_LL_RESULT_AND_NO_ACTIVE_GIMPS_ASSIGNMENT,2026-08-09T09:12:31+00:00,UNALLOCATED,,,,,
SLCMP2607-4075,4075,4075,794204777,2^794204777-1,STRUCTURAL_SCREEN_EXHAUSTED_PRIMALITY_UNASSIGNED,GF3A_DIRECTIONAL_WRITE_EXHAUSTED_PRIMALITY_UNASSIGNED,513,512,512,NO_RECORDED_FACTOR_PRP_OR_LL_RESULT_AND_NO_ACTIVE_GIMPS_ASSIGNMENT,2026-08-09T09:12:31+00:00,UNALLOCATED,,,,,
SLCMP2607-4076,4076,4076,794204791,2^794204791-1,STRUCTURAL_SCREEN_EXHAUSTED_PRIMALITY_UNASSIGNED,GF3A_DIRECTIONAL_WRITE_EXHAUSTED_PRIMALITY_UNASSIGNED,514,512,512,NO_RECORDED_FACTOR_PRP_OR_LL_RESULT_AND_NO_ACTIVE_GIMPS_ASSIGNMENT,2026-08-09T09:12:31+00:00,UNALLOCATED,,,,,
SLCMP2607-4077,4077,4077,794204813,2^794204813-1,STRUCTURAL_SCREEN_EXHAUSTED_PRIMALITY_UNASSIGNED,GF3A_DIRECTIONAL_WRITE_EXHAUSTED_PRIMALITY_UNASSIGNED,513,512,512,NO_RECORDED_FACTOR_PRP_OR_LL_RESULT_AND_NO_ACTIVE_GIMPS_ASSIGNMENT,2026-08-09T09:12:31+00:00,UNALLOCATED,,,,,
SLCMP2607-4078,4078,4078,794204837,2^794204837-1,STRUCTURAL_SCREEN_EXHAUSTED_PRIMALITY_UNASSIGNED,GF3A_DIRECTIONAL_WRITE_EXHAUSTED_PRIMALITY_UNASSIGNED,513,512,512,NO_RECORDED_FACTOR_PRP_OR_LL_RESULT_AND_NO_ACTIVE_GIMPS_ASSIGNMENT,2026-08-09T09:12:31+00:00,UNALLOCATED,,,,,
SLCMP2607-4079,4079,4079,794204849,2^794204849-1,STRUCTURAL_SCREEN_EXHAUSTED_PRIMALITY_UNASSIGNED,GF3A_DIRECTIONAL_WRITE_EXHAUSTED_PRIMALITY_UNASSIGNED,513,512,512,NO_RECORDED_FACTOR_PRP_OR_LL_RESULT_AND_NO_ACTIVE_GIMPS_ASSIGNMENT,2026-08-09T09:12:31+00:00,UNALLOCATED,,,,,
SLCMP2607-4080,4080,4080,794204897,2^794204897-1,STRUCTURAL_SCREEN_EXHAUSTED_PRIMALITY_UNASSIGNED,GF3A_DIRECTIONAL_WRITE_EXHAUSTED_PRIMALITY_UNASSIGNED,513,512,512,NO_RECORDED_FACTOR_PRP_OR_LL_RESULT_AND_NO_ACTIVE_GIMPS_ASSIGNMENT,2026-08-09T09:12:31+00:00,UNALLOCATED,,,,,
SLCMP2607-4081,4081,4081,794204899,2^794204899-1,STRUCTURAL_SCREEN_EXHAUSTED_PRIMALITY_UNASSIGNED,GF3A_DIRECTIONAL_WRITE_EXHAUSTED_PRIMALITY_UNASSIGNED,514,512,512,NO_RECORDED_FACTOR_PRP_OR_LL_RESULT_AND_NO_ACTIVE_GIMPS_ASSIGNMENT,2026-08-09T09:12:31+00:00,UNALLOCATED,,,,,
SLCMP2607-4082,4082,4082,794204977,2^794204977-1,STRUCTURAL_SCREEN_EXHAUSTED_PRIMALITY_UNASSIGNED,GF3A_DIRECTIONAL_WRITE_EXHAUSTED_PRIMALITY_UNASSIGNED,513,512,512,NO_RECORDED_FACTOR_PRP_OR_LL_RESULT_AND_NO_ACTIVE_GIMPS_ASSIGNMENT,2026-08-09T09:12:31+00:00,UNALLOCATED,,,,,
SLCMP2607-4083,4083,4083,794204987,2^794204987-1,STRUCTURAL_SCREEN_EXHAUSTED_PRIMALITY_UNASSIGNED,GF3A_DIRECTIONAL_WRITE_EXHAUSTED_PRIMALITY_UNASSIGNED,514,512,512,NO_RECORDED_FACTOR_PRP_OR_LL_RESULT_AND_NO_ACTIVE_GIMPS_ASSIGNMENT,2026-08-09T09:12:31+00:00,UNALLOCATED,,,,,
SLCMP2607-4084,4084,4084,794204989,2^794204989-1,STRUCTURAL_SCREEN_EXHAUSTED_PRIMALITY_UNASSIGNED,GF3A_DIRECTIONAL_WRITE_EXHAUSTED_PRIMALITY_UNASSIGNED,513,512,512,NO_RECORDED_FACTOR_PRP_OR_LL_RESULT_AND_NO_ACTIVE_GIMPS_ASSIGNMENT,2026-08-09T09:12:31+00:00,UNALLOCATED,,,,,
SLCMP2607-4085,4085,4085,794205011,2^794205011-1,STRUCTURAL_SCREEN_EXHAUSTED_PRIMALITY_UNASSIGNED,GF3A_DIRECTIONAL_WRITE_EXHAUSTED_PRIMALITY_UNASSIGNED,514,512,512,NO_RECORDED_FACTOR_PRP_OR_LL_RESULT_AND_NO_ACTIVE_GIMPS_ASSIGNMENT,2026-08-09T09:12:31+00:00,UNALLOCATED,,,,,
SLCMP2607-4086,4086,4086,794205059,2^794205059-1,STRUCTURAL_SCREEN_EXHAUSTED_PRIMALITY_UNASSIGNED,GF3A_DIRECTIONAL_WRITE_EXHAUSTED_PRIMALITY_UNASSIGNED,514,512,512,NO_RECORDED_FACTOR_PRP_OR_LL_RESULT_AND_NO_ACTIVE_GIMPS_ASSIGNMENT,2026-08-09T09:12:31+00:00,UNALLOCATED,,,,,
SLCMP2607-4087,4087,4087,794205173,2^794205173-1,STRUCTURAL_SCREEN_EXHAUSTED_PRIMALITY_UNASSIGNED,GF3A_DIRECTIONAL_WRITE_EXHAUSTED_PRIMALITY_UNASSIGNED,513,512,512,NO_RECORDED_FACTOR_PRP_OR_LL_RESULT_AND_NO_ACTIVE_GIMPS_ASSIGNMENT,2026-08-09T09:12:31+00:00,UNALLOCATED,,,,,
SLCMP2607-4088,4088,4088,794205221,2^794205221-1,STRUCTURAL_SCREEN_EXHAUSTED_PRIMALITY_UNASSIGNED,GF3A_DIRECTIONAL_WRITE_EXHAUSTED_PRIMALITY_UNASSIGNED,513,512,512,NO_RECORDED_FACTOR_PRP_OR_LL_RESULT_AND_NO_ACTIVE_GIMPS_ASSIGNMENT,2026-08-09T09:12:31+00:00,UNALLOCATED,,,,,
SLCMP2607-4089,4089,4089,794205271,2^794205271-1,STRUCTURAL_SCREEN_EXHAUSTED_PRIMALITY_UNASSIGNED,GF3A_DIRECTIONAL_WRITE_EXHAUSTED_PRIMALITY_UNASSIGNED,514,512,512,NO_RECORDED_FACTOR_PRP_OR_LL_RESULT_AND_NO_ACTIVE_GIMPS_ASSIGNMENT,2026-08-09T09:12:31+00:00,UNALLOCATED,,,,,
SLCMP2607-4090,4090,4090,794205277,2^794205277-1,STRUCTURAL_SCREEN_EXHAUSTED_PRIMALITY_UNASSIGNED,GF3A_DIRECTIONAL_WRITE_EXHAUSTED_PRIMALITY_UNASSIGNED,513,512,512,NO_RECORDED_FACTOR_PRP_OR_LL_RESULT_AND_NO_ACTIVE_GIMPS_ASSIGNMENT,2026-08-09T09:12:31+00:00,UNALLOCATED,,,,,
SLCMP2607-4091,4091,4091,794205317,2^794205317-1,STRUCTURAL_SCREEN_EXHAUSTED_PRIMALITY_UNASSIGNED,GF3A_DIRECTIONAL_WRITE_EXHAUSTED_PRIMALITY_UNASSIGNED,513,512,512,NO_RECORDED_FACTOR_PRP_OR_LL_RESULT_AND_NO_ACTIVE_GIMPS_ASSIGNMENT,2026-08-09T09:12:31+00:00,UNALLOCATED,,,,,
SLCMP2607-4092,4092,4092,794205323,2^794205323-1,STRUCTURAL_SCREEN_EXHAUSTED_PRIMALITY_UNASSIGNED,GF3A_DIRECTIONAL_WRITE_EXHAUSTED_PRIMALITY_UNASSIGNED,514,512,512,NO_RECORDED_FACTOR_PRP_OR_LL_RESULT_AND_NO_ACTIVE_GIMPS_ASSIGNMENT,2026-08-09T09:12:31+00:00,UNALLOCATED,,,,,
SLCMP2607-4093,4093,4093,794205329,2^794205329-1,STRUCTURAL_SCREEN_EXHAUSTED_PRIMALITY_UNASSIGNED,GF3A_DIRECTIONAL_WRITE_EXHAUSTED_PRIMALITY_UNASSIGNED,513,512,512,NO_RECORDED_FACTOR_PRP_OR_LL_RESULT_AND_NO_ACTIVE_GIMPS_ASSIGNMENT,2026-08-09T09:12:31+00:00,UNALLOCATED,,,,,
SLCMP2607-4094,4094,4094,794205409,2^794205409-1,STRUCTURAL_SCREEN_EXHAUSTED_PRIMALITY_UNASSIGNED,GF3A_DIRECTIONAL_WRITE_EXHAUSTED_PRIMALITY_UNASSIGNED,513,512,512,NO_RECORDED_FACTOR_PRP_OR_LL_RESULT_AND_NO_ACTIVE_GIMPS_ASSIGNMENT,2026-08-09T09:12:31+00:00,UNALLOCATED,,,,,
SLCMP2607-4095,4095,4095,794205427,2^794205427-1,STRUCTURAL_SCREEN_EXHAUSTED_PRIMALITY_UNASSIGNED,GF3A_DIRECTIONAL_WRITE_EXHAUSTED_PRIMALITY_UNASSIGNED,514,512,512,NO_RECORDED_FACTOR_PRP_OR_LL_RESULT_AND_NO_ACTIVE_GIMPS_ASSIGNMENT,2026-08-09T09:12:31+00:00,UNALLOCATED,,,,,
SLCMP2607-4096,4096,4096,794205463,2^794205463-1,STRUCTURAL_SCREEN_EXHAUSTED_PRIMALITY_UNASSIGNED,GF3A_DIRECTIONAL_WRITE_EXHAUSTED_PRIMALITY_UNASSIGNED,514,512,512,NO_RECORDED_FACTOR_PRP_OR_LL_RESULT_AND_NO_ACTIVE_GIMPS_ASSIGNMENT,2026-08-09T09:12:31+00:00,UNALLOCATED,,,,,
SLCMP2607-4097,4097,4097,794205641,2^794205641-1,STRUCTURAL_SCREEN_EXHAUSTED_PRIMALITY_UNASSIGNED,GF3A_DIRECTIONAL_WRITE_EXHAUSTED_PRIMALITY_UNASSIGNED,513,512,512,NO_RECORDED_FACTOR_PRP_OR_LL_RESULT_AND_NO_ACTIVE_GIMPS_ASSIGNMENT,2026-08-09T09:12:31+00:00,UNALLOCATED,,,,,
SLCMP2607-4098,4098,4098,794205649,2^794205649-1,STRUCTURAL_SCREEN_EXHAUSTED_PRIMALITY_UNASSIGNED,GF3A_DIRECTIONAL_WRITE_EXHAUSTED_PRIMALITY_UNASSIGNED,513,512,512,NO_RECORDED_FACTOR_PRP_OR_LL_RESULT_AND_NO_ACTIVE_GIMPS_ASSIGNMENT,2026-08-09T09:12:31+00:00,UNALLOCATED,,,,,
SLCMP2607-4099,4099,4099,794205653,2^794205653-1,STRUCTURAL_SCREEN_EXHAUSTED_PRIMALITY_UNASSIGNED,GF3A_DIRECTIONAL_WRITE_EXHAUSTED_PRIMALITY_UNASSIGNED,513,512,512,NO_RECORDED_FACTOR_PRP_OR_LL_RESULT_AND_NO_ACTIVE_GIMPS_ASSIGNMENT,2026-08-09T09:12:31+00:00,UNALLOCATED,,,,,
SLCMP2607-4100,4100,4100,794205673,2^794205673-1,STRUCTURAL_SCREEN_EXHAUSTED_PRIMALITY_UNASSIGNED,GF3A_DIRECTIONAL_WRITE_EXHAUSTED_PRIMALITY_UNASSIGNED,513,512,512,NO_RECORDED_FACTOR_PRP_OR_LL_RESULT_AND_NO_ACTIVE_GIMPS_ASSIGNMENT,2026-08-09T09:12:31+00:00,UNALLOCATED,,,,,
SLCMP2607-4101,4101,4101,794205683,2^794205683-1,STRUCTURAL_SCREEN_EXHAUSTED_PRIMALITY_UNASSIGNED,GF3A_DIRECTIONAL_WRITE_EXHAUSTED_PRIMALITY_UNASSIGNED,514,512,512,NO_RECORDED_FACTOR_PRP_OR_LL_RESULT_AND_NO_ACTIVE_GIMPS_ASSIGNMENT,2026-08-09T09:12:31+00:00,UNALLOCATED,,,,,
SLCMP2607-4102,4102,4102,794205707,2^794205707-1,STRUCTURAL_SCREEN_EXHAUSTED_PRIMALITY_UNASSIGNED,GF3A_DIRECTIONAL_WRITE_EXHAUSTED_PRIMALITY_UNASSIGNED,514,512,512,NO_RECORDED_FACTOR_PRP_OR_LL_RESULT_AND_NO_ACTIVE_GIMPS_ASSIGNMENT,2026-08-09T09:12:31+00:00,UNALLOCATED,,,,,
SLCMP2607-4103,4103,4103,794205721,2^794205721-1,STRUCTURAL_SCREEN_EXHAUSTED_PRIMALITY_UNASSIGNED,GF3A_DIRECTIONAL_WRITE_EXHAUSTED_PRIMALITY_UNASSIGNED,513,512,512,NO_RECORDED_FACTOR_PRP_OR_LL_RESULT_AND_NO_ACTIVE_GIMPS_ASSIGNMENT,2026-08-09T09:12:31+00:00,UNALLOCATED,,,,,
SLCMP2607-4104,4104,4104,794205751,2^794205751-1,STRUCTURAL_SCREEN_EXHAUSTED_PRIMALITY_UNASSIGNED,GF3A_DIRECTIONAL_WRITE_EXHAUSTED_PRIMALITY_UNASSIGNED,514,512,512,NO_RECORDED_FACTOR_PRP_OR_LL_RESULT_AND_NO_ACTIVE_GIMPS_ASSIGNMENT,2026-08-09T09:12:31+00:00,UNALLOCATED,,,,,
SLCMP2607-4105,4105,4105,794205761,2^794205761-1,STRUCTURAL_SCREEN_EXHAUSTED_PRIMALITY_UNASSIGNED,GF3A_DIRECTIONAL_WRITE_EXHAUSTED_PRIMALITY_UNASSIGNED,513,512,512,NO_RECORDED_FACTOR_PRP_OR_LL_RESULT_AND_NO_ACTIVE_GIMPS_ASSIGNMENT,2026-08-09T09:12:31+00:00,UNALLOCATED,,,,,
SLCMP2607-4106,4106,4106,794205941,2^794205941-1,STRUCTURAL_SCREEN_EXHAUSTED_PRIMALITY_UNASSIGNED,GF3A_DIRECTIONAL_WRITE_EXHAUSTED_PRIMALITY_UNASSIGNED,513,512,512,NO_RECORDED_FACTOR_PRP_OR_LL_RESULT_AND_NO_ACTIVE_GIMPS_ASSIGNMENT,2026-08-09T09:12:31+00:00,UNALLOCATED,,,,,
SLCMP2607-4107,4107,4107,794205967,2^794205967-1,STRUCTURAL_SCREEN_EXHAUSTED_PRIMALITY_UNASSIGNED,GF3A_DIRECTIONAL_WRITE_EXHAUSTED_PRIMALITY_UNASSIGNED,514,512,512,NO_RECORDED_FACTOR_PRP_OR_LL_RESULT_AND_NO_ACTIVE_GIMPS_ASSIGNMENT,2026-08-09T09:12:31+00:00,UNALLOCATED,,,,,
SLCMP2607-4108,4108,4108,794206037,2^794206037-1,STRUCTURAL_SCREEN_EXHAUSTED_PRIMALITY_UNASSIGNED,GF3A_DIRECTIONAL_WRITE_EXHAUSTED_PRIMALITY_UNASSIGNED,513,512,512,NO_RECORDED_FACTOR_PRP_OR_LL_RESULT_AND_NO_ACTIVE_GIMPS_ASSIGNMENT,2026-08-09T09:12:31+00:00,UNALLOCATED,,,,,
SLCMP2607-4109,4109,4109,794206069,2^794206069-1,STRUCTURAL_SCREEN_EXHAUSTED_PRIMALITY_UNASSIGNED,GF3A_DIRECTIONAL_WRITE_EXHAUSTED_PRIMALITY_UNASSIGNED,513,512,512,NO_RECORDED_FACTOR_PRP_OR_LL_RESULT_AND_NO_ACTIVE_GIMPS_ASSIGNMENT,2026-08-09T09:12:31+00:00,UNALLOCATED,,,,,
SLCMP2607-4110,4110,4110,794206079,2^794206079-1,STRUCTURAL_SCREEN_EXHAUSTED_PRIMALITY_UNASSIGNED,GF3A_DIRECTIONAL_WRITE_EXHAUSTED_PRIMALITY_UNASSIGNED,514,512,512,NO_RECORDED_FACTOR_PRP_OR_LL_RESULT_AND_NO_ACTIVE_GIMPS_ASSIGNMENT,2026-08-09T09:12:31+00:00,UNALLOCATED,,,,,
SLCMP2607-4111,4111,4111,794206097,2^794206097-1,STRUCTURAL_SCREEN_EXHAUSTED_PRIMALITY_UNASSIGNED,GF3A_DIRECTIONAL_WRITE_EXHAUSTED_PRIMALITY_UNASSIGNED,513,512,512,NO_RECORDED_FACTOR_PRP_OR_LL_RESULT_AND_NO_ACTIVE_GIMPS_ASSIGNMENT,2026-08-09T09:12:31+00:00,UNALLOCATED,,,,,
SLCMP2607-4112,4112,4112,794206111,2^794206111-1,STRUCTURAL_SCREEN_EXHAUSTED_PRIMALITY_UNASSIGNED,GF3A_DIRECTIONAL_WRITE_EXHAUSTED_PRIMALITY_UNASSIGNED,514,512,512,NO_RECORDED_FACTOR_PRP_OR_LL_RESULT_AND_NO_ACTIVE_GIMPS_ASSIGNMENT,2026-08-09T09:12:31+00:00,UNALLOCATED,,,,,
SLCMP2607-4113,4113,4113,794206243,2^794206243-1,STRUCTURAL_SCREEN_EXHAUSTED_PRIMALITY_UNASSIGNED,GF3A_DIRECTIONAL_WRITE_EXHAUSTED_PRIMALITY_UNASSIGNED,514,512,512,NO_RECORDED_FACTOR_PRP_OR_LL_RESULT_AND_NO_ACTIVE_GIMPS_ASSIGNMENT,2026-08-09T09:12:31+00:00,UNALLOCATED,,,,,
SLCMP2607-4114,4114,4114,794206279,2^794206279-1,STRUCTURAL_SCREEN_EXHAUSTED_PRIMALITY_UNASSIGNED,GF3A_DIRECTIONAL_WRITE_EXHAUSTED_PRIMALITY_UNASSIGNED,514,512,512,NO_RECORDED_FACTOR_PRP_OR_LL_RESULT_AND_NO_ACTIVE_GIMPS_ASSIGNMENT,2026-08-09T09:12:31+00:00,UNALLOCATED,,,,,
SLCMP2607-4115,4115,4115,794206319,2^794206319-1,STRUCTURAL_SCREEN_EXHAUSTED_PRIMALITY_UNASSIGNED,GF3A_DIRECTIONAL_WRITE_EXHAUSTED_PRIMALITY_UNASSIGNED,514,512,512,NO_RECORDED_FACTOR_PRP_OR_LL_RESULT_AND_NO_ACTIVE_GIMPS_ASSIGNMENT,2026-08-09T09:12:31+00:00,UNALLOCATED,,,,,
SLCMP2607-4116,4116,4116,794206433,2^794206433-1,STRUCTURAL_SCREEN_EXHAUSTED_PRIMALITY_UNASSIGNED,GF3A_DIRECTIONAL_WRITE_EXHAUSTED_PRIMALITY_UNASSIGNED,513,512,512,NO_RECORDED_FACTOR_PRP_OR_LL_RESULT_AND_NO_ACTIVE_GIMPS_ASSIGNMENT,2026-08-09T09:12:31+00:00,UNALLOCATED,,,,,
SLCMP2607-4117,4117,4117,794206471,2^794206471-1,STRUCTURAL_SCREEN_EXHAUSTED_PRIMALITY_UNASSIGNED,GF3A_DIRECTIONAL_WRITE_EXHAUSTED_PRIMALITY_UNASSIGNED,514,512,512,NO_RECORDED_FACTOR_PRP_OR_LL_RESULT_AND_NO_ACTIVE_GIMPS_ASSIGNMENT,2026-08-09T09:12:31+00:00,UNALLOCATED,,,,,
SLCMP2607-4118,4118,4118,794206507,2^794206507-1,STRUCTURAL_SCREEN_EXHAUSTED_PRIMALITY_UNASSIGNED,GF3A_DIRECTIONAL_WRITE_EXHAUSTED_PRIMALITY_UNASSIGNED,514,512,512,NO_RECORDED_FACTOR_PRP_OR_LL_RESULT_AND_NO_ACTIVE_GIMPS_ASSIGNMENT,2026-08-09T09:12:31+00:00,UNALLOCATED,,,,,
SLCMP2607-4119,4119,4119,794206547,2^794206547-1,STRUCTURAL_SCREEN_EXHAUSTED_PRIMALITY_UNASSIGNED,GF3A_DIRECTIONAL_WRITE_EXHAUSTED_PRIMALITY_UNASSIGNED,514,512,512,NO_RECORDED_FACTOR_PRP_OR_LL_RESULT_AND_NO_ACTIVE_GIMPS_ASSIGNMENT,2026-08-09T09:12:31+00:00,UNALLOCATED,,,,,
SLCMP2607-4120,4120,4120,794206571,2^794206571-1,STRUCTURAL_SCREEN_EXHAUSTED_PRIMALITY_UNASSIGNED,GF3A_DIRECTIONAL_WRITE_EXHAUSTED_PRIMALITY_UNASSIGNED,514,512,512,NO_RECORDED_FACTOR_PRP_OR_LL_RESULT_AND_NO_ACTIVE_GIMPS_ASSIGNMENT,2026-08-09T09:12:31+00:00,UNALLOCATED,,,,,
SLCMP2607-4121,4121,4121,794206607,2^794206607-1,STRUCTURAL_SCREEN_EXHAUSTED_PRIMALITY_UNASSIGNED,GF3A_DIRECTIONAL_WRITE_EXHAUSTED_PRIMALITY_UNASSIGNED,514,512,512,NO_RECORDED_FACTOR_PRP_OR_LL_RESULT_AND_NO_ACTIVE_GIMPS_ASSIGNMENT,2026-08-09T09:12:31+00:00,UNALLOCATED,,,,,
SLCMP2607-4122,4122,4122,794206661,2^794206661-1,STRUCTURAL_SCREEN_EXHAUSTED_PRIMALITY_UNASSIGNED,GF3A_DIRECTIONAL_WRITE_EXHAUSTED_PRIMALITY_UNASSIGNED,513,512,512,NO_RECORDED_FACTOR_PRP_OR_LL_RESULT_AND_NO_ACTIVE_GIMPS_ASSIGNMENT,2026-08-09T09:12:31+00:00,UNALLOCATED,,,,,
SLCMP2607-4123,4123,4123,794206667,2^794206667-1,STRUCTURAL_SCREEN_EXHAUSTED_PRIMALITY_UNASSIGNED,GF3A_DIRECTIONAL_WRITE_EXHAUSTED_PRIMALITY_UNASSIGNED,514,512,512,NO_RECORDED_FACTOR_PRP_OR_LL_RESULT_AND_NO_ACTIVE_GIMPS_ASSIGNMENT,2026-08-09T09:12:31+00:00,UNALLOCATED,,,,,
SLCMP2607-4124,4124,4124,794206687,2^794206687-1,STRUCTURAL_SCREEN_EXHAUSTED_PRIMALITY_UNASSIGNED,GF3A_DIRECTIONAL_WRITE_EXHAUSTED_PRIMALITY_UNASSIGNED,514,512,512,NO_RECORDED_FACTOR_PRP_OR_LL_RESULT_AND_NO_ACTIVE_GIMPS_ASSIGNMENT,2026-08-09T09:12:31+00:00,UNALLOCATED,,,,,
SLCMP2607-4125,4125,4125,794206723,2^794206723-1,STRUCTURAL_SCREEN_EXHAUSTED_PRIMALITY_UNASSIGNED,GF3A_DIRECTIONAL_WRITE_EXHAUSTED_PRIMALITY_UNASSIGNED,514,512,512,NO_RECORDED_FACTOR_PRP_OR_LL_RESULT_AND_NO_ACTIVE_GIMPS_ASSIGNMENT,2026-08-09T09:12:31+00:00,UNALLOCATED,,,,,
SLCMP2607-4126,4126,4126,794206727,2^794206727-1,STRUCTURAL_SCREEN_EXHAUSTED_PRIMALITY_UNASSIGNED,GF3A_DIRECTIONAL_WRITE_EXHAUSTED_PRIMALITY_UNASSIGNED,514,512,512,NO_RECORDED_FACTOR_PRP_OR_LL_RESULT_AND_NO_ACTIVE_GIMPS_ASSIGNMENT,2026-08-09T09:12:31+00:00,UNALLOCATED,,,,,
SLCMP2607-4127,4127,4127,794206759,2^794206759-1,STRUCTURAL_SCREEN_EXHAUSTED_PRIMALITY_UNASSIGNED,GF3A_DIRECTIONAL_WRITE_EXHAUSTED_PRIMALITY_UNASSIGNED,514,512,512,NO_RECORDED_FACTOR_PRP_OR_LL_RESULT_AND_NO_ACTIVE_GIMPS_ASSIGNMENT,2026-08-09T09:12:31+00:00,UNALLOCATED,,,,,
SLCMP2607-4128,4128,4128,794206771,2^794206771-1,STRUCTURAL_SCREEN_EXHAUSTED_PRIMALITY_UNASSIGNED,GF3A_DIRECTIONAL_WRITE_EXHAUSTED_PRIMALITY_UNASSIGNED,514,512,512,NO_RECORDED_FACTOR_PRP_OR_LL_RESULT_AND_NO_ACTIVE_GIMPS_ASSIGNMENT,2026-08-09T09:12:31+00:00,UNALLOCATED,,,,,
SLCMP2607-4129,4129,4129,794206807,2^794206807-1,STRUCTURAL_SCREEN_EXHAUSTED_PRIMALITY_UNASSIGNED,GF3A_DIRECTIONAL_WRITE_EXHAUSTED_PRIMALITY_UNASSIGNED,514,512,512,NO_RECORDED_FACTOR_PRP_OR_LL_RESULT_AND_NO_ACTIVE_GIMPS_ASSIGNMENT,2026-08-09T09:12:31+00:00,UNALLOCATED,,,,,
SLCMP2607-4130,4130,4130,794206877,2^794206877-1,STRUCTURAL_SCREEN_EXHAUSTED_PRIMALITY_UNASSIGNED,GF3A_DIRECTIONAL_WRITE_EXHAUSTED_PRIMALITY_UNASSIGNED,513,512,512,NO_RECORDED_FACTOR_PRP_OR_LL_RESULT_AND_NO_ACTIVE_GIMPS_ASSIGNMENT,2026-08-09T09:12:31+00:00,UNALLOCATED,,,,,
SLCMP2607-4131,4131,4131,794206883,2^794206883-1,STRUCTURAL_SCREEN_EXHAUSTED_PRIMALITY_UNASSIGNED,GF3A_DIRECTIONAL_WRITE_EXHAUSTED_PRIMALITY_UNASSIGNED,514,512,512,NO_RECORDED_FACTOR_PRP_OR_LL_RESULT_AND_NO_ACTIVE_GIMPS_ASSIGNMENT,2026-08-09T09:12:31+00:00,UNALLOCATED,,,,,
SLCMP2607-4132,4132,4132,794206909,2^794206909-1,STRUCTURAL_SCREEN_EXHAUSTED_PRIMALITY_UNASSIGNED,GF3A_DIRECTIONAL_WRITE_EXHAUSTED_PRIMALITY_UNASSIGNED,513,512,512,NO_RECORDED_FACTOR_PRP_OR_LL_RESULT_AND_NO_ACTIVE_GIMPS_ASSIGNMENT,2026-08-09T09:12:31+00:00,UNALLOCATED,,,,,
SLCMP2607-4133,4133,4133,794206913,2^794206913-1,STRUCTURAL_SCREEN_EXHAUSTED_PRIMALITY_UNASSIGNED,GF3A_DIRECTIONAL_WRITE_EXHAUSTED_PRIMALITY_UNASSIGNED,513,512,512,NO_RECORDED_FACTOR_PRP_OR_LL_RESULT_AND_NO_ACTIVE_GIMPS_ASSIGNMENT,2026-08-09T09:12:31+00:00,UNALLOCATED,,,,,
SLCMP2607-4134,4134,4134,794206927,2^794206927-1,STRUCTURAL_SCREEN_EXHAUSTED_PRIMALITY_UNASSIGNED,GF3A_DIRECTIONAL_WRITE_EXHAUSTED_PRIMALITY_UNASSIGNED,514,512,512,NO_RECORDED_FACTOR_PRP_OR_LL_RESULT_AND_NO_ACTIVE_GIMPS_ASSIGNMENT,2026-08-09T09:12:31+00:00,UNALLOCATED,,,,,
SLCMP2607-4135,4135,4135,794206967,2^794206967-1,STRUCTURAL_SCREEN_EXHAUSTED_PRIMALITY_UNASSIGNED,GF3A_DIRECTIONAL_WRITE_EXHAUSTED_PRIMALITY_UNASSIGNED,514,512,512,NO_RECORDED_FACTOR_PRP_OR_LL_RESULT_AND_NO_ACTIVE_GIMPS_ASSIGNMENT,2026-08-09T09:12:31+00:00,UNALLOCATED,,,,,
SLCMP2607-4136,4136,4136,794206981,2^794206981-1,STRUCTURAL_SCREEN_EXHAUSTED_PRIMALITY_UNASSIGNED,GF3A_DIRECTIONAL_WRITE_EXHAUSTED_PRIMALITY_UNASSIGNED,513,512,512,NO_RECORDED_FACTOR_PRP_OR_LL_RESULT_AND_NO_ACTIVE_GIMPS_ASSIGNMENT,2026-08-09T09:12:31+00:00,UNALLOCATED,,,,,
SLCMP2607-4137,4137,4137,794206993,2^794206993-1,STRUCTURAL_SCREEN_EXHAUSTED_PRIMALITY_UNASSIGNED,GF3A_DIRECTIONAL_WRITE_EXHAUSTED_PRIMALITY_UNASSIGNED,513,512,512,NO_RECORDED_FACTOR_PRP_OR_LL_RESULT_AND_NO_ACTIVE_GIMPS_ASSIGNMENT,2026-08-09T09:12:31+00:00,UNALLOCATED,,,,,
SLCMP2607-4138,4138,4138,794207041,2^794207041-1,STRUCTURAL_SCREEN_EXHAUSTED_PRIMALITY_UNASSIGNED,GF3A_DIRECTIONAL_WRITE_EXHAUSTED_PRIMALITY_UNASSIGNED,513,512,512,NO_RECORDED_FACTOR_PRP_OR_LL_RESULT_AND_NO_ACTIVE_GIMPS_ASSIGNMENT,2026-08-09T09:12:31+00:00,UNALLOCATED,,,,,
SLCMP2607-4139,4139,4139,794207153,2^794207153-1,STRUCTURAL_SCREEN_EXHAUSTED_PRIMALITY_UNASSIGNED,GF3A_DIRECTIONAL_WRITE_EXHAUSTED_PRIMALITY_UNASSIGNED,513,512,512,NO_RECORDED_FACTOR_PRP_OR_LL_RESULT_AND_NO_ACTIVE_GIMPS_ASSIGNMENT,2026-08-09T09:12:31+00:00,UNALLOCATED,,,,,
SLCMP2607-4140,4140,4140,794207263,2^794207263-1,STRUCTURAL_SCREEN_EXHAUSTED_PRIMALITY_UNASSIGNED,GF3A_DIRECTIONAL_WRITE_EXHAUSTED_PRIMALITY_UNASSIGNED,514,512,512,NO_RECORDED_FACTOR_PRP_OR_LL_RESULT_AND_NO_ACTIVE_GIMPS_ASSIGNMENT,2026-08-09T09:12:31+00:00,UNALLOCATED,,,,,
SLCMP2607-4141,4141,4141,794207371,2^794207371-1,STRUCTURAL_SCREEN_EXHAUSTED_PRIMALITY_UNASSIGNED,GF3A_DIRECTIONAL_WRITE_EXHAUSTED_PRIMALITY_UNASSIGNED,514,512,512,NO_RECORDED_FACTOR_PRP_OR_LL_RESULT_AND_NO_ACTIVE_GIMPS_ASSIGNMENT,2026-08-09T09:12:31+00:00,UNALLOCATED,,,,,
SLCMP2607-4142,4142,4142,794207473,2^794207473-1,STRUCTURAL_SCREEN_EXHAUSTED_PRIMALITY_UNASSIGNED,GF3A_DIRECTIONAL_WRITE_EXHAUSTED_PRIMALITY_UNASSIGNED,513,512,512,NO_RECORDED_FACTOR_PRP_OR_LL_RESULT_AND_NO_ACTIVE_GIMPS_ASSIGNMENT,2026-08-09T09:12:31+00:00,UNALLOCATED,,,,,
SLCMP2607-4143,4143,4143,794207629,2^794207629-1,STRUCTURAL_SCREEN_EXHAUSTED_PRIMALITY_UNASSIGNED,GF3A_DIRECTIONAL_WRITE_EXHAUSTED_PRIMALITY_UNASSIGNED,513,512,512,NO_RECORDED_FACTOR_PRP_OR_LL_RESULT_AND_NO_ACTIVE_GIMPS_ASSIGNMENT,2026-08-09T09:12:31+00:00,UNALLOCATED,,,,,
SLCMP2607-4144,4144,4144,794207653,2^794207653-1,STRUCTURAL_SCREEN_EXHAUSTED_PRIMALITY_UNASSIGNED,GF3A_DIRECTIONAL_WRITE_EXHAUSTED_PRIMALITY_UNASSIGNED,513,512,512,NO_RECORDED_FACTOR_PRP_OR_LL_RESULT_AND_NO_ACTIVE_GIMPS_ASSIGNMENT,2026-08-09T09:12:31+00:00,UNALLOCATED,,,,,
SLCMP2607-4145,4145,4145,794207671,2^794207671-1,STRUCTURAL_SCREEN_EXHAUSTED_PRIMALITY_UNASSIGNED,GF3A_DIRECTIONAL_WRITE_EXHAUSTED_PRIMALITY_UNASSIGNED,514,512,512,NO_RECORDED_FACTOR_PRP_OR_LL_RESULT_AND_NO_ACTIVE_GIMPS_ASSIGNMENT,2026-08-09T09:12:31+00:00,UNALLOCATED,,,,,
SLCMP2607-4146,4146,4146,794207707,2^794207707-1,STRUCTURAL_SCREEN_EXHAUSTED_PRIMALITY_UNASSIGNED,GF3A_DIRECTIONAL_WRITE_EXHAUSTED_PRIMALITY_UNASSIGNED,514,512,512,NO_RECORDED_FACTOR_PRP_OR_LL_RESULT_AND_NO_ACTIVE_GIMPS_ASSIGNMENT,2026-08-09T09:12:31+00:00,UNALLOCATED,,,,,
SLCMP2607-4147,4147,4147,794207831,2^794207831-1,STRUCTURAL_SCREEN_EXHAUSTED_PRIMALITY_UNASSIGNED,GF3A_DIRECTIONAL_WRITE_EXHAUSTED_PRIMALITY_UNASSIGNED,514,512,512,NO_RECORDED_FACTOR_PRP_OR_LL_RESULT_AND_NO_ACTIVE_GIMPS_ASSIGNMENT,2026-08-09T09:12:31+00:00,UNALLOCATED,,,,,
SLCMP2607-4148,4148,4148,794207837,2^794207837-1,STRUCTURAL_SCREEN_EXHAUSTED_PRIMALITY_UNASSIGNED,GF3A_DIRECTIONAL_WRITE_EXHAUSTED_PRIMALITY_UNASSIGNED,513,512,512,NO_RECORDED_FACTOR_PRP_OR_LL_RESULT_AND_NO_ACTIVE_GIMPS_ASSIGNMENT,2026-08-09T09:12:31+00:00,UNALLOCATED,,,,,
SLCMP2607-4149,4149,4149,794207839,2^794207839-1,STRUCTURAL_SCREEN_EXHAUSTED_PRIMALITY_UNASSIGNED,GF3A_DIRECTIONAL_WRITE_EXHAUSTED_PRIMALITY_UNASSIGNED,514,512,512,NO_RECORDED_FACTOR_PRP_OR_LL_RESULT_AND_NO_ACTIVE_GIMPS_ASSIGNMENT,2026-08-09T09:12:31+00:00,UNALLOCATED,,,,,
SLCMP2607-4150,4150,4150,794207867,2^794207867-1,STRUCTURAL_SCREEN_EXHAUSTED_PRIMALITY_UNASSIGNED,GF3A_DIRECTIONAL_WRITE_EXHAUSTED_PRIMALITY_UNASSIGNED,514,512,512,NO_RECORDED_FACTOR_PRP_OR_LL_RESULT_AND_NO_ACTIVE_GIMPS_ASSIGNMENT,2026-08-09T09:12:31+00:00,UNALLOCATED,,,,,
SLCMP2607-4151,4151,4151,794207873,2^794207873-1,STRUCTURAL_SCREEN_EXHAUSTED_PRIMALITY_UNASSIGNED,GF3A_DIRECTIONAL_WRITE_EXHAUSTED_PRIMALITY_UNASSIGNED,513,512,512,NO_RECORDED_FACTOR_PRP_OR_LL_RESULT_AND_NO_ACTIVE_GIMPS_ASSIGNMENT,2026-08-09T09:12:31+00:00,UNALLOCATED,,,,,
SLCMP2607-4152,4152,4152,794207903,2^794207903-1,STRUCTURAL_SCREEN_EXHAUSTED_PRIMALITY_UNASSIGNED,GF3A_DIRECTIONAL_WRITE_EXHAUSTED_PRIMALITY_UNASSIGNED,514,512,512,NO_RECORDED_FACTOR_PRP_OR_LL_RESULT_AND_NO_ACTIVE_GIMPS_ASSIGNMENT,2026-08-09T09:12:31+00:00,UNALLOCATED,,,,,
SLCMP2607-4153,4153,4153,794207951,2^794207951-1,STRUCTURAL_SCREEN_EXHAUSTED_PRIMALITY_UNASSIGNED,GF3A_DIRECTIONAL_WRITE_EXHAUSTED_PRIMALITY_UNASSIGNED,514,512,512,NO_RECORDED_FACTOR_PRP_OR_LL_RESULT_AND_NO_ACTIVE_GIMPS_ASSIGNMENT,2026-08-09T09:12:31+00:00,UNALLOCATED,,,,,
SLCMP2607-4154,4154,4154,794208001,2^794208001-1,STRUCTURAL_SCREEN_EXHAUSTED_PRIMALITY_UNASSIGNED,GF3A_DIRECTIONAL_WRITE_EXHAUSTED_PRIMALITY_UNASSIGNED,513,512,512,NO_RECORDED_FACTOR_PRP_OR_LL_RESULT_AND_NO_ACTIVE_GIMPS_ASSIGNMENT,2026-08-09T09:12:31+00:00,UNALLOCATED,,,,,
SLCMP2607-4155,4155,4155,794208049,2^794208049-1,STRUCTURAL_SCREEN_EXHAUSTED_PRIMALITY_UNASSIGNED,GF3A_DIRECTIONAL_WRITE_EXHAUSTED_PRIMALITY_UNASSIGNED,513,512,512,NO_RECORDED_FACTOR_PRP_OR_LL_RESULT_AND_NO_ACTIVE_GIMPS_ASSIGNMENT,2026-08-09T09:12:31+00:00,UNALLOCATED,,,,,
SLCMP2607-4156,4156,4156,794208157,2^794208157-1,STRUCTURAL_SCREEN_EXHAUSTED_PRIMALITY_UNASSIGNED,GF3A_DIRECTIONAL_WRITE_EXHAUSTED_PRIMALITY_UNASSIGNED,513,512,512,NO_RECORDED_FACTOR_PRP_OR_LL_RESULT_AND_NO_ACTIVE_GIMPS_ASSIGNMENT,2026-08-09T09:12:31+00:00,UNALLOCATED,,,,,
SLCMP2607-4157,4157,4157,794208197,2^794208197-1,STRUCTURAL_SCREEN_EXHAUSTED_PRIMALITY_UNASSIGNED,GF3A_DIRECTIONAL_WRITE_EXHAUSTED_PRIMALITY_UNASSIGNED,513,512,512,NO_RECORDED_FACTOR_PRP_OR_LL_RESULT_AND_NO_ACTIVE_GIMPS_ASSIGNMENT,2026-08-09T09:12:31+00:00,UNALLOCATED,,,,,
SLCMP2607-4158,4158,4158,794208199,2^794208199-1,STRUCTURAL_SCREEN_EXHAUSTED_PRIMALITY_UNASSIGNED,GF3A_DIRECTIONAL_WRITE_EXHAUSTED_PRIMALITY_UNASSIGNED,514,512,512,NO_RECORDED_FACTOR_PRP_OR_LL_RESULT_AND_NO_ACTIVE_GIMPS_ASSIGNMENT,2026-08-09T09:12:31+00:00,UNALLOCATED,,,,,
SLCMP2607-4159,4159,4159,794208241,2^794208241-1,STRUCTURAL_SCREEN_EXHAUSTED_PRIMALITY_UNASSIGNED,GF3A_DIRECTIONAL_WRITE_EXHAUSTED_PRIMALITY_UNASSIGNED,513,512,512,NO_RECORDED_FACTOR_PRP_OR_LL_RESULT_AND_NO_ACTIVE_GIMPS_ASSIGNMENT,2026-08-09T09:12:31+00:00,UNALLOCATED,,,,,
SLCMP2607-4160,4160,4160,794208257,2^794208257-1,STRUCTURAL_SCREEN_EXHAUSTED_PRIMALITY_UNASSIGNED,GF3A_DIRECTIONAL_WRITE_EXHAUSTED_PRIMALITY_UNASSIGNED,513,512,512,NO_RECORDED_FACTOR_PRP_OR_LL_RESULT_AND_NO_ACTIVE_GIMPS_ASSIGNMENT,2026-08-09T09:12:31+00:00,UNALLOCATED,,,,,
SLCMP2607-4161,4161,4161,794208407,2^794208407-1,STRUCTURAL_SCREEN_EXHAUSTED_PRIMALITY_UNASSIGNED,GF3A_DIRECTIONAL_WRITE_EXHAUSTED_PRIMALITY_UNASSIGNED,514,512,512,NO_RECORDED_FACTOR_PRP_OR_LL_RESULT_AND_NO_ACTIVE_GIMPS_ASSIGNMENT,2026-08-09T09:12:31+00:00,UNALLOCATED,,,,,
SLCMP2607-4162,4162,4162,794208577,2^794208577-1,STRUCTURAL_SCREEN_EXHAUSTED_PRIMALITY_UNASSIGNED,GF3A_DIRECTIONAL_WRITE_EXHAUSTED_PRIMALITY_UNASSIGNED,513,512,512,NO_RECORDED_FACTOR_PRP_OR_LL_RESULT_AND_NO_ACTIVE_GIMPS_ASSIGNMENT,2026-08-09T09:12:31+00:00,UNALLOCATED,,,,,
SLCMP2607-4163,4163,4163,794208641,2^794208641-1,STRUCTURAL_SCREEN_EXHAUSTED_PRIMALITY_UNASSIGNED,GF3A_DIRECTIONAL_WRITE_EXHAUSTED_PRIMALITY_UNASSIGNED,513,512,512,NO_RECORDED_FACTOR_PRP_OR_LL_RESULT_AND_NO_ACTIVE_GIMPS_ASSIGNMENT,2026-08-09T09:12:31+00:00,UNALLOCATED,,,,,
SLCMP2607-4164,4164,4164,794208647,2^794208647-1,STRUCTURAL_SCREEN_EXHAUSTED_PRIMALITY_UNASSIGNED,GF3A_DIRECTIONAL_WRITE_EXHAUSTED_PRIMALITY_UNASSIGNED,514,512,512,NO_RECORDED_FACTOR_PRP_OR_LL_RESULT_AND_NO_ACTIVE_GIMPS_ASSIGNMENT,2026-08-09T09:12:31+00:00,UNALLOCATED,,,,,
SLCMP2607-4165,4165,4165,794208707,2^794208707-1,STRUCTURAL_SCREEN_EXHAUSTED_PRIMALITY_UNASSIGNED,GF3A_DIRECTIONAL_WRITE_EXHAUSTED_PRIMALITY_UNASSIGNED,514,512,512,NO_RECORDED_FACTOR_PRP_OR_LL_RESULT_AND_NO_ACTIVE_GIMPS_ASSIGNMENT,2026-08-09T09:12:31+00:00,UNALLOCATED,,,,,
SLCMP2607-4166,4166,4166,794208799,2^794208799-1,STRUCTURAL_SCREEN_EXHAUSTED_PRIMALITY_UNASSIGNED,GF3A_DIRECTIONAL_WRITE_EXHAUSTED_PRIMALITY_UNASSIGNED,514,512,512,NO_RECORDED_FACTOR_PRP_OR_LL_RESULT_AND_NO_ACTIVE_GIMPS_ASSIGNMENT,2026-08-09T09:12:31+00:00,UNALLOCATED,,,,,
SLCMP2607-4167,4167,4167,794208901,2^794208901-1,STRUCTURAL_SCREEN_EXHAUSTED_PRIMALITY_UNASSIGNED,GF3A_DIRECTIONAL_WRITE_EXHAUSTED_PRIMALITY_UNASSIGNED,513,512,512,NO_RECORDED_FACTOR_PRP_OR_LL_RESULT_AND_NO_ACTIVE_GIMPS_ASSIGNMENT,2026-08-09T09:12:31+00:00,UNALLOCATED,,,,,
SLCMP2607-4168,4168,4168,794208917,2^794208917-1,STRUCTURAL_SCREEN_EXHAUSTED_PRIMALITY_UNASSIGNED,GF3A_DIRECTIONAL_WRITE_EXHAUSTED_PRIMALITY_UNASSIGNED,513,512,512,NO_RECORDED_FACTOR_PRP_OR_LL_RESULT_AND_NO_ACTIVE_GIMPS_ASSIGNMENT,2026-08-09T09:12:31+00:00,UNALLOCATED,,,,,
SLCMP2607-4169,4169,4169,794208953,2^794208953-1,STRUCTURAL_SCREEN_EXHAUSTED_PRIMALITY_UNASSIGNED,GF3A_DIRECTIONAL_WRITE_EXHAUSTED_PRIMALITY_UNASSIGNED,513,512,512,NO_RECORDED_FACTOR_PRP_OR_LL_RESULT_AND_NO_ACTIVE_GIMPS_ASSIGNMENT,2026-08-09T09:12:31+00:00,UNALLOCATED,,,,,
SLCMP2607-4170,4170,4170,794208973,2^794208973-1,STRUCTURAL_SCREEN_EXHAUSTED_PRIMALITY_UNASSIGNED,GF3A_DIRECTIONAL_WRITE_EXHAUSTED_PRIMALITY_UNASSIGNED,513,512,512,NO_RECORDED_FACTOR_PRP_OR_LL_RESULT_AND_NO_ACTIVE_GIMPS_ASSIGNMENT,2026-08-09T09:12:31+00:00,UNALLOCATED,,,,,
SLCMP2607-4171,4171,4171,794208979,2^794208979-1,STRUCTURAL_SCREEN_EXHAUSTED_PRIMALITY_UNASSIGNED,GF3A_DIRECTIONAL_WRITE_EXHAUSTED_PRIMALITY_UNASSIGNED,514,512,512,NO_RECORDED_FACTOR_PRP_OR_LL_RESULT_AND_NO_ACTIVE_GIMPS_ASSIGNMENT,2026-08-09T09:12:31+00:00,UNALLOCATED,,,,,
SLCMP2607-4172,4172,4172,794208997,2^794208997-1,STRUCTURAL_SCREEN_EXHAUSTED_PRIMALITY_UNASSIGNED,GF3A_DIRECTIONAL_WRITE_EXHAUSTED_PRIMALITY_UNASSIGNED,513,512,512,NO_RECORDED_FACTOR_PRP_OR_LL_RESULT_AND_NO_ACTIVE_GIMPS_ASSIGNMENT,2026-08-09T09:12:31+00:00,UNALLOCATED,,,,,
SLCMP2607-4173,4173,4173,794209027,2^794209027-1,STRUCTURAL_SCREEN_EXHAUSTED_PRIMALITY_UNASSIGNED,GF3A_DIRECTIONAL_WRITE_EXHAUSTED_PRIMALITY_UNASSIGNED,514,512,512,NO_RECORDED_FACTOR_PRP_OR_LL_RESULT_AND_NO_ACTIVE_GIMPS_ASSIGNMENT,2026-08-09T09:12:31+00:00,UNALLOCATED,,,,,
SLCMP2607-4174,4174,4174,794209049,2^794209049-1,STRUCTURAL_SCREEN_EXHAUSTED_PRIMALITY_UNASSIGNED,GF3A_DIRECTIONAL_WRITE_EXHAUSTED_PRIMALITY_UNASSIGNED,513,512,512,NO_RECORDED_FACTOR_PRP_OR_LL_RESULT_AND_NO_ACTIVE_GIMPS_ASSIGNMENT,2026-08-09T09:12:31+00:00,UNALLOCATED,,,,,
SLCMP2607-4175,4175,4175,794209093,2^794209093-1,STRUCTURAL_SCREEN_EXHAUSTED_PRIMALITY_UNASSIGNED,GF3A_DIRECTIONAL_WRITE_EXHAUSTED_PRIMALITY_UNASSIGNED,513,512,512,NO_RECORDED_FACTOR_PRP_OR_LL_RESULT_AND_NO_ACTIVE_GIMPS_ASSIGNMENT,2026-08-09T09:12:31+00:00,UNALLOCATED,,,,,
SLCMP2607-4176,4176,4176,794209123,2^794209123-1,STRUCTURAL_SCREEN_EXHAUSTED_PRIMALITY_UNASSIGNED,GF3A_DIRECTIONAL_WRITE_EXHAUSTED_PRIMALITY_UNASSIGNED,514,512,512,NO_RECORDED_FACTOR_PRP_OR_LL_RESULT_AND_NO_ACTIVE_GIMPS_ASSIGNMENT,2026-08-09T09:12:31+00:00,UNALLOCATED,,,,,
SLCMP2607-4177,4177,4177,794209193,2^794209193-1,STRUCTURAL_SCREEN_EXHAUSTED_PRIMALITY_UNASSIGNED,GF3A_DIRECTIONAL_WRITE_EXHAUSTED_PRIMALITY_UNASSIGNED,513,512,512,NO_RECORDED_FACTOR_PRP_OR_LL_RESULT_AND_NO_ACTIVE_GIMPS_ASSIGNMENT,2026-08-09T09:12:31+00:00,UNALLOCATED,,,,,
SLCMP2607-4178,4178,4178,794209231,2^794209231-1,STRUCTURAL_SCREEN_EXHAUSTED_PRIMALITY_UNASSIGNED,GF3A_DIRECTIONAL_WRITE_EXHAUSTED_PRIMALITY_UNASSIGNED,514,512,512,NO_RECORDED_FACTOR_PRP_OR_LL_RESULT_AND_NO_ACTIVE_GIMPS_ASSIGNMENT,2026-08-09T09:12:31+00:00,UNALLOCATED,,,,,
SLCMP2607-4179,4179,4179,794209259,2^794209259-1,STRUCTURAL_SCREEN_EXHAUSTED_PRIMALITY_UNASSIGNED,GF3A_DIRECTIONAL_WRITE_EXHAUSTED_PRIMALITY_UNASSIGNED,514,512,512,NO_RECORDED_FACTOR_PRP_OR_LL_RESULT_AND_NO_ACTIVE_GIMPS_ASSIGNMENT,2026-08-09T09:12:31+00:00,UNALLOCATED,,,,,
SLCMP2607-4180,4180,4180,794209261,2^794209261-1,STRUCTURAL_SCREEN_EXHAUSTED_PRIMALITY_UNASSIGNED,GF3A_DIRECTIONAL_WRITE_EXHAUSTED_PRIMALITY_UNASSIGNED,513,512,512,NO_RECORDED_FACTOR_PRP_OR_LL_RESULT_AND_NO_ACTIVE_GIMPS_ASSIGNMENT,2026-08-09T09:12:31+00:00,UNALLOCATED,,,,,
SLCMP2607-4181,4181,4181,794209289,2^794209289-1,STRUCTURAL_SCREEN_EXHAUSTED_PRIMALITY_UNASSIGNED,GF3A_DIRECTIONAL_WRITE_EXHAUSTED_PRIMALITY_UNASSIGNED,513,512,512,NO_RECORDED_FACTOR_PRP_OR_LL_RESULT_AND_NO_ACTIVE_GIMPS_ASSIGNMENT,2026-08-09T09:12:31+00:00,UNALLOCATED,,,,,
SLCMP2607-4182,4182,4182,794209301,2^794209301-1,STRUCTURAL_SCREEN_EXHAUSTED_PRIMALITY_UNASSIGNED,GF3A_DIRECTIONAL_WRITE_EXHAUSTED_PRIMALITY_UNASSIGNED,513,512,512,NO_RECORDED_FACTOR_PRP_OR_LL_RESULT_AND_NO_ACTIVE_GIMPS_ASSIGNMENT,2026-08-09T09:12:31+00:00,UNALLOCATED,,,,,
SLCMP2607-4183,4183,4183,794209331,2^794209331-1,STRUCTURAL_SCREEN_EXHAUSTED_PRIMALITY_UNASSIGNED,GF3A_DIRECTIONAL_WRITE_EXHAUSTED_PRIMALITY_UNASSIGNED,514,512,512,NO_RECORDED_FACTOR_PRP_OR_LL_RESULT_AND_NO_ACTIVE_GIMPS_ASSIGNMENT,2026-08-09T09:12:31+00:00,UNALLOCATED,,,,,
SLCMP2607-4184,4184,4184,794209333,2^794209333-1,STRUCTURAL_SCREEN_EXHAUSTED_PRIMALITY_UNASSIGNED,GF3A_DIRECTIONAL_WRITE_EXHAUSTED_PRIMALITY_UNASSIGNED,513,512,512,NO_RECORDED_FACTOR_PRP_OR_LL_RESULT_AND_NO_ACTIVE_GIMPS_ASSIGNMENT,2026-08-09T09:12:31+00:00,UNALLOCATED,,,,,
SLCMP2607-4185,4185,4185,794209393,2^794209393-1,STRUCTURAL_SCREEN_EXHAUSTED_PRIMALITY_UNASSIGNED,GF3A_DIRECTIONAL_WRITE_EXHAUSTED_PRIMALITY_UNASSIGNED,513,512,512,NO_RECORDED_FACTOR_PRP_OR_LL_RESULT_AND_NO_ACTIVE_GIMPS_ASSIGNMENT,2026-08-09T09:12:31+00:00,UNALLOCATED,,,,,
SLCMP2607-4186,4186,4186,794209397,2^794209397-1,STRUCTURAL_SCREEN_EXHAUSTED_PRIMALITY_UNASSIGNED,GF3A_DIRECTIONAL_WRITE_EXHAUSTED_PRIMALITY_UNASSIGNED,513,512,512,NO_RECORDED_FACTOR_PRP_OR_LL_RESULT_AND_NO_ACTIVE_GIMPS_ASSIGNMENT,2026-08-09T09:12:31+00:00,UNALLOCATED,,,,,
SLCMP2607-4187,4187,4187,794209523,2^794209523-1,STRUCTURAL_SCREEN_EXHAUSTED_PRIMALITY_UNASSIGNED,GF3A_DIRECTIONAL_WRITE_EXHAUSTED_PRIMALITY_UNASSIGNED,514,512,512,NO_RECORDED_FACTOR_PRP_OR_LL_RESULT_AND_NO_ACTIVE_GIMPS_ASSIGNMENT,2026-08-09T09:12:31+00:00,UNALLOCATED,,,,,
SLCMP2607-4188,4188,4188,794209529,2^794209529-1,STRUCTURAL_SCREEN_EXHAUSTED_PRIMALITY_UNASSIGNED,GF3A_DIRECTIONAL_WRITE_EXHAUSTED_PRIMALITY_UNASSIGNED,513,512,512,NO_RECORDED_FACTOR_PRP_OR_LL_RESULT_AND_NO_ACTIVE_GIMPS_ASSIGNMENT,2026-08-09T09:12:31+00:00,UNALLOCATED,,,,,
SLCMP2607-4189,4189,4189,794209531,2^794209531-1,STRUCTURAL_SCREEN_EXHAUSTED_PRIMALITY_UNASSIGNED,GF3A_DIRECTIONAL_WRITE_EXHAUSTED_PRIMALITY_UNASSIGNED,514,512,512,NO_RECORDED_FACTOR_PRP_OR_LL_RESULT_AND_NO_ACTIVE_GIMPS_ASSIGNMENT,2026-08-09T09:12:31+00:00,UNALLOCATED,,,,,
SLCMP2607-4190,4190,4190,794209601,2^794209601-1,STRUCTURAL_SCREEN_EXHAUSTED_PRIMALITY_UNASSIGNED,GF3A_DIRECTIONAL_WRITE_EXHAUSTED_PRIMALITY_UNASSIGNED,513,512,512,NO_RECORDED_FACTOR_PRP_OR_LL_RESULT_AND_NO_ACTIVE_GIMPS_ASSIGNMENT,2026-08-09T09:12:31+00:00,UNALLOCATED,,,,,
SLCMP2607-4191,4191,4191,794209607,2^794209607-1,STRUCTURAL_SCREEN_EXHAUSTED_PRIMALITY_UNASSIGNED,GF3A_DIRECTIONAL_WRITE_EXHAUSTED_PRIMALITY_UNASSIGNED,514,512,512,NO_RECORDED_FACTOR_PRP_OR_LL_RESULT_AND_NO_ACTIVE_GIMPS_ASSIGNMENT,2026-08-09T09:12:31+00:00,UNALLOCATED,,,,,
SLCMP2607-4192,4192,4192,794209627,2^794209627-1,STRUCTURAL_SCREEN_EXHAUSTED_PRIMALITY_UNASSIGNED,GF3A_DIRECTIONAL_WRITE_EXHAUSTED_PRIMALITY_UNASSIGNED,514,512,512,NO_RECORDED_FACTOR_PRP_OR_LL_RESULT_AND_NO_ACTIVE_GIMPS_ASSIGNMENT,2026-08-09T09:12:31+00:00,UNALLOCATED,,,,,
SLCMP2607-4193,4193,4193,794209753,2^794209753-1,STRUCTURAL_SCREEN_EXHAUSTED_PRIMALITY_UNASSIGNED,GF3A_DIRECTIONAL_WRITE_EXHAUSTED_PRIMALITY_UNASSIGNED,513,512,512,NO_RECORDED_FACTOR_PRP_OR_LL_RESULT_AND_NO_ACTIVE_GIMPS_ASSIGNMENT,2026-08-09T09:12:31+00:00,UNALLOCATED,,,,,
SLCMP2607-4194,4194,4194,794209769,2^794209769-1,STRUCTURAL_SCREEN_EXHAUSTED_PRIMALITY_UNASSIGNED,GF3A_DIRECTIONAL_WRITE_EXHAUSTED_PRIMALITY_UNASSIGNED,513,512,512,NO_RECORDED_FACTOR_PRP_OR_LL_RESULT_AND_NO_ACTIVE_GIMPS_ASSIGNMENT,2026-08-09T09:12:31+00:00,UNALLOCATED,,,,,
SLCMP2607-4195,4195,4195,794209879,2^794209879-1,STRUCTURAL_SCREEN_EXHAUSTED_PRIMALITY_UNASSIGNED,GF3A_DIRECTIONAL_WRITE_EXHAUSTED_PRIMALITY_UNASSIGNED,514,512,512,NO_RECORDED_FACTOR_PRP_OR_LL_RESULT_AND_NO_ACTIVE_GIMPS_ASSIGNMENT,2026-08-09T09:12:31+00:00,UNALLOCATED,,,,,
SLCMP2607-4196,4196,4196,794209903,2^794209903-1,STRUCTURAL_SCREEN_EXHAUSTED_PRIMALITY_UNASSIGNED,GF3A_DIRECTIONAL_WRITE_EXHAUSTED_PRIMALITY_UNASSIGNED,514,512,512,NO_RECORDED_FACTOR_PRP_OR_LL_RESULT_AND_NO_ACTIVE_GIMPS_ASSIGNMENT,2026-08-09T09:12:31+00:00,UNALLOCATED,,,,,
SLCMP2607-4197,4197,4197,794210017,2^794210017-1,STRUCTURAL_SCREEN_EXHAUSTED_PRIMALITY_UNASSIGNED,GF3A_DIRECTIONAL_WRITE_EXHAUSTED_PRIMALITY_UNASSIGNED,513,512,512,NO_RECORDED_FACTOR_PRP_OR_LL_RESULT_AND_NO_ACTIVE_GIMPS_ASSIGNMENT,2026-08-09T09:12:31+00:00,UNALLOCATED,,,,,
SLCMP2607-4198,4198,4198,794210071,2^794210071-1,STRUCTURAL_SCREEN_EXHAUSTED_PRIMALITY_UNASSIGNED,GF3A_DIRECTIONAL_WRITE_EXHAUSTED_PRIMALITY_UNASSIGNED,514,512,512,NO_RECORDED_FACTOR_PRP_OR_LL_RESULT_AND_NO_ACTIVE_GIMPS_ASSIGNMENT,2026-08-09T09:12:31+00:00,UNALLOCATED,,,,,
SLCMP2607-4199,4199,4199,794210093,2^794210093-1,STRUCTURAL_SCREEN_EXHAUSTED_PRIMALITY_UNASSIGNED,GF3A_DIRECTIONAL_WRITE_EXHAUSTED_PRIMALITY_UNASSIGNED,513,512,512,NO_RECORDED_FACTOR_PRP_OR_LL_RESULT_AND_NO_ACTIVE_GIMPS_ASSIGNMENT,2026-08-09T09:12:31+00:00,UNALLOCATED,,,,,
SLCMP2607-4200,4200,4200,794210099,2^794210099-1,STRUCTURAL_SCREEN_EXHAUSTED_PRIMALITY_UNASSIGNED,GF3A_DIRECTIONAL_WRITE_EXHAUSTED_PRIMALITY_UNASSIGNED,514,512,512,NO_RECORDED_FACTOR_PRP_OR_LL_RESULT_AND_NO_ACTIVE_GIMPS_ASSIGNMENT,2026-08-09T09:12:31+00:00,UNALLOCATED,,,,,
SLCMP2607-4201,4201,4201,794210107,2^794210107-1,STRUCTURAL_SCREEN_EXHAUSTED_PRIMALITY_UNASSIGNED,GF3A_DIRECTIONAL_WRITE_EXHAUSTED_PRIMALITY_UNASSIGNED,514,512,512,NO_RECORDED_FACTOR_PRP_OR_LL_RESULT_AND_NO_ACTIVE_GIMPS_ASSIGNMENT,2026-08-09T09:12:31+00:00,UNALLOCATED,,,,,
SLCMP2607-4202,4202,4202,794210149,2^794210149-1,STRUCTURAL_SCREEN_EXHAUSTED_PRIMALITY_UNASSIGNED,GF3A_DIRECTIONAL_WRITE_EXHAUSTED_PRIMALITY_UNASSIGNED,513,512,512,NO_RECORDED_FACTOR_PRP_OR_LL_RESULT_AND_NO_ACTIVE_GIMPS_ASSIGNMENT,2026-08-09T09:12:31+00:00,UNALLOCATED,,,,,
SLCMP2607-4203,4203,4203,794210159,2^794210159-1,STRUCTURAL_SCREEN_EXHAUSTED_PRIMALITY_UNASSIGNED,GF3A_DIRECTIONAL_WRITE_EXHAUSTED_PRIMALITY_UNASSIGNED,514,512,512,NO_RECORDED_FACTOR_PRP_OR_LL_RESULT_AND_NO_ACTIVE_GIMPS_ASSIGNMENT,2026-08-09T09:12:31+00:00,UNALLOCATED,,,,,
SLCMP2607-4204,4204,4204,794210281,2^794210281-1,STRUCTURAL_SCREEN_EXHAUSTED_PRIMALITY_UNASSIGNED,GF3A_DIRECTIONAL_WRITE_EXHAUSTED_PRIMALITY_UNASSIGNED,513,512,512,NO_RECORDED_FACTOR_PRP_OR_LL_RESULT_AND_NO_ACTIVE_GIMPS_ASSIGNMENT,2026-08-09T09:12:31+00:00,UNALLOCATED,,,,,
SLCMP2607-4205,4205,4205,794210381,2^794210381-1,STRUCTURAL_SCREEN_EXHAUSTED_PRIMALITY_UNASSIGNED,GF3A_DIRECTIONAL_WRITE_EXHAUSTED_PRIMALITY_UNASSIGNED,513,512,512,NO_RECORDED_FACTOR_PRP_OR_LL_RESULT_AND_NO_ACTIVE_GIMPS_ASSIGNMENT,2026-08-09T09:12:31+00:00,UNALLOCATED,,,,,
SLCMP2607-4206,4206,4206,794210519,2^794210519-1,STRUCTURAL_SCREEN_EXHAUSTED_PRIMALITY_UNASSIGNED,GF3A_DIRECTIONAL_WRITE_EXHAUSTED_PRIMALITY_UNASSIGNED,514,512,512,NO_RECORDED_FACTOR_PRP_OR_LL_RESULT_AND_NO_ACTIVE_GIMPS_ASSIGNMENT,2026-08-09T09:12:31+00:00,UNALLOCATED,,,,,
SLCMP2607-4207,4207,4207,794210533,2^794210533-1,STRUCTURAL_SCREEN_EXHAUSTED_PRIMALITY_UNASSIGNED,GF3A_DIRECTIONAL_WRITE_EXHAUSTED_PRIMALITY_UNASSIGNED,513,512,512,NO_RECORDED_FACTOR_PRP_OR_LL_RESULT_AND_NO_ACTIVE_GIMPS_ASSIGNMENT,2026-08-09T09:12:31+00:00,UNALLOCATED,,,,,
SLCMP2607-4208,4208,4208,794210569,2^794210569-1,STRUCTURAL_SCREEN_EXHAUSTED_PRIMALITY_UNASSIGNED,GF3A_DIRECTIONAL_WRITE_EXHAUSTED_PRIMALITY_UNASSIGNED,513,512,512,NO_RECORDED_FACTOR_PRP_OR_LL_RESULT_AND_NO_ACTIVE_GIMPS_ASSIGNMENT,2026-08-09T09:12:31+00:00,UNALLOCATED,,,,,
SLCMP2607-4209,4209,4209,794210663,2^794210663-1,STRUCTURAL_SCREEN_EXHAUSTED_PRIMALITY_UNASSIGNED,GF3A_DIRECTIONAL_WRITE_EXHAUSTED_PRIMALITY_UNASSIGNED,514,512,512,NO_RECORDED_FACTOR_PRP_OR_LL_RESULT_AND_NO_ACTIVE_GIMPS_ASSIGNMENT,2026-08-09T09:12:31+00:00,UNALLOCATED,,,,,
SLCMP2607-4210,4210,4210,794210689,2^794210689-1,STRUCTURAL_SCREEN_EXHAUSTED_PRIMALITY_UNASSIGNED,GF3A_DIRECTIONAL_WRITE_EXHAUSTED_PRIMALITY_UNASSIGNED,513,512,512,NO_RECORDED_FACTOR_PRP_OR_LL_RESULT_AND_NO_ACTIVE_GIMPS_ASSIGNMENT,2026-08-09T09:12:31+00:00,UNALLOCATED,,,,,
SLCMP2607-4211,4211,4211,794210749,2^794210749-1,STRUCTURAL_SCREEN_EXHAUSTED_PRIMALITY_UNASSIGNED,GF3A_DIRECTIONAL_WRITE_EXHAUSTED_PRIMALITY_UNASSIGNED,513,512,512,NO_RECORDED_FACTOR_PRP_OR_LL_RESULT_AND_NO_ACTIVE_GIMPS_ASSIGNMENT,2026-08-09T09:12:31+00:00,UNALLOCATED,,,,,
SLCMP2607-4212,4212,4212,794210761,2^794210761-1,STRUCTURAL_SCREEN_EXHAUSTED_PRIMALITY_UNASSIGNED,GF3A_DIRECTIONAL_WRITE_EXHAUSTED_PRIMALITY_UNASSIGNED,513,512,512,NO_RECORDED_FACTOR_PRP_OR_LL_RESULT_AND_NO_ACTIVE_GIMPS_ASSIGNMENT,2026-08-09T09:12:31+00:00,UNALLOCATED,,,,,
SLCMP2607-4213,4213,4213,794210897,2^794210897-1,STRUCTURAL_SCREEN_EXHAUSTED_PRIMALITY_UNASSIGNED,GF3A_DIRECTIONAL_WRITE_EXHAUSTED_PRIMALITY_UNASSIGNED,513,512,512,NO_RECORDED_FACTOR_PRP_OR_LL_RESULT_AND_NO_ACTIVE_GIMPS_ASSIGNMENT,2026-08-09T09:12:31+00:00,UNALLOCATED,,,,,
SLCMP2607-4214,4214,4214,794211037,2^794211037-1,STRUCTURAL_SCREEN_EXHAUSTED_PRIMALITY_UNASSIGNED,GF3A_DIRECTIONAL_WRITE_EXHAUSTED_PRIMALITY_UNASSIGNED,513,512,512,NO_RECORDED_FACTOR_PRP_OR_LL_RESULT_AND_NO_ACTIVE_GIMPS_ASSIGNMENT,2026-08-09T09:12:31+00:00,UNALLOCATED,,,,,
SLCMP2607-4215,4215,4215,794211113,2^794211113-1,STRUCTURAL_SCREEN_EXHAUSTED_PRIMALITY_UNASSIGNED,GF3A_DIRECTIONAL_WRITE_EXHAUSTED_PRIMALITY_UNASSIGNED,513,512,512,NO_RECORDED_FACTOR_PRP_OR_LL_RESULT_AND_NO_ACTIVE_GIMPS_ASSIGNMENT,2026-08-09T09:12:31+00:00,UNALLOCATED,,,,,
SLCMP2607-4216,4216,4216,794211127,2^794211127-1,STRUCTURAL_SCREEN_EXHAUSTED_PRIMALITY_UNASSIGNED,GF3A_DIRECTIONAL_WRITE_EXHAUSTED_PRIMALITY_UNASSIGNED,514,512,512,NO_RECORDED_FACTOR_PRP_OR_LL_RESULT_AND_NO_ACTIVE_GIMPS_ASSIGNMENT,2026-08-09T09:12:31+00:00,UNALLOCATED,,,,,
SLCMP2607-4217,4217,4217,794211221,2^794211221-1,STRUCTURAL_SCREEN_EXHAUSTED_PRIMALITY_UNASSIGNED,GF3A_DIRECTIONAL_WRITE_EXHAUSTED_PRIMALITY_UNASSIGNED,513,512,512,NO_RECORDED_FACTOR_PRP_OR_LL_RESULT_AND_NO_ACTIVE_GIMPS_ASSIGNMENT,2026-08-09T09:12:31+00:00,UNALLOCATED,,,,,
SLCMP2607-4218,4218,4218,794211239,2^794211239-1,STRUCTURAL_SCREEN_EXHAUSTED_PRIMALITY_UNASSIGNED,GF3A_DIRECTIONAL_WRITE_EXHAUSTED_PRIMALITY_UNASSIGNED,514,512,512,NO_RECORDED_FACTOR_PRP_OR_LL_RESULT_AND_NO_ACTIVE_GIMPS_ASSIGNMENT,2026-08-09T09:12:31+00:00,UNALLOCATED,,,,,
SLCMP2607-4219,4219,4219,794211317,2^794211317-1,STRUCTURAL_SCREEN_EXHAUSTED_PRIMALITY_UNASSIGNED,GF3A_DIRECTIONAL_WRITE_EXHAUSTED_PRIMALITY_UNASSIGNED,513,512,512,NO_RECORDED_FACTOR_PRP_OR_LL_RESULT_AND_NO_ACTIVE_GIMPS_ASSIGNMENT,2026-08-09T09:12:31+00:00,UNALLOCATED,,,,,
SLCMP2607-4220,4220,4220,794211329,2^794211329-1,STRUCTURAL_SCREEN_EXHAUSTED_PRIMALITY_UNASSIGNED,GF3A_DIRECTIONAL_WRITE_EXHAUSTED_PRIMALITY_UNASSIGNED,513,512,512,NO_RECORDED_FACTOR_PRP_OR_LL_RESULT_AND_NO_ACTIVE_GIMPS_ASSIGNMENT,2026-08-09T09:12:31+00:00,UNALLOCATED,,,,,
SLCMP2607-4221,4221,4221,794211359,2^794211359-1,STRUCTURAL_SCREEN_EXHAUSTED_PRIMALITY_UNASSIGNED,GF3A_DIRECTIONAL_WRITE_EXHAUSTED_PRIMALITY_UNASSIGNED,514,512,512,NO_RECORDED_FACTOR_PRP_OR_LL_RESULT_AND_NO_ACTIVE_GIMPS_ASSIGNMENT,2026-08-09T09:12:31+00:00,UNALLOCATED,,,,,
SLCMP2607-4222,4222,4222,794211433,2^794211433-1,STRUCTURAL_SCREEN_EXHAUSTED_PRIMALITY_UNASSIGNED,GF3A_DIRECTIONAL_WRITE_EXHAUSTED_PRIMALITY_UNASSIGNED,513,512,512,NO_RECORDED_FACTOR_PRP_OR_LL_RESULT_AND_NO_ACTIVE_GIMPS_ASSIGNMENT,2026-08-09T09:12:31+00:00,UNALLOCATED,,,,,
SLCMP2607-4223,4223,4223,794211461,2^794211461-1,STRUCTURAL_SCREEN_EXHAUSTED_PRIMALITY_UNASSIGNED,GF3A_DIRECTIONAL_WRITE_EXHAUSTED_PRIMALITY_UNASSIGNED,513,512,512,NO_RECORDED_FACTOR_PRP_OR_LL_RESULT_AND_NO_ACTIVE_GIMPS_ASSIGNMENT,2026-08-09T09:12:31+00:00,UNALLOCATED,,,,,
SLCMP2607-4224,4224,4224,794211493,2^794211493-1,STRUCTURAL_SCREEN_EXHAUSTED_PRIMALITY_UNASSIGNED,GF3A_DIRECTIONAL_WRITE_EXHAUSTED_PRIMALITY_UNASSIGNED,513,512,512,NO_RECORDED_FACTOR_PRP_OR_LL_RESULT_AND_NO_ACTIVE_GIMPS_ASSIGNMENT,2026-08-09T09:12:31+00:00,UNALLOCATED,,,,,
SLCMP2607-4225,4225,4225,794211527,2^794211527-1,STRUCTURAL_SCREEN_EXHAUSTED_PRIMALITY_UNASSIGNED,GF3A_DIRECTIONAL_WRITE_EXHAUSTED_PRIMALITY_UNASSIGNED,514,512,512,NO_RECORDED_FACTOR_PRP_OR_LL_RESULT_AND_NO_ACTIVE_GIMPS_ASSIGNMENT,2026-08-09T09:12:31+00:00,UNALLOCATED,,,,,
SLCMP2607-4226,4226,4226,794211739,2^794211739-1,STRUCTURAL_SCREEN_EXHAUSTED_PRIMALITY_UNASSIGNED,GF3A_DIRECTIONAL_WRITE_EXHAUSTED_PRIMALITY_UNASSIGNED,514,512,512,NO_RECORDED_FACTOR_PRP_OR_LL_RESULT_AND_NO_ACTIVE_GIMPS_ASSIGNMENT,2026-08-09T09:12:31+00:00,UNALLOCATED,,,,,
SLCMP2607-4227,4227,4227,794211767,2^794211767-1,STRUCTURAL_SCREEN_EXHAUSTED_PRIMALITY_UNASSIGNED,GF3A_DIRECTIONAL_WRITE_EXHAUSTED_PRIMALITY_UNASSIGNED,514,512,512,NO_RECORDED_FACTOR_PRP_OR_LL_RESULT_AND_NO_ACTIVE_GIMPS_ASSIGNMENT,2026-08-09T09:12:31+00:00,UNALLOCATED,,,,,
SLCMP2607-4228,4228,4228,794211851,2^794211851-1,STRUCTURAL_SCREEN_EXHAUSTED_PRIMALITY_UNASSIGNED,GF3A_DIRECTIONAL_WRITE_EXHAUSTED_PRIMALITY_UNASSIGNED,514,512,512,NO_RECORDED_FACTOR_PRP_OR_LL_RESULT_AND_NO_ACTIVE_GIMPS_ASSIGNMENT,2026-08-09T09:12:31+00:00,UNALLOCATED,,,,,
SLCMP2607-4229,4229,4229,794211947,2^794211947-1,STRUCTURAL_SCREEN_EXHAUSTED_PRIMALITY_UNASSIGNED,GF3A_DIRECTIONAL_WRITE_EXHAUSTED_PRIMALITY_UNASSIGNED,514,512,512,NO_RECORDED_FACTOR_PRP_OR_LL_RESULT_AND_NO_ACTIVE_GIMPS_ASSIGNMENT,2026-08-09T09:12:31+00:00,UNALLOCATED,,,,,
SLCMP2607-4230,4230,4230,794211949,2^794211949-1,STRUCTURAL_SCREEN_EXHAUSTED_PRIMALITY_UNASSIGNED,GF3A_DIRECTIONAL_WRITE_EXHAUSTED_PRIMALITY_UNASSIGNED,513,512,512,NO_RECORDED_FACTOR_PRP_OR_LL_RESULT_AND_NO_ACTIVE_GIMPS_ASSIGNMENT,2026-08-09T09:12:31+00:00,UNALLOCATED,,,,,
SLCMP2607-4231,4231,4231,794211961,2^794211961-1,STRUCTURAL_SCREEN_EXHAUSTED_PRIMALITY_UNASSIGNED,GF3A_DIRECTIONAL_WRITE_EXHAUSTED_PRIMALITY_UNASSIGNED,513,512,512,NO_RECORDED_FACTOR_PRP_OR_LL_RESULT_AND_NO_ACTIVE_GIMPS_ASSIGNMENT,2026-08-09T09:12:31+00:00,UNALLOCATED,,,,,
SLCMP2607-4232,4232,4232,794212123,2^794212123-1,STRUCTURAL_SCREEN_EXHAUSTED_PRIMALITY_UNASSIGNED,GF3A_DIRECTIONAL_WRITE_EXHAUSTED_PRIMALITY_UNASSIGNED,514,512,512,NO_RECORDED_FACTOR_PRP_OR_LL_RESULT_AND_NO_ACTIVE_GIMPS_ASSIGNMENT,2026-08-09T09:12:31+00:00,UNALLOCATED,,,,,
SLCMP2607-4233,4233,4233,794212127,2^794212127-1,STRUCTURAL_SCREEN_EXHAUSTED_PRIMALITY_UNASSIGNED,GF3A_DIRECTIONAL_WRITE_EXHAUSTED_PRIMALITY_UNASSIGNED,514,512,512,NO_RECORDED_FACTOR_PRP_OR_LL_RESULT_AND_NO_ACTIVE_GIMPS_ASSIGNMENT,2026-08-09T09:12:31+00:00,UNALLOCATED,,,,,
SLCMP2607-4234,4234,4234,794212231,2^794212231-1,STRUCTURAL_SCREEN_EXHAUSTED_PRIMALITY_UNASSIGNED,GF3A_DIRECTIONAL_WRITE_EXHAUSTED_PRIMALITY_UNASSIGNED,514,512,512,NO_RECORDED_FACTOR_PRP_OR_LL_RESULT_AND_NO_ACTIVE_GIMPS_ASSIGNMENT,2026-08-09T09:12:31+00:00,UNALLOCATED,,,,,
SLCMP2607-4235,4235,4235,794212247,2^794212247-1,STRUCTURAL_SCREEN_EXHAUSTED_PRIMALITY_UNASSIGNED,GF3A_DIRECTIONAL_WRITE_EXHAUSTED_PRIMALITY_UNASSIGNED,514,512,512,NO_RECORDED_FACTOR_PRP_OR_LL_RESULT_AND_NO_ACTIVE_GIMPS_ASSIGNMENT,2026-08-09T09:12:31+00:00,UNALLOCATED,,,,,
SLCMP2607-4236,4236,4236,794212249,2^794212249-1,STRUCTURAL_SCREEN_EXHAUSTED_PRIMALITY_UNASSIGNED,GF3A_DIRECTIONAL_WRITE_EXHAUSTED_PRIMALITY_UNASSIGNED,513,512,512,NO_RECORDED_FACTOR_PRP_OR_LL_RESULT_AND_NO_ACTIVE_GIMPS_ASSIGNMENT,2026-08-09T09:12:31+00:00,UNALLOCATED,,,,,
SLCMP2607-4237,4237,4237,794212351,2^794212351-1,STRUCTURAL_SCREEN_EXHAUSTED_PRIMALITY_UNASSIGNED,GF3A_DIRECTIONAL_WRITE_EXHAUSTED_PRIMALITY_UNASSIGNED,514,512,512,NO_RECORDED_FACTOR_PRP_OR_LL_RESULT_AND_NO_ACTIVE_GIMPS_ASSIGNMENT,2026-08-09T09:12:31+00:00,UNALLOCATED,,,,,
SLCMP2607-4238,4238,4238,794212453,2^794212453-1,STRUCTURAL_SCREEN_EXHAUSTED_PRIMALITY_UNASSIGNED,GF3A_DIRECTIONAL_WRITE_EXHAUSTED_PRIMALITY_UNASSIGNED,513,512,512,NO_RECORDED_FACTOR_PRP_OR_LL_RESULT_AND_NO_ACTIVE_GIMPS_ASSIGNMENT,2026-08-09T09:12:31+00:00,UNALLOCATED,,,,,
SLCMP2607-4239,4239,4239,794212577,2^794212577-1,STRUCTURAL_SCREEN_EXHAUSTED_PRIMALITY_UNASSIGNED,GF3A_DIRECTIONAL_WRITE_EXHAUSTED_PRIMALITY_UNASSIGNED,513,512,512,NO_RECORDED_FACTOR_PRP_OR_LL_RESULT_AND_NO_ACTIVE_GIMPS_ASSIGNMENT,2026-08-09T09:12:31+00:00,UNALLOCATED,,,,,
SLCMP2607-4240,4240,4240,794212637,2^794212637-1,STRUCTURAL_SCREEN_EXHAUSTED_PRIMALITY_UNASSIGNED,GF3A_DIRECTIONAL_WRITE_EXHAUSTED_PRIMALITY_UNASSIGNED,513,512,512,NO_RECORDED_FACTOR_PRP_OR_LL_RESULT_AND_NO_ACTIVE_GIMPS_ASSIGNMENT,2026-08-09T09:12:31+00:00,UNALLOCATED,,,,,
SLCMP2607-4241,4241,4241,794212649,2^794212649-1,STRUCTURAL_SCREEN_EXHAUSTED_PRIMALITY_UNASSIGNED,GF3A_DIRECTIONAL_WRITE_EXHAUSTED_PRIMALITY_UNASSIGNED,513,512,512,NO_RECORDED_FACTOR_PRP_OR_LL_RESULT_AND_NO_ACTIVE_GIMPS_ASSIGNMENT,2026-08-09T09:12:31+00:00,UNALLOCATED,,,,,
SLCMP2607-4242,4242,4242,794212663,2^794212663-1,STRUCTURAL_SCREEN_EXHAUSTED_PRIMALITY_UNASSIGNED,GF3A_DIRECTIONAL_WRITE_EXHAUSTED_PRIMALITY_UNASSIGNED,514,512,512,NO_RECORDED_FACTOR_PRP_OR_LL_RESULT_AND_NO_ACTIVE_GIMPS_ASSIGNMENT,2026-08-09T09:12:31+00:00,UNALLOCATED,,,,,
SLCMP2607-4243,4243,4243,794212693,2^794212693-1,STRUCTURAL_SCREEN_EXHAUSTED_PRIMALITY_UNASSIGNED,GF3A_DIRECTIONAL_WRITE_EXHAUSTED_PRIMALITY_UNASSIGNED,513,512,512,NO_RECORDED_FACTOR_PRP_OR_LL_RESULT_AND_NO_ACTIVE_GIMPS_ASSIGNMENT,2026-08-09T09:12:31+00:00,UNALLOCATED,,,,,
SLCMP2607-4244,4244,4244,794212759,2^794212759-1,STRUCTURAL_SCREEN_EXHAUSTED_PRIMALITY_UNASSIGNED,GF3A_DIRECTIONAL_WRITE_EXHAUSTED_PRIMALITY_UNASSIGNED,514,512,512,NO_RECORDED_FACTOR_PRP_OR_LL_RESULT_AND_NO_ACTIVE_GIMPS_ASSIGNMENT,2026-08-09T09:12:31+00:00,UNALLOCATED,,,,,
SLCMP2607-4245,4245,4245,794212813,2^794212813-1,STRUCTURAL_SCREEN_EXHAUSTED_PRIMALITY_UNASSIGNED,GF3A_DIRECTIONAL_WRITE_EXHAUSTED_PRIMALITY_UNASSIGNED,513,512,512,NO_RECORDED_FACTOR_PRP_OR_LL_RESULT_AND_NO_ACTIVE_GIMPS_ASSIGNMENT,2026-08-09T09:12:31+00:00,UNALLOCATED,,,,,
SLCMP2607-4246,4246,4246,794212819,2^794212819-1,STRUCTURAL_SCREEN_EXHAUSTED_PRIMALITY_UNASSIGNED,GF3A_DIRECTIONAL_WRITE_EXHAUSTED_PRIMALITY_UNASSIGNED,514,512,512,NO_RECORDED_FACTOR_PRP_OR_LL_RESULT_AND_NO_ACTIVE_GIMPS_ASSIGNMENT,2026-08-09T09:12:31+00:00,UNALLOCATED,,,,,
SLCMP2607-4247,4247,4247,794212843,2^794212843-1,STRUCTURAL_SCREEN_EXHAUSTED_PRIMALITY_UNASSIGNED,GF3A_DIRECTIONAL_WRITE_EXHAUSTED_PRIMALITY_UNASSIGNED,514,512,512,NO_RECORDED_FACTOR_PRP_OR_LL_RESULT_AND_NO_ACTIVE_GIMPS_ASSIGNMENT,2026-08-09T09:12:31+00:00,UNALLOCATED,,,,,
SLCMP2607-4248,4248,4248,794212847,2^794212847-1,STRUCTURAL_SCREEN_EXHAUSTED_PRIMALITY_UNASSIGNED,GF3A_DIRECTIONAL_WRITE_EXHAUSTED_PRIMALITY_UNASSIGNED,514,512,512,NO_RECORDED_FACTOR_PRP_OR_LL_RESULT_AND_NO_ACTIVE_GIMPS_ASSIGNMENT,2026-08-09T09:12:31+00:00,UNALLOCATED,,,,,
SLCMP2607-4249,4249,4249,794212877,2^794212877-1,STRUCTURAL_SCREEN_EXHAUSTED_PRIMALITY_UNASSIGNED,GF3A_DIRECTIONAL_WRITE_EXHAUSTED_PRIMALITY_UNASSIGNED,513,512,512,NO_RECORDED_FACTOR_PRP_OR_LL_RESULT_AND_NO_ACTIVE_GIMPS_ASSIGNMENT,2026-08-09T09:12:31+00:00,UNALLOCATED,,,,,
SLCMP2607-4250,4250,4250,794212997,2^794212997-1,STRUCTURAL_SCREEN_EXHAUSTED_PRIMALITY_UNASSIGNED,GF3A_DIRECTIONAL_WRITE_EXHAUSTED_PRIMALITY_UNASSIGNED,513,512,512,NO_RECORDED_FACTOR_PRP_OR_LL_RESULT_AND_NO_ACTIVE_GIMPS_ASSIGNMENT,2026-08-09T09:12:31+00:00,UNALLOCATED,,,,,
SLCMP2607-4251,4251,4251,794213047,2^794213047-1,STRUCTURAL_SCREEN_EXHAUSTED_PRIMALITY_UNASSIGNED,GF3A_DIRECTIONAL_WRITE_EXHAUSTED_PRIMALITY_UNASSIGNED,514,512,512,NO_RECORDED_FACTOR_PRP_OR_LL_RESULT_AND_NO_ACTIVE_GIMPS_ASSIGNMENT,2026-08-09T09:12:31+00:00,UNALLOCATED,,,,,
SLCMP2607-4252,4252,4252,794213051,2^794213051-1,STRUCTURAL_SCREEN_EXHAUSTED_PRIMALITY_UNASSIGNED,GF3A_DIRECTIONAL_WRITE_EXHAUSTED_PRIMALITY_UNASSIGNED,514,512,512,NO_RECORDED_FACTOR_PRP_OR_LL_RESULT_AND_NO_ACTIVE_GIMPS_ASSIGNMENT,2026-08-09T09:12:31+00:00,UNALLOCATED,,,,,
SLCMP2607-4253,4253,4253,794213083,2^794213083-1,STRUCTURAL_SCREEN_EXHAUSTED_PRIMALITY_UNASSIGNED,GF3A_DIRECTIONAL_WRITE_EXHAUSTED_PRIMALITY_UNASSIGNED,514,512,512,NO_RECORDED_FACTOR_PRP_OR_LL_RESULT_AND_NO_ACTIVE_GIMPS_ASSIGNMENT,2026-08-09T09:12:31+00:00,UNALLOCATED,,,,,
SLCMP2607-4254,4254,4254,794213113,2^794213113-1,STRUCTURAL_SCREEN_EXHAUSTED_PRIMALITY_UNASSIGNED,GF3A_DIRECTIONAL_WRITE_EXHAUSTED_PRIMALITY_UNASSIGNED,513,512,512,NO_RECORDED_FACTOR_PRP_OR_LL_RESULT_AND_NO_ACTIVE_GIMPS_ASSIGNMENT,2026-08-09T09:12:31+00:00,UNALLOCATED,,,,,
SLCMP2607-4255,4255,4255,794213143,2^794213143-1,STRUCTURAL_SCREEN_EXHAUSTED_PRIMALITY_UNASSIGNED,GF3A_DIRECTIONAL_WRITE_EXHAUSTED_PRIMALITY_UNASSIGNED,514,512,512,NO_RECORDED_FACTOR_PRP_OR_LL_RESULT_AND_NO_ACTIVE_GIMPS_ASSIGNMENT,2026-08-09T09:12:31+00:00,UNALLOCATED,,,,,
SLCMP2607-4256,4256,4256,794213159,2^794213159-1,STRUCTURAL_SCREEN_EXHAUSTED_PRIMALITY_UNASSIGNED,GF3A_DIRECTIONAL_WRITE_EXHAUSTED_PRIMALITY_UNASSIGNED,514,512,512,NO_RECORDED_FACTOR_PRP_OR_LL_RESULT_AND_NO_ACTIVE_GIMPS_ASSIGNMENT,2026-08-09T09:12:31+00:00,UNALLOCATED,,,,,
SLCMP2607-4257,4257,4257,794213263,2^794213263-1,STRUCTURAL_SCREEN_EXHAUSTED_PRIMALITY_UNASSIGNED,GF3A_DIRECTIONAL_WRITE_EXHAUSTED_PRIMALITY_UNASSIGNED,514,512,512,NO_RECORDED_FACTOR_PRP_OR_LL_RESULT_AND_NO_ACTIVE_GIMPS_ASSIGNMENT,2026-08-09T09:12:31+00:00,UNALLOCATED,,,,,
SLCMP2607-4258,4258,4258,794213267,2^794213267-1,STRUCTURAL_SCREEN_EXHAUSTED_PRIMALITY_UNASSIGNED,GF3A_DIRECTIONAL_WRITE_EXHAUSTED_PRIMALITY_UNASSIGNED,514,512,512,NO_RECORDED_FACTOR_PRP_OR_LL_RESULT_AND_NO_ACTIVE_GIMPS_ASSIGNMENT,2026-08-09T09:12:31+00:00,UNALLOCATED,,,,,
SLCMP2607-4259,4259,4259,794213383,2^794213383-1,STRUCTURAL_SCREEN_EXHAUSTED_PRIMALITY_UNASSIGNED,GF3A_DIRECTIONAL_WRITE_EXHAUSTED_PRIMALITY_UNASSIGNED,514,512,512,NO_RECORDED_FACTOR_PRP_OR_LL_RESULT_AND_NO_ACTIVE_GIMPS_ASSIGNMENT,2026-08-09T09:12:31+00:00,UNALLOCATED,,,,,
SLCMP2607-4260,4260,4260,794213461,2^794213461-1,STRUCTURAL_SCREEN_EXHAUSTED_PRIMALITY_UNASSIGNED,GF3A_DIRECTIONAL_WRITE_EXHAUSTED_PRIMALITY_UNASSIGNED,513,512,512,NO_RECORDED_FACTOR_PRP_OR_LL_RESULT_AND_NO_ACTIVE_GIMPS_ASSIGNMENT,2026-08-09T09:12:31+00:00,UNALLOCATED,,,,,
SLCMP2607-4261,4261,4261,794213479,2^794213479-1,STRUCTURAL_SCREEN_EXHAUSTED_PRIMALITY_UNASSIGNED,GF3A_DIRECTIONAL_WRITE_EXHAUSTED_PRIMALITY_UNASSIGNED,514,512,512,NO_RECORDED_FACTOR_PRP_OR_LL_RESULT_AND_NO_ACTIVE_GIMPS_ASSIGNMENT,2026-08-09T09:12:31+00:00,UNALLOCATED,,,,,
SLCMP2607-4262,4262,4262,794213507,2^794213507-1,STRUCTURAL_SCREEN_EXHAUSTED_PRIMALITY_UNASSIGNED,GF3A_DIRECTIONAL_WRITE_EXHAUSTED_PRIMALITY_UNASSIGNED,514,512,512,NO_RECORDED_FACTOR_PRP_OR_LL_RESULT_AND_NO_ACTIVE_GIMPS_ASSIGNMENT,2026-08-09T09:12:31+00:00,UNALLOCATED,,,,,
SLCMP2607-4263,4263,4263,794213543,2^794213543-1,STRUCTURAL_SCREEN_EXHAUSTED_PRIMALITY_UNASSIGNED,GF3A_DIRECTIONAL_WRITE_EXHAUSTED_PRIMALITY_UNASSIGNED,514,512,512,NO_RECORDED_FACTOR_PRP_OR_LL_RESULT_AND_NO_ACTIVE_GIMPS_ASSIGNMENT,2026-08-09T09:12:31+00:00,UNALLOCATED,,,,,
SLCMP2607-4264,4264,4264,794213603,2^794213603-1,STRUCTURAL_SCREEN_EXHAUSTED_PRIMALITY_UNASSIGNED,GF3A_DIRECTIONAL_WRITE_EXHAUSTED_PRIMALITY_UNASSIGNED,514,512,512,NO_RECORDED_FACTOR_PRP_OR_LL_RESULT_AND_NO_ACTIVE_GIMPS_ASSIGNMENT,2026-08-09T09:12:31+00:00,UNALLOCATED,,,,,
SLCMP2607-4265,4265,4265,794213627,2^794213627-1,STRUCTURAL_SCREEN_EXHAUSTED_PRIMALITY_UNASSIGNED,GF3A_DIRECTIONAL_WRITE_EXHAUSTED_PRIMALITY_UNASSIGNED,514,512,512,NO_RECORDED_FACTOR_PRP_OR_LL_RESULT_AND_NO_ACTIVE_GIMPS_ASSIGNMENT,2026-08-09T09:12:31+00:00,UNALLOCATED,,,,,
SLCMP2607-4266,4266,4266,794213653,2^794213653-1,STRUCTURAL_SCREEN_EXHAUSTED_PRIMALITY_UNASSIGNED,GF3A_DIRECTIONAL_WRITE_EXHAUSTED_PRIMALITY_UNASSIGNED,513,512,512,NO_RECORDED_FACTOR_PRP_OR_LL_RESULT_AND_NO_ACTIVE_GIMPS_ASSIGNMENT,2026-08-09T09:12:31+00:00,UNALLOCATED,,,,,
SLCMP2607-4267,4267,4267,794213689,2^794213689-1,STRUCTURAL_SCREEN_EXHAUSTED_PRIMALITY_UNASSIGNED,GF3A_DIRECTIONAL_WRITE_EXHAUSTED_PRIMALITY_UNASSIGNED,513,512,512,NO_RECORDED_FACTOR_PRP_OR_LL_RESULT_AND_NO_ACTIVE_GIMPS_ASSIGNMENT,2026-08-09T09:12:31+00:00,UNALLOCATED,,,,,
SLCMP2607-4268,4268,4268,794213729,2^794213729-1,STRUCTURAL_SCREEN_EXHAUSTED_PRIMALITY_UNASSIGNED,GF3A_DIRECTIONAL_WRITE_EXHAUSTED_PRIMALITY_UNASSIGNED,513,512,512,NO_RECORDED_FACTOR_PRP_OR_LL_RESULT_AND_NO_ACTIVE_GIMPS_ASSIGNMENT,2026-08-09T09:12:31+00:00,UNALLOCATED,,,,,
SLCMP2607-4269,4269,4269,794213767,2^794213767-1,STRUCTURAL_SCREEN_EXHAUSTED_PRIMALITY_UNASSIGNED,GF3A_DIRECTIONAL_WRITE_EXHAUSTED_PRIMALITY_UNASSIGNED,514,512,512,NO_RECORDED_FACTOR_PRP_OR_LL_RESULT_AND_NO_ACTIVE_GIMPS_ASSIGNMENT,2026-08-09T09:12:31+00:00,UNALLOCATED,,,,,
SLCMP2607-4270,4270,4270,794213869,2^794213869-1,STRUCTURAL_SCREEN_EXHAUSTED_PRIMALITY_UNASSIGNED,GF3A_DIRECTIONAL_WRITE_EXHAUSTED_PRIMALITY_UNASSIGNED,513,512,512,NO_RECORDED_FACTOR_PRP_OR_LL_RESULT_AND_NO_ACTIVE_GIMPS_ASSIGNMENT,2026-08-09T09:12:31+00:00,UNALLOCATED,,,,,
SLCMP2607-4271,4271,4271,794213873,2^794213873-1,STRUCTURAL_SCREEN_EXHAUSTED_PRIMALITY_UNASSIGNED,GF3A_DIRECTIONAL_WRITE_EXHAUSTED_PRIMALITY_UNASSIGNED,513,512,512,NO_RECORDED_FACTOR_PRP_OR_LL_RESULT_AND_NO_ACTIVE_GIMPS_ASSIGNMENT,2026-08-09T09:12:31+00:00,UNALLOCATED,,,,,
SLCMP2607-4272,4272,4272,794213879,2^794213879-1,STRUCTURAL_SCREEN_EXHAUSTED_PRIMALITY_UNASSIGNED,GF3A_DIRECTIONAL_WRITE_EXHAUSTED_PRIMALITY_UNASSIGNED,514,512,512,NO_RECORDED_FACTOR_PRP_OR_LL_RESULT_AND_NO_ACTIVE_GIMPS_ASSIGNMENT,2026-08-09T09:12:31+00:00,UNALLOCATED,,,,,
SLCMP2607-4273,4273,4273,794214049,2^794214049-1,STRUCTURAL_SCREEN_EXHAUSTED_PRIMALITY_UNASSIGNED,GF3A_DIRECTIONAL_WRITE_EXHAUSTED_PRIMALITY_UNASSIGNED,513,512,512,NO_RECORDED_FACTOR_PRP_OR_LL_RESULT_AND_NO_ACTIVE_GIMPS_ASSIGNMENT,2026-08-09T09:12:31+00:00,UNALLOCATED,,,,,
SLCMP2607-4274,4274,4274,794214089,2^794214089-1,STRUCTURAL_SCREEN_EXHAUSTED_PRIMALITY_UNASSIGNED,GF3A_DIRECTIONAL_WRITE_EXHAUSTED_PRIMALITY_UNASSIGNED,513,512,512,NO_RECORDED_FACTOR_PRP_OR_LL_RESULT_AND_NO_ACTIVE_GIMPS_ASSIGNMENT,2026-08-09T09:12:31+00:00,UNALLOCATED,,,,,
SLCMP2607-4275,4275,4275,794214101,2^794214101-1,STRUCTURAL_SCREEN_EXHAUSTED_PRIMALITY_UNASSIGNED,GF3A_DIRECTIONAL_WRITE_EXHAUSTED_PRIMALITY_UNASSIGNED,513,512,512,NO_RECORDED_FACTOR_PRP_OR_LL_RESULT_AND_NO_ACTIVE_GIMPS_ASSIGNMENT,2026-08-09T09:12:31+00:00,UNALLOCATED,,,,,
SLCMP2607-4276,4276,4276,794214121,2^794214121-1,STRUCTURAL_SCREEN_EXHAUSTED_PRIMALITY_UNASSIGNED,GF3A_DIRECTIONAL_WRITE_EXHAUSTED_PRIMALITY_UNASSIGNED,513,512,512,NO_RECORDED_FACTOR_PRP_OR_LL_RESULT_AND_NO_ACTIVE_GIMPS_ASSIGNMENT,2026-08-09T09:12:31+00:00,UNALLOCATED,,,,,
SLCMP2607-4277,4277,4277,794214137,2^794214137-1,STRUCTURAL_SCREEN_EXHAUSTED_PRIMALITY_UNASSIGNED,GF3A_DIRECTIONAL_WRITE_EXHAUSTED_PRIMALITY_UNASSIGNED,513,512,512,NO_RECORDED_FACTOR_PRP_OR_LL_RESULT_AND_NO_ACTIVE_GIMPS_ASSIGNMENT,2026-08-09T09:12:31+00:00,UNALLOCATED,,,,,
SLCMP2607-4278,4278,4278,794214199,2^794214199-1,STRUCTURAL_SCREEN_EXHAUSTED_PRIMALITY_UNASSIGNED,GF3A_DIRECTIONAL_WRITE_EXHAUSTED_PRIMALITY_UNASSIGNED,514,512,512,NO_RECORDED_FACTOR_PRP_OR_LL_RESULT_AND_NO_ACTIVE_GIMPS_ASSIGNMENT,2026-08-09T09:12:31+00:00,UNALLOCATED,,,,,
SLCMP2607-4279,4279,4279,794214283,2^794214283-1,STRUCTURAL_SCREEN_EXHAUSTED_PRIMALITY_UNASSIGNED,GF3A_DIRECTIONAL_WRITE_EXHAUSTED_PRIMALITY_UNASSIGNED,514,512,512,NO_RECORDED_FACTOR_PRP_OR_LL_RESULT_AND_NO_ACTIVE_GIMPS_ASSIGNMENT,2026-08-09T09:12:31+00:00,UNALLOCATED,,,,,
SLCMP2607-4280,4280,4280,794214299,2^794214299-1,STRUCTURAL_SCREEN_EXHAUSTED_PRIMALITY_UNASSIGNED,GF3A_DIRECTIONAL_WRITE_EXHAUSTED_PRIMALITY_UNASSIGNED,514,512,512,NO_RECORDED_FACTOR_PRP_OR_LL_RESULT_AND_NO_ACTIVE_GIMPS_ASSIGNMENT,2026-08-09T09:12:31+00:00,UNALLOCATED,,,,,
SLCMP2607-4281,4281,4281,794214341,2^794214341-1,STRUCTURAL_SCREEN_EXHAUSTED_PRIMALITY_UNASSIGNED,GF3A_DIRECTIONAL_WRITE_EXHAUSTED_PRIMALITY_UNASSIGNED,513,512,512,NO_RECORDED_FACTOR_PRP_OR_LL_RESULT_AND_NO_ACTIVE_GIMPS_ASSIGNMENT,2026-08-09T09:12:31+00:00,UNALLOCATED,,,,,
SLCMP2607-4282,4282,4282,794214397,2^794214397-1,STRUCTURAL_SCREEN_EXHAUSTED_PRIMALITY_UNASSIGNED,GF3A_DIRECTIONAL_WRITE_EXHAUSTED_PRIMALITY_UNASSIGNED,513,512,512,NO_RECORDED_FACTOR_PRP_OR_LL_RESULT_AND_NO_ACTIVE_GIMPS_ASSIGNMENT,2026-08-09T09:12:31+00:00,UNALLOCATED,,,,,
SLCMP2607-4283,4283,4283,794214433,2^794214433-1,STRUCTURAL_SCREEN_EXHAUSTED_PRIMALITY_UNASSIGNED,GF3A_DIRECTIONAL_WRITE_EXHAUSTED_PRIMALITY_UNASSIGNED,513,512,512,NO_RECORDED_FACTOR_PRP_OR_LL_RESULT_AND_NO_ACTIVE_GIMPS_ASSIGNMENT,2026-08-09T09:12:31+00:00,UNALLOCATED,,,,,
SLCMP2607-4284,4284,4284,794214457,2^794214457-1,STRUCTURAL_SCREEN_EXHAUSTED_PRIMALITY_UNASSIGNED,GF3A_DIRECTIONAL_WRITE_EXHAUSTED_PRIMALITY_UNASSIGNED,513,512,512,NO_RECORDED_FACTOR_PRP_OR_LL_RESULT_AND_NO_ACTIVE_GIMPS_ASSIGNMENT,2026-08-09T09:12:31+00:00,UNALLOCATED,,,,,
SLCMP2607-4285,4285,4285,794214581,2^794214581-1,STRUCTURAL_SCREEN_EXHAUSTED_PRIMALITY_UNASSIGNED,GF3A_DIRECTIONAL_WRITE_EXHAUSTED_PRIMALITY_UNASSIGNED,513,512,512,NO_RECORDED_FACTOR_PRP_OR_LL_RESULT_AND_NO_ACTIVE_GIMPS_ASSIGNMENT,2026-08-09T09:12:31+00:00,UNALLOCATED,,,,,
SLCMP2607-4286,4286,4286,794214607,2^794214607-1,STRUCTURAL_SCREEN_EXHAUSTED_PRIMALITY_UNASSIGNED,GF3A_DIRECTIONAL_WRITE_EXHAUSTED_PRIMALITY_UNASSIGNED,514,512,512,NO_RECORDED_FACTOR_PRP_OR_LL_RESULT_AND_NO_ACTIVE_GIMPS_ASSIGNMENT,2026-08-09T09:12:31+00:00,UNALLOCATED,,,,,
SLCMP2607-4287,4287,4287,794214691,2^794214691-1,STRUCTURAL_SCREEN_EXHAUSTED_PRIMALITY_UNASSIGNED,GF3A_DIRECTIONAL_WRITE_EXHAUSTED_PRIMALITY_UNASSIGNED,514,512,512,NO_RECORDED_FACTOR_PRP_OR_LL_RESULT_AND_NO_ACTIVE_GIMPS_ASSIGNMENT,2026-08-09T09:12:31+00:00,UNALLOCATED,,,,,
SLCMP2607-4288,4288,4288,794214709,2^794214709-1,STRUCTURAL_SCREEN_EXHAUSTED_PRIMALITY_UNASSIGNED,GF3A_DIRECTIONAL_WRITE_EXHAUSTED_PRIMALITY_UNASSIGNED,513,512,512,NO_RECORDED_FACTOR_PRP_OR_LL_RESULT_AND_NO_ACTIVE_GIMPS_ASSIGNMENT,2026-08-09T09:12:31+00:00,UNALLOCATED,,,,,
SLCMP2607-4289,4289,4289,794214719,2^794214719-1,STRUCTURAL_SCREEN_EXHAUSTED_PRIMALITY_UNASSIGNED,GF3A_DIRECTIONAL_WRITE_EXHAUSTED_PRIMALITY_UNASSIGNED,514,512,512,NO_RECORDED_FACTOR_PRP_OR_LL_RESULT_AND_NO_ACTIVE_GIMPS_ASSIGNMENT,2026-08-09T09:12:31+00:00,UNALLOCATED,,,,,
SLCMP2607-4290,4290,4290,794214781,2^794214781-1,STRUCTURAL_SCREEN_EXHAUSTED_PRIMALITY_UNASSIGNED,GF3A_DIRECTIONAL_WRITE_EXHAUSTED_PRIMALITY_UNASSIGNED,513,512,512,NO_RECORDED_FACTOR_PRP_OR_LL_RESULT_AND_NO_ACTIVE_GIMPS_ASSIGNMENT,2026-08-09T09:12:31+00:00,UNALLOCATED,,,,,
SLCMP2607-4291,4291,4291,794214797,2^794214797-1,STRUCTURAL_SCREEN_EXHAUSTED_PRIMALITY_UNASSIGNED,GF3A_DIRECTIONAL_WRITE_EXHAUSTED_PRIMALITY_UNASSIGNED,513,512,512,NO_RECORDED_FACTOR_PRP_OR_LL_RESULT_AND_NO_ACTIVE_GIMPS_ASSIGNMENT,2026-08-09T09:12:31+00:00,UNALLOCATED,,,,,
SLCMP2607-4292,4292,4292,794214847,2^794214847-1,STRUCTURAL_SCREEN_EXHAUSTED_PRIMALITY_UNASSIGNED,GF3A_DIRECTIONAL_WRITE_EXHAUSTED_PRIMALITY_UNASSIGNED,514,512,512,NO_RECORDED_FACTOR_PRP_OR_LL_RESULT_AND_NO_ACTIVE_GIMPS_ASSIGNMENT,2026-08-09T09:12:31+00:00,UNALLOCATED,,,,,
SLCMP2607-4293,4293,4293,794214913,2^794214913-1,STRUCTURAL_SCREEN_EXHAUSTED_PRIMALITY_UNASSIGNED,GF3A_DIRECTIONAL_WRITE_EXHAUSTED_PRIMALITY_UNASSIGNED,513,512,512,NO_RECORDED_FACTOR_PRP_OR_LL_RESULT_AND_NO_ACTIVE_GIMPS_ASSIGNMENT,2026-08-09T09:12:31+00:00,UNALLOCATED,,,,,
SLCMP2607-4294,4294,4294,794215063,2^794215063-1,STRUCTURAL_SCREEN_EXHAUSTED_PRIMALITY_UNASSIGNED,GF3A_DIRECTIONAL_WRITE_EXHAUSTED_PRIMALITY_UNASSIGNED,514,512,512,NO_RECORDED_FACTOR_PRP_OR_LL_RESULT_AND_NO_ACTIVE_GIMPS_ASSIGNMENT,2026-08-09T09:12:31+00:00,UNALLOCATED,,,,,
SLCMP2607-4295,4295,4295,794215111,2^794215111-1,STRUCTURAL_SCREEN_EXHAUSTED_PRIMALITY_UNASSIGNED,GF3A_DIRECTIONAL_WRITE_EXHAUSTED_PRIMALITY_UNASSIGNED,514,512,512,NO_RECORDED_FACTOR_PRP_OR_LL_RESULT_AND_NO_ACTIVE_GIMPS_ASSIGNMENT,2026-08-09T09:12:31+00:00,UNALLOCATED,,,,,
SLCMP2607-4296,4296,4296,794215157,2^794215157-1,STRUCTURAL_SCREEN_EXHAUSTED_PRIMALITY_UNASSIGNED,GF3A_DIRECTIONAL_WRITE_EXHAUSTED_PRIMALITY_UNASSIGNED,513,512,512,NO_RECORDED_FACTOR_PRP_OR_LL_RESULT_AND_NO_ACTIVE_GIMPS_ASSIGNMENT,2026-08-09T09:12:31+00:00,UNALLOCATED,,,,,
SLCMP2607-4297,4297,4297,794215241,2^794215241-1,STRUCTURAL_SCREEN_EXHAUSTED_PRIMALITY_UNASSIGNED,GF3A_DIRECTIONAL_WRITE_EXHAUSTED_PRIMALITY_UNASSIGNED,513,512,512,NO_RECORDED_FACTOR_PRP_OR_LL_RESULT_AND_NO_ACTIVE_GIMPS_ASSIGNMENT,2026-08-09T09:12:31+00:00,UNALLOCATED,,,,,
SLCMP2607-4298,4298,4298,794215291,2^794215291-1,STRUCTURAL_SCREEN_EXHAUSTED_PRIMALITY_UNASSIGNED,GF3A_DIRECTIONAL_WRITE_EXHAUSTED_PRIMALITY_UNASSIGNED,514,512,512,NO_RECORDED_FACTOR_PRP_OR_LL_RESULT_AND_NO_ACTIVE_GIMPS_ASSIGNMENT,2026-08-09T09:12:31+00:00,UNALLOCATED,,,,,
SLCMP2607-4299,4299,4299,794215459,2^794215459-1,STRUCTURAL_SCREEN_EXHAUSTED_PRIMALITY_UNASSIGNED,GF3A_DIRECTIONAL_WRITE_EXHAUSTED_PRIMALITY_UNASSIGNED,514,512,512,NO_RECORDED_FACTOR_PRP_OR_LL_RESULT_AND_NO_ACTIVE_GIMPS_ASSIGNMENT,2026-08-09T09:12:31+00:00,UNALLOCATED,,,,,
SLCMP2607-4300,4300,4300,794215483,2^794215483-1,STRUCTURAL_SCREEN_EXHAUSTED_PRIMALITY_UNASSIGNED,GF3A_DIRECTIONAL_WRITE_EXHAUSTED_PRIMALITY_UNASSIGNED,514,512,512,NO_RECORDED_FACTOR_PRP_OR_LL_RESULT_AND_NO_ACTIVE_GIMPS_ASSIGNMENT,2026-08-09T09:12:31+00:00,UNALLOCATED,,,,,
SLCMP2607-4301,4301,4301,794215517,2^794215517-1,STRUCTURAL_SCREEN_EXHAUSTED_PRIMALITY_UNASSIGNED,GF3A_DIRECTIONAL_WRITE_EXHAUSTED_PRIMALITY_UNASSIGNED,513,512,512,NO_RECORDED_FACTOR_PRP_OR_LL_RESULT_AND_NO_ACTIVE_GIMPS_ASSIGNMENT,2026-08-09T09:12:31+00:00,UNALLOCATED,,,,,
SLCMP2607-4302,4302,4302,794215573,2^794215573-1,STRUCTURAL_SCREEN_EXHAUSTED_PRIMALITY_UNASSIGNED,GF3A_DIRECTIONAL_WRITE_EXHAUSTED_PRIMALITY_UNASSIGNED,513,512,512,NO_RECORDED_FACTOR_PRP_OR_LL_RESULT_AND_NO_ACTIVE_GIMPS_ASSIGNMENT,2026-08-09T09:12:31+00:00,UNALLOCATED,,,,,
SLCMP2607-4303,4303,4303,794215649,2^794215649-1,STRUCTURAL_SCREEN_EXHAUSTED_PRIMALITY_UNASSIGNED,GF3A_DIRECTIONAL_WRITE_EXHAUSTED_PRIMALITY_UNASSIGNED,513,512,512,NO_RECORDED_FACTOR_PRP_OR_LL_RESULT_AND_NO_ACTIVE_GIMPS_ASSIGNMENT,2026-08-09T09:12:31+00:00,UNALLOCATED,,,,,
SLCMP2607-4304,4304,4304,794215699,2^794215699-1,STRUCTURAL_SCREEN_EXHAUSTED_PRIMALITY_UNASSIGNED,GF3A_DIRECTIONAL_WRITE_EXHAUSTED_PRIMALITY_UNASSIGNED,514,512,512,NO_RECORDED_FACTOR_PRP_OR_LL_RESULT_AND_NO_ACTIVE_GIMPS_ASSIGNMENT,2026-08-09T09:12:31+00:00,UNALLOCATED,,,,,
SLCMP2607-4305,4305,4305,794215703,2^794215703-1,STRUCTURAL_SCREEN_EXHAUSTED_PRIMALITY_UNASSIGNED,GF3A_DIRECTIONAL_WRITE_EXHAUSTED_PRIMALITY_UNASSIGNED,514,512,512,NO_RECORDED_FACTOR_PRP_OR_LL_RESULT_AND_NO_ACTIVE_GIMPS_ASSIGNMENT,2026-08-09T09:12:31+00:00,UNALLOCATED,,,,,
SLCMP2607-4306,4306,4306,794215769,2^794215769-1,STRUCTURAL_SCREEN_EXHAUSTED_PRIMALITY_UNASSIGNED,GF3A_DIRECTIONAL_WRITE_EXHAUSTED_PRIMALITY_UNASSIGNED,513,512,512,NO_RECORDED_FACTOR_PRP_OR_LL_RESULT_AND_NO_ACTIVE_GIMPS_ASSIGNMENT,2026-08-09T09:12:31+00:00,UNALLOCATED,,,,,
SLCMP2607-4307,4307,4307,794215787,2^794215787-1,STRUCTURAL_SCREEN_EXHAUSTED_PRIMALITY_UNASSIGNED,GF3A_DIRECTIONAL_WRITE_EXHAUSTED_PRIMALITY_UNASSIGNED,514,512,512,NO_RECORDED_FACTOR_PRP_OR_LL_RESULT_AND_NO_ACTIVE_GIMPS_ASSIGNMENT,2026-08-09T09:12:31+00:00,UNALLOCATED,,,,,
SLCMP2607-4308,4308,4308,794215811,2^794215811-1,STRUCTURAL_SCREEN_EXHAUSTED_PRIMALITY_UNASSIGNED,GF3A_DIRECTIONAL_WRITE_EXHAUSTED_PRIMALITY_UNASSIGNED,514,512,512,NO_RECORDED_FACTOR_PRP_OR_LL_RESULT_AND_NO_ACTIVE_GIMPS_ASSIGNMENT,2026-08-09T09:12:31+00:00,UNALLOCATED,,,,,
SLCMP2607-4309,4309,4309,794215949,2^794215949-1,STRUCTURAL_SCREEN_EXHAUSTED_PRIMALITY_UNASSIGNED,GF3A_DIRECTIONAL_WRITE_EXHAUSTED_PRIMALITY_UNASSIGNED,513,512,512,NO_RECORDED_FACTOR_PRP_OR_LL_RESULT_AND_NO_ACTIVE_GIMPS_ASSIGNMENT,2026-08-09T09:12:31+00:00,UNALLOCATED,,,,,
SLCMP2607-4310,4310,4310,794216113,2^794216113-1,STRUCTURAL_SCREEN_EXHAUSTED_PRIMALITY_UNASSIGNED,GF3A_DIRECTIONAL_WRITE_EXHAUSTED_PRIMALITY_UNASSIGNED,513,512,512,NO_RECORDED_FACTOR_PRP_OR_LL_RESULT_AND_NO_ACTIVE_GIMPS_ASSIGNMENT,2026-08-09T09:12:31+00:00,UNALLOCATED,,,,,
SLCMP2607-4311,4311,4311,794216119,2^794216119-1,STRUCTURAL_SCREEN_EXHAUSTED_PRIMALITY_UNASSIGNED,GF3A_DIRECTIONAL_WRITE_EXHAUSTED_PRIMALITY_UNASSIGNED,514,512,512,NO_RECORDED_FACTOR_PRP_OR_LL_RESULT_AND_NO_ACTIVE_GIMPS_ASSIGNMENT,2026-08-09T09:12:31+00:00,UNALLOCATED,,,,,
SLCMP2607-4312,4312,4312,794216219,2^794216219-1,STRUCTURAL_SCREEN_EXHAUSTED_PRIMALITY_UNASSIGNED,GF3A_DIRECTIONAL_WRITE_EXHAUSTED_PRIMALITY_UNASSIGNED,514,512,512,NO_RECORDED_FACTOR_PRP_OR_LL_RESULT_AND_NO_ACTIVE_GIMPS_ASSIGNMENT,2026-08-09T09:12:31+00:00,UNALLOCATED,,,,,
SLCMP2607-4313,4313,4313,794216323,2^794216323-1,STRUCTURAL_SCREEN_EXHAUSTED_PRIMALITY_UNASSIGNED,GF3A_DIRECTIONAL_WRITE_EXHAUSTED_PRIMALITY_UNASSIGNED,514,512,512,NO_RECORDED_FACTOR_PRP_OR_LL_RESULT_AND_NO_ACTIVE_GIMPS_ASSIGNMENT,2026-08-09T09:12:31+00:00,UNALLOCATED,,,,,
SLCMP2607-4314,4314,4314,794216327,2^794216327-1,STRUCTURAL_SCREEN_EXHAUSTED_PRIMALITY_UNASSIGNED,GF3A_DIRECTIONAL_WRITE_EXHAUSTED_PRIMALITY_UNASSIGNED,514,512,512,NO_RECORDED_FACTOR_PRP_OR_LL_RESULT_AND_NO_ACTIVE_GIMPS_ASSIGNMENT,2026-08-09T09:12:31+00:00,UNALLOCATED,,,,,
SLCMP2607-4315,4315,4315,794216333,2^794216333-1,STRUCTURAL_SCREEN_EXHAUSTED_PRIMALITY_UNASSIGNED,GF3A_DIRECTIONAL_WRITE_EXHAUSTED_PRIMALITY_UNASSIGNED,513,512,512,NO_RECORDED_FACTOR_PRP_OR_LL_RESULT_AND_NO_ACTIVE_GIMPS_ASSIGNMENT,2026-08-09T09:12:31+00:00,UNALLOCATED,,,,,
SLCMP2607-4316,4316,4316,794216351,2^794216351-1,STRUCTURAL_SCREEN_EXHAUSTED_PRIMALITY_UNASSIGNED,GF3A_DIRECTIONAL_WRITE_EXHAUSTED_PRIMALITY_UNASSIGNED,514,512,512,NO_RECORDED_FACTOR_PRP_OR_LL_RESULT_AND_NO_ACTIVE_GIMPS_ASSIGNMENT,2026-08-09T09:12:31+00:00,UNALLOCATED,,,,,
SLCMP2607-4317,4317,4317,794216369,2^794216369-1,STRUCTURAL_SCREEN_EXHAUSTED_PRIMALITY_UNASSIGNED,GF3A_DIRECTIONAL_WRITE_EXHAUSTED_PRIMALITY_UNASSIGNED,513,512,512,NO_RECORDED_FACTOR_PRP_OR_LL_RESULT_AND_NO_ACTIVE_GIMPS_ASSIGNMENT,2026-08-09T09:12:31+00:00,UNALLOCATED,,,,,
SLCMP2607-4318,4318,4318,794216443,2^794216443-1,STRUCTURAL_SCREEN_EXHAUSTED_PRIMALITY_UNASSIGNED,GF3A_DIRECTIONAL_WRITE_EXHAUSTED_PRIMALITY_UNASSIGNED,514,512,512,NO_RECORDED_FACTOR_PRP_OR_LL_RESULT_AND_NO_ACTIVE_GIMPS_ASSIGNMENT,2026-08-09T09:12:31+00:00,UNALLOCATED,,,,,
SLCMP2607-4319,4319,4319,794216491,2^794216491-1,STRUCTURAL_SCREEN_EXHAUSTED_PRIMALITY_UNASSIGNED,GF3A_DIRECTIONAL_WRITE_EXHAUSTED_PRIMALITY_UNASSIGNED,514,512,512,NO_RECORDED_FACTOR_PRP_OR_LL_RESULT_AND_NO_ACTIVE_GIMPS_ASSIGNMENT,2026-08-09T09:12:31+00:00,UNALLOCATED,,,,,
SLCMP2607-4320,4320,4320,794216539,2^794216539-1,STRUCTURAL_SCREEN_EXHAUSTED_PRIMALITY_UNASSIGNED,GF3A_DIRECTIONAL_WRITE_EXHAUSTED_PRIMALITY_UNASSIGNED,514,512,512,NO_RECORDED_FACTOR_PRP_OR_LL_RESULT_AND_NO_ACTIVE_GIMPS_ASSIGNMENT,2026-08-09T09:12:31+00:00,UNALLOCATED,,,,,
SLCMP2607-4321,4321,4321,794216551,2^794216551-1,STRUCTURAL_SCREEN_EXHAUSTED_PRIMALITY_UNASSIGNED,GF3A_DIRECTIONAL_WRITE_EXHAUSTED_PRIMALITY_UNASSIGNED,514,512,512,NO_RECORDED_FACTOR_PRP_OR_LL_RESULT_AND_NO_ACTIVE_GIMPS_ASSIGNMENT,2026-08-09T09:12:31+00:00,UNALLOCATED,,,,,
SLCMP2607-4322,4322,4322,794216569,2^794216569-1,STRUCTURAL_SCREEN_EXHAUSTED_PRIMALITY_UNASSIGNED,GF3A_DIRECTIONAL_WRITE_EXHAUSTED_PRIMALITY_UNASSIGNED,513,512,512,NO_RECORDED_FACTOR_PRP_OR_LL_RESULT_AND_NO_ACTIVE_GIMPS_ASSIGNMENT,2026-08-09T09:12:31+00:00,UNALLOCATED,,,,,
SLCMP2607-4323,4323,4323,794216681,2^794216681-1,STRUCTURAL_SCREEN_EXHAUSTED_PRIMALITY_UNASSIGNED,GF3A_DIRECTIONAL_WRITE_EXHAUSTED_PRIMALITY_UNASSIGNED,513,512,512,NO_RECORDED_FACTOR_PRP_OR_LL_RESULT_AND_NO_ACTIVE_GIMPS_ASSIGNMENT,2026-08-09T09:12:31+00:00,UNALLOCATED,,,,,
SLCMP2607-4324,4324,4324,794216737,2^794216737-1,STRUCTURAL_SCREEN_EXHAUSTED_PRIMALITY_UNASSIGNED,GF3A_DIRECTIONAL_WRITE_EXHAUSTED_PRIMALITY_UNASSIGNED,513,512,512,NO_RECORDED_FACTOR_PRP_OR_LL_RESULT_AND_NO_ACTIVE_GIMPS_ASSIGNMENT,2026-08-09T09:12:31+00:00,UNALLOCATED,,,,,
SLCMP2607-4325,4325,4325,794216741,2^794216741-1,STRUCTURAL_SCREEN_EXHAUSTED_PRIMALITY_UNASSIGNED,GF3A_DIRECTIONAL_WRITE_EXHAUSTED_PRIMALITY_UNASSIGNED,513,512,512,NO_RECORDED_FACTOR_PRP_OR_LL_RESULT_AND_NO_ACTIVE_GIMPS_ASSIGNMENT,2026-08-09T09:12:31+00:00,UNALLOCATED,,,,,
SLCMP2607-4326,4326,4326,794216779,2^794216779-1,STRUCTURAL_SCREEN_EXHAUSTED_PRIMALITY_UNASSIGNED,GF3A_DIRECTIONAL_WRITE_EXHAUSTED_PRIMALITY_UNASSIGNED,514,512,512,NO_RECORDED_FACTOR_PRP_OR_LL_RESULT_AND_NO_ACTIVE_GIMPS_ASSIGNMENT,2026-08-09T09:12:31+00:00,UNALLOCATED,,,,,
SLCMP2607-4327,4327,4327,794216909,2^794216909-1,STRUCTURAL_SCREEN_EXHAUSTED_PRIMALITY_UNASSIGNED,GF3A_DIRECTIONAL_WRITE_EXHAUSTED_PRIMALITY_UNASSIGNED,513,512,512,NO_RECORDED_FACTOR_PRP_OR_LL_RESULT_AND_NO_ACTIVE_GIMPS_ASSIGNMENT,2026-08-09T09:12:31+00:00,UNALLOCATED,,,,,
SLCMP2607-4328,4328,4328,794216911,2^794216911-1,STRUCTURAL_SCREEN_EXHAUSTED_PRIMALITY_UNASSIGNED,GF3A_DIRECTIONAL_WRITE_EXHAUSTED_PRIMALITY_UNASSIGNED,514,512,512,NO_RECORDED_FACTOR_PRP_OR_LL_RESULT_AND_NO_ACTIVE_GIMPS_ASSIGNMENT,2026-08-09T09:12:31+00:00,UNALLOCATED,,,,,
SLCMP2607-4329,4329,4329,794216947,2^794216947-1,STRUCTURAL_SCREEN_EXHAUSTED_PRIMALITY_UNASSIGNED,GF3A_DIRECTIONAL_WRITE_EXHAUSTED_PRIMALITY_UNASSIGNED,514,512,512,NO_RECORDED_FACTOR_PRP_OR_LL_RESULT_AND_NO_ACTIVE_GIMPS_ASSIGNMENT,2026-08-09T09:12:31+00:00,UNALLOCATED,,,,,
SLCMP2607-4330,4330,4330,794216971,2^794216971-1,STRUCTURAL_SCREEN_EXHAUSTED_PRIMALITY_UNASSIGNED,GF3A_DIRECTIONAL_WRITE_EXHAUSTED_PRIMALITY_UNASSIGNED,514,512,512,NO_RECORDED_FACTOR_PRP_OR_LL_RESULT_AND_NO_ACTIVE_GIMPS_ASSIGNMENT,2026-08-09T09:12:31+00:00,UNALLOCATED,,,,,
SLCMP2607-4331,4331,4331,794216977,2^794216977-1,STRUCTURAL_SCREEN_EXHAUSTED_PRIMALITY_UNASSIGNED,GF3A_DIRECTIONAL_WRITE_EXHAUSTED_PRIMALITY_UNASSIGNED,513,512,512,NO_RECORDED_FACTOR_PRP_OR_LL_RESULT_AND_NO_ACTIVE_GIMPS_ASSIGNMENT,2026-08-09T09:12:31+00:00,UNALLOCATED,,,,,
SLCMP2607-4332,4332,4332,794216989,2^794216989-1,STRUCTURAL_SCREEN_EXHAUSTED_PRIMALITY_UNASSIGNED,GF3A_DIRECTIONAL_WRITE_EXHAUSTED_PRIMALITY_UNASSIGNED,513,512,512,NO_RECORDED_FACTOR_PRP_OR_LL_RESULT_AND_NO_ACTIVE_GIMPS_ASSIGNMENT,2026-08-09T09:12:31+00:00,UNALLOCATED,,,,,
SLCMP2607-4333,4333,4333,794217029,2^794217029-1,STRUCTURAL_SCREEN_EXHAUSTED_PRIMALITY_UNASSIGNED,GF3A_DIRECTIONAL_WRITE_EXHAUSTED_PRIMALITY_UNASSIGNED,513,512,512,NO_RECORDED_FACTOR_PRP_OR_LL_RESULT_AND_NO_ACTIVE_GIMPS_ASSIGNMENT,2026-08-09T09:12:31+00:00,UNALLOCATED,,,,,
SLCMP2607-4334,4334,4334,794217079,2^794217079-1,STRUCTURAL_SCREEN_EXHAUSTED_PRIMALITY_UNASSIGNED,GF3A_DIRECTIONAL_WRITE_EXHAUSTED_PRIMALITY_UNASSIGNED,514,512,512,NO_RECORDED_FACTOR_PRP_OR_LL_RESULT_AND_NO_ACTIVE_GIMPS_ASSIGNMENT,2026-08-09T09:12:31+00:00,UNALLOCATED,,,,,
SLCMP2607-4335,4335,4335,794217121,2^794217121-1,STRUCTURAL_SCREEN_EXHAUSTED_PRIMALITY_UNASSIGNED,GF3A_DIRECTIONAL_WRITE_EXHAUSTED_PRIMALITY_UNASSIGNED,513,512,512,NO_RECORDED_FACTOR_PRP_OR_LL_RESULT_AND_NO_ACTIVE_GIMPS_ASSIGNMENT,2026-08-09T09:12:31+00:00,UNALLOCATED,,,,,
SLCMP2607-4336,4336,4336,794217167,2^794217167-1,STRUCTURAL_SCREEN_EXHAUSTED_PRIMALITY_UNASSIGNED,GF3A_DIRECTIONAL_WRITE_EXHAUSTED_PRIMALITY_UNASSIGNED,514,512,512,NO_RECORDED_FACTOR_PRP_OR_LL_RESULT_AND_NO_ACTIVE_GIMPS_ASSIGNMENT,2026-08-09T09:12:31+00:00,UNALLOCATED,,,,,
SLCMP2607-4337,4337,4337,794217343,2^794217343-1,STRUCTURAL_SCREEN_EXHAUSTED_PRIMALITY_UNASSIGNED,GF3A_DIRECTIONAL_WRITE_EXHAUSTED_PRIMALITY_UNASSIGNED,514,512,512,NO_RECORDED_FACTOR_PRP_OR_LL_RESULT_AND_NO_ACTIVE_GIMPS_ASSIGNMENT,2026-08-09T09:12:31+00:00,UNALLOCATED,,,,,
SLCMP2607-4338,4338,4338,794217379,2^794217379-1,STRUCTURAL_SCREEN_EXHAUSTED_PRIMALITY_UNASSIGNED,GF3A_DIRECTIONAL_WRITE_EXHAUSTED_PRIMALITY_UNASSIGNED,514,512,512,NO_RECORDED_FACTOR_PRP_OR_LL_RESULT_AND_NO_ACTIVE_GIMPS_ASSIGNMENT,2026-08-09T09:12:31+00:00,UNALLOCATED,,,,,
SLCMP2607-4339,4339,4339,794217503,2^794217503-1,STRUCTURAL_SCREEN_EXHAUSTED_PRIMALITY_UNASSIGNED,GF3A_DIRECTIONAL_WRITE_EXHAUSTED_PRIMALITY_UNASSIGNED,514,512,512,NO_RECORDED_FACTOR_PRP_OR_LL_RESULT_AND_NO_ACTIVE_GIMPS_ASSIGNMENT,2026-08-09T09:12:31+00:00,UNALLOCATED,,,,,
SLCMP2607-4340,4340,4340,794217539,2^794217539-1,STRUCTURAL_SCREEN_EXHAUSTED_PRIMALITY_UNASSIGNED,GF3A_DIRECTIONAL_WRITE_EXHAUSTED_PRIMALITY_UNASSIGNED,514,512,512,NO_RECORDED_FACTOR_PRP_OR_LL_RESULT_AND_NO_ACTIVE_GIMPS_ASSIGNMENT,2026-08-09T09:12:31+00:00,UNALLOCATED,,,,,
SLCMP2607-4341,4341,4341,794217553,2^794217553-1,STRUCTURAL_SCREEN_EXHAUSTED_PRIMALITY_UNASSIGNED,GF3A_DIRECTIONAL_WRITE_EXHAUSTED_PRIMALITY_UNASSIGNED,513,512,512,NO_RECORDED_FACTOR_PRP_OR_LL_RESULT_AND_NO_ACTIVE_GIMPS_ASSIGNMENT,2026-08-09T09:12:31+00:00,UNALLOCATED,,,,,
SLCMP2607-4342,4342,4342,794217559,2^794217559-1,STRUCTURAL_SCREEN_EXHAUSTED_PRIMALITY_UNASSIGNED,GF3A_DIRECTIONAL_WRITE_EXHAUSTED_PRIMALITY_UNASSIGNED,514,512,512,NO_RECORDED_FACTOR_PRP_OR_LL_RESULT_AND_NO_ACTIVE_GIMPS_ASSIGNMENT,2026-08-09T09:12:31+00:00,UNALLOCATED,,,,,
SLCMP2607-4343,4343,4343,794217719,2^794217719-1,STRUCTURAL_SCREEN_EXHAUSTED_PRIMALITY_UNASSIGNED,GF3A_DIRECTIONAL_WRITE_EXHAUSTED_PRIMALITY_UNASSIGNED,514,512,512,NO_RECORDED_FACTOR_PRP_OR_LL_RESULT_AND_NO_ACTIVE_GIMPS_ASSIGNMENT,2026-08-09T09:12:31+00:00,UNALLOCATED,,,,,
SLCMP2607-4344,4344,4344,794217833,2^794217833-1,STRUCTURAL_SCREEN_EXHAUSTED_PRIMALITY_UNASSIGNED,GF3A_DIRECTIONAL_WRITE_EXHAUSTED_PRIMALITY_UNASSIGNED,513,512,512,NO_RECORDED_FACTOR_PRP_OR_LL_RESULT_AND_NO_ACTIVE_GIMPS_ASSIGNMENT,2026-08-09T09:12:31+00:00,UNALLOCATED,,,,,
SLCMP2607-4345,4345,4345,794217937,2^794217937-1,STRUCTURAL_SCREEN_EXHAUSTED_PRIMALITY_UNASSIGNED,GF3A_DIRECTIONAL_WRITE_EXHAUSTED_PRIMALITY_UNASSIGNED,513,512,512,NO_RECORDED_FACTOR_PRP_OR_LL_RESULT_AND_NO_ACTIVE_GIMPS_ASSIGNMENT,2026-08-09T09:12:31+00:00,UNALLOCATED,,,,,
SLCMP2607-4346,4346,4346,794218021,2^794218021-1,STRUCTURAL_SCREEN_EXHAUSTED_PRIMALITY_UNASSIGNED,GF3A_DIRECTIONAL_WRITE_EXHAUSTED_PRIMALITY_UNASSIGNED,513,512,512,NO_RECORDED_FACTOR_PRP_OR_LL_RESULT_AND_NO_ACTIVE_GIMPS_ASSIGNMENT,2026-08-09T09:12:31+00:00,UNALLOCATED,,,,,
SLCMP2607-4347,4347,4347,794218043,2^794218043-1,STRUCTURAL_SCREEN_EXHAUSTED_PRIMALITY_UNASSIGNED,GF3A_DIRECTIONAL_WRITE_EXHAUSTED_PRIMALITY_UNASSIGNED,514,512,512,NO_RECORDED_FACTOR_PRP_OR_LL_RESULT_AND_NO_ACTIVE_GIMPS_ASSIGNMENT,2026-08-09T09:12:31+00:00,UNALLOCATED,,,,,
SLCMP2607-4348,4348,4348,794218063,2^794218063-1,STRUCTURAL_SCREEN_EXHAUSTED_PRIMALITY_UNASSIGNED,GF3A_DIRECTIONAL_WRITE_EXHAUSTED_PRIMALITY_UNASSIGNED,514,512,512,NO_RECORDED_FACTOR_PRP_OR_LL_RESULT_AND_NO_ACTIVE_GIMPS_ASSIGNMENT,2026-08-09T09:12:31+00:00,UNALLOCATED,,,,,
SLCMP2607-4349,4349,4349,794218169,2^794218169-1,STRUCTURAL_SCREEN_EXHAUSTED_PRIMALITY_UNASSIGNED,GF3A_DIRECTIONAL_WRITE_EXHAUSTED_PRIMALITY_UNASSIGNED,513,512,512,NO_RECORDED_FACTOR_PRP_OR_LL_RESULT_AND_NO_ACTIVE_GIMPS_ASSIGNMENT,2026-08-09T09:12:31+00:00,UNALLOCATED,,,,,
SLCMP2607-4350,4350,4350,794218493,2^794218493-1,STRUCTURAL_SCREEN_EXHAUSTED_PRIMALITY_UNASSIGNED,GF3A_DIRECTIONAL_WRITE_EXHAUSTED_PRIMALITY_UNASSIGNED,513,512,512,NO_RECORDED_FACTOR_PRP_OR_LL_RESULT_AND_NO_ACTIVE_GIMPS_ASSIGNMENT,2026-08-09T09:12:31+00:00,UNALLOCATED,,,,,
SLCMP2607-4351,4351,4351,794218499,2^794218499-1,STRUCTURAL_SCREEN_EXHAUSTED_PRIMALITY_UNASSIGNED,GF3A_DIRECTIONAL_WRITE_EXHAUSTED_PRIMALITY_UNASSIGNED,514,512,512,NO_RECORDED_FACTOR_PRP_OR_LL_RESULT_AND_NO_ACTIVE_GIMPS_ASSIGNMENT,2026-08-09T09:12:31+00:00,UNALLOCATED,,,,,
SLCMP2607-4352,4352,4352,794218627,2^794218627-1,STRUCTURAL_SCREEN_EXHAUSTED_PRIMALITY_UNASSIGNED,GF3A_DIRECTIONAL_WRITE_EXHAUSTED_PRIMALITY_UNASSIGNED,514,512,512,NO_RECORDED_FACTOR_PRP_OR_LL_RESULT_AND_NO_ACTIVE_GIMPS_ASSIGNMENT,2026-08-09T09:12:31+00:00,UNALLOCATED,,,,,
SLCMP2607-4353,4353,4353,794218661,2^794218661-1,STRUCTURAL_SCREEN_EXHAUSTED_PRIMALITY_UNASSIGNED,GF3A_DIRECTIONAL_WRITE_EXHAUSTED_PRIMALITY_UNASSIGNED,513,512,512,NO_RECORDED_FACTOR_PRP_OR_LL_RESULT_AND_NO_ACTIVE_GIMPS_ASSIGNMENT,2026-08-09T09:12:31+00:00,UNALLOCATED,,,,,
SLCMP2607-4354,4354,4354,794218693,2^794218693-1,STRUCTURAL_SCREEN_EXHAUSTED_PRIMALITY_UNASSIGNED,GF3A_DIRECTIONAL_WRITE_EXHAUSTED_PRIMALITY_UNASSIGNED,513,512,512,NO_RECORDED_FACTOR_PRP_OR_LL_RESULT_AND_NO_ACTIVE_GIMPS_ASSIGNMENT,2026-08-09T09:12:31+00:00,UNALLOCATED,,,,,
SLCMP2607-4355,4355,4355,794218717,2^794218717-1,STRUCTURAL_SCREEN_EXHAUSTED_PRIMALITY_UNASSIGNED,GF3A_DIRECTIONAL_WRITE_EXHAUSTED_PRIMALITY_UNASSIGNED,513,512,512,NO_RECORDED_FACTOR_PRP_OR_LL_RESULT_AND_NO_ACTIVE_GIMPS_ASSIGNMENT,2026-08-09T09:12:31+00:00,UNALLOCATED,,,,,
SLCMP2607-4356,4356,4356,794218771,2^794218771-1,STRUCTURAL_SCREEN_EXHAUSTED_PRIMALITY_UNASSIGNED,GF3A_DIRECTIONAL_WRITE_EXHAUSTED_PRIMALITY_UNASSIGNED,514,512,512,NO_RECORDED_FACTOR_PRP_OR_LL_RESULT_AND_NO_ACTIVE_GIMPS_ASSIGNMENT,2026-08-09T09:12:31+00:00,UNALLOCATED,,,,,
SLCMP2607-4357,4357,4357,794218847,2^794218847-1,STRUCTURAL_SCREEN_EXHAUSTED_PRIMALITY_UNASSIGNED,GF3A_DIRECTIONAL_WRITE_EXHAUSTED_PRIMALITY_UNASSIGNED,514,512,512,NO_RECORDED_FACTOR_PRP_OR_LL_RESULT_AND_NO_ACTIVE_GIMPS_ASSIGNMENT,2026-08-09T09:12:31+00:00,UNALLOCATED,,,,,
SLCMP2607-4358,4358,4358,794218907,2^794218907-1,STRUCTURAL_SCREEN_EXHAUSTED_PRIMALITY_UNASSIGNED,GF3A_DIRECTIONAL_WRITE_EXHAUSTED_PRIMALITY_UNASSIGNED,514,512,512,NO_RECORDED_FACTOR_PRP_OR_LL_RESULT_AND_NO_ACTIVE_GIMPS_ASSIGNMENT,2026-08-09T09:12:31+00:00,UNALLOCATED,,,,,
SLCMP2607-4359,4359,4359,794218927,2^794218927-1,STRUCTURAL_SCREEN_EXHAUSTED_PRIMALITY_UNASSIGNED,GF3A_DIRECTIONAL_WRITE_EXHAUSTED_PRIMALITY_UNASSIGNED,514,512,512,NO_RECORDED_FACTOR_PRP_OR_LL_RESULT_AND_NO_ACTIVE_GIMPS_ASSIGNMENT,2026-08-09T09:12:31+00:00,UNALLOCATED,,,,,
SLCMP2607-4360,4360,4360,794218991,2^794218991-1,STRUCTURAL_SCREEN_EXHAUSTED_PRIMALITY_UNASSIGNED,GF3A_DIRECTIONAL_WRITE_EXHAUSTED_PRIMALITY_UNASSIGNED,514,512,512,NO_RECORDED_FACTOR_PRP_OR_LL_RESULT_AND_NO_ACTIVE_GIMPS_ASSIGNMENT,2026-08-09T09:12:31+00:00,UNALLOCATED,,,,,
SLCMP2607-4361,4361,4361,794219009,2^794219009-1,STRUCTURAL_SCREEN_EXHAUSTED_PRIMALITY_UNASSIGNED,GF3A_DIRECTIONAL_WRITE_EXHAUSTED_PRIMALITY_UNASSIGNED,513,512,512,NO_RECORDED_FACTOR_PRP_OR_LL_RESULT_AND_NO_ACTIVE_GIMPS_ASSIGNMENT,2026-08-09T09:12:31+00:00,UNALLOCATED,,,,,
SLCMP2607-4362,4362,4362,794219047,2^794219047-1,STRUCTURAL_SCREEN_EXHAUSTED_PRIMALITY_UNASSIGNED,GF3A_DIRECTIONAL_WRITE_EXHAUSTED_PRIMALITY_UNASSIGNED,514,512,512,NO_RECORDED_FACTOR_PRP_OR_LL_RESULT_AND_NO_ACTIVE_GIMPS_ASSIGNMENT,2026-08-09T09:12:31+00:00,UNALLOCATED,,,,,
SLCMP2607-4363,4363,4363,794219087,2^794219087-1,STRUCTURAL_SCREEN_EXHAUSTED_PRIMALITY_UNASSIGNED,GF3A_DIRECTIONAL_WRITE_EXHAUSTED_PRIMALITY_UNASSIGNED,514,512,512,NO_RECORDED_FACTOR_PRP_OR_LL_RESULT_AND_NO_ACTIVE_GIMPS_ASSIGNMENT,2026-08-09T09:12:31+00:00,UNALLOCATED,,,,,
SLCMP2607-4364,4364,4364,794219123,2^794219123-1,STRUCTURAL_SCREEN_EXHAUSTED_PRIMALITY_UNASSIGNED,GF3A_DIRECTIONAL_WRITE_EXHAUSTED_PRIMALITY_UNASSIGNED,514,512,512,NO_RECORDED_FACTOR_PRP_OR_LL_RESULT_AND_NO_ACTIVE_GIMPS_ASSIGNMENT,2026-08-09T09:12:31+00:00,UNALLOCATED,,,,,
SLCMP2607-4365,4365,4365,794219161,2^794219161-1,STRUCTURAL_SCREEN_EXHAUSTED_PRIMALITY_UNASSIGNED,GF3A_DIRECTIONAL_WRITE_EXHAUSTED_PRIMALITY_UNASSIGNED,513,512,512,NO_RECORDED_FACTOR_PRP_OR_LL_RESULT_AND_NO_ACTIVE_GIMPS_ASSIGNMENT,2026-08-09T09:12:31+00:00,UNALLOCATED,,,,,
SLCMP2607-4366,4366,4366,794219177,2^794219177-1,STRUCTURAL_SCREEN_EXHAUSTED_PRIMALITY_UNASSIGNED,GF3A_DIRECTIONAL_WRITE_EXHAUSTED_PRIMALITY_UNASSIGNED,513,512,512,NO_RECORDED_FACTOR_PRP_OR_LL_RESULT_AND_NO_ACTIVE_GIMPS_ASSIGNMENT,2026-08-09T09:12:31+00:00,UNALLOCATED,,,,,
SLCMP2607-4367,4367,4367,794219189,2^794219189-1,STRUCTURAL_SCREEN_EXHAUSTED_PRIMALITY_UNASSIGNED,GF3A_DIRECTIONAL_WRITE_EXHAUSTED_PRIMALITY_UNASSIGNED,513,512,512,NO_RECORDED_FACTOR_PRP_OR_LL_RESULT_AND_NO_ACTIVE_GIMPS_ASSIGNMENT,2026-08-09T09:12:31+00:00,UNALLOCATED,,,,,
SLCMP2607-4368,4368,4368,794219213,2^794219213-1,STRUCTURAL_SCREEN_EXHAUSTED_PRIMALITY_UNASSIGNED,GF3A_DIRECTIONAL_WRITE_EXHAUSTED_PRIMALITY_UNASSIGNED,513,512,512,NO_RECORDED_FACTOR_PRP_OR_LL_RESULT_AND_NO_ACTIVE_GIMPS_ASSIGNMENT,2026-08-09T09:12:31+00:00,UNALLOCATED,,,,,
SLCMP2607-4369,4369,4369,794219269,2^794219269-1,STRUCTURAL_SCREEN_EXHAUSTED_PRIMALITY_UNASSIGNED,GF3A_DIRECTIONAL_WRITE_EXHAUSTED_PRIMALITY_UNASSIGNED,513,512,512,NO_RECORDED_FACTOR_PRP_OR_LL_RESULT_AND_NO_ACTIVE_GIMPS_ASSIGNMENT,2026-08-09T09:12:31+00:00,UNALLOCATED,,,,,
SLCMP2607-4370,4370,4370,794219431,2^794219431-1,STRUCTURAL_SCREEN_EXHAUSTED_PRIMALITY_UNASSIGNED,GF3A_DIRECTIONAL_WRITE_EXHAUSTED_PRIMALITY_UNASSIGNED,514,512,512,NO_RECORDED_FACTOR_PRP_OR_LL_RESULT_AND_NO_ACTIVE_GIMPS_ASSIGNMENT,2026-08-09T09:12:31+00:00,UNALLOCATED,,,,,
SLCMP2607-4371,4371,4371,794219477,2^794219477-1,STRUCTURAL_SCREEN_EXHAUSTED_PRIMALITY_UNASSIGNED,GF3A_DIRECTIONAL_WRITE_EXHAUSTED_PRIMALITY_UNASSIGNED,513,512,512,NO_RECORDED_FACTOR_PRP_OR_LL_RESULT_AND_NO_ACTIVE_GIMPS_ASSIGNMENT,2026-08-09T09:12:31+00:00,UNALLOCATED,,,,,
SLCMP2607-4372,4372,4372,794219497,2^794219497-1,STRUCTURAL_SCREEN_EXHAUSTED_PRIMALITY_UNASSIGNED,GF3A_DIRECTIONAL_WRITE_EXHAUSTED_PRIMALITY_UNASSIGNED,513,512,512,NO_RECORDED_FACTOR_PRP_OR_LL_RESULT_AND_NO_ACTIVE_GIMPS_ASSIGNMENT,2026-08-09T09:12:31+00:00,UNALLOCATED,,,,,
SLCMP2607-4373,4373,4373,794219557,2^794219557-1,STRUCTURAL_SCREEN_EXHAUSTED_PRIMALITY_UNASSIGNED,GF3A_DIRECTIONAL_WRITE_EXHAUSTED_PRIMALITY_UNASSIGNED,513,512,512,NO_RECORDED_FACTOR_PRP_OR_LL_RESULT_AND_NO_ACTIVE_GIMPS_ASSIGNMENT,2026-08-09T09:12:31+00:00,UNALLOCATED,,,,,
SLCMP2607-4374,4374,4374,794219581,2^794219581-1,STRUCTURAL_SCREEN_EXHAUSTED_PRIMALITY_UNASSIGNED,GF3A_DIRECTIONAL_WRITE_EXHAUSTED_PRIMALITY_UNASSIGNED,513,512,512,NO_RECORDED_FACTOR_PRP_OR_LL_RESULT_AND_NO_ACTIVE_GIMPS_ASSIGNMENT,2026-08-09T09:12:31+00:00,UNALLOCATED,,,,,
SLCMP2607-4375,4375,4375,794219603,2^794219603-1,STRUCTURAL_SCREEN_EXHAUSTED_PRIMALITY_UNASSIGNED,GF3A_DIRECTIONAL_WRITE_EXHAUSTED_PRIMALITY_UNASSIGNED,514,512,512,NO_RECORDED_FACTOR_PRP_OR_LL_RESULT_AND_NO_ACTIVE_GIMPS_ASSIGNMENT,2026-08-09T09:12:31+00:00,UNALLOCATED,,,,,
SLCMP2607-4376,4376,4376,794219609,2^794219609-1,STRUCTURAL_SCREEN_EXHAUSTED_PRIMALITY_UNASSIGNED,GF3A_DIRECTIONAL_WRITE_EXHAUSTED_PRIMALITY_UNASSIGNED,513,512,512,NO_RECORDED_FACTOR_PRP_OR_LL_RESULT_AND_NO_ACTIVE_GIMPS_ASSIGNMENT,2026-08-09T09:12:31+00:00,UNALLOCATED,,,,,
SLCMP2607-4377,4377,4377,794219731,2^794219731-1,STRUCTURAL_SCREEN_EXHAUSTED_PRIMALITY_UNASSIGNED,GF3A_DIRECTIONAL_WRITE_EXHAUSTED_PRIMALITY_UNASSIGNED,514,512,512,NO_RECORDED_FACTOR_PRP_OR_LL_RESULT_AND_NO_ACTIVE_GIMPS_ASSIGNMENT,2026-08-09T09:12:31+00:00,UNALLOCATED,,,,,
SLCMP2607-4378,4378,4378,794219737,2^794219737-1,STRUCTURAL_SCREEN_EXHAUSTED_PRIMALITY_UNASSIGNED,GF3A_DIRECTIONAL_WRITE_EXHAUSTED_PRIMALITY_UNASSIGNED,513,512,512,NO_RECORDED_FACTOR_PRP_OR_LL_RESULT_AND_NO_ACTIVE_GIMPS_ASSIGNMENT,2026-08-09T09:12:31+00:00,UNALLOCATED,,,,,
SLCMP2607-4379,4379,4379,794219747,2^794219747-1,STRUCTURAL_SCREEN_EXHAUSTED_PRIMALITY_UNASSIGNED,GF3A_DIRECTIONAL_WRITE_EXHAUSTED_PRIMALITY_UNASSIGNED,514,512,512,NO_RECORDED_FACTOR_PRP_OR_LL_RESULT_AND_NO_ACTIVE_GIMPS_ASSIGNMENT,2026-08-09T09:12:31+00:00,UNALLOCATED,,,,,
SLCMP2607-4380,4380,4380,794219791,2^794219791-1,STRUCTURAL_SCREEN_EXHAUSTED_PRIMALITY_UNASSIGNED,GF3A_DIRECTIONAL_WRITE_EXHAUSTED_PRIMALITY_UNASSIGNED,514,512,512,NO_RECORDED_FACTOR_PRP_OR_LL_RESULT_AND_NO_ACTIVE_GIMPS_ASSIGNMENT,2026-08-09T09:12:31+00:00,UNALLOCATED,,,,,
SLCMP2607-4381,4381,4381,794219849,2^794219849-1,STRUCTURAL_SCREEN_EXHAUSTED_PRIMALITY_UNASSIGNED,GF3A_DIRECTIONAL_WRITE_EXHAUSTED_PRIMALITY_UNASSIGNED,513,512,512,NO_RECORDED_FACTOR_PRP_OR_LL_RESULT_AND_NO_ACTIVE_GIMPS_ASSIGNMENT,2026-08-09T09:12:31+00:00,UNALLOCATED,,,,,
SLCMP2607-4382,4382,4382,794219953,2^794219953-1,STRUCTURAL_SCREEN_EXHAUSTED_PRIMALITY_UNASSIGNED,GF3A_DIRECTIONAL_WRITE_EXHAUSTED_PRIMALITY_UNASSIGNED,513,512,512,NO_RECORDED_FACTOR_PRP_OR_LL_RESULT_AND_NO_ACTIVE_GIMPS_ASSIGNMENT,2026-08-09T09:12:31+00:00,UNALLOCATED,,,,,
SLCMP2607-4383,4383,4383,794219963,2^794219963-1,STRUCTURAL_SCREEN_EXHAUSTED_PRIMALITY_UNASSIGNED,GF3A_DIRECTIONAL_WRITE_EXHAUSTED_PRIMALITY_UNASSIGNED,514,512,512,NO_RECORDED_FACTOR_PRP_OR_LL_RESULT_AND_NO_ACTIVE_GIMPS_ASSIGNMENT,2026-08-09T09:12:31+00:00,UNALLOCATED,,,,,
SLCMP2607-4384,4384,4384,794219989,2^794219989-1,STRUCTURAL_SCREEN_EXHAUSTED_PRIMALITY_UNASSIGNED,GF3A_DIRECTIONAL_WRITE_EXHAUSTED_PRIMALITY_UNASSIGNED,513,512,512,NO_RECORDED_FACTOR_PRP_OR_LL_RESULT_AND_NO_ACTIVE_GIMPS_ASSIGNMENT,2026-08-09T09:12:31+00:00,UNALLOCATED,,,,,
SLCMP2607-4385,4385,4385,794220001,2^794220001-1,STRUCTURAL_SCREEN_EXHAUSTED_PRIMALITY_UNASSIGNED,GF3A_DIRECTIONAL_WRITE_EXHAUSTED_PRIMALITY_UNASSIGNED,513,512,512,NO_RECORDED_FACTOR_PRP_OR_LL_RESULT_AND_NO_ACTIVE_GIMPS_ASSIGNMENT,2026-08-09T09:12:31+00:00,UNALLOCATED,,,,,
SLCMP2607-4386,4386,4386,794220041,2^794220041-1,STRUCTURAL_SCREEN_EXHAUSTED_PRIMALITY_UNASSIGNED,GF3A_DIRECTIONAL_WRITE_EXHAUSTED_PRIMALITY_UNASSIGNED,513,512,512,NO_RECORDED_FACTOR_PRP_OR_LL_RESULT_AND_NO_ACTIVE_GIMPS_ASSIGNMENT,2026-08-09T09:12:31+00:00,UNALLOCATED,,,,,
SLCMP2607-4387,4387,4387,794220047,2^794220047-1,STRUCTURAL_SCREEN_EXHAUSTED_PRIMALITY_UNASSIGNED,GF3A_DIRECTIONAL_WRITE_EXHAUSTED_PRIMALITY_UNASSIGNED,514,512,512,NO_RECORDED_FACTOR_PRP_OR_LL_RESULT_AND_NO_ACTIVE_GIMPS_ASSIGNMENT,2026-08-09T09:12:31+00:00,UNALLOCATED,,,,,
SLCMP2607-4388,4388,4388,794220067,2^794220067-1,STRUCTURAL_SCREEN_EXHAUSTED_PRIMALITY_UNASSIGNED,GF3A_DIRECTIONAL_WRITE_EXHAUSTED_PRIMALITY_UNASSIGNED,514,512,512,NO_RECORDED_FACTOR_PRP_OR_LL_RESULT_AND_NO_ACTIVE_GIMPS_ASSIGNMENT,2026-08-09T09:12:31+00:00,UNALLOCATED,,,,,
SLCMP2607-4389,4389,4389,794220073,2^794220073-1,STRUCTURAL_SCREEN_EXHAUSTED_PRIMALITY_UNASSIGNED,GF3A_DIRECTIONAL_WRITE_EXHAUSTED_PRIMALITY_UNASSIGNED,513,512,512,NO_RECORDED_FACTOR_PRP_OR_LL_RESULT_AND_NO_ACTIVE_GIMPS_ASSIGNMENT,2026-08-09T09:12:31+00:00,UNALLOCATED,,,,,
SLCMP2607-4390,4390,4390,794220179,2^794220179-1,STRUCTURAL_SCREEN_EXHAUSTED_PRIMALITY_UNASSIGNED,GF3A_DIRECTIONAL_WRITE_EXHAUSTED_PRIMALITY_UNASSIGNED,514,512,512,NO_RECORDED_FACTOR_PRP_OR_LL_RESULT_AND_NO_ACTIVE_GIMPS_ASSIGNMENT,2026-08-09T09:12:31+00:00,UNALLOCATED,,,,,
SLCMP2607-4391,4391,4391,794220209,2^794220209-1,STRUCTURAL_SCREEN_EXHAUSTED_PRIMALITY_UNASSIGNED,GF3A_DIRECTIONAL_WRITE_EXHAUSTED_PRIMALITY_UNASSIGNED,513,512,512,NO_RECORDED_FACTOR_PRP_OR_LL_RESULT_AND_NO_ACTIVE_GIMPS_ASSIGNMENT,2026-08-09T09:12:31+00:00,UNALLOCATED,,,,,
SLCMP2607-4392,4392,4392,794220221,2^794220221-1,STRUCTURAL_SCREEN_EXHAUSTED_PRIMALITY_UNASSIGNED,GF3A_DIRECTIONAL_WRITE_EXHAUSTED_PRIMALITY_UNASSIGNED,513,512,512,NO_RECORDED_FACTOR_PRP_OR_LL_RESULT_AND_NO_ACTIVE_GIMPS_ASSIGNMENT,2026-08-09T09:12:31+00:00,UNALLOCATED,,,,,
SLCMP2607-4393,4393,4393,794220253,2^794220253-1,STRUCTURAL_SCREEN_EXHAUSTED_PRIMALITY_UNASSIGNED,GF3A_DIRECTIONAL_WRITE_EXHAUSTED_PRIMALITY_UNASSIGNED,513,512,512,NO_RECORDED_FACTOR_PRP_OR_LL_RESULT_AND_NO_ACTIVE_GIMPS_ASSIGNMENT,2026-08-09T09:12:31+00:00,UNALLOCATED,,,,,
SLCMP2607-4394,4394,4394,794220407,2^794220407-1,STRUCTURAL_SCREEN_EXHAUSTED_PRIMALITY_UNASSIGNED,GF3A_DIRECTIONAL_WRITE_EXHAUSTED_PRIMALITY_UNASSIGNED,514,512,512,NO_RECORDED_FACTOR_PRP_OR_LL_RESULT_AND_NO_ACTIVE_GIMPS_ASSIGNMENT,2026-08-09T09:12:31+00:00,UNALLOCATED,,,,,
SLCMP2607-4395,4395,4395,794220409,2^794220409-1,STRUCTURAL_SCREEN_EXHAUSTED_PRIMALITY_UNASSIGNED,GF3A_DIRECTIONAL_WRITE_EXHAUSTED_PRIMALITY_UNASSIGNED,513,512,512,NO_RECORDED_FACTOR_PRP_OR_LL_RESULT_AND_NO_ACTIVE_GIMPS_ASSIGNMENT,2026-08-09T09:12:31+00:00,UNALLOCATED,,,,,
SLCMP2607-4396,4396,4396,794220451,2^794220451-1,STRUCTURAL_SCREEN_EXHAUSTED_PRIMALITY_UNASSIGNED,GF3A_DIRECTIONAL_WRITE_EXHAUSTED_PRIMALITY_UNASSIGNED,514,512,512,NO_RECORDED_FACTOR_PRP_OR_LL_RESULT_AND_NO_ACTIVE_GIMPS_ASSIGNMENT,2026-08-09T09:12:31+00:00,UNALLOCATED,,,,,
SLCMP2607-4397,4397,4397,794220457,2^794220457-1,STRUCTURAL_SCREEN_EXHAUSTED_PRIMALITY_UNASSIGNED,GF3A_DIRECTIONAL_WRITE_EXHAUSTED_PRIMALITY_UNASSIGNED,513,512,512,NO_RECORDED_FACTOR_PRP_OR_LL_RESULT_AND_NO_ACTIVE_GIMPS_ASSIGNMENT,2026-08-09T09:12:31+00:00,UNALLOCATED,,,,,
SLCMP2607-4398,4398,4398,794220491,2^794220491-1,STRUCTURAL_SCREEN_EXHAUSTED_PRIMALITY_UNASSIGNED,GF3A_DIRECTIONAL_WRITE_EXHAUSTED_PRIMALITY_UNASSIGNED,514,512,512,NO_RECORDED_FACTOR_PRP_OR_LL_RESULT_AND_NO_ACTIVE_GIMPS_ASSIGNMENT,2026-08-09T09:12:31+00:00,UNALLOCATED,,,,,
SLCMP2607-4399,4399,4399,794220533,2^794220533-1,STRUCTURAL_SCREEN_EXHAUSTED_PRIMALITY_UNASSIGNED,GF3A_DIRECTIONAL_WRITE_EXHAUSTED_PRIMALITY_UNASSIGNED,513,512,512,NO_RECORDED_FACTOR_PRP_OR_LL_RESULT_AND_NO_ACTIVE_GIMPS_ASSIGNMENT,2026-08-09T09:12:31+00:00,UNALLOCATED,,,,,
SLCMP2607-4400,4400,4400,794220547,2^794220547-1,STRUCTURAL_SCREEN_EXHAUSTED_PRIMALITY_UNASSIGNED,GF3A_DIRECTIONAL_WRITE_EXHAUSTED_PRIMALITY_UNASSIGNED,514,512,512,NO_RECORDED_FACTOR_PRP_OR_LL_RESULT_AND_NO_ACTIVE_GIMPS_ASSIGNMENT,2026-08-09T09:12:31+00:00,UNALLOCATED,,,,,
SLCMP2607-4401,4401,4401,794220587,2^794220587-1,STRUCTURAL_SCREEN_EXHAUSTED_PRIMALITY_UNASSIGNED,GF3A_DIRECTIONAL_WRITE_EXHAUSTED_PRIMALITY_UNASSIGNED,514,512,512,NO_RECORDED_FACTOR_PRP_OR_LL_RESULT_AND_NO_ACTIVE_GIMPS_ASSIGNMENT,2026-08-09T09:12:31+00:00,UNALLOCATED,,,,,
SLCMP2607-4402,4402,4402,794220703,2^794220703-1,STRUCTURAL_SCREEN_EXHAUSTED_PRIMALITY_UNASSIGNED,GF3A_DIRECTIONAL_WRITE_EXHAUSTED_PRIMALITY_UNASSIGNED,514,512,512,NO_RECORDED_FACTOR_PRP_OR_LL_RESULT_AND_NO_ACTIVE_GIMPS_ASSIGNMENT,2026-08-09T09:12:31+00:00,UNALLOCATED,,,,,
SLCMP2607-4403,4403,4403,794220719,2^794220719-1,STRUCTURAL_SCREEN_EXHAUSTED_PRIMALITY_UNASSIGNED,GF3A_DIRECTIONAL_WRITE_EXHAUSTED_PRIMALITY_UNASSIGNED,514,512,512,NO_RECORDED_FACTOR_PRP_OR_LL_RESULT_AND_NO_ACTIVE_GIMPS_ASSIGNMENT,2026-08-09T09:12:31+00:00,UNALLOCATED,,,,,
SLCMP2607-4404,4404,4404,794220971,2^794220971-1,STRUCTURAL_SCREEN_EXHAUSTED_PRIMALITY_UNASSIGNED,GF3A_DIRECTIONAL_WRITE_EXHAUSTED_PRIMALITY_UNASSIGNED,514,512,512,NO_RECORDED_FACTOR_PRP_OR_LL_RESULT_AND_NO_ACTIVE_GIMPS_ASSIGNMENT,2026-08-09T09:12:31+00:00,UNALLOCATED,,,,,
SLCMP2607-4405,4405,4405,794220997,2^794220997-1,STRUCTURAL_SCREEN_EXHAUSTED_PRIMALITY_UNASSIGNED,GF3A_DIRECTIONAL_WRITE_EXHAUSTED_PRIMALITY_UNASSIGNED,513,512,512,NO_RECORDED_FACTOR_PRP_OR_LL_RESULT_AND_NO_ACTIVE_GIMPS_ASSIGNMENT,2026-08-09T09:12:31+00:00,UNALLOCATED,,,,,
SLCMP2607-4406,4406,4406,794221019,2^794221019-1,STRUCTURAL_SCREEN_EXHAUSTED_PRIMALITY_UNASSIGNED,GF3A_DIRECTIONAL_WRITE_EXHAUSTED_PRIMALITY_UNASSIGNED,514,512,512,NO_RECORDED_FACTOR_PRP_OR_LL_RESULT_AND_NO_ACTIVE_GIMPS_ASSIGNMENT,2026-08-09T09:12:31+00:00,UNALLOCATED,,,,,
SLCMP2607-4407,4407,4407,794221039,2^794221039-1,STRUCTURAL_SCREEN_EXHAUSTED_PRIMALITY_UNASSIGNED,GF3A_DIRECTIONAL_WRITE_EXHAUSTED_PRIMALITY_UNASSIGNED,514,512,512,NO_RECORDED_FACTOR_PRP_OR_LL_RESULT_AND_NO_ACTIVE_GIMPS_ASSIGNMENT,2026-08-09T09:12:31+00:00,UNALLOCATED,,,,,
SLCMP2607-4408,4408,4408,794221171,2^794221171-1,STRUCTURAL_SCREEN_EXHAUSTED_PRIMALITY_UNASSIGNED,GF3A_DIRECTIONAL_WRITE_EXHAUSTED_PRIMALITY_UNASSIGNED,514,512,512,NO_RECORDED_FACTOR_PRP_OR_LL_RESULT_AND_NO_ACTIVE_GIMPS_ASSIGNMENT,2026-08-09T09:12:31+00:00,UNALLOCATED,,,,,
SLCMP2607-4409,4409,4409,794221279,2^794221279-1,STRUCTURAL_SCREEN_EXHAUSTED_PRIMALITY_UNASSIGNED,GF3A_DIRECTIONAL_WRITE_EXHAUSTED_PRIMALITY_UNASSIGNED,514,512,512,NO_RECORDED_FACTOR_PRP_OR_LL_RESULT_AND_NO_ACTIVE_GIMPS_ASSIGNMENT,2026-08-09T09:12:31+00:00,UNALLOCATED,,,,,
SLCMP2607-4410,4410,4410,794221327,2^794221327-1,STRUCTURAL_SCREEN_EXHAUSTED_PRIMALITY_UNASSIGNED,GF3A_DIRECTIONAL_WRITE_EXHAUSTED_PRIMALITY_UNASSIGNED,514,512,512,NO_RECORDED_FACTOR_PRP_OR_LL_RESULT_AND_NO_ACTIVE_GIMPS_ASSIGNMENT,2026-08-09T09:12:31+00:00,UNALLOCATED,,,,,
SLCMP2607-4411,4411,4411,794221381,2^794221381-1,STRUCTURAL_SCREEN_EXHAUSTED_PRIMALITY_UNASSIGNED,GF3A_DIRECTIONAL_WRITE_EXHAUSTED_PRIMALITY_UNASSIGNED,513,512,512,NO_RECORDED_FACTOR_PRP_OR_LL_RESULT_AND_NO_ACTIVE_GIMPS_ASSIGNMENT,2026-08-09T09:12:31+00:00,UNALLOCATED,,,,,
SLCMP2607-4412,4412,4412,794221507,2^794221507-1,STRUCTURAL_SCREEN_EXHAUSTED_PRIMALITY_UNASSIGNED,GF3A_DIRECTIONAL_WRITE_EXHAUSTED_PRIMALITY_UNASSIGNED,514,512,512,NO_RECORDED_FACTOR_PRP_OR_LL_RESULT_AND_NO_ACTIVE_GIMPS_ASSIGNMENT,2026-08-09T09:12:31+00:00,UNALLOCATED,,,,,
SLCMP2607-4413,4413,4413,794221553,2^794221553-1,STRUCTURAL_SCREEN_EXHAUSTED_PRIMALITY_UNASSIGNED,GF3A_DIRECTIONAL_WRITE_EXHAUSTED_PRIMALITY_UNASSIGNED,513,512,512,NO_RECORDED_FACTOR_PRP_OR_LL_RESULT_AND_NO_ACTIVE_GIMPS_ASSIGNMENT,2026-08-09T09:12:31+00:00,UNALLOCATED,,,,,
SLCMP2607-4414,4414,4414,794221583,2^794221583-1,STRUCTURAL_SCREEN_EXHAUSTED_PRIMALITY_UNASSIGNED,GF3A_DIRECTIONAL_WRITE_EXHAUSTED_PRIMALITY_UNASSIGNED,514,512,512,NO_RECORDED_FACTOR_PRP_OR_LL_RESULT_AND_NO_ACTIVE_GIMPS_ASSIGNMENT,2026-08-09T09:12:31+00:00,UNALLOCATED,,,,,
SLCMP2607-4415,4415,4415,794221669,2^794221669-1,STRUCTURAL_SCREEN_EXHAUSTED_PRIMALITY_UNASSIGNED,GF3A_DIRECTIONAL_WRITE_EXHAUSTED_PRIMALITY_UNASSIGNED,513,512,512,NO_RECORDED_FACTOR_PRP_OR_LL_RESULT_AND_NO_ACTIVE_GIMPS_ASSIGNMENT,2026-08-09T09:12:31+00:00,UNALLOCATED,,,,,
SLCMP2607-4416,4416,4416,794221777,2^794221777-1,STRUCTURAL_SCREEN_EXHAUSTED_PRIMALITY_UNASSIGNED,GF3A_DIRECTIONAL_WRITE_EXHAUSTED_PRIMALITY_UNASSIGNED,513,512,512,NO_RECORDED_FACTOR_PRP_OR_LL_RESULT_AND_NO_ACTIVE_GIMPS_ASSIGNMENT,2026-08-09T09:12:31+00:00,UNALLOCATED,,,,,
SLCMP2607-4417,4417,4417,794221807,2^794221807-1,STRUCTURAL_SCREEN_EXHAUSTED_PRIMALITY_UNASSIGNED,GF3A_DIRECTIONAL_WRITE_EXHAUSTED_PRIMALITY_UNASSIGNED,514,512,512,NO_RECORDED_FACTOR_PRP_OR_LL_RESULT_AND_NO_ACTIVE_GIMPS_ASSIGNMENT,2026-08-09T09:12:31+00:00,UNALLOCATED,,,,,
SLCMP2607-4418,4418,4418,794221817,2^794221817-1,STRUCTURAL_SCREEN_EXHAUSTED_PRIMALITY_UNASSIGNED,GF3A_DIRECTIONAL_WRITE_EXHAUSTED_PRIMALITY_UNASSIGNED,513,512,512,NO_RECORDED_FACTOR_PRP_OR_LL_RESULT_AND_NO_ACTIVE_GIMPS_ASSIGNMENT,2026-08-09T09:12:31+00:00,UNALLOCATED,,,,,
SLCMP2607-4419,4419,4419,794221889,2^794221889-1,STRUCTURAL_SCREEN_EXHAUSTED_PRIMALITY_UNASSIGNED,GF3A_DIRECTIONAL_WRITE_EXHAUSTED_PRIMALITY_UNASSIGNED,513,512,512,NO_RECORDED_FACTOR_PRP_OR_LL_RESULT_AND_NO_ACTIVE_GIMPS_ASSIGNMENT,2026-08-09T09:12:31+00:00,UNALLOCATED,,,,,
SLCMP2607-4420,4420,4420,794221903,2^794221903-1,STRUCTURAL_SCREEN_EXHAUSTED_PRIMALITY_UNASSIGNED,GF3A_DIRECTIONAL_WRITE_EXHAUSTED_PRIMALITY_UNASSIGNED,514,512,512,NO_RECORDED_FACTOR_PRP_OR_LL_RESULT_AND_NO_ACTIVE_GIMPS_ASSIGNMENT,2026-08-09T09:12:31+00:00,UNALLOCATED,,,,,
SLCMP2607-4421,4421,4421,794222137,2^794222137-1,STRUCTURAL_SCREEN_EXHAUSTED_PRIMALITY_UNASSIGNED,GF3A_DIRECTIONAL_WRITE_EXHAUSTED_PRIMALITY_UNASSIGNED,513,512,512,NO_RECORDED_FACTOR_PRP_OR_LL_RESULT_AND_NO_ACTIVE_GIMPS_ASSIGNMENT,2026-08-09T09:12:31+00:00,UNALLOCATED,,,,,
SLCMP2607-4422,4422,4422,794222161,2^794222161-1,STRUCTURAL_SCREEN_EXHAUSTED_PRIMALITY_UNASSIGNED,GF3A_DIRECTIONAL_WRITE_EXHAUSTED_PRIMALITY_UNASSIGNED,513,512,512,NO_RECORDED_FACTOR_PRP_OR_LL_RESULT_AND_NO_ACTIVE_GIMPS_ASSIGNMENT,2026-08-09T09:12:31+00:00,UNALLOCATED,,,,,
SLCMP2607-4423,4423,4423,794222189,2^794222189-1,STRUCTURAL_SCREEN_EXHAUSTED_PRIMALITY_UNASSIGNED,GF3A_DIRECTIONAL_WRITE_EXHAUSTED_PRIMALITY_UNASSIGNED,513,512,512,NO_RECORDED_FACTOR_PRP_OR_LL_RESULT_AND_NO_ACTIVE_GIMPS_ASSIGNMENT,2026-08-09T09:12:31+00:00,UNALLOCATED,,,,,
SLCMP2607-4424,4424,4424,794222203,2^794222203-1,STRUCTURAL_SCREEN_EXHAUSTED_PRIMALITY_UNASSIGNED,GF3A_DIRECTIONAL_WRITE_EXHAUSTED_PRIMALITY_UNASSIGNED,514,512,512,NO_RECORDED_FACTOR_PRP_OR_LL_RESULT_AND_NO_ACTIVE_GIMPS_ASSIGNMENT,2026-08-09T09:12:31+00:00,UNALLOCATED,,,,,
SLCMP2607-4425,4425,4425,794222239,2^794222239-1,STRUCTURAL_SCREEN_EXHAUSTED_PRIMALITY_UNASSIGNED,GF3A_DIRECTIONAL_WRITE_EXHAUSTED_PRIMALITY_UNASSIGNED,514,512,512,NO_RECORDED_FACTOR_PRP_OR_LL_RESULT_AND_NO_ACTIVE_GIMPS_ASSIGNMENT,2026-08-09T09:12:31+00:00,UNALLOCATED,,,,,
SLCMP2607-4426,4426,4426,794222251,2^794222251-1,STRUCTURAL_SCREEN_EXHAUSTED_PRIMALITY_UNASSIGNED,GF3A_DIRECTIONAL_WRITE_EXHAUSTED_PRIMALITY_UNASSIGNED,514,512,512,NO_RECORDED_FACTOR_PRP_OR_LL_RESULT_AND_NO_ACTIVE_GIMPS_ASSIGNMENT,2026-08-09T09:12:31+00:00,UNALLOCATED,,,,,
SLCMP2607-4427,4427,4427,794222267,2^794222267-1,STRUCTURAL_SCREEN_EXHAUSTED_PRIMALITY_UNASSIGNED,GF3A_DIRECTIONAL_WRITE_EXHAUSTED_PRIMALITY_UNASSIGNED,514,512,512,NO_RECORDED_FACTOR_PRP_OR_LL_RESULT_AND_NO_ACTIVE_GIMPS_ASSIGNMENT,2026-08-09T09:12:31+00:00,UNALLOCATED,,,,,
SLCMP2607-4428,4428,4428,794222281,2^794222281-1,STRUCTURAL_SCREEN_EXHAUSTED_PRIMALITY_UNASSIGNED,GF3A_DIRECTIONAL_WRITE_EXHAUSTED_PRIMALITY_UNASSIGNED,513,512,512,NO_RECORDED_FACTOR_PRP_OR_LL_RESULT_AND_NO_ACTIVE_GIMPS_ASSIGNMENT,2026-08-09T09:12:31+00:00,UNALLOCATED,,,,,
SLCMP2607-4429,4429,4429,794222369,2^794222369-1,STRUCTURAL_SCREEN_EXHAUSTED_PRIMALITY_UNASSIGNED,GF3A_DIRECTIONAL_WRITE_EXHAUSTED_PRIMALITY_UNASSIGNED,513,512,512,NO_RECORDED_FACTOR_PRP_OR_LL_RESULT_AND_NO_ACTIVE_GIMPS_ASSIGNMENT,2026-08-09T09:12:31+00:00,UNALLOCATED,,,,,
SLCMP2607-4430,4430,4430,794222393,2^794222393-1,STRUCTURAL_SCREEN_EXHAUSTED_PRIMALITY_UNASSIGNED,GF3A_DIRECTIONAL_WRITE_EXHAUSTED_PRIMALITY_UNASSIGNED,513,512,512,NO_RECORDED_FACTOR_PRP_OR_LL_RESULT_AND_NO_ACTIVE_GIMPS_ASSIGNMENT,2026-08-09T09:12:31+00:00,UNALLOCATED,,,,,
SLCMP2607-4431,4431,4431,794222419,2^794222419-1,STRUCTURAL_SCREEN_EXHAUSTED_PRIMALITY_UNASSIGNED,GF3A_DIRECTIONAL_WRITE_EXHAUSTED_PRIMALITY_UNASSIGNED,514,512,512,NO_RECORDED_FACTOR_PRP_OR_LL_RESULT_AND_NO_ACTIVE_GIMPS_ASSIGNMENT,2026-08-09T09:12:31+00:00,UNALLOCATED,,,,,
SLCMP2607-4432,4432,4432,794222563,2^794222563-1,STRUCTURAL_SCREEN_EXHAUSTED_PRIMALITY_UNASSIGNED,GF3A_DIRECTIONAL_WRITE_EXHAUSTED_PRIMALITY_UNASSIGNED,514,512,512,NO_RECORDED_FACTOR_PRP_OR_LL_RESULT_AND_NO_ACTIVE_GIMPS_ASSIGNMENT,2026-08-09T09:12:31+00:00,UNALLOCATED,,,,,
SLCMP2607-4433,4433,4433,794222641,2^794222641-1,STRUCTURAL_SCREEN_EXHAUSTED_PRIMALITY_UNASSIGNED,GF3A_DIRECTIONAL_WRITE_EXHAUSTED_PRIMALITY_UNASSIGNED,513,512,512,NO_RECORDED_FACTOR_PRP_OR_LL_RESULT_AND_NO_ACTIVE_GIMPS_ASSIGNMENT,2026-08-09T09:12:31+00:00,UNALLOCATED,,,,,
SLCMP2607-4434,4434,4434,794222657,2^794222657-1,STRUCTURAL_SCREEN_EXHAUSTED_PRIMALITY_UNASSIGNED,GF3A_DIRECTIONAL_WRITE_EXHAUSTED_PRIMALITY_UNASSIGNED,513,512,512,NO_RECORDED_FACTOR_PRP_OR_LL_RESULT_AND_NO_ACTIVE_GIMPS_ASSIGNMENT,2026-08-09T09:12:31+00:00,UNALLOCATED,,,,,
SLCMP2607-4435,4435,4435,794222753,2^794222753-1,STRUCTURAL_SCREEN_EXHAUSTED_PRIMALITY_UNASSIGNED,GF3A_DIRECTIONAL_WRITE_EXHAUSTED_PRIMALITY_UNASSIGNED,513,512,512,NO_RECORDED_FACTOR_PRP_OR_LL_RESULT_AND_NO_ACTIVE_GIMPS_ASSIGNMENT,2026-08-09T09:12:31+00:00,UNALLOCATED,,,,,
SLCMP2607-4436,4436,4436,794222773,2^794222773-1,STRUCTURAL_SCREEN_EXHAUSTED_PRIMALITY_UNASSIGNED,GF3A_DIRECTIONAL_WRITE_EXHAUSTED_PRIMALITY_UNASSIGNED,513,512,512,NO_RECORDED_FACTOR_PRP_OR_LL_RESULT_AND_NO_ACTIVE_GIMPS_ASSIGNMENT,2026-08-09T09:12:31+00:00,UNALLOCATED,,,,,
SLCMP2607-4437,4437,4437,794222783,2^794222783-1,STRUCTURAL_SCREEN_EXHAUSTED_PRIMALITY_UNASSIGNED,GF3A_DIRECTIONAL_WRITE_EXHAUSTED_PRIMALITY_UNASSIGNED,514,512,512,NO_RECORDED_FACTOR_PRP_OR_LL_RESULT_AND_NO_ACTIVE_GIMPS_ASSIGNMENT,2026-08-09T09:12:31+00:00,UNALLOCATED,,,,,
SLCMP2607-4438,4438,4438,794222809,2^794222809-1,STRUCTURAL_SCREEN_EXHAUSTED_PRIMALITY_UNASSIGNED,GF3A_DIRECTIONAL_WRITE_EXHAUSTED_PRIMALITY_UNASSIGNED,513,512,512,NO_RECORDED_FACTOR_PRP_OR_LL_RESULT_AND_NO_ACTIVE_GIMPS_ASSIGNMENT,2026-08-09T09:12:31+00:00,UNALLOCATED,,,,,
SLCMP2607-4439,4439,4439,794222993,2^794222993-1,STRUCTURAL_SCREEN_EXHAUSTED_PRIMALITY_UNASSIGNED,GF3A_DIRECTIONAL_WRITE_EXHAUSTED_PRIMALITY_UNASSIGNED,513,512,512,NO_RECORDED_FACTOR_PRP_OR_LL_RESULT_AND_NO_ACTIVE_GIMPS_ASSIGNMENT,2026-08-09T09:12:31+00:00,UNALLOCATED,,,,,
SLCMP2607-4440,4440,4440,794223011,2^794223011-1,STRUCTURAL_SCREEN_EXHAUSTED_PRIMALITY_UNASSIGNED,GF3A_DIRECTIONAL_WRITE_EXHAUSTED_PRIMALITY_UNASSIGNED,514,512,512,NO_RECORDED_FACTOR_PRP_OR_LL_RESULT_AND_NO_ACTIVE_GIMPS_ASSIGNMENT,2026-08-09T09:12:31+00:00,UNALLOCATED,,,,,
SLCMP2607-4441,4441,4441,794223043,2^794223043-1,STRUCTURAL_SCREEN_EXHAUSTED_PRIMALITY_UNASSIGNED,GF3A_DIRECTIONAL_WRITE_EXHAUSTED_PRIMALITY_UNASSIGNED,514,512,512,NO_RECORDED_FACTOR_PRP_OR_LL_RESULT_AND_NO_ACTIVE_GIMPS_ASSIGNMENT,2026-08-09T09:12:31+00:00,UNALLOCATED,,,,,
SLCMP2607-4442,4442,4442,794223049,2^794223049-1,STRUCTURAL_SCREEN_EXHAUSTED_PRIMALITY_UNASSIGNED,GF3A_DIRECTIONAL_WRITE_EXHAUSTED_PRIMALITY_UNASSIGNED,513,512,512,NO_RECORDED_FACTOR_PRP_OR_LL_RESULT_AND_NO_ACTIVE_GIMPS_ASSIGNMENT,2026-08-09T09:12:31+00:00,UNALLOCATED,,,,,
SLCMP2607-4443,4443,4443,794223071,2^794223071-1,STRUCTURAL_SCREEN_EXHAUSTED_PRIMALITY_UNASSIGNED,GF3A_DIRECTIONAL_WRITE_EXHAUSTED_PRIMALITY_UNASSIGNED,514,512,512,NO_RECORDED_FACTOR_PRP_OR_LL_RESULT_AND_NO_ACTIVE_GIMPS_ASSIGNMENT,2026-08-09T09:12:31+00:00,UNALLOCATED,,,,,
SLCMP2607-4444,4444,4444,794223077,2^794223077-1,STRUCTURAL_SCREEN_EXHAUSTED_PRIMALITY_UNASSIGNED,GF3A_DIRECTIONAL_WRITE_EXHAUSTED_PRIMALITY_UNASSIGNED,513,512,512,NO_RECORDED_FACTOR_PRP_OR_LL_RESULT_AND_NO_ACTIVE_GIMPS_ASSIGNMENT,2026-08-09T09:12:31+00:00,UNALLOCATED,,,,,
SLCMP2607-4445,4445,4445,794223107,2^794223107-1,STRUCTURAL_SCREEN_EXHAUSTED_PRIMALITY_UNASSIGNED,GF3A_DIRECTIONAL_WRITE_EXHAUSTED_PRIMALITY_UNASSIGNED,514,512,512,NO_RECORDED_FACTOR_PRP_OR_LL_RESULT_AND_NO_ACTIVE_GIMPS_ASSIGNMENT,2026-08-09T09:12:31+00:00,UNALLOCATED,,,,,
SLCMP2607-4446,4446,4446,794223121,2^794223121-1,STRUCTURAL_SCREEN_EXHAUSTED_PRIMALITY_UNASSIGNED,GF3A_DIRECTIONAL_WRITE_EXHAUSTED_PRIMALITY_UNASSIGNED,513,512,512,NO_RECORDED_FACTOR_PRP_OR_LL_RESULT_AND_NO_ACTIVE_GIMPS_ASSIGNMENT,2026-08-09T09:12:31+00:00,UNALLOCATED,,,,,
SLCMP2607-4447,4447,4447,794223127,2^794223127-1,STRUCTURAL_SCREEN_EXHAUSTED_PRIMALITY_UNASSIGNED,GF3A_DIRECTIONAL_WRITE_EXHAUSTED_PRIMALITY_UNASSIGNED,514,512,512,NO_RECORDED_FACTOR_PRP_OR_LL_RESULT_AND_NO_ACTIVE_GIMPS_ASSIGNMENT,2026-08-09T09:12:31+00:00,UNALLOCATED,,,,,
SLCMP2607-4448,4448,4448,794223211,2^794223211-1,STRUCTURAL_SCREEN_EXHAUSTED_PRIMALITY_UNASSIGNED,GF3A_DIRECTIONAL_WRITE_EXHAUSTED_PRIMALITY_UNASSIGNED,514,512,512,NO_RECORDED_FACTOR_PRP_OR_LL_RESULT_AND_NO_ACTIVE_GIMPS_ASSIGNMENT,2026-08-09T09:12:31+00:00,UNALLOCATED,,,,,
SLCMP2607-4449,4449,4449,794223277,2^794223277-1,STRUCTURAL_SCREEN_EXHAUSTED_PRIMALITY_UNASSIGNED,GF3A_DIRECTIONAL_WRITE_EXHAUSTED_PRIMALITY_UNASSIGNED,513,512,512,NO_RECORDED_FACTOR_PRP_OR_LL_RESULT_AND_NO_ACTIVE_GIMPS_ASSIGNMENT,2026-08-09T09:12:31+00:00,UNALLOCATED,,,,,
SLCMP2607-4450,4450,4450,794223301,2^794223301-1,STRUCTURAL_SCREEN_EXHAUSTED_PRIMALITY_UNASSIGNED,GF3A_DIRECTIONAL_WRITE_EXHAUSTED_PRIMALITY_UNASSIGNED,513,512,512,NO_RECORDED_FACTOR_PRP_OR_LL_RESULT_AND_NO_ACTIVE_GIMPS_ASSIGNMENT,2026-08-09T09:12:31+00:00,UNALLOCATED,,,,,
SLCMP2607-4451,4451,4451,794223349,2^794223349-1,STRUCTURAL_SCREEN_EXHAUSTED_PRIMALITY_UNASSIGNED,GF3A_DIRECTIONAL_WRITE_EXHAUSTED_PRIMALITY_UNASSIGNED,513,512,512,NO_RECORDED_FACTOR_PRP_OR_LL_RESULT_AND_NO_ACTIVE_GIMPS_ASSIGNMENT,2026-08-09T09:12:31+00:00,UNALLOCATED,,,,,
SLCMP2607-4452,4452,4452,794223359,2^794223359-1,STRUCTURAL_SCREEN_EXHAUSTED_PRIMALITY_UNASSIGNED,GF3A_DIRECTIONAL_WRITE_EXHAUSTED_PRIMALITY_UNASSIGNED,514,512,512,NO_RECORDED_FACTOR_PRP_OR_LL_RESULT_AND_NO_ACTIVE_GIMPS_ASSIGNMENT,2026-08-09T09:12:31+00:00,UNALLOCATED,,,,,
SLCMP2607-4453,4453,4453,794223361,2^794223361-1,STRUCTURAL_SCREEN_EXHAUSTED_PRIMALITY_UNASSIGNED,GF3A_DIRECTIONAL_WRITE_EXHAUSTED_PRIMALITY_UNASSIGNED,513,512,512,NO_RECORDED_FACTOR_PRP_OR_LL_RESULT_AND_NO_ACTIVE_GIMPS_ASSIGNMENT,2026-08-09T09:12:31+00:00,UNALLOCATED,,,,,
SLCMP2607-4454,4454,4454,794223461,2^794223461-1,STRUCTURAL_SCREEN_EXHAUSTED_PRIMALITY_UNASSIGNED,GF3A_DIRECTIONAL_WRITE_EXHAUSTED_PRIMALITY_UNASSIGNED,513,512,512,NO_RECORDED_FACTOR_PRP_OR_LL_RESULT_AND_NO_ACTIVE_GIMPS_ASSIGNMENT,2026-08-09T09:12:31+00:00,UNALLOCATED,,,,,
SLCMP2607-4455,4455,4455,794223473,2^794223473-1,STRUCTURAL_SCREEN_EXHAUSTED_PRIMALITY_UNASSIGNED,GF3A_DIRECTIONAL_WRITE_EXHAUSTED_PRIMALITY_UNASSIGNED,513,512,512,NO_RECORDED_FACTOR_PRP_OR_LL_RESULT_AND_NO_ACTIVE_GIMPS_ASSIGNMENT,2026-08-09T09:12:31+00:00,UNALLOCATED,,,,,
SLCMP2607-4456,4456,4456,794223533,2^794223533-1,STRUCTURAL_SCREEN_EXHAUSTED_PRIMALITY_UNASSIGNED,GF3A_DIRECTIONAL_WRITE_EXHAUSTED_PRIMALITY_UNASSIGNED,513,512,512,NO_RECORDED_FACTOR_PRP_OR_LL_RESULT_AND_NO_ACTIVE_GIMPS_ASSIGNMENT,2026-08-09T09:12:31+00:00,UNALLOCATED,,,,,
SLCMP2607-4457,4457,4457,794223559,2^794223559-1,STRUCTURAL_SCREEN_EXHAUSTED_PRIMALITY_UNASSIGNED,GF3A_DIRECTIONAL_WRITE_EXHAUSTED_PRIMALITY_UNASSIGNED,514,512,512,NO_RECORDED_FACTOR_PRP_OR_LL_RESULT_AND_NO_ACTIVE_GIMPS_ASSIGNMENT,2026-08-09T09:12:31+00:00,UNALLOCATED,,,,,
SLCMP2607-4458,4458,4458,794223589,2^794223589-1,STRUCTURAL_SCREEN_EXHAUSTED_PRIMALITY_UNASSIGNED,GF3A_DIRECTIONAL_WRITE_EXHAUSTED_PRIMALITY_UNASSIGNED,513,512,512,NO_RECORDED_FACTOR_PRP_OR_LL_RESULT_AND_NO_ACTIVE_GIMPS_ASSIGNMENT,2026-08-09T09:12:31+00:00,UNALLOCATED,,,,,
SLCMP2607-4459,4459,4459,794223733,2^794223733-1,STRUCTURAL_SCREEN_EXHAUSTED_PRIMALITY_UNASSIGNED,GF3A_DIRECTIONAL_WRITE_EXHAUSTED_PRIMALITY_UNASSIGNED,513,512,512,NO_RECORDED_FACTOR_PRP_OR_LL_RESULT_AND_NO_ACTIVE_GIMPS_ASSIGNMENT,2026-08-09T09:12:31+00:00,UNALLOCATED,,,,,
SLCMP2607-4460,4460,4460,794223737,2^794223737-1,STRUCTURAL_SCREEN_EXHAUSTED_PRIMALITY_UNASSIGNED,GF3A_DIRECTIONAL_WRITE_EXHAUSTED_PRIMALITY_UNASSIGNED,513,512,512,NO_RECORDED_FACTOR_PRP_OR_LL_RESULT_AND_NO_ACTIVE_GIMPS_ASSIGNMENT,2026-08-09T09:12:31+00:00,UNALLOCATED,,,,,
SLCMP2607-4461,4461,4461,794223847,2^794223847-1,STRUCTURAL_SCREEN_EXHAUSTED_PRIMALITY_UNASSIGNED,GF3A_DIRECTIONAL_WRITE_EXHAUSTED_PRIMALITY_UNASSIGNED,514,512,512,NO_RECORDED_FACTOR_PRP_OR_LL_RESULT_AND_NO_ACTIVE_GIMPS_ASSIGNMENT,2026-08-09T09:12:31+00:00,UNALLOCATED,,,,,
SLCMP2607-4462,4462,4462,794223851,2^794223851-1,STRUCTURAL_SCREEN_EXHAUSTED_PRIMALITY_UNASSIGNED,GF3A_DIRECTIONAL_WRITE_EXHAUSTED_PRIMALITY_UNASSIGNED,514,512,512,NO_RECORDED_FACTOR_PRP_OR_LL_RESULT_AND_NO_ACTIVE_GIMPS_ASSIGNMENT,2026-08-09T09:12:31+00:00,UNALLOCATED,,,,,
SLCMP2607-4463,4463,4463,794223853,2^794223853-1,STRUCTURAL_SCREEN_EXHAUSTED_PRIMALITY_UNASSIGNED,GF3A_DIRECTIONAL_WRITE_EXHAUSTED_PRIMALITY_UNASSIGNED,513,512,512,NO_RECORDED_FACTOR_PRP_OR_LL_RESULT_AND_NO_ACTIVE_GIMPS_ASSIGNMENT,2026-08-09T09:12:31+00:00,UNALLOCATED,,,,,
SLCMP2607-4464,4464,4464,794223863,2^794223863-1,STRUCTURAL_SCREEN_EXHAUSTED_PRIMALITY_UNASSIGNED,GF3A_DIRECTIONAL_WRITE_EXHAUSTED_PRIMALITY_UNASSIGNED,514,512,512,NO_RECORDED_FACTOR_PRP_OR_LL_RESULT_AND_NO_ACTIVE_GIMPS_ASSIGNMENT,2026-08-09T09:12:31+00:00,UNALLOCATED,,,,,
SLCMP2607-4465,4465,4465,794223877,2^794223877-1,STRUCTURAL_SCREEN_EXHAUSTED_PRIMALITY_UNASSIGNED,GF3A_DIRECTIONAL_WRITE_EXHAUSTED_PRIMALITY_UNASSIGNED,513,512,512,NO_RECORDED_FACTOR_PRP_OR_LL_RESULT_AND_NO_ACTIVE_GIMPS_ASSIGNMENT,2026-08-09T09:12:31+00:00,UNALLOCATED,,,,,
SLCMP2607-4466,4466,4466,794223943,2^794223943-1,STRUCTURAL_SCREEN_EXHAUSTED_PRIMALITY_UNASSIGNED,GF3A_DIRECTIONAL_WRITE_EXHAUSTED_PRIMALITY_UNASSIGNED,514,512,512,NO_RECORDED_FACTOR_PRP_OR_LL_RESULT_AND_NO_ACTIVE_GIMPS_ASSIGNMENT,2026-08-09T09:12:31+00:00,UNALLOCATED,,,,,
SLCMP2607-4467,4467,4467,794223973,2^794223973-1,STRUCTURAL_SCREEN_EXHAUSTED_PRIMALITY_UNASSIGNED,GF3A_DIRECTIONAL_WRITE_EXHAUSTED_PRIMALITY_UNASSIGNED,513,512,512,NO_RECORDED_FACTOR_PRP_OR_LL_RESULT_AND_NO_ACTIVE_GIMPS_ASSIGNMENT,2026-08-09T09:12:31+00:00,UNALLOCATED,,,,,
SLCMP2607-4468,4468,4468,794224021,2^794224021-1,STRUCTURAL_SCREEN_EXHAUSTED_PRIMALITY_UNASSIGNED,GF3A_DIRECTIONAL_WRITE_EXHAUSTED_PRIMALITY_UNASSIGNED,513,512,512,NO_RECORDED_FACTOR_PRP_OR_LL_RESULT_AND_NO_ACTIVE_GIMPS_ASSIGNMENT,2026-08-09T09:12:31+00:00,UNALLOCATED,,,,,
SLCMP2607-4469,4469,4469,794224141,2^794224141-1,STRUCTURAL_SCREEN_EXHAUSTED_PRIMALITY_UNASSIGNED,GF3A_DIRECTIONAL_WRITE_EXHAUSTED_PRIMALITY_UNASSIGNED,513,512,512,NO_RECORDED_FACTOR_PRP_OR_LL_RESULT_AND_NO_ACTIVE_GIMPS_ASSIGNMENT,2026-08-09T09:12:31+00:00,UNALLOCATED,,,,,
SLCMP2607-4470,4470,4470,794224157,2^794224157-1,STRUCTURAL_SCREEN_EXHAUSTED_PRIMALITY_UNASSIGNED,GF3A_DIRECTIONAL_WRITE_EXHAUSTED_PRIMALITY_UNASSIGNED,513,512,512,NO_RECORDED_FACTOR_PRP_OR_LL_RESULT_AND_NO_ACTIVE_GIMPS_ASSIGNMENT,2026-08-09T09:12:31+00:00,UNALLOCATED,,,,,
SLCMP2607-4471,4471,4471,794224237,2^794224237-1,STRUCTURAL_SCREEN_EXHAUSTED_PRIMALITY_UNASSIGNED,GF3A_DIRECTIONAL_WRITE_EXHAUSTED_PRIMALITY_UNASSIGNED,513,512,512,NO_RECORDED_FACTOR_PRP_OR_LL_RESULT_AND_NO_ACTIVE_GIMPS_ASSIGNMENT,2026-08-09T09:12:31+00:00,UNALLOCATED,,,,,
SLCMP2607-4472,4472,4472,794224267,2^794224267-1,STRUCTURAL_SCREEN_EXHAUSTED_PRIMALITY_UNASSIGNED,GF3A_DIRECTIONAL_WRITE_EXHAUSTED_PRIMALITY_UNASSIGNED,514,512,512,NO_RECORDED_FACTOR_PRP_OR_LL_RESULT_AND_NO_ACTIVE_GIMPS_ASSIGNMENT,2026-08-09T09:12:31+00:00,UNALLOCATED,,,,,
SLCMP2607-4473,4473,4473,794224273,2^794224273-1,STRUCTURAL_SCREEN_EXHAUSTED_PRIMALITY_UNASSIGNED,GF3A_DIRECTIONAL_WRITE_EXHAUSTED_PRIMALITY_UNASSIGNED,513,512,512,NO_RECORDED_FACTOR_PRP_OR_LL_RESULT_AND_NO_ACTIVE_GIMPS_ASSIGNMENT,2026-08-09T09:12:31+00:00,UNALLOCATED,,,,,
SLCMP2607-4474,4474,4474,794224303,2^794224303-1,STRUCTURAL_SCREEN_EXHAUSTED_PRIMALITY_UNASSIGNED,GF3A_DIRECTIONAL_WRITE_EXHAUSTED_PRIMALITY_UNASSIGNED,514,512,512,NO_RECORDED_FACTOR_PRP_OR_LL_RESULT_AND_NO_ACTIVE_GIMPS_ASSIGNMENT,2026-08-09T09:12:31+00:00,UNALLOCATED,,,,,
SLCMP2607-4475,4475,4475,794224337,2^794224337-1,STRUCTURAL_SCREEN_EXHAUSTED_PRIMALITY_UNASSIGNED,GF3A_DIRECTIONAL_WRITE_EXHAUSTED_PRIMALITY_UNASSIGNED,513,512,512,NO_RECORDED_FACTOR_PRP_OR_LL_RESULT_AND_NO_ACTIVE_GIMPS_ASSIGNMENT,2026-08-09T09:12:31+00:00,UNALLOCATED,,,,,
SLCMP2607-4476,4476,4476,794224349,2^794224349-1,STRUCTURAL_SCREEN_EXHAUSTED_PRIMALITY_UNASSIGNED,GF3A_DIRECTIONAL_WRITE_EXHAUSTED_PRIMALITY_UNASSIGNED,513,512,512,NO_RECORDED_FACTOR_PRP_OR_LL_RESULT_AND_NO_ACTIVE_GIMPS_ASSIGNMENT,2026-08-09T09:12:31+00:00,UNALLOCATED,,,,,
SLCMP2607-4477,4477,4477,794224369,2^794224369-1,STRUCTURAL_SCREEN_EXHAUSTED_PRIMALITY_UNASSIGNED,GF3A_DIRECTIONAL_WRITE_EXHAUSTED_PRIMALITY_UNASSIGNED,513,512,512,NO_RECORDED_FACTOR_PRP_OR_LL_RESULT_AND_NO_ACTIVE_GIMPS_ASSIGNMENT,2026-08-09T09:12:31+00:00,UNALLOCATED,,,,,
SLCMP2607-4478,4478,4478,794224381,2^794224381-1,STRUCTURAL_SCREEN_EXHAUSTED_PRIMALITY_UNASSIGNED,GF3A_DIRECTIONAL_WRITE_EXHAUSTED_PRIMALITY_UNASSIGNED,513,512,512,NO_RECORDED_FACTOR_PRP_OR_LL_RESULT_AND_NO_ACTIVE_GIMPS_ASSIGNMENT,2026-08-09T09:12:31+00:00,UNALLOCATED,,,,,
SLCMP2607-4479,4479,4479,794224393,2^794224393-1,STRUCTURAL_SCREEN_EXHAUSTED_PRIMALITY_UNASSIGNED,GF3A_DIRECTIONAL_WRITE_EXHAUSTED_PRIMALITY_UNASSIGNED,513,512,512,NO_RECORDED_FACTOR_PRP_OR_LL_RESULT_AND_NO_ACTIVE_GIMPS_ASSIGNMENT,2026-08-09T09:12:31+00:00,UNALLOCATED,,,,,
SLCMP2607-4480,4480,4480,794224399,2^794224399-1,STRUCTURAL_SCREEN_EXHAUSTED_PRIMALITY_UNASSIGNED,GF3A_DIRECTIONAL_WRITE_EXHAUSTED_PRIMALITY_UNASSIGNED,514,512,512,NO_RECORDED_FACTOR_PRP_OR_LL_RESULT_AND_NO_ACTIVE_GIMPS_ASSIGNMENT,2026-08-09T09:12:31+00:00,UNALLOCATED,,,,,
SLCMP2607-4481,4481,4481,794224447,2^794224447-1,STRUCTURAL_SCREEN_EXHAUSTED_PRIMALITY_UNASSIGNED,GF3A_DIRECTIONAL_WRITE_EXHAUSTED_PRIMALITY_UNASSIGNED,514,512,512,NO_RECORDED_FACTOR_PRP_OR_LL_RESULT_AND_NO_ACTIVE_GIMPS_ASSIGNMENT,2026-08-09T09:12:31+00:00,UNALLOCATED,,,,,
SLCMP2607-4482,4482,4482,794224463,2^794224463-1,STRUCTURAL_SCREEN_EXHAUSTED_PRIMALITY_UNASSIGNED,GF3A_DIRECTIONAL_WRITE_EXHAUSTED_PRIMALITY_UNASSIGNED,514,512,512,NO_RECORDED_FACTOR_PRP_OR_LL_RESULT_AND_NO_ACTIVE_GIMPS_ASSIGNMENT,2026-08-09T09:12:31+00:00,UNALLOCATED,,,,,
SLCMP2607-4483,4483,4483,794224507,2^794224507-1,STRUCTURAL_SCREEN_EXHAUSTED_PRIMALITY_UNASSIGNED,GF3A_DIRECTIONAL_WRITE_EXHAUSTED_PRIMALITY_UNASSIGNED,514,512,512,NO_RECORDED_FACTOR_PRP_OR_LL_RESULT_AND_NO_ACTIVE_GIMPS_ASSIGNMENT,2026-08-09T09:12:31+00:00,UNALLOCATED,,,,,
SLCMP2607-4484,4484,4484,794224511,2^794224511-1,STRUCTURAL_SCREEN_EXHAUSTED_PRIMALITY_UNASSIGNED,GF3A_DIRECTIONAL_WRITE_EXHAUSTED_PRIMALITY_UNASSIGNED,514,512,512,NO_RECORDED_FACTOR_PRP_OR_LL_RESULT_AND_NO_ACTIVE_GIMPS_ASSIGNMENT,2026-08-09T09:12:31+00:00,UNALLOCATED,,,,,
SLCMP2607-4485,4485,4485,794224559,2^794224559-1,STRUCTURAL_SCREEN_EXHAUSTED_PRIMALITY_UNASSIGNED,GF3A_DIRECTIONAL_WRITE_EXHAUSTED_PRIMALITY_UNASSIGNED,514,512,512,NO_RECORDED_FACTOR_PRP_OR_LL_RESULT_AND_NO_ACTIVE_GIMPS_ASSIGNMENT,2026-08-09T09:12:31+00:00,UNALLOCATED,,,,,
SLCMP2607-4486,4486,4486,794224601,2^794224601-1,STRUCTURAL_SCREEN_EXHAUSTED_PRIMALITY_UNASSIGNED,GF3A_DIRECTIONAL_WRITE_EXHAUSTED_PRIMALITY_UNASSIGNED,513,512,512,NO_RECORDED_FACTOR_PRP_OR_LL_RESULT_AND_NO_ACTIVE_GIMPS_ASSIGNMENT,2026-08-09T09:12:31+00:00,UNALLOCATED,,,,,
SLCMP2607-4487,4487,4487,794224603,2^794224603-1,STRUCTURAL_SCREEN_EXHAUSTED_PRIMALITY_UNASSIGNED,GF3A_DIRECTIONAL_WRITE_EXHAUSTED_PRIMALITY_UNASSIGNED,514,512,512,NO_RECORDED_FACTOR_PRP_OR_LL_RESULT_AND_NO_ACTIVE_GIMPS_ASSIGNMENT,2026-08-09T09:12:31+00:00,UNALLOCATED,,,,,
SLCMP2607-4488,4488,4488,794224679,2^794224679-1,STRUCTURAL_SCREEN_EXHAUSTED_PRIMALITY_UNASSIGNED,GF3A_DIRECTIONAL_WRITE_EXHAUSTED_PRIMALITY_UNASSIGNED,514,512,512,NO_RECORDED_FACTOR_PRP_OR_LL_RESULT_AND_NO_ACTIVE_GIMPS_ASSIGNMENT,2026-08-09T09:12:31+00:00,UNALLOCATED,,,,,
SLCMP2607-4489,4489,4489,794224693,2^794224693-1,STRUCTURAL_SCREEN_EXHAUSTED_PRIMALITY_UNASSIGNED,GF3A_DIRECTIONAL_WRITE_EXHAUSTED_PRIMALITY_UNASSIGNED,513,512,512,NO_RECORDED_FACTOR_PRP_OR_LL_RESULT_AND_NO_ACTIVE_GIMPS_ASSIGNMENT,2026-08-09T09:12:31+00:00,UNALLOCATED,,,,,
SLCMP2607-4490,4490,4490,794224699,2^794224699-1,STRUCTURAL_SCREEN_EXHAUSTED_PRIMALITY_UNASSIGNED,GF3A_DIRECTIONAL_WRITE_EXHAUSTED_PRIMALITY_UNASSIGNED,514,512,512,NO_RECORDED_FACTOR_PRP_OR_LL_RESULT_AND_NO_ACTIVE_GIMPS_ASSIGNMENT,2026-08-09T09:12:31+00:00,UNALLOCATED,,,,,
SLCMP2607-4491,4491,4491,794224771,2^794224771-1,STRUCTURAL_SCREEN_EXHAUSTED_PRIMALITY_UNASSIGNED,GF3A_DIRECTIONAL_WRITE_EXHAUSTED_PRIMALITY_UNASSIGNED,514,512,512,NO_RECORDED_FACTOR_PRP_OR_LL_RESULT_AND_NO_ACTIVE_GIMPS_ASSIGNMENT,2026-08-09T09:12:31+00:00,UNALLOCATED,,,,,
SLCMP2607-4492,4492,4492,794224807,2^794224807-1,STRUCTURAL_SCREEN_EXHAUSTED_PRIMALITY_UNASSIGNED,GF3A_DIRECTIONAL_WRITE_EXHAUSTED_PRIMALITY_UNASSIGNED,514,512,512,NO_RECORDED_FACTOR_PRP_OR_LL_RESULT_AND_NO_ACTIVE_GIMPS_ASSIGNMENT,2026-08-09T09:12:31+00:00,UNALLOCATED,,,,,
SLCMP2607-4493,4493,4493,794224829,2^794224829-1,STRUCTURAL_SCREEN_EXHAUSTED_PRIMALITY_UNASSIGNED,GF3A_DIRECTIONAL_WRITE_EXHAUSTED_PRIMALITY_UNASSIGNED,513,512,512,NO_RECORDED_FACTOR_PRP_OR_LL_RESULT_AND_NO_ACTIVE_GIMPS_ASSIGNMENT,2026-08-09T09:12:31+00:00,UNALLOCATED,,,,,
SLCMP2607-4494,4494,4494,794224883,2^794224883-1,STRUCTURAL_SCREEN_EXHAUSTED_PRIMALITY_UNASSIGNED,GF3A_DIRECTIONAL_WRITE_EXHAUSTED_PRIMALITY_UNASSIGNED,514,512,512,NO_RECORDED_FACTOR_PRP_OR_LL_RESULT_AND_NO_ACTIVE_GIMPS_ASSIGNMENT,2026-08-09T09:12:31+00:00,UNALLOCATED,,,,,
SLCMP2607-4495,4495,4495,794224919,2^794224919-1,STRUCTURAL_SCREEN_EXHAUSTED_PRIMALITY_UNASSIGNED,GF3A_DIRECTIONAL_WRITE_EXHAUSTED_PRIMALITY_UNASSIGNED,514,512,512,NO_RECORDED_FACTOR_PRP_OR_LL_RESULT_AND_NO_ACTIVE_GIMPS_ASSIGNMENT,2026-08-09T09:12:31+00:00,UNALLOCATED,,,,,
SLCMP2607-4496,4496,4496,794224939,2^794224939-1,STRUCTURAL_SCREEN_EXHAUSTED_PRIMALITY_UNASSIGNED,GF3A_DIRECTIONAL_WRITE_EXHAUSTED_PRIMALITY_UNASSIGNED,514,512,512,NO_RECORDED_FACTOR_PRP_OR_LL_RESULT_AND_NO_ACTIVE_GIMPS_ASSIGNMENT,2026-08-09T09:12:31+00:00,UNALLOCATED,,,,,
SLCMP2607-4497,4497,4497,794224967,2^794224967-1,STRUCTURAL_SCREEN_EXHAUSTED_PRIMALITY_UNASSIGNED,GF3A_DIRECTIONAL_WRITE_EXHAUSTED_PRIMALITY_UNASSIGNED,514,512,512,NO_RECORDED_FACTOR_PRP_OR_LL_RESULT_AND_NO_ACTIVE_GIMPS_ASSIGNMENT,2026-08-09T09:12:31+00:00,UNALLOCATED,,,,,
SLCMP2607-4498,4498,4498,794225111,2^794225111-1,STRUCTURAL_SCREEN_EXHAUSTED_PRIMALITY_UNASSIGNED,GF3A_DIRECTIONAL_WRITE_EXHAUSTED_PRIMALITY_UNASSIGNED,514,512,512,NO_RECORDED_FACTOR_PRP_OR_LL_RESULT_AND_NO_ACTIVE_GIMPS_ASSIGNMENT,2026-08-09T09:12:31+00:00,UNALLOCATED,,,,,
SLCMP2607-4499,4499,4499,794225147,2^794225147-1,STRUCTURAL_SCREEN_EXHAUSTED_PRIMALITY_UNASSIGNED,GF3A_DIRECTIONAL_WRITE_EXHAUSTED_PRIMALITY_UNASSIGNED,514,512,512,NO_RECORDED_FACTOR_PRP_OR_LL_RESULT_AND_NO_ACTIVE_GIMPS_ASSIGNMENT,2026-08-09T09:12:31+00:00,UNALLOCATED,,,,,
SLCMP2607-4500,4500,4500,794225219,2^794225219-1,STRUCTURAL_SCREEN_EXHAUSTED_PRIMALITY_UNASSIGNED,GF3A_DIRECTIONAL_WRITE_EXHAUSTED_PRIMALITY_UNASSIGNED,514,512,512,NO_RECORDED_FACTOR_PRP_OR_LL_RESULT_AND_NO_ACTIVE_GIMPS_ASSIGNMENT,2026-08-09T09:12:31+00:00,UNALLOCATED,,,,,
SLCMP2607-4501,4501,4501,794225249,2^794225249-1,STRUCTURAL_SCREEN_EXHAUSTED_PRIMALITY_UNASSIGNED,GF3A_DIRECTIONAL_WRITE_EXHAUSTED_PRIMALITY_UNASSIGNED,513,512,512,NO_RECORDED_FACTOR_PRP_OR_LL_RESULT_AND_NO_ACTIVE_GIMPS_ASSIGNMENT,2026-08-09T09:12:31+00:00,UNALLOCATED,,,,,
SLCMP2607-4502,4502,4502,794225323,2^794225323-1,STRUCTURAL_SCREEN_EXHAUSTED_PRIMALITY_UNASSIGNED,GF3A_DIRECTIONAL_WRITE_EXHAUSTED_PRIMALITY_UNASSIGNED,514,512,512,NO_RECORDED_FACTOR_PRP_OR_LL_RESULT_AND_NO_ACTIVE_GIMPS_ASSIGNMENT,2026-08-09T09:12:31+00:00,UNALLOCATED,,,,,
SLCMP2607-4503,4503,4503,794225371,2^794225371-1,STRUCTURAL_SCREEN_EXHAUSTED_PRIMALITY_UNASSIGNED,GF3A_DIRECTIONAL_WRITE_EXHAUSTED_PRIMALITY_UNASSIGNED,514,512,512,NO_RECORDED_FACTOR_PRP_OR_LL_RESULT_AND_NO_ACTIVE_GIMPS_ASSIGNMENT,2026-08-09T09:12:31+00:00,UNALLOCATED,,,,,
SLCMP2607-4504,4504,4504,794225413,2^794225413-1,STRUCTURAL_SCREEN_EXHAUSTED_PRIMALITY_UNASSIGNED,GF3A_DIRECTIONAL_WRITE_EXHAUSTED_PRIMALITY_UNASSIGNED,513,512,512,NO_RECORDED_FACTOR_PRP_OR_LL_RESULT_AND_NO_ACTIVE_GIMPS_ASSIGNMENT,2026-08-09T09:12:31+00:00,UNALLOCATED,,,,,
SLCMP2607-4505,4505,4505,794225449,2^794225449-1,STRUCTURAL_SCREEN_EXHAUSTED_PRIMALITY_UNASSIGNED,GF3A_DIRECTIONAL_WRITE_EXHAUSTED_PRIMALITY_UNASSIGNED,513,512,512,NO_RECORDED_FACTOR_PRP_OR_LL_RESULT_AND_NO_ACTIVE_GIMPS_ASSIGNMENT,2026-08-09T09:12:31+00:00,UNALLOCATED,,,,,
SLCMP2607-4506,4506,4506,794225501,2^794225501-1,STRUCTURAL_SCREEN_EXHAUSTED_PRIMALITY_UNASSIGNED,GF3A_DIRECTIONAL_WRITE_EXHAUSTED_PRIMALITY_UNASSIGNED,513,512,512,NO_RECORDED_FACTOR_PRP_OR_LL_RESULT_AND_NO_ACTIVE_GIMPS_ASSIGNMENT,2026-08-09T09:12:31+00:00,UNALLOCATED,,,,,
SLCMP2607-4507,4507,4507,794225503,2^794225503-1,STRUCTURAL_SCREEN_EXHAUSTED_PRIMALITY_UNASSIGNED,GF3A_DIRECTIONAL_WRITE_EXHAUSTED_PRIMALITY_UNASSIGNED,514,512,512,NO_RECORDED_FACTOR_PRP_OR_LL_RESULT_AND_NO_ACTIVE_GIMPS_ASSIGNMENT,2026-08-09T09:12:31+00:00,UNALLOCATED,,,,,
SLCMP2607-4508,4508,4508,794225513,2^794225513-1,STRUCTURAL_SCREEN_EXHAUSTED_PRIMALITY_UNASSIGNED,GF3A_DIRECTIONAL_WRITE_EXHAUSTED_PRIMALITY_UNASSIGNED,513,512,512,NO_RECORDED_FACTOR_PRP_OR_LL_RESULT_AND_NO_ACTIVE_GIMPS_ASSIGNMENT,2026-08-09T09:12:31+00:00,UNALLOCATED,,,,,
SLCMP2607-4509,4509,4509,794225539,2^794225539-1,STRUCTURAL_SCREEN_EXHAUSTED_PRIMALITY_UNASSIGNED,GF3A_DIRECTIONAL_WRITE_EXHAUSTED_PRIMALITY_UNASSIGNED,514,512,512,NO_RECORDED_FACTOR_PRP_OR_LL_RESULT_AND_NO_ACTIVE_GIMPS_ASSIGNMENT,2026-08-09T09:12:31+00:00,UNALLOCATED,,,,,
SLCMP2607-4510,4510,4510,794225603,2^794225603-1,STRUCTURAL_SCREEN_EXHAUSTED_PRIMALITY_UNASSIGNED,GF3A_DIRECTIONAL_WRITE_EXHAUSTED_PRIMALITY_UNASSIGNED,514,512,512,NO_RECORDED_FACTOR_PRP_OR_LL_RESULT_AND_NO_ACTIVE_GIMPS_ASSIGNMENT,2026-08-09T09:12:31+00:00,UNALLOCATED,,,,,
SLCMP2607-4511,4511,4511,794225629,2^794225629-1,STRUCTURAL_SCREEN_EXHAUSTED_PRIMALITY_UNASSIGNED,GF3A_DIRECTIONAL_WRITE_EXHAUSTED_PRIMALITY_UNASSIGNED,513,512,512,NO_RECORDED_FACTOR_PRP_OR_LL_RESULT_AND_NO_ACTIVE_GIMPS_ASSIGNMENT,2026-08-09T09:12:31+00:00,UNALLOCATED,,,,,
SLCMP2607-4512,4512,4512,794225657,2^794225657-1,STRUCTURAL_SCREEN_EXHAUSTED_PRIMALITY_UNASSIGNED,GF3A_DIRECTIONAL_WRITE_EXHAUSTED_PRIMALITY_UNASSIGNED,513,512,512,NO_RECORDED_FACTOR_PRP_OR_LL_RESULT_AND_NO_ACTIVE_GIMPS_ASSIGNMENT,2026-08-09T09:12:31+00:00,UNALLOCATED,,,,,
SLCMP2607-4513,4513,4513,794225699,2^794225699-1,STRUCTURAL_SCREEN_EXHAUSTED_PRIMALITY_UNASSIGNED,GF3A_DIRECTIONAL_WRITE_EXHAUSTED_PRIMALITY_UNASSIGNED,514,512,512,NO_RECORDED_FACTOR_PRP_OR_LL_RESULT_AND_NO_ACTIVE_GIMPS_ASSIGNMENT,2026-08-09T09:12:31+00:00,UNALLOCATED,,,,,
SLCMP2607-4514,4514,4514,794225711,2^794225711-1,STRUCTURAL_SCREEN_EXHAUSTED_PRIMALITY_UNASSIGNED,GF3A_DIRECTIONAL_WRITE_EXHAUSTED_PRIMALITY_UNASSIGNED,514,512,512,NO_RECORDED_FACTOR_PRP_OR_LL_RESULT_AND_NO_ACTIVE_GIMPS_ASSIGNMENT,2026-08-09T09:12:31+00:00,UNALLOCATED,,,,,
SLCMP2607-4515,4515,4515,794225717,2^794225717-1,STRUCTURAL_SCREEN_EXHAUSTED_PRIMALITY_UNASSIGNED,GF3A_DIRECTIONAL_WRITE_EXHAUSTED_PRIMALITY_UNASSIGNED,513,512,512,NO_RECORDED_FACTOR_PRP_OR_LL_RESULT_AND_NO_ACTIVE_GIMPS_ASSIGNMENT,2026-08-09T09:12:31+00:00,UNALLOCATED,,,,,
SLCMP2607-4516,4516,4516,794225827,2^794225827-1,STRUCTURAL_SCREEN_EXHAUSTED_PRIMALITY_UNASSIGNED,GF3A_DIRECTIONAL_WRITE_EXHAUSTED_PRIMALITY_UNASSIGNED,514,512,512,NO_RECORDED_FACTOR_PRP_OR_LL_RESULT_AND_NO_ACTIVE_GIMPS_ASSIGNMENT,2026-08-09T09:12:31+00:00,UNALLOCATED,,,,,
SLCMP2607-4517,4517,4517,794225849,2^794225849-1,STRUCTURAL_SCREEN_EXHAUSTED_PRIMALITY_UNASSIGNED,GF3A_DIRECTIONAL_WRITE_EXHAUSTED_PRIMALITY_UNASSIGNED,513,512,512,NO_RECORDED_FACTOR_PRP_OR_LL_RESULT_AND_NO_ACTIVE_GIMPS_ASSIGNMENT,2026-08-09T09:12:31+00:00,UNALLOCATED,,,,,
SLCMP2607-4518,4518,4518,794225851,2^794225851-1,STRUCTURAL_SCREEN_EXHAUSTED_PRIMALITY_UNASSIGNED,GF3A_DIRECTIONAL_WRITE_EXHAUSTED_PRIMALITY_UNASSIGNED,514,512,512,NO_RECORDED_FACTOR_PRP_OR_LL_RESULT_AND_NO_ACTIVE_GIMPS_ASSIGNMENT,2026-08-09T09:12:31+00:00,UNALLOCATED,,,,,
SLCMP2607-4519,4519,4519,794225899,2^794225899-1,STRUCTURAL_SCREEN_EXHAUSTED_PRIMALITY_UNASSIGNED,GF3A_DIRECTIONAL_WRITE_EXHAUSTED_PRIMALITY_UNASSIGNED,514,512,512,NO_RECORDED_FACTOR_PRP_OR_LL_RESULT_AND_NO_ACTIVE_GIMPS_ASSIGNMENT,2026-08-09T09:12:31+00:00,UNALLOCATED,,,,,
SLCMP2607-4520,4520,4520,794225981,2^794225981-1,STRUCTURAL_SCREEN_EXHAUSTED_PRIMALITY_UNASSIGNED,GF3A_DIRECTIONAL_WRITE_EXHAUSTED_PRIMALITY_UNASSIGNED,513,512,512,NO_RECORDED_FACTOR_PRP_OR_LL_RESULT_AND_NO_ACTIVE_GIMPS_ASSIGNMENT,2026-08-09T09:12:31+00:00,UNALLOCATED,,,,,
SLCMP2607-4521,4521,4521,794225989,2^794225989-1,STRUCTURAL_SCREEN_EXHAUSTED_PRIMALITY_UNASSIGNED,GF3A_DIRECTIONAL_WRITE_EXHAUSTED_PRIMALITY_UNASSIGNED,513,512,512,NO_RECORDED_FACTOR_PRP_OR_LL_RESULT_AND_NO_ACTIVE_GIMPS_ASSIGNMENT,2026-08-09T09:12:31+00:00,UNALLOCATED,,,,,
SLCMP2607-4522,4522,4522,794226023,2^794226023-1,STRUCTURAL_SCREEN_EXHAUSTED_PRIMALITY_UNASSIGNED,GF3A_DIRECTIONAL_WRITE_EXHAUSTED_PRIMALITY_UNASSIGNED,514,512,512,NO_RECORDED_FACTOR_PRP_OR_LL_RESULT_AND_NO_ACTIVE_GIMPS_ASSIGNMENT,2026-08-09T09:12:31+00:00,UNALLOCATED,,,,,
SLCMP2607-4523,4523,4523,794226029,2^794226029-1,STRUCTURAL_SCREEN_EXHAUSTED_PRIMALITY_UNASSIGNED,GF3A_DIRECTIONAL_WRITE_EXHAUSTED_PRIMALITY_UNASSIGNED,513,512,512,NO_RECORDED_FACTOR_PRP_OR_LL_RESULT_AND_NO_ACTIVE_GIMPS_ASSIGNMENT,2026-08-09T09:12:31+00:00,UNALLOCATED,,,,,
SLCMP2607-4524,4524,4524,794226071,2^794226071-1,STRUCTURAL_SCREEN_EXHAUSTED_PRIMALITY_UNASSIGNED,GF3A_DIRECTIONAL_WRITE_EXHAUSTED_PRIMALITY_UNASSIGNED,514,512,512,NO_RECORDED_FACTOR_PRP_OR_LL_RESULT_AND_NO_ACTIVE_GIMPS_ASSIGNMENT,2026-08-09T09:12:31+00:00,UNALLOCATED,,,,,
SLCMP2607-4525,4525,4525,794226079,2^794226079-1,STRUCTURAL_SCREEN_EXHAUSTED_PRIMALITY_UNASSIGNED,GF3A_DIRECTIONAL_WRITE_EXHAUSTED_PRIMALITY_UNASSIGNED,514,512,512,NO_RECORDED_FACTOR_PRP_OR_LL_RESULT_AND_NO_ACTIVE_GIMPS_ASSIGNMENT,2026-08-09T09:12:31+00:00,UNALLOCATED,,,,,
SLCMP2607-4526,4526,4526,794226091,2^794226091-1,STRUCTURAL_SCREEN_EXHAUSTED_PRIMALITY_UNASSIGNED,GF3A_DIRECTIONAL_WRITE_EXHAUSTED_PRIMALITY_UNASSIGNED,514,512,512,NO_RECORDED_FACTOR_PRP_OR_LL_RESULT_AND_NO_ACTIVE_GIMPS_ASSIGNMENT,2026-08-09T09:12:31+00:00,UNALLOCATED,,,,,
SLCMP2607-4527,4527,4527,794226187,2^794226187-1,STRUCTURAL_SCREEN_EXHAUSTED_PRIMALITY_UNASSIGNED,GF3A_DIRECTIONAL_WRITE_EXHAUSTED_PRIMALITY_UNASSIGNED,514,512,512,NO_RECORDED_FACTOR_PRP_OR_LL_RESULT_AND_NO_ACTIVE_GIMPS_ASSIGNMENT,2026-08-09T09:12:31+00:00,UNALLOCATED,,,,,
SLCMP2607-4528,4528,4528,794226229,2^794226229-1,STRUCTURAL_SCREEN_EXHAUSTED_PRIMALITY_UNASSIGNED,GF3A_DIRECTIONAL_WRITE_EXHAUSTED_PRIMALITY_UNASSIGNED,513,512,512,NO_RECORDED_FACTOR_PRP_OR_LL_RESULT_AND_NO_ACTIVE_GIMPS_ASSIGNMENT,2026-08-09T09:12:31+00:00,UNALLOCATED,,,,,
SLCMP2607-4529,4529,4529,794226343,2^794226343-1,STRUCTURAL_SCREEN_EXHAUSTED_PRIMALITY_UNASSIGNED,GF3A_DIRECTIONAL_WRITE_EXHAUSTED_PRIMALITY_UNASSIGNED,514,512,512,NO_RECORDED_FACTOR_PRP_OR_LL_RESULT_AND_NO_ACTIVE_GIMPS_ASSIGNMENT,2026-08-09T09:12:31+00:00,UNALLOCATED,,,,,
SLCMP2607-4530,4530,4530,794226427,2^794226427-1,STRUCTURAL_SCREEN_EXHAUSTED_PRIMALITY_UNASSIGNED,GF3A_DIRECTIONAL_WRITE_EXHAUSTED_PRIMALITY_UNASSIGNED,514,512,512,NO_RECORDED_FACTOR_PRP_OR_LL_RESULT_AND_NO_ACTIVE_GIMPS_ASSIGNMENT,2026-08-09T09:12:31+00:00,UNALLOCATED,,,,,
SLCMP2607-4531,4531,4531,794226487,2^794226487-1,STRUCTURAL_SCREEN_EXHAUSTED_PRIMALITY_UNASSIGNED,GF3A_DIRECTIONAL_WRITE_EXHAUSTED_PRIMALITY_UNASSIGNED,514,512,512,NO_RECORDED_FACTOR_PRP_OR_LL_RESULT_AND_NO_ACTIVE_GIMPS_ASSIGNMENT,2026-08-09T09:12:31+00:00,UNALLOCATED,,,,,
SLCMP2607-4532,4532,4532,794226569,2^794226569-1,STRUCTURAL_SCREEN_EXHAUSTED_PRIMALITY_UNASSIGNED,GF3A_DIRECTIONAL_WRITE_EXHAUSTED_PRIMALITY_UNASSIGNED,513,512,512,NO_RECORDED_FACTOR_PRP_OR_LL_RESULT_AND_NO_ACTIVE_GIMPS_ASSIGNMENT,2026-08-09T09:12:31+00:00,UNALLOCATED,,,,,
SLCMP2607-4533,4533,4533,794226613,2^794226613-1,STRUCTURAL_SCREEN_EXHAUSTED_PRIMALITY_UNASSIGNED,GF3A_DIRECTIONAL_WRITE_EXHAUSTED_PRIMALITY_UNASSIGNED,513,512,512,NO_RECORDED_FACTOR_PRP_OR_LL_RESULT_AND_NO_ACTIVE_GIMPS_ASSIGNMENT,2026-08-09T09:12:31+00:00,UNALLOCATED,,,,,
SLCMP2607-4534,4534,4534,794226637,2^794226637-1,STRUCTURAL_SCREEN_EXHAUSTED_PRIMALITY_UNASSIGNED,GF3A_DIRECTIONAL_WRITE_EXHAUSTED_PRIMALITY_UNASSIGNED,513,512,512,NO_RECORDED_FACTOR_PRP_OR_LL_RESULT_AND_NO_ACTIVE_GIMPS_ASSIGNMENT,2026-08-09T09:12:31+00:00,UNALLOCATED,,,,,
SLCMP2607-4535,4535,4535,794226749,2^794226749-1,STRUCTURAL_SCREEN_EXHAUSTED_PRIMALITY_UNASSIGNED,GF3A_DIRECTIONAL_WRITE_EXHAUSTED_PRIMALITY_UNASSIGNED,513,512,512,NO_RECORDED_FACTOR_PRP_OR_LL_RESULT_AND_NO_ACTIVE_GIMPS_ASSIGNMENT,2026-08-09T09:12:31+00:00,UNALLOCATED,,,,,
SLCMP2607-4536,4536,4536,794226767,2^794226767-1,STRUCTURAL_SCREEN_EXHAUSTED_PRIMALITY_UNASSIGNED,GF3A_DIRECTIONAL_WRITE_EXHAUSTED_PRIMALITY_UNASSIGNED,514,512,512,NO_RECORDED_FACTOR_PRP_OR_LL_RESULT_AND_NO_ACTIVE_GIMPS_ASSIGNMENT,2026-08-09T09:12:31+00:00,UNALLOCATED,,,,,
SLCMP2607-4537,4537,4537,794226773,2^794226773-1,STRUCTURAL_SCREEN_EXHAUSTED_PRIMALITY_UNASSIGNED,GF3A_DIRECTIONAL_WRITE_EXHAUSTED_PRIMALITY_UNASSIGNED,513,512,512,NO_RECORDED_FACTOR_PRP_OR_LL_RESULT_AND_NO_ACTIVE_GIMPS_ASSIGNMENT,2026-08-09T09:12:31+00:00,UNALLOCATED,,,,,
SLCMP2607-4538,4538,4538,794226871,2^794226871-1,STRUCTURAL_SCREEN_EXHAUSTED_PRIMALITY_UNASSIGNED,GF3A_DIRECTIONAL_WRITE_EXHAUSTED_PRIMALITY_UNASSIGNED,514,512,512,NO_RECORDED_FACTOR_PRP_OR_LL_RESULT_AND_NO_ACTIVE_GIMPS_ASSIGNMENT,2026-08-09T09:12:31+00:00,UNALLOCATED,,,,,
SLCMP2607-4539,4539,4539,794227061,2^794227061-1,STRUCTURAL_SCREEN_EXHAUSTED_PRIMALITY_UNASSIGNED,GF3A_DIRECTIONAL_WRITE_EXHAUSTED_PRIMALITY_UNASSIGNED,513,512,512,NO_RECORDED_FACTOR_PRP_OR_LL_RESULT_AND_NO_ACTIVE_GIMPS_ASSIGNMENT,2026-08-09T09:12:31+00:00,UNALLOCATED,,,,,
SLCMP2607-4540,4540,4540,794227127,2^794227127-1,STRUCTURAL_SCREEN_EXHAUSTED_PRIMALITY_UNASSIGNED,GF3A_DIRECTIONAL_WRITE_EXHAUSTED_PRIMALITY_UNASSIGNED,514,512,512,NO_RECORDED_FACTOR_PRP_OR_LL_RESULT_AND_NO_ACTIVE_GIMPS_ASSIGNMENT,2026-08-09T09:12:31+00:00,UNALLOCATED,,,,,
SLCMP2607-4541,4541,4541,794227153,2^794227153-1,STRUCTURAL_SCREEN_EXHAUSTED_PRIMALITY_UNASSIGNED,GF3A_DIRECTIONAL_WRITE_EXHAUSTED_PRIMALITY_UNASSIGNED,513,512,512,NO_RECORDED_FACTOR_PRP_OR_LL_RESULT_AND_NO_ACTIVE_GIMPS_ASSIGNMENT,2026-08-09T09:12:31+00:00,UNALLOCATED,,,,,
SLCMP2607-4542,4542,4542,794227169,2^794227169-1,STRUCTURAL_SCREEN_EXHAUSTED_PRIMALITY_UNASSIGNED,GF3A_DIRECTIONAL_WRITE_EXHAUSTED_PRIMALITY_UNASSIGNED,513,512,512,NO_RECORDED_FACTOR_PRP_OR_LL_RESULT_AND_NO_ACTIVE_GIMPS_ASSIGNMENT,2026-08-09T09:12:31+00:00,UNALLOCATED,,,,,
SLCMP2607-4543,4543,4543,794227279,2^794227279-1,STRUCTURAL_SCREEN_EXHAUSTED_PRIMALITY_UNASSIGNED,GF3A_DIRECTIONAL_WRITE_EXHAUSTED_PRIMALITY_UNASSIGNED,514,512,512,NO_RECORDED_FACTOR_PRP_OR_LL_RESULT_AND_NO_ACTIVE_GIMPS_ASSIGNMENT,2026-08-09T09:12:31+00:00,UNALLOCATED,,,,,
SLCMP2607-4544,4544,4544,794227349,2^794227349-1,STRUCTURAL_SCREEN_EXHAUSTED_PRIMALITY_UNASSIGNED,GF3A_DIRECTIONAL_WRITE_EXHAUSTED_PRIMALITY_UNASSIGNED,513,512,512,NO_RECORDED_FACTOR_PRP_OR_LL_RESULT_AND_NO_ACTIVE_GIMPS_ASSIGNMENT,2026-08-09T09:12:31+00:00,UNALLOCATED,,,,,
SLCMP2607-4545,4545,4545,794227387,2^794227387-1,STRUCTURAL_SCREEN_EXHAUSTED_PRIMALITY_UNASSIGNED,GF3A_DIRECTIONAL_WRITE_EXHAUSTED_PRIMALITY_UNASSIGNED,514,512,512,NO_RECORDED_FACTOR_PRP_OR_LL_RESULT_AND_NO_ACTIVE_GIMPS_ASSIGNMENT,2026-08-09T09:12:31+00:00,UNALLOCATED,,,,,
SLCMP2607-4546,4546,4546,794227433,2^794227433-1,STRUCTURAL_SCREEN_EXHAUSTED_PRIMALITY_UNASSIGNED,GF3A_DIRECTIONAL_WRITE_EXHAUSTED_PRIMALITY_UNASSIGNED,513,512,512,NO_RECORDED_FACTOR_PRP_OR_LL_RESULT_AND_NO_ACTIVE_GIMPS_ASSIGNMENT,2026-08-09T09:12:31+00:00,UNALLOCATED,,,,,
SLCMP2607-4547,4547,4547,794227463,2^794227463-1,STRUCTURAL_SCREEN_EXHAUSTED_PRIMALITY_UNASSIGNED,GF3A_DIRECTIONAL_WRITE_EXHAUSTED_PRIMALITY_UNASSIGNED,514,512,512,NO_RECORDED_FACTOR_PRP_OR_LL_RESULT_AND_NO_ACTIVE_GIMPS_ASSIGNMENT,2026-08-09T09:12:31+00:00,UNALLOCATED,,,,,
SLCMP2607-4548,4548,4548,794227477,2^794227477-1,STRUCTURAL_SCREEN_EXHAUSTED_PRIMALITY_UNASSIGNED,GF3A_DIRECTIONAL_WRITE_EXHAUSTED_PRIMALITY_UNASSIGNED,513,512,512,NO_RECORDED_FACTOR_PRP_OR_LL_RESULT_AND_NO_ACTIVE_GIMPS_ASSIGNMENT,2026-08-09T09:12:31+00:00,UNALLOCATED,,,,,
SLCMP2607-4549,4549,4549,794227601,2^794227601-1,STRUCTURAL_SCREEN_EXHAUSTED_PRIMALITY_UNASSIGNED,GF3A_DIRECTIONAL_WRITE_EXHAUSTED_PRIMALITY_UNASSIGNED,513,512,512,NO_RECORDED_FACTOR_PRP_OR_LL_RESULT_AND_NO_ACTIVE_GIMPS_ASSIGNMENT,2026-08-09T09:12:31+00:00,UNALLOCATED,,,,,
SLCMP2607-4550,4550,4550,794227613,2^794227613-1,STRUCTURAL_SCREEN_EXHAUSTED_PRIMALITY_UNASSIGNED,GF3A_DIRECTIONAL_WRITE_EXHAUSTED_PRIMALITY_UNASSIGNED,513,512,512,NO_RECORDED_FACTOR_PRP_OR_LL_RESULT_AND_NO_ACTIVE_GIMPS_ASSIGNMENT,2026-08-09T09:12:31+00:00,UNALLOCATED,,,,,
SLCMP2607-4551,4551,4551,794227703,2^794227703-1,STRUCTURAL_SCREEN_EXHAUSTED_PRIMALITY_UNASSIGNED,GF3A_DIRECTIONAL_WRITE_EXHAUSTED_PRIMALITY_UNASSIGNED,514,512,512,NO_RECORDED_FACTOR_PRP_OR_LL_RESULT_AND_NO_ACTIVE_GIMPS_ASSIGNMENT,2026-08-09T09:12:31+00:00,UNALLOCATED,,,,,
SLCMP2607-4552,4552,4552,794227751,2^794227751-1,STRUCTURAL_SCREEN_EXHAUSTED_PRIMALITY_UNASSIGNED,GF3A_DIRECTIONAL_WRITE_EXHAUSTED_PRIMALITY_UNASSIGNED,514,512,512,NO_RECORDED_FACTOR_PRP_OR_LL_RESULT_AND_NO_ACTIVE_GIMPS_ASSIGNMENT,2026-08-09T09:12:31+00:00,UNALLOCATED,,,,,
SLCMP2607-4553,4553,4553,794227817,2^794227817-1,STRUCTURAL_SCREEN_EXHAUSTED_PRIMALITY_UNASSIGNED,GF3A_DIRECTIONAL_WRITE_EXHAUSTED_PRIMALITY_UNASSIGNED,513,512,512,NO_RECORDED_FACTOR_PRP_OR_LL_RESULT_AND_NO_ACTIVE_GIMPS_ASSIGNMENT,2026-08-09T09:12:31+00:00,UNALLOCATED,,,,,
SLCMP2607-4554,4554,4554,794227853,2^794227853-1,STRUCTURAL_SCREEN_EXHAUSTED_PRIMALITY_UNASSIGNED,GF3A_DIRECTIONAL_WRITE_EXHAUSTED_PRIMALITY_UNASSIGNED,513,512,512,NO_RECORDED_FACTOR_PRP_OR_LL_RESULT_AND_NO_ACTIVE_GIMPS_ASSIGNMENT,2026-08-09T09:12:31+00:00,UNALLOCATED,,,,,
SLCMP2607-4555,4555,4555,794227909,2^794227909-1,STRUCTURAL_SCREEN_EXHAUSTED_PRIMALITY_UNASSIGNED,GF3A_DIRECTIONAL_WRITE_EXHAUSTED_PRIMALITY_UNASSIGNED,513,512,512,NO_RECORDED_FACTOR_PRP_OR_LL_RESULT_AND_NO_ACTIVE_GIMPS_ASSIGNMENT,2026-08-09T09:12:31+00:00,UNALLOCATED,,,,,
SLCMP2607-4556,4556,4556,794228009,2^794228009-1,STRUCTURAL_SCREEN_EXHAUSTED_PRIMALITY_UNASSIGNED,GF3A_DIRECTIONAL_WRITE_EXHAUSTED_PRIMALITY_UNASSIGNED,513,512,512,NO_RECORDED_FACTOR_PRP_OR_LL_RESULT_AND_NO_ACTIVE_GIMPS_ASSIGNMENT,2026-08-09T09:12:31+00:00,UNALLOCATED,,,,,
SLCMP2607-4557,4557,4557,794228021,2^794228021-1,STRUCTURAL_SCREEN_EXHAUSTED_PRIMALITY_UNASSIGNED,GF3A_DIRECTIONAL_WRITE_EXHAUSTED_PRIMALITY_UNASSIGNED,513,512,512,NO_RECORDED_FACTOR_PRP_OR_LL_RESULT_AND_NO_ACTIVE_GIMPS_ASSIGNMENT,2026-08-09T09:12:31+00:00,UNALLOCATED,,,,,
SLCMP2607-4558,4558,4558,794228053,2^794228053-1,STRUCTURAL_SCREEN_EXHAUSTED_PRIMALITY_UNASSIGNED,GF3A_DIRECTIONAL_WRITE_EXHAUSTED_PRIMALITY_UNASSIGNED,513,512,512,NO_RECORDED_FACTOR_PRP_OR_LL_RESULT_AND_NO_ACTIVE_GIMPS_ASSIGNMENT,2026-08-09T09:12:31+00:00,UNALLOCATED,,,,,
SLCMP2607-4559,4559,4559,794228131,2^794228131-1,STRUCTURAL_SCREEN_EXHAUSTED_PRIMALITY_UNASSIGNED,GF3A_DIRECTIONAL_WRITE_EXHAUSTED_PRIMALITY_UNASSIGNED,514,512,512,NO_RECORDED_FACTOR_PRP_OR_LL_RESULT_AND_NO_ACTIVE_GIMPS_ASSIGNMENT,2026-08-09T09:12:31+00:00,UNALLOCATED,,,,,
SLCMP2607-4560,4560,4560,794228209,2^794228209-1,STRUCTURAL_SCREEN_EXHAUSTED_PRIMALITY_UNASSIGNED,GF3A_DIRECTIONAL_WRITE_EXHAUSTED_PRIMALITY_UNASSIGNED,513,512,512,NO_RECORDED_FACTOR_PRP_OR_LL_RESULT_AND_NO_ACTIVE_GIMPS_ASSIGNMENT,2026-08-09T09:12:31+00:00,UNALLOCATED,,,,,
SLCMP2607-4561,4561,4561,794228371,2^794228371-1,STRUCTURAL_SCREEN_EXHAUSTED_PRIMALITY_UNASSIGNED,GF3A_DIRECTIONAL_WRITE_EXHAUSTED_PRIMALITY_UNASSIGNED,514,512,512,NO_RECORDED_FACTOR_PRP_OR_LL_RESULT_AND_NO_ACTIVE_GIMPS_ASSIGNMENT,2026-08-09T09:12:31+00:00,UNALLOCATED,,,,,
SLCMP2607-4562,4562,4562,794228417,2^794228417-1,STRUCTURAL_SCREEN_EXHAUSTED_PRIMALITY_UNASSIGNED,GF3A_DIRECTIONAL_WRITE_EXHAUSTED_PRIMALITY_UNASSIGNED,513,512,512,NO_RECORDED_FACTOR_PRP_OR_LL_RESULT_AND_NO_ACTIVE_GIMPS_ASSIGNMENT,2026-08-09T09:12:31+00:00,UNALLOCATED,,,,,
SLCMP2607-4563,4563,4563,794228473,2^794228473-1,STRUCTURAL_SCREEN_EXHAUSTED_PRIMALITY_UNASSIGNED,GF3A_DIRECTIONAL_WRITE_EXHAUSTED_PRIMALITY_UNASSIGNED,513,512,512,NO_RECORDED_FACTOR_PRP_OR_LL_RESULT_AND_NO_ACTIVE_GIMPS_ASSIGNMENT,2026-08-09T09:12:31+00:00,UNALLOCATED,,,,,
SLCMP2607-4564,4564,4564,794228489,2^794228489-1,STRUCTURAL_SCREEN_EXHAUSTED_PRIMALITY_UNASSIGNED,GF3A_DIRECTIONAL_WRITE_EXHAUSTED_PRIMALITY_UNASSIGNED,513,512,512,NO_RECORDED_FACTOR_PRP_OR_LL_RESULT_AND_NO_ACTIVE_GIMPS_ASSIGNMENT,2026-08-09T09:12:31+00:00,UNALLOCATED,,,,,
SLCMP2607-4565,4565,4565,794228497,2^794228497-1,STRUCTURAL_SCREEN_EXHAUSTED_PRIMALITY_UNASSIGNED,GF3A_DIRECTIONAL_WRITE_EXHAUSTED_PRIMALITY_UNASSIGNED,513,512,512,NO_RECORDED_FACTOR_PRP_OR_LL_RESULT_AND_NO_ACTIVE_GIMPS_ASSIGNMENT,2026-08-09T09:12:31+00:00,UNALLOCATED,,,,,
SLCMP2607-4566,4566,4566,794228573,2^794228573-1,STRUCTURAL_SCREEN_EXHAUSTED_PRIMALITY_UNASSIGNED,GF3A_DIRECTIONAL_WRITE_EXHAUSTED_PRIMALITY_UNASSIGNED,513,512,512,NO_RECORDED_FACTOR_PRP_OR_LL_RESULT_AND_NO_ACTIVE_GIMPS_ASSIGNMENT,2026-08-09T09:12:31+00:00,UNALLOCATED,,,,,
SLCMP2607-4567,4567,4567,794228623,2^794228623-1,STRUCTURAL_SCREEN_EXHAUSTED_PRIMALITY_UNASSIGNED,GF3A_DIRECTIONAL_WRITE_EXHAUSTED_PRIMALITY_UNASSIGNED,514,512,512,NO_RECORDED_FACTOR_PRP_OR_LL_RESULT_AND_NO_ACTIVE_GIMPS_ASSIGNMENT,2026-08-09T09:12:31+00:00,UNALLOCATED,,,,,
SLCMP2607-4568,4568,4568,794228761,2^794228761-1,STRUCTURAL_SCREEN_EXHAUSTED_PRIMALITY_UNASSIGNED,GF3A_DIRECTIONAL_WRITE_EXHAUSTED_PRIMALITY_UNASSIGNED,513,512,512,NO_RECORDED_FACTOR_PRP_OR_LL_RESULT_AND_NO_ACTIVE_GIMPS_ASSIGNMENT,2026-08-09T09:12:31+00:00,UNALLOCATED,,,,,
SLCMP2607-4569,4569,4569,794228789,2^794228789-1,STRUCTURAL_SCREEN_EXHAUSTED_PRIMALITY_UNASSIGNED,GF3A_DIRECTIONAL_WRITE_EXHAUSTED_PRIMALITY_UNASSIGNED,513,512,512,NO_RECORDED_FACTOR_PRP_OR_LL_RESULT_AND_NO_ACTIVE_GIMPS_ASSIGNMENT,2026-08-09T09:12:31+00:00,UNALLOCATED,,,,,
SLCMP2607-4570,4570,4570,794228821,2^794228821-1,STRUCTURAL_SCREEN_EXHAUSTED_PRIMALITY_UNASSIGNED,GF3A_DIRECTIONAL_WRITE_EXHAUSTED_PRIMALITY_UNASSIGNED,513,512,512,NO_RECORDED_FACTOR_PRP_OR_LL_RESULT_AND_NO_ACTIVE_GIMPS_ASSIGNMENT,2026-08-09T09:12:31+00:00,UNALLOCATED,,,,,
SLCMP2607-4571,4571,4571,794228843,2^794228843-1,STRUCTURAL_SCREEN_EXHAUSTED_PRIMALITY_UNASSIGNED,GF3A_DIRECTIONAL_WRITE_EXHAUSTED_PRIMALITY_UNASSIGNED,514,512,512,NO_RECORDED_FACTOR_PRP_OR_LL_RESULT_AND_NO_ACTIVE_GIMPS_ASSIGNMENT,2026-08-09T09:12:31+00:00,UNALLOCATED,,,,,
SLCMP2607-4572,4572,4572,794228993,2^794228993-1,STRUCTURAL_SCREEN_EXHAUSTED_PRIMALITY_UNASSIGNED,GF3A_DIRECTIONAL_WRITE_EXHAUSTED_PRIMALITY_UNASSIGNED,513,512,512,NO_RECORDED_FACTOR_PRP_OR_LL_RESULT_AND_NO_ACTIVE_GIMPS_ASSIGNMENT,2026-08-09T09:12:31+00:00,UNALLOCATED,,,,,
SLCMP2607-4573,4573,4573,794229017,2^794229017-1,STRUCTURAL_SCREEN_EXHAUSTED_PRIMALITY_UNASSIGNED,GF3A_DIRECTIONAL_WRITE_EXHAUSTED_PRIMALITY_UNASSIGNED,513,512,512,NO_RECORDED_FACTOR_PRP_OR_LL_RESULT_AND_NO_ACTIVE_GIMPS_ASSIGNMENT,2026-08-09T09:12:31+00:00,UNALLOCATED,,,,,
SLCMP2607-4574,4574,4574,794229019,2^794229019-1,STRUCTURAL_SCREEN_EXHAUSTED_PRIMALITY_UNASSIGNED,GF3A_DIRECTIONAL_WRITE_EXHAUSTED_PRIMALITY_UNASSIGNED,514,512,512,NO_RECORDED_FACTOR_PRP_OR_LL_RESULT_AND_NO_ACTIVE_GIMPS_ASSIGNMENT,2026-08-09T09:12:31+00:00,UNALLOCATED,,,,,
SLCMP2607-4575,4575,4575,794229047,2^794229047-1,STRUCTURAL_SCREEN_EXHAUSTED_PRIMALITY_UNASSIGNED,GF3A_DIRECTIONAL_WRITE_EXHAUSTED_PRIMALITY_UNASSIGNED,514,512,512,NO_RECORDED_FACTOR_PRP_OR_LL_RESULT_AND_NO_ACTIVE_GIMPS_ASSIGNMENT,2026-08-09T09:12:31+00:00,UNALLOCATED,,,,,
SLCMP2607-4576,4576,4576,794229067,2^794229067-1,STRUCTURAL_SCREEN_EXHAUSTED_PRIMALITY_UNASSIGNED,GF3A_DIRECTIONAL_WRITE_EXHAUSTED_PRIMALITY_UNASSIGNED,514,512,512,NO_RECORDED_FACTOR_PRP_OR_LL_RESULT_AND_NO_ACTIVE_GIMPS_ASSIGNMENT,2026-08-09T09:12:31+00:00,UNALLOCATED,,,,,
SLCMP2607-4577,4577,4577,794229301,2^794229301-1,STRUCTURAL_SCREEN_EXHAUSTED_PRIMALITY_UNASSIGNED,GF3A_DIRECTIONAL_WRITE_EXHAUSTED_PRIMALITY_UNASSIGNED,513,512,512,NO_RECORDED_FACTOR_PRP_OR_LL_RESULT_AND_NO_ACTIVE_GIMPS_ASSIGNMENT,2026-08-09T09:12:31+00:00,UNALLOCATED,,,,,
SLCMP2607-4578,4578,4578,794229343,2^794229343-1,STRUCTURAL_SCREEN_EXHAUSTED_PRIMALITY_UNASSIGNED,GF3A_DIRECTIONAL_WRITE_EXHAUSTED_PRIMALITY_UNASSIGNED,514,512,512,NO_RECORDED_FACTOR_PRP_OR_LL_RESULT_AND_NO_ACTIVE_GIMPS_ASSIGNMENT,2026-08-09T09:12:31+00:00,UNALLOCATED,,,,,
SLCMP2607-4579,4579,4579,794229367,2^794229367-1,STRUCTURAL_SCREEN_EXHAUSTED_PRIMALITY_UNASSIGNED,GF3A_DIRECTIONAL_WRITE_EXHAUSTED_PRIMALITY_UNASSIGNED,514,512,512,NO_RECORDED_FACTOR_PRP_OR_LL_RESULT_AND_NO_ACTIVE_GIMPS_ASSIGNMENT,2026-08-09T09:12:31+00:00,UNALLOCATED,,,,,
SLCMP2607-4580,4580,4580,794229377,2^794229377-1,STRUCTURAL_SCREEN_EXHAUSTED_PRIMALITY_UNASSIGNED,GF3A_DIRECTIONAL_WRITE_EXHAUSTED_PRIMALITY_UNASSIGNED,513,512,512,NO_RECORDED_FACTOR_PRP_OR_LL_RESULT_AND_NO_ACTIVE_GIMPS_ASSIGNMENT,2026-08-09T09:12:31+00:00,UNALLOCATED,,,,,
SLCMP2607-4581,4581,4581,794229413,2^794229413-1,STRUCTURAL_SCREEN_EXHAUSTED_PRIMALITY_UNASSIGNED,GF3A_DIRECTIONAL_WRITE_EXHAUSTED_PRIMALITY_UNASSIGNED,513,512,512,NO_RECORDED_FACTOR_PRP_OR_LL_RESULT_AND_NO_ACTIVE_GIMPS_ASSIGNMENT,2026-08-09T09:12:31+00:00,UNALLOCATED,,,,,
SLCMP2607-4582,4582,4582,794229461,2^794229461-1,STRUCTURAL_SCREEN_EXHAUSTED_PRIMALITY_UNASSIGNED,GF3A_DIRECTIONAL_WRITE_EXHAUSTED_PRIMALITY_UNASSIGNED,513,512,512,NO_RECORDED_FACTOR_PRP_OR_LL_RESULT_AND_NO_ACTIVE_GIMPS_ASSIGNMENT,2026-08-09T09:12:31+00:00,UNALLOCATED,,,,,
SLCMP2607-4583,4583,4583,794229529,2^794229529-1,STRUCTURAL_SCREEN_EXHAUSTED_PRIMALITY_UNASSIGNED,GF3A_DIRECTIONAL_WRITE_EXHAUSTED_PRIMALITY_UNASSIGNED,513,512,512,NO_RECORDED_FACTOR_PRP_OR_LL_RESULT_AND_NO_ACTIVE_GIMPS_ASSIGNMENT,2026-08-09T09:12:31+00:00,UNALLOCATED,,,,,
SLCMP2607-4584,4584,4584,794229563,2^794229563-1,STRUCTURAL_SCREEN_EXHAUSTED_PRIMALITY_UNASSIGNED,GF3A_DIRECTIONAL_WRITE_EXHAUSTED_PRIMALITY_UNASSIGNED,514,512,512,NO_RECORDED_FACTOR_PRP_OR_LL_RESULT_AND_NO_ACTIVE_GIMPS_ASSIGNMENT,2026-08-09T09:12:31+00:00,UNALLOCATED,,,,,
SLCMP2607-4585,4585,4585,794229571,2^794229571-1,STRUCTURAL_SCREEN_EXHAUSTED_PRIMALITY_UNASSIGNED,GF3A_DIRECTIONAL_WRITE_EXHAUSTED_PRIMALITY_UNASSIGNED,514,512,512,NO_RECORDED_FACTOR_PRP_OR_LL_RESULT_AND_NO_ACTIVE_GIMPS_ASSIGNMENT,2026-08-09T09:12:31+00:00,UNALLOCATED,,,,,
SLCMP2607-4586,4586,4586,794229691,2^794229691-1,STRUCTURAL_SCREEN_EXHAUSTED_PRIMALITY_UNASSIGNED,GF3A_DIRECTIONAL_WRITE_EXHAUSTED_PRIMALITY_UNASSIGNED,514,512,512,NO_RECORDED_FACTOR_PRP_OR_LL_RESULT_AND_NO_ACTIVE_GIMPS_ASSIGNMENT,2026-08-09T09:12:31+00:00,UNALLOCATED,,,,,
SLCMP2607-4587,4587,4587,794229713,2^794229713-1,STRUCTURAL_SCREEN_EXHAUSTED_PRIMALITY_UNASSIGNED,GF3A_DIRECTIONAL_WRITE_EXHAUSTED_PRIMALITY_UNASSIGNED,513,512,512,NO_RECORDED_FACTOR_PRP_OR_LL_RESULT_AND_NO_ACTIVE_GIMPS_ASSIGNMENT,2026-08-09T09:12:31+00:00,UNALLOCATED,,,,,
SLCMP2607-4588,4588,4588,794229941,2^794229941-1,STRUCTURAL_SCREEN_EXHAUSTED_PRIMALITY_UNASSIGNED,GF3A_DIRECTIONAL_WRITE_EXHAUSTED_PRIMALITY_UNASSIGNED,513,512,512,NO_RECORDED_FACTOR_PRP_OR_LL_RESULT_AND_NO_ACTIVE_GIMPS_ASSIGNMENT,2026-08-09T09:12:31+00:00,UNALLOCATED,,,,,
SLCMP2607-4589,4589,4589,794229977,2^794229977-1,STRUCTURAL_SCREEN_EXHAUSTED_PRIMALITY_UNASSIGNED,GF3A_DIRECTIONAL_WRITE_EXHAUSTED_PRIMALITY_UNASSIGNED,513,512,512,NO_RECORDED_FACTOR_PRP_OR_LL_RESULT_AND_NO_ACTIVE_GIMPS_ASSIGNMENT,2026-08-09T09:12:31+00:00,UNALLOCATED,,,,,
SLCMP2607-4590,4590,4590,794230027,2^794230027-1,STRUCTURAL_SCREEN_EXHAUSTED_PRIMALITY_UNASSIGNED,GF3A_DIRECTIONAL_WRITE_EXHAUSTED_PRIMALITY_UNASSIGNED,514,512,512,NO_RECORDED_FACTOR_PRP_OR_LL_RESULT_AND_NO_ACTIVE_GIMPS_ASSIGNMENT,2026-08-09T09:12:31+00:00,UNALLOCATED,,,,,
SLCMP2607-4591,4591,4591,794230061,2^794230061-1,STRUCTURAL_SCREEN_EXHAUSTED_PRIMALITY_UNASSIGNED,GF3A_DIRECTIONAL_WRITE_EXHAUSTED_PRIMALITY_UNASSIGNED,513,512,512,NO_RECORDED_FACTOR_PRP_OR_LL_RESULT_AND_NO_ACTIVE_GIMPS_ASSIGNMENT,2026-08-09T09:12:31+00:00,UNALLOCATED,,,,,
SLCMP2607-4592,4592,4592,794230139,2^794230139-1,STRUCTURAL_SCREEN_EXHAUSTED_PRIMALITY_UNASSIGNED,GF3A_DIRECTIONAL_WRITE_EXHAUSTED_PRIMALITY_UNASSIGNED,514,512,512,NO_RECORDED_FACTOR_PRP_OR_LL_RESULT_AND_NO_ACTIVE_GIMPS_ASSIGNMENT,2026-08-09T09:12:31+00:00,UNALLOCATED,,,,,
SLCMP2607-4593,4593,4593,794230351,2^794230351-1,STRUCTURAL_SCREEN_EXHAUSTED_PRIMALITY_UNASSIGNED,GF3A_DIRECTIONAL_WRITE_EXHAUSTED_PRIMALITY_UNASSIGNED,514,512,512,NO_RECORDED_FACTOR_PRP_OR_LL_RESULT_AND_NO_ACTIVE_GIMPS_ASSIGNMENT,2026-08-09T09:12:31+00:00,UNALLOCATED,,,,,
SLCMP2607-4594,4594,4594,794230391,2^794230391-1,STRUCTURAL_SCREEN_EXHAUSTED_PRIMALITY_UNASSIGNED,GF3A_DIRECTIONAL_WRITE_EXHAUSTED_PRIMALITY_UNASSIGNED,514,512,512,NO_RECORDED_FACTOR_PRP_OR_LL_RESULT_AND_NO_ACTIVE_GIMPS_ASSIGNMENT,2026-08-09T09:12:31+00:00,UNALLOCATED,,,,,
SLCMP2607-4595,4595,4595,794230477,2^794230477-1,STRUCTURAL_SCREEN_EXHAUSTED_PRIMALITY_UNASSIGNED,GF3A_DIRECTIONAL_WRITE_EXHAUSTED_PRIMALITY_UNASSIGNED,513,512,512,NO_RECORDED_FACTOR_PRP_OR_LL_RESULT_AND_NO_ACTIVE_GIMPS_ASSIGNMENT,2026-08-09T09:12:31+00:00,UNALLOCATED,,,,,
SLCMP2607-4596,4596,4596,794230543,2^794230543-1,STRUCTURAL_SCREEN_EXHAUSTED_PRIMALITY_UNASSIGNED,GF3A_DIRECTIONAL_WRITE_EXHAUSTED_PRIMALITY_UNASSIGNED,514,512,512,NO_RECORDED_FACTOR_PRP_OR_LL_RESULT_AND_NO_ACTIVE_GIMPS_ASSIGNMENT,2026-08-09T09:12:31+00:00,UNALLOCATED,,,,,
SLCMP2607-4597,4597,4597,794230573,2^794230573-1,STRUCTURAL_SCREEN_EXHAUSTED_PRIMALITY_UNASSIGNED,GF3A_DIRECTIONAL_WRITE_EXHAUSTED_PRIMALITY_UNASSIGNED,513,512,512,NO_RECORDED_FACTOR_PRP_OR_LL_RESULT_AND_NO_ACTIVE_GIMPS_ASSIGNMENT,2026-08-09T09:12:31+00:00,UNALLOCATED,,,,,
SLCMP2607-4598,4598,4598,794230607,2^794230607-1,STRUCTURAL_SCREEN_EXHAUSTED_PRIMALITY_UNASSIGNED,GF3A_DIRECTIONAL_WRITE_EXHAUSTED_PRIMALITY_UNASSIGNED,514,512,512,NO_RECORDED_FACTOR_PRP_OR_LL_RESULT_AND_NO_ACTIVE_GIMPS_ASSIGNMENT,2026-08-09T09:12:31+00:00,UNALLOCATED,,,,,
SLCMP2607-4599,4599,4599,794230621,2^794230621-1,STRUCTURAL_SCREEN_EXHAUSTED_PRIMALITY_UNASSIGNED,GF3A_DIRECTIONAL_WRITE_EXHAUSTED_PRIMALITY_UNASSIGNED,513,512,512,NO_RECORDED_FACTOR_PRP_OR_LL_RESULT_AND_NO_ACTIVE_GIMPS_ASSIGNMENT,2026-08-09T09:12:31+00:00,UNALLOCATED,,,,,
SLCMP2607-4600,4600,4600,794230669,2^794230669-1,STRUCTURAL_SCREEN_EXHAUSTED_PRIMALITY_UNASSIGNED,GF3A_DIRECTIONAL_WRITE_EXHAUSTED_PRIMALITY_UNASSIGNED,513,512,512,NO_RECORDED_FACTOR_PRP_OR_LL_RESULT_AND_NO_ACTIVE_GIMPS_ASSIGNMENT,2026-08-09T09:12:31+00:00,UNALLOCATED,,,,,
SLCMP2607-4601,4601,4601,794230711,2^794230711-1,STRUCTURAL_SCREEN_EXHAUSTED_PRIMALITY_UNASSIGNED,GF3A_DIRECTIONAL_WRITE_EXHAUSTED_PRIMALITY_UNASSIGNED,514,512,512,NO_RECORDED_FACTOR_PRP_OR_LL_RESULT_AND_NO_ACTIVE_GIMPS_ASSIGNMENT,2026-08-09T09:12:31+00:00,UNALLOCATED,,,,,
SLCMP2607-4602,4602,4602,794230741,2^794230741-1,STRUCTURAL_SCREEN_EXHAUSTED_PRIMALITY_UNASSIGNED,GF3A_DIRECTIONAL_WRITE_EXHAUSTED_PRIMALITY_UNASSIGNED,513,512,512,NO_RECORDED_FACTOR_PRP_OR_LL_RESULT_AND_NO_ACTIVE_GIMPS_ASSIGNMENT,2026-08-09T09:12:31+00:00,UNALLOCATED,,,,,
SLCMP2607-4603,4603,4603,794230747,2^794230747-1,STRUCTURAL_SCREEN_EXHAUSTED_PRIMALITY_UNASSIGNED,GF3A_DIRECTIONAL_WRITE_EXHAUSTED_PRIMALITY_UNASSIGNED,514,512,512,NO_RECORDED_FACTOR_PRP_OR_LL_RESULT_AND_NO_ACTIVE_GIMPS_ASSIGNMENT,2026-08-09T09:12:31+00:00,UNALLOCATED,,,,,
SLCMP2607-4604,4604,4604,794230763,2^794230763-1,STRUCTURAL_SCREEN_EXHAUSTED_PRIMALITY_UNASSIGNED,GF3A_DIRECTIONAL_WRITE_EXHAUSTED_PRIMALITY_UNASSIGNED,514,512,512,NO_RECORDED_FACTOR_PRP_OR_LL_RESULT_AND_NO_ACTIVE_GIMPS_ASSIGNMENT,2026-08-09T09:12:31+00:00,UNALLOCATED,,,,,
SLCMP2607-4605,4605,4605,794230979,2^794230979-1,STRUCTURAL_SCREEN_EXHAUSTED_PRIMALITY_UNASSIGNED,GF3A_DIRECTIONAL_WRITE_EXHAUSTED_PRIMALITY_UNASSIGNED,514,512,512,NO_RECORDED_FACTOR_PRP_OR_LL_RESULT_AND_NO_ACTIVE_GIMPS_ASSIGNMENT,2026-08-09T09:12:31+00:00,UNALLOCATED,,,,,
SLCMP2607-4606,4606,4606,794231069,2^794231069-1,STRUCTURAL_SCREEN_EXHAUSTED_PRIMALITY_UNASSIGNED,GF3A_DIRECTIONAL_WRITE_EXHAUSTED_PRIMALITY_UNASSIGNED,513,512,512,NO_RECORDED_FACTOR_PRP_OR_LL_RESULT_AND_NO_ACTIVE_GIMPS_ASSIGNMENT,2026-08-09T09:12:31+00:00,UNALLOCATED,,,,,
SLCMP2607-4607,4607,4607,794231171,2^794231171-1,STRUCTURAL_SCREEN_EXHAUSTED_PRIMALITY_UNASSIGNED,GF3A_DIRECTIONAL_WRITE_EXHAUSTED_PRIMALITY_UNASSIGNED,514,512,512,NO_RECORDED_FACTOR_PRP_OR_LL_RESULT_AND_NO_ACTIVE_GIMPS_ASSIGNMENT,2026-08-09T09:12:31+00:00,UNALLOCATED,,,,,
SLCMP2607-4608,4608,4608,794231201,2^794231201-1,STRUCTURAL_SCREEN_EXHAUSTED_PRIMALITY_UNASSIGNED,GF3A_DIRECTIONAL_WRITE_EXHAUSTED_PRIMALITY_UNASSIGNED,513,512,512,NO_RECORDED_FACTOR_PRP_OR_LL_RESULT_AND_NO_ACTIVE_GIMPS_ASSIGNMENT,2026-08-09T09:12:31+00:00,UNALLOCATED,,,,,
SLCMP2607-4609,4609,4609,794231209,2^794231209-1,STRUCTURAL_SCREEN_EXHAUSTED_PRIMALITY_UNASSIGNED,GF3A_DIRECTIONAL_WRITE_EXHAUSTED_PRIMALITY_UNASSIGNED,513,512,512,NO_RECORDED_FACTOR_PRP_OR_LL_RESULT_AND_NO_ACTIVE_GIMPS_ASSIGNMENT,2026-08-09T09:12:31+00:00,UNALLOCATED,,,,,
SLCMP2607-4610,4610,4610,794231261,2^794231261-1,STRUCTURAL_SCREEN_EXHAUSTED_PRIMALITY_UNASSIGNED,GF3A_DIRECTIONAL_WRITE_EXHAUSTED_PRIMALITY_UNASSIGNED,513,512,512,NO_RECORDED_FACTOR_PRP_OR_LL_RESULT_AND_NO_ACTIVE_GIMPS_ASSIGNMENT,2026-08-09T09:12:31+00:00,UNALLOCATED,,,,,
SLCMP2607-4611,4611,4611,794231281,2^794231281-1,STRUCTURAL_SCREEN_EXHAUSTED_PRIMALITY_UNASSIGNED,GF3A_DIRECTIONAL_WRITE_EXHAUSTED_PRIMALITY_UNASSIGNED,513,512,512,NO_RECORDED_FACTOR_PRP_OR_LL_RESULT_AND_NO_ACTIVE_GIMPS_ASSIGNMENT,2026-08-09T09:12:31+00:00,UNALLOCATED,,,,,
SLCMP2607-4612,4612,4612,794231299,2^794231299-1,STRUCTURAL_SCREEN_EXHAUSTED_PRIMALITY_UNASSIGNED,GF3A_DIRECTIONAL_WRITE_EXHAUSTED_PRIMALITY_UNASSIGNED,514,512,512,NO_RECORDED_FACTOR_PRP_OR_LL_RESULT_AND_NO_ACTIVE_GIMPS_ASSIGNMENT,2026-08-09T09:12:31+00:00,UNALLOCATED,,,,,
SLCMP2607-4613,4613,4613,794231479,2^794231479-1,STRUCTURAL_SCREEN_EXHAUSTED_PRIMALITY_UNASSIGNED,GF3A_DIRECTIONAL_WRITE_EXHAUSTED_PRIMALITY_UNASSIGNED,514,512,512,NO_RECORDED_FACTOR_PRP_OR_LL_RESULT_AND_NO_ACTIVE_GIMPS_ASSIGNMENT,2026-08-09T09:12:31+00:00,UNALLOCATED,,,,,
SLCMP2607-4614,4614,4614,794231567,2^794231567-1,STRUCTURAL_SCREEN_EXHAUSTED_PRIMALITY_UNASSIGNED,GF3A_DIRECTIONAL_WRITE_EXHAUSTED_PRIMALITY_UNASSIGNED,514,512,512,NO_RECORDED_FACTOR_PRP_OR_LL_RESULT_AND_NO_ACTIVE_GIMPS_ASSIGNMENT,2026-08-09T09:12:31+00:00,UNALLOCATED,,,,,
SLCMP2607-4615,4615,4615,794231591,2^794231591-1,STRUCTURAL_SCREEN_EXHAUSTED_PRIMALITY_UNASSIGNED,GF3A_DIRECTIONAL_WRITE_EXHAUSTED_PRIMALITY_UNASSIGNED,514,512,512,NO_RECORDED_FACTOR_PRP_OR_LL_RESULT_AND_NO_ACTIVE_GIMPS_ASSIGNMENT,2026-08-09T09:12:31+00:00,UNALLOCATED,,,,,
SLCMP2607-4616,4616,4616,794231663,2^794231663-1,STRUCTURAL_SCREEN_EXHAUSTED_PRIMALITY_UNASSIGNED,GF3A_DIRECTIONAL_WRITE_EXHAUSTED_PRIMALITY_UNASSIGNED,514,512,512,NO_RECORDED_FACTOR_PRP_OR_LL_RESULT_AND_NO_ACTIVE_GIMPS_ASSIGNMENT,2026-08-09T09:12:31+00:00,UNALLOCATED,,,,,
SLCMP2607-4617,4617,4617,794231707,2^794231707-1,STRUCTURAL_SCREEN_EXHAUSTED_PRIMALITY_UNASSIGNED,GF3A_DIRECTIONAL_WRITE_EXHAUSTED_PRIMALITY_UNASSIGNED,514,512,512,NO_RECORDED_FACTOR_PRP_OR_LL_RESULT_AND_NO_ACTIVE_GIMPS_ASSIGNMENT,2026-08-09T09:12:31+00:00,UNALLOCATED,,,,,
SLCMP2607-4618,4618,4618,794231719,2^794231719-1,STRUCTURAL_SCREEN_EXHAUSTED_PRIMALITY_UNASSIGNED,GF3A_DIRECTIONAL_WRITE_EXHAUSTED_PRIMALITY_UNASSIGNED,514,512,512,NO_RECORDED_FACTOR_PRP_OR_LL_RESULT_AND_NO_ACTIVE_GIMPS_ASSIGNMENT,2026-08-09T09:12:31+00:00,UNALLOCATED,,,,,
SLCMP2607-4619,4619,4619,794231741,2^794231741-1,STRUCTURAL_SCREEN_EXHAUSTED_PRIMALITY_UNASSIGNED,GF3A_DIRECTIONAL_WRITE_EXHAUSTED_PRIMALITY_UNASSIGNED,513,512,512,NO_RECORDED_FACTOR_PRP_OR_LL_RESULT_AND_NO_ACTIVE_GIMPS_ASSIGNMENT,2026-08-09T09:12:31+00:00,UNALLOCATED,,,,,
SLCMP2607-4620,4620,4620,794231759,2^794231759-1,STRUCTURAL_SCREEN_EXHAUSTED_PRIMALITY_UNASSIGNED,GF3A_DIRECTIONAL_WRITE_EXHAUSTED_PRIMALITY_UNASSIGNED,514,512,512,NO_RECORDED_FACTOR_PRP_OR_LL_RESULT_AND_NO_ACTIVE_GIMPS_ASSIGNMENT,2026-08-09T09:12:31+00:00,UNALLOCATED,,,,,
SLCMP2607-4621,4621,4621,794231813,2^794231813-1,STRUCTURAL_SCREEN_EXHAUSTED_PRIMALITY_UNASSIGNED,GF3A_DIRECTIONAL_WRITE_EXHAUSTED_PRIMALITY_UNASSIGNED,513,512,512,NO_RECORDED_FACTOR_PRP_OR_LL_RESULT_AND_NO_ACTIVE_GIMPS_ASSIGNMENT,2026-08-09T09:12:31+00:00,UNALLOCATED,,,,,
SLCMP2607-4622,4622,4622,794231819,2^794231819-1,STRUCTURAL_SCREEN_EXHAUSTED_PRIMALITY_UNASSIGNED,GF3A_DIRECTIONAL_WRITE_EXHAUSTED_PRIMALITY_UNASSIGNED,514,512,512,NO_RECORDED_FACTOR_PRP_OR_LL_RESULT_AND_NO_ACTIVE_GIMPS_ASSIGNMENT,2026-08-09T09:12:31+00:00,UNALLOCATED,,,,,
SLCMP2607-4623,4623,4623,794231849,2^794231849-1,STRUCTURAL_SCREEN_EXHAUSTED_PRIMALITY_UNASSIGNED,GF3A_DIRECTIONAL_WRITE_EXHAUSTED_PRIMALITY_UNASSIGNED,513,512,512,NO_RECORDED_FACTOR_PRP_OR_LL_RESULT_AND_NO_ACTIVE_GIMPS_ASSIGNMENT,2026-08-09T09:12:31+00:00,UNALLOCATED,,,,,
SLCMP2607-4624,4624,4624,794231861,2^794231861-1,STRUCTURAL_SCREEN_EXHAUSTED_PRIMALITY_UNASSIGNED,GF3A_DIRECTIONAL_WRITE_EXHAUSTED_PRIMALITY_UNASSIGNED,513,512,512,NO_RECORDED_FACTOR_PRP_OR_LL_RESULT_AND_NO_ACTIVE_GIMPS_ASSIGNMENT,2026-08-09T09:12:31+00:00,UNALLOCATED,,,,,
SLCMP2607-4625,4625,4625,794231947,2^794231947-1,STRUCTURAL_SCREEN_EXHAUSTED_PRIMALITY_UNASSIGNED,GF3A_DIRECTIONAL_WRITE_EXHAUSTED_PRIMALITY_UNASSIGNED,514,512,512,NO_RECORDED_FACTOR_PRP_OR_LL_RESULT_AND_NO_ACTIVE_GIMPS_ASSIGNMENT,2026-08-09T09:12:31+00:00,UNALLOCATED,,,,,
SLCMP2607-4626,4626,4626,794232181,2^794232181-1,STRUCTURAL_SCREEN_EXHAUSTED_PRIMALITY_UNASSIGNED,GF3A_DIRECTIONAL_WRITE_EXHAUSTED_PRIMALITY_UNASSIGNED,513,512,512,NO_RECORDED_FACTOR_PRP_OR_LL_RESULT_AND_NO_ACTIVE_GIMPS_ASSIGNMENT,2026-08-09T09:12:31+00:00,UNALLOCATED,,,,,
SLCMP2607-4627,4627,4627,794232211,2^794232211-1,STRUCTURAL_SCREEN_EXHAUSTED_PRIMALITY_UNASSIGNED,GF3A_DIRECTIONAL_WRITE_EXHAUSTED_PRIMALITY_UNASSIGNED,514,512,512,NO_RECORDED_FACTOR_PRP_OR_LL_RESULT_AND_NO_ACTIVE_GIMPS_ASSIGNMENT,2026-08-09T09:12:31+00:00,UNALLOCATED,,,,,
SLCMP2607-4628,4628,4628,794232301,2^794232301-1,STRUCTURAL_SCREEN_EXHAUSTED_PRIMALITY_UNASSIGNED,GF3A_DIRECTIONAL_WRITE_EXHAUSTED_PRIMALITY_UNASSIGNED,513,512,512,NO_RECORDED_FACTOR_PRP_OR_LL_RESULT_AND_NO_ACTIVE_GIMPS_ASSIGNMENT,2026-08-09T09:12:31+00:00,UNALLOCATED,,,,,
SLCMP2607-4629,4629,4629,794232311,2^794232311-1,STRUCTURAL_SCREEN_EXHAUSTED_PRIMALITY_UNASSIGNED,GF3A_DIRECTIONAL_WRITE_EXHAUSTED_PRIMALITY_UNASSIGNED,514,512,512,NO_RECORDED_FACTOR_PRP_OR_LL_RESULT_AND_NO_ACTIVE_GIMPS_ASSIGNMENT,2026-08-09T09:12:31+00:00,UNALLOCATED,,,,,
SLCMP2607-4630,4630,4630,794232349,2^794232349-1,STRUCTURAL_SCREEN_EXHAUSTED_PRIMALITY_UNASSIGNED,GF3A_DIRECTIONAL_WRITE_EXHAUSTED_PRIMALITY_UNASSIGNED,513,512,512,NO_RECORDED_FACTOR_PRP_OR_LL_RESULT_AND_NO_ACTIVE_GIMPS_ASSIGNMENT,2026-08-09T09:12:31+00:00,UNALLOCATED,,,,,
SLCMP2607-4631,4631,4631,794232353,2^794232353-1,STRUCTURAL_SCREEN_EXHAUSTED_PRIMALITY_UNASSIGNED,GF3A_DIRECTIONAL_WRITE_EXHAUSTED_PRIMALITY_UNASSIGNED,513,512,512,NO_RECORDED_FACTOR_PRP_OR_LL_RESULT_AND_NO_ACTIVE_GIMPS_ASSIGNMENT,2026-08-09T09:12:31+00:00,UNALLOCATED,,,,,
SLCMP2607-4632,4632,4632,794232457,2^794232457-1,STRUCTURAL_SCREEN_EXHAUSTED_PRIMALITY_UNASSIGNED,GF3A_DIRECTIONAL_WRITE_EXHAUSTED_PRIMALITY_UNASSIGNED,513,512,512,NO_RECORDED_FACTOR_PRP_OR_LL_RESULT_AND_NO_ACTIVE_GIMPS_ASSIGNMENT,2026-08-09T09:12:31+00:00,UNALLOCATED,,,,,
SLCMP2607-4633,4633,4633,794232521,2^794232521-1,STRUCTURAL_SCREEN_EXHAUSTED_PRIMALITY_UNASSIGNED,GF3A_DIRECTIONAL_WRITE_EXHAUSTED_PRIMALITY_UNASSIGNED,513,512,512,NO_RECORDED_FACTOR_PRP_OR_LL_RESULT_AND_NO_ACTIVE_GIMPS_ASSIGNMENT,2026-08-09T09:12:31+00:00,UNALLOCATED,,,,,
SLCMP2607-4634,4634,4634,794232553,2^794232553-1,STRUCTURAL_SCREEN_EXHAUSTED_PRIMALITY_UNASSIGNED,GF3A_DIRECTIONAL_WRITE_EXHAUSTED_PRIMALITY_UNASSIGNED,513,512,512,NO_RECORDED_FACTOR_PRP_OR_LL_RESULT_AND_NO_ACTIVE_GIMPS_ASSIGNMENT,2026-08-09T09:12:31+00:00,UNALLOCATED,,,,,
SLCMP2607-4635,4635,4635,794232557,2^794232557-1,STRUCTURAL_SCREEN_EXHAUSTED_PRIMALITY_UNASSIGNED,GF3A_DIRECTIONAL_WRITE_EXHAUSTED_PRIMALITY_UNASSIGNED,513,512,512,NO_RECORDED_FACTOR_PRP_OR_LL_RESULT_AND_NO_ACTIVE_GIMPS_ASSIGNMENT,2026-08-09T09:12:31+00:00,UNALLOCATED,,,,,
SLCMP2607-4636,4636,4636,794232559,2^794232559-1,STRUCTURAL_SCREEN_EXHAUSTED_PRIMALITY_UNASSIGNED,GF3A_DIRECTIONAL_WRITE_EXHAUSTED_PRIMALITY_UNASSIGNED,514,512,512,NO_RECORDED_FACTOR_PRP_OR_LL_RESULT_AND_NO_ACTIVE_GIMPS_ASSIGNMENT,2026-08-09T09:12:31+00:00,UNALLOCATED,,,,,
SLCMP2607-4637,4637,4637,794232671,2^794232671-1,STRUCTURAL_SCREEN_EXHAUSTED_PRIMALITY_UNASSIGNED,GF3A_DIRECTIONAL_WRITE_EXHAUSTED_PRIMALITY_UNASSIGNED,514,512,512,NO_RECORDED_FACTOR_PRP_OR_LL_RESULT_AND_NO_ACTIVE_GIMPS_ASSIGNMENT,2026-08-09T09:12:31+00:00,UNALLOCATED,,,,,
SLCMP2607-4638,4638,4638,794232763,2^794232763-1,STRUCTURAL_SCREEN_EXHAUSTED_PRIMALITY_UNASSIGNED,GF3A_DIRECTIONAL_WRITE_EXHAUSTED_PRIMALITY_UNASSIGNED,514,512,512,NO_RECORDED_FACTOR_PRP_OR_LL_RESULT_AND_NO_ACTIVE_GIMPS_ASSIGNMENT,2026-08-09T09:12:31+00:00,UNALLOCATED,,,,,
SLCMP2607-4639,4639,4639,794232841,2^794232841-1,STRUCTURAL_SCREEN_EXHAUSTED_PRIMALITY_UNASSIGNED,GF3A_DIRECTIONAL_WRITE_EXHAUSTED_PRIMALITY_UNASSIGNED,513,512,512,NO_RECORDED_FACTOR_PRP_OR_LL_RESULT_AND_NO_ACTIVE_GIMPS_ASSIGNMENT,2026-08-09T09:12:31+00:00,UNALLOCATED,,,,,
SLCMP2607-4640,4640,4640,794232847,2^794232847-1,STRUCTURAL_SCREEN_EXHAUSTED_PRIMALITY_UNASSIGNED,GF3A_DIRECTIONAL_WRITE_EXHAUSTED_PRIMALITY_UNASSIGNED,514,512,512,NO_RECORDED_FACTOR_PRP_OR_LL_RESULT_AND_NO_ACTIVE_GIMPS_ASSIGNMENT,2026-08-09T09:12:31+00:00,UNALLOCATED,,,,,
SLCMP2607-4641,4641,4641,794232869,2^794232869-1,STRUCTURAL_SCREEN_EXHAUSTED_PRIMALITY_UNASSIGNED,GF3A_DIRECTIONAL_WRITE_EXHAUSTED_PRIMALITY_UNASSIGNED,513,512,512,NO_RECORDED_FACTOR_PRP_OR_LL_RESULT_AND_NO_ACTIVE_GIMPS_ASSIGNMENT,2026-08-09T09:12:31+00:00,UNALLOCATED,,,,,
SLCMP2607-4642,4642,4642,794232913,2^794232913-1,STRUCTURAL_SCREEN_EXHAUSTED_PRIMALITY_UNASSIGNED,GF3A_DIRECTIONAL_WRITE_EXHAUSTED_PRIMALITY_UNASSIGNED,513,512,512,NO_RECORDED_FACTOR_PRP_OR_LL_RESULT_AND_NO_ACTIVE_GIMPS_ASSIGNMENT,2026-08-09T09:12:31+00:00,UNALLOCATED,,,,,
SLCMP2607-4643,4643,4643,794233007,2^794233007-1,STRUCTURAL_SCREEN_EXHAUSTED_PRIMALITY_UNASSIGNED,GF3A_DIRECTIONAL_WRITE_EXHAUSTED_PRIMALITY_UNASSIGNED,514,512,512,NO_RECORDED_FACTOR_PRP_OR_LL_RESULT_AND_NO_ACTIVE_GIMPS_ASSIGNMENT,2026-08-09T09:12:31+00:00,UNALLOCATED,,,,,
SLCMP2607-4644,4644,4644,794233133,2^794233133-1,STRUCTURAL_SCREEN_EXHAUSTED_PRIMALITY_UNASSIGNED,GF3A_DIRECTIONAL_WRITE_EXHAUSTED_PRIMALITY_UNASSIGNED,513,512,512,NO_RECORDED_FACTOR_PRP_OR_LL_RESULT_AND_NO_ACTIVE_GIMPS_ASSIGNMENT,2026-08-09T09:12:31+00:00,UNALLOCATED,,,,,
SLCMP2607-4645,4645,4645,794233151,2^794233151-1,STRUCTURAL_SCREEN_EXHAUSTED_PRIMALITY_UNASSIGNED,GF3A_DIRECTIONAL_WRITE_EXHAUSTED_PRIMALITY_UNASSIGNED,514,512,512,NO_RECORDED_FACTOR_PRP_OR_LL_RESULT_AND_NO_ACTIVE_GIMPS_ASSIGNMENT,2026-08-09T09:12:31+00:00,UNALLOCATED,,,,,
SLCMP2607-4646,4646,4646,794233163,2^794233163-1,STRUCTURAL_SCREEN_EXHAUSTED_PRIMALITY_UNASSIGNED,GF3A_DIRECTIONAL_WRITE_EXHAUSTED_PRIMALITY_UNASSIGNED,514,512,512,NO_RECORDED_FACTOR_PRP_OR_LL_RESULT_AND_NO_ACTIVE_GIMPS_ASSIGNMENT,2026-08-09T09:12:31+00:00,UNALLOCATED,,,,,
SLCMP2607-4647,4647,4647,794233169,2^794233169-1,STRUCTURAL_SCREEN_EXHAUSTED_PRIMALITY_UNASSIGNED,GF3A_DIRECTIONAL_WRITE_EXHAUSTED_PRIMALITY_UNASSIGNED,513,512,512,NO_RECORDED_FACTOR_PRP_OR_LL_RESULT_AND_NO_ACTIVE_GIMPS_ASSIGNMENT,2026-08-09T09:12:31+00:00,UNALLOCATED,,,,,
SLCMP2607-4648,4648,4648,794233301,2^794233301-1,STRUCTURAL_SCREEN_EXHAUSTED_PRIMALITY_UNASSIGNED,GF3A_DIRECTIONAL_WRITE_EXHAUSTED_PRIMALITY_UNASSIGNED,513,512,512,NO_RECORDED_FACTOR_PRP_OR_LL_RESULT_AND_NO_ACTIVE_GIMPS_ASSIGNMENT,2026-08-09T09:12:31+00:00,UNALLOCATED,,,,,
SLCMP2607-4649,4649,4649,794233303,2^794233303-1,STRUCTURAL_SCREEN_EXHAUSTED_PRIMALITY_UNASSIGNED,GF3A_DIRECTIONAL_WRITE_EXHAUSTED_PRIMALITY_UNASSIGNED,514,512,512,NO_RECORDED_FACTOR_PRP_OR_LL_RESULT_AND_NO_ACTIVE_GIMPS_ASSIGNMENT,2026-08-09T09:12:31+00:00,UNALLOCATED,,,,,
SLCMP2607-4650,4650,4650,794233313,2^794233313-1,STRUCTURAL_SCREEN_EXHAUSTED_PRIMALITY_UNASSIGNED,GF3A_DIRECTIONAL_WRITE_EXHAUSTED_PRIMALITY_UNASSIGNED,513,512,512,NO_RECORDED_FACTOR_PRP_OR_LL_RESULT_AND_NO_ACTIVE_GIMPS_ASSIGNMENT,2026-08-09T09:12:31+00:00,UNALLOCATED,,,,,
SLCMP2607-4651,4651,4651,794233543,2^794233543-1,STRUCTURAL_SCREEN_EXHAUSTED_PRIMALITY_UNASSIGNED,GF3A_DIRECTIONAL_WRITE_EXHAUSTED_PRIMALITY_UNASSIGNED,514,512,512,NO_RECORDED_FACTOR_PRP_OR_LL_RESULT_AND_NO_ACTIVE_GIMPS_ASSIGNMENT,2026-08-09T09:12:31+00:00,UNALLOCATED,,,,,
SLCMP2607-4652,4652,4652,794233621,2^794233621-1,STRUCTURAL_SCREEN_EXHAUSTED_PRIMALITY_UNASSIGNED,GF3A_DIRECTIONAL_WRITE_EXHAUSTED_PRIMALITY_UNASSIGNED,513,512,512,NO_RECORDED_FACTOR_PRP_OR_LL_RESULT_AND_NO_ACTIVE_GIMPS_ASSIGNMENT,2026-08-09T09:12:31+00:00,UNALLOCATED,,,,,
SLCMP2607-4653,4653,4653,794233663,2^794233663-1,STRUCTURAL_SCREEN_EXHAUSTED_PRIMALITY_UNASSIGNED,GF3A_DIRECTIONAL_WRITE_EXHAUSTED_PRIMALITY_UNASSIGNED,514,512,512,NO_RECORDED_FACTOR_PRP_OR_LL_RESULT_AND_NO_ACTIVE_GIMPS_ASSIGNMENT,2026-08-09T09:12:31+00:00,UNALLOCATED,,,,,
SLCMP2607-4654,4654,4654,794233691,2^794233691-1,STRUCTURAL_SCREEN_EXHAUSTED_PRIMALITY_UNASSIGNED,GF3A_DIRECTIONAL_WRITE_EXHAUSTED_PRIMALITY_UNASSIGNED,514,512,512,NO_RECORDED_FACTOR_PRP_OR_LL_RESULT_AND_NO_ACTIVE_GIMPS_ASSIGNMENT,2026-08-09T09:12:31+00:00,UNALLOCATED,,,,,
SLCMP2607-4655,4655,4655,794233717,2^794233717-1,STRUCTURAL_SCREEN_EXHAUSTED_PRIMALITY_UNASSIGNED,GF3A_DIRECTIONAL_WRITE_EXHAUSTED_PRIMALITY_UNASSIGNED,513,512,512,NO_RECORDED_FACTOR_PRP_OR_LL_RESULT_AND_NO_ACTIVE_GIMPS_ASSIGNMENT,2026-08-09T09:12:31+00:00,UNALLOCATED,,,,,
SLCMP2607-4656,4656,4656,794233747,2^794233747-1,STRUCTURAL_SCREEN_EXHAUSTED_PRIMALITY_UNASSIGNED,GF3A_DIRECTIONAL_WRITE_EXHAUSTED_PRIMALITY_UNASSIGNED,514,512,512,NO_RECORDED_FACTOR_PRP_OR_LL_RESULT_AND_NO_ACTIVE_GIMPS_ASSIGNMENT,2026-08-09T09:12:31+00:00,UNALLOCATED,,,,,
SLCMP2607-4657,4657,4657,794233787,2^794233787-1,STRUCTURAL_SCREEN_EXHAUSTED_PRIMALITY_UNASSIGNED,GF3A_DIRECTIONAL_WRITE_EXHAUSTED_PRIMALITY_UNASSIGNED,514,512,512,NO_RECORDED_FACTOR_PRP_OR_LL_RESULT_AND_NO_ACTIVE_GIMPS_ASSIGNMENT,2026-08-09T09:12:31+00:00,UNALLOCATED,,,,,
SLCMP2607-4658,4658,4658,794233807,2^794233807-1,STRUCTURAL_SCREEN_EXHAUSTED_PRIMALITY_UNASSIGNED,GF3A_DIRECTIONAL_WRITE_EXHAUSTED_PRIMALITY_UNASSIGNED,514,512,512,NO_RECORDED_FACTOR_PRP_OR_LL_RESULT_AND_NO_ACTIVE_GIMPS_ASSIGNMENT,2026-08-09T09:12:31+00:00,UNALLOCATED,,,,,
SLCMP2607-4659,4659,4659,794233819,2^794233819-1,STRUCTURAL_SCREEN_EXHAUSTED_PRIMALITY_UNASSIGNED,GF3A_DIRECTIONAL_WRITE_EXHAUSTED_PRIMALITY_UNASSIGNED,514,512,512,NO_RECORDED_FACTOR_PRP_OR_LL_RESULT_AND_NO_ACTIVE_GIMPS_ASSIGNMENT,2026-08-09T09:12:31+00:00,UNALLOCATED,,,,,
SLCMP2607-4660,4660,4660,794233961,2^794233961-1,STRUCTURAL_SCREEN_EXHAUSTED_PRIMALITY_UNASSIGNED,GF3A_DIRECTIONAL_WRITE_EXHAUSTED_PRIMALITY_UNASSIGNED,513,512,512,NO_RECORDED_FACTOR_PRP_OR_LL_RESULT_AND_NO_ACTIVE_GIMPS_ASSIGNMENT,2026-08-09T09:12:31+00:00,UNALLOCATED,,,,,
SLCMP2607-4661,4661,4661,794234039,2^794234039-1,STRUCTURAL_SCREEN_EXHAUSTED_PRIMALITY_UNASSIGNED,GF3A_DIRECTIONAL_WRITE_EXHAUSTED_PRIMALITY_UNASSIGNED,514,512,512,NO_RECORDED_FACTOR_PRP_OR_LL_RESULT_AND_NO_ACTIVE_GIMPS_ASSIGNMENT,2026-08-09T09:12:31+00:00,UNALLOCATED,,,,,
SLCMP2607-4662,4662,4662,794234093,2^794234093-1,STRUCTURAL_SCREEN_EXHAUSTED_PRIMALITY_UNASSIGNED,GF3A_DIRECTIONAL_WRITE_EXHAUSTED_PRIMALITY_UNASSIGNED,513,512,512,NO_RECORDED_FACTOR_PRP_OR_LL_RESULT_AND_NO_ACTIVE_GIMPS_ASSIGNMENT,2026-08-09T09:12:31+00:00,UNALLOCATED,,,,,
SLCMP2607-4663,4663,4663,794234171,2^794234171-1,STRUCTURAL_SCREEN_EXHAUSTED_PRIMALITY_UNASSIGNED,GF3A_DIRECTIONAL_WRITE_EXHAUSTED_PRIMALITY_UNASSIGNED,514,512,512,NO_RECORDED_FACTOR_PRP_OR_LL_RESULT_AND_NO_ACTIVE_GIMPS_ASSIGNMENT,2026-08-09T09:12:31+00:00,UNALLOCATED,,,,,
SLCMP2607-4664,4664,4664,794234279,2^794234279-1,STRUCTURAL_SCREEN_EXHAUSTED_PRIMALITY_UNASSIGNED,GF3A_DIRECTIONAL_WRITE_EXHAUSTED_PRIMALITY_UNASSIGNED,514,512,512,NO_RECORDED_FACTOR_PRP_OR_LL_RESULT_AND_NO_ACTIVE_GIMPS_ASSIGNMENT,2026-08-09T09:12:31+00:00,UNALLOCATED,,,,,
SLCMP2607-4665,4665,4665,794234317,2^794234317-1,STRUCTURAL_SCREEN_EXHAUSTED_PRIMALITY_UNASSIGNED,GF3A_DIRECTIONAL_WRITE_EXHAUSTED_PRIMALITY_UNASSIGNED,513,512,512,NO_RECORDED_FACTOR_PRP_OR_LL_RESULT_AND_NO_ACTIVE_GIMPS_ASSIGNMENT,2026-08-09T09:12:31+00:00,UNALLOCATED,,,,,
SLCMP2607-4666,4666,4666,794234423,2^794234423-1,STRUCTURAL_SCREEN_EXHAUSTED_PRIMALITY_UNASSIGNED,GF3A_DIRECTIONAL_WRITE_EXHAUSTED_PRIMALITY_UNASSIGNED,514,512,512,NO_RECORDED_FACTOR_PRP_OR_LL_RESULT_AND_NO_ACTIVE_GIMPS_ASSIGNMENT,2026-08-09T09:12:31+00:00,UNALLOCATED,,,,,
SLCMP2607-4667,4667,4667,794234437,2^794234437-1,STRUCTURAL_SCREEN_EXHAUSTED_PRIMALITY_UNASSIGNED,GF3A_DIRECTIONAL_WRITE_EXHAUSTED_PRIMALITY_UNASSIGNED,513,512,512,NO_RECORDED_FACTOR_PRP_OR_LL_RESULT_AND_NO_ACTIVE_GIMPS_ASSIGNMENT,2026-08-09T09:12:31+00:00,UNALLOCATED,,,,,
SLCMP2607-4668,4668,4668,794234453,2^794234453-1,STRUCTURAL_SCREEN_EXHAUSTED_PRIMALITY_UNASSIGNED,GF3A_DIRECTIONAL_WRITE_EXHAUSTED_PRIMALITY_UNASSIGNED,513,512,512,NO_RECORDED_FACTOR_PRP_OR_LL_RESULT_AND_NO_ACTIVE_GIMPS_ASSIGNMENT,2026-08-09T09:12:31+00:00,UNALLOCATED,,,,,
SLCMP2607-4669,4669,4669,794234461,2^794234461-1,STRUCTURAL_SCREEN_EXHAUSTED_PRIMALITY_UNASSIGNED,GF3A_DIRECTIONAL_WRITE_EXHAUSTED_PRIMALITY_UNASSIGNED,513,512,512,NO_RECORDED_FACTOR_PRP_OR_LL_RESULT_AND_NO_ACTIVE_GIMPS_ASSIGNMENT,2026-08-09T09:12:31+00:00,UNALLOCATED,,,,,
SLCMP2607-4670,4670,4670,794234593,2^794234593-1,STRUCTURAL_SCREEN_EXHAUSTED_PRIMALITY_UNASSIGNED,GF3A_DIRECTIONAL_WRITE_EXHAUSTED_PRIMALITY_UNASSIGNED,513,512,512,NO_RECORDED_FACTOR_PRP_OR_LL_RESULT_AND_NO_ACTIVE_GIMPS_ASSIGNMENT,2026-08-09T09:12:31+00:00,UNALLOCATED,,,,,
SLCMP2607-4671,4671,4671,794234653,2^794234653-1,STRUCTURAL_SCREEN_EXHAUSTED_PRIMALITY_UNASSIGNED,GF3A_DIRECTIONAL_WRITE_EXHAUSTED_PRIMALITY_UNASSIGNED,513,512,512,NO_RECORDED_FACTOR_PRP_OR_LL_RESULT_AND_NO_ACTIVE_GIMPS_ASSIGNMENT,2026-08-09T09:12:31+00:00,UNALLOCATED,,,,,
SLCMP2607-4672,4672,4672,794234677,2^794234677-1,STRUCTURAL_SCREEN_EXHAUSTED_PRIMALITY_UNASSIGNED,GF3A_DIRECTIONAL_WRITE_EXHAUSTED_PRIMALITY_UNASSIGNED,513,512,512,NO_RECORDED_FACTOR_PRP_OR_LL_RESULT_AND_NO_ACTIVE_GIMPS_ASSIGNMENT,2026-08-09T09:12:31+00:00,UNALLOCATED,,,,,
SLCMP2607-4673,4673,4673,794234681,2^794234681-1,STRUCTURAL_SCREEN_EXHAUSTED_PRIMALITY_UNASSIGNED,GF3A_DIRECTIONAL_WRITE_EXHAUSTED_PRIMALITY_UNASSIGNED,513,512,512,NO_RECORDED_FACTOR_PRP_OR_LL_RESULT_AND_NO_ACTIVE_GIMPS_ASSIGNMENT,2026-08-09T09:12:31+00:00,UNALLOCATED,,,,,
SLCMP2607-4674,4674,4674,794234773,2^794234773-1,STRUCTURAL_SCREEN_EXHAUSTED_PRIMALITY_UNASSIGNED,GF3A_DIRECTIONAL_WRITE_EXHAUSTED_PRIMALITY_UNASSIGNED,513,512,512,NO_RECORDED_FACTOR_PRP_OR_LL_RESULT_AND_NO_ACTIVE_GIMPS_ASSIGNMENT,2026-08-09T09:12:31+00:00,UNALLOCATED,,,,,
SLCMP2607-4675,4675,4675,794234867,2^794234867-1,STRUCTURAL_SCREEN_EXHAUSTED_PRIMALITY_UNASSIGNED,GF3A_DIRECTIONAL_WRITE_EXHAUSTED_PRIMALITY_UNASSIGNED,514,512,512,NO_RECORDED_FACTOR_PRP_OR_LL_RESULT_AND_NO_ACTIVE_GIMPS_ASSIGNMENT,2026-08-09T09:12:31+00:00,UNALLOCATED,,,,,
SLCMP2607-4676,4676,4676,794234887,2^794234887-1,STRUCTURAL_SCREEN_EXHAUSTED_PRIMALITY_UNASSIGNED,GF3A_DIRECTIONAL_WRITE_EXHAUSTED_PRIMALITY_UNASSIGNED,514,512,512,NO_RECORDED_FACTOR_PRP_OR_LL_RESULT_AND_NO_ACTIVE_GIMPS_ASSIGNMENT,2026-08-09T09:12:31+00:00,UNALLOCATED,,,,,
SLCMP2607-4677,4677,4677,794234923,2^794234923-1,STRUCTURAL_SCREEN_EXHAUSTED_PRIMALITY_UNASSIGNED,GF3A_DIRECTIONAL_WRITE_EXHAUSTED_PRIMALITY_UNASSIGNED,514,512,512,NO_RECORDED_FACTOR_PRP_OR_LL_RESULT_AND_NO_ACTIVE_GIMPS_ASSIGNMENT,2026-08-09T09:12:31+00:00,UNALLOCATED,,,,,
SLCMP2607-4678,4678,4678,794235023,2^794235023-1,STRUCTURAL_SCREEN_EXHAUSTED_PRIMALITY_UNASSIGNED,GF3A_DIRECTIONAL_WRITE_EXHAUSTED_PRIMALITY_UNASSIGNED,514,512,512,NO_RECORDED_FACTOR_PRP_OR_LL_RESULT_AND_NO_ACTIVE_GIMPS_ASSIGNMENT,2026-08-09T09:12:31+00:00,UNALLOCATED,,,,,
SLCMP2607-4679,4679,4679,794235037,2^794235037-1,STRUCTURAL_SCREEN_EXHAUSTED_PRIMALITY_UNASSIGNED,GF3A_DIRECTIONAL_WRITE_EXHAUSTED_PRIMALITY_UNASSIGNED,513,512,512,NO_RECORDED_FACTOR_PRP_OR_LL_RESULT_AND_NO_ACTIVE_GIMPS_ASSIGNMENT,2026-08-09T09:12:31+00:00,UNALLOCATED,,,,,
SLCMP2607-4680,4680,4680,794235047,2^794235047-1,STRUCTURAL_SCREEN_EXHAUSTED_PRIMALITY_UNASSIGNED,GF3A_DIRECTIONAL_WRITE_EXHAUSTED_PRIMALITY_UNASSIGNED,514,512,512,NO_RECORDED_FACTOR_PRP_OR_LL_RESULT_AND_NO_ACTIVE_GIMPS_ASSIGNMENT,2026-08-09T09:12:31+00:00,UNALLOCATED,,,,,
SLCMP2607-4681,4681,4681,794235061,2^794235061-1,STRUCTURAL_SCREEN_EXHAUSTED_PRIMALITY_UNASSIGNED,GF3A_DIRECTIONAL_WRITE_EXHAUSTED_PRIMALITY_UNASSIGNED,513,512,512,NO_RECORDED_FACTOR_PRP_OR_LL_RESULT_AND_NO_ACTIVE_GIMPS_ASSIGNMENT,2026-08-09T09:12:31+00:00,UNALLOCATED,,,,,
SLCMP2607-4682,4682,4682,794235089,2^794235089-1,STRUCTURAL_SCREEN_EXHAUSTED_PRIMALITY_UNASSIGNED,GF3A_DIRECTIONAL_WRITE_EXHAUSTED_PRIMALITY_UNASSIGNED,513,512,512,NO_RECORDED_FACTOR_PRP_OR_LL_RESULT_AND_NO_ACTIVE_GIMPS_ASSIGNMENT,2026-08-09T09:12:31+00:00,UNALLOCATED,,,,,
SLCMP2607-4683,4683,4683,794235107,2^794235107-1,STRUCTURAL_SCREEN_EXHAUSTED_PRIMALITY_UNASSIGNED,GF3A_DIRECTIONAL_WRITE_EXHAUSTED_PRIMALITY_UNASSIGNED,514,512,512,NO_RECORDED_FACTOR_PRP_OR_LL_RESULT_AND_NO_ACTIVE_GIMPS_ASSIGNMENT,2026-08-09T09:12:31+00:00,UNALLOCATED,,,,,
SLCMP2607-4684,4684,4684,794235137,2^794235137-1,STRUCTURAL_SCREEN_EXHAUSTED_PRIMALITY_UNASSIGNED,GF3A_DIRECTIONAL_WRITE_EXHAUSTED_PRIMALITY_UNASSIGNED,513,512,512,NO_RECORDED_FACTOR_PRP_OR_LL_RESULT_AND_NO_ACTIVE_GIMPS_ASSIGNMENT,2026-08-09T09:12:31+00:00,UNALLOCATED,,,,,
SLCMP2607-4685,4685,4685,794235161,2^794235161-1,STRUCTURAL_SCREEN_EXHAUSTED_PRIMALITY_UNASSIGNED,GF3A_DIRECTIONAL_WRITE_EXHAUSTED_PRIMALITY_UNASSIGNED,513,512,512,NO_RECORDED_FACTOR_PRP_OR_LL_RESULT_AND_NO_ACTIVE_GIMPS_ASSIGNMENT,2026-08-09T09:12:31+00:00,UNALLOCATED,,,,,
SLCMP2607-4686,4686,4686,794235173,2^794235173-1,STRUCTURAL_SCREEN_EXHAUSTED_PRIMALITY_UNASSIGNED,GF3A_DIRECTIONAL_WRITE_EXHAUSTED_PRIMALITY_UNASSIGNED,513,512,512,NO_RECORDED_FACTOR_PRP_OR_LL_RESULT_AND_NO_ACTIVE_GIMPS_ASSIGNMENT,2026-08-09T09:12:31+00:00,UNALLOCATED,,,,,
SLCMP2607-4687,4687,4687,794235179,2^794235179-1,STRUCTURAL_SCREEN_EXHAUSTED_PRIMALITY_UNASSIGNED,GF3A_DIRECTIONAL_WRITE_EXHAUSTED_PRIMALITY_UNASSIGNED,514,512,512,NO_RECORDED_FACTOR_PRP_OR_LL_RESULT_AND_NO_ACTIVE_GIMPS_ASSIGNMENT,2026-08-09T09:12:31+00:00,UNALLOCATED,,,,,
SLCMP2607-4688,4688,4688,794235251,2^794235251-1,STRUCTURAL_SCREEN_EXHAUSTED_PRIMALITY_UNASSIGNED,GF3A_DIRECTIONAL_WRITE_EXHAUSTED_PRIMALITY_UNASSIGNED,514,512,512,NO_RECORDED_FACTOR_PRP_OR_LL_RESULT_AND_NO_ACTIVE_GIMPS_ASSIGNMENT,2026-08-09T09:12:31+00:00,UNALLOCATED,,,,,
SLCMP2607-4689,4689,4689,794235317,2^794235317-1,STRUCTURAL_SCREEN_EXHAUSTED_PRIMALITY_UNASSIGNED,GF3A_DIRECTIONAL_WRITE_EXHAUSTED_PRIMALITY_UNASSIGNED,513,512,512,NO_RECORDED_FACTOR_PRP_OR_LL_RESULT_AND_NO_ACTIVE_GIMPS_ASSIGNMENT,2026-08-09T09:12:31+00:00,UNALLOCATED,,,,,
SLCMP2607-4690,4690,4690,794235331,2^794235331-1,STRUCTURAL_SCREEN_EXHAUSTED_PRIMALITY_UNASSIGNED,GF3A_DIRECTIONAL_WRITE_EXHAUSTED_PRIMALITY_UNASSIGNED,514,512,512,NO_RECORDED_FACTOR_PRP_OR_LL_RESULT_AND_NO_ACTIVE_GIMPS_ASSIGNMENT,2026-08-09T09:12:31+00:00,UNALLOCATED,,,,,
SLCMP2607-4691,4691,4691,794235347,2^794235347-1,STRUCTURAL_SCREEN_EXHAUSTED_PRIMALITY_UNASSIGNED,GF3A_DIRECTIONAL_WRITE_EXHAUSTED_PRIMALITY_UNASSIGNED,514,512,512,NO_RECORDED_FACTOR_PRP_OR_LL_RESULT_AND_NO_ACTIVE_GIMPS_ASSIGNMENT,2026-08-09T09:12:31+00:00,UNALLOCATED,,,,,
SLCMP2607-4692,4692,4692,794235349,2^794235349-1,STRUCTURAL_SCREEN_EXHAUSTED_PRIMALITY_UNASSIGNED,GF3A_DIRECTIONAL_WRITE_EXHAUSTED_PRIMALITY_UNASSIGNED,513,512,512,NO_RECORDED_FACTOR_PRP_OR_LL_RESULT_AND_NO_ACTIVE_GIMPS_ASSIGNMENT,2026-08-09T09:12:31+00:00,UNALLOCATED,,,,,
SLCMP2607-4693,4693,4693,794235361,2^794235361-1,STRUCTURAL_SCREEN_EXHAUSTED_PRIMALITY_UNASSIGNED,GF3A_DIRECTIONAL_WRITE_EXHAUSTED_PRIMALITY_UNASSIGNED,513,512,512,NO_RECORDED_FACTOR_PRP_OR_LL_RESULT_AND_NO_ACTIVE_GIMPS_ASSIGNMENT,2026-08-09T09:12:31+00:00,UNALLOCATED,,,,,
SLCMP2607-4694,4694,4694,794235371,2^794235371-1,STRUCTURAL_SCREEN_EXHAUSTED_PRIMALITY_UNASSIGNED,GF3A_DIRECTIONAL_WRITE_EXHAUSTED_PRIMALITY_UNASSIGNED,514,512,512,NO_RECORDED_FACTOR_PRP_OR_LL_RESULT_AND_NO_ACTIVE_GIMPS_ASSIGNMENT,2026-08-09T09:12:31+00:00,UNALLOCATED,,,,,
SLCMP2607-4695,4695,4695,794235389,2^794235389-1,STRUCTURAL_SCREEN_EXHAUSTED_PRIMALITY_UNASSIGNED,GF3A_DIRECTIONAL_WRITE_EXHAUSTED_PRIMALITY_UNASSIGNED,513,512,512,NO_RECORDED_FACTOR_PRP_OR_LL_RESULT_AND_NO_ACTIVE_GIMPS_ASSIGNMENT,2026-08-09T09:12:31+00:00,UNALLOCATED,,,,,
SLCMP2607-4696,4696,4696,794235509,2^794235509-1,STRUCTURAL_SCREEN_EXHAUSTED_PRIMALITY_UNASSIGNED,GF3A_DIRECTIONAL_WRITE_EXHAUSTED_PRIMALITY_UNASSIGNED,513,512,512,NO_RECORDED_FACTOR_PRP_OR_LL_RESULT_AND_NO_ACTIVE_GIMPS_ASSIGNMENT,2026-08-09T09:12:31+00:00,UNALLOCATED,,,,,
SLCMP2607-4697,4697,4697,794235523,2^794235523-1,STRUCTURAL_SCREEN_EXHAUSTED_PRIMALITY_UNASSIGNED,GF3A_DIRECTIONAL_WRITE_EXHAUSTED_PRIMALITY_UNASSIGNED,514,512,512,NO_RECORDED_FACTOR_PRP_OR_LL_RESULT_AND_NO_ACTIVE_GIMPS_ASSIGNMENT,2026-08-09T09:12:31+00:00,UNALLOCATED,,,,,
SLCMP2607-4698,4698,4698,794235539,2^794235539-1,STRUCTURAL_SCREEN_EXHAUSTED_PRIMALITY_UNASSIGNED,GF3A_DIRECTIONAL_WRITE_EXHAUSTED_PRIMALITY_UNASSIGNED,514,512,512,NO_RECORDED_FACTOR_PRP_OR_LL_RESULT_AND_NO_ACTIVE_GIMPS_ASSIGNMENT,2026-08-09T09:12:31+00:00,UNALLOCATED,,,,,
SLCMP2607-4699,4699,4699,794235623,2^794235623-1,STRUCTURAL_SCREEN_EXHAUSTED_PRIMALITY_UNASSIGNED,GF3A_DIRECTIONAL_WRITE_EXHAUSTED_PRIMALITY_UNASSIGNED,514,512,512,NO_RECORDED_FACTOR_PRP_OR_LL_RESULT_AND_NO_ACTIVE_GIMPS_ASSIGNMENT,2026-08-09T09:12:31+00:00,UNALLOCATED,,,,,
SLCMP2607-4700,4700,4700,794235649,2^794235649-1,STRUCTURAL_SCREEN_EXHAUSTED_PRIMALITY_UNASSIGNED,GF3A_DIRECTIONAL_WRITE_EXHAUSTED_PRIMALITY_UNASSIGNED,513,512,512,NO_RECORDED_FACTOR_PRP_OR_LL_RESULT_AND_NO_ACTIVE_GIMPS_ASSIGNMENT,2026-08-09T09:12:31+00:00,UNALLOCATED,,,,,
SLCMP2607-4701,4701,4701,794235653,2^794235653-1,STRUCTURAL_SCREEN_EXHAUSTED_PRIMALITY_UNASSIGNED,GF3A_DIRECTIONAL_WRITE_EXHAUSTED_PRIMALITY_UNASSIGNED,513,512,512,NO_RECORDED_FACTOR_PRP_OR_LL_RESULT_AND_NO_ACTIVE_GIMPS_ASSIGNMENT,2026-08-09T09:12:31+00:00,UNALLOCATED,,,,,
SLCMP2607-4702,4702,4702,794235697,2^794235697-1,STRUCTURAL_SCREEN_EXHAUSTED_PRIMALITY_UNASSIGNED,GF3A_DIRECTIONAL_WRITE_EXHAUSTED_PRIMALITY_UNASSIGNED,513,512,512,NO_RECORDED_FACTOR_PRP_OR_LL_RESULT_AND_NO_ACTIVE_GIMPS_ASSIGNMENT,2026-08-09T09:12:31+00:00,UNALLOCATED,,,,,
SLCMP2607-4703,4703,4703,794235713,2^794235713-1,STRUCTURAL_SCREEN_EXHAUSTED_PRIMALITY_UNASSIGNED,GF3A_DIRECTIONAL_WRITE_EXHAUSTED_PRIMALITY_UNASSIGNED,513,512,512,NO_RECORDED_FACTOR_PRP_OR_LL_RESULT_AND_NO_ACTIVE_GIMPS_ASSIGNMENT,2026-08-09T09:12:31+00:00,UNALLOCATED,,,,,
SLCMP2607-4704,4704,4704,794235797,2^794235797-1,STRUCTURAL_SCREEN_EXHAUSTED_PRIMALITY_UNASSIGNED,GF3A_DIRECTIONAL_WRITE_EXHAUSTED_PRIMALITY_UNASSIGNED,513,512,512,NO_RECORDED_FACTOR_PRP_OR_LL_RESULT_AND_NO_ACTIVE_GIMPS_ASSIGNMENT,2026-08-09T09:12:31+00:00,UNALLOCATED,,,,,
SLCMP2607-4705,4705,4705,794235863,2^794235863-1,STRUCTURAL_SCREEN_EXHAUSTED_PRIMALITY_UNASSIGNED,GF3A_DIRECTIONAL_WRITE_EXHAUSTED_PRIMALITY_UNASSIGNED,514,512,512,NO_RECORDED_FACTOR_PRP_OR_LL_RESULT_AND_NO_ACTIVE_GIMPS_ASSIGNMENT,2026-08-09T09:12:31+00:00,UNALLOCATED,,,,,
SLCMP2607-4706,4706,4706,794235913,2^794235913-1,STRUCTURAL_SCREEN_EXHAUSTED_PRIMALITY_UNASSIGNED,GF3A_DIRECTIONAL_WRITE_EXHAUSTED_PRIMALITY_UNASSIGNED,513,512,512,NO_RECORDED_FACTOR_PRP_OR_LL_RESULT_AND_NO_ACTIVE_GIMPS_ASSIGNMENT,2026-08-09T09:12:31+00:00,UNALLOCATED,,,,,
SLCMP2607-4707,4707,4707,794235973,2^794235973-1,STRUCTURAL_SCREEN_EXHAUSTED_PRIMALITY_UNASSIGNED,GF3A_DIRECTIONAL_WRITE_EXHAUSTED_PRIMALITY_UNASSIGNED,513,512,512,NO_RECORDED_FACTOR_PRP_OR_LL_RESULT_AND_NO_ACTIVE_GIMPS_ASSIGNMENT,2026-08-09T09:12:31+00:00,UNALLOCATED,,,,,
SLCMP2607-4708,4708,4708,794235983,2^794235983-1,STRUCTURAL_SCREEN_EXHAUSTED_PRIMALITY_UNASSIGNED,GF3A_DIRECTIONAL_WRITE_EXHAUSTED_PRIMALITY_UNASSIGNED,514,512,512,NO_RECORDED_FACTOR_PRP_OR_LL_RESULT_AND_NO_ACTIVE_GIMPS_ASSIGNMENT,2026-08-09T09:12:31+00:00,UNALLOCATED,,,,,
SLCMP2607-4709,4709,4709,794235997,2^794235997-1,STRUCTURAL_SCREEN_EXHAUSTED_PRIMALITY_UNASSIGNED,GF3A_DIRECTIONAL_WRITE_EXHAUSTED_PRIMALITY_UNASSIGNED,513,512,512,NO_RECORDED_FACTOR_PRP_OR_LL_RESULT_AND_NO_ACTIVE_GIMPS_ASSIGNMENT,2026-08-09T09:12:31+00:00,UNALLOCATED,,,,,
SLCMP2607-4710,4710,4710,794236019,2^794236019-1,STRUCTURAL_SCREEN_EXHAUSTED_PRIMALITY_UNASSIGNED,GF3A_DIRECTIONAL_WRITE_EXHAUSTED_PRIMALITY_UNASSIGNED,514,512,512,NO_RECORDED_FACTOR_PRP_OR_LL_RESULT_AND_NO_ACTIVE_GIMPS_ASSIGNMENT,2026-08-09T09:12:31+00:00,UNALLOCATED,,,,,
SLCMP2607-4711,4711,4711,794236031,2^794236031-1,STRUCTURAL_SCREEN_EXHAUSTED_PRIMALITY_UNASSIGNED,GF3A_DIRECTIONAL_WRITE_EXHAUSTED_PRIMALITY_UNASSIGNED,514,512,512,NO_RECORDED_FACTOR_PRP_OR_LL_RESULT_AND_NO_ACTIVE_GIMPS_ASSIGNMENT,2026-08-09T09:12:31+00:00,UNALLOCATED,,,,,
SLCMP2607-4712,4712,4712,794236057,2^794236057-1,STRUCTURAL_SCREEN_EXHAUSTED_PRIMALITY_UNASSIGNED,GF3A_DIRECTIONAL_WRITE_EXHAUSTED_PRIMALITY_UNASSIGNED,513,512,512,NO_RECORDED_FACTOR_PRP_OR_LL_RESULT_AND_NO_ACTIVE_GIMPS_ASSIGNMENT,2026-08-09T09:12:31+00:00,UNALLOCATED,,,,,
SLCMP2607-4713,4713,4713,794236159,2^794236159-1,STRUCTURAL_SCREEN_EXHAUSTED_PRIMALITY_UNASSIGNED,GF3A_DIRECTIONAL_WRITE_EXHAUSTED_PRIMALITY_UNASSIGNED,514,512,512,NO_RECORDED_FACTOR_PRP_OR_LL_RESULT_AND_NO_ACTIVE_GIMPS_ASSIGNMENT,2026-08-09T09:12:31+00:00,UNALLOCATED,,,,,
SLCMP2607-4714,4714,4714,794236237,2^794236237-1,STRUCTURAL_SCREEN_EXHAUSTED_PRIMALITY_UNASSIGNED,GF3A_DIRECTIONAL_WRITE_EXHAUSTED_PRIMALITY_UNASSIGNED,513,512,512,NO_RECORDED_FACTOR_PRP_OR_LL_RESULT_AND_NO_ACTIVE_GIMPS_ASSIGNMENT,2026-08-09T09:12:31+00:00,UNALLOCATED,,,,,
SLCMP2607-4715,4715,4715,794236259,2^794236259-1,STRUCTURAL_SCREEN_EXHAUSTED_PRIMALITY_UNASSIGNED,GF3A_DIRECTIONAL_WRITE_EXHAUSTED_PRIMALITY_UNASSIGNED,514,512,512,NO_RECORDED_FACTOR_PRP_OR_LL_RESULT_AND_NO_ACTIVE_GIMPS_ASSIGNMENT,2026-08-09T09:12:31+00:00,UNALLOCATED,,,,,
SLCMP2607-4716,4716,4716,794236319,2^794236319-1,STRUCTURAL_SCREEN_EXHAUSTED_PRIMALITY_UNASSIGNED,GF3A_DIRECTIONAL_WRITE_EXHAUSTED_PRIMALITY_UNASSIGNED,514,512,512,NO_RECORDED_FACTOR_PRP_OR_LL_RESULT_AND_NO_ACTIVE_GIMPS_ASSIGNMENT,2026-08-09T09:12:31+00:00,UNALLOCATED,,,,,
SLCMP2607-4717,4717,4717,794236327,2^794236327-1,STRUCTURAL_SCREEN_EXHAUSTED_PRIMALITY_UNASSIGNED,GF3A_DIRECTIONAL_WRITE_EXHAUSTED_PRIMALITY_UNASSIGNED,514,512,512,NO_RECORDED_FACTOR_PRP_OR_LL_RESULT_AND_NO_ACTIVE_GIMPS_ASSIGNMENT,2026-08-09T09:12:31+00:00,UNALLOCATED,,,,,
SLCMP2607-4718,4718,4718,794236367,2^794236367-1,STRUCTURAL_SCREEN_EXHAUSTED_PRIMALITY_UNASSIGNED,GF3A_DIRECTIONAL_WRITE_EXHAUSTED_PRIMALITY_UNASSIGNED,514,512,512,NO_RECORDED_FACTOR_PRP_OR_LL_RESULT_AND_NO_ACTIVE_GIMPS_ASSIGNMENT,2026-08-09T09:12:31+00:00,UNALLOCATED,,,,,
SLCMP2607-4719,4719,4719,794236411,2^794236411-1,STRUCTURAL_SCREEN_EXHAUSTED_PRIMALITY_UNASSIGNED,GF3A_DIRECTIONAL_WRITE_EXHAUSTED_PRIMALITY_UNASSIGNED,514,512,512,NO_RECORDED_FACTOR_PRP_OR_LL_RESULT_AND_NO_ACTIVE_GIMPS_ASSIGNMENT,2026-08-09T09:12:31+00:00,UNALLOCATED,,,,,
SLCMP2607-4720,4720,4720,794236579,2^794236579-1,STRUCTURAL_SCREEN_EXHAUSTED_PRIMALITY_UNASSIGNED,GF3A_DIRECTIONAL_WRITE_EXHAUSTED_PRIMALITY_UNASSIGNED,514,512,512,NO_RECORDED_FACTOR_PRP_OR_LL_RESULT_AND_NO_ACTIVE_GIMPS_ASSIGNMENT,2026-08-09T09:12:31+00:00,UNALLOCATED,,,,,
SLCMP2607-4721,4721,4721,794236609,2^794236609-1,STRUCTURAL_SCREEN_EXHAUSTED_PRIMALITY_UNASSIGNED,GF3A_DIRECTIONAL_WRITE_EXHAUSTED_PRIMALITY_UNASSIGNED,513,512,512,NO_RECORDED_FACTOR_PRP_OR_LL_RESULT_AND_NO_ACTIVE_GIMPS_ASSIGNMENT,2026-08-09T09:12:31+00:00,UNALLOCATED,,,,,
SLCMP2607-4722,4722,4722,794236643,2^794236643-1,STRUCTURAL_SCREEN_EXHAUSTED_PRIMALITY_UNASSIGNED,GF3A_DIRECTIONAL_WRITE_EXHAUSTED_PRIMALITY_UNASSIGNED,514,512,512,NO_RECORDED_FACTOR_PRP_OR_LL_RESULT_AND_NO_ACTIVE_GIMPS_ASSIGNMENT,2026-08-09T09:12:31+00:00,UNALLOCATED,,,,,
SLCMP2607-4723,4723,4723,794236763,2^794236763-1,STRUCTURAL_SCREEN_EXHAUSTED_PRIMALITY_UNASSIGNED,GF3A_DIRECTIONAL_WRITE_EXHAUSTED_PRIMALITY_UNASSIGNED,514,512,512,NO_RECORDED_FACTOR_PRP_OR_LL_RESULT_AND_NO_ACTIVE_GIMPS_ASSIGNMENT,2026-08-09T09:12:31+00:00,UNALLOCATED,,,,,
SLCMP2607-4724,4724,4724,794236769,2^794236769-1,STRUCTURAL_SCREEN_EXHAUSTED_PRIMALITY_UNASSIGNED,GF3A_DIRECTIONAL_WRITE_EXHAUSTED_PRIMALITY_UNASSIGNED,513,512,512,NO_RECORDED_FACTOR_PRP_OR_LL_RESULT_AND_NO_ACTIVE_GIMPS_ASSIGNMENT,2026-08-09T09:12:31+00:00,UNALLOCATED,,,,,
SLCMP2607-4725,4725,4725,794236847,2^794236847-1,STRUCTURAL_SCREEN_EXHAUSTED_PRIMALITY_UNASSIGNED,GF3A_DIRECTIONAL_WRITE_EXHAUSTED_PRIMALITY_UNASSIGNED,514,512,512,NO_RECORDED_FACTOR_PRP_OR_LL_RESULT_AND_NO_ACTIVE_GIMPS_ASSIGNMENT,2026-08-09T09:12:31+00:00,UNALLOCATED,,,,,
SLCMP2607-4726,4726,4726,794236867,2^794236867-1,STRUCTURAL_SCREEN_EXHAUSTED_PRIMALITY_UNASSIGNED,GF3A_DIRECTIONAL_WRITE_EXHAUSTED_PRIMALITY_UNASSIGNED,514,512,512,NO_RECORDED_FACTOR_PRP_OR_LL_RESULT_AND_NO_ACTIVE_GIMPS_ASSIGNMENT,2026-08-09T09:12:31+00:00,UNALLOCATED,,,,,
SLCMP2607-4727,4727,4727,794236951,2^794236951-1,STRUCTURAL_SCREEN_EXHAUSTED_PRIMALITY_UNASSIGNED,GF3A_DIRECTIONAL_WRITE_EXHAUSTED_PRIMALITY_UNASSIGNED,514,512,512,NO_RECORDED_FACTOR_PRP_OR_LL_RESULT_AND_NO_ACTIVE_GIMPS_ASSIGNMENT,2026-08-09T09:12:31+00:00,UNALLOCATED,,,,,
SLCMP2607-4728,4728,4728,794236997,2^794236997-1,STRUCTURAL_SCREEN_EXHAUSTED_PRIMALITY_UNASSIGNED,GF3A_DIRECTIONAL_WRITE_EXHAUSTED_PRIMALITY_UNASSIGNED,513,512,512,NO_RECORDED_FACTOR_PRP_OR_LL_RESULT_AND_NO_ACTIVE_GIMPS_ASSIGNMENT,2026-08-09T09:12:31+00:00,UNALLOCATED,,,,,
SLCMP2607-4729,4729,4729,794237051,2^794237051-1,STRUCTURAL_SCREEN_EXHAUSTED_PRIMALITY_UNASSIGNED,GF3A_DIRECTIONAL_WRITE_EXHAUSTED_PRIMALITY_UNASSIGNED,514,512,512,NO_RECORDED_FACTOR_PRP_OR_LL_RESULT_AND_NO_ACTIVE_GIMPS_ASSIGNMENT,2026-08-09T09:12:31+00:00,UNALLOCATED,,,,,
SLCMP2607-4730,4730,4730,794237053,2^794237053-1,STRUCTURAL_SCREEN_EXHAUSTED_PRIMALITY_UNASSIGNED,GF3A_DIRECTIONAL_WRITE_EXHAUSTED_PRIMALITY_UNASSIGNED,513,512,512,NO_RECORDED_FACTOR_PRP_OR_LL_RESULT_AND_NO_ACTIVE_GIMPS_ASSIGNMENT,2026-08-09T09:12:31+00:00,UNALLOCATED,,,,,
SLCMP2607-4731,4731,4731,794237167,2^794237167-1,STRUCTURAL_SCREEN_EXHAUSTED_PRIMALITY_UNASSIGNED,GF3A_DIRECTIONAL_WRITE_EXHAUSTED_PRIMALITY_UNASSIGNED,514,512,512,NO_RECORDED_FACTOR_PRP_OR_LL_RESULT_AND_NO_ACTIVE_GIMPS_ASSIGNMENT,2026-08-09T09:12:31+00:00,UNALLOCATED,,,,,
SLCMP2607-4732,4732,4732,794237179,2^794237179-1,STRUCTURAL_SCREEN_EXHAUSTED_PRIMALITY_UNASSIGNED,GF3A_DIRECTIONAL_WRITE_EXHAUSTED_PRIMALITY_UNASSIGNED,514,512,512,NO_RECORDED_FACTOR_PRP_OR_LL_RESULT_AND_NO_ACTIVE_GIMPS_ASSIGNMENT,2026-08-09T09:12:31+00:00,UNALLOCATED,,,,,
SLCMP2607-4733,4733,4733,794237237,2^794237237-1,STRUCTURAL_SCREEN_EXHAUSTED_PRIMALITY_UNASSIGNED,GF3A_DIRECTIONAL_WRITE_EXHAUSTED_PRIMALITY_UNASSIGNED,513,512,512,NO_RECORDED_FACTOR_PRP_OR_LL_RESULT_AND_NO_ACTIVE_GIMPS_ASSIGNMENT,2026-08-09T09:12:31+00:00,UNALLOCATED,,,,,
SLCMP2607-4734,4734,4734,794237293,2^794237293-1,STRUCTURAL_SCREEN_EXHAUSTED_PRIMALITY_UNASSIGNED,GF3A_DIRECTIONAL_WRITE_EXHAUSTED_PRIMALITY_UNASSIGNED,513,512,512,NO_RECORDED_FACTOR_PRP_OR_LL_RESULT_AND_NO_ACTIVE_GIMPS_ASSIGNMENT,2026-08-09T09:12:31+00:00,UNALLOCATED,,,,,
SLCMP2607-4735,4735,4735,794237351,2^794237351-1,STRUCTURAL_SCREEN_EXHAUSTED_PRIMALITY_UNASSIGNED,GF3A_DIRECTIONAL_WRITE_EXHAUSTED_PRIMALITY_UNASSIGNED,514,512,512,NO_RECORDED_FACTOR_PRP_OR_LL_RESULT_AND_NO_ACTIVE_GIMPS_ASSIGNMENT,2026-08-09T09:12:31+00:00,UNALLOCATED,,,,,
SLCMP2607-4736,4736,4736,794237369,2^794237369-1,STRUCTURAL_SCREEN_EXHAUSTED_PRIMALITY_UNASSIGNED,GF3A_DIRECTIONAL_WRITE_EXHAUSTED_PRIMALITY_UNASSIGNED,513,512,512,NO_RECORDED_FACTOR_PRP_OR_LL_RESULT_AND_NO_ACTIVE_GIMPS_ASSIGNMENT,2026-08-09T09:12:31+00:00,UNALLOCATED,,,,,
SLCMP2607-4737,4737,4737,794237419,2^794237419-1,STRUCTURAL_SCREEN_EXHAUSTED_PRIMALITY_UNASSIGNED,GF3A_DIRECTIONAL_WRITE_EXHAUSTED_PRIMALITY_UNASSIGNED,514,512,512,NO_RECORDED_FACTOR_PRP_OR_LL_RESULT_AND_NO_ACTIVE_GIMPS_ASSIGNMENT,2026-08-09T09:12:31+00:00,UNALLOCATED,,,,,
SLCMP2607-4738,4738,4738,794237531,2^794237531-1,STRUCTURAL_SCREEN_EXHAUSTED_PRIMALITY_UNASSIGNED,GF3A_DIRECTIONAL_WRITE_EXHAUSTED_PRIMALITY_UNASSIGNED,514,512,512,NO_RECORDED_FACTOR_PRP_OR_LL_RESULT_AND_NO_ACTIVE_GIMPS_ASSIGNMENT,2026-08-09T09:12:31+00:00,UNALLOCATED,,,,,
SLCMP2607-4739,4739,4739,794237659,2^794237659-1,STRUCTURAL_SCREEN_EXHAUSTED_PRIMALITY_UNASSIGNED,GF3A_DIRECTIONAL_WRITE_EXHAUSTED_PRIMALITY_UNASSIGNED,514,512,512,NO_RECORDED_FACTOR_PRP_OR_LL_RESULT_AND_NO_ACTIVE_GIMPS_ASSIGNMENT,2026-08-09T09:12:31+00:00,UNALLOCATED,,,,,
SLCMP2607-4740,4740,4740,794237669,2^794237669-1,STRUCTURAL_SCREEN_EXHAUSTED_PRIMALITY_UNASSIGNED,GF3A_DIRECTIONAL_WRITE_EXHAUSTED_PRIMALITY_UNASSIGNED,513,512,512,NO_RECORDED_FACTOR_PRP_OR_LL_RESULT_AND_NO_ACTIVE_GIMPS_ASSIGNMENT,2026-08-09T09:12:31+00:00,UNALLOCATED,,,,,
SLCMP2607-4741,4741,4741,794237767,2^794237767-1,STRUCTURAL_SCREEN_EXHAUSTED_PRIMALITY_UNASSIGNED,GF3A_DIRECTIONAL_WRITE_EXHAUSTED_PRIMALITY_UNASSIGNED,514,512,512,NO_RECORDED_FACTOR_PRP_OR_LL_RESULT_AND_NO_ACTIVE_GIMPS_ASSIGNMENT,2026-08-09T09:12:31+00:00,UNALLOCATED,,,,,
SLCMP2607-4742,4742,4742,794237809,2^794237809-1,STRUCTURAL_SCREEN_EXHAUSTED_PRIMALITY_UNASSIGNED,GF3A_DIRECTIONAL_WRITE_EXHAUSTED_PRIMALITY_UNASSIGNED,513,512,512,NO_RECORDED_FACTOR_PRP_OR_LL_RESULT_AND_NO_ACTIVE_GIMPS_ASSIGNMENT,2026-08-09T09:12:31+00:00,UNALLOCATED,,,,,
SLCMP2607-4743,4743,4743,794237837,2^794237837-1,STRUCTURAL_SCREEN_EXHAUSTED_PRIMALITY_UNASSIGNED,GF3A_DIRECTIONAL_WRITE_EXHAUSTED_PRIMALITY_UNASSIGNED,513,512,512,NO_RECORDED_FACTOR_PRP_OR_LL_RESULT_AND_NO_ACTIVE_GIMPS_ASSIGNMENT,2026-08-09T09:12:31+00:00,UNALLOCATED,,,,,
SLCMP2607-4744,4744,4744,794237849,2^794237849-1,STRUCTURAL_SCREEN_EXHAUSTED_PRIMALITY_UNASSIGNED,GF3A_DIRECTIONAL_WRITE_EXHAUSTED_PRIMALITY_UNASSIGNED,513,512,512,NO_RECORDED_FACTOR_PRP_OR_LL_RESULT_AND_NO_ACTIVE_GIMPS_ASSIGNMENT,2026-08-09T09:12:31+00:00,UNALLOCATED,,,,,
SLCMP2607-4745,4745,4745,794237891,2^794237891-1,STRUCTURAL_SCREEN_EXHAUSTED_PRIMALITY_UNASSIGNED,GF3A_DIRECTIONAL_WRITE_EXHAUSTED_PRIMALITY_UNASSIGNED,514,512,512,NO_RECORDED_FACTOR_PRP_OR_LL_RESULT_AND_NO_ACTIVE_GIMPS_ASSIGNMENT,2026-08-09T09:12:31+00:00,UNALLOCATED,,,,,
SLCMP2607-4746,4746,4746,794237897,2^794237897-1,STRUCTURAL_SCREEN_EXHAUSTED_PRIMALITY_UNASSIGNED,GF3A_DIRECTIONAL_WRITE_EXHAUSTED_PRIMALITY_UNASSIGNED,513,512,512,NO_RECORDED_FACTOR_PRP_OR_LL_RESULT_AND_NO_ACTIVE_GIMPS_ASSIGNMENT,2026-08-09T09:12:31+00:00,UNALLOCATED,,,,,
SLCMP2607-4747,4747,4747,794237903,2^794237903-1,STRUCTURAL_SCREEN_EXHAUSTED_PRIMALITY_UNASSIGNED,GF3A_DIRECTIONAL_WRITE_EXHAUSTED_PRIMALITY_UNASSIGNED,514,512,512,NO_RECORDED_FACTOR_PRP_OR_LL_RESULT_AND_NO_ACTIVE_GIMPS_ASSIGNMENT,2026-08-09T09:12:31+00:00,UNALLOCATED,,,,,
SLCMP2607-4748,4748,4748,794237921,2^794237921-1,STRUCTURAL_SCREEN_EXHAUSTED_PRIMALITY_UNASSIGNED,GF3A_DIRECTIONAL_WRITE_EXHAUSTED_PRIMALITY_UNASSIGNED,513,512,512,NO_RECORDED_FACTOR_PRP_OR_LL_RESULT_AND_NO_ACTIVE_GIMPS_ASSIGNMENT,2026-08-09T09:12:31+00:00,UNALLOCATED,,,,,
SLCMP2607-4749,4749,4749,794237989,2^794237989-1,STRUCTURAL_SCREEN_EXHAUSTED_PRIMALITY_UNASSIGNED,GF3A_DIRECTIONAL_WRITE_EXHAUSTED_PRIMALITY_UNASSIGNED,513,512,512,NO_RECORDED_FACTOR_PRP_OR_LL_RESULT_AND_NO_ACTIVE_GIMPS_ASSIGNMENT,2026-08-09T09:12:31+00:00,UNALLOCATED,,,,,
SLCMP2607-4750,4750,4750,794238017,2^794238017-1,STRUCTURAL_SCREEN_EXHAUSTED_PRIMALITY_UNASSIGNED,GF3A_DIRECTIONAL_WRITE_EXHAUSTED_PRIMALITY_UNASSIGNED,513,512,512,NO_RECORDED_FACTOR_PRP_OR_LL_RESULT_AND_NO_ACTIVE_GIMPS_ASSIGNMENT,2026-08-09T09:12:31+00:00,UNALLOCATED,,,,,
SLCMP2607-4751,4751,4751,794238089,2^794238089-1,STRUCTURAL_SCREEN_EXHAUSTED_PRIMALITY_UNASSIGNED,GF3A_DIRECTIONAL_WRITE_EXHAUSTED_PRIMALITY_UNASSIGNED,513,512,512,NO_RECORDED_FACTOR_PRP_OR_LL_RESULT_AND_NO_ACTIVE_GIMPS_ASSIGNMENT,2026-08-09T09:12:31+00:00,UNALLOCATED,,,,,
SLCMP2607-4752,4752,4752,794238199,2^794238199-1,STRUCTURAL_SCREEN_EXHAUSTED_PRIMALITY_UNASSIGNED,GF3A_DIRECTIONAL_WRITE_EXHAUSTED_PRIMALITY_UNASSIGNED,514,512,512,NO_RECORDED_FACTOR_PRP_OR_LL_RESULT_AND_NO_ACTIVE_GIMPS_ASSIGNMENT,2026-08-09T09:12:31+00:00,UNALLOCATED,,,,,
SLCMP2607-4753,4753,4753,794238217,2^794238217-1,STRUCTURAL_SCREEN_EXHAUSTED_PRIMALITY_UNASSIGNED,GF3A_DIRECTIONAL_WRITE_EXHAUSTED_PRIMALITY_UNASSIGNED,513,512,512,NO_RECORDED_FACTOR_PRP_OR_LL_RESULT_AND_NO_ACTIVE_GIMPS_ASSIGNMENT,2026-08-09T09:12:31+00:00,UNALLOCATED,,,,,
SLCMP2607-4754,4754,4754,794238227,2^794238227-1,STRUCTURAL_SCREEN_EXHAUSTED_PRIMALITY_UNASSIGNED,GF3A_DIRECTIONAL_WRITE_EXHAUSTED_PRIMALITY_UNASSIGNED,514,512,512,NO_RECORDED_FACTOR_PRP_OR_LL_RESULT_AND_NO_ACTIVE_GIMPS_ASSIGNMENT,2026-08-09T09:12:31+00:00,UNALLOCATED,,,,,
SLCMP2607-4755,4755,4755,794238293,2^794238293-1,STRUCTURAL_SCREEN_EXHAUSTED_PRIMALITY_UNASSIGNED,GF3A_DIRECTIONAL_WRITE_EXHAUSTED_PRIMALITY_UNASSIGNED,513,512,512,NO_RECORDED_FACTOR_PRP_OR_LL_RESULT_AND_NO_ACTIVE_GIMPS_ASSIGNMENT,2026-08-09T09:12:31+00:00,UNALLOCATED,,,,,
SLCMP2607-4756,4756,4756,794238311,2^794238311-1,STRUCTURAL_SCREEN_EXHAUSTED_PRIMALITY_UNASSIGNED,GF3A_DIRECTIONAL_WRITE_EXHAUSTED_PRIMALITY_UNASSIGNED,514,512,512,NO_RECORDED_FACTOR_PRP_OR_LL_RESULT_AND_NO_ACTIVE_GIMPS_ASSIGNMENT,2026-08-09T09:12:31+00:00,UNALLOCATED,,,,,
SLCMP2607-4757,4757,4757,794238421,2^794238421-1,STRUCTURAL_SCREEN_EXHAUSTED_PRIMALITY_UNASSIGNED,GF3A_DIRECTIONAL_WRITE_EXHAUSTED_PRIMALITY_UNASSIGNED,513,512,512,NO_RECORDED_FACTOR_PRP_OR_LL_RESULT_AND_NO_ACTIVE_GIMPS_ASSIGNMENT,2026-08-09T09:12:31+00:00,UNALLOCATED,,,,,
SLCMP2607-4758,4758,4758,794238463,2^794238463-1,STRUCTURAL_SCREEN_EXHAUSTED_PRIMALITY_UNASSIGNED,GF3A_DIRECTIONAL_WRITE_EXHAUSTED_PRIMALITY_UNASSIGNED,514,512,512,NO_RECORDED_FACTOR_PRP_OR_LL_RESULT_AND_NO_ACTIVE_GIMPS_ASSIGNMENT,2026-08-09T09:12:31+00:00,UNALLOCATED,,,,,
SLCMP2607-4759,4759,4759,794238541,2^794238541-1,STRUCTURAL_SCREEN_EXHAUSTED_PRIMALITY_UNASSIGNED,GF3A_DIRECTIONAL_WRITE_EXHAUSTED_PRIMALITY_UNASSIGNED,513,512,512,NO_RECORDED_FACTOR_PRP_OR_LL_RESULT_AND_NO_ACTIVE_GIMPS_ASSIGNMENT,2026-08-09T09:12:31+00:00,UNALLOCATED,,,,,
SLCMP2607-4760,4760,4760,794238563,2^794238563-1,STRUCTURAL_SCREEN_EXHAUSTED_PRIMALITY_UNASSIGNED,GF3A_DIRECTIONAL_WRITE_EXHAUSTED_PRIMALITY_UNASSIGNED,514,512,512,NO_RECORDED_FACTOR_PRP_OR_LL_RESULT_AND_NO_ACTIVE_GIMPS_ASSIGNMENT,2026-08-09T09:12:31+00:00,UNALLOCATED,,,,,
SLCMP2607-4761,4761,4761,794238583,2^794238583-1,STRUCTURAL_SCREEN_EXHAUSTED_PRIMALITY_UNASSIGNED,GF3A_DIRECTIONAL_WRITE_EXHAUSTED_PRIMALITY_UNASSIGNED,514,512,512,NO_RECORDED_FACTOR_PRP_OR_LL_RESULT_AND_NO_ACTIVE_GIMPS_ASSIGNMENT,2026-08-09T09:12:31+00:00,UNALLOCATED,,,,,
SLCMP2607-4762,4762,4762,794238673,2^794238673-1,STRUCTURAL_SCREEN_EXHAUSTED_PRIMALITY_UNASSIGNED,GF3A_DIRECTIONAL_WRITE_EXHAUSTED_PRIMALITY_UNASSIGNED,513,512,512,NO_RECORDED_FACTOR_PRP_OR_LL_RESULT_AND_NO_ACTIVE_GIMPS_ASSIGNMENT,2026-08-09T09:12:31+00:00,UNALLOCATED,,,,,
SLCMP2607-4763,4763,4763,794238743,2^794238743-1,STRUCTURAL_SCREEN_EXHAUSTED_PRIMALITY_UNASSIGNED,GF3A_DIRECTIONAL_WRITE_EXHAUSTED_PRIMALITY_UNASSIGNED,514,512,512,NO_RECORDED_FACTOR_PRP_OR_LL_RESULT_AND_NO_ACTIVE_GIMPS_ASSIGNMENT,2026-08-09T09:12:31+00:00,UNALLOCATED,,,,,
SLCMP2607-4764,4764,4764,794238763,2^794238763-1,STRUCTURAL_SCREEN_EXHAUSTED_PRIMALITY_UNASSIGNED,GF3A_DIRECTIONAL_WRITE_EXHAUSTED_PRIMALITY_UNASSIGNED,514,512,512,NO_RECORDED_FACTOR_PRP_OR_LL_RESULT_AND_NO_ACTIVE_GIMPS_ASSIGNMENT,2026-08-09T09:12:31+00:00,UNALLOCATED,,,,,
SLCMP2607-4765,4765,4765,794238773,2^794238773-1,STRUCTURAL_SCREEN_EXHAUSTED_PRIMALITY_UNASSIGNED,GF3A_DIRECTIONAL_WRITE_EXHAUSTED_PRIMALITY_UNASSIGNED,513,512,512,NO_RECORDED_FACTOR_PRP_OR_LL_RESULT_AND_NO_ACTIVE_GIMPS_ASSIGNMENT,2026-08-09T09:12:31+00:00,UNALLOCATED,,,,,
SLCMP2607-4766,4766,4766,794238833,2^794238833-1,STRUCTURAL_SCREEN_EXHAUSTED_PRIMALITY_UNASSIGNED,GF3A_DIRECTIONAL_WRITE_EXHAUSTED_PRIMALITY_UNASSIGNED,513,512,512,NO_RECORDED_FACTOR_PRP_OR_LL_RESULT_AND_NO_ACTIVE_GIMPS_ASSIGNMENT,2026-08-09T09:12:31+00:00,UNALLOCATED,,,,,
SLCMP2607-4767,4767,4767,794238899,2^794238899-1,STRUCTURAL_SCREEN_EXHAUSTED_PRIMALITY_UNASSIGNED,GF3A_DIRECTIONAL_WRITE_EXHAUSTED_PRIMALITY_UNASSIGNED,514,512,512,NO_RECORDED_FACTOR_PRP_OR_LL_RESULT_AND_NO_ACTIVE_GIMPS_ASSIGNMENT,2026-08-09T09:12:31+00:00,UNALLOCATED,,,,,
SLCMP2607-4768,4768,4768,794238961,2^794238961-1,STRUCTURAL_SCREEN_EXHAUSTED_PRIMALITY_UNASSIGNED,GF3A_DIRECTIONAL_WRITE_EXHAUSTED_PRIMALITY_UNASSIGNED,513,512,512,NO_RECORDED_FACTOR_PRP_OR_LL_RESULT_AND_NO_ACTIVE_GIMPS_ASSIGNMENT,2026-08-09T09:12:31+00:00,UNALLOCATED,,,,,
SLCMP2607-4769,4769,4769,794239027,2^794239027-1,STRUCTURAL_SCREEN_EXHAUSTED_PRIMALITY_UNASSIGNED,GF3A_DIRECTIONAL_WRITE_EXHAUSTED_PRIMALITY_UNASSIGNED,514,512,512,NO_RECORDED_FACTOR_PRP_OR_LL_RESULT_AND_NO_ACTIVE_GIMPS_ASSIGNMENT,2026-08-09T09:12:31+00:00,UNALLOCATED,,,,,
SLCMP2607-4770,4770,4770,794239091,2^794239091-1,STRUCTURAL_SCREEN_EXHAUSTED_PRIMALITY_UNASSIGNED,GF3A_DIRECTIONAL_WRITE_EXHAUSTED_PRIMALITY_UNASSIGNED,514,512,512,NO_RECORDED_FACTOR_PRP_OR_LL_RESULT_AND_NO_ACTIVE_GIMPS_ASSIGNMENT,2026-08-09T09:12:31+00:00,UNALLOCATED,,,,,
SLCMP2607-4771,4771,4771,794239139,2^794239139-1,STRUCTURAL_SCREEN_EXHAUSTED_PRIMALITY_UNASSIGNED,GF3A_DIRECTIONAL_WRITE_EXHAUSTED_PRIMALITY_UNASSIGNED,514,512,512,NO_RECORDED_FACTOR_PRP_OR_LL_RESULT_AND_NO_ACTIVE_GIMPS_ASSIGNMENT,2026-08-09T09:12:31+00:00,UNALLOCATED,,,,,
SLCMP2607-4772,4772,4772,794239207,2^794239207-1,STRUCTURAL_SCREEN_EXHAUSTED_PRIMALITY_UNASSIGNED,GF3A_DIRECTIONAL_WRITE_EXHAUSTED_PRIMALITY_UNASSIGNED,514,512,512,NO_RECORDED_FACTOR_PRP_OR_LL_RESULT_AND_NO_ACTIVE_GIMPS_ASSIGNMENT,2026-08-09T09:12:31+00:00,UNALLOCATED,,,,,
SLCMP2607-4773,4773,4773,794239357,2^794239357-1,STRUCTURAL_SCREEN_EXHAUSTED_PRIMALITY_UNASSIGNED,GF3A_DIRECTIONAL_WRITE_EXHAUSTED_PRIMALITY_UNASSIGNED,513,512,512,NO_RECORDED_FACTOR_PRP_OR_LL_RESULT_AND_NO_ACTIVE_GIMPS_ASSIGNMENT,2026-08-09T09:12:31+00:00,UNALLOCATED,,,,,
SLCMP2607-4774,4774,4774,794239409,2^794239409-1,STRUCTURAL_SCREEN_EXHAUSTED_PRIMALITY_UNASSIGNED,GF3A_DIRECTIONAL_WRITE_EXHAUSTED_PRIMALITY_UNASSIGNED,513,512,512,NO_RECORDED_FACTOR_PRP_OR_LL_RESULT_AND_NO_ACTIVE_GIMPS_ASSIGNMENT,2026-08-09T09:12:31+00:00,UNALLOCATED,,,,,
SLCMP2607-4775,4775,4775,794239421,2^794239421-1,STRUCTURAL_SCREEN_EXHAUSTED_PRIMALITY_UNASSIGNED,GF3A_DIRECTIONAL_WRITE_EXHAUSTED_PRIMALITY_UNASSIGNED,513,512,512,NO_RECORDED_FACTOR_PRP_OR_LL_RESULT_AND_NO_ACTIVE_GIMPS_ASSIGNMENT,2026-08-09T09:12:31+00:00,UNALLOCATED,,,,,
SLCMP2607-4776,4776,4776,794239429,2^794239429-1,STRUCTURAL_SCREEN_EXHAUSTED_PRIMALITY_UNASSIGNED,GF3A_DIRECTIONAL_WRITE_EXHAUSTED_PRIMALITY_UNASSIGNED,513,512,512,NO_RECORDED_FACTOR_PRP_OR_LL_RESULT_AND_NO_ACTIVE_GIMPS_ASSIGNMENT,2026-08-09T09:12:31+00:00,UNALLOCATED,,,,,
SLCMP2607-4777,4777,4777,794239451,2^794239451-1,STRUCTURAL_SCREEN_EXHAUSTED_PRIMALITY_UNASSIGNED,GF3A_DIRECTIONAL_WRITE_EXHAUSTED_PRIMALITY_UNASSIGNED,514,512,512,NO_RECORDED_FACTOR_PRP_OR_LL_RESULT_AND_NO_ACTIVE_GIMPS_ASSIGNMENT,2026-08-09T09:12:31+00:00,UNALLOCATED,,,,,
SLCMP2607-4778,4778,4778,794239517,2^794239517-1,STRUCTURAL_SCREEN_EXHAUSTED_PRIMALITY_UNASSIGNED,GF3A_DIRECTIONAL_WRITE_EXHAUSTED_PRIMALITY_UNASSIGNED,513,512,512,NO_RECORDED_FACTOR_PRP_OR_LL_RESULT_AND_NO_ACTIVE_GIMPS_ASSIGNMENT,2026-08-09T09:12:31+00:00,UNALLOCATED,,,,,
SLCMP2607-4779,4779,4779,794239543,2^794239543-1,STRUCTURAL_SCREEN_EXHAUSTED_PRIMALITY_UNASSIGNED,GF3A_DIRECTIONAL_WRITE_EXHAUSTED_PRIMALITY_UNASSIGNED,514,512,512,NO_RECORDED_FACTOR_PRP_OR_LL_RESULT_AND_NO_ACTIVE_GIMPS_ASSIGNMENT,2026-08-09T09:12:31+00:00,UNALLOCATED,,,,,
SLCMP2607-4780,4780,4780,794239549,2^794239549-1,STRUCTURAL_SCREEN_EXHAUSTED_PRIMALITY_UNASSIGNED,GF3A_DIRECTIONAL_WRITE_EXHAUSTED_PRIMALITY_UNASSIGNED,513,512,512,NO_RECORDED_FACTOR_PRP_OR_LL_RESULT_AND_NO_ACTIVE_GIMPS_ASSIGNMENT,2026-08-09T09:12:31+00:00,UNALLOCATED,,,,,
SLCMP2607-4781,4781,4781,794239573,2^794239573-1,STRUCTURAL_SCREEN_EXHAUSTED_PRIMALITY_UNASSIGNED,GF3A_DIRECTIONAL_WRITE_EXHAUSTED_PRIMALITY_UNASSIGNED,513,512,512,NO_RECORDED_FACTOR_PRP_OR_LL_RESULT_AND_NO_ACTIVE_GIMPS_ASSIGNMENT,2026-08-09T09:12:31+00:00,UNALLOCATED,,,,,
SLCMP2607-4782,4782,4782,794239639,2^794239639-1,STRUCTURAL_SCREEN_EXHAUSTED_PRIMALITY_UNASSIGNED,GF3A_DIRECTIONAL_WRITE_EXHAUSTED_PRIMALITY_UNASSIGNED,514,512,512,NO_RECORDED_FACTOR_PRP_OR_LL_RESULT_AND_NO_ACTIVE_GIMPS_ASSIGNMENT,2026-08-09T09:12:31+00:00,UNALLOCATED,,,,,
SLCMP2607-4783,4783,4783,794239687,2^794239687-1,STRUCTURAL_SCREEN_EXHAUSTED_PRIMALITY_UNASSIGNED,GF3A_DIRECTIONAL_WRITE_EXHAUSTED_PRIMALITY_UNASSIGNED,514,512,512,NO_RECORDED_FACTOR_PRP_OR_LL_RESULT_AND_NO_ACTIVE_GIMPS_ASSIGNMENT,2026-08-09T09:12:31+00:00,UNALLOCATED,,,,,
SLCMP2607-4784,4784,4784,794239751,2^794239751-1,STRUCTURAL_SCREEN_EXHAUSTED_PRIMALITY_UNASSIGNED,GF3A_DIRECTIONAL_WRITE_EXHAUSTED_PRIMALITY_UNASSIGNED,514,512,512,NO_RECORDED_FACTOR_PRP_OR_LL_RESULT_AND_NO_ACTIVE_GIMPS_ASSIGNMENT,2026-08-09T09:12:31+00:00,UNALLOCATED,,,,,
SLCMP2607-4785,4785,4785,794239811,2^794239811-1,STRUCTURAL_SCREEN_EXHAUSTED_PRIMALITY_UNASSIGNED,GF3A_DIRECTIONAL_WRITE_EXHAUSTED_PRIMALITY_UNASSIGNED,514,512,512,NO_RECORDED_FACTOR_PRP_OR_LL_RESULT_AND_NO_ACTIVE_GIMPS_ASSIGNMENT,2026-08-09T09:12:31+00:00,UNALLOCATED,,,,,
SLCMP2607-4786,4786,4786,794239819,2^794239819-1,STRUCTURAL_SCREEN_EXHAUSTED_PRIMALITY_UNASSIGNED,GF3A_DIRECTIONAL_WRITE_EXHAUSTED_PRIMALITY_UNASSIGNED,514,512,512,NO_RECORDED_FACTOR_PRP_OR_LL_RESULT_AND_NO_ACTIVE_GIMPS_ASSIGNMENT,2026-08-09T09:12:31+00:00,UNALLOCATED,,,,,
SLCMP2607-4787,4787,4787,794239879,2^794239879-1,STRUCTURAL_SCREEN_EXHAUSTED_PRIMALITY_UNASSIGNED,GF3A_DIRECTIONAL_WRITE_EXHAUSTED_PRIMALITY_UNASSIGNED,514,512,512,NO_RECORDED_FACTOR_PRP_OR_LL_RESULT_AND_NO_ACTIVE_GIMPS_ASSIGNMENT,2026-08-09T09:12:31+00:00,UNALLOCATED,,,,,
SLCMP2607-4788,4788,4788,794239883,2^794239883-1,STRUCTURAL_SCREEN_EXHAUSTED_PRIMALITY_UNASSIGNED,GF3A_DIRECTIONAL_WRITE_EXHAUSTED_PRIMALITY_UNASSIGNED,514,512,512,NO_RECORDED_FACTOR_PRP_OR_LL_RESULT_AND_NO_ACTIVE_GIMPS_ASSIGNMENT,2026-08-09T09:12:31+00:00,UNALLOCATED,,,,,
SLCMP2607-4789,4789,4789,794240099,2^794240099-1,STRUCTURAL_SCREEN_EXHAUSTED_PRIMALITY_UNASSIGNED,GF3A_DIRECTIONAL_WRITE_EXHAUSTED_PRIMALITY_UNASSIGNED,514,512,512,NO_RECORDED_FACTOR_PRP_OR_LL_RESULT_AND_NO_ACTIVE_GIMPS_ASSIGNMENT,2026-08-09T09:12:31+00:00,UNALLOCATED,,,,,
SLCMP2607-4790,4790,4790,794240149,2^794240149-1,STRUCTURAL_SCREEN_EXHAUSTED_PRIMALITY_UNASSIGNED,GF3A_DIRECTIONAL_WRITE_EXHAUSTED_PRIMALITY_UNASSIGNED,513,512,512,NO_RECORDED_FACTOR_PRP_OR_LL_RESULT_AND_NO_ACTIVE_GIMPS_ASSIGNMENT,2026-08-09T09:12:31+00:00,UNALLOCATED,,,,,
SLCMP2607-4791,4791,4791,794240203,2^794240203-1,STRUCTURAL_SCREEN_EXHAUSTED_PRIMALITY_UNASSIGNED,GF3A_DIRECTIONAL_WRITE_EXHAUSTED_PRIMALITY_UNASSIGNED,514,512,512,NO_RECORDED_FACTOR_PRP_OR_LL_RESULT_AND_NO_ACTIVE_GIMPS_ASSIGNMENT,2026-08-09T09:12:31+00:00,UNALLOCATED,,,,,
SLCMP2607-4792,4792,4792,794240231,2^794240231-1,STRUCTURAL_SCREEN_EXHAUSTED_PRIMALITY_UNASSIGNED,GF3A_DIRECTIONAL_WRITE_EXHAUSTED_PRIMALITY_UNASSIGNED,514,512,512,NO_RECORDED_FACTOR_PRP_OR_LL_RESULT_AND_NO_ACTIVE_GIMPS_ASSIGNMENT,2026-08-09T09:12:31+00:00,UNALLOCATED,,,,,
SLCMP2607-4793,4793,4793,794240257,2^794240257-1,STRUCTURAL_SCREEN_EXHAUSTED_PRIMALITY_UNASSIGNED,GF3A_DIRECTIONAL_WRITE_EXHAUSTED_PRIMALITY_UNASSIGNED,513,512,512,NO_RECORDED_FACTOR_PRP_OR_LL_RESULT_AND_NO_ACTIVE_GIMPS_ASSIGNMENT,2026-08-09T09:12:31+00:00,UNALLOCATED,,,,,
SLCMP2607-4794,4794,4794,794240353,2^794240353-1,STRUCTURAL_SCREEN_EXHAUSTED_PRIMALITY_UNASSIGNED,GF3A_DIRECTIONAL_WRITE_EXHAUSTED_PRIMALITY_UNASSIGNED,513,512,512,NO_RECORDED_FACTOR_PRP_OR_LL_RESULT_AND_NO_ACTIVE_GIMPS_ASSIGNMENT,2026-08-09T09:12:31+00:00,UNALLOCATED,,,,,
SLCMP2607-4795,4795,4795,794240387,2^794240387-1,STRUCTURAL_SCREEN_EXHAUSTED_PRIMALITY_UNASSIGNED,GF3A_DIRECTIONAL_WRITE_EXHAUSTED_PRIMALITY_UNASSIGNED,514,512,512,NO_RECORDED_FACTOR_PRP_OR_LL_RESULT_AND_NO_ACTIVE_GIMPS_ASSIGNMENT,2026-08-09T09:12:31+00:00,UNALLOCATED,,,,,
SLCMP2607-4796,4796,4796,794240389,2^794240389-1,STRUCTURAL_SCREEN_EXHAUSTED_PRIMALITY_UNASSIGNED,GF3A_DIRECTIONAL_WRITE_EXHAUSTED_PRIMALITY_UNASSIGNED,513,512,512,NO_RECORDED_FACTOR_PRP_OR_LL_RESULT_AND_NO_ACTIVE_GIMPS_ASSIGNMENT,2026-08-09T09:12:31+00:00,UNALLOCATED,,,,,
SLCMP2607-4797,4797,4797,794240407,2^794240407-1,STRUCTURAL_SCREEN_EXHAUSTED_PRIMALITY_UNASSIGNED,GF3A_DIRECTIONAL_WRITE_EXHAUSTED_PRIMALITY_UNASSIGNED,514,512,512,NO_RECORDED_FACTOR_PRP_OR_LL_RESULT_AND_NO_ACTIVE_GIMPS_ASSIGNMENT,2026-08-09T09:12:31+00:00,UNALLOCATED,,,,,
SLCMP2607-4798,4798,4798,794240417,2^794240417-1,STRUCTURAL_SCREEN_EXHAUSTED_PRIMALITY_UNASSIGNED,GF3A_DIRECTIONAL_WRITE_EXHAUSTED_PRIMALITY_UNASSIGNED,513,512,512,NO_RECORDED_FACTOR_PRP_OR_LL_RESULT_AND_NO_ACTIVE_GIMPS_ASSIGNMENT,2026-08-09T09:12:31+00:00,UNALLOCATED,,,,,
SLCMP2607-4799,4799,4799,794240507,2^794240507-1,STRUCTURAL_SCREEN_EXHAUSTED_PRIMALITY_UNASSIGNED,GF3A_DIRECTIONAL_WRITE_EXHAUSTED_PRIMALITY_UNASSIGNED,514,512,512,NO_RECORDED_FACTOR_PRP_OR_LL_RESULT_AND_NO_ACTIVE_GIMPS_ASSIGNMENT,2026-08-09T09:12:31+00:00,UNALLOCATED,,,,,
SLCMP2607-4800,4800,4800,794240509,2^794240509-1,STRUCTURAL_SCREEN_EXHAUSTED_PRIMALITY_UNASSIGNED,GF3A_DIRECTIONAL_WRITE_EXHAUSTED_PRIMALITY_UNASSIGNED,513,512,512,NO_RECORDED_FACTOR_PRP_OR_LL_RESULT_AND_NO_ACTIVE_GIMPS_ASSIGNMENT,2026-08-09T09:12:31+00:00,UNALLOCATED,,,,,
SLCMP2607-4801,4801,4801,794240537,2^794240537-1,STRUCTURAL_SCREEN_EXHAUSTED_PRIMALITY_UNASSIGNED,GF3A_DIRECTIONAL_WRITE_EXHAUSTED_PRIMALITY_UNASSIGNED,513,512,512,NO_RECORDED_FACTOR_PRP_OR_LL_RESULT_AND_NO_ACTIVE_GIMPS_ASSIGNMENT,2026-08-09T09:12:31+00:00,UNALLOCATED,,,,,
SLCMP2607-4802,4802,4802,794240609,2^794240609-1,STRUCTURAL_SCREEN_EXHAUSTED_PRIMALITY_UNASSIGNED,GF3A_DIRECTIONAL_WRITE_EXHAUSTED_PRIMALITY_UNASSIGNED,513,512,512,NO_RECORDED_FACTOR_PRP_OR_LL_RESULT_AND_NO_ACTIVE_GIMPS_ASSIGNMENT,2026-08-09T09:12:31+00:00,UNALLOCATED,,,,,
SLCMP2607-4803,4803,4803,794240611,2^794240611-1,STRUCTURAL_SCREEN_EXHAUSTED_PRIMALITY_UNASSIGNED,GF3A_DIRECTIONAL_WRITE_EXHAUSTED_PRIMALITY_UNASSIGNED,514,512,512,NO_RECORDED_FACTOR_PRP_OR_LL_RESULT_AND_NO_ACTIVE_GIMPS_ASSIGNMENT,2026-08-09T09:12:31+00:00,UNALLOCATED,,,,,
SLCMP2607-4804,4804,4804,794240633,2^794240633-1,STRUCTURAL_SCREEN_EXHAUSTED_PRIMALITY_UNASSIGNED,GF3A_DIRECTIONAL_WRITE_EXHAUSTED_PRIMALITY_UNASSIGNED,513,512,512,NO_RECORDED_FACTOR_PRP_OR_LL_RESULT_AND_NO_ACTIVE_GIMPS_ASSIGNMENT,2026-08-09T09:12:31+00:00,UNALLOCATED,,,,,
SLCMP2607-4805,4805,4805,794240771,2^794240771-1,STRUCTURAL_SCREEN_EXHAUSTED_PRIMALITY_UNASSIGNED,GF3A_DIRECTIONAL_WRITE_EXHAUSTED_PRIMALITY_UNASSIGNED,514,512,512,NO_RECORDED_FACTOR_PRP_OR_LL_RESULT_AND_NO_ACTIVE_GIMPS_ASSIGNMENT,2026-08-09T09:12:31+00:00,UNALLOCATED,,,,,
SLCMP2607-4806,4806,4806,794240773,2^794240773-1,STRUCTURAL_SCREEN_EXHAUSTED_PRIMALITY_UNASSIGNED,GF3A_DIRECTIONAL_WRITE_EXHAUSTED_PRIMALITY_UNASSIGNED,513,512,512,NO_RECORDED_FACTOR_PRP_OR_LL_RESULT_AND_NO_ACTIVE_GIMPS_ASSIGNMENT,2026-08-09T09:12:31+00:00,UNALLOCATED,,,,,
SLCMP2607-4807,4807,4807,794240813,2^794240813-1,STRUCTURAL_SCREEN_EXHAUSTED_PRIMALITY_UNASSIGNED,GF3A_DIRECTIONAL_WRITE_EXHAUSTED_PRIMALITY_UNASSIGNED,513,512,512,NO_RECORDED_FACTOR_PRP_OR_LL_RESULT_AND_NO_ACTIVE_GIMPS_ASSIGNMENT,2026-08-09T09:12:31+00:00,UNALLOCATED,,,,,
SLCMP2607-4808,4808,4808,794240879,2^794240879-1,STRUCTURAL_SCREEN_EXHAUSTED_PRIMALITY_UNASSIGNED,GF3A_DIRECTIONAL_WRITE_EXHAUSTED_PRIMALITY_UNASSIGNED,514,512,512,NO_RECORDED_FACTOR_PRP_OR_LL_RESULT_AND_NO_ACTIVE_GIMPS_ASSIGNMENT,2026-08-09T09:12:31+00:00,UNALLOCATED,,,,,
SLCMP2607-4809,4809,4809,794240959,2^794240959-1,STRUCTURAL_SCREEN_EXHAUSTED_PRIMALITY_UNASSIGNED,GF3A_DIRECTIONAL_WRITE_EXHAUSTED_PRIMALITY_UNASSIGNED,514,512,512,NO_RECORDED_FACTOR_PRP_OR_LL_RESULT_AND_NO_ACTIVE_GIMPS_ASSIGNMENT,2026-08-09T09:12:31+00:00,UNALLOCATED,,,,,
SLCMP2607-4810,4810,4810,794240999,2^794240999-1,STRUCTURAL_SCREEN_EXHAUSTED_PRIMALITY_UNASSIGNED,GF3A_DIRECTIONAL_WRITE_EXHAUSTED_PRIMALITY_UNASSIGNED,514,512,512,NO_RECORDED_FACTOR_PRP_OR_LL_RESULT_AND_NO_ACTIVE_GIMPS_ASSIGNMENT,2026-08-09T09:12:31+00:00,UNALLOCATED,,,,,
SLCMP2607-4811,4811,4811,794241017,2^794241017-1,STRUCTURAL_SCREEN_EXHAUSTED_PRIMALITY_UNASSIGNED,GF3A_DIRECTIONAL_WRITE_EXHAUSTED_PRIMALITY_UNASSIGNED,513,512,512,NO_RECORDED_FACTOR_PRP_OR_LL_RESULT_AND_NO_ACTIVE_GIMPS_ASSIGNMENT,2026-08-09T09:12:31+00:00,UNALLOCATED,,,,,
SLCMP2607-4812,4812,4812,794241023,2^794241023-1,STRUCTURAL_SCREEN_EXHAUSTED_PRIMALITY_UNASSIGNED,GF3A_DIRECTIONAL_WRITE_EXHAUSTED_PRIMALITY_UNASSIGNED,514,512,512,NO_RECORDED_FACTOR_PRP_OR_LL_RESULT_AND_NO_ACTIVE_GIMPS_ASSIGNMENT,2026-08-09T09:12:31+00:00,UNALLOCATED,,,,,
SLCMP2607-4813,4813,4813,794241131,2^794241131-1,STRUCTURAL_SCREEN_EXHAUSTED_PRIMALITY_UNASSIGNED,GF3A_DIRECTIONAL_WRITE_EXHAUSTED_PRIMALITY_UNASSIGNED,514,512,512,NO_RECORDED_FACTOR_PRP_OR_LL_RESULT_AND_NO_ACTIVE_GIMPS_ASSIGNMENT,2026-08-09T09:12:31+00:00,UNALLOCATED,,,,,
SLCMP2607-4814,4814,4814,794241191,2^794241191-1,STRUCTURAL_SCREEN_EXHAUSTED_PRIMALITY_UNASSIGNED,GF3A_DIRECTIONAL_WRITE_EXHAUSTED_PRIMALITY_UNASSIGNED,514,512,512,NO_RECORDED_FACTOR_PRP_OR_LL_RESULT_AND_NO_ACTIVE_GIMPS_ASSIGNMENT,2026-08-09T09:12:31+00:00,UNALLOCATED,,,,,
SLCMP2607-4815,4815,4815,794241233,2^794241233-1,STRUCTURAL_SCREEN_EXHAUSTED_PRIMALITY_UNASSIGNED,GF3A_DIRECTIONAL_WRITE_EXHAUSTED_PRIMALITY_UNASSIGNED,513,512,512,NO_RECORDED_FACTOR_PRP_OR_LL_RESULT_AND_NO_ACTIVE_GIMPS_ASSIGNMENT,2026-08-09T09:12:31+00:00,UNALLOCATED,,,,,
SLCMP2607-4816,4816,4816,794241247,2^794241247-1,STRUCTURAL_SCREEN_EXHAUSTED_PRIMALITY_UNASSIGNED,GF3A_DIRECTIONAL_WRITE_EXHAUSTED_PRIMALITY_UNASSIGNED,514,512,512,NO_RECORDED_FACTOR_PRP_OR_LL_RESULT_AND_NO_ACTIVE_GIMPS_ASSIGNMENT,2026-08-09T09:12:31+00:00,UNALLOCATED,,,,,
SLCMP2607-4817,4817,4817,794241379,2^794241379-1,STRUCTURAL_SCREEN_EXHAUSTED_PRIMALITY_UNASSIGNED,GF3A_DIRECTIONAL_WRITE_EXHAUSTED_PRIMALITY_UNASSIGNED,514,512,512,NO_RECORDED_FACTOR_PRP_OR_LL_RESULT_AND_NO_ACTIVE_GIMPS_ASSIGNMENT,2026-08-09T09:12:31+00:00,UNALLOCATED,,,,,
SLCMP2607-4818,4818,4818,794241389,2^794241389-1,STRUCTURAL_SCREEN_EXHAUSTED_PRIMALITY_UNASSIGNED,GF3A_DIRECTIONAL_WRITE_EXHAUSTED_PRIMALITY_UNASSIGNED,513,512,512,NO_RECORDED_FACTOR_PRP_OR_LL_RESULT_AND_NO_ACTIVE_GIMPS_ASSIGNMENT,2026-08-09T09:12:31+00:00,UNALLOCATED,,,,,
SLCMP2607-4819,4819,4819,794241397,2^794241397-1,STRUCTURAL_SCREEN_EXHAUSTED_PRIMALITY_UNASSIGNED,GF3A_DIRECTIONAL_WRITE_EXHAUSTED_PRIMALITY_UNASSIGNED,513,512,512,NO_RECORDED_FACTOR_PRP_OR_LL_RESULT_AND_NO_ACTIVE_GIMPS_ASSIGNMENT,2026-08-09T09:12:31+00:00,UNALLOCATED,,,,,
SLCMP2607-4820,4820,4820,794241457,2^794241457-1,STRUCTURAL_SCREEN_EXHAUSTED_PRIMALITY_UNASSIGNED,GF3A_DIRECTIONAL_WRITE_EXHAUSTED_PRIMALITY_UNASSIGNED,513,512,512,NO_RECORDED_FACTOR_PRP_OR_LL_RESULT_AND_NO_ACTIVE_GIMPS_ASSIGNMENT,2026-08-09T09:12:31+00:00,UNALLOCATED,,,,,
SLCMP2607-4821,4821,4821,794241493,2^794241493-1,STRUCTURAL_SCREEN_EXHAUSTED_PRIMALITY_UNASSIGNED,GF3A_DIRECTIONAL_WRITE_EXHAUSTED_PRIMALITY_UNASSIGNED,513,512,512,NO_RECORDED_FACTOR_PRP_OR_LL_RESULT_AND_NO_ACTIVE_GIMPS_ASSIGNMENT,2026-08-09T09:12:31+00:00,UNALLOCATED,,,,,
SLCMP2607-4822,4822,4822,794241499,2^794241499-1,STRUCTURAL_SCREEN_EXHAUSTED_PRIMALITY_UNASSIGNED,GF3A_DIRECTIONAL_WRITE_EXHAUSTED_PRIMALITY_UNASSIGNED,514,512,512,NO_RECORDED_FACTOR_PRP_OR_LL_RESULT_AND_NO_ACTIVE_GIMPS_ASSIGNMENT,2026-08-09T09:12:31+00:00,UNALLOCATED,,,,,
SLCMP2607-4823,4823,4823,794241719,2^794241719-1,STRUCTURAL_SCREEN_EXHAUSTED_PRIMALITY_UNASSIGNED,GF3A_DIRECTIONAL_WRITE_EXHAUSTED_PRIMALITY_UNASSIGNED,514,512,512,NO_RECORDED_FACTOR_PRP_OR_LL_RESULT_AND_NO_ACTIVE_GIMPS_ASSIGNMENT,2026-08-09T09:12:31+00:00,UNALLOCATED,,,,,
SLCMP2607-4824,4824,4824,794241761,2^794241761-1,STRUCTURAL_SCREEN_EXHAUSTED_PRIMALITY_UNASSIGNED,GF3A_DIRECTIONAL_WRITE_EXHAUSTED_PRIMALITY_UNASSIGNED,513,512,512,NO_RECORDED_FACTOR_PRP_OR_LL_RESULT_AND_NO_ACTIVE_GIMPS_ASSIGNMENT,2026-08-09T09:12:31+00:00,UNALLOCATED,,,,,
SLCMP2607-4825,4825,4825,794241809,2^794241809-1,STRUCTURAL_SCREEN_EXHAUSTED_PRIMALITY_UNASSIGNED,GF3A_DIRECTIONAL_WRITE_EXHAUSTED_PRIMALITY_UNASSIGNED,513,512,512,NO_RECORDED_FACTOR_PRP_OR_LL_RESULT_AND_NO_ACTIVE_GIMPS_ASSIGNMENT,2026-08-09T09:12:31+00:00,UNALLOCATED,,,,,
SLCMP2607-4826,4826,4826,794241977,2^794241977-1,STRUCTURAL_SCREEN_EXHAUSTED_PRIMALITY_UNASSIGNED,GF3A_DIRECTIONAL_WRITE_EXHAUSTED_PRIMALITY_UNASSIGNED,513,512,512,NO_RECORDED_FACTOR_PRP_OR_LL_RESULT_AND_NO_ACTIVE_GIMPS_ASSIGNMENT,2026-08-09T09:12:31+00:00,UNALLOCATED,,,,,
SLCMP2607-4827,4827,4827,794241983,2^794241983-1,STRUCTURAL_SCREEN_EXHAUSTED_PRIMALITY_UNASSIGNED,GF3A_DIRECTIONAL_WRITE_EXHAUSTED_PRIMALITY_UNASSIGNED,514,512,512,NO_RECORDED_FACTOR_PRP_OR_LL_RESULT_AND_NO_ACTIVE_GIMPS_ASSIGNMENT,2026-08-09T09:12:31+00:00,UNALLOCATED,,,,,
SLCMP2607-4828,4828,4828,794242069,2^794242069-1,STRUCTURAL_SCREEN_EXHAUSTED_PRIMALITY_UNASSIGNED,GF3A_DIRECTIONAL_WRITE_EXHAUSTED_PRIMALITY_UNASSIGNED,513,512,512,NO_RECORDED_FACTOR_PRP_OR_LL_RESULT_AND_NO_ACTIVE_GIMPS_ASSIGNMENT,2026-08-09T09:12:31+00:00,UNALLOCATED,,,,,
SLCMP2607-4829,4829,4829,794242081,2^794242081-1,STRUCTURAL_SCREEN_EXHAUSTED_PRIMALITY_UNASSIGNED,GF3A_DIRECTIONAL_WRITE_EXHAUSTED_PRIMALITY_UNASSIGNED,513,512,512,NO_RECORDED_FACTOR_PRP_OR_LL_RESULT_AND_NO_ACTIVE_GIMPS_ASSIGNMENT,2026-08-09T09:12:31+00:00,UNALLOCATED,,,,,
SLCMP2607-4830,4830,4830,794242087,2^794242087-1,STRUCTURAL_SCREEN_EXHAUSTED_PRIMALITY_UNASSIGNED,GF3A_DIRECTIONAL_WRITE_EXHAUSTED_PRIMALITY_UNASSIGNED,514,512,512,NO_RECORDED_FACTOR_PRP_OR_LL_RESULT_AND_NO_ACTIVE_GIMPS_ASSIGNMENT,2026-08-09T09:12:31+00:00,UNALLOCATED,,,,,
SLCMP2607-4831,4831,4831,794242133,2^794242133-1,STRUCTURAL_SCREEN_EXHAUSTED_PRIMALITY_UNASSIGNED,GF3A_DIRECTIONAL_WRITE_EXHAUSTED_PRIMALITY_UNASSIGNED,513,512,512,NO_RECORDED_FACTOR_PRP_OR_LL_RESULT_AND_NO_ACTIVE_GIMPS_ASSIGNMENT,2026-08-09T09:12:31+00:00,UNALLOCATED,,,,,
SLCMP2607-4832,4832,4832,794242217,2^794242217-1,STRUCTURAL_SCREEN_EXHAUSTED_PRIMALITY_UNASSIGNED,GF3A_DIRECTIONAL_WRITE_EXHAUSTED_PRIMALITY_UNASSIGNED,513,512,512,NO_RECORDED_FACTOR_PRP_OR_LL_RESULT_AND_NO_ACTIVE_GIMPS_ASSIGNMENT,2026-08-09T09:12:31+00:00,UNALLOCATED,,,,,
SLCMP2607-4833,4833,4833,794242301,2^794242301-1,STRUCTURAL_SCREEN_EXHAUSTED_PRIMALITY_UNASSIGNED,GF3A_DIRECTIONAL_WRITE_EXHAUSTED_PRIMALITY_UNASSIGNED,513,512,512,NO_RECORDED_FACTOR_PRP_OR_LL_RESULT_AND_NO_ACTIVE_GIMPS_ASSIGNMENT,2026-08-09T09:12:31+00:00,UNALLOCATED,,,,,
SLCMP2607-4834,4834,4834,794242457,2^794242457-1,STRUCTURAL_SCREEN_EXHAUSTED_PRIMALITY_UNASSIGNED,GF3A_DIRECTIONAL_WRITE_EXHAUSTED_PRIMALITY_UNASSIGNED,513,512,512,NO_RECORDED_FACTOR_PRP_OR_LL_RESULT_AND_NO_ACTIVE_GIMPS_ASSIGNMENT,2026-08-09T09:12:31+00:00,UNALLOCATED,,,,,
SLCMP2607-4835,4835,4835,794242469,2^794242469-1,STRUCTURAL_SCREEN_EXHAUSTED_PRIMALITY_UNASSIGNED,GF3A_DIRECTIONAL_WRITE_EXHAUSTED_PRIMALITY_UNASSIGNED,513,512,512,NO_RECORDED_FACTOR_PRP_OR_LL_RESULT_AND_NO_ACTIVE_GIMPS_ASSIGNMENT,2026-08-09T09:12:31+00:00,UNALLOCATED,,,,,
SLCMP2607-4836,4836,4836,794242507,2^794242507-1,STRUCTURAL_SCREEN_EXHAUSTED_PRIMALITY_UNASSIGNED,GF3A_DIRECTIONAL_WRITE_EXHAUSTED_PRIMALITY_UNASSIGNED,514,512,512,NO_RECORDED_FACTOR_PRP_OR_LL_RESULT_AND_NO_ACTIVE_GIMPS_ASSIGNMENT,2026-08-09T09:12:31+00:00,UNALLOCATED,,,,,
SLCMP2607-4837,4837,4837,794242523,2^794242523-1,STRUCTURAL_SCREEN_EXHAUSTED_PRIMALITY_UNASSIGNED,GF3A_DIRECTIONAL_WRITE_EXHAUSTED_PRIMALITY_UNASSIGNED,514,512,512,NO_RECORDED_FACTOR_PRP_OR_LL_RESULT_AND_NO_ACTIVE_GIMPS_ASSIGNMENT,2026-08-09T09:12:31+00:00,UNALLOCATED,,,,,
SLCMP2607-4838,4838,4838,794242543,2^794242543-1,STRUCTURAL_SCREEN_EXHAUSTED_PRIMALITY_UNASSIGNED,GF3A_DIRECTIONAL_WRITE_EXHAUSTED_PRIMALITY_UNASSIGNED,514,512,512,NO_RECORDED_FACTOR_PRP_OR_LL_RESULT_AND_NO_ACTIVE_GIMPS_ASSIGNMENT,2026-08-09T09:12:31+00:00,UNALLOCATED,,,,,
SLCMP2607-4839,4839,4839,794242583,2^794242583-1,STRUCTURAL_SCREEN_EXHAUSTED_PRIMALITY_UNASSIGNED,GF3A_DIRECTIONAL_WRITE_EXHAUSTED_PRIMALITY_UNASSIGNED,514,512,512,NO_RECORDED_FACTOR_PRP_OR_LL_RESULT_AND_NO_ACTIVE_GIMPS_ASSIGNMENT,2026-08-09T09:12:31+00:00,UNALLOCATED,,,,,
SLCMP2607-4840,4840,4840,794242639,2^794242639-1,STRUCTURAL_SCREEN_EXHAUSTED_PRIMALITY_UNASSIGNED,GF3A_DIRECTIONAL_WRITE_EXHAUSTED_PRIMALITY_UNASSIGNED,514,512,512,NO_RECORDED_FACTOR_PRP_OR_LL_RESULT_AND_NO_ACTIVE_GIMPS_ASSIGNMENT,2026-08-09T09:12:31+00:00,UNALLOCATED,,,,,
SLCMP2607-4841,4841,4841,794242663,2^794242663-1,STRUCTURAL_SCREEN_EXHAUSTED_PRIMALITY_UNASSIGNED,GF3A_DIRECTIONAL_WRITE_EXHAUSTED_PRIMALITY_UNASSIGNED,514,512,512,NO_RECORDED_FACTOR_PRP_OR_LL_RESULT_AND_NO_ACTIVE_GIMPS_ASSIGNMENT,2026-08-09T09:12:31+00:00,UNALLOCATED,,,,,
SLCMP2607-4842,4842,4842,794242811,2^794242811-1,STRUCTURAL_SCREEN_EXHAUSTED_PRIMALITY_UNASSIGNED,GF3A_DIRECTIONAL_WRITE_EXHAUSTED_PRIMALITY_UNASSIGNED,514,512,512,NO_RECORDED_FACTOR_PRP_OR_LL_RESULT_AND_NO_ACTIVE_GIMPS_ASSIGNMENT,2026-08-09T09:12:31+00:00,UNALLOCATED,,,,,
SLCMP2607-4843,4843,4843,794242961,2^794242961-1,STRUCTURAL_SCREEN_EXHAUSTED_PRIMALITY_UNASSIGNED,GF3A_DIRECTIONAL_WRITE_EXHAUSTED_PRIMALITY_UNASSIGNED,513,512,512,NO_RECORDED_FACTOR_PRP_OR_LL_RESULT_AND_NO_ACTIVE_GIMPS_ASSIGNMENT,2026-08-09T09:12:31+00:00,UNALLOCATED,,,,,
SLCMP2607-4844,4844,4844,794243017,2^794243017-1,STRUCTURAL_SCREEN_EXHAUSTED_PRIMALITY_UNASSIGNED,GF3A_DIRECTIONAL_WRITE_EXHAUSTED_PRIMALITY_UNASSIGNED,513,512,512,NO_RECORDED_FACTOR_PRP_OR_LL_RESULT_AND_NO_ACTIVE_GIMPS_ASSIGNMENT,2026-08-09T09:12:31+00:00,UNALLOCATED,,,,,
SLCMP2607-4845,4845,4845,794243069,2^794243069-1,STRUCTURAL_SCREEN_EXHAUSTED_PRIMALITY_UNASSIGNED,GF3A_DIRECTIONAL_WRITE_EXHAUSTED_PRIMALITY_UNASSIGNED,513,512,512,NO_RECORDED_FACTOR_PRP_OR_LL_RESULT_AND_NO_ACTIVE_GIMPS_ASSIGNMENT,2026-08-09T09:12:31+00:00,UNALLOCATED,,,,,
SLCMP2607-4846,4846,4846,794243117,2^794243117-1,STRUCTURAL_SCREEN_EXHAUSTED_PRIMALITY_UNASSIGNED,GF3A_DIRECTIONAL_WRITE_EXHAUSTED_PRIMALITY_UNASSIGNED,513,512,512,NO_RECORDED_FACTOR_PRP_OR_LL_RESULT_AND_NO_ACTIVE_GIMPS_ASSIGNMENT,2026-08-09T09:12:31+00:00,UNALLOCATED,,,,,
SLCMP2607-4847,4847,4847,794243129,2^794243129-1,STRUCTURAL_SCREEN_EXHAUSTED_PRIMALITY_UNASSIGNED,GF3A_DIRECTIONAL_WRITE_EXHAUSTED_PRIMALITY_UNASSIGNED,513,512,512,NO_RECORDED_FACTOR_PRP_OR_LL_RESULT_AND_NO_ACTIVE_GIMPS_ASSIGNMENT,2026-08-09T09:12:31+00:00,UNALLOCATED,,,,,
SLCMP2607-4848,4848,4848,794243161,2^794243161-1,STRUCTURAL_SCREEN_EXHAUSTED_PRIMALITY_UNASSIGNED,GF3A_DIRECTIONAL_WRITE_EXHAUSTED_PRIMALITY_UNASSIGNED,513,512,512,NO_RECORDED_FACTOR_PRP_OR_LL_RESULT_AND_NO_ACTIVE_GIMPS_ASSIGNMENT,2026-08-09T09:12:31+00:00,UNALLOCATED,,,,,
SLCMP2607-4849,4849,4849,794243189,2^794243189-1,STRUCTURAL_SCREEN_EXHAUSTED_PRIMALITY_UNASSIGNED,GF3A_DIRECTIONAL_WRITE_EXHAUSTED_PRIMALITY_UNASSIGNED,513,512,512,NO_RECORDED_FACTOR_PRP_OR_LL_RESULT_AND_NO_ACTIVE_GIMPS_ASSIGNMENT,2026-08-09T09:12:31+00:00,UNALLOCATED,,,,,
SLCMP2607-4850,4850,4850,794243257,2^794243257-1,STRUCTURAL_SCREEN_EXHAUSTED_PRIMALITY_UNASSIGNED,GF3A_DIRECTIONAL_WRITE_EXHAUSTED_PRIMALITY_UNASSIGNED,513,512,512,NO_RECORDED_FACTOR_PRP_OR_LL_RESULT_AND_NO_ACTIVE_GIMPS_ASSIGNMENT,2026-08-09T09:12:31+00:00,UNALLOCATED,,,,,
SLCMP2607-4851,4851,4851,794243279,2^794243279-1,STRUCTURAL_SCREEN_EXHAUSTED_PRIMALITY_UNASSIGNED,GF3A_DIRECTIONAL_WRITE_EXHAUSTED_PRIMALITY_UNASSIGNED,514,512,512,NO_RECORDED_FACTOR_PRP_OR_LL_RESULT_AND_NO_ACTIVE_GIMPS_ASSIGNMENT,2026-08-09T09:12:31+00:00,UNALLOCATED,,,,,
SLCMP2607-4852,4852,4852,794243353,2^794243353-1,STRUCTURAL_SCREEN_EXHAUSTED_PRIMALITY_UNASSIGNED,GF3A_DIRECTIONAL_WRITE_EXHAUSTED_PRIMALITY_UNASSIGNED,513,512,512,NO_RECORDED_FACTOR_PRP_OR_LL_RESULT_AND_NO_ACTIVE_GIMPS_ASSIGNMENT,2026-08-09T09:12:31+00:00,UNALLOCATED,,,,,
SLCMP2607-4853,4853,4853,794243371,2^794243371-1,STRUCTURAL_SCREEN_EXHAUSTED_PRIMALITY_UNASSIGNED,GF3A_DIRECTIONAL_WRITE_EXHAUSTED_PRIMALITY_UNASSIGNED,514,512,512,NO_RECORDED_FACTOR_PRP_OR_LL_RESULT_AND_NO_ACTIVE_GIMPS_ASSIGNMENT,2026-08-09T09:12:31+00:00,UNALLOCATED,,,,,
SLCMP2607-4854,4854,4854,794243419,2^794243419-1,STRUCTURAL_SCREEN_EXHAUSTED_PRIMALITY_UNASSIGNED,GF3A_DIRECTIONAL_WRITE_EXHAUSTED_PRIMALITY_UNASSIGNED,514,512,512,NO_RECORDED_FACTOR_PRP_OR_LL_RESULT_AND_NO_ACTIVE_GIMPS_ASSIGNMENT,2026-08-09T09:12:31+00:00,UNALLOCATED,,,,,
SLCMP2607-4855,4855,4855,794243543,2^794243543-1,STRUCTURAL_SCREEN_EXHAUSTED_PRIMALITY_UNASSIGNED,GF3A_DIRECTIONAL_WRITE_EXHAUSTED_PRIMALITY_UNASSIGNED,514,512,512,NO_RECORDED_FACTOR_PRP_OR_LL_RESULT_AND_NO_ACTIVE_GIMPS_ASSIGNMENT,2026-08-09T09:12:31+00:00,UNALLOCATED,,,,,
SLCMP2607-4856,4856,4856,794243599,2^794243599-1,STRUCTURAL_SCREEN_EXHAUSTED_PRIMALITY_UNASSIGNED,GF3A_DIRECTIONAL_WRITE_EXHAUSTED_PRIMALITY_UNASSIGNED,514,512,512,NO_RECORDED_FACTOR_PRP_OR_LL_RESULT_AND_NO_ACTIVE_GIMPS_ASSIGNMENT,2026-08-09T09:12:31+00:00,UNALLOCATED,,,,,
SLCMP2607-4857,4857,4857,794243641,2^794243641-1,STRUCTURAL_SCREEN_EXHAUSTED_PRIMALITY_UNASSIGNED,GF3A_DIRECTIONAL_WRITE_EXHAUSTED_PRIMALITY_UNASSIGNED,513,512,512,NO_RECORDED_FACTOR_PRP_OR_LL_RESULT_AND_NO_ACTIVE_GIMPS_ASSIGNMENT,2026-08-09T09:12:31+00:00,UNALLOCATED,,,,,
SLCMP2607-4858,4858,4858,794243687,2^794243687-1,STRUCTURAL_SCREEN_EXHAUSTED_PRIMALITY_UNASSIGNED,GF3A_DIRECTIONAL_WRITE_EXHAUSTED_PRIMALITY_UNASSIGNED,514,512,512,NO_RECORDED_FACTOR_PRP_OR_LL_RESULT_AND_NO_ACTIVE_GIMPS_ASSIGNMENT,2026-08-09T09:12:31+00:00,UNALLOCATED,,,,,
SLCMP2607-4859,4859,4859,794243861,2^794243861-1,STRUCTURAL_SCREEN_EXHAUSTED_PRIMALITY_UNASSIGNED,GF3A_DIRECTIONAL_WRITE_EXHAUSTED_PRIMALITY_UNASSIGNED,513,512,512,NO_RECORDED_FACTOR_PRP_OR_LL_RESULT_AND_NO_ACTIVE_GIMPS_ASSIGNMENT,2026-08-09T09:12:31+00:00,UNALLOCATED,,,,,
SLCMP2607-4860,4860,4860,794243911,2^794243911-1,STRUCTURAL_SCREEN_EXHAUSTED_PRIMALITY_UNASSIGNED,GF3A_DIRECTIONAL_WRITE_EXHAUSTED_PRIMALITY_UNASSIGNED,514,512,512,NO_RECORDED_FACTOR_PRP_OR_LL_RESULT_AND_NO_ACTIVE_GIMPS_ASSIGNMENT,2026-08-09T09:12:31+00:00,UNALLOCATED,,,,,
SLCMP2607-4861,4861,4861,794243977,2^794243977-1,STRUCTURAL_SCREEN_EXHAUSTED_PRIMALITY_UNASSIGNED,GF3A_DIRECTIONAL_WRITE_EXHAUSTED_PRIMALITY_UNASSIGNED,513,512,512,NO_RECORDED_FACTOR_PRP_OR_LL_RESULT_AND_NO_ACTIVE_GIMPS_ASSIGNMENT,2026-08-09T09:12:31+00:00,UNALLOCATED,,,,,
SLCMP2607-4862,4862,4862,794244001,2^794244001-1,STRUCTURAL_SCREEN_EXHAUSTED_PRIMALITY_UNASSIGNED,GF3A_DIRECTIONAL_WRITE_EXHAUSTED_PRIMALITY_UNASSIGNED,513,512,512,NO_RECORDED_FACTOR_PRP_OR_LL_RESULT_AND_NO_ACTIVE_GIMPS_ASSIGNMENT,2026-08-09T09:12:31+00:00,UNALLOCATED,,,,,
SLCMP2607-4863,4863,4863,794244043,2^794244043-1,STRUCTURAL_SCREEN_EXHAUSTED_PRIMALITY_UNASSIGNED,GF3A_DIRECTIONAL_WRITE_EXHAUSTED_PRIMALITY_UNASSIGNED,514,512,512,NO_RECORDED_FACTOR_PRP_OR_LL_RESULT_AND_NO_ACTIVE_GIMPS_ASSIGNMENT,2026-08-09T09:12:31+00:00,UNALLOCATED,,,,,
SLCMP2607-4864,4864,4864,794244071,2^794244071-1,STRUCTURAL_SCREEN_EXHAUSTED_PRIMALITY_UNASSIGNED,GF3A_DIRECTIONAL_WRITE_EXHAUSTED_PRIMALITY_UNASSIGNED,514,512,512,NO_RECORDED_FACTOR_PRP_OR_LL_RESULT_AND_NO_ACTIVE_GIMPS_ASSIGNMENT,2026-08-09T09:12:31+00:00,UNALLOCATED,,,,,
SLCMP2607-4865,4865,4865,794244107,2^794244107-1,STRUCTURAL_SCREEN_EXHAUSTED_PRIMALITY_UNASSIGNED,GF3A_DIRECTIONAL_WRITE_EXHAUSTED_PRIMALITY_UNASSIGNED,514,512,512,NO_RECORDED_FACTOR_PRP_OR_LL_RESULT_AND_NO_ACTIVE_GIMPS_ASSIGNMENT,2026-08-09T09:12:31+00:00,UNALLOCATED,,,,,
SLCMP2607-4866,4866,4866,794244173,2^794244173-1,STRUCTURAL_SCREEN_EXHAUSTED_PRIMALITY_UNASSIGNED,GF3A_DIRECTIONAL_WRITE_EXHAUSTED_PRIMALITY_UNASSIGNED,513,512,512,NO_RECORDED_FACTOR_PRP_OR_LL_RESULT_AND_NO_ACTIVE_GIMPS_ASSIGNMENT,2026-08-09T09:12:31+00:00,UNALLOCATED,,,,,
SLCMP2607-4867,4867,4867,794244263,2^794244263-1,STRUCTURAL_SCREEN_EXHAUSTED_PRIMALITY_UNASSIGNED,GF3A_DIRECTIONAL_WRITE_EXHAUSTED_PRIMALITY_UNASSIGNED,514,512,512,NO_RECORDED_FACTOR_PRP_OR_LL_RESULT_AND_NO_ACTIVE_GIMPS_ASSIGNMENT,2026-08-09T09:12:31+00:00,UNALLOCATED,,,,,
SLCMP2607-4868,4868,4868,794244287,2^794244287-1,STRUCTURAL_SCREEN_EXHAUSTED_PRIMALITY_UNASSIGNED,GF3A_DIRECTIONAL_WRITE_EXHAUSTED_PRIMALITY_UNASSIGNED,514,512,512,NO_RECORDED_FACTOR_PRP_OR_LL_RESULT_AND_NO_ACTIVE_GIMPS_ASSIGNMENT,2026-08-09T09:12:31+00:00,UNALLOCATED,,,,,
SLCMP2607-4869,4869,4869,794244313,2^794244313-1,STRUCTURAL_SCREEN_EXHAUSTED_PRIMALITY_UNASSIGNED,GF3A_DIRECTIONAL_WRITE_EXHAUSTED_PRIMALITY_UNASSIGNED,513,512,512,NO_RECORDED_FACTOR_PRP_OR_LL_RESULT_AND_NO_ACTIVE_GIMPS_ASSIGNMENT,2026-08-09T09:12:31+00:00,UNALLOCATED,,,,,
SLCMP2607-4870,4870,4870,794244323,2^794244323-1,STRUCTURAL_SCREEN_EXHAUSTED_PRIMALITY_UNASSIGNED,GF3A_DIRECTIONAL_WRITE_EXHAUSTED_PRIMALITY_UNASSIGNED,514,512,512,NO_RECORDED_FACTOR_PRP_OR_LL_RESULT_AND_NO_ACTIVE_GIMPS_ASSIGNMENT,2026-08-09T09:12:31+00:00,UNALLOCATED,,,,,
SLCMP2607-4871,4871,4871,794244427,2^794244427-1,STRUCTURAL_SCREEN_EXHAUSTED_PRIMALITY_UNASSIGNED,GF3A_DIRECTIONAL_WRITE_EXHAUSTED_PRIMALITY_UNASSIGNED,514,512,512,NO_RECORDED_FACTOR_PRP_OR_LL_RESULT_AND_NO_ACTIVE_GIMPS_ASSIGNMENT,2026-08-09T09:12:31+00:00,UNALLOCATED,,,,,
SLCMP2607-4872,4872,4872,794244457,2^794244457-1,STRUCTURAL_SCREEN_EXHAUSTED_PRIMALITY_UNASSIGNED,GF3A_DIRECTIONAL_WRITE_EXHAUSTED_PRIMALITY_UNASSIGNED,513,512,512,NO_RECORDED_FACTOR_PRP_OR_LL_RESULT_AND_NO_ACTIVE_GIMPS_ASSIGNMENT,2026-08-09T09:12:31+00:00,UNALLOCATED,,,,,
SLCMP2607-4873,4873,4873,794244469,2^794244469-1,STRUCTURAL_SCREEN_EXHAUSTED_PRIMALITY_UNASSIGNED,GF3A_DIRECTIONAL_WRITE_EXHAUSTED_PRIMALITY_UNASSIGNED,513,512,512,NO_RECORDED_FACTOR_PRP_OR_LL_RESULT_AND_NO_ACTIVE_GIMPS_ASSIGNMENT,2026-08-09T09:12:31+00:00,UNALLOCATED,,,,,
SLCMP2607-4874,4874,4874,794244637,2^794244637-1,STRUCTURAL_SCREEN_EXHAUSTED_PRIMALITY_UNASSIGNED,GF3A_DIRECTIONAL_WRITE_EXHAUSTED_PRIMALITY_UNASSIGNED,513,512,512,NO_RECORDED_FACTOR_PRP_OR_LL_RESULT_AND_NO_ACTIVE_GIMPS_ASSIGNMENT,2026-08-09T09:12:31+00:00,UNALLOCATED,,,,,
SLCMP2607-4875,4875,4875,794244673,2^794244673-1,STRUCTURAL_SCREEN_EXHAUSTED_PRIMALITY_UNASSIGNED,GF3A_DIRECTIONAL_WRITE_EXHAUSTED_PRIMALITY_UNASSIGNED,513,512,512,NO_RECORDED_FACTOR_PRP_OR_LL_RESULT_AND_NO_ACTIVE_GIMPS_ASSIGNMENT,2026-08-09T09:12:31+00:00,UNALLOCATED,,,,,
SLCMP2607-4876,4876,4876,794244677,2^794244677-1,STRUCTURAL_SCREEN_EXHAUSTED_PRIMALITY_UNASSIGNED,GF3A_DIRECTIONAL_WRITE_EXHAUSTED_PRIMALITY_UNASSIGNED,513,512,512,NO_RECORDED_FACTOR_PRP_OR_LL_RESULT_AND_NO_ACTIVE_GIMPS_ASSIGNMENT,2026-08-09T09:12:31+00:00,UNALLOCATED,,,,,
SLCMP2607-4877,4877,4877,794244683,2^794244683-1,STRUCTURAL_SCREEN_EXHAUSTED_PRIMALITY_UNASSIGNED,GF3A_DIRECTIONAL_WRITE_EXHAUSTED_PRIMALITY_UNASSIGNED,514,512,512,NO_RECORDED_FACTOR_PRP_OR_LL_RESULT_AND_NO_ACTIVE_GIMPS_ASSIGNMENT,2026-08-09T09:12:31+00:00,UNALLOCATED,,,,,
SLCMP2607-4878,4878,4878,794244757,2^794244757-1,STRUCTURAL_SCREEN_EXHAUSTED_PRIMALITY_UNASSIGNED,GF3A_DIRECTIONAL_WRITE_EXHAUSTED_PRIMALITY_UNASSIGNED,513,512,512,NO_RECORDED_FACTOR_PRP_OR_LL_RESULT_AND_NO_ACTIVE_GIMPS_ASSIGNMENT,2026-08-09T09:12:31+00:00,UNALLOCATED,,,,,
SLCMP2607-4879,4879,4879,794244791,2^794244791-1,STRUCTURAL_SCREEN_EXHAUSTED_PRIMALITY_UNASSIGNED,GF3A_DIRECTIONAL_WRITE_EXHAUSTED_PRIMALITY_UNASSIGNED,514,512,512,NO_RECORDED_FACTOR_PRP_OR_LL_RESULT_AND_NO_ACTIVE_GIMPS_ASSIGNMENT,2026-08-09T09:12:31+00:00,UNALLOCATED,,,,,
SLCMP2607-4880,4880,4880,794244799,2^794244799-1,STRUCTURAL_SCREEN_EXHAUSTED_PRIMALITY_UNASSIGNED,GF3A_DIRECTIONAL_WRITE_EXHAUSTED_PRIMALITY_UNASSIGNED,514,512,512,NO_RECORDED_FACTOR_PRP_OR_LL_RESULT_AND_NO_ACTIVE_GIMPS_ASSIGNMENT,2026-08-09T09:12:31+00:00,UNALLOCATED,,,,,
SLCMP2607-4881,4881,4881,794244851,2^794244851-1,STRUCTURAL_SCREEN_EXHAUSTED_PRIMALITY_UNASSIGNED,GF3A_DIRECTIONAL_WRITE_EXHAUSTED_PRIMALITY_UNASSIGNED,514,512,512,NO_RECORDED_FACTOR_PRP_OR_LL_RESULT_AND_NO_ACTIVE_GIMPS_ASSIGNMENT,2026-08-09T09:12:31+00:00,UNALLOCATED,,,,,
SLCMP2607-4882,4882,4882,794244887,2^794244887-1,STRUCTURAL_SCREEN_EXHAUSTED_PRIMALITY_UNASSIGNED,GF3A_DIRECTIONAL_WRITE_EXHAUSTED_PRIMALITY_UNASSIGNED,514,512,512,NO_RECORDED_FACTOR_PRP_OR_LL_RESULT_AND_NO_ACTIVE_GIMPS_ASSIGNMENT,2026-08-09T09:12:31+00:00,UNALLOCATED,,,,,
SLCMP2607-4883,4883,4883,794245043,2^794245043-1,STRUCTURAL_SCREEN_EXHAUSTED_PRIMALITY_UNASSIGNED,GF3A_DIRECTIONAL_WRITE_EXHAUSTED_PRIMALITY_UNASSIGNED,514,512,512,NO_RECORDED_FACTOR_PRP_OR_LL_RESULT_AND_NO_ACTIVE_GIMPS_ASSIGNMENT,2026-08-09T09:12:31+00:00,UNALLOCATED,,,,,
SLCMP2607-4884,4884,4884,794245129,2^794245129-1,STRUCTURAL_SCREEN_EXHAUSTED_PRIMALITY_UNASSIGNED,GF3A_DIRECTIONAL_WRITE_EXHAUSTED_PRIMALITY_UNASSIGNED,513,512,512,NO_RECORDED_FACTOR_PRP_OR_LL_RESULT_AND_NO_ACTIVE_GIMPS_ASSIGNMENT,2026-08-09T09:12:31+00:00,UNALLOCATED,,,,,
SLCMP2607-4885,4885,4885,794245181,2^794245181-1,STRUCTURAL_SCREEN_EXHAUSTED_PRIMALITY_UNASSIGNED,GF3A_DIRECTIONAL_WRITE_EXHAUSTED_PRIMALITY_UNASSIGNED,513,512,512,NO_RECORDED_FACTOR_PRP_OR_LL_RESULT_AND_NO_ACTIVE_GIMPS_ASSIGNMENT,2026-08-09T09:12:31+00:00,UNALLOCATED,,,,,
SLCMP2607-4886,4886,4886,794245189,2^794245189-1,STRUCTURAL_SCREEN_EXHAUSTED_PRIMALITY_UNASSIGNED,GF3A_DIRECTIONAL_WRITE_EXHAUSTED_PRIMALITY_UNASSIGNED,513,512,512,NO_RECORDED_FACTOR_PRP_OR_LL_RESULT_AND_NO_ACTIVE_GIMPS_ASSIGNMENT,2026-08-09T09:12:31+00:00,UNALLOCATED,,,,,
SLCMP2607-4887,4887,4887,794245237,2^794245237-1,STRUCTURAL_SCREEN_EXHAUSTED_PRIMALITY_UNASSIGNED,GF3A_DIRECTIONAL_WRITE_EXHAUSTED_PRIMALITY_UNASSIGNED,513,512,512,NO_RECORDED_FACTOR_PRP_OR_LL_RESULT_AND_NO_ACTIVE_GIMPS_ASSIGNMENT,2026-08-09T09:12:31+00:00,UNALLOCATED,,,,,
SLCMP2607-4888,4888,4888,794245273,2^794245273-1,STRUCTURAL_SCREEN_EXHAUSTED_PRIMALITY_UNASSIGNED,GF3A_DIRECTIONAL_WRITE_EXHAUSTED_PRIMALITY_UNASSIGNED,513,512,512,NO_RECORDED_FACTOR_PRP_OR_LL_RESULT_AND_NO_ACTIVE_GIMPS_ASSIGNMENT,2026-08-09T09:12:31+00:00,UNALLOCATED,,,,,
SLCMP2607-4889,4889,4889,794245279,2^794245279-1,STRUCTURAL_SCREEN_EXHAUSTED_PRIMALITY_UNASSIGNED,GF3A_DIRECTIONAL_WRITE_EXHAUSTED_PRIMALITY_UNASSIGNED,514,512,512,NO_RECORDED_FACTOR_PRP_OR_LL_RESULT_AND_NO_ACTIVE_GIMPS_ASSIGNMENT,2026-08-09T09:12:31+00:00,UNALLOCATED,,,,,
SLCMP2607-4890,4890,4890,794245289,2^794245289-1,STRUCTURAL_SCREEN_EXHAUSTED_PRIMALITY_UNASSIGNED,GF3A_DIRECTIONAL_WRITE_EXHAUSTED_PRIMALITY_UNASSIGNED,513,512,512,NO_RECORDED_FACTOR_PRP_OR_LL_RESULT_AND_NO_ACTIVE_GIMPS_ASSIGNMENT,2026-08-09T09:12:31+00:00,UNALLOCATED,,,,,
SLCMP2607-4891,4891,4891,794245337,2^794245337-1,STRUCTURAL_SCREEN_EXHAUSTED_PRIMALITY_UNASSIGNED,GF3A_DIRECTIONAL_WRITE_EXHAUSTED_PRIMALITY_UNASSIGNED,513,512,512,NO_RECORDED_FACTOR_PRP_OR_LL_RESULT_AND_NO_ACTIVE_GIMPS_ASSIGNMENT,2026-08-09T09:12:31+00:00,UNALLOCATED,,,,,
SLCMP2607-4892,4892,4892,794245447,2^794245447-1,STRUCTURAL_SCREEN_EXHAUSTED_PRIMALITY_UNASSIGNED,GF3A_DIRECTIONAL_WRITE_EXHAUSTED_PRIMALITY_UNASSIGNED,514,512,512,NO_RECORDED_FACTOR_PRP_OR_LL_RESULT_AND_NO_ACTIVE_GIMPS_ASSIGNMENT,2026-08-09T09:12:31+00:00,UNALLOCATED,,,,,
SLCMP2607-4893,4893,4893,794245511,2^794245511-1,STRUCTURAL_SCREEN_EXHAUSTED_PRIMALITY_UNASSIGNED,GF3A_DIRECTIONAL_WRITE_EXHAUSTED_PRIMALITY_UNASSIGNED,514,512,512,NO_RECORDED_FACTOR_PRP_OR_LL_RESULT_AND_NO_ACTIVE_GIMPS_ASSIGNMENT,2026-08-09T09:12:31+00:00,UNALLOCATED,,,,,
SLCMP2607-4894,4894,4894,794245531,2^794245531-1,STRUCTURAL_SCREEN_EXHAUSTED_PRIMALITY_UNASSIGNED,GF3A_DIRECTIONAL_WRITE_EXHAUSTED_PRIMALITY_UNASSIGNED,514,512,512,NO_RECORDED_FACTOR_PRP_OR_LL_RESULT_AND_NO_ACTIVE_GIMPS_ASSIGNMENT,2026-08-09T09:12:31+00:00,UNALLOCATED,,,,,
SLCMP2607-4895,4895,4895,794245541,2^794245541-1,STRUCTURAL_SCREEN_EXHAUSTED_PRIMALITY_UNASSIGNED,GF3A_DIRECTIONAL_WRITE_EXHAUSTED_PRIMALITY_UNASSIGNED,513,512,512,NO_RECORDED_FACTOR_PRP_OR_LL_RESULT_AND_NO_ACTIVE_GIMPS_ASSIGNMENT,2026-08-09T09:12:31+00:00,UNALLOCATED,,,,,
SLCMP2607-4896,4896,4896,794245579,2^794245579-1,STRUCTURAL_SCREEN_EXHAUSTED_PRIMALITY_UNASSIGNED,GF3A_DIRECTIONAL_WRITE_EXHAUSTED_PRIMALITY_UNASSIGNED,514,512,512,NO_RECORDED_FACTOR_PRP_OR_LL_RESULT_AND_NO_ACTIVE_GIMPS_ASSIGNMENT,2026-08-09T09:12:31+00:00,UNALLOCATED,,,,,
SLCMP2607-4897,4897,4897,794245607,2^794245607-1,STRUCTURAL_SCREEN_EXHAUSTED_PRIMALITY_UNASSIGNED,GF3A_DIRECTIONAL_WRITE_EXHAUSTED_PRIMALITY_UNASSIGNED,514,512,512,NO_RECORDED_FACTOR_PRP_OR_LL_RESULT_AND_NO_ACTIVE_GIMPS_ASSIGNMENT,2026-08-09T09:12:31+00:00,UNALLOCATED,,,,,
SLCMP2607-4898,4898,4898,794245609,2^794245609-1,STRUCTURAL_SCREEN_EXHAUSTED_PRIMALITY_UNASSIGNED,GF3A_DIRECTIONAL_WRITE_EXHAUSTED_PRIMALITY_UNASSIGNED,513,512,512,NO_RECORDED_FACTOR_PRP_OR_LL_RESULT_AND_NO_ACTIVE_GIMPS_ASSIGNMENT,2026-08-09T09:12:31+00:00,UNALLOCATED,,,,,
SLCMP2607-4899,4899,4899,794245741,2^794245741-1,STRUCTURAL_SCREEN_EXHAUSTED_PRIMALITY_UNASSIGNED,GF3A_DIRECTIONAL_WRITE_EXHAUSTED_PRIMALITY_UNASSIGNED,513,512,512,NO_RECORDED_FACTOR_PRP_OR_LL_RESULT_AND_NO_ACTIVE_GIMPS_ASSIGNMENT,2026-08-09T09:12:31+00:00,UNALLOCATED,,,,,
SLCMP2607-4900,4900,4900,794245789,2^794245789-1,STRUCTURAL_SCREEN_EXHAUSTED_PRIMALITY_UNASSIGNED,GF3A_DIRECTIONAL_WRITE_EXHAUSTED_PRIMALITY_UNASSIGNED,513,512,512,NO_RECORDED_FACTOR_PRP_OR_LL_RESULT_AND_NO_ACTIVE_GIMPS_ASSIGNMENT,2026-08-09T09:12:31+00:00,UNALLOCATED,,,,,
SLCMP2607-4901,4901,4901,794245849,2^794245849-1,STRUCTURAL_SCREEN_EXHAUSTED_PRIMALITY_UNASSIGNED,GF3A_DIRECTIONAL_WRITE_EXHAUSTED_PRIMALITY_UNASSIGNED,513,512,512,NO_RECORDED_FACTOR_PRP_OR_LL_RESULT_AND_NO_ACTIVE_GIMPS_ASSIGNMENT,2026-08-09T09:12:31+00:00,UNALLOCATED,,,,,
SLCMP2607-4902,4902,4902,794245993,2^794245993-1,STRUCTURAL_SCREEN_EXHAUSTED_PRIMALITY_UNASSIGNED,GF3A_DIRECTIONAL_WRITE_EXHAUSTED_PRIMALITY_UNASSIGNED,513,512,512,NO_RECORDED_FACTOR_PRP_OR_LL_RESULT_AND_NO_ACTIVE_GIMPS_ASSIGNMENT,2026-08-09T09:12:31+00:00,UNALLOCATED,,,,,
SLCMP2607-4903,4903,4903,794246017,2^794246017-1,STRUCTURAL_SCREEN_EXHAUSTED_PRIMALITY_UNASSIGNED,GF3A_DIRECTIONAL_WRITE_EXHAUSTED_PRIMALITY_UNASSIGNED,513,512,512,NO_RECORDED_FACTOR_PRP_OR_LL_RESULT_AND_NO_ACTIVE_GIMPS_ASSIGNMENT,2026-08-09T09:12:31+00:00,UNALLOCATED,,,,,
SLCMP2607-4904,4904,4904,794246029,2^794246029-1,STRUCTURAL_SCREEN_EXHAUSTED_PRIMALITY_UNASSIGNED,GF3A_DIRECTIONAL_WRITE_EXHAUSTED_PRIMALITY_UNASSIGNED,513,512,512,NO_RECORDED_FACTOR_PRP_OR_LL_RESULT_AND_NO_ACTIVE_GIMPS_ASSIGNMENT,2026-08-09T09:12:31+00:00,UNALLOCATED,,,,,
SLCMP2607-4905,4905,4905,794246041,2^794246041-1,STRUCTURAL_SCREEN_EXHAUSTED_PRIMALITY_UNASSIGNED,GF3A_DIRECTIONAL_WRITE_EXHAUSTED_PRIMALITY_UNASSIGNED,513,512,512,NO_RECORDED_FACTOR_PRP_OR_LL_RESULT_AND_NO_ACTIVE_GIMPS_ASSIGNMENT,2026-08-09T09:12:31+00:00,UNALLOCATED,,,,,
SLCMP2607-4906,4906,4906,794246083,2^794246083-1,STRUCTURAL_SCREEN_EXHAUSTED_PRIMALITY_UNASSIGNED,GF3A_DIRECTIONAL_WRITE_EXHAUSTED_PRIMALITY_UNASSIGNED,514,512,512,NO_RECORDED_FACTOR_PRP_OR_LL_RESULT_AND_NO_ACTIVE_GIMPS_ASSIGNMENT,2026-08-09T09:12:31+00:00,UNALLOCATED,,,,,
SLCMP2607-4907,4907,4907,794246161,2^794246161-1,STRUCTURAL_SCREEN_EXHAUSTED_PRIMALITY_UNASSIGNED,GF3A_DIRECTIONAL_WRITE_EXHAUSTED_PRIMALITY_UNASSIGNED,513,512,512,NO_RECORDED_FACTOR_PRP_OR_LL_RESULT_AND_NO_ACTIVE_GIMPS_ASSIGNMENT,2026-08-09T09:12:31+00:00,UNALLOCATED,,,,,
SLCMP2607-4908,4908,4908,794246177,2^794246177-1,STRUCTURAL_SCREEN_EXHAUSTED_PRIMALITY_UNASSIGNED,GF3A_DIRECTIONAL_WRITE_EXHAUSTED_PRIMALITY_UNASSIGNED,513,512,512,NO_RECORDED_FACTOR_PRP_OR_LL_RESULT_AND_NO_ACTIVE_GIMPS_ASSIGNMENT,2026-08-09T09:12:31+00:00,UNALLOCATED,,,,,
SLCMP2607-4909,4909,4909,794246203,2^794246203-1,STRUCTURAL_SCREEN_EXHAUSTED_PRIMALITY_UNASSIGNED,GF3A_DIRECTIONAL_WRITE_EXHAUSTED_PRIMALITY_UNASSIGNED,514,512,512,NO_RECORDED_FACTOR_PRP_OR_LL_RESULT_AND_NO_ACTIVE_GIMPS_ASSIGNMENT,2026-08-09T09:12:31+00:00,UNALLOCATED,,,,,
SLCMP2607-4910,4910,4910,794246251,2^794246251-1,STRUCTURAL_SCREEN_EXHAUSTED_PRIMALITY_UNASSIGNED,GF3A_DIRECTIONAL_WRITE_EXHAUSTED_PRIMALITY_UNASSIGNED,514,512,512,NO_RECORDED_FACTOR_PRP_OR_LL_RESULT_AND_NO_ACTIVE_GIMPS_ASSIGNMENT,2026-08-09T09:12:31+00:00,UNALLOCATED,,,,,
SLCMP2607-4911,4911,4911,794246293,2^794246293-1,STRUCTURAL_SCREEN_EXHAUSTED_PRIMALITY_UNASSIGNED,GF3A_DIRECTIONAL_WRITE_EXHAUSTED_PRIMALITY_UNASSIGNED,513,512,512,NO_RECORDED_FACTOR_PRP_OR_LL_RESULT_AND_NO_ACTIVE_GIMPS_ASSIGNMENT,2026-08-09T09:12:31+00:00,UNALLOCATED,,,,,
SLCMP2607-4912,4912,4912,794246317,2^794246317-1,STRUCTURAL_SCREEN_EXHAUSTED_PRIMALITY_UNASSIGNED,GF3A_DIRECTIONAL_WRITE_EXHAUSTED_PRIMALITY_UNASSIGNED,513,512,512,NO_RECORDED_FACTOR_PRP_OR_LL_RESULT_AND_NO_ACTIVE_GIMPS_ASSIGNMENT,2026-08-09T09:12:31+00:00,UNALLOCATED,,,,,
SLCMP2607-4913,4913,4913,794246407,2^794246407-1,STRUCTURAL_SCREEN_EXHAUSTED_PRIMALITY_UNASSIGNED,GF3A_DIRECTIONAL_WRITE_EXHAUSTED_PRIMALITY_UNASSIGNED,514,512,512,NO_RECORDED_FACTOR_PRP_OR_LL_RESULT_AND_NO_ACTIVE_GIMPS_ASSIGNMENT,2026-08-09T09:12:31+00:00,UNALLOCATED,,,,,
SLCMP2607-4914,4914,4914,794246491,2^794246491-1,STRUCTURAL_SCREEN_EXHAUSTED_PRIMALITY_UNASSIGNED,GF3A_DIRECTIONAL_WRITE_EXHAUSTED_PRIMALITY_UNASSIGNED,514,512,512,NO_RECORDED_FACTOR_PRP_OR_LL_RESULT_AND_NO_ACTIVE_GIMPS_ASSIGNMENT,2026-08-09T09:12:31+00:00,UNALLOCATED,,,,,
SLCMP2607-4915,4915,4915,794246533,2^794246533-1,STRUCTURAL_SCREEN_EXHAUSTED_PRIMALITY_UNASSIGNED,GF3A_DIRECTIONAL_WRITE_EXHAUSTED_PRIMALITY_UNASSIGNED,513,512,512,NO_RECORDED_FACTOR_PRP_OR_LL_RESULT_AND_NO_ACTIVE_GIMPS_ASSIGNMENT,2026-08-09T09:12:31+00:00,UNALLOCATED,,,,,
SLCMP2607-4916,4916,4916,794246549,2^794246549-1,STRUCTURAL_SCREEN_EXHAUSTED_PRIMALITY_UNASSIGNED,GF3A_DIRECTIONAL_WRITE_EXHAUSTED_PRIMALITY_UNASSIGNED,513,512,512,NO_RECORDED_FACTOR_PRP_OR_LL_RESULT_AND_NO_ACTIVE_GIMPS_ASSIGNMENT,2026-08-09T09:12:31+00:00,UNALLOCATED,,,,,
SLCMP2607-4917,4917,4917,794246623,2^794246623-1,STRUCTURAL_SCREEN_EXHAUSTED_PRIMALITY_UNASSIGNED,GF3A_DIRECTIONAL_WRITE_EXHAUSTED_PRIMALITY_UNASSIGNED,514,512,512,NO_RECORDED_FACTOR_PRP_OR_LL_RESULT_AND_NO_ACTIVE_GIMPS_ASSIGNMENT,2026-08-09T09:12:31+00:00,UNALLOCATED,,,,,
SLCMP2607-4918,4918,4918,794246701,2^794246701-1,STRUCTURAL_SCREEN_EXHAUSTED_PRIMALITY_UNASSIGNED,GF3A_DIRECTIONAL_WRITE_EXHAUSTED_PRIMALITY_UNASSIGNED,513,512,512,NO_RECORDED_FACTOR_PRP_OR_LL_RESULT_AND_NO_ACTIVE_GIMPS_ASSIGNMENT,2026-08-09T09:12:31+00:00,UNALLOCATED,,,,,
SLCMP2607-4919,4919,4919,794246723,2^794246723-1,STRUCTURAL_SCREEN_EXHAUSTED_PRIMALITY_UNASSIGNED,GF3A_DIRECTIONAL_WRITE_EXHAUSTED_PRIMALITY_UNASSIGNED,514,512,512,NO_RECORDED_FACTOR_PRP_OR_LL_RESULT_AND_NO_ACTIVE_GIMPS_ASSIGNMENT,2026-08-09T09:12:31+00:00,UNALLOCATED,,,,,
SLCMP2607-4920,4920,4920,794246737,2^794246737-1,STRUCTURAL_SCREEN_EXHAUSTED_PRIMALITY_UNASSIGNED,GF3A_DIRECTIONAL_WRITE_EXHAUSTED_PRIMALITY_UNASSIGNED,513,512,512,NO_RECORDED_FACTOR_PRP_OR_LL_RESULT_AND_NO_ACTIVE_GIMPS_ASSIGNMENT,2026-08-09T09:12:31+00:00,UNALLOCATED,,,,,
SLCMP2607-4921,4921,4921,794246771,2^794246771-1,STRUCTURAL_SCREEN_EXHAUSTED_PRIMALITY_UNASSIGNED,GF3A_DIRECTIONAL_WRITE_EXHAUSTED_PRIMALITY_UNASSIGNED,514,512,512,NO_RECORDED_FACTOR_PRP_OR_LL_RESULT_AND_NO_ACTIVE_GIMPS_ASSIGNMENT,2026-08-09T09:12:31+00:00,UNALLOCATED,,,,,
SLCMP2607-4922,4922,4922,794246801,2^794246801-1,STRUCTURAL_SCREEN_EXHAUSTED_PRIMALITY_UNASSIGNED,GF3A_DIRECTIONAL_WRITE_EXHAUSTED_PRIMALITY_UNASSIGNED,513,512,512,NO_RECORDED_FACTOR_PRP_OR_LL_RESULT_AND_NO_ACTIVE_GIMPS_ASSIGNMENT,2026-08-09T09:12:31+00:00,UNALLOCATED,,,,,
SLCMP2607-4923,4923,4923,794246857,2^794246857-1,STRUCTURAL_SCREEN_EXHAUSTED_PRIMALITY_UNASSIGNED,GF3A_DIRECTIONAL_WRITE_EXHAUSTED_PRIMALITY_UNASSIGNED,513,512,512,NO_RECORDED_FACTOR_PRP_OR_LL_RESULT_AND_NO_ACTIVE_GIMPS_ASSIGNMENT,2026-08-09T09:12:31+00:00,UNALLOCATED,,,,,
SLCMP2607-4924,4924,4924,794246897,2^794246897-1,STRUCTURAL_SCREEN_EXHAUSTED_PRIMALITY_UNASSIGNED,GF3A_DIRECTIONAL_WRITE_EXHAUSTED_PRIMALITY_UNASSIGNED,513,512,512,NO_RECORDED_FACTOR_PRP_OR_LL_RESULT_AND_NO_ACTIVE_GIMPS_ASSIGNMENT,2026-08-09T09:12:31+00:00,UNALLOCATED,,,,,
SLCMP2607-4925,4925,4925,794247043,2^794247043-1,STRUCTURAL_SCREEN_EXHAUSTED_PRIMALITY_UNASSIGNED,GF3A_DIRECTIONAL_WRITE_EXHAUSTED_PRIMALITY_UNASSIGNED,514,512,512,NO_RECORDED_FACTOR_PRP_OR_LL_RESULT_AND_NO_ACTIVE_GIMPS_ASSIGNMENT,2026-08-09T09:12:31+00:00,UNALLOCATED,,,,,
SLCMP2607-4926,4926,4926,794247053,2^794247053-1,STRUCTURAL_SCREEN_EXHAUSTED_PRIMALITY_UNASSIGNED,GF3A_DIRECTIONAL_WRITE_EXHAUSTED_PRIMALITY_UNASSIGNED,513,512,512,NO_RECORDED_FACTOR_PRP_OR_LL_RESULT_AND_NO_ACTIVE_GIMPS_ASSIGNMENT,2026-08-09T09:12:31+00:00,UNALLOCATED,,,,,
SLCMP2607-4927,4927,4927,794247061,2^794247061-1,STRUCTURAL_SCREEN_EXHAUSTED_PRIMALITY_UNASSIGNED,GF3A_DIRECTIONAL_WRITE_EXHAUSTED_PRIMALITY_UNASSIGNED,513,512,512,NO_RECORDED_FACTOR_PRP_OR_LL_RESULT_AND_NO_ACTIVE_GIMPS_ASSIGNMENT,2026-08-09T09:12:31+00:00,UNALLOCATED,,,,,
SLCMP2607-4928,4928,4928,794247073,2^794247073-1,STRUCTURAL_SCREEN_EXHAUSTED_PRIMALITY_UNASSIGNED,GF3A_DIRECTIONAL_WRITE_EXHAUSTED_PRIMALITY_UNASSIGNED,513,512,512,NO_RECORDED_FACTOR_PRP_OR_LL_RESULT_AND_NO_ACTIVE_GIMPS_ASSIGNMENT,2026-08-09T09:12:31+00:00,UNALLOCATED,,,,,
SLCMP2607-4929,4929,4929,794247079,2^794247079-1,STRUCTURAL_SCREEN_EXHAUSTED_PRIMALITY_UNASSIGNED,GF3A_DIRECTIONAL_WRITE_EXHAUSTED_PRIMALITY_UNASSIGNED,514,512,512,NO_RECORDED_FACTOR_PRP_OR_LL_RESULT_AND_NO_ACTIVE_GIMPS_ASSIGNMENT,2026-08-09T09:12:31+00:00,UNALLOCATED,,,,,
SLCMP2607-4930,4930,4930,794247107,2^794247107-1,STRUCTURAL_SCREEN_EXHAUSTED_PRIMALITY_UNASSIGNED,GF3A_DIRECTIONAL_WRITE_EXHAUSTED_PRIMALITY_UNASSIGNED,514,512,512,NO_RECORDED_FACTOR_PRP_OR_LL_RESULT_AND_NO_ACTIVE_GIMPS_ASSIGNMENT,2026-08-09T09:12:31+00:00,UNALLOCATED,,,,,
SLCMP2607-4931,4931,4931,794247149,2^794247149-1,STRUCTURAL_SCREEN_EXHAUSTED_PRIMALITY_UNASSIGNED,GF3A_DIRECTIONAL_WRITE_EXHAUSTED_PRIMALITY_UNASSIGNED,513,512,512,NO_RECORDED_FACTOR_PRP_OR_LL_RESULT_AND_NO_ACTIVE_GIMPS_ASSIGNMENT,2026-08-09T09:12:31+00:00,UNALLOCATED,,,,,
SLCMP2607-4932,4932,4932,794247211,2^794247211-1,STRUCTURAL_SCREEN_EXHAUSTED_PRIMALITY_UNASSIGNED,GF3A_DIRECTIONAL_WRITE_EXHAUSTED_PRIMALITY_UNASSIGNED,514,512,512,NO_RECORDED_FACTOR_PRP_OR_LL_RESULT_AND_NO_ACTIVE_GIMPS_ASSIGNMENT,2026-08-09T09:12:31+00:00,UNALLOCATED,,,,,
SLCMP2607-4933,4933,4933,794247221,2^794247221-1,STRUCTURAL_SCREEN_EXHAUSTED_PRIMALITY_UNASSIGNED,GF3A_DIRECTIONAL_WRITE_EXHAUSTED_PRIMALITY_UNASSIGNED,513,512,512,NO_RECORDED_FACTOR_PRP_OR_LL_RESULT_AND_NO_ACTIVE_GIMPS_ASSIGNMENT,2026-08-09T09:12:31+00:00,UNALLOCATED,,,,,
SLCMP2607-4934,4934,4934,794247269,2^794247269-1,STRUCTURAL_SCREEN_EXHAUSTED_PRIMALITY_UNASSIGNED,GF3A_DIRECTIONAL_WRITE_EXHAUSTED_PRIMALITY_UNASSIGNED,513,512,512,NO_RECORDED_FACTOR_PRP_OR_LL_RESULT_AND_NO_ACTIVE_GIMPS_ASSIGNMENT,2026-08-09T09:12:31+00:00,UNALLOCATED,,,,,
SLCMP2607-4935,4935,4935,794247353,2^794247353-1,STRUCTURAL_SCREEN_EXHAUSTED_PRIMALITY_UNASSIGNED,GF3A_DIRECTIONAL_WRITE_EXHAUSTED_PRIMALITY_UNASSIGNED,513,512,512,NO_RECORDED_FACTOR_PRP_OR_LL_RESULT_AND_NO_ACTIVE_GIMPS_ASSIGNMENT,2026-08-09T09:12:31+00:00,UNALLOCATED,,,,,
SLCMP2607-4936,4936,4936,794247403,2^794247403-1,STRUCTURAL_SCREEN_EXHAUSTED_PRIMALITY_UNASSIGNED,GF3A_DIRECTIONAL_WRITE_EXHAUSTED_PRIMALITY_UNASSIGNED,514,512,512,NO_RECORDED_FACTOR_PRP_OR_LL_RESULT_AND_NO_ACTIVE_GIMPS_ASSIGNMENT,2026-08-09T09:12:31+00:00,UNALLOCATED,,,,,
SLCMP2607-4937,4937,4937,794247427,2^794247427-1,STRUCTURAL_SCREEN_EXHAUSTED_PRIMALITY_UNASSIGNED,GF3A_DIRECTIONAL_WRITE_EXHAUSTED_PRIMALITY_UNASSIGNED,514,512,512,NO_RECORDED_FACTOR_PRP_OR_LL_RESULT_AND_NO_ACTIVE_GIMPS_ASSIGNMENT,2026-08-09T09:12:31+00:00,UNALLOCATED,,,,,
SLCMP2607-4938,4938,4938,794247581,2^794247581-1,STRUCTURAL_SCREEN_EXHAUSTED_PRIMALITY_UNASSIGNED,GF3A_DIRECTIONAL_WRITE_EXHAUSTED_PRIMALITY_UNASSIGNED,513,512,512,NO_RECORDED_FACTOR_PRP_OR_LL_RESULT_AND_NO_ACTIVE_GIMPS_ASSIGNMENT,2026-08-09T09:12:31+00:00,UNALLOCATED,,,,,
SLCMP2607-4939,4939,4939,794247617,2^794247617-1,STRUCTURAL_SCREEN_EXHAUSTED_PRIMALITY_UNASSIGNED,GF3A_DIRECTIONAL_WRITE_EXHAUSTED_PRIMALITY_UNASSIGNED,513,512,512,NO_RECORDED_FACTOR_PRP_OR_LL_RESULT_AND_NO_ACTIVE_GIMPS_ASSIGNMENT,2026-08-09T09:12:31+00:00,UNALLOCATED,,,,,
SLCMP2607-4940,4940,4940,794247647,2^794247647-1,STRUCTURAL_SCREEN_EXHAUSTED_PRIMALITY_UNASSIGNED,GF3A_DIRECTIONAL_WRITE_EXHAUSTED_PRIMALITY_UNASSIGNED,514,512,512,NO_RECORDED_FACTOR_PRP_OR_LL_RESULT_AND_NO_ACTIVE_GIMPS_ASSIGNMENT,2026-08-09T09:12:31+00:00,UNALLOCATED,,,,,
SLCMP2607-4941,4941,4941,794247757,2^794247757-1,STRUCTURAL_SCREEN_EXHAUSTED_PRIMALITY_UNASSIGNED,GF3A_DIRECTIONAL_WRITE_EXHAUSTED_PRIMALITY_UNASSIGNED,513,512,512,NO_RECORDED_FACTOR_PRP_OR_LL_RESULT_AND_NO_ACTIVE_GIMPS_ASSIGNMENT,2026-08-09T09:12:31+00:00,UNALLOCATED,,,,,
SLCMP2607-4942,4942,4942,794247761,2^794247761-1,STRUCTURAL_SCREEN_EXHAUSTED_PRIMALITY_UNASSIGNED,GF3A_DIRECTIONAL_WRITE_EXHAUSTED_PRIMALITY_UNASSIGNED,513,512,512,NO_RECORDED_FACTOR_PRP_OR_LL_RESULT_AND_NO_ACTIVE_GIMPS_ASSIGNMENT,2026-08-09T09:12:31+00:00,UNALLOCATED,,,,,
SLCMP2607-4943,4943,4943,794247763,2^794247763-1,STRUCTURAL_SCREEN_EXHAUSTED_PRIMALITY_UNASSIGNED,GF3A_DIRECTIONAL_WRITE_EXHAUSTED_PRIMALITY_UNASSIGNED,514,512,512,NO_RECORDED_FACTOR_PRP_OR_LL_RESULT_AND_NO_ACTIVE_GIMPS_ASSIGNMENT,2026-08-09T09:12:31+00:00,UNALLOCATED,,,,,
SLCMP2607-4944,4944,4944,794247929,2^794247929-1,STRUCTURAL_SCREEN_EXHAUSTED_PRIMALITY_UNASSIGNED,GF3A_DIRECTIONAL_WRITE_EXHAUSTED_PRIMALITY_UNASSIGNED,513,512,512,NO_RECORDED_FACTOR_PRP_OR_LL_RESULT_AND_NO_ACTIVE_GIMPS_ASSIGNMENT,2026-08-09T09:12:31+00:00,UNALLOCATED,,,,,
SLCMP2607-4945,4945,4945,794248043,2^794248043-1,STRUCTURAL_SCREEN_EXHAUSTED_PRIMALITY_UNASSIGNED,GF3A_DIRECTIONAL_WRITE_EXHAUSTED_PRIMALITY_UNASSIGNED,514,512,512,NO_RECORDED_FACTOR_PRP_OR_LL_RESULT_AND_NO_ACTIVE_GIMPS_ASSIGNMENT,2026-08-09T09:12:31+00:00,UNALLOCATED,,,,,
SLCMP2607-4946,4946,4946,794248069,2^794248069-1,STRUCTURAL_SCREEN_EXHAUSTED_PRIMALITY_UNASSIGNED,GF3A_DIRECTIONAL_WRITE_EXHAUSTED_PRIMALITY_UNASSIGNED,513,512,512,NO_RECORDED_FACTOR_PRP_OR_LL_RESULT_AND_NO_ACTIVE_GIMPS_ASSIGNMENT,2026-08-09T09:12:31+00:00,UNALLOCATED,,,,,
SLCMP2607-4947,4947,4947,794248139,2^794248139-1,STRUCTURAL_SCREEN_EXHAUSTED_PRIMALITY_UNASSIGNED,GF3A_DIRECTIONAL_WRITE_EXHAUSTED_PRIMALITY_UNASSIGNED,514,512,512,NO_RECORDED_FACTOR_PRP_OR_LL_RESULT_AND_NO_ACTIVE_GIMPS_ASSIGNMENT,2026-08-09T09:12:31+00:00,UNALLOCATED,,,,,
SLCMP2607-4948,4948,4948,794248199,2^794248199-1,STRUCTURAL_SCREEN_EXHAUSTED_PRIMALITY_UNASSIGNED,GF3A_DIRECTIONAL_WRITE_EXHAUSTED_PRIMALITY_UNASSIGNED,514,512,512,NO_RECORDED_FACTOR_PRP_OR_LL_RESULT_AND_NO_ACTIVE_GIMPS_ASSIGNMENT,2026-08-09T09:12:31+00:00,UNALLOCATED,,,,,
SLCMP2607-4949,4949,4949,794248219,2^794248219-1,STRUCTURAL_SCREEN_EXHAUSTED_PRIMALITY_UNASSIGNED,GF3A_DIRECTIONAL_WRITE_EXHAUSTED_PRIMALITY_UNASSIGNED,514,512,512,NO_RECORDED_FACTOR_PRP_OR_LL_RESULT_AND_NO_ACTIVE_GIMPS_ASSIGNMENT,2026-08-09T09:12:31+00:00,UNALLOCATED,,,,,
SLCMP2607-4950,4950,4950,794248271,2^794248271-1,STRUCTURAL_SCREEN_EXHAUSTED_PRIMALITY_UNASSIGNED,GF3A_DIRECTIONAL_WRITE_EXHAUSTED_PRIMALITY_UNASSIGNED,514,512,512,NO_RECORDED_FACTOR_PRP_OR_LL_RESULT_AND_NO_ACTIVE_GIMPS_ASSIGNMENT,2026-08-09T09:12:31+00:00,UNALLOCATED,,,,,
SLCMP2607-4951,4951,4951,794248277,2^794248277-1,STRUCTURAL_SCREEN_EXHAUSTED_PRIMALITY_UNASSIGNED,GF3A_DIRECTIONAL_WRITE_EXHAUSTED_PRIMALITY_UNASSIGNED,513,512,512,NO_RECORDED_FACTOR_PRP_OR_LL_RESULT_AND_NO_ACTIVE_GIMPS_ASSIGNMENT,2026-08-09T09:12:31+00:00,UNALLOCATED,,,,,
SLCMP2607-4952,4952,4952,794248361,2^794248361-1,STRUCTURAL_SCREEN_EXHAUSTED_PRIMALITY_UNASSIGNED,GF3A_DIRECTIONAL_WRITE_EXHAUSTED_PRIMALITY_UNASSIGNED,513,512,512,NO_RECORDED_FACTOR_PRP_OR_LL_RESULT_AND_NO_ACTIVE_GIMPS_ASSIGNMENT,2026-08-09T09:12:31+00:00,UNALLOCATED,,,,,
SLCMP2607-4953,4953,4953,794248409,2^794248409-1,STRUCTURAL_SCREEN_EXHAUSTED_PRIMALITY_UNASSIGNED,GF3A_DIRECTIONAL_WRITE_EXHAUSTED_PRIMALITY_UNASSIGNED,513,512,512,NO_RECORDED_FACTOR_PRP_OR_LL_RESULT_AND_NO_ACTIVE_GIMPS_ASSIGNMENT,2026-08-09T09:12:31+00:00,UNALLOCATED,,,,,
SLCMP2607-4954,4954,4954,794248451,2^794248451-1,STRUCTURAL_SCREEN_EXHAUSTED_PRIMALITY_UNASSIGNED,GF3A_DIRECTIONAL_WRITE_EXHAUSTED_PRIMALITY_UNASSIGNED,514,512,512,NO_RECORDED_FACTOR_PRP_OR_LL_RESULT_AND_NO_ACTIVE_GIMPS_ASSIGNMENT,2026-08-09T09:12:31+00:00,UNALLOCATED,,,,,
SLCMP2607-4955,4955,4955,794248519,2^794248519-1,STRUCTURAL_SCREEN_EXHAUSTED_PRIMALITY_UNASSIGNED,GF3A_DIRECTIONAL_WRITE_EXHAUSTED_PRIMALITY_UNASSIGNED,514,512,512,NO_RECORDED_FACTOR_PRP_OR_LL_RESULT_AND_NO_ACTIVE_GIMPS_ASSIGNMENT,2026-08-09T09:12:31+00:00,UNALLOCATED,,,,,
SLCMP2607-4956,4956,4956,794248703,2^794248703-1,STRUCTURAL_SCREEN_EXHAUSTED_PRIMALITY_UNASSIGNED,GF3A_DIRECTIONAL_WRITE_EXHAUSTED_PRIMALITY_UNASSIGNED,514,512,512,NO_RECORDED_FACTOR_PRP_OR_LL_RESULT_AND_NO_ACTIVE_GIMPS_ASSIGNMENT,2026-08-09T09:12:31+00:00,UNALLOCATED,,,,,
SLCMP2607-4957,4957,4957,794248739,2^794248739-1,STRUCTURAL_SCREEN_EXHAUSTED_PRIMALITY_UNASSIGNED,GF3A_DIRECTIONAL_WRITE_EXHAUSTED_PRIMALITY_UNASSIGNED,514,512,512,NO_RECORDED_FACTOR_PRP_OR_LL_RESULT_AND_NO_ACTIVE_GIMPS_ASSIGNMENT,2026-08-09T09:12:31+00:00,UNALLOCATED,,,,,
SLCMP2607-4958,4958,4958,794248783,2^794248783-1,STRUCTURAL_SCREEN_EXHAUSTED_PRIMALITY_UNASSIGNED,GF3A_DIRECTIONAL_WRITE_EXHAUSTED_PRIMALITY_UNASSIGNED,514,512,512,NO_RECORDED_FACTOR_PRP_OR_LL_RESULT_AND_NO_ACTIVE_GIMPS_ASSIGNMENT,2026-08-09T09:12:31+00:00,UNALLOCATED,,,,,
SLCMP2607-4959,4959,4959,794248801,2^794248801-1,STRUCTURAL_SCREEN_EXHAUSTED_PRIMALITY_UNASSIGNED,GF3A_DIRECTIONAL_WRITE_EXHAUSTED_PRIMALITY_UNASSIGNED,513,512,512,NO_RECORDED_FACTOR_PRP_OR_LL_RESULT_AND_NO_ACTIVE_GIMPS_ASSIGNMENT,2026-08-09T09:12:31+00:00,UNALLOCATED,,,,,
SLCMP2607-4960,4960,4960,794248877,2^794248877-1,STRUCTURAL_SCREEN_EXHAUSTED_PRIMALITY_UNASSIGNED,GF3A_DIRECTIONAL_WRITE_EXHAUSTED_PRIMALITY_UNASSIGNED,513,512,512,NO_RECORDED_FACTOR_PRP_OR_LL_RESULT_AND_NO_ACTIVE_GIMPS_ASSIGNMENT,2026-08-09T09:12:31+00:00,UNALLOCATED,,,,,
SLCMP2607-4961,4961,4961,794248981,2^794248981-1,STRUCTURAL_SCREEN_EXHAUSTED_PRIMALITY_UNASSIGNED,GF3A_DIRECTIONAL_WRITE_EXHAUSTED_PRIMALITY_UNASSIGNED,513,512,512,NO_RECORDED_FACTOR_PRP_OR_LL_RESULT_AND_NO_ACTIVE_GIMPS_ASSIGNMENT,2026-08-09T09:12:31+00:00,UNALLOCATED,,,,,
SLCMP2607-4962,4962,4962,794249017,2^794249017-1,STRUCTURAL_SCREEN_EXHAUSTED_PRIMALITY_UNASSIGNED,GF3A_DIRECTIONAL_WRITE_EXHAUSTED_PRIMALITY_UNASSIGNED,513,512,512,NO_RECORDED_FACTOR_PRP_OR_LL_RESULT_AND_NO_ACTIVE_GIMPS_ASSIGNMENT,2026-08-09T09:12:31+00:00,UNALLOCATED,,,,,
SLCMP2607-4963,4963,4963,794249059,2^794249059-1,STRUCTURAL_SCREEN_EXHAUSTED_PRIMALITY_UNASSIGNED,GF3A_DIRECTIONAL_WRITE_EXHAUSTED_PRIMALITY_UNASSIGNED,514,512,512,NO_RECORDED_FACTOR_PRP_OR_LL_RESULT_AND_NO_ACTIVE_GIMPS_ASSIGNMENT,2026-08-09T09:12:31+00:00,UNALLOCATED,,,,,
SLCMP2607-4964,4964,4964,794249189,2^794249189-1,STRUCTURAL_SCREEN_EXHAUSTED_PRIMALITY_UNASSIGNED,GF3A_DIRECTIONAL_WRITE_EXHAUSTED_PRIMALITY_UNASSIGNED,513,512,512,NO_RECORDED_FACTOR_PRP_OR_LL_RESULT_AND_NO_ACTIVE_GIMPS_ASSIGNMENT,2026-08-09T09:12:31+00:00,UNALLOCATED,,,,,
SLCMP2607-4965,4965,4965,794249263,2^794249263-1,STRUCTURAL_SCREEN_EXHAUSTED_PRIMALITY_UNASSIGNED,GF3A_DIRECTIONAL_WRITE_EXHAUSTED_PRIMALITY_UNASSIGNED,514,512,512,NO_RECORDED_FACTOR_PRP_OR_LL_RESULT_AND_NO_ACTIVE_GIMPS_ASSIGNMENT,2026-08-09T09:12:31+00:00,UNALLOCATED,,,,,
SLCMP2607-4966,4966,4966,794249273,2^794249273-1,STRUCTURAL_SCREEN_EXHAUSTED_PRIMALITY_UNASSIGNED,GF3A_DIRECTIONAL_WRITE_EXHAUSTED_PRIMALITY_UNASSIGNED,513,512,512,NO_RECORDED_FACTOR_PRP_OR_LL_RESULT_AND_NO_ACTIVE_GIMPS_ASSIGNMENT,2026-08-09T09:12:31+00:00,UNALLOCATED,,,,,
SLCMP2607-4967,4967,4967,794249297,2^794249297-1,STRUCTURAL_SCREEN_EXHAUSTED_PRIMALITY_UNASSIGNED,GF3A_DIRECTIONAL_WRITE_EXHAUSTED_PRIMALITY_UNASSIGNED,513,512,512,NO_RECORDED_FACTOR_PRP_OR_LL_RESULT_AND_NO_ACTIVE_GIMPS_ASSIGNMENT,2026-08-09T09:12:31+00:00,UNALLOCATED,,,,,
SLCMP2607-4968,4968,4968,794249347,2^794249347-1,STRUCTURAL_SCREEN_EXHAUSTED_PRIMALITY_UNASSIGNED,GF3A_DIRECTIONAL_WRITE_EXHAUSTED_PRIMALITY_UNASSIGNED,514,512,512,NO_RECORDED_FACTOR_PRP_OR_LL_RESULT_AND_NO_ACTIVE_GIMPS_ASSIGNMENT,2026-08-09T09:12:31+00:00,UNALLOCATED,,,,,
SLCMP2607-4969,4969,4969,794249369,2^794249369-1,STRUCTURAL_SCREEN_EXHAUSTED_PRIMALITY_UNASSIGNED,GF3A_DIRECTIONAL_WRITE_EXHAUSTED_PRIMALITY_UNASSIGNED,513,512,512,NO_RECORDED_FACTOR_PRP_OR_LL_RESULT_AND_NO_ACTIVE_GIMPS_ASSIGNMENT,2026-08-09T09:12:31+00:00,UNALLOCATED,,,,,
SLCMP2607-4970,4970,4970,794249389,2^794249389-1,STRUCTURAL_SCREEN_EXHAUSTED_PRIMALITY_UNASSIGNED,GF3A_DIRECTIONAL_WRITE_EXHAUSTED_PRIMALITY_UNASSIGNED,513,512,512,NO_RECORDED_FACTOR_PRP_OR_LL_RESULT_AND_NO_ACTIVE_GIMPS_ASSIGNMENT,2026-08-09T09:12:31+00:00,UNALLOCATED,,,,,
SLCMP2607-4971,4971,4971,794249447,2^794249447-1,STRUCTURAL_SCREEN_EXHAUSTED_PRIMALITY_UNASSIGNED,GF3A_DIRECTIONAL_WRITE_EXHAUSTED_PRIMALITY_UNASSIGNED,514,512,512,NO_RECORDED_FACTOR_PRP_OR_LL_RESULT_AND_NO_ACTIVE_GIMPS_ASSIGNMENT,2026-08-09T09:12:31+00:00,UNALLOCATED,,,,,
SLCMP2607-4972,4972,4972,794249507,2^794249507-1,STRUCTURAL_SCREEN_EXHAUSTED_PRIMALITY_UNASSIGNED,GF3A_DIRECTIONAL_WRITE_EXHAUSTED_PRIMALITY_UNASSIGNED,514,512,512,NO_RECORDED_FACTOR_PRP_OR_LL_RESULT_AND_NO_ACTIVE_GIMPS_ASSIGNMENT,2026-08-09T09:12:31+00:00,UNALLOCATED,,,,,
SLCMP2607-4973,4973,4973,794249531,2^794249531-1,STRUCTURAL_SCREEN_EXHAUSTED_PRIMALITY_UNASSIGNED,GF3A_DIRECTIONAL_WRITE_EXHAUSTED_PRIMALITY_UNASSIGNED,514,512,512,NO_RECORDED_FACTOR_PRP_OR_LL_RESULT_AND_NO_ACTIVE_GIMPS_ASSIGNMENT,2026-08-09T09:12:31+00:00,UNALLOCATED,,,,,
SLCMP2607-4974,4974,4974,794249549,2^794249549-1,STRUCTURAL_SCREEN_EXHAUSTED_PRIMALITY_UNASSIGNED,GF3A_DIRECTIONAL_WRITE_EXHAUSTED_PRIMALITY_UNASSIGNED,513,512,512,NO_RECORDED_FACTOR_PRP_OR_LL_RESULT_AND_NO_ACTIVE_GIMPS_ASSIGNMENT,2026-08-09T09:12:31+00:00,UNALLOCATED,,,,,
SLCMP2607-4975,4975,4975,794249567,2^794249567-1,STRUCTURAL_SCREEN_EXHAUSTED_PRIMALITY_UNASSIGNED,GF3A_DIRECTIONAL_WRITE_EXHAUSTED_PRIMALITY_UNASSIGNED,514,512,512,NO_RECORDED_FACTOR_PRP_OR_LL_RESULT_AND_NO_ACTIVE_GIMPS_ASSIGNMENT,2026-08-09T09:12:31+00:00,UNALLOCATED,,,,,
SLCMP2607-4976,4976,4976,794249629,2^794249629-1,STRUCTURAL_SCREEN_EXHAUSTED_PRIMALITY_UNASSIGNED,GF3A_DIRECTIONAL_WRITE_EXHAUSTED_PRIMALITY_UNASSIGNED,513,512,512,NO_RECORDED_FACTOR_PRP_OR_LL_RESULT_AND_NO_ACTIVE_GIMPS_ASSIGNMENT,2026-08-09T09:12:31+00:00,UNALLOCATED,,,,,
SLCMP2607-4977,4977,4977,794249653,2^794249653-1,STRUCTURAL_SCREEN_EXHAUSTED_PRIMALITY_UNASSIGNED,GF3A_DIRECTIONAL_WRITE_EXHAUSTED_PRIMALITY_UNASSIGNED,513,512,512,NO_RECORDED_FACTOR_PRP_OR_LL_RESULT_AND_NO_ACTIVE_GIMPS_ASSIGNMENT,2026-08-09T09:12:31+00:00,UNALLOCATED,,,,,
SLCMP2607-4978,4978,4978,794249693,2^794249693-1,STRUCTURAL_SCREEN_EXHAUSTED_PRIMALITY_UNASSIGNED,GF3A_DIRECTIONAL_WRITE_EXHAUSTED_PRIMALITY_UNASSIGNED,513,512,512,NO_RECORDED_FACTOR_PRP_OR_LL_RESULT_AND_NO_ACTIVE_GIMPS_ASSIGNMENT,2026-08-09T09:12:31+00:00,UNALLOCATED,,,,,
SLCMP2607-4979,4979,4979,794249717,2^794249717-1,STRUCTURAL_SCREEN_EXHAUSTED_PRIMALITY_UNASSIGNED,GF3A_DIRECTIONAL_WRITE_EXHAUSTED_PRIMALITY_UNASSIGNED,513,512,512,NO_RECORDED_FACTOR_PRP_OR_LL_RESULT_AND_NO_ACTIVE_GIMPS_ASSIGNMENT,2026-08-09T09:12:31+00:00,UNALLOCATED,,,,,
SLCMP2607-4980,4980,4980,794249719,2^794249719-1,STRUCTURAL_SCREEN_EXHAUSTED_PRIMALITY_UNASSIGNED,GF3A_DIRECTIONAL_WRITE_EXHAUSTED_PRIMALITY_UNASSIGNED,514,512,512,NO_RECORDED_FACTOR_PRP_OR_LL_RESULT_AND_NO_ACTIVE_GIMPS_ASSIGNMENT,2026-08-09T09:12:31+00:00,UNALLOCATED,,,,,
SLCMP2607-4981,4981,4981,794249773,2^794249773-1,STRUCTURAL_SCREEN_EXHAUSTED_PRIMALITY_UNASSIGNED,GF3A_DIRECTIONAL_WRITE_EXHAUSTED_PRIMALITY_UNASSIGNED,513,512,512,NO_RECORDED_FACTOR_PRP_OR_LL_RESULT_AND_NO_ACTIVE_GIMPS_ASSIGNMENT,2026-08-09T09:12:31+00:00,UNALLOCATED,,,,,
SLCMP2607-4982,4982,4982,794249801,2^794249801-1,STRUCTURAL_SCREEN_EXHAUSTED_PRIMALITY_UNASSIGNED,GF3A_DIRECTIONAL_WRITE_EXHAUSTED_PRIMALITY_UNASSIGNED,513,512,512,NO_RECORDED_FACTOR_PRP_OR_LL_RESULT_AND_NO_ACTIVE_GIMPS_ASSIGNMENT,2026-08-09T09:12:31+00:00,UNALLOCATED,,,,,
SLCMP2607-4983,4983,4983,794249839,2^794249839-1,STRUCTURAL_SCREEN_EXHAUSTED_PRIMALITY_UNASSIGNED,GF3A_DIRECTIONAL_WRITE_EXHAUSTED_PRIMALITY_UNASSIGNED,514,512,512,NO_RECORDED_FACTOR_PRP_OR_LL_RESULT_AND_NO_ACTIVE_GIMPS_ASSIGNMENT,2026-08-09T09:12:31+00:00,UNALLOCATED,,,,,
SLCMP2607-4984,4984,4984,794249849,2^794249849-1,STRUCTURAL_SCREEN_EXHAUSTED_PRIMALITY_UNASSIGNED,GF3A_DIRECTIONAL_WRITE_EXHAUSTED_PRIMALITY_UNASSIGNED,513,512,512,NO_RECORDED_FACTOR_PRP_OR_LL_RESULT_AND_NO_ACTIVE_GIMPS_ASSIGNMENT,2026-08-09T09:12:31+00:00,UNALLOCATED,,,,,
SLCMP2607-4985,4985,4985,794249879,2^794249879-1,STRUCTURAL_SCREEN_EXHAUSTED_PRIMALITY_UNASSIGNED,GF3A_DIRECTIONAL_WRITE_EXHAUSTED_PRIMALITY_UNASSIGNED,514,512,512,NO_RECORDED_FACTOR_PRP_OR_LL_RESULT_AND_NO_ACTIVE_GIMPS_ASSIGNMENT,2026-08-09T09:12:31+00:00,UNALLOCATED,,,,,
SLCMP2607-4986,4986,4986,794249903,2^794249903-1,STRUCTURAL_SCREEN_EXHAUSTED_PRIMALITY_UNASSIGNED,GF3A_DIRECTIONAL_WRITE_EXHAUSTED_PRIMALITY_UNASSIGNED,514,512,512,NO_RECORDED_FACTOR_PRP_OR_LL_RESULT_AND_NO_ACTIVE_GIMPS_ASSIGNMENT,2026-08-09T09:12:31+00:00,UNALLOCATED,,,,,
