queue_id,queue_rank,shell_survivor_rank,exponent,mersenne_object,screen_status,shell_status,screen_schedule_count,shell_schedule_count,shell_tested_opportunity_count,external_status_at_snapshot,assignment_snapshot_utc,sam_distribution_status,assignee,assignment_utc,result_status,result_reference,notes
SLCMP585-0001,1,1,288500087,2^288500087-1,STRUCTURAL_SCREEN_EXHAUSTED_PRIMALITY_UNASSIGNED,GF3A_DIRECTIONAL_WRITE_EXHAUSTED_PRIMALITY_UNASSIGNED,514,512,512,NO_RECORDED_FACTOR_PRP_OR_LL_RESULT_AND_NO_ACTIVE_GIMPS_ASSIGNMENT,2026-08-08T14:01:06+00:00,UNALLOCATED,,,,,
SLCMP585-0002,2,2,288500129,2^288500129-1,STRUCTURAL_SCREEN_EXHAUSTED_PRIMALITY_UNASSIGNED,GF3A_DIRECTIONAL_WRITE_EXHAUSTED_PRIMALITY_UNASSIGNED,513,512,512,NO_RECORDED_FACTOR_PRP_OR_LL_RESULT_AND_NO_ACTIVE_GIMPS_ASSIGNMENT,2026-08-08T14:01:06+00:00,UNALLOCATED,,,,,
SLCMP585-0003,3,3,288500227,2^288500227-1,STRUCTURAL_SCREEN_EXHAUSTED_PRIMALITY_UNASSIGNED,GF3A_DIRECTIONAL_WRITE_EXHAUSTED_PRIMALITY_UNASSIGNED,514,512,512,NO_RECORDED_FACTOR_PRP_OR_LL_RESULT_AND_NO_ACTIVE_GIMPS_ASSIGNMENT,2026-08-08T14:01:06+00:00,UNALLOCATED,,,,,
SLCMP585-0004,4,4,288500269,2^288500269-1,STRUCTURAL_SCREEN_EXHAUSTED_PRIMALITY_UNASSIGNED,GF3A_DIRECTIONAL_WRITE_EXHAUSTED_PRIMALITY_UNASSIGNED,513,512,512,NO_RECORDED_FACTOR_PRP_OR_LL_RESULT_AND_NO_ACTIVE_GIMPS_ASSIGNMENT,2026-08-08T14:01:06+00:00,UNALLOCATED,,,,,
SLCMP585-0005,5,5,288500273,2^288500273-1,STRUCTURAL_SCREEN_EXHAUSTED_PRIMALITY_UNASSIGNED,GF3A_DIRECTIONAL_WRITE_EXHAUSTED_PRIMALITY_UNASSIGNED,513,512,512,NO_RECORDED_FACTOR_PRP_OR_LL_RESULT_AND_NO_ACTIVE_GIMPS_ASSIGNMENT,2026-08-08T14:01:06+00:00,UNALLOCATED,,,,,
SLCMP585-0006,6,6,288500357,2^288500357-1,STRUCTURAL_SCREEN_EXHAUSTED_PRIMALITY_UNASSIGNED,GF3A_DIRECTIONAL_WRITE_EXHAUSTED_PRIMALITY_UNASSIGNED,513,512,512,NO_RECORDED_FACTOR_PRP_OR_LL_RESULT_AND_NO_ACTIVE_GIMPS_ASSIGNMENT,2026-08-08T14:01:06+00:00,UNALLOCATED,,,,,
SLCMP585-0007,7,7,288500411,2^288500411-1,STRUCTURAL_SCREEN_EXHAUSTED_PRIMALITY_UNASSIGNED,GF3A_DIRECTIONAL_WRITE_EXHAUSTED_PRIMALITY_UNASSIGNED,514,512,512,NO_RECORDED_FACTOR_PRP_OR_LL_RESULT_AND_NO_ACTIVE_GIMPS_ASSIGNMENT,2026-08-08T14:01:06+00:00,UNALLOCATED,,,,,
SLCMP585-0008,8,8,288500419,2^288500419-1,STRUCTURAL_SCREEN_EXHAUSTED_PRIMALITY_UNASSIGNED,GF3A_DIRECTIONAL_WRITE_EXHAUSTED_PRIMALITY_UNASSIGNED,514,512,512,NO_RECORDED_FACTOR_PRP_OR_LL_RESULT_AND_NO_ACTIVE_GIMPS_ASSIGNMENT,2026-08-08T14:01:06+00:00,UNALLOCATED,,,,,
SLCMP585-0009,9,9,288500461,2^288500461-1,STRUCTURAL_SCREEN_EXHAUSTED_PRIMALITY_UNASSIGNED,GF3A_DIRECTIONAL_WRITE_EXHAUSTED_PRIMALITY_UNASSIGNED,513,512,512,NO_RECORDED_FACTOR_PRP_OR_LL_RESULT_AND_NO_ACTIVE_GIMPS_ASSIGNMENT,2026-08-08T14:01:06+00:00,UNALLOCATED,,,,,
SLCMP585-0010,10,10,288500473,2^288500473-1,STRUCTURAL_SCREEN_EXHAUSTED_PRIMALITY_UNASSIGNED,GF3A_DIRECTIONAL_WRITE_EXHAUSTED_PRIMALITY_UNASSIGNED,513,512,512,NO_RECORDED_FACTOR_PRP_OR_LL_RESULT_AND_NO_ACTIVE_GIMPS_ASSIGNMENT,2026-08-08T14:01:06+00:00,UNALLOCATED,,,,,
SLCMP585-0011,11,11,288500623,2^288500623-1,STRUCTURAL_SCREEN_EXHAUSTED_PRIMALITY_UNASSIGNED,GF3A_DIRECTIONAL_WRITE_EXHAUSTED_PRIMALITY_UNASSIGNED,514,512,512,NO_RECORDED_FACTOR_PRP_OR_LL_RESULT_AND_NO_ACTIVE_GIMPS_ASSIGNMENT,2026-08-08T14:01:06+00:00,UNALLOCATED,,,,,
SLCMP585-0012,12,12,288500713,2^288500713-1,STRUCTURAL_SCREEN_EXHAUSTED_PRIMALITY_UNASSIGNED,GF3A_DIRECTIONAL_WRITE_EXHAUSTED_PRIMALITY_UNASSIGNED,513,512,512,NO_RECORDED_FACTOR_PRP_OR_LL_RESULT_AND_NO_ACTIVE_GIMPS_ASSIGNMENT,2026-08-08T14:01:06+00:00,UNALLOCATED,,,,,
SLCMP585-0013,13,13,288500741,2^288500741-1,STRUCTURAL_SCREEN_EXHAUSTED_PRIMALITY_UNASSIGNED,GF3A_DIRECTIONAL_WRITE_EXHAUSTED_PRIMALITY_UNASSIGNED,513,512,512,NO_RECORDED_FACTOR_PRP_OR_LL_RESULT_AND_NO_ACTIVE_GIMPS_ASSIGNMENT,2026-08-08T14:01:06+00:00,UNALLOCATED,,,,,
SLCMP585-0014,14,14,288500813,2^288500813-1,STRUCTURAL_SCREEN_EXHAUSTED_PRIMALITY_UNASSIGNED,GF3A_DIRECTIONAL_WRITE_EXHAUSTED_PRIMALITY_UNASSIGNED,513,512,512,NO_RECORDED_FACTOR_PRP_OR_LL_RESULT_AND_NO_ACTIVE_GIMPS_ASSIGNMENT,2026-08-08T14:01:06+00:00,UNALLOCATED,,,,,
SLCMP585-0015,15,15,288500857,2^288500857-1,STRUCTURAL_SCREEN_EXHAUSTED_PRIMALITY_UNASSIGNED,GF3A_DIRECTIONAL_WRITE_EXHAUSTED_PRIMALITY_UNASSIGNED,513,512,512,NO_RECORDED_FACTOR_PRP_OR_LL_RESULT_AND_NO_ACTIVE_GIMPS_ASSIGNMENT,2026-08-08T14:01:06+00:00,UNALLOCATED,,,,,
SLCMP585-0016,16,16,288500869,2^288500869-1,STRUCTURAL_SCREEN_EXHAUSTED_PRIMALITY_UNASSIGNED,GF3A_DIRECTIONAL_WRITE_EXHAUSTED_PRIMALITY_UNASSIGNED,513,512,512,NO_RECORDED_FACTOR_PRP_OR_LL_RESULT_AND_NO_ACTIVE_GIMPS_ASSIGNMENT,2026-08-08T14:01:06+00:00,UNALLOCATED,,,,,
SLCMP585-0017,17,17,288500917,2^288500917-1,STRUCTURAL_SCREEN_EXHAUSTED_PRIMALITY_UNASSIGNED,GF3A_DIRECTIONAL_WRITE_EXHAUSTED_PRIMALITY_UNASSIGNED,513,512,512,NO_RECORDED_FACTOR_PRP_OR_LL_RESULT_AND_NO_ACTIVE_GIMPS_ASSIGNMENT,2026-08-08T14:01:06+00:00,UNALLOCATED,,,,,
SLCMP585-0018,18,18,288500929,2^288500929-1,STRUCTURAL_SCREEN_EXHAUSTED_PRIMALITY_UNASSIGNED,GF3A_DIRECTIONAL_WRITE_EXHAUSTED_PRIMALITY_UNASSIGNED,513,512,512,NO_RECORDED_FACTOR_PRP_OR_LL_RESULT_AND_NO_ACTIVE_GIMPS_ASSIGNMENT,2026-08-08T14:01:06+00:00,UNALLOCATED,,,,,
SLCMP585-0019,19,19,288500941,2^288500941-1,STRUCTURAL_SCREEN_EXHAUSTED_PRIMALITY_UNASSIGNED,GF3A_DIRECTIONAL_WRITE_EXHAUSTED_PRIMALITY_UNASSIGNED,513,512,512,NO_RECORDED_FACTOR_PRP_OR_LL_RESULT_AND_NO_ACTIVE_GIMPS_ASSIGNMENT,2026-08-08T14:01:06+00:00,UNALLOCATED,,,,,
SLCMP585-0020,20,20,288500977,2^288500977-1,STRUCTURAL_SCREEN_EXHAUSTED_PRIMALITY_UNASSIGNED,GF3A_DIRECTIONAL_WRITE_EXHAUSTED_PRIMALITY_UNASSIGNED,513,512,512,NO_RECORDED_FACTOR_PRP_OR_LL_RESULT_AND_NO_ACTIVE_GIMPS_ASSIGNMENT,2026-08-08T14:01:06+00:00,UNALLOCATED,,,,,
SLCMP585-0021,21,21,288500981,2^288500981-1,STRUCTURAL_SCREEN_EXHAUSTED_PRIMALITY_UNASSIGNED,GF3A_DIRECTIONAL_WRITE_EXHAUSTED_PRIMALITY_UNASSIGNED,513,512,512,NO_RECORDED_FACTOR_PRP_OR_LL_RESULT_AND_NO_ACTIVE_GIMPS_ASSIGNMENT,2026-08-08T14:01:06+00:00,UNALLOCATED,,,,,
SLCMP585-0022,22,22,288501001,2^288501001-1,STRUCTURAL_SCREEN_EXHAUSTED_PRIMALITY_UNASSIGNED,GF3A_DIRECTIONAL_WRITE_EXHAUSTED_PRIMALITY_UNASSIGNED,513,512,512,NO_RECORDED_FACTOR_PRP_OR_LL_RESULT_AND_NO_ACTIVE_GIMPS_ASSIGNMENT,2026-08-08T14:01:06+00:00,UNALLOCATED,,,,,
SLCMP585-0023,23,23,288501007,2^288501007-1,STRUCTURAL_SCREEN_EXHAUSTED_PRIMALITY_UNASSIGNED,GF3A_DIRECTIONAL_WRITE_EXHAUSTED_PRIMALITY_UNASSIGNED,514,512,512,NO_RECORDED_FACTOR_PRP_OR_LL_RESULT_AND_NO_ACTIVE_GIMPS_ASSIGNMENT,2026-08-08T14:01:06+00:00,UNALLOCATED,,,,,
SLCMP585-0024,24,24,288501013,2^288501013-1,STRUCTURAL_SCREEN_EXHAUSTED_PRIMALITY_UNASSIGNED,GF3A_DIRECTIONAL_WRITE_EXHAUSTED_PRIMALITY_UNASSIGNED,513,512,512,NO_RECORDED_FACTOR_PRP_OR_LL_RESULT_AND_NO_ACTIVE_GIMPS_ASSIGNMENT,2026-08-08T14:01:06+00:00,UNALLOCATED,,,,,
SLCMP585-0025,25,25,288501137,2^288501137-1,STRUCTURAL_SCREEN_EXHAUSTED_PRIMALITY_UNASSIGNED,GF3A_DIRECTIONAL_WRITE_EXHAUSTED_PRIMALITY_UNASSIGNED,513,512,512,NO_RECORDED_FACTOR_PRP_OR_LL_RESULT_AND_NO_ACTIVE_GIMPS_ASSIGNMENT,2026-08-08T14:01:06+00:00,UNALLOCATED,,,,,
SLCMP585-0026,26,26,288501223,2^288501223-1,STRUCTURAL_SCREEN_EXHAUSTED_PRIMALITY_UNASSIGNED,GF3A_DIRECTIONAL_WRITE_EXHAUSTED_PRIMALITY_UNASSIGNED,514,512,512,NO_RECORDED_FACTOR_PRP_OR_LL_RESULT_AND_NO_ACTIVE_GIMPS_ASSIGNMENT,2026-08-08T14:01:06+00:00,UNALLOCATED,,,,,
SLCMP585-0027,27,27,288501229,2^288501229-1,STRUCTURAL_SCREEN_EXHAUSTED_PRIMALITY_UNASSIGNED,GF3A_DIRECTIONAL_WRITE_EXHAUSTED_PRIMALITY_UNASSIGNED,513,512,512,NO_RECORDED_FACTOR_PRP_OR_LL_RESULT_AND_NO_ACTIVE_GIMPS_ASSIGNMENT,2026-08-08T14:01:06+00:00,UNALLOCATED,,,,,
SLCMP585-0028,28,28,288501331,2^288501331-1,STRUCTURAL_SCREEN_EXHAUSTED_PRIMALITY_UNASSIGNED,GF3A_DIRECTIONAL_WRITE_EXHAUSTED_PRIMALITY_UNASSIGNED,514,512,512,NO_RECORDED_FACTOR_PRP_OR_LL_RESULT_AND_NO_ACTIVE_GIMPS_ASSIGNMENT,2026-08-08T14:01:06+00:00,UNALLOCATED,,,,,
SLCMP585-0029,29,29,288501347,2^288501347-1,STRUCTURAL_SCREEN_EXHAUSTED_PRIMALITY_UNASSIGNED,GF3A_DIRECTIONAL_WRITE_EXHAUSTED_PRIMALITY_UNASSIGNED,514,512,512,NO_RECORDED_FACTOR_PRP_OR_LL_RESULT_AND_NO_ACTIVE_GIMPS_ASSIGNMENT,2026-08-08T14:01:06+00:00,UNALLOCATED,,,,,
SLCMP585-0030,30,30,288501371,2^288501371-1,STRUCTURAL_SCREEN_EXHAUSTED_PRIMALITY_UNASSIGNED,GF3A_DIRECTIONAL_WRITE_EXHAUSTED_PRIMALITY_UNASSIGNED,514,512,512,NO_RECORDED_FACTOR_PRP_OR_LL_RESULT_AND_NO_ACTIVE_GIMPS_ASSIGNMENT,2026-08-08T14:01:06+00:00,UNALLOCATED,,,,,
SLCMP585-0031,31,31,288501401,2^288501401-1,STRUCTURAL_SCREEN_EXHAUSTED_PRIMALITY_UNASSIGNED,GF3A_DIRECTIONAL_WRITE_EXHAUSTED_PRIMALITY_UNASSIGNED,513,512,512,NO_RECORDED_FACTOR_PRP_OR_LL_RESULT_AND_NO_ACTIVE_GIMPS_ASSIGNMENT,2026-08-08T14:01:06+00:00,UNALLOCATED,,,,,
SLCMP585-0032,32,32,288501449,2^288501449-1,STRUCTURAL_SCREEN_EXHAUSTED_PRIMALITY_UNASSIGNED,GF3A_DIRECTIONAL_WRITE_EXHAUSTED_PRIMALITY_UNASSIGNED,513,512,512,NO_RECORDED_FACTOR_PRP_OR_LL_RESULT_AND_NO_ACTIVE_GIMPS_ASSIGNMENT,2026-08-08T14:01:06+00:00,UNALLOCATED,,,,,
SLCMP585-0033,33,33,288501503,2^288501503-1,STRUCTURAL_SCREEN_EXHAUSTED_PRIMALITY_UNASSIGNED,GF3A_DIRECTIONAL_WRITE_EXHAUSTED_PRIMALITY_UNASSIGNED,514,512,512,NO_RECORDED_FACTOR_PRP_OR_LL_RESULT_AND_NO_ACTIVE_GIMPS_ASSIGNMENT,2026-08-08T14:01:06+00:00,UNALLOCATED,,,,,
SLCMP585-0034,34,34,288501523,2^288501523-1,STRUCTURAL_SCREEN_EXHAUSTED_PRIMALITY_UNASSIGNED,GF3A_DIRECTIONAL_WRITE_EXHAUSTED_PRIMALITY_UNASSIGNED,514,512,512,NO_RECORDED_FACTOR_PRP_OR_LL_RESULT_AND_NO_ACTIVE_GIMPS_ASSIGNMENT,2026-08-08T14:01:06+00:00,UNALLOCATED,,,,,
SLCMP585-0035,35,35,288501533,2^288501533-1,STRUCTURAL_SCREEN_EXHAUSTED_PRIMALITY_UNASSIGNED,GF3A_DIRECTIONAL_WRITE_EXHAUSTED_PRIMALITY_UNASSIGNED,513,512,512,NO_RECORDED_FACTOR_PRP_OR_LL_RESULT_AND_NO_ACTIVE_GIMPS_ASSIGNMENT,2026-08-08T14:01:06+00:00,UNALLOCATED,,,,,
SLCMP585-0036,36,36,288501701,2^288501701-1,STRUCTURAL_SCREEN_EXHAUSTED_PRIMALITY_UNASSIGNED,GF3A_DIRECTIONAL_WRITE_EXHAUSTED_PRIMALITY_UNASSIGNED,513,512,512,NO_RECORDED_FACTOR_PRP_OR_LL_RESULT_AND_NO_ACTIVE_GIMPS_ASSIGNMENT,2026-08-08T14:01:06+00:00,UNALLOCATED,,,,,
SLCMP585-0037,37,37,288501727,2^288501727-1,STRUCTURAL_SCREEN_EXHAUSTED_PRIMALITY_UNASSIGNED,GF3A_DIRECTIONAL_WRITE_EXHAUSTED_PRIMALITY_UNASSIGNED,514,512,512,NO_RECORDED_FACTOR_PRP_OR_LL_RESULT_AND_NO_ACTIVE_GIMPS_ASSIGNMENT,2026-08-08T14:01:06+00:00,UNALLOCATED,,,,,
SLCMP585-0038,38,38,288501739,2^288501739-1,STRUCTURAL_SCREEN_EXHAUSTED_PRIMALITY_UNASSIGNED,GF3A_DIRECTIONAL_WRITE_EXHAUSTED_PRIMALITY_UNASSIGNED,514,512,512,NO_RECORDED_FACTOR_PRP_OR_LL_RESULT_AND_NO_ACTIVE_GIMPS_ASSIGNMENT,2026-08-08T14:01:06+00:00,UNALLOCATED,,,,,
SLCMP585-0039,39,39,288501751,2^288501751-1,STRUCTURAL_SCREEN_EXHAUSTED_PRIMALITY_UNASSIGNED,GF3A_DIRECTIONAL_WRITE_EXHAUSTED_PRIMALITY_UNASSIGNED,514,512,512,NO_RECORDED_FACTOR_PRP_OR_LL_RESULT_AND_NO_ACTIVE_GIMPS_ASSIGNMENT,2026-08-08T14:01:06+00:00,UNALLOCATED,,,,,
SLCMP585-0040,40,40,288501809,2^288501809-1,STRUCTURAL_SCREEN_EXHAUSTED_PRIMALITY_UNASSIGNED,GF3A_DIRECTIONAL_WRITE_EXHAUSTED_PRIMALITY_UNASSIGNED,513,512,512,NO_RECORDED_FACTOR_PRP_OR_LL_RESULT_AND_NO_ACTIVE_GIMPS_ASSIGNMENT,2026-08-08T14:01:06+00:00,UNALLOCATED,,,,,
SLCMP585-0041,41,41,288501869,2^288501869-1,STRUCTURAL_SCREEN_EXHAUSTED_PRIMALITY_UNASSIGNED,GF3A_DIRECTIONAL_WRITE_EXHAUSTED_PRIMALITY_UNASSIGNED,513,512,512,NO_RECORDED_FACTOR_PRP_OR_LL_RESULT_AND_NO_ACTIVE_GIMPS_ASSIGNMENT,2026-08-08T14:01:06+00:00,UNALLOCATED,,,,,
SLCMP585-0042,42,42,288501901,2^288501901-1,STRUCTURAL_SCREEN_EXHAUSTED_PRIMALITY_UNASSIGNED,GF3A_DIRECTIONAL_WRITE_EXHAUSTED_PRIMALITY_UNASSIGNED,513,512,512,NO_RECORDED_FACTOR_PRP_OR_LL_RESULT_AND_NO_ACTIVE_GIMPS_ASSIGNMENT,2026-08-08T14:01:06+00:00,UNALLOCATED,,,,,
SLCMP585-0043,43,43,288501911,2^288501911-1,STRUCTURAL_SCREEN_EXHAUSTED_PRIMALITY_UNASSIGNED,GF3A_DIRECTIONAL_WRITE_EXHAUSTED_PRIMALITY_UNASSIGNED,514,512,512,NO_RECORDED_FACTOR_PRP_OR_LL_RESULT_AND_NO_ACTIVE_GIMPS_ASSIGNMENT,2026-08-08T14:01:06+00:00,UNALLOCATED,,,,,
SLCMP585-0044,44,44,288501971,2^288501971-1,STRUCTURAL_SCREEN_EXHAUSTED_PRIMALITY_UNASSIGNED,GF3A_DIRECTIONAL_WRITE_EXHAUSTED_PRIMALITY_UNASSIGNED,514,512,512,NO_RECORDED_FACTOR_PRP_OR_LL_RESULT_AND_NO_ACTIVE_GIMPS_ASSIGNMENT,2026-08-08T14:01:06+00:00,UNALLOCATED,,,,,
SLCMP585-0045,45,45,288501977,2^288501977-1,STRUCTURAL_SCREEN_EXHAUSTED_PRIMALITY_UNASSIGNED,GF3A_DIRECTIONAL_WRITE_EXHAUSTED_PRIMALITY_UNASSIGNED,513,512,512,NO_RECORDED_FACTOR_PRP_OR_LL_RESULT_AND_NO_ACTIVE_GIMPS_ASSIGNMENT,2026-08-08T14:01:06+00:00,UNALLOCATED,,,,,
SLCMP585-0046,46,46,288501989,2^288501989-1,STRUCTURAL_SCREEN_EXHAUSTED_PRIMALITY_UNASSIGNED,GF3A_DIRECTIONAL_WRITE_EXHAUSTED_PRIMALITY_UNASSIGNED,513,512,512,NO_RECORDED_FACTOR_PRP_OR_LL_RESULT_AND_NO_ACTIVE_GIMPS_ASSIGNMENT,2026-08-08T14:01:06+00:00,UNALLOCATED,,,,,
SLCMP585-0047,47,47,288502033,2^288502033-1,STRUCTURAL_SCREEN_EXHAUSTED_PRIMALITY_UNASSIGNED,GF3A_DIRECTIONAL_WRITE_EXHAUSTED_PRIMALITY_UNASSIGNED,513,512,512,NO_RECORDED_FACTOR_PRP_OR_LL_RESULT_AND_NO_ACTIVE_GIMPS_ASSIGNMENT,2026-08-08T14:01:06+00:00,UNALLOCATED,,,,,
SLCMP585-0048,48,48,288502057,2^288502057-1,STRUCTURAL_SCREEN_EXHAUSTED_PRIMALITY_UNASSIGNED,GF3A_DIRECTIONAL_WRITE_EXHAUSTED_PRIMALITY_UNASSIGNED,513,512,512,NO_RECORDED_FACTOR_PRP_OR_LL_RESULT_AND_NO_ACTIVE_GIMPS_ASSIGNMENT,2026-08-08T14:01:06+00:00,UNALLOCATED,,,,,
SLCMP585-0049,49,49,288502147,2^288502147-1,STRUCTURAL_SCREEN_EXHAUSTED_PRIMALITY_UNASSIGNED,GF3A_DIRECTIONAL_WRITE_EXHAUSTED_PRIMALITY_UNASSIGNED,514,512,512,NO_RECORDED_FACTOR_PRP_OR_LL_RESULT_AND_NO_ACTIVE_GIMPS_ASSIGNMENT,2026-08-08T14:01:06+00:00,UNALLOCATED,,,,,
SLCMP585-0050,50,50,288502177,2^288502177-1,STRUCTURAL_SCREEN_EXHAUSTED_PRIMALITY_UNASSIGNED,GF3A_DIRECTIONAL_WRITE_EXHAUSTED_PRIMALITY_UNASSIGNED,513,512,512,NO_RECORDED_FACTOR_PRP_OR_LL_RESULT_AND_NO_ACTIVE_GIMPS_ASSIGNMENT,2026-08-08T14:01:06+00:00,UNALLOCATED,,,,,
SLCMP585-0051,51,51,288502241,2^288502241-1,STRUCTURAL_SCREEN_EXHAUSTED_PRIMALITY_UNASSIGNED,GF3A_DIRECTIONAL_WRITE_EXHAUSTED_PRIMALITY_UNASSIGNED,513,512,512,NO_RECORDED_FACTOR_PRP_OR_LL_RESULT_AND_NO_ACTIVE_GIMPS_ASSIGNMENT,2026-08-08T14:01:06+00:00,UNALLOCATED,,,,,
SLCMP585-0052,52,52,288502387,2^288502387-1,STRUCTURAL_SCREEN_EXHAUSTED_PRIMALITY_UNASSIGNED,GF3A_DIRECTIONAL_WRITE_EXHAUSTED_PRIMALITY_UNASSIGNED,514,512,512,NO_RECORDED_FACTOR_PRP_OR_LL_RESULT_AND_NO_ACTIVE_GIMPS_ASSIGNMENT,2026-08-08T14:01:06+00:00,UNALLOCATED,,,,,
SLCMP585-0053,53,53,288502457,2^288502457-1,STRUCTURAL_SCREEN_EXHAUSTED_PRIMALITY_UNASSIGNED,GF3A_DIRECTIONAL_WRITE_EXHAUSTED_PRIMALITY_UNASSIGNED,513,512,512,NO_RECORDED_FACTOR_PRP_OR_LL_RESULT_AND_NO_ACTIVE_GIMPS_ASSIGNMENT,2026-08-08T14:01:06+00:00,UNALLOCATED,,,,,
SLCMP585-0054,54,54,288502463,2^288502463-1,STRUCTURAL_SCREEN_EXHAUSTED_PRIMALITY_UNASSIGNED,GF3A_DIRECTIONAL_WRITE_EXHAUSTED_PRIMALITY_UNASSIGNED,514,512,512,NO_RECORDED_FACTOR_PRP_OR_LL_RESULT_AND_NO_ACTIVE_GIMPS_ASSIGNMENT,2026-08-08T14:01:06+00:00,UNALLOCATED,,,,,
SLCMP585-0055,55,55,288502481,2^288502481-1,STRUCTURAL_SCREEN_EXHAUSTED_PRIMALITY_UNASSIGNED,GF3A_DIRECTIONAL_WRITE_EXHAUSTED_PRIMALITY_UNASSIGNED,513,512,512,NO_RECORDED_FACTOR_PRP_OR_LL_RESULT_AND_NO_ACTIVE_GIMPS_ASSIGNMENT,2026-08-08T14:01:06+00:00,UNALLOCATED,,,,,
SLCMP585-0056,56,56,288502519,2^288502519-1,STRUCTURAL_SCREEN_EXHAUSTED_PRIMALITY_UNASSIGNED,GF3A_DIRECTIONAL_WRITE_EXHAUSTED_PRIMALITY_UNASSIGNED,514,512,512,NO_RECORDED_FACTOR_PRP_OR_LL_RESULT_AND_NO_ACTIVE_GIMPS_ASSIGNMENT,2026-08-08T14:01:06+00:00,UNALLOCATED,,,,,
SLCMP585-0057,57,57,288502553,2^288502553-1,STRUCTURAL_SCREEN_EXHAUSTED_PRIMALITY_UNASSIGNED,GF3A_DIRECTIONAL_WRITE_EXHAUSTED_PRIMALITY_UNASSIGNED,513,512,512,NO_RECORDED_FACTOR_PRP_OR_LL_RESULT_AND_NO_ACTIVE_GIMPS_ASSIGNMENT,2026-08-08T14:01:06+00:00,UNALLOCATED,,,,,
SLCMP585-0058,58,58,288502601,2^288502601-1,STRUCTURAL_SCREEN_EXHAUSTED_PRIMALITY_UNASSIGNED,GF3A_DIRECTIONAL_WRITE_EXHAUSTED_PRIMALITY_UNASSIGNED,513,512,512,NO_RECORDED_FACTOR_PRP_OR_LL_RESULT_AND_NO_ACTIVE_GIMPS_ASSIGNMENT,2026-08-08T14:01:06+00:00,UNALLOCATED,,,,,
SLCMP585-0059,59,59,288502657,2^288502657-1,STRUCTURAL_SCREEN_EXHAUSTED_PRIMALITY_UNASSIGNED,GF3A_DIRECTIONAL_WRITE_EXHAUSTED_PRIMALITY_UNASSIGNED,513,512,512,NO_RECORDED_FACTOR_PRP_OR_LL_RESULT_AND_NO_ACTIVE_GIMPS_ASSIGNMENT,2026-08-08T14:01:06+00:00,UNALLOCATED,,,,,
SLCMP585-0060,60,60,288502693,2^288502693-1,STRUCTURAL_SCREEN_EXHAUSTED_PRIMALITY_UNASSIGNED,GF3A_DIRECTIONAL_WRITE_EXHAUSTED_PRIMALITY_UNASSIGNED,513,512,512,NO_RECORDED_FACTOR_PRP_OR_LL_RESULT_AND_NO_ACTIVE_GIMPS_ASSIGNMENT,2026-08-08T14:01:06+00:00,UNALLOCATED,,,,,
SLCMP585-0061,61,61,288502831,2^288502831-1,STRUCTURAL_SCREEN_EXHAUSTED_PRIMALITY_UNASSIGNED,GF3A_DIRECTIONAL_WRITE_EXHAUSTED_PRIMALITY_UNASSIGNED,514,512,512,NO_RECORDED_FACTOR_PRP_OR_LL_RESULT_AND_NO_ACTIVE_GIMPS_ASSIGNMENT,2026-08-08T14:01:06+00:00,UNALLOCATED,,,,,
SLCMP585-0062,62,62,288502843,2^288502843-1,STRUCTURAL_SCREEN_EXHAUSTED_PRIMALITY_UNASSIGNED,GF3A_DIRECTIONAL_WRITE_EXHAUSTED_PRIMALITY_UNASSIGNED,514,512,512,NO_RECORDED_FACTOR_PRP_OR_LL_RESULT_AND_NO_ACTIVE_GIMPS_ASSIGNMENT,2026-08-08T14:01:06+00:00,UNALLOCATED,,,,,
SLCMP585-0063,63,63,288502853,2^288502853-1,STRUCTURAL_SCREEN_EXHAUSTED_PRIMALITY_UNASSIGNED,GF3A_DIRECTIONAL_WRITE_EXHAUSTED_PRIMALITY_UNASSIGNED,513,512,512,NO_RECORDED_FACTOR_PRP_OR_LL_RESULT_AND_NO_ACTIVE_GIMPS_ASSIGNMENT,2026-08-08T14:01:06+00:00,UNALLOCATED,,,,,
SLCMP585-0064,64,64,288502997,2^288502997-1,STRUCTURAL_SCREEN_EXHAUSTED_PRIMALITY_UNASSIGNED,GF3A_DIRECTIONAL_WRITE_EXHAUSTED_PRIMALITY_UNASSIGNED,513,512,512,NO_RECORDED_FACTOR_PRP_OR_LL_RESULT_AND_NO_ACTIVE_GIMPS_ASSIGNMENT,2026-08-08T14:01:06+00:00,UNALLOCATED,,,,,
SLCMP585-0065,65,65,288503029,2^288503029-1,STRUCTURAL_SCREEN_EXHAUSTED_PRIMALITY_UNASSIGNED,GF3A_DIRECTIONAL_WRITE_EXHAUSTED_PRIMALITY_UNASSIGNED,513,512,512,NO_RECORDED_FACTOR_PRP_OR_LL_RESULT_AND_NO_ACTIVE_GIMPS_ASSIGNMENT,2026-08-08T14:01:06+00:00,UNALLOCATED,,,,,
SLCMP585-0066,66,66,288503063,2^288503063-1,STRUCTURAL_SCREEN_EXHAUSTED_PRIMALITY_UNASSIGNED,GF3A_DIRECTIONAL_WRITE_EXHAUSTED_PRIMALITY_UNASSIGNED,514,512,512,NO_RECORDED_FACTOR_PRP_OR_LL_RESULT_AND_NO_ACTIVE_GIMPS_ASSIGNMENT,2026-08-08T14:01:06+00:00,UNALLOCATED,,,,,
SLCMP585-0067,67,67,288503069,2^288503069-1,STRUCTURAL_SCREEN_EXHAUSTED_PRIMALITY_UNASSIGNED,GF3A_DIRECTIONAL_WRITE_EXHAUSTED_PRIMALITY_UNASSIGNED,513,512,512,NO_RECORDED_FACTOR_PRP_OR_LL_RESULT_AND_NO_ACTIVE_GIMPS_ASSIGNMENT,2026-08-08T14:01:06+00:00,UNALLOCATED,,,,,
SLCMP585-0068,68,68,288503119,2^288503119-1,STRUCTURAL_SCREEN_EXHAUSTED_PRIMALITY_UNASSIGNED,GF3A_DIRECTIONAL_WRITE_EXHAUSTED_PRIMALITY_UNASSIGNED,514,512,512,NO_RECORDED_FACTOR_PRP_OR_LL_RESULT_AND_NO_ACTIVE_GIMPS_ASSIGNMENT,2026-08-08T14:01:06+00:00,UNALLOCATED,,,,,
SLCMP585-0069,69,69,288503129,2^288503129-1,STRUCTURAL_SCREEN_EXHAUSTED_PRIMALITY_UNASSIGNED,GF3A_DIRECTIONAL_WRITE_EXHAUSTED_PRIMALITY_UNASSIGNED,513,512,512,NO_RECORDED_FACTOR_PRP_OR_LL_RESULT_AND_NO_ACTIVE_GIMPS_ASSIGNMENT,2026-08-08T14:01:06+00:00,UNALLOCATED,,,,,
SLCMP585-0070,70,70,288503197,2^288503197-1,STRUCTURAL_SCREEN_EXHAUSTED_PRIMALITY_UNASSIGNED,GF3A_DIRECTIONAL_WRITE_EXHAUSTED_PRIMALITY_UNASSIGNED,513,512,512,NO_RECORDED_FACTOR_PRP_OR_LL_RESULT_AND_NO_ACTIVE_GIMPS_ASSIGNMENT,2026-08-08T14:01:06+00:00,UNALLOCATED,,,,,
SLCMP585-0071,71,71,288503213,2^288503213-1,STRUCTURAL_SCREEN_EXHAUSTED_PRIMALITY_UNASSIGNED,GF3A_DIRECTIONAL_WRITE_EXHAUSTED_PRIMALITY_UNASSIGNED,513,512,512,NO_RECORDED_FACTOR_PRP_OR_LL_RESULT_AND_NO_ACTIVE_GIMPS_ASSIGNMENT,2026-08-08T14:01:06+00:00,UNALLOCATED,,,,,
SLCMP585-0072,72,72,288503287,2^288503287-1,STRUCTURAL_SCREEN_EXHAUSTED_PRIMALITY_UNASSIGNED,GF3A_DIRECTIONAL_WRITE_EXHAUSTED_PRIMALITY_UNASSIGNED,514,512,512,NO_RECORDED_FACTOR_PRP_OR_LL_RESULT_AND_NO_ACTIVE_GIMPS_ASSIGNMENT,2026-08-08T14:01:06+00:00,UNALLOCATED,,,,,
SLCMP585-0073,73,73,288503359,2^288503359-1,STRUCTURAL_SCREEN_EXHAUSTED_PRIMALITY_UNASSIGNED,GF3A_DIRECTIONAL_WRITE_EXHAUSTED_PRIMALITY_UNASSIGNED,514,512,512,NO_RECORDED_FACTOR_PRP_OR_LL_RESULT_AND_NO_ACTIVE_GIMPS_ASSIGNMENT,2026-08-08T14:01:06+00:00,UNALLOCATED,,,,,
SLCMP585-0074,74,74,288503377,2^288503377-1,STRUCTURAL_SCREEN_EXHAUSTED_PRIMALITY_UNASSIGNED,GF3A_DIRECTIONAL_WRITE_EXHAUSTED_PRIMALITY_UNASSIGNED,513,512,512,NO_RECORDED_FACTOR_PRP_OR_LL_RESULT_AND_NO_ACTIVE_GIMPS_ASSIGNMENT,2026-08-08T14:01:06+00:00,UNALLOCATED,,,,,
SLCMP585-0075,75,75,288503381,2^288503381-1,STRUCTURAL_SCREEN_EXHAUSTED_PRIMALITY_UNASSIGNED,GF3A_DIRECTIONAL_WRITE_EXHAUSTED_PRIMALITY_UNASSIGNED,513,512,512,NO_RECORDED_FACTOR_PRP_OR_LL_RESULT_AND_NO_ACTIVE_GIMPS_ASSIGNMENT,2026-08-08T14:01:06+00:00,UNALLOCATED,,,,,
SLCMP585-0076,76,76,288503461,2^288503461-1,STRUCTURAL_SCREEN_EXHAUSTED_PRIMALITY_UNASSIGNED,GF3A_DIRECTIONAL_WRITE_EXHAUSTED_PRIMALITY_UNASSIGNED,513,512,512,NO_RECORDED_FACTOR_PRP_OR_LL_RESULT_AND_NO_ACTIVE_GIMPS_ASSIGNMENT,2026-08-08T14:01:06+00:00,UNALLOCATED,,,,,
SLCMP585-0077,77,77,288503491,2^288503491-1,STRUCTURAL_SCREEN_EXHAUSTED_PRIMALITY_UNASSIGNED,GF3A_DIRECTIONAL_WRITE_EXHAUSTED_PRIMALITY_UNASSIGNED,514,512,512,NO_RECORDED_FACTOR_PRP_OR_LL_RESULT_AND_NO_ACTIVE_GIMPS_ASSIGNMENT,2026-08-08T14:01:06+00:00,UNALLOCATED,,,,,
SLCMP585-0078,78,78,288503507,2^288503507-1,STRUCTURAL_SCREEN_EXHAUSTED_PRIMALITY_UNASSIGNED,GF3A_DIRECTIONAL_WRITE_EXHAUSTED_PRIMALITY_UNASSIGNED,514,512,512,NO_RECORDED_FACTOR_PRP_OR_LL_RESULT_AND_NO_ACTIVE_GIMPS_ASSIGNMENT,2026-08-08T14:01:06+00:00,UNALLOCATED,,,,,
SLCMP585-0079,79,79,288503521,2^288503521-1,STRUCTURAL_SCREEN_EXHAUSTED_PRIMALITY_UNASSIGNED,GF3A_DIRECTIONAL_WRITE_EXHAUSTED_PRIMALITY_UNASSIGNED,513,512,512,NO_RECORDED_FACTOR_PRP_OR_LL_RESULT_AND_NO_ACTIVE_GIMPS_ASSIGNMENT,2026-08-08T14:01:06+00:00,UNALLOCATED,,,,,
SLCMP585-0080,80,80,288503599,2^288503599-1,STRUCTURAL_SCREEN_EXHAUSTED_PRIMALITY_UNASSIGNED,GF3A_DIRECTIONAL_WRITE_EXHAUSTED_PRIMALITY_UNASSIGNED,514,512,512,NO_RECORDED_FACTOR_PRP_OR_LL_RESULT_AND_NO_ACTIVE_GIMPS_ASSIGNMENT,2026-08-08T14:01:06+00:00,UNALLOCATED,,,,,
SLCMP585-0081,81,81,288503729,2^288503729-1,STRUCTURAL_SCREEN_EXHAUSTED_PRIMALITY_UNASSIGNED,GF3A_DIRECTIONAL_WRITE_EXHAUSTED_PRIMALITY_UNASSIGNED,513,512,512,NO_RECORDED_FACTOR_PRP_OR_LL_RESULT_AND_NO_ACTIVE_GIMPS_ASSIGNMENT,2026-08-08T14:01:06+00:00,UNALLOCATED,,,,,
SLCMP585-0082,82,82,288503833,2^288503833-1,STRUCTURAL_SCREEN_EXHAUSTED_PRIMALITY_UNASSIGNED,GF3A_DIRECTIONAL_WRITE_EXHAUSTED_PRIMALITY_UNASSIGNED,513,512,512,NO_RECORDED_FACTOR_PRP_OR_LL_RESULT_AND_NO_ACTIVE_GIMPS_ASSIGNMENT,2026-08-08T14:01:06+00:00,UNALLOCATED,,,,,
SLCMP585-0083,83,83,288503851,2^288503851-1,STRUCTURAL_SCREEN_EXHAUSTED_PRIMALITY_UNASSIGNED,GF3A_DIRECTIONAL_WRITE_EXHAUSTED_PRIMALITY_UNASSIGNED,514,512,512,NO_RECORDED_FACTOR_PRP_OR_LL_RESULT_AND_NO_ACTIVE_GIMPS_ASSIGNMENT,2026-08-08T14:01:06+00:00,UNALLOCATED,,,,,
SLCMP585-0084,84,84,288503867,2^288503867-1,STRUCTURAL_SCREEN_EXHAUSTED_PRIMALITY_UNASSIGNED,GF3A_DIRECTIONAL_WRITE_EXHAUSTED_PRIMALITY_UNASSIGNED,514,512,512,NO_RECORDED_FACTOR_PRP_OR_LL_RESULT_AND_NO_ACTIVE_GIMPS_ASSIGNMENT,2026-08-08T14:01:06+00:00,UNALLOCATED,,,,,
SLCMP585-0085,85,85,288503987,2^288503987-1,STRUCTURAL_SCREEN_EXHAUSTED_PRIMALITY_UNASSIGNED,GF3A_DIRECTIONAL_WRITE_EXHAUSTED_PRIMALITY_UNASSIGNED,514,512,512,NO_RECORDED_FACTOR_PRP_OR_LL_RESULT_AND_NO_ACTIVE_GIMPS_ASSIGNMENT,2026-08-08T14:01:06+00:00,UNALLOCATED,,,,,
SLCMP585-0086,86,86,288504079,2^288504079-1,STRUCTURAL_SCREEN_EXHAUSTED_PRIMALITY_UNASSIGNED,GF3A_DIRECTIONAL_WRITE_EXHAUSTED_PRIMALITY_UNASSIGNED,514,512,512,NO_RECORDED_FACTOR_PRP_OR_LL_RESULT_AND_NO_ACTIVE_GIMPS_ASSIGNMENT,2026-08-08T14:01:06+00:00,UNALLOCATED,,,,,
SLCMP585-0087,87,87,288504089,2^288504089-1,STRUCTURAL_SCREEN_EXHAUSTED_PRIMALITY_UNASSIGNED,GF3A_DIRECTIONAL_WRITE_EXHAUSTED_PRIMALITY_UNASSIGNED,513,512,512,NO_RECORDED_FACTOR_PRP_OR_LL_RESULT_AND_NO_ACTIVE_GIMPS_ASSIGNMENT,2026-08-08T14:01:06+00:00,UNALLOCATED,,,,,
SLCMP585-0088,88,88,288504121,2^288504121-1,STRUCTURAL_SCREEN_EXHAUSTED_PRIMALITY_UNASSIGNED,GF3A_DIRECTIONAL_WRITE_EXHAUSTED_PRIMALITY_UNASSIGNED,513,512,512,NO_RECORDED_FACTOR_PRP_OR_LL_RESULT_AND_NO_ACTIVE_GIMPS_ASSIGNMENT,2026-08-08T14:01:06+00:00,UNALLOCATED,,,,,
SLCMP585-0089,89,89,288504131,2^288504131-1,STRUCTURAL_SCREEN_EXHAUSTED_PRIMALITY_UNASSIGNED,GF3A_DIRECTIONAL_WRITE_EXHAUSTED_PRIMALITY_UNASSIGNED,514,512,512,NO_RECORDED_FACTOR_PRP_OR_LL_RESULT_AND_NO_ACTIVE_GIMPS_ASSIGNMENT,2026-08-08T14:01:06+00:00,UNALLOCATED,,,,,
SLCMP585-0090,90,90,288504137,2^288504137-1,STRUCTURAL_SCREEN_EXHAUSTED_PRIMALITY_UNASSIGNED,GF3A_DIRECTIONAL_WRITE_EXHAUSTED_PRIMALITY_UNASSIGNED,513,512,512,NO_RECORDED_FACTOR_PRP_OR_LL_RESULT_AND_NO_ACTIVE_GIMPS_ASSIGNMENT,2026-08-08T14:01:06+00:00,UNALLOCATED,,,,,
SLCMP585-0091,91,91,288504179,2^288504179-1,STRUCTURAL_SCREEN_EXHAUSTED_PRIMALITY_UNASSIGNED,GF3A_DIRECTIONAL_WRITE_EXHAUSTED_PRIMALITY_UNASSIGNED,514,512,512,NO_RECORDED_FACTOR_PRP_OR_LL_RESULT_AND_NO_ACTIVE_GIMPS_ASSIGNMENT,2026-08-08T14:01:06+00:00,UNALLOCATED,,,,,
SLCMP585-0092,92,92,288504191,2^288504191-1,STRUCTURAL_SCREEN_EXHAUSTED_PRIMALITY_UNASSIGNED,GF3A_DIRECTIONAL_WRITE_EXHAUSTED_PRIMALITY_UNASSIGNED,514,512,512,NO_RECORDED_FACTOR_PRP_OR_LL_RESULT_AND_NO_ACTIVE_GIMPS_ASSIGNMENT,2026-08-08T14:01:06+00:00,UNALLOCATED,,,,,
SLCMP585-0093,93,93,288504253,2^288504253-1,STRUCTURAL_SCREEN_EXHAUSTED_PRIMALITY_UNASSIGNED,GF3A_DIRECTIONAL_WRITE_EXHAUSTED_PRIMALITY_UNASSIGNED,513,512,512,NO_RECORDED_FACTOR_PRP_OR_LL_RESULT_AND_NO_ACTIVE_GIMPS_ASSIGNMENT,2026-08-08T14:01:06+00:00,UNALLOCATED,,,,,
SLCMP585-0094,94,94,288504301,2^288504301-1,STRUCTURAL_SCREEN_EXHAUSTED_PRIMALITY_UNASSIGNED,GF3A_DIRECTIONAL_WRITE_EXHAUSTED_PRIMALITY_UNASSIGNED,513,512,512,NO_RECORDED_FACTOR_PRP_OR_LL_RESULT_AND_NO_ACTIVE_GIMPS_ASSIGNMENT,2026-08-08T14:01:06+00:00,UNALLOCATED,,,,,
SLCMP585-0095,95,95,288504317,2^288504317-1,STRUCTURAL_SCREEN_EXHAUSTED_PRIMALITY_UNASSIGNED,GF3A_DIRECTIONAL_WRITE_EXHAUSTED_PRIMALITY_UNASSIGNED,513,512,512,NO_RECORDED_FACTOR_PRP_OR_LL_RESULT_AND_NO_ACTIVE_GIMPS_ASSIGNMENT,2026-08-08T14:01:06+00:00,UNALLOCATED,,,,,
SLCMP585-0096,96,96,288504367,2^288504367-1,STRUCTURAL_SCREEN_EXHAUSTED_PRIMALITY_UNASSIGNED,GF3A_DIRECTIONAL_WRITE_EXHAUSTED_PRIMALITY_UNASSIGNED,514,512,512,NO_RECORDED_FACTOR_PRP_OR_LL_RESULT_AND_NO_ACTIVE_GIMPS_ASSIGNMENT,2026-08-08T14:01:06+00:00,UNALLOCATED,,,,,
SLCMP585-0097,97,97,288504373,2^288504373-1,STRUCTURAL_SCREEN_EXHAUSTED_PRIMALITY_UNASSIGNED,GF3A_DIRECTIONAL_WRITE_EXHAUSTED_PRIMALITY_UNASSIGNED,513,512,512,NO_RECORDED_FACTOR_PRP_OR_LL_RESULT_AND_NO_ACTIVE_GIMPS_ASSIGNMENT,2026-08-08T14:01:06+00:00,UNALLOCATED,,,,,
SLCMP585-0098,98,98,288504409,2^288504409-1,STRUCTURAL_SCREEN_EXHAUSTED_PRIMALITY_UNASSIGNED,GF3A_DIRECTIONAL_WRITE_EXHAUSTED_PRIMALITY_UNASSIGNED,513,512,512,NO_RECORDED_FACTOR_PRP_OR_LL_RESULT_AND_NO_ACTIVE_GIMPS_ASSIGNMENT,2026-08-08T14:01:06+00:00,UNALLOCATED,,,,,
SLCMP585-0099,99,99,288504523,2^288504523-1,STRUCTURAL_SCREEN_EXHAUSTED_PRIMALITY_UNASSIGNED,GF3A_DIRECTIONAL_WRITE_EXHAUSTED_PRIMALITY_UNASSIGNED,514,512,512,NO_RECORDED_FACTOR_PRP_OR_LL_RESULT_AND_NO_ACTIVE_GIMPS_ASSIGNMENT,2026-08-08T14:01:06+00:00,UNALLOCATED,,,,,
SLCMP585-0100,100,100,288504539,2^288504539-1,STRUCTURAL_SCREEN_EXHAUSTED_PRIMALITY_UNASSIGNED,GF3A_DIRECTIONAL_WRITE_EXHAUSTED_PRIMALITY_UNASSIGNED,514,512,512,NO_RECORDED_FACTOR_PRP_OR_LL_RESULT_AND_NO_ACTIVE_GIMPS_ASSIGNMENT,2026-08-08T14:01:06+00:00,UNALLOCATED,,,,,
SLCMP585-0101,101,101,288504611,2^288504611-1,STRUCTURAL_SCREEN_EXHAUSTED_PRIMALITY_UNASSIGNED,GF3A_DIRECTIONAL_WRITE_EXHAUSTED_PRIMALITY_UNASSIGNED,514,512,512,NO_RECORDED_FACTOR_PRP_OR_LL_RESULT_AND_NO_ACTIVE_GIMPS_ASSIGNMENT,2026-08-08T14:01:06+00:00,UNALLOCATED,,,,,
SLCMP585-0102,102,102,288504649,2^288504649-1,STRUCTURAL_SCREEN_EXHAUSTED_PRIMALITY_UNASSIGNED,GF3A_DIRECTIONAL_WRITE_EXHAUSTED_PRIMALITY_UNASSIGNED,513,512,512,NO_RECORDED_FACTOR_PRP_OR_LL_RESULT_AND_NO_ACTIVE_GIMPS_ASSIGNMENT,2026-08-08T14:01:06+00:00,UNALLOCATED,,,,,
SLCMP585-0103,103,103,288504701,2^288504701-1,STRUCTURAL_SCREEN_EXHAUSTED_PRIMALITY_UNASSIGNED,GF3A_DIRECTIONAL_WRITE_EXHAUSTED_PRIMALITY_UNASSIGNED,513,512,512,NO_RECORDED_FACTOR_PRP_OR_LL_RESULT_AND_NO_ACTIVE_GIMPS_ASSIGNMENT,2026-08-08T14:01:06+00:00,UNALLOCATED,,,,,
SLCMP585-0104,104,104,288504871,2^288504871-1,STRUCTURAL_SCREEN_EXHAUSTED_PRIMALITY_UNASSIGNED,GF3A_DIRECTIONAL_WRITE_EXHAUSTED_PRIMALITY_UNASSIGNED,514,512,512,NO_RECORDED_FACTOR_PRP_OR_LL_RESULT_AND_NO_ACTIVE_GIMPS_ASSIGNMENT,2026-08-08T14:01:06+00:00,UNALLOCATED,,,,,
SLCMP585-0105,105,105,288504889,2^288504889-1,STRUCTURAL_SCREEN_EXHAUSTED_PRIMALITY_UNASSIGNED,GF3A_DIRECTIONAL_WRITE_EXHAUSTED_PRIMALITY_UNASSIGNED,513,512,512,NO_RECORDED_FACTOR_PRP_OR_LL_RESULT_AND_NO_ACTIVE_GIMPS_ASSIGNMENT,2026-08-08T14:01:06+00:00,UNALLOCATED,,,,,
SLCMP585-0106,106,106,288504901,2^288504901-1,STRUCTURAL_SCREEN_EXHAUSTED_PRIMALITY_UNASSIGNED,GF3A_DIRECTIONAL_WRITE_EXHAUSTED_PRIMALITY_UNASSIGNED,513,512,512,NO_RECORDED_FACTOR_PRP_OR_LL_RESULT_AND_NO_ACTIVE_GIMPS_ASSIGNMENT,2026-08-08T14:01:06+00:00,UNALLOCATED,,,,,
SLCMP585-0107,107,107,288504907,2^288504907-1,STRUCTURAL_SCREEN_EXHAUSTED_PRIMALITY_UNASSIGNED,GF3A_DIRECTIONAL_WRITE_EXHAUSTED_PRIMALITY_UNASSIGNED,514,512,512,NO_RECORDED_FACTOR_PRP_OR_LL_RESULT_AND_NO_ACTIVE_GIMPS_ASSIGNMENT,2026-08-08T14:01:06+00:00,UNALLOCATED,,,,,
SLCMP585-0108,108,108,288504967,2^288504967-1,STRUCTURAL_SCREEN_EXHAUSTED_PRIMALITY_UNASSIGNED,GF3A_DIRECTIONAL_WRITE_EXHAUSTED_PRIMALITY_UNASSIGNED,514,512,512,NO_RECORDED_FACTOR_PRP_OR_LL_RESULT_AND_NO_ACTIVE_GIMPS_ASSIGNMENT,2026-08-08T14:01:06+00:00,UNALLOCATED,,,,,
SLCMP585-0109,109,109,288505037,2^288505037-1,STRUCTURAL_SCREEN_EXHAUSTED_PRIMALITY_UNASSIGNED,GF3A_DIRECTIONAL_WRITE_EXHAUSTED_PRIMALITY_UNASSIGNED,513,512,512,NO_RECORDED_FACTOR_PRP_OR_LL_RESULT_AND_NO_ACTIVE_GIMPS_ASSIGNMENT,2026-08-08T14:01:06+00:00,UNALLOCATED,,,,,
SLCMP585-0110,110,110,288505057,2^288505057-1,STRUCTURAL_SCREEN_EXHAUSTED_PRIMALITY_UNASSIGNED,GF3A_DIRECTIONAL_WRITE_EXHAUSTED_PRIMALITY_UNASSIGNED,513,512,512,NO_RECORDED_FACTOR_PRP_OR_LL_RESULT_AND_NO_ACTIVE_GIMPS_ASSIGNMENT,2026-08-08T14:01:06+00:00,UNALLOCATED,,,,,
SLCMP585-0111,111,111,288505141,2^288505141-1,STRUCTURAL_SCREEN_EXHAUSTED_PRIMALITY_UNASSIGNED,GF3A_DIRECTIONAL_WRITE_EXHAUSTED_PRIMALITY_UNASSIGNED,513,512,512,NO_RECORDED_FACTOR_PRP_OR_LL_RESULT_AND_NO_ACTIVE_GIMPS_ASSIGNMENT,2026-08-08T14:01:06+00:00,UNALLOCATED,,,,,
SLCMP585-0112,112,112,288505213,2^288505213-1,STRUCTURAL_SCREEN_EXHAUSTED_PRIMALITY_UNASSIGNED,GF3A_DIRECTIONAL_WRITE_EXHAUSTED_PRIMALITY_UNASSIGNED,513,512,512,NO_RECORDED_FACTOR_PRP_OR_LL_RESULT_AND_NO_ACTIVE_GIMPS_ASSIGNMENT,2026-08-08T14:01:06+00:00,UNALLOCATED,,,,,
SLCMP585-0113,113,113,288505303,2^288505303-1,STRUCTURAL_SCREEN_EXHAUSTED_PRIMALITY_UNASSIGNED,GF3A_DIRECTIONAL_WRITE_EXHAUSTED_PRIMALITY_UNASSIGNED,514,512,512,NO_RECORDED_FACTOR_PRP_OR_LL_RESULT_AND_NO_ACTIVE_GIMPS_ASSIGNMENT,2026-08-08T14:01:06+00:00,UNALLOCATED,,,,,
SLCMP585-0114,114,114,288505381,2^288505381-1,STRUCTURAL_SCREEN_EXHAUSTED_PRIMALITY_UNASSIGNED,GF3A_DIRECTIONAL_WRITE_EXHAUSTED_PRIMALITY_UNASSIGNED,513,512,512,NO_RECORDED_FACTOR_PRP_OR_LL_RESULT_AND_NO_ACTIVE_GIMPS_ASSIGNMENT,2026-08-08T14:01:06+00:00,UNALLOCATED,,,,,
SLCMP585-0115,115,115,288505433,2^288505433-1,STRUCTURAL_SCREEN_EXHAUSTED_PRIMALITY_UNASSIGNED,GF3A_DIRECTIONAL_WRITE_EXHAUSTED_PRIMALITY_UNASSIGNED,513,512,512,NO_RECORDED_FACTOR_PRP_OR_LL_RESULT_AND_NO_ACTIVE_GIMPS_ASSIGNMENT,2026-08-08T14:01:06+00:00,UNALLOCATED,,,,,
SLCMP585-0116,116,116,288505517,2^288505517-1,STRUCTURAL_SCREEN_EXHAUSTED_PRIMALITY_UNASSIGNED,GF3A_DIRECTIONAL_WRITE_EXHAUSTED_PRIMALITY_UNASSIGNED,513,512,512,NO_RECORDED_FACTOR_PRP_OR_LL_RESULT_AND_NO_ACTIVE_GIMPS_ASSIGNMENT,2026-08-08T14:01:06+00:00,UNALLOCATED,,,,,
SLCMP585-0117,117,117,288505531,2^288505531-1,STRUCTURAL_SCREEN_EXHAUSTED_PRIMALITY_UNASSIGNED,GF3A_DIRECTIONAL_WRITE_EXHAUSTED_PRIMALITY_UNASSIGNED,514,512,512,NO_RECORDED_FACTOR_PRP_OR_LL_RESULT_AND_NO_ACTIVE_GIMPS_ASSIGNMENT,2026-08-08T14:01:06+00:00,UNALLOCATED,,,,,
SLCMP585-0118,118,118,288505621,2^288505621-1,STRUCTURAL_SCREEN_EXHAUSTED_PRIMALITY_UNASSIGNED,GF3A_DIRECTIONAL_WRITE_EXHAUSTED_PRIMALITY_UNASSIGNED,513,512,512,NO_RECORDED_FACTOR_PRP_OR_LL_RESULT_AND_NO_ACTIVE_GIMPS_ASSIGNMENT,2026-08-08T14:01:06+00:00,UNALLOCATED,,,,,
SLCMP585-0119,119,119,288505703,2^288505703-1,STRUCTURAL_SCREEN_EXHAUSTED_PRIMALITY_UNASSIGNED,GF3A_DIRECTIONAL_WRITE_EXHAUSTED_PRIMALITY_UNASSIGNED,514,512,512,NO_RECORDED_FACTOR_PRP_OR_LL_RESULT_AND_NO_ACTIVE_GIMPS_ASSIGNMENT,2026-08-08T14:01:06+00:00,UNALLOCATED,,,,,
SLCMP585-0120,120,120,288505729,2^288505729-1,STRUCTURAL_SCREEN_EXHAUSTED_PRIMALITY_UNASSIGNED,GF3A_DIRECTIONAL_WRITE_EXHAUSTED_PRIMALITY_UNASSIGNED,513,512,512,NO_RECORDED_FACTOR_PRP_OR_LL_RESULT_AND_NO_ACTIVE_GIMPS_ASSIGNMENT,2026-08-08T14:01:06+00:00,UNALLOCATED,,,,,
SLCMP585-0121,121,121,288505733,2^288505733-1,STRUCTURAL_SCREEN_EXHAUSTED_PRIMALITY_UNASSIGNED,GF3A_DIRECTIONAL_WRITE_EXHAUSTED_PRIMALITY_UNASSIGNED,513,512,512,NO_RECORDED_FACTOR_PRP_OR_LL_RESULT_AND_NO_ACTIVE_GIMPS_ASSIGNMENT,2026-08-08T14:01:06+00:00,UNALLOCATED,,,,,
SLCMP585-0122,122,122,288505739,2^288505739-1,STRUCTURAL_SCREEN_EXHAUSTED_PRIMALITY_UNASSIGNED,GF3A_DIRECTIONAL_WRITE_EXHAUSTED_PRIMALITY_UNASSIGNED,514,512,512,NO_RECORDED_FACTOR_PRP_OR_LL_RESULT_AND_NO_ACTIVE_GIMPS_ASSIGNMENT,2026-08-08T14:01:06+00:00,UNALLOCATED,,,,,
SLCMP585-0123,123,123,288505757,2^288505757-1,STRUCTURAL_SCREEN_EXHAUSTED_PRIMALITY_UNASSIGNED,GF3A_DIRECTIONAL_WRITE_EXHAUSTED_PRIMALITY_UNASSIGNED,513,512,512,NO_RECORDED_FACTOR_PRP_OR_LL_RESULT_AND_NO_ACTIVE_GIMPS_ASSIGNMENT,2026-08-08T14:01:06+00:00,UNALLOCATED,,,,,
SLCMP585-0124,124,124,288505853,2^288505853-1,STRUCTURAL_SCREEN_EXHAUSTED_PRIMALITY_UNASSIGNED,GF3A_DIRECTIONAL_WRITE_EXHAUSTED_PRIMALITY_UNASSIGNED,513,512,512,NO_RECORDED_FACTOR_PRP_OR_LL_RESULT_AND_NO_ACTIVE_GIMPS_ASSIGNMENT,2026-08-08T14:01:06+00:00,UNALLOCATED,,,,,
SLCMP585-0125,125,125,288505901,2^288505901-1,STRUCTURAL_SCREEN_EXHAUSTED_PRIMALITY_UNASSIGNED,GF3A_DIRECTIONAL_WRITE_EXHAUSTED_PRIMALITY_UNASSIGNED,513,512,512,NO_RECORDED_FACTOR_PRP_OR_LL_RESULT_AND_NO_ACTIVE_GIMPS_ASSIGNMENT,2026-08-08T14:01:06+00:00,UNALLOCATED,,,,,
SLCMP585-0126,126,126,288505961,2^288505961-1,STRUCTURAL_SCREEN_EXHAUSTED_PRIMALITY_UNASSIGNED,GF3A_DIRECTIONAL_WRITE_EXHAUSTED_PRIMALITY_UNASSIGNED,513,512,512,NO_RECORDED_FACTOR_PRP_OR_LL_RESULT_AND_NO_ACTIVE_GIMPS_ASSIGNMENT,2026-08-08T14:01:06+00:00,UNALLOCATED,,,,,
SLCMP585-0127,127,127,288505967,2^288505967-1,STRUCTURAL_SCREEN_EXHAUSTED_PRIMALITY_UNASSIGNED,GF3A_DIRECTIONAL_WRITE_EXHAUSTED_PRIMALITY_UNASSIGNED,514,512,512,NO_RECORDED_FACTOR_PRP_OR_LL_RESULT_AND_NO_ACTIVE_GIMPS_ASSIGNMENT,2026-08-08T14:01:06+00:00,UNALLOCATED,,,,,
SLCMP585-0128,128,128,288505981,2^288505981-1,STRUCTURAL_SCREEN_EXHAUSTED_PRIMALITY_UNASSIGNED,GF3A_DIRECTIONAL_WRITE_EXHAUSTED_PRIMALITY_UNASSIGNED,513,512,512,NO_RECORDED_FACTOR_PRP_OR_LL_RESULT_AND_NO_ACTIVE_GIMPS_ASSIGNMENT,2026-08-08T14:01:06+00:00,UNALLOCATED,,,,,
SLCMP585-0129,129,129,288505991,2^288505991-1,STRUCTURAL_SCREEN_EXHAUSTED_PRIMALITY_UNASSIGNED,GF3A_DIRECTIONAL_WRITE_EXHAUSTED_PRIMALITY_UNASSIGNED,514,512,512,NO_RECORDED_FACTOR_PRP_OR_LL_RESULT_AND_NO_ACTIVE_GIMPS_ASSIGNMENT,2026-08-08T14:01:06+00:00,UNALLOCATED,,,,,
SLCMP585-0130,130,130,288506039,2^288506039-1,STRUCTURAL_SCREEN_EXHAUSTED_PRIMALITY_UNASSIGNED,GF3A_DIRECTIONAL_WRITE_EXHAUSTED_PRIMALITY_UNASSIGNED,514,512,512,NO_RECORDED_FACTOR_PRP_OR_LL_RESULT_AND_NO_ACTIVE_GIMPS_ASSIGNMENT,2026-08-08T14:01:06+00:00,UNALLOCATED,,,,,
SLCMP585-0131,131,131,288506261,2^288506261-1,STRUCTURAL_SCREEN_EXHAUSTED_PRIMALITY_UNASSIGNED,GF3A_DIRECTIONAL_WRITE_EXHAUSTED_PRIMALITY_UNASSIGNED,513,512,512,NO_RECORDED_FACTOR_PRP_OR_LL_RESULT_AND_NO_ACTIVE_GIMPS_ASSIGNMENT,2026-08-08T14:01:06+00:00,UNALLOCATED,,,,,
SLCMP585-0132,132,132,288506287,2^288506287-1,STRUCTURAL_SCREEN_EXHAUSTED_PRIMALITY_UNASSIGNED,GF3A_DIRECTIONAL_WRITE_EXHAUSTED_PRIMALITY_UNASSIGNED,514,512,512,NO_RECORDED_FACTOR_PRP_OR_LL_RESULT_AND_NO_ACTIVE_GIMPS_ASSIGNMENT,2026-08-08T14:01:06+00:00,UNALLOCATED,,,,,
SLCMP585-0133,133,133,288506417,2^288506417-1,STRUCTURAL_SCREEN_EXHAUSTED_PRIMALITY_UNASSIGNED,GF3A_DIRECTIONAL_WRITE_EXHAUSTED_PRIMALITY_UNASSIGNED,513,512,512,NO_RECORDED_FACTOR_PRP_OR_LL_RESULT_AND_NO_ACTIVE_GIMPS_ASSIGNMENT,2026-08-08T14:01:06+00:00,UNALLOCATED,,,,,
SLCMP585-0134,134,134,288506437,2^288506437-1,STRUCTURAL_SCREEN_EXHAUSTED_PRIMALITY_UNASSIGNED,GF3A_DIRECTIONAL_WRITE_EXHAUSTED_PRIMALITY_UNASSIGNED,513,512,512,NO_RECORDED_FACTOR_PRP_OR_LL_RESULT_AND_NO_ACTIVE_GIMPS_ASSIGNMENT,2026-08-08T14:01:06+00:00,UNALLOCATED,,,,,
SLCMP585-0135,135,135,288506447,2^288506447-1,STRUCTURAL_SCREEN_EXHAUSTED_PRIMALITY_UNASSIGNED,GF3A_DIRECTIONAL_WRITE_EXHAUSTED_PRIMALITY_UNASSIGNED,514,512,512,NO_RECORDED_FACTOR_PRP_OR_LL_RESULT_AND_NO_ACTIVE_GIMPS_ASSIGNMENT,2026-08-08T14:01:06+00:00,UNALLOCATED,,,,,
SLCMP585-0136,136,136,288506461,2^288506461-1,STRUCTURAL_SCREEN_EXHAUSTED_PRIMALITY_UNASSIGNED,GF3A_DIRECTIONAL_WRITE_EXHAUSTED_PRIMALITY_UNASSIGNED,513,512,512,NO_RECORDED_FACTOR_PRP_OR_LL_RESULT_AND_NO_ACTIVE_GIMPS_ASSIGNMENT,2026-08-08T14:01:06+00:00,UNALLOCATED,,,,,
SLCMP585-0137,137,137,288506483,2^288506483-1,STRUCTURAL_SCREEN_EXHAUSTED_PRIMALITY_UNASSIGNED,GF3A_DIRECTIONAL_WRITE_EXHAUSTED_PRIMALITY_UNASSIGNED,514,512,512,NO_RECORDED_FACTOR_PRP_OR_LL_RESULT_AND_NO_ACTIVE_GIMPS_ASSIGNMENT,2026-08-08T14:01:06+00:00,UNALLOCATED,,,,,
SLCMP585-0138,138,138,288506509,2^288506509-1,STRUCTURAL_SCREEN_EXHAUSTED_PRIMALITY_UNASSIGNED,GF3A_DIRECTIONAL_WRITE_EXHAUSTED_PRIMALITY_UNASSIGNED,513,512,512,NO_RECORDED_FACTOR_PRP_OR_LL_RESULT_AND_NO_ACTIVE_GIMPS_ASSIGNMENT,2026-08-08T14:01:06+00:00,UNALLOCATED,,,,,
SLCMP585-0139,139,139,288506599,2^288506599-1,STRUCTURAL_SCREEN_EXHAUSTED_PRIMALITY_UNASSIGNED,GF3A_DIRECTIONAL_WRITE_EXHAUSTED_PRIMALITY_UNASSIGNED,514,512,512,NO_RECORDED_FACTOR_PRP_OR_LL_RESULT_AND_NO_ACTIVE_GIMPS_ASSIGNMENT,2026-08-08T14:01:06+00:00,UNALLOCATED,,,,,
SLCMP585-0140,140,140,288506639,2^288506639-1,STRUCTURAL_SCREEN_EXHAUSTED_PRIMALITY_UNASSIGNED,GF3A_DIRECTIONAL_WRITE_EXHAUSTED_PRIMALITY_UNASSIGNED,514,512,512,NO_RECORDED_FACTOR_PRP_OR_LL_RESULT_AND_NO_ACTIVE_GIMPS_ASSIGNMENT,2026-08-08T14:01:06+00:00,UNALLOCATED,,,,,
SLCMP585-0141,141,141,288506653,2^288506653-1,STRUCTURAL_SCREEN_EXHAUSTED_PRIMALITY_UNASSIGNED,GF3A_DIRECTIONAL_WRITE_EXHAUSTED_PRIMALITY_UNASSIGNED,513,512,512,NO_RECORDED_FACTOR_PRP_OR_LL_RESULT_AND_NO_ACTIVE_GIMPS_ASSIGNMENT,2026-08-08T14:01:06+00:00,UNALLOCATED,,,,,
SLCMP585-0142,142,142,288506689,2^288506689-1,STRUCTURAL_SCREEN_EXHAUSTED_PRIMALITY_UNASSIGNED,GF3A_DIRECTIONAL_WRITE_EXHAUSTED_PRIMALITY_UNASSIGNED,513,512,512,NO_RECORDED_FACTOR_PRP_OR_LL_RESULT_AND_NO_ACTIVE_GIMPS_ASSIGNMENT,2026-08-08T14:01:06+00:00,UNALLOCATED,,,,,
SLCMP585-0143,143,143,288506707,2^288506707-1,STRUCTURAL_SCREEN_EXHAUSTED_PRIMALITY_UNASSIGNED,GF3A_DIRECTIONAL_WRITE_EXHAUSTED_PRIMALITY_UNASSIGNED,514,512,512,NO_RECORDED_FACTOR_PRP_OR_LL_RESULT_AND_NO_ACTIVE_GIMPS_ASSIGNMENT,2026-08-08T14:01:06+00:00,UNALLOCATED,,,,,
SLCMP585-0144,144,144,288506767,2^288506767-1,STRUCTURAL_SCREEN_EXHAUSTED_PRIMALITY_UNASSIGNED,GF3A_DIRECTIONAL_WRITE_EXHAUSTED_PRIMALITY_UNASSIGNED,514,512,512,NO_RECORDED_FACTOR_PRP_OR_LL_RESULT_AND_NO_ACTIVE_GIMPS_ASSIGNMENT,2026-08-08T14:01:06+00:00,UNALLOCATED,,,,,
SLCMP585-0145,145,145,288506843,2^288506843-1,STRUCTURAL_SCREEN_EXHAUSTED_PRIMALITY_UNASSIGNED,GF3A_DIRECTIONAL_WRITE_EXHAUSTED_PRIMALITY_UNASSIGNED,514,512,512,NO_RECORDED_FACTOR_PRP_OR_LL_RESULT_AND_NO_ACTIVE_GIMPS_ASSIGNMENT,2026-08-08T14:01:06+00:00,UNALLOCATED,,,,,
SLCMP585-0146,146,146,288506861,2^288506861-1,STRUCTURAL_SCREEN_EXHAUSTED_PRIMALITY_UNASSIGNED,GF3A_DIRECTIONAL_WRITE_EXHAUSTED_PRIMALITY_UNASSIGNED,513,512,512,NO_RECORDED_FACTOR_PRP_OR_LL_RESULT_AND_NO_ACTIVE_GIMPS_ASSIGNMENT,2026-08-08T14:01:06+00:00,UNALLOCATED,,,,,
SLCMP585-0147,147,147,288506879,2^288506879-1,STRUCTURAL_SCREEN_EXHAUSTED_PRIMALITY_UNASSIGNED,GF3A_DIRECTIONAL_WRITE_EXHAUSTED_PRIMALITY_UNASSIGNED,514,512,512,NO_RECORDED_FACTOR_PRP_OR_LL_RESULT_AND_NO_ACTIVE_GIMPS_ASSIGNMENT,2026-08-08T14:01:06+00:00,UNALLOCATED,,,,,
SLCMP585-0148,148,148,288506947,2^288506947-1,STRUCTURAL_SCREEN_EXHAUSTED_PRIMALITY_UNASSIGNED,GF3A_DIRECTIONAL_WRITE_EXHAUSTED_PRIMALITY_UNASSIGNED,514,512,512,NO_RECORDED_FACTOR_PRP_OR_LL_RESULT_AND_NO_ACTIVE_GIMPS_ASSIGNMENT,2026-08-08T14:01:06+00:00,UNALLOCATED,,,,,
SLCMP585-0149,149,149,288506957,2^288506957-1,STRUCTURAL_SCREEN_EXHAUSTED_PRIMALITY_UNASSIGNED,GF3A_DIRECTIONAL_WRITE_EXHAUSTED_PRIMALITY_UNASSIGNED,513,512,512,NO_RECORDED_FACTOR_PRP_OR_LL_RESULT_AND_NO_ACTIVE_GIMPS_ASSIGNMENT,2026-08-08T14:01:06+00:00,UNALLOCATED,,,,,
SLCMP585-0150,150,150,288506971,2^288506971-1,STRUCTURAL_SCREEN_EXHAUSTED_PRIMALITY_UNASSIGNED,GF3A_DIRECTIONAL_WRITE_EXHAUSTED_PRIMALITY_UNASSIGNED,514,512,512,NO_RECORDED_FACTOR_PRP_OR_LL_RESULT_AND_NO_ACTIVE_GIMPS_ASSIGNMENT,2026-08-08T14:01:06+00:00,UNALLOCATED,,,,,
SLCMP585-0151,151,151,288507013,2^288507013-1,STRUCTURAL_SCREEN_EXHAUSTED_PRIMALITY_UNASSIGNED,GF3A_DIRECTIONAL_WRITE_EXHAUSTED_PRIMALITY_UNASSIGNED,513,512,512,NO_RECORDED_FACTOR_PRP_OR_LL_RESULT_AND_NO_ACTIVE_GIMPS_ASSIGNMENT,2026-08-08T14:01:06+00:00,UNALLOCATED,,,,,
SLCMP585-0152,152,152,288507047,2^288507047-1,STRUCTURAL_SCREEN_EXHAUSTED_PRIMALITY_UNASSIGNED,GF3A_DIRECTIONAL_WRITE_EXHAUSTED_PRIMALITY_UNASSIGNED,514,512,512,NO_RECORDED_FACTOR_PRP_OR_LL_RESULT_AND_NO_ACTIVE_GIMPS_ASSIGNMENT,2026-08-08T14:01:06+00:00,UNALLOCATED,,,,,
SLCMP585-0153,153,153,288507211,2^288507211-1,STRUCTURAL_SCREEN_EXHAUSTED_PRIMALITY_UNASSIGNED,GF3A_DIRECTIONAL_WRITE_EXHAUSTED_PRIMALITY_UNASSIGNED,514,512,512,NO_RECORDED_FACTOR_PRP_OR_LL_RESULT_AND_NO_ACTIVE_GIMPS_ASSIGNMENT,2026-08-08T14:01:06+00:00,UNALLOCATED,,,,,
SLCMP585-0154,154,154,288507361,2^288507361-1,STRUCTURAL_SCREEN_EXHAUSTED_PRIMALITY_UNASSIGNED,GF3A_DIRECTIONAL_WRITE_EXHAUSTED_PRIMALITY_UNASSIGNED,513,512,512,NO_RECORDED_FACTOR_PRP_OR_LL_RESULT_AND_NO_ACTIVE_GIMPS_ASSIGNMENT,2026-08-08T14:01:06+00:00,UNALLOCATED,,,,,
SLCMP585-0155,155,155,288507371,2^288507371-1,STRUCTURAL_SCREEN_EXHAUSTED_PRIMALITY_UNASSIGNED,GF3A_DIRECTIONAL_WRITE_EXHAUSTED_PRIMALITY_UNASSIGNED,514,512,512,NO_RECORDED_FACTOR_PRP_OR_LL_RESULT_AND_NO_ACTIVE_GIMPS_ASSIGNMENT,2026-08-08T14:01:06+00:00,UNALLOCATED,,,,,
SLCMP585-0156,156,156,288507379,2^288507379-1,STRUCTURAL_SCREEN_EXHAUSTED_PRIMALITY_UNASSIGNED,GF3A_DIRECTIONAL_WRITE_EXHAUSTED_PRIMALITY_UNASSIGNED,514,512,512,NO_RECORDED_FACTOR_PRP_OR_LL_RESULT_AND_NO_ACTIVE_GIMPS_ASSIGNMENT,2026-08-08T14:01:06+00:00,UNALLOCATED,,,,,
SLCMP585-0157,157,157,288507433,2^288507433-1,STRUCTURAL_SCREEN_EXHAUSTED_PRIMALITY_UNASSIGNED,GF3A_DIRECTIONAL_WRITE_EXHAUSTED_PRIMALITY_UNASSIGNED,513,512,512,NO_RECORDED_FACTOR_PRP_OR_LL_RESULT_AND_NO_ACTIVE_GIMPS_ASSIGNMENT,2026-08-08T14:01:06+00:00,UNALLOCATED,,,,,
SLCMP585-0158,158,158,288507449,2^288507449-1,STRUCTURAL_SCREEN_EXHAUSTED_PRIMALITY_UNASSIGNED,GF3A_DIRECTIONAL_WRITE_EXHAUSTED_PRIMALITY_UNASSIGNED,513,512,512,NO_RECORDED_FACTOR_PRP_OR_LL_RESULT_AND_NO_ACTIVE_GIMPS_ASSIGNMENT,2026-08-08T14:01:06+00:00,UNALLOCATED,,,,,
SLCMP585-0159,159,159,288507497,2^288507497-1,STRUCTURAL_SCREEN_EXHAUSTED_PRIMALITY_UNASSIGNED,GF3A_DIRECTIONAL_WRITE_EXHAUSTED_PRIMALITY_UNASSIGNED,513,512,512,NO_RECORDED_FACTOR_PRP_OR_LL_RESULT_AND_NO_ACTIVE_GIMPS_ASSIGNMENT,2026-08-08T14:01:06+00:00,UNALLOCATED,,,,,
SLCMP585-0160,160,160,288507509,2^288507509-1,STRUCTURAL_SCREEN_EXHAUSTED_PRIMALITY_UNASSIGNED,GF3A_DIRECTIONAL_WRITE_EXHAUSTED_PRIMALITY_UNASSIGNED,513,512,512,NO_RECORDED_FACTOR_PRP_OR_LL_RESULT_AND_NO_ACTIVE_GIMPS_ASSIGNMENT,2026-08-08T14:01:06+00:00,UNALLOCATED,,,,,
SLCMP585-0161,161,161,288507517,2^288507517-1,STRUCTURAL_SCREEN_EXHAUSTED_PRIMALITY_UNASSIGNED,GF3A_DIRECTIONAL_WRITE_EXHAUSTED_PRIMALITY_UNASSIGNED,513,512,512,NO_RECORDED_FACTOR_PRP_OR_LL_RESULT_AND_NO_ACTIVE_GIMPS_ASSIGNMENT,2026-08-08T14:01:06+00:00,UNALLOCATED,,,,,
SLCMP585-0162,162,162,288507589,2^288507589-1,STRUCTURAL_SCREEN_EXHAUSTED_PRIMALITY_UNASSIGNED,GF3A_DIRECTIONAL_WRITE_EXHAUSTED_PRIMALITY_UNASSIGNED,513,512,512,NO_RECORDED_FACTOR_PRP_OR_LL_RESULT_AND_NO_ACTIVE_GIMPS_ASSIGNMENT,2026-08-08T14:01:06+00:00,UNALLOCATED,,,,,
SLCMP585-0163,163,163,288507677,2^288507677-1,STRUCTURAL_SCREEN_EXHAUSTED_PRIMALITY_UNASSIGNED,GF3A_DIRECTIONAL_WRITE_EXHAUSTED_PRIMALITY_UNASSIGNED,513,512,512,NO_RECORDED_FACTOR_PRP_OR_LL_RESULT_AND_NO_ACTIVE_GIMPS_ASSIGNMENT,2026-08-08T14:01:06+00:00,UNALLOCATED,,,,,
SLCMP585-0164,164,164,288507679,2^288507679-1,STRUCTURAL_SCREEN_EXHAUSTED_PRIMALITY_UNASSIGNED,GF3A_DIRECTIONAL_WRITE_EXHAUSTED_PRIMALITY_UNASSIGNED,514,512,512,NO_RECORDED_FACTOR_PRP_OR_LL_RESULT_AND_NO_ACTIVE_GIMPS_ASSIGNMENT,2026-08-08T14:01:06+00:00,UNALLOCATED,,,,,
SLCMP585-0165,165,165,288507701,2^288507701-1,STRUCTURAL_SCREEN_EXHAUSTED_PRIMALITY_UNASSIGNED,GF3A_DIRECTIONAL_WRITE_EXHAUSTED_PRIMALITY_UNASSIGNED,513,512,512,NO_RECORDED_FACTOR_PRP_OR_LL_RESULT_AND_NO_ACTIVE_GIMPS_ASSIGNMENT,2026-08-08T14:01:06+00:00,UNALLOCATED,,,,,
SLCMP585-0166,166,166,288507803,2^288507803-1,STRUCTURAL_SCREEN_EXHAUSTED_PRIMALITY_UNASSIGNED,GF3A_DIRECTIONAL_WRITE_EXHAUSTED_PRIMALITY_UNASSIGNED,514,512,512,NO_RECORDED_FACTOR_PRP_OR_LL_RESULT_AND_NO_ACTIVE_GIMPS_ASSIGNMENT,2026-08-08T14:01:06+00:00,UNALLOCATED,,,,,
SLCMP585-0167,167,167,288507827,2^288507827-1,STRUCTURAL_SCREEN_EXHAUSTED_PRIMALITY_UNASSIGNED,GF3A_DIRECTIONAL_WRITE_EXHAUSTED_PRIMALITY_UNASSIGNED,514,512,512,NO_RECORDED_FACTOR_PRP_OR_LL_RESULT_AND_NO_ACTIVE_GIMPS_ASSIGNMENT,2026-08-08T14:01:06+00:00,UNALLOCATED,,,,,
SLCMP585-0168,168,168,288507839,2^288507839-1,STRUCTURAL_SCREEN_EXHAUSTED_PRIMALITY_UNASSIGNED,GF3A_DIRECTIONAL_WRITE_EXHAUSTED_PRIMALITY_UNASSIGNED,514,512,512,NO_RECORDED_FACTOR_PRP_OR_LL_RESULT_AND_NO_ACTIVE_GIMPS_ASSIGNMENT,2026-08-08T14:01:06+00:00,UNALLOCATED,,,,,
SLCMP585-0169,169,169,288507859,2^288507859-1,STRUCTURAL_SCREEN_EXHAUSTED_PRIMALITY_UNASSIGNED,GF3A_DIRECTIONAL_WRITE_EXHAUSTED_PRIMALITY_UNASSIGNED,514,512,512,NO_RECORDED_FACTOR_PRP_OR_LL_RESULT_AND_NO_ACTIVE_GIMPS_ASSIGNMENT,2026-08-08T14:01:06+00:00,UNALLOCATED,,,,,
SLCMP585-0170,170,170,288507887,2^288507887-1,STRUCTURAL_SCREEN_EXHAUSTED_PRIMALITY_UNASSIGNED,GF3A_DIRECTIONAL_WRITE_EXHAUSTED_PRIMALITY_UNASSIGNED,514,512,512,NO_RECORDED_FACTOR_PRP_OR_LL_RESULT_AND_NO_ACTIVE_GIMPS_ASSIGNMENT,2026-08-08T14:01:06+00:00,UNALLOCATED,,,,,
SLCMP585-0171,171,171,288507911,2^288507911-1,STRUCTURAL_SCREEN_EXHAUSTED_PRIMALITY_UNASSIGNED,GF3A_DIRECTIONAL_WRITE_EXHAUSTED_PRIMALITY_UNASSIGNED,514,512,512,NO_RECORDED_FACTOR_PRP_OR_LL_RESULT_AND_NO_ACTIVE_GIMPS_ASSIGNMENT,2026-08-08T14:01:06+00:00,UNALLOCATED,,,,,
SLCMP585-0172,172,172,288507937,2^288507937-1,STRUCTURAL_SCREEN_EXHAUSTED_PRIMALITY_UNASSIGNED,GF3A_DIRECTIONAL_WRITE_EXHAUSTED_PRIMALITY_UNASSIGNED,513,512,512,NO_RECORDED_FACTOR_PRP_OR_LL_RESULT_AND_NO_ACTIVE_GIMPS_ASSIGNMENT,2026-08-08T14:01:06+00:00,UNALLOCATED,,,,,
SLCMP585-0173,173,173,288508013,2^288508013-1,STRUCTURAL_SCREEN_EXHAUSTED_PRIMALITY_UNASSIGNED,GF3A_DIRECTIONAL_WRITE_EXHAUSTED_PRIMALITY_UNASSIGNED,513,512,512,NO_RECORDED_FACTOR_PRP_OR_LL_RESULT_AND_NO_ACTIVE_GIMPS_ASSIGNMENT,2026-08-08T14:01:06+00:00,UNALLOCATED,,,,,
SLCMP585-0174,174,174,288508057,2^288508057-1,STRUCTURAL_SCREEN_EXHAUSTED_PRIMALITY_UNASSIGNED,GF3A_DIRECTIONAL_WRITE_EXHAUSTED_PRIMALITY_UNASSIGNED,513,512,512,NO_RECORDED_FACTOR_PRP_OR_LL_RESULT_AND_NO_ACTIVE_GIMPS_ASSIGNMENT,2026-08-08T14:01:06+00:00,UNALLOCATED,,,,,
SLCMP585-0175,175,175,288508117,2^288508117-1,STRUCTURAL_SCREEN_EXHAUSTED_PRIMALITY_UNASSIGNED,GF3A_DIRECTIONAL_WRITE_EXHAUSTED_PRIMALITY_UNASSIGNED,513,512,512,NO_RECORDED_FACTOR_PRP_OR_LL_RESULT_AND_NO_ACTIVE_GIMPS_ASSIGNMENT,2026-08-08T14:01:06+00:00,UNALLOCATED,,,,,
SLCMP585-0176,176,176,288508177,2^288508177-1,STRUCTURAL_SCREEN_EXHAUSTED_PRIMALITY_UNASSIGNED,GF3A_DIRECTIONAL_WRITE_EXHAUSTED_PRIMALITY_UNASSIGNED,513,512,512,NO_RECORDED_FACTOR_PRP_OR_LL_RESULT_AND_NO_ACTIVE_GIMPS_ASSIGNMENT,2026-08-08T14:01:06+00:00,UNALLOCATED,,,,,
SLCMP585-0177,177,177,288508201,2^288508201-1,STRUCTURAL_SCREEN_EXHAUSTED_PRIMALITY_UNASSIGNED,GF3A_DIRECTIONAL_WRITE_EXHAUSTED_PRIMALITY_UNASSIGNED,513,512,512,NO_RECORDED_FACTOR_PRP_OR_LL_RESULT_AND_NO_ACTIVE_GIMPS_ASSIGNMENT,2026-08-08T14:01:06+00:00,UNALLOCATED,,,,,
SLCMP585-0178,178,178,288508229,2^288508229-1,STRUCTURAL_SCREEN_EXHAUSTED_PRIMALITY_UNASSIGNED,GF3A_DIRECTIONAL_WRITE_EXHAUSTED_PRIMALITY_UNASSIGNED,513,512,512,NO_RECORDED_FACTOR_PRP_OR_LL_RESULT_AND_NO_ACTIVE_GIMPS_ASSIGNMENT,2026-08-08T14:01:06+00:00,UNALLOCATED,,,,,
SLCMP585-0179,179,179,288508303,2^288508303-1,STRUCTURAL_SCREEN_EXHAUSTED_PRIMALITY_UNASSIGNED,GF3A_DIRECTIONAL_WRITE_EXHAUSTED_PRIMALITY_UNASSIGNED,514,512,512,NO_RECORDED_FACTOR_PRP_OR_LL_RESULT_AND_NO_ACTIVE_GIMPS_ASSIGNMENT,2026-08-08T14:01:06+00:00,UNALLOCATED,,,,,
SLCMP585-0180,180,180,288508391,2^288508391-1,STRUCTURAL_SCREEN_EXHAUSTED_PRIMALITY_UNASSIGNED,GF3A_DIRECTIONAL_WRITE_EXHAUSTED_PRIMALITY_UNASSIGNED,514,512,512,NO_RECORDED_FACTOR_PRP_OR_LL_RESULT_AND_NO_ACTIVE_GIMPS_ASSIGNMENT,2026-08-08T14:01:06+00:00,UNALLOCATED,,,,,
SLCMP585-0181,181,181,288508403,2^288508403-1,STRUCTURAL_SCREEN_EXHAUSTED_PRIMALITY_UNASSIGNED,GF3A_DIRECTIONAL_WRITE_EXHAUSTED_PRIMALITY_UNASSIGNED,514,512,512,NO_RECORDED_FACTOR_PRP_OR_LL_RESULT_AND_NO_ACTIVE_GIMPS_ASSIGNMENT,2026-08-08T14:01:06+00:00,UNALLOCATED,,,,,
SLCMP585-0182,182,182,288508471,2^288508471-1,STRUCTURAL_SCREEN_EXHAUSTED_PRIMALITY_UNASSIGNED,GF3A_DIRECTIONAL_WRITE_EXHAUSTED_PRIMALITY_UNASSIGNED,514,512,512,NO_RECORDED_FACTOR_PRP_OR_LL_RESULT_AND_NO_ACTIVE_GIMPS_ASSIGNMENT,2026-08-08T14:01:06+00:00,UNALLOCATED,,,,,
SLCMP585-0183,183,183,288508523,2^288508523-1,STRUCTURAL_SCREEN_EXHAUSTED_PRIMALITY_UNASSIGNED,GF3A_DIRECTIONAL_WRITE_EXHAUSTED_PRIMALITY_UNASSIGNED,514,512,512,NO_RECORDED_FACTOR_PRP_OR_LL_RESULT_AND_NO_ACTIVE_GIMPS_ASSIGNMENT,2026-08-08T14:01:06+00:00,UNALLOCATED,,,,,
SLCMP585-0184,184,184,288508613,2^288508613-1,STRUCTURAL_SCREEN_EXHAUSTED_PRIMALITY_UNASSIGNED,GF3A_DIRECTIONAL_WRITE_EXHAUSTED_PRIMALITY_UNASSIGNED,513,512,512,NO_RECORDED_FACTOR_PRP_OR_LL_RESULT_AND_NO_ACTIVE_GIMPS_ASSIGNMENT,2026-08-08T14:01:06+00:00,UNALLOCATED,,,,,
SLCMP585-0185,185,185,288508631,2^288508631-1,STRUCTURAL_SCREEN_EXHAUSTED_PRIMALITY_UNASSIGNED,GF3A_DIRECTIONAL_WRITE_EXHAUSTED_PRIMALITY_UNASSIGNED,514,512,512,NO_RECORDED_FACTOR_PRP_OR_LL_RESULT_AND_NO_ACTIVE_GIMPS_ASSIGNMENT,2026-08-08T14:01:06+00:00,UNALLOCATED,,,,,
SLCMP585-0186,186,186,288508651,2^288508651-1,STRUCTURAL_SCREEN_EXHAUSTED_PRIMALITY_UNASSIGNED,GF3A_DIRECTIONAL_WRITE_EXHAUSTED_PRIMALITY_UNASSIGNED,514,512,512,NO_RECORDED_FACTOR_PRP_OR_LL_RESULT_AND_NO_ACTIVE_GIMPS_ASSIGNMENT,2026-08-08T14:01:06+00:00,UNALLOCATED,,,,,
SLCMP585-0187,187,187,288508681,2^288508681-1,STRUCTURAL_SCREEN_EXHAUSTED_PRIMALITY_UNASSIGNED,GF3A_DIRECTIONAL_WRITE_EXHAUSTED_PRIMALITY_UNASSIGNED,513,512,512,NO_RECORDED_FACTOR_PRP_OR_LL_RESULT_AND_NO_ACTIVE_GIMPS_ASSIGNMENT,2026-08-08T14:01:06+00:00,UNALLOCATED,,,,,
SLCMP585-0188,188,188,288508697,2^288508697-1,STRUCTURAL_SCREEN_EXHAUSTED_PRIMALITY_UNASSIGNED,GF3A_DIRECTIONAL_WRITE_EXHAUSTED_PRIMALITY_UNASSIGNED,513,512,512,NO_RECORDED_FACTOR_PRP_OR_LL_RESULT_AND_NO_ACTIVE_GIMPS_ASSIGNMENT,2026-08-08T14:01:06+00:00,UNALLOCATED,,,,,
SLCMP585-0189,189,189,288508873,2^288508873-1,STRUCTURAL_SCREEN_EXHAUSTED_PRIMALITY_UNASSIGNED,GF3A_DIRECTIONAL_WRITE_EXHAUSTED_PRIMALITY_UNASSIGNED,513,512,512,NO_RECORDED_FACTOR_PRP_OR_LL_RESULT_AND_NO_ACTIVE_GIMPS_ASSIGNMENT,2026-08-08T14:01:06+00:00,UNALLOCATED,,,,,
SLCMP585-0190,190,190,288508933,2^288508933-1,STRUCTURAL_SCREEN_EXHAUSTED_PRIMALITY_UNASSIGNED,GF3A_DIRECTIONAL_WRITE_EXHAUSTED_PRIMALITY_UNASSIGNED,513,512,512,NO_RECORDED_FACTOR_PRP_OR_LL_RESULT_AND_NO_ACTIVE_GIMPS_ASSIGNMENT,2026-08-08T14:01:06+00:00,UNALLOCATED,,,,,
SLCMP585-0191,191,191,288508963,2^288508963-1,STRUCTURAL_SCREEN_EXHAUSTED_PRIMALITY_UNASSIGNED,GF3A_DIRECTIONAL_WRITE_EXHAUSTED_PRIMALITY_UNASSIGNED,514,512,512,NO_RECORDED_FACTOR_PRP_OR_LL_RESULT_AND_NO_ACTIVE_GIMPS_ASSIGNMENT,2026-08-08T14:01:06+00:00,UNALLOCATED,,,,,
SLCMP585-0192,192,192,288509041,2^288509041-1,STRUCTURAL_SCREEN_EXHAUSTED_PRIMALITY_UNASSIGNED,GF3A_DIRECTIONAL_WRITE_EXHAUSTED_PRIMALITY_UNASSIGNED,513,512,512,NO_RECORDED_FACTOR_PRP_OR_LL_RESULT_AND_NO_ACTIVE_GIMPS_ASSIGNMENT,2026-08-08T14:01:06+00:00,UNALLOCATED,,,,,
SLCMP585-0193,193,193,288509047,2^288509047-1,STRUCTURAL_SCREEN_EXHAUSTED_PRIMALITY_UNASSIGNED,GF3A_DIRECTIONAL_WRITE_EXHAUSTED_PRIMALITY_UNASSIGNED,514,512,512,NO_RECORDED_FACTOR_PRP_OR_LL_RESULT_AND_NO_ACTIVE_GIMPS_ASSIGNMENT,2026-08-08T14:01:06+00:00,UNALLOCATED,,,,,
SLCMP585-0194,194,194,288509099,2^288509099-1,STRUCTURAL_SCREEN_EXHAUSTED_PRIMALITY_UNASSIGNED,GF3A_DIRECTIONAL_WRITE_EXHAUSTED_PRIMALITY_UNASSIGNED,514,512,512,NO_RECORDED_FACTOR_PRP_OR_LL_RESULT_AND_NO_ACTIVE_GIMPS_ASSIGNMENT,2026-08-08T14:01:06+00:00,UNALLOCATED,,,,,
SLCMP585-0195,195,195,288509173,2^288509173-1,STRUCTURAL_SCREEN_EXHAUSTED_PRIMALITY_UNASSIGNED,GF3A_DIRECTIONAL_WRITE_EXHAUSTED_PRIMALITY_UNASSIGNED,513,512,512,NO_RECORDED_FACTOR_PRP_OR_LL_RESULT_AND_NO_ACTIVE_GIMPS_ASSIGNMENT,2026-08-08T14:01:06+00:00,UNALLOCATED,,,,,
SLCMP585-0196,196,196,288509191,2^288509191-1,STRUCTURAL_SCREEN_EXHAUSTED_PRIMALITY_UNASSIGNED,GF3A_DIRECTIONAL_WRITE_EXHAUSTED_PRIMALITY_UNASSIGNED,514,512,512,NO_RECORDED_FACTOR_PRP_OR_LL_RESULT_AND_NO_ACTIVE_GIMPS_ASSIGNMENT,2026-08-08T14:01:06+00:00,UNALLOCATED,,,,,
SLCMP585-0197,197,197,288509201,2^288509201-1,STRUCTURAL_SCREEN_EXHAUSTED_PRIMALITY_UNASSIGNED,GF3A_DIRECTIONAL_WRITE_EXHAUSTED_PRIMALITY_UNASSIGNED,513,512,512,NO_RECORDED_FACTOR_PRP_OR_LL_RESULT_AND_NO_ACTIVE_GIMPS_ASSIGNMENT,2026-08-08T14:01:06+00:00,UNALLOCATED,,,,,
SLCMP585-0198,198,198,288509257,2^288509257-1,STRUCTURAL_SCREEN_EXHAUSTED_PRIMALITY_UNASSIGNED,GF3A_DIRECTIONAL_WRITE_EXHAUSTED_PRIMALITY_UNASSIGNED,513,512,512,NO_RECORDED_FACTOR_PRP_OR_LL_RESULT_AND_NO_ACTIVE_GIMPS_ASSIGNMENT,2026-08-08T14:01:06+00:00,UNALLOCATED,,,,,
SLCMP585-0199,199,199,288509269,2^288509269-1,STRUCTURAL_SCREEN_EXHAUSTED_PRIMALITY_UNASSIGNED,GF3A_DIRECTIONAL_WRITE_EXHAUSTED_PRIMALITY_UNASSIGNED,513,512,512,NO_RECORDED_FACTOR_PRP_OR_LL_RESULT_AND_NO_ACTIVE_GIMPS_ASSIGNMENT,2026-08-08T14:01:06+00:00,UNALLOCATED,,,,,
SLCMP585-0200,200,200,288509341,2^288509341-1,STRUCTURAL_SCREEN_EXHAUSTED_PRIMALITY_UNASSIGNED,GF3A_DIRECTIONAL_WRITE_EXHAUSTED_PRIMALITY_UNASSIGNED,513,512,512,NO_RECORDED_FACTOR_PRP_OR_LL_RESULT_AND_NO_ACTIVE_GIMPS_ASSIGNMENT,2026-08-08T14:01:06+00:00,UNALLOCATED,,,,,
SLCMP585-0201,201,201,288509513,2^288509513-1,STRUCTURAL_SCREEN_EXHAUSTED_PRIMALITY_UNASSIGNED,GF3A_DIRECTIONAL_WRITE_EXHAUSTED_PRIMALITY_UNASSIGNED,513,512,512,NO_RECORDED_FACTOR_PRP_OR_LL_RESULT_AND_NO_ACTIVE_GIMPS_ASSIGNMENT,2026-08-08T14:01:06+00:00,UNALLOCATED,,,,,
SLCMP585-0202,202,202,288509563,2^288509563-1,STRUCTURAL_SCREEN_EXHAUSTED_PRIMALITY_UNASSIGNED,GF3A_DIRECTIONAL_WRITE_EXHAUSTED_PRIMALITY_UNASSIGNED,514,512,512,NO_RECORDED_FACTOR_PRP_OR_LL_RESULT_AND_NO_ACTIVE_GIMPS_ASSIGNMENT,2026-08-08T14:01:06+00:00,UNALLOCATED,,,,,
SLCMP585-0203,203,203,288509629,2^288509629-1,STRUCTURAL_SCREEN_EXHAUSTED_PRIMALITY_UNASSIGNED,GF3A_DIRECTIONAL_WRITE_EXHAUSTED_PRIMALITY_UNASSIGNED,513,512,512,NO_RECORDED_FACTOR_PRP_OR_LL_RESULT_AND_NO_ACTIVE_GIMPS_ASSIGNMENT,2026-08-08T14:01:06+00:00,UNALLOCATED,,,,,
SLCMP585-0204,204,204,288509693,2^288509693-1,STRUCTURAL_SCREEN_EXHAUSTED_PRIMALITY_UNASSIGNED,GF3A_DIRECTIONAL_WRITE_EXHAUSTED_PRIMALITY_UNASSIGNED,513,512,512,NO_RECORDED_FACTOR_PRP_OR_LL_RESULT_AND_NO_ACTIVE_GIMPS_ASSIGNMENT,2026-08-08T14:01:06+00:00,UNALLOCATED,,,,,
SLCMP585-0205,205,205,288509713,2^288509713-1,STRUCTURAL_SCREEN_EXHAUSTED_PRIMALITY_UNASSIGNED,GF3A_DIRECTIONAL_WRITE_EXHAUSTED_PRIMALITY_UNASSIGNED,513,512,512,NO_RECORDED_FACTOR_PRP_OR_LL_RESULT_AND_NO_ACTIVE_GIMPS_ASSIGNMENT,2026-08-08T14:01:06+00:00,UNALLOCATED,,,,,
SLCMP585-0206,206,206,288509761,2^288509761-1,STRUCTURAL_SCREEN_EXHAUSTED_PRIMALITY_UNASSIGNED,GF3A_DIRECTIONAL_WRITE_EXHAUSTED_PRIMALITY_UNASSIGNED,513,512,512,NO_RECORDED_FACTOR_PRP_OR_LL_RESULT_AND_NO_ACTIVE_GIMPS_ASSIGNMENT,2026-08-08T14:01:06+00:00,UNALLOCATED,,,,,
SLCMP585-0207,207,207,288509773,2^288509773-1,STRUCTURAL_SCREEN_EXHAUSTED_PRIMALITY_UNASSIGNED,GF3A_DIRECTIONAL_WRITE_EXHAUSTED_PRIMALITY_UNASSIGNED,513,512,512,NO_RECORDED_FACTOR_PRP_OR_LL_RESULT_AND_NO_ACTIVE_GIMPS_ASSIGNMENT,2026-08-08T14:01:06+00:00,UNALLOCATED,,,,,
SLCMP585-0208,208,208,288509857,2^288509857-1,STRUCTURAL_SCREEN_EXHAUSTED_PRIMALITY_UNASSIGNED,GF3A_DIRECTIONAL_WRITE_EXHAUSTED_PRIMALITY_UNASSIGNED,513,512,512,NO_RECORDED_FACTOR_PRP_OR_LL_RESULT_AND_NO_ACTIVE_GIMPS_ASSIGNMENT,2026-08-08T14:01:06+00:00,UNALLOCATED,,,,,
SLCMP585-0209,209,209,288509971,2^288509971-1,STRUCTURAL_SCREEN_EXHAUSTED_PRIMALITY_UNASSIGNED,GF3A_DIRECTIONAL_WRITE_EXHAUSTED_PRIMALITY_UNASSIGNED,514,512,512,NO_RECORDED_FACTOR_PRP_OR_LL_RESULT_AND_NO_ACTIVE_GIMPS_ASSIGNMENT,2026-08-08T14:01:06+00:00,UNALLOCATED,,,,,
SLCMP585-0210,210,210,288509993,2^288509993-1,STRUCTURAL_SCREEN_EXHAUSTED_PRIMALITY_UNASSIGNED,GF3A_DIRECTIONAL_WRITE_EXHAUSTED_PRIMALITY_UNASSIGNED,513,512,512,NO_RECORDED_FACTOR_PRP_OR_LL_RESULT_AND_NO_ACTIVE_GIMPS_ASSIGNMENT,2026-08-08T14:01:06+00:00,UNALLOCATED,,,,,
SLCMP585-0211,211,211,288510049,2^288510049-1,STRUCTURAL_SCREEN_EXHAUSTED_PRIMALITY_UNASSIGNED,GF3A_DIRECTIONAL_WRITE_EXHAUSTED_PRIMALITY_UNASSIGNED,513,512,512,NO_RECORDED_FACTOR_PRP_OR_LL_RESULT_AND_NO_ACTIVE_GIMPS_ASSIGNMENT,2026-08-08T14:01:06+00:00,UNALLOCATED,,,,,
SLCMP585-0212,212,212,288510083,2^288510083-1,STRUCTURAL_SCREEN_EXHAUSTED_PRIMALITY_UNASSIGNED,GF3A_DIRECTIONAL_WRITE_EXHAUSTED_PRIMALITY_UNASSIGNED,514,512,512,NO_RECORDED_FACTOR_PRP_OR_LL_RESULT_AND_NO_ACTIVE_GIMPS_ASSIGNMENT,2026-08-08T14:01:06+00:00,UNALLOCATED,,,,,
SLCMP585-0213,213,213,288510169,2^288510169-1,STRUCTURAL_SCREEN_EXHAUSTED_PRIMALITY_UNASSIGNED,GF3A_DIRECTIONAL_WRITE_EXHAUSTED_PRIMALITY_UNASSIGNED,513,512,512,NO_RECORDED_FACTOR_PRP_OR_LL_RESULT_AND_NO_ACTIVE_GIMPS_ASSIGNMENT,2026-08-08T14:01:06+00:00,UNALLOCATED,,,,,
SLCMP585-0214,214,214,288510283,2^288510283-1,STRUCTURAL_SCREEN_EXHAUSTED_PRIMALITY_UNASSIGNED,GF3A_DIRECTIONAL_WRITE_EXHAUSTED_PRIMALITY_UNASSIGNED,514,512,512,NO_RECORDED_FACTOR_PRP_OR_LL_RESULT_AND_NO_ACTIVE_GIMPS_ASSIGNMENT,2026-08-08T14:01:06+00:00,UNALLOCATED,,,,,
SLCMP585-0215,215,215,288510353,2^288510353-1,STRUCTURAL_SCREEN_EXHAUSTED_PRIMALITY_UNASSIGNED,GF3A_DIRECTIONAL_WRITE_EXHAUSTED_PRIMALITY_UNASSIGNED,513,512,512,NO_RECORDED_FACTOR_PRP_OR_LL_RESULT_AND_NO_ACTIVE_GIMPS_ASSIGNMENT,2026-08-08T14:01:06+00:00,UNALLOCATED,,,,,
SLCMP585-0216,216,216,288510379,2^288510379-1,STRUCTURAL_SCREEN_EXHAUSTED_PRIMALITY_UNASSIGNED,GF3A_DIRECTIONAL_WRITE_EXHAUSTED_PRIMALITY_UNASSIGNED,514,512,512,NO_RECORDED_FACTOR_PRP_OR_LL_RESULT_AND_NO_ACTIVE_GIMPS_ASSIGNMENT,2026-08-08T14:01:06+00:00,UNALLOCATED,,,,,
SLCMP585-0217,217,217,288510457,2^288510457-1,STRUCTURAL_SCREEN_EXHAUSTED_PRIMALITY_UNASSIGNED,GF3A_DIRECTIONAL_WRITE_EXHAUSTED_PRIMALITY_UNASSIGNED,513,512,512,NO_RECORDED_FACTOR_PRP_OR_LL_RESULT_AND_NO_ACTIVE_GIMPS_ASSIGNMENT,2026-08-08T14:01:06+00:00,UNALLOCATED,,,,,
SLCMP585-0218,218,218,288510461,2^288510461-1,STRUCTURAL_SCREEN_EXHAUSTED_PRIMALITY_UNASSIGNED,GF3A_DIRECTIONAL_WRITE_EXHAUSTED_PRIMALITY_UNASSIGNED,513,512,512,NO_RECORDED_FACTOR_PRP_OR_LL_RESULT_AND_NO_ACTIVE_GIMPS_ASSIGNMENT,2026-08-08T14:01:06+00:00,UNALLOCATED,,,,,
SLCMP585-0219,219,219,288510517,2^288510517-1,STRUCTURAL_SCREEN_EXHAUSTED_PRIMALITY_UNASSIGNED,GF3A_DIRECTIONAL_WRITE_EXHAUSTED_PRIMALITY_UNASSIGNED,513,512,512,NO_RECORDED_FACTOR_PRP_OR_LL_RESULT_AND_NO_ACTIVE_GIMPS_ASSIGNMENT,2026-08-08T14:01:06+00:00,UNALLOCATED,,,,,
SLCMP585-0220,220,220,288510529,2^288510529-1,STRUCTURAL_SCREEN_EXHAUSTED_PRIMALITY_UNASSIGNED,GF3A_DIRECTIONAL_WRITE_EXHAUSTED_PRIMALITY_UNASSIGNED,513,512,512,NO_RECORDED_FACTOR_PRP_OR_LL_RESULT_AND_NO_ACTIVE_GIMPS_ASSIGNMENT,2026-08-08T14:01:06+00:00,UNALLOCATED,,,,,
SLCMP585-0221,221,221,288510577,2^288510577-1,STRUCTURAL_SCREEN_EXHAUSTED_PRIMALITY_UNASSIGNED,GF3A_DIRECTIONAL_WRITE_EXHAUSTED_PRIMALITY_UNASSIGNED,513,512,512,NO_RECORDED_FACTOR_PRP_OR_LL_RESULT_AND_NO_ACTIVE_GIMPS_ASSIGNMENT,2026-08-08T14:01:06+00:00,UNALLOCATED,,,,,
SLCMP585-0222,222,222,288510623,2^288510623-1,STRUCTURAL_SCREEN_EXHAUSTED_PRIMALITY_UNASSIGNED,GF3A_DIRECTIONAL_WRITE_EXHAUSTED_PRIMALITY_UNASSIGNED,514,512,512,NO_RECORDED_FACTOR_PRP_OR_LL_RESULT_AND_NO_ACTIVE_GIMPS_ASSIGNMENT,2026-08-08T14:01:06+00:00,UNALLOCATED,,,,,
SLCMP585-0223,223,223,288510653,2^288510653-1,STRUCTURAL_SCREEN_EXHAUSTED_PRIMALITY_UNASSIGNED,GF3A_DIRECTIONAL_WRITE_EXHAUSTED_PRIMALITY_UNASSIGNED,513,512,512,NO_RECORDED_FACTOR_PRP_OR_LL_RESULT_AND_NO_ACTIVE_GIMPS_ASSIGNMENT,2026-08-08T14:01:06+00:00,UNALLOCATED,,,,,
SLCMP585-0224,224,224,288510731,2^288510731-1,STRUCTURAL_SCREEN_EXHAUSTED_PRIMALITY_UNASSIGNED,GF3A_DIRECTIONAL_WRITE_EXHAUSTED_PRIMALITY_UNASSIGNED,514,512,512,NO_RECORDED_FACTOR_PRP_OR_LL_RESULT_AND_NO_ACTIVE_GIMPS_ASSIGNMENT,2026-08-08T14:01:06+00:00,UNALLOCATED,,,,,
SLCMP585-0225,225,225,288510799,2^288510799-1,STRUCTURAL_SCREEN_EXHAUSTED_PRIMALITY_UNASSIGNED,GF3A_DIRECTIONAL_WRITE_EXHAUSTED_PRIMALITY_UNASSIGNED,514,512,512,NO_RECORDED_FACTOR_PRP_OR_LL_RESULT_AND_NO_ACTIVE_GIMPS_ASSIGNMENT,2026-08-08T14:01:06+00:00,UNALLOCATED,,,,,
SLCMP585-0226,226,226,288510847,2^288510847-1,STRUCTURAL_SCREEN_EXHAUSTED_PRIMALITY_UNASSIGNED,GF3A_DIRECTIONAL_WRITE_EXHAUSTED_PRIMALITY_UNASSIGNED,514,512,512,NO_RECORDED_FACTOR_PRP_OR_LL_RESULT_AND_NO_ACTIVE_GIMPS_ASSIGNMENT,2026-08-08T14:01:06+00:00,UNALLOCATED,,,,,
SLCMP585-0227,227,227,288510977,2^288510977-1,STRUCTURAL_SCREEN_EXHAUSTED_PRIMALITY_UNASSIGNED,GF3A_DIRECTIONAL_WRITE_EXHAUSTED_PRIMALITY_UNASSIGNED,513,512,512,NO_RECORDED_FACTOR_PRP_OR_LL_RESULT_AND_NO_ACTIVE_GIMPS_ASSIGNMENT,2026-08-08T14:01:06+00:00,UNALLOCATED,,,,,
SLCMP585-0228,228,228,288511007,2^288511007-1,STRUCTURAL_SCREEN_EXHAUSTED_PRIMALITY_UNASSIGNED,GF3A_DIRECTIONAL_WRITE_EXHAUSTED_PRIMALITY_UNASSIGNED,514,512,512,NO_RECORDED_FACTOR_PRP_OR_LL_RESULT_AND_NO_ACTIVE_GIMPS_ASSIGNMENT,2026-08-08T14:01:06+00:00,UNALLOCATED,,,,,
SLCMP585-0229,229,229,288511073,2^288511073-1,STRUCTURAL_SCREEN_EXHAUSTED_PRIMALITY_UNASSIGNED,GF3A_DIRECTIONAL_WRITE_EXHAUSTED_PRIMALITY_UNASSIGNED,513,512,512,NO_RECORDED_FACTOR_PRP_OR_LL_RESULT_AND_NO_ACTIVE_GIMPS_ASSIGNMENT,2026-08-08T14:01:06+00:00,UNALLOCATED,,,,,
SLCMP585-0230,230,230,288511187,2^288511187-1,STRUCTURAL_SCREEN_EXHAUSTED_PRIMALITY_UNASSIGNED,GF3A_DIRECTIONAL_WRITE_EXHAUSTED_PRIMALITY_UNASSIGNED,514,512,512,NO_RECORDED_FACTOR_PRP_OR_LL_RESULT_AND_NO_ACTIVE_GIMPS_ASSIGNMENT,2026-08-08T14:01:06+00:00,UNALLOCATED,,,,,
SLCMP585-0231,231,231,288511231,2^288511231-1,STRUCTURAL_SCREEN_EXHAUSTED_PRIMALITY_UNASSIGNED,GF3A_DIRECTIONAL_WRITE_EXHAUSTED_PRIMALITY_UNASSIGNED,514,512,512,NO_RECORDED_FACTOR_PRP_OR_LL_RESULT_AND_NO_ACTIVE_GIMPS_ASSIGNMENT,2026-08-08T14:01:06+00:00,UNALLOCATED,,,,,
SLCMP585-0232,232,232,288511303,2^288511303-1,STRUCTURAL_SCREEN_EXHAUSTED_PRIMALITY_UNASSIGNED,GF3A_DIRECTIONAL_WRITE_EXHAUSTED_PRIMALITY_UNASSIGNED,514,512,512,NO_RECORDED_FACTOR_PRP_OR_LL_RESULT_AND_NO_ACTIVE_GIMPS_ASSIGNMENT,2026-08-08T14:01:06+00:00,UNALLOCATED,,,,,
SLCMP585-0233,233,233,288511393,2^288511393-1,STRUCTURAL_SCREEN_EXHAUSTED_PRIMALITY_UNASSIGNED,GF3A_DIRECTIONAL_WRITE_EXHAUSTED_PRIMALITY_UNASSIGNED,513,512,512,NO_RECORDED_FACTOR_PRP_OR_LL_RESULT_AND_NO_ACTIVE_GIMPS_ASSIGNMENT,2026-08-08T14:01:06+00:00,UNALLOCATED,,,,,
SLCMP585-0234,234,234,288511423,2^288511423-1,STRUCTURAL_SCREEN_EXHAUSTED_PRIMALITY_UNASSIGNED,GF3A_DIRECTIONAL_WRITE_EXHAUSTED_PRIMALITY_UNASSIGNED,514,512,512,NO_RECORDED_FACTOR_PRP_OR_LL_RESULT_AND_NO_ACTIVE_GIMPS_ASSIGNMENT,2026-08-08T14:01:06+00:00,UNALLOCATED,,,,,
SLCMP585-0235,235,235,288511439,2^288511439-1,STRUCTURAL_SCREEN_EXHAUSTED_PRIMALITY_UNASSIGNED,GF3A_DIRECTIONAL_WRITE_EXHAUSTED_PRIMALITY_UNASSIGNED,514,512,512,NO_RECORDED_FACTOR_PRP_OR_LL_RESULT_AND_NO_ACTIVE_GIMPS_ASSIGNMENT,2026-08-08T14:01:06+00:00,UNALLOCATED,,,,,
SLCMP585-0236,236,236,288511453,2^288511453-1,STRUCTURAL_SCREEN_EXHAUSTED_PRIMALITY_UNASSIGNED,GF3A_DIRECTIONAL_WRITE_EXHAUSTED_PRIMALITY_UNASSIGNED,513,512,512,NO_RECORDED_FACTOR_PRP_OR_LL_RESULT_AND_NO_ACTIVE_GIMPS_ASSIGNMENT,2026-08-08T14:01:06+00:00,UNALLOCATED,,,,,
SLCMP585-0237,237,237,288511469,2^288511469-1,STRUCTURAL_SCREEN_EXHAUSTED_PRIMALITY_UNASSIGNED,GF3A_DIRECTIONAL_WRITE_EXHAUSTED_PRIMALITY_UNASSIGNED,513,512,512,NO_RECORDED_FACTOR_PRP_OR_LL_RESULT_AND_NO_ACTIVE_GIMPS_ASSIGNMENT,2026-08-08T14:01:06+00:00,UNALLOCATED,,,,,
SLCMP585-0238,238,238,288511493,2^288511493-1,STRUCTURAL_SCREEN_EXHAUSTED_PRIMALITY_UNASSIGNED,GF3A_DIRECTIONAL_WRITE_EXHAUSTED_PRIMALITY_UNASSIGNED,513,512,512,NO_RECORDED_FACTOR_PRP_OR_LL_RESULT_AND_NO_ACTIVE_GIMPS_ASSIGNMENT,2026-08-08T14:01:06+00:00,UNALLOCATED,,,,,
SLCMP585-0239,239,239,288511543,2^288511543-1,STRUCTURAL_SCREEN_EXHAUSTED_PRIMALITY_UNASSIGNED,GF3A_DIRECTIONAL_WRITE_EXHAUSTED_PRIMALITY_UNASSIGNED,514,512,512,NO_RECORDED_FACTOR_PRP_OR_LL_RESULT_AND_NO_ACTIVE_GIMPS_ASSIGNMENT,2026-08-08T14:01:06+00:00,UNALLOCATED,,,,,
SLCMP585-0240,240,240,288511627,2^288511627-1,STRUCTURAL_SCREEN_EXHAUSTED_PRIMALITY_UNASSIGNED,GF3A_DIRECTIONAL_WRITE_EXHAUSTED_PRIMALITY_UNASSIGNED,514,512,512,NO_RECORDED_FACTOR_PRP_OR_LL_RESULT_AND_NO_ACTIVE_GIMPS_ASSIGNMENT,2026-08-08T14:01:06+00:00,UNALLOCATED,,,,,
SLCMP585-0241,241,241,288511661,2^288511661-1,STRUCTURAL_SCREEN_EXHAUSTED_PRIMALITY_UNASSIGNED,GF3A_DIRECTIONAL_WRITE_EXHAUSTED_PRIMALITY_UNASSIGNED,513,512,512,NO_RECORDED_FACTOR_PRP_OR_LL_RESULT_AND_NO_ACTIVE_GIMPS_ASSIGNMENT,2026-08-08T14:01:06+00:00,UNALLOCATED,,,,,
SLCMP585-0242,242,242,288511679,2^288511679-1,STRUCTURAL_SCREEN_EXHAUSTED_PRIMALITY_UNASSIGNED,GF3A_DIRECTIONAL_WRITE_EXHAUSTED_PRIMALITY_UNASSIGNED,514,512,512,NO_RECORDED_FACTOR_PRP_OR_LL_RESULT_AND_NO_ACTIVE_GIMPS_ASSIGNMENT,2026-08-08T14:01:06+00:00,UNALLOCATED,,,,,
SLCMP585-0243,243,243,288511753,2^288511753-1,STRUCTURAL_SCREEN_EXHAUSTED_PRIMALITY_UNASSIGNED,GF3A_DIRECTIONAL_WRITE_EXHAUSTED_PRIMALITY_UNASSIGNED,513,512,512,NO_RECORDED_FACTOR_PRP_OR_LL_RESULT_AND_NO_ACTIVE_GIMPS_ASSIGNMENT,2026-08-08T14:01:06+00:00,UNALLOCATED,,,,,
SLCMP585-0244,244,244,288511771,2^288511771-1,STRUCTURAL_SCREEN_EXHAUSTED_PRIMALITY_UNASSIGNED,GF3A_DIRECTIONAL_WRITE_EXHAUSTED_PRIMALITY_UNASSIGNED,514,512,512,NO_RECORDED_FACTOR_PRP_OR_LL_RESULT_AND_NO_ACTIVE_GIMPS_ASSIGNMENT,2026-08-08T14:01:06+00:00,UNALLOCATED,,,,,
SLCMP585-0245,245,245,288511787,2^288511787-1,STRUCTURAL_SCREEN_EXHAUSTED_PRIMALITY_UNASSIGNED,GF3A_DIRECTIONAL_WRITE_EXHAUSTED_PRIMALITY_UNASSIGNED,514,512,512,NO_RECORDED_FACTOR_PRP_OR_LL_RESULT_AND_NO_ACTIVE_GIMPS_ASSIGNMENT,2026-08-08T14:01:06+00:00,UNALLOCATED,,,,,
SLCMP585-0246,246,246,288511891,2^288511891-1,STRUCTURAL_SCREEN_EXHAUSTED_PRIMALITY_UNASSIGNED,GF3A_DIRECTIONAL_WRITE_EXHAUSTED_PRIMALITY_UNASSIGNED,514,512,512,NO_RECORDED_FACTOR_PRP_OR_LL_RESULT_AND_NO_ACTIVE_GIMPS_ASSIGNMENT,2026-08-08T14:01:06+00:00,UNALLOCATED,,,,,
SLCMP585-0247,247,247,288511907,2^288511907-1,STRUCTURAL_SCREEN_EXHAUSTED_PRIMALITY_UNASSIGNED,GF3A_DIRECTIONAL_WRITE_EXHAUSTED_PRIMALITY_UNASSIGNED,514,512,512,NO_RECORDED_FACTOR_PRP_OR_LL_RESULT_AND_NO_ACTIVE_GIMPS_ASSIGNMENT,2026-08-08T14:01:06+00:00,UNALLOCATED,,,,,
SLCMP585-0248,248,248,288511967,2^288511967-1,STRUCTURAL_SCREEN_EXHAUSTED_PRIMALITY_UNASSIGNED,GF3A_DIRECTIONAL_WRITE_EXHAUSTED_PRIMALITY_UNASSIGNED,514,512,512,NO_RECORDED_FACTOR_PRP_OR_LL_RESULT_AND_NO_ACTIVE_GIMPS_ASSIGNMENT,2026-08-08T14:01:06+00:00,UNALLOCATED,,,,,
SLCMP585-0249,249,249,288511969,2^288511969-1,STRUCTURAL_SCREEN_EXHAUSTED_PRIMALITY_UNASSIGNED,GF3A_DIRECTIONAL_WRITE_EXHAUSTED_PRIMALITY_UNASSIGNED,513,512,512,NO_RECORDED_FACTOR_PRP_OR_LL_RESULT_AND_NO_ACTIVE_GIMPS_ASSIGNMENT,2026-08-08T14:01:06+00:00,UNALLOCATED,,,,,
SLCMP585-0250,250,250,288512053,2^288512053-1,STRUCTURAL_SCREEN_EXHAUSTED_PRIMALITY_UNASSIGNED,GF3A_DIRECTIONAL_WRITE_EXHAUSTED_PRIMALITY_UNASSIGNED,513,512,512,NO_RECORDED_FACTOR_PRP_OR_LL_RESULT_AND_NO_ACTIVE_GIMPS_ASSIGNMENT,2026-08-08T14:01:06+00:00,UNALLOCATED,,,,,
SLCMP585-0251,251,251,288512141,2^288512141-1,STRUCTURAL_SCREEN_EXHAUSTED_PRIMALITY_UNASSIGNED,GF3A_DIRECTIONAL_WRITE_EXHAUSTED_PRIMALITY_UNASSIGNED,513,512,512,NO_RECORDED_FACTOR_PRP_OR_LL_RESULT_AND_NO_ACTIVE_GIMPS_ASSIGNMENT,2026-08-08T14:01:06+00:00,UNALLOCATED,,,,,
SLCMP585-0252,252,252,288512239,2^288512239-1,STRUCTURAL_SCREEN_EXHAUSTED_PRIMALITY_UNASSIGNED,GF3A_DIRECTIONAL_WRITE_EXHAUSTED_PRIMALITY_UNASSIGNED,514,512,512,NO_RECORDED_FACTOR_PRP_OR_LL_RESULT_AND_NO_ACTIVE_GIMPS_ASSIGNMENT,2026-08-08T14:01:06+00:00,UNALLOCATED,,,,,
SLCMP585-0253,253,253,288512243,2^288512243-1,STRUCTURAL_SCREEN_EXHAUSTED_PRIMALITY_UNASSIGNED,GF3A_DIRECTIONAL_WRITE_EXHAUSTED_PRIMALITY_UNASSIGNED,514,512,512,NO_RECORDED_FACTOR_PRP_OR_LL_RESULT_AND_NO_ACTIVE_GIMPS_ASSIGNMENT,2026-08-08T14:01:06+00:00,UNALLOCATED,,,,,
SLCMP585-0254,254,254,288512267,2^288512267-1,STRUCTURAL_SCREEN_EXHAUSTED_PRIMALITY_UNASSIGNED,GF3A_DIRECTIONAL_WRITE_EXHAUSTED_PRIMALITY_UNASSIGNED,514,512,512,NO_RECORDED_FACTOR_PRP_OR_LL_RESULT_AND_NO_ACTIVE_GIMPS_ASSIGNMENT,2026-08-08T14:01:06+00:00,UNALLOCATED,,,,,
SLCMP585-0255,255,255,288512269,2^288512269-1,STRUCTURAL_SCREEN_EXHAUSTED_PRIMALITY_UNASSIGNED,GF3A_DIRECTIONAL_WRITE_EXHAUSTED_PRIMALITY_UNASSIGNED,513,512,512,NO_RECORDED_FACTOR_PRP_OR_LL_RESULT_AND_NO_ACTIVE_GIMPS_ASSIGNMENT,2026-08-08T14:01:06+00:00,UNALLOCATED,,,,,
SLCMP585-0256,256,256,288512429,2^288512429-1,STRUCTURAL_SCREEN_EXHAUSTED_PRIMALITY_UNASSIGNED,GF3A_DIRECTIONAL_WRITE_EXHAUSTED_PRIMALITY_UNASSIGNED,513,512,512,NO_RECORDED_FACTOR_PRP_OR_LL_RESULT_AND_NO_ACTIVE_GIMPS_ASSIGNMENT,2026-08-08T14:01:06+00:00,UNALLOCATED,,,,,
SLCMP585-0257,257,257,288512447,2^288512447-1,STRUCTURAL_SCREEN_EXHAUSTED_PRIMALITY_UNASSIGNED,GF3A_DIRECTIONAL_WRITE_EXHAUSTED_PRIMALITY_UNASSIGNED,514,512,512,NO_RECORDED_FACTOR_PRP_OR_LL_RESULT_AND_NO_ACTIVE_GIMPS_ASSIGNMENT,2026-08-08T14:01:06+00:00,UNALLOCATED,,,,,
SLCMP585-0258,258,258,288512597,2^288512597-1,STRUCTURAL_SCREEN_EXHAUSTED_PRIMALITY_UNASSIGNED,GF3A_DIRECTIONAL_WRITE_EXHAUSTED_PRIMALITY_UNASSIGNED,513,512,512,NO_RECORDED_FACTOR_PRP_OR_LL_RESULT_AND_NO_ACTIVE_GIMPS_ASSIGNMENT,2026-08-08T14:01:06+00:00,UNALLOCATED,,,,,
SLCMP585-0259,259,259,288512611,2^288512611-1,STRUCTURAL_SCREEN_EXHAUSTED_PRIMALITY_UNASSIGNED,GF3A_DIRECTIONAL_WRITE_EXHAUSTED_PRIMALITY_UNASSIGNED,514,512,512,NO_RECORDED_FACTOR_PRP_OR_LL_RESULT_AND_NO_ACTIVE_GIMPS_ASSIGNMENT,2026-08-08T14:01:06+00:00,UNALLOCATED,,,,,
SLCMP585-0260,260,260,288512633,2^288512633-1,STRUCTURAL_SCREEN_EXHAUSTED_PRIMALITY_UNASSIGNED,GF3A_DIRECTIONAL_WRITE_EXHAUSTED_PRIMALITY_UNASSIGNED,513,512,512,NO_RECORDED_FACTOR_PRP_OR_LL_RESULT_AND_NO_ACTIVE_GIMPS_ASSIGNMENT,2026-08-08T14:01:06+00:00,UNALLOCATED,,,,,
SLCMP585-0261,261,261,288512669,2^288512669-1,STRUCTURAL_SCREEN_EXHAUSTED_PRIMALITY_UNASSIGNED,GF3A_DIRECTIONAL_WRITE_EXHAUSTED_PRIMALITY_UNASSIGNED,513,512,512,NO_RECORDED_FACTOR_PRP_OR_LL_RESULT_AND_NO_ACTIVE_GIMPS_ASSIGNMENT,2026-08-08T14:01:06+00:00,UNALLOCATED,,,,,
SLCMP585-0262,262,262,288512839,2^288512839-1,STRUCTURAL_SCREEN_EXHAUSTED_PRIMALITY_UNASSIGNED,GF3A_DIRECTIONAL_WRITE_EXHAUSTED_PRIMALITY_UNASSIGNED,514,512,512,NO_RECORDED_FACTOR_PRP_OR_LL_RESULT_AND_NO_ACTIVE_GIMPS_ASSIGNMENT,2026-08-08T14:01:06+00:00,UNALLOCATED,,,,,
SLCMP585-0263,263,263,288512849,2^288512849-1,STRUCTURAL_SCREEN_EXHAUSTED_PRIMALITY_UNASSIGNED,GF3A_DIRECTIONAL_WRITE_EXHAUSTED_PRIMALITY_UNASSIGNED,513,512,512,NO_RECORDED_FACTOR_PRP_OR_LL_RESULT_AND_NO_ACTIVE_GIMPS_ASSIGNMENT,2026-08-08T14:01:06+00:00,UNALLOCATED,,,,,
SLCMP585-0264,264,264,288512947,2^288512947-1,STRUCTURAL_SCREEN_EXHAUSTED_PRIMALITY_UNASSIGNED,GF3A_DIRECTIONAL_WRITE_EXHAUSTED_PRIMALITY_UNASSIGNED,514,512,512,NO_RECORDED_FACTOR_PRP_OR_LL_RESULT_AND_NO_ACTIVE_GIMPS_ASSIGNMENT,2026-08-08T14:01:06+00:00,UNALLOCATED,,,,,
SLCMP585-0265,265,265,288512957,2^288512957-1,STRUCTURAL_SCREEN_EXHAUSTED_PRIMALITY_UNASSIGNED,GF3A_DIRECTIONAL_WRITE_EXHAUSTED_PRIMALITY_UNASSIGNED,513,512,512,NO_RECORDED_FACTOR_PRP_OR_LL_RESULT_AND_NO_ACTIVE_GIMPS_ASSIGNMENT,2026-08-08T14:01:06+00:00,UNALLOCATED,,,,,
SLCMP585-0266,266,266,288512993,2^288512993-1,STRUCTURAL_SCREEN_EXHAUSTED_PRIMALITY_UNASSIGNED,GF3A_DIRECTIONAL_WRITE_EXHAUSTED_PRIMALITY_UNASSIGNED,513,512,512,NO_RECORDED_FACTOR_PRP_OR_LL_RESULT_AND_NO_ACTIVE_GIMPS_ASSIGNMENT,2026-08-08T14:01:06+00:00,UNALLOCATED,,,,,
SLCMP585-0267,267,267,288513011,2^288513011-1,STRUCTURAL_SCREEN_EXHAUSTED_PRIMALITY_UNASSIGNED,GF3A_DIRECTIONAL_WRITE_EXHAUSTED_PRIMALITY_UNASSIGNED,514,512,512,NO_RECORDED_FACTOR_PRP_OR_LL_RESULT_AND_NO_ACTIVE_GIMPS_ASSIGNMENT,2026-08-08T14:01:06+00:00,UNALLOCATED,,,,,
SLCMP585-0268,268,268,288513047,2^288513047-1,STRUCTURAL_SCREEN_EXHAUSTED_PRIMALITY_UNASSIGNED,GF3A_DIRECTIONAL_WRITE_EXHAUSTED_PRIMALITY_UNASSIGNED,514,512,512,NO_RECORDED_FACTOR_PRP_OR_LL_RESULT_AND_NO_ACTIVE_GIMPS_ASSIGNMENT,2026-08-08T14:01:06+00:00,UNALLOCATED,,,,,
SLCMP585-0269,269,269,288513193,2^288513193-1,STRUCTURAL_SCREEN_EXHAUSTED_PRIMALITY_UNASSIGNED,GF3A_DIRECTIONAL_WRITE_EXHAUSTED_PRIMALITY_UNASSIGNED,513,512,512,NO_RECORDED_FACTOR_PRP_OR_LL_RESULT_AND_NO_ACTIVE_GIMPS_ASSIGNMENT,2026-08-08T14:01:06+00:00,UNALLOCATED,,,,,
SLCMP585-0270,270,270,288513493,2^288513493-1,STRUCTURAL_SCREEN_EXHAUSTED_PRIMALITY_UNASSIGNED,GF3A_DIRECTIONAL_WRITE_EXHAUSTED_PRIMALITY_UNASSIGNED,513,512,512,NO_RECORDED_FACTOR_PRP_OR_LL_RESULT_AND_NO_ACTIVE_GIMPS_ASSIGNMENT,2026-08-08T14:01:06+00:00,UNALLOCATED,,,,,
SLCMP585-0271,271,271,288513523,2^288513523-1,STRUCTURAL_SCREEN_EXHAUSTED_PRIMALITY_UNASSIGNED,GF3A_DIRECTIONAL_WRITE_EXHAUSTED_PRIMALITY_UNASSIGNED,514,512,512,NO_RECORDED_FACTOR_PRP_OR_LL_RESULT_AND_NO_ACTIVE_GIMPS_ASSIGNMENT,2026-08-08T14:01:06+00:00,UNALLOCATED,,,,,
SLCMP585-0272,272,272,288513571,2^288513571-1,STRUCTURAL_SCREEN_EXHAUSTED_PRIMALITY_UNASSIGNED,GF3A_DIRECTIONAL_WRITE_EXHAUSTED_PRIMALITY_UNASSIGNED,514,512,512,NO_RECORDED_FACTOR_PRP_OR_LL_RESULT_AND_NO_ACTIVE_GIMPS_ASSIGNMENT,2026-08-08T14:01:06+00:00,UNALLOCATED,,,,,
SLCMP585-0273,273,273,288513619,2^288513619-1,STRUCTURAL_SCREEN_EXHAUSTED_PRIMALITY_UNASSIGNED,GF3A_DIRECTIONAL_WRITE_EXHAUSTED_PRIMALITY_UNASSIGNED,514,512,512,NO_RECORDED_FACTOR_PRP_OR_LL_RESULT_AND_NO_ACTIVE_GIMPS_ASSIGNMENT,2026-08-08T14:01:06+00:00,UNALLOCATED,,,,,
SLCMP585-0274,274,274,288513637,2^288513637-1,STRUCTURAL_SCREEN_EXHAUSTED_PRIMALITY_UNASSIGNED,GF3A_DIRECTIONAL_WRITE_EXHAUSTED_PRIMALITY_UNASSIGNED,513,512,512,NO_RECORDED_FACTOR_PRP_OR_LL_RESULT_AND_NO_ACTIVE_GIMPS_ASSIGNMENT,2026-08-08T14:01:06+00:00,UNALLOCATED,,,,,
SLCMP585-0275,275,275,288513653,2^288513653-1,STRUCTURAL_SCREEN_EXHAUSTED_PRIMALITY_UNASSIGNED,GF3A_DIRECTIONAL_WRITE_EXHAUSTED_PRIMALITY_UNASSIGNED,513,512,512,NO_RECORDED_FACTOR_PRP_OR_LL_RESULT_AND_NO_ACTIVE_GIMPS_ASSIGNMENT,2026-08-08T14:01:06+00:00,UNALLOCATED,,,,,
SLCMP585-0276,276,276,288513691,2^288513691-1,STRUCTURAL_SCREEN_EXHAUSTED_PRIMALITY_UNASSIGNED,GF3A_DIRECTIONAL_WRITE_EXHAUSTED_PRIMALITY_UNASSIGNED,514,512,512,NO_RECORDED_FACTOR_PRP_OR_LL_RESULT_AND_NO_ACTIVE_GIMPS_ASSIGNMENT,2026-08-08T14:01:06+00:00,UNALLOCATED,,,,,
SLCMP585-0277,277,277,288513787,2^288513787-1,STRUCTURAL_SCREEN_EXHAUSTED_PRIMALITY_UNASSIGNED,GF3A_DIRECTIONAL_WRITE_EXHAUSTED_PRIMALITY_UNASSIGNED,514,512,512,NO_RECORDED_FACTOR_PRP_OR_LL_RESULT_AND_NO_ACTIVE_GIMPS_ASSIGNMENT,2026-08-08T14:01:06+00:00,UNALLOCATED,,,,,
SLCMP585-0278,278,278,288513791,2^288513791-1,STRUCTURAL_SCREEN_EXHAUSTED_PRIMALITY_UNASSIGNED,GF3A_DIRECTIONAL_WRITE_EXHAUSTED_PRIMALITY_UNASSIGNED,514,512,512,NO_RECORDED_FACTOR_PRP_OR_LL_RESULT_AND_NO_ACTIVE_GIMPS_ASSIGNMENT,2026-08-08T14:01:06+00:00,UNALLOCATED,,,,,
SLCMP585-0279,279,279,288513913,2^288513913-1,STRUCTURAL_SCREEN_EXHAUSTED_PRIMALITY_UNASSIGNED,GF3A_DIRECTIONAL_WRITE_EXHAUSTED_PRIMALITY_UNASSIGNED,513,512,512,NO_RECORDED_FACTOR_PRP_OR_LL_RESULT_AND_NO_ACTIVE_GIMPS_ASSIGNMENT,2026-08-08T14:01:06+00:00,UNALLOCATED,,,,,
SLCMP585-0280,280,280,288513991,2^288513991-1,STRUCTURAL_SCREEN_EXHAUSTED_PRIMALITY_UNASSIGNED,GF3A_DIRECTIONAL_WRITE_EXHAUSTED_PRIMALITY_UNASSIGNED,514,512,512,NO_RECORDED_FACTOR_PRP_OR_LL_RESULT_AND_NO_ACTIVE_GIMPS_ASSIGNMENT,2026-08-08T14:01:06+00:00,UNALLOCATED,,,,,
SLCMP585-0281,281,281,288513997,2^288513997-1,STRUCTURAL_SCREEN_EXHAUSTED_PRIMALITY_UNASSIGNED,GF3A_DIRECTIONAL_WRITE_EXHAUSTED_PRIMALITY_UNASSIGNED,513,512,512,NO_RECORDED_FACTOR_PRP_OR_LL_RESULT_AND_NO_ACTIVE_GIMPS_ASSIGNMENT,2026-08-08T14:01:06+00:00,UNALLOCATED,,,,,
SLCMP585-0282,282,282,288514073,2^288514073-1,STRUCTURAL_SCREEN_EXHAUSTED_PRIMALITY_UNASSIGNED,GF3A_DIRECTIONAL_WRITE_EXHAUSTED_PRIMALITY_UNASSIGNED,513,512,512,NO_RECORDED_FACTOR_PRP_OR_LL_RESULT_AND_NO_ACTIVE_GIMPS_ASSIGNMENT,2026-08-08T14:01:06+00:00,UNALLOCATED,,,,,
SLCMP585-0283,283,283,288514141,2^288514141-1,STRUCTURAL_SCREEN_EXHAUSTED_PRIMALITY_UNASSIGNED,GF3A_DIRECTIONAL_WRITE_EXHAUSTED_PRIMALITY_UNASSIGNED,513,512,512,NO_RECORDED_FACTOR_PRP_OR_LL_RESULT_AND_NO_ACTIVE_GIMPS_ASSIGNMENT,2026-08-08T14:01:06+00:00,UNALLOCATED,,,,,
SLCMP585-0284,284,284,288514211,2^288514211-1,STRUCTURAL_SCREEN_EXHAUSTED_PRIMALITY_UNASSIGNED,GF3A_DIRECTIONAL_WRITE_EXHAUSTED_PRIMALITY_UNASSIGNED,514,512,512,NO_RECORDED_FACTOR_PRP_OR_LL_RESULT_AND_NO_ACTIVE_GIMPS_ASSIGNMENT,2026-08-08T14:01:06+00:00,UNALLOCATED,,,,,
SLCMP585-0285,285,285,288514273,2^288514273-1,STRUCTURAL_SCREEN_EXHAUSTED_PRIMALITY_UNASSIGNED,GF3A_DIRECTIONAL_WRITE_EXHAUSTED_PRIMALITY_UNASSIGNED,513,512,512,NO_RECORDED_FACTOR_PRP_OR_LL_RESULT_AND_NO_ACTIVE_GIMPS_ASSIGNMENT,2026-08-08T14:01:06+00:00,UNALLOCATED,,,,,
SLCMP585-0286,286,286,288514279,2^288514279-1,STRUCTURAL_SCREEN_EXHAUSTED_PRIMALITY_UNASSIGNED,GF3A_DIRECTIONAL_WRITE_EXHAUSTED_PRIMALITY_UNASSIGNED,514,512,512,NO_RECORDED_FACTOR_PRP_OR_LL_RESULT_AND_NO_ACTIVE_GIMPS_ASSIGNMENT,2026-08-08T14:01:06+00:00,UNALLOCATED,,,,,
SLCMP585-0287,287,287,288514339,2^288514339-1,STRUCTURAL_SCREEN_EXHAUSTED_PRIMALITY_UNASSIGNED,GF3A_DIRECTIONAL_WRITE_EXHAUSTED_PRIMALITY_UNASSIGNED,514,512,512,NO_RECORDED_FACTOR_PRP_OR_LL_RESULT_AND_NO_ACTIVE_GIMPS_ASSIGNMENT,2026-08-08T14:01:06+00:00,UNALLOCATED,,,,,
SLCMP585-0288,288,288,288514357,2^288514357-1,STRUCTURAL_SCREEN_EXHAUSTED_PRIMALITY_UNASSIGNED,GF3A_DIRECTIONAL_WRITE_EXHAUSTED_PRIMALITY_UNASSIGNED,513,512,512,NO_RECORDED_FACTOR_PRP_OR_LL_RESULT_AND_NO_ACTIVE_GIMPS_ASSIGNMENT,2026-08-08T14:01:06+00:00,UNALLOCATED,,,,,
SLCMP585-0289,289,289,288514441,2^288514441-1,STRUCTURAL_SCREEN_EXHAUSTED_PRIMALITY_UNASSIGNED,GF3A_DIRECTIONAL_WRITE_EXHAUSTED_PRIMALITY_UNASSIGNED,513,512,512,NO_RECORDED_FACTOR_PRP_OR_LL_RESULT_AND_NO_ACTIVE_GIMPS_ASSIGNMENT,2026-08-08T14:01:06+00:00,UNALLOCATED,,,,,
SLCMP585-0290,290,290,288514549,2^288514549-1,STRUCTURAL_SCREEN_EXHAUSTED_PRIMALITY_UNASSIGNED,GF3A_DIRECTIONAL_WRITE_EXHAUSTED_PRIMALITY_UNASSIGNED,513,512,512,NO_RECORDED_FACTOR_PRP_OR_LL_RESULT_AND_NO_ACTIVE_GIMPS_ASSIGNMENT,2026-08-08T14:01:06+00:00,UNALLOCATED,,,,,
SLCMP585-0291,291,291,288514631,2^288514631-1,STRUCTURAL_SCREEN_EXHAUSTED_PRIMALITY_UNASSIGNED,GF3A_DIRECTIONAL_WRITE_EXHAUSTED_PRIMALITY_UNASSIGNED,514,512,512,NO_RECORDED_FACTOR_PRP_OR_LL_RESULT_AND_NO_ACTIVE_GIMPS_ASSIGNMENT,2026-08-08T14:01:06+00:00,UNALLOCATED,,,,,
SLCMP585-0292,292,292,288514637,2^288514637-1,STRUCTURAL_SCREEN_EXHAUSTED_PRIMALITY_UNASSIGNED,GF3A_DIRECTIONAL_WRITE_EXHAUSTED_PRIMALITY_UNASSIGNED,513,512,512,NO_RECORDED_FACTOR_PRP_OR_LL_RESULT_AND_NO_ACTIVE_GIMPS_ASSIGNMENT,2026-08-08T14:01:06+00:00,UNALLOCATED,,,,,
SLCMP585-0293,293,293,288514679,2^288514679-1,STRUCTURAL_SCREEN_EXHAUSTED_PRIMALITY_UNASSIGNED,GF3A_DIRECTIONAL_WRITE_EXHAUSTED_PRIMALITY_UNASSIGNED,514,512,512,NO_RECORDED_FACTOR_PRP_OR_LL_RESULT_AND_NO_ACTIVE_GIMPS_ASSIGNMENT,2026-08-08T14:01:06+00:00,UNALLOCATED,,,,,
SLCMP585-0294,294,294,288514781,2^288514781-1,STRUCTURAL_SCREEN_EXHAUSTED_PRIMALITY_UNASSIGNED,GF3A_DIRECTIONAL_WRITE_EXHAUSTED_PRIMALITY_UNASSIGNED,513,512,512,NO_RECORDED_FACTOR_PRP_OR_LL_RESULT_AND_NO_ACTIVE_GIMPS_ASSIGNMENT,2026-08-08T14:01:06+00:00,UNALLOCATED,,,,,
SLCMP585-0295,295,295,288514901,2^288514901-1,STRUCTURAL_SCREEN_EXHAUSTED_PRIMALITY_UNASSIGNED,GF3A_DIRECTIONAL_WRITE_EXHAUSTED_PRIMALITY_UNASSIGNED,513,512,512,NO_RECORDED_FACTOR_PRP_OR_LL_RESULT_AND_NO_ACTIVE_GIMPS_ASSIGNMENT,2026-08-08T14:01:06+00:00,UNALLOCATED,,,,,
SLCMP585-0296,296,296,288514913,2^288514913-1,STRUCTURAL_SCREEN_EXHAUSTED_PRIMALITY_UNASSIGNED,GF3A_DIRECTIONAL_WRITE_EXHAUSTED_PRIMALITY_UNASSIGNED,513,512,512,NO_RECORDED_FACTOR_PRP_OR_LL_RESULT_AND_NO_ACTIVE_GIMPS_ASSIGNMENT,2026-08-08T14:01:06+00:00,UNALLOCATED,,,,,
SLCMP585-0297,297,297,288515063,2^288515063-1,STRUCTURAL_SCREEN_EXHAUSTED_PRIMALITY_UNASSIGNED,GF3A_DIRECTIONAL_WRITE_EXHAUSTED_PRIMALITY_UNASSIGNED,514,512,512,NO_RECORDED_FACTOR_PRP_OR_LL_RESULT_AND_NO_ACTIVE_GIMPS_ASSIGNMENT,2026-08-08T14:01:06+00:00,UNALLOCATED,,,,,
SLCMP585-0298,298,298,288515069,2^288515069-1,STRUCTURAL_SCREEN_EXHAUSTED_PRIMALITY_UNASSIGNED,GF3A_DIRECTIONAL_WRITE_EXHAUSTED_PRIMALITY_UNASSIGNED,513,512,512,NO_RECORDED_FACTOR_PRP_OR_LL_RESULT_AND_NO_ACTIVE_GIMPS_ASSIGNMENT,2026-08-08T14:01:06+00:00,UNALLOCATED,,,,,
SLCMP585-0299,299,299,288515077,2^288515077-1,STRUCTURAL_SCREEN_EXHAUSTED_PRIMALITY_UNASSIGNED,GF3A_DIRECTIONAL_WRITE_EXHAUSTED_PRIMALITY_UNASSIGNED,513,512,512,NO_RECORDED_FACTOR_PRP_OR_LL_RESULT_AND_NO_ACTIVE_GIMPS_ASSIGNMENT,2026-08-08T14:01:06+00:00,UNALLOCATED,,,,,
SLCMP585-0300,300,300,288515131,2^288515131-1,STRUCTURAL_SCREEN_EXHAUSTED_PRIMALITY_UNASSIGNED,GF3A_DIRECTIONAL_WRITE_EXHAUSTED_PRIMALITY_UNASSIGNED,514,512,512,NO_RECORDED_FACTOR_PRP_OR_LL_RESULT_AND_NO_ACTIVE_GIMPS_ASSIGNMENT,2026-08-08T14:01:06+00:00,UNALLOCATED,,,,,
SLCMP585-0301,301,301,288515173,2^288515173-1,STRUCTURAL_SCREEN_EXHAUSTED_PRIMALITY_UNASSIGNED,GF3A_DIRECTIONAL_WRITE_EXHAUSTED_PRIMALITY_UNASSIGNED,513,512,512,NO_RECORDED_FACTOR_PRP_OR_LL_RESULT_AND_NO_ACTIVE_GIMPS_ASSIGNMENT,2026-08-08T14:01:06+00:00,UNALLOCATED,,,,,
SLCMP585-0302,302,302,288515219,2^288515219-1,STRUCTURAL_SCREEN_EXHAUSTED_PRIMALITY_UNASSIGNED,GF3A_DIRECTIONAL_WRITE_EXHAUSTED_PRIMALITY_UNASSIGNED,514,512,512,NO_RECORDED_FACTOR_PRP_OR_LL_RESULT_AND_NO_ACTIVE_GIMPS_ASSIGNMENT,2026-08-08T14:01:06+00:00,UNALLOCATED,,,,,
SLCMP585-0303,303,303,288515327,2^288515327-1,STRUCTURAL_SCREEN_EXHAUSTED_PRIMALITY_UNASSIGNED,GF3A_DIRECTIONAL_WRITE_EXHAUSTED_PRIMALITY_UNASSIGNED,514,512,512,NO_RECORDED_FACTOR_PRP_OR_LL_RESULT_AND_NO_ACTIVE_GIMPS_ASSIGNMENT,2026-08-08T14:01:06+00:00,UNALLOCATED,,,,,
SLCMP585-0304,304,304,288515429,2^288515429-1,STRUCTURAL_SCREEN_EXHAUSTED_PRIMALITY_UNASSIGNED,GF3A_DIRECTIONAL_WRITE_EXHAUSTED_PRIMALITY_UNASSIGNED,513,512,512,NO_RECORDED_FACTOR_PRP_OR_LL_RESULT_AND_NO_ACTIVE_GIMPS_ASSIGNMENT,2026-08-08T14:01:06+00:00,UNALLOCATED,,,,,
SLCMP585-0305,305,305,288515503,2^288515503-1,STRUCTURAL_SCREEN_EXHAUSTED_PRIMALITY_UNASSIGNED,GF3A_DIRECTIONAL_WRITE_EXHAUSTED_PRIMALITY_UNASSIGNED,514,512,512,NO_RECORDED_FACTOR_PRP_OR_LL_RESULT_AND_NO_ACTIVE_GIMPS_ASSIGNMENT,2026-08-08T14:01:06+00:00,UNALLOCATED,,,,,
SLCMP585-0306,306,306,288515587,2^288515587-1,STRUCTURAL_SCREEN_EXHAUSTED_PRIMALITY_UNASSIGNED,GF3A_DIRECTIONAL_WRITE_EXHAUSTED_PRIMALITY_UNASSIGNED,514,512,512,NO_RECORDED_FACTOR_PRP_OR_LL_RESULT_AND_NO_ACTIVE_GIMPS_ASSIGNMENT,2026-08-08T14:01:06+00:00,UNALLOCATED,,,,,
SLCMP585-0307,307,307,288515621,2^288515621-1,STRUCTURAL_SCREEN_EXHAUSTED_PRIMALITY_UNASSIGNED,GF3A_DIRECTIONAL_WRITE_EXHAUSTED_PRIMALITY_UNASSIGNED,513,512,512,NO_RECORDED_FACTOR_PRP_OR_LL_RESULT_AND_NO_ACTIVE_GIMPS_ASSIGNMENT,2026-08-08T14:01:06+00:00,UNALLOCATED,,,,,
SLCMP585-0308,308,308,288515639,2^288515639-1,STRUCTURAL_SCREEN_EXHAUSTED_PRIMALITY_UNASSIGNED,GF3A_DIRECTIONAL_WRITE_EXHAUSTED_PRIMALITY_UNASSIGNED,514,512,512,NO_RECORDED_FACTOR_PRP_OR_LL_RESULT_AND_NO_ACTIVE_GIMPS_ASSIGNMENT,2026-08-08T14:01:06+00:00,UNALLOCATED,,,,,
SLCMP585-0309,309,309,288515651,2^288515651-1,STRUCTURAL_SCREEN_EXHAUSTED_PRIMALITY_UNASSIGNED,GF3A_DIRECTIONAL_WRITE_EXHAUSTED_PRIMALITY_UNASSIGNED,514,512,512,NO_RECORDED_FACTOR_PRP_OR_LL_RESULT_AND_NO_ACTIVE_GIMPS_ASSIGNMENT,2026-08-08T14:01:06+00:00,UNALLOCATED,,,,,
SLCMP585-0310,310,310,288515707,2^288515707-1,STRUCTURAL_SCREEN_EXHAUSTED_PRIMALITY_UNASSIGNED,GF3A_DIRECTIONAL_WRITE_EXHAUSTED_PRIMALITY_UNASSIGNED,514,512,512,NO_RECORDED_FACTOR_PRP_OR_LL_RESULT_AND_NO_ACTIVE_GIMPS_ASSIGNMENT,2026-08-08T14:01:06+00:00,UNALLOCATED,,,,,
SLCMP585-0311,311,311,288515743,2^288515743-1,STRUCTURAL_SCREEN_EXHAUSTED_PRIMALITY_UNASSIGNED,GF3A_DIRECTIONAL_WRITE_EXHAUSTED_PRIMALITY_UNASSIGNED,514,512,512,NO_RECORDED_FACTOR_PRP_OR_LL_RESULT_AND_NO_ACTIVE_GIMPS_ASSIGNMENT,2026-08-08T14:01:06+00:00,UNALLOCATED,,,,,
SLCMP585-0312,312,312,288515771,2^288515771-1,STRUCTURAL_SCREEN_EXHAUSTED_PRIMALITY_UNASSIGNED,GF3A_DIRECTIONAL_WRITE_EXHAUSTED_PRIMALITY_UNASSIGNED,514,512,512,NO_RECORDED_FACTOR_PRP_OR_LL_RESULT_AND_NO_ACTIVE_GIMPS_ASSIGNMENT,2026-08-08T14:01:06+00:00,UNALLOCATED,,,,,
SLCMP585-0313,313,313,288515827,2^288515827-1,STRUCTURAL_SCREEN_EXHAUSTED_PRIMALITY_UNASSIGNED,GF3A_DIRECTIONAL_WRITE_EXHAUSTED_PRIMALITY_UNASSIGNED,514,512,512,NO_RECORDED_FACTOR_PRP_OR_LL_RESULT_AND_NO_ACTIVE_GIMPS_ASSIGNMENT,2026-08-08T14:01:06+00:00,UNALLOCATED,,,,,
SLCMP585-0314,314,314,288515849,2^288515849-1,STRUCTURAL_SCREEN_EXHAUSTED_PRIMALITY_UNASSIGNED,GF3A_DIRECTIONAL_WRITE_EXHAUSTED_PRIMALITY_UNASSIGNED,513,512,512,NO_RECORDED_FACTOR_PRP_OR_LL_RESULT_AND_NO_ACTIVE_GIMPS_ASSIGNMENT,2026-08-08T14:01:06+00:00,UNALLOCATED,,,,,
SLCMP585-0315,315,315,288515863,2^288515863-1,STRUCTURAL_SCREEN_EXHAUSTED_PRIMALITY_UNASSIGNED,GF3A_DIRECTIONAL_WRITE_EXHAUSTED_PRIMALITY_UNASSIGNED,514,512,512,NO_RECORDED_FACTOR_PRP_OR_LL_RESULT_AND_NO_ACTIVE_GIMPS_ASSIGNMENT,2026-08-08T14:01:06+00:00,UNALLOCATED,,,,,
SLCMP585-0316,316,316,288515957,2^288515957-1,STRUCTURAL_SCREEN_EXHAUSTED_PRIMALITY_UNASSIGNED,GF3A_DIRECTIONAL_WRITE_EXHAUSTED_PRIMALITY_UNASSIGNED,513,512,512,NO_RECORDED_FACTOR_PRP_OR_LL_RESULT_AND_NO_ACTIVE_GIMPS_ASSIGNMENT,2026-08-08T14:01:06+00:00,UNALLOCATED,,,,,
SLCMP585-0317,317,317,288516037,2^288516037-1,STRUCTURAL_SCREEN_EXHAUSTED_PRIMALITY_UNASSIGNED,GF3A_DIRECTIONAL_WRITE_EXHAUSTED_PRIMALITY_UNASSIGNED,513,512,512,NO_RECORDED_FACTOR_PRP_OR_LL_RESULT_AND_NO_ACTIVE_GIMPS_ASSIGNMENT,2026-08-08T14:01:06+00:00,UNALLOCATED,,,,,
SLCMP585-0318,318,318,288516049,2^288516049-1,STRUCTURAL_SCREEN_EXHAUSTED_PRIMALITY_UNASSIGNED,GF3A_DIRECTIONAL_WRITE_EXHAUSTED_PRIMALITY_UNASSIGNED,513,512,512,NO_RECORDED_FACTOR_PRP_OR_LL_RESULT_AND_NO_ACTIVE_GIMPS_ASSIGNMENT,2026-08-08T14:01:06+00:00,UNALLOCATED,,,,,
SLCMP585-0319,319,319,288516089,2^288516089-1,STRUCTURAL_SCREEN_EXHAUSTED_PRIMALITY_UNASSIGNED,GF3A_DIRECTIONAL_WRITE_EXHAUSTED_PRIMALITY_UNASSIGNED,513,512,512,NO_RECORDED_FACTOR_PRP_OR_LL_RESULT_AND_NO_ACTIVE_GIMPS_ASSIGNMENT,2026-08-08T14:01:06+00:00,UNALLOCATED,,,,,
SLCMP585-0320,320,320,288516113,2^288516113-1,STRUCTURAL_SCREEN_EXHAUSTED_PRIMALITY_UNASSIGNED,GF3A_DIRECTIONAL_WRITE_EXHAUSTED_PRIMALITY_UNASSIGNED,513,512,512,NO_RECORDED_FACTOR_PRP_OR_LL_RESULT_AND_NO_ACTIVE_GIMPS_ASSIGNMENT,2026-08-08T14:01:06+00:00,UNALLOCATED,,,,,
SLCMP585-0321,321,321,288516251,2^288516251-1,STRUCTURAL_SCREEN_EXHAUSTED_PRIMALITY_UNASSIGNED,GF3A_DIRECTIONAL_WRITE_EXHAUSTED_PRIMALITY_UNASSIGNED,514,512,512,NO_RECORDED_FACTOR_PRP_OR_LL_RESULT_AND_NO_ACTIVE_GIMPS_ASSIGNMENT,2026-08-08T14:01:06+00:00,UNALLOCATED,,,,,
SLCMP585-0322,322,322,288516253,2^288516253-1,STRUCTURAL_SCREEN_EXHAUSTED_PRIMALITY_UNASSIGNED,GF3A_DIRECTIONAL_WRITE_EXHAUSTED_PRIMALITY_UNASSIGNED,513,512,512,NO_RECORDED_FACTOR_PRP_OR_LL_RESULT_AND_NO_ACTIVE_GIMPS_ASSIGNMENT,2026-08-08T14:01:06+00:00,UNALLOCATED,,,,,
SLCMP585-0323,323,323,288516257,2^288516257-1,STRUCTURAL_SCREEN_EXHAUSTED_PRIMALITY_UNASSIGNED,GF3A_DIRECTIONAL_WRITE_EXHAUSTED_PRIMALITY_UNASSIGNED,513,512,512,NO_RECORDED_FACTOR_PRP_OR_LL_RESULT_AND_NO_ACTIVE_GIMPS_ASSIGNMENT,2026-08-08T14:01:06+00:00,UNALLOCATED,,,,,
SLCMP585-0324,324,324,288516281,2^288516281-1,STRUCTURAL_SCREEN_EXHAUSTED_PRIMALITY_UNASSIGNED,GF3A_DIRECTIONAL_WRITE_EXHAUSTED_PRIMALITY_UNASSIGNED,513,512,512,NO_RECORDED_FACTOR_PRP_OR_LL_RESULT_AND_NO_ACTIVE_GIMPS_ASSIGNMENT,2026-08-08T14:01:06+00:00,UNALLOCATED,,,,,
SLCMP585-0325,325,325,288516427,2^288516427-1,STRUCTURAL_SCREEN_EXHAUSTED_PRIMALITY_UNASSIGNED,GF3A_DIRECTIONAL_WRITE_EXHAUSTED_PRIMALITY_UNASSIGNED,514,512,512,NO_RECORDED_FACTOR_PRP_OR_LL_RESULT_AND_NO_ACTIVE_GIMPS_ASSIGNMENT,2026-08-08T14:01:06+00:00,UNALLOCATED,,,,,
SLCMP585-0326,326,326,288516443,2^288516443-1,STRUCTURAL_SCREEN_EXHAUSTED_PRIMALITY_UNASSIGNED,GF3A_DIRECTIONAL_WRITE_EXHAUSTED_PRIMALITY_UNASSIGNED,514,512,512,NO_RECORDED_FACTOR_PRP_OR_LL_RESULT_AND_NO_ACTIVE_GIMPS_ASSIGNMENT,2026-08-08T14:01:06+00:00,UNALLOCATED,,,,,
SLCMP585-0327,327,327,288516479,2^288516479-1,STRUCTURAL_SCREEN_EXHAUSTED_PRIMALITY_UNASSIGNED,GF3A_DIRECTIONAL_WRITE_EXHAUSTED_PRIMALITY_UNASSIGNED,514,512,512,NO_RECORDED_FACTOR_PRP_OR_LL_RESULT_AND_NO_ACTIVE_GIMPS_ASSIGNMENT,2026-08-08T14:01:06+00:00,UNALLOCATED,,,,,
SLCMP585-0328,328,328,288516583,2^288516583-1,STRUCTURAL_SCREEN_EXHAUSTED_PRIMALITY_UNASSIGNED,GF3A_DIRECTIONAL_WRITE_EXHAUSTED_PRIMALITY_UNASSIGNED,514,512,512,NO_RECORDED_FACTOR_PRP_OR_LL_RESULT_AND_NO_ACTIVE_GIMPS_ASSIGNMENT,2026-08-08T14:01:06+00:00,UNALLOCATED,,,,,
SLCMP585-0329,329,329,288516587,2^288516587-1,STRUCTURAL_SCREEN_EXHAUSTED_PRIMALITY_UNASSIGNED,GF3A_DIRECTIONAL_WRITE_EXHAUSTED_PRIMALITY_UNASSIGNED,514,512,512,NO_RECORDED_FACTOR_PRP_OR_LL_RESULT_AND_NO_ACTIVE_GIMPS_ASSIGNMENT,2026-08-08T14:01:06+00:00,UNALLOCATED,,,,,
SLCMP585-0330,330,330,288516589,2^288516589-1,STRUCTURAL_SCREEN_EXHAUSTED_PRIMALITY_UNASSIGNED,GF3A_DIRECTIONAL_WRITE_EXHAUSTED_PRIMALITY_UNASSIGNED,513,512,512,NO_RECORDED_FACTOR_PRP_OR_LL_RESULT_AND_NO_ACTIVE_GIMPS_ASSIGNMENT,2026-08-08T14:01:06+00:00,UNALLOCATED,,,,,
SLCMP585-0331,331,331,288516617,2^288516617-1,STRUCTURAL_SCREEN_EXHAUSTED_PRIMALITY_UNASSIGNED,GF3A_DIRECTIONAL_WRITE_EXHAUSTED_PRIMALITY_UNASSIGNED,513,512,512,NO_RECORDED_FACTOR_PRP_OR_LL_RESULT_AND_NO_ACTIVE_GIMPS_ASSIGNMENT,2026-08-08T14:01:06+00:00,UNALLOCATED,,,,,
SLCMP585-0332,332,332,288516689,2^288516689-1,STRUCTURAL_SCREEN_EXHAUSTED_PRIMALITY_UNASSIGNED,GF3A_DIRECTIONAL_WRITE_EXHAUSTED_PRIMALITY_UNASSIGNED,513,512,512,NO_RECORDED_FACTOR_PRP_OR_LL_RESULT_AND_NO_ACTIVE_GIMPS_ASSIGNMENT,2026-08-08T14:01:06+00:00,UNALLOCATED,,,,,
SLCMP585-0333,333,333,288516749,2^288516749-1,STRUCTURAL_SCREEN_EXHAUSTED_PRIMALITY_UNASSIGNED,GF3A_DIRECTIONAL_WRITE_EXHAUSTED_PRIMALITY_UNASSIGNED,513,512,512,NO_RECORDED_FACTOR_PRP_OR_LL_RESULT_AND_NO_ACTIVE_GIMPS_ASSIGNMENT,2026-08-08T14:01:06+00:00,UNALLOCATED,,,,,
SLCMP585-0334,334,334,288516841,2^288516841-1,STRUCTURAL_SCREEN_EXHAUSTED_PRIMALITY_UNASSIGNED,GF3A_DIRECTIONAL_WRITE_EXHAUSTED_PRIMALITY_UNASSIGNED,513,512,512,NO_RECORDED_FACTOR_PRP_OR_LL_RESULT_AND_NO_ACTIVE_GIMPS_ASSIGNMENT,2026-08-08T14:01:06+00:00,UNALLOCATED,,,,,
SLCMP585-0335,335,335,288516869,2^288516869-1,STRUCTURAL_SCREEN_EXHAUSTED_PRIMALITY_UNASSIGNED,GF3A_DIRECTIONAL_WRITE_EXHAUSTED_PRIMALITY_UNASSIGNED,513,512,512,NO_RECORDED_FACTOR_PRP_OR_LL_RESULT_AND_NO_ACTIVE_GIMPS_ASSIGNMENT,2026-08-08T14:01:06+00:00,UNALLOCATED,,,,,
SLCMP585-0336,336,336,288516947,2^288516947-1,STRUCTURAL_SCREEN_EXHAUSTED_PRIMALITY_UNASSIGNED,GF3A_DIRECTIONAL_WRITE_EXHAUSTED_PRIMALITY_UNASSIGNED,514,512,512,NO_RECORDED_FACTOR_PRP_OR_LL_RESULT_AND_NO_ACTIVE_GIMPS_ASSIGNMENT,2026-08-08T14:01:06+00:00,UNALLOCATED,,,,,
SLCMP585-0337,337,337,288516953,2^288516953-1,STRUCTURAL_SCREEN_EXHAUSTED_PRIMALITY_UNASSIGNED,GF3A_DIRECTIONAL_WRITE_EXHAUSTED_PRIMALITY_UNASSIGNED,513,512,512,NO_RECORDED_FACTOR_PRP_OR_LL_RESULT_AND_NO_ACTIVE_GIMPS_ASSIGNMENT,2026-08-08T14:01:06+00:00,UNALLOCATED,,,,,
SLCMP585-0338,338,338,288517127,2^288517127-1,STRUCTURAL_SCREEN_EXHAUSTED_PRIMALITY_UNASSIGNED,GF3A_DIRECTIONAL_WRITE_EXHAUSTED_PRIMALITY_UNASSIGNED,514,512,512,NO_RECORDED_FACTOR_PRP_OR_LL_RESULT_AND_NO_ACTIVE_GIMPS_ASSIGNMENT,2026-08-08T14:01:06+00:00,UNALLOCATED,,,,,
SLCMP585-0339,339,339,288517181,2^288517181-1,STRUCTURAL_SCREEN_EXHAUSTED_PRIMALITY_UNASSIGNED,GF3A_DIRECTIONAL_WRITE_EXHAUSTED_PRIMALITY_UNASSIGNED,513,512,512,NO_RECORDED_FACTOR_PRP_OR_LL_RESULT_AND_NO_ACTIVE_GIMPS_ASSIGNMENT,2026-08-08T14:01:06+00:00,UNALLOCATED,,,,,
SLCMP585-0340,340,340,288517249,2^288517249-1,STRUCTURAL_SCREEN_EXHAUSTED_PRIMALITY_UNASSIGNED,GF3A_DIRECTIONAL_WRITE_EXHAUSTED_PRIMALITY_UNASSIGNED,513,512,512,NO_RECORDED_FACTOR_PRP_OR_LL_RESULT_AND_NO_ACTIVE_GIMPS_ASSIGNMENT,2026-08-08T14:01:06+00:00,UNALLOCATED,,,,,
SLCMP585-0341,341,341,288517283,2^288517283-1,STRUCTURAL_SCREEN_EXHAUSTED_PRIMALITY_UNASSIGNED,GF3A_DIRECTIONAL_WRITE_EXHAUSTED_PRIMALITY_UNASSIGNED,514,512,512,NO_RECORDED_FACTOR_PRP_OR_LL_RESULT_AND_NO_ACTIVE_GIMPS_ASSIGNMENT,2026-08-08T14:01:06+00:00,UNALLOCATED,,,,,
SLCMP585-0342,342,342,288517513,2^288517513-1,STRUCTURAL_SCREEN_EXHAUSTED_PRIMALITY_UNASSIGNED,GF3A_DIRECTIONAL_WRITE_EXHAUSTED_PRIMALITY_UNASSIGNED,513,512,512,NO_RECORDED_FACTOR_PRP_OR_LL_RESULT_AND_NO_ACTIVE_GIMPS_ASSIGNMENT,2026-08-08T14:01:06+00:00,UNALLOCATED,,,,,
SLCMP585-0343,343,343,288517633,2^288517633-1,STRUCTURAL_SCREEN_EXHAUSTED_PRIMALITY_UNASSIGNED,GF3A_DIRECTIONAL_WRITE_EXHAUSTED_PRIMALITY_UNASSIGNED,513,512,512,NO_RECORDED_FACTOR_PRP_OR_LL_RESULT_AND_NO_ACTIVE_GIMPS_ASSIGNMENT,2026-08-08T14:01:06+00:00,UNALLOCATED,,,,,
SLCMP585-0344,344,344,288517769,2^288517769-1,STRUCTURAL_SCREEN_EXHAUSTED_PRIMALITY_UNASSIGNED,GF3A_DIRECTIONAL_WRITE_EXHAUSTED_PRIMALITY_UNASSIGNED,513,512,512,NO_RECORDED_FACTOR_PRP_OR_LL_RESULT_AND_NO_ACTIVE_GIMPS_ASSIGNMENT,2026-08-08T14:01:06+00:00,UNALLOCATED,,,,,
SLCMP585-0345,345,345,288517777,2^288517777-1,STRUCTURAL_SCREEN_EXHAUSTED_PRIMALITY_UNASSIGNED,GF3A_DIRECTIONAL_WRITE_EXHAUSTED_PRIMALITY_UNASSIGNED,513,512,512,NO_RECORDED_FACTOR_PRP_OR_LL_RESULT_AND_NO_ACTIVE_GIMPS_ASSIGNMENT,2026-08-08T14:01:06+00:00,UNALLOCATED,,,,,
SLCMP585-0346,346,346,288517927,2^288517927-1,STRUCTURAL_SCREEN_EXHAUSTED_PRIMALITY_UNASSIGNED,GF3A_DIRECTIONAL_WRITE_EXHAUSTED_PRIMALITY_UNASSIGNED,514,512,512,NO_RECORDED_FACTOR_PRP_OR_LL_RESULT_AND_NO_ACTIVE_GIMPS_ASSIGNMENT,2026-08-08T14:01:06+00:00,UNALLOCATED,,,,,
SLCMP585-0347,347,347,288517969,2^288517969-1,STRUCTURAL_SCREEN_EXHAUSTED_PRIMALITY_UNASSIGNED,GF3A_DIRECTIONAL_WRITE_EXHAUSTED_PRIMALITY_UNASSIGNED,513,512,512,NO_RECORDED_FACTOR_PRP_OR_LL_RESULT_AND_NO_ACTIVE_GIMPS_ASSIGNMENT,2026-08-08T14:01:06+00:00,UNALLOCATED,,,,,
SLCMP585-0348,348,348,288518011,2^288518011-1,STRUCTURAL_SCREEN_EXHAUSTED_PRIMALITY_UNASSIGNED,GF3A_DIRECTIONAL_WRITE_EXHAUSTED_PRIMALITY_UNASSIGNED,514,512,512,NO_RECORDED_FACTOR_PRP_OR_LL_RESULT_AND_NO_ACTIVE_GIMPS_ASSIGNMENT,2026-08-08T14:01:06+00:00,UNALLOCATED,,,,,
SLCMP585-0349,349,349,288518029,2^288518029-1,STRUCTURAL_SCREEN_EXHAUSTED_PRIMALITY_UNASSIGNED,GF3A_DIRECTIONAL_WRITE_EXHAUSTED_PRIMALITY_UNASSIGNED,513,512,512,NO_RECORDED_FACTOR_PRP_OR_LL_RESULT_AND_NO_ACTIVE_GIMPS_ASSIGNMENT,2026-08-08T14:01:06+00:00,UNALLOCATED,,,,,
SLCMP585-0350,350,350,288518063,2^288518063-1,STRUCTURAL_SCREEN_EXHAUSTED_PRIMALITY_UNASSIGNED,GF3A_DIRECTIONAL_WRITE_EXHAUSTED_PRIMALITY_UNASSIGNED,514,512,512,NO_RECORDED_FACTOR_PRP_OR_LL_RESULT_AND_NO_ACTIVE_GIMPS_ASSIGNMENT,2026-08-08T14:01:06+00:00,UNALLOCATED,,,,,
SLCMP585-0351,351,351,288518093,2^288518093-1,STRUCTURAL_SCREEN_EXHAUSTED_PRIMALITY_UNASSIGNED,GF3A_DIRECTIONAL_WRITE_EXHAUSTED_PRIMALITY_UNASSIGNED,513,512,512,NO_RECORDED_FACTOR_PRP_OR_LL_RESULT_AND_NO_ACTIVE_GIMPS_ASSIGNMENT,2026-08-08T14:01:06+00:00,UNALLOCATED,,,,,
SLCMP585-0352,352,352,288518137,2^288518137-1,STRUCTURAL_SCREEN_EXHAUSTED_PRIMALITY_UNASSIGNED,GF3A_DIRECTIONAL_WRITE_EXHAUSTED_PRIMALITY_UNASSIGNED,513,512,512,NO_RECORDED_FACTOR_PRP_OR_LL_RESULT_AND_NO_ACTIVE_GIMPS_ASSIGNMENT,2026-08-08T14:01:06+00:00,UNALLOCATED,,,,,
SLCMP585-0353,353,353,288518161,2^288518161-1,STRUCTURAL_SCREEN_EXHAUSTED_PRIMALITY_UNASSIGNED,GF3A_DIRECTIONAL_WRITE_EXHAUSTED_PRIMALITY_UNASSIGNED,513,512,512,NO_RECORDED_FACTOR_PRP_OR_LL_RESULT_AND_NO_ACTIVE_GIMPS_ASSIGNMENT,2026-08-08T14:01:06+00:00,UNALLOCATED,,,,,
SLCMP585-0354,354,354,288518177,2^288518177-1,STRUCTURAL_SCREEN_EXHAUSTED_PRIMALITY_UNASSIGNED,GF3A_DIRECTIONAL_WRITE_EXHAUSTED_PRIMALITY_UNASSIGNED,513,512,512,NO_RECORDED_FACTOR_PRP_OR_LL_RESULT_AND_NO_ACTIVE_GIMPS_ASSIGNMENT,2026-08-08T14:01:06+00:00,UNALLOCATED,,,,,
SLCMP585-0355,355,355,288518179,2^288518179-1,STRUCTURAL_SCREEN_EXHAUSTED_PRIMALITY_UNASSIGNED,GF3A_DIRECTIONAL_WRITE_EXHAUSTED_PRIMALITY_UNASSIGNED,514,512,512,NO_RECORDED_FACTOR_PRP_OR_LL_RESULT_AND_NO_ACTIVE_GIMPS_ASSIGNMENT,2026-08-08T14:01:06+00:00,UNALLOCATED,,,,,
SLCMP585-0356,356,356,288518213,2^288518213-1,STRUCTURAL_SCREEN_EXHAUSTED_PRIMALITY_UNASSIGNED,GF3A_DIRECTIONAL_WRITE_EXHAUSTED_PRIMALITY_UNASSIGNED,513,512,512,NO_RECORDED_FACTOR_PRP_OR_LL_RESULT_AND_NO_ACTIVE_GIMPS_ASSIGNMENT,2026-08-08T14:01:06+00:00,UNALLOCATED,,,,,
SLCMP585-0357,357,357,288518231,2^288518231-1,STRUCTURAL_SCREEN_EXHAUSTED_PRIMALITY_UNASSIGNED,GF3A_DIRECTIONAL_WRITE_EXHAUSTED_PRIMALITY_UNASSIGNED,514,512,512,NO_RECORDED_FACTOR_PRP_OR_LL_RESULT_AND_NO_ACTIVE_GIMPS_ASSIGNMENT,2026-08-08T14:01:06+00:00,UNALLOCATED,,,,,
SLCMP585-0358,358,358,288518311,2^288518311-1,STRUCTURAL_SCREEN_EXHAUSTED_PRIMALITY_UNASSIGNED,GF3A_DIRECTIONAL_WRITE_EXHAUSTED_PRIMALITY_UNASSIGNED,514,512,512,NO_RECORDED_FACTOR_PRP_OR_LL_RESULT_AND_NO_ACTIVE_GIMPS_ASSIGNMENT,2026-08-08T14:01:06+00:00,UNALLOCATED,,,,,
SLCMP585-0359,359,359,288518389,2^288518389-1,STRUCTURAL_SCREEN_EXHAUSTED_PRIMALITY_UNASSIGNED,GF3A_DIRECTIONAL_WRITE_EXHAUSTED_PRIMALITY_UNASSIGNED,513,512,512,NO_RECORDED_FACTOR_PRP_OR_LL_RESULT_AND_NO_ACTIVE_GIMPS_ASSIGNMENT,2026-08-08T14:01:06+00:00,UNALLOCATED,,,,,
SLCMP585-0360,360,360,288518551,2^288518551-1,STRUCTURAL_SCREEN_EXHAUSTED_PRIMALITY_UNASSIGNED,GF3A_DIRECTIONAL_WRITE_EXHAUSTED_PRIMALITY_UNASSIGNED,514,512,512,NO_RECORDED_FACTOR_PRP_OR_LL_RESULT_AND_NO_ACTIVE_GIMPS_ASSIGNMENT,2026-08-08T14:01:06+00:00,UNALLOCATED,,,,,
SLCMP585-0361,361,361,288518567,2^288518567-1,STRUCTURAL_SCREEN_EXHAUSTED_PRIMALITY_UNASSIGNED,GF3A_DIRECTIONAL_WRITE_EXHAUSTED_PRIMALITY_UNASSIGNED,514,512,512,NO_RECORDED_FACTOR_PRP_OR_LL_RESULT_AND_NO_ACTIVE_GIMPS_ASSIGNMENT,2026-08-08T14:01:06+00:00,UNALLOCATED,,,,,
SLCMP585-0362,362,362,288518663,2^288518663-1,STRUCTURAL_SCREEN_EXHAUSTED_PRIMALITY_UNASSIGNED,GF3A_DIRECTIONAL_WRITE_EXHAUSTED_PRIMALITY_UNASSIGNED,514,512,512,NO_RECORDED_FACTOR_PRP_OR_LL_RESULT_AND_NO_ACTIVE_GIMPS_ASSIGNMENT,2026-08-08T14:01:06+00:00,UNALLOCATED,,,,,
SLCMP585-0363,363,363,288518669,2^288518669-1,STRUCTURAL_SCREEN_EXHAUSTED_PRIMALITY_UNASSIGNED,GF3A_DIRECTIONAL_WRITE_EXHAUSTED_PRIMALITY_UNASSIGNED,513,512,512,NO_RECORDED_FACTOR_PRP_OR_LL_RESULT_AND_NO_ACTIVE_GIMPS_ASSIGNMENT,2026-08-08T14:01:06+00:00,UNALLOCATED,,,,,
SLCMP585-0364,364,364,288518771,2^288518771-1,STRUCTURAL_SCREEN_EXHAUSTED_PRIMALITY_UNASSIGNED,GF3A_DIRECTIONAL_WRITE_EXHAUSTED_PRIMALITY_UNASSIGNED,514,512,512,NO_RECORDED_FACTOR_PRP_OR_LL_RESULT_AND_NO_ACTIVE_GIMPS_ASSIGNMENT,2026-08-08T14:01:06+00:00,UNALLOCATED,,,,,
SLCMP585-0365,365,365,288518801,2^288518801-1,STRUCTURAL_SCREEN_EXHAUSTED_PRIMALITY_UNASSIGNED,GF3A_DIRECTIONAL_WRITE_EXHAUSTED_PRIMALITY_UNASSIGNED,513,512,512,NO_RECORDED_FACTOR_PRP_OR_LL_RESULT_AND_NO_ACTIVE_GIMPS_ASSIGNMENT,2026-08-08T14:01:06+00:00,UNALLOCATED,,,,,
SLCMP585-0366,366,366,288518821,2^288518821-1,STRUCTURAL_SCREEN_EXHAUSTED_PRIMALITY_UNASSIGNED,GF3A_DIRECTIONAL_WRITE_EXHAUSTED_PRIMALITY_UNASSIGNED,513,512,512,NO_RECORDED_FACTOR_PRP_OR_LL_RESULT_AND_NO_ACTIVE_GIMPS_ASSIGNMENT,2026-08-08T14:01:06+00:00,UNALLOCATED,,,,,
SLCMP585-0367,367,367,288518827,2^288518827-1,STRUCTURAL_SCREEN_EXHAUSTED_PRIMALITY_UNASSIGNED,GF3A_DIRECTIONAL_WRITE_EXHAUSTED_PRIMALITY_UNASSIGNED,514,512,512,NO_RECORDED_FACTOR_PRP_OR_LL_RESULT_AND_NO_ACTIVE_GIMPS_ASSIGNMENT,2026-08-08T14:01:06+00:00,UNALLOCATED,,,,,
SLCMP585-0368,368,368,288518851,2^288518851-1,STRUCTURAL_SCREEN_EXHAUSTED_PRIMALITY_UNASSIGNED,GF3A_DIRECTIONAL_WRITE_EXHAUSTED_PRIMALITY_UNASSIGNED,514,512,512,NO_RECORDED_FACTOR_PRP_OR_LL_RESULT_AND_NO_ACTIVE_GIMPS_ASSIGNMENT,2026-08-08T14:01:06+00:00,UNALLOCATED,,,,,
SLCMP585-0369,369,369,288518899,2^288518899-1,STRUCTURAL_SCREEN_EXHAUSTED_PRIMALITY_UNASSIGNED,GF3A_DIRECTIONAL_WRITE_EXHAUSTED_PRIMALITY_UNASSIGNED,514,512,512,NO_RECORDED_FACTOR_PRP_OR_LL_RESULT_AND_NO_ACTIVE_GIMPS_ASSIGNMENT,2026-08-08T14:01:06+00:00,UNALLOCATED,,,,,
SLCMP585-0370,370,370,288518929,2^288518929-1,STRUCTURAL_SCREEN_EXHAUSTED_PRIMALITY_UNASSIGNED,GF3A_DIRECTIONAL_WRITE_EXHAUSTED_PRIMALITY_UNASSIGNED,513,512,512,NO_RECORDED_FACTOR_PRP_OR_LL_RESULT_AND_NO_ACTIVE_GIMPS_ASSIGNMENT,2026-08-08T14:01:06+00:00,UNALLOCATED,,,,,
SLCMP585-0371,371,371,288518939,2^288518939-1,STRUCTURAL_SCREEN_EXHAUSTED_PRIMALITY_UNASSIGNED,GF3A_DIRECTIONAL_WRITE_EXHAUSTED_PRIMALITY_UNASSIGNED,514,512,512,NO_RECORDED_FACTOR_PRP_OR_LL_RESULT_AND_NO_ACTIVE_GIMPS_ASSIGNMENT,2026-08-08T14:01:06+00:00,UNALLOCATED,,,,,
SLCMP585-0372,372,372,288518987,2^288518987-1,STRUCTURAL_SCREEN_EXHAUSTED_PRIMALITY_UNASSIGNED,GF3A_DIRECTIONAL_WRITE_EXHAUSTED_PRIMALITY_UNASSIGNED,514,512,512,NO_RECORDED_FACTOR_PRP_OR_LL_RESULT_AND_NO_ACTIVE_GIMPS_ASSIGNMENT,2026-08-08T14:01:06+00:00,UNALLOCATED,,,,,
SLCMP585-0373,373,373,288519001,2^288519001-1,STRUCTURAL_SCREEN_EXHAUSTED_PRIMALITY_UNASSIGNED,GF3A_DIRECTIONAL_WRITE_EXHAUSTED_PRIMALITY_UNASSIGNED,513,512,512,NO_RECORDED_FACTOR_PRP_OR_LL_RESULT_AND_NO_ACTIVE_GIMPS_ASSIGNMENT,2026-08-08T14:01:06+00:00,UNALLOCATED,,,,,
SLCMP585-0374,374,374,288519109,2^288519109-1,STRUCTURAL_SCREEN_EXHAUSTED_PRIMALITY_UNASSIGNED,GF3A_DIRECTIONAL_WRITE_EXHAUSTED_PRIMALITY_UNASSIGNED,513,512,512,NO_RECORDED_FACTOR_PRP_OR_LL_RESULT_AND_NO_ACTIVE_GIMPS_ASSIGNMENT,2026-08-08T14:01:06+00:00,UNALLOCATED,,,,,
SLCMP585-0375,375,375,288519157,2^288519157-1,STRUCTURAL_SCREEN_EXHAUSTED_PRIMALITY_UNASSIGNED,GF3A_DIRECTIONAL_WRITE_EXHAUSTED_PRIMALITY_UNASSIGNED,513,512,512,NO_RECORDED_FACTOR_PRP_OR_LL_RESULT_AND_NO_ACTIVE_GIMPS_ASSIGNMENT,2026-08-08T14:01:06+00:00,UNALLOCATED,,,,,
SLCMP585-0376,376,376,288519167,2^288519167-1,STRUCTURAL_SCREEN_EXHAUSTED_PRIMALITY_UNASSIGNED,GF3A_DIRECTIONAL_WRITE_EXHAUSTED_PRIMALITY_UNASSIGNED,514,512,512,NO_RECORDED_FACTOR_PRP_OR_LL_RESULT_AND_NO_ACTIVE_GIMPS_ASSIGNMENT,2026-08-08T14:01:06+00:00,UNALLOCATED,,,,,
SLCMP585-0377,377,377,288519169,2^288519169-1,STRUCTURAL_SCREEN_EXHAUSTED_PRIMALITY_UNASSIGNED,GF3A_DIRECTIONAL_WRITE_EXHAUSTED_PRIMALITY_UNASSIGNED,513,512,512,NO_RECORDED_FACTOR_PRP_OR_LL_RESULT_AND_NO_ACTIVE_GIMPS_ASSIGNMENT,2026-08-08T14:01:06+00:00,UNALLOCATED,,,,,
SLCMP585-0378,378,378,288519239,2^288519239-1,STRUCTURAL_SCREEN_EXHAUSTED_PRIMALITY_UNASSIGNED,GF3A_DIRECTIONAL_WRITE_EXHAUSTED_PRIMALITY_UNASSIGNED,514,512,512,NO_RECORDED_FACTOR_PRP_OR_LL_RESULT_AND_NO_ACTIVE_GIMPS_ASSIGNMENT,2026-08-08T14:01:06+00:00,UNALLOCATED,,,,,
SLCMP585-0379,379,379,288519241,2^288519241-1,STRUCTURAL_SCREEN_EXHAUSTED_PRIMALITY_UNASSIGNED,GF3A_DIRECTIONAL_WRITE_EXHAUSTED_PRIMALITY_UNASSIGNED,513,512,512,NO_RECORDED_FACTOR_PRP_OR_LL_RESULT_AND_NO_ACTIVE_GIMPS_ASSIGNMENT,2026-08-08T14:01:06+00:00,UNALLOCATED,,,,,
SLCMP585-0380,380,380,288519269,2^288519269-1,STRUCTURAL_SCREEN_EXHAUSTED_PRIMALITY_UNASSIGNED,GF3A_DIRECTIONAL_WRITE_EXHAUSTED_PRIMALITY_UNASSIGNED,513,512,512,NO_RECORDED_FACTOR_PRP_OR_LL_RESULT_AND_NO_ACTIVE_GIMPS_ASSIGNMENT,2026-08-08T14:01:06+00:00,UNALLOCATED,,,,,
SLCMP585-0381,381,381,288519277,2^288519277-1,STRUCTURAL_SCREEN_EXHAUSTED_PRIMALITY_UNASSIGNED,GF3A_DIRECTIONAL_WRITE_EXHAUSTED_PRIMALITY_UNASSIGNED,513,512,512,NO_RECORDED_FACTOR_PRP_OR_LL_RESULT_AND_NO_ACTIVE_GIMPS_ASSIGNMENT,2026-08-08T14:01:06+00:00,UNALLOCATED,,,,,
SLCMP585-0382,382,382,288519307,2^288519307-1,STRUCTURAL_SCREEN_EXHAUSTED_PRIMALITY_UNASSIGNED,GF3A_DIRECTIONAL_WRITE_EXHAUSTED_PRIMALITY_UNASSIGNED,514,512,512,NO_RECORDED_FACTOR_PRP_OR_LL_RESULT_AND_NO_ACTIVE_GIMPS_ASSIGNMENT,2026-08-08T14:01:06+00:00,UNALLOCATED,,,,,
SLCMP585-0383,383,383,288519317,2^288519317-1,STRUCTURAL_SCREEN_EXHAUSTED_PRIMALITY_UNASSIGNED,GF3A_DIRECTIONAL_WRITE_EXHAUSTED_PRIMALITY_UNASSIGNED,513,512,512,NO_RECORDED_FACTOR_PRP_OR_LL_RESULT_AND_NO_ACTIVE_GIMPS_ASSIGNMENT,2026-08-08T14:01:06+00:00,UNALLOCATED,,,,,
SLCMP585-0384,384,384,288519373,2^288519373-1,STRUCTURAL_SCREEN_EXHAUSTED_PRIMALITY_UNASSIGNED,GF3A_DIRECTIONAL_WRITE_EXHAUSTED_PRIMALITY_UNASSIGNED,513,512,512,NO_RECORDED_FACTOR_PRP_OR_LL_RESULT_AND_NO_ACTIVE_GIMPS_ASSIGNMENT,2026-08-08T14:01:06+00:00,UNALLOCATED,,,,,
SLCMP585-0385,385,385,288519391,2^288519391-1,STRUCTURAL_SCREEN_EXHAUSTED_PRIMALITY_UNASSIGNED,GF3A_DIRECTIONAL_WRITE_EXHAUSTED_PRIMALITY_UNASSIGNED,514,512,512,NO_RECORDED_FACTOR_PRP_OR_LL_RESULT_AND_NO_ACTIVE_GIMPS_ASSIGNMENT,2026-08-08T14:01:06+00:00,UNALLOCATED,,,,,
SLCMP585-0386,386,386,288519409,2^288519409-1,STRUCTURAL_SCREEN_EXHAUSTED_PRIMALITY_UNASSIGNED,GF3A_DIRECTIONAL_WRITE_EXHAUSTED_PRIMALITY_UNASSIGNED,513,512,512,NO_RECORDED_FACTOR_PRP_OR_LL_RESULT_AND_NO_ACTIVE_GIMPS_ASSIGNMENT,2026-08-08T14:01:06+00:00,UNALLOCATED,,,,,
SLCMP585-0387,387,387,288519523,2^288519523-1,STRUCTURAL_SCREEN_EXHAUSTED_PRIMALITY_UNASSIGNED,GF3A_DIRECTIONAL_WRITE_EXHAUSTED_PRIMALITY_UNASSIGNED,514,512,512,NO_RECORDED_FACTOR_PRP_OR_LL_RESULT_AND_NO_ACTIVE_GIMPS_ASSIGNMENT,2026-08-08T14:01:06+00:00,UNALLOCATED,,,,,
SLCMP585-0388,388,388,288519527,2^288519527-1,STRUCTURAL_SCREEN_EXHAUSTED_PRIMALITY_UNASSIGNED,GF3A_DIRECTIONAL_WRITE_EXHAUSTED_PRIMALITY_UNASSIGNED,514,512,512,NO_RECORDED_FACTOR_PRP_OR_LL_RESULT_AND_NO_ACTIVE_GIMPS_ASSIGNMENT,2026-08-08T14:01:06+00:00,UNALLOCATED,,,,,
SLCMP585-0389,389,389,288519661,2^288519661-1,STRUCTURAL_SCREEN_EXHAUSTED_PRIMALITY_UNASSIGNED,GF3A_DIRECTIONAL_WRITE_EXHAUSTED_PRIMALITY_UNASSIGNED,513,512,512,NO_RECORDED_FACTOR_PRP_OR_LL_RESULT_AND_NO_ACTIVE_GIMPS_ASSIGNMENT,2026-08-08T14:01:06+00:00,UNALLOCATED,,,,,
SLCMP585-0390,390,390,288519677,2^288519677-1,STRUCTURAL_SCREEN_EXHAUSTED_PRIMALITY_UNASSIGNED,GF3A_DIRECTIONAL_WRITE_EXHAUSTED_PRIMALITY_UNASSIGNED,513,512,512,NO_RECORDED_FACTOR_PRP_OR_LL_RESULT_AND_NO_ACTIVE_GIMPS_ASSIGNMENT,2026-08-08T14:01:06+00:00,UNALLOCATED,,,,,
SLCMP585-0391,391,391,288519739,2^288519739-1,STRUCTURAL_SCREEN_EXHAUSTED_PRIMALITY_UNASSIGNED,GF3A_DIRECTIONAL_WRITE_EXHAUSTED_PRIMALITY_UNASSIGNED,514,512,512,NO_RECORDED_FACTOR_PRP_OR_LL_RESULT_AND_NO_ACTIVE_GIMPS_ASSIGNMENT,2026-08-08T14:01:06+00:00,UNALLOCATED,,,,,
SLCMP585-0392,392,392,288519773,2^288519773-1,STRUCTURAL_SCREEN_EXHAUSTED_PRIMALITY_UNASSIGNED,GF3A_DIRECTIONAL_WRITE_EXHAUSTED_PRIMALITY_UNASSIGNED,513,512,512,NO_RECORDED_FACTOR_PRP_OR_LL_RESULT_AND_NO_ACTIVE_GIMPS_ASSIGNMENT,2026-08-08T14:01:06+00:00,UNALLOCATED,,,,,
SLCMP585-0393,393,393,288519953,2^288519953-1,STRUCTURAL_SCREEN_EXHAUSTED_PRIMALITY_UNASSIGNED,GF3A_DIRECTIONAL_WRITE_EXHAUSTED_PRIMALITY_UNASSIGNED,513,512,512,NO_RECORDED_FACTOR_PRP_OR_LL_RESULT_AND_NO_ACTIVE_GIMPS_ASSIGNMENT,2026-08-08T14:01:06+00:00,UNALLOCATED,,,,,
SLCMP585-0394,394,394,288519977,2^288519977-1,STRUCTURAL_SCREEN_EXHAUSTED_PRIMALITY_UNASSIGNED,GF3A_DIRECTIONAL_WRITE_EXHAUSTED_PRIMALITY_UNASSIGNED,513,512,512,NO_RECORDED_FACTOR_PRP_OR_LL_RESULT_AND_NO_ACTIVE_GIMPS_ASSIGNMENT,2026-08-08T14:01:06+00:00,UNALLOCATED,,,,,
SLCMP585-0395,395,395,288519989,2^288519989-1,STRUCTURAL_SCREEN_EXHAUSTED_PRIMALITY_UNASSIGNED,GF3A_DIRECTIONAL_WRITE_EXHAUSTED_PRIMALITY_UNASSIGNED,513,512,512,NO_RECORDED_FACTOR_PRP_OR_LL_RESULT_AND_NO_ACTIVE_GIMPS_ASSIGNMENT,2026-08-08T14:01:06+00:00,UNALLOCATED,,,,,
SLCMP585-0396,396,396,288520003,2^288520003-1,STRUCTURAL_SCREEN_EXHAUSTED_PRIMALITY_UNASSIGNED,GF3A_DIRECTIONAL_WRITE_EXHAUSTED_PRIMALITY_UNASSIGNED,514,512,512,NO_RECORDED_FACTOR_PRP_OR_LL_RESULT_AND_NO_ACTIVE_GIMPS_ASSIGNMENT,2026-08-08T14:01:06+00:00,UNALLOCATED,,,,,
SLCMP585-0397,397,397,288520009,2^288520009-1,STRUCTURAL_SCREEN_EXHAUSTED_PRIMALITY_UNASSIGNED,GF3A_DIRECTIONAL_WRITE_EXHAUSTED_PRIMALITY_UNASSIGNED,513,512,512,NO_RECORDED_FACTOR_PRP_OR_LL_RESULT_AND_NO_ACTIVE_GIMPS_ASSIGNMENT,2026-08-08T14:01:06+00:00,UNALLOCATED,,,,,
SLCMP585-0398,398,398,288520129,2^288520129-1,STRUCTURAL_SCREEN_EXHAUSTED_PRIMALITY_UNASSIGNED,GF3A_DIRECTIONAL_WRITE_EXHAUSTED_PRIMALITY_UNASSIGNED,513,512,512,NO_RECORDED_FACTOR_PRP_OR_LL_RESULT_AND_NO_ACTIVE_GIMPS_ASSIGNMENT,2026-08-08T14:01:06+00:00,UNALLOCATED,,,,,
SLCMP585-0399,399,399,288520171,2^288520171-1,STRUCTURAL_SCREEN_EXHAUSTED_PRIMALITY_UNASSIGNED,GF3A_DIRECTIONAL_WRITE_EXHAUSTED_PRIMALITY_UNASSIGNED,514,512,512,NO_RECORDED_FACTOR_PRP_OR_LL_RESULT_AND_NO_ACTIVE_GIMPS_ASSIGNMENT,2026-08-08T14:01:06+00:00,UNALLOCATED,,,,,
SLCMP585-0400,400,400,288520189,2^288520189-1,STRUCTURAL_SCREEN_EXHAUSTED_PRIMALITY_UNASSIGNED,GF3A_DIRECTIONAL_WRITE_EXHAUSTED_PRIMALITY_UNASSIGNED,513,512,512,NO_RECORDED_FACTOR_PRP_OR_LL_RESULT_AND_NO_ACTIVE_GIMPS_ASSIGNMENT,2026-08-08T14:01:06+00:00,UNALLOCATED,,,,,
SLCMP585-0401,401,401,288520283,2^288520283-1,STRUCTURAL_SCREEN_EXHAUSTED_PRIMALITY_UNASSIGNED,GF3A_DIRECTIONAL_WRITE_EXHAUSTED_PRIMALITY_UNASSIGNED,514,512,512,NO_RECORDED_FACTOR_PRP_OR_LL_RESULT_AND_NO_ACTIVE_GIMPS_ASSIGNMENT,2026-08-08T14:01:06+00:00,UNALLOCATED,,,,,
SLCMP585-0402,402,402,288520307,2^288520307-1,STRUCTURAL_SCREEN_EXHAUSTED_PRIMALITY_UNASSIGNED,GF3A_DIRECTIONAL_WRITE_EXHAUSTED_PRIMALITY_UNASSIGNED,514,512,512,NO_RECORDED_FACTOR_PRP_OR_LL_RESULT_AND_NO_ACTIVE_GIMPS_ASSIGNMENT,2026-08-08T14:01:06+00:00,UNALLOCATED,,,,,
SLCMP585-0403,403,403,288520409,2^288520409-1,STRUCTURAL_SCREEN_EXHAUSTED_PRIMALITY_UNASSIGNED,GF3A_DIRECTIONAL_WRITE_EXHAUSTED_PRIMALITY_UNASSIGNED,513,512,512,NO_RECORDED_FACTOR_PRP_OR_LL_RESULT_AND_NO_ACTIVE_GIMPS_ASSIGNMENT,2026-08-08T14:01:06+00:00,UNALLOCATED,,,,,
SLCMP585-0404,404,404,288520439,2^288520439-1,STRUCTURAL_SCREEN_EXHAUSTED_PRIMALITY_UNASSIGNED,GF3A_DIRECTIONAL_WRITE_EXHAUSTED_PRIMALITY_UNASSIGNED,514,512,512,NO_RECORDED_FACTOR_PRP_OR_LL_RESULT_AND_NO_ACTIVE_GIMPS_ASSIGNMENT,2026-08-08T14:01:06+00:00,UNALLOCATED,,,,,
SLCMP585-0405,405,405,288520553,2^288520553-1,STRUCTURAL_SCREEN_EXHAUSTED_PRIMALITY_UNASSIGNED,GF3A_DIRECTIONAL_WRITE_EXHAUSTED_PRIMALITY_UNASSIGNED,513,512,512,NO_RECORDED_FACTOR_PRP_OR_LL_RESULT_AND_NO_ACTIVE_GIMPS_ASSIGNMENT,2026-08-08T14:01:06+00:00,UNALLOCATED,,,,,
SLCMP585-0406,406,406,288520637,2^288520637-1,STRUCTURAL_SCREEN_EXHAUSTED_PRIMALITY_UNASSIGNED,GF3A_DIRECTIONAL_WRITE_EXHAUSTED_PRIMALITY_UNASSIGNED,513,512,512,NO_RECORDED_FACTOR_PRP_OR_LL_RESULT_AND_NO_ACTIVE_GIMPS_ASSIGNMENT,2026-08-08T14:01:06+00:00,UNALLOCATED,,,,,
SLCMP585-0407,407,407,288520691,2^288520691-1,STRUCTURAL_SCREEN_EXHAUSTED_PRIMALITY_UNASSIGNED,GF3A_DIRECTIONAL_WRITE_EXHAUSTED_PRIMALITY_UNASSIGNED,514,512,512,NO_RECORDED_FACTOR_PRP_OR_LL_RESULT_AND_NO_ACTIVE_GIMPS_ASSIGNMENT,2026-08-08T14:01:06+00:00,UNALLOCATED,,,,,
SLCMP585-0408,408,408,288520807,2^288520807-1,STRUCTURAL_SCREEN_EXHAUSTED_PRIMALITY_UNASSIGNED,GF3A_DIRECTIONAL_WRITE_EXHAUSTED_PRIMALITY_UNASSIGNED,514,512,512,NO_RECORDED_FACTOR_PRP_OR_LL_RESULT_AND_NO_ACTIVE_GIMPS_ASSIGNMENT,2026-08-08T14:01:06+00:00,UNALLOCATED,,,,,
SLCMP585-0409,409,409,288520829,2^288520829-1,STRUCTURAL_SCREEN_EXHAUSTED_PRIMALITY_UNASSIGNED,GF3A_DIRECTIONAL_WRITE_EXHAUSTED_PRIMALITY_UNASSIGNED,513,512,512,NO_RECORDED_FACTOR_PRP_OR_LL_RESULT_AND_NO_ACTIVE_GIMPS_ASSIGNMENT,2026-08-08T14:01:06+00:00,UNALLOCATED,,,,,
SLCMP585-0410,410,410,288520853,2^288520853-1,STRUCTURAL_SCREEN_EXHAUSTED_PRIMALITY_UNASSIGNED,GF3A_DIRECTIONAL_WRITE_EXHAUSTED_PRIMALITY_UNASSIGNED,513,512,512,NO_RECORDED_FACTOR_PRP_OR_LL_RESULT_AND_NO_ACTIVE_GIMPS_ASSIGNMENT,2026-08-08T14:01:06+00:00,UNALLOCATED,,,,,
SLCMP585-0411,411,411,288520879,2^288520879-1,STRUCTURAL_SCREEN_EXHAUSTED_PRIMALITY_UNASSIGNED,GF3A_DIRECTIONAL_WRITE_EXHAUSTED_PRIMALITY_UNASSIGNED,514,512,512,NO_RECORDED_FACTOR_PRP_OR_LL_RESULT_AND_NO_ACTIVE_GIMPS_ASSIGNMENT,2026-08-08T14:01:06+00:00,UNALLOCATED,,,,,
SLCMP585-0412,412,412,288520891,2^288520891-1,STRUCTURAL_SCREEN_EXHAUSTED_PRIMALITY_UNASSIGNED,GF3A_DIRECTIONAL_WRITE_EXHAUSTED_PRIMALITY_UNASSIGNED,514,512,512,NO_RECORDED_FACTOR_PRP_OR_LL_RESULT_AND_NO_ACTIVE_GIMPS_ASSIGNMENT,2026-08-08T14:01:06+00:00,UNALLOCATED,,,,,
SLCMP585-0413,413,413,288520907,2^288520907-1,STRUCTURAL_SCREEN_EXHAUSTED_PRIMALITY_UNASSIGNED,GF3A_DIRECTIONAL_WRITE_EXHAUSTED_PRIMALITY_UNASSIGNED,514,512,512,NO_RECORDED_FACTOR_PRP_OR_LL_RESULT_AND_NO_ACTIVE_GIMPS_ASSIGNMENT,2026-08-08T14:01:06+00:00,UNALLOCATED,,,,,
SLCMP585-0414,414,414,288520933,2^288520933-1,STRUCTURAL_SCREEN_EXHAUSTED_PRIMALITY_UNASSIGNED,GF3A_DIRECTIONAL_WRITE_EXHAUSTED_PRIMALITY_UNASSIGNED,513,512,512,NO_RECORDED_FACTOR_PRP_OR_LL_RESULT_AND_NO_ACTIVE_GIMPS_ASSIGNMENT,2026-08-08T14:01:06+00:00,UNALLOCATED,,,,,
SLCMP585-0415,415,415,288521003,2^288521003-1,STRUCTURAL_SCREEN_EXHAUSTED_PRIMALITY_UNASSIGNED,GF3A_DIRECTIONAL_WRITE_EXHAUSTED_PRIMALITY_UNASSIGNED,514,512,512,NO_RECORDED_FACTOR_PRP_OR_LL_RESULT_AND_NO_ACTIVE_GIMPS_ASSIGNMENT,2026-08-08T14:01:06+00:00,UNALLOCATED,,,,,
SLCMP585-0416,416,416,288521063,2^288521063-1,STRUCTURAL_SCREEN_EXHAUSTED_PRIMALITY_UNASSIGNED,GF3A_DIRECTIONAL_WRITE_EXHAUSTED_PRIMALITY_UNASSIGNED,514,512,512,NO_RECORDED_FACTOR_PRP_OR_LL_RESULT_AND_NO_ACTIVE_GIMPS_ASSIGNMENT,2026-08-08T14:01:06+00:00,UNALLOCATED,,,,,
SLCMP585-0417,417,417,288521071,2^288521071-1,STRUCTURAL_SCREEN_EXHAUSTED_PRIMALITY_UNASSIGNED,GF3A_DIRECTIONAL_WRITE_EXHAUSTED_PRIMALITY_UNASSIGNED,514,512,512,NO_RECORDED_FACTOR_PRP_OR_LL_RESULT_AND_NO_ACTIVE_GIMPS_ASSIGNMENT,2026-08-08T14:01:06+00:00,UNALLOCATED,,,,,
SLCMP585-0418,418,418,288521089,2^288521089-1,STRUCTURAL_SCREEN_EXHAUSTED_PRIMALITY_UNASSIGNED,GF3A_DIRECTIONAL_WRITE_EXHAUSTED_PRIMALITY_UNASSIGNED,513,512,512,NO_RECORDED_FACTOR_PRP_OR_LL_RESULT_AND_NO_ACTIVE_GIMPS_ASSIGNMENT,2026-08-08T14:01:06+00:00,UNALLOCATED,,,,,
SLCMP585-0419,419,419,288521201,2^288521201-1,STRUCTURAL_SCREEN_EXHAUSTED_PRIMALITY_UNASSIGNED,GF3A_DIRECTIONAL_WRITE_EXHAUSTED_PRIMALITY_UNASSIGNED,513,512,512,NO_RECORDED_FACTOR_PRP_OR_LL_RESULT_AND_NO_ACTIVE_GIMPS_ASSIGNMENT,2026-08-08T14:01:06+00:00,UNALLOCATED,,,,,
SLCMP585-0420,420,420,288521381,2^288521381-1,STRUCTURAL_SCREEN_EXHAUSTED_PRIMALITY_UNASSIGNED,GF3A_DIRECTIONAL_WRITE_EXHAUSTED_PRIMALITY_UNASSIGNED,513,512,512,NO_RECORDED_FACTOR_PRP_OR_LL_RESULT_AND_NO_ACTIVE_GIMPS_ASSIGNMENT,2026-08-08T14:01:06+00:00,UNALLOCATED,,,,,
SLCMP585-0421,421,421,288521419,2^288521419-1,STRUCTURAL_SCREEN_EXHAUSTED_PRIMALITY_UNASSIGNED,GF3A_DIRECTIONAL_WRITE_EXHAUSTED_PRIMALITY_UNASSIGNED,514,512,512,NO_RECORDED_FACTOR_PRP_OR_LL_RESULT_AND_NO_ACTIVE_GIMPS_ASSIGNMENT,2026-08-08T14:01:06+00:00,UNALLOCATED,,,,,
SLCMP585-0422,422,422,288521423,2^288521423-1,STRUCTURAL_SCREEN_EXHAUSTED_PRIMALITY_UNASSIGNED,GF3A_DIRECTIONAL_WRITE_EXHAUSTED_PRIMALITY_UNASSIGNED,514,512,512,NO_RECORDED_FACTOR_PRP_OR_LL_RESULT_AND_NO_ACTIVE_GIMPS_ASSIGNMENT,2026-08-08T14:01:06+00:00,UNALLOCATED,,,,,
SLCMP585-0423,423,423,288521447,2^288521447-1,STRUCTURAL_SCREEN_EXHAUSTED_PRIMALITY_UNASSIGNED,GF3A_DIRECTIONAL_WRITE_EXHAUSTED_PRIMALITY_UNASSIGNED,514,512,512,NO_RECORDED_FACTOR_PRP_OR_LL_RESULT_AND_NO_ACTIVE_GIMPS_ASSIGNMENT,2026-08-08T14:01:06+00:00,UNALLOCATED,,,,,
SLCMP585-0424,424,424,288521491,2^288521491-1,STRUCTURAL_SCREEN_EXHAUSTED_PRIMALITY_UNASSIGNED,GF3A_DIRECTIONAL_WRITE_EXHAUSTED_PRIMALITY_UNASSIGNED,514,512,512,NO_RECORDED_FACTOR_PRP_OR_LL_RESULT_AND_NO_ACTIVE_GIMPS_ASSIGNMENT,2026-08-08T14:01:06+00:00,UNALLOCATED,,,,,
SLCMP585-0425,425,425,288521503,2^288521503-1,STRUCTURAL_SCREEN_EXHAUSTED_PRIMALITY_UNASSIGNED,GF3A_DIRECTIONAL_WRITE_EXHAUSTED_PRIMALITY_UNASSIGNED,514,512,512,NO_RECORDED_FACTOR_PRP_OR_LL_RESULT_AND_NO_ACTIVE_GIMPS_ASSIGNMENT,2026-08-08T14:01:06+00:00,UNALLOCATED,,,,,
SLCMP585-0426,426,426,288521581,2^288521581-1,STRUCTURAL_SCREEN_EXHAUSTED_PRIMALITY_UNASSIGNED,GF3A_DIRECTIONAL_WRITE_EXHAUSTED_PRIMALITY_UNASSIGNED,513,512,512,NO_RECORDED_FACTOR_PRP_OR_LL_RESULT_AND_NO_ACTIVE_GIMPS_ASSIGNMENT,2026-08-08T14:01:06+00:00,UNALLOCATED,,,,,
SLCMP585-0427,427,427,288521587,2^288521587-1,STRUCTURAL_SCREEN_EXHAUSTED_PRIMALITY_UNASSIGNED,GF3A_DIRECTIONAL_WRITE_EXHAUSTED_PRIMALITY_UNASSIGNED,514,512,512,NO_RECORDED_FACTOR_PRP_OR_LL_RESULT_AND_NO_ACTIVE_GIMPS_ASSIGNMENT,2026-08-08T14:01:06+00:00,UNALLOCATED,,,,,
SLCMP585-0428,428,428,288521641,2^288521641-1,STRUCTURAL_SCREEN_EXHAUSTED_PRIMALITY_UNASSIGNED,GF3A_DIRECTIONAL_WRITE_EXHAUSTED_PRIMALITY_UNASSIGNED,513,512,512,NO_RECORDED_FACTOR_PRP_OR_LL_RESULT_AND_NO_ACTIVE_GIMPS_ASSIGNMENT,2026-08-08T14:01:06+00:00,UNALLOCATED,,,,,
SLCMP585-0429,429,429,288521711,2^288521711-1,STRUCTURAL_SCREEN_EXHAUSTED_PRIMALITY_UNASSIGNED,GF3A_DIRECTIONAL_WRITE_EXHAUSTED_PRIMALITY_UNASSIGNED,514,512,512,NO_RECORDED_FACTOR_PRP_OR_LL_RESULT_AND_NO_ACTIVE_GIMPS_ASSIGNMENT,2026-08-08T14:01:06+00:00,UNALLOCATED,,,,,
SLCMP585-0430,430,430,288521731,2^288521731-1,STRUCTURAL_SCREEN_EXHAUSTED_PRIMALITY_UNASSIGNED,GF3A_DIRECTIONAL_WRITE_EXHAUSTED_PRIMALITY_UNASSIGNED,514,512,512,NO_RECORDED_FACTOR_PRP_OR_LL_RESULT_AND_NO_ACTIVE_GIMPS_ASSIGNMENT,2026-08-08T14:01:06+00:00,UNALLOCATED,,,,,
SLCMP585-0431,431,431,288521749,2^288521749-1,STRUCTURAL_SCREEN_EXHAUSTED_PRIMALITY_UNASSIGNED,GF3A_DIRECTIONAL_WRITE_EXHAUSTED_PRIMALITY_UNASSIGNED,513,512,512,NO_RECORDED_FACTOR_PRP_OR_LL_RESULT_AND_NO_ACTIVE_GIMPS_ASSIGNMENT,2026-08-08T14:01:06+00:00,UNALLOCATED,,,,,
SLCMP585-0432,432,432,288521851,2^288521851-1,STRUCTURAL_SCREEN_EXHAUSTED_PRIMALITY_UNASSIGNED,GF3A_DIRECTIONAL_WRITE_EXHAUSTED_PRIMALITY_UNASSIGNED,514,512,512,NO_RECORDED_FACTOR_PRP_OR_LL_RESULT_AND_NO_ACTIVE_GIMPS_ASSIGNMENT,2026-08-08T14:01:06+00:00,UNALLOCATED,,,,,
SLCMP585-0433,433,433,288521881,2^288521881-1,STRUCTURAL_SCREEN_EXHAUSTED_PRIMALITY_UNASSIGNED,GF3A_DIRECTIONAL_WRITE_EXHAUSTED_PRIMALITY_UNASSIGNED,513,512,512,NO_RECORDED_FACTOR_PRP_OR_LL_RESULT_AND_NO_ACTIVE_GIMPS_ASSIGNMENT,2026-08-08T14:01:06+00:00,UNALLOCATED,,,,,
SLCMP585-0434,434,434,288521903,2^288521903-1,STRUCTURAL_SCREEN_EXHAUSTED_PRIMALITY_UNASSIGNED,GF3A_DIRECTIONAL_WRITE_EXHAUSTED_PRIMALITY_UNASSIGNED,514,512,512,NO_RECORDED_FACTOR_PRP_OR_LL_RESULT_AND_NO_ACTIVE_GIMPS_ASSIGNMENT,2026-08-08T14:01:06+00:00,UNALLOCATED,,,,,
SLCMP585-0435,435,435,288521927,2^288521927-1,STRUCTURAL_SCREEN_EXHAUSTED_PRIMALITY_UNASSIGNED,GF3A_DIRECTIONAL_WRITE_EXHAUSTED_PRIMALITY_UNASSIGNED,514,512,512,NO_RECORDED_FACTOR_PRP_OR_LL_RESULT_AND_NO_ACTIVE_GIMPS_ASSIGNMENT,2026-08-08T14:01:06+00:00,UNALLOCATED,,,,,
SLCMP585-0436,436,436,288522121,2^288522121-1,STRUCTURAL_SCREEN_EXHAUSTED_PRIMALITY_UNASSIGNED,GF3A_DIRECTIONAL_WRITE_EXHAUSTED_PRIMALITY_UNASSIGNED,513,512,512,NO_RECORDED_FACTOR_PRP_OR_LL_RESULT_AND_NO_ACTIVE_GIMPS_ASSIGNMENT,2026-08-08T14:01:06+00:00,UNALLOCATED,,,,,
SLCMP585-0437,437,437,288522187,2^288522187-1,STRUCTURAL_SCREEN_EXHAUSTED_PRIMALITY_UNASSIGNED,GF3A_DIRECTIONAL_WRITE_EXHAUSTED_PRIMALITY_UNASSIGNED,514,512,512,NO_RECORDED_FACTOR_PRP_OR_LL_RESULT_AND_NO_ACTIVE_GIMPS_ASSIGNMENT,2026-08-08T14:01:06+00:00,UNALLOCATED,,,,,
SLCMP585-0438,438,438,288522319,2^288522319-1,STRUCTURAL_SCREEN_EXHAUSTED_PRIMALITY_UNASSIGNED,GF3A_DIRECTIONAL_WRITE_EXHAUSTED_PRIMALITY_UNASSIGNED,514,512,512,NO_RECORDED_FACTOR_PRP_OR_LL_RESULT_AND_NO_ACTIVE_GIMPS_ASSIGNMENT,2026-08-08T14:01:06+00:00,UNALLOCATED,,,,,
SLCMP585-0439,439,439,288522343,2^288522343-1,STRUCTURAL_SCREEN_EXHAUSTED_PRIMALITY_UNASSIGNED,GF3A_DIRECTIONAL_WRITE_EXHAUSTED_PRIMALITY_UNASSIGNED,514,512,512,NO_RECORDED_FACTOR_PRP_OR_LL_RESULT_AND_NO_ACTIVE_GIMPS_ASSIGNMENT,2026-08-08T14:01:06+00:00,UNALLOCATED,,,,,
SLCMP585-0440,440,440,288522349,2^288522349-1,STRUCTURAL_SCREEN_EXHAUSTED_PRIMALITY_UNASSIGNED,GF3A_DIRECTIONAL_WRITE_EXHAUSTED_PRIMALITY_UNASSIGNED,513,512,512,NO_RECORDED_FACTOR_PRP_OR_LL_RESULT_AND_NO_ACTIVE_GIMPS_ASSIGNMENT,2026-08-08T14:01:06+00:00,UNALLOCATED,,,,,
SLCMP585-0441,441,441,288522379,2^288522379-1,STRUCTURAL_SCREEN_EXHAUSTED_PRIMALITY_UNASSIGNED,GF3A_DIRECTIONAL_WRITE_EXHAUSTED_PRIMALITY_UNASSIGNED,514,512,512,NO_RECORDED_FACTOR_PRP_OR_LL_RESULT_AND_NO_ACTIVE_GIMPS_ASSIGNMENT,2026-08-08T14:01:06+00:00,UNALLOCATED,,,,,
SLCMP585-0442,442,442,288522383,2^288522383-1,STRUCTURAL_SCREEN_EXHAUSTED_PRIMALITY_UNASSIGNED,GF3A_DIRECTIONAL_WRITE_EXHAUSTED_PRIMALITY_UNASSIGNED,514,512,512,NO_RECORDED_FACTOR_PRP_OR_LL_RESULT_AND_NO_ACTIVE_GIMPS_ASSIGNMENT,2026-08-08T14:01:06+00:00,UNALLOCATED,,,,,
SLCMP585-0443,443,443,288522413,2^288522413-1,STRUCTURAL_SCREEN_EXHAUSTED_PRIMALITY_UNASSIGNED,GF3A_DIRECTIONAL_WRITE_EXHAUSTED_PRIMALITY_UNASSIGNED,513,512,512,NO_RECORDED_FACTOR_PRP_OR_LL_RESULT_AND_NO_ACTIVE_GIMPS_ASSIGNMENT,2026-08-08T14:01:06+00:00,UNALLOCATED,,,,,
SLCMP585-0444,444,444,288522527,2^288522527-1,STRUCTURAL_SCREEN_EXHAUSTED_PRIMALITY_UNASSIGNED,GF3A_DIRECTIONAL_WRITE_EXHAUSTED_PRIMALITY_UNASSIGNED,514,512,512,NO_RECORDED_FACTOR_PRP_OR_LL_RESULT_AND_NO_ACTIVE_GIMPS_ASSIGNMENT,2026-08-08T14:01:06+00:00,UNALLOCATED,,,,,
SLCMP585-0445,445,445,288522601,2^288522601-1,STRUCTURAL_SCREEN_EXHAUSTED_PRIMALITY_UNASSIGNED,GF3A_DIRECTIONAL_WRITE_EXHAUSTED_PRIMALITY_UNASSIGNED,513,512,512,NO_RECORDED_FACTOR_PRP_OR_LL_RESULT_AND_NO_ACTIVE_GIMPS_ASSIGNMENT,2026-08-08T14:01:06+00:00,UNALLOCATED,,,,,
SLCMP585-0446,446,446,288522683,2^288522683-1,STRUCTURAL_SCREEN_EXHAUSTED_PRIMALITY_UNASSIGNED,GF3A_DIRECTIONAL_WRITE_EXHAUSTED_PRIMALITY_UNASSIGNED,514,512,512,NO_RECORDED_FACTOR_PRP_OR_LL_RESULT_AND_NO_ACTIVE_GIMPS_ASSIGNMENT,2026-08-08T14:01:06+00:00,UNALLOCATED,,,,,
SLCMP585-0447,447,447,288522757,2^288522757-1,STRUCTURAL_SCREEN_EXHAUSTED_PRIMALITY_UNASSIGNED,GF3A_DIRECTIONAL_WRITE_EXHAUSTED_PRIMALITY_UNASSIGNED,513,512,512,NO_RECORDED_FACTOR_PRP_OR_LL_RESULT_AND_NO_ACTIVE_GIMPS_ASSIGNMENT,2026-08-08T14:01:06+00:00,UNALLOCATED,,,,,
SLCMP585-0448,448,448,288522779,2^288522779-1,STRUCTURAL_SCREEN_EXHAUSTED_PRIMALITY_UNASSIGNED,GF3A_DIRECTIONAL_WRITE_EXHAUSTED_PRIMALITY_UNASSIGNED,514,512,512,NO_RECORDED_FACTOR_PRP_OR_LL_RESULT_AND_NO_ACTIVE_GIMPS_ASSIGNMENT,2026-08-08T14:01:06+00:00,UNALLOCATED,,,,,
SLCMP585-0449,449,449,288522821,2^288522821-1,STRUCTURAL_SCREEN_EXHAUSTED_PRIMALITY_UNASSIGNED,GF3A_DIRECTIONAL_WRITE_EXHAUSTED_PRIMALITY_UNASSIGNED,513,512,512,NO_RECORDED_FACTOR_PRP_OR_LL_RESULT_AND_NO_ACTIVE_GIMPS_ASSIGNMENT,2026-08-08T14:01:06+00:00,UNALLOCATED,,,,,
SLCMP585-0450,450,450,288522901,2^288522901-1,STRUCTURAL_SCREEN_EXHAUSTED_PRIMALITY_UNASSIGNED,GF3A_DIRECTIONAL_WRITE_EXHAUSTED_PRIMALITY_UNASSIGNED,513,512,512,NO_RECORDED_FACTOR_PRP_OR_LL_RESULT_AND_NO_ACTIVE_GIMPS_ASSIGNMENT,2026-08-08T14:01:06+00:00,UNALLOCATED,,,,,
SLCMP585-0451,451,451,288522907,2^288522907-1,STRUCTURAL_SCREEN_EXHAUSTED_PRIMALITY_UNASSIGNED,GF3A_DIRECTIONAL_WRITE_EXHAUSTED_PRIMALITY_UNASSIGNED,514,512,512,NO_RECORDED_FACTOR_PRP_OR_LL_RESULT_AND_NO_ACTIVE_GIMPS_ASSIGNMENT,2026-08-08T14:01:06+00:00,UNALLOCATED,,,,,
SLCMP585-0452,452,452,288522919,2^288522919-1,STRUCTURAL_SCREEN_EXHAUSTED_PRIMALITY_UNASSIGNED,GF3A_DIRECTIONAL_WRITE_EXHAUSTED_PRIMALITY_UNASSIGNED,514,512,512,NO_RECORDED_FACTOR_PRP_OR_LL_RESULT_AND_NO_ACTIVE_GIMPS_ASSIGNMENT,2026-08-08T14:01:06+00:00,UNALLOCATED,,,,,
SLCMP585-0453,453,453,288522977,2^288522977-1,STRUCTURAL_SCREEN_EXHAUSTED_PRIMALITY_UNASSIGNED,GF3A_DIRECTIONAL_WRITE_EXHAUSTED_PRIMALITY_UNASSIGNED,513,512,512,NO_RECORDED_FACTOR_PRP_OR_LL_RESULT_AND_NO_ACTIVE_GIMPS_ASSIGNMENT,2026-08-08T14:01:06+00:00,UNALLOCATED,,,,,
SLCMP585-0454,454,454,288523073,2^288523073-1,STRUCTURAL_SCREEN_EXHAUSTED_PRIMALITY_UNASSIGNED,GF3A_DIRECTIONAL_WRITE_EXHAUSTED_PRIMALITY_UNASSIGNED,513,512,512,NO_RECORDED_FACTOR_PRP_OR_LL_RESULT_AND_NO_ACTIVE_GIMPS_ASSIGNMENT,2026-08-08T14:01:06+00:00,UNALLOCATED,,,,,
SLCMP585-0455,455,455,288523237,2^288523237-1,STRUCTURAL_SCREEN_EXHAUSTED_PRIMALITY_UNASSIGNED,GF3A_DIRECTIONAL_WRITE_EXHAUSTED_PRIMALITY_UNASSIGNED,513,512,512,NO_RECORDED_FACTOR_PRP_OR_LL_RESULT_AND_NO_ACTIVE_GIMPS_ASSIGNMENT,2026-08-08T14:01:06+00:00,UNALLOCATED,,,,,
SLCMP585-0456,456,456,288523241,2^288523241-1,STRUCTURAL_SCREEN_EXHAUSTED_PRIMALITY_UNASSIGNED,GF3A_DIRECTIONAL_WRITE_EXHAUSTED_PRIMALITY_UNASSIGNED,513,512,512,NO_RECORDED_FACTOR_PRP_OR_LL_RESULT_AND_NO_ACTIVE_GIMPS_ASSIGNMENT,2026-08-08T14:01:06+00:00,UNALLOCATED,,,,,
SLCMP585-0457,457,457,288523259,2^288523259-1,STRUCTURAL_SCREEN_EXHAUSTED_PRIMALITY_UNASSIGNED,GF3A_DIRECTIONAL_WRITE_EXHAUSTED_PRIMALITY_UNASSIGNED,514,512,512,NO_RECORDED_FACTOR_PRP_OR_LL_RESULT_AND_NO_ACTIVE_GIMPS_ASSIGNMENT,2026-08-08T14:01:06+00:00,UNALLOCATED,,,,,
SLCMP585-0458,458,458,288523307,2^288523307-1,STRUCTURAL_SCREEN_EXHAUSTED_PRIMALITY_UNASSIGNED,GF3A_DIRECTIONAL_WRITE_EXHAUSTED_PRIMALITY_UNASSIGNED,514,512,512,NO_RECORDED_FACTOR_PRP_OR_LL_RESULT_AND_NO_ACTIVE_GIMPS_ASSIGNMENT,2026-08-08T14:01:06+00:00,UNALLOCATED,,,,,
SLCMP585-0459,459,459,288523343,2^288523343-1,STRUCTURAL_SCREEN_EXHAUSTED_PRIMALITY_UNASSIGNED,GF3A_DIRECTIONAL_WRITE_EXHAUSTED_PRIMALITY_UNASSIGNED,514,512,512,NO_RECORDED_FACTOR_PRP_OR_LL_RESULT_AND_NO_ACTIVE_GIMPS_ASSIGNMENT,2026-08-08T14:01:06+00:00,UNALLOCATED,,,,,
SLCMP585-0460,460,460,288523427,2^288523427-1,STRUCTURAL_SCREEN_EXHAUSTED_PRIMALITY_UNASSIGNED,GF3A_DIRECTIONAL_WRITE_EXHAUSTED_PRIMALITY_UNASSIGNED,514,512,512,NO_RECORDED_FACTOR_PRP_OR_LL_RESULT_AND_NO_ACTIVE_GIMPS_ASSIGNMENT,2026-08-08T14:01:06+00:00,UNALLOCATED,,,,,
SLCMP585-0461,461,461,288523441,2^288523441-1,STRUCTURAL_SCREEN_EXHAUSTED_PRIMALITY_UNASSIGNED,GF3A_DIRECTIONAL_WRITE_EXHAUSTED_PRIMALITY_UNASSIGNED,513,512,512,NO_RECORDED_FACTOR_PRP_OR_LL_RESULT_AND_NO_ACTIVE_GIMPS_ASSIGNMENT,2026-08-08T14:01:06+00:00,UNALLOCATED,,,,,
SLCMP585-0462,462,462,288523517,2^288523517-1,STRUCTURAL_SCREEN_EXHAUSTED_PRIMALITY_UNASSIGNED,GF3A_DIRECTIONAL_WRITE_EXHAUSTED_PRIMALITY_UNASSIGNED,513,512,512,NO_RECORDED_FACTOR_PRP_OR_LL_RESULT_AND_NO_ACTIVE_GIMPS_ASSIGNMENT,2026-08-08T14:01:06+00:00,UNALLOCATED,,,,,
SLCMP585-0463,463,463,288523549,2^288523549-1,STRUCTURAL_SCREEN_EXHAUSTED_PRIMALITY_UNASSIGNED,GF3A_DIRECTIONAL_WRITE_EXHAUSTED_PRIMALITY_UNASSIGNED,513,512,512,NO_RECORDED_FACTOR_PRP_OR_LL_RESULT_AND_NO_ACTIVE_GIMPS_ASSIGNMENT,2026-08-08T14:01:06+00:00,UNALLOCATED,,,,,
SLCMP585-0464,464,464,288523769,2^288523769-1,STRUCTURAL_SCREEN_EXHAUSTED_PRIMALITY_UNASSIGNED,GF3A_DIRECTIONAL_WRITE_EXHAUSTED_PRIMALITY_UNASSIGNED,513,512,512,NO_RECORDED_FACTOR_PRP_OR_LL_RESULT_AND_NO_ACTIVE_GIMPS_ASSIGNMENT,2026-08-08T14:01:06+00:00,UNALLOCATED,,,,,
SLCMP585-0465,465,465,288523787,2^288523787-1,STRUCTURAL_SCREEN_EXHAUSTED_PRIMALITY_UNASSIGNED,GF3A_DIRECTIONAL_WRITE_EXHAUSTED_PRIMALITY_UNASSIGNED,514,512,512,NO_RECORDED_FACTOR_PRP_OR_LL_RESULT_AND_NO_ACTIVE_GIMPS_ASSIGNMENT,2026-08-08T14:01:06+00:00,UNALLOCATED,,,,,
SLCMP585-0466,466,466,288523901,2^288523901-1,STRUCTURAL_SCREEN_EXHAUSTED_PRIMALITY_UNASSIGNED,GF3A_DIRECTIONAL_WRITE_EXHAUSTED_PRIMALITY_UNASSIGNED,513,512,512,NO_RECORDED_FACTOR_PRP_OR_LL_RESULT_AND_NO_ACTIVE_GIMPS_ASSIGNMENT,2026-08-08T14:01:06+00:00,UNALLOCATED,,,,,
SLCMP585-0467,467,467,288523903,2^288523903-1,STRUCTURAL_SCREEN_EXHAUSTED_PRIMALITY_UNASSIGNED,GF3A_DIRECTIONAL_WRITE_EXHAUSTED_PRIMALITY_UNASSIGNED,514,512,512,NO_RECORDED_FACTOR_PRP_OR_LL_RESULT_AND_NO_ACTIVE_GIMPS_ASSIGNMENT,2026-08-08T14:01:06+00:00,UNALLOCATED,,,,,
SLCMP585-0468,468,468,288523951,2^288523951-1,STRUCTURAL_SCREEN_EXHAUSTED_PRIMALITY_UNASSIGNED,GF3A_DIRECTIONAL_WRITE_EXHAUSTED_PRIMALITY_UNASSIGNED,514,512,512,NO_RECORDED_FACTOR_PRP_OR_LL_RESULT_AND_NO_ACTIVE_GIMPS_ASSIGNMENT,2026-08-08T14:01:06+00:00,UNALLOCATED,,,,,
SLCMP585-0469,469,469,288523993,2^288523993-1,STRUCTURAL_SCREEN_EXHAUSTED_PRIMALITY_UNASSIGNED,GF3A_DIRECTIONAL_WRITE_EXHAUSTED_PRIMALITY_UNASSIGNED,513,512,512,NO_RECORDED_FACTOR_PRP_OR_LL_RESULT_AND_NO_ACTIVE_GIMPS_ASSIGNMENT,2026-08-08T14:01:06+00:00,UNALLOCATED,,,,,
SLCMP585-0470,470,470,288524077,2^288524077-1,STRUCTURAL_SCREEN_EXHAUSTED_PRIMALITY_UNASSIGNED,GF3A_DIRECTIONAL_WRITE_EXHAUSTED_PRIMALITY_UNASSIGNED,513,512,512,NO_RECORDED_FACTOR_PRP_OR_LL_RESULT_AND_NO_ACTIVE_GIMPS_ASSIGNMENT,2026-08-08T14:01:06+00:00,UNALLOCATED,,,,,
SLCMP585-0471,471,471,288524087,2^288524087-1,STRUCTURAL_SCREEN_EXHAUSTED_PRIMALITY_UNASSIGNED,GF3A_DIRECTIONAL_WRITE_EXHAUSTED_PRIMALITY_UNASSIGNED,514,512,512,NO_RECORDED_FACTOR_PRP_OR_LL_RESULT_AND_NO_ACTIVE_GIMPS_ASSIGNMENT,2026-08-08T14:01:06+00:00,UNALLOCATED,,,,,
SLCMP585-0472,472,472,288524123,2^288524123-1,STRUCTURAL_SCREEN_EXHAUSTED_PRIMALITY_UNASSIGNED,GF3A_DIRECTIONAL_WRITE_EXHAUSTED_PRIMALITY_UNASSIGNED,514,512,512,NO_RECORDED_FACTOR_PRP_OR_LL_RESULT_AND_NO_ACTIVE_GIMPS_ASSIGNMENT,2026-08-08T14:01:06+00:00,UNALLOCATED,,,,,
SLCMP585-0473,473,473,288524141,2^288524141-1,STRUCTURAL_SCREEN_EXHAUSTED_PRIMALITY_UNASSIGNED,GF3A_DIRECTIONAL_WRITE_EXHAUSTED_PRIMALITY_UNASSIGNED,513,512,512,NO_RECORDED_FACTOR_PRP_OR_LL_RESULT_AND_NO_ACTIVE_GIMPS_ASSIGNMENT,2026-08-08T14:01:06+00:00,UNALLOCATED,,,,,
SLCMP585-0474,474,474,288524183,2^288524183-1,STRUCTURAL_SCREEN_EXHAUSTED_PRIMALITY_UNASSIGNED,GF3A_DIRECTIONAL_WRITE_EXHAUSTED_PRIMALITY_UNASSIGNED,514,512,512,NO_RECORDED_FACTOR_PRP_OR_LL_RESULT_AND_NO_ACTIVE_GIMPS_ASSIGNMENT,2026-08-08T14:01:06+00:00,UNALLOCATED,,,,,
SLCMP585-0475,475,475,288524237,2^288524237-1,STRUCTURAL_SCREEN_EXHAUSTED_PRIMALITY_UNASSIGNED,GF3A_DIRECTIONAL_WRITE_EXHAUSTED_PRIMALITY_UNASSIGNED,513,512,512,NO_RECORDED_FACTOR_PRP_OR_LL_RESULT_AND_NO_ACTIVE_GIMPS_ASSIGNMENT,2026-08-08T14:01:06+00:00,UNALLOCATED,,,,,
SLCMP585-0476,476,476,288524287,2^288524287-1,STRUCTURAL_SCREEN_EXHAUSTED_PRIMALITY_UNASSIGNED,GF3A_DIRECTIONAL_WRITE_EXHAUSTED_PRIMALITY_UNASSIGNED,514,512,512,NO_RECORDED_FACTOR_PRP_OR_LL_RESULT_AND_NO_ACTIVE_GIMPS_ASSIGNMENT,2026-08-08T14:01:06+00:00,UNALLOCATED,,,,,
SLCMP585-0477,477,477,288524441,2^288524441-1,STRUCTURAL_SCREEN_EXHAUSTED_PRIMALITY_UNASSIGNED,GF3A_DIRECTIONAL_WRITE_EXHAUSTED_PRIMALITY_UNASSIGNED,513,512,512,NO_RECORDED_FACTOR_PRP_OR_LL_RESULT_AND_NO_ACTIVE_GIMPS_ASSIGNMENT,2026-08-08T14:01:06+00:00,UNALLOCATED,,,,,
SLCMP585-0478,478,478,288524461,2^288524461-1,STRUCTURAL_SCREEN_EXHAUSTED_PRIMALITY_UNASSIGNED,GF3A_DIRECTIONAL_WRITE_EXHAUSTED_PRIMALITY_UNASSIGNED,513,512,512,NO_RECORDED_FACTOR_PRP_OR_LL_RESULT_AND_NO_ACTIVE_GIMPS_ASSIGNMENT,2026-08-08T14:01:06+00:00,UNALLOCATED,,,,,
SLCMP585-0479,479,479,288524501,2^288524501-1,STRUCTURAL_SCREEN_EXHAUSTED_PRIMALITY_UNASSIGNED,GF3A_DIRECTIONAL_WRITE_EXHAUSTED_PRIMALITY_UNASSIGNED,513,512,512,NO_RECORDED_FACTOR_PRP_OR_LL_RESULT_AND_NO_ACTIVE_GIMPS_ASSIGNMENT,2026-08-08T14:01:06+00:00,UNALLOCATED,,,,,
SLCMP585-0480,480,480,288524513,2^288524513-1,STRUCTURAL_SCREEN_EXHAUSTED_PRIMALITY_UNASSIGNED,GF3A_DIRECTIONAL_WRITE_EXHAUSTED_PRIMALITY_UNASSIGNED,513,512,512,NO_RECORDED_FACTOR_PRP_OR_LL_RESULT_AND_NO_ACTIVE_GIMPS_ASSIGNMENT,2026-08-08T14:01:06+00:00,UNALLOCATED,,,,,
SLCMP585-0481,481,481,288524591,2^288524591-1,STRUCTURAL_SCREEN_EXHAUSTED_PRIMALITY_UNASSIGNED,GF3A_DIRECTIONAL_WRITE_EXHAUSTED_PRIMALITY_UNASSIGNED,514,512,512,NO_RECORDED_FACTOR_PRP_OR_LL_RESULT_AND_NO_ACTIVE_GIMPS_ASSIGNMENT,2026-08-08T14:01:06+00:00,UNALLOCATED,,,,,
SLCMP585-0482,482,482,288524641,2^288524641-1,STRUCTURAL_SCREEN_EXHAUSTED_PRIMALITY_UNASSIGNED,GF3A_DIRECTIONAL_WRITE_EXHAUSTED_PRIMALITY_UNASSIGNED,513,512,512,NO_RECORDED_FACTOR_PRP_OR_LL_RESULT_AND_NO_ACTIVE_GIMPS_ASSIGNMENT,2026-08-08T14:01:06+00:00,UNALLOCATED,,,,,
SLCMP585-0483,483,483,288524651,2^288524651-1,STRUCTURAL_SCREEN_EXHAUSTED_PRIMALITY_UNASSIGNED,GF3A_DIRECTIONAL_WRITE_EXHAUSTED_PRIMALITY_UNASSIGNED,514,512,512,NO_RECORDED_FACTOR_PRP_OR_LL_RESULT_AND_NO_ACTIVE_GIMPS_ASSIGNMENT,2026-08-08T14:01:06+00:00,UNALLOCATED,,,,,
SLCMP585-0484,484,484,288524699,2^288524699-1,STRUCTURAL_SCREEN_EXHAUSTED_PRIMALITY_UNASSIGNED,GF3A_DIRECTIONAL_WRITE_EXHAUSTED_PRIMALITY_UNASSIGNED,514,512,512,NO_RECORDED_FACTOR_PRP_OR_LL_RESULT_AND_NO_ACTIVE_GIMPS_ASSIGNMENT,2026-08-08T14:01:06+00:00,UNALLOCATED,,,,,
SLCMP585-0485,485,485,288524701,2^288524701-1,STRUCTURAL_SCREEN_EXHAUSTED_PRIMALITY_UNASSIGNED,GF3A_DIRECTIONAL_WRITE_EXHAUSTED_PRIMALITY_UNASSIGNED,513,512,512,NO_RECORDED_FACTOR_PRP_OR_LL_RESULT_AND_NO_ACTIVE_GIMPS_ASSIGNMENT,2026-08-08T14:01:06+00:00,UNALLOCATED,,,,,
SLCMP585-0486,486,486,288524767,2^288524767-1,STRUCTURAL_SCREEN_EXHAUSTED_PRIMALITY_UNASSIGNED,GF3A_DIRECTIONAL_WRITE_EXHAUSTED_PRIMALITY_UNASSIGNED,514,512,512,NO_RECORDED_FACTOR_PRP_OR_LL_RESULT_AND_NO_ACTIVE_GIMPS_ASSIGNMENT,2026-08-08T14:01:06+00:00,UNALLOCATED,,,,,
SLCMP585-0487,487,487,288524777,2^288524777-1,STRUCTURAL_SCREEN_EXHAUSTED_PRIMALITY_UNASSIGNED,GF3A_DIRECTIONAL_WRITE_EXHAUSTED_PRIMALITY_UNASSIGNED,513,512,512,NO_RECORDED_FACTOR_PRP_OR_LL_RESULT_AND_NO_ACTIVE_GIMPS_ASSIGNMENT,2026-08-08T14:01:06+00:00,UNALLOCATED,,,,,
SLCMP585-0488,488,488,288524783,2^288524783-1,STRUCTURAL_SCREEN_EXHAUSTED_PRIMALITY_UNASSIGNED,GF3A_DIRECTIONAL_WRITE_EXHAUSTED_PRIMALITY_UNASSIGNED,514,512,512,NO_RECORDED_FACTOR_PRP_OR_LL_RESULT_AND_NO_ACTIVE_GIMPS_ASSIGNMENT,2026-08-08T14:01:06+00:00,UNALLOCATED,,,,,
SLCMP585-0489,489,489,288524891,2^288524891-1,STRUCTURAL_SCREEN_EXHAUSTED_PRIMALITY_UNASSIGNED,GF3A_DIRECTIONAL_WRITE_EXHAUSTED_PRIMALITY_UNASSIGNED,514,512,512,NO_RECORDED_FACTOR_PRP_OR_LL_RESULT_AND_NO_ACTIVE_GIMPS_ASSIGNMENT,2026-08-08T14:01:06+00:00,UNALLOCATED,,,,,
SLCMP585-0490,490,490,288524933,2^288524933-1,STRUCTURAL_SCREEN_EXHAUSTED_PRIMALITY_UNASSIGNED,GF3A_DIRECTIONAL_WRITE_EXHAUSTED_PRIMALITY_UNASSIGNED,513,512,512,NO_RECORDED_FACTOR_PRP_OR_LL_RESULT_AND_NO_ACTIVE_GIMPS_ASSIGNMENT,2026-08-08T14:01:06+00:00,UNALLOCATED,,,,,
SLCMP585-0491,491,491,288524953,2^288524953-1,STRUCTURAL_SCREEN_EXHAUSTED_PRIMALITY_UNASSIGNED,GF3A_DIRECTIONAL_WRITE_EXHAUSTED_PRIMALITY_UNASSIGNED,513,512,512,NO_RECORDED_FACTOR_PRP_OR_LL_RESULT_AND_NO_ACTIVE_GIMPS_ASSIGNMENT,2026-08-08T14:01:06+00:00,UNALLOCATED,,,,,
SLCMP585-0492,492,492,288525079,2^288525079-1,STRUCTURAL_SCREEN_EXHAUSTED_PRIMALITY_UNASSIGNED,GF3A_DIRECTIONAL_WRITE_EXHAUSTED_PRIMALITY_UNASSIGNED,514,512,512,NO_RECORDED_FACTOR_PRP_OR_LL_RESULT_AND_NO_ACTIVE_GIMPS_ASSIGNMENT,2026-08-08T14:01:06+00:00,UNALLOCATED,,,,,
SLCMP585-0493,493,493,288525113,2^288525113-1,STRUCTURAL_SCREEN_EXHAUSTED_PRIMALITY_UNASSIGNED,GF3A_DIRECTIONAL_WRITE_EXHAUSTED_PRIMALITY_UNASSIGNED,513,512,512,NO_RECORDED_FACTOR_PRP_OR_LL_RESULT_AND_NO_ACTIVE_GIMPS_ASSIGNMENT,2026-08-08T14:01:06+00:00,UNALLOCATED,,,,,
SLCMP585-0494,494,494,288525221,2^288525221-1,STRUCTURAL_SCREEN_EXHAUSTED_PRIMALITY_UNASSIGNED,GF3A_DIRECTIONAL_WRITE_EXHAUSTED_PRIMALITY_UNASSIGNED,513,512,512,NO_RECORDED_FACTOR_PRP_OR_LL_RESULT_AND_NO_ACTIVE_GIMPS_ASSIGNMENT,2026-08-08T14:01:06+00:00,UNALLOCATED,,,,,
SLCMP585-0495,495,495,288525247,2^288525247-1,STRUCTURAL_SCREEN_EXHAUSTED_PRIMALITY_UNASSIGNED,GF3A_DIRECTIONAL_WRITE_EXHAUSTED_PRIMALITY_UNASSIGNED,514,512,512,NO_RECORDED_FACTOR_PRP_OR_LL_RESULT_AND_NO_ACTIVE_GIMPS_ASSIGNMENT,2026-08-08T14:01:06+00:00,UNALLOCATED,,,,,
SLCMP585-0496,496,496,288525329,2^288525329-1,STRUCTURAL_SCREEN_EXHAUSTED_PRIMALITY_UNASSIGNED,GF3A_DIRECTIONAL_WRITE_EXHAUSTED_PRIMALITY_UNASSIGNED,513,512,512,NO_RECORDED_FACTOR_PRP_OR_LL_RESULT_AND_NO_ACTIVE_GIMPS_ASSIGNMENT,2026-08-08T14:01:06+00:00,UNALLOCATED,,,,,
SLCMP585-0497,497,497,288525373,2^288525373-1,STRUCTURAL_SCREEN_EXHAUSTED_PRIMALITY_UNASSIGNED,GF3A_DIRECTIONAL_WRITE_EXHAUSTED_PRIMALITY_UNASSIGNED,513,512,512,NO_RECORDED_FACTOR_PRP_OR_LL_RESULT_AND_NO_ACTIVE_GIMPS_ASSIGNMENT,2026-08-08T14:01:06+00:00,UNALLOCATED,,,,,
SLCMP585-0498,498,498,288525389,2^288525389-1,STRUCTURAL_SCREEN_EXHAUSTED_PRIMALITY_UNASSIGNED,GF3A_DIRECTIONAL_WRITE_EXHAUSTED_PRIMALITY_UNASSIGNED,513,512,512,NO_RECORDED_FACTOR_PRP_OR_LL_RESULT_AND_NO_ACTIVE_GIMPS_ASSIGNMENT,2026-08-08T14:01:06+00:00,UNALLOCATED,,,,,
SLCMP585-0499,499,499,288525427,2^288525427-1,STRUCTURAL_SCREEN_EXHAUSTED_PRIMALITY_UNASSIGNED,GF3A_DIRECTIONAL_WRITE_EXHAUSTED_PRIMALITY_UNASSIGNED,514,512,512,NO_RECORDED_FACTOR_PRP_OR_LL_RESULT_AND_NO_ACTIVE_GIMPS_ASSIGNMENT,2026-08-08T14:01:06+00:00,UNALLOCATED,,,,,
SLCMP585-0500,500,500,288525449,2^288525449-1,STRUCTURAL_SCREEN_EXHAUSTED_PRIMALITY_UNASSIGNED,GF3A_DIRECTIONAL_WRITE_EXHAUSTED_PRIMALITY_UNASSIGNED,513,512,512,NO_RECORDED_FACTOR_PRP_OR_LL_RESULT_AND_NO_ACTIVE_GIMPS_ASSIGNMENT,2026-08-08T14:01:06+00:00,UNALLOCATED,,,,,
SLCMP585-0501,501,501,288525529,2^288525529-1,STRUCTURAL_SCREEN_EXHAUSTED_PRIMALITY_UNASSIGNED,GF3A_DIRECTIONAL_WRITE_EXHAUSTED_PRIMALITY_UNASSIGNED,513,512,512,NO_RECORDED_FACTOR_PRP_OR_LL_RESULT_AND_NO_ACTIVE_GIMPS_ASSIGNMENT,2026-08-08T14:01:06+00:00,UNALLOCATED,,,,,
SLCMP585-0502,502,502,288525533,2^288525533-1,STRUCTURAL_SCREEN_EXHAUSTED_PRIMALITY_UNASSIGNED,GF3A_DIRECTIONAL_WRITE_EXHAUSTED_PRIMALITY_UNASSIGNED,513,512,512,NO_RECORDED_FACTOR_PRP_OR_LL_RESULT_AND_NO_ACTIVE_GIMPS_ASSIGNMENT,2026-08-08T14:01:06+00:00,UNALLOCATED,,,,,
SLCMP585-0503,503,503,288525539,2^288525539-1,STRUCTURAL_SCREEN_EXHAUSTED_PRIMALITY_UNASSIGNED,GF3A_DIRECTIONAL_WRITE_EXHAUSTED_PRIMALITY_UNASSIGNED,514,512,512,NO_RECORDED_FACTOR_PRP_OR_LL_RESULT_AND_NO_ACTIVE_GIMPS_ASSIGNMENT,2026-08-08T14:01:06+00:00,UNALLOCATED,,,,,
SLCMP585-0504,504,504,288525541,2^288525541-1,STRUCTURAL_SCREEN_EXHAUSTED_PRIMALITY_UNASSIGNED,GF3A_DIRECTIONAL_WRITE_EXHAUSTED_PRIMALITY_UNASSIGNED,513,512,512,NO_RECORDED_FACTOR_PRP_OR_LL_RESULT_AND_NO_ACTIVE_GIMPS_ASSIGNMENT,2026-08-08T14:01:06+00:00,UNALLOCATED,,,,,
SLCMP585-0505,505,505,288525641,2^288525641-1,STRUCTURAL_SCREEN_EXHAUSTED_PRIMALITY_UNASSIGNED,GF3A_DIRECTIONAL_WRITE_EXHAUSTED_PRIMALITY_UNASSIGNED,513,512,512,NO_RECORDED_FACTOR_PRP_OR_LL_RESULT_AND_NO_ACTIVE_GIMPS_ASSIGNMENT,2026-08-08T14:01:06+00:00,UNALLOCATED,,,,,
SLCMP585-0506,506,506,288525709,2^288525709-1,STRUCTURAL_SCREEN_EXHAUSTED_PRIMALITY_UNASSIGNED,GF3A_DIRECTIONAL_WRITE_EXHAUSTED_PRIMALITY_UNASSIGNED,513,512,512,NO_RECORDED_FACTOR_PRP_OR_LL_RESULT_AND_NO_ACTIVE_GIMPS_ASSIGNMENT,2026-08-08T14:01:06+00:00,UNALLOCATED,,,,,
SLCMP585-0507,507,507,288525719,2^288525719-1,STRUCTURAL_SCREEN_EXHAUSTED_PRIMALITY_UNASSIGNED,GF3A_DIRECTIONAL_WRITE_EXHAUSTED_PRIMALITY_UNASSIGNED,514,512,512,NO_RECORDED_FACTOR_PRP_OR_LL_RESULT_AND_NO_ACTIVE_GIMPS_ASSIGNMENT,2026-08-08T14:01:06+00:00,UNALLOCATED,,,,,
SLCMP585-0508,508,508,288525761,2^288525761-1,STRUCTURAL_SCREEN_EXHAUSTED_PRIMALITY_UNASSIGNED,GF3A_DIRECTIONAL_WRITE_EXHAUSTED_PRIMALITY_UNASSIGNED,513,512,512,NO_RECORDED_FACTOR_PRP_OR_LL_RESULT_AND_NO_ACTIVE_GIMPS_ASSIGNMENT,2026-08-08T14:01:06+00:00,UNALLOCATED,,,,,
SLCMP585-0509,509,509,288525781,2^288525781-1,STRUCTURAL_SCREEN_EXHAUSTED_PRIMALITY_UNASSIGNED,GF3A_DIRECTIONAL_WRITE_EXHAUSTED_PRIMALITY_UNASSIGNED,513,512,512,NO_RECORDED_FACTOR_PRP_OR_LL_RESULT_AND_NO_ACTIVE_GIMPS_ASSIGNMENT,2026-08-08T14:01:06+00:00,UNALLOCATED,,,,,
SLCMP585-0510,510,510,288525793,2^288525793-1,STRUCTURAL_SCREEN_EXHAUSTED_PRIMALITY_UNASSIGNED,GF3A_DIRECTIONAL_WRITE_EXHAUSTED_PRIMALITY_UNASSIGNED,513,512,512,NO_RECORDED_FACTOR_PRP_OR_LL_RESULT_AND_NO_ACTIVE_GIMPS_ASSIGNMENT,2026-08-08T14:01:06+00:00,UNALLOCATED,,,,,
SLCMP585-0511,511,511,288525803,2^288525803-1,STRUCTURAL_SCREEN_EXHAUSTED_PRIMALITY_UNASSIGNED,GF3A_DIRECTIONAL_WRITE_EXHAUSTED_PRIMALITY_UNASSIGNED,514,512,512,NO_RECORDED_FACTOR_PRP_OR_LL_RESULT_AND_NO_ACTIVE_GIMPS_ASSIGNMENT,2026-08-08T14:01:06+00:00,UNALLOCATED,,,,,
SLCMP585-0512,512,512,288525847,2^288525847-1,STRUCTURAL_SCREEN_EXHAUSTED_PRIMALITY_UNASSIGNED,GF3A_DIRECTIONAL_WRITE_EXHAUSTED_PRIMALITY_UNASSIGNED,514,512,512,NO_RECORDED_FACTOR_PRP_OR_LL_RESULT_AND_NO_ACTIVE_GIMPS_ASSIGNMENT,2026-08-08T14:01:06+00:00,UNALLOCATED,,,,,
SLCMP585-0513,513,513,288525877,2^288525877-1,STRUCTURAL_SCREEN_EXHAUSTED_PRIMALITY_UNASSIGNED,GF3A_DIRECTIONAL_WRITE_EXHAUSTED_PRIMALITY_UNASSIGNED,513,512,512,NO_RECORDED_FACTOR_PRP_OR_LL_RESULT_AND_NO_ACTIVE_GIMPS_ASSIGNMENT,2026-08-08T14:01:06+00:00,UNALLOCATED,,,,,
SLCMP585-0514,514,514,288525931,2^288525931-1,STRUCTURAL_SCREEN_EXHAUSTED_PRIMALITY_UNASSIGNED,GF3A_DIRECTIONAL_WRITE_EXHAUSTED_PRIMALITY_UNASSIGNED,514,512,512,NO_RECORDED_FACTOR_PRP_OR_LL_RESULT_AND_NO_ACTIVE_GIMPS_ASSIGNMENT,2026-08-08T14:01:06+00:00,UNALLOCATED,,,,,
SLCMP585-0515,515,515,288525949,2^288525949-1,STRUCTURAL_SCREEN_EXHAUSTED_PRIMALITY_UNASSIGNED,GF3A_DIRECTIONAL_WRITE_EXHAUSTED_PRIMALITY_UNASSIGNED,513,512,512,NO_RECORDED_FACTOR_PRP_OR_LL_RESULT_AND_NO_ACTIVE_GIMPS_ASSIGNMENT,2026-08-08T14:01:06+00:00,UNALLOCATED,,,,,
SLCMP585-0516,516,516,288525953,2^288525953-1,STRUCTURAL_SCREEN_EXHAUSTED_PRIMALITY_UNASSIGNED,GF3A_DIRECTIONAL_WRITE_EXHAUSTED_PRIMALITY_UNASSIGNED,513,512,512,NO_RECORDED_FACTOR_PRP_OR_LL_RESULT_AND_NO_ACTIVE_GIMPS_ASSIGNMENT,2026-08-08T14:01:06+00:00,UNALLOCATED,,,,,
SLCMP585-0517,517,517,288526019,2^288526019-1,STRUCTURAL_SCREEN_EXHAUSTED_PRIMALITY_UNASSIGNED,GF3A_DIRECTIONAL_WRITE_EXHAUSTED_PRIMALITY_UNASSIGNED,514,512,512,NO_RECORDED_FACTOR_PRP_OR_LL_RESULT_AND_NO_ACTIVE_GIMPS_ASSIGNMENT,2026-08-08T14:01:06+00:00,UNALLOCATED,,,,,
SLCMP585-0518,518,518,288526081,2^288526081-1,STRUCTURAL_SCREEN_EXHAUSTED_PRIMALITY_UNASSIGNED,GF3A_DIRECTIONAL_WRITE_EXHAUSTED_PRIMALITY_UNASSIGNED,513,512,512,NO_RECORDED_FACTOR_PRP_OR_LL_RESULT_AND_NO_ACTIVE_GIMPS_ASSIGNMENT,2026-08-08T14:01:06+00:00,UNALLOCATED,,,,,
SLCMP585-0519,519,519,288526151,2^288526151-1,STRUCTURAL_SCREEN_EXHAUSTED_PRIMALITY_UNASSIGNED,GF3A_DIRECTIONAL_WRITE_EXHAUSTED_PRIMALITY_UNASSIGNED,514,512,512,NO_RECORDED_FACTOR_PRP_OR_LL_RESULT_AND_NO_ACTIVE_GIMPS_ASSIGNMENT,2026-08-08T14:01:06+00:00,UNALLOCATED,,,,,
SLCMP585-0520,520,520,288526171,2^288526171-1,STRUCTURAL_SCREEN_EXHAUSTED_PRIMALITY_UNASSIGNED,GF3A_DIRECTIONAL_WRITE_EXHAUSTED_PRIMALITY_UNASSIGNED,514,512,512,NO_RECORDED_FACTOR_PRP_OR_LL_RESULT_AND_NO_ACTIVE_GIMPS_ASSIGNMENT,2026-08-08T14:01:06+00:00,UNALLOCATED,,,,,
SLCMP585-0521,521,521,288526351,2^288526351-1,STRUCTURAL_SCREEN_EXHAUSTED_PRIMALITY_UNASSIGNED,GF3A_DIRECTIONAL_WRITE_EXHAUSTED_PRIMALITY_UNASSIGNED,514,512,512,NO_RECORDED_FACTOR_PRP_OR_LL_RESULT_AND_NO_ACTIVE_GIMPS_ASSIGNMENT,2026-08-08T14:01:06+00:00,UNALLOCATED,,,,,
SLCMP585-0522,522,522,288526369,2^288526369-1,STRUCTURAL_SCREEN_EXHAUSTED_PRIMALITY_UNASSIGNED,GF3A_DIRECTIONAL_WRITE_EXHAUSTED_PRIMALITY_UNASSIGNED,513,512,512,NO_RECORDED_FACTOR_PRP_OR_LL_RESULT_AND_NO_ACTIVE_GIMPS_ASSIGNMENT,2026-08-08T14:01:06+00:00,UNALLOCATED,,,,,
SLCMP585-0523,523,523,288526417,2^288526417-1,STRUCTURAL_SCREEN_EXHAUSTED_PRIMALITY_UNASSIGNED,GF3A_DIRECTIONAL_WRITE_EXHAUSTED_PRIMALITY_UNASSIGNED,513,512,512,NO_RECORDED_FACTOR_PRP_OR_LL_RESULT_AND_NO_ACTIVE_GIMPS_ASSIGNMENT,2026-08-08T14:01:06+00:00,UNALLOCATED,,,,,
SLCMP585-0524,524,524,288526451,2^288526451-1,STRUCTURAL_SCREEN_EXHAUSTED_PRIMALITY_UNASSIGNED,GF3A_DIRECTIONAL_WRITE_EXHAUSTED_PRIMALITY_UNASSIGNED,514,512,512,NO_RECORDED_FACTOR_PRP_OR_LL_RESULT_AND_NO_ACTIVE_GIMPS_ASSIGNMENT,2026-08-08T14:01:06+00:00,UNALLOCATED,,,,,
SLCMP585-0525,525,525,288526507,2^288526507-1,STRUCTURAL_SCREEN_EXHAUSTED_PRIMALITY_UNASSIGNED,GF3A_DIRECTIONAL_WRITE_EXHAUSTED_PRIMALITY_UNASSIGNED,514,512,512,NO_RECORDED_FACTOR_PRP_OR_LL_RESULT_AND_NO_ACTIVE_GIMPS_ASSIGNMENT,2026-08-08T14:01:06+00:00,UNALLOCATED,,,,,
SLCMP585-0526,526,526,288526529,2^288526529-1,STRUCTURAL_SCREEN_EXHAUSTED_PRIMALITY_UNASSIGNED,GF3A_DIRECTIONAL_WRITE_EXHAUSTED_PRIMALITY_UNASSIGNED,513,512,512,NO_RECORDED_FACTOR_PRP_OR_LL_RESULT_AND_NO_ACTIVE_GIMPS_ASSIGNMENT,2026-08-08T14:01:06+00:00,UNALLOCATED,,,,,
SLCMP585-0527,527,527,288526549,2^288526549-1,STRUCTURAL_SCREEN_EXHAUSTED_PRIMALITY_UNASSIGNED,GF3A_DIRECTIONAL_WRITE_EXHAUSTED_PRIMALITY_UNASSIGNED,513,512,512,NO_RECORDED_FACTOR_PRP_OR_LL_RESULT_AND_NO_ACTIVE_GIMPS_ASSIGNMENT,2026-08-08T14:01:06+00:00,UNALLOCATED,,,,,
SLCMP585-0528,528,528,288526607,2^288526607-1,STRUCTURAL_SCREEN_EXHAUSTED_PRIMALITY_UNASSIGNED,GF3A_DIRECTIONAL_WRITE_EXHAUSTED_PRIMALITY_UNASSIGNED,514,512,512,NO_RECORDED_FACTOR_PRP_OR_LL_RESULT_AND_NO_ACTIVE_GIMPS_ASSIGNMENT,2026-08-08T14:01:06+00:00,UNALLOCATED,,,,,
SLCMP585-0529,529,529,288526751,2^288526751-1,STRUCTURAL_SCREEN_EXHAUSTED_PRIMALITY_UNASSIGNED,GF3A_DIRECTIONAL_WRITE_EXHAUSTED_PRIMALITY_UNASSIGNED,514,512,512,NO_RECORDED_FACTOR_PRP_OR_LL_RESULT_AND_NO_ACTIVE_GIMPS_ASSIGNMENT,2026-08-08T14:01:06+00:00,UNALLOCATED,,,,,
SLCMP585-0530,530,530,288526757,2^288526757-1,STRUCTURAL_SCREEN_EXHAUSTED_PRIMALITY_UNASSIGNED,GF3A_DIRECTIONAL_WRITE_EXHAUSTED_PRIMALITY_UNASSIGNED,513,512,512,NO_RECORDED_FACTOR_PRP_OR_LL_RESULT_AND_NO_ACTIVE_GIMPS_ASSIGNMENT,2026-08-08T14:01:06+00:00,UNALLOCATED,,,,,
SLCMP585-0531,531,531,288526783,2^288526783-1,STRUCTURAL_SCREEN_EXHAUSTED_PRIMALITY_UNASSIGNED,GF3A_DIRECTIONAL_WRITE_EXHAUSTED_PRIMALITY_UNASSIGNED,514,512,512,NO_RECORDED_FACTOR_PRP_OR_LL_RESULT_AND_NO_ACTIVE_GIMPS_ASSIGNMENT,2026-08-08T14:01:06+00:00,UNALLOCATED,,,,,
SLCMP585-0532,532,532,288526787,2^288526787-1,STRUCTURAL_SCREEN_EXHAUSTED_PRIMALITY_UNASSIGNED,GF3A_DIRECTIONAL_WRITE_EXHAUSTED_PRIMALITY_UNASSIGNED,514,512,512,NO_RECORDED_FACTOR_PRP_OR_LL_RESULT_AND_NO_ACTIVE_GIMPS_ASSIGNMENT,2026-08-08T14:01:06+00:00,UNALLOCATED,,,,,
SLCMP585-0533,533,533,288526921,2^288526921-1,STRUCTURAL_SCREEN_EXHAUSTED_PRIMALITY_UNASSIGNED,GF3A_DIRECTIONAL_WRITE_EXHAUSTED_PRIMALITY_UNASSIGNED,513,512,512,NO_RECORDED_FACTOR_PRP_OR_LL_RESULT_AND_NO_ACTIVE_GIMPS_ASSIGNMENT,2026-08-08T14:01:06+00:00,UNALLOCATED,,,,,
SLCMP585-0534,534,534,288526943,2^288526943-1,STRUCTURAL_SCREEN_EXHAUSTED_PRIMALITY_UNASSIGNED,GF3A_DIRECTIONAL_WRITE_EXHAUSTED_PRIMALITY_UNASSIGNED,514,512,512,NO_RECORDED_FACTOR_PRP_OR_LL_RESULT_AND_NO_ACTIVE_GIMPS_ASSIGNMENT,2026-08-08T14:01:06+00:00,UNALLOCATED,,,,,
SLCMP585-0535,535,535,288526957,2^288526957-1,STRUCTURAL_SCREEN_EXHAUSTED_PRIMALITY_UNASSIGNED,GF3A_DIRECTIONAL_WRITE_EXHAUSTED_PRIMALITY_UNASSIGNED,513,512,512,NO_RECORDED_FACTOR_PRP_OR_LL_RESULT_AND_NO_ACTIVE_GIMPS_ASSIGNMENT,2026-08-08T14:01:06+00:00,UNALLOCATED,,,,,
SLCMP585-0536,536,536,288527143,2^288527143-1,STRUCTURAL_SCREEN_EXHAUSTED_PRIMALITY_UNASSIGNED,GF3A_DIRECTIONAL_WRITE_EXHAUSTED_PRIMALITY_UNASSIGNED,514,512,512,NO_RECORDED_FACTOR_PRP_OR_LL_RESULT_AND_NO_ACTIVE_GIMPS_ASSIGNMENT,2026-08-08T14:01:06+00:00,UNALLOCATED,,,,,
SLCMP585-0537,537,537,288527201,2^288527201-1,STRUCTURAL_SCREEN_EXHAUSTED_PRIMALITY_UNASSIGNED,GF3A_DIRECTIONAL_WRITE_EXHAUSTED_PRIMALITY_UNASSIGNED,513,512,512,NO_RECORDED_FACTOR_PRP_OR_LL_RESULT_AND_NO_ACTIVE_GIMPS_ASSIGNMENT,2026-08-08T14:01:06+00:00,UNALLOCATED,,,,,
SLCMP585-0538,538,538,288527321,2^288527321-1,STRUCTURAL_SCREEN_EXHAUSTED_PRIMALITY_UNASSIGNED,GF3A_DIRECTIONAL_WRITE_EXHAUSTED_PRIMALITY_UNASSIGNED,513,512,512,NO_RECORDED_FACTOR_PRP_OR_LL_RESULT_AND_NO_ACTIVE_GIMPS_ASSIGNMENT,2026-08-08T14:01:06+00:00,UNALLOCATED,,,,,
SLCMP585-0539,539,539,288527353,2^288527353-1,STRUCTURAL_SCREEN_EXHAUSTED_PRIMALITY_UNASSIGNED,GF3A_DIRECTIONAL_WRITE_EXHAUSTED_PRIMALITY_UNASSIGNED,513,512,512,NO_RECORDED_FACTOR_PRP_OR_LL_RESULT_AND_NO_ACTIVE_GIMPS_ASSIGNMENT,2026-08-08T14:01:06+00:00,UNALLOCATED,,,,,
SLCMP585-0540,540,540,288527359,2^288527359-1,STRUCTURAL_SCREEN_EXHAUSTED_PRIMALITY_UNASSIGNED,GF3A_DIRECTIONAL_WRITE_EXHAUSTED_PRIMALITY_UNASSIGNED,514,512,512,NO_RECORDED_FACTOR_PRP_OR_LL_RESULT_AND_NO_ACTIVE_GIMPS_ASSIGNMENT,2026-08-08T14:01:06+00:00,UNALLOCATED,,,,,
SLCMP585-0541,541,541,288527429,2^288527429-1,STRUCTURAL_SCREEN_EXHAUSTED_PRIMALITY_UNASSIGNED,GF3A_DIRECTIONAL_WRITE_EXHAUSTED_PRIMALITY_UNASSIGNED,513,512,512,NO_RECORDED_FACTOR_PRP_OR_LL_RESULT_AND_NO_ACTIVE_GIMPS_ASSIGNMENT,2026-08-08T14:01:06+00:00,UNALLOCATED,,,,,
SLCMP585-0542,542,542,288527431,2^288527431-1,STRUCTURAL_SCREEN_EXHAUSTED_PRIMALITY_UNASSIGNED,GF3A_DIRECTIONAL_WRITE_EXHAUSTED_PRIMALITY_UNASSIGNED,514,512,512,NO_RECORDED_FACTOR_PRP_OR_LL_RESULT_AND_NO_ACTIVE_GIMPS_ASSIGNMENT,2026-08-08T14:01:06+00:00,UNALLOCATED,,,,,
SLCMP585-0543,543,543,288527539,2^288527539-1,STRUCTURAL_SCREEN_EXHAUSTED_PRIMALITY_UNASSIGNED,GF3A_DIRECTIONAL_WRITE_EXHAUSTED_PRIMALITY_UNASSIGNED,514,512,512,NO_RECORDED_FACTOR_PRP_OR_LL_RESULT_AND_NO_ACTIVE_GIMPS_ASSIGNMENT,2026-08-08T14:01:06+00:00,UNALLOCATED,,,,,
SLCMP585-0544,544,544,288527581,2^288527581-1,STRUCTURAL_SCREEN_EXHAUSTED_PRIMALITY_UNASSIGNED,GF3A_DIRECTIONAL_WRITE_EXHAUSTED_PRIMALITY_UNASSIGNED,513,512,512,NO_RECORDED_FACTOR_PRP_OR_LL_RESULT_AND_NO_ACTIVE_GIMPS_ASSIGNMENT,2026-08-08T14:01:06+00:00,UNALLOCATED,,,,,
SLCMP585-0545,545,545,288527611,2^288527611-1,STRUCTURAL_SCREEN_EXHAUSTED_PRIMALITY_UNASSIGNED,GF3A_DIRECTIONAL_WRITE_EXHAUSTED_PRIMALITY_UNASSIGNED,514,512,512,NO_RECORDED_FACTOR_PRP_OR_LL_RESULT_AND_NO_ACTIVE_GIMPS_ASSIGNMENT,2026-08-08T14:01:06+00:00,UNALLOCATED,,,,,
SLCMP585-0546,546,546,288527627,2^288527627-1,STRUCTURAL_SCREEN_EXHAUSTED_PRIMALITY_UNASSIGNED,GF3A_DIRECTIONAL_WRITE_EXHAUSTED_PRIMALITY_UNASSIGNED,514,512,512,NO_RECORDED_FACTOR_PRP_OR_LL_RESULT_AND_NO_ACTIVE_GIMPS_ASSIGNMENT,2026-08-08T14:01:06+00:00,UNALLOCATED,,,,,
SLCMP585-0547,547,547,288527717,2^288527717-1,STRUCTURAL_SCREEN_EXHAUSTED_PRIMALITY_UNASSIGNED,GF3A_DIRECTIONAL_WRITE_EXHAUSTED_PRIMALITY_UNASSIGNED,513,512,512,NO_RECORDED_FACTOR_PRP_OR_LL_RESULT_AND_NO_ACTIVE_GIMPS_ASSIGNMENT,2026-08-08T14:01:06+00:00,UNALLOCATED,,,,,
SLCMP585-0548,548,548,288527753,2^288527753-1,STRUCTURAL_SCREEN_EXHAUSTED_PRIMALITY_UNASSIGNED,GF3A_DIRECTIONAL_WRITE_EXHAUSTED_PRIMALITY_UNASSIGNED,513,512,512,NO_RECORDED_FACTOR_PRP_OR_LL_RESULT_AND_NO_ACTIVE_GIMPS_ASSIGNMENT,2026-08-08T14:01:06+00:00,UNALLOCATED,,,,,
SLCMP585-0549,549,549,288527777,2^288527777-1,STRUCTURAL_SCREEN_EXHAUSTED_PRIMALITY_UNASSIGNED,GF3A_DIRECTIONAL_WRITE_EXHAUSTED_PRIMALITY_UNASSIGNED,513,512,512,NO_RECORDED_FACTOR_PRP_OR_LL_RESULT_AND_NO_ACTIVE_GIMPS_ASSIGNMENT,2026-08-08T14:01:06+00:00,UNALLOCATED,,,,,
SLCMP585-0550,550,550,288527821,2^288527821-1,STRUCTURAL_SCREEN_EXHAUSTED_PRIMALITY_UNASSIGNED,GF3A_DIRECTIONAL_WRITE_EXHAUSTED_PRIMALITY_UNASSIGNED,513,512,512,NO_RECORDED_FACTOR_PRP_OR_LL_RESULT_AND_NO_ACTIVE_GIMPS_ASSIGNMENT,2026-08-08T14:01:06+00:00,UNALLOCATED,,,,,
SLCMP585-0551,551,551,288527903,2^288527903-1,STRUCTURAL_SCREEN_EXHAUSTED_PRIMALITY_UNASSIGNED,GF3A_DIRECTIONAL_WRITE_EXHAUSTED_PRIMALITY_UNASSIGNED,514,512,512,NO_RECORDED_FACTOR_PRP_OR_LL_RESULT_AND_NO_ACTIVE_GIMPS_ASSIGNMENT,2026-08-08T14:01:06+00:00,UNALLOCATED,,,,,
SLCMP585-0552,552,552,288528041,2^288528041-1,STRUCTURAL_SCREEN_EXHAUSTED_PRIMALITY_UNASSIGNED,GF3A_DIRECTIONAL_WRITE_EXHAUSTED_PRIMALITY_UNASSIGNED,513,512,512,NO_RECORDED_FACTOR_PRP_OR_LL_RESULT_AND_NO_ACTIVE_GIMPS_ASSIGNMENT,2026-08-08T14:01:06+00:00,UNALLOCATED,,,,,
SLCMP585-0553,553,553,288528137,2^288528137-1,STRUCTURAL_SCREEN_EXHAUSTED_PRIMALITY_UNASSIGNED,GF3A_DIRECTIONAL_WRITE_EXHAUSTED_PRIMALITY_UNASSIGNED,513,512,512,NO_RECORDED_FACTOR_PRP_OR_LL_RESULT_AND_NO_ACTIVE_GIMPS_ASSIGNMENT,2026-08-08T14:01:06+00:00,UNALLOCATED,,,,,
SLCMP585-0554,554,554,288528139,2^288528139-1,STRUCTURAL_SCREEN_EXHAUSTED_PRIMALITY_UNASSIGNED,GF3A_DIRECTIONAL_WRITE_EXHAUSTED_PRIMALITY_UNASSIGNED,514,512,512,NO_RECORDED_FACTOR_PRP_OR_LL_RESULT_AND_NO_ACTIVE_GIMPS_ASSIGNMENT,2026-08-08T14:01:06+00:00,UNALLOCATED,,,,,
SLCMP585-0555,555,555,288528181,2^288528181-1,STRUCTURAL_SCREEN_EXHAUSTED_PRIMALITY_UNASSIGNED,GF3A_DIRECTIONAL_WRITE_EXHAUSTED_PRIMALITY_UNASSIGNED,513,512,512,NO_RECORDED_FACTOR_PRP_OR_LL_RESULT_AND_NO_ACTIVE_GIMPS_ASSIGNMENT,2026-08-08T14:01:06+00:00,UNALLOCATED,,,,,
SLCMP585-0556,556,556,288528329,2^288528329-1,STRUCTURAL_SCREEN_EXHAUSTED_PRIMALITY_UNASSIGNED,GF3A_DIRECTIONAL_WRITE_EXHAUSTED_PRIMALITY_UNASSIGNED,513,512,512,NO_RECORDED_FACTOR_PRP_OR_LL_RESULT_AND_NO_ACTIVE_GIMPS_ASSIGNMENT,2026-08-08T14:01:06+00:00,UNALLOCATED,,,,,
SLCMP585-0557,557,557,288528371,2^288528371-1,STRUCTURAL_SCREEN_EXHAUSTED_PRIMALITY_UNASSIGNED,GF3A_DIRECTIONAL_WRITE_EXHAUSTED_PRIMALITY_UNASSIGNED,514,512,512,NO_RECORDED_FACTOR_PRP_OR_LL_RESULT_AND_NO_ACTIVE_GIMPS_ASSIGNMENT,2026-08-08T14:01:06+00:00,UNALLOCATED,,,,,
SLCMP585-0558,558,558,288528469,2^288528469-1,STRUCTURAL_SCREEN_EXHAUSTED_PRIMALITY_UNASSIGNED,GF3A_DIRECTIONAL_WRITE_EXHAUSTED_PRIMALITY_UNASSIGNED,513,512,512,NO_RECORDED_FACTOR_PRP_OR_LL_RESULT_AND_NO_ACTIVE_GIMPS_ASSIGNMENT,2026-08-08T14:01:06+00:00,UNALLOCATED,,,,,
SLCMP585-0559,559,559,288528533,2^288528533-1,STRUCTURAL_SCREEN_EXHAUSTED_PRIMALITY_UNASSIGNED,GF3A_DIRECTIONAL_WRITE_EXHAUSTED_PRIMALITY_UNASSIGNED,513,512,512,NO_RECORDED_FACTOR_PRP_OR_LL_RESULT_AND_NO_ACTIVE_GIMPS_ASSIGNMENT,2026-08-08T14:01:06+00:00,UNALLOCATED,,,,,
SLCMP585-0560,560,560,288528587,2^288528587-1,STRUCTURAL_SCREEN_EXHAUSTED_PRIMALITY_UNASSIGNED,GF3A_DIRECTIONAL_WRITE_EXHAUSTED_PRIMALITY_UNASSIGNED,514,512,512,NO_RECORDED_FACTOR_PRP_OR_LL_RESULT_AND_NO_ACTIVE_GIMPS_ASSIGNMENT,2026-08-08T14:01:06+00:00,UNALLOCATED,,,,,
SLCMP585-0561,561,561,288528613,2^288528613-1,STRUCTURAL_SCREEN_EXHAUSTED_PRIMALITY_UNASSIGNED,GF3A_DIRECTIONAL_WRITE_EXHAUSTED_PRIMALITY_UNASSIGNED,513,512,512,NO_RECORDED_FACTOR_PRP_OR_LL_RESULT_AND_NO_ACTIVE_GIMPS_ASSIGNMENT,2026-08-08T14:01:06+00:00,UNALLOCATED,,,,,
SLCMP585-0562,562,562,288528673,2^288528673-1,STRUCTURAL_SCREEN_EXHAUSTED_PRIMALITY_UNASSIGNED,GF3A_DIRECTIONAL_WRITE_EXHAUSTED_PRIMALITY_UNASSIGNED,513,512,512,NO_RECORDED_FACTOR_PRP_OR_LL_RESULT_AND_NO_ACTIVE_GIMPS_ASSIGNMENT,2026-08-08T14:01:06+00:00,UNALLOCATED,,,,,
SLCMP585-0563,563,563,288528677,2^288528677-1,STRUCTURAL_SCREEN_EXHAUSTED_PRIMALITY_UNASSIGNED,GF3A_DIRECTIONAL_WRITE_EXHAUSTED_PRIMALITY_UNASSIGNED,513,512,512,NO_RECORDED_FACTOR_PRP_OR_LL_RESULT_AND_NO_ACTIVE_GIMPS_ASSIGNMENT,2026-08-08T14:01:06+00:00,UNALLOCATED,,,,,
SLCMP585-0564,564,564,288528683,2^288528683-1,STRUCTURAL_SCREEN_EXHAUSTED_PRIMALITY_UNASSIGNED,GF3A_DIRECTIONAL_WRITE_EXHAUSTED_PRIMALITY_UNASSIGNED,514,512,512,NO_RECORDED_FACTOR_PRP_OR_LL_RESULT_AND_NO_ACTIVE_GIMPS_ASSIGNMENT,2026-08-08T14:01:06+00:00,UNALLOCATED,,,,,
SLCMP585-0565,565,565,288528787,2^288528787-1,STRUCTURAL_SCREEN_EXHAUSTED_PRIMALITY_UNASSIGNED,GF3A_DIRECTIONAL_WRITE_EXHAUSTED_PRIMALITY_UNASSIGNED,514,512,512,NO_RECORDED_FACTOR_PRP_OR_LL_RESULT_AND_NO_ACTIVE_GIMPS_ASSIGNMENT,2026-08-08T14:01:06+00:00,UNALLOCATED,,,,,
SLCMP585-0566,566,566,288528797,2^288528797-1,STRUCTURAL_SCREEN_EXHAUSTED_PRIMALITY_UNASSIGNED,GF3A_DIRECTIONAL_WRITE_EXHAUSTED_PRIMALITY_UNASSIGNED,513,512,512,NO_RECORDED_FACTOR_PRP_OR_LL_RESULT_AND_NO_ACTIVE_GIMPS_ASSIGNMENT,2026-08-08T14:01:06+00:00,UNALLOCATED,,,,,
SLCMP585-0567,567,567,288528803,2^288528803-1,STRUCTURAL_SCREEN_EXHAUSTED_PRIMALITY_UNASSIGNED,GF3A_DIRECTIONAL_WRITE_EXHAUSTED_PRIMALITY_UNASSIGNED,514,512,512,NO_RECORDED_FACTOR_PRP_OR_LL_RESULT_AND_NO_ACTIVE_GIMPS_ASSIGNMENT,2026-08-08T14:01:06+00:00,UNALLOCATED,,,,,
SLCMP585-0568,568,568,288528869,2^288528869-1,STRUCTURAL_SCREEN_EXHAUSTED_PRIMALITY_UNASSIGNED,GF3A_DIRECTIONAL_WRITE_EXHAUSTED_PRIMALITY_UNASSIGNED,513,512,512,NO_RECORDED_FACTOR_PRP_OR_LL_RESULT_AND_NO_ACTIVE_GIMPS_ASSIGNMENT,2026-08-08T14:01:06+00:00,UNALLOCATED,,,,,
SLCMP585-0569,569,569,288528901,2^288528901-1,STRUCTURAL_SCREEN_EXHAUSTED_PRIMALITY_UNASSIGNED,GF3A_DIRECTIONAL_WRITE_EXHAUSTED_PRIMALITY_UNASSIGNED,513,512,512,NO_RECORDED_FACTOR_PRP_OR_LL_RESULT_AND_NO_ACTIVE_GIMPS_ASSIGNMENT,2026-08-08T14:01:06+00:00,UNALLOCATED,,,,,
SLCMP585-0570,570,570,288528949,2^288528949-1,STRUCTURAL_SCREEN_EXHAUSTED_PRIMALITY_UNASSIGNED,GF3A_DIRECTIONAL_WRITE_EXHAUSTED_PRIMALITY_UNASSIGNED,513,512,512,NO_RECORDED_FACTOR_PRP_OR_LL_RESULT_AND_NO_ACTIVE_GIMPS_ASSIGNMENT,2026-08-08T14:01:06+00:00,UNALLOCATED,,,,,
SLCMP585-0571,571,571,288528967,2^288528967-1,STRUCTURAL_SCREEN_EXHAUSTED_PRIMALITY_UNASSIGNED,GF3A_DIRECTIONAL_WRITE_EXHAUSTED_PRIMALITY_UNASSIGNED,514,512,512,NO_RECORDED_FACTOR_PRP_OR_LL_RESULT_AND_NO_ACTIVE_GIMPS_ASSIGNMENT,2026-08-08T14:01:06+00:00,UNALLOCATED,,,,,
SLCMP585-0572,572,572,288529159,2^288529159-1,STRUCTURAL_SCREEN_EXHAUSTED_PRIMALITY_UNASSIGNED,GF3A_DIRECTIONAL_WRITE_EXHAUSTED_PRIMALITY_UNASSIGNED,514,512,512,NO_RECORDED_FACTOR_PRP_OR_LL_RESULT_AND_NO_ACTIVE_GIMPS_ASSIGNMENT,2026-08-08T14:01:06+00:00,UNALLOCATED,,,,,
SLCMP585-0573,573,573,288529201,2^288529201-1,STRUCTURAL_SCREEN_EXHAUSTED_PRIMALITY_UNASSIGNED,GF3A_DIRECTIONAL_WRITE_EXHAUSTED_PRIMALITY_UNASSIGNED,513,512,512,NO_RECORDED_FACTOR_PRP_OR_LL_RESULT_AND_NO_ACTIVE_GIMPS_ASSIGNMENT,2026-08-08T14:01:06+00:00,UNALLOCATED,,,,,
SLCMP585-0574,574,574,288529223,2^288529223-1,STRUCTURAL_SCREEN_EXHAUSTED_PRIMALITY_UNASSIGNED,GF3A_DIRECTIONAL_WRITE_EXHAUSTED_PRIMALITY_UNASSIGNED,514,512,512,NO_RECORDED_FACTOR_PRP_OR_LL_RESULT_AND_NO_ACTIVE_GIMPS_ASSIGNMENT,2026-08-08T14:01:06+00:00,UNALLOCATED,,,,,
SLCMP585-0575,575,575,288529247,2^288529247-1,STRUCTURAL_SCREEN_EXHAUSTED_PRIMALITY_UNASSIGNED,GF3A_DIRECTIONAL_WRITE_EXHAUSTED_PRIMALITY_UNASSIGNED,514,512,512,NO_RECORDED_FACTOR_PRP_OR_LL_RESULT_AND_NO_ACTIVE_GIMPS_ASSIGNMENT,2026-08-08T14:01:06+00:00,UNALLOCATED,,,,,
SLCMP585-0576,576,576,288529309,2^288529309-1,STRUCTURAL_SCREEN_EXHAUSTED_PRIMALITY_UNASSIGNED,GF3A_DIRECTIONAL_WRITE_EXHAUSTED_PRIMALITY_UNASSIGNED,513,512,512,NO_RECORDED_FACTOR_PRP_OR_LL_RESULT_AND_NO_ACTIVE_GIMPS_ASSIGNMENT,2026-08-08T14:01:06+00:00,UNALLOCATED,,,,,
SLCMP585-0577,577,577,288529447,2^288529447-1,STRUCTURAL_SCREEN_EXHAUSTED_PRIMALITY_UNASSIGNED,GF3A_DIRECTIONAL_WRITE_EXHAUSTED_PRIMALITY_UNASSIGNED,514,512,512,NO_RECORDED_FACTOR_PRP_OR_LL_RESULT_AND_NO_ACTIVE_GIMPS_ASSIGNMENT,2026-08-08T14:01:06+00:00,UNALLOCATED,,,,,
SLCMP585-0578,578,578,288529453,2^288529453-1,STRUCTURAL_SCREEN_EXHAUSTED_PRIMALITY_UNASSIGNED,GF3A_DIRECTIONAL_WRITE_EXHAUSTED_PRIMALITY_UNASSIGNED,513,512,512,NO_RECORDED_FACTOR_PRP_OR_LL_RESULT_AND_NO_ACTIVE_GIMPS_ASSIGNMENT,2026-08-08T14:01:06+00:00,UNALLOCATED,,,,,
SLCMP585-0579,579,579,288529499,2^288529499-1,STRUCTURAL_SCREEN_EXHAUSTED_PRIMALITY_UNASSIGNED,GF3A_DIRECTIONAL_WRITE_EXHAUSTED_PRIMALITY_UNASSIGNED,514,512,512,NO_RECORDED_FACTOR_PRP_OR_LL_RESULT_AND_NO_ACTIVE_GIMPS_ASSIGNMENT,2026-08-08T14:01:06+00:00,UNALLOCATED,,,,,
SLCMP585-0580,580,580,288529519,2^288529519-1,STRUCTURAL_SCREEN_EXHAUSTED_PRIMALITY_UNASSIGNED,GF3A_DIRECTIONAL_WRITE_EXHAUSTED_PRIMALITY_UNASSIGNED,514,512,512,NO_RECORDED_FACTOR_PRP_OR_LL_RESULT_AND_NO_ACTIVE_GIMPS_ASSIGNMENT,2026-08-08T14:01:06+00:00,UNALLOCATED,,,,,
SLCMP585-0581,581,581,288529543,2^288529543-1,STRUCTURAL_SCREEN_EXHAUSTED_PRIMALITY_UNASSIGNED,GF3A_DIRECTIONAL_WRITE_EXHAUSTED_PRIMALITY_UNASSIGNED,514,512,512,NO_RECORDED_FACTOR_PRP_OR_LL_RESULT_AND_NO_ACTIVE_GIMPS_ASSIGNMENT,2026-08-08T14:01:06+00:00,UNALLOCATED,,,,,
SLCMP585-0582,582,582,288529651,2^288529651-1,STRUCTURAL_SCREEN_EXHAUSTED_PRIMALITY_UNASSIGNED,GF3A_DIRECTIONAL_WRITE_EXHAUSTED_PRIMALITY_UNASSIGNED,514,512,512,NO_RECORDED_FACTOR_PRP_OR_LL_RESULT_AND_NO_ACTIVE_GIMPS_ASSIGNMENT,2026-08-08T14:01:06+00:00,UNALLOCATED,,,,,
SLCMP585-0583,583,583,288529691,2^288529691-1,STRUCTURAL_SCREEN_EXHAUSTED_PRIMALITY_UNASSIGNED,GF3A_DIRECTIONAL_WRITE_EXHAUSTED_PRIMALITY_UNASSIGNED,514,512,512,NO_RECORDED_FACTOR_PRP_OR_LL_RESULT_AND_NO_ACTIVE_GIMPS_ASSIGNMENT,2026-08-08T14:01:06+00:00,UNALLOCATED,,,,,
SLCMP585-0584,584,584,288529739,2^288529739-1,STRUCTURAL_SCREEN_EXHAUSTED_PRIMALITY_UNASSIGNED,GF3A_DIRECTIONAL_WRITE_EXHAUSTED_PRIMALITY_UNASSIGNED,514,512,512,NO_RECORDED_FACTOR_PRP_OR_LL_RESULT_AND_NO_ACTIVE_GIMPS_ASSIGNMENT,2026-08-08T14:01:06+00:00,UNALLOCATED,,,,,
SLCMP585-0585,585,585,288529819,2^288529819-1,STRUCTURAL_SCREEN_EXHAUSTED_PRIMALITY_UNASSIGNED,GF3A_DIRECTIONAL_WRITE_EXHAUSTED_PRIMALITY_UNASSIGNED,514,512,512,NO_RECORDED_FACTOR_PRP_OR_LL_RESULT_AND_NO_ACTIVE_GIMPS_ASSIGNMENT,2026-08-08T14:01:06+00:00,UNALLOCATED,,,,,
SLCMP585-0586,586,586,288529859,2^288529859-1,STRUCTURAL_SCREEN_EXHAUSTED_PRIMALITY_UNASSIGNED,GF3A_DIRECTIONAL_WRITE_EXHAUSTED_PRIMALITY_UNASSIGNED,514,512,512,NO_RECORDED_FACTOR_PRP_OR_LL_RESULT_AND_NO_ACTIVE_GIMPS_ASSIGNMENT,2026-08-08T14:01:06+00:00,UNALLOCATED,,,,,
SLCMP585-0587,587,587,288529861,2^288529861-1,STRUCTURAL_SCREEN_EXHAUSTED_PRIMALITY_UNASSIGNED,GF3A_DIRECTIONAL_WRITE_EXHAUSTED_PRIMALITY_UNASSIGNED,513,512,512,NO_RECORDED_FACTOR_PRP_OR_LL_RESULT_AND_NO_ACTIVE_GIMPS_ASSIGNMENT,2026-08-08T14:01:06+00:00,UNALLOCATED,,,,,
SLCMP585-0588,588,588,288529897,2^288529897-1,STRUCTURAL_SCREEN_EXHAUSTED_PRIMALITY_UNASSIGNED,GF3A_DIRECTIONAL_WRITE_EXHAUSTED_PRIMALITY_UNASSIGNED,513,512,512,NO_RECORDED_FACTOR_PRP_OR_LL_RESULT_AND_NO_ACTIVE_GIMPS_ASSIGNMENT,2026-08-08T14:01:06+00:00,UNALLOCATED,,,,,
SLCMP585-0589,589,589,288529909,2^288529909-1,STRUCTURAL_SCREEN_EXHAUSTED_PRIMALITY_UNASSIGNED,GF3A_DIRECTIONAL_WRITE_EXHAUSTED_PRIMALITY_UNASSIGNED,513,512,512,NO_RECORDED_FACTOR_PRP_OR_LL_RESULT_AND_NO_ACTIVE_GIMPS_ASSIGNMENT,2026-08-08T14:01:06+00:00,UNALLOCATED,,,,,
SLCMP585-0590,590,590,288529993,2^288529993-1,STRUCTURAL_SCREEN_EXHAUSTED_PRIMALITY_UNASSIGNED,GF3A_DIRECTIONAL_WRITE_EXHAUSTED_PRIMALITY_UNASSIGNED,513,512,512,NO_RECORDED_FACTOR_PRP_OR_LL_RESULT_AND_NO_ACTIVE_GIMPS_ASSIGNMENT,2026-08-08T14:01:06+00:00,UNALLOCATED,,,,,
SLCMP585-0591,591,591,288530023,2^288530023-1,STRUCTURAL_SCREEN_EXHAUSTED_PRIMALITY_UNASSIGNED,GF3A_DIRECTIONAL_WRITE_EXHAUSTED_PRIMALITY_UNASSIGNED,514,512,512,NO_RECORDED_FACTOR_PRP_OR_LL_RESULT_AND_NO_ACTIVE_GIMPS_ASSIGNMENT,2026-08-08T14:01:06+00:00,UNALLOCATED,,,,,
SLCMP585-0592,592,592,288530071,2^288530071-1,STRUCTURAL_SCREEN_EXHAUSTED_PRIMALITY_UNASSIGNED,GF3A_DIRECTIONAL_WRITE_EXHAUSTED_PRIMALITY_UNASSIGNED,514,512,512,NO_RECORDED_FACTOR_PRP_OR_LL_RESULT_AND_NO_ACTIVE_GIMPS_ASSIGNMENT,2026-08-08T14:01:06+00:00,UNALLOCATED,,,,,
SLCMP585-0593,593,593,288530087,2^288530087-1,STRUCTURAL_SCREEN_EXHAUSTED_PRIMALITY_UNASSIGNED,GF3A_DIRECTIONAL_WRITE_EXHAUSTED_PRIMALITY_UNASSIGNED,514,512,512,NO_RECORDED_FACTOR_PRP_OR_LL_RESULT_AND_NO_ACTIVE_GIMPS_ASSIGNMENT,2026-08-08T14:01:06+00:00,UNALLOCATED,,,,,
SLCMP585-0594,594,594,288530093,2^288530093-1,STRUCTURAL_SCREEN_EXHAUSTED_PRIMALITY_UNASSIGNED,GF3A_DIRECTIONAL_WRITE_EXHAUSTED_PRIMALITY_UNASSIGNED,513,512,512,NO_RECORDED_FACTOR_PRP_OR_LL_RESULT_AND_NO_ACTIVE_GIMPS_ASSIGNMENT,2026-08-08T14:01:06+00:00,UNALLOCATED,,,,,
SLCMP585-0595,595,595,288530131,2^288530131-1,STRUCTURAL_SCREEN_EXHAUSTED_PRIMALITY_UNASSIGNED,GF3A_DIRECTIONAL_WRITE_EXHAUSTED_PRIMALITY_UNASSIGNED,514,512,512,NO_RECORDED_FACTOR_PRP_OR_LL_RESULT_AND_NO_ACTIVE_GIMPS_ASSIGNMENT,2026-08-08T14:01:06+00:00,UNALLOCATED,,,,,
SLCMP585-0596,596,596,288530339,2^288530339-1,STRUCTURAL_SCREEN_EXHAUSTED_PRIMALITY_UNASSIGNED,GF3A_DIRECTIONAL_WRITE_EXHAUSTED_PRIMALITY_UNASSIGNED,514,512,512,NO_RECORDED_FACTOR_PRP_OR_LL_RESULT_AND_NO_ACTIVE_GIMPS_ASSIGNMENT,2026-08-08T14:01:06+00:00,UNALLOCATED,,,,,
SLCMP585-0597,597,597,288530351,2^288530351-1,STRUCTURAL_SCREEN_EXHAUSTED_PRIMALITY_UNASSIGNED,GF3A_DIRECTIONAL_WRITE_EXHAUSTED_PRIMALITY_UNASSIGNED,514,512,512,NO_RECORDED_FACTOR_PRP_OR_LL_RESULT_AND_NO_ACTIVE_GIMPS_ASSIGNMENT,2026-08-08T14:01:06+00:00,UNALLOCATED,,,,,
SLCMP585-0598,598,598,288530413,2^288530413-1,STRUCTURAL_SCREEN_EXHAUSTED_PRIMALITY_UNASSIGNED,GF3A_DIRECTIONAL_WRITE_EXHAUSTED_PRIMALITY_UNASSIGNED,513,512,512,NO_RECORDED_FACTOR_PRP_OR_LL_RESULT_AND_NO_ACTIVE_GIMPS_ASSIGNMENT,2026-08-08T14:01:06+00:00,UNALLOCATED,,,,,
SLCMP585-0599,599,599,288530419,2^288530419-1,STRUCTURAL_SCREEN_EXHAUSTED_PRIMALITY_UNASSIGNED,GF3A_DIRECTIONAL_WRITE_EXHAUSTED_PRIMALITY_UNASSIGNED,514,512,512,NO_RECORDED_FACTOR_PRP_OR_LL_RESULT_AND_NO_ACTIVE_GIMPS_ASSIGNMENT,2026-08-08T14:01:06+00:00,UNALLOCATED,,,,,
SLCMP585-0600,600,600,288530449,2^288530449-1,STRUCTURAL_SCREEN_EXHAUSTED_PRIMALITY_UNASSIGNED,GF3A_DIRECTIONAL_WRITE_EXHAUSTED_PRIMALITY_UNASSIGNED,513,512,512,NO_RECORDED_FACTOR_PRP_OR_LL_RESULT_AND_NO_ACTIVE_GIMPS_ASSIGNMENT,2026-08-08T14:01:06+00:00,UNALLOCATED,,,,,
SLCMP585-0601,601,601,288530503,2^288530503-1,STRUCTURAL_SCREEN_EXHAUSTED_PRIMALITY_UNASSIGNED,GF3A_DIRECTIONAL_WRITE_EXHAUSTED_PRIMALITY_UNASSIGNED,514,512,512,NO_RECORDED_FACTOR_PRP_OR_LL_RESULT_AND_NO_ACTIVE_GIMPS_ASSIGNMENT,2026-08-08T14:01:06+00:00,UNALLOCATED,,,,,
SLCMP585-0602,602,602,288530587,2^288530587-1,STRUCTURAL_SCREEN_EXHAUSTED_PRIMALITY_UNASSIGNED,GF3A_DIRECTIONAL_WRITE_EXHAUSTED_PRIMALITY_UNASSIGNED,514,512,512,NO_RECORDED_FACTOR_PRP_OR_LL_RESULT_AND_NO_ACTIVE_GIMPS_ASSIGNMENT,2026-08-08T14:01:06+00:00,UNALLOCATED,,,,,
SLCMP585-0603,603,603,288530621,2^288530621-1,STRUCTURAL_SCREEN_EXHAUSTED_PRIMALITY_UNASSIGNED,GF3A_DIRECTIONAL_WRITE_EXHAUSTED_PRIMALITY_UNASSIGNED,513,512,512,NO_RECORDED_FACTOR_PRP_OR_LL_RESULT_AND_NO_ACTIVE_GIMPS_ASSIGNMENT,2026-08-08T14:01:06+00:00,UNALLOCATED,,,,,
SLCMP585-0604,604,604,288530623,2^288530623-1,STRUCTURAL_SCREEN_EXHAUSTED_PRIMALITY_UNASSIGNED,GF3A_DIRECTIONAL_WRITE_EXHAUSTED_PRIMALITY_UNASSIGNED,514,512,512,NO_RECORDED_FACTOR_PRP_OR_LL_RESULT_AND_NO_ACTIVE_GIMPS_ASSIGNMENT,2026-08-08T14:01:06+00:00,UNALLOCATED,,,,,
SLCMP585-0605,605,605,288530651,2^288530651-1,STRUCTURAL_SCREEN_EXHAUSTED_PRIMALITY_UNASSIGNED,GF3A_DIRECTIONAL_WRITE_EXHAUSTED_PRIMALITY_UNASSIGNED,514,512,512,NO_RECORDED_FACTOR_PRP_OR_LL_RESULT_AND_NO_ACTIVE_GIMPS_ASSIGNMENT,2026-08-08T14:01:06+00:00,UNALLOCATED,,,,,
SLCMP585-0606,606,606,288530663,2^288530663-1,STRUCTURAL_SCREEN_EXHAUSTED_PRIMALITY_UNASSIGNED,GF3A_DIRECTIONAL_WRITE_EXHAUSTED_PRIMALITY_UNASSIGNED,514,512,512,NO_RECORDED_FACTOR_PRP_OR_LL_RESULT_AND_NO_ACTIVE_GIMPS_ASSIGNMENT,2026-08-08T14:01:06+00:00,UNALLOCATED,,,,,
SLCMP585-0607,607,607,288530747,2^288530747-1,STRUCTURAL_SCREEN_EXHAUSTED_PRIMALITY_UNASSIGNED,GF3A_DIRECTIONAL_WRITE_EXHAUSTED_PRIMALITY_UNASSIGNED,514,512,512,NO_RECORDED_FACTOR_PRP_OR_LL_RESULT_AND_NO_ACTIVE_GIMPS_ASSIGNMENT,2026-08-08T14:01:06+00:00,UNALLOCATED,,,,,
SLCMP585-0608,608,608,288530897,2^288530897-1,STRUCTURAL_SCREEN_EXHAUSTED_PRIMALITY_UNASSIGNED,GF3A_DIRECTIONAL_WRITE_EXHAUSTED_PRIMALITY_UNASSIGNED,513,512,512,NO_RECORDED_FACTOR_PRP_OR_LL_RESULT_AND_NO_ACTIVE_GIMPS_ASSIGNMENT,2026-08-08T14:01:06+00:00,UNALLOCATED,,,,,
SLCMP585-0609,609,609,288530917,2^288530917-1,STRUCTURAL_SCREEN_EXHAUSTED_PRIMALITY_UNASSIGNED,GF3A_DIRECTIONAL_WRITE_EXHAUSTED_PRIMALITY_UNASSIGNED,513,512,512,NO_RECORDED_FACTOR_PRP_OR_LL_RESULT_AND_NO_ACTIVE_GIMPS_ASSIGNMENT,2026-08-08T14:01:06+00:00,UNALLOCATED,,,,,
SLCMP585-0610,610,610,288531029,2^288531029-1,STRUCTURAL_SCREEN_EXHAUSTED_PRIMALITY_UNASSIGNED,GF3A_DIRECTIONAL_WRITE_EXHAUSTED_PRIMALITY_UNASSIGNED,513,512,512,NO_RECORDED_FACTOR_PRP_OR_LL_RESULT_AND_NO_ACTIVE_GIMPS_ASSIGNMENT,2026-08-08T14:01:06+00:00,UNALLOCATED,,,,,
SLCMP585-0611,611,611,288531083,2^288531083-1,STRUCTURAL_SCREEN_EXHAUSTED_PRIMALITY_UNASSIGNED,GF3A_DIRECTIONAL_WRITE_EXHAUSTED_PRIMALITY_UNASSIGNED,514,512,512,NO_RECORDED_FACTOR_PRP_OR_LL_RESULT_AND_NO_ACTIVE_GIMPS_ASSIGNMENT,2026-08-08T14:01:06+00:00,UNALLOCATED,,,,,
SLCMP585-0612,612,612,288531091,2^288531091-1,STRUCTURAL_SCREEN_EXHAUSTED_PRIMALITY_UNASSIGNED,GF3A_DIRECTIONAL_WRITE_EXHAUSTED_PRIMALITY_UNASSIGNED,514,512,512,NO_RECORDED_FACTOR_PRP_OR_LL_RESULT_AND_NO_ACTIVE_GIMPS_ASSIGNMENT,2026-08-08T14:01:06+00:00,UNALLOCATED,,,,,
SLCMP585-0613,613,613,288531209,2^288531209-1,STRUCTURAL_SCREEN_EXHAUSTED_PRIMALITY_UNASSIGNED,GF3A_DIRECTIONAL_WRITE_EXHAUSTED_PRIMALITY_UNASSIGNED,513,512,512,NO_RECORDED_FACTOR_PRP_OR_LL_RESULT_AND_NO_ACTIVE_GIMPS_ASSIGNMENT,2026-08-08T14:01:06+00:00,UNALLOCATED,,,,,
SLCMP585-0614,614,614,288531211,2^288531211-1,STRUCTURAL_SCREEN_EXHAUSTED_PRIMALITY_UNASSIGNED,GF3A_DIRECTIONAL_WRITE_EXHAUSTED_PRIMALITY_UNASSIGNED,514,512,512,NO_RECORDED_FACTOR_PRP_OR_LL_RESULT_AND_NO_ACTIVE_GIMPS_ASSIGNMENT,2026-08-08T14:01:06+00:00,UNALLOCATED,,,,,
SLCMP585-0615,615,615,288531289,2^288531289-1,STRUCTURAL_SCREEN_EXHAUSTED_PRIMALITY_UNASSIGNED,GF3A_DIRECTIONAL_WRITE_EXHAUSTED_PRIMALITY_UNASSIGNED,513,512,512,NO_RECORDED_FACTOR_PRP_OR_LL_RESULT_AND_NO_ACTIVE_GIMPS_ASSIGNMENT,2026-08-08T14:01:06+00:00,UNALLOCATED,,,,,
SLCMP585-0616,616,616,288531337,2^288531337-1,STRUCTURAL_SCREEN_EXHAUSTED_PRIMALITY_UNASSIGNED,GF3A_DIRECTIONAL_WRITE_EXHAUSTED_PRIMALITY_UNASSIGNED,513,512,512,NO_RECORDED_FACTOR_PRP_OR_LL_RESULT_AND_NO_ACTIVE_GIMPS_ASSIGNMENT,2026-08-08T14:01:06+00:00,UNALLOCATED,,,,,
SLCMP585-0617,617,617,288531367,2^288531367-1,STRUCTURAL_SCREEN_EXHAUSTED_PRIMALITY_UNASSIGNED,GF3A_DIRECTIONAL_WRITE_EXHAUSTED_PRIMALITY_UNASSIGNED,514,512,512,NO_RECORDED_FACTOR_PRP_OR_LL_RESULT_AND_NO_ACTIVE_GIMPS_ASSIGNMENT,2026-08-08T14:01:06+00:00,UNALLOCATED,,,,,
SLCMP585-0618,618,618,288531371,2^288531371-1,STRUCTURAL_SCREEN_EXHAUSTED_PRIMALITY_UNASSIGNED,GF3A_DIRECTIONAL_WRITE_EXHAUSTED_PRIMALITY_UNASSIGNED,514,512,512,NO_RECORDED_FACTOR_PRP_OR_LL_RESULT_AND_NO_ACTIVE_GIMPS_ASSIGNMENT,2026-08-08T14:01:06+00:00,UNALLOCATED,,,,,
SLCMP585-0619,619,619,288531401,2^288531401-1,STRUCTURAL_SCREEN_EXHAUSTED_PRIMALITY_UNASSIGNED,GF3A_DIRECTIONAL_WRITE_EXHAUSTED_PRIMALITY_UNASSIGNED,513,512,512,NO_RECORDED_FACTOR_PRP_OR_LL_RESULT_AND_NO_ACTIVE_GIMPS_ASSIGNMENT,2026-08-08T14:01:06+00:00,UNALLOCATED,,,,,
SLCMP585-0620,620,620,288531421,2^288531421-1,STRUCTURAL_SCREEN_EXHAUSTED_PRIMALITY_UNASSIGNED,GF3A_DIRECTIONAL_WRITE_EXHAUSTED_PRIMALITY_UNASSIGNED,513,512,512,NO_RECORDED_FACTOR_PRP_OR_LL_RESULT_AND_NO_ACTIVE_GIMPS_ASSIGNMENT,2026-08-08T14:01:06+00:00,UNALLOCATED,,,,,
SLCMP585-0621,621,621,288531517,2^288531517-1,STRUCTURAL_SCREEN_EXHAUSTED_PRIMALITY_UNASSIGNED,GF3A_DIRECTIONAL_WRITE_EXHAUSTED_PRIMALITY_UNASSIGNED,513,512,512,NO_RECORDED_FACTOR_PRP_OR_LL_RESULT_AND_NO_ACTIVE_GIMPS_ASSIGNMENT,2026-08-08T14:01:06+00:00,UNALLOCATED,,,,,
SLCMP585-0622,622,622,288531553,2^288531553-1,STRUCTURAL_SCREEN_EXHAUSTED_PRIMALITY_UNASSIGNED,GF3A_DIRECTIONAL_WRITE_EXHAUSTED_PRIMALITY_UNASSIGNED,513,512,512,NO_RECORDED_FACTOR_PRP_OR_LL_RESULT_AND_NO_ACTIVE_GIMPS_ASSIGNMENT,2026-08-08T14:01:06+00:00,UNALLOCATED,,,,,
SLCMP585-0623,623,623,288531559,2^288531559-1,STRUCTURAL_SCREEN_EXHAUSTED_PRIMALITY_UNASSIGNED,GF3A_DIRECTIONAL_WRITE_EXHAUSTED_PRIMALITY_UNASSIGNED,514,512,512,NO_RECORDED_FACTOR_PRP_OR_LL_RESULT_AND_NO_ACTIVE_GIMPS_ASSIGNMENT,2026-08-08T14:01:06+00:00,UNALLOCATED,,,,,
SLCMP585-0624,624,624,288531571,2^288531571-1,STRUCTURAL_SCREEN_EXHAUSTED_PRIMALITY_UNASSIGNED,GF3A_DIRECTIONAL_WRITE_EXHAUSTED_PRIMALITY_UNASSIGNED,514,512,512,NO_RECORDED_FACTOR_PRP_OR_LL_RESULT_AND_NO_ACTIVE_GIMPS_ASSIGNMENT,2026-08-08T14:01:06+00:00,UNALLOCATED,,,,,
SLCMP585-0625,625,625,288531751,2^288531751-1,STRUCTURAL_SCREEN_EXHAUSTED_PRIMALITY_UNASSIGNED,GF3A_DIRECTIONAL_WRITE_EXHAUSTED_PRIMALITY_UNASSIGNED,514,512,512,NO_RECORDED_FACTOR_PRP_OR_LL_RESULT_AND_NO_ACTIVE_GIMPS_ASSIGNMENT,2026-08-08T14:01:06+00:00,UNALLOCATED,,,,,
SLCMP585-0626,626,626,288531773,2^288531773-1,STRUCTURAL_SCREEN_EXHAUSTED_PRIMALITY_UNASSIGNED,GF3A_DIRECTIONAL_WRITE_EXHAUSTED_PRIMALITY_UNASSIGNED,513,512,512,NO_RECORDED_FACTOR_PRP_OR_LL_RESULT_AND_NO_ACTIVE_GIMPS_ASSIGNMENT,2026-08-08T14:01:06+00:00,UNALLOCATED,,,,,
SLCMP585-0627,627,627,288531799,2^288531799-1,STRUCTURAL_SCREEN_EXHAUSTED_PRIMALITY_UNASSIGNED,GF3A_DIRECTIONAL_WRITE_EXHAUSTED_PRIMALITY_UNASSIGNED,514,512,512,NO_RECORDED_FACTOR_PRP_OR_LL_RESULT_AND_NO_ACTIVE_GIMPS_ASSIGNMENT,2026-08-08T14:01:06+00:00,UNALLOCATED,,,,,
SLCMP585-0628,628,628,288531847,2^288531847-1,STRUCTURAL_SCREEN_EXHAUSTED_PRIMALITY_UNASSIGNED,GF3A_DIRECTIONAL_WRITE_EXHAUSTED_PRIMALITY_UNASSIGNED,514,512,512,NO_RECORDED_FACTOR_PRP_OR_LL_RESULT_AND_NO_ACTIVE_GIMPS_ASSIGNMENT,2026-08-08T14:01:06+00:00,UNALLOCATED,,,,,
SLCMP585-0629,629,629,288531907,2^288531907-1,STRUCTURAL_SCREEN_EXHAUSTED_PRIMALITY_UNASSIGNED,GF3A_DIRECTIONAL_WRITE_EXHAUSTED_PRIMALITY_UNASSIGNED,514,512,512,NO_RECORDED_FACTOR_PRP_OR_LL_RESULT_AND_NO_ACTIVE_GIMPS_ASSIGNMENT,2026-08-08T14:01:06+00:00,UNALLOCATED,,,,,
SLCMP585-0630,630,630,288531923,2^288531923-1,STRUCTURAL_SCREEN_EXHAUSTED_PRIMALITY_UNASSIGNED,GF3A_DIRECTIONAL_WRITE_EXHAUSTED_PRIMALITY_UNASSIGNED,514,512,512,NO_RECORDED_FACTOR_PRP_OR_LL_RESULT_AND_NO_ACTIVE_GIMPS_ASSIGNMENT,2026-08-08T14:01:06+00:00,UNALLOCATED,,,,,
SLCMP585-0631,631,631,288532019,2^288532019-1,STRUCTURAL_SCREEN_EXHAUSTED_PRIMALITY_UNASSIGNED,GF3A_DIRECTIONAL_WRITE_EXHAUSTED_PRIMALITY_UNASSIGNED,514,512,512,NO_RECORDED_FACTOR_PRP_OR_LL_RESULT_AND_NO_ACTIVE_GIMPS_ASSIGNMENT,2026-08-08T14:01:06+00:00,UNALLOCATED,,,,,
SLCMP585-0632,632,632,288532061,2^288532061-1,STRUCTURAL_SCREEN_EXHAUSTED_PRIMALITY_UNASSIGNED,GF3A_DIRECTIONAL_WRITE_EXHAUSTED_PRIMALITY_UNASSIGNED,513,512,512,NO_RECORDED_FACTOR_PRP_OR_LL_RESULT_AND_NO_ACTIVE_GIMPS_ASSIGNMENT,2026-08-08T14:01:06+00:00,UNALLOCATED,,,,,
SLCMP585-0633,633,633,288532067,2^288532067-1,STRUCTURAL_SCREEN_EXHAUSTED_PRIMALITY_UNASSIGNED,GF3A_DIRECTIONAL_WRITE_EXHAUSTED_PRIMALITY_UNASSIGNED,514,512,512,NO_RECORDED_FACTOR_PRP_OR_LL_RESULT_AND_NO_ACTIVE_GIMPS_ASSIGNMENT,2026-08-08T14:01:06+00:00,UNALLOCATED,,,,,
SLCMP585-0634,634,634,288532103,2^288532103-1,STRUCTURAL_SCREEN_EXHAUSTED_PRIMALITY_UNASSIGNED,GF3A_DIRECTIONAL_WRITE_EXHAUSTED_PRIMALITY_UNASSIGNED,514,512,512,NO_RECORDED_FACTOR_PRP_OR_LL_RESULT_AND_NO_ACTIVE_GIMPS_ASSIGNMENT,2026-08-08T14:01:06+00:00,UNALLOCATED,,,,,
SLCMP585-0635,635,635,288532151,2^288532151-1,STRUCTURAL_SCREEN_EXHAUSTED_PRIMALITY_UNASSIGNED,GF3A_DIRECTIONAL_WRITE_EXHAUSTED_PRIMALITY_UNASSIGNED,514,512,512,NO_RECORDED_FACTOR_PRP_OR_LL_RESULT_AND_NO_ACTIVE_GIMPS_ASSIGNMENT,2026-08-08T14:01:06+00:00,UNALLOCATED,,,,,
SLCMP585-0636,636,636,288532297,2^288532297-1,STRUCTURAL_SCREEN_EXHAUSTED_PRIMALITY_UNASSIGNED,GF3A_DIRECTIONAL_WRITE_EXHAUSTED_PRIMALITY_UNASSIGNED,513,512,512,NO_RECORDED_FACTOR_PRP_OR_LL_RESULT_AND_NO_ACTIVE_GIMPS_ASSIGNMENT,2026-08-08T14:01:06+00:00,UNALLOCATED,,,,,
SLCMP585-0637,637,637,288532373,2^288532373-1,STRUCTURAL_SCREEN_EXHAUSTED_PRIMALITY_UNASSIGNED,GF3A_DIRECTIONAL_WRITE_EXHAUSTED_PRIMALITY_UNASSIGNED,513,512,512,NO_RECORDED_FACTOR_PRP_OR_LL_RESULT_AND_NO_ACTIVE_GIMPS_ASSIGNMENT,2026-08-08T14:01:06+00:00,UNALLOCATED,,,,,
SLCMP585-0638,638,638,288532459,2^288532459-1,STRUCTURAL_SCREEN_EXHAUSTED_PRIMALITY_UNASSIGNED,GF3A_DIRECTIONAL_WRITE_EXHAUSTED_PRIMALITY_UNASSIGNED,514,512,512,NO_RECORDED_FACTOR_PRP_OR_LL_RESULT_AND_NO_ACTIVE_GIMPS_ASSIGNMENT,2026-08-08T14:01:06+00:00,UNALLOCATED,,,,,
SLCMP585-0639,639,639,288532481,2^288532481-1,STRUCTURAL_SCREEN_EXHAUSTED_PRIMALITY_UNASSIGNED,GF3A_DIRECTIONAL_WRITE_EXHAUSTED_PRIMALITY_UNASSIGNED,513,512,512,NO_RECORDED_FACTOR_PRP_OR_LL_RESULT_AND_NO_ACTIVE_GIMPS_ASSIGNMENT,2026-08-08T14:01:06+00:00,UNALLOCATED,,,,,
SLCMP585-0640,640,640,288532507,2^288532507-1,STRUCTURAL_SCREEN_EXHAUSTED_PRIMALITY_UNASSIGNED,GF3A_DIRECTIONAL_WRITE_EXHAUSTED_PRIMALITY_UNASSIGNED,514,512,512,NO_RECORDED_FACTOR_PRP_OR_LL_RESULT_AND_NO_ACTIVE_GIMPS_ASSIGNMENT,2026-08-08T14:01:06+00:00,UNALLOCATED,,,,,
SLCMP585-0641,641,641,288532529,2^288532529-1,STRUCTURAL_SCREEN_EXHAUSTED_PRIMALITY_UNASSIGNED,GF3A_DIRECTIONAL_WRITE_EXHAUSTED_PRIMALITY_UNASSIGNED,513,512,512,NO_RECORDED_FACTOR_PRP_OR_LL_RESULT_AND_NO_ACTIVE_GIMPS_ASSIGNMENT,2026-08-08T14:01:06+00:00,UNALLOCATED,,,,,
SLCMP585-0642,642,642,288532553,2^288532553-1,STRUCTURAL_SCREEN_EXHAUSTED_PRIMALITY_UNASSIGNED,GF3A_DIRECTIONAL_WRITE_EXHAUSTED_PRIMALITY_UNASSIGNED,513,512,512,NO_RECORDED_FACTOR_PRP_OR_LL_RESULT_AND_NO_ACTIVE_GIMPS_ASSIGNMENT,2026-08-08T14:01:06+00:00,UNALLOCATED,,,,,
SLCMP585-0643,643,643,288532579,2^288532579-1,STRUCTURAL_SCREEN_EXHAUSTED_PRIMALITY_UNASSIGNED,GF3A_DIRECTIONAL_WRITE_EXHAUSTED_PRIMALITY_UNASSIGNED,514,512,512,NO_RECORDED_FACTOR_PRP_OR_LL_RESULT_AND_NO_ACTIVE_GIMPS_ASSIGNMENT,2026-08-08T14:01:06+00:00,UNALLOCATED,,,,,
SLCMP585-0644,644,644,288532633,2^288532633-1,STRUCTURAL_SCREEN_EXHAUSTED_PRIMALITY_UNASSIGNED,GF3A_DIRECTIONAL_WRITE_EXHAUSTED_PRIMALITY_UNASSIGNED,513,512,512,NO_RECORDED_FACTOR_PRP_OR_LL_RESULT_AND_NO_ACTIVE_GIMPS_ASSIGNMENT,2026-08-08T14:01:06+00:00,UNALLOCATED,,,,,
SLCMP585-0645,645,645,288532639,2^288532639-1,STRUCTURAL_SCREEN_EXHAUSTED_PRIMALITY_UNASSIGNED,GF3A_DIRECTIONAL_WRITE_EXHAUSTED_PRIMALITY_UNASSIGNED,514,512,512,NO_RECORDED_FACTOR_PRP_OR_LL_RESULT_AND_NO_ACTIVE_GIMPS_ASSIGNMENT,2026-08-08T14:01:06+00:00,UNALLOCATED,,,,,
SLCMP585-0646,646,646,288532693,2^288532693-1,STRUCTURAL_SCREEN_EXHAUSTED_PRIMALITY_UNASSIGNED,GF3A_DIRECTIONAL_WRITE_EXHAUSTED_PRIMALITY_UNASSIGNED,513,512,512,NO_RECORDED_FACTOR_PRP_OR_LL_RESULT_AND_NO_ACTIVE_GIMPS_ASSIGNMENT,2026-08-08T14:01:06+00:00,UNALLOCATED,,,,,
SLCMP585-0647,647,647,288532729,2^288532729-1,STRUCTURAL_SCREEN_EXHAUSTED_PRIMALITY_UNASSIGNED,GF3A_DIRECTIONAL_WRITE_EXHAUSTED_PRIMALITY_UNASSIGNED,513,512,512,NO_RECORDED_FACTOR_PRP_OR_LL_RESULT_AND_NO_ACTIVE_GIMPS_ASSIGNMENT,2026-08-08T14:01:06+00:00,UNALLOCATED,,,,,
SLCMP585-0648,648,648,288532757,2^288532757-1,STRUCTURAL_SCREEN_EXHAUSTED_PRIMALITY_UNASSIGNED,GF3A_DIRECTIONAL_WRITE_EXHAUSTED_PRIMALITY_UNASSIGNED,513,512,512,NO_RECORDED_FACTOR_PRP_OR_LL_RESULT_AND_NO_ACTIVE_GIMPS_ASSIGNMENT,2026-08-08T14:01:06+00:00,UNALLOCATED,,,,,
SLCMP585-0649,649,649,288532759,2^288532759-1,STRUCTURAL_SCREEN_EXHAUSTED_PRIMALITY_UNASSIGNED,GF3A_DIRECTIONAL_WRITE_EXHAUSTED_PRIMALITY_UNASSIGNED,514,512,512,NO_RECORDED_FACTOR_PRP_OR_LL_RESULT_AND_NO_ACTIVE_GIMPS_ASSIGNMENT,2026-08-08T14:01:06+00:00,UNALLOCATED,,,,,
SLCMP585-0650,650,650,288532843,2^288532843-1,STRUCTURAL_SCREEN_EXHAUSTED_PRIMALITY_UNASSIGNED,GF3A_DIRECTIONAL_WRITE_EXHAUSTED_PRIMALITY_UNASSIGNED,514,512,512,NO_RECORDED_FACTOR_PRP_OR_LL_RESULT_AND_NO_ACTIVE_GIMPS_ASSIGNMENT,2026-08-08T14:01:06+00:00,UNALLOCATED,,,,,
SLCMP585-0651,651,651,288532931,2^288532931-1,STRUCTURAL_SCREEN_EXHAUSTED_PRIMALITY_UNASSIGNED,GF3A_DIRECTIONAL_WRITE_EXHAUSTED_PRIMALITY_UNASSIGNED,514,512,512,NO_RECORDED_FACTOR_PRP_OR_LL_RESULT_AND_NO_ACTIVE_GIMPS_ASSIGNMENT,2026-08-08T14:01:06+00:00,UNALLOCATED,,,,,
SLCMP585-0652,652,652,288532969,2^288532969-1,STRUCTURAL_SCREEN_EXHAUSTED_PRIMALITY_UNASSIGNED,GF3A_DIRECTIONAL_WRITE_EXHAUSTED_PRIMALITY_UNASSIGNED,513,512,512,NO_RECORDED_FACTOR_PRP_OR_LL_RESULT_AND_NO_ACTIVE_GIMPS_ASSIGNMENT,2026-08-08T14:01:06+00:00,UNALLOCATED,,,,,
SLCMP585-0653,653,653,288532991,2^288532991-1,STRUCTURAL_SCREEN_EXHAUSTED_PRIMALITY_UNASSIGNED,GF3A_DIRECTIONAL_WRITE_EXHAUSTED_PRIMALITY_UNASSIGNED,514,512,512,NO_RECORDED_FACTOR_PRP_OR_LL_RESULT_AND_NO_ACTIVE_GIMPS_ASSIGNMENT,2026-08-08T14:01:06+00:00,UNALLOCATED,,,,,
SLCMP585-0654,654,654,288533041,2^288533041-1,STRUCTURAL_SCREEN_EXHAUSTED_PRIMALITY_UNASSIGNED,GF3A_DIRECTIONAL_WRITE_EXHAUSTED_PRIMALITY_UNASSIGNED,513,512,512,NO_RECORDED_FACTOR_PRP_OR_LL_RESULT_AND_NO_ACTIVE_GIMPS_ASSIGNMENT,2026-08-08T14:01:06+00:00,UNALLOCATED,,,,,
SLCMP585-0655,655,655,288533051,2^288533051-1,STRUCTURAL_SCREEN_EXHAUSTED_PRIMALITY_UNASSIGNED,GF3A_DIRECTIONAL_WRITE_EXHAUSTED_PRIMALITY_UNASSIGNED,514,512,512,NO_RECORDED_FACTOR_PRP_OR_LL_RESULT_AND_NO_ACTIVE_GIMPS_ASSIGNMENT,2026-08-08T14:01:06+00:00,UNALLOCATED,,,,,
SLCMP585-0656,656,656,288533057,2^288533057-1,STRUCTURAL_SCREEN_EXHAUSTED_PRIMALITY_UNASSIGNED,GF3A_DIRECTIONAL_WRITE_EXHAUSTED_PRIMALITY_UNASSIGNED,513,512,512,NO_RECORDED_FACTOR_PRP_OR_LL_RESULT_AND_NO_ACTIVE_GIMPS_ASSIGNMENT,2026-08-08T14:01:06+00:00,UNALLOCATED,,,,,
SLCMP585-0657,657,657,288533059,2^288533059-1,STRUCTURAL_SCREEN_EXHAUSTED_PRIMALITY_UNASSIGNED,GF3A_DIRECTIONAL_WRITE_EXHAUSTED_PRIMALITY_UNASSIGNED,514,512,512,NO_RECORDED_FACTOR_PRP_OR_LL_RESULT_AND_NO_ACTIVE_GIMPS_ASSIGNMENT,2026-08-08T14:01:06+00:00,UNALLOCATED,,,,,
SLCMP585-0658,658,658,288533071,2^288533071-1,STRUCTURAL_SCREEN_EXHAUSTED_PRIMALITY_UNASSIGNED,GF3A_DIRECTIONAL_WRITE_EXHAUSTED_PRIMALITY_UNASSIGNED,514,512,512,NO_RECORDED_FACTOR_PRP_OR_LL_RESULT_AND_NO_ACTIVE_GIMPS_ASSIGNMENT,2026-08-08T14:01:06+00:00,UNALLOCATED,,,,,
SLCMP585-0659,659,659,288533123,2^288533123-1,STRUCTURAL_SCREEN_EXHAUSTED_PRIMALITY_UNASSIGNED,GF3A_DIRECTIONAL_WRITE_EXHAUSTED_PRIMALITY_UNASSIGNED,514,512,512,NO_RECORDED_FACTOR_PRP_OR_LL_RESULT_AND_NO_ACTIVE_GIMPS_ASSIGNMENT,2026-08-08T14:01:06+00:00,UNALLOCATED,,,,,
SLCMP585-0660,660,660,288533173,2^288533173-1,STRUCTURAL_SCREEN_EXHAUSTED_PRIMALITY_UNASSIGNED,GF3A_DIRECTIONAL_WRITE_EXHAUSTED_PRIMALITY_UNASSIGNED,513,512,512,NO_RECORDED_FACTOR_PRP_OR_LL_RESULT_AND_NO_ACTIVE_GIMPS_ASSIGNMENT,2026-08-08T14:01:06+00:00,UNALLOCATED,,,,,
SLCMP585-0661,661,661,288533177,2^288533177-1,STRUCTURAL_SCREEN_EXHAUSTED_PRIMALITY_UNASSIGNED,GF3A_DIRECTIONAL_WRITE_EXHAUSTED_PRIMALITY_UNASSIGNED,513,512,512,NO_RECORDED_FACTOR_PRP_OR_LL_RESULT_AND_NO_ACTIVE_GIMPS_ASSIGNMENT,2026-08-08T14:01:06+00:00,UNALLOCATED,,,,,
SLCMP585-0662,662,662,288533249,2^288533249-1,STRUCTURAL_SCREEN_EXHAUSTED_PRIMALITY_UNASSIGNED,GF3A_DIRECTIONAL_WRITE_EXHAUSTED_PRIMALITY_UNASSIGNED,513,512,512,NO_RECORDED_FACTOR_PRP_OR_LL_RESULT_AND_NO_ACTIVE_GIMPS_ASSIGNMENT,2026-08-08T14:01:06+00:00,UNALLOCATED,,,,,
SLCMP585-0663,663,663,288533257,2^288533257-1,STRUCTURAL_SCREEN_EXHAUSTED_PRIMALITY_UNASSIGNED,GF3A_DIRECTIONAL_WRITE_EXHAUSTED_PRIMALITY_UNASSIGNED,513,512,512,NO_RECORDED_FACTOR_PRP_OR_LL_RESULT_AND_NO_ACTIVE_GIMPS_ASSIGNMENT,2026-08-08T14:01:06+00:00,UNALLOCATED,,,,,
SLCMP585-0664,664,664,288533291,2^288533291-1,STRUCTURAL_SCREEN_EXHAUSTED_PRIMALITY_UNASSIGNED,GF3A_DIRECTIONAL_WRITE_EXHAUSTED_PRIMALITY_UNASSIGNED,514,512,512,NO_RECORDED_FACTOR_PRP_OR_LL_RESULT_AND_NO_ACTIVE_GIMPS_ASSIGNMENT,2026-08-08T14:01:06+00:00,UNALLOCATED,,,,,
SLCMP585-0665,665,665,288533327,2^288533327-1,STRUCTURAL_SCREEN_EXHAUSTED_PRIMALITY_UNASSIGNED,GF3A_DIRECTIONAL_WRITE_EXHAUSTED_PRIMALITY_UNASSIGNED,514,512,512,NO_RECORDED_FACTOR_PRP_OR_LL_RESULT_AND_NO_ACTIVE_GIMPS_ASSIGNMENT,2026-08-08T14:01:06+00:00,UNALLOCATED,,,,,
SLCMP585-0666,666,666,288533471,2^288533471-1,STRUCTURAL_SCREEN_EXHAUSTED_PRIMALITY_UNASSIGNED,GF3A_DIRECTIONAL_WRITE_EXHAUSTED_PRIMALITY_UNASSIGNED,514,512,512,NO_RECORDED_FACTOR_PRP_OR_LL_RESULT_AND_NO_ACTIVE_GIMPS_ASSIGNMENT,2026-08-08T14:01:06+00:00,UNALLOCATED,,,,,
SLCMP585-0667,667,667,288533473,2^288533473-1,STRUCTURAL_SCREEN_EXHAUSTED_PRIMALITY_UNASSIGNED,GF3A_DIRECTIONAL_WRITE_EXHAUSTED_PRIMALITY_UNASSIGNED,513,512,512,NO_RECORDED_FACTOR_PRP_OR_LL_RESULT_AND_NO_ACTIVE_GIMPS_ASSIGNMENT,2026-08-08T14:01:06+00:00,UNALLOCATED,,,,,
SLCMP585-0668,668,668,288533521,2^288533521-1,STRUCTURAL_SCREEN_EXHAUSTED_PRIMALITY_UNASSIGNED,GF3A_DIRECTIONAL_WRITE_EXHAUSTED_PRIMALITY_UNASSIGNED,513,512,512,NO_RECORDED_FACTOR_PRP_OR_LL_RESULT_AND_NO_ACTIVE_GIMPS_ASSIGNMENT,2026-08-08T14:01:06+00:00,UNALLOCATED,,,,,
SLCMP585-0669,669,669,288533543,2^288533543-1,STRUCTURAL_SCREEN_EXHAUSTED_PRIMALITY_UNASSIGNED,GF3A_DIRECTIONAL_WRITE_EXHAUSTED_PRIMALITY_UNASSIGNED,514,512,512,NO_RECORDED_FACTOR_PRP_OR_LL_RESULT_AND_NO_ACTIVE_GIMPS_ASSIGNMENT,2026-08-08T14:01:06+00:00,UNALLOCATED,,,,,
SLCMP585-0670,670,670,288533617,2^288533617-1,STRUCTURAL_SCREEN_EXHAUSTED_PRIMALITY_UNASSIGNED,GF3A_DIRECTIONAL_WRITE_EXHAUSTED_PRIMALITY_UNASSIGNED,513,512,512,NO_RECORDED_FACTOR_PRP_OR_LL_RESULT_AND_NO_ACTIVE_GIMPS_ASSIGNMENT,2026-08-08T14:01:06+00:00,UNALLOCATED,,,,,
SLCMP585-0671,671,671,288533683,2^288533683-1,STRUCTURAL_SCREEN_EXHAUSTED_PRIMALITY_UNASSIGNED,GF3A_DIRECTIONAL_WRITE_EXHAUSTED_PRIMALITY_UNASSIGNED,514,512,512,NO_RECORDED_FACTOR_PRP_OR_LL_RESULT_AND_NO_ACTIVE_GIMPS_ASSIGNMENT,2026-08-08T14:01:06+00:00,UNALLOCATED,,,,,
SLCMP585-0672,672,672,288533737,2^288533737-1,STRUCTURAL_SCREEN_EXHAUSTED_PRIMALITY_UNASSIGNED,GF3A_DIRECTIONAL_WRITE_EXHAUSTED_PRIMALITY_UNASSIGNED,513,512,512,NO_RECORDED_FACTOR_PRP_OR_LL_RESULT_AND_NO_ACTIVE_GIMPS_ASSIGNMENT,2026-08-08T14:01:06+00:00,UNALLOCATED,,,,,
SLCMP585-0673,673,673,288533767,2^288533767-1,STRUCTURAL_SCREEN_EXHAUSTED_PRIMALITY_UNASSIGNED,GF3A_DIRECTIONAL_WRITE_EXHAUSTED_PRIMALITY_UNASSIGNED,514,512,512,NO_RECORDED_FACTOR_PRP_OR_LL_RESULT_AND_NO_ACTIVE_GIMPS_ASSIGNMENT,2026-08-08T14:01:06+00:00,UNALLOCATED,,,,,
SLCMP585-0674,674,674,288533863,2^288533863-1,STRUCTURAL_SCREEN_EXHAUSTED_PRIMALITY_UNASSIGNED,GF3A_DIRECTIONAL_WRITE_EXHAUSTED_PRIMALITY_UNASSIGNED,514,512,512,NO_RECORDED_FACTOR_PRP_OR_LL_RESULT_AND_NO_ACTIVE_GIMPS_ASSIGNMENT,2026-08-08T14:01:06+00:00,UNALLOCATED,,,,,
SLCMP585-0675,675,675,288533909,2^288533909-1,STRUCTURAL_SCREEN_EXHAUSTED_PRIMALITY_UNASSIGNED,GF3A_DIRECTIONAL_WRITE_EXHAUSTED_PRIMALITY_UNASSIGNED,513,512,512,NO_RECORDED_FACTOR_PRP_OR_LL_RESULT_AND_NO_ACTIVE_GIMPS_ASSIGNMENT,2026-08-08T14:01:06+00:00,UNALLOCATED,,,,,
SLCMP585-0676,676,676,288533983,2^288533983-1,STRUCTURAL_SCREEN_EXHAUSTED_PRIMALITY_UNASSIGNED,GF3A_DIRECTIONAL_WRITE_EXHAUSTED_PRIMALITY_UNASSIGNED,514,512,512,NO_RECORDED_FACTOR_PRP_OR_LL_RESULT_AND_NO_ACTIVE_GIMPS_ASSIGNMENT,2026-08-08T14:01:06+00:00,UNALLOCATED,,,,,
SLCMP585-0677,677,677,288534007,2^288534007-1,STRUCTURAL_SCREEN_EXHAUSTED_PRIMALITY_UNASSIGNED,GF3A_DIRECTIONAL_WRITE_EXHAUSTED_PRIMALITY_UNASSIGNED,514,512,512,NO_RECORDED_FACTOR_PRP_OR_LL_RESULT_AND_NO_ACTIVE_GIMPS_ASSIGNMENT,2026-08-08T14:01:06+00:00,UNALLOCATED,,,,,
SLCMP585-0678,678,678,288534049,2^288534049-1,STRUCTURAL_SCREEN_EXHAUSTED_PRIMALITY_UNASSIGNED,GF3A_DIRECTIONAL_WRITE_EXHAUSTED_PRIMALITY_UNASSIGNED,513,512,512,NO_RECORDED_FACTOR_PRP_OR_LL_RESULT_AND_NO_ACTIVE_GIMPS_ASSIGNMENT,2026-08-08T14:01:06+00:00,UNALLOCATED,,,,,
SLCMP585-0679,679,679,288534053,2^288534053-1,STRUCTURAL_SCREEN_EXHAUSTED_PRIMALITY_UNASSIGNED,GF3A_DIRECTIONAL_WRITE_EXHAUSTED_PRIMALITY_UNASSIGNED,513,512,512,NO_RECORDED_FACTOR_PRP_OR_LL_RESULT_AND_NO_ACTIVE_GIMPS_ASSIGNMENT,2026-08-08T14:01:06+00:00,UNALLOCATED,,,,,
SLCMP585-0680,680,680,288534109,2^288534109-1,STRUCTURAL_SCREEN_EXHAUSTED_PRIMALITY_UNASSIGNED,GF3A_DIRECTIONAL_WRITE_EXHAUSTED_PRIMALITY_UNASSIGNED,513,512,512,NO_RECORDED_FACTOR_PRP_OR_LL_RESULT_AND_NO_ACTIVE_GIMPS_ASSIGNMENT,2026-08-08T14:01:06+00:00,UNALLOCATED,,,,,
SLCMP585-0681,681,681,288534151,2^288534151-1,STRUCTURAL_SCREEN_EXHAUSTED_PRIMALITY_UNASSIGNED,GF3A_DIRECTIONAL_WRITE_EXHAUSTED_PRIMALITY_UNASSIGNED,514,512,512,NO_RECORDED_FACTOR_PRP_OR_LL_RESULT_AND_NO_ACTIVE_GIMPS_ASSIGNMENT,2026-08-08T14:01:06+00:00,UNALLOCATED,,,,,
SLCMP585-0682,682,682,288534187,2^288534187-1,STRUCTURAL_SCREEN_EXHAUSTED_PRIMALITY_UNASSIGNED,GF3A_DIRECTIONAL_WRITE_EXHAUSTED_PRIMALITY_UNASSIGNED,514,512,512,NO_RECORDED_FACTOR_PRP_OR_LL_RESULT_AND_NO_ACTIVE_GIMPS_ASSIGNMENT,2026-08-08T14:01:06+00:00,UNALLOCATED,,,,,
SLCMP585-0683,683,683,288534283,2^288534283-1,STRUCTURAL_SCREEN_EXHAUSTED_PRIMALITY_UNASSIGNED,GF3A_DIRECTIONAL_WRITE_EXHAUSTED_PRIMALITY_UNASSIGNED,514,512,512,NO_RECORDED_FACTOR_PRP_OR_LL_RESULT_AND_NO_ACTIVE_GIMPS_ASSIGNMENT,2026-08-08T14:01:06+00:00,UNALLOCATED,,,,,
SLCMP585-0684,684,684,288534349,2^288534349-1,STRUCTURAL_SCREEN_EXHAUSTED_PRIMALITY_UNASSIGNED,GF3A_DIRECTIONAL_WRITE_EXHAUSTED_PRIMALITY_UNASSIGNED,513,512,512,NO_RECORDED_FACTOR_PRP_OR_LL_RESULT_AND_NO_ACTIVE_GIMPS_ASSIGNMENT,2026-08-08T14:01:06+00:00,UNALLOCATED,,,,,
SLCMP585-0685,685,685,288534383,2^288534383-1,STRUCTURAL_SCREEN_EXHAUSTED_PRIMALITY_UNASSIGNED,GF3A_DIRECTIONAL_WRITE_EXHAUSTED_PRIMALITY_UNASSIGNED,514,512,512,NO_RECORDED_FACTOR_PRP_OR_LL_RESULT_AND_NO_ACTIVE_GIMPS_ASSIGNMENT,2026-08-08T14:01:06+00:00,UNALLOCATED,,,,,
SLCMP585-0686,686,686,288534487,2^288534487-1,STRUCTURAL_SCREEN_EXHAUSTED_PRIMALITY_UNASSIGNED,GF3A_DIRECTIONAL_WRITE_EXHAUSTED_PRIMALITY_UNASSIGNED,514,512,512,NO_RECORDED_FACTOR_PRP_OR_LL_RESULT_AND_NO_ACTIVE_GIMPS_ASSIGNMENT,2026-08-08T14:01:06+00:00,UNALLOCATED,,,,,
SLCMP585-0687,687,687,288534619,2^288534619-1,STRUCTURAL_SCREEN_EXHAUSTED_PRIMALITY_UNASSIGNED,GF3A_DIRECTIONAL_WRITE_EXHAUSTED_PRIMALITY_UNASSIGNED,514,512,512,NO_RECORDED_FACTOR_PRP_OR_LL_RESULT_AND_NO_ACTIVE_GIMPS_ASSIGNMENT,2026-08-08T14:01:06+00:00,UNALLOCATED,,,,,
SLCMP585-0688,688,688,288534637,2^288534637-1,STRUCTURAL_SCREEN_EXHAUSTED_PRIMALITY_UNASSIGNED,GF3A_DIRECTIONAL_WRITE_EXHAUSTED_PRIMALITY_UNASSIGNED,513,512,512,NO_RECORDED_FACTOR_PRP_OR_LL_RESULT_AND_NO_ACTIVE_GIMPS_ASSIGNMENT,2026-08-08T14:01:06+00:00,UNALLOCATED,,,,,
SLCMP585-0689,689,689,288534647,2^288534647-1,STRUCTURAL_SCREEN_EXHAUSTED_PRIMALITY_UNASSIGNED,GF3A_DIRECTIONAL_WRITE_EXHAUSTED_PRIMALITY_UNASSIGNED,514,512,512,NO_RECORDED_FACTOR_PRP_OR_LL_RESULT_AND_NO_ACTIVE_GIMPS_ASSIGNMENT,2026-08-08T14:01:06+00:00,UNALLOCATED,,,,,
SLCMP585-0690,690,690,288534661,2^288534661-1,STRUCTURAL_SCREEN_EXHAUSTED_PRIMALITY_UNASSIGNED,GF3A_DIRECTIONAL_WRITE_EXHAUSTED_PRIMALITY_UNASSIGNED,513,512,512,NO_RECORDED_FACTOR_PRP_OR_LL_RESULT_AND_NO_ACTIVE_GIMPS_ASSIGNMENT,2026-08-08T14:01:06+00:00,UNALLOCATED,,,,,
SLCMP585-0691,691,691,288534731,2^288534731-1,STRUCTURAL_SCREEN_EXHAUSTED_PRIMALITY_UNASSIGNED,GF3A_DIRECTIONAL_WRITE_EXHAUSTED_PRIMALITY_UNASSIGNED,514,512,512,NO_RECORDED_FACTOR_PRP_OR_LL_RESULT_AND_NO_ACTIVE_GIMPS_ASSIGNMENT,2026-08-08T14:01:06+00:00,UNALLOCATED,,,,,
SLCMP585-0692,692,692,288534767,2^288534767-1,STRUCTURAL_SCREEN_EXHAUSTED_PRIMALITY_UNASSIGNED,GF3A_DIRECTIONAL_WRITE_EXHAUSTED_PRIMALITY_UNASSIGNED,514,512,512,NO_RECORDED_FACTOR_PRP_OR_LL_RESULT_AND_NO_ACTIVE_GIMPS_ASSIGNMENT,2026-08-08T14:01:06+00:00,UNALLOCATED,,,,,
SLCMP585-0693,693,693,288534803,2^288534803-1,STRUCTURAL_SCREEN_EXHAUSTED_PRIMALITY_UNASSIGNED,GF3A_DIRECTIONAL_WRITE_EXHAUSTED_PRIMALITY_UNASSIGNED,514,512,512,NO_RECORDED_FACTOR_PRP_OR_LL_RESULT_AND_NO_ACTIVE_GIMPS_ASSIGNMENT,2026-08-08T14:01:06+00:00,UNALLOCATED,,,,,
SLCMP585-0694,694,694,288534811,2^288534811-1,STRUCTURAL_SCREEN_EXHAUSTED_PRIMALITY_UNASSIGNED,GF3A_DIRECTIONAL_WRITE_EXHAUSTED_PRIMALITY_UNASSIGNED,514,512,512,NO_RECORDED_FACTOR_PRP_OR_LL_RESULT_AND_NO_ACTIVE_GIMPS_ASSIGNMENT,2026-08-08T14:01:06+00:00,UNALLOCATED,,,,,
SLCMP585-0695,695,695,288534889,2^288534889-1,STRUCTURAL_SCREEN_EXHAUSTED_PRIMALITY_UNASSIGNED,GF3A_DIRECTIONAL_WRITE_EXHAUSTED_PRIMALITY_UNASSIGNED,513,512,512,NO_RECORDED_FACTOR_PRP_OR_LL_RESULT_AND_NO_ACTIVE_GIMPS_ASSIGNMENT,2026-08-08T14:01:06+00:00,UNALLOCATED,,,,,
SLCMP585-0696,696,696,288534907,2^288534907-1,STRUCTURAL_SCREEN_EXHAUSTED_PRIMALITY_UNASSIGNED,GF3A_DIRECTIONAL_WRITE_EXHAUSTED_PRIMALITY_UNASSIGNED,514,512,512,NO_RECORDED_FACTOR_PRP_OR_LL_RESULT_AND_NO_ACTIVE_GIMPS_ASSIGNMENT,2026-08-08T14:01:06+00:00,UNALLOCATED,,,,,
SLCMP585-0697,697,697,288534919,2^288534919-1,STRUCTURAL_SCREEN_EXHAUSTED_PRIMALITY_UNASSIGNED,GF3A_DIRECTIONAL_WRITE_EXHAUSTED_PRIMALITY_UNASSIGNED,514,512,512,NO_RECORDED_FACTOR_PRP_OR_LL_RESULT_AND_NO_ACTIVE_GIMPS_ASSIGNMENT,2026-08-08T14:01:06+00:00,UNALLOCATED,,,,,
SLCMP585-0698,698,698,288534979,2^288534979-1,STRUCTURAL_SCREEN_EXHAUSTED_PRIMALITY_UNASSIGNED,GF3A_DIRECTIONAL_WRITE_EXHAUSTED_PRIMALITY_UNASSIGNED,514,512,512,NO_RECORDED_FACTOR_PRP_OR_LL_RESULT_AND_NO_ACTIVE_GIMPS_ASSIGNMENT,2026-08-08T14:01:06+00:00,UNALLOCATED,,,,,
SLCMP585-0699,699,699,288535333,2^288535333-1,STRUCTURAL_SCREEN_EXHAUSTED_PRIMALITY_UNASSIGNED,GF3A_DIRECTIONAL_WRITE_EXHAUSTED_PRIMALITY_UNASSIGNED,513,512,512,NO_RECORDED_FACTOR_PRP_OR_LL_RESULT_AND_NO_ACTIVE_GIMPS_ASSIGNMENT,2026-08-08T14:01:06+00:00,UNALLOCATED,,,,,
SLCMP585-0700,700,700,288535447,2^288535447-1,STRUCTURAL_SCREEN_EXHAUSTED_PRIMALITY_UNASSIGNED,GF3A_DIRECTIONAL_WRITE_EXHAUSTED_PRIMALITY_UNASSIGNED,514,512,512,NO_RECORDED_FACTOR_PRP_OR_LL_RESULT_AND_NO_ACTIVE_GIMPS_ASSIGNMENT,2026-08-08T14:01:06+00:00,UNALLOCATED,,,,,
SLCMP585-0701,701,701,288535453,2^288535453-1,STRUCTURAL_SCREEN_EXHAUSTED_PRIMALITY_UNASSIGNED,GF3A_DIRECTIONAL_WRITE_EXHAUSTED_PRIMALITY_UNASSIGNED,513,512,512,NO_RECORDED_FACTOR_PRP_OR_LL_RESULT_AND_NO_ACTIVE_GIMPS_ASSIGNMENT,2026-08-08T14:01:06+00:00,UNALLOCATED,,,,,
SLCMP585-0702,702,702,288535553,2^288535553-1,STRUCTURAL_SCREEN_EXHAUSTED_PRIMALITY_UNASSIGNED,GF3A_DIRECTIONAL_WRITE_EXHAUSTED_PRIMALITY_UNASSIGNED,513,512,512,NO_RECORDED_FACTOR_PRP_OR_LL_RESULT_AND_NO_ACTIVE_GIMPS_ASSIGNMENT,2026-08-08T14:01:06+00:00,UNALLOCATED,,,,,
SLCMP585-0703,703,703,288535589,2^288535589-1,STRUCTURAL_SCREEN_EXHAUSTED_PRIMALITY_UNASSIGNED,GF3A_DIRECTIONAL_WRITE_EXHAUSTED_PRIMALITY_UNASSIGNED,513,512,512,NO_RECORDED_FACTOR_PRP_OR_LL_RESULT_AND_NO_ACTIVE_GIMPS_ASSIGNMENT,2026-08-08T14:01:06+00:00,UNALLOCATED,,,,,
SLCMP585-0704,704,704,288535727,2^288535727-1,STRUCTURAL_SCREEN_EXHAUSTED_PRIMALITY_UNASSIGNED,GF3A_DIRECTIONAL_WRITE_EXHAUSTED_PRIMALITY_UNASSIGNED,514,512,512,NO_RECORDED_FACTOR_PRP_OR_LL_RESULT_AND_NO_ACTIVE_GIMPS_ASSIGNMENT,2026-08-08T14:01:06+00:00,UNALLOCATED,,,,,
SLCMP585-0705,705,705,288535733,2^288535733-1,STRUCTURAL_SCREEN_EXHAUSTED_PRIMALITY_UNASSIGNED,GF3A_DIRECTIONAL_WRITE_EXHAUSTED_PRIMALITY_UNASSIGNED,513,512,512,NO_RECORDED_FACTOR_PRP_OR_LL_RESULT_AND_NO_ACTIVE_GIMPS_ASSIGNMENT,2026-08-08T14:01:06+00:00,UNALLOCATED,,,,,
SLCMP585-0706,706,706,288535757,2^288535757-1,STRUCTURAL_SCREEN_EXHAUSTED_PRIMALITY_UNASSIGNED,GF3A_DIRECTIONAL_WRITE_EXHAUSTED_PRIMALITY_UNASSIGNED,513,512,512,NO_RECORDED_FACTOR_PRP_OR_LL_RESULT_AND_NO_ACTIVE_GIMPS_ASSIGNMENT,2026-08-08T14:01:06+00:00,UNALLOCATED,,,,,
SLCMP585-0707,707,707,288535769,2^288535769-1,STRUCTURAL_SCREEN_EXHAUSTED_PRIMALITY_UNASSIGNED,GF3A_DIRECTIONAL_WRITE_EXHAUSTED_PRIMALITY_UNASSIGNED,513,512,512,NO_RECORDED_FACTOR_PRP_OR_LL_RESULT_AND_NO_ACTIVE_GIMPS_ASSIGNMENT,2026-08-08T14:01:06+00:00,UNALLOCATED,,,,,
SLCMP585-0708,708,708,288535861,2^288535861-1,STRUCTURAL_SCREEN_EXHAUSTED_PRIMALITY_UNASSIGNED,GF3A_DIRECTIONAL_WRITE_EXHAUSTED_PRIMALITY_UNASSIGNED,513,512,512,NO_RECORDED_FACTOR_PRP_OR_LL_RESULT_AND_NO_ACTIVE_GIMPS_ASSIGNMENT,2026-08-08T14:01:06+00:00,UNALLOCATED,,,,,
SLCMP585-0709,709,709,288535927,2^288535927-1,STRUCTURAL_SCREEN_EXHAUSTED_PRIMALITY_UNASSIGNED,GF3A_DIRECTIONAL_WRITE_EXHAUSTED_PRIMALITY_UNASSIGNED,514,512,512,NO_RECORDED_FACTOR_PRP_OR_LL_RESULT_AND_NO_ACTIVE_GIMPS_ASSIGNMENT,2026-08-08T14:01:06+00:00,UNALLOCATED,,,,,
SLCMP585-0710,710,710,288535987,2^288535987-1,STRUCTURAL_SCREEN_EXHAUSTED_PRIMALITY_UNASSIGNED,GF3A_DIRECTIONAL_WRITE_EXHAUSTED_PRIMALITY_UNASSIGNED,514,512,512,NO_RECORDED_FACTOR_PRP_OR_LL_RESULT_AND_NO_ACTIVE_GIMPS_ASSIGNMENT,2026-08-08T14:01:06+00:00,UNALLOCATED,,,,,
SLCMP585-0711,711,711,288535997,2^288535997-1,STRUCTURAL_SCREEN_EXHAUSTED_PRIMALITY_UNASSIGNED,GF3A_DIRECTIONAL_WRITE_EXHAUSTED_PRIMALITY_UNASSIGNED,513,512,512,NO_RECORDED_FACTOR_PRP_OR_LL_RESULT_AND_NO_ACTIVE_GIMPS_ASSIGNMENT,2026-08-08T14:01:06+00:00,UNALLOCATED,,,,,
SLCMP585-0712,712,712,288536009,2^288536009-1,STRUCTURAL_SCREEN_EXHAUSTED_PRIMALITY_UNASSIGNED,GF3A_DIRECTIONAL_WRITE_EXHAUSTED_PRIMALITY_UNASSIGNED,513,512,512,NO_RECORDED_FACTOR_PRP_OR_LL_RESULT_AND_NO_ACTIVE_GIMPS_ASSIGNMENT,2026-08-08T14:01:06+00:00,UNALLOCATED,,,,,
SLCMP585-0713,713,713,288536011,2^288536011-1,STRUCTURAL_SCREEN_EXHAUSTED_PRIMALITY_UNASSIGNED,GF3A_DIRECTIONAL_WRITE_EXHAUSTED_PRIMALITY_UNASSIGNED,514,512,512,NO_RECORDED_FACTOR_PRP_OR_LL_RESULT_AND_NO_ACTIVE_GIMPS_ASSIGNMENT,2026-08-08T14:01:06+00:00,UNALLOCATED,,,,,
SLCMP585-0714,714,714,288536047,2^288536047-1,STRUCTURAL_SCREEN_EXHAUSTED_PRIMALITY_UNASSIGNED,GF3A_DIRECTIONAL_WRITE_EXHAUSTED_PRIMALITY_UNASSIGNED,514,512,512,NO_RECORDED_FACTOR_PRP_OR_LL_RESULT_AND_NO_ACTIVE_GIMPS_ASSIGNMENT,2026-08-08T14:01:06+00:00,UNALLOCATED,,,,,
SLCMP585-0715,715,715,288536179,2^288536179-1,STRUCTURAL_SCREEN_EXHAUSTED_PRIMALITY_UNASSIGNED,GF3A_DIRECTIONAL_WRITE_EXHAUSTED_PRIMALITY_UNASSIGNED,514,512,512,NO_RECORDED_FACTOR_PRP_OR_LL_RESULT_AND_NO_ACTIVE_GIMPS_ASSIGNMENT,2026-08-08T14:01:06+00:00,UNALLOCATED,,,,,
SLCMP585-0716,716,716,288536197,2^288536197-1,STRUCTURAL_SCREEN_EXHAUSTED_PRIMALITY_UNASSIGNED,GF3A_DIRECTIONAL_WRITE_EXHAUSTED_PRIMALITY_UNASSIGNED,513,512,512,NO_RECORDED_FACTOR_PRP_OR_LL_RESULT_AND_NO_ACTIVE_GIMPS_ASSIGNMENT,2026-08-08T14:01:06+00:00,UNALLOCATED,,,,,
SLCMP585-0717,717,717,288536207,2^288536207-1,STRUCTURAL_SCREEN_EXHAUSTED_PRIMALITY_UNASSIGNED,GF3A_DIRECTIONAL_WRITE_EXHAUSTED_PRIMALITY_UNASSIGNED,514,512,512,NO_RECORDED_FACTOR_PRP_OR_LL_RESULT_AND_NO_ACTIVE_GIMPS_ASSIGNMENT,2026-08-08T14:01:06+00:00,UNALLOCATED,,,,,
SLCMP585-0718,718,718,288536401,2^288536401-1,STRUCTURAL_SCREEN_EXHAUSTED_PRIMALITY_UNASSIGNED,GF3A_DIRECTIONAL_WRITE_EXHAUSTED_PRIMALITY_UNASSIGNED,513,512,512,NO_RECORDED_FACTOR_PRP_OR_LL_RESULT_AND_NO_ACTIVE_GIMPS_ASSIGNMENT,2026-08-08T14:01:06+00:00,UNALLOCATED,,,,,
SLCMP585-0719,719,719,288536419,2^288536419-1,STRUCTURAL_SCREEN_EXHAUSTED_PRIMALITY_UNASSIGNED,GF3A_DIRECTIONAL_WRITE_EXHAUSTED_PRIMALITY_UNASSIGNED,514,512,512,NO_RECORDED_FACTOR_PRP_OR_LL_RESULT_AND_NO_ACTIVE_GIMPS_ASSIGNMENT,2026-08-08T14:01:06+00:00,UNALLOCATED,,,,,
SLCMP585-0720,720,720,288536477,2^288536477-1,STRUCTURAL_SCREEN_EXHAUSTED_PRIMALITY_UNASSIGNED,GF3A_DIRECTIONAL_WRITE_EXHAUSTED_PRIMALITY_UNASSIGNED,513,512,512,NO_RECORDED_FACTOR_PRP_OR_LL_RESULT_AND_NO_ACTIVE_GIMPS_ASSIGNMENT,2026-08-08T14:01:06+00:00,UNALLOCATED,,,,,
SLCMP585-0721,721,721,288536551,2^288536551-1,STRUCTURAL_SCREEN_EXHAUSTED_PRIMALITY_UNASSIGNED,GF3A_DIRECTIONAL_WRITE_EXHAUSTED_PRIMALITY_UNASSIGNED,514,512,512,NO_RECORDED_FACTOR_PRP_OR_LL_RESULT_AND_NO_ACTIVE_GIMPS_ASSIGNMENT,2026-08-08T14:01:06+00:00,UNALLOCATED,,,,,
SLCMP585-0722,722,722,288536653,2^288536653-1,STRUCTURAL_SCREEN_EXHAUSTED_PRIMALITY_UNASSIGNED,GF3A_DIRECTIONAL_WRITE_EXHAUSTED_PRIMALITY_UNASSIGNED,513,512,512,NO_RECORDED_FACTOR_PRP_OR_LL_RESULT_AND_NO_ACTIVE_GIMPS_ASSIGNMENT,2026-08-08T14:01:06+00:00,UNALLOCATED,,,,,
SLCMP585-0723,723,723,288536669,2^288536669-1,STRUCTURAL_SCREEN_EXHAUSTED_PRIMALITY_UNASSIGNED,GF3A_DIRECTIONAL_WRITE_EXHAUSTED_PRIMALITY_UNASSIGNED,513,512,512,NO_RECORDED_FACTOR_PRP_OR_LL_RESULT_AND_NO_ACTIVE_GIMPS_ASSIGNMENT,2026-08-08T14:01:06+00:00,UNALLOCATED,,,,,
SLCMP585-0724,724,724,288536671,2^288536671-1,STRUCTURAL_SCREEN_EXHAUSTED_PRIMALITY_UNASSIGNED,GF3A_DIRECTIONAL_WRITE_EXHAUSTED_PRIMALITY_UNASSIGNED,514,512,512,NO_RECORDED_FACTOR_PRP_OR_LL_RESULT_AND_NO_ACTIVE_GIMPS_ASSIGNMENT,2026-08-08T14:01:06+00:00,UNALLOCATED,,,,,
SLCMP585-0725,725,725,288536777,2^288536777-1,STRUCTURAL_SCREEN_EXHAUSTED_PRIMALITY_UNASSIGNED,GF3A_DIRECTIONAL_WRITE_EXHAUSTED_PRIMALITY_UNASSIGNED,513,512,512,NO_RECORDED_FACTOR_PRP_OR_LL_RESULT_AND_NO_ACTIVE_GIMPS_ASSIGNMENT,2026-08-08T14:01:06+00:00,UNALLOCATED,,,,,
SLCMP585-0726,726,726,288536779,2^288536779-1,STRUCTURAL_SCREEN_EXHAUSTED_PRIMALITY_UNASSIGNED,GF3A_DIRECTIONAL_WRITE_EXHAUSTED_PRIMALITY_UNASSIGNED,514,512,512,NO_RECORDED_FACTOR_PRP_OR_LL_RESULT_AND_NO_ACTIVE_GIMPS_ASSIGNMENT,2026-08-08T14:01:06+00:00,UNALLOCATED,,,,,
SLCMP585-0727,727,727,288536819,2^288536819-1,STRUCTURAL_SCREEN_EXHAUSTED_PRIMALITY_UNASSIGNED,GF3A_DIRECTIONAL_WRITE_EXHAUSTED_PRIMALITY_UNASSIGNED,514,512,512,NO_RECORDED_FACTOR_PRP_OR_LL_RESULT_AND_NO_ACTIVE_GIMPS_ASSIGNMENT,2026-08-08T14:01:06+00:00,UNALLOCATED,,,,,
SLCMP585-0728,728,728,288536827,2^288536827-1,STRUCTURAL_SCREEN_EXHAUSTED_PRIMALITY_UNASSIGNED,GF3A_DIRECTIONAL_WRITE_EXHAUSTED_PRIMALITY_UNASSIGNED,514,512,512,NO_RECORDED_FACTOR_PRP_OR_LL_RESULT_AND_NO_ACTIVE_GIMPS_ASSIGNMENT,2026-08-08T14:01:06+00:00,UNALLOCATED,,,,,
SLCMP585-0729,729,729,288536917,2^288536917-1,STRUCTURAL_SCREEN_EXHAUSTED_PRIMALITY_UNASSIGNED,GF3A_DIRECTIONAL_WRITE_EXHAUSTED_PRIMALITY_UNASSIGNED,513,512,512,NO_RECORDED_FACTOR_PRP_OR_LL_RESULT_AND_NO_ACTIVE_GIMPS_ASSIGNMENT,2026-08-08T14:01:06+00:00,UNALLOCATED,,,,,
SLCMP585-0730,730,730,288536939,2^288536939-1,STRUCTURAL_SCREEN_EXHAUSTED_PRIMALITY_UNASSIGNED,GF3A_DIRECTIONAL_WRITE_EXHAUSTED_PRIMALITY_UNASSIGNED,514,512,512,NO_RECORDED_FACTOR_PRP_OR_LL_RESULT_AND_NO_ACTIVE_GIMPS_ASSIGNMENT,2026-08-08T14:01:06+00:00,UNALLOCATED,,,,,
SLCMP585-0731,731,731,288536999,2^288536999-1,STRUCTURAL_SCREEN_EXHAUSTED_PRIMALITY_UNASSIGNED,GF3A_DIRECTIONAL_WRITE_EXHAUSTED_PRIMALITY_UNASSIGNED,514,512,512,NO_RECORDED_FACTOR_PRP_OR_LL_RESULT_AND_NO_ACTIVE_GIMPS_ASSIGNMENT,2026-08-08T14:01:06+00:00,UNALLOCATED,,,,,
SLCMP585-0732,732,732,288537031,2^288537031-1,STRUCTURAL_SCREEN_EXHAUSTED_PRIMALITY_UNASSIGNED,GF3A_DIRECTIONAL_WRITE_EXHAUSTED_PRIMALITY_UNASSIGNED,514,512,512,NO_RECORDED_FACTOR_PRP_OR_LL_RESULT_AND_NO_ACTIVE_GIMPS_ASSIGNMENT,2026-08-08T14:01:06+00:00,UNALLOCATED,,,,,
SLCMP585-0733,733,733,288537077,2^288537077-1,STRUCTURAL_SCREEN_EXHAUSTED_PRIMALITY_UNASSIGNED,GF3A_DIRECTIONAL_WRITE_EXHAUSTED_PRIMALITY_UNASSIGNED,513,512,512,NO_RECORDED_FACTOR_PRP_OR_LL_RESULT_AND_NO_ACTIVE_GIMPS_ASSIGNMENT,2026-08-08T14:01:06+00:00,UNALLOCATED,,,,,
SLCMP585-0734,734,734,288537121,2^288537121-1,STRUCTURAL_SCREEN_EXHAUSTED_PRIMALITY_UNASSIGNED,GF3A_DIRECTIONAL_WRITE_EXHAUSTED_PRIMALITY_UNASSIGNED,513,512,512,NO_RECORDED_FACTOR_PRP_OR_LL_RESULT_AND_NO_ACTIVE_GIMPS_ASSIGNMENT,2026-08-08T14:01:06+00:00,UNALLOCATED,,,,,
SLCMP585-0735,735,735,288537169,2^288537169-1,STRUCTURAL_SCREEN_EXHAUSTED_PRIMALITY_UNASSIGNED,GF3A_DIRECTIONAL_WRITE_EXHAUSTED_PRIMALITY_UNASSIGNED,513,512,512,NO_RECORDED_FACTOR_PRP_OR_LL_RESULT_AND_NO_ACTIVE_GIMPS_ASSIGNMENT,2026-08-08T14:01:06+00:00,UNALLOCATED,,,,,
SLCMP585-0736,736,736,288537217,2^288537217-1,STRUCTURAL_SCREEN_EXHAUSTED_PRIMALITY_UNASSIGNED,GF3A_DIRECTIONAL_WRITE_EXHAUSTED_PRIMALITY_UNASSIGNED,513,512,512,NO_RECORDED_FACTOR_PRP_OR_LL_RESULT_AND_NO_ACTIVE_GIMPS_ASSIGNMENT,2026-08-08T14:01:06+00:00,UNALLOCATED,,,,,
SLCMP585-0737,737,737,288537257,2^288537257-1,STRUCTURAL_SCREEN_EXHAUSTED_PRIMALITY_UNASSIGNED,GF3A_DIRECTIONAL_WRITE_EXHAUSTED_PRIMALITY_UNASSIGNED,513,512,512,NO_RECORDED_FACTOR_PRP_OR_LL_RESULT_AND_NO_ACTIVE_GIMPS_ASSIGNMENT,2026-08-08T14:01:06+00:00,UNALLOCATED,,,,,
SLCMP585-0738,738,738,288537343,2^288537343-1,STRUCTURAL_SCREEN_EXHAUSTED_PRIMALITY_UNASSIGNED,GF3A_DIRECTIONAL_WRITE_EXHAUSTED_PRIMALITY_UNASSIGNED,514,512,512,NO_RECORDED_FACTOR_PRP_OR_LL_RESULT_AND_NO_ACTIVE_GIMPS_ASSIGNMENT,2026-08-08T14:01:06+00:00,UNALLOCATED,,,,,
SLCMP585-0739,739,739,288537419,2^288537419-1,STRUCTURAL_SCREEN_EXHAUSTED_PRIMALITY_UNASSIGNED,GF3A_DIRECTIONAL_WRITE_EXHAUSTED_PRIMALITY_UNASSIGNED,514,512,512,NO_RECORDED_FACTOR_PRP_OR_LL_RESULT_AND_NO_ACTIVE_GIMPS_ASSIGNMENT,2026-08-08T14:01:06+00:00,UNALLOCATED,,,,,
SLCMP585-0740,740,740,288537437,2^288537437-1,STRUCTURAL_SCREEN_EXHAUSTED_PRIMALITY_UNASSIGNED,GF3A_DIRECTIONAL_WRITE_EXHAUSTED_PRIMALITY_UNASSIGNED,513,512,512,NO_RECORDED_FACTOR_PRP_OR_LL_RESULT_AND_NO_ACTIVE_GIMPS_ASSIGNMENT,2026-08-08T14:01:06+00:00,UNALLOCATED,,,,,
SLCMP585-0741,741,741,288537449,2^288537449-1,STRUCTURAL_SCREEN_EXHAUSTED_PRIMALITY_UNASSIGNED,GF3A_DIRECTIONAL_WRITE_EXHAUSTED_PRIMALITY_UNASSIGNED,513,512,512,NO_RECORDED_FACTOR_PRP_OR_LL_RESULT_AND_NO_ACTIVE_GIMPS_ASSIGNMENT,2026-08-08T14:01:06+00:00,UNALLOCATED,,,,,
SLCMP585-0742,742,742,288537533,2^288537533-1,STRUCTURAL_SCREEN_EXHAUSTED_PRIMALITY_UNASSIGNED,GF3A_DIRECTIONAL_WRITE_EXHAUSTED_PRIMALITY_UNASSIGNED,513,512,512,NO_RECORDED_FACTOR_PRP_OR_LL_RESULT_AND_NO_ACTIVE_GIMPS_ASSIGNMENT,2026-08-08T14:01:06+00:00,UNALLOCATED,,,,,
SLCMP585-0743,743,743,288537551,2^288537551-1,STRUCTURAL_SCREEN_EXHAUSTED_PRIMALITY_UNASSIGNED,GF3A_DIRECTIONAL_WRITE_EXHAUSTED_PRIMALITY_UNASSIGNED,514,512,512,NO_RECORDED_FACTOR_PRP_OR_LL_RESULT_AND_NO_ACTIVE_GIMPS_ASSIGNMENT,2026-08-08T14:01:06+00:00,UNALLOCATED,,,,,
SLCMP585-0744,744,744,288537637,2^288537637-1,STRUCTURAL_SCREEN_EXHAUSTED_PRIMALITY_UNASSIGNED,GF3A_DIRECTIONAL_WRITE_EXHAUSTED_PRIMALITY_UNASSIGNED,513,512,512,NO_RECORDED_FACTOR_PRP_OR_LL_RESULT_AND_NO_ACTIVE_GIMPS_ASSIGNMENT,2026-08-08T14:01:06+00:00,UNALLOCATED,,,,,
SLCMP585-0745,745,745,288537643,2^288537643-1,STRUCTURAL_SCREEN_EXHAUSTED_PRIMALITY_UNASSIGNED,GF3A_DIRECTIONAL_WRITE_EXHAUSTED_PRIMALITY_UNASSIGNED,514,512,512,NO_RECORDED_FACTOR_PRP_OR_LL_RESULT_AND_NO_ACTIVE_GIMPS_ASSIGNMENT,2026-08-08T14:01:06+00:00,UNALLOCATED,,,,,
SLCMP585-0746,746,746,288537649,2^288537649-1,STRUCTURAL_SCREEN_EXHAUSTED_PRIMALITY_UNASSIGNED,GF3A_DIRECTIONAL_WRITE_EXHAUSTED_PRIMALITY_UNASSIGNED,513,512,512,NO_RECORDED_FACTOR_PRP_OR_LL_RESULT_AND_NO_ACTIVE_GIMPS_ASSIGNMENT,2026-08-08T14:01:06+00:00,UNALLOCATED,,,,,
SLCMP585-0747,747,747,288537661,2^288537661-1,STRUCTURAL_SCREEN_EXHAUSTED_PRIMALITY_UNASSIGNED,GF3A_DIRECTIONAL_WRITE_EXHAUSTED_PRIMALITY_UNASSIGNED,513,512,512,NO_RECORDED_FACTOR_PRP_OR_LL_RESULT_AND_NO_ACTIVE_GIMPS_ASSIGNMENT,2026-08-08T14:01:06+00:00,UNALLOCATED,,,,,
SLCMP585-0748,748,748,288537707,2^288537707-1,STRUCTURAL_SCREEN_EXHAUSTED_PRIMALITY_UNASSIGNED,GF3A_DIRECTIONAL_WRITE_EXHAUSTED_PRIMALITY_UNASSIGNED,514,512,512,NO_RECORDED_FACTOR_PRP_OR_LL_RESULT_AND_NO_ACTIVE_GIMPS_ASSIGNMENT,2026-08-08T14:01:06+00:00,UNALLOCATED,,,,,
SLCMP585-0749,749,749,288537749,2^288537749-1,STRUCTURAL_SCREEN_EXHAUSTED_PRIMALITY_UNASSIGNED,GF3A_DIRECTIONAL_WRITE_EXHAUSTED_PRIMALITY_UNASSIGNED,513,512,512,NO_RECORDED_FACTOR_PRP_OR_LL_RESULT_AND_NO_ACTIVE_GIMPS_ASSIGNMENT,2026-08-08T14:01:06+00:00,UNALLOCATED,,,,,
SLCMP585-0750,750,750,288537773,2^288537773-1,STRUCTURAL_SCREEN_EXHAUSTED_PRIMALITY_UNASSIGNED,GF3A_DIRECTIONAL_WRITE_EXHAUSTED_PRIMALITY_UNASSIGNED,513,512,512,NO_RECORDED_FACTOR_PRP_OR_LL_RESULT_AND_NO_ACTIVE_GIMPS_ASSIGNMENT,2026-08-08T14:01:06+00:00,UNALLOCATED,,,,,
SLCMP585-0751,751,751,288537919,2^288537919-1,STRUCTURAL_SCREEN_EXHAUSTED_PRIMALITY_UNASSIGNED,GF3A_DIRECTIONAL_WRITE_EXHAUSTED_PRIMALITY_UNASSIGNED,514,512,512,NO_RECORDED_FACTOR_PRP_OR_LL_RESULT_AND_NO_ACTIVE_GIMPS_ASSIGNMENT,2026-08-08T14:01:06+00:00,UNALLOCATED,,,,,
SLCMP585-0752,752,752,288537937,2^288537937-1,STRUCTURAL_SCREEN_EXHAUSTED_PRIMALITY_UNASSIGNED,GF3A_DIRECTIONAL_WRITE_EXHAUSTED_PRIMALITY_UNASSIGNED,513,512,512,NO_RECORDED_FACTOR_PRP_OR_LL_RESULT_AND_NO_ACTIVE_GIMPS_ASSIGNMENT,2026-08-08T14:01:06+00:00,UNALLOCATED,,,,,
SLCMP585-0753,753,753,288537943,2^288537943-1,STRUCTURAL_SCREEN_EXHAUSTED_PRIMALITY_UNASSIGNED,GF3A_DIRECTIONAL_WRITE_EXHAUSTED_PRIMALITY_UNASSIGNED,514,512,512,NO_RECORDED_FACTOR_PRP_OR_LL_RESULT_AND_NO_ACTIVE_GIMPS_ASSIGNMENT,2026-08-08T14:01:06+00:00,UNALLOCATED,,,,,
SLCMP585-0754,754,754,288538067,2^288538067-1,STRUCTURAL_SCREEN_EXHAUSTED_PRIMALITY_UNASSIGNED,GF3A_DIRECTIONAL_WRITE_EXHAUSTED_PRIMALITY_UNASSIGNED,514,512,512,NO_RECORDED_FACTOR_PRP_OR_LL_RESULT_AND_NO_ACTIVE_GIMPS_ASSIGNMENT,2026-08-08T14:01:06+00:00,UNALLOCATED,,,,,
SLCMP585-0755,755,755,288538097,2^288538097-1,STRUCTURAL_SCREEN_EXHAUSTED_PRIMALITY_UNASSIGNED,GF3A_DIRECTIONAL_WRITE_EXHAUSTED_PRIMALITY_UNASSIGNED,513,512,512,NO_RECORDED_FACTOR_PRP_OR_LL_RESULT_AND_NO_ACTIVE_GIMPS_ASSIGNMENT,2026-08-08T14:01:06+00:00,UNALLOCATED,,,,,
SLCMP585-0756,756,756,288538153,2^288538153-1,STRUCTURAL_SCREEN_EXHAUSTED_PRIMALITY_UNASSIGNED,GF3A_DIRECTIONAL_WRITE_EXHAUSTED_PRIMALITY_UNASSIGNED,513,512,512,NO_RECORDED_FACTOR_PRP_OR_LL_RESULT_AND_NO_ACTIVE_GIMPS_ASSIGNMENT,2026-08-08T14:01:06+00:00,UNALLOCATED,,,,,
SLCMP585-0757,757,757,288538157,2^288538157-1,STRUCTURAL_SCREEN_EXHAUSTED_PRIMALITY_UNASSIGNED,GF3A_DIRECTIONAL_WRITE_EXHAUSTED_PRIMALITY_UNASSIGNED,513,512,512,NO_RECORDED_FACTOR_PRP_OR_LL_RESULT_AND_NO_ACTIVE_GIMPS_ASSIGNMENT,2026-08-08T14:01:06+00:00,UNALLOCATED,,,,,
SLCMP585-0758,758,758,288538183,2^288538183-1,STRUCTURAL_SCREEN_EXHAUSTED_PRIMALITY_UNASSIGNED,GF3A_DIRECTIONAL_WRITE_EXHAUSTED_PRIMALITY_UNASSIGNED,514,512,512,NO_RECORDED_FACTOR_PRP_OR_LL_RESULT_AND_NO_ACTIVE_GIMPS_ASSIGNMENT,2026-08-08T14:01:06+00:00,UNALLOCATED,,,,,
SLCMP585-0759,759,759,288538189,2^288538189-1,STRUCTURAL_SCREEN_EXHAUSTED_PRIMALITY_UNASSIGNED,GF3A_DIRECTIONAL_WRITE_EXHAUSTED_PRIMALITY_UNASSIGNED,513,512,512,NO_RECORDED_FACTOR_PRP_OR_LL_RESULT_AND_NO_ACTIVE_GIMPS_ASSIGNMENT,2026-08-08T14:01:06+00:00,UNALLOCATED,,,,,
SLCMP585-0760,760,760,288538219,2^288538219-1,STRUCTURAL_SCREEN_EXHAUSTED_PRIMALITY_UNASSIGNED,GF3A_DIRECTIONAL_WRITE_EXHAUSTED_PRIMALITY_UNASSIGNED,514,512,512,NO_RECORDED_FACTOR_PRP_OR_LL_RESULT_AND_NO_ACTIVE_GIMPS_ASSIGNMENT,2026-08-08T14:01:06+00:00,UNALLOCATED,,,,,
SLCMP585-0761,761,761,288538333,2^288538333-1,STRUCTURAL_SCREEN_EXHAUSTED_PRIMALITY_UNASSIGNED,GF3A_DIRECTIONAL_WRITE_EXHAUSTED_PRIMALITY_UNASSIGNED,513,512,512,NO_RECORDED_FACTOR_PRP_OR_LL_RESULT_AND_NO_ACTIVE_GIMPS_ASSIGNMENT,2026-08-08T14:01:06+00:00,UNALLOCATED,,,,,
SLCMP585-0762,762,762,288538417,2^288538417-1,STRUCTURAL_SCREEN_EXHAUSTED_PRIMALITY_UNASSIGNED,GF3A_DIRECTIONAL_WRITE_EXHAUSTED_PRIMALITY_UNASSIGNED,513,512,512,NO_RECORDED_FACTOR_PRP_OR_LL_RESULT_AND_NO_ACTIVE_GIMPS_ASSIGNMENT,2026-08-08T14:01:06+00:00,UNALLOCATED,,,,,
SLCMP585-0763,763,763,288538561,2^288538561-1,STRUCTURAL_SCREEN_EXHAUSTED_PRIMALITY_UNASSIGNED,GF3A_DIRECTIONAL_WRITE_EXHAUSTED_PRIMALITY_UNASSIGNED,513,512,512,NO_RECORDED_FACTOR_PRP_OR_LL_RESULT_AND_NO_ACTIVE_GIMPS_ASSIGNMENT,2026-08-08T14:01:06+00:00,UNALLOCATED,,,,,
SLCMP585-0764,764,764,288538567,2^288538567-1,STRUCTURAL_SCREEN_EXHAUSTED_PRIMALITY_UNASSIGNED,GF3A_DIRECTIONAL_WRITE_EXHAUSTED_PRIMALITY_UNASSIGNED,514,512,512,NO_RECORDED_FACTOR_PRP_OR_LL_RESULT_AND_NO_ACTIVE_GIMPS_ASSIGNMENT,2026-08-08T14:01:06+00:00,UNALLOCATED,,,,,
SLCMP585-0765,765,765,288538697,2^288538697-1,STRUCTURAL_SCREEN_EXHAUSTED_PRIMALITY_UNASSIGNED,GF3A_DIRECTIONAL_WRITE_EXHAUSTED_PRIMALITY_UNASSIGNED,513,512,512,NO_RECORDED_FACTOR_PRP_OR_LL_RESULT_AND_NO_ACTIVE_GIMPS_ASSIGNMENT,2026-08-08T14:01:06+00:00,UNALLOCATED,,,,,
SLCMP585-0766,766,766,288538699,2^288538699-1,STRUCTURAL_SCREEN_EXHAUSTED_PRIMALITY_UNASSIGNED,GF3A_DIRECTIONAL_WRITE_EXHAUSTED_PRIMALITY_UNASSIGNED,514,512,512,NO_RECORDED_FACTOR_PRP_OR_LL_RESULT_AND_NO_ACTIVE_GIMPS_ASSIGNMENT,2026-08-08T14:01:06+00:00,UNALLOCATED,,,,,
SLCMP585-0767,767,767,288538709,2^288538709-1,STRUCTURAL_SCREEN_EXHAUSTED_PRIMALITY_UNASSIGNED,GF3A_DIRECTIONAL_WRITE_EXHAUSTED_PRIMALITY_UNASSIGNED,513,512,512,NO_RECORDED_FACTOR_PRP_OR_LL_RESULT_AND_NO_ACTIVE_GIMPS_ASSIGNMENT,2026-08-08T14:01:06+00:00,UNALLOCATED,,,,,
SLCMP585-0768,768,768,288538751,2^288538751-1,STRUCTURAL_SCREEN_EXHAUSTED_PRIMALITY_UNASSIGNED,GF3A_DIRECTIONAL_WRITE_EXHAUSTED_PRIMALITY_UNASSIGNED,514,512,512,NO_RECORDED_FACTOR_PRP_OR_LL_RESULT_AND_NO_ACTIVE_GIMPS_ASSIGNMENT,2026-08-08T14:01:06+00:00,UNALLOCATED,,,,,
SLCMP585-0769,769,769,288538813,2^288538813-1,STRUCTURAL_SCREEN_EXHAUSTED_PRIMALITY_UNASSIGNED,GF3A_DIRECTIONAL_WRITE_EXHAUSTED_PRIMALITY_UNASSIGNED,513,512,512,NO_RECORDED_FACTOR_PRP_OR_LL_RESULT_AND_NO_ACTIVE_GIMPS_ASSIGNMENT,2026-08-08T14:01:06+00:00,UNALLOCATED,,,,,
SLCMP585-0770,770,770,288538907,2^288538907-1,STRUCTURAL_SCREEN_EXHAUSTED_PRIMALITY_UNASSIGNED,GF3A_DIRECTIONAL_WRITE_EXHAUSTED_PRIMALITY_UNASSIGNED,514,512,512,NO_RECORDED_FACTOR_PRP_OR_LL_RESULT_AND_NO_ACTIVE_GIMPS_ASSIGNMENT,2026-08-08T14:01:06+00:00,UNALLOCATED,,,,,
SLCMP585-0771,771,771,288539081,2^288539081-1,STRUCTURAL_SCREEN_EXHAUSTED_PRIMALITY_UNASSIGNED,GF3A_DIRECTIONAL_WRITE_EXHAUSTED_PRIMALITY_UNASSIGNED,513,512,512,NO_RECORDED_FACTOR_PRP_OR_LL_RESULT_AND_NO_ACTIVE_GIMPS_ASSIGNMENT,2026-08-08T14:01:06+00:00,UNALLOCATED,,,,,
SLCMP585-0772,772,772,288539107,2^288539107-1,STRUCTURAL_SCREEN_EXHAUSTED_PRIMALITY_UNASSIGNED,GF3A_DIRECTIONAL_WRITE_EXHAUSTED_PRIMALITY_UNASSIGNED,514,512,512,NO_RECORDED_FACTOR_PRP_OR_LL_RESULT_AND_NO_ACTIVE_GIMPS_ASSIGNMENT,2026-08-08T14:01:06+00:00,UNALLOCATED,,,,,
SLCMP585-0773,773,773,288539171,2^288539171-1,STRUCTURAL_SCREEN_EXHAUSTED_PRIMALITY_UNASSIGNED,GF3A_DIRECTIONAL_WRITE_EXHAUSTED_PRIMALITY_UNASSIGNED,514,512,512,NO_RECORDED_FACTOR_PRP_OR_LL_RESULT_AND_NO_ACTIVE_GIMPS_ASSIGNMENT,2026-08-08T14:01:06+00:00,UNALLOCATED,,,,,
SLCMP585-0774,774,774,288539267,2^288539267-1,STRUCTURAL_SCREEN_EXHAUSTED_PRIMALITY_UNASSIGNED,GF3A_DIRECTIONAL_WRITE_EXHAUSTED_PRIMALITY_UNASSIGNED,514,512,512,NO_RECORDED_FACTOR_PRP_OR_LL_RESULT_AND_NO_ACTIVE_GIMPS_ASSIGNMENT,2026-08-08T14:01:06+00:00,UNALLOCATED,,,,,
SLCMP585-0775,775,775,288539327,2^288539327-1,STRUCTURAL_SCREEN_EXHAUSTED_PRIMALITY_UNASSIGNED,GF3A_DIRECTIONAL_WRITE_EXHAUSTED_PRIMALITY_UNASSIGNED,514,512,512,NO_RECORDED_FACTOR_PRP_OR_LL_RESULT_AND_NO_ACTIVE_GIMPS_ASSIGNMENT,2026-08-08T14:01:06+00:00,UNALLOCATED,,,,,
SLCMP585-0776,776,776,288539341,2^288539341-1,STRUCTURAL_SCREEN_EXHAUSTED_PRIMALITY_UNASSIGNED,GF3A_DIRECTIONAL_WRITE_EXHAUSTED_PRIMALITY_UNASSIGNED,513,512,512,NO_RECORDED_FACTOR_PRP_OR_LL_RESULT_AND_NO_ACTIVE_GIMPS_ASSIGNMENT,2026-08-08T14:01:06+00:00,UNALLOCATED,,,,,
SLCMP585-0777,777,777,288539387,2^288539387-1,STRUCTURAL_SCREEN_EXHAUSTED_PRIMALITY_UNASSIGNED,GF3A_DIRECTIONAL_WRITE_EXHAUSTED_PRIMALITY_UNASSIGNED,514,512,512,NO_RECORDED_FACTOR_PRP_OR_LL_RESULT_AND_NO_ACTIVE_GIMPS_ASSIGNMENT,2026-08-08T14:01:06+00:00,UNALLOCATED,,,,,
SLCMP585-0778,778,778,288539389,2^288539389-1,STRUCTURAL_SCREEN_EXHAUSTED_PRIMALITY_UNASSIGNED,GF3A_DIRECTIONAL_WRITE_EXHAUSTED_PRIMALITY_UNASSIGNED,513,512,512,NO_RECORDED_FACTOR_PRP_OR_LL_RESULT_AND_NO_ACTIVE_GIMPS_ASSIGNMENT,2026-08-08T14:01:06+00:00,UNALLOCATED,,,,,
SLCMP585-0779,779,779,288539501,2^288539501-1,STRUCTURAL_SCREEN_EXHAUSTED_PRIMALITY_UNASSIGNED,GF3A_DIRECTIONAL_WRITE_EXHAUSTED_PRIMALITY_UNASSIGNED,513,512,512,NO_RECORDED_FACTOR_PRP_OR_LL_RESULT_AND_NO_ACTIVE_GIMPS_ASSIGNMENT,2026-08-08T14:01:06+00:00,UNALLOCATED,,,,,
SLCMP585-0780,780,780,288539519,2^288539519-1,STRUCTURAL_SCREEN_EXHAUSTED_PRIMALITY_UNASSIGNED,GF3A_DIRECTIONAL_WRITE_EXHAUSTED_PRIMALITY_UNASSIGNED,514,512,512,NO_RECORDED_FACTOR_PRP_OR_LL_RESULT_AND_NO_ACTIVE_GIMPS_ASSIGNMENT,2026-08-08T14:01:06+00:00,UNALLOCATED,,,,,
SLCMP585-0781,781,781,288539539,2^288539539-1,STRUCTURAL_SCREEN_EXHAUSTED_PRIMALITY_UNASSIGNED,GF3A_DIRECTIONAL_WRITE_EXHAUSTED_PRIMALITY_UNASSIGNED,514,512,512,NO_RECORDED_FACTOR_PRP_OR_LL_RESULT_AND_NO_ACTIVE_GIMPS_ASSIGNMENT,2026-08-08T14:01:06+00:00,UNALLOCATED,,,,,
SLCMP585-0782,782,782,288539569,2^288539569-1,STRUCTURAL_SCREEN_EXHAUSTED_PRIMALITY_UNASSIGNED,GF3A_DIRECTIONAL_WRITE_EXHAUSTED_PRIMALITY_UNASSIGNED,513,512,512,NO_RECORDED_FACTOR_PRP_OR_LL_RESULT_AND_NO_ACTIVE_GIMPS_ASSIGNMENT,2026-08-08T14:01:06+00:00,UNALLOCATED,,,,,
SLCMP585-0783,783,783,288539597,2^288539597-1,STRUCTURAL_SCREEN_EXHAUSTED_PRIMALITY_UNASSIGNED,GF3A_DIRECTIONAL_WRITE_EXHAUSTED_PRIMALITY_UNASSIGNED,513,512,512,NO_RECORDED_FACTOR_PRP_OR_LL_RESULT_AND_NO_ACTIVE_GIMPS_ASSIGNMENT,2026-08-08T14:01:06+00:00,UNALLOCATED,,,,,
SLCMP585-0784,784,784,288539609,2^288539609-1,STRUCTURAL_SCREEN_EXHAUSTED_PRIMALITY_UNASSIGNED,GF3A_DIRECTIONAL_WRITE_EXHAUSTED_PRIMALITY_UNASSIGNED,513,512,512,NO_RECORDED_FACTOR_PRP_OR_LL_RESULT_AND_NO_ACTIVE_GIMPS_ASSIGNMENT,2026-08-08T14:01:06+00:00,UNALLOCATED,,,,,
SLCMP585-0785,785,785,288539687,2^288539687-1,STRUCTURAL_SCREEN_EXHAUSTED_PRIMALITY_UNASSIGNED,GF3A_DIRECTIONAL_WRITE_EXHAUSTED_PRIMALITY_UNASSIGNED,514,512,512,NO_RECORDED_FACTOR_PRP_OR_LL_RESULT_AND_NO_ACTIVE_GIMPS_ASSIGNMENT,2026-08-08T14:01:06+00:00,UNALLOCATED,,,,,
SLCMP585-0786,786,786,288539701,2^288539701-1,STRUCTURAL_SCREEN_EXHAUSTED_PRIMALITY_UNASSIGNED,GF3A_DIRECTIONAL_WRITE_EXHAUSTED_PRIMALITY_UNASSIGNED,513,512,512,NO_RECORDED_FACTOR_PRP_OR_LL_RESULT_AND_NO_ACTIVE_GIMPS_ASSIGNMENT,2026-08-08T14:01:06+00:00,UNALLOCATED,,,,,
SLCMP585-0787,787,787,288539773,2^288539773-1,STRUCTURAL_SCREEN_EXHAUSTED_PRIMALITY_UNASSIGNED,GF3A_DIRECTIONAL_WRITE_EXHAUSTED_PRIMALITY_UNASSIGNED,513,512,512,NO_RECORDED_FACTOR_PRP_OR_LL_RESULT_AND_NO_ACTIVE_GIMPS_ASSIGNMENT,2026-08-08T14:01:06+00:00,UNALLOCATED,,,,,
SLCMP585-0788,788,788,288539777,2^288539777-1,STRUCTURAL_SCREEN_EXHAUSTED_PRIMALITY_UNASSIGNED,GF3A_DIRECTIONAL_WRITE_EXHAUSTED_PRIMALITY_UNASSIGNED,513,512,512,NO_RECORDED_FACTOR_PRP_OR_LL_RESULT_AND_NO_ACTIVE_GIMPS_ASSIGNMENT,2026-08-08T14:01:06+00:00,UNALLOCATED,,,,,
SLCMP585-0789,789,789,288539803,2^288539803-1,STRUCTURAL_SCREEN_EXHAUSTED_PRIMALITY_UNASSIGNED,GF3A_DIRECTIONAL_WRITE_EXHAUSTED_PRIMALITY_UNASSIGNED,514,512,512,NO_RECORDED_FACTOR_PRP_OR_LL_RESULT_AND_NO_ACTIVE_GIMPS_ASSIGNMENT,2026-08-08T14:01:06+00:00,UNALLOCATED,,,,,
SLCMP585-0790,790,790,288539857,2^288539857-1,STRUCTURAL_SCREEN_EXHAUSTED_PRIMALITY_UNASSIGNED,GF3A_DIRECTIONAL_WRITE_EXHAUSTED_PRIMALITY_UNASSIGNED,513,512,512,NO_RECORDED_FACTOR_PRP_OR_LL_RESULT_AND_NO_ACTIVE_GIMPS_ASSIGNMENT,2026-08-08T14:01:06+00:00,UNALLOCATED,,,,,
SLCMP585-0791,791,791,288539959,2^288539959-1,STRUCTURAL_SCREEN_EXHAUSTED_PRIMALITY_UNASSIGNED,GF3A_DIRECTIONAL_WRITE_EXHAUSTED_PRIMALITY_UNASSIGNED,514,512,512,NO_RECORDED_FACTOR_PRP_OR_LL_RESULT_AND_NO_ACTIVE_GIMPS_ASSIGNMENT,2026-08-08T14:01:06+00:00,UNALLOCATED,,,,,
SLCMP585-0792,792,792,288540017,2^288540017-1,STRUCTURAL_SCREEN_EXHAUSTED_PRIMALITY_UNASSIGNED,GF3A_DIRECTIONAL_WRITE_EXHAUSTED_PRIMALITY_UNASSIGNED,513,512,512,NO_RECORDED_FACTOR_PRP_OR_LL_RESULT_AND_NO_ACTIVE_GIMPS_ASSIGNMENT,2026-08-08T14:01:06+00:00,UNALLOCATED,,,,,
SLCMP585-0793,793,793,288540067,2^288540067-1,STRUCTURAL_SCREEN_EXHAUSTED_PRIMALITY_UNASSIGNED,GF3A_DIRECTIONAL_WRITE_EXHAUSTED_PRIMALITY_UNASSIGNED,514,512,512,NO_RECORDED_FACTOR_PRP_OR_LL_RESULT_AND_NO_ACTIVE_GIMPS_ASSIGNMENT,2026-08-08T14:01:06+00:00,UNALLOCATED,,,,,
SLCMP585-0794,794,794,288540101,2^288540101-1,STRUCTURAL_SCREEN_EXHAUSTED_PRIMALITY_UNASSIGNED,GF3A_DIRECTIONAL_WRITE_EXHAUSTED_PRIMALITY_UNASSIGNED,513,512,512,NO_RECORDED_FACTOR_PRP_OR_LL_RESULT_AND_NO_ACTIVE_GIMPS_ASSIGNMENT,2026-08-08T14:01:06+00:00,UNALLOCATED,,,,,
SLCMP585-0795,795,795,288540199,2^288540199-1,STRUCTURAL_SCREEN_EXHAUSTED_PRIMALITY_UNASSIGNED,GF3A_DIRECTIONAL_WRITE_EXHAUSTED_PRIMALITY_UNASSIGNED,514,512,512,NO_RECORDED_FACTOR_PRP_OR_LL_RESULT_AND_NO_ACTIVE_GIMPS_ASSIGNMENT,2026-08-08T14:01:06+00:00,UNALLOCATED,,,,,
SLCMP585-0796,796,796,288540407,2^288540407-1,STRUCTURAL_SCREEN_EXHAUSTED_PRIMALITY_UNASSIGNED,GF3A_DIRECTIONAL_WRITE_EXHAUSTED_PRIMALITY_UNASSIGNED,514,512,512,NO_RECORDED_FACTOR_PRP_OR_LL_RESULT_AND_NO_ACTIVE_GIMPS_ASSIGNMENT,2026-08-08T14:01:06+00:00,UNALLOCATED,,,,,
SLCMP585-0797,797,797,288540523,2^288540523-1,STRUCTURAL_SCREEN_EXHAUSTED_PRIMALITY_UNASSIGNED,GF3A_DIRECTIONAL_WRITE_EXHAUSTED_PRIMALITY_UNASSIGNED,514,512,512,NO_RECORDED_FACTOR_PRP_OR_LL_RESULT_AND_NO_ACTIVE_GIMPS_ASSIGNMENT,2026-08-08T14:01:06+00:00,UNALLOCATED,,,,,
SLCMP585-0798,798,798,288540617,2^288540617-1,STRUCTURAL_SCREEN_EXHAUSTED_PRIMALITY_UNASSIGNED,GF3A_DIRECTIONAL_WRITE_EXHAUSTED_PRIMALITY_UNASSIGNED,513,512,512,NO_RECORDED_FACTOR_PRP_OR_LL_RESULT_AND_NO_ACTIVE_GIMPS_ASSIGNMENT,2026-08-08T14:01:06+00:00,UNALLOCATED,,,,,
SLCMP585-0799,799,799,288540697,2^288540697-1,STRUCTURAL_SCREEN_EXHAUSTED_PRIMALITY_UNASSIGNED,GF3A_DIRECTIONAL_WRITE_EXHAUSTED_PRIMALITY_UNASSIGNED,513,512,512,NO_RECORDED_FACTOR_PRP_OR_LL_RESULT_AND_NO_ACTIVE_GIMPS_ASSIGNMENT,2026-08-08T14:01:06+00:00,UNALLOCATED,,,,,
SLCMP585-0800,800,800,288540803,2^288540803-1,STRUCTURAL_SCREEN_EXHAUSTED_PRIMALITY_UNASSIGNED,GF3A_DIRECTIONAL_WRITE_EXHAUSTED_PRIMALITY_UNASSIGNED,514,512,512,NO_RECORDED_FACTOR_PRP_OR_LL_RESULT_AND_NO_ACTIVE_GIMPS_ASSIGNMENT,2026-08-08T14:01:06+00:00,UNALLOCATED,,,,,
SLCMP585-0801,801,801,288540809,2^288540809-1,STRUCTURAL_SCREEN_EXHAUSTED_PRIMALITY_UNASSIGNED,GF3A_DIRECTIONAL_WRITE_EXHAUSTED_PRIMALITY_UNASSIGNED,513,512,512,NO_RECORDED_FACTOR_PRP_OR_LL_RESULT_AND_NO_ACTIVE_GIMPS_ASSIGNMENT,2026-08-08T14:01:06+00:00,UNALLOCATED,,,,,
SLCMP585-0802,802,802,288540817,2^288540817-1,STRUCTURAL_SCREEN_EXHAUSTED_PRIMALITY_UNASSIGNED,GF3A_DIRECTIONAL_WRITE_EXHAUSTED_PRIMALITY_UNASSIGNED,513,512,512,NO_RECORDED_FACTOR_PRP_OR_LL_RESULT_AND_NO_ACTIVE_GIMPS_ASSIGNMENT,2026-08-08T14:01:06+00:00,UNALLOCATED,,,,,
SLCMP585-0803,803,803,288540877,2^288540877-1,STRUCTURAL_SCREEN_EXHAUSTED_PRIMALITY_UNASSIGNED,GF3A_DIRECTIONAL_WRITE_EXHAUSTED_PRIMALITY_UNASSIGNED,513,512,512,NO_RECORDED_FACTOR_PRP_OR_LL_RESULT_AND_NO_ACTIVE_GIMPS_ASSIGNMENT,2026-08-08T14:01:06+00:00,UNALLOCATED,,,,,
SLCMP585-0804,804,804,288540883,2^288540883-1,STRUCTURAL_SCREEN_EXHAUSTED_PRIMALITY_UNASSIGNED,GF3A_DIRECTIONAL_WRITE_EXHAUSTED_PRIMALITY_UNASSIGNED,514,512,512,NO_RECORDED_FACTOR_PRP_OR_LL_RESULT_AND_NO_ACTIVE_GIMPS_ASSIGNMENT,2026-08-08T14:01:06+00:00,UNALLOCATED,,,,,
SLCMP585-0805,805,805,288540977,2^288540977-1,STRUCTURAL_SCREEN_EXHAUSTED_PRIMALITY_UNASSIGNED,GF3A_DIRECTIONAL_WRITE_EXHAUSTED_PRIMALITY_UNASSIGNED,513,512,512,NO_RECORDED_FACTOR_PRP_OR_LL_RESULT_AND_NO_ACTIVE_GIMPS_ASSIGNMENT,2026-08-08T14:01:06+00:00,UNALLOCATED,,,,,
SLCMP585-0806,806,806,288541027,2^288541027-1,STRUCTURAL_SCREEN_EXHAUSTED_PRIMALITY_UNASSIGNED,GF3A_DIRECTIONAL_WRITE_EXHAUSTED_PRIMALITY_UNASSIGNED,514,512,512,NO_RECORDED_FACTOR_PRP_OR_LL_RESULT_AND_NO_ACTIVE_GIMPS_ASSIGNMENT,2026-08-08T14:01:06+00:00,UNALLOCATED,,,,,
SLCMP585-0807,807,807,288541159,2^288541159-1,STRUCTURAL_SCREEN_EXHAUSTED_PRIMALITY_UNASSIGNED,GF3A_DIRECTIONAL_WRITE_EXHAUSTED_PRIMALITY_UNASSIGNED,514,512,512,NO_RECORDED_FACTOR_PRP_OR_LL_RESULT_AND_NO_ACTIVE_GIMPS_ASSIGNMENT,2026-08-08T14:01:06+00:00,UNALLOCATED,,,,,
SLCMP585-0808,808,808,288541177,2^288541177-1,STRUCTURAL_SCREEN_EXHAUSTED_PRIMALITY_UNASSIGNED,GF3A_DIRECTIONAL_WRITE_EXHAUSTED_PRIMALITY_UNASSIGNED,513,512,512,NO_RECORDED_FACTOR_PRP_OR_LL_RESULT_AND_NO_ACTIVE_GIMPS_ASSIGNMENT,2026-08-08T14:01:06+00:00,UNALLOCATED,,,,,
SLCMP585-0809,809,809,288541199,2^288541199-1,STRUCTURAL_SCREEN_EXHAUSTED_PRIMALITY_UNASSIGNED,GF3A_DIRECTIONAL_WRITE_EXHAUSTED_PRIMALITY_UNASSIGNED,514,512,512,NO_RECORDED_FACTOR_PRP_OR_LL_RESULT_AND_NO_ACTIVE_GIMPS_ASSIGNMENT,2026-08-08T14:01:06+00:00,UNALLOCATED,,,,,
SLCMP585-0810,810,810,288541243,2^288541243-1,STRUCTURAL_SCREEN_EXHAUSTED_PRIMALITY_UNASSIGNED,GF3A_DIRECTIONAL_WRITE_EXHAUSTED_PRIMALITY_UNASSIGNED,514,512,512,NO_RECORDED_FACTOR_PRP_OR_LL_RESULT_AND_NO_ACTIVE_GIMPS_ASSIGNMENT,2026-08-08T14:01:06+00:00,UNALLOCATED,,,,,
SLCMP585-0811,811,811,288541249,2^288541249-1,STRUCTURAL_SCREEN_EXHAUSTED_PRIMALITY_UNASSIGNED,GF3A_DIRECTIONAL_WRITE_EXHAUSTED_PRIMALITY_UNASSIGNED,513,512,512,NO_RECORDED_FACTOR_PRP_OR_LL_RESULT_AND_NO_ACTIVE_GIMPS_ASSIGNMENT,2026-08-08T14:01:06+00:00,UNALLOCATED,,,,,
SLCMP585-0812,812,812,288541291,2^288541291-1,STRUCTURAL_SCREEN_EXHAUSTED_PRIMALITY_UNASSIGNED,GF3A_DIRECTIONAL_WRITE_EXHAUSTED_PRIMALITY_UNASSIGNED,514,512,512,NO_RECORDED_FACTOR_PRP_OR_LL_RESULT_AND_NO_ACTIVE_GIMPS_ASSIGNMENT,2026-08-08T14:01:06+00:00,UNALLOCATED,,,,,
SLCMP585-0813,813,813,288541339,2^288541339-1,STRUCTURAL_SCREEN_EXHAUSTED_PRIMALITY_UNASSIGNED,GF3A_DIRECTIONAL_WRITE_EXHAUSTED_PRIMALITY_UNASSIGNED,514,512,512,NO_RECORDED_FACTOR_PRP_OR_LL_RESULT_AND_NO_ACTIVE_GIMPS_ASSIGNMENT,2026-08-08T14:01:06+00:00,UNALLOCATED,,,,,
SLCMP585-0814,814,814,288541403,2^288541403-1,STRUCTURAL_SCREEN_EXHAUSTED_PRIMALITY_UNASSIGNED,GF3A_DIRECTIONAL_WRITE_EXHAUSTED_PRIMALITY_UNASSIGNED,514,512,512,NO_RECORDED_FACTOR_PRP_OR_LL_RESULT_AND_NO_ACTIVE_GIMPS_ASSIGNMENT,2026-08-08T14:01:06+00:00,UNALLOCATED,,,,,
SLCMP585-0815,815,815,288541433,2^288541433-1,STRUCTURAL_SCREEN_EXHAUSTED_PRIMALITY_UNASSIGNED,GF3A_DIRECTIONAL_WRITE_EXHAUSTED_PRIMALITY_UNASSIGNED,513,512,512,NO_RECORDED_FACTOR_PRP_OR_LL_RESULT_AND_NO_ACTIVE_GIMPS_ASSIGNMENT,2026-08-08T14:01:06+00:00,UNALLOCATED,,,,,
SLCMP585-0816,816,816,288541469,2^288541469-1,STRUCTURAL_SCREEN_EXHAUSTED_PRIMALITY_UNASSIGNED,GF3A_DIRECTIONAL_WRITE_EXHAUSTED_PRIMALITY_UNASSIGNED,513,512,512,NO_RECORDED_FACTOR_PRP_OR_LL_RESULT_AND_NO_ACTIVE_GIMPS_ASSIGNMENT,2026-08-08T14:01:06+00:00,UNALLOCATED,,,,,
SLCMP585-0817,817,817,288541483,2^288541483-1,STRUCTURAL_SCREEN_EXHAUSTED_PRIMALITY_UNASSIGNED,GF3A_DIRECTIONAL_WRITE_EXHAUSTED_PRIMALITY_UNASSIGNED,514,512,512,NO_RECORDED_FACTOR_PRP_OR_LL_RESULT_AND_NO_ACTIVE_GIMPS_ASSIGNMENT,2026-08-08T14:01:06+00:00,UNALLOCATED,,,,,
SLCMP585-0818,818,818,288541499,2^288541499-1,STRUCTURAL_SCREEN_EXHAUSTED_PRIMALITY_UNASSIGNED,GF3A_DIRECTIONAL_WRITE_EXHAUSTED_PRIMALITY_UNASSIGNED,514,512,512,NO_RECORDED_FACTOR_PRP_OR_LL_RESULT_AND_NO_ACTIVE_GIMPS_ASSIGNMENT,2026-08-08T14:01:06+00:00,UNALLOCATED,,,,,
SLCMP585-0819,819,819,288541511,2^288541511-1,STRUCTURAL_SCREEN_EXHAUSTED_PRIMALITY_UNASSIGNED,GF3A_DIRECTIONAL_WRITE_EXHAUSTED_PRIMALITY_UNASSIGNED,514,512,512,NO_RECORDED_FACTOR_PRP_OR_LL_RESULT_AND_NO_ACTIVE_GIMPS_ASSIGNMENT,2026-08-08T14:01:06+00:00,UNALLOCATED,,,,,
SLCMP585-0820,820,820,288541531,2^288541531-1,STRUCTURAL_SCREEN_EXHAUSTED_PRIMALITY_UNASSIGNED,GF3A_DIRECTIONAL_WRITE_EXHAUSTED_PRIMALITY_UNASSIGNED,514,512,512,NO_RECORDED_FACTOR_PRP_OR_LL_RESULT_AND_NO_ACTIVE_GIMPS_ASSIGNMENT,2026-08-08T14:01:06+00:00,UNALLOCATED,,,,,
SLCMP585-0821,821,821,288541537,2^288541537-1,STRUCTURAL_SCREEN_EXHAUSTED_PRIMALITY_UNASSIGNED,GF3A_DIRECTIONAL_WRITE_EXHAUSTED_PRIMALITY_UNASSIGNED,513,512,512,NO_RECORDED_FACTOR_PRP_OR_LL_RESULT_AND_NO_ACTIVE_GIMPS_ASSIGNMENT,2026-08-08T14:01:06+00:00,UNALLOCATED,,,,,
SLCMP585-0822,822,822,288541541,2^288541541-1,STRUCTURAL_SCREEN_EXHAUSTED_PRIMALITY_UNASSIGNED,GF3A_DIRECTIONAL_WRITE_EXHAUSTED_PRIMALITY_UNASSIGNED,513,512,512,NO_RECORDED_FACTOR_PRP_OR_LL_RESULT_AND_NO_ACTIVE_GIMPS_ASSIGNMENT,2026-08-08T14:01:06+00:00,UNALLOCATED,,,,,
SLCMP585-0823,823,823,288541571,2^288541571-1,STRUCTURAL_SCREEN_EXHAUSTED_PRIMALITY_UNASSIGNED,GF3A_DIRECTIONAL_WRITE_EXHAUSTED_PRIMALITY_UNASSIGNED,514,512,512,NO_RECORDED_FACTOR_PRP_OR_LL_RESULT_AND_NO_ACTIVE_GIMPS_ASSIGNMENT,2026-08-08T14:01:06+00:00,UNALLOCATED,,,,,
SLCMP585-0824,824,824,288541579,2^288541579-1,STRUCTURAL_SCREEN_EXHAUSTED_PRIMALITY_UNASSIGNED,GF3A_DIRECTIONAL_WRITE_EXHAUSTED_PRIMALITY_UNASSIGNED,514,512,512,NO_RECORDED_FACTOR_PRP_OR_LL_RESULT_AND_NO_ACTIVE_GIMPS_ASSIGNMENT,2026-08-08T14:01:06+00:00,UNALLOCATED,,,,,
SLCMP585-0825,825,825,288541633,2^288541633-1,STRUCTURAL_SCREEN_EXHAUSTED_PRIMALITY_UNASSIGNED,GF3A_DIRECTIONAL_WRITE_EXHAUSTED_PRIMALITY_UNASSIGNED,513,512,512,NO_RECORDED_FACTOR_PRP_OR_LL_RESULT_AND_NO_ACTIVE_GIMPS_ASSIGNMENT,2026-08-08T14:01:06+00:00,UNALLOCATED,,,,,
SLCMP585-0826,826,826,288541661,2^288541661-1,STRUCTURAL_SCREEN_EXHAUSTED_PRIMALITY_UNASSIGNED,GF3A_DIRECTIONAL_WRITE_EXHAUSTED_PRIMALITY_UNASSIGNED,513,512,512,NO_RECORDED_FACTOR_PRP_OR_LL_RESULT_AND_NO_ACTIVE_GIMPS_ASSIGNMENT,2026-08-08T14:01:06+00:00,UNALLOCATED,,,,,
SLCMP585-0827,827,827,288541667,2^288541667-1,STRUCTURAL_SCREEN_EXHAUSTED_PRIMALITY_UNASSIGNED,GF3A_DIRECTIONAL_WRITE_EXHAUSTED_PRIMALITY_UNASSIGNED,514,512,512,NO_RECORDED_FACTOR_PRP_OR_LL_RESULT_AND_NO_ACTIVE_GIMPS_ASSIGNMENT,2026-08-08T14:01:06+00:00,UNALLOCATED,,,,,
SLCMP585-0828,828,828,288541741,2^288541741-1,STRUCTURAL_SCREEN_EXHAUSTED_PRIMALITY_UNASSIGNED,GF3A_DIRECTIONAL_WRITE_EXHAUSTED_PRIMALITY_UNASSIGNED,513,512,512,NO_RECORDED_FACTOR_PRP_OR_LL_RESULT_AND_NO_ACTIVE_GIMPS_ASSIGNMENT,2026-08-08T14:01:06+00:00,UNALLOCATED,,,,,
SLCMP585-0829,829,829,288541817,2^288541817-1,STRUCTURAL_SCREEN_EXHAUSTED_PRIMALITY_UNASSIGNED,GF3A_DIRECTIONAL_WRITE_EXHAUSTED_PRIMALITY_UNASSIGNED,513,512,512,NO_RECORDED_FACTOR_PRP_OR_LL_RESULT_AND_NO_ACTIVE_GIMPS_ASSIGNMENT,2026-08-08T14:01:06+00:00,UNALLOCATED,,,,,
SLCMP585-0830,830,830,288541843,2^288541843-1,STRUCTURAL_SCREEN_EXHAUSTED_PRIMALITY_UNASSIGNED,GF3A_DIRECTIONAL_WRITE_EXHAUSTED_PRIMALITY_UNASSIGNED,514,512,512,NO_RECORDED_FACTOR_PRP_OR_LL_RESULT_AND_NO_ACTIVE_GIMPS_ASSIGNMENT,2026-08-08T14:01:06+00:00,UNALLOCATED,,,,,
SLCMP585-0831,831,831,288541849,2^288541849-1,STRUCTURAL_SCREEN_EXHAUSTED_PRIMALITY_UNASSIGNED,GF3A_DIRECTIONAL_WRITE_EXHAUSTED_PRIMALITY_UNASSIGNED,513,512,512,NO_RECORDED_FACTOR_PRP_OR_LL_RESULT_AND_NO_ACTIVE_GIMPS_ASSIGNMENT,2026-08-08T14:01:06+00:00,UNALLOCATED,,,,,
SLCMP585-0832,832,832,288541861,2^288541861-1,STRUCTURAL_SCREEN_EXHAUSTED_PRIMALITY_UNASSIGNED,GF3A_DIRECTIONAL_WRITE_EXHAUSTED_PRIMALITY_UNASSIGNED,513,512,512,NO_RECORDED_FACTOR_PRP_OR_LL_RESULT_AND_NO_ACTIVE_GIMPS_ASSIGNMENT,2026-08-08T14:01:06+00:00,UNALLOCATED,,,,,
SLCMP585-0833,833,833,288542027,2^288542027-1,STRUCTURAL_SCREEN_EXHAUSTED_PRIMALITY_UNASSIGNED,GF3A_DIRECTIONAL_WRITE_EXHAUSTED_PRIMALITY_UNASSIGNED,514,512,512,NO_RECORDED_FACTOR_PRP_OR_LL_RESULT_AND_NO_ACTIVE_GIMPS_ASSIGNMENT,2026-08-08T14:01:06+00:00,UNALLOCATED,,,,,
SLCMP585-0834,834,834,288542077,2^288542077-1,STRUCTURAL_SCREEN_EXHAUSTED_PRIMALITY_UNASSIGNED,GF3A_DIRECTIONAL_WRITE_EXHAUSTED_PRIMALITY_UNASSIGNED,513,512,512,NO_RECORDED_FACTOR_PRP_OR_LL_RESULT_AND_NO_ACTIVE_GIMPS_ASSIGNMENT,2026-08-08T14:01:06+00:00,UNALLOCATED,,,,,
SLCMP585-0835,835,835,288542081,2^288542081-1,STRUCTURAL_SCREEN_EXHAUSTED_PRIMALITY_UNASSIGNED,GF3A_DIRECTIONAL_WRITE_EXHAUSTED_PRIMALITY_UNASSIGNED,513,512,512,NO_RECORDED_FACTOR_PRP_OR_LL_RESULT_AND_NO_ACTIVE_GIMPS_ASSIGNMENT,2026-08-08T14:01:06+00:00,UNALLOCATED,,,,,
SLCMP585-0836,836,836,288542119,2^288542119-1,STRUCTURAL_SCREEN_EXHAUSTED_PRIMALITY_UNASSIGNED,GF3A_DIRECTIONAL_WRITE_EXHAUSTED_PRIMALITY_UNASSIGNED,514,512,512,NO_RECORDED_FACTOR_PRP_OR_LL_RESULT_AND_NO_ACTIVE_GIMPS_ASSIGNMENT,2026-08-08T14:01:06+00:00,UNALLOCATED,,,,,
SLCMP585-0837,837,837,288542131,2^288542131-1,STRUCTURAL_SCREEN_EXHAUSTED_PRIMALITY_UNASSIGNED,GF3A_DIRECTIONAL_WRITE_EXHAUSTED_PRIMALITY_UNASSIGNED,514,512,512,NO_RECORDED_FACTOR_PRP_OR_LL_RESULT_AND_NO_ACTIVE_GIMPS_ASSIGNMENT,2026-08-08T14:01:06+00:00,UNALLOCATED,,,,,
SLCMP585-0838,838,838,288542147,2^288542147-1,STRUCTURAL_SCREEN_EXHAUSTED_PRIMALITY_UNASSIGNED,GF3A_DIRECTIONAL_WRITE_EXHAUSTED_PRIMALITY_UNASSIGNED,514,512,512,NO_RECORDED_FACTOR_PRP_OR_LL_RESULT_AND_NO_ACTIVE_GIMPS_ASSIGNMENT,2026-08-08T14:01:06+00:00,UNALLOCATED,,,,,
SLCMP585-0839,839,839,288542159,2^288542159-1,STRUCTURAL_SCREEN_EXHAUSTED_PRIMALITY_UNASSIGNED,GF3A_DIRECTIONAL_WRITE_EXHAUSTED_PRIMALITY_UNASSIGNED,514,512,512,NO_RECORDED_FACTOR_PRP_OR_LL_RESULT_AND_NO_ACTIVE_GIMPS_ASSIGNMENT,2026-08-08T14:01:06+00:00,UNALLOCATED,,,,,
SLCMP585-0840,840,840,288542167,2^288542167-1,STRUCTURAL_SCREEN_EXHAUSTED_PRIMALITY_UNASSIGNED,GF3A_DIRECTIONAL_WRITE_EXHAUSTED_PRIMALITY_UNASSIGNED,514,512,512,NO_RECORDED_FACTOR_PRP_OR_LL_RESULT_AND_NO_ACTIVE_GIMPS_ASSIGNMENT,2026-08-08T14:01:06+00:00,UNALLOCATED,,,,,
SLCMP585-0841,841,841,288542171,2^288542171-1,STRUCTURAL_SCREEN_EXHAUSTED_PRIMALITY_UNASSIGNED,GF3A_DIRECTIONAL_WRITE_EXHAUSTED_PRIMALITY_UNASSIGNED,514,512,512,NO_RECORDED_FACTOR_PRP_OR_LL_RESULT_AND_NO_ACTIVE_GIMPS_ASSIGNMENT,2026-08-08T14:01:06+00:00,UNALLOCATED,,,,,
SLCMP585-0842,842,842,288542201,2^288542201-1,STRUCTURAL_SCREEN_EXHAUSTED_PRIMALITY_UNASSIGNED,GF3A_DIRECTIONAL_WRITE_EXHAUSTED_PRIMALITY_UNASSIGNED,513,512,512,NO_RECORDED_FACTOR_PRP_OR_LL_RESULT_AND_NO_ACTIVE_GIMPS_ASSIGNMENT,2026-08-08T14:01:06+00:00,UNALLOCATED,,,,,
SLCMP585-0843,843,843,288542213,2^288542213-1,STRUCTURAL_SCREEN_EXHAUSTED_PRIMALITY_UNASSIGNED,GF3A_DIRECTIONAL_WRITE_EXHAUSTED_PRIMALITY_UNASSIGNED,513,512,512,NO_RECORDED_FACTOR_PRP_OR_LL_RESULT_AND_NO_ACTIVE_GIMPS_ASSIGNMENT,2026-08-08T14:01:06+00:00,UNALLOCATED,,,,,
SLCMP585-0844,844,844,288542399,2^288542399-1,STRUCTURAL_SCREEN_EXHAUSTED_PRIMALITY_UNASSIGNED,GF3A_DIRECTIONAL_WRITE_EXHAUSTED_PRIMALITY_UNASSIGNED,514,512,512,NO_RECORDED_FACTOR_PRP_OR_LL_RESULT_AND_NO_ACTIVE_GIMPS_ASSIGNMENT,2026-08-08T14:01:06+00:00,UNALLOCATED,,,,,
SLCMP585-0845,845,845,288542407,2^288542407-1,STRUCTURAL_SCREEN_EXHAUSTED_PRIMALITY_UNASSIGNED,GF3A_DIRECTIONAL_WRITE_EXHAUSTED_PRIMALITY_UNASSIGNED,514,512,512,NO_RECORDED_FACTOR_PRP_OR_LL_RESULT_AND_NO_ACTIVE_GIMPS_ASSIGNMENT,2026-08-08T14:01:06+00:00,UNALLOCATED,,,,,
SLCMP585-0846,846,846,288542459,2^288542459-1,STRUCTURAL_SCREEN_EXHAUSTED_PRIMALITY_UNASSIGNED,GF3A_DIRECTIONAL_WRITE_EXHAUSTED_PRIMALITY_UNASSIGNED,514,512,512,NO_RECORDED_FACTOR_PRP_OR_LL_RESULT_AND_NO_ACTIVE_GIMPS_ASSIGNMENT,2026-08-08T14:01:06+00:00,UNALLOCATED,,,,,
SLCMP585-0847,847,847,288542561,2^288542561-1,STRUCTURAL_SCREEN_EXHAUSTED_PRIMALITY_UNASSIGNED,GF3A_DIRECTIONAL_WRITE_EXHAUSTED_PRIMALITY_UNASSIGNED,513,512,512,NO_RECORDED_FACTOR_PRP_OR_LL_RESULT_AND_NO_ACTIVE_GIMPS_ASSIGNMENT,2026-08-08T14:01:06+00:00,UNALLOCATED,,,,,
SLCMP585-0848,848,848,288542587,2^288542587-1,STRUCTURAL_SCREEN_EXHAUSTED_PRIMALITY_UNASSIGNED,GF3A_DIRECTIONAL_WRITE_EXHAUSTED_PRIMALITY_UNASSIGNED,514,512,512,NO_RECORDED_FACTOR_PRP_OR_LL_RESULT_AND_NO_ACTIVE_GIMPS_ASSIGNMENT,2026-08-08T14:01:06+00:00,UNALLOCATED,,,,,
SLCMP585-0849,849,849,288542629,2^288542629-1,STRUCTURAL_SCREEN_EXHAUSTED_PRIMALITY_UNASSIGNED,GF3A_DIRECTIONAL_WRITE_EXHAUSTED_PRIMALITY_UNASSIGNED,513,512,512,NO_RECORDED_FACTOR_PRP_OR_LL_RESULT_AND_NO_ACTIVE_GIMPS_ASSIGNMENT,2026-08-08T14:01:06+00:00,UNALLOCATED,,,,,
SLCMP585-0850,850,850,288542641,2^288542641-1,STRUCTURAL_SCREEN_EXHAUSTED_PRIMALITY_UNASSIGNED,GF3A_DIRECTIONAL_WRITE_EXHAUSTED_PRIMALITY_UNASSIGNED,513,512,512,NO_RECORDED_FACTOR_PRP_OR_LL_RESULT_AND_NO_ACTIVE_GIMPS_ASSIGNMENT,2026-08-08T14:01:06+00:00,UNALLOCATED,,,,,
SLCMP585-0851,851,851,288542677,2^288542677-1,STRUCTURAL_SCREEN_EXHAUSTED_PRIMALITY_UNASSIGNED,GF3A_DIRECTIONAL_WRITE_EXHAUSTED_PRIMALITY_UNASSIGNED,513,512,512,NO_RECORDED_FACTOR_PRP_OR_LL_RESULT_AND_NO_ACTIVE_GIMPS_ASSIGNMENT,2026-08-08T14:01:06+00:00,UNALLOCATED,,,,,
SLCMP585-0852,852,852,288542689,2^288542689-1,STRUCTURAL_SCREEN_EXHAUSTED_PRIMALITY_UNASSIGNED,GF3A_DIRECTIONAL_WRITE_EXHAUSTED_PRIMALITY_UNASSIGNED,513,512,512,NO_RECORDED_FACTOR_PRP_OR_LL_RESULT_AND_NO_ACTIVE_GIMPS_ASSIGNMENT,2026-08-08T14:01:06+00:00,UNALLOCATED,,,,,
SLCMP585-0853,853,853,288542753,2^288542753-1,STRUCTURAL_SCREEN_EXHAUSTED_PRIMALITY_UNASSIGNED,GF3A_DIRECTIONAL_WRITE_EXHAUSTED_PRIMALITY_UNASSIGNED,513,512,512,NO_RECORDED_FACTOR_PRP_OR_LL_RESULT_AND_NO_ACTIVE_GIMPS_ASSIGNMENT,2026-08-08T14:01:06+00:00,UNALLOCATED,,,,,
SLCMP585-0854,854,854,288542783,2^288542783-1,STRUCTURAL_SCREEN_EXHAUSTED_PRIMALITY_UNASSIGNED,GF3A_DIRECTIONAL_WRITE_EXHAUSTED_PRIMALITY_UNASSIGNED,514,512,512,NO_RECORDED_FACTOR_PRP_OR_LL_RESULT_AND_NO_ACTIVE_GIMPS_ASSIGNMENT,2026-08-08T14:01:06+00:00,UNALLOCATED,,,,,
SLCMP585-0855,855,855,288542801,2^288542801-1,STRUCTURAL_SCREEN_EXHAUSTED_PRIMALITY_UNASSIGNED,GF3A_DIRECTIONAL_WRITE_EXHAUSTED_PRIMALITY_UNASSIGNED,513,512,512,NO_RECORDED_FACTOR_PRP_OR_LL_RESULT_AND_NO_ACTIVE_GIMPS_ASSIGNMENT,2026-08-08T14:01:06+00:00,UNALLOCATED,,,,,
SLCMP585-0856,856,856,288543061,2^288543061-1,STRUCTURAL_SCREEN_EXHAUSTED_PRIMALITY_UNASSIGNED,GF3A_DIRECTIONAL_WRITE_EXHAUSTED_PRIMALITY_UNASSIGNED,513,512,512,NO_RECORDED_FACTOR_PRP_OR_LL_RESULT_AND_NO_ACTIVE_GIMPS_ASSIGNMENT,2026-08-08T14:01:06+00:00,UNALLOCATED,,,,,
SLCMP585-0857,857,857,288543083,2^288543083-1,STRUCTURAL_SCREEN_EXHAUSTED_PRIMALITY_UNASSIGNED,GF3A_DIRECTIONAL_WRITE_EXHAUSTED_PRIMALITY_UNASSIGNED,514,512,512,NO_RECORDED_FACTOR_PRP_OR_LL_RESULT_AND_NO_ACTIVE_GIMPS_ASSIGNMENT,2026-08-08T14:01:06+00:00,UNALLOCATED,,,,,
SLCMP585-0858,858,858,288543169,2^288543169-1,STRUCTURAL_SCREEN_EXHAUSTED_PRIMALITY_UNASSIGNED,GF3A_DIRECTIONAL_WRITE_EXHAUSTED_PRIMALITY_UNASSIGNED,513,512,512,NO_RECORDED_FACTOR_PRP_OR_LL_RESULT_AND_NO_ACTIVE_GIMPS_ASSIGNMENT,2026-08-08T14:01:06+00:00,UNALLOCATED,,,,,
SLCMP585-0859,859,859,288543221,2^288543221-1,STRUCTURAL_SCREEN_EXHAUSTED_PRIMALITY_UNASSIGNED,GF3A_DIRECTIONAL_WRITE_EXHAUSTED_PRIMALITY_UNASSIGNED,513,512,512,NO_RECORDED_FACTOR_PRP_OR_LL_RESULT_AND_NO_ACTIVE_GIMPS_ASSIGNMENT,2026-08-08T14:01:06+00:00,UNALLOCATED,,,,,
SLCMP585-0860,860,860,288543317,2^288543317-1,STRUCTURAL_SCREEN_EXHAUSTED_PRIMALITY_UNASSIGNED,GF3A_DIRECTIONAL_WRITE_EXHAUSTED_PRIMALITY_UNASSIGNED,513,512,512,NO_RECORDED_FACTOR_PRP_OR_LL_RESULT_AND_NO_ACTIVE_GIMPS_ASSIGNMENT,2026-08-08T14:01:06+00:00,UNALLOCATED,,,,,
SLCMP585-0861,861,861,288543323,2^288543323-1,STRUCTURAL_SCREEN_EXHAUSTED_PRIMALITY_UNASSIGNED,GF3A_DIRECTIONAL_WRITE_EXHAUSTED_PRIMALITY_UNASSIGNED,514,512,512,NO_RECORDED_FACTOR_PRP_OR_LL_RESULT_AND_NO_ACTIVE_GIMPS_ASSIGNMENT,2026-08-08T14:01:06+00:00,UNALLOCATED,,,,,
SLCMP585-0862,862,862,288543347,2^288543347-1,STRUCTURAL_SCREEN_EXHAUSTED_PRIMALITY_UNASSIGNED,GF3A_DIRECTIONAL_WRITE_EXHAUSTED_PRIMALITY_UNASSIGNED,514,512,512,NO_RECORDED_FACTOR_PRP_OR_LL_RESULT_AND_NO_ACTIVE_GIMPS_ASSIGNMENT,2026-08-08T14:01:06+00:00,UNALLOCATED,,,,,
SLCMP585-0863,863,863,288543371,2^288543371-1,STRUCTURAL_SCREEN_EXHAUSTED_PRIMALITY_UNASSIGNED,GF3A_DIRECTIONAL_WRITE_EXHAUSTED_PRIMALITY_UNASSIGNED,514,512,512,NO_RECORDED_FACTOR_PRP_OR_LL_RESULT_AND_NO_ACTIVE_GIMPS_ASSIGNMENT,2026-08-08T14:01:06+00:00,UNALLOCATED,,,,,
SLCMP585-0864,864,864,288543407,2^288543407-1,STRUCTURAL_SCREEN_EXHAUSTED_PRIMALITY_UNASSIGNED,GF3A_DIRECTIONAL_WRITE_EXHAUSTED_PRIMALITY_UNASSIGNED,514,512,512,NO_RECORDED_FACTOR_PRP_OR_LL_RESULT_AND_NO_ACTIVE_GIMPS_ASSIGNMENT,2026-08-08T14:01:06+00:00,UNALLOCATED,,,,,
SLCMP585-0865,865,865,288543439,2^288543439-1,STRUCTURAL_SCREEN_EXHAUSTED_PRIMALITY_UNASSIGNED,GF3A_DIRECTIONAL_WRITE_EXHAUSTED_PRIMALITY_UNASSIGNED,514,512,512,NO_RECORDED_FACTOR_PRP_OR_LL_RESULT_AND_NO_ACTIVE_GIMPS_ASSIGNMENT,2026-08-08T14:01:06+00:00,UNALLOCATED,,,,,
SLCMP585-0866,866,866,288543469,2^288543469-1,STRUCTURAL_SCREEN_EXHAUSTED_PRIMALITY_UNASSIGNED,GF3A_DIRECTIONAL_WRITE_EXHAUSTED_PRIMALITY_UNASSIGNED,513,512,512,NO_RECORDED_FACTOR_PRP_OR_LL_RESULT_AND_NO_ACTIVE_GIMPS_ASSIGNMENT,2026-08-08T14:01:06+00:00,UNALLOCATED,,,,,
SLCMP585-0867,867,867,288543589,2^288543589-1,STRUCTURAL_SCREEN_EXHAUSTED_PRIMALITY_UNASSIGNED,GF3A_DIRECTIONAL_WRITE_EXHAUSTED_PRIMALITY_UNASSIGNED,513,512,512,NO_RECORDED_FACTOR_PRP_OR_LL_RESULT_AND_NO_ACTIVE_GIMPS_ASSIGNMENT,2026-08-08T14:01:06+00:00,UNALLOCATED,,,,,
SLCMP585-0868,868,868,288543617,2^288543617-1,STRUCTURAL_SCREEN_EXHAUSTED_PRIMALITY_UNASSIGNED,GF3A_DIRECTIONAL_WRITE_EXHAUSTED_PRIMALITY_UNASSIGNED,513,512,512,NO_RECORDED_FACTOR_PRP_OR_LL_RESULT_AND_NO_ACTIVE_GIMPS_ASSIGNMENT,2026-08-08T14:01:06+00:00,UNALLOCATED,,,,,
SLCMP585-0869,869,869,288543701,2^288543701-1,STRUCTURAL_SCREEN_EXHAUSTED_PRIMALITY_UNASSIGNED,GF3A_DIRECTIONAL_WRITE_EXHAUSTED_PRIMALITY_UNASSIGNED,513,512,512,NO_RECORDED_FACTOR_PRP_OR_LL_RESULT_AND_NO_ACTIVE_GIMPS_ASSIGNMENT,2026-08-08T14:01:06+00:00,UNALLOCATED,,,,,
SLCMP585-0870,870,870,288543721,2^288543721-1,STRUCTURAL_SCREEN_EXHAUSTED_PRIMALITY_UNASSIGNED,GF3A_DIRECTIONAL_WRITE_EXHAUSTED_PRIMALITY_UNASSIGNED,513,512,512,NO_RECORDED_FACTOR_PRP_OR_LL_RESULT_AND_NO_ACTIVE_GIMPS_ASSIGNMENT,2026-08-08T14:01:06+00:00,UNALLOCATED,,,,,
SLCMP585-0871,871,871,288543743,2^288543743-1,STRUCTURAL_SCREEN_EXHAUSTED_PRIMALITY_UNASSIGNED,GF3A_DIRECTIONAL_WRITE_EXHAUSTED_PRIMALITY_UNASSIGNED,514,512,512,NO_RECORDED_FACTOR_PRP_OR_LL_RESULT_AND_NO_ACTIVE_GIMPS_ASSIGNMENT,2026-08-08T14:01:06+00:00,UNALLOCATED,,,,,
SLCMP585-0872,872,872,288543767,2^288543767-1,STRUCTURAL_SCREEN_EXHAUSTED_PRIMALITY_UNASSIGNED,GF3A_DIRECTIONAL_WRITE_EXHAUSTED_PRIMALITY_UNASSIGNED,514,512,512,NO_RECORDED_FACTOR_PRP_OR_LL_RESULT_AND_NO_ACTIVE_GIMPS_ASSIGNMENT,2026-08-08T14:01:06+00:00,UNALLOCATED,,,,,
SLCMP585-0873,873,873,288543791,2^288543791-1,STRUCTURAL_SCREEN_EXHAUSTED_PRIMALITY_UNASSIGNED,GF3A_DIRECTIONAL_WRITE_EXHAUSTED_PRIMALITY_UNASSIGNED,514,512,512,NO_RECORDED_FACTOR_PRP_OR_LL_RESULT_AND_NO_ACTIVE_GIMPS_ASSIGNMENT,2026-08-08T14:01:06+00:00,UNALLOCATED,,,,,
SLCMP585-0874,874,874,288543811,2^288543811-1,STRUCTURAL_SCREEN_EXHAUSTED_PRIMALITY_UNASSIGNED,GF3A_DIRECTIONAL_WRITE_EXHAUSTED_PRIMALITY_UNASSIGNED,514,512,512,NO_RECORDED_FACTOR_PRP_OR_LL_RESULT_AND_NO_ACTIVE_GIMPS_ASSIGNMENT,2026-08-08T14:01:06+00:00,UNALLOCATED,,,,,
SLCMP585-0875,875,875,288543821,2^288543821-1,STRUCTURAL_SCREEN_EXHAUSTED_PRIMALITY_UNASSIGNED,GF3A_DIRECTIONAL_WRITE_EXHAUSTED_PRIMALITY_UNASSIGNED,513,512,512,NO_RECORDED_FACTOR_PRP_OR_LL_RESULT_AND_NO_ACTIVE_GIMPS_ASSIGNMENT,2026-08-08T14:01:06+00:00,UNALLOCATED,,,,,
SLCMP585-0876,876,876,288543917,2^288543917-1,STRUCTURAL_SCREEN_EXHAUSTED_PRIMALITY_UNASSIGNED,GF3A_DIRECTIONAL_WRITE_EXHAUSTED_PRIMALITY_UNASSIGNED,513,512,512,NO_RECORDED_FACTOR_PRP_OR_LL_RESULT_AND_NO_ACTIVE_GIMPS_ASSIGNMENT,2026-08-08T14:01:06+00:00,UNALLOCATED,,,,,
SLCMP585-0877,877,877,288544079,2^288544079-1,STRUCTURAL_SCREEN_EXHAUSTED_PRIMALITY_UNASSIGNED,GF3A_DIRECTIONAL_WRITE_EXHAUSTED_PRIMALITY_UNASSIGNED,514,512,512,NO_RECORDED_FACTOR_PRP_OR_LL_RESULT_AND_NO_ACTIVE_GIMPS_ASSIGNMENT,2026-08-08T14:01:06+00:00,UNALLOCATED,,,,,
SLCMP585-0878,878,878,288544133,2^288544133-1,STRUCTURAL_SCREEN_EXHAUSTED_PRIMALITY_UNASSIGNED,GF3A_DIRECTIONAL_WRITE_EXHAUSTED_PRIMALITY_UNASSIGNED,513,512,512,NO_RECORDED_FACTOR_PRP_OR_LL_RESULT_AND_NO_ACTIVE_GIMPS_ASSIGNMENT,2026-08-08T14:01:06+00:00,UNALLOCATED,,,,,
SLCMP585-0879,879,879,288544153,2^288544153-1,STRUCTURAL_SCREEN_EXHAUSTED_PRIMALITY_UNASSIGNED,GF3A_DIRECTIONAL_WRITE_EXHAUSTED_PRIMALITY_UNASSIGNED,513,512,512,NO_RECORDED_FACTOR_PRP_OR_LL_RESULT_AND_NO_ACTIVE_GIMPS_ASSIGNMENT,2026-08-08T14:01:06+00:00,UNALLOCATED,,,,,
SLCMP585-0880,880,880,288544159,2^288544159-1,STRUCTURAL_SCREEN_EXHAUSTED_PRIMALITY_UNASSIGNED,GF3A_DIRECTIONAL_WRITE_EXHAUSTED_PRIMALITY_UNASSIGNED,514,512,512,NO_RECORDED_FACTOR_PRP_OR_LL_RESULT_AND_NO_ACTIVE_GIMPS_ASSIGNMENT,2026-08-08T14:01:06+00:00,UNALLOCATED,,,,,
SLCMP585-0881,881,881,288544181,2^288544181-1,STRUCTURAL_SCREEN_EXHAUSTED_PRIMALITY_UNASSIGNED,GF3A_DIRECTIONAL_WRITE_EXHAUSTED_PRIMALITY_UNASSIGNED,513,512,512,NO_RECORDED_FACTOR_PRP_OR_LL_RESULT_AND_NO_ACTIVE_GIMPS_ASSIGNMENT,2026-08-08T14:01:06+00:00,UNALLOCATED,,,,,
SLCMP585-0882,882,882,288544189,2^288544189-1,STRUCTURAL_SCREEN_EXHAUSTED_PRIMALITY_UNASSIGNED,GF3A_DIRECTIONAL_WRITE_EXHAUSTED_PRIMALITY_UNASSIGNED,513,512,512,NO_RECORDED_FACTOR_PRP_OR_LL_RESULT_AND_NO_ACTIVE_GIMPS_ASSIGNMENT,2026-08-08T14:01:06+00:00,UNALLOCATED,,,,,
SLCMP585-0883,883,883,288544259,2^288544259-1,STRUCTURAL_SCREEN_EXHAUSTED_PRIMALITY_UNASSIGNED,GF3A_DIRECTIONAL_WRITE_EXHAUSTED_PRIMALITY_UNASSIGNED,514,512,512,NO_RECORDED_FACTOR_PRP_OR_LL_RESULT_AND_NO_ACTIVE_GIMPS_ASSIGNMENT,2026-08-08T14:01:06+00:00,UNALLOCATED,,,,,
SLCMP585-0884,884,884,288544283,2^288544283-1,STRUCTURAL_SCREEN_EXHAUSTED_PRIMALITY_UNASSIGNED,GF3A_DIRECTIONAL_WRITE_EXHAUSTED_PRIMALITY_UNASSIGNED,514,512,512,NO_RECORDED_FACTOR_PRP_OR_LL_RESULT_AND_NO_ACTIVE_GIMPS_ASSIGNMENT,2026-08-08T14:01:06+00:00,UNALLOCATED,,,,,
SLCMP585-0885,885,885,288544337,2^288544337-1,STRUCTURAL_SCREEN_EXHAUSTED_PRIMALITY_UNASSIGNED,GF3A_DIRECTIONAL_WRITE_EXHAUSTED_PRIMALITY_UNASSIGNED,513,512,512,NO_RECORDED_FACTOR_PRP_OR_LL_RESULT_AND_NO_ACTIVE_GIMPS_ASSIGNMENT,2026-08-08T14:01:06+00:00,UNALLOCATED,,,,,
SLCMP585-0886,886,886,288544339,2^288544339-1,STRUCTURAL_SCREEN_EXHAUSTED_PRIMALITY_UNASSIGNED,GF3A_DIRECTIONAL_WRITE_EXHAUSTED_PRIMALITY_UNASSIGNED,514,512,512,NO_RECORDED_FACTOR_PRP_OR_LL_RESULT_AND_NO_ACTIVE_GIMPS_ASSIGNMENT,2026-08-08T14:01:06+00:00,UNALLOCATED,,,,,
SLCMP585-0887,887,887,288544343,2^288544343-1,STRUCTURAL_SCREEN_EXHAUSTED_PRIMALITY_UNASSIGNED,GF3A_DIRECTIONAL_WRITE_EXHAUSTED_PRIMALITY_UNASSIGNED,514,512,512,NO_RECORDED_FACTOR_PRP_OR_LL_RESULT_AND_NO_ACTIVE_GIMPS_ASSIGNMENT,2026-08-08T14:01:06+00:00,UNALLOCATED,,,,,
SLCMP585-0888,888,888,288544379,2^288544379-1,STRUCTURAL_SCREEN_EXHAUSTED_PRIMALITY_UNASSIGNED,GF3A_DIRECTIONAL_WRITE_EXHAUSTED_PRIMALITY_UNASSIGNED,514,512,512,NO_RECORDED_FACTOR_PRP_OR_LL_RESULT_AND_NO_ACTIVE_GIMPS_ASSIGNMENT,2026-08-08T14:01:06+00:00,UNALLOCATED,,,,,
SLCMP585-0889,889,889,288544391,2^288544391-1,STRUCTURAL_SCREEN_EXHAUSTED_PRIMALITY_UNASSIGNED,GF3A_DIRECTIONAL_WRITE_EXHAUSTED_PRIMALITY_UNASSIGNED,514,512,512,NO_RECORDED_FACTOR_PRP_OR_LL_RESULT_AND_NO_ACTIVE_GIMPS_ASSIGNMENT,2026-08-08T14:01:06+00:00,UNALLOCATED,,,,,
SLCMP585-0890,890,890,288544573,2^288544573-1,STRUCTURAL_SCREEN_EXHAUSTED_PRIMALITY_UNASSIGNED,GF3A_DIRECTIONAL_WRITE_EXHAUSTED_PRIMALITY_UNASSIGNED,513,512,512,NO_RECORDED_FACTOR_PRP_OR_LL_RESULT_AND_NO_ACTIVE_GIMPS_ASSIGNMENT,2026-08-08T14:01:06+00:00,UNALLOCATED,,,,,
SLCMP585-0891,891,891,288544649,2^288544649-1,STRUCTURAL_SCREEN_EXHAUSTED_PRIMALITY_UNASSIGNED,GF3A_DIRECTIONAL_WRITE_EXHAUSTED_PRIMALITY_UNASSIGNED,513,512,512,NO_RECORDED_FACTOR_PRP_OR_LL_RESULT_AND_NO_ACTIVE_GIMPS_ASSIGNMENT,2026-08-08T14:01:06+00:00,UNALLOCATED,,,,,
SLCMP585-0892,892,892,288544681,2^288544681-1,STRUCTURAL_SCREEN_EXHAUSTED_PRIMALITY_UNASSIGNED,GF3A_DIRECTIONAL_WRITE_EXHAUSTED_PRIMALITY_UNASSIGNED,513,512,512,NO_RECORDED_FACTOR_PRP_OR_LL_RESULT_AND_NO_ACTIVE_GIMPS_ASSIGNMENT,2026-08-08T14:01:06+00:00,UNALLOCATED,,,,,
SLCMP585-0893,893,893,288544787,2^288544787-1,STRUCTURAL_SCREEN_EXHAUSTED_PRIMALITY_UNASSIGNED,GF3A_DIRECTIONAL_WRITE_EXHAUSTED_PRIMALITY_UNASSIGNED,514,512,512,NO_RECORDED_FACTOR_PRP_OR_LL_RESULT_AND_NO_ACTIVE_GIMPS_ASSIGNMENT,2026-08-08T14:01:06+00:00,UNALLOCATED,,,,,
SLCMP585-0894,894,894,288544897,2^288544897-1,STRUCTURAL_SCREEN_EXHAUSTED_PRIMALITY_UNASSIGNED,GF3A_DIRECTIONAL_WRITE_EXHAUSTED_PRIMALITY_UNASSIGNED,513,512,512,NO_RECORDED_FACTOR_PRP_OR_LL_RESULT_AND_NO_ACTIVE_GIMPS_ASSIGNMENT,2026-08-08T14:01:06+00:00,UNALLOCATED,,,,,
SLCMP585-0895,895,895,288544943,2^288544943-1,STRUCTURAL_SCREEN_EXHAUSTED_PRIMALITY_UNASSIGNED,GF3A_DIRECTIONAL_WRITE_EXHAUSTED_PRIMALITY_UNASSIGNED,514,512,512,NO_RECORDED_FACTOR_PRP_OR_LL_RESULT_AND_NO_ACTIVE_GIMPS_ASSIGNMENT,2026-08-08T14:01:06+00:00,UNALLOCATED,,,,,
SLCMP585-0896,896,896,288544999,2^288544999-1,STRUCTURAL_SCREEN_EXHAUSTED_PRIMALITY_UNASSIGNED,GF3A_DIRECTIONAL_WRITE_EXHAUSTED_PRIMALITY_UNASSIGNED,514,512,512,NO_RECORDED_FACTOR_PRP_OR_LL_RESULT_AND_NO_ACTIVE_GIMPS_ASSIGNMENT,2026-08-08T14:01:06+00:00,UNALLOCATED,,,,,
SLCMP585-0897,897,897,288545011,2^288545011-1,STRUCTURAL_SCREEN_EXHAUSTED_PRIMALITY_UNASSIGNED,GF3A_DIRECTIONAL_WRITE_EXHAUSTED_PRIMALITY_UNASSIGNED,514,512,512,NO_RECORDED_FACTOR_PRP_OR_LL_RESULT_AND_NO_ACTIVE_GIMPS_ASSIGNMENT,2026-08-08T14:01:06+00:00,UNALLOCATED,,,,,
SLCMP585-0898,898,898,288545017,2^288545017-1,STRUCTURAL_SCREEN_EXHAUSTED_PRIMALITY_UNASSIGNED,GF3A_DIRECTIONAL_WRITE_EXHAUSTED_PRIMALITY_UNASSIGNED,513,512,512,NO_RECORDED_FACTOR_PRP_OR_LL_RESULT_AND_NO_ACTIVE_GIMPS_ASSIGNMENT,2026-08-08T14:01:06+00:00,UNALLOCATED,,,,,
SLCMP585-0899,899,899,288545069,2^288545069-1,STRUCTURAL_SCREEN_EXHAUSTED_PRIMALITY_UNASSIGNED,GF3A_DIRECTIONAL_WRITE_EXHAUSTED_PRIMALITY_UNASSIGNED,513,512,512,NO_RECORDED_FACTOR_PRP_OR_LL_RESULT_AND_NO_ACTIVE_GIMPS_ASSIGNMENT,2026-08-08T14:01:06+00:00,UNALLOCATED,,,,,
SLCMP585-0900,900,900,288545071,2^288545071-1,STRUCTURAL_SCREEN_EXHAUSTED_PRIMALITY_UNASSIGNED,GF3A_DIRECTIONAL_WRITE_EXHAUSTED_PRIMALITY_UNASSIGNED,514,512,512,NO_RECORDED_FACTOR_PRP_OR_LL_RESULT_AND_NO_ACTIVE_GIMPS_ASSIGNMENT,2026-08-08T14:01:06+00:00,UNALLOCATED,,,,,
SLCMP585-0901,901,901,288545113,2^288545113-1,STRUCTURAL_SCREEN_EXHAUSTED_PRIMALITY_UNASSIGNED,GF3A_DIRECTIONAL_WRITE_EXHAUSTED_PRIMALITY_UNASSIGNED,513,512,512,NO_RECORDED_FACTOR_PRP_OR_LL_RESULT_AND_NO_ACTIVE_GIMPS_ASSIGNMENT,2026-08-08T14:01:06+00:00,UNALLOCATED,,,,,
SLCMP585-0902,902,902,288545137,2^288545137-1,STRUCTURAL_SCREEN_EXHAUSTED_PRIMALITY_UNASSIGNED,GF3A_DIRECTIONAL_WRITE_EXHAUSTED_PRIMALITY_UNASSIGNED,513,512,512,NO_RECORDED_FACTOR_PRP_OR_LL_RESULT_AND_NO_ACTIVE_GIMPS_ASSIGNMENT,2026-08-08T14:01:06+00:00,UNALLOCATED,,,,,
SLCMP585-0903,903,903,288545141,2^288545141-1,STRUCTURAL_SCREEN_EXHAUSTED_PRIMALITY_UNASSIGNED,GF3A_DIRECTIONAL_WRITE_EXHAUSTED_PRIMALITY_UNASSIGNED,513,512,512,NO_RECORDED_FACTOR_PRP_OR_LL_RESULT_AND_NO_ACTIVE_GIMPS_ASSIGNMENT,2026-08-08T14:01:06+00:00,UNALLOCATED,,,,,
SLCMP585-0904,904,904,288545293,2^288545293-1,STRUCTURAL_SCREEN_EXHAUSTED_PRIMALITY_UNASSIGNED,GF3A_DIRECTIONAL_WRITE_EXHAUSTED_PRIMALITY_UNASSIGNED,513,512,512,NO_RECORDED_FACTOR_PRP_OR_LL_RESULT_AND_NO_ACTIVE_GIMPS_ASSIGNMENT,2026-08-08T14:01:06+00:00,UNALLOCATED,,,,,
SLCMP585-0905,905,905,288545399,2^288545399-1,STRUCTURAL_SCREEN_EXHAUSTED_PRIMALITY_UNASSIGNED,GF3A_DIRECTIONAL_WRITE_EXHAUSTED_PRIMALITY_UNASSIGNED,514,512,512,NO_RECORDED_FACTOR_PRP_OR_LL_RESULT_AND_NO_ACTIVE_GIMPS_ASSIGNMENT,2026-08-08T14:01:06+00:00,UNALLOCATED,,,,,
SLCMP585-0906,906,906,288545429,2^288545429-1,STRUCTURAL_SCREEN_EXHAUSTED_PRIMALITY_UNASSIGNED,GF3A_DIRECTIONAL_WRITE_EXHAUSTED_PRIMALITY_UNASSIGNED,513,512,512,NO_RECORDED_FACTOR_PRP_OR_LL_RESULT_AND_NO_ACTIVE_GIMPS_ASSIGNMENT,2026-08-08T14:01:06+00:00,UNALLOCATED,,,,,
SLCMP585-0907,907,907,288545461,2^288545461-1,STRUCTURAL_SCREEN_EXHAUSTED_PRIMALITY_UNASSIGNED,GF3A_DIRECTIONAL_WRITE_EXHAUSTED_PRIMALITY_UNASSIGNED,513,512,512,NO_RECORDED_FACTOR_PRP_OR_LL_RESULT_AND_NO_ACTIVE_GIMPS_ASSIGNMENT,2026-08-08T14:01:06+00:00,UNALLOCATED,,,,,
SLCMP585-0908,908,908,288545611,2^288545611-1,STRUCTURAL_SCREEN_EXHAUSTED_PRIMALITY_UNASSIGNED,GF3A_DIRECTIONAL_WRITE_EXHAUSTED_PRIMALITY_UNASSIGNED,514,512,512,NO_RECORDED_FACTOR_PRP_OR_LL_RESULT_AND_NO_ACTIVE_GIMPS_ASSIGNMENT,2026-08-08T14:01:06+00:00,UNALLOCATED,,,,,
SLCMP585-0909,909,909,288545627,2^288545627-1,STRUCTURAL_SCREEN_EXHAUSTED_PRIMALITY_UNASSIGNED,GF3A_DIRECTIONAL_WRITE_EXHAUSTED_PRIMALITY_UNASSIGNED,514,512,512,NO_RECORDED_FACTOR_PRP_OR_LL_RESULT_AND_NO_ACTIVE_GIMPS_ASSIGNMENT,2026-08-08T14:01:06+00:00,UNALLOCATED,,,,,
SLCMP585-0910,910,910,288545729,2^288545729-1,STRUCTURAL_SCREEN_EXHAUSTED_PRIMALITY_UNASSIGNED,GF3A_DIRECTIONAL_WRITE_EXHAUSTED_PRIMALITY_UNASSIGNED,513,512,512,NO_RECORDED_FACTOR_PRP_OR_LL_RESULT_AND_NO_ACTIVE_GIMPS_ASSIGNMENT,2026-08-08T14:01:06+00:00,UNALLOCATED,,,,,
SLCMP585-0911,911,911,288545779,2^288545779-1,STRUCTURAL_SCREEN_EXHAUSTED_PRIMALITY_UNASSIGNED,GF3A_DIRECTIONAL_WRITE_EXHAUSTED_PRIMALITY_UNASSIGNED,514,512,512,NO_RECORDED_FACTOR_PRP_OR_LL_RESULT_AND_NO_ACTIVE_GIMPS_ASSIGNMENT,2026-08-08T14:01:06+00:00,UNALLOCATED,,,,,
SLCMP585-0912,912,912,288545977,2^288545977-1,STRUCTURAL_SCREEN_EXHAUSTED_PRIMALITY_UNASSIGNED,GF3A_DIRECTIONAL_WRITE_EXHAUSTED_PRIMALITY_UNASSIGNED,513,512,512,NO_RECORDED_FACTOR_PRP_OR_LL_RESULT_AND_NO_ACTIVE_GIMPS_ASSIGNMENT,2026-08-08T14:01:06+00:00,UNALLOCATED,,,,,
SLCMP585-0913,913,913,288545993,2^288545993-1,STRUCTURAL_SCREEN_EXHAUSTED_PRIMALITY_UNASSIGNED,GF3A_DIRECTIONAL_WRITE_EXHAUSTED_PRIMALITY_UNASSIGNED,513,512,512,NO_RECORDED_FACTOR_PRP_OR_LL_RESULT_AND_NO_ACTIVE_GIMPS_ASSIGNMENT,2026-08-08T14:01:06+00:00,UNALLOCATED,,,,,
SLCMP585-0914,914,914,288546007,2^288546007-1,STRUCTURAL_SCREEN_EXHAUSTED_PRIMALITY_UNASSIGNED,GF3A_DIRECTIONAL_WRITE_EXHAUSTED_PRIMALITY_UNASSIGNED,514,512,512,NO_RECORDED_FACTOR_PRP_OR_LL_RESULT_AND_NO_ACTIVE_GIMPS_ASSIGNMENT,2026-08-08T14:01:06+00:00,UNALLOCATED,,,,,
SLCMP585-0915,915,915,288546067,2^288546067-1,STRUCTURAL_SCREEN_EXHAUSTED_PRIMALITY_UNASSIGNED,GF3A_DIRECTIONAL_WRITE_EXHAUSTED_PRIMALITY_UNASSIGNED,514,512,512,NO_RECORDED_FACTOR_PRP_OR_LL_RESULT_AND_NO_ACTIVE_GIMPS_ASSIGNMENT,2026-08-08T14:01:06+00:00,UNALLOCATED,,,,,
SLCMP585-0916,916,916,288546101,2^288546101-1,STRUCTURAL_SCREEN_EXHAUSTED_PRIMALITY_UNASSIGNED,GF3A_DIRECTIONAL_WRITE_EXHAUSTED_PRIMALITY_UNASSIGNED,513,512,512,NO_RECORDED_FACTOR_PRP_OR_LL_RESULT_AND_NO_ACTIVE_GIMPS_ASSIGNMENT,2026-08-08T14:01:06+00:00,UNALLOCATED,,,,,
SLCMP585-0917,917,917,288546127,2^288546127-1,STRUCTURAL_SCREEN_EXHAUSTED_PRIMALITY_UNASSIGNED,GF3A_DIRECTIONAL_WRITE_EXHAUSTED_PRIMALITY_UNASSIGNED,514,512,512,NO_RECORDED_FACTOR_PRP_OR_LL_RESULT_AND_NO_ACTIVE_GIMPS_ASSIGNMENT,2026-08-08T14:01:06+00:00,UNALLOCATED,,,,,
SLCMP585-0918,918,918,288546163,2^288546163-1,STRUCTURAL_SCREEN_EXHAUSTED_PRIMALITY_UNASSIGNED,GF3A_DIRECTIONAL_WRITE_EXHAUSTED_PRIMALITY_UNASSIGNED,514,512,512,NO_RECORDED_FACTOR_PRP_OR_LL_RESULT_AND_NO_ACTIVE_GIMPS_ASSIGNMENT,2026-08-08T14:01:06+00:00,UNALLOCATED,,,,,
SLCMP585-0919,919,919,288546169,2^288546169-1,STRUCTURAL_SCREEN_EXHAUSTED_PRIMALITY_UNASSIGNED,GF3A_DIRECTIONAL_WRITE_EXHAUSTED_PRIMALITY_UNASSIGNED,513,512,512,NO_RECORDED_FACTOR_PRP_OR_LL_RESULT_AND_NO_ACTIVE_GIMPS_ASSIGNMENT,2026-08-08T14:01:06+00:00,UNALLOCATED,,,,,
SLCMP585-0920,920,920,288546173,2^288546173-1,STRUCTURAL_SCREEN_EXHAUSTED_PRIMALITY_UNASSIGNED,GF3A_DIRECTIONAL_WRITE_EXHAUSTED_PRIMALITY_UNASSIGNED,513,512,512,NO_RECORDED_FACTOR_PRP_OR_LL_RESULT_AND_NO_ACTIVE_GIMPS_ASSIGNMENT,2026-08-08T14:01:06+00:00,UNALLOCATED,,,,,
SLCMP585-0921,921,921,288546187,2^288546187-1,STRUCTURAL_SCREEN_EXHAUSTED_PRIMALITY_UNASSIGNED,GF3A_DIRECTIONAL_WRITE_EXHAUSTED_PRIMALITY_UNASSIGNED,514,512,512,NO_RECORDED_FACTOR_PRP_OR_LL_RESULT_AND_NO_ACTIVE_GIMPS_ASSIGNMENT,2026-08-08T14:01:06+00:00,UNALLOCATED,,,,,
SLCMP585-0922,922,922,288546229,2^288546229-1,STRUCTURAL_SCREEN_EXHAUSTED_PRIMALITY_UNASSIGNED,GF3A_DIRECTIONAL_WRITE_EXHAUSTED_PRIMALITY_UNASSIGNED,513,512,512,NO_RECORDED_FACTOR_PRP_OR_LL_RESULT_AND_NO_ACTIVE_GIMPS_ASSIGNMENT,2026-08-08T14:01:06+00:00,UNALLOCATED,,,,,
SLCMP585-0923,923,923,288546439,2^288546439-1,STRUCTURAL_SCREEN_EXHAUSTED_PRIMALITY_UNASSIGNED,GF3A_DIRECTIONAL_WRITE_EXHAUSTED_PRIMALITY_UNASSIGNED,514,512,512,NO_RECORDED_FACTOR_PRP_OR_LL_RESULT_AND_NO_ACTIVE_GIMPS_ASSIGNMENT,2026-08-08T14:01:06+00:00,UNALLOCATED,,,,,
SLCMP585-0924,924,924,288546563,2^288546563-1,STRUCTURAL_SCREEN_EXHAUSTED_PRIMALITY_UNASSIGNED,GF3A_DIRECTIONAL_WRITE_EXHAUSTED_PRIMALITY_UNASSIGNED,514,512,512,NO_RECORDED_FACTOR_PRP_OR_LL_RESULT_AND_NO_ACTIVE_GIMPS_ASSIGNMENT,2026-08-08T14:01:06+00:00,UNALLOCATED,,,,,
SLCMP585-0925,925,925,288546571,2^288546571-1,STRUCTURAL_SCREEN_EXHAUSTED_PRIMALITY_UNASSIGNED,GF3A_DIRECTIONAL_WRITE_EXHAUSTED_PRIMALITY_UNASSIGNED,514,512,512,NO_RECORDED_FACTOR_PRP_OR_LL_RESULT_AND_NO_ACTIVE_GIMPS_ASSIGNMENT,2026-08-08T14:01:06+00:00,UNALLOCATED,,,,,
SLCMP585-0926,926,926,288546611,2^288546611-1,STRUCTURAL_SCREEN_EXHAUSTED_PRIMALITY_UNASSIGNED,GF3A_DIRECTIONAL_WRITE_EXHAUSTED_PRIMALITY_UNASSIGNED,514,512,512,NO_RECORDED_FACTOR_PRP_OR_LL_RESULT_AND_NO_ACTIVE_GIMPS_ASSIGNMENT,2026-08-08T14:01:06+00:00,UNALLOCATED,,,,,
SLCMP585-0927,927,927,288546679,2^288546679-1,STRUCTURAL_SCREEN_EXHAUSTED_PRIMALITY_UNASSIGNED,GF3A_DIRECTIONAL_WRITE_EXHAUSTED_PRIMALITY_UNASSIGNED,514,512,512,NO_RECORDED_FACTOR_PRP_OR_LL_RESULT_AND_NO_ACTIVE_GIMPS_ASSIGNMENT,2026-08-08T14:01:06+00:00,UNALLOCATED,,,,,
SLCMP585-0928,928,928,288546719,2^288546719-1,STRUCTURAL_SCREEN_EXHAUSTED_PRIMALITY_UNASSIGNED,GF3A_DIRECTIONAL_WRITE_EXHAUSTED_PRIMALITY_UNASSIGNED,514,512,512,NO_RECORDED_FACTOR_PRP_OR_LL_RESULT_AND_NO_ACTIVE_GIMPS_ASSIGNMENT,2026-08-08T14:01:06+00:00,UNALLOCATED,,,,,
SLCMP585-0929,929,929,288546821,2^288546821-1,STRUCTURAL_SCREEN_EXHAUSTED_PRIMALITY_UNASSIGNED,GF3A_DIRECTIONAL_WRITE_EXHAUSTED_PRIMALITY_UNASSIGNED,513,512,512,NO_RECORDED_FACTOR_PRP_OR_LL_RESULT_AND_NO_ACTIVE_GIMPS_ASSIGNMENT,2026-08-08T14:01:06+00:00,UNALLOCATED,,,,,
SLCMP585-0930,930,930,288546833,2^288546833-1,STRUCTURAL_SCREEN_EXHAUSTED_PRIMALITY_UNASSIGNED,GF3A_DIRECTIONAL_WRITE_EXHAUSTED_PRIMALITY_UNASSIGNED,513,512,512,NO_RECORDED_FACTOR_PRP_OR_LL_RESULT_AND_NO_ACTIVE_GIMPS_ASSIGNMENT,2026-08-08T14:01:06+00:00,UNALLOCATED,,,,,
SLCMP585-0931,931,931,288546877,2^288546877-1,STRUCTURAL_SCREEN_EXHAUSTED_PRIMALITY_UNASSIGNED,GF3A_DIRECTIONAL_WRITE_EXHAUSTED_PRIMALITY_UNASSIGNED,513,512,512,NO_RECORDED_FACTOR_PRP_OR_LL_RESULT_AND_NO_ACTIVE_GIMPS_ASSIGNMENT,2026-08-08T14:01:06+00:00,UNALLOCATED,,,,,
SLCMP585-0932,932,932,288546887,2^288546887-1,STRUCTURAL_SCREEN_EXHAUSTED_PRIMALITY_UNASSIGNED,GF3A_DIRECTIONAL_WRITE_EXHAUSTED_PRIMALITY_UNASSIGNED,514,512,512,NO_RECORDED_FACTOR_PRP_OR_LL_RESULT_AND_NO_ACTIVE_GIMPS_ASSIGNMENT,2026-08-08T14:01:06+00:00,UNALLOCATED,,,,,
SLCMP585-0933,933,933,288546943,2^288546943-1,STRUCTURAL_SCREEN_EXHAUSTED_PRIMALITY_UNASSIGNED,GF3A_DIRECTIONAL_WRITE_EXHAUSTED_PRIMALITY_UNASSIGNED,514,512,512,NO_RECORDED_FACTOR_PRP_OR_LL_RESULT_AND_NO_ACTIVE_GIMPS_ASSIGNMENT,2026-08-08T14:01:06+00:00,UNALLOCATED,,,,,
SLCMP585-0934,934,934,288546949,2^288546949-1,STRUCTURAL_SCREEN_EXHAUSTED_PRIMALITY_UNASSIGNED,GF3A_DIRECTIONAL_WRITE_EXHAUSTED_PRIMALITY_UNASSIGNED,513,512,512,NO_RECORDED_FACTOR_PRP_OR_LL_RESULT_AND_NO_ACTIVE_GIMPS_ASSIGNMENT,2026-08-08T14:01:06+00:00,UNALLOCATED,,,,,
SLCMP585-0935,935,935,288547033,2^288547033-1,STRUCTURAL_SCREEN_EXHAUSTED_PRIMALITY_UNASSIGNED,GF3A_DIRECTIONAL_WRITE_EXHAUSTED_PRIMALITY_UNASSIGNED,513,512,512,NO_RECORDED_FACTOR_PRP_OR_LL_RESULT_AND_NO_ACTIVE_GIMPS_ASSIGNMENT,2026-08-08T14:01:06+00:00,UNALLOCATED,,,,,
SLCMP585-0936,936,936,288547037,2^288547037-1,STRUCTURAL_SCREEN_EXHAUSTED_PRIMALITY_UNASSIGNED,GF3A_DIRECTIONAL_WRITE_EXHAUSTED_PRIMALITY_UNASSIGNED,513,512,512,NO_RECORDED_FACTOR_PRP_OR_LL_RESULT_AND_NO_ACTIVE_GIMPS_ASSIGNMENT,2026-08-08T14:01:06+00:00,UNALLOCATED,,,,,
SLCMP585-0937,937,937,288547073,2^288547073-1,STRUCTURAL_SCREEN_EXHAUSTED_PRIMALITY_UNASSIGNED,GF3A_DIRECTIONAL_WRITE_EXHAUSTED_PRIMALITY_UNASSIGNED,513,512,512,NO_RECORDED_FACTOR_PRP_OR_LL_RESULT_AND_NO_ACTIVE_GIMPS_ASSIGNMENT,2026-08-08T14:01:06+00:00,UNALLOCATED,,,,,
SLCMP585-0938,938,938,288547117,2^288547117-1,STRUCTURAL_SCREEN_EXHAUSTED_PRIMALITY_UNASSIGNED,GF3A_DIRECTIONAL_WRITE_EXHAUSTED_PRIMALITY_UNASSIGNED,513,512,512,NO_RECORDED_FACTOR_PRP_OR_LL_RESULT_AND_NO_ACTIVE_GIMPS_ASSIGNMENT,2026-08-08T14:01:06+00:00,UNALLOCATED,,,,,
SLCMP585-0939,939,939,288547223,2^288547223-1,STRUCTURAL_SCREEN_EXHAUSTED_PRIMALITY_UNASSIGNED,GF3A_DIRECTIONAL_WRITE_EXHAUSTED_PRIMALITY_UNASSIGNED,514,512,512,NO_RECORDED_FACTOR_PRP_OR_LL_RESULT_AND_NO_ACTIVE_GIMPS_ASSIGNMENT,2026-08-08T14:01:06+00:00,UNALLOCATED,,,,,
SLCMP585-0940,940,940,288547367,2^288547367-1,STRUCTURAL_SCREEN_EXHAUSTED_PRIMALITY_UNASSIGNED,GF3A_DIRECTIONAL_WRITE_EXHAUSTED_PRIMALITY_UNASSIGNED,514,512,512,NO_RECORDED_FACTOR_PRP_OR_LL_RESULT_AND_NO_ACTIVE_GIMPS_ASSIGNMENT,2026-08-08T14:01:06+00:00,UNALLOCATED,,,,,
SLCMP585-0941,941,941,288547373,2^288547373-1,STRUCTURAL_SCREEN_EXHAUSTED_PRIMALITY_UNASSIGNED,GF3A_DIRECTIONAL_WRITE_EXHAUSTED_PRIMALITY_UNASSIGNED,513,512,512,NO_RECORDED_FACTOR_PRP_OR_LL_RESULT_AND_NO_ACTIVE_GIMPS_ASSIGNMENT,2026-08-08T14:01:06+00:00,UNALLOCATED,,,,,
SLCMP585-0942,942,942,288547387,2^288547387-1,STRUCTURAL_SCREEN_EXHAUSTED_PRIMALITY_UNASSIGNED,GF3A_DIRECTIONAL_WRITE_EXHAUSTED_PRIMALITY_UNASSIGNED,514,512,512,NO_RECORDED_FACTOR_PRP_OR_LL_RESULT_AND_NO_ACTIVE_GIMPS_ASSIGNMENT,2026-08-08T14:01:06+00:00,UNALLOCATED,,,,,
SLCMP585-0943,943,943,288547403,2^288547403-1,STRUCTURAL_SCREEN_EXHAUSTED_PRIMALITY_UNASSIGNED,GF3A_DIRECTIONAL_WRITE_EXHAUSTED_PRIMALITY_UNASSIGNED,514,512,512,NO_RECORDED_FACTOR_PRP_OR_LL_RESULT_AND_NO_ACTIVE_GIMPS_ASSIGNMENT,2026-08-08T14:01:06+00:00,UNALLOCATED,,,,,
SLCMP585-0944,944,944,288547417,2^288547417-1,STRUCTURAL_SCREEN_EXHAUSTED_PRIMALITY_UNASSIGNED,GF3A_DIRECTIONAL_WRITE_EXHAUSTED_PRIMALITY_UNASSIGNED,513,512,512,NO_RECORDED_FACTOR_PRP_OR_LL_RESULT_AND_NO_ACTIVE_GIMPS_ASSIGNMENT,2026-08-08T14:01:06+00:00,UNALLOCATED,,,,,
SLCMP585-0945,945,945,288547499,2^288547499-1,STRUCTURAL_SCREEN_EXHAUSTED_PRIMALITY_UNASSIGNED,GF3A_DIRECTIONAL_WRITE_EXHAUSTED_PRIMALITY_UNASSIGNED,514,512,512,NO_RECORDED_FACTOR_PRP_OR_LL_RESULT_AND_NO_ACTIVE_GIMPS_ASSIGNMENT,2026-08-08T14:01:06+00:00,UNALLOCATED,,,,,
SLCMP585-0946,946,946,288547517,2^288547517-1,STRUCTURAL_SCREEN_EXHAUSTED_PRIMALITY_UNASSIGNED,GF3A_DIRECTIONAL_WRITE_EXHAUSTED_PRIMALITY_UNASSIGNED,513,512,512,NO_RECORDED_FACTOR_PRP_OR_LL_RESULT_AND_NO_ACTIVE_GIMPS_ASSIGNMENT,2026-08-08T14:01:06+00:00,UNALLOCATED,,,,,
SLCMP585-0947,947,947,288547747,2^288547747-1,STRUCTURAL_SCREEN_EXHAUSTED_PRIMALITY_UNASSIGNED,GF3A_DIRECTIONAL_WRITE_EXHAUSTED_PRIMALITY_UNASSIGNED,514,512,512,NO_RECORDED_FACTOR_PRP_OR_LL_RESULT_AND_NO_ACTIVE_GIMPS_ASSIGNMENT,2026-08-08T14:01:06+00:00,UNALLOCATED,,,,,
SLCMP585-0948,948,948,288547823,2^288547823-1,STRUCTURAL_SCREEN_EXHAUSTED_PRIMALITY_UNASSIGNED,GF3A_DIRECTIONAL_WRITE_EXHAUSTED_PRIMALITY_UNASSIGNED,514,512,512,NO_RECORDED_FACTOR_PRP_OR_LL_RESULT_AND_NO_ACTIVE_GIMPS_ASSIGNMENT,2026-08-08T14:01:06+00:00,UNALLOCATED,,,,,
SLCMP585-0949,949,949,288547849,2^288547849-1,STRUCTURAL_SCREEN_EXHAUSTED_PRIMALITY_UNASSIGNED,GF3A_DIRECTIONAL_WRITE_EXHAUSTED_PRIMALITY_UNASSIGNED,513,512,512,NO_RECORDED_FACTOR_PRP_OR_LL_RESULT_AND_NO_ACTIVE_GIMPS_ASSIGNMENT,2026-08-08T14:01:06+00:00,UNALLOCATED,,,,,
SLCMP585-0950,950,950,288547871,2^288547871-1,STRUCTURAL_SCREEN_EXHAUSTED_PRIMALITY_UNASSIGNED,GF3A_DIRECTIONAL_WRITE_EXHAUSTED_PRIMALITY_UNASSIGNED,514,512,512,NO_RECORDED_FACTOR_PRP_OR_LL_RESULT_AND_NO_ACTIVE_GIMPS_ASSIGNMENT,2026-08-08T14:01:06+00:00,UNALLOCATED,,,,,
SLCMP585-0951,951,951,288547943,2^288547943-1,STRUCTURAL_SCREEN_EXHAUSTED_PRIMALITY_UNASSIGNED,GF3A_DIRECTIONAL_WRITE_EXHAUSTED_PRIMALITY_UNASSIGNED,514,512,512,NO_RECORDED_FACTOR_PRP_OR_LL_RESULT_AND_NO_ACTIVE_GIMPS_ASSIGNMENT,2026-08-08T14:01:06+00:00,UNALLOCATED,,,,,
SLCMP585-0952,952,952,288547981,2^288547981-1,STRUCTURAL_SCREEN_EXHAUSTED_PRIMALITY_UNASSIGNED,GF3A_DIRECTIONAL_WRITE_EXHAUSTED_PRIMALITY_UNASSIGNED,513,512,512,NO_RECORDED_FACTOR_PRP_OR_LL_RESULT_AND_NO_ACTIVE_GIMPS_ASSIGNMENT,2026-08-08T14:01:06+00:00,UNALLOCATED,,,,,
SLCMP585-0953,953,953,288548129,2^288548129-1,STRUCTURAL_SCREEN_EXHAUSTED_PRIMALITY_UNASSIGNED,GF3A_DIRECTIONAL_WRITE_EXHAUSTED_PRIMALITY_UNASSIGNED,513,512,512,NO_RECORDED_FACTOR_PRP_OR_LL_RESULT_AND_NO_ACTIVE_GIMPS_ASSIGNMENT,2026-08-08T14:01:06+00:00,UNALLOCATED,,,,,
SLCMP585-0954,954,954,288548137,2^288548137-1,STRUCTURAL_SCREEN_EXHAUSTED_PRIMALITY_UNASSIGNED,GF3A_DIRECTIONAL_WRITE_EXHAUSTED_PRIMALITY_UNASSIGNED,513,512,512,NO_RECORDED_FACTOR_PRP_OR_LL_RESULT_AND_NO_ACTIVE_GIMPS_ASSIGNMENT,2026-08-08T14:01:06+00:00,UNALLOCATED,,,,,
SLCMP585-0955,955,955,288548147,2^288548147-1,STRUCTURAL_SCREEN_EXHAUSTED_PRIMALITY_UNASSIGNED,GF3A_DIRECTIONAL_WRITE_EXHAUSTED_PRIMALITY_UNASSIGNED,514,512,512,NO_RECORDED_FACTOR_PRP_OR_LL_RESULT_AND_NO_ACTIVE_GIMPS_ASSIGNMENT,2026-08-08T14:01:06+00:00,UNALLOCATED,,,,,
SLCMP585-0956,956,956,288548149,2^288548149-1,STRUCTURAL_SCREEN_EXHAUSTED_PRIMALITY_UNASSIGNED,GF3A_DIRECTIONAL_WRITE_EXHAUSTED_PRIMALITY_UNASSIGNED,513,512,512,NO_RECORDED_FACTOR_PRP_OR_LL_RESULT_AND_NO_ACTIVE_GIMPS_ASSIGNMENT,2026-08-08T14:01:06+00:00,UNALLOCATED,,,,,
SLCMP585-0957,957,957,288548153,2^288548153-1,STRUCTURAL_SCREEN_EXHAUSTED_PRIMALITY_UNASSIGNED,GF3A_DIRECTIONAL_WRITE_EXHAUSTED_PRIMALITY_UNASSIGNED,513,512,512,NO_RECORDED_FACTOR_PRP_OR_LL_RESULT_AND_NO_ACTIVE_GIMPS_ASSIGNMENT,2026-08-08T14:01:06+00:00,UNALLOCATED,,,,,
SLCMP585-0958,958,958,288548243,2^288548243-1,STRUCTURAL_SCREEN_EXHAUSTED_PRIMALITY_UNASSIGNED,GF3A_DIRECTIONAL_WRITE_EXHAUSTED_PRIMALITY_UNASSIGNED,514,512,512,NO_RECORDED_FACTOR_PRP_OR_LL_RESULT_AND_NO_ACTIVE_GIMPS_ASSIGNMENT,2026-08-08T14:01:06+00:00,UNALLOCATED,,,,,
SLCMP585-0959,959,959,288548287,2^288548287-1,STRUCTURAL_SCREEN_EXHAUSTED_PRIMALITY_UNASSIGNED,GF3A_DIRECTIONAL_WRITE_EXHAUSTED_PRIMALITY_UNASSIGNED,514,512,512,NO_RECORDED_FACTOR_PRP_OR_LL_RESULT_AND_NO_ACTIVE_GIMPS_ASSIGNMENT,2026-08-08T14:01:06+00:00,UNALLOCATED,,,,,
SLCMP585-0960,960,960,288548339,2^288548339-1,STRUCTURAL_SCREEN_EXHAUSTED_PRIMALITY_UNASSIGNED,GF3A_DIRECTIONAL_WRITE_EXHAUSTED_PRIMALITY_UNASSIGNED,514,512,512,NO_RECORDED_FACTOR_PRP_OR_LL_RESULT_AND_NO_ACTIVE_GIMPS_ASSIGNMENT,2026-08-08T14:01:06+00:00,UNALLOCATED,,,,,
SLCMP585-0961,961,961,288548389,2^288548389-1,STRUCTURAL_SCREEN_EXHAUSTED_PRIMALITY_UNASSIGNED,GF3A_DIRECTIONAL_WRITE_EXHAUSTED_PRIMALITY_UNASSIGNED,513,512,512,NO_RECORDED_FACTOR_PRP_OR_LL_RESULT_AND_NO_ACTIVE_GIMPS_ASSIGNMENT,2026-08-08T14:01:06+00:00,UNALLOCATED,,,,,
SLCMP585-0962,962,962,288548417,2^288548417-1,STRUCTURAL_SCREEN_EXHAUSTED_PRIMALITY_UNASSIGNED,GF3A_DIRECTIONAL_WRITE_EXHAUSTED_PRIMALITY_UNASSIGNED,513,512,512,NO_RECORDED_FACTOR_PRP_OR_LL_RESULT_AND_NO_ACTIVE_GIMPS_ASSIGNMENT,2026-08-08T14:01:06+00:00,UNALLOCATED,,,,,
SLCMP585-0963,963,963,288548489,2^288548489-1,STRUCTURAL_SCREEN_EXHAUSTED_PRIMALITY_UNASSIGNED,GF3A_DIRECTIONAL_WRITE_EXHAUSTED_PRIMALITY_UNASSIGNED,513,512,512,NO_RECORDED_FACTOR_PRP_OR_LL_RESULT_AND_NO_ACTIVE_GIMPS_ASSIGNMENT,2026-08-08T14:01:06+00:00,UNALLOCATED,,,,,
SLCMP585-0964,964,964,288548509,2^288548509-1,STRUCTURAL_SCREEN_EXHAUSTED_PRIMALITY_UNASSIGNED,GF3A_DIRECTIONAL_WRITE_EXHAUSTED_PRIMALITY_UNASSIGNED,513,512,512,NO_RECORDED_FACTOR_PRP_OR_LL_RESULT_AND_NO_ACTIVE_GIMPS_ASSIGNMENT,2026-08-08T14:01:06+00:00,UNALLOCATED,,,,,
SLCMP585-0965,965,965,288548621,2^288548621-1,STRUCTURAL_SCREEN_EXHAUSTED_PRIMALITY_UNASSIGNED,GF3A_DIRECTIONAL_WRITE_EXHAUSTED_PRIMALITY_UNASSIGNED,513,512,512,NO_RECORDED_FACTOR_PRP_OR_LL_RESULT_AND_NO_ACTIVE_GIMPS_ASSIGNMENT,2026-08-08T14:01:06+00:00,UNALLOCATED,,,,,
SLCMP585-0966,966,966,288548647,2^288548647-1,STRUCTURAL_SCREEN_EXHAUSTED_PRIMALITY_UNASSIGNED,GF3A_DIRECTIONAL_WRITE_EXHAUSTED_PRIMALITY_UNASSIGNED,514,512,512,NO_RECORDED_FACTOR_PRP_OR_LL_RESULT_AND_NO_ACTIVE_GIMPS_ASSIGNMENT,2026-08-08T14:01:06+00:00,UNALLOCATED,,,,,
SLCMP585-0967,967,967,288548653,2^288548653-1,STRUCTURAL_SCREEN_EXHAUSTED_PRIMALITY_UNASSIGNED,GF3A_DIRECTIONAL_WRITE_EXHAUSTED_PRIMALITY_UNASSIGNED,513,512,512,NO_RECORDED_FACTOR_PRP_OR_LL_RESULT_AND_NO_ACTIVE_GIMPS_ASSIGNMENT,2026-08-08T14:01:06+00:00,UNALLOCATED,,,,,
SLCMP585-0968,968,968,288548683,2^288548683-1,STRUCTURAL_SCREEN_EXHAUSTED_PRIMALITY_UNASSIGNED,GF3A_DIRECTIONAL_WRITE_EXHAUSTED_PRIMALITY_UNASSIGNED,514,512,512,NO_RECORDED_FACTOR_PRP_OR_LL_RESULT_AND_NO_ACTIVE_GIMPS_ASSIGNMENT,2026-08-08T14:01:06+00:00,UNALLOCATED,,,,,
SLCMP585-0969,969,969,288548747,2^288548747-1,STRUCTURAL_SCREEN_EXHAUSTED_PRIMALITY_UNASSIGNED,GF3A_DIRECTIONAL_WRITE_EXHAUSTED_PRIMALITY_UNASSIGNED,514,512,512,NO_RECORDED_FACTOR_PRP_OR_LL_RESULT_AND_NO_ACTIVE_GIMPS_ASSIGNMENT,2026-08-08T14:01:06+00:00,UNALLOCATED,,,,,
SLCMP585-0970,970,970,288548759,2^288548759-1,STRUCTURAL_SCREEN_EXHAUSTED_PRIMALITY_UNASSIGNED,GF3A_DIRECTIONAL_WRITE_EXHAUSTED_PRIMALITY_UNASSIGNED,514,512,512,NO_RECORDED_FACTOR_PRP_OR_LL_RESULT_AND_NO_ACTIVE_GIMPS_ASSIGNMENT,2026-08-08T14:01:06+00:00,UNALLOCATED,,,,,
SLCMP585-0971,971,971,288548783,2^288548783-1,STRUCTURAL_SCREEN_EXHAUSTED_PRIMALITY_UNASSIGNED,GF3A_DIRECTIONAL_WRITE_EXHAUSTED_PRIMALITY_UNASSIGNED,514,512,512,NO_RECORDED_FACTOR_PRP_OR_LL_RESULT_AND_NO_ACTIVE_GIMPS_ASSIGNMENT,2026-08-08T14:01:06+00:00,UNALLOCATED,,,,,
SLCMP585-0972,972,972,288548851,2^288548851-1,STRUCTURAL_SCREEN_EXHAUSTED_PRIMALITY_UNASSIGNED,GF3A_DIRECTIONAL_WRITE_EXHAUSTED_PRIMALITY_UNASSIGNED,514,512,512,NO_RECORDED_FACTOR_PRP_OR_LL_RESULT_AND_NO_ACTIVE_GIMPS_ASSIGNMENT,2026-08-08T14:01:06+00:00,UNALLOCATED,,,,,
SLCMP585-0973,973,973,288548929,2^288548929-1,STRUCTURAL_SCREEN_EXHAUSTED_PRIMALITY_UNASSIGNED,GF3A_DIRECTIONAL_WRITE_EXHAUSTED_PRIMALITY_UNASSIGNED,513,512,512,NO_RECORDED_FACTOR_PRP_OR_LL_RESULT_AND_NO_ACTIVE_GIMPS_ASSIGNMENT,2026-08-08T14:01:06+00:00,UNALLOCATED,,,,,
SLCMP585-0974,974,974,288548969,2^288548969-1,STRUCTURAL_SCREEN_EXHAUSTED_PRIMALITY_UNASSIGNED,GF3A_DIRECTIONAL_WRITE_EXHAUSTED_PRIMALITY_UNASSIGNED,513,512,512,NO_RECORDED_FACTOR_PRP_OR_LL_RESULT_AND_NO_ACTIVE_GIMPS_ASSIGNMENT,2026-08-08T14:01:06+00:00,UNALLOCATED,,,,,
SLCMP585-0975,975,975,288548987,2^288548987-1,STRUCTURAL_SCREEN_EXHAUSTED_PRIMALITY_UNASSIGNED,GF3A_DIRECTIONAL_WRITE_EXHAUSTED_PRIMALITY_UNASSIGNED,514,512,512,NO_RECORDED_FACTOR_PRP_OR_LL_RESULT_AND_NO_ACTIVE_GIMPS_ASSIGNMENT,2026-08-08T14:01:06+00:00,UNALLOCATED,,,,,
SLCMP585-0976,976,976,288549011,2^288549011-1,STRUCTURAL_SCREEN_EXHAUSTED_PRIMALITY_UNASSIGNED,GF3A_DIRECTIONAL_WRITE_EXHAUSTED_PRIMALITY_UNASSIGNED,514,512,512,NO_RECORDED_FACTOR_PRP_OR_LL_RESULT_AND_NO_ACTIVE_GIMPS_ASSIGNMENT,2026-08-08T14:01:06+00:00,UNALLOCATED,,,,,
SLCMP585-0977,977,977,288549061,2^288549061-1,STRUCTURAL_SCREEN_EXHAUSTED_PRIMALITY_UNASSIGNED,GF3A_DIRECTIONAL_WRITE_EXHAUSTED_PRIMALITY_UNASSIGNED,513,512,512,NO_RECORDED_FACTOR_PRP_OR_LL_RESULT_AND_NO_ACTIVE_GIMPS_ASSIGNMENT,2026-08-08T14:01:06+00:00,UNALLOCATED,,,,,
SLCMP585-0978,978,978,288549097,2^288549097-1,STRUCTURAL_SCREEN_EXHAUSTED_PRIMALITY_UNASSIGNED,GF3A_DIRECTIONAL_WRITE_EXHAUSTED_PRIMALITY_UNASSIGNED,513,512,512,NO_RECORDED_FACTOR_PRP_OR_LL_RESULT_AND_NO_ACTIVE_GIMPS_ASSIGNMENT,2026-08-08T14:01:06+00:00,UNALLOCATED,,,,,
SLCMP585-0979,979,979,288549137,2^288549137-1,STRUCTURAL_SCREEN_EXHAUSTED_PRIMALITY_UNASSIGNED,GF3A_DIRECTIONAL_WRITE_EXHAUSTED_PRIMALITY_UNASSIGNED,513,512,512,NO_RECORDED_FACTOR_PRP_OR_LL_RESULT_AND_NO_ACTIVE_GIMPS_ASSIGNMENT,2026-08-08T14:01:06+00:00,UNALLOCATED,,,,,
SLCMP585-0980,980,980,288549139,2^288549139-1,STRUCTURAL_SCREEN_EXHAUSTED_PRIMALITY_UNASSIGNED,GF3A_DIRECTIONAL_WRITE_EXHAUSTED_PRIMALITY_UNASSIGNED,514,512,512,NO_RECORDED_FACTOR_PRP_OR_LL_RESULT_AND_NO_ACTIVE_GIMPS_ASSIGNMENT,2026-08-08T14:01:06+00:00,UNALLOCATED,,,,,
SLCMP585-0981,981,981,288549161,2^288549161-1,STRUCTURAL_SCREEN_EXHAUSTED_PRIMALITY_UNASSIGNED,GF3A_DIRECTIONAL_WRITE_EXHAUSTED_PRIMALITY_UNASSIGNED,513,512,512,NO_RECORDED_FACTOR_PRP_OR_LL_RESULT_AND_NO_ACTIVE_GIMPS_ASSIGNMENT,2026-08-08T14:01:06+00:00,UNALLOCATED,,,,,
SLCMP585-0982,982,982,288549187,2^288549187-1,STRUCTURAL_SCREEN_EXHAUSTED_PRIMALITY_UNASSIGNED,GF3A_DIRECTIONAL_WRITE_EXHAUSTED_PRIMALITY_UNASSIGNED,514,512,512,NO_RECORDED_FACTOR_PRP_OR_LL_RESULT_AND_NO_ACTIVE_GIMPS_ASSIGNMENT,2026-08-08T14:01:06+00:00,UNALLOCATED,,,,,
SLCMP585-0983,983,983,288549197,2^288549197-1,STRUCTURAL_SCREEN_EXHAUSTED_PRIMALITY_UNASSIGNED,GF3A_DIRECTIONAL_WRITE_EXHAUSTED_PRIMALITY_UNASSIGNED,513,512,512,NO_RECORDED_FACTOR_PRP_OR_LL_RESULT_AND_NO_ACTIVE_GIMPS_ASSIGNMENT,2026-08-08T14:01:06+00:00,UNALLOCATED,,,,,
SLCMP585-0984,984,984,288549227,2^288549227-1,STRUCTURAL_SCREEN_EXHAUSTED_PRIMALITY_UNASSIGNED,GF3A_DIRECTIONAL_WRITE_EXHAUSTED_PRIMALITY_UNASSIGNED,514,512,512,NO_RECORDED_FACTOR_PRP_OR_LL_RESULT_AND_NO_ACTIVE_GIMPS_ASSIGNMENT,2026-08-08T14:01:06+00:00,UNALLOCATED,,,,,
SLCMP585-0985,985,985,288549259,2^288549259-1,STRUCTURAL_SCREEN_EXHAUSTED_PRIMALITY_UNASSIGNED,GF3A_DIRECTIONAL_WRITE_EXHAUSTED_PRIMALITY_UNASSIGNED,514,512,512,NO_RECORDED_FACTOR_PRP_OR_LL_RESULT_AND_NO_ACTIVE_GIMPS_ASSIGNMENT,2026-08-08T14:01:06+00:00,UNALLOCATED,,,,,
SLCMP585-0986,986,986,288549299,2^288549299-1,STRUCTURAL_SCREEN_EXHAUSTED_PRIMALITY_UNASSIGNED,GF3A_DIRECTIONAL_WRITE_EXHAUSTED_PRIMALITY_UNASSIGNED,514,512,512,NO_RECORDED_FACTOR_PRP_OR_LL_RESULT_AND_NO_ACTIVE_GIMPS_ASSIGNMENT,2026-08-08T14:01:06+00:00,UNALLOCATED,,,,,
SLCMP585-0987,987,987,288549301,2^288549301-1,STRUCTURAL_SCREEN_EXHAUSTED_PRIMALITY_UNASSIGNED,GF3A_DIRECTIONAL_WRITE_EXHAUSTED_PRIMALITY_UNASSIGNED,513,512,512,NO_RECORDED_FACTOR_PRP_OR_LL_RESULT_AND_NO_ACTIVE_GIMPS_ASSIGNMENT,2026-08-08T14:01:06+00:00,UNALLOCATED,,,,,
SLCMP585-0988,988,988,288549341,2^288549341-1,STRUCTURAL_SCREEN_EXHAUSTED_PRIMALITY_UNASSIGNED,GF3A_DIRECTIONAL_WRITE_EXHAUSTED_PRIMALITY_UNASSIGNED,513,512,512,NO_RECORDED_FACTOR_PRP_OR_LL_RESULT_AND_NO_ACTIVE_GIMPS_ASSIGNMENT,2026-08-08T14:01:06+00:00,UNALLOCATED,,,,,
SLCMP585-0989,989,989,288549367,2^288549367-1,STRUCTURAL_SCREEN_EXHAUSTED_PRIMALITY_UNASSIGNED,GF3A_DIRECTIONAL_WRITE_EXHAUSTED_PRIMALITY_UNASSIGNED,514,512,512,NO_RECORDED_FACTOR_PRP_OR_LL_RESULT_AND_NO_ACTIVE_GIMPS_ASSIGNMENT,2026-08-08T14:01:06+00:00,UNALLOCATED,,,,,
SLCMP585-0990,990,990,288549427,2^288549427-1,STRUCTURAL_SCREEN_EXHAUSTED_PRIMALITY_UNASSIGNED,GF3A_DIRECTIONAL_WRITE_EXHAUSTED_PRIMALITY_UNASSIGNED,514,512,512,NO_RECORDED_FACTOR_PRP_OR_LL_RESULT_AND_NO_ACTIVE_GIMPS_ASSIGNMENT,2026-08-08T14:01:06+00:00,UNALLOCATED,,,,,
SLCMP585-0991,991,991,288549433,2^288549433-1,STRUCTURAL_SCREEN_EXHAUSTED_PRIMALITY_UNASSIGNED,GF3A_DIRECTIONAL_WRITE_EXHAUSTED_PRIMALITY_UNASSIGNED,513,512,512,NO_RECORDED_FACTOR_PRP_OR_LL_RESULT_AND_NO_ACTIVE_GIMPS_ASSIGNMENT,2026-08-08T14:01:06+00:00,UNALLOCATED,,,,,
SLCMP585-0992,992,992,288549439,2^288549439-1,STRUCTURAL_SCREEN_EXHAUSTED_PRIMALITY_UNASSIGNED,GF3A_DIRECTIONAL_WRITE_EXHAUSTED_PRIMALITY_UNASSIGNED,514,512,512,NO_RECORDED_FACTOR_PRP_OR_LL_RESULT_AND_NO_ACTIVE_GIMPS_ASSIGNMENT,2026-08-08T14:01:06+00:00,UNALLOCATED,,,,,
SLCMP585-0993,993,993,288549631,2^288549631-1,STRUCTURAL_SCREEN_EXHAUSTED_PRIMALITY_UNASSIGNED,GF3A_DIRECTIONAL_WRITE_EXHAUSTED_PRIMALITY_UNASSIGNED,514,512,512,NO_RECORDED_FACTOR_PRP_OR_LL_RESULT_AND_NO_ACTIVE_GIMPS_ASSIGNMENT,2026-08-08T14:01:06+00:00,UNALLOCATED,,,,,
SLCMP585-0994,994,994,288549647,2^288549647-1,STRUCTURAL_SCREEN_EXHAUSTED_PRIMALITY_UNASSIGNED,GF3A_DIRECTIONAL_WRITE_EXHAUSTED_PRIMALITY_UNASSIGNED,514,512,512,NO_RECORDED_FACTOR_PRP_OR_LL_RESULT_AND_NO_ACTIVE_GIMPS_ASSIGNMENT,2026-08-08T14:01:06+00:00,UNALLOCATED,,,,,
SLCMP585-0995,995,995,288549691,2^288549691-1,STRUCTURAL_SCREEN_EXHAUSTED_PRIMALITY_UNASSIGNED,GF3A_DIRECTIONAL_WRITE_EXHAUSTED_PRIMALITY_UNASSIGNED,514,512,512,NO_RECORDED_FACTOR_PRP_OR_LL_RESULT_AND_NO_ACTIVE_GIMPS_ASSIGNMENT,2026-08-08T14:01:06+00:00,UNALLOCATED,,,,,
SLCMP585-0996,996,996,288549769,2^288549769-1,STRUCTURAL_SCREEN_EXHAUSTED_PRIMALITY_UNASSIGNED,GF3A_DIRECTIONAL_WRITE_EXHAUSTED_PRIMALITY_UNASSIGNED,513,512,512,NO_RECORDED_FACTOR_PRP_OR_LL_RESULT_AND_NO_ACTIVE_GIMPS_ASSIGNMENT,2026-08-08T14:01:06+00:00,UNALLOCATED,,,,,
SLCMP585-0997,997,997,288549809,2^288549809-1,STRUCTURAL_SCREEN_EXHAUSTED_PRIMALITY_UNASSIGNED,GF3A_DIRECTIONAL_WRITE_EXHAUSTED_PRIMALITY_UNASSIGNED,513,512,512,NO_RECORDED_FACTOR_PRP_OR_LL_RESULT_AND_NO_ACTIVE_GIMPS_ASSIGNMENT,2026-08-08T14:01:06+00:00,UNALLOCATED,,,,,
SLCMP585-0998,998,998,288549839,2^288549839-1,STRUCTURAL_SCREEN_EXHAUSTED_PRIMALITY_UNASSIGNED,GF3A_DIRECTIONAL_WRITE_EXHAUSTED_PRIMALITY_UNASSIGNED,514,512,512,NO_RECORDED_FACTOR_PRP_OR_LL_RESULT_AND_NO_ACTIVE_GIMPS_ASSIGNMENT,2026-08-08T14:01:06+00:00,UNALLOCATED,,,,,
SLCMP585-0999,999,999,288549929,2^288549929-1,STRUCTURAL_SCREEN_EXHAUSTED_PRIMALITY_UNASSIGNED,GF3A_DIRECTIONAL_WRITE_EXHAUSTED_PRIMALITY_UNASSIGNED,513,512,512,NO_RECORDED_FACTOR_PRP_OR_LL_RESULT_AND_NO_ACTIVE_GIMPS_ASSIGNMENT,2026-08-08T14:01:06+00:00,UNALLOCATED,,,,,
SLCMP585-1000,1000,1000,288550033,2^288550033-1,STRUCTURAL_SCREEN_EXHAUSTED_PRIMALITY_UNASSIGNED,GF3A_DIRECTIONAL_WRITE_EXHAUSTED_PRIMALITY_UNASSIGNED,513,512,512,NO_RECORDED_FACTOR_PRP_OR_LL_RESULT_AND_NO_ACTIVE_GIMPS_ASSIGNMENT,2026-08-08T14:01:06+00:00,UNALLOCATED,,,,,
SLCMP585-1001,1001,1001,288550063,2^288550063-1,STRUCTURAL_SCREEN_EXHAUSTED_PRIMALITY_UNASSIGNED,GF3A_DIRECTIONAL_WRITE_EXHAUSTED_PRIMALITY_UNASSIGNED,514,512,512,NO_RECORDED_FACTOR_PRP_OR_LL_RESULT_AND_NO_ACTIVE_GIMPS_ASSIGNMENT,2026-08-08T14:01:06+00:00,UNALLOCATED,,,,,
SLCMP585-1002,1002,1002,288550103,2^288550103-1,STRUCTURAL_SCREEN_EXHAUSTED_PRIMALITY_UNASSIGNED,GF3A_DIRECTIONAL_WRITE_EXHAUSTED_PRIMALITY_UNASSIGNED,514,512,512,NO_RECORDED_FACTOR_PRP_OR_LL_RESULT_AND_NO_ACTIVE_GIMPS_ASSIGNMENT,2026-08-08T14:01:06+00:00,UNALLOCATED,,,,,
SLCMP585-1003,1003,1003,288550219,2^288550219-1,STRUCTURAL_SCREEN_EXHAUSTED_PRIMALITY_UNASSIGNED,GF3A_DIRECTIONAL_WRITE_EXHAUSTED_PRIMALITY_UNASSIGNED,514,512,512,NO_RECORDED_FACTOR_PRP_OR_LL_RESULT_AND_NO_ACTIVE_GIMPS_ASSIGNMENT,2026-08-08T14:01:06+00:00,UNALLOCATED,,,,,
SLCMP585-1004,1004,1004,288550349,2^288550349-1,STRUCTURAL_SCREEN_EXHAUSTED_PRIMALITY_UNASSIGNED,GF3A_DIRECTIONAL_WRITE_EXHAUSTED_PRIMALITY_UNASSIGNED,513,512,512,NO_RECORDED_FACTOR_PRP_OR_LL_RESULT_AND_NO_ACTIVE_GIMPS_ASSIGNMENT,2026-08-08T14:01:06+00:00,UNALLOCATED,,,,,
SLCMP585-1005,1005,1005,288550357,2^288550357-1,STRUCTURAL_SCREEN_EXHAUSTED_PRIMALITY_UNASSIGNED,GF3A_DIRECTIONAL_WRITE_EXHAUSTED_PRIMALITY_UNASSIGNED,513,512,512,NO_RECORDED_FACTOR_PRP_OR_LL_RESULT_AND_NO_ACTIVE_GIMPS_ASSIGNMENT,2026-08-08T14:01:06+00:00,UNALLOCATED,,,,,
SLCMP585-1006,1006,1006,288550567,2^288550567-1,STRUCTURAL_SCREEN_EXHAUSTED_PRIMALITY_UNASSIGNED,GF3A_DIRECTIONAL_WRITE_EXHAUSTED_PRIMALITY_UNASSIGNED,514,512,512,NO_RECORDED_FACTOR_PRP_OR_LL_RESULT_AND_NO_ACTIVE_GIMPS_ASSIGNMENT,2026-08-08T14:01:06+00:00,UNALLOCATED,,,,,
SLCMP585-1007,1007,1007,288550601,2^288550601-1,STRUCTURAL_SCREEN_EXHAUSTED_PRIMALITY_UNASSIGNED,GF3A_DIRECTIONAL_WRITE_EXHAUSTED_PRIMALITY_UNASSIGNED,513,512,512,NO_RECORDED_FACTOR_PRP_OR_LL_RESULT_AND_NO_ACTIVE_GIMPS_ASSIGNMENT,2026-08-08T14:01:06+00:00,UNALLOCATED,,,,,
SLCMP585-1008,1008,1008,288550723,2^288550723-1,STRUCTURAL_SCREEN_EXHAUSTED_PRIMALITY_UNASSIGNED,GF3A_DIRECTIONAL_WRITE_EXHAUSTED_PRIMALITY_UNASSIGNED,514,512,512,NO_RECORDED_FACTOR_PRP_OR_LL_RESULT_AND_NO_ACTIVE_GIMPS_ASSIGNMENT,2026-08-08T14:01:06+00:00,UNALLOCATED,,,,,
SLCMP585-1009,1009,1009,288550789,2^288550789-1,STRUCTURAL_SCREEN_EXHAUSTED_PRIMALITY_UNASSIGNED,GF3A_DIRECTIONAL_WRITE_EXHAUSTED_PRIMALITY_UNASSIGNED,513,512,512,NO_RECORDED_FACTOR_PRP_OR_LL_RESULT_AND_NO_ACTIVE_GIMPS_ASSIGNMENT,2026-08-08T14:01:06+00:00,UNALLOCATED,,,,,
SLCMP585-1010,1010,1010,288550931,2^288550931-1,STRUCTURAL_SCREEN_EXHAUSTED_PRIMALITY_UNASSIGNED,GF3A_DIRECTIONAL_WRITE_EXHAUSTED_PRIMALITY_UNASSIGNED,514,512,512,NO_RECORDED_FACTOR_PRP_OR_LL_RESULT_AND_NO_ACTIVE_GIMPS_ASSIGNMENT,2026-08-08T14:01:06+00:00,UNALLOCATED,,,,,
SLCMP585-1011,1011,1011,288550943,2^288550943-1,STRUCTURAL_SCREEN_EXHAUSTED_PRIMALITY_UNASSIGNED,GF3A_DIRECTIONAL_WRITE_EXHAUSTED_PRIMALITY_UNASSIGNED,514,512,512,NO_RECORDED_FACTOR_PRP_OR_LL_RESULT_AND_NO_ACTIVE_GIMPS_ASSIGNMENT,2026-08-08T14:01:06+00:00,UNALLOCATED,,,,,
SLCMP585-1012,1012,1012,288550963,2^288550963-1,STRUCTURAL_SCREEN_EXHAUSTED_PRIMALITY_UNASSIGNED,GF3A_DIRECTIONAL_WRITE_EXHAUSTED_PRIMALITY_UNASSIGNED,514,512,512,NO_RECORDED_FACTOR_PRP_OR_LL_RESULT_AND_NO_ACTIVE_GIMPS_ASSIGNMENT,2026-08-08T14:01:06+00:00,UNALLOCATED,,,,,
SLCMP585-1013,1013,1013,288551017,2^288551017-1,STRUCTURAL_SCREEN_EXHAUSTED_PRIMALITY_UNASSIGNED,GF3A_DIRECTIONAL_WRITE_EXHAUSTED_PRIMALITY_UNASSIGNED,513,512,512,NO_RECORDED_FACTOR_PRP_OR_LL_RESULT_AND_NO_ACTIVE_GIMPS_ASSIGNMENT,2026-08-08T14:01:06+00:00,UNALLOCATED,,,,,
SLCMP585-1014,1014,1014,288551057,2^288551057-1,STRUCTURAL_SCREEN_EXHAUSTED_PRIMALITY_UNASSIGNED,GF3A_DIRECTIONAL_WRITE_EXHAUSTED_PRIMALITY_UNASSIGNED,513,512,512,NO_RECORDED_FACTOR_PRP_OR_LL_RESULT_AND_NO_ACTIVE_GIMPS_ASSIGNMENT,2026-08-08T14:01:06+00:00,UNALLOCATED,,,,,
SLCMP585-1015,1015,1015,288551147,2^288551147-1,STRUCTURAL_SCREEN_EXHAUSTED_PRIMALITY_UNASSIGNED,GF3A_DIRECTIONAL_WRITE_EXHAUSTED_PRIMALITY_UNASSIGNED,514,512,512,NO_RECORDED_FACTOR_PRP_OR_LL_RESULT_AND_NO_ACTIVE_GIMPS_ASSIGNMENT,2026-08-08T14:01:06+00:00,UNALLOCATED,,,,,
SLCMP585-1016,1016,1016,288551209,2^288551209-1,STRUCTURAL_SCREEN_EXHAUSTED_PRIMALITY_UNASSIGNED,GF3A_DIRECTIONAL_WRITE_EXHAUSTED_PRIMALITY_UNASSIGNED,513,512,512,NO_RECORDED_FACTOR_PRP_OR_LL_RESULT_AND_NO_ACTIVE_GIMPS_ASSIGNMENT,2026-08-08T14:01:06+00:00,UNALLOCATED,,,,,
SLCMP585-1017,1017,1017,288551227,2^288551227-1,STRUCTURAL_SCREEN_EXHAUSTED_PRIMALITY_UNASSIGNED,GF3A_DIRECTIONAL_WRITE_EXHAUSTED_PRIMALITY_UNASSIGNED,514,512,512,NO_RECORDED_FACTOR_PRP_OR_LL_RESULT_AND_NO_ACTIVE_GIMPS_ASSIGNMENT,2026-08-08T14:01:06+00:00,UNALLOCATED,,,,,
SLCMP585-1018,1018,1018,288551293,2^288551293-1,STRUCTURAL_SCREEN_EXHAUSTED_PRIMALITY_UNASSIGNED,GF3A_DIRECTIONAL_WRITE_EXHAUSTED_PRIMALITY_UNASSIGNED,513,512,512,NO_RECORDED_FACTOR_PRP_OR_LL_RESULT_AND_NO_ACTIVE_GIMPS_ASSIGNMENT,2026-08-08T14:01:06+00:00,UNALLOCATED,,,,,
SLCMP585-1019,1019,1019,288551297,2^288551297-1,STRUCTURAL_SCREEN_EXHAUSTED_PRIMALITY_UNASSIGNED,GF3A_DIRECTIONAL_WRITE_EXHAUSTED_PRIMALITY_UNASSIGNED,513,512,512,NO_RECORDED_FACTOR_PRP_OR_LL_RESULT_AND_NO_ACTIVE_GIMPS_ASSIGNMENT,2026-08-08T14:01:06+00:00,UNALLOCATED,,,,,
SLCMP585-1020,1020,1020,288551311,2^288551311-1,STRUCTURAL_SCREEN_EXHAUSTED_PRIMALITY_UNASSIGNED,GF3A_DIRECTIONAL_WRITE_EXHAUSTED_PRIMALITY_UNASSIGNED,514,512,512,NO_RECORDED_FACTOR_PRP_OR_LL_RESULT_AND_NO_ACTIVE_GIMPS_ASSIGNMENT,2026-08-08T14:01:06+00:00,UNALLOCATED,,,,,
SLCMP585-1021,1021,1021,288551383,2^288551383-1,STRUCTURAL_SCREEN_EXHAUSTED_PRIMALITY_UNASSIGNED,GF3A_DIRECTIONAL_WRITE_EXHAUSTED_PRIMALITY_UNASSIGNED,514,512,512,NO_RECORDED_FACTOR_PRP_OR_LL_RESULT_AND_NO_ACTIVE_GIMPS_ASSIGNMENT,2026-08-08T14:01:06+00:00,UNALLOCATED,,,,,
SLCMP585-1022,1022,1022,288551413,2^288551413-1,STRUCTURAL_SCREEN_EXHAUSTED_PRIMALITY_UNASSIGNED,GF3A_DIRECTIONAL_WRITE_EXHAUSTED_PRIMALITY_UNASSIGNED,513,512,512,NO_RECORDED_FACTOR_PRP_OR_LL_RESULT_AND_NO_ACTIVE_GIMPS_ASSIGNMENT,2026-08-08T14:01:06+00:00,UNALLOCATED,,,,,
SLCMP585-1023,1023,1023,288551551,2^288551551-1,STRUCTURAL_SCREEN_EXHAUSTED_PRIMALITY_UNASSIGNED,GF3A_DIRECTIONAL_WRITE_EXHAUSTED_PRIMALITY_UNASSIGNED,514,512,512,NO_RECORDED_FACTOR_PRP_OR_LL_RESULT_AND_NO_ACTIVE_GIMPS_ASSIGNMENT,2026-08-08T14:01:06+00:00,UNALLOCATED,,,,,
SLCMP585-1024,1024,1024,288551561,2^288551561-1,STRUCTURAL_SCREEN_EXHAUSTED_PRIMALITY_UNASSIGNED,GF3A_DIRECTIONAL_WRITE_EXHAUSTED_PRIMALITY_UNASSIGNED,513,512,512,NO_RECORDED_FACTOR_PRP_OR_LL_RESULT_AND_NO_ACTIVE_GIMPS_ASSIGNMENT,2026-08-08T14:01:06+00:00,UNALLOCATED,,,,,
SLCMP585-1025,1025,1025,288551569,2^288551569-1,STRUCTURAL_SCREEN_EXHAUSTED_PRIMALITY_UNASSIGNED,GF3A_DIRECTIONAL_WRITE_EXHAUSTED_PRIMALITY_UNASSIGNED,513,512,512,NO_RECORDED_FACTOR_PRP_OR_LL_RESULT_AND_NO_ACTIVE_GIMPS_ASSIGNMENT,2026-08-08T14:01:06+00:00,UNALLOCATED,,,,,
SLCMP585-1026,1026,1026,288551587,2^288551587-1,STRUCTURAL_SCREEN_EXHAUSTED_PRIMALITY_UNASSIGNED,GF3A_DIRECTIONAL_WRITE_EXHAUSTED_PRIMALITY_UNASSIGNED,514,512,512,NO_RECORDED_FACTOR_PRP_OR_LL_RESULT_AND_NO_ACTIVE_GIMPS_ASSIGNMENT,2026-08-08T14:01:06+00:00,UNALLOCATED,,,,,
SLCMP585-1027,1027,1027,288551639,2^288551639-1,STRUCTURAL_SCREEN_EXHAUSTED_PRIMALITY_UNASSIGNED,GF3A_DIRECTIONAL_WRITE_EXHAUSTED_PRIMALITY_UNASSIGNED,514,512,512,NO_RECORDED_FACTOR_PRP_OR_LL_RESULT_AND_NO_ACTIVE_GIMPS_ASSIGNMENT,2026-08-08T14:01:06+00:00,UNALLOCATED,,,,,
SLCMP585-1028,1028,1028,288551657,2^288551657-1,STRUCTURAL_SCREEN_EXHAUSTED_PRIMALITY_UNASSIGNED,GF3A_DIRECTIONAL_WRITE_EXHAUSTED_PRIMALITY_UNASSIGNED,513,512,512,NO_RECORDED_FACTOR_PRP_OR_LL_RESULT_AND_NO_ACTIVE_GIMPS_ASSIGNMENT,2026-08-08T14:01:06+00:00,UNALLOCATED,,,,,
SLCMP585-1029,1029,1029,288551677,2^288551677-1,STRUCTURAL_SCREEN_EXHAUSTED_PRIMALITY_UNASSIGNED,GF3A_DIRECTIONAL_WRITE_EXHAUSTED_PRIMALITY_UNASSIGNED,513,512,512,NO_RECORDED_FACTOR_PRP_OR_LL_RESULT_AND_NO_ACTIVE_GIMPS_ASSIGNMENT,2026-08-08T14:01:06+00:00,UNALLOCATED,,,,,
SLCMP585-1030,1030,1030,288551701,2^288551701-1,STRUCTURAL_SCREEN_EXHAUSTED_PRIMALITY_UNASSIGNED,GF3A_DIRECTIONAL_WRITE_EXHAUSTED_PRIMALITY_UNASSIGNED,513,512,512,NO_RECORDED_FACTOR_PRP_OR_LL_RESULT_AND_NO_ACTIVE_GIMPS_ASSIGNMENT,2026-08-08T14:01:06+00:00,UNALLOCATED,,,,,
SLCMP585-1031,1031,1031,288551749,2^288551749-1,STRUCTURAL_SCREEN_EXHAUSTED_PRIMALITY_UNASSIGNED,GF3A_DIRECTIONAL_WRITE_EXHAUSTED_PRIMALITY_UNASSIGNED,513,512,512,NO_RECORDED_FACTOR_PRP_OR_LL_RESULT_AND_NO_ACTIVE_GIMPS_ASSIGNMENT,2026-08-08T14:01:06+00:00,UNALLOCATED,,,,,
SLCMP585-1032,1032,1032,288551771,2^288551771-1,STRUCTURAL_SCREEN_EXHAUSTED_PRIMALITY_UNASSIGNED,GF3A_DIRECTIONAL_WRITE_EXHAUSTED_PRIMALITY_UNASSIGNED,514,512,512,NO_RECORDED_FACTOR_PRP_OR_LL_RESULT_AND_NO_ACTIVE_GIMPS_ASSIGNMENT,2026-08-08T14:01:06+00:00,UNALLOCATED,,,,,
SLCMP585-1033,1033,1033,288551797,2^288551797-1,STRUCTURAL_SCREEN_EXHAUSTED_PRIMALITY_UNASSIGNED,GF3A_DIRECTIONAL_WRITE_EXHAUSTED_PRIMALITY_UNASSIGNED,513,512,512,NO_RECORDED_FACTOR_PRP_OR_LL_RESULT_AND_NO_ACTIVE_GIMPS_ASSIGNMENT,2026-08-08T14:01:06+00:00,UNALLOCATED,,,,,
SLCMP585-1034,1034,1034,288551839,2^288551839-1,STRUCTURAL_SCREEN_EXHAUSTED_PRIMALITY_UNASSIGNED,GF3A_DIRECTIONAL_WRITE_EXHAUSTED_PRIMALITY_UNASSIGNED,514,512,512,NO_RECORDED_FACTOR_PRP_OR_LL_RESULT_AND_NO_ACTIVE_GIMPS_ASSIGNMENT,2026-08-08T14:01:06+00:00,UNALLOCATED,,,,,
SLCMP585-1035,1035,1035,288551843,2^288551843-1,STRUCTURAL_SCREEN_EXHAUSTED_PRIMALITY_UNASSIGNED,GF3A_DIRECTIONAL_WRITE_EXHAUSTED_PRIMALITY_UNASSIGNED,514,512,512,NO_RECORDED_FACTOR_PRP_OR_LL_RESULT_AND_NO_ACTIVE_GIMPS_ASSIGNMENT,2026-08-08T14:01:06+00:00,UNALLOCATED,,,,,
SLCMP585-1036,1036,1036,288551909,2^288551909-1,STRUCTURAL_SCREEN_EXHAUSTED_PRIMALITY_UNASSIGNED,GF3A_DIRECTIONAL_WRITE_EXHAUSTED_PRIMALITY_UNASSIGNED,513,512,512,NO_RECORDED_FACTOR_PRP_OR_LL_RESULT_AND_NO_ACTIVE_GIMPS_ASSIGNMENT,2026-08-08T14:01:06+00:00,UNALLOCATED,,,,,
SLCMP585-1037,1037,1037,288551953,2^288551953-1,STRUCTURAL_SCREEN_EXHAUSTED_PRIMALITY_UNASSIGNED,GF3A_DIRECTIONAL_WRITE_EXHAUSTED_PRIMALITY_UNASSIGNED,513,512,512,NO_RECORDED_FACTOR_PRP_OR_LL_RESULT_AND_NO_ACTIVE_GIMPS_ASSIGNMENT,2026-08-08T14:01:06+00:00,UNALLOCATED,,,,,
SLCMP585-1038,1038,1038,288551969,2^288551969-1,STRUCTURAL_SCREEN_EXHAUSTED_PRIMALITY_UNASSIGNED,GF3A_DIRECTIONAL_WRITE_EXHAUSTED_PRIMALITY_UNASSIGNED,513,512,512,NO_RECORDED_FACTOR_PRP_OR_LL_RESULT_AND_NO_ACTIVE_GIMPS_ASSIGNMENT,2026-08-08T14:01:06+00:00,UNALLOCATED,,,,,
SLCMP585-1039,1039,1039,288552013,2^288552013-1,STRUCTURAL_SCREEN_EXHAUSTED_PRIMALITY_UNASSIGNED,GF3A_DIRECTIONAL_WRITE_EXHAUSTED_PRIMALITY_UNASSIGNED,513,512,512,NO_RECORDED_FACTOR_PRP_OR_LL_RESULT_AND_NO_ACTIVE_GIMPS_ASSIGNMENT,2026-08-08T14:01:06+00:00,UNALLOCATED,,,,,
SLCMP585-1040,1040,1040,288552041,2^288552041-1,STRUCTURAL_SCREEN_EXHAUSTED_PRIMALITY_UNASSIGNED,GF3A_DIRECTIONAL_WRITE_EXHAUSTED_PRIMALITY_UNASSIGNED,513,512,512,NO_RECORDED_FACTOR_PRP_OR_LL_RESULT_AND_NO_ACTIVE_GIMPS_ASSIGNMENT,2026-08-08T14:01:06+00:00,UNALLOCATED,,,,,
SLCMP585-1041,1041,1041,288552269,2^288552269-1,STRUCTURAL_SCREEN_EXHAUSTED_PRIMALITY_UNASSIGNED,GF3A_DIRECTIONAL_WRITE_EXHAUSTED_PRIMALITY_UNASSIGNED,513,512,512,NO_RECORDED_FACTOR_PRP_OR_LL_RESULT_AND_NO_ACTIVE_GIMPS_ASSIGNMENT,2026-08-08T14:01:06+00:00,UNALLOCATED,,,,,
SLCMP585-1042,1042,1042,288552379,2^288552379-1,STRUCTURAL_SCREEN_EXHAUSTED_PRIMALITY_UNASSIGNED,GF3A_DIRECTIONAL_WRITE_EXHAUSTED_PRIMALITY_UNASSIGNED,514,512,512,NO_RECORDED_FACTOR_PRP_OR_LL_RESULT_AND_NO_ACTIVE_GIMPS_ASSIGNMENT,2026-08-08T14:01:06+00:00,UNALLOCATED,,,,,
SLCMP585-1043,1043,1043,288552389,2^288552389-1,STRUCTURAL_SCREEN_EXHAUSTED_PRIMALITY_UNASSIGNED,GF3A_DIRECTIONAL_WRITE_EXHAUSTED_PRIMALITY_UNASSIGNED,513,512,512,NO_RECORDED_FACTOR_PRP_OR_LL_RESULT_AND_NO_ACTIVE_GIMPS_ASSIGNMENT,2026-08-08T14:01:06+00:00,UNALLOCATED,,,,,
SLCMP585-1044,1044,1044,288552391,2^288552391-1,STRUCTURAL_SCREEN_EXHAUSTED_PRIMALITY_UNASSIGNED,GF3A_DIRECTIONAL_WRITE_EXHAUSTED_PRIMALITY_UNASSIGNED,514,512,512,NO_RECORDED_FACTOR_PRP_OR_LL_RESULT_AND_NO_ACTIVE_GIMPS_ASSIGNMENT,2026-08-08T14:01:06+00:00,UNALLOCATED,,,,,
SLCMP585-1045,1045,1045,288552461,2^288552461-1,STRUCTURAL_SCREEN_EXHAUSTED_PRIMALITY_UNASSIGNED,GF3A_DIRECTIONAL_WRITE_EXHAUSTED_PRIMALITY_UNASSIGNED,513,512,512,NO_RECORDED_FACTOR_PRP_OR_LL_RESULT_AND_NO_ACTIVE_GIMPS_ASSIGNMENT,2026-08-08T14:01:06+00:00,UNALLOCATED,,,,,
SLCMP585-1046,1046,1046,288552569,2^288552569-1,STRUCTURAL_SCREEN_EXHAUSTED_PRIMALITY_UNASSIGNED,GF3A_DIRECTIONAL_WRITE_EXHAUSTED_PRIMALITY_UNASSIGNED,513,512,512,NO_RECORDED_FACTOR_PRP_OR_LL_RESULT_AND_NO_ACTIVE_GIMPS_ASSIGNMENT,2026-08-08T14:01:06+00:00,UNALLOCATED,,,,,
SLCMP585-1047,1047,1047,288552613,2^288552613-1,STRUCTURAL_SCREEN_EXHAUSTED_PRIMALITY_UNASSIGNED,GF3A_DIRECTIONAL_WRITE_EXHAUSTED_PRIMALITY_UNASSIGNED,513,512,512,NO_RECORDED_FACTOR_PRP_OR_LL_RESULT_AND_NO_ACTIVE_GIMPS_ASSIGNMENT,2026-08-08T14:01:06+00:00,UNALLOCATED,,,,,
SLCMP585-1048,1048,1048,288552707,2^288552707-1,STRUCTURAL_SCREEN_EXHAUSTED_PRIMALITY_UNASSIGNED,GF3A_DIRECTIONAL_WRITE_EXHAUSTED_PRIMALITY_UNASSIGNED,514,512,512,NO_RECORDED_FACTOR_PRP_OR_LL_RESULT_AND_NO_ACTIVE_GIMPS_ASSIGNMENT,2026-08-08T14:01:06+00:00,UNALLOCATED,,,,,
SLCMP585-1049,1049,1049,288552731,2^288552731-1,STRUCTURAL_SCREEN_EXHAUSTED_PRIMALITY_UNASSIGNED,GF3A_DIRECTIONAL_WRITE_EXHAUSTED_PRIMALITY_UNASSIGNED,514,512,512,NO_RECORDED_FACTOR_PRP_OR_LL_RESULT_AND_NO_ACTIVE_GIMPS_ASSIGNMENT,2026-08-08T14:01:06+00:00,UNALLOCATED,,,,,
SLCMP585-1050,1050,1050,288552773,2^288552773-1,STRUCTURAL_SCREEN_EXHAUSTED_PRIMALITY_UNASSIGNED,GF3A_DIRECTIONAL_WRITE_EXHAUSTED_PRIMALITY_UNASSIGNED,513,512,512,NO_RECORDED_FACTOR_PRP_OR_LL_RESULT_AND_NO_ACTIVE_GIMPS_ASSIGNMENT,2026-08-08T14:01:06+00:00,UNALLOCATED,,,,,
SLCMP585-1051,1051,1051,288552827,2^288552827-1,STRUCTURAL_SCREEN_EXHAUSTED_PRIMALITY_UNASSIGNED,GF3A_DIRECTIONAL_WRITE_EXHAUSTED_PRIMALITY_UNASSIGNED,514,512,512,NO_RECORDED_FACTOR_PRP_OR_LL_RESULT_AND_NO_ACTIVE_GIMPS_ASSIGNMENT,2026-08-08T14:01:06+00:00,UNALLOCATED,,,,,
SLCMP585-1052,1052,1052,288552841,2^288552841-1,STRUCTURAL_SCREEN_EXHAUSTED_PRIMALITY_UNASSIGNED,GF3A_DIRECTIONAL_WRITE_EXHAUSTED_PRIMALITY_UNASSIGNED,513,512,512,NO_RECORDED_FACTOR_PRP_OR_LL_RESULT_AND_NO_ACTIVE_GIMPS_ASSIGNMENT,2026-08-08T14:01:06+00:00,UNALLOCATED,,,,,
SLCMP585-1053,1053,1053,288552877,2^288552877-1,STRUCTURAL_SCREEN_EXHAUSTED_PRIMALITY_UNASSIGNED,GF3A_DIRECTIONAL_WRITE_EXHAUSTED_PRIMALITY_UNASSIGNED,513,512,512,NO_RECORDED_FACTOR_PRP_OR_LL_RESULT_AND_NO_ACTIVE_GIMPS_ASSIGNMENT,2026-08-08T14:01:06+00:00,UNALLOCATED,,,,,
SLCMP585-1054,1054,1054,288552937,2^288552937-1,STRUCTURAL_SCREEN_EXHAUSTED_PRIMALITY_UNASSIGNED,GF3A_DIRECTIONAL_WRITE_EXHAUSTED_PRIMALITY_UNASSIGNED,513,512,512,NO_RECORDED_FACTOR_PRP_OR_LL_RESULT_AND_NO_ACTIVE_GIMPS_ASSIGNMENT,2026-08-08T14:01:06+00:00,UNALLOCATED,,,,,
SLCMP585-1055,1055,1055,288552967,2^288552967-1,STRUCTURAL_SCREEN_EXHAUSTED_PRIMALITY_UNASSIGNED,GF3A_DIRECTIONAL_WRITE_EXHAUSTED_PRIMALITY_UNASSIGNED,514,512,512,NO_RECORDED_FACTOR_PRP_OR_LL_RESULT_AND_NO_ACTIVE_GIMPS_ASSIGNMENT,2026-08-08T14:01:06+00:00,UNALLOCATED,,,,,
SLCMP585-1056,1056,1056,288553021,2^288553021-1,STRUCTURAL_SCREEN_EXHAUSTED_PRIMALITY_UNASSIGNED,GF3A_DIRECTIONAL_WRITE_EXHAUSTED_PRIMALITY_UNASSIGNED,513,512,512,NO_RECORDED_FACTOR_PRP_OR_LL_RESULT_AND_NO_ACTIVE_GIMPS_ASSIGNMENT,2026-08-08T14:01:06+00:00,UNALLOCATED,,,,,
SLCMP585-1057,1057,1057,288553081,2^288553081-1,STRUCTURAL_SCREEN_EXHAUSTED_PRIMALITY_UNASSIGNED,GF3A_DIRECTIONAL_WRITE_EXHAUSTED_PRIMALITY_UNASSIGNED,513,512,512,NO_RECORDED_FACTOR_PRP_OR_LL_RESULT_AND_NO_ACTIVE_GIMPS_ASSIGNMENT,2026-08-08T14:01:06+00:00,UNALLOCATED,,,,,
SLCMP585-1058,1058,1058,288553123,2^288553123-1,STRUCTURAL_SCREEN_EXHAUSTED_PRIMALITY_UNASSIGNED,GF3A_DIRECTIONAL_WRITE_EXHAUSTED_PRIMALITY_UNASSIGNED,514,512,512,NO_RECORDED_FACTOR_PRP_OR_LL_RESULT_AND_NO_ACTIVE_GIMPS_ASSIGNMENT,2026-08-08T14:01:06+00:00,UNALLOCATED,,,,,
SLCMP585-1059,1059,1059,288553249,2^288553249-1,STRUCTURAL_SCREEN_EXHAUSTED_PRIMALITY_UNASSIGNED,GF3A_DIRECTIONAL_WRITE_EXHAUSTED_PRIMALITY_UNASSIGNED,513,512,512,NO_RECORDED_FACTOR_PRP_OR_LL_RESULT_AND_NO_ACTIVE_GIMPS_ASSIGNMENT,2026-08-08T14:01:06+00:00,UNALLOCATED,,,,,
SLCMP585-1060,1060,1060,288553289,2^288553289-1,STRUCTURAL_SCREEN_EXHAUSTED_PRIMALITY_UNASSIGNED,GF3A_DIRECTIONAL_WRITE_EXHAUSTED_PRIMALITY_UNASSIGNED,513,512,512,NO_RECORDED_FACTOR_PRP_OR_LL_RESULT_AND_NO_ACTIVE_GIMPS_ASSIGNMENT,2026-08-08T14:01:06+00:00,UNALLOCATED,,,,,
SLCMP585-1061,1061,1061,288553313,2^288553313-1,STRUCTURAL_SCREEN_EXHAUSTED_PRIMALITY_UNASSIGNED,GF3A_DIRECTIONAL_WRITE_EXHAUSTED_PRIMALITY_UNASSIGNED,513,512,512,NO_RECORDED_FACTOR_PRP_OR_LL_RESULT_AND_NO_ACTIVE_GIMPS_ASSIGNMENT,2026-08-08T14:01:06+00:00,UNALLOCATED,,,,,
SLCMP585-1062,1062,1062,288553471,2^288553471-1,STRUCTURAL_SCREEN_EXHAUSTED_PRIMALITY_UNASSIGNED,GF3A_DIRECTIONAL_WRITE_EXHAUSTED_PRIMALITY_UNASSIGNED,514,512,512,NO_RECORDED_FACTOR_PRP_OR_LL_RESULT_AND_NO_ACTIVE_GIMPS_ASSIGNMENT,2026-08-08T14:01:06+00:00,UNALLOCATED,,,,,
SLCMP585-1063,1063,1063,288553501,2^288553501-1,STRUCTURAL_SCREEN_EXHAUSTED_PRIMALITY_UNASSIGNED,GF3A_DIRECTIONAL_WRITE_EXHAUSTED_PRIMALITY_UNASSIGNED,513,512,512,NO_RECORDED_FACTOR_PRP_OR_LL_RESULT_AND_NO_ACTIVE_GIMPS_ASSIGNMENT,2026-08-08T14:01:06+00:00,UNALLOCATED,,,,,
SLCMP585-1064,1064,1064,288553579,2^288553579-1,STRUCTURAL_SCREEN_EXHAUSTED_PRIMALITY_UNASSIGNED,GF3A_DIRECTIONAL_WRITE_EXHAUSTED_PRIMALITY_UNASSIGNED,514,512,512,NO_RECORDED_FACTOR_PRP_OR_LL_RESULT_AND_NO_ACTIVE_GIMPS_ASSIGNMENT,2026-08-08T14:01:06+00:00,UNALLOCATED,,,,,
SLCMP585-1065,1065,1065,288553649,2^288553649-1,STRUCTURAL_SCREEN_EXHAUSTED_PRIMALITY_UNASSIGNED,GF3A_DIRECTIONAL_WRITE_EXHAUSTED_PRIMALITY_UNASSIGNED,513,512,512,NO_RECORDED_FACTOR_PRP_OR_LL_RESULT_AND_NO_ACTIVE_GIMPS_ASSIGNMENT,2026-08-08T14:01:06+00:00,UNALLOCATED,,,,,
SLCMP585-1066,1066,1066,288553663,2^288553663-1,STRUCTURAL_SCREEN_EXHAUSTED_PRIMALITY_UNASSIGNED,GF3A_DIRECTIONAL_WRITE_EXHAUSTED_PRIMALITY_UNASSIGNED,514,512,512,NO_RECORDED_FACTOR_PRP_OR_LL_RESULT_AND_NO_ACTIVE_GIMPS_ASSIGNMENT,2026-08-08T14:01:06+00:00,UNALLOCATED,,,,,
SLCMP585-1067,1067,1067,288553723,2^288553723-1,STRUCTURAL_SCREEN_EXHAUSTED_PRIMALITY_UNASSIGNED,GF3A_DIRECTIONAL_WRITE_EXHAUSTED_PRIMALITY_UNASSIGNED,514,512,512,NO_RECORDED_FACTOR_PRP_OR_LL_RESULT_AND_NO_ACTIVE_GIMPS_ASSIGNMENT,2026-08-08T14:01:06+00:00,UNALLOCATED,,,,,
SLCMP585-1068,1068,1068,288553819,2^288553819-1,STRUCTURAL_SCREEN_EXHAUSTED_PRIMALITY_UNASSIGNED,GF3A_DIRECTIONAL_WRITE_EXHAUSTED_PRIMALITY_UNASSIGNED,514,512,512,NO_RECORDED_FACTOR_PRP_OR_LL_RESULT_AND_NO_ACTIVE_GIMPS_ASSIGNMENT,2026-08-08T14:01:06+00:00,UNALLOCATED,,,,,
SLCMP585-1069,1069,1069,288553843,2^288553843-1,STRUCTURAL_SCREEN_EXHAUSTED_PRIMALITY_UNASSIGNED,GF3A_DIRECTIONAL_WRITE_EXHAUSTED_PRIMALITY_UNASSIGNED,514,512,512,NO_RECORDED_FACTOR_PRP_OR_LL_RESULT_AND_NO_ACTIVE_GIMPS_ASSIGNMENT,2026-08-08T14:01:06+00:00,UNALLOCATED,,,,,
SLCMP585-1070,1070,1070,288553871,2^288553871-1,STRUCTURAL_SCREEN_EXHAUSTED_PRIMALITY_UNASSIGNED,GF3A_DIRECTIONAL_WRITE_EXHAUSTED_PRIMALITY_UNASSIGNED,514,512,512,NO_RECORDED_FACTOR_PRP_OR_LL_RESULT_AND_NO_ACTIVE_GIMPS_ASSIGNMENT,2026-08-08T14:01:06+00:00,UNALLOCATED,,,,,
SLCMP585-1071,1071,1071,288554003,2^288554003-1,STRUCTURAL_SCREEN_EXHAUSTED_PRIMALITY_UNASSIGNED,GF3A_DIRECTIONAL_WRITE_EXHAUSTED_PRIMALITY_UNASSIGNED,514,512,512,NO_RECORDED_FACTOR_PRP_OR_LL_RESULT_AND_NO_ACTIVE_GIMPS_ASSIGNMENT,2026-08-08T14:01:06+00:00,UNALLOCATED,,,,,
SLCMP585-1072,1072,1072,288554029,2^288554029-1,STRUCTURAL_SCREEN_EXHAUSTED_PRIMALITY_UNASSIGNED,GF3A_DIRECTIONAL_WRITE_EXHAUSTED_PRIMALITY_UNASSIGNED,513,512,512,NO_RECORDED_FACTOR_PRP_OR_LL_RESULT_AND_NO_ACTIVE_GIMPS_ASSIGNMENT,2026-08-08T14:01:06+00:00,UNALLOCATED,,,,,
SLCMP585-1073,1073,1073,288554041,2^288554041-1,STRUCTURAL_SCREEN_EXHAUSTED_PRIMALITY_UNASSIGNED,GF3A_DIRECTIONAL_WRITE_EXHAUSTED_PRIMALITY_UNASSIGNED,513,512,512,NO_RECORDED_FACTOR_PRP_OR_LL_RESULT_AND_NO_ACTIVE_GIMPS_ASSIGNMENT,2026-08-08T14:01:06+00:00,UNALLOCATED,,,,,
SLCMP585-1074,1074,1074,288554099,2^288554099-1,STRUCTURAL_SCREEN_EXHAUSTED_PRIMALITY_UNASSIGNED,GF3A_DIRECTIONAL_WRITE_EXHAUSTED_PRIMALITY_UNASSIGNED,514,512,512,NO_RECORDED_FACTOR_PRP_OR_LL_RESULT_AND_NO_ACTIVE_GIMPS_ASSIGNMENT,2026-08-08T14:01:06+00:00,UNALLOCATED,,,,,
SLCMP585-1075,1075,1075,288554129,2^288554129-1,STRUCTURAL_SCREEN_EXHAUSTED_PRIMALITY_UNASSIGNED,GF3A_DIRECTIONAL_WRITE_EXHAUSTED_PRIMALITY_UNASSIGNED,513,512,512,NO_RECORDED_FACTOR_PRP_OR_LL_RESULT_AND_NO_ACTIVE_GIMPS_ASSIGNMENT,2026-08-08T14:01:06+00:00,UNALLOCATED,,,,,
SLCMP585-1076,1076,1076,288554221,2^288554221-1,STRUCTURAL_SCREEN_EXHAUSTED_PRIMALITY_UNASSIGNED,GF3A_DIRECTIONAL_WRITE_EXHAUSTED_PRIMALITY_UNASSIGNED,513,512,512,NO_RECORDED_FACTOR_PRP_OR_LL_RESULT_AND_NO_ACTIVE_GIMPS_ASSIGNMENT,2026-08-08T14:01:06+00:00,UNALLOCATED,,,,,
SLCMP585-1077,1077,1077,288554459,2^288554459-1,STRUCTURAL_SCREEN_EXHAUSTED_PRIMALITY_UNASSIGNED,GF3A_DIRECTIONAL_WRITE_EXHAUSTED_PRIMALITY_UNASSIGNED,514,512,512,NO_RECORDED_FACTOR_PRP_OR_LL_RESULT_AND_NO_ACTIVE_GIMPS_ASSIGNMENT,2026-08-08T14:01:06+00:00,UNALLOCATED,,,,,
SLCMP585-1078,1078,1078,288554543,2^288554543-1,STRUCTURAL_SCREEN_EXHAUSTED_PRIMALITY_UNASSIGNED,GF3A_DIRECTIONAL_WRITE_EXHAUSTED_PRIMALITY_UNASSIGNED,514,512,512,NO_RECORDED_FACTOR_PRP_OR_LL_RESULT_AND_NO_ACTIVE_GIMPS_ASSIGNMENT,2026-08-08T14:01:06+00:00,UNALLOCATED,,,,,
SLCMP585-1079,1079,1079,288554599,2^288554599-1,STRUCTURAL_SCREEN_EXHAUSTED_PRIMALITY_UNASSIGNED,GF3A_DIRECTIONAL_WRITE_EXHAUSTED_PRIMALITY_UNASSIGNED,514,512,512,NO_RECORDED_FACTOR_PRP_OR_LL_RESULT_AND_NO_ACTIVE_GIMPS_ASSIGNMENT,2026-08-08T14:01:06+00:00,UNALLOCATED,,,,,
SLCMP585-1080,1080,1080,288554621,2^288554621-1,STRUCTURAL_SCREEN_EXHAUSTED_PRIMALITY_UNASSIGNED,GF3A_DIRECTIONAL_WRITE_EXHAUSTED_PRIMALITY_UNASSIGNED,513,512,512,NO_RECORDED_FACTOR_PRP_OR_LL_RESULT_AND_NO_ACTIVE_GIMPS_ASSIGNMENT,2026-08-08T14:01:06+00:00,UNALLOCATED,,,,,
SLCMP585-1081,1081,1081,288554627,2^288554627-1,STRUCTURAL_SCREEN_EXHAUSTED_PRIMALITY_UNASSIGNED,GF3A_DIRECTIONAL_WRITE_EXHAUSTED_PRIMALITY_UNASSIGNED,514,512,512,NO_RECORDED_FACTOR_PRP_OR_LL_RESULT_AND_NO_ACTIVE_GIMPS_ASSIGNMENT,2026-08-08T14:01:06+00:00,UNALLOCATED,,,,,
SLCMP585-1082,1082,1082,288554633,2^288554633-1,STRUCTURAL_SCREEN_EXHAUSTED_PRIMALITY_UNASSIGNED,GF3A_DIRECTIONAL_WRITE_EXHAUSTED_PRIMALITY_UNASSIGNED,513,512,512,NO_RECORDED_FACTOR_PRP_OR_LL_RESULT_AND_NO_ACTIVE_GIMPS_ASSIGNMENT,2026-08-08T14:01:06+00:00,UNALLOCATED,,,,,
SLCMP585-1083,1083,1083,288554657,2^288554657-1,STRUCTURAL_SCREEN_EXHAUSTED_PRIMALITY_UNASSIGNED,GF3A_DIRECTIONAL_WRITE_EXHAUSTED_PRIMALITY_UNASSIGNED,513,512,512,NO_RECORDED_FACTOR_PRP_OR_LL_RESULT_AND_NO_ACTIVE_GIMPS_ASSIGNMENT,2026-08-08T14:01:06+00:00,UNALLOCATED,,,,,
SLCMP585-1084,1084,1084,288554671,2^288554671-1,STRUCTURAL_SCREEN_EXHAUSTED_PRIMALITY_UNASSIGNED,GF3A_DIRECTIONAL_WRITE_EXHAUSTED_PRIMALITY_UNASSIGNED,514,512,512,NO_RECORDED_FACTOR_PRP_OR_LL_RESULT_AND_NO_ACTIVE_GIMPS_ASSIGNMENT,2026-08-08T14:01:06+00:00,UNALLOCATED,,,,,
SLCMP585-1085,1085,1085,288554683,2^288554683-1,STRUCTURAL_SCREEN_EXHAUSTED_PRIMALITY_UNASSIGNED,GF3A_DIRECTIONAL_WRITE_EXHAUSTED_PRIMALITY_UNASSIGNED,514,512,512,NO_RECORDED_FACTOR_PRP_OR_LL_RESULT_AND_NO_ACTIVE_GIMPS_ASSIGNMENT,2026-08-08T14:01:06+00:00,UNALLOCATED,,,,,
SLCMP585-1086,1086,1086,288554759,2^288554759-1,STRUCTURAL_SCREEN_EXHAUSTED_PRIMALITY_UNASSIGNED,GF3A_DIRECTIONAL_WRITE_EXHAUSTED_PRIMALITY_UNASSIGNED,514,512,512,NO_RECORDED_FACTOR_PRP_OR_LL_RESULT_AND_NO_ACTIVE_GIMPS_ASSIGNMENT,2026-08-08T14:01:06+00:00,UNALLOCATED,,,,,
SLCMP585-1087,1087,1087,288554797,2^288554797-1,STRUCTURAL_SCREEN_EXHAUSTED_PRIMALITY_UNASSIGNED,GF3A_DIRECTIONAL_WRITE_EXHAUSTED_PRIMALITY_UNASSIGNED,513,512,512,NO_RECORDED_FACTOR_PRP_OR_LL_RESULT_AND_NO_ACTIVE_GIMPS_ASSIGNMENT,2026-08-08T14:01:06+00:00,UNALLOCATED,,,,,
SLCMP585-1088,1088,1088,288554801,2^288554801-1,STRUCTURAL_SCREEN_EXHAUSTED_PRIMALITY_UNASSIGNED,GF3A_DIRECTIONAL_WRITE_EXHAUSTED_PRIMALITY_UNASSIGNED,513,512,512,NO_RECORDED_FACTOR_PRP_OR_LL_RESULT_AND_NO_ACTIVE_GIMPS_ASSIGNMENT,2026-08-08T14:01:06+00:00,UNALLOCATED,,,,,
SLCMP585-1089,1089,1089,288554837,2^288554837-1,STRUCTURAL_SCREEN_EXHAUSTED_PRIMALITY_UNASSIGNED,GF3A_DIRECTIONAL_WRITE_EXHAUSTED_PRIMALITY_UNASSIGNED,513,512,512,NO_RECORDED_FACTOR_PRP_OR_LL_RESULT_AND_NO_ACTIVE_GIMPS_ASSIGNMENT,2026-08-08T14:01:06+00:00,UNALLOCATED,,,,,
SLCMP585-1090,1090,1090,288554857,2^288554857-1,STRUCTURAL_SCREEN_EXHAUSTED_PRIMALITY_UNASSIGNED,GF3A_DIRECTIONAL_WRITE_EXHAUSTED_PRIMALITY_UNASSIGNED,513,512,512,NO_RECORDED_FACTOR_PRP_OR_LL_RESULT_AND_NO_ACTIVE_GIMPS_ASSIGNMENT,2026-08-08T14:01:06+00:00,UNALLOCATED,,,,,
SLCMP585-1091,1091,1091,288554933,2^288554933-1,STRUCTURAL_SCREEN_EXHAUSTED_PRIMALITY_UNASSIGNED,GF3A_DIRECTIONAL_WRITE_EXHAUSTED_PRIMALITY_UNASSIGNED,513,512,512,NO_RECORDED_FACTOR_PRP_OR_LL_RESULT_AND_NO_ACTIVE_GIMPS_ASSIGNMENT,2026-08-08T14:01:06+00:00,UNALLOCATED,,,,,
SLCMP585-1092,1092,1092,288554993,2^288554993-1,STRUCTURAL_SCREEN_EXHAUSTED_PRIMALITY_UNASSIGNED,GF3A_DIRECTIONAL_WRITE_EXHAUSTED_PRIMALITY_UNASSIGNED,513,512,512,NO_RECORDED_FACTOR_PRP_OR_LL_RESULT_AND_NO_ACTIVE_GIMPS_ASSIGNMENT,2026-08-08T14:01:06+00:00,UNALLOCATED,,,,,
SLCMP585-1093,1093,1093,288555181,2^288555181-1,STRUCTURAL_SCREEN_EXHAUSTED_PRIMALITY_UNASSIGNED,GF3A_DIRECTIONAL_WRITE_EXHAUSTED_PRIMALITY_UNASSIGNED,513,512,512,NO_RECORDED_FACTOR_PRP_OR_LL_RESULT_AND_NO_ACTIVE_GIMPS_ASSIGNMENT,2026-08-08T14:01:06+00:00,UNALLOCATED,,,,,
SLCMP585-1094,1094,1094,288555251,2^288555251-1,STRUCTURAL_SCREEN_EXHAUSTED_PRIMALITY_UNASSIGNED,GF3A_DIRECTIONAL_WRITE_EXHAUSTED_PRIMALITY_UNASSIGNED,514,512,512,NO_RECORDED_FACTOR_PRP_OR_LL_RESULT_AND_NO_ACTIVE_GIMPS_ASSIGNMENT,2026-08-08T14:01:06+00:00,UNALLOCATED,,,,,
SLCMP585-1095,1095,1095,288555287,2^288555287-1,STRUCTURAL_SCREEN_EXHAUSTED_PRIMALITY_UNASSIGNED,GF3A_DIRECTIONAL_WRITE_EXHAUSTED_PRIMALITY_UNASSIGNED,514,512,512,NO_RECORDED_FACTOR_PRP_OR_LL_RESULT_AND_NO_ACTIVE_GIMPS_ASSIGNMENT,2026-08-08T14:01:06+00:00,UNALLOCATED,,,,,
SLCMP585-1096,1096,1096,288555359,2^288555359-1,STRUCTURAL_SCREEN_EXHAUSTED_PRIMALITY_UNASSIGNED,GF3A_DIRECTIONAL_WRITE_EXHAUSTED_PRIMALITY_UNASSIGNED,514,512,512,NO_RECORDED_FACTOR_PRP_OR_LL_RESULT_AND_NO_ACTIVE_GIMPS_ASSIGNMENT,2026-08-08T14:01:06+00:00,UNALLOCATED,,,,,
SLCMP585-1097,1097,1097,288555361,2^288555361-1,STRUCTURAL_SCREEN_EXHAUSTED_PRIMALITY_UNASSIGNED,GF3A_DIRECTIONAL_WRITE_EXHAUSTED_PRIMALITY_UNASSIGNED,513,512,512,NO_RECORDED_FACTOR_PRP_OR_LL_RESULT_AND_NO_ACTIVE_GIMPS_ASSIGNMENT,2026-08-08T14:01:06+00:00,UNALLOCATED,,,,,
SLCMP585-1098,1098,1098,288555367,2^288555367-1,STRUCTURAL_SCREEN_EXHAUSTED_PRIMALITY_UNASSIGNED,GF3A_DIRECTIONAL_WRITE_EXHAUSTED_PRIMALITY_UNASSIGNED,514,512,512,NO_RECORDED_FACTOR_PRP_OR_LL_RESULT_AND_NO_ACTIVE_GIMPS_ASSIGNMENT,2026-08-08T14:01:06+00:00,UNALLOCATED,,,,,
SLCMP585-1099,1099,1099,288555389,2^288555389-1,STRUCTURAL_SCREEN_EXHAUSTED_PRIMALITY_UNASSIGNED,GF3A_DIRECTIONAL_WRITE_EXHAUSTED_PRIMALITY_UNASSIGNED,513,512,512,NO_RECORDED_FACTOR_PRP_OR_LL_RESULT_AND_NO_ACTIVE_GIMPS_ASSIGNMENT,2026-08-08T14:01:06+00:00,UNALLOCATED,,,,,
SLCMP585-1100,1100,1100,288555457,2^288555457-1,STRUCTURAL_SCREEN_EXHAUSTED_PRIMALITY_UNASSIGNED,GF3A_DIRECTIONAL_WRITE_EXHAUSTED_PRIMALITY_UNASSIGNED,513,512,512,NO_RECORDED_FACTOR_PRP_OR_LL_RESULT_AND_NO_ACTIVE_GIMPS_ASSIGNMENT,2026-08-08T14:01:06+00:00,UNALLOCATED,,,,,
SLCMP585-1101,1101,1101,288555461,2^288555461-1,STRUCTURAL_SCREEN_EXHAUSTED_PRIMALITY_UNASSIGNED,GF3A_DIRECTIONAL_WRITE_EXHAUSTED_PRIMALITY_UNASSIGNED,513,512,512,NO_RECORDED_FACTOR_PRP_OR_LL_RESULT_AND_NO_ACTIVE_GIMPS_ASSIGNMENT,2026-08-08T14:01:06+00:00,UNALLOCATED,,,,,
SLCMP585-1102,1102,1102,288555473,2^288555473-1,STRUCTURAL_SCREEN_EXHAUSTED_PRIMALITY_UNASSIGNED,GF3A_DIRECTIONAL_WRITE_EXHAUSTED_PRIMALITY_UNASSIGNED,513,512,512,NO_RECORDED_FACTOR_PRP_OR_LL_RESULT_AND_NO_ACTIVE_GIMPS_ASSIGNMENT,2026-08-08T14:01:06+00:00,UNALLOCATED,,,,,
SLCMP585-1103,1103,1103,288555511,2^288555511-1,STRUCTURAL_SCREEN_EXHAUSTED_PRIMALITY_UNASSIGNED,GF3A_DIRECTIONAL_WRITE_EXHAUSTED_PRIMALITY_UNASSIGNED,514,512,512,NO_RECORDED_FACTOR_PRP_OR_LL_RESULT_AND_NO_ACTIVE_GIMPS_ASSIGNMENT,2026-08-08T14:01:06+00:00,UNALLOCATED,,,,,
SLCMP585-1104,1104,1104,288555541,2^288555541-1,STRUCTURAL_SCREEN_EXHAUSTED_PRIMALITY_UNASSIGNED,GF3A_DIRECTIONAL_WRITE_EXHAUSTED_PRIMALITY_UNASSIGNED,513,512,512,NO_RECORDED_FACTOR_PRP_OR_LL_RESULT_AND_NO_ACTIVE_GIMPS_ASSIGNMENT,2026-08-08T14:01:06+00:00,UNALLOCATED,,,,,
SLCMP585-1105,1105,1105,288555577,2^288555577-1,STRUCTURAL_SCREEN_EXHAUSTED_PRIMALITY_UNASSIGNED,GF3A_DIRECTIONAL_WRITE_EXHAUSTED_PRIMALITY_UNASSIGNED,513,512,512,NO_RECORDED_FACTOR_PRP_OR_LL_RESULT_AND_NO_ACTIVE_GIMPS_ASSIGNMENT,2026-08-08T14:01:06+00:00,UNALLOCATED,,,,,
SLCMP585-1106,1106,1106,288555611,2^288555611-1,STRUCTURAL_SCREEN_EXHAUSTED_PRIMALITY_UNASSIGNED,GF3A_DIRECTIONAL_WRITE_EXHAUSTED_PRIMALITY_UNASSIGNED,514,512,512,NO_RECORDED_FACTOR_PRP_OR_LL_RESULT_AND_NO_ACTIVE_GIMPS_ASSIGNMENT,2026-08-08T14:01:06+00:00,UNALLOCATED,,,,,
SLCMP585-1107,1107,1107,288555623,2^288555623-1,STRUCTURAL_SCREEN_EXHAUSTED_PRIMALITY_UNASSIGNED,GF3A_DIRECTIONAL_WRITE_EXHAUSTED_PRIMALITY_UNASSIGNED,514,512,512,NO_RECORDED_FACTOR_PRP_OR_LL_RESULT_AND_NO_ACTIVE_GIMPS_ASSIGNMENT,2026-08-08T14:01:06+00:00,UNALLOCATED,,,,,
SLCMP585-1108,1108,1108,288555649,2^288555649-1,STRUCTURAL_SCREEN_EXHAUSTED_PRIMALITY_UNASSIGNED,GF3A_DIRECTIONAL_WRITE_EXHAUSTED_PRIMALITY_UNASSIGNED,513,512,512,NO_RECORDED_FACTOR_PRP_OR_LL_RESULT_AND_NO_ACTIVE_GIMPS_ASSIGNMENT,2026-08-08T14:01:06+00:00,UNALLOCATED,,,,,
SLCMP585-1109,1109,1109,288555661,2^288555661-1,STRUCTURAL_SCREEN_EXHAUSTED_PRIMALITY_UNASSIGNED,GF3A_DIRECTIONAL_WRITE_EXHAUSTED_PRIMALITY_UNASSIGNED,513,512,512,NO_RECORDED_FACTOR_PRP_OR_LL_RESULT_AND_NO_ACTIVE_GIMPS_ASSIGNMENT,2026-08-08T14:01:06+00:00,UNALLOCATED,,,,,
SLCMP585-1110,1110,1110,288555689,2^288555689-1,STRUCTURAL_SCREEN_EXHAUSTED_PRIMALITY_UNASSIGNED,GF3A_DIRECTIONAL_WRITE_EXHAUSTED_PRIMALITY_UNASSIGNED,513,512,512,NO_RECORDED_FACTOR_PRP_OR_LL_RESULT_AND_NO_ACTIVE_GIMPS_ASSIGNMENT,2026-08-08T14:01:06+00:00,UNALLOCATED,,,,,
SLCMP585-1111,1111,1111,288555737,2^288555737-1,STRUCTURAL_SCREEN_EXHAUSTED_PRIMALITY_UNASSIGNED,GF3A_DIRECTIONAL_WRITE_EXHAUSTED_PRIMALITY_UNASSIGNED,513,512,512,NO_RECORDED_FACTOR_PRP_OR_LL_RESULT_AND_NO_ACTIVE_GIMPS_ASSIGNMENT,2026-08-08T14:01:06+00:00,UNALLOCATED,,,,,
SLCMP585-1112,1112,1112,288555763,2^288555763-1,STRUCTURAL_SCREEN_EXHAUSTED_PRIMALITY_UNASSIGNED,GF3A_DIRECTIONAL_WRITE_EXHAUSTED_PRIMALITY_UNASSIGNED,514,512,512,NO_RECORDED_FACTOR_PRP_OR_LL_RESULT_AND_NO_ACTIVE_GIMPS_ASSIGNMENT,2026-08-08T14:01:06+00:00,UNALLOCATED,,,,,
SLCMP585-1113,1113,1113,288555847,2^288555847-1,STRUCTURAL_SCREEN_EXHAUSTED_PRIMALITY_UNASSIGNED,GF3A_DIRECTIONAL_WRITE_EXHAUSTED_PRIMALITY_UNASSIGNED,514,512,512,NO_RECORDED_FACTOR_PRP_OR_LL_RESULT_AND_NO_ACTIVE_GIMPS_ASSIGNMENT,2026-08-08T14:01:06+00:00,UNALLOCATED,,,,,
SLCMP585-1114,1114,1114,288555851,2^288555851-1,STRUCTURAL_SCREEN_EXHAUSTED_PRIMALITY_UNASSIGNED,GF3A_DIRECTIONAL_WRITE_EXHAUSTED_PRIMALITY_UNASSIGNED,514,512,512,NO_RECORDED_FACTOR_PRP_OR_LL_RESULT_AND_NO_ACTIVE_GIMPS_ASSIGNMENT,2026-08-08T14:01:06+00:00,UNALLOCATED,,,,,
SLCMP585-1115,1115,1115,288555893,2^288555893-1,STRUCTURAL_SCREEN_EXHAUSTED_PRIMALITY_UNASSIGNED,GF3A_DIRECTIONAL_WRITE_EXHAUSTED_PRIMALITY_UNASSIGNED,513,512,512,NO_RECORDED_FACTOR_PRP_OR_LL_RESULT_AND_NO_ACTIVE_GIMPS_ASSIGNMENT,2026-08-08T14:01:06+00:00,UNALLOCATED,,,,,
SLCMP585-1116,1116,1116,288555941,2^288555941-1,STRUCTURAL_SCREEN_EXHAUSTED_PRIMALITY_UNASSIGNED,GF3A_DIRECTIONAL_WRITE_EXHAUSTED_PRIMALITY_UNASSIGNED,513,512,512,NO_RECORDED_FACTOR_PRP_OR_LL_RESULT_AND_NO_ACTIVE_GIMPS_ASSIGNMENT,2026-08-08T14:01:06+00:00,UNALLOCATED,,,,,
SLCMP585-1117,1117,1117,288555959,2^288555959-1,STRUCTURAL_SCREEN_EXHAUSTED_PRIMALITY_UNASSIGNED,GF3A_DIRECTIONAL_WRITE_EXHAUSTED_PRIMALITY_UNASSIGNED,514,512,512,NO_RECORDED_FACTOR_PRP_OR_LL_RESULT_AND_NO_ACTIVE_GIMPS_ASSIGNMENT,2026-08-08T14:01:06+00:00,UNALLOCATED,,,,,
SLCMP585-1118,1118,1118,288556117,2^288556117-1,STRUCTURAL_SCREEN_EXHAUSTED_PRIMALITY_UNASSIGNED,GF3A_DIRECTIONAL_WRITE_EXHAUSTED_PRIMALITY_UNASSIGNED,513,512,512,NO_RECORDED_FACTOR_PRP_OR_LL_RESULT_AND_NO_ACTIVE_GIMPS_ASSIGNMENT,2026-08-08T14:01:06+00:00,UNALLOCATED,,,,,
SLCMP585-1119,1119,1119,288556133,2^288556133-1,STRUCTURAL_SCREEN_EXHAUSTED_PRIMALITY_UNASSIGNED,GF3A_DIRECTIONAL_WRITE_EXHAUSTED_PRIMALITY_UNASSIGNED,513,512,512,NO_RECORDED_FACTOR_PRP_OR_LL_RESULT_AND_NO_ACTIVE_GIMPS_ASSIGNMENT,2026-08-08T14:01:06+00:00,UNALLOCATED,,,,,
SLCMP585-1120,1120,1120,288556199,2^288556199-1,STRUCTURAL_SCREEN_EXHAUSTED_PRIMALITY_UNASSIGNED,GF3A_DIRECTIONAL_WRITE_EXHAUSTED_PRIMALITY_UNASSIGNED,514,512,512,NO_RECORDED_FACTOR_PRP_OR_LL_RESULT_AND_NO_ACTIVE_GIMPS_ASSIGNMENT,2026-08-08T14:01:06+00:00,UNALLOCATED,,,,,
SLCMP585-1121,1121,1121,288556243,2^288556243-1,STRUCTURAL_SCREEN_EXHAUSTED_PRIMALITY_UNASSIGNED,GF3A_DIRECTIONAL_WRITE_EXHAUSTED_PRIMALITY_UNASSIGNED,514,512,512,NO_RECORDED_FACTOR_PRP_OR_LL_RESULT_AND_NO_ACTIVE_GIMPS_ASSIGNMENT,2026-08-08T14:01:06+00:00,UNALLOCATED,,,,,
SLCMP585-1122,1122,1122,288556313,2^288556313-1,STRUCTURAL_SCREEN_EXHAUSTED_PRIMALITY_UNASSIGNED,GF3A_DIRECTIONAL_WRITE_EXHAUSTED_PRIMALITY_UNASSIGNED,513,512,512,NO_RECORDED_FACTOR_PRP_OR_LL_RESULT_AND_NO_ACTIVE_GIMPS_ASSIGNMENT,2026-08-08T14:01:06+00:00,UNALLOCATED,,,,,
SLCMP585-1123,1123,1123,288556357,2^288556357-1,STRUCTURAL_SCREEN_EXHAUSTED_PRIMALITY_UNASSIGNED,GF3A_DIRECTIONAL_WRITE_EXHAUSTED_PRIMALITY_UNASSIGNED,513,512,512,NO_RECORDED_FACTOR_PRP_OR_LL_RESULT_AND_NO_ACTIVE_GIMPS_ASSIGNMENT,2026-08-08T14:01:06+00:00,UNALLOCATED,,,,,
SLCMP585-1124,1124,1124,288556391,2^288556391-1,STRUCTURAL_SCREEN_EXHAUSTED_PRIMALITY_UNASSIGNED,GF3A_DIRECTIONAL_WRITE_EXHAUSTED_PRIMALITY_UNASSIGNED,514,512,512,NO_RECORDED_FACTOR_PRP_OR_LL_RESULT_AND_NO_ACTIVE_GIMPS_ASSIGNMENT,2026-08-08T14:01:06+00:00,UNALLOCATED,,,,,
SLCMP585-1125,1125,1125,288556397,2^288556397-1,STRUCTURAL_SCREEN_EXHAUSTED_PRIMALITY_UNASSIGNED,GF3A_DIRECTIONAL_WRITE_EXHAUSTED_PRIMALITY_UNASSIGNED,513,512,512,NO_RECORDED_FACTOR_PRP_OR_LL_RESULT_AND_NO_ACTIVE_GIMPS_ASSIGNMENT,2026-08-08T14:01:06+00:00,UNALLOCATED,,,,,
SLCMP585-1126,1126,1126,288556417,2^288556417-1,STRUCTURAL_SCREEN_EXHAUSTED_PRIMALITY_UNASSIGNED,GF3A_DIRECTIONAL_WRITE_EXHAUSTED_PRIMALITY_UNASSIGNED,513,512,512,NO_RECORDED_FACTOR_PRP_OR_LL_RESULT_AND_NO_ACTIVE_GIMPS_ASSIGNMENT,2026-08-08T14:01:06+00:00,UNALLOCATED,,,,,
SLCMP585-1127,1127,1127,288556447,2^288556447-1,STRUCTURAL_SCREEN_EXHAUSTED_PRIMALITY_UNASSIGNED,GF3A_DIRECTIONAL_WRITE_EXHAUSTED_PRIMALITY_UNASSIGNED,514,512,512,NO_RECORDED_FACTOR_PRP_OR_LL_RESULT_AND_NO_ACTIVE_GIMPS_ASSIGNMENT,2026-08-08T14:01:06+00:00,UNALLOCATED,,,,,
SLCMP585-1128,1128,1128,288556511,2^288556511-1,STRUCTURAL_SCREEN_EXHAUSTED_PRIMALITY_UNASSIGNED,GF3A_DIRECTIONAL_WRITE_EXHAUSTED_PRIMALITY_UNASSIGNED,514,512,512,NO_RECORDED_FACTOR_PRP_OR_LL_RESULT_AND_NO_ACTIVE_GIMPS_ASSIGNMENT,2026-08-08T14:01:06+00:00,UNALLOCATED,,,,,
SLCMP585-1129,1129,1129,288556519,2^288556519-1,STRUCTURAL_SCREEN_EXHAUSTED_PRIMALITY_UNASSIGNED,GF3A_DIRECTIONAL_WRITE_EXHAUSTED_PRIMALITY_UNASSIGNED,514,512,512,NO_RECORDED_FACTOR_PRP_OR_LL_RESULT_AND_NO_ACTIVE_GIMPS_ASSIGNMENT,2026-08-08T14:01:06+00:00,UNALLOCATED,,,,,
SLCMP585-1130,1130,1130,288556571,2^288556571-1,STRUCTURAL_SCREEN_EXHAUSTED_PRIMALITY_UNASSIGNED,GF3A_DIRECTIONAL_WRITE_EXHAUSTED_PRIMALITY_UNASSIGNED,514,512,512,NO_RECORDED_FACTOR_PRP_OR_LL_RESULT_AND_NO_ACTIVE_GIMPS_ASSIGNMENT,2026-08-08T14:01:06+00:00,UNALLOCATED,,,,,
SLCMP585-1131,1131,1131,288556603,2^288556603-1,STRUCTURAL_SCREEN_EXHAUSTED_PRIMALITY_UNASSIGNED,GF3A_DIRECTIONAL_WRITE_EXHAUSTED_PRIMALITY_UNASSIGNED,514,512,512,NO_RECORDED_FACTOR_PRP_OR_LL_RESULT_AND_NO_ACTIVE_GIMPS_ASSIGNMENT,2026-08-08T14:01:06+00:00,UNALLOCATED,,,,,
SLCMP585-1132,1132,1132,288556651,2^288556651-1,STRUCTURAL_SCREEN_EXHAUSTED_PRIMALITY_UNASSIGNED,GF3A_DIRECTIONAL_WRITE_EXHAUSTED_PRIMALITY_UNASSIGNED,514,512,512,NO_RECORDED_FACTOR_PRP_OR_LL_RESULT_AND_NO_ACTIVE_GIMPS_ASSIGNMENT,2026-08-08T14:01:06+00:00,UNALLOCATED,,,,,
SLCMP585-1133,1133,1133,288556693,2^288556693-1,STRUCTURAL_SCREEN_EXHAUSTED_PRIMALITY_UNASSIGNED,GF3A_DIRECTIONAL_WRITE_EXHAUSTED_PRIMALITY_UNASSIGNED,513,512,512,NO_RECORDED_FACTOR_PRP_OR_LL_RESULT_AND_NO_ACTIVE_GIMPS_ASSIGNMENT,2026-08-08T14:01:06+00:00,UNALLOCATED,,,,,
SLCMP585-1134,1134,1134,288556733,2^288556733-1,STRUCTURAL_SCREEN_EXHAUSTED_PRIMALITY_UNASSIGNED,GF3A_DIRECTIONAL_WRITE_EXHAUSTED_PRIMALITY_UNASSIGNED,513,512,512,NO_RECORDED_FACTOR_PRP_OR_LL_RESULT_AND_NO_ACTIVE_GIMPS_ASSIGNMENT,2026-08-08T14:01:06+00:00,UNALLOCATED,,,,,
SLCMP585-1135,1135,1135,288556769,2^288556769-1,STRUCTURAL_SCREEN_EXHAUSTED_PRIMALITY_UNASSIGNED,GF3A_DIRECTIONAL_WRITE_EXHAUSTED_PRIMALITY_UNASSIGNED,513,512,512,NO_RECORDED_FACTOR_PRP_OR_LL_RESULT_AND_NO_ACTIVE_GIMPS_ASSIGNMENT,2026-08-08T14:01:06+00:00,UNALLOCATED,,,,,
SLCMP585-1136,1136,1136,288556813,2^288556813-1,STRUCTURAL_SCREEN_EXHAUSTED_PRIMALITY_UNASSIGNED,GF3A_DIRECTIONAL_WRITE_EXHAUSTED_PRIMALITY_UNASSIGNED,513,512,512,NO_RECORDED_FACTOR_PRP_OR_LL_RESULT_AND_NO_ACTIVE_GIMPS_ASSIGNMENT,2026-08-08T14:01:06+00:00,UNALLOCATED,,,,,
SLCMP585-1137,1137,1137,288556823,2^288556823-1,STRUCTURAL_SCREEN_EXHAUSTED_PRIMALITY_UNASSIGNED,GF3A_DIRECTIONAL_WRITE_EXHAUSTED_PRIMALITY_UNASSIGNED,514,512,512,NO_RECORDED_FACTOR_PRP_OR_LL_RESULT_AND_NO_ACTIVE_GIMPS_ASSIGNMENT,2026-08-08T14:01:06+00:00,UNALLOCATED,,,,,
SLCMP585-1138,1138,1138,288556843,2^288556843-1,STRUCTURAL_SCREEN_EXHAUSTED_PRIMALITY_UNASSIGNED,GF3A_DIRECTIONAL_WRITE_EXHAUSTED_PRIMALITY_UNASSIGNED,514,512,512,NO_RECORDED_FACTOR_PRP_OR_LL_RESULT_AND_NO_ACTIVE_GIMPS_ASSIGNMENT,2026-08-08T14:01:06+00:00,UNALLOCATED,,,,,
SLCMP585-1139,1139,1139,288556867,2^288556867-1,STRUCTURAL_SCREEN_EXHAUSTED_PRIMALITY_UNASSIGNED,GF3A_DIRECTIONAL_WRITE_EXHAUSTED_PRIMALITY_UNASSIGNED,514,512,512,NO_RECORDED_FACTOR_PRP_OR_LL_RESULT_AND_NO_ACTIVE_GIMPS_ASSIGNMENT,2026-08-08T14:01:06+00:00,UNALLOCATED,,,,,
SLCMP585-1140,1140,1140,288556883,2^288556883-1,STRUCTURAL_SCREEN_EXHAUSTED_PRIMALITY_UNASSIGNED,GF3A_DIRECTIONAL_WRITE_EXHAUSTED_PRIMALITY_UNASSIGNED,514,512,512,NO_RECORDED_FACTOR_PRP_OR_LL_RESULT_AND_NO_ACTIVE_GIMPS_ASSIGNMENT,2026-08-08T14:01:06+00:00,UNALLOCATED,,,,,
SLCMP585-1141,1141,1141,288556967,2^288556967-1,STRUCTURAL_SCREEN_EXHAUSTED_PRIMALITY_UNASSIGNED,GF3A_DIRECTIONAL_WRITE_EXHAUSTED_PRIMALITY_UNASSIGNED,514,512,512,NO_RECORDED_FACTOR_PRP_OR_LL_RESULT_AND_NO_ACTIVE_GIMPS_ASSIGNMENT,2026-08-08T14:01:06+00:00,UNALLOCATED,,,,,
SLCMP585-1142,1142,1142,288557077,2^288557077-1,STRUCTURAL_SCREEN_EXHAUSTED_PRIMALITY_UNASSIGNED,GF3A_DIRECTIONAL_WRITE_EXHAUSTED_PRIMALITY_UNASSIGNED,513,512,512,NO_RECORDED_FACTOR_PRP_OR_LL_RESULT_AND_NO_ACTIVE_GIMPS_ASSIGNMENT,2026-08-08T14:01:06+00:00,UNALLOCATED,,,,,
SLCMP585-1143,1143,1143,288557131,2^288557131-1,STRUCTURAL_SCREEN_EXHAUSTED_PRIMALITY_UNASSIGNED,GF3A_DIRECTIONAL_WRITE_EXHAUSTED_PRIMALITY_UNASSIGNED,514,512,512,NO_RECORDED_FACTOR_PRP_OR_LL_RESULT_AND_NO_ACTIVE_GIMPS_ASSIGNMENT,2026-08-08T14:01:06+00:00,UNALLOCATED,,,,,
SLCMP585-1144,1144,1144,288557177,2^288557177-1,STRUCTURAL_SCREEN_EXHAUSTED_PRIMALITY_UNASSIGNED,GF3A_DIRECTIONAL_WRITE_EXHAUSTED_PRIMALITY_UNASSIGNED,513,512,512,NO_RECORDED_FACTOR_PRP_OR_LL_RESULT_AND_NO_ACTIVE_GIMPS_ASSIGNMENT,2026-08-08T14:01:06+00:00,UNALLOCATED,,,,,
SLCMP585-1145,1145,1145,288557239,2^288557239-1,STRUCTURAL_SCREEN_EXHAUSTED_PRIMALITY_UNASSIGNED,GF3A_DIRECTIONAL_WRITE_EXHAUSTED_PRIMALITY_UNASSIGNED,514,512,512,NO_RECORDED_FACTOR_PRP_OR_LL_RESULT_AND_NO_ACTIVE_GIMPS_ASSIGNMENT,2026-08-08T14:01:06+00:00,UNALLOCATED,,,,,
SLCMP585-1146,1146,1146,288557309,2^288557309-1,STRUCTURAL_SCREEN_EXHAUSTED_PRIMALITY_UNASSIGNED,GF3A_DIRECTIONAL_WRITE_EXHAUSTED_PRIMALITY_UNASSIGNED,513,512,512,NO_RECORDED_FACTOR_PRP_OR_LL_RESULT_AND_NO_ACTIVE_GIMPS_ASSIGNMENT,2026-08-08T14:01:06+00:00,UNALLOCATED,,,,,
SLCMP585-1147,1147,1147,288557429,2^288557429-1,STRUCTURAL_SCREEN_EXHAUSTED_PRIMALITY_UNASSIGNED,GF3A_DIRECTIONAL_WRITE_EXHAUSTED_PRIMALITY_UNASSIGNED,513,512,512,NO_RECORDED_FACTOR_PRP_OR_LL_RESULT_AND_NO_ACTIVE_GIMPS_ASSIGNMENT,2026-08-08T14:01:06+00:00,UNALLOCATED,,,,,
SLCMP585-1148,1148,1148,288557573,2^288557573-1,STRUCTURAL_SCREEN_EXHAUSTED_PRIMALITY_UNASSIGNED,GF3A_DIRECTIONAL_WRITE_EXHAUSTED_PRIMALITY_UNASSIGNED,513,512,512,NO_RECORDED_FACTOR_PRP_OR_LL_RESULT_AND_NO_ACTIVE_GIMPS_ASSIGNMENT,2026-08-08T14:01:06+00:00,UNALLOCATED,,,,,
SLCMP585-1149,1149,1149,288557587,2^288557587-1,STRUCTURAL_SCREEN_EXHAUSTED_PRIMALITY_UNASSIGNED,GF3A_DIRECTIONAL_WRITE_EXHAUSTED_PRIMALITY_UNASSIGNED,514,512,512,NO_RECORDED_FACTOR_PRP_OR_LL_RESULT_AND_NO_ACTIVE_GIMPS_ASSIGNMENT,2026-08-08T14:01:06+00:00,UNALLOCATED,,,,,
SLCMP585-1150,1150,1150,288557611,2^288557611-1,STRUCTURAL_SCREEN_EXHAUSTED_PRIMALITY_UNASSIGNED,GF3A_DIRECTIONAL_WRITE_EXHAUSTED_PRIMALITY_UNASSIGNED,514,512,512,NO_RECORDED_FACTOR_PRP_OR_LL_RESULT_AND_NO_ACTIVE_GIMPS_ASSIGNMENT,2026-08-08T14:01:06+00:00,UNALLOCATED,,,,,
SLCMP585-1151,1151,1151,288557657,2^288557657-1,STRUCTURAL_SCREEN_EXHAUSTED_PRIMALITY_UNASSIGNED,GF3A_DIRECTIONAL_WRITE_EXHAUSTED_PRIMALITY_UNASSIGNED,513,512,512,NO_RECORDED_FACTOR_PRP_OR_LL_RESULT_AND_NO_ACTIVE_GIMPS_ASSIGNMENT,2026-08-08T14:01:06+00:00,UNALLOCATED,,,,,
SLCMP585-1152,1152,1152,288557663,2^288557663-1,STRUCTURAL_SCREEN_EXHAUSTED_PRIMALITY_UNASSIGNED,GF3A_DIRECTIONAL_WRITE_EXHAUSTED_PRIMALITY_UNASSIGNED,514,512,512,NO_RECORDED_FACTOR_PRP_OR_LL_RESULT_AND_NO_ACTIVE_GIMPS_ASSIGNMENT,2026-08-08T14:01:06+00:00,UNALLOCATED,,,,,
SLCMP585-1153,1153,1153,288557833,2^288557833-1,STRUCTURAL_SCREEN_EXHAUSTED_PRIMALITY_UNASSIGNED,GF3A_DIRECTIONAL_WRITE_EXHAUSTED_PRIMALITY_UNASSIGNED,513,512,512,NO_RECORDED_FACTOR_PRP_OR_LL_RESULT_AND_NO_ACTIVE_GIMPS_ASSIGNMENT,2026-08-08T14:01:06+00:00,UNALLOCATED,,,,,
SLCMP585-1154,1154,1154,288557861,2^288557861-1,STRUCTURAL_SCREEN_EXHAUSTED_PRIMALITY_UNASSIGNED,GF3A_DIRECTIONAL_WRITE_EXHAUSTED_PRIMALITY_UNASSIGNED,513,512,512,NO_RECORDED_FACTOR_PRP_OR_LL_RESULT_AND_NO_ACTIVE_GIMPS_ASSIGNMENT,2026-08-08T14:01:06+00:00,UNALLOCATED,,,,,
SLCMP585-1155,1155,1155,288558001,2^288558001-1,STRUCTURAL_SCREEN_EXHAUSTED_PRIMALITY_UNASSIGNED,GF3A_DIRECTIONAL_WRITE_EXHAUSTED_PRIMALITY_UNASSIGNED,513,512,512,NO_RECORDED_FACTOR_PRP_OR_LL_RESULT_AND_NO_ACTIVE_GIMPS_ASSIGNMENT,2026-08-08T14:01:06+00:00,UNALLOCATED,,,,,
SLCMP585-1156,1156,1156,288558107,2^288558107-1,STRUCTURAL_SCREEN_EXHAUSTED_PRIMALITY_UNASSIGNED,GF3A_DIRECTIONAL_WRITE_EXHAUSTED_PRIMALITY_UNASSIGNED,514,512,512,NO_RECORDED_FACTOR_PRP_OR_LL_RESULT_AND_NO_ACTIVE_GIMPS_ASSIGNMENT,2026-08-08T14:01:06+00:00,UNALLOCATED,,,,,
SLCMP585-1157,1157,1157,288558113,2^288558113-1,STRUCTURAL_SCREEN_EXHAUSTED_PRIMALITY_UNASSIGNED,GF3A_DIRECTIONAL_WRITE_EXHAUSTED_PRIMALITY_UNASSIGNED,513,512,512,NO_RECORDED_FACTOR_PRP_OR_LL_RESULT_AND_NO_ACTIVE_GIMPS_ASSIGNMENT,2026-08-08T14:01:06+00:00,UNALLOCATED,,,,,
SLCMP585-1158,1158,1158,288558181,2^288558181-1,STRUCTURAL_SCREEN_EXHAUSTED_PRIMALITY_UNASSIGNED,GF3A_DIRECTIONAL_WRITE_EXHAUSTED_PRIMALITY_UNASSIGNED,513,512,512,NO_RECORDED_FACTOR_PRP_OR_LL_RESULT_AND_NO_ACTIVE_GIMPS_ASSIGNMENT,2026-08-08T14:01:06+00:00,UNALLOCATED,,,,,
SLCMP585-1159,1159,1159,288558461,2^288558461-1,STRUCTURAL_SCREEN_EXHAUSTED_PRIMALITY_UNASSIGNED,GF3A_DIRECTIONAL_WRITE_EXHAUSTED_PRIMALITY_UNASSIGNED,513,512,512,NO_RECORDED_FACTOR_PRP_OR_LL_RESULT_AND_NO_ACTIVE_GIMPS_ASSIGNMENT,2026-08-08T14:01:06+00:00,UNALLOCATED,,,,,
SLCMP585-1160,1160,1160,288558499,2^288558499-1,STRUCTURAL_SCREEN_EXHAUSTED_PRIMALITY_UNASSIGNED,GF3A_DIRECTIONAL_WRITE_EXHAUSTED_PRIMALITY_UNASSIGNED,514,512,512,NO_RECORDED_FACTOR_PRP_OR_LL_RESULT_AND_NO_ACTIVE_GIMPS_ASSIGNMENT,2026-08-08T14:01:06+00:00,UNALLOCATED,,,,,
SLCMP585-1161,1161,1161,288558539,2^288558539-1,STRUCTURAL_SCREEN_EXHAUSTED_PRIMALITY_UNASSIGNED,GF3A_DIRECTIONAL_WRITE_EXHAUSTED_PRIMALITY_UNASSIGNED,514,512,512,NO_RECORDED_FACTOR_PRP_OR_LL_RESULT_AND_NO_ACTIVE_GIMPS_ASSIGNMENT,2026-08-08T14:01:06+00:00,UNALLOCATED,,,,,
SLCMP585-1162,1162,1162,288558577,2^288558577-1,STRUCTURAL_SCREEN_EXHAUSTED_PRIMALITY_UNASSIGNED,GF3A_DIRECTIONAL_WRITE_EXHAUSTED_PRIMALITY_UNASSIGNED,513,512,512,NO_RECORDED_FACTOR_PRP_OR_LL_RESULT_AND_NO_ACTIVE_GIMPS_ASSIGNMENT,2026-08-08T14:01:06+00:00,UNALLOCATED,,,,,
SLCMP585-1163,1163,1163,288558587,2^288558587-1,STRUCTURAL_SCREEN_EXHAUSTED_PRIMALITY_UNASSIGNED,GF3A_DIRECTIONAL_WRITE_EXHAUSTED_PRIMALITY_UNASSIGNED,514,512,512,NO_RECORDED_FACTOR_PRP_OR_LL_RESULT_AND_NO_ACTIVE_GIMPS_ASSIGNMENT,2026-08-08T14:01:06+00:00,UNALLOCATED,,,,,
SLCMP585-1164,1164,1164,288558631,2^288558631-1,STRUCTURAL_SCREEN_EXHAUSTED_PRIMALITY_UNASSIGNED,GF3A_DIRECTIONAL_WRITE_EXHAUSTED_PRIMALITY_UNASSIGNED,514,512,512,NO_RECORDED_FACTOR_PRP_OR_LL_RESULT_AND_NO_ACTIVE_GIMPS_ASSIGNMENT,2026-08-08T14:01:06+00:00,UNALLOCATED,,,,,
SLCMP585-1165,1165,1165,288558649,2^288558649-1,STRUCTURAL_SCREEN_EXHAUSTED_PRIMALITY_UNASSIGNED,GF3A_DIRECTIONAL_WRITE_EXHAUSTED_PRIMALITY_UNASSIGNED,513,512,512,NO_RECORDED_FACTOR_PRP_OR_LL_RESULT_AND_NO_ACTIVE_GIMPS_ASSIGNMENT,2026-08-08T14:01:06+00:00,UNALLOCATED,,,,,
SLCMP585-1166,1166,1166,288558653,2^288558653-1,STRUCTURAL_SCREEN_EXHAUSTED_PRIMALITY_UNASSIGNED,GF3A_DIRECTIONAL_WRITE_EXHAUSTED_PRIMALITY_UNASSIGNED,513,512,512,NO_RECORDED_FACTOR_PRP_OR_LL_RESULT_AND_NO_ACTIVE_GIMPS_ASSIGNMENT,2026-08-08T14:01:06+00:00,UNALLOCATED,,,,,
SLCMP585-1167,1167,1167,288558773,2^288558773-1,STRUCTURAL_SCREEN_EXHAUSTED_PRIMALITY_UNASSIGNED,GF3A_DIRECTIONAL_WRITE_EXHAUSTED_PRIMALITY_UNASSIGNED,513,512,512,NO_RECORDED_FACTOR_PRP_OR_LL_RESULT_AND_NO_ACTIVE_GIMPS_ASSIGNMENT,2026-08-08T14:01:06+00:00,UNALLOCATED,,,,,
SLCMP585-1168,1168,1168,288558841,2^288558841-1,STRUCTURAL_SCREEN_EXHAUSTED_PRIMALITY_UNASSIGNED,GF3A_DIRECTIONAL_WRITE_EXHAUSTED_PRIMALITY_UNASSIGNED,513,512,512,NO_RECORDED_FACTOR_PRP_OR_LL_RESULT_AND_NO_ACTIVE_GIMPS_ASSIGNMENT,2026-08-08T14:01:06+00:00,UNALLOCATED,,,,,
SLCMP585-1169,1169,1169,288558877,2^288558877-1,STRUCTURAL_SCREEN_EXHAUSTED_PRIMALITY_UNASSIGNED,GF3A_DIRECTIONAL_WRITE_EXHAUSTED_PRIMALITY_UNASSIGNED,513,512,512,NO_RECORDED_FACTOR_PRP_OR_LL_RESULT_AND_NO_ACTIVE_GIMPS_ASSIGNMENT,2026-08-08T14:01:06+00:00,UNALLOCATED,,,,,
SLCMP585-1170,1170,1170,288558931,2^288558931-1,STRUCTURAL_SCREEN_EXHAUSTED_PRIMALITY_UNASSIGNED,GF3A_DIRECTIONAL_WRITE_EXHAUSTED_PRIMALITY_UNASSIGNED,514,512,512,NO_RECORDED_FACTOR_PRP_OR_LL_RESULT_AND_NO_ACTIVE_GIMPS_ASSIGNMENT,2026-08-08T14:01:06+00:00,UNALLOCATED,,,,,
SLCMP585-1171,1171,1171,288558971,2^288558971-1,STRUCTURAL_SCREEN_EXHAUSTED_PRIMALITY_UNASSIGNED,GF3A_DIRECTIONAL_WRITE_EXHAUSTED_PRIMALITY_UNASSIGNED,514,512,512,NO_RECORDED_FACTOR_PRP_OR_LL_RESULT_AND_NO_ACTIVE_GIMPS_ASSIGNMENT,2026-08-08T14:01:06+00:00,UNALLOCATED,,,,,
SLCMP585-1172,1172,1172,288558979,2^288558979-1,STRUCTURAL_SCREEN_EXHAUSTED_PRIMALITY_UNASSIGNED,GF3A_DIRECTIONAL_WRITE_EXHAUSTED_PRIMALITY_UNASSIGNED,514,512,512,NO_RECORDED_FACTOR_PRP_OR_LL_RESULT_AND_NO_ACTIVE_GIMPS_ASSIGNMENT,2026-08-08T14:01:06+00:00,UNALLOCATED,,,,,
SLCMP585-1173,1173,1173,288559001,2^288559001-1,STRUCTURAL_SCREEN_EXHAUSTED_PRIMALITY_UNASSIGNED,GF3A_DIRECTIONAL_WRITE_EXHAUSTED_PRIMALITY_UNASSIGNED,513,512,512,NO_RECORDED_FACTOR_PRP_OR_LL_RESULT_AND_NO_ACTIVE_GIMPS_ASSIGNMENT,2026-08-08T14:01:06+00:00,UNALLOCATED,,,,,
SLCMP585-1174,1174,1174,288559043,2^288559043-1,STRUCTURAL_SCREEN_EXHAUSTED_PRIMALITY_UNASSIGNED,GF3A_DIRECTIONAL_WRITE_EXHAUSTED_PRIMALITY_UNASSIGNED,514,512,512,NO_RECORDED_FACTOR_PRP_OR_LL_RESULT_AND_NO_ACTIVE_GIMPS_ASSIGNMENT,2026-08-08T14:01:06+00:00,UNALLOCATED,,,,,
SLCMP585-1175,1175,1175,288559049,2^288559049-1,STRUCTURAL_SCREEN_EXHAUSTED_PRIMALITY_UNASSIGNED,GF3A_DIRECTIONAL_WRITE_EXHAUSTED_PRIMALITY_UNASSIGNED,513,512,512,NO_RECORDED_FACTOR_PRP_OR_LL_RESULT_AND_NO_ACTIVE_GIMPS_ASSIGNMENT,2026-08-08T14:01:06+00:00,UNALLOCATED,,,,,
SLCMP585-1176,1176,1176,288559217,2^288559217-1,STRUCTURAL_SCREEN_EXHAUSTED_PRIMALITY_UNASSIGNED,GF3A_DIRECTIONAL_WRITE_EXHAUSTED_PRIMALITY_UNASSIGNED,513,512,512,NO_RECORDED_FACTOR_PRP_OR_LL_RESULT_AND_NO_ACTIVE_GIMPS_ASSIGNMENT,2026-08-08T14:01:06+00:00,UNALLOCATED,,,,,
SLCMP585-1177,1177,1177,288559267,2^288559267-1,STRUCTURAL_SCREEN_EXHAUSTED_PRIMALITY_UNASSIGNED,GF3A_DIRECTIONAL_WRITE_EXHAUSTED_PRIMALITY_UNASSIGNED,514,512,512,NO_RECORDED_FACTOR_PRP_OR_LL_RESULT_AND_NO_ACTIVE_GIMPS_ASSIGNMENT,2026-08-08T14:01:06+00:00,UNALLOCATED,,,,,
SLCMP585-1178,1178,1178,288559319,2^288559319-1,STRUCTURAL_SCREEN_EXHAUSTED_PRIMALITY_UNASSIGNED,GF3A_DIRECTIONAL_WRITE_EXHAUSTED_PRIMALITY_UNASSIGNED,514,512,512,NO_RECORDED_FACTOR_PRP_OR_LL_RESULT_AND_NO_ACTIVE_GIMPS_ASSIGNMENT,2026-08-08T14:01:06+00:00,UNALLOCATED,,,,,
SLCMP585-1179,1179,1179,288559363,2^288559363-1,STRUCTURAL_SCREEN_EXHAUSTED_PRIMALITY_UNASSIGNED,GF3A_DIRECTIONAL_WRITE_EXHAUSTED_PRIMALITY_UNASSIGNED,514,512,512,NO_RECORDED_FACTOR_PRP_OR_LL_RESULT_AND_NO_ACTIVE_GIMPS_ASSIGNMENT,2026-08-08T14:01:06+00:00,UNALLOCATED,,,,,
SLCMP585-1180,1180,1180,288559379,2^288559379-1,STRUCTURAL_SCREEN_EXHAUSTED_PRIMALITY_UNASSIGNED,GF3A_DIRECTIONAL_WRITE_EXHAUSTED_PRIMALITY_UNASSIGNED,514,512,512,NO_RECORDED_FACTOR_PRP_OR_LL_RESULT_AND_NO_ACTIVE_GIMPS_ASSIGNMENT,2026-08-08T14:01:06+00:00,UNALLOCATED,,,,,
SLCMP585-1181,1181,1181,288559417,2^288559417-1,STRUCTURAL_SCREEN_EXHAUSTED_PRIMALITY_UNASSIGNED,GF3A_DIRECTIONAL_WRITE_EXHAUSTED_PRIMALITY_UNASSIGNED,513,512,512,NO_RECORDED_FACTOR_PRP_OR_LL_RESULT_AND_NO_ACTIVE_GIMPS_ASSIGNMENT,2026-08-08T14:01:06+00:00,UNALLOCATED,,,,,
SLCMP585-1182,1182,1182,288559421,2^288559421-1,STRUCTURAL_SCREEN_EXHAUSTED_PRIMALITY_UNASSIGNED,GF3A_DIRECTIONAL_WRITE_EXHAUSTED_PRIMALITY_UNASSIGNED,513,512,512,NO_RECORDED_FACTOR_PRP_OR_LL_RESULT_AND_NO_ACTIVE_GIMPS_ASSIGNMENT,2026-08-08T14:01:06+00:00,UNALLOCATED,,,,,
SLCMP585-1183,1183,1183,288559459,2^288559459-1,STRUCTURAL_SCREEN_EXHAUSTED_PRIMALITY_UNASSIGNED,GF3A_DIRECTIONAL_WRITE_EXHAUSTED_PRIMALITY_UNASSIGNED,514,512,512,NO_RECORDED_FACTOR_PRP_OR_LL_RESULT_AND_NO_ACTIVE_GIMPS_ASSIGNMENT,2026-08-08T14:01:06+00:00,UNALLOCATED,,,,,
SLCMP585-1184,1184,1184,288559489,2^288559489-1,STRUCTURAL_SCREEN_EXHAUSTED_PRIMALITY_UNASSIGNED,GF3A_DIRECTIONAL_WRITE_EXHAUSTED_PRIMALITY_UNASSIGNED,513,512,512,NO_RECORDED_FACTOR_PRP_OR_LL_RESULT_AND_NO_ACTIVE_GIMPS_ASSIGNMENT,2026-08-08T14:01:06+00:00,UNALLOCATED,,,,,
SLCMP585-1185,1185,1185,288559573,2^288559573-1,STRUCTURAL_SCREEN_EXHAUSTED_PRIMALITY_UNASSIGNED,GF3A_DIRECTIONAL_WRITE_EXHAUSTED_PRIMALITY_UNASSIGNED,513,512,512,NO_RECORDED_FACTOR_PRP_OR_LL_RESULT_AND_NO_ACTIVE_GIMPS_ASSIGNMENT,2026-08-08T14:01:06+00:00,UNALLOCATED,,,,,
SLCMP585-1186,1186,1186,288559639,2^288559639-1,STRUCTURAL_SCREEN_EXHAUSTED_PRIMALITY_UNASSIGNED,GF3A_DIRECTIONAL_WRITE_EXHAUSTED_PRIMALITY_UNASSIGNED,514,512,512,NO_RECORDED_FACTOR_PRP_OR_LL_RESULT_AND_NO_ACTIVE_GIMPS_ASSIGNMENT,2026-08-08T14:01:06+00:00,UNALLOCATED,,,,,
SLCMP585-1187,1187,1187,288559643,2^288559643-1,STRUCTURAL_SCREEN_EXHAUSTED_PRIMALITY_UNASSIGNED,GF3A_DIRECTIONAL_WRITE_EXHAUSTED_PRIMALITY_UNASSIGNED,514,512,512,NO_RECORDED_FACTOR_PRP_OR_LL_RESULT_AND_NO_ACTIVE_GIMPS_ASSIGNMENT,2026-08-08T14:01:06+00:00,UNALLOCATED,,,,,
SLCMP585-1188,1188,1188,288559721,2^288559721-1,STRUCTURAL_SCREEN_EXHAUSTED_PRIMALITY_UNASSIGNED,GF3A_DIRECTIONAL_WRITE_EXHAUSTED_PRIMALITY_UNASSIGNED,513,512,512,NO_RECORDED_FACTOR_PRP_OR_LL_RESULT_AND_NO_ACTIVE_GIMPS_ASSIGNMENT,2026-08-08T14:01:06+00:00,UNALLOCATED,,,,,
SLCMP585-1189,1189,1189,288559759,2^288559759-1,STRUCTURAL_SCREEN_EXHAUSTED_PRIMALITY_UNASSIGNED,GF3A_DIRECTIONAL_WRITE_EXHAUSTED_PRIMALITY_UNASSIGNED,514,512,512,NO_RECORDED_FACTOR_PRP_OR_LL_RESULT_AND_NO_ACTIVE_GIMPS_ASSIGNMENT,2026-08-08T14:01:06+00:00,UNALLOCATED,,,,,
SLCMP585-1190,1190,1190,288559879,2^288559879-1,STRUCTURAL_SCREEN_EXHAUSTED_PRIMALITY_UNASSIGNED,GF3A_DIRECTIONAL_WRITE_EXHAUSTED_PRIMALITY_UNASSIGNED,514,512,512,NO_RECORDED_FACTOR_PRP_OR_LL_RESULT_AND_NO_ACTIVE_GIMPS_ASSIGNMENT,2026-08-08T14:01:06+00:00,UNALLOCATED,,,,,
SLCMP585-1191,1191,1191,288559961,2^288559961-1,STRUCTURAL_SCREEN_EXHAUSTED_PRIMALITY_UNASSIGNED,GF3A_DIRECTIONAL_WRITE_EXHAUSTED_PRIMALITY_UNASSIGNED,513,512,512,NO_RECORDED_FACTOR_PRP_OR_LL_RESULT_AND_NO_ACTIVE_GIMPS_ASSIGNMENT,2026-08-08T14:01:06+00:00,UNALLOCATED,,,,,
SLCMP585-1192,1192,1192,288559979,2^288559979-1,STRUCTURAL_SCREEN_EXHAUSTED_PRIMALITY_UNASSIGNED,GF3A_DIRECTIONAL_WRITE_EXHAUSTED_PRIMALITY_UNASSIGNED,514,512,512,NO_RECORDED_FACTOR_PRP_OR_LL_RESULT_AND_NO_ACTIVE_GIMPS_ASSIGNMENT,2026-08-08T14:01:06+00:00,UNALLOCATED,,,,,
SLCMP585-1193,1193,1193,288560033,2^288560033-1,STRUCTURAL_SCREEN_EXHAUSTED_PRIMALITY_UNASSIGNED,GF3A_DIRECTIONAL_WRITE_EXHAUSTED_PRIMALITY_UNASSIGNED,513,512,512,NO_RECORDED_FACTOR_PRP_OR_LL_RESULT_AND_NO_ACTIVE_GIMPS_ASSIGNMENT,2026-08-08T14:01:06+00:00,UNALLOCATED,,,,,
SLCMP585-1194,1194,1194,288560189,2^288560189-1,STRUCTURAL_SCREEN_EXHAUSTED_PRIMALITY_UNASSIGNED,GF3A_DIRECTIONAL_WRITE_EXHAUSTED_PRIMALITY_UNASSIGNED,513,512,512,NO_RECORDED_FACTOR_PRP_OR_LL_RESULT_AND_NO_ACTIVE_GIMPS_ASSIGNMENT,2026-08-08T14:01:06+00:00,UNALLOCATED,,,,,
SLCMP585-1195,1195,1195,288560263,2^288560263-1,STRUCTURAL_SCREEN_EXHAUSTED_PRIMALITY_UNASSIGNED,GF3A_DIRECTIONAL_WRITE_EXHAUSTED_PRIMALITY_UNASSIGNED,514,512,512,NO_RECORDED_FACTOR_PRP_OR_LL_RESULT_AND_NO_ACTIVE_GIMPS_ASSIGNMENT,2026-08-08T14:01:06+00:00,UNALLOCATED,,,,,
SLCMP585-1196,1196,1196,288560267,2^288560267-1,STRUCTURAL_SCREEN_EXHAUSTED_PRIMALITY_UNASSIGNED,GF3A_DIRECTIONAL_WRITE_EXHAUSTED_PRIMALITY_UNASSIGNED,514,512,512,NO_RECORDED_FACTOR_PRP_OR_LL_RESULT_AND_NO_ACTIVE_GIMPS_ASSIGNMENT,2026-08-08T14:01:06+00:00,UNALLOCATED,,,,,
SLCMP585-1197,1197,1197,288560287,2^288560287-1,STRUCTURAL_SCREEN_EXHAUSTED_PRIMALITY_UNASSIGNED,GF3A_DIRECTIONAL_WRITE_EXHAUSTED_PRIMALITY_UNASSIGNED,514,512,512,NO_RECORDED_FACTOR_PRP_OR_LL_RESULT_AND_NO_ACTIVE_GIMPS_ASSIGNMENT,2026-08-08T14:01:06+00:00,UNALLOCATED,,,,,
SLCMP585-1198,1198,1198,288560297,2^288560297-1,STRUCTURAL_SCREEN_EXHAUSTED_PRIMALITY_UNASSIGNED,GF3A_DIRECTIONAL_WRITE_EXHAUSTED_PRIMALITY_UNASSIGNED,513,512,512,NO_RECORDED_FACTOR_PRP_OR_LL_RESULT_AND_NO_ACTIVE_GIMPS_ASSIGNMENT,2026-08-08T14:01:06+00:00,UNALLOCATED,,,,,
SLCMP585-1199,1199,1199,288560413,2^288560413-1,STRUCTURAL_SCREEN_EXHAUSTED_PRIMALITY_UNASSIGNED,GF3A_DIRECTIONAL_WRITE_EXHAUSTED_PRIMALITY_UNASSIGNED,513,512,512,NO_RECORDED_FACTOR_PRP_OR_LL_RESULT_AND_NO_ACTIVE_GIMPS_ASSIGNMENT,2026-08-08T14:01:06+00:00,UNALLOCATED,,,,,
SLCMP585-1200,1200,1200,288560443,2^288560443-1,STRUCTURAL_SCREEN_EXHAUSTED_PRIMALITY_UNASSIGNED,GF3A_DIRECTIONAL_WRITE_EXHAUSTED_PRIMALITY_UNASSIGNED,514,512,512,NO_RECORDED_FACTOR_PRP_OR_LL_RESULT_AND_NO_ACTIVE_GIMPS_ASSIGNMENT,2026-08-08T14:01:06+00:00,UNALLOCATED,,,,,
SLCMP585-1201,1201,1201,288560453,2^288560453-1,STRUCTURAL_SCREEN_EXHAUSTED_PRIMALITY_UNASSIGNED,GF3A_DIRECTIONAL_WRITE_EXHAUSTED_PRIMALITY_UNASSIGNED,513,512,512,NO_RECORDED_FACTOR_PRP_OR_LL_RESULT_AND_NO_ACTIVE_GIMPS_ASSIGNMENT,2026-08-08T14:01:06+00:00,UNALLOCATED,,,,,
SLCMP585-1202,1202,1202,288560471,2^288560471-1,STRUCTURAL_SCREEN_EXHAUSTED_PRIMALITY_UNASSIGNED,GF3A_DIRECTIONAL_WRITE_EXHAUSTED_PRIMALITY_UNASSIGNED,514,512,512,NO_RECORDED_FACTOR_PRP_OR_LL_RESULT_AND_NO_ACTIVE_GIMPS_ASSIGNMENT,2026-08-08T14:01:06+00:00,UNALLOCATED,,,,,
SLCMP585-1203,1203,1203,288560477,2^288560477-1,STRUCTURAL_SCREEN_EXHAUSTED_PRIMALITY_UNASSIGNED,GF3A_DIRECTIONAL_WRITE_EXHAUSTED_PRIMALITY_UNASSIGNED,513,512,512,NO_RECORDED_FACTOR_PRP_OR_LL_RESULT_AND_NO_ACTIVE_GIMPS_ASSIGNMENT,2026-08-08T14:01:06+00:00,UNALLOCATED,,,,,
SLCMP585-1204,1204,1204,288560603,2^288560603-1,STRUCTURAL_SCREEN_EXHAUSTED_PRIMALITY_UNASSIGNED,GF3A_DIRECTIONAL_WRITE_EXHAUSTED_PRIMALITY_UNASSIGNED,514,512,512,NO_RECORDED_FACTOR_PRP_OR_LL_RESULT_AND_NO_ACTIVE_GIMPS_ASSIGNMENT,2026-08-08T14:01:06+00:00,UNALLOCATED,,,,,
SLCMP585-1205,1205,1205,288560611,2^288560611-1,STRUCTURAL_SCREEN_EXHAUSTED_PRIMALITY_UNASSIGNED,GF3A_DIRECTIONAL_WRITE_EXHAUSTED_PRIMALITY_UNASSIGNED,514,512,512,NO_RECORDED_FACTOR_PRP_OR_LL_RESULT_AND_NO_ACTIVE_GIMPS_ASSIGNMENT,2026-08-08T14:01:06+00:00,UNALLOCATED,,,,,
SLCMP585-1206,1206,1206,288560639,2^288560639-1,STRUCTURAL_SCREEN_EXHAUSTED_PRIMALITY_UNASSIGNED,GF3A_DIRECTIONAL_WRITE_EXHAUSTED_PRIMALITY_UNASSIGNED,514,512,512,NO_RECORDED_FACTOR_PRP_OR_LL_RESULT_AND_NO_ACTIVE_GIMPS_ASSIGNMENT,2026-08-08T14:01:06+00:00,UNALLOCATED,,,,,
SLCMP585-1207,1207,1207,288560663,2^288560663-1,STRUCTURAL_SCREEN_EXHAUSTED_PRIMALITY_UNASSIGNED,GF3A_DIRECTIONAL_WRITE_EXHAUSTED_PRIMALITY_UNASSIGNED,514,512,512,NO_RECORDED_FACTOR_PRP_OR_LL_RESULT_AND_NO_ACTIVE_GIMPS_ASSIGNMENT,2026-08-08T14:01:06+00:00,UNALLOCATED,,,,,
SLCMP585-1208,1208,1208,288560677,2^288560677-1,STRUCTURAL_SCREEN_EXHAUSTED_PRIMALITY_UNASSIGNED,GF3A_DIRECTIONAL_WRITE_EXHAUSTED_PRIMALITY_UNASSIGNED,513,512,512,NO_RECORDED_FACTOR_PRP_OR_LL_RESULT_AND_NO_ACTIVE_GIMPS_ASSIGNMENT,2026-08-08T14:01:06+00:00,UNALLOCATED,,,,,
SLCMP585-1209,1209,1209,288560711,2^288560711-1,STRUCTURAL_SCREEN_EXHAUSTED_PRIMALITY_UNASSIGNED,GF3A_DIRECTIONAL_WRITE_EXHAUSTED_PRIMALITY_UNASSIGNED,514,512,512,NO_RECORDED_FACTOR_PRP_OR_LL_RESULT_AND_NO_ACTIVE_GIMPS_ASSIGNMENT,2026-08-08T14:01:06+00:00,UNALLOCATED,,,,,
SLCMP585-1210,1210,1210,288560719,2^288560719-1,STRUCTURAL_SCREEN_EXHAUSTED_PRIMALITY_UNASSIGNED,GF3A_DIRECTIONAL_WRITE_EXHAUSTED_PRIMALITY_UNASSIGNED,514,512,512,NO_RECORDED_FACTOR_PRP_OR_LL_RESULT_AND_NO_ACTIVE_GIMPS_ASSIGNMENT,2026-08-08T14:01:06+00:00,UNALLOCATED,,,,,
SLCMP585-1211,1211,1211,288560729,2^288560729-1,STRUCTURAL_SCREEN_EXHAUSTED_PRIMALITY_UNASSIGNED,GF3A_DIRECTIONAL_WRITE_EXHAUSTED_PRIMALITY_UNASSIGNED,513,512,512,NO_RECORDED_FACTOR_PRP_OR_LL_RESULT_AND_NO_ACTIVE_GIMPS_ASSIGNMENT,2026-08-08T14:01:06+00:00,UNALLOCATED,,,,,
SLCMP585-1212,1212,1212,288560731,2^288560731-1,STRUCTURAL_SCREEN_EXHAUSTED_PRIMALITY_UNASSIGNED,GF3A_DIRECTIONAL_WRITE_EXHAUSTED_PRIMALITY_UNASSIGNED,514,512,512,NO_RECORDED_FACTOR_PRP_OR_LL_RESULT_AND_NO_ACTIVE_GIMPS_ASSIGNMENT,2026-08-08T14:01:06+00:00,UNALLOCATED,,,,,
SLCMP585-1213,1213,1213,288560749,2^288560749-1,STRUCTURAL_SCREEN_EXHAUSTED_PRIMALITY_UNASSIGNED,GF3A_DIRECTIONAL_WRITE_EXHAUSTED_PRIMALITY_UNASSIGNED,513,512,512,NO_RECORDED_FACTOR_PRP_OR_LL_RESULT_AND_NO_ACTIVE_GIMPS_ASSIGNMENT,2026-08-08T14:01:06+00:00,UNALLOCATED,,,,,
SLCMP585-1214,1214,1214,288560761,2^288560761-1,STRUCTURAL_SCREEN_EXHAUSTED_PRIMALITY_UNASSIGNED,GF3A_DIRECTIONAL_WRITE_EXHAUSTED_PRIMALITY_UNASSIGNED,513,512,512,NO_RECORDED_FACTOR_PRP_OR_LL_RESULT_AND_NO_ACTIVE_GIMPS_ASSIGNMENT,2026-08-08T14:01:06+00:00,UNALLOCATED,,,,,
SLCMP585-1215,1215,1215,288560791,2^288560791-1,STRUCTURAL_SCREEN_EXHAUSTED_PRIMALITY_UNASSIGNED,GF3A_DIRECTIONAL_WRITE_EXHAUSTED_PRIMALITY_UNASSIGNED,514,512,512,NO_RECORDED_FACTOR_PRP_OR_LL_RESULT_AND_NO_ACTIVE_GIMPS_ASSIGNMENT,2026-08-08T14:01:06+00:00,UNALLOCATED,,,,,
SLCMP585-1216,1216,1216,288560869,2^288560869-1,STRUCTURAL_SCREEN_EXHAUSTED_PRIMALITY_UNASSIGNED,GF3A_DIRECTIONAL_WRITE_EXHAUSTED_PRIMALITY_UNASSIGNED,513,512,512,NO_RECORDED_FACTOR_PRP_OR_LL_RESULT_AND_NO_ACTIVE_GIMPS_ASSIGNMENT,2026-08-08T14:01:06+00:00,UNALLOCATED,,,,,
SLCMP585-1217,1217,1217,288560963,2^288560963-1,STRUCTURAL_SCREEN_EXHAUSTED_PRIMALITY_UNASSIGNED,GF3A_DIRECTIONAL_WRITE_EXHAUSTED_PRIMALITY_UNASSIGNED,514,512,512,NO_RECORDED_FACTOR_PRP_OR_LL_RESULT_AND_NO_ACTIVE_GIMPS_ASSIGNMENT,2026-08-08T14:01:06+00:00,UNALLOCATED,,,,,
SLCMP585-1218,1218,1218,288560977,2^288560977-1,STRUCTURAL_SCREEN_EXHAUSTED_PRIMALITY_UNASSIGNED,GF3A_DIRECTIONAL_WRITE_EXHAUSTED_PRIMALITY_UNASSIGNED,513,512,512,NO_RECORDED_FACTOR_PRP_OR_LL_RESULT_AND_NO_ACTIVE_GIMPS_ASSIGNMENT,2026-08-08T14:01:06+00:00,UNALLOCATED,,,,,
SLCMP585-1219,1219,1219,288560983,2^288560983-1,STRUCTURAL_SCREEN_EXHAUSTED_PRIMALITY_UNASSIGNED,GF3A_DIRECTIONAL_WRITE_EXHAUSTED_PRIMALITY_UNASSIGNED,514,512,512,NO_RECORDED_FACTOR_PRP_OR_LL_RESULT_AND_NO_ACTIVE_GIMPS_ASSIGNMENT,2026-08-08T14:01:06+00:00,UNALLOCATED,,,,,
SLCMP585-1220,1220,1220,288561001,2^288561001-1,STRUCTURAL_SCREEN_EXHAUSTED_PRIMALITY_UNASSIGNED,GF3A_DIRECTIONAL_WRITE_EXHAUSTED_PRIMALITY_UNASSIGNED,513,512,512,NO_RECORDED_FACTOR_PRP_OR_LL_RESULT_AND_NO_ACTIVE_GIMPS_ASSIGNMENT,2026-08-08T14:01:06+00:00,UNALLOCATED,,,,,
SLCMP585-1221,1221,1221,288561017,2^288561017-1,STRUCTURAL_SCREEN_EXHAUSTED_PRIMALITY_UNASSIGNED,GF3A_DIRECTIONAL_WRITE_EXHAUSTED_PRIMALITY_UNASSIGNED,513,512,512,NO_RECORDED_FACTOR_PRP_OR_LL_RESULT_AND_NO_ACTIVE_GIMPS_ASSIGNMENT,2026-08-08T14:01:06+00:00,UNALLOCATED,,,,,
SLCMP585-1222,1222,1222,288561079,2^288561079-1,STRUCTURAL_SCREEN_EXHAUSTED_PRIMALITY_UNASSIGNED,GF3A_DIRECTIONAL_WRITE_EXHAUSTED_PRIMALITY_UNASSIGNED,514,512,512,NO_RECORDED_FACTOR_PRP_OR_LL_RESULT_AND_NO_ACTIVE_GIMPS_ASSIGNMENT,2026-08-08T14:01:06+00:00,UNALLOCATED,,,,,
SLCMP585-1223,1223,1223,288561101,2^288561101-1,STRUCTURAL_SCREEN_EXHAUSTED_PRIMALITY_UNASSIGNED,GF3A_DIRECTIONAL_WRITE_EXHAUSTED_PRIMALITY_UNASSIGNED,513,512,512,NO_RECORDED_FACTOR_PRP_OR_LL_RESULT_AND_NO_ACTIVE_GIMPS_ASSIGNMENT,2026-08-08T14:01:06+00:00,UNALLOCATED,,,,,
SLCMP585-1224,1224,1224,288561121,2^288561121-1,STRUCTURAL_SCREEN_EXHAUSTED_PRIMALITY_UNASSIGNED,GF3A_DIRECTIONAL_WRITE_EXHAUSTED_PRIMALITY_UNASSIGNED,513,512,512,NO_RECORDED_FACTOR_PRP_OR_LL_RESULT_AND_NO_ACTIVE_GIMPS_ASSIGNMENT,2026-08-08T14:01:06+00:00,UNALLOCATED,,,,,
SLCMP585-1225,1225,1225,288561173,2^288561173-1,STRUCTURAL_SCREEN_EXHAUSTED_PRIMALITY_UNASSIGNED,GF3A_DIRECTIONAL_WRITE_EXHAUSTED_PRIMALITY_UNASSIGNED,513,512,512,NO_RECORDED_FACTOR_PRP_OR_LL_RESULT_AND_NO_ACTIVE_GIMPS_ASSIGNMENT,2026-08-08T14:01:06+00:00,UNALLOCATED,,,,,
SLCMP585-1226,1226,1226,288561311,2^288561311-1,STRUCTURAL_SCREEN_EXHAUSTED_PRIMALITY_UNASSIGNED,GF3A_DIRECTIONAL_WRITE_EXHAUSTED_PRIMALITY_UNASSIGNED,514,512,512,NO_RECORDED_FACTOR_PRP_OR_LL_RESULT_AND_NO_ACTIVE_GIMPS_ASSIGNMENT,2026-08-08T14:01:06+00:00,UNALLOCATED,,,,,
SLCMP585-1227,1227,1227,288561313,2^288561313-1,STRUCTURAL_SCREEN_EXHAUSTED_PRIMALITY_UNASSIGNED,GF3A_DIRECTIONAL_WRITE_EXHAUSTED_PRIMALITY_UNASSIGNED,513,512,512,NO_RECORDED_FACTOR_PRP_OR_LL_RESULT_AND_NO_ACTIVE_GIMPS_ASSIGNMENT,2026-08-08T14:01:06+00:00,UNALLOCATED,,,,,
SLCMP585-1228,1228,1228,288561391,2^288561391-1,STRUCTURAL_SCREEN_EXHAUSTED_PRIMALITY_UNASSIGNED,GF3A_DIRECTIONAL_WRITE_EXHAUSTED_PRIMALITY_UNASSIGNED,514,512,512,NO_RECORDED_FACTOR_PRP_OR_LL_RESULT_AND_NO_ACTIVE_GIMPS_ASSIGNMENT,2026-08-08T14:01:06+00:00,UNALLOCATED,,,,,
SLCMP585-1229,1229,1229,288561437,2^288561437-1,STRUCTURAL_SCREEN_EXHAUSTED_PRIMALITY_UNASSIGNED,GF3A_DIRECTIONAL_WRITE_EXHAUSTED_PRIMALITY_UNASSIGNED,513,512,512,NO_RECORDED_FACTOR_PRP_OR_LL_RESULT_AND_NO_ACTIVE_GIMPS_ASSIGNMENT,2026-08-08T14:01:06+00:00,UNALLOCATED,,,,,
SLCMP585-1230,1230,1230,288561491,2^288561491-1,STRUCTURAL_SCREEN_EXHAUSTED_PRIMALITY_UNASSIGNED,GF3A_DIRECTIONAL_WRITE_EXHAUSTED_PRIMALITY_UNASSIGNED,514,512,512,NO_RECORDED_FACTOR_PRP_OR_LL_RESULT_AND_NO_ACTIVE_GIMPS_ASSIGNMENT,2026-08-08T14:01:06+00:00,UNALLOCATED,,,,,
SLCMP585-1231,1231,1231,288561527,2^288561527-1,STRUCTURAL_SCREEN_EXHAUSTED_PRIMALITY_UNASSIGNED,GF3A_DIRECTIONAL_WRITE_EXHAUSTED_PRIMALITY_UNASSIGNED,514,512,512,NO_RECORDED_FACTOR_PRP_OR_LL_RESULT_AND_NO_ACTIVE_GIMPS_ASSIGNMENT,2026-08-08T14:01:06+00:00,UNALLOCATED,,,,,
SLCMP585-1232,1232,1232,288561599,2^288561599-1,STRUCTURAL_SCREEN_EXHAUSTED_PRIMALITY_UNASSIGNED,GF3A_DIRECTIONAL_WRITE_EXHAUSTED_PRIMALITY_UNASSIGNED,514,512,512,NO_RECORDED_FACTOR_PRP_OR_LL_RESULT_AND_NO_ACTIVE_GIMPS_ASSIGNMENT,2026-08-08T14:01:06+00:00,UNALLOCATED,,,,,
SLCMP585-1233,1233,1233,288561769,2^288561769-1,STRUCTURAL_SCREEN_EXHAUSTED_PRIMALITY_UNASSIGNED,GF3A_DIRECTIONAL_WRITE_EXHAUSTED_PRIMALITY_UNASSIGNED,513,512,512,NO_RECORDED_FACTOR_PRP_OR_LL_RESULT_AND_NO_ACTIVE_GIMPS_ASSIGNMENT,2026-08-08T14:01:06+00:00,UNALLOCATED,,,,,
SLCMP585-1234,1234,1234,288561787,2^288561787-1,STRUCTURAL_SCREEN_EXHAUSTED_PRIMALITY_UNASSIGNED,GF3A_DIRECTIONAL_WRITE_EXHAUSTED_PRIMALITY_UNASSIGNED,514,512,512,NO_RECORDED_FACTOR_PRP_OR_LL_RESULT_AND_NO_ACTIVE_GIMPS_ASSIGNMENT,2026-08-08T14:01:06+00:00,UNALLOCATED,,,,,
SLCMP585-1235,1235,1235,288561809,2^288561809-1,STRUCTURAL_SCREEN_EXHAUSTED_PRIMALITY_UNASSIGNED,GF3A_DIRECTIONAL_WRITE_EXHAUSTED_PRIMALITY_UNASSIGNED,513,512,512,NO_RECORDED_FACTOR_PRP_OR_LL_RESULT_AND_NO_ACTIVE_GIMPS_ASSIGNMENT,2026-08-08T14:01:06+00:00,UNALLOCATED,,,,,
SLCMP585-1236,1236,1236,288561817,2^288561817-1,STRUCTURAL_SCREEN_EXHAUSTED_PRIMALITY_UNASSIGNED,GF3A_DIRECTIONAL_WRITE_EXHAUSTED_PRIMALITY_UNASSIGNED,513,512,512,NO_RECORDED_FACTOR_PRP_OR_LL_RESULT_AND_NO_ACTIVE_GIMPS_ASSIGNMENT,2026-08-08T14:01:06+00:00,UNALLOCATED,,,,,
SLCMP585-1237,1237,1237,288561869,2^288561869-1,STRUCTURAL_SCREEN_EXHAUSTED_PRIMALITY_UNASSIGNED,GF3A_DIRECTIONAL_WRITE_EXHAUSTED_PRIMALITY_UNASSIGNED,513,512,512,NO_RECORDED_FACTOR_PRP_OR_LL_RESULT_AND_NO_ACTIVE_GIMPS_ASSIGNMENT,2026-08-08T14:01:06+00:00,UNALLOCATED,,,,,
SLCMP585-1238,1238,1238,288561943,2^288561943-1,STRUCTURAL_SCREEN_EXHAUSTED_PRIMALITY_UNASSIGNED,GF3A_DIRECTIONAL_WRITE_EXHAUSTED_PRIMALITY_UNASSIGNED,514,512,512,NO_RECORDED_FACTOR_PRP_OR_LL_RESULT_AND_NO_ACTIVE_GIMPS_ASSIGNMENT,2026-08-08T14:01:06+00:00,UNALLOCATED,,,,,
SLCMP585-1239,1239,1239,288561989,2^288561989-1,STRUCTURAL_SCREEN_EXHAUSTED_PRIMALITY_UNASSIGNED,GF3A_DIRECTIONAL_WRITE_EXHAUSTED_PRIMALITY_UNASSIGNED,513,512,512,NO_RECORDED_FACTOR_PRP_OR_LL_RESULT_AND_NO_ACTIVE_GIMPS_ASSIGNMENT,2026-08-08T14:01:06+00:00,UNALLOCATED,,,,,
SLCMP585-1240,1240,1240,288562013,2^288562013-1,STRUCTURAL_SCREEN_EXHAUSTED_PRIMALITY_UNASSIGNED,GF3A_DIRECTIONAL_WRITE_EXHAUSTED_PRIMALITY_UNASSIGNED,513,512,512,NO_RECORDED_FACTOR_PRP_OR_LL_RESULT_AND_NO_ACTIVE_GIMPS_ASSIGNMENT,2026-08-08T14:01:06+00:00,UNALLOCATED,,,,,
SLCMP585-1241,1241,1241,288562171,2^288562171-1,STRUCTURAL_SCREEN_EXHAUSTED_PRIMALITY_UNASSIGNED,GF3A_DIRECTIONAL_WRITE_EXHAUSTED_PRIMALITY_UNASSIGNED,514,512,512,NO_RECORDED_FACTOR_PRP_OR_LL_RESULT_AND_NO_ACTIVE_GIMPS_ASSIGNMENT,2026-08-08T14:01:06+00:00,UNALLOCATED,,,,,
SLCMP585-1242,1242,1242,288562217,2^288562217-1,STRUCTURAL_SCREEN_EXHAUSTED_PRIMALITY_UNASSIGNED,GF3A_DIRECTIONAL_WRITE_EXHAUSTED_PRIMALITY_UNASSIGNED,513,512,512,NO_RECORDED_FACTOR_PRP_OR_LL_RESULT_AND_NO_ACTIVE_GIMPS_ASSIGNMENT,2026-08-08T14:01:06+00:00,UNALLOCATED,,,,,
SLCMP585-1243,1243,1243,288562249,2^288562249-1,STRUCTURAL_SCREEN_EXHAUSTED_PRIMALITY_UNASSIGNED,GF3A_DIRECTIONAL_WRITE_EXHAUSTED_PRIMALITY_UNASSIGNED,513,512,512,NO_RECORDED_FACTOR_PRP_OR_LL_RESULT_AND_NO_ACTIVE_GIMPS_ASSIGNMENT,2026-08-08T14:01:06+00:00,UNALLOCATED,,,,,
SLCMP585-1244,1244,1244,288562259,2^288562259-1,STRUCTURAL_SCREEN_EXHAUSTED_PRIMALITY_UNASSIGNED,GF3A_DIRECTIONAL_WRITE_EXHAUSTED_PRIMALITY_UNASSIGNED,514,512,512,NO_RECORDED_FACTOR_PRP_OR_LL_RESULT_AND_NO_ACTIVE_GIMPS_ASSIGNMENT,2026-08-08T14:01:06+00:00,UNALLOCATED,,,,,
SLCMP585-1245,1245,1245,288562271,2^288562271-1,STRUCTURAL_SCREEN_EXHAUSTED_PRIMALITY_UNASSIGNED,GF3A_DIRECTIONAL_WRITE_EXHAUSTED_PRIMALITY_UNASSIGNED,514,512,512,NO_RECORDED_FACTOR_PRP_OR_LL_RESULT_AND_NO_ACTIVE_GIMPS_ASSIGNMENT,2026-08-08T14:01:06+00:00,UNALLOCATED,,,,,
SLCMP585-1246,1246,1246,288562289,2^288562289-1,STRUCTURAL_SCREEN_EXHAUSTED_PRIMALITY_UNASSIGNED,GF3A_DIRECTIONAL_WRITE_EXHAUSTED_PRIMALITY_UNASSIGNED,513,512,512,NO_RECORDED_FACTOR_PRP_OR_LL_RESULT_AND_NO_ACTIVE_GIMPS_ASSIGNMENT,2026-08-08T14:01:06+00:00,UNALLOCATED,,,,,
SLCMP585-1247,1247,1247,288562343,2^288562343-1,STRUCTURAL_SCREEN_EXHAUSTED_PRIMALITY_UNASSIGNED,GF3A_DIRECTIONAL_WRITE_EXHAUSTED_PRIMALITY_UNASSIGNED,514,512,512,NO_RECORDED_FACTOR_PRP_OR_LL_RESULT_AND_NO_ACTIVE_GIMPS_ASSIGNMENT,2026-08-08T14:01:06+00:00,UNALLOCATED,,,,,
SLCMP585-1248,1248,1248,288562361,2^288562361-1,STRUCTURAL_SCREEN_EXHAUSTED_PRIMALITY_UNASSIGNED,GF3A_DIRECTIONAL_WRITE_EXHAUSTED_PRIMALITY_UNASSIGNED,513,512,512,NO_RECORDED_FACTOR_PRP_OR_LL_RESULT_AND_NO_ACTIVE_GIMPS_ASSIGNMENT,2026-08-08T14:01:06+00:00,UNALLOCATED,,,,,
SLCMP585-1249,1249,1249,288562399,2^288562399-1,STRUCTURAL_SCREEN_EXHAUSTED_PRIMALITY_UNASSIGNED,GF3A_DIRECTIONAL_WRITE_EXHAUSTED_PRIMALITY_UNASSIGNED,514,512,512,NO_RECORDED_FACTOR_PRP_OR_LL_RESULT_AND_NO_ACTIVE_GIMPS_ASSIGNMENT,2026-08-08T14:01:06+00:00,UNALLOCATED,,,,,
SLCMP585-1250,1250,1250,288562511,2^288562511-1,STRUCTURAL_SCREEN_EXHAUSTED_PRIMALITY_UNASSIGNED,GF3A_DIRECTIONAL_WRITE_EXHAUSTED_PRIMALITY_UNASSIGNED,514,512,512,NO_RECORDED_FACTOR_PRP_OR_LL_RESULT_AND_NO_ACTIVE_GIMPS_ASSIGNMENT,2026-08-08T14:01:06+00:00,UNALLOCATED,,,,,
SLCMP585-1251,1251,1251,288562517,2^288562517-1,STRUCTURAL_SCREEN_EXHAUSTED_PRIMALITY_UNASSIGNED,GF3A_DIRECTIONAL_WRITE_EXHAUSTED_PRIMALITY_UNASSIGNED,513,512,512,NO_RECORDED_FACTOR_PRP_OR_LL_RESULT_AND_NO_ACTIVE_GIMPS_ASSIGNMENT,2026-08-08T14:01:06+00:00,UNALLOCATED,,,,,
SLCMP585-1252,1252,1252,288562543,2^288562543-1,STRUCTURAL_SCREEN_EXHAUSTED_PRIMALITY_UNASSIGNED,GF3A_DIRECTIONAL_WRITE_EXHAUSTED_PRIMALITY_UNASSIGNED,514,512,512,NO_RECORDED_FACTOR_PRP_OR_LL_RESULT_AND_NO_ACTIVE_GIMPS_ASSIGNMENT,2026-08-08T14:01:06+00:00,UNALLOCATED,,,,,
SLCMP585-1253,1253,1253,288562613,2^288562613-1,STRUCTURAL_SCREEN_EXHAUSTED_PRIMALITY_UNASSIGNED,GF3A_DIRECTIONAL_WRITE_EXHAUSTED_PRIMALITY_UNASSIGNED,513,512,512,NO_RECORDED_FACTOR_PRP_OR_LL_RESULT_AND_NO_ACTIVE_GIMPS_ASSIGNMENT,2026-08-08T14:01:06+00:00,UNALLOCATED,,,,,
SLCMP585-1254,1254,1254,288562783,2^288562783-1,STRUCTURAL_SCREEN_EXHAUSTED_PRIMALITY_UNASSIGNED,GF3A_DIRECTIONAL_WRITE_EXHAUSTED_PRIMALITY_UNASSIGNED,514,512,512,NO_RECORDED_FACTOR_PRP_OR_LL_RESULT_AND_NO_ACTIVE_GIMPS_ASSIGNMENT,2026-08-08T14:01:06+00:00,UNALLOCATED,,,,,
SLCMP585-1255,1255,1255,288562817,2^288562817-1,STRUCTURAL_SCREEN_EXHAUSTED_PRIMALITY_UNASSIGNED,GF3A_DIRECTIONAL_WRITE_EXHAUSTED_PRIMALITY_UNASSIGNED,513,512,512,NO_RECORDED_FACTOR_PRP_OR_LL_RESULT_AND_NO_ACTIVE_GIMPS_ASSIGNMENT,2026-08-08T14:01:06+00:00,UNALLOCATED,,,,,
SLCMP585-1256,1256,1256,288562867,2^288562867-1,STRUCTURAL_SCREEN_EXHAUSTED_PRIMALITY_UNASSIGNED,GF3A_DIRECTIONAL_WRITE_EXHAUSTED_PRIMALITY_UNASSIGNED,514,512,512,NO_RECORDED_FACTOR_PRP_OR_LL_RESULT_AND_NO_ACTIVE_GIMPS_ASSIGNMENT,2026-08-08T14:01:06+00:00,UNALLOCATED,,,,,
SLCMP585-1257,1257,1257,288562921,2^288562921-1,STRUCTURAL_SCREEN_EXHAUSTED_PRIMALITY_UNASSIGNED,GF3A_DIRECTIONAL_WRITE_EXHAUSTED_PRIMALITY_UNASSIGNED,513,512,512,NO_RECORDED_FACTOR_PRP_OR_LL_RESULT_AND_NO_ACTIVE_GIMPS_ASSIGNMENT,2026-08-08T14:01:06+00:00,UNALLOCATED,,,,,
SLCMP585-1258,1258,1258,288562969,2^288562969-1,STRUCTURAL_SCREEN_EXHAUSTED_PRIMALITY_UNASSIGNED,GF3A_DIRECTIONAL_WRITE_EXHAUSTED_PRIMALITY_UNASSIGNED,513,512,512,NO_RECORDED_FACTOR_PRP_OR_LL_RESULT_AND_NO_ACTIVE_GIMPS_ASSIGNMENT,2026-08-08T14:01:06+00:00,UNALLOCATED,,,,,
SLCMP585-1259,1259,1259,288562979,2^288562979-1,STRUCTURAL_SCREEN_EXHAUSTED_PRIMALITY_UNASSIGNED,GF3A_DIRECTIONAL_WRITE_EXHAUSTED_PRIMALITY_UNASSIGNED,514,512,512,NO_RECORDED_FACTOR_PRP_OR_LL_RESULT_AND_NO_ACTIVE_GIMPS_ASSIGNMENT,2026-08-08T14:01:06+00:00,UNALLOCATED,,,,,
SLCMP585-1260,1260,1260,288562987,2^288562987-1,STRUCTURAL_SCREEN_EXHAUSTED_PRIMALITY_UNASSIGNED,GF3A_DIRECTIONAL_WRITE_EXHAUSTED_PRIMALITY_UNASSIGNED,514,512,512,NO_RECORDED_FACTOR_PRP_OR_LL_RESULT_AND_NO_ACTIVE_GIMPS_ASSIGNMENT,2026-08-08T14:01:06+00:00,UNALLOCATED,,,,,
SLCMP585-1261,1261,1261,288562993,2^288562993-1,STRUCTURAL_SCREEN_EXHAUSTED_PRIMALITY_UNASSIGNED,GF3A_DIRECTIONAL_WRITE_EXHAUSTED_PRIMALITY_UNASSIGNED,513,512,512,NO_RECORDED_FACTOR_PRP_OR_LL_RESULT_AND_NO_ACTIVE_GIMPS_ASSIGNMENT,2026-08-08T14:01:06+00:00,UNALLOCATED,,,,,
SLCMP585-1262,1262,1262,288563167,2^288563167-1,STRUCTURAL_SCREEN_EXHAUSTED_PRIMALITY_UNASSIGNED,GF3A_DIRECTIONAL_WRITE_EXHAUSTED_PRIMALITY_UNASSIGNED,514,512,512,NO_RECORDED_FACTOR_PRP_OR_LL_RESULT_AND_NO_ACTIVE_GIMPS_ASSIGNMENT,2026-08-08T14:01:06+00:00,UNALLOCATED,,,,,
SLCMP585-1263,1263,1263,288563179,2^288563179-1,STRUCTURAL_SCREEN_EXHAUSTED_PRIMALITY_UNASSIGNED,GF3A_DIRECTIONAL_WRITE_EXHAUSTED_PRIMALITY_UNASSIGNED,514,512,512,NO_RECORDED_FACTOR_PRP_OR_LL_RESULT_AND_NO_ACTIVE_GIMPS_ASSIGNMENT,2026-08-08T14:01:06+00:00,UNALLOCATED,,,,,
SLCMP585-1264,1264,1264,288563273,2^288563273-1,STRUCTURAL_SCREEN_EXHAUSTED_PRIMALITY_UNASSIGNED,GF3A_DIRECTIONAL_WRITE_EXHAUSTED_PRIMALITY_UNASSIGNED,513,512,512,NO_RECORDED_FACTOR_PRP_OR_LL_RESULT_AND_NO_ACTIVE_GIMPS_ASSIGNMENT,2026-08-08T14:01:06+00:00,UNALLOCATED,,,,,
SLCMP585-1265,1265,1265,288563281,2^288563281-1,STRUCTURAL_SCREEN_EXHAUSTED_PRIMALITY_UNASSIGNED,GF3A_DIRECTIONAL_WRITE_EXHAUSTED_PRIMALITY_UNASSIGNED,513,512,512,NO_RECORDED_FACTOR_PRP_OR_LL_RESULT_AND_NO_ACTIVE_GIMPS_ASSIGNMENT,2026-08-08T14:01:06+00:00,UNALLOCATED,,,,,
SLCMP585-1266,1266,1266,288563339,2^288563339-1,STRUCTURAL_SCREEN_EXHAUSTED_PRIMALITY_UNASSIGNED,GF3A_DIRECTIONAL_WRITE_EXHAUSTED_PRIMALITY_UNASSIGNED,514,512,512,NO_RECORDED_FACTOR_PRP_OR_LL_RESULT_AND_NO_ACTIVE_GIMPS_ASSIGNMENT,2026-08-08T14:01:06+00:00,UNALLOCATED,,,,,
SLCMP585-1267,1267,1267,288563357,2^288563357-1,STRUCTURAL_SCREEN_EXHAUSTED_PRIMALITY_UNASSIGNED,GF3A_DIRECTIONAL_WRITE_EXHAUSTED_PRIMALITY_UNASSIGNED,513,512,512,NO_RECORDED_FACTOR_PRP_OR_LL_RESULT_AND_NO_ACTIVE_GIMPS_ASSIGNMENT,2026-08-08T14:01:06+00:00,UNALLOCATED,,,,,
SLCMP585-1268,1268,1268,288563417,2^288563417-1,STRUCTURAL_SCREEN_EXHAUSTED_PRIMALITY_UNASSIGNED,GF3A_DIRECTIONAL_WRITE_EXHAUSTED_PRIMALITY_UNASSIGNED,513,512,512,NO_RECORDED_FACTOR_PRP_OR_LL_RESULT_AND_NO_ACTIVE_GIMPS_ASSIGNMENT,2026-08-08T14:01:06+00:00,UNALLOCATED,,,,,
SLCMP585-1269,1269,1269,288563419,2^288563419-1,STRUCTURAL_SCREEN_EXHAUSTED_PRIMALITY_UNASSIGNED,GF3A_DIRECTIONAL_WRITE_EXHAUSTED_PRIMALITY_UNASSIGNED,514,512,512,NO_RECORDED_FACTOR_PRP_OR_LL_RESULT_AND_NO_ACTIVE_GIMPS_ASSIGNMENT,2026-08-08T14:01:06+00:00,UNALLOCATED,,,,,
SLCMP585-1270,1270,1270,288563441,2^288563441-1,STRUCTURAL_SCREEN_EXHAUSTED_PRIMALITY_UNASSIGNED,GF3A_DIRECTIONAL_WRITE_EXHAUSTED_PRIMALITY_UNASSIGNED,513,512,512,NO_RECORDED_FACTOR_PRP_OR_LL_RESULT_AND_NO_ACTIVE_GIMPS_ASSIGNMENT,2026-08-08T14:01:06+00:00,UNALLOCATED,,,,,
SLCMP585-1271,1271,1271,288563599,2^288563599-1,STRUCTURAL_SCREEN_EXHAUSTED_PRIMALITY_UNASSIGNED,GF3A_DIRECTIONAL_WRITE_EXHAUSTED_PRIMALITY_UNASSIGNED,514,512,512,NO_RECORDED_FACTOR_PRP_OR_LL_RESULT_AND_NO_ACTIVE_GIMPS_ASSIGNMENT,2026-08-08T14:01:06+00:00,UNALLOCATED,,,,,
SLCMP585-1272,1272,1272,288563609,2^288563609-1,STRUCTURAL_SCREEN_EXHAUSTED_PRIMALITY_UNASSIGNED,GF3A_DIRECTIONAL_WRITE_EXHAUSTED_PRIMALITY_UNASSIGNED,513,512,512,NO_RECORDED_FACTOR_PRP_OR_LL_RESULT_AND_NO_ACTIVE_GIMPS_ASSIGNMENT,2026-08-08T14:01:06+00:00,UNALLOCATED,,,,,
SLCMP585-1273,1273,1273,288563719,2^288563719-1,STRUCTURAL_SCREEN_EXHAUSTED_PRIMALITY_UNASSIGNED,GF3A_DIRECTIONAL_WRITE_EXHAUSTED_PRIMALITY_UNASSIGNED,514,512,512,NO_RECORDED_FACTOR_PRP_OR_LL_RESULT_AND_NO_ACTIVE_GIMPS_ASSIGNMENT,2026-08-08T14:01:06+00:00,UNALLOCATED,,,,,
SLCMP585-1274,1274,1274,288563741,2^288563741-1,STRUCTURAL_SCREEN_EXHAUSTED_PRIMALITY_UNASSIGNED,GF3A_DIRECTIONAL_WRITE_EXHAUSTED_PRIMALITY_UNASSIGNED,513,512,512,NO_RECORDED_FACTOR_PRP_OR_LL_RESULT_AND_NO_ACTIVE_GIMPS_ASSIGNMENT,2026-08-08T14:01:06+00:00,UNALLOCATED,,,,,
SLCMP585-1275,1275,1275,288563753,2^288563753-1,STRUCTURAL_SCREEN_EXHAUSTED_PRIMALITY_UNASSIGNED,GF3A_DIRECTIONAL_WRITE_EXHAUSTED_PRIMALITY_UNASSIGNED,513,512,512,NO_RECORDED_FACTOR_PRP_OR_LL_RESULT_AND_NO_ACTIVE_GIMPS_ASSIGNMENT,2026-08-08T14:01:06+00:00,UNALLOCATED,,,,,
SLCMP585-1276,1276,1276,288563771,2^288563771-1,STRUCTURAL_SCREEN_EXHAUSTED_PRIMALITY_UNASSIGNED,GF3A_DIRECTIONAL_WRITE_EXHAUSTED_PRIMALITY_UNASSIGNED,514,512,512,NO_RECORDED_FACTOR_PRP_OR_LL_RESULT_AND_NO_ACTIVE_GIMPS_ASSIGNMENT,2026-08-08T14:01:06+00:00,UNALLOCATED,,,,,
SLCMP585-1277,1277,1277,288563837,2^288563837-1,STRUCTURAL_SCREEN_EXHAUSTED_PRIMALITY_UNASSIGNED,GF3A_DIRECTIONAL_WRITE_EXHAUSTED_PRIMALITY_UNASSIGNED,513,512,512,NO_RECORDED_FACTOR_PRP_OR_LL_RESULT_AND_NO_ACTIVE_GIMPS_ASSIGNMENT,2026-08-08T14:01:06+00:00,UNALLOCATED,,,,,
SLCMP585-1278,1278,1278,288563921,2^288563921-1,STRUCTURAL_SCREEN_EXHAUSTED_PRIMALITY_UNASSIGNED,GF3A_DIRECTIONAL_WRITE_EXHAUSTED_PRIMALITY_UNASSIGNED,513,512,512,NO_RECORDED_FACTOR_PRP_OR_LL_RESULT_AND_NO_ACTIVE_GIMPS_ASSIGNMENT,2026-08-08T14:01:06+00:00,UNALLOCATED,,,,,
SLCMP585-1279,1279,1279,288563987,2^288563987-1,STRUCTURAL_SCREEN_EXHAUSTED_PRIMALITY_UNASSIGNED,GF3A_DIRECTIONAL_WRITE_EXHAUSTED_PRIMALITY_UNASSIGNED,514,512,512,NO_RECORDED_FACTOR_PRP_OR_LL_RESULT_AND_NO_ACTIVE_GIMPS_ASSIGNMENT,2026-08-08T14:01:06+00:00,UNALLOCATED,,,,,
SLCMP585-1280,1280,1280,288564037,2^288564037-1,STRUCTURAL_SCREEN_EXHAUSTED_PRIMALITY_UNASSIGNED,GF3A_DIRECTIONAL_WRITE_EXHAUSTED_PRIMALITY_UNASSIGNED,513,512,512,NO_RECORDED_FACTOR_PRP_OR_LL_RESULT_AND_NO_ACTIVE_GIMPS_ASSIGNMENT,2026-08-08T14:01:06+00:00,UNALLOCATED,,,,,
SLCMP585-1281,1281,1281,288564083,2^288564083-1,STRUCTURAL_SCREEN_EXHAUSTED_PRIMALITY_UNASSIGNED,GF3A_DIRECTIONAL_WRITE_EXHAUSTED_PRIMALITY_UNASSIGNED,514,512,512,NO_RECORDED_FACTOR_PRP_OR_LL_RESULT_AND_NO_ACTIVE_GIMPS_ASSIGNMENT,2026-08-08T14:01:06+00:00,UNALLOCATED,,,,,
SLCMP585-1282,1282,1282,288564167,2^288564167-1,STRUCTURAL_SCREEN_EXHAUSTED_PRIMALITY_UNASSIGNED,GF3A_DIRECTIONAL_WRITE_EXHAUSTED_PRIMALITY_UNASSIGNED,514,512,512,NO_RECORDED_FACTOR_PRP_OR_LL_RESULT_AND_NO_ACTIVE_GIMPS_ASSIGNMENT,2026-08-08T14:01:06+00:00,UNALLOCATED,,,,,
SLCMP585-1283,1283,1283,288564217,2^288564217-1,STRUCTURAL_SCREEN_EXHAUSTED_PRIMALITY_UNASSIGNED,GF3A_DIRECTIONAL_WRITE_EXHAUSTED_PRIMALITY_UNASSIGNED,513,512,512,NO_RECORDED_FACTOR_PRP_OR_LL_RESULT_AND_NO_ACTIVE_GIMPS_ASSIGNMENT,2026-08-08T14:01:06+00:00,UNALLOCATED,,,,,
SLCMP585-1284,1284,1284,288564253,2^288564253-1,STRUCTURAL_SCREEN_EXHAUSTED_PRIMALITY_UNASSIGNED,GF3A_DIRECTIONAL_WRITE_EXHAUSTED_PRIMALITY_UNASSIGNED,513,512,512,NO_RECORDED_FACTOR_PRP_OR_LL_RESULT_AND_NO_ACTIVE_GIMPS_ASSIGNMENT,2026-08-08T14:01:06+00:00,UNALLOCATED,,,,,
SLCMP585-1285,1285,1285,288564299,2^288564299-1,STRUCTURAL_SCREEN_EXHAUSTED_PRIMALITY_UNASSIGNED,GF3A_DIRECTIONAL_WRITE_EXHAUSTED_PRIMALITY_UNASSIGNED,514,512,512,NO_RECORDED_FACTOR_PRP_OR_LL_RESULT_AND_NO_ACTIVE_GIMPS_ASSIGNMENT,2026-08-08T14:01:06+00:00,UNALLOCATED,,,,,
SLCMP585-1286,1286,1286,288564313,2^288564313-1,STRUCTURAL_SCREEN_EXHAUSTED_PRIMALITY_UNASSIGNED,GF3A_DIRECTIONAL_WRITE_EXHAUSTED_PRIMALITY_UNASSIGNED,513,512,512,NO_RECORDED_FACTOR_PRP_OR_LL_RESULT_AND_NO_ACTIVE_GIMPS_ASSIGNMENT,2026-08-08T14:01:06+00:00,UNALLOCATED,,,,,
SLCMP585-1287,1287,1287,288564391,2^288564391-1,STRUCTURAL_SCREEN_EXHAUSTED_PRIMALITY_UNASSIGNED,GF3A_DIRECTIONAL_WRITE_EXHAUSTED_PRIMALITY_UNASSIGNED,514,512,512,NO_RECORDED_FACTOR_PRP_OR_LL_RESULT_AND_NO_ACTIVE_GIMPS_ASSIGNMENT,2026-08-08T14:01:06+00:00,UNALLOCATED,,,,,
SLCMP585-1288,1288,1288,288564467,2^288564467-1,STRUCTURAL_SCREEN_EXHAUSTED_PRIMALITY_UNASSIGNED,GF3A_DIRECTIONAL_WRITE_EXHAUSTED_PRIMALITY_UNASSIGNED,514,512,512,NO_RECORDED_FACTOR_PRP_OR_LL_RESULT_AND_NO_ACTIVE_GIMPS_ASSIGNMENT,2026-08-08T14:01:06+00:00,UNALLOCATED,,,,,
SLCMP585-1289,1289,1289,288564553,2^288564553-1,STRUCTURAL_SCREEN_EXHAUSTED_PRIMALITY_UNASSIGNED,GF3A_DIRECTIONAL_WRITE_EXHAUSTED_PRIMALITY_UNASSIGNED,513,512,512,NO_RECORDED_FACTOR_PRP_OR_LL_RESULT_AND_NO_ACTIVE_GIMPS_ASSIGNMENT,2026-08-08T14:01:06+00:00,UNALLOCATED,,,,,
SLCMP585-1290,1290,1290,288564569,2^288564569-1,STRUCTURAL_SCREEN_EXHAUSTED_PRIMALITY_UNASSIGNED,GF3A_DIRECTIONAL_WRITE_EXHAUSTED_PRIMALITY_UNASSIGNED,513,512,512,NO_RECORDED_FACTOR_PRP_OR_LL_RESULT_AND_NO_ACTIVE_GIMPS_ASSIGNMENT,2026-08-08T14:01:06+00:00,UNALLOCATED,,,,,
SLCMP585-1291,1291,1291,288564581,2^288564581-1,STRUCTURAL_SCREEN_EXHAUSTED_PRIMALITY_UNASSIGNED,GF3A_DIRECTIONAL_WRITE_EXHAUSTED_PRIMALITY_UNASSIGNED,513,512,512,NO_RECORDED_FACTOR_PRP_OR_LL_RESULT_AND_NO_ACTIVE_GIMPS_ASSIGNMENT,2026-08-08T14:01:06+00:00,UNALLOCATED,,,,,
SLCMP585-1292,1292,1292,288564713,2^288564713-1,STRUCTURAL_SCREEN_EXHAUSTED_PRIMALITY_UNASSIGNED,GF3A_DIRECTIONAL_WRITE_EXHAUSTED_PRIMALITY_UNASSIGNED,513,512,512,NO_RECORDED_FACTOR_PRP_OR_LL_RESULT_AND_NO_ACTIVE_GIMPS_ASSIGNMENT,2026-08-08T14:01:06+00:00,UNALLOCATED,,,,,
SLCMP585-1293,1293,1293,288564781,2^288564781-1,STRUCTURAL_SCREEN_EXHAUSTED_PRIMALITY_UNASSIGNED,GF3A_DIRECTIONAL_WRITE_EXHAUSTED_PRIMALITY_UNASSIGNED,513,512,512,NO_RECORDED_FACTOR_PRP_OR_LL_RESULT_AND_NO_ACTIVE_GIMPS_ASSIGNMENT,2026-08-08T14:01:06+00:00,UNALLOCATED,,,,,
SLCMP585-1294,1294,1294,288564863,2^288564863-1,STRUCTURAL_SCREEN_EXHAUSTED_PRIMALITY_UNASSIGNED,GF3A_DIRECTIONAL_WRITE_EXHAUSTED_PRIMALITY_UNASSIGNED,514,512,512,NO_RECORDED_FACTOR_PRP_OR_LL_RESULT_AND_NO_ACTIVE_GIMPS_ASSIGNMENT,2026-08-08T14:01:06+00:00,UNALLOCATED,,,,,
SLCMP585-1295,1295,1295,288565031,2^288565031-1,STRUCTURAL_SCREEN_EXHAUSTED_PRIMALITY_UNASSIGNED,GF3A_DIRECTIONAL_WRITE_EXHAUSTED_PRIMALITY_UNASSIGNED,514,512,512,NO_RECORDED_FACTOR_PRP_OR_LL_RESULT_AND_NO_ACTIVE_GIMPS_ASSIGNMENT,2026-08-08T14:01:06+00:00,UNALLOCATED,,,,,
SLCMP585-1296,1296,1296,288565033,2^288565033-1,STRUCTURAL_SCREEN_EXHAUSTED_PRIMALITY_UNASSIGNED,GF3A_DIRECTIONAL_WRITE_EXHAUSTED_PRIMALITY_UNASSIGNED,513,512,512,NO_RECORDED_FACTOR_PRP_OR_LL_RESULT_AND_NO_ACTIVE_GIMPS_ASSIGNMENT,2026-08-08T14:01:06+00:00,UNALLOCATED,,,,,
SLCMP585-1297,1297,1297,288565063,2^288565063-1,STRUCTURAL_SCREEN_EXHAUSTED_PRIMALITY_UNASSIGNED,GF3A_DIRECTIONAL_WRITE_EXHAUSTED_PRIMALITY_UNASSIGNED,514,512,512,NO_RECORDED_FACTOR_PRP_OR_LL_RESULT_AND_NO_ACTIVE_GIMPS_ASSIGNMENT,2026-08-08T14:01:06+00:00,UNALLOCATED,,,,,
SLCMP585-1298,1298,1298,288565073,2^288565073-1,STRUCTURAL_SCREEN_EXHAUSTED_PRIMALITY_UNASSIGNED,GF3A_DIRECTIONAL_WRITE_EXHAUSTED_PRIMALITY_UNASSIGNED,513,512,512,NO_RECORDED_FACTOR_PRP_OR_LL_RESULT_AND_NO_ACTIVE_GIMPS_ASSIGNMENT,2026-08-08T14:01:06+00:00,UNALLOCATED,,,,,
SLCMP585-1299,1299,1299,288565099,2^288565099-1,STRUCTURAL_SCREEN_EXHAUSTED_PRIMALITY_UNASSIGNED,GF3A_DIRECTIONAL_WRITE_EXHAUSTED_PRIMALITY_UNASSIGNED,514,512,512,NO_RECORDED_FACTOR_PRP_OR_LL_RESULT_AND_NO_ACTIVE_GIMPS_ASSIGNMENT,2026-08-08T14:01:06+00:00,UNALLOCATED,,,,,
SLCMP585-1300,1300,1300,288565111,2^288565111-1,STRUCTURAL_SCREEN_EXHAUSTED_PRIMALITY_UNASSIGNED,GF3A_DIRECTIONAL_WRITE_EXHAUSTED_PRIMALITY_UNASSIGNED,514,512,512,NO_RECORDED_FACTOR_PRP_OR_LL_RESULT_AND_NO_ACTIVE_GIMPS_ASSIGNMENT,2026-08-08T14:01:06+00:00,UNALLOCATED,,,,,
SLCMP585-1301,1301,1301,288565129,2^288565129-1,STRUCTURAL_SCREEN_EXHAUSTED_PRIMALITY_UNASSIGNED,GF3A_DIRECTIONAL_WRITE_EXHAUSTED_PRIMALITY_UNASSIGNED,513,512,512,NO_RECORDED_FACTOR_PRP_OR_LL_RESULT_AND_NO_ACTIVE_GIMPS_ASSIGNMENT,2026-08-08T14:01:06+00:00,UNALLOCATED,,,,,
SLCMP585-1302,1302,1302,288565133,2^288565133-1,STRUCTURAL_SCREEN_EXHAUSTED_PRIMALITY_UNASSIGNED,GF3A_DIRECTIONAL_WRITE_EXHAUSTED_PRIMALITY_UNASSIGNED,513,512,512,NO_RECORDED_FACTOR_PRP_OR_LL_RESULT_AND_NO_ACTIVE_GIMPS_ASSIGNMENT,2026-08-08T14:01:06+00:00,UNALLOCATED,,,,,
SLCMP585-1303,1303,1303,288565247,2^288565247-1,STRUCTURAL_SCREEN_EXHAUSTED_PRIMALITY_UNASSIGNED,GF3A_DIRECTIONAL_WRITE_EXHAUSTED_PRIMALITY_UNASSIGNED,514,512,512,NO_RECORDED_FACTOR_PRP_OR_LL_RESULT_AND_NO_ACTIVE_GIMPS_ASSIGNMENT,2026-08-08T14:01:06+00:00,UNALLOCATED,,,,,
SLCMP585-1304,1304,1304,288565309,2^288565309-1,STRUCTURAL_SCREEN_EXHAUSTED_PRIMALITY_UNASSIGNED,GF3A_DIRECTIONAL_WRITE_EXHAUSTED_PRIMALITY_UNASSIGNED,513,512,512,NO_RECORDED_FACTOR_PRP_OR_LL_RESULT_AND_NO_ACTIVE_GIMPS_ASSIGNMENT,2026-08-08T14:01:06+00:00,UNALLOCATED,,,,,
SLCMP585-1305,1305,1305,288565367,2^288565367-1,STRUCTURAL_SCREEN_EXHAUSTED_PRIMALITY_UNASSIGNED,GF3A_DIRECTIONAL_WRITE_EXHAUSTED_PRIMALITY_UNASSIGNED,514,512,512,NO_RECORDED_FACTOR_PRP_OR_LL_RESULT_AND_NO_ACTIVE_GIMPS_ASSIGNMENT,2026-08-08T14:01:06+00:00,UNALLOCATED,,,,,
SLCMP585-1306,1306,1306,288565427,2^288565427-1,STRUCTURAL_SCREEN_EXHAUSTED_PRIMALITY_UNASSIGNED,GF3A_DIRECTIONAL_WRITE_EXHAUSTED_PRIMALITY_UNASSIGNED,514,512,512,NO_RECORDED_FACTOR_PRP_OR_LL_RESULT_AND_NO_ACTIVE_GIMPS_ASSIGNMENT,2026-08-08T14:01:06+00:00,UNALLOCATED,,,,,
SLCMP585-1307,1307,1307,288565523,2^288565523-1,STRUCTURAL_SCREEN_EXHAUSTED_PRIMALITY_UNASSIGNED,GF3A_DIRECTIONAL_WRITE_EXHAUSTED_PRIMALITY_UNASSIGNED,514,512,512,NO_RECORDED_FACTOR_PRP_OR_LL_RESULT_AND_NO_ACTIVE_GIMPS_ASSIGNMENT,2026-08-08T14:01:06+00:00,UNALLOCATED,,,,,
SLCMP585-1308,1308,1308,288565657,2^288565657-1,STRUCTURAL_SCREEN_EXHAUSTED_PRIMALITY_UNASSIGNED,GF3A_DIRECTIONAL_WRITE_EXHAUSTED_PRIMALITY_UNASSIGNED,513,512,512,NO_RECORDED_FACTOR_PRP_OR_LL_RESULT_AND_NO_ACTIVE_GIMPS_ASSIGNMENT,2026-08-08T14:01:06+00:00,UNALLOCATED,,,,,
SLCMP585-1309,1309,1309,288565723,2^288565723-1,STRUCTURAL_SCREEN_EXHAUSTED_PRIMALITY_UNASSIGNED,GF3A_DIRECTIONAL_WRITE_EXHAUSTED_PRIMALITY_UNASSIGNED,514,512,512,NO_RECORDED_FACTOR_PRP_OR_LL_RESULT_AND_NO_ACTIVE_GIMPS_ASSIGNMENT,2026-08-08T14:01:06+00:00,UNALLOCATED,,,,,
SLCMP585-1310,1310,1310,288565729,2^288565729-1,STRUCTURAL_SCREEN_EXHAUSTED_PRIMALITY_UNASSIGNED,GF3A_DIRECTIONAL_WRITE_EXHAUSTED_PRIMALITY_UNASSIGNED,513,512,512,NO_RECORDED_FACTOR_PRP_OR_LL_RESULT_AND_NO_ACTIVE_GIMPS_ASSIGNMENT,2026-08-08T14:01:06+00:00,UNALLOCATED,,,,,
SLCMP585-1311,1311,1311,288565777,2^288565777-1,STRUCTURAL_SCREEN_EXHAUSTED_PRIMALITY_UNASSIGNED,GF3A_DIRECTIONAL_WRITE_EXHAUSTED_PRIMALITY_UNASSIGNED,513,512,512,NO_RECORDED_FACTOR_PRP_OR_LL_RESULT_AND_NO_ACTIVE_GIMPS_ASSIGNMENT,2026-08-08T14:01:06+00:00,UNALLOCATED,,,,,
SLCMP585-1312,1312,1312,288565793,2^288565793-1,STRUCTURAL_SCREEN_EXHAUSTED_PRIMALITY_UNASSIGNED,GF3A_DIRECTIONAL_WRITE_EXHAUSTED_PRIMALITY_UNASSIGNED,513,512,512,NO_RECORDED_FACTOR_PRP_OR_LL_RESULT_AND_NO_ACTIVE_GIMPS_ASSIGNMENT,2026-08-08T14:01:06+00:00,UNALLOCATED,,,,,
SLCMP585-1313,1313,1313,288565801,2^288565801-1,STRUCTURAL_SCREEN_EXHAUSTED_PRIMALITY_UNASSIGNED,GF3A_DIRECTIONAL_WRITE_EXHAUSTED_PRIMALITY_UNASSIGNED,513,512,512,NO_RECORDED_FACTOR_PRP_OR_LL_RESULT_AND_NO_ACTIVE_GIMPS_ASSIGNMENT,2026-08-08T14:01:06+00:00,UNALLOCATED,,,,,
SLCMP585-1314,1314,1314,288565891,2^288565891-1,STRUCTURAL_SCREEN_EXHAUSTED_PRIMALITY_UNASSIGNED,GF3A_DIRECTIONAL_WRITE_EXHAUSTED_PRIMALITY_UNASSIGNED,514,512,512,NO_RECORDED_FACTOR_PRP_OR_LL_RESULT_AND_NO_ACTIVE_GIMPS_ASSIGNMENT,2026-08-08T14:01:06+00:00,UNALLOCATED,,,,,
SLCMP585-1315,1315,1315,288565897,2^288565897-1,STRUCTURAL_SCREEN_EXHAUSTED_PRIMALITY_UNASSIGNED,GF3A_DIRECTIONAL_WRITE_EXHAUSTED_PRIMALITY_UNASSIGNED,513,512,512,NO_RECORDED_FACTOR_PRP_OR_LL_RESULT_AND_NO_ACTIVE_GIMPS_ASSIGNMENT,2026-08-08T14:01:06+00:00,UNALLOCATED,,,,,
SLCMP585-1316,1316,1316,288565951,2^288565951-1,STRUCTURAL_SCREEN_EXHAUSTED_PRIMALITY_UNASSIGNED,GF3A_DIRECTIONAL_WRITE_EXHAUSTED_PRIMALITY_UNASSIGNED,514,512,512,NO_RECORDED_FACTOR_PRP_OR_LL_RESULT_AND_NO_ACTIVE_GIMPS_ASSIGNMENT,2026-08-08T14:01:06+00:00,UNALLOCATED,,,,,
SLCMP585-1317,1317,1317,288565999,2^288565999-1,STRUCTURAL_SCREEN_EXHAUSTED_PRIMALITY_UNASSIGNED,GF3A_DIRECTIONAL_WRITE_EXHAUSTED_PRIMALITY_UNASSIGNED,514,512,512,NO_RECORDED_FACTOR_PRP_OR_LL_RESULT_AND_NO_ACTIVE_GIMPS_ASSIGNMENT,2026-08-08T14:01:06+00:00,UNALLOCATED,,,,,
SLCMP585-1318,1318,1318,288566009,2^288566009-1,STRUCTURAL_SCREEN_EXHAUSTED_PRIMALITY_UNASSIGNED,GF3A_DIRECTIONAL_WRITE_EXHAUSTED_PRIMALITY_UNASSIGNED,513,512,512,NO_RECORDED_FACTOR_PRP_OR_LL_RESULT_AND_NO_ACTIVE_GIMPS_ASSIGNMENT,2026-08-08T14:01:06+00:00,UNALLOCATED,,,,,
SLCMP585-1319,1319,1319,288566063,2^288566063-1,STRUCTURAL_SCREEN_EXHAUSTED_PRIMALITY_UNASSIGNED,GF3A_DIRECTIONAL_WRITE_EXHAUSTED_PRIMALITY_UNASSIGNED,514,512,512,NO_RECORDED_FACTOR_PRP_OR_LL_RESULT_AND_NO_ACTIVE_GIMPS_ASSIGNMENT,2026-08-08T14:01:06+00:00,UNALLOCATED,,,,,
SLCMP585-1320,1320,1320,288566171,2^288566171-1,STRUCTURAL_SCREEN_EXHAUSTED_PRIMALITY_UNASSIGNED,GF3A_DIRECTIONAL_WRITE_EXHAUSTED_PRIMALITY_UNASSIGNED,514,512,512,NO_RECORDED_FACTOR_PRP_OR_LL_RESULT_AND_NO_ACTIVE_GIMPS_ASSIGNMENT,2026-08-08T14:01:06+00:00,UNALLOCATED,,,,,
SLCMP585-1321,1321,1321,288566189,2^288566189-1,STRUCTURAL_SCREEN_EXHAUSTED_PRIMALITY_UNASSIGNED,GF3A_DIRECTIONAL_WRITE_EXHAUSTED_PRIMALITY_UNASSIGNED,513,512,512,NO_RECORDED_FACTOR_PRP_OR_LL_RESULT_AND_NO_ACTIVE_GIMPS_ASSIGNMENT,2026-08-08T14:01:06+00:00,UNALLOCATED,,,,,
SLCMP585-1322,1322,1322,288566287,2^288566287-1,STRUCTURAL_SCREEN_EXHAUSTED_PRIMALITY_UNASSIGNED,GF3A_DIRECTIONAL_WRITE_EXHAUSTED_PRIMALITY_UNASSIGNED,514,512,512,NO_RECORDED_FACTOR_PRP_OR_LL_RESULT_AND_NO_ACTIVE_GIMPS_ASSIGNMENT,2026-08-08T14:01:06+00:00,UNALLOCATED,,,,,
SLCMP585-1323,1323,1323,288566353,2^288566353-1,STRUCTURAL_SCREEN_EXHAUSTED_PRIMALITY_UNASSIGNED,GF3A_DIRECTIONAL_WRITE_EXHAUSTED_PRIMALITY_UNASSIGNED,513,512,512,NO_RECORDED_FACTOR_PRP_OR_LL_RESULT_AND_NO_ACTIVE_GIMPS_ASSIGNMENT,2026-08-08T14:01:06+00:00,UNALLOCATED,,,,,
SLCMP585-1324,1324,1324,288566423,2^288566423-1,STRUCTURAL_SCREEN_EXHAUSTED_PRIMALITY_UNASSIGNED,GF3A_DIRECTIONAL_WRITE_EXHAUSTED_PRIMALITY_UNASSIGNED,514,512,512,NO_RECORDED_FACTOR_PRP_OR_LL_RESULT_AND_NO_ACTIVE_GIMPS_ASSIGNMENT,2026-08-08T14:01:06+00:00,UNALLOCATED,,,,,
SLCMP585-1325,1325,1325,288566461,2^288566461-1,STRUCTURAL_SCREEN_EXHAUSTED_PRIMALITY_UNASSIGNED,GF3A_DIRECTIONAL_WRITE_EXHAUSTED_PRIMALITY_UNASSIGNED,513,512,512,NO_RECORDED_FACTOR_PRP_OR_LL_RESULT_AND_NO_ACTIVE_GIMPS_ASSIGNMENT,2026-08-08T14:01:06+00:00,UNALLOCATED,,,,,
SLCMP585-1326,1326,1326,288566563,2^288566563-1,STRUCTURAL_SCREEN_EXHAUSTED_PRIMALITY_UNASSIGNED,GF3A_DIRECTIONAL_WRITE_EXHAUSTED_PRIMALITY_UNASSIGNED,514,512,512,NO_RECORDED_FACTOR_PRP_OR_LL_RESULT_AND_NO_ACTIVE_GIMPS_ASSIGNMENT,2026-08-08T14:01:06+00:00,UNALLOCATED,,,,,
SLCMP585-1327,1327,1327,288566627,2^288566627-1,STRUCTURAL_SCREEN_EXHAUSTED_PRIMALITY_UNASSIGNED,GF3A_DIRECTIONAL_WRITE_EXHAUSTED_PRIMALITY_UNASSIGNED,514,512,512,NO_RECORDED_FACTOR_PRP_OR_LL_RESULT_AND_NO_ACTIVE_GIMPS_ASSIGNMENT,2026-08-08T14:01:06+00:00,UNALLOCATED,,,,,
SLCMP585-1328,1328,1328,288566723,2^288566723-1,STRUCTURAL_SCREEN_EXHAUSTED_PRIMALITY_UNASSIGNED,GF3A_DIRECTIONAL_WRITE_EXHAUSTED_PRIMALITY_UNASSIGNED,514,512,512,NO_RECORDED_FACTOR_PRP_OR_LL_RESULT_AND_NO_ACTIVE_GIMPS_ASSIGNMENT,2026-08-08T14:01:06+00:00,UNALLOCATED,,,,,
SLCMP585-1329,1329,1329,288566731,2^288566731-1,STRUCTURAL_SCREEN_EXHAUSTED_PRIMALITY_UNASSIGNED,GF3A_DIRECTIONAL_WRITE_EXHAUSTED_PRIMALITY_UNASSIGNED,514,512,512,NO_RECORDED_FACTOR_PRP_OR_LL_RESULT_AND_NO_ACTIVE_GIMPS_ASSIGNMENT,2026-08-08T14:01:06+00:00,UNALLOCATED,,,,,
SLCMP585-1330,1330,1330,288566777,2^288566777-1,STRUCTURAL_SCREEN_EXHAUSTED_PRIMALITY_UNASSIGNED,GF3A_DIRECTIONAL_WRITE_EXHAUSTED_PRIMALITY_UNASSIGNED,513,512,512,NO_RECORDED_FACTOR_PRP_OR_LL_RESULT_AND_NO_ACTIVE_GIMPS_ASSIGNMENT,2026-08-08T14:01:06+00:00,UNALLOCATED,,,,,
SLCMP585-1331,1331,1331,288566881,2^288566881-1,STRUCTURAL_SCREEN_EXHAUSTED_PRIMALITY_UNASSIGNED,GF3A_DIRECTIONAL_WRITE_EXHAUSTED_PRIMALITY_UNASSIGNED,513,512,512,NO_RECORDED_FACTOR_PRP_OR_LL_RESULT_AND_NO_ACTIVE_GIMPS_ASSIGNMENT,2026-08-08T14:01:06+00:00,UNALLOCATED,,,,,
SLCMP585-1332,1332,1332,288566899,2^288566899-1,STRUCTURAL_SCREEN_EXHAUSTED_PRIMALITY_UNASSIGNED,GF3A_DIRECTIONAL_WRITE_EXHAUSTED_PRIMALITY_UNASSIGNED,514,512,512,NO_RECORDED_FACTOR_PRP_OR_LL_RESULT_AND_NO_ACTIVE_GIMPS_ASSIGNMENT,2026-08-08T14:01:06+00:00,UNALLOCATED,,,,,
SLCMP585-1333,1333,1333,288566939,2^288566939-1,STRUCTURAL_SCREEN_EXHAUSTED_PRIMALITY_UNASSIGNED,GF3A_DIRECTIONAL_WRITE_EXHAUSTED_PRIMALITY_UNASSIGNED,514,512,512,NO_RECORDED_FACTOR_PRP_OR_LL_RESULT_AND_NO_ACTIVE_GIMPS_ASSIGNMENT,2026-08-08T14:01:06+00:00,UNALLOCATED,,,,,
SLCMP585-1334,1334,1334,288567007,2^288567007-1,STRUCTURAL_SCREEN_EXHAUSTED_PRIMALITY_UNASSIGNED,GF3A_DIRECTIONAL_WRITE_EXHAUSTED_PRIMALITY_UNASSIGNED,514,512,512,NO_RECORDED_FACTOR_PRP_OR_LL_RESULT_AND_NO_ACTIVE_GIMPS_ASSIGNMENT,2026-08-08T14:01:06+00:00,UNALLOCATED,,,,,
SLCMP585-1335,1335,1335,288567047,2^288567047-1,STRUCTURAL_SCREEN_EXHAUSTED_PRIMALITY_UNASSIGNED,GF3A_DIRECTIONAL_WRITE_EXHAUSTED_PRIMALITY_UNASSIGNED,514,512,512,NO_RECORDED_FACTOR_PRP_OR_LL_RESULT_AND_NO_ACTIVE_GIMPS_ASSIGNMENT,2026-08-08T14:01:06+00:00,UNALLOCATED,,,,,
SLCMP585-1336,1336,1336,288567077,2^288567077-1,STRUCTURAL_SCREEN_EXHAUSTED_PRIMALITY_UNASSIGNED,GF3A_DIRECTIONAL_WRITE_EXHAUSTED_PRIMALITY_UNASSIGNED,513,512,512,NO_RECORDED_FACTOR_PRP_OR_LL_RESULT_AND_NO_ACTIVE_GIMPS_ASSIGNMENT,2026-08-08T14:01:06+00:00,UNALLOCATED,,,,,
SLCMP585-1337,1337,1337,288567089,2^288567089-1,STRUCTURAL_SCREEN_EXHAUSTED_PRIMALITY_UNASSIGNED,GF3A_DIRECTIONAL_WRITE_EXHAUSTED_PRIMALITY_UNASSIGNED,513,512,512,NO_RECORDED_FACTOR_PRP_OR_LL_RESULT_AND_NO_ACTIVE_GIMPS_ASSIGNMENT,2026-08-08T14:01:06+00:00,UNALLOCATED,,,,,
SLCMP585-1338,1338,1338,288567119,2^288567119-1,STRUCTURAL_SCREEN_EXHAUSTED_PRIMALITY_UNASSIGNED,GF3A_DIRECTIONAL_WRITE_EXHAUSTED_PRIMALITY_UNASSIGNED,514,512,512,NO_RECORDED_FACTOR_PRP_OR_LL_RESULT_AND_NO_ACTIVE_GIMPS_ASSIGNMENT,2026-08-08T14:01:06+00:00,UNALLOCATED,,,,,
SLCMP585-1339,1339,1339,288567121,2^288567121-1,STRUCTURAL_SCREEN_EXHAUSTED_PRIMALITY_UNASSIGNED,GF3A_DIRECTIONAL_WRITE_EXHAUSTED_PRIMALITY_UNASSIGNED,513,512,512,NO_RECORDED_FACTOR_PRP_OR_LL_RESULT_AND_NO_ACTIVE_GIMPS_ASSIGNMENT,2026-08-08T14:01:06+00:00,UNALLOCATED,,,,,
SLCMP585-1340,1340,1340,288567133,2^288567133-1,STRUCTURAL_SCREEN_EXHAUSTED_PRIMALITY_UNASSIGNED,GF3A_DIRECTIONAL_WRITE_EXHAUSTED_PRIMALITY_UNASSIGNED,513,512,512,NO_RECORDED_FACTOR_PRP_OR_LL_RESULT_AND_NO_ACTIVE_GIMPS_ASSIGNMENT,2026-08-08T14:01:06+00:00,UNALLOCATED,,,,,
SLCMP585-1341,1341,1341,288567151,2^288567151-1,STRUCTURAL_SCREEN_EXHAUSTED_PRIMALITY_UNASSIGNED,GF3A_DIRECTIONAL_WRITE_EXHAUSTED_PRIMALITY_UNASSIGNED,514,512,512,NO_RECORDED_FACTOR_PRP_OR_LL_RESULT_AND_NO_ACTIVE_GIMPS_ASSIGNMENT,2026-08-08T14:01:06+00:00,UNALLOCATED,,,,,
SLCMP585-1342,1342,1342,288567199,2^288567199-1,STRUCTURAL_SCREEN_EXHAUSTED_PRIMALITY_UNASSIGNED,GF3A_DIRECTIONAL_WRITE_EXHAUSTED_PRIMALITY_UNASSIGNED,514,512,512,NO_RECORDED_FACTOR_PRP_OR_LL_RESULT_AND_NO_ACTIVE_GIMPS_ASSIGNMENT,2026-08-08T14:01:06+00:00,UNALLOCATED,,,,,
SLCMP585-1343,1343,1343,288567211,2^288567211-1,STRUCTURAL_SCREEN_EXHAUSTED_PRIMALITY_UNASSIGNED,GF3A_DIRECTIONAL_WRITE_EXHAUSTED_PRIMALITY_UNASSIGNED,514,512,512,NO_RECORDED_FACTOR_PRP_OR_LL_RESULT_AND_NO_ACTIVE_GIMPS_ASSIGNMENT,2026-08-08T14:01:06+00:00,UNALLOCATED,,,,,
SLCMP585-1344,1344,1344,288567229,2^288567229-1,STRUCTURAL_SCREEN_EXHAUSTED_PRIMALITY_UNASSIGNED,GF3A_DIRECTIONAL_WRITE_EXHAUSTED_PRIMALITY_UNASSIGNED,513,512,512,NO_RECORDED_FACTOR_PRP_OR_LL_RESULT_AND_NO_ACTIVE_GIMPS_ASSIGNMENT,2026-08-08T14:01:06+00:00,UNALLOCATED,,,,,
SLCMP585-1345,1345,1345,288567311,2^288567311-1,STRUCTURAL_SCREEN_EXHAUSTED_PRIMALITY_UNASSIGNED,GF3A_DIRECTIONAL_WRITE_EXHAUSTED_PRIMALITY_UNASSIGNED,514,512,512,NO_RECORDED_FACTOR_PRP_OR_LL_RESULT_AND_NO_ACTIVE_GIMPS_ASSIGNMENT,2026-08-08T14:01:06+00:00,UNALLOCATED,,,,,
SLCMP585-1346,1346,1346,288567353,2^288567353-1,STRUCTURAL_SCREEN_EXHAUSTED_PRIMALITY_UNASSIGNED,GF3A_DIRECTIONAL_WRITE_EXHAUSTED_PRIMALITY_UNASSIGNED,513,512,512,NO_RECORDED_FACTOR_PRP_OR_LL_RESULT_AND_NO_ACTIVE_GIMPS_ASSIGNMENT,2026-08-08T14:01:06+00:00,UNALLOCATED,,,,,
SLCMP585-1347,1347,1347,288567463,2^288567463-1,STRUCTURAL_SCREEN_EXHAUSTED_PRIMALITY_UNASSIGNED,GF3A_DIRECTIONAL_WRITE_EXHAUSTED_PRIMALITY_UNASSIGNED,514,512,512,NO_RECORDED_FACTOR_PRP_OR_LL_RESULT_AND_NO_ACTIVE_GIMPS_ASSIGNMENT,2026-08-08T14:01:06+00:00,UNALLOCATED,,,,,
SLCMP585-1348,1348,1348,288567577,2^288567577-1,STRUCTURAL_SCREEN_EXHAUSTED_PRIMALITY_UNASSIGNED,GF3A_DIRECTIONAL_WRITE_EXHAUSTED_PRIMALITY_UNASSIGNED,513,512,512,NO_RECORDED_FACTOR_PRP_OR_LL_RESULT_AND_NO_ACTIVE_GIMPS_ASSIGNMENT,2026-08-08T14:01:06+00:00,UNALLOCATED,,,,,
SLCMP585-1349,1349,1349,288567679,2^288567679-1,STRUCTURAL_SCREEN_EXHAUSTED_PRIMALITY_UNASSIGNED,GF3A_DIRECTIONAL_WRITE_EXHAUSTED_PRIMALITY_UNASSIGNED,514,512,512,NO_RECORDED_FACTOR_PRP_OR_LL_RESULT_AND_NO_ACTIVE_GIMPS_ASSIGNMENT,2026-08-08T14:01:06+00:00,UNALLOCATED,,,,,
SLCMP585-1350,1350,1350,288567701,2^288567701-1,STRUCTURAL_SCREEN_EXHAUSTED_PRIMALITY_UNASSIGNED,GF3A_DIRECTIONAL_WRITE_EXHAUSTED_PRIMALITY_UNASSIGNED,513,512,512,NO_RECORDED_FACTOR_PRP_OR_LL_RESULT_AND_NO_ACTIVE_GIMPS_ASSIGNMENT,2026-08-08T14:01:06+00:00,UNALLOCATED,,,,,
SLCMP585-1351,1351,1351,288567737,2^288567737-1,STRUCTURAL_SCREEN_EXHAUSTED_PRIMALITY_UNASSIGNED,GF3A_DIRECTIONAL_WRITE_EXHAUSTED_PRIMALITY_UNASSIGNED,513,512,512,NO_RECORDED_FACTOR_PRP_OR_LL_RESULT_AND_NO_ACTIVE_GIMPS_ASSIGNMENT,2026-08-08T14:01:06+00:00,UNALLOCATED,,,,,
SLCMP585-1352,1352,1352,288567779,2^288567779-1,STRUCTURAL_SCREEN_EXHAUSTED_PRIMALITY_UNASSIGNED,GF3A_DIRECTIONAL_WRITE_EXHAUSTED_PRIMALITY_UNASSIGNED,514,512,512,NO_RECORDED_FACTOR_PRP_OR_LL_RESULT_AND_NO_ACTIVE_GIMPS_ASSIGNMENT,2026-08-08T14:01:06+00:00,UNALLOCATED,,,,,
SLCMP585-1353,1353,1353,288567791,2^288567791-1,STRUCTURAL_SCREEN_EXHAUSTED_PRIMALITY_UNASSIGNED,GF3A_DIRECTIONAL_WRITE_EXHAUSTED_PRIMALITY_UNASSIGNED,514,512,512,NO_RECORDED_FACTOR_PRP_OR_LL_RESULT_AND_NO_ACTIVE_GIMPS_ASSIGNMENT,2026-08-08T14:01:06+00:00,UNALLOCATED,,,,,
SLCMP585-1354,1354,1354,288567841,2^288567841-1,STRUCTURAL_SCREEN_EXHAUSTED_PRIMALITY_UNASSIGNED,GF3A_DIRECTIONAL_WRITE_EXHAUSTED_PRIMALITY_UNASSIGNED,513,512,512,NO_RECORDED_FACTOR_PRP_OR_LL_RESULT_AND_NO_ACTIVE_GIMPS_ASSIGNMENT,2026-08-08T14:01:06+00:00,UNALLOCATED,,,,,
SLCMP585-1355,1355,1355,288567863,2^288567863-1,STRUCTURAL_SCREEN_EXHAUSTED_PRIMALITY_UNASSIGNED,GF3A_DIRECTIONAL_WRITE_EXHAUSTED_PRIMALITY_UNASSIGNED,514,512,512,NO_RECORDED_FACTOR_PRP_OR_LL_RESULT_AND_NO_ACTIVE_GIMPS_ASSIGNMENT,2026-08-08T14:01:06+00:00,UNALLOCATED,,,,,
SLCMP585-1356,1356,1356,288567901,2^288567901-1,STRUCTURAL_SCREEN_EXHAUSTED_PRIMALITY_UNASSIGNED,GF3A_DIRECTIONAL_WRITE_EXHAUSTED_PRIMALITY_UNASSIGNED,513,512,512,NO_RECORDED_FACTOR_PRP_OR_LL_RESULT_AND_NO_ACTIVE_GIMPS_ASSIGNMENT,2026-08-08T14:01:06+00:00,UNALLOCATED,,,,,
SLCMP585-1357,1357,1357,288567907,2^288567907-1,STRUCTURAL_SCREEN_EXHAUSTED_PRIMALITY_UNASSIGNED,GF3A_DIRECTIONAL_WRITE_EXHAUSTED_PRIMALITY_UNASSIGNED,514,512,512,NO_RECORDED_FACTOR_PRP_OR_LL_RESULT_AND_NO_ACTIVE_GIMPS_ASSIGNMENT,2026-08-08T14:01:06+00:00,UNALLOCATED,,,,,
SLCMP585-1358,1358,1358,288567931,2^288567931-1,STRUCTURAL_SCREEN_EXHAUSTED_PRIMALITY_UNASSIGNED,GF3A_DIRECTIONAL_WRITE_EXHAUSTED_PRIMALITY_UNASSIGNED,514,512,512,NO_RECORDED_FACTOR_PRP_OR_LL_RESULT_AND_NO_ACTIVE_GIMPS_ASSIGNMENT,2026-08-08T14:01:06+00:00,UNALLOCATED,,,,,
SLCMP585-1359,1359,1359,288567943,2^288567943-1,STRUCTURAL_SCREEN_EXHAUSTED_PRIMALITY_UNASSIGNED,GF3A_DIRECTIONAL_WRITE_EXHAUSTED_PRIMALITY_UNASSIGNED,514,512,512,NO_RECORDED_FACTOR_PRP_OR_LL_RESULT_AND_NO_ACTIVE_GIMPS_ASSIGNMENT,2026-08-08T14:01:06+00:00,UNALLOCATED,,,,,
SLCMP585-1360,1360,1360,288567989,2^288567989-1,STRUCTURAL_SCREEN_EXHAUSTED_PRIMALITY_UNASSIGNED,GF3A_DIRECTIONAL_WRITE_EXHAUSTED_PRIMALITY_UNASSIGNED,513,512,512,NO_RECORDED_FACTOR_PRP_OR_LL_RESULT_AND_NO_ACTIVE_GIMPS_ASSIGNMENT,2026-08-08T14:01:06+00:00,UNALLOCATED,,,,,
SLCMP585-1361,1361,1361,288568099,2^288568099-1,STRUCTURAL_SCREEN_EXHAUSTED_PRIMALITY_UNASSIGNED,GF3A_DIRECTIONAL_WRITE_EXHAUSTED_PRIMALITY_UNASSIGNED,514,512,512,NO_RECORDED_FACTOR_PRP_OR_LL_RESULT_AND_NO_ACTIVE_GIMPS_ASSIGNMENT,2026-08-08T14:01:06+00:00,UNALLOCATED,,,,,
SLCMP585-1362,1362,1362,288568153,2^288568153-1,STRUCTURAL_SCREEN_EXHAUSTED_PRIMALITY_UNASSIGNED,GF3A_DIRECTIONAL_WRITE_EXHAUSTED_PRIMALITY_UNASSIGNED,513,512,512,NO_RECORDED_FACTOR_PRP_OR_LL_RESULT_AND_NO_ACTIVE_GIMPS_ASSIGNMENT,2026-08-08T14:01:06+00:00,UNALLOCATED,,,,,
SLCMP585-1363,1363,1363,288568253,2^288568253-1,STRUCTURAL_SCREEN_EXHAUSTED_PRIMALITY_UNASSIGNED,GF3A_DIRECTIONAL_WRITE_EXHAUSTED_PRIMALITY_UNASSIGNED,513,512,512,NO_RECORDED_FACTOR_PRP_OR_LL_RESULT_AND_NO_ACTIVE_GIMPS_ASSIGNMENT,2026-08-08T14:01:06+00:00,UNALLOCATED,,,,,
SLCMP585-1364,1364,1364,288568261,2^288568261-1,STRUCTURAL_SCREEN_EXHAUSTED_PRIMALITY_UNASSIGNED,GF3A_DIRECTIONAL_WRITE_EXHAUSTED_PRIMALITY_UNASSIGNED,513,512,512,NO_RECORDED_FACTOR_PRP_OR_LL_RESULT_AND_NO_ACTIVE_GIMPS_ASSIGNMENT,2026-08-08T14:01:06+00:00,UNALLOCATED,,,,,
SLCMP585-1365,1365,1365,288568459,2^288568459-1,STRUCTURAL_SCREEN_EXHAUSTED_PRIMALITY_UNASSIGNED,GF3A_DIRECTIONAL_WRITE_EXHAUSTED_PRIMALITY_UNASSIGNED,514,512,512,NO_RECORDED_FACTOR_PRP_OR_LL_RESULT_AND_NO_ACTIVE_GIMPS_ASSIGNMENT,2026-08-08T14:01:06+00:00,UNALLOCATED,,,,,
SLCMP585-1366,1366,1366,288568471,2^288568471-1,STRUCTURAL_SCREEN_EXHAUSTED_PRIMALITY_UNASSIGNED,GF3A_DIRECTIONAL_WRITE_EXHAUSTED_PRIMALITY_UNASSIGNED,514,512,512,NO_RECORDED_FACTOR_PRP_OR_LL_RESULT_AND_NO_ACTIVE_GIMPS_ASSIGNMENT,2026-08-08T14:01:06+00:00,UNALLOCATED,,,,,
SLCMP585-1367,1367,1367,288568477,2^288568477-1,STRUCTURAL_SCREEN_EXHAUSTED_PRIMALITY_UNASSIGNED,GF3A_DIRECTIONAL_WRITE_EXHAUSTED_PRIMALITY_UNASSIGNED,513,512,512,NO_RECORDED_FACTOR_PRP_OR_LL_RESULT_AND_NO_ACTIVE_GIMPS_ASSIGNMENT,2026-08-08T14:01:06+00:00,UNALLOCATED,,,,,
SLCMP585-1368,1368,1368,288568519,2^288568519-1,STRUCTURAL_SCREEN_EXHAUSTED_PRIMALITY_UNASSIGNED,GF3A_DIRECTIONAL_WRITE_EXHAUSTED_PRIMALITY_UNASSIGNED,514,512,512,NO_RECORDED_FACTOR_PRP_OR_LL_RESULT_AND_NO_ACTIVE_GIMPS_ASSIGNMENT,2026-08-08T14:01:06+00:00,UNALLOCATED,,,,,
SLCMP585-1369,1369,1369,288568549,2^288568549-1,STRUCTURAL_SCREEN_EXHAUSTED_PRIMALITY_UNASSIGNED,GF3A_DIRECTIONAL_WRITE_EXHAUSTED_PRIMALITY_UNASSIGNED,513,512,512,NO_RECORDED_FACTOR_PRP_OR_LL_RESULT_AND_NO_ACTIVE_GIMPS_ASSIGNMENT,2026-08-08T14:01:06+00:00,UNALLOCATED,,,,,
SLCMP585-1370,1370,1370,288568573,2^288568573-1,STRUCTURAL_SCREEN_EXHAUSTED_PRIMALITY_UNASSIGNED,GF3A_DIRECTIONAL_WRITE_EXHAUSTED_PRIMALITY_UNASSIGNED,513,512,512,NO_RECORDED_FACTOR_PRP_OR_LL_RESULT_AND_NO_ACTIVE_GIMPS_ASSIGNMENT,2026-08-08T14:01:06+00:00,UNALLOCATED,,,,,
SLCMP585-1371,1371,1371,288568711,2^288568711-1,STRUCTURAL_SCREEN_EXHAUSTED_PRIMALITY_UNASSIGNED,GF3A_DIRECTIONAL_WRITE_EXHAUSTED_PRIMALITY_UNASSIGNED,514,512,512,NO_RECORDED_FACTOR_PRP_OR_LL_RESULT_AND_NO_ACTIVE_GIMPS_ASSIGNMENT,2026-08-08T14:01:06+00:00,UNALLOCATED,,,,,
SLCMP585-1372,1372,1372,288568967,2^288568967-1,STRUCTURAL_SCREEN_EXHAUSTED_PRIMALITY_UNASSIGNED,GF3A_DIRECTIONAL_WRITE_EXHAUSTED_PRIMALITY_UNASSIGNED,514,512,512,NO_RECORDED_FACTOR_PRP_OR_LL_RESULT_AND_NO_ACTIVE_GIMPS_ASSIGNMENT,2026-08-08T14:01:06+00:00,UNALLOCATED,,,,,
SLCMP585-1373,1373,1373,288568997,2^288568997-1,STRUCTURAL_SCREEN_EXHAUSTED_PRIMALITY_UNASSIGNED,GF3A_DIRECTIONAL_WRITE_EXHAUSTED_PRIMALITY_UNASSIGNED,513,512,512,NO_RECORDED_FACTOR_PRP_OR_LL_RESULT_AND_NO_ACTIVE_GIMPS_ASSIGNMENT,2026-08-08T14:01:06+00:00,UNALLOCATED,,,,,
SLCMP585-1374,1374,1374,288569041,2^288569041-1,STRUCTURAL_SCREEN_EXHAUSTED_PRIMALITY_UNASSIGNED,GF3A_DIRECTIONAL_WRITE_EXHAUSTED_PRIMALITY_UNASSIGNED,513,512,512,NO_RECORDED_FACTOR_PRP_OR_LL_RESULT_AND_NO_ACTIVE_GIMPS_ASSIGNMENT,2026-08-08T14:01:06+00:00,UNALLOCATED,,,,,
SLCMP585-1375,1375,1375,288569081,2^288569081-1,STRUCTURAL_SCREEN_EXHAUSTED_PRIMALITY_UNASSIGNED,GF3A_DIRECTIONAL_WRITE_EXHAUSTED_PRIMALITY_UNASSIGNED,513,512,512,NO_RECORDED_FACTOR_PRP_OR_LL_RESULT_AND_NO_ACTIVE_GIMPS_ASSIGNMENT,2026-08-08T14:01:06+00:00,UNALLOCATED,,,,,
SLCMP585-1376,1376,1376,288569233,2^288569233-1,STRUCTURAL_SCREEN_EXHAUSTED_PRIMALITY_UNASSIGNED,GF3A_DIRECTIONAL_WRITE_EXHAUSTED_PRIMALITY_UNASSIGNED,513,512,512,NO_RECORDED_FACTOR_PRP_OR_LL_RESULT_AND_NO_ACTIVE_GIMPS_ASSIGNMENT,2026-08-08T14:01:06+00:00,UNALLOCATED,,,,,
SLCMP585-1377,1377,1377,288569261,2^288569261-1,STRUCTURAL_SCREEN_EXHAUSTED_PRIMALITY_UNASSIGNED,GF3A_DIRECTIONAL_WRITE_EXHAUSTED_PRIMALITY_UNASSIGNED,513,512,512,NO_RECORDED_FACTOR_PRP_OR_LL_RESULT_AND_NO_ACTIVE_GIMPS_ASSIGNMENT,2026-08-08T14:01:06+00:00,UNALLOCATED,,,,,
SLCMP585-1378,1378,1378,288569329,2^288569329-1,STRUCTURAL_SCREEN_EXHAUSTED_PRIMALITY_UNASSIGNED,GF3A_DIRECTIONAL_WRITE_EXHAUSTED_PRIMALITY_UNASSIGNED,513,512,512,NO_RECORDED_FACTOR_PRP_OR_LL_RESULT_AND_NO_ACTIVE_GIMPS_ASSIGNMENT,2026-08-08T14:01:06+00:00,UNALLOCATED,,,,,
SLCMP585-1379,1379,1379,288569371,2^288569371-1,STRUCTURAL_SCREEN_EXHAUSTED_PRIMALITY_UNASSIGNED,GF3A_DIRECTIONAL_WRITE_EXHAUSTED_PRIMALITY_UNASSIGNED,514,512,512,NO_RECORDED_FACTOR_PRP_OR_LL_RESULT_AND_NO_ACTIVE_GIMPS_ASSIGNMENT,2026-08-08T14:01:06+00:00,UNALLOCATED,,,,,
SLCMP585-1380,1380,1380,288569399,2^288569399-1,STRUCTURAL_SCREEN_EXHAUSTED_PRIMALITY_UNASSIGNED,GF3A_DIRECTIONAL_WRITE_EXHAUSTED_PRIMALITY_UNASSIGNED,514,512,512,NO_RECORDED_FACTOR_PRP_OR_LL_RESULT_AND_NO_ACTIVE_GIMPS_ASSIGNMENT,2026-08-08T14:01:06+00:00,UNALLOCATED,,,,,
SLCMP585-1381,1381,1381,288569419,2^288569419-1,STRUCTURAL_SCREEN_EXHAUSTED_PRIMALITY_UNASSIGNED,GF3A_DIRECTIONAL_WRITE_EXHAUSTED_PRIMALITY_UNASSIGNED,514,512,512,NO_RECORDED_FACTOR_PRP_OR_LL_RESULT_AND_NO_ACTIVE_GIMPS_ASSIGNMENT,2026-08-08T14:01:06+00:00,UNALLOCATED,,,,,
SLCMP585-1382,1382,1382,288569461,2^288569461-1,STRUCTURAL_SCREEN_EXHAUSTED_PRIMALITY_UNASSIGNED,GF3A_DIRECTIONAL_WRITE_EXHAUSTED_PRIMALITY_UNASSIGNED,513,512,512,NO_RECORDED_FACTOR_PRP_OR_LL_RESULT_AND_NO_ACTIVE_GIMPS_ASSIGNMENT,2026-08-08T14:01:06+00:00,UNALLOCATED,,,,,
SLCMP585-1383,1383,1383,288569507,2^288569507-1,STRUCTURAL_SCREEN_EXHAUSTED_PRIMALITY_UNASSIGNED,GF3A_DIRECTIONAL_WRITE_EXHAUSTED_PRIMALITY_UNASSIGNED,514,512,512,NO_RECORDED_FACTOR_PRP_OR_LL_RESULT_AND_NO_ACTIVE_GIMPS_ASSIGNMENT,2026-08-08T14:01:06+00:00,UNALLOCATED,,,,,
SLCMP585-1384,1384,1384,288569573,2^288569573-1,STRUCTURAL_SCREEN_EXHAUSTED_PRIMALITY_UNASSIGNED,GF3A_DIRECTIONAL_WRITE_EXHAUSTED_PRIMALITY_UNASSIGNED,513,512,512,NO_RECORDED_FACTOR_PRP_OR_LL_RESULT_AND_NO_ACTIVE_GIMPS_ASSIGNMENT,2026-08-08T14:01:06+00:00,UNALLOCATED,,,,,
SLCMP585-1385,1385,1385,288569629,2^288569629-1,STRUCTURAL_SCREEN_EXHAUSTED_PRIMALITY_UNASSIGNED,GF3A_DIRECTIONAL_WRITE_EXHAUSTED_PRIMALITY_UNASSIGNED,513,512,512,NO_RECORDED_FACTOR_PRP_OR_LL_RESULT_AND_NO_ACTIVE_GIMPS_ASSIGNMENT,2026-08-08T14:01:06+00:00,UNALLOCATED,,,,,
SLCMP585-1386,1386,1386,288569693,2^288569693-1,STRUCTURAL_SCREEN_EXHAUSTED_PRIMALITY_UNASSIGNED,GF3A_DIRECTIONAL_WRITE_EXHAUSTED_PRIMALITY_UNASSIGNED,513,512,512,NO_RECORDED_FACTOR_PRP_OR_LL_RESULT_AND_NO_ACTIVE_GIMPS_ASSIGNMENT,2026-08-08T14:01:06+00:00,UNALLOCATED,,,,,
SLCMP585-1387,1387,1387,288569717,2^288569717-1,STRUCTURAL_SCREEN_EXHAUSTED_PRIMALITY_UNASSIGNED,GF3A_DIRECTIONAL_WRITE_EXHAUSTED_PRIMALITY_UNASSIGNED,513,512,512,NO_RECORDED_FACTOR_PRP_OR_LL_RESULT_AND_NO_ACTIVE_GIMPS_ASSIGNMENT,2026-08-08T14:01:06+00:00,UNALLOCATED,,,,,
SLCMP585-1388,1388,1388,288569797,2^288569797-1,STRUCTURAL_SCREEN_EXHAUSTED_PRIMALITY_UNASSIGNED,GF3A_DIRECTIONAL_WRITE_EXHAUSTED_PRIMALITY_UNASSIGNED,513,512,512,NO_RECORDED_FACTOR_PRP_OR_LL_RESULT_AND_NO_ACTIVE_GIMPS_ASSIGNMENT,2026-08-08T14:01:06+00:00,UNALLOCATED,,,,,
SLCMP585-1389,1389,1389,288569837,2^288569837-1,STRUCTURAL_SCREEN_EXHAUSTED_PRIMALITY_UNASSIGNED,GF3A_DIRECTIONAL_WRITE_EXHAUSTED_PRIMALITY_UNASSIGNED,513,512,512,NO_RECORDED_FACTOR_PRP_OR_LL_RESULT_AND_NO_ACTIVE_GIMPS_ASSIGNMENT,2026-08-08T14:01:06+00:00,UNALLOCATED,,,,,
SLCMP585-1390,1390,1390,288569881,2^288569881-1,STRUCTURAL_SCREEN_EXHAUSTED_PRIMALITY_UNASSIGNED,GF3A_DIRECTIONAL_WRITE_EXHAUSTED_PRIMALITY_UNASSIGNED,513,512,512,NO_RECORDED_FACTOR_PRP_OR_LL_RESULT_AND_NO_ACTIVE_GIMPS_ASSIGNMENT,2026-08-08T14:01:06+00:00,UNALLOCATED,,,,,
SLCMP585-1391,1391,1391,288569987,2^288569987-1,STRUCTURAL_SCREEN_EXHAUSTED_PRIMALITY_UNASSIGNED,GF3A_DIRECTIONAL_WRITE_EXHAUSTED_PRIMALITY_UNASSIGNED,514,512,512,NO_RECORDED_FACTOR_PRP_OR_LL_RESULT_AND_NO_ACTIVE_GIMPS_ASSIGNMENT,2026-08-08T14:01:06+00:00,UNALLOCATED,,,,,
SLCMP585-1392,1392,1392,288570031,2^288570031-1,STRUCTURAL_SCREEN_EXHAUSTED_PRIMALITY_UNASSIGNED,GF3A_DIRECTIONAL_WRITE_EXHAUSTED_PRIMALITY_UNASSIGNED,514,512,512,NO_RECORDED_FACTOR_PRP_OR_LL_RESULT_AND_NO_ACTIVE_GIMPS_ASSIGNMENT,2026-08-08T14:01:06+00:00,UNALLOCATED,,,,,
SLCMP585-1393,1393,1393,288570091,2^288570091-1,STRUCTURAL_SCREEN_EXHAUSTED_PRIMALITY_UNASSIGNED,GF3A_DIRECTIONAL_WRITE_EXHAUSTED_PRIMALITY_UNASSIGNED,514,512,512,NO_RECORDED_FACTOR_PRP_OR_LL_RESULT_AND_NO_ACTIVE_GIMPS_ASSIGNMENT,2026-08-08T14:01:06+00:00,UNALLOCATED,,,,,
SLCMP585-1394,1394,1394,288570101,2^288570101-1,STRUCTURAL_SCREEN_EXHAUSTED_PRIMALITY_UNASSIGNED,GF3A_DIRECTIONAL_WRITE_EXHAUSTED_PRIMALITY_UNASSIGNED,513,512,512,NO_RECORDED_FACTOR_PRP_OR_LL_RESULT_AND_NO_ACTIVE_GIMPS_ASSIGNMENT,2026-08-08T14:01:06+00:00,UNALLOCATED,,,,,
SLCMP585-1395,1395,1395,288570151,2^288570151-1,STRUCTURAL_SCREEN_EXHAUSTED_PRIMALITY_UNASSIGNED,GF3A_DIRECTIONAL_WRITE_EXHAUSTED_PRIMALITY_UNASSIGNED,514,512,512,NO_RECORDED_FACTOR_PRP_OR_LL_RESULT_AND_NO_ACTIVE_GIMPS_ASSIGNMENT,2026-08-08T14:01:06+00:00,UNALLOCATED,,,,,
SLCMP585-1396,1396,1396,288570181,2^288570181-1,STRUCTURAL_SCREEN_EXHAUSTED_PRIMALITY_UNASSIGNED,GF3A_DIRECTIONAL_WRITE_EXHAUSTED_PRIMALITY_UNASSIGNED,513,512,512,NO_RECORDED_FACTOR_PRP_OR_LL_RESULT_AND_NO_ACTIVE_GIMPS_ASSIGNMENT,2026-08-08T14:01:06+00:00,UNALLOCATED,,,,,
SLCMP585-1397,1397,1397,288570187,2^288570187-1,STRUCTURAL_SCREEN_EXHAUSTED_PRIMALITY_UNASSIGNED,GF3A_DIRECTIONAL_WRITE_EXHAUSTED_PRIMALITY_UNASSIGNED,514,512,512,NO_RECORDED_FACTOR_PRP_OR_LL_RESULT_AND_NO_ACTIVE_GIMPS_ASSIGNMENT,2026-08-08T14:01:06+00:00,UNALLOCATED,,,,,
SLCMP585-1398,1398,1398,288570263,2^288570263-1,STRUCTURAL_SCREEN_EXHAUSTED_PRIMALITY_UNASSIGNED,GF3A_DIRECTIONAL_WRITE_EXHAUSTED_PRIMALITY_UNASSIGNED,514,512,512,NO_RECORDED_FACTOR_PRP_OR_LL_RESULT_AND_NO_ACTIVE_GIMPS_ASSIGNMENT,2026-08-08T14:01:06+00:00,UNALLOCATED,,,,,
SLCMP585-1399,1399,1399,288570299,2^288570299-1,STRUCTURAL_SCREEN_EXHAUSTED_PRIMALITY_UNASSIGNED,GF3A_DIRECTIONAL_WRITE_EXHAUSTED_PRIMALITY_UNASSIGNED,514,512,512,NO_RECORDED_FACTOR_PRP_OR_LL_RESULT_AND_NO_ACTIVE_GIMPS_ASSIGNMENT,2026-08-08T14:01:06+00:00,UNALLOCATED,,,,,
SLCMP585-1400,1400,1400,288570367,2^288570367-1,STRUCTURAL_SCREEN_EXHAUSTED_PRIMALITY_UNASSIGNED,GF3A_DIRECTIONAL_WRITE_EXHAUSTED_PRIMALITY_UNASSIGNED,514,512,512,NO_RECORDED_FACTOR_PRP_OR_LL_RESULT_AND_NO_ACTIVE_GIMPS_ASSIGNMENT,2026-08-08T14:01:06+00:00,UNALLOCATED,,,,,
SLCMP585-1401,1401,1401,288570391,2^288570391-1,STRUCTURAL_SCREEN_EXHAUSTED_PRIMALITY_UNASSIGNED,GF3A_DIRECTIONAL_WRITE_EXHAUSTED_PRIMALITY_UNASSIGNED,514,512,512,NO_RECORDED_FACTOR_PRP_OR_LL_RESULT_AND_NO_ACTIVE_GIMPS_ASSIGNMENT,2026-08-08T14:01:06+00:00,UNALLOCATED,,,,,
SLCMP585-1402,1402,1402,288570409,2^288570409-1,STRUCTURAL_SCREEN_EXHAUSTED_PRIMALITY_UNASSIGNED,GF3A_DIRECTIONAL_WRITE_EXHAUSTED_PRIMALITY_UNASSIGNED,513,512,512,NO_RECORDED_FACTOR_PRP_OR_LL_RESULT_AND_NO_ACTIVE_GIMPS_ASSIGNMENT,2026-08-08T14:01:06+00:00,UNALLOCATED,,,,,
SLCMP585-1403,1403,1403,288570431,2^288570431-1,STRUCTURAL_SCREEN_EXHAUSTED_PRIMALITY_UNASSIGNED,GF3A_DIRECTIONAL_WRITE_EXHAUSTED_PRIMALITY_UNASSIGNED,514,512,512,NO_RECORDED_FACTOR_PRP_OR_LL_RESULT_AND_NO_ACTIVE_GIMPS_ASSIGNMENT,2026-08-08T14:01:06+00:00,UNALLOCATED,,,,,
SLCMP585-1404,1404,1404,288570479,2^288570479-1,STRUCTURAL_SCREEN_EXHAUSTED_PRIMALITY_UNASSIGNED,GF3A_DIRECTIONAL_WRITE_EXHAUSTED_PRIMALITY_UNASSIGNED,514,512,512,NO_RECORDED_FACTOR_PRP_OR_LL_RESULT_AND_NO_ACTIVE_GIMPS_ASSIGNMENT,2026-08-08T14:01:06+00:00,UNALLOCATED,,,,,
SLCMP585-1405,1405,1405,288570481,2^288570481-1,STRUCTURAL_SCREEN_EXHAUSTED_PRIMALITY_UNASSIGNED,GF3A_DIRECTIONAL_WRITE_EXHAUSTED_PRIMALITY_UNASSIGNED,513,512,512,NO_RECORDED_FACTOR_PRP_OR_LL_RESULT_AND_NO_ACTIVE_GIMPS_ASSIGNMENT,2026-08-08T14:01:06+00:00,UNALLOCATED,,,,,
SLCMP585-1406,1406,1406,288570487,2^288570487-1,STRUCTURAL_SCREEN_EXHAUSTED_PRIMALITY_UNASSIGNED,GF3A_DIRECTIONAL_WRITE_EXHAUSTED_PRIMALITY_UNASSIGNED,514,512,512,NO_RECORDED_FACTOR_PRP_OR_LL_RESULT_AND_NO_ACTIVE_GIMPS_ASSIGNMENT,2026-08-08T14:01:06+00:00,UNALLOCATED,,,,,
SLCMP585-1407,1407,1407,288570509,2^288570509-1,STRUCTURAL_SCREEN_EXHAUSTED_PRIMALITY_UNASSIGNED,GF3A_DIRECTIONAL_WRITE_EXHAUSTED_PRIMALITY_UNASSIGNED,513,512,512,NO_RECORDED_FACTOR_PRP_OR_LL_RESULT_AND_NO_ACTIVE_GIMPS_ASSIGNMENT,2026-08-08T14:01:06+00:00,UNALLOCATED,,,,,
SLCMP585-1408,1408,1408,288570551,2^288570551-1,STRUCTURAL_SCREEN_EXHAUSTED_PRIMALITY_UNASSIGNED,GF3A_DIRECTIONAL_WRITE_EXHAUSTED_PRIMALITY_UNASSIGNED,514,512,512,NO_RECORDED_FACTOR_PRP_OR_LL_RESULT_AND_NO_ACTIVE_GIMPS_ASSIGNMENT,2026-08-08T14:01:06+00:00,UNALLOCATED,,,,,
SLCMP585-1409,1409,1409,288570559,2^288570559-1,STRUCTURAL_SCREEN_EXHAUSTED_PRIMALITY_UNASSIGNED,GF3A_DIRECTIONAL_WRITE_EXHAUSTED_PRIMALITY_UNASSIGNED,514,512,512,NO_RECORDED_FACTOR_PRP_OR_LL_RESULT_AND_NO_ACTIVE_GIMPS_ASSIGNMENT,2026-08-08T14:01:06+00:00,UNALLOCATED,,,,,
SLCMP585-1410,1410,1410,288570589,2^288570589-1,STRUCTURAL_SCREEN_EXHAUSTED_PRIMALITY_UNASSIGNED,GF3A_DIRECTIONAL_WRITE_EXHAUSTED_PRIMALITY_UNASSIGNED,513,512,512,NO_RECORDED_FACTOR_PRP_OR_LL_RESULT_AND_NO_ACTIVE_GIMPS_ASSIGNMENT,2026-08-08T14:01:06+00:00,UNALLOCATED,,,,,
SLCMP585-1411,1411,1411,288570707,2^288570707-1,STRUCTURAL_SCREEN_EXHAUSTED_PRIMALITY_UNASSIGNED,GF3A_DIRECTIONAL_WRITE_EXHAUSTED_PRIMALITY_UNASSIGNED,514,512,512,NO_RECORDED_FACTOR_PRP_OR_LL_RESULT_AND_NO_ACTIVE_GIMPS_ASSIGNMENT,2026-08-08T14:01:06+00:00,UNALLOCATED,,,,,
SLCMP585-1412,1412,1412,288570731,2^288570731-1,STRUCTURAL_SCREEN_EXHAUSTED_PRIMALITY_UNASSIGNED,GF3A_DIRECTIONAL_WRITE_EXHAUSTED_PRIMALITY_UNASSIGNED,514,512,512,NO_RECORDED_FACTOR_PRP_OR_LL_RESULT_AND_NO_ACTIVE_GIMPS_ASSIGNMENT,2026-08-08T14:01:06+00:00,UNALLOCATED,,,,,
SLCMP585-1413,1413,1413,288570739,2^288570739-1,STRUCTURAL_SCREEN_EXHAUSTED_PRIMALITY_UNASSIGNED,GF3A_DIRECTIONAL_WRITE_EXHAUSTED_PRIMALITY_UNASSIGNED,514,512,512,NO_RECORDED_FACTOR_PRP_OR_LL_RESULT_AND_NO_ACTIVE_GIMPS_ASSIGNMENT,2026-08-08T14:01:06+00:00,UNALLOCATED,,,,,
SLCMP585-1414,1414,1414,288570901,2^288570901-1,STRUCTURAL_SCREEN_EXHAUSTED_PRIMALITY_UNASSIGNED,GF3A_DIRECTIONAL_WRITE_EXHAUSTED_PRIMALITY_UNASSIGNED,513,512,512,NO_RECORDED_FACTOR_PRP_OR_LL_RESULT_AND_NO_ACTIVE_GIMPS_ASSIGNMENT,2026-08-08T14:01:06+00:00,UNALLOCATED,,,,,
SLCMP585-1415,1415,1415,288570923,2^288570923-1,STRUCTURAL_SCREEN_EXHAUSTED_PRIMALITY_UNASSIGNED,GF3A_DIRECTIONAL_WRITE_EXHAUSTED_PRIMALITY_UNASSIGNED,514,512,512,NO_RECORDED_FACTOR_PRP_OR_LL_RESULT_AND_NO_ACTIVE_GIMPS_ASSIGNMENT,2026-08-08T14:01:06+00:00,UNALLOCATED,,,,,
SLCMP585-1416,1416,1416,288570941,2^288570941-1,STRUCTURAL_SCREEN_EXHAUSTED_PRIMALITY_UNASSIGNED,GF3A_DIRECTIONAL_WRITE_EXHAUSTED_PRIMALITY_UNASSIGNED,513,512,512,NO_RECORDED_FACTOR_PRP_OR_LL_RESULT_AND_NO_ACTIVE_GIMPS_ASSIGNMENT,2026-08-08T14:01:06+00:00,UNALLOCATED,,,,,
SLCMP585-1417,1417,1417,288571001,2^288571001-1,STRUCTURAL_SCREEN_EXHAUSTED_PRIMALITY_UNASSIGNED,GF3A_DIRECTIONAL_WRITE_EXHAUSTED_PRIMALITY_UNASSIGNED,513,512,512,NO_RECORDED_FACTOR_PRP_OR_LL_RESULT_AND_NO_ACTIVE_GIMPS_ASSIGNMENT,2026-08-08T14:01:06+00:00,UNALLOCATED,,,,,
SLCMP585-1418,1418,1418,288571037,2^288571037-1,STRUCTURAL_SCREEN_EXHAUSTED_PRIMALITY_UNASSIGNED,GF3A_DIRECTIONAL_WRITE_EXHAUSTED_PRIMALITY_UNASSIGNED,513,512,512,NO_RECORDED_FACTOR_PRP_OR_LL_RESULT_AND_NO_ACTIVE_GIMPS_ASSIGNMENT,2026-08-08T14:01:06+00:00,UNALLOCATED,,,,,
SLCMP585-1419,1419,1419,288571147,2^288571147-1,STRUCTURAL_SCREEN_EXHAUSTED_PRIMALITY_UNASSIGNED,GF3A_DIRECTIONAL_WRITE_EXHAUSTED_PRIMALITY_UNASSIGNED,514,512,512,NO_RECORDED_FACTOR_PRP_OR_LL_RESULT_AND_NO_ACTIVE_GIMPS_ASSIGNMENT,2026-08-08T14:01:06+00:00,UNALLOCATED,,,,,
SLCMP585-1420,1420,1420,288571247,2^288571247-1,STRUCTURAL_SCREEN_EXHAUSTED_PRIMALITY_UNASSIGNED,GF3A_DIRECTIONAL_WRITE_EXHAUSTED_PRIMALITY_UNASSIGNED,514,512,512,NO_RECORDED_FACTOR_PRP_OR_LL_RESULT_AND_NO_ACTIVE_GIMPS_ASSIGNMENT,2026-08-08T14:01:06+00:00,UNALLOCATED,,,,,
SLCMP585-1421,1421,1421,288571249,2^288571249-1,STRUCTURAL_SCREEN_EXHAUSTED_PRIMALITY_UNASSIGNED,GF3A_DIRECTIONAL_WRITE_EXHAUSTED_PRIMALITY_UNASSIGNED,513,512,512,NO_RECORDED_FACTOR_PRP_OR_LL_RESULT_AND_NO_ACTIVE_GIMPS_ASSIGNMENT,2026-08-08T14:01:06+00:00,UNALLOCATED,,,,,
SLCMP585-1422,1422,1422,288571319,2^288571319-1,STRUCTURAL_SCREEN_EXHAUSTED_PRIMALITY_UNASSIGNED,GF3A_DIRECTIONAL_WRITE_EXHAUSTED_PRIMALITY_UNASSIGNED,514,512,512,NO_RECORDED_FACTOR_PRP_OR_LL_RESULT_AND_NO_ACTIVE_GIMPS_ASSIGNMENT,2026-08-08T14:01:06+00:00,UNALLOCATED,,,,,
SLCMP585-1423,1423,1423,288571351,2^288571351-1,STRUCTURAL_SCREEN_EXHAUSTED_PRIMALITY_UNASSIGNED,GF3A_DIRECTIONAL_WRITE_EXHAUSTED_PRIMALITY_UNASSIGNED,514,512,512,NO_RECORDED_FACTOR_PRP_OR_LL_RESULT_AND_NO_ACTIVE_GIMPS_ASSIGNMENT,2026-08-08T14:01:06+00:00,UNALLOCATED,,,,,
SLCMP585-1424,1424,1424,288571463,2^288571463-1,STRUCTURAL_SCREEN_EXHAUSTED_PRIMALITY_UNASSIGNED,GF3A_DIRECTIONAL_WRITE_EXHAUSTED_PRIMALITY_UNASSIGNED,514,512,512,NO_RECORDED_FACTOR_PRP_OR_LL_RESULT_AND_NO_ACTIVE_GIMPS_ASSIGNMENT,2026-08-08T14:01:06+00:00,UNALLOCATED,,,,,
SLCMP585-1425,1425,1425,288571561,2^288571561-1,STRUCTURAL_SCREEN_EXHAUSTED_PRIMALITY_UNASSIGNED,GF3A_DIRECTIONAL_WRITE_EXHAUSTED_PRIMALITY_UNASSIGNED,513,512,512,NO_RECORDED_FACTOR_PRP_OR_LL_RESULT_AND_NO_ACTIVE_GIMPS_ASSIGNMENT,2026-08-08T14:01:06+00:00,UNALLOCATED,,,,,
SLCMP585-1426,1426,1426,288571567,2^288571567-1,STRUCTURAL_SCREEN_EXHAUSTED_PRIMALITY_UNASSIGNED,GF3A_DIRECTIONAL_WRITE_EXHAUSTED_PRIMALITY_UNASSIGNED,514,512,512,NO_RECORDED_FACTOR_PRP_OR_LL_RESULT_AND_NO_ACTIVE_GIMPS_ASSIGNMENT,2026-08-08T14:01:06+00:00,UNALLOCATED,,,,,
SLCMP585-1427,1427,1427,288571573,2^288571573-1,STRUCTURAL_SCREEN_EXHAUSTED_PRIMALITY_UNASSIGNED,GF3A_DIRECTIONAL_WRITE_EXHAUSTED_PRIMALITY_UNASSIGNED,513,512,512,NO_RECORDED_FACTOR_PRP_OR_LL_RESULT_AND_NO_ACTIVE_GIMPS_ASSIGNMENT,2026-08-08T14:01:06+00:00,UNALLOCATED,,,,,
SLCMP585-1428,1428,1428,288571627,2^288571627-1,STRUCTURAL_SCREEN_EXHAUSTED_PRIMALITY_UNASSIGNED,GF3A_DIRECTIONAL_WRITE_EXHAUSTED_PRIMALITY_UNASSIGNED,514,512,512,NO_RECORDED_FACTOR_PRP_OR_LL_RESULT_AND_NO_ACTIVE_GIMPS_ASSIGNMENT,2026-08-08T14:01:06+00:00,UNALLOCATED,,,,,
SLCMP585-1429,1429,1429,288571631,2^288571631-1,STRUCTURAL_SCREEN_EXHAUSTED_PRIMALITY_UNASSIGNED,GF3A_DIRECTIONAL_WRITE_EXHAUSTED_PRIMALITY_UNASSIGNED,514,512,512,NO_RECORDED_FACTOR_PRP_OR_LL_RESULT_AND_NO_ACTIVE_GIMPS_ASSIGNMENT,2026-08-08T14:01:06+00:00,UNALLOCATED,,,,,
SLCMP585-1430,1430,1430,288571643,2^288571643-1,STRUCTURAL_SCREEN_EXHAUSTED_PRIMALITY_UNASSIGNED,GF3A_DIRECTIONAL_WRITE_EXHAUSTED_PRIMALITY_UNASSIGNED,514,512,512,NO_RECORDED_FACTOR_PRP_OR_LL_RESULT_AND_NO_ACTIVE_GIMPS_ASSIGNMENT,2026-08-08T14:01:06+00:00,UNALLOCATED,,,,,
SLCMP585-1431,1431,1431,288571729,2^288571729-1,STRUCTURAL_SCREEN_EXHAUSTED_PRIMALITY_UNASSIGNED,GF3A_DIRECTIONAL_WRITE_EXHAUSTED_PRIMALITY_UNASSIGNED,513,512,512,NO_RECORDED_FACTOR_PRP_OR_LL_RESULT_AND_NO_ACTIVE_GIMPS_ASSIGNMENT,2026-08-08T14:01:06+00:00,UNALLOCATED,,,,,
SLCMP585-1432,1432,1432,288571741,2^288571741-1,STRUCTURAL_SCREEN_EXHAUSTED_PRIMALITY_UNASSIGNED,GF3A_DIRECTIONAL_WRITE_EXHAUSTED_PRIMALITY_UNASSIGNED,513,512,512,NO_RECORDED_FACTOR_PRP_OR_LL_RESULT_AND_NO_ACTIVE_GIMPS_ASSIGNMENT,2026-08-08T14:01:06+00:00,UNALLOCATED,,,,,
SLCMP585-1433,1433,1433,288571853,2^288571853-1,STRUCTURAL_SCREEN_EXHAUSTED_PRIMALITY_UNASSIGNED,GF3A_DIRECTIONAL_WRITE_EXHAUSTED_PRIMALITY_UNASSIGNED,513,512,512,NO_RECORDED_FACTOR_PRP_OR_LL_RESULT_AND_NO_ACTIVE_GIMPS_ASSIGNMENT,2026-08-08T14:01:06+00:00,UNALLOCATED,,,,,
SLCMP585-1434,1434,1434,288571879,2^288571879-1,STRUCTURAL_SCREEN_EXHAUSTED_PRIMALITY_UNASSIGNED,GF3A_DIRECTIONAL_WRITE_EXHAUSTED_PRIMALITY_UNASSIGNED,514,512,512,NO_RECORDED_FACTOR_PRP_OR_LL_RESULT_AND_NO_ACTIVE_GIMPS_ASSIGNMENT,2026-08-08T14:01:06+00:00,UNALLOCATED,,,,,
SLCMP585-1435,1435,1435,288571937,2^288571937-1,STRUCTURAL_SCREEN_EXHAUSTED_PRIMALITY_UNASSIGNED,GF3A_DIRECTIONAL_WRITE_EXHAUSTED_PRIMALITY_UNASSIGNED,513,512,512,NO_RECORDED_FACTOR_PRP_OR_LL_RESULT_AND_NO_ACTIVE_GIMPS_ASSIGNMENT,2026-08-08T14:01:06+00:00,UNALLOCATED,,,,,
SLCMP585-1436,1436,1436,288571949,2^288571949-1,STRUCTURAL_SCREEN_EXHAUSTED_PRIMALITY_UNASSIGNED,GF3A_DIRECTIONAL_WRITE_EXHAUSTED_PRIMALITY_UNASSIGNED,513,512,512,NO_RECORDED_FACTOR_PRP_OR_LL_RESULT_AND_NO_ACTIVE_GIMPS_ASSIGNMENT,2026-08-08T14:01:06+00:00,UNALLOCATED,,,,,
SLCMP585-1437,1437,1437,288571979,2^288571979-1,STRUCTURAL_SCREEN_EXHAUSTED_PRIMALITY_UNASSIGNED,GF3A_DIRECTIONAL_WRITE_EXHAUSTED_PRIMALITY_UNASSIGNED,514,512,512,NO_RECORDED_FACTOR_PRP_OR_LL_RESULT_AND_NO_ACTIVE_GIMPS_ASSIGNMENT,2026-08-08T14:01:06+00:00,UNALLOCATED,,,,,
SLCMP585-1438,1438,1438,288572017,2^288572017-1,STRUCTURAL_SCREEN_EXHAUSTED_PRIMALITY_UNASSIGNED,GF3A_DIRECTIONAL_WRITE_EXHAUSTED_PRIMALITY_UNASSIGNED,513,512,512,NO_RECORDED_FACTOR_PRP_OR_LL_RESULT_AND_NO_ACTIVE_GIMPS_ASSIGNMENT,2026-08-08T14:01:06+00:00,UNALLOCATED,,,,,
SLCMP585-1439,1439,1439,288572033,2^288572033-1,STRUCTURAL_SCREEN_EXHAUSTED_PRIMALITY_UNASSIGNED,GF3A_DIRECTIONAL_WRITE_EXHAUSTED_PRIMALITY_UNASSIGNED,513,512,512,NO_RECORDED_FACTOR_PRP_OR_LL_RESULT_AND_NO_ACTIVE_GIMPS_ASSIGNMENT,2026-08-08T14:01:06+00:00,UNALLOCATED,,,,,
SLCMP585-1440,1440,1440,288572077,2^288572077-1,STRUCTURAL_SCREEN_EXHAUSTED_PRIMALITY_UNASSIGNED,GF3A_DIRECTIONAL_WRITE_EXHAUSTED_PRIMALITY_UNASSIGNED,513,512,512,NO_RECORDED_FACTOR_PRP_OR_LL_RESULT_AND_NO_ACTIVE_GIMPS_ASSIGNMENT,2026-08-08T14:01:06+00:00,UNALLOCATED,,,,,
SLCMP585-1441,1441,1441,288572197,2^288572197-1,STRUCTURAL_SCREEN_EXHAUSTED_PRIMALITY_UNASSIGNED,GF3A_DIRECTIONAL_WRITE_EXHAUSTED_PRIMALITY_UNASSIGNED,513,512,512,NO_RECORDED_FACTOR_PRP_OR_LL_RESULT_AND_NO_ACTIVE_GIMPS_ASSIGNMENT,2026-08-08T14:01:06+00:00,UNALLOCATED,,,,,
SLCMP585-1442,1442,1442,288572233,2^288572233-1,STRUCTURAL_SCREEN_EXHAUSTED_PRIMALITY_UNASSIGNED,GF3A_DIRECTIONAL_WRITE_EXHAUSTED_PRIMALITY_UNASSIGNED,513,512,512,NO_RECORDED_FACTOR_PRP_OR_LL_RESULT_AND_NO_ACTIVE_GIMPS_ASSIGNMENT,2026-08-08T14:01:06+00:00,UNALLOCATED,,,,,
SLCMP585-1443,1443,1443,288572257,2^288572257-1,STRUCTURAL_SCREEN_EXHAUSTED_PRIMALITY_UNASSIGNED,GF3A_DIRECTIONAL_WRITE_EXHAUSTED_PRIMALITY_UNASSIGNED,513,512,512,NO_RECORDED_FACTOR_PRP_OR_LL_RESULT_AND_NO_ACTIVE_GIMPS_ASSIGNMENT,2026-08-08T14:01:06+00:00,UNALLOCATED,,,,,
SLCMP585-1444,1444,1444,288572299,2^288572299-1,STRUCTURAL_SCREEN_EXHAUSTED_PRIMALITY_UNASSIGNED,GF3A_DIRECTIONAL_WRITE_EXHAUSTED_PRIMALITY_UNASSIGNED,514,512,512,NO_RECORDED_FACTOR_PRP_OR_LL_RESULT_AND_NO_ACTIVE_GIMPS_ASSIGNMENT,2026-08-08T14:01:06+00:00,UNALLOCATED,,,,,
SLCMP585-1445,1445,1445,288572303,2^288572303-1,STRUCTURAL_SCREEN_EXHAUSTED_PRIMALITY_UNASSIGNED,GF3A_DIRECTIONAL_WRITE_EXHAUSTED_PRIMALITY_UNASSIGNED,514,512,512,NO_RECORDED_FACTOR_PRP_OR_LL_RESULT_AND_NO_ACTIVE_GIMPS_ASSIGNMENT,2026-08-08T14:01:06+00:00,UNALLOCATED,,,,,
SLCMP585-1446,1446,1446,288572311,2^288572311-1,STRUCTURAL_SCREEN_EXHAUSTED_PRIMALITY_UNASSIGNED,GF3A_DIRECTIONAL_WRITE_EXHAUSTED_PRIMALITY_UNASSIGNED,514,512,512,NO_RECORDED_FACTOR_PRP_OR_LL_RESULT_AND_NO_ACTIVE_GIMPS_ASSIGNMENT,2026-08-08T14:01:06+00:00,UNALLOCATED,,,,,
SLCMP585-1447,1447,1447,288572351,2^288572351-1,STRUCTURAL_SCREEN_EXHAUSTED_PRIMALITY_UNASSIGNED,GF3A_DIRECTIONAL_WRITE_EXHAUSTED_PRIMALITY_UNASSIGNED,514,512,512,NO_RECORDED_FACTOR_PRP_OR_LL_RESULT_AND_NO_ACTIVE_GIMPS_ASSIGNMENT,2026-08-08T14:01:06+00:00,UNALLOCATED,,,,,
SLCMP585-1448,1448,1448,288572353,2^288572353-1,STRUCTURAL_SCREEN_EXHAUSTED_PRIMALITY_UNASSIGNED,GF3A_DIRECTIONAL_WRITE_EXHAUSTED_PRIMALITY_UNASSIGNED,513,512,512,NO_RECORDED_FACTOR_PRP_OR_LL_RESULT_AND_NO_ACTIVE_GIMPS_ASSIGNMENT,2026-08-08T14:01:06+00:00,UNALLOCATED,,,,,
SLCMP585-1449,1449,1449,288572411,2^288572411-1,STRUCTURAL_SCREEN_EXHAUSTED_PRIMALITY_UNASSIGNED,GF3A_DIRECTIONAL_WRITE_EXHAUSTED_PRIMALITY_UNASSIGNED,514,512,512,NO_RECORDED_FACTOR_PRP_OR_LL_RESULT_AND_NO_ACTIVE_GIMPS_ASSIGNMENT,2026-08-08T14:01:06+00:00,UNALLOCATED,,,,,
SLCMP585-1450,1450,1450,288572419,2^288572419-1,STRUCTURAL_SCREEN_EXHAUSTED_PRIMALITY_UNASSIGNED,GF3A_DIRECTIONAL_WRITE_EXHAUSTED_PRIMALITY_UNASSIGNED,514,512,512,NO_RECORDED_FACTOR_PRP_OR_LL_RESULT_AND_NO_ACTIVE_GIMPS_ASSIGNMENT,2026-08-08T14:01:06+00:00,UNALLOCATED,,,,,
SLCMP585-1451,1451,1451,288572497,2^288572497-1,STRUCTURAL_SCREEN_EXHAUSTED_PRIMALITY_UNASSIGNED,GF3A_DIRECTIONAL_WRITE_EXHAUSTED_PRIMALITY_UNASSIGNED,513,512,512,NO_RECORDED_FACTOR_PRP_OR_LL_RESULT_AND_NO_ACTIVE_GIMPS_ASSIGNMENT,2026-08-08T14:01:06+00:00,UNALLOCATED,,,,,
SLCMP585-1452,1452,1452,288572617,2^288572617-1,STRUCTURAL_SCREEN_EXHAUSTED_PRIMALITY_UNASSIGNED,GF3A_DIRECTIONAL_WRITE_EXHAUSTED_PRIMALITY_UNASSIGNED,513,512,512,NO_RECORDED_FACTOR_PRP_OR_LL_RESULT_AND_NO_ACTIVE_GIMPS_ASSIGNMENT,2026-08-08T14:01:06+00:00,UNALLOCATED,,,,,
SLCMP585-1453,1453,1453,288572803,2^288572803-1,STRUCTURAL_SCREEN_EXHAUSTED_PRIMALITY_UNASSIGNED,GF3A_DIRECTIONAL_WRITE_EXHAUSTED_PRIMALITY_UNASSIGNED,514,512,512,NO_RECORDED_FACTOR_PRP_OR_LL_RESULT_AND_NO_ACTIVE_GIMPS_ASSIGNMENT,2026-08-08T14:01:06+00:00,UNALLOCATED,,,,,
SLCMP585-1454,1454,1454,288572821,2^288572821-1,STRUCTURAL_SCREEN_EXHAUSTED_PRIMALITY_UNASSIGNED,GF3A_DIRECTIONAL_WRITE_EXHAUSTED_PRIMALITY_UNASSIGNED,513,512,512,NO_RECORDED_FACTOR_PRP_OR_LL_RESULT_AND_NO_ACTIVE_GIMPS_ASSIGNMENT,2026-08-08T14:01:06+00:00,UNALLOCATED,,,,,
SLCMP585-1455,1455,1455,288572873,2^288572873-1,STRUCTURAL_SCREEN_EXHAUSTED_PRIMALITY_UNASSIGNED,GF3A_DIRECTIONAL_WRITE_EXHAUSTED_PRIMALITY_UNASSIGNED,513,512,512,NO_RECORDED_FACTOR_PRP_OR_LL_RESULT_AND_NO_ACTIVE_GIMPS_ASSIGNMENT,2026-08-08T14:01:06+00:00,UNALLOCATED,,,,,
SLCMP585-1456,1456,1456,288572941,2^288572941-1,STRUCTURAL_SCREEN_EXHAUSTED_PRIMALITY_UNASSIGNED,GF3A_DIRECTIONAL_WRITE_EXHAUSTED_PRIMALITY_UNASSIGNED,513,512,512,NO_RECORDED_FACTOR_PRP_OR_LL_RESULT_AND_NO_ACTIVE_GIMPS_ASSIGNMENT,2026-08-08T14:01:06+00:00,UNALLOCATED,,,,,
SLCMP585-1457,1457,1457,288572951,2^288572951-1,STRUCTURAL_SCREEN_EXHAUSTED_PRIMALITY_UNASSIGNED,GF3A_DIRECTIONAL_WRITE_EXHAUSTED_PRIMALITY_UNASSIGNED,514,512,512,NO_RECORDED_FACTOR_PRP_OR_LL_RESULT_AND_NO_ACTIVE_GIMPS_ASSIGNMENT,2026-08-08T14:01:06+00:00,UNALLOCATED,,,,,
SLCMP585-1458,1458,1458,288572971,2^288572971-1,STRUCTURAL_SCREEN_EXHAUSTED_PRIMALITY_UNASSIGNED,GF3A_DIRECTIONAL_WRITE_EXHAUSTED_PRIMALITY_UNASSIGNED,514,512,512,NO_RECORDED_FACTOR_PRP_OR_LL_RESULT_AND_NO_ACTIVE_GIMPS_ASSIGNMENT,2026-08-08T14:01:06+00:00,UNALLOCATED,,,,,
SLCMP585-1459,1459,1459,288573001,2^288573001-1,STRUCTURAL_SCREEN_EXHAUSTED_PRIMALITY_UNASSIGNED,GF3A_DIRECTIONAL_WRITE_EXHAUSTED_PRIMALITY_UNASSIGNED,513,512,512,NO_RECORDED_FACTOR_PRP_OR_LL_RESULT_AND_NO_ACTIVE_GIMPS_ASSIGNMENT,2026-08-08T14:01:06+00:00,UNALLOCATED,,,,,
SLCMP585-1460,1460,1460,288573013,2^288573013-1,STRUCTURAL_SCREEN_EXHAUSTED_PRIMALITY_UNASSIGNED,GF3A_DIRECTIONAL_WRITE_EXHAUSTED_PRIMALITY_UNASSIGNED,513,512,512,NO_RECORDED_FACTOR_PRP_OR_LL_RESULT_AND_NO_ACTIVE_GIMPS_ASSIGNMENT,2026-08-08T14:01:06+00:00,UNALLOCATED,,,,,
SLCMP585-1461,1461,1461,288573097,2^288573097-1,STRUCTURAL_SCREEN_EXHAUSTED_PRIMALITY_UNASSIGNED,GF3A_DIRECTIONAL_WRITE_EXHAUSTED_PRIMALITY_UNASSIGNED,513,512,512,NO_RECORDED_FACTOR_PRP_OR_LL_RESULT_AND_NO_ACTIVE_GIMPS_ASSIGNMENT,2026-08-08T14:01:06+00:00,UNALLOCATED,,,,,
SLCMP585-1462,1462,1462,288573133,2^288573133-1,STRUCTURAL_SCREEN_EXHAUSTED_PRIMALITY_UNASSIGNED,GF3A_DIRECTIONAL_WRITE_EXHAUSTED_PRIMALITY_UNASSIGNED,513,512,512,NO_RECORDED_FACTOR_PRP_OR_LL_RESULT_AND_NO_ACTIVE_GIMPS_ASSIGNMENT,2026-08-08T14:01:06+00:00,UNALLOCATED,,,,,
SLCMP585-1463,1463,1463,288573139,2^288573139-1,STRUCTURAL_SCREEN_EXHAUSTED_PRIMALITY_UNASSIGNED,GF3A_DIRECTIONAL_WRITE_EXHAUSTED_PRIMALITY_UNASSIGNED,514,512,512,NO_RECORDED_FACTOR_PRP_OR_LL_RESULT_AND_NO_ACTIVE_GIMPS_ASSIGNMENT,2026-08-08T14:01:06+00:00,UNALLOCATED,,,,,
SLCMP585-1464,1464,1464,288573151,2^288573151-1,STRUCTURAL_SCREEN_EXHAUSTED_PRIMALITY_UNASSIGNED,GF3A_DIRECTIONAL_WRITE_EXHAUSTED_PRIMALITY_UNASSIGNED,514,512,512,NO_RECORDED_FACTOR_PRP_OR_LL_RESULT_AND_NO_ACTIVE_GIMPS_ASSIGNMENT,2026-08-08T14:01:06+00:00,UNALLOCATED,,,,,
SLCMP585-1465,1465,1465,288573163,2^288573163-1,STRUCTURAL_SCREEN_EXHAUSTED_PRIMALITY_UNASSIGNED,GF3A_DIRECTIONAL_WRITE_EXHAUSTED_PRIMALITY_UNASSIGNED,514,512,512,NO_RECORDED_FACTOR_PRP_OR_LL_RESULT_AND_NO_ACTIVE_GIMPS_ASSIGNMENT,2026-08-08T14:01:06+00:00,UNALLOCATED,,,,,
SLCMP585-1466,1466,1466,288573191,2^288573191-1,STRUCTURAL_SCREEN_EXHAUSTED_PRIMALITY_UNASSIGNED,GF3A_DIRECTIONAL_WRITE_EXHAUSTED_PRIMALITY_UNASSIGNED,514,512,512,NO_RECORDED_FACTOR_PRP_OR_LL_RESULT_AND_NO_ACTIVE_GIMPS_ASSIGNMENT,2026-08-08T14:01:06+00:00,UNALLOCATED,,,,,
SLCMP585-1467,1467,1467,288573223,2^288573223-1,STRUCTURAL_SCREEN_EXHAUSTED_PRIMALITY_UNASSIGNED,GF3A_DIRECTIONAL_WRITE_EXHAUSTED_PRIMALITY_UNASSIGNED,514,512,512,NO_RECORDED_FACTOR_PRP_OR_LL_RESULT_AND_NO_ACTIVE_GIMPS_ASSIGNMENT,2026-08-08T14:01:06+00:00,UNALLOCATED,,,,,
SLCMP585-1468,1468,1468,288573359,2^288573359-1,STRUCTURAL_SCREEN_EXHAUSTED_PRIMALITY_UNASSIGNED,GF3A_DIRECTIONAL_WRITE_EXHAUSTED_PRIMALITY_UNASSIGNED,514,512,512,NO_RECORDED_FACTOR_PRP_OR_LL_RESULT_AND_NO_ACTIVE_GIMPS_ASSIGNMENT,2026-08-08T14:01:06+00:00,UNALLOCATED,,,,,
SLCMP585-1469,1469,1469,288573361,2^288573361-1,STRUCTURAL_SCREEN_EXHAUSTED_PRIMALITY_UNASSIGNED,GF3A_DIRECTIONAL_WRITE_EXHAUSTED_PRIMALITY_UNASSIGNED,513,512,512,NO_RECORDED_FACTOR_PRP_OR_LL_RESULT_AND_NO_ACTIVE_GIMPS_ASSIGNMENT,2026-08-08T14:01:06+00:00,UNALLOCATED,,,,,
SLCMP585-1470,1470,1470,288573377,2^288573377-1,STRUCTURAL_SCREEN_EXHAUSTED_PRIMALITY_UNASSIGNED,GF3A_DIRECTIONAL_WRITE_EXHAUSTED_PRIMALITY_UNASSIGNED,513,512,512,NO_RECORDED_FACTOR_PRP_OR_LL_RESULT_AND_NO_ACTIVE_GIMPS_ASSIGNMENT,2026-08-08T14:01:06+00:00,UNALLOCATED,,,,,
SLCMP585-1471,1471,1471,288573469,2^288573469-1,STRUCTURAL_SCREEN_EXHAUSTED_PRIMALITY_UNASSIGNED,GF3A_DIRECTIONAL_WRITE_EXHAUSTED_PRIMALITY_UNASSIGNED,513,512,512,NO_RECORDED_FACTOR_PRP_OR_LL_RESULT_AND_NO_ACTIVE_GIMPS_ASSIGNMENT,2026-08-08T14:01:06+00:00,UNALLOCATED,,,,,
SLCMP585-1472,1472,1472,288573497,2^288573497-1,STRUCTURAL_SCREEN_EXHAUSTED_PRIMALITY_UNASSIGNED,GF3A_DIRECTIONAL_WRITE_EXHAUSTED_PRIMALITY_UNASSIGNED,513,512,512,NO_RECORDED_FACTOR_PRP_OR_LL_RESULT_AND_NO_ACTIVE_GIMPS_ASSIGNMENT,2026-08-08T14:01:06+00:00,UNALLOCATED,,,,,
SLCMP585-1473,1473,1473,288573583,2^288573583-1,STRUCTURAL_SCREEN_EXHAUSTED_PRIMALITY_UNASSIGNED,GF3A_DIRECTIONAL_WRITE_EXHAUSTED_PRIMALITY_UNASSIGNED,514,512,512,NO_RECORDED_FACTOR_PRP_OR_LL_RESULT_AND_NO_ACTIVE_GIMPS_ASSIGNMENT,2026-08-08T14:01:06+00:00,UNALLOCATED,,,,,
SLCMP585-1474,1474,1474,288573611,2^288573611-1,STRUCTURAL_SCREEN_EXHAUSTED_PRIMALITY_UNASSIGNED,GF3A_DIRECTIONAL_WRITE_EXHAUSTED_PRIMALITY_UNASSIGNED,514,512,512,NO_RECORDED_FACTOR_PRP_OR_LL_RESULT_AND_NO_ACTIVE_GIMPS_ASSIGNMENT,2026-08-08T14:01:06+00:00,UNALLOCATED,,,,,
SLCMP585-1475,1475,1475,288573613,2^288573613-1,STRUCTURAL_SCREEN_EXHAUSTED_PRIMALITY_UNASSIGNED,GF3A_DIRECTIONAL_WRITE_EXHAUSTED_PRIMALITY_UNASSIGNED,513,512,512,NO_RECORDED_FACTOR_PRP_OR_LL_RESULT_AND_NO_ACTIVE_GIMPS_ASSIGNMENT,2026-08-08T14:01:06+00:00,UNALLOCATED,,,,,
SLCMP585-1476,1476,1476,288573683,2^288573683-1,STRUCTURAL_SCREEN_EXHAUSTED_PRIMALITY_UNASSIGNED,GF3A_DIRECTIONAL_WRITE_EXHAUSTED_PRIMALITY_UNASSIGNED,514,512,512,NO_RECORDED_FACTOR_PRP_OR_LL_RESULT_AND_NO_ACTIVE_GIMPS_ASSIGNMENT,2026-08-08T14:01:06+00:00,UNALLOCATED,,,,,
SLCMP585-1477,1477,1477,288573821,2^288573821-1,STRUCTURAL_SCREEN_EXHAUSTED_PRIMALITY_UNASSIGNED,GF3A_DIRECTIONAL_WRITE_EXHAUSTED_PRIMALITY_UNASSIGNED,513,512,512,NO_RECORDED_FACTOR_PRP_OR_LL_RESULT_AND_NO_ACTIVE_GIMPS_ASSIGNMENT,2026-08-08T14:01:06+00:00,UNALLOCATED,,,,,
SLCMP585-1478,1478,1478,288573833,2^288573833-1,STRUCTURAL_SCREEN_EXHAUSTED_PRIMALITY_UNASSIGNED,GF3A_DIRECTIONAL_WRITE_EXHAUSTED_PRIMALITY_UNASSIGNED,513,512,512,NO_RECORDED_FACTOR_PRP_OR_LL_RESULT_AND_NO_ACTIVE_GIMPS_ASSIGNMENT,2026-08-08T14:01:06+00:00,UNALLOCATED,,,,,
SLCMP585-1479,1479,1479,288573853,2^288573853-1,STRUCTURAL_SCREEN_EXHAUSTED_PRIMALITY_UNASSIGNED,GF3A_DIRECTIONAL_WRITE_EXHAUSTED_PRIMALITY_UNASSIGNED,513,512,512,NO_RECORDED_FACTOR_PRP_OR_LL_RESULT_AND_NO_ACTIVE_GIMPS_ASSIGNMENT,2026-08-08T14:01:06+00:00,UNALLOCATED,,,,,
SLCMP585-1480,1480,1480,288573877,2^288573877-1,STRUCTURAL_SCREEN_EXHAUSTED_PRIMALITY_UNASSIGNED,GF3A_DIRECTIONAL_WRITE_EXHAUSTED_PRIMALITY_UNASSIGNED,513,512,512,NO_RECORDED_FACTOR_PRP_OR_LL_RESULT_AND_NO_ACTIVE_GIMPS_ASSIGNMENT,2026-08-08T14:01:06+00:00,UNALLOCATED,,,,,
SLCMP585-1481,1481,1481,288573889,2^288573889-1,STRUCTURAL_SCREEN_EXHAUSTED_PRIMALITY_UNASSIGNED,GF3A_DIRECTIONAL_WRITE_EXHAUSTED_PRIMALITY_UNASSIGNED,513,512,512,NO_RECORDED_FACTOR_PRP_OR_LL_RESULT_AND_NO_ACTIVE_GIMPS_ASSIGNMENT,2026-08-08T14:01:06+00:00,UNALLOCATED,,,,,
SLCMP585-1482,1482,1482,288573907,2^288573907-1,STRUCTURAL_SCREEN_EXHAUSTED_PRIMALITY_UNASSIGNED,GF3A_DIRECTIONAL_WRITE_EXHAUSTED_PRIMALITY_UNASSIGNED,514,512,512,NO_RECORDED_FACTOR_PRP_OR_LL_RESULT_AND_NO_ACTIVE_GIMPS_ASSIGNMENT,2026-08-08T14:01:06+00:00,UNALLOCATED,,,,,
SLCMP585-1483,1483,1483,288573979,2^288573979-1,STRUCTURAL_SCREEN_EXHAUSTED_PRIMALITY_UNASSIGNED,GF3A_DIRECTIONAL_WRITE_EXHAUSTED_PRIMALITY_UNASSIGNED,514,512,512,NO_RECORDED_FACTOR_PRP_OR_LL_RESULT_AND_NO_ACTIVE_GIMPS_ASSIGNMENT,2026-08-08T14:01:06+00:00,UNALLOCATED,,,,,
SLCMP585-1484,1484,1484,288574043,2^288574043-1,STRUCTURAL_SCREEN_EXHAUSTED_PRIMALITY_UNASSIGNED,GF3A_DIRECTIONAL_WRITE_EXHAUSTED_PRIMALITY_UNASSIGNED,514,512,512,NO_RECORDED_FACTOR_PRP_OR_LL_RESULT_AND_NO_ACTIVE_GIMPS_ASSIGNMENT,2026-08-08T14:01:06+00:00,UNALLOCATED,,,,,
SLCMP585-1485,1485,1485,288574049,2^288574049-1,STRUCTURAL_SCREEN_EXHAUSTED_PRIMALITY_UNASSIGNED,GF3A_DIRECTIONAL_WRITE_EXHAUSTED_PRIMALITY_UNASSIGNED,513,512,512,NO_RECORDED_FACTOR_PRP_OR_LL_RESULT_AND_NO_ACTIVE_GIMPS_ASSIGNMENT,2026-08-08T14:01:06+00:00,UNALLOCATED,,,,,
SLCMP585-1486,1486,1486,288574057,2^288574057-1,STRUCTURAL_SCREEN_EXHAUSTED_PRIMALITY_UNASSIGNED,GF3A_DIRECTIONAL_WRITE_EXHAUSTED_PRIMALITY_UNASSIGNED,513,512,512,NO_RECORDED_FACTOR_PRP_OR_LL_RESULT_AND_NO_ACTIVE_GIMPS_ASSIGNMENT,2026-08-08T14:01:06+00:00,UNALLOCATED,,,,,
SLCMP585-1487,1487,1487,288574087,2^288574087-1,STRUCTURAL_SCREEN_EXHAUSTED_PRIMALITY_UNASSIGNED,GF3A_DIRECTIONAL_WRITE_EXHAUSTED_PRIMALITY_UNASSIGNED,514,512,512,NO_RECORDED_FACTOR_PRP_OR_LL_RESULT_AND_NO_ACTIVE_GIMPS_ASSIGNMENT,2026-08-08T14:01:06+00:00,UNALLOCATED,,,,,
SLCMP585-1488,1488,1488,288574243,2^288574243-1,STRUCTURAL_SCREEN_EXHAUSTED_PRIMALITY_UNASSIGNED,GF3A_DIRECTIONAL_WRITE_EXHAUSTED_PRIMALITY_UNASSIGNED,514,512,512,NO_RECORDED_FACTOR_PRP_OR_LL_RESULT_AND_NO_ACTIVE_GIMPS_ASSIGNMENT,2026-08-08T14:01:06+00:00,UNALLOCATED,,,,,
SLCMP585-1489,1489,1489,288574289,2^288574289-1,STRUCTURAL_SCREEN_EXHAUSTED_PRIMALITY_UNASSIGNED,GF3A_DIRECTIONAL_WRITE_EXHAUSTED_PRIMALITY_UNASSIGNED,513,512,512,NO_RECORDED_FACTOR_PRP_OR_LL_RESULT_AND_NO_ACTIVE_GIMPS_ASSIGNMENT,2026-08-08T14:01:06+00:00,UNALLOCATED,,,,,
SLCMP585-1490,1490,1490,288574301,2^288574301-1,STRUCTURAL_SCREEN_EXHAUSTED_PRIMALITY_UNASSIGNED,GF3A_DIRECTIONAL_WRITE_EXHAUSTED_PRIMALITY_UNASSIGNED,513,512,512,NO_RECORDED_FACTOR_PRP_OR_LL_RESULT_AND_NO_ACTIVE_GIMPS_ASSIGNMENT,2026-08-08T14:01:06+00:00,UNALLOCATED,,,,,
SLCMP585-1491,1491,1491,288574367,2^288574367-1,STRUCTURAL_SCREEN_EXHAUSTED_PRIMALITY_UNASSIGNED,GF3A_DIRECTIONAL_WRITE_EXHAUSTED_PRIMALITY_UNASSIGNED,514,512,512,NO_RECORDED_FACTOR_PRP_OR_LL_RESULT_AND_NO_ACTIVE_GIMPS_ASSIGNMENT,2026-08-08T14:01:06+00:00,UNALLOCATED,,,,,
SLCMP585-1492,1492,1492,288574393,2^288574393-1,STRUCTURAL_SCREEN_EXHAUSTED_PRIMALITY_UNASSIGNED,GF3A_DIRECTIONAL_WRITE_EXHAUSTED_PRIMALITY_UNASSIGNED,513,512,512,NO_RECORDED_FACTOR_PRP_OR_LL_RESULT_AND_NO_ACTIVE_GIMPS_ASSIGNMENT,2026-08-08T14:01:06+00:00,UNALLOCATED,,,,,
SLCMP585-1493,1493,1493,288574423,2^288574423-1,STRUCTURAL_SCREEN_EXHAUSTED_PRIMALITY_UNASSIGNED,GF3A_DIRECTIONAL_WRITE_EXHAUSTED_PRIMALITY_UNASSIGNED,514,512,512,NO_RECORDED_FACTOR_PRP_OR_LL_RESULT_AND_NO_ACTIVE_GIMPS_ASSIGNMENT,2026-08-08T14:01:06+00:00,UNALLOCATED,,,,,
SLCMP585-1494,1494,1494,288574511,2^288574511-1,STRUCTURAL_SCREEN_EXHAUSTED_PRIMALITY_UNASSIGNED,GF3A_DIRECTIONAL_WRITE_EXHAUSTED_PRIMALITY_UNASSIGNED,514,512,512,NO_RECORDED_FACTOR_PRP_OR_LL_RESULT_AND_NO_ACTIVE_GIMPS_ASSIGNMENT,2026-08-08T14:01:06+00:00,UNALLOCATED,,,,,
SLCMP585-1495,1495,1495,288574571,2^288574571-1,STRUCTURAL_SCREEN_EXHAUSTED_PRIMALITY_UNASSIGNED,GF3A_DIRECTIONAL_WRITE_EXHAUSTED_PRIMALITY_UNASSIGNED,514,512,512,NO_RECORDED_FACTOR_PRP_OR_LL_RESULT_AND_NO_ACTIVE_GIMPS_ASSIGNMENT,2026-08-08T14:01:06+00:00,UNALLOCATED,,,,,
SLCMP585-1496,1496,1496,288574577,2^288574577-1,STRUCTURAL_SCREEN_EXHAUSTED_PRIMALITY_UNASSIGNED,GF3A_DIRECTIONAL_WRITE_EXHAUSTED_PRIMALITY_UNASSIGNED,513,512,512,NO_RECORDED_FACTOR_PRP_OR_LL_RESULT_AND_NO_ACTIVE_GIMPS_ASSIGNMENT,2026-08-08T14:01:06+00:00,UNALLOCATED,,,,,
SLCMP585-1497,1497,1497,288574633,2^288574633-1,STRUCTURAL_SCREEN_EXHAUSTED_PRIMALITY_UNASSIGNED,GF3A_DIRECTIONAL_WRITE_EXHAUSTED_PRIMALITY_UNASSIGNED,513,512,512,NO_RECORDED_FACTOR_PRP_OR_LL_RESULT_AND_NO_ACTIVE_GIMPS_ASSIGNMENT,2026-08-08T14:01:06+00:00,UNALLOCATED,,,,,
SLCMP585-1498,1498,1498,288574667,2^288574667-1,STRUCTURAL_SCREEN_EXHAUSTED_PRIMALITY_UNASSIGNED,GF3A_DIRECTIONAL_WRITE_EXHAUSTED_PRIMALITY_UNASSIGNED,514,512,512,NO_RECORDED_FACTOR_PRP_OR_LL_RESULT_AND_NO_ACTIVE_GIMPS_ASSIGNMENT,2026-08-08T14:01:06+00:00,UNALLOCATED,,,,,
SLCMP585-1499,1499,1499,288574681,2^288574681-1,STRUCTURAL_SCREEN_EXHAUSTED_PRIMALITY_UNASSIGNED,GF3A_DIRECTIONAL_WRITE_EXHAUSTED_PRIMALITY_UNASSIGNED,513,512,512,NO_RECORDED_FACTOR_PRP_OR_LL_RESULT_AND_NO_ACTIVE_GIMPS_ASSIGNMENT,2026-08-08T14:01:06+00:00,UNALLOCATED,,,,,
SLCMP585-1500,1500,1500,288574751,2^288574751-1,STRUCTURAL_SCREEN_EXHAUSTED_PRIMALITY_UNASSIGNED,GF3A_DIRECTIONAL_WRITE_EXHAUSTED_PRIMALITY_UNASSIGNED,514,512,512,NO_RECORDED_FACTOR_PRP_OR_LL_RESULT_AND_NO_ACTIVE_GIMPS_ASSIGNMENT,2026-08-08T14:01:06+00:00,UNALLOCATED,,,,,
SLCMP585-1501,1501,1501,288574873,2^288574873-1,STRUCTURAL_SCREEN_EXHAUSTED_PRIMALITY_UNASSIGNED,GF3A_DIRECTIONAL_WRITE_EXHAUSTED_PRIMALITY_UNASSIGNED,513,512,512,NO_RECORDED_FACTOR_PRP_OR_LL_RESULT_AND_NO_ACTIVE_GIMPS_ASSIGNMENT,2026-08-08T14:01:06+00:00,UNALLOCATED,,,,,
SLCMP585-1502,1502,1502,288574879,2^288574879-1,STRUCTURAL_SCREEN_EXHAUSTED_PRIMALITY_UNASSIGNED,GF3A_DIRECTIONAL_WRITE_EXHAUSTED_PRIMALITY_UNASSIGNED,514,512,512,NO_RECORDED_FACTOR_PRP_OR_LL_RESULT_AND_NO_ACTIVE_GIMPS_ASSIGNMENT,2026-08-08T14:01:06+00:00,UNALLOCATED,,,,,
SLCMP585-1503,1503,1503,288574901,2^288574901-1,STRUCTURAL_SCREEN_EXHAUSTED_PRIMALITY_UNASSIGNED,GF3A_DIRECTIONAL_WRITE_EXHAUSTED_PRIMALITY_UNASSIGNED,513,512,512,NO_RECORDED_FACTOR_PRP_OR_LL_RESULT_AND_NO_ACTIVE_GIMPS_ASSIGNMENT,2026-08-08T14:01:06+00:00,UNALLOCATED,,,,,
SLCMP585-1504,1504,1504,288574961,2^288574961-1,STRUCTURAL_SCREEN_EXHAUSTED_PRIMALITY_UNASSIGNED,GF3A_DIRECTIONAL_WRITE_EXHAUSTED_PRIMALITY_UNASSIGNED,513,512,512,NO_RECORDED_FACTOR_PRP_OR_LL_RESULT_AND_NO_ACTIVE_GIMPS_ASSIGNMENT,2026-08-08T14:01:06+00:00,UNALLOCATED,,,,,
SLCMP585-1505,1505,1505,288574973,2^288574973-1,STRUCTURAL_SCREEN_EXHAUSTED_PRIMALITY_UNASSIGNED,GF3A_DIRECTIONAL_WRITE_EXHAUSTED_PRIMALITY_UNASSIGNED,513,512,512,NO_RECORDED_FACTOR_PRP_OR_LL_RESULT_AND_NO_ACTIVE_GIMPS_ASSIGNMENT,2026-08-08T14:01:06+00:00,UNALLOCATED,,,,,
SLCMP585-1506,1506,1506,288575003,2^288575003-1,STRUCTURAL_SCREEN_EXHAUSTED_PRIMALITY_UNASSIGNED,GF3A_DIRECTIONAL_WRITE_EXHAUSTED_PRIMALITY_UNASSIGNED,514,512,512,NO_RECORDED_FACTOR_PRP_OR_LL_RESULT_AND_NO_ACTIVE_GIMPS_ASSIGNMENT,2026-08-08T14:01:06+00:00,UNALLOCATED,,,,,
SLCMP585-1507,1507,1507,288575033,2^288575033-1,STRUCTURAL_SCREEN_EXHAUSTED_PRIMALITY_UNASSIGNED,GF3A_DIRECTIONAL_WRITE_EXHAUSTED_PRIMALITY_UNASSIGNED,513,512,512,NO_RECORDED_FACTOR_PRP_OR_LL_RESULT_AND_NO_ACTIVE_GIMPS_ASSIGNMENT,2026-08-08T14:01:06+00:00,UNALLOCATED,,,,,
SLCMP585-1508,1508,1508,288575057,2^288575057-1,STRUCTURAL_SCREEN_EXHAUSTED_PRIMALITY_UNASSIGNED,GF3A_DIRECTIONAL_WRITE_EXHAUSTED_PRIMALITY_UNASSIGNED,513,512,512,NO_RECORDED_FACTOR_PRP_OR_LL_RESULT_AND_NO_ACTIVE_GIMPS_ASSIGNMENT,2026-08-08T14:01:06+00:00,UNALLOCATED,,,,,
SLCMP585-1509,1509,1509,288575069,2^288575069-1,STRUCTURAL_SCREEN_EXHAUSTED_PRIMALITY_UNASSIGNED,GF3A_DIRECTIONAL_WRITE_EXHAUSTED_PRIMALITY_UNASSIGNED,513,512,512,NO_RECORDED_FACTOR_PRP_OR_LL_RESULT_AND_NO_ACTIVE_GIMPS_ASSIGNMENT,2026-08-08T14:01:06+00:00,UNALLOCATED,,,,,
SLCMP585-1510,1510,1510,288575167,2^288575167-1,STRUCTURAL_SCREEN_EXHAUSTED_PRIMALITY_UNASSIGNED,GF3A_DIRECTIONAL_WRITE_EXHAUSTED_PRIMALITY_UNASSIGNED,514,512,512,NO_RECORDED_FACTOR_PRP_OR_LL_RESULT_AND_NO_ACTIVE_GIMPS_ASSIGNMENT,2026-08-08T14:01:06+00:00,UNALLOCATED,,,,,
SLCMP585-1511,1511,1511,288575171,2^288575171-1,STRUCTURAL_SCREEN_EXHAUSTED_PRIMALITY_UNASSIGNED,GF3A_DIRECTIONAL_WRITE_EXHAUSTED_PRIMALITY_UNASSIGNED,514,512,512,NO_RECORDED_FACTOR_PRP_OR_LL_RESULT_AND_NO_ACTIVE_GIMPS_ASSIGNMENT,2026-08-08T14:01:06+00:00,UNALLOCATED,,,,,
SLCMP585-1512,1512,1512,288575191,2^288575191-1,STRUCTURAL_SCREEN_EXHAUSTED_PRIMALITY_UNASSIGNED,GF3A_DIRECTIONAL_WRITE_EXHAUSTED_PRIMALITY_UNASSIGNED,514,512,512,NO_RECORDED_FACTOR_PRP_OR_LL_RESULT_AND_NO_ACTIVE_GIMPS_ASSIGNMENT,2026-08-08T14:01:06+00:00,UNALLOCATED,,,,,
SLCMP585-1513,1513,1513,288575299,2^288575299-1,STRUCTURAL_SCREEN_EXHAUSTED_PRIMALITY_UNASSIGNED,GF3A_DIRECTIONAL_WRITE_EXHAUSTED_PRIMALITY_UNASSIGNED,514,512,512,NO_RECORDED_FACTOR_PRP_OR_LL_RESULT_AND_NO_ACTIVE_GIMPS_ASSIGNMENT,2026-08-08T14:01:06+00:00,UNALLOCATED,,,,,
SLCMP585-1514,1514,1514,288575389,2^288575389-1,STRUCTURAL_SCREEN_EXHAUSTED_PRIMALITY_UNASSIGNED,GF3A_DIRECTIONAL_WRITE_EXHAUSTED_PRIMALITY_UNASSIGNED,513,512,512,NO_RECORDED_FACTOR_PRP_OR_LL_RESULT_AND_NO_ACTIVE_GIMPS_ASSIGNMENT,2026-08-08T14:01:06+00:00,UNALLOCATED,,,,,
SLCMP585-1515,1515,1515,288575449,2^288575449-1,STRUCTURAL_SCREEN_EXHAUSTED_PRIMALITY_UNASSIGNED,GF3A_DIRECTIONAL_WRITE_EXHAUSTED_PRIMALITY_UNASSIGNED,513,512,512,NO_RECORDED_FACTOR_PRP_OR_LL_RESULT_AND_NO_ACTIVE_GIMPS_ASSIGNMENT,2026-08-08T14:01:06+00:00,UNALLOCATED,,,,,
SLCMP585-1516,1516,1516,288575461,2^288575461-1,STRUCTURAL_SCREEN_EXHAUSTED_PRIMALITY_UNASSIGNED,GF3A_DIRECTIONAL_WRITE_EXHAUSTED_PRIMALITY_UNASSIGNED,513,512,512,NO_RECORDED_FACTOR_PRP_OR_LL_RESULT_AND_NO_ACTIVE_GIMPS_ASSIGNMENT,2026-08-08T14:01:06+00:00,UNALLOCATED,,,,,
SLCMP585-1517,1517,1517,288575473,2^288575473-1,STRUCTURAL_SCREEN_EXHAUSTED_PRIMALITY_UNASSIGNED,GF3A_DIRECTIONAL_WRITE_EXHAUSTED_PRIMALITY_UNASSIGNED,513,512,512,NO_RECORDED_FACTOR_PRP_OR_LL_RESULT_AND_NO_ACTIVE_GIMPS_ASSIGNMENT,2026-08-08T14:01:06+00:00,UNALLOCATED,,,,,
SLCMP585-1518,1518,1518,288575489,2^288575489-1,STRUCTURAL_SCREEN_EXHAUSTED_PRIMALITY_UNASSIGNED,GF3A_DIRECTIONAL_WRITE_EXHAUSTED_PRIMALITY_UNASSIGNED,513,512,512,NO_RECORDED_FACTOR_PRP_OR_LL_RESULT_AND_NO_ACTIVE_GIMPS_ASSIGNMENT,2026-08-08T14:01:06+00:00,UNALLOCATED,,,,,
SLCMP585-1519,1519,1519,288575533,2^288575533-1,STRUCTURAL_SCREEN_EXHAUSTED_PRIMALITY_UNASSIGNED,GF3A_DIRECTIONAL_WRITE_EXHAUSTED_PRIMALITY_UNASSIGNED,513,512,512,NO_RECORDED_FACTOR_PRP_OR_LL_RESULT_AND_NO_ACTIVE_GIMPS_ASSIGNMENT,2026-08-08T14:01:06+00:00,UNALLOCATED,,,,,
SLCMP585-1520,1520,1520,288575557,2^288575557-1,STRUCTURAL_SCREEN_EXHAUSTED_PRIMALITY_UNASSIGNED,GF3A_DIRECTIONAL_WRITE_EXHAUSTED_PRIMALITY_UNASSIGNED,513,512,512,NO_RECORDED_FACTOR_PRP_OR_LL_RESULT_AND_NO_ACTIVE_GIMPS_ASSIGNMENT,2026-08-08T14:01:06+00:00,UNALLOCATED,,,,,
SLCMP585-1521,1521,1521,288575659,2^288575659-1,STRUCTURAL_SCREEN_EXHAUSTED_PRIMALITY_UNASSIGNED,GF3A_DIRECTIONAL_WRITE_EXHAUSTED_PRIMALITY_UNASSIGNED,514,512,512,NO_RECORDED_FACTOR_PRP_OR_LL_RESULT_AND_NO_ACTIVE_GIMPS_ASSIGNMENT,2026-08-08T14:01:06+00:00,UNALLOCATED,,,,,
SLCMP585-1522,1522,1522,288575669,2^288575669-1,STRUCTURAL_SCREEN_EXHAUSTED_PRIMALITY_UNASSIGNED,GF3A_DIRECTIONAL_WRITE_EXHAUSTED_PRIMALITY_UNASSIGNED,513,512,512,NO_RECORDED_FACTOR_PRP_OR_LL_RESULT_AND_NO_ACTIVE_GIMPS_ASSIGNMENT,2026-08-08T14:01:06+00:00,UNALLOCATED,,,,,
SLCMP585-1523,1523,1523,288575717,2^288575717-1,STRUCTURAL_SCREEN_EXHAUSTED_PRIMALITY_UNASSIGNED,GF3A_DIRECTIONAL_WRITE_EXHAUSTED_PRIMALITY_UNASSIGNED,513,512,512,NO_RECORDED_FACTOR_PRP_OR_LL_RESULT_AND_NO_ACTIVE_GIMPS_ASSIGNMENT,2026-08-08T14:01:06+00:00,UNALLOCATED,,,,,
SLCMP585-1524,1524,1524,288575809,2^288575809-1,STRUCTURAL_SCREEN_EXHAUSTED_PRIMALITY_UNASSIGNED,GF3A_DIRECTIONAL_WRITE_EXHAUSTED_PRIMALITY_UNASSIGNED,513,512,512,NO_RECORDED_FACTOR_PRP_OR_LL_RESULT_AND_NO_ACTIVE_GIMPS_ASSIGNMENT,2026-08-08T14:01:06+00:00,UNALLOCATED,,,,,
SLCMP585-1525,1525,1525,288575827,2^288575827-1,STRUCTURAL_SCREEN_EXHAUSTED_PRIMALITY_UNASSIGNED,GF3A_DIRECTIONAL_WRITE_EXHAUSTED_PRIMALITY_UNASSIGNED,514,512,512,NO_RECORDED_FACTOR_PRP_OR_LL_RESULT_AND_NO_ACTIVE_GIMPS_ASSIGNMENT,2026-08-08T14:01:06+00:00,UNALLOCATED,,,,,
SLCMP585-1526,1526,1526,288575843,2^288575843-1,STRUCTURAL_SCREEN_EXHAUSTED_PRIMALITY_UNASSIGNED,GF3A_DIRECTIONAL_WRITE_EXHAUSTED_PRIMALITY_UNASSIGNED,514,512,512,NO_RECORDED_FACTOR_PRP_OR_LL_RESULT_AND_NO_ACTIVE_GIMPS_ASSIGNMENT,2026-08-08T14:01:06+00:00,UNALLOCATED,,,,,
SLCMP585-1527,1527,1527,288575863,2^288575863-1,STRUCTURAL_SCREEN_EXHAUSTED_PRIMALITY_UNASSIGNED,GF3A_DIRECTIONAL_WRITE_EXHAUSTED_PRIMALITY_UNASSIGNED,514,512,512,NO_RECORDED_FACTOR_PRP_OR_LL_RESULT_AND_NO_ACTIVE_GIMPS_ASSIGNMENT,2026-08-08T14:01:06+00:00,UNALLOCATED,,,,,
SLCMP585-1528,1528,1528,288575909,2^288575909-1,STRUCTURAL_SCREEN_EXHAUSTED_PRIMALITY_UNASSIGNED,GF3A_DIRECTIONAL_WRITE_EXHAUSTED_PRIMALITY_UNASSIGNED,513,512,512,NO_RECORDED_FACTOR_PRP_OR_LL_RESULT_AND_NO_ACTIVE_GIMPS_ASSIGNMENT,2026-08-08T14:01:06+00:00,UNALLOCATED,,,,,
SLCMP585-1529,1529,1529,288575923,2^288575923-1,STRUCTURAL_SCREEN_EXHAUSTED_PRIMALITY_UNASSIGNED,GF3A_DIRECTIONAL_WRITE_EXHAUSTED_PRIMALITY_UNASSIGNED,514,512,512,NO_RECORDED_FACTOR_PRP_OR_LL_RESULT_AND_NO_ACTIVE_GIMPS_ASSIGNMENT,2026-08-08T14:01:06+00:00,UNALLOCATED,,,,,
SLCMP585-1530,1530,1530,288575941,2^288575941-1,STRUCTURAL_SCREEN_EXHAUSTED_PRIMALITY_UNASSIGNED,GF3A_DIRECTIONAL_WRITE_EXHAUSTED_PRIMALITY_UNASSIGNED,513,512,512,NO_RECORDED_FACTOR_PRP_OR_LL_RESULT_AND_NO_ACTIVE_GIMPS_ASSIGNMENT,2026-08-08T14:01:06+00:00,UNALLOCATED,,,,,
SLCMP585-1531,1531,1531,288575951,2^288575951-1,STRUCTURAL_SCREEN_EXHAUSTED_PRIMALITY_UNASSIGNED,GF3A_DIRECTIONAL_WRITE_EXHAUSTED_PRIMALITY_UNASSIGNED,514,512,512,NO_RECORDED_FACTOR_PRP_OR_LL_RESULT_AND_NO_ACTIVE_GIMPS_ASSIGNMENT,2026-08-08T14:01:06+00:00,UNALLOCATED,,,,,
SLCMP585-1532,1532,1532,288576011,2^288576011-1,STRUCTURAL_SCREEN_EXHAUSTED_PRIMALITY_UNASSIGNED,GF3A_DIRECTIONAL_WRITE_EXHAUSTED_PRIMALITY_UNASSIGNED,514,512,512,NO_RECORDED_FACTOR_PRP_OR_LL_RESULT_AND_NO_ACTIVE_GIMPS_ASSIGNMENT,2026-08-08T14:01:06+00:00,UNALLOCATED,,,,,
SLCMP585-1533,1533,1533,288576077,2^288576077-1,STRUCTURAL_SCREEN_EXHAUSTED_PRIMALITY_UNASSIGNED,GF3A_DIRECTIONAL_WRITE_EXHAUSTED_PRIMALITY_UNASSIGNED,513,512,512,NO_RECORDED_FACTOR_PRP_OR_LL_RESULT_AND_NO_ACTIVE_GIMPS_ASSIGNMENT,2026-08-08T14:01:06+00:00,UNALLOCATED,,,,,
SLCMP585-1534,1534,1534,288576091,2^288576091-1,STRUCTURAL_SCREEN_EXHAUSTED_PRIMALITY_UNASSIGNED,GF3A_DIRECTIONAL_WRITE_EXHAUSTED_PRIMALITY_UNASSIGNED,514,512,512,NO_RECORDED_FACTOR_PRP_OR_LL_RESULT_AND_NO_ACTIVE_GIMPS_ASSIGNMENT,2026-08-08T14:01:06+00:00,UNALLOCATED,,,,,
SLCMP585-1535,1535,1535,288576121,2^288576121-1,STRUCTURAL_SCREEN_EXHAUSTED_PRIMALITY_UNASSIGNED,GF3A_DIRECTIONAL_WRITE_EXHAUSTED_PRIMALITY_UNASSIGNED,513,512,512,NO_RECORDED_FACTOR_PRP_OR_LL_RESULT_AND_NO_ACTIVE_GIMPS_ASSIGNMENT,2026-08-08T14:01:06+00:00,UNALLOCATED,,,,,
SLCMP585-1536,1536,1536,288576229,2^288576229-1,STRUCTURAL_SCREEN_EXHAUSTED_PRIMALITY_UNASSIGNED,GF3A_DIRECTIONAL_WRITE_EXHAUSTED_PRIMALITY_UNASSIGNED,513,512,512,NO_RECORDED_FACTOR_PRP_OR_LL_RESULT_AND_NO_ACTIVE_GIMPS_ASSIGNMENT,2026-08-08T14:01:06+00:00,UNALLOCATED,,,,,
SLCMP585-1537,1537,1537,288576271,2^288576271-1,STRUCTURAL_SCREEN_EXHAUSTED_PRIMALITY_UNASSIGNED,GF3A_DIRECTIONAL_WRITE_EXHAUSTED_PRIMALITY_UNASSIGNED,514,512,512,NO_RECORDED_FACTOR_PRP_OR_LL_RESULT_AND_NO_ACTIVE_GIMPS_ASSIGNMENT,2026-08-08T14:01:06+00:00,UNALLOCATED,,,,,
SLCMP585-1538,1538,1538,288576289,2^288576289-1,STRUCTURAL_SCREEN_EXHAUSTED_PRIMALITY_UNASSIGNED,GF3A_DIRECTIONAL_WRITE_EXHAUSTED_PRIMALITY_UNASSIGNED,513,512,512,NO_RECORDED_FACTOR_PRP_OR_LL_RESULT_AND_NO_ACTIVE_GIMPS_ASSIGNMENT,2026-08-08T14:01:06+00:00,UNALLOCATED,,,,,
SLCMP585-1539,1539,1539,288576317,2^288576317-1,STRUCTURAL_SCREEN_EXHAUSTED_PRIMALITY_UNASSIGNED,GF3A_DIRECTIONAL_WRITE_EXHAUSTED_PRIMALITY_UNASSIGNED,513,512,512,NO_RECORDED_FACTOR_PRP_OR_LL_RESULT_AND_NO_ACTIVE_GIMPS_ASSIGNMENT,2026-08-08T14:01:06+00:00,UNALLOCATED,,,,,
SLCMP585-1540,1540,1540,288576401,2^288576401-1,STRUCTURAL_SCREEN_EXHAUSTED_PRIMALITY_UNASSIGNED,GF3A_DIRECTIONAL_WRITE_EXHAUSTED_PRIMALITY_UNASSIGNED,513,512,512,NO_RECORDED_FACTOR_PRP_OR_LL_RESULT_AND_NO_ACTIVE_GIMPS_ASSIGNMENT,2026-08-08T14:01:06+00:00,UNALLOCATED,,,,,
SLCMP585-1541,1541,1541,288576523,2^288576523-1,STRUCTURAL_SCREEN_EXHAUSTED_PRIMALITY_UNASSIGNED,GF3A_DIRECTIONAL_WRITE_EXHAUSTED_PRIMALITY_UNASSIGNED,514,512,512,NO_RECORDED_FACTOR_PRP_OR_LL_RESULT_AND_NO_ACTIVE_GIMPS_ASSIGNMENT,2026-08-08T14:01:06+00:00,UNALLOCATED,,,,,
SLCMP585-1542,1542,1542,288576557,2^288576557-1,STRUCTURAL_SCREEN_EXHAUSTED_PRIMALITY_UNASSIGNED,GF3A_DIRECTIONAL_WRITE_EXHAUSTED_PRIMALITY_UNASSIGNED,513,512,512,NO_RECORDED_FACTOR_PRP_OR_LL_RESULT_AND_NO_ACTIVE_GIMPS_ASSIGNMENT,2026-08-08T14:01:06+00:00,UNALLOCATED,,,,,
SLCMP585-1543,1543,1543,288576601,2^288576601-1,STRUCTURAL_SCREEN_EXHAUSTED_PRIMALITY_UNASSIGNED,GF3A_DIRECTIONAL_WRITE_EXHAUSTED_PRIMALITY_UNASSIGNED,513,512,512,NO_RECORDED_FACTOR_PRP_OR_LL_RESULT_AND_NO_ACTIVE_GIMPS_ASSIGNMENT,2026-08-08T14:01:06+00:00,UNALLOCATED,,,,,
SLCMP585-1544,1544,1544,288576619,2^288576619-1,STRUCTURAL_SCREEN_EXHAUSTED_PRIMALITY_UNASSIGNED,GF3A_DIRECTIONAL_WRITE_EXHAUSTED_PRIMALITY_UNASSIGNED,514,512,512,NO_RECORDED_FACTOR_PRP_OR_LL_RESULT_AND_NO_ACTIVE_GIMPS_ASSIGNMENT,2026-08-08T14:01:06+00:00,UNALLOCATED,,,,,
SLCMP585-1545,1545,1545,288576671,2^288576671-1,STRUCTURAL_SCREEN_EXHAUSTED_PRIMALITY_UNASSIGNED,GF3A_DIRECTIONAL_WRITE_EXHAUSTED_PRIMALITY_UNASSIGNED,514,512,512,NO_RECORDED_FACTOR_PRP_OR_LL_RESULT_AND_NO_ACTIVE_GIMPS_ASSIGNMENT,2026-08-08T14:01:06+00:00,UNALLOCATED,,,,,
SLCMP585-1546,1546,1546,288576719,2^288576719-1,STRUCTURAL_SCREEN_EXHAUSTED_PRIMALITY_UNASSIGNED,GF3A_DIRECTIONAL_WRITE_EXHAUSTED_PRIMALITY_UNASSIGNED,514,512,512,NO_RECORDED_FACTOR_PRP_OR_LL_RESULT_AND_NO_ACTIVE_GIMPS_ASSIGNMENT,2026-08-08T14:01:06+00:00,UNALLOCATED,,,,,
SLCMP585-1547,1547,1547,288576797,2^288576797-1,STRUCTURAL_SCREEN_EXHAUSTED_PRIMALITY_UNASSIGNED,GF3A_DIRECTIONAL_WRITE_EXHAUSTED_PRIMALITY_UNASSIGNED,513,512,512,NO_RECORDED_FACTOR_PRP_OR_LL_RESULT_AND_NO_ACTIVE_GIMPS_ASSIGNMENT,2026-08-08T14:01:06+00:00,UNALLOCATED,,,,,
SLCMP585-1548,1548,1548,288576889,2^288576889-1,STRUCTURAL_SCREEN_EXHAUSTED_PRIMALITY_UNASSIGNED,GF3A_DIRECTIONAL_WRITE_EXHAUSTED_PRIMALITY_UNASSIGNED,513,512,512,NO_RECORDED_FACTOR_PRP_OR_LL_RESULT_AND_NO_ACTIVE_GIMPS_ASSIGNMENT,2026-08-08T14:01:06+00:00,UNALLOCATED,,,,,
SLCMP585-1549,1549,1549,288576919,2^288576919-1,STRUCTURAL_SCREEN_EXHAUSTED_PRIMALITY_UNASSIGNED,GF3A_DIRECTIONAL_WRITE_EXHAUSTED_PRIMALITY_UNASSIGNED,514,512,512,NO_RECORDED_FACTOR_PRP_OR_LL_RESULT_AND_NO_ACTIVE_GIMPS_ASSIGNMENT,2026-08-08T14:01:06+00:00,UNALLOCATED,,,,,
SLCMP585-1550,1550,1550,288577001,2^288577001-1,STRUCTURAL_SCREEN_EXHAUSTED_PRIMALITY_UNASSIGNED,GF3A_DIRECTIONAL_WRITE_EXHAUSTED_PRIMALITY_UNASSIGNED,513,512,512,NO_RECORDED_FACTOR_PRP_OR_LL_RESULT_AND_NO_ACTIVE_GIMPS_ASSIGNMENT,2026-08-08T14:01:06+00:00,UNALLOCATED,,,,,
SLCMP585-1551,1551,1551,288577061,2^288577061-1,STRUCTURAL_SCREEN_EXHAUSTED_PRIMALITY_UNASSIGNED,GF3A_DIRECTIONAL_WRITE_EXHAUSTED_PRIMALITY_UNASSIGNED,513,512,512,NO_RECORDED_FACTOR_PRP_OR_LL_RESULT_AND_NO_ACTIVE_GIMPS_ASSIGNMENT,2026-08-08T14:01:06+00:00,UNALLOCATED,,,,,
SLCMP585-1552,1552,1552,288577087,2^288577087-1,STRUCTURAL_SCREEN_EXHAUSTED_PRIMALITY_UNASSIGNED,GF3A_DIRECTIONAL_WRITE_EXHAUSTED_PRIMALITY_UNASSIGNED,514,512,512,NO_RECORDED_FACTOR_PRP_OR_LL_RESULT_AND_NO_ACTIVE_GIMPS_ASSIGNMENT,2026-08-08T14:01:06+00:00,UNALLOCATED,,,,,
SLCMP585-1553,1553,1553,288577183,2^288577183-1,STRUCTURAL_SCREEN_EXHAUSTED_PRIMALITY_UNASSIGNED,GF3A_DIRECTIONAL_WRITE_EXHAUSTED_PRIMALITY_UNASSIGNED,514,512,512,NO_RECORDED_FACTOR_PRP_OR_LL_RESULT_AND_NO_ACTIVE_GIMPS_ASSIGNMENT,2026-08-08T14:01:06+00:00,UNALLOCATED,,,,,
SLCMP585-1554,1554,1554,288577213,2^288577213-1,STRUCTURAL_SCREEN_EXHAUSTED_PRIMALITY_UNASSIGNED,GF3A_DIRECTIONAL_WRITE_EXHAUSTED_PRIMALITY_UNASSIGNED,513,512,512,NO_RECORDED_FACTOR_PRP_OR_LL_RESULT_AND_NO_ACTIVE_GIMPS_ASSIGNMENT,2026-08-08T14:01:06+00:00,UNALLOCATED,,,,,
SLCMP585-1555,1555,1555,288577217,2^288577217-1,STRUCTURAL_SCREEN_EXHAUSTED_PRIMALITY_UNASSIGNED,GF3A_DIRECTIONAL_WRITE_EXHAUSTED_PRIMALITY_UNASSIGNED,513,512,512,NO_RECORDED_FACTOR_PRP_OR_LL_RESULT_AND_NO_ACTIVE_GIMPS_ASSIGNMENT,2026-08-08T14:01:06+00:00,UNALLOCATED,,,,,
SLCMP585-1556,1556,1556,288577291,2^288577291-1,STRUCTURAL_SCREEN_EXHAUSTED_PRIMALITY_UNASSIGNED,GF3A_DIRECTIONAL_WRITE_EXHAUSTED_PRIMALITY_UNASSIGNED,514,512,512,NO_RECORDED_FACTOR_PRP_OR_LL_RESULT_AND_NO_ACTIVE_GIMPS_ASSIGNMENT,2026-08-08T14:01:06+00:00,UNALLOCATED,,,,,
SLCMP585-1557,1557,1557,288577313,2^288577313-1,STRUCTURAL_SCREEN_EXHAUSTED_PRIMALITY_UNASSIGNED,GF3A_DIRECTIONAL_WRITE_EXHAUSTED_PRIMALITY_UNASSIGNED,513,512,512,NO_RECORDED_FACTOR_PRP_OR_LL_RESULT_AND_NO_ACTIVE_GIMPS_ASSIGNMENT,2026-08-08T14:01:06+00:00,UNALLOCATED,,,,,
SLCMP585-1558,1558,1558,288577361,2^288577361-1,STRUCTURAL_SCREEN_EXHAUSTED_PRIMALITY_UNASSIGNED,GF3A_DIRECTIONAL_WRITE_EXHAUSTED_PRIMALITY_UNASSIGNED,513,512,512,NO_RECORDED_FACTOR_PRP_OR_LL_RESULT_AND_NO_ACTIVE_GIMPS_ASSIGNMENT,2026-08-08T14:01:06+00:00,UNALLOCATED,,,,,
SLCMP585-1559,1559,1559,288577381,2^288577381-1,STRUCTURAL_SCREEN_EXHAUSTED_PRIMALITY_UNASSIGNED,GF3A_DIRECTIONAL_WRITE_EXHAUSTED_PRIMALITY_UNASSIGNED,513,512,512,NO_RECORDED_FACTOR_PRP_OR_LL_RESULT_AND_NO_ACTIVE_GIMPS_ASSIGNMENT,2026-08-08T14:01:06+00:00,UNALLOCATED,,,,,
SLCMP585-1560,1560,1560,288577403,2^288577403-1,STRUCTURAL_SCREEN_EXHAUSTED_PRIMALITY_UNASSIGNED,GF3A_DIRECTIONAL_WRITE_EXHAUSTED_PRIMALITY_UNASSIGNED,514,512,512,NO_RECORDED_FACTOR_PRP_OR_LL_RESULT_AND_NO_ACTIVE_GIMPS_ASSIGNMENT,2026-08-08T14:01:06+00:00,UNALLOCATED,,,,,
SLCMP585-1561,1561,1561,288577439,2^288577439-1,STRUCTURAL_SCREEN_EXHAUSTED_PRIMALITY_UNASSIGNED,GF3A_DIRECTIONAL_WRITE_EXHAUSTED_PRIMALITY_UNASSIGNED,514,512,512,NO_RECORDED_FACTOR_PRP_OR_LL_RESULT_AND_NO_ACTIVE_GIMPS_ASSIGNMENT,2026-08-08T14:01:06+00:00,UNALLOCATED,,,,,
SLCMP585-1562,1562,1562,288577477,2^288577477-1,STRUCTURAL_SCREEN_EXHAUSTED_PRIMALITY_UNASSIGNED,GF3A_DIRECTIONAL_WRITE_EXHAUSTED_PRIMALITY_UNASSIGNED,513,512,512,NO_RECORDED_FACTOR_PRP_OR_LL_RESULT_AND_NO_ACTIVE_GIMPS_ASSIGNMENT,2026-08-08T14:01:06+00:00,UNALLOCATED,,,,,
SLCMP585-1563,1563,1563,288577589,2^288577589-1,STRUCTURAL_SCREEN_EXHAUSTED_PRIMALITY_UNASSIGNED,GF3A_DIRECTIONAL_WRITE_EXHAUSTED_PRIMALITY_UNASSIGNED,513,512,512,NO_RECORDED_FACTOR_PRP_OR_LL_RESULT_AND_NO_ACTIVE_GIMPS_ASSIGNMENT,2026-08-08T14:01:06+00:00,UNALLOCATED,,,,,
SLCMP585-1564,1564,1564,288577591,2^288577591-1,STRUCTURAL_SCREEN_EXHAUSTED_PRIMALITY_UNASSIGNED,GF3A_DIRECTIONAL_WRITE_EXHAUSTED_PRIMALITY_UNASSIGNED,514,512,512,NO_RECORDED_FACTOR_PRP_OR_LL_RESULT_AND_NO_ACTIVE_GIMPS_ASSIGNMENT,2026-08-08T14:01:06+00:00,UNALLOCATED,,,,,
SLCMP585-1565,1565,1565,288577607,2^288577607-1,STRUCTURAL_SCREEN_EXHAUSTED_PRIMALITY_UNASSIGNED,GF3A_DIRECTIONAL_WRITE_EXHAUSTED_PRIMALITY_UNASSIGNED,514,512,512,NO_RECORDED_FACTOR_PRP_OR_LL_RESULT_AND_NO_ACTIVE_GIMPS_ASSIGNMENT,2026-08-08T14:01:06+00:00,UNALLOCATED,,,,,
SLCMP585-1566,1566,1566,288577691,2^288577691-1,STRUCTURAL_SCREEN_EXHAUSTED_PRIMALITY_UNASSIGNED,GF3A_DIRECTIONAL_WRITE_EXHAUSTED_PRIMALITY_UNASSIGNED,514,512,512,NO_RECORDED_FACTOR_PRP_OR_LL_RESULT_AND_NO_ACTIVE_GIMPS_ASSIGNMENT,2026-08-08T14:01:06+00:00,UNALLOCATED,,,,,
SLCMP585-1567,1567,1567,288577693,2^288577693-1,STRUCTURAL_SCREEN_EXHAUSTED_PRIMALITY_UNASSIGNED,GF3A_DIRECTIONAL_WRITE_EXHAUSTED_PRIMALITY_UNASSIGNED,513,512,512,NO_RECORDED_FACTOR_PRP_OR_LL_RESULT_AND_NO_ACTIVE_GIMPS_ASSIGNMENT,2026-08-08T14:01:06+00:00,UNALLOCATED,,,,,
SLCMP585-1568,1568,1568,288577699,2^288577699-1,STRUCTURAL_SCREEN_EXHAUSTED_PRIMALITY_UNASSIGNED,GF3A_DIRECTIONAL_WRITE_EXHAUSTED_PRIMALITY_UNASSIGNED,514,512,512,NO_RECORDED_FACTOR_PRP_OR_LL_RESULT_AND_NO_ACTIVE_GIMPS_ASSIGNMENT,2026-08-08T14:01:06+00:00,UNALLOCATED,,,,,
SLCMP585-1569,1569,1569,288577741,2^288577741-1,STRUCTURAL_SCREEN_EXHAUSTED_PRIMALITY_UNASSIGNED,GF3A_DIRECTIONAL_WRITE_EXHAUSTED_PRIMALITY_UNASSIGNED,513,512,512,NO_RECORDED_FACTOR_PRP_OR_LL_RESULT_AND_NO_ACTIVE_GIMPS_ASSIGNMENT,2026-08-08T14:01:06+00:00,UNALLOCATED,,,,,
SLCMP585-1570,1570,1570,288577747,2^288577747-1,STRUCTURAL_SCREEN_EXHAUSTED_PRIMALITY_UNASSIGNED,GF3A_DIRECTIONAL_WRITE_EXHAUSTED_PRIMALITY_UNASSIGNED,514,512,512,NO_RECORDED_FACTOR_PRP_OR_LL_RESULT_AND_NO_ACTIVE_GIMPS_ASSIGNMENT,2026-08-08T14:01:06+00:00,UNALLOCATED,,,,,
SLCMP585-1571,1571,1571,288577819,2^288577819-1,STRUCTURAL_SCREEN_EXHAUSTED_PRIMALITY_UNASSIGNED,GF3A_DIRECTIONAL_WRITE_EXHAUSTED_PRIMALITY_UNASSIGNED,514,512,512,NO_RECORDED_FACTOR_PRP_OR_LL_RESULT_AND_NO_ACTIVE_GIMPS_ASSIGNMENT,2026-08-08T14:01:06+00:00,UNALLOCATED,,,,,
SLCMP585-1572,1572,1572,288577829,2^288577829-1,STRUCTURAL_SCREEN_EXHAUSTED_PRIMALITY_UNASSIGNED,GF3A_DIRECTIONAL_WRITE_EXHAUSTED_PRIMALITY_UNASSIGNED,513,512,512,NO_RECORDED_FACTOR_PRP_OR_LL_RESULT_AND_NO_ACTIVE_GIMPS_ASSIGNMENT,2026-08-08T14:01:06+00:00,UNALLOCATED,,,,,
SLCMP585-1573,1573,1573,288577831,2^288577831-1,STRUCTURAL_SCREEN_EXHAUSTED_PRIMALITY_UNASSIGNED,GF3A_DIRECTIONAL_WRITE_EXHAUSTED_PRIMALITY_UNASSIGNED,514,512,512,NO_RECORDED_FACTOR_PRP_OR_LL_RESULT_AND_NO_ACTIVE_GIMPS_ASSIGNMENT,2026-08-08T14:01:06+00:00,UNALLOCATED,,,,,
SLCMP585-1574,1574,1574,288577841,2^288577841-1,STRUCTURAL_SCREEN_EXHAUSTED_PRIMALITY_UNASSIGNED,GF3A_DIRECTIONAL_WRITE_EXHAUSTED_PRIMALITY_UNASSIGNED,513,512,512,NO_RECORDED_FACTOR_PRP_OR_LL_RESULT_AND_NO_ACTIVE_GIMPS_ASSIGNMENT,2026-08-08T14:01:06+00:00,UNALLOCATED,,,,,
SLCMP585-1575,1575,1575,288577943,2^288577943-1,STRUCTURAL_SCREEN_EXHAUSTED_PRIMALITY_UNASSIGNED,GF3A_DIRECTIONAL_WRITE_EXHAUSTED_PRIMALITY_UNASSIGNED,514,512,512,NO_RECORDED_FACTOR_PRP_OR_LL_RESULT_AND_NO_ACTIVE_GIMPS_ASSIGNMENT,2026-08-08T14:01:06+00:00,UNALLOCATED,,,,,
SLCMP585-1576,1576,1576,288577973,2^288577973-1,STRUCTURAL_SCREEN_EXHAUSTED_PRIMALITY_UNASSIGNED,GF3A_DIRECTIONAL_WRITE_EXHAUSTED_PRIMALITY_UNASSIGNED,513,512,512,NO_RECORDED_FACTOR_PRP_OR_LL_RESULT_AND_NO_ACTIVE_GIMPS_ASSIGNMENT,2026-08-08T14:01:06+00:00,UNALLOCATED,,,,,
SLCMP585-1577,1577,1577,288577999,2^288577999-1,STRUCTURAL_SCREEN_EXHAUSTED_PRIMALITY_UNASSIGNED,GF3A_DIRECTIONAL_WRITE_EXHAUSTED_PRIMALITY_UNASSIGNED,514,512,512,NO_RECORDED_FACTOR_PRP_OR_LL_RESULT_AND_NO_ACTIVE_GIMPS_ASSIGNMENT,2026-08-08T14:01:06+00:00,UNALLOCATED,,,,,
SLCMP585-1578,1578,1578,288578071,2^288578071-1,STRUCTURAL_SCREEN_EXHAUSTED_PRIMALITY_UNASSIGNED,GF3A_DIRECTIONAL_WRITE_EXHAUSTED_PRIMALITY_UNASSIGNED,514,512,512,NO_RECORDED_FACTOR_PRP_OR_LL_RESULT_AND_NO_ACTIVE_GIMPS_ASSIGNMENT,2026-08-08T14:01:06+00:00,UNALLOCATED,,,,,
SLCMP585-1579,1579,1579,288578093,2^288578093-1,STRUCTURAL_SCREEN_EXHAUSTED_PRIMALITY_UNASSIGNED,GF3A_DIRECTIONAL_WRITE_EXHAUSTED_PRIMALITY_UNASSIGNED,513,512,512,NO_RECORDED_FACTOR_PRP_OR_LL_RESULT_AND_NO_ACTIVE_GIMPS_ASSIGNMENT,2026-08-08T14:01:06+00:00,UNALLOCATED,,,,,
SLCMP585-1580,1580,1580,288578123,2^288578123-1,STRUCTURAL_SCREEN_EXHAUSTED_PRIMALITY_UNASSIGNED,GF3A_DIRECTIONAL_WRITE_EXHAUSTED_PRIMALITY_UNASSIGNED,514,512,512,NO_RECORDED_FACTOR_PRP_OR_LL_RESULT_AND_NO_ACTIVE_GIMPS_ASSIGNMENT,2026-08-08T14:01:06+00:00,UNALLOCATED,,,,,
SLCMP585-1581,1581,1581,288578221,2^288578221-1,STRUCTURAL_SCREEN_EXHAUSTED_PRIMALITY_UNASSIGNED,GF3A_DIRECTIONAL_WRITE_EXHAUSTED_PRIMALITY_UNASSIGNED,513,512,512,NO_RECORDED_FACTOR_PRP_OR_LL_RESULT_AND_NO_ACTIVE_GIMPS_ASSIGNMENT,2026-08-08T14:01:06+00:00,UNALLOCATED,,,,,
SLCMP585-1582,1582,1582,288578233,2^288578233-1,STRUCTURAL_SCREEN_EXHAUSTED_PRIMALITY_UNASSIGNED,GF3A_DIRECTIONAL_WRITE_EXHAUSTED_PRIMALITY_UNASSIGNED,513,512,512,NO_RECORDED_FACTOR_PRP_OR_LL_RESULT_AND_NO_ACTIVE_GIMPS_ASSIGNMENT,2026-08-08T14:01:06+00:00,UNALLOCATED,,,,,
SLCMP585-1583,1583,1583,288578237,2^288578237-1,STRUCTURAL_SCREEN_EXHAUSTED_PRIMALITY_UNASSIGNED,GF3A_DIRECTIONAL_WRITE_EXHAUSTED_PRIMALITY_UNASSIGNED,513,512,512,NO_RECORDED_FACTOR_PRP_OR_LL_RESULT_AND_NO_ACTIVE_GIMPS_ASSIGNMENT,2026-08-08T14:01:06+00:00,UNALLOCATED,,,,,
SLCMP585-1584,1584,1584,288578341,2^288578341-1,STRUCTURAL_SCREEN_EXHAUSTED_PRIMALITY_UNASSIGNED,GF3A_DIRECTIONAL_WRITE_EXHAUSTED_PRIMALITY_UNASSIGNED,513,512,512,NO_RECORDED_FACTOR_PRP_OR_LL_RESULT_AND_NO_ACTIVE_GIMPS_ASSIGNMENT,2026-08-08T14:01:06+00:00,UNALLOCATED,,,,,
SLCMP585-1585,1585,1585,288578347,2^288578347-1,STRUCTURAL_SCREEN_EXHAUSTED_PRIMALITY_UNASSIGNED,GF3A_DIRECTIONAL_WRITE_EXHAUSTED_PRIMALITY_UNASSIGNED,514,512,512,NO_RECORDED_FACTOR_PRP_OR_LL_RESULT_AND_NO_ACTIVE_GIMPS_ASSIGNMENT,2026-08-08T14:01:06+00:00,UNALLOCATED,,,,,
SLCMP585-1586,1586,1586,288578357,2^288578357-1,STRUCTURAL_SCREEN_EXHAUSTED_PRIMALITY_UNASSIGNED,GF3A_DIRECTIONAL_WRITE_EXHAUSTED_PRIMALITY_UNASSIGNED,513,512,512,NO_RECORDED_FACTOR_PRP_OR_LL_RESULT_AND_NO_ACTIVE_GIMPS_ASSIGNMENT,2026-08-08T14:01:06+00:00,UNALLOCATED,,,,,
SLCMP585-1587,1587,1587,288578413,2^288578413-1,STRUCTURAL_SCREEN_EXHAUSTED_PRIMALITY_UNASSIGNED,GF3A_DIRECTIONAL_WRITE_EXHAUSTED_PRIMALITY_UNASSIGNED,513,512,512,NO_RECORDED_FACTOR_PRP_OR_LL_RESULT_AND_NO_ACTIVE_GIMPS_ASSIGNMENT,2026-08-08T14:01:06+00:00,UNALLOCATED,,,,,
SLCMP585-1588,1588,1588,288578527,2^288578527-1,STRUCTURAL_SCREEN_EXHAUSTED_PRIMALITY_UNASSIGNED,GF3A_DIRECTIONAL_WRITE_EXHAUSTED_PRIMALITY_UNASSIGNED,514,512,512,NO_RECORDED_FACTOR_PRP_OR_LL_RESULT_AND_NO_ACTIVE_GIMPS_ASSIGNMENT,2026-08-08T14:01:06+00:00,UNALLOCATED,,,,,
SLCMP585-1589,1589,1589,288578639,2^288578639-1,STRUCTURAL_SCREEN_EXHAUSTED_PRIMALITY_UNASSIGNED,GF3A_DIRECTIONAL_WRITE_EXHAUSTED_PRIMALITY_UNASSIGNED,514,512,512,NO_RECORDED_FACTOR_PRP_OR_LL_RESULT_AND_NO_ACTIVE_GIMPS_ASSIGNMENT,2026-08-08T14:01:06+00:00,UNALLOCATED,,,,,
SLCMP585-1590,1590,1590,288578711,2^288578711-1,STRUCTURAL_SCREEN_EXHAUSTED_PRIMALITY_UNASSIGNED,GF3A_DIRECTIONAL_WRITE_EXHAUSTED_PRIMALITY_UNASSIGNED,514,512,512,NO_RECORDED_FACTOR_PRP_OR_LL_RESULT_AND_NO_ACTIVE_GIMPS_ASSIGNMENT,2026-08-08T14:01:06+00:00,UNALLOCATED,,,,,
SLCMP585-1591,1591,1591,288578767,2^288578767-1,STRUCTURAL_SCREEN_EXHAUSTED_PRIMALITY_UNASSIGNED,GF3A_DIRECTIONAL_WRITE_EXHAUSTED_PRIMALITY_UNASSIGNED,514,512,512,NO_RECORDED_FACTOR_PRP_OR_LL_RESULT_AND_NO_ACTIVE_GIMPS_ASSIGNMENT,2026-08-08T14:01:06+00:00,UNALLOCATED,,,,,
SLCMP585-1592,1592,1592,288578813,2^288578813-1,STRUCTURAL_SCREEN_EXHAUSTED_PRIMALITY_UNASSIGNED,GF3A_DIRECTIONAL_WRITE_EXHAUSTED_PRIMALITY_UNASSIGNED,513,512,512,NO_RECORDED_FACTOR_PRP_OR_LL_RESULT_AND_NO_ACTIVE_GIMPS_ASSIGNMENT,2026-08-08T14:01:06+00:00,UNALLOCATED,,,,,
SLCMP585-1593,1593,1593,288578833,2^288578833-1,STRUCTURAL_SCREEN_EXHAUSTED_PRIMALITY_UNASSIGNED,GF3A_DIRECTIONAL_WRITE_EXHAUSTED_PRIMALITY_UNASSIGNED,513,512,512,NO_RECORDED_FACTOR_PRP_OR_LL_RESULT_AND_NO_ACTIVE_GIMPS_ASSIGNMENT,2026-08-08T14:01:06+00:00,UNALLOCATED,,,,,
SLCMP585-1594,1594,1594,288578933,2^288578933-1,STRUCTURAL_SCREEN_EXHAUSTED_PRIMALITY_UNASSIGNED,GF3A_DIRECTIONAL_WRITE_EXHAUSTED_PRIMALITY_UNASSIGNED,513,512,512,NO_RECORDED_FACTOR_PRP_OR_LL_RESULT_AND_NO_ACTIVE_GIMPS_ASSIGNMENT,2026-08-08T14:01:06+00:00,UNALLOCATED,,,,,
SLCMP585-1595,1595,1595,288579019,2^288579019-1,STRUCTURAL_SCREEN_EXHAUSTED_PRIMALITY_UNASSIGNED,GF3A_DIRECTIONAL_WRITE_EXHAUSTED_PRIMALITY_UNASSIGNED,514,512,512,NO_RECORDED_FACTOR_PRP_OR_LL_RESULT_AND_NO_ACTIVE_GIMPS_ASSIGNMENT,2026-08-08T14:01:06+00:00,UNALLOCATED,,,,,
SLCMP585-1596,1596,1596,288579143,2^288579143-1,STRUCTURAL_SCREEN_EXHAUSTED_PRIMALITY_UNASSIGNED,GF3A_DIRECTIONAL_WRITE_EXHAUSTED_PRIMALITY_UNASSIGNED,514,512,512,NO_RECORDED_FACTOR_PRP_OR_LL_RESULT_AND_NO_ACTIVE_GIMPS_ASSIGNMENT,2026-08-08T14:01:06+00:00,UNALLOCATED,,,,,
SLCMP585-1597,1597,1597,288579191,2^288579191-1,STRUCTURAL_SCREEN_EXHAUSTED_PRIMALITY_UNASSIGNED,GF3A_DIRECTIONAL_WRITE_EXHAUSTED_PRIMALITY_UNASSIGNED,514,512,512,NO_RECORDED_FACTOR_PRP_OR_LL_RESULT_AND_NO_ACTIVE_GIMPS_ASSIGNMENT,2026-08-08T14:01:06+00:00,UNALLOCATED,,,,,
SLCMP585-1598,1598,1598,288579259,2^288579259-1,STRUCTURAL_SCREEN_EXHAUSTED_PRIMALITY_UNASSIGNED,GF3A_DIRECTIONAL_WRITE_EXHAUSTED_PRIMALITY_UNASSIGNED,514,512,512,NO_RECORDED_FACTOR_PRP_OR_LL_RESULT_AND_NO_ACTIVE_GIMPS_ASSIGNMENT,2026-08-08T14:01:06+00:00,UNALLOCATED,,,,,
SLCMP585-1599,1599,1599,288579331,2^288579331-1,STRUCTURAL_SCREEN_EXHAUSTED_PRIMALITY_UNASSIGNED,GF3A_DIRECTIONAL_WRITE_EXHAUSTED_PRIMALITY_UNASSIGNED,514,512,512,NO_RECORDED_FACTOR_PRP_OR_LL_RESULT_AND_NO_ACTIVE_GIMPS_ASSIGNMENT,2026-08-08T14:01:06+00:00,UNALLOCATED,,,,,
SLCMP585-1600,1600,1600,288579373,2^288579373-1,STRUCTURAL_SCREEN_EXHAUSTED_PRIMALITY_UNASSIGNED,GF3A_DIRECTIONAL_WRITE_EXHAUSTED_PRIMALITY_UNASSIGNED,513,512,512,NO_RECORDED_FACTOR_PRP_OR_LL_RESULT_AND_NO_ACTIVE_GIMPS_ASSIGNMENT,2026-08-08T14:01:06+00:00,UNALLOCATED,,,,,
SLCMP585-1601,1601,1601,288579419,2^288579419-1,STRUCTURAL_SCREEN_EXHAUSTED_PRIMALITY_UNASSIGNED,GF3A_DIRECTIONAL_WRITE_EXHAUSTED_PRIMALITY_UNASSIGNED,514,512,512,NO_RECORDED_FACTOR_PRP_OR_LL_RESULT_AND_NO_ACTIVE_GIMPS_ASSIGNMENT,2026-08-08T14:01:06+00:00,UNALLOCATED,,,,,
SLCMP585-1602,1602,1602,288579449,2^288579449-1,STRUCTURAL_SCREEN_EXHAUSTED_PRIMALITY_UNASSIGNED,GF3A_DIRECTIONAL_WRITE_EXHAUSTED_PRIMALITY_UNASSIGNED,513,512,512,NO_RECORDED_FACTOR_PRP_OR_LL_RESULT_AND_NO_ACTIVE_GIMPS_ASSIGNMENT,2026-08-08T14:01:06+00:00,UNALLOCATED,,,,,
SLCMP585-1603,1603,1603,288579451,2^288579451-1,STRUCTURAL_SCREEN_EXHAUSTED_PRIMALITY_UNASSIGNED,GF3A_DIRECTIONAL_WRITE_EXHAUSTED_PRIMALITY_UNASSIGNED,514,512,512,NO_RECORDED_FACTOR_PRP_OR_LL_RESULT_AND_NO_ACTIVE_GIMPS_ASSIGNMENT,2026-08-08T14:01:06+00:00,UNALLOCATED,,,,,
SLCMP585-1604,1604,1604,288579457,2^288579457-1,STRUCTURAL_SCREEN_EXHAUSTED_PRIMALITY_UNASSIGNED,GF3A_DIRECTIONAL_WRITE_EXHAUSTED_PRIMALITY_UNASSIGNED,513,512,512,NO_RECORDED_FACTOR_PRP_OR_LL_RESULT_AND_NO_ACTIVE_GIMPS_ASSIGNMENT,2026-08-08T14:01:06+00:00,UNALLOCATED,,,,,
SLCMP585-1605,1605,1605,288579461,2^288579461-1,STRUCTURAL_SCREEN_EXHAUSTED_PRIMALITY_UNASSIGNED,GF3A_DIRECTIONAL_WRITE_EXHAUSTED_PRIMALITY_UNASSIGNED,513,512,512,NO_RECORDED_FACTOR_PRP_OR_LL_RESULT_AND_NO_ACTIVE_GIMPS_ASSIGNMENT,2026-08-08T14:01:06+00:00,UNALLOCATED,,,,,
SLCMP585-1606,1606,1606,288579547,2^288579547-1,STRUCTURAL_SCREEN_EXHAUSTED_PRIMALITY_UNASSIGNED,GF3A_DIRECTIONAL_WRITE_EXHAUSTED_PRIMALITY_UNASSIGNED,514,512,512,NO_RECORDED_FACTOR_PRP_OR_LL_RESULT_AND_NO_ACTIVE_GIMPS_ASSIGNMENT,2026-08-08T14:01:06+00:00,UNALLOCATED,,,,,
SLCMP585-1607,1607,1607,288579569,2^288579569-1,STRUCTURAL_SCREEN_EXHAUSTED_PRIMALITY_UNASSIGNED,GF3A_DIRECTIONAL_WRITE_EXHAUSTED_PRIMALITY_UNASSIGNED,513,512,512,NO_RECORDED_FACTOR_PRP_OR_LL_RESULT_AND_NO_ACTIVE_GIMPS_ASSIGNMENT,2026-08-08T14:01:06+00:00,UNALLOCATED,,,,,
SLCMP585-1608,1608,1608,288579661,2^288579661-1,STRUCTURAL_SCREEN_EXHAUSTED_PRIMALITY_UNASSIGNED,GF3A_DIRECTIONAL_WRITE_EXHAUSTED_PRIMALITY_UNASSIGNED,513,512,512,NO_RECORDED_FACTOR_PRP_OR_LL_RESULT_AND_NO_ACTIVE_GIMPS_ASSIGNMENT,2026-08-08T14:01:06+00:00,UNALLOCATED,,,,,
SLCMP585-1609,1609,1609,288579673,2^288579673-1,STRUCTURAL_SCREEN_EXHAUSTED_PRIMALITY_UNASSIGNED,GF3A_DIRECTIONAL_WRITE_EXHAUSTED_PRIMALITY_UNASSIGNED,513,512,512,NO_RECORDED_FACTOR_PRP_OR_LL_RESULT_AND_NO_ACTIVE_GIMPS_ASSIGNMENT,2026-08-08T14:01:06+00:00,UNALLOCATED,,,,,
SLCMP585-1610,1610,1610,288579701,2^288579701-1,STRUCTURAL_SCREEN_EXHAUSTED_PRIMALITY_UNASSIGNED,GF3A_DIRECTIONAL_WRITE_EXHAUSTED_PRIMALITY_UNASSIGNED,513,512,512,NO_RECORDED_FACTOR_PRP_OR_LL_RESULT_AND_NO_ACTIVE_GIMPS_ASSIGNMENT,2026-08-08T14:01:06+00:00,UNALLOCATED,,,,,
SLCMP585-1611,1611,1611,288579817,2^288579817-1,STRUCTURAL_SCREEN_EXHAUSTED_PRIMALITY_UNASSIGNED,GF3A_DIRECTIONAL_WRITE_EXHAUSTED_PRIMALITY_UNASSIGNED,513,512,512,NO_RECORDED_FACTOR_PRP_OR_LL_RESULT_AND_NO_ACTIVE_GIMPS_ASSIGNMENT,2026-08-08T14:01:06+00:00,UNALLOCATED,,,,,
SLCMP585-1612,1612,1612,288579829,2^288579829-1,STRUCTURAL_SCREEN_EXHAUSTED_PRIMALITY_UNASSIGNED,GF3A_DIRECTIONAL_WRITE_EXHAUSTED_PRIMALITY_UNASSIGNED,513,512,512,NO_RECORDED_FACTOR_PRP_OR_LL_RESULT_AND_NO_ACTIVE_GIMPS_ASSIGNMENT,2026-08-08T14:01:06+00:00,UNALLOCATED,,,,,
SLCMP585-1613,1613,1613,288579857,2^288579857-1,STRUCTURAL_SCREEN_EXHAUSTED_PRIMALITY_UNASSIGNED,GF3A_DIRECTIONAL_WRITE_EXHAUSTED_PRIMALITY_UNASSIGNED,513,512,512,NO_RECORDED_FACTOR_PRP_OR_LL_RESULT_AND_NO_ACTIVE_GIMPS_ASSIGNMENT,2026-08-08T14:01:06+00:00,UNALLOCATED,,,,,
SLCMP585-1614,1614,1614,288579869,2^288579869-1,STRUCTURAL_SCREEN_EXHAUSTED_PRIMALITY_UNASSIGNED,GF3A_DIRECTIONAL_WRITE_EXHAUSTED_PRIMALITY_UNASSIGNED,513,512,512,NO_RECORDED_FACTOR_PRP_OR_LL_RESULT_AND_NO_ACTIVE_GIMPS_ASSIGNMENT,2026-08-08T14:01:06+00:00,UNALLOCATED,,,,,
SLCMP585-1615,1615,1615,288579881,2^288579881-1,STRUCTURAL_SCREEN_EXHAUSTED_PRIMALITY_UNASSIGNED,GF3A_DIRECTIONAL_WRITE_EXHAUSTED_PRIMALITY_UNASSIGNED,513,512,512,NO_RECORDED_FACTOR_PRP_OR_LL_RESULT_AND_NO_ACTIVE_GIMPS_ASSIGNMENT,2026-08-08T14:01:06+00:00,UNALLOCATED,,,,,
SLCMP585-1616,1616,1616,288579931,2^288579931-1,STRUCTURAL_SCREEN_EXHAUSTED_PRIMALITY_UNASSIGNED,GF3A_DIRECTIONAL_WRITE_EXHAUSTED_PRIMALITY_UNASSIGNED,514,512,512,NO_RECORDED_FACTOR_PRP_OR_LL_RESULT_AND_NO_ACTIVE_GIMPS_ASSIGNMENT,2026-08-08T14:01:06+00:00,UNALLOCATED,,,,,
SLCMP585-1617,1617,1617,288580067,2^288580067-1,STRUCTURAL_SCREEN_EXHAUSTED_PRIMALITY_UNASSIGNED,GF3A_DIRECTIONAL_WRITE_EXHAUSTED_PRIMALITY_UNASSIGNED,514,512,512,NO_RECORDED_FACTOR_PRP_OR_LL_RESULT_AND_NO_ACTIVE_GIMPS_ASSIGNMENT,2026-08-08T14:01:06+00:00,UNALLOCATED,,,,,
SLCMP585-1618,1618,1618,288580087,2^288580087-1,STRUCTURAL_SCREEN_EXHAUSTED_PRIMALITY_UNASSIGNED,GF3A_DIRECTIONAL_WRITE_EXHAUSTED_PRIMALITY_UNASSIGNED,514,512,512,NO_RECORDED_FACTOR_PRP_OR_LL_RESULT_AND_NO_ACTIVE_GIMPS_ASSIGNMENT,2026-08-08T14:01:06+00:00,UNALLOCATED,,,,,
SLCMP585-1619,1619,1619,288580153,2^288580153-1,STRUCTURAL_SCREEN_EXHAUSTED_PRIMALITY_UNASSIGNED,GF3A_DIRECTIONAL_WRITE_EXHAUSTED_PRIMALITY_UNASSIGNED,513,512,512,NO_RECORDED_FACTOR_PRP_OR_LL_RESULT_AND_NO_ACTIVE_GIMPS_ASSIGNMENT,2026-08-08T14:01:06+00:00,UNALLOCATED,,,,,
SLCMP585-1620,1620,1620,288580157,2^288580157-1,STRUCTURAL_SCREEN_EXHAUSTED_PRIMALITY_UNASSIGNED,GF3A_DIRECTIONAL_WRITE_EXHAUSTED_PRIMALITY_UNASSIGNED,513,512,512,NO_RECORDED_FACTOR_PRP_OR_LL_RESULT_AND_NO_ACTIVE_GIMPS_ASSIGNMENT,2026-08-08T14:01:06+00:00,UNALLOCATED,,,,,
SLCMP585-1621,1621,1621,288580297,2^288580297-1,STRUCTURAL_SCREEN_EXHAUSTED_PRIMALITY_UNASSIGNED,GF3A_DIRECTIONAL_WRITE_EXHAUSTED_PRIMALITY_UNASSIGNED,513,512,512,NO_RECORDED_FACTOR_PRP_OR_LL_RESULT_AND_NO_ACTIVE_GIMPS_ASSIGNMENT,2026-08-08T14:01:06+00:00,UNALLOCATED,,,,,
SLCMP585-1622,1622,1622,288580361,2^288580361-1,STRUCTURAL_SCREEN_EXHAUSTED_PRIMALITY_UNASSIGNED,GF3A_DIRECTIONAL_WRITE_EXHAUSTED_PRIMALITY_UNASSIGNED,513,512,512,NO_RECORDED_FACTOR_PRP_OR_LL_RESULT_AND_NO_ACTIVE_GIMPS_ASSIGNMENT,2026-08-08T14:01:06+00:00,UNALLOCATED,,,,,
SLCMP585-1623,1623,1623,288580441,2^288580441-1,STRUCTURAL_SCREEN_EXHAUSTED_PRIMALITY_UNASSIGNED,GF3A_DIRECTIONAL_WRITE_EXHAUSTED_PRIMALITY_UNASSIGNED,513,512,512,NO_RECORDED_FACTOR_PRP_OR_LL_RESULT_AND_NO_ACTIVE_GIMPS_ASSIGNMENT,2026-08-08T14:01:06+00:00,UNALLOCATED,,,,,
SLCMP585-1624,1624,1624,288580483,2^288580483-1,STRUCTURAL_SCREEN_EXHAUSTED_PRIMALITY_UNASSIGNED,GF3A_DIRECTIONAL_WRITE_EXHAUSTED_PRIMALITY_UNASSIGNED,514,512,512,NO_RECORDED_FACTOR_PRP_OR_LL_RESULT_AND_NO_ACTIVE_GIMPS_ASSIGNMENT,2026-08-08T14:01:06+00:00,UNALLOCATED,,,,,
SLCMP585-1625,1625,1625,288580507,2^288580507-1,STRUCTURAL_SCREEN_EXHAUSTED_PRIMALITY_UNASSIGNED,GF3A_DIRECTIONAL_WRITE_EXHAUSTED_PRIMALITY_UNASSIGNED,514,512,512,NO_RECORDED_FACTOR_PRP_OR_LL_RESULT_AND_NO_ACTIVE_GIMPS_ASSIGNMENT,2026-08-08T14:01:06+00:00,UNALLOCATED,,,,,
SLCMP585-1626,1626,1626,288580549,2^288580549-1,STRUCTURAL_SCREEN_EXHAUSTED_PRIMALITY_UNASSIGNED,GF3A_DIRECTIONAL_WRITE_EXHAUSTED_PRIMALITY_UNASSIGNED,513,512,512,NO_RECORDED_FACTOR_PRP_OR_LL_RESULT_AND_NO_ACTIVE_GIMPS_ASSIGNMENT,2026-08-08T14:01:06+00:00,UNALLOCATED,,,,,
SLCMP585-1627,1627,1627,288580639,2^288580639-1,STRUCTURAL_SCREEN_EXHAUSTED_PRIMALITY_UNASSIGNED,GF3A_DIRECTIONAL_WRITE_EXHAUSTED_PRIMALITY_UNASSIGNED,514,512,512,NO_RECORDED_FACTOR_PRP_OR_LL_RESULT_AND_NO_ACTIVE_GIMPS_ASSIGNMENT,2026-08-08T14:01:06+00:00,UNALLOCATED,,,,,
SLCMP585-1628,1628,1628,288580651,2^288580651-1,STRUCTURAL_SCREEN_EXHAUSTED_PRIMALITY_UNASSIGNED,GF3A_DIRECTIONAL_WRITE_EXHAUSTED_PRIMALITY_UNASSIGNED,514,512,512,NO_RECORDED_FACTOR_PRP_OR_LL_RESULT_AND_NO_ACTIVE_GIMPS_ASSIGNMENT,2026-08-08T14:01:06+00:00,UNALLOCATED,,,,,
SLCMP585-1629,1629,1629,288580709,2^288580709-1,STRUCTURAL_SCREEN_EXHAUSTED_PRIMALITY_UNASSIGNED,GF3A_DIRECTIONAL_WRITE_EXHAUSTED_PRIMALITY_UNASSIGNED,513,512,512,NO_RECORDED_FACTOR_PRP_OR_LL_RESULT_AND_NO_ACTIVE_GIMPS_ASSIGNMENT,2026-08-08T14:01:06+00:00,UNALLOCATED,,,,,
SLCMP585-1630,1630,1630,288580739,2^288580739-1,STRUCTURAL_SCREEN_EXHAUSTED_PRIMALITY_UNASSIGNED,GF3A_DIRECTIONAL_WRITE_EXHAUSTED_PRIMALITY_UNASSIGNED,514,512,512,NO_RECORDED_FACTOR_PRP_OR_LL_RESULT_AND_NO_ACTIVE_GIMPS_ASSIGNMENT,2026-08-08T14:01:06+00:00,UNALLOCATED,,,,,
SLCMP585-1631,1631,1631,288580751,2^288580751-1,STRUCTURAL_SCREEN_EXHAUSTED_PRIMALITY_UNASSIGNED,GF3A_DIRECTIONAL_WRITE_EXHAUSTED_PRIMALITY_UNASSIGNED,514,512,512,NO_RECORDED_FACTOR_PRP_OR_LL_RESULT_AND_NO_ACTIVE_GIMPS_ASSIGNMENT,2026-08-08T14:01:06+00:00,UNALLOCATED,,,,,
SLCMP585-1632,1632,1632,288580867,2^288580867-1,STRUCTURAL_SCREEN_EXHAUSTED_PRIMALITY_UNASSIGNED,GF3A_DIRECTIONAL_WRITE_EXHAUSTED_PRIMALITY_UNASSIGNED,514,512,512,NO_RECORDED_FACTOR_PRP_OR_LL_RESULT_AND_NO_ACTIVE_GIMPS_ASSIGNMENT,2026-08-08T14:01:06+00:00,UNALLOCATED,,,,,
SLCMP585-1633,1633,1633,288580889,2^288580889-1,STRUCTURAL_SCREEN_EXHAUSTED_PRIMALITY_UNASSIGNED,GF3A_DIRECTIONAL_WRITE_EXHAUSTED_PRIMALITY_UNASSIGNED,513,512,512,NO_RECORDED_FACTOR_PRP_OR_LL_RESULT_AND_NO_ACTIVE_GIMPS_ASSIGNMENT,2026-08-08T14:01:06+00:00,UNALLOCATED,,,,,
SLCMP585-1634,1634,1634,288580939,2^288580939-1,STRUCTURAL_SCREEN_EXHAUSTED_PRIMALITY_UNASSIGNED,GF3A_DIRECTIONAL_WRITE_EXHAUSTED_PRIMALITY_UNASSIGNED,514,512,512,NO_RECORDED_FACTOR_PRP_OR_LL_RESULT_AND_NO_ACTIVE_GIMPS_ASSIGNMENT,2026-08-08T14:01:06+00:00,UNALLOCATED,,,,,
SLCMP585-1635,1635,1635,288581053,2^288581053-1,STRUCTURAL_SCREEN_EXHAUSTED_PRIMALITY_UNASSIGNED,GF3A_DIRECTIONAL_WRITE_EXHAUSTED_PRIMALITY_UNASSIGNED,513,512,512,NO_RECORDED_FACTOR_PRP_OR_LL_RESULT_AND_NO_ACTIVE_GIMPS_ASSIGNMENT,2026-08-08T14:01:06+00:00,UNALLOCATED,,,,,
SLCMP585-1636,1636,1636,288581089,2^288581089-1,STRUCTURAL_SCREEN_EXHAUSTED_PRIMALITY_UNASSIGNED,GF3A_DIRECTIONAL_WRITE_EXHAUSTED_PRIMALITY_UNASSIGNED,513,512,512,NO_RECORDED_FACTOR_PRP_OR_LL_RESULT_AND_NO_ACTIVE_GIMPS_ASSIGNMENT,2026-08-08T14:01:06+00:00,UNALLOCATED,,,,,
SLCMP585-1637,1637,1637,288581281,2^288581281-1,STRUCTURAL_SCREEN_EXHAUSTED_PRIMALITY_UNASSIGNED,GF3A_DIRECTIONAL_WRITE_EXHAUSTED_PRIMALITY_UNASSIGNED,513,512,512,NO_RECORDED_FACTOR_PRP_OR_LL_RESULT_AND_NO_ACTIVE_GIMPS_ASSIGNMENT,2026-08-08T14:01:06+00:00,UNALLOCATED,,,,,
SLCMP585-1638,1638,1638,288581287,2^288581287-1,STRUCTURAL_SCREEN_EXHAUSTED_PRIMALITY_UNASSIGNED,GF3A_DIRECTIONAL_WRITE_EXHAUSTED_PRIMALITY_UNASSIGNED,514,512,512,NO_RECORDED_FACTOR_PRP_OR_LL_RESULT_AND_NO_ACTIVE_GIMPS_ASSIGNMENT,2026-08-08T14:01:06+00:00,UNALLOCATED,,,,,
SLCMP585-1639,1639,1639,288581303,2^288581303-1,STRUCTURAL_SCREEN_EXHAUSTED_PRIMALITY_UNASSIGNED,GF3A_DIRECTIONAL_WRITE_EXHAUSTED_PRIMALITY_UNASSIGNED,514,512,512,NO_RECORDED_FACTOR_PRP_OR_LL_RESULT_AND_NO_ACTIVE_GIMPS_ASSIGNMENT,2026-08-08T14:01:06+00:00,UNALLOCATED,,,,,
SLCMP585-1640,1640,1640,288581309,2^288581309-1,STRUCTURAL_SCREEN_EXHAUSTED_PRIMALITY_UNASSIGNED,GF3A_DIRECTIONAL_WRITE_EXHAUSTED_PRIMALITY_UNASSIGNED,513,512,512,NO_RECORDED_FACTOR_PRP_OR_LL_RESULT_AND_NO_ACTIVE_GIMPS_ASSIGNMENT,2026-08-08T14:01:06+00:00,UNALLOCATED,,,,,
SLCMP585-1641,1641,1641,288581311,2^288581311-1,STRUCTURAL_SCREEN_EXHAUSTED_PRIMALITY_UNASSIGNED,GF3A_DIRECTIONAL_WRITE_EXHAUSTED_PRIMALITY_UNASSIGNED,514,512,512,NO_RECORDED_FACTOR_PRP_OR_LL_RESULT_AND_NO_ACTIVE_GIMPS_ASSIGNMENT,2026-08-08T14:01:06+00:00,UNALLOCATED,,,,,
SLCMP585-1642,1642,1642,288581323,2^288581323-1,STRUCTURAL_SCREEN_EXHAUSTED_PRIMALITY_UNASSIGNED,GF3A_DIRECTIONAL_WRITE_EXHAUSTED_PRIMALITY_UNASSIGNED,514,512,512,NO_RECORDED_FACTOR_PRP_OR_LL_RESULT_AND_NO_ACTIVE_GIMPS_ASSIGNMENT,2026-08-08T14:01:06+00:00,UNALLOCATED,,,,,
SLCMP585-1643,1643,1643,288581431,2^288581431-1,STRUCTURAL_SCREEN_EXHAUSTED_PRIMALITY_UNASSIGNED,GF3A_DIRECTIONAL_WRITE_EXHAUSTED_PRIMALITY_UNASSIGNED,514,512,512,NO_RECORDED_FACTOR_PRP_OR_LL_RESULT_AND_NO_ACTIVE_GIMPS_ASSIGNMENT,2026-08-08T14:01:06+00:00,UNALLOCATED,,,,,
SLCMP585-1644,1644,1644,288581453,2^288581453-1,STRUCTURAL_SCREEN_EXHAUSTED_PRIMALITY_UNASSIGNED,GF3A_DIRECTIONAL_WRITE_EXHAUSTED_PRIMALITY_UNASSIGNED,513,512,512,NO_RECORDED_FACTOR_PRP_OR_LL_RESULT_AND_NO_ACTIVE_GIMPS_ASSIGNMENT,2026-08-08T14:01:06+00:00,UNALLOCATED,,,,,
SLCMP585-1645,1645,1645,288581467,2^288581467-1,STRUCTURAL_SCREEN_EXHAUSTED_PRIMALITY_UNASSIGNED,GF3A_DIRECTIONAL_WRITE_EXHAUSTED_PRIMALITY_UNASSIGNED,514,512,512,NO_RECORDED_FACTOR_PRP_OR_LL_RESULT_AND_NO_ACTIVE_GIMPS_ASSIGNMENT,2026-08-08T14:01:06+00:00,UNALLOCATED,,,,,
SLCMP585-1646,1646,1646,288581507,2^288581507-1,STRUCTURAL_SCREEN_EXHAUSTED_PRIMALITY_UNASSIGNED,GF3A_DIRECTIONAL_WRITE_EXHAUSTED_PRIMALITY_UNASSIGNED,514,512,512,NO_RECORDED_FACTOR_PRP_OR_LL_RESULT_AND_NO_ACTIVE_GIMPS_ASSIGNMENT,2026-08-08T14:01:06+00:00,UNALLOCATED,,,,,
SLCMP585-1647,1647,1647,288581597,2^288581597-1,STRUCTURAL_SCREEN_EXHAUSTED_PRIMALITY_UNASSIGNED,GF3A_DIRECTIONAL_WRITE_EXHAUSTED_PRIMALITY_UNASSIGNED,513,512,512,NO_RECORDED_FACTOR_PRP_OR_LL_RESULT_AND_NO_ACTIVE_GIMPS_ASSIGNMENT,2026-08-08T14:01:06+00:00,UNALLOCATED,,,,,
SLCMP585-1648,1648,1648,288581599,2^288581599-1,STRUCTURAL_SCREEN_EXHAUSTED_PRIMALITY_UNASSIGNED,GF3A_DIRECTIONAL_WRITE_EXHAUSTED_PRIMALITY_UNASSIGNED,514,512,512,NO_RECORDED_FACTOR_PRP_OR_LL_RESULT_AND_NO_ACTIVE_GIMPS_ASSIGNMENT,2026-08-08T14:01:06+00:00,UNALLOCATED,,,,,
SLCMP585-1649,1649,1649,288581627,2^288581627-1,STRUCTURAL_SCREEN_EXHAUSTED_PRIMALITY_UNASSIGNED,GF3A_DIRECTIONAL_WRITE_EXHAUSTED_PRIMALITY_UNASSIGNED,514,512,512,NO_RECORDED_FACTOR_PRP_OR_LL_RESULT_AND_NO_ACTIVE_GIMPS_ASSIGNMENT,2026-08-08T14:01:06+00:00,UNALLOCATED,,,,,
SLCMP585-1650,1650,1650,288581807,2^288581807-1,STRUCTURAL_SCREEN_EXHAUSTED_PRIMALITY_UNASSIGNED,GF3A_DIRECTIONAL_WRITE_EXHAUSTED_PRIMALITY_UNASSIGNED,514,512,512,NO_RECORDED_FACTOR_PRP_OR_LL_RESULT_AND_NO_ACTIVE_GIMPS_ASSIGNMENT,2026-08-08T14:01:06+00:00,UNALLOCATED,,,,,
SLCMP585-1651,1651,1651,288581809,2^288581809-1,STRUCTURAL_SCREEN_EXHAUSTED_PRIMALITY_UNASSIGNED,GF3A_DIRECTIONAL_WRITE_EXHAUSTED_PRIMALITY_UNASSIGNED,513,512,512,NO_RECORDED_FACTOR_PRP_OR_LL_RESULT_AND_NO_ACTIVE_GIMPS_ASSIGNMENT,2026-08-08T14:01:06+00:00,UNALLOCATED,,,,,
SLCMP585-1652,1652,1652,288582029,2^288582029-1,STRUCTURAL_SCREEN_EXHAUSTED_PRIMALITY_UNASSIGNED,GF3A_DIRECTIONAL_WRITE_EXHAUSTED_PRIMALITY_UNASSIGNED,513,512,512,NO_RECORDED_FACTOR_PRP_OR_LL_RESULT_AND_NO_ACTIVE_GIMPS_ASSIGNMENT,2026-08-08T14:01:06+00:00,UNALLOCATED,,,,,
SLCMP585-1653,1653,1653,288582037,2^288582037-1,STRUCTURAL_SCREEN_EXHAUSTED_PRIMALITY_UNASSIGNED,GF3A_DIRECTIONAL_WRITE_EXHAUSTED_PRIMALITY_UNASSIGNED,513,512,512,NO_RECORDED_FACTOR_PRP_OR_LL_RESULT_AND_NO_ACTIVE_GIMPS_ASSIGNMENT,2026-08-08T14:01:06+00:00,UNALLOCATED,,,,,
SLCMP585-1654,1654,1654,288582061,2^288582061-1,STRUCTURAL_SCREEN_EXHAUSTED_PRIMALITY_UNASSIGNED,GF3A_DIRECTIONAL_WRITE_EXHAUSTED_PRIMALITY_UNASSIGNED,513,512,512,NO_RECORDED_FACTOR_PRP_OR_LL_RESULT_AND_NO_ACTIVE_GIMPS_ASSIGNMENT,2026-08-08T14:01:06+00:00,UNALLOCATED,,,,,
SLCMP585-1655,1655,1655,288582071,2^288582071-1,STRUCTURAL_SCREEN_EXHAUSTED_PRIMALITY_UNASSIGNED,GF3A_DIRECTIONAL_WRITE_EXHAUSTED_PRIMALITY_UNASSIGNED,514,512,512,NO_RECORDED_FACTOR_PRP_OR_LL_RESULT_AND_NO_ACTIVE_GIMPS_ASSIGNMENT,2026-08-08T14:01:06+00:00,UNALLOCATED,,,,,
SLCMP585-1656,1656,1656,288582097,2^288582097-1,STRUCTURAL_SCREEN_EXHAUSTED_PRIMALITY_UNASSIGNED,GF3A_DIRECTIONAL_WRITE_EXHAUSTED_PRIMALITY_UNASSIGNED,513,512,512,NO_RECORDED_FACTOR_PRP_OR_LL_RESULT_AND_NO_ACTIVE_GIMPS_ASSIGNMENT,2026-08-08T14:01:06+00:00,UNALLOCATED,,,,,
SLCMP585-1657,1657,1657,288582109,2^288582109-1,STRUCTURAL_SCREEN_EXHAUSTED_PRIMALITY_UNASSIGNED,GF3A_DIRECTIONAL_WRITE_EXHAUSTED_PRIMALITY_UNASSIGNED,513,512,512,NO_RECORDED_FACTOR_PRP_OR_LL_RESULT_AND_NO_ACTIVE_GIMPS_ASSIGNMENT,2026-08-08T14:01:06+00:00,UNALLOCATED,,,,,
SLCMP585-1658,1658,1658,288582197,2^288582197-1,STRUCTURAL_SCREEN_EXHAUSTED_PRIMALITY_UNASSIGNED,GF3A_DIRECTIONAL_WRITE_EXHAUSTED_PRIMALITY_UNASSIGNED,513,512,512,NO_RECORDED_FACTOR_PRP_OR_LL_RESULT_AND_NO_ACTIVE_GIMPS_ASSIGNMENT,2026-08-08T14:01:06+00:00,UNALLOCATED,,,,,
SLCMP585-1659,1659,1659,288582221,2^288582221-1,STRUCTURAL_SCREEN_EXHAUSTED_PRIMALITY_UNASSIGNED,GF3A_DIRECTIONAL_WRITE_EXHAUSTED_PRIMALITY_UNASSIGNED,513,512,512,NO_RECORDED_FACTOR_PRP_OR_LL_RESULT_AND_NO_ACTIVE_GIMPS_ASSIGNMENT,2026-08-08T14:01:06+00:00,UNALLOCATED,,,,,
SLCMP585-1660,1660,1660,288582271,2^288582271-1,STRUCTURAL_SCREEN_EXHAUSTED_PRIMALITY_UNASSIGNED,GF3A_DIRECTIONAL_WRITE_EXHAUSTED_PRIMALITY_UNASSIGNED,514,512,512,NO_RECORDED_FACTOR_PRP_OR_LL_RESULT_AND_NO_ACTIVE_GIMPS_ASSIGNMENT,2026-08-08T14:01:06+00:00,UNALLOCATED,,,,,
SLCMP585-1661,1661,1661,288582319,2^288582319-1,STRUCTURAL_SCREEN_EXHAUSTED_PRIMALITY_UNASSIGNED,GF3A_DIRECTIONAL_WRITE_EXHAUSTED_PRIMALITY_UNASSIGNED,514,512,512,NO_RECORDED_FACTOR_PRP_OR_LL_RESULT_AND_NO_ACTIVE_GIMPS_ASSIGNMENT,2026-08-08T14:01:06+00:00,UNALLOCATED,,,,,
SLCMP585-1662,1662,1662,288582337,2^288582337-1,STRUCTURAL_SCREEN_EXHAUSTED_PRIMALITY_UNASSIGNED,GF3A_DIRECTIONAL_WRITE_EXHAUSTED_PRIMALITY_UNASSIGNED,513,512,512,NO_RECORDED_FACTOR_PRP_OR_LL_RESULT_AND_NO_ACTIVE_GIMPS_ASSIGNMENT,2026-08-08T14:01:06+00:00,UNALLOCATED,,,,,
SLCMP585-1663,1663,1663,288582407,2^288582407-1,STRUCTURAL_SCREEN_EXHAUSTED_PRIMALITY_UNASSIGNED,GF3A_DIRECTIONAL_WRITE_EXHAUSTED_PRIMALITY_UNASSIGNED,514,512,512,NO_RECORDED_FACTOR_PRP_OR_LL_RESULT_AND_NO_ACTIVE_GIMPS_ASSIGNMENT,2026-08-08T14:01:06+00:00,UNALLOCATED,,,,,
SLCMP585-1664,1664,1664,288582409,2^288582409-1,STRUCTURAL_SCREEN_EXHAUSTED_PRIMALITY_UNASSIGNED,GF3A_DIRECTIONAL_WRITE_EXHAUSTED_PRIMALITY_UNASSIGNED,513,512,512,NO_RECORDED_FACTOR_PRP_OR_LL_RESULT_AND_NO_ACTIVE_GIMPS_ASSIGNMENT,2026-08-08T14:01:06+00:00,UNALLOCATED,,,,,
SLCMP585-1665,1665,1665,288582517,2^288582517-1,STRUCTURAL_SCREEN_EXHAUSTED_PRIMALITY_UNASSIGNED,GF3A_DIRECTIONAL_WRITE_EXHAUSTED_PRIMALITY_UNASSIGNED,513,512,512,NO_RECORDED_FACTOR_PRP_OR_LL_RESULT_AND_NO_ACTIVE_GIMPS_ASSIGNMENT,2026-08-08T14:01:06+00:00,UNALLOCATED,,,,,
SLCMP585-1666,1666,1666,288582577,2^288582577-1,STRUCTURAL_SCREEN_EXHAUSTED_PRIMALITY_UNASSIGNED,GF3A_DIRECTIONAL_WRITE_EXHAUSTED_PRIMALITY_UNASSIGNED,513,512,512,NO_RECORDED_FACTOR_PRP_OR_LL_RESULT_AND_NO_ACTIVE_GIMPS_ASSIGNMENT,2026-08-08T14:01:06+00:00,UNALLOCATED,,,,,
SLCMP585-1667,1667,1667,288582607,2^288582607-1,STRUCTURAL_SCREEN_EXHAUSTED_PRIMALITY_UNASSIGNED,GF3A_DIRECTIONAL_WRITE_EXHAUSTED_PRIMALITY_UNASSIGNED,514,512,512,NO_RECORDED_FACTOR_PRP_OR_LL_RESULT_AND_NO_ACTIVE_GIMPS_ASSIGNMENT,2026-08-08T14:01:06+00:00,UNALLOCATED,,,,,
SLCMP585-1668,1668,1668,288582611,2^288582611-1,STRUCTURAL_SCREEN_EXHAUSTED_PRIMALITY_UNASSIGNED,GF3A_DIRECTIONAL_WRITE_EXHAUSTED_PRIMALITY_UNASSIGNED,514,512,512,NO_RECORDED_FACTOR_PRP_OR_LL_RESULT_AND_NO_ACTIVE_GIMPS_ASSIGNMENT,2026-08-08T14:01:06+00:00,UNALLOCATED,,,,,
SLCMP585-1669,1669,1669,288582653,2^288582653-1,STRUCTURAL_SCREEN_EXHAUSTED_PRIMALITY_UNASSIGNED,GF3A_DIRECTIONAL_WRITE_EXHAUSTED_PRIMALITY_UNASSIGNED,513,512,512,NO_RECORDED_FACTOR_PRP_OR_LL_RESULT_AND_NO_ACTIVE_GIMPS_ASSIGNMENT,2026-08-08T14:01:06+00:00,UNALLOCATED,,,,,
SLCMP585-1670,1670,1670,288582673,2^288582673-1,STRUCTURAL_SCREEN_EXHAUSTED_PRIMALITY_UNASSIGNED,GF3A_DIRECTIONAL_WRITE_EXHAUSTED_PRIMALITY_UNASSIGNED,513,512,512,NO_RECORDED_FACTOR_PRP_OR_LL_RESULT_AND_NO_ACTIVE_GIMPS_ASSIGNMENT,2026-08-08T14:01:06+00:00,UNALLOCATED,,,,,
SLCMP585-1671,1671,1671,288582733,2^288582733-1,STRUCTURAL_SCREEN_EXHAUSTED_PRIMALITY_UNASSIGNED,GF3A_DIRECTIONAL_WRITE_EXHAUSTED_PRIMALITY_UNASSIGNED,513,512,512,NO_RECORDED_FACTOR_PRP_OR_LL_RESULT_AND_NO_ACTIVE_GIMPS_ASSIGNMENT,2026-08-08T14:01:06+00:00,UNALLOCATED,,,,,
SLCMP585-1672,1672,1672,288582781,2^288582781-1,STRUCTURAL_SCREEN_EXHAUSTED_PRIMALITY_UNASSIGNED,GF3A_DIRECTIONAL_WRITE_EXHAUSTED_PRIMALITY_UNASSIGNED,513,512,512,NO_RECORDED_FACTOR_PRP_OR_LL_RESULT_AND_NO_ACTIVE_GIMPS_ASSIGNMENT,2026-08-08T14:01:06+00:00,UNALLOCATED,,,,,
SLCMP585-1673,1673,1673,288582821,2^288582821-1,STRUCTURAL_SCREEN_EXHAUSTED_PRIMALITY_UNASSIGNED,GF3A_DIRECTIONAL_WRITE_EXHAUSTED_PRIMALITY_UNASSIGNED,513,512,512,NO_RECORDED_FACTOR_PRP_OR_LL_RESULT_AND_NO_ACTIVE_GIMPS_ASSIGNMENT,2026-08-08T14:01:06+00:00,UNALLOCATED,,,,,
SLCMP585-1674,1674,1674,288582839,2^288582839-1,STRUCTURAL_SCREEN_EXHAUSTED_PRIMALITY_UNASSIGNED,GF3A_DIRECTIONAL_WRITE_EXHAUSTED_PRIMALITY_UNASSIGNED,514,512,512,NO_RECORDED_FACTOR_PRP_OR_LL_RESULT_AND_NO_ACTIVE_GIMPS_ASSIGNMENT,2026-08-08T14:01:06+00:00,UNALLOCATED,,,,,
SLCMP585-1675,1675,1675,288582919,2^288582919-1,STRUCTURAL_SCREEN_EXHAUSTED_PRIMALITY_UNASSIGNED,GF3A_DIRECTIONAL_WRITE_EXHAUSTED_PRIMALITY_UNASSIGNED,514,512,512,NO_RECORDED_FACTOR_PRP_OR_LL_RESULT_AND_NO_ACTIVE_GIMPS_ASSIGNMENT,2026-08-08T14:01:06+00:00,UNALLOCATED,,,,,
SLCMP585-1676,1676,1676,288582929,2^288582929-1,STRUCTURAL_SCREEN_EXHAUSTED_PRIMALITY_UNASSIGNED,GF3A_DIRECTIONAL_WRITE_EXHAUSTED_PRIMALITY_UNASSIGNED,513,512,512,NO_RECORDED_FACTOR_PRP_OR_LL_RESULT_AND_NO_ACTIVE_GIMPS_ASSIGNMENT,2026-08-08T14:01:06+00:00,UNALLOCATED,,,,,
SLCMP585-1677,1677,1677,288582947,2^288582947-1,STRUCTURAL_SCREEN_EXHAUSTED_PRIMALITY_UNASSIGNED,GF3A_DIRECTIONAL_WRITE_EXHAUSTED_PRIMALITY_UNASSIGNED,514,512,512,NO_RECORDED_FACTOR_PRP_OR_LL_RESULT_AND_NO_ACTIVE_GIMPS_ASSIGNMENT,2026-08-08T14:01:06+00:00,UNALLOCATED,,,,,
SLCMP585-1678,1678,1678,288583111,2^288583111-1,STRUCTURAL_SCREEN_EXHAUSTED_PRIMALITY_UNASSIGNED,GF3A_DIRECTIONAL_WRITE_EXHAUSTED_PRIMALITY_UNASSIGNED,514,512,512,NO_RECORDED_FACTOR_PRP_OR_LL_RESULT_AND_NO_ACTIVE_GIMPS_ASSIGNMENT,2026-08-08T14:01:06+00:00,UNALLOCATED,,,,,
SLCMP585-1679,1679,1679,288583157,2^288583157-1,STRUCTURAL_SCREEN_EXHAUSTED_PRIMALITY_UNASSIGNED,GF3A_DIRECTIONAL_WRITE_EXHAUSTED_PRIMALITY_UNASSIGNED,513,512,512,NO_RECORDED_FACTOR_PRP_OR_LL_RESULT_AND_NO_ACTIVE_GIMPS_ASSIGNMENT,2026-08-08T14:01:06+00:00,UNALLOCATED,,,,,
SLCMP585-1680,1680,1680,288583189,2^288583189-1,STRUCTURAL_SCREEN_EXHAUSTED_PRIMALITY_UNASSIGNED,GF3A_DIRECTIONAL_WRITE_EXHAUSTED_PRIMALITY_UNASSIGNED,513,512,512,NO_RECORDED_FACTOR_PRP_OR_LL_RESULT_AND_NO_ACTIVE_GIMPS_ASSIGNMENT,2026-08-08T14:01:06+00:00,UNALLOCATED,,,,,
SLCMP585-1681,1681,1681,288583319,2^288583319-1,STRUCTURAL_SCREEN_EXHAUSTED_PRIMALITY_UNASSIGNED,GF3A_DIRECTIONAL_WRITE_EXHAUSTED_PRIMALITY_UNASSIGNED,514,512,512,NO_RECORDED_FACTOR_PRP_OR_LL_RESULT_AND_NO_ACTIVE_GIMPS_ASSIGNMENT,2026-08-08T14:01:06+00:00,UNALLOCATED,,,,,
SLCMP585-1682,1682,1682,288583333,2^288583333-1,STRUCTURAL_SCREEN_EXHAUSTED_PRIMALITY_UNASSIGNED,GF3A_DIRECTIONAL_WRITE_EXHAUSTED_PRIMALITY_UNASSIGNED,513,512,512,NO_RECORDED_FACTOR_PRP_OR_LL_RESULT_AND_NO_ACTIVE_GIMPS_ASSIGNMENT,2026-08-08T14:01:06+00:00,UNALLOCATED,,,,,
SLCMP585-1683,1683,1683,288583411,2^288583411-1,STRUCTURAL_SCREEN_EXHAUSTED_PRIMALITY_UNASSIGNED,GF3A_DIRECTIONAL_WRITE_EXHAUSTED_PRIMALITY_UNASSIGNED,514,512,512,NO_RECORDED_FACTOR_PRP_OR_LL_RESULT_AND_NO_ACTIVE_GIMPS_ASSIGNMENT,2026-08-08T14:01:06+00:00,UNALLOCATED,,,,,
SLCMP585-1684,1684,1684,288583487,2^288583487-1,STRUCTURAL_SCREEN_EXHAUSTED_PRIMALITY_UNASSIGNED,GF3A_DIRECTIONAL_WRITE_EXHAUSTED_PRIMALITY_UNASSIGNED,514,512,512,NO_RECORDED_FACTOR_PRP_OR_LL_RESULT_AND_NO_ACTIVE_GIMPS_ASSIGNMENT,2026-08-08T14:01:06+00:00,UNALLOCATED,,,,,
SLCMP585-1685,1685,1685,288583489,2^288583489-1,STRUCTURAL_SCREEN_EXHAUSTED_PRIMALITY_UNASSIGNED,GF3A_DIRECTIONAL_WRITE_EXHAUSTED_PRIMALITY_UNASSIGNED,513,512,512,NO_RECORDED_FACTOR_PRP_OR_LL_RESULT_AND_NO_ACTIVE_GIMPS_ASSIGNMENT,2026-08-08T14:01:06+00:00,UNALLOCATED,,,,,
SLCMP585-1686,1686,1686,288583643,2^288583643-1,STRUCTURAL_SCREEN_EXHAUSTED_PRIMALITY_UNASSIGNED,GF3A_DIRECTIONAL_WRITE_EXHAUSTED_PRIMALITY_UNASSIGNED,514,512,512,NO_RECORDED_FACTOR_PRP_OR_LL_RESULT_AND_NO_ACTIVE_GIMPS_ASSIGNMENT,2026-08-08T14:01:06+00:00,UNALLOCATED,,,,,
SLCMP585-1687,1687,1687,288583651,2^288583651-1,STRUCTURAL_SCREEN_EXHAUSTED_PRIMALITY_UNASSIGNED,GF3A_DIRECTIONAL_WRITE_EXHAUSTED_PRIMALITY_UNASSIGNED,514,512,512,NO_RECORDED_FACTOR_PRP_OR_LL_RESULT_AND_NO_ACTIVE_GIMPS_ASSIGNMENT,2026-08-08T14:01:06+00:00,UNALLOCATED,,,,,
SLCMP585-1688,1688,1688,288583693,2^288583693-1,STRUCTURAL_SCREEN_EXHAUSTED_PRIMALITY_UNASSIGNED,GF3A_DIRECTIONAL_WRITE_EXHAUSTED_PRIMALITY_UNASSIGNED,513,512,512,NO_RECORDED_FACTOR_PRP_OR_LL_RESULT_AND_NO_ACTIVE_GIMPS_ASSIGNMENT,2026-08-08T14:01:06+00:00,UNALLOCATED,,,,,
SLCMP585-1689,1689,1689,288583709,2^288583709-1,STRUCTURAL_SCREEN_EXHAUSTED_PRIMALITY_UNASSIGNED,GF3A_DIRECTIONAL_WRITE_EXHAUSTED_PRIMALITY_UNASSIGNED,513,512,512,NO_RECORDED_FACTOR_PRP_OR_LL_RESULT_AND_NO_ACTIVE_GIMPS_ASSIGNMENT,2026-08-08T14:01:06+00:00,UNALLOCATED,,,,,
SLCMP585-1690,1690,1690,288583747,2^288583747-1,STRUCTURAL_SCREEN_EXHAUSTED_PRIMALITY_UNASSIGNED,GF3A_DIRECTIONAL_WRITE_EXHAUSTED_PRIMALITY_UNASSIGNED,514,512,512,NO_RECORDED_FACTOR_PRP_OR_LL_RESULT_AND_NO_ACTIVE_GIMPS_ASSIGNMENT,2026-08-08T14:01:06+00:00,UNALLOCATED,,,,,
SLCMP585-1691,1691,1691,288583853,2^288583853-1,STRUCTURAL_SCREEN_EXHAUSTED_PRIMALITY_UNASSIGNED,GF3A_DIRECTIONAL_WRITE_EXHAUSTED_PRIMALITY_UNASSIGNED,513,512,512,NO_RECORDED_FACTOR_PRP_OR_LL_RESULT_AND_NO_ACTIVE_GIMPS_ASSIGNMENT,2026-08-08T14:01:06+00:00,UNALLOCATED,,,,,
SLCMP585-1692,1692,1692,288584003,2^288584003-1,STRUCTURAL_SCREEN_EXHAUSTED_PRIMALITY_UNASSIGNED,GF3A_DIRECTIONAL_WRITE_EXHAUSTED_PRIMALITY_UNASSIGNED,514,512,512,NO_RECORDED_FACTOR_PRP_OR_LL_RESULT_AND_NO_ACTIVE_GIMPS_ASSIGNMENT,2026-08-08T14:01:06+00:00,UNALLOCATED,,,,,
SLCMP585-1693,1693,1693,288584071,2^288584071-1,STRUCTURAL_SCREEN_EXHAUSTED_PRIMALITY_UNASSIGNED,GF3A_DIRECTIONAL_WRITE_EXHAUSTED_PRIMALITY_UNASSIGNED,514,512,512,NO_RECORDED_FACTOR_PRP_OR_LL_RESULT_AND_NO_ACTIVE_GIMPS_ASSIGNMENT,2026-08-08T14:01:06+00:00,UNALLOCATED,,,,,
SLCMP585-1694,1694,1694,288584083,2^288584083-1,STRUCTURAL_SCREEN_EXHAUSTED_PRIMALITY_UNASSIGNED,GF3A_DIRECTIONAL_WRITE_EXHAUSTED_PRIMALITY_UNASSIGNED,514,512,512,NO_RECORDED_FACTOR_PRP_OR_LL_RESULT_AND_NO_ACTIVE_GIMPS_ASSIGNMENT,2026-08-08T14:01:06+00:00,UNALLOCATED,,,,,
SLCMP585-1695,1695,1695,288584161,2^288584161-1,STRUCTURAL_SCREEN_EXHAUSTED_PRIMALITY_UNASSIGNED,GF3A_DIRECTIONAL_WRITE_EXHAUSTED_PRIMALITY_UNASSIGNED,513,512,512,NO_RECORDED_FACTOR_PRP_OR_LL_RESULT_AND_NO_ACTIVE_GIMPS_ASSIGNMENT,2026-08-08T14:01:06+00:00,UNALLOCATED,,,,,
SLCMP585-1696,1696,1696,288584171,2^288584171-1,STRUCTURAL_SCREEN_EXHAUSTED_PRIMALITY_UNASSIGNED,GF3A_DIRECTIONAL_WRITE_EXHAUSTED_PRIMALITY_UNASSIGNED,514,512,512,NO_RECORDED_FACTOR_PRP_OR_LL_RESULT_AND_NO_ACTIVE_GIMPS_ASSIGNMENT,2026-08-08T14:01:06+00:00,UNALLOCATED,,,,,
SLCMP585-1697,1697,1697,288584341,2^288584341-1,STRUCTURAL_SCREEN_EXHAUSTED_PRIMALITY_UNASSIGNED,GF3A_DIRECTIONAL_WRITE_EXHAUSTED_PRIMALITY_UNASSIGNED,513,512,512,NO_RECORDED_FACTOR_PRP_OR_LL_RESULT_AND_NO_ACTIVE_GIMPS_ASSIGNMENT,2026-08-08T14:01:06+00:00,UNALLOCATED,,,,,
SLCMP585-1698,1698,1698,288584357,2^288584357-1,STRUCTURAL_SCREEN_EXHAUSTED_PRIMALITY_UNASSIGNED,GF3A_DIRECTIONAL_WRITE_EXHAUSTED_PRIMALITY_UNASSIGNED,513,512,512,NO_RECORDED_FACTOR_PRP_OR_LL_RESULT_AND_NO_ACTIVE_GIMPS_ASSIGNMENT,2026-08-08T14:01:06+00:00,UNALLOCATED,,,,,
SLCMP585-1699,1699,1699,288584389,2^288584389-1,STRUCTURAL_SCREEN_EXHAUSTED_PRIMALITY_UNASSIGNED,GF3A_DIRECTIONAL_WRITE_EXHAUSTED_PRIMALITY_UNASSIGNED,513,512,512,NO_RECORDED_FACTOR_PRP_OR_LL_RESULT_AND_NO_ACTIVE_GIMPS_ASSIGNMENT,2026-08-08T14:01:06+00:00,UNALLOCATED,,,,,
SLCMP585-1700,1700,1700,288584411,2^288584411-1,STRUCTURAL_SCREEN_EXHAUSTED_PRIMALITY_UNASSIGNED,GF3A_DIRECTIONAL_WRITE_EXHAUSTED_PRIMALITY_UNASSIGNED,514,512,512,NO_RECORDED_FACTOR_PRP_OR_LL_RESULT_AND_NO_ACTIVE_GIMPS_ASSIGNMENT,2026-08-08T14:01:06+00:00,UNALLOCATED,,,,,
SLCMP585-1701,1701,1701,288584509,2^288584509-1,STRUCTURAL_SCREEN_EXHAUSTED_PRIMALITY_UNASSIGNED,GF3A_DIRECTIONAL_WRITE_EXHAUSTED_PRIMALITY_UNASSIGNED,513,512,512,NO_RECORDED_FACTOR_PRP_OR_LL_RESULT_AND_NO_ACTIVE_GIMPS_ASSIGNMENT,2026-08-08T14:01:06+00:00,UNALLOCATED,,,,,
SLCMP585-1702,1702,1702,288584677,2^288584677-1,STRUCTURAL_SCREEN_EXHAUSTED_PRIMALITY_UNASSIGNED,GF3A_DIRECTIONAL_WRITE_EXHAUSTED_PRIMALITY_UNASSIGNED,513,512,512,NO_RECORDED_FACTOR_PRP_OR_LL_RESULT_AND_NO_ACTIVE_GIMPS_ASSIGNMENT,2026-08-08T14:01:06+00:00,UNALLOCATED,,,,,
SLCMP585-1703,1703,1703,288584729,2^288584729-1,STRUCTURAL_SCREEN_EXHAUSTED_PRIMALITY_UNASSIGNED,GF3A_DIRECTIONAL_WRITE_EXHAUSTED_PRIMALITY_UNASSIGNED,513,512,512,NO_RECORDED_FACTOR_PRP_OR_LL_RESULT_AND_NO_ACTIVE_GIMPS_ASSIGNMENT,2026-08-08T14:01:06+00:00,UNALLOCATED,,,,,
SLCMP585-1704,1704,1704,288584789,2^288584789-1,STRUCTURAL_SCREEN_EXHAUSTED_PRIMALITY_UNASSIGNED,GF3A_DIRECTIONAL_WRITE_EXHAUSTED_PRIMALITY_UNASSIGNED,513,512,512,NO_RECORDED_FACTOR_PRP_OR_LL_RESULT_AND_NO_ACTIVE_GIMPS_ASSIGNMENT,2026-08-08T14:01:06+00:00,UNALLOCATED,,,,,
SLCMP585-1705,1705,1705,288584827,2^288584827-1,STRUCTURAL_SCREEN_EXHAUSTED_PRIMALITY_UNASSIGNED,GF3A_DIRECTIONAL_WRITE_EXHAUSTED_PRIMALITY_UNASSIGNED,514,512,512,NO_RECORDED_FACTOR_PRP_OR_LL_RESULT_AND_NO_ACTIVE_GIMPS_ASSIGNMENT,2026-08-08T14:01:06+00:00,UNALLOCATED,,,,,
SLCMP585-1706,1706,1706,288584833,2^288584833-1,STRUCTURAL_SCREEN_EXHAUSTED_PRIMALITY_UNASSIGNED,GF3A_DIRECTIONAL_WRITE_EXHAUSTED_PRIMALITY_UNASSIGNED,513,512,512,NO_RECORDED_FACTOR_PRP_OR_LL_RESULT_AND_NO_ACTIVE_GIMPS_ASSIGNMENT,2026-08-08T14:01:06+00:00,UNALLOCATED,,,,,
SLCMP585-1707,1707,1707,288584893,2^288584893-1,STRUCTURAL_SCREEN_EXHAUSTED_PRIMALITY_UNASSIGNED,GF3A_DIRECTIONAL_WRITE_EXHAUSTED_PRIMALITY_UNASSIGNED,513,512,512,NO_RECORDED_FACTOR_PRP_OR_LL_RESULT_AND_NO_ACTIVE_GIMPS_ASSIGNMENT,2026-08-08T14:01:06+00:00,UNALLOCATED,,,,,
SLCMP585-1708,1708,1708,288584899,2^288584899-1,STRUCTURAL_SCREEN_EXHAUSTED_PRIMALITY_UNASSIGNED,GF3A_DIRECTIONAL_WRITE_EXHAUSTED_PRIMALITY_UNASSIGNED,514,512,512,NO_RECORDED_FACTOR_PRP_OR_LL_RESULT_AND_NO_ACTIVE_GIMPS_ASSIGNMENT,2026-08-08T14:01:06+00:00,UNALLOCATED,,,,,
SLCMP585-1709,1709,1709,288584909,2^288584909-1,STRUCTURAL_SCREEN_EXHAUSTED_PRIMALITY_UNASSIGNED,GF3A_DIRECTIONAL_WRITE_EXHAUSTED_PRIMALITY_UNASSIGNED,513,512,512,NO_RECORDED_FACTOR_PRP_OR_LL_RESULT_AND_NO_ACTIVE_GIMPS_ASSIGNMENT,2026-08-08T14:01:06+00:00,UNALLOCATED,,,,,
SLCMP585-1710,1710,1710,288584951,2^288584951-1,STRUCTURAL_SCREEN_EXHAUSTED_PRIMALITY_UNASSIGNED,GF3A_DIRECTIONAL_WRITE_EXHAUSTED_PRIMALITY_UNASSIGNED,514,512,512,NO_RECORDED_FACTOR_PRP_OR_LL_RESULT_AND_NO_ACTIVE_GIMPS_ASSIGNMENT,2026-08-08T14:01:06+00:00,UNALLOCATED,,,,,
SLCMP585-1711,1711,1711,288584981,2^288584981-1,STRUCTURAL_SCREEN_EXHAUSTED_PRIMALITY_UNASSIGNED,GF3A_DIRECTIONAL_WRITE_EXHAUSTED_PRIMALITY_UNASSIGNED,513,512,512,NO_RECORDED_FACTOR_PRP_OR_LL_RESULT_AND_NO_ACTIVE_GIMPS_ASSIGNMENT,2026-08-08T14:01:06+00:00,UNALLOCATED,,,,,
SLCMP585-1712,1712,1712,288585007,2^288585007-1,STRUCTURAL_SCREEN_EXHAUSTED_PRIMALITY_UNASSIGNED,GF3A_DIRECTIONAL_WRITE_EXHAUSTED_PRIMALITY_UNASSIGNED,514,512,512,NO_RECORDED_FACTOR_PRP_OR_LL_RESULT_AND_NO_ACTIVE_GIMPS_ASSIGNMENT,2026-08-08T14:01:06+00:00,UNALLOCATED,,,,,
SLCMP585-1713,1713,1713,288585097,2^288585097-1,STRUCTURAL_SCREEN_EXHAUSTED_PRIMALITY_UNASSIGNED,GF3A_DIRECTIONAL_WRITE_EXHAUSTED_PRIMALITY_UNASSIGNED,513,512,512,NO_RECORDED_FACTOR_PRP_OR_LL_RESULT_AND_NO_ACTIVE_GIMPS_ASSIGNMENT,2026-08-08T14:01:06+00:00,UNALLOCATED,,,,,
SLCMP585-1714,1714,1714,288585127,2^288585127-1,STRUCTURAL_SCREEN_EXHAUSTED_PRIMALITY_UNASSIGNED,GF3A_DIRECTIONAL_WRITE_EXHAUSTED_PRIMALITY_UNASSIGNED,514,512,512,NO_RECORDED_FACTOR_PRP_OR_LL_RESULT_AND_NO_ACTIVE_GIMPS_ASSIGNMENT,2026-08-08T14:01:06+00:00,UNALLOCATED,,,,,
SLCMP585-1715,1715,1715,288585139,2^288585139-1,STRUCTURAL_SCREEN_EXHAUSTED_PRIMALITY_UNASSIGNED,GF3A_DIRECTIONAL_WRITE_EXHAUSTED_PRIMALITY_UNASSIGNED,514,512,512,NO_RECORDED_FACTOR_PRP_OR_LL_RESULT_AND_NO_ACTIVE_GIMPS_ASSIGNMENT,2026-08-08T14:01:06+00:00,UNALLOCATED,,,,,
SLCMP585-1716,1716,1716,288585191,2^288585191-1,STRUCTURAL_SCREEN_EXHAUSTED_PRIMALITY_UNASSIGNED,GF3A_DIRECTIONAL_WRITE_EXHAUSTED_PRIMALITY_UNASSIGNED,514,512,512,NO_RECORDED_FACTOR_PRP_OR_LL_RESULT_AND_NO_ACTIVE_GIMPS_ASSIGNMENT,2026-08-08T14:01:06+00:00,UNALLOCATED,,,,,
SLCMP585-1717,1717,1717,288585203,2^288585203-1,STRUCTURAL_SCREEN_EXHAUSTED_PRIMALITY_UNASSIGNED,GF3A_DIRECTIONAL_WRITE_EXHAUSTED_PRIMALITY_UNASSIGNED,514,512,512,NO_RECORDED_FACTOR_PRP_OR_LL_RESULT_AND_NO_ACTIVE_GIMPS_ASSIGNMENT,2026-08-08T14:01:06+00:00,UNALLOCATED,,,,,
SLCMP585-1718,1718,1718,288585257,2^288585257-1,STRUCTURAL_SCREEN_EXHAUSTED_PRIMALITY_UNASSIGNED,GF3A_DIRECTIONAL_WRITE_EXHAUSTED_PRIMALITY_UNASSIGNED,513,512,512,NO_RECORDED_FACTOR_PRP_OR_LL_RESULT_AND_NO_ACTIVE_GIMPS_ASSIGNMENT,2026-08-08T14:01:06+00:00,UNALLOCATED,,,,,
SLCMP585-1719,1719,1719,288585289,2^288585289-1,STRUCTURAL_SCREEN_EXHAUSTED_PRIMALITY_UNASSIGNED,GF3A_DIRECTIONAL_WRITE_EXHAUSTED_PRIMALITY_UNASSIGNED,513,512,512,NO_RECORDED_FACTOR_PRP_OR_LL_RESULT_AND_NO_ACTIVE_GIMPS_ASSIGNMENT,2026-08-08T14:01:06+00:00,UNALLOCATED,,,,,
SLCMP585-1720,1720,1720,288585307,2^288585307-1,STRUCTURAL_SCREEN_EXHAUSTED_PRIMALITY_UNASSIGNED,GF3A_DIRECTIONAL_WRITE_EXHAUSTED_PRIMALITY_UNASSIGNED,514,512,512,NO_RECORDED_FACTOR_PRP_OR_LL_RESULT_AND_NO_ACTIVE_GIMPS_ASSIGNMENT,2026-08-08T14:01:06+00:00,UNALLOCATED,,,,,
SLCMP585-1721,1721,1721,288585361,2^288585361-1,STRUCTURAL_SCREEN_EXHAUSTED_PRIMALITY_UNASSIGNED,GF3A_DIRECTIONAL_WRITE_EXHAUSTED_PRIMALITY_UNASSIGNED,513,512,512,NO_RECORDED_FACTOR_PRP_OR_LL_RESULT_AND_NO_ACTIVE_GIMPS_ASSIGNMENT,2026-08-08T14:01:06+00:00,UNALLOCATED,,,,,
SLCMP585-1722,1722,1722,288585391,2^288585391-1,STRUCTURAL_SCREEN_EXHAUSTED_PRIMALITY_UNASSIGNED,GF3A_DIRECTIONAL_WRITE_EXHAUSTED_PRIMALITY_UNASSIGNED,514,512,512,NO_RECORDED_FACTOR_PRP_OR_LL_RESULT_AND_NO_ACTIVE_GIMPS_ASSIGNMENT,2026-08-08T14:01:06+00:00,UNALLOCATED,,,,,
SLCMP585-1723,1723,1723,288585397,2^288585397-1,STRUCTURAL_SCREEN_EXHAUSTED_PRIMALITY_UNASSIGNED,GF3A_DIRECTIONAL_WRITE_EXHAUSTED_PRIMALITY_UNASSIGNED,513,512,512,NO_RECORDED_FACTOR_PRP_OR_LL_RESULT_AND_NO_ACTIVE_GIMPS_ASSIGNMENT,2026-08-08T14:01:06+00:00,UNALLOCATED,,,,,
SLCMP585-1724,1724,1724,288585463,2^288585463-1,STRUCTURAL_SCREEN_EXHAUSTED_PRIMALITY_UNASSIGNED,GF3A_DIRECTIONAL_WRITE_EXHAUSTED_PRIMALITY_UNASSIGNED,514,512,512,NO_RECORDED_FACTOR_PRP_OR_LL_RESULT_AND_NO_ACTIVE_GIMPS_ASSIGNMENT,2026-08-08T14:01:06+00:00,UNALLOCATED,,,,,
SLCMP585-1725,1725,1725,288585701,2^288585701-1,STRUCTURAL_SCREEN_EXHAUSTED_PRIMALITY_UNASSIGNED,GF3A_DIRECTIONAL_WRITE_EXHAUSTED_PRIMALITY_UNASSIGNED,513,512,512,NO_RECORDED_FACTOR_PRP_OR_LL_RESULT_AND_NO_ACTIVE_GIMPS_ASSIGNMENT,2026-08-08T14:01:06+00:00,UNALLOCATED,,,,,
SLCMP585-1726,1726,1726,288585707,2^288585707-1,STRUCTURAL_SCREEN_EXHAUSTED_PRIMALITY_UNASSIGNED,GF3A_DIRECTIONAL_WRITE_EXHAUSTED_PRIMALITY_UNASSIGNED,514,512,512,NO_RECORDED_FACTOR_PRP_OR_LL_RESULT_AND_NO_ACTIVE_GIMPS_ASSIGNMENT,2026-08-08T14:01:06+00:00,UNALLOCATED,,,,,
SLCMP585-1727,1727,1727,288585719,2^288585719-1,STRUCTURAL_SCREEN_EXHAUSTED_PRIMALITY_UNASSIGNED,GF3A_DIRECTIONAL_WRITE_EXHAUSTED_PRIMALITY_UNASSIGNED,514,512,512,NO_RECORDED_FACTOR_PRP_OR_LL_RESULT_AND_NO_ACTIVE_GIMPS_ASSIGNMENT,2026-08-08T14:01:06+00:00,UNALLOCATED,,,,,
SLCMP585-1728,1728,1728,288585751,2^288585751-1,STRUCTURAL_SCREEN_EXHAUSTED_PRIMALITY_UNASSIGNED,GF3A_DIRECTIONAL_WRITE_EXHAUSTED_PRIMALITY_UNASSIGNED,514,512,512,NO_RECORDED_FACTOR_PRP_OR_LL_RESULT_AND_NO_ACTIVE_GIMPS_ASSIGNMENT,2026-08-08T14:01:06+00:00,UNALLOCATED,,,,,
SLCMP585-1729,1729,1729,288585763,2^288585763-1,STRUCTURAL_SCREEN_EXHAUSTED_PRIMALITY_UNASSIGNED,GF3A_DIRECTIONAL_WRITE_EXHAUSTED_PRIMALITY_UNASSIGNED,514,512,512,NO_RECORDED_FACTOR_PRP_OR_LL_RESULT_AND_NO_ACTIVE_GIMPS_ASSIGNMENT,2026-08-08T14:01:06+00:00,UNALLOCATED,,,,,
SLCMP585-1730,1730,1730,288585797,2^288585797-1,STRUCTURAL_SCREEN_EXHAUSTED_PRIMALITY_UNASSIGNED,GF3A_DIRECTIONAL_WRITE_EXHAUSTED_PRIMALITY_UNASSIGNED,513,512,512,NO_RECORDED_FACTOR_PRP_OR_LL_RESULT_AND_NO_ACTIVE_GIMPS_ASSIGNMENT,2026-08-08T14:01:06+00:00,UNALLOCATED,,,,,
SLCMP585-1731,1731,1731,288585827,2^288585827-1,STRUCTURAL_SCREEN_EXHAUSTED_PRIMALITY_UNASSIGNED,GF3A_DIRECTIONAL_WRITE_EXHAUSTED_PRIMALITY_UNASSIGNED,514,512,512,NO_RECORDED_FACTOR_PRP_OR_LL_RESULT_AND_NO_ACTIVE_GIMPS_ASSIGNMENT,2026-08-08T14:01:06+00:00,UNALLOCATED,,,,,
SLCMP585-1732,1732,1732,288585877,2^288585877-1,STRUCTURAL_SCREEN_EXHAUSTED_PRIMALITY_UNASSIGNED,GF3A_DIRECTIONAL_WRITE_EXHAUSTED_PRIMALITY_UNASSIGNED,513,512,512,NO_RECORDED_FACTOR_PRP_OR_LL_RESULT_AND_NO_ACTIVE_GIMPS_ASSIGNMENT,2026-08-08T14:01:06+00:00,UNALLOCATED,,,,,
SLCMP585-1733,1733,1733,288585881,2^288585881-1,STRUCTURAL_SCREEN_EXHAUSTED_PRIMALITY_UNASSIGNED,GF3A_DIRECTIONAL_WRITE_EXHAUSTED_PRIMALITY_UNASSIGNED,513,512,512,NO_RECORDED_FACTOR_PRP_OR_LL_RESULT_AND_NO_ACTIVE_GIMPS_ASSIGNMENT,2026-08-08T14:01:06+00:00,UNALLOCATED,,,,,
SLCMP585-1734,1734,1734,288585907,2^288585907-1,STRUCTURAL_SCREEN_EXHAUSTED_PRIMALITY_UNASSIGNED,GF3A_DIRECTIONAL_WRITE_EXHAUSTED_PRIMALITY_UNASSIGNED,514,512,512,NO_RECORDED_FACTOR_PRP_OR_LL_RESULT_AND_NO_ACTIVE_GIMPS_ASSIGNMENT,2026-08-08T14:01:06+00:00,UNALLOCATED,,,,,
SLCMP585-1735,1735,1735,288585917,2^288585917-1,STRUCTURAL_SCREEN_EXHAUSTED_PRIMALITY_UNASSIGNED,GF3A_DIRECTIONAL_WRITE_EXHAUSTED_PRIMALITY_UNASSIGNED,513,512,512,NO_RECORDED_FACTOR_PRP_OR_LL_RESULT_AND_NO_ACTIVE_GIMPS_ASSIGNMENT,2026-08-08T14:01:06+00:00,UNALLOCATED,,,,,
SLCMP585-1736,1736,1736,288585959,2^288585959-1,STRUCTURAL_SCREEN_EXHAUSTED_PRIMALITY_UNASSIGNED,GF3A_DIRECTIONAL_WRITE_EXHAUSTED_PRIMALITY_UNASSIGNED,514,512,512,NO_RECORDED_FACTOR_PRP_OR_LL_RESULT_AND_NO_ACTIVE_GIMPS_ASSIGNMENT,2026-08-08T14:01:06+00:00,UNALLOCATED,,,,,
SLCMP585-1737,1737,1737,288586091,2^288586091-1,STRUCTURAL_SCREEN_EXHAUSTED_PRIMALITY_UNASSIGNED,GF3A_DIRECTIONAL_WRITE_EXHAUSTED_PRIMALITY_UNASSIGNED,514,512,512,NO_RECORDED_FACTOR_PRP_OR_LL_RESULT_AND_NO_ACTIVE_GIMPS_ASSIGNMENT,2026-08-08T14:01:06+00:00,UNALLOCATED,,,,,
SLCMP585-1738,1738,1738,288586097,2^288586097-1,STRUCTURAL_SCREEN_EXHAUSTED_PRIMALITY_UNASSIGNED,GF3A_DIRECTIONAL_WRITE_EXHAUSTED_PRIMALITY_UNASSIGNED,513,512,512,NO_RECORDED_FACTOR_PRP_OR_LL_RESULT_AND_NO_ACTIVE_GIMPS_ASSIGNMENT,2026-08-08T14:01:06+00:00,UNALLOCATED,,,,,
SLCMP585-1739,1739,1739,288586183,2^288586183-1,STRUCTURAL_SCREEN_EXHAUSTED_PRIMALITY_UNASSIGNED,GF3A_DIRECTIONAL_WRITE_EXHAUSTED_PRIMALITY_UNASSIGNED,514,512,512,NO_RECORDED_FACTOR_PRP_OR_LL_RESULT_AND_NO_ACTIVE_GIMPS_ASSIGNMENT,2026-08-08T14:01:06+00:00,UNALLOCATED,,,,,
SLCMP585-1740,1740,1740,288586211,2^288586211-1,STRUCTURAL_SCREEN_EXHAUSTED_PRIMALITY_UNASSIGNED,GF3A_DIRECTIONAL_WRITE_EXHAUSTED_PRIMALITY_UNASSIGNED,514,512,512,NO_RECORDED_FACTOR_PRP_OR_LL_RESULT_AND_NO_ACTIVE_GIMPS_ASSIGNMENT,2026-08-08T14:01:06+00:00,UNALLOCATED,,,,,
SLCMP585-1741,1741,1741,288586213,2^288586213-1,STRUCTURAL_SCREEN_EXHAUSTED_PRIMALITY_UNASSIGNED,GF3A_DIRECTIONAL_WRITE_EXHAUSTED_PRIMALITY_UNASSIGNED,513,512,512,NO_RECORDED_FACTOR_PRP_OR_LL_RESULT_AND_NO_ACTIVE_GIMPS_ASSIGNMENT,2026-08-08T14:01:06+00:00,UNALLOCATED,,,,,
SLCMP585-1742,1742,1742,288586241,2^288586241-1,STRUCTURAL_SCREEN_EXHAUSTED_PRIMALITY_UNASSIGNED,GF3A_DIRECTIONAL_WRITE_EXHAUSTED_PRIMALITY_UNASSIGNED,513,512,512,NO_RECORDED_FACTOR_PRP_OR_LL_RESULT_AND_NO_ACTIVE_GIMPS_ASSIGNMENT,2026-08-08T14:01:06+00:00,UNALLOCATED,,,,,
SLCMP585-1743,1743,1743,288586321,2^288586321-1,STRUCTURAL_SCREEN_EXHAUSTED_PRIMALITY_UNASSIGNED,GF3A_DIRECTIONAL_WRITE_EXHAUSTED_PRIMALITY_UNASSIGNED,513,512,512,NO_RECORDED_FACTOR_PRP_OR_LL_RESULT_AND_NO_ACTIVE_GIMPS_ASSIGNMENT,2026-08-08T14:01:06+00:00,UNALLOCATED,,,,,
SLCMP585-1744,1744,1744,288586343,2^288586343-1,STRUCTURAL_SCREEN_EXHAUSTED_PRIMALITY_UNASSIGNED,GF3A_DIRECTIONAL_WRITE_EXHAUSTED_PRIMALITY_UNASSIGNED,514,512,512,NO_RECORDED_FACTOR_PRP_OR_LL_RESULT_AND_NO_ACTIVE_GIMPS_ASSIGNMENT,2026-08-08T14:01:06+00:00,UNALLOCATED,,,,,
SLCMP585-1745,1745,1745,288586381,2^288586381-1,STRUCTURAL_SCREEN_EXHAUSTED_PRIMALITY_UNASSIGNED,GF3A_DIRECTIONAL_WRITE_EXHAUSTED_PRIMALITY_UNASSIGNED,513,512,512,NO_RECORDED_FACTOR_PRP_OR_LL_RESULT_AND_NO_ACTIVE_GIMPS_ASSIGNMENT,2026-08-08T14:01:06+00:00,UNALLOCATED,,,,,
SLCMP585-1746,1746,1746,288586411,2^288586411-1,STRUCTURAL_SCREEN_EXHAUSTED_PRIMALITY_UNASSIGNED,GF3A_DIRECTIONAL_WRITE_EXHAUSTED_PRIMALITY_UNASSIGNED,514,512,512,NO_RECORDED_FACTOR_PRP_OR_LL_RESULT_AND_NO_ACTIVE_GIMPS_ASSIGNMENT,2026-08-08T14:01:06+00:00,UNALLOCATED,,,,,
SLCMP585-1747,1747,1747,288586469,2^288586469-1,STRUCTURAL_SCREEN_EXHAUSTED_PRIMALITY_UNASSIGNED,GF3A_DIRECTIONAL_WRITE_EXHAUSTED_PRIMALITY_UNASSIGNED,513,512,512,NO_RECORDED_FACTOR_PRP_OR_LL_RESULT_AND_NO_ACTIVE_GIMPS_ASSIGNMENT,2026-08-08T14:01:06+00:00,UNALLOCATED,,,,,
SLCMP585-1748,1748,1748,288586477,2^288586477-1,STRUCTURAL_SCREEN_EXHAUSTED_PRIMALITY_UNASSIGNED,GF3A_DIRECTIONAL_WRITE_EXHAUSTED_PRIMALITY_UNASSIGNED,513,512,512,NO_RECORDED_FACTOR_PRP_OR_LL_RESULT_AND_NO_ACTIVE_GIMPS_ASSIGNMENT,2026-08-08T14:01:06+00:00,UNALLOCATED,,,,,
SLCMP585-1749,1749,1749,288586513,2^288586513-1,STRUCTURAL_SCREEN_EXHAUSTED_PRIMALITY_UNASSIGNED,GF3A_DIRECTIONAL_WRITE_EXHAUSTED_PRIMALITY_UNASSIGNED,513,512,512,NO_RECORDED_FACTOR_PRP_OR_LL_RESULT_AND_NO_ACTIVE_GIMPS_ASSIGNMENT,2026-08-08T14:01:06+00:00,UNALLOCATED,,,,,
SLCMP585-1750,1750,1750,288586517,2^288586517-1,STRUCTURAL_SCREEN_EXHAUSTED_PRIMALITY_UNASSIGNED,GF3A_DIRECTIONAL_WRITE_EXHAUSTED_PRIMALITY_UNASSIGNED,513,512,512,NO_RECORDED_FACTOR_PRP_OR_LL_RESULT_AND_NO_ACTIVE_GIMPS_ASSIGNMENT,2026-08-08T14:01:06+00:00,UNALLOCATED,,,,,
SLCMP585-1751,1751,1751,288586549,2^288586549-1,STRUCTURAL_SCREEN_EXHAUSTED_PRIMALITY_UNASSIGNED,GF3A_DIRECTIONAL_WRITE_EXHAUSTED_PRIMALITY_UNASSIGNED,513,512,512,NO_RECORDED_FACTOR_PRP_OR_LL_RESULT_AND_NO_ACTIVE_GIMPS_ASSIGNMENT,2026-08-08T14:01:06+00:00,UNALLOCATED,,,,,
SLCMP585-1752,1752,1752,288586559,2^288586559-1,STRUCTURAL_SCREEN_EXHAUSTED_PRIMALITY_UNASSIGNED,GF3A_DIRECTIONAL_WRITE_EXHAUSTED_PRIMALITY_UNASSIGNED,514,512,512,NO_RECORDED_FACTOR_PRP_OR_LL_RESULT_AND_NO_ACTIVE_GIMPS_ASSIGNMENT,2026-08-08T14:01:06+00:00,UNALLOCATED,,,,,
SLCMP585-1753,1753,1753,288586561,2^288586561-1,STRUCTURAL_SCREEN_EXHAUSTED_PRIMALITY_UNASSIGNED,GF3A_DIRECTIONAL_WRITE_EXHAUSTED_PRIMALITY_UNASSIGNED,513,512,512,NO_RECORDED_FACTOR_PRP_OR_LL_RESULT_AND_NO_ACTIVE_GIMPS_ASSIGNMENT,2026-08-08T14:01:06+00:00,UNALLOCATED,,,,,
SLCMP585-1754,1754,1754,288586579,2^288586579-1,STRUCTURAL_SCREEN_EXHAUSTED_PRIMALITY_UNASSIGNED,GF3A_DIRECTIONAL_WRITE_EXHAUSTED_PRIMALITY_UNASSIGNED,514,512,512,NO_RECORDED_FACTOR_PRP_OR_LL_RESULT_AND_NO_ACTIVE_GIMPS_ASSIGNMENT,2026-08-08T14:01:06+00:00,UNALLOCATED,,,,,
SLCMP585-1755,1755,1755,288586757,2^288586757-1,STRUCTURAL_SCREEN_EXHAUSTED_PRIMALITY_UNASSIGNED,GF3A_DIRECTIONAL_WRITE_EXHAUSTED_PRIMALITY_UNASSIGNED,513,512,512,NO_RECORDED_FACTOR_PRP_OR_LL_RESULT_AND_NO_ACTIVE_GIMPS_ASSIGNMENT,2026-08-08T14:01:06+00:00,UNALLOCATED,,,,,
SLCMP585-1756,1756,1756,288586783,2^288586783-1,STRUCTURAL_SCREEN_EXHAUSTED_PRIMALITY_UNASSIGNED,GF3A_DIRECTIONAL_WRITE_EXHAUSTED_PRIMALITY_UNASSIGNED,514,512,512,NO_RECORDED_FACTOR_PRP_OR_LL_RESULT_AND_NO_ACTIVE_GIMPS_ASSIGNMENT,2026-08-08T14:01:06+00:00,UNALLOCATED,,,,,
SLCMP585-1757,1757,1757,288586919,2^288586919-1,STRUCTURAL_SCREEN_EXHAUSTED_PRIMALITY_UNASSIGNED,GF3A_DIRECTIONAL_WRITE_EXHAUSTED_PRIMALITY_UNASSIGNED,514,512,512,NO_RECORDED_FACTOR_PRP_OR_LL_RESULT_AND_NO_ACTIVE_GIMPS_ASSIGNMENT,2026-08-08T14:01:06+00:00,UNALLOCATED,,,,,
SLCMP585-1758,1758,1758,288587183,2^288587183-1,STRUCTURAL_SCREEN_EXHAUSTED_PRIMALITY_UNASSIGNED,GF3A_DIRECTIONAL_WRITE_EXHAUSTED_PRIMALITY_UNASSIGNED,514,512,512,NO_RECORDED_FACTOR_PRP_OR_LL_RESULT_AND_NO_ACTIVE_GIMPS_ASSIGNMENT,2026-08-08T14:01:06+00:00,UNALLOCATED,,,,,
SLCMP585-1759,1759,1759,288587203,2^288587203-1,STRUCTURAL_SCREEN_EXHAUSTED_PRIMALITY_UNASSIGNED,GF3A_DIRECTIONAL_WRITE_EXHAUSTED_PRIMALITY_UNASSIGNED,514,512,512,NO_RECORDED_FACTOR_PRP_OR_LL_RESULT_AND_NO_ACTIVE_GIMPS_ASSIGNMENT,2026-08-08T14:01:06+00:00,UNALLOCATED,,,,,
SLCMP585-1760,1760,1760,288587209,2^288587209-1,STRUCTURAL_SCREEN_EXHAUSTED_PRIMALITY_UNASSIGNED,GF3A_DIRECTIONAL_WRITE_EXHAUSTED_PRIMALITY_UNASSIGNED,513,512,512,NO_RECORDED_FACTOR_PRP_OR_LL_RESULT_AND_NO_ACTIVE_GIMPS_ASSIGNMENT,2026-08-08T14:01:06+00:00,UNALLOCATED,,,,,
SLCMP585-1761,1761,1761,288587227,2^288587227-1,STRUCTURAL_SCREEN_EXHAUSTED_PRIMALITY_UNASSIGNED,GF3A_DIRECTIONAL_WRITE_EXHAUSTED_PRIMALITY_UNASSIGNED,514,512,512,NO_RECORDED_FACTOR_PRP_OR_LL_RESULT_AND_NO_ACTIVE_GIMPS_ASSIGNMENT,2026-08-08T14:01:06+00:00,UNALLOCATED,,,,,
SLCMP585-1762,1762,1762,288587329,2^288587329-1,STRUCTURAL_SCREEN_EXHAUSTED_PRIMALITY_UNASSIGNED,GF3A_DIRECTIONAL_WRITE_EXHAUSTED_PRIMALITY_UNASSIGNED,513,512,512,NO_RECORDED_FACTOR_PRP_OR_LL_RESULT_AND_NO_ACTIVE_GIMPS_ASSIGNMENT,2026-08-08T14:01:06+00:00,UNALLOCATED,,,,,
SLCMP585-1763,1763,1763,288587353,2^288587353-1,STRUCTURAL_SCREEN_EXHAUSTED_PRIMALITY_UNASSIGNED,GF3A_DIRECTIONAL_WRITE_EXHAUSTED_PRIMALITY_UNASSIGNED,513,512,512,NO_RECORDED_FACTOR_PRP_OR_LL_RESULT_AND_NO_ACTIVE_GIMPS_ASSIGNMENT,2026-08-08T14:01:06+00:00,UNALLOCATED,,,,,
SLCMP585-1764,1764,1764,288587399,2^288587399-1,STRUCTURAL_SCREEN_EXHAUSTED_PRIMALITY_UNASSIGNED,GF3A_DIRECTIONAL_WRITE_EXHAUSTED_PRIMALITY_UNASSIGNED,514,512,512,NO_RECORDED_FACTOR_PRP_OR_LL_RESULT_AND_NO_ACTIVE_GIMPS_ASSIGNMENT,2026-08-08T14:01:06+00:00,UNALLOCATED,,,,,
SLCMP585-1765,1765,1765,288587413,2^288587413-1,STRUCTURAL_SCREEN_EXHAUSTED_PRIMALITY_UNASSIGNED,GF3A_DIRECTIONAL_WRITE_EXHAUSTED_PRIMALITY_UNASSIGNED,513,512,512,NO_RECORDED_FACTOR_PRP_OR_LL_RESULT_AND_NO_ACTIVE_GIMPS_ASSIGNMENT,2026-08-08T14:01:06+00:00,UNALLOCATED,,,,,
SLCMP585-1766,1766,1766,288587459,2^288587459-1,STRUCTURAL_SCREEN_EXHAUSTED_PRIMALITY_UNASSIGNED,GF3A_DIRECTIONAL_WRITE_EXHAUSTED_PRIMALITY_UNASSIGNED,514,512,512,NO_RECORDED_FACTOR_PRP_OR_LL_RESULT_AND_NO_ACTIVE_GIMPS_ASSIGNMENT,2026-08-08T14:01:06+00:00,UNALLOCATED,,,,,
SLCMP585-1767,1767,1767,288587503,2^288587503-1,STRUCTURAL_SCREEN_EXHAUSTED_PRIMALITY_UNASSIGNED,GF3A_DIRECTIONAL_WRITE_EXHAUSTED_PRIMALITY_UNASSIGNED,514,512,512,NO_RECORDED_FACTOR_PRP_OR_LL_RESULT_AND_NO_ACTIVE_GIMPS_ASSIGNMENT,2026-08-08T14:01:06+00:00,UNALLOCATED,,,,,
SLCMP585-1768,1768,1768,288587539,2^288587539-1,STRUCTURAL_SCREEN_EXHAUSTED_PRIMALITY_UNASSIGNED,GF3A_DIRECTIONAL_WRITE_EXHAUSTED_PRIMALITY_UNASSIGNED,514,512,512,NO_RECORDED_FACTOR_PRP_OR_LL_RESULT_AND_NO_ACTIVE_GIMPS_ASSIGNMENT,2026-08-08T14:01:06+00:00,UNALLOCATED,,,,,
SLCMP585-1769,1769,1769,288587549,2^288587549-1,STRUCTURAL_SCREEN_EXHAUSTED_PRIMALITY_UNASSIGNED,GF3A_DIRECTIONAL_WRITE_EXHAUSTED_PRIMALITY_UNASSIGNED,513,512,512,NO_RECORDED_FACTOR_PRP_OR_LL_RESULT_AND_NO_ACTIVE_GIMPS_ASSIGNMENT,2026-08-08T14:01:06+00:00,UNALLOCATED,,,,,
SLCMP585-1770,1770,1770,288587569,2^288587569-1,STRUCTURAL_SCREEN_EXHAUSTED_PRIMALITY_UNASSIGNED,GF3A_DIRECTIONAL_WRITE_EXHAUSTED_PRIMALITY_UNASSIGNED,513,512,512,NO_RECORDED_FACTOR_PRP_OR_LL_RESULT_AND_NO_ACTIVE_GIMPS_ASSIGNMENT,2026-08-08T14:01:06+00:00,UNALLOCATED,,,,,
SLCMP585-1771,1771,1771,288587633,2^288587633-1,STRUCTURAL_SCREEN_EXHAUSTED_PRIMALITY_UNASSIGNED,GF3A_DIRECTIONAL_WRITE_EXHAUSTED_PRIMALITY_UNASSIGNED,513,512,512,NO_RECORDED_FACTOR_PRP_OR_LL_RESULT_AND_NO_ACTIVE_GIMPS_ASSIGNMENT,2026-08-08T14:01:06+00:00,UNALLOCATED,,,,,
SLCMP585-1772,1772,1772,288587657,2^288587657-1,STRUCTURAL_SCREEN_EXHAUSTED_PRIMALITY_UNASSIGNED,GF3A_DIRECTIONAL_WRITE_EXHAUSTED_PRIMALITY_UNASSIGNED,513,512,512,NO_RECORDED_FACTOR_PRP_OR_LL_RESULT_AND_NO_ACTIVE_GIMPS_ASSIGNMENT,2026-08-08T14:01:06+00:00,UNALLOCATED,,,,,
SLCMP585-1773,1773,1773,288587659,2^288587659-1,STRUCTURAL_SCREEN_EXHAUSTED_PRIMALITY_UNASSIGNED,GF3A_DIRECTIONAL_WRITE_EXHAUSTED_PRIMALITY_UNASSIGNED,514,512,512,NO_RECORDED_FACTOR_PRP_OR_LL_RESULT_AND_NO_ACTIVE_GIMPS_ASSIGNMENT,2026-08-08T14:01:06+00:00,UNALLOCATED,,,,,
SLCMP585-1774,1774,1774,288587683,2^288587683-1,STRUCTURAL_SCREEN_EXHAUSTED_PRIMALITY_UNASSIGNED,GF3A_DIRECTIONAL_WRITE_EXHAUSTED_PRIMALITY_UNASSIGNED,514,512,512,NO_RECORDED_FACTOR_PRP_OR_LL_RESULT_AND_NO_ACTIVE_GIMPS_ASSIGNMENT,2026-08-08T14:01:06+00:00,UNALLOCATED,,,,,
SLCMP585-1775,1775,1775,288587743,2^288587743-1,STRUCTURAL_SCREEN_EXHAUSTED_PRIMALITY_UNASSIGNED,GF3A_DIRECTIONAL_WRITE_EXHAUSTED_PRIMALITY_UNASSIGNED,514,512,512,NO_RECORDED_FACTOR_PRP_OR_LL_RESULT_AND_NO_ACTIVE_GIMPS_ASSIGNMENT,2026-08-08T14:01:06+00:00,UNALLOCATED,,,,,
SLCMP585-1776,1776,1776,288587779,2^288587779-1,STRUCTURAL_SCREEN_EXHAUSTED_PRIMALITY_UNASSIGNED,GF3A_DIRECTIONAL_WRITE_EXHAUSTED_PRIMALITY_UNASSIGNED,514,512,512,NO_RECORDED_FACTOR_PRP_OR_LL_RESULT_AND_NO_ACTIVE_GIMPS_ASSIGNMENT,2026-08-08T14:01:06+00:00,UNALLOCATED,,,,,
SLCMP585-1777,1777,1777,288587909,2^288587909-1,STRUCTURAL_SCREEN_EXHAUSTED_PRIMALITY_UNASSIGNED,GF3A_DIRECTIONAL_WRITE_EXHAUSTED_PRIMALITY_UNASSIGNED,513,512,512,NO_RECORDED_FACTOR_PRP_OR_LL_RESULT_AND_NO_ACTIVE_GIMPS_ASSIGNMENT,2026-08-08T14:01:06+00:00,UNALLOCATED,,,,,
SLCMP585-1778,1778,1778,288587927,2^288587927-1,STRUCTURAL_SCREEN_EXHAUSTED_PRIMALITY_UNASSIGNED,GF3A_DIRECTIONAL_WRITE_EXHAUSTED_PRIMALITY_UNASSIGNED,514,512,512,NO_RECORDED_FACTOR_PRP_OR_LL_RESULT_AND_NO_ACTIVE_GIMPS_ASSIGNMENT,2026-08-08T14:01:06+00:00,UNALLOCATED,,,,,
SLCMP585-1779,1779,1779,288587947,2^288587947-1,STRUCTURAL_SCREEN_EXHAUSTED_PRIMALITY_UNASSIGNED,GF3A_DIRECTIONAL_WRITE_EXHAUSTED_PRIMALITY_UNASSIGNED,514,512,512,NO_RECORDED_FACTOR_PRP_OR_LL_RESULT_AND_NO_ACTIVE_GIMPS_ASSIGNMENT,2026-08-08T14:01:06+00:00,UNALLOCATED,,,,,
SLCMP585-1780,1780,1780,288587993,2^288587993-1,STRUCTURAL_SCREEN_EXHAUSTED_PRIMALITY_UNASSIGNED,GF3A_DIRECTIONAL_WRITE_EXHAUSTED_PRIMALITY_UNASSIGNED,513,512,512,NO_RECORDED_FACTOR_PRP_OR_LL_RESULT_AND_NO_ACTIVE_GIMPS_ASSIGNMENT,2026-08-08T14:01:06+00:00,UNALLOCATED,,,,,
SLCMP585-1781,1781,1781,288588023,2^288588023-1,STRUCTURAL_SCREEN_EXHAUSTED_PRIMALITY_UNASSIGNED,GF3A_DIRECTIONAL_WRITE_EXHAUSTED_PRIMALITY_UNASSIGNED,514,512,512,NO_RECORDED_FACTOR_PRP_OR_LL_RESULT_AND_NO_ACTIVE_GIMPS_ASSIGNMENT,2026-08-08T14:01:06+00:00,UNALLOCATED,,,,,
SLCMP585-1782,1782,1782,288588109,2^288588109-1,STRUCTURAL_SCREEN_EXHAUSTED_PRIMALITY_UNASSIGNED,GF3A_DIRECTIONAL_WRITE_EXHAUSTED_PRIMALITY_UNASSIGNED,513,512,512,NO_RECORDED_FACTOR_PRP_OR_LL_RESULT_AND_NO_ACTIVE_GIMPS_ASSIGNMENT,2026-08-08T14:01:06+00:00,UNALLOCATED,,,,,
SLCMP585-1783,1783,1783,288588161,2^288588161-1,STRUCTURAL_SCREEN_EXHAUSTED_PRIMALITY_UNASSIGNED,GF3A_DIRECTIONAL_WRITE_EXHAUSTED_PRIMALITY_UNASSIGNED,513,512,512,NO_RECORDED_FACTOR_PRP_OR_LL_RESULT_AND_NO_ACTIVE_GIMPS_ASSIGNMENT,2026-08-08T14:01:06+00:00,UNALLOCATED,,,,,
SLCMP585-1784,1784,1784,288588247,2^288588247-1,STRUCTURAL_SCREEN_EXHAUSTED_PRIMALITY_UNASSIGNED,GF3A_DIRECTIONAL_WRITE_EXHAUSTED_PRIMALITY_UNASSIGNED,514,512,512,NO_RECORDED_FACTOR_PRP_OR_LL_RESULT_AND_NO_ACTIVE_GIMPS_ASSIGNMENT,2026-08-08T14:01:06+00:00,UNALLOCATED,,,,,
SLCMP585-1785,1785,1785,288588341,2^288588341-1,STRUCTURAL_SCREEN_EXHAUSTED_PRIMALITY_UNASSIGNED,GF3A_DIRECTIONAL_WRITE_EXHAUSTED_PRIMALITY_UNASSIGNED,513,512,512,NO_RECORDED_FACTOR_PRP_OR_LL_RESULT_AND_NO_ACTIVE_GIMPS_ASSIGNMENT,2026-08-08T14:01:06+00:00,UNALLOCATED,,,,,
SLCMP585-1786,1786,1786,288588361,2^288588361-1,STRUCTURAL_SCREEN_EXHAUSTED_PRIMALITY_UNASSIGNED,GF3A_DIRECTIONAL_WRITE_EXHAUSTED_PRIMALITY_UNASSIGNED,513,512,512,NO_RECORDED_FACTOR_PRP_OR_LL_RESULT_AND_NO_ACTIVE_GIMPS_ASSIGNMENT,2026-08-08T14:01:06+00:00,UNALLOCATED,,,,,
SLCMP585-1787,1787,1787,288588373,2^288588373-1,STRUCTURAL_SCREEN_EXHAUSTED_PRIMALITY_UNASSIGNED,GF3A_DIRECTIONAL_WRITE_EXHAUSTED_PRIMALITY_UNASSIGNED,513,512,512,NO_RECORDED_FACTOR_PRP_OR_LL_RESULT_AND_NO_ACTIVE_GIMPS_ASSIGNMENT,2026-08-08T14:01:06+00:00,UNALLOCATED,,,,,
SLCMP585-1788,1788,1788,288588479,2^288588479-1,STRUCTURAL_SCREEN_EXHAUSTED_PRIMALITY_UNASSIGNED,GF3A_DIRECTIONAL_WRITE_EXHAUSTED_PRIMALITY_UNASSIGNED,514,512,512,NO_RECORDED_FACTOR_PRP_OR_LL_RESULT_AND_NO_ACTIVE_GIMPS_ASSIGNMENT,2026-08-08T14:01:06+00:00,UNALLOCATED,,,,,
SLCMP585-1789,1789,1789,288588581,2^288588581-1,STRUCTURAL_SCREEN_EXHAUSTED_PRIMALITY_UNASSIGNED,GF3A_DIRECTIONAL_WRITE_EXHAUSTED_PRIMALITY_UNASSIGNED,513,512,512,NO_RECORDED_FACTOR_PRP_OR_LL_RESULT_AND_NO_ACTIVE_GIMPS_ASSIGNMENT,2026-08-08T14:01:06+00:00,UNALLOCATED,,,,,
SLCMP585-1790,1790,1790,288588683,2^288588683-1,STRUCTURAL_SCREEN_EXHAUSTED_PRIMALITY_UNASSIGNED,GF3A_DIRECTIONAL_WRITE_EXHAUSTED_PRIMALITY_UNASSIGNED,514,512,512,NO_RECORDED_FACTOR_PRP_OR_LL_RESULT_AND_NO_ACTIVE_GIMPS_ASSIGNMENT,2026-08-08T14:01:06+00:00,UNALLOCATED,,,,,
SLCMP585-1791,1791,1791,288588767,2^288588767-1,STRUCTURAL_SCREEN_EXHAUSTED_PRIMALITY_UNASSIGNED,GF3A_DIRECTIONAL_WRITE_EXHAUSTED_PRIMALITY_UNASSIGNED,514,512,512,NO_RECORDED_FACTOR_PRP_OR_LL_RESULT_AND_NO_ACTIVE_GIMPS_ASSIGNMENT,2026-08-08T14:01:06+00:00,UNALLOCATED,,,,,
SLCMP585-1792,1792,1792,288588829,2^288588829-1,STRUCTURAL_SCREEN_EXHAUSTED_PRIMALITY_UNASSIGNED,GF3A_DIRECTIONAL_WRITE_EXHAUSTED_PRIMALITY_UNASSIGNED,513,512,512,NO_RECORDED_FACTOR_PRP_OR_LL_RESULT_AND_NO_ACTIVE_GIMPS_ASSIGNMENT,2026-08-08T14:01:06+00:00,UNALLOCATED,,,,,
SLCMP585-1793,1793,1793,288588841,2^288588841-1,STRUCTURAL_SCREEN_EXHAUSTED_PRIMALITY_UNASSIGNED,GF3A_DIRECTIONAL_WRITE_EXHAUSTED_PRIMALITY_UNASSIGNED,513,512,512,NO_RECORDED_FACTOR_PRP_OR_LL_RESULT_AND_NO_ACTIVE_GIMPS_ASSIGNMENT,2026-08-08T14:01:06+00:00,UNALLOCATED,,,,,
SLCMP585-1794,1794,1794,288588919,2^288588919-1,STRUCTURAL_SCREEN_EXHAUSTED_PRIMALITY_UNASSIGNED,GF3A_DIRECTIONAL_WRITE_EXHAUSTED_PRIMALITY_UNASSIGNED,514,512,512,NO_RECORDED_FACTOR_PRP_OR_LL_RESULT_AND_NO_ACTIVE_GIMPS_ASSIGNMENT,2026-08-08T14:01:06+00:00,UNALLOCATED,,,,,
SLCMP585-1795,1795,1795,288589019,2^288589019-1,STRUCTURAL_SCREEN_EXHAUSTED_PRIMALITY_UNASSIGNED,GF3A_DIRECTIONAL_WRITE_EXHAUSTED_PRIMALITY_UNASSIGNED,514,512,512,NO_RECORDED_FACTOR_PRP_OR_LL_RESULT_AND_NO_ACTIVE_GIMPS_ASSIGNMENT,2026-08-08T14:01:06+00:00,UNALLOCATED,,,,,
SLCMP585-1796,1796,1796,288589031,2^288589031-1,STRUCTURAL_SCREEN_EXHAUSTED_PRIMALITY_UNASSIGNED,GF3A_DIRECTIONAL_WRITE_EXHAUSTED_PRIMALITY_UNASSIGNED,514,512,512,NO_RECORDED_FACTOR_PRP_OR_LL_RESULT_AND_NO_ACTIVE_GIMPS_ASSIGNMENT,2026-08-08T14:01:06+00:00,UNALLOCATED,,,,,
SLCMP585-1797,1797,1797,288589057,2^288589057-1,STRUCTURAL_SCREEN_EXHAUSTED_PRIMALITY_UNASSIGNED,GF3A_DIRECTIONAL_WRITE_EXHAUSTED_PRIMALITY_UNASSIGNED,513,512,512,NO_RECORDED_FACTOR_PRP_OR_LL_RESULT_AND_NO_ACTIVE_GIMPS_ASSIGNMENT,2026-08-08T14:01:06+00:00,UNALLOCATED,,,,,
SLCMP585-1798,1798,1798,288589087,2^288589087-1,STRUCTURAL_SCREEN_EXHAUSTED_PRIMALITY_UNASSIGNED,GF3A_DIRECTIONAL_WRITE_EXHAUSTED_PRIMALITY_UNASSIGNED,514,512,512,NO_RECORDED_FACTOR_PRP_OR_LL_RESULT_AND_NO_ACTIVE_GIMPS_ASSIGNMENT,2026-08-08T14:01:06+00:00,UNALLOCATED,,,,,
SLCMP585-1799,1799,1799,288589099,2^288589099-1,STRUCTURAL_SCREEN_EXHAUSTED_PRIMALITY_UNASSIGNED,GF3A_DIRECTIONAL_WRITE_EXHAUSTED_PRIMALITY_UNASSIGNED,514,512,512,NO_RECORDED_FACTOR_PRP_OR_LL_RESULT_AND_NO_ACTIVE_GIMPS_ASSIGNMENT,2026-08-08T14:01:06+00:00,UNALLOCATED,,,,,
SLCMP585-1800,1800,1800,288589129,2^288589129-1,STRUCTURAL_SCREEN_EXHAUSTED_PRIMALITY_UNASSIGNED,GF3A_DIRECTIONAL_WRITE_EXHAUSTED_PRIMALITY_UNASSIGNED,513,512,512,NO_RECORDED_FACTOR_PRP_OR_LL_RESULT_AND_NO_ACTIVE_GIMPS_ASSIGNMENT,2026-08-08T14:01:06+00:00,UNALLOCATED,,,,,
SLCMP585-1801,1801,1801,288589151,2^288589151-1,STRUCTURAL_SCREEN_EXHAUSTED_PRIMALITY_UNASSIGNED,GF3A_DIRECTIONAL_WRITE_EXHAUSTED_PRIMALITY_UNASSIGNED,514,512,512,NO_RECORDED_FACTOR_PRP_OR_LL_RESULT_AND_NO_ACTIVE_GIMPS_ASSIGNMENT,2026-08-08T14:01:06+00:00,UNALLOCATED,,,,,
SLCMP585-1802,1802,1802,288589153,2^288589153-1,STRUCTURAL_SCREEN_EXHAUSTED_PRIMALITY_UNASSIGNED,GF3A_DIRECTIONAL_WRITE_EXHAUSTED_PRIMALITY_UNASSIGNED,513,512,512,NO_RECORDED_FACTOR_PRP_OR_LL_RESULT_AND_NO_ACTIVE_GIMPS_ASSIGNMENT,2026-08-08T14:01:06+00:00,UNALLOCATED,,,,,
SLCMP585-1803,1803,1803,288589207,2^288589207-1,STRUCTURAL_SCREEN_EXHAUSTED_PRIMALITY_UNASSIGNED,GF3A_DIRECTIONAL_WRITE_EXHAUSTED_PRIMALITY_UNASSIGNED,514,512,512,NO_RECORDED_FACTOR_PRP_OR_LL_RESULT_AND_NO_ACTIVE_GIMPS_ASSIGNMENT,2026-08-08T14:01:06+00:00,UNALLOCATED,,,,,
SLCMP585-1804,1804,1804,288589319,2^288589319-1,STRUCTURAL_SCREEN_EXHAUSTED_PRIMALITY_UNASSIGNED,GF3A_DIRECTIONAL_WRITE_EXHAUSTED_PRIMALITY_UNASSIGNED,514,512,512,NO_RECORDED_FACTOR_PRP_OR_LL_RESULT_AND_NO_ACTIVE_GIMPS_ASSIGNMENT,2026-08-08T14:01:06+00:00,UNALLOCATED,,,,,
SLCMP585-1805,1805,1805,288589321,2^288589321-1,STRUCTURAL_SCREEN_EXHAUSTED_PRIMALITY_UNASSIGNED,GF3A_DIRECTIONAL_WRITE_EXHAUSTED_PRIMALITY_UNASSIGNED,513,512,512,NO_RECORDED_FACTOR_PRP_OR_LL_RESULT_AND_NO_ACTIVE_GIMPS_ASSIGNMENT,2026-08-08T14:01:06+00:00,UNALLOCATED,,,,,
SLCMP585-1806,1806,1806,288589391,2^288589391-1,STRUCTURAL_SCREEN_EXHAUSTED_PRIMALITY_UNASSIGNED,GF3A_DIRECTIONAL_WRITE_EXHAUSTED_PRIMALITY_UNASSIGNED,514,512,512,NO_RECORDED_FACTOR_PRP_OR_LL_RESULT_AND_NO_ACTIVE_GIMPS_ASSIGNMENT,2026-08-08T14:01:06+00:00,UNALLOCATED,,,,,
SLCMP585-1807,1807,1807,288589451,2^288589451-1,STRUCTURAL_SCREEN_EXHAUSTED_PRIMALITY_UNASSIGNED,GF3A_DIRECTIONAL_WRITE_EXHAUSTED_PRIMALITY_UNASSIGNED,514,512,512,NO_RECORDED_FACTOR_PRP_OR_LL_RESULT_AND_NO_ACTIVE_GIMPS_ASSIGNMENT,2026-08-08T14:01:06+00:00,UNALLOCATED,,,,,
SLCMP585-1808,1808,1808,288589459,2^288589459-1,STRUCTURAL_SCREEN_EXHAUSTED_PRIMALITY_UNASSIGNED,GF3A_DIRECTIONAL_WRITE_EXHAUSTED_PRIMALITY_UNASSIGNED,514,512,512,NO_RECORDED_FACTOR_PRP_OR_LL_RESULT_AND_NO_ACTIVE_GIMPS_ASSIGNMENT,2026-08-08T14:01:06+00:00,UNALLOCATED,,,,,
SLCMP585-1809,1809,1809,288589549,2^288589549-1,STRUCTURAL_SCREEN_EXHAUSTED_PRIMALITY_UNASSIGNED,GF3A_DIRECTIONAL_WRITE_EXHAUSTED_PRIMALITY_UNASSIGNED,513,512,512,NO_RECORDED_FACTOR_PRP_OR_LL_RESULT_AND_NO_ACTIVE_GIMPS_ASSIGNMENT,2026-08-08T14:01:06+00:00,UNALLOCATED,,,,,
SLCMP585-1810,1810,1810,288589657,2^288589657-1,STRUCTURAL_SCREEN_EXHAUSTED_PRIMALITY_UNASSIGNED,GF3A_DIRECTIONAL_WRITE_EXHAUSTED_PRIMALITY_UNASSIGNED,513,512,512,NO_RECORDED_FACTOR_PRP_OR_LL_RESULT_AND_NO_ACTIVE_GIMPS_ASSIGNMENT,2026-08-08T14:01:06+00:00,UNALLOCATED,,,,,
SLCMP585-1811,1811,1811,288589673,2^288589673-1,STRUCTURAL_SCREEN_EXHAUSTED_PRIMALITY_UNASSIGNED,GF3A_DIRECTIONAL_WRITE_EXHAUSTED_PRIMALITY_UNASSIGNED,513,512,512,NO_RECORDED_FACTOR_PRP_OR_LL_RESULT_AND_NO_ACTIVE_GIMPS_ASSIGNMENT,2026-08-08T14:01:06+00:00,UNALLOCATED,,,,,
SLCMP585-1812,1812,1812,288589787,2^288589787-1,STRUCTURAL_SCREEN_EXHAUSTED_PRIMALITY_UNASSIGNED,GF3A_DIRECTIONAL_WRITE_EXHAUSTED_PRIMALITY_UNASSIGNED,514,512,512,NO_RECORDED_FACTOR_PRP_OR_LL_RESULT_AND_NO_ACTIVE_GIMPS_ASSIGNMENT,2026-08-08T14:01:06+00:00,UNALLOCATED,,,,,
SLCMP585-1813,1813,1813,288589793,2^288589793-1,STRUCTURAL_SCREEN_EXHAUSTED_PRIMALITY_UNASSIGNED,GF3A_DIRECTIONAL_WRITE_EXHAUSTED_PRIMALITY_UNASSIGNED,513,512,512,NO_RECORDED_FACTOR_PRP_OR_LL_RESULT_AND_NO_ACTIVE_GIMPS_ASSIGNMENT,2026-08-08T14:01:06+00:00,UNALLOCATED,,,,,
SLCMP585-1814,1814,1814,288589891,2^288589891-1,STRUCTURAL_SCREEN_EXHAUSTED_PRIMALITY_UNASSIGNED,GF3A_DIRECTIONAL_WRITE_EXHAUSTED_PRIMALITY_UNASSIGNED,514,512,512,NO_RECORDED_FACTOR_PRP_OR_LL_RESULT_AND_NO_ACTIVE_GIMPS_ASSIGNMENT,2026-08-08T14:01:06+00:00,UNALLOCATED,,,,,
SLCMP585-1815,1815,1815,288589913,2^288589913-1,STRUCTURAL_SCREEN_EXHAUSTED_PRIMALITY_UNASSIGNED,GF3A_DIRECTIONAL_WRITE_EXHAUSTED_PRIMALITY_UNASSIGNED,513,512,512,NO_RECORDED_FACTOR_PRP_OR_LL_RESULT_AND_NO_ACTIVE_GIMPS_ASSIGNMENT,2026-08-08T14:01:06+00:00,UNALLOCATED,,,,,
SLCMP585-1816,1816,1816,288590053,2^288590053-1,STRUCTURAL_SCREEN_EXHAUSTED_PRIMALITY_UNASSIGNED,GF3A_DIRECTIONAL_WRITE_EXHAUSTED_PRIMALITY_UNASSIGNED,513,512,512,NO_RECORDED_FACTOR_PRP_OR_LL_RESULT_AND_NO_ACTIVE_GIMPS_ASSIGNMENT,2026-08-08T14:01:06+00:00,UNALLOCATED,,,,,
SLCMP585-1817,1817,1817,288590059,2^288590059-1,STRUCTURAL_SCREEN_EXHAUSTED_PRIMALITY_UNASSIGNED,GF3A_DIRECTIONAL_WRITE_EXHAUSTED_PRIMALITY_UNASSIGNED,514,512,512,NO_RECORDED_FACTOR_PRP_OR_LL_RESULT_AND_NO_ACTIVE_GIMPS_ASSIGNMENT,2026-08-08T14:01:06+00:00,UNALLOCATED,,,,,
SLCMP585-1818,1818,1818,288590111,2^288590111-1,STRUCTURAL_SCREEN_EXHAUSTED_PRIMALITY_UNASSIGNED,GF3A_DIRECTIONAL_WRITE_EXHAUSTED_PRIMALITY_UNASSIGNED,514,512,512,NO_RECORDED_FACTOR_PRP_OR_LL_RESULT_AND_NO_ACTIVE_GIMPS_ASSIGNMENT,2026-08-08T14:01:06+00:00,UNALLOCATED,,,,,
SLCMP585-1819,1819,1819,288590161,2^288590161-1,STRUCTURAL_SCREEN_EXHAUSTED_PRIMALITY_UNASSIGNED,GF3A_DIRECTIONAL_WRITE_EXHAUSTED_PRIMALITY_UNASSIGNED,513,512,512,NO_RECORDED_FACTOR_PRP_OR_LL_RESULT_AND_NO_ACTIVE_GIMPS_ASSIGNMENT,2026-08-08T14:01:06+00:00,UNALLOCATED,,,,,
SLCMP585-1820,1820,1820,288590213,2^288590213-1,STRUCTURAL_SCREEN_EXHAUSTED_PRIMALITY_UNASSIGNED,GF3A_DIRECTIONAL_WRITE_EXHAUSTED_PRIMALITY_UNASSIGNED,513,512,512,NO_RECORDED_FACTOR_PRP_OR_LL_RESULT_AND_NO_ACTIVE_GIMPS_ASSIGNMENT,2026-08-08T14:01:06+00:00,UNALLOCATED,,,,,
SLCMP585-1821,1821,1821,288590227,2^288590227-1,STRUCTURAL_SCREEN_EXHAUSTED_PRIMALITY_UNASSIGNED,GF3A_DIRECTIONAL_WRITE_EXHAUSTED_PRIMALITY_UNASSIGNED,514,512,512,NO_RECORDED_FACTOR_PRP_OR_LL_RESULT_AND_NO_ACTIVE_GIMPS_ASSIGNMENT,2026-08-08T14:01:06+00:00,UNALLOCATED,,,,,
SLCMP585-1822,1822,1822,288590251,2^288590251-1,STRUCTURAL_SCREEN_EXHAUSTED_PRIMALITY_UNASSIGNED,GF3A_DIRECTIONAL_WRITE_EXHAUSTED_PRIMALITY_UNASSIGNED,514,512,512,NO_RECORDED_FACTOR_PRP_OR_LL_RESULT_AND_NO_ACTIVE_GIMPS_ASSIGNMENT,2026-08-08T14:01:06+00:00,UNALLOCATED,,,,,
SLCMP585-1823,1823,1823,288590257,2^288590257-1,STRUCTURAL_SCREEN_EXHAUSTED_PRIMALITY_UNASSIGNED,GF3A_DIRECTIONAL_WRITE_EXHAUSTED_PRIMALITY_UNASSIGNED,513,512,512,NO_RECORDED_FACTOR_PRP_OR_LL_RESULT_AND_NO_ACTIVE_GIMPS_ASSIGNMENT,2026-08-08T14:01:06+00:00,UNALLOCATED,,,,,
SLCMP585-1824,1824,1824,288590311,2^288590311-1,STRUCTURAL_SCREEN_EXHAUSTED_PRIMALITY_UNASSIGNED,GF3A_DIRECTIONAL_WRITE_EXHAUSTED_PRIMALITY_UNASSIGNED,514,512,512,NO_RECORDED_FACTOR_PRP_OR_LL_RESULT_AND_NO_ACTIVE_GIMPS_ASSIGNMENT,2026-08-08T14:01:06+00:00,UNALLOCATED,,,,,
SLCMP585-1825,1825,1825,288590383,2^288590383-1,STRUCTURAL_SCREEN_EXHAUSTED_PRIMALITY_UNASSIGNED,GF3A_DIRECTIONAL_WRITE_EXHAUSTED_PRIMALITY_UNASSIGNED,514,512,512,NO_RECORDED_FACTOR_PRP_OR_LL_RESULT_AND_NO_ACTIVE_GIMPS_ASSIGNMENT,2026-08-08T14:01:06+00:00,UNALLOCATED,,,,,
SLCMP585-1826,1826,1826,288590537,2^288590537-1,STRUCTURAL_SCREEN_EXHAUSTED_PRIMALITY_UNASSIGNED,GF3A_DIRECTIONAL_WRITE_EXHAUSTED_PRIMALITY_UNASSIGNED,513,512,512,NO_RECORDED_FACTOR_PRP_OR_LL_RESULT_AND_NO_ACTIVE_GIMPS_ASSIGNMENT,2026-08-08T14:01:06+00:00,UNALLOCATED,,,,,
SLCMP585-1827,1827,1827,288590551,2^288590551-1,STRUCTURAL_SCREEN_EXHAUSTED_PRIMALITY_UNASSIGNED,GF3A_DIRECTIONAL_WRITE_EXHAUSTED_PRIMALITY_UNASSIGNED,514,512,512,NO_RECORDED_FACTOR_PRP_OR_LL_RESULT_AND_NO_ACTIVE_GIMPS_ASSIGNMENT,2026-08-08T14:01:06+00:00,UNALLOCATED,,,,,
SLCMP585-1828,1828,1828,288590557,2^288590557-1,STRUCTURAL_SCREEN_EXHAUSTED_PRIMALITY_UNASSIGNED,GF3A_DIRECTIONAL_WRITE_EXHAUSTED_PRIMALITY_UNASSIGNED,513,512,512,NO_RECORDED_FACTOR_PRP_OR_LL_RESULT_AND_NO_ACTIVE_GIMPS_ASSIGNMENT,2026-08-08T14:01:06+00:00,UNALLOCATED,,,,,
SLCMP585-1829,1829,1829,288590567,2^288590567-1,STRUCTURAL_SCREEN_EXHAUSTED_PRIMALITY_UNASSIGNED,GF3A_DIRECTIONAL_WRITE_EXHAUSTED_PRIMALITY_UNASSIGNED,514,512,512,NO_RECORDED_FACTOR_PRP_OR_LL_RESULT_AND_NO_ACTIVE_GIMPS_ASSIGNMENT,2026-08-08T14:01:06+00:00,UNALLOCATED,,,,,
SLCMP585-1830,1830,1830,288590569,2^288590569-1,STRUCTURAL_SCREEN_EXHAUSTED_PRIMALITY_UNASSIGNED,GF3A_DIRECTIONAL_WRITE_EXHAUSTED_PRIMALITY_UNASSIGNED,513,512,512,NO_RECORDED_FACTOR_PRP_OR_LL_RESULT_AND_NO_ACTIVE_GIMPS_ASSIGNMENT,2026-08-08T14:01:06+00:00,UNALLOCATED,,,,,
SLCMP585-1831,1831,1831,288590579,2^288590579-1,STRUCTURAL_SCREEN_EXHAUSTED_PRIMALITY_UNASSIGNED,GF3A_DIRECTIONAL_WRITE_EXHAUSTED_PRIMALITY_UNASSIGNED,514,512,512,NO_RECORDED_FACTOR_PRP_OR_LL_RESULT_AND_NO_ACTIVE_GIMPS_ASSIGNMENT,2026-08-08T14:01:06+00:00,UNALLOCATED,,,,,
SLCMP585-1832,1832,1832,288590581,2^288590581-1,STRUCTURAL_SCREEN_EXHAUSTED_PRIMALITY_UNASSIGNED,GF3A_DIRECTIONAL_WRITE_EXHAUSTED_PRIMALITY_UNASSIGNED,513,512,512,NO_RECORDED_FACTOR_PRP_OR_LL_RESULT_AND_NO_ACTIVE_GIMPS_ASSIGNMENT,2026-08-08T14:01:06+00:00,UNALLOCATED,,,,,
SLCMP585-1833,1833,1833,288590611,2^288590611-1,STRUCTURAL_SCREEN_EXHAUSTED_PRIMALITY_UNASSIGNED,GF3A_DIRECTIONAL_WRITE_EXHAUSTED_PRIMALITY_UNASSIGNED,514,512,512,NO_RECORDED_FACTOR_PRP_OR_LL_RESULT_AND_NO_ACTIVE_GIMPS_ASSIGNMENT,2026-08-08T14:01:06+00:00,UNALLOCATED,,,,,
SLCMP585-1834,1834,1834,288590707,2^288590707-1,STRUCTURAL_SCREEN_EXHAUSTED_PRIMALITY_UNASSIGNED,GF3A_DIRECTIONAL_WRITE_EXHAUSTED_PRIMALITY_UNASSIGNED,514,512,512,NO_RECORDED_FACTOR_PRP_OR_LL_RESULT_AND_NO_ACTIVE_GIMPS_ASSIGNMENT,2026-08-08T14:01:06+00:00,UNALLOCATED,,,,,
SLCMP585-1835,1835,1835,288590719,2^288590719-1,STRUCTURAL_SCREEN_EXHAUSTED_PRIMALITY_UNASSIGNED,GF3A_DIRECTIONAL_WRITE_EXHAUSTED_PRIMALITY_UNASSIGNED,514,512,512,NO_RECORDED_FACTOR_PRP_OR_LL_RESULT_AND_NO_ACTIVE_GIMPS_ASSIGNMENT,2026-08-08T14:01:06+00:00,UNALLOCATED,,,,,
SLCMP585-1836,1836,1836,288590737,2^288590737-1,STRUCTURAL_SCREEN_EXHAUSTED_PRIMALITY_UNASSIGNED,GF3A_DIRECTIONAL_WRITE_EXHAUSTED_PRIMALITY_UNASSIGNED,513,512,512,NO_RECORDED_FACTOR_PRP_OR_LL_RESULT_AND_NO_ACTIVE_GIMPS_ASSIGNMENT,2026-08-08T14:01:06+00:00,UNALLOCATED,,,,,
SLCMP585-1837,1837,1837,288590741,2^288590741-1,STRUCTURAL_SCREEN_EXHAUSTED_PRIMALITY_UNASSIGNED,GF3A_DIRECTIONAL_WRITE_EXHAUSTED_PRIMALITY_UNASSIGNED,513,512,512,NO_RECORDED_FACTOR_PRP_OR_LL_RESULT_AND_NO_ACTIVE_GIMPS_ASSIGNMENT,2026-08-08T14:01:06+00:00,UNALLOCATED,,,,,
SLCMP585-1838,1838,1838,288590779,2^288590779-1,STRUCTURAL_SCREEN_EXHAUSTED_PRIMALITY_UNASSIGNED,GF3A_DIRECTIONAL_WRITE_EXHAUSTED_PRIMALITY_UNASSIGNED,514,512,512,NO_RECORDED_FACTOR_PRP_OR_LL_RESULT_AND_NO_ACTIVE_GIMPS_ASSIGNMENT,2026-08-08T14:01:06+00:00,UNALLOCATED,,,,,
SLCMP585-1839,1839,1839,288590801,2^288590801-1,STRUCTURAL_SCREEN_EXHAUSTED_PRIMALITY_UNASSIGNED,GF3A_DIRECTIONAL_WRITE_EXHAUSTED_PRIMALITY_UNASSIGNED,513,512,512,NO_RECORDED_FACTOR_PRP_OR_LL_RESULT_AND_NO_ACTIVE_GIMPS_ASSIGNMENT,2026-08-08T14:01:06+00:00,UNALLOCATED,,,,,
SLCMP585-1840,1840,1840,288590831,2^288590831-1,STRUCTURAL_SCREEN_EXHAUSTED_PRIMALITY_UNASSIGNED,GF3A_DIRECTIONAL_WRITE_EXHAUSTED_PRIMALITY_UNASSIGNED,514,512,512,NO_RECORDED_FACTOR_PRP_OR_LL_RESULT_AND_NO_ACTIVE_GIMPS_ASSIGNMENT,2026-08-08T14:01:06+00:00,UNALLOCATED,,,,,
SLCMP585-1841,1841,1841,288590921,2^288590921-1,STRUCTURAL_SCREEN_EXHAUSTED_PRIMALITY_UNASSIGNED,GF3A_DIRECTIONAL_WRITE_EXHAUSTED_PRIMALITY_UNASSIGNED,513,512,512,NO_RECORDED_FACTOR_PRP_OR_LL_RESULT_AND_NO_ACTIVE_GIMPS_ASSIGNMENT,2026-08-08T14:01:06+00:00,UNALLOCATED,,,,,
SLCMP585-1842,1842,1842,288590933,2^288590933-1,STRUCTURAL_SCREEN_EXHAUSTED_PRIMALITY_UNASSIGNED,GF3A_DIRECTIONAL_WRITE_EXHAUSTED_PRIMALITY_UNASSIGNED,513,512,512,NO_RECORDED_FACTOR_PRP_OR_LL_RESULT_AND_NO_ACTIVE_GIMPS_ASSIGNMENT,2026-08-08T14:01:06+00:00,UNALLOCATED,,,,,
SLCMP585-1843,1843,1843,288590971,2^288590971-1,STRUCTURAL_SCREEN_EXHAUSTED_PRIMALITY_UNASSIGNED,GF3A_DIRECTIONAL_WRITE_EXHAUSTED_PRIMALITY_UNASSIGNED,514,512,512,NO_RECORDED_FACTOR_PRP_OR_LL_RESULT_AND_NO_ACTIVE_GIMPS_ASSIGNMENT,2026-08-08T14:01:06+00:00,UNALLOCATED,,,,,
SLCMP585-1844,1844,1844,288591227,2^288591227-1,STRUCTURAL_SCREEN_EXHAUSTED_PRIMALITY_UNASSIGNED,GF3A_DIRECTIONAL_WRITE_EXHAUSTED_PRIMALITY_UNASSIGNED,514,512,512,NO_RECORDED_FACTOR_PRP_OR_LL_RESULT_AND_NO_ACTIVE_GIMPS_ASSIGNMENT,2026-08-08T14:01:06+00:00,UNALLOCATED,,,,,
SLCMP585-1845,1845,1845,288591301,2^288591301-1,STRUCTURAL_SCREEN_EXHAUSTED_PRIMALITY_UNASSIGNED,GF3A_DIRECTIONAL_WRITE_EXHAUSTED_PRIMALITY_UNASSIGNED,513,512,512,NO_RECORDED_FACTOR_PRP_OR_LL_RESULT_AND_NO_ACTIVE_GIMPS_ASSIGNMENT,2026-08-08T14:01:06+00:00,UNALLOCATED,,,,,
SLCMP585-1846,1846,1846,288591341,2^288591341-1,STRUCTURAL_SCREEN_EXHAUSTED_PRIMALITY_UNASSIGNED,GF3A_DIRECTIONAL_WRITE_EXHAUSTED_PRIMALITY_UNASSIGNED,513,512,512,NO_RECORDED_FACTOR_PRP_OR_LL_RESULT_AND_NO_ACTIVE_GIMPS_ASSIGNMENT,2026-08-08T14:01:06+00:00,UNALLOCATED,,,,,
SLCMP585-1847,1847,1847,288591397,2^288591397-1,STRUCTURAL_SCREEN_EXHAUSTED_PRIMALITY_UNASSIGNED,GF3A_DIRECTIONAL_WRITE_EXHAUSTED_PRIMALITY_UNASSIGNED,513,512,512,NO_RECORDED_FACTOR_PRP_OR_LL_RESULT_AND_NO_ACTIVE_GIMPS_ASSIGNMENT,2026-08-08T14:01:06+00:00,UNALLOCATED,,,,,
SLCMP585-1848,1848,1848,288591571,2^288591571-1,STRUCTURAL_SCREEN_EXHAUSTED_PRIMALITY_UNASSIGNED,GF3A_DIRECTIONAL_WRITE_EXHAUSTED_PRIMALITY_UNASSIGNED,514,512,512,NO_RECORDED_FACTOR_PRP_OR_LL_RESULT_AND_NO_ACTIVE_GIMPS_ASSIGNMENT,2026-08-08T14:01:06+00:00,UNALLOCATED,,,,,
SLCMP585-1849,1849,1849,288591623,2^288591623-1,STRUCTURAL_SCREEN_EXHAUSTED_PRIMALITY_UNASSIGNED,GF3A_DIRECTIONAL_WRITE_EXHAUSTED_PRIMALITY_UNASSIGNED,514,512,512,NO_RECORDED_FACTOR_PRP_OR_LL_RESULT_AND_NO_ACTIVE_GIMPS_ASSIGNMENT,2026-08-08T14:01:06+00:00,UNALLOCATED,,,,,
SLCMP585-1850,1850,1850,288591637,2^288591637-1,STRUCTURAL_SCREEN_EXHAUSTED_PRIMALITY_UNASSIGNED,GF3A_DIRECTIONAL_WRITE_EXHAUSTED_PRIMALITY_UNASSIGNED,513,512,512,NO_RECORDED_FACTOR_PRP_OR_LL_RESULT_AND_NO_ACTIVE_GIMPS_ASSIGNMENT,2026-08-08T14:01:06+00:00,UNALLOCATED,,,,,
SLCMP585-1851,1851,1851,288591761,2^288591761-1,STRUCTURAL_SCREEN_EXHAUSTED_PRIMALITY_UNASSIGNED,GF3A_DIRECTIONAL_WRITE_EXHAUSTED_PRIMALITY_UNASSIGNED,513,512,512,NO_RECORDED_FACTOR_PRP_OR_LL_RESULT_AND_NO_ACTIVE_GIMPS_ASSIGNMENT,2026-08-08T14:01:06+00:00,UNALLOCATED,,,,,
SLCMP585-1852,1852,1852,288591811,2^288591811-1,STRUCTURAL_SCREEN_EXHAUSTED_PRIMALITY_UNASSIGNED,GF3A_DIRECTIONAL_WRITE_EXHAUSTED_PRIMALITY_UNASSIGNED,514,512,512,NO_RECORDED_FACTOR_PRP_OR_LL_RESULT_AND_NO_ACTIVE_GIMPS_ASSIGNMENT,2026-08-08T14:01:06+00:00,UNALLOCATED,,,,,
SLCMP585-1853,1853,1853,288591851,2^288591851-1,STRUCTURAL_SCREEN_EXHAUSTED_PRIMALITY_UNASSIGNED,GF3A_DIRECTIONAL_WRITE_EXHAUSTED_PRIMALITY_UNASSIGNED,514,512,512,NO_RECORDED_FACTOR_PRP_OR_LL_RESULT_AND_NO_ACTIVE_GIMPS_ASSIGNMENT,2026-08-08T14:01:06+00:00,UNALLOCATED,,,,,
SLCMP585-1854,1854,1854,288591857,2^288591857-1,STRUCTURAL_SCREEN_EXHAUSTED_PRIMALITY_UNASSIGNED,GF3A_DIRECTIONAL_WRITE_EXHAUSTED_PRIMALITY_UNASSIGNED,513,512,512,NO_RECORDED_FACTOR_PRP_OR_LL_RESULT_AND_NO_ACTIVE_GIMPS_ASSIGNMENT,2026-08-08T14:01:06+00:00,UNALLOCATED,,,,,
SLCMP585-1855,1855,1855,288591869,2^288591869-1,STRUCTURAL_SCREEN_EXHAUSTED_PRIMALITY_UNASSIGNED,GF3A_DIRECTIONAL_WRITE_EXHAUSTED_PRIMALITY_UNASSIGNED,513,512,512,NO_RECORDED_FACTOR_PRP_OR_LL_RESULT_AND_NO_ACTIVE_GIMPS_ASSIGNMENT,2026-08-08T14:01:06+00:00,UNALLOCATED,,,,,
SLCMP585-1856,1856,1856,288591887,2^288591887-1,STRUCTURAL_SCREEN_EXHAUSTED_PRIMALITY_UNASSIGNED,GF3A_DIRECTIONAL_WRITE_EXHAUSTED_PRIMALITY_UNASSIGNED,514,512,512,NO_RECORDED_FACTOR_PRP_OR_LL_RESULT_AND_NO_ACTIVE_GIMPS_ASSIGNMENT,2026-08-08T14:01:06+00:00,UNALLOCATED,,,,,
SLCMP585-1857,1857,1857,288591899,2^288591899-1,STRUCTURAL_SCREEN_EXHAUSTED_PRIMALITY_UNASSIGNED,GF3A_DIRECTIONAL_WRITE_EXHAUSTED_PRIMALITY_UNASSIGNED,514,512,512,NO_RECORDED_FACTOR_PRP_OR_LL_RESULT_AND_NO_ACTIVE_GIMPS_ASSIGNMENT,2026-08-08T14:01:06+00:00,UNALLOCATED,,,,,
SLCMP585-1858,1858,1858,288592033,2^288592033-1,STRUCTURAL_SCREEN_EXHAUSTED_PRIMALITY_UNASSIGNED,GF3A_DIRECTIONAL_WRITE_EXHAUSTED_PRIMALITY_UNASSIGNED,513,512,512,NO_RECORDED_FACTOR_PRP_OR_LL_RESULT_AND_NO_ACTIVE_GIMPS_ASSIGNMENT,2026-08-08T14:01:06+00:00,UNALLOCATED,,,,,
SLCMP585-1859,1859,1859,288592099,2^288592099-1,STRUCTURAL_SCREEN_EXHAUSTED_PRIMALITY_UNASSIGNED,GF3A_DIRECTIONAL_WRITE_EXHAUSTED_PRIMALITY_UNASSIGNED,514,512,512,NO_RECORDED_FACTOR_PRP_OR_LL_RESULT_AND_NO_ACTIVE_GIMPS_ASSIGNMENT,2026-08-08T14:01:06+00:00,UNALLOCATED,,,,,
SLCMP585-1860,1860,1860,288592151,2^288592151-1,STRUCTURAL_SCREEN_EXHAUSTED_PRIMALITY_UNASSIGNED,GF3A_DIRECTIONAL_WRITE_EXHAUSTED_PRIMALITY_UNASSIGNED,514,512,512,NO_RECORDED_FACTOR_PRP_OR_LL_RESULT_AND_NO_ACTIVE_GIMPS_ASSIGNMENT,2026-08-08T14:01:06+00:00,UNALLOCATED,,,,,
SLCMP585-1861,1861,1861,288592207,2^288592207-1,STRUCTURAL_SCREEN_EXHAUSTED_PRIMALITY_UNASSIGNED,GF3A_DIRECTIONAL_WRITE_EXHAUSTED_PRIMALITY_UNASSIGNED,514,512,512,NO_RECORDED_FACTOR_PRP_OR_LL_RESULT_AND_NO_ACTIVE_GIMPS_ASSIGNMENT,2026-08-08T14:01:06+00:00,UNALLOCATED,,,,,
SLCMP585-1862,1862,1862,288592211,2^288592211-1,STRUCTURAL_SCREEN_EXHAUSTED_PRIMALITY_UNASSIGNED,GF3A_DIRECTIONAL_WRITE_EXHAUSTED_PRIMALITY_UNASSIGNED,514,512,512,NO_RECORDED_FACTOR_PRP_OR_LL_RESULT_AND_NO_ACTIVE_GIMPS_ASSIGNMENT,2026-08-08T14:01:06+00:00,UNALLOCATED,,,,,
SLCMP585-1863,1863,1863,288592327,2^288592327-1,STRUCTURAL_SCREEN_EXHAUSTED_PRIMALITY_UNASSIGNED,GF3A_DIRECTIONAL_WRITE_EXHAUSTED_PRIMALITY_UNASSIGNED,514,512,512,NO_RECORDED_FACTOR_PRP_OR_LL_RESULT_AND_NO_ACTIVE_GIMPS_ASSIGNMENT,2026-08-08T14:01:06+00:00,UNALLOCATED,,,,,
SLCMP585-1864,1864,1864,288592529,2^288592529-1,STRUCTURAL_SCREEN_EXHAUSTED_PRIMALITY_UNASSIGNED,GF3A_DIRECTIONAL_WRITE_EXHAUSTED_PRIMALITY_UNASSIGNED,513,512,512,NO_RECORDED_FACTOR_PRP_OR_LL_RESULT_AND_NO_ACTIVE_GIMPS_ASSIGNMENT,2026-08-08T14:01:06+00:00,UNALLOCATED,,,,,
SLCMP585-1865,1865,1865,288592567,2^288592567-1,STRUCTURAL_SCREEN_EXHAUSTED_PRIMALITY_UNASSIGNED,GF3A_DIRECTIONAL_WRITE_EXHAUSTED_PRIMALITY_UNASSIGNED,514,512,512,NO_RECORDED_FACTOR_PRP_OR_LL_RESULT_AND_NO_ACTIVE_GIMPS_ASSIGNMENT,2026-08-08T14:01:06+00:00,UNALLOCATED,,,,,
SLCMP585-1866,1866,1866,288592631,2^288592631-1,STRUCTURAL_SCREEN_EXHAUSTED_PRIMALITY_UNASSIGNED,GF3A_DIRECTIONAL_WRITE_EXHAUSTED_PRIMALITY_UNASSIGNED,514,512,512,NO_RECORDED_FACTOR_PRP_OR_LL_RESULT_AND_NO_ACTIVE_GIMPS_ASSIGNMENT,2026-08-08T14:01:06+00:00,UNALLOCATED,,,,,
SLCMP585-1867,1867,1867,288592669,2^288592669-1,STRUCTURAL_SCREEN_EXHAUSTED_PRIMALITY_UNASSIGNED,GF3A_DIRECTIONAL_WRITE_EXHAUSTED_PRIMALITY_UNASSIGNED,513,512,512,NO_RECORDED_FACTOR_PRP_OR_LL_RESULT_AND_NO_ACTIVE_GIMPS_ASSIGNMENT,2026-08-08T14:01:06+00:00,UNALLOCATED,,,,,
SLCMP585-1868,1868,1868,288592673,2^288592673-1,STRUCTURAL_SCREEN_EXHAUSTED_PRIMALITY_UNASSIGNED,GF3A_DIRECTIONAL_WRITE_EXHAUSTED_PRIMALITY_UNASSIGNED,513,512,512,NO_RECORDED_FACTOR_PRP_OR_LL_RESULT_AND_NO_ACTIVE_GIMPS_ASSIGNMENT,2026-08-08T14:01:06+00:00,UNALLOCATED,,,,,
SLCMP585-1869,1869,1869,288592723,2^288592723-1,STRUCTURAL_SCREEN_EXHAUSTED_PRIMALITY_UNASSIGNED,GF3A_DIRECTIONAL_WRITE_EXHAUSTED_PRIMALITY_UNASSIGNED,514,512,512,NO_RECORDED_FACTOR_PRP_OR_LL_RESULT_AND_NO_ACTIVE_GIMPS_ASSIGNMENT,2026-08-08T14:01:06+00:00,UNALLOCATED,,,,,
SLCMP585-1870,1870,1870,288592741,2^288592741-1,STRUCTURAL_SCREEN_EXHAUSTED_PRIMALITY_UNASSIGNED,GF3A_DIRECTIONAL_WRITE_EXHAUSTED_PRIMALITY_UNASSIGNED,513,512,512,NO_RECORDED_FACTOR_PRP_OR_LL_RESULT_AND_NO_ACTIVE_GIMPS_ASSIGNMENT,2026-08-08T14:01:06+00:00,UNALLOCATED,,,,,
SLCMP585-1871,1871,1871,288592757,2^288592757-1,STRUCTURAL_SCREEN_EXHAUSTED_PRIMALITY_UNASSIGNED,GF3A_DIRECTIONAL_WRITE_EXHAUSTED_PRIMALITY_UNASSIGNED,513,512,512,NO_RECORDED_FACTOR_PRP_OR_LL_RESULT_AND_NO_ACTIVE_GIMPS_ASSIGNMENT,2026-08-08T14:01:06+00:00,UNALLOCATED,,,,,
SLCMP585-1872,1872,1872,288593009,2^288593009-1,STRUCTURAL_SCREEN_EXHAUSTED_PRIMALITY_UNASSIGNED,GF3A_DIRECTIONAL_WRITE_EXHAUSTED_PRIMALITY_UNASSIGNED,513,512,512,NO_RECORDED_FACTOR_PRP_OR_LL_RESULT_AND_NO_ACTIVE_GIMPS_ASSIGNMENT,2026-08-08T14:01:06+00:00,UNALLOCATED,,,,,
SLCMP585-1873,1873,1873,288593117,2^288593117-1,STRUCTURAL_SCREEN_EXHAUSTED_PRIMALITY_UNASSIGNED,GF3A_DIRECTIONAL_WRITE_EXHAUSTED_PRIMALITY_UNASSIGNED,513,512,512,NO_RECORDED_FACTOR_PRP_OR_LL_RESULT_AND_NO_ACTIVE_GIMPS_ASSIGNMENT,2026-08-08T14:01:06+00:00,UNALLOCATED,,,,,
SLCMP585-1874,1874,1874,288593119,2^288593119-1,STRUCTURAL_SCREEN_EXHAUSTED_PRIMALITY_UNASSIGNED,GF3A_DIRECTIONAL_WRITE_EXHAUSTED_PRIMALITY_UNASSIGNED,514,512,512,NO_RECORDED_FACTOR_PRP_OR_LL_RESULT_AND_NO_ACTIVE_GIMPS_ASSIGNMENT,2026-08-08T14:01:06+00:00,UNALLOCATED,,,,,
SLCMP585-1875,1875,1875,288593143,2^288593143-1,STRUCTURAL_SCREEN_EXHAUSTED_PRIMALITY_UNASSIGNED,GF3A_DIRECTIONAL_WRITE_EXHAUSTED_PRIMALITY_UNASSIGNED,514,512,512,NO_RECORDED_FACTOR_PRP_OR_LL_RESULT_AND_NO_ACTIVE_GIMPS_ASSIGNMENT,2026-08-08T14:01:06+00:00,UNALLOCATED,,,,,
SLCMP585-1876,1876,1876,288593159,2^288593159-1,STRUCTURAL_SCREEN_EXHAUSTED_PRIMALITY_UNASSIGNED,GF3A_DIRECTIONAL_WRITE_EXHAUSTED_PRIMALITY_UNASSIGNED,514,512,512,NO_RECORDED_FACTOR_PRP_OR_LL_RESULT_AND_NO_ACTIVE_GIMPS_ASSIGNMENT,2026-08-08T14:01:06+00:00,UNALLOCATED,,,,,
SLCMP585-1877,1877,1877,288593323,2^288593323-1,STRUCTURAL_SCREEN_EXHAUSTED_PRIMALITY_UNASSIGNED,GF3A_DIRECTIONAL_WRITE_EXHAUSTED_PRIMALITY_UNASSIGNED,514,512,512,NO_RECORDED_FACTOR_PRP_OR_LL_RESULT_AND_NO_ACTIVE_GIMPS_ASSIGNMENT,2026-08-08T14:01:06+00:00,UNALLOCATED,,,,,
SLCMP585-1878,1878,1878,288593387,2^288593387-1,STRUCTURAL_SCREEN_EXHAUSTED_PRIMALITY_UNASSIGNED,GF3A_DIRECTIONAL_WRITE_EXHAUSTED_PRIMALITY_UNASSIGNED,514,512,512,NO_RECORDED_FACTOR_PRP_OR_LL_RESULT_AND_NO_ACTIVE_GIMPS_ASSIGNMENT,2026-08-08T14:01:06+00:00,UNALLOCATED,,,,,
SLCMP585-1879,1879,1879,288593453,2^288593453-1,STRUCTURAL_SCREEN_EXHAUSTED_PRIMALITY_UNASSIGNED,GF3A_DIRECTIONAL_WRITE_EXHAUSTED_PRIMALITY_UNASSIGNED,513,512,512,NO_RECORDED_FACTOR_PRP_OR_LL_RESULT_AND_NO_ACTIVE_GIMPS_ASSIGNMENT,2026-08-08T14:01:06+00:00,UNALLOCATED,,,,,
SLCMP585-1880,1880,1880,288593509,2^288593509-1,STRUCTURAL_SCREEN_EXHAUSTED_PRIMALITY_UNASSIGNED,GF3A_DIRECTIONAL_WRITE_EXHAUSTED_PRIMALITY_UNASSIGNED,513,512,512,NO_RECORDED_FACTOR_PRP_OR_LL_RESULT_AND_NO_ACTIVE_GIMPS_ASSIGNMENT,2026-08-08T14:01:06+00:00,UNALLOCATED,,,,,
SLCMP585-1881,1881,1881,288593519,2^288593519-1,STRUCTURAL_SCREEN_EXHAUSTED_PRIMALITY_UNASSIGNED,GF3A_DIRECTIONAL_WRITE_EXHAUSTED_PRIMALITY_UNASSIGNED,514,512,512,NO_RECORDED_FACTOR_PRP_OR_LL_RESULT_AND_NO_ACTIVE_GIMPS_ASSIGNMENT,2026-08-08T14:01:06+00:00,UNALLOCATED,,,,,
SLCMP585-1882,1882,1882,288593521,2^288593521-1,STRUCTURAL_SCREEN_EXHAUSTED_PRIMALITY_UNASSIGNED,GF3A_DIRECTIONAL_WRITE_EXHAUSTED_PRIMALITY_UNASSIGNED,513,512,512,NO_RECORDED_FACTOR_PRP_OR_LL_RESULT_AND_NO_ACTIVE_GIMPS_ASSIGNMENT,2026-08-08T14:01:06+00:00,UNALLOCATED,,,,,
SLCMP585-1883,1883,1883,288593593,2^288593593-1,STRUCTURAL_SCREEN_EXHAUSTED_PRIMALITY_UNASSIGNED,GF3A_DIRECTIONAL_WRITE_EXHAUSTED_PRIMALITY_UNASSIGNED,513,512,512,NO_RECORDED_FACTOR_PRP_OR_LL_RESULT_AND_NO_ACTIVE_GIMPS_ASSIGNMENT,2026-08-08T14:01:06+00:00,UNALLOCATED,,,,,
SLCMP585-1884,1884,1884,288593653,2^288593653-1,STRUCTURAL_SCREEN_EXHAUSTED_PRIMALITY_UNASSIGNED,GF3A_DIRECTIONAL_WRITE_EXHAUSTED_PRIMALITY_UNASSIGNED,513,512,512,NO_RECORDED_FACTOR_PRP_OR_LL_RESULT_AND_NO_ACTIVE_GIMPS_ASSIGNMENT,2026-08-08T14:01:06+00:00,UNALLOCATED,,,,,
SLCMP585-1885,1885,1885,288593707,2^288593707-1,STRUCTURAL_SCREEN_EXHAUSTED_PRIMALITY_UNASSIGNED,GF3A_DIRECTIONAL_WRITE_EXHAUSTED_PRIMALITY_UNASSIGNED,514,512,512,NO_RECORDED_FACTOR_PRP_OR_LL_RESULT_AND_NO_ACTIVE_GIMPS_ASSIGNMENT,2026-08-08T14:01:06+00:00,UNALLOCATED,,,,,
SLCMP585-1886,1886,1886,288593749,2^288593749-1,STRUCTURAL_SCREEN_EXHAUSTED_PRIMALITY_UNASSIGNED,GF3A_DIRECTIONAL_WRITE_EXHAUSTED_PRIMALITY_UNASSIGNED,513,512,512,NO_RECORDED_FACTOR_PRP_OR_LL_RESULT_AND_NO_ACTIVE_GIMPS_ASSIGNMENT,2026-08-08T14:01:06+00:00,UNALLOCATED,,,,,
SLCMP585-1887,1887,1887,288593777,2^288593777-1,STRUCTURAL_SCREEN_EXHAUSTED_PRIMALITY_UNASSIGNED,GF3A_DIRECTIONAL_WRITE_EXHAUSTED_PRIMALITY_UNASSIGNED,513,512,512,NO_RECORDED_FACTOR_PRP_OR_LL_RESULT_AND_NO_ACTIVE_GIMPS_ASSIGNMENT,2026-08-08T14:01:06+00:00,UNALLOCATED,,,,,
SLCMP585-1888,1888,1888,288593783,2^288593783-1,STRUCTURAL_SCREEN_EXHAUSTED_PRIMALITY_UNASSIGNED,GF3A_DIRECTIONAL_WRITE_EXHAUSTED_PRIMALITY_UNASSIGNED,514,512,512,NO_RECORDED_FACTOR_PRP_OR_LL_RESULT_AND_NO_ACTIVE_GIMPS_ASSIGNMENT,2026-08-08T14:01:06+00:00,UNALLOCATED,,,,,
SLCMP585-1889,1889,1889,288593813,2^288593813-1,STRUCTURAL_SCREEN_EXHAUSTED_PRIMALITY_UNASSIGNED,GF3A_DIRECTIONAL_WRITE_EXHAUSTED_PRIMALITY_UNASSIGNED,513,512,512,NO_RECORDED_FACTOR_PRP_OR_LL_RESULT_AND_NO_ACTIVE_GIMPS_ASSIGNMENT,2026-08-08T14:01:06+00:00,UNALLOCATED,,,,,
SLCMP585-1890,1890,1890,288593891,2^288593891-1,STRUCTURAL_SCREEN_EXHAUSTED_PRIMALITY_UNASSIGNED,GF3A_DIRECTIONAL_WRITE_EXHAUSTED_PRIMALITY_UNASSIGNED,514,512,512,NO_RECORDED_FACTOR_PRP_OR_LL_RESULT_AND_NO_ACTIVE_GIMPS_ASSIGNMENT,2026-08-08T14:01:06+00:00,UNALLOCATED,,,,,
SLCMP585-1891,1891,1891,288594011,2^288594011-1,STRUCTURAL_SCREEN_EXHAUSTED_PRIMALITY_UNASSIGNED,GF3A_DIRECTIONAL_WRITE_EXHAUSTED_PRIMALITY_UNASSIGNED,514,512,512,NO_RECORDED_FACTOR_PRP_OR_LL_RESULT_AND_NO_ACTIVE_GIMPS_ASSIGNMENT,2026-08-08T14:01:06+00:00,UNALLOCATED,,,,,
SLCMP585-1892,1892,1892,288594049,2^288594049-1,STRUCTURAL_SCREEN_EXHAUSTED_PRIMALITY_UNASSIGNED,GF3A_DIRECTIONAL_WRITE_EXHAUSTED_PRIMALITY_UNASSIGNED,513,512,512,NO_RECORDED_FACTOR_PRP_OR_LL_RESULT_AND_NO_ACTIVE_GIMPS_ASSIGNMENT,2026-08-08T14:01:06+00:00,UNALLOCATED,,,,,
SLCMP585-1893,1893,1893,288594073,2^288594073-1,STRUCTURAL_SCREEN_EXHAUSTED_PRIMALITY_UNASSIGNED,GF3A_DIRECTIONAL_WRITE_EXHAUSTED_PRIMALITY_UNASSIGNED,513,512,512,NO_RECORDED_FACTOR_PRP_OR_LL_RESULT_AND_NO_ACTIVE_GIMPS_ASSIGNMENT,2026-08-08T14:01:06+00:00,UNALLOCATED,,,,,
SLCMP585-1894,1894,1894,288594079,2^288594079-1,STRUCTURAL_SCREEN_EXHAUSTED_PRIMALITY_UNASSIGNED,GF3A_DIRECTIONAL_WRITE_EXHAUSTED_PRIMALITY_UNASSIGNED,514,512,512,NO_RECORDED_FACTOR_PRP_OR_LL_RESULT_AND_NO_ACTIVE_GIMPS_ASSIGNMENT,2026-08-08T14:01:06+00:00,UNALLOCATED,,,,,
SLCMP585-1895,1895,1895,288594239,2^288594239-1,STRUCTURAL_SCREEN_EXHAUSTED_PRIMALITY_UNASSIGNED,GF3A_DIRECTIONAL_WRITE_EXHAUSTED_PRIMALITY_UNASSIGNED,514,512,512,NO_RECORDED_FACTOR_PRP_OR_LL_RESULT_AND_NO_ACTIVE_GIMPS_ASSIGNMENT,2026-08-08T14:01:06+00:00,UNALLOCATED,,,,,
SLCMP585-1896,1896,1896,288594307,2^288594307-1,STRUCTURAL_SCREEN_EXHAUSTED_PRIMALITY_UNASSIGNED,GF3A_DIRECTIONAL_WRITE_EXHAUSTED_PRIMALITY_UNASSIGNED,514,512,512,NO_RECORDED_FACTOR_PRP_OR_LL_RESULT_AND_NO_ACTIVE_GIMPS_ASSIGNMENT,2026-08-08T14:01:06+00:00,UNALLOCATED,,,,,
SLCMP585-1897,1897,1897,288594353,2^288594353-1,STRUCTURAL_SCREEN_EXHAUSTED_PRIMALITY_UNASSIGNED,GF3A_DIRECTIONAL_WRITE_EXHAUSTED_PRIMALITY_UNASSIGNED,513,512,512,NO_RECORDED_FACTOR_PRP_OR_LL_RESULT_AND_NO_ACTIVE_GIMPS_ASSIGNMENT,2026-08-08T14:01:06+00:00,UNALLOCATED,,,,,
SLCMP585-1898,1898,1898,288594491,2^288594491-1,STRUCTURAL_SCREEN_EXHAUSTED_PRIMALITY_UNASSIGNED,GF3A_DIRECTIONAL_WRITE_EXHAUSTED_PRIMALITY_UNASSIGNED,514,512,512,NO_RECORDED_FACTOR_PRP_OR_LL_RESULT_AND_NO_ACTIVE_GIMPS_ASSIGNMENT,2026-08-08T14:01:06+00:00,UNALLOCATED,,,,,
SLCMP585-1899,1899,1899,288594517,2^288594517-1,STRUCTURAL_SCREEN_EXHAUSTED_PRIMALITY_UNASSIGNED,GF3A_DIRECTIONAL_WRITE_EXHAUSTED_PRIMALITY_UNASSIGNED,513,512,512,NO_RECORDED_FACTOR_PRP_OR_LL_RESULT_AND_NO_ACTIVE_GIMPS_ASSIGNMENT,2026-08-08T14:01:06+00:00,UNALLOCATED,,,,,
SLCMP585-1900,1900,1900,288594539,2^288594539-1,STRUCTURAL_SCREEN_EXHAUSTED_PRIMALITY_UNASSIGNED,GF3A_DIRECTIONAL_WRITE_EXHAUSTED_PRIMALITY_UNASSIGNED,514,512,512,NO_RECORDED_FACTOR_PRP_OR_LL_RESULT_AND_NO_ACTIVE_GIMPS_ASSIGNMENT,2026-08-08T14:01:06+00:00,UNALLOCATED,,,,,
SLCMP585-1901,1901,1901,288594571,2^288594571-1,STRUCTURAL_SCREEN_EXHAUSTED_PRIMALITY_UNASSIGNED,GF3A_DIRECTIONAL_WRITE_EXHAUSTED_PRIMALITY_UNASSIGNED,514,512,512,NO_RECORDED_FACTOR_PRP_OR_LL_RESULT_AND_NO_ACTIVE_GIMPS_ASSIGNMENT,2026-08-08T14:01:06+00:00,UNALLOCATED,,,,,
SLCMP585-1902,1902,1902,288594653,2^288594653-1,STRUCTURAL_SCREEN_EXHAUSTED_PRIMALITY_UNASSIGNED,GF3A_DIRECTIONAL_WRITE_EXHAUSTED_PRIMALITY_UNASSIGNED,513,512,512,NO_RECORDED_FACTOR_PRP_OR_LL_RESULT_AND_NO_ACTIVE_GIMPS_ASSIGNMENT,2026-08-08T14:01:06+00:00,UNALLOCATED,,,,,
SLCMP585-1903,1903,1903,288594701,2^288594701-1,STRUCTURAL_SCREEN_EXHAUSTED_PRIMALITY_UNASSIGNED,GF3A_DIRECTIONAL_WRITE_EXHAUSTED_PRIMALITY_UNASSIGNED,513,512,512,NO_RECORDED_FACTOR_PRP_OR_LL_RESULT_AND_NO_ACTIVE_GIMPS_ASSIGNMENT,2026-08-08T14:01:06+00:00,UNALLOCATED,,,,,
SLCMP585-1904,1904,1904,288594707,2^288594707-1,STRUCTURAL_SCREEN_EXHAUSTED_PRIMALITY_UNASSIGNED,GF3A_DIRECTIONAL_WRITE_EXHAUSTED_PRIMALITY_UNASSIGNED,514,512,512,NO_RECORDED_FACTOR_PRP_OR_LL_RESULT_AND_NO_ACTIVE_GIMPS_ASSIGNMENT,2026-08-08T14:01:06+00:00,UNALLOCATED,,,,,
SLCMP585-1905,1905,1905,288594751,2^288594751-1,STRUCTURAL_SCREEN_EXHAUSTED_PRIMALITY_UNASSIGNED,GF3A_DIRECTIONAL_WRITE_EXHAUSTED_PRIMALITY_UNASSIGNED,514,512,512,NO_RECORDED_FACTOR_PRP_OR_LL_RESULT_AND_NO_ACTIVE_GIMPS_ASSIGNMENT,2026-08-08T14:01:06+00:00,UNALLOCATED,,,,,
SLCMP585-1906,1906,1906,288594829,2^288594829-1,STRUCTURAL_SCREEN_EXHAUSTED_PRIMALITY_UNASSIGNED,GF3A_DIRECTIONAL_WRITE_EXHAUSTED_PRIMALITY_UNASSIGNED,513,512,512,NO_RECORDED_FACTOR_PRP_OR_LL_RESULT_AND_NO_ACTIVE_GIMPS_ASSIGNMENT,2026-08-08T14:01:06+00:00,UNALLOCATED,,,,,
SLCMP585-1907,1907,1907,288594893,2^288594893-1,STRUCTURAL_SCREEN_EXHAUSTED_PRIMALITY_UNASSIGNED,GF3A_DIRECTIONAL_WRITE_EXHAUSTED_PRIMALITY_UNASSIGNED,513,512,512,NO_RECORDED_FACTOR_PRP_OR_LL_RESULT_AND_NO_ACTIVE_GIMPS_ASSIGNMENT,2026-08-08T14:01:06+00:00,UNALLOCATED,,,,,
SLCMP585-1908,1908,1908,288595091,2^288595091-1,STRUCTURAL_SCREEN_EXHAUSTED_PRIMALITY_UNASSIGNED,GF3A_DIRECTIONAL_WRITE_EXHAUSTED_PRIMALITY_UNASSIGNED,514,512,512,NO_RECORDED_FACTOR_PRP_OR_LL_RESULT_AND_NO_ACTIVE_GIMPS_ASSIGNMENT,2026-08-08T14:01:06+00:00,UNALLOCATED,,,,,
SLCMP585-1909,1909,1909,288595127,2^288595127-1,STRUCTURAL_SCREEN_EXHAUSTED_PRIMALITY_UNASSIGNED,GF3A_DIRECTIONAL_WRITE_EXHAUSTED_PRIMALITY_UNASSIGNED,514,512,512,NO_RECORDED_FACTOR_PRP_OR_LL_RESULT_AND_NO_ACTIVE_GIMPS_ASSIGNMENT,2026-08-08T14:01:06+00:00,UNALLOCATED,,,,,
SLCMP585-1910,1910,1910,288595159,2^288595159-1,STRUCTURAL_SCREEN_EXHAUSTED_PRIMALITY_UNASSIGNED,GF3A_DIRECTIONAL_WRITE_EXHAUSTED_PRIMALITY_UNASSIGNED,514,512,512,NO_RECORDED_FACTOR_PRP_OR_LL_RESULT_AND_NO_ACTIVE_GIMPS_ASSIGNMENT,2026-08-08T14:01:06+00:00,UNALLOCATED,,,,,
SLCMP585-1911,1911,1911,288595253,2^288595253-1,STRUCTURAL_SCREEN_EXHAUSTED_PRIMALITY_UNASSIGNED,GF3A_DIRECTIONAL_WRITE_EXHAUSTED_PRIMALITY_UNASSIGNED,513,512,512,NO_RECORDED_FACTOR_PRP_OR_LL_RESULT_AND_NO_ACTIVE_GIMPS_ASSIGNMENT,2026-08-08T14:01:06+00:00,UNALLOCATED,,,,,
SLCMP585-1912,1912,1912,288595271,2^288595271-1,STRUCTURAL_SCREEN_EXHAUSTED_PRIMALITY_UNASSIGNED,GF3A_DIRECTIONAL_WRITE_EXHAUSTED_PRIMALITY_UNASSIGNED,514,512,512,NO_RECORDED_FACTOR_PRP_OR_LL_RESULT_AND_NO_ACTIVE_GIMPS_ASSIGNMENT,2026-08-08T14:01:06+00:00,UNALLOCATED,,,,,
SLCMP585-1913,1913,1913,288595319,2^288595319-1,STRUCTURAL_SCREEN_EXHAUSTED_PRIMALITY_UNASSIGNED,GF3A_DIRECTIONAL_WRITE_EXHAUSTED_PRIMALITY_UNASSIGNED,514,512,512,NO_RECORDED_FACTOR_PRP_OR_LL_RESULT_AND_NO_ACTIVE_GIMPS_ASSIGNMENT,2026-08-08T14:01:06+00:00,UNALLOCATED,,,,,
SLCMP585-1914,1914,1914,288595339,2^288595339-1,STRUCTURAL_SCREEN_EXHAUSTED_PRIMALITY_UNASSIGNED,GF3A_DIRECTIONAL_WRITE_EXHAUSTED_PRIMALITY_UNASSIGNED,514,512,512,NO_RECORDED_FACTOR_PRP_OR_LL_RESULT_AND_NO_ACTIVE_GIMPS_ASSIGNMENT,2026-08-08T14:01:06+00:00,UNALLOCATED,,,,,
SLCMP585-1915,1915,1915,288595381,2^288595381-1,STRUCTURAL_SCREEN_EXHAUSTED_PRIMALITY_UNASSIGNED,GF3A_DIRECTIONAL_WRITE_EXHAUSTED_PRIMALITY_UNASSIGNED,513,512,512,NO_RECORDED_FACTOR_PRP_OR_LL_RESULT_AND_NO_ACTIVE_GIMPS_ASSIGNMENT,2026-08-08T14:01:06+00:00,UNALLOCATED,,,,,
SLCMP585-1916,1916,1916,288595477,2^288595477-1,STRUCTURAL_SCREEN_EXHAUSTED_PRIMALITY_UNASSIGNED,GF3A_DIRECTIONAL_WRITE_EXHAUSTED_PRIMALITY_UNASSIGNED,513,512,512,NO_RECORDED_FACTOR_PRP_OR_LL_RESULT_AND_NO_ACTIVE_GIMPS_ASSIGNMENT,2026-08-08T14:01:06+00:00,UNALLOCATED,,,,,
SLCMP585-1917,1917,1917,288595627,2^288595627-1,STRUCTURAL_SCREEN_EXHAUSTED_PRIMALITY_UNASSIGNED,GF3A_DIRECTIONAL_WRITE_EXHAUSTED_PRIMALITY_UNASSIGNED,514,512,512,NO_RECORDED_FACTOR_PRP_OR_LL_RESULT_AND_NO_ACTIVE_GIMPS_ASSIGNMENT,2026-08-08T14:01:06+00:00,UNALLOCATED,,,,,
SLCMP585-1918,1918,1918,288595663,2^288595663-1,STRUCTURAL_SCREEN_EXHAUSTED_PRIMALITY_UNASSIGNED,GF3A_DIRECTIONAL_WRITE_EXHAUSTED_PRIMALITY_UNASSIGNED,514,512,512,NO_RECORDED_FACTOR_PRP_OR_LL_RESULT_AND_NO_ACTIVE_GIMPS_ASSIGNMENT,2026-08-08T14:01:06+00:00,UNALLOCATED,,,,,
SLCMP585-1919,1919,1919,288595687,2^288595687-1,STRUCTURAL_SCREEN_EXHAUSTED_PRIMALITY_UNASSIGNED,GF3A_DIRECTIONAL_WRITE_EXHAUSTED_PRIMALITY_UNASSIGNED,514,512,512,NO_RECORDED_FACTOR_PRP_OR_LL_RESULT_AND_NO_ACTIVE_GIMPS_ASSIGNMENT,2026-08-08T14:01:06+00:00,UNALLOCATED,,,,,
SLCMP585-1920,1920,1920,288595817,2^288595817-1,STRUCTURAL_SCREEN_EXHAUSTED_PRIMALITY_UNASSIGNED,GF3A_DIRECTIONAL_WRITE_EXHAUSTED_PRIMALITY_UNASSIGNED,513,512,512,NO_RECORDED_FACTOR_PRP_OR_LL_RESULT_AND_NO_ACTIVE_GIMPS_ASSIGNMENT,2026-08-08T14:01:06+00:00,UNALLOCATED,,,,,
SLCMP585-1921,1921,1921,288595829,2^288595829-1,STRUCTURAL_SCREEN_EXHAUSTED_PRIMALITY_UNASSIGNED,GF3A_DIRECTIONAL_WRITE_EXHAUSTED_PRIMALITY_UNASSIGNED,513,512,512,NO_RECORDED_FACTOR_PRP_OR_LL_RESULT_AND_NO_ACTIVE_GIMPS_ASSIGNMENT,2026-08-08T14:01:06+00:00,UNALLOCATED,,,,,
SLCMP585-1922,1922,1922,288595847,2^288595847-1,STRUCTURAL_SCREEN_EXHAUSTED_PRIMALITY_UNASSIGNED,GF3A_DIRECTIONAL_WRITE_EXHAUSTED_PRIMALITY_UNASSIGNED,514,512,512,NO_RECORDED_FACTOR_PRP_OR_LL_RESULT_AND_NO_ACTIVE_GIMPS_ASSIGNMENT,2026-08-08T14:01:06+00:00,UNALLOCATED,,,,,
SLCMP585-1923,1923,1923,288595889,2^288595889-1,STRUCTURAL_SCREEN_EXHAUSTED_PRIMALITY_UNASSIGNED,GF3A_DIRECTIONAL_WRITE_EXHAUSTED_PRIMALITY_UNASSIGNED,513,512,512,NO_RECORDED_FACTOR_PRP_OR_LL_RESULT_AND_NO_ACTIVE_GIMPS_ASSIGNMENT,2026-08-08T14:01:06+00:00,UNALLOCATED,,,,,
SLCMP585-1924,1924,1924,288595891,2^288595891-1,STRUCTURAL_SCREEN_EXHAUSTED_PRIMALITY_UNASSIGNED,GF3A_DIRECTIONAL_WRITE_EXHAUSTED_PRIMALITY_UNASSIGNED,514,512,512,NO_RECORDED_FACTOR_PRP_OR_LL_RESULT_AND_NO_ACTIVE_GIMPS_ASSIGNMENT,2026-08-08T14:01:06+00:00,UNALLOCATED,,,,,
SLCMP585-1925,1925,1925,288595981,2^288595981-1,STRUCTURAL_SCREEN_EXHAUSTED_PRIMALITY_UNASSIGNED,GF3A_DIRECTIONAL_WRITE_EXHAUSTED_PRIMALITY_UNASSIGNED,513,512,512,NO_RECORDED_FACTOR_PRP_OR_LL_RESULT_AND_NO_ACTIVE_GIMPS_ASSIGNMENT,2026-08-08T14:01:06+00:00,UNALLOCATED,,,,,
SLCMP585-1926,1926,1926,288595999,2^288595999-1,STRUCTURAL_SCREEN_EXHAUSTED_PRIMALITY_UNASSIGNED,GF3A_DIRECTIONAL_WRITE_EXHAUSTED_PRIMALITY_UNASSIGNED,514,512,512,NO_RECORDED_FACTOR_PRP_OR_LL_RESULT_AND_NO_ACTIVE_GIMPS_ASSIGNMENT,2026-08-08T14:01:06+00:00,UNALLOCATED,,,,,
SLCMP585-1927,1927,1927,288596017,2^288596017-1,STRUCTURAL_SCREEN_EXHAUSTED_PRIMALITY_UNASSIGNED,GF3A_DIRECTIONAL_WRITE_EXHAUSTED_PRIMALITY_UNASSIGNED,513,512,512,NO_RECORDED_FACTOR_PRP_OR_LL_RESULT_AND_NO_ACTIVE_GIMPS_ASSIGNMENT,2026-08-08T14:01:06+00:00,UNALLOCATED,,,,,
SLCMP585-1928,1928,1928,288596059,2^288596059-1,STRUCTURAL_SCREEN_EXHAUSTED_PRIMALITY_UNASSIGNED,GF3A_DIRECTIONAL_WRITE_EXHAUSTED_PRIMALITY_UNASSIGNED,514,512,512,NO_RECORDED_FACTOR_PRP_OR_LL_RESULT_AND_NO_ACTIVE_GIMPS_ASSIGNMENT,2026-08-08T14:01:06+00:00,UNALLOCATED,,,,,
SLCMP585-1929,1929,1929,288596141,2^288596141-1,STRUCTURAL_SCREEN_EXHAUSTED_PRIMALITY_UNASSIGNED,GF3A_DIRECTIONAL_WRITE_EXHAUSTED_PRIMALITY_UNASSIGNED,513,512,512,NO_RECORDED_FACTOR_PRP_OR_LL_RESULT_AND_NO_ACTIVE_GIMPS_ASSIGNMENT,2026-08-08T14:01:06+00:00,UNALLOCATED,,,,,
SLCMP585-1930,1930,1930,288596153,2^288596153-1,STRUCTURAL_SCREEN_EXHAUSTED_PRIMALITY_UNASSIGNED,GF3A_DIRECTIONAL_WRITE_EXHAUSTED_PRIMALITY_UNASSIGNED,513,512,512,NO_RECORDED_FACTOR_PRP_OR_LL_RESULT_AND_NO_ACTIVE_GIMPS_ASSIGNMENT,2026-08-08T14:01:06+00:00,UNALLOCATED,,,,,
SLCMP585-1931,1931,1931,288596167,2^288596167-1,STRUCTURAL_SCREEN_EXHAUSTED_PRIMALITY_UNASSIGNED,GF3A_DIRECTIONAL_WRITE_EXHAUSTED_PRIMALITY_UNASSIGNED,514,512,512,NO_RECORDED_FACTOR_PRP_OR_LL_RESULT_AND_NO_ACTIVE_GIMPS_ASSIGNMENT,2026-08-08T14:01:06+00:00,UNALLOCATED,,,,,
SLCMP585-1932,1932,1932,288596173,2^288596173-1,STRUCTURAL_SCREEN_EXHAUSTED_PRIMALITY_UNASSIGNED,GF3A_DIRECTIONAL_WRITE_EXHAUSTED_PRIMALITY_UNASSIGNED,513,512,512,NO_RECORDED_FACTOR_PRP_OR_LL_RESULT_AND_NO_ACTIVE_GIMPS_ASSIGNMENT,2026-08-08T14:01:06+00:00,UNALLOCATED,,,,,
SLCMP585-1933,1933,1933,288596213,2^288596213-1,STRUCTURAL_SCREEN_EXHAUSTED_PRIMALITY_UNASSIGNED,GF3A_DIRECTIONAL_WRITE_EXHAUSTED_PRIMALITY_UNASSIGNED,513,512,512,NO_RECORDED_FACTOR_PRP_OR_LL_RESULT_AND_NO_ACTIVE_GIMPS_ASSIGNMENT,2026-08-08T14:01:06+00:00,UNALLOCATED,,,,,
SLCMP585-1934,1934,1934,288596239,2^288596239-1,STRUCTURAL_SCREEN_EXHAUSTED_PRIMALITY_UNASSIGNED,GF3A_DIRECTIONAL_WRITE_EXHAUSTED_PRIMALITY_UNASSIGNED,514,512,512,NO_RECORDED_FACTOR_PRP_OR_LL_RESULT_AND_NO_ACTIVE_GIMPS_ASSIGNMENT,2026-08-08T14:01:06+00:00,UNALLOCATED,,,,,
SLCMP585-1935,1935,1935,288596257,2^288596257-1,STRUCTURAL_SCREEN_EXHAUSTED_PRIMALITY_UNASSIGNED,GF3A_DIRECTIONAL_WRITE_EXHAUSTED_PRIMALITY_UNASSIGNED,513,512,512,NO_RECORDED_FACTOR_PRP_OR_LL_RESULT_AND_NO_ACTIVE_GIMPS_ASSIGNMENT,2026-08-08T14:01:06+00:00,UNALLOCATED,,,,,
SLCMP585-1936,1936,1936,288596279,2^288596279-1,STRUCTURAL_SCREEN_EXHAUSTED_PRIMALITY_UNASSIGNED,GF3A_DIRECTIONAL_WRITE_EXHAUSTED_PRIMALITY_UNASSIGNED,514,512,512,NO_RECORDED_FACTOR_PRP_OR_LL_RESULT_AND_NO_ACTIVE_GIMPS_ASSIGNMENT,2026-08-08T14:01:06+00:00,UNALLOCATED,,,,,
SLCMP585-1937,1937,1937,288596281,2^288596281-1,STRUCTURAL_SCREEN_EXHAUSTED_PRIMALITY_UNASSIGNED,GF3A_DIRECTIONAL_WRITE_EXHAUSTED_PRIMALITY_UNASSIGNED,513,512,512,NO_RECORDED_FACTOR_PRP_OR_LL_RESULT_AND_NO_ACTIVE_GIMPS_ASSIGNMENT,2026-08-08T14:01:06+00:00,UNALLOCATED,,,,,
SLCMP585-1938,1938,1938,288596389,2^288596389-1,STRUCTURAL_SCREEN_EXHAUSTED_PRIMALITY_UNASSIGNED,GF3A_DIRECTIONAL_WRITE_EXHAUSTED_PRIMALITY_UNASSIGNED,513,512,512,NO_RECORDED_FACTOR_PRP_OR_LL_RESULT_AND_NO_ACTIVE_GIMPS_ASSIGNMENT,2026-08-08T14:01:06+00:00,UNALLOCATED,,,,,
SLCMP585-1939,1939,1939,288596393,2^288596393-1,STRUCTURAL_SCREEN_EXHAUSTED_PRIMALITY_UNASSIGNED,GF3A_DIRECTIONAL_WRITE_EXHAUSTED_PRIMALITY_UNASSIGNED,513,512,512,NO_RECORDED_FACTOR_PRP_OR_LL_RESULT_AND_NO_ACTIVE_GIMPS_ASSIGNMENT,2026-08-08T14:01:06+00:00,UNALLOCATED,,,,,
SLCMP585-1940,1940,1940,288596419,2^288596419-1,STRUCTURAL_SCREEN_EXHAUSTED_PRIMALITY_UNASSIGNED,GF3A_DIRECTIONAL_WRITE_EXHAUSTED_PRIMALITY_UNASSIGNED,514,512,512,NO_RECORDED_FACTOR_PRP_OR_LL_RESULT_AND_NO_ACTIVE_GIMPS_ASSIGNMENT,2026-08-08T14:01:06+00:00,UNALLOCATED,,,,,
SLCMP585-1941,1941,1941,288596447,2^288596447-1,STRUCTURAL_SCREEN_EXHAUSTED_PRIMALITY_UNASSIGNED,GF3A_DIRECTIONAL_WRITE_EXHAUSTED_PRIMALITY_UNASSIGNED,514,512,512,NO_RECORDED_FACTOR_PRP_OR_LL_RESULT_AND_NO_ACTIVE_GIMPS_ASSIGNMENT,2026-08-08T14:01:06+00:00,UNALLOCATED,,,,,
SLCMP585-1942,1942,1942,288596507,2^288596507-1,STRUCTURAL_SCREEN_EXHAUSTED_PRIMALITY_UNASSIGNED,GF3A_DIRECTIONAL_WRITE_EXHAUSTED_PRIMALITY_UNASSIGNED,514,512,512,NO_RECORDED_FACTOR_PRP_OR_LL_RESULT_AND_NO_ACTIVE_GIMPS_ASSIGNMENT,2026-08-08T14:01:06+00:00,UNALLOCATED,,,,,
SLCMP585-1943,1943,1943,288596549,2^288596549-1,STRUCTURAL_SCREEN_EXHAUSTED_PRIMALITY_UNASSIGNED,GF3A_DIRECTIONAL_WRITE_EXHAUSTED_PRIMALITY_UNASSIGNED,513,512,512,NO_RECORDED_FACTOR_PRP_OR_LL_RESULT_AND_NO_ACTIVE_GIMPS_ASSIGNMENT,2026-08-08T14:01:06+00:00,UNALLOCATED,,,,,
SLCMP585-1944,1944,1944,288596569,2^288596569-1,STRUCTURAL_SCREEN_EXHAUSTED_PRIMALITY_UNASSIGNED,GF3A_DIRECTIONAL_WRITE_EXHAUSTED_PRIMALITY_UNASSIGNED,513,512,512,NO_RECORDED_FACTOR_PRP_OR_LL_RESULT_AND_NO_ACTIVE_GIMPS_ASSIGNMENT,2026-08-08T14:01:06+00:00,UNALLOCATED,,,,,
SLCMP585-1945,1945,1945,288596597,2^288596597-1,STRUCTURAL_SCREEN_EXHAUSTED_PRIMALITY_UNASSIGNED,GF3A_DIRECTIONAL_WRITE_EXHAUSTED_PRIMALITY_UNASSIGNED,513,512,512,NO_RECORDED_FACTOR_PRP_OR_LL_RESULT_AND_NO_ACTIVE_GIMPS_ASSIGNMENT,2026-08-08T14:01:06+00:00,UNALLOCATED,,,,,
SLCMP585-1946,1946,1946,288596647,2^288596647-1,STRUCTURAL_SCREEN_EXHAUSTED_PRIMALITY_UNASSIGNED,GF3A_DIRECTIONAL_WRITE_EXHAUSTED_PRIMALITY_UNASSIGNED,514,512,512,NO_RECORDED_FACTOR_PRP_OR_LL_RESULT_AND_NO_ACTIVE_GIMPS_ASSIGNMENT,2026-08-08T14:01:06+00:00,UNALLOCATED,,,,,
SLCMP585-1947,1947,1947,288596729,2^288596729-1,STRUCTURAL_SCREEN_EXHAUSTED_PRIMALITY_UNASSIGNED,GF3A_DIRECTIONAL_WRITE_EXHAUSTED_PRIMALITY_UNASSIGNED,513,512,512,NO_RECORDED_FACTOR_PRP_OR_LL_RESULT_AND_NO_ACTIVE_GIMPS_ASSIGNMENT,2026-08-08T14:01:06+00:00,UNALLOCATED,,,,,
SLCMP585-1948,1948,1948,288596773,2^288596773-1,STRUCTURAL_SCREEN_EXHAUSTED_PRIMALITY_UNASSIGNED,GF3A_DIRECTIONAL_WRITE_EXHAUSTED_PRIMALITY_UNASSIGNED,513,512,512,NO_RECORDED_FACTOR_PRP_OR_LL_RESULT_AND_NO_ACTIVE_GIMPS_ASSIGNMENT,2026-08-08T14:01:06+00:00,UNALLOCATED,,,,,
SLCMP585-1949,1949,1949,288596797,2^288596797-1,STRUCTURAL_SCREEN_EXHAUSTED_PRIMALITY_UNASSIGNED,GF3A_DIRECTIONAL_WRITE_EXHAUSTED_PRIMALITY_UNASSIGNED,513,512,512,NO_RECORDED_FACTOR_PRP_OR_LL_RESULT_AND_NO_ACTIVE_GIMPS_ASSIGNMENT,2026-08-08T14:01:06+00:00,UNALLOCATED,,,,,
SLCMP585-1950,1950,1950,288597139,2^288597139-1,STRUCTURAL_SCREEN_EXHAUSTED_PRIMALITY_UNASSIGNED,GF3A_DIRECTIONAL_WRITE_EXHAUSTED_PRIMALITY_UNASSIGNED,514,512,512,NO_RECORDED_FACTOR_PRP_OR_LL_RESULT_AND_NO_ACTIVE_GIMPS_ASSIGNMENT,2026-08-08T14:01:06+00:00,UNALLOCATED,,,,,
SLCMP585-1951,1951,1951,288597173,2^288597173-1,STRUCTURAL_SCREEN_EXHAUSTED_PRIMALITY_UNASSIGNED,GF3A_DIRECTIONAL_WRITE_EXHAUSTED_PRIMALITY_UNASSIGNED,513,512,512,NO_RECORDED_FACTOR_PRP_OR_LL_RESULT_AND_NO_ACTIVE_GIMPS_ASSIGNMENT,2026-08-08T14:01:06+00:00,UNALLOCATED,,,,,
SLCMP585-1952,1952,1952,288597193,2^288597193-1,STRUCTURAL_SCREEN_EXHAUSTED_PRIMALITY_UNASSIGNED,GF3A_DIRECTIONAL_WRITE_EXHAUSTED_PRIMALITY_UNASSIGNED,513,512,512,NO_RECORDED_FACTOR_PRP_OR_LL_RESULT_AND_NO_ACTIVE_GIMPS_ASSIGNMENT,2026-08-08T14:01:06+00:00,UNALLOCATED,,,,,
SLCMP585-1953,1953,1953,288597217,2^288597217-1,STRUCTURAL_SCREEN_EXHAUSTED_PRIMALITY_UNASSIGNED,GF3A_DIRECTIONAL_WRITE_EXHAUSTED_PRIMALITY_UNASSIGNED,513,512,512,NO_RECORDED_FACTOR_PRP_OR_LL_RESULT_AND_NO_ACTIVE_GIMPS_ASSIGNMENT,2026-08-08T14:01:06+00:00,UNALLOCATED,,,,,
SLCMP585-1954,1954,1954,288597247,2^288597247-1,STRUCTURAL_SCREEN_EXHAUSTED_PRIMALITY_UNASSIGNED,GF3A_DIRECTIONAL_WRITE_EXHAUSTED_PRIMALITY_UNASSIGNED,514,512,512,NO_RECORDED_FACTOR_PRP_OR_LL_RESULT_AND_NO_ACTIVE_GIMPS_ASSIGNMENT,2026-08-08T14:01:06+00:00,UNALLOCATED,,,,,
SLCMP585-1955,1955,1955,288597271,2^288597271-1,STRUCTURAL_SCREEN_EXHAUSTED_PRIMALITY_UNASSIGNED,GF3A_DIRECTIONAL_WRITE_EXHAUSTED_PRIMALITY_UNASSIGNED,514,512,512,NO_RECORDED_FACTOR_PRP_OR_LL_RESULT_AND_NO_ACTIVE_GIMPS_ASSIGNMENT,2026-08-08T14:01:06+00:00,UNALLOCATED,,,,,
SLCMP585-1956,1956,1956,288597313,2^288597313-1,STRUCTURAL_SCREEN_EXHAUSTED_PRIMALITY_UNASSIGNED,GF3A_DIRECTIONAL_WRITE_EXHAUSTED_PRIMALITY_UNASSIGNED,513,512,512,NO_RECORDED_FACTOR_PRP_OR_LL_RESULT_AND_NO_ACTIVE_GIMPS_ASSIGNMENT,2026-08-08T14:01:06+00:00,UNALLOCATED,,,,,
SLCMP585-1957,1957,1957,288597469,2^288597469-1,STRUCTURAL_SCREEN_EXHAUSTED_PRIMALITY_UNASSIGNED,GF3A_DIRECTIONAL_WRITE_EXHAUSTED_PRIMALITY_UNASSIGNED,513,512,512,NO_RECORDED_FACTOR_PRP_OR_LL_RESULT_AND_NO_ACTIVE_GIMPS_ASSIGNMENT,2026-08-08T14:01:06+00:00,UNALLOCATED,,,,,
SLCMP585-1958,1958,1958,288597503,2^288597503-1,STRUCTURAL_SCREEN_EXHAUSTED_PRIMALITY_UNASSIGNED,GF3A_DIRECTIONAL_WRITE_EXHAUSTED_PRIMALITY_UNASSIGNED,514,512,512,NO_RECORDED_FACTOR_PRP_OR_LL_RESULT_AND_NO_ACTIVE_GIMPS_ASSIGNMENT,2026-08-08T14:01:06+00:00,UNALLOCATED,,,,,
SLCMP585-1959,1959,1959,288597539,2^288597539-1,STRUCTURAL_SCREEN_EXHAUSTED_PRIMALITY_UNASSIGNED,GF3A_DIRECTIONAL_WRITE_EXHAUSTED_PRIMALITY_UNASSIGNED,514,512,512,NO_RECORDED_FACTOR_PRP_OR_LL_RESULT_AND_NO_ACTIVE_GIMPS_ASSIGNMENT,2026-08-08T14:01:06+00:00,UNALLOCATED,,,,,
SLCMP585-1960,1960,1960,288597577,2^288597577-1,STRUCTURAL_SCREEN_EXHAUSTED_PRIMALITY_UNASSIGNED,GF3A_DIRECTIONAL_WRITE_EXHAUSTED_PRIMALITY_UNASSIGNED,513,512,512,NO_RECORDED_FACTOR_PRP_OR_LL_RESULT_AND_NO_ACTIVE_GIMPS_ASSIGNMENT,2026-08-08T14:01:06+00:00,UNALLOCATED,,,,,
SLCMP585-1961,1961,1961,288597637,2^288597637-1,STRUCTURAL_SCREEN_EXHAUSTED_PRIMALITY_UNASSIGNED,GF3A_DIRECTIONAL_WRITE_EXHAUSTED_PRIMALITY_UNASSIGNED,513,512,512,NO_RECORDED_FACTOR_PRP_OR_LL_RESULT_AND_NO_ACTIVE_GIMPS_ASSIGNMENT,2026-08-08T14:01:06+00:00,UNALLOCATED,,,,,
SLCMP585-1962,1962,1962,288597769,2^288597769-1,STRUCTURAL_SCREEN_EXHAUSTED_PRIMALITY_UNASSIGNED,GF3A_DIRECTIONAL_WRITE_EXHAUSTED_PRIMALITY_UNASSIGNED,513,512,512,NO_RECORDED_FACTOR_PRP_OR_LL_RESULT_AND_NO_ACTIVE_GIMPS_ASSIGNMENT,2026-08-08T14:01:06+00:00,UNALLOCATED,,,,,
SLCMP585-1963,1963,1963,288597809,2^288597809-1,STRUCTURAL_SCREEN_EXHAUSTED_PRIMALITY_UNASSIGNED,GF3A_DIRECTIONAL_WRITE_EXHAUSTED_PRIMALITY_UNASSIGNED,513,512,512,NO_RECORDED_FACTOR_PRP_OR_LL_RESULT_AND_NO_ACTIVE_GIMPS_ASSIGNMENT,2026-08-08T14:01:06+00:00,UNALLOCATED,,,,,
SLCMP585-1964,1964,1964,288597929,2^288597929-1,STRUCTURAL_SCREEN_EXHAUSTED_PRIMALITY_UNASSIGNED,GF3A_DIRECTIONAL_WRITE_EXHAUSTED_PRIMALITY_UNASSIGNED,513,512,512,NO_RECORDED_FACTOR_PRP_OR_LL_RESULT_AND_NO_ACTIVE_GIMPS_ASSIGNMENT,2026-08-08T14:01:06+00:00,UNALLOCATED,,,,,
SLCMP585-1965,1965,1965,288597931,2^288597931-1,STRUCTURAL_SCREEN_EXHAUSTED_PRIMALITY_UNASSIGNED,GF3A_DIRECTIONAL_WRITE_EXHAUSTED_PRIMALITY_UNASSIGNED,514,512,512,NO_RECORDED_FACTOR_PRP_OR_LL_RESULT_AND_NO_ACTIVE_GIMPS_ASSIGNMENT,2026-08-08T14:01:06+00:00,UNALLOCATED,,,,,
SLCMP585-1966,1966,1966,288598067,2^288598067-1,STRUCTURAL_SCREEN_EXHAUSTED_PRIMALITY_UNASSIGNED,GF3A_DIRECTIONAL_WRITE_EXHAUSTED_PRIMALITY_UNASSIGNED,514,512,512,NO_RECORDED_FACTOR_PRP_OR_LL_RESULT_AND_NO_ACTIVE_GIMPS_ASSIGNMENT,2026-08-08T14:01:06+00:00,UNALLOCATED,,,,,
SLCMP585-1967,1967,1967,288598097,2^288598097-1,STRUCTURAL_SCREEN_EXHAUSTED_PRIMALITY_UNASSIGNED,GF3A_DIRECTIONAL_WRITE_EXHAUSTED_PRIMALITY_UNASSIGNED,513,512,512,NO_RECORDED_FACTOR_PRP_OR_LL_RESULT_AND_NO_ACTIVE_GIMPS_ASSIGNMENT,2026-08-08T14:01:06+00:00,UNALLOCATED,,,,,
SLCMP585-1968,1968,1968,288598117,2^288598117-1,STRUCTURAL_SCREEN_EXHAUSTED_PRIMALITY_UNASSIGNED,GF3A_DIRECTIONAL_WRITE_EXHAUSTED_PRIMALITY_UNASSIGNED,513,512,512,NO_RECORDED_FACTOR_PRP_OR_LL_RESULT_AND_NO_ACTIVE_GIMPS_ASSIGNMENT,2026-08-08T14:01:06+00:00,UNALLOCATED,,,,,
SLCMP585-1969,1969,1969,288598159,2^288598159-1,STRUCTURAL_SCREEN_EXHAUSTED_PRIMALITY_UNASSIGNED,GF3A_DIRECTIONAL_WRITE_EXHAUSTED_PRIMALITY_UNASSIGNED,514,512,512,NO_RECORDED_FACTOR_PRP_OR_LL_RESULT_AND_NO_ACTIVE_GIMPS_ASSIGNMENT,2026-08-08T14:01:06+00:00,UNALLOCATED,,,,,
SLCMP585-1970,1970,1970,288598237,2^288598237-1,STRUCTURAL_SCREEN_EXHAUSTED_PRIMALITY_UNASSIGNED,GF3A_DIRECTIONAL_WRITE_EXHAUSTED_PRIMALITY_UNASSIGNED,513,512,512,NO_RECORDED_FACTOR_PRP_OR_LL_RESULT_AND_NO_ACTIVE_GIMPS_ASSIGNMENT,2026-08-08T14:01:06+00:00,UNALLOCATED,,,,,
SLCMP585-1971,1971,1971,288598291,2^288598291-1,STRUCTURAL_SCREEN_EXHAUSTED_PRIMALITY_UNASSIGNED,GF3A_DIRECTIONAL_WRITE_EXHAUSTED_PRIMALITY_UNASSIGNED,514,512,512,NO_RECORDED_FACTOR_PRP_OR_LL_RESULT_AND_NO_ACTIVE_GIMPS_ASSIGNMENT,2026-08-08T14:01:06+00:00,UNALLOCATED,,,,,
SLCMP585-1972,1972,1972,288598361,2^288598361-1,STRUCTURAL_SCREEN_EXHAUSTED_PRIMALITY_UNASSIGNED,GF3A_DIRECTIONAL_WRITE_EXHAUSTED_PRIMALITY_UNASSIGNED,513,512,512,NO_RECORDED_FACTOR_PRP_OR_LL_RESULT_AND_NO_ACTIVE_GIMPS_ASSIGNMENT,2026-08-08T14:01:06+00:00,UNALLOCATED,,,,,
SLCMP585-1973,1973,1973,288598421,2^288598421-1,STRUCTURAL_SCREEN_EXHAUSTED_PRIMALITY_UNASSIGNED,GF3A_DIRECTIONAL_WRITE_EXHAUSTED_PRIMALITY_UNASSIGNED,513,512,512,NO_RECORDED_FACTOR_PRP_OR_LL_RESULT_AND_NO_ACTIVE_GIMPS_ASSIGNMENT,2026-08-08T14:01:06+00:00,UNALLOCATED,,,,,
SLCMP585-1974,1974,1974,288598433,2^288598433-1,STRUCTURAL_SCREEN_EXHAUSTED_PRIMALITY_UNASSIGNED,GF3A_DIRECTIONAL_WRITE_EXHAUSTED_PRIMALITY_UNASSIGNED,513,512,512,NO_RECORDED_FACTOR_PRP_OR_LL_RESULT_AND_NO_ACTIVE_GIMPS_ASSIGNMENT,2026-08-08T14:01:06+00:00,UNALLOCATED,,,,,
SLCMP585-1975,1975,1975,288598439,2^288598439-1,STRUCTURAL_SCREEN_EXHAUSTED_PRIMALITY_UNASSIGNED,GF3A_DIRECTIONAL_WRITE_EXHAUSTED_PRIMALITY_UNASSIGNED,514,512,512,NO_RECORDED_FACTOR_PRP_OR_LL_RESULT_AND_NO_ACTIVE_GIMPS_ASSIGNMENT,2026-08-08T14:01:06+00:00,UNALLOCATED,,,,,
SLCMP585-1976,1976,1976,288598487,2^288598487-1,STRUCTURAL_SCREEN_EXHAUSTED_PRIMALITY_UNASSIGNED,GF3A_DIRECTIONAL_WRITE_EXHAUSTED_PRIMALITY_UNASSIGNED,514,512,512,NO_RECORDED_FACTOR_PRP_OR_LL_RESULT_AND_NO_ACTIVE_GIMPS_ASSIGNMENT,2026-08-08T14:01:06+00:00,UNALLOCATED,,,,,
SLCMP585-1977,1977,1977,288598529,2^288598529-1,STRUCTURAL_SCREEN_EXHAUSTED_PRIMALITY_UNASSIGNED,GF3A_DIRECTIONAL_WRITE_EXHAUSTED_PRIMALITY_UNASSIGNED,513,512,512,NO_RECORDED_FACTOR_PRP_OR_LL_RESULT_AND_NO_ACTIVE_GIMPS_ASSIGNMENT,2026-08-08T14:01:06+00:00,UNALLOCATED,,,,,
SLCMP585-1978,1978,1978,288598627,2^288598627-1,STRUCTURAL_SCREEN_EXHAUSTED_PRIMALITY_UNASSIGNED,GF3A_DIRECTIONAL_WRITE_EXHAUSTED_PRIMALITY_UNASSIGNED,514,512,512,NO_RECORDED_FACTOR_PRP_OR_LL_RESULT_AND_NO_ACTIVE_GIMPS_ASSIGNMENT,2026-08-08T14:01:06+00:00,UNALLOCATED,,,,,
SLCMP585-1979,1979,1979,288598637,2^288598637-1,STRUCTURAL_SCREEN_EXHAUSTED_PRIMALITY_UNASSIGNED,GF3A_DIRECTIONAL_WRITE_EXHAUSTED_PRIMALITY_UNASSIGNED,513,512,512,NO_RECORDED_FACTOR_PRP_OR_LL_RESULT_AND_NO_ACTIVE_GIMPS_ASSIGNMENT,2026-08-08T14:01:06+00:00,UNALLOCATED,,,,,
SLCMP585-1980,1980,1980,288598729,2^288598729-1,STRUCTURAL_SCREEN_EXHAUSTED_PRIMALITY_UNASSIGNED,GF3A_DIRECTIONAL_WRITE_EXHAUSTED_PRIMALITY_UNASSIGNED,513,512,512,NO_RECORDED_FACTOR_PRP_OR_LL_RESULT_AND_NO_ACTIVE_GIMPS_ASSIGNMENT,2026-08-08T14:01:06+00:00,UNALLOCATED,,,,,
SLCMP585-1981,1981,1981,288598759,2^288598759-1,STRUCTURAL_SCREEN_EXHAUSTED_PRIMALITY_UNASSIGNED,GF3A_DIRECTIONAL_WRITE_EXHAUSTED_PRIMALITY_UNASSIGNED,514,512,512,NO_RECORDED_FACTOR_PRP_OR_LL_RESULT_AND_NO_ACTIVE_GIMPS_ASSIGNMENT,2026-08-08T14:01:06+00:00,UNALLOCATED,,,,,
SLCMP585-1982,1982,1982,288598897,2^288598897-1,STRUCTURAL_SCREEN_EXHAUSTED_PRIMALITY_UNASSIGNED,GF3A_DIRECTIONAL_WRITE_EXHAUSTED_PRIMALITY_UNASSIGNED,513,512,512,NO_RECORDED_FACTOR_PRP_OR_LL_RESULT_AND_NO_ACTIVE_GIMPS_ASSIGNMENT,2026-08-08T14:01:06+00:00,UNALLOCATED,,,,,
SLCMP585-1983,1983,1983,288598909,2^288598909-1,STRUCTURAL_SCREEN_EXHAUSTED_PRIMALITY_UNASSIGNED,GF3A_DIRECTIONAL_WRITE_EXHAUSTED_PRIMALITY_UNASSIGNED,513,512,512,NO_RECORDED_FACTOR_PRP_OR_LL_RESULT_AND_NO_ACTIVE_GIMPS_ASSIGNMENT,2026-08-08T14:01:06+00:00,UNALLOCATED,,,,,
SLCMP585-1984,1984,1984,288598931,2^288598931-1,STRUCTURAL_SCREEN_EXHAUSTED_PRIMALITY_UNASSIGNED,GF3A_DIRECTIONAL_WRITE_EXHAUSTED_PRIMALITY_UNASSIGNED,514,512,512,NO_RECORDED_FACTOR_PRP_OR_LL_RESULT_AND_NO_ACTIVE_GIMPS_ASSIGNMENT,2026-08-08T14:01:06+00:00,UNALLOCATED,,,,,
SLCMP585-1985,1985,1985,288598951,2^288598951-1,STRUCTURAL_SCREEN_EXHAUSTED_PRIMALITY_UNASSIGNED,GF3A_DIRECTIONAL_WRITE_EXHAUSTED_PRIMALITY_UNASSIGNED,514,512,512,NO_RECORDED_FACTOR_PRP_OR_LL_RESULT_AND_NO_ACTIVE_GIMPS_ASSIGNMENT,2026-08-08T14:01:06+00:00,UNALLOCATED,,,,,
SLCMP585-1986,1986,1986,288598969,2^288598969-1,STRUCTURAL_SCREEN_EXHAUSTED_PRIMALITY_UNASSIGNED,GF3A_DIRECTIONAL_WRITE_EXHAUSTED_PRIMALITY_UNASSIGNED,513,512,512,NO_RECORDED_FACTOR_PRP_OR_LL_RESULT_AND_NO_ACTIVE_GIMPS_ASSIGNMENT,2026-08-08T14:01:06+00:00,UNALLOCATED,,,,,
SLCMP585-1987,1987,1987,288599081,2^288599081-1,STRUCTURAL_SCREEN_EXHAUSTED_PRIMALITY_UNASSIGNED,GF3A_DIRECTIONAL_WRITE_EXHAUSTED_PRIMALITY_UNASSIGNED,513,512,512,NO_RECORDED_FACTOR_PRP_OR_LL_RESULT_AND_NO_ACTIVE_GIMPS_ASSIGNMENT,2026-08-08T14:01:06+00:00,UNALLOCATED,,,,,
SLCMP585-1988,1988,1988,288599141,2^288599141-1,STRUCTURAL_SCREEN_EXHAUSTED_PRIMALITY_UNASSIGNED,GF3A_DIRECTIONAL_WRITE_EXHAUSTED_PRIMALITY_UNASSIGNED,513,512,512,NO_RECORDED_FACTOR_PRP_OR_LL_RESULT_AND_NO_ACTIVE_GIMPS_ASSIGNMENT,2026-08-08T14:01:06+00:00,UNALLOCATED,,,,,
SLCMP585-1989,1989,1989,288599249,2^288599249-1,STRUCTURAL_SCREEN_EXHAUSTED_PRIMALITY_UNASSIGNED,GF3A_DIRECTIONAL_WRITE_EXHAUSTED_PRIMALITY_UNASSIGNED,513,512,512,NO_RECORDED_FACTOR_PRP_OR_LL_RESULT_AND_NO_ACTIVE_GIMPS_ASSIGNMENT,2026-08-08T14:01:06+00:00,UNALLOCATED,,,,,
SLCMP585-1990,1990,1990,288599261,2^288599261-1,STRUCTURAL_SCREEN_EXHAUSTED_PRIMALITY_UNASSIGNED,GF3A_DIRECTIONAL_WRITE_EXHAUSTED_PRIMALITY_UNASSIGNED,513,512,512,NO_RECORDED_FACTOR_PRP_OR_LL_RESULT_AND_NO_ACTIVE_GIMPS_ASSIGNMENT,2026-08-08T14:01:06+00:00,UNALLOCATED,,,,,
SLCMP585-1991,1991,1991,288599393,2^288599393-1,STRUCTURAL_SCREEN_EXHAUSTED_PRIMALITY_UNASSIGNED,GF3A_DIRECTIONAL_WRITE_EXHAUSTED_PRIMALITY_UNASSIGNED,513,512,512,NO_RECORDED_FACTOR_PRP_OR_LL_RESULT_AND_NO_ACTIVE_GIMPS_ASSIGNMENT,2026-08-08T14:01:06+00:00,UNALLOCATED,,,,,
SLCMP585-1992,1992,1992,288599407,2^288599407-1,STRUCTURAL_SCREEN_EXHAUSTED_PRIMALITY_UNASSIGNED,GF3A_DIRECTIONAL_WRITE_EXHAUSTED_PRIMALITY_UNASSIGNED,514,512,512,NO_RECORDED_FACTOR_PRP_OR_LL_RESULT_AND_NO_ACTIVE_GIMPS_ASSIGNMENT,2026-08-08T14:01:06+00:00,UNALLOCATED,,,,,
SLCMP585-1993,1993,1993,288599471,2^288599471-1,STRUCTURAL_SCREEN_EXHAUSTED_PRIMALITY_UNASSIGNED,GF3A_DIRECTIONAL_WRITE_EXHAUSTED_PRIMALITY_UNASSIGNED,514,512,512,NO_RECORDED_FACTOR_PRP_OR_LL_RESULT_AND_NO_ACTIVE_GIMPS_ASSIGNMENT,2026-08-08T14:01:06+00:00,UNALLOCATED,,,,,
SLCMP585-1994,1994,1994,288599567,2^288599567-1,STRUCTURAL_SCREEN_EXHAUSTED_PRIMALITY_UNASSIGNED,GF3A_DIRECTIONAL_WRITE_EXHAUSTED_PRIMALITY_UNASSIGNED,514,512,512,NO_RECORDED_FACTOR_PRP_OR_LL_RESULT_AND_NO_ACTIVE_GIMPS_ASSIGNMENT,2026-08-08T14:01:06+00:00,UNALLOCATED,,,,,
SLCMP585-1995,1995,1995,288599711,2^288599711-1,STRUCTURAL_SCREEN_EXHAUSTED_PRIMALITY_UNASSIGNED,GF3A_DIRECTIONAL_WRITE_EXHAUSTED_PRIMALITY_UNASSIGNED,514,512,512,NO_RECORDED_FACTOR_PRP_OR_LL_RESULT_AND_NO_ACTIVE_GIMPS_ASSIGNMENT,2026-08-08T14:01:06+00:00,UNALLOCATED,,,,,
SLCMP585-1996,1996,1996,288599761,2^288599761-1,STRUCTURAL_SCREEN_EXHAUSTED_PRIMALITY_UNASSIGNED,GF3A_DIRECTIONAL_WRITE_EXHAUSTED_PRIMALITY_UNASSIGNED,513,512,512,NO_RECORDED_FACTOR_PRP_OR_LL_RESULT_AND_NO_ACTIVE_GIMPS_ASSIGNMENT,2026-08-08T14:01:06+00:00,UNALLOCATED,,,,,
SLCMP585-1997,1997,1997,288599833,2^288599833-1,STRUCTURAL_SCREEN_EXHAUSTED_PRIMALITY_UNASSIGNED,GF3A_DIRECTIONAL_WRITE_EXHAUSTED_PRIMALITY_UNASSIGNED,513,512,512,NO_RECORDED_FACTOR_PRP_OR_LL_RESULT_AND_NO_ACTIVE_GIMPS_ASSIGNMENT,2026-08-08T14:01:06+00:00,UNALLOCATED,,,,,
SLCMP585-1998,1998,1998,288599869,2^288599869-1,STRUCTURAL_SCREEN_EXHAUSTED_PRIMALITY_UNASSIGNED,GF3A_DIRECTIONAL_WRITE_EXHAUSTED_PRIMALITY_UNASSIGNED,513,512,512,NO_RECORDED_FACTOR_PRP_OR_LL_RESULT_AND_NO_ACTIVE_GIMPS_ASSIGNMENT,2026-08-08T14:01:06+00:00,UNALLOCATED,,,,,
SLCMP585-1999,1999,1999,288599933,2^288599933-1,STRUCTURAL_SCREEN_EXHAUSTED_PRIMALITY_UNASSIGNED,GF3A_DIRECTIONAL_WRITE_EXHAUSTED_PRIMALITY_UNASSIGNED,513,512,512,NO_RECORDED_FACTOR_PRP_OR_LL_RESULT_AND_NO_ACTIVE_GIMPS_ASSIGNMENT,2026-08-08T14:01:06+00:00,UNALLOCATED,,,,,
SLCMP585-2000,2000,2000,288599947,2^288599947-1,STRUCTURAL_SCREEN_EXHAUSTED_PRIMALITY_UNASSIGNED,GF3A_DIRECTIONAL_WRITE_EXHAUSTED_PRIMALITY_UNASSIGNED,514,512,512,NO_RECORDED_FACTOR_PRP_OR_LL_RESULT_AND_NO_ACTIVE_GIMPS_ASSIGNMENT,2026-08-08T14:01:06+00:00,UNALLOCATED,,,,,
SLCMP585-2001,2001,2001,288600119,2^288600119-1,STRUCTURAL_SCREEN_EXHAUSTED_PRIMALITY_UNASSIGNED,GF3A_DIRECTIONAL_WRITE_EXHAUSTED_PRIMALITY_UNASSIGNED,514,512,512,NO_RECORDED_FACTOR_PRP_OR_LL_RESULT_AND_NO_ACTIVE_GIMPS_ASSIGNMENT,2026-08-08T14:01:06+00:00,UNALLOCATED,,,,,
SLCMP585-2002,2002,2002,288600149,2^288600149-1,STRUCTURAL_SCREEN_EXHAUSTED_PRIMALITY_UNASSIGNED,GF3A_DIRECTIONAL_WRITE_EXHAUSTED_PRIMALITY_UNASSIGNED,513,512,512,NO_RECORDED_FACTOR_PRP_OR_LL_RESULT_AND_NO_ACTIVE_GIMPS_ASSIGNMENT,2026-08-08T14:01:06+00:00,UNALLOCATED,,,,,
SLCMP585-2003,2003,2003,288600197,2^288600197-1,STRUCTURAL_SCREEN_EXHAUSTED_PRIMALITY_UNASSIGNED,GF3A_DIRECTIONAL_WRITE_EXHAUSTED_PRIMALITY_UNASSIGNED,513,512,512,NO_RECORDED_FACTOR_PRP_OR_LL_RESULT_AND_NO_ACTIVE_GIMPS_ASSIGNMENT,2026-08-08T14:01:06+00:00,UNALLOCATED,,,,,
SLCMP585-2004,2004,2004,288600209,2^288600209-1,STRUCTURAL_SCREEN_EXHAUSTED_PRIMALITY_UNASSIGNED,GF3A_DIRECTIONAL_WRITE_EXHAUSTED_PRIMALITY_UNASSIGNED,513,512,512,NO_RECORDED_FACTOR_PRP_OR_LL_RESULT_AND_NO_ACTIVE_GIMPS_ASSIGNMENT,2026-08-08T14:01:06+00:00,UNALLOCATED,,,,,
SLCMP585-2005,2005,2005,288600217,2^288600217-1,STRUCTURAL_SCREEN_EXHAUSTED_PRIMALITY_UNASSIGNED,GF3A_DIRECTIONAL_WRITE_EXHAUSTED_PRIMALITY_UNASSIGNED,513,512,512,NO_RECORDED_FACTOR_PRP_OR_LL_RESULT_AND_NO_ACTIVE_GIMPS_ASSIGNMENT,2026-08-08T14:01:06+00:00,UNALLOCATED,,,,,
SLCMP585-2006,2006,2006,288600241,2^288600241-1,STRUCTURAL_SCREEN_EXHAUSTED_PRIMALITY_UNASSIGNED,GF3A_DIRECTIONAL_WRITE_EXHAUSTED_PRIMALITY_UNASSIGNED,513,512,512,NO_RECORDED_FACTOR_PRP_OR_LL_RESULT_AND_NO_ACTIVE_GIMPS_ASSIGNMENT,2026-08-08T14:01:06+00:00,UNALLOCATED,,,,,
SLCMP585-2007,2007,2007,288600331,2^288600331-1,STRUCTURAL_SCREEN_EXHAUSTED_PRIMALITY_UNASSIGNED,GF3A_DIRECTIONAL_WRITE_EXHAUSTED_PRIMALITY_UNASSIGNED,514,512,512,NO_RECORDED_FACTOR_PRP_OR_LL_RESULT_AND_NO_ACTIVE_GIMPS_ASSIGNMENT,2026-08-08T14:01:06+00:00,UNALLOCATED,,,,,
SLCMP585-2008,2008,2008,288600419,2^288600419-1,STRUCTURAL_SCREEN_EXHAUSTED_PRIMALITY_UNASSIGNED,GF3A_DIRECTIONAL_WRITE_EXHAUSTED_PRIMALITY_UNASSIGNED,514,512,512,NO_RECORDED_FACTOR_PRP_OR_LL_RESULT_AND_NO_ACTIVE_GIMPS_ASSIGNMENT,2026-08-08T14:01:06+00:00,UNALLOCATED,,,,,
SLCMP585-2009,2009,2009,288600479,2^288600479-1,STRUCTURAL_SCREEN_EXHAUSTED_PRIMALITY_UNASSIGNED,GF3A_DIRECTIONAL_WRITE_EXHAUSTED_PRIMALITY_UNASSIGNED,514,512,512,NO_RECORDED_FACTOR_PRP_OR_LL_RESULT_AND_NO_ACTIVE_GIMPS_ASSIGNMENT,2026-08-08T14:01:06+00:00,UNALLOCATED,,,,,
SLCMP585-2010,2010,2010,288600493,2^288600493-1,STRUCTURAL_SCREEN_EXHAUSTED_PRIMALITY_UNASSIGNED,GF3A_DIRECTIONAL_WRITE_EXHAUSTED_PRIMALITY_UNASSIGNED,513,512,512,NO_RECORDED_FACTOR_PRP_OR_LL_RESULT_AND_NO_ACTIVE_GIMPS_ASSIGNMENT,2026-08-08T14:01:06+00:00,UNALLOCATED,,,,,
SLCMP585-2011,2011,2011,288600523,2^288600523-1,STRUCTURAL_SCREEN_EXHAUSTED_PRIMALITY_UNASSIGNED,GF3A_DIRECTIONAL_WRITE_EXHAUSTED_PRIMALITY_UNASSIGNED,514,512,512,NO_RECORDED_FACTOR_PRP_OR_LL_RESULT_AND_NO_ACTIVE_GIMPS_ASSIGNMENT,2026-08-08T14:01:06+00:00,UNALLOCATED,,,,,
SLCMP585-2012,2012,2012,288600677,2^288600677-1,STRUCTURAL_SCREEN_EXHAUSTED_PRIMALITY_UNASSIGNED,GF3A_DIRECTIONAL_WRITE_EXHAUSTED_PRIMALITY_UNASSIGNED,513,512,512,NO_RECORDED_FACTOR_PRP_OR_LL_RESULT_AND_NO_ACTIVE_GIMPS_ASSIGNMENT,2026-08-08T14:01:06+00:00,UNALLOCATED,,,,,
SLCMP585-2013,2013,2013,288600679,2^288600679-1,STRUCTURAL_SCREEN_EXHAUSTED_PRIMALITY_UNASSIGNED,GF3A_DIRECTIONAL_WRITE_EXHAUSTED_PRIMALITY_UNASSIGNED,514,512,512,NO_RECORDED_FACTOR_PRP_OR_LL_RESULT_AND_NO_ACTIVE_GIMPS_ASSIGNMENT,2026-08-08T14:01:06+00:00,UNALLOCATED,,,,,
SLCMP585-2014,2014,2014,288600797,2^288600797-1,STRUCTURAL_SCREEN_EXHAUSTED_PRIMALITY_UNASSIGNED,GF3A_DIRECTIONAL_WRITE_EXHAUSTED_PRIMALITY_UNASSIGNED,513,512,512,NO_RECORDED_FACTOR_PRP_OR_LL_RESULT_AND_NO_ACTIVE_GIMPS_ASSIGNMENT,2026-08-08T14:01:06+00:00,UNALLOCATED,,,,,
SLCMP585-2015,2015,2015,288600811,2^288600811-1,STRUCTURAL_SCREEN_EXHAUSTED_PRIMALITY_UNASSIGNED,GF3A_DIRECTIONAL_WRITE_EXHAUSTED_PRIMALITY_UNASSIGNED,514,512,512,NO_RECORDED_FACTOR_PRP_OR_LL_RESULT_AND_NO_ACTIVE_GIMPS_ASSIGNMENT,2026-08-08T14:01:06+00:00,UNALLOCATED,,,,,
SLCMP585-2016,2016,2016,288600833,2^288600833-1,STRUCTURAL_SCREEN_EXHAUSTED_PRIMALITY_UNASSIGNED,GF3A_DIRECTIONAL_WRITE_EXHAUSTED_PRIMALITY_UNASSIGNED,513,512,512,NO_RECORDED_FACTOR_PRP_OR_LL_RESULT_AND_NO_ACTIVE_GIMPS_ASSIGNMENT,2026-08-08T14:01:06+00:00,UNALLOCATED,,,,,
SLCMP585-2017,2017,2017,288600839,2^288600839-1,STRUCTURAL_SCREEN_EXHAUSTED_PRIMALITY_UNASSIGNED,GF3A_DIRECTIONAL_WRITE_EXHAUSTED_PRIMALITY_UNASSIGNED,514,512,512,NO_RECORDED_FACTOR_PRP_OR_LL_RESULT_AND_NO_ACTIVE_GIMPS_ASSIGNMENT,2026-08-08T14:01:06+00:00,UNALLOCATED,,,,,
SLCMP585-2018,2018,2018,288600869,2^288600869-1,STRUCTURAL_SCREEN_EXHAUSTED_PRIMALITY_UNASSIGNED,GF3A_DIRECTIONAL_WRITE_EXHAUSTED_PRIMALITY_UNASSIGNED,513,512,512,NO_RECORDED_FACTOR_PRP_OR_LL_RESULT_AND_NO_ACTIVE_GIMPS_ASSIGNMENT,2026-08-08T14:01:06+00:00,UNALLOCATED,,,,,
SLCMP585-2019,2019,2019,288600881,2^288600881-1,STRUCTURAL_SCREEN_EXHAUSTED_PRIMALITY_UNASSIGNED,GF3A_DIRECTIONAL_WRITE_EXHAUSTED_PRIMALITY_UNASSIGNED,513,512,512,NO_RECORDED_FACTOR_PRP_OR_LL_RESULT_AND_NO_ACTIVE_GIMPS_ASSIGNMENT,2026-08-08T14:01:06+00:00,UNALLOCATED,,,,,
SLCMP585-2020,2020,2020,288601021,2^288601021-1,STRUCTURAL_SCREEN_EXHAUSTED_PRIMALITY_UNASSIGNED,GF3A_DIRECTIONAL_WRITE_EXHAUSTED_PRIMALITY_UNASSIGNED,513,512,512,NO_RECORDED_FACTOR_PRP_OR_LL_RESULT_AND_NO_ACTIVE_GIMPS_ASSIGNMENT,2026-08-08T14:01:06+00:00,UNALLOCATED,,,,,
SLCMP585-2021,2021,2021,288601031,2^288601031-1,STRUCTURAL_SCREEN_EXHAUSTED_PRIMALITY_UNASSIGNED,GF3A_DIRECTIONAL_WRITE_EXHAUSTED_PRIMALITY_UNASSIGNED,514,512,512,NO_RECORDED_FACTOR_PRP_OR_LL_RESULT_AND_NO_ACTIVE_GIMPS_ASSIGNMENT,2026-08-08T14:01:06+00:00,UNALLOCATED,,,,,
SLCMP585-2022,2022,2022,288601057,2^288601057-1,STRUCTURAL_SCREEN_EXHAUSTED_PRIMALITY_UNASSIGNED,GF3A_DIRECTIONAL_WRITE_EXHAUSTED_PRIMALITY_UNASSIGNED,513,512,512,NO_RECORDED_FACTOR_PRP_OR_LL_RESULT_AND_NO_ACTIVE_GIMPS_ASSIGNMENT,2026-08-08T14:01:06+00:00,UNALLOCATED,,,,,
SLCMP585-2023,2023,2023,288601067,2^288601067-1,STRUCTURAL_SCREEN_EXHAUSTED_PRIMALITY_UNASSIGNED,GF3A_DIRECTIONAL_WRITE_EXHAUSTED_PRIMALITY_UNASSIGNED,514,512,512,NO_RECORDED_FACTOR_PRP_OR_LL_RESULT_AND_NO_ACTIVE_GIMPS_ASSIGNMENT,2026-08-08T14:01:06+00:00,UNALLOCATED,,,,,
SLCMP585-2024,2024,2024,288601249,2^288601249-1,STRUCTURAL_SCREEN_EXHAUSTED_PRIMALITY_UNASSIGNED,GF3A_DIRECTIONAL_WRITE_EXHAUSTED_PRIMALITY_UNASSIGNED,513,512,512,NO_RECORDED_FACTOR_PRP_OR_LL_RESULT_AND_NO_ACTIVE_GIMPS_ASSIGNMENT,2026-08-08T14:01:06+00:00,UNALLOCATED,,,,,
SLCMP585-2025,2025,2025,288601307,2^288601307-1,STRUCTURAL_SCREEN_EXHAUSTED_PRIMALITY_UNASSIGNED,GF3A_DIRECTIONAL_WRITE_EXHAUSTED_PRIMALITY_UNASSIGNED,514,512,512,NO_RECORDED_FACTOR_PRP_OR_LL_RESULT_AND_NO_ACTIVE_GIMPS_ASSIGNMENT,2026-08-08T14:01:06+00:00,UNALLOCATED,,,,,
SLCMP585-2026,2026,2026,288601381,2^288601381-1,STRUCTURAL_SCREEN_EXHAUSTED_PRIMALITY_UNASSIGNED,GF3A_DIRECTIONAL_WRITE_EXHAUSTED_PRIMALITY_UNASSIGNED,513,512,512,NO_RECORDED_FACTOR_PRP_OR_LL_RESULT_AND_NO_ACTIVE_GIMPS_ASSIGNMENT,2026-08-08T14:01:06+00:00,UNALLOCATED,,,,,
SLCMP585-2027,2027,2027,288601399,2^288601399-1,STRUCTURAL_SCREEN_EXHAUSTED_PRIMALITY_UNASSIGNED,GF3A_DIRECTIONAL_WRITE_EXHAUSTED_PRIMALITY_UNASSIGNED,514,512,512,NO_RECORDED_FACTOR_PRP_OR_LL_RESULT_AND_NO_ACTIVE_GIMPS_ASSIGNMENT,2026-08-08T14:01:06+00:00,UNALLOCATED,,,,,
SLCMP585-2028,2028,2028,288601403,2^288601403-1,STRUCTURAL_SCREEN_EXHAUSTED_PRIMALITY_UNASSIGNED,GF3A_DIRECTIONAL_WRITE_EXHAUSTED_PRIMALITY_UNASSIGNED,514,512,512,NO_RECORDED_FACTOR_PRP_OR_LL_RESULT_AND_NO_ACTIVE_GIMPS_ASSIGNMENT,2026-08-08T14:01:06+00:00,UNALLOCATED,,,,,
SLCMP585-2029,2029,2029,288601409,2^288601409-1,STRUCTURAL_SCREEN_EXHAUSTED_PRIMALITY_UNASSIGNED,GF3A_DIRECTIONAL_WRITE_EXHAUSTED_PRIMALITY_UNASSIGNED,513,512,512,NO_RECORDED_FACTOR_PRP_OR_LL_RESULT_AND_NO_ACTIVE_GIMPS_ASSIGNMENT,2026-08-08T14:01:06+00:00,UNALLOCATED,,,,,
SLCMP585-2030,2030,2030,288601429,2^288601429-1,STRUCTURAL_SCREEN_EXHAUSTED_PRIMALITY_UNASSIGNED,GF3A_DIRECTIONAL_WRITE_EXHAUSTED_PRIMALITY_UNASSIGNED,513,512,512,NO_RECORDED_FACTOR_PRP_OR_LL_RESULT_AND_NO_ACTIVE_GIMPS_ASSIGNMENT,2026-08-08T14:01:06+00:00,UNALLOCATED,,,,,
SLCMP585-2031,2031,2031,288601433,2^288601433-1,STRUCTURAL_SCREEN_EXHAUSTED_PRIMALITY_UNASSIGNED,GF3A_DIRECTIONAL_WRITE_EXHAUSTED_PRIMALITY_UNASSIGNED,513,512,512,NO_RECORDED_FACTOR_PRP_OR_LL_RESULT_AND_NO_ACTIVE_GIMPS_ASSIGNMENT,2026-08-08T14:01:06+00:00,UNALLOCATED,,,,,
SLCMP585-2032,2032,2032,288601513,2^288601513-1,STRUCTURAL_SCREEN_EXHAUSTED_PRIMALITY_UNASSIGNED,GF3A_DIRECTIONAL_WRITE_EXHAUSTED_PRIMALITY_UNASSIGNED,513,512,512,NO_RECORDED_FACTOR_PRP_OR_LL_RESULT_AND_NO_ACTIVE_GIMPS_ASSIGNMENT,2026-08-08T14:01:06+00:00,UNALLOCATED,,,,,
SLCMP585-2033,2033,2033,288601543,2^288601543-1,STRUCTURAL_SCREEN_EXHAUSTED_PRIMALITY_UNASSIGNED,GF3A_DIRECTIONAL_WRITE_EXHAUSTED_PRIMALITY_UNASSIGNED,514,512,512,NO_RECORDED_FACTOR_PRP_OR_LL_RESULT_AND_NO_ACTIVE_GIMPS_ASSIGNMENT,2026-08-08T14:01:06+00:00,UNALLOCATED,,,,,
SLCMP585-2034,2034,2034,288601603,2^288601603-1,STRUCTURAL_SCREEN_EXHAUSTED_PRIMALITY_UNASSIGNED,GF3A_DIRECTIONAL_WRITE_EXHAUSTED_PRIMALITY_UNASSIGNED,514,512,512,NO_RECORDED_FACTOR_PRP_OR_LL_RESULT_AND_NO_ACTIVE_GIMPS_ASSIGNMENT,2026-08-08T14:01:06+00:00,UNALLOCATED,,,,,
SLCMP585-2035,2035,2035,288601637,2^288601637-1,STRUCTURAL_SCREEN_EXHAUSTED_PRIMALITY_UNASSIGNED,GF3A_DIRECTIONAL_WRITE_EXHAUSTED_PRIMALITY_UNASSIGNED,513,512,512,NO_RECORDED_FACTOR_PRP_OR_LL_RESULT_AND_NO_ACTIVE_GIMPS_ASSIGNMENT,2026-08-08T14:01:06+00:00,UNALLOCATED,,,,,
SLCMP585-2036,2036,2036,288601699,2^288601699-1,STRUCTURAL_SCREEN_EXHAUSTED_PRIMALITY_UNASSIGNED,GF3A_DIRECTIONAL_WRITE_EXHAUSTED_PRIMALITY_UNASSIGNED,514,512,512,NO_RECORDED_FACTOR_PRP_OR_LL_RESULT_AND_NO_ACTIVE_GIMPS_ASSIGNMENT,2026-08-08T14:01:06+00:00,UNALLOCATED,,,,,
SLCMP585-2037,2037,2037,288601967,2^288601967-1,STRUCTURAL_SCREEN_EXHAUSTED_PRIMALITY_UNASSIGNED,GF3A_DIRECTIONAL_WRITE_EXHAUSTED_PRIMALITY_UNASSIGNED,514,512,512,NO_RECORDED_FACTOR_PRP_OR_LL_RESULT_AND_NO_ACTIVE_GIMPS_ASSIGNMENT,2026-08-08T14:01:06+00:00,UNALLOCATED,,,,,
SLCMP585-2038,2038,2038,288602071,2^288602071-1,STRUCTURAL_SCREEN_EXHAUSTED_PRIMALITY_UNASSIGNED,GF3A_DIRECTIONAL_WRITE_EXHAUSTED_PRIMALITY_UNASSIGNED,514,512,512,NO_RECORDED_FACTOR_PRP_OR_LL_RESULT_AND_NO_ACTIVE_GIMPS_ASSIGNMENT,2026-08-08T14:01:06+00:00,UNALLOCATED,,,,,
SLCMP585-2039,2039,2039,288602107,2^288602107-1,STRUCTURAL_SCREEN_EXHAUSTED_PRIMALITY_UNASSIGNED,GF3A_DIRECTIONAL_WRITE_EXHAUSTED_PRIMALITY_UNASSIGNED,514,512,512,NO_RECORDED_FACTOR_PRP_OR_LL_RESULT_AND_NO_ACTIVE_GIMPS_ASSIGNMENT,2026-08-08T14:01:06+00:00,UNALLOCATED,,,,,
SLCMP585-2040,2040,2040,288602159,2^288602159-1,STRUCTURAL_SCREEN_EXHAUSTED_PRIMALITY_UNASSIGNED,GF3A_DIRECTIONAL_WRITE_EXHAUSTED_PRIMALITY_UNASSIGNED,514,512,512,NO_RECORDED_FACTOR_PRP_OR_LL_RESULT_AND_NO_ACTIVE_GIMPS_ASSIGNMENT,2026-08-08T14:01:06+00:00,UNALLOCATED,,,,,
SLCMP585-2041,2041,2041,288602161,2^288602161-1,STRUCTURAL_SCREEN_EXHAUSTED_PRIMALITY_UNASSIGNED,GF3A_DIRECTIONAL_WRITE_EXHAUSTED_PRIMALITY_UNASSIGNED,513,512,512,NO_RECORDED_FACTOR_PRP_OR_LL_RESULT_AND_NO_ACTIVE_GIMPS_ASSIGNMENT,2026-08-08T14:01:06+00:00,UNALLOCATED,,,,,
SLCMP585-2042,2042,2042,288602273,2^288602273-1,STRUCTURAL_SCREEN_EXHAUSTED_PRIMALITY_UNASSIGNED,GF3A_DIRECTIONAL_WRITE_EXHAUSTED_PRIMALITY_UNASSIGNED,513,512,512,NO_RECORDED_FACTOR_PRP_OR_LL_RESULT_AND_NO_ACTIVE_GIMPS_ASSIGNMENT,2026-08-08T14:01:06+00:00,UNALLOCATED,,,,,
SLCMP585-2043,2043,2043,288602389,2^288602389-1,STRUCTURAL_SCREEN_EXHAUSTED_PRIMALITY_UNASSIGNED,GF3A_DIRECTIONAL_WRITE_EXHAUSTED_PRIMALITY_UNASSIGNED,513,512,512,NO_RECORDED_FACTOR_PRP_OR_LL_RESULT_AND_NO_ACTIVE_GIMPS_ASSIGNMENT,2026-08-08T14:01:06+00:00,UNALLOCATED,,,,,
SLCMP585-2044,2044,2044,288602443,2^288602443-1,STRUCTURAL_SCREEN_EXHAUSTED_PRIMALITY_UNASSIGNED,GF3A_DIRECTIONAL_WRITE_EXHAUSTED_PRIMALITY_UNASSIGNED,514,512,512,NO_RECORDED_FACTOR_PRP_OR_LL_RESULT_AND_NO_ACTIVE_GIMPS_ASSIGNMENT,2026-08-08T14:01:06+00:00,UNALLOCATED,,,,,
SLCMP585-2045,2045,2045,288602477,2^288602477-1,STRUCTURAL_SCREEN_EXHAUSTED_PRIMALITY_UNASSIGNED,GF3A_DIRECTIONAL_WRITE_EXHAUSTED_PRIMALITY_UNASSIGNED,513,512,512,NO_RECORDED_FACTOR_PRP_OR_LL_RESULT_AND_NO_ACTIVE_GIMPS_ASSIGNMENT,2026-08-08T14:01:06+00:00,UNALLOCATED,,,,,
SLCMP585-2046,2046,2046,288602593,2^288602593-1,STRUCTURAL_SCREEN_EXHAUSTED_PRIMALITY_UNASSIGNED,GF3A_DIRECTIONAL_WRITE_EXHAUSTED_PRIMALITY_UNASSIGNED,513,512,512,NO_RECORDED_FACTOR_PRP_OR_LL_RESULT_AND_NO_ACTIVE_GIMPS_ASSIGNMENT,2026-08-08T14:01:06+00:00,UNALLOCATED,,,,,
SLCMP585-2047,2047,2047,288602599,2^288602599-1,STRUCTURAL_SCREEN_EXHAUSTED_PRIMALITY_UNASSIGNED,GF3A_DIRECTIONAL_WRITE_EXHAUSTED_PRIMALITY_UNASSIGNED,514,512,512,NO_RECORDED_FACTOR_PRP_OR_LL_RESULT_AND_NO_ACTIVE_GIMPS_ASSIGNMENT,2026-08-08T14:01:06+00:00,UNALLOCATED,,,,,
SLCMP585-2048,2048,2048,288602603,2^288602603-1,STRUCTURAL_SCREEN_EXHAUSTED_PRIMALITY_UNASSIGNED,GF3A_DIRECTIONAL_WRITE_EXHAUSTED_PRIMALITY_UNASSIGNED,514,512,512,NO_RECORDED_FACTOR_PRP_OR_LL_RESULT_AND_NO_ACTIVE_GIMPS_ASSIGNMENT,2026-08-08T14:01:06+00:00,UNALLOCATED,,,,,
SLCMP585-2049,2049,2049,288602711,2^288602711-1,STRUCTURAL_SCREEN_EXHAUSTED_PRIMALITY_UNASSIGNED,GF3A_DIRECTIONAL_WRITE_EXHAUSTED_PRIMALITY_UNASSIGNED,514,512,512,NO_RECORDED_FACTOR_PRP_OR_LL_RESULT_AND_NO_ACTIVE_GIMPS_ASSIGNMENT,2026-08-08T14:01:06+00:00,UNALLOCATED,,,,,
SLCMP585-2050,2050,2050,288602749,2^288602749-1,STRUCTURAL_SCREEN_EXHAUSTED_PRIMALITY_UNASSIGNED,GF3A_DIRECTIONAL_WRITE_EXHAUSTED_PRIMALITY_UNASSIGNED,513,512,512,NO_RECORDED_FACTOR_PRP_OR_LL_RESULT_AND_NO_ACTIVE_GIMPS_ASSIGNMENT,2026-08-08T14:01:06+00:00,UNALLOCATED,,,,,
SLCMP585-2051,2051,2051,288602779,2^288602779-1,STRUCTURAL_SCREEN_EXHAUSTED_PRIMALITY_UNASSIGNED,GF3A_DIRECTIONAL_WRITE_EXHAUSTED_PRIMALITY_UNASSIGNED,514,512,512,NO_RECORDED_FACTOR_PRP_OR_LL_RESULT_AND_NO_ACTIVE_GIMPS_ASSIGNMENT,2026-08-08T14:01:06+00:00,UNALLOCATED,,,,,
SLCMP585-2052,2052,2052,288602857,2^288602857-1,STRUCTURAL_SCREEN_EXHAUSTED_PRIMALITY_UNASSIGNED,GF3A_DIRECTIONAL_WRITE_EXHAUSTED_PRIMALITY_UNASSIGNED,513,512,512,NO_RECORDED_FACTOR_PRP_OR_LL_RESULT_AND_NO_ACTIVE_GIMPS_ASSIGNMENT,2026-08-08T14:01:06+00:00,UNALLOCATED,,,,,
SLCMP585-2053,2053,2053,288602911,2^288602911-1,STRUCTURAL_SCREEN_EXHAUSTED_PRIMALITY_UNASSIGNED,GF3A_DIRECTIONAL_WRITE_EXHAUSTED_PRIMALITY_UNASSIGNED,514,512,512,NO_RECORDED_FACTOR_PRP_OR_LL_RESULT_AND_NO_ACTIVE_GIMPS_ASSIGNMENT,2026-08-08T14:01:06+00:00,UNALLOCATED,,,,,
SLCMP585-2054,2054,2054,288602959,2^288602959-1,STRUCTURAL_SCREEN_EXHAUSTED_PRIMALITY_UNASSIGNED,GF3A_DIRECTIONAL_WRITE_EXHAUSTED_PRIMALITY_UNASSIGNED,514,512,512,NO_RECORDED_FACTOR_PRP_OR_LL_RESULT_AND_NO_ACTIVE_GIMPS_ASSIGNMENT,2026-08-08T14:01:06+00:00,UNALLOCATED,,,,,
SLCMP585-2055,2055,2055,288602987,2^288602987-1,STRUCTURAL_SCREEN_EXHAUSTED_PRIMALITY_UNASSIGNED,GF3A_DIRECTIONAL_WRITE_EXHAUSTED_PRIMALITY_UNASSIGNED,514,512,512,NO_RECORDED_FACTOR_PRP_OR_LL_RESULT_AND_NO_ACTIVE_GIMPS_ASSIGNMENT,2026-08-08T14:01:06+00:00,UNALLOCATED,,,,,
SLCMP585-2056,2056,2056,288603089,2^288603089-1,STRUCTURAL_SCREEN_EXHAUSTED_PRIMALITY_UNASSIGNED,GF3A_DIRECTIONAL_WRITE_EXHAUSTED_PRIMALITY_UNASSIGNED,513,512,512,NO_RECORDED_FACTOR_PRP_OR_LL_RESULT_AND_NO_ACTIVE_GIMPS_ASSIGNMENT,2026-08-08T14:01:06+00:00,UNALLOCATED,,,,,
SLCMP585-2057,2057,2057,288603127,2^288603127-1,STRUCTURAL_SCREEN_EXHAUSTED_PRIMALITY_UNASSIGNED,GF3A_DIRECTIONAL_WRITE_EXHAUSTED_PRIMALITY_UNASSIGNED,514,512,512,NO_RECORDED_FACTOR_PRP_OR_LL_RESULT_AND_NO_ACTIVE_GIMPS_ASSIGNMENT,2026-08-08T14:01:06+00:00,UNALLOCATED,,,,,
SLCMP585-2058,2058,2058,288603181,2^288603181-1,STRUCTURAL_SCREEN_EXHAUSTED_PRIMALITY_UNASSIGNED,GF3A_DIRECTIONAL_WRITE_EXHAUSTED_PRIMALITY_UNASSIGNED,513,512,512,NO_RECORDED_FACTOR_PRP_OR_LL_RESULT_AND_NO_ACTIVE_GIMPS_ASSIGNMENT,2026-08-08T14:01:06+00:00,UNALLOCATED,,,,,
SLCMP585-2059,2059,2059,288603193,2^288603193-1,STRUCTURAL_SCREEN_EXHAUSTED_PRIMALITY_UNASSIGNED,GF3A_DIRECTIONAL_WRITE_EXHAUSTED_PRIMALITY_UNASSIGNED,513,512,512,NO_RECORDED_FACTOR_PRP_OR_LL_RESULT_AND_NO_ACTIVE_GIMPS_ASSIGNMENT,2026-08-08T14:01:06+00:00,UNALLOCATED,,,,,
SLCMP585-2060,2060,2060,288603197,2^288603197-1,STRUCTURAL_SCREEN_EXHAUSTED_PRIMALITY_UNASSIGNED,GF3A_DIRECTIONAL_WRITE_EXHAUSTED_PRIMALITY_UNASSIGNED,513,512,512,NO_RECORDED_FACTOR_PRP_OR_LL_RESULT_AND_NO_ACTIVE_GIMPS_ASSIGNMENT,2026-08-08T14:01:06+00:00,UNALLOCATED,,,,,
SLCMP585-2061,2061,2061,288603247,2^288603247-1,STRUCTURAL_SCREEN_EXHAUSTED_PRIMALITY_UNASSIGNED,GF3A_DIRECTIONAL_WRITE_EXHAUSTED_PRIMALITY_UNASSIGNED,514,512,512,NO_RECORDED_FACTOR_PRP_OR_LL_RESULT_AND_NO_ACTIVE_GIMPS_ASSIGNMENT,2026-08-08T14:01:06+00:00,UNALLOCATED,,,,,
SLCMP585-2062,2062,2062,288603317,2^288603317-1,STRUCTURAL_SCREEN_EXHAUSTED_PRIMALITY_UNASSIGNED,GF3A_DIRECTIONAL_WRITE_EXHAUSTED_PRIMALITY_UNASSIGNED,513,512,512,NO_RECORDED_FACTOR_PRP_OR_LL_RESULT_AND_NO_ACTIVE_GIMPS_ASSIGNMENT,2026-08-08T14:01:06+00:00,UNALLOCATED,,,,,
SLCMP585-2063,2063,2063,288603361,2^288603361-1,STRUCTURAL_SCREEN_EXHAUSTED_PRIMALITY_UNASSIGNED,GF3A_DIRECTIONAL_WRITE_EXHAUSTED_PRIMALITY_UNASSIGNED,513,512,512,NO_RECORDED_FACTOR_PRP_OR_LL_RESULT_AND_NO_ACTIVE_GIMPS_ASSIGNMENT,2026-08-08T14:01:06+00:00,UNALLOCATED,,,,,
SLCMP585-2064,2064,2064,288603377,2^288603377-1,STRUCTURAL_SCREEN_EXHAUSTED_PRIMALITY_UNASSIGNED,GF3A_DIRECTIONAL_WRITE_EXHAUSTED_PRIMALITY_UNASSIGNED,513,512,512,NO_RECORDED_FACTOR_PRP_OR_LL_RESULT_AND_NO_ACTIVE_GIMPS_ASSIGNMENT,2026-08-08T14:01:06+00:00,UNALLOCATED,,,,,
SLCMP585-2065,2065,2065,288603439,2^288603439-1,STRUCTURAL_SCREEN_EXHAUSTED_PRIMALITY_UNASSIGNED,GF3A_DIRECTIONAL_WRITE_EXHAUSTED_PRIMALITY_UNASSIGNED,514,512,512,NO_RECORDED_FACTOR_PRP_OR_LL_RESULT_AND_NO_ACTIVE_GIMPS_ASSIGNMENT,2026-08-08T14:01:06+00:00,UNALLOCATED,,,,,
SLCMP585-2066,2066,2066,288603451,2^288603451-1,STRUCTURAL_SCREEN_EXHAUSTED_PRIMALITY_UNASSIGNED,GF3A_DIRECTIONAL_WRITE_EXHAUSTED_PRIMALITY_UNASSIGNED,514,512,512,NO_RECORDED_FACTOR_PRP_OR_LL_RESULT_AND_NO_ACTIVE_GIMPS_ASSIGNMENT,2026-08-08T14:01:06+00:00,UNALLOCATED,,,,,
SLCMP585-2067,2067,2067,288603463,2^288603463-1,STRUCTURAL_SCREEN_EXHAUSTED_PRIMALITY_UNASSIGNED,GF3A_DIRECTIONAL_WRITE_EXHAUSTED_PRIMALITY_UNASSIGNED,514,512,512,NO_RECORDED_FACTOR_PRP_OR_LL_RESULT_AND_NO_ACTIVE_GIMPS_ASSIGNMENT,2026-08-08T14:01:06+00:00,UNALLOCATED,,,,,
SLCMP585-2068,2068,2068,288603467,2^288603467-1,STRUCTURAL_SCREEN_EXHAUSTED_PRIMALITY_UNASSIGNED,GF3A_DIRECTIONAL_WRITE_EXHAUSTED_PRIMALITY_UNASSIGNED,514,512,512,NO_RECORDED_FACTOR_PRP_OR_LL_RESULT_AND_NO_ACTIVE_GIMPS_ASSIGNMENT,2026-08-08T14:01:06+00:00,UNALLOCATED,,,,,
SLCMP585-2069,2069,2069,288603541,2^288603541-1,STRUCTURAL_SCREEN_EXHAUSTED_PRIMALITY_UNASSIGNED,GF3A_DIRECTIONAL_WRITE_EXHAUSTED_PRIMALITY_UNASSIGNED,513,512,512,NO_RECORDED_FACTOR_PRP_OR_LL_RESULT_AND_NO_ACTIVE_GIMPS_ASSIGNMENT,2026-08-08T14:01:06+00:00,UNALLOCATED,,,,,
SLCMP585-2070,2070,2070,288603607,2^288603607-1,STRUCTURAL_SCREEN_EXHAUSTED_PRIMALITY_UNASSIGNED,GF3A_DIRECTIONAL_WRITE_EXHAUSTED_PRIMALITY_UNASSIGNED,514,512,512,NO_RECORDED_FACTOR_PRP_OR_LL_RESULT_AND_NO_ACTIVE_GIMPS_ASSIGNMENT,2026-08-08T14:01:06+00:00,UNALLOCATED,,,,,
SLCMP585-2071,2071,2071,288603643,2^288603643-1,STRUCTURAL_SCREEN_EXHAUSTED_PRIMALITY_UNASSIGNED,GF3A_DIRECTIONAL_WRITE_EXHAUSTED_PRIMALITY_UNASSIGNED,514,512,512,NO_RECORDED_FACTOR_PRP_OR_LL_RESULT_AND_NO_ACTIVE_GIMPS_ASSIGNMENT,2026-08-08T14:01:06+00:00,UNALLOCATED,,,,,
SLCMP585-2072,2072,2072,288603677,2^288603677-1,STRUCTURAL_SCREEN_EXHAUSTED_PRIMALITY_UNASSIGNED,GF3A_DIRECTIONAL_WRITE_EXHAUSTED_PRIMALITY_UNASSIGNED,513,512,512,NO_RECORDED_FACTOR_PRP_OR_LL_RESULT_AND_NO_ACTIVE_GIMPS_ASSIGNMENT,2026-08-08T14:01:06+00:00,UNALLOCATED,,,,,
SLCMP585-2073,2073,2073,288603691,2^288603691-1,STRUCTURAL_SCREEN_EXHAUSTED_PRIMALITY_UNASSIGNED,GF3A_DIRECTIONAL_WRITE_EXHAUSTED_PRIMALITY_UNASSIGNED,514,512,512,NO_RECORDED_FACTOR_PRP_OR_LL_RESULT_AND_NO_ACTIVE_GIMPS_ASSIGNMENT,2026-08-08T14:01:06+00:00,UNALLOCATED,,,,,
SLCMP585-2074,2074,2074,288603743,2^288603743-1,STRUCTURAL_SCREEN_EXHAUSTED_PRIMALITY_UNASSIGNED,GF3A_DIRECTIONAL_WRITE_EXHAUSTED_PRIMALITY_UNASSIGNED,514,512,512,NO_RECORDED_FACTOR_PRP_OR_LL_RESULT_AND_NO_ACTIVE_GIMPS_ASSIGNMENT,2026-08-08T14:01:06+00:00,UNALLOCATED,,,,,
SLCMP585-2075,2075,2075,288603857,2^288603857-1,STRUCTURAL_SCREEN_EXHAUSTED_PRIMALITY_UNASSIGNED,GF3A_DIRECTIONAL_WRITE_EXHAUSTED_PRIMALITY_UNASSIGNED,513,512,512,NO_RECORDED_FACTOR_PRP_OR_LL_RESULT_AND_NO_ACTIVE_GIMPS_ASSIGNMENT,2026-08-08T14:01:06+00:00,UNALLOCATED,,,,,
SLCMP585-2076,2076,2076,288603877,2^288603877-1,STRUCTURAL_SCREEN_EXHAUSTED_PRIMALITY_UNASSIGNED,GF3A_DIRECTIONAL_WRITE_EXHAUSTED_PRIMALITY_UNASSIGNED,513,512,512,NO_RECORDED_FACTOR_PRP_OR_LL_RESULT_AND_NO_ACTIVE_GIMPS_ASSIGNMENT,2026-08-08T14:01:06+00:00,UNALLOCATED,,,,,
SLCMP585-2077,2077,2077,288603881,2^288603881-1,STRUCTURAL_SCREEN_EXHAUSTED_PRIMALITY_UNASSIGNED,GF3A_DIRECTIONAL_WRITE_EXHAUSTED_PRIMALITY_UNASSIGNED,513,512,512,NO_RECORDED_FACTOR_PRP_OR_LL_RESULT_AND_NO_ACTIVE_GIMPS_ASSIGNMENT,2026-08-08T14:01:06+00:00,UNALLOCATED,,,,,
SLCMP585-2078,2078,2078,288603947,2^288603947-1,STRUCTURAL_SCREEN_EXHAUSTED_PRIMALITY_UNASSIGNED,GF3A_DIRECTIONAL_WRITE_EXHAUSTED_PRIMALITY_UNASSIGNED,514,512,512,NO_RECORDED_FACTOR_PRP_OR_LL_RESULT_AND_NO_ACTIVE_GIMPS_ASSIGNMENT,2026-08-08T14:01:06+00:00,UNALLOCATED,,,,,
SLCMP585-2079,2079,2079,288604013,2^288604013-1,STRUCTURAL_SCREEN_EXHAUSTED_PRIMALITY_UNASSIGNED,GF3A_DIRECTIONAL_WRITE_EXHAUSTED_PRIMALITY_UNASSIGNED,513,512,512,NO_RECORDED_FACTOR_PRP_OR_LL_RESULT_AND_NO_ACTIVE_GIMPS_ASSIGNMENT,2026-08-08T14:01:06+00:00,UNALLOCATED,,,,,
SLCMP585-2080,2080,2080,288604039,2^288604039-1,STRUCTURAL_SCREEN_EXHAUSTED_PRIMALITY_UNASSIGNED,GF3A_DIRECTIONAL_WRITE_EXHAUSTED_PRIMALITY_UNASSIGNED,514,512,512,NO_RECORDED_FACTOR_PRP_OR_LL_RESULT_AND_NO_ACTIVE_GIMPS_ASSIGNMENT,2026-08-08T14:01:06+00:00,UNALLOCATED,,,,,
SLCMP585-2081,2081,2081,288604093,2^288604093-1,STRUCTURAL_SCREEN_EXHAUSTED_PRIMALITY_UNASSIGNED,GF3A_DIRECTIONAL_WRITE_EXHAUSTED_PRIMALITY_UNASSIGNED,513,512,512,NO_RECORDED_FACTOR_PRP_OR_LL_RESULT_AND_NO_ACTIVE_GIMPS_ASSIGNMENT,2026-08-08T14:01:06+00:00,UNALLOCATED,,,,,
SLCMP585-2082,2082,2082,288604103,2^288604103-1,STRUCTURAL_SCREEN_EXHAUSTED_PRIMALITY_UNASSIGNED,GF3A_DIRECTIONAL_WRITE_EXHAUSTED_PRIMALITY_UNASSIGNED,514,512,512,NO_RECORDED_FACTOR_PRP_OR_LL_RESULT_AND_NO_ACTIVE_GIMPS_ASSIGNMENT,2026-08-08T14:01:06+00:00,UNALLOCATED,,,,,
SLCMP585-2083,2083,2083,288604139,2^288604139-1,STRUCTURAL_SCREEN_EXHAUSTED_PRIMALITY_UNASSIGNED,GF3A_DIRECTIONAL_WRITE_EXHAUSTED_PRIMALITY_UNASSIGNED,514,512,512,NO_RECORDED_FACTOR_PRP_OR_LL_RESULT_AND_NO_ACTIVE_GIMPS_ASSIGNMENT,2026-08-08T14:01:06+00:00,UNALLOCATED,,,,,
SLCMP585-2084,2084,2084,288604159,2^288604159-1,STRUCTURAL_SCREEN_EXHAUSTED_PRIMALITY_UNASSIGNED,GF3A_DIRECTIONAL_WRITE_EXHAUSTED_PRIMALITY_UNASSIGNED,514,512,512,NO_RECORDED_FACTOR_PRP_OR_LL_RESULT_AND_NO_ACTIVE_GIMPS_ASSIGNMENT,2026-08-08T14:01:06+00:00,UNALLOCATED,,,,,
SLCMP585-2085,2085,2085,288604163,2^288604163-1,STRUCTURAL_SCREEN_EXHAUSTED_PRIMALITY_UNASSIGNED,GF3A_DIRECTIONAL_WRITE_EXHAUSTED_PRIMALITY_UNASSIGNED,514,512,512,NO_RECORDED_FACTOR_PRP_OR_LL_RESULT_AND_NO_ACTIVE_GIMPS_ASSIGNMENT,2026-08-08T14:01:06+00:00,UNALLOCATED,,,,,
SLCMP585-2086,2086,2086,288604187,2^288604187-1,STRUCTURAL_SCREEN_EXHAUSTED_PRIMALITY_UNASSIGNED,GF3A_DIRECTIONAL_WRITE_EXHAUSTED_PRIMALITY_UNASSIGNED,514,512,512,NO_RECORDED_FACTOR_PRP_OR_LL_RESULT_AND_NO_ACTIVE_GIMPS_ASSIGNMENT,2026-08-08T14:01:06+00:00,UNALLOCATED,,,,,
SLCMP585-2087,2087,2087,288604229,2^288604229-1,STRUCTURAL_SCREEN_EXHAUSTED_PRIMALITY_UNASSIGNED,GF3A_DIRECTIONAL_WRITE_EXHAUSTED_PRIMALITY_UNASSIGNED,513,512,512,NO_RECORDED_FACTOR_PRP_OR_LL_RESULT_AND_NO_ACTIVE_GIMPS_ASSIGNMENT,2026-08-08T14:01:06+00:00,UNALLOCATED,,,,,
SLCMP585-2088,2088,2088,288604231,2^288604231-1,STRUCTURAL_SCREEN_EXHAUSTED_PRIMALITY_UNASSIGNED,GF3A_DIRECTIONAL_WRITE_EXHAUSTED_PRIMALITY_UNASSIGNED,514,512,512,NO_RECORDED_FACTOR_PRP_OR_LL_RESULT_AND_NO_ACTIVE_GIMPS_ASSIGNMENT,2026-08-08T14:01:06+00:00,UNALLOCATED,,,,,
SLCMP585-2089,2089,2089,288604241,2^288604241-1,STRUCTURAL_SCREEN_EXHAUSTED_PRIMALITY_UNASSIGNED,GF3A_DIRECTIONAL_WRITE_EXHAUSTED_PRIMALITY_UNASSIGNED,513,512,512,NO_RECORDED_FACTOR_PRP_OR_LL_RESULT_AND_NO_ACTIVE_GIMPS_ASSIGNMENT,2026-08-08T14:01:06+00:00,UNALLOCATED,,,,,
SLCMP585-2090,2090,2090,288604297,2^288604297-1,STRUCTURAL_SCREEN_EXHAUSTED_PRIMALITY_UNASSIGNED,GF3A_DIRECTIONAL_WRITE_EXHAUSTED_PRIMALITY_UNASSIGNED,513,512,512,NO_RECORDED_FACTOR_PRP_OR_LL_RESULT_AND_NO_ACTIVE_GIMPS_ASSIGNMENT,2026-08-08T14:01:06+00:00,UNALLOCATED,,,,,
SLCMP585-2091,2091,2091,288604313,2^288604313-1,STRUCTURAL_SCREEN_EXHAUSTED_PRIMALITY_UNASSIGNED,GF3A_DIRECTIONAL_WRITE_EXHAUSTED_PRIMALITY_UNASSIGNED,513,512,512,NO_RECORDED_FACTOR_PRP_OR_LL_RESULT_AND_NO_ACTIVE_GIMPS_ASSIGNMENT,2026-08-08T14:01:06+00:00,UNALLOCATED,,,,,
SLCMP585-2092,2092,2092,288604447,2^288604447-1,STRUCTURAL_SCREEN_EXHAUSTED_PRIMALITY_UNASSIGNED,GF3A_DIRECTIONAL_WRITE_EXHAUSTED_PRIMALITY_UNASSIGNED,514,512,512,NO_RECORDED_FACTOR_PRP_OR_LL_RESULT_AND_NO_ACTIVE_GIMPS_ASSIGNMENT,2026-08-08T14:01:06+00:00,UNALLOCATED,,,,,
SLCMP585-2093,2093,2093,288604493,2^288604493-1,STRUCTURAL_SCREEN_EXHAUSTED_PRIMALITY_UNASSIGNED,GF3A_DIRECTIONAL_WRITE_EXHAUSTED_PRIMALITY_UNASSIGNED,513,512,512,NO_RECORDED_FACTOR_PRP_OR_LL_RESULT_AND_NO_ACTIVE_GIMPS_ASSIGNMENT,2026-08-08T14:01:06+00:00,UNALLOCATED,,,,,
SLCMP585-2094,2094,2094,288604501,2^288604501-1,STRUCTURAL_SCREEN_EXHAUSTED_PRIMALITY_UNASSIGNED,GF3A_DIRECTIONAL_WRITE_EXHAUSTED_PRIMALITY_UNASSIGNED,513,512,512,NO_RECORDED_FACTOR_PRP_OR_LL_RESULT_AND_NO_ACTIVE_GIMPS_ASSIGNMENT,2026-08-08T14:01:06+00:00,UNALLOCATED,,,,,
SLCMP585-2095,2095,2095,288604541,2^288604541-1,STRUCTURAL_SCREEN_EXHAUSTED_PRIMALITY_UNASSIGNED,GF3A_DIRECTIONAL_WRITE_EXHAUSTED_PRIMALITY_UNASSIGNED,513,512,512,NO_RECORDED_FACTOR_PRP_OR_LL_RESULT_AND_NO_ACTIVE_GIMPS_ASSIGNMENT,2026-08-08T14:01:06+00:00,UNALLOCATED,,,,,
SLCMP585-2096,2096,2096,288604543,2^288604543-1,STRUCTURAL_SCREEN_EXHAUSTED_PRIMALITY_UNASSIGNED,GF3A_DIRECTIONAL_WRITE_EXHAUSTED_PRIMALITY_UNASSIGNED,514,512,512,NO_RECORDED_FACTOR_PRP_OR_LL_RESULT_AND_NO_ACTIVE_GIMPS_ASSIGNMENT,2026-08-08T14:01:06+00:00,UNALLOCATED,,,,,
SLCMP585-2097,2097,2097,288604553,2^288604553-1,STRUCTURAL_SCREEN_EXHAUSTED_PRIMALITY_UNASSIGNED,GF3A_DIRECTIONAL_WRITE_EXHAUSTED_PRIMALITY_UNASSIGNED,513,512,512,NO_RECORDED_FACTOR_PRP_OR_LL_RESULT_AND_NO_ACTIVE_GIMPS_ASSIGNMENT,2026-08-08T14:01:06+00:00,UNALLOCATED,,,,,
SLCMP585-2098,2098,2098,288604627,2^288604627-1,STRUCTURAL_SCREEN_EXHAUSTED_PRIMALITY_UNASSIGNED,GF3A_DIRECTIONAL_WRITE_EXHAUSTED_PRIMALITY_UNASSIGNED,514,512,512,NO_RECORDED_FACTOR_PRP_OR_LL_RESULT_AND_NO_ACTIVE_GIMPS_ASSIGNMENT,2026-08-08T14:01:06+00:00,UNALLOCATED,,,,,
SLCMP585-2099,2099,2099,288604633,2^288604633-1,STRUCTURAL_SCREEN_EXHAUSTED_PRIMALITY_UNASSIGNED,GF3A_DIRECTIONAL_WRITE_EXHAUSTED_PRIMALITY_UNASSIGNED,513,512,512,NO_RECORDED_FACTOR_PRP_OR_LL_RESULT_AND_NO_ACTIVE_GIMPS_ASSIGNMENT,2026-08-08T14:01:06+00:00,UNALLOCATED,,,,,
SLCMP585-2100,2100,2100,288604741,2^288604741-1,STRUCTURAL_SCREEN_EXHAUSTED_PRIMALITY_UNASSIGNED,GF3A_DIRECTIONAL_WRITE_EXHAUSTED_PRIMALITY_UNASSIGNED,513,512,512,NO_RECORDED_FACTOR_PRP_OR_LL_RESULT_AND_NO_ACTIVE_GIMPS_ASSIGNMENT,2026-08-08T14:01:06+00:00,UNALLOCATED,,,,,
SLCMP585-2101,2101,2101,288604793,2^288604793-1,STRUCTURAL_SCREEN_EXHAUSTED_PRIMALITY_UNASSIGNED,GF3A_DIRECTIONAL_WRITE_EXHAUSTED_PRIMALITY_UNASSIGNED,513,512,512,NO_RECORDED_FACTOR_PRP_OR_LL_RESULT_AND_NO_ACTIVE_GIMPS_ASSIGNMENT,2026-08-08T14:01:06+00:00,UNALLOCATED,,,,,
SLCMP585-2102,2102,2102,288604853,2^288604853-1,STRUCTURAL_SCREEN_EXHAUSTED_PRIMALITY_UNASSIGNED,GF3A_DIRECTIONAL_WRITE_EXHAUSTED_PRIMALITY_UNASSIGNED,513,512,512,NO_RECORDED_FACTOR_PRP_OR_LL_RESULT_AND_NO_ACTIVE_GIMPS_ASSIGNMENT,2026-08-08T14:01:06+00:00,UNALLOCATED,,,,,
SLCMP585-2103,2103,2103,288604991,2^288604991-1,STRUCTURAL_SCREEN_EXHAUSTED_PRIMALITY_UNASSIGNED,GF3A_DIRECTIONAL_WRITE_EXHAUSTED_PRIMALITY_UNASSIGNED,514,512,512,NO_RECORDED_FACTOR_PRP_OR_LL_RESULT_AND_NO_ACTIVE_GIMPS_ASSIGNMENT,2026-08-08T14:01:06+00:00,UNALLOCATED,,,,,
SLCMP585-2104,2104,2104,288604993,2^288604993-1,STRUCTURAL_SCREEN_EXHAUSTED_PRIMALITY_UNASSIGNED,GF3A_DIRECTIONAL_WRITE_EXHAUSTED_PRIMALITY_UNASSIGNED,513,512,512,NO_RECORDED_FACTOR_PRP_OR_LL_RESULT_AND_NO_ACTIVE_GIMPS_ASSIGNMENT,2026-08-08T14:01:06+00:00,UNALLOCATED,,,,,
SLCMP585-2105,2105,2105,288604999,2^288604999-1,STRUCTURAL_SCREEN_EXHAUSTED_PRIMALITY_UNASSIGNED,GF3A_DIRECTIONAL_WRITE_EXHAUSTED_PRIMALITY_UNASSIGNED,514,512,512,NO_RECORDED_FACTOR_PRP_OR_LL_RESULT_AND_NO_ACTIVE_GIMPS_ASSIGNMENT,2026-08-08T14:01:06+00:00,UNALLOCATED,,,,,
SLCMP585-2106,2106,2106,288605227,2^288605227-1,STRUCTURAL_SCREEN_EXHAUSTED_PRIMALITY_UNASSIGNED,GF3A_DIRECTIONAL_WRITE_EXHAUSTED_PRIMALITY_UNASSIGNED,514,512,512,NO_RECORDED_FACTOR_PRP_OR_LL_RESULT_AND_NO_ACTIVE_GIMPS_ASSIGNMENT,2026-08-08T14:01:06+00:00,UNALLOCATED,,,,,
SLCMP585-2107,2107,2107,288605267,2^288605267-1,STRUCTURAL_SCREEN_EXHAUSTED_PRIMALITY_UNASSIGNED,GF3A_DIRECTIONAL_WRITE_EXHAUSTED_PRIMALITY_UNASSIGNED,514,512,512,NO_RECORDED_FACTOR_PRP_OR_LL_RESULT_AND_NO_ACTIVE_GIMPS_ASSIGNMENT,2026-08-08T14:01:06+00:00,UNALLOCATED,,,,,
SLCMP585-2108,2108,2108,288605287,2^288605287-1,STRUCTURAL_SCREEN_EXHAUSTED_PRIMALITY_UNASSIGNED,GF3A_DIRECTIONAL_WRITE_EXHAUSTED_PRIMALITY_UNASSIGNED,514,512,512,NO_RECORDED_FACTOR_PRP_OR_LL_RESULT_AND_NO_ACTIVE_GIMPS_ASSIGNMENT,2026-08-08T14:01:06+00:00,UNALLOCATED,,,,,
SLCMP585-2109,2109,2109,288605297,2^288605297-1,STRUCTURAL_SCREEN_EXHAUSTED_PRIMALITY_UNASSIGNED,GF3A_DIRECTIONAL_WRITE_EXHAUSTED_PRIMALITY_UNASSIGNED,513,512,512,NO_RECORDED_FACTOR_PRP_OR_LL_RESULT_AND_NO_ACTIVE_GIMPS_ASSIGNMENT,2026-08-08T14:01:06+00:00,UNALLOCATED,,,,,
SLCMP585-2110,2110,2110,288605321,2^288605321-1,STRUCTURAL_SCREEN_EXHAUSTED_PRIMALITY_UNASSIGNED,GF3A_DIRECTIONAL_WRITE_EXHAUSTED_PRIMALITY_UNASSIGNED,513,512,512,NO_RECORDED_FACTOR_PRP_OR_LL_RESULT_AND_NO_ACTIVE_GIMPS_ASSIGNMENT,2026-08-08T14:01:06+00:00,UNALLOCATED,,,,,
SLCMP585-2111,2111,2111,288605371,2^288605371-1,STRUCTURAL_SCREEN_EXHAUSTED_PRIMALITY_UNASSIGNED,GF3A_DIRECTIONAL_WRITE_EXHAUSTED_PRIMALITY_UNASSIGNED,514,512,512,NO_RECORDED_FACTOR_PRP_OR_LL_RESULT_AND_NO_ACTIVE_GIMPS_ASSIGNMENT,2026-08-08T14:01:06+00:00,UNALLOCATED,,,,,
SLCMP585-2112,2112,2112,288605389,2^288605389-1,STRUCTURAL_SCREEN_EXHAUSTED_PRIMALITY_UNASSIGNED,GF3A_DIRECTIONAL_WRITE_EXHAUSTED_PRIMALITY_UNASSIGNED,513,512,512,NO_RECORDED_FACTOR_PRP_OR_LL_RESULT_AND_NO_ACTIVE_GIMPS_ASSIGNMENT,2026-08-08T14:01:06+00:00,UNALLOCATED,,,,,
SLCMP585-2113,2113,2113,288605423,2^288605423-1,STRUCTURAL_SCREEN_EXHAUSTED_PRIMALITY_UNASSIGNED,GF3A_DIRECTIONAL_WRITE_EXHAUSTED_PRIMALITY_UNASSIGNED,514,512,512,NO_RECORDED_FACTOR_PRP_OR_LL_RESULT_AND_NO_ACTIVE_GIMPS_ASSIGNMENT,2026-08-08T14:01:06+00:00,UNALLOCATED,,,,,
SLCMP585-2114,2114,2114,288605467,2^288605467-1,STRUCTURAL_SCREEN_EXHAUSTED_PRIMALITY_UNASSIGNED,GF3A_DIRECTIONAL_WRITE_EXHAUSTED_PRIMALITY_UNASSIGNED,514,512,512,NO_RECORDED_FACTOR_PRP_OR_LL_RESULT_AND_NO_ACTIVE_GIMPS_ASSIGNMENT,2026-08-08T14:01:06+00:00,UNALLOCATED,,,,,
SLCMP585-2115,2115,2115,288605491,2^288605491-1,STRUCTURAL_SCREEN_EXHAUSTED_PRIMALITY_UNASSIGNED,GF3A_DIRECTIONAL_WRITE_EXHAUSTED_PRIMALITY_UNASSIGNED,514,512,512,NO_RECORDED_FACTOR_PRP_OR_LL_RESULT_AND_NO_ACTIVE_GIMPS_ASSIGNMENT,2026-08-08T14:01:06+00:00,UNALLOCATED,,,,,
SLCMP585-2116,2116,2116,288605501,2^288605501-1,STRUCTURAL_SCREEN_EXHAUSTED_PRIMALITY_UNASSIGNED,GF3A_DIRECTIONAL_WRITE_EXHAUSTED_PRIMALITY_UNASSIGNED,513,512,512,NO_RECORDED_FACTOR_PRP_OR_LL_RESULT_AND_NO_ACTIVE_GIMPS_ASSIGNMENT,2026-08-08T14:01:06+00:00,UNALLOCATED,,,,,
SLCMP585-2117,2117,2117,288605663,2^288605663-1,STRUCTURAL_SCREEN_EXHAUSTED_PRIMALITY_UNASSIGNED,GF3A_DIRECTIONAL_WRITE_EXHAUSTED_PRIMALITY_UNASSIGNED,514,512,512,NO_RECORDED_FACTOR_PRP_OR_LL_RESULT_AND_NO_ACTIVE_GIMPS_ASSIGNMENT,2026-08-08T14:01:06+00:00,UNALLOCATED,,,,,
SLCMP585-2118,2118,2118,288605677,2^288605677-1,STRUCTURAL_SCREEN_EXHAUSTED_PRIMALITY_UNASSIGNED,GF3A_DIRECTIONAL_WRITE_EXHAUSTED_PRIMALITY_UNASSIGNED,513,512,512,NO_RECORDED_FACTOR_PRP_OR_LL_RESULT_AND_NO_ACTIVE_GIMPS_ASSIGNMENT,2026-08-08T14:01:06+00:00,UNALLOCATED,,,,,
SLCMP585-2119,2119,2119,288605717,2^288605717-1,STRUCTURAL_SCREEN_EXHAUSTED_PRIMALITY_UNASSIGNED,GF3A_DIRECTIONAL_WRITE_EXHAUSTED_PRIMALITY_UNASSIGNED,513,512,512,NO_RECORDED_FACTOR_PRP_OR_LL_RESULT_AND_NO_ACTIVE_GIMPS_ASSIGNMENT,2026-08-08T14:01:06+00:00,UNALLOCATED,,,,,
SLCMP585-2120,2120,2120,288605773,2^288605773-1,STRUCTURAL_SCREEN_EXHAUSTED_PRIMALITY_UNASSIGNED,GF3A_DIRECTIONAL_WRITE_EXHAUSTED_PRIMALITY_UNASSIGNED,513,512,512,NO_RECORDED_FACTOR_PRP_OR_LL_RESULT_AND_NO_ACTIVE_GIMPS_ASSIGNMENT,2026-08-08T14:01:06+00:00,UNALLOCATED,,,,,
SLCMP585-2121,2121,2121,288605921,2^288605921-1,STRUCTURAL_SCREEN_EXHAUSTED_PRIMALITY_UNASSIGNED,GF3A_DIRECTIONAL_WRITE_EXHAUSTED_PRIMALITY_UNASSIGNED,513,512,512,NO_RECORDED_FACTOR_PRP_OR_LL_RESULT_AND_NO_ACTIVE_GIMPS_ASSIGNMENT,2026-08-08T14:01:06+00:00,UNALLOCATED,,,,,
SLCMP585-2122,2122,2122,288605959,2^288605959-1,STRUCTURAL_SCREEN_EXHAUSTED_PRIMALITY_UNASSIGNED,GF3A_DIRECTIONAL_WRITE_EXHAUSTED_PRIMALITY_UNASSIGNED,514,512,512,NO_RECORDED_FACTOR_PRP_OR_LL_RESULT_AND_NO_ACTIVE_GIMPS_ASSIGNMENT,2026-08-08T14:01:06+00:00,UNALLOCATED,,,,,
SLCMP585-2123,2123,2123,288606061,2^288606061-1,STRUCTURAL_SCREEN_EXHAUSTED_PRIMALITY_UNASSIGNED,GF3A_DIRECTIONAL_WRITE_EXHAUSTED_PRIMALITY_UNASSIGNED,513,512,512,NO_RECORDED_FACTOR_PRP_OR_LL_RESULT_AND_NO_ACTIVE_GIMPS_ASSIGNMENT,2026-08-08T14:01:06+00:00,UNALLOCATED,,,,,
SLCMP585-2124,2124,2124,288606089,2^288606089-1,STRUCTURAL_SCREEN_EXHAUSTED_PRIMALITY_UNASSIGNED,GF3A_DIRECTIONAL_WRITE_EXHAUSTED_PRIMALITY_UNASSIGNED,513,512,512,NO_RECORDED_FACTOR_PRP_OR_LL_RESULT_AND_NO_ACTIVE_GIMPS_ASSIGNMENT,2026-08-08T14:01:06+00:00,UNALLOCATED,,,,,
SLCMP585-2125,2125,2125,288606091,2^288606091-1,STRUCTURAL_SCREEN_EXHAUSTED_PRIMALITY_UNASSIGNED,GF3A_DIRECTIONAL_WRITE_EXHAUSTED_PRIMALITY_UNASSIGNED,514,512,512,NO_RECORDED_FACTOR_PRP_OR_LL_RESULT_AND_NO_ACTIVE_GIMPS_ASSIGNMENT,2026-08-08T14:01:06+00:00,UNALLOCATED,,,,,
SLCMP585-2126,2126,2126,288606163,2^288606163-1,STRUCTURAL_SCREEN_EXHAUSTED_PRIMALITY_UNASSIGNED,GF3A_DIRECTIONAL_WRITE_EXHAUSTED_PRIMALITY_UNASSIGNED,514,512,512,NO_RECORDED_FACTOR_PRP_OR_LL_RESULT_AND_NO_ACTIVE_GIMPS_ASSIGNMENT,2026-08-08T14:01:06+00:00,UNALLOCATED,,,,,
SLCMP585-2127,2127,2127,288606169,2^288606169-1,STRUCTURAL_SCREEN_EXHAUSTED_PRIMALITY_UNASSIGNED,GF3A_DIRECTIONAL_WRITE_EXHAUSTED_PRIMALITY_UNASSIGNED,513,512,512,NO_RECORDED_FACTOR_PRP_OR_LL_RESULT_AND_NO_ACTIVE_GIMPS_ASSIGNMENT,2026-08-08T14:01:06+00:00,UNALLOCATED,,,,,
SLCMP585-2128,2128,2128,288606193,2^288606193-1,STRUCTURAL_SCREEN_EXHAUSTED_PRIMALITY_UNASSIGNED,GF3A_DIRECTIONAL_WRITE_EXHAUSTED_PRIMALITY_UNASSIGNED,513,512,512,NO_RECORDED_FACTOR_PRP_OR_LL_RESULT_AND_NO_ACTIVE_GIMPS_ASSIGNMENT,2026-08-08T14:01:06+00:00,UNALLOCATED,,,,,
SLCMP585-2129,2129,2129,288606221,2^288606221-1,STRUCTURAL_SCREEN_EXHAUSTED_PRIMALITY_UNASSIGNED,GF3A_DIRECTIONAL_WRITE_EXHAUSTED_PRIMALITY_UNASSIGNED,513,512,512,NO_RECORDED_FACTOR_PRP_OR_LL_RESULT_AND_NO_ACTIVE_GIMPS_ASSIGNMENT,2026-08-08T14:01:06+00:00,UNALLOCATED,,,,,
SLCMP585-2130,2130,2130,288606223,2^288606223-1,STRUCTURAL_SCREEN_EXHAUSTED_PRIMALITY_UNASSIGNED,GF3A_DIRECTIONAL_WRITE_EXHAUSTED_PRIMALITY_UNASSIGNED,514,512,512,NO_RECORDED_FACTOR_PRP_OR_LL_RESULT_AND_NO_ACTIVE_GIMPS_ASSIGNMENT,2026-08-08T14:01:06+00:00,UNALLOCATED,,,,,
SLCMP585-2131,2131,2131,288606251,2^288606251-1,STRUCTURAL_SCREEN_EXHAUSTED_PRIMALITY_UNASSIGNED,GF3A_DIRECTIONAL_WRITE_EXHAUSTED_PRIMALITY_UNASSIGNED,514,512,512,NO_RECORDED_FACTOR_PRP_OR_LL_RESULT_AND_NO_ACTIVE_GIMPS_ASSIGNMENT,2026-08-08T14:01:06+00:00,UNALLOCATED,,,,,
SLCMP585-2132,2132,2132,288606299,2^288606299-1,STRUCTURAL_SCREEN_EXHAUSTED_PRIMALITY_UNASSIGNED,GF3A_DIRECTIONAL_WRITE_EXHAUSTED_PRIMALITY_UNASSIGNED,514,512,512,NO_RECORDED_FACTOR_PRP_OR_LL_RESULT_AND_NO_ACTIVE_GIMPS_ASSIGNMENT,2026-08-08T14:01:06+00:00,UNALLOCATED,,,,,
SLCMP585-2133,2133,2133,288606301,2^288606301-1,STRUCTURAL_SCREEN_EXHAUSTED_PRIMALITY_UNASSIGNED,GF3A_DIRECTIONAL_WRITE_EXHAUSTED_PRIMALITY_UNASSIGNED,513,512,512,NO_RECORDED_FACTOR_PRP_OR_LL_RESULT_AND_NO_ACTIVE_GIMPS_ASSIGNMENT,2026-08-08T14:01:06+00:00,UNALLOCATED,,,,,
SLCMP585-2134,2134,2134,288606413,2^288606413-1,STRUCTURAL_SCREEN_EXHAUSTED_PRIMALITY_UNASSIGNED,GF3A_DIRECTIONAL_WRITE_EXHAUSTED_PRIMALITY_UNASSIGNED,513,512,512,NO_RECORDED_FACTOR_PRP_OR_LL_RESULT_AND_NO_ACTIVE_GIMPS_ASSIGNMENT,2026-08-08T14:01:06+00:00,UNALLOCATED,,,,,
SLCMP585-2135,2135,2135,288606419,2^288606419-1,STRUCTURAL_SCREEN_EXHAUSTED_PRIMALITY_UNASSIGNED,GF3A_DIRECTIONAL_WRITE_EXHAUSTED_PRIMALITY_UNASSIGNED,514,512,512,NO_RECORDED_FACTOR_PRP_OR_LL_RESULT_AND_NO_ACTIVE_GIMPS_ASSIGNMENT,2026-08-08T14:01:06+00:00,UNALLOCATED,,,,,
SLCMP585-2136,2136,2136,288606557,2^288606557-1,STRUCTURAL_SCREEN_EXHAUSTED_PRIMALITY_UNASSIGNED,GF3A_DIRECTIONAL_WRITE_EXHAUSTED_PRIMALITY_UNASSIGNED,513,512,512,NO_RECORDED_FACTOR_PRP_OR_LL_RESULT_AND_NO_ACTIVE_GIMPS_ASSIGNMENT,2026-08-08T14:01:06+00:00,UNALLOCATED,,,,,
SLCMP585-2137,2137,2137,288606727,2^288606727-1,STRUCTURAL_SCREEN_EXHAUSTED_PRIMALITY_UNASSIGNED,GF3A_DIRECTIONAL_WRITE_EXHAUSTED_PRIMALITY_UNASSIGNED,514,512,512,NO_RECORDED_FACTOR_PRP_OR_LL_RESULT_AND_NO_ACTIVE_GIMPS_ASSIGNMENT,2026-08-08T14:01:06+00:00,UNALLOCATED,,,,,
SLCMP585-2138,2138,2138,288606733,2^288606733-1,STRUCTURAL_SCREEN_EXHAUSTED_PRIMALITY_UNASSIGNED,GF3A_DIRECTIONAL_WRITE_EXHAUSTED_PRIMALITY_UNASSIGNED,513,512,512,NO_RECORDED_FACTOR_PRP_OR_LL_RESULT_AND_NO_ACTIVE_GIMPS_ASSIGNMENT,2026-08-08T14:01:06+00:00,UNALLOCATED,,,,,
SLCMP585-2139,2139,2139,288606779,2^288606779-1,STRUCTURAL_SCREEN_EXHAUSTED_PRIMALITY_UNASSIGNED,GF3A_DIRECTIONAL_WRITE_EXHAUSTED_PRIMALITY_UNASSIGNED,514,512,512,NO_RECORDED_FACTOR_PRP_OR_LL_RESULT_AND_NO_ACTIVE_GIMPS_ASSIGNMENT,2026-08-08T14:01:06+00:00,UNALLOCATED,,,,,
SLCMP585-2140,2140,2140,288606911,2^288606911-1,STRUCTURAL_SCREEN_EXHAUSTED_PRIMALITY_UNASSIGNED,GF3A_DIRECTIONAL_WRITE_EXHAUSTED_PRIMALITY_UNASSIGNED,514,512,512,NO_RECORDED_FACTOR_PRP_OR_LL_RESULT_AND_NO_ACTIVE_GIMPS_ASSIGNMENT,2026-08-08T14:01:06+00:00,UNALLOCATED,,,,,
SLCMP585-2141,2141,2141,288606949,2^288606949-1,STRUCTURAL_SCREEN_EXHAUSTED_PRIMALITY_UNASSIGNED,GF3A_DIRECTIONAL_WRITE_EXHAUSTED_PRIMALITY_UNASSIGNED,513,512,512,NO_RECORDED_FACTOR_PRP_OR_LL_RESULT_AND_NO_ACTIVE_GIMPS_ASSIGNMENT,2026-08-08T14:01:06+00:00,UNALLOCATED,,,,,
SLCMP585-2142,2142,2142,288606973,2^288606973-1,STRUCTURAL_SCREEN_EXHAUSTED_PRIMALITY_UNASSIGNED,GF3A_DIRECTIONAL_WRITE_EXHAUSTED_PRIMALITY_UNASSIGNED,513,512,512,NO_RECORDED_FACTOR_PRP_OR_LL_RESULT_AND_NO_ACTIVE_GIMPS_ASSIGNMENT,2026-08-08T14:01:06+00:00,UNALLOCATED,,,,,
SLCMP585-2143,2143,2143,288607201,2^288607201-1,STRUCTURAL_SCREEN_EXHAUSTED_PRIMALITY_UNASSIGNED,GF3A_DIRECTIONAL_WRITE_EXHAUSTED_PRIMALITY_UNASSIGNED,513,512,512,NO_RECORDED_FACTOR_PRP_OR_LL_RESULT_AND_NO_ACTIVE_GIMPS_ASSIGNMENT,2026-08-08T14:01:06+00:00,UNALLOCATED,,,,,
SLCMP585-2144,2144,2144,288607469,2^288607469-1,STRUCTURAL_SCREEN_EXHAUSTED_PRIMALITY_UNASSIGNED,GF3A_DIRECTIONAL_WRITE_EXHAUSTED_PRIMALITY_UNASSIGNED,513,512,512,NO_RECORDED_FACTOR_PRP_OR_LL_RESULT_AND_NO_ACTIVE_GIMPS_ASSIGNMENT,2026-08-08T14:01:06+00:00,UNALLOCATED,,,,,
SLCMP585-2145,2145,2145,288607481,2^288607481-1,STRUCTURAL_SCREEN_EXHAUSTED_PRIMALITY_UNASSIGNED,GF3A_DIRECTIONAL_WRITE_EXHAUSTED_PRIMALITY_UNASSIGNED,513,512,512,NO_RECORDED_FACTOR_PRP_OR_LL_RESULT_AND_NO_ACTIVE_GIMPS_ASSIGNMENT,2026-08-08T14:01:06+00:00,UNALLOCATED,,,,,
SLCMP585-2146,2146,2146,288607717,2^288607717-1,STRUCTURAL_SCREEN_EXHAUSTED_PRIMALITY_UNASSIGNED,GF3A_DIRECTIONAL_WRITE_EXHAUSTED_PRIMALITY_UNASSIGNED,513,512,512,NO_RECORDED_FACTOR_PRP_OR_LL_RESULT_AND_NO_ACTIVE_GIMPS_ASSIGNMENT,2026-08-08T14:01:06+00:00,UNALLOCATED,,,,,
SLCMP585-2147,2147,2147,288607727,2^288607727-1,STRUCTURAL_SCREEN_EXHAUSTED_PRIMALITY_UNASSIGNED,GF3A_DIRECTIONAL_WRITE_EXHAUSTED_PRIMALITY_UNASSIGNED,514,512,512,NO_RECORDED_FACTOR_PRP_OR_LL_RESULT_AND_NO_ACTIVE_GIMPS_ASSIGNMENT,2026-08-08T14:01:06+00:00,UNALLOCATED,,,,,
SLCMP585-2148,2148,2148,288607729,2^288607729-1,STRUCTURAL_SCREEN_EXHAUSTED_PRIMALITY_UNASSIGNED,GF3A_DIRECTIONAL_WRITE_EXHAUSTED_PRIMALITY_UNASSIGNED,513,512,512,NO_RECORDED_FACTOR_PRP_OR_LL_RESULT_AND_NO_ACTIVE_GIMPS_ASSIGNMENT,2026-08-08T14:01:06+00:00,UNALLOCATED,,,,,
SLCMP585-2149,2149,2149,288607931,2^288607931-1,STRUCTURAL_SCREEN_EXHAUSTED_PRIMALITY_UNASSIGNED,GF3A_DIRECTIONAL_WRITE_EXHAUSTED_PRIMALITY_UNASSIGNED,514,512,512,NO_RECORDED_FACTOR_PRP_OR_LL_RESULT_AND_NO_ACTIVE_GIMPS_ASSIGNMENT,2026-08-08T14:01:06+00:00,UNALLOCATED,,,,,
SLCMP585-2150,2150,2150,288607973,2^288607973-1,STRUCTURAL_SCREEN_EXHAUSTED_PRIMALITY_UNASSIGNED,GF3A_DIRECTIONAL_WRITE_EXHAUSTED_PRIMALITY_UNASSIGNED,513,512,512,NO_RECORDED_FACTOR_PRP_OR_LL_RESULT_AND_NO_ACTIVE_GIMPS_ASSIGNMENT,2026-08-08T14:01:06+00:00,UNALLOCATED,,,,,
SLCMP585-2151,2151,2151,288608057,2^288608057-1,STRUCTURAL_SCREEN_EXHAUSTED_PRIMALITY_UNASSIGNED,GF3A_DIRECTIONAL_WRITE_EXHAUSTED_PRIMALITY_UNASSIGNED,513,512,512,NO_RECORDED_FACTOR_PRP_OR_LL_RESULT_AND_NO_ACTIVE_GIMPS_ASSIGNMENT,2026-08-08T14:01:06+00:00,UNALLOCATED,,,,,
SLCMP585-2152,2152,2152,288608069,2^288608069-1,STRUCTURAL_SCREEN_EXHAUSTED_PRIMALITY_UNASSIGNED,GF3A_DIRECTIONAL_WRITE_EXHAUSTED_PRIMALITY_UNASSIGNED,513,512,512,NO_RECORDED_FACTOR_PRP_OR_LL_RESULT_AND_NO_ACTIVE_GIMPS_ASSIGNMENT,2026-08-08T14:01:06+00:00,UNALLOCATED,,,,,
SLCMP585-2153,2153,2153,288608191,2^288608191-1,STRUCTURAL_SCREEN_EXHAUSTED_PRIMALITY_UNASSIGNED,GF3A_DIRECTIONAL_WRITE_EXHAUSTED_PRIMALITY_UNASSIGNED,514,512,512,NO_RECORDED_FACTOR_PRP_OR_LL_RESULT_AND_NO_ACTIVE_GIMPS_ASSIGNMENT,2026-08-08T14:01:06+00:00,UNALLOCATED,,,,,
SLCMP585-2154,2154,2154,288608213,2^288608213-1,STRUCTURAL_SCREEN_EXHAUSTED_PRIMALITY_UNASSIGNED,GF3A_DIRECTIONAL_WRITE_EXHAUSTED_PRIMALITY_UNASSIGNED,513,512,512,NO_RECORDED_FACTOR_PRP_OR_LL_RESULT_AND_NO_ACTIVE_GIMPS_ASSIGNMENT,2026-08-08T14:01:06+00:00,UNALLOCATED,,,,,
SLCMP585-2155,2155,2155,288608273,2^288608273-1,STRUCTURAL_SCREEN_EXHAUSTED_PRIMALITY_UNASSIGNED,GF3A_DIRECTIONAL_WRITE_EXHAUSTED_PRIMALITY_UNASSIGNED,513,512,512,NO_RECORDED_FACTOR_PRP_OR_LL_RESULT_AND_NO_ACTIVE_GIMPS_ASSIGNMENT,2026-08-08T14:01:06+00:00,UNALLOCATED,,,,,
SLCMP585-2156,2156,2156,288608279,2^288608279-1,STRUCTURAL_SCREEN_EXHAUSTED_PRIMALITY_UNASSIGNED,GF3A_DIRECTIONAL_WRITE_EXHAUSTED_PRIMALITY_UNASSIGNED,514,512,512,NO_RECORDED_FACTOR_PRP_OR_LL_RESULT_AND_NO_ACTIVE_GIMPS_ASSIGNMENT,2026-08-08T14:01:06+00:00,UNALLOCATED,,,,,
SLCMP585-2157,2157,2157,288608339,2^288608339-1,STRUCTURAL_SCREEN_EXHAUSTED_PRIMALITY_UNASSIGNED,GF3A_DIRECTIONAL_WRITE_EXHAUSTED_PRIMALITY_UNASSIGNED,514,512,512,NO_RECORDED_FACTOR_PRP_OR_LL_RESULT_AND_NO_ACTIVE_GIMPS_ASSIGNMENT,2026-08-08T14:01:06+00:00,UNALLOCATED,,,,,
SLCMP585-2158,2158,2158,288608407,2^288608407-1,STRUCTURAL_SCREEN_EXHAUSTED_PRIMALITY_UNASSIGNED,GF3A_DIRECTIONAL_WRITE_EXHAUSTED_PRIMALITY_UNASSIGNED,514,512,512,NO_RECORDED_FACTOR_PRP_OR_LL_RESULT_AND_NO_ACTIVE_GIMPS_ASSIGNMENT,2026-08-08T14:01:06+00:00,UNALLOCATED,,,,,
SLCMP585-2159,2159,2159,288608429,2^288608429-1,STRUCTURAL_SCREEN_EXHAUSTED_PRIMALITY_UNASSIGNED,GF3A_DIRECTIONAL_WRITE_EXHAUSTED_PRIMALITY_UNASSIGNED,513,512,512,NO_RECORDED_FACTOR_PRP_OR_LL_RESULT_AND_NO_ACTIVE_GIMPS_ASSIGNMENT,2026-08-08T14:01:06+00:00,UNALLOCATED,,,,,
SLCMP585-2160,2160,2160,288608459,2^288608459-1,STRUCTURAL_SCREEN_EXHAUSTED_PRIMALITY_UNASSIGNED,GF3A_DIRECTIONAL_WRITE_EXHAUSTED_PRIMALITY_UNASSIGNED,514,512,512,NO_RECORDED_FACTOR_PRP_OR_LL_RESULT_AND_NO_ACTIVE_GIMPS_ASSIGNMENT,2026-08-08T14:01:06+00:00,UNALLOCATED,,,,,
SLCMP585-2161,2161,2161,288608519,2^288608519-1,STRUCTURAL_SCREEN_EXHAUSTED_PRIMALITY_UNASSIGNED,GF3A_DIRECTIONAL_WRITE_EXHAUSTED_PRIMALITY_UNASSIGNED,514,512,512,NO_RECORDED_FACTOR_PRP_OR_LL_RESULT_AND_NO_ACTIVE_GIMPS_ASSIGNMENT,2026-08-08T14:01:06+00:00,UNALLOCATED,,,,,
SLCMP585-2162,2162,2162,288608557,2^288608557-1,STRUCTURAL_SCREEN_EXHAUSTED_PRIMALITY_UNASSIGNED,GF3A_DIRECTIONAL_WRITE_EXHAUSTED_PRIMALITY_UNASSIGNED,513,512,512,NO_RECORDED_FACTOR_PRP_OR_LL_RESULT_AND_NO_ACTIVE_GIMPS_ASSIGNMENT,2026-08-08T14:01:06+00:00,UNALLOCATED,,,,,
SLCMP585-2163,2163,2163,288608563,2^288608563-1,STRUCTURAL_SCREEN_EXHAUSTED_PRIMALITY_UNASSIGNED,GF3A_DIRECTIONAL_WRITE_EXHAUSTED_PRIMALITY_UNASSIGNED,514,512,512,NO_RECORDED_FACTOR_PRP_OR_LL_RESULT_AND_NO_ACTIVE_GIMPS_ASSIGNMENT,2026-08-08T14:01:06+00:00,UNALLOCATED,,,,,
SLCMP585-2164,2164,2164,288608603,2^288608603-1,STRUCTURAL_SCREEN_EXHAUSTED_PRIMALITY_UNASSIGNED,GF3A_DIRECTIONAL_WRITE_EXHAUSTED_PRIMALITY_UNASSIGNED,514,512,512,NO_RECORDED_FACTOR_PRP_OR_LL_RESULT_AND_NO_ACTIVE_GIMPS_ASSIGNMENT,2026-08-08T14:01:06+00:00,UNALLOCATED,,,,,
SLCMP585-2165,2165,2165,288608641,2^288608641-1,STRUCTURAL_SCREEN_EXHAUSTED_PRIMALITY_UNASSIGNED,GF3A_DIRECTIONAL_WRITE_EXHAUSTED_PRIMALITY_UNASSIGNED,513,512,512,NO_RECORDED_FACTOR_PRP_OR_LL_RESULT_AND_NO_ACTIVE_GIMPS_ASSIGNMENT,2026-08-08T14:01:06+00:00,UNALLOCATED,,,,,
SLCMP585-2166,2166,2166,288608657,2^288608657-1,STRUCTURAL_SCREEN_EXHAUSTED_PRIMALITY_UNASSIGNED,GF3A_DIRECTIONAL_WRITE_EXHAUSTED_PRIMALITY_UNASSIGNED,513,512,512,NO_RECORDED_FACTOR_PRP_OR_LL_RESULT_AND_NO_ACTIVE_GIMPS_ASSIGNMENT,2026-08-08T14:01:06+00:00,UNALLOCATED,,,,,
SLCMP585-2167,2167,2167,288608699,2^288608699-1,STRUCTURAL_SCREEN_EXHAUSTED_PRIMALITY_UNASSIGNED,GF3A_DIRECTIONAL_WRITE_EXHAUSTED_PRIMALITY_UNASSIGNED,514,512,512,NO_RECORDED_FACTOR_PRP_OR_LL_RESULT_AND_NO_ACTIVE_GIMPS_ASSIGNMENT,2026-08-08T14:01:06+00:00,UNALLOCATED,,,,,
SLCMP585-2168,2168,2168,288608713,2^288608713-1,STRUCTURAL_SCREEN_EXHAUSTED_PRIMALITY_UNASSIGNED,GF3A_DIRECTIONAL_WRITE_EXHAUSTED_PRIMALITY_UNASSIGNED,513,512,512,NO_RECORDED_FACTOR_PRP_OR_LL_RESULT_AND_NO_ACTIVE_GIMPS_ASSIGNMENT,2026-08-08T14:01:06+00:00,UNALLOCATED,,,,,
SLCMP585-2169,2169,2169,288608773,2^288608773-1,STRUCTURAL_SCREEN_EXHAUSTED_PRIMALITY_UNASSIGNED,GF3A_DIRECTIONAL_WRITE_EXHAUSTED_PRIMALITY_UNASSIGNED,513,512,512,NO_RECORDED_FACTOR_PRP_OR_LL_RESULT_AND_NO_ACTIVE_GIMPS_ASSIGNMENT,2026-08-08T14:01:06+00:00,UNALLOCATED,,,,,
SLCMP585-2170,2170,2170,288608857,2^288608857-1,STRUCTURAL_SCREEN_EXHAUSTED_PRIMALITY_UNASSIGNED,GF3A_DIRECTIONAL_WRITE_EXHAUSTED_PRIMALITY_UNASSIGNED,513,512,512,NO_RECORDED_FACTOR_PRP_OR_LL_RESULT_AND_NO_ACTIVE_GIMPS_ASSIGNMENT,2026-08-08T14:01:06+00:00,UNALLOCATED,,,,,
SLCMP585-2171,2171,2171,288608909,2^288608909-1,STRUCTURAL_SCREEN_EXHAUSTED_PRIMALITY_UNASSIGNED,GF3A_DIRECTIONAL_WRITE_EXHAUSTED_PRIMALITY_UNASSIGNED,513,512,512,NO_RECORDED_FACTOR_PRP_OR_LL_RESULT_AND_NO_ACTIVE_GIMPS_ASSIGNMENT,2026-08-08T14:01:06+00:00,UNALLOCATED,,,,,
SLCMP585-2172,2172,2172,288608911,2^288608911-1,STRUCTURAL_SCREEN_EXHAUSTED_PRIMALITY_UNASSIGNED,GF3A_DIRECTIONAL_WRITE_EXHAUSTED_PRIMALITY_UNASSIGNED,514,512,512,NO_RECORDED_FACTOR_PRP_OR_LL_RESULT_AND_NO_ACTIVE_GIMPS_ASSIGNMENT,2026-08-08T14:01:06+00:00,UNALLOCATED,,,,,
SLCMP585-2173,2173,2173,288608921,2^288608921-1,STRUCTURAL_SCREEN_EXHAUSTED_PRIMALITY_UNASSIGNED,GF3A_DIRECTIONAL_WRITE_EXHAUSTED_PRIMALITY_UNASSIGNED,513,512,512,NO_RECORDED_FACTOR_PRP_OR_LL_RESULT_AND_NO_ACTIVE_GIMPS_ASSIGNMENT,2026-08-08T14:01:06+00:00,UNALLOCATED,,,,,
SLCMP585-2174,2174,2174,288608939,2^288608939-1,STRUCTURAL_SCREEN_EXHAUSTED_PRIMALITY_UNASSIGNED,GF3A_DIRECTIONAL_WRITE_EXHAUSTED_PRIMALITY_UNASSIGNED,514,512,512,NO_RECORDED_FACTOR_PRP_OR_LL_RESULT_AND_NO_ACTIVE_GIMPS_ASSIGNMENT,2026-08-08T14:01:06+00:00,UNALLOCATED,,,,,
SLCMP585-2175,2175,2175,288608959,2^288608959-1,STRUCTURAL_SCREEN_EXHAUSTED_PRIMALITY_UNASSIGNED,GF3A_DIRECTIONAL_WRITE_EXHAUSTED_PRIMALITY_UNASSIGNED,514,512,512,NO_RECORDED_FACTOR_PRP_OR_LL_RESULT_AND_NO_ACTIVE_GIMPS_ASSIGNMENT,2026-08-08T14:01:06+00:00,UNALLOCATED,,,,,
SLCMP585-2176,2176,2176,288609007,2^288609007-1,STRUCTURAL_SCREEN_EXHAUSTED_PRIMALITY_UNASSIGNED,GF3A_DIRECTIONAL_WRITE_EXHAUSTED_PRIMALITY_UNASSIGNED,514,512,512,NO_RECORDED_FACTOR_PRP_OR_LL_RESULT_AND_NO_ACTIVE_GIMPS_ASSIGNMENT,2026-08-08T14:01:06+00:00,UNALLOCATED,,,,,
SLCMP585-2177,2177,2177,288609049,2^288609049-1,STRUCTURAL_SCREEN_EXHAUSTED_PRIMALITY_UNASSIGNED,GF3A_DIRECTIONAL_WRITE_EXHAUSTED_PRIMALITY_UNASSIGNED,513,512,512,NO_RECORDED_FACTOR_PRP_OR_LL_RESULT_AND_NO_ACTIVE_GIMPS_ASSIGNMENT,2026-08-08T14:01:06+00:00,UNALLOCATED,,,,,
SLCMP585-2178,2178,2178,288609091,2^288609091-1,STRUCTURAL_SCREEN_EXHAUSTED_PRIMALITY_UNASSIGNED,GF3A_DIRECTIONAL_WRITE_EXHAUSTED_PRIMALITY_UNASSIGNED,514,512,512,NO_RECORDED_FACTOR_PRP_OR_LL_RESULT_AND_NO_ACTIVE_GIMPS_ASSIGNMENT,2026-08-08T14:01:06+00:00,UNALLOCATED,,,,,
SLCMP585-2179,2179,2179,288609109,2^288609109-1,STRUCTURAL_SCREEN_EXHAUSTED_PRIMALITY_UNASSIGNED,GF3A_DIRECTIONAL_WRITE_EXHAUSTED_PRIMALITY_UNASSIGNED,513,512,512,NO_RECORDED_FACTOR_PRP_OR_LL_RESULT_AND_NO_ACTIVE_GIMPS_ASSIGNMENT,2026-08-08T14:01:06+00:00,UNALLOCATED,,,,,
SLCMP585-2180,2180,2180,288609121,2^288609121-1,STRUCTURAL_SCREEN_EXHAUSTED_PRIMALITY_UNASSIGNED,GF3A_DIRECTIONAL_WRITE_EXHAUSTED_PRIMALITY_UNASSIGNED,513,512,512,NO_RECORDED_FACTOR_PRP_OR_LL_RESULT_AND_NO_ACTIVE_GIMPS_ASSIGNMENT,2026-08-08T14:01:06+00:00,UNALLOCATED,,,,,
SLCMP585-2181,2181,2181,288609227,2^288609227-1,STRUCTURAL_SCREEN_EXHAUSTED_PRIMALITY_UNASSIGNED,GF3A_DIRECTIONAL_WRITE_EXHAUSTED_PRIMALITY_UNASSIGNED,514,512,512,NO_RECORDED_FACTOR_PRP_OR_LL_RESULT_AND_NO_ACTIVE_GIMPS_ASSIGNMENT,2026-08-08T14:01:06+00:00,UNALLOCATED,,,,,
SLCMP585-2182,2182,2182,288609257,2^288609257-1,STRUCTURAL_SCREEN_EXHAUSTED_PRIMALITY_UNASSIGNED,GF3A_DIRECTIONAL_WRITE_EXHAUSTED_PRIMALITY_UNASSIGNED,513,512,512,NO_RECORDED_FACTOR_PRP_OR_LL_RESULT_AND_NO_ACTIVE_GIMPS_ASSIGNMENT,2026-08-08T14:01:06+00:00,UNALLOCATED,,,,,
SLCMP585-2183,2183,2183,288609283,2^288609283-1,STRUCTURAL_SCREEN_EXHAUSTED_PRIMALITY_UNASSIGNED,GF3A_DIRECTIONAL_WRITE_EXHAUSTED_PRIMALITY_UNASSIGNED,514,512,512,NO_RECORDED_FACTOR_PRP_OR_LL_RESULT_AND_NO_ACTIVE_GIMPS_ASSIGNMENT,2026-08-08T14:01:06+00:00,UNALLOCATED,,,,,
SLCMP585-2184,2184,2184,288609403,2^288609403-1,STRUCTURAL_SCREEN_EXHAUSTED_PRIMALITY_UNASSIGNED,GF3A_DIRECTIONAL_WRITE_EXHAUSTED_PRIMALITY_UNASSIGNED,514,512,512,NO_RECORDED_FACTOR_PRP_OR_LL_RESULT_AND_NO_ACTIVE_GIMPS_ASSIGNMENT,2026-08-08T14:01:06+00:00,UNALLOCATED,,,,,
SLCMP585-2185,2185,2185,288609443,2^288609443-1,STRUCTURAL_SCREEN_EXHAUSTED_PRIMALITY_UNASSIGNED,GF3A_DIRECTIONAL_WRITE_EXHAUSTED_PRIMALITY_UNASSIGNED,514,512,512,NO_RECORDED_FACTOR_PRP_OR_LL_RESULT_AND_NO_ACTIVE_GIMPS_ASSIGNMENT,2026-08-08T14:01:06+00:00,UNALLOCATED,,,,,
SLCMP585-2186,2186,2186,288609457,2^288609457-1,STRUCTURAL_SCREEN_EXHAUSTED_PRIMALITY_UNASSIGNED,GF3A_DIRECTIONAL_WRITE_EXHAUSTED_PRIMALITY_UNASSIGNED,513,512,512,NO_RECORDED_FACTOR_PRP_OR_LL_RESULT_AND_NO_ACTIVE_GIMPS_ASSIGNMENT,2026-08-08T14:01:06+00:00,UNALLOCATED,,,,,
SLCMP585-2187,2187,2187,288609491,2^288609491-1,STRUCTURAL_SCREEN_EXHAUSTED_PRIMALITY_UNASSIGNED,GF3A_DIRECTIONAL_WRITE_EXHAUSTED_PRIMALITY_UNASSIGNED,514,512,512,NO_RECORDED_FACTOR_PRP_OR_LL_RESULT_AND_NO_ACTIVE_GIMPS_ASSIGNMENT,2026-08-08T14:01:06+00:00,UNALLOCATED,,,,,
SLCMP585-2188,2188,2188,288609547,2^288609547-1,STRUCTURAL_SCREEN_EXHAUSTED_PRIMALITY_UNASSIGNED,GF3A_DIRECTIONAL_WRITE_EXHAUSTED_PRIMALITY_UNASSIGNED,514,512,512,NO_RECORDED_FACTOR_PRP_OR_LL_RESULT_AND_NO_ACTIVE_GIMPS_ASSIGNMENT,2026-08-08T14:01:06+00:00,UNALLOCATED,,,,,
SLCMP585-2189,2189,2189,288609613,2^288609613-1,STRUCTURAL_SCREEN_EXHAUSTED_PRIMALITY_UNASSIGNED,GF3A_DIRECTIONAL_WRITE_EXHAUSTED_PRIMALITY_UNASSIGNED,513,512,512,NO_RECORDED_FACTOR_PRP_OR_LL_RESULT_AND_NO_ACTIVE_GIMPS_ASSIGNMENT,2026-08-08T14:01:06+00:00,UNALLOCATED,,,,,
SLCMP585-2190,2190,2190,288609733,2^288609733-1,STRUCTURAL_SCREEN_EXHAUSTED_PRIMALITY_UNASSIGNED,GF3A_DIRECTIONAL_WRITE_EXHAUSTED_PRIMALITY_UNASSIGNED,513,512,512,NO_RECORDED_FACTOR_PRP_OR_LL_RESULT_AND_NO_ACTIVE_GIMPS_ASSIGNMENT,2026-08-08T14:01:06+00:00,UNALLOCATED,,,,,
SLCMP585-2191,2191,2191,288609767,2^288609767-1,STRUCTURAL_SCREEN_EXHAUSTED_PRIMALITY_UNASSIGNED,GF3A_DIRECTIONAL_WRITE_EXHAUSTED_PRIMALITY_UNASSIGNED,514,512,512,NO_RECORDED_FACTOR_PRP_OR_LL_RESULT_AND_NO_ACTIVE_GIMPS_ASSIGNMENT,2026-08-08T14:01:06+00:00,UNALLOCATED,,,,,
SLCMP585-2192,2192,2192,288609821,2^288609821-1,STRUCTURAL_SCREEN_EXHAUSTED_PRIMALITY_UNASSIGNED,GF3A_DIRECTIONAL_WRITE_EXHAUSTED_PRIMALITY_UNASSIGNED,513,512,512,NO_RECORDED_FACTOR_PRP_OR_LL_RESULT_AND_NO_ACTIVE_GIMPS_ASSIGNMENT,2026-08-08T14:01:06+00:00,UNALLOCATED,,,,,
SLCMP585-2193,2193,2193,288609847,2^288609847-1,STRUCTURAL_SCREEN_EXHAUSTED_PRIMALITY_UNASSIGNED,GF3A_DIRECTIONAL_WRITE_EXHAUSTED_PRIMALITY_UNASSIGNED,514,512,512,NO_RECORDED_FACTOR_PRP_OR_LL_RESULT_AND_NO_ACTIVE_GIMPS_ASSIGNMENT,2026-08-08T14:01:06+00:00,UNALLOCATED,,,,,
SLCMP585-2194,2194,2194,288609863,2^288609863-1,STRUCTURAL_SCREEN_EXHAUSTED_PRIMALITY_UNASSIGNED,GF3A_DIRECTIONAL_WRITE_EXHAUSTED_PRIMALITY_UNASSIGNED,514,512,512,NO_RECORDED_FACTOR_PRP_OR_LL_RESULT_AND_NO_ACTIVE_GIMPS_ASSIGNMENT,2026-08-08T14:01:06+00:00,UNALLOCATED,,,,,
SLCMP585-2195,2195,2195,288609931,2^288609931-1,STRUCTURAL_SCREEN_EXHAUSTED_PRIMALITY_UNASSIGNED,GF3A_DIRECTIONAL_WRITE_EXHAUSTED_PRIMALITY_UNASSIGNED,514,512,512,NO_RECORDED_FACTOR_PRP_OR_LL_RESULT_AND_NO_ACTIVE_GIMPS_ASSIGNMENT,2026-08-08T14:01:06+00:00,UNALLOCATED,,,,,
SLCMP585-2196,2196,2196,288610039,2^288610039-1,STRUCTURAL_SCREEN_EXHAUSTED_PRIMALITY_UNASSIGNED,GF3A_DIRECTIONAL_WRITE_EXHAUSTED_PRIMALITY_UNASSIGNED,514,512,512,NO_RECORDED_FACTOR_PRP_OR_LL_RESULT_AND_NO_ACTIVE_GIMPS_ASSIGNMENT,2026-08-08T14:01:06+00:00,UNALLOCATED,,,,,
SLCMP585-2197,2197,2197,288610043,2^288610043-1,STRUCTURAL_SCREEN_EXHAUSTED_PRIMALITY_UNASSIGNED,GF3A_DIRECTIONAL_WRITE_EXHAUSTED_PRIMALITY_UNASSIGNED,514,512,512,NO_RECORDED_FACTOR_PRP_OR_LL_RESULT_AND_NO_ACTIVE_GIMPS_ASSIGNMENT,2026-08-08T14:01:06+00:00,UNALLOCATED,,,,,
SLCMP585-2198,2198,2198,288610079,2^288610079-1,STRUCTURAL_SCREEN_EXHAUSTED_PRIMALITY_UNASSIGNED,GF3A_DIRECTIONAL_WRITE_EXHAUSTED_PRIMALITY_UNASSIGNED,514,512,512,NO_RECORDED_FACTOR_PRP_OR_LL_RESULT_AND_NO_ACTIVE_GIMPS_ASSIGNMENT,2026-08-08T14:01:06+00:00,UNALLOCATED,,,,,
SLCMP585-2199,2199,2199,288610081,2^288610081-1,STRUCTURAL_SCREEN_EXHAUSTED_PRIMALITY_UNASSIGNED,GF3A_DIRECTIONAL_WRITE_EXHAUSTED_PRIMALITY_UNASSIGNED,513,512,512,NO_RECORDED_FACTOR_PRP_OR_LL_RESULT_AND_NO_ACTIVE_GIMPS_ASSIGNMENT,2026-08-08T14:01:06+00:00,UNALLOCATED,,,,,
SLCMP585-2200,2200,2200,288610159,2^288610159-1,STRUCTURAL_SCREEN_EXHAUSTED_PRIMALITY_UNASSIGNED,GF3A_DIRECTIONAL_WRITE_EXHAUSTED_PRIMALITY_UNASSIGNED,514,512,512,NO_RECORDED_FACTOR_PRP_OR_LL_RESULT_AND_NO_ACTIVE_GIMPS_ASSIGNMENT,2026-08-08T14:01:06+00:00,UNALLOCATED,,,,,
SLCMP585-2201,2201,2201,288610307,2^288610307-1,STRUCTURAL_SCREEN_EXHAUSTED_PRIMALITY_UNASSIGNED,GF3A_DIRECTIONAL_WRITE_EXHAUSTED_PRIMALITY_UNASSIGNED,514,512,512,NO_RECORDED_FACTOR_PRP_OR_LL_RESULT_AND_NO_ACTIVE_GIMPS_ASSIGNMENT,2026-08-08T14:01:06+00:00,UNALLOCATED,,,,,
SLCMP585-2202,2202,2202,288610451,2^288610451-1,STRUCTURAL_SCREEN_EXHAUSTED_PRIMALITY_UNASSIGNED,GF3A_DIRECTIONAL_WRITE_EXHAUSTED_PRIMALITY_UNASSIGNED,514,512,512,NO_RECORDED_FACTOR_PRP_OR_LL_RESULT_AND_NO_ACTIVE_GIMPS_ASSIGNMENT,2026-08-08T14:01:06+00:00,UNALLOCATED,,,,,
SLCMP585-2203,2203,2203,288610489,2^288610489-1,STRUCTURAL_SCREEN_EXHAUSTED_PRIMALITY_UNASSIGNED,GF3A_DIRECTIONAL_WRITE_EXHAUSTED_PRIMALITY_UNASSIGNED,513,512,512,NO_RECORDED_FACTOR_PRP_OR_LL_RESULT_AND_NO_ACTIVE_GIMPS_ASSIGNMENT,2026-08-08T14:01:06+00:00,UNALLOCATED,,,,,
SLCMP585-2204,2204,2204,288610549,2^288610549-1,STRUCTURAL_SCREEN_EXHAUSTED_PRIMALITY_UNASSIGNED,GF3A_DIRECTIONAL_WRITE_EXHAUSTED_PRIMALITY_UNASSIGNED,513,512,512,NO_RECORDED_FACTOR_PRP_OR_LL_RESULT_AND_NO_ACTIVE_GIMPS_ASSIGNMENT,2026-08-08T14:01:06+00:00,UNALLOCATED,,,,,
SLCMP585-2205,2205,2205,288610579,2^288610579-1,STRUCTURAL_SCREEN_EXHAUSTED_PRIMALITY_UNASSIGNED,GF3A_DIRECTIONAL_WRITE_EXHAUSTED_PRIMALITY_UNASSIGNED,514,512,512,NO_RECORDED_FACTOR_PRP_OR_LL_RESULT_AND_NO_ACTIVE_GIMPS_ASSIGNMENT,2026-08-08T14:01:06+00:00,UNALLOCATED,,,,,
SLCMP585-2206,2206,2206,288610633,2^288610633-1,STRUCTURAL_SCREEN_EXHAUSTED_PRIMALITY_UNASSIGNED,GF3A_DIRECTIONAL_WRITE_EXHAUSTED_PRIMALITY_UNASSIGNED,513,512,512,NO_RECORDED_FACTOR_PRP_OR_LL_RESULT_AND_NO_ACTIVE_GIMPS_ASSIGNMENT,2026-08-08T14:01:06+00:00,UNALLOCATED,,,,,
SLCMP585-2207,2207,2207,288610643,2^288610643-1,STRUCTURAL_SCREEN_EXHAUSTED_PRIMALITY_UNASSIGNED,GF3A_DIRECTIONAL_WRITE_EXHAUSTED_PRIMALITY_UNASSIGNED,514,512,512,NO_RECORDED_FACTOR_PRP_OR_LL_RESULT_AND_NO_ACTIVE_GIMPS_ASSIGNMENT,2026-08-08T14:01:06+00:00,UNALLOCATED,,,,,
SLCMP585-2208,2208,2208,288610667,2^288610667-1,STRUCTURAL_SCREEN_EXHAUSTED_PRIMALITY_UNASSIGNED,GF3A_DIRECTIONAL_WRITE_EXHAUSTED_PRIMALITY_UNASSIGNED,514,512,512,NO_RECORDED_FACTOR_PRP_OR_LL_RESULT_AND_NO_ACTIVE_GIMPS_ASSIGNMENT,2026-08-08T14:01:06+00:00,UNALLOCATED,,,,,
SLCMP585-2209,2209,2209,288610733,2^288610733-1,STRUCTURAL_SCREEN_EXHAUSTED_PRIMALITY_UNASSIGNED,GF3A_DIRECTIONAL_WRITE_EXHAUSTED_PRIMALITY_UNASSIGNED,513,512,512,NO_RECORDED_FACTOR_PRP_OR_LL_RESULT_AND_NO_ACTIVE_GIMPS_ASSIGNMENT,2026-08-08T14:01:06+00:00,UNALLOCATED,,,,,
SLCMP585-2210,2210,2210,288610757,2^288610757-1,STRUCTURAL_SCREEN_EXHAUSTED_PRIMALITY_UNASSIGNED,GF3A_DIRECTIONAL_WRITE_EXHAUSTED_PRIMALITY_UNASSIGNED,513,512,512,NO_RECORDED_FACTOR_PRP_OR_LL_RESULT_AND_NO_ACTIVE_GIMPS_ASSIGNMENT,2026-08-08T14:01:06+00:00,UNALLOCATED,,,,,
SLCMP585-2211,2211,2211,288610769,2^288610769-1,STRUCTURAL_SCREEN_EXHAUSTED_PRIMALITY_UNASSIGNED,GF3A_DIRECTIONAL_WRITE_EXHAUSTED_PRIMALITY_UNASSIGNED,513,512,512,NO_RECORDED_FACTOR_PRP_OR_LL_RESULT_AND_NO_ACTIVE_GIMPS_ASSIGNMENT,2026-08-08T14:01:06+00:00,UNALLOCATED,,,,,
SLCMP585-2212,2212,2212,288610787,2^288610787-1,STRUCTURAL_SCREEN_EXHAUSTED_PRIMALITY_UNASSIGNED,GF3A_DIRECTIONAL_WRITE_EXHAUSTED_PRIMALITY_UNASSIGNED,514,512,512,NO_RECORDED_FACTOR_PRP_OR_LL_RESULT_AND_NO_ACTIVE_GIMPS_ASSIGNMENT,2026-08-08T14:01:06+00:00,UNALLOCATED,,,,,
SLCMP585-2213,2213,2213,288610807,2^288610807-1,STRUCTURAL_SCREEN_EXHAUSTED_PRIMALITY_UNASSIGNED,GF3A_DIRECTIONAL_WRITE_EXHAUSTED_PRIMALITY_UNASSIGNED,514,512,512,NO_RECORDED_FACTOR_PRP_OR_LL_RESULT_AND_NO_ACTIVE_GIMPS_ASSIGNMENT,2026-08-08T14:01:06+00:00,UNALLOCATED,,,,,
SLCMP585-2214,2214,2214,288610951,2^288610951-1,STRUCTURAL_SCREEN_EXHAUSTED_PRIMALITY_UNASSIGNED,GF3A_DIRECTIONAL_WRITE_EXHAUSTED_PRIMALITY_UNASSIGNED,514,512,512,NO_RECORDED_FACTOR_PRP_OR_LL_RESULT_AND_NO_ACTIVE_GIMPS_ASSIGNMENT,2026-08-08T14:01:06+00:00,UNALLOCATED,,,,,
SLCMP585-2215,2215,2215,288610957,2^288610957-1,STRUCTURAL_SCREEN_EXHAUSTED_PRIMALITY_UNASSIGNED,GF3A_DIRECTIONAL_WRITE_EXHAUSTED_PRIMALITY_UNASSIGNED,513,512,512,NO_RECORDED_FACTOR_PRP_OR_LL_RESULT_AND_NO_ACTIVE_GIMPS_ASSIGNMENT,2026-08-08T14:01:06+00:00,UNALLOCATED,,,,,
SLCMP585-2216,2216,2216,288611039,2^288611039-1,STRUCTURAL_SCREEN_EXHAUSTED_PRIMALITY_UNASSIGNED,GF3A_DIRECTIONAL_WRITE_EXHAUSTED_PRIMALITY_UNASSIGNED,514,512,512,NO_RECORDED_FACTOR_PRP_OR_LL_RESULT_AND_NO_ACTIVE_GIMPS_ASSIGNMENT,2026-08-08T14:01:06+00:00,UNALLOCATED,,,,,
SLCMP585-2217,2217,2217,288611117,2^288611117-1,STRUCTURAL_SCREEN_EXHAUSTED_PRIMALITY_UNASSIGNED,GF3A_DIRECTIONAL_WRITE_EXHAUSTED_PRIMALITY_UNASSIGNED,513,512,512,NO_RECORDED_FACTOR_PRP_OR_LL_RESULT_AND_NO_ACTIVE_GIMPS_ASSIGNMENT,2026-08-08T14:01:06+00:00,UNALLOCATED,,,,,
SLCMP585-2218,2218,2218,288611189,2^288611189-1,STRUCTURAL_SCREEN_EXHAUSTED_PRIMALITY_UNASSIGNED,GF3A_DIRECTIONAL_WRITE_EXHAUSTED_PRIMALITY_UNASSIGNED,513,512,512,NO_RECORDED_FACTOR_PRP_OR_LL_RESULT_AND_NO_ACTIVE_GIMPS_ASSIGNMENT,2026-08-08T14:01:06+00:00,UNALLOCATED,,,,,
SLCMP585-2219,2219,2219,288611233,2^288611233-1,STRUCTURAL_SCREEN_EXHAUSTED_PRIMALITY_UNASSIGNED,GF3A_DIRECTIONAL_WRITE_EXHAUSTED_PRIMALITY_UNASSIGNED,513,512,512,NO_RECORDED_FACTOR_PRP_OR_LL_RESULT_AND_NO_ACTIVE_GIMPS_ASSIGNMENT,2026-08-08T14:01:06+00:00,UNALLOCATED,,,,,
SLCMP585-2220,2220,2220,288611251,2^288611251-1,STRUCTURAL_SCREEN_EXHAUSTED_PRIMALITY_UNASSIGNED,GF3A_DIRECTIONAL_WRITE_EXHAUSTED_PRIMALITY_UNASSIGNED,514,512,512,NO_RECORDED_FACTOR_PRP_OR_LL_RESULT_AND_NO_ACTIVE_GIMPS_ASSIGNMENT,2026-08-08T14:01:06+00:00,UNALLOCATED,,,,,
SLCMP585-2221,2221,2221,288611293,2^288611293-1,STRUCTURAL_SCREEN_EXHAUSTED_PRIMALITY_UNASSIGNED,GF3A_DIRECTIONAL_WRITE_EXHAUSTED_PRIMALITY_UNASSIGNED,513,512,512,NO_RECORDED_FACTOR_PRP_OR_LL_RESULT_AND_NO_ACTIVE_GIMPS_ASSIGNMENT,2026-08-08T14:01:06+00:00,UNALLOCATED,,,,,
SLCMP585-2222,2222,2222,288611327,2^288611327-1,STRUCTURAL_SCREEN_EXHAUSTED_PRIMALITY_UNASSIGNED,GF3A_DIRECTIONAL_WRITE_EXHAUSTED_PRIMALITY_UNASSIGNED,514,512,512,NO_RECORDED_FACTOR_PRP_OR_LL_RESULT_AND_NO_ACTIVE_GIMPS_ASSIGNMENT,2026-08-08T14:01:06+00:00,UNALLOCATED,,,,,
SLCMP585-2223,2223,2223,288611551,2^288611551-1,STRUCTURAL_SCREEN_EXHAUSTED_PRIMALITY_UNASSIGNED,GF3A_DIRECTIONAL_WRITE_EXHAUSTED_PRIMALITY_UNASSIGNED,514,512,512,NO_RECORDED_FACTOR_PRP_OR_LL_RESULT_AND_NO_ACTIVE_GIMPS_ASSIGNMENT,2026-08-08T14:01:06+00:00,UNALLOCATED,,,,,
SLCMP585-2224,2224,2224,288611611,2^288611611-1,STRUCTURAL_SCREEN_EXHAUSTED_PRIMALITY_UNASSIGNED,GF3A_DIRECTIONAL_WRITE_EXHAUSTED_PRIMALITY_UNASSIGNED,514,512,512,NO_RECORDED_FACTOR_PRP_OR_LL_RESULT_AND_NO_ACTIVE_GIMPS_ASSIGNMENT,2026-08-08T14:01:06+00:00,UNALLOCATED,,,,,
SLCMP585-2225,2225,2225,288611717,2^288611717-1,STRUCTURAL_SCREEN_EXHAUSTED_PRIMALITY_UNASSIGNED,GF3A_DIRECTIONAL_WRITE_EXHAUSTED_PRIMALITY_UNASSIGNED,513,512,512,NO_RECORDED_FACTOR_PRP_OR_LL_RESULT_AND_NO_ACTIVE_GIMPS_ASSIGNMENT,2026-08-08T14:01:06+00:00,UNALLOCATED,,,,,
SLCMP585-2226,2226,2226,288611747,2^288611747-1,STRUCTURAL_SCREEN_EXHAUSTED_PRIMALITY_UNASSIGNED,GF3A_DIRECTIONAL_WRITE_EXHAUSTED_PRIMALITY_UNASSIGNED,514,512,512,NO_RECORDED_FACTOR_PRP_OR_LL_RESULT_AND_NO_ACTIVE_GIMPS_ASSIGNMENT,2026-08-08T14:01:06+00:00,UNALLOCATED,,,,,
SLCMP585-2227,2227,2227,288611773,2^288611773-1,STRUCTURAL_SCREEN_EXHAUSTED_PRIMALITY_UNASSIGNED,GF3A_DIRECTIONAL_WRITE_EXHAUSTED_PRIMALITY_UNASSIGNED,513,512,512,NO_RECORDED_FACTOR_PRP_OR_LL_RESULT_AND_NO_ACTIVE_GIMPS_ASSIGNMENT,2026-08-08T14:01:06+00:00,UNALLOCATED,,,,,
SLCMP585-2228,2228,2228,288611861,2^288611861-1,STRUCTURAL_SCREEN_EXHAUSTED_PRIMALITY_UNASSIGNED,GF3A_DIRECTIONAL_WRITE_EXHAUSTED_PRIMALITY_UNASSIGNED,513,512,512,NO_RECORDED_FACTOR_PRP_OR_LL_RESULT_AND_NO_ACTIVE_GIMPS_ASSIGNMENT,2026-08-08T14:01:06+00:00,UNALLOCATED,,,,,
SLCMP585-2229,2229,2229,288611867,2^288611867-1,STRUCTURAL_SCREEN_EXHAUSTED_PRIMALITY_UNASSIGNED,GF3A_DIRECTIONAL_WRITE_EXHAUSTED_PRIMALITY_UNASSIGNED,514,512,512,NO_RECORDED_FACTOR_PRP_OR_LL_RESULT_AND_NO_ACTIVE_GIMPS_ASSIGNMENT,2026-08-08T14:01:06+00:00,UNALLOCATED,,,,,
SLCMP585-2230,2230,2230,288611963,2^288611963-1,STRUCTURAL_SCREEN_EXHAUSTED_PRIMALITY_UNASSIGNED,GF3A_DIRECTIONAL_WRITE_EXHAUSTED_PRIMALITY_UNASSIGNED,514,512,512,NO_RECORDED_FACTOR_PRP_OR_LL_RESULT_AND_NO_ACTIVE_GIMPS_ASSIGNMENT,2026-08-08T14:01:06+00:00,UNALLOCATED,,,,,
SLCMP585-2231,2231,2231,288611989,2^288611989-1,STRUCTURAL_SCREEN_EXHAUSTED_PRIMALITY_UNASSIGNED,GF3A_DIRECTIONAL_WRITE_EXHAUSTED_PRIMALITY_UNASSIGNED,513,512,512,NO_RECORDED_FACTOR_PRP_OR_LL_RESULT_AND_NO_ACTIVE_GIMPS_ASSIGNMENT,2026-08-08T14:01:06+00:00,UNALLOCATED,,,,,
SLCMP585-2232,2232,2232,288612017,2^288612017-1,STRUCTURAL_SCREEN_EXHAUSTED_PRIMALITY_UNASSIGNED,GF3A_DIRECTIONAL_WRITE_EXHAUSTED_PRIMALITY_UNASSIGNED,513,512,512,NO_RECORDED_FACTOR_PRP_OR_LL_RESULT_AND_NO_ACTIVE_GIMPS_ASSIGNMENT,2026-08-08T14:01:06+00:00,UNALLOCATED,,,,,
SLCMP585-2233,2233,2233,288612127,2^288612127-1,STRUCTURAL_SCREEN_EXHAUSTED_PRIMALITY_UNASSIGNED,GF3A_DIRECTIONAL_WRITE_EXHAUSTED_PRIMALITY_UNASSIGNED,514,512,512,NO_RECORDED_FACTOR_PRP_OR_LL_RESULT_AND_NO_ACTIVE_GIMPS_ASSIGNMENT,2026-08-08T14:01:06+00:00,UNALLOCATED,,,,,
SLCMP585-2234,2234,2234,288612157,2^288612157-1,STRUCTURAL_SCREEN_EXHAUSTED_PRIMALITY_UNASSIGNED,GF3A_DIRECTIONAL_WRITE_EXHAUSTED_PRIMALITY_UNASSIGNED,513,512,512,NO_RECORDED_FACTOR_PRP_OR_LL_RESULT_AND_NO_ACTIVE_GIMPS_ASSIGNMENT,2026-08-08T14:01:06+00:00,UNALLOCATED,,,,,
SLCMP585-2235,2235,2235,288612169,2^288612169-1,STRUCTURAL_SCREEN_EXHAUSTED_PRIMALITY_UNASSIGNED,GF3A_DIRECTIONAL_WRITE_EXHAUSTED_PRIMALITY_UNASSIGNED,513,512,512,NO_RECORDED_FACTOR_PRP_OR_LL_RESULT_AND_NO_ACTIVE_GIMPS_ASSIGNMENT,2026-08-08T14:01:06+00:00,UNALLOCATED,,,,,
SLCMP585-2236,2236,2236,288612217,2^288612217-1,STRUCTURAL_SCREEN_EXHAUSTED_PRIMALITY_UNASSIGNED,GF3A_DIRECTIONAL_WRITE_EXHAUSTED_PRIMALITY_UNASSIGNED,513,512,512,NO_RECORDED_FACTOR_PRP_OR_LL_RESULT_AND_NO_ACTIVE_GIMPS_ASSIGNMENT,2026-08-08T14:01:06+00:00,UNALLOCATED,,,,,
SLCMP585-2237,2237,2237,288612221,2^288612221-1,STRUCTURAL_SCREEN_EXHAUSTED_PRIMALITY_UNASSIGNED,GF3A_DIRECTIONAL_WRITE_EXHAUSTED_PRIMALITY_UNASSIGNED,513,512,512,NO_RECORDED_FACTOR_PRP_OR_LL_RESULT_AND_NO_ACTIVE_GIMPS_ASSIGNMENT,2026-08-08T14:01:06+00:00,UNALLOCATED,,,,,
SLCMP585-2238,2238,2238,288612241,2^288612241-1,STRUCTURAL_SCREEN_EXHAUSTED_PRIMALITY_UNASSIGNED,GF3A_DIRECTIONAL_WRITE_EXHAUSTED_PRIMALITY_UNASSIGNED,513,512,512,NO_RECORDED_FACTOR_PRP_OR_LL_RESULT_AND_NO_ACTIVE_GIMPS_ASSIGNMENT,2026-08-08T14:01:06+00:00,UNALLOCATED,,,,,
SLCMP585-2239,2239,2239,288612353,2^288612353-1,STRUCTURAL_SCREEN_EXHAUSTED_PRIMALITY_UNASSIGNED,GF3A_DIRECTIONAL_WRITE_EXHAUSTED_PRIMALITY_UNASSIGNED,513,512,512,NO_RECORDED_FACTOR_PRP_OR_LL_RESULT_AND_NO_ACTIVE_GIMPS_ASSIGNMENT,2026-08-08T14:01:06+00:00,UNALLOCATED,,,,,
SLCMP585-2240,2240,2240,288612371,2^288612371-1,STRUCTURAL_SCREEN_EXHAUSTED_PRIMALITY_UNASSIGNED,GF3A_DIRECTIONAL_WRITE_EXHAUSTED_PRIMALITY_UNASSIGNED,514,512,512,NO_RECORDED_FACTOR_PRP_OR_LL_RESULT_AND_NO_ACTIVE_GIMPS_ASSIGNMENT,2026-08-08T14:01:06+00:00,UNALLOCATED,,,,,
SLCMP585-2241,2241,2241,288612391,2^288612391-1,STRUCTURAL_SCREEN_EXHAUSTED_PRIMALITY_UNASSIGNED,GF3A_DIRECTIONAL_WRITE_EXHAUSTED_PRIMALITY_UNASSIGNED,514,512,512,NO_RECORDED_FACTOR_PRP_OR_LL_RESULT_AND_NO_ACTIVE_GIMPS_ASSIGNMENT,2026-08-08T14:01:06+00:00,UNALLOCATED,,,,,
SLCMP585-2242,2242,2242,288612503,2^288612503-1,STRUCTURAL_SCREEN_EXHAUSTED_PRIMALITY_UNASSIGNED,GF3A_DIRECTIONAL_WRITE_EXHAUSTED_PRIMALITY_UNASSIGNED,514,512,512,NO_RECORDED_FACTOR_PRP_OR_LL_RESULT_AND_NO_ACTIVE_GIMPS_ASSIGNMENT,2026-08-08T14:01:06+00:00,UNALLOCATED,,,,,
SLCMP585-2243,2243,2243,288612607,2^288612607-1,STRUCTURAL_SCREEN_EXHAUSTED_PRIMALITY_UNASSIGNED,GF3A_DIRECTIONAL_WRITE_EXHAUSTED_PRIMALITY_UNASSIGNED,514,512,512,NO_RECORDED_FACTOR_PRP_OR_LL_RESULT_AND_NO_ACTIVE_GIMPS_ASSIGNMENT,2026-08-08T14:01:06+00:00,UNALLOCATED,,,,,
SLCMP585-2244,2244,2244,288612637,2^288612637-1,STRUCTURAL_SCREEN_EXHAUSTED_PRIMALITY_UNASSIGNED,GF3A_DIRECTIONAL_WRITE_EXHAUSTED_PRIMALITY_UNASSIGNED,513,512,512,NO_RECORDED_FACTOR_PRP_OR_LL_RESULT_AND_NO_ACTIVE_GIMPS_ASSIGNMENT,2026-08-08T14:01:06+00:00,UNALLOCATED,,,,,
SLCMP585-2245,2245,2245,288612659,2^288612659-1,STRUCTURAL_SCREEN_EXHAUSTED_PRIMALITY_UNASSIGNED,GF3A_DIRECTIONAL_WRITE_EXHAUSTED_PRIMALITY_UNASSIGNED,514,512,512,NO_RECORDED_FACTOR_PRP_OR_LL_RESULT_AND_NO_ACTIVE_GIMPS_ASSIGNMENT,2026-08-08T14:01:06+00:00,UNALLOCATED,,,,,
SLCMP585-2246,2246,2246,288612677,2^288612677-1,STRUCTURAL_SCREEN_EXHAUSTED_PRIMALITY_UNASSIGNED,GF3A_DIRECTIONAL_WRITE_EXHAUSTED_PRIMALITY_UNASSIGNED,513,512,512,NO_RECORDED_FACTOR_PRP_OR_LL_RESULT_AND_NO_ACTIVE_GIMPS_ASSIGNMENT,2026-08-08T14:01:06+00:00,UNALLOCATED,,,,,
SLCMP585-2247,2247,2247,288612713,2^288612713-1,STRUCTURAL_SCREEN_EXHAUSTED_PRIMALITY_UNASSIGNED,GF3A_DIRECTIONAL_WRITE_EXHAUSTED_PRIMALITY_UNASSIGNED,513,512,512,NO_RECORDED_FACTOR_PRP_OR_LL_RESULT_AND_NO_ACTIVE_GIMPS_ASSIGNMENT,2026-08-08T14:01:06+00:00,UNALLOCATED,,,,,
SLCMP585-2248,2248,2248,288612749,2^288612749-1,STRUCTURAL_SCREEN_EXHAUSTED_PRIMALITY_UNASSIGNED,GF3A_DIRECTIONAL_WRITE_EXHAUSTED_PRIMALITY_UNASSIGNED,513,512,512,NO_RECORDED_FACTOR_PRP_OR_LL_RESULT_AND_NO_ACTIVE_GIMPS_ASSIGNMENT,2026-08-08T14:01:06+00:00,UNALLOCATED,,,,,
SLCMP585-2249,2249,2249,288613001,2^288613001-1,STRUCTURAL_SCREEN_EXHAUSTED_PRIMALITY_UNASSIGNED,GF3A_DIRECTIONAL_WRITE_EXHAUSTED_PRIMALITY_UNASSIGNED,513,512,512,NO_RECORDED_FACTOR_PRP_OR_LL_RESULT_AND_NO_ACTIVE_GIMPS_ASSIGNMENT,2026-08-08T14:01:06+00:00,UNALLOCATED,,,,,
SLCMP585-2250,2250,2250,288613081,2^288613081-1,STRUCTURAL_SCREEN_EXHAUSTED_PRIMALITY_UNASSIGNED,GF3A_DIRECTIONAL_WRITE_EXHAUSTED_PRIMALITY_UNASSIGNED,513,512,512,NO_RECORDED_FACTOR_PRP_OR_LL_RESULT_AND_NO_ACTIVE_GIMPS_ASSIGNMENT,2026-08-08T14:01:06+00:00,UNALLOCATED,,,,,
SLCMP585-2251,2251,2251,288613109,2^288613109-1,STRUCTURAL_SCREEN_EXHAUSTED_PRIMALITY_UNASSIGNED,GF3A_DIRECTIONAL_WRITE_EXHAUSTED_PRIMALITY_UNASSIGNED,513,512,512,NO_RECORDED_FACTOR_PRP_OR_LL_RESULT_AND_NO_ACTIVE_GIMPS_ASSIGNMENT,2026-08-08T14:01:06+00:00,UNALLOCATED,,,,,
SLCMP585-2252,2252,2252,288613141,2^288613141-1,STRUCTURAL_SCREEN_EXHAUSTED_PRIMALITY_UNASSIGNED,GF3A_DIRECTIONAL_WRITE_EXHAUSTED_PRIMALITY_UNASSIGNED,513,512,512,NO_RECORDED_FACTOR_PRP_OR_LL_RESULT_AND_NO_ACTIVE_GIMPS_ASSIGNMENT,2026-08-08T14:01:06+00:00,UNALLOCATED,,,,,
SLCMP585-2253,2253,2253,288613147,2^288613147-1,STRUCTURAL_SCREEN_EXHAUSTED_PRIMALITY_UNASSIGNED,GF3A_DIRECTIONAL_WRITE_EXHAUSTED_PRIMALITY_UNASSIGNED,514,512,512,NO_RECORDED_FACTOR_PRP_OR_LL_RESULT_AND_NO_ACTIVE_GIMPS_ASSIGNMENT,2026-08-08T14:01:06+00:00,UNALLOCATED,,,,,
SLCMP585-2254,2254,2254,288613181,2^288613181-1,STRUCTURAL_SCREEN_EXHAUSTED_PRIMALITY_UNASSIGNED,GF3A_DIRECTIONAL_WRITE_EXHAUSTED_PRIMALITY_UNASSIGNED,513,512,512,NO_RECORDED_FACTOR_PRP_OR_LL_RESULT_AND_NO_ACTIVE_GIMPS_ASSIGNMENT,2026-08-08T14:01:06+00:00,UNALLOCATED,,,,,
SLCMP585-2255,2255,2255,288613183,2^288613183-1,STRUCTURAL_SCREEN_EXHAUSTED_PRIMALITY_UNASSIGNED,GF3A_DIRECTIONAL_WRITE_EXHAUSTED_PRIMALITY_UNASSIGNED,514,512,512,NO_RECORDED_FACTOR_PRP_OR_LL_RESULT_AND_NO_ACTIVE_GIMPS_ASSIGNMENT,2026-08-08T14:01:06+00:00,UNALLOCATED,,,,,
SLCMP585-2256,2256,2256,288613189,2^288613189-1,STRUCTURAL_SCREEN_EXHAUSTED_PRIMALITY_UNASSIGNED,GF3A_DIRECTIONAL_WRITE_EXHAUSTED_PRIMALITY_UNASSIGNED,513,512,512,NO_RECORDED_FACTOR_PRP_OR_LL_RESULT_AND_NO_ACTIVE_GIMPS_ASSIGNMENT,2026-08-08T14:01:06+00:00,UNALLOCATED,,,,,
SLCMP585-2257,2257,2257,288613207,2^288613207-1,STRUCTURAL_SCREEN_EXHAUSTED_PRIMALITY_UNASSIGNED,GF3A_DIRECTIONAL_WRITE_EXHAUSTED_PRIMALITY_UNASSIGNED,514,512,512,NO_RECORDED_FACTOR_PRP_OR_LL_RESULT_AND_NO_ACTIVE_GIMPS_ASSIGNMENT,2026-08-08T14:01:06+00:00,UNALLOCATED,,,,,
SLCMP585-2258,2258,2258,288613279,2^288613279-1,STRUCTURAL_SCREEN_EXHAUSTED_PRIMALITY_UNASSIGNED,GF3A_DIRECTIONAL_WRITE_EXHAUSTED_PRIMALITY_UNASSIGNED,514,512,512,NO_RECORDED_FACTOR_PRP_OR_LL_RESULT_AND_NO_ACTIVE_GIMPS_ASSIGNMENT,2026-08-08T14:01:06+00:00,UNALLOCATED,,,,,
SLCMP585-2259,2259,2259,288613289,2^288613289-1,STRUCTURAL_SCREEN_EXHAUSTED_PRIMALITY_UNASSIGNED,GF3A_DIRECTIONAL_WRITE_EXHAUSTED_PRIMALITY_UNASSIGNED,513,512,512,NO_RECORDED_FACTOR_PRP_OR_LL_RESULT_AND_NO_ACTIVE_GIMPS_ASSIGNMENT,2026-08-08T14:01:06+00:00,UNALLOCATED,,,,,
SLCMP585-2260,2260,2260,288613337,2^288613337-1,STRUCTURAL_SCREEN_EXHAUSTED_PRIMALITY_UNASSIGNED,GF3A_DIRECTIONAL_WRITE_EXHAUSTED_PRIMALITY_UNASSIGNED,513,512,512,NO_RECORDED_FACTOR_PRP_OR_LL_RESULT_AND_NO_ACTIVE_GIMPS_ASSIGNMENT,2026-08-08T14:01:06+00:00,UNALLOCATED,,,,,
SLCMP585-2261,2261,2261,288613393,2^288613393-1,STRUCTURAL_SCREEN_EXHAUSTED_PRIMALITY_UNASSIGNED,GF3A_DIRECTIONAL_WRITE_EXHAUSTED_PRIMALITY_UNASSIGNED,513,512,512,NO_RECORDED_FACTOR_PRP_OR_LL_RESULT_AND_NO_ACTIVE_GIMPS_ASSIGNMENT,2026-08-08T14:01:06+00:00,UNALLOCATED,,,,,
SLCMP585-2262,2262,2262,288613489,2^288613489-1,STRUCTURAL_SCREEN_EXHAUSTED_PRIMALITY_UNASSIGNED,GF3A_DIRECTIONAL_WRITE_EXHAUSTED_PRIMALITY_UNASSIGNED,513,512,512,NO_RECORDED_FACTOR_PRP_OR_LL_RESULT_AND_NO_ACTIVE_GIMPS_ASSIGNMENT,2026-08-08T14:01:06+00:00,UNALLOCATED,,,,,
SLCMP585-2263,2263,2263,288613529,2^288613529-1,STRUCTURAL_SCREEN_EXHAUSTED_PRIMALITY_UNASSIGNED,GF3A_DIRECTIONAL_WRITE_EXHAUSTED_PRIMALITY_UNASSIGNED,513,512,512,NO_RECORDED_FACTOR_PRP_OR_LL_RESULT_AND_NO_ACTIVE_GIMPS_ASSIGNMENT,2026-08-08T14:01:06+00:00,UNALLOCATED,,,,,
SLCMP585-2264,2264,2264,288613583,2^288613583-1,STRUCTURAL_SCREEN_EXHAUSTED_PRIMALITY_UNASSIGNED,GF3A_DIRECTIONAL_WRITE_EXHAUSTED_PRIMALITY_UNASSIGNED,514,512,512,NO_RECORDED_FACTOR_PRP_OR_LL_RESULT_AND_NO_ACTIVE_GIMPS_ASSIGNMENT,2026-08-08T14:01:06+00:00,UNALLOCATED,,,,,
SLCMP585-2265,2265,2265,288613609,2^288613609-1,STRUCTURAL_SCREEN_EXHAUSTED_PRIMALITY_UNASSIGNED,GF3A_DIRECTIONAL_WRITE_EXHAUSTED_PRIMALITY_UNASSIGNED,513,512,512,NO_RECORDED_FACTOR_PRP_OR_LL_RESULT_AND_NO_ACTIVE_GIMPS_ASSIGNMENT,2026-08-08T14:01:06+00:00,UNALLOCATED,,,,,
SLCMP585-2266,2266,2266,288613643,2^288613643-1,STRUCTURAL_SCREEN_EXHAUSTED_PRIMALITY_UNASSIGNED,GF3A_DIRECTIONAL_WRITE_EXHAUSTED_PRIMALITY_UNASSIGNED,514,512,512,NO_RECORDED_FACTOR_PRP_OR_LL_RESULT_AND_NO_ACTIVE_GIMPS_ASSIGNMENT,2026-08-08T14:01:06+00:00,UNALLOCATED,,,,,
SLCMP585-2267,2267,2267,288613697,2^288613697-1,STRUCTURAL_SCREEN_EXHAUSTED_PRIMALITY_UNASSIGNED,GF3A_DIRECTIONAL_WRITE_EXHAUSTED_PRIMALITY_UNASSIGNED,513,512,512,NO_RECORDED_FACTOR_PRP_OR_LL_RESULT_AND_NO_ACTIVE_GIMPS_ASSIGNMENT,2026-08-08T14:01:06+00:00,UNALLOCATED,,,,,
SLCMP585-2268,2268,2268,288613757,2^288613757-1,STRUCTURAL_SCREEN_EXHAUSTED_PRIMALITY_UNASSIGNED,GF3A_DIRECTIONAL_WRITE_EXHAUSTED_PRIMALITY_UNASSIGNED,513,512,512,NO_RECORDED_FACTOR_PRP_OR_LL_RESULT_AND_NO_ACTIVE_GIMPS_ASSIGNMENT,2026-08-08T14:01:06+00:00,UNALLOCATED,,,,,
SLCMP585-2269,2269,2269,288613837,2^288613837-1,STRUCTURAL_SCREEN_EXHAUSTED_PRIMALITY_UNASSIGNED,GF3A_DIRECTIONAL_WRITE_EXHAUSTED_PRIMALITY_UNASSIGNED,513,512,512,NO_RECORDED_FACTOR_PRP_OR_LL_RESULT_AND_NO_ACTIVE_GIMPS_ASSIGNMENT,2026-08-08T14:01:06+00:00,UNALLOCATED,,,,,
SLCMP585-2270,2270,2270,288613847,2^288613847-1,STRUCTURAL_SCREEN_EXHAUSTED_PRIMALITY_UNASSIGNED,GF3A_DIRECTIONAL_WRITE_EXHAUSTED_PRIMALITY_UNASSIGNED,514,512,512,NO_RECORDED_FACTOR_PRP_OR_LL_RESULT_AND_NO_ACTIVE_GIMPS_ASSIGNMENT,2026-08-08T14:01:06+00:00,UNALLOCATED,,,,,
SLCMP585-2271,2271,2271,288613849,2^288613849-1,STRUCTURAL_SCREEN_EXHAUSTED_PRIMALITY_UNASSIGNED,GF3A_DIRECTIONAL_WRITE_EXHAUSTED_PRIMALITY_UNASSIGNED,513,512,512,NO_RECORDED_FACTOR_PRP_OR_LL_RESULT_AND_NO_ACTIVE_GIMPS_ASSIGNMENT,2026-08-08T14:01:06+00:00,UNALLOCATED,,,,,
SLCMP585-2272,2272,2272,288613861,2^288613861-1,STRUCTURAL_SCREEN_EXHAUSTED_PRIMALITY_UNASSIGNED,GF3A_DIRECTIONAL_WRITE_EXHAUSTED_PRIMALITY_UNASSIGNED,513,512,512,NO_RECORDED_FACTOR_PRP_OR_LL_RESULT_AND_NO_ACTIVE_GIMPS_ASSIGNMENT,2026-08-08T14:01:06+00:00,UNALLOCATED,,,,,
SLCMP585-2273,2273,2273,288613907,2^288613907-1,STRUCTURAL_SCREEN_EXHAUSTED_PRIMALITY_UNASSIGNED,GF3A_DIRECTIONAL_WRITE_EXHAUSTED_PRIMALITY_UNASSIGNED,514,512,512,NO_RECORDED_FACTOR_PRP_OR_LL_RESULT_AND_NO_ACTIVE_GIMPS_ASSIGNMENT,2026-08-08T14:01:06+00:00,UNALLOCATED,,,,,
SLCMP585-2274,2274,2274,288613973,2^288613973-1,STRUCTURAL_SCREEN_EXHAUSTED_PRIMALITY_UNASSIGNED,GF3A_DIRECTIONAL_WRITE_EXHAUSTED_PRIMALITY_UNASSIGNED,513,512,512,NO_RECORDED_FACTOR_PRP_OR_LL_RESULT_AND_NO_ACTIVE_GIMPS_ASSIGNMENT,2026-08-08T14:01:06+00:00,UNALLOCATED,,,,,
SLCMP585-2275,2275,2275,288613993,2^288613993-1,STRUCTURAL_SCREEN_EXHAUSTED_PRIMALITY_UNASSIGNED,GF3A_DIRECTIONAL_WRITE_EXHAUSTED_PRIMALITY_UNASSIGNED,513,512,512,NO_RECORDED_FACTOR_PRP_OR_LL_RESULT_AND_NO_ACTIVE_GIMPS_ASSIGNMENT,2026-08-08T14:01:06+00:00,UNALLOCATED,,,,,
SLCMP585-2276,2276,2276,288614063,2^288614063-1,STRUCTURAL_SCREEN_EXHAUSTED_PRIMALITY_UNASSIGNED,GF3A_DIRECTIONAL_WRITE_EXHAUSTED_PRIMALITY_UNASSIGNED,514,512,512,NO_RECORDED_FACTOR_PRP_OR_LL_RESULT_AND_NO_ACTIVE_GIMPS_ASSIGNMENT,2026-08-08T14:01:06+00:00,UNALLOCATED,,,,,
SLCMP585-2277,2277,2277,288614099,2^288614099-1,STRUCTURAL_SCREEN_EXHAUSTED_PRIMALITY_UNASSIGNED,GF3A_DIRECTIONAL_WRITE_EXHAUSTED_PRIMALITY_UNASSIGNED,514,512,512,NO_RECORDED_FACTOR_PRP_OR_LL_RESULT_AND_NO_ACTIVE_GIMPS_ASSIGNMENT,2026-08-08T14:01:06+00:00,UNALLOCATED,,,,,
SLCMP585-2278,2278,2278,288614141,2^288614141-1,STRUCTURAL_SCREEN_EXHAUSTED_PRIMALITY_UNASSIGNED,GF3A_DIRECTIONAL_WRITE_EXHAUSTED_PRIMALITY_UNASSIGNED,513,512,512,NO_RECORDED_FACTOR_PRP_OR_LL_RESULT_AND_NO_ACTIVE_GIMPS_ASSIGNMENT,2026-08-08T14:01:06+00:00,UNALLOCATED,,,,,
SLCMP585-2279,2279,2279,288614153,2^288614153-1,STRUCTURAL_SCREEN_EXHAUSTED_PRIMALITY_UNASSIGNED,GF3A_DIRECTIONAL_WRITE_EXHAUSTED_PRIMALITY_UNASSIGNED,513,512,512,NO_RECORDED_FACTOR_PRP_OR_LL_RESULT_AND_NO_ACTIVE_GIMPS_ASSIGNMENT,2026-08-08T14:01:06+00:00,UNALLOCATED,,,,,
SLCMP585-2280,2280,2280,288614167,2^288614167-1,STRUCTURAL_SCREEN_EXHAUSTED_PRIMALITY_UNASSIGNED,GF3A_DIRECTIONAL_WRITE_EXHAUSTED_PRIMALITY_UNASSIGNED,514,512,512,NO_RECORDED_FACTOR_PRP_OR_LL_RESULT_AND_NO_ACTIVE_GIMPS_ASSIGNMENT,2026-08-08T14:01:06+00:00,UNALLOCATED,,,,,
SLCMP585-2281,2281,2281,288614239,2^288614239-1,STRUCTURAL_SCREEN_EXHAUSTED_PRIMALITY_UNASSIGNED,GF3A_DIRECTIONAL_WRITE_EXHAUSTED_PRIMALITY_UNASSIGNED,514,512,512,NO_RECORDED_FACTOR_PRP_OR_LL_RESULT_AND_NO_ACTIVE_GIMPS_ASSIGNMENT,2026-08-08T14:01:06+00:00,UNALLOCATED,,,,,
SLCMP585-2282,2282,2282,288614311,2^288614311-1,STRUCTURAL_SCREEN_EXHAUSTED_PRIMALITY_UNASSIGNED,GF3A_DIRECTIONAL_WRITE_EXHAUSTED_PRIMALITY_UNASSIGNED,514,512,512,NO_RECORDED_FACTOR_PRP_OR_LL_RESULT_AND_NO_ACTIVE_GIMPS_ASSIGNMENT,2026-08-08T14:01:06+00:00,UNALLOCATED,,,,,
SLCMP585-2283,2283,2283,288614329,2^288614329-1,STRUCTURAL_SCREEN_EXHAUSTED_PRIMALITY_UNASSIGNED,GF3A_DIRECTIONAL_WRITE_EXHAUSTED_PRIMALITY_UNASSIGNED,513,512,512,NO_RECORDED_FACTOR_PRP_OR_LL_RESULT_AND_NO_ACTIVE_GIMPS_ASSIGNMENT,2026-08-08T14:01:06+00:00,UNALLOCATED,,,,,
SLCMP585-2284,2284,2284,288614387,2^288614387-1,STRUCTURAL_SCREEN_EXHAUSTED_PRIMALITY_UNASSIGNED,GF3A_DIRECTIONAL_WRITE_EXHAUSTED_PRIMALITY_UNASSIGNED,514,512,512,NO_RECORDED_FACTOR_PRP_OR_LL_RESULT_AND_NO_ACTIVE_GIMPS_ASSIGNMENT,2026-08-08T14:01:06+00:00,UNALLOCATED,,,,,
SLCMP585-2285,2285,2285,288614429,2^288614429-1,STRUCTURAL_SCREEN_EXHAUSTED_PRIMALITY_UNASSIGNED,GF3A_DIRECTIONAL_WRITE_EXHAUSTED_PRIMALITY_UNASSIGNED,513,512,512,NO_RECORDED_FACTOR_PRP_OR_LL_RESULT_AND_NO_ACTIVE_GIMPS_ASSIGNMENT,2026-08-08T14:01:06+00:00,UNALLOCATED,,,,,
SLCMP585-2286,2286,2286,288614477,2^288614477-1,STRUCTURAL_SCREEN_EXHAUSTED_PRIMALITY_UNASSIGNED,GF3A_DIRECTIONAL_WRITE_EXHAUSTED_PRIMALITY_UNASSIGNED,513,512,512,NO_RECORDED_FACTOR_PRP_OR_LL_RESULT_AND_NO_ACTIVE_GIMPS_ASSIGNMENT,2026-08-08T14:01:06+00:00,UNALLOCATED,,,,,
SLCMP585-2287,2287,2287,288614533,2^288614533-1,STRUCTURAL_SCREEN_EXHAUSTED_PRIMALITY_UNASSIGNED,GF3A_DIRECTIONAL_WRITE_EXHAUSTED_PRIMALITY_UNASSIGNED,513,512,512,NO_RECORDED_FACTOR_PRP_OR_LL_RESULT_AND_NO_ACTIVE_GIMPS_ASSIGNMENT,2026-08-08T14:01:06+00:00,UNALLOCATED,,,,,
SLCMP585-2288,2288,2288,288614701,2^288614701-1,STRUCTURAL_SCREEN_EXHAUSTED_PRIMALITY_UNASSIGNED,GF3A_DIRECTIONAL_WRITE_EXHAUSTED_PRIMALITY_UNASSIGNED,513,512,512,NO_RECORDED_FACTOR_PRP_OR_LL_RESULT_AND_NO_ACTIVE_GIMPS_ASSIGNMENT,2026-08-08T14:01:06+00:00,UNALLOCATED,,,,,
SLCMP585-2289,2289,2289,288614849,2^288614849-1,STRUCTURAL_SCREEN_EXHAUSTED_PRIMALITY_UNASSIGNED,GF3A_DIRECTIONAL_WRITE_EXHAUSTED_PRIMALITY_UNASSIGNED,513,512,512,NO_RECORDED_FACTOR_PRP_OR_LL_RESULT_AND_NO_ACTIVE_GIMPS_ASSIGNMENT,2026-08-08T14:01:06+00:00,UNALLOCATED,,,,,
SLCMP585-2290,2290,2290,288614857,2^288614857-1,STRUCTURAL_SCREEN_EXHAUSTED_PRIMALITY_UNASSIGNED,GF3A_DIRECTIONAL_WRITE_EXHAUSTED_PRIMALITY_UNASSIGNED,513,512,512,NO_RECORDED_FACTOR_PRP_OR_LL_RESULT_AND_NO_ACTIVE_GIMPS_ASSIGNMENT,2026-08-08T14:01:06+00:00,UNALLOCATED,,,,,
SLCMP585-2291,2291,2291,288614923,2^288614923-1,STRUCTURAL_SCREEN_EXHAUSTED_PRIMALITY_UNASSIGNED,GF3A_DIRECTIONAL_WRITE_EXHAUSTED_PRIMALITY_UNASSIGNED,514,512,512,NO_RECORDED_FACTOR_PRP_OR_LL_RESULT_AND_NO_ACTIVE_GIMPS_ASSIGNMENT,2026-08-08T14:01:06+00:00,UNALLOCATED,,,,,
SLCMP585-2292,2292,2292,288614939,2^288614939-1,STRUCTURAL_SCREEN_EXHAUSTED_PRIMALITY_UNASSIGNED,GF3A_DIRECTIONAL_WRITE_EXHAUSTED_PRIMALITY_UNASSIGNED,514,512,512,NO_RECORDED_FACTOR_PRP_OR_LL_RESULT_AND_NO_ACTIVE_GIMPS_ASSIGNMENT,2026-08-08T14:01:06+00:00,UNALLOCATED,,,,,
SLCMP585-2293,2293,2293,288614941,2^288614941-1,STRUCTURAL_SCREEN_EXHAUSTED_PRIMALITY_UNASSIGNED,GF3A_DIRECTIONAL_WRITE_EXHAUSTED_PRIMALITY_UNASSIGNED,513,512,512,NO_RECORDED_FACTOR_PRP_OR_LL_RESULT_AND_NO_ACTIVE_GIMPS_ASSIGNMENT,2026-08-08T14:01:06+00:00,UNALLOCATED,,,,,
SLCMP585-2294,2294,2294,288614947,2^288614947-1,STRUCTURAL_SCREEN_EXHAUSTED_PRIMALITY_UNASSIGNED,GF3A_DIRECTIONAL_WRITE_EXHAUSTED_PRIMALITY_UNASSIGNED,514,512,512,NO_RECORDED_FACTOR_PRP_OR_LL_RESULT_AND_NO_ACTIVE_GIMPS_ASSIGNMENT,2026-08-08T14:01:06+00:00,UNALLOCATED,,,,,
SLCMP585-2295,2295,2295,288614957,2^288614957-1,STRUCTURAL_SCREEN_EXHAUSTED_PRIMALITY_UNASSIGNED,GF3A_DIRECTIONAL_WRITE_EXHAUSTED_PRIMALITY_UNASSIGNED,513,512,512,NO_RECORDED_FACTOR_PRP_OR_LL_RESULT_AND_NO_ACTIVE_GIMPS_ASSIGNMENT,2026-08-08T14:01:06+00:00,UNALLOCATED,,,,,
SLCMP585-2296,2296,2296,288614999,2^288614999-1,STRUCTURAL_SCREEN_EXHAUSTED_PRIMALITY_UNASSIGNED,GF3A_DIRECTIONAL_WRITE_EXHAUSTED_PRIMALITY_UNASSIGNED,514,512,512,NO_RECORDED_FACTOR_PRP_OR_LL_RESULT_AND_NO_ACTIVE_GIMPS_ASSIGNMENT,2026-08-08T14:01:06+00:00,UNALLOCATED,,,,,
SLCMP585-2297,2297,2297,288615077,2^288615077-1,STRUCTURAL_SCREEN_EXHAUSTED_PRIMALITY_UNASSIGNED,GF3A_DIRECTIONAL_WRITE_EXHAUSTED_PRIMALITY_UNASSIGNED,513,512,512,NO_RECORDED_FACTOR_PRP_OR_LL_RESULT_AND_NO_ACTIVE_GIMPS_ASSIGNMENT,2026-08-08T14:01:06+00:00,UNALLOCATED,,,,,
SLCMP585-2298,2298,2298,288615101,2^288615101-1,STRUCTURAL_SCREEN_EXHAUSTED_PRIMALITY_UNASSIGNED,GF3A_DIRECTIONAL_WRITE_EXHAUSTED_PRIMALITY_UNASSIGNED,513,512,512,NO_RECORDED_FACTOR_PRP_OR_LL_RESULT_AND_NO_ACTIVE_GIMPS_ASSIGNMENT,2026-08-08T14:01:06+00:00,UNALLOCATED,,,,,
SLCMP585-2299,2299,2299,288615181,2^288615181-1,STRUCTURAL_SCREEN_EXHAUSTED_PRIMALITY_UNASSIGNED,GF3A_DIRECTIONAL_WRITE_EXHAUSTED_PRIMALITY_UNASSIGNED,513,512,512,NO_RECORDED_FACTOR_PRP_OR_LL_RESULT_AND_NO_ACTIVE_GIMPS_ASSIGNMENT,2026-08-08T14:01:06+00:00,UNALLOCATED,,,,,
SLCMP585-2300,2300,2300,288615191,2^288615191-1,STRUCTURAL_SCREEN_EXHAUSTED_PRIMALITY_UNASSIGNED,GF3A_DIRECTIONAL_WRITE_EXHAUSTED_PRIMALITY_UNASSIGNED,514,512,512,NO_RECORDED_FACTOR_PRP_OR_LL_RESULT_AND_NO_ACTIVE_GIMPS_ASSIGNMENT,2026-08-08T14:01:06+00:00,UNALLOCATED,,,,,
SLCMP585-2301,2301,2301,288615241,2^288615241-1,STRUCTURAL_SCREEN_EXHAUSTED_PRIMALITY_UNASSIGNED,GF3A_DIRECTIONAL_WRITE_EXHAUSTED_PRIMALITY_UNASSIGNED,513,512,512,NO_RECORDED_FACTOR_PRP_OR_LL_RESULT_AND_NO_ACTIVE_GIMPS_ASSIGNMENT,2026-08-08T14:01:06+00:00,UNALLOCATED,,,,,
SLCMP585-2302,2302,2302,288615253,2^288615253-1,STRUCTURAL_SCREEN_EXHAUSTED_PRIMALITY_UNASSIGNED,GF3A_DIRECTIONAL_WRITE_EXHAUSTED_PRIMALITY_UNASSIGNED,513,512,512,NO_RECORDED_FACTOR_PRP_OR_LL_RESULT_AND_NO_ACTIVE_GIMPS_ASSIGNMENT,2026-08-08T14:01:06+00:00,UNALLOCATED,,,,,
SLCMP585-2303,2303,2303,288615343,2^288615343-1,STRUCTURAL_SCREEN_EXHAUSTED_PRIMALITY_UNASSIGNED,GF3A_DIRECTIONAL_WRITE_EXHAUSTED_PRIMALITY_UNASSIGNED,514,512,512,NO_RECORDED_FACTOR_PRP_OR_LL_RESULT_AND_NO_ACTIVE_GIMPS_ASSIGNMENT,2026-08-08T14:01:06+00:00,UNALLOCATED,,,,,
SLCMP585-2304,2304,2304,288615347,2^288615347-1,STRUCTURAL_SCREEN_EXHAUSTED_PRIMALITY_UNASSIGNED,GF3A_DIRECTIONAL_WRITE_EXHAUSTED_PRIMALITY_UNASSIGNED,514,512,512,NO_RECORDED_FACTOR_PRP_OR_LL_RESULT_AND_NO_ACTIVE_GIMPS_ASSIGNMENT,2026-08-08T14:01:06+00:00,UNALLOCATED,,,,,
SLCMP585-2305,2305,2305,288615451,2^288615451-1,STRUCTURAL_SCREEN_EXHAUSTED_PRIMALITY_UNASSIGNED,GF3A_DIRECTIONAL_WRITE_EXHAUSTED_PRIMALITY_UNASSIGNED,514,512,512,NO_RECORDED_FACTOR_PRP_OR_LL_RESULT_AND_NO_ACTIVE_GIMPS_ASSIGNMENT,2026-08-08T14:01:06+00:00,UNALLOCATED,,,,,
SLCMP585-2306,2306,2306,288615499,2^288615499-1,STRUCTURAL_SCREEN_EXHAUSTED_PRIMALITY_UNASSIGNED,GF3A_DIRECTIONAL_WRITE_EXHAUSTED_PRIMALITY_UNASSIGNED,514,512,512,NO_RECORDED_FACTOR_PRP_OR_LL_RESULT_AND_NO_ACTIVE_GIMPS_ASSIGNMENT,2026-08-08T14:01:06+00:00,UNALLOCATED,,,,,
SLCMP585-2307,2307,2307,288615517,2^288615517-1,STRUCTURAL_SCREEN_EXHAUSTED_PRIMALITY_UNASSIGNED,GF3A_DIRECTIONAL_WRITE_EXHAUSTED_PRIMALITY_UNASSIGNED,513,512,512,NO_RECORDED_FACTOR_PRP_OR_LL_RESULT_AND_NO_ACTIVE_GIMPS_ASSIGNMENT,2026-08-08T14:01:06+00:00,UNALLOCATED,,,,,
SLCMP585-2308,2308,2308,288615601,2^288615601-1,STRUCTURAL_SCREEN_EXHAUSTED_PRIMALITY_UNASSIGNED,GF3A_DIRECTIONAL_WRITE_EXHAUSTED_PRIMALITY_UNASSIGNED,513,512,512,NO_RECORDED_FACTOR_PRP_OR_LL_RESULT_AND_NO_ACTIVE_GIMPS_ASSIGNMENT,2026-08-08T14:01:06+00:00,UNALLOCATED,,,,,
SLCMP585-2309,2309,2309,288615619,2^288615619-1,STRUCTURAL_SCREEN_EXHAUSTED_PRIMALITY_UNASSIGNED,GF3A_DIRECTIONAL_WRITE_EXHAUSTED_PRIMALITY_UNASSIGNED,514,512,512,NO_RECORDED_FACTOR_PRP_OR_LL_RESULT_AND_NO_ACTIVE_GIMPS_ASSIGNMENT,2026-08-08T14:01:06+00:00,UNALLOCATED,,,,,
SLCMP585-2310,2310,2310,288615709,2^288615709-1,STRUCTURAL_SCREEN_EXHAUSTED_PRIMALITY_UNASSIGNED,GF3A_DIRECTIONAL_WRITE_EXHAUSTED_PRIMALITY_UNASSIGNED,513,512,512,NO_RECORDED_FACTOR_PRP_OR_LL_RESULT_AND_NO_ACTIVE_GIMPS_ASSIGNMENT,2026-08-08T14:01:06+00:00,UNALLOCATED,,,,,
SLCMP585-2311,2311,2311,288615731,2^288615731-1,STRUCTURAL_SCREEN_EXHAUSTED_PRIMALITY_UNASSIGNED,GF3A_DIRECTIONAL_WRITE_EXHAUSTED_PRIMALITY_UNASSIGNED,514,512,512,NO_RECORDED_FACTOR_PRP_OR_LL_RESULT_AND_NO_ACTIVE_GIMPS_ASSIGNMENT,2026-08-08T14:01:06+00:00,UNALLOCATED,,,,,
SLCMP585-2312,2312,2312,288615737,2^288615737-1,STRUCTURAL_SCREEN_EXHAUSTED_PRIMALITY_UNASSIGNED,GF3A_DIRECTIONAL_WRITE_EXHAUSTED_PRIMALITY_UNASSIGNED,513,512,512,NO_RECORDED_FACTOR_PRP_OR_LL_RESULT_AND_NO_ACTIVE_GIMPS_ASSIGNMENT,2026-08-08T14:01:06+00:00,UNALLOCATED,,,,,
SLCMP585-2313,2313,2313,288615751,2^288615751-1,STRUCTURAL_SCREEN_EXHAUSTED_PRIMALITY_UNASSIGNED,GF3A_DIRECTIONAL_WRITE_EXHAUSTED_PRIMALITY_UNASSIGNED,514,512,512,NO_RECORDED_FACTOR_PRP_OR_LL_RESULT_AND_NO_ACTIVE_GIMPS_ASSIGNMENT,2026-08-08T14:01:06+00:00,UNALLOCATED,,,,,
SLCMP585-2314,2314,2314,288615809,2^288615809-1,STRUCTURAL_SCREEN_EXHAUSTED_PRIMALITY_UNASSIGNED,GF3A_DIRECTIONAL_WRITE_EXHAUSTED_PRIMALITY_UNASSIGNED,513,512,512,NO_RECORDED_FACTOR_PRP_OR_LL_RESULT_AND_NO_ACTIVE_GIMPS_ASSIGNMENT,2026-08-08T14:01:06+00:00,UNALLOCATED,,,,,
SLCMP585-2315,2315,2315,288615823,2^288615823-1,STRUCTURAL_SCREEN_EXHAUSTED_PRIMALITY_UNASSIGNED,GF3A_DIRECTIONAL_WRITE_EXHAUSTED_PRIMALITY_UNASSIGNED,514,512,512,NO_RECORDED_FACTOR_PRP_OR_LL_RESULT_AND_NO_ACTIVE_GIMPS_ASSIGNMENT,2026-08-08T14:01:06+00:00,UNALLOCATED,,,,,
SLCMP585-2316,2316,2316,288615907,2^288615907-1,STRUCTURAL_SCREEN_EXHAUSTED_PRIMALITY_UNASSIGNED,GF3A_DIRECTIONAL_WRITE_EXHAUSTED_PRIMALITY_UNASSIGNED,514,512,512,NO_RECORDED_FACTOR_PRP_OR_LL_RESULT_AND_NO_ACTIVE_GIMPS_ASSIGNMENT,2026-08-08T14:01:06+00:00,UNALLOCATED,,,,,
SLCMP585-2317,2317,2317,288616051,2^288616051-1,STRUCTURAL_SCREEN_EXHAUSTED_PRIMALITY_UNASSIGNED,GF3A_DIRECTIONAL_WRITE_EXHAUSTED_PRIMALITY_UNASSIGNED,514,512,512,NO_RECORDED_FACTOR_PRP_OR_LL_RESULT_AND_NO_ACTIVE_GIMPS_ASSIGNMENT,2026-08-08T14:01:06+00:00,UNALLOCATED,,,,,
SLCMP585-2318,2318,2318,288616063,2^288616063-1,STRUCTURAL_SCREEN_EXHAUSTED_PRIMALITY_UNASSIGNED,GF3A_DIRECTIONAL_WRITE_EXHAUSTED_PRIMALITY_UNASSIGNED,514,512,512,NO_RECORDED_FACTOR_PRP_OR_LL_RESULT_AND_NO_ACTIVE_GIMPS_ASSIGNMENT,2026-08-08T14:01:06+00:00,UNALLOCATED,,,,,
SLCMP585-2319,2319,2319,288616087,2^288616087-1,STRUCTURAL_SCREEN_EXHAUSTED_PRIMALITY_UNASSIGNED,GF3A_DIRECTIONAL_WRITE_EXHAUSTED_PRIMALITY_UNASSIGNED,514,512,512,NO_RECORDED_FACTOR_PRP_OR_LL_RESULT_AND_NO_ACTIVE_GIMPS_ASSIGNMENT,2026-08-08T14:01:06+00:00,UNALLOCATED,,,,,
SLCMP585-2320,2320,2320,288616171,2^288616171-1,STRUCTURAL_SCREEN_EXHAUSTED_PRIMALITY_UNASSIGNED,GF3A_DIRECTIONAL_WRITE_EXHAUSTED_PRIMALITY_UNASSIGNED,514,512,512,NO_RECORDED_FACTOR_PRP_OR_LL_RESULT_AND_NO_ACTIVE_GIMPS_ASSIGNMENT,2026-08-08T14:01:06+00:00,UNALLOCATED,,,,,
SLCMP585-2321,2321,2321,288616219,2^288616219-1,STRUCTURAL_SCREEN_EXHAUSTED_PRIMALITY_UNASSIGNED,GF3A_DIRECTIONAL_WRITE_EXHAUSTED_PRIMALITY_UNASSIGNED,514,512,512,NO_RECORDED_FACTOR_PRP_OR_LL_RESULT_AND_NO_ACTIVE_GIMPS_ASSIGNMENT,2026-08-08T14:01:06+00:00,UNALLOCATED,,,,,
SLCMP585-2322,2322,2322,288616241,2^288616241-1,STRUCTURAL_SCREEN_EXHAUSTED_PRIMALITY_UNASSIGNED,GF3A_DIRECTIONAL_WRITE_EXHAUSTED_PRIMALITY_UNASSIGNED,513,512,512,NO_RECORDED_FACTOR_PRP_OR_LL_RESULT_AND_NO_ACTIVE_GIMPS_ASSIGNMENT,2026-08-08T14:01:06+00:00,UNALLOCATED,,,,,
SLCMP585-2323,2323,2323,288616249,2^288616249-1,STRUCTURAL_SCREEN_EXHAUSTED_PRIMALITY_UNASSIGNED,GF3A_DIRECTIONAL_WRITE_EXHAUSTED_PRIMALITY_UNASSIGNED,513,512,512,NO_RECORDED_FACTOR_PRP_OR_LL_RESULT_AND_NO_ACTIVE_GIMPS_ASSIGNMENT,2026-08-08T14:01:06+00:00,UNALLOCATED,,,,,
SLCMP585-2324,2324,2324,288616283,2^288616283-1,STRUCTURAL_SCREEN_EXHAUSTED_PRIMALITY_UNASSIGNED,GF3A_DIRECTIONAL_WRITE_EXHAUSTED_PRIMALITY_UNASSIGNED,514,512,512,NO_RECORDED_FACTOR_PRP_OR_LL_RESULT_AND_NO_ACTIVE_GIMPS_ASSIGNMENT,2026-08-08T14:01:06+00:00,UNALLOCATED,,,,,
SLCMP585-2325,2325,2325,288616313,2^288616313-1,STRUCTURAL_SCREEN_EXHAUSTED_PRIMALITY_UNASSIGNED,GF3A_DIRECTIONAL_WRITE_EXHAUSTED_PRIMALITY_UNASSIGNED,513,512,512,NO_RECORDED_FACTOR_PRP_OR_LL_RESULT_AND_NO_ACTIVE_GIMPS_ASSIGNMENT,2026-08-08T14:01:06+00:00,UNALLOCATED,,,,,
SLCMP585-2326,2326,2326,288616357,2^288616357-1,STRUCTURAL_SCREEN_EXHAUSTED_PRIMALITY_UNASSIGNED,GF3A_DIRECTIONAL_WRITE_EXHAUSTED_PRIMALITY_UNASSIGNED,513,512,512,NO_RECORDED_FACTOR_PRP_OR_LL_RESULT_AND_NO_ACTIVE_GIMPS_ASSIGNMENT,2026-08-08T14:01:06+00:00,UNALLOCATED,,,,,
SLCMP585-2327,2327,2327,288616453,2^288616453-1,STRUCTURAL_SCREEN_EXHAUSTED_PRIMALITY_UNASSIGNED,GF3A_DIRECTIONAL_WRITE_EXHAUSTED_PRIMALITY_UNASSIGNED,513,512,512,NO_RECORDED_FACTOR_PRP_OR_LL_RESULT_AND_NO_ACTIVE_GIMPS_ASSIGNMENT,2026-08-08T14:01:06+00:00,UNALLOCATED,,,,,
SLCMP585-2328,2328,2328,288616477,2^288616477-1,STRUCTURAL_SCREEN_EXHAUSTED_PRIMALITY_UNASSIGNED,GF3A_DIRECTIONAL_WRITE_EXHAUSTED_PRIMALITY_UNASSIGNED,513,512,512,NO_RECORDED_FACTOR_PRP_OR_LL_RESULT_AND_NO_ACTIVE_GIMPS_ASSIGNMENT,2026-08-08T14:01:06+00:00,UNALLOCATED,,,,,
SLCMP585-2329,2329,2329,288616499,2^288616499-1,STRUCTURAL_SCREEN_EXHAUSTED_PRIMALITY_UNASSIGNED,GF3A_DIRECTIONAL_WRITE_EXHAUSTED_PRIMALITY_UNASSIGNED,514,512,512,NO_RECORDED_FACTOR_PRP_OR_LL_RESULT_AND_NO_ACTIVE_GIMPS_ASSIGNMENT,2026-08-08T14:01:06+00:00,UNALLOCATED,,,,,
SLCMP585-2330,2330,2330,288616511,2^288616511-1,STRUCTURAL_SCREEN_EXHAUSTED_PRIMALITY_UNASSIGNED,GF3A_DIRECTIONAL_WRITE_EXHAUSTED_PRIMALITY_UNASSIGNED,514,512,512,NO_RECORDED_FACTOR_PRP_OR_LL_RESULT_AND_NO_ACTIVE_GIMPS_ASSIGNMENT,2026-08-08T14:01:06+00:00,UNALLOCATED,,,,,
SLCMP585-2331,2331,2331,288616513,2^288616513-1,STRUCTURAL_SCREEN_EXHAUSTED_PRIMALITY_UNASSIGNED,GF3A_DIRECTIONAL_WRITE_EXHAUSTED_PRIMALITY_UNASSIGNED,513,512,512,NO_RECORDED_FACTOR_PRP_OR_LL_RESULT_AND_NO_ACTIVE_GIMPS_ASSIGNMENT,2026-08-08T14:01:06+00:00,UNALLOCATED,,,,,
SLCMP585-2332,2332,2332,288616529,2^288616529-1,STRUCTURAL_SCREEN_EXHAUSTED_PRIMALITY_UNASSIGNED,GF3A_DIRECTIONAL_WRITE_EXHAUSTED_PRIMALITY_UNASSIGNED,513,512,512,NO_RECORDED_FACTOR_PRP_OR_LL_RESULT_AND_NO_ACTIVE_GIMPS_ASSIGNMENT,2026-08-08T14:01:06+00:00,UNALLOCATED,,,,,
SLCMP585-2333,2333,2333,288616579,2^288616579-1,STRUCTURAL_SCREEN_EXHAUSTED_PRIMALITY_UNASSIGNED,GF3A_DIRECTIONAL_WRITE_EXHAUSTED_PRIMALITY_UNASSIGNED,514,512,512,NO_RECORDED_FACTOR_PRP_OR_LL_RESULT_AND_NO_ACTIVE_GIMPS_ASSIGNMENT,2026-08-08T14:01:06+00:00,UNALLOCATED,,,,,
SLCMP585-2334,2334,2334,288616591,2^288616591-1,STRUCTURAL_SCREEN_EXHAUSTED_PRIMALITY_UNASSIGNED,GF3A_DIRECTIONAL_WRITE_EXHAUSTED_PRIMALITY_UNASSIGNED,514,512,512,NO_RECORDED_FACTOR_PRP_OR_LL_RESULT_AND_NO_ACTIVE_GIMPS_ASSIGNMENT,2026-08-08T14:01:06+00:00,UNALLOCATED,,,,,
SLCMP585-2335,2335,2335,288616597,2^288616597-1,STRUCTURAL_SCREEN_EXHAUSTED_PRIMALITY_UNASSIGNED,GF3A_DIRECTIONAL_WRITE_EXHAUSTED_PRIMALITY_UNASSIGNED,513,512,512,NO_RECORDED_FACTOR_PRP_OR_LL_RESULT_AND_NO_ACTIVE_GIMPS_ASSIGNMENT,2026-08-08T14:01:06+00:00,UNALLOCATED,,,,,
SLCMP585-2336,2336,2336,288616619,2^288616619-1,STRUCTURAL_SCREEN_EXHAUSTED_PRIMALITY_UNASSIGNED,GF3A_DIRECTIONAL_WRITE_EXHAUSTED_PRIMALITY_UNASSIGNED,514,512,512,NO_RECORDED_FACTOR_PRP_OR_LL_RESULT_AND_NO_ACTIVE_GIMPS_ASSIGNMENT,2026-08-08T14:01:06+00:00,UNALLOCATED,,,,,
SLCMP585-2337,2337,2337,288616651,2^288616651-1,STRUCTURAL_SCREEN_EXHAUSTED_PRIMALITY_UNASSIGNED,GF3A_DIRECTIONAL_WRITE_EXHAUSTED_PRIMALITY_UNASSIGNED,514,512,512,NO_RECORDED_FACTOR_PRP_OR_LL_RESULT_AND_NO_ACTIVE_GIMPS_ASSIGNMENT,2026-08-08T14:01:06+00:00,UNALLOCATED,,,,,
SLCMP585-2338,2338,2338,288616759,2^288616759-1,STRUCTURAL_SCREEN_EXHAUSTED_PRIMALITY_UNASSIGNED,GF3A_DIRECTIONAL_WRITE_EXHAUSTED_PRIMALITY_UNASSIGNED,514,512,512,NO_RECORDED_FACTOR_PRP_OR_LL_RESULT_AND_NO_ACTIVE_GIMPS_ASSIGNMENT,2026-08-08T14:01:06+00:00,UNALLOCATED,,,,,
SLCMP585-2339,2339,2339,288616763,2^288616763-1,STRUCTURAL_SCREEN_EXHAUSTED_PRIMALITY_UNASSIGNED,GF3A_DIRECTIONAL_WRITE_EXHAUSTED_PRIMALITY_UNASSIGNED,514,512,512,NO_RECORDED_FACTOR_PRP_OR_LL_RESULT_AND_NO_ACTIVE_GIMPS_ASSIGNMENT,2026-08-08T14:01:06+00:00,UNALLOCATED,,,,,
SLCMP585-2340,2340,2340,288616781,2^288616781-1,STRUCTURAL_SCREEN_EXHAUSTED_PRIMALITY_UNASSIGNED,GF3A_DIRECTIONAL_WRITE_EXHAUSTED_PRIMALITY_UNASSIGNED,513,512,512,NO_RECORDED_FACTOR_PRP_OR_LL_RESULT_AND_NO_ACTIVE_GIMPS_ASSIGNMENT,2026-08-08T14:01:06+00:00,UNALLOCATED,,,,,
SLCMP585-2341,2341,2341,288616793,2^288616793-1,STRUCTURAL_SCREEN_EXHAUSTED_PRIMALITY_UNASSIGNED,GF3A_DIRECTIONAL_WRITE_EXHAUSTED_PRIMALITY_UNASSIGNED,513,512,512,NO_RECORDED_FACTOR_PRP_OR_LL_RESULT_AND_NO_ACTIVE_GIMPS_ASSIGNMENT,2026-08-08T14:01:06+00:00,UNALLOCATED,,,,,
SLCMP585-2342,2342,2342,288616843,2^288616843-1,STRUCTURAL_SCREEN_EXHAUSTED_PRIMALITY_UNASSIGNED,GF3A_DIRECTIONAL_WRITE_EXHAUSTED_PRIMALITY_UNASSIGNED,514,512,512,NO_RECORDED_FACTOR_PRP_OR_LL_RESULT_AND_NO_ACTIVE_GIMPS_ASSIGNMENT,2026-08-08T14:01:06+00:00,UNALLOCATED,,,,,
SLCMP585-2343,2343,2343,288617071,2^288617071-1,STRUCTURAL_SCREEN_EXHAUSTED_PRIMALITY_UNASSIGNED,GF3A_DIRECTIONAL_WRITE_EXHAUSTED_PRIMALITY_UNASSIGNED,514,512,512,NO_RECORDED_FACTOR_PRP_OR_LL_RESULT_AND_NO_ACTIVE_GIMPS_ASSIGNMENT,2026-08-08T14:01:06+00:00,UNALLOCATED,,,,,
SLCMP585-2344,2344,2344,288617159,2^288617159-1,STRUCTURAL_SCREEN_EXHAUSTED_PRIMALITY_UNASSIGNED,GF3A_DIRECTIONAL_WRITE_EXHAUSTED_PRIMALITY_UNASSIGNED,514,512,512,NO_RECORDED_FACTOR_PRP_OR_LL_RESULT_AND_NO_ACTIVE_GIMPS_ASSIGNMENT,2026-08-08T14:01:06+00:00,UNALLOCATED,,,,,
SLCMP585-2345,2345,2345,288617209,2^288617209-1,STRUCTURAL_SCREEN_EXHAUSTED_PRIMALITY_UNASSIGNED,GF3A_DIRECTIONAL_WRITE_EXHAUSTED_PRIMALITY_UNASSIGNED,513,512,512,NO_RECORDED_FACTOR_PRP_OR_LL_RESULT_AND_NO_ACTIVE_GIMPS_ASSIGNMENT,2026-08-08T14:01:06+00:00,UNALLOCATED,,,,,
SLCMP585-2346,2346,2346,288617261,2^288617261-1,STRUCTURAL_SCREEN_EXHAUSTED_PRIMALITY_UNASSIGNED,GF3A_DIRECTIONAL_WRITE_EXHAUSTED_PRIMALITY_UNASSIGNED,513,512,512,NO_RECORDED_FACTOR_PRP_OR_LL_RESULT_AND_NO_ACTIVE_GIMPS_ASSIGNMENT,2026-08-08T14:01:06+00:00,UNALLOCATED,,,,,
SLCMP585-2347,2347,2347,288617341,2^288617341-1,STRUCTURAL_SCREEN_EXHAUSTED_PRIMALITY_UNASSIGNED,GF3A_DIRECTIONAL_WRITE_EXHAUSTED_PRIMALITY_UNASSIGNED,513,512,512,NO_RECORDED_FACTOR_PRP_OR_LL_RESULT_AND_NO_ACTIVE_GIMPS_ASSIGNMENT,2026-08-08T14:01:06+00:00,UNALLOCATED,,,,,
SLCMP585-2348,2348,2348,288617393,2^288617393-1,STRUCTURAL_SCREEN_EXHAUSTED_PRIMALITY_UNASSIGNED,GF3A_DIRECTIONAL_WRITE_EXHAUSTED_PRIMALITY_UNASSIGNED,513,512,512,NO_RECORDED_FACTOR_PRP_OR_LL_RESULT_AND_NO_ACTIVE_GIMPS_ASSIGNMENT,2026-08-08T14:01:06+00:00,UNALLOCATED,,,,,
SLCMP585-2349,2349,2349,288617423,2^288617423-1,STRUCTURAL_SCREEN_EXHAUSTED_PRIMALITY_UNASSIGNED,GF3A_DIRECTIONAL_WRITE_EXHAUSTED_PRIMALITY_UNASSIGNED,514,512,512,NO_RECORDED_FACTOR_PRP_OR_LL_RESULT_AND_NO_ACTIVE_GIMPS_ASSIGNMENT,2026-08-08T14:01:06+00:00,UNALLOCATED,,,,,
SLCMP585-2350,2350,2350,288617437,2^288617437-1,STRUCTURAL_SCREEN_EXHAUSTED_PRIMALITY_UNASSIGNED,GF3A_DIRECTIONAL_WRITE_EXHAUSTED_PRIMALITY_UNASSIGNED,513,512,512,NO_RECORDED_FACTOR_PRP_OR_LL_RESULT_AND_NO_ACTIVE_GIMPS_ASSIGNMENT,2026-08-08T14:01:06+00:00,UNALLOCATED,,,,,
SLCMP585-2351,2351,2351,288617443,2^288617443-1,STRUCTURAL_SCREEN_EXHAUSTED_PRIMALITY_UNASSIGNED,GF3A_DIRECTIONAL_WRITE_EXHAUSTED_PRIMALITY_UNASSIGNED,514,512,512,NO_RECORDED_FACTOR_PRP_OR_LL_RESULT_AND_NO_ACTIVE_GIMPS_ASSIGNMENT,2026-08-08T14:01:06+00:00,UNALLOCATED,,,,,
SLCMP585-2352,2352,2352,288617447,2^288617447-1,STRUCTURAL_SCREEN_EXHAUSTED_PRIMALITY_UNASSIGNED,GF3A_DIRECTIONAL_WRITE_EXHAUSTED_PRIMALITY_UNASSIGNED,514,512,512,NO_RECORDED_FACTOR_PRP_OR_LL_RESULT_AND_NO_ACTIVE_GIMPS_ASSIGNMENT,2026-08-08T14:01:06+00:00,UNALLOCATED,,,,,
SLCMP585-2353,2353,2353,288617453,2^288617453-1,STRUCTURAL_SCREEN_EXHAUSTED_PRIMALITY_UNASSIGNED,GF3A_DIRECTIONAL_WRITE_EXHAUSTED_PRIMALITY_UNASSIGNED,513,512,512,NO_RECORDED_FACTOR_PRP_OR_LL_RESULT_AND_NO_ACTIVE_GIMPS_ASSIGNMENT,2026-08-08T14:01:06+00:00,UNALLOCATED,,,,,
SLCMP585-2354,2354,2354,288617473,2^288617473-1,STRUCTURAL_SCREEN_EXHAUSTED_PRIMALITY_UNASSIGNED,GF3A_DIRECTIONAL_WRITE_EXHAUSTED_PRIMALITY_UNASSIGNED,513,512,512,NO_RECORDED_FACTOR_PRP_OR_LL_RESULT_AND_NO_ACTIVE_GIMPS_ASSIGNMENT,2026-08-08T14:01:06+00:00,UNALLOCATED,,,,,
SLCMP585-2355,2355,2355,288617521,2^288617521-1,STRUCTURAL_SCREEN_EXHAUSTED_PRIMALITY_UNASSIGNED,GF3A_DIRECTIONAL_WRITE_EXHAUSTED_PRIMALITY_UNASSIGNED,513,512,512,NO_RECORDED_FACTOR_PRP_OR_LL_RESULT_AND_NO_ACTIVE_GIMPS_ASSIGNMENT,2026-08-08T14:01:06+00:00,UNALLOCATED,,,,,
SLCMP585-2356,2356,2356,288617579,2^288617579-1,STRUCTURAL_SCREEN_EXHAUSTED_PRIMALITY_UNASSIGNED,GF3A_DIRECTIONAL_WRITE_EXHAUSTED_PRIMALITY_UNASSIGNED,514,512,512,NO_RECORDED_FACTOR_PRP_OR_LL_RESULT_AND_NO_ACTIVE_GIMPS_ASSIGNMENT,2026-08-08T14:01:06+00:00,UNALLOCATED,,,,,
SLCMP585-2357,2357,2357,288617669,2^288617669-1,STRUCTURAL_SCREEN_EXHAUSTED_PRIMALITY_UNASSIGNED,GF3A_DIRECTIONAL_WRITE_EXHAUSTED_PRIMALITY_UNASSIGNED,513,512,512,NO_RECORDED_FACTOR_PRP_OR_LL_RESULT_AND_NO_ACTIVE_GIMPS_ASSIGNMENT,2026-08-08T14:01:06+00:00,UNALLOCATED,,,,,
SLCMP585-2358,2358,2358,288617699,2^288617699-1,STRUCTURAL_SCREEN_EXHAUSTED_PRIMALITY_UNASSIGNED,GF3A_DIRECTIONAL_WRITE_EXHAUSTED_PRIMALITY_UNASSIGNED,514,512,512,NO_RECORDED_FACTOR_PRP_OR_LL_RESULT_AND_NO_ACTIVE_GIMPS_ASSIGNMENT,2026-08-08T14:01:06+00:00,UNALLOCATED,,,,,
SLCMP585-2359,2359,2359,288617801,2^288617801-1,STRUCTURAL_SCREEN_EXHAUSTED_PRIMALITY_UNASSIGNED,GF3A_DIRECTIONAL_WRITE_EXHAUSTED_PRIMALITY_UNASSIGNED,513,512,512,NO_RECORDED_FACTOR_PRP_OR_LL_RESULT_AND_NO_ACTIVE_GIMPS_ASSIGNMENT,2026-08-08T14:01:06+00:00,UNALLOCATED,,,,,
SLCMP585-2360,2360,2360,288617867,2^288617867-1,STRUCTURAL_SCREEN_EXHAUSTED_PRIMALITY_UNASSIGNED,GF3A_DIRECTIONAL_WRITE_EXHAUSTED_PRIMALITY_UNASSIGNED,514,512,512,NO_RECORDED_FACTOR_PRP_OR_LL_RESULT_AND_NO_ACTIVE_GIMPS_ASSIGNMENT,2026-08-08T14:01:06+00:00,UNALLOCATED,,,,,
SLCMP585-2361,2361,2361,288617899,2^288617899-1,STRUCTURAL_SCREEN_EXHAUSTED_PRIMALITY_UNASSIGNED,GF3A_DIRECTIONAL_WRITE_EXHAUSTED_PRIMALITY_UNASSIGNED,514,512,512,NO_RECORDED_FACTOR_PRP_OR_LL_RESULT_AND_NO_ACTIVE_GIMPS_ASSIGNMENT,2026-08-08T14:01:06+00:00,UNALLOCATED,,,,,
SLCMP585-2362,2362,2362,288618139,2^288618139-1,STRUCTURAL_SCREEN_EXHAUSTED_PRIMALITY_UNASSIGNED,GF3A_DIRECTIONAL_WRITE_EXHAUSTED_PRIMALITY_UNASSIGNED,514,512,512,NO_RECORDED_FACTOR_PRP_OR_LL_RESULT_AND_NO_ACTIVE_GIMPS_ASSIGNMENT,2026-08-08T14:01:06+00:00,UNALLOCATED,,,,,
SLCMP585-2363,2363,2363,288618173,2^288618173-1,STRUCTURAL_SCREEN_EXHAUSTED_PRIMALITY_UNASSIGNED,GF3A_DIRECTIONAL_WRITE_EXHAUSTED_PRIMALITY_UNASSIGNED,513,512,512,NO_RECORDED_FACTOR_PRP_OR_LL_RESULT_AND_NO_ACTIVE_GIMPS_ASSIGNMENT,2026-08-08T14:01:06+00:00,UNALLOCATED,,,,,
SLCMP585-2364,2364,2364,288618247,2^288618247-1,STRUCTURAL_SCREEN_EXHAUSTED_PRIMALITY_UNASSIGNED,GF3A_DIRECTIONAL_WRITE_EXHAUSTED_PRIMALITY_UNASSIGNED,514,512,512,NO_RECORDED_FACTOR_PRP_OR_LL_RESULT_AND_NO_ACTIVE_GIMPS_ASSIGNMENT,2026-08-08T14:01:06+00:00,UNALLOCATED,,,,,
SLCMP585-2365,2365,2365,288618271,2^288618271-1,STRUCTURAL_SCREEN_EXHAUSTED_PRIMALITY_UNASSIGNED,GF3A_DIRECTIONAL_WRITE_EXHAUSTED_PRIMALITY_UNASSIGNED,514,512,512,NO_RECORDED_FACTOR_PRP_OR_LL_RESULT_AND_NO_ACTIVE_GIMPS_ASSIGNMENT,2026-08-08T14:01:06+00:00,UNALLOCATED,,,,,
SLCMP585-2366,2366,2366,288618287,2^288618287-1,STRUCTURAL_SCREEN_EXHAUSTED_PRIMALITY_UNASSIGNED,GF3A_DIRECTIONAL_WRITE_EXHAUSTED_PRIMALITY_UNASSIGNED,514,512,512,NO_RECORDED_FACTOR_PRP_OR_LL_RESULT_AND_NO_ACTIVE_GIMPS_ASSIGNMENT,2026-08-08T14:01:06+00:00,UNALLOCATED,,,,,
SLCMP585-2367,2367,2367,288618361,2^288618361-1,STRUCTURAL_SCREEN_EXHAUSTED_PRIMALITY_UNASSIGNED,GF3A_DIRECTIONAL_WRITE_EXHAUSTED_PRIMALITY_UNASSIGNED,513,512,512,NO_RECORDED_FACTOR_PRP_OR_LL_RESULT_AND_NO_ACTIVE_GIMPS_ASSIGNMENT,2026-08-08T14:01:06+00:00,UNALLOCATED,,,,,
SLCMP585-2368,2368,2368,288618457,2^288618457-1,STRUCTURAL_SCREEN_EXHAUSTED_PRIMALITY_UNASSIGNED,GF3A_DIRECTIONAL_WRITE_EXHAUSTED_PRIMALITY_UNASSIGNED,513,512,512,NO_RECORDED_FACTOR_PRP_OR_LL_RESULT_AND_NO_ACTIVE_GIMPS_ASSIGNMENT,2026-08-08T14:01:06+00:00,UNALLOCATED,,,,,
SLCMP585-2369,2369,2369,288618481,2^288618481-1,STRUCTURAL_SCREEN_EXHAUSTED_PRIMALITY_UNASSIGNED,GF3A_DIRECTIONAL_WRITE_EXHAUSTED_PRIMALITY_UNASSIGNED,513,512,512,NO_RECORDED_FACTOR_PRP_OR_LL_RESULT_AND_NO_ACTIVE_GIMPS_ASSIGNMENT,2026-08-08T14:01:06+00:00,UNALLOCATED,,,,,
SLCMP585-2370,2370,2370,288618497,2^288618497-1,STRUCTURAL_SCREEN_EXHAUSTED_PRIMALITY_UNASSIGNED,GF3A_DIRECTIONAL_WRITE_EXHAUSTED_PRIMALITY_UNASSIGNED,513,512,512,NO_RECORDED_FACTOR_PRP_OR_LL_RESULT_AND_NO_ACTIVE_GIMPS_ASSIGNMENT,2026-08-08T14:01:06+00:00,UNALLOCATED,,,,,
SLCMP585-2371,2371,2371,288618529,2^288618529-1,STRUCTURAL_SCREEN_EXHAUSTED_PRIMALITY_UNASSIGNED,GF3A_DIRECTIONAL_WRITE_EXHAUSTED_PRIMALITY_UNASSIGNED,513,512,512,NO_RECORDED_FACTOR_PRP_OR_LL_RESULT_AND_NO_ACTIVE_GIMPS_ASSIGNMENT,2026-08-08T14:01:06+00:00,UNALLOCATED,,,,,
SLCMP585-2372,2372,2372,288618613,2^288618613-1,STRUCTURAL_SCREEN_EXHAUSTED_PRIMALITY_UNASSIGNED,GF3A_DIRECTIONAL_WRITE_EXHAUSTED_PRIMALITY_UNASSIGNED,513,512,512,NO_RECORDED_FACTOR_PRP_OR_LL_RESULT_AND_NO_ACTIVE_GIMPS_ASSIGNMENT,2026-08-08T14:01:06+00:00,UNALLOCATED,,,,,
SLCMP585-2373,2373,2373,288618661,2^288618661-1,STRUCTURAL_SCREEN_EXHAUSTED_PRIMALITY_UNASSIGNED,GF3A_DIRECTIONAL_WRITE_EXHAUSTED_PRIMALITY_UNASSIGNED,513,512,512,NO_RECORDED_FACTOR_PRP_OR_LL_RESULT_AND_NO_ACTIVE_GIMPS_ASSIGNMENT,2026-08-08T14:01:06+00:00,UNALLOCATED,,,,,
SLCMP585-2374,2374,2374,288618691,2^288618691-1,STRUCTURAL_SCREEN_EXHAUSTED_PRIMALITY_UNASSIGNED,GF3A_DIRECTIONAL_WRITE_EXHAUSTED_PRIMALITY_UNASSIGNED,514,512,512,NO_RECORDED_FACTOR_PRP_OR_LL_RESULT_AND_NO_ACTIVE_GIMPS_ASSIGNMENT,2026-08-08T14:01:06+00:00,UNALLOCATED,,,,,
SLCMP585-2375,2375,2375,288618793,2^288618793-1,STRUCTURAL_SCREEN_EXHAUSTED_PRIMALITY_UNASSIGNED,GF3A_DIRECTIONAL_WRITE_EXHAUSTED_PRIMALITY_UNASSIGNED,513,512,512,NO_RECORDED_FACTOR_PRP_OR_LL_RESULT_AND_NO_ACTIVE_GIMPS_ASSIGNMENT,2026-08-08T14:01:06+00:00,UNALLOCATED,,,,,
SLCMP585-2376,2376,2376,288618829,2^288618829-1,STRUCTURAL_SCREEN_EXHAUSTED_PRIMALITY_UNASSIGNED,GF3A_DIRECTIONAL_WRITE_EXHAUSTED_PRIMALITY_UNASSIGNED,513,512,512,NO_RECORDED_FACTOR_PRP_OR_LL_RESULT_AND_NO_ACTIVE_GIMPS_ASSIGNMENT,2026-08-08T14:01:06+00:00,UNALLOCATED,,,,,
SLCMP585-2377,2377,2377,288618887,2^288618887-1,STRUCTURAL_SCREEN_EXHAUSTED_PRIMALITY_UNASSIGNED,GF3A_DIRECTIONAL_WRITE_EXHAUSTED_PRIMALITY_UNASSIGNED,514,512,512,NO_RECORDED_FACTOR_PRP_OR_LL_RESULT_AND_NO_ACTIVE_GIMPS_ASSIGNMENT,2026-08-08T14:01:06+00:00,UNALLOCATED,,,,,
SLCMP585-2378,2378,2378,288618983,2^288618983-1,STRUCTURAL_SCREEN_EXHAUSTED_PRIMALITY_UNASSIGNED,GF3A_DIRECTIONAL_WRITE_EXHAUSTED_PRIMALITY_UNASSIGNED,514,512,512,NO_RECORDED_FACTOR_PRP_OR_LL_RESULT_AND_NO_ACTIVE_GIMPS_ASSIGNMENT,2026-08-08T14:01:06+00:00,UNALLOCATED,,,,,
SLCMP585-2379,2379,2379,288618997,2^288618997-1,STRUCTURAL_SCREEN_EXHAUSTED_PRIMALITY_UNASSIGNED,GF3A_DIRECTIONAL_WRITE_EXHAUSTED_PRIMALITY_UNASSIGNED,513,512,512,NO_RECORDED_FACTOR_PRP_OR_LL_RESULT_AND_NO_ACTIVE_GIMPS_ASSIGNMENT,2026-08-08T14:01:06+00:00,UNALLOCATED,,,,,
SLCMP585-2380,2380,2380,288619003,2^288619003-1,STRUCTURAL_SCREEN_EXHAUSTED_PRIMALITY_UNASSIGNED,GF3A_DIRECTIONAL_WRITE_EXHAUSTED_PRIMALITY_UNASSIGNED,514,512,512,NO_RECORDED_FACTOR_PRP_OR_LL_RESULT_AND_NO_ACTIVE_GIMPS_ASSIGNMENT,2026-08-08T14:01:06+00:00,UNALLOCATED,,,,,
SLCMP585-2381,2381,2381,288619031,2^288619031-1,STRUCTURAL_SCREEN_EXHAUSTED_PRIMALITY_UNASSIGNED,GF3A_DIRECTIONAL_WRITE_EXHAUSTED_PRIMALITY_UNASSIGNED,514,512,512,NO_RECORDED_FACTOR_PRP_OR_LL_RESULT_AND_NO_ACTIVE_GIMPS_ASSIGNMENT,2026-08-08T14:01:06+00:00,UNALLOCATED,,,,,
SLCMP585-2382,2382,2382,288619039,2^288619039-1,STRUCTURAL_SCREEN_EXHAUSTED_PRIMALITY_UNASSIGNED,GF3A_DIRECTIONAL_WRITE_EXHAUSTED_PRIMALITY_UNASSIGNED,514,512,512,NO_RECORDED_FACTOR_PRP_OR_LL_RESULT_AND_NO_ACTIVE_GIMPS_ASSIGNMENT,2026-08-08T14:01:06+00:00,UNALLOCATED,,,,,
SLCMP585-2383,2383,2383,288619099,2^288619099-1,STRUCTURAL_SCREEN_EXHAUSTED_PRIMALITY_UNASSIGNED,GF3A_DIRECTIONAL_WRITE_EXHAUSTED_PRIMALITY_UNASSIGNED,514,512,512,NO_RECORDED_FACTOR_PRP_OR_LL_RESULT_AND_NO_ACTIVE_GIMPS_ASSIGNMENT,2026-08-08T14:01:06+00:00,UNALLOCATED,,,,,
SLCMP585-2384,2384,2384,288619169,2^288619169-1,STRUCTURAL_SCREEN_EXHAUSTED_PRIMALITY_UNASSIGNED,GF3A_DIRECTIONAL_WRITE_EXHAUSTED_PRIMALITY_UNASSIGNED,513,512,512,NO_RECORDED_FACTOR_PRP_OR_LL_RESULT_AND_NO_ACTIVE_GIMPS_ASSIGNMENT,2026-08-08T14:01:06+00:00,UNALLOCATED,,,,,
SLCMP585-2385,2385,2385,288619283,2^288619283-1,STRUCTURAL_SCREEN_EXHAUSTED_PRIMALITY_UNASSIGNED,GF3A_DIRECTIONAL_WRITE_EXHAUSTED_PRIMALITY_UNASSIGNED,514,512,512,NO_RECORDED_FACTOR_PRP_OR_LL_RESULT_AND_NO_ACTIVE_GIMPS_ASSIGNMENT,2026-08-08T14:01:06+00:00,UNALLOCATED,,,,,
SLCMP585-2386,2386,2386,288619301,2^288619301-1,STRUCTURAL_SCREEN_EXHAUSTED_PRIMALITY_UNASSIGNED,GF3A_DIRECTIONAL_WRITE_EXHAUSTED_PRIMALITY_UNASSIGNED,513,512,512,NO_RECORDED_FACTOR_PRP_OR_LL_RESULT_AND_NO_ACTIVE_GIMPS_ASSIGNMENT,2026-08-08T14:01:06+00:00,UNALLOCATED,,,,,
SLCMP585-2387,2387,2387,288619313,2^288619313-1,STRUCTURAL_SCREEN_EXHAUSTED_PRIMALITY_UNASSIGNED,GF3A_DIRECTIONAL_WRITE_EXHAUSTED_PRIMALITY_UNASSIGNED,513,512,512,NO_RECORDED_FACTOR_PRP_OR_LL_RESULT_AND_NO_ACTIVE_GIMPS_ASSIGNMENT,2026-08-08T14:01:06+00:00,UNALLOCATED,,,,,
SLCMP585-2388,2388,2388,288619391,2^288619391-1,STRUCTURAL_SCREEN_EXHAUSTED_PRIMALITY_UNASSIGNED,GF3A_DIRECTIONAL_WRITE_EXHAUSTED_PRIMALITY_UNASSIGNED,514,512,512,NO_RECORDED_FACTOR_PRP_OR_LL_RESULT_AND_NO_ACTIVE_GIMPS_ASSIGNMENT,2026-08-08T14:01:06+00:00,UNALLOCATED,,,,,
SLCMP585-2389,2389,2389,288619427,2^288619427-1,STRUCTURAL_SCREEN_EXHAUSTED_PRIMALITY_UNASSIGNED,GF3A_DIRECTIONAL_WRITE_EXHAUSTED_PRIMALITY_UNASSIGNED,514,512,512,NO_RECORDED_FACTOR_PRP_OR_LL_RESULT_AND_NO_ACTIVE_GIMPS_ASSIGNMENT,2026-08-08T14:01:06+00:00,UNALLOCATED,,,,,
SLCMP585-2390,2390,2390,288619501,2^288619501-1,STRUCTURAL_SCREEN_EXHAUSTED_PRIMALITY_UNASSIGNED,GF3A_DIRECTIONAL_WRITE_EXHAUSTED_PRIMALITY_UNASSIGNED,513,512,512,NO_RECORDED_FACTOR_PRP_OR_LL_RESULT_AND_NO_ACTIVE_GIMPS_ASSIGNMENT,2026-08-08T14:01:06+00:00,UNALLOCATED,,,,,
SLCMP585-2391,2391,2391,288619577,2^288619577-1,STRUCTURAL_SCREEN_EXHAUSTED_PRIMALITY_UNASSIGNED,GF3A_DIRECTIONAL_WRITE_EXHAUSTED_PRIMALITY_UNASSIGNED,513,512,512,NO_RECORDED_FACTOR_PRP_OR_LL_RESULT_AND_NO_ACTIVE_GIMPS_ASSIGNMENT,2026-08-08T14:01:06+00:00,UNALLOCATED,,,,,
SLCMP585-2392,2392,2392,288619601,2^288619601-1,STRUCTURAL_SCREEN_EXHAUSTED_PRIMALITY_UNASSIGNED,GF3A_DIRECTIONAL_WRITE_EXHAUSTED_PRIMALITY_UNASSIGNED,513,512,512,NO_RECORDED_FACTOR_PRP_OR_LL_RESULT_AND_NO_ACTIVE_GIMPS_ASSIGNMENT,2026-08-08T14:01:06+00:00,UNALLOCATED,,,,,
SLCMP585-2393,2393,2393,288619673,2^288619673-1,STRUCTURAL_SCREEN_EXHAUSTED_PRIMALITY_UNASSIGNED,GF3A_DIRECTIONAL_WRITE_EXHAUSTED_PRIMALITY_UNASSIGNED,513,512,512,NO_RECORDED_FACTOR_PRP_OR_LL_RESULT_AND_NO_ACTIVE_GIMPS_ASSIGNMENT,2026-08-08T14:01:06+00:00,UNALLOCATED,,,,,
SLCMP585-2394,2394,2394,288619691,2^288619691-1,STRUCTURAL_SCREEN_EXHAUSTED_PRIMALITY_UNASSIGNED,GF3A_DIRECTIONAL_WRITE_EXHAUSTED_PRIMALITY_UNASSIGNED,514,512,512,NO_RECORDED_FACTOR_PRP_OR_LL_RESULT_AND_NO_ACTIVE_GIMPS_ASSIGNMENT,2026-08-08T14:01:06+00:00,UNALLOCATED,,,,,
SLCMP585-2395,2395,2395,288619733,2^288619733-1,STRUCTURAL_SCREEN_EXHAUSTED_PRIMALITY_UNASSIGNED,GF3A_DIRECTIONAL_WRITE_EXHAUSTED_PRIMALITY_UNASSIGNED,513,512,512,NO_RECORDED_FACTOR_PRP_OR_LL_RESULT_AND_NO_ACTIVE_GIMPS_ASSIGNMENT,2026-08-08T14:01:06+00:00,UNALLOCATED,,,,,
SLCMP585-2396,2396,2396,288619769,2^288619769-1,STRUCTURAL_SCREEN_EXHAUSTED_PRIMALITY_UNASSIGNED,GF3A_DIRECTIONAL_WRITE_EXHAUSTED_PRIMALITY_UNASSIGNED,513,512,512,NO_RECORDED_FACTOR_PRP_OR_LL_RESULT_AND_NO_ACTIVE_GIMPS_ASSIGNMENT,2026-08-08T14:01:06+00:00,UNALLOCATED,,,,,
SLCMP585-2397,2397,2397,288619777,2^288619777-1,STRUCTURAL_SCREEN_EXHAUSTED_PRIMALITY_UNASSIGNED,GF3A_DIRECTIONAL_WRITE_EXHAUSTED_PRIMALITY_UNASSIGNED,513,512,512,NO_RECORDED_FACTOR_PRP_OR_LL_RESULT_AND_NO_ACTIVE_GIMPS_ASSIGNMENT,2026-08-08T14:01:06+00:00,UNALLOCATED,,,,,
SLCMP585-2398,2398,2398,288619783,2^288619783-1,STRUCTURAL_SCREEN_EXHAUSTED_PRIMALITY_UNASSIGNED,GF3A_DIRECTIONAL_WRITE_EXHAUSTED_PRIMALITY_UNASSIGNED,514,512,512,NO_RECORDED_FACTOR_PRP_OR_LL_RESULT_AND_NO_ACTIVE_GIMPS_ASSIGNMENT,2026-08-08T14:01:06+00:00,UNALLOCATED,,,,,
SLCMP585-2399,2399,2399,288619811,2^288619811-1,STRUCTURAL_SCREEN_EXHAUSTED_PRIMALITY_UNASSIGNED,GF3A_DIRECTIONAL_WRITE_EXHAUSTED_PRIMALITY_UNASSIGNED,514,512,512,NO_RECORDED_FACTOR_PRP_OR_LL_RESULT_AND_NO_ACTIVE_GIMPS_ASSIGNMENT,2026-08-08T14:01:06+00:00,UNALLOCATED,,,,,
SLCMP585-2400,2400,2400,288619841,2^288619841-1,STRUCTURAL_SCREEN_EXHAUSTED_PRIMALITY_UNASSIGNED,GF3A_DIRECTIONAL_WRITE_EXHAUSTED_PRIMALITY_UNASSIGNED,513,512,512,NO_RECORDED_FACTOR_PRP_OR_LL_RESULT_AND_NO_ACTIVE_GIMPS_ASSIGNMENT,2026-08-08T14:01:06+00:00,UNALLOCATED,,,,,
SLCMP585-2401,2401,2401,288619843,2^288619843-1,STRUCTURAL_SCREEN_EXHAUSTED_PRIMALITY_UNASSIGNED,GF3A_DIRECTIONAL_WRITE_EXHAUSTED_PRIMALITY_UNASSIGNED,514,512,512,NO_RECORDED_FACTOR_PRP_OR_LL_RESULT_AND_NO_ACTIVE_GIMPS_ASSIGNMENT,2026-08-08T14:01:06+00:00,UNALLOCATED,,,,,
SLCMP585-2402,2402,2402,288619871,2^288619871-1,STRUCTURAL_SCREEN_EXHAUSTED_PRIMALITY_UNASSIGNED,GF3A_DIRECTIONAL_WRITE_EXHAUSTED_PRIMALITY_UNASSIGNED,514,512,512,NO_RECORDED_FACTOR_PRP_OR_LL_RESULT_AND_NO_ACTIVE_GIMPS_ASSIGNMENT,2026-08-08T14:01:06+00:00,UNALLOCATED,,,,,
SLCMP585-2403,2403,2403,288619949,2^288619949-1,STRUCTURAL_SCREEN_EXHAUSTED_PRIMALITY_UNASSIGNED,GF3A_DIRECTIONAL_WRITE_EXHAUSTED_PRIMALITY_UNASSIGNED,513,512,512,NO_RECORDED_FACTOR_PRP_OR_LL_RESULT_AND_NO_ACTIVE_GIMPS_ASSIGNMENT,2026-08-08T14:01:06+00:00,UNALLOCATED,,,,,
SLCMP585-2404,2404,2404,288619963,2^288619963-1,STRUCTURAL_SCREEN_EXHAUSTED_PRIMALITY_UNASSIGNED,GF3A_DIRECTIONAL_WRITE_EXHAUSTED_PRIMALITY_UNASSIGNED,514,512,512,NO_RECORDED_FACTOR_PRP_OR_LL_RESULT_AND_NO_ACTIVE_GIMPS_ASSIGNMENT,2026-08-08T14:01:06+00:00,UNALLOCATED,,,,,
SLCMP585-2405,2405,2405,288619973,2^288619973-1,STRUCTURAL_SCREEN_EXHAUSTED_PRIMALITY_UNASSIGNED,GF3A_DIRECTIONAL_WRITE_EXHAUSTED_PRIMALITY_UNASSIGNED,513,512,512,NO_RECORDED_FACTOR_PRP_OR_LL_RESULT_AND_NO_ACTIVE_GIMPS_ASSIGNMENT,2026-08-08T14:01:06+00:00,UNALLOCATED,,,,,
SLCMP585-2406,2406,2406,288620159,2^288620159-1,STRUCTURAL_SCREEN_EXHAUSTED_PRIMALITY_UNASSIGNED,GF3A_DIRECTIONAL_WRITE_EXHAUSTED_PRIMALITY_UNASSIGNED,514,512,512,NO_RECORDED_FACTOR_PRP_OR_LL_RESULT_AND_NO_ACTIVE_GIMPS_ASSIGNMENT,2026-08-08T14:01:06+00:00,UNALLOCATED,,,,,
SLCMP585-2407,2407,2407,288620161,2^288620161-1,STRUCTURAL_SCREEN_EXHAUSTED_PRIMALITY_UNASSIGNED,GF3A_DIRECTIONAL_WRITE_EXHAUSTED_PRIMALITY_UNASSIGNED,513,512,512,NO_RECORDED_FACTOR_PRP_OR_LL_RESULT_AND_NO_ACTIVE_GIMPS_ASSIGNMENT,2026-08-08T14:01:06+00:00,UNALLOCATED,,,,,
SLCMP585-2408,2408,2408,288620357,2^288620357-1,STRUCTURAL_SCREEN_EXHAUSTED_PRIMALITY_UNASSIGNED,GF3A_DIRECTIONAL_WRITE_EXHAUSTED_PRIMALITY_UNASSIGNED,513,512,512,NO_RECORDED_FACTOR_PRP_OR_LL_RESULT_AND_NO_ACTIVE_GIMPS_ASSIGNMENT,2026-08-08T14:01:06+00:00,UNALLOCATED,,,,,
SLCMP585-2409,2409,2409,288620701,2^288620701-1,STRUCTURAL_SCREEN_EXHAUSTED_PRIMALITY_UNASSIGNED,GF3A_DIRECTIONAL_WRITE_EXHAUSTED_PRIMALITY_UNASSIGNED,513,512,512,NO_RECORDED_FACTOR_PRP_OR_LL_RESULT_AND_NO_ACTIVE_GIMPS_ASSIGNMENT,2026-08-08T14:01:06+00:00,UNALLOCATED,,,,,
SLCMP585-2410,2410,2410,288620711,2^288620711-1,STRUCTURAL_SCREEN_EXHAUSTED_PRIMALITY_UNASSIGNED,GF3A_DIRECTIONAL_WRITE_EXHAUSTED_PRIMALITY_UNASSIGNED,514,512,512,NO_RECORDED_FACTOR_PRP_OR_LL_RESULT_AND_NO_ACTIVE_GIMPS_ASSIGNMENT,2026-08-08T14:01:06+00:00,UNALLOCATED,,,,,
SLCMP585-2411,2411,2411,288620719,2^288620719-1,STRUCTURAL_SCREEN_EXHAUSTED_PRIMALITY_UNASSIGNED,GF3A_DIRECTIONAL_WRITE_EXHAUSTED_PRIMALITY_UNASSIGNED,514,512,512,NO_RECORDED_FACTOR_PRP_OR_LL_RESULT_AND_NO_ACTIVE_GIMPS_ASSIGNMENT,2026-08-08T14:01:06+00:00,UNALLOCATED,,,,,
SLCMP585-2412,2412,2412,288620737,2^288620737-1,STRUCTURAL_SCREEN_EXHAUSTED_PRIMALITY_UNASSIGNED,GF3A_DIRECTIONAL_WRITE_EXHAUSTED_PRIMALITY_UNASSIGNED,513,512,512,NO_RECORDED_FACTOR_PRP_OR_LL_RESULT_AND_NO_ACTIVE_GIMPS_ASSIGNMENT,2026-08-08T14:01:06+00:00,UNALLOCATED,,,,,
SLCMP585-2413,2413,2413,288620741,2^288620741-1,STRUCTURAL_SCREEN_EXHAUSTED_PRIMALITY_UNASSIGNED,GF3A_DIRECTIONAL_WRITE_EXHAUSTED_PRIMALITY_UNASSIGNED,513,512,512,NO_RECORDED_FACTOR_PRP_OR_LL_RESULT_AND_NO_ACTIVE_GIMPS_ASSIGNMENT,2026-08-08T14:01:06+00:00,UNALLOCATED,,,,,
SLCMP585-2414,2414,2414,288620753,2^288620753-1,STRUCTURAL_SCREEN_EXHAUSTED_PRIMALITY_UNASSIGNED,GF3A_DIRECTIONAL_WRITE_EXHAUSTED_PRIMALITY_UNASSIGNED,513,512,512,NO_RECORDED_FACTOR_PRP_OR_LL_RESULT_AND_NO_ACTIVE_GIMPS_ASSIGNMENT,2026-08-08T14:01:06+00:00,UNALLOCATED,,,,,
SLCMP585-2415,2415,2415,288620803,2^288620803-1,STRUCTURAL_SCREEN_EXHAUSTED_PRIMALITY_UNASSIGNED,GF3A_DIRECTIONAL_WRITE_EXHAUSTED_PRIMALITY_UNASSIGNED,514,512,512,NO_RECORDED_FACTOR_PRP_OR_LL_RESULT_AND_NO_ACTIVE_GIMPS_ASSIGNMENT,2026-08-08T14:01:06+00:00,UNALLOCATED,,,,,
SLCMP585-2416,2416,2416,288620833,2^288620833-1,STRUCTURAL_SCREEN_EXHAUSTED_PRIMALITY_UNASSIGNED,GF3A_DIRECTIONAL_WRITE_EXHAUSTED_PRIMALITY_UNASSIGNED,513,512,512,NO_RECORDED_FACTOR_PRP_OR_LL_RESULT_AND_NO_ACTIVE_GIMPS_ASSIGNMENT,2026-08-08T14:01:06+00:00,UNALLOCATED,,,,,
SLCMP585-2417,2417,2417,288620863,2^288620863-1,STRUCTURAL_SCREEN_EXHAUSTED_PRIMALITY_UNASSIGNED,GF3A_DIRECTIONAL_WRITE_EXHAUSTED_PRIMALITY_UNASSIGNED,514,512,512,NO_RECORDED_FACTOR_PRP_OR_LL_RESULT_AND_NO_ACTIVE_GIMPS_ASSIGNMENT,2026-08-08T14:01:06+00:00,UNALLOCATED,,,,,
SLCMP585-2418,2418,2418,288620909,2^288620909-1,STRUCTURAL_SCREEN_EXHAUSTED_PRIMALITY_UNASSIGNED,GF3A_DIRECTIONAL_WRITE_EXHAUSTED_PRIMALITY_UNASSIGNED,513,512,512,NO_RECORDED_FACTOR_PRP_OR_LL_RESULT_AND_NO_ACTIVE_GIMPS_ASSIGNMENT,2026-08-08T14:01:06+00:00,UNALLOCATED,,,,,
SLCMP585-2419,2419,2419,288620929,2^288620929-1,STRUCTURAL_SCREEN_EXHAUSTED_PRIMALITY_UNASSIGNED,GF3A_DIRECTIONAL_WRITE_EXHAUSTED_PRIMALITY_UNASSIGNED,513,512,512,NO_RECORDED_FACTOR_PRP_OR_LL_RESULT_AND_NO_ACTIVE_GIMPS_ASSIGNMENT,2026-08-08T14:01:06+00:00,UNALLOCATED,,,,,
SLCMP585-2420,2420,2420,288621131,2^288621131-1,STRUCTURAL_SCREEN_EXHAUSTED_PRIMALITY_UNASSIGNED,GF3A_DIRECTIONAL_WRITE_EXHAUSTED_PRIMALITY_UNASSIGNED,514,512,512,NO_RECORDED_FACTOR_PRP_OR_LL_RESULT_AND_NO_ACTIVE_GIMPS_ASSIGNMENT,2026-08-08T14:01:06+00:00,UNALLOCATED,,,,,
SLCMP585-2421,2421,2421,288621133,2^288621133-1,STRUCTURAL_SCREEN_EXHAUSTED_PRIMALITY_UNASSIGNED,GF3A_DIRECTIONAL_WRITE_EXHAUSTED_PRIMALITY_UNASSIGNED,513,512,512,NO_RECORDED_FACTOR_PRP_OR_LL_RESULT_AND_NO_ACTIVE_GIMPS_ASSIGNMENT,2026-08-08T14:01:06+00:00,UNALLOCATED,,,,,
SLCMP585-2422,2422,2422,288621139,2^288621139-1,STRUCTURAL_SCREEN_EXHAUSTED_PRIMALITY_UNASSIGNED,GF3A_DIRECTIONAL_WRITE_EXHAUSTED_PRIMALITY_UNASSIGNED,514,512,512,NO_RECORDED_FACTOR_PRP_OR_LL_RESULT_AND_NO_ACTIVE_GIMPS_ASSIGNMENT,2026-08-08T14:01:06+00:00,UNALLOCATED,,,,,
SLCMP585-2423,2423,2423,288621149,2^288621149-1,STRUCTURAL_SCREEN_EXHAUSTED_PRIMALITY_UNASSIGNED,GF3A_DIRECTIONAL_WRITE_EXHAUSTED_PRIMALITY_UNASSIGNED,513,512,512,NO_RECORDED_FACTOR_PRP_OR_LL_RESULT_AND_NO_ACTIVE_GIMPS_ASSIGNMENT,2026-08-08T14:01:06+00:00,UNALLOCATED,,,,,
SLCMP585-2424,2424,2424,288621163,2^288621163-1,STRUCTURAL_SCREEN_EXHAUSTED_PRIMALITY_UNASSIGNED,GF3A_DIRECTIONAL_WRITE_EXHAUSTED_PRIMALITY_UNASSIGNED,514,512,512,NO_RECORDED_FACTOR_PRP_OR_LL_RESULT_AND_NO_ACTIVE_GIMPS_ASSIGNMENT,2026-08-08T14:01:06+00:00,UNALLOCATED,,,,,
SLCMP585-2425,2425,2425,288621187,2^288621187-1,STRUCTURAL_SCREEN_EXHAUSTED_PRIMALITY_UNASSIGNED,GF3A_DIRECTIONAL_WRITE_EXHAUSTED_PRIMALITY_UNASSIGNED,514,512,512,NO_RECORDED_FACTOR_PRP_OR_LL_RESULT_AND_NO_ACTIVE_GIMPS_ASSIGNMENT,2026-08-08T14:01:06+00:00,UNALLOCATED,,,,,
SLCMP585-2426,2426,2426,288621353,2^288621353-1,STRUCTURAL_SCREEN_EXHAUSTED_PRIMALITY_UNASSIGNED,GF3A_DIRECTIONAL_WRITE_EXHAUSTED_PRIMALITY_UNASSIGNED,513,512,512,NO_RECORDED_FACTOR_PRP_OR_LL_RESULT_AND_NO_ACTIVE_GIMPS_ASSIGNMENT,2026-08-08T14:01:06+00:00,UNALLOCATED,,,,,
SLCMP585-2427,2427,2427,288621371,2^288621371-1,STRUCTURAL_SCREEN_EXHAUSTED_PRIMALITY_UNASSIGNED,GF3A_DIRECTIONAL_WRITE_EXHAUSTED_PRIMALITY_UNASSIGNED,514,512,512,NO_RECORDED_FACTOR_PRP_OR_LL_RESULT_AND_NO_ACTIVE_GIMPS_ASSIGNMENT,2026-08-08T14:01:06+00:00,UNALLOCATED,,,,,
SLCMP585-2428,2428,2428,288621379,2^288621379-1,STRUCTURAL_SCREEN_EXHAUSTED_PRIMALITY_UNASSIGNED,GF3A_DIRECTIONAL_WRITE_EXHAUSTED_PRIMALITY_UNASSIGNED,514,512,512,NO_RECORDED_FACTOR_PRP_OR_LL_RESULT_AND_NO_ACTIVE_GIMPS_ASSIGNMENT,2026-08-08T14:01:06+00:00,UNALLOCATED,,,,,
SLCMP585-2429,2429,2429,288621401,2^288621401-1,STRUCTURAL_SCREEN_EXHAUSTED_PRIMALITY_UNASSIGNED,GF3A_DIRECTIONAL_WRITE_EXHAUSTED_PRIMALITY_UNASSIGNED,513,512,512,NO_RECORDED_FACTOR_PRP_OR_LL_RESULT_AND_NO_ACTIVE_GIMPS_ASSIGNMENT,2026-08-08T14:01:06+00:00,UNALLOCATED,,,,,
SLCMP585-2430,2430,2430,288621433,2^288621433-1,STRUCTURAL_SCREEN_EXHAUSTED_PRIMALITY_UNASSIGNED,GF3A_DIRECTIONAL_WRITE_EXHAUSTED_PRIMALITY_UNASSIGNED,513,512,512,NO_RECORDED_FACTOR_PRP_OR_LL_RESULT_AND_NO_ACTIVE_GIMPS_ASSIGNMENT,2026-08-08T14:01:06+00:00,UNALLOCATED,,,,,
SLCMP585-2431,2431,2431,288621587,2^288621587-1,STRUCTURAL_SCREEN_EXHAUSTED_PRIMALITY_UNASSIGNED,GF3A_DIRECTIONAL_WRITE_EXHAUSTED_PRIMALITY_UNASSIGNED,514,512,512,NO_RECORDED_FACTOR_PRP_OR_LL_RESULT_AND_NO_ACTIVE_GIMPS_ASSIGNMENT,2026-08-08T14:01:06+00:00,UNALLOCATED,,,,,
SLCMP585-2432,2432,2432,288621607,2^288621607-1,STRUCTURAL_SCREEN_EXHAUSTED_PRIMALITY_UNASSIGNED,GF3A_DIRECTIONAL_WRITE_EXHAUSTED_PRIMALITY_UNASSIGNED,514,512,512,NO_RECORDED_FACTOR_PRP_OR_LL_RESULT_AND_NO_ACTIVE_GIMPS_ASSIGNMENT,2026-08-08T14:01:06+00:00,UNALLOCATED,,,,,
SLCMP585-2433,2433,2433,288621611,2^288621611-1,STRUCTURAL_SCREEN_EXHAUSTED_PRIMALITY_UNASSIGNED,GF3A_DIRECTIONAL_WRITE_EXHAUSTED_PRIMALITY_UNASSIGNED,514,512,512,NO_RECORDED_FACTOR_PRP_OR_LL_RESULT_AND_NO_ACTIVE_GIMPS_ASSIGNMENT,2026-08-08T14:01:06+00:00,UNALLOCATED,,,,,
SLCMP585-2434,2434,2434,288621643,2^288621643-1,STRUCTURAL_SCREEN_EXHAUSTED_PRIMALITY_UNASSIGNED,GF3A_DIRECTIONAL_WRITE_EXHAUSTED_PRIMALITY_UNASSIGNED,514,512,512,NO_RECORDED_FACTOR_PRP_OR_LL_RESULT_AND_NO_ACTIVE_GIMPS_ASSIGNMENT,2026-08-08T14:01:06+00:00,UNALLOCATED,,,,,
SLCMP585-2435,2435,2435,288621677,2^288621677-1,STRUCTURAL_SCREEN_EXHAUSTED_PRIMALITY_UNASSIGNED,GF3A_DIRECTIONAL_WRITE_EXHAUSTED_PRIMALITY_UNASSIGNED,513,512,512,NO_RECORDED_FACTOR_PRP_OR_LL_RESULT_AND_NO_ACTIVE_GIMPS_ASSIGNMENT,2026-08-08T14:01:06+00:00,UNALLOCATED,,,,,
SLCMP585-2436,2436,2436,288621679,2^288621679-1,STRUCTURAL_SCREEN_EXHAUSTED_PRIMALITY_UNASSIGNED,GF3A_DIRECTIONAL_WRITE_EXHAUSTED_PRIMALITY_UNASSIGNED,514,512,512,NO_RECORDED_FACTOR_PRP_OR_LL_RESULT_AND_NO_ACTIVE_GIMPS_ASSIGNMENT,2026-08-08T14:01:06+00:00,UNALLOCATED,,,,,
SLCMP585-2437,2437,2437,288621709,2^288621709-1,STRUCTURAL_SCREEN_EXHAUSTED_PRIMALITY_UNASSIGNED,GF3A_DIRECTIONAL_WRITE_EXHAUSTED_PRIMALITY_UNASSIGNED,513,512,512,NO_RECORDED_FACTOR_PRP_OR_LL_RESULT_AND_NO_ACTIVE_GIMPS_ASSIGNMENT,2026-08-08T14:01:06+00:00,UNALLOCATED,,,,,
SLCMP585-2438,2438,2438,288621737,2^288621737-1,STRUCTURAL_SCREEN_EXHAUSTED_PRIMALITY_UNASSIGNED,GF3A_DIRECTIONAL_WRITE_EXHAUSTED_PRIMALITY_UNASSIGNED,513,512,512,NO_RECORDED_FACTOR_PRP_OR_LL_RESULT_AND_NO_ACTIVE_GIMPS_ASSIGNMENT,2026-08-08T14:01:06+00:00,UNALLOCATED,,,,,
SLCMP585-2439,2439,2439,288621757,2^288621757-1,STRUCTURAL_SCREEN_EXHAUSTED_PRIMALITY_UNASSIGNED,GF3A_DIRECTIONAL_WRITE_EXHAUSTED_PRIMALITY_UNASSIGNED,513,512,512,NO_RECORDED_FACTOR_PRP_OR_LL_RESULT_AND_NO_ACTIVE_GIMPS_ASSIGNMENT,2026-08-08T14:01:06+00:00,UNALLOCATED,,,,,
SLCMP585-2440,2440,2440,288621859,2^288621859-1,STRUCTURAL_SCREEN_EXHAUSTED_PRIMALITY_UNASSIGNED,GF3A_DIRECTIONAL_WRITE_EXHAUSTED_PRIMALITY_UNASSIGNED,514,512,512,NO_RECORDED_FACTOR_PRP_OR_LL_RESULT_AND_NO_ACTIVE_GIMPS_ASSIGNMENT,2026-08-08T14:01:06+00:00,UNALLOCATED,,,,,
SLCMP585-2441,2441,2441,288621881,2^288621881-1,STRUCTURAL_SCREEN_EXHAUSTED_PRIMALITY_UNASSIGNED,GF3A_DIRECTIONAL_WRITE_EXHAUSTED_PRIMALITY_UNASSIGNED,513,512,512,NO_RECORDED_FACTOR_PRP_OR_LL_RESULT_AND_NO_ACTIVE_GIMPS_ASSIGNMENT,2026-08-08T14:01:06+00:00,UNALLOCATED,,,,,
SLCMP585-2442,2442,2442,288621911,2^288621911-1,STRUCTURAL_SCREEN_EXHAUSTED_PRIMALITY_UNASSIGNED,GF3A_DIRECTIONAL_WRITE_EXHAUSTED_PRIMALITY_UNASSIGNED,514,512,512,NO_RECORDED_FACTOR_PRP_OR_LL_RESULT_AND_NO_ACTIVE_GIMPS_ASSIGNMENT,2026-08-08T14:01:06+00:00,UNALLOCATED,,,,,
SLCMP585-2443,2443,2443,288621979,2^288621979-1,STRUCTURAL_SCREEN_EXHAUSTED_PRIMALITY_UNASSIGNED,GF3A_DIRECTIONAL_WRITE_EXHAUSTED_PRIMALITY_UNASSIGNED,514,512,512,NO_RECORDED_FACTOR_PRP_OR_LL_RESULT_AND_NO_ACTIVE_GIMPS_ASSIGNMENT,2026-08-08T14:01:06+00:00,UNALLOCATED,,,,,
SLCMP585-2444,2444,2444,288622069,2^288622069-1,STRUCTURAL_SCREEN_EXHAUSTED_PRIMALITY_UNASSIGNED,GF3A_DIRECTIONAL_WRITE_EXHAUSTED_PRIMALITY_UNASSIGNED,513,512,512,NO_RECORDED_FACTOR_PRP_OR_LL_RESULT_AND_NO_ACTIVE_GIMPS_ASSIGNMENT,2026-08-08T14:01:06+00:00,UNALLOCATED,,,,,
SLCMP585-2445,2445,2445,288622079,2^288622079-1,STRUCTURAL_SCREEN_EXHAUSTED_PRIMALITY_UNASSIGNED,GF3A_DIRECTIONAL_WRITE_EXHAUSTED_PRIMALITY_UNASSIGNED,514,512,512,NO_RECORDED_FACTOR_PRP_OR_LL_RESULT_AND_NO_ACTIVE_GIMPS_ASSIGNMENT,2026-08-08T14:01:06+00:00,UNALLOCATED,,,,,
SLCMP585-2446,2446,2446,288622093,2^288622093-1,STRUCTURAL_SCREEN_EXHAUSTED_PRIMALITY_UNASSIGNED,GF3A_DIRECTIONAL_WRITE_EXHAUSTED_PRIMALITY_UNASSIGNED,513,512,512,NO_RECORDED_FACTOR_PRP_OR_LL_RESULT_AND_NO_ACTIVE_GIMPS_ASSIGNMENT,2026-08-08T14:01:06+00:00,UNALLOCATED,,,,,
SLCMP585-2447,2447,2447,288622151,2^288622151-1,STRUCTURAL_SCREEN_EXHAUSTED_PRIMALITY_UNASSIGNED,GF3A_DIRECTIONAL_WRITE_EXHAUSTED_PRIMALITY_UNASSIGNED,514,512,512,NO_RECORDED_FACTOR_PRP_OR_LL_RESULT_AND_NO_ACTIVE_GIMPS_ASSIGNMENT,2026-08-08T14:01:06+00:00,UNALLOCATED,,,,,
SLCMP585-2448,2448,2448,288622177,2^288622177-1,STRUCTURAL_SCREEN_EXHAUSTED_PRIMALITY_UNASSIGNED,GF3A_DIRECTIONAL_WRITE_EXHAUSTED_PRIMALITY_UNASSIGNED,513,512,512,NO_RECORDED_FACTOR_PRP_OR_LL_RESULT_AND_NO_ACTIVE_GIMPS_ASSIGNMENT,2026-08-08T14:01:06+00:00,UNALLOCATED,,,,,
SLCMP585-2449,2449,2449,288622223,2^288622223-1,STRUCTURAL_SCREEN_EXHAUSTED_PRIMALITY_UNASSIGNED,GF3A_DIRECTIONAL_WRITE_EXHAUSTED_PRIMALITY_UNASSIGNED,514,512,512,NO_RECORDED_FACTOR_PRP_OR_LL_RESULT_AND_NO_ACTIVE_GIMPS_ASSIGNMENT,2026-08-08T14:01:06+00:00,UNALLOCATED,,,,,
SLCMP585-2450,2450,2450,288622231,2^288622231-1,STRUCTURAL_SCREEN_EXHAUSTED_PRIMALITY_UNASSIGNED,GF3A_DIRECTIONAL_WRITE_EXHAUSTED_PRIMALITY_UNASSIGNED,514,512,512,NO_RECORDED_FACTOR_PRP_OR_LL_RESULT_AND_NO_ACTIVE_GIMPS_ASSIGNMENT,2026-08-08T14:01:06+00:00,UNALLOCATED,,,,,
SLCMP585-2451,2451,2451,288622273,2^288622273-1,STRUCTURAL_SCREEN_EXHAUSTED_PRIMALITY_UNASSIGNED,GF3A_DIRECTIONAL_WRITE_EXHAUSTED_PRIMALITY_UNASSIGNED,513,512,512,NO_RECORDED_FACTOR_PRP_OR_LL_RESULT_AND_NO_ACTIVE_GIMPS_ASSIGNMENT,2026-08-08T14:01:06+00:00,UNALLOCATED,,,,,
SLCMP585-2452,2452,2452,288622337,2^288622337-1,STRUCTURAL_SCREEN_EXHAUSTED_PRIMALITY_UNASSIGNED,GF3A_DIRECTIONAL_WRITE_EXHAUSTED_PRIMALITY_UNASSIGNED,513,512,512,NO_RECORDED_FACTOR_PRP_OR_LL_RESULT_AND_NO_ACTIVE_GIMPS_ASSIGNMENT,2026-08-08T14:01:06+00:00,UNALLOCATED,,,,,
SLCMP585-2453,2453,2453,288622339,2^288622339-1,STRUCTURAL_SCREEN_EXHAUSTED_PRIMALITY_UNASSIGNED,GF3A_DIRECTIONAL_WRITE_EXHAUSTED_PRIMALITY_UNASSIGNED,514,512,512,NO_RECORDED_FACTOR_PRP_OR_LL_RESULT_AND_NO_ACTIVE_GIMPS_ASSIGNMENT,2026-08-08T14:01:06+00:00,UNALLOCATED,,,,,
SLCMP585-2454,2454,2454,288622343,2^288622343-1,STRUCTURAL_SCREEN_EXHAUSTED_PRIMALITY_UNASSIGNED,GF3A_DIRECTIONAL_WRITE_EXHAUSTED_PRIMALITY_UNASSIGNED,514,512,512,NO_RECORDED_FACTOR_PRP_OR_LL_RESULT_AND_NO_ACTIVE_GIMPS_ASSIGNMENT,2026-08-08T14:01:06+00:00,UNALLOCATED,,,,,
SLCMP585-2455,2455,2455,288622351,2^288622351-1,STRUCTURAL_SCREEN_EXHAUSTED_PRIMALITY_UNASSIGNED,GF3A_DIRECTIONAL_WRITE_EXHAUSTED_PRIMALITY_UNASSIGNED,514,512,512,NO_RECORDED_FACTOR_PRP_OR_LL_RESULT_AND_NO_ACTIVE_GIMPS_ASSIGNMENT,2026-08-08T14:01:06+00:00,UNALLOCATED,,,,,
SLCMP585-2456,2456,2456,288622427,2^288622427-1,STRUCTURAL_SCREEN_EXHAUSTED_PRIMALITY_UNASSIGNED,GF3A_DIRECTIONAL_WRITE_EXHAUSTED_PRIMALITY_UNASSIGNED,514,512,512,NO_RECORDED_FACTOR_PRP_OR_LL_RESULT_AND_NO_ACTIVE_GIMPS_ASSIGNMENT,2026-08-08T14:01:06+00:00,UNALLOCATED,,,,,
SLCMP585-2457,2457,2457,288622531,2^288622531-1,STRUCTURAL_SCREEN_EXHAUSTED_PRIMALITY_UNASSIGNED,GF3A_DIRECTIONAL_WRITE_EXHAUSTED_PRIMALITY_UNASSIGNED,514,512,512,NO_RECORDED_FACTOR_PRP_OR_LL_RESULT_AND_NO_ACTIVE_GIMPS_ASSIGNMENT,2026-08-08T14:01:06+00:00,UNALLOCATED,,,,,
SLCMP585-2458,2458,2458,288622567,2^288622567-1,STRUCTURAL_SCREEN_EXHAUSTED_PRIMALITY_UNASSIGNED,GF3A_DIRECTIONAL_WRITE_EXHAUSTED_PRIMALITY_UNASSIGNED,514,512,512,NO_RECORDED_FACTOR_PRP_OR_LL_RESULT_AND_NO_ACTIVE_GIMPS_ASSIGNMENT,2026-08-08T14:01:06+00:00,UNALLOCATED,,,,,
SLCMP585-2459,2459,2459,288622601,2^288622601-1,STRUCTURAL_SCREEN_EXHAUSTED_PRIMALITY_UNASSIGNED,GF3A_DIRECTIONAL_WRITE_EXHAUSTED_PRIMALITY_UNASSIGNED,513,512,512,NO_RECORDED_FACTOR_PRP_OR_LL_RESULT_AND_NO_ACTIVE_GIMPS_ASSIGNMENT,2026-08-08T14:01:06+00:00,UNALLOCATED,,,,,
SLCMP585-2460,2460,2460,288622661,2^288622661-1,STRUCTURAL_SCREEN_EXHAUSTED_PRIMALITY_UNASSIGNED,GF3A_DIRECTIONAL_WRITE_EXHAUSTED_PRIMALITY_UNASSIGNED,513,512,512,NO_RECORDED_FACTOR_PRP_OR_LL_RESULT_AND_NO_ACTIVE_GIMPS_ASSIGNMENT,2026-08-08T14:01:06+00:00,UNALLOCATED,,,,,
SLCMP585-2461,2461,2461,288622693,2^288622693-1,STRUCTURAL_SCREEN_EXHAUSTED_PRIMALITY_UNASSIGNED,GF3A_DIRECTIONAL_WRITE_EXHAUSTED_PRIMALITY_UNASSIGNED,513,512,512,NO_RECORDED_FACTOR_PRP_OR_LL_RESULT_AND_NO_ACTIVE_GIMPS_ASSIGNMENT,2026-08-08T14:01:06+00:00,UNALLOCATED,,,,,
SLCMP585-2462,2462,2462,288622709,2^288622709-1,STRUCTURAL_SCREEN_EXHAUSTED_PRIMALITY_UNASSIGNED,GF3A_DIRECTIONAL_WRITE_EXHAUSTED_PRIMALITY_UNASSIGNED,513,512,512,NO_RECORDED_FACTOR_PRP_OR_LL_RESULT_AND_NO_ACTIVE_GIMPS_ASSIGNMENT,2026-08-08T14:01:06+00:00,UNALLOCATED,,,,,
SLCMP585-2463,2463,2463,288622813,2^288622813-1,STRUCTURAL_SCREEN_EXHAUSTED_PRIMALITY_UNASSIGNED,GF3A_DIRECTIONAL_WRITE_EXHAUSTED_PRIMALITY_UNASSIGNED,513,512,512,NO_RECORDED_FACTOR_PRP_OR_LL_RESULT_AND_NO_ACTIVE_GIMPS_ASSIGNMENT,2026-08-08T14:01:06+00:00,UNALLOCATED,,,,,
SLCMP585-2464,2464,2464,288622843,2^288622843-1,STRUCTURAL_SCREEN_EXHAUSTED_PRIMALITY_UNASSIGNED,GF3A_DIRECTIONAL_WRITE_EXHAUSTED_PRIMALITY_UNASSIGNED,514,512,512,NO_RECORDED_FACTOR_PRP_OR_LL_RESULT_AND_NO_ACTIVE_GIMPS_ASSIGNMENT,2026-08-08T14:01:06+00:00,UNALLOCATED,,,,,
SLCMP585-2465,2465,2465,288622849,2^288622849-1,STRUCTURAL_SCREEN_EXHAUSTED_PRIMALITY_UNASSIGNED,GF3A_DIRECTIONAL_WRITE_EXHAUSTED_PRIMALITY_UNASSIGNED,513,512,512,NO_RECORDED_FACTOR_PRP_OR_LL_RESULT_AND_NO_ACTIVE_GIMPS_ASSIGNMENT,2026-08-08T14:01:06+00:00,UNALLOCATED,,,,,
SLCMP585-2466,2466,2466,288622907,2^288622907-1,STRUCTURAL_SCREEN_EXHAUSTED_PRIMALITY_UNASSIGNED,GF3A_DIRECTIONAL_WRITE_EXHAUSTED_PRIMALITY_UNASSIGNED,514,512,512,NO_RECORDED_FACTOR_PRP_OR_LL_RESULT_AND_NO_ACTIVE_GIMPS_ASSIGNMENT,2026-08-08T14:01:06+00:00,UNALLOCATED,,,,,
SLCMP585-2467,2467,2467,288622931,2^288622931-1,STRUCTURAL_SCREEN_EXHAUSTED_PRIMALITY_UNASSIGNED,GF3A_DIRECTIONAL_WRITE_EXHAUSTED_PRIMALITY_UNASSIGNED,514,512,512,NO_RECORDED_FACTOR_PRP_OR_LL_RESULT_AND_NO_ACTIVE_GIMPS_ASSIGNMENT,2026-08-08T14:01:06+00:00,UNALLOCATED,,,,,
SLCMP585-2468,2468,2468,288623017,2^288623017-1,STRUCTURAL_SCREEN_EXHAUSTED_PRIMALITY_UNASSIGNED,GF3A_DIRECTIONAL_WRITE_EXHAUSTED_PRIMALITY_UNASSIGNED,513,512,512,NO_RECORDED_FACTOR_PRP_OR_LL_RESULT_AND_NO_ACTIVE_GIMPS_ASSIGNMENT,2026-08-08T14:01:06+00:00,UNALLOCATED,,,,,
SLCMP585-2469,2469,2469,288623077,2^288623077-1,STRUCTURAL_SCREEN_EXHAUSTED_PRIMALITY_UNASSIGNED,GF3A_DIRECTIONAL_WRITE_EXHAUSTED_PRIMALITY_UNASSIGNED,513,512,512,NO_RECORDED_FACTOR_PRP_OR_LL_RESULT_AND_NO_ACTIVE_GIMPS_ASSIGNMENT,2026-08-08T14:01:06+00:00,UNALLOCATED,,,,,
SLCMP585-2470,2470,2470,288623089,2^288623089-1,STRUCTURAL_SCREEN_EXHAUSTED_PRIMALITY_UNASSIGNED,GF3A_DIRECTIONAL_WRITE_EXHAUSTED_PRIMALITY_UNASSIGNED,513,512,512,NO_RECORDED_FACTOR_PRP_OR_LL_RESULT_AND_NO_ACTIVE_GIMPS_ASSIGNMENT,2026-08-08T14:01:06+00:00,UNALLOCATED,,,,,
SLCMP585-2471,2471,2471,288623317,2^288623317-1,STRUCTURAL_SCREEN_EXHAUSTED_PRIMALITY_UNASSIGNED,GF3A_DIRECTIONAL_WRITE_EXHAUSTED_PRIMALITY_UNASSIGNED,513,512,512,NO_RECORDED_FACTOR_PRP_OR_LL_RESULT_AND_NO_ACTIVE_GIMPS_ASSIGNMENT,2026-08-08T14:01:06+00:00,UNALLOCATED,,,,,
SLCMP585-2472,2472,2472,288623323,2^288623323-1,STRUCTURAL_SCREEN_EXHAUSTED_PRIMALITY_UNASSIGNED,GF3A_DIRECTIONAL_WRITE_EXHAUSTED_PRIMALITY_UNASSIGNED,514,512,512,NO_RECORDED_FACTOR_PRP_OR_LL_RESULT_AND_NO_ACTIVE_GIMPS_ASSIGNMENT,2026-08-08T14:01:06+00:00,UNALLOCATED,,,,,
SLCMP585-2473,2473,2473,288623329,2^288623329-1,STRUCTURAL_SCREEN_EXHAUSTED_PRIMALITY_UNASSIGNED,GF3A_DIRECTIONAL_WRITE_EXHAUSTED_PRIMALITY_UNASSIGNED,513,512,512,NO_RECORDED_FACTOR_PRP_OR_LL_RESULT_AND_NO_ACTIVE_GIMPS_ASSIGNMENT,2026-08-08T14:01:06+00:00,UNALLOCATED,,,,,
SLCMP585-2474,2474,2474,288623437,2^288623437-1,STRUCTURAL_SCREEN_EXHAUSTED_PRIMALITY_UNASSIGNED,GF3A_DIRECTIONAL_WRITE_EXHAUSTED_PRIMALITY_UNASSIGNED,513,512,512,NO_RECORDED_FACTOR_PRP_OR_LL_RESULT_AND_NO_ACTIVE_GIMPS_ASSIGNMENT,2026-08-08T14:01:06+00:00,UNALLOCATED,,,,,
SLCMP585-2475,2475,2475,288623479,2^288623479-1,STRUCTURAL_SCREEN_EXHAUSTED_PRIMALITY_UNASSIGNED,GF3A_DIRECTIONAL_WRITE_EXHAUSTED_PRIMALITY_UNASSIGNED,514,512,512,NO_RECORDED_FACTOR_PRP_OR_LL_RESULT_AND_NO_ACTIVE_GIMPS_ASSIGNMENT,2026-08-08T14:01:06+00:00,UNALLOCATED,,,,,
SLCMP585-2476,2476,2476,288623483,2^288623483-1,STRUCTURAL_SCREEN_EXHAUSTED_PRIMALITY_UNASSIGNED,GF3A_DIRECTIONAL_WRITE_EXHAUSTED_PRIMALITY_UNASSIGNED,514,512,512,NO_RECORDED_FACTOR_PRP_OR_LL_RESULT_AND_NO_ACTIVE_GIMPS_ASSIGNMENT,2026-08-08T14:01:06+00:00,UNALLOCATED,,,,,
SLCMP585-2477,2477,2477,288623507,2^288623507-1,STRUCTURAL_SCREEN_EXHAUSTED_PRIMALITY_UNASSIGNED,GF3A_DIRECTIONAL_WRITE_EXHAUSTED_PRIMALITY_UNASSIGNED,514,512,512,NO_RECORDED_FACTOR_PRP_OR_LL_RESULT_AND_NO_ACTIVE_GIMPS_ASSIGNMENT,2026-08-08T14:01:06+00:00,UNALLOCATED,,,,,
SLCMP585-2478,2478,2478,288623537,2^288623537-1,STRUCTURAL_SCREEN_EXHAUSTED_PRIMALITY_UNASSIGNED,GF3A_DIRECTIONAL_WRITE_EXHAUSTED_PRIMALITY_UNASSIGNED,513,512,512,NO_RECORDED_FACTOR_PRP_OR_LL_RESULT_AND_NO_ACTIVE_GIMPS_ASSIGNMENT,2026-08-08T14:01:06+00:00,UNALLOCATED,,,,,
SLCMP585-2479,2479,2479,288623567,2^288623567-1,STRUCTURAL_SCREEN_EXHAUSTED_PRIMALITY_UNASSIGNED,GF3A_DIRECTIONAL_WRITE_EXHAUSTED_PRIMALITY_UNASSIGNED,514,512,512,NO_RECORDED_FACTOR_PRP_OR_LL_RESULT_AND_NO_ACTIVE_GIMPS_ASSIGNMENT,2026-08-08T14:01:06+00:00,UNALLOCATED,,,,,
SLCMP585-2480,2480,2480,288623581,2^288623581-1,STRUCTURAL_SCREEN_EXHAUSTED_PRIMALITY_UNASSIGNED,GF3A_DIRECTIONAL_WRITE_EXHAUSTED_PRIMALITY_UNASSIGNED,513,512,512,NO_RECORDED_FACTOR_PRP_OR_LL_RESULT_AND_NO_ACTIVE_GIMPS_ASSIGNMENT,2026-08-08T14:01:06+00:00,UNALLOCATED,,,,,
SLCMP585-2481,2481,2481,288623651,2^288623651-1,STRUCTURAL_SCREEN_EXHAUSTED_PRIMALITY_UNASSIGNED,GF3A_DIRECTIONAL_WRITE_EXHAUSTED_PRIMALITY_UNASSIGNED,514,512,512,NO_RECORDED_FACTOR_PRP_OR_LL_RESULT_AND_NO_ACTIVE_GIMPS_ASSIGNMENT,2026-08-08T14:01:06+00:00,UNALLOCATED,,,,,
SLCMP585-2482,2482,2482,288623669,2^288623669-1,STRUCTURAL_SCREEN_EXHAUSTED_PRIMALITY_UNASSIGNED,GF3A_DIRECTIONAL_WRITE_EXHAUSTED_PRIMALITY_UNASSIGNED,513,512,512,NO_RECORDED_FACTOR_PRP_OR_LL_RESULT_AND_NO_ACTIVE_GIMPS_ASSIGNMENT,2026-08-08T14:01:06+00:00,UNALLOCATED,,,,,
SLCMP585-2483,2483,2483,288623749,2^288623749-1,STRUCTURAL_SCREEN_EXHAUSTED_PRIMALITY_UNASSIGNED,GF3A_DIRECTIONAL_WRITE_EXHAUSTED_PRIMALITY_UNASSIGNED,513,512,512,NO_RECORDED_FACTOR_PRP_OR_LL_RESULT_AND_NO_ACTIVE_GIMPS_ASSIGNMENT,2026-08-08T14:01:06+00:00,UNALLOCATED,,,,,
SLCMP585-2484,2484,2484,288623767,2^288623767-1,STRUCTURAL_SCREEN_EXHAUSTED_PRIMALITY_UNASSIGNED,GF3A_DIRECTIONAL_WRITE_EXHAUSTED_PRIMALITY_UNASSIGNED,514,512,512,NO_RECORDED_FACTOR_PRP_OR_LL_RESULT_AND_NO_ACTIVE_GIMPS_ASSIGNMENT,2026-08-08T14:01:06+00:00,UNALLOCATED,,,,,
SLCMP585-2485,2485,2485,288623779,2^288623779-1,STRUCTURAL_SCREEN_EXHAUSTED_PRIMALITY_UNASSIGNED,GF3A_DIRECTIONAL_WRITE_EXHAUSTED_PRIMALITY_UNASSIGNED,514,512,512,NO_RECORDED_FACTOR_PRP_OR_LL_RESULT_AND_NO_ACTIVE_GIMPS_ASSIGNMENT,2026-08-08T14:01:06+00:00,UNALLOCATED,,,,,
SLCMP585-2486,2486,2486,288624071,2^288624071-1,STRUCTURAL_SCREEN_EXHAUSTED_PRIMALITY_UNASSIGNED,GF3A_DIRECTIONAL_WRITE_EXHAUSTED_PRIMALITY_UNASSIGNED,514,512,512,NO_RECORDED_FACTOR_PRP_OR_LL_RESULT_AND_NO_ACTIVE_GIMPS_ASSIGNMENT,2026-08-08T14:01:06+00:00,UNALLOCATED,,,,,
SLCMP585-2487,2487,2487,288624073,2^288624073-1,STRUCTURAL_SCREEN_EXHAUSTED_PRIMALITY_UNASSIGNED,GF3A_DIRECTIONAL_WRITE_EXHAUSTED_PRIMALITY_UNASSIGNED,513,512,512,NO_RECORDED_FACTOR_PRP_OR_LL_RESULT_AND_NO_ACTIVE_GIMPS_ASSIGNMENT,2026-08-08T14:01:06+00:00,UNALLOCATED,,,,,
SLCMP585-2488,2488,2488,288624103,2^288624103-1,STRUCTURAL_SCREEN_EXHAUSTED_PRIMALITY_UNASSIGNED,GF3A_DIRECTIONAL_WRITE_EXHAUSTED_PRIMALITY_UNASSIGNED,514,512,512,NO_RECORDED_FACTOR_PRP_OR_LL_RESULT_AND_NO_ACTIVE_GIMPS_ASSIGNMENT,2026-08-08T14:01:06+00:00,UNALLOCATED,,,,,
SLCMP585-2489,2489,2489,288624143,2^288624143-1,STRUCTURAL_SCREEN_EXHAUSTED_PRIMALITY_UNASSIGNED,GF3A_DIRECTIONAL_WRITE_EXHAUSTED_PRIMALITY_UNASSIGNED,514,512,512,NO_RECORDED_FACTOR_PRP_OR_LL_RESULT_AND_NO_ACTIVE_GIMPS_ASSIGNMENT,2026-08-08T14:01:06+00:00,UNALLOCATED,,,,,
SLCMP585-2490,2490,2490,288624169,2^288624169-1,STRUCTURAL_SCREEN_EXHAUSTED_PRIMALITY_UNASSIGNED,GF3A_DIRECTIONAL_WRITE_EXHAUSTED_PRIMALITY_UNASSIGNED,513,512,512,NO_RECORDED_FACTOR_PRP_OR_LL_RESULT_AND_NO_ACTIVE_GIMPS_ASSIGNMENT,2026-08-08T14:01:06+00:00,UNALLOCATED,,,,,
SLCMP585-2491,2491,2491,288624239,2^288624239-1,STRUCTURAL_SCREEN_EXHAUSTED_PRIMALITY_UNASSIGNED,GF3A_DIRECTIONAL_WRITE_EXHAUSTED_PRIMALITY_UNASSIGNED,514,512,512,NO_RECORDED_FACTOR_PRP_OR_LL_RESULT_AND_NO_ACTIVE_GIMPS_ASSIGNMENT,2026-08-08T14:01:06+00:00,UNALLOCATED,,,,,
SLCMP585-2492,2492,2492,288624277,2^288624277-1,STRUCTURAL_SCREEN_EXHAUSTED_PRIMALITY_UNASSIGNED,GF3A_DIRECTIONAL_WRITE_EXHAUSTED_PRIMALITY_UNASSIGNED,513,512,512,NO_RECORDED_FACTOR_PRP_OR_LL_RESULT_AND_NO_ACTIVE_GIMPS_ASSIGNMENT,2026-08-08T14:01:06+00:00,UNALLOCATED,,,,,
SLCMP585-2493,2493,2493,288624313,2^288624313-1,STRUCTURAL_SCREEN_EXHAUSTED_PRIMALITY_UNASSIGNED,GF3A_DIRECTIONAL_WRITE_EXHAUSTED_PRIMALITY_UNASSIGNED,513,512,512,NO_RECORDED_FACTOR_PRP_OR_LL_RESULT_AND_NO_ACTIVE_GIMPS_ASSIGNMENT,2026-08-08T14:01:06+00:00,UNALLOCATED,,,,,
SLCMP585-2494,2494,2494,288624431,2^288624431-1,STRUCTURAL_SCREEN_EXHAUSTED_PRIMALITY_UNASSIGNED,GF3A_DIRECTIONAL_WRITE_EXHAUSTED_PRIMALITY_UNASSIGNED,514,512,512,NO_RECORDED_FACTOR_PRP_OR_LL_RESULT_AND_NO_ACTIVE_GIMPS_ASSIGNMENT,2026-08-08T14:01:06+00:00,UNALLOCATED,,,,,
SLCMP585-2495,2495,2495,288624467,2^288624467-1,STRUCTURAL_SCREEN_EXHAUSTED_PRIMALITY_UNASSIGNED,GF3A_DIRECTIONAL_WRITE_EXHAUSTED_PRIMALITY_UNASSIGNED,514,512,512,NO_RECORDED_FACTOR_PRP_OR_LL_RESULT_AND_NO_ACTIVE_GIMPS_ASSIGNMENT,2026-08-08T14:01:06+00:00,UNALLOCATED,,,,,
SLCMP585-2496,2496,2496,288624517,2^288624517-1,STRUCTURAL_SCREEN_EXHAUSTED_PRIMALITY_UNASSIGNED,GF3A_DIRECTIONAL_WRITE_EXHAUSTED_PRIMALITY_UNASSIGNED,513,512,512,NO_RECORDED_FACTOR_PRP_OR_LL_RESULT_AND_NO_ACTIVE_GIMPS_ASSIGNMENT,2026-08-08T14:01:06+00:00,UNALLOCATED,,,,,
SLCMP585-2497,2497,2497,288624533,2^288624533-1,STRUCTURAL_SCREEN_EXHAUSTED_PRIMALITY_UNASSIGNED,GF3A_DIRECTIONAL_WRITE_EXHAUSTED_PRIMALITY_UNASSIGNED,513,512,512,NO_RECORDED_FACTOR_PRP_OR_LL_RESULT_AND_NO_ACTIVE_GIMPS_ASSIGNMENT,2026-08-08T14:01:06+00:00,UNALLOCATED,,,,,
SLCMP585-2498,2498,2498,288624541,2^288624541-1,STRUCTURAL_SCREEN_EXHAUSTED_PRIMALITY_UNASSIGNED,GF3A_DIRECTIONAL_WRITE_EXHAUSTED_PRIMALITY_UNASSIGNED,513,512,512,NO_RECORDED_FACTOR_PRP_OR_LL_RESULT_AND_NO_ACTIVE_GIMPS_ASSIGNMENT,2026-08-08T14:01:06+00:00,UNALLOCATED,,,,,
SLCMP585-2499,2499,2499,288624607,2^288624607-1,STRUCTURAL_SCREEN_EXHAUSTED_PRIMALITY_UNASSIGNED,GF3A_DIRECTIONAL_WRITE_EXHAUSTED_PRIMALITY_UNASSIGNED,514,512,512,NO_RECORDED_FACTOR_PRP_OR_LL_RESULT_AND_NO_ACTIVE_GIMPS_ASSIGNMENT,2026-08-08T14:01:06+00:00,UNALLOCATED,,,,,
SLCMP585-2500,2500,2500,288624701,2^288624701-1,STRUCTURAL_SCREEN_EXHAUSTED_PRIMALITY_UNASSIGNED,GF3A_DIRECTIONAL_WRITE_EXHAUSTED_PRIMALITY_UNASSIGNED,513,512,512,NO_RECORDED_FACTOR_PRP_OR_LL_RESULT_AND_NO_ACTIVE_GIMPS_ASSIGNMENT,2026-08-08T14:01:06+00:00,UNALLOCATED,,,,,
SLCMP585-2501,2501,2501,288624709,2^288624709-1,STRUCTURAL_SCREEN_EXHAUSTED_PRIMALITY_UNASSIGNED,GF3A_DIRECTIONAL_WRITE_EXHAUSTED_PRIMALITY_UNASSIGNED,513,512,512,NO_RECORDED_FACTOR_PRP_OR_LL_RESULT_AND_NO_ACTIVE_GIMPS_ASSIGNMENT,2026-08-08T14:01:06+00:00,UNALLOCATED,,,,,
SLCMP585-2502,2502,2502,288624757,2^288624757-1,STRUCTURAL_SCREEN_EXHAUSTED_PRIMALITY_UNASSIGNED,GF3A_DIRECTIONAL_WRITE_EXHAUSTED_PRIMALITY_UNASSIGNED,513,512,512,NO_RECORDED_FACTOR_PRP_OR_LL_RESULT_AND_NO_ACTIVE_GIMPS_ASSIGNMENT,2026-08-08T14:01:06+00:00,UNALLOCATED,,,,,
SLCMP585-2503,2503,2503,288624823,2^288624823-1,STRUCTURAL_SCREEN_EXHAUSTED_PRIMALITY_UNASSIGNED,GF3A_DIRECTIONAL_WRITE_EXHAUSTED_PRIMALITY_UNASSIGNED,514,512,512,NO_RECORDED_FACTOR_PRP_OR_LL_RESULT_AND_NO_ACTIVE_GIMPS_ASSIGNMENT,2026-08-08T14:01:06+00:00,UNALLOCATED,,,,,
SLCMP585-2504,2504,2504,288624893,2^288624893-1,STRUCTURAL_SCREEN_EXHAUSTED_PRIMALITY_UNASSIGNED,GF3A_DIRECTIONAL_WRITE_EXHAUSTED_PRIMALITY_UNASSIGNED,513,512,512,NO_RECORDED_FACTOR_PRP_OR_LL_RESULT_AND_NO_ACTIVE_GIMPS_ASSIGNMENT,2026-08-08T14:01:06+00:00,UNALLOCATED,,,,,
SLCMP585-2505,2505,2505,288624923,2^288624923-1,STRUCTURAL_SCREEN_EXHAUSTED_PRIMALITY_UNASSIGNED,GF3A_DIRECTIONAL_WRITE_EXHAUSTED_PRIMALITY_UNASSIGNED,514,512,512,NO_RECORDED_FACTOR_PRP_OR_LL_RESULT_AND_NO_ACTIVE_GIMPS_ASSIGNMENT,2026-08-08T14:01:06+00:00,UNALLOCATED,,,,,
SLCMP585-2506,2506,2506,288624961,2^288624961-1,STRUCTURAL_SCREEN_EXHAUSTED_PRIMALITY_UNASSIGNED,GF3A_DIRECTIONAL_WRITE_EXHAUSTED_PRIMALITY_UNASSIGNED,513,512,512,NO_RECORDED_FACTOR_PRP_OR_LL_RESULT_AND_NO_ACTIVE_GIMPS_ASSIGNMENT,2026-08-08T14:01:06+00:00,UNALLOCATED,,,,,
SLCMP585-2507,2507,2507,288625003,2^288625003-1,STRUCTURAL_SCREEN_EXHAUSTED_PRIMALITY_UNASSIGNED,GF3A_DIRECTIONAL_WRITE_EXHAUSTED_PRIMALITY_UNASSIGNED,514,512,512,NO_RECORDED_FACTOR_PRP_OR_LL_RESULT_AND_NO_ACTIVE_GIMPS_ASSIGNMENT,2026-08-08T14:01:06+00:00,UNALLOCATED,,,,,
SLCMP585-2508,2508,2508,288625009,2^288625009-1,STRUCTURAL_SCREEN_EXHAUSTED_PRIMALITY_UNASSIGNED,GF3A_DIRECTIONAL_WRITE_EXHAUSTED_PRIMALITY_UNASSIGNED,513,512,512,NO_RECORDED_FACTOR_PRP_OR_LL_RESULT_AND_NO_ACTIVE_GIMPS_ASSIGNMENT,2026-08-08T14:01:06+00:00,UNALLOCATED,,,,,
SLCMP585-2509,2509,2509,288625061,2^288625061-1,STRUCTURAL_SCREEN_EXHAUSTED_PRIMALITY_UNASSIGNED,GF3A_DIRECTIONAL_WRITE_EXHAUSTED_PRIMALITY_UNASSIGNED,513,512,512,NO_RECORDED_FACTOR_PRP_OR_LL_RESULT_AND_NO_ACTIVE_GIMPS_ASSIGNMENT,2026-08-08T14:01:06+00:00,UNALLOCATED,,,,,
SLCMP585-2510,2510,2510,288625063,2^288625063-1,STRUCTURAL_SCREEN_EXHAUSTED_PRIMALITY_UNASSIGNED,GF3A_DIRECTIONAL_WRITE_EXHAUSTED_PRIMALITY_UNASSIGNED,514,512,512,NO_RECORDED_FACTOR_PRP_OR_LL_RESULT_AND_NO_ACTIVE_GIMPS_ASSIGNMENT,2026-08-08T14:01:06+00:00,UNALLOCATED,,,,,
SLCMP585-2511,2511,2511,288625187,2^288625187-1,STRUCTURAL_SCREEN_EXHAUSTED_PRIMALITY_UNASSIGNED,GF3A_DIRECTIONAL_WRITE_EXHAUSTED_PRIMALITY_UNASSIGNED,514,512,512,NO_RECORDED_FACTOR_PRP_OR_LL_RESULT_AND_NO_ACTIVE_GIMPS_ASSIGNMENT,2026-08-08T14:01:06+00:00,UNALLOCATED,,,,,
SLCMP585-2512,2512,2512,288625289,2^288625289-1,STRUCTURAL_SCREEN_EXHAUSTED_PRIMALITY_UNASSIGNED,GF3A_DIRECTIONAL_WRITE_EXHAUSTED_PRIMALITY_UNASSIGNED,513,512,512,NO_RECORDED_FACTOR_PRP_OR_LL_RESULT_AND_NO_ACTIVE_GIMPS_ASSIGNMENT,2026-08-08T14:01:06+00:00,UNALLOCATED,,,,,
SLCMP585-2513,2513,2513,288625307,2^288625307-1,STRUCTURAL_SCREEN_EXHAUSTED_PRIMALITY_UNASSIGNED,GF3A_DIRECTIONAL_WRITE_EXHAUSTED_PRIMALITY_UNASSIGNED,514,512,512,NO_RECORDED_FACTOR_PRP_OR_LL_RESULT_AND_NO_ACTIVE_GIMPS_ASSIGNMENT,2026-08-08T14:01:06+00:00,UNALLOCATED,,,,,
SLCMP585-2514,2514,2514,288625349,2^288625349-1,STRUCTURAL_SCREEN_EXHAUSTED_PRIMALITY_UNASSIGNED,GF3A_DIRECTIONAL_WRITE_EXHAUSTED_PRIMALITY_UNASSIGNED,513,512,512,NO_RECORDED_FACTOR_PRP_OR_LL_RESULT_AND_NO_ACTIVE_GIMPS_ASSIGNMENT,2026-08-08T14:01:06+00:00,UNALLOCATED,,,,,
SLCMP585-2515,2515,2515,288625361,2^288625361-1,STRUCTURAL_SCREEN_EXHAUSTED_PRIMALITY_UNASSIGNED,GF3A_DIRECTIONAL_WRITE_EXHAUSTED_PRIMALITY_UNASSIGNED,513,512,512,NO_RECORDED_FACTOR_PRP_OR_LL_RESULT_AND_NO_ACTIVE_GIMPS_ASSIGNMENT,2026-08-08T14:01:06+00:00,UNALLOCATED,,,,,
SLCMP585-2516,2516,2516,288625369,2^288625369-1,STRUCTURAL_SCREEN_EXHAUSTED_PRIMALITY_UNASSIGNED,GF3A_DIRECTIONAL_WRITE_EXHAUSTED_PRIMALITY_UNASSIGNED,513,512,512,NO_RECORDED_FACTOR_PRP_OR_LL_RESULT_AND_NO_ACTIVE_GIMPS_ASSIGNMENT,2026-08-08T14:01:06+00:00,UNALLOCATED,,,,,
SLCMP585-2517,2517,2517,288625411,2^288625411-1,STRUCTURAL_SCREEN_EXHAUSTED_PRIMALITY_UNASSIGNED,GF3A_DIRECTIONAL_WRITE_EXHAUSTED_PRIMALITY_UNASSIGNED,514,512,512,NO_RECORDED_FACTOR_PRP_OR_LL_RESULT_AND_NO_ACTIVE_GIMPS_ASSIGNMENT,2026-08-08T14:01:06+00:00,UNALLOCATED,,,,,
SLCMP585-2518,2518,2518,288625453,2^288625453-1,STRUCTURAL_SCREEN_EXHAUSTED_PRIMALITY_UNASSIGNED,GF3A_DIRECTIONAL_WRITE_EXHAUSTED_PRIMALITY_UNASSIGNED,513,512,512,NO_RECORDED_FACTOR_PRP_OR_LL_RESULT_AND_NO_ACTIVE_GIMPS_ASSIGNMENT,2026-08-08T14:01:06+00:00,UNALLOCATED,,,,,
SLCMP585-2519,2519,2519,288625591,2^288625591-1,STRUCTURAL_SCREEN_EXHAUSTED_PRIMALITY_UNASSIGNED,GF3A_DIRECTIONAL_WRITE_EXHAUSTED_PRIMALITY_UNASSIGNED,514,512,512,NO_RECORDED_FACTOR_PRP_OR_LL_RESULT_AND_NO_ACTIVE_GIMPS_ASSIGNMENT,2026-08-08T14:01:06+00:00,UNALLOCATED,,,,,
SLCMP585-2520,2520,2520,288625627,2^288625627-1,STRUCTURAL_SCREEN_EXHAUSTED_PRIMALITY_UNASSIGNED,GF3A_DIRECTIONAL_WRITE_EXHAUSTED_PRIMALITY_UNASSIGNED,514,512,512,NO_RECORDED_FACTOR_PRP_OR_LL_RESULT_AND_NO_ACTIVE_GIMPS_ASSIGNMENT,2026-08-08T14:01:06+00:00,UNALLOCATED,,,,,
SLCMP585-2521,2521,2521,288625657,2^288625657-1,STRUCTURAL_SCREEN_EXHAUSTED_PRIMALITY_UNASSIGNED,GF3A_DIRECTIONAL_WRITE_EXHAUSTED_PRIMALITY_UNASSIGNED,513,512,512,NO_RECORDED_FACTOR_PRP_OR_LL_RESULT_AND_NO_ACTIVE_GIMPS_ASSIGNMENT,2026-08-08T14:01:06+00:00,UNALLOCATED,,,,,
SLCMP585-2522,2522,2522,288625663,2^288625663-1,STRUCTURAL_SCREEN_EXHAUSTED_PRIMALITY_UNASSIGNED,GF3A_DIRECTIONAL_WRITE_EXHAUSTED_PRIMALITY_UNASSIGNED,514,512,512,NO_RECORDED_FACTOR_PRP_OR_LL_RESULT_AND_NO_ACTIVE_GIMPS_ASSIGNMENT,2026-08-08T14:01:06+00:00,UNALLOCATED,,,,,
SLCMP585-2523,2523,2523,288625679,2^288625679-1,STRUCTURAL_SCREEN_EXHAUSTED_PRIMALITY_UNASSIGNED,GF3A_DIRECTIONAL_WRITE_EXHAUSTED_PRIMALITY_UNASSIGNED,514,512,512,NO_RECORDED_FACTOR_PRP_OR_LL_RESULT_AND_NO_ACTIVE_GIMPS_ASSIGNMENT,2026-08-08T14:01:06+00:00,UNALLOCATED,,,,,
SLCMP585-2524,2524,2524,288625693,2^288625693-1,STRUCTURAL_SCREEN_EXHAUSTED_PRIMALITY_UNASSIGNED,GF3A_DIRECTIONAL_WRITE_EXHAUSTED_PRIMALITY_UNASSIGNED,513,512,512,NO_RECORDED_FACTOR_PRP_OR_LL_RESULT_AND_NO_ACTIVE_GIMPS_ASSIGNMENT,2026-08-08T14:01:06+00:00,UNALLOCATED,,,,,
SLCMP585-2525,2525,2525,288625747,2^288625747-1,STRUCTURAL_SCREEN_EXHAUSTED_PRIMALITY_UNASSIGNED,GF3A_DIRECTIONAL_WRITE_EXHAUSTED_PRIMALITY_UNASSIGNED,514,512,512,NO_RECORDED_FACTOR_PRP_OR_LL_RESULT_AND_NO_ACTIVE_GIMPS_ASSIGNMENT,2026-08-08T14:01:06+00:00,UNALLOCATED,,,,,
SLCMP585-2526,2526,2526,288625769,2^288625769-1,STRUCTURAL_SCREEN_EXHAUSTED_PRIMALITY_UNASSIGNED,GF3A_DIRECTIONAL_WRITE_EXHAUSTED_PRIMALITY_UNASSIGNED,513,512,512,NO_RECORDED_FACTOR_PRP_OR_LL_RESULT_AND_NO_ACTIVE_GIMPS_ASSIGNMENT,2026-08-08T14:01:06+00:00,UNALLOCATED,,,,,
SLCMP585-2527,2527,2527,288625783,2^288625783-1,STRUCTURAL_SCREEN_EXHAUSTED_PRIMALITY_UNASSIGNED,GF3A_DIRECTIONAL_WRITE_EXHAUSTED_PRIMALITY_UNASSIGNED,514,512,512,NO_RECORDED_FACTOR_PRP_OR_LL_RESULT_AND_NO_ACTIVE_GIMPS_ASSIGNMENT,2026-08-08T14:01:06+00:00,UNALLOCATED,,,,,
SLCMP585-2528,2528,2528,288625807,2^288625807-1,STRUCTURAL_SCREEN_EXHAUSTED_PRIMALITY_UNASSIGNED,GF3A_DIRECTIONAL_WRITE_EXHAUSTED_PRIMALITY_UNASSIGNED,514,512,512,NO_RECORDED_FACTOR_PRP_OR_LL_RESULT_AND_NO_ACTIVE_GIMPS_ASSIGNMENT,2026-08-08T14:01:06+00:00,UNALLOCATED,,,,,
SLCMP585-2529,2529,2529,288625849,2^288625849-1,STRUCTURAL_SCREEN_EXHAUSTED_PRIMALITY_UNASSIGNED,GF3A_DIRECTIONAL_WRITE_EXHAUSTED_PRIMALITY_UNASSIGNED,513,512,512,NO_RECORDED_FACTOR_PRP_OR_LL_RESULT_AND_NO_ACTIVE_GIMPS_ASSIGNMENT,2026-08-08T14:01:06+00:00,UNALLOCATED,,,,,
SLCMP585-2530,2530,2530,288625859,2^288625859-1,STRUCTURAL_SCREEN_EXHAUSTED_PRIMALITY_UNASSIGNED,GF3A_DIRECTIONAL_WRITE_EXHAUSTED_PRIMALITY_UNASSIGNED,514,512,512,NO_RECORDED_FACTOR_PRP_OR_LL_RESULT_AND_NO_ACTIVE_GIMPS_ASSIGNMENT,2026-08-08T14:01:06+00:00,UNALLOCATED,,,,,
SLCMP585-2531,2531,2531,288625871,2^288625871-1,STRUCTURAL_SCREEN_EXHAUSTED_PRIMALITY_UNASSIGNED,GF3A_DIRECTIONAL_WRITE_EXHAUSTED_PRIMALITY_UNASSIGNED,514,512,512,NO_RECORDED_FACTOR_PRP_OR_LL_RESULT_AND_NO_ACTIVE_GIMPS_ASSIGNMENT,2026-08-08T14:01:06+00:00,UNALLOCATED,,,,,
SLCMP585-2532,2532,2532,288625877,2^288625877-1,STRUCTURAL_SCREEN_EXHAUSTED_PRIMALITY_UNASSIGNED,GF3A_DIRECTIONAL_WRITE_EXHAUSTED_PRIMALITY_UNASSIGNED,513,512,512,NO_RECORDED_FACTOR_PRP_OR_LL_RESULT_AND_NO_ACTIVE_GIMPS_ASSIGNMENT,2026-08-08T14:01:06+00:00,UNALLOCATED,,,,,
SLCMP585-2533,2533,2533,288625913,2^288625913-1,STRUCTURAL_SCREEN_EXHAUSTED_PRIMALITY_UNASSIGNED,GF3A_DIRECTIONAL_WRITE_EXHAUSTED_PRIMALITY_UNASSIGNED,513,512,512,NO_RECORDED_FACTOR_PRP_OR_LL_RESULT_AND_NO_ACTIVE_GIMPS_ASSIGNMENT,2026-08-08T14:01:06+00:00,UNALLOCATED,,,,,
SLCMP585-2534,2534,2534,288625957,2^288625957-1,STRUCTURAL_SCREEN_EXHAUSTED_PRIMALITY_UNASSIGNED,GF3A_DIRECTIONAL_WRITE_EXHAUSTED_PRIMALITY_UNASSIGNED,513,512,512,NO_RECORDED_FACTOR_PRP_OR_LL_RESULT_AND_NO_ACTIVE_GIMPS_ASSIGNMENT,2026-08-08T14:01:06+00:00,UNALLOCATED,,,,,
SLCMP585-2535,2535,2535,288625991,2^288625991-1,STRUCTURAL_SCREEN_EXHAUSTED_PRIMALITY_UNASSIGNED,GF3A_DIRECTIONAL_WRITE_EXHAUSTED_PRIMALITY_UNASSIGNED,514,512,512,NO_RECORDED_FACTOR_PRP_OR_LL_RESULT_AND_NO_ACTIVE_GIMPS_ASSIGNMENT,2026-08-08T14:01:06+00:00,UNALLOCATED,,,,,
SLCMP585-2536,2536,2536,288626123,2^288626123-1,STRUCTURAL_SCREEN_EXHAUSTED_PRIMALITY_UNASSIGNED,GF3A_DIRECTIONAL_WRITE_EXHAUSTED_PRIMALITY_UNASSIGNED,514,512,512,NO_RECORDED_FACTOR_PRP_OR_LL_RESULT_AND_NO_ACTIVE_GIMPS_ASSIGNMENT,2026-08-08T14:01:06+00:00,UNALLOCATED,,,,,
SLCMP585-2537,2537,2537,288626137,2^288626137-1,STRUCTURAL_SCREEN_EXHAUSTED_PRIMALITY_UNASSIGNED,GF3A_DIRECTIONAL_WRITE_EXHAUSTED_PRIMALITY_UNASSIGNED,513,512,512,NO_RECORDED_FACTOR_PRP_OR_LL_RESULT_AND_NO_ACTIVE_GIMPS_ASSIGNMENT,2026-08-08T14:01:06+00:00,UNALLOCATED,,,,,
SLCMP585-2538,2538,2538,288626203,2^288626203-1,STRUCTURAL_SCREEN_EXHAUSTED_PRIMALITY_UNASSIGNED,GF3A_DIRECTIONAL_WRITE_EXHAUSTED_PRIMALITY_UNASSIGNED,514,512,512,NO_RECORDED_FACTOR_PRP_OR_LL_RESULT_AND_NO_ACTIVE_GIMPS_ASSIGNMENT,2026-08-08T14:01:06+00:00,UNALLOCATED,,,,,
SLCMP585-2539,2539,2539,288626209,2^288626209-1,STRUCTURAL_SCREEN_EXHAUSTED_PRIMALITY_UNASSIGNED,GF3A_DIRECTIONAL_WRITE_EXHAUSTED_PRIMALITY_UNASSIGNED,513,512,512,NO_RECORDED_FACTOR_PRP_OR_LL_RESULT_AND_NO_ACTIVE_GIMPS_ASSIGNMENT,2026-08-08T14:01:06+00:00,UNALLOCATED,,,,,
SLCMP585-2540,2540,2540,288626231,2^288626231-1,STRUCTURAL_SCREEN_EXHAUSTED_PRIMALITY_UNASSIGNED,GF3A_DIRECTIONAL_WRITE_EXHAUSTED_PRIMALITY_UNASSIGNED,514,512,512,NO_RECORDED_FACTOR_PRP_OR_LL_RESULT_AND_NO_ACTIVE_GIMPS_ASSIGNMENT,2026-08-08T14:01:06+00:00,UNALLOCATED,,,,,
SLCMP585-2541,2541,2541,288626249,2^288626249-1,STRUCTURAL_SCREEN_EXHAUSTED_PRIMALITY_UNASSIGNED,GF3A_DIRECTIONAL_WRITE_EXHAUSTED_PRIMALITY_UNASSIGNED,513,512,512,NO_RECORDED_FACTOR_PRP_OR_LL_RESULT_AND_NO_ACTIVE_GIMPS_ASSIGNMENT,2026-08-08T14:01:06+00:00,UNALLOCATED,,,,,
SLCMP585-2542,2542,2542,288626293,2^288626293-1,STRUCTURAL_SCREEN_EXHAUSTED_PRIMALITY_UNASSIGNED,GF3A_DIRECTIONAL_WRITE_EXHAUSTED_PRIMALITY_UNASSIGNED,513,512,512,NO_RECORDED_FACTOR_PRP_OR_LL_RESULT_AND_NO_ACTIVE_GIMPS_ASSIGNMENT,2026-08-08T14:01:06+00:00,UNALLOCATED,,,,,
SLCMP585-2543,2543,2543,288626297,2^288626297-1,STRUCTURAL_SCREEN_EXHAUSTED_PRIMALITY_UNASSIGNED,GF3A_DIRECTIONAL_WRITE_EXHAUSTED_PRIMALITY_UNASSIGNED,513,512,512,NO_RECORDED_FACTOR_PRP_OR_LL_RESULT_AND_NO_ACTIVE_GIMPS_ASSIGNMENT,2026-08-08T14:01:06+00:00,UNALLOCATED,,,,,
SLCMP585-2544,2544,2544,288626369,2^288626369-1,STRUCTURAL_SCREEN_EXHAUSTED_PRIMALITY_UNASSIGNED,GF3A_DIRECTIONAL_WRITE_EXHAUSTED_PRIMALITY_UNASSIGNED,513,512,512,NO_RECORDED_FACTOR_PRP_OR_LL_RESULT_AND_NO_ACTIVE_GIMPS_ASSIGNMENT,2026-08-08T14:01:06+00:00,UNALLOCATED,,,,,
SLCMP585-2545,2545,2545,288626467,2^288626467-1,STRUCTURAL_SCREEN_EXHAUSTED_PRIMALITY_UNASSIGNED,GF3A_DIRECTIONAL_WRITE_EXHAUSTED_PRIMALITY_UNASSIGNED,514,512,512,NO_RECORDED_FACTOR_PRP_OR_LL_RESULT_AND_NO_ACTIVE_GIMPS_ASSIGNMENT,2026-08-08T14:01:06+00:00,UNALLOCATED,,,,,
SLCMP585-2546,2546,2546,288626491,2^288626491-1,STRUCTURAL_SCREEN_EXHAUSTED_PRIMALITY_UNASSIGNED,GF3A_DIRECTIONAL_WRITE_EXHAUSTED_PRIMALITY_UNASSIGNED,514,512,512,NO_RECORDED_FACTOR_PRP_OR_LL_RESULT_AND_NO_ACTIVE_GIMPS_ASSIGNMENT,2026-08-08T14:01:06+00:00,UNALLOCATED,,,,,
SLCMP585-2547,2547,2547,288626519,2^288626519-1,STRUCTURAL_SCREEN_EXHAUSTED_PRIMALITY_UNASSIGNED,GF3A_DIRECTIONAL_WRITE_EXHAUSTED_PRIMALITY_UNASSIGNED,514,512,512,NO_RECORDED_FACTOR_PRP_OR_LL_RESULT_AND_NO_ACTIVE_GIMPS_ASSIGNMENT,2026-08-08T14:01:06+00:00,UNALLOCATED,,,,,
SLCMP585-2548,2548,2548,288626537,2^288626537-1,STRUCTURAL_SCREEN_EXHAUSTED_PRIMALITY_UNASSIGNED,GF3A_DIRECTIONAL_WRITE_EXHAUSTED_PRIMALITY_UNASSIGNED,513,512,512,NO_RECORDED_FACTOR_PRP_OR_LL_RESULT_AND_NO_ACTIVE_GIMPS_ASSIGNMENT,2026-08-08T14:01:06+00:00,UNALLOCATED,,,,,
SLCMP585-2549,2549,2549,288626539,2^288626539-1,STRUCTURAL_SCREEN_EXHAUSTED_PRIMALITY_UNASSIGNED,GF3A_DIRECTIONAL_WRITE_EXHAUSTED_PRIMALITY_UNASSIGNED,514,512,512,NO_RECORDED_FACTOR_PRP_OR_LL_RESULT_AND_NO_ACTIVE_GIMPS_ASSIGNMENT,2026-08-08T14:01:06+00:00,UNALLOCATED,,,,,
SLCMP585-2550,2550,2550,288626551,2^288626551-1,STRUCTURAL_SCREEN_EXHAUSTED_PRIMALITY_UNASSIGNED,GF3A_DIRECTIONAL_WRITE_EXHAUSTED_PRIMALITY_UNASSIGNED,514,512,512,NO_RECORDED_FACTOR_PRP_OR_LL_RESULT_AND_NO_ACTIVE_GIMPS_ASSIGNMENT,2026-08-08T14:01:06+00:00,UNALLOCATED,,,,,
SLCMP585-2551,2551,2551,288626633,2^288626633-1,STRUCTURAL_SCREEN_EXHAUSTED_PRIMALITY_UNASSIGNED,GF3A_DIRECTIONAL_WRITE_EXHAUSTED_PRIMALITY_UNASSIGNED,513,512,512,NO_RECORDED_FACTOR_PRP_OR_LL_RESULT_AND_NO_ACTIVE_GIMPS_ASSIGNMENT,2026-08-08T14:01:06+00:00,UNALLOCATED,,,,,
SLCMP585-2552,2552,2552,288626669,2^288626669-1,STRUCTURAL_SCREEN_EXHAUSTED_PRIMALITY_UNASSIGNED,GF3A_DIRECTIONAL_WRITE_EXHAUSTED_PRIMALITY_UNASSIGNED,513,512,512,NO_RECORDED_FACTOR_PRP_OR_LL_RESULT_AND_NO_ACTIVE_GIMPS_ASSIGNMENT,2026-08-08T14:01:06+00:00,UNALLOCATED,,,,,
SLCMP585-2553,2553,2553,288626693,2^288626693-1,STRUCTURAL_SCREEN_EXHAUSTED_PRIMALITY_UNASSIGNED,GF3A_DIRECTIONAL_WRITE_EXHAUSTED_PRIMALITY_UNASSIGNED,513,512,512,NO_RECORDED_FACTOR_PRP_OR_LL_RESULT_AND_NO_ACTIVE_GIMPS_ASSIGNMENT,2026-08-08T14:01:06+00:00,UNALLOCATED,,,,,
SLCMP585-2554,2554,2554,288626699,2^288626699-1,STRUCTURAL_SCREEN_EXHAUSTED_PRIMALITY_UNASSIGNED,GF3A_DIRECTIONAL_WRITE_EXHAUSTED_PRIMALITY_UNASSIGNED,514,512,512,NO_RECORDED_FACTOR_PRP_OR_LL_RESULT_AND_NO_ACTIVE_GIMPS_ASSIGNMENT,2026-08-08T14:01:06+00:00,UNALLOCATED,,,,,
SLCMP585-2555,2555,2555,288626749,2^288626749-1,STRUCTURAL_SCREEN_EXHAUSTED_PRIMALITY_UNASSIGNED,GF3A_DIRECTIONAL_WRITE_EXHAUSTED_PRIMALITY_UNASSIGNED,513,512,512,NO_RECORDED_FACTOR_PRP_OR_LL_RESULT_AND_NO_ACTIVE_GIMPS_ASSIGNMENT,2026-08-08T14:01:06+00:00,UNALLOCATED,,,,,
SLCMP585-2556,2556,2556,288626831,2^288626831-1,STRUCTURAL_SCREEN_EXHAUSTED_PRIMALITY_UNASSIGNED,GF3A_DIRECTIONAL_WRITE_EXHAUSTED_PRIMALITY_UNASSIGNED,514,512,512,NO_RECORDED_FACTOR_PRP_OR_LL_RESULT_AND_NO_ACTIVE_GIMPS_ASSIGNMENT,2026-08-08T14:01:06+00:00,UNALLOCATED,,,,,
SLCMP585-2557,2557,2557,288626861,2^288626861-1,STRUCTURAL_SCREEN_EXHAUSTED_PRIMALITY_UNASSIGNED,GF3A_DIRECTIONAL_WRITE_EXHAUSTED_PRIMALITY_UNASSIGNED,513,512,512,NO_RECORDED_FACTOR_PRP_OR_LL_RESULT_AND_NO_ACTIVE_GIMPS_ASSIGNMENT,2026-08-08T14:01:06+00:00,UNALLOCATED,,,,,
SLCMP585-2558,2558,2558,288626917,2^288626917-1,STRUCTURAL_SCREEN_EXHAUSTED_PRIMALITY_UNASSIGNED,GF3A_DIRECTIONAL_WRITE_EXHAUSTED_PRIMALITY_UNASSIGNED,513,512,512,NO_RECORDED_FACTOR_PRP_OR_LL_RESULT_AND_NO_ACTIVE_GIMPS_ASSIGNMENT,2026-08-08T14:01:06+00:00,UNALLOCATED,,,,,
SLCMP585-2559,2559,2559,288626981,2^288626981-1,STRUCTURAL_SCREEN_EXHAUSTED_PRIMALITY_UNASSIGNED,GF3A_DIRECTIONAL_WRITE_EXHAUSTED_PRIMALITY_UNASSIGNED,513,512,512,NO_RECORDED_FACTOR_PRP_OR_LL_RESULT_AND_NO_ACTIVE_GIMPS_ASSIGNMENT,2026-08-08T14:01:06+00:00,UNALLOCATED,,,,,
SLCMP585-2560,2560,2560,288627007,2^288627007-1,STRUCTURAL_SCREEN_EXHAUSTED_PRIMALITY_UNASSIGNED,GF3A_DIRECTIONAL_WRITE_EXHAUSTED_PRIMALITY_UNASSIGNED,514,512,512,NO_RECORDED_FACTOR_PRP_OR_LL_RESULT_AND_NO_ACTIVE_GIMPS_ASSIGNMENT,2026-08-08T14:01:06+00:00,UNALLOCATED,,,,,
SLCMP585-2561,2561,2561,288627067,2^288627067-1,STRUCTURAL_SCREEN_EXHAUSTED_PRIMALITY_UNASSIGNED,GF3A_DIRECTIONAL_WRITE_EXHAUSTED_PRIMALITY_UNASSIGNED,514,512,512,NO_RECORDED_FACTOR_PRP_OR_LL_RESULT_AND_NO_ACTIVE_GIMPS_ASSIGNMENT,2026-08-08T14:01:06+00:00,UNALLOCATED,,,,,
SLCMP585-2562,2562,2562,288627113,2^288627113-1,STRUCTURAL_SCREEN_EXHAUSTED_PRIMALITY_UNASSIGNED,GF3A_DIRECTIONAL_WRITE_EXHAUSTED_PRIMALITY_UNASSIGNED,513,512,512,NO_RECORDED_FACTOR_PRP_OR_LL_RESULT_AND_NO_ACTIVE_GIMPS_ASSIGNMENT,2026-08-08T14:01:06+00:00,UNALLOCATED,,,,,
SLCMP585-2563,2563,2563,288627187,2^288627187-1,STRUCTURAL_SCREEN_EXHAUSTED_PRIMALITY_UNASSIGNED,GF3A_DIRECTIONAL_WRITE_EXHAUSTED_PRIMALITY_UNASSIGNED,514,512,512,NO_RECORDED_FACTOR_PRP_OR_LL_RESULT_AND_NO_ACTIVE_GIMPS_ASSIGNMENT,2026-08-08T14:01:06+00:00,UNALLOCATED,,,,,
SLCMP585-2564,2564,2564,288627281,2^288627281-1,STRUCTURAL_SCREEN_EXHAUSTED_PRIMALITY_UNASSIGNED,GF3A_DIRECTIONAL_WRITE_EXHAUSTED_PRIMALITY_UNASSIGNED,513,512,512,NO_RECORDED_FACTOR_PRP_OR_LL_RESULT_AND_NO_ACTIVE_GIMPS_ASSIGNMENT,2026-08-08T14:01:06+00:00,UNALLOCATED,,,,,
SLCMP585-2565,2565,2565,288627379,2^288627379-1,STRUCTURAL_SCREEN_EXHAUSTED_PRIMALITY_UNASSIGNED,GF3A_DIRECTIONAL_WRITE_EXHAUSTED_PRIMALITY_UNASSIGNED,514,512,512,NO_RECORDED_FACTOR_PRP_OR_LL_RESULT_AND_NO_ACTIVE_GIMPS_ASSIGNMENT,2026-08-08T14:01:06+00:00,UNALLOCATED,,,,,
SLCMP585-2566,2566,2566,288627463,2^288627463-1,STRUCTURAL_SCREEN_EXHAUSTED_PRIMALITY_UNASSIGNED,GF3A_DIRECTIONAL_WRITE_EXHAUSTED_PRIMALITY_UNASSIGNED,514,512,512,NO_RECORDED_FACTOR_PRP_OR_LL_RESULT_AND_NO_ACTIVE_GIMPS_ASSIGNMENT,2026-08-08T14:01:06+00:00,UNALLOCATED,,,,,
SLCMP585-2567,2567,2567,288627541,2^288627541-1,STRUCTURAL_SCREEN_EXHAUSTED_PRIMALITY_UNASSIGNED,GF3A_DIRECTIONAL_WRITE_EXHAUSTED_PRIMALITY_UNASSIGNED,513,512,512,NO_RECORDED_FACTOR_PRP_OR_LL_RESULT_AND_NO_ACTIVE_GIMPS_ASSIGNMENT,2026-08-08T14:01:06+00:00,UNALLOCATED,,,,,
SLCMP585-2568,2568,2568,288627673,2^288627673-1,STRUCTURAL_SCREEN_EXHAUSTED_PRIMALITY_UNASSIGNED,GF3A_DIRECTIONAL_WRITE_EXHAUSTED_PRIMALITY_UNASSIGNED,513,512,512,NO_RECORDED_FACTOR_PRP_OR_LL_RESULT_AND_NO_ACTIVE_GIMPS_ASSIGNMENT,2026-08-08T14:01:06+00:00,UNALLOCATED,,,,,
SLCMP585-2569,2569,2569,288627679,2^288627679-1,STRUCTURAL_SCREEN_EXHAUSTED_PRIMALITY_UNASSIGNED,GF3A_DIRECTIONAL_WRITE_EXHAUSTED_PRIMALITY_UNASSIGNED,514,512,512,NO_RECORDED_FACTOR_PRP_OR_LL_RESULT_AND_NO_ACTIVE_GIMPS_ASSIGNMENT,2026-08-08T14:01:06+00:00,UNALLOCATED,,,,,
SLCMP585-2570,2570,2570,288627797,2^288627797-1,STRUCTURAL_SCREEN_EXHAUSTED_PRIMALITY_UNASSIGNED,GF3A_DIRECTIONAL_WRITE_EXHAUSTED_PRIMALITY_UNASSIGNED,513,512,512,NO_RECORDED_FACTOR_PRP_OR_LL_RESULT_AND_NO_ACTIVE_GIMPS_ASSIGNMENT,2026-08-08T14:01:06+00:00,UNALLOCATED,,,,,
SLCMP585-2571,2571,2571,288627847,2^288627847-1,STRUCTURAL_SCREEN_EXHAUSTED_PRIMALITY_UNASSIGNED,GF3A_DIRECTIONAL_WRITE_EXHAUSTED_PRIMALITY_UNASSIGNED,514,512,512,NO_RECORDED_FACTOR_PRP_OR_LL_RESULT_AND_NO_ACTIVE_GIMPS_ASSIGNMENT,2026-08-08T14:01:06+00:00,UNALLOCATED,,,,,
SLCMP585-2572,2572,2572,288627881,2^288627881-1,STRUCTURAL_SCREEN_EXHAUSTED_PRIMALITY_UNASSIGNED,GF3A_DIRECTIONAL_WRITE_EXHAUSTED_PRIMALITY_UNASSIGNED,513,512,512,NO_RECORDED_FACTOR_PRP_OR_LL_RESULT_AND_NO_ACTIVE_GIMPS_ASSIGNMENT,2026-08-08T14:01:06+00:00,UNALLOCATED,,,,,
SLCMP585-2573,2573,2573,288627907,2^288627907-1,STRUCTURAL_SCREEN_EXHAUSTED_PRIMALITY_UNASSIGNED,GF3A_DIRECTIONAL_WRITE_EXHAUSTED_PRIMALITY_UNASSIGNED,514,512,512,NO_RECORDED_FACTOR_PRP_OR_LL_RESULT_AND_NO_ACTIVE_GIMPS_ASSIGNMENT,2026-08-08T14:01:06+00:00,UNALLOCATED,,,,,
SLCMP585-2574,2574,2574,288627919,2^288627919-1,STRUCTURAL_SCREEN_EXHAUSTED_PRIMALITY_UNASSIGNED,GF3A_DIRECTIONAL_WRITE_EXHAUSTED_PRIMALITY_UNASSIGNED,514,512,512,NO_RECORDED_FACTOR_PRP_OR_LL_RESULT_AND_NO_ACTIVE_GIMPS_ASSIGNMENT,2026-08-08T14:01:06+00:00,UNALLOCATED,,,,,
SLCMP585-2575,2575,2575,288628037,2^288628037-1,STRUCTURAL_SCREEN_EXHAUSTED_PRIMALITY_UNASSIGNED,GF3A_DIRECTIONAL_WRITE_EXHAUSTED_PRIMALITY_UNASSIGNED,513,512,512,NO_RECORDED_FACTOR_PRP_OR_LL_RESULT_AND_NO_ACTIVE_GIMPS_ASSIGNMENT,2026-08-08T14:01:06+00:00,UNALLOCATED,,,,,
SLCMP585-2576,2576,2576,288628061,2^288628061-1,STRUCTURAL_SCREEN_EXHAUSTED_PRIMALITY_UNASSIGNED,GF3A_DIRECTIONAL_WRITE_EXHAUSTED_PRIMALITY_UNASSIGNED,513,512,512,NO_RECORDED_FACTOR_PRP_OR_LL_RESULT_AND_NO_ACTIVE_GIMPS_ASSIGNMENT,2026-08-08T14:01:06+00:00,UNALLOCATED,,,,,
SLCMP585-2577,2577,2577,288628117,2^288628117-1,STRUCTURAL_SCREEN_EXHAUSTED_PRIMALITY_UNASSIGNED,GF3A_DIRECTIONAL_WRITE_EXHAUSTED_PRIMALITY_UNASSIGNED,513,512,512,NO_RECORDED_FACTOR_PRP_OR_LL_RESULT_AND_NO_ACTIVE_GIMPS_ASSIGNMENT,2026-08-08T14:01:06+00:00,UNALLOCATED,,,,,
SLCMP585-2578,2578,2578,288628121,2^288628121-1,STRUCTURAL_SCREEN_EXHAUSTED_PRIMALITY_UNASSIGNED,GF3A_DIRECTIONAL_WRITE_EXHAUSTED_PRIMALITY_UNASSIGNED,513,512,512,NO_RECORDED_FACTOR_PRP_OR_LL_RESULT_AND_NO_ACTIVE_GIMPS_ASSIGNMENT,2026-08-08T14:01:06+00:00,UNALLOCATED,,,,,
SLCMP585-2579,2579,2579,288628303,2^288628303-1,STRUCTURAL_SCREEN_EXHAUSTED_PRIMALITY_UNASSIGNED,GF3A_DIRECTIONAL_WRITE_EXHAUSTED_PRIMALITY_UNASSIGNED,514,512,512,NO_RECORDED_FACTOR_PRP_OR_LL_RESULT_AND_NO_ACTIVE_GIMPS_ASSIGNMENT,2026-08-08T14:01:06+00:00,UNALLOCATED,,,,,
SLCMP585-2580,2580,2580,288628337,2^288628337-1,STRUCTURAL_SCREEN_EXHAUSTED_PRIMALITY_UNASSIGNED,GF3A_DIRECTIONAL_WRITE_EXHAUSTED_PRIMALITY_UNASSIGNED,513,512,512,NO_RECORDED_FACTOR_PRP_OR_LL_RESULT_AND_NO_ACTIVE_GIMPS_ASSIGNMENT,2026-08-08T14:01:06+00:00,UNALLOCATED,,,,,
SLCMP585-2581,2581,2581,288628367,2^288628367-1,STRUCTURAL_SCREEN_EXHAUSTED_PRIMALITY_UNASSIGNED,GF3A_DIRECTIONAL_WRITE_EXHAUSTED_PRIMALITY_UNASSIGNED,514,512,512,NO_RECORDED_FACTOR_PRP_OR_LL_RESULT_AND_NO_ACTIVE_GIMPS_ASSIGNMENT,2026-08-08T14:01:06+00:00,UNALLOCATED,,,,,
SLCMP585-2582,2582,2582,288628409,2^288628409-1,STRUCTURAL_SCREEN_EXHAUSTED_PRIMALITY_UNASSIGNED,GF3A_DIRECTIONAL_WRITE_EXHAUSTED_PRIMALITY_UNASSIGNED,513,512,512,NO_RECORDED_FACTOR_PRP_OR_LL_RESULT_AND_NO_ACTIVE_GIMPS_ASSIGNMENT,2026-08-08T14:01:06+00:00,UNALLOCATED,,,,,
SLCMP585-2583,2583,2583,288628441,2^288628441-1,STRUCTURAL_SCREEN_EXHAUSTED_PRIMALITY_UNASSIGNED,GF3A_DIRECTIONAL_WRITE_EXHAUSTED_PRIMALITY_UNASSIGNED,513,512,512,NO_RECORDED_FACTOR_PRP_OR_LL_RESULT_AND_NO_ACTIVE_GIMPS_ASSIGNMENT,2026-08-08T14:01:06+00:00,UNALLOCATED,,,,,
SLCMP585-2584,2584,2584,288628477,2^288628477-1,STRUCTURAL_SCREEN_EXHAUSTED_PRIMALITY_UNASSIGNED,GF3A_DIRECTIONAL_WRITE_EXHAUSTED_PRIMALITY_UNASSIGNED,513,512,512,NO_RECORDED_FACTOR_PRP_OR_LL_RESULT_AND_NO_ACTIVE_GIMPS_ASSIGNMENT,2026-08-08T14:01:06+00:00,UNALLOCATED,,,,,
SLCMP585-2585,2585,2585,288628493,2^288628493-1,STRUCTURAL_SCREEN_EXHAUSTED_PRIMALITY_UNASSIGNED,GF3A_DIRECTIONAL_WRITE_EXHAUSTED_PRIMALITY_UNASSIGNED,513,512,512,NO_RECORDED_FACTOR_PRP_OR_LL_RESULT_AND_NO_ACTIVE_GIMPS_ASSIGNMENT,2026-08-08T14:01:06+00:00,UNALLOCATED,,,,,
SLCMP585-2586,2586,2586,288628597,2^288628597-1,STRUCTURAL_SCREEN_EXHAUSTED_PRIMALITY_UNASSIGNED,GF3A_DIRECTIONAL_WRITE_EXHAUSTED_PRIMALITY_UNASSIGNED,513,512,512,NO_RECORDED_FACTOR_PRP_OR_LL_RESULT_AND_NO_ACTIVE_GIMPS_ASSIGNMENT,2026-08-08T14:01:06+00:00,UNALLOCATED,,,,,
SLCMP585-2587,2587,2587,288628667,2^288628667-1,STRUCTURAL_SCREEN_EXHAUSTED_PRIMALITY_UNASSIGNED,GF3A_DIRECTIONAL_WRITE_EXHAUSTED_PRIMALITY_UNASSIGNED,514,512,512,NO_RECORDED_FACTOR_PRP_OR_LL_RESULT_AND_NO_ACTIVE_GIMPS_ASSIGNMENT,2026-08-08T14:01:06+00:00,UNALLOCATED,,,,,
SLCMP585-2588,2588,2588,288628673,2^288628673-1,STRUCTURAL_SCREEN_EXHAUSTED_PRIMALITY_UNASSIGNED,GF3A_DIRECTIONAL_WRITE_EXHAUSTED_PRIMALITY_UNASSIGNED,513,512,512,NO_RECORDED_FACTOR_PRP_OR_LL_RESULT_AND_NO_ACTIVE_GIMPS_ASSIGNMENT,2026-08-08T14:01:06+00:00,UNALLOCATED,,,,,
SLCMP585-2589,2589,2589,288628721,2^288628721-1,STRUCTURAL_SCREEN_EXHAUSTED_PRIMALITY_UNASSIGNED,GF3A_DIRECTIONAL_WRITE_EXHAUSTED_PRIMALITY_UNASSIGNED,513,512,512,NO_RECORDED_FACTOR_PRP_OR_LL_RESULT_AND_NO_ACTIVE_GIMPS_ASSIGNMENT,2026-08-08T14:01:06+00:00,UNALLOCATED,,,,,
SLCMP585-2590,2590,2590,288628741,2^288628741-1,STRUCTURAL_SCREEN_EXHAUSTED_PRIMALITY_UNASSIGNED,GF3A_DIRECTIONAL_WRITE_EXHAUSTED_PRIMALITY_UNASSIGNED,513,512,512,NO_RECORDED_FACTOR_PRP_OR_LL_RESULT_AND_NO_ACTIVE_GIMPS_ASSIGNMENT,2026-08-08T14:01:06+00:00,UNALLOCATED,,,,,
SLCMP585-2591,2591,2591,288628903,2^288628903-1,STRUCTURAL_SCREEN_EXHAUSTED_PRIMALITY_UNASSIGNED,GF3A_DIRECTIONAL_WRITE_EXHAUSTED_PRIMALITY_UNASSIGNED,514,512,512,NO_RECORDED_FACTOR_PRP_OR_LL_RESULT_AND_NO_ACTIVE_GIMPS_ASSIGNMENT,2026-08-08T14:01:06+00:00,UNALLOCATED,,,,,
SLCMP585-2592,2592,2592,288628979,2^288628979-1,STRUCTURAL_SCREEN_EXHAUSTED_PRIMALITY_UNASSIGNED,GF3A_DIRECTIONAL_WRITE_EXHAUSTED_PRIMALITY_UNASSIGNED,514,512,512,NO_RECORDED_FACTOR_PRP_OR_LL_RESULT_AND_NO_ACTIVE_GIMPS_ASSIGNMENT,2026-08-08T14:01:06+00:00,UNALLOCATED,,,,,
SLCMP585-2593,2593,2593,288629041,2^288629041-1,STRUCTURAL_SCREEN_EXHAUSTED_PRIMALITY_UNASSIGNED,GF3A_DIRECTIONAL_WRITE_EXHAUSTED_PRIMALITY_UNASSIGNED,513,512,512,NO_RECORDED_FACTOR_PRP_OR_LL_RESULT_AND_NO_ACTIVE_GIMPS_ASSIGNMENT,2026-08-08T14:01:06+00:00,UNALLOCATED,,,,,
SLCMP585-2594,2594,2594,288629113,2^288629113-1,STRUCTURAL_SCREEN_EXHAUSTED_PRIMALITY_UNASSIGNED,GF3A_DIRECTIONAL_WRITE_EXHAUSTED_PRIMALITY_UNASSIGNED,513,512,512,NO_RECORDED_FACTOR_PRP_OR_LL_RESULT_AND_NO_ACTIVE_GIMPS_ASSIGNMENT,2026-08-08T14:01:06+00:00,UNALLOCATED,,,,,
SLCMP585-2595,2595,2595,288629161,2^288629161-1,STRUCTURAL_SCREEN_EXHAUSTED_PRIMALITY_UNASSIGNED,GF3A_DIRECTIONAL_WRITE_EXHAUSTED_PRIMALITY_UNASSIGNED,513,512,512,NO_RECORDED_FACTOR_PRP_OR_LL_RESULT_AND_NO_ACTIVE_GIMPS_ASSIGNMENT,2026-08-08T14:01:06+00:00,UNALLOCATED,,,,,
SLCMP585-2596,2596,2596,288629219,2^288629219-1,STRUCTURAL_SCREEN_EXHAUSTED_PRIMALITY_UNASSIGNED,GF3A_DIRECTIONAL_WRITE_EXHAUSTED_PRIMALITY_UNASSIGNED,514,512,512,NO_RECORDED_FACTOR_PRP_OR_LL_RESULT_AND_NO_ACTIVE_GIMPS_ASSIGNMENT,2026-08-08T14:01:06+00:00,UNALLOCATED,,,,,
SLCMP585-2597,2597,2597,288629279,2^288629279-1,STRUCTURAL_SCREEN_EXHAUSTED_PRIMALITY_UNASSIGNED,GF3A_DIRECTIONAL_WRITE_EXHAUSTED_PRIMALITY_UNASSIGNED,514,512,512,NO_RECORDED_FACTOR_PRP_OR_LL_RESULT_AND_NO_ACTIVE_GIMPS_ASSIGNMENT,2026-08-08T14:01:06+00:00,UNALLOCATED,,,,,
SLCMP585-2598,2598,2598,288629333,2^288629333-1,STRUCTURAL_SCREEN_EXHAUSTED_PRIMALITY_UNASSIGNED,GF3A_DIRECTIONAL_WRITE_EXHAUSTED_PRIMALITY_UNASSIGNED,513,512,512,NO_RECORDED_FACTOR_PRP_OR_LL_RESULT_AND_NO_ACTIVE_GIMPS_ASSIGNMENT,2026-08-08T14:01:06+00:00,UNALLOCATED,,,,,
SLCMP585-2599,2599,2599,288629339,2^288629339-1,STRUCTURAL_SCREEN_EXHAUSTED_PRIMALITY_UNASSIGNED,GF3A_DIRECTIONAL_WRITE_EXHAUSTED_PRIMALITY_UNASSIGNED,514,512,512,NO_RECORDED_FACTOR_PRP_OR_LL_RESULT_AND_NO_ACTIVE_GIMPS_ASSIGNMENT,2026-08-08T14:01:06+00:00,UNALLOCATED,,,,,
SLCMP585-2600,2600,2600,288629441,2^288629441-1,STRUCTURAL_SCREEN_EXHAUSTED_PRIMALITY_UNASSIGNED,GF3A_DIRECTIONAL_WRITE_EXHAUSTED_PRIMALITY_UNASSIGNED,513,512,512,NO_RECORDED_FACTOR_PRP_OR_LL_RESULT_AND_NO_ACTIVE_GIMPS_ASSIGNMENT,2026-08-08T14:01:06+00:00,UNALLOCATED,,,,,
SLCMP585-2601,2601,2601,288629629,2^288629629-1,STRUCTURAL_SCREEN_EXHAUSTED_PRIMALITY_UNASSIGNED,GF3A_DIRECTIONAL_WRITE_EXHAUSTED_PRIMALITY_UNASSIGNED,513,512,512,NO_RECORDED_FACTOR_PRP_OR_LL_RESULT_AND_NO_ACTIVE_GIMPS_ASSIGNMENT,2026-08-08T14:01:06+00:00,UNALLOCATED,,,,,
SLCMP585-2602,2602,2602,288629647,2^288629647-1,STRUCTURAL_SCREEN_EXHAUSTED_PRIMALITY_UNASSIGNED,GF3A_DIRECTIONAL_WRITE_EXHAUSTED_PRIMALITY_UNASSIGNED,514,512,512,NO_RECORDED_FACTOR_PRP_OR_LL_RESULT_AND_NO_ACTIVE_GIMPS_ASSIGNMENT,2026-08-08T14:01:06+00:00,UNALLOCATED,,,,,
SLCMP585-2603,2603,2603,288629657,2^288629657-1,STRUCTURAL_SCREEN_EXHAUSTED_PRIMALITY_UNASSIGNED,GF3A_DIRECTIONAL_WRITE_EXHAUSTED_PRIMALITY_UNASSIGNED,513,512,512,NO_RECORDED_FACTOR_PRP_OR_LL_RESULT_AND_NO_ACTIVE_GIMPS_ASSIGNMENT,2026-08-08T14:01:06+00:00,UNALLOCATED,,,,,
SLCMP585-2604,2604,2604,288629753,2^288629753-1,STRUCTURAL_SCREEN_EXHAUSTED_PRIMALITY_UNASSIGNED,GF3A_DIRECTIONAL_WRITE_EXHAUSTED_PRIMALITY_UNASSIGNED,513,512,512,NO_RECORDED_FACTOR_PRP_OR_LL_RESULT_AND_NO_ACTIVE_GIMPS_ASSIGNMENT,2026-08-08T14:01:06+00:00,UNALLOCATED,,,,,
SLCMP585-2605,2605,2605,288629767,2^288629767-1,STRUCTURAL_SCREEN_EXHAUSTED_PRIMALITY_UNASSIGNED,GF3A_DIRECTIONAL_WRITE_EXHAUSTED_PRIMALITY_UNASSIGNED,514,512,512,NO_RECORDED_FACTOR_PRP_OR_LL_RESULT_AND_NO_ACTIVE_GIMPS_ASSIGNMENT,2026-08-08T14:01:06+00:00,UNALLOCATED,,,,,
SLCMP585-2606,2606,2606,288629801,2^288629801-1,STRUCTURAL_SCREEN_EXHAUSTED_PRIMALITY_UNASSIGNED,GF3A_DIRECTIONAL_WRITE_EXHAUSTED_PRIMALITY_UNASSIGNED,513,512,512,NO_RECORDED_FACTOR_PRP_OR_LL_RESULT_AND_NO_ACTIVE_GIMPS_ASSIGNMENT,2026-08-08T14:01:06+00:00,UNALLOCATED,,,,,
SLCMP585-2607,2607,2607,288629807,2^288629807-1,STRUCTURAL_SCREEN_EXHAUSTED_PRIMALITY_UNASSIGNED,GF3A_DIRECTIONAL_WRITE_EXHAUSTED_PRIMALITY_UNASSIGNED,514,512,512,NO_RECORDED_FACTOR_PRP_OR_LL_RESULT_AND_NO_ACTIVE_GIMPS_ASSIGNMENT,2026-08-08T14:01:06+00:00,UNALLOCATED,,,,,
SLCMP585-2608,2608,2608,288629849,2^288629849-1,STRUCTURAL_SCREEN_EXHAUSTED_PRIMALITY_UNASSIGNED,GF3A_DIRECTIONAL_WRITE_EXHAUSTED_PRIMALITY_UNASSIGNED,513,512,512,NO_RECORDED_FACTOR_PRP_OR_LL_RESULT_AND_NO_ACTIVE_GIMPS_ASSIGNMENT,2026-08-08T14:01:06+00:00,UNALLOCATED,,,,,
SLCMP585-2609,2609,2609,288629987,2^288629987-1,STRUCTURAL_SCREEN_EXHAUSTED_PRIMALITY_UNASSIGNED,GF3A_DIRECTIONAL_WRITE_EXHAUSTED_PRIMALITY_UNASSIGNED,514,512,512,NO_RECORDED_FACTOR_PRP_OR_LL_RESULT_AND_NO_ACTIVE_GIMPS_ASSIGNMENT,2026-08-08T14:01:06+00:00,UNALLOCATED,,,,,
SLCMP585-2610,2610,2610,288630049,2^288630049-1,STRUCTURAL_SCREEN_EXHAUSTED_PRIMALITY_UNASSIGNED,GF3A_DIRECTIONAL_WRITE_EXHAUSTED_PRIMALITY_UNASSIGNED,513,512,512,NO_RECORDED_FACTOR_PRP_OR_LL_RESULT_AND_NO_ACTIVE_GIMPS_ASSIGNMENT,2026-08-08T14:01:06+00:00,UNALLOCATED,,,,,
SLCMP585-2611,2611,2611,288630109,2^288630109-1,STRUCTURAL_SCREEN_EXHAUSTED_PRIMALITY_UNASSIGNED,GF3A_DIRECTIONAL_WRITE_EXHAUSTED_PRIMALITY_UNASSIGNED,513,512,512,NO_RECORDED_FACTOR_PRP_OR_LL_RESULT_AND_NO_ACTIVE_GIMPS_ASSIGNMENT,2026-08-08T14:01:06+00:00,UNALLOCATED,,,,,
SLCMP585-2612,2612,2612,288630271,2^288630271-1,STRUCTURAL_SCREEN_EXHAUSTED_PRIMALITY_UNASSIGNED,GF3A_DIRECTIONAL_WRITE_EXHAUSTED_PRIMALITY_UNASSIGNED,514,512,512,NO_RECORDED_FACTOR_PRP_OR_LL_RESULT_AND_NO_ACTIVE_GIMPS_ASSIGNMENT,2026-08-08T14:01:06+00:00,UNALLOCATED,,,,,
SLCMP585-2613,2613,2613,288630313,2^288630313-1,STRUCTURAL_SCREEN_EXHAUSTED_PRIMALITY_UNASSIGNED,GF3A_DIRECTIONAL_WRITE_EXHAUSTED_PRIMALITY_UNASSIGNED,513,512,512,NO_RECORDED_FACTOR_PRP_OR_LL_RESULT_AND_NO_ACTIVE_GIMPS_ASSIGNMENT,2026-08-08T14:01:06+00:00,UNALLOCATED,,,,,
SLCMP585-2614,2614,2614,288630323,2^288630323-1,STRUCTURAL_SCREEN_EXHAUSTED_PRIMALITY_UNASSIGNED,GF3A_DIRECTIONAL_WRITE_EXHAUSTED_PRIMALITY_UNASSIGNED,514,512,512,NO_RECORDED_FACTOR_PRP_OR_LL_RESULT_AND_NO_ACTIVE_GIMPS_ASSIGNMENT,2026-08-08T14:01:06+00:00,UNALLOCATED,,,,,
SLCMP585-2615,2615,2615,288630341,2^288630341-1,STRUCTURAL_SCREEN_EXHAUSTED_PRIMALITY_UNASSIGNED,GF3A_DIRECTIONAL_WRITE_EXHAUSTED_PRIMALITY_UNASSIGNED,513,512,512,NO_RECORDED_FACTOR_PRP_OR_LL_RESULT_AND_NO_ACTIVE_GIMPS_ASSIGNMENT,2026-08-08T14:01:06+00:00,UNALLOCATED,,,,,
SLCMP585-2616,2616,2616,288630361,2^288630361-1,STRUCTURAL_SCREEN_EXHAUSTED_PRIMALITY_UNASSIGNED,GF3A_DIRECTIONAL_WRITE_EXHAUSTED_PRIMALITY_UNASSIGNED,513,512,512,NO_RECORDED_FACTOR_PRP_OR_LL_RESULT_AND_NO_ACTIVE_GIMPS_ASSIGNMENT,2026-08-08T14:01:06+00:00,UNALLOCATED,,,,,
SLCMP585-2617,2617,2617,288630449,2^288630449-1,STRUCTURAL_SCREEN_EXHAUSTED_PRIMALITY_UNASSIGNED,GF3A_DIRECTIONAL_WRITE_EXHAUSTED_PRIMALITY_UNASSIGNED,513,512,512,NO_RECORDED_FACTOR_PRP_OR_LL_RESULT_AND_NO_ACTIVE_GIMPS_ASSIGNMENT,2026-08-08T14:01:06+00:00,UNALLOCATED,,,,,
SLCMP585-2618,2618,2618,288630521,2^288630521-1,STRUCTURAL_SCREEN_EXHAUSTED_PRIMALITY_UNASSIGNED,GF3A_DIRECTIONAL_WRITE_EXHAUSTED_PRIMALITY_UNASSIGNED,513,512,512,NO_RECORDED_FACTOR_PRP_OR_LL_RESULT_AND_NO_ACTIVE_GIMPS_ASSIGNMENT,2026-08-08T14:01:06+00:00,UNALLOCATED,,,,,
SLCMP585-2619,2619,2619,288630523,2^288630523-1,STRUCTURAL_SCREEN_EXHAUSTED_PRIMALITY_UNASSIGNED,GF3A_DIRECTIONAL_WRITE_EXHAUSTED_PRIMALITY_UNASSIGNED,514,512,512,NO_RECORDED_FACTOR_PRP_OR_LL_RESULT_AND_NO_ACTIVE_GIMPS_ASSIGNMENT,2026-08-08T14:01:06+00:00,UNALLOCATED,,,,,
SLCMP585-2620,2620,2620,288630557,2^288630557-1,STRUCTURAL_SCREEN_EXHAUSTED_PRIMALITY_UNASSIGNED,GF3A_DIRECTIONAL_WRITE_EXHAUSTED_PRIMALITY_UNASSIGNED,513,512,512,NO_RECORDED_FACTOR_PRP_OR_LL_RESULT_AND_NO_ACTIVE_GIMPS_ASSIGNMENT,2026-08-08T14:01:06+00:00,UNALLOCATED,,,,,
SLCMP585-2621,2621,2621,288630593,2^288630593-1,STRUCTURAL_SCREEN_EXHAUSTED_PRIMALITY_UNASSIGNED,GF3A_DIRECTIONAL_WRITE_EXHAUSTED_PRIMALITY_UNASSIGNED,513,512,512,NO_RECORDED_FACTOR_PRP_OR_LL_RESULT_AND_NO_ACTIVE_GIMPS_ASSIGNMENT,2026-08-08T14:01:06+00:00,UNALLOCATED,,,,,
SLCMP585-2622,2622,2622,288630637,2^288630637-1,STRUCTURAL_SCREEN_EXHAUSTED_PRIMALITY_UNASSIGNED,GF3A_DIRECTIONAL_WRITE_EXHAUSTED_PRIMALITY_UNASSIGNED,513,512,512,NO_RECORDED_FACTOR_PRP_OR_LL_RESULT_AND_NO_ACTIVE_GIMPS_ASSIGNMENT,2026-08-08T14:01:06+00:00,UNALLOCATED,,,,,
SLCMP585-2623,2623,2623,288630737,2^288630737-1,STRUCTURAL_SCREEN_EXHAUSTED_PRIMALITY_UNASSIGNED,GF3A_DIRECTIONAL_WRITE_EXHAUSTED_PRIMALITY_UNASSIGNED,513,512,512,NO_RECORDED_FACTOR_PRP_OR_LL_RESULT_AND_NO_ACTIVE_GIMPS_ASSIGNMENT,2026-08-08T14:01:06+00:00,UNALLOCATED,,,,,
SLCMP585-2624,2624,2624,288630761,2^288630761-1,STRUCTURAL_SCREEN_EXHAUSTED_PRIMALITY_UNASSIGNED,GF3A_DIRECTIONAL_WRITE_EXHAUSTED_PRIMALITY_UNASSIGNED,513,512,512,NO_RECORDED_FACTOR_PRP_OR_LL_RESULT_AND_NO_ACTIVE_GIMPS_ASSIGNMENT,2026-08-08T14:01:06+00:00,UNALLOCATED,,,,,
SLCMP585-2625,2625,2625,288630779,2^288630779-1,STRUCTURAL_SCREEN_EXHAUSTED_PRIMALITY_UNASSIGNED,GF3A_DIRECTIONAL_WRITE_EXHAUSTED_PRIMALITY_UNASSIGNED,514,512,512,NO_RECORDED_FACTOR_PRP_OR_LL_RESULT_AND_NO_ACTIVE_GIMPS_ASSIGNMENT,2026-08-08T14:01:06+00:00,UNALLOCATED,,,,,
SLCMP585-2626,2626,2626,288630781,2^288630781-1,STRUCTURAL_SCREEN_EXHAUSTED_PRIMALITY_UNASSIGNED,GF3A_DIRECTIONAL_WRITE_EXHAUSTED_PRIMALITY_UNASSIGNED,513,512,512,NO_RECORDED_FACTOR_PRP_OR_LL_RESULT_AND_NO_ACTIVE_GIMPS_ASSIGNMENT,2026-08-08T14:01:06+00:00,UNALLOCATED,,,,,
SLCMP585-2627,2627,2627,288630829,2^288630829-1,STRUCTURAL_SCREEN_EXHAUSTED_PRIMALITY_UNASSIGNED,GF3A_DIRECTIONAL_WRITE_EXHAUSTED_PRIMALITY_UNASSIGNED,513,512,512,NO_RECORDED_FACTOR_PRP_OR_LL_RESULT_AND_NO_ACTIVE_GIMPS_ASSIGNMENT,2026-08-08T14:01:06+00:00,UNALLOCATED,,,,,
SLCMP585-2628,2628,2628,288630871,2^288630871-1,STRUCTURAL_SCREEN_EXHAUSTED_PRIMALITY_UNASSIGNED,GF3A_DIRECTIONAL_WRITE_EXHAUSTED_PRIMALITY_UNASSIGNED,514,512,512,NO_RECORDED_FACTOR_PRP_OR_LL_RESULT_AND_NO_ACTIVE_GIMPS_ASSIGNMENT,2026-08-08T14:01:06+00:00,UNALLOCATED,,,,,
SLCMP585-2629,2629,2629,288630899,2^288630899-1,STRUCTURAL_SCREEN_EXHAUSTED_PRIMALITY_UNASSIGNED,GF3A_DIRECTIONAL_WRITE_EXHAUSTED_PRIMALITY_UNASSIGNED,514,512,512,NO_RECORDED_FACTOR_PRP_OR_LL_RESULT_AND_NO_ACTIVE_GIMPS_ASSIGNMENT,2026-08-08T14:01:06+00:00,UNALLOCATED,,,,,
SLCMP585-2630,2630,2630,288631139,2^288631139-1,STRUCTURAL_SCREEN_EXHAUSTED_PRIMALITY_UNASSIGNED,GF3A_DIRECTIONAL_WRITE_EXHAUSTED_PRIMALITY_UNASSIGNED,514,512,512,NO_RECORDED_FACTOR_PRP_OR_LL_RESULT_AND_NO_ACTIVE_GIMPS_ASSIGNMENT,2026-08-08T14:01:06+00:00,UNALLOCATED,,,,,
SLCMP585-2631,2631,2631,288631141,2^288631141-1,STRUCTURAL_SCREEN_EXHAUSTED_PRIMALITY_UNASSIGNED,GF3A_DIRECTIONAL_WRITE_EXHAUSTED_PRIMALITY_UNASSIGNED,513,512,512,NO_RECORDED_FACTOR_PRP_OR_LL_RESULT_AND_NO_ACTIVE_GIMPS_ASSIGNMENT,2026-08-08T14:01:06+00:00,UNALLOCATED,,,,,
SLCMP585-2632,2632,2632,288631169,2^288631169-1,STRUCTURAL_SCREEN_EXHAUSTED_PRIMALITY_UNASSIGNED,GF3A_DIRECTIONAL_WRITE_EXHAUSTED_PRIMALITY_UNASSIGNED,513,512,512,NO_RECORDED_FACTOR_PRP_OR_LL_RESULT_AND_NO_ACTIVE_GIMPS_ASSIGNMENT,2026-08-08T14:01:06+00:00,UNALLOCATED,,,,,
SLCMP585-2633,2633,2633,288631271,2^288631271-1,STRUCTURAL_SCREEN_EXHAUSTED_PRIMALITY_UNASSIGNED,GF3A_DIRECTIONAL_WRITE_EXHAUSTED_PRIMALITY_UNASSIGNED,514,512,512,NO_RECORDED_FACTOR_PRP_OR_LL_RESULT_AND_NO_ACTIVE_GIMPS_ASSIGNMENT,2026-08-08T14:01:06+00:00,UNALLOCATED,,,,,
SLCMP585-2634,2634,2634,288631283,2^288631283-1,STRUCTURAL_SCREEN_EXHAUSTED_PRIMALITY_UNASSIGNED,GF3A_DIRECTIONAL_WRITE_EXHAUSTED_PRIMALITY_UNASSIGNED,514,512,512,NO_RECORDED_FACTOR_PRP_OR_LL_RESULT_AND_NO_ACTIVE_GIMPS_ASSIGNMENT,2026-08-08T14:01:06+00:00,UNALLOCATED,,,,,
SLCMP585-2635,2635,2635,288631373,2^288631373-1,STRUCTURAL_SCREEN_EXHAUSTED_PRIMALITY_UNASSIGNED,GF3A_DIRECTIONAL_WRITE_EXHAUSTED_PRIMALITY_UNASSIGNED,513,512,512,NO_RECORDED_FACTOR_PRP_OR_LL_RESULT_AND_NO_ACTIVE_GIMPS_ASSIGNMENT,2026-08-08T14:01:06+00:00,UNALLOCATED,,,,,
SLCMP585-2636,2636,2636,288631433,2^288631433-1,STRUCTURAL_SCREEN_EXHAUSTED_PRIMALITY_UNASSIGNED,GF3A_DIRECTIONAL_WRITE_EXHAUSTED_PRIMALITY_UNASSIGNED,513,512,512,NO_RECORDED_FACTOR_PRP_OR_LL_RESULT_AND_NO_ACTIVE_GIMPS_ASSIGNMENT,2026-08-08T14:01:06+00:00,UNALLOCATED,,,,,
SLCMP585-2637,2637,2637,288631549,2^288631549-1,STRUCTURAL_SCREEN_EXHAUSTED_PRIMALITY_UNASSIGNED,GF3A_DIRECTIONAL_WRITE_EXHAUSTED_PRIMALITY_UNASSIGNED,513,512,512,NO_RECORDED_FACTOR_PRP_OR_LL_RESULT_AND_NO_ACTIVE_GIMPS_ASSIGNMENT,2026-08-08T14:01:06+00:00,UNALLOCATED,,,,,
SLCMP585-2638,2638,2638,288631573,2^288631573-1,STRUCTURAL_SCREEN_EXHAUSTED_PRIMALITY_UNASSIGNED,GF3A_DIRECTIONAL_WRITE_EXHAUSTED_PRIMALITY_UNASSIGNED,513,512,512,NO_RECORDED_FACTOR_PRP_OR_LL_RESULT_AND_NO_ACTIVE_GIMPS_ASSIGNMENT,2026-08-08T14:01:06+00:00,UNALLOCATED,,,,,
SLCMP585-2639,2639,2639,288631589,2^288631589-1,STRUCTURAL_SCREEN_EXHAUSTED_PRIMALITY_UNASSIGNED,GF3A_DIRECTIONAL_WRITE_EXHAUSTED_PRIMALITY_UNASSIGNED,513,512,512,NO_RECORDED_FACTOR_PRP_OR_LL_RESULT_AND_NO_ACTIVE_GIMPS_ASSIGNMENT,2026-08-08T14:01:06+00:00,UNALLOCATED,,,,,
SLCMP585-2640,2640,2640,288631631,2^288631631-1,STRUCTURAL_SCREEN_EXHAUSTED_PRIMALITY_UNASSIGNED,GF3A_DIRECTIONAL_WRITE_EXHAUSTED_PRIMALITY_UNASSIGNED,514,512,512,NO_RECORDED_FACTOR_PRP_OR_LL_RESULT_AND_NO_ACTIVE_GIMPS_ASSIGNMENT,2026-08-08T14:01:06+00:00,UNALLOCATED,,,,,
SLCMP585-2641,2641,2641,288631657,2^288631657-1,STRUCTURAL_SCREEN_EXHAUSTED_PRIMALITY_UNASSIGNED,GF3A_DIRECTIONAL_WRITE_EXHAUSTED_PRIMALITY_UNASSIGNED,513,512,512,NO_RECORDED_FACTOR_PRP_OR_LL_RESULT_AND_NO_ACTIVE_GIMPS_ASSIGNMENT,2026-08-08T14:01:06+00:00,UNALLOCATED,,,,,
SLCMP585-2642,2642,2642,288631727,2^288631727-1,STRUCTURAL_SCREEN_EXHAUSTED_PRIMALITY_UNASSIGNED,GF3A_DIRECTIONAL_WRITE_EXHAUSTED_PRIMALITY_UNASSIGNED,514,512,512,NO_RECORDED_FACTOR_PRP_OR_LL_RESULT_AND_NO_ACTIVE_GIMPS_ASSIGNMENT,2026-08-08T14:01:06+00:00,UNALLOCATED,,,,,
SLCMP585-2643,2643,2643,288631801,2^288631801-1,STRUCTURAL_SCREEN_EXHAUSTED_PRIMALITY_UNASSIGNED,GF3A_DIRECTIONAL_WRITE_EXHAUSTED_PRIMALITY_UNASSIGNED,513,512,512,NO_RECORDED_FACTOR_PRP_OR_LL_RESULT_AND_NO_ACTIVE_GIMPS_ASSIGNMENT,2026-08-08T14:01:06+00:00,UNALLOCATED,,,,,
SLCMP585-2644,2644,2644,288631909,2^288631909-1,STRUCTURAL_SCREEN_EXHAUSTED_PRIMALITY_UNASSIGNED,GF3A_DIRECTIONAL_WRITE_EXHAUSTED_PRIMALITY_UNASSIGNED,513,512,512,NO_RECORDED_FACTOR_PRP_OR_LL_RESULT_AND_NO_ACTIVE_GIMPS_ASSIGNMENT,2026-08-08T14:01:06+00:00,UNALLOCATED,,,,,
SLCMP585-2645,2645,2645,288631949,2^288631949-1,STRUCTURAL_SCREEN_EXHAUSTED_PRIMALITY_UNASSIGNED,GF3A_DIRECTIONAL_WRITE_EXHAUSTED_PRIMALITY_UNASSIGNED,513,512,512,NO_RECORDED_FACTOR_PRP_OR_LL_RESULT_AND_NO_ACTIVE_GIMPS_ASSIGNMENT,2026-08-08T14:01:06+00:00,UNALLOCATED,,,,,
SLCMP585-2646,2646,2646,288631961,2^288631961-1,STRUCTURAL_SCREEN_EXHAUSTED_PRIMALITY_UNASSIGNED,GF3A_DIRECTIONAL_WRITE_EXHAUSTED_PRIMALITY_UNASSIGNED,513,512,512,NO_RECORDED_FACTOR_PRP_OR_LL_RESULT_AND_NO_ACTIVE_GIMPS_ASSIGNMENT,2026-08-08T14:01:06+00:00,UNALLOCATED,,,,,
SLCMP585-2647,2647,2647,288632033,2^288632033-1,STRUCTURAL_SCREEN_EXHAUSTED_PRIMALITY_UNASSIGNED,GF3A_DIRECTIONAL_WRITE_EXHAUSTED_PRIMALITY_UNASSIGNED,513,512,512,NO_RECORDED_FACTOR_PRP_OR_LL_RESULT_AND_NO_ACTIVE_GIMPS_ASSIGNMENT,2026-08-08T14:01:06+00:00,UNALLOCATED,,,,,
SLCMP585-2648,2648,2648,288632063,2^288632063-1,STRUCTURAL_SCREEN_EXHAUSTED_PRIMALITY_UNASSIGNED,GF3A_DIRECTIONAL_WRITE_EXHAUSTED_PRIMALITY_UNASSIGNED,514,512,512,NO_RECORDED_FACTOR_PRP_OR_LL_RESULT_AND_NO_ACTIVE_GIMPS_ASSIGNMENT,2026-08-08T14:01:06+00:00,UNALLOCATED,,,,,
SLCMP585-2649,2649,2649,288632119,2^288632119-1,STRUCTURAL_SCREEN_EXHAUSTED_PRIMALITY_UNASSIGNED,GF3A_DIRECTIONAL_WRITE_EXHAUSTED_PRIMALITY_UNASSIGNED,514,512,512,NO_RECORDED_FACTOR_PRP_OR_LL_RESULT_AND_NO_ACTIVE_GIMPS_ASSIGNMENT,2026-08-08T14:01:06+00:00,UNALLOCATED,,,,,
SLCMP585-2650,2650,2650,288632131,2^288632131-1,STRUCTURAL_SCREEN_EXHAUSTED_PRIMALITY_UNASSIGNED,GF3A_DIRECTIONAL_WRITE_EXHAUSTED_PRIMALITY_UNASSIGNED,514,512,512,NO_RECORDED_FACTOR_PRP_OR_LL_RESULT_AND_NO_ACTIVE_GIMPS_ASSIGNMENT,2026-08-08T14:01:06+00:00,UNALLOCATED,,,,,
SLCMP585-2651,2651,2651,288632147,2^288632147-1,STRUCTURAL_SCREEN_EXHAUSTED_PRIMALITY_UNASSIGNED,GF3A_DIRECTIONAL_WRITE_EXHAUSTED_PRIMALITY_UNASSIGNED,514,512,512,NO_RECORDED_FACTOR_PRP_OR_LL_RESULT_AND_NO_ACTIVE_GIMPS_ASSIGNMENT,2026-08-08T14:01:06+00:00,UNALLOCATED,,,,,
SLCMP585-2652,2652,2652,288632161,2^288632161-1,STRUCTURAL_SCREEN_EXHAUSTED_PRIMALITY_UNASSIGNED,GF3A_DIRECTIONAL_WRITE_EXHAUSTED_PRIMALITY_UNASSIGNED,513,512,512,NO_RECORDED_FACTOR_PRP_OR_LL_RESULT_AND_NO_ACTIVE_GIMPS_ASSIGNMENT,2026-08-08T14:01:06+00:00,UNALLOCATED,,,,,
SLCMP585-2653,2653,2653,288632257,2^288632257-1,STRUCTURAL_SCREEN_EXHAUSTED_PRIMALITY_UNASSIGNED,GF3A_DIRECTIONAL_WRITE_EXHAUSTED_PRIMALITY_UNASSIGNED,513,512,512,NO_RECORDED_FACTOR_PRP_OR_LL_RESULT_AND_NO_ACTIVE_GIMPS_ASSIGNMENT,2026-08-08T14:01:06+00:00,UNALLOCATED,,,,,
SLCMP585-2654,2654,2654,288632261,2^288632261-1,STRUCTURAL_SCREEN_EXHAUSTED_PRIMALITY_UNASSIGNED,GF3A_DIRECTIONAL_WRITE_EXHAUSTED_PRIMALITY_UNASSIGNED,513,512,512,NO_RECORDED_FACTOR_PRP_OR_LL_RESULT_AND_NO_ACTIVE_GIMPS_ASSIGNMENT,2026-08-08T14:01:06+00:00,UNALLOCATED,,,,,
SLCMP585-2655,2655,2655,288632293,2^288632293-1,STRUCTURAL_SCREEN_EXHAUSTED_PRIMALITY_UNASSIGNED,GF3A_DIRECTIONAL_WRITE_EXHAUSTED_PRIMALITY_UNASSIGNED,513,512,512,NO_RECORDED_FACTOR_PRP_OR_LL_RESULT_AND_NO_ACTIVE_GIMPS_ASSIGNMENT,2026-08-08T14:01:06+00:00,UNALLOCATED,,,,,
SLCMP585-2656,2656,2656,288632321,2^288632321-1,STRUCTURAL_SCREEN_EXHAUSTED_PRIMALITY_UNASSIGNED,GF3A_DIRECTIONAL_WRITE_EXHAUSTED_PRIMALITY_UNASSIGNED,513,512,512,NO_RECORDED_FACTOR_PRP_OR_LL_RESULT_AND_NO_ACTIVE_GIMPS_ASSIGNMENT,2026-08-08T14:01:06+00:00,UNALLOCATED,,,,,
SLCMP585-2657,2657,2657,288632353,2^288632353-1,STRUCTURAL_SCREEN_EXHAUSTED_PRIMALITY_UNASSIGNED,GF3A_DIRECTIONAL_WRITE_EXHAUSTED_PRIMALITY_UNASSIGNED,513,512,512,NO_RECORDED_FACTOR_PRP_OR_LL_RESULT_AND_NO_ACTIVE_GIMPS_ASSIGNMENT,2026-08-08T14:01:06+00:00,UNALLOCATED,,,,,
SLCMP585-2658,2658,2658,288632479,2^288632479-1,STRUCTURAL_SCREEN_EXHAUSTED_PRIMALITY_UNASSIGNED,GF3A_DIRECTIONAL_WRITE_EXHAUSTED_PRIMALITY_UNASSIGNED,514,512,512,NO_RECORDED_FACTOR_PRP_OR_LL_RESULT_AND_NO_ACTIVE_GIMPS_ASSIGNMENT,2026-08-08T14:01:06+00:00,UNALLOCATED,,,,,
SLCMP585-2659,2659,2659,288632609,2^288632609-1,STRUCTURAL_SCREEN_EXHAUSTED_PRIMALITY_UNASSIGNED,GF3A_DIRECTIONAL_WRITE_EXHAUSTED_PRIMALITY_UNASSIGNED,513,512,512,NO_RECORDED_FACTOR_PRP_OR_LL_RESULT_AND_NO_ACTIVE_GIMPS_ASSIGNMENT,2026-08-08T14:01:06+00:00,UNALLOCATED,,,,,
SLCMP585-2660,2660,2660,288632831,2^288632831-1,STRUCTURAL_SCREEN_EXHAUSTED_PRIMALITY_UNASSIGNED,GF3A_DIRECTIONAL_WRITE_EXHAUSTED_PRIMALITY_UNASSIGNED,514,512,512,NO_RECORDED_FACTOR_PRP_OR_LL_RESULT_AND_NO_ACTIVE_GIMPS_ASSIGNMENT,2026-08-08T14:01:06+00:00,UNALLOCATED,,,,,
SLCMP585-2661,2661,2661,288632843,2^288632843-1,STRUCTURAL_SCREEN_EXHAUSTED_PRIMALITY_UNASSIGNED,GF3A_DIRECTIONAL_WRITE_EXHAUSTED_PRIMALITY_UNASSIGNED,514,512,512,NO_RECORDED_FACTOR_PRP_OR_LL_RESULT_AND_NO_ACTIVE_GIMPS_ASSIGNMENT,2026-08-08T14:01:06+00:00,UNALLOCATED,,,,,
SLCMP585-2662,2662,2662,288632863,2^288632863-1,STRUCTURAL_SCREEN_EXHAUSTED_PRIMALITY_UNASSIGNED,GF3A_DIRECTIONAL_WRITE_EXHAUSTED_PRIMALITY_UNASSIGNED,514,512,512,NO_RECORDED_FACTOR_PRP_OR_LL_RESULT_AND_NO_ACTIVE_GIMPS_ASSIGNMENT,2026-08-08T14:01:06+00:00,UNALLOCATED,,,,,
SLCMP585-2663,2663,2663,288632879,2^288632879-1,STRUCTURAL_SCREEN_EXHAUSTED_PRIMALITY_UNASSIGNED,GF3A_DIRECTIONAL_WRITE_EXHAUSTED_PRIMALITY_UNASSIGNED,514,512,512,NO_RECORDED_FACTOR_PRP_OR_LL_RESULT_AND_NO_ACTIVE_GIMPS_ASSIGNMENT,2026-08-08T14:01:06+00:00,UNALLOCATED,,,,,
SLCMP585-2664,2664,2664,288632881,2^288632881-1,STRUCTURAL_SCREEN_EXHAUSTED_PRIMALITY_UNASSIGNED,GF3A_DIRECTIONAL_WRITE_EXHAUSTED_PRIMALITY_UNASSIGNED,513,512,512,NO_RECORDED_FACTOR_PRP_OR_LL_RESULT_AND_NO_ACTIVE_GIMPS_ASSIGNMENT,2026-08-08T14:01:06+00:00,UNALLOCATED,,,,,
SLCMP585-2665,2665,2665,288632941,2^288632941-1,STRUCTURAL_SCREEN_EXHAUSTED_PRIMALITY_UNASSIGNED,GF3A_DIRECTIONAL_WRITE_EXHAUSTED_PRIMALITY_UNASSIGNED,513,512,512,NO_RECORDED_FACTOR_PRP_OR_LL_RESULT_AND_NO_ACTIVE_GIMPS_ASSIGNMENT,2026-08-08T14:01:06+00:00,UNALLOCATED,,,,,
SLCMP585-2666,2666,2666,288632951,2^288632951-1,STRUCTURAL_SCREEN_EXHAUSTED_PRIMALITY_UNASSIGNED,GF3A_DIRECTIONAL_WRITE_EXHAUSTED_PRIMALITY_UNASSIGNED,514,512,512,NO_RECORDED_FACTOR_PRP_OR_LL_RESULT_AND_NO_ACTIVE_GIMPS_ASSIGNMENT,2026-08-08T14:01:06+00:00,UNALLOCATED,,,,,
SLCMP585-2667,2667,2667,288632959,2^288632959-1,STRUCTURAL_SCREEN_EXHAUSTED_PRIMALITY_UNASSIGNED,GF3A_DIRECTIONAL_WRITE_EXHAUSTED_PRIMALITY_UNASSIGNED,514,512,512,NO_RECORDED_FACTOR_PRP_OR_LL_RESULT_AND_NO_ACTIVE_GIMPS_ASSIGNMENT,2026-08-08T14:01:06+00:00,UNALLOCATED,,,,,
SLCMP585-2668,2668,2668,288632999,2^288632999-1,STRUCTURAL_SCREEN_EXHAUSTED_PRIMALITY_UNASSIGNED,GF3A_DIRECTIONAL_WRITE_EXHAUSTED_PRIMALITY_UNASSIGNED,514,512,512,NO_RECORDED_FACTOR_PRP_OR_LL_RESULT_AND_NO_ACTIVE_GIMPS_ASSIGNMENT,2026-08-08T14:01:06+00:00,UNALLOCATED,,,,,
SLCMP585-2669,2669,2669,288633001,2^288633001-1,STRUCTURAL_SCREEN_EXHAUSTED_PRIMALITY_UNASSIGNED,GF3A_DIRECTIONAL_WRITE_EXHAUSTED_PRIMALITY_UNASSIGNED,513,512,512,NO_RECORDED_FACTOR_PRP_OR_LL_RESULT_AND_NO_ACTIVE_GIMPS_ASSIGNMENT,2026-08-08T14:01:06+00:00,UNALLOCATED,,,,,
SLCMP585-2670,2670,2670,288633091,2^288633091-1,STRUCTURAL_SCREEN_EXHAUSTED_PRIMALITY_UNASSIGNED,GF3A_DIRECTIONAL_WRITE_EXHAUSTED_PRIMALITY_UNASSIGNED,514,512,512,NO_RECORDED_FACTOR_PRP_OR_LL_RESULT_AND_NO_ACTIVE_GIMPS_ASSIGNMENT,2026-08-08T14:01:06+00:00,UNALLOCATED,,,,,
SLCMP585-2671,2671,2671,288633109,2^288633109-1,STRUCTURAL_SCREEN_EXHAUSTED_PRIMALITY_UNASSIGNED,GF3A_DIRECTIONAL_WRITE_EXHAUSTED_PRIMALITY_UNASSIGNED,513,512,512,NO_RECORDED_FACTOR_PRP_OR_LL_RESULT_AND_NO_ACTIVE_GIMPS_ASSIGNMENT,2026-08-08T14:01:06+00:00,UNALLOCATED,,,,,
SLCMP585-2672,2672,2672,288633113,2^288633113-1,STRUCTURAL_SCREEN_EXHAUSTED_PRIMALITY_UNASSIGNED,GF3A_DIRECTIONAL_WRITE_EXHAUSTED_PRIMALITY_UNASSIGNED,513,512,512,NO_RECORDED_FACTOR_PRP_OR_LL_RESULT_AND_NO_ACTIVE_GIMPS_ASSIGNMENT,2026-08-08T14:01:06+00:00,UNALLOCATED,,,,,
SLCMP585-2673,2673,2673,288633197,2^288633197-1,STRUCTURAL_SCREEN_EXHAUSTED_PRIMALITY_UNASSIGNED,GF3A_DIRECTIONAL_WRITE_EXHAUSTED_PRIMALITY_UNASSIGNED,513,512,512,NO_RECORDED_FACTOR_PRP_OR_LL_RESULT_AND_NO_ACTIVE_GIMPS_ASSIGNMENT,2026-08-08T14:01:06+00:00,UNALLOCATED,,,,,
SLCMP585-2674,2674,2674,288633211,2^288633211-1,STRUCTURAL_SCREEN_EXHAUSTED_PRIMALITY_UNASSIGNED,GF3A_DIRECTIONAL_WRITE_EXHAUSTED_PRIMALITY_UNASSIGNED,514,512,512,NO_RECORDED_FACTOR_PRP_OR_LL_RESULT_AND_NO_ACTIVE_GIMPS_ASSIGNMENT,2026-08-08T14:01:06+00:00,UNALLOCATED,,,,,
SLCMP585-2675,2675,2675,288633277,2^288633277-1,STRUCTURAL_SCREEN_EXHAUSTED_PRIMALITY_UNASSIGNED,GF3A_DIRECTIONAL_WRITE_EXHAUSTED_PRIMALITY_UNASSIGNED,513,512,512,NO_RECORDED_FACTOR_PRP_OR_LL_RESULT_AND_NO_ACTIVE_GIMPS_ASSIGNMENT,2026-08-08T14:01:06+00:00,UNALLOCATED,,,,,
SLCMP585-2676,2676,2676,288633403,2^288633403-1,STRUCTURAL_SCREEN_EXHAUSTED_PRIMALITY_UNASSIGNED,GF3A_DIRECTIONAL_WRITE_EXHAUSTED_PRIMALITY_UNASSIGNED,514,512,512,NO_RECORDED_FACTOR_PRP_OR_LL_RESULT_AND_NO_ACTIVE_GIMPS_ASSIGNMENT,2026-08-08T14:01:06+00:00,UNALLOCATED,,,,,
SLCMP585-2677,2677,2677,288633419,2^288633419-1,STRUCTURAL_SCREEN_EXHAUSTED_PRIMALITY_UNASSIGNED,GF3A_DIRECTIONAL_WRITE_EXHAUSTED_PRIMALITY_UNASSIGNED,514,512,512,NO_RECORDED_FACTOR_PRP_OR_LL_RESULT_AND_NO_ACTIVE_GIMPS_ASSIGNMENT,2026-08-08T14:01:06+00:00,UNALLOCATED,,,,,
SLCMP585-2678,2678,2678,288633461,2^288633461-1,STRUCTURAL_SCREEN_EXHAUSTED_PRIMALITY_UNASSIGNED,GF3A_DIRECTIONAL_WRITE_EXHAUSTED_PRIMALITY_UNASSIGNED,513,512,512,NO_RECORDED_FACTOR_PRP_OR_LL_RESULT_AND_NO_ACTIVE_GIMPS_ASSIGNMENT,2026-08-08T14:01:06+00:00,UNALLOCATED,,,,,
SLCMP585-2679,2679,2679,288633523,2^288633523-1,STRUCTURAL_SCREEN_EXHAUSTED_PRIMALITY_UNASSIGNED,GF3A_DIRECTIONAL_WRITE_EXHAUSTED_PRIMALITY_UNASSIGNED,514,512,512,NO_RECORDED_FACTOR_PRP_OR_LL_RESULT_AND_NO_ACTIVE_GIMPS_ASSIGNMENT,2026-08-08T14:01:06+00:00,UNALLOCATED,,,,,
SLCMP585-2680,2680,2680,288633613,2^288633613-1,STRUCTURAL_SCREEN_EXHAUSTED_PRIMALITY_UNASSIGNED,GF3A_DIRECTIONAL_WRITE_EXHAUSTED_PRIMALITY_UNASSIGNED,513,512,512,NO_RECORDED_FACTOR_PRP_OR_LL_RESULT_AND_NO_ACTIVE_GIMPS_ASSIGNMENT,2026-08-08T14:01:06+00:00,UNALLOCATED,,,,,
SLCMP585-2681,2681,2681,288633743,2^288633743-1,STRUCTURAL_SCREEN_EXHAUSTED_PRIMALITY_UNASSIGNED,GF3A_DIRECTIONAL_WRITE_EXHAUSTED_PRIMALITY_UNASSIGNED,514,512,512,NO_RECORDED_FACTOR_PRP_OR_LL_RESULT_AND_NO_ACTIVE_GIMPS_ASSIGNMENT,2026-08-08T14:01:06+00:00,UNALLOCATED,,,,,
SLCMP585-2682,2682,2682,288633791,2^288633791-1,STRUCTURAL_SCREEN_EXHAUSTED_PRIMALITY_UNASSIGNED,GF3A_DIRECTIONAL_WRITE_EXHAUSTED_PRIMALITY_UNASSIGNED,514,512,512,NO_RECORDED_FACTOR_PRP_OR_LL_RESULT_AND_NO_ACTIVE_GIMPS_ASSIGNMENT,2026-08-08T14:01:06+00:00,UNALLOCATED,,,,,
SLCMP585-2683,2683,2683,288633799,2^288633799-1,STRUCTURAL_SCREEN_EXHAUSTED_PRIMALITY_UNASSIGNED,GF3A_DIRECTIONAL_WRITE_EXHAUSTED_PRIMALITY_UNASSIGNED,514,512,512,NO_RECORDED_FACTOR_PRP_OR_LL_RESULT_AND_NO_ACTIVE_GIMPS_ASSIGNMENT,2026-08-08T14:01:06+00:00,UNALLOCATED,,,,,
SLCMP585-2684,2684,2684,288633907,2^288633907-1,STRUCTURAL_SCREEN_EXHAUSTED_PRIMALITY_UNASSIGNED,GF3A_DIRECTIONAL_WRITE_EXHAUSTED_PRIMALITY_UNASSIGNED,514,512,512,NO_RECORDED_FACTOR_PRP_OR_LL_RESULT_AND_NO_ACTIVE_GIMPS_ASSIGNMENT,2026-08-08T14:01:06+00:00,UNALLOCATED,,,,,
SLCMP585-2685,2685,2685,288633991,2^288633991-1,STRUCTURAL_SCREEN_EXHAUSTED_PRIMALITY_UNASSIGNED,GF3A_DIRECTIONAL_WRITE_EXHAUSTED_PRIMALITY_UNASSIGNED,514,512,512,NO_RECORDED_FACTOR_PRP_OR_LL_RESULT_AND_NO_ACTIVE_GIMPS_ASSIGNMENT,2026-08-08T14:01:06+00:00,UNALLOCATED,,,,,
SLCMP585-2686,2686,2686,288634069,2^288634069-1,STRUCTURAL_SCREEN_EXHAUSTED_PRIMALITY_UNASSIGNED,GF3A_DIRECTIONAL_WRITE_EXHAUSTED_PRIMALITY_UNASSIGNED,513,512,512,NO_RECORDED_FACTOR_PRP_OR_LL_RESULT_AND_NO_ACTIVE_GIMPS_ASSIGNMENT,2026-08-08T14:01:06+00:00,UNALLOCATED,,,,,
SLCMP585-2687,2687,2687,288634081,2^288634081-1,STRUCTURAL_SCREEN_EXHAUSTED_PRIMALITY_UNASSIGNED,GF3A_DIRECTIONAL_WRITE_EXHAUSTED_PRIMALITY_UNASSIGNED,513,512,512,NO_RECORDED_FACTOR_PRP_OR_LL_RESULT_AND_NO_ACTIVE_GIMPS_ASSIGNMENT,2026-08-08T14:01:06+00:00,UNALLOCATED,,,,,
SLCMP585-2688,2688,2688,288634183,2^288634183-1,STRUCTURAL_SCREEN_EXHAUSTED_PRIMALITY_UNASSIGNED,GF3A_DIRECTIONAL_WRITE_EXHAUSTED_PRIMALITY_UNASSIGNED,514,512,512,NO_RECORDED_FACTOR_PRP_OR_LL_RESULT_AND_NO_ACTIVE_GIMPS_ASSIGNMENT,2026-08-08T14:01:06+00:00,UNALLOCATED,,,,,
SLCMP585-2689,2689,2689,288634193,2^288634193-1,STRUCTURAL_SCREEN_EXHAUSTED_PRIMALITY_UNASSIGNED,GF3A_DIRECTIONAL_WRITE_EXHAUSTED_PRIMALITY_UNASSIGNED,513,512,512,NO_RECORDED_FACTOR_PRP_OR_LL_RESULT_AND_NO_ACTIVE_GIMPS_ASSIGNMENT,2026-08-08T14:01:06+00:00,UNALLOCATED,,,,,
SLCMP585-2690,2690,2690,288634327,2^288634327-1,STRUCTURAL_SCREEN_EXHAUSTED_PRIMALITY_UNASSIGNED,GF3A_DIRECTIONAL_WRITE_EXHAUSTED_PRIMALITY_UNASSIGNED,514,512,512,NO_RECORDED_FACTOR_PRP_OR_LL_RESULT_AND_NO_ACTIVE_GIMPS_ASSIGNMENT,2026-08-08T14:01:06+00:00,UNALLOCATED,,,,,
SLCMP585-2691,2691,2691,288634349,2^288634349-1,STRUCTURAL_SCREEN_EXHAUSTED_PRIMALITY_UNASSIGNED,GF3A_DIRECTIONAL_WRITE_EXHAUSTED_PRIMALITY_UNASSIGNED,513,512,512,NO_RECORDED_FACTOR_PRP_OR_LL_RESULT_AND_NO_ACTIVE_GIMPS_ASSIGNMENT,2026-08-08T14:01:06+00:00,UNALLOCATED,,,,,
SLCMP585-2692,2692,2692,288634399,2^288634399-1,STRUCTURAL_SCREEN_EXHAUSTED_PRIMALITY_UNASSIGNED,GF3A_DIRECTIONAL_WRITE_EXHAUSTED_PRIMALITY_UNASSIGNED,514,512,512,NO_RECORDED_FACTOR_PRP_OR_LL_RESULT_AND_NO_ACTIVE_GIMPS_ASSIGNMENT,2026-08-08T14:01:06+00:00,UNALLOCATED,,,,,
SLCMP585-2693,2693,2693,288634469,2^288634469-1,STRUCTURAL_SCREEN_EXHAUSTED_PRIMALITY_UNASSIGNED,GF3A_DIRECTIONAL_WRITE_EXHAUSTED_PRIMALITY_UNASSIGNED,513,512,512,NO_RECORDED_FACTOR_PRP_OR_LL_RESULT_AND_NO_ACTIVE_GIMPS_ASSIGNMENT,2026-08-08T14:01:06+00:00,UNALLOCATED,,,,,
SLCMP585-2694,2694,2694,288634543,2^288634543-1,STRUCTURAL_SCREEN_EXHAUSTED_PRIMALITY_UNASSIGNED,GF3A_DIRECTIONAL_WRITE_EXHAUSTED_PRIMALITY_UNASSIGNED,514,512,512,NO_RECORDED_FACTOR_PRP_OR_LL_RESULT_AND_NO_ACTIVE_GIMPS_ASSIGNMENT,2026-08-08T14:01:06+00:00,UNALLOCATED,,,,,
SLCMP585-2695,2695,2695,288634553,2^288634553-1,STRUCTURAL_SCREEN_EXHAUSTED_PRIMALITY_UNASSIGNED,GF3A_DIRECTIONAL_WRITE_EXHAUSTED_PRIMALITY_UNASSIGNED,513,512,512,NO_RECORDED_FACTOR_PRP_OR_LL_RESULT_AND_NO_ACTIVE_GIMPS_ASSIGNMENT,2026-08-08T14:01:06+00:00,UNALLOCATED,,,,,
SLCMP585-2696,2696,2696,288634597,2^288634597-1,STRUCTURAL_SCREEN_EXHAUSTED_PRIMALITY_UNASSIGNED,GF3A_DIRECTIONAL_WRITE_EXHAUSTED_PRIMALITY_UNASSIGNED,513,512,512,NO_RECORDED_FACTOR_PRP_OR_LL_RESULT_AND_NO_ACTIVE_GIMPS_ASSIGNMENT,2026-08-08T14:01:06+00:00,UNALLOCATED,,,,,
SLCMP585-2697,2697,2697,288634601,2^288634601-1,STRUCTURAL_SCREEN_EXHAUSTED_PRIMALITY_UNASSIGNED,GF3A_DIRECTIONAL_WRITE_EXHAUSTED_PRIMALITY_UNASSIGNED,513,512,512,NO_RECORDED_FACTOR_PRP_OR_LL_RESULT_AND_NO_ACTIVE_GIMPS_ASSIGNMENT,2026-08-08T14:01:06+00:00,UNALLOCATED,,,,,
SLCMP585-2698,2698,2698,288634603,2^288634603-1,STRUCTURAL_SCREEN_EXHAUSTED_PRIMALITY_UNASSIGNED,GF3A_DIRECTIONAL_WRITE_EXHAUSTED_PRIMALITY_UNASSIGNED,514,512,512,NO_RECORDED_FACTOR_PRP_OR_LL_RESULT_AND_NO_ACTIVE_GIMPS_ASSIGNMENT,2026-08-08T14:01:06+00:00,UNALLOCATED,,,,,
SLCMP585-2699,2699,2699,288634649,2^288634649-1,STRUCTURAL_SCREEN_EXHAUSTED_PRIMALITY_UNASSIGNED,GF3A_DIRECTIONAL_WRITE_EXHAUSTED_PRIMALITY_UNASSIGNED,513,512,512,NO_RECORDED_FACTOR_PRP_OR_LL_RESULT_AND_NO_ACTIVE_GIMPS_ASSIGNMENT,2026-08-08T14:01:06+00:00,UNALLOCATED,,,,,
SLCMP585-2700,2700,2700,288634691,2^288634691-1,STRUCTURAL_SCREEN_EXHAUSTED_PRIMALITY_UNASSIGNED,GF3A_DIRECTIONAL_WRITE_EXHAUSTED_PRIMALITY_UNASSIGNED,514,512,512,NO_RECORDED_FACTOR_PRP_OR_LL_RESULT_AND_NO_ACTIVE_GIMPS_ASSIGNMENT,2026-08-08T14:01:06+00:00,UNALLOCATED,,,,,
SLCMP585-2701,2701,2701,288634777,2^288634777-1,STRUCTURAL_SCREEN_EXHAUSTED_PRIMALITY_UNASSIGNED,GF3A_DIRECTIONAL_WRITE_EXHAUSTED_PRIMALITY_UNASSIGNED,513,512,512,NO_RECORDED_FACTOR_PRP_OR_LL_RESULT_AND_NO_ACTIVE_GIMPS_ASSIGNMENT,2026-08-08T14:01:06+00:00,UNALLOCATED,,,,,
SLCMP585-2702,2702,2702,288634799,2^288634799-1,STRUCTURAL_SCREEN_EXHAUSTED_PRIMALITY_UNASSIGNED,GF3A_DIRECTIONAL_WRITE_EXHAUSTED_PRIMALITY_UNASSIGNED,514,512,512,NO_RECORDED_FACTOR_PRP_OR_LL_RESULT_AND_NO_ACTIVE_GIMPS_ASSIGNMENT,2026-08-08T14:01:06+00:00,UNALLOCATED,,,,,
SLCMP585-2703,2703,2703,288634897,2^288634897-1,STRUCTURAL_SCREEN_EXHAUSTED_PRIMALITY_UNASSIGNED,GF3A_DIRECTIONAL_WRITE_EXHAUSTED_PRIMALITY_UNASSIGNED,513,512,512,NO_RECORDED_FACTOR_PRP_OR_LL_RESULT_AND_NO_ACTIVE_GIMPS_ASSIGNMENT,2026-08-08T14:01:06+00:00,UNALLOCATED,,,,,
SLCMP585-2704,2704,2704,288634933,2^288634933-1,STRUCTURAL_SCREEN_EXHAUSTED_PRIMALITY_UNASSIGNED,GF3A_DIRECTIONAL_WRITE_EXHAUSTED_PRIMALITY_UNASSIGNED,513,512,512,NO_RECORDED_FACTOR_PRP_OR_LL_RESULT_AND_NO_ACTIVE_GIMPS_ASSIGNMENT,2026-08-08T14:01:06+00:00,UNALLOCATED,,,,,
SLCMP585-2705,2705,2705,288634937,2^288634937-1,STRUCTURAL_SCREEN_EXHAUSTED_PRIMALITY_UNASSIGNED,GF3A_DIRECTIONAL_WRITE_EXHAUSTED_PRIMALITY_UNASSIGNED,513,512,512,NO_RECORDED_FACTOR_PRP_OR_LL_RESULT_AND_NO_ACTIVE_GIMPS_ASSIGNMENT,2026-08-08T14:01:06+00:00,UNALLOCATED,,,,,
SLCMP585-2706,2706,2706,288634967,2^288634967-1,STRUCTURAL_SCREEN_EXHAUSTED_PRIMALITY_UNASSIGNED,GF3A_DIRECTIONAL_WRITE_EXHAUSTED_PRIMALITY_UNASSIGNED,514,512,512,NO_RECORDED_FACTOR_PRP_OR_LL_RESULT_AND_NO_ACTIVE_GIMPS_ASSIGNMENT,2026-08-08T14:01:06+00:00,UNALLOCATED,,,,,
SLCMP585-2707,2707,2707,288634987,2^288634987-1,STRUCTURAL_SCREEN_EXHAUSTED_PRIMALITY_UNASSIGNED,GF3A_DIRECTIONAL_WRITE_EXHAUSTED_PRIMALITY_UNASSIGNED,514,512,512,NO_RECORDED_FACTOR_PRP_OR_LL_RESULT_AND_NO_ACTIVE_GIMPS_ASSIGNMENT,2026-08-08T14:01:06+00:00,UNALLOCATED,,,,,
SLCMP585-2708,2708,2708,288635107,2^288635107-1,STRUCTURAL_SCREEN_EXHAUSTED_PRIMALITY_UNASSIGNED,GF3A_DIRECTIONAL_WRITE_EXHAUSTED_PRIMALITY_UNASSIGNED,514,512,512,NO_RECORDED_FACTOR_PRP_OR_LL_RESULT_AND_NO_ACTIVE_GIMPS_ASSIGNMENT,2026-08-08T14:01:06+00:00,UNALLOCATED,,,,,
SLCMP585-2709,2709,2709,288635329,2^288635329-1,STRUCTURAL_SCREEN_EXHAUSTED_PRIMALITY_UNASSIGNED,GF3A_DIRECTIONAL_WRITE_EXHAUSTED_PRIMALITY_UNASSIGNED,513,512,512,NO_RECORDED_FACTOR_PRP_OR_LL_RESULT_AND_NO_ACTIVE_GIMPS_ASSIGNMENT,2026-08-08T14:01:06+00:00,UNALLOCATED,,,,,
SLCMP585-2710,2710,2710,288635381,2^288635381-1,STRUCTURAL_SCREEN_EXHAUSTED_PRIMALITY_UNASSIGNED,GF3A_DIRECTIONAL_WRITE_EXHAUSTED_PRIMALITY_UNASSIGNED,513,512,512,NO_RECORDED_FACTOR_PRP_OR_LL_RESULT_AND_NO_ACTIVE_GIMPS_ASSIGNMENT,2026-08-08T14:01:06+00:00,UNALLOCATED,,,,,
SLCMP585-2711,2711,2711,288635383,2^288635383-1,STRUCTURAL_SCREEN_EXHAUSTED_PRIMALITY_UNASSIGNED,GF3A_DIRECTIONAL_WRITE_EXHAUSTED_PRIMALITY_UNASSIGNED,514,512,512,NO_RECORDED_FACTOR_PRP_OR_LL_RESULT_AND_NO_ACTIVE_GIMPS_ASSIGNMENT,2026-08-08T14:01:06+00:00,UNALLOCATED,,,,,
SLCMP585-2712,2712,2712,288635387,2^288635387-1,STRUCTURAL_SCREEN_EXHAUSTED_PRIMALITY_UNASSIGNED,GF3A_DIRECTIONAL_WRITE_EXHAUSTED_PRIMALITY_UNASSIGNED,514,512,512,NO_RECORDED_FACTOR_PRP_OR_LL_RESULT_AND_NO_ACTIVE_GIMPS_ASSIGNMENT,2026-08-08T14:01:06+00:00,UNALLOCATED,,,,,
SLCMP585-2713,2713,2713,288635419,2^288635419-1,STRUCTURAL_SCREEN_EXHAUSTED_PRIMALITY_UNASSIGNED,GF3A_DIRECTIONAL_WRITE_EXHAUSTED_PRIMALITY_UNASSIGNED,514,512,512,NO_RECORDED_FACTOR_PRP_OR_LL_RESULT_AND_NO_ACTIVE_GIMPS_ASSIGNMENT,2026-08-08T14:01:06+00:00,UNALLOCATED,,,,,
SLCMP585-2714,2714,2714,288635527,2^288635527-1,STRUCTURAL_SCREEN_EXHAUSTED_PRIMALITY_UNASSIGNED,GF3A_DIRECTIONAL_WRITE_EXHAUSTED_PRIMALITY_UNASSIGNED,514,512,512,NO_RECORDED_FACTOR_PRP_OR_LL_RESULT_AND_NO_ACTIVE_GIMPS_ASSIGNMENT,2026-08-08T14:01:06+00:00,UNALLOCATED,,,,,
SLCMP585-2715,2715,2715,288635587,2^288635587-1,STRUCTURAL_SCREEN_EXHAUSTED_PRIMALITY_UNASSIGNED,GF3A_DIRECTIONAL_WRITE_EXHAUSTED_PRIMALITY_UNASSIGNED,514,512,512,NO_RECORDED_FACTOR_PRP_OR_LL_RESULT_AND_NO_ACTIVE_GIMPS_ASSIGNMENT,2026-08-08T14:01:06+00:00,UNALLOCATED,,,,,
SLCMP585-2716,2716,2716,288635749,2^288635749-1,STRUCTURAL_SCREEN_EXHAUSTED_PRIMALITY_UNASSIGNED,GF3A_DIRECTIONAL_WRITE_EXHAUSTED_PRIMALITY_UNASSIGNED,513,512,512,NO_RECORDED_FACTOR_PRP_OR_LL_RESULT_AND_NO_ACTIVE_GIMPS_ASSIGNMENT,2026-08-08T14:01:06+00:00,UNALLOCATED,,,,,
SLCMP585-2717,2717,2717,288635861,2^288635861-1,STRUCTURAL_SCREEN_EXHAUSTED_PRIMALITY_UNASSIGNED,GF3A_DIRECTIONAL_WRITE_EXHAUSTED_PRIMALITY_UNASSIGNED,513,512,512,NO_RECORDED_FACTOR_PRP_OR_LL_RESULT_AND_NO_ACTIVE_GIMPS_ASSIGNMENT,2026-08-08T14:01:06+00:00,UNALLOCATED,,,,,
SLCMP585-2718,2718,2718,288635891,2^288635891-1,STRUCTURAL_SCREEN_EXHAUSTED_PRIMALITY_UNASSIGNED,GF3A_DIRECTIONAL_WRITE_EXHAUSTED_PRIMALITY_UNASSIGNED,514,512,512,NO_RECORDED_FACTOR_PRP_OR_LL_RESULT_AND_NO_ACTIVE_GIMPS_ASSIGNMENT,2026-08-08T14:01:06+00:00,UNALLOCATED,,,,,
SLCMP585-2719,2719,2719,288635983,2^288635983-1,STRUCTURAL_SCREEN_EXHAUSTED_PRIMALITY_UNASSIGNED,GF3A_DIRECTIONAL_WRITE_EXHAUSTED_PRIMALITY_UNASSIGNED,514,512,512,NO_RECORDED_FACTOR_PRP_OR_LL_RESULT_AND_NO_ACTIVE_GIMPS_ASSIGNMENT,2026-08-08T14:01:06+00:00,UNALLOCATED,,,,,
SLCMP585-2720,2720,2720,288636017,2^288636017-1,STRUCTURAL_SCREEN_EXHAUSTED_PRIMALITY_UNASSIGNED,GF3A_DIRECTIONAL_WRITE_EXHAUSTED_PRIMALITY_UNASSIGNED,513,512,512,NO_RECORDED_FACTOR_PRP_OR_LL_RESULT_AND_NO_ACTIVE_GIMPS_ASSIGNMENT,2026-08-08T14:01:06+00:00,UNALLOCATED,,,,,
SLCMP585-2721,2721,2721,288636041,2^288636041-1,STRUCTURAL_SCREEN_EXHAUSTED_PRIMALITY_UNASSIGNED,GF3A_DIRECTIONAL_WRITE_EXHAUSTED_PRIMALITY_UNASSIGNED,513,512,512,NO_RECORDED_FACTOR_PRP_OR_LL_RESULT_AND_NO_ACTIVE_GIMPS_ASSIGNMENT,2026-08-08T14:01:06+00:00,UNALLOCATED,,,,,
SLCMP585-2722,2722,2722,288636053,2^288636053-1,STRUCTURAL_SCREEN_EXHAUSTED_PRIMALITY_UNASSIGNED,GF3A_DIRECTIONAL_WRITE_EXHAUSTED_PRIMALITY_UNASSIGNED,513,512,512,NO_RECORDED_FACTOR_PRP_OR_LL_RESULT_AND_NO_ACTIVE_GIMPS_ASSIGNMENT,2026-08-08T14:01:06+00:00,UNALLOCATED,,,,,
SLCMP585-2723,2723,2723,288636091,2^288636091-1,STRUCTURAL_SCREEN_EXHAUSTED_PRIMALITY_UNASSIGNED,GF3A_DIRECTIONAL_WRITE_EXHAUSTED_PRIMALITY_UNASSIGNED,514,512,512,NO_RECORDED_FACTOR_PRP_OR_LL_RESULT_AND_NO_ACTIVE_GIMPS_ASSIGNMENT,2026-08-08T14:01:06+00:00,UNALLOCATED,,,,,
SLCMP585-2724,2724,2724,288636097,2^288636097-1,STRUCTURAL_SCREEN_EXHAUSTED_PRIMALITY_UNASSIGNED,GF3A_DIRECTIONAL_WRITE_EXHAUSTED_PRIMALITY_UNASSIGNED,513,512,512,NO_RECORDED_FACTOR_PRP_OR_LL_RESULT_AND_NO_ACTIVE_GIMPS_ASSIGNMENT,2026-08-08T14:01:06+00:00,UNALLOCATED,,,,,
SLCMP585-2725,2725,2725,288636113,2^288636113-1,STRUCTURAL_SCREEN_EXHAUSTED_PRIMALITY_UNASSIGNED,GF3A_DIRECTIONAL_WRITE_EXHAUSTED_PRIMALITY_UNASSIGNED,513,512,512,NO_RECORDED_FACTOR_PRP_OR_LL_RESULT_AND_NO_ACTIVE_GIMPS_ASSIGNMENT,2026-08-08T14:01:06+00:00,UNALLOCATED,,,,,
SLCMP585-2726,2726,2726,288636169,2^288636169-1,STRUCTURAL_SCREEN_EXHAUSTED_PRIMALITY_UNASSIGNED,GF3A_DIRECTIONAL_WRITE_EXHAUSTED_PRIMALITY_UNASSIGNED,513,512,512,NO_RECORDED_FACTOR_PRP_OR_LL_RESULT_AND_NO_ACTIVE_GIMPS_ASSIGNMENT,2026-08-08T14:01:06+00:00,UNALLOCATED,,,,,
SLCMP585-2727,2727,2727,288636209,2^288636209-1,STRUCTURAL_SCREEN_EXHAUSTED_PRIMALITY_UNASSIGNED,GF3A_DIRECTIONAL_WRITE_EXHAUSTED_PRIMALITY_UNASSIGNED,513,512,512,NO_RECORDED_FACTOR_PRP_OR_LL_RESULT_AND_NO_ACTIVE_GIMPS_ASSIGNMENT,2026-08-08T14:01:06+00:00,UNALLOCATED,,,,,
SLCMP585-2728,2728,2728,288636211,2^288636211-1,STRUCTURAL_SCREEN_EXHAUSTED_PRIMALITY_UNASSIGNED,GF3A_DIRECTIONAL_WRITE_EXHAUSTED_PRIMALITY_UNASSIGNED,514,512,512,NO_RECORDED_FACTOR_PRP_OR_LL_RESULT_AND_NO_ACTIVE_GIMPS_ASSIGNMENT,2026-08-08T14:01:06+00:00,UNALLOCATED,,,,,
SLCMP585-2729,2729,2729,288636281,2^288636281-1,STRUCTURAL_SCREEN_EXHAUSTED_PRIMALITY_UNASSIGNED,GF3A_DIRECTIONAL_WRITE_EXHAUSTED_PRIMALITY_UNASSIGNED,513,512,512,NO_RECORDED_FACTOR_PRP_OR_LL_RESULT_AND_NO_ACTIVE_GIMPS_ASSIGNMENT,2026-08-08T14:01:06+00:00,UNALLOCATED,,,,,
SLCMP585-2730,2730,2730,288636331,2^288636331-1,STRUCTURAL_SCREEN_EXHAUSTED_PRIMALITY_UNASSIGNED,GF3A_DIRECTIONAL_WRITE_EXHAUSTED_PRIMALITY_UNASSIGNED,514,512,512,NO_RECORDED_FACTOR_PRP_OR_LL_RESULT_AND_NO_ACTIVE_GIMPS_ASSIGNMENT,2026-08-08T14:01:06+00:00,UNALLOCATED,,,,,
SLCMP585-2731,2731,2731,288636497,2^288636497-1,STRUCTURAL_SCREEN_EXHAUSTED_PRIMALITY_UNASSIGNED,GF3A_DIRECTIONAL_WRITE_EXHAUSTED_PRIMALITY_UNASSIGNED,513,512,512,NO_RECORDED_FACTOR_PRP_OR_LL_RESULT_AND_NO_ACTIVE_GIMPS_ASSIGNMENT,2026-08-08T14:01:06+00:00,UNALLOCATED,,,,,
SLCMP585-2732,2732,2732,288636559,2^288636559-1,STRUCTURAL_SCREEN_EXHAUSTED_PRIMALITY_UNASSIGNED,GF3A_DIRECTIONAL_WRITE_EXHAUSTED_PRIMALITY_UNASSIGNED,514,512,512,NO_RECORDED_FACTOR_PRP_OR_LL_RESULT_AND_NO_ACTIVE_GIMPS_ASSIGNMENT,2026-08-08T14:01:06+00:00,UNALLOCATED,,,,,
SLCMP585-2733,2733,2733,288636577,2^288636577-1,STRUCTURAL_SCREEN_EXHAUSTED_PRIMALITY_UNASSIGNED,GF3A_DIRECTIONAL_WRITE_EXHAUSTED_PRIMALITY_UNASSIGNED,513,512,512,NO_RECORDED_FACTOR_PRP_OR_LL_RESULT_AND_NO_ACTIVE_GIMPS_ASSIGNMENT,2026-08-08T14:01:06+00:00,UNALLOCATED,,,,,
SLCMP585-2734,2734,2734,288636587,2^288636587-1,STRUCTURAL_SCREEN_EXHAUSTED_PRIMALITY_UNASSIGNED,GF3A_DIRECTIONAL_WRITE_EXHAUSTED_PRIMALITY_UNASSIGNED,514,512,512,NO_RECORDED_FACTOR_PRP_OR_LL_RESULT_AND_NO_ACTIVE_GIMPS_ASSIGNMENT,2026-08-08T14:01:06+00:00,UNALLOCATED,,,,,
SLCMP585-2735,2735,2735,288636589,2^288636589-1,STRUCTURAL_SCREEN_EXHAUSTED_PRIMALITY_UNASSIGNED,GF3A_DIRECTIONAL_WRITE_EXHAUSTED_PRIMALITY_UNASSIGNED,513,512,512,NO_RECORDED_FACTOR_PRP_OR_LL_RESULT_AND_NO_ACTIVE_GIMPS_ASSIGNMENT,2026-08-08T14:01:06+00:00,UNALLOCATED,,,,,
SLCMP585-2736,2736,2736,288636641,2^288636641-1,STRUCTURAL_SCREEN_EXHAUSTED_PRIMALITY_UNASSIGNED,GF3A_DIRECTIONAL_WRITE_EXHAUSTED_PRIMALITY_UNASSIGNED,513,512,512,NO_RECORDED_FACTOR_PRP_OR_LL_RESULT_AND_NO_ACTIVE_GIMPS_ASSIGNMENT,2026-08-08T14:01:06+00:00,UNALLOCATED,,,,,
SLCMP585-2737,2737,2737,288636653,2^288636653-1,STRUCTURAL_SCREEN_EXHAUSTED_PRIMALITY_UNASSIGNED,GF3A_DIRECTIONAL_WRITE_EXHAUSTED_PRIMALITY_UNASSIGNED,513,512,512,NO_RECORDED_FACTOR_PRP_OR_LL_RESULT_AND_NO_ACTIVE_GIMPS_ASSIGNMENT,2026-08-08T14:01:06+00:00,UNALLOCATED,,,,,
SLCMP585-2738,2738,2738,288636703,2^288636703-1,STRUCTURAL_SCREEN_EXHAUSTED_PRIMALITY_UNASSIGNED,GF3A_DIRECTIONAL_WRITE_EXHAUSTED_PRIMALITY_UNASSIGNED,514,512,512,NO_RECORDED_FACTOR_PRP_OR_LL_RESULT_AND_NO_ACTIVE_GIMPS_ASSIGNMENT,2026-08-08T14:01:06+00:00,UNALLOCATED,,,,,
SLCMP585-2739,2739,2739,288636827,2^288636827-1,STRUCTURAL_SCREEN_EXHAUSTED_PRIMALITY_UNASSIGNED,GF3A_DIRECTIONAL_WRITE_EXHAUSTED_PRIMALITY_UNASSIGNED,514,512,512,NO_RECORDED_FACTOR_PRP_OR_LL_RESULT_AND_NO_ACTIVE_GIMPS_ASSIGNMENT,2026-08-08T14:01:06+00:00,UNALLOCATED,,,,,
SLCMP585-2740,2740,2740,288636857,2^288636857-1,STRUCTURAL_SCREEN_EXHAUSTED_PRIMALITY_UNASSIGNED,GF3A_DIRECTIONAL_WRITE_EXHAUSTED_PRIMALITY_UNASSIGNED,513,512,512,NO_RECORDED_FACTOR_PRP_OR_LL_RESULT_AND_NO_ACTIVE_GIMPS_ASSIGNMENT,2026-08-08T14:01:06+00:00,UNALLOCATED,,,,,
SLCMP585-2741,2741,2741,288636979,2^288636979-1,STRUCTURAL_SCREEN_EXHAUSTED_PRIMALITY_UNASSIGNED,GF3A_DIRECTIONAL_WRITE_EXHAUSTED_PRIMALITY_UNASSIGNED,514,512,512,NO_RECORDED_FACTOR_PRP_OR_LL_RESULT_AND_NO_ACTIVE_GIMPS_ASSIGNMENT,2026-08-08T14:01:06+00:00,UNALLOCATED,,,,,
SLCMP585-2742,2742,2742,288636991,2^288636991-1,STRUCTURAL_SCREEN_EXHAUSTED_PRIMALITY_UNASSIGNED,GF3A_DIRECTIONAL_WRITE_EXHAUSTED_PRIMALITY_UNASSIGNED,514,512,512,NO_RECORDED_FACTOR_PRP_OR_LL_RESULT_AND_NO_ACTIVE_GIMPS_ASSIGNMENT,2026-08-08T14:01:06+00:00,UNALLOCATED,,,,,
SLCMP585-2743,2743,2743,288637021,2^288637021-1,STRUCTURAL_SCREEN_EXHAUSTED_PRIMALITY_UNASSIGNED,GF3A_DIRECTIONAL_WRITE_EXHAUSTED_PRIMALITY_UNASSIGNED,513,512,512,NO_RECORDED_FACTOR_PRP_OR_LL_RESULT_AND_NO_ACTIVE_GIMPS_ASSIGNMENT,2026-08-08T14:01:06+00:00,UNALLOCATED,,,,,
SLCMP585-2744,2744,2744,288637049,2^288637049-1,STRUCTURAL_SCREEN_EXHAUSTED_PRIMALITY_UNASSIGNED,GF3A_DIRECTIONAL_WRITE_EXHAUSTED_PRIMALITY_UNASSIGNED,513,512,512,NO_RECORDED_FACTOR_PRP_OR_LL_RESULT_AND_NO_ACTIVE_GIMPS_ASSIGNMENT,2026-08-08T14:01:06+00:00,UNALLOCATED,,,,,
SLCMP585-2745,2745,2745,288637073,2^288637073-1,STRUCTURAL_SCREEN_EXHAUSTED_PRIMALITY_UNASSIGNED,GF3A_DIRECTIONAL_WRITE_EXHAUSTED_PRIMALITY_UNASSIGNED,513,512,512,NO_RECORDED_FACTOR_PRP_OR_LL_RESULT_AND_NO_ACTIVE_GIMPS_ASSIGNMENT,2026-08-08T14:01:06+00:00,UNALLOCATED,,,,,
SLCMP585-2746,2746,2746,288637117,2^288637117-1,STRUCTURAL_SCREEN_EXHAUSTED_PRIMALITY_UNASSIGNED,GF3A_DIRECTIONAL_WRITE_EXHAUSTED_PRIMALITY_UNASSIGNED,513,512,512,NO_RECORDED_FACTOR_PRP_OR_LL_RESULT_AND_NO_ACTIVE_GIMPS_ASSIGNMENT,2026-08-08T14:01:06+00:00,UNALLOCATED,,,,,
SLCMP585-2747,2747,2747,288637183,2^288637183-1,STRUCTURAL_SCREEN_EXHAUSTED_PRIMALITY_UNASSIGNED,GF3A_DIRECTIONAL_WRITE_EXHAUSTED_PRIMALITY_UNASSIGNED,514,512,512,NO_RECORDED_FACTOR_PRP_OR_LL_RESULT_AND_NO_ACTIVE_GIMPS_ASSIGNMENT,2026-08-08T14:01:06+00:00,UNALLOCATED,,,,,
SLCMP585-2748,2748,2748,288637267,2^288637267-1,STRUCTURAL_SCREEN_EXHAUSTED_PRIMALITY_UNASSIGNED,GF3A_DIRECTIONAL_WRITE_EXHAUSTED_PRIMALITY_UNASSIGNED,514,512,512,NO_RECORDED_FACTOR_PRP_OR_LL_RESULT_AND_NO_ACTIVE_GIMPS_ASSIGNMENT,2026-08-08T14:01:06+00:00,UNALLOCATED,,,,,
SLCMP585-2749,2749,2749,288637291,2^288637291-1,STRUCTURAL_SCREEN_EXHAUSTED_PRIMALITY_UNASSIGNED,GF3A_DIRECTIONAL_WRITE_EXHAUSTED_PRIMALITY_UNASSIGNED,514,512,512,NO_RECORDED_FACTOR_PRP_OR_LL_RESULT_AND_NO_ACTIVE_GIMPS_ASSIGNMENT,2026-08-08T14:01:06+00:00,UNALLOCATED,,,,,
SLCMP585-2750,2750,2750,288637313,2^288637313-1,STRUCTURAL_SCREEN_EXHAUSTED_PRIMALITY_UNASSIGNED,GF3A_DIRECTIONAL_WRITE_EXHAUSTED_PRIMALITY_UNASSIGNED,513,512,512,NO_RECORDED_FACTOR_PRP_OR_LL_RESULT_AND_NO_ACTIVE_GIMPS_ASSIGNMENT,2026-08-08T14:01:06+00:00,UNALLOCATED,,,,,
SLCMP585-2751,2751,2751,288637343,2^288637343-1,STRUCTURAL_SCREEN_EXHAUSTED_PRIMALITY_UNASSIGNED,GF3A_DIRECTIONAL_WRITE_EXHAUSTED_PRIMALITY_UNASSIGNED,514,512,512,NO_RECORDED_FACTOR_PRP_OR_LL_RESULT_AND_NO_ACTIVE_GIMPS_ASSIGNMENT,2026-08-08T14:01:06+00:00,UNALLOCATED,,,,,
SLCMP585-2752,2752,2752,288637351,2^288637351-1,STRUCTURAL_SCREEN_EXHAUSTED_PRIMALITY_UNASSIGNED,GF3A_DIRECTIONAL_WRITE_EXHAUSTED_PRIMALITY_UNASSIGNED,514,512,512,NO_RECORDED_FACTOR_PRP_OR_LL_RESULT_AND_NO_ACTIVE_GIMPS_ASSIGNMENT,2026-08-08T14:01:06+00:00,UNALLOCATED,,,,,
SLCMP585-2753,2753,2753,288637403,2^288637403-1,STRUCTURAL_SCREEN_EXHAUSTED_PRIMALITY_UNASSIGNED,GF3A_DIRECTIONAL_WRITE_EXHAUSTED_PRIMALITY_UNASSIGNED,514,512,512,NO_RECORDED_FACTOR_PRP_OR_LL_RESULT_AND_NO_ACTIVE_GIMPS_ASSIGNMENT,2026-08-08T14:01:06+00:00,UNALLOCATED,,,,,
SLCMP585-2754,2754,2754,288637469,2^288637469-1,STRUCTURAL_SCREEN_EXHAUSTED_PRIMALITY_UNASSIGNED,GF3A_DIRECTIONAL_WRITE_EXHAUSTED_PRIMALITY_UNASSIGNED,513,512,512,NO_RECORDED_FACTOR_PRP_OR_LL_RESULT_AND_NO_ACTIVE_GIMPS_ASSIGNMENT,2026-08-08T14:01:06+00:00,UNALLOCATED,,,,,
SLCMP585-2755,2755,2755,288637487,2^288637487-1,STRUCTURAL_SCREEN_EXHAUSTED_PRIMALITY_UNASSIGNED,GF3A_DIRECTIONAL_WRITE_EXHAUSTED_PRIMALITY_UNASSIGNED,514,512,512,NO_RECORDED_FACTOR_PRP_OR_LL_RESULT_AND_NO_ACTIVE_GIMPS_ASSIGNMENT,2026-08-08T14:01:06+00:00,UNALLOCATED,,,,,
SLCMP585-2756,2756,2756,288637519,2^288637519-1,STRUCTURAL_SCREEN_EXHAUSTED_PRIMALITY_UNASSIGNED,GF3A_DIRECTIONAL_WRITE_EXHAUSTED_PRIMALITY_UNASSIGNED,514,512,512,NO_RECORDED_FACTOR_PRP_OR_LL_RESULT_AND_NO_ACTIVE_GIMPS_ASSIGNMENT,2026-08-08T14:01:06+00:00,UNALLOCATED,,,,,
SLCMP585-2757,2757,2757,288637553,2^288637553-1,STRUCTURAL_SCREEN_EXHAUSTED_PRIMALITY_UNASSIGNED,GF3A_DIRECTIONAL_WRITE_EXHAUSTED_PRIMALITY_UNASSIGNED,513,512,512,NO_RECORDED_FACTOR_PRP_OR_LL_RESULT_AND_NO_ACTIVE_GIMPS_ASSIGNMENT,2026-08-08T14:01:06+00:00,UNALLOCATED,,,,,
SLCMP585-2758,2758,2758,288637561,2^288637561-1,STRUCTURAL_SCREEN_EXHAUSTED_PRIMALITY_UNASSIGNED,GF3A_DIRECTIONAL_WRITE_EXHAUSTED_PRIMALITY_UNASSIGNED,513,512,512,NO_RECORDED_FACTOR_PRP_OR_LL_RESULT_AND_NO_ACTIVE_GIMPS_ASSIGNMENT,2026-08-08T14:01:06+00:00,UNALLOCATED,,,,,
SLCMP585-2759,2759,2759,288637637,2^288637637-1,STRUCTURAL_SCREEN_EXHAUSTED_PRIMALITY_UNASSIGNED,GF3A_DIRECTIONAL_WRITE_EXHAUSTED_PRIMALITY_UNASSIGNED,513,512,512,NO_RECORDED_FACTOR_PRP_OR_LL_RESULT_AND_NO_ACTIVE_GIMPS_ASSIGNMENT,2026-08-08T14:01:06+00:00,UNALLOCATED,,,,,
SLCMP585-2760,2760,2760,288637651,2^288637651-1,STRUCTURAL_SCREEN_EXHAUSTED_PRIMALITY_UNASSIGNED,GF3A_DIRECTIONAL_WRITE_EXHAUSTED_PRIMALITY_UNASSIGNED,514,512,512,NO_RECORDED_FACTOR_PRP_OR_LL_RESULT_AND_NO_ACTIVE_GIMPS_ASSIGNMENT,2026-08-08T14:01:06+00:00,UNALLOCATED,,,,,
SLCMP585-2761,2761,2761,288637717,2^288637717-1,STRUCTURAL_SCREEN_EXHAUSTED_PRIMALITY_UNASSIGNED,GF3A_DIRECTIONAL_WRITE_EXHAUSTED_PRIMALITY_UNASSIGNED,513,512,512,NO_RECORDED_FACTOR_PRP_OR_LL_RESULT_AND_NO_ACTIVE_GIMPS_ASSIGNMENT,2026-08-08T14:01:06+00:00,UNALLOCATED,,,,,
SLCMP585-2762,2762,2762,288637751,2^288637751-1,STRUCTURAL_SCREEN_EXHAUSTED_PRIMALITY_UNASSIGNED,GF3A_DIRECTIONAL_WRITE_EXHAUSTED_PRIMALITY_UNASSIGNED,514,512,512,NO_RECORDED_FACTOR_PRP_OR_LL_RESULT_AND_NO_ACTIVE_GIMPS_ASSIGNMENT,2026-08-08T14:01:06+00:00,UNALLOCATED,,,,,
SLCMP585-2763,2763,2763,288637823,2^288637823-1,STRUCTURAL_SCREEN_EXHAUSTED_PRIMALITY_UNASSIGNED,GF3A_DIRECTIONAL_WRITE_EXHAUSTED_PRIMALITY_UNASSIGNED,514,512,512,NO_RECORDED_FACTOR_PRP_OR_LL_RESULT_AND_NO_ACTIVE_GIMPS_ASSIGNMENT,2026-08-08T14:01:06+00:00,UNALLOCATED,,,,,
SLCMP585-2764,2764,2764,288637829,2^288637829-1,STRUCTURAL_SCREEN_EXHAUSTED_PRIMALITY_UNASSIGNED,GF3A_DIRECTIONAL_WRITE_EXHAUSTED_PRIMALITY_UNASSIGNED,513,512,512,NO_RECORDED_FACTOR_PRP_OR_LL_RESULT_AND_NO_ACTIVE_GIMPS_ASSIGNMENT,2026-08-08T14:01:06+00:00,UNALLOCATED,,,,,
SLCMP585-2765,2765,2765,288637891,2^288637891-1,STRUCTURAL_SCREEN_EXHAUSTED_PRIMALITY_UNASSIGNED,GF3A_DIRECTIONAL_WRITE_EXHAUSTED_PRIMALITY_UNASSIGNED,514,512,512,NO_RECORDED_FACTOR_PRP_OR_LL_RESULT_AND_NO_ACTIVE_GIMPS_ASSIGNMENT,2026-08-08T14:01:06+00:00,UNALLOCATED,,,,,
SLCMP585-2766,2766,2766,288638011,2^288638011-1,STRUCTURAL_SCREEN_EXHAUSTED_PRIMALITY_UNASSIGNED,GF3A_DIRECTIONAL_WRITE_EXHAUSTED_PRIMALITY_UNASSIGNED,514,512,512,NO_RECORDED_FACTOR_PRP_OR_LL_RESULT_AND_NO_ACTIVE_GIMPS_ASSIGNMENT,2026-08-08T14:01:06+00:00,UNALLOCATED,,,,,
SLCMP585-2767,2767,2767,288638123,2^288638123-1,STRUCTURAL_SCREEN_EXHAUSTED_PRIMALITY_UNASSIGNED,GF3A_DIRECTIONAL_WRITE_EXHAUSTED_PRIMALITY_UNASSIGNED,514,512,512,NO_RECORDED_FACTOR_PRP_OR_LL_RESULT_AND_NO_ACTIVE_GIMPS_ASSIGNMENT,2026-08-08T14:01:06+00:00,UNALLOCATED,,,,,
SLCMP585-2768,2768,2768,288638173,2^288638173-1,STRUCTURAL_SCREEN_EXHAUSTED_PRIMALITY_UNASSIGNED,GF3A_DIRECTIONAL_WRITE_EXHAUSTED_PRIMALITY_UNASSIGNED,513,512,512,NO_RECORDED_FACTOR_PRP_OR_LL_RESULT_AND_NO_ACTIVE_GIMPS_ASSIGNMENT,2026-08-08T14:01:06+00:00,UNALLOCATED,,,,,
SLCMP585-2769,2769,2769,288638261,2^288638261-1,STRUCTURAL_SCREEN_EXHAUSTED_PRIMALITY_UNASSIGNED,GF3A_DIRECTIONAL_WRITE_EXHAUSTED_PRIMALITY_UNASSIGNED,513,512,512,NO_RECORDED_FACTOR_PRP_OR_LL_RESULT_AND_NO_ACTIVE_GIMPS_ASSIGNMENT,2026-08-08T14:01:06+00:00,UNALLOCATED,,,,,
SLCMP585-2770,2770,2770,288638299,2^288638299-1,STRUCTURAL_SCREEN_EXHAUSTED_PRIMALITY_UNASSIGNED,GF3A_DIRECTIONAL_WRITE_EXHAUSTED_PRIMALITY_UNASSIGNED,514,512,512,NO_RECORDED_FACTOR_PRP_OR_LL_RESULT_AND_NO_ACTIVE_GIMPS_ASSIGNMENT,2026-08-08T14:01:06+00:00,UNALLOCATED,,,,,
SLCMP585-2771,2771,2771,288638447,2^288638447-1,STRUCTURAL_SCREEN_EXHAUSTED_PRIMALITY_UNASSIGNED,GF3A_DIRECTIONAL_WRITE_EXHAUSTED_PRIMALITY_UNASSIGNED,514,512,512,NO_RECORDED_FACTOR_PRP_OR_LL_RESULT_AND_NO_ACTIVE_GIMPS_ASSIGNMENT,2026-08-08T14:01:06+00:00,UNALLOCATED,,,,,
SLCMP585-2772,2772,2772,288638473,2^288638473-1,STRUCTURAL_SCREEN_EXHAUSTED_PRIMALITY_UNASSIGNED,GF3A_DIRECTIONAL_WRITE_EXHAUSTED_PRIMALITY_UNASSIGNED,513,512,512,NO_RECORDED_FACTOR_PRP_OR_LL_RESULT_AND_NO_ACTIVE_GIMPS_ASSIGNMENT,2026-08-08T14:01:06+00:00,UNALLOCATED,,,,,
SLCMP585-2773,2773,2773,288638503,2^288638503-1,STRUCTURAL_SCREEN_EXHAUSTED_PRIMALITY_UNASSIGNED,GF3A_DIRECTIONAL_WRITE_EXHAUSTED_PRIMALITY_UNASSIGNED,514,512,512,NO_RECORDED_FACTOR_PRP_OR_LL_RESULT_AND_NO_ACTIVE_GIMPS_ASSIGNMENT,2026-08-08T14:01:06+00:00,UNALLOCATED,,,,,
SLCMP585-2774,2774,2774,288638509,2^288638509-1,STRUCTURAL_SCREEN_EXHAUSTED_PRIMALITY_UNASSIGNED,GF3A_DIRECTIONAL_WRITE_EXHAUSTED_PRIMALITY_UNASSIGNED,513,512,512,NO_RECORDED_FACTOR_PRP_OR_LL_RESULT_AND_NO_ACTIVE_GIMPS_ASSIGNMENT,2026-08-08T14:01:06+00:00,UNALLOCATED,,,,,
SLCMP585-2775,2775,2775,288638531,2^288638531-1,STRUCTURAL_SCREEN_EXHAUSTED_PRIMALITY_UNASSIGNED,GF3A_DIRECTIONAL_WRITE_EXHAUSTED_PRIMALITY_UNASSIGNED,514,512,512,NO_RECORDED_FACTOR_PRP_OR_LL_RESULT_AND_NO_ACTIVE_GIMPS_ASSIGNMENT,2026-08-08T14:01:06+00:00,UNALLOCATED,,,,,
SLCMP585-2776,2776,2776,288638617,2^288638617-1,STRUCTURAL_SCREEN_EXHAUSTED_PRIMALITY_UNASSIGNED,GF3A_DIRECTIONAL_WRITE_EXHAUSTED_PRIMALITY_UNASSIGNED,513,512,512,NO_RECORDED_FACTOR_PRP_OR_LL_RESULT_AND_NO_ACTIVE_GIMPS_ASSIGNMENT,2026-08-08T14:01:06+00:00,UNALLOCATED,,,,,
SLCMP585-2777,2777,2777,288638639,2^288638639-1,STRUCTURAL_SCREEN_EXHAUSTED_PRIMALITY_UNASSIGNED,GF3A_DIRECTIONAL_WRITE_EXHAUSTED_PRIMALITY_UNASSIGNED,514,512,512,NO_RECORDED_FACTOR_PRP_OR_LL_RESULT_AND_NO_ACTIVE_GIMPS_ASSIGNMENT,2026-08-08T14:01:06+00:00,UNALLOCATED,,,,,
SLCMP585-2778,2778,2778,288638657,2^288638657-1,STRUCTURAL_SCREEN_EXHAUSTED_PRIMALITY_UNASSIGNED,GF3A_DIRECTIONAL_WRITE_EXHAUSTED_PRIMALITY_UNASSIGNED,513,512,512,NO_RECORDED_FACTOR_PRP_OR_LL_RESULT_AND_NO_ACTIVE_GIMPS_ASSIGNMENT,2026-08-08T14:01:06+00:00,UNALLOCATED,,,,,
SLCMP585-2779,2779,2779,288638741,2^288638741-1,STRUCTURAL_SCREEN_EXHAUSTED_PRIMALITY_UNASSIGNED,GF3A_DIRECTIONAL_WRITE_EXHAUSTED_PRIMALITY_UNASSIGNED,513,512,512,NO_RECORDED_FACTOR_PRP_OR_LL_RESULT_AND_NO_ACTIVE_GIMPS_ASSIGNMENT,2026-08-08T14:01:06+00:00,UNALLOCATED,,,,,
SLCMP585-2780,2780,2780,288638743,2^288638743-1,STRUCTURAL_SCREEN_EXHAUSTED_PRIMALITY_UNASSIGNED,GF3A_DIRECTIONAL_WRITE_EXHAUSTED_PRIMALITY_UNASSIGNED,514,512,512,NO_RECORDED_FACTOR_PRP_OR_LL_RESULT_AND_NO_ACTIVE_GIMPS_ASSIGNMENT,2026-08-08T14:01:06+00:00,UNALLOCATED,,,,,
SLCMP585-2781,2781,2781,288638771,2^288638771-1,STRUCTURAL_SCREEN_EXHAUSTED_PRIMALITY_UNASSIGNED,GF3A_DIRECTIONAL_WRITE_EXHAUSTED_PRIMALITY_UNASSIGNED,514,512,512,NO_RECORDED_FACTOR_PRP_OR_LL_RESULT_AND_NO_ACTIVE_GIMPS_ASSIGNMENT,2026-08-08T14:01:06+00:00,UNALLOCATED,,,,,
SLCMP585-2782,2782,2782,288638803,2^288638803-1,STRUCTURAL_SCREEN_EXHAUSTED_PRIMALITY_UNASSIGNED,GF3A_DIRECTIONAL_WRITE_EXHAUSTED_PRIMALITY_UNASSIGNED,514,512,512,NO_RECORDED_FACTOR_PRP_OR_LL_RESULT_AND_NO_ACTIVE_GIMPS_ASSIGNMENT,2026-08-08T14:01:06+00:00,UNALLOCATED,,,,,
SLCMP585-2783,2783,2783,288638843,2^288638843-1,STRUCTURAL_SCREEN_EXHAUSTED_PRIMALITY_UNASSIGNED,GF3A_DIRECTIONAL_WRITE_EXHAUSTED_PRIMALITY_UNASSIGNED,514,512,512,NO_RECORDED_FACTOR_PRP_OR_LL_RESULT_AND_NO_ACTIVE_GIMPS_ASSIGNMENT,2026-08-08T14:01:06+00:00,UNALLOCATED,,,,,
SLCMP585-2784,2784,2784,288638873,2^288638873-1,STRUCTURAL_SCREEN_EXHAUSTED_PRIMALITY_UNASSIGNED,GF3A_DIRECTIONAL_WRITE_EXHAUSTED_PRIMALITY_UNASSIGNED,513,512,512,NO_RECORDED_FACTOR_PRP_OR_LL_RESULT_AND_NO_ACTIVE_GIMPS_ASSIGNMENT,2026-08-08T14:01:06+00:00,UNALLOCATED,,,,,
SLCMP585-2785,2785,2785,288638879,2^288638879-1,STRUCTURAL_SCREEN_EXHAUSTED_PRIMALITY_UNASSIGNED,GF3A_DIRECTIONAL_WRITE_EXHAUSTED_PRIMALITY_UNASSIGNED,514,512,512,NO_RECORDED_FACTOR_PRP_OR_LL_RESULT_AND_NO_ACTIVE_GIMPS_ASSIGNMENT,2026-08-08T14:01:06+00:00,UNALLOCATED,,,,,
SLCMP585-2786,2786,2786,288638947,2^288638947-1,STRUCTURAL_SCREEN_EXHAUSTED_PRIMALITY_UNASSIGNED,GF3A_DIRECTIONAL_WRITE_EXHAUSTED_PRIMALITY_UNASSIGNED,514,512,512,NO_RECORDED_FACTOR_PRP_OR_LL_RESULT_AND_NO_ACTIVE_GIMPS_ASSIGNMENT,2026-08-08T14:01:06+00:00,UNALLOCATED,,,,,
SLCMP585-2787,2787,2787,288638989,2^288638989-1,STRUCTURAL_SCREEN_EXHAUSTED_PRIMALITY_UNASSIGNED,GF3A_DIRECTIONAL_WRITE_EXHAUSTED_PRIMALITY_UNASSIGNED,513,512,512,NO_RECORDED_FACTOR_PRP_OR_LL_RESULT_AND_NO_ACTIVE_GIMPS_ASSIGNMENT,2026-08-08T14:01:06+00:00,UNALLOCATED,,,,,
SLCMP585-2788,2788,2788,288639041,2^288639041-1,STRUCTURAL_SCREEN_EXHAUSTED_PRIMALITY_UNASSIGNED,GF3A_DIRECTIONAL_WRITE_EXHAUSTED_PRIMALITY_UNASSIGNED,513,512,512,NO_RECORDED_FACTOR_PRP_OR_LL_RESULT_AND_NO_ACTIVE_GIMPS_ASSIGNMENT,2026-08-08T14:01:06+00:00,UNALLOCATED,,,,,
SLCMP585-2789,2789,2789,288639133,2^288639133-1,STRUCTURAL_SCREEN_EXHAUSTED_PRIMALITY_UNASSIGNED,GF3A_DIRECTIONAL_WRITE_EXHAUSTED_PRIMALITY_UNASSIGNED,513,512,512,NO_RECORDED_FACTOR_PRP_OR_LL_RESULT_AND_NO_ACTIVE_GIMPS_ASSIGNMENT,2026-08-08T14:01:06+00:00,UNALLOCATED,,,,,
SLCMP585-2790,2790,2790,288639161,2^288639161-1,STRUCTURAL_SCREEN_EXHAUSTED_PRIMALITY_UNASSIGNED,GF3A_DIRECTIONAL_WRITE_EXHAUSTED_PRIMALITY_UNASSIGNED,513,512,512,NO_RECORDED_FACTOR_PRP_OR_LL_RESULT_AND_NO_ACTIVE_GIMPS_ASSIGNMENT,2026-08-08T14:01:06+00:00,UNALLOCATED,,,,,
SLCMP585-2791,2791,2791,288639301,2^288639301-1,STRUCTURAL_SCREEN_EXHAUSTED_PRIMALITY_UNASSIGNED,GF3A_DIRECTIONAL_WRITE_EXHAUSTED_PRIMALITY_UNASSIGNED,513,512,512,NO_RECORDED_FACTOR_PRP_OR_LL_RESULT_AND_NO_ACTIVE_GIMPS_ASSIGNMENT,2026-08-08T14:01:06+00:00,UNALLOCATED,,,,,
SLCMP585-2792,2792,2792,288639347,2^288639347-1,STRUCTURAL_SCREEN_EXHAUSTED_PRIMALITY_UNASSIGNED,GF3A_DIRECTIONAL_WRITE_EXHAUSTED_PRIMALITY_UNASSIGNED,514,512,512,NO_RECORDED_FACTOR_PRP_OR_LL_RESULT_AND_NO_ACTIVE_GIMPS_ASSIGNMENT,2026-08-08T14:01:06+00:00,UNALLOCATED,,,,,
SLCMP585-2793,2793,2793,288639451,2^288639451-1,STRUCTURAL_SCREEN_EXHAUSTED_PRIMALITY_UNASSIGNED,GF3A_DIRECTIONAL_WRITE_EXHAUSTED_PRIMALITY_UNASSIGNED,514,512,512,NO_RECORDED_FACTOR_PRP_OR_LL_RESULT_AND_NO_ACTIVE_GIMPS_ASSIGNMENT,2026-08-08T14:01:06+00:00,UNALLOCATED,,,,,
SLCMP585-2794,2794,2794,288639499,2^288639499-1,STRUCTURAL_SCREEN_EXHAUSTED_PRIMALITY_UNASSIGNED,GF3A_DIRECTIONAL_WRITE_EXHAUSTED_PRIMALITY_UNASSIGNED,514,512,512,NO_RECORDED_FACTOR_PRP_OR_LL_RESULT_AND_NO_ACTIVE_GIMPS_ASSIGNMENT,2026-08-08T14:01:06+00:00,UNALLOCATED,,,,,
SLCMP585-2795,2795,2795,288639511,2^288639511-1,STRUCTURAL_SCREEN_EXHAUSTED_PRIMALITY_UNASSIGNED,GF3A_DIRECTIONAL_WRITE_EXHAUSTED_PRIMALITY_UNASSIGNED,514,512,512,NO_RECORDED_FACTOR_PRP_OR_LL_RESULT_AND_NO_ACTIVE_GIMPS_ASSIGNMENT,2026-08-08T14:01:06+00:00,UNALLOCATED,,,,,
SLCMP585-2796,2796,2796,288639529,2^288639529-1,STRUCTURAL_SCREEN_EXHAUSTED_PRIMALITY_UNASSIGNED,GF3A_DIRECTIONAL_WRITE_EXHAUSTED_PRIMALITY_UNASSIGNED,513,512,512,NO_RECORDED_FACTOR_PRP_OR_LL_RESULT_AND_NO_ACTIVE_GIMPS_ASSIGNMENT,2026-08-08T14:01:06+00:00,UNALLOCATED,,,,,
SLCMP585-2797,2797,2797,288639563,2^288639563-1,STRUCTURAL_SCREEN_EXHAUSTED_PRIMALITY_UNASSIGNED,GF3A_DIRECTIONAL_WRITE_EXHAUSTED_PRIMALITY_UNASSIGNED,514,512,512,NO_RECORDED_FACTOR_PRP_OR_LL_RESULT_AND_NO_ACTIVE_GIMPS_ASSIGNMENT,2026-08-08T14:01:06+00:00,UNALLOCATED,,,,,
SLCMP585-2798,2798,2798,288639641,2^288639641-1,STRUCTURAL_SCREEN_EXHAUSTED_PRIMALITY_UNASSIGNED,GF3A_DIRECTIONAL_WRITE_EXHAUSTED_PRIMALITY_UNASSIGNED,513,512,512,NO_RECORDED_FACTOR_PRP_OR_LL_RESULT_AND_NO_ACTIVE_GIMPS_ASSIGNMENT,2026-08-08T14:01:06+00:00,UNALLOCATED,,,,,
SLCMP585-2799,2799,2799,288639647,2^288639647-1,STRUCTURAL_SCREEN_EXHAUSTED_PRIMALITY_UNASSIGNED,GF3A_DIRECTIONAL_WRITE_EXHAUSTED_PRIMALITY_UNASSIGNED,514,512,512,NO_RECORDED_FACTOR_PRP_OR_LL_RESULT_AND_NO_ACTIVE_GIMPS_ASSIGNMENT,2026-08-08T14:01:06+00:00,UNALLOCATED,,,,,
SLCMP585-2800,2800,2800,288639691,2^288639691-1,STRUCTURAL_SCREEN_EXHAUSTED_PRIMALITY_UNASSIGNED,GF3A_DIRECTIONAL_WRITE_EXHAUSTED_PRIMALITY_UNASSIGNED,514,512,512,NO_RECORDED_FACTOR_PRP_OR_LL_RESULT_AND_NO_ACTIVE_GIMPS_ASSIGNMENT,2026-08-08T14:01:06+00:00,UNALLOCATED,,,,,
SLCMP585-2801,2801,2801,288639733,2^288639733-1,STRUCTURAL_SCREEN_EXHAUSTED_PRIMALITY_UNASSIGNED,GF3A_DIRECTIONAL_WRITE_EXHAUSTED_PRIMALITY_UNASSIGNED,513,512,512,NO_RECORDED_FACTOR_PRP_OR_LL_RESULT_AND_NO_ACTIVE_GIMPS_ASSIGNMENT,2026-08-08T14:01:06+00:00,UNALLOCATED,,,,,
SLCMP585-2802,2802,2802,288639761,2^288639761-1,STRUCTURAL_SCREEN_EXHAUSTED_PRIMALITY_UNASSIGNED,GF3A_DIRECTIONAL_WRITE_EXHAUSTED_PRIMALITY_UNASSIGNED,513,512,512,NO_RECORDED_FACTOR_PRP_OR_LL_RESULT_AND_NO_ACTIVE_GIMPS_ASSIGNMENT,2026-08-08T14:01:06+00:00,UNALLOCATED,,,,,
SLCMP585-2803,2803,2803,288639797,2^288639797-1,STRUCTURAL_SCREEN_EXHAUSTED_PRIMALITY_UNASSIGNED,GF3A_DIRECTIONAL_WRITE_EXHAUSTED_PRIMALITY_UNASSIGNED,513,512,512,NO_RECORDED_FACTOR_PRP_OR_LL_RESULT_AND_NO_ACTIVE_GIMPS_ASSIGNMENT,2026-08-08T14:01:06+00:00,UNALLOCATED,,,,,
SLCMP585-2804,2804,2804,288639839,2^288639839-1,STRUCTURAL_SCREEN_EXHAUSTED_PRIMALITY_UNASSIGNED,GF3A_DIRECTIONAL_WRITE_EXHAUSTED_PRIMALITY_UNASSIGNED,514,512,512,NO_RECORDED_FACTOR_PRP_OR_LL_RESULT_AND_NO_ACTIVE_GIMPS_ASSIGNMENT,2026-08-08T14:01:06+00:00,UNALLOCATED,,,,,
SLCMP585-2805,2805,2805,288639847,2^288639847-1,STRUCTURAL_SCREEN_EXHAUSTED_PRIMALITY_UNASSIGNED,GF3A_DIRECTIONAL_WRITE_EXHAUSTED_PRIMALITY_UNASSIGNED,514,512,512,NO_RECORDED_FACTOR_PRP_OR_LL_RESULT_AND_NO_ACTIVE_GIMPS_ASSIGNMENT,2026-08-08T14:01:06+00:00,UNALLOCATED,,,,,
SLCMP585-2806,2806,2806,288639881,2^288639881-1,STRUCTURAL_SCREEN_EXHAUSTED_PRIMALITY_UNASSIGNED,GF3A_DIRECTIONAL_WRITE_EXHAUSTED_PRIMALITY_UNASSIGNED,513,512,512,NO_RECORDED_FACTOR_PRP_OR_LL_RESULT_AND_NO_ACTIVE_GIMPS_ASSIGNMENT,2026-08-08T14:01:06+00:00,UNALLOCATED,,,,,
SLCMP585-2807,2807,2807,288639917,2^288639917-1,STRUCTURAL_SCREEN_EXHAUSTED_PRIMALITY_UNASSIGNED,GF3A_DIRECTIONAL_WRITE_EXHAUSTED_PRIMALITY_UNASSIGNED,513,512,512,NO_RECORDED_FACTOR_PRP_OR_LL_RESULT_AND_NO_ACTIVE_GIMPS_ASSIGNMENT,2026-08-08T14:01:06+00:00,UNALLOCATED,,,,,
SLCMP585-2808,2808,2808,288639979,2^288639979-1,STRUCTURAL_SCREEN_EXHAUSTED_PRIMALITY_UNASSIGNED,GF3A_DIRECTIONAL_WRITE_EXHAUSTED_PRIMALITY_UNASSIGNED,514,512,512,NO_RECORDED_FACTOR_PRP_OR_LL_RESULT_AND_NO_ACTIVE_GIMPS_ASSIGNMENT,2026-08-08T14:01:06+00:00,UNALLOCATED,,,,,
SLCMP585-2809,2809,2809,288640003,2^288640003-1,STRUCTURAL_SCREEN_EXHAUSTED_PRIMALITY_UNASSIGNED,GF3A_DIRECTIONAL_WRITE_EXHAUSTED_PRIMALITY_UNASSIGNED,514,512,512,NO_RECORDED_FACTOR_PRP_OR_LL_RESULT_AND_NO_ACTIVE_GIMPS_ASSIGNMENT,2026-08-08T14:01:06+00:00,UNALLOCATED,,,,,
SLCMP585-2810,2810,2810,288640013,2^288640013-1,STRUCTURAL_SCREEN_EXHAUSTED_PRIMALITY_UNASSIGNED,GF3A_DIRECTIONAL_WRITE_EXHAUSTED_PRIMALITY_UNASSIGNED,513,512,512,NO_RECORDED_FACTOR_PRP_OR_LL_RESULT_AND_NO_ACTIVE_GIMPS_ASSIGNMENT,2026-08-08T14:01:06+00:00,UNALLOCATED,,,,,
SLCMP585-2811,2811,2811,288640069,2^288640069-1,STRUCTURAL_SCREEN_EXHAUSTED_PRIMALITY_UNASSIGNED,GF3A_DIRECTIONAL_WRITE_EXHAUSTED_PRIMALITY_UNASSIGNED,513,512,512,NO_RECORDED_FACTOR_PRP_OR_LL_RESULT_AND_NO_ACTIVE_GIMPS_ASSIGNMENT,2026-08-08T14:01:06+00:00,UNALLOCATED,,,,,
SLCMP585-2812,2812,2812,288640117,2^288640117-1,STRUCTURAL_SCREEN_EXHAUSTED_PRIMALITY_UNASSIGNED,GF3A_DIRECTIONAL_WRITE_EXHAUSTED_PRIMALITY_UNASSIGNED,513,512,512,NO_RECORDED_FACTOR_PRP_OR_LL_RESULT_AND_NO_ACTIVE_GIMPS_ASSIGNMENT,2026-08-08T14:01:06+00:00,UNALLOCATED,,,,,
SLCMP585-2813,2813,2813,288640141,2^288640141-1,STRUCTURAL_SCREEN_EXHAUSTED_PRIMALITY_UNASSIGNED,GF3A_DIRECTIONAL_WRITE_EXHAUSTED_PRIMALITY_UNASSIGNED,513,512,512,NO_RECORDED_FACTOR_PRP_OR_LL_RESULT_AND_NO_ACTIVE_GIMPS_ASSIGNMENT,2026-08-08T14:01:06+00:00,UNALLOCATED,,,,,
SLCMP585-2814,2814,2814,288640333,2^288640333-1,STRUCTURAL_SCREEN_EXHAUSTED_PRIMALITY_UNASSIGNED,GF3A_DIRECTIONAL_WRITE_EXHAUSTED_PRIMALITY_UNASSIGNED,513,512,512,NO_RECORDED_FACTOR_PRP_OR_LL_RESULT_AND_NO_ACTIVE_GIMPS_ASSIGNMENT,2026-08-08T14:01:06+00:00,UNALLOCATED,,,,,
SLCMP585-2815,2815,2815,288640379,2^288640379-1,STRUCTURAL_SCREEN_EXHAUSTED_PRIMALITY_UNASSIGNED,GF3A_DIRECTIONAL_WRITE_EXHAUSTED_PRIMALITY_UNASSIGNED,514,512,512,NO_RECORDED_FACTOR_PRP_OR_LL_RESULT_AND_NO_ACTIVE_GIMPS_ASSIGNMENT,2026-08-08T14:01:06+00:00,UNALLOCATED,,,,,
SLCMP585-2816,2816,2816,288640397,2^288640397-1,STRUCTURAL_SCREEN_EXHAUSTED_PRIMALITY_UNASSIGNED,GF3A_DIRECTIONAL_WRITE_EXHAUSTED_PRIMALITY_UNASSIGNED,513,512,512,NO_RECORDED_FACTOR_PRP_OR_LL_RESULT_AND_NO_ACTIVE_GIMPS_ASSIGNMENT,2026-08-08T14:01:06+00:00,UNALLOCATED,,,,,
SLCMP585-2817,2817,2817,288640403,2^288640403-1,STRUCTURAL_SCREEN_EXHAUSTED_PRIMALITY_UNASSIGNED,GF3A_DIRECTIONAL_WRITE_EXHAUSTED_PRIMALITY_UNASSIGNED,514,512,512,NO_RECORDED_FACTOR_PRP_OR_LL_RESULT_AND_NO_ACTIVE_GIMPS_ASSIGNMENT,2026-08-08T14:01:06+00:00,UNALLOCATED,,,,,
SLCMP585-2818,2818,2818,288640427,2^288640427-1,STRUCTURAL_SCREEN_EXHAUSTED_PRIMALITY_UNASSIGNED,GF3A_DIRECTIONAL_WRITE_EXHAUSTED_PRIMALITY_UNASSIGNED,514,512,512,NO_RECORDED_FACTOR_PRP_OR_LL_RESULT_AND_NO_ACTIVE_GIMPS_ASSIGNMENT,2026-08-08T14:01:06+00:00,UNALLOCATED,,,,,
SLCMP585-2819,2819,2819,288640463,2^288640463-1,STRUCTURAL_SCREEN_EXHAUSTED_PRIMALITY_UNASSIGNED,GF3A_DIRECTIONAL_WRITE_EXHAUSTED_PRIMALITY_UNASSIGNED,514,512,512,NO_RECORDED_FACTOR_PRP_OR_LL_RESULT_AND_NO_ACTIVE_GIMPS_ASSIGNMENT,2026-08-08T14:01:06+00:00,UNALLOCATED,,,,,
SLCMP585-2820,2820,2820,288640507,2^288640507-1,STRUCTURAL_SCREEN_EXHAUSTED_PRIMALITY_UNASSIGNED,GF3A_DIRECTIONAL_WRITE_EXHAUSTED_PRIMALITY_UNASSIGNED,514,512,512,NO_RECORDED_FACTOR_PRP_OR_LL_RESULT_AND_NO_ACTIVE_GIMPS_ASSIGNMENT,2026-08-08T14:01:06+00:00,UNALLOCATED,,,,,
SLCMP585-2821,2821,2821,288640607,2^288640607-1,STRUCTURAL_SCREEN_EXHAUSTED_PRIMALITY_UNASSIGNED,GF3A_DIRECTIONAL_WRITE_EXHAUSTED_PRIMALITY_UNASSIGNED,514,512,512,NO_RECORDED_FACTOR_PRP_OR_LL_RESULT_AND_NO_ACTIVE_GIMPS_ASSIGNMENT,2026-08-08T14:01:06+00:00,UNALLOCATED,,,,,
SLCMP585-2822,2822,2822,288640643,2^288640643-1,STRUCTURAL_SCREEN_EXHAUSTED_PRIMALITY_UNASSIGNED,GF3A_DIRECTIONAL_WRITE_EXHAUSTED_PRIMALITY_UNASSIGNED,514,512,512,NO_RECORDED_FACTOR_PRP_OR_LL_RESULT_AND_NO_ACTIVE_GIMPS_ASSIGNMENT,2026-08-08T14:01:06+00:00,UNALLOCATED,,,,,
SLCMP585-2823,2823,2823,288640679,2^288640679-1,STRUCTURAL_SCREEN_EXHAUSTED_PRIMALITY_UNASSIGNED,GF3A_DIRECTIONAL_WRITE_EXHAUSTED_PRIMALITY_UNASSIGNED,514,512,512,NO_RECORDED_FACTOR_PRP_OR_LL_RESULT_AND_NO_ACTIVE_GIMPS_ASSIGNMENT,2026-08-08T14:01:06+00:00,UNALLOCATED,,,,,
SLCMP585-2824,2824,2824,288640691,2^288640691-1,STRUCTURAL_SCREEN_EXHAUSTED_PRIMALITY_UNASSIGNED,GF3A_DIRECTIONAL_WRITE_EXHAUSTED_PRIMALITY_UNASSIGNED,514,512,512,NO_RECORDED_FACTOR_PRP_OR_LL_RESULT_AND_NO_ACTIVE_GIMPS_ASSIGNMENT,2026-08-08T14:01:06+00:00,UNALLOCATED,,,,,
SLCMP585-2825,2825,2825,288640753,2^288640753-1,STRUCTURAL_SCREEN_EXHAUSTED_PRIMALITY_UNASSIGNED,GF3A_DIRECTIONAL_WRITE_EXHAUSTED_PRIMALITY_UNASSIGNED,513,512,512,NO_RECORDED_FACTOR_PRP_OR_LL_RESULT_AND_NO_ACTIVE_GIMPS_ASSIGNMENT,2026-08-08T14:01:06+00:00,UNALLOCATED,,,,,
SLCMP585-2826,2826,2826,288640769,2^288640769-1,STRUCTURAL_SCREEN_EXHAUSTED_PRIMALITY_UNASSIGNED,GF3A_DIRECTIONAL_WRITE_EXHAUSTED_PRIMALITY_UNASSIGNED,513,512,512,NO_RECORDED_FACTOR_PRP_OR_LL_RESULT_AND_NO_ACTIVE_GIMPS_ASSIGNMENT,2026-08-08T14:01:06+00:00,UNALLOCATED,,,,,
SLCMP585-2827,2827,2827,288640801,2^288640801-1,STRUCTURAL_SCREEN_EXHAUSTED_PRIMALITY_UNASSIGNED,GF3A_DIRECTIONAL_WRITE_EXHAUSTED_PRIMALITY_UNASSIGNED,513,512,512,NO_RECORDED_FACTOR_PRP_OR_LL_RESULT_AND_NO_ACTIVE_GIMPS_ASSIGNMENT,2026-08-08T14:01:06+00:00,UNALLOCATED,,,,,
SLCMP585-2828,2828,2828,288640819,2^288640819-1,STRUCTURAL_SCREEN_EXHAUSTED_PRIMALITY_UNASSIGNED,GF3A_DIRECTIONAL_WRITE_EXHAUSTED_PRIMALITY_UNASSIGNED,514,512,512,NO_RECORDED_FACTOR_PRP_OR_LL_RESULT_AND_NO_ACTIVE_GIMPS_ASSIGNMENT,2026-08-08T14:01:06+00:00,UNALLOCATED,,,,,
SLCMP585-2829,2829,2829,288640991,2^288640991-1,STRUCTURAL_SCREEN_EXHAUSTED_PRIMALITY_UNASSIGNED,GF3A_DIRECTIONAL_WRITE_EXHAUSTED_PRIMALITY_UNASSIGNED,514,512,512,NO_RECORDED_FACTOR_PRP_OR_LL_RESULT_AND_NO_ACTIVE_GIMPS_ASSIGNMENT,2026-08-08T14:01:06+00:00,UNALLOCATED,,,,,
SLCMP585-2830,2830,2830,288640993,2^288640993-1,STRUCTURAL_SCREEN_EXHAUSTED_PRIMALITY_UNASSIGNED,GF3A_DIRECTIONAL_WRITE_EXHAUSTED_PRIMALITY_UNASSIGNED,513,512,512,NO_RECORDED_FACTOR_PRP_OR_LL_RESULT_AND_NO_ACTIVE_GIMPS_ASSIGNMENT,2026-08-08T14:01:06+00:00,UNALLOCATED,,,,,
SLCMP585-2831,2831,2831,288641083,2^288641083-1,STRUCTURAL_SCREEN_EXHAUSTED_PRIMALITY_UNASSIGNED,GF3A_DIRECTIONAL_WRITE_EXHAUSTED_PRIMALITY_UNASSIGNED,514,512,512,NO_RECORDED_FACTOR_PRP_OR_LL_RESULT_AND_NO_ACTIVE_GIMPS_ASSIGNMENT,2026-08-08T14:01:06+00:00,UNALLOCATED,,,,,
SLCMP585-2832,2832,2832,288641173,2^288641173-1,STRUCTURAL_SCREEN_EXHAUSTED_PRIMALITY_UNASSIGNED,GF3A_DIRECTIONAL_WRITE_EXHAUSTED_PRIMALITY_UNASSIGNED,513,512,512,NO_RECORDED_FACTOR_PRP_OR_LL_RESULT_AND_NO_ACTIVE_GIMPS_ASSIGNMENT,2026-08-08T14:01:06+00:00,UNALLOCATED,,,,,
SLCMP585-2833,2833,2833,288641257,2^288641257-1,STRUCTURAL_SCREEN_EXHAUSTED_PRIMALITY_UNASSIGNED,GF3A_DIRECTIONAL_WRITE_EXHAUSTED_PRIMALITY_UNASSIGNED,513,512,512,NO_RECORDED_FACTOR_PRP_OR_LL_RESULT_AND_NO_ACTIVE_GIMPS_ASSIGNMENT,2026-08-08T14:01:06+00:00,UNALLOCATED,,,,,
SLCMP585-2834,2834,2834,288641461,2^288641461-1,STRUCTURAL_SCREEN_EXHAUSTED_PRIMALITY_UNASSIGNED,GF3A_DIRECTIONAL_WRITE_EXHAUSTED_PRIMALITY_UNASSIGNED,513,512,512,NO_RECORDED_FACTOR_PRP_OR_LL_RESULT_AND_NO_ACTIVE_GIMPS_ASSIGNMENT,2026-08-08T14:01:06+00:00,UNALLOCATED,,,,,
SLCMP585-2835,2835,2835,288641579,2^288641579-1,STRUCTURAL_SCREEN_EXHAUSTED_PRIMALITY_UNASSIGNED,GF3A_DIRECTIONAL_WRITE_EXHAUSTED_PRIMALITY_UNASSIGNED,514,512,512,NO_RECORDED_FACTOR_PRP_OR_LL_RESULT_AND_NO_ACTIVE_GIMPS_ASSIGNMENT,2026-08-08T14:01:06+00:00,UNALLOCATED,,,,,
SLCMP585-2836,2836,2836,288641627,2^288641627-1,STRUCTURAL_SCREEN_EXHAUSTED_PRIMALITY_UNASSIGNED,GF3A_DIRECTIONAL_WRITE_EXHAUSTED_PRIMALITY_UNASSIGNED,514,512,512,NO_RECORDED_FACTOR_PRP_OR_LL_RESULT_AND_NO_ACTIVE_GIMPS_ASSIGNMENT,2026-08-08T14:01:06+00:00,UNALLOCATED,,,,,
SLCMP585-2837,2837,2837,288641653,2^288641653-1,STRUCTURAL_SCREEN_EXHAUSTED_PRIMALITY_UNASSIGNED,GF3A_DIRECTIONAL_WRITE_EXHAUSTED_PRIMALITY_UNASSIGNED,513,512,512,NO_RECORDED_FACTOR_PRP_OR_LL_RESULT_AND_NO_ACTIVE_GIMPS_ASSIGNMENT,2026-08-08T14:01:06+00:00,UNALLOCATED,,,,,
SLCMP585-2838,2838,2838,288641723,2^288641723-1,STRUCTURAL_SCREEN_EXHAUSTED_PRIMALITY_UNASSIGNED,GF3A_DIRECTIONAL_WRITE_EXHAUSTED_PRIMALITY_UNASSIGNED,514,512,512,NO_RECORDED_FACTOR_PRP_OR_LL_RESULT_AND_NO_ACTIVE_GIMPS_ASSIGNMENT,2026-08-08T14:01:06+00:00,UNALLOCATED,,,,,
SLCMP585-2839,2839,2839,288641753,2^288641753-1,STRUCTURAL_SCREEN_EXHAUSTED_PRIMALITY_UNASSIGNED,GF3A_DIRECTIONAL_WRITE_EXHAUSTED_PRIMALITY_UNASSIGNED,513,512,512,NO_RECORDED_FACTOR_PRP_OR_LL_RESULT_AND_NO_ACTIVE_GIMPS_ASSIGNMENT,2026-08-08T14:01:06+00:00,UNALLOCATED,,,,,
SLCMP585-2840,2840,2840,288641777,2^288641777-1,STRUCTURAL_SCREEN_EXHAUSTED_PRIMALITY_UNASSIGNED,GF3A_DIRECTIONAL_WRITE_EXHAUSTED_PRIMALITY_UNASSIGNED,513,512,512,NO_RECORDED_FACTOR_PRP_OR_LL_RESULT_AND_NO_ACTIVE_GIMPS_ASSIGNMENT,2026-08-08T14:01:06+00:00,UNALLOCATED,,,,,
SLCMP585-2841,2841,2841,288641779,2^288641779-1,STRUCTURAL_SCREEN_EXHAUSTED_PRIMALITY_UNASSIGNED,GF3A_DIRECTIONAL_WRITE_EXHAUSTED_PRIMALITY_UNASSIGNED,514,512,512,NO_RECORDED_FACTOR_PRP_OR_LL_RESULT_AND_NO_ACTIVE_GIMPS_ASSIGNMENT,2026-08-08T14:01:06+00:00,UNALLOCATED,,,,,
SLCMP585-2842,2842,2842,288641803,2^288641803-1,STRUCTURAL_SCREEN_EXHAUSTED_PRIMALITY_UNASSIGNED,GF3A_DIRECTIONAL_WRITE_EXHAUSTED_PRIMALITY_UNASSIGNED,514,512,512,NO_RECORDED_FACTOR_PRP_OR_LL_RESULT_AND_NO_ACTIVE_GIMPS_ASSIGNMENT,2026-08-08T14:01:06+00:00,UNALLOCATED,,,,,
SLCMP585-2843,2843,2843,288641897,2^288641897-1,STRUCTURAL_SCREEN_EXHAUSTED_PRIMALITY_UNASSIGNED,GF3A_DIRECTIONAL_WRITE_EXHAUSTED_PRIMALITY_UNASSIGNED,513,512,512,NO_RECORDED_FACTOR_PRP_OR_LL_RESULT_AND_NO_ACTIVE_GIMPS_ASSIGNMENT,2026-08-08T14:01:06+00:00,UNALLOCATED,,,,,
SLCMP585-2844,2844,2844,288641953,2^288641953-1,STRUCTURAL_SCREEN_EXHAUSTED_PRIMALITY_UNASSIGNED,GF3A_DIRECTIONAL_WRITE_EXHAUSTED_PRIMALITY_UNASSIGNED,513,512,512,NO_RECORDED_FACTOR_PRP_OR_LL_RESULT_AND_NO_ACTIVE_GIMPS_ASSIGNMENT,2026-08-08T14:01:06+00:00,UNALLOCATED,,,,,
SLCMP585-2845,2845,2845,288641981,2^288641981-1,STRUCTURAL_SCREEN_EXHAUSTED_PRIMALITY_UNASSIGNED,GF3A_DIRECTIONAL_WRITE_EXHAUSTED_PRIMALITY_UNASSIGNED,513,512,512,NO_RECORDED_FACTOR_PRP_OR_LL_RESULT_AND_NO_ACTIVE_GIMPS_ASSIGNMENT,2026-08-08T14:01:06+00:00,UNALLOCATED,,,,,
SLCMP585-2846,2846,2846,288641989,2^288641989-1,STRUCTURAL_SCREEN_EXHAUSTED_PRIMALITY_UNASSIGNED,GF3A_DIRECTIONAL_WRITE_EXHAUSTED_PRIMALITY_UNASSIGNED,513,512,512,NO_RECORDED_FACTOR_PRP_OR_LL_RESULT_AND_NO_ACTIVE_GIMPS_ASSIGNMENT,2026-08-08T14:01:06+00:00,UNALLOCATED,,,,,
SLCMP585-2847,2847,2847,288642007,2^288642007-1,STRUCTURAL_SCREEN_EXHAUSTED_PRIMALITY_UNASSIGNED,GF3A_DIRECTIONAL_WRITE_EXHAUSTED_PRIMALITY_UNASSIGNED,514,512,512,NO_RECORDED_FACTOR_PRP_OR_LL_RESULT_AND_NO_ACTIVE_GIMPS_ASSIGNMENT,2026-08-08T14:01:06+00:00,UNALLOCATED,,,,,
SLCMP585-2848,2848,2848,288642037,2^288642037-1,STRUCTURAL_SCREEN_EXHAUSTED_PRIMALITY_UNASSIGNED,GF3A_DIRECTIONAL_WRITE_EXHAUSTED_PRIMALITY_UNASSIGNED,513,512,512,NO_RECORDED_FACTOR_PRP_OR_LL_RESULT_AND_NO_ACTIVE_GIMPS_ASSIGNMENT,2026-08-08T14:01:06+00:00,UNALLOCATED,,,,,
SLCMP585-2849,2849,2849,288642113,2^288642113-1,STRUCTURAL_SCREEN_EXHAUSTED_PRIMALITY_UNASSIGNED,GF3A_DIRECTIONAL_WRITE_EXHAUSTED_PRIMALITY_UNASSIGNED,513,512,512,NO_RECORDED_FACTOR_PRP_OR_LL_RESULT_AND_NO_ACTIVE_GIMPS_ASSIGNMENT,2026-08-08T14:01:06+00:00,UNALLOCATED,,,,,
SLCMP585-2850,2850,2850,288642311,2^288642311-1,STRUCTURAL_SCREEN_EXHAUSTED_PRIMALITY_UNASSIGNED,GF3A_DIRECTIONAL_WRITE_EXHAUSTED_PRIMALITY_UNASSIGNED,514,512,512,NO_RECORDED_FACTOR_PRP_OR_LL_RESULT_AND_NO_ACTIVE_GIMPS_ASSIGNMENT,2026-08-08T14:01:06+00:00,UNALLOCATED,,,,,
SLCMP585-2851,2851,2851,288642331,2^288642331-1,STRUCTURAL_SCREEN_EXHAUSTED_PRIMALITY_UNASSIGNED,GF3A_DIRECTIONAL_WRITE_EXHAUSTED_PRIMALITY_UNASSIGNED,514,512,512,NO_RECORDED_FACTOR_PRP_OR_LL_RESULT_AND_NO_ACTIVE_GIMPS_ASSIGNMENT,2026-08-08T14:01:06+00:00,UNALLOCATED,,,,,
SLCMP585-2852,2852,2852,288642391,2^288642391-1,STRUCTURAL_SCREEN_EXHAUSTED_PRIMALITY_UNASSIGNED,GF3A_DIRECTIONAL_WRITE_EXHAUSTED_PRIMALITY_UNASSIGNED,514,512,512,NO_RECORDED_FACTOR_PRP_OR_LL_RESULT_AND_NO_ACTIVE_GIMPS_ASSIGNMENT,2026-08-08T14:01:06+00:00,UNALLOCATED,,,,,
SLCMP585-2853,2853,2853,288642407,2^288642407-1,STRUCTURAL_SCREEN_EXHAUSTED_PRIMALITY_UNASSIGNED,GF3A_DIRECTIONAL_WRITE_EXHAUSTED_PRIMALITY_UNASSIGNED,514,512,512,NO_RECORDED_FACTOR_PRP_OR_LL_RESULT_AND_NO_ACTIVE_GIMPS_ASSIGNMENT,2026-08-08T14:01:06+00:00,UNALLOCATED,,,,,
SLCMP585-2854,2854,2854,288642421,2^288642421-1,STRUCTURAL_SCREEN_EXHAUSTED_PRIMALITY_UNASSIGNED,GF3A_DIRECTIONAL_WRITE_EXHAUSTED_PRIMALITY_UNASSIGNED,513,512,512,NO_RECORDED_FACTOR_PRP_OR_LL_RESULT_AND_NO_ACTIVE_GIMPS_ASSIGNMENT,2026-08-08T14:01:06+00:00,UNALLOCATED,,,,,
SLCMP585-2855,2855,2855,288642469,2^288642469-1,STRUCTURAL_SCREEN_EXHAUSTED_PRIMALITY_UNASSIGNED,GF3A_DIRECTIONAL_WRITE_EXHAUSTED_PRIMALITY_UNASSIGNED,513,512,512,NO_RECORDED_FACTOR_PRP_OR_LL_RESULT_AND_NO_ACTIVE_GIMPS_ASSIGNMENT,2026-08-08T14:01:06+00:00,UNALLOCATED,,,,,
SLCMP585-2856,2856,2856,288642527,2^288642527-1,STRUCTURAL_SCREEN_EXHAUSTED_PRIMALITY_UNASSIGNED,GF3A_DIRECTIONAL_WRITE_EXHAUSTED_PRIMALITY_UNASSIGNED,514,512,512,NO_RECORDED_FACTOR_PRP_OR_LL_RESULT_AND_NO_ACTIVE_GIMPS_ASSIGNMENT,2026-08-08T14:01:06+00:00,UNALLOCATED,,,,,
SLCMP585-2857,2857,2857,288642551,2^288642551-1,STRUCTURAL_SCREEN_EXHAUSTED_PRIMALITY_UNASSIGNED,GF3A_DIRECTIONAL_WRITE_EXHAUSTED_PRIMALITY_UNASSIGNED,514,512,512,NO_RECORDED_FACTOR_PRP_OR_LL_RESULT_AND_NO_ACTIVE_GIMPS_ASSIGNMENT,2026-08-08T14:01:06+00:00,UNALLOCATED,,,,,
SLCMP585-2858,2858,2858,288642589,2^288642589-1,STRUCTURAL_SCREEN_EXHAUSTED_PRIMALITY_UNASSIGNED,GF3A_DIRECTIONAL_WRITE_EXHAUSTED_PRIMALITY_UNASSIGNED,513,512,512,NO_RECORDED_FACTOR_PRP_OR_LL_RESULT_AND_NO_ACTIVE_GIMPS_ASSIGNMENT,2026-08-08T14:01:06+00:00,UNALLOCATED,,,,,
SLCMP585-2859,2859,2859,288642593,2^288642593-1,STRUCTURAL_SCREEN_EXHAUSTED_PRIMALITY_UNASSIGNED,GF3A_DIRECTIONAL_WRITE_EXHAUSTED_PRIMALITY_UNASSIGNED,513,512,512,NO_RECORDED_FACTOR_PRP_OR_LL_RESULT_AND_NO_ACTIVE_GIMPS_ASSIGNMENT,2026-08-08T14:01:06+00:00,UNALLOCATED,,,,,
SLCMP585-2860,2860,2860,288642631,2^288642631-1,STRUCTURAL_SCREEN_EXHAUSTED_PRIMALITY_UNASSIGNED,GF3A_DIRECTIONAL_WRITE_EXHAUSTED_PRIMALITY_UNASSIGNED,514,512,512,NO_RECORDED_FACTOR_PRP_OR_LL_RESULT_AND_NO_ACTIVE_GIMPS_ASSIGNMENT,2026-08-08T14:01:06+00:00,UNALLOCATED,,,,,
SLCMP585-2861,2861,2861,288642727,2^288642727-1,STRUCTURAL_SCREEN_EXHAUSTED_PRIMALITY_UNASSIGNED,GF3A_DIRECTIONAL_WRITE_EXHAUSTED_PRIMALITY_UNASSIGNED,514,512,512,NO_RECORDED_FACTOR_PRP_OR_LL_RESULT_AND_NO_ACTIVE_GIMPS_ASSIGNMENT,2026-08-08T14:01:06+00:00,UNALLOCATED,,,,,
SLCMP585-2862,2862,2862,288642769,2^288642769-1,STRUCTURAL_SCREEN_EXHAUSTED_PRIMALITY_UNASSIGNED,GF3A_DIRECTIONAL_WRITE_EXHAUSTED_PRIMALITY_UNASSIGNED,513,512,512,NO_RECORDED_FACTOR_PRP_OR_LL_RESULT_AND_NO_ACTIVE_GIMPS_ASSIGNMENT,2026-08-08T14:01:06+00:00,UNALLOCATED,,,,,
SLCMP585-2863,2863,2863,288642787,2^288642787-1,STRUCTURAL_SCREEN_EXHAUSTED_PRIMALITY_UNASSIGNED,GF3A_DIRECTIONAL_WRITE_EXHAUSTED_PRIMALITY_UNASSIGNED,514,512,512,NO_RECORDED_FACTOR_PRP_OR_LL_RESULT_AND_NO_ACTIVE_GIMPS_ASSIGNMENT,2026-08-08T14:01:06+00:00,UNALLOCATED,,,,,
SLCMP585-2864,2864,2864,288642799,2^288642799-1,STRUCTURAL_SCREEN_EXHAUSTED_PRIMALITY_UNASSIGNED,GF3A_DIRECTIONAL_WRITE_EXHAUSTED_PRIMALITY_UNASSIGNED,514,512,512,NO_RECORDED_FACTOR_PRP_OR_LL_RESULT_AND_NO_ACTIVE_GIMPS_ASSIGNMENT,2026-08-08T14:01:06+00:00,UNALLOCATED,,,,,
SLCMP585-2865,2865,2865,288642863,2^288642863-1,STRUCTURAL_SCREEN_EXHAUSTED_PRIMALITY_UNASSIGNED,GF3A_DIRECTIONAL_WRITE_EXHAUSTED_PRIMALITY_UNASSIGNED,514,512,512,NO_RECORDED_FACTOR_PRP_OR_LL_RESULT_AND_NO_ACTIVE_GIMPS_ASSIGNMENT,2026-08-08T14:01:06+00:00,UNALLOCATED,,,,,
SLCMP585-2866,2866,2866,288642917,2^288642917-1,STRUCTURAL_SCREEN_EXHAUSTED_PRIMALITY_UNASSIGNED,GF3A_DIRECTIONAL_WRITE_EXHAUSTED_PRIMALITY_UNASSIGNED,513,512,512,NO_RECORDED_FACTOR_PRP_OR_LL_RESULT_AND_NO_ACTIVE_GIMPS_ASSIGNMENT,2026-08-08T14:01:06+00:00,UNALLOCATED,,,,,
SLCMP585-2867,2867,2867,288643013,2^288643013-1,STRUCTURAL_SCREEN_EXHAUSTED_PRIMALITY_UNASSIGNED,GF3A_DIRECTIONAL_WRITE_EXHAUSTED_PRIMALITY_UNASSIGNED,513,512,512,NO_RECORDED_FACTOR_PRP_OR_LL_RESULT_AND_NO_ACTIVE_GIMPS_ASSIGNMENT,2026-08-08T14:01:06+00:00,UNALLOCATED,,,,,
SLCMP585-2868,2868,2868,288643037,2^288643037-1,STRUCTURAL_SCREEN_EXHAUSTED_PRIMALITY_UNASSIGNED,GF3A_DIRECTIONAL_WRITE_EXHAUSTED_PRIMALITY_UNASSIGNED,513,512,512,NO_RECORDED_FACTOR_PRP_OR_LL_RESULT_AND_NO_ACTIVE_GIMPS_ASSIGNMENT,2026-08-08T14:01:06+00:00,UNALLOCATED,,,,,
SLCMP585-2869,2869,2869,288643039,2^288643039-1,STRUCTURAL_SCREEN_EXHAUSTED_PRIMALITY_UNASSIGNED,GF3A_DIRECTIONAL_WRITE_EXHAUSTED_PRIMALITY_UNASSIGNED,514,512,512,NO_RECORDED_FACTOR_PRP_OR_LL_RESULT_AND_NO_ACTIVE_GIMPS_ASSIGNMENT,2026-08-08T14:01:06+00:00,UNALLOCATED,,,,,
SLCMP585-2870,2870,2870,288643081,2^288643081-1,STRUCTURAL_SCREEN_EXHAUSTED_PRIMALITY_UNASSIGNED,GF3A_DIRECTIONAL_WRITE_EXHAUSTED_PRIMALITY_UNASSIGNED,513,512,512,NO_RECORDED_FACTOR_PRP_OR_LL_RESULT_AND_NO_ACTIVE_GIMPS_ASSIGNMENT,2026-08-08T14:01:06+00:00,UNALLOCATED,,,,,
SLCMP585-2871,2871,2871,288643127,2^288643127-1,STRUCTURAL_SCREEN_EXHAUSTED_PRIMALITY_UNASSIGNED,GF3A_DIRECTIONAL_WRITE_EXHAUSTED_PRIMALITY_UNASSIGNED,514,512,512,NO_RECORDED_FACTOR_PRP_OR_LL_RESULT_AND_NO_ACTIVE_GIMPS_ASSIGNMENT,2026-08-08T14:01:06+00:00,UNALLOCATED,,,,,
SLCMP585-2872,2872,2872,288643129,2^288643129-1,STRUCTURAL_SCREEN_EXHAUSTED_PRIMALITY_UNASSIGNED,GF3A_DIRECTIONAL_WRITE_EXHAUSTED_PRIMALITY_UNASSIGNED,513,512,512,NO_RECORDED_FACTOR_PRP_OR_LL_RESULT_AND_NO_ACTIVE_GIMPS_ASSIGNMENT,2026-08-08T14:01:06+00:00,UNALLOCATED,,,,,
SLCMP585-2873,2873,2873,288643189,2^288643189-1,STRUCTURAL_SCREEN_EXHAUSTED_PRIMALITY_UNASSIGNED,GF3A_DIRECTIONAL_WRITE_EXHAUSTED_PRIMALITY_UNASSIGNED,513,512,512,NO_RECORDED_FACTOR_PRP_OR_LL_RESULT_AND_NO_ACTIVE_GIMPS_ASSIGNMENT,2026-08-08T14:01:06+00:00,UNALLOCATED,,,,,
SLCMP585-2874,2874,2874,288643291,2^288643291-1,STRUCTURAL_SCREEN_EXHAUSTED_PRIMALITY_UNASSIGNED,GF3A_DIRECTIONAL_WRITE_EXHAUSTED_PRIMALITY_UNASSIGNED,514,512,512,NO_RECORDED_FACTOR_PRP_OR_LL_RESULT_AND_NO_ACTIVE_GIMPS_ASSIGNMENT,2026-08-08T14:01:06+00:00,UNALLOCATED,,,,,
SLCMP585-2875,2875,2875,288643319,2^288643319-1,STRUCTURAL_SCREEN_EXHAUSTED_PRIMALITY_UNASSIGNED,GF3A_DIRECTIONAL_WRITE_EXHAUSTED_PRIMALITY_UNASSIGNED,514,512,512,NO_RECORDED_FACTOR_PRP_OR_LL_RESULT_AND_NO_ACTIVE_GIMPS_ASSIGNMENT,2026-08-08T14:01:06+00:00,UNALLOCATED,,,,,
SLCMP585-2876,2876,2876,288643339,2^288643339-1,STRUCTURAL_SCREEN_EXHAUSTED_PRIMALITY_UNASSIGNED,GF3A_DIRECTIONAL_WRITE_EXHAUSTED_PRIMALITY_UNASSIGNED,514,512,512,NO_RECORDED_FACTOR_PRP_OR_LL_RESULT_AND_NO_ACTIVE_GIMPS_ASSIGNMENT,2026-08-08T14:01:06+00:00,UNALLOCATED,,,,,
SLCMP585-2877,2877,2877,288643447,2^288643447-1,STRUCTURAL_SCREEN_EXHAUSTED_PRIMALITY_UNASSIGNED,GF3A_DIRECTIONAL_WRITE_EXHAUSTED_PRIMALITY_UNASSIGNED,514,512,512,NO_RECORDED_FACTOR_PRP_OR_LL_RESULT_AND_NO_ACTIVE_GIMPS_ASSIGNMENT,2026-08-08T14:01:06+00:00,UNALLOCATED,,,,,
SLCMP585-2878,2878,2878,288643483,2^288643483-1,STRUCTURAL_SCREEN_EXHAUSTED_PRIMALITY_UNASSIGNED,GF3A_DIRECTIONAL_WRITE_EXHAUSTED_PRIMALITY_UNASSIGNED,514,512,512,NO_RECORDED_FACTOR_PRP_OR_LL_RESULT_AND_NO_ACTIVE_GIMPS_ASSIGNMENT,2026-08-08T14:01:06+00:00,UNALLOCATED,,,,,
SLCMP585-2879,2879,2879,288643489,2^288643489-1,STRUCTURAL_SCREEN_EXHAUSTED_PRIMALITY_UNASSIGNED,GF3A_DIRECTIONAL_WRITE_EXHAUSTED_PRIMALITY_UNASSIGNED,513,512,512,NO_RECORDED_FACTOR_PRP_OR_LL_RESULT_AND_NO_ACTIVE_GIMPS_ASSIGNMENT,2026-08-08T14:01:06+00:00,UNALLOCATED,,,,,
SLCMP585-2880,2880,2880,288643499,2^288643499-1,STRUCTURAL_SCREEN_EXHAUSTED_PRIMALITY_UNASSIGNED,GF3A_DIRECTIONAL_WRITE_EXHAUSTED_PRIMALITY_UNASSIGNED,514,512,512,NO_RECORDED_FACTOR_PRP_OR_LL_RESULT_AND_NO_ACTIVE_GIMPS_ASSIGNMENT,2026-08-08T14:01:06+00:00,UNALLOCATED,,,,,
SLCMP585-2881,2881,2881,288643541,2^288643541-1,STRUCTURAL_SCREEN_EXHAUSTED_PRIMALITY_UNASSIGNED,GF3A_DIRECTIONAL_WRITE_EXHAUSTED_PRIMALITY_UNASSIGNED,513,512,512,NO_RECORDED_FACTOR_PRP_OR_LL_RESULT_AND_NO_ACTIVE_GIMPS_ASSIGNMENT,2026-08-08T14:01:06+00:00,UNALLOCATED,,,,,
SLCMP585-2882,2882,2882,288643577,2^288643577-1,STRUCTURAL_SCREEN_EXHAUSTED_PRIMALITY_UNASSIGNED,GF3A_DIRECTIONAL_WRITE_EXHAUSTED_PRIMALITY_UNASSIGNED,513,512,512,NO_RECORDED_FACTOR_PRP_OR_LL_RESULT_AND_NO_ACTIVE_GIMPS_ASSIGNMENT,2026-08-08T14:01:06+00:00,UNALLOCATED,,,,,
SLCMP585-2883,2883,2883,288643609,2^288643609-1,STRUCTURAL_SCREEN_EXHAUSTED_PRIMALITY_UNASSIGNED,GF3A_DIRECTIONAL_WRITE_EXHAUSTED_PRIMALITY_UNASSIGNED,513,512,512,NO_RECORDED_FACTOR_PRP_OR_LL_RESULT_AND_NO_ACTIVE_GIMPS_ASSIGNMENT,2026-08-08T14:01:06+00:00,UNALLOCATED,,,,,
SLCMP585-2884,2884,2884,288643633,2^288643633-1,STRUCTURAL_SCREEN_EXHAUSTED_PRIMALITY_UNASSIGNED,GF3A_DIRECTIONAL_WRITE_EXHAUSTED_PRIMALITY_UNASSIGNED,513,512,512,NO_RECORDED_FACTOR_PRP_OR_LL_RESULT_AND_NO_ACTIVE_GIMPS_ASSIGNMENT,2026-08-08T14:01:06+00:00,UNALLOCATED,,,,,
SLCMP585-2885,2885,2885,288643657,2^288643657-1,STRUCTURAL_SCREEN_EXHAUSTED_PRIMALITY_UNASSIGNED,GF3A_DIRECTIONAL_WRITE_EXHAUSTED_PRIMALITY_UNASSIGNED,513,512,512,NO_RECORDED_FACTOR_PRP_OR_LL_RESULT_AND_NO_ACTIVE_GIMPS_ASSIGNMENT,2026-08-08T14:01:06+00:00,UNALLOCATED,,,,,
SLCMP585-2886,2886,2886,288643703,2^288643703-1,STRUCTURAL_SCREEN_EXHAUSTED_PRIMALITY_UNASSIGNED,GF3A_DIRECTIONAL_WRITE_EXHAUSTED_PRIMALITY_UNASSIGNED,514,512,512,NO_RECORDED_FACTOR_PRP_OR_LL_RESULT_AND_NO_ACTIVE_GIMPS_ASSIGNMENT,2026-08-08T14:01:06+00:00,UNALLOCATED,,,,,
SLCMP585-2887,2887,2887,288643727,2^288643727-1,STRUCTURAL_SCREEN_EXHAUSTED_PRIMALITY_UNASSIGNED,GF3A_DIRECTIONAL_WRITE_EXHAUSTED_PRIMALITY_UNASSIGNED,514,512,512,NO_RECORDED_FACTOR_PRP_OR_LL_RESULT_AND_NO_ACTIVE_GIMPS_ASSIGNMENT,2026-08-08T14:01:06+00:00,UNALLOCATED,,,,,
SLCMP585-2888,2888,2888,288643781,2^288643781-1,STRUCTURAL_SCREEN_EXHAUSTED_PRIMALITY_UNASSIGNED,GF3A_DIRECTIONAL_WRITE_EXHAUSTED_PRIMALITY_UNASSIGNED,513,512,512,NO_RECORDED_FACTOR_PRP_OR_LL_RESULT_AND_NO_ACTIVE_GIMPS_ASSIGNMENT,2026-08-08T14:01:06+00:00,UNALLOCATED,,,,,
SLCMP585-2889,2889,2889,288643783,2^288643783-1,STRUCTURAL_SCREEN_EXHAUSTED_PRIMALITY_UNASSIGNED,GF3A_DIRECTIONAL_WRITE_EXHAUSTED_PRIMALITY_UNASSIGNED,514,512,512,NO_RECORDED_FACTOR_PRP_OR_LL_RESULT_AND_NO_ACTIVE_GIMPS_ASSIGNMENT,2026-08-08T14:01:06+00:00,UNALLOCATED,,,,,
SLCMP585-2890,2890,2890,288643879,2^288643879-1,STRUCTURAL_SCREEN_EXHAUSTED_PRIMALITY_UNASSIGNED,GF3A_DIRECTIONAL_WRITE_EXHAUSTED_PRIMALITY_UNASSIGNED,514,512,512,NO_RECORDED_FACTOR_PRP_OR_LL_RESULT_AND_NO_ACTIVE_GIMPS_ASSIGNMENT,2026-08-08T14:01:06+00:00,UNALLOCATED,,,,,
SLCMP585-2891,2891,2891,288643913,2^288643913-1,STRUCTURAL_SCREEN_EXHAUSTED_PRIMALITY_UNASSIGNED,GF3A_DIRECTIONAL_WRITE_EXHAUSTED_PRIMALITY_UNASSIGNED,513,512,512,NO_RECORDED_FACTOR_PRP_OR_LL_RESULT_AND_NO_ACTIVE_GIMPS_ASSIGNMENT,2026-08-08T14:01:06+00:00,UNALLOCATED,,,,,
SLCMP585-2892,2892,2892,288644021,2^288644021-1,STRUCTURAL_SCREEN_EXHAUSTED_PRIMALITY_UNASSIGNED,GF3A_DIRECTIONAL_WRITE_EXHAUSTED_PRIMALITY_UNASSIGNED,513,512,512,NO_RECORDED_FACTOR_PRP_OR_LL_RESULT_AND_NO_ACTIVE_GIMPS_ASSIGNMENT,2026-08-08T14:01:06+00:00,UNALLOCATED,,,,,
SLCMP585-2893,2893,2893,288644063,2^288644063-1,STRUCTURAL_SCREEN_EXHAUSTED_PRIMALITY_UNASSIGNED,GF3A_DIRECTIONAL_WRITE_EXHAUSTED_PRIMALITY_UNASSIGNED,514,512,512,NO_RECORDED_FACTOR_PRP_OR_LL_RESULT_AND_NO_ACTIVE_GIMPS_ASSIGNMENT,2026-08-08T14:01:06+00:00,UNALLOCATED,,,,,
SLCMP585-2894,2894,2894,288644077,2^288644077-1,STRUCTURAL_SCREEN_EXHAUSTED_PRIMALITY_UNASSIGNED,GF3A_DIRECTIONAL_WRITE_EXHAUSTED_PRIMALITY_UNASSIGNED,513,512,512,NO_RECORDED_FACTOR_PRP_OR_LL_RESULT_AND_NO_ACTIVE_GIMPS_ASSIGNMENT,2026-08-08T14:01:06+00:00,UNALLOCATED,,,,,
SLCMP585-2895,2895,2895,288644101,2^288644101-1,STRUCTURAL_SCREEN_EXHAUSTED_PRIMALITY_UNASSIGNED,GF3A_DIRECTIONAL_WRITE_EXHAUSTED_PRIMALITY_UNASSIGNED,513,512,512,NO_RECORDED_FACTOR_PRP_OR_LL_RESULT_AND_NO_ACTIVE_GIMPS_ASSIGNMENT,2026-08-08T14:01:06+00:00,UNALLOCATED,,,,,
SLCMP585-2896,2896,2896,288644113,2^288644113-1,STRUCTURAL_SCREEN_EXHAUSTED_PRIMALITY_UNASSIGNED,GF3A_DIRECTIONAL_WRITE_EXHAUSTED_PRIMALITY_UNASSIGNED,513,512,512,NO_RECORDED_FACTOR_PRP_OR_LL_RESULT_AND_NO_ACTIVE_GIMPS_ASSIGNMENT,2026-08-08T14:01:06+00:00,UNALLOCATED,,,,,
SLCMP585-2897,2897,2897,288644119,2^288644119-1,STRUCTURAL_SCREEN_EXHAUSTED_PRIMALITY_UNASSIGNED,GF3A_DIRECTIONAL_WRITE_EXHAUSTED_PRIMALITY_UNASSIGNED,514,512,512,NO_RECORDED_FACTOR_PRP_OR_LL_RESULT_AND_NO_ACTIVE_GIMPS_ASSIGNMENT,2026-08-08T14:01:06+00:00,UNALLOCATED,,,,,
SLCMP585-2898,2898,2898,288644129,2^288644129-1,STRUCTURAL_SCREEN_EXHAUSTED_PRIMALITY_UNASSIGNED,GF3A_DIRECTIONAL_WRITE_EXHAUSTED_PRIMALITY_UNASSIGNED,513,512,512,NO_RECORDED_FACTOR_PRP_OR_LL_RESULT_AND_NO_ACTIVE_GIMPS_ASSIGNMENT,2026-08-08T14:01:06+00:00,UNALLOCATED,,,,,
SLCMP585-2899,2899,2899,288644137,2^288644137-1,STRUCTURAL_SCREEN_EXHAUSTED_PRIMALITY_UNASSIGNED,GF3A_DIRECTIONAL_WRITE_EXHAUSTED_PRIMALITY_UNASSIGNED,513,512,512,NO_RECORDED_FACTOR_PRP_OR_LL_RESULT_AND_NO_ACTIVE_GIMPS_ASSIGNMENT,2026-08-08T14:01:06+00:00,UNALLOCATED,,,,,
SLCMP585-2900,2900,2900,288644159,2^288644159-1,STRUCTURAL_SCREEN_EXHAUSTED_PRIMALITY_UNASSIGNED,GF3A_DIRECTIONAL_WRITE_EXHAUSTED_PRIMALITY_UNASSIGNED,514,512,512,NO_RECORDED_FACTOR_PRP_OR_LL_RESULT_AND_NO_ACTIVE_GIMPS_ASSIGNMENT,2026-08-08T14:01:06+00:00,UNALLOCATED,,,,,
SLCMP585-2901,2901,2901,288644231,2^288644231-1,STRUCTURAL_SCREEN_EXHAUSTED_PRIMALITY_UNASSIGNED,GF3A_DIRECTIONAL_WRITE_EXHAUSTED_PRIMALITY_UNASSIGNED,514,512,512,NO_RECORDED_FACTOR_PRP_OR_LL_RESULT_AND_NO_ACTIVE_GIMPS_ASSIGNMENT,2026-08-08T14:01:06+00:00,UNALLOCATED,,,,,
SLCMP585-2902,2902,2902,288644233,2^288644233-1,STRUCTURAL_SCREEN_EXHAUSTED_PRIMALITY_UNASSIGNED,GF3A_DIRECTIONAL_WRITE_EXHAUSTED_PRIMALITY_UNASSIGNED,513,512,512,NO_RECORDED_FACTOR_PRP_OR_LL_RESULT_AND_NO_ACTIVE_GIMPS_ASSIGNMENT,2026-08-08T14:01:06+00:00,UNALLOCATED,,,,,
SLCMP585-2903,2903,2903,288644243,2^288644243-1,STRUCTURAL_SCREEN_EXHAUSTED_PRIMALITY_UNASSIGNED,GF3A_DIRECTIONAL_WRITE_EXHAUSTED_PRIMALITY_UNASSIGNED,514,512,512,NO_RECORDED_FACTOR_PRP_OR_LL_RESULT_AND_NO_ACTIVE_GIMPS_ASSIGNMENT,2026-08-08T14:01:06+00:00,UNALLOCATED,,,,,
SLCMP585-2904,2904,2904,288644261,2^288644261-1,STRUCTURAL_SCREEN_EXHAUSTED_PRIMALITY_UNASSIGNED,GF3A_DIRECTIONAL_WRITE_EXHAUSTED_PRIMALITY_UNASSIGNED,513,512,512,NO_RECORDED_FACTOR_PRP_OR_LL_RESULT_AND_NO_ACTIVE_GIMPS_ASSIGNMENT,2026-08-08T14:01:06+00:00,UNALLOCATED,,,,,
SLCMP585-2905,2905,2905,288644311,2^288644311-1,STRUCTURAL_SCREEN_EXHAUSTED_PRIMALITY_UNASSIGNED,GF3A_DIRECTIONAL_WRITE_EXHAUSTED_PRIMALITY_UNASSIGNED,514,512,512,NO_RECORDED_FACTOR_PRP_OR_LL_RESULT_AND_NO_ACTIVE_GIMPS_ASSIGNMENT,2026-08-08T14:01:06+00:00,UNALLOCATED,,,,,
SLCMP585-2906,2906,2906,288644339,2^288644339-1,STRUCTURAL_SCREEN_EXHAUSTED_PRIMALITY_UNASSIGNED,GF3A_DIRECTIONAL_WRITE_EXHAUSTED_PRIMALITY_UNASSIGNED,514,512,512,NO_RECORDED_FACTOR_PRP_OR_LL_RESULT_AND_NO_ACTIVE_GIMPS_ASSIGNMENT,2026-08-08T14:01:06+00:00,UNALLOCATED,,,,,
SLCMP585-2907,2907,2907,288644359,2^288644359-1,STRUCTURAL_SCREEN_EXHAUSTED_PRIMALITY_UNASSIGNED,GF3A_DIRECTIONAL_WRITE_EXHAUSTED_PRIMALITY_UNASSIGNED,514,512,512,NO_RECORDED_FACTOR_PRP_OR_LL_RESULT_AND_NO_ACTIVE_GIMPS_ASSIGNMENT,2026-08-08T14:01:06+00:00,UNALLOCATED,,,,,
SLCMP585-2908,2908,2908,288644393,2^288644393-1,STRUCTURAL_SCREEN_EXHAUSTED_PRIMALITY_UNASSIGNED,GF3A_DIRECTIONAL_WRITE_EXHAUSTED_PRIMALITY_UNASSIGNED,513,512,512,NO_RECORDED_FACTOR_PRP_OR_LL_RESULT_AND_NO_ACTIVE_GIMPS_ASSIGNMENT,2026-08-08T14:01:06+00:00,UNALLOCATED,,,,,
SLCMP585-2909,2909,2909,288644563,2^288644563-1,STRUCTURAL_SCREEN_EXHAUSTED_PRIMALITY_UNASSIGNED,GF3A_DIRECTIONAL_WRITE_EXHAUSTED_PRIMALITY_UNASSIGNED,514,512,512,NO_RECORDED_FACTOR_PRP_OR_LL_RESULT_AND_NO_ACTIVE_GIMPS_ASSIGNMENT,2026-08-08T14:01:06+00:00,UNALLOCATED,,,,,
SLCMP585-2910,2910,2910,288644621,2^288644621-1,STRUCTURAL_SCREEN_EXHAUSTED_PRIMALITY_UNASSIGNED,GF3A_DIRECTIONAL_WRITE_EXHAUSTED_PRIMALITY_UNASSIGNED,513,512,512,NO_RECORDED_FACTOR_PRP_OR_LL_RESULT_AND_NO_ACTIVE_GIMPS_ASSIGNMENT,2026-08-08T14:01:06+00:00,UNALLOCATED,,,,,
SLCMP585-2911,2911,2911,288644669,2^288644669-1,STRUCTURAL_SCREEN_EXHAUSTED_PRIMALITY_UNASSIGNED,GF3A_DIRECTIONAL_WRITE_EXHAUSTED_PRIMALITY_UNASSIGNED,513,512,512,NO_RECORDED_FACTOR_PRP_OR_LL_RESULT_AND_NO_ACTIVE_GIMPS_ASSIGNMENT,2026-08-08T14:01:06+00:00,UNALLOCATED,,,,,
SLCMP585-2912,2912,2912,288644677,2^288644677-1,STRUCTURAL_SCREEN_EXHAUSTED_PRIMALITY_UNASSIGNED,GF3A_DIRECTIONAL_WRITE_EXHAUSTED_PRIMALITY_UNASSIGNED,513,512,512,NO_RECORDED_FACTOR_PRP_OR_LL_RESULT_AND_NO_ACTIVE_GIMPS_ASSIGNMENT,2026-08-08T14:01:06+00:00,UNALLOCATED,,,,,
SLCMP585-2913,2913,2913,288644771,2^288644771-1,STRUCTURAL_SCREEN_EXHAUSTED_PRIMALITY_UNASSIGNED,GF3A_DIRECTIONAL_WRITE_EXHAUSTED_PRIMALITY_UNASSIGNED,514,512,512,NO_RECORDED_FACTOR_PRP_OR_LL_RESULT_AND_NO_ACTIVE_GIMPS_ASSIGNMENT,2026-08-08T14:01:06+00:00,UNALLOCATED,,,,,
SLCMP585-2914,2914,2914,288644833,2^288644833-1,STRUCTURAL_SCREEN_EXHAUSTED_PRIMALITY_UNASSIGNED,GF3A_DIRECTIONAL_WRITE_EXHAUSTED_PRIMALITY_UNASSIGNED,513,512,512,NO_RECORDED_FACTOR_PRP_OR_LL_RESULT_AND_NO_ACTIVE_GIMPS_ASSIGNMENT,2026-08-08T14:01:06+00:00,UNALLOCATED,,,,,
SLCMP585-2915,2915,2915,288644869,2^288644869-1,STRUCTURAL_SCREEN_EXHAUSTED_PRIMALITY_UNASSIGNED,GF3A_DIRECTIONAL_WRITE_EXHAUSTED_PRIMALITY_UNASSIGNED,513,512,512,NO_RECORDED_FACTOR_PRP_OR_LL_RESULT_AND_NO_ACTIVE_GIMPS_ASSIGNMENT,2026-08-08T14:01:06+00:00,UNALLOCATED,,,,,
SLCMP585-2916,2916,2916,288644897,2^288644897-1,STRUCTURAL_SCREEN_EXHAUSTED_PRIMALITY_UNASSIGNED,GF3A_DIRECTIONAL_WRITE_EXHAUSTED_PRIMALITY_UNASSIGNED,513,512,512,NO_RECORDED_FACTOR_PRP_OR_LL_RESULT_AND_NO_ACTIVE_GIMPS_ASSIGNMENT,2026-08-08T14:01:06+00:00,UNALLOCATED,,,,,
SLCMP585-2917,2917,2917,288644929,2^288644929-1,STRUCTURAL_SCREEN_EXHAUSTED_PRIMALITY_UNASSIGNED,GF3A_DIRECTIONAL_WRITE_EXHAUSTED_PRIMALITY_UNASSIGNED,513,512,512,NO_RECORDED_FACTOR_PRP_OR_LL_RESULT_AND_NO_ACTIVE_GIMPS_ASSIGNMENT,2026-08-08T14:01:06+00:00,UNALLOCATED,,,,,
SLCMP585-2918,2918,2918,288644959,2^288644959-1,STRUCTURAL_SCREEN_EXHAUSTED_PRIMALITY_UNASSIGNED,GF3A_DIRECTIONAL_WRITE_EXHAUSTED_PRIMALITY_UNASSIGNED,514,512,512,NO_RECORDED_FACTOR_PRP_OR_LL_RESULT_AND_NO_ACTIVE_GIMPS_ASSIGNMENT,2026-08-08T14:01:06+00:00,UNALLOCATED,,,,,
SLCMP585-2919,2919,2919,288645011,2^288645011-1,STRUCTURAL_SCREEN_EXHAUSTED_PRIMALITY_UNASSIGNED,GF3A_DIRECTIONAL_WRITE_EXHAUSTED_PRIMALITY_UNASSIGNED,514,512,512,NO_RECORDED_FACTOR_PRP_OR_LL_RESULT_AND_NO_ACTIVE_GIMPS_ASSIGNMENT,2026-08-08T14:01:06+00:00,UNALLOCATED,,,,,
SLCMP585-2920,2920,2920,288645073,2^288645073-1,STRUCTURAL_SCREEN_EXHAUSTED_PRIMALITY_UNASSIGNED,GF3A_DIRECTIONAL_WRITE_EXHAUSTED_PRIMALITY_UNASSIGNED,513,512,512,NO_RECORDED_FACTOR_PRP_OR_LL_RESULT_AND_NO_ACTIVE_GIMPS_ASSIGNMENT,2026-08-08T14:01:06+00:00,UNALLOCATED,,,,,
SLCMP585-2921,2921,2921,288645151,2^288645151-1,STRUCTURAL_SCREEN_EXHAUSTED_PRIMALITY_UNASSIGNED,GF3A_DIRECTIONAL_WRITE_EXHAUSTED_PRIMALITY_UNASSIGNED,514,512,512,NO_RECORDED_FACTOR_PRP_OR_LL_RESULT_AND_NO_ACTIVE_GIMPS_ASSIGNMENT,2026-08-08T14:01:06+00:00,UNALLOCATED,,,,,
SLCMP585-2922,2922,2922,288645191,2^288645191-1,STRUCTURAL_SCREEN_EXHAUSTED_PRIMALITY_UNASSIGNED,GF3A_DIRECTIONAL_WRITE_EXHAUSTED_PRIMALITY_UNASSIGNED,514,512,512,NO_RECORDED_FACTOR_PRP_OR_LL_RESULT_AND_NO_ACTIVE_GIMPS_ASSIGNMENT,2026-08-08T14:01:06+00:00,UNALLOCATED,,,,,
SLCMP585-2923,2923,2923,288645209,2^288645209-1,STRUCTURAL_SCREEN_EXHAUSTED_PRIMALITY_UNASSIGNED,GF3A_DIRECTIONAL_WRITE_EXHAUSTED_PRIMALITY_UNASSIGNED,513,512,512,NO_RECORDED_FACTOR_PRP_OR_LL_RESULT_AND_NO_ACTIVE_GIMPS_ASSIGNMENT,2026-08-08T14:01:06+00:00,UNALLOCATED,,,,,
SLCMP585-2924,2924,2924,288645341,2^288645341-1,STRUCTURAL_SCREEN_EXHAUSTED_PRIMALITY_UNASSIGNED,GF3A_DIRECTIONAL_WRITE_EXHAUSTED_PRIMALITY_UNASSIGNED,513,512,512,NO_RECORDED_FACTOR_PRP_OR_LL_RESULT_AND_NO_ACTIVE_GIMPS_ASSIGNMENT,2026-08-08T14:01:06+00:00,UNALLOCATED,,,,,
SLCMP585-2925,2925,2925,288645349,2^288645349-1,STRUCTURAL_SCREEN_EXHAUSTED_PRIMALITY_UNASSIGNED,GF3A_DIRECTIONAL_WRITE_EXHAUSTED_PRIMALITY_UNASSIGNED,513,512,512,NO_RECORDED_FACTOR_PRP_OR_LL_RESULT_AND_NO_ACTIVE_GIMPS_ASSIGNMENT,2026-08-08T14:01:06+00:00,UNALLOCATED,,,,,
SLCMP585-2926,2926,2926,288645389,2^288645389-1,STRUCTURAL_SCREEN_EXHAUSTED_PRIMALITY_UNASSIGNED,GF3A_DIRECTIONAL_WRITE_EXHAUSTED_PRIMALITY_UNASSIGNED,513,512,512,NO_RECORDED_FACTOR_PRP_OR_LL_RESULT_AND_NO_ACTIVE_GIMPS_ASSIGNMENT,2026-08-08T14:01:06+00:00,UNALLOCATED,,,,,
SLCMP585-2927,2927,2927,288645403,2^288645403-1,STRUCTURAL_SCREEN_EXHAUSTED_PRIMALITY_UNASSIGNED,GF3A_DIRECTIONAL_WRITE_EXHAUSTED_PRIMALITY_UNASSIGNED,514,512,512,NO_RECORDED_FACTOR_PRP_OR_LL_RESULT_AND_NO_ACTIVE_GIMPS_ASSIGNMENT,2026-08-08T14:01:06+00:00,UNALLOCATED,,,,,
SLCMP585-2928,2928,2928,288645451,2^288645451-1,STRUCTURAL_SCREEN_EXHAUSTED_PRIMALITY_UNASSIGNED,GF3A_DIRECTIONAL_WRITE_EXHAUSTED_PRIMALITY_UNASSIGNED,514,512,512,NO_RECORDED_FACTOR_PRP_OR_LL_RESULT_AND_NO_ACTIVE_GIMPS_ASSIGNMENT,2026-08-08T14:01:06+00:00,UNALLOCATED,,,,,
SLCMP585-2929,2929,2929,288645481,2^288645481-1,STRUCTURAL_SCREEN_EXHAUSTED_PRIMALITY_UNASSIGNED,GF3A_DIRECTIONAL_WRITE_EXHAUSTED_PRIMALITY_UNASSIGNED,513,512,512,NO_RECORDED_FACTOR_PRP_OR_LL_RESULT_AND_NO_ACTIVE_GIMPS_ASSIGNMENT,2026-08-08T14:01:06+00:00,UNALLOCATED,,,,,
SLCMP585-2930,2930,2930,288645493,2^288645493-1,STRUCTURAL_SCREEN_EXHAUSTED_PRIMALITY_UNASSIGNED,GF3A_DIRECTIONAL_WRITE_EXHAUSTED_PRIMALITY_UNASSIGNED,513,512,512,NO_RECORDED_FACTOR_PRP_OR_LL_RESULT_AND_NO_ACTIVE_GIMPS_ASSIGNMENT,2026-08-08T14:01:06+00:00,UNALLOCATED,,,,,
SLCMP585-2931,2931,2931,288645527,2^288645527-1,STRUCTURAL_SCREEN_EXHAUSTED_PRIMALITY_UNASSIGNED,GF3A_DIRECTIONAL_WRITE_EXHAUSTED_PRIMALITY_UNASSIGNED,514,512,512,NO_RECORDED_FACTOR_PRP_OR_LL_RESULT_AND_NO_ACTIVE_GIMPS_ASSIGNMENT,2026-08-08T14:01:06+00:00,UNALLOCATED,,,,,
SLCMP585-2932,2932,2932,288645563,2^288645563-1,STRUCTURAL_SCREEN_EXHAUSTED_PRIMALITY_UNASSIGNED,GF3A_DIRECTIONAL_WRITE_EXHAUSTED_PRIMALITY_UNASSIGNED,514,512,512,NO_RECORDED_FACTOR_PRP_OR_LL_RESULT_AND_NO_ACTIVE_GIMPS_ASSIGNMENT,2026-08-08T14:01:06+00:00,UNALLOCATED,,,,,
SLCMP585-2933,2933,2933,288645583,2^288645583-1,STRUCTURAL_SCREEN_EXHAUSTED_PRIMALITY_UNASSIGNED,GF3A_DIRECTIONAL_WRITE_EXHAUSTED_PRIMALITY_UNASSIGNED,514,512,512,NO_RECORDED_FACTOR_PRP_OR_LL_RESULT_AND_NO_ACTIVE_GIMPS_ASSIGNMENT,2026-08-08T14:01:06+00:00,UNALLOCATED,,,,,
SLCMP585-2934,2934,2934,288645683,2^288645683-1,STRUCTURAL_SCREEN_EXHAUSTED_PRIMALITY_UNASSIGNED,GF3A_DIRECTIONAL_WRITE_EXHAUSTED_PRIMALITY_UNASSIGNED,514,512,512,NO_RECORDED_FACTOR_PRP_OR_LL_RESULT_AND_NO_ACTIVE_GIMPS_ASSIGNMENT,2026-08-08T14:01:06+00:00,UNALLOCATED,,,,,
SLCMP585-2935,2935,2935,288645751,2^288645751-1,STRUCTURAL_SCREEN_EXHAUSTED_PRIMALITY_UNASSIGNED,GF3A_DIRECTIONAL_WRITE_EXHAUSTED_PRIMALITY_UNASSIGNED,514,512,512,NO_RECORDED_FACTOR_PRP_OR_LL_RESULT_AND_NO_ACTIVE_GIMPS_ASSIGNMENT,2026-08-08T14:01:06+00:00,UNALLOCATED,,,,,
SLCMP585-2936,2936,2936,288645887,2^288645887-1,STRUCTURAL_SCREEN_EXHAUSTED_PRIMALITY_UNASSIGNED,GF3A_DIRECTIONAL_WRITE_EXHAUSTED_PRIMALITY_UNASSIGNED,514,512,512,NO_RECORDED_FACTOR_PRP_OR_LL_RESULT_AND_NO_ACTIVE_GIMPS_ASSIGNMENT,2026-08-08T14:01:06+00:00,UNALLOCATED,,,,,
SLCMP585-2937,2937,2937,288646037,2^288646037-1,STRUCTURAL_SCREEN_EXHAUSTED_PRIMALITY_UNASSIGNED,GF3A_DIRECTIONAL_WRITE_EXHAUSTED_PRIMALITY_UNASSIGNED,513,512,512,NO_RECORDED_FACTOR_PRP_OR_LL_RESULT_AND_NO_ACTIVE_GIMPS_ASSIGNMENT,2026-08-08T14:01:06+00:00,UNALLOCATED,,,,,
SLCMP585-2938,2938,2938,288646049,2^288646049-1,STRUCTURAL_SCREEN_EXHAUSTED_PRIMALITY_UNASSIGNED,GF3A_DIRECTIONAL_WRITE_EXHAUSTED_PRIMALITY_UNASSIGNED,513,512,512,NO_RECORDED_FACTOR_PRP_OR_LL_RESULT_AND_NO_ACTIVE_GIMPS_ASSIGNMENT,2026-08-08T14:01:06+00:00,UNALLOCATED,,,,,
SLCMP585-2939,2939,2939,288646091,2^288646091-1,STRUCTURAL_SCREEN_EXHAUSTED_PRIMALITY_UNASSIGNED,GF3A_DIRECTIONAL_WRITE_EXHAUSTED_PRIMALITY_UNASSIGNED,514,512,512,NO_RECORDED_FACTOR_PRP_OR_LL_RESULT_AND_NO_ACTIVE_GIMPS_ASSIGNMENT,2026-08-08T14:01:06+00:00,UNALLOCATED,,,,,
SLCMP585-2940,2940,2940,288646123,2^288646123-1,STRUCTURAL_SCREEN_EXHAUSTED_PRIMALITY_UNASSIGNED,GF3A_DIRECTIONAL_WRITE_EXHAUSTED_PRIMALITY_UNASSIGNED,514,512,512,NO_RECORDED_FACTOR_PRP_OR_LL_RESULT_AND_NO_ACTIVE_GIMPS_ASSIGNMENT,2026-08-08T14:01:06+00:00,UNALLOCATED,,,,,
SLCMP585-2941,2941,2941,288646187,2^288646187-1,STRUCTURAL_SCREEN_EXHAUSTED_PRIMALITY_UNASSIGNED,GF3A_DIRECTIONAL_WRITE_EXHAUSTED_PRIMALITY_UNASSIGNED,514,512,512,NO_RECORDED_FACTOR_PRP_OR_LL_RESULT_AND_NO_ACTIVE_GIMPS_ASSIGNMENT,2026-08-08T14:01:06+00:00,UNALLOCATED,,,,,
SLCMP585-2942,2942,2942,288646217,2^288646217-1,STRUCTURAL_SCREEN_EXHAUSTED_PRIMALITY_UNASSIGNED,GF3A_DIRECTIONAL_WRITE_EXHAUSTED_PRIMALITY_UNASSIGNED,513,512,512,NO_RECORDED_FACTOR_PRP_OR_LL_RESULT_AND_NO_ACTIVE_GIMPS_ASSIGNMENT,2026-08-08T14:01:06+00:00,UNALLOCATED,,,,,
SLCMP585-2943,2943,2943,288646219,2^288646219-1,STRUCTURAL_SCREEN_EXHAUSTED_PRIMALITY_UNASSIGNED,GF3A_DIRECTIONAL_WRITE_EXHAUSTED_PRIMALITY_UNASSIGNED,514,512,512,NO_RECORDED_FACTOR_PRP_OR_LL_RESULT_AND_NO_ACTIVE_GIMPS_ASSIGNMENT,2026-08-08T14:01:06+00:00,UNALLOCATED,,,,,
SLCMP585-2944,2944,2944,288646277,2^288646277-1,STRUCTURAL_SCREEN_EXHAUSTED_PRIMALITY_UNASSIGNED,GF3A_DIRECTIONAL_WRITE_EXHAUSTED_PRIMALITY_UNASSIGNED,513,512,512,NO_RECORDED_FACTOR_PRP_OR_LL_RESULT_AND_NO_ACTIVE_GIMPS_ASSIGNMENT,2026-08-08T14:01:06+00:00,UNALLOCATED,,,,,
SLCMP585-2945,2945,2945,288646333,2^288646333-1,STRUCTURAL_SCREEN_EXHAUSTED_PRIMALITY_UNASSIGNED,GF3A_DIRECTIONAL_WRITE_EXHAUSTED_PRIMALITY_UNASSIGNED,513,512,512,NO_RECORDED_FACTOR_PRP_OR_LL_RESULT_AND_NO_ACTIVE_GIMPS_ASSIGNMENT,2026-08-08T14:01:06+00:00,UNALLOCATED,,,,,
SLCMP585-2946,2946,2946,288646373,2^288646373-1,STRUCTURAL_SCREEN_EXHAUSTED_PRIMALITY_UNASSIGNED,GF3A_DIRECTIONAL_WRITE_EXHAUSTED_PRIMALITY_UNASSIGNED,513,512,512,NO_RECORDED_FACTOR_PRP_OR_LL_RESULT_AND_NO_ACTIVE_GIMPS_ASSIGNMENT,2026-08-08T14:01:06+00:00,UNALLOCATED,,,,,
SLCMP585-2947,2947,2947,288646387,2^288646387-1,STRUCTURAL_SCREEN_EXHAUSTED_PRIMALITY_UNASSIGNED,GF3A_DIRECTIONAL_WRITE_EXHAUSTED_PRIMALITY_UNASSIGNED,514,512,512,NO_RECORDED_FACTOR_PRP_OR_LL_RESULT_AND_NO_ACTIVE_GIMPS_ASSIGNMENT,2026-08-08T14:01:06+00:00,UNALLOCATED,,,,,
SLCMP585-2948,2948,2948,288646513,2^288646513-1,STRUCTURAL_SCREEN_EXHAUSTED_PRIMALITY_UNASSIGNED,GF3A_DIRECTIONAL_WRITE_EXHAUSTED_PRIMALITY_UNASSIGNED,513,512,512,NO_RECORDED_FACTOR_PRP_OR_LL_RESULT_AND_NO_ACTIVE_GIMPS_ASSIGNMENT,2026-08-08T14:01:06+00:00,UNALLOCATED,,,,,
SLCMP585-2949,2949,2949,288646531,2^288646531-1,STRUCTURAL_SCREEN_EXHAUSTED_PRIMALITY_UNASSIGNED,GF3A_DIRECTIONAL_WRITE_EXHAUSTED_PRIMALITY_UNASSIGNED,514,512,512,NO_RECORDED_FACTOR_PRP_OR_LL_RESULT_AND_NO_ACTIVE_GIMPS_ASSIGNMENT,2026-08-08T14:01:06+00:00,UNALLOCATED,,,,,
SLCMP585-2950,2950,2950,288646559,2^288646559-1,STRUCTURAL_SCREEN_EXHAUSTED_PRIMALITY_UNASSIGNED,GF3A_DIRECTIONAL_WRITE_EXHAUSTED_PRIMALITY_UNASSIGNED,514,512,512,NO_RECORDED_FACTOR_PRP_OR_LL_RESULT_AND_NO_ACTIVE_GIMPS_ASSIGNMENT,2026-08-08T14:01:06+00:00,UNALLOCATED,,,,,
SLCMP585-2951,2951,2951,288646643,2^288646643-1,STRUCTURAL_SCREEN_EXHAUSTED_PRIMALITY_UNASSIGNED,GF3A_DIRECTIONAL_WRITE_EXHAUSTED_PRIMALITY_UNASSIGNED,514,512,512,NO_RECORDED_FACTOR_PRP_OR_LL_RESULT_AND_NO_ACTIVE_GIMPS_ASSIGNMENT,2026-08-08T14:01:06+00:00,UNALLOCATED,,,,,
SLCMP585-2952,2952,2952,288646679,2^288646679-1,STRUCTURAL_SCREEN_EXHAUSTED_PRIMALITY_UNASSIGNED,GF3A_DIRECTIONAL_WRITE_EXHAUSTED_PRIMALITY_UNASSIGNED,514,512,512,NO_RECORDED_FACTOR_PRP_OR_LL_RESULT_AND_NO_ACTIVE_GIMPS_ASSIGNMENT,2026-08-08T14:01:06+00:00,UNALLOCATED,,,,,
SLCMP585-2953,2953,2953,288646697,2^288646697-1,STRUCTURAL_SCREEN_EXHAUSTED_PRIMALITY_UNASSIGNED,GF3A_DIRECTIONAL_WRITE_EXHAUSTED_PRIMALITY_UNASSIGNED,513,512,512,NO_RECORDED_FACTOR_PRP_OR_LL_RESULT_AND_NO_ACTIVE_GIMPS_ASSIGNMENT,2026-08-08T14:01:06+00:00,UNALLOCATED,,,,,
SLCMP585-2954,2954,2954,288646733,2^288646733-1,STRUCTURAL_SCREEN_EXHAUSTED_PRIMALITY_UNASSIGNED,GF3A_DIRECTIONAL_WRITE_EXHAUSTED_PRIMALITY_UNASSIGNED,513,512,512,NO_RECORDED_FACTOR_PRP_OR_LL_RESULT_AND_NO_ACTIVE_GIMPS_ASSIGNMENT,2026-08-08T14:01:06+00:00,UNALLOCATED,,,,,
SLCMP585-2955,2955,2955,288646769,2^288646769-1,STRUCTURAL_SCREEN_EXHAUSTED_PRIMALITY_UNASSIGNED,GF3A_DIRECTIONAL_WRITE_EXHAUSTED_PRIMALITY_UNASSIGNED,513,512,512,NO_RECORDED_FACTOR_PRP_OR_LL_RESULT_AND_NO_ACTIVE_GIMPS_ASSIGNMENT,2026-08-08T14:01:06+00:00,UNALLOCATED,,,,,
SLCMP585-2956,2956,2956,288646811,2^288646811-1,STRUCTURAL_SCREEN_EXHAUSTED_PRIMALITY_UNASSIGNED,GF3A_DIRECTIONAL_WRITE_EXHAUSTED_PRIMALITY_UNASSIGNED,514,512,512,NO_RECORDED_FACTOR_PRP_OR_LL_RESULT_AND_NO_ACTIVE_GIMPS_ASSIGNMENT,2026-08-08T14:01:06+00:00,UNALLOCATED,,,,,
SLCMP585-2957,2957,2957,288646873,2^288646873-1,STRUCTURAL_SCREEN_EXHAUSTED_PRIMALITY_UNASSIGNED,GF3A_DIRECTIONAL_WRITE_EXHAUSTED_PRIMALITY_UNASSIGNED,513,512,512,NO_RECORDED_FACTOR_PRP_OR_LL_RESULT_AND_NO_ACTIVE_GIMPS_ASSIGNMENT,2026-08-08T14:01:06+00:00,UNALLOCATED,,,,,
SLCMP585-2958,2958,2958,288646951,2^288646951-1,STRUCTURAL_SCREEN_EXHAUSTED_PRIMALITY_UNASSIGNED,GF3A_DIRECTIONAL_WRITE_EXHAUSTED_PRIMALITY_UNASSIGNED,514,512,512,NO_RECORDED_FACTOR_PRP_OR_LL_RESULT_AND_NO_ACTIVE_GIMPS_ASSIGNMENT,2026-08-08T14:01:06+00:00,UNALLOCATED,,,,,
SLCMP585-2959,2959,2959,288646999,2^288646999-1,STRUCTURAL_SCREEN_EXHAUSTED_PRIMALITY_UNASSIGNED,GF3A_DIRECTIONAL_WRITE_EXHAUSTED_PRIMALITY_UNASSIGNED,514,512,512,NO_RECORDED_FACTOR_PRP_OR_LL_RESULT_AND_NO_ACTIVE_GIMPS_ASSIGNMENT,2026-08-08T14:01:06+00:00,UNALLOCATED,,,,,
SLCMP585-2960,2960,2960,288647017,2^288647017-1,STRUCTURAL_SCREEN_EXHAUSTED_PRIMALITY_UNASSIGNED,GF3A_DIRECTIONAL_WRITE_EXHAUSTED_PRIMALITY_UNASSIGNED,513,512,512,NO_RECORDED_FACTOR_PRP_OR_LL_RESULT_AND_NO_ACTIVE_GIMPS_ASSIGNMENT,2026-08-08T14:01:06+00:00,UNALLOCATED,,,,,
SLCMP585-2961,2961,2961,288647111,2^288647111-1,STRUCTURAL_SCREEN_EXHAUSTED_PRIMALITY_UNASSIGNED,GF3A_DIRECTIONAL_WRITE_EXHAUSTED_PRIMALITY_UNASSIGNED,514,512,512,NO_RECORDED_FACTOR_PRP_OR_LL_RESULT_AND_NO_ACTIVE_GIMPS_ASSIGNMENT,2026-08-08T14:01:06+00:00,UNALLOCATED,,,,,
SLCMP585-2962,2962,2962,288647147,2^288647147-1,STRUCTURAL_SCREEN_EXHAUSTED_PRIMALITY_UNASSIGNED,GF3A_DIRECTIONAL_WRITE_EXHAUSTED_PRIMALITY_UNASSIGNED,514,512,512,NO_RECORDED_FACTOR_PRP_OR_LL_RESULT_AND_NO_ACTIVE_GIMPS_ASSIGNMENT,2026-08-08T14:01:06+00:00,UNALLOCATED,,,,,
SLCMP585-2963,2963,2963,288647167,2^288647167-1,STRUCTURAL_SCREEN_EXHAUSTED_PRIMALITY_UNASSIGNED,GF3A_DIRECTIONAL_WRITE_EXHAUSTED_PRIMALITY_UNASSIGNED,514,512,512,NO_RECORDED_FACTOR_PRP_OR_LL_RESULT_AND_NO_ACTIVE_GIMPS_ASSIGNMENT,2026-08-08T14:01:06+00:00,UNALLOCATED,,,,,
SLCMP585-2964,2964,2964,288647173,2^288647173-1,STRUCTURAL_SCREEN_EXHAUSTED_PRIMALITY_UNASSIGNED,GF3A_DIRECTIONAL_WRITE_EXHAUSTED_PRIMALITY_UNASSIGNED,513,512,512,NO_RECORDED_FACTOR_PRP_OR_LL_RESULT_AND_NO_ACTIVE_GIMPS_ASSIGNMENT,2026-08-08T14:01:06+00:00,UNALLOCATED,,,,,
SLCMP585-2965,2965,2965,288647207,2^288647207-1,STRUCTURAL_SCREEN_EXHAUSTED_PRIMALITY_UNASSIGNED,GF3A_DIRECTIONAL_WRITE_EXHAUSTED_PRIMALITY_UNASSIGNED,514,512,512,NO_RECORDED_FACTOR_PRP_OR_LL_RESULT_AND_NO_ACTIVE_GIMPS_ASSIGNMENT,2026-08-08T14:01:06+00:00,UNALLOCATED,,,,,
SLCMP585-2966,2966,2966,288647363,2^288647363-1,STRUCTURAL_SCREEN_EXHAUSTED_PRIMALITY_UNASSIGNED,GF3A_DIRECTIONAL_WRITE_EXHAUSTED_PRIMALITY_UNASSIGNED,514,512,512,NO_RECORDED_FACTOR_PRP_OR_LL_RESULT_AND_NO_ACTIVE_GIMPS_ASSIGNMENT,2026-08-08T14:01:06+00:00,UNALLOCATED,,,,,
SLCMP585-2967,2967,2967,288647377,2^288647377-1,STRUCTURAL_SCREEN_EXHAUSTED_PRIMALITY_UNASSIGNED,GF3A_DIRECTIONAL_WRITE_EXHAUSTED_PRIMALITY_UNASSIGNED,513,512,512,NO_RECORDED_FACTOR_PRP_OR_LL_RESULT_AND_NO_ACTIVE_GIMPS_ASSIGNMENT,2026-08-08T14:01:06+00:00,UNALLOCATED,,,,,
SLCMP585-2968,2968,2968,288647461,2^288647461-1,STRUCTURAL_SCREEN_EXHAUSTED_PRIMALITY_UNASSIGNED,GF3A_DIRECTIONAL_WRITE_EXHAUSTED_PRIMALITY_UNASSIGNED,513,512,512,NO_RECORDED_FACTOR_PRP_OR_LL_RESULT_AND_NO_ACTIVE_GIMPS_ASSIGNMENT,2026-08-08T14:01:06+00:00,UNALLOCATED,,,,,
SLCMP585-2969,2969,2969,288647521,2^288647521-1,STRUCTURAL_SCREEN_EXHAUSTED_PRIMALITY_UNASSIGNED,GF3A_DIRECTIONAL_WRITE_EXHAUSTED_PRIMALITY_UNASSIGNED,513,512,512,NO_RECORDED_FACTOR_PRP_OR_LL_RESULT_AND_NO_ACTIVE_GIMPS_ASSIGNMENT,2026-08-08T14:01:06+00:00,UNALLOCATED,,,,,
SLCMP585-2970,2970,2970,288647551,2^288647551-1,STRUCTURAL_SCREEN_EXHAUSTED_PRIMALITY_UNASSIGNED,GF3A_DIRECTIONAL_WRITE_EXHAUSTED_PRIMALITY_UNASSIGNED,514,512,512,NO_RECORDED_FACTOR_PRP_OR_LL_RESULT_AND_NO_ACTIVE_GIMPS_ASSIGNMENT,2026-08-08T14:01:06+00:00,UNALLOCATED,,,,,
SLCMP585-2971,2971,2971,288647561,2^288647561-1,STRUCTURAL_SCREEN_EXHAUSTED_PRIMALITY_UNASSIGNED,GF3A_DIRECTIONAL_WRITE_EXHAUSTED_PRIMALITY_UNASSIGNED,513,512,512,NO_RECORDED_FACTOR_PRP_OR_LL_RESULT_AND_NO_ACTIVE_GIMPS_ASSIGNMENT,2026-08-08T14:01:06+00:00,UNALLOCATED,,,,,
SLCMP585-2972,2972,2972,288647651,2^288647651-1,STRUCTURAL_SCREEN_EXHAUSTED_PRIMALITY_UNASSIGNED,GF3A_DIRECTIONAL_WRITE_EXHAUSTED_PRIMALITY_UNASSIGNED,514,512,512,NO_RECORDED_FACTOR_PRP_OR_LL_RESULT_AND_NO_ACTIVE_GIMPS_ASSIGNMENT,2026-08-08T14:01:06+00:00,UNALLOCATED,,,,,
SLCMP585-2973,2973,2973,288647803,2^288647803-1,STRUCTURAL_SCREEN_EXHAUSTED_PRIMALITY_UNASSIGNED,GF3A_DIRECTIONAL_WRITE_EXHAUSTED_PRIMALITY_UNASSIGNED,514,512,512,NO_RECORDED_FACTOR_PRP_OR_LL_RESULT_AND_NO_ACTIVE_GIMPS_ASSIGNMENT,2026-08-08T14:01:06+00:00,UNALLOCATED,,,,,
SLCMP585-2974,2974,2974,288647809,2^288647809-1,STRUCTURAL_SCREEN_EXHAUSTED_PRIMALITY_UNASSIGNED,GF3A_DIRECTIONAL_WRITE_EXHAUSTED_PRIMALITY_UNASSIGNED,513,512,512,NO_RECORDED_FACTOR_PRP_OR_LL_RESULT_AND_NO_ACTIVE_GIMPS_ASSIGNMENT,2026-08-08T14:01:06+00:00,UNALLOCATED,,,,,
SLCMP585-2975,2975,2975,288647813,2^288647813-1,STRUCTURAL_SCREEN_EXHAUSTED_PRIMALITY_UNASSIGNED,GF3A_DIRECTIONAL_WRITE_EXHAUSTED_PRIMALITY_UNASSIGNED,513,512,512,NO_RECORDED_FACTOR_PRP_OR_LL_RESULT_AND_NO_ACTIVE_GIMPS_ASSIGNMENT,2026-08-08T14:01:06+00:00,UNALLOCATED,,,,,
SLCMP585-2976,2976,2976,288647819,2^288647819-1,STRUCTURAL_SCREEN_EXHAUSTED_PRIMALITY_UNASSIGNED,GF3A_DIRECTIONAL_WRITE_EXHAUSTED_PRIMALITY_UNASSIGNED,514,512,512,NO_RECORDED_FACTOR_PRP_OR_LL_RESULT_AND_NO_ACTIVE_GIMPS_ASSIGNMENT,2026-08-08T14:01:06+00:00,UNALLOCATED,,,,,
SLCMP585-2977,2977,2977,288647929,2^288647929-1,STRUCTURAL_SCREEN_EXHAUSTED_PRIMALITY_UNASSIGNED,GF3A_DIRECTIONAL_WRITE_EXHAUSTED_PRIMALITY_UNASSIGNED,513,512,512,NO_RECORDED_FACTOR_PRP_OR_LL_RESULT_AND_NO_ACTIVE_GIMPS_ASSIGNMENT,2026-08-08T14:01:06+00:00,UNALLOCATED,,,,,
SLCMP585-2978,2978,2978,288647941,2^288647941-1,STRUCTURAL_SCREEN_EXHAUSTED_PRIMALITY_UNASSIGNED,GF3A_DIRECTIONAL_WRITE_EXHAUSTED_PRIMALITY_UNASSIGNED,513,512,512,NO_RECORDED_FACTOR_PRP_OR_LL_RESULT_AND_NO_ACTIVE_GIMPS_ASSIGNMENT,2026-08-08T14:01:06+00:00,UNALLOCATED,,,,,
SLCMP585-2979,2979,2979,288648053,2^288648053-1,STRUCTURAL_SCREEN_EXHAUSTED_PRIMALITY_UNASSIGNED,GF3A_DIRECTIONAL_WRITE_EXHAUSTED_PRIMALITY_UNASSIGNED,513,512,512,NO_RECORDED_FACTOR_PRP_OR_LL_RESULT_AND_NO_ACTIVE_GIMPS_ASSIGNMENT,2026-08-08T14:01:06+00:00,UNALLOCATED,,,,,
SLCMP585-2980,2980,2980,288648149,2^288648149-1,STRUCTURAL_SCREEN_EXHAUSTED_PRIMALITY_UNASSIGNED,GF3A_DIRECTIONAL_WRITE_EXHAUSTED_PRIMALITY_UNASSIGNED,513,512,512,NO_RECORDED_FACTOR_PRP_OR_LL_RESULT_AND_NO_ACTIVE_GIMPS_ASSIGNMENT,2026-08-08T14:01:06+00:00,UNALLOCATED,,,,,
SLCMP585-2981,2981,2981,288648167,2^288648167-1,STRUCTURAL_SCREEN_EXHAUSTED_PRIMALITY_UNASSIGNED,GF3A_DIRECTIONAL_WRITE_EXHAUSTED_PRIMALITY_UNASSIGNED,514,512,512,NO_RECORDED_FACTOR_PRP_OR_LL_RESULT_AND_NO_ACTIVE_GIMPS_ASSIGNMENT,2026-08-08T14:01:06+00:00,UNALLOCATED,,,,,
SLCMP585-2982,2982,2982,288648257,2^288648257-1,STRUCTURAL_SCREEN_EXHAUSTED_PRIMALITY_UNASSIGNED,GF3A_DIRECTIONAL_WRITE_EXHAUSTED_PRIMALITY_UNASSIGNED,513,512,512,NO_RECORDED_FACTOR_PRP_OR_LL_RESULT_AND_NO_ACTIVE_GIMPS_ASSIGNMENT,2026-08-08T14:01:06+00:00,UNALLOCATED,,,,,
SLCMP585-2983,2983,2983,288648263,2^288648263-1,STRUCTURAL_SCREEN_EXHAUSTED_PRIMALITY_UNASSIGNED,GF3A_DIRECTIONAL_WRITE_EXHAUSTED_PRIMALITY_UNASSIGNED,514,512,512,NO_RECORDED_FACTOR_PRP_OR_LL_RESULT_AND_NO_ACTIVE_GIMPS_ASSIGNMENT,2026-08-08T14:01:06+00:00,UNALLOCATED,,,,,
SLCMP585-2984,2984,2984,288648307,2^288648307-1,STRUCTURAL_SCREEN_EXHAUSTED_PRIMALITY_UNASSIGNED,GF3A_DIRECTIONAL_WRITE_EXHAUSTED_PRIMALITY_UNASSIGNED,514,512,512,NO_RECORDED_FACTOR_PRP_OR_LL_RESULT_AND_NO_ACTIVE_GIMPS_ASSIGNMENT,2026-08-08T14:01:06+00:00,UNALLOCATED,,,,,
SLCMP585-2985,2985,2985,288648319,2^288648319-1,STRUCTURAL_SCREEN_EXHAUSTED_PRIMALITY_UNASSIGNED,GF3A_DIRECTIONAL_WRITE_EXHAUSTED_PRIMALITY_UNASSIGNED,514,512,512,NO_RECORDED_FACTOR_PRP_OR_LL_RESULT_AND_NO_ACTIVE_GIMPS_ASSIGNMENT,2026-08-08T14:01:06+00:00,UNALLOCATED,,,,,
SLCMP585-2986,2986,2986,288648329,2^288648329-1,STRUCTURAL_SCREEN_EXHAUSTED_PRIMALITY_UNASSIGNED,GF3A_DIRECTIONAL_WRITE_EXHAUSTED_PRIMALITY_UNASSIGNED,513,512,512,NO_RECORDED_FACTOR_PRP_OR_LL_RESULT_AND_NO_ACTIVE_GIMPS_ASSIGNMENT,2026-08-08T14:01:06+00:00,UNALLOCATED,,,,,
SLCMP585-2987,2987,2987,288648467,2^288648467-1,STRUCTURAL_SCREEN_EXHAUSTED_PRIMALITY_UNASSIGNED,GF3A_DIRECTIONAL_WRITE_EXHAUSTED_PRIMALITY_UNASSIGNED,514,512,512,NO_RECORDED_FACTOR_PRP_OR_LL_RESULT_AND_NO_ACTIVE_GIMPS_ASSIGNMENT,2026-08-08T14:01:06+00:00,UNALLOCATED,,,,,
SLCMP585-2988,2988,2988,288648601,2^288648601-1,STRUCTURAL_SCREEN_EXHAUSTED_PRIMALITY_UNASSIGNED,GF3A_DIRECTIONAL_WRITE_EXHAUSTED_PRIMALITY_UNASSIGNED,513,512,512,NO_RECORDED_FACTOR_PRP_OR_LL_RESULT_AND_NO_ACTIVE_GIMPS_ASSIGNMENT,2026-08-08T14:01:06+00:00,UNALLOCATED,,,,,
SLCMP585-2989,2989,2989,288648697,2^288648697-1,STRUCTURAL_SCREEN_EXHAUSTED_PRIMALITY_UNASSIGNED,GF3A_DIRECTIONAL_WRITE_EXHAUSTED_PRIMALITY_UNASSIGNED,513,512,512,NO_RECORDED_FACTOR_PRP_OR_LL_RESULT_AND_NO_ACTIVE_GIMPS_ASSIGNMENT,2026-08-08T14:01:06+00:00,UNALLOCATED,,,,,
SLCMP585-2990,2990,2990,288648707,2^288648707-1,STRUCTURAL_SCREEN_EXHAUSTED_PRIMALITY_UNASSIGNED,GF3A_DIRECTIONAL_WRITE_EXHAUSTED_PRIMALITY_UNASSIGNED,514,512,512,NO_RECORDED_FACTOR_PRP_OR_LL_RESULT_AND_NO_ACTIVE_GIMPS_ASSIGNMENT,2026-08-08T14:01:06+00:00,UNALLOCATED,,,,,
SLCMP585-2991,2991,2991,288648793,2^288648793-1,STRUCTURAL_SCREEN_EXHAUSTED_PRIMALITY_UNASSIGNED,GF3A_DIRECTIONAL_WRITE_EXHAUSTED_PRIMALITY_UNASSIGNED,513,512,512,NO_RECORDED_FACTOR_PRP_OR_LL_RESULT_AND_NO_ACTIVE_GIMPS_ASSIGNMENT,2026-08-08T14:01:06+00:00,UNALLOCATED,,,,,
SLCMP585-2992,2992,2992,288648821,2^288648821-1,STRUCTURAL_SCREEN_EXHAUSTED_PRIMALITY_UNASSIGNED,GF3A_DIRECTIONAL_WRITE_EXHAUSTED_PRIMALITY_UNASSIGNED,513,512,512,NO_RECORDED_FACTOR_PRP_OR_LL_RESULT_AND_NO_ACTIVE_GIMPS_ASSIGNMENT,2026-08-08T14:01:06+00:00,UNALLOCATED,,,,,
SLCMP585-2993,2993,2993,288648847,2^288648847-1,STRUCTURAL_SCREEN_EXHAUSTED_PRIMALITY_UNASSIGNED,GF3A_DIRECTIONAL_WRITE_EXHAUSTED_PRIMALITY_UNASSIGNED,514,512,512,NO_RECORDED_FACTOR_PRP_OR_LL_RESULT_AND_NO_ACTIVE_GIMPS_ASSIGNMENT,2026-08-08T14:01:06+00:00,UNALLOCATED,,,,,
SLCMP585-2994,2994,2994,288648853,2^288648853-1,STRUCTURAL_SCREEN_EXHAUSTED_PRIMALITY_UNASSIGNED,GF3A_DIRECTIONAL_WRITE_EXHAUSTED_PRIMALITY_UNASSIGNED,513,512,512,NO_RECORDED_FACTOR_PRP_OR_LL_RESULT_AND_NO_ACTIVE_GIMPS_ASSIGNMENT,2026-08-08T14:01:06+00:00,UNALLOCATED,,,,,
SLCMP585-2995,2995,2995,288648869,2^288648869-1,STRUCTURAL_SCREEN_EXHAUSTED_PRIMALITY_UNASSIGNED,GF3A_DIRECTIONAL_WRITE_EXHAUSTED_PRIMALITY_UNASSIGNED,513,512,512,NO_RECORDED_FACTOR_PRP_OR_LL_RESULT_AND_NO_ACTIVE_GIMPS_ASSIGNMENT,2026-08-08T14:01:06+00:00,UNALLOCATED,,,,,
SLCMP585-2996,2996,2996,288648961,2^288648961-1,STRUCTURAL_SCREEN_EXHAUSTED_PRIMALITY_UNASSIGNED,GF3A_DIRECTIONAL_WRITE_EXHAUSTED_PRIMALITY_UNASSIGNED,513,512,512,NO_RECORDED_FACTOR_PRP_OR_LL_RESULT_AND_NO_ACTIVE_GIMPS_ASSIGNMENT,2026-08-08T14:01:06+00:00,UNALLOCATED,,,,,
SLCMP585-2997,2997,2997,288649019,2^288649019-1,STRUCTURAL_SCREEN_EXHAUSTED_PRIMALITY_UNASSIGNED,GF3A_DIRECTIONAL_WRITE_EXHAUSTED_PRIMALITY_UNASSIGNED,514,512,512,NO_RECORDED_FACTOR_PRP_OR_LL_RESULT_AND_NO_ACTIVE_GIMPS_ASSIGNMENT,2026-08-08T14:01:06+00:00,UNALLOCATED,,,,,
SLCMP585-2998,2998,2998,288649111,2^288649111-1,STRUCTURAL_SCREEN_EXHAUSTED_PRIMALITY_UNASSIGNED,GF3A_DIRECTIONAL_WRITE_EXHAUSTED_PRIMALITY_UNASSIGNED,514,512,512,NO_RECORDED_FACTOR_PRP_OR_LL_RESULT_AND_NO_ACTIVE_GIMPS_ASSIGNMENT,2026-08-08T14:01:06+00:00,UNALLOCATED,,,,,
SLCMP585-2999,2999,2999,288649187,2^288649187-1,STRUCTURAL_SCREEN_EXHAUSTED_PRIMALITY_UNASSIGNED,GF3A_DIRECTIONAL_WRITE_EXHAUSTED_PRIMALITY_UNASSIGNED,514,512,512,NO_RECORDED_FACTOR_PRP_OR_LL_RESULT_AND_NO_ACTIVE_GIMPS_ASSIGNMENT,2026-08-08T14:01:06+00:00,UNALLOCATED,,,,,
SLCMP585-3000,3000,3000,288649223,2^288649223-1,STRUCTURAL_SCREEN_EXHAUSTED_PRIMALITY_UNASSIGNED,GF3A_DIRECTIONAL_WRITE_EXHAUSTED_PRIMALITY_UNASSIGNED,514,512,512,NO_RECORDED_FACTOR_PRP_OR_LL_RESULT_AND_NO_ACTIVE_GIMPS_ASSIGNMENT,2026-08-08T14:01:06+00:00,UNALLOCATED,,,,,
SLCMP585-3001,3001,3001,288649237,2^288649237-1,STRUCTURAL_SCREEN_EXHAUSTED_PRIMALITY_UNASSIGNED,GF3A_DIRECTIONAL_WRITE_EXHAUSTED_PRIMALITY_UNASSIGNED,513,512,512,NO_RECORDED_FACTOR_PRP_OR_LL_RESULT_AND_NO_ACTIVE_GIMPS_ASSIGNMENT,2026-08-08T14:01:06+00:00,UNALLOCATED,,,,,
SLCMP585-3002,3002,3002,288649253,2^288649253-1,STRUCTURAL_SCREEN_EXHAUSTED_PRIMALITY_UNASSIGNED,GF3A_DIRECTIONAL_WRITE_EXHAUSTED_PRIMALITY_UNASSIGNED,513,512,512,NO_RECORDED_FACTOR_PRP_OR_LL_RESULT_AND_NO_ACTIVE_GIMPS_ASSIGNMENT,2026-08-08T14:01:06+00:00,UNALLOCATED,,,,,
SLCMP585-3003,3003,3003,288649261,2^288649261-1,STRUCTURAL_SCREEN_EXHAUSTED_PRIMALITY_UNASSIGNED,GF3A_DIRECTIONAL_WRITE_EXHAUSTED_PRIMALITY_UNASSIGNED,513,512,512,NO_RECORDED_FACTOR_PRP_OR_LL_RESULT_AND_NO_ACTIVE_GIMPS_ASSIGNMENT,2026-08-08T14:01:06+00:00,UNALLOCATED,,,,,
SLCMP585-3004,3004,3004,288649303,2^288649303-1,STRUCTURAL_SCREEN_EXHAUSTED_PRIMALITY_UNASSIGNED,GF3A_DIRECTIONAL_WRITE_EXHAUSTED_PRIMALITY_UNASSIGNED,514,512,512,NO_RECORDED_FACTOR_PRP_OR_LL_RESULT_AND_NO_ACTIVE_GIMPS_ASSIGNMENT,2026-08-08T14:01:06+00:00,UNALLOCATED,,,,,
SLCMP585-3005,3005,3005,288649369,2^288649369-1,STRUCTURAL_SCREEN_EXHAUSTED_PRIMALITY_UNASSIGNED,GF3A_DIRECTIONAL_WRITE_EXHAUSTED_PRIMALITY_UNASSIGNED,513,512,512,NO_RECORDED_FACTOR_PRP_OR_LL_RESULT_AND_NO_ACTIVE_GIMPS_ASSIGNMENT,2026-08-08T14:01:06+00:00,UNALLOCATED,,,,,
SLCMP585-3006,3006,3006,288649381,2^288649381-1,STRUCTURAL_SCREEN_EXHAUSTED_PRIMALITY_UNASSIGNED,GF3A_DIRECTIONAL_WRITE_EXHAUSTED_PRIMALITY_UNASSIGNED,513,512,512,NO_RECORDED_FACTOR_PRP_OR_LL_RESULT_AND_NO_ACTIVE_GIMPS_ASSIGNMENT,2026-08-08T14:01:06+00:00,UNALLOCATED,,,,,
SLCMP585-3007,3007,3007,288649457,2^288649457-1,STRUCTURAL_SCREEN_EXHAUSTED_PRIMALITY_UNASSIGNED,GF3A_DIRECTIONAL_WRITE_EXHAUSTED_PRIMALITY_UNASSIGNED,513,512,512,NO_RECORDED_FACTOR_PRP_OR_LL_RESULT_AND_NO_ACTIVE_GIMPS_ASSIGNMENT,2026-08-08T14:01:06+00:00,UNALLOCATED,,,,,
SLCMP585-3008,3008,3008,288649483,2^288649483-1,STRUCTURAL_SCREEN_EXHAUSTED_PRIMALITY_UNASSIGNED,GF3A_DIRECTIONAL_WRITE_EXHAUSTED_PRIMALITY_UNASSIGNED,514,512,512,NO_RECORDED_FACTOR_PRP_OR_LL_RESULT_AND_NO_ACTIVE_GIMPS_ASSIGNMENT,2026-08-08T14:01:06+00:00,UNALLOCATED,,,,,
SLCMP585-3009,3009,3009,288649597,2^288649597-1,STRUCTURAL_SCREEN_EXHAUSTED_PRIMALITY_UNASSIGNED,GF3A_DIRECTIONAL_WRITE_EXHAUSTED_PRIMALITY_UNASSIGNED,513,512,512,NO_RECORDED_FACTOR_PRP_OR_LL_RESULT_AND_NO_ACTIVE_GIMPS_ASSIGNMENT,2026-08-08T14:01:06+00:00,UNALLOCATED,,,,,
SLCMP585-3010,3010,3010,288649657,2^288649657-1,STRUCTURAL_SCREEN_EXHAUSTED_PRIMALITY_UNASSIGNED,GF3A_DIRECTIONAL_WRITE_EXHAUSTED_PRIMALITY_UNASSIGNED,513,512,512,NO_RECORDED_FACTOR_PRP_OR_LL_RESULT_AND_NO_ACTIVE_GIMPS_ASSIGNMENT,2026-08-08T14:01:06+00:00,UNALLOCATED,,,,,
SLCMP585-3011,3011,3011,288649667,2^288649667-1,STRUCTURAL_SCREEN_EXHAUSTED_PRIMALITY_UNASSIGNED,GF3A_DIRECTIONAL_WRITE_EXHAUSTED_PRIMALITY_UNASSIGNED,514,512,512,NO_RECORDED_FACTOR_PRP_OR_LL_RESULT_AND_NO_ACTIVE_GIMPS_ASSIGNMENT,2026-08-08T14:01:06+00:00,UNALLOCATED,,,,,
SLCMP585-3012,3012,3012,288649679,2^288649679-1,STRUCTURAL_SCREEN_EXHAUSTED_PRIMALITY_UNASSIGNED,GF3A_DIRECTIONAL_WRITE_EXHAUSTED_PRIMALITY_UNASSIGNED,514,512,512,NO_RECORDED_FACTOR_PRP_OR_LL_RESULT_AND_NO_ACTIVE_GIMPS_ASSIGNMENT,2026-08-08T14:01:06+00:00,UNALLOCATED,,,,,
SLCMP585-3013,3013,3013,288649703,2^288649703-1,STRUCTURAL_SCREEN_EXHAUSTED_PRIMALITY_UNASSIGNED,GF3A_DIRECTIONAL_WRITE_EXHAUSTED_PRIMALITY_UNASSIGNED,514,512,512,NO_RECORDED_FACTOR_PRP_OR_LL_RESULT_AND_NO_ACTIVE_GIMPS_ASSIGNMENT,2026-08-08T14:01:06+00:00,UNALLOCATED,,,,,
SLCMP585-3014,3014,3014,288649709,2^288649709-1,STRUCTURAL_SCREEN_EXHAUSTED_PRIMALITY_UNASSIGNED,GF3A_DIRECTIONAL_WRITE_EXHAUSTED_PRIMALITY_UNASSIGNED,513,512,512,NO_RECORDED_FACTOR_PRP_OR_LL_RESULT_AND_NO_ACTIVE_GIMPS_ASSIGNMENT,2026-08-08T14:01:06+00:00,UNALLOCATED,,,,,
SLCMP585-3015,3015,3015,288649733,2^288649733-1,STRUCTURAL_SCREEN_EXHAUSTED_PRIMALITY_UNASSIGNED,GF3A_DIRECTIONAL_WRITE_EXHAUSTED_PRIMALITY_UNASSIGNED,513,512,512,NO_RECORDED_FACTOR_PRP_OR_LL_RESULT_AND_NO_ACTIVE_GIMPS_ASSIGNMENT,2026-08-08T14:01:06+00:00,UNALLOCATED,,,,,
SLCMP585-3016,3016,3016,288649759,2^288649759-1,STRUCTURAL_SCREEN_EXHAUSTED_PRIMALITY_UNASSIGNED,GF3A_DIRECTIONAL_WRITE_EXHAUSTED_PRIMALITY_UNASSIGNED,514,512,512,NO_RECORDED_FACTOR_PRP_OR_LL_RESULT_AND_NO_ACTIVE_GIMPS_ASSIGNMENT,2026-08-08T14:01:06+00:00,UNALLOCATED,,,,,
SLCMP585-3017,3017,3017,288649813,2^288649813-1,STRUCTURAL_SCREEN_EXHAUSTED_PRIMALITY_UNASSIGNED,GF3A_DIRECTIONAL_WRITE_EXHAUSTED_PRIMALITY_UNASSIGNED,513,512,512,NO_RECORDED_FACTOR_PRP_OR_LL_RESULT_AND_NO_ACTIVE_GIMPS_ASSIGNMENT,2026-08-08T14:01:06+00:00,UNALLOCATED,,,,,
SLCMP585-3018,3018,3018,288649901,2^288649901-1,STRUCTURAL_SCREEN_EXHAUSTED_PRIMALITY_UNASSIGNED,GF3A_DIRECTIONAL_WRITE_EXHAUSTED_PRIMALITY_UNASSIGNED,513,512,512,NO_RECORDED_FACTOR_PRP_OR_LL_RESULT_AND_NO_ACTIVE_GIMPS_ASSIGNMENT,2026-08-08T14:01:06+00:00,UNALLOCATED,,,,,
SLCMP585-3019,3019,3019,288649969,2^288649969-1,STRUCTURAL_SCREEN_EXHAUSTED_PRIMALITY_UNASSIGNED,GF3A_DIRECTIONAL_WRITE_EXHAUSTED_PRIMALITY_UNASSIGNED,513,512,512,NO_RECORDED_FACTOR_PRP_OR_LL_RESULT_AND_NO_ACTIVE_GIMPS_ASSIGNMENT,2026-08-08T14:01:06+00:00,UNALLOCATED,,,,,
SLCMP585-3020,3020,3020,288650039,2^288650039-1,STRUCTURAL_SCREEN_EXHAUSTED_PRIMALITY_UNASSIGNED,GF3A_DIRECTIONAL_WRITE_EXHAUSTED_PRIMALITY_UNASSIGNED,514,512,512,NO_RECORDED_FACTOR_PRP_OR_LL_RESULT_AND_NO_ACTIVE_GIMPS_ASSIGNMENT,2026-08-08T14:01:06+00:00,UNALLOCATED,,,,,
SLCMP585-3021,3021,3021,288650057,2^288650057-1,STRUCTURAL_SCREEN_EXHAUSTED_PRIMALITY_UNASSIGNED,GF3A_DIRECTIONAL_WRITE_EXHAUSTED_PRIMALITY_UNASSIGNED,513,512,512,NO_RECORDED_FACTOR_PRP_OR_LL_RESULT_AND_NO_ACTIVE_GIMPS_ASSIGNMENT,2026-08-08T14:01:06+00:00,UNALLOCATED,,,,,
SLCMP585-3022,3022,3022,288650081,2^288650081-1,STRUCTURAL_SCREEN_EXHAUSTED_PRIMALITY_UNASSIGNED,GF3A_DIRECTIONAL_WRITE_EXHAUSTED_PRIMALITY_UNASSIGNED,513,512,512,NO_RECORDED_FACTOR_PRP_OR_LL_RESULT_AND_NO_ACTIVE_GIMPS_ASSIGNMENT,2026-08-08T14:01:06+00:00,UNALLOCATED,,,,,
SLCMP585-3023,3023,3023,288650129,2^288650129-1,STRUCTURAL_SCREEN_EXHAUSTED_PRIMALITY_UNASSIGNED,GF3A_DIRECTIONAL_WRITE_EXHAUSTED_PRIMALITY_UNASSIGNED,513,512,512,NO_RECORDED_FACTOR_PRP_OR_LL_RESULT_AND_NO_ACTIVE_GIMPS_ASSIGNMENT,2026-08-08T14:01:06+00:00,UNALLOCATED,,,,,
SLCMP585-3024,3024,3024,288650237,2^288650237-1,STRUCTURAL_SCREEN_EXHAUSTED_PRIMALITY_UNASSIGNED,GF3A_DIRECTIONAL_WRITE_EXHAUSTED_PRIMALITY_UNASSIGNED,513,512,512,NO_RECORDED_FACTOR_PRP_OR_LL_RESULT_AND_NO_ACTIVE_GIMPS_ASSIGNMENT,2026-08-08T14:01:06+00:00,UNALLOCATED,,,,,
SLCMP585-3025,3025,3025,288650267,2^288650267-1,STRUCTURAL_SCREEN_EXHAUSTED_PRIMALITY_UNASSIGNED,GF3A_DIRECTIONAL_WRITE_EXHAUSTED_PRIMALITY_UNASSIGNED,514,512,512,NO_RECORDED_FACTOR_PRP_OR_LL_RESULT_AND_NO_ACTIVE_GIMPS_ASSIGNMENT,2026-08-08T14:01:06+00:00,UNALLOCATED,,,,,
SLCMP585-3026,3026,3026,288650317,2^288650317-1,STRUCTURAL_SCREEN_EXHAUSTED_PRIMALITY_UNASSIGNED,GF3A_DIRECTIONAL_WRITE_EXHAUSTED_PRIMALITY_UNASSIGNED,513,512,512,NO_RECORDED_FACTOR_PRP_OR_LL_RESULT_AND_NO_ACTIVE_GIMPS_ASSIGNMENT,2026-08-08T14:01:06+00:00,UNALLOCATED,,,,,
SLCMP585-3027,3027,3027,288650377,2^288650377-1,STRUCTURAL_SCREEN_EXHAUSTED_PRIMALITY_UNASSIGNED,GF3A_DIRECTIONAL_WRITE_EXHAUSTED_PRIMALITY_UNASSIGNED,513,512,512,NO_RECORDED_FACTOR_PRP_OR_LL_RESULT_AND_NO_ACTIVE_GIMPS_ASSIGNMENT,2026-08-08T14:01:06+00:00,UNALLOCATED,,,,,
SLCMP585-3028,3028,3028,288650423,2^288650423-1,STRUCTURAL_SCREEN_EXHAUSTED_PRIMALITY_UNASSIGNED,GF3A_DIRECTIONAL_WRITE_EXHAUSTED_PRIMALITY_UNASSIGNED,514,512,512,NO_RECORDED_FACTOR_PRP_OR_LL_RESULT_AND_NO_ACTIVE_GIMPS_ASSIGNMENT,2026-08-08T14:01:06+00:00,UNALLOCATED,,,,,
SLCMP585-3029,3029,3029,288650473,2^288650473-1,STRUCTURAL_SCREEN_EXHAUSTED_PRIMALITY_UNASSIGNED,GF3A_DIRECTIONAL_WRITE_EXHAUSTED_PRIMALITY_UNASSIGNED,513,512,512,NO_RECORDED_FACTOR_PRP_OR_LL_RESULT_AND_NO_ACTIVE_GIMPS_ASSIGNMENT,2026-08-08T14:01:06+00:00,UNALLOCATED,,,,,
SLCMP585-3030,3030,3030,288650707,2^288650707-1,STRUCTURAL_SCREEN_EXHAUSTED_PRIMALITY_UNASSIGNED,GF3A_DIRECTIONAL_WRITE_EXHAUSTED_PRIMALITY_UNASSIGNED,514,512,512,NO_RECORDED_FACTOR_PRP_OR_LL_RESULT_AND_NO_ACTIVE_GIMPS_ASSIGNMENT,2026-08-08T14:01:06+00:00,UNALLOCATED,,,,,
SLCMP585-3031,3031,3031,288650723,2^288650723-1,STRUCTURAL_SCREEN_EXHAUSTED_PRIMALITY_UNASSIGNED,GF3A_DIRECTIONAL_WRITE_EXHAUSTED_PRIMALITY_UNASSIGNED,514,512,512,NO_RECORDED_FACTOR_PRP_OR_LL_RESULT_AND_NO_ACTIVE_GIMPS_ASSIGNMENT,2026-08-08T14:01:06+00:00,UNALLOCATED,,,,,
SLCMP585-3032,3032,3032,288650737,2^288650737-1,STRUCTURAL_SCREEN_EXHAUSTED_PRIMALITY_UNASSIGNED,GF3A_DIRECTIONAL_WRITE_EXHAUSTED_PRIMALITY_UNASSIGNED,513,512,512,NO_RECORDED_FACTOR_PRP_OR_LL_RESULT_AND_NO_ACTIVE_GIMPS_ASSIGNMENT,2026-08-08T14:01:06+00:00,UNALLOCATED,,,,,
SLCMP585-3033,3033,3033,288650749,2^288650749-1,STRUCTURAL_SCREEN_EXHAUSTED_PRIMALITY_UNASSIGNED,GF3A_DIRECTIONAL_WRITE_EXHAUSTED_PRIMALITY_UNASSIGNED,513,512,512,NO_RECORDED_FACTOR_PRP_OR_LL_RESULT_AND_NO_ACTIVE_GIMPS_ASSIGNMENT,2026-08-08T14:01:06+00:00,UNALLOCATED,,,,,
SLCMP585-3034,3034,3034,288650777,2^288650777-1,STRUCTURAL_SCREEN_EXHAUSTED_PRIMALITY_UNASSIGNED,GF3A_DIRECTIONAL_WRITE_EXHAUSTED_PRIMALITY_UNASSIGNED,513,512,512,NO_RECORDED_FACTOR_PRP_OR_LL_RESULT_AND_NO_ACTIVE_GIMPS_ASSIGNMENT,2026-08-08T14:01:06+00:00,UNALLOCATED,,,,,
SLCMP585-3035,3035,3035,288650819,2^288650819-1,STRUCTURAL_SCREEN_EXHAUSTED_PRIMALITY_UNASSIGNED,GF3A_DIRECTIONAL_WRITE_EXHAUSTED_PRIMALITY_UNASSIGNED,514,512,512,NO_RECORDED_FACTOR_PRP_OR_LL_RESULT_AND_NO_ACTIVE_GIMPS_ASSIGNMENT,2026-08-08T14:01:06+00:00,UNALLOCATED,,,,,
SLCMP585-3036,3036,3036,288650927,2^288650927-1,STRUCTURAL_SCREEN_EXHAUSTED_PRIMALITY_UNASSIGNED,GF3A_DIRECTIONAL_WRITE_EXHAUSTED_PRIMALITY_UNASSIGNED,514,512,512,NO_RECORDED_FACTOR_PRP_OR_LL_RESULT_AND_NO_ACTIVE_GIMPS_ASSIGNMENT,2026-08-08T14:01:06+00:00,UNALLOCATED,,,,,
SLCMP585-3037,3037,3037,288651053,2^288651053-1,STRUCTURAL_SCREEN_EXHAUSTED_PRIMALITY_UNASSIGNED,GF3A_DIRECTIONAL_WRITE_EXHAUSTED_PRIMALITY_UNASSIGNED,513,512,512,NO_RECORDED_FACTOR_PRP_OR_LL_RESULT_AND_NO_ACTIVE_GIMPS_ASSIGNMENT,2026-08-08T14:01:06+00:00,UNALLOCATED,,,,,
SLCMP585-3038,3038,3038,288651079,2^288651079-1,STRUCTURAL_SCREEN_EXHAUSTED_PRIMALITY_UNASSIGNED,GF3A_DIRECTIONAL_WRITE_EXHAUSTED_PRIMALITY_UNASSIGNED,514,512,512,NO_RECORDED_FACTOR_PRP_OR_LL_RESULT_AND_NO_ACTIVE_GIMPS_ASSIGNMENT,2026-08-08T14:01:06+00:00,UNALLOCATED,,,,,
SLCMP585-3039,3039,3039,288651149,2^288651149-1,STRUCTURAL_SCREEN_EXHAUSTED_PRIMALITY_UNASSIGNED,GF3A_DIRECTIONAL_WRITE_EXHAUSTED_PRIMALITY_UNASSIGNED,513,512,512,NO_RECORDED_FACTOR_PRP_OR_LL_RESULT_AND_NO_ACTIVE_GIMPS_ASSIGNMENT,2026-08-08T14:01:06+00:00,UNALLOCATED,,,,,
SLCMP585-3040,3040,3040,288651163,2^288651163-1,STRUCTURAL_SCREEN_EXHAUSTED_PRIMALITY_UNASSIGNED,GF3A_DIRECTIONAL_WRITE_EXHAUSTED_PRIMALITY_UNASSIGNED,514,512,512,NO_RECORDED_FACTOR_PRP_OR_LL_RESULT_AND_NO_ACTIVE_GIMPS_ASSIGNMENT,2026-08-08T14:01:06+00:00,UNALLOCATED,,,,,
SLCMP585-3041,3041,3041,288651169,2^288651169-1,STRUCTURAL_SCREEN_EXHAUSTED_PRIMALITY_UNASSIGNED,GF3A_DIRECTIONAL_WRITE_EXHAUSTED_PRIMALITY_UNASSIGNED,513,512,512,NO_RECORDED_FACTOR_PRP_OR_LL_RESULT_AND_NO_ACTIVE_GIMPS_ASSIGNMENT,2026-08-08T14:01:06+00:00,UNALLOCATED,,,,,
SLCMP585-3042,3042,3042,288651203,2^288651203-1,STRUCTURAL_SCREEN_EXHAUSTED_PRIMALITY_UNASSIGNED,GF3A_DIRECTIONAL_WRITE_EXHAUSTED_PRIMALITY_UNASSIGNED,514,512,512,NO_RECORDED_FACTOR_PRP_OR_LL_RESULT_AND_NO_ACTIVE_GIMPS_ASSIGNMENT,2026-08-08T14:01:06+00:00,UNALLOCATED,,,,,
SLCMP585-3043,3043,3043,288651263,2^288651263-1,STRUCTURAL_SCREEN_EXHAUSTED_PRIMALITY_UNASSIGNED,GF3A_DIRECTIONAL_WRITE_EXHAUSTED_PRIMALITY_UNASSIGNED,514,512,512,NO_RECORDED_FACTOR_PRP_OR_LL_RESULT_AND_NO_ACTIVE_GIMPS_ASSIGNMENT,2026-08-08T14:01:06+00:00,UNALLOCATED,,,,,
SLCMP585-3044,3044,3044,288651373,2^288651373-1,STRUCTURAL_SCREEN_EXHAUSTED_PRIMALITY_UNASSIGNED,GF3A_DIRECTIONAL_WRITE_EXHAUSTED_PRIMALITY_UNASSIGNED,513,512,512,NO_RECORDED_FACTOR_PRP_OR_LL_RESULT_AND_NO_ACTIVE_GIMPS_ASSIGNMENT,2026-08-08T14:01:06+00:00,UNALLOCATED,,,,,
SLCMP585-3045,3045,3045,288651443,2^288651443-1,STRUCTURAL_SCREEN_EXHAUSTED_PRIMALITY_UNASSIGNED,GF3A_DIRECTIONAL_WRITE_EXHAUSTED_PRIMALITY_UNASSIGNED,514,512,512,NO_RECORDED_FACTOR_PRP_OR_LL_RESULT_AND_NO_ACTIVE_GIMPS_ASSIGNMENT,2026-08-08T14:01:06+00:00,UNALLOCATED,,,,,
SLCMP585-3046,3046,3046,288651491,2^288651491-1,STRUCTURAL_SCREEN_EXHAUSTED_PRIMALITY_UNASSIGNED,GF3A_DIRECTIONAL_WRITE_EXHAUSTED_PRIMALITY_UNASSIGNED,514,512,512,NO_RECORDED_FACTOR_PRP_OR_LL_RESULT_AND_NO_ACTIVE_GIMPS_ASSIGNMENT,2026-08-08T14:01:06+00:00,UNALLOCATED,,,,,
SLCMP585-3047,3047,3047,288651547,2^288651547-1,STRUCTURAL_SCREEN_EXHAUSTED_PRIMALITY_UNASSIGNED,GF3A_DIRECTIONAL_WRITE_EXHAUSTED_PRIMALITY_UNASSIGNED,514,512,512,NO_RECORDED_FACTOR_PRP_OR_LL_RESULT_AND_NO_ACTIVE_GIMPS_ASSIGNMENT,2026-08-08T14:01:06+00:00,UNALLOCATED,,,,,
SLCMP585-3048,3048,3048,288651593,2^288651593-1,STRUCTURAL_SCREEN_EXHAUSTED_PRIMALITY_UNASSIGNED,GF3A_DIRECTIONAL_WRITE_EXHAUSTED_PRIMALITY_UNASSIGNED,513,512,512,NO_RECORDED_FACTOR_PRP_OR_LL_RESULT_AND_NO_ACTIVE_GIMPS_ASSIGNMENT,2026-08-08T14:01:06+00:00,UNALLOCATED,,,,,
SLCMP585-3049,3049,3049,288651617,2^288651617-1,STRUCTURAL_SCREEN_EXHAUSTED_PRIMALITY_UNASSIGNED,GF3A_DIRECTIONAL_WRITE_EXHAUSTED_PRIMALITY_UNASSIGNED,513,512,512,NO_RECORDED_FACTOR_PRP_OR_LL_RESULT_AND_NO_ACTIVE_GIMPS_ASSIGNMENT,2026-08-08T14:01:06+00:00,UNALLOCATED,,,,,
SLCMP585-3050,3050,3050,288651631,2^288651631-1,STRUCTURAL_SCREEN_EXHAUSTED_PRIMALITY_UNASSIGNED,GF3A_DIRECTIONAL_WRITE_EXHAUSTED_PRIMALITY_UNASSIGNED,514,512,512,NO_RECORDED_FACTOR_PRP_OR_LL_RESULT_AND_NO_ACTIVE_GIMPS_ASSIGNMENT,2026-08-08T14:01:06+00:00,UNALLOCATED,,,,,
SLCMP585-3051,3051,3051,288651691,2^288651691-1,STRUCTURAL_SCREEN_EXHAUSTED_PRIMALITY_UNASSIGNED,GF3A_DIRECTIONAL_WRITE_EXHAUSTED_PRIMALITY_UNASSIGNED,514,512,512,NO_RECORDED_FACTOR_PRP_OR_LL_RESULT_AND_NO_ACTIVE_GIMPS_ASSIGNMENT,2026-08-08T14:01:06+00:00,UNALLOCATED,,,,,
SLCMP585-3052,3052,3052,288651799,2^288651799-1,STRUCTURAL_SCREEN_EXHAUSTED_PRIMALITY_UNASSIGNED,GF3A_DIRECTIONAL_WRITE_EXHAUSTED_PRIMALITY_UNASSIGNED,514,512,512,NO_RECORDED_FACTOR_PRP_OR_LL_RESULT_AND_NO_ACTIVE_GIMPS_ASSIGNMENT,2026-08-08T14:01:06+00:00,UNALLOCATED,,,,,
SLCMP585-3053,3053,3053,288651887,2^288651887-1,STRUCTURAL_SCREEN_EXHAUSTED_PRIMALITY_UNASSIGNED,GF3A_DIRECTIONAL_WRITE_EXHAUSTED_PRIMALITY_UNASSIGNED,514,512,512,NO_RECORDED_FACTOR_PRP_OR_LL_RESULT_AND_NO_ACTIVE_GIMPS_ASSIGNMENT,2026-08-08T14:01:06+00:00,UNALLOCATED,,,,,
SLCMP585-3054,3054,3054,288651919,2^288651919-1,STRUCTURAL_SCREEN_EXHAUSTED_PRIMALITY_UNASSIGNED,GF3A_DIRECTIONAL_WRITE_EXHAUSTED_PRIMALITY_UNASSIGNED,514,512,512,NO_RECORDED_FACTOR_PRP_OR_LL_RESULT_AND_NO_ACTIVE_GIMPS_ASSIGNMENT,2026-08-08T14:01:06+00:00,UNALLOCATED,,,,,
SLCMP585-3055,3055,3055,288651929,2^288651929-1,STRUCTURAL_SCREEN_EXHAUSTED_PRIMALITY_UNASSIGNED,GF3A_DIRECTIONAL_WRITE_EXHAUSTED_PRIMALITY_UNASSIGNED,513,512,512,NO_RECORDED_FACTOR_PRP_OR_LL_RESULT_AND_NO_ACTIVE_GIMPS_ASSIGNMENT,2026-08-08T14:01:06+00:00,UNALLOCATED,,,,,
SLCMP585-3056,3056,3056,288651977,2^288651977-1,STRUCTURAL_SCREEN_EXHAUSTED_PRIMALITY_UNASSIGNED,GF3A_DIRECTIONAL_WRITE_EXHAUSTED_PRIMALITY_UNASSIGNED,513,512,512,NO_RECORDED_FACTOR_PRP_OR_LL_RESULT_AND_NO_ACTIVE_GIMPS_ASSIGNMENT,2026-08-08T14:01:06+00:00,UNALLOCATED,,,,,
SLCMP585-3057,3057,3057,288651989,2^288651989-1,STRUCTURAL_SCREEN_EXHAUSTED_PRIMALITY_UNASSIGNED,GF3A_DIRECTIONAL_WRITE_EXHAUSTED_PRIMALITY_UNASSIGNED,513,512,512,NO_RECORDED_FACTOR_PRP_OR_LL_RESULT_AND_NO_ACTIVE_GIMPS_ASSIGNMENT,2026-08-08T14:01:06+00:00,UNALLOCATED,,,,,
SLCMP585-3058,3058,3058,288652157,2^288652157-1,STRUCTURAL_SCREEN_EXHAUSTED_PRIMALITY_UNASSIGNED,GF3A_DIRECTIONAL_WRITE_EXHAUSTED_PRIMALITY_UNASSIGNED,513,512,512,NO_RECORDED_FACTOR_PRP_OR_LL_RESULT_AND_NO_ACTIVE_GIMPS_ASSIGNMENT,2026-08-08T14:01:06+00:00,UNALLOCATED,,,,,
SLCMP585-3059,3059,3059,288652181,2^288652181-1,STRUCTURAL_SCREEN_EXHAUSTED_PRIMALITY_UNASSIGNED,GF3A_DIRECTIONAL_WRITE_EXHAUSTED_PRIMALITY_UNASSIGNED,513,512,512,NO_RECORDED_FACTOR_PRP_OR_LL_RESULT_AND_NO_ACTIVE_GIMPS_ASSIGNMENT,2026-08-08T14:01:06+00:00,UNALLOCATED,,,,,
SLCMP585-3060,3060,3060,288652271,2^288652271-1,STRUCTURAL_SCREEN_EXHAUSTED_PRIMALITY_UNASSIGNED,GF3A_DIRECTIONAL_WRITE_EXHAUSTED_PRIMALITY_UNASSIGNED,514,512,512,NO_RECORDED_FACTOR_PRP_OR_LL_RESULT_AND_NO_ACTIVE_GIMPS_ASSIGNMENT,2026-08-08T14:01:06+00:00,UNALLOCATED,,,,,
SLCMP585-3061,3061,3061,288652291,2^288652291-1,STRUCTURAL_SCREEN_EXHAUSTED_PRIMALITY_UNASSIGNED,GF3A_DIRECTIONAL_WRITE_EXHAUSTED_PRIMALITY_UNASSIGNED,514,512,512,NO_RECORDED_FACTOR_PRP_OR_LL_RESULT_AND_NO_ACTIVE_GIMPS_ASSIGNMENT,2026-08-08T14:01:06+00:00,UNALLOCATED,,,,,
SLCMP585-3062,3062,3062,288652307,2^288652307-1,STRUCTURAL_SCREEN_EXHAUSTED_PRIMALITY_UNASSIGNED,GF3A_DIRECTIONAL_WRITE_EXHAUSTED_PRIMALITY_UNASSIGNED,514,512,512,NO_RECORDED_FACTOR_PRP_OR_LL_RESULT_AND_NO_ACTIVE_GIMPS_ASSIGNMENT,2026-08-08T14:01:06+00:00,UNALLOCATED,,,,,
SLCMP585-3063,3063,3063,288652411,2^288652411-1,STRUCTURAL_SCREEN_EXHAUSTED_PRIMALITY_UNASSIGNED,GF3A_DIRECTIONAL_WRITE_EXHAUSTED_PRIMALITY_UNASSIGNED,514,512,512,NO_RECORDED_FACTOR_PRP_OR_LL_RESULT_AND_NO_ACTIVE_GIMPS_ASSIGNMENT,2026-08-08T14:01:06+00:00,UNALLOCATED,,,,,
SLCMP585-3064,3064,3064,288652499,2^288652499-1,STRUCTURAL_SCREEN_EXHAUSTED_PRIMALITY_UNASSIGNED,GF3A_DIRECTIONAL_WRITE_EXHAUSTED_PRIMALITY_UNASSIGNED,514,512,512,NO_RECORDED_FACTOR_PRP_OR_LL_RESULT_AND_NO_ACTIVE_GIMPS_ASSIGNMENT,2026-08-08T14:01:06+00:00,UNALLOCATED,,,,,
SLCMP585-3065,3065,3065,288652607,2^288652607-1,STRUCTURAL_SCREEN_EXHAUSTED_PRIMALITY_UNASSIGNED,GF3A_DIRECTIONAL_WRITE_EXHAUSTED_PRIMALITY_UNASSIGNED,514,512,512,NO_RECORDED_FACTOR_PRP_OR_LL_RESULT_AND_NO_ACTIVE_GIMPS_ASSIGNMENT,2026-08-08T14:01:06+00:00,UNALLOCATED,,,,,
SLCMP585-3066,3066,3066,288652613,2^288652613-1,STRUCTURAL_SCREEN_EXHAUSTED_PRIMALITY_UNASSIGNED,GF3A_DIRECTIONAL_WRITE_EXHAUSTED_PRIMALITY_UNASSIGNED,513,512,512,NO_RECORDED_FACTOR_PRP_OR_LL_RESULT_AND_NO_ACTIVE_GIMPS_ASSIGNMENT,2026-08-08T14:01:06+00:00,UNALLOCATED,,,,,
SLCMP585-3067,3067,3067,288652621,2^288652621-1,STRUCTURAL_SCREEN_EXHAUSTED_PRIMALITY_UNASSIGNED,GF3A_DIRECTIONAL_WRITE_EXHAUSTED_PRIMALITY_UNASSIGNED,513,512,512,NO_RECORDED_FACTOR_PRP_OR_LL_RESULT_AND_NO_ACTIVE_GIMPS_ASSIGNMENT,2026-08-08T14:01:06+00:00,UNALLOCATED,,,,,
SLCMP585-3068,3068,3068,288652711,2^288652711-1,STRUCTURAL_SCREEN_EXHAUSTED_PRIMALITY_UNASSIGNED,GF3A_DIRECTIONAL_WRITE_EXHAUSTED_PRIMALITY_UNASSIGNED,514,512,512,NO_RECORDED_FACTOR_PRP_OR_LL_RESULT_AND_NO_ACTIVE_GIMPS_ASSIGNMENT,2026-08-08T14:01:06+00:00,UNALLOCATED,,,,,
SLCMP585-3069,3069,3069,288652729,2^288652729-1,STRUCTURAL_SCREEN_EXHAUSTED_PRIMALITY_UNASSIGNED,GF3A_DIRECTIONAL_WRITE_EXHAUSTED_PRIMALITY_UNASSIGNED,513,512,512,NO_RECORDED_FACTOR_PRP_OR_LL_RESULT_AND_NO_ACTIVE_GIMPS_ASSIGNMENT,2026-08-08T14:01:06+00:00,UNALLOCATED,,,,,
SLCMP585-3070,3070,3070,288652739,2^288652739-1,STRUCTURAL_SCREEN_EXHAUSTED_PRIMALITY_UNASSIGNED,GF3A_DIRECTIONAL_WRITE_EXHAUSTED_PRIMALITY_UNASSIGNED,514,512,512,NO_RECORDED_FACTOR_PRP_OR_LL_RESULT_AND_NO_ACTIVE_GIMPS_ASSIGNMENT,2026-08-08T14:01:06+00:00,UNALLOCATED,,,,,
SLCMP585-3071,3071,3071,288652841,2^288652841-1,STRUCTURAL_SCREEN_EXHAUSTED_PRIMALITY_UNASSIGNED,GF3A_DIRECTIONAL_WRITE_EXHAUSTED_PRIMALITY_UNASSIGNED,513,512,512,NO_RECORDED_FACTOR_PRP_OR_LL_RESULT_AND_NO_ACTIVE_GIMPS_ASSIGNMENT,2026-08-08T14:01:06+00:00,UNALLOCATED,,,,,
SLCMP585-3072,3072,3072,288652913,2^288652913-1,STRUCTURAL_SCREEN_EXHAUSTED_PRIMALITY_UNASSIGNED,GF3A_DIRECTIONAL_WRITE_EXHAUSTED_PRIMALITY_UNASSIGNED,513,512,512,NO_RECORDED_FACTOR_PRP_OR_LL_RESULT_AND_NO_ACTIVE_GIMPS_ASSIGNMENT,2026-08-08T14:01:06+00:00,UNALLOCATED,,,,,
SLCMP585-3073,3073,3073,288652943,2^288652943-1,STRUCTURAL_SCREEN_EXHAUSTED_PRIMALITY_UNASSIGNED,GF3A_DIRECTIONAL_WRITE_EXHAUSTED_PRIMALITY_UNASSIGNED,514,512,512,NO_RECORDED_FACTOR_PRP_OR_LL_RESULT_AND_NO_ACTIVE_GIMPS_ASSIGNMENT,2026-08-08T14:01:06+00:00,UNALLOCATED,,,,,
SLCMP585-3074,3074,3074,288652981,2^288652981-1,STRUCTURAL_SCREEN_EXHAUSTED_PRIMALITY_UNASSIGNED,GF3A_DIRECTIONAL_WRITE_EXHAUSTED_PRIMALITY_UNASSIGNED,513,512,512,NO_RECORDED_FACTOR_PRP_OR_LL_RESULT_AND_NO_ACTIVE_GIMPS_ASSIGNMENT,2026-08-08T14:01:06+00:00,UNALLOCATED,,,,,
SLCMP585-3075,3075,3075,288652993,2^288652993-1,STRUCTURAL_SCREEN_EXHAUSTED_PRIMALITY_UNASSIGNED,GF3A_DIRECTIONAL_WRITE_EXHAUSTED_PRIMALITY_UNASSIGNED,513,512,512,NO_RECORDED_FACTOR_PRP_OR_LL_RESULT_AND_NO_ACTIVE_GIMPS_ASSIGNMENT,2026-08-08T14:01:06+00:00,UNALLOCATED,,,,,
SLCMP585-3076,3076,3076,288653017,2^288653017-1,STRUCTURAL_SCREEN_EXHAUSTED_PRIMALITY_UNASSIGNED,GF3A_DIRECTIONAL_WRITE_EXHAUSTED_PRIMALITY_UNASSIGNED,513,512,512,NO_RECORDED_FACTOR_PRP_OR_LL_RESULT_AND_NO_ACTIVE_GIMPS_ASSIGNMENT,2026-08-08T14:01:06+00:00,UNALLOCATED,,,,,
SLCMP585-3077,3077,3077,288653117,2^288653117-1,STRUCTURAL_SCREEN_EXHAUSTED_PRIMALITY_UNASSIGNED,GF3A_DIRECTIONAL_WRITE_EXHAUSTED_PRIMALITY_UNASSIGNED,513,512,512,NO_RECORDED_FACTOR_PRP_OR_LL_RESULT_AND_NO_ACTIVE_GIMPS_ASSIGNMENT,2026-08-08T14:01:06+00:00,UNALLOCATED,,,,,
SLCMP585-3078,3078,3078,288653119,2^288653119-1,STRUCTURAL_SCREEN_EXHAUSTED_PRIMALITY_UNASSIGNED,GF3A_DIRECTIONAL_WRITE_EXHAUSTED_PRIMALITY_UNASSIGNED,514,512,512,NO_RECORDED_FACTOR_PRP_OR_LL_RESULT_AND_NO_ACTIVE_GIMPS_ASSIGNMENT,2026-08-08T14:01:06+00:00,UNALLOCATED,,,,,
SLCMP585-3079,3079,3079,288653191,2^288653191-1,STRUCTURAL_SCREEN_EXHAUSTED_PRIMALITY_UNASSIGNED,GF3A_DIRECTIONAL_WRITE_EXHAUSTED_PRIMALITY_UNASSIGNED,514,512,512,NO_RECORDED_FACTOR_PRP_OR_LL_RESULT_AND_NO_ACTIVE_GIMPS_ASSIGNMENT,2026-08-08T14:01:06+00:00,UNALLOCATED,,,,,
SLCMP585-3080,3080,3080,288653231,2^288653231-1,STRUCTURAL_SCREEN_EXHAUSTED_PRIMALITY_UNASSIGNED,GF3A_DIRECTIONAL_WRITE_EXHAUSTED_PRIMALITY_UNASSIGNED,514,512,512,NO_RECORDED_FACTOR_PRP_OR_LL_RESULT_AND_NO_ACTIVE_GIMPS_ASSIGNMENT,2026-08-08T14:01:06+00:00,UNALLOCATED,,,,,
SLCMP585-3081,3081,3081,288653237,2^288653237-1,STRUCTURAL_SCREEN_EXHAUSTED_PRIMALITY_UNASSIGNED,GF3A_DIRECTIONAL_WRITE_EXHAUSTED_PRIMALITY_UNASSIGNED,513,512,512,NO_RECORDED_FACTOR_PRP_OR_LL_RESULT_AND_NO_ACTIVE_GIMPS_ASSIGNMENT,2026-08-08T14:01:06+00:00,UNALLOCATED,,,,,
SLCMP585-3082,3082,3082,288653257,2^288653257-1,STRUCTURAL_SCREEN_EXHAUSTED_PRIMALITY_UNASSIGNED,GF3A_DIRECTIONAL_WRITE_EXHAUSTED_PRIMALITY_UNASSIGNED,513,512,512,NO_RECORDED_FACTOR_PRP_OR_LL_RESULT_AND_NO_ACTIVE_GIMPS_ASSIGNMENT,2026-08-08T14:01:06+00:00,UNALLOCATED,,,,,
SLCMP585-3083,3083,3083,288653291,2^288653291-1,STRUCTURAL_SCREEN_EXHAUSTED_PRIMALITY_UNASSIGNED,GF3A_DIRECTIONAL_WRITE_EXHAUSTED_PRIMALITY_UNASSIGNED,514,512,512,NO_RECORDED_FACTOR_PRP_OR_LL_RESULT_AND_NO_ACTIVE_GIMPS_ASSIGNMENT,2026-08-08T14:01:06+00:00,UNALLOCATED,,,,,
SLCMP585-3084,3084,3084,288653329,2^288653329-1,STRUCTURAL_SCREEN_EXHAUSTED_PRIMALITY_UNASSIGNED,GF3A_DIRECTIONAL_WRITE_EXHAUSTED_PRIMALITY_UNASSIGNED,513,512,512,NO_RECORDED_FACTOR_PRP_OR_LL_RESULT_AND_NO_ACTIVE_GIMPS_ASSIGNMENT,2026-08-08T14:01:06+00:00,UNALLOCATED,,,,,
SLCMP585-3085,3085,3085,288653401,2^288653401-1,STRUCTURAL_SCREEN_EXHAUSTED_PRIMALITY_UNASSIGNED,GF3A_DIRECTIONAL_WRITE_EXHAUSTED_PRIMALITY_UNASSIGNED,513,512,512,NO_RECORDED_FACTOR_PRP_OR_LL_RESULT_AND_NO_ACTIVE_GIMPS_ASSIGNMENT,2026-08-08T14:01:06+00:00,UNALLOCATED,,,,,
SLCMP585-3086,3086,3086,288653419,2^288653419-1,STRUCTURAL_SCREEN_EXHAUSTED_PRIMALITY_UNASSIGNED,GF3A_DIRECTIONAL_WRITE_EXHAUSTED_PRIMALITY_UNASSIGNED,514,512,512,NO_RECORDED_FACTOR_PRP_OR_LL_RESULT_AND_NO_ACTIVE_GIMPS_ASSIGNMENT,2026-08-08T14:01:06+00:00,UNALLOCATED,,,,,
SLCMP585-3087,3087,3087,288653437,2^288653437-1,STRUCTURAL_SCREEN_EXHAUSTED_PRIMALITY_UNASSIGNED,GF3A_DIRECTIONAL_WRITE_EXHAUSTED_PRIMALITY_UNASSIGNED,513,512,512,NO_RECORDED_FACTOR_PRP_OR_LL_RESULT_AND_NO_ACTIVE_GIMPS_ASSIGNMENT,2026-08-08T14:01:06+00:00,UNALLOCATED,,,,,
SLCMP585-3088,3088,3088,288653467,2^288653467-1,STRUCTURAL_SCREEN_EXHAUSTED_PRIMALITY_UNASSIGNED,GF3A_DIRECTIONAL_WRITE_EXHAUSTED_PRIMALITY_UNASSIGNED,514,512,512,NO_RECORDED_FACTOR_PRP_OR_LL_RESULT_AND_NO_ACTIVE_GIMPS_ASSIGNMENT,2026-08-08T14:01:06+00:00,UNALLOCATED,,,,,
SLCMP585-3089,3089,3089,288653471,2^288653471-1,STRUCTURAL_SCREEN_EXHAUSTED_PRIMALITY_UNASSIGNED,GF3A_DIRECTIONAL_WRITE_EXHAUSTED_PRIMALITY_UNASSIGNED,514,512,512,NO_RECORDED_FACTOR_PRP_OR_LL_RESULT_AND_NO_ACTIVE_GIMPS_ASSIGNMENT,2026-08-08T14:01:06+00:00,UNALLOCATED,,,,,
SLCMP585-3090,3090,3090,288653537,2^288653537-1,STRUCTURAL_SCREEN_EXHAUSTED_PRIMALITY_UNASSIGNED,GF3A_DIRECTIONAL_WRITE_EXHAUSTED_PRIMALITY_UNASSIGNED,513,512,512,NO_RECORDED_FACTOR_PRP_OR_LL_RESULT_AND_NO_ACTIVE_GIMPS_ASSIGNMENT,2026-08-08T14:01:06+00:00,UNALLOCATED,,,,,
SLCMP585-3091,3091,3091,288653587,2^288653587-1,STRUCTURAL_SCREEN_EXHAUSTED_PRIMALITY_UNASSIGNED,GF3A_DIRECTIONAL_WRITE_EXHAUSTED_PRIMALITY_UNASSIGNED,514,512,512,NO_RECORDED_FACTOR_PRP_OR_LL_RESULT_AND_NO_ACTIVE_GIMPS_ASSIGNMENT,2026-08-08T14:01:06+00:00,UNALLOCATED,,,,,
SLCMP585-3092,3092,3092,288653663,2^288653663-1,STRUCTURAL_SCREEN_EXHAUSTED_PRIMALITY_UNASSIGNED,GF3A_DIRECTIONAL_WRITE_EXHAUSTED_PRIMALITY_UNASSIGNED,514,512,512,NO_RECORDED_FACTOR_PRP_OR_LL_RESULT_AND_NO_ACTIVE_GIMPS_ASSIGNMENT,2026-08-08T14:01:06+00:00,UNALLOCATED,,,,,
SLCMP585-3093,3093,3093,288653669,2^288653669-1,STRUCTURAL_SCREEN_EXHAUSTED_PRIMALITY_UNASSIGNED,GF3A_DIRECTIONAL_WRITE_EXHAUSTED_PRIMALITY_UNASSIGNED,513,512,512,NO_RECORDED_FACTOR_PRP_OR_LL_RESULT_AND_NO_ACTIVE_GIMPS_ASSIGNMENT,2026-08-08T14:01:06+00:00,UNALLOCATED,,,,,
SLCMP585-3094,3094,3094,288653699,2^288653699-1,STRUCTURAL_SCREEN_EXHAUSTED_PRIMALITY_UNASSIGNED,GF3A_DIRECTIONAL_WRITE_EXHAUSTED_PRIMALITY_UNASSIGNED,514,512,512,NO_RECORDED_FACTOR_PRP_OR_LL_RESULT_AND_NO_ACTIVE_GIMPS_ASSIGNMENT,2026-08-08T14:01:06+00:00,UNALLOCATED,,,,,
SLCMP585-3095,3095,3095,288653773,2^288653773-1,STRUCTURAL_SCREEN_EXHAUSTED_PRIMALITY_UNASSIGNED,GF3A_DIRECTIONAL_WRITE_EXHAUSTED_PRIMALITY_UNASSIGNED,513,512,512,NO_RECORDED_FACTOR_PRP_OR_LL_RESULT_AND_NO_ACTIVE_GIMPS_ASSIGNMENT,2026-08-08T14:01:06+00:00,UNALLOCATED,,,,,
SLCMP585-3096,3096,3096,288653777,2^288653777-1,STRUCTURAL_SCREEN_EXHAUSTED_PRIMALITY_UNASSIGNED,GF3A_DIRECTIONAL_WRITE_EXHAUSTED_PRIMALITY_UNASSIGNED,513,512,512,NO_RECORDED_FACTOR_PRP_OR_LL_RESULT_AND_NO_ACTIVE_GIMPS_ASSIGNMENT,2026-08-08T14:01:06+00:00,UNALLOCATED,,,,,
SLCMP585-3097,3097,3097,288653801,2^288653801-1,STRUCTURAL_SCREEN_EXHAUSTED_PRIMALITY_UNASSIGNED,GF3A_DIRECTIONAL_WRITE_EXHAUSTED_PRIMALITY_UNASSIGNED,513,512,512,NO_RECORDED_FACTOR_PRP_OR_LL_RESULT_AND_NO_ACTIVE_GIMPS_ASSIGNMENT,2026-08-08T14:01:06+00:00,UNALLOCATED,,,,,
SLCMP585-3098,3098,3098,288653843,2^288653843-1,STRUCTURAL_SCREEN_EXHAUSTED_PRIMALITY_UNASSIGNED,GF3A_DIRECTIONAL_WRITE_EXHAUSTED_PRIMALITY_UNASSIGNED,514,512,512,NO_RECORDED_FACTOR_PRP_OR_LL_RESULT_AND_NO_ACTIVE_GIMPS_ASSIGNMENT,2026-08-08T14:01:06+00:00,UNALLOCATED,,,,,
SLCMP585-3099,3099,3099,288653857,2^288653857-1,STRUCTURAL_SCREEN_EXHAUSTED_PRIMALITY_UNASSIGNED,GF3A_DIRECTIONAL_WRITE_EXHAUSTED_PRIMALITY_UNASSIGNED,513,512,512,NO_RECORDED_FACTOR_PRP_OR_LL_RESULT_AND_NO_ACTIVE_GIMPS_ASSIGNMENT,2026-08-08T14:01:06+00:00,UNALLOCATED,,,,,
SLCMP585-3100,3100,3100,288653879,2^288653879-1,STRUCTURAL_SCREEN_EXHAUSTED_PRIMALITY_UNASSIGNED,GF3A_DIRECTIONAL_WRITE_EXHAUSTED_PRIMALITY_UNASSIGNED,514,512,512,NO_RECORDED_FACTOR_PRP_OR_LL_RESULT_AND_NO_ACTIVE_GIMPS_ASSIGNMENT,2026-08-08T14:01:06+00:00,UNALLOCATED,,,,,
SLCMP585-3101,3101,3101,288653957,2^288653957-1,STRUCTURAL_SCREEN_EXHAUSTED_PRIMALITY_UNASSIGNED,GF3A_DIRECTIONAL_WRITE_EXHAUSTED_PRIMALITY_UNASSIGNED,513,512,512,NO_RECORDED_FACTOR_PRP_OR_LL_RESULT_AND_NO_ACTIVE_GIMPS_ASSIGNMENT,2026-08-08T14:01:06+00:00,UNALLOCATED,,,,,
SLCMP585-3102,3102,3102,288653977,2^288653977-1,STRUCTURAL_SCREEN_EXHAUSTED_PRIMALITY_UNASSIGNED,GF3A_DIRECTIONAL_WRITE_EXHAUSTED_PRIMALITY_UNASSIGNED,513,512,512,NO_RECORDED_FACTOR_PRP_OR_LL_RESULT_AND_NO_ACTIVE_GIMPS_ASSIGNMENT,2026-08-08T14:01:06+00:00,UNALLOCATED,,,,,
SLCMP585-3103,3103,3103,288653993,2^288653993-1,STRUCTURAL_SCREEN_EXHAUSTED_PRIMALITY_UNASSIGNED,GF3A_DIRECTIONAL_WRITE_EXHAUSTED_PRIMALITY_UNASSIGNED,513,512,512,NO_RECORDED_FACTOR_PRP_OR_LL_RESULT_AND_NO_ACTIVE_GIMPS_ASSIGNMENT,2026-08-08T14:01:06+00:00,UNALLOCATED,,,,,
SLCMP585-3104,3104,3104,288654031,2^288654031-1,STRUCTURAL_SCREEN_EXHAUSTED_PRIMALITY_UNASSIGNED,GF3A_DIRECTIONAL_WRITE_EXHAUSTED_PRIMALITY_UNASSIGNED,514,512,512,NO_RECORDED_FACTOR_PRP_OR_LL_RESULT_AND_NO_ACTIVE_GIMPS_ASSIGNMENT,2026-08-08T14:01:06+00:00,UNALLOCATED,,,,,
SLCMP585-3105,3105,3105,288654097,2^288654097-1,STRUCTURAL_SCREEN_EXHAUSTED_PRIMALITY_UNASSIGNED,GF3A_DIRECTIONAL_WRITE_EXHAUSTED_PRIMALITY_UNASSIGNED,513,512,512,NO_RECORDED_FACTOR_PRP_OR_LL_RESULT_AND_NO_ACTIVE_GIMPS_ASSIGNMENT,2026-08-08T14:01:06+00:00,UNALLOCATED,,,,,
SLCMP585-3106,3106,3106,288654143,2^288654143-1,STRUCTURAL_SCREEN_EXHAUSTED_PRIMALITY_UNASSIGNED,GF3A_DIRECTIONAL_WRITE_EXHAUSTED_PRIMALITY_UNASSIGNED,514,512,512,NO_RECORDED_FACTOR_PRP_OR_LL_RESULT_AND_NO_ACTIVE_GIMPS_ASSIGNMENT,2026-08-08T14:01:06+00:00,UNALLOCATED,,,,,
SLCMP585-3107,3107,3107,288654151,2^288654151-1,STRUCTURAL_SCREEN_EXHAUSTED_PRIMALITY_UNASSIGNED,GF3A_DIRECTIONAL_WRITE_EXHAUSTED_PRIMALITY_UNASSIGNED,514,512,512,NO_RECORDED_FACTOR_PRP_OR_LL_RESULT_AND_NO_ACTIVE_GIMPS_ASSIGNMENT,2026-08-08T14:01:06+00:00,UNALLOCATED,,,,,
SLCMP585-3108,3108,3108,288654173,2^288654173-1,STRUCTURAL_SCREEN_EXHAUSTED_PRIMALITY_UNASSIGNED,GF3A_DIRECTIONAL_WRITE_EXHAUSTED_PRIMALITY_UNASSIGNED,513,512,512,NO_RECORDED_FACTOR_PRP_OR_LL_RESULT_AND_NO_ACTIVE_GIMPS_ASSIGNMENT,2026-08-08T14:01:06+00:00,UNALLOCATED,,,,,
SLCMP585-3109,3109,3109,288654199,2^288654199-1,STRUCTURAL_SCREEN_EXHAUSTED_PRIMALITY_UNASSIGNED,GF3A_DIRECTIONAL_WRITE_EXHAUSTED_PRIMALITY_UNASSIGNED,514,512,512,NO_RECORDED_FACTOR_PRP_OR_LL_RESULT_AND_NO_ACTIVE_GIMPS_ASSIGNMENT,2026-08-08T14:01:06+00:00,UNALLOCATED,,,,,
SLCMP585-3110,3110,3110,288654217,2^288654217-1,STRUCTURAL_SCREEN_EXHAUSTED_PRIMALITY_UNASSIGNED,GF3A_DIRECTIONAL_WRITE_EXHAUSTED_PRIMALITY_UNASSIGNED,513,512,512,NO_RECORDED_FACTOR_PRP_OR_LL_RESULT_AND_NO_ACTIVE_GIMPS_ASSIGNMENT,2026-08-08T14:01:06+00:00,UNALLOCATED,,,,,
SLCMP585-3111,3111,3111,288654341,2^288654341-1,STRUCTURAL_SCREEN_EXHAUSTED_PRIMALITY_UNASSIGNED,GF3A_DIRECTIONAL_WRITE_EXHAUSTED_PRIMALITY_UNASSIGNED,513,512,512,NO_RECORDED_FACTOR_PRP_OR_LL_RESULT_AND_NO_ACTIVE_GIMPS_ASSIGNMENT,2026-08-08T14:01:06+00:00,UNALLOCATED,,,,,
SLCMP585-3112,3112,3112,288654349,2^288654349-1,STRUCTURAL_SCREEN_EXHAUSTED_PRIMALITY_UNASSIGNED,GF3A_DIRECTIONAL_WRITE_EXHAUSTED_PRIMALITY_UNASSIGNED,513,512,512,NO_RECORDED_FACTOR_PRP_OR_LL_RESULT_AND_NO_ACTIVE_GIMPS_ASSIGNMENT,2026-08-08T14:01:06+00:00,UNALLOCATED,,,,,
SLCMP585-3113,3113,3113,288654397,2^288654397-1,STRUCTURAL_SCREEN_EXHAUSTED_PRIMALITY_UNASSIGNED,GF3A_DIRECTIONAL_WRITE_EXHAUSTED_PRIMALITY_UNASSIGNED,513,512,512,NO_RECORDED_FACTOR_PRP_OR_LL_RESULT_AND_NO_ACTIVE_GIMPS_ASSIGNMENT,2026-08-08T14:01:06+00:00,UNALLOCATED,,,,,
SLCMP585-3114,3114,3114,288654449,2^288654449-1,STRUCTURAL_SCREEN_EXHAUSTED_PRIMALITY_UNASSIGNED,GF3A_DIRECTIONAL_WRITE_EXHAUSTED_PRIMALITY_UNASSIGNED,513,512,512,NO_RECORDED_FACTOR_PRP_OR_LL_RESULT_AND_NO_ACTIVE_GIMPS_ASSIGNMENT,2026-08-08T14:01:06+00:00,UNALLOCATED,,,,,
SLCMP585-3115,3115,3115,288654551,2^288654551-1,STRUCTURAL_SCREEN_EXHAUSTED_PRIMALITY_UNASSIGNED,GF3A_DIRECTIONAL_WRITE_EXHAUSTED_PRIMALITY_UNASSIGNED,514,512,512,NO_RECORDED_FACTOR_PRP_OR_LL_RESULT_AND_NO_ACTIVE_GIMPS_ASSIGNMENT,2026-08-08T14:01:06+00:00,UNALLOCATED,,,,,
SLCMP585-3116,3116,3116,288654647,2^288654647-1,STRUCTURAL_SCREEN_EXHAUSTED_PRIMALITY_UNASSIGNED,GF3A_DIRECTIONAL_WRITE_EXHAUSTED_PRIMALITY_UNASSIGNED,514,512,512,NO_RECORDED_FACTOR_PRP_OR_LL_RESULT_AND_NO_ACTIVE_GIMPS_ASSIGNMENT,2026-08-08T14:01:06+00:00,UNALLOCATED,,,,,
SLCMP585-3117,3117,3117,288654659,2^288654659-1,STRUCTURAL_SCREEN_EXHAUSTED_PRIMALITY_UNASSIGNED,GF3A_DIRECTIONAL_WRITE_EXHAUSTED_PRIMALITY_UNASSIGNED,514,512,512,NO_RECORDED_FACTOR_PRP_OR_LL_RESULT_AND_NO_ACTIVE_GIMPS_ASSIGNMENT,2026-08-08T14:01:06+00:00,UNALLOCATED,,,,,
SLCMP585-3118,3118,3118,288654677,2^288654677-1,STRUCTURAL_SCREEN_EXHAUSTED_PRIMALITY_UNASSIGNED,GF3A_DIRECTIONAL_WRITE_EXHAUSTED_PRIMALITY_UNASSIGNED,513,512,512,NO_RECORDED_FACTOR_PRP_OR_LL_RESULT_AND_NO_ACTIVE_GIMPS_ASSIGNMENT,2026-08-08T14:01:06+00:00,UNALLOCATED,,,,,
SLCMP585-3119,3119,3119,288654763,2^288654763-1,STRUCTURAL_SCREEN_EXHAUSTED_PRIMALITY_UNASSIGNED,GF3A_DIRECTIONAL_WRITE_EXHAUSTED_PRIMALITY_UNASSIGNED,514,512,512,NO_RECORDED_FACTOR_PRP_OR_LL_RESULT_AND_NO_ACTIVE_GIMPS_ASSIGNMENT,2026-08-08T14:01:06+00:00,UNALLOCATED,,,,,
SLCMP585-3120,3120,3120,288654799,2^288654799-1,STRUCTURAL_SCREEN_EXHAUSTED_PRIMALITY_UNASSIGNED,GF3A_DIRECTIONAL_WRITE_EXHAUSTED_PRIMALITY_UNASSIGNED,514,512,512,NO_RECORDED_FACTOR_PRP_OR_LL_RESULT_AND_NO_ACTIVE_GIMPS_ASSIGNMENT,2026-08-08T14:01:06+00:00,UNALLOCATED,,,,,
SLCMP585-3121,3121,3121,288654823,2^288654823-1,STRUCTURAL_SCREEN_EXHAUSTED_PRIMALITY_UNASSIGNED,GF3A_DIRECTIONAL_WRITE_EXHAUSTED_PRIMALITY_UNASSIGNED,514,512,512,NO_RECORDED_FACTOR_PRP_OR_LL_RESULT_AND_NO_ACTIVE_GIMPS_ASSIGNMENT,2026-08-08T14:01:06+00:00,UNALLOCATED,,,,,
SLCMP585-3122,3122,3122,288654833,2^288654833-1,STRUCTURAL_SCREEN_EXHAUSTED_PRIMALITY_UNASSIGNED,GF3A_DIRECTIONAL_WRITE_EXHAUSTED_PRIMALITY_UNASSIGNED,513,512,512,NO_RECORDED_FACTOR_PRP_OR_LL_RESULT_AND_NO_ACTIVE_GIMPS_ASSIGNMENT,2026-08-08T14:01:06+00:00,UNALLOCATED,,,,,
SLCMP585-3123,3123,3123,288654881,2^288654881-1,STRUCTURAL_SCREEN_EXHAUSTED_PRIMALITY_UNASSIGNED,GF3A_DIRECTIONAL_WRITE_EXHAUSTED_PRIMALITY_UNASSIGNED,513,512,512,NO_RECORDED_FACTOR_PRP_OR_LL_RESULT_AND_NO_ACTIVE_GIMPS_ASSIGNMENT,2026-08-08T14:01:06+00:00,UNALLOCATED,,,,,
SLCMP585-3124,3124,3124,288654929,2^288654929-1,STRUCTURAL_SCREEN_EXHAUSTED_PRIMALITY_UNASSIGNED,GF3A_DIRECTIONAL_WRITE_EXHAUSTED_PRIMALITY_UNASSIGNED,513,512,512,NO_RECORDED_FACTOR_PRP_OR_LL_RESULT_AND_NO_ACTIVE_GIMPS_ASSIGNMENT,2026-08-08T14:01:06+00:00,UNALLOCATED,,,,,
SLCMP585-3125,3125,3125,288654943,2^288654943-1,STRUCTURAL_SCREEN_EXHAUSTED_PRIMALITY_UNASSIGNED,GF3A_DIRECTIONAL_WRITE_EXHAUSTED_PRIMALITY_UNASSIGNED,514,512,512,NO_RECORDED_FACTOR_PRP_OR_LL_RESULT_AND_NO_ACTIVE_GIMPS_ASSIGNMENT,2026-08-08T14:01:06+00:00,UNALLOCATED,,,,,
SLCMP585-3126,3126,3126,288654967,2^288654967-1,STRUCTURAL_SCREEN_EXHAUSTED_PRIMALITY_UNASSIGNED,GF3A_DIRECTIONAL_WRITE_EXHAUSTED_PRIMALITY_UNASSIGNED,514,512,512,NO_RECORDED_FACTOR_PRP_OR_LL_RESULT_AND_NO_ACTIVE_GIMPS_ASSIGNMENT,2026-08-08T14:01:06+00:00,UNALLOCATED,,,,,
SLCMP585-3127,3127,3127,288655139,2^288655139-1,STRUCTURAL_SCREEN_EXHAUSTED_PRIMALITY_UNASSIGNED,GF3A_DIRECTIONAL_WRITE_EXHAUSTED_PRIMALITY_UNASSIGNED,514,512,512,NO_RECORDED_FACTOR_PRP_OR_LL_RESULT_AND_NO_ACTIVE_GIMPS_ASSIGNMENT,2026-08-08T14:01:06+00:00,UNALLOCATED,,,,,
SLCMP585-3128,3128,3128,288655151,2^288655151-1,STRUCTURAL_SCREEN_EXHAUSTED_PRIMALITY_UNASSIGNED,GF3A_DIRECTIONAL_WRITE_EXHAUSTED_PRIMALITY_UNASSIGNED,514,512,512,NO_RECORDED_FACTOR_PRP_OR_LL_RESULT_AND_NO_ACTIVE_GIMPS_ASSIGNMENT,2026-08-08T14:01:06+00:00,UNALLOCATED,,,,,
SLCMP585-3129,3129,3129,288655193,2^288655193-1,STRUCTURAL_SCREEN_EXHAUSTED_PRIMALITY_UNASSIGNED,GF3A_DIRECTIONAL_WRITE_EXHAUSTED_PRIMALITY_UNASSIGNED,513,512,512,NO_RECORDED_FACTOR_PRP_OR_LL_RESULT_AND_NO_ACTIVE_GIMPS_ASSIGNMENT,2026-08-08T14:01:06+00:00,UNALLOCATED,,,,,
SLCMP585-3130,3130,3130,288655261,2^288655261-1,STRUCTURAL_SCREEN_EXHAUSTED_PRIMALITY_UNASSIGNED,GF3A_DIRECTIONAL_WRITE_EXHAUSTED_PRIMALITY_UNASSIGNED,513,512,512,NO_RECORDED_FACTOR_PRP_OR_LL_RESULT_AND_NO_ACTIVE_GIMPS_ASSIGNMENT,2026-08-08T14:01:06+00:00,UNALLOCATED,,,,,
SLCMP585-3131,3131,3131,288655303,2^288655303-1,STRUCTURAL_SCREEN_EXHAUSTED_PRIMALITY_UNASSIGNED,GF3A_DIRECTIONAL_WRITE_EXHAUSTED_PRIMALITY_UNASSIGNED,514,512,512,NO_RECORDED_FACTOR_PRP_OR_LL_RESULT_AND_NO_ACTIVE_GIMPS_ASSIGNMENT,2026-08-08T14:01:06+00:00,UNALLOCATED,,,,,
SLCMP585-3132,3132,3132,288655307,2^288655307-1,STRUCTURAL_SCREEN_EXHAUSTED_PRIMALITY_UNASSIGNED,GF3A_DIRECTIONAL_WRITE_EXHAUSTED_PRIMALITY_UNASSIGNED,514,512,512,NO_RECORDED_FACTOR_PRP_OR_LL_RESULT_AND_NO_ACTIVE_GIMPS_ASSIGNMENT,2026-08-08T14:01:06+00:00,UNALLOCATED,,,,,
SLCMP585-3133,3133,3133,288655327,2^288655327-1,STRUCTURAL_SCREEN_EXHAUSTED_PRIMALITY_UNASSIGNED,GF3A_DIRECTIONAL_WRITE_EXHAUSTED_PRIMALITY_UNASSIGNED,514,512,512,NO_RECORDED_FACTOR_PRP_OR_LL_RESULT_AND_NO_ACTIVE_GIMPS_ASSIGNMENT,2026-08-08T14:01:06+00:00,UNALLOCATED,,,,,
SLCMP585-3134,3134,3134,288655397,2^288655397-1,STRUCTURAL_SCREEN_EXHAUSTED_PRIMALITY_UNASSIGNED,GF3A_DIRECTIONAL_WRITE_EXHAUSTED_PRIMALITY_UNASSIGNED,513,512,512,NO_RECORDED_FACTOR_PRP_OR_LL_RESULT_AND_NO_ACTIVE_GIMPS_ASSIGNMENT,2026-08-08T14:01:06+00:00,UNALLOCATED,,,,,
SLCMP585-3135,3135,3135,288655483,2^288655483-1,STRUCTURAL_SCREEN_EXHAUSTED_PRIMALITY_UNASSIGNED,GF3A_DIRECTIONAL_WRITE_EXHAUSTED_PRIMALITY_UNASSIGNED,514,512,512,NO_RECORDED_FACTOR_PRP_OR_LL_RESULT_AND_NO_ACTIVE_GIMPS_ASSIGNMENT,2026-08-08T14:01:06+00:00,UNALLOCATED,,,,,
SLCMP585-3136,3136,3136,288655519,2^288655519-1,STRUCTURAL_SCREEN_EXHAUSTED_PRIMALITY_UNASSIGNED,GF3A_DIRECTIONAL_WRITE_EXHAUSTED_PRIMALITY_UNASSIGNED,514,512,512,NO_RECORDED_FACTOR_PRP_OR_LL_RESULT_AND_NO_ACTIVE_GIMPS_ASSIGNMENT,2026-08-08T14:01:06+00:00,UNALLOCATED,,,,,
SLCMP585-3137,3137,3137,288655613,2^288655613-1,STRUCTURAL_SCREEN_EXHAUSTED_PRIMALITY_UNASSIGNED,GF3A_DIRECTIONAL_WRITE_EXHAUSTED_PRIMALITY_UNASSIGNED,513,512,512,NO_RECORDED_FACTOR_PRP_OR_LL_RESULT_AND_NO_ACTIVE_GIMPS_ASSIGNMENT,2026-08-08T14:01:06+00:00,UNALLOCATED,,,,,
SLCMP585-3138,3138,3138,288655693,2^288655693-1,STRUCTURAL_SCREEN_EXHAUSTED_PRIMALITY_UNASSIGNED,GF3A_DIRECTIONAL_WRITE_EXHAUSTED_PRIMALITY_UNASSIGNED,513,512,512,NO_RECORDED_FACTOR_PRP_OR_LL_RESULT_AND_NO_ACTIVE_GIMPS_ASSIGNMENT,2026-08-08T14:01:06+00:00,UNALLOCATED,,,,,
SLCMP585-3139,3139,3139,288655751,2^288655751-1,STRUCTURAL_SCREEN_EXHAUSTED_PRIMALITY_UNASSIGNED,GF3A_DIRECTIONAL_WRITE_EXHAUSTED_PRIMALITY_UNASSIGNED,514,512,512,NO_RECORDED_FACTOR_PRP_OR_LL_RESULT_AND_NO_ACTIVE_GIMPS_ASSIGNMENT,2026-08-08T14:01:06+00:00,UNALLOCATED,,,,,
SLCMP585-3140,3140,3140,288655777,2^288655777-1,STRUCTURAL_SCREEN_EXHAUSTED_PRIMALITY_UNASSIGNED,GF3A_DIRECTIONAL_WRITE_EXHAUSTED_PRIMALITY_UNASSIGNED,513,512,512,NO_RECORDED_FACTOR_PRP_OR_LL_RESULT_AND_NO_ACTIVE_GIMPS_ASSIGNMENT,2026-08-08T14:01:06+00:00,UNALLOCATED,,,,,
SLCMP585-3141,3141,3141,288655793,2^288655793-1,STRUCTURAL_SCREEN_EXHAUSTED_PRIMALITY_UNASSIGNED,GF3A_DIRECTIONAL_WRITE_EXHAUSTED_PRIMALITY_UNASSIGNED,513,512,512,NO_RECORDED_FACTOR_PRP_OR_LL_RESULT_AND_NO_ACTIVE_GIMPS_ASSIGNMENT,2026-08-08T14:01:06+00:00,UNALLOCATED,,,,,
SLCMP585-3142,3142,3142,288655831,2^288655831-1,STRUCTURAL_SCREEN_EXHAUSTED_PRIMALITY_UNASSIGNED,GF3A_DIRECTIONAL_WRITE_EXHAUSTED_PRIMALITY_UNASSIGNED,514,512,512,NO_RECORDED_FACTOR_PRP_OR_LL_RESULT_AND_NO_ACTIVE_GIMPS_ASSIGNMENT,2026-08-08T14:01:06+00:00,UNALLOCATED,,,,,
SLCMP585-3143,3143,3143,288655853,2^288655853-1,STRUCTURAL_SCREEN_EXHAUSTED_PRIMALITY_UNASSIGNED,GF3A_DIRECTIONAL_WRITE_EXHAUSTED_PRIMALITY_UNASSIGNED,513,512,512,NO_RECORDED_FACTOR_PRP_OR_LL_RESULT_AND_NO_ACTIVE_GIMPS_ASSIGNMENT,2026-08-08T14:01:06+00:00,UNALLOCATED,,,,,
SLCMP585-3144,3144,3144,288656191,2^288656191-1,STRUCTURAL_SCREEN_EXHAUSTED_PRIMALITY_UNASSIGNED,GF3A_DIRECTIONAL_WRITE_EXHAUSTED_PRIMALITY_UNASSIGNED,514,512,512,NO_RECORDED_FACTOR_PRP_OR_LL_RESULT_AND_NO_ACTIVE_GIMPS_ASSIGNMENT,2026-08-08T14:01:06+00:00,UNALLOCATED,,,,,
SLCMP585-3145,3145,3145,288656213,2^288656213-1,STRUCTURAL_SCREEN_EXHAUSTED_PRIMALITY_UNASSIGNED,GF3A_DIRECTIONAL_WRITE_EXHAUSTED_PRIMALITY_UNASSIGNED,513,512,512,NO_RECORDED_FACTOR_PRP_OR_LL_RESULT_AND_NO_ACTIVE_GIMPS_ASSIGNMENT,2026-08-08T14:01:06+00:00,UNALLOCATED,,,,,
SLCMP585-3146,3146,3146,288656317,2^288656317-1,STRUCTURAL_SCREEN_EXHAUSTED_PRIMALITY_UNASSIGNED,GF3A_DIRECTIONAL_WRITE_EXHAUSTED_PRIMALITY_UNASSIGNED,513,512,512,NO_RECORDED_FACTOR_PRP_OR_LL_RESULT_AND_NO_ACTIVE_GIMPS_ASSIGNMENT,2026-08-08T14:01:06+00:00,UNALLOCATED,,,,,
SLCMP585-3147,3147,3147,288656323,2^288656323-1,STRUCTURAL_SCREEN_EXHAUSTED_PRIMALITY_UNASSIGNED,GF3A_DIRECTIONAL_WRITE_EXHAUSTED_PRIMALITY_UNASSIGNED,514,512,512,NO_RECORDED_FACTOR_PRP_OR_LL_RESULT_AND_NO_ACTIVE_GIMPS_ASSIGNMENT,2026-08-08T14:01:06+00:00,UNALLOCATED,,,,,
SLCMP585-3148,3148,3148,288656387,2^288656387-1,STRUCTURAL_SCREEN_EXHAUSTED_PRIMALITY_UNASSIGNED,GF3A_DIRECTIONAL_WRITE_EXHAUSTED_PRIMALITY_UNASSIGNED,514,512,512,NO_RECORDED_FACTOR_PRP_OR_LL_RESULT_AND_NO_ACTIVE_GIMPS_ASSIGNMENT,2026-08-08T14:01:06+00:00,UNALLOCATED,,,,,
SLCMP585-3149,3149,3149,288656521,2^288656521-1,STRUCTURAL_SCREEN_EXHAUSTED_PRIMALITY_UNASSIGNED,GF3A_DIRECTIONAL_WRITE_EXHAUSTED_PRIMALITY_UNASSIGNED,513,512,512,NO_RECORDED_FACTOR_PRP_OR_LL_RESULT_AND_NO_ACTIVE_GIMPS_ASSIGNMENT,2026-08-08T14:01:06+00:00,UNALLOCATED,,,,,
SLCMP585-3150,3150,3150,288656539,2^288656539-1,STRUCTURAL_SCREEN_EXHAUSTED_PRIMALITY_UNASSIGNED,GF3A_DIRECTIONAL_WRITE_EXHAUSTED_PRIMALITY_UNASSIGNED,514,512,512,NO_RECORDED_FACTOR_PRP_OR_LL_RESULT_AND_NO_ACTIVE_GIMPS_ASSIGNMENT,2026-08-08T14:01:06+00:00,UNALLOCATED,,,,,
SLCMP585-3151,3151,3151,288656567,2^288656567-1,STRUCTURAL_SCREEN_EXHAUSTED_PRIMALITY_UNASSIGNED,GF3A_DIRECTIONAL_WRITE_EXHAUSTED_PRIMALITY_UNASSIGNED,514,512,512,NO_RECORDED_FACTOR_PRP_OR_LL_RESULT_AND_NO_ACTIVE_GIMPS_ASSIGNMENT,2026-08-08T14:01:06+00:00,UNALLOCATED,,,,,
SLCMP585-3152,3152,3152,288656611,2^288656611-1,STRUCTURAL_SCREEN_EXHAUSTED_PRIMALITY_UNASSIGNED,GF3A_DIRECTIONAL_WRITE_EXHAUSTED_PRIMALITY_UNASSIGNED,514,512,512,NO_RECORDED_FACTOR_PRP_OR_LL_RESULT_AND_NO_ACTIVE_GIMPS_ASSIGNMENT,2026-08-08T14:01:06+00:00,UNALLOCATED,,,,,
SLCMP585-3153,3153,3153,288656639,2^288656639-1,STRUCTURAL_SCREEN_EXHAUSTED_PRIMALITY_UNASSIGNED,GF3A_DIRECTIONAL_WRITE_EXHAUSTED_PRIMALITY_UNASSIGNED,514,512,512,NO_RECORDED_FACTOR_PRP_OR_LL_RESULT_AND_NO_ACTIVE_GIMPS_ASSIGNMENT,2026-08-08T14:01:06+00:00,UNALLOCATED,,,,,
SLCMP585-3154,3154,3154,288656659,2^288656659-1,STRUCTURAL_SCREEN_EXHAUSTED_PRIMALITY_UNASSIGNED,GF3A_DIRECTIONAL_WRITE_EXHAUSTED_PRIMALITY_UNASSIGNED,514,512,512,NO_RECORDED_FACTOR_PRP_OR_LL_RESULT_AND_NO_ACTIVE_GIMPS_ASSIGNMENT,2026-08-08T14:01:06+00:00,UNALLOCATED,,,,,
SLCMP585-3155,3155,3155,288656803,2^288656803-1,STRUCTURAL_SCREEN_EXHAUSTED_PRIMALITY_UNASSIGNED,GF3A_DIRECTIONAL_WRITE_EXHAUSTED_PRIMALITY_UNASSIGNED,514,512,512,NO_RECORDED_FACTOR_PRP_OR_LL_RESULT_AND_NO_ACTIVE_GIMPS_ASSIGNMENT,2026-08-08T14:01:06+00:00,UNALLOCATED,,,,,
SLCMP585-3156,3156,3156,288656891,2^288656891-1,STRUCTURAL_SCREEN_EXHAUSTED_PRIMALITY_UNASSIGNED,GF3A_DIRECTIONAL_WRITE_EXHAUSTED_PRIMALITY_UNASSIGNED,514,512,512,NO_RECORDED_FACTOR_PRP_OR_LL_RESULT_AND_NO_ACTIVE_GIMPS_ASSIGNMENT,2026-08-08T14:01:06+00:00,UNALLOCATED,,,,,
SLCMP585-3157,3157,3157,288656947,2^288656947-1,STRUCTURAL_SCREEN_EXHAUSTED_PRIMALITY_UNASSIGNED,GF3A_DIRECTIONAL_WRITE_EXHAUSTED_PRIMALITY_UNASSIGNED,514,512,512,NO_RECORDED_FACTOR_PRP_OR_LL_RESULT_AND_NO_ACTIVE_GIMPS_ASSIGNMENT,2026-08-08T14:01:06+00:00,UNALLOCATED,,,,,
SLCMP585-3158,3158,3158,288656989,2^288656989-1,STRUCTURAL_SCREEN_EXHAUSTED_PRIMALITY_UNASSIGNED,GF3A_DIRECTIONAL_WRITE_EXHAUSTED_PRIMALITY_UNASSIGNED,513,512,512,NO_RECORDED_FACTOR_PRP_OR_LL_RESULT_AND_NO_ACTIVE_GIMPS_ASSIGNMENT,2026-08-08T14:01:06+00:00,UNALLOCATED,,,,,
SLCMP585-3159,3159,3159,288657037,2^288657037-1,STRUCTURAL_SCREEN_EXHAUSTED_PRIMALITY_UNASSIGNED,GF3A_DIRECTIONAL_WRITE_EXHAUSTED_PRIMALITY_UNASSIGNED,513,512,512,NO_RECORDED_FACTOR_PRP_OR_LL_RESULT_AND_NO_ACTIVE_GIMPS_ASSIGNMENT,2026-08-08T14:01:06+00:00,UNALLOCATED,,,,,
SLCMP585-3160,3160,3160,288657071,2^288657071-1,STRUCTURAL_SCREEN_EXHAUSTED_PRIMALITY_UNASSIGNED,GF3A_DIRECTIONAL_WRITE_EXHAUSTED_PRIMALITY_UNASSIGNED,514,512,512,NO_RECORDED_FACTOR_PRP_OR_LL_RESULT_AND_NO_ACTIVE_GIMPS_ASSIGNMENT,2026-08-08T14:01:06+00:00,UNALLOCATED,,,,,
SLCMP585-3161,3161,3161,288657163,2^288657163-1,STRUCTURAL_SCREEN_EXHAUSTED_PRIMALITY_UNASSIGNED,GF3A_DIRECTIONAL_WRITE_EXHAUSTED_PRIMALITY_UNASSIGNED,514,512,512,NO_RECORDED_FACTOR_PRP_OR_LL_RESULT_AND_NO_ACTIVE_GIMPS_ASSIGNMENT,2026-08-08T14:01:06+00:00,UNALLOCATED,,,,,
SLCMP585-3162,3162,3162,288657167,2^288657167-1,STRUCTURAL_SCREEN_EXHAUSTED_PRIMALITY_UNASSIGNED,GF3A_DIRECTIONAL_WRITE_EXHAUSTED_PRIMALITY_UNASSIGNED,514,512,512,NO_RECORDED_FACTOR_PRP_OR_LL_RESULT_AND_NO_ACTIVE_GIMPS_ASSIGNMENT,2026-08-08T14:01:06+00:00,UNALLOCATED,,,,,
SLCMP585-3163,3163,3163,288657211,2^288657211-1,STRUCTURAL_SCREEN_EXHAUSTED_PRIMALITY_UNASSIGNED,GF3A_DIRECTIONAL_WRITE_EXHAUSTED_PRIMALITY_UNASSIGNED,514,512,512,NO_RECORDED_FACTOR_PRP_OR_LL_RESULT_AND_NO_ACTIVE_GIMPS_ASSIGNMENT,2026-08-08T14:01:06+00:00,UNALLOCATED,,,,,
SLCMP585-3164,3164,3164,288657289,2^288657289-1,STRUCTURAL_SCREEN_EXHAUSTED_PRIMALITY_UNASSIGNED,GF3A_DIRECTIONAL_WRITE_EXHAUSTED_PRIMALITY_UNASSIGNED,513,512,512,NO_RECORDED_FACTOR_PRP_OR_LL_RESULT_AND_NO_ACTIVE_GIMPS_ASSIGNMENT,2026-08-08T14:01:06+00:00,UNALLOCATED,,,,,
SLCMP585-3165,3165,3165,288657319,2^288657319-1,STRUCTURAL_SCREEN_EXHAUSTED_PRIMALITY_UNASSIGNED,GF3A_DIRECTIONAL_WRITE_EXHAUSTED_PRIMALITY_UNASSIGNED,514,512,512,NO_RECORDED_FACTOR_PRP_OR_LL_RESULT_AND_NO_ACTIVE_GIMPS_ASSIGNMENT,2026-08-08T14:01:06+00:00,UNALLOCATED,,,,,
SLCMP585-3166,3166,3166,288657361,2^288657361-1,STRUCTURAL_SCREEN_EXHAUSTED_PRIMALITY_UNASSIGNED,GF3A_DIRECTIONAL_WRITE_EXHAUSTED_PRIMALITY_UNASSIGNED,513,512,512,NO_RECORDED_FACTOR_PRP_OR_LL_RESULT_AND_NO_ACTIVE_GIMPS_ASSIGNMENT,2026-08-08T14:01:06+00:00,UNALLOCATED,,,,,
SLCMP585-3167,3167,3167,288657401,2^288657401-1,STRUCTURAL_SCREEN_EXHAUSTED_PRIMALITY_UNASSIGNED,GF3A_DIRECTIONAL_WRITE_EXHAUSTED_PRIMALITY_UNASSIGNED,513,512,512,NO_RECORDED_FACTOR_PRP_OR_LL_RESULT_AND_NO_ACTIVE_GIMPS_ASSIGNMENT,2026-08-08T14:01:06+00:00,UNALLOCATED,,,,,
SLCMP585-3168,3168,3168,288657497,2^288657497-1,STRUCTURAL_SCREEN_EXHAUSTED_PRIMALITY_UNASSIGNED,GF3A_DIRECTIONAL_WRITE_EXHAUSTED_PRIMALITY_UNASSIGNED,513,512,512,NO_RECORDED_FACTOR_PRP_OR_LL_RESULT_AND_NO_ACTIVE_GIMPS_ASSIGNMENT,2026-08-08T14:01:06+00:00,UNALLOCATED,,,,,
SLCMP585-3169,3169,3169,288657511,2^288657511-1,STRUCTURAL_SCREEN_EXHAUSTED_PRIMALITY_UNASSIGNED,GF3A_DIRECTIONAL_WRITE_EXHAUSTED_PRIMALITY_UNASSIGNED,514,512,512,NO_RECORDED_FACTOR_PRP_OR_LL_RESULT_AND_NO_ACTIVE_GIMPS_ASSIGNMENT,2026-08-08T14:01:06+00:00,UNALLOCATED,,,,,
SLCMP585-3170,3170,3170,288657541,2^288657541-1,STRUCTURAL_SCREEN_EXHAUSTED_PRIMALITY_UNASSIGNED,GF3A_DIRECTIONAL_WRITE_EXHAUSTED_PRIMALITY_UNASSIGNED,513,512,512,NO_RECORDED_FACTOR_PRP_OR_LL_RESULT_AND_NO_ACTIVE_GIMPS_ASSIGNMENT,2026-08-08T14:01:06+00:00,UNALLOCATED,,,,,
SLCMP585-3171,3171,3171,288657571,2^288657571-1,STRUCTURAL_SCREEN_EXHAUSTED_PRIMALITY_UNASSIGNED,GF3A_DIRECTIONAL_WRITE_EXHAUSTED_PRIMALITY_UNASSIGNED,514,512,512,NO_RECORDED_FACTOR_PRP_OR_LL_RESULT_AND_NO_ACTIVE_GIMPS_ASSIGNMENT,2026-08-08T14:01:06+00:00,UNALLOCATED,,,,,
SLCMP585-3172,3172,3172,288657601,2^288657601-1,STRUCTURAL_SCREEN_EXHAUSTED_PRIMALITY_UNASSIGNED,GF3A_DIRECTIONAL_WRITE_EXHAUSTED_PRIMALITY_UNASSIGNED,513,512,512,NO_RECORDED_FACTOR_PRP_OR_LL_RESULT_AND_NO_ACTIVE_GIMPS_ASSIGNMENT,2026-08-08T14:01:06+00:00,UNALLOCATED,,,,,
SLCMP585-3173,3173,3173,288657643,2^288657643-1,STRUCTURAL_SCREEN_EXHAUSTED_PRIMALITY_UNASSIGNED,GF3A_DIRECTIONAL_WRITE_EXHAUSTED_PRIMALITY_UNASSIGNED,514,512,512,NO_RECORDED_FACTOR_PRP_OR_LL_RESULT_AND_NO_ACTIVE_GIMPS_ASSIGNMENT,2026-08-08T14:01:06+00:00,UNALLOCATED,,,,,
SLCMP585-3174,3174,3174,288657703,2^288657703-1,STRUCTURAL_SCREEN_EXHAUSTED_PRIMALITY_UNASSIGNED,GF3A_DIRECTIONAL_WRITE_EXHAUSTED_PRIMALITY_UNASSIGNED,514,512,512,NO_RECORDED_FACTOR_PRP_OR_LL_RESULT_AND_NO_ACTIVE_GIMPS_ASSIGNMENT,2026-08-08T14:01:06+00:00,UNALLOCATED,,,,,
SLCMP585-3175,3175,3175,288657827,2^288657827-1,STRUCTURAL_SCREEN_EXHAUSTED_PRIMALITY_UNASSIGNED,GF3A_DIRECTIONAL_WRITE_EXHAUSTED_PRIMALITY_UNASSIGNED,514,512,512,NO_RECORDED_FACTOR_PRP_OR_LL_RESULT_AND_NO_ACTIVE_GIMPS_ASSIGNMENT,2026-08-08T14:01:06+00:00,UNALLOCATED,,,,,
SLCMP585-3176,3176,3176,288657907,2^288657907-1,STRUCTURAL_SCREEN_EXHAUSTED_PRIMALITY_UNASSIGNED,GF3A_DIRECTIONAL_WRITE_EXHAUSTED_PRIMALITY_UNASSIGNED,514,512,512,NO_RECORDED_FACTOR_PRP_OR_LL_RESULT_AND_NO_ACTIVE_GIMPS_ASSIGNMENT,2026-08-08T14:01:06+00:00,UNALLOCATED,,,,,
SLCMP585-3177,3177,3177,288657931,2^288657931-1,STRUCTURAL_SCREEN_EXHAUSTED_PRIMALITY_UNASSIGNED,GF3A_DIRECTIONAL_WRITE_EXHAUSTED_PRIMALITY_UNASSIGNED,514,512,512,NO_RECORDED_FACTOR_PRP_OR_LL_RESULT_AND_NO_ACTIVE_GIMPS_ASSIGNMENT,2026-08-08T14:01:06+00:00,UNALLOCATED,,,,,
SLCMP585-3178,3178,3178,288657947,2^288657947-1,STRUCTURAL_SCREEN_EXHAUSTED_PRIMALITY_UNASSIGNED,GF3A_DIRECTIONAL_WRITE_EXHAUSTED_PRIMALITY_UNASSIGNED,514,512,512,NO_RECORDED_FACTOR_PRP_OR_LL_RESULT_AND_NO_ACTIVE_GIMPS_ASSIGNMENT,2026-08-08T14:01:06+00:00,UNALLOCATED,,,,,
SLCMP585-3179,3179,3179,288657949,2^288657949-1,STRUCTURAL_SCREEN_EXHAUSTED_PRIMALITY_UNASSIGNED,GF3A_DIRECTIONAL_WRITE_EXHAUSTED_PRIMALITY_UNASSIGNED,513,512,512,NO_RECORDED_FACTOR_PRP_OR_LL_RESULT_AND_NO_ACTIVE_GIMPS_ASSIGNMENT,2026-08-08T14:01:06+00:00,UNALLOCATED,,,,,
SLCMP585-3180,3180,3180,288657961,2^288657961-1,STRUCTURAL_SCREEN_EXHAUSTED_PRIMALITY_UNASSIGNED,GF3A_DIRECTIONAL_WRITE_EXHAUSTED_PRIMALITY_UNASSIGNED,513,512,512,NO_RECORDED_FACTOR_PRP_OR_LL_RESULT_AND_NO_ACTIVE_GIMPS_ASSIGNMENT,2026-08-08T14:01:06+00:00,UNALLOCATED,,,,,
SLCMP585-3181,3181,3181,288657989,2^288657989-1,STRUCTURAL_SCREEN_EXHAUSTED_PRIMALITY_UNASSIGNED,GF3A_DIRECTIONAL_WRITE_EXHAUSTED_PRIMALITY_UNASSIGNED,513,512,512,NO_RECORDED_FACTOR_PRP_OR_LL_RESULT_AND_NO_ACTIVE_GIMPS_ASSIGNMENT,2026-08-08T14:01:06+00:00,UNALLOCATED,,,,,
SLCMP585-3182,3182,3182,288658171,2^288658171-1,STRUCTURAL_SCREEN_EXHAUSTED_PRIMALITY_UNASSIGNED,GF3A_DIRECTIONAL_WRITE_EXHAUSTED_PRIMALITY_UNASSIGNED,514,512,512,NO_RECORDED_FACTOR_PRP_OR_LL_RESULT_AND_NO_ACTIVE_GIMPS_ASSIGNMENT,2026-08-08T14:01:06+00:00,UNALLOCATED,,,,,
SLCMP585-3183,3183,3183,288658187,2^288658187-1,STRUCTURAL_SCREEN_EXHAUSTED_PRIMALITY_UNASSIGNED,GF3A_DIRECTIONAL_WRITE_EXHAUSTED_PRIMALITY_UNASSIGNED,514,512,512,NO_RECORDED_FACTOR_PRP_OR_LL_RESULT_AND_NO_ACTIVE_GIMPS_ASSIGNMENT,2026-08-08T14:01:06+00:00,UNALLOCATED,,,,,
SLCMP585-3184,3184,3184,288658213,2^288658213-1,STRUCTURAL_SCREEN_EXHAUSTED_PRIMALITY_UNASSIGNED,GF3A_DIRECTIONAL_WRITE_EXHAUSTED_PRIMALITY_UNASSIGNED,513,512,512,NO_RECORDED_FACTOR_PRP_OR_LL_RESULT_AND_NO_ACTIVE_GIMPS_ASSIGNMENT,2026-08-08T14:01:06+00:00,UNALLOCATED,,,,,
SLCMP585-3185,3185,3185,288658219,2^288658219-1,STRUCTURAL_SCREEN_EXHAUSTED_PRIMALITY_UNASSIGNED,GF3A_DIRECTIONAL_WRITE_EXHAUSTED_PRIMALITY_UNASSIGNED,514,512,512,NO_RECORDED_FACTOR_PRP_OR_LL_RESULT_AND_NO_ACTIVE_GIMPS_ASSIGNMENT,2026-08-08T14:01:06+00:00,UNALLOCATED,,,,,
SLCMP585-3186,3186,3186,288658289,2^288658289-1,STRUCTURAL_SCREEN_EXHAUSTED_PRIMALITY_UNASSIGNED,GF3A_DIRECTIONAL_WRITE_EXHAUSTED_PRIMALITY_UNASSIGNED,513,512,512,NO_RECORDED_FACTOR_PRP_OR_LL_RESULT_AND_NO_ACTIVE_GIMPS_ASSIGNMENT,2026-08-08T14:01:06+00:00,UNALLOCATED,,,,,
SLCMP585-3187,3187,3187,288658367,2^288658367-1,STRUCTURAL_SCREEN_EXHAUSTED_PRIMALITY_UNASSIGNED,GF3A_DIRECTIONAL_WRITE_EXHAUSTED_PRIMALITY_UNASSIGNED,514,512,512,NO_RECORDED_FACTOR_PRP_OR_LL_RESULT_AND_NO_ACTIVE_GIMPS_ASSIGNMENT,2026-08-08T14:01:06+00:00,UNALLOCATED,,,,,
SLCMP585-3188,3188,3188,288658457,2^288658457-1,STRUCTURAL_SCREEN_EXHAUSTED_PRIMALITY_UNASSIGNED,GF3A_DIRECTIONAL_WRITE_EXHAUSTED_PRIMALITY_UNASSIGNED,513,512,512,NO_RECORDED_FACTOR_PRP_OR_LL_RESULT_AND_NO_ACTIVE_GIMPS_ASSIGNMENT,2026-08-08T14:01:06+00:00,UNALLOCATED,,,,,
SLCMP585-3189,3189,3189,288658459,2^288658459-1,STRUCTURAL_SCREEN_EXHAUSTED_PRIMALITY_UNASSIGNED,GF3A_DIRECTIONAL_WRITE_EXHAUSTED_PRIMALITY_UNASSIGNED,514,512,512,NO_RECORDED_FACTOR_PRP_OR_LL_RESULT_AND_NO_ACTIVE_GIMPS_ASSIGNMENT,2026-08-08T14:01:06+00:00,UNALLOCATED,,,,,
SLCMP585-3190,3190,3190,288658463,2^288658463-1,STRUCTURAL_SCREEN_EXHAUSTED_PRIMALITY_UNASSIGNED,GF3A_DIRECTIONAL_WRITE_EXHAUSTED_PRIMALITY_UNASSIGNED,514,512,512,NO_RECORDED_FACTOR_PRP_OR_LL_RESULT_AND_NO_ACTIVE_GIMPS_ASSIGNMENT,2026-08-08T14:01:06+00:00,UNALLOCATED,,,,,
SLCMP585-3191,3191,3191,288658477,2^288658477-1,STRUCTURAL_SCREEN_EXHAUSTED_PRIMALITY_UNASSIGNED,GF3A_DIRECTIONAL_WRITE_EXHAUSTED_PRIMALITY_UNASSIGNED,513,512,512,NO_RECORDED_FACTOR_PRP_OR_LL_RESULT_AND_NO_ACTIVE_GIMPS_ASSIGNMENT,2026-08-08T14:01:06+00:00,UNALLOCATED,,,,,
SLCMP585-3192,3192,3192,288658529,2^288658529-1,STRUCTURAL_SCREEN_EXHAUSTED_PRIMALITY_UNASSIGNED,GF3A_DIRECTIONAL_WRITE_EXHAUSTED_PRIMALITY_UNASSIGNED,513,512,512,NO_RECORDED_FACTOR_PRP_OR_LL_RESULT_AND_NO_ACTIVE_GIMPS_ASSIGNMENT,2026-08-08T14:01:06+00:00,UNALLOCATED,,,,,
SLCMP585-3193,3193,3193,288658627,2^288658627-1,STRUCTURAL_SCREEN_EXHAUSTED_PRIMALITY_UNASSIGNED,GF3A_DIRECTIONAL_WRITE_EXHAUSTED_PRIMALITY_UNASSIGNED,514,512,512,NO_RECORDED_FACTOR_PRP_OR_LL_RESULT_AND_NO_ACTIVE_GIMPS_ASSIGNMENT,2026-08-08T14:01:06+00:00,UNALLOCATED,,,,,
SLCMP585-3194,3194,3194,288658661,2^288658661-1,STRUCTURAL_SCREEN_EXHAUSTED_PRIMALITY_UNASSIGNED,GF3A_DIRECTIONAL_WRITE_EXHAUSTED_PRIMALITY_UNASSIGNED,513,512,512,NO_RECORDED_FACTOR_PRP_OR_LL_RESULT_AND_NO_ACTIVE_GIMPS_ASSIGNMENT,2026-08-08T14:01:06+00:00,UNALLOCATED,,,,,
SLCMP585-3195,3195,3195,288658687,2^288658687-1,STRUCTURAL_SCREEN_EXHAUSTED_PRIMALITY_UNASSIGNED,GF3A_DIRECTIONAL_WRITE_EXHAUSTED_PRIMALITY_UNASSIGNED,514,512,512,NO_RECORDED_FACTOR_PRP_OR_LL_RESULT_AND_NO_ACTIVE_GIMPS_ASSIGNMENT,2026-08-08T14:01:06+00:00,UNALLOCATED,,,,,
SLCMP585-3196,3196,3196,288658751,2^288658751-1,STRUCTURAL_SCREEN_EXHAUSTED_PRIMALITY_UNASSIGNED,GF3A_DIRECTIONAL_WRITE_EXHAUSTED_PRIMALITY_UNASSIGNED,514,512,512,NO_RECORDED_FACTOR_PRP_OR_LL_RESULT_AND_NO_ACTIVE_GIMPS_ASSIGNMENT,2026-08-08T14:01:06+00:00,UNALLOCATED,,,,,
SLCMP585-3197,3197,3197,288658753,2^288658753-1,STRUCTURAL_SCREEN_EXHAUSTED_PRIMALITY_UNASSIGNED,GF3A_DIRECTIONAL_WRITE_EXHAUSTED_PRIMALITY_UNASSIGNED,513,512,512,NO_RECORDED_FACTOR_PRP_OR_LL_RESULT_AND_NO_ACTIVE_GIMPS_ASSIGNMENT,2026-08-08T14:01:06+00:00,UNALLOCATED,,,,,
SLCMP585-3198,3198,3198,288658831,2^288658831-1,STRUCTURAL_SCREEN_EXHAUSTED_PRIMALITY_UNASSIGNED,GF3A_DIRECTIONAL_WRITE_EXHAUSTED_PRIMALITY_UNASSIGNED,514,512,512,NO_RECORDED_FACTOR_PRP_OR_LL_RESULT_AND_NO_ACTIVE_GIMPS_ASSIGNMENT,2026-08-08T14:01:06+00:00,UNALLOCATED,,,,,
SLCMP585-3199,3199,3199,288658859,2^288658859-1,STRUCTURAL_SCREEN_EXHAUSTED_PRIMALITY_UNASSIGNED,GF3A_DIRECTIONAL_WRITE_EXHAUSTED_PRIMALITY_UNASSIGNED,514,512,512,NO_RECORDED_FACTOR_PRP_OR_LL_RESULT_AND_NO_ACTIVE_GIMPS_ASSIGNMENT,2026-08-08T14:01:06+00:00,UNALLOCATED,,,,,
SLCMP585-3200,3200,3200,288658967,2^288658967-1,STRUCTURAL_SCREEN_EXHAUSTED_PRIMALITY_UNASSIGNED,GF3A_DIRECTIONAL_WRITE_EXHAUSTED_PRIMALITY_UNASSIGNED,514,512,512,NO_RECORDED_FACTOR_PRP_OR_LL_RESULT_AND_NO_ACTIVE_GIMPS_ASSIGNMENT,2026-08-08T14:01:06+00:00,UNALLOCATED,,,,,
SLCMP585-3201,3201,3201,288658973,2^288658973-1,STRUCTURAL_SCREEN_EXHAUSTED_PRIMALITY_UNASSIGNED,GF3A_DIRECTIONAL_WRITE_EXHAUSTED_PRIMALITY_UNASSIGNED,513,512,512,NO_RECORDED_FACTOR_PRP_OR_LL_RESULT_AND_NO_ACTIVE_GIMPS_ASSIGNMENT,2026-08-08T14:01:06+00:00,UNALLOCATED,,,,,
SLCMP585-3202,3202,3202,288658991,2^288658991-1,STRUCTURAL_SCREEN_EXHAUSTED_PRIMALITY_UNASSIGNED,GF3A_DIRECTIONAL_WRITE_EXHAUSTED_PRIMALITY_UNASSIGNED,514,512,512,NO_RECORDED_FACTOR_PRP_OR_LL_RESULT_AND_NO_ACTIVE_GIMPS_ASSIGNMENT,2026-08-08T14:01:06+00:00,UNALLOCATED,,,,,
SLCMP585-3203,3203,3203,288659003,2^288659003-1,STRUCTURAL_SCREEN_EXHAUSTED_PRIMALITY_UNASSIGNED,GF3A_DIRECTIONAL_WRITE_EXHAUSTED_PRIMALITY_UNASSIGNED,514,512,512,NO_RECORDED_FACTOR_PRP_OR_LL_RESULT_AND_NO_ACTIVE_GIMPS_ASSIGNMENT,2026-08-08T14:01:06+00:00,UNALLOCATED,,,,,
SLCMP585-3204,3204,3204,288659081,2^288659081-1,STRUCTURAL_SCREEN_EXHAUSTED_PRIMALITY_UNASSIGNED,GF3A_DIRECTIONAL_WRITE_EXHAUSTED_PRIMALITY_UNASSIGNED,513,512,512,NO_RECORDED_FACTOR_PRP_OR_LL_RESULT_AND_NO_ACTIVE_GIMPS_ASSIGNMENT,2026-08-08T14:01:06+00:00,UNALLOCATED,,,,,
SLCMP585-3205,3205,3205,288659113,2^288659113-1,STRUCTURAL_SCREEN_EXHAUSTED_PRIMALITY_UNASSIGNED,GF3A_DIRECTIONAL_WRITE_EXHAUSTED_PRIMALITY_UNASSIGNED,513,512,512,NO_RECORDED_FACTOR_PRP_OR_LL_RESULT_AND_NO_ACTIVE_GIMPS_ASSIGNMENT,2026-08-08T14:01:06+00:00,UNALLOCATED,,,,,
SLCMP585-3206,3206,3206,288659213,2^288659213-1,STRUCTURAL_SCREEN_EXHAUSTED_PRIMALITY_UNASSIGNED,GF3A_DIRECTIONAL_WRITE_EXHAUSTED_PRIMALITY_UNASSIGNED,513,512,512,NO_RECORDED_FACTOR_PRP_OR_LL_RESULT_AND_NO_ACTIVE_GIMPS_ASSIGNMENT,2026-08-08T14:01:06+00:00,UNALLOCATED,,,,,
SLCMP585-3207,3207,3207,288659279,2^288659279-1,STRUCTURAL_SCREEN_EXHAUSTED_PRIMALITY_UNASSIGNED,GF3A_DIRECTIONAL_WRITE_EXHAUSTED_PRIMALITY_UNASSIGNED,514,512,512,NO_RECORDED_FACTOR_PRP_OR_LL_RESULT_AND_NO_ACTIVE_GIMPS_ASSIGNMENT,2026-08-08T14:01:06+00:00,UNALLOCATED,,,,,
SLCMP585-3208,3208,3208,288659353,2^288659353-1,STRUCTURAL_SCREEN_EXHAUSTED_PRIMALITY_UNASSIGNED,GF3A_DIRECTIONAL_WRITE_EXHAUSTED_PRIMALITY_UNASSIGNED,513,512,512,NO_RECORDED_FACTOR_PRP_OR_LL_RESULT_AND_NO_ACTIVE_GIMPS_ASSIGNMENT,2026-08-08T14:01:06+00:00,UNALLOCATED,,,,,
SLCMP585-3209,3209,3209,288659431,2^288659431-1,STRUCTURAL_SCREEN_EXHAUSTED_PRIMALITY_UNASSIGNED,GF3A_DIRECTIONAL_WRITE_EXHAUSTED_PRIMALITY_UNASSIGNED,514,512,512,NO_RECORDED_FACTOR_PRP_OR_LL_RESULT_AND_NO_ACTIVE_GIMPS_ASSIGNMENT,2026-08-08T14:01:06+00:00,UNALLOCATED,,,,,
SLCMP585-3210,3210,3210,288659479,2^288659479-1,STRUCTURAL_SCREEN_EXHAUSTED_PRIMALITY_UNASSIGNED,GF3A_DIRECTIONAL_WRITE_EXHAUSTED_PRIMALITY_UNASSIGNED,514,512,512,NO_RECORDED_FACTOR_PRP_OR_LL_RESULT_AND_NO_ACTIVE_GIMPS_ASSIGNMENT,2026-08-08T14:01:06+00:00,UNALLOCATED,,,,,
SLCMP585-3211,3211,3211,288659537,2^288659537-1,STRUCTURAL_SCREEN_EXHAUSTED_PRIMALITY_UNASSIGNED,GF3A_DIRECTIONAL_WRITE_EXHAUSTED_PRIMALITY_UNASSIGNED,513,512,512,NO_RECORDED_FACTOR_PRP_OR_LL_RESULT_AND_NO_ACTIVE_GIMPS_ASSIGNMENT,2026-08-08T14:01:06+00:00,UNALLOCATED,,,,,
SLCMP585-3212,3212,3212,288659543,2^288659543-1,STRUCTURAL_SCREEN_EXHAUSTED_PRIMALITY_UNASSIGNED,GF3A_DIRECTIONAL_WRITE_EXHAUSTED_PRIMALITY_UNASSIGNED,514,512,512,NO_RECORDED_FACTOR_PRP_OR_LL_RESULT_AND_NO_ACTIVE_GIMPS_ASSIGNMENT,2026-08-08T14:01:06+00:00,UNALLOCATED,,,,,
SLCMP585-3213,3213,3213,288659561,2^288659561-1,STRUCTURAL_SCREEN_EXHAUSTED_PRIMALITY_UNASSIGNED,GF3A_DIRECTIONAL_WRITE_EXHAUSTED_PRIMALITY_UNASSIGNED,513,512,512,NO_RECORDED_FACTOR_PRP_OR_LL_RESULT_AND_NO_ACTIVE_GIMPS_ASSIGNMENT,2026-08-08T14:01:06+00:00,UNALLOCATED,,,,,
SLCMP585-3214,3214,3214,288659587,2^288659587-1,STRUCTURAL_SCREEN_EXHAUSTED_PRIMALITY_UNASSIGNED,GF3A_DIRECTIONAL_WRITE_EXHAUSTED_PRIMALITY_UNASSIGNED,514,512,512,NO_RECORDED_FACTOR_PRP_OR_LL_RESULT_AND_NO_ACTIVE_GIMPS_ASSIGNMENT,2026-08-08T14:01:06+00:00,UNALLOCATED,,,,,
SLCMP585-3215,3215,3215,288659597,2^288659597-1,STRUCTURAL_SCREEN_EXHAUSTED_PRIMALITY_UNASSIGNED,GF3A_DIRECTIONAL_WRITE_EXHAUSTED_PRIMALITY_UNASSIGNED,513,512,512,NO_RECORDED_FACTOR_PRP_OR_LL_RESULT_AND_NO_ACTIVE_GIMPS_ASSIGNMENT,2026-08-08T14:01:06+00:00,UNALLOCATED,,,,,
SLCMP585-3216,3216,3216,288659611,2^288659611-1,STRUCTURAL_SCREEN_EXHAUSTED_PRIMALITY_UNASSIGNED,GF3A_DIRECTIONAL_WRITE_EXHAUSTED_PRIMALITY_UNASSIGNED,514,512,512,NO_RECORDED_FACTOR_PRP_OR_LL_RESULT_AND_NO_ACTIVE_GIMPS_ASSIGNMENT,2026-08-08T14:01:06+00:00,UNALLOCATED,,,,,
SLCMP585-3217,3217,3217,288659627,2^288659627-1,STRUCTURAL_SCREEN_EXHAUSTED_PRIMALITY_UNASSIGNED,GF3A_DIRECTIONAL_WRITE_EXHAUSTED_PRIMALITY_UNASSIGNED,514,512,512,NO_RECORDED_FACTOR_PRP_OR_LL_RESULT_AND_NO_ACTIVE_GIMPS_ASSIGNMENT,2026-08-08T14:01:06+00:00,UNALLOCATED,,,,,
SLCMP585-3218,3218,3218,288659741,2^288659741-1,STRUCTURAL_SCREEN_EXHAUSTED_PRIMALITY_UNASSIGNED,GF3A_DIRECTIONAL_WRITE_EXHAUSTED_PRIMALITY_UNASSIGNED,513,512,512,NO_RECORDED_FACTOR_PRP_OR_LL_RESULT_AND_NO_ACTIVE_GIMPS_ASSIGNMENT,2026-08-08T14:01:06+00:00,UNALLOCATED,,,,,
SLCMP585-3219,3219,3219,288659849,2^288659849-1,STRUCTURAL_SCREEN_EXHAUSTED_PRIMALITY_UNASSIGNED,GF3A_DIRECTIONAL_WRITE_EXHAUSTED_PRIMALITY_UNASSIGNED,513,512,512,NO_RECORDED_FACTOR_PRP_OR_LL_RESULT_AND_NO_ACTIVE_GIMPS_ASSIGNMENT,2026-08-08T14:01:06+00:00,UNALLOCATED,,,,,
SLCMP585-3220,3220,3220,288659863,2^288659863-1,STRUCTURAL_SCREEN_EXHAUSTED_PRIMALITY_UNASSIGNED,GF3A_DIRECTIONAL_WRITE_EXHAUSTED_PRIMALITY_UNASSIGNED,514,512,512,NO_RECORDED_FACTOR_PRP_OR_LL_RESULT_AND_NO_ACTIVE_GIMPS_ASSIGNMENT,2026-08-08T14:01:06+00:00,UNALLOCATED,,,,,
SLCMP585-3221,3221,3221,288659971,2^288659971-1,STRUCTURAL_SCREEN_EXHAUSTED_PRIMALITY_UNASSIGNED,GF3A_DIRECTIONAL_WRITE_EXHAUSTED_PRIMALITY_UNASSIGNED,514,512,512,NO_RECORDED_FACTOR_PRP_OR_LL_RESULT_AND_NO_ACTIVE_GIMPS_ASSIGNMENT,2026-08-08T14:01:06+00:00,UNALLOCATED,,,,,
SLCMP585-3222,3222,3222,288659981,2^288659981-1,STRUCTURAL_SCREEN_EXHAUSTED_PRIMALITY_UNASSIGNED,GF3A_DIRECTIONAL_WRITE_EXHAUSTED_PRIMALITY_UNASSIGNED,513,512,512,NO_RECORDED_FACTOR_PRP_OR_LL_RESULT_AND_NO_ACTIVE_GIMPS_ASSIGNMENT,2026-08-08T14:01:06+00:00,UNALLOCATED,,,,,
SLCMP585-3223,3223,3223,288660079,2^288660079-1,STRUCTURAL_SCREEN_EXHAUSTED_PRIMALITY_UNASSIGNED,GF3A_DIRECTIONAL_WRITE_EXHAUSTED_PRIMALITY_UNASSIGNED,514,512,512,NO_RECORDED_FACTOR_PRP_OR_LL_RESULT_AND_NO_ACTIVE_GIMPS_ASSIGNMENT,2026-08-08T14:01:06+00:00,UNALLOCATED,,,,,
SLCMP585-3224,3224,3224,288660107,2^288660107-1,STRUCTURAL_SCREEN_EXHAUSTED_PRIMALITY_UNASSIGNED,GF3A_DIRECTIONAL_WRITE_EXHAUSTED_PRIMALITY_UNASSIGNED,514,512,512,NO_RECORDED_FACTOR_PRP_OR_LL_RESULT_AND_NO_ACTIVE_GIMPS_ASSIGNMENT,2026-08-08T14:01:06+00:00,UNALLOCATED,,,,,
SLCMP585-3225,3225,3225,288660157,2^288660157-1,STRUCTURAL_SCREEN_EXHAUSTED_PRIMALITY_UNASSIGNED,GF3A_DIRECTIONAL_WRITE_EXHAUSTED_PRIMALITY_UNASSIGNED,513,512,512,NO_RECORDED_FACTOR_PRP_OR_LL_RESULT_AND_NO_ACTIVE_GIMPS_ASSIGNMENT,2026-08-08T14:01:06+00:00,UNALLOCATED,,,,,
SLCMP585-3226,3226,3226,288660193,2^288660193-1,STRUCTURAL_SCREEN_EXHAUSTED_PRIMALITY_UNASSIGNED,GF3A_DIRECTIONAL_WRITE_EXHAUSTED_PRIMALITY_UNASSIGNED,513,512,512,NO_RECORDED_FACTOR_PRP_OR_LL_RESULT_AND_NO_ACTIVE_GIMPS_ASSIGNMENT,2026-08-08T14:01:06+00:00,UNALLOCATED,,,,,
SLCMP585-3227,3227,3227,288660269,2^288660269-1,STRUCTURAL_SCREEN_EXHAUSTED_PRIMALITY_UNASSIGNED,GF3A_DIRECTIONAL_WRITE_EXHAUSTED_PRIMALITY_UNASSIGNED,513,512,512,NO_RECORDED_FACTOR_PRP_OR_LL_RESULT_AND_NO_ACTIVE_GIMPS_ASSIGNMENT,2026-08-08T14:01:06+00:00,UNALLOCATED,,,,,
SLCMP585-3228,3228,3228,288660277,2^288660277-1,STRUCTURAL_SCREEN_EXHAUSTED_PRIMALITY_UNASSIGNED,GF3A_DIRECTIONAL_WRITE_EXHAUSTED_PRIMALITY_UNASSIGNED,513,512,512,NO_RECORDED_FACTOR_PRP_OR_LL_RESULT_AND_NO_ACTIVE_GIMPS_ASSIGNMENT,2026-08-08T14:01:06+00:00,UNALLOCATED,,,,,
SLCMP585-3229,3229,3229,288660301,2^288660301-1,STRUCTURAL_SCREEN_EXHAUSTED_PRIMALITY_UNASSIGNED,GF3A_DIRECTIONAL_WRITE_EXHAUSTED_PRIMALITY_UNASSIGNED,513,512,512,NO_RECORDED_FACTOR_PRP_OR_LL_RESULT_AND_NO_ACTIVE_GIMPS_ASSIGNMENT,2026-08-08T14:01:06+00:00,UNALLOCATED,,,,,
SLCMP585-3230,3230,3230,288660367,2^288660367-1,STRUCTURAL_SCREEN_EXHAUSTED_PRIMALITY_UNASSIGNED,GF3A_DIRECTIONAL_WRITE_EXHAUSTED_PRIMALITY_UNASSIGNED,514,512,512,NO_RECORDED_FACTOR_PRP_OR_LL_RESULT_AND_NO_ACTIVE_GIMPS_ASSIGNMENT,2026-08-08T14:01:06+00:00,UNALLOCATED,,,,,
SLCMP585-3231,3231,3231,288660431,2^288660431-1,STRUCTURAL_SCREEN_EXHAUSTED_PRIMALITY_UNASSIGNED,GF3A_DIRECTIONAL_WRITE_EXHAUSTED_PRIMALITY_UNASSIGNED,514,512,512,NO_RECORDED_FACTOR_PRP_OR_LL_RESULT_AND_NO_ACTIVE_GIMPS_ASSIGNMENT,2026-08-08T14:01:06+00:00,UNALLOCATED,,,,,
SLCMP585-3232,3232,3232,288660473,2^288660473-1,STRUCTURAL_SCREEN_EXHAUSTED_PRIMALITY_UNASSIGNED,GF3A_DIRECTIONAL_WRITE_EXHAUSTED_PRIMALITY_UNASSIGNED,513,512,512,NO_RECORDED_FACTOR_PRP_OR_LL_RESULT_AND_NO_ACTIVE_GIMPS_ASSIGNMENT,2026-08-08T14:01:06+00:00,UNALLOCATED,,,,,
SLCMP585-3233,3233,3233,288660523,2^288660523-1,STRUCTURAL_SCREEN_EXHAUSTED_PRIMALITY_UNASSIGNED,GF3A_DIRECTIONAL_WRITE_EXHAUSTED_PRIMALITY_UNASSIGNED,514,512,512,NO_RECORDED_FACTOR_PRP_OR_LL_RESULT_AND_NO_ACTIVE_GIMPS_ASSIGNMENT,2026-08-08T14:01:06+00:00,UNALLOCATED,,,,,
SLCMP585-3234,3234,3234,288660529,2^288660529-1,STRUCTURAL_SCREEN_EXHAUSTED_PRIMALITY_UNASSIGNED,GF3A_DIRECTIONAL_WRITE_EXHAUSTED_PRIMALITY_UNASSIGNED,513,512,512,NO_RECORDED_FACTOR_PRP_OR_LL_RESULT_AND_NO_ACTIVE_GIMPS_ASSIGNMENT,2026-08-08T14:01:06+00:00,UNALLOCATED,,,,,
SLCMP585-3235,3235,3235,288660587,2^288660587-1,STRUCTURAL_SCREEN_EXHAUSTED_PRIMALITY_UNASSIGNED,GF3A_DIRECTIONAL_WRITE_EXHAUSTED_PRIMALITY_UNASSIGNED,514,512,512,NO_RECORDED_FACTOR_PRP_OR_LL_RESULT_AND_NO_ACTIVE_GIMPS_ASSIGNMENT,2026-08-08T14:01:06+00:00,UNALLOCATED,,,,,
SLCMP585-3236,3236,3236,288660613,2^288660613-1,STRUCTURAL_SCREEN_EXHAUSTED_PRIMALITY_UNASSIGNED,GF3A_DIRECTIONAL_WRITE_EXHAUSTED_PRIMALITY_UNASSIGNED,513,512,512,NO_RECORDED_FACTOR_PRP_OR_LL_RESULT_AND_NO_ACTIVE_GIMPS_ASSIGNMENT,2026-08-08T14:01:06+00:00,UNALLOCATED,,,,,
SLCMP585-3237,3237,3237,288660721,2^288660721-1,STRUCTURAL_SCREEN_EXHAUSTED_PRIMALITY_UNASSIGNED,GF3A_DIRECTIONAL_WRITE_EXHAUSTED_PRIMALITY_UNASSIGNED,513,512,512,NO_RECORDED_FACTOR_PRP_OR_LL_RESULT_AND_NO_ACTIVE_GIMPS_ASSIGNMENT,2026-08-08T14:01:06+00:00,UNALLOCATED,,,,,
SLCMP585-3238,3238,3238,288660817,2^288660817-1,STRUCTURAL_SCREEN_EXHAUSTED_PRIMALITY_UNASSIGNED,GF3A_DIRECTIONAL_WRITE_EXHAUSTED_PRIMALITY_UNASSIGNED,513,512,512,NO_RECORDED_FACTOR_PRP_OR_LL_RESULT_AND_NO_ACTIVE_GIMPS_ASSIGNMENT,2026-08-08T14:01:06+00:00,UNALLOCATED,,,,,
SLCMP585-3239,3239,3239,288660847,2^288660847-1,STRUCTURAL_SCREEN_EXHAUSTED_PRIMALITY_UNASSIGNED,GF3A_DIRECTIONAL_WRITE_EXHAUSTED_PRIMALITY_UNASSIGNED,514,512,512,NO_RECORDED_FACTOR_PRP_OR_LL_RESULT_AND_NO_ACTIVE_GIMPS_ASSIGNMENT,2026-08-08T14:01:06+00:00,UNALLOCATED,,,,,
SLCMP585-3240,3240,3240,288660961,2^288660961-1,STRUCTURAL_SCREEN_EXHAUSTED_PRIMALITY_UNASSIGNED,GF3A_DIRECTIONAL_WRITE_EXHAUSTED_PRIMALITY_UNASSIGNED,513,512,512,NO_RECORDED_FACTOR_PRP_OR_LL_RESULT_AND_NO_ACTIVE_GIMPS_ASSIGNMENT,2026-08-08T14:01:06+00:00,UNALLOCATED,,,,,
SLCMP585-3241,3241,3241,288660973,2^288660973-1,STRUCTURAL_SCREEN_EXHAUSTED_PRIMALITY_UNASSIGNED,GF3A_DIRECTIONAL_WRITE_EXHAUSTED_PRIMALITY_UNASSIGNED,513,512,512,NO_RECORDED_FACTOR_PRP_OR_LL_RESULT_AND_NO_ACTIVE_GIMPS_ASSIGNMENT,2026-08-08T14:01:06+00:00,UNALLOCATED,,,,,
SLCMP585-3242,3242,3242,288660979,2^288660979-1,STRUCTURAL_SCREEN_EXHAUSTED_PRIMALITY_UNASSIGNED,GF3A_DIRECTIONAL_WRITE_EXHAUSTED_PRIMALITY_UNASSIGNED,514,512,512,NO_RECORDED_FACTOR_PRP_OR_LL_RESULT_AND_NO_ACTIVE_GIMPS_ASSIGNMENT,2026-08-08T14:01:06+00:00,UNALLOCATED,,,,,
SLCMP585-3243,3243,3243,288661067,2^288661067-1,STRUCTURAL_SCREEN_EXHAUSTED_PRIMALITY_UNASSIGNED,GF3A_DIRECTIONAL_WRITE_EXHAUSTED_PRIMALITY_UNASSIGNED,514,512,512,NO_RECORDED_FACTOR_PRP_OR_LL_RESULT_AND_NO_ACTIVE_GIMPS_ASSIGNMENT,2026-08-08T14:01:06+00:00,UNALLOCATED,,,,,
SLCMP585-3244,3244,3244,288661123,2^288661123-1,STRUCTURAL_SCREEN_EXHAUSTED_PRIMALITY_UNASSIGNED,GF3A_DIRECTIONAL_WRITE_EXHAUSTED_PRIMALITY_UNASSIGNED,514,512,512,NO_RECORDED_FACTOR_PRP_OR_LL_RESULT_AND_NO_ACTIVE_GIMPS_ASSIGNMENT,2026-08-08T14:01:06+00:00,UNALLOCATED,,,,,
SLCMP585-3245,3245,3245,288661159,2^288661159-1,STRUCTURAL_SCREEN_EXHAUSTED_PRIMALITY_UNASSIGNED,GF3A_DIRECTIONAL_WRITE_EXHAUSTED_PRIMALITY_UNASSIGNED,514,512,512,NO_RECORDED_FACTOR_PRP_OR_LL_RESULT_AND_NO_ACTIVE_GIMPS_ASSIGNMENT,2026-08-08T14:01:06+00:00,UNALLOCATED,,,,,
SLCMP585-3246,3246,3246,288661183,2^288661183-1,STRUCTURAL_SCREEN_EXHAUSTED_PRIMALITY_UNASSIGNED,GF3A_DIRECTIONAL_WRITE_EXHAUSTED_PRIMALITY_UNASSIGNED,514,512,512,NO_RECORDED_FACTOR_PRP_OR_LL_RESULT_AND_NO_ACTIVE_GIMPS_ASSIGNMENT,2026-08-08T14:01:06+00:00,UNALLOCATED,,,,,
SLCMP585-3247,3247,3247,288661187,2^288661187-1,STRUCTURAL_SCREEN_EXHAUSTED_PRIMALITY_UNASSIGNED,GF3A_DIRECTIONAL_WRITE_EXHAUSTED_PRIMALITY_UNASSIGNED,514,512,512,NO_RECORDED_FACTOR_PRP_OR_LL_RESULT_AND_NO_ACTIVE_GIMPS_ASSIGNMENT,2026-08-08T14:01:06+00:00,UNALLOCATED,,,,,
SLCMP585-3248,3248,3248,288661189,2^288661189-1,STRUCTURAL_SCREEN_EXHAUSTED_PRIMALITY_UNASSIGNED,GF3A_DIRECTIONAL_WRITE_EXHAUSTED_PRIMALITY_UNASSIGNED,513,512,512,NO_RECORDED_FACTOR_PRP_OR_LL_RESULT_AND_NO_ACTIVE_GIMPS_ASSIGNMENT,2026-08-08T14:01:06+00:00,UNALLOCATED,,,,,
SLCMP585-3249,3249,3249,288661213,2^288661213-1,STRUCTURAL_SCREEN_EXHAUSTED_PRIMALITY_UNASSIGNED,GF3A_DIRECTIONAL_WRITE_EXHAUSTED_PRIMALITY_UNASSIGNED,513,512,512,NO_RECORDED_FACTOR_PRP_OR_LL_RESULT_AND_NO_ACTIVE_GIMPS_ASSIGNMENT,2026-08-08T14:01:06+00:00,UNALLOCATED,,,,,
SLCMP585-3250,3250,3250,288661237,2^288661237-1,STRUCTURAL_SCREEN_EXHAUSTED_PRIMALITY_UNASSIGNED,GF3A_DIRECTIONAL_WRITE_EXHAUSTED_PRIMALITY_UNASSIGNED,513,512,512,NO_RECORDED_FACTOR_PRP_OR_LL_RESULT_AND_NO_ACTIVE_GIMPS_ASSIGNMENT,2026-08-08T14:01:06+00:00,UNALLOCATED,,,,,
SLCMP585-3251,3251,3251,288661253,2^288661253-1,STRUCTURAL_SCREEN_EXHAUSTED_PRIMALITY_UNASSIGNED,GF3A_DIRECTIONAL_WRITE_EXHAUSTED_PRIMALITY_UNASSIGNED,513,512,512,NO_RECORDED_FACTOR_PRP_OR_LL_RESULT_AND_NO_ACTIVE_GIMPS_ASSIGNMENT,2026-08-08T14:01:06+00:00,UNALLOCATED,,,,,
SLCMP585-3252,3252,3252,288661271,2^288661271-1,STRUCTURAL_SCREEN_EXHAUSTED_PRIMALITY_UNASSIGNED,GF3A_DIRECTIONAL_WRITE_EXHAUSTED_PRIMALITY_UNASSIGNED,514,512,512,NO_RECORDED_FACTOR_PRP_OR_LL_RESULT_AND_NO_ACTIVE_GIMPS_ASSIGNMENT,2026-08-08T14:01:06+00:00,UNALLOCATED,,,,,
SLCMP585-3253,3253,3253,288661313,2^288661313-1,STRUCTURAL_SCREEN_EXHAUSTED_PRIMALITY_UNASSIGNED,GF3A_DIRECTIONAL_WRITE_EXHAUSTED_PRIMALITY_UNASSIGNED,513,512,512,NO_RECORDED_FACTOR_PRP_OR_LL_RESULT_AND_NO_ACTIVE_GIMPS_ASSIGNMENT,2026-08-08T14:01:06+00:00,UNALLOCATED,,,,,
SLCMP585-3254,3254,3254,288661379,2^288661379-1,STRUCTURAL_SCREEN_EXHAUSTED_PRIMALITY_UNASSIGNED,GF3A_DIRECTIONAL_WRITE_EXHAUSTED_PRIMALITY_UNASSIGNED,514,512,512,NO_RECORDED_FACTOR_PRP_OR_LL_RESULT_AND_NO_ACTIVE_GIMPS_ASSIGNMENT,2026-08-08T14:01:06+00:00,UNALLOCATED,,,,,
SLCMP585-3255,3255,3255,288661403,2^288661403-1,STRUCTURAL_SCREEN_EXHAUSTED_PRIMALITY_UNASSIGNED,GF3A_DIRECTIONAL_WRITE_EXHAUSTED_PRIMALITY_UNASSIGNED,514,512,512,NO_RECORDED_FACTOR_PRP_OR_LL_RESULT_AND_NO_ACTIVE_GIMPS_ASSIGNMENT,2026-08-08T14:01:06+00:00,UNALLOCATED,,,,,
SLCMP585-3256,3256,3256,288661463,2^288661463-1,STRUCTURAL_SCREEN_EXHAUSTED_PRIMALITY_UNASSIGNED,GF3A_DIRECTIONAL_WRITE_EXHAUSTED_PRIMALITY_UNASSIGNED,514,512,512,NO_RECORDED_FACTOR_PRP_OR_LL_RESULT_AND_NO_ACTIVE_GIMPS_ASSIGNMENT,2026-08-08T14:01:06+00:00,UNALLOCATED,,,,,
SLCMP585-3257,3257,3257,288661493,2^288661493-1,STRUCTURAL_SCREEN_EXHAUSTED_PRIMALITY_UNASSIGNED,GF3A_DIRECTIONAL_WRITE_EXHAUSTED_PRIMALITY_UNASSIGNED,513,512,512,NO_RECORDED_FACTOR_PRP_OR_LL_RESULT_AND_NO_ACTIVE_GIMPS_ASSIGNMENT,2026-08-08T14:01:06+00:00,UNALLOCATED,,,,,
SLCMP585-3258,3258,3258,288661519,2^288661519-1,STRUCTURAL_SCREEN_EXHAUSTED_PRIMALITY_UNASSIGNED,GF3A_DIRECTIONAL_WRITE_EXHAUSTED_PRIMALITY_UNASSIGNED,514,512,512,NO_RECORDED_FACTOR_PRP_OR_LL_RESULT_AND_NO_ACTIVE_GIMPS_ASSIGNMENT,2026-08-08T14:01:06+00:00,UNALLOCATED,,,,,
SLCMP585-3259,3259,3259,288661669,2^288661669-1,STRUCTURAL_SCREEN_EXHAUSTED_PRIMALITY_UNASSIGNED,GF3A_DIRECTIONAL_WRITE_EXHAUSTED_PRIMALITY_UNASSIGNED,513,512,512,NO_RECORDED_FACTOR_PRP_OR_LL_RESULT_AND_NO_ACTIVE_GIMPS_ASSIGNMENT,2026-08-08T14:01:06+00:00,UNALLOCATED,,,,,
SLCMP585-3260,3260,3260,288661721,2^288661721-1,STRUCTURAL_SCREEN_EXHAUSTED_PRIMALITY_UNASSIGNED,GF3A_DIRECTIONAL_WRITE_EXHAUSTED_PRIMALITY_UNASSIGNED,513,512,512,NO_RECORDED_FACTOR_PRP_OR_LL_RESULT_AND_NO_ACTIVE_GIMPS_ASSIGNMENT,2026-08-08T14:01:06+00:00,UNALLOCATED,,,,,
SLCMP585-3261,3261,3261,288661861,2^288661861-1,STRUCTURAL_SCREEN_EXHAUSTED_PRIMALITY_UNASSIGNED,GF3A_DIRECTIONAL_WRITE_EXHAUSTED_PRIMALITY_UNASSIGNED,513,512,512,NO_RECORDED_FACTOR_PRP_OR_LL_RESULT_AND_NO_ACTIVE_GIMPS_ASSIGNMENT,2026-08-08T14:01:06+00:00,UNALLOCATED,,,,,
SLCMP585-3262,3262,3262,288661871,2^288661871-1,STRUCTURAL_SCREEN_EXHAUSTED_PRIMALITY_UNASSIGNED,GF3A_DIRECTIONAL_WRITE_EXHAUSTED_PRIMALITY_UNASSIGNED,514,512,512,NO_RECORDED_FACTOR_PRP_OR_LL_RESULT_AND_NO_ACTIVE_GIMPS_ASSIGNMENT,2026-08-08T14:01:06+00:00,UNALLOCATED,,,,,
SLCMP585-3263,3263,3263,288661897,2^288661897-1,STRUCTURAL_SCREEN_EXHAUSTED_PRIMALITY_UNASSIGNED,GF3A_DIRECTIONAL_WRITE_EXHAUSTED_PRIMALITY_UNASSIGNED,513,512,512,NO_RECORDED_FACTOR_PRP_OR_LL_RESULT_AND_NO_ACTIVE_GIMPS_ASSIGNMENT,2026-08-08T14:01:06+00:00,UNALLOCATED,,,,,
SLCMP585-3264,3264,3264,288661907,2^288661907-1,STRUCTURAL_SCREEN_EXHAUSTED_PRIMALITY_UNASSIGNED,GF3A_DIRECTIONAL_WRITE_EXHAUSTED_PRIMALITY_UNASSIGNED,514,512,512,NO_RECORDED_FACTOR_PRP_OR_LL_RESULT_AND_NO_ACTIVE_GIMPS_ASSIGNMENT,2026-08-08T14:01:06+00:00,UNALLOCATED,,,,,
SLCMP585-3265,3265,3265,288661949,2^288661949-1,STRUCTURAL_SCREEN_EXHAUSTED_PRIMALITY_UNASSIGNED,GF3A_DIRECTIONAL_WRITE_EXHAUSTED_PRIMALITY_UNASSIGNED,513,512,512,NO_RECORDED_FACTOR_PRP_OR_LL_RESULT_AND_NO_ACTIVE_GIMPS_ASSIGNMENT,2026-08-08T14:01:06+00:00,UNALLOCATED,,,,,
SLCMP585-3266,3266,3266,288661999,2^288661999-1,STRUCTURAL_SCREEN_EXHAUSTED_PRIMALITY_UNASSIGNED,GF3A_DIRECTIONAL_WRITE_EXHAUSTED_PRIMALITY_UNASSIGNED,514,512,512,NO_RECORDED_FACTOR_PRP_OR_LL_RESULT_AND_NO_ACTIVE_GIMPS_ASSIGNMENT,2026-08-08T14:01:06+00:00,UNALLOCATED,,,,,
SLCMP585-3267,3267,3267,288662047,2^288662047-1,STRUCTURAL_SCREEN_EXHAUSTED_PRIMALITY_UNASSIGNED,GF3A_DIRECTIONAL_WRITE_EXHAUSTED_PRIMALITY_UNASSIGNED,514,512,512,NO_RECORDED_FACTOR_PRP_OR_LL_RESULT_AND_NO_ACTIVE_GIMPS_ASSIGNMENT,2026-08-08T14:01:06+00:00,UNALLOCATED,,,,,
SLCMP585-3268,3268,3268,288662081,2^288662081-1,STRUCTURAL_SCREEN_EXHAUSTED_PRIMALITY_UNASSIGNED,GF3A_DIRECTIONAL_WRITE_EXHAUSTED_PRIMALITY_UNASSIGNED,513,512,512,NO_RECORDED_FACTOR_PRP_OR_LL_RESULT_AND_NO_ACTIVE_GIMPS_ASSIGNMENT,2026-08-08T14:01:06+00:00,UNALLOCATED,,,,,
SLCMP585-3269,3269,3269,288662083,2^288662083-1,STRUCTURAL_SCREEN_EXHAUSTED_PRIMALITY_UNASSIGNED,GF3A_DIRECTIONAL_WRITE_EXHAUSTED_PRIMALITY_UNASSIGNED,514,512,512,NO_RECORDED_FACTOR_PRP_OR_LL_RESULT_AND_NO_ACTIVE_GIMPS_ASSIGNMENT,2026-08-08T14:01:06+00:00,UNALLOCATED,,,,,
SLCMP585-3270,3270,3270,288662119,2^288662119-1,STRUCTURAL_SCREEN_EXHAUSTED_PRIMALITY_UNASSIGNED,GF3A_DIRECTIONAL_WRITE_EXHAUSTED_PRIMALITY_UNASSIGNED,514,512,512,NO_RECORDED_FACTOR_PRP_OR_LL_RESULT_AND_NO_ACTIVE_GIMPS_ASSIGNMENT,2026-08-08T14:01:06+00:00,UNALLOCATED,,,,,
SLCMP585-3271,3271,3271,288662183,2^288662183-1,STRUCTURAL_SCREEN_EXHAUSTED_PRIMALITY_UNASSIGNED,GF3A_DIRECTIONAL_WRITE_EXHAUSTED_PRIMALITY_UNASSIGNED,514,512,512,NO_RECORDED_FACTOR_PRP_OR_LL_RESULT_AND_NO_ACTIVE_GIMPS_ASSIGNMENT,2026-08-08T14:01:06+00:00,UNALLOCATED,,,,,
SLCMP585-3272,3272,3272,288662189,2^288662189-1,STRUCTURAL_SCREEN_EXHAUSTED_PRIMALITY_UNASSIGNED,GF3A_DIRECTIONAL_WRITE_EXHAUSTED_PRIMALITY_UNASSIGNED,513,512,512,NO_RECORDED_FACTOR_PRP_OR_LL_RESULT_AND_NO_ACTIVE_GIMPS_ASSIGNMENT,2026-08-08T14:01:06+00:00,UNALLOCATED,,,,,
SLCMP585-3273,3273,3273,288662303,2^288662303-1,STRUCTURAL_SCREEN_EXHAUSTED_PRIMALITY_UNASSIGNED,GF3A_DIRECTIONAL_WRITE_EXHAUSTED_PRIMALITY_UNASSIGNED,514,512,512,NO_RECORDED_FACTOR_PRP_OR_LL_RESULT_AND_NO_ACTIVE_GIMPS_ASSIGNMENT,2026-08-08T14:01:06+00:00,UNALLOCATED,,,,,
SLCMP585-3274,3274,3274,288662441,2^288662441-1,STRUCTURAL_SCREEN_EXHAUSTED_PRIMALITY_UNASSIGNED,GF3A_DIRECTIONAL_WRITE_EXHAUSTED_PRIMALITY_UNASSIGNED,513,512,512,NO_RECORDED_FACTOR_PRP_OR_LL_RESULT_AND_NO_ACTIVE_GIMPS_ASSIGNMENT,2026-08-08T14:01:06+00:00,UNALLOCATED,,,,,
SLCMP585-3275,3275,3275,288662477,2^288662477-1,STRUCTURAL_SCREEN_EXHAUSTED_PRIMALITY_UNASSIGNED,GF3A_DIRECTIONAL_WRITE_EXHAUSTED_PRIMALITY_UNASSIGNED,513,512,512,NO_RECORDED_FACTOR_PRP_OR_LL_RESULT_AND_NO_ACTIVE_GIMPS_ASSIGNMENT,2026-08-08T14:01:06+00:00,UNALLOCATED,,,,,
SLCMP585-3276,3276,3276,288662557,2^288662557-1,STRUCTURAL_SCREEN_EXHAUSTED_PRIMALITY_UNASSIGNED,GF3A_DIRECTIONAL_WRITE_EXHAUSTED_PRIMALITY_UNASSIGNED,513,512,512,NO_RECORDED_FACTOR_PRP_OR_LL_RESULT_AND_NO_ACTIVE_GIMPS_ASSIGNMENT,2026-08-08T14:01:06+00:00,UNALLOCATED,,,,,
SLCMP585-3277,3277,3277,288662593,2^288662593-1,STRUCTURAL_SCREEN_EXHAUSTED_PRIMALITY_UNASSIGNED,GF3A_DIRECTIONAL_WRITE_EXHAUSTED_PRIMALITY_UNASSIGNED,513,512,512,NO_RECORDED_FACTOR_PRP_OR_LL_RESULT_AND_NO_ACTIVE_GIMPS_ASSIGNMENT,2026-08-08T14:01:06+00:00,UNALLOCATED,,,,,
SLCMP585-3278,3278,3278,288662683,2^288662683-1,STRUCTURAL_SCREEN_EXHAUSTED_PRIMALITY_UNASSIGNED,GF3A_DIRECTIONAL_WRITE_EXHAUSTED_PRIMALITY_UNASSIGNED,514,512,512,NO_RECORDED_FACTOR_PRP_OR_LL_RESULT_AND_NO_ACTIVE_GIMPS_ASSIGNMENT,2026-08-08T14:01:06+00:00,UNALLOCATED,,,,,
SLCMP585-3279,3279,3279,288662791,2^288662791-1,STRUCTURAL_SCREEN_EXHAUSTED_PRIMALITY_UNASSIGNED,GF3A_DIRECTIONAL_WRITE_EXHAUSTED_PRIMALITY_UNASSIGNED,514,512,512,NO_RECORDED_FACTOR_PRP_OR_LL_RESULT_AND_NO_ACTIVE_GIMPS_ASSIGNMENT,2026-08-08T14:01:06+00:00,UNALLOCATED,,,,,
SLCMP585-3280,3280,3280,288662807,2^288662807-1,STRUCTURAL_SCREEN_EXHAUSTED_PRIMALITY_UNASSIGNED,GF3A_DIRECTIONAL_WRITE_EXHAUSTED_PRIMALITY_UNASSIGNED,514,512,512,NO_RECORDED_FACTOR_PRP_OR_LL_RESULT_AND_NO_ACTIVE_GIMPS_ASSIGNMENT,2026-08-08T14:01:06+00:00,UNALLOCATED,,,,,
SLCMP585-3281,3281,3281,288662819,2^288662819-1,STRUCTURAL_SCREEN_EXHAUSTED_PRIMALITY_UNASSIGNED,GF3A_DIRECTIONAL_WRITE_EXHAUSTED_PRIMALITY_UNASSIGNED,514,512,512,NO_RECORDED_FACTOR_PRP_OR_LL_RESULT_AND_NO_ACTIVE_GIMPS_ASSIGNMENT,2026-08-08T14:01:06+00:00,UNALLOCATED,,,,,
SLCMP585-3282,3282,3282,288662849,2^288662849-1,STRUCTURAL_SCREEN_EXHAUSTED_PRIMALITY_UNASSIGNED,GF3A_DIRECTIONAL_WRITE_EXHAUSTED_PRIMALITY_UNASSIGNED,513,512,512,NO_RECORDED_FACTOR_PRP_OR_LL_RESULT_AND_NO_ACTIVE_GIMPS_ASSIGNMENT,2026-08-08T14:01:06+00:00,UNALLOCATED,,,,,
SLCMP585-3283,3283,3283,288662879,2^288662879-1,STRUCTURAL_SCREEN_EXHAUSTED_PRIMALITY_UNASSIGNED,GF3A_DIRECTIONAL_WRITE_EXHAUSTED_PRIMALITY_UNASSIGNED,514,512,512,NO_RECORDED_FACTOR_PRP_OR_LL_RESULT_AND_NO_ACTIVE_GIMPS_ASSIGNMENT,2026-08-08T14:01:06+00:00,UNALLOCATED,,,,,
SLCMP585-3284,3284,3284,288662909,2^288662909-1,STRUCTURAL_SCREEN_EXHAUSTED_PRIMALITY_UNASSIGNED,GF3A_DIRECTIONAL_WRITE_EXHAUSTED_PRIMALITY_UNASSIGNED,513,512,512,NO_RECORDED_FACTOR_PRP_OR_LL_RESULT_AND_NO_ACTIVE_GIMPS_ASSIGNMENT,2026-08-08T14:01:06+00:00,UNALLOCATED,,,,,
SLCMP585-3285,3285,3285,288662947,2^288662947-1,STRUCTURAL_SCREEN_EXHAUSTED_PRIMALITY_UNASSIGNED,GF3A_DIRECTIONAL_WRITE_EXHAUSTED_PRIMALITY_UNASSIGNED,514,512,512,NO_RECORDED_FACTOR_PRP_OR_LL_RESULT_AND_NO_ACTIVE_GIMPS_ASSIGNMENT,2026-08-08T14:01:06+00:00,UNALLOCATED,,,,,
SLCMP585-3286,3286,3286,288662971,2^288662971-1,STRUCTURAL_SCREEN_EXHAUSTED_PRIMALITY_UNASSIGNED,GF3A_DIRECTIONAL_WRITE_EXHAUSTED_PRIMALITY_UNASSIGNED,514,512,512,NO_RECORDED_FACTOR_PRP_OR_LL_RESULT_AND_NO_ACTIVE_GIMPS_ASSIGNMENT,2026-08-08T14:01:06+00:00,UNALLOCATED,,,,,
SLCMP585-3287,3287,3287,288662977,2^288662977-1,STRUCTURAL_SCREEN_EXHAUSTED_PRIMALITY_UNASSIGNED,GF3A_DIRECTIONAL_WRITE_EXHAUSTED_PRIMALITY_UNASSIGNED,513,512,512,NO_RECORDED_FACTOR_PRP_OR_LL_RESULT_AND_NO_ACTIVE_GIMPS_ASSIGNMENT,2026-08-08T14:01:06+00:00,UNALLOCATED,,,,,
SLCMP585-3288,3288,3288,288663031,2^288663031-1,STRUCTURAL_SCREEN_EXHAUSTED_PRIMALITY_UNASSIGNED,GF3A_DIRECTIONAL_WRITE_EXHAUSTED_PRIMALITY_UNASSIGNED,514,512,512,NO_RECORDED_FACTOR_PRP_OR_LL_RESULT_AND_NO_ACTIVE_GIMPS_ASSIGNMENT,2026-08-08T14:01:06+00:00,UNALLOCATED,,,,,
SLCMP585-3289,3289,3289,288663121,2^288663121-1,STRUCTURAL_SCREEN_EXHAUSTED_PRIMALITY_UNASSIGNED,GF3A_DIRECTIONAL_WRITE_EXHAUSTED_PRIMALITY_UNASSIGNED,513,512,512,NO_RECORDED_FACTOR_PRP_OR_LL_RESULT_AND_NO_ACTIVE_GIMPS_ASSIGNMENT,2026-08-08T14:01:06+00:00,UNALLOCATED,,,,,
SLCMP585-3290,3290,3290,288663161,2^288663161-1,STRUCTURAL_SCREEN_EXHAUSTED_PRIMALITY_UNASSIGNED,GF3A_DIRECTIONAL_WRITE_EXHAUSTED_PRIMALITY_UNASSIGNED,513,512,512,NO_RECORDED_FACTOR_PRP_OR_LL_RESULT_AND_NO_ACTIVE_GIMPS_ASSIGNMENT,2026-08-08T14:01:06+00:00,UNALLOCATED,,,,,
SLCMP585-3291,3291,3291,288663169,2^288663169-1,STRUCTURAL_SCREEN_EXHAUSTED_PRIMALITY_UNASSIGNED,GF3A_DIRECTIONAL_WRITE_EXHAUSTED_PRIMALITY_UNASSIGNED,513,512,512,NO_RECORDED_FACTOR_PRP_OR_LL_RESULT_AND_NO_ACTIVE_GIMPS_ASSIGNMENT,2026-08-08T14:01:06+00:00,UNALLOCATED,,,,,
SLCMP585-3292,3292,3292,288663211,2^288663211-1,STRUCTURAL_SCREEN_EXHAUSTED_PRIMALITY_UNASSIGNED,GF3A_DIRECTIONAL_WRITE_EXHAUSTED_PRIMALITY_UNASSIGNED,514,512,512,NO_RECORDED_FACTOR_PRP_OR_LL_RESULT_AND_NO_ACTIVE_GIMPS_ASSIGNMENT,2026-08-08T14:01:06+00:00,UNALLOCATED,,,,,
SLCMP585-3293,3293,3293,288663299,2^288663299-1,STRUCTURAL_SCREEN_EXHAUSTED_PRIMALITY_UNASSIGNED,GF3A_DIRECTIONAL_WRITE_EXHAUSTED_PRIMALITY_UNASSIGNED,514,512,512,NO_RECORDED_FACTOR_PRP_OR_LL_RESULT_AND_NO_ACTIVE_GIMPS_ASSIGNMENT,2026-08-08T14:01:06+00:00,UNALLOCATED,,,,,
SLCMP585-3294,3294,3294,288663449,2^288663449-1,STRUCTURAL_SCREEN_EXHAUSTED_PRIMALITY_UNASSIGNED,GF3A_DIRECTIONAL_WRITE_EXHAUSTED_PRIMALITY_UNASSIGNED,513,512,512,NO_RECORDED_FACTOR_PRP_OR_LL_RESULT_AND_NO_ACTIVE_GIMPS_ASSIGNMENT,2026-08-08T14:01:06+00:00,UNALLOCATED,,,,,
SLCMP585-3295,3295,3295,288663469,2^288663469-1,STRUCTURAL_SCREEN_EXHAUSTED_PRIMALITY_UNASSIGNED,GF3A_DIRECTIONAL_WRITE_EXHAUSTED_PRIMALITY_UNASSIGNED,513,512,512,NO_RECORDED_FACTOR_PRP_OR_LL_RESULT_AND_NO_ACTIVE_GIMPS_ASSIGNMENT,2026-08-08T14:01:06+00:00,UNALLOCATED,,,,,
SLCMP585-3296,3296,3296,288663623,2^288663623-1,STRUCTURAL_SCREEN_EXHAUSTED_PRIMALITY_UNASSIGNED,GF3A_DIRECTIONAL_WRITE_EXHAUSTED_PRIMALITY_UNASSIGNED,514,512,512,NO_RECORDED_FACTOR_PRP_OR_LL_RESULT_AND_NO_ACTIVE_GIMPS_ASSIGNMENT,2026-08-08T14:01:06+00:00,UNALLOCATED,,,,,
SLCMP585-3297,3297,3297,288663659,2^288663659-1,STRUCTURAL_SCREEN_EXHAUSTED_PRIMALITY_UNASSIGNED,GF3A_DIRECTIONAL_WRITE_EXHAUSTED_PRIMALITY_UNASSIGNED,514,512,512,NO_RECORDED_FACTOR_PRP_OR_LL_RESULT_AND_NO_ACTIVE_GIMPS_ASSIGNMENT,2026-08-08T14:01:06+00:00,UNALLOCATED,,,,,
SLCMP585-3298,3298,3298,288663701,2^288663701-1,STRUCTURAL_SCREEN_EXHAUSTED_PRIMALITY_UNASSIGNED,GF3A_DIRECTIONAL_WRITE_EXHAUSTED_PRIMALITY_UNASSIGNED,513,512,512,NO_RECORDED_FACTOR_PRP_OR_LL_RESULT_AND_NO_ACTIVE_GIMPS_ASSIGNMENT,2026-08-08T14:01:06+00:00,UNALLOCATED,,,,,
SLCMP585-3299,3299,3299,288663733,2^288663733-1,STRUCTURAL_SCREEN_EXHAUSTED_PRIMALITY_UNASSIGNED,GF3A_DIRECTIONAL_WRITE_EXHAUSTED_PRIMALITY_UNASSIGNED,513,512,512,NO_RECORDED_FACTOR_PRP_OR_LL_RESULT_AND_NO_ACTIVE_GIMPS_ASSIGNMENT,2026-08-08T14:01:06+00:00,UNALLOCATED,,,,,
SLCMP585-3300,3300,3300,288663779,2^288663779-1,STRUCTURAL_SCREEN_EXHAUSTED_PRIMALITY_UNASSIGNED,GF3A_DIRECTIONAL_WRITE_EXHAUSTED_PRIMALITY_UNASSIGNED,514,512,512,NO_RECORDED_FACTOR_PRP_OR_LL_RESULT_AND_NO_ACTIVE_GIMPS_ASSIGNMENT,2026-08-08T14:01:06+00:00,UNALLOCATED,,,,,
SLCMP585-3301,3301,3301,288663799,2^288663799-1,STRUCTURAL_SCREEN_EXHAUSTED_PRIMALITY_UNASSIGNED,GF3A_DIRECTIONAL_WRITE_EXHAUSTED_PRIMALITY_UNASSIGNED,514,512,512,NO_RECORDED_FACTOR_PRP_OR_LL_RESULT_AND_NO_ACTIVE_GIMPS_ASSIGNMENT,2026-08-08T14:01:06+00:00,UNALLOCATED,,,,,
SLCMP585-3302,3302,3302,288663829,2^288663829-1,STRUCTURAL_SCREEN_EXHAUSTED_PRIMALITY_UNASSIGNED,GF3A_DIRECTIONAL_WRITE_EXHAUSTED_PRIMALITY_UNASSIGNED,513,512,512,NO_RECORDED_FACTOR_PRP_OR_LL_RESULT_AND_NO_ACTIVE_GIMPS_ASSIGNMENT,2026-08-08T14:01:06+00:00,UNALLOCATED,,,,,
SLCMP585-3303,3303,3303,288663901,2^288663901-1,STRUCTURAL_SCREEN_EXHAUSTED_PRIMALITY_UNASSIGNED,GF3A_DIRECTIONAL_WRITE_EXHAUSTED_PRIMALITY_UNASSIGNED,513,512,512,NO_RECORDED_FACTOR_PRP_OR_LL_RESULT_AND_NO_ACTIVE_GIMPS_ASSIGNMENT,2026-08-08T14:01:06+00:00,UNALLOCATED,,,,,
SLCMP585-3304,3304,3304,288663997,2^288663997-1,STRUCTURAL_SCREEN_EXHAUSTED_PRIMALITY_UNASSIGNED,GF3A_DIRECTIONAL_WRITE_EXHAUSTED_PRIMALITY_UNASSIGNED,513,512,512,NO_RECORDED_FACTOR_PRP_OR_LL_RESULT_AND_NO_ACTIVE_GIMPS_ASSIGNMENT,2026-08-08T14:01:06+00:00,UNALLOCATED,,,,,
SLCMP585-3305,3305,3305,288664043,2^288664043-1,STRUCTURAL_SCREEN_EXHAUSTED_PRIMALITY_UNASSIGNED,GF3A_DIRECTIONAL_WRITE_EXHAUSTED_PRIMALITY_UNASSIGNED,514,512,512,NO_RECORDED_FACTOR_PRP_OR_LL_RESULT_AND_NO_ACTIVE_GIMPS_ASSIGNMENT,2026-08-08T14:01:06+00:00,UNALLOCATED,,,,,
SLCMP585-3306,3306,3306,288664091,2^288664091-1,STRUCTURAL_SCREEN_EXHAUSTED_PRIMALITY_UNASSIGNED,GF3A_DIRECTIONAL_WRITE_EXHAUSTED_PRIMALITY_UNASSIGNED,514,512,512,NO_RECORDED_FACTOR_PRP_OR_LL_RESULT_AND_NO_ACTIVE_GIMPS_ASSIGNMENT,2026-08-08T14:01:06+00:00,UNALLOCATED,,,,,
SLCMP585-3307,3307,3307,288664249,2^288664249-1,STRUCTURAL_SCREEN_EXHAUSTED_PRIMALITY_UNASSIGNED,GF3A_DIRECTIONAL_WRITE_EXHAUSTED_PRIMALITY_UNASSIGNED,513,512,512,NO_RECORDED_FACTOR_PRP_OR_LL_RESULT_AND_NO_ACTIVE_GIMPS_ASSIGNMENT,2026-08-08T14:01:06+00:00,UNALLOCATED,,,,,
SLCMP585-3308,3308,3308,288664319,2^288664319-1,STRUCTURAL_SCREEN_EXHAUSTED_PRIMALITY_UNASSIGNED,GF3A_DIRECTIONAL_WRITE_EXHAUSTED_PRIMALITY_UNASSIGNED,514,512,512,NO_RECORDED_FACTOR_PRP_OR_LL_RESULT_AND_NO_ACTIVE_GIMPS_ASSIGNMENT,2026-08-08T14:01:06+00:00,UNALLOCATED,,,,,
SLCMP585-3309,3309,3309,288664367,2^288664367-1,STRUCTURAL_SCREEN_EXHAUSTED_PRIMALITY_UNASSIGNED,GF3A_DIRECTIONAL_WRITE_EXHAUSTED_PRIMALITY_UNASSIGNED,514,512,512,NO_RECORDED_FACTOR_PRP_OR_LL_RESULT_AND_NO_ACTIVE_GIMPS_ASSIGNMENT,2026-08-08T14:01:06+00:00,UNALLOCATED,,,,,
SLCMP585-3310,3310,3310,288664561,2^288664561-1,STRUCTURAL_SCREEN_EXHAUSTED_PRIMALITY_UNASSIGNED,GF3A_DIRECTIONAL_WRITE_EXHAUSTED_PRIMALITY_UNASSIGNED,513,512,512,NO_RECORDED_FACTOR_PRP_OR_LL_RESULT_AND_NO_ACTIVE_GIMPS_ASSIGNMENT,2026-08-08T14:01:06+00:00,UNALLOCATED,,,,,
SLCMP585-3311,3311,3311,288664577,2^288664577-1,STRUCTURAL_SCREEN_EXHAUSTED_PRIMALITY_UNASSIGNED,GF3A_DIRECTIONAL_WRITE_EXHAUSTED_PRIMALITY_UNASSIGNED,513,512,512,NO_RECORDED_FACTOR_PRP_OR_LL_RESULT_AND_NO_ACTIVE_GIMPS_ASSIGNMENT,2026-08-08T14:01:06+00:00,UNALLOCATED,,,,,
SLCMP585-3312,3312,3312,288664601,2^288664601-1,STRUCTURAL_SCREEN_EXHAUSTED_PRIMALITY_UNASSIGNED,GF3A_DIRECTIONAL_WRITE_EXHAUSTED_PRIMALITY_UNASSIGNED,513,512,512,NO_RECORDED_FACTOR_PRP_OR_LL_RESULT_AND_NO_ACTIVE_GIMPS_ASSIGNMENT,2026-08-08T14:01:06+00:00,UNALLOCATED,,,,,
SLCMP585-3313,3313,3313,288664613,2^288664613-1,STRUCTURAL_SCREEN_EXHAUSTED_PRIMALITY_UNASSIGNED,GF3A_DIRECTIONAL_WRITE_EXHAUSTED_PRIMALITY_UNASSIGNED,513,512,512,NO_RECORDED_FACTOR_PRP_OR_LL_RESULT_AND_NO_ACTIVE_GIMPS_ASSIGNMENT,2026-08-08T14:01:06+00:00,UNALLOCATED,,,,,
SLCMP585-3314,3314,3314,288664631,2^288664631-1,STRUCTURAL_SCREEN_EXHAUSTED_PRIMALITY_UNASSIGNED,GF3A_DIRECTIONAL_WRITE_EXHAUSTED_PRIMALITY_UNASSIGNED,514,512,512,NO_RECORDED_FACTOR_PRP_OR_LL_RESULT_AND_NO_ACTIVE_GIMPS_ASSIGNMENT,2026-08-08T14:01:06+00:00,UNALLOCATED,,,,,
SLCMP585-3315,3315,3315,288664661,2^288664661-1,STRUCTURAL_SCREEN_EXHAUSTED_PRIMALITY_UNASSIGNED,GF3A_DIRECTIONAL_WRITE_EXHAUSTED_PRIMALITY_UNASSIGNED,513,512,512,NO_RECORDED_FACTOR_PRP_OR_LL_RESULT_AND_NO_ACTIVE_GIMPS_ASSIGNMENT,2026-08-08T14:01:06+00:00,UNALLOCATED,,,,,
SLCMP585-3316,3316,3316,288664729,2^288664729-1,STRUCTURAL_SCREEN_EXHAUSTED_PRIMALITY_UNASSIGNED,GF3A_DIRECTIONAL_WRITE_EXHAUSTED_PRIMALITY_UNASSIGNED,513,512,512,NO_RECORDED_FACTOR_PRP_OR_LL_RESULT_AND_NO_ACTIVE_GIMPS_ASSIGNMENT,2026-08-08T14:01:06+00:00,UNALLOCATED,,,,,
SLCMP585-3317,3317,3317,288664763,2^288664763-1,STRUCTURAL_SCREEN_EXHAUSTED_PRIMALITY_UNASSIGNED,GF3A_DIRECTIONAL_WRITE_EXHAUSTED_PRIMALITY_UNASSIGNED,514,512,512,NO_RECORDED_FACTOR_PRP_OR_LL_RESULT_AND_NO_ACTIVE_GIMPS_ASSIGNMENT,2026-08-08T14:01:06+00:00,UNALLOCATED,,,,,
SLCMP585-3318,3318,3318,288664793,2^288664793-1,STRUCTURAL_SCREEN_EXHAUSTED_PRIMALITY_UNASSIGNED,GF3A_DIRECTIONAL_WRITE_EXHAUSTED_PRIMALITY_UNASSIGNED,513,512,512,NO_RECORDED_FACTOR_PRP_OR_LL_RESULT_AND_NO_ACTIVE_GIMPS_ASSIGNMENT,2026-08-08T14:01:06+00:00,UNALLOCATED,,,,,
SLCMP585-3319,3319,3319,288664819,2^288664819-1,STRUCTURAL_SCREEN_EXHAUSTED_PRIMALITY_UNASSIGNED,GF3A_DIRECTIONAL_WRITE_EXHAUSTED_PRIMALITY_UNASSIGNED,514,512,512,NO_RECORDED_FACTOR_PRP_OR_LL_RESULT_AND_NO_ACTIVE_GIMPS_ASSIGNMENT,2026-08-08T14:01:06+00:00,UNALLOCATED,,,,,
SLCMP585-3320,3320,3320,288664847,2^288664847-1,STRUCTURAL_SCREEN_EXHAUSTED_PRIMALITY_UNASSIGNED,GF3A_DIRECTIONAL_WRITE_EXHAUSTED_PRIMALITY_UNASSIGNED,514,512,512,NO_RECORDED_FACTOR_PRP_OR_LL_RESULT_AND_NO_ACTIVE_GIMPS_ASSIGNMENT,2026-08-08T14:01:06+00:00,UNALLOCATED,,,,,
SLCMP585-3321,3321,3321,288664933,2^288664933-1,STRUCTURAL_SCREEN_EXHAUSTED_PRIMALITY_UNASSIGNED,GF3A_DIRECTIONAL_WRITE_EXHAUSTED_PRIMALITY_UNASSIGNED,513,512,512,NO_RECORDED_FACTOR_PRP_OR_LL_RESULT_AND_NO_ACTIVE_GIMPS_ASSIGNMENT,2026-08-08T14:01:06+00:00,UNALLOCATED,,,,,
SLCMP585-3322,3322,3322,288665017,2^288665017-1,STRUCTURAL_SCREEN_EXHAUSTED_PRIMALITY_UNASSIGNED,GF3A_DIRECTIONAL_WRITE_EXHAUSTED_PRIMALITY_UNASSIGNED,513,512,512,NO_RECORDED_FACTOR_PRP_OR_LL_RESULT_AND_NO_ACTIVE_GIMPS_ASSIGNMENT,2026-08-08T14:01:06+00:00,UNALLOCATED,,,,,
SLCMP585-3323,3323,3323,288665021,2^288665021-1,STRUCTURAL_SCREEN_EXHAUSTED_PRIMALITY_UNASSIGNED,GF3A_DIRECTIONAL_WRITE_EXHAUSTED_PRIMALITY_UNASSIGNED,513,512,512,NO_RECORDED_FACTOR_PRP_OR_LL_RESULT_AND_NO_ACTIVE_GIMPS_ASSIGNMENT,2026-08-08T14:01:06+00:00,UNALLOCATED,,,,,
SLCMP585-3324,3324,3324,288665071,2^288665071-1,STRUCTURAL_SCREEN_EXHAUSTED_PRIMALITY_UNASSIGNED,GF3A_DIRECTIONAL_WRITE_EXHAUSTED_PRIMALITY_UNASSIGNED,514,512,512,NO_RECORDED_FACTOR_PRP_OR_LL_RESULT_AND_NO_ACTIVE_GIMPS_ASSIGNMENT,2026-08-08T14:01:06+00:00,UNALLOCATED,,,,,
SLCMP585-3325,3325,3325,288665089,2^288665089-1,STRUCTURAL_SCREEN_EXHAUSTED_PRIMALITY_UNASSIGNED,GF3A_DIRECTIONAL_WRITE_EXHAUSTED_PRIMALITY_UNASSIGNED,513,512,512,NO_RECORDED_FACTOR_PRP_OR_LL_RESULT_AND_NO_ACTIVE_GIMPS_ASSIGNMENT,2026-08-08T14:01:06+00:00,UNALLOCATED,,,,,
SLCMP585-3326,3326,3326,288665147,2^288665147-1,STRUCTURAL_SCREEN_EXHAUSTED_PRIMALITY_UNASSIGNED,GF3A_DIRECTIONAL_WRITE_EXHAUSTED_PRIMALITY_UNASSIGNED,514,512,512,NO_RECORDED_FACTOR_PRP_OR_LL_RESULT_AND_NO_ACTIVE_GIMPS_ASSIGNMENT,2026-08-08T14:01:06+00:00,UNALLOCATED,,,,,
SLCMP585-3327,3327,3327,288665173,2^288665173-1,STRUCTURAL_SCREEN_EXHAUSTED_PRIMALITY_UNASSIGNED,GF3A_DIRECTIONAL_WRITE_EXHAUSTED_PRIMALITY_UNASSIGNED,513,512,512,NO_RECORDED_FACTOR_PRP_OR_LL_RESULT_AND_NO_ACTIVE_GIMPS_ASSIGNMENT,2026-08-08T14:01:06+00:00,UNALLOCATED,,,,,
SLCMP585-3328,3328,3328,288665183,2^288665183-1,STRUCTURAL_SCREEN_EXHAUSTED_PRIMALITY_UNASSIGNED,GF3A_DIRECTIONAL_WRITE_EXHAUSTED_PRIMALITY_UNASSIGNED,514,512,512,NO_RECORDED_FACTOR_PRP_OR_LL_RESULT_AND_NO_ACTIVE_GIMPS_ASSIGNMENT,2026-08-08T14:01:06+00:00,UNALLOCATED,,,,,
SLCMP585-3329,3329,3329,288665239,2^288665239-1,STRUCTURAL_SCREEN_EXHAUSTED_PRIMALITY_UNASSIGNED,GF3A_DIRECTIONAL_WRITE_EXHAUSTED_PRIMALITY_UNASSIGNED,514,512,512,NO_RECORDED_FACTOR_PRP_OR_LL_RESULT_AND_NO_ACTIVE_GIMPS_ASSIGNMENT,2026-08-08T14:01:06+00:00,UNALLOCATED,,,,,
SLCMP585-3330,3330,3330,288665269,2^288665269-1,STRUCTURAL_SCREEN_EXHAUSTED_PRIMALITY_UNASSIGNED,GF3A_DIRECTIONAL_WRITE_EXHAUSTED_PRIMALITY_UNASSIGNED,513,512,512,NO_RECORDED_FACTOR_PRP_OR_LL_RESULT_AND_NO_ACTIVE_GIMPS_ASSIGNMENT,2026-08-08T14:01:06+00:00,UNALLOCATED,,,,,
SLCMP585-3331,3331,3331,288665371,2^288665371-1,STRUCTURAL_SCREEN_EXHAUSTED_PRIMALITY_UNASSIGNED,GF3A_DIRECTIONAL_WRITE_EXHAUSTED_PRIMALITY_UNASSIGNED,514,512,512,NO_RECORDED_FACTOR_PRP_OR_LL_RESULT_AND_NO_ACTIVE_GIMPS_ASSIGNMENT,2026-08-08T14:01:06+00:00,UNALLOCATED,,,,,
SLCMP585-3332,3332,3332,288665519,2^288665519-1,STRUCTURAL_SCREEN_EXHAUSTED_PRIMALITY_UNASSIGNED,GF3A_DIRECTIONAL_WRITE_EXHAUSTED_PRIMALITY_UNASSIGNED,514,512,512,NO_RECORDED_FACTOR_PRP_OR_LL_RESULT_AND_NO_ACTIVE_GIMPS_ASSIGNMENT,2026-08-08T14:01:06+00:00,UNALLOCATED,,,,,
SLCMP585-3333,3333,3333,288665567,2^288665567-1,STRUCTURAL_SCREEN_EXHAUSTED_PRIMALITY_UNASSIGNED,GF3A_DIRECTIONAL_WRITE_EXHAUSTED_PRIMALITY_UNASSIGNED,514,512,512,NO_RECORDED_FACTOR_PRP_OR_LL_RESULT_AND_NO_ACTIVE_GIMPS_ASSIGNMENT,2026-08-08T14:01:06+00:00,UNALLOCATED,,,,,
SLCMP585-3334,3334,3334,288665621,2^288665621-1,STRUCTURAL_SCREEN_EXHAUSTED_PRIMALITY_UNASSIGNED,GF3A_DIRECTIONAL_WRITE_EXHAUSTED_PRIMALITY_UNASSIGNED,513,512,512,NO_RECORDED_FACTOR_PRP_OR_LL_RESULT_AND_NO_ACTIVE_GIMPS_ASSIGNMENT,2026-08-08T14:01:06+00:00,UNALLOCATED,,,,,
SLCMP585-3335,3335,3335,288665711,2^288665711-1,STRUCTURAL_SCREEN_EXHAUSTED_PRIMALITY_UNASSIGNED,GF3A_DIRECTIONAL_WRITE_EXHAUSTED_PRIMALITY_UNASSIGNED,514,512,512,NO_RECORDED_FACTOR_PRP_OR_LL_RESULT_AND_NO_ACTIVE_GIMPS_ASSIGNMENT,2026-08-08T14:01:06+00:00,UNALLOCATED,,,,,
SLCMP585-3336,3336,3336,288665737,2^288665737-1,STRUCTURAL_SCREEN_EXHAUSTED_PRIMALITY_UNASSIGNED,GF3A_DIRECTIONAL_WRITE_EXHAUSTED_PRIMALITY_UNASSIGNED,513,512,512,NO_RECORDED_FACTOR_PRP_OR_LL_RESULT_AND_NO_ACTIVE_GIMPS_ASSIGNMENT,2026-08-08T14:01:06+00:00,UNALLOCATED,,,,,
SLCMP585-3337,3337,3337,288665747,2^288665747-1,STRUCTURAL_SCREEN_EXHAUSTED_PRIMALITY_UNASSIGNED,GF3A_DIRECTIONAL_WRITE_EXHAUSTED_PRIMALITY_UNASSIGNED,514,512,512,NO_RECORDED_FACTOR_PRP_OR_LL_RESULT_AND_NO_ACTIVE_GIMPS_ASSIGNMENT,2026-08-08T14:01:06+00:00,UNALLOCATED,,,,,
SLCMP585-3338,3338,3338,288665761,2^288665761-1,STRUCTURAL_SCREEN_EXHAUSTED_PRIMALITY_UNASSIGNED,GF3A_DIRECTIONAL_WRITE_EXHAUSTED_PRIMALITY_UNASSIGNED,513,512,512,NO_RECORDED_FACTOR_PRP_OR_LL_RESULT_AND_NO_ACTIVE_GIMPS_ASSIGNMENT,2026-08-08T14:01:06+00:00,UNALLOCATED,,,,,
SLCMP585-3339,3339,3339,288665791,2^288665791-1,STRUCTURAL_SCREEN_EXHAUSTED_PRIMALITY_UNASSIGNED,GF3A_DIRECTIONAL_WRITE_EXHAUSTED_PRIMALITY_UNASSIGNED,514,512,512,NO_RECORDED_FACTOR_PRP_OR_LL_RESULT_AND_NO_ACTIVE_GIMPS_ASSIGNMENT,2026-08-08T14:01:06+00:00,UNALLOCATED,,,,,
SLCMP585-3340,3340,3340,288665827,2^288665827-1,STRUCTURAL_SCREEN_EXHAUSTED_PRIMALITY_UNASSIGNED,GF3A_DIRECTIONAL_WRITE_EXHAUSTED_PRIMALITY_UNASSIGNED,514,512,512,NO_RECORDED_FACTOR_PRP_OR_LL_RESULT_AND_NO_ACTIVE_GIMPS_ASSIGNMENT,2026-08-08T14:01:06+00:00,UNALLOCATED,,,,,
SLCMP585-3341,3341,3341,288665891,2^288665891-1,STRUCTURAL_SCREEN_EXHAUSTED_PRIMALITY_UNASSIGNED,GF3A_DIRECTIONAL_WRITE_EXHAUSTED_PRIMALITY_UNASSIGNED,514,512,512,NO_RECORDED_FACTOR_PRP_OR_LL_RESULT_AND_NO_ACTIVE_GIMPS_ASSIGNMENT,2026-08-08T14:01:06+00:00,UNALLOCATED,,,,,
SLCMP585-3342,3342,3342,288665903,2^288665903-1,STRUCTURAL_SCREEN_EXHAUSTED_PRIMALITY_UNASSIGNED,GF3A_DIRECTIONAL_WRITE_EXHAUSTED_PRIMALITY_UNASSIGNED,514,512,512,NO_RECORDED_FACTOR_PRP_OR_LL_RESULT_AND_NO_ACTIVE_GIMPS_ASSIGNMENT,2026-08-08T14:01:06+00:00,UNALLOCATED,,,,,
SLCMP585-3343,3343,3343,288665947,2^288665947-1,STRUCTURAL_SCREEN_EXHAUSTED_PRIMALITY_UNASSIGNED,GF3A_DIRECTIONAL_WRITE_EXHAUSTED_PRIMALITY_UNASSIGNED,514,512,512,NO_RECORDED_FACTOR_PRP_OR_LL_RESULT_AND_NO_ACTIVE_GIMPS_ASSIGNMENT,2026-08-08T14:01:06+00:00,UNALLOCATED,,,,,
SLCMP585-3344,3344,3344,288666023,2^288666023-1,STRUCTURAL_SCREEN_EXHAUSTED_PRIMALITY_UNASSIGNED,GF3A_DIRECTIONAL_WRITE_EXHAUSTED_PRIMALITY_UNASSIGNED,514,512,512,NO_RECORDED_FACTOR_PRP_OR_LL_RESULT_AND_NO_ACTIVE_GIMPS_ASSIGNMENT,2026-08-08T14:01:06+00:00,UNALLOCATED,,,,,
SLCMP585-3345,3345,3345,288666089,2^288666089-1,STRUCTURAL_SCREEN_EXHAUSTED_PRIMALITY_UNASSIGNED,GF3A_DIRECTIONAL_WRITE_EXHAUSTED_PRIMALITY_UNASSIGNED,513,512,512,NO_RECORDED_FACTOR_PRP_OR_LL_RESULT_AND_NO_ACTIVE_GIMPS_ASSIGNMENT,2026-08-08T14:01:06+00:00,UNALLOCATED,,,,,
SLCMP585-3346,3346,3346,288666121,2^288666121-1,STRUCTURAL_SCREEN_EXHAUSTED_PRIMALITY_UNASSIGNED,GF3A_DIRECTIONAL_WRITE_EXHAUSTED_PRIMALITY_UNASSIGNED,513,512,512,NO_RECORDED_FACTOR_PRP_OR_LL_RESULT_AND_NO_ACTIVE_GIMPS_ASSIGNMENT,2026-08-08T14:01:06+00:00,UNALLOCATED,,,,,
SLCMP585-3347,3347,3347,288666283,2^288666283-1,STRUCTURAL_SCREEN_EXHAUSTED_PRIMALITY_UNASSIGNED,GF3A_DIRECTIONAL_WRITE_EXHAUSTED_PRIMALITY_UNASSIGNED,514,512,512,NO_RECORDED_FACTOR_PRP_OR_LL_RESULT_AND_NO_ACTIVE_GIMPS_ASSIGNMENT,2026-08-08T14:01:06+00:00,UNALLOCATED,,,,,
SLCMP585-3348,3348,3348,288666299,2^288666299-1,STRUCTURAL_SCREEN_EXHAUSTED_PRIMALITY_UNASSIGNED,GF3A_DIRECTIONAL_WRITE_EXHAUSTED_PRIMALITY_UNASSIGNED,514,512,512,NO_RECORDED_FACTOR_PRP_OR_LL_RESULT_AND_NO_ACTIVE_GIMPS_ASSIGNMENT,2026-08-08T14:01:06+00:00,UNALLOCATED,,,,,
SLCMP585-3349,3349,3349,288666311,2^288666311-1,STRUCTURAL_SCREEN_EXHAUSTED_PRIMALITY_UNASSIGNED,GF3A_DIRECTIONAL_WRITE_EXHAUSTED_PRIMALITY_UNASSIGNED,514,512,512,NO_RECORDED_FACTOR_PRP_OR_LL_RESULT_AND_NO_ACTIVE_GIMPS_ASSIGNMENT,2026-08-08T14:01:06+00:00,UNALLOCATED,,,,,
SLCMP585-3350,3350,3350,288666337,2^288666337-1,STRUCTURAL_SCREEN_EXHAUSTED_PRIMALITY_UNASSIGNED,GF3A_DIRECTIONAL_WRITE_EXHAUSTED_PRIMALITY_UNASSIGNED,513,512,512,NO_RECORDED_FACTOR_PRP_OR_LL_RESULT_AND_NO_ACTIVE_GIMPS_ASSIGNMENT,2026-08-08T14:01:06+00:00,UNALLOCATED,,,,,
SLCMP585-3351,3351,3351,288666361,2^288666361-1,STRUCTURAL_SCREEN_EXHAUSTED_PRIMALITY_UNASSIGNED,GF3A_DIRECTIONAL_WRITE_EXHAUSTED_PRIMALITY_UNASSIGNED,513,512,512,NO_RECORDED_FACTOR_PRP_OR_LL_RESULT_AND_NO_ACTIVE_GIMPS_ASSIGNMENT,2026-08-08T14:01:06+00:00,UNALLOCATED,,,,,
SLCMP585-3352,3352,3352,288666379,2^288666379-1,STRUCTURAL_SCREEN_EXHAUSTED_PRIMALITY_UNASSIGNED,GF3A_DIRECTIONAL_WRITE_EXHAUSTED_PRIMALITY_UNASSIGNED,514,512,512,NO_RECORDED_FACTOR_PRP_OR_LL_RESULT_AND_NO_ACTIVE_GIMPS_ASSIGNMENT,2026-08-08T14:01:06+00:00,UNALLOCATED,,,,,
SLCMP585-3353,3353,3353,288666401,2^288666401-1,STRUCTURAL_SCREEN_EXHAUSTED_PRIMALITY_UNASSIGNED,GF3A_DIRECTIONAL_WRITE_EXHAUSTED_PRIMALITY_UNASSIGNED,513,512,512,NO_RECORDED_FACTOR_PRP_OR_LL_RESULT_AND_NO_ACTIVE_GIMPS_ASSIGNMENT,2026-08-08T14:01:06+00:00,UNALLOCATED,,,,,
SLCMP585-3354,3354,3354,288666407,2^288666407-1,STRUCTURAL_SCREEN_EXHAUSTED_PRIMALITY_UNASSIGNED,GF3A_DIRECTIONAL_WRITE_EXHAUSTED_PRIMALITY_UNASSIGNED,514,512,512,NO_RECORDED_FACTOR_PRP_OR_LL_RESULT_AND_NO_ACTIVE_GIMPS_ASSIGNMENT,2026-08-08T14:01:06+00:00,UNALLOCATED,,,,,
SLCMP585-3355,3355,3355,288666479,2^288666479-1,STRUCTURAL_SCREEN_EXHAUSTED_PRIMALITY_UNASSIGNED,GF3A_DIRECTIONAL_WRITE_EXHAUSTED_PRIMALITY_UNASSIGNED,514,512,512,NO_RECORDED_FACTOR_PRP_OR_LL_RESULT_AND_NO_ACTIVE_GIMPS_ASSIGNMENT,2026-08-08T14:01:06+00:00,UNALLOCATED,,,,,
SLCMP585-3356,3356,3356,288666503,2^288666503-1,STRUCTURAL_SCREEN_EXHAUSTED_PRIMALITY_UNASSIGNED,GF3A_DIRECTIONAL_WRITE_EXHAUSTED_PRIMALITY_UNASSIGNED,514,512,512,NO_RECORDED_FACTOR_PRP_OR_LL_RESULT_AND_NO_ACTIVE_GIMPS_ASSIGNMENT,2026-08-08T14:01:06+00:00,UNALLOCATED,,,,,
SLCMP585-3357,3357,3357,288666517,2^288666517-1,STRUCTURAL_SCREEN_EXHAUSTED_PRIMALITY_UNASSIGNED,GF3A_DIRECTIONAL_WRITE_EXHAUSTED_PRIMALITY_UNASSIGNED,513,512,512,NO_RECORDED_FACTOR_PRP_OR_LL_RESULT_AND_NO_ACTIVE_GIMPS_ASSIGNMENT,2026-08-08T14:01:06+00:00,UNALLOCATED,,,,,
SLCMP585-3358,3358,3358,288666577,2^288666577-1,STRUCTURAL_SCREEN_EXHAUSTED_PRIMALITY_UNASSIGNED,GF3A_DIRECTIONAL_WRITE_EXHAUSTED_PRIMALITY_UNASSIGNED,513,512,512,NO_RECORDED_FACTOR_PRP_OR_LL_RESULT_AND_NO_ACTIVE_GIMPS_ASSIGNMENT,2026-08-08T14:01:06+00:00,UNALLOCATED,,,,,
SLCMP585-3359,3359,3359,288666659,2^288666659-1,STRUCTURAL_SCREEN_EXHAUSTED_PRIMALITY_UNASSIGNED,GF3A_DIRECTIONAL_WRITE_EXHAUSTED_PRIMALITY_UNASSIGNED,514,512,512,NO_RECORDED_FACTOR_PRP_OR_LL_RESULT_AND_NO_ACTIVE_GIMPS_ASSIGNMENT,2026-08-08T14:01:06+00:00,UNALLOCATED,,,,,
SLCMP585-3360,3360,3360,288666683,2^288666683-1,STRUCTURAL_SCREEN_EXHAUSTED_PRIMALITY_UNASSIGNED,GF3A_DIRECTIONAL_WRITE_EXHAUSTED_PRIMALITY_UNASSIGNED,514,512,512,NO_RECORDED_FACTOR_PRP_OR_LL_RESULT_AND_NO_ACTIVE_GIMPS_ASSIGNMENT,2026-08-08T14:01:06+00:00,UNALLOCATED,,,,,
SLCMP585-3361,3361,3361,288666757,2^288666757-1,STRUCTURAL_SCREEN_EXHAUSTED_PRIMALITY_UNASSIGNED,GF3A_DIRECTIONAL_WRITE_EXHAUSTED_PRIMALITY_UNASSIGNED,513,512,512,NO_RECORDED_FACTOR_PRP_OR_LL_RESULT_AND_NO_ACTIVE_GIMPS_ASSIGNMENT,2026-08-08T14:01:06+00:00,UNALLOCATED,,,,,
SLCMP585-3362,3362,3362,288666793,2^288666793-1,STRUCTURAL_SCREEN_EXHAUSTED_PRIMALITY_UNASSIGNED,GF3A_DIRECTIONAL_WRITE_EXHAUSTED_PRIMALITY_UNASSIGNED,513,512,512,NO_RECORDED_FACTOR_PRP_OR_LL_RESULT_AND_NO_ACTIVE_GIMPS_ASSIGNMENT,2026-08-08T14:01:06+00:00,UNALLOCATED,,,,,
SLCMP585-3363,3363,3363,288666803,2^288666803-1,STRUCTURAL_SCREEN_EXHAUSTED_PRIMALITY_UNASSIGNED,GF3A_DIRECTIONAL_WRITE_EXHAUSTED_PRIMALITY_UNASSIGNED,514,512,512,NO_RECORDED_FACTOR_PRP_OR_LL_RESULT_AND_NO_ACTIVE_GIMPS_ASSIGNMENT,2026-08-08T14:01:06+00:00,UNALLOCATED,,,,,
SLCMP585-3364,3364,3364,288666821,2^288666821-1,STRUCTURAL_SCREEN_EXHAUSTED_PRIMALITY_UNASSIGNED,GF3A_DIRECTIONAL_WRITE_EXHAUSTED_PRIMALITY_UNASSIGNED,513,512,512,NO_RECORDED_FACTOR_PRP_OR_LL_RESULT_AND_NO_ACTIVE_GIMPS_ASSIGNMENT,2026-08-08T14:01:06+00:00,UNALLOCATED,,,,,
SLCMP585-3365,3365,3365,288666929,2^288666929-1,STRUCTURAL_SCREEN_EXHAUSTED_PRIMALITY_UNASSIGNED,GF3A_DIRECTIONAL_WRITE_EXHAUSTED_PRIMALITY_UNASSIGNED,513,512,512,NO_RECORDED_FACTOR_PRP_OR_LL_RESULT_AND_NO_ACTIVE_GIMPS_ASSIGNMENT,2026-08-08T14:01:06+00:00,UNALLOCATED,,,,,
SLCMP585-3366,3366,3366,288666941,2^288666941-1,STRUCTURAL_SCREEN_EXHAUSTED_PRIMALITY_UNASSIGNED,GF3A_DIRECTIONAL_WRITE_EXHAUSTED_PRIMALITY_UNASSIGNED,513,512,512,NO_RECORDED_FACTOR_PRP_OR_LL_RESULT_AND_NO_ACTIVE_GIMPS_ASSIGNMENT,2026-08-08T14:01:06+00:00,UNALLOCATED,,,,,
SLCMP585-3367,3367,3367,288666949,2^288666949-1,STRUCTURAL_SCREEN_EXHAUSTED_PRIMALITY_UNASSIGNED,GF3A_DIRECTIONAL_WRITE_EXHAUSTED_PRIMALITY_UNASSIGNED,513,512,512,NO_RECORDED_FACTOR_PRP_OR_LL_RESULT_AND_NO_ACTIVE_GIMPS_ASSIGNMENT,2026-08-08T14:01:06+00:00,UNALLOCATED,,,,,
SLCMP585-3368,3368,3368,288667031,2^288667031-1,STRUCTURAL_SCREEN_EXHAUSTED_PRIMALITY_UNASSIGNED,GF3A_DIRECTIONAL_WRITE_EXHAUSTED_PRIMALITY_UNASSIGNED,514,512,512,NO_RECORDED_FACTOR_PRP_OR_LL_RESULT_AND_NO_ACTIVE_GIMPS_ASSIGNMENT,2026-08-08T14:01:06+00:00,UNALLOCATED,,,,,
SLCMP585-3369,3369,3369,288667147,2^288667147-1,STRUCTURAL_SCREEN_EXHAUSTED_PRIMALITY_UNASSIGNED,GF3A_DIRECTIONAL_WRITE_EXHAUSTED_PRIMALITY_UNASSIGNED,514,512,512,NO_RECORDED_FACTOR_PRP_OR_LL_RESULT_AND_NO_ACTIVE_GIMPS_ASSIGNMENT,2026-08-08T14:01:06+00:00,UNALLOCATED,,,,,
SLCMP585-3370,3370,3370,288667193,2^288667193-1,STRUCTURAL_SCREEN_EXHAUSTED_PRIMALITY_UNASSIGNED,GF3A_DIRECTIONAL_WRITE_EXHAUSTED_PRIMALITY_UNASSIGNED,513,512,512,NO_RECORDED_FACTOR_PRP_OR_LL_RESULT_AND_NO_ACTIVE_GIMPS_ASSIGNMENT,2026-08-08T14:01:06+00:00,UNALLOCATED,,,,,
SLCMP585-3371,3371,3371,288667369,2^288667369-1,STRUCTURAL_SCREEN_EXHAUSTED_PRIMALITY_UNASSIGNED,GF3A_DIRECTIONAL_WRITE_EXHAUSTED_PRIMALITY_UNASSIGNED,513,512,512,NO_RECORDED_FACTOR_PRP_OR_LL_RESULT_AND_NO_ACTIVE_GIMPS_ASSIGNMENT,2026-08-08T14:01:06+00:00,UNALLOCATED,,,,,
SLCMP585-3372,3372,3372,288667439,2^288667439-1,STRUCTURAL_SCREEN_EXHAUSTED_PRIMALITY_UNASSIGNED,GF3A_DIRECTIONAL_WRITE_EXHAUSTED_PRIMALITY_UNASSIGNED,514,512,512,NO_RECORDED_FACTOR_PRP_OR_LL_RESULT_AND_NO_ACTIVE_GIMPS_ASSIGNMENT,2026-08-08T14:01:06+00:00,UNALLOCATED,,,,,
SLCMP585-3373,3373,3373,288667481,2^288667481-1,STRUCTURAL_SCREEN_EXHAUSTED_PRIMALITY_UNASSIGNED,GF3A_DIRECTIONAL_WRITE_EXHAUSTED_PRIMALITY_UNASSIGNED,513,512,512,NO_RECORDED_FACTOR_PRP_OR_LL_RESULT_AND_NO_ACTIVE_GIMPS_ASSIGNMENT,2026-08-08T14:01:06+00:00,UNALLOCATED,,,,,
SLCMP585-3374,3374,3374,288667493,2^288667493-1,STRUCTURAL_SCREEN_EXHAUSTED_PRIMALITY_UNASSIGNED,GF3A_DIRECTIONAL_WRITE_EXHAUSTED_PRIMALITY_UNASSIGNED,513,512,512,NO_RECORDED_FACTOR_PRP_OR_LL_RESULT_AND_NO_ACTIVE_GIMPS_ASSIGNMENT,2026-08-08T14:01:06+00:00,UNALLOCATED,,,,,
SLCMP585-3375,3375,3375,288667529,2^288667529-1,STRUCTURAL_SCREEN_EXHAUSTED_PRIMALITY_UNASSIGNED,GF3A_DIRECTIONAL_WRITE_EXHAUSTED_PRIMALITY_UNASSIGNED,513,512,512,NO_RECORDED_FACTOR_PRP_OR_LL_RESULT_AND_NO_ACTIVE_GIMPS_ASSIGNMENT,2026-08-08T14:01:06+00:00,UNALLOCATED,,,,,
SLCMP585-3376,3376,3376,288667573,2^288667573-1,STRUCTURAL_SCREEN_EXHAUSTED_PRIMALITY_UNASSIGNED,GF3A_DIRECTIONAL_WRITE_EXHAUSTED_PRIMALITY_UNASSIGNED,513,512,512,NO_RECORDED_FACTOR_PRP_OR_LL_RESULT_AND_NO_ACTIVE_GIMPS_ASSIGNMENT,2026-08-08T14:01:06+00:00,UNALLOCATED,,,,,
SLCMP585-3377,3377,3377,288667583,2^288667583-1,STRUCTURAL_SCREEN_EXHAUSTED_PRIMALITY_UNASSIGNED,GF3A_DIRECTIONAL_WRITE_EXHAUSTED_PRIMALITY_UNASSIGNED,514,512,512,NO_RECORDED_FACTOR_PRP_OR_LL_RESULT_AND_NO_ACTIVE_GIMPS_ASSIGNMENT,2026-08-08T14:01:06+00:00,UNALLOCATED,,,,,
SLCMP585-3378,3378,3378,288667649,2^288667649-1,STRUCTURAL_SCREEN_EXHAUSTED_PRIMALITY_UNASSIGNED,GF3A_DIRECTIONAL_WRITE_EXHAUSTED_PRIMALITY_UNASSIGNED,513,512,512,NO_RECORDED_FACTOR_PRP_OR_LL_RESULT_AND_NO_ACTIVE_GIMPS_ASSIGNMENT,2026-08-08T14:01:06+00:00,UNALLOCATED,,,,,
SLCMP585-3379,3379,3379,288667699,2^288667699-1,STRUCTURAL_SCREEN_EXHAUSTED_PRIMALITY_UNASSIGNED,GF3A_DIRECTIONAL_WRITE_EXHAUSTED_PRIMALITY_UNASSIGNED,514,512,512,NO_RECORDED_FACTOR_PRP_OR_LL_RESULT_AND_NO_ACTIVE_GIMPS_ASSIGNMENT,2026-08-08T14:01:06+00:00,UNALLOCATED,,,,,
SLCMP585-3380,3380,3380,288667739,2^288667739-1,STRUCTURAL_SCREEN_EXHAUSTED_PRIMALITY_UNASSIGNED,GF3A_DIRECTIONAL_WRITE_EXHAUSTED_PRIMALITY_UNASSIGNED,514,512,512,NO_RECORDED_FACTOR_PRP_OR_LL_RESULT_AND_NO_ACTIVE_GIMPS_ASSIGNMENT,2026-08-08T14:01:06+00:00,UNALLOCATED,,,,,
SLCMP585-3381,3381,3381,288667759,2^288667759-1,STRUCTURAL_SCREEN_EXHAUSTED_PRIMALITY_UNASSIGNED,GF3A_DIRECTIONAL_WRITE_EXHAUSTED_PRIMALITY_UNASSIGNED,514,512,512,NO_RECORDED_FACTOR_PRP_OR_LL_RESULT_AND_NO_ACTIVE_GIMPS_ASSIGNMENT,2026-08-08T14:01:06+00:00,UNALLOCATED,,,,,
SLCMP585-3382,3382,3382,288667811,2^288667811-1,STRUCTURAL_SCREEN_EXHAUSTED_PRIMALITY_UNASSIGNED,GF3A_DIRECTIONAL_WRITE_EXHAUSTED_PRIMALITY_UNASSIGNED,514,512,512,NO_RECORDED_FACTOR_PRP_OR_LL_RESULT_AND_NO_ACTIVE_GIMPS_ASSIGNMENT,2026-08-08T14:01:06+00:00,UNALLOCATED,,,,,
SLCMP585-3383,3383,3383,288667849,2^288667849-1,STRUCTURAL_SCREEN_EXHAUSTED_PRIMALITY_UNASSIGNED,GF3A_DIRECTIONAL_WRITE_EXHAUSTED_PRIMALITY_UNASSIGNED,513,512,512,NO_RECORDED_FACTOR_PRP_OR_LL_RESULT_AND_NO_ACTIVE_GIMPS_ASSIGNMENT,2026-08-08T14:01:06+00:00,UNALLOCATED,,,,,
SLCMP585-3384,3384,3384,288667891,2^288667891-1,STRUCTURAL_SCREEN_EXHAUSTED_PRIMALITY_UNASSIGNED,GF3A_DIRECTIONAL_WRITE_EXHAUSTED_PRIMALITY_UNASSIGNED,514,512,512,NO_RECORDED_FACTOR_PRP_OR_LL_RESULT_AND_NO_ACTIVE_GIMPS_ASSIGNMENT,2026-08-08T14:01:06+00:00,UNALLOCATED,,,,,
SLCMP585-3385,3385,3385,288667961,2^288667961-1,STRUCTURAL_SCREEN_EXHAUSTED_PRIMALITY_UNASSIGNED,GF3A_DIRECTIONAL_WRITE_EXHAUSTED_PRIMALITY_UNASSIGNED,513,512,512,NO_RECORDED_FACTOR_PRP_OR_LL_RESULT_AND_NO_ACTIVE_GIMPS_ASSIGNMENT,2026-08-08T14:01:06+00:00,UNALLOCATED,,,,,
SLCMP585-3386,3386,3386,288668089,2^288668089-1,STRUCTURAL_SCREEN_EXHAUSTED_PRIMALITY_UNASSIGNED,GF3A_DIRECTIONAL_WRITE_EXHAUSTED_PRIMALITY_UNASSIGNED,513,512,512,NO_RECORDED_FACTOR_PRP_OR_LL_RESULT_AND_NO_ACTIVE_GIMPS_ASSIGNMENT,2026-08-08T14:01:06+00:00,UNALLOCATED,,,,,
SLCMP585-3387,3387,3387,288668099,2^288668099-1,STRUCTURAL_SCREEN_EXHAUSTED_PRIMALITY_UNASSIGNED,GF3A_DIRECTIONAL_WRITE_EXHAUSTED_PRIMALITY_UNASSIGNED,514,512,512,NO_RECORDED_FACTOR_PRP_OR_LL_RESULT_AND_NO_ACTIVE_GIMPS_ASSIGNMENT,2026-08-08T14:01:06+00:00,UNALLOCATED,,,,,
SLCMP585-3388,3388,3388,288668137,2^288668137-1,STRUCTURAL_SCREEN_EXHAUSTED_PRIMALITY_UNASSIGNED,GF3A_DIRECTIONAL_WRITE_EXHAUSTED_PRIMALITY_UNASSIGNED,513,512,512,NO_RECORDED_FACTOR_PRP_OR_LL_RESULT_AND_NO_ACTIVE_GIMPS_ASSIGNMENT,2026-08-08T14:01:06+00:00,UNALLOCATED,,,,,
SLCMP585-3389,3389,3389,288668183,2^288668183-1,STRUCTURAL_SCREEN_EXHAUSTED_PRIMALITY_UNASSIGNED,GF3A_DIRECTIONAL_WRITE_EXHAUSTED_PRIMALITY_UNASSIGNED,514,512,512,NO_RECORDED_FACTOR_PRP_OR_LL_RESULT_AND_NO_ACTIVE_GIMPS_ASSIGNMENT,2026-08-08T14:01:06+00:00,UNALLOCATED,,,,,
SLCMP585-3390,3390,3390,288668213,2^288668213-1,STRUCTURAL_SCREEN_EXHAUSTED_PRIMALITY_UNASSIGNED,GF3A_DIRECTIONAL_WRITE_EXHAUSTED_PRIMALITY_UNASSIGNED,513,512,512,NO_RECORDED_FACTOR_PRP_OR_LL_RESULT_AND_NO_ACTIVE_GIMPS_ASSIGNMENT,2026-08-08T14:01:06+00:00,UNALLOCATED,,,,,
SLCMP585-3391,3391,3391,288668231,2^288668231-1,STRUCTURAL_SCREEN_EXHAUSTED_PRIMALITY_UNASSIGNED,GF3A_DIRECTIONAL_WRITE_EXHAUSTED_PRIMALITY_UNASSIGNED,514,512,512,NO_RECORDED_FACTOR_PRP_OR_LL_RESULT_AND_NO_ACTIVE_GIMPS_ASSIGNMENT,2026-08-08T14:01:06+00:00,UNALLOCATED,,,,,
SLCMP585-3392,3392,3392,288668251,2^288668251-1,STRUCTURAL_SCREEN_EXHAUSTED_PRIMALITY_UNASSIGNED,GF3A_DIRECTIONAL_WRITE_EXHAUSTED_PRIMALITY_UNASSIGNED,514,512,512,NO_RECORDED_FACTOR_PRP_OR_LL_RESULT_AND_NO_ACTIVE_GIMPS_ASSIGNMENT,2026-08-08T14:01:06+00:00,UNALLOCATED,,,,,
SLCMP585-3393,3393,3393,288668267,2^288668267-1,STRUCTURAL_SCREEN_EXHAUSTED_PRIMALITY_UNASSIGNED,GF3A_DIRECTIONAL_WRITE_EXHAUSTED_PRIMALITY_UNASSIGNED,514,512,512,NO_RECORDED_FACTOR_PRP_OR_LL_RESULT_AND_NO_ACTIVE_GIMPS_ASSIGNMENT,2026-08-08T14:01:06+00:00,UNALLOCATED,,,,,
SLCMP585-3394,3394,3394,288668299,2^288668299-1,STRUCTURAL_SCREEN_EXHAUSTED_PRIMALITY_UNASSIGNED,GF3A_DIRECTIONAL_WRITE_EXHAUSTED_PRIMALITY_UNASSIGNED,514,512,512,NO_RECORDED_FACTOR_PRP_OR_LL_RESULT_AND_NO_ACTIVE_GIMPS_ASSIGNMENT,2026-08-08T14:01:06+00:00,UNALLOCATED,,,,,
SLCMP585-3395,3395,3395,288668309,2^288668309-1,STRUCTURAL_SCREEN_EXHAUSTED_PRIMALITY_UNASSIGNED,GF3A_DIRECTIONAL_WRITE_EXHAUSTED_PRIMALITY_UNASSIGNED,513,512,512,NO_RECORDED_FACTOR_PRP_OR_LL_RESULT_AND_NO_ACTIVE_GIMPS_ASSIGNMENT,2026-08-08T14:01:06+00:00,UNALLOCATED,,,,,
SLCMP585-3396,3396,3396,288668383,2^288668383-1,STRUCTURAL_SCREEN_EXHAUSTED_PRIMALITY_UNASSIGNED,GF3A_DIRECTIONAL_WRITE_EXHAUSTED_PRIMALITY_UNASSIGNED,514,512,512,NO_RECORDED_FACTOR_PRP_OR_LL_RESULT_AND_NO_ACTIVE_GIMPS_ASSIGNMENT,2026-08-08T14:01:06+00:00,UNALLOCATED,,,,,
SLCMP585-3397,3397,3397,288668441,2^288668441-1,STRUCTURAL_SCREEN_EXHAUSTED_PRIMALITY_UNASSIGNED,GF3A_DIRECTIONAL_WRITE_EXHAUSTED_PRIMALITY_UNASSIGNED,513,512,512,NO_RECORDED_FACTOR_PRP_OR_LL_RESULT_AND_NO_ACTIVE_GIMPS_ASSIGNMENT,2026-08-08T14:01:06+00:00,UNALLOCATED,,,,,
SLCMP585-3398,3398,3398,288668477,2^288668477-1,STRUCTURAL_SCREEN_EXHAUSTED_PRIMALITY_UNASSIGNED,GF3A_DIRECTIONAL_WRITE_EXHAUSTED_PRIMALITY_UNASSIGNED,513,512,512,NO_RECORDED_FACTOR_PRP_OR_LL_RESULT_AND_NO_ACTIVE_GIMPS_ASSIGNMENT,2026-08-08T14:01:06+00:00,UNALLOCATED,,,,,
SLCMP585-3399,3399,3399,288668507,2^288668507-1,STRUCTURAL_SCREEN_EXHAUSTED_PRIMALITY_UNASSIGNED,GF3A_DIRECTIONAL_WRITE_EXHAUSTED_PRIMALITY_UNASSIGNED,514,512,512,NO_RECORDED_FACTOR_PRP_OR_LL_RESULT_AND_NO_ACTIVE_GIMPS_ASSIGNMENT,2026-08-08T14:01:06+00:00,UNALLOCATED,,,,,
SLCMP585-3400,3400,3400,288668509,2^288668509-1,STRUCTURAL_SCREEN_EXHAUSTED_PRIMALITY_UNASSIGNED,GF3A_DIRECTIONAL_WRITE_EXHAUSTED_PRIMALITY_UNASSIGNED,513,512,512,NO_RECORDED_FACTOR_PRP_OR_LL_RESULT_AND_NO_ACTIVE_GIMPS_ASSIGNMENT,2026-08-08T14:01:06+00:00,UNALLOCATED,,,,,
SLCMP585-3401,3401,3401,288668591,2^288668591-1,STRUCTURAL_SCREEN_EXHAUSTED_PRIMALITY_UNASSIGNED,GF3A_DIRECTIONAL_WRITE_EXHAUSTED_PRIMALITY_UNASSIGNED,514,512,512,NO_RECORDED_FACTOR_PRP_OR_LL_RESULT_AND_NO_ACTIVE_GIMPS_ASSIGNMENT,2026-08-08T14:01:06+00:00,UNALLOCATED,,,,,
SLCMP585-3402,3402,3402,288668623,2^288668623-1,STRUCTURAL_SCREEN_EXHAUSTED_PRIMALITY_UNASSIGNED,GF3A_DIRECTIONAL_WRITE_EXHAUSTED_PRIMALITY_UNASSIGNED,514,512,512,NO_RECORDED_FACTOR_PRP_OR_LL_RESULT_AND_NO_ACTIVE_GIMPS_ASSIGNMENT,2026-08-08T14:01:06+00:00,UNALLOCATED,,,,,
SLCMP585-3403,3403,3403,288668657,2^288668657-1,STRUCTURAL_SCREEN_EXHAUSTED_PRIMALITY_UNASSIGNED,GF3A_DIRECTIONAL_WRITE_EXHAUSTED_PRIMALITY_UNASSIGNED,513,512,512,NO_RECORDED_FACTOR_PRP_OR_LL_RESULT_AND_NO_ACTIVE_GIMPS_ASSIGNMENT,2026-08-08T14:01:06+00:00,UNALLOCATED,,,,,
SLCMP585-3404,3404,3404,288668717,2^288668717-1,STRUCTURAL_SCREEN_EXHAUSTED_PRIMALITY_UNASSIGNED,GF3A_DIRECTIONAL_WRITE_EXHAUSTED_PRIMALITY_UNASSIGNED,513,512,512,NO_RECORDED_FACTOR_PRP_OR_LL_RESULT_AND_NO_ACTIVE_GIMPS_ASSIGNMENT,2026-08-08T14:01:06+00:00,UNALLOCATED,,,,,
SLCMP585-3405,3405,3405,288668827,2^288668827-1,STRUCTURAL_SCREEN_EXHAUSTED_PRIMALITY_UNASSIGNED,GF3A_DIRECTIONAL_WRITE_EXHAUSTED_PRIMALITY_UNASSIGNED,514,512,512,NO_RECORDED_FACTOR_PRP_OR_LL_RESULT_AND_NO_ACTIVE_GIMPS_ASSIGNMENT,2026-08-08T14:01:06+00:00,UNALLOCATED,,,,,
SLCMP585-3406,3406,3406,288668851,2^288668851-1,STRUCTURAL_SCREEN_EXHAUSTED_PRIMALITY_UNASSIGNED,GF3A_DIRECTIONAL_WRITE_EXHAUSTED_PRIMALITY_UNASSIGNED,514,512,512,NO_RECORDED_FACTOR_PRP_OR_LL_RESULT_AND_NO_ACTIVE_GIMPS_ASSIGNMENT,2026-08-08T14:01:06+00:00,UNALLOCATED,,,,,
SLCMP585-3407,3407,3407,288668867,2^288668867-1,STRUCTURAL_SCREEN_EXHAUSTED_PRIMALITY_UNASSIGNED,GF3A_DIRECTIONAL_WRITE_EXHAUSTED_PRIMALITY_UNASSIGNED,514,512,512,NO_RECORDED_FACTOR_PRP_OR_LL_RESULT_AND_NO_ACTIVE_GIMPS_ASSIGNMENT,2026-08-08T14:01:06+00:00,UNALLOCATED,,,,,
SLCMP585-3408,3408,3408,288668911,2^288668911-1,STRUCTURAL_SCREEN_EXHAUSTED_PRIMALITY_UNASSIGNED,GF3A_DIRECTIONAL_WRITE_EXHAUSTED_PRIMALITY_UNASSIGNED,514,512,512,NO_RECORDED_FACTOR_PRP_OR_LL_RESULT_AND_NO_ACTIVE_GIMPS_ASSIGNMENT,2026-08-08T14:01:06+00:00,UNALLOCATED,,,,,
SLCMP585-3409,3409,3409,288668969,2^288668969-1,STRUCTURAL_SCREEN_EXHAUSTED_PRIMALITY_UNASSIGNED,GF3A_DIRECTIONAL_WRITE_EXHAUSTED_PRIMALITY_UNASSIGNED,513,512,512,NO_RECORDED_FACTOR_PRP_OR_LL_RESULT_AND_NO_ACTIVE_GIMPS_ASSIGNMENT,2026-08-08T14:01:06+00:00,UNALLOCATED,,,,,
SLCMP585-3410,3410,3410,288669013,2^288669013-1,STRUCTURAL_SCREEN_EXHAUSTED_PRIMALITY_UNASSIGNED,GF3A_DIRECTIONAL_WRITE_EXHAUSTED_PRIMALITY_UNASSIGNED,513,512,512,NO_RECORDED_FACTOR_PRP_OR_LL_RESULT_AND_NO_ACTIVE_GIMPS_ASSIGNMENT,2026-08-08T14:01:06+00:00,UNALLOCATED,,,,,
SLCMP585-3411,3411,3411,288669047,2^288669047-1,STRUCTURAL_SCREEN_EXHAUSTED_PRIMALITY_UNASSIGNED,GF3A_DIRECTIONAL_WRITE_EXHAUSTED_PRIMALITY_UNASSIGNED,514,512,512,NO_RECORDED_FACTOR_PRP_OR_LL_RESULT_AND_NO_ACTIVE_GIMPS_ASSIGNMENT,2026-08-08T14:01:06+00:00,UNALLOCATED,,,,,
SLCMP585-3412,3412,3412,288669209,2^288669209-1,STRUCTURAL_SCREEN_EXHAUSTED_PRIMALITY_UNASSIGNED,GF3A_DIRECTIONAL_WRITE_EXHAUSTED_PRIMALITY_UNASSIGNED,513,512,512,NO_RECORDED_FACTOR_PRP_OR_LL_RESULT_AND_NO_ACTIVE_GIMPS_ASSIGNMENT,2026-08-08T14:01:06+00:00,UNALLOCATED,,,,,
SLCMP585-3413,3413,3413,288669221,2^288669221-1,STRUCTURAL_SCREEN_EXHAUSTED_PRIMALITY_UNASSIGNED,GF3A_DIRECTIONAL_WRITE_EXHAUSTED_PRIMALITY_UNASSIGNED,513,512,512,NO_RECORDED_FACTOR_PRP_OR_LL_RESULT_AND_NO_ACTIVE_GIMPS_ASSIGNMENT,2026-08-08T14:01:06+00:00,UNALLOCATED,,,,,
SLCMP585-3414,3414,3414,288669247,2^288669247-1,STRUCTURAL_SCREEN_EXHAUSTED_PRIMALITY_UNASSIGNED,GF3A_DIRECTIONAL_WRITE_EXHAUSTED_PRIMALITY_UNASSIGNED,514,512,512,NO_RECORDED_FACTOR_PRP_OR_LL_RESULT_AND_NO_ACTIVE_GIMPS_ASSIGNMENT,2026-08-08T14:01:06+00:00,UNALLOCATED,,,,,
SLCMP585-3415,3415,3415,288669313,2^288669313-1,STRUCTURAL_SCREEN_EXHAUSTED_PRIMALITY_UNASSIGNED,GF3A_DIRECTIONAL_WRITE_EXHAUSTED_PRIMALITY_UNASSIGNED,513,512,512,NO_RECORDED_FACTOR_PRP_OR_LL_RESULT_AND_NO_ACTIVE_GIMPS_ASSIGNMENT,2026-08-08T14:01:06+00:00,UNALLOCATED,,,,,
SLCMP585-3416,3416,3416,288669383,2^288669383-1,STRUCTURAL_SCREEN_EXHAUSTED_PRIMALITY_UNASSIGNED,GF3A_DIRECTIONAL_WRITE_EXHAUSTED_PRIMALITY_UNASSIGNED,514,512,512,NO_RECORDED_FACTOR_PRP_OR_LL_RESULT_AND_NO_ACTIVE_GIMPS_ASSIGNMENT,2026-08-08T14:01:06+00:00,UNALLOCATED,,,,,
SLCMP585-3417,3417,3417,288669391,2^288669391-1,STRUCTURAL_SCREEN_EXHAUSTED_PRIMALITY_UNASSIGNED,GF3A_DIRECTIONAL_WRITE_EXHAUSTED_PRIMALITY_UNASSIGNED,514,512,512,NO_RECORDED_FACTOR_PRP_OR_LL_RESULT_AND_NO_ACTIVE_GIMPS_ASSIGNMENT,2026-08-08T14:01:06+00:00,UNALLOCATED,,,,,
SLCMP585-3418,3418,3418,288669517,2^288669517-1,STRUCTURAL_SCREEN_EXHAUSTED_PRIMALITY_UNASSIGNED,GF3A_DIRECTIONAL_WRITE_EXHAUSTED_PRIMALITY_UNASSIGNED,513,512,512,NO_RECORDED_FACTOR_PRP_OR_LL_RESULT_AND_NO_ACTIVE_GIMPS_ASSIGNMENT,2026-08-08T14:01:06+00:00,UNALLOCATED,,,,,
SLCMP585-3419,3419,3419,288669529,2^288669529-1,STRUCTURAL_SCREEN_EXHAUSTED_PRIMALITY_UNASSIGNED,GF3A_DIRECTIONAL_WRITE_EXHAUSTED_PRIMALITY_UNASSIGNED,513,512,512,NO_RECORDED_FACTOR_PRP_OR_LL_RESULT_AND_NO_ACTIVE_GIMPS_ASSIGNMENT,2026-08-08T14:01:06+00:00,UNALLOCATED,,,,,
SLCMP585-3420,3420,3420,288669547,2^288669547-1,STRUCTURAL_SCREEN_EXHAUSTED_PRIMALITY_UNASSIGNED,GF3A_DIRECTIONAL_WRITE_EXHAUSTED_PRIMALITY_UNASSIGNED,514,512,512,NO_RECORDED_FACTOR_PRP_OR_LL_RESULT_AND_NO_ACTIVE_GIMPS_ASSIGNMENT,2026-08-08T14:01:06+00:00,UNALLOCATED,,,,,
SLCMP585-3421,3421,3421,288669587,2^288669587-1,STRUCTURAL_SCREEN_EXHAUSTED_PRIMALITY_UNASSIGNED,GF3A_DIRECTIONAL_WRITE_EXHAUSTED_PRIMALITY_UNASSIGNED,514,512,512,NO_RECORDED_FACTOR_PRP_OR_LL_RESULT_AND_NO_ACTIVE_GIMPS_ASSIGNMENT,2026-08-08T14:01:06+00:00,UNALLOCATED,,,,,
SLCMP585-3422,3422,3422,288669763,2^288669763-1,STRUCTURAL_SCREEN_EXHAUSTED_PRIMALITY_UNASSIGNED,GF3A_DIRECTIONAL_WRITE_EXHAUSTED_PRIMALITY_UNASSIGNED,514,512,512,NO_RECORDED_FACTOR_PRP_OR_LL_RESULT_AND_NO_ACTIVE_GIMPS_ASSIGNMENT,2026-08-08T14:01:06+00:00,UNALLOCATED,,,,,
SLCMP585-3423,3423,3423,288669791,2^288669791-1,STRUCTURAL_SCREEN_EXHAUSTED_PRIMALITY_UNASSIGNED,GF3A_DIRECTIONAL_WRITE_EXHAUSTED_PRIMALITY_UNASSIGNED,514,512,512,NO_RECORDED_FACTOR_PRP_OR_LL_RESULT_AND_NO_ACTIVE_GIMPS_ASSIGNMENT,2026-08-08T14:01:06+00:00,UNALLOCATED,,,,,
SLCMP585-3424,3424,3424,288669833,2^288669833-1,STRUCTURAL_SCREEN_EXHAUSTED_PRIMALITY_UNASSIGNED,GF3A_DIRECTIONAL_WRITE_EXHAUSTED_PRIMALITY_UNASSIGNED,513,512,512,NO_RECORDED_FACTOR_PRP_OR_LL_RESULT_AND_NO_ACTIVE_GIMPS_ASSIGNMENT,2026-08-08T14:01:06+00:00,UNALLOCATED,,,,,
SLCMP585-3425,3425,3425,288669839,2^288669839-1,STRUCTURAL_SCREEN_EXHAUSTED_PRIMALITY_UNASSIGNED,GF3A_DIRECTIONAL_WRITE_EXHAUSTED_PRIMALITY_UNASSIGNED,514,512,512,NO_RECORDED_FACTOR_PRP_OR_LL_RESULT_AND_NO_ACTIVE_GIMPS_ASSIGNMENT,2026-08-08T14:01:06+00:00,UNALLOCATED,,,,,
SLCMP585-3426,3426,3426,288669859,2^288669859-1,STRUCTURAL_SCREEN_EXHAUSTED_PRIMALITY_UNASSIGNED,GF3A_DIRECTIONAL_WRITE_EXHAUSTED_PRIMALITY_UNASSIGNED,514,512,512,NO_RECORDED_FACTOR_PRP_OR_LL_RESULT_AND_NO_ACTIVE_GIMPS_ASSIGNMENT,2026-08-08T14:01:06+00:00,UNALLOCATED,,,,,
SLCMP585-3427,3427,3427,288669929,2^288669929-1,STRUCTURAL_SCREEN_EXHAUSTED_PRIMALITY_UNASSIGNED,GF3A_DIRECTIONAL_WRITE_EXHAUSTED_PRIMALITY_UNASSIGNED,513,512,512,NO_RECORDED_FACTOR_PRP_OR_LL_RESULT_AND_NO_ACTIVE_GIMPS_ASSIGNMENT,2026-08-08T14:01:06+00:00,UNALLOCATED,,,,,
SLCMP585-3428,3428,3428,288669947,2^288669947-1,STRUCTURAL_SCREEN_EXHAUSTED_PRIMALITY_UNASSIGNED,GF3A_DIRECTIONAL_WRITE_EXHAUSTED_PRIMALITY_UNASSIGNED,514,512,512,NO_RECORDED_FACTOR_PRP_OR_LL_RESULT_AND_NO_ACTIVE_GIMPS_ASSIGNMENT,2026-08-08T14:01:06+00:00,UNALLOCATED,,,,,
SLCMP585-3429,3429,3429,288670043,2^288670043-1,STRUCTURAL_SCREEN_EXHAUSTED_PRIMALITY_UNASSIGNED,GF3A_DIRECTIONAL_WRITE_EXHAUSTED_PRIMALITY_UNASSIGNED,514,512,512,NO_RECORDED_FACTOR_PRP_OR_LL_RESULT_AND_NO_ACTIVE_GIMPS_ASSIGNMENT,2026-08-08T14:01:06+00:00,UNALLOCATED,,,,,
SLCMP585-3430,3430,3430,288670069,2^288670069-1,STRUCTURAL_SCREEN_EXHAUSTED_PRIMALITY_UNASSIGNED,GF3A_DIRECTIONAL_WRITE_EXHAUSTED_PRIMALITY_UNASSIGNED,513,512,512,NO_RECORDED_FACTOR_PRP_OR_LL_RESULT_AND_NO_ACTIVE_GIMPS_ASSIGNMENT,2026-08-08T14:01:06+00:00,UNALLOCATED,,,,,
SLCMP585-3431,3431,3431,288670141,2^288670141-1,STRUCTURAL_SCREEN_EXHAUSTED_PRIMALITY_UNASSIGNED,GF3A_DIRECTIONAL_WRITE_EXHAUSTED_PRIMALITY_UNASSIGNED,513,512,512,NO_RECORDED_FACTOR_PRP_OR_LL_RESULT_AND_NO_ACTIVE_GIMPS_ASSIGNMENT,2026-08-08T14:01:06+00:00,UNALLOCATED,,,,,
SLCMP585-3432,3432,3432,288670243,2^288670243-1,STRUCTURAL_SCREEN_EXHAUSTED_PRIMALITY_UNASSIGNED,GF3A_DIRECTIONAL_WRITE_EXHAUSTED_PRIMALITY_UNASSIGNED,514,512,512,NO_RECORDED_FACTOR_PRP_OR_LL_RESULT_AND_NO_ACTIVE_GIMPS_ASSIGNMENT,2026-08-08T14:01:06+00:00,UNALLOCATED,,,,,
SLCMP585-3433,3433,3433,288670247,2^288670247-1,STRUCTURAL_SCREEN_EXHAUSTED_PRIMALITY_UNASSIGNED,GF3A_DIRECTIONAL_WRITE_EXHAUSTED_PRIMALITY_UNASSIGNED,514,512,512,NO_RECORDED_FACTOR_PRP_OR_LL_RESULT_AND_NO_ACTIVE_GIMPS_ASSIGNMENT,2026-08-08T14:01:06+00:00,UNALLOCATED,,,,,
SLCMP585-3434,3434,3434,288670267,2^288670267-1,STRUCTURAL_SCREEN_EXHAUSTED_PRIMALITY_UNASSIGNED,GF3A_DIRECTIONAL_WRITE_EXHAUSTED_PRIMALITY_UNASSIGNED,514,512,512,NO_RECORDED_FACTOR_PRP_OR_LL_RESULT_AND_NO_ACTIVE_GIMPS_ASSIGNMENT,2026-08-08T14:01:06+00:00,UNALLOCATED,,,,,
SLCMP585-3435,3435,3435,288670297,2^288670297-1,STRUCTURAL_SCREEN_EXHAUSTED_PRIMALITY_UNASSIGNED,GF3A_DIRECTIONAL_WRITE_EXHAUSTED_PRIMALITY_UNASSIGNED,513,512,512,NO_RECORDED_FACTOR_PRP_OR_LL_RESULT_AND_NO_ACTIVE_GIMPS_ASSIGNMENT,2026-08-08T14:01:06+00:00,UNALLOCATED,,,,,
SLCMP585-3436,3436,3436,288670391,2^288670391-1,STRUCTURAL_SCREEN_EXHAUSTED_PRIMALITY_UNASSIGNED,GF3A_DIRECTIONAL_WRITE_EXHAUSTED_PRIMALITY_UNASSIGNED,514,512,512,NO_RECORDED_FACTOR_PRP_OR_LL_RESULT_AND_NO_ACTIVE_GIMPS_ASSIGNMENT,2026-08-08T14:01:06+00:00,UNALLOCATED,,,,,
SLCMP585-3437,3437,3437,288670427,2^288670427-1,STRUCTURAL_SCREEN_EXHAUSTED_PRIMALITY_UNASSIGNED,GF3A_DIRECTIONAL_WRITE_EXHAUSTED_PRIMALITY_UNASSIGNED,514,512,512,NO_RECORDED_FACTOR_PRP_OR_LL_RESULT_AND_NO_ACTIVE_GIMPS_ASSIGNMENT,2026-08-08T14:01:06+00:00,UNALLOCATED,,,,,
SLCMP585-3438,3438,3438,288670429,2^288670429-1,STRUCTURAL_SCREEN_EXHAUSTED_PRIMALITY_UNASSIGNED,GF3A_DIRECTIONAL_WRITE_EXHAUSTED_PRIMALITY_UNASSIGNED,513,512,512,NO_RECORDED_FACTOR_PRP_OR_LL_RESULT_AND_NO_ACTIVE_GIMPS_ASSIGNMENT,2026-08-08T14:01:06+00:00,UNALLOCATED,,,,,
SLCMP585-3439,3439,3439,288670433,2^288670433-1,STRUCTURAL_SCREEN_EXHAUSTED_PRIMALITY_UNASSIGNED,GF3A_DIRECTIONAL_WRITE_EXHAUSTED_PRIMALITY_UNASSIGNED,513,512,512,NO_RECORDED_FACTOR_PRP_OR_LL_RESULT_AND_NO_ACTIVE_GIMPS_ASSIGNMENT,2026-08-08T14:01:06+00:00,UNALLOCATED,,,,,
SLCMP585-3440,3440,3440,288670441,2^288670441-1,STRUCTURAL_SCREEN_EXHAUSTED_PRIMALITY_UNASSIGNED,GF3A_DIRECTIONAL_WRITE_EXHAUSTED_PRIMALITY_UNASSIGNED,513,512,512,NO_RECORDED_FACTOR_PRP_OR_LL_RESULT_AND_NO_ACTIVE_GIMPS_ASSIGNMENT,2026-08-08T14:01:06+00:00,UNALLOCATED,,,,,
SLCMP585-3441,3441,3441,288670507,2^288670507-1,STRUCTURAL_SCREEN_EXHAUSTED_PRIMALITY_UNASSIGNED,GF3A_DIRECTIONAL_WRITE_EXHAUSTED_PRIMALITY_UNASSIGNED,514,512,512,NO_RECORDED_FACTOR_PRP_OR_LL_RESULT_AND_NO_ACTIVE_GIMPS_ASSIGNMENT,2026-08-08T14:01:06+00:00,UNALLOCATED,,,,,
SLCMP585-3442,3442,3442,288670537,2^288670537-1,STRUCTURAL_SCREEN_EXHAUSTED_PRIMALITY_UNASSIGNED,GF3A_DIRECTIONAL_WRITE_EXHAUSTED_PRIMALITY_UNASSIGNED,513,512,512,NO_RECORDED_FACTOR_PRP_OR_LL_RESULT_AND_NO_ACTIVE_GIMPS_ASSIGNMENT,2026-08-08T14:01:06+00:00,UNALLOCATED,,,,,
SLCMP585-3443,3443,3443,288670561,2^288670561-1,STRUCTURAL_SCREEN_EXHAUSTED_PRIMALITY_UNASSIGNED,GF3A_DIRECTIONAL_WRITE_EXHAUSTED_PRIMALITY_UNASSIGNED,513,512,512,NO_RECORDED_FACTOR_PRP_OR_LL_RESULT_AND_NO_ACTIVE_GIMPS_ASSIGNMENT,2026-08-08T14:01:06+00:00,UNALLOCATED,,,,,
SLCMP585-3444,3444,3444,288670573,2^288670573-1,STRUCTURAL_SCREEN_EXHAUSTED_PRIMALITY_UNASSIGNED,GF3A_DIRECTIONAL_WRITE_EXHAUSTED_PRIMALITY_UNASSIGNED,513,512,512,NO_RECORDED_FACTOR_PRP_OR_LL_RESULT_AND_NO_ACTIVE_GIMPS_ASSIGNMENT,2026-08-08T14:01:06+00:00,UNALLOCATED,,,,,
SLCMP585-3445,3445,3445,288670589,2^288670589-1,STRUCTURAL_SCREEN_EXHAUSTED_PRIMALITY_UNASSIGNED,GF3A_DIRECTIONAL_WRITE_EXHAUSTED_PRIMALITY_UNASSIGNED,513,512,512,NO_RECORDED_FACTOR_PRP_OR_LL_RESULT_AND_NO_ACTIVE_GIMPS_ASSIGNMENT,2026-08-08T14:01:06+00:00,UNALLOCATED,,,,,
SLCMP585-3446,3446,3446,288670673,2^288670673-1,STRUCTURAL_SCREEN_EXHAUSTED_PRIMALITY_UNASSIGNED,GF3A_DIRECTIONAL_WRITE_EXHAUSTED_PRIMALITY_UNASSIGNED,513,512,512,NO_RECORDED_FACTOR_PRP_OR_LL_RESULT_AND_NO_ACTIVE_GIMPS_ASSIGNMENT,2026-08-08T14:01:06+00:00,UNALLOCATED,,,,,
SLCMP585-3447,3447,3447,288670703,2^288670703-1,STRUCTURAL_SCREEN_EXHAUSTED_PRIMALITY_UNASSIGNED,GF3A_DIRECTIONAL_WRITE_EXHAUSTED_PRIMALITY_UNASSIGNED,514,512,512,NO_RECORDED_FACTOR_PRP_OR_LL_RESULT_AND_NO_ACTIVE_GIMPS_ASSIGNMENT,2026-08-08T14:01:06+00:00,UNALLOCATED,,,,,
SLCMP585-3448,3448,3448,288670747,2^288670747-1,STRUCTURAL_SCREEN_EXHAUSTED_PRIMALITY_UNASSIGNED,GF3A_DIRECTIONAL_WRITE_EXHAUSTED_PRIMALITY_UNASSIGNED,514,512,512,NO_RECORDED_FACTOR_PRP_OR_LL_RESULT_AND_NO_ACTIVE_GIMPS_ASSIGNMENT,2026-08-08T14:01:06+00:00,UNALLOCATED,,,,,
SLCMP585-3449,3449,3449,288670771,2^288670771-1,STRUCTURAL_SCREEN_EXHAUSTED_PRIMALITY_UNASSIGNED,GF3A_DIRECTIONAL_WRITE_EXHAUSTED_PRIMALITY_UNASSIGNED,514,512,512,NO_RECORDED_FACTOR_PRP_OR_LL_RESULT_AND_NO_ACTIVE_GIMPS_ASSIGNMENT,2026-08-08T14:01:06+00:00,UNALLOCATED,,,,,
SLCMP585-3450,3450,3450,288670783,2^288670783-1,STRUCTURAL_SCREEN_EXHAUSTED_PRIMALITY_UNASSIGNED,GF3A_DIRECTIONAL_WRITE_EXHAUSTED_PRIMALITY_UNASSIGNED,514,512,512,NO_RECORDED_FACTOR_PRP_OR_LL_RESULT_AND_NO_ACTIVE_GIMPS_ASSIGNMENT,2026-08-08T14:01:06+00:00,UNALLOCATED,,,,,
SLCMP585-3451,3451,3451,288670903,2^288670903-1,STRUCTURAL_SCREEN_EXHAUSTED_PRIMALITY_UNASSIGNED,GF3A_DIRECTIONAL_WRITE_EXHAUSTED_PRIMALITY_UNASSIGNED,514,512,512,NO_RECORDED_FACTOR_PRP_OR_LL_RESULT_AND_NO_ACTIVE_GIMPS_ASSIGNMENT,2026-08-08T14:01:06+00:00,UNALLOCATED,,,,,
SLCMP585-3452,3452,3452,288670969,2^288670969-1,STRUCTURAL_SCREEN_EXHAUSTED_PRIMALITY_UNASSIGNED,GF3A_DIRECTIONAL_WRITE_EXHAUSTED_PRIMALITY_UNASSIGNED,513,512,512,NO_RECORDED_FACTOR_PRP_OR_LL_RESULT_AND_NO_ACTIVE_GIMPS_ASSIGNMENT,2026-08-08T14:01:06+00:00,UNALLOCATED,,,,,
SLCMP585-3453,3453,3453,288670979,2^288670979-1,STRUCTURAL_SCREEN_EXHAUSTED_PRIMALITY_UNASSIGNED,GF3A_DIRECTIONAL_WRITE_EXHAUSTED_PRIMALITY_UNASSIGNED,514,512,512,NO_RECORDED_FACTOR_PRP_OR_LL_RESULT_AND_NO_ACTIVE_GIMPS_ASSIGNMENT,2026-08-08T14:01:06+00:00,UNALLOCATED,,,,,
SLCMP585-3454,3454,3454,288671021,2^288671021-1,STRUCTURAL_SCREEN_EXHAUSTED_PRIMALITY_UNASSIGNED,GF3A_DIRECTIONAL_WRITE_EXHAUSTED_PRIMALITY_UNASSIGNED,513,512,512,NO_RECORDED_FACTOR_PRP_OR_LL_RESULT_AND_NO_ACTIVE_GIMPS_ASSIGNMENT,2026-08-08T14:01:06+00:00,UNALLOCATED,,,,,
SLCMP585-3455,3455,3455,288671081,2^288671081-1,STRUCTURAL_SCREEN_EXHAUSTED_PRIMALITY_UNASSIGNED,GF3A_DIRECTIONAL_WRITE_EXHAUSTED_PRIMALITY_UNASSIGNED,513,512,512,NO_RECORDED_FACTOR_PRP_OR_LL_RESULT_AND_NO_ACTIVE_GIMPS_ASSIGNMENT,2026-08-08T14:01:06+00:00,UNALLOCATED,,,,,
SLCMP585-3456,3456,3456,288671147,2^288671147-1,STRUCTURAL_SCREEN_EXHAUSTED_PRIMALITY_UNASSIGNED,GF3A_DIRECTIONAL_WRITE_EXHAUSTED_PRIMALITY_UNASSIGNED,514,512,512,NO_RECORDED_FACTOR_PRP_OR_LL_RESULT_AND_NO_ACTIVE_GIMPS_ASSIGNMENT,2026-08-08T14:01:06+00:00,UNALLOCATED,,,,,
SLCMP585-3457,3457,3457,288671153,2^288671153-1,STRUCTURAL_SCREEN_EXHAUSTED_PRIMALITY_UNASSIGNED,GF3A_DIRECTIONAL_WRITE_EXHAUSTED_PRIMALITY_UNASSIGNED,513,512,512,NO_RECORDED_FACTOR_PRP_OR_LL_RESULT_AND_NO_ACTIVE_GIMPS_ASSIGNMENT,2026-08-08T14:01:06+00:00,UNALLOCATED,,,,,
SLCMP585-3458,3458,3458,288671189,2^288671189-1,STRUCTURAL_SCREEN_EXHAUSTED_PRIMALITY_UNASSIGNED,GF3A_DIRECTIONAL_WRITE_EXHAUSTED_PRIMALITY_UNASSIGNED,513,512,512,NO_RECORDED_FACTOR_PRP_OR_LL_RESULT_AND_NO_ACTIVE_GIMPS_ASSIGNMENT,2026-08-08T14:01:06+00:00,UNALLOCATED,,,,,
SLCMP585-3459,3459,3459,288671209,2^288671209-1,STRUCTURAL_SCREEN_EXHAUSTED_PRIMALITY_UNASSIGNED,GF3A_DIRECTIONAL_WRITE_EXHAUSTED_PRIMALITY_UNASSIGNED,513,512,512,NO_RECORDED_FACTOR_PRP_OR_LL_RESULT_AND_NO_ACTIVE_GIMPS_ASSIGNMENT,2026-08-08T14:01:06+00:00,UNALLOCATED,,,,,
SLCMP585-3460,3460,3460,288671213,2^288671213-1,STRUCTURAL_SCREEN_EXHAUSTED_PRIMALITY_UNASSIGNED,GF3A_DIRECTIONAL_WRITE_EXHAUSTED_PRIMALITY_UNASSIGNED,513,512,512,NO_RECORDED_FACTOR_PRP_OR_LL_RESULT_AND_NO_ACTIVE_GIMPS_ASSIGNMENT,2026-08-08T14:01:06+00:00,UNALLOCATED,,,,,
SLCMP585-3461,3461,3461,288671219,2^288671219-1,STRUCTURAL_SCREEN_EXHAUSTED_PRIMALITY_UNASSIGNED,GF3A_DIRECTIONAL_WRITE_EXHAUSTED_PRIMALITY_UNASSIGNED,514,512,512,NO_RECORDED_FACTOR_PRP_OR_LL_RESULT_AND_NO_ACTIVE_GIMPS_ASSIGNMENT,2026-08-08T14:01:06+00:00,UNALLOCATED,,,,,
SLCMP585-3462,3462,3462,288671297,2^288671297-1,STRUCTURAL_SCREEN_EXHAUSTED_PRIMALITY_UNASSIGNED,GF3A_DIRECTIONAL_WRITE_EXHAUSTED_PRIMALITY_UNASSIGNED,513,512,512,NO_RECORDED_FACTOR_PRP_OR_LL_RESULT_AND_NO_ACTIVE_GIMPS_ASSIGNMENT,2026-08-08T14:01:06+00:00,UNALLOCATED,,,,,
SLCMP585-3463,3463,3463,288671387,2^288671387-1,STRUCTURAL_SCREEN_EXHAUSTED_PRIMALITY_UNASSIGNED,GF3A_DIRECTIONAL_WRITE_EXHAUSTED_PRIMALITY_UNASSIGNED,514,512,512,NO_RECORDED_FACTOR_PRP_OR_LL_RESULT_AND_NO_ACTIVE_GIMPS_ASSIGNMENT,2026-08-08T14:01:06+00:00,UNALLOCATED,,,,,
SLCMP585-3464,3464,3464,288671399,2^288671399-1,STRUCTURAL_SCREEN_EXHAUSTED_PRIMALITY_UNASSIGNED,GF3A_DIRECTIONAL_WRITE_EXHAUSTED_PRIMALITY_UNASSIGNED,514,512,512,NO_RECORDED_FACTOR_PRP_OR_LL_RESULT_AND_NO_ACTIVE_GIMPS_ASSIGNMENT,2026-08-08T14:01:06+00:00,UNALLOCATED,,,,,
SLCMP585-3465,3465,3465,288671437,2^288671437-1,STRUCTURAL_SCREEN_EXHAUSTED_PRIMALITY_UNASSIGNED,GF3A_DIRECTIONAL_WRITE_EXHAUSTED_PRIMALITY_UNASSIGNED,513,512,512,NO_RECORDED_FACTOR_PRP_OR_LL_RESULT_AND_NO_ACTIVE_GIMPS_ASSIGNMENT,2026-08-08T14:01:06+00:00,UNALLOCATED,,,,,
SLCMP585-3466,3466,3466,288671527,2^288671527-1,STRUCTURAL_SCREEN_EXHAUSTED_PRIMALITY_UNASSIGNED,GF3A_DIRECTIONAL_WRITE_EXHAUSTED_PRIMALITY_UNASSIGNED,514,512,512,NO_RECORDED_FACTOR_PRP_OR_LL_RESULT_AND_NO_ACTIVE_GIMPS_ASSIGNMENT,2026-08-08T14:01:06+00:00,UNALLOCATED,,,,,
SLCMP585-3467,3467,3467,288671531,2^288671531-1,STRUCTURAL_SCREEN_EXHAUSTED_PRIMALITY_UNASSIGNED,GF3A_DIRECTIONAL_WRITE_EXHAUSTED_PRIMALITY_UNASSIGNED,514,512,512,NO_RECORDED_FACTOR_PRP_OR_LL_RESULT_AND_NO_ACTIVE_GIMPS_ASSIGNMENT,2026-08-08T14:01:06+00:00,UNALLOCATED,,,,,
SLCMP585-3468,3468,3468,288671657,2^288671657-1,STRUCTURAL_SCREEN_EXHAUSTED_PRIMALITY_UNASSIGNED,GF3A_DIRECTIONAL_WRITE_EXHAUSTED_PRIMALITY_UNASSIGNED,513,512,512,NO_RECORDED_FACTOR_PRP_OR_LL_RESULT_AND_NO_ACTIVE_GIMPS_ASSIGNMENT,2026-08-08T14:01:06+00:00,UNALLOCATED,,,,,
SLCMP585-3469,3469,3469,288671681,2^288671681-1,STRUCTURAL_SCREEN_EXHAUSTED_PRIMALITY_UNASSIGNED,GF3A_DIRECTIONAL_WRITE_EXHAUSTED_PRIMALITY_UNASSIGNED,513,512,512,NO_RECORDED_FACTOR_PRP_OR_LL_RESULT_AND_NO_ACTIVE_GIMPS_ASSIGNMENT,2026-08-08T14:01:06+00:00,UNALLOCATED,,,,,
SLCMP585-3470,3470,3470,288671749,2^288671749-1,STRUCTURAL_SCREEN_EXHAUSTED_PRIMALITY_UNASSIGNED,GF3A_DIRECTIONAL_WRITE_EXHAUSTED_PRIMALITY_UNASSIGNED,513,512,512,NO_RECORDED_FACTOR_PRP_OR_LL_RESULT_AND_NO_ACTIVE_GIMPS_ASSIGNMENT,2026-08-08T14:01:06+00:00,UNALLOCATED,,,,,
SLCMP585-3471,3471,3471,288671809,2^288671809-1,STRUCTURAL_SCREEN_EXHAUSTED_PRIMALITY_UNASSIGNED,GF3A_DIRECTIONAL_WRITE_EXHAUSTED_PRIMALITY_UNASSIGNED,513,512,512,NO_RECORDED_FACTOR_PRP_OR_LL_RESULT_AND_NO_ACTIVE_GIMPS_ASSIGNMENT,2026-08-08T14:01:06+00:00,UNALLOCATED,,,,,
SLCMP585-3472,3472,3472,288671953,2^288671953-1,STRUCTURAL_SCREEN_EXHAUSTED_PRIMALITY_UNASSIGNED,GF3A_DIRECTIONAL_WRITE_EXHAUSTED_PRIMALITY_UNASSIGNED,513,512,512,NO_RECORDED_FACTOR_PRP_OR_LL_RESULT_AND_NO_ACTIVE_GIMPS_ASSIGNMENT,2026-08-08T14:01:06+00:00,UNALLOCATED,,,,,
SLCMP585-3473,3473,3473,288672037,2^288672037-1,STRUCTURAL_SCREEN_EXHAUSTED_PRIMALITY_UNASSIGNED,GF3A_DIRECTIONAL_WRITE_EXHAUSTED_PRIMALITY_UNASSIGNED,513,512,512,NO_RECORDED_FACTOR_PRP_OR_LL_RESULT_AND_NO_ACTIVE_GIMPS_ASSIGNMENT,2026-08-08T14:01:06+00:00,UNALLOCATED,,,,,
SLCMP585-3474,3474,3474,288672101,2^288672101-1,STRUCTURAL_SCREEN_EXHAUSTED_PRIMALITY_UNASSIGNED,GF3A_DIRECTIONAL_WRITE_EXHAUSTED_PRIMALITY_UNASSIGNED,513,512,512,NO_RECORDED_FACTOR_PRP_OR_LL_RESULT_AND_NO_ACTIVE_GIMPS_ASSIGNMENT,2026-08-08T14:01:06+00:00,UNALLOCATED,,,,,
SLCMP585-3475,3475,3475,288672151,2^288672151-1,STRUCTURAL_SCREEN_EXHAUSTED_PRIMALITY_UNASSIGNED,GF3A_DIRECTIONAL_WRITE_EXHAUSTED_PRIMALITY_UNASSIGNED,514,512,512,NO_RECORDED_FACTOR_PRP_OR_LL_RESULT_AND_NO_ACTIVE_GIMPS_ASSIGNMENT,2026-08-08T14:01:06+00:00,UNALLOCATED,,,,,
SLCMP585-3476,3476,3476,288672179,2^288672179-1,STRUCTURAL_SCREEN_EXHAUSTED_PRIMALITY_UNASSIGNED,GF3A_DIRECTIONAL_WRITE_EXHAUSTED_PRIMALITY_UNASSIGNED,514,512,512,NO_RECORDED_FACTOR_PRP_OR_LL_RESULT_AND_NO_ACTIVE_GIMPS_ASSIGNMENT,2026-08-08T14:01:06+00:00,UNALLOCATED,,,,,
SLCMP585-3477,3477,3477,288672211,2^288672211-1,STRUCTURAL_SCREEN_EXHAUSTED_PRIMALITY_UNASSIGNED,GF3A_DIRECTIONAL_WRITE_EXHAUSTED_PRIMALITY_UNASSIGNED,514,512,512,NO_RECORDED_FACTOR_PRP_OR_LL_RESULT_AND_NO_ACTIVE_GIMPS_ASSIGNMENT,2026-08-08T14:01:06+00:00,UNALLOCATED,,,,,
SLCMP585-3478,3478,3478,288672253,2^288672253-1,STRUCTURAL_SCREEN_EXHAUSTED_PRIMALITY_UNASSIGNED,GF3A_DIRECTIONAL_WRITE_EXHAUSTED_PRIMALITY_UNASSIGNED,513,512,512,NO_RECORDED_FACTOR_PRP_OR_LL_RESULT_AND_NO_ACTIVE_GIMPS_ASSIGNMENT,2026-08-08T14:01:06+00:00,UNALLOCATED,,,,,
SLCMP585-3479,3479,3479,288672269,2^288672269-1,STRUCTURAL_SCREEN_EXHAUSTED_PRIMALITY_UNASSIGNED,GF3A_DIRECTIONAL_WRITE_EXHAUSTED_PRIMALITY_UNASSIGNED,513,512,512,NO_RECORDED_FACTOR_PRP_OR_LL_RESULT_AND_NO_ACTIVE_GIMPS_ASSIGNMENT,2026-08-08T14:01:06+00:00,UNALLOCATED,,,,,
SLCMP585-3480,3480,3480,288672283,2^288672283-1,STRUCTURAL_SCREEN_EXHAUSTED_PRIMALITY_UNASSIGNED,GF3A_DIRECTIONAL_WRITE_EXHAUSTED_PRIMALITY_UNASSIGNED,514,512,512,NO_RECORDED_FACTOR_PRP_OR_LL_RESULT_AND_NO_ACTIVE_GIMPS_ASSIGNMENT,2026-08-08T14:01:06+00:00,UNALLOCATED,,,,,
SLCMP585-3481,3481,3481,288672323,2^288672323-1,STRUCTURAL_SCREEN_EXHAUSTED_PRIMALITY_UNASSIGNED,GF3A_DIRECTIONAL_WRITE_EXHAUSTED_PRIMALITY_UNASSIGNED,514,512,512,NO_RECORDED_FACTOR_PRP_OR_LL_RESULT_AND_NO_ACTIVE_GIMPS_ASSIGNMENT,2026-08-08T14:01:06+00:00,UNALLOCATED,,,,,
SLCMP585-3482,3482,3482,288672337,2^288672337-1,STRUCTURAL_SCREEN_EXHAUSTED_PRIMALITY_UNASSIGNED,GF3A_DIRECTIONAL_WRITE_EXHAUSTED_PRIMALITY_UNASSIGNED,513,512,512,NO_RECORDED_FACTOR_PRP_OR_LL_RESULT_AND_NO_ACTIVE_GIMPS_ASSIGNMENT,2026-08-08T14:01:06+00:00,UNALLOCATED,,,,,
SLCMP585-3483,3483,3483,288672493,2^288672493-1,STRUCTURAL_SCREEN_EXHAUSTED_PRIMALITY_UNASSIGNED,GF3A_DIRECTIONAL_WRITE_EXHAUSTED_PRIMALITY_UNASSIGNED,513,512,512,NO_RECORDED_FACTOR_PRP_OR_LL_RESULT_AND_NO_ACTIVE_GIMPS_ASSIGNMENT,2026-08-08T14:01:06+00:00,UNALLOCATED,,,,,
SLCMP585-3484,3484,3484,288672521,2^288672521-1,STRUCTURAL_SCREEN_EXHAUSTED_PRIMALITY_UNASSIGNED,GF3A_DIRECTIONAL_WRITE_EXHAUSTED_PRIMALITY_UNASSIGNED,513,512,512,NO_RECORDED_FACTOR_PRP_OR_LL_RESULT_AND_NO_ACTIVE_GIMPS_ASSIGNMENT,2026-08-08T14:01:06+00:00,UNALLOCATED,,,,,
SLCMP585-3485,3485,3485,288672607,2^288672607-1,STRUCTURAL_SCREEN_EXHAUSTED_PRIMALITY_UNASSIGNED,GF3A_DIRECTIONAL_WRITE_EXHAUSTED_PRIMALITY_UNASSIGNED,514,512,512,NO_RECORDED_FACTOR_PRP_OR_LL_RESULT_AND_NO_ACTIVE_GIMPS_ASSIGNMENT,2026-08-08T14:01:06+00:00,UNALLOCATED,,,,,
SLCMP585-3486,3486,3486,288672617,2^288672617-1,STRUCTURAL_SCREEN_EXHAUSTED_PRIMALITY_UNASSIGNED,GF3A_DIRECTIONAL_WRITE_EXHAUSTED_PRIMALITY_UNASSIGNED,513,512,512,NO_RECORDED_FACTOR_PRP_OR_LL_RESULT_AND_NO_ACTIVE_GIMPS_ASSIGNMENT,2026-08-08T14:01:06+00:00,UNALLOCATED,,,,,
SLCMP585-3487,3487,3487,288672647,2^288672647-1,STRUCTURAL_SCREEN_EXHAUSTED_PRIMALITY_UNASSIGNED,GF3A_DIRECTIONAL_WRITE_EXHAUSTED_PRIMALITY_UNASSIGNED,514,512,512,NO_RECORDED_FACTOR_PRP_OR_LL_RESULT_AND_NO_ACTIVE_GIMPS_ASSIGNMENT,2026-08-08T14:01:06+00:00,UNALLOCATED,,,,,
SLCMP585-3488,3488,3488,288672673,2^288672673-1,STRUCTURAL_SCREEN_EXHAUSTED_PRIMALITY_UNASSIGNED,GF3A_DIRECTIONAL_WRITE_EXHAUSTED_PRIMALITY_UNASSIGNED,513,512,512,NO_RECORDED_FACTOR_PRP_OR_LL_RESULT_AND_NO_ACTIVE_GIMPS_ASSIGNMENT,2026-08-08T14:01:06+00:00,UNALLOCATED,,,,,
SLCMP585-3489,3489,3489,288672721,2^288672721-1,STRUCTURAL_SCREEN_EXHAUSTED_PRIMALITY_UNASSIGNED,GF3A_DIRECTIONAL_WRITE_EXHAUSTED_PRIMALITY_UNASSIGNED,513,512,512,NO_RECORDED_FACTOR_PRP_OR_LL_RESULT_AND_NO_ACTIVE_GIMPS_ASSIGNMENT,2026-08-08T14:01:06+00:00,UNALLOCATED,,,,,
SLCMP585-3490,3490,3490,288672799,2^288672799-1,STRUCTURAL_SCREEN_EXHAUSTED_PRIMALITY_UNASSIGNED,GF3A_DIRECTIONAL_WRITE_EXHAUSTED_PRIMALITY_UNASSIGNED,514,512,512,NO_RECORDED_FACTOR_PRP_OR_LL_RESULT_AND_NO_ACTIVE_GIMPS_ASSIGNMENT,2026-08-08T14:01:06+00:00,UNALLOCATED,,,,,
SLCMP585-3491,3491,3491,288672823,2^288672823-1,STRUCTURAL_SCREEN_EXHAUSTED_PRIMALITY_UNASSIGNED,GF3A_DIRECTIONAL_WRITE_EXHAUSTED_PRIMALITY_UNASSIGNED,514,512,512,NO_RECORDED_FACTOR_PRP_OR_LL_RESULT_AND_NO_ACTIVE_GIMPS_ASSIGNMENT,2026-08-08T14:01:06+00:00,UNALLOCATED,,,,,
SLCMP585-3492,3492,3492,288672887,2^288672887-1,STRUCTURAL_SCREEN_EXHAUSTED_PRIMALITY_UNASSIGNED,GF3A_DIRECTIONAL_WRITE_EXHAUSTED_PRIMALITY_UNASSIGNED,514,512,512,NO_RECORDED_FACTOR_PRP_OR_LL_RESULT_AND_NO_ACTIVE_GIMPS_ASSIGNMENT,2026-08-08T14:01:06+00:00,UNALLOCATED,,,,,
SLCMP585-3493,3493,3493,288672941,2^288672941-1,STRUCTURAL_SCREEN_EXHAUSTED_PRIMALITY_UNASSIGNED,GF3A_DIRECTIONAL_WRITE_EXHAUSTED_PRIMALITY_UNASSIGNED,513,512,512,NO_RECORDED_FACTOR_PRP_OR_LL_RESULT_AND_NO_ACTIVE_GIMPS_ASSIGNMENT,2026-08-08T14:01:06+00:00,UNALLOCATED,,,,,
SLCMP585-3494,3494,3494,288672959,2^288672959-1,STRUCTURAL_SCREEN_EXHAUSTED_PRIMALITY_UNASSIGNED,GF3A_DIRECTIONAL_WRITE_EXHAUSTED_PRIMALITY_UNASSIGNED,514,512,512,NO_RECORDED_FACTOR_PRP_OR_LL_RESULT_AND_NO_ACTIVE_GIMPS_ASSIGNMENT,2026-08-08T14:01:06+00:00,UNALLOCATED,,,,,
SLCMP585-3495,3495,3495,288673079,2^288673079-1,STRUCTURAL_SCREEN_EXHAUSTED_PRIMALITY_UNASSIGNED,GF3A_DIRECTIONAL_WRITE_EXHAUSTED_PRIMALITY_UNASSIGNED,514,512,512,NO_RECORDED_FACTOR_PRP_OR_LL_RESULT_AND_NO_ACTIVE_GIMPS_ASSIGNMENT,2026-08-08T14:01:06+00:00,UNALLOCATED,,,,,
SLCMP585-3496,3496,3496,288673103,2^288673103-1,STRUCTURAL_SCREEN_EXHAUSTED_PRIMALITY_UNASSIGNED,GF3A_DIRECTIONAL_WRITE_EXHAUSTED_PRIMALITY_UNASSIGNED,514,512,512,NO_RECORDED_FACTOR_PRP_OR_LL_RESULT_AND_NO_ACTIVE_GIMPS_ASSIGNMENT,2026-08-08T14:01:06+00:00,UNALLOCATED,,,,,
SLCMP585-3497,3497,3497,288673123,2^288673123-1,STRUCTURAL_SCREEN_EXHAUSTED_PRIMALITY_UNASSIGNED,GF3A_DIRECTIONAL_WRITE_EXHAUSTED_PRIMALITY_UNASSIGNED,514,512,512,NO_RECORDED_FACTOR_PRP_OR_LL_RESULT_AND_NO_ACTIVE_GIMPS_ASSIGNMENT,2026-08-08T14:01:06+00:00,UNALLOCATED,,,,,
SLCMP585-3498,3498,3498,288673157,2^288673157-1,STRUCTURAL_SCREEN_EXHAUSTED_PRIMALITY_UNASSIGNED,GF3A_DIRECTIONAL_WRITE_EXHAUSTED_PRIMALITY_UNASSIGNED,513,512,512,NO_RECORDED_FACTOR_PRP_OR_LL_RESULT_AND_NO_ACTIVE_GIMPS_ASSIGNMENT,2026-08-08T14:01:06+00:00,UNALLOCATED,,,,,
SLCMP585-3499,3499,3499,288673211,2^288673211-1,STRUCTURAL_SCREEN_EXHAUSTED_PRIMALITY_UNASSIGNED,GF3A_DIRECTIONAL_WRITE_EXHAUSTED_PRIMALITY_UNASSIGNED,514,512,512,NO_RECORDED_FACTOR_PRP_OR_LL_RESULT_AND_NO_ACTIVE_GIMPS_ASSIGNMENT,2026-08-08T14:01:06+00:00,UNALLOCATED,,,,,
SLCMP585-3500,3500,3500,288673313,2^288673313-1,STRUCTURAL_SCREEN_EXHAUSTED_PRIMALITY_UNASSIGNED,GF3A_DIRECTIONAL_WRITE_EXHAUSTED_PRIMALITY_UNASSIGNED,513,512,512,NO_RECORDED_FACTOR_PRP_OR_LL_RESULT_AND_NO_ACTIVE_GIMPS_ASSIGNMENT,2026-08-08T14:01:06+00:00,UNALLOCATED,,,,,
SLCMP585-3501,3501,3501,288673321,2^288673321-1,STRUCTURAL_SCREEN_EXHAUSTED_PRIMALITY_UNASSIGNED,GF3A_DIRECTIONAL_WRITE_EXHAUSTED_PRIMALITY_UNASSIGNED,513,512,512,NO_RECORDED_FACTOR_PRP_OR_LL_RESULT_AND_NO_ACTIVE_GIMPS_ASSIGNMENT,2026-08-08T14:01:06+00:00,UNALLOCATED,,,,,
SLCMP585-3502,3502,3502,288673367,2^288673367-1,STRUCTURAL_SCREEN_EXHAUSTED_PRIMALITY_UNASSIGNED,GF3A_DIRECTIONAL_WRITE_EXHAUSTED_PRIMALITY_UNASSIGNED,514,512,512,NO_RECORDED_FACTOR_PRP_OR_LL_RESULT_AND_NO_ACTIVE_GIMPS_ASSIGNMENT,2026-08-08T14:01:06+00:00,UNALLOCATED,,,,,
SLCMP585-3503,3503,3503,288673387,2^288673387-1,STRUCTURAL_SCREEN_EXHAUSTED_PRIMALITY_UNASSIGNED,GF3A_DIRECTIONAL_WRITE_EXHAUSTED_PRIMALITY_UNASSIGNED,514,512,512,NO_RECORDED_FACTOR_PRP_OR_LL_RESULT_AND_NO_ACTIVE_GIMPS_ASSIGNMENT,2026-08-08T14:01:06+00:00,UNALLOCATED,,,,,
SLCMP585-3504,3504,3504,288673409,2^288673409-1,STRUCTURAL_SCREEN_EXHAUSTED_PRIMALITY_UNASSIGNED,GF3A_DIRECTIONAL_WRITE_EXHAUSTED_PRIMALITY_UNASSIGNED,513,512,512,NO_RECORDED_FACTOR_PRP_OR_LL_RESULT_AND_NO_ACTIVE_GIMPS_ASSIGNMENT,2026-08-08T14:01:06+00:00,UNALLOCATED,,,,,
SLCMP585-3505,3505,3505,288673423,2^288673423-1,STRUCTURAL_SCREEN_EXHAUSTED_PRIMALITY_UNASSIGNED,GF3A_DIRECTIONAL_WRITE_EXHAUSTED_PRIMALITY_UNASSIGNED,514,512,512,NO_RECORDED_FACTOR_PRP_OR_LL_RESULT_AND_NO_ACTIVE_GIMPS_ASSIGNMENT,2026-08-08T14:01:06+00:00,UNALLOCATED,,,,,
SLCMP585-3506,3506,3506,288673439,2^288673439-1,STRUCTURAL_SCREEN_EXHAUSTED_PRIMALITY_UNASSIGNED,GF3A_DIRECTIONAL_WRITE_EXHAUSTED_PRIMALITY_UNASSIGNED,514,512,512,NO_RECORDED_FACTOR_PRP_OR_LL_RESULT_AND_NO_ACTIVE_GIMPS_ASSIGNMENT,2026-08-08T14:01:06+00:00,UNALLOCATED,,,,,
SLCMP585-3507,3507,3507,288673487,2^288673487-1,STRUCTURAL_SCREEN_EXHAUSTED_PRIMALITY_UNASSIGNED,GF3A_DIRECTIONAL_WRITE_EXHAUSTED_PRIMALITY_UNASSIGNED,514,512,512,NO_RECORDED_FACTOR_PRP_OR_LL_RESULT_AND_NO_ACTIVE_GIMPS_ASSIGNMENT,2026-08-08T14:01:06+00:00,UNALLOCATED,,,,,
SLCMP585-3508,3508,3508,288673501,2^288673501-1,STRUCTURAL_SCREEN_EXHAUSTED_PRIMALITY_UNASSIGNED,GF3A_DIRECTIONAL_WRITE_EXHAUSTED_PRIMALITY_UNASSIGNED,513,512,512,NO_RECORDED_FACTOR_PRP_OR_LL_RESULT_AND_NO_ACTIVE_GIMPS_ASSIGNMENT,2026-08-08T14:01:06+00:00,UNALLOCATED,,,,,
SLCMP585-3509,3509,3509,288673513,2^288673513-1,STRUCTURAL_SCREEN_EXHAUSTED_PRIMALITY_UNASSIGNED,GF3A_DIRECTIONAL_WRITE_EXHAUSTED_PRIMALITY_UNASSIGNED,513,512,512,NO_RECORDED_FACTOR_PRP_OR_LL_RESULT_AND_NO_ACTIVE_GIMPS_ASSIGNMENT,2026-08-08T14:01:06+00:00,UNALLOCATED,,,,,
SLCMP585-3510,3510,3510,288673657,2^288673657-1,STRUCTURAL_SCREEN_EXHAUSTED_PRIMALITY_UNASSIGNED,GF3A_DIRECTIONAL_WRITE_EXHAUSTED_PRIMALITY_UNASSIGNED,513,512,512,NO_RECORDED_FACTOR_PRP_OR_LL_RESULT_AND_NO_ACTIVE_GIMPS_ASSIGNMENT,2026-08-08T14:01:06+00:00,UNALLOCATED,,,,,
SLCMP585-3511,3511,3511,288673703,2^288673703-1,STRUCTURAL_SCREEN_EXHAUSTED_PRIMALITY_UNASSIGNED,GF3A_DIRECTIONAL_WRITE_EXHAUSTED_PRIMALITY_UNASSIGNED,514,512,512,NO_RECORDED_FACTOR_PRP_OR_LL_RESULT_AND_NO_ACTIVE_GIMPS_ASSIGNMENT,2026-08-08T14:01:06+00:00,UNALLOCATED,,,,,
SLCMP585-3512,3512,3512,288673733,2^288673733-1,STRUCTURAL_SCREEN_EXHAUSTED_PRIMALITY_UNASSIGNED,GF3A_DIRECTIONAL_WRITE_EXHAUSTED_PRIMALITY_UNASSIGNED,513,512,512,NO_RECORDED_FACTOR_PRP_OR_LL_RESULT_AND_NO_ACTIVE_GIMPS_ASSIGNMENT,2026-08-08T14:01:06+00:00,UNALLOCATED,,,,,
SLCMP585-3513,3513,3513,288673757,2^288673757-1,STRUCTURAL_SCREEN_EXHAUSTED_PRIMALITY_UNASSIGNED,GF3A_DIRECTIONAL_WRITE_EXHAUSTED_PRIMALITY_UNASSIGNED,513,512,512,NO_RECORDED_FACTOR_PRP_OR_LL_RESULT_AND_NO_ACTIVE_GIMPS_ASSIGNMENT,2026-08-08T14:01:06+00:00,UNALLOCATED,,,,,
SLCMP585-3514,3514,3514,288673769,2^288673769-1,STRUCTURAL_SCREEN_EXHAUSTED_PRIMALITY_UNASSIGNED,GF3A_DIRECTIONAL_WRITE_EXHAUSTED_PRIMALITY_UNASSIGNED,513,512,512,NO_RECORDED_FACTOR_PRP_OR_LL_RESULT_AND_NO_ACTIVE_GIMPS_ASSIGNMENT,2026-08-08T14:01:06+00:00,UNALLOCATED,,,,,
SLCMP585-3515,3515,3515,288673793,2^288673793-1,STRUCTURAL_SCREEN_EXHAUSTED_PRIMALITY_UNASSIGNED,GF3A_DIRECTIONAL_WRITE_EXHAUSTED_PRIMALITY_UNASSIGNED,513,512,512,NO_RECORDED_FACTOR_PRP_OR_LL_RESULT_AND_NO_ACTIVE_GIMPS_ASSIGNMENT,2026-08-08T14:01:06+00:00,UNALLOCATED,,,,,
SLCMP585-3516,3516,3516,288673969,2^288673969-1,STRUCTURAL_SCREEN_EXHAUSTED_PRIMALITY_UNASSIGNED,GF3A_DIRECTIONAL_WRITE_EXHAUSTED_PRIMALITY_UNASSIGNED,513,512,512,NO_RECORDED_FACTOR_PRP_OR_LL_RESULT_AND_NO_ACTIVE_GIMPS_ASSIGNMENT,2026-08-08T14:01:06+00:00,UNALLOCATED,,,,,
SLCMP585-3517,3517,3517,288674003,2^288674003-1,STRUCTURAL_SCREEN_EXHAUSTED_PRIMALITY_UNASSIGNED,GF3A_DIRECTIONAL_WRITE_EXHAUSTED_PRIMALITY_UNASSIGNED,514,512,512,NO_RECORDED_FACTOR_PRP_OR_LL_RESULT_AND_NO_ACTIVE_GIMPS_ASSIGNMENT,2026-08-08T14:01:06+00:00,UNALLOCATED,,,,,
SLCMP585-3518,3518,3518,288674027,2^288674027-1,STRUCTURAL_SCREEN_EXHAUSTED_PRIMALITY_UNASSIGNED,GF3A_DIRECTIONAL_WRITE_EXHAUSTED_PRIMALITY_UNASSIGNED,514,512,512,NO_RECORDED_FACTOR_PRP_OR_LL_RESULT_AND_NO_ACTIVE_GIMPS_ASSIGNMENT,2026-08-08T14:01:06+00:00,UNALLOCATED,,,,,
SLCMP585-3519,3519,3519,288674101,2^288674101-1,STRUCTURAL_SCREEN_EXHAUSTED_PRIMALITY_UNASSIGNED,GF3A_DIRECTIONAL_WRITE_EXHAUSTED_PRIMALITY_UNASSIGNED,513,512,512,NO_RECORDED_FACTOR_PRP_OR_LL_RESULT_AND_NO_ACTIVE_GIMPS_ASSIGNMENT,2026-08-08T14:01:06+00:00,UNALLOCATED,,,,,
SLCMP585-3520,3520,3520,288674107,2^288674107-1,STRUCTURAL_SCREEN_EXHAUSTED_PRIMALITY_UNASSIGNED,GF3A_DIRECTIONAL_WRITE_EXHAUSTED_PRIMALITY_UNASSIGNED,514,512,512,NO_RECORDED_FACTOR_PRP_OR_LL_RESULT_AND_NO_ACTIVE_GIMPS_ASSIGNMENT,2026-08-08T14:01:06+00:00,UNALLOCATED,,,,,
SLCMP585-3521,3521,3521,288674159,2^288674159-1,STRUCTURAL_SCREEN_EXHAUSTED_PRIMALITY_UNASSIGNED,GF3A_DIRECTIONAL_WRITE_EXHAUSTED_PRIMALITY_UNASSIGNED,514,512,512,NO_RECORDED_FACTOR_PRP_OR_LL_RESULT_AND_NO_ACTIVE_GIMPS_ASSIGNMENT,2026-08-08T14:01:06+00:00,UNALLOCATED,,,,,
SLCMP585-3522,3522,3522,288674171,2^288674171-1,STRUCTURAL_SCREEN_EXHAUSTED_PRIMALITY_UNASSIGNED,GF3A_DIRECTIONAL_WRITE_EXHAUSTED_PRIMALITY_UNASSIGNED,514,512,512,NO_RECORDED_FACTOR_PRP_OR_LL_RESULT_AND_NO_ACTIVE_GIMPS_ASSIGNMENT,2026-08-08T14:01:06+00:00,UNALLOCATED,,,,,
SLCMP585-3523,3523,3523,288674213,2^288674213-1,STRUCTURAL_SCREEN_EXHAUSTED_PRIMALITY_UNASSIGNED,GF3A_DIRECTIONAL_WRITE_EXHAUSTED_PRIMALITY_UNASSIGNED,513,512,512,NO_RECORDED_FACTOR_PRP_OR_LL_RESULT_AND_NO_ACTIVE_GIMPS_ASSIGNMENT,2026-08-08T14:01:06+00:00,UNALLOCATED,,,,,
SLCMP585-3524,3524,3524,288674279,2^288674279-1,STRUCTURAL_SCREEN_EXHAUSTED_PRIMALITY_UNASSIGNED,GF3A_DIRECTIONAL_WRITE_EXHAUSTED_PRIMALITY_UNASSIGNED,514,512,512,NO_RECORDED_FACTOR_PRP_OR_LL_RESULT_AND_NO_ACTIVE_GIMPS_ASSIGNMENT,2026-08-08T14:01:06+00:00,UNALLOCATED,,,,,
SLCMP585-3525,3525,3525,288674389,2^288674389-1,STRUCTURAL_SCREEN_EXHAUSTED_PRIMALITY_UNASSIGNED,GF3A_DIRECTIONAL_WRITE_EXHAUSTED_PRIMALITY_UNASSIGNED,513,512,512,NO_RECORDED_FACTOR_PRP_OR_LL_RESULT_AND_NO_ACTIVE_GIMPS_ASSIGNMENT,2026-08-08T14:01:06+00:00,UNALLOCATED,,,,,
SLCMP585-3526,3526,3526,288674521,2^288674521-1,STRUCTURAL_SCREEN_EXHAUSTED_PRIMALITY_UNASSIGNED,GF3A_DIRECTIONAL_WRITE_EXHAUSTED_PRIMALITY_UNASSIGNED,513,512,512,NO_RECORDED_FACTOR_PRP_OR_LL_RESULT_AND_NO_ACTIVE_GIMPS_ASSIGNMENT,2026-08-08T14:01:06+00:00,UNALLOCATED,,,,,
SLCMP585-3527,3527,3527,288674567,2^288674567-1,STRUCTURAL_SCREEN_EXHAUSTED_PRIMALITY_UNASSIGNED,GF3A_DIRECTIONAL_WRITE_EXHAUSTED_PRIMALITY_UNASSIGNED,514,512,512,NO_RECORDED_FACTOR_PRP_OR_LL_RESULT_AND_NO_ACTIVE_GIMPS_ASSIGNMENT,2026-08-08T14:01:06+00:00,UNALLOCATED,,,,,
SLCMP585-3528,3528,3528,288674591,2^288674591-1,STRUCTURAL_SCREEN_EXHAUSTED_PRIMALITY_UNASSIGNED,GF3A_DIRECTIONAL_WRITE_EXHAUSTED_PRIMALITY_UNASSIGNED,514,512,512,NO_RECORDED_FACTOR_PRP_OR_LL_RESULT_AND_NO_ACTIVE_GIMPS_ASSIGNMENT,2026-08-08T14:01:06+00:00,UNALLOCATED,,,,,
SLCMP585-3529,3529,3529,288674593,2^288674593-1,STRUCTURAL_SCREEN_EXHAUSTED_PRIMALITY_UNASSIGNED,GF3A_DIRECTIONAL_WRITE_EXHAUSTED_PRIMALITY_UNASSIGNED,513,512,512,NO_RECORDED_FACTOR_PRP_OR_LL_RESULT_AND_NO_ACTIVE_GIMPS_ASSIGNMENT,2026-08-08T14:01:06+00:00,UNALLOCATED,,,,,
SLCMP585-3530,3530,3530,288674599,2^288674599-1,STRUCTURAL_SCREEN_EXHAUSTED_PRIMALITY_UNASSIGNED,GF3A_DIRECTIONAL_WRITE_EXHAUSTED_PRIMALITY_UNASSIGNED,514,512,512,NO_RECORDED_FACTOR_PRP_OR_LL_RESULT_AND_NO_ACTIVE_GIMPS_ASSIGNMENT,2026-08-08T14:01:06+00:00,UNALLOCATED,,,,,
SLCMP585-3531,3531,3531,288674621,2^288674621-1,STRUCTURAL_SCREEN_EXHAUSTED_PRIMALITY_UNASSIGNED,GF3A_DIRECTIONAL_WRITE_EXHAUSTED_PRIMALITY_UNASSIGNED,513,512,512,NO_RECORDED_FACTOR_PRP_OR_LL_RESULT_AND_NO_ACTIVE_GIMPS_ASSIGNMENT,2026-08-08T14:01:06+00:00,UNALLOCATED,,,,,
SLCMP585-3532,3532,3532,288674641,2^288674641-1,STRUCTURAL_SCREEN_EXHAUSTED_PRIMALITY_UNASSIGNED,GF3A_DIRECTIONAL_WRITE_EXHAUSTED_PRIMALITY_UNASSIGNED,513,512,512,NO_RECORDED_FACTOR_PRP_OR_LL_RESULT_AND_NO_ACTIVE_GIMPS_ASSIGNMENT,2026-08-08T14:01:06+00:00,UNALLOCATED,,,,,
SLCMP585-3533,3533,3533,288674677,2^288674677-1,STRUCTURAL_SCREEN_EXHAUSTED_PRIMALITY_UNASSIGNED,GF3A_DIRECTIONAL_WRITE_EXHAUSTED_PRIMALITY_UNASSIGNED,513,512,512,NO_RECORDED_FACTOR_PRP_OR_LL_RESULT_AND_NO_ACTIVE_GIMPS_ASSIGNMENT,2026-08-08T14:01:06+00:00,UNALLOCATED,,,,,
SLCMP585-3534,3534,3534,288674689,2^288674689-1,STRUCTURAL_SCREEN_EXHAUSTED_PRIMALITY_UNASSIGNED,GF3A_DIRECTIONAL_WRITE_EXHAUSTED_PRIMALITY_UNASSIGNED,513,512,512,NO_RECORDED_FACTOR_PRP_OR_LL_RESULT_AND_NO_ACTIVE_GIMPS_ASSIGNMENT,2026-08-08T14:01:06+00:00,UNALLOCATED,,,,,
SLCMP585-3535,3535,3535,288674707,2^288674707-1,STRUCTURAL_SCREEN_EXHAUSTED_PRIMALITY_UNASSIGNED,GF3A_DIRECTIONAL_WRITE_EXHAUSTED_PRIMALITY_UNASSIGNED,514,512,512,NO_RECORDED_FACTOR_PRP_OR_LL_RESULT_AND_NO_ACTIVE_GIMPS_ASSIGNMENT,2026-08-08T14:01:06+00:00,UNALLOCATED,,,,,
SLCMP585-3536,3536,3536,288674803,2^288674803-1,STRUCTURAL_SCREEN_EXHAUSTED_PRIMALITY_UNASSIGNED,GF3A_DIRECTIONAL_WRITE_EXHAUSTED_PRIMALITY_UNASSIGNED,514,512,512,NO_RECORDED_FACTOR_PRP_OR_LL_RESULT_AND_NO_ACTIVE_GIMPS_ASSIGNMENT,2026-08-08T14:01:06+00:00,UNALLOCATED,,,,,
SLCMP585-3537,3537,3537,288674873,2^288674873-1,STRUCTURAL_SCREEN_EXHAUSTED_PRIMALITY_UNASSIGNED,GF3A_DIRECTIONAL_WRITE_EXHAUSTED_PRIMALITY_UNASSIGNED,513,512,512,NO_RECORDED_FACTOR_PRP_OR_LL_RESULT_AND_NO_ACTIVE_GIMPS_ASSIGNMENT,2026-08-08T14:01:06+00:00,UNALLOCATED,,,,,
SLCMP585-3538,3538,3538,288674879,2^288674879-1,STRUCTURAL_SCREEN_EXHAUSTED_PRIMALITY_UNASSIGNED,GF3A_DIRECTIONAL_WRITE_EXHAUSTED_PRIMALITY_UNASSIGNED,514,512,512,NO_RECORDED_FACTOR_PRP_OR_LL_RESULT_AND_NO_ACTIVE_GIMPS_ASSIGNMENT,2026-08-08T14:01:06+00:00,UNALLOCATED,,,,,
SLCMP585-3539,3539,3539,288674899,2^288674899-1,STRUCTURAL_SCREEN_EXHAUSTED_PRIMALITY_UNASSIGNED,GF3A_DIRECTIONAL_WRITE_EXHAUSTED_PRIMALITY_UNASSIGNED,514,512,512,NO_RECORDED_FACTOR_PRP_OR_LL_RESULT_AND_NO_ACTIVE_GIMPS_ASSIGNMENT,2026-08-08T14:01:06+00:00,UNALLOCATED,,,,,
SLCMP585-3540,3540,3540,288674921,2^288674921-1,STRUCTURAL_SCREEN_EXHAUSTED_PRIMALITY_UNASSIGNED,GF3A_DIRECTIONAL_WRITE_EXHAUSTED_PRIMALITY_UNASSIGNED,513,512,512,NO_RECORDED_FACTOR_PRP_OR_LL_RESULT_AND_NO_ACTIVE_GIMPS_ASSIGNMENT,2026-08-08T14:01:06+00:00,UNALLOCATED,,,,,
SLCMP585-3541,3541,3541,288674989,2^288674989-1,STRUCTURAL_SCREEN_EXHAUSTED_PRIMALITY_UNASSIGNED,GF3A_DIRECTIONAL_WRITE_EXHAUSTED_PRIMALITY_UNASSIGNED,513,512,512,NO_RECORDED_FACTOR_PRP_OR_LL_RESULT_AND_NO_ACTIVE_GIMPS_ASSIGNMENT,2026-08-08T14:01:06+00:00,UNALLOCATED,,,,,
SLCMP585-3542,3542,3542,288675203,2^288675203-1,STRUCTURAL_SCREEN_EXHAUSTED_PRIMALITY_UNASSIGNED,GF3A_DIRECTIONAL_WRITE_EXHAUSTED_PRIMALITY_UNASSIGNED,514,512,512,NO_RECORDED_FACTOR_PRP_OR_LL_RESULT_AND_NO_ACTIVE_GIMPS_ASSIGNMENT,2026-08-08T14:01:06+00:00,UNALLOCATED,,,,,
SLCMP585-3543,3543,3543,288675253,2^288675253-1,STRUCTURAL_SCREEN_EXHAUSTED_PRIMALITY_UNASSIGNED,GF3A_DIRECTIONAL_WRITE_EXHAUSTED_PRIMALITY_UNASSIGNED,513,512,512,NO_RECORDED_FACTOR_PRP_OR_LL_RESULT_AND_NO_ACTIVE_GIMPS_ASSIGNMENT,2026-08-08T14:01:06+00:00,UNALLOCATED,,,,,
SLCMP585-3544,3544,3544,288675349,2^288675349-1,STRUCTURAL_SCREEN_EXHAUSTED_PRIMALITY_UNASSIGNED,GF3A_DIRECTIONAL_WRITE_EXHAUSTED_PRIMALITY_UNASSIGNED,513,512,512,NO_RECORDED_FACTOR_PRP_OR_LL_RESULT_AND_NO_ACTIVE_GIMPS_ASSIGNMENT,2026-08-08T14:01:06+00:00,UNALLOCATED,,,,,
SLCMP585-3545,3545,3545,288675397,2^288675397-1,STRUCTURAL_SCREEN_EXHAUSTED_PRIMALITY_UNASSIGNED,GF3A_DIRECTIONAL_WRITE_EXHAUSTED_PRIMALITY_UNASSIGNED,513,512,512,NO_RECORDED_FACTOR_PRP_OR_LL_RESULT_AND_NO_ACTIVE_GIMPS_ASSIGNMENT,2026-08-08T14:01:06+00:00,UNALLOCATED,,,,,
SLCMP585-3546,3546,3546,288675593,2^288675593-1,STRUCTURAL_SCREEN_EXHAUSTED_PRIMALITY_UNASSIGNED,GF3A_DIRECTIONAL_WRITE_EXHAUSTED_PRIMALITY_UNASSIGNED,513,512,512,NO_RECORDED_FACTOR_PRP_OR_LL_RESULT_AND_NO_ACTIVE_GIMPS_ASSIGNMENT,2026-08-08T14:01:06+00:00,UNALLOCATED,,,,,
SLCMP585-3547,3547,3547,288675601,2^288675601-1,STRUCTURAL_SCREEN_EXHAUSTED_PRIMALITY_UNASSIGNED,GF3A_DIRECTIONAL_WRITE_EXHAUSTED_PRIMALITY_UNASSIGNED,513,512,512,NO_RECORDED_FACTOR_PRP_OR_LL_RESULT_AND_NO_ACTIVE_GIMPS_ASSIGNMENT,2026-08-08T14:01:06+00:00,UNALLOCATED,,,,,
SLCMP585-3548,3548,3548,288675619,2^288675619-1,STRUCTURAL_SCREEN_EXHAUSTED_PRIMALITY_UNASSIGNED,GF3A_DIRECTIONAL_WRITE_EXHAUSTED_PRIMALITY_UNASSIGNED,514,512,512,NO_RECORDED_FACTOR_PRP_OR_LL_RESULT_AND_NO_ACTIVE_GIMPS_ASSIGNMENT,2026-08-08T14:01:06+00:00,UNALLOCATED,,,,,
SLCMP585-3549,3549,3549,288675637,2^288675637-1,STRUCTURAL_SCREEN_EXHAUSTED_PRIMALITY_UNASSIGNED,GF3A_DIRECTIONAL_WRITE_EXHAUSTED_PRIMALITY_UNASSIGNED,513,512,512,NO_RECORDED_FACTOR_PRP_OR_LL_RESULT_AND_NO_ACTIVE_GIMPS_ASSIGNMENT,2026-08-08T14:01:06+00:00,UNALLOCATED,,,,,
SLCMP585-3550,3550,3550,288675659,2^288675659-1,STRUCTURAL_SCREEN_EXHAUSTED_PRIMALITY_UNASSIGNED,GF3A_DIRECTIONAL_WRITE_EXHAUSTED_PRIMALITY_UNASSIGNED,514,512,512,NO_RECORDED_FACTOR_PRP_OR_LL_RESULT_AND_NO_ACTIVE_GIMPS_ASSIGNMENT,2026-08-08T14:01:06+00:00,UNALLOCATED,,,,,
SLCMP585-3551,3551,3551,288675671,2^288675671-1,STRUCTURAL_SCREEN_EXHAUSTED_PRIMALITY_UNASSIGNED,GF3A_DIRECTIONAL_WRITE_EXHAUSTED_PRIMALITY_UNASSIGNED,514,512,512,NO_RECORDED_FACTOR_PRP_OR_LL_RESULT_AND_NO_ACTIVE_GIMPS_ASSIGNMENT,2026-08-08T14:01:06+00:00,UNALLOCATED,,,,,
SLCMP585-3552,3552,3552,288675701,2^288675701-1,STRUCTURAL_SCREEN_EXHAUSTED_PRIMALITY_UNASSIGNED,GF3A_DIRECTIONAL_WRITE_EXHAUSTED_PRIMALITY_UNASSIGNED,513,512,512,NO_RECORDED_FACTOR_PRP_OR_LL_RESULT_AND_NO_ACTIVE_GIMPS_ASSIGNMENT,2026-08-08T14:01:06+00:00,UNALLOCATED,,,,,
SLCMP585-3553,3553,3553,288675713,2^288675713-1,STRUCTURAL_SCREEN_EXHAUSTED_PRIMALITY_UNASSIGNED,GF3A_DIRECTIONAL_WRITE_EXHAUSTED_PRIMALITY_UNASSIGNED,513,512,512,NO_RECORDED_FACTOR_PRP_OR_LL_RESULT_AND_NO_ACTIVE_GIMPS_ASSIGNMENT,2026-08-08T14:01:06+00:00,UNALLOCATED,,,,,
SLCMP585-3554,3554,3554,288675719,2^288675719-1,STRUCTURAL_SCREEN_EXHAUSTED_PRIMALITY_UNASSIGNED,GF3A_DIRECTIONAL_WRITE_EXHAUSTED_PRIMALITY_UNASSIGNED,514,512,512,NO_RECORDED_FACTOR_PRP_OR_LL_RESULT_AND_NO_ACTIVE_GIMPS_ASSIGNMENT,2026-08-08T14:01:06+00:00,UNALLOCATED,,,,,
SLCMP585-3555,3555,3555,288675811,2^288675811-1,STRUCTURAL_SCREEN_EXHAUSTED_PRIMALITY_UNASSIGNED,GF3A_DIRECTIONAL_WRITE_EXHAUSTED_PRIMALITY_UNASSIGNED,514,512,512,NO_RECORDED_FACTOR_PRP_OR_LL_RESULT_AND_NO_ACTIVE_GIMPS_ASSIGNMENT,2026-08-08T14:01:06+00:00,UNALLOCATED,,,,,
SLCMP585-3556,3556,3556,288675839,2^288675839-1,STRUCTURAL_SCREEN_EXHAUSTED_PRIMALITY_UNASSIGNED,GF3A_DIRECTIONAL_WRITE_EXHAUSTED_PRIMALITY_UNASSIGNED,514,512,512,NO_RECORDED_FACTOR_PRP_OR_LL_RESULT_AND_NO_ACTIVE_GIMPS_ASSIGNMENT,2026-08-08T14:01:06+00:00,UNALLOCATED,,,,,
SLCMP585-3557,3557,3557,288675869,2^288675869-1,STRUCTURAL_SCREEN_EXHAUSTED_PRIMALITY_UNASSIGNED,GF3A_DIRECTIONAL_WRITE_EXHAUSTED_PRIMALITY_UNASSIGNED,513,512,512,NO_RECORDED_FACTOR_PRP_OR_LL_RESULT_AND_NO_ACTIVE_GIMPS_ASSIGNMENT,2026-08-08T14:01:06+00:00,UNALLOCATED,,,,,
SLCMP585-3558,3558,3558,288675883,2^288675883-1,STRUCTURAL_SCREEN_EXHAUSTED_PRIMALITY_UNASSIGNED,GF3A_DIRECTIONAL_WRITE_EXHAUSTED_PRIMALITY_UNASSIGNED,514,512,512,NO_RECORDED_FACTOR_PRP_OR_LL_RESULT_AND_NO_ACTIVE_GIMPS_ASSIGNMENT,2026-08-08T14:01:06+00:00,UNALLOCATED,,,,,
SLCMP585-3559,3559,3559,288675917,2^288675917-1,STRUCTURAL_SCREEN_EXHAUSTED_PRIMALITY_UNASSIGNED,GF3A_DIRECTIONAL_WRITE_EXHAUSTED_PRIMALITY_UNASSIGNED,513,512,512,NO_RECORDED_FACTOR_PRP_OR_LL_RESULT_AND_NO_ACTIVE_GIMPS_ASSIGNMENT,2026-08-08T14:01:06+00:00,UNALLOCATED,,,,,
SLCMP585-3560,3560,3560,288675943,2^288675943-1,STRUCTURAL_SCREEN_EXHAUSTED_PRIMALITY_UNASSIGNED,GF3A_DIRECTIONAL_WRITE_EXHAUSTED_PRIMALITY_UNASSIGNED,514,512,512,NO_RECORDED_FACTOR_PRP_OR_LL_RESULT_AND_NO_ACTIVE_GIMPS_ASSIGNMENT,2026-08-08T14:01:06+00:00,UNALLOCATED,,,,,
SLCMP585-3561,3561,3561,288676007,2^288676007-1,STRUCTURAL_SCREEN_EXHAUSTED_PRIMALITY_UNASSIGNED,GF3A_DIRECTIONAL_WRITE_EXHAUSTED_PRIMALITY_UNASSIGNED,514,512,512,NO_RECORDED_FACTOR_PRP_OR_LL_RESULT_AND_NO_ACTIVE_GIMPS_ASSIGNMENT,2026-08-08T14:01:06+00:00,UNALLOCATED,,,,,
SLCMP585-3562,3562,3562,288676093,2^288676093-1,STRUCTURAL_SCREEN_EXHAUSTED_PRIMALITY_UNASSIGNED,GF3A_DIRECTIONAL_WRITE_EXHAUSTED_PRIMALITY_UNASSIGNED,513,512,512,NO_RECORDED_FACTOR_PRP_OR_LL_RESULT_AND_NO_ACTIVE_GIMPS_ASSIGNMENT,2026-08-08T14:01:06+00:00,UNALLOCATED,,,,,
SLCMP585-3563,3563,3563,288676103,2^288676103-1,STRUCTURAL_SCREEN_EXHAUSTED_PRIMALITY_UNASSIGNED,GF3A_DIRECTIONAL_WRITE_EXHAUSTED_PRIMALITY_UNASSIGNED,514,512,512,NO_RECORDED_FACTOR_PRP_OR_LL_RESULT_AND_NO_ACTIVE_GIMPS_ASSIGNMENT,2026-08-08T14:01:06+00:00,UNALLOCATED,,,,,
SLCMP585-3564,3564,3564,288676111,2^288676111-1,STRUCTURAL_SCREEN_EXHAUSTED_PRIMALITY_UNASSIGNED,GF3A_DIRECTIONAL_WRITE_EXHAUSTED_PRIMALITY_UNASSIGNED,514,512,512,NO_RECORDED_FACTOR_PRP_OR_LL_RESULT_AND_NO_ACTIVE_GIMPS_ASSIGNMENT,2026-08-08T14:01:06+00:00,UNALLOCATED,,,,,
SLCMP585-3565,3565,3565,288676159,2^288676159-1,STRUCTURAL_SCREEN_EXHAUSTED_PRIMALITY_UNASSIGNED,GF3A_DIRECTIONAL_WRITE_EXHAUSTED_PRIMALITY_UNASSIGNED,514,512,512,NO_RECORDED_FACTOR_PRP_OR_LL_RESULT_AND_NO_ACTIVE_GIMPS_ASSIGNMENT,2026-08-08T14:01:06+00:00,UNALLOCATED,,,,,
SLCMP585-3566,3566,3566,288676169,2^288676169-1,STRUCTURAL_SCREEN_EXHAUSTED_PRIMALITY_UNASSIGNED,GF3A_DIRECTIONAL_WRITE_EXHAUSTED_PRIMALITY_UNASSIGNED,513,512,512,NO_RECORDED_FACTOR_PRP_OR_LL_RESULT_AND_NO_ACTIVE_GIMPS_ASSIGNMENT,2026-08-08T14:01:06+00:00,UNALLOCATED,,,,,
SLCMP585-3567,3567,3567,288676229,2^288676229-1,STRUCTURAL_SCREEN_EXHAUSTED_PRIMALITY_UNASSIGNED,GF3A_DIRECTIONAL_WRITE_EXHAUSTED_PRIMALITY_UNASSIGNED,513,512,512,NO_RECORDED_FACTOR_PRP_OR_LL_RESULT_AND_NO_ACTIVE_GIMPS_ASSIGNMENT,2026-08-08T14:01:06+00:00,UNALLOCATED,,,,,
SLCMP585-3568,3568,3568,288676327,2^288676327-1,STRUCTURAL_SCREEN_EXHAUSTED_PRIMALITY_UNASSIGNED,GF3A_DIRECTIONAL_WRITE_EXHAUSTED_PRIMALITY_UNASSIGNED,514,512,512,NO_RECORDED_FACTOR_PRP_OR_LL_RESULT_AND_NO_ACTIVE_GIMPS_ASSIGNMENT,2026-08-08T14:01:06+00:00,UNALLOCATED,,,,,
SLCMP585-3569,3569,3569,288676379,2^288676379-1,STRUCTURAL_SCREEN_EXHAUSTED_PRIMALITY_UNASSIGNED,GF3A_DIRECTIONAL_WRITE_EXHAUSTED_PRIMALITY_UNASSIGNED,514,512,512,NO_RECORDED_FACTOR_PRP_OR_LL_RESULT_AND_NO_ACTIVE_GIMPS_ASSIGNMENT,2026-08-08T14:01:06+00:00,UNALLOCATED,,,,,
SLCMP585-3570,3570,3570,288676441,2^288676441-1,STRUCTURAL_SCREEN_EXHAUSTED_PRIMALITY_UNASSIGNED,GF3A_DIRECTIONAL_WRITE_EXHAUSTED_PRIMALITY_UNASSIGNED,513,512,512,NO_RECORDED_FACTOR_PRP_OR_LL_RESULT_AND_NO_ACTIVE_GIMPS_ASSIGNMENT,2026-08-08T14:01:06+00:00,UNALLOCATED,,,,,
SLCMP585-3571,3571,3571,288676463,2^288676463-1,STRUCTURAL_SCREEN_EXHAUSTED_PRIMALITY_UNASSIGNED,GF3A_DIRECTIONAL_WRITE_EXHAUSTED_PRIMALITY_UNASSIGNED,514,512,512,NO_RECORDED_FACTOR_PRP_OR_LL_RESULT_AND_NO_ACTIVE_GIMPS_ASSIGNMENT,2026-08-08T14:01:06+00:00,UNALLOCATED,,,,,
SLCMP585-3572,3572,3572,288676471,2^288676471-1,STRUCTURAL_SCREEN_EXHAUSTED_PRIMALITY_UNASSIGNED,GF3A_DIRECTIONAL_WRITE_EXHAUSTED_PRIMALITY_UNASSIGNED,514,512,512,NO_RECORDED_FACTOR_PRP_OR_LL_RESULT_AND_NO_ACTIVE_GIMPS_ASSIGNMENT,2026-08-08T14:01:06+00:00,UNALLOCATED,,,,,
SLCMP585-3573,3573,3573,288676489,2^288676489-1,STRUCTURAL_SCREEN_EXHAUSTED_PRIMALITY_UNASSIGNED,GF3A_DIRECTIONAL_WRITE_EXHAUSTED_PRIMALITY_UNASSIGNED,513,512,512,NO_RECORDED_FACTOR_PRP_OR_LL_RESULT_AND_NO_ACTIVE_GIMPS_ASSIGNMENT,2026-08-08T14:01:06+00:00,UNALLOCATED,,,,,
SLCMP585-3574,3574,3574,288676579,2^288676579-1,STRUCTURAL_SCREEN_EXHAUSTED_PRIMALITY_UNASSIGNED,GF3A_DIRECTIONAL_WRITE_EXHAUSTED_PRIMALITY_UNASSIGNED,514,512,512,NO_RECORDED_FACTOR_PRP_OR_LL_RESULT_AND_NO_ACTIVE_GIMPS_ASSIGNMENT,2026-08-08T14:01:06+00:00,UNALLOCATED,,,,,
SLCMP585-3575,3575,3575,288676667,2^288676667-1,STRUCTURAL_SCREEN_EXHAUSTED_PRIMALITY_UNASSIGNED,GF3A_DIRECTIONAL_WRITE_EXHAUSTED_PRIMALITY_UNASSIGNED,514,512,512,NO_RECORDED_FACTOR_PRP_OR_LL_RESULT_AND_NO_ACTIVE_GIMPS_ASSIGNMENT,2026-08-08T14:01:06+00:00,UNALLOCATED,,,,,
SLCMP585-3576,3576,3576,288676723,2^288676723-1,STRUCTURAL_SCREEN_EXHAUSTED_PRIMALITY_UNASSIGNED,GF3A_DIRECTIONAL_WRITE_EXHAUSTED_PRIMALITY_UNASSIGNED,514,512,512,NO_RECORDED_FACTOR_PRP_OR_LL_RESULT_AND_NO_ACTIVE_GIMPS_ASSIGNMENT,2026-08-08T14:01:06+00:00,UNALLOCATED,,,,,
SLCMP585-3577,3577,3577,288676741,2^288676741-1,STRUCTURAL_SCREEN_EXHAUSTED_PRIMALITY_UNASSIGNED,GF3A_DIRECTIONAL_WRITE_EXHAUSTED_PRIMALITY_UNASSIGNED,513,512,512,NO_RECORDED_FACTOR_PRP_OR_LL_RESULT_AND_NO_ACTIVE_GIMPS_ASSIGNMENT,2026-08-08T14:01:06+00:00,UNALLOCATED,,,,,
SLCMP585-3578,3578,3578,288676807,2^288676807-1,STRUCTURAL_SCREEN_EXHAUSTED_PRIMALITY_UNASSIGNED,GF3A_DIRECTIONAL_WRITE_EXHAUSTED_PRIMALITY_UNASSIGNED,514,512,512,NO_RECORDED_FACTOR_PRP_OR_LL_RESULT_AND_NO_ACTIVE_GIMPS_ASSIGNMENT,2026-08-08T14:01:06+00:00,UNALLOCATED,,,,,
SLCMP585-3579,3579,3579,288676837,2^288676837-1,STRUCTURAL_SCREEN_EXHAUSTED_PRIMALITY_UNASSIGNED,GF3A_DIRECTIONAL_WRITE_EXHAUSTED_PRIMALITY_UNASSIGNED,513,512,512,NO_RECORDED_FACTOR_PRP_OR_LL_RESULT_AND_NO_ACTIVE_GIMPS_ASSIGNMENT,2026-08-08T14:01:06+00:00,UNALLOCATED,,,,,
SLCMP585-3580,3580,3580,288676877,2^288676877-1,STRUCTURAL_SCREEN_EXHAUSTED_PRIMALITY_UNASSIGNED,GF3A_DIRECTIONAL_WRITE_EXHAUSTED_PRIMALITY_UNASSIGNED,513,512,512,NO_RECORDED_FACTOR_PRP_OR_LL_RESULT_AND_NO_ACTIVE_GIMPS_ASSIGNMENT,2026-08-08T14:01:06+00:00,UNALLOCATED,,,,,
SLCMP585-3581,3581,3581,288676879,2^288676879-1,STRUCTURAL_SCREEN_EXHAUSTED_PRIMALITY_UNASSIGNED,GF3A_DIRECTIONAL_WRITE_EXHAUSTED_PRIMALITY_UNASSIGNED,514,512,512,NO_RECORDED_FACTOR_PRP_OR_LL_RESULT_AND_NO_ACTIVE_GIMPS_ASSIGNMENT,2026-08-08T14:01:06+00:00,UNALLOCATED,,,,,
SLCMP585-3582,3582,3582,288676889,2^288676889-1,STRUCTURAL_SCREEN_EXHAUSTED_PRIMALITY_UNASSIGNED,GF3A_DIRECTIONAL_WRITE_EXHAUSTED_PRIMALITY_UNASSIGNED,513,512,512,NO_RECORDED_FACTOR_PRP_OR_LL_RESULT_AND_NO_ACTIVE_GIMPS_ASSIGNMENT,2026-08-08T14:01:06+00:00,UNALLOCATED,,,,,
SLCMP585-3583,3583,3583,288676891,2^288676891-1,STRUCTURAL_SCREEN_EXHAUSTED_PRIMALITY_UNASSIGNED,GF3A_DIRECTIONAL_WRITE_EXHAUSTED_PRIMALITY_UNASSIGNED,514,512,512,NO_RECORDED_FACTOR_PRP_OR_LL_RESULT_AND_NO_ACTIVE_GIMPS_ASSIGNMENT,2026-08-08T14:01:06+00:00,UNALLOCATED,,,,,
SLCMP585-3584,3584,3584,288676901,2^288676901-1,STRUCTURAL_SCREEN_EXHAUSTED_PRIMALITY_UNASSIGNED,GF3A_DIRECTIONAL_WRITE_EXHAUSTED_PRIMALITY_UNASSIGNED,513,512,512,NO_RECORDED_FACTOR_PRP_OR_LL_RESULT_AND_NO_ACTIVE_GIMPS_ASSIGNMENT,2026-08-08T14:01:06+00:00,UNALLOCATED,,,,,
SLCMP585-3585,3585,3585,288676909,2^288676909-1,STRUCTURAL_SCREEN_EXHAUSTED_PRIMALITY_UNASSIGNED,GF3A_DIRECTIONAL_WRITE_EXHAUSTED_PRIMALITY_UNASSIGNED,513,512,512,NO_RECORDED_FACTOR_PRP_OR_LL_RESULT_AND_NO_ACTIVE_GIMPS_ASSIGNMENT,2026-08-08T14:01:06+00:00,UNALLOCATED,,,,,
SLCMP585-3586,3586,3586,288677063,2^288677063-1,STRUCTURAL_SCREEN_EXHAUSTED_PRIMALITY_UNASSIGNED,GF3A_DIRECTIONAL_WRITE_EXHAUSTED_PRIMALITY_UNASSIGNED,514,512,512,NO_RECORDED_FACTOR_PRP_OR_LL_RESULT_AND_NO_ACTIVE_GIMPS_ASSIGNMENT,2026-08-08T14:01:06+00:00,UNALLOCATED,,,,,
SLCMP585-3587,3587,3587,288677087,2^288677087-1,STRUCTURAL_SCREEN_EXHAUSTED_PRIMALITY_UNASSIGNED,GF3A_DIRECTIONAL_WRITE_EXHAUSTED_PRIMALITY_UNASSIGNED,514,512,512,NO_RECORDED_FACTOR_PRP_OR_LL_RESULT_AND_NO_ACTIVE_GIMPS_ASSIGNMENT,2026-08-08T14:01:06+00:00,UNALLOCATED,,,,,
SLCMP585-3588,3588,3588,288677131,2^288677131-1,STRUCTURAL_SCREEN_EXHAUSTED_PRIMALITY_UNASSIGNED,GF3A_DIRECTIONAL_WRITE_EXHAUSTED_PRIMALITY_UNASSIGNED,514,512,512,NO_RECORDED_FACTOR_PRP_OR_LL_RESULT_AND_NO_ACTIVE_GIMPS_ASSIGNMENT,2026-08-08T14:01:06+00:00,UNALLOCATED,,,,,
SLCMP585-3589,3589,3589,288677251,2^288677251-1,STRUCTURAL_SCREEN_EXHAUSTED_PRIMALITY_UNASSIGNED,GF3A_DIRECTIONAL_WRITE_EXHAUSTED_PRIMALITY_UNASSIGNED,514,512,512,NO_RECORDED_FACTOR_PRP_OR_LL_RESULT_AND_NO_ACTIVE_GIMPS_ASSIGNMENT,2026-08-08T14:01:06+00:00,UNALLOCATED,,,,,
SLCMP585-3590,3590,3590,288677423,2^288677423-1,STRUCTURAL_SCREEN_EXHAUSTED_PRIMALITY_UNASSIGNED,GF3A_DIRECTIONAL_WRITE_EXHAUSTED_PRIMALITY_UNASSIGNED,514,512,512,NO_RECORDED_FACTOR_PRP_OR_LL_RESULT_AND_NO_ACTIVE_GIMPS_ASSIGNMENT,2026-08-08T14:01:06+00:00,UNALLOCATED,,,,,
SLCMP585-3591,3591,3591,288677471,2^288677471-1,STRUCTURAL_SCREEN_EXHAUSTED_PRIMALITY_UNASSIGNED,GF3A_DIRECTIONAL_WRITE_EXHAUSTED_PRIMALITY_UNASSIGNED,514,512,512,NO_RECORDED_FACTOR_PRP_OR_LL_RESULT_AND_NO_ACTIVE_GIMPS_ASSIGNMENT,2026-08-08T14:01:06+00:00,UNALLOCATED,,,,,
SLCMP585-3592,3592,3592,288677567,2^288677567-1,STRUCTURAL_SCREEN_EXHAUSTED_PRIMALITY_UNASSIGNED,GF3A_DIRECTIONAL_WRITE_EXHAUSTED_PRIMALITY_UNASSIGNED,514,512,512,NO_RECORDED_FACTOR_PRP_OR_LL_RESULT_AND_NO_ACTIVE_GIMPS_ASSIGNMENT,2026-08-08T14:01:06+00:00,UNALLOCATED,,,,,
SLCMP585-3593,3593,3593,288677617,2^288677617-1,STRUCTURAL_SCREEN_EXHAUSTED_PRIMALITY_UNASSIGNED,GF3A_DIRECTIONAL_WRITE_EXHAUSTED_PRIMALITY_UNASSIGNED,513,512,512,NO_RECORDED_FACTOR_PRP_OR_LL_RESULT_AND_NO_ACTIVE_GIMPS_ASSIGNMENT,2026-08-08T14:01:06+00:00,UNALLOCATED,,,,,
SLCMP585-3594,3594,3594,288677633,2^288677633-1,STRUCTURAL_SCREEN_EXHAUSTED_PRIMALITY_UNASSIGNED,GF3A_DIRECTIONAL_WRITE_EXHAUSTED_PRIMALITY_UNASSIGNED,513,512,512,NO_RECORDED_FACTOR_PRP_OR_LL_RESULT_AND_NO_ACTIVE_GIMPS_ASSIGNMENT,2026-08-08T14:01:06+00:00,UNALLOCATED,,,,,
SLCMP585-3595,3595,3595,288677647,2^288677647-1,STRUCTURAL_SCREEN_EXHAUSTED_PRIMALITY_UNASSIGNED,GF3A_DIRECTIONAL_WRITE_EXHAUSTED_PRIMALITY_UNASSIGNED,514,512,512,NO_RECORDED_FACTOR_PRP_OR_LL_RESULT_AND_NO_ACTIVE_GIMPS_ASSIGNMENT,2026-08-08T14:01:06+00:00,UNALLOCATED,,,,,
SLCMP585-3596,3596,3596,288677707,2^288677707-1,STRUCTURAL_SCREEN_EXHAUSTED_PRIMALITY_UNASSIGNED,GF3A_DIRECTIONAL_WRITE_EXHAUSTED_PRIMALITY_UNASSIGNED,514,512,512,NO_RECORDED_FACTOR_PRP_OR_LL_RESULT_AND_NO_ACTIVE_GIMPS_ASSIGNMENT,2026-08-08T14:01:06+00:00,UNALLOCATED,,,,,
SLCMP585-3597,3597,3597,288677743,2^288677743-1,STRUCTURAL_SCREEN_EXHAUSTED_PRIMALITY_UNASSIGNED,GF3A_DIRECTIONAL_WRITE_EXHAUSTED_PRIMALITY_UNASSIGNED,514,512,512,NO_RECORDED_FACTOR_PRP_OR_LL_RESULT_AND_NO_ACTIVE_GIMPS_ASSIGNMENT,2026-08-08T14:01:06+00:00,UNALLOCATED,,,,,
SLCMP585-3598,3598,3598,288677783,2^288677783-1,STRUCTURAL_SCREEN_EXHAUSTED_PRIMALITY_UNASSIGNED,GF3A_DIRECTIONAL_WRITE_EXHAUSTED_PRIMALITY_UNASSIGNED,514,512,512,NO_RECORDED_FACTOR_PRP_OR_LL_RESULT_AND_NO_ACTIVE_GIMPS_ASSIGNMENT,2026-08-08T14:01:06+00:00,UNALLOCATED,,,,,
SLCMP585-3599,3599,3599,288677789,2^288677789-1,STRUCTURAL_SCREEN_EXHAUSTED_PRIMALITY_UNASSIGNED,GF3A_DIRECTIONAL_WRITE_EXHAUSTED_PRIMALITY_UNASSIGNED,513,512,512,NO_RECORDED_FACTOR_PRP_OR_LL_RESULT_AND_NO_ACTIVE_GIMPS_ASSIGNMENT,2026-08-08T14:01:06+00:00,UNALLOCATED,,,,,
SLCMP585-3600,3600,3600,288677863,2^288677863-1,STRUCTURAL_SCREEN_EXHAUSTED_PRIMALITY_UNASSIGNED,GF3A_DIRECTIONAL_WRITE_EXHAUSTED_PRIMALITY_UNASSIGNED,514,512,512,NO_RECORDED_FACTOR_PRP_OR_LL_RESULT_AND_NO_ACTIVE_GIMPS_ASSIGNMENT,2026-08-08T14:01:06+00:00,UNALLOCATED,,,,,
SLCMP585-3601,3601,3601,288677881,2^288677881-1,STRUCTURAL_SCREEN_EXHAUSTED_PRIMALITY_UNASSIGNED,GF3A_DIRECTIONAL_WRITE_EXHAUSTED_PRIMALITY_UNASSIGNED,513,512,512,NO_RECORDED_FACTOR_PRP_OR_LL_RESULT_AND_NO_ACTIVE_GIMPS_ASSIGNMENT,2026-08-08T14:01:06+00:00,UNALLOCATED,,,,,
SLCMP585-3602,3602,3602,288677891,2^288677891-1,STRUCTURAL_SCREEN_EXHAUSTED_PRIMALITY_UNASSIGNED,GF3A_DIRECTIONAL_WRITE_EXHAUSTED_PRIMALITY_UNASSIGNED,514,512,512,NO_RECORDED_FACTOR_PRP_OR_LL_RESULT_AND_NO_ACTIVE_GIMPS_ASSIGNMENT,2026-08-08T14:01:06+00:00,UNALLOCATED,,,,,
SLCMP585-3603,3603,3603,288677923,2^288677923-1,STRUCTURAL_SCREEN_EXHAUSTED_PRIMALITY_UNASSIGNED,GF3A_DIRECTIONAL_WRITE_EXHAUSTED_PRIMALITY_UNASSIGNED,514,512,512,NO_RECORDED_FACTOR_PRP_OR_LL_RESULT_AND_NO_ACTIVE_GIMPS_ASSIGNMENT,2026-08-08T14:01:06+00:00,UNALLOCATED,,,,,
SLCMP585-3604,3604,3604,288677953,2^288677953-1,STRUCTURAL_SCREEN_EXHAUSTED_PRIMALITY_UNASSIGNED,GF3A_DIRECTIONAL_WRITE_EXHAUSTED_PRIMALITY_UNASSIGNED,513,512,512,NO_RECORDED_FACTOR_PRP_OR_LL_RESULT_AND_NO_ACTIVE_GIMPS_ASSIGNMENT,2026-08-08T14:01:06+00:00,UNALLOCATED,,,,,
SLCMP585-3605,3605,3605,288677981,2^288677981-1,STRUCTURAL_SCREEN_EXHAUSTED_PRIMALITY_UNASSIGNED,GF3A_DIRECTIONAL_WRITE_EXHAUSTED_PRIMALITY_UNASSIGNED,513,512,512,NO_RECORDED_FACTOR_PRP_OR_LL_RESULT_AND_NO_ACTIVE_GIMPS_ASSIGNMENT,2026-08-08T14:01:06+00:00,UNALLOCATED,,,,,
SLCMP585-3606,3606,3606,288678031,2^288678031-1,STRUCTURAL_SCREEN_EXHAUSTED_PRIMALITY_UNASSIGNED,GF3A_DIRECTIONAL_WRITE_EXHAUSTED_PRIMALITY_UNASSIGNED,514,512,512,NO_RECORDED_FACTOR_PRP_OR_LL_RESULT_AND_NO_ACTIVE_GIMPS_ASSIGNMENT,2026-08-08T14:01:06+00:00,UNALLOCATED,,,,,
SLCMP585-3607,3607,3607,288678179,2^288678179-1,STRUCTURAL_SCREEN_EXHAUSTED_PRIMALITY_UNASSIGNED,GF3A_DIRECTIONAL_WRITE_EXHAUSTED_PRIMALITY_UNASSIGNED,514,512,512,NO_RECORDED_FACTOR_PRP_OR_LL_RESULT_AND_NO_ACTIVE_GIMPS_ASSIGNMENT,2026-08-08T14:01:06+00:00,UNALLOCATED,,,,,
SLCMP585-3608,3608,3608,288678283,2^288678283-1,STRUCTURAL_SCREEN_EXHAUSTED_PRIMALITY_UNASSIGNED,GF3A_DIRECTIONAL_WRITE_EXHAUSTED_PRIMALITY_UNASSIGNED,514,512,512,NO_RECORDED_FACTOR_PRP_OR_LL_RESULT_AND_NO_ACTIVE_GIMPS_ASSIGNMENT,2026-08-08T14:01:06+00:00,UNALLOCATED,,,,,
SLCMP585-3609,3609,3609,288678463,2^288678463-1,STRUCTURAL_SCREEN_EXHAUSTED_PRIMALITY_UNASSIGNED,GF3A_DIRECTIONAL_WRITE_EXHAUSTED_PRIMALITY_UNASSIGNED,514,512,512,NO_RECORDED_FACTOR_PRP_OR_LL_RESULT_AND_NO_ACTIVE_GIMPS_ASSIGNMENT,2026-08-08T14:01:06+00:00,UNALLOCATED,,,,,
SLCMP585-3610,3610,3610,288678487,2^288678487-1,STRUCTURAL_SCREEN_EXHAUSTED_PRIMALITY_UNASSIGNED,GF3A_DIRECTIONAL_WRITE_EXHAUSTED_PRIMALITY_UNASSIGNED,514,512,512,NO_RECORDED_FACTOR_PRP_OR_LL_RESULT_AND_NO_ACTIVE_GIMPS_ASSIGNMENT,2026-08-08T14:01:06+00:00,UNALLOCATED,,,,,
SLCMP585-3611,3611,3611,288678527,2^288678527-1,STRUCTURAL_SCREEN_EXHAUSTED_PRIMALITY_UNASSIGNED,GF3A_DIRECTIONAL_WRITE_EXHAUSTED_PRIMALITY_UNASSIGNED,514,512,512,NO_RECORDED_FACTOR_PRP_OR_LL_RESULT_AND_NO_ACTIVE_GIMPS_ASSIGNMENT,2026-08-08T14:01:06+00:00,UNALLOCATED,,,,,
SLCMP585-3612,3612,3612,288678583,2^288678583-1,STRUCTURAL_SCREEN_EXHAUSTED_PRIMALITY_UNASSIGNED,GF3A_DIRECTIONAL_WRITE_EXHAUSTED_PRIMALITY_UNASSIGNED,514,512,512,NO_RECORDED_FACTOR_PRP_OR_LL_RESULT_AND_NO_ACTIVE_GIMPS_ASSIGNMENT,2026-08-08T14:01:06+00:00,UNALLOCATED,,,,,
SLCMP585-3613,3613,3613,288678623,2^288678623-1,STRUCTURAL_SCREEN_EXHAUSTED_PRIMALITY_UNASSIGNED,GF3A_DIRECTIONAL_WRITE_EXHAUSTED_PRIMALITY_UNASSIGNED,514,512,512,NO_RECORDED_FACTOR_PRP_OR_LL_RESULT_AND_NO_ACTIVE_GIMPS_ASSIGNMENT,2026-08-08T14:01:06+00:00,UNALLOCATED,,,,,
SLCMP585-3614,3614,3614,288678631,2^288678631-1,STRUCTURAL_SCREEN_EXHAUSTED_PRIMALITY_UNASSIGNED,GF3A_DIRECTIONAL_WRITE_EXHAUSTED_PRIMALITY_UNASSIGNED,514,512,512,NO_RECORDED_FACTOR_PRP_OR_LL_RESULT_AND_NO_ACTIVE_GIMPS_ASSIGNMENT,2026-08-08T14:01:06+00:00,UNALLOCATED,,,,,
SLCMP585-3615,3615,3615,288678659,2^288678659-1,STRUCTURAL_SCREEN_EXHAUSTED_PRIMALITY_UNASSIGNED,GF3A_DIRECTIONAL_WRITE_EXHAUSTED_PRIMALITY_UNASSIGNED,514,512,512,NO_RECORDED_FACTOR_PRP_OR_LL_RESULT_AND_NO_ACTIVE_GIMPS_ASSIGNMENT,2026-08-08T14:01:06+00:00,UNALLOCATED,,,,,
SLCMP585-3616,3616,3616,288678667,2^288678667-1,STRUCTURAL_SCREEN_EXHAUSTED_PRIMALITY_UNASSIGNED,GF3A_DIRECTIONAL_WRITE_EXHAUSTED_PRIMALITY_UNASSIGNED,514,512,512,NO_RECORDED_FACTOR_PRP_OR_LL_RESULT_AND_NO_ACTIVE_GIMPS_ASSIGNMENT,2026-08-08T14:01:06+00:00,UNALLOCATED,,,,,
SLCMP585-3617,3617,3617,288678739,2^288678739-1,STRUCTURAL_SCREEN_EXHAUSTED_PRIMALITY_UNASSIGNED,GF3A_DIRECTIONAL_WRITE_EXHAUSTED_PRIMALITY_UNASSIGNED,514,512,512,NO_RECORDED_FACTOR_PRP_OR_LL_RESULT_AND_NO_ACTIVE_GIMPS_ASSIGNMENT,2026-08-08T14:01:06+00:00,UNALLOCATED,,,,,
SLCMP585-3618,3618,3618,288678763,2^288678763-1,STRUCTURAL_SCREEN_EXHAUSTED_PRIMALITY_UNASSIGNED,GF3A_DIRECTIONAL_WRITE_EXHAUSTED_PRIMALITY_UNASSIGNED,514,512,512,NO_RECORDED_FACTOR_PRP_OR_LL_RESULT_AND_NO_ACTIVE_GIMPS_ASSIGNMENT,2026-08-08T14:01:06+00:00,UNALLOCATED,,,,,
SLCMP585-3619,3619,3619,288678769,2^288678769-1,STRUCTURAL_SCREEN_EXHAUSTED_PRIMALITY_UNASSIGNED,GF3A_DIRECTIONAL_WRITE_EXHAUSTED_PRIMALITY_UNASSIGNED,513,512,512,NO_RECORDED_FACTOR_PRP_OR_LL_RESULT_AND_NO_ACTIVE_GIMPS_ASSIGNMENT,2026-08-08T14:01:06+00:00,UNALLOCATED,,,,,
SLCMP585-3620,3620,3620,288678809,2^288678809-1,STRUCTURAL_SCREEN_EXHAUSTED_PRIMALITY_UNASSIGNED,GF3A_DIRECTIONAL_WRITE_EXHAUSTED_PRIMALITY_UNASSIGNED,513,512,512,NO_RECORDED_FACTOR_PRP_OR_LL_RESULT_AND_NO_ACTIVE_GIMPS_ASSIGNMENT,2026-08-08T14:01:06+00:00,UNALLOCATED,,,,,
SLCMP585-3621,3621,3621,288679051,2^288679051-1,STRUCTURAL_SCREEN_EXHAUSTED_PRIMALITY_UNASSIGNED,GF3A_DIRECTIONAL_WRITE_EXHAUSTED_PRIMALITY_UNASSIGNED,514,512,512,NO_RECORDED_FACTOR_PRP_OR_LL_RESULT_AND_NO_ACTIVE_GIMPS_ASSIGNMENT,2026-08-08T14:01:06+00:00,UNALLOCATED,,,,,
SLCMP585-3622,3622,3622,288679093,2^288679093-1,STRUCTURAL_SCREEN_EXHAUSTED_PRIMALITY_UNASSIGNED,GF3A_DIRECTIONAL_WRITE_EXHAUSTED_PRIMALITY_UNASSIGNED,513,512,512,NO_RECORDED_FACTOR_PRP_OR_LL_RESULT_AND_NO_ACTIVE_GIMPS_ASSIGNMENT,2026-08-08T14:01:06+00:00,UNALLOCATED,,,,,
SLCMP585-3623,3623,3623,288679163,2^288679163-1,STRUCTURAL_SCREEN_EXHAUSTED_PRIMALITY_UNASSIGNED,GF3A_DIRECTIONAL_WRITE_EXHAUSTED_PRIMALITY_UNASSIGNED,514,512,512,NO_RECORDED_FACTOR_PRP_OR_LL_RESULT_AND_NO_ACTIVE_GIMPS_ASSIGNMENT,2026-08-08T14:01:06+00:00,UNALLOCATED,,,,,
SLCMP585-3624,3624,3624,288679201,2^288679201-1,STRUCTURAL_SCREEN_EXHAUSTED_PRIMALITY_UNASSIGNED,GF3A_DIRECTIONAL_WRITE_EXHAUSTED_PRIMALITY_UNASSIGNED,513,512,512,NO_RECORDED_FACTOR_PRP_OR_LL_RESULT_AND_NO_ACTIVE_GIMPS_ASSIGNMENT,2026-08-08T14:01:06+00:00,UNALLOCATED,,,,,
SLCMP585-3625,3625,3625,288679241,2^288679241-1,STRUCTURAL_SCREEN_EXHAUSTED_PRIMALITY_UNASSIGNED,GF3A_DIRECTIONAL_WRITE_EXHAUSTED_PRIMALITY_UNASSIGNED,513,512,512,NO_RECORDED_FACTOR_PRP_OR_LL_RESULT_AND_NO_ACTIVE_GIMPS_ASSIGNMENT,2026-08-08T14:01:06+00:00,UNALLOCATED,,,,,
SLCMP585-3626,3626,3626,288679249,2^288679249-1,STRUCTURAL_SCREEN_EXHAUSTED_PRIMALITY_UNASSIGNED,GF3A_DIRECTIONAL_WRITE_EXHAUSTED_PRIMALITY_UNASSIGNED,513,512,512,NO_RECORDED_FACTOR_PRP_OR_LL_RESULT_AND_NO_ACTIVE_GIMPS_ASSIGNMENT,2026-08-08T14:01:06+00:00,UNALLOCATED,,,,,
SLCMP585-3627,3627,3627,288679289,2^288679289-1,STRUCTURAL_SCREEN_EXHAUSTED_PRIMALITY_UNASSIGNED,GF3A_DIRECTIONAL_WRITE_EXHAUSTED_PRIMALITY_UNASSIGNED,513,512,512,NO_RECORDED_FACTOR_PRP_OR_LL_RESULT_AND_NO_ACTIVE_GIMPS_ASSIGNMENT,2026-08-08T14:01:06+00:00,UNALLOCATED,,,,,
SLCMP585-3628,3628,3628,288679343,2^288679343-1,STRUCTURAL_SCREEN_EXHAUSTED_PRIMALITY_UNASSIGNED,GF3A_DIRECTIONAL_WRITE_EXHAUSTED_PRIMALITY_UNASSIGNED,514,512,512,NO_RECORDED_FACTOR_PRP_OR_LL_RESULT_AND_NO_ACTIVE_GIMPS_ASSIGNMENT,2026-08-08T14:01:06+00:00,UNALLOCATED,,,,,
SLCMP585-3629,3629,3629,288679429,2^288679429-1,STRUCTURAL_SCREEN_EXHAUSTED_PRIMALITY_UNASSIGNED,GF3A_DIRECTIONAL_WRITE_EXHAUSTED_PRIMALITY_UNASSIGNED,513,512,512,NO_RECORDED_FACTOR_PRP_OR_LL_RESULT_AND_NO_ACTIVE_GIMPS_ASSIGNMENT,2026-08-08T14:01:06+00:00,UNALLOCATED,,,,,
SLCMP585-3630,3630,3630,288679553,2^288679553-1,STRUCTURAL_SCREEN_EXHAUSTED_PRIMALITY_UNASSIGNED,GF3A_DIRECTIONAL_WRITE_EXHAUSTED_PRIMALITY_UNASSIGNED,513,512,512,NO_RECORDED_FACTOR_PRP_OR_LL_RESULT_AND_NO_ACTIVE_GIMPS_ASSIGNMENT,2026-08-08T14:01:06+00:00,UNALLOCATED,,,,,
SLCMP585-3631,3631,3631,288679609,2^288679609-1,STRUCTURAL_SCREEN_EXHAUSTED_PRIMALITY_UNASSIGNED,GF3A_DIRECTIONAL_WRITE_EXHAUSTED_PRIMALITY_UNASSIGNED,513,512,512,NO_RECORDED_FACTOR_PRP_OR_LL_RESULT_AND_NO_ACTIVE_GIMPS_ASSIGNMENT,2026-08-08T14:01:06+00:00,UNALLOCATED,,,,,
SLCMP585-3632,3632,3632,288679627,2^288679627-1,STRUCTURAL_SCREEN_EXHAUSTED_PRIMALITY_UNASSIGNED,GF3A_DIRECTIONAL_WRITE_EXHAUSTED_PRIMALITY_UNASSIGNED,514,512,512,NO_RECORDED_FACTOR_PRP_OR_LL_RESULT_AND_NO_ACTIVE_GIMPS_ASSIGNMENT,2026-08-08T14:01:06+00:00,UNALLOCATED,,,,,
SLCMP585-3633,3633,3633,288679639,2^288679639-1,STRUCTURAL_SCREEN_EXHAUSTED_PRIMALITY_UNASSIGNED,GF3A_DIRECTIONAL_WRITE_EXHAUSTED_PRIMALITY_UNASSIGNED,514,512,512,NO_RECORDED_FACTOR_PRP_OR_LL_RESULT_AND_NO_ACTIVE_GIMPS_ASSIGNMENT,2026-08-08T14:01:06+00:00,UNALLOCATED,,,,,
SLCMP585-3634,3634,3634,288679733,2^288679733-1,STRUCTURAL_SCREEN_EXHAUSTED_PRIMALITY_UNASSIGNED,GF3A_DIRECTIONAL_WRITE_EXHAUSTED_PRIMALITY_UNASSIGNED,513,512,512,NO_RECORDED_FACTOR_PRP_OR_LL_RESULT_AND_NO_ACTIVE_GIMPS_ASSIGNMENT,2026-08-08T14:01:06+00:00,UNALLOCATED,,,,,
SLCMP585-3635,3635,3635,288679793,2^288679793-1,STRUCTURAL_SCREEN_EXHAUSTED_PRIMALITY_UNASSIGNED,GF3A_DIRECTIONAL_WRITE_EXHAUSTED_PRIMALITY_UNASSIGNED,513,512,512,NO_RECORDED_FACTOR_PRP_OR_LL_RESULT_AND_NO_ACTIVE_GIMPS_ASSIGNMENT,2026-08-08T14:01:06+00:00,UNALLOCATED,,,,,
SLCMP585-3636,3636,3636,288679813,2^288679813-1,STRUCTURAL_SCREEN_EXHAUSTED_PRIMALITY_UNASSIGNED,GF3A_DIRECTIONAL_WRITE_EXHAUSTED_PRIMALITY_UNASSIGNED,513,512,512,NO_RECORDED_FACTOR_PRP_OR_LL_RESULT_AND_NO_ACTIVE_GIMPS_ASSIGNMENT,2026-08-08T14:01:06+00:00,UNALLOCATED,,,,,
SLCMP585-3637,3637,3637,288679829,2^288679829-1,STRUCTURAL_SCREEN_EXHAUSTED_PRIMALITY_UNASSIGNED,GF3A_DIRECTIONAL_WRITE_EXHAUSTED_PRIMALITY_UNASSIGNED,513,512,512,NO_RECORDED_FACTOR_PRP_OR_LL_RESULT_AND_NO_ACTIVE_GIMPS_ASSIGNMENT,2026-08-08T14:01:06+00:00,UNALLOCATED,,,,,
SLCMP585-3638,3638,3638,288679879,2^288679879-1,STRUCTURAL_SCREEN_EXHAUSTED_PRIMALITY_UNASSIGNED,GF3A_DIRECTIONAL_WRITE_EXHAUSTED_PRIMALITY_UNASSIGNED,514,512,512,NO_RECORDED_FACTOR_PRP_OR_LL_RESULT_AND_NO_ACTIVE_GIMPS_ASSIGNMENT,2026-08-08T14:01:06+00:00,UNALLOCATED,,,,,
SLCMP585-3639,3639,3639,288679997,2^288679997-1,STRUCTURAL_SCREEN_EXHAUSTED_PRIMALITY_UNASSIGNED,GF3A_DIRECTIONAL_WRITE_EXHAUSTED_PRIMALITY_UNASSIGNED,513,512,512,NO_RECORDED_FACTOR_PRP_OR_LL_RESULT_AND_NO_ACTIVE_GIMPS_ASSIGNMENT,2026-08-08T14:01:06+00:00,UNALLOCATED,,,,,
SLCMP585-3640,3640,3640,288680003,2^288680003-1,STRUCTURAL_SCREEN_EXHAUSTED_PRIMALITY_UNASSIGNED,GF3A_DIRECTIONAL_WRITE_EXHAUSTED_PRIMALITY_UNASSIGNED,514,512,512,NO_RECORDED_FACTOR_PRP_OR_LL_RESULT_AND_NO_ACTIVE_GIMPS_ASSIGNMENT,2026-08-08T14:01:06+00:00,UNALLOCATED,,,,,
SLCMP585-3641,3641,3641,288680047,2^288680047-1,STRUCTURAL_SCREEN_EXHAUSTED_PRIMALITY_UNASSIGNED,GF3A_DIRECTIONAL_WRITE_EXHAUSTED_PRIMALITY_UNASSIGNED,514,512,512,NO_RECORDED_FACTOR_PRP_OR_LL_RESULT_AND_NO_ACTIVE_GIMPS_ASSIGNMENT,2026-08-08T14:01:06+00:00,UNALLOCATED,,,,,
SLCMP585-3642,3642,3642,288680087,2^288680087-1,STRUCTURAL_SCREEN_EXHAUSTED_PRIMALITY_UNASSIGNED,GF3A_DIRECTIONAL_WRITE_EXHAUSTED_PRIMALITY_UNASSIGNED,514,512,512,NO_RECORDED_FACTOR_PRP_OR_LL_RESULT_AND_NO_ACTIVE_GIMPS_ASSIGNMENT,2026-08-08T14:01:06+00:00,UNALLOCATED,,,,,
SLCMP585-3643,3643,3643,288680137,2^288680137-1,STRUCTURAL_SCREEN_EXHAUSTED_PRIMALITY_UNASSIGNED,GF3A_DIRECTIONAL_WRITE_EXHAUSTED_PRIMALITY_UNASSIGNED,513,512,512,NO_RECORDED_FACTOR_PRP_OR_LL_RESULT_AND_NO_ACTIVE_GIMPS_ASSIGNMENT,2026-08-08T14:01:06+00:00,UNALLOCATED,,,,,
SLCMP585-3644,3644,3644,288680201,2^288680201-1,STRUCTURAL_SCREEN_EXHAUSTED_PRIMALITY_UNASSIGNED,GF3A_DIRECTIONAL_WRITE_EXHAUSTED_PRIMALITY_UNASSIGNED,513,512,512,NO_RECORDED_FACTOR_PRP_OR_LL_RESULT_AND_NO_ACTIVE_GIMPS_ASSIGNMENT,2026-08-08T14:01:06+00:00,UNALLOCATED,,,,,
SLCMP585-3645,3645,3645,288680219,2^288680219-1,STRUCTURAL_SCREEN_EXHAUSTED_PRIMALITY_UNASSIGNED,GF3A_DIRECTIONAL_WRITE_EXHAUSTED_PRIMALITY_UNASSIGNED,514,512,512,NO_RECORDED_FACTOR_PRP_OR_LL_RESULT_AND_NO_ACTIVE_GIMPS_ASSIGNMENT,2026-08-08T14:01:06+00:00,UNALLOCATED,,,,,
SLCMP585-3646,3646,3646,288680267,2^288680267-1,STRUCTURAL_SCREEN_EXHAUSTED_PRIMALITY_UNASSIGNED,GF3A_DIRECTIONAL_WRITE_EXHAUSTED_PRIMALITY_UNASSIGNED,514,512,512,NO_RECORDED_FACTOR_PRP_OR_LL_RESULT_AND_NO_ACTIVE_GIMPS_ASSIGNMENT,2026-08-08T14:01:06+00:00,UNALLOCATED,,,,,
SLCMP585-3647,3647,3647,288680317,2^288680317-1,STRUCTURAL_SCREEN_EXHAUSTED_PRIMALITY_UNASSIGNED,GF3A_DIRECTIONAL_WRITE_EXHAUSTED_PRIMALITY_UNASSIGNED,513,512,512,NO_RECORDED_FACTOR_PRP_OR_LL_RESULT_AND_NO_ACTIVE_GIMPS_ASSIGNMENT,2026-08-08T14:01:06+00:00,UNALLOCATED,,,,,
SLCMP585-3648,3648,3648,288680387,2^288680387-1,STRUCTURAL_SCREEN_EXHAUSTED_PRIMALITY_UNASSIGNED,GF3A_DIRECTIONAL_WRITE_EXHAUSTED_PRIMALITY_UNASSIGNED,514,512,512,NO_RECORDED_FACTOR_PRP_OR_LL_RESULT_AND_NO_ACTIVE_GIMPS_ASSIGNMENT,2026-08-08T14:01:06+00:00,UNALLOCATED,,,,,
SLCMP585-3649,3649,3649,288680437,2^288680437-1,STRUCTURAL_SCREEN_EXHAUSTED_PRIMALITY_UNASSIGNED,GF3A_DIRECTIONAL_WRITE_EXHAUSTED_PRIMALITY_UNASSIGNED,513,512,512,NO_RECORDED_FACTOR_PRP_OR_LL_RESULT_AND_NO_ACTIVE_GIMPS_ASSIGNMENT,2026-08-08T14:01:06+00:00,UNALLOCATED,,,,,
SLCMP585-3650,3650,3650,288680479,2^288680479-1,STRUCTURAL_SCREEN_EXHAUSTED_PRIMALITY_UNASSIGNED,GF3A_DIRECTIONAL_WRITE_EXHAUSTED_PRIMALITY_UNASSIGNED,514,512,512,NO_RECORDED_FACTOR_PRP_OR_LL_RESULT_AND_NO_ACTIVE_GIMPS_ASSIGNMENT,2026-08-08T14:01:06+00:00,UNALLOCATED,,,,,
SLCMP585-3651,3651,3651,288680503,2^288680503-1,STRUCTURAL_SCREEN_EXHAUSTED_PRIMALITY_UNASSIGNED,GF3A_DIRECTIONAL_WRITE_EXHAUSTED_PRIMALITY_UNASSIGNED,514,512,512,NO_RECORDED_FACTOR_PRP_OR_LL_RESULT_AND_NO_ACTIVE_GIMPS_ASSIGNMENT,2026-08-08T14:01:06+00:00,UNALLOCATED,,,,,
SLCMP585-3652,3652,3652,288680551,2^288680551-1,STRUCTURAL_SCREEN_EXHAUSTED_PRIMALITY_UNASSIGNED,GF3A_DIRECTIONAL_WRITE_EXHAUSTED_PRIMALITY_UNASSIGNED,514,512,512,NO_RECORDED_FACTOR_PRP_OR_LL_RESULT_AND_NO_ACTIVE_GIMPS_ASSIGNMENT,2026-08-08T14:01:06+00:00,UNALLOCATED,,,,,
SLCMP585-3653,3653,3653,288680563,2^288680563-1,STRUCTURAL_SCREEN_EXHAUSTED_PRIMALITY_UNASSIGNED,GF3A_DIRECTIONAL_WRITE_EXHAUSTED_PRIMALITY_UNASSIGNED,514,512,512,NO_RECORDED_FACTOR_PRP_OR_LL_RESULT_AND_NO_ACTIVE_GIMPS_ASSIGNMENT,2026-08-08T14:01:06+00:00,UNALLOCATED,,,,,
SLCMP585-3654,3654,3654,288680597,2^288680597-1,STRUCTURAL_SCREEN_EXHAUSTED_PRIMALITY_UNASSIGNED,GF3A_DIRECTIONAL_WRITE_EXHAUSTED_PRIMALITY_UNASSIGNED,513,512,512,NO_RECORDED_FACTOR_PRP_OR_LL_RESULT_AND_NO_ACTIVE_GIMPS_ASSIGNMENT,2026-08-08T14:01:06+00:00,UNALLOCATED,,,,,
SLCMP585-3655,3655,3655,288680599,2^288680599-1,STRUCTURAL_SCREEN_EXHAUSTED_PRIMALITY_UNASSIGNED,GF3A_DIRECTIONAL_WRITE_EXHAUSTED_PRIMALITY_UNASSIGNED,514,512,512,NO_RECORDED_FACTOR_PRP_OR_LL_RESULT_AND_NO_ACTIVE_GIMPS_ASSIGNMENT,2026-08-08T14:01:06+00:00,UNALLOCATED,,,,,
SLCMP585-3656,3656,3656,288680611,2^288680611-1,STRUCTURAL_SCREEN_EXHAUSTED_PRIMALITY_UNASSIGNED,GF3A_DIRECTIONAL_WRITE_EXHAUSTED_PRIMALITY_UNASSIGNED,514,512,512,NO_RECORDED_FACTOR_PRP_OR_LL_RESULT_AND_NO_ACTIVE_GIMPS_ASSIGNMENT,2026-08-08T14:01:06+00:00,UNALLOCATED,,,,,
SLCMP585-3657,3657,3657,288680669,2^288680669-1,STRUCTURAL_SCREEN_EXHAUSTED_PRIMALITY_UNASSIGNED,GF3A_DIRECTIONAL_WRITE_EXHAUSTED_PRIMALITY_UNASSIGNED,513,512,512,NO_RECORDED_FACTOR_PRP_OR_LL_RESULT_AND_NO_ACTIVE_GIMPS_ASSIGNMENT,2026-08-08T14:01:06+00:00,UNALLOCATED,,,,,
SLCMP585-3658,3658,3658,288680671,2^288680671-1,STRUCTURAL_SCREEN_EXHAUSTED_PRIMALITY_UNASSIGNED,GF3A_DIRECTIONAL_WRITE_EXHAUSTED_PRIMALITY_UNASSIGNED,514,512,512,NO_RECORDED_FACTOR_PRP_OR_LL_RESULT_AND_NO_ACTIVE_GIMPS_ASSIGNMENT,2026-08-08T14:01:06+00:00,UNALLOCATED,,,,,
SLCMP585-3659,3659,3659,288680681,2^288680681-1,STRUCTURAL_SCREEN_EXHAUSTED_PRIMALITY_UNASSIGNED,GF3A_DIRECTIONAL_WRITE_EXHAUSTED_PRIMALITY_UNASSIGNED,513,512,512,NO_RECORDED_FACTOR_PRP_OR_LL_RESULT_AND_NO_ACTIVE_GIMPS_ASSIGNMENT,2026-08-08T14:01:06+00:00,UNALLOCATED,,,,,
SLCMP585-3660,3660,3660,288680729,2^288680729-1,STRUCTURAL_SCREEN_EXHAUSTED_PRIMALITY_UNASSIGNED,GF3A_DIRECTIONAL_WRITE_EXHAUSTED_PRIMALITY_UNASSIGNED,513,512,512,NO_RECORDED_FACTOR_PRP_OR_LL_RESULT_AND_NO_ACTIVE_GIMPS_ASSIGNMENT,2026-08-08T14:01:06+00:00,UNALLOCATED,,,,,
SLCMP585-3661,3661,3661,288680849,2^288680849-1,STRUCTURAL_SCREEN_EXHAUSTED_PRIMALITY_UNASSIGNED,GF3A_DIRECTIONAL_WRITE_EXHAUSTED_PRIMALITY_UNASSIGNED,513,512,512,NO_RECORDED_FACTOR_PRP_OR_LL_RESULT_AND_NO_ACTIVE_GIMPS_ASSIGNMENT,2026-08-08T14:01:06+00:00,UNALLOCATED,,,,,
SLCMP585-3662,3662,3662,288680863,2^288680863-1,STRUCTURAL_SCREEN_EXHAUSTED_PRIMALITY_UNASSIGNED,GF3A_DIRECTIONAL_WRITE_EXHAUSTED_PRIMALITY_UNASSIGNED,514,512,512,NO_RECORDED_FACTOR_PRP_OR_LL_RESULT_AND_NO_ACTIVE_GIMPS_ASSIGNMENT,2026-08-08T14:01:06+00:00,UNALLOCATED,,,,,
SLCMP585-3663,3663,3663,288680933,2^288680933-1,STRUCTURAL_SCREEN_EXHAUSTED_PRIMALITY_UNASSIGNED,GF3A_DIRECTIONAL_WRITE_EXHAUSTED_PRIMALITY_UNASSIGNED,513,512,512,NO_RECORDED_FACTOR_PRP_OR_LL_RESULT_AND_NO_ACTIVE_GIMPS_ASSIGNMENT,2026-08-08T14:01:06+00:00,UNALLOCATED,,,,,
SLCMP585-3664,3664,3664,288680969,2^288680969-1,STRUCTURAL_SCREEN_EXHAUSTED_PRIMALITY_UNASSIGNED,GF3A_DIRECTIONAL_WRITE_EXHAUSTED_PRIMALITY_UNASSIGNED,513,512,512,NO_RECORDED_FACTOR_PRP_OR_LL_RESULT_AND_NO_ACTIVE_GIMPS_ASSIGNMENT,2026-08-08T14:01:06+00:00,UNALLOCATED,,,,,
SLCMP585-3665,3665,3665,288681013,2^288681013-1,STRUCTURAL_SCREEN_EXHAUSTED_PRIMALITY_UNASSIGNED,GF3A_DIRECTIONAL_WRITE_EXHAUSTED_PRIMALITY_UNASSIGNED,513,512,512,NO_RECORDED_FACTOR_PRP_OR_LL_RESULT_AND_NO_ACTIVE_GIMPS_ASSIGNMENT,2026-08-08T14:01:06+00:00,UNALLOCATED,,,,,
SLCMP585-3666,3666,3666,288681037,2^288681037-1,STRUCTURAL_SCREEN_EXHAUSTED_PRIMALITY_UNASSIGNED,GF3A_DIRECTIONAL_WRITE_EXHAUSTED_PRIMALITY_UNASSIGNED,513,512,512,NO_RECORDED_FACTOR_PRP_OR_LL_RESULT_AND_NO_ACTIVE_GIMPS_ASSIGNMENT,2026-08-08T14:01:06+00:00,UNALLOCATED,,,,,
SLCMP585-3667,3667,3667,288681047,2^288681047-1,STRUCTURAL_SCREEN_EXHAUSTED_PRIMALITY_UNASSIGNED,GF3A_DIRECTIONAL_WRITE_EXHAUSTED_PRIMALITY_UNASSIGNED,514,512,512,NO_RECORDED_FACTOR_PRP_OR_LL_RESULT_AND_NO_ACTIVE_GIMPS_ASSIGNMENT,2026-08-08T14:01:06+00:00,UNALLOCATED,,,,,
SLCMP585-3668,3668,3668,288681227,2^288681227-1,STRUCTURAL_SCREEN_EXHAUSTED_PRIMALITY_UNASSIGNED,GF3A_DIRECTIONAL_WRITE_EXHAUSTED_PRIMALITY_UNASSIGNED,514,512,512,NO_RECORDED_FACTOR_PRP_OR_LL_RESULT_AND_NO_ACTIVE_GIMPS_ASSIGNMENT,2026-08-08T14:01:06+00:00,UNALLOCATED,,,,,
SLCMP585-3669,3669,3669,288681259,2^288681259-1,STRUCTURAL_SCREEN_EXHAUSTED_PRIMALITY_UNASSIGNED,GF3A_DIRECTIONAL_WRITE_EXHAUSTED_PRIMALITY_UNASSIGNED,514,512,512,NO_RECORDED_FACTOR_PRP_OR_LL_RESULT_AND_NO_ACTIVE_GIMPS_ASSIGNMENT,2026-08-08T14:01:06+00:00,UNALLOCATED,,,,,
SLCMP585-3670,3670,3670,288681397,2^288681397-1,STRUCTURAL_SCREEN_EXHAUSTED_PRIMALITY_UNASSIGNED,GF3A_DIRECTIONAL_WRITE_EXHAUSTED_PRIMALITY_UNASSIGNED,513,512,512,NO_RECORDED_FACTOR_PRP_OR_LL_RESULT_AND_NO_ACTIVE_GIMPS_ASSIGNMENT,2026-08-08T14:01:06+00:00,UNALLOCATED,,,,,
SLCMP585-3671,3671,3671,288681469,2^288681469-1,STRUCTURAL_SCREEN_EXHAUSTED_PRIMALITY_UNASSIGNED,GF3A_DIRECTIONAL_WRITE_EXHAUSTED_PRIMALITY_UNASSIGNED,513,512,512,NO_RECORDED_FACTOR_PRP_OR_LL_RESULT_AND_NO_ACTIVE_GIMPS_ASSIGNMENT,2026-08-08T14:01:06+00:00,UNALLOCATED,,,,,
SLCMP585-3672,3672,3672,288681583,2^288681583-1,STRUCTURAL_SCREEN_EXHAUSTED_PRIMALITY_UNASSIGNED,GF3A_DIRECTIONAL_WRITE_EXHAUSTED_PRIMALITY_UNASSIGNED,514,512,512,NO_RECORDED_FACTOR_PRP_OR_LL_RESULT_AND_NO_ACTIVE_GIMPS_ASSIGNMENT,2026-08-08T14:01:06+00:00,UNALLOCATED,,,,,
SLCMP585-3673,3673,3673,288681599,2^288681599-1,STRUCTURAL_SCREEN_EXHAUSTED_PRIMALITY_UNASSIGNED,GF3A_DIRECTIONAL_WRITE_EXHAUSTED_PRIMALITY_UNASSIGNED,514,512,512,NO_RECORDED_FACTOR_PRP_OR_LL_RESULT_AND_NO_ACTIVE_GIMPS_ASSIGNMENT,2026-08-08T14:01:06+00:00,UNALLOCATED,,,,,
SLCMP585-3674,3674,3674,288681623,2^288681623-1,STRUCTURAL_SCREEN_EXHAUSTED_PRIMALITY_UNASSIGNED,GF3A_DIRECTIONAL_WRITE_EXHAUSTED_PRIMALITY_UNASSIGNED,514,512,512,NO_RECORDED_FACTOR_PRP_OR_LL_RESULT_AND_NO_ACTIVE_GIMPS_ASSIGNMENT,2026-08-08T14:01:06+00:00,UNALLOCATED,,,,,
SLCMP585-3675,3675,3675,288681637,2^288681637-1,STRUCTURAL_SCREEN_EXHAUSTED_PRIMALITY_UNASSIGNED,GF3A_DIRECTIONAL_WRITE_EXHAUSTED_PRIMALITY_UNASSIGNED,513,512,512,NO_RECORDED_FACTOR_PRP_OR_LL_RESULT_AND_NO_ACTIVE_GIMPS_ASSIGNMENT,2026-08-08T14:01:06+00:00,UNALLOCATED,,,,,
SLCMP585-3676,3676,3676,288681691,2^288681691-1,STRUCTURAL_SCREEN_EXHAUSTED_PRIMALITY_UNASSIGNED,GF3A_DIRECTIONAL_WRITE_EXHAUSTED_PRIMALITY_UNASSIGNED,514,512,512,NO_RECORDED_FACTOR_PRP_OR_LL_RESULT_AND_NO_ACTIVE_GIMPS_ASSIGNMENT,2026-08-08T14:01:06+00:00,UNALLOCATED,,,,,
SLCMP585-3677,3677,3677,288681773,2^288681773-1,STRUCTURAL_SCREEN_EXHAUSTED_PRIMALITY_UNASSIGNED,GF3A_DIRECTIONAL_WRITE_EXHAUSTED_PRIMALITY_UNASSIGNED,513,512,512,NO_RECORDED_FACTOR_PRP_OR_LL_RESULT_AND_NO_ACTIVE_GIMPS_ASSIGNMENT,2026-08-08T14:01:06+00:00,UNALLOCATED,,,,,
SLCMP585-3678,3678,3678,288681823,2^288681823-1,STRUCTURAL_SCREEN_EXHAUSTED_PRIMALITY_UNASSIGNED,GF3A_DIRECTIONAL_WRITE_EXHAUSTED_PRIMALITY_UNASSIGNED,514,512,512,NO_RECORDED_FACTOR_PRP_OR_LL_RESULT_AND_NO_ACTIVE_GIMPS_ASSIGNMENT,2026-08-08T14:01:06+00:00,UNALLOCATED,,,,,
SLCMP585-3679,3679,3679,288681851,2^288681851-1,STRUCTURAL_SCREEN_EXHAUSTED_PRIMALITY_UNASSIGNED,GF3A_DIRECTIONAL_WRITE_EXHAUSTED_PRIMALITY_UNASSIGNED,514,512,512,NO_RECORDED_FACTOR_PRP_OR_LL_RESULT_AND_NO_ACTIVE_GIMPS_ASSIGNMENT,2026-08-08T14:01:06+00:00,UNALLOCATED,,,,,
SLCMP585-3680,3680,3680,288681857,2^288681857-1,STRUCTURAL_SCREEN_EXHAUSTED_PRIMALITY_UNASSIGNED,GF3A_DIRECTIONAL_WRITE_EXHAUSTED_PRIMALITY_UNASSIGNED,513,512,512,NO_RECORDED_FACTOR_PRP_OR_LL_RESULT_AND_NO_ACTIVE_GIMPS_ASSIGNMENT,2026-08-08T14:01:06+00:00,UNALLOCATED,,,,,
SLCMP585-3681,3681,3681,288681907,2^288681907-1,STRUCTURAL_SCREEN_EXHAUSTED_PRIMALITY_UNASSIGNED,GF3A_DIRECTIONAL_WRITE_EXHAUSTED_PRIMALITY_UNASSIGNED,514,512,512,NO_RECORDED_FACTOR_PRP_OR_LL_RESULT_AND_NO_ACTIVE_GIMPS_ASSIGNMENT,2026-08-08T14:01:06+00:00,UNALLOCATED,,,,,
SLCMP585-3682,3682,3682,288681941,2^288681941-1,STRUCTURAL_SCREEN_EXHAUSTED_PRIMALITY_UNASSIGNED,GF3A_DIRECTIONAL_WRITE_EXHAUSTED_PRIMALITY_UNASSIGNED,513,512,512,NO_RECORDED_FACTOR_PRP_OR_LL_RESULT_AND_NO_ACTIVE_GIMPS_ASSIGNMENT,2026-08-08T14:01:06+00:00,UNALLOCATED,,,,,
SLCMP585-3683,3683,3683,288681997,2^288681997-1,STRUCTURAL_SCREEN_EXHAUSTED_PRIMALITY_UNASSIGNED,GF3A_DIRECTIONAL_WRITE_EXHAUSTED_PRIMALITY_UNASSIGNED,513,512,512,NO_RECORDED_FACTOR_PRP_OR_LL_RESULT_AND_NO_ACTIVE_GIMPS_ASSIGNMENT,2026-08-08T14:01:06+00:00,UNALLOCATED,,,,,
SLCMP585-3684,3684,3684,288682007,2^288682007-1,STRUCTURAL_SCREEN_EXHAUSTED_PRIMALITY_UNASSIGNED,GF3A_DIRECTIONAL_WRITE_EXHAUSTED_PRIMALITY_UNASSIGNED,514,512,512,NO_RECORDED_FACTOR_PRP_OR_LL_RESULT_AND_NO_ACTIVE_GIMPS_ASSIGNMENT,2026-08-08T14:01:06+00:00,UNALLOCATED,,,,,
SLCMP585-3685,3685,3685,288682019,2^288682019-1,STRUCTURAL_SCREEN_EXHAUSTED_PRIMALITY_UNASSIGNED,GF3A_DIRECTIONAL_WRITE_EXHAUSTED_PRIMALITY_UNASSIGNED,514,512,512,NO_RECORDED_FACTOR_PRP_OR_LL_RESULT_AND_NO_ACTIVE_GIMPS_ASSIGNMENT,2026-08-08T14:01:06+00:00,UNALLOCATED,,,,,
SLCMP585-3686,3686,3686,288682081,2^288682081-1,STRUCTURAL_SCREEN_EXHAUSTED_PRIMALITY_UNASSIGNED,GF3A_DIRECTIONAL_WRITE_EXHAUSTED_PRIMALITY_UNASSIGNED,513,512,512,NO_RECORDED_FACTOR_PRP_OR_LL_RESULT_AND_NO_ACTIVE_GIMPS_ASSIGNMENT,2026-08-08T14:01:06+00:00,UNALLOCATED,,,,,
SLCMP585-3687,3687,3687,288682111,2^288682111-1,STRUCTURAL_SCREEN_EXHAUSTED_PRIMALITY_UNASSIGNED,GF3A_DIRECTIONAL_WRITE_EXHAUSTED_PRIMALITY_UNASSIGNED,514,512,512,NO_RECORDED_FACTOR_PRP_OR_LL_RESULT_AND_NO_ACTIVE_GIMPS_ASSIGNMENT,2026-08-08T14:01:06+00:00,UNALLOCATED,,,,,
SLCMP585-3688,3688,3688,288682243,2^288682243-1,STRUCTURAL_SCREEN_EXHAUSTED_PRIMALITY_UNASSIGNED,GF3A_DIRECTIONAL_WRITE_EXHAUSTED_PRIMALITY_UNASSIGNED,514,512,512,NO_RECORDED_FACTOR_PRP_OR_LL_RESULT_AND_NO_ACTIVE_GIMPS_ASSIGNMENT,2026-08-08T14:01:06+00:00,UNALLOCATED,,,,,
SLCMP585-3689,3689,3689,288682301,2^288682301-1,STRUCTURAL_SCREEN_EXHAUSTED_PRIMALITY_UNASSIGNED,GF3A_DIRECTIONAL_WRITE_EXHAUSTED_PRIMALITY_UNASSIGNED,513,512,512,NO_RECORDED_FACTOR_PRP_OR_LL_RESULT_AND_NO_ACTIVE_GIMPS_ASSIGNMENT,2026-08-08T14:01:06+00:00,UNALLOCATED,,,,,
SLCMP585-3690,3690,3690,288682531,2^288682531-1,STRUCTURAL_SCREEN_EXHAUSTED_PRIMALITY_UNASSIGNED,GF3A_DIRECTIONAL_WRITE_EXHAUSTED_PRIMALITY_UNASSIGNED,514,512,512,NO_RECORDED_FACTOR_PRP_OR_LL_RESULT_AND_NO_ACTIVE_GIMPS_ASSIGNMENT,2026-08-08T14:01:06+00:00,UNALLOCATED,,,,,
SLCMP585-3691,3691,3691,288682609,2^288682609-1,STRUCTURAL_SCREEN_EXHAUSTED_PRIMALITY_UNASSIGNED,GF3A_DIRECTIONAL_WRITE_EXHAUSTED_PRIMALITY_UNASSIGNED,513,512,512,NO_RECORDED_FACTOR_PRP_OR_LL_RESULT_AND_NO_ACTIVE_GIMPS_ASSIGNMENT,2026-08-08T14:01:06+00:00,UNALLOCATED,,,,,
SLCMP585-3692,3692,3692,288682631,2^288682631-1,STRUCTURAL_SCREEN_EXHAUSTED_PRIMALITY_UNASSIGNED,GF3A_DIRECTIONAL_WRITE_EXHAUSTED_PRIMALITY_UNASSIGNED,514,512,512,NO_RECORDED_FACTOR_PRP_OR_LL_RESULT_AND_NO_ACTIVE_GIMPS_ASSIGNMENT,2026-08-08T14:01:06+00:00,UNALLOCATED,,,,,
SLCMP585-3693,3693,3693,288682657,2^288682657-1,STRUCTURAL_SCREEN_EXHAUSTED_PRIMALITY_UNASSIGNED,GF3A_DIRECTIONAL_WRITE_EXHAUSTED_PRIMALITY_UNASSIGNED,513,512,512,NO_RECORDED_FACTOR_PRP_OR_LL_RESULT_AND_NO_ACTIVE_GIMPS_ASSIGNMENT,2026-08-08T14:01:06+00:00,UNALLOCATED,,,,,
SLCMP585-3694,3694,3694,288682697,2^288682697-1,STRUCTURAL_SCREEN_EXHAUSTED_PRIMALITY_UNASSIGNED,GF3A_DIRECTIONAL_WRITE_EXHAUSTED_PRIMALITY_UNASSIGNED,513,512,512,NO_RECORDED_FACTOR_PRP_OR_LL_RESULT_AND_NO_ACTIVE_GIMPS_ASSIGNMENT,2026-08-08T14:01:06+00:00,UNALLOCATED,,,,,
SLCMP585-3695,3695,3695,288682741,2^288682741-1,STRUCTURAL_SCREEN_EXHAUSTED_PRIMALITY_UNASSIGNED,GF3A_DIRECTIONAL_WRITE_EXHAUSTED_PRIMALITY_UNASSIGNED,513,512,512,NO_RECORDED_FACTOR_PRP_OR_LL_RESULT_AND_NO_ACTIVE_GIMPS_ASSIGNMENT,2026-08-08T14:01:06+00:00,UNALLOCATED,,,,,
SLCMP585-3696,3696,3696,288682759,2^288682759-1,STRUCTURAL_SCREEN_EXHAUSTED_PRIMALITY_UNASSIGNED,GF3A_DIRECTIONAL_WRITE_EXHAUSTED_PRIMALITY_UNASSIGNED,514,512,512,NO_RECORDED_FACTOR_PRP_OR_LL_RESULT_AND_NO_ACTIVE_GIMPS_ASSIGNMENT,2026-08-08T14:01:06+00:00,UNALLOCATED,,,,,
SLCMP585-3697,3697,3697,288682783,2^288682783-1,STRUCTURAL_SCREEN_EXHAUSTED_PRIMALITY_UNASSIGNED,GF3A_DIRECTIONAL_WRITE_EXHAUSTED_PRIMALITY_UNASSIGNED,514,512,512,NO_RECORDED_FACTOR_PRP_OR_LL_RESULT_AND_NO_ACTIVE_GIMPS_ASSIGNMENT,2026-08-08T14:01:06+00:00,UNALLOCATED,,,,,
SLCMP585-3698,3698,3698,288682813,2^288682813-1,STRUCTURAL_SCREEN_EXHAUSTED_PRIMALITY_UNASSIGNED,GF3A_DIRECTIONAL_WRITE_EXHAUSTED_PRIMALITY_UNASSIGNED,513,512,512,NO_RECORDED_FACTOR_PRP_OR_LL_RESULT_AND_NO_ACTIVE_GIMPS_ASSIGNMENT,2026-08-08T14:01:06+00:00,UNALLOCATED,,,,,
SLCMP585-3699,3699,3699,288682817,2^288682817-1,STRUCTURAL_SCREEN_EXHAUSTED_PRIMALITY_UNASSIGNED,GF3A_DIRECTIONAL_WRITE_EXHAUSTED_PRIMALITY_UNASSIGNED,513,512,512,NO_RECORDED_FACTOR_PRP_OR_LL_RESULT_AND_NO_ACTIVE_GIMPS_ASSIGNMENT,2026-08-08T14:01:06+00:00,UNALLOCATED,,,,,
SLCMP585-3700,3700,3700,288682829,2^288682829-1,STRUCTURAL_SCREEN_EXHAUSTED_PRIMALITY_UNASSIGNED,GF3A_DIRECTIONAL_WRITE_EXHAUSTED_PRIMALITY_UNASSIGNED,513,512,512,NO_RECORDED_FACTOR_PRP_OR_LL_RESULT_AND_NO_ACTIVE_GIMPS_ASSIGNMENT,2026-08-08T14:01:06+00:00,UNALLOCATED,,,,,
SLCMP585-3701,3701,3701,288682949,2^288682949-1,STRUCTURAL_SCREEN_EXHAUSTED_PRIMALITY_UNASSIGNED,GF3A_DIRECTIONAL_WRITE_EXHAUSTED_PRIMALITY_UNASSIGNED,513,512,512,NO_RECORDED_FACTOR_PRP_OR_LL_RESULT_AND_NO_ACTIVE_GIMPS_ASSIGNMENT,2026-08-08T14:01:06+00:00,UNALLOCATED,,,,,
SLCMP585-3702,3702,3702,288682969,2^288682969-1,STRUCTURAL_SCREEN_EXHAUSTED_PRIMALITY_UNASSIGNED,GF3A_DIRECTIONAL_WRITE_EXHAUSTED_PRIMALITY_UNASSIGNED,513,512,512,NO_RECORDED_FACTOR_PRP_OR_LL_RESULT_AND_NO_ACTIVE_GIMPS_ASSIGNMENT,2026-08-08T14:01:06+00:00,UNALLOCATED,,,,,
SLCMP585-3703,3703,3703,288683107,2^288683107-1,STRUCTURAL_SCREEN_EXHAUSTED_PRIMALITY_UNASSIGNED,GF3A_DIRECTIONAL_WRITE_EXHAUSTED_PRIMALITY_UNASSIGNED,514,512,512,NO_RECORDED_FACTOR_PRP_OR_LL_RESULT_AND_NO_ACTIVE_GIMPS_ASSIGNMENT,2026-08-08T14:01:06+00:00,UNALLOCATED,,,,,
SLCMP585-3704,3704,3704,288683113,2^288683113-1,STRUCTURAL_SCREEN_EXHAUSTED_PRIMALITY_UNASSIGNED,GF3A_DIRECTIONAL_WRITE_EXHAUSTED_PRIMALITY_UNASSIGNED,513,512,512,NO_RECORDED_FACTOR_PRP_OR_LL_RESULT_AND_NO_ACTIVE_GIMPS_ASSIGNMENT,2026-08-08T14:01:06+00:00,UNALLOCATED,,,,,
SLCMP585-3705,3705,3705,288683119,2^288683119-1,STRUCTURAL_SCREEN_EXHAUSTED_PRIMALITY_UNASSIGNED,GF3A_DIRECTIONAL_WRITE_EXHAUSTED_PRIMALITY_UNASSIGNED,514,512,512,NO_RECORDED_FACTOR_PRP_OR_LL_RESULT_AND_NO_ACTIVE_GIMPS_ASSIGNMENT,2026-08-08T14:01:06+00:00,UNALLOCATED,,,,,
SLCMP585-3706,3706,3706,288683177,2^288683177-1,STRUCTURAL_SCREEN_EXHAUSTED_PRIMALITY_UNASSIGNED,GF3A_DIRECTIONAL_WRITE_EXHAUSTED_PRIMALITY_UNASSIGNED,513,512,512,NO_RECORDED_FACTOR_PRP_OR_LL_RESULT_AND_NO_ACTIVE_GIMPS_ASSIGNMENT,2026-08-08T14:01:06+00:00,UNALLOCATED,,,,,
SLCMP585-3707,3707,3707,288683221,2^288683221-1,STRUCTURAL_SCREEN_EXHAUSTED_PRIMALITY_UNASSIGNED,GF3A_DIRECTIONAL_WRITE_EXHAUSTED_PRIMALITY_UNASSIGNED,513,512,512,NO_RECORDED_FACTOR_PRP_OR_LL_RESULT_AND_NO_ACTIVE_GIMPS_ASSIGNMENT,2026-08-08T14:01:06+00:00,UNALLOCATED,,,,,
SLCMP585-3708,3708,3708,288683531,2^288683531-1,STRUCTURAL_SCREEN_EXHAUSTED_PRIMALITY_UNASSIGNED,GF3A_DIRECTIONAL_WRITE_EXHAUSTED_PRIMALITY_UNASSIGNED,514,512,512,NO_RECORDED_FACTOR_PRP_OR_LL_RESULT_AND_NO_ACTIVE_GIMPS_ASSIGNMENT,2026-08-08T14:01:06+00:00,UNALLOCATED,,,,,
SLCMP585-3709,3709,3709,288683623,2^288683623-1,STRUCTURAL_SCREEN_EXHAUSTED_PRIMALITY_UNASSIGNED,GF3A_DIRECTIONAL_WRITE_EXHAUSTED_PRIMALITY_UNASSIGNED,514,512,512,NO_RECORDED_FACTOR_PRP_OR_LL_RESULT_AND_NO_ACTIVE_GIMPS_ASSIGNMENT,2026-08-08T14:01:06+00:00,UNALLOCATED,,,,,
SLCMP585-3710,3710,3710,288683627,2^288683627-1,STRUCTURAL_SCREEN_EXHAUSTED_PRIMALITY_UNASSIGNED,GF3A_DIRECTIONAL_WRITE_EXHAUSTED_PRIMALITY_UNASSIGNED,514,512,512,NO_RECORDED_FACTOR_PRP_OR_LL_RESULT_AND_NO_ACTIVE_GIMPS_ASSIGNMENT,2026-08-08T14:01:06+00:00,UNALLOCATED,,,,,
SLCMP585-3711,3711,3711,288683641,2^288683641-1,STRUCTURAL_SCREEN_EXHAUSTED_PRIMALITY_UNASSIGNED,GF3A_DIRECTIONAL_WRITE_EXHAUSTED_PRIMALITY_UNASSIGNED,513,512,512,NO_RECORDED_FACTOR_PRP_OR_LL_RESULT_AND_NO_ACTIVE_GIMPS_ASSIGNMENT,2026-08-08T14:01:06+00:00,UNALLOCATED,,,,,
SLCMP585-3712,3712,3712,288683651,2^288683651-1,STRUCTURAL_SCREEN_EXHAUSTED_PRIMALITY_UNASSIGNED,GF3A_DIRECTIONAL_WRITE_EXHAUSTED_PRIMALITY_UNASSIGNED,514,512,512,NO_RECORDED_FACTOR_PRP_OR_LL_RESULT_AND_NO_ACTIVE_GIMPS_ASSIGNMENT,2026-08-08T14:01:06+00:00,UNALLOCATED,,,,,
SLCMP585-3713,3713,3713,288683653,2^288683653-1,STRUCTURAL_SCREEN_EXHAUSTED_PRIMALITY_UNASSIGNED,GF3A_DIRECTIONAL_WRITE_EXHAUSTED_PRIMALITY_UNASSIGNED,513,512,512,NO_RECORDED_FACTOR_PRP_OR_LL_RESULT_AND_NO_ACTIVE_GIMPS_ASSIGNMENT,2026-08-08T14:01:06+00:00,UNALLOCATED,,,,,
SLCMP585-3714,3714,3714,288683671,2^288683671-1,STRUCTURAL_SCREEN_EXHAUSTED_PRIMALITY_UNASSIGNED,GF3A_DIRECTIONAL_WRITE_EXHAUSTED_PRIMALITY_UNASSIGNED,514,512,512,NO_RECORDED_FACTOR_PRP_OR_LL_RESULT_AND_NO_ACTIVE_GIMPS_ASSIGNMENT,2026-08-08T14:01:06+00:00,UNALLOCATED,,,,,
SLCMP585-3715,3715,3715,288683809,2^288683809-1,STRUCTURAL_SCREEN_EXHAUSTED_PRIMALITY_UNASSIGNED,GF3A_DIRECTIONAL_WRITE_EXHAUSTED_PRIMALITY_UNASSIGNED,513,512,512,NO_RECORDED_FACTOR_PRP_OR_LL_RESULT_AND_NO_ACTIVE_GIMPS_ASSIGNMENT,2026-08-08T14:01:06+00:00,UNALLOCATED,,,,,
SLCMP585-3716,3716,3716,288683849,2^288683849-1,STRUCTURAL_SCREEN_EXHAUSTED_PRIMALITY_UNASSIGNED,GF3A_DIRECTIONAL_WRITE_EXHAUSTED_PRIMALITY_UNASSIGNED,513,512,512,NO_RECORDED_FACTOR_PRP_OR_LL_RESULT_AND_NO_ACTIVE_GIMPS_ASSIGNMENT,2026-08-08T14:01:06+00:00,UNALLOCATED,,,,,
SLCMP585-3717,3717,3717,288683869,2^288683869-1,STRUCTURAL_SCREEN_EXHAUSTED_PRIMALITY_UNASSIGNED,GF3A_DIRECTIONAL_WRITE_EXHAUSTED_PRIMALITY_UNASSIGNED,513,512,512,NO_RECORDED_FACTOR_PRP_OR_LL_RESULT_AND_NO_ACTIVE_GIMPS_ASSIGNMENT,2026-08-08T14:01:06+00:00,UNALLOCATED,,,,,
SLCMP585-3718,3718,3718,288683947,2^288683947-1,STRUCTURAL_SCREEN_EXHAUSTED_PRIMALITY_UNASSIGNED,GF3A_DIRECTIONAL_WRITE_EXHAUSTED_PRIMALITY_UNASSIGNED,514,512,512,NO_RECORDED_FACTOR_PRP_OR_LL_RESULT_AND_NO_ACTIVE_GIMPS_ASSIGNMENT,2026-08-08T14:01:06+00:00,UNALLOCATED,,,,,
SLCMP585-3719,3719,3719,288683977,2^288683977-1,STRUCTURAL_SCREEN_EXHAUSTED_PRIMALITY_UNASSIGNED,GF3A_DIRECTIONAL_WRITE_EXHAUSTED_PRIMALITY_UNASSIGNED,513,512,512,NO_RECORDED_FACTOR_PRP_OR_LL_RESULT_AND_NO_ACTIVE_GIMPS_ASSIGNMENT,2026-08-08T14:01:06+00:00,UNALLOCATED,,,,,
SLCMP585-3720,3720,3720,288683999,2^288683999-1,STRUCTURAL_SCREEN_EXHAUSTED_PRIMALITY_UNASSIGNED,GF3A_DIRECTIONAL_WRITE_EXHAUSTED_PRIMALITY_UNASSIGNED,514,512,512,NO_RECORDED_FACTOR_PRP_OR_LL_RESULT_AND_NO_ACTIVE_GIMPS_ASSIGNMENT,2026-08-08T14:01:06+00:00,UNALLOCATED,,,,,
SLCMP585-3721,3721,3721,288684007,2^288684007-1,STRUCTURAL_SCREEN_EXHAUSTED_PRIMALITY_UNASSIGNED,GF3A_DIRECTIONAL_WRITE_EXHAUSTED_PRIMALITY_UNASSIGNED,514,512,512,NO_RECORDED_FACTOR_PRP_OR_LL_RESULT_AND_NO_ACTIVE_GIMPS_ASSIGNMENT,2026-08-08T14:01:06+00:00,UNALLOCATED,,,,,
SLCMP585-3722,3722,3722,288684113,2^288684113-1,STRUCTURAL_SCREEN_EXHAUSTED_PRIMALITY_UNASSIGNED,GF3A_DIRECTIONAL_WRITE_EXHAUSTED_PRIMALITY_UNASSIGNED,513,512,512,NO_RECORDED_FACTOR_PRP_OR_LL_RESULT_AND_NO_ACTIVE_GIMPS_ASSIGNMENT,2026-08-08T14:01:06+00:00,UNALLOCATED,,,,,
SLCMP585-3723,3723,3723,288684127,2^288684127-1,STRUCTURAL_SCREEN_EXHAUSTED_PRIMALITY_UNASSIGNED,GF3A_DIRECTIONAL_WRITE_EXHAUSTED_PRIMALITY_UNASSIGNED,514,512,512,NO_RECORDED_FACTOR_PRP_OR_LL_RESULT_AND_NO_ACTIVE_GIMPS_ASSIGNMENT,2026-08-08T14:01:06+00:00,UNALLOCATED,,,,,
SLCMP585-3724,3724,3724,288684169,2^288684169-1,STRUCTURAL_SCREEN_EXHAUSTED_PRIMALITY_UNASSIGNED,GF3A_DIRECTIONAL_WRITE_EXHAUSTED_PRIMALITY_UNASSIGNED,513,512,512,NO_RECORDED_FACTOR_PRP_OR_LL_RESULT_AND_NO_ACTIVE_GIMPS_ASSIGNMENT,2026-08-08T14:01:06+00:00,UNALLOCATED,,,,,
SLCMP585-3725,3725,3725,288684229,2^288684229-1,STRUCTURAL_SCREEN_EXHAUSTED_PRIMALITY_UNASSIGNED,GF3A_DIRECTIONAL_WRITE_EXHAUSTED_PRIMALITY_UNASSIGNED,513,512,512,NO_RECORDED_FACTOR_PRP_OR_LL_RESULT_AND_NO_ACTIVE_GIMPS_ASSIGNMENT,2026-08-08T14:01:06+00:00,UNALLOCATED,,,,,
SLCMP585-3726,3726,3726,288684257,2^288684257-1,STRUCTURAL_SCREEN_EXHAUSTED_PRIMALITY_UNASSIGNED,GF3A_DIRECTIONAL_WRITE_EXHAUSTED_PRIMALITY_UNASSIGNED,513,512,512,NO_RECORDED_FACTOR_PRP_OR_LL_RESULT_AND_NO_ACTIVE_GIMPS_ASSIGNMENT,2026-08-08T14:01:06+00:00,UNALLOCATED,,,,,
SLCMP585-3727,3727,3727,288684281,2^288684281-1,STRUCTURAL_SCREEN_EXHAUSTED_PRIMALITY_UNASSIGNED,GF3A_DIRECTIONAL_WRITE_EXHAUSTED_PRIMALITY_UNASSIGNED,513,512,512,NO_RECORDED_FACTOR_PRP_OR_LL_RESULT_AND_NO_ACTIVE_GIMPS_ASSIGNMENT,2026-08-08T14:01:06+00:00,UNALLOCATED,,,,,
SLCMP585-3728,3728,3728,288684313,2^288684313-1,STRUCTURAL_SCREEN_EXHAUSTED_PRIMALITY_UNASSIGNED,GF3A_DIRECTIONAL_WRITE_EXHAUSTED_PRIMALITY_UNASSIGNED,513,512,512,NO_RECORDED_FACTOR_PRP_OR_LL_RESULT_AND_NO_ACTIVE_GIMPS_ASSIGNMENT,2026-08-08T14:01:06+00:00,UNALLOCATED,,,,,
SLCMP585-3729,3729,3729,288684337,2^288684337-1,STRUCTURAL_SCREEN_EXHAUSTED_PRIMALITY_UNASSIGNED,GF3A_DIRECTIONAL_WRITE_EXHAUSTED_PRIMALITY_UNASSIGNED,513,512,512,NO_RECORDED_FACTOR_PRP_OR_LL_RESULT_AND_NO_ACTIVE_GIMPS_ASSIGNMENT,2026-08-08T14:01:06+00:00,UNALLOCATED,,,,,
SLCMP585-3730,3730,3730,288684379,2^288684379-1,STRUCTURAL_SCREEN_EXHAUSTED_PRIMALITY_UNASSIGNED,GF3A_DIRECTIONAL_WRITE_EXHAUSTED_PRIMALITY_UNASSIGNED,514,512,512,NO_RECORDED_FACTOR_PRP_OR_LL_RESULT_AND_NO_ACTIVE_GIMPS_ASSIGNMENT,2026-08-08T14:01:06+00:00,UNALLOCATED,,,,,
SLCMP585-3731,3731,3731,288684421,2^288684421-1,STRUCTURAL_SCREEN_EXHAUSTED_PRIMALITY_UNASSIGNED,GF3A_DIRECTIONAL_WRITE_EXHAUSTED_PRIMALITY_UNASSIGNED,513,512,512,NO_RECORDED_FACTOR_PRP_OR_LL_RESULT_AND_NO_ACTIVE_GIMPS_ASSIGNMENT,2026-08-08T14:01:06+00:00,UNALLOCATED,,,,,
SLCMP585-3732,3732,3732,288684433,2^288684433-1,STRUCTURAL_SCREEN_EXHAUSTED_PRIMALITY_UNASSIGNED,GF3A_DIRECTIONAL_WRITE_EXHAUSTED_PRIMALITY_UNASSIGNED,513,512,512,NO_RECORDED_FACTOR_PRP_OR_LL_RESULT_AND_NO_ACTIVE_GIMPS_ASSIGNMENT,2026-08-08T14:01:06+00:00,UNALLOCATED,,,,,
SLCMP585-3733,3733,3733,288684511,2^288684511-1,STRUCTURAL_SCREEN_EXHAUSTED_PRIMALITY_UNASSIGNED,GF3A_DIRECTIONAL_WRITE_EXHAUSTED_PRIMALITY_UNASSIGNED,514,512,512,NO_RECORDED_FACTOR_PRP_OR_LL_RESULT_AND_NO_ACTIVE_GIMPS_ASSIGNMENT,2026-08-08T14:01:06+00:00,UNALLOCATED,,,,,
SLCMP585-3734,3734,3734,288684521,2^288684521-1,STRUCTURAL_SCREEN_EXHAUSTED_PRIMALITY_UNASSIGNED,GF3A_DIRECTIONAL_WRITE_EXHAUSTED_PRIMALITY_UNASSIGNED,513,512,512,NO_RECORDED_FACTOR_PRP_OR_LL_RESULT_AND_NO_ACTIVE_GIMPS_ASSIGNMENT,2026-08-08T14:01:06+00:00,UNALLOCATED,,,,,
SLCMP585-3735,3735,3735,288684527,2^288684527-1,STRUCTURAL_SCREEN_EXHAUSTED_PRIMALITY_UNASSIGNED,GF3A_DIRECTIONAL_WRITE_EXHAUSTED_PRIMALITY_UNASSIGNED,514,512,512,NO_RECORDED_FACTOR_PRP_OR_LL_RESULT_AND_NO_ACTIVE_GIMPS_ASSIGNMENT,2026-08-08T14:01:06+00:00,UNALLOCATED,,,,,
SLCMP585-3736,3736,3736,288684601,2^288684601-1,STRUCTURAL_SCREEN_EXHAUSTED_PRIMALITY_UNASSIGNED,GF3A_DIRECTIONAL_WRITE_EXHAUSTED_PRIMALITY_UNASSIGNED,513,512,512,NO_RECORDED_FACTOR_PRP_OR_LL_RESULT_AND_NO_ACTIVE_GIMPS_ASSIGNMENT,2026-08-08T14:01:06+00:00,UNALLOCATED,,,,,
SLCMP585-3737,3737,3737,288684607,2^288684607-1,STRUCTURAL_SCREEN_EXHAUSTED_PRIMALITY_UNASSIGNED,GF3A_DIRECTIONAL_WRITE_EXHAUSTED_PRIMALITY_UNASSIGNED,514,512,512,NO_RECORDED_FACTOR_PRP_OR_LL_RESULT_AND_NO_ACTIVE_GIMPS_ASSIGNMENT,2026-08-08T14:01:06+00:00,UNALLOCATED,,,,,
SLCMP585-3738,3738,3738,288684631,2^288684631-1,STRUCTURAL_SCREEN_EXHAUSTED_PRIMALITY_UNASSIGNED,GF3A_DIRECTIONAL_WRITE_EXHAUSTED_PRIMALITY_UNASSIGNED,514,512,512,NO_RECORDED_FACTOR_PRP_OR_LL_RESULT_AND_NO_ACTIVE_GIMPS_ASSIGNMENT,2026-08-08T14:01:06+00:00,UNALLOCATED,,,,,
SLCMP585-3739,3739,3739,288684659,2^288684659-1,STRUCTURAL_SCREEN_EXHAUSTED_PRIMALITY_UNASSIGNED,GF3A_DIRECTIONAL_WRITE_EXHAUSTED_PRIMALITY_UNASSIGNED,514,512,512,NO_RECORDED_FACTOR_PRP_OR_LL_RESULT_AND_NO_ACTIVE_GIMPS_ASSIGNMENT,2026-08-08T14:01:06+00:00,UNALLOCATED,,,,,
SLCMP585-3740,3740,3740,288684713,2^288684713-1,STRUCTURAL_SCREEN_EXHAUSTED_PRIMALITY_UNASSIGNED,GF3A_DIRECTIONAL_WRITE_EXHAUSTED_PRIMALITY_UNASSIGNED,513,512,512,NO_RECORDED_FACTOR_PRP_OR_LL_RESULT_AND_NO_ACTIVE_GIMPS_ASSIGNMENT,2026-08-08T14:01:06+00:00,UNALLOCATED,,,,,
SLCMP585-3741,3741,3741,288684743,2^288684743-1,STRUCTURAL_SCREEN_EXHAUSTED_PRIMALITY_UNASSIGNED,GF3A_DIRECTIONAL_WRITE_EXHAUSTED_PRIMALITY_UNASSIGNED,514,512,512,NO_RECORDED_FACTOR_PRP_OR_LL_RESULT_AND_NO_ACTIVE_GIMPS_ASSIGNMENT,2026-08-08T14:01:06+00:00,UNALLOCATED,,,,,
SLCMP585-3742,3742,3742,288684751,2^288684751-1,STRUCTURAL_SCREEN_EXHAUSTED_PRIMALITY_UNASSIGNED,GF3A_DIRECTIONAL_WRITE_EXHAUSTED_PRIMALITY_UNASSIGNED,514,512,512,NO_RECORDED_FACTOR_PRP_OR_LL_RESULT_AND_NO_ACTIVE_GIMPS_ASSIGNMENT,2026-08-08T14:01:06+00:00,UNALLOCATED,,,,,
SLCMP585-3743,3743,3743,288684779,2^288684779-1,STRUCTURAL_SCREEN_EXHAUSTED_PRIMALITY_UNASSIGNED,GF3A_DIRECTIONAL_WRITE_EXHAUSTED_PRIMALITY_UNASSIGNED,514,512,512,NO_RECORDED_FACTOR_PRP_OR_LL_RESULT_AND_NO_ACTIVE_GIMPS_ASSIGNMENT,2026-08-08T14:01:06+00:00,UNALLOCATED,,,,,
SLCMP585-3744,3744,3744,288684797,2^288684797-1,STRUCTURAL_SCREEN_EXHAUSTED_PRIMALITY_UNASSIGNED,GF3A_DIRECTIONAL_WRITE_EXHAUSTED_PRIMALITY_UNASSIGNED,513,512,512,NO_RECORDED_FACTOR_PRP_OR_LL_RESULT_AND_NO_ACTIVE_GIMPS_ASSIGNMENT,2026-08-08T14:01:06+00:00,UNALLOCATED,,,,,
SLCMP585-3745,3745,3745,288684911,2^288684911-1,STRUCTURAL_SCREEN_EXHAUSTED_PRIMALITY_UNASSIGNED,GF3A_DIRECTIONAL_WRITE_EXHAUSTED_PRIMALITY_UNASSIGNED,514,512,512,NO_RECORDED_FACTOR_PRP_OR_LL_RESULT_AND_NO_ACTIVE_GIMPS_ASSIGNMENT,2026-08-08T14:01:06+00:00,UNALLOCATED,,,,,
SLCMP585-3746,3746,3746,288684919,2^288684919-1,STRUCTURAL_SCREEN_EXHAUSTED_PRIMALITY_UNASSIGNED,GF3A_DIRECTIONAL_WRITE_EXHAUSTED_PRIMALITY_UNASSIGNED,514,512,512,NO_RECORDED_FACTOR_PRP_OR_LL_RESULT_AND_NO_ACTIVE_GIMPS_ASSIGNMENT,2026-08-08T14:01:06+00:00,UNALLOCATED,,,,,
SLCMP585-3747,3747,3747,288685073,2^288685073-1,STRUCTURAL_SCREEN_EXHAUSTED_PRIMALITY_UNASSIGNED,GF3A_DIRECTIONAL_WRITE_EXHAUSTED_PRIMALITY_UNASSIGNED,513,512,512,NO_RECORDED_FACTOR_PRP_OR_LL_RESULT_AND_NO_ACTIVE_GIMPS_ASSIGNMENT,2026-08-08T14:01:06+00:00,UNALLOCATED,,,,,
SLCMP585-3748,3748,3748,288685081,2^288685081-1,STRUCTURAL_SCREEN_EXHAUSTED_PRIMALITY_UNASSIGNED,GF3A_DIRECTIONAL_WRITE_EXHAUSTED_PRIMALITY_UNASSIGNED,513,512,512,NO_RECORDED_FACTOR_PRP_OR_LL_RESULT_AND_NO_ACTIVE_GIMPS_ASSIGNMENT,2026-08-08T14:01:06+00:00,UNALLOCATED,,,,,
SLCMP585-3749,3749,3749,288685249,2^288685249-1,STRUCTURAL_SCREEN_EXHAUSTED_PRIMALITY_UNASSIGNED,GF3A_DIRECTIONAL_WRITE_EXHAUSTED_PRIMALITY_UNASSIGNED,513,512,512,NO_RECORDED_FACTOR_PRP_OR_LL_RESULT_AND_NO_ACTIVE_GIMPS_ASSIGNMENT,2026-08-08T14:01:06+00:00,UNALLOCATED,,,,,
SLCMP585-3750,3750,3750,288685303,2^288685303-1,STRUCTURAL_SCREEN_EXHAUSTED_PRIMALITY_UNASSIGNED,GF3A_DIRECTIONAL_WRITE_EXHAUSTED_PRIMALITY_UNASSIGNED,514,512,512,NO_RECORDED_FACTOR_PRP_OR_LL_RESULT_AND_NO_ACTIVE_GIMPS_ASSIGNMENT,2026-08-08T14:01:06+00:00,UNALLOCATED,,,,,
SLCMP585-3751,3751,3751,288685307,2^288685307-1,STRUCTURAL_SCREEN_EXHAUSTED_PRIMALITY_UNASSIGNED,GF3A_DIRECTIONAL_WRITE_EXHAUSTED_PRIMALITY_UNASSIGNED,514,512,512,NO_RECORDED_FACTOR_PRP_OR_LL_RESULT_AND_NO_ACTIVE_GIMPS_ASSIGNMENT,2026-08-08T14:01:06+00:00,UNALLOCATED,,,,,
SLCMP585-3752,3752,3752,288685349,2^288685349-1,STRUCTURAL_SCREEN_EXHAUSTED_PRIMALITY_UNASSIGNED,GF3A_DIRECTIONAL_WRITE_EXHAUSTED_PRIMALITY_UNASSIGNED,513,512,512,NO_RECORDED_FACTOR_PRP_OR_LL_RESULT_AND_NO_ACTIVE_GIMPS_ASSIGNMENT,2026-08-08T14:01:06+00:00,UNALLOCATED,,,,,
SLCMP585-3753,3753,3753,288685363,2^288685363-1,STRUCTURAL_SCREEN_EXHAUSTED_PRIMALITY_UNASSIGNED,GF3A_DIRECTIONAL_WRITE_EXHAUSTED_PRIMALITY_UNASSIGNED,514,512,512,NO_RECORDED_FACTOR_PRP_OR_LL_RESULT_AND_NO_ACTIVE_GIMPS_ASSIGNMENT,2026-08-08T14:01:06+00:00,UNALLOCATED,,,,,
SLCMP585-3754,3754,3754,288685393,2^288685393-1,STRUCTURAL_SCREEN_EXHAUSTED_PRIMALITY_UNASSIGNED,GF3A_DIRECTIONAL_WRITE_EXHAUSTED_PRIMALITY_UNASSIGNED,513,512,512,NO_RECORDED_FACTOR_PRP_OR_LL_RESULT_AND_NO_ACTIVE_GIMPS_ASSIGNMENT,2026-08-08T14:01:06+00:00,UNALLOCATED,,,,,
SLCMP585-3755,3755,3755,288685409,2^288685409-1,STRUCTURAL_SCREEN_EXHAUSTED_PRIMALITY_UNASSIGNED,GF3A_DIRECTIONAL_WRITE_EXHAUSTED_PRIMALITY_UNASSIGNED,513,512,512,NO_RECORDED_FACTOR_PRP_OR_LL_RESULT_AND_NO_ACTIVE_GIMPS_ASSIGNMENT,2026-08-08T14:01:06+00:00,UNALLOCATED,,,,,
SLCMP585-3756,3756,3756,288685427,2^288685427-1,STRUCTURAL_SCREEN_EXHAUSTED_PRIMALITY_UNASSIGNED,GF3A_DIRECTIONAL_WRITE_EXHAUSTED_PRIMALITY_UNASSIGNED,514,512,512,NO_RECORDED_FACTOR_PRP_OR_LL_RESULT_AND_NO_ACTIVE_GIMPS_ASSIGNMENT,2026-08-08T14:01:06+00:00,UNALLOCATED,,,,,
SLCMP585-3757,3757,3757,288685429,2^288685429-1,STRUCTURAL_SCREEN_EXHAUSTED_PRIMALITY_UNASSIGNED,GF3A_DIRECTIONAL_WRITE_EXHAUSTED_PRIMALITY_UNASSIGNED,513,512,512,NO_RECORDED_FACTOR_PRP_OR_LL_RESULT_AND_NO_ACTIVE_GIMPS_ASSIGNMENT,2026-08-08T14:01:06+00:00,UNALLOCATED,,,,,
SLCMP585-3758,3758,3758,288685447,2^288685447-1,STRUCTURAL_SCREEN_EXHAUSTED_PRIMALITY_UNASSIGNED,GF3A_DIRECTIONAL_WRITE_EXHAUSTED_PRIMALITY_UNASSIGNED,514,512,512,NO_RECORDED_FACTOR_PRP_OR_LL_RESULT_AND_NO_ACTIVE_GIMPS_ASSIGNMENT,2026-08-08T14:01:06+00:00,UNALLOCATED,,,,,
SLCMP585-3759,3759,3759,288685499,2^288685499-1,STRUCTURAL_SCREEN_EXHAUSTED_PRIMALITY_UNASSIGNED,GF3A_DIRECTIONAL_WRITE_EXHAUSTED_PRIMALITY_UNASSIGNED,514,512,512,NO_RECORDED_FACTOR_PRP_OR_LL_RESULT_AND_NO_ACTIVE_GIMPS_ASSIGNMENT,2026-08-08T14:01:06+00:00,UNALLOCATED,,,,,
SLCMP585-3760,3760,3760,288685543,2^288685543-1,STRUCTURAL_SCREEN_EXHAUSTED_PRIMALITY_UNASSIGNED,GF3A_DIRECTIONAL_WRITE_EXHAUSTED_PRIMALITY_UNASSIGNED,514,512,512,NO_RECORDED_FACTOR_PRP_OR_LL_RESULT_AND_NO_ACTIVE_GIMPS_ASSIGNMENT,2026-08-08T14:01:06+00:00,UNALLOCATED,,,,,
SLCMP585-3761,3761,3761,288685559,2^288685559-1,STRUCTURAL_SCREEN_EXHAUSTED_PRIMALITY_UNASSIGNED,GF3A_DIRECTIONAL_WRITE_EXHAUSTED_PRIMALITY_UNASSIGNED,514,512,512,NO_RECORDED_FACTOR_PRP_OR_LL_RESULT_AND_NO_ACTIVE_GIMPS_ASSIGNMENT,2026-08-08T14:01:06+00:00,UNALLOCATED,,,,,
SLCMP585-3762,3762,3762,288685561,2^288685561-1,STRUCTURAL_SCREEN_EXHAUSTED_PRIMALITY_UNASSIGNED,GF3A_DIRECTIONAL_WRITE_EXHAUSTED_PRIMALITY_UNASSIGNED,513,512,512,NO_RECORDED_FACTOR_PRP_OR_LL_RESULT_AND_NO_ACTIVE_GIMPS_ASSIGNMENT,2026-08-08T14:01:06+00:00,UNALLOCATED,,,,,
SLCMP585-3763,3763,3763,288685603,2^288685603-1,STRUCTURAL_SCREEN_EXHAUSTED_PRIMALITY_UNASSIGNED,GF3A_DIRECTIONAL_WRITE_EXHAUSTED_PRIMALITY_UNASSIGNED,514,512,512,NO_RECORDED_FACTOR_PRP_OR_LL_RESULT_AND_NO_ACTIVE_GIMPS_ASSIGNMENT,2026-08-08T14:01:06+00:00,UNALLOCATED,,,,,
SLCMP585-3764,3764,3764,288685741,2^288685741-1,STRUCTURAL_SCREEN_EXHAUSTED_PRIMALITY_UNASSIGNED,GF3A_DIRECTIONAL_WRITE_EXHAUSTED_PRIMALITY_UNASSIGNED,513,512,512,NO_RECORDED_FACTOR_PRP_OR_LL_RESULT_AND_NO_ACTIVE_GIMPS_ASSIGNMENT,2026-08-08T14:01:06+00:00,UNALLOCATED,,,,,
SLCMP585-3765,3765,3765,288685841,2^288685841-1,STRUCTURAL_SCREEN_EXHAUSTED_PRIMALITY_UNASSIGNED,GF3A_DIRECTIONAL_WRITE_EXHAUSTED_PRIMALITY_UNASSIGNED,513,512,512,NO_RECORDED_FACTOR_PRP_OR_LL_RESULT_AND_NO_ACTIVE_GIMPS_ASSIGNMENT,2026-08-08T14:01:06+00:00,UNALLOCATED,,,,,
SLCMP585-3766,3766,3766,288685843,2^288685843-1,STRUCTURAL_SCREEN_EXHAUSTED_PRIMALITY_UNASSIGNED,GF3A_DIRECTIONAL_WRITE_EXHAUSTED_PRIMALITY_UNASSIGNED,514,512,512,NO_RECORDED_FACTOR_PRP_OR_LL_RESULT_AND_NO_ACTIVE_GIMPS_ASSIGNMENT,2026-08-08T14:01:06+00:00,UNALLOCATED,,,,,
SLCMP585-3767,3767,3767,288685909,2^288685909-1,STRUCTURAL_SCREEN_EXHAUSTED_PRIMALITY_UNASSIGNED,GF3A_DIRECTIONAL_WRITE_EXHAUSTED_PRIMALITY_UNASSIGNED,513,512,512,NO_RECORDED_FACTOR_PRP_OR_LL_RESULT_AND_NO_ACTIVE_GIMPS_ASSIGNMENT,2026-08-08T14:01:06+00:00,UNALLOCATED,,,,,
SLCMP585-3768,3768,3768,288685927,2^288685927-1,STRUCTURAL_SCREEN_EXHAUSTED_PRIMALITY_UNASSIGNED,GF3A_DIRECTIONAL_WRITE_EXHAUSTED_PRIMALITY_UNASSIGNED,514,512,512,NO_RECORDED_FACTOR_PRP_OR_LL_RESULT_AND_NO_ACTIVE_GIMPS_ASSIGNMENT,2026-08-08T14:01:06+00:00,UNALLOCATED,,,,,
SLCMP585-3769,3769,3769,288685931,2^288685931-1,STRUCTURAL_SCREEN_EXHAUSTED_PRIMALITY_UNASSIGNED,GF3A_DIRECTIONAL_WRITE_EXHAUSTED_PRIMALITY_UNASSIGNED,514,512,512,NO_RECORDED_FACTOR_PRP_OR_LL_RESULT_AND_NO_ACTIVE_GIMPS_ASSIGNMENT,2026-08-08T14:01:06+00:00,UNALLOCATED,,,,,
SLCMP585-3770,3770,3770,288685939,2^288685939-1,STRUCTURAL_SCREEN_EXHAUSTED_PRIMALITY_UNASSIGNED,GF3A_DIRECTIONAL_WRITE_EXHAUSTED_PRIMALITY_UNASSIGNED,514,512,512,NO_RECORDED_FACTOR_PRP_OR_LL_RESULT_AND_NO_ACTIVE_GIMPS_ASSIGNMENT,2026-08-08T14:01:06+00:00,UNALLOCATED,,,,,
SLCMP585-3771,3771,3771,288686011,2^288686011-1,STRUCTURAL_SCREEN_EXHAUSTED_PRIMALITY_UNASSIGNED,GF3A_DIRECTIONAL_WRITE_EXHAUSTED_PRIMALITY_UNASSIGNED,514,512,512,NO_RECORDED_FACTOR_PRP_OR_LL_RESULT_AND_NO_ACTIVE_GIMPS_ASSIGNMENT,2026-08-08T14:01:06+00:00,UNALLOCATED,,,,,
SLCMP585-3772,3772,3772,288686023,2^288686023-1,STRUCTURAL_SCREEN_EXHAUSTED_PRIMALITY_UNASSIGNED,GF3A_DIRECTIONAL_WRITE_EXHAUSTED_PRIMALITY_UNASSIGNED,514,512,512,NO_RECORDED_FACTOR_PRP_OR_LL_RESULT_AND_NO_ACTIVE_GIMPS_ASSIGNMENT,2026-08-08T14:01:06+00:00,UNALLOCATED,,,,,
SLCMP585-3773,3773,3773,288686033,2^288686033-1,STRUCTURAL_SCREEN_EXHAUSTED_PRIMALITY_UNASSIGNED,GF3A_DIRECTIONAL_WRITE_EXHAUSTED_PRIMALITY_UNASSIGNED,513,512,512,NO_RECORDED_FACTOR_PRP_OR_LL_RESULT_AND_NO_ACTIVE_GIMPS_ASSIGNMENT,2026-08-08T14:01:06+00:00,UNALLOCATED,,,,,
SLCMP585-3774,3774,3774,288686081,2^288686081-1,STRUCTURAL_SCREEN_EXHAUSTED_PRIMALITY_UNASSIGNED,GF3A_DIRECTIONAL_WRITE_EXHAUSTED_PRIMALITY_UNASSIGNED,513,512,512,NO_RECORDED_FACTOR_PRP_OR_LL_RESULT_AND_NO_ACTIVE_GIMPS_ASSIGNMENT,2026-08-08T14:01:06+00:00,UNALLOCATED,,,,,
SLCMP585-3775,3775,3775,288686137,2^288686137-1,STRUCTURAL_SCREEN_EXHAUSTED_PRIMALITY_UNASSIGNED,GF3A_DIRECTIONAL_WRITE_EXHAUSTED_PRIMALITY_UNASSIGNED,513,512,512,NO_RECORDED_FACTOR_PRP_OR_LL_RESULT_AND_NO_ACTIVE_GIMPS_ASSIGNMENT,2026-08-08T14:01:06+00:00,UNALLOCATED,,,,,
SLCMP585-3776,3776,3776,288686149,2^288686149-1,STRUCTURAL_SCREEN_EXHAUSTED_PRIMALITY_UNASSIGNED,GF3A_DIRECTIONAL_WRITE_EXHAUSTED_PRIMALITY_UNASSIGNED,513,512,512,NO_RECORDED_FACTOR_PRP_OR_LL_RESULT_AND_NO_ACTIVE_GIMPS_ASSIGNMENT,2026-08-08T14:01:06+00:00,UNALLOCATED,,,,,
SLCMP585-3777,3777,3777,288686243,2^288686243-1,STRUCTURAL_SCREEN_EXHAUSTED_PRIMALITY_UNASSIGNED,GF3A_DIRECTIONAL_WRITE_EXHAUSTED_PRIMALITY_UNASSIGNED,514,512,512,NO_RECORDED_FACTOR_PRP_OR_LL_RESULT_AND_NO_ACTIVE_GIMPS_ASSIGNMENT,2026-08-08T14:01:06+00:00,UNALLOCATED,,,,,
SLCMP585-3778,3778,3778,288686249,2^288686249-1,STRUCTURAL_SCREEN_EXHAUSTED_PRIMALITY_UNASSIGNED,GF3A_DIRECTIONAL_WRITE_EXHAUSTED_PRIMALITY_UNASSIGNED,513,512,512,NO_RECORDED_FACTOR_PRP_OR_LL_RESULT_AND_NO_ACTIVE_GIMPS_ASSIGNMENT,2026-08-08T14:01:06+00:00,UNALLOCATED,,,,,
SLCMP585-3779,3779,3779,288686269,2^288686269-1,STRUCTURAL_SCREEN_EXHAUSTED_PRIMALITY_UNASSIGNED,GF3A_DIRECTIONAL_WRITE_EXHAUSTED_PRIMALITY_UNASSIGNED,513,512,512,NO_RECORDED_FACTOR_PRP_OR_LL_RESULT_AND_NO_ACTIVE_GIMPS_ASSIGNMENT,2026-08-08T14:01:06+00:00,UNALLOCATED,,,,,
SLCMP585-3780,3780,3780,288686341,2^288686341-1,STRUCTURAL_SCREEN_EXHAUSTED_PRIMALITY_UNASSIGNED,GF3A_DIRECTIONAL_WRITE_EXHAUSTED_PRIMALITY_UNASSIGNED,513,512,512,NO_RECORDED_FACTOR_PRP_OR_LL_RESULT_AND_NO_ACTIVE_GIMPS_ASSIGNMENT,2026-08-08T14:01:06+00:00,UNALLOCATED,,,,,
SLCMP585-3781,3781,3781,288686491,2^288686491-1,STRUCTURAL_SCREEN_EXHAUSTED_PRIMALITY_UNASSIGNED,GF3A_DIRECTIONAL_WRITE_EXHAUSTED_PRIMALITY_UNASSIGNED,514,512,512,NO_RECORDED_FACTOR_PRP_OR_LL_RESULT_AND_NO_ACTIVE_GIMPS_ASSIGNMENT,2026-08-08T14:01:06+00:00,UNALLOCATED,,,,,
SLCMP585-3782,3782,3782,288686527,2^288686527-1,STRUCTURAL_SCREEN_EXHAUSTED_PRIMALITY_UNASSIGNED,GF3A_DIRECTIONAL_WRITE_EXHAUSTED_PRIMALITY_UNASSIGNED,514,512,512,NO_RECORDED_FACTOR_PRP_OR_LL_RESULT_AND_NO_ACTIVE_GIMPS_ASSIGNMENT,2026-08-08T14:01:06+00:00,UNALLOCATED,,,,,
SLCMP585-3783,3783,3783,288686599,2^288686599-1,STRUCTURAL_SCREEN_EXHAUSTED_PRIMALITY_UNASSIGNED,GF3A_DIRECTIONAL_WRITE_EXHAUSTED_PRIMALITY_UNASSIGNED,514,512,512,NO_RECORDED_FACTOR_PRP_OR_LL_RESULT_AND_NO_ACTIVE_GIMPS_ASSIGNMENT,2026-08-08T14:01:06+00:00,UNALLOCATED,,,,,
SLCMP585-3784,3784,3784,288686623,2^288686623-1,STRUCTURAL_SCREEN_EXHAUSTED_PRIMALITY_UNASSIGNED,GF3A_DIRECTIONAL_WRITE_EXHAUSTED_PRIMALITY_UNASSIGNED,514,512,512,NO_RECORDED_FACTOR_PRP_OR_LL_RESULT_AND_NO_ACTIVE_GIMPS_ASSIGNMENT,2026-08-08T14:01:06+00:00,UNALLOCATED,,,,,
SLCMP585-3785,3785,3785,288686641,2^288686641-1,STRUCTURAL_SCREEN_EXHAUSTED_PRIMALITY_UNASSIGNED,GF3A_DIRECTIONAL_WRITE_EXHAUSTED_PRIMALITY_UNASSIGNED,513,512,512,NO_RECORDED_FACTOR_PRP_OR_LL_RESULT_AND_NO_ACTIVE_GIMPS_ASSIGNMENT,2026-08-08T14:01:06+00:00,UNALLOCATED,,,,,
SLCMP585-3786,3786,3786,288686693,2^288686693-1,STRUCTURAL_SCREEN_EXHAUSTED_PRIMALITY_UNASSIGNED,GF3A_DIRECTIONAL_WRITE_EXHAUSTED_PRIMALITY_UNASSIGNED,513,512,512,NO_RECORDED_FACTOR_PRP_OR_LL_RESULT_AND_NO_ACTIVE_GIMPS_ASSIGNMENT,2026-08-08T14:01:06+00:00,UNALLOCATED,,,,,
SLCMP585-3787,3787,3787,288686773,2^288686773-1,STRUCTURAL_SCREEN_EXHAUSTED_PRIMALITY_UNASSIGNED,GF3A_DIRECTIONAL_WRITE_EXHAUSTED_PRIMALITY_UNASSIGNED,513,512,512,NO_RECORDED_FACTOR_PRP_OR_LL_RESULT_AND_NO_ACTIVE_GIMPS_ASSIGNMENT,2026-08-08T14:01:06+00:00,UNALLOCATED,,,,,
SLCMP585-3788,3788,3788,288686803,2^288686803-1,STRUCTURAL_SCREEN_EXHAUSTED_PRIMALITY_UNASSIGNED,GF3A_DIRECTIONAL_WRITE_EXHAUSTED_PRIMALITY_UNASSIGNED,514,512,512,NO_RECORDED_FACTOR_PRP_OR_LL_RESULT_AND_NO_ACTIVE_GIMPS_ASSIGNMENT,2026-08-08T14:01:06+00:00,UNALLOCATED,,,,,
SLCMP585-3789,3789,3789,288686819,2^288686819-1,STRUCTURAL_SCREEN_EXHAUSTED_PRIMALITY_UNASSIGNED,GF3A_DIRECTIONAL_WRITE_EXHAUSTED_PRIMALITY_UNASSIGNED,514,512,512,NO_RECORDED_FACTOR_PRP_OR_LL_RESULT_AND_NO_ACTIVE_GIMPS_ASSIGNMENT,2026-08-08T14:01:06+00:00,UNALLOCATED,,,,,
SLCMP585-3790,3790,3790,288686861,2^288686861-1,STRUCTURAL_SCREEN_EXHAUSTED_PRIMALITY_UNASSIGNED,GF3A_DIRECTIONAL_WRITE_EXHAUSTED_PRIMALITY_UNASSIGNED,513,512,512,NO_RECORDED_FACTOR_PRP_OR_LL_RESULT_AND_NO_ACTIVE_GIMPS_ASSIGNMENT,2026-08-08T14:01:06+00:00,UNALLOCATED,,,,,
SLCMP585-3791,3791,3791,288686903,2^288686903-1,STRUCTURAL_SCREEN_EXHAUSTED_PRIMALITY_UNASSIGNED,GF3A_DIRECTIONAL_WRITE_EXHAUSTED_PRIMALITY_UNASSIGNED,514,512,512,NO_RECORDED_FACTOR_PRP_OR_LL_RESULT_AND_NO_ACTIVE_GIMPS_ASSIGNMENT,2026-08-08T14:01:06+00:00,UNALLOCATED,,,,,
SLCMP585-3792,3792,3792,288686921,2^288686921-1,STRUCTURAL_SCREEN_EXHAUSTED_PRIMALITY_UNASSIGNED,GF3A_DIRECTIONAL_WRITE_EXHAUSTED_PRIMALITY_UNASSIGNED,513,512,512,NO_RECORDED_FACTOR_PRP_OR_LL_RESULT_AND_NO_ACTIVE_GIMPS_ASSIGNMENT,2026-08-08T14:01:06+00:00,UNALLOCATED,,,,,
SLCMP585-3793,3793,3793,288686933,2^288686933-1,STRUCTURAL_SCREEN_EXHAUSTED_PRIMALITY_UNASSIGNED,GF3A_DIRECTIONAL_WRITE_EXHAUSTED_PRIMALITY_UNASSIGNED,513,512,512,NO_RECORDED_FACTOR_PRP_OR_LL_RESULT_AND_NO_ACTIVE_GIMPS_ASSIGNMENT,2026-08-08T14:01:06+00:00,UNALLOCATED,,,,,
SLCMP585-3794,3794,3794,288686939,2^288686939-1,STRUCTURAL_SCREEN_EXHAUSTED_PRIMALITY_UNASSIGNED,GF3A_DIRECTIONAL_WRITE_EXHAUSTED_PRIMALITY_UNASSIGNED,514,512,512,NO_RECORDED_FACTOR_PRP_OR_LL_RESULT_AND_NO_ACTIVE_GIMPS_ASSIGNMENT,2026-08-08T14:01:06+00:00,UNALLOCATED,,,,,
SLCMP585-3795,3795,3795,288687001,2^288687001-1,STRUCTURAL_SCREEN_EXHAUSTED_PRIMALITY_UNASSIGNED,GF3A_DIRECTIONAL_WRITE_EXHAUSTED_PRIMALITY_UNASSIGNED,513,512,512,NO_RECORDED_FACTOR_PRP_OR_LL_RESULT_AND_NO_ACTIVE_GIMPS_ASSIGNMENT,2026-08-08T14:01:06+00:00,UNALLOCATED,,,,,
SLCMP585-3796,3796,3796,288687037,2^288687037-1,STRUCTURAL_SCREEN_EXHAUSTED_PRIMALITY_UNASSIGNED,GF3A_DIRECTIONAL_WRITE_EXHAUSTED_PRIMALITY_UNASSIGNED,513,512,512,NO_RECORDED_FACTOR_PRP_OR_LL_RESULT_AND_NO_ACTIVE_GIMPS_ASSIGNMENT,2026-08-08T14:01:06+00:00,UNALLOCATED,,,,,
SLCMP585-3797,3797,3797,288687071,2^288687071-1,STRUCTURAL_SCREEN_EXHAUSTED_PRIMALITY_UNASSIGNED,GF3A_DIRECTIONAL_WRITE_EXHAUSTED_PRIMALITY_UNASSIGNED,514,512,512,NO_RECORDED_FACTOR_PRP_OR_LL_RESULT_AND_NO_ACTIVE_GIMPS_ASSIGNMENT,2026-08-08T14:01:06+00:00,UNALLOCATED,,,,,
SLCMP585-3798,3798,3798,288687239,2^288687239-1,STRUCTURAL_SCREEN_EXHAUSTED_PRIMALITY_UNASSIGNED,GF3A_DIRECTIONAL_WRITE_EXHAUSTED_PRIMALITY_UNASSIGNED,514,512,512,NO_RECORDED_FACTOR_PRP_OR_LL_RESULT_AND_NO_ACTIVE_GIMPS_ASSIGNMENT,2026-08-08T14:01:06+00:00,UNALLOCATED,,,,,
SLCMP585-3799,3799,3799,288687281,2^288687281-1,STRUCTURAL_SCREEN_EXHAUSTED_PRIMALITY_UNASSIGNED,GF3A_DIRECTIONAL_WRITE_EXHAUSTED_PRIMALITY_UNASSIGNED,513,512,512,NO_RECORDED_FACTOR_PRP_OR_LL_RESULT_AND_NO_ACTIVE_GIMPS_ASSIGNMENT,2026-08-08T14:01:06+00:00,UNALLOCATED,,,,,
SLCMP585-3800,3800,3800,288687401,2^288687401-1,STRUCTURAL_SCREEN_EXHAUSTED_PRIMALITY_UNASSIGNED,GF3A_DIRECTIONAL_WRITE_EXHAUSTED_PRIMALITY_UNASSIGNED,513,512,512,NO_RECORDED_FACTOR_PRP_OR_LL_RESULT_AND_NO_ACTIVE_GIMPS_ASSIGNMENT,2026-08-08T14:01:06+00:00,UNALLOCATED,,,,,
SLCMP585-3801,3801,3801,288687433,2^288687433-1,STRUCTURAL_SCREEN_EXHAUSTED_PRIMALITY_UNASSIGNED,GF3A_DIRECTIONAL_WRITE_EXHAUSTED_PRIMALITY_UNASSIGNED,513,512,512,NO_RECORDED_FACTOR_PRP_OR_LL_RESULT_AND_NO_ACTIVE_GIMPS_ASSIGNMENT,2026-08-08T14:01:06+00:00,UNALLOCATED,,,,,
SLCMP585-3802,3802,3802,288687499,2^288687499-1,STRUCTURAL_SCREEN_EXHAUSTED_PRIMALITY_UNASSIGNED,GF3A_DIRECTIONAL_WRITE_EXHAUSTED_PRIMALITY_UNASSIGNED,514,512,512,NO_RECORDED_FACTOR_PRP_OR_LL_RESULT_AND_NO_ACTIVE_GIMPS_ASSIGNMENT,2026-08-08T14:01:06+00:00,UNALLOCATED,,,,,
SLCMP585-3803,3803,3803,288687521,2^288687521-1,STRUCTURAL_SCREEN_EXHAUSTED_PRIMALITY_UNASSIGNED,GF3A_DIRECTIONAL_WRITE_EXHAUSTED_PRIMALITY_UNASSIGNED,513,512,512,NO_RECORDED_FACTOR_PRP_OR_LL_RESULT_AND_NO_ACTIVE_GIMPS_ASSIGNMENT,2026-08-08T14:01:06+00:00,UNALLOCATED,,,,,
SLCMP585-3804,3804,3804,288687613,2^288687613-1,STRUCTURAL_SCREEN_EXHAUSTED_PRIMALITY_UNASSIGNED,GF3A_DIRECTIONAL_WRITE_EXHAUSTED_PRIMALITY_UNASSIGNED,513,512,512,NO_RECORDED_FACTOR_PRP_OR_LL_RESULT_AND_NO_ACTIVE_GIMPS_ASSIGNMENT,2026-08-08T14:01:06+00:00,UNALLOCATED,,,,,
SLCMP585-3805,3805,3805,288687631,2^288687631-1,STRUCTURAL_SCREEN_EXHAUSTED_PRIMALITY_UNASSIGNED,GF3A_DIRECTIONAL_WRITE_EXHAUSTED_PRIMALITY_UNASSIGNED,514,512,512,NO_RECORDED_FACTOR_PRP_OR_LL_RESULT_AND_NO_ACTIVE_GIMPS_ASSIGNMENT,2026-08-08T14:01:06+00:00,UNALLOCATED,,,,,
SLCMP585-3806,3806,3806,288687673,2^288687673-1,STRUCTURAL_SCREEN_EXHAUSTED_PRIMALITY_UNASSIGNED,GF3A_DIRECTIONAL_WRITE_EXHAUSTED_PRIMALITY_UNASSIGNED,513,512,512,NO_RECORDED_FACTOR_PRP_OR_LL_RESULT_AND_NO_ACTIVE_GIMPS_ASSIGNMENT,2026-08-08T14:01:06+00:00,UNALLOCATED,,,,,
SLCMP585-3807,3807,3807,288687731,2^288687731-1,STRUCTURAL_SCREEN_EXHAUSTED_PRIMALITY_UNASSIGNED,GF3A_DIRECTIONAL_WRITE_EXHAUSTED_PRIMALITY_UNASSIGNED,514,512,512,NO_RECORDED_FACTOR_PRP_OR_LL_RESULT_AND_NO_ACTIVE_GIMPS_ASSIGNMENT,2026-08-08T14:01:06+00:00,UNALLOCATED,,,,,
SLCMP585-3808,3808,3808,288687781,2^288687781-1,STRUCTURAL_SCREEN_EXHAUSTED_PRIMALITY_UNASSIGNED,GF3A_DIRECTIONAL_WRITE_EXHAUSTED_PRIMALITY_UNASSIGNED,513,512,512,NO_RECORDED_FACTOR_PRP_OR_LL_RESULT_AND_NO_ACTIVE_GIMPS_ASSIGNMENT,2026-08-08T14:01:06+00:00,UNALLOCATED,,,,,
SLCMP585-3809,3809,3809,288687793,2^288687793-1,STRUCTURAL_SCREEN_EXHAUSTED_PRIMALITY_UNASSIGNED,GF3A_DIRECTIONAL_WRITE_EXHAUSTED_PRIMALITY_UNASSIGNED,513,512,512,NO_RECORDED_FACTOR_PRP_OR_LL_RESULT_AND_NO_ACTIVE_GIMPS_ASSIGNMENT,2026-08-08T14:01:06+00:00,UNALLOCATED,,,,,
SLCMP585-3810,3810,3810,288687887,2^288687887-1,STRUCTURAL_SCREEN_EXHAUSTED_PRIMALITY_UNASSIGNED,GF3A_DIRECTIONAL_WRITE_EXHAUSTED_PRIMALITY_UNASSIGNED,514,512,512,NO_RECORDED_FACTOR_PRP_OR_LL_RESULT_AND_NO_ACTIVE_GIMPS_ASSIGNMENT,2026-08-08T14:01:06+00:00,UNALLOCATED,,,,,
SLCMP585-3811,3811,3811,288688007,2^288688007-1,STRUCTURAL_SCREEN_EXHAUSTED_PRIMALITY_UNASSIGNED,GF3A_DIRECTIONAL_WRITE_EXHAUSTED_PRIMALITY_UNASSIGNED,514,512,512,NO_RECORDED_FACTOR_PRP_OR_LL_RESULT_AND_NO_ACTIVE_GIMPS_ASSIGNMENT,2026-08-08T14:01:06+00:00,UNALLOCATED,,,,,
SLCMP585-3812,3812,3812,288688039,2^288688039-1,STRUCTURAL_SCREEN_EXHAUSTED_PRIMALITY_UNASSIGNED,GF3A_DIRECTIONAL_WRITE_EXHAUSTED_PRIMALITY_UNASSIGNED,514,512,512,NO_RECORDED_FACTOR_PRP_OR_LL_RESULT_AND_NO_ACTIVE_GIMPS_ASSIGNMENT,2026-08-08T14:01:06+00:00,UNALLOCATED,,,,,
SLCMP585-3813,3813,3813,288688129,2^288688129-1,STRUCTURAL_SCREEN_EXHAUSTED_PRIMALITY_UNASSIGNED,GF3A_DIRECTIONAL_WRITE_EXHAUSTED_PRIMALITY_UNASSIGNED,513,512,512,NO_RECORDED_FACTOR_PRP_OR_LL_RESULT_AND_NO_ACTIVE_GIMPS_ASSIGNMENT,2026-08-08T14:01:06+00:00,UNALLOCATED,,,,,
SLCMP585-3814,3814,3814,288688217,2^288688217-1,STRUCTURAL_SCREEN_EXHAUSTED_PRIMALITY_UNASSIGNED,GF3A_DIRECTIONAL_WRITE_EXHAUSTED_PRIMALITY_UNASSIGNED,513,512,512,NO_RECORDED_FACTOR_PRP_OR_LL_RESULT_AND_NO_ACTIVE_GIMPS_ASSIGNMENT,2026-08-08T14:01:06+00:00,UNALLOCATED,,,,,
SLCMP585-3815,3815,3815,288688259,2^288688259-1,STRUCTURAL_SCREEN_EXHAUSTED_PRIMALITY_UNASSIGNED,GF3A_DIRECTIONAL_WRITE_EXHAUSTED_PRIMALITY_UNASSIGNED,514,512,512,NO_RECORDED_FACTOR_PRP_OR_LL_RESULT_AND_NO_ACTIVE_GIMPS_ASSIGNMENT,2026-08-08T14:01:06+00:00,UNALLOCATED,,,,,
SLCMP585-3816,3816,3816,288688273,2^288688273-1,STRUCTURAL_SCREEN_EXHAUSTED_PRIMALITY_UNASSIGNED,GF3A_DIRECTIONAL_WRITE_EXHAUSTED_PRIMALITY_UNASSIGNED,513,512,512,NO_RECORDED_FACTOR_PRP_OR_LL_RESULT_AND_NO_ACTIVE_GIMPS_ASSIGNMENT,2026-08-08T14:01:06+00:00,UNALLOCATED,,,,,
SLCMP585-3817,3817,3817,288688363,2^288688363-1,STRUCTURAL_SCREEN_EXHAUSTED_PRIMALITY_UNASSIGNED,GF3A_DIRECTIONAL_WRITE_EXHAUSTED_PRIMALITY_UNASSIGNED,514,512,512,NO_RECORDED_FACTOR_PRP_OR_LL_RESULT_AND_NO_ACTIVE_GIMPS_ASSIGNMENT,2026-08-08T14:01:06+00:00,UNALLOCATED,,,,,
SLCMP585-3818,3818,3818,288688559,2^288688559-1,STRUCTURAL_SCREEN_EXHAUSTED_PRIMALITY_UNASSIGNED,GF3A_DIRECTIONAL_WRITE_EXHAUSTED_PRIMALITY_UNASSIGNED,514,512,512,NO_RECORDED_FACTOR_PRP_OR_LL_RESULT_AND_NO_ACTIVE_GIMPS_ASSIGNMENT,2026-08-08T14:01:06+00:00,UNALLOCATED,,,,,
SLCMP585-3819,3819,3819,288688579,2^288688579-1,STRUCTURAL_SCREEN_EXHAUSTED_PRIMALITY_UNASSIGNED,GF3A_DIRECTIONAL_WRITE_EXHAUSTED_PRIMALITY_UNASSIGNED,514,512,512,NO_RECORDED_FACTOR_PRP_OR_LL_RESULT_AND_NO_ACTIVE_GIMPS_ASSIGNMENT,2026-08-08T14:01:06+00:00,UNALLOCATED,,,,,
SLCMP585-3820,3820,3820,288688607,2^288688607-1,STRUCTURAL_SCREEN_EXHAUSTED_PRIMALITY_UNASSIGNED,GF3A_DIRECTIONAL_WRITE_EXHAUSTED_PRIMALITY_UNASSIGNED,514,512,512,NO_RECORDED_FACTOR_PRP_OR_LL_RESULT_AND_NO_ACTIVE_GIMPS_ASSIGNMENT,2026-08-08T14:01:06+00:00,UNALLOCATED,,,,,
SLCMP585-3821,3821,3821,288688637,2^288688637-1,STRUCTURAL_SCREEN_EXHAUSTED_PRIMALITY_UNASSIGNED,GF3A_DIRECTIONAL_WRITE_EXHAUSTED_PRIMALITY_UNASSIGNED,513,512,512,NO_RECORDED_FACTOR_PRP_OR_LL_RESULT_AND_NO_ACTIVE_GIMPS_ASSIGNMENT,2026-08-08T14:01:06+00:00,UNALLOCATED,,,,,
SLCMP585-3822,3822,3822,288688651,2^288688651-1,STRUCTURAL_SCREEN_EXHAUSTED_PRIMALITY_UNASSIGNED,GF3A_DIRECTIONAL_WRITE_EXHAUSTED_PRIMALITY_UNASSIGNED,514,512,512,NO_RECORDED_FACTOR_PRP_OR_LL_RESULT_AND_NO_ACTIVE_GIMPS_ASSIGNMENT,2026-08-08T14:01:06+00:00,UNALLOCATED,,,,,
SLCMP585-3823,3823,3823,288688739,2^288688739-1,STRUCTURAL_SCREEN_EXHAUSTED_PRIMALITY_UNASSIGNED,GF3A_DIRECTIONAL_WRITE_EXHAUSTED_PRIMALITY_UNASSIGNED,514,512,512,NO_RECORDED_FACTOR_PRP_OR_LL_RESULT_AND_NO_ACTIVE_GIMPS_ASSIGNMENT,2026-08-08T14:01:06+00:00,UNALLOCATED,,,,,
SLCMP585-3824,3824,3824,288688759,2^288688759-1,STRUCTURAL_SCREEN_EXHAUSTED_PRIMALITY_UNASSIGNED,GF3A_DIRECTIONAL_WRITE_EXHAUSTED_PRIMALITY_UNASSIGNED,514,512,512,NO_RECORDED_FACTOR_PRP_OR_LL_RESULT_AND_NO_ACTIVE_GIMPS_ASSIGNMENT,2026-08-08T14:01:06+00:00,UNALLOCATED,,,,,
SLCMP585-3825,3825,3825,288688787,2^288688787-1,STRUCTURAL_SCREEN_EXHAUSTED_PRIMALITY_UNASSIGNED,GF3A_DIRECTIONAL_WRITE_EXHAUSTED_PRIMALITY_UNASSIGNED,514,512,512,NO_RECORDED_FACTOR_PRP_OR_LL_RESULT_AND_NO_ACTIVE_GIMPS_ASSIGNMENT,2026-08-08T14:01:06+00:00,UNALLOCATED,,,,,
SLCMP585-3826,3826,3826,288688819,2^288688819-1,STRUCTURAL_SCREEN_EXHAUSTED_PRIMALITY_UNASSIGNED,GF3A_DIRECTIONAL_WRITE_EXHAUSTED_PRIMALITY_UNASSIGNED,514,512,512,NO_RECORDED_FACTOR_PRP_OR_LL_RESULT_AND_NO_ACTIVE_GIMPS_ASSIGNMENT,2026-08-08T14:01:06+00:00,UNALLOCATED,,,,,
SLCMP585-3827,3827,3827,288688867,2^288688867-1,STRUCTURAL_SCREEN_EXHAUSTED_PRIMALITY_UNASSIGNED,GF3A_DIRECTIONAL_WRITE_EXHAUSTED_PRIMALITY_UNASSIGNED,514,512,512,NO_RECORDED_FACTOR_PRP_OR_LL_RESULT_AND_NO_ACTIVE_GIMPS_ASSIGNMENT,2026-08-08T14:01:06+00:00,UNALLOCATED,,,,,
SLCMP585-3828,3828,3828,288688891,2^288688891-1,STRUCTURAL_SCREEN_EXHAUSTED_PRIMALITY_UNASSIGNED,GF3A_DIRECTIONAL_WRITE_EXHAUSTED_PRIMALITY_UNASSIGNED,514,512,512,NO_RECORDED_FACTOR_PRP_OR_LL_RESULT_AND_NO_ACTIVE_GIMPS_ASSIGNMENT,2026-08-08T14:01:06+00:00,UNALLOCATED,,,,,
SLCMP585-3829,3829,3829,288688919,2^288688919-1,STRUCTURAL_SCREEN_EXHAUSTED_PRIMALITY_UNASSIGNED,GF3A_DIRECTIONAL_WRITE_EXHAUSTED_PRIMALITY_UNASSIGNED,514,512,512,NO_RECORDED_FACTOR_PRP_OR_LL_RESULT_AND_NO_ACTIVE_GIMPS_ASSIGNMENT,2026-08-08T14:01:06+00:00,UNALLOCATED,,,,,
SLCMP585-3830,3830,3830,288688921,2^288688921-1,STRUCTURAL_SCREEN_EXHAUSTED_PRIMALITY_UNASSIGNED,GF3A_DIRECTIONAL_WRITE_EXHAUSTED_PRIMALITY_UNASSIGNED,513,512,512,NO_RECORDED_FACTOR_PRP_OR_LL_RESULT_AND_NO_ACTIVE_GIMPS_ASSIGNMENT,2026-08-08T14:01:06+00:00,UNALLOCATED,,,,,
SLCMP585-3831,3831,3831,288688937,2^288688937-1,STRUCTURAL_SCREEN_EXHAUSTED_PRIMALITY_UNASSIGNED,GF3A_DIRECTIONAL_WRITE_EXHAUSTED_PRIMALITY_UNASSIGNED,513,512,512,NO_RECORDED_FACTOR_PRP_OR_LL_RESULT_AND_NO_ACTIVE_GIMPS_ASSIGNMENT,2026-08-08T14:01:06+00:00,UNALLOCATED,,,,,
SLCMP585-3832,3832,3832,288688949,2^288688949-1,STRUCTURAL_SCREEN_EXHAUSTED_PRIMALITY_UNASSIGNED,GF3A_DIRECTIONAL_WRITE_EXHAUSTED_PRIMALITY_UNASSIGNED,513,512,512,NO_RECORDED_FACTOR_PRP_OR_LL_RESULT_AND_NO_ACTIVE_GIMPS_ASSIGNMENT,2026-08-08T14:01:06+00:00,UNALLOCATED,,,,,
SLCMP585-3833,3833,3833,288688991,2^288688991-1,STRUCTURAL_SCREEN_EXHAUSTED_PRIMALITY_UNASSIGNED,GF3A_DIRECTIONAL_WRITE_EXHAUSTED_PRIMALITY_UNASSIGNED,514,512,512,NO_RECORDED_FACTOR_PRP_OR_LL_RESULT_AND_NO_ACTIVE_GIMPS_ASSIGNMENT,2026-08-08T14:01:06+00:00,UNALLOCATED,,,,,
SLCMP585-3834,3834,3834,288689029,2^288689029-1,STRUCTURAL_SCREEN_EXHAUSTED_PRIMALITY_UNASSIGNED,GF3A_DIRECTIONAL_WRITE_EXHAUSTED_PRIMALITY_UNASSIGNED,513,512,512,NO_RECORDED_FACTOR_PRP_OR_LL_RESULT_AND_NO_ACTIVE_GIMPS_ASSIGNMENT,2026-08-08T14:01:06+00:00,UNALLOCATED,,,,,
SLCMP585-3835,3835,3835,288689117,2^288689117-1,STRUCTURAL_SCREEN_EXHAUSTED_PRIMALITY_UNASSIGNED,GF3A_DIRECTIONAL_WRITE_EXHAUSTED_PRIMALITY_UNASSIGNED,513,512,512,NO_RECORDED_FACTOR_PRP_OR_LL_RESULT_AND_NO_ACTIVE_GIMPS_ASSIGNMENT,2026-08-08T14:01:06+00:00,UNALLOCATED,,,,,
SLCMP585-3836,3836,3836,288689197,2^288689197-1,STRUCTURAL_SCREEN_EXHAUSTED_PRIMALITY_UNASSIGNED,GF3A_DIRECTIONAL_WRITE_EXHAUSTED_PRIMALITY_UNASSIGNED,513,512,512,NO_RECORDED_FACTOR_PRP_OR_LL_RESULT_AND_NO_ACTIVE_GIMPS_ASSIGNMENT,2026-08-08T14:01:06+00:00,UNALLOCATED,,,,,
SLCMP585-3837,3837,3837,288689213,2^288689213-1,STRUCTURAL_SCREEN_EXHAUSTED_PRIMALITY_UNASSIGNED,GF3A_DIRECTIONAL_WRITE_EXHAUSTED_PRIMALITY_UNASSIGNED,513,512,512,NO_RECORDED_FACTOR_PRP_OR_LL_RESULT_AND_NO_ACTIVE_GIMPS_ASSIGNMENT,2026-08-08T14:01:06+00:00,UNALLOCATED,,,,,
SLCMP585-3838,3838,3838,288689221,2^288689221-1,STRUCTURAL_SCREEN_EXHAUSTED_PRIMALITY_UNASSIGNED,GF3A_DIRECTIONAL_WRITE_EXHAUSTED_PRIMALITY_UNASSIGNED,513,512,512,NO_RECORDED_FACTOR_PRP_OR_LL_RESULT_AND_NO_ACTIVE_GIMPS_ASSIGNMENT,2026-08-08T14:01:06+00:00,UNALLOCATED,,,,,
SLCMP585-3839,3839,3839,288689347,2^288689347-1,STRUCTURAL_SCREEN_EXHAUSTED_PRIMALITY_UNASSIGNED,GF3A_DIRECTIONAL_WRITE_EXHAUSTED_PRIMALITY_UNASSIGNED,514,512,512,NO_RECORDED_FACTOR_PRP_OR_LL_RESULT_AND_NO_ACTIVE_GIMPS_ASSIGNMENT,2026-08-08T14:01:06+00:00,UNALLOCATED,,,,,
SLCMP585-3840,3840,3840,288689413,2^288689413-1,STRUCTURAL_SCREEN_EXHAUSTED_PRIMALITY_UNASSIGNED,GF3A_DIRECTIONAL_WRITE_EXHAUSTED_PRIMALITY_UNASSIGNED,513,512,512,NO_RECORDED_FACTOR_PRP_OR_LL_RESULT_AND_NO_ACTIVE_GIMPS_ASSIGNMENT,2026-08-08T14:01:06+00:00,UNALLOCATED,,,,,
SLCMP585-3841,3841,3841,288689497,2^288689497-1,STRUCTURAL_SCREEN_EXHAUSTED_PRIMALITY_UNASSIGNED,GF3A_DIRECTIONAL_WRITE_EXHAUSTED_PRIMALITY_UNASSIGNED,513,512,512,NO_RECORDED_FACTOR_PRP_OR_LL_RESULT_AND_NO_ACTIVE_GIMPS_ASSIGNMENT,2026-08-08T14:01:06+00:00,UNALLOCATED,,,,,
SLCMP585-3842,3842,3842,288689561,2^288689561-1,STRUCTURAL_SCREEN_EXHAUSTED_PRIMALITY_UNASSIGNED,GF3A_DIRECTIONAL_WRITE_EXHAUSTED_PRIMALITY_UNASSIGNED,513,512,512,NO_RECORDED_FACTOR_PRP_OR_LL_RESULT_AND_NO_ACTIVE_GIMPS_ASSIGNMENT,2026-08-08T14:01:06+00:00,UNALLOCATED,,,,,
SLCMP585-3843,3843,3843,288689579,2^288689579-1,STRUCTURAL_SCREEN_EXHAUSTED_PRIMALITY_UNASSIGNED,GF3A_DIRECTIONAL_WRITE_EXHAUSTED_PRIMALITY_UNASSIGNED,514,512,512,NO_RECORDED_FACTOR_PRP_OR_LL_RESULT_AND_NO_ACTIVE_GIMPS_ASSIGNMENT,2026-08-08T14:01:06+00:00,UNALLOCATED,,,,,
SLCMP585-3844,3844,3844,288689581,2^288689581-1,STRUCTURAL_SCREEN_EXHAUSTED_PRIMALITY_UNASSIGNED,GF3A_DIRECTIONAL_WRITE_EXHAUSTED_PRIMALITY_UNASSIGNED,513,512,512,NO_RECORDED_FACTOR_PRP_OR_LL_RESULT_AND_NO_ACTIVE_GIMPS_ASSIGNMENT,2026-08-08T14:01:06+00:00,UNALLOCATED,,,,,
SLCMP585-3845,3845,3845,288689617,2^288689617-1,STRUCTURAL_SCREEN_EXHAUSTED_PRIMALITY_UNASSIGNED,GF3A_DIRECTIONAL_WRITE_EXHAUSTED_PRIMALITY_UNASSIGNED,513,512,512,NO_RECORDED_FACTOR_PRP_OR_LL_RESULT_AND_NO_ACTIVE_GIMPS_ASSIGNMENT,2026-08-08T14:01:06+00:00,UNALLOCATED,,,,,
SLCMP585-3846,3846,3846,288689623,2^288689623-1,STRUCTURAL_SCREEN_EXHAUSTED_PRIMALITY_UNASSIGNED,GF3A_DIRECTIONAL_WRITE_EXHAUSTED_PRIMALITY_UNASSIGNED,514,512,512,NO_RECORDED_FACTOR_PRP_OR_LL_RESULT_AND_NO_ACTIVE_GIMPS_ASSIGNMENT,2026-08-08T14:01:06+00:00,UNALLOCATED,,,,,
SLCMP585-3847,3847,3847,288689633,2^288689633-1,STRUCTURAL_SCREEN_EXHAUSTED_PRIMALITY_UNASSIGNED,GF3A_DIRECTIONAL_WRITE_EXHAUSTED_PRIMALITY_UNASSIGNED,513,512,512,NO_RECORDED_FACTOR_PRP_OR_LL_RESULT_AND_NO_ACTIVE_GIMPS_ASSIGNMENT,2026-08-08T14:01:06+00:00,UNALLOCATED,,,,,
SLCMP585-3848,3848,3848,288689717,2^288689717-1,STRUCTURAL_SCREEN_EXHAUSTED_PRIMALITY_UNASSIGNED,GF3A_DIRECTIONAL_WRITE_EXHAUSTED_PRIMALITY_UNASSIGNED,513,512,512,NO_RECORDED_FACTOR_PRP_OR_LL_RESULT_AND_NO_ACTIVE_GIMPS_ASSIGNMENT,2026-08-08T14:01:06+00:00,UNALLOCATED,,,,,
SLCMP585-3849,3849,3849,288689893,2^288689893-1,STRUCTURAL_SCREEN_EXHAUSTED_PRIMALITY_UNASSIGNED,GF3A_DIRECTIONAL_WRITE_EXHAUSTED_PRIMALITY_UNASSIGNED,513,512,512,NO_RECORDED_FACTOR_PRP_OR_LL_RESULT_AND_NO_ACTIVE_GIMPS_ASSIGNMENT,2026-08-08T14:01:06+00:00,UNALLOCATED,,,,,
SLCMP585-3850,3850,3850,288690037,2^288690037-1,STRUCTURAL_SCREEN_EXHAUSTED_PRIMALITY_UNASSIGNED,GF3A_DIRECTIONAL_WRITE_EXHAUSTED_PRIMALITY_UNASSIGNED,513,512,512,NO_RECORDED_FACTOR_PRP_OR_LL_RESULT_AND_NO_ACTIVE_GIMPS_ASSIGNMENT,2026-08-08T14:01:06+00:00,UNALLOCATED,,,,,
SLCMP585-3851,3851,3851,288690049,2^288690049-1,STRUCTURAL_SCREEN_EXHAUSTED_PRIMALITY_UNASSIGNED,GF3A_DIRECTIONAL_WRITE_EXHAUSTED_PRIMALITY_UNASSIGNED,513,512,512,NO_RECORDED_FACTOR_PRP_OR_LL_RESULT_AND_NO_ACTIVE_GIMPS_ASSIGNMENT,2026-08-08T14:01:06+00:00,UNALLOCATED,,,,,
SLCMP585-3852,3852,3852,288690091,2^288690091-1,STRUCTURAL_SCREEN_EXHAUSTED_PRIMALITY_UNASSIGNED,GF3A_DIRECTIONAL_WRITE_EXHAUSTED_PRIMALITY_UNASSIGNED,514,512,512,NO_RECORDED_FACTOR_PRP_OR_LL_RESULT_AND_NO_ACTIVE_GIMPS_ASSIGNMENT,2026-08-08T14:01:06+00:00,UNALLOCATED,,,,,
SLCMP585-3853,3853,3853,288690349,2^288690349-1,STRUCTURAL_SCREEN_EXHAUSTED_PRIMALITY_UNASSIGNED,GF3A_DIRECTIONAL_WRITE_EXHAUSTED_PRIMALITY_UNASSIGNED,513,512,512,NO_RECORDED_FACTOR_PRP_OR_LL_RESULT_AND_NO_ACTIVE_GIMPS_ASSIGNMENT,2026-08-08T14:01:06+00:00,UNALLOCATED,,,,,
SLCMP585-3854,3854,3854,288690359,2^288690359-1,STRUCTURAL_SCREEN_EXHAUSTED_PRIMALITY_UNASSIGNED,GF3A_DIRECTIONAL_WRITE_EXHAUSTED_PRIMALITY_UNASSIGNED,514,512,512,NO_RECORDED_FACTOR_PRP_OR_LL_RESULT_AND_NO_ACTIVE_GIMPS_ASSIGNMENT,2026-08-08T14:01:06+00:00,UNALLOCATED,,,,,
SLCMP585-3855,3855,3855,288690401,2^288690401-1,STRUCTURAL_SCREEN_EXHAUSTED_PRIMALITY_UNASSIGNED,GF3A_DIRECTIONAL_WRITE_EXHAUSTED_PRIMALITY_UNASSIGNED,513,512,512,NO_RECORDED_FACTOR_PRP_OR_LL_RESULT_AND_NO_ACTIVE_GIMPS_ASSIGNMENT,2026-08-08T14:01:06+00:00,UNALLOCATED,,,,,
SLCMP585-3856,3856,3856,288690461,2^288690461-1,STRUCTURAL_SCREEN_EXHAUSTED_PRIMALITY_UNASSIGNED,GF3A_DIRECTIONAL_WRITE_EXHAUSTED_PRIMALITY_UNASSIGNED,513,512,512,NO_RECORDED_FACTOR_PRP_OR_LL_RESULT_AND_NO_ACTIVE_GIMPS_ASSIGNMENT,2026-08-08T14:01:06+00:00,UNALLOCATED,,,,,
SLCMP585-3857,3857,3857,288690509,2^288690509-1,STRUCTURAL_SCREEN_EXHAUSTED_PRIMALITY_UNASSIGNED,GF3A_DIRECTIONAL_WRITE_EXHAUSTED_PRIMALITY_UNASSIGNED,513,512,512,NO_RECORDED_FACTOR_PRP_OR_LL_RESULT_AND_NO_ACTIVE_GIMPS_ASSIGNMENT,2026-08-08T14:01:06+00:00,UNALLOCATED,,,,,
SLCMP585-3858,3858,3858,288690529,2^288690529-1,STRUCTURAL_SCREEN_EXHAUSTED_PRIMALITY_UNASSIGNED,GF3A_DIRECTIONAL_WRITE_EXHAUSTED_PRIMALITY_UNASSIGNED,513,512,512,NO_RECORDED_FACTOR_PRP_OR_LL_RESULT_AND_NO_ACTIVE_GIMPS_ASSIGNMENT,2026-08-08T14:01:06+00:00,UNALLOCATED,,,,,
SLCMP585-3859,3859,3859,288690607,2^288690607-1,STRUCTURAL_SCREEN_EXHAUSTED_PRIMALITY_UNASSIGNED,GF3A_DIRECTIONAL_WRITE_EXHAUSTED_PRIMALITY_UNASSIGNED,514,512,512,NO_RECORDED_FACTOR_PRP_OR_LL_RESULT_AND_NO_ACTIVE_GIMPS_ASSIGNMENT,2026-08-08T14:01:06+00:00,UNALLOCATED,,,,,
SLCMP585-3860,3860,3860,288690697,2^288690697-1,STRUCTURAL_SCREEN_EXHAUSTED_PRIMALITY_UNASSIGNED,GF3A_DIRECTIONAL_WRITE_EXHAUSTED_PRIMALITY_UNASSIGNED,513,512,512,NO_RECORDED_FACTOR_PRP_OR_LL_RESULT_AND_NO_ACTIVE_GIMPS_ASSIGNMENT,2026-08-08T14:01:06+00:00,UNALLOCATED,,,,,
SLCMP585-3861,3861,3861,288690749,2^288690749-1,STRUCTURAL_SCREEN_EXHAUSTED_PRIMALITY_UNASSIGNED,GF3A_DIRECTIONAL_WRITE_EXHAUSTED_PRIMALITY_UNASSIGNED,513,512,512,NO_RECORDED_FACTOR_PRP_OR_LL_RESULT_AND_NO_ACTIVE_GIMPS_ASSIGNMENT,2026-08-08T14:01:06+00:00,UNALLOCATED,,,,,
SLCMP585-3862,3862,3862,288690763,2^288690763-1,STRUCTURAL_SCREEN_EXHAUSTED_PRIMALITY_UNASSIGNED,GF3A_DIRECTIONAL_WRITE_EXHAUSTED_PRIMALITY_UNASSIGNED,514,512,512,NO_RECORDED_FACTOR_PRP_OR_LL_RESULT_AND_NO_ACTIVE_GIMPS_ASSIGNMENT,2026-08-08T14:01:06+00:00,UNALLOCATED,,,,,
SLCMP585-3863,3863,3863,288690797,2^288690797-1,STRUCTURAL_SCREEN_EXHAUSTED_PRIMALITY_UNASSIGNED,GF3A_DIRECTIONAL_WRITE_EXHAUSTED_PRIMALITY_UNASSIGNED,513,512,512,NO_RECORDED_FACTOR_PRP_OR_LL_RESULT_AND_NO_ACTIVE_GIMPS_ASSIGNMENT,2026-08-08T14:01:06+00:00,UNALLOCATED,,,,,
SLCMP585-3864,3864,3864,288690823,2^288690823-1,STRUCTURAL_SCREEN_EXHAUSTED_PRIMALITY_UNASSIGNED,GF3A_DIRECTIONAL_WRITE_EXHAUSTED_PRIMALITY_UNASSIGNED,514,512,512,NO_RECORDED_FACTOR_PRP_OR_LL_RESULT_AND_NO_ACTIVE_GIMPS_ASSIGNMENT,2026-08-08T14:01:06+00:00,UNALLOCATED,,,,,
SLCMP585-3865,3865,3865,288690839,2^288690839-1,STRUCTURAL_SCREEN_EXHAUSTED_PRIMALITY_UNASSIGNED,GF3A_DIRECTIONAL_WRITE_EXHAUSTED_PRIMALITY_UNASSIGNED,514,512,512,NO_RECORDED_FACTOR_PRP_OR_LL_RESULT_AND_NO_ACTIVE_GIMPS_ASSIGNMENT,2026-08-08T14:01:06+00:00,UNALLOCATED,,,,,
SLCMP585-3866,3866,3866,288690877,2^288690877-1,STRUCTURAL_SCREEN_EXHAUSTED_PRIMALITY_UNASSIGNED,GF3A_DIRECTIONAL_WRITE_EXHAUSTED_PRIMALITY_UNASSIGNED,513,512,512,NO_RECORDED_FACTOR_PRP_OR_LL_RESULT_AND_NO_ACTIVE_GIMPS_ASSIGNMENT,2026-08-08T14:01:06+00:00,UNALLOCATED,,,,,
SLCMP585-3867,3867,3867,288690937,2^288690937-1,STRUCTURAL_SCREEN_EXHAUSTED_PRIMALITY_UNASSIGNED,GF3A_DIRECTIONAL_WRITE_EXHAUSTED_PRIMALITY_UNASSIGNED,513,512,512,NO_RECORDED_FACTOR_PRP_OR_LL_RESULT_AND_NO_ACTIVE_GIMPS_ASSIGNMENT,2026-08-08T14:01:06+00:00,UNALLOCATED,,,,,
SLCMP585-3868,3868,3868,288690977,2^288690977-1,STRUCTURAL_SCREEN_EXHAUSTED_PRIMALITY_UNASSIGNED,GF3A_DIRECTIONAL_WRITE_EXHAUSTED_PRIMALITY_UNASSIGNED,513,512,512,NO_RECORDED_FACTOR_PRP_OR_LL_RESULT_AND_NO_ACTIVE_GIMPS_ASSIGNMENT,2026-08-08T14:01:06+00:00,UNALLOCATED,,,,,
SLCMP585-3869,3869,3869,288691001,2^288691001-1,STRUCTURAL_SCREEN_EXHAUSTED_PRIMALITY_UNASSIGNED,GF3A_DIRECTIONAL_WRITE_EXHAUSTED_PRIMALITY_UNASSIGNED,513,512,512,NO_RECORDED_FACTOR_PRP_OR_LL_RESULT_AND_NO_ACTIVE_GIMPS_ASSIGNMENT,2026-08-08T14:01:06+00:00,UNALLOCATED,,,,,
SLCMP585-3870,3870,3870,288691097,2^288691097-1,STRUCTURAL_SCREEN_EXHAUSTED_PRIMALITY_UNASSIGNED,GF3A_DIRECTIONAL_WRITE_EXHAUSTED_PRIMALITY_UNASSIGNED,513,512,512,NO_RECORDED_FACTOR_PRP_OR_LL_RESULT_AND_NO_ACTIVE_GIMPS_ASSIGNMENT,2026-08-08T14:01:06+00:00,UNALLOCATED,,,,,
SLCMP585-3871,3871,3871,288691153,2^288691153-1,STRUCTURAL_SCREEN_EXHAUSTED_PRIMALITY_UNASSIGNED,GF3A_DIRECTIONAL_WRITE_EXHAUSTED_PRIMALITY_UNASSIGNED,513,512,512,NO_RECORDED_FACTOR_PRP_OR_LL_RESULT_AND_NO_ACTIVE_GIMPS_ASSIGNMENT,2026-08-08T14:01:06+00:00,UNALLOCATED,,,,,
SLCMP585-3872,3872,3872,288691213,2^288691213-1,STRUCTURAL_SCREEN_EXHAUSTED_PRIMALITY_UNASSIGNED,GF3A_DIRECTIONAL_WRITE_EXHAUSTED_PRIMALITY_UNASSIGNED,513,512,512,NO_RECORDED_FACTOR_PRP_OR_LL_RESULT_AND_NO_ACTIVE_GIMPS_ASSIGNMENT,2026-08-08T14:01:06+00:00,UNALLOCATED,,,,,
SLCMP585-3873,3873,3873,288691219,2^288691219-1,STRUCTURAL_SCREEN_EXHAUSTED_PRIMALITY_UNASSIGNED,GF3A_DIRECTIONAL_WRITE_EXHAUSTED_PRIMALITY_UNASSIGNED,514,512,512,NO_RECORDED_FACTOR_PRP_OR_LL_RESULT_AND_NO_ACTIVE_GIMPS_ASSIGNMENT,2026-08-08T14:01:06+00:00,UNALLOCATED,,,,,
SLCMP585-3874,3874,3874,288691231,2^288691231-1,STRUCTURAL_SCREEN_EXHAUSTED_PRIMALITY_UNASSIGNED,GF3A_DIRECTIONAL_WRITE_EXHAUSTED_PRIMALITY_UNASSIGNED,514,512,512,NO_RECORDED_FACTOR_PRP_OR_LL_RESULT_AND_NO_ACTIVE_GIMPS_ASSIGNMENT,2026-08-08T14:01:06+00:00,UNALLOCATED,,,,,
SLCMP585-3875,3875,3875,288691261,2^288691261-1,STRUCTURAL_SCREEN_EXHAUSTED_PRIMALITY_UNASSIGNED,GF3A_DIRECTIONAL_WRITE_EXHAUSTED_PRIMALITY_UNASSIGNED,513,512,512,NO_RECORDED_FACTOR_PRP_OR_LL_RESULT_AND_NO_ACTIVE_GIMPS_ASSIGNMENT,2026-08-08T14:01:06+00:00,UNALLOCATED,,,,,
SLCMP585-3876,3876,3876,288691357,2^288691357-1,STRUCTURAL_SCREEN_EXHAUSTED_PRIMALITY_UNASSIGNED,GF3A_DIRECTIONAL_WRITE_EXHAUSTED_PRIMALITY_UNASSIGNED,513,512,512,NO_RECORDED_FACTOR_PRP_OR_LL_RESULT_AND_NO_ACTIVE_GIMPS_ASSIGNMENT,2026-08-08T14:01:06+00:00,UNALLOCATED,,,,,
SLCMP585-3877,3877,3877,288691493,2^288691493-1,STRUCTURAL_SCREEN_EXHAUSTED_PRIMALITY_UNASSIGNED,GF3A_DIRECTIONAL_WRITE_EXHAUSTED_PRIMALITY_UNASSIGNED,513,512,512,NO_RECORDED_FACTOR_PRP_OR_LL_RESULT_AND_NO_ACTIVE_GIMPS_ASSIGNMENT,2026-08-08T14:01:06+00:00,UNALLOCATED,,,,,
SLCMP585-3878,3878,3878,288691541,2^288691541-1,STRUCTURAL_SCREEN_EXHAUSTED_PRIMALITY_UNASSIGNED,GF3A_DIRECTIONAL_WRITE_EXHAUSTED_PRIMALITY_UNASSIGNED,513,512,512,NO_RECORDED_FACTOR_PRP_OR_LL_RESULT_AND_NO_ACTIVE_GIMPS_ASSIGNMENT,2026-08-08T14:01:06+00:00,UNALLOCATED,,,,,
SLCMP585-3879,3879,3879,288691573,2^288691573-1,STRUCTURAL_SCREEN_EXHAUSTED_PRIMALITY_UNASSIGNED,GF3A_DIRECTIONAL_WRITE_EXHAUSTED_PRIMALITY_UNASSIGNED,513,512,512,NO_RECORDED_FACTOR_PRP_OR_LL_RESULT_AND_NO_ACTIVE_GIMPS_ASSIGNMENT,2026-08-08T14:01:06+00:00,UNALLOCATED,,,,,
SLCMP585-3880,3880,3880,288691621,2^288691621-1,STRUCTURAL_SCREEN_EXHAUSTED_PRIMALITY_UNASSIGNED,GF3A_DIRECTIONAL_WRITE_EXHAUSTED_PRIMALITY_UNASSIGNED,513,512,512,NO_RECORDED_FACTOR_PRP_OR_LL_RESULT_AND_NO_ACTIVE_GIMPS_ASSIGNMENT,2026-08-08T14:01:06+00:00,UNALLOCATED,,,,,
SLCMP585-3881,3881,3881,288691639,2^288691639-1,STRUCTURAL_SCREEN_EXHAUSTED_PRIMALITY_UNASSIGNED,GF3A_DIRECTIONAL_WRITE_EXHAUSTED_PRIMALITY_UNASSIGNED,514,512,512,NO_RECORDED_FACTOR_PRP_OR_LL_RESULT_AND_NO_ACTIVE_GIMPS_ASSIGNMENT,2026-08-08T14:01:06+00:00,UNALLOCATED,,,,,
SLCMP585-3882,3882,3882,288691709,2^288691709-1,STRUCTURAL_SCREEN_EXHAUSTED_PRIMALITY_UNASSIGNED,GF3A_DIRECTIONAL_WRITE_EXHAUSTED_PRIMALITY_UNASSIGNED,513,512,512,NO_RECORDED_FACTOR_PRP_OR_LL_RESULT_AND_NO_ACTIVE_GIMPS_ASSIGNMENT,2026-08-08T14:01:06+00:00,UNALLOCATED,,,,,
SLCMP585-3883,3883,3883,288691867,2^288691867-1,STRUCTURAL_SCREEN_EXHAUSTED_PRIMALITY_UNASSIGNED,GF3A_DIRECTIONAL_WRITE_EXHAUSTED_PRIMALITY_UNASSIGNED,514,512,512,NO_RECORDED_FACTOR_PRP_OR_LL_RESULT_AND_NO_ACTIVE_GIMPS_ASSIGNMENT,2026-08-08T14:01:06+00:00,UNALLOCATED,,,,,
SLCMP585-3884,3884,3884,288691957,2^288691957-1,STRUCTURAL_SCREEN_EXHAUSTED_PRIMALITY_UNASSIGNED,GF3A_DIRECTIONAL_WRITE_EXHAUSTED_PRIMALITY_UNASSIGNED,513,512,512,NO_RECORDED_FACTOR_PRP_OR_LL_RESULT_AND_NO_ACTIVE_GIMPS_ASSIGNMENT,2026-08-08T14:01:06+00:00,UNALLOCATED,,,,,
SLCMP585-3885,3885,3885,288691967,2^288691967-1,STRUCTURAL_SCREEN_EXHAUSTED_PRIMALITY_UNASSIGNED,GF3A_DIRECTIONAL_WRITE_EXHAUSTED_PRIMALITY_UNASSIGNED,514,512,512,NO_RECORDED_FACTOR_PRP_OR_LL_RESULT_AND_NO_ACTIVE_GIMPS_ASSIGNMENT,2026-08-08T14:01:06+00:00,UNALLOCATED,,,,,
SLCMP585-3886,3886,3886,288692083,2^288692083-1,STRUCTURAL_SCREEN_EXHAUSTED_PRIMALITY_UNASSIGNED,GF3A_DIRECTIONAL_WRITE_EXHAUSTED_PRIMALITY_UNASSIGNED,514,512,512,NO_RECORDED_FACTOR_PRP_OR_LL_RESULT_AND_NO_ACTIVE_GIMPS_ASSIGNMENT,2026-08-08T14:01:06+00:00,UNALLOCATED,,,,,
SLCMP585-3887,3887,3887,288692123,2^288692123-1,STRUCTURAL_SCREEN_EXHAUSTED_PRIMALITY_UNASSIGNED,GF3A_DIRECTIONAL_WRITE_EXHAUSTED_PRIMALITY_UNASSIGNED,514,512,512,NO_RECORDED_FACTOR_PRP_OR_LL_RESULT_AND_NO_ACTIVE_GIMPS_ASSIGNMENT,2026-08-08T14:01:06+00:00,UNALLOCATED,,,,,
SLCMP585-3888,3888,3888,288692233,2^288692233-1,STRUCTURAL_SCREEN_EXHAUSTED_PRIMALITY_UNASSIGNED,GF3A_DIRECTIONAL_WRITE_EXHAUSTED_PRIMALITY_UNASSIGNED,513,512,512,NO_RECORDED_FACTOR_PRP_OR_LL_RESULT_AND_NO_ACTIVE_GIMPS_ASSIGNMENT,2026-08-08T14:01:06+00:00,UNALLOCATED,,,,,
SLCMP585-3889,3889,3889,288692333,2^288692333-1,STRUCTURAL_SCREEN_EXHAUSTED_PRIMALITY_UNASSIGNED,GF3A_DIRECTIONAL_WRITE_EXHAUSTED_PRIMALITY_UNASSIGNED,513,512,512,NO_RECORDED_FACTOR_PRP_OR_LL_RESULT_AND_NO_ACTIVE_GIMPS_ASSIGNMENT,2026-08-08T14:01:06+00:00,UNALLOCATED,,,,,
SLCMP585-3890,3890,3890,288692387,2^288692387-1,STRUCTURAL_SCREEN_EXHAUSTED_PRIMALITY_UNASSIGNED,GF3A_DIRECTIONAL_WRITE_EXHAUSTED_PRIMALITY_UNASSIGNED,514,512,512,NO_RECORDED_FACTOR_PRP_OR_LL_RESULT_AND_NO_ACTIVE_GIMPS_ASSIGNMENT,2026-08-08T14:01:06+00:00,UNALLOCATED,,,,,
SLCMP585-3891,3891,3891,288692401,2^288692401-1,STRUCTURAL_SCREEN_EXHAUSTED_PRIMALITY_UNASSIGNED,GF3A_DIRECTIONAL_WRITE_EXHAUSTED_PRIMALITY_UNASSIGNED,513,512,512,NO_RECORDED_FACTOR_PRP_OR_LL_RESULT_AND_NO_ACTIVE_GIMPS_ASSIGNMENT,2026-08-08T14:01:06+00:00,UNALLOCATED,,,,,
SLCMP585-3892,3892,3892,288692473,2^288692473-1,STRUCTURAL_SCREEN_EXHAUSTED_PRIMALITY_UNASSIGNED,GF3A_DIRECTIONAL_WRITE_EXHAUSTED_PRIMALITY_UNASSIGNED,513,512,512,NO_RECORDED_FACTOR_PRP_OR_LL_RESULT_AND_NO_ACTIVE_GIMPS_ASSIGNMENT,2026-08-08T14:01:06+00:00,UNALLOCATED,,,,,
SLCMP585-3893,3893,3893,288692531,2^288692531-1,STRUCTURAL_SCREEN_EXHAUSTED_PRIMALITY_UNASSIGNED,GF3A_DIRECTIONAL_WRITE_EXHAUSTED_PRIMALITY_UNASSIGNED,514,512,512,NO_RECORDED_FACTOR_PRP_OR_LL_RESULT_AND_NO_ACTIVE_GIMPS_ASSIGNMENT,2026-08-08T14:01:06+00:00,UNALLOCATED,,,,,
SLCMP585-3894,3894,3894,288692533,2^288692533-1,STRUCTURAL_SCREEN_EXHAUSTED_PRIMALITY_UNASSIGNED,GF3A_DIRECTIONAL_WRITE_EXHAUSTED_PRIMALITY_UNASSIGNED,513,512,512,NO_RECORDED_FACTOR_PRP_OR_LL_RESULT_AND_NO_ACTIVE_GIMPS_ASSIGNMENT,2026-08-08T14:01:06+00:00,UNALLOCATED,,,,,
SLCMP585-3895,3895,3895,288692557,2^288692557-1,STRUCTURAL_SCREEN_EXHAUSTED_PRIMALITY_UNASSIGNED,GF3A_DIRECTIONAL_WRITE_EXHAUSTED_PRIMALITY_UNASSIGNED,513,512,512,NO_RECORDED_FACTOR_PRP_OR_LL_RESULT_AND_NO_ACTIVE_GIMPS_ASSIGNMENT,2026-08-08T14:01:06+00:00,UNALLOCATED,,,,,
SLCMP585-3896,3896,3896,288692561,2^288692561-1,STRUCTURAL_SCREEN_EXHAUSTED_PRIMALITY_UNASSIGNED,GF3A_DIRECTIONAL_WRITE_EXHAUSTED_PRIMALITY_UNASSIGNED,513,512,512,NO_RECORDED_FACTOR_PRP_OR_LL_RESULT_AND_NO_ACTIVE_GIMPS_ASSIGNMENT,2026-08-08T14:01:06+00:00,UNALLOCATED,,,,,
SLCMP585-3897,3897,3897,288692563,2^288692563-1,STRUCTURAL_SCREEN_EXHAUSTED_PRIMALITY_UNASSIGNED,GF3A_DIRECTIONAL_WRITE_EXHAUSTED_PRIMALITY_UNASSIGNED,514,512,512,NO_RECORDED_FACTOR_PRP_OR_LL_RESULT_AND_NO_ACTIVE_GIMPS_ASSIGNMENT,2026-08-08T14:01:06+00:00,UNALLOCATED,,,,,
SLCMP585-3898,3898,3898,288692671,2^288692671-1,STRUCTURAL_SCREEN_EXHAUSTED_PRIMALITY_UNASSIGNED,GF3A_DIRECTIONAL_WRITE_EXHAUSTED_PRIMALITY_UNASSIGNED,514,512,512,NO_RECORDED_FACTOR_PRP_OR_LL_RESULT_AND_NO_ACTIVE_GIMPS_ASSIGNMENT,2026-08-08T14:01:06+00:00,UNALLOCATED,,,,,
SLCMP585-3899,3899,3899,288692773,2^288692773-1,STRUCTURAL_SCREEN_EXHAUSTED_PRIMALITY_UNASSIGNED,GF3A_DIRECTIONAL_WRITE_EXHAUSTED_PRIMALITY_UNASSIGNED,513,512,512,NO_RECORDED_FACTOR_PRP_OR_LL_RESULT_AND_NO_ACTIVE_GIMPS_ASSIGNMENT,2026-08-08T14:01:06+00:00,UNALLOCATED,,,,,
SLCMP585-3900,3900,3900,288692813,2^288692813-1,STRUCTURAL_SCREEN_EXHAUSTED_PRIMALITY_UNASSIGNED,GF3A_DIRECTIONAL_WRITE_EXHAUSTED_PRIMALITY_UNASSIGNED,513,512,512,NO_RECORDED_FACTOR_PRP_OR_LL_RESULT_AND_NO_ACTIVE_GIMPS_ASSIGNMENT,2026-08-08T14:01:06+00:00,UNALLOCATED,,,,,
SLCMP585-3901,3901,3901,288692837,2^288692837-1,STRUCTURAL_SCREEN_EXHAUSTED_PRIMALITY_UNASSIGNED,GF3A_DIRECTIONAL_WRITE_EXHAUSTED_PRIMALITY_UNASSIGNED,513,512,512,NO_RECORDED_FACTOR_PRP_OR_LL_RESULT_AND_NO_ACTIVE_GIMPS_ASSIGNMENT,2026-08-08T14:01:06+00:00,UNALLOCATED,,,,,
SLCMP585-3902,3902,3902,288692857,2^288692857-1,STRUCTURAL_SCREEN_EXHAUSTED_PRIMALITY_UNASSIGNED,GF3A_DIRECTIONAL_WRITE_EXHAUSTED_PRIMALITY_UNASSIGNED,513,512,512,NO_RECORDED_FACTOR_PRP_OR_LL_RESULT_AND_NO_ACTIVE_GIMPS_ASSIGNMENT,2026-08-08T14:01:06+00:00,UNALLOCATED,,,,,
SLCMP585-3903,3903,3903,288692869,2^288692869-1,STRUCTURAL_SCREEN_EXHAUSTED_PRIMALITY_UNASSIGNED,GF3A_DIRECTIONAL_WRITE_EXHAUSTED_PRIMALITY_UNASSIGNED,513,512,512,NO_RECORDED_FACTOR_PRP_OR_LL_RESULT_AND_NO_ACTIVE_GIMPS_ASSIGNMENT,2026-08-08T14:01:06+00:00,UNALLOCATED,,,,,
SLCMP585-3904,3904,3904,288692909,2^288692909-1,STRUCTURAL_SCREEN_EXHAUSTED_PRIMALITY_UNASSIGNED,GF3A_DIRECTIONAL_WRITE_EXHAUSTED_PRIMALITY_UNASSIGNED,513,512,512,NO_RECORDED_FACTOR_PRP_OR_LL_RESULT_AND_NO_ACTIVE_GIMPS_ASSIGNMENT,2026-08-08T14:01:06+00:00,UNALLOCATED,,,,,
SLCMP585-3905,3905,3905,288692947,2^288692947-1,STRUCTURAL_SCREEN_EXHAUSTED_PRIMALITY_UNASSIGNED,GF3A_DIRECTIONAL_WRITE_EXHAUSTED_PRIMALITY_UNASSIGNED,514,512,512,NO_RECORDED_FACTOR_PRP_OR_LL_RESULT_AND_NO_ACTIVE_GIMPS_ASSIGNMENT,2026-08-08T14:01:06+00:00,UNALLOCATED,,,,,
SLCMP585-3906,3906,3906,288692969,2^288692969-1,STRUCTURAL_SCREEN_EXHAUSTED_PRIMALITY_UNASSIGNED,GF3A_DIRECTIONAL_WRITE_EXHAUSTED_PRIMALITY_UNASSIGNED,513,512,512,NO_RECORDED_FACTOR_PRP_OR_LL_RESULT_AND_NO_ACTIVE_GIMPS_ASSIGNMENT,2026-08-08T14:01:06+00:00,UNALLOCATED,,,,,
SLCMP585-3907,3907,3907,288693107,2^288693107-1,STRUCTURAL_SCREEN_EXHAUSTED_PRIMALITY_UNASSIGNED,GF3A_DIRECTIONAL_WRITE_EXHAUSTED_PRIMALITY_UNASSIGNED,514,512,512,NO_RECORDED_FACTOR_PRP_OR_LL_RESULT_AND_NO_ACTIVE_GIMPS_ASSIGNMENT,2026-08-08T14:01:06+00:00,UNALLOCATED,,,,,
SLCMP585-3908,3908,3908,288693109,2^288693109-1,STRUCTURAL_SCREEN_EXHAUSTED_PRIMALITY_UNASSIGNED,GF3A_DIRECTIONAL_WRITE_EXHAUSTED_PRIMALITY_UNASSIGNED,513,512,512,NO_RECORDED_FACTOR_PRP_OR_LL_RESULT_AND_NO_ACTIVE_GIMPS_ASSIGNMENT,2026-08-08T14:01:06+00:00,UNALLOCATED,,,,,
SLCMP585-3909,3909,3909,288693157,2^288693157-1,STRUCTURAL_SCREEN_EXHAUSTED_PRIMALITY_UNASSIGNED,GF3A_DIRECTIONAL_WRITE_EXHAUSTED_PRIMALITY_UNASSIGNED,513,512,512,NO_RECORDED_FACTOR_PRP_OR_LL_RESULT_AND_NO_ACTIVE_GIMPS_ASSIGNMENT,2026-08-08T14:01:06+00:00,UNALLOCATED,,,,,
SLCMP585-3910,3910,3910,288693179,2^288693179-1,STRUCTURAL_SCREEN_EXHAUSTED_PRIMALITY_UNASSIGNED,GF3A_DIRECTIONAL_WRITE_EXHAUSTED_PRIMALITY_UNASSIGNED,514,512,512,NO_RECORDED_FACTOR_PRP_OR_LL_RESULT_AND_NO_ACTIVE_GIMPS_ASSIGNMENT,2026-08-08T14:01:06+00:00,UNALLOCATED,,,,,
SLCMP585-3911,3911,3911,288693211,2^288693211-1,STRUCTURAL_SCREEN_EXHAUSTED_PRIMALITY_UNASSIGNED,GF3A_DIRECTIONAL_WRITE_EXHAUSTED_PRIMALITY_UNASSIGNED,514,512,512,NO_RECORDED_FACTOR_PRP_OR_LL_RESULT_AND_NO_ACTIVE_GIMPS_ASSIGNMENT,2026-08-08T14:01:06+00:00,UNALLOCATED,,,,,
SLCMP585-3912,3912,3912,288693323,2^288693323-1,STRUCTURAL_SCREEN_EXHAUSTED_PRIMALITY_UNASSIGNED,GF3A_DIRECTIONAL_WRITE_EXHAUSTED_PRIMALITY_UNASSIGNED,514,512,512,NO_RECORDED_FACTOR_PRP_OR_LL_RESULT_AND_NO_ACTIVE_GIMPS_ASSIGNMENT,2026-08-08T14:01:06+00:00,UNALLOCATED,,,,,
SLCMP585-3913,3913,3913,288693373,2^288693373-1,STRUCTURAL_SCREEN_EXHAUSTED_PRIMALITY_UNASSIGNED,GF3A_DIRECTIONAL_WRITE_EXHAUSTED_PRIMALITY_UNASSIGNED,513,512,512,NO_RECORDED_FACTOR_PRP_OR_LL_RESULT_AND_NO_ACTIVE_GIMPS_ASSIGNMENT,2026-08-08T14:01:06+00:00,UNALLOCATED,,,,,
SLCMP585-3914,3914,3914,288693407,2^288693407-1,STRUCTURAL_SCREEN_EXHAUSTED_PRIMALITY_UNASSIGNED,GF3A_DIRECTIONAL_WRITE_EXHAUSTED_PRIMALITY_UNASSIGNED,514,512,512,NO_RECORDED_FACTOR_PRP_OR_LL_RESULT_AND_NO_ACTIVE_GIMPS_ASSIGNMENT,2026-08-08T14:01:06+00:00,UNALLOCATED,,,,,
SLCMP585-3915,3915,3915,288693551,2^288693551-1,STRUCTURAL_SCREEN_EXHAUSTED_PRIMALITY_UNASSIGNED,GF3A_DIRECTIONAL_WRITE_EXHAUSTED_PRIMALITY_UNASSIGNED,514,512,512,NO_RECORDED_FACTOR_PRP_OR_LL_RESULT_AND_NO_ACTIVE_GIMPS_ASSIGNMENT,2026-08-08T14:01:06+00:00,UNALLOCATED,,,,,
SLCMP585-3916,3916,3916,288693689,2^288693689-1,STRUCTURAL_SCREEN_EXHAUSTED_PRIMALITY_UNASSIGNED,GF3A_DIRECTIONAL_WRITE_EXHAUSTED_PRIMALITY_UNASSIGNED,513,512,512,NO_RECORDED_FACTOR_PRP_OR_LL_RESULT_AND_NO_ACTIVE_GIMPS_ASSIGNMENT,2026-08-08T14:01:06+00:00,UNALLOCATED,,,,,
SLCMP585-3917,3917,3917,288693707,2^288693707-1,STRUCTURAL_SCREEN_EXHAUSTED_PRIMALITY_UNASSIGNED,GF3A_DIRECTIONAL_WRITE_EXHAUSTED_PRIMALITY_UNASSIGNED,514,512,512,NO_RECORDED_FACTOR_PRP_OR_LL_RESULT_AND_NO_ACTIVE_GIMPS_ASSIGNMENT,2026-08-08T14:01:06+00:00,UNALLOCATED,,,,,
SLCMP585-3918,3918,3918,288693709,2^288693709-1,STRUCTURAL_SCREEN_EXHAUSTED_PRIMALITY_UNASSIGNED,GF3A_DIRECTIONAL_WRITE_EXHAUSTED_PRIMALITY_UNASSIGNED,513,512,512,NO_RECORDED_FACTOR_PRP_OR_LL_RESULT_AND_NO_ACTIVE_GIMPS_ASSIGNMENT,2026-08-08T14:01:06+00:00,UNALLOCATED,,,,,
SLCMP585-3919,3919,3919,288693737,2^288693737-1,STRUCTURAL_SCREEN_EXHAUSTED_PRIMALITY_UNASSIGNED,GF3A_DIRECTIONAL_WRITE_EXHAUSTED_PRIMALITY_UNASSIGNED,513,512,512,NO_RECORDED_FACTOR_PRP_OR_LL_RESULT_AND_NO_ACTIVE_GIMPS_ASSIGNMENT,2026-08-08T14:01:06+00:00,UNALLOCATED,,,,,
SLCMP585-3920,3920,3920,288693767,2^288693767-1,STRUCTURAL_SCREEN_EXHAUSTED_PRIMALITY_UNASSIGNED,GF3A_DIRECTIONAL_WRITE_EXHAUSTED_PRIMALITY_UNASSIGNED,514,512,512,NO_RECORDED_FACTOR_PRP_OR_LL_RESULT_AND_NO_ACTIVE_GIMPS_ASSIGNMENT,2026-08-08T14:01:06+00:00,UNALLOCATED,,,,,
SLCMP585-3921,3921,3921,288693883,2^288693883-1,STRUCTURAL_SCREEN_EXHAUSTED_PRIMALITY_UNASSIGNED,GF3A_DIRECTIONAL_WRITE_EXHAUSTED_PRIMALITY_UNASSIGNED,514,512,512,NO_RECORDED_FACTOR_PRP_OR_LL_RESULT_AND_NO_ACTIVE_GIMPS_ASSIGNMENT,2026-08-08T14:01:06+00:00,UNALLOCATED,,,,,
SLCMP585-3922,3922,3922,288693893,2^288693893-1,STRUCTURAL_SCREEN_EXHAUSTED_PRIMALITY_UNASSIGNED,GF3A_DIRECTIONAL_WRITE_EXHAUSTED_PRIMALITY_UNASSIGNED,513,512,512,NO_RECORDED_FACTOR_PRP_OR_LL_RESULT_AND_NO_ACTIVE_GIMPS_ASSIGNMENT,2026-08-08T14:01:06+00:00,UNALLOCATED,,,,,
SLCMP585-3923,3923,3923,288693947,2^288693947-1,STRUCTURAL_SCREEN_EXHAUSTED_PRIMALITY_UNASSIGNED,GF3A_DIRECTIONAL_WRITE_EXHAUSTED_PRIMALITY_UNASSIGNED,514,512,512,NO_RECORDED_FACTOR_PRP_OR_LL_RESULT_AND_NO_ACTIVE_GIMPS_ASSIGNMENT,2026-08-08T14:01:06+00:00,UNALLOCATED,,,,,
SLCMP585-3924,3924,3924,288694013,2^288694013-1,STRUCTURAL_SCREEN_EXHAUSTED_PRIMALITY_UNASSIGNED,GF3A_DIRECTIONAL_WRITE_EXHAUSTED_PRIMALITY_UNASSIGNED,513,512,512,NO_RECORDED_FACTOR_PRP_OR_LL_RESULT_AND_NO_ACTIVE_GIMPS_ASSIGNMENT,2026-08-08T14:01:06+00:00,UNALLOCATED,,,,,
SLCMP585-3925,3925,3925,288694039,2^288694039-1,STRUCTURAL_SCREEN_EXHAUSTED_PRIMALITY_UNASSIGNED,GF3A_DIRECTIONAL_WRITE_EXHAUSTED_PRIMALITY_UNASSIGNED,514,512,512,NO_RECORDED_FACTOR_PRP_OR_LL_RESULT_AND_NO_ACTIVE_GIMPS_ASSIGNMENT,2026-08-08T14:01:06+00:00,UNALLOCATED,,,,,
SLCMP585-3926,3926,3926,288694073,2^288694073-1,STRUCTURAL_SCREEN_EXHAUSTED_PRIMALITY_UNASSIGNED,GF3A_DIRECTIONAL_WRITE_EXHAUSTED_PRIMALITY_UNASSIGNED,513,512,512,NO_RECORDED_FACTOR_PRP_OR_LL_RESULT_AND_NO_ACTIVE_GIMPS_ASSIGNMENT,2026-08-08T14:01:06+00:00,UNALLOCATED,,,,,
SLCMP585-3927,3927,3927,288694097,2^288694097-1,STRUCTURAL_SCREEN_EXHAUSTED_PRIMALITY_UNASSIGNED,GF3A_DIRECTIONAL_WRITE_EXHAUSTED_PRIMALITY_UNASSIGNED,513,512,512,NO_RECORDED_FACTOR_PRP_OR_LL_RESULT_AND_NO_ACTIVE_GIMPS_ASSIGNMENT,2026-08-08T14:01:06+00:00,UNALLOCATED,,,,,
SLCMP585-3928,3928,3928,288694129,2^288694129-1,STRUCTURAL_SCREEN_EXHAUSTED_PRIMALITY_UNASSIGNED,GF3A_DIRECTIONAL_WRITE_EXHAUSTED_PRIMALITY_UNASSIGNED,513,512,512,NO_RECORDED_FACTOR_PRP_OR_LL_RESULT_AND_NO_ACTIVE_GIMPS_ASSIGNMENT,2026-08-08T14:01:06+00:00,UNALLOCATED,,,,,
SLCMP585-3929,3929,3929,288694171,2^288694171-1,STRUCTURAL_SCREEN_EXHAUSTED_PRIMALITY_UNASSIGNED,GF3A_DIRECTIONAL_WRITE_EXHAUSTED_PRIMALITY_UNASSIGNED,514,512,512,NO_RECORDED_FACTOR_PRP_OR_LL_RESULT_AND_NO_ACTIVE_GIMPS_ASSIGNMENT,2026-08-08T14:01:06+00:00,UNALLOCATED,,,,,
SLCMP585-3930,3930,3930,288694193,2^288694193-1,STRUCTURAL_SCREEN_EXHAUSTED_PRIMALITY_UNASSIGNED,GF3A_DIRECTIONAL_WRITE_EXHAUSTED_PRIMALITY_UNASSIGNED,513,512,512,NO_RECORDED_FACTOR_PRP_OR_LL_RESULT_AND_NO_ACTIVE_GIMPS_ASSIGNMENT,2026-08-08T14:01:06+00:00,UNALLOCATED,,,,,
SLCMP585-3931,3931,3931,288694247,2^288694247-1,STRUCTURAL_SCREEN_EXHAUSTED_PRIMALITY_UNASSIGNED,GF3A_DIRECTIONAL_WRITE_EXHAUSTED_PRIMALITY_UNASSIGNED,514,512,512,NO_RECORDED_FACTOR_PRP_OR_LL_RESULT_AND_NO_ACTIVE_GIMPS_ASSIGNMENT,2026-08-08T14:01:06+00:00,UNALLOCATED,,,,,
SLCMP585-3932,3932,3932,288694253,2^288694253-1,STRUCTURAL_SCREEN_EXHAUSTED_PRIMALITY_UNASSIGNED,GF3A_DIRECTIONAL_WRITE_EXHAUSTED_PRIMALITY_UNASSIGNED,513,512,512,NO_RECORDED_FACTOR_PRP_OR_LL_RESULT_AND_NO_ACTIVE_GIMPS_ASSIGNMENT,2026-08-08T14:01:06+00:00,UNALLOCATED,,,,,
SLCMP585-3933,3933,3933,288694283,2^288694283-1,STRUCTURAL_SCREEN_EXHAUSTED_PRIMALITY_UNASSIGNED,GF3A_DIRECTIONAL_WRITE_EXHAUSTED_PRIMALITY_UNASSIGNED,514,512,512,NO_RECORDED_FACTOR_PRP_OR_LL_RESULT_AND_NO_ACTIVE_GIMPS_ASSIGNMENT,2026-08-08T14:01:06+00:00,UNALLOCATED,,,,,
SLCMP585-3934,3934,3934,288694309,2^288694309-1,STRUCTURAL_SCREEN_EXHAUSTED_PRIMALITY_UNASSIGNED,GF3A_DIRECTIONAL_WRITE_EXHAUSTED_PRIMALITY_UNASSIGNED,513,512,512,NO_RECORDED_FACTOR_PRP_OR_LL_RESULT_AND_NO_ACTIVE_GIMPS_ASSIGNMENT,2026-08-08T14:01:06+00:00,UNALLOCATED,,,,,
SLCMP585-3935,3935,3935,288694337,2^288694337-1,STRUCTURAL_SCREEN_EXHAUSTED_PRIMALITY_UNASSIGNED,GF3A_DIRECTIONAL_WRITE_EXHAUSTED_PRIMALITY_UNASSIGNED,513,512,512,NO_RECORDED_FACTOR_PRP_OR_LL_RESULT_AND_NO_ACTIVE_GIMPS_ASSIGNMENT,2026-08-08T14:01:06+00:00,UNALLOCATED,,,,,
SLCMP585-3936,3936,3936,288694349,2^288694349-1,STRUCTURAL_SCREEN_EXHAUSTED_PRIMALITY_UNASSIGNED,GF3A_DIRECTIONAL_WRITE_EXHAUSTED_PRIMALITY_UNASSIGNED,513,512,512,NO_RECORDED_FACTOR_PRP_OR_LL_RESULT_AND_NO_ACTIVE_GIMPS_ASSIGNMENT,2026-08-08T14:01:06+00:00,UNALLOCATED,,,,,
SLCMP585-3937,3937,3937,288694429,2^288694429-1,STRUCTURAL_SCREEN_EXHAUSTED_PRIMALITY_UNASSIGNED,GF3A_DIRECTIONAL_WRITE_EXHAUSTED_PRIMALITY_UNASSIGNED,513,512,512,NO_RECORDED_FACTOR_PRP_OR_LL_RESULT_AND_NO_ACTIVE_GIMPS_ASSIGNMENT,2026-08-08T14:01:06+00:00,UNALLOCATED,,,,,
SLCMP585-3938,3938,3938,288694451,2^288694451-1,STRUCTURAL_SCREEN_EXHAUSTED_PRIMALITY_UNASSIGNED,GF3A_DIRECTIONAL_WRITE_EXHAUSTED_PRIMALITY_UNASSIGNED,514,512,512,NO_RECORDED_FACTOR_PRP_OR_LL_RESULT_AND_NO_ACTIVE_GIMPS_ASSIGNMENT,2026-08-08T14:01:06+00:00,UNALLOCATED,,,,,
SLCMP585-3939,3939,3939,288694513,2^288694513-1,STRUCTURAL_SCREEN_EXHAUSTED_PRIMALITY_UNASSIGNED,GF3A_DIRECTIONAL_WRITE_EXHAUSTED_PRIMALITY_UNASSIGNED,513,512,512,NO_RECORDED_FACTOR_PRP_OR_LL_RESULT_AND_NO_ACTIVE_GIMPS_ASSIGNMENT,2026-08-08T14:01:06+00:00,UNALLOCATED,,,,,
SLCMP585-3940,3940,3940,288694579,2^288694579-1,STRUCTURAL_SCREEN_EXHAUSTED_PRIMALITY_UNASSIGNED,GF3A_DIRECTIONAL_WRITE_EXHAUSTED_PRIMALITY_UNASSIGNED,514,512,512,NO_RECORDED_FACTOR_PRP_OR_LL_RESULT_AND_NO_ACTIVE_GIMPS_ASSIGNMENT,2026-08-08T14:01:06+00:00,UNALLOCATED,,,,,
SLCMP585-3941,3941,3941,288694619,2^288694619-1,STRUCTURAL_SCREEN_EXHAUSTED_PRIMALITY_UNASSIGNED,GF3A_DIRECTIONAL_WRITE_EXHAUSTED_PRIMALITY_UNASSIGNED,514,512,512,NO_RECORDED_FACTOR_PRP_OR_LL_RESULT_AND_NO_ACTIVE_GIMPS_ASSIGNMENT,2026-08-08T14:01:06+00:00,UNALLOCATED,,,,,
SLCMP585-3942,3942,3942,288694621,2^288694621-1,STRUCTURAL_SCREEN_EXHAUSTED_PRIMALITY_UNASSIGNED,GF3A_DIRECTIONAL_WRITE_EXHAUSTED_PRIMALITY_UNASSIGNED,513,512,512,NO_RECORDED_FACTOR_PRP_OR_LL_RESULT_AND_NO_ACTIVE_GIMPS_ASSIGNMENT,2026-08-08T14:01:06+00:00,UNALLOCATED,,,,,
SLCMP585-3943,3943,3943,288694789,2^288694789-1,STRUCTURAL_SCREEN_EXHAUSTED_PRIMALITY_UNASSIGNED,GF3A_DIRECTIONAL_WRITE_EXHAUSTED_PRIMALITY_UNASSIGNED,513,512,512,NO_RECORDED_FACTOR_PRP_OR_LL_RESULT_AND_NO_ACTIVE_GIMPS_ASSIGNMENT,2026-08-08T14:01:06+00:00,UNALLOCATED,,,,,
SLCMP585-3944,3944,3944,288694841,2^288694841-1,STRUCTURAL_SCREEN_EXHAUSTED_PRIMALITY_UNASSIGNED,GF3A_DIRECTIONAL_WRITE_EXHAUSTED_PRIMALITY_UNASSIGNED,513,512,512,NO_RECORDED_FACTOR_PRP_OR_LL_RESULT_AND_NO_ACTIVE_GIMPS_ASSIGNMENT,2026-08-08T14:01:06+00:00,UNALLOCATED,,,,,
SLCMP585-3945,3945,3945,288694843,2^288694843-1,STRUCTURAL_SCREEN_EXHAUSTED_PRIMALITY_UNASSIGNED,GF3A_DIRECTIONAL_WRITE_EXHAUSTED_PRIMALITY_UNASSIGNED,514,512,512,NO_RECORDED_FACTOR_PRP_OR_LL_RESULT_AND_NO_ACTIVE_GIMPS_ASSIGNMENT,2026-08-08T14:01:06+00:00,UNALLOCATED,,,,,
SLCMP585-3946,3946,3946,288695089,2^288695089-1,STRUCTURAL_SCREEN_EXHAUSTED_PRIMALITY_UNASSIGNED,GF3A_DIRECTIONAL_WRITE_EXHAUSTED_PRIMALITY_UNASSIGNED,513,512,512,NO_RECORDED_FACTOR_PRP_OR_LL_RESULT_AND_NO_ACTIVE_GIMPS_ASSIGNMENT,2026-08-08T14:01:06+00:00,UNALLOCATED,,,,,
SLCMP585-3947,3947,3947,288695093,2^288695093-1,STRUCTURAL_SCREEN_EXHAUSTED_PRIMALITY_UNASSIGNED,GF3A_DIRECTIONAL_WRITE_EXHAUSTED_PRIMALITY_UNASSIGNED,513,512,512,NO_RECORDED_FACTOR_PRP_OR_LL_RESULT_AND_NO_ACTIVE_GIMPS_ASSIGNMENT,2026-08-08T14:01:06+00:00,UNALLOCATED,,,,,
SLCMP585-3948,3948,3948,288695119,2^288695119-1,STRUCTURAL_SCREEN_EXHAUSTED_PRIMALITY_UNASSIGNED,GF3A_DIRECTIONAL_WRITE_EXHAUSTED_PRIMALITY_UNASSIGNED,514,512,512,NO_RECORDED_FACTOR_PRP_OR_LL_RESULT_AND_NO_ACTIVE_GIMPS_ASSIGNMENT,2026-08-08T14:01:06+00:00,UNALLOCATED,,,,,
SLCMP585-3949,3949,3949,288695153,2^288695153-1,STRUCTURAL_SCREEN_EXHAUSTED_PRIMALITY_UNASSIGNED,GF3A_DIRECTIONAL_WRITE_EXHAUSTED_PRIMALITY_UNASSIGNED,513,512,512,NO_RECORDED_FACTOR_PRP_OR_LL_RESULT_AND_NO_ACTIVE_GIMPS_ASSIGNMENT,2026-08-08T14:01:06+00:00,UNALLOCATED,,,,,
SLCMP585-3950,3950,3950,288695191,2^288695191-1,STRUCTURAL_SCREEN_EXHAUSTED_PRIMALITY_UNASSIGNED,GF3A_DIRECTIONAL_WRITE_EXHAUSTED_PRIMALITY_UNASSIGNED,514,512,512,NO_RECORDED_FACTOR_PRP_OR_LL_RESULT_AND_NO_ACTIVE_GIMPS_ASSIGNMENT,2026-08-08T14:01:06+00:00,UNALLOCATED,,,,,
SLCMP585-3951,3951,3951,288695549,2^288695549-1,STRUCTURAL_SCREEN_EXHAUSTED_PRIMALITY_UNASSIGNED,GF3A_DIRECTIONAL_WRITE_EXHAUSTED_PRIMALITY_UNASSIGNED,513,512,512,NO_RECORDED_FACTOR_PRP_OR_LL_RESULT_AND_NO_ACTIVE_GIMPS_ASSIGNMENT,2026-08-08T14:01:06+00:00,UNALLOCATED,,,,,
SLCMP585-3952,3952,3952,288695567,2^288695567-1,STRUCTURAL_SCREEN_EXHAUSTED_PRIMALITY_UNASSIGNED,GF3A_DIRECTIONAL_WRITE_EXHAUSTED_PRIMALITY_UNASSIGNED,514,512,512,NO_RECORDED_FACTOR_PRP_OR_LL_RESULT_AND_NO_ACTIVE_GIMPS_ASSIGNMENT,2026-08-08T14:01:06+00:00,UNALLOCATED,,,,,
SLCMP585-3953,3953,3953,288695629,2^288695629-1,STRUCTURAL_SCREEN_EXHAUSTED_PRIMALITY_UNASSIGNED,GF3A_DIRECTIONAL_WRITE_EXHAUSTED_PRIMALITY_UNASSIGNED,513,512,512,NO_RECORDED_FACTOR_PRP_OR_LL_RESULT_AND_NO_ACTIVE_GIMPS_ASSIGNMENT,2026-08-08T14:01:06+00:00,UNALLOCATED,,,,,
SLCMP585-3954,3954,3954,288695651,2^288695651-1,STRUCTURAL_SCREEN_EXHAUSTED_PRIMALITY_UNASSIGNED,GF3A_DIRECTIONAL_WRITE_EXHAUSTED_PRIMALITY_UNASSIGNED,514,512,512,NO_RECORDED_FACTOR_PRP_OR_LL_RESULT_AND_NO_ACTIVE_GIMPS_ASSIGNMENT,2026-08-08T14:01:06+00:00,UNALLOCATED,,,,,
SLCMP585-3955,3955,3955,288695669,2^288695669-1,STRUCTURAL_SCREEN_EXHAUSTED_PRIMALITY_UNASSIGNED,GF3A_DIRECTIONAL_WRITE_EXHAUSTED_PRIMALITY_UNASSIGNED,513,512,512,NO_RECORDED_FACTOR_PRP_OR_LL_RESULT_AND_NO_ACTIVE_GIMPS_ASSIGNMENT,2026-08-08T14:01:06+00:00,UNALLOCATED,,,,,
SLCMP585-3956,3956,3956,288695681,2^288695681-1,STRUCTURAL_SCREEN_EXHAUSTED_PRIMALITY_UNASSIGNED,GF3A_DIRECTIONAL_WRITE_EXHAUSTED_PRIMALITY_UNASSIGNED,513,512,512,NO_RECORDED_FACTOR_PRP_OR_LL_RESULT_AND_NO_ACTIVE_GIMPS_ASSIGNMENT,2026-08-08T14:01:06+00:00,UNALLOCATED,,,,,
SLCMP585-3957,3957,3957,288695689,2^288695689-1,STRUCTURAL_SCREEN_EXHAUSTED_PRIMALITY_UNASSIGNED,GF3A_DIRECTIONAL_WRITE_EXHAUSTED_PRIMALITY_UNASSIGNED,513,512,512,NO_RECORDED_FACTOR_PRP_OR_LL_RESULT_AND_NO_ACTIVE_GIMPS_ASSIGNMENT,2026-08-08T14:01:06+00:00,UNALLOCATED,,,,,
SLCMP585-3958,3958,3958,288695699,2^288695699-1,STRUCTURAL_SCREEN_EXHAUSTED_PRIMALITY_UNASSIGNED,GF3A_DIRECTIONAL_WRITE_EXHAUSTED_PRIMALITY_UNASSIGNED,514,512,512,NO_RECORDED_FACTOR_PRP_OR_LL_RESULT_AND_NO_ACTIVE_GIMPS_ASSIGNMENT,2026-08-08T14:01:06+00:00,UNALLOCATED,,,,,
SLCMP585-3959,3959,3959,288695723,2^288695723-1,STRUCTURAL_SCREEN_EXHAUSTED_PRIMALITY_UNASSIGNED,GF3A_DIRECTIONAL_WRITE_EXHAUSTED_PRIMALITY_UNASSIGNED,514,512,512,NO_RECORDED_FACTOR_PRP_OR_LL_RESULT_AND_NO_ACTIVE_GIMPS_ASSIGNMENT,2026-08-08T14:01:06+00:00,UNALLOCATED,,,,,
SLCMP585-3960,3960,3960,288695767,2^288695767-1,STRUCTURAL_SCREEN_EXHAUSTED_PRIMALITY_UNASSIGNED,GF3A_DIRECTIONAL_WRITE_EXHAUSTED_PRIMALITY_UNASSIGNED,514,512,512,NO_RECORDED_FACTOR_PRP_OR_LL_RESULT_AND_NO_ACTIVE_GIMPS_ASSIGNMENT,2026-08-08T14:01:06+00:00,UNALLOCATED,,,,,
SLCMP585-3961,3961,3961,288695821,2^288695821-1,STRUCTURAL_SCREEN_EXHAUSTED_PRIMALITY_UNASSIGNED,GF3A_DIRECTIONAL_WRITE_EXHAUSTED_PRIMALITY_UNASSIGNED,513,512,512,NO_RECORDED_FACTOR_PRP_OR_LL_RESULT_AND_NO_ACTIVE_GIMPS_ASSIGNMENT,2026-08-08T14:01:06+00:00,UNALLOCATED,,,,,
SLCMP585-3962,3962,3962,288695873,2^288695873-1,STRUCTURAL_SCREEN_EXHAUSTED_PRIMALITY_UNASSIGNED,GF3A_DIRECTIONAL_WRITE_EXHAUSTED_PRIMALITY_UNASSIGNED,513,512,512,NO_RECORDED_FACTOR_PRP_OR_LL_RESULT_AND_NO_ACTIVE_GIMPS_ASSIGNMENT,2026-08-08T14:01:06+00:00,UNALLOCATED,,,,,
SLCMP585-3963,3963,3963,288695879,2^288695879-1,STRUCTURAL_SCREEN_EXHAUSTED_PRIMALITY_UNASSIGNED,GF3A_DIRECTIONAL_WRITE_EXHAUSTED_PRIMALITY_UNASSIGNED,514,512,512,NO_RECORDED_FACTOR_PRP_OR_LL_RESULT_AND_NO_ACTIVE_GIMPS_ASSIGNMENT,2026-08-08T14:01:06+00:00,UNALLOCATED,,,,,
SLCMP585-3964,3964,3964,288695917,2^288695917-1,STRUCTURAL_SCREEN_EXHAUSTED_PRIMALITY_UNASSIGNED,GF3A_DIRECTIONAL_WRITE_EXHAUSTED_PRIMALITY_UNASSIGNED,513,512,512,NO_RECORDED_FACTOR_PRP_OR_LL_RESULT_AND_NO_ACTIVE_GIMPS_ASSIGNMENT,2026-08-08T14:01:06+00:00,UNALLOCATED,,,,,
SLCMP585-3965,3965,3965,288695923,2^288695923-1,STRUCTURAL_SCREEN_EXHAUSTED_PRIMALITY_UNASSIGNED,GF3A_DIRECTIONAL_WRITE_EXHAUSTED_PRIMALITY_UNASSIGNED,514,512,512,NO_RECORDED_FACTOR_PRP_OR_LL_RESULT_AND_NO_ACTIVE_GIMPS_ASSIGNMENT,2026-08-08T14:01:06+00:00,UNALLOCATED,,,,,
SLCMP585-3966,3966,3966,288696007,2^288696007-1,STRUCTURAL_SCREEN_EXHAUSTED_PRIMALITY_UNASSIGNED,GF3A_DIRECTIONAL_WRITE_EXHAUSTED_PRIMALITY_UNASSIGNED,514,512,512,NO_RECORDED_FACTOR_PRP_OR_LL_RESULT_AND_NO_ACTIVE_GIMPS_ASSIGNMENT,2026-08-08T14:01:06+00:00,UNALLOCATED,,,,,
SLCMP585-3967,3967,3967,288696059,2^288696059-1,STRUCTURAL_SCREEN_EXHAUSTED_PRIMALITY_UNASSIGNED,GF3A_DIRECTIONAL_WRITE_EXHAUSTED_PRIMALITY_UNASSIGNED,514,512,512,NO_RECORDED_FACTOR_PRP_OR_LL_RESULT_AND_NO_ACTIVE_GIMPS_ASSIGNMENT,2026-08-08T14:01:06+00:00,UNALLOCATED,,,,,
SLCMP585-3968,3968,3968,288696101,2^288696101-1,STRUCTURAL_SCREEN_EXHAUSTED_PRIMALITY_UNASSIGNED,GF3A_DIRECTIONAL_WRITE_EXHAUSTED_PRIMALITY_UNASSIGNED,513,512,512,NO_RECORDED_FACTOR_PRP_OR_LL_RESULT_AND_NO_ACTIVE_GIMPS_ASSIGNMENT,2026-08-08T14:01:06+00:00,UNALLOCATED,,,,,
SLCMP585-3969,3969,3969,288696113,2^288696113-1,STRUCTURAL_SCREEN_EXHAUSTED_PRIMALITY_UNASSIGNED,GF3A_DIRECTIONAL_WRITE_EXHAUSTED_PRIMALITY_UNASSIGNED,513,512,512,NO_RECORDED_FACTOR_PRP_OR_LL_RESULT_AND_NO_ACTIVE_GIMPS_ASSIGNMENT,2026-08-08T14:01:06+00:00,UNALLOCATED,,,,,
SLCMP585-3970,3970,3970,288696167,2^288696167-1,STRUCTURAL_SCREEN_EXHAUSTED_PRIMALITY_UNASSIGNED,GF3A_DIRECTIONAL_WRITE_EXHAUSTED_PRIMALITY_UNASSIGNED,514,512,512,NO_RECORDED_FACTOR_PRP_OR_LL_RESULT_AND_NO_ACTIVE_GIMPS_ASSIGNMENT,2026-08-08T14:01:06+00:00,UNALLOCATED,,,,,
SLCMP585-3971,3971,3971,288696169,2^288696169-1,STRUCTURAL_SCREEN_EXHAUSTED_PRIMALITY_UNASSIGNED,GF3A_DIRECTIONAL_WRITE_EXHAUSTED_PRIMALITY_UNASSIGNED,513,512,512,NO_RECORDED_FACTOR_PRP_OR_LL_RESULT_AND_NO_ACTIVE_GIMPS_ASSIGNMENT,2026-08-08T14:01:06+00:00,UNALLOCATED,,,,,
SLCMP585-3972,3972,3972,288696173,2^288696173-1,STRUCTURAL_SCREEN_EXHAUSTED_PRIMALITY_UNASSIGNED,GF3A_DIRECTIONAL_WRITE_EXHAUSTED_PRIMALITY_UNASSIGNED,513,512,512,NO_RECORDED_FACTOR_PRP_OR_LL_RESULT_AND_NO_ACTIVE_GIMPS_ASSIGNMENT,2026-08-08T14:01:06+00:00,UNALLOCATED,,,,,
SLCMP585-3973,3973,3973,288696209,2^288696209-1,STRUCTURAL_SCREEN_EXHAUSTED_PRIMALITY_UNASSIGNED,GF3A_DIRECTIONAL_WRITE_EXHAUSTED_PRIMALITY_UNASSIGNED,513,512,512,NO_RECORDED_FACTOR_PRP_OR_LL_RESULT_AND_NO_ACTIVE_GIMPS_ASSIGNMENT,2026-08-08T14:01:06+00:00,UNALLOCATED,,,,,
SLCMP585-3974,3974,3974,288696229,2^288696229-1,STRUCTURAL_SCREEN_EXHAUSTED_PRIMALITY_UNASSIGNED,GF3A_DIRECTIONAL_WRITE_EXHAUSTED_PRIMALITY_UNASSIGNED,513,512,512,NO_RECORDED_FACTOR_PRP_OR_LL_RESULT_AND_NO_ACTIVE_GIMPS_ASSIGNMENT,2026-08-08T14:01:06+00:00,UNALLOCATED,,,,,
SLCMP585-3975,3975,3975,288696251,2^288696251-1,STRUCTURAL_SCREEN_EXHAUSTED_PRIMALITY_UNASSIGNED,GF3A_DIRECTIONAL_WRITE_EXHAUSTED_PRIMALITY_UNASSIGNED,514,512,512,NO_RECORDED_FACTOR_PRP_OR_LL_RESULT_AND_NO_ACTIVE_GIMPS_ASSIGNMENT,2026-08-08T14:01:06+00:00,UNALLOCATED,,,,,
SLCMP585-3976,3976,3976,288696271,2^288696271-1,STRUCTURAL_SCREEN_EXHAUSTED_PRIMALITY_UNASSIGNED,GF3A_DIRECTIONAL_WRITE_EXHAUSTED_PRIMALITY_UNASSIGNED,514,512,512,NO_RECORDED_FACTOR_PRP_OR_LL_RESULT_AND_NO_ACTIVE_GIMPS_ASSIGNMENT,2026-08-08T14:01:06+00:00,UNALLOCATED,,,,,
SLCMP585-3977,3977,3977,288696301,2^288696301-1,STRUCTURAL_SCREEN_EXHAUSTED_PRIMALITY_UNASSIGNED,GF3A_DIRECTIONAL_WRITE_EXHAUSTED_PRIMALITY_UNASSIGNED,513,512,512,NO_RECORDED_FACTOR_PRP_OR_LL_RESULT_AND_NO_ACTIVE_GIMPS_ASSIGNMENT,2026-08-08T14:01:06+00:00,UNALLOCATED,,,,,
SLCMP585-3978,3978,3978,288696313,2^288696313-1,STRUCTURAL_SCREEN_EXHAUSTED_PRIMALITY_UNASSIGNED,GF3A_DIRECTIONAL_WRITE_EXHAUSTED_PRIMALITY_UNASSIGNED,513,512,512,NO_RECORDED_FACTOR_PRP_OR_LL_RESULT_AND_NO_ACTIVE_GIMPS_ASSIGNMENT,2026-08-08T14:01:06+00:00,UNALLOCATED,,,,,
SLCMP585-3979,3979,3979,288696349,2^288696349-1,STRUCTURAL_SCREEN_EXHAUSTED_PRIMALITY_UNASSIGNED,GF3A_DIRECTIONAL_WRITE_EXHAUSTED_PRIMALITY_UNASSIGNED,513,512,512,NO_RECORDED_FACTOR_PRP_OR_LL_RESULT_AND_NO_ACTIVE_GIMPS_ASSIGNMENT,2026-08-08T14:01:06+00:00,UNALLOCATED,,,,,
SLCMP585-3980,3980,3980,288696361,2^288696361-1,STRUCTURAL_SCREEN_EXHAUSTED_PRIMALITY_UNASSIGNED,GF3A_DIRECTIONAL_WRITE_EXHAUSTED_PRIMALITY_UNASSIGNED,513,512,512,NO_RECORDED_FACTOR_PRP_OR_LL_RESULT_AND_NO_ACTIVE_GIMPS_ASSIGNMENT,2026-08-08T14:01:06+00:00,UNALLOCATED,,,,,
SLCMP585-3981,3981,3981,288696383,2^288696383-1,STRUCTURAL_SCREEN_EXHAUSTED_PRIMALITY_UNASSIGNED,GF3A_DIRECTIONAL_WRITE_EXHAUSTED_PRIMALITY_UNASSIGNED,514,512,512,NO_RECORDED_FACTOR_PRP_OR_LL_RESULT_AND_NO_ACTIVE_GIMPS_ASSIGNMENT,2026-08-08T14:01:06+00:00,UNALLOCATED,,,,,
SLCMP585-3982,3982,3982,288696389,2^288696389-1,STRUCTURAL_SCREEN_EXHAUSTED_PRIMALITY_UNASSIGNED,GF3A_DIRECTIONAL_WRITE_EXHAUSTED_PRIMALITY_UNASSIGNED,513,512,512,NO_RECORDED_FACTOR_PRP_OR_LL_RESULT_AND_NO_ACTIVE_GIMPS_ASSIGNMENT,2026-08-08T14:01:06+00:00,UNALLOCATED,,,,,
SLCMP585-3983,3983,3983,288696403,2^288696403-1,STRUCTURAL_SCREEN_EXHAUSTED_PRIMALITY_UNASSIGNED,GF3A_DIRECTIONAL_WRITE_EXHAUSTED_PRIMALITY_UNASSIGNED,514,512,512,NO_RECORDED_FACTOR_PRP_OR_LL_RESULT_AND_NO_ACTIVE_GIMPS_ASSIGNMENT,2026-08-08T14:01:06+00:00,UNALLOCATED,,,,,
SLCMP585-3984,3984,3984,288696433,2^288696433-1,STRUCTURAL_SCREEN_EXHAUSTED_PRIMALITY_UNASSIGNED,GF3A_DIRECTIONAL_WRITE_EXHAUSTED_PRIMALITY_UNASSIGNED,513,512,512,NO_RECORDED_FACTOR_PRP_OR_LL_RESULT_AND_NO_ACTIVE_GIMPS_ASSIGNMENT,2026-08-08T14:01:06+00:00,UNALLOCATED,,,,,
SLCMP585-3985,3985,3985,288696487,2^288696487-1,STRUCTURAL_SCREEN_EXHAUSTED_PRIMALITY_UNASSIGNED,GF3A_DIRECTIONAL_WRITE_EXHAUSTED_PRIMALITY_UNASSIGNED,514,512,512,NO_RECORDED_FACTOR_PRP_OR_LL_RESULT_AND_NO_ACTIVE_GIMPS_ASSIGNMENT,2026-08-08T14:01:06+00:00,UNALLOCATED,,,,,
SLCMP585-3986,3986,3986,288696491,2^288696491-1,STRUCTURAL_SCREEN_EXHAUSTED_PRIMALITY_UNASSIGNED,GF3A_DIRECTIONAL_WRITE_EXHAUSTED_PRIMALITY_UNASSIGNED,514,512,512,NO_RECORDED_FACTOR_PRP_OR_LL_RESULT_AND_NO_ACTIVE_GIMPS_ASSIGNMENT,2026-08-08T14:01:06+00:00,UNALLOCATED,,,,,
SLCMP585-3987,3987,3987,288696511,2^288696511-1,STRUCTURAL_SCREEN_EXHAUSTED_PRIMALITY_UNASSIGNED,GF3A_DIRECTIONAL_WRITE_EXHAUSTED_PRIMALITY_UNASSIGNED,514,512,512,NO_RECORDED_FACTOR_PRP_OR_LL_RESULT_AND_NO_ACTIVE_GIMPS_ASSIGNMENT,2026-08-08T14:01:06+00:00,UNALLOCATED,,,,,
SLCMP585-3988,3988,3988,288696547,2^288696547-1,STRUCTURAL_SCREEN_EXHAUSTED_PRIMALITY_UNASSIGNED,GF3A_DIRECTIONAL_WRITE_EXHAUSTED_PRIMALITY_UNASSIGNED,514,512,512,NO_RECORDED_FACTOR_PRP_OR_LL_RESULT_AND_NO_ACTIVE_GIMPS_ASSIGNMENT,2026-08-08T14:01:06+00:00,UNALLOCATED,,,,,
SLCMP585-3989,3989,3989,288696559,2^288696559-1,STRUCTURAL_SCREEN_EXHAUSTED_PRIMALITY_UNASSIGNED,GF3A_DIRECTIONAL_WRITE_EXHAUSTED_PRIMALITY_UNASSIGNED,514,512,512,NO_RECORDED_FACTOR_PRP_OR_LL_RESULT_AND_NO_ACTIVE_GIMPS_ASSIGNMENT,2026-08-08T14:01:06+00:00,UNALLOCATED,,,,,
SLCMP585-3990,3990,3990,288696599,2^288696599-1,STRUCTURAL_SCREEN_EXHAUSTED_PRIMALITY_UNASSIGNED,GF3A_DIRECTIONAL_WRITE_EXHAUSTED_PRIMALITY_UNASSIGNED,514,512,512,NO_RECORDED_FACTOR_PRP_OR_LL_RESULT_AND_NO_ACTIVE_GIMPS_ASSIGNMENT,2026-08-08T14:01:06+00:00,UNALLOCATED,,,,,
SLCMP585-3991,3991,3991,288696643,2^288696643-1,STRUCTURAL_SCREEN_EXHAUSTED_PRIMALITY_UNASSIGNED,GF3A_DIRECTIONAL_WRITE_EXHAUSTED_PRIMALITY_UNASSIGNED,514,512,512,NO_RECORDED_FACTOR_PRP_OR_LL_RESULT_AND_NO_ACTIVE_GIMPS_ASSIGNMENT,2026-08-08T14:01:06+00:00,UNALLOCATED,,,,,
SLCMP585-3992,3992,3992,288696649,2^288696649-1,STRUCTURAL_SCREEN_EXHAUSTED_PRIMALITY_UNASSIGNED,GF3A_DIRECTIONAL_WRITE_EXHAUSTED_PRIMALITY_UNASSIGNED,513,512,512,NO_RECORDED_FACTOR_PRP_OR_LL_RESULT_AND_NO_ACTIVE_GIMPS_ASSIGNMENT,2026-08-08T14:01:06+00:00,UNALLOCATED,,,,,
SLCMP585-3993,3993,3993,288696803,2^288696803-1,STRUCTURAL_SCREEN_EXHAUSTED_PRIMALITY_UNASSIGNED,GF3A_DIRECTIONAL_WRITE_EXHAUSTED_PRIMALITY_UNASSIGNED,514,512,512,NO_RECORDED_FACTOR_PRP_OR_LL_RESULT_AND_NO_ACTIVE_GIMPS_ASSIGNMENT,2026-08-08T14:01:06+00:00,UNALLOCATED,,,,,
SLCMP585-3994,3994,3994,288696833,2^288696833-1,STRUCTURAL_SCREEN_EXHAUSTED_PRIMALITY_UNASSIGNED,GF3A_DIRECTIONAL_WRITE_EXHAUSTED_PRIMALITY_UNASSIGNED,513,512,512,NO_RECORDED_FACTOR_PRP_OR_LL_RESULT_AND_NO_ACTIVE_GIMPS_ASSIGNMENT,2026-08-08T14:01:06+00:00,UNALLOCATED,,,,,
SLCMP585-3995,3995,3995,288696923,2^288696923-1,STRUCTURAL_SCREEN_EXHAUSTED_PRIMALITY_UNASSIGNED,GF3A_DIRECTIONAL_WRITE_EXHAUSTED_PRIMALITY_UNASSIGNED,514,512,512,NO_RECORDED_FACTOR_PRP_OR_LL_RESULT_AND_NO_ACTIVE_GIMPS_ASSIGNMENT,2026-08-08T14:01:06+00:00,UNALLOCATED,,,,,
SLCMP585-3996,3996,3996,288696973,2^288696973-1,STRUCTURAL_SCREEN_EXHAUSTED_PRIMALITY_UNASSIGNED,GF3A_DIRECTIONAL_WRITE_EXHAUSTED_PRIMALITY_UNASSIGNED,513,512,512,NO_RECORDED_FACTOR_PRP_OR_LL_RESULT_AND_NO_ACTIVE_GIMPS_ASSIGNMENT,2026-08-08T14:01:06+00:00,UNALLOCATED,,,,,
SLCMP585-3997,3997,3997,288696979,2^288696979-1,STRUCTURAL_SCREEN_EXHAUSTED_PRIMALITY_UNASSIGNED,GF3A_DIRECTIONAL_WRITE_EXHAUSTED_PRIMALITY_UNASSIGNED,514,512,512,NO_RECORDED_FACTOR_PRP_OR_LL_RESULT_AND_NO_ACTIVE_GIMPS_ASSIGNMENT,2026-08-08T14:01:06+00:00,UNALLOCATED,,,,,
SLCMP585-3998,3998,3998,288697049,2^288697049-1,STRUCTURAL_SCREEN_EXHAUSTED_PRIMALITY_UNASSIGNED,GF3A_DIRECTIONAL_WRITE_EXHAUSTED_PRIMALITY_UNASSIGNED,513,512,512,NO_RECORDED_FACTOR_PRP_OR_LL_RESULT_AND_NO_ACTIVE_GIMPS_ASSIGNMENT,2026-08-08T14:01:06+00:00,UNALLOCATED,,,,,
SLCMP585-3999,3999,3999,288697099,2^288697099-1,STRUCTURAL_SCREEN_EXHAUSTED_PRIMALITY_UNASSIGNED,GF3A_DIRECTIONAL_WRITE_EXHAUSTED_PRIMALITY_UNASSIGNED,514,512,512,NO_RECORDED_FACTOR_PRP_OR_LL_RESULT_AND_NO_ACTIVE_GIMPS_ASSIGNMENT,2026-08-08T14:01:06+00:00,UNALLOCATED,,,,,
SLCMP585-4000,4000,4000,288697103,2^288697103-1,STRUCTURAL_SCREEN_EXHAUSTED_PRIMALITY_UNASSIGNED,GF3A_DIRECTIONAL_WRITE_EXHAUSTED_PRIMALITY_UNASSIGNED,514,512,512,NO_RECORDED_FACTOR_PRP_OR_LL_RESULT_AND_NO_ACTIVE_GIMPS_ASSIGNMENT,2026-08-08T14:01:06+00:00,UNALLOCATED,,,,,
SLCMP585-4001,4001,4001,288697109,2^288697109-1,STRUCTURAL_SCREEN_EXHAUSTED_PRIMALITY_UNASSIGNED,GF3A_DIRECTIONAL_WRITE_EXHAUSTED_PRIMALITY_UNASSIGNED,513,512,512,NO_RECORDED_FACTOR_PRP_OR_LL_RESULT_AND_NO_ACTIVE_GIMPS_ASSIGNMENT,2026-08-08T14:01:06+00:00,UNALLOCATED,,,,,
SLCMP585-4002,4002,4002,288697133,2^288697133-1,STRUCTURAL_SCREEN_EXHAUSTED_PRIMALITY_UNASSIGNED,GF3A_DIRECTIONAL_WRITE_EXHAUSTED_PRIMALITY_UNASSIGNED,513,512,512,NO_RECORDED_FACTOR_PRP_OR_LL_RESULT_AND_NO_ACTIVE_GIMPS_ASSIGNMENT,2026-08-08T14:01:06+00:00,UNALLOCATED,,,,,
SLCMP585-4003,4003,4003,288697243,2^288697243-1,STRUCTURAL_SCREEN_EXHAUSTED_PRIMALITY_UNASSIGNED,GF3A_DIRECTIONAL_WRITE_EXHAUSTED_PRIMALITY_UNASSIGNED,514,512,512,NO_RECORDED_FACTOR_PRP_OR_LL_RESULT_AND_NO_ACTIVE_GIMPS_ASSIGNMENT,2026-08-08T14:01:06+00:00,UNALLOCATED,,,,,
SLCMP585-4004,4004,4004,288697271,2^288697271-1,STRUCTURAL_SCREEN_EXHAUSTED_PRIMALITY_UNASSIGNED,GF3A_DIRECTIONAL_WRITE_EXHAUSTED_PRIMALITY_UNASSIGNED,514,512,512,NO_RECORDED_FACTOR_PRP_OR_LL_RESULT_AND_NO_ACTIVE_GIMPS_ASSIGNMENT,2026-08-08T14:01:06+00:00,UNALLOCATED,,,,,
SLCMP585-4005,4005,4005,288697319,2^288697319-1,STRUCTURAL_SCREEN_EXHAUSTED_PRIMALITY_UNASSIGNED,GF3A_DIRECTIONAL_WRITE_EXHAUSTED_PRIMALITY_UNASSIGNED,514,512,512,NO_RECORDED_FACTOR_PRP_OR_LL_RESULT_AND_NO_ACTIVE_GIMPS_ASSIGNMENT,2026-08-08T14:01:06+00:00,UNALLOCATED,,,,,
SLCMP585-4006,4006,4006,288697333,2^288697333-1,STRUCTURAL_SCREEN_EXHAUSTED_PRIMALITY_UNASSIGNED,GF3A_DIRECTIONAL_WRITE_EXHAUSTED_PRIMALITY_UNASSIGNED,513,512,512,NO_RECORDED_FACTOR_PRP_OR_LL_RESULT_AND_NO_ACTIVE_GIMPS_ASSIGNMENT,2026-08-08T14:01:06+00:00,UNALLOCATED,,,,,
SLCMP585-4007,4007,4007,288697351,2^288697351-1,STRUCTURAL_SCREEN_EXHAUSTED_PRIMALITY_UNASSIGNED,GF3A_DIRECTIONAL_WRITE_EXHAUSTED_PRIMALITY_UNASSIGNED,514,512,512,NO_RECORDED_FACTOR_PRP_OR_LL_RESULT_AND_NO_ACTIVE_GIMPS_ASSIGNMENT,2026-08-08T14:01:06+00:00,UNALLOCATED,,,,,
SLCMP585-4008,4008,4008,288697391,2^288697391-1,STRUCTURAL_SCREEN_EXHAUSTED_PRIMALITY_UNASSIGNED,GF3A_DIRECTIONAL_WRITE_EXHAUSTED_PRIMALITY_UNASSIGNED,514,512,512,NO_RECORDED_FACTOR_PRP_OR_LL_RESULT_AND_NO_ACTIVE_GIMPS_ASSIGNMENT,2026-08-08T14:01:06+00:00,UNALLOCATED,,,,,
SLCMP585-4009,4009,4009,288697463,2^288697463-1,STRUCTURAL_SCREEN_EXHAUSTED_PRIMALITY_UNASSIGNED,GF3A_DIRECTIONAL_WRITE_EXHAUSTED_PRIMALITY_UNASSIGNED,514,512,512,NO_RECORDED_FACTOR_PRP_OR_LL_RESULT_AND_NO_ACTIVE_GIMPS_ASSIGNMENT,2026-08-08T14:01:06+00:00,UNALLOCATED,,,,,
SLCMP585-4010,4010,4010,288697481,2^288697481-1,STRUCTURAL_SCREEN_EXHAUSTED_PRIMALITY_UNASSIGNED,GF3A_DIRECTIONAL_WRITE_EXHAUSTED_PRIMALITY_UNASSIGNED,513,512,512,NO_RECORDED_FACTOR_PRP_OR_LL_RESULT_AND_NO_ACTIVE_GIMPS_ASSIGNMENT,2026-08-08T14:01:06+00:00,UNALLOCATED,,,,,
SLCMP585-4011,4011,4011,288697531,2^288697531-1,STRUCTURAL_SCREEN_EXHAUSTED_PRIMALITY_UNASSIGNED,GF3A_DIRECTIONAL_WRITE_EXHAUSTED_PRIMALITY_UNASSIGNED,514,512,512,NO_RECORDED_FACTOR_PRP_OR_LL_RESULT_AND_NO_ACTIVE_GIMPS_ASSIGNMENT,2026-08-08T14:01:06+00:00,UNALLOCATED,,,,,
SLCMP585-4012,4012,4012,288697537,2^288697537-1,STRUCTURAL_SCREEN_EXHAUSTED_PRIMALITY_UNASSIGNED,GF3A_DIRECTIONAL_WRITE_EXHAUSTED_PRIMALITY_UNASSIGNED,513,512,512,NO_RECORDED_FACTOR_PRP_OR_LL_RESULT_AND_NO_ACTIVE_GIMPS_ASSIGNMENT,2026-08-08T14:01:06+00:00,UNALLOCATED,,,,,
SLCMP585-4013,4013,4013,288697559,2^288697559-1,STRUCTURAL_SCREEN_EXHAUSTED_PRIMALITY_UNASSIGNED,GF3A_DIRECTIONAL_WRITE_EXHAUSTED_PRIMALITY_UNASSIGNED,514,512,512,NO_RECORDED_FACTOR_PRP_OR_LL_RESULT_AND_NO_ACTIVE_GIMPS_ASSIGNMENT,2026-08-08T14:01:06+00:00,UNALLOCATED,,,,,
SLCMP585-4014,4014,4014,288697751,2^288697751-1,STRUCTURAL_SCREEN_EXHAUSTED_PRIMALITY_UNASSIGNED,GF3A_DIRECTIONAL_WRITE_EXHAUSTED_PRIMALITY_UNASSIGNED,514,512,512,NO_RECORDED_FACTOR_PRP_OR_LL_RESULT_AND_NO_ACTIVE_GIMPS_ASSIGNMENT,2026-08-08T14:01:06+00:00,UNALLOCATED,,,,,
SLCMP585-4015,4015,4015,288697777,2^288697777-1,STRUCTURAL_SCREEN_EXHAUSTED_PRIMALITY_UNASSIGNED,GF3A_DIRECTIONAL_WRITE_EXHAUSTED_PRIMALITY_UNASSIGNED,513,512,512,NO_RECORDED_FACTOR_PRP_OR_LL_RESULT_AND_NO_ACTIVE_GIMPS_ASSIGNMENT,2026-08-08T14:01:06+00:00,UNALLOCATED,,,,,
SLCMP585-4016,4016,4016,288697819,2^288697819-1,STRUCTURAL_SCREEN_EXHAUSTED_PRIMALITY_UNASSIGNED,GF3A_DIRECTIONAL_WRITE_EXHAUSTED_PRIMALITY_UNASSIGNED,514,512,512,NO_RECORDED_FACTOR_PRP_OR_LL_RESULT_AND_NO_ACTIVE_GIMPS_ASSIGNMENT,2026-08-08T14:01:06+00:00,UNALLOCATED,,,,,
SLCMP585-4017,4017,4017,288697861,2^288697861-1,STRUCTURAL_SCREEN_EXHAUSTED_PRIMALITY_UNASSIGNED,GF3A_DIRECTIONAL_WRITE_EXHAUSTED_PRIMALITY_UNASSIGNED,513,512,512,NO_RECORDED_FACTOR_PRP_OR_LL_RESULT_AND_NO_ACTIVE_GIMPS_ASSIGNMENT,2026-08-08T14:01:06+00:00,UNALLOCATED,,,,,
SLCMP585-4018,4018,4018,288697883,2^288697883-1,STRUCTURAL_SCREEN_EXHAUSTED_PRIMALITY_UNASSIGNED,GF3A_DIRECTIONAL_WRITE_EXHAUSTED_PRIMALITY_UNASSIGNED,514,512,512,NO_RECORDED_FACTOR_PRP_OR_LL_RESULT_AND_NO_ACTIVE_GIMPS_ASSIGNMENT,2026-08-08T14:01:06+00:00,UNALLOCATED,,,,,
SLCMP585-4019,4019,4019,288698149,2^288698149-1,STRUCTURAL_SCREEN_EXHAUSTED_PRIMALITY_UNASSIGNED,GF3A_DIRECTIONAL_WRITE_EXHAUSTED_PRIMALITY_UNASSIGNED,513,512,512,NO_RECORDED_FACTOR_PRP_OR_LL_RESULT_AND_NO_ACTIVE_GIMPS_ASSIGNMENT,2026-08-08T14:01:06+00:00,UNALLOCATED,,,,,
SLCMP585-4020,4020,4020,288698167,2^288698167-1,STRUCTURAL_SCREEN_EXHAUSTED_PRIMALITY_UNASSIGNED,GF3A_DIRECTIONAL_WRITE_EXHAUSTED_PRIMALITY_UNASSIGNED,514,512,512,NO_RECORDED_FACTOR_PRP_OR_LL_RESULT_AND_NO_ACTIVE_GIMPS_ASSIGNMENT,2026-08-08T14:01:06+00:00,UNALLOCATED,,,,,
SLCMP585-4021,4021,4021,288698203,2^288698203-1,STRUCTURAL_SCREEN_EXHAUSTED_PRIMALITY_UNASSIGNED,GF3A_DIRECTIONAL_WRITE_EXHAUSTED_PRIMALITY_UNASSIGNED,514,512,512,NO_RECORDED_FACTOR_PRP_OR_LL_RESULT_AND_NO_ACTIVE_GIMPS_ASSIGNMENT,2026-08-08T14:01:06+00:00,UNALLOCATED,,,,,
SLCMP585-4022,4022,4022,288698273,2^288698273-1,STRUCTURAL_SCREEN_EXHAUSTED_PRIMALITY_UNASSIGNED,GF3A_DIRECTIONAL_WRITE_EXHAUSTED_PRIMALITY_UNASSIGNED,513,512,512,NO_RECORDED_FACTOR_PRP_OR_LL_RESULT_AND_NO_ACTIVE_GIMPS_ASSIGNMENT,2026-08-08T14:01:06+00:00,UNALLOCATED,,,,,
SLCMP585-4023,4023,4023,288698297,2^288698297-1,STRUCTURAL_SCREEN_EXHAUSTED_PRIMALITY_UNASSIGNED,GF3A_DIRECTIONAL_WRITE_EXHAUSTED_PRIMALITY_UNASSIGNED,513,512,512,NO_RECORDED_FACTOR_PRP_OR_LL_RESULT_AND_NO_ACTIVE_GIMPS_ASSIGNMENT,2026-08-08T14:01:06+00:00,UNALLOCATED,,,,,
SLCMP585-4024,4024,4024,288698303,2^288698303-1,STRUCTURAL_SCREEN_EXHAUSTED_PRIMALITY_UNASSIGNED,GF3A_DIRECTIONAL_WRITE_EXHAUSTED_PRIMALITY_UNASSIGNED,514,512,512,NO_RECORDED_FACTOR_PRP_OR_LL_RESULT_AND_NO_ACTIVE_GIMPS_ASSIGNMENT,2026-08-08T14:01:06+00:00,UNALLOCATED,,,,,
SLCMP585-4025,4025,4025,288698327,2^288698327-1,STRUCTURAL_SCREEN_EXHAUSTED_PRIMALITY_UNASSIGNED,GF3A_DIRECTIONAL_WRITE_EXHAUSTED_PRIMALITY_UNASSIGNED,514,512,512,NO_RECORDED_FACTOR_PRP_OR_LL_RESULT_AND_NO_ACTIVE_GIMPS_ASSIGNMENT,2026-08-08T14:01:06+00:00,UNALLOCATED,,,,,
SLCMP585-4026,4026,4026,288698339,2^288698339-1,STRUCTURAL_SCREEN_EXHAUSTED_PRIMALITY_UNASSIGNED,GF3A_DIRECTIONAL_WRITE_EXHAUSTED_PRIMALITY_UNASSIGNED,514,512,512,NO_RECORDED_FACTOR_PRP_OR_LL_RESULT_AND_NO_ACTIVE_GIMPS_ASSIGNMENT,2026-08-08T14:01:06+00:00,UNALLOCATED,,,,,
SLCMP585-4027,4027,4027,288698353,2^288698353-1,STRUCTURAL_SCREEN_EXHAUSTED_PRIMALITY_UNASSIGNED,GF3A_DIRECTIONAL_WRITE_EXHAUSTED_PRIMALITY_UNASSIGNED,513,512,512,NO_RECORDED_FACTOR_PRP_OR_LL_RESULT_AND_NO_ACTIVE_GIMPS_ASSIGNMENT,2026-08-08T14:01:06+00:00,UNALLOCATED,,,,,
SLCMP585-4028,4028,4028,288698363,2^288698363-1,STRUCTURAL_SCREEN_EXHAUSTED_PRIMALITY_UNASSIGNED,GF3A_DIRECTIONAL_WRITE_EXHAUSTED_PRIMALITY_UNASSIGNED,514,512,512,NO_RECORDED_FACTOR_PRP_OR_LL_RESULT_AND_NO_ACTIVE_GIMPS_ASSIGNMENT,2026-08-08T14:01:06+00:00,UNALLOCATED,,,,,
SLCMP585-4029,4029,4029,288698477,2^288698477-1,STRUCTURAL_SCREEN_EXHAUSTED_PRIMALITY_UNASSIGNED,GF3A_DIRECTIONAL_WRITE_EXHAUSTED_PRIMALITY_UNASSIGNED,513,512,512,NO_RECORDED_FACTOR_PRP_OR_LL_RESULT_AND_NO_ACTIVE_GIMPS_ASSIGNMENT,2026-08-08T14:01:06+00:00,UNALLOCATED,,,,,
SLCMP585-4030,4030,4030,288698491,2^288698491-1,STRUCTURAL_SCREEN_EXHAUSTED_PRIMALITY_UNASSIGNED,GF3A_DIRECTIONAL_WRITE_EXHAUSTED_PRIMALITY_UNASSIGNED,514,512,512,NO_RECORDED_FACTOR_PRP_OR_LL_RESULT_AND_NO_ACTIVE_GIMPS_ASSIGNMENT,2026-08-08T14:01:06+00:00,UNALLOCATED,,,,,
SLCMP585-4031,4031,4031,288698503,2^288698503-1,STRUCTURAL_SCREEN_EXHAUSTED_PRIMALITY_UNASSIGNED,GF3A_DIRECTIONAL_WRITE_EXHAUSTED_PRIMALITY_UNASSIGNED,514,512,512,NO_RECORDED_FACTOR_PRP_OR_LL_RESULT_AND_NO_ACTIVE_GIMPS_ASSIGNMENT,2026-08-08T14:01:06+00:00,UNALLOCATED,,,,,
SLCMP585-4032,4032,4032,288698537,2^288698537-1,STRUCTURAL_SCREEN_EXHAUSTED_PRIMALITY_UNASSIGNED,GF3A_DIRECTIONAL_WRITE_EXHAUSTED_PRIMALITY_UNASSIGNED,513,512,512,NO_RECORDED_FACTOR_PRP_OR_LL_RESULT_AND_NO_ACTIVE_GIMPS_ASSIGNMENT,2026-08-08T14:01:06+00:00,UNALLOCATED,,,,,
SLCMP585-4033,4033,4033,288698549,2^288698549-1,STRUCTURAL_SCREEN_EXHAUSTED_PRIMALITY_UNASSIGNED,GF3A_DIRECTIONAL_WRITE_EXHAUSTED_PRIMALITY_UNASSIGNED,513,512,512,NO_RECORDED_FACTOR_PRP_OR_LL_RESULT_AND_NO_ACTIVE_GIMPS_ASSIGNMENT,2026-08-08T14:01:06+00:00,UNALLOCATED,,,,,
SLCMP585-4034,4034,4034,288698551,2^288698551-1,STRUCTURAL_SCREEN_EXHAUSTED_PRIMALITY_UNASSIGNED,GF3A_DIRECTIONAL_WRITE_EXHAUSTED_PRIMALITY_UNASSIGNED,514,512,512,NO_RECORDED_FACTOR_PRP_OR_LL_RESULT_AND_NO_ACTIVE_GIMPS_ASSIGNMENT,2026-08-08T14:01:06+00:00,UNALLOCATED,,,,,
SLCMP585-4035,4035,4035,288698609,2^288698609-1,STRUCTURAL_SCREEN_EXHAUSTED_PRIMALITY_UNASSIGNED,GF3A_DIRECTIONAL_WRITE_EXHAUSTED_PRIMALITY_UNASSIGNED,513,512,512,NO_RECORDED_FACTOR_PRP_OR_LL_RESULT_AND_NO_ACTIVE_GIMPS_ASSIGNMENT,2026-08-08T14:01:06+00:00,UNALLOCATED,,,,,
SLCMP585-4036,4036,4036,288698621,2^288698621-1,STRUCTURAL_SCREEN_EXHAUSTED_PRIMALITY_UNASSIGNED,GF3A_DIRECTIONAL_WRITE_EXHAUSTED_PRIMALITY_UNASSIGNED,513,512,512,NO_RECORDED_FACTOR_PRP_OR_LL_RESULT_AND_NO_ACTIVE_GIMPS_ASSIGNMENT,2026-08-08T14:01:06+00:00,UNALLOCATED,,,,,
SLCMP585-4037,4037,4037,288698659,2^288698659-1,STRUCTURAL_SCREEN_EXHAUSTED_PRIMALITY_UNASSIGNED,GF3A_DIRECTIONAL_WRITE_EXHAUSTED_PRIMALITY_UNASSIGNED,514,512,512,NO_RECORDED_FACTOR_PRP_OR_LL_RESULT_AND_NO_ACTIVE_GIMPS_ASSIGNMENT,2026-08-08T14:01:06+00:00,UNALLOCATED,,,,,
SLCMP585-4038,4038,4038,288698677,2^288698677-1,STRUCTURAL_SCREEN_EXHAUSTED_PRIMALITY_UNASSIGNED,GF3A_DIRECTIONAL_WRITE_EXHAUSTED_PRIMALITY_UNASSIGNED,513,512,512,NO_RECORDED_FACTOR_PRP_OR_LL_RESULT_AND_NO_ACTIVE_GIMPS_ASSIGNMENT,2026-08-08T14:01:06+00:00,UNALLOCATED,,,,,
SLCMP585-4039,4039,4039,288698693,2^288698693-1,STRUCTURAL_SCREEN_EXHAUSTED_PRIMALITY_UNASSIGNED,GF3A_DIRECTIONAL_WRITE_EXHAUSTED_PRIMALITY_UNASSIGNED,513,512,512,NO_RECORDED_FACTOR_PRP_OR_LL_RESULT_AND_NO_ACTIVE_GIMPS_ASSIGNMENT,2026-08-08T14:01:06+00:00,UNALLOCATED,,,,,
SLCMP585-4040,4040,4040,288698713,2^288698713-1,STRUCTURAL_SCREEN_EXHAUSTED_PRIMALITY_UNASSIGNED,GF3A_DIRECTIONAL_WRITE_EXHAUSTED_PRIMALITY_UNASSIGNED,513,512,512,NO_RECORDED_FACTOR_PRP_OR_LL_RESULT_AND_NO_ACTIVE_GIMPS_ASSIGNMENT,2026-08-08T14:01:06+00:00,UNALLOCATED,,,,,
SLCMP585-4041,4041,4041,288698719,2^288698719-1,STRUCTURAL_SCREEN_EXHAUSTED_PRIMALITY_UNASSIGNED,GF3A_DIRECTIONAL_WRITE_EXHAUSTED_PRIMALITY_UNASSIGNED,514,512,512,NO_RECORDED_FACTOR_PRP_OR_LL_RESULT_AND_NO_ACTIVE_GIMPS_ASSIGNMENT,2026-08-08T14:01:06+00:00,UNALLOCATED,,,,,
SLCMP585-4042,4042,4042,288698951,2^288698951-1,STRUCTURAL_SCREEN_EXHAUSTED_PRIMALITY_UNASSIGNED,GF3A_DIRECTIONAL_WRITE_EXHAUSTED_PRIMALITY_UNASSIGNED,514,512,512,NO_RECORDED_FACTOR_PRP_OR_LL_RESULT_AND_NO_ACTIVE_GIMPS_ASSIGNMENT,2026-08-08T14:01:06+00:00,UNALLOCATED,,,,,
SLCMP585-4043,4043,4043,288699023,2^288699023-1,STRUCTURAL_SCREEN_EXHAUSTED_PRIMALITY_UNASSIGNED,GF3A_DIRECTIONAL_WRITE_EXHAUSTED_PRIMALITY_UNASSIGNED,514,512,512,NO_RECORDED_FACTOR_PRP_OR_LL_RESULT_AND_NO_ACTIVE_GIMPS_ASSIGNMENT,2026-08-08T14:01:06+00:00,UNALLOCATED,,,,,
SLCMP585-4044,4044,4044,288699077,2^288699077-1,STRUCTURAL_SCREEN_EXHAUSTED_PRIMALITY_UNASSIGNED,GF3A_DIRECTIONAL_WRITE_EXHAUSTED_PRIMALITY_UNASSIGNED,513,512,512,NO_RECORDED_FACTOR_PRP_OR_LL_RESULT_AND_NO_ACTIVE_GIMPS_ASSIGNMENT,2026-08-08T14:01:06+00:00,UNALLOCATED,,,,,
SLCMP585-4045,4045,4045,288699097,2^288699097-1,STRUCTURAL_SCREEN_EXHAUSTED_PRIMALITY_UNASSIGNED,GF3A_DIRECTIONAL_WRITE_EXHAUSTED_PRIMALITY_UNASSIGNED,513,512,512,NO_RECORDED_FACTOR_PRP_OR_LL_RESULT_AND_NO_ACTIVE_GIMPS_ASSIGNMENT,2026-08-08T14:01:06+00:00,UNALLOCATED,,,,,
SLCMP585-4046,4046,4046,288699133,2^288699133-1,STRUCTURAL_SCREEN_EXHAUSTED_PRIMALITY_UNASSIGNED,GF3A_DIRECTIONAL_WRITE_EXHAUSTED_PRIMALITY_UNASSIGNED,513,512,512,NO_RECORDED_FACTOR_PRP_OR_LL_RESULT_AND_NO_ACTIVE_GIMPS_ASSIGNMENT,2026-08-08T14:01:06+00:00,UNALLOCATED,,,,,
SLCMP585-4047,4047,4047,288699251,2^288699251-1,STRUCTURAL_SCREEN_EXHAUSTED_PRIMALITY_UNASSIGNED,GF3A_DIRECTIONAL_WRITE_EXHAUSTED_PRIMALITY_UNASSIGNED,514,512,512,NO_RECORDED_FACTOR_PRP_OR_LL_RESULT_AND_NO_ACTIVE_GIMPS_ASSIGNMENT,2026-08-08T14:01:06+00:00,UNALLOCATED,,,,,
SLCMP585-4048,4048,4048,288699269,2^288699269-1,STRUCTURAL_SCREEN_EXHAUSTED_PRIMALITY_UNASSIGNED,GF3A_DIRECTIONAL_WRITE_EXHAUSTED_PRIMALITY_UNASSIGNED,513,512,512,NO_RECORDED_FACTOR_PRP_OR_LL_RESULT_AND_NO_ACTIVE_GIMPS_ASSIGNMENT,2026-08-08T14:01:06+00:00,UNALLOCATED,,,,,
SLCMP585-4049,4049,4049,288699283,2^288699283-1,STRUCTURAL_SCREEN_EXHAUSTED_PRIMALITY_UNASSIGNED,GF3A_DIRECTIONAL_WRITE_EXHAUSTED_PRIMALITY_UNASSIGNED,514,512,512,NO_RECORDED_FACTOR_PRP_OR_LL_RESULT_AND_NO_ACTIVE_GIMPS_ASSIGNMENT,2026-08-08T14:01:06+00:00,UNALLOCATED,,,,,
SLCMP585-4050,4050,4050,288699461,2^288699461-1,STRUCTURAL_SCREEN_EXHAUSTED_PRIMALITY_UNASSIGNED,GF3A_DIRECTIONAL_WRITE_EXHAUSTED_PRIMALITY_UNASSIGNED,513,512,512,NO_RECORDED_FACTOR_PRP_OR_LL_RESULT_AND_NO_ACTIVE_GIMPS_ASSIGNMENT,2026-08-08T14:01:06+00:00,UNALLOCATED,,,,,
SLCMP585-4051,4051,4051,288699599,2^288699599-1,STRUCTURAL_SCREEN_EXHAUSTED_PRIMALITY_UNASSIGNED,GF3A_DIRECTIONAL_WRITE_EXHAUSTED_PRIMALITY_UNASSIGNED,514,512,512,NO_RECORDED_FACTOR_PRP_OR_LL_RESULT_AND_NO_ACTIVE_GIMPS_ASSIGNMENT,2026-08-08T14:01:06+00:00,UNALLOCATED,,,,,
SLCMP585-4052,4052,4052,288699601,2^288699601-1,STRUCTURAL_SCREEN_EXHAUSTED_PRIMALITY_UNASSIGNED,GF3A_DIRECTIONAL_WRITE_EXHAUSTED_PRIMALITY_UNASSIGNED,513,512,512,NO_RECORDED_FACTOR_PRP_OR_LL_RESULT_AND_NO_ACTIVE_GIMPS_ASSIGNMENT,2026-08-08T14:01:06+00:00,UNALLOCATED,,,,,
SLCMP585-4053,4053,4053,288699643,2^288699643-1,STRUCTURAL_SCREEN_EXHAUSTED_PRIMALITY_UNASSIGNED,GF3A_DIRECTIONAL_WRITE_EXHAUSTED_PRIMALITY_UNASSIGNED,514,512,512,NO_RECORDED_FACTOR_PRP_OR_LL_RESULT_AND_NO_ACTIVE_GIMPS_ASSIGNMENT,2026-08-08T14:01:06+00:00,UNALLOCATED,,,,,
SLCMP585-4054,4054,4054,288699659,2^288699659-1,STRUCTURAL_SCREEN_EXHAUSTED_PRIMALITY_UNASSIGNED,GF3A_DIRECTIONAL_WRITE_EXHAUSTED_PRIMALITY_UNASSIGNED,514,512,512,NO_RECORDED_FACTOR_PRP_OR_LL_RESULT_AND_NO_ACTIVE_GIMPS_ASSIGNMENT,2026-08-08T14:01:06+00:00,UNALLOCATED,,,,,
SLCMP585-4055,4055,4055,288699673,2^288699673-1,STRUCTURAL_SCREEN_EXHAUSTED_PRIMALITY_UNASSIGNED,GF3A_DIRECTIONAL_WRITE_EXHAUSTED_PRIMALITY_UNASSIGNED,513,512,512,NO_RECORDED_FACTOR_PRP_OR_LL_RESULT_AND_NO_ACTIVE_GIMPS_ASSIGNMENT,2026-08-08T14:01:06+00:00,UNALLOCATED,,,,,
SLCMP585-4056,4056,4056,288699679,2^288699679-1,STRUCTURAL_SCREEN_EXHAUSTED_PRIMALITY_UNASSIGNED,GF3A_DIRECTIONAL_WRITE_EXHAUSTED_PRIMALITY_UNASSIGNED,514,512,512,NO_RECORDED_FACTOR_PRP_OR_LL_RESULT_AND_NO_ACTIVE_GIMPS_ASSIGNMENT,2026-08-08T14:01:06+00:00,UNALLOCATED,,,,,
SLCMP585-4057,4057,4057,288699707,2^288699707-1,STRUCTURAL_SCREEN_EXHAUSTED_PRIMALITY_UNASSIGNED,GF3A_DIRECTIONAL_WRITE_EXHAUSTED_PRIMALITY_UNASSIGNED,514,512,512,NO_RECORDED_FACTOR_PRP_OR_LL_RESULT_AND_NO_ACTIVE_GIMPS_ASSIGNMENT,2026-08-08T14:01:06+00:00,UNALLOCATED,,,,,
SLCMP585-4058,4058,4058,288699751,2^288699751-1,STRUCTURAL_SCREEN_EXHAUSTED_PRIMALITY_UNASSIGNED,GF3A_DIRECTIONAL_WRITE_EXHAUSTED_PRIMALITY_UNASSIGNED,514,512,512,NO_RECORDED_FACTOR_PRP_OR_LL_RESULT_AND_NO_ACTIVE_GIMPS_ASSIGNMENT,2026-08-08T14:01:06+00:00,UNALLOCATED,,,,,
SLCMP585-4059,4059,4059,288699767,2^288699767-1,STRUCTURAL_SCREEN_EXHAUSTED_PRIMALITY_UNASSIGNED,GF3A_DIRECTIONAL_WRITE_EXHAUSTED_PRIMALITY_UNASSIGNED,514,512,512,NO_RECORDED_FACTOR_PRP_OR_LL_RESULT_AND_NO_ACTIVE_GIMPS_ASSIGNMENT,2026-08-08T14:01:06+00:00,UNALLOCATED,,,,,
SLCMP585-4060,4060,4060,288699821,2^288699821-1,STRUCTURAL_SCREEN_EXHAUSTED_PRIMALITY_UNASSIGNED,GF3A_DIRECTIONAL_WRITE_EXHAUSTED_PRIMALITY_UNASSIGNED,513,512,512,NO_RECORDED_FACTOR_PRP_OR_LL_RESULT_AND_NO_ACTIVE_GIMPS_ASSIGNMENT,2026-08-08T14:01:06+00:00,UNALLOCATED,,,,,
SLCMP585-4061,4061,4061,288699857,2^288699857-1,STRUCTURAL_SCREEN_EXHAUSTED_PRIMALITY_UNASSIGNED,GF3A_DIRECTIONAL_WRITE_EXHAUSTED_PRIMALITY_UNASSIGNED,513,512,512,NO_RECORDED_FACTOR_PRP_OR_LL_RESULT_AND_NO_ACTIVE_GIMPS_ASSIGNMENT,2026-08-08T14:01:06+00:00,UNALLOCATED,,,,,
SLCMP585-4062,4062,4062,288699941,2^288699941-1,STRUCTURAL_SCREEN_EXHAUSTED_PRIMALITY_UNASSIGNED,GF3A_DIRECTIONAL_WRITE_EXHAUSTED_PRIMALITY_UNASSIGNED,513,512,512,NO_RECORDED_FACTOR_PRP_OR_LL_RESULT_AND_NO_ACTIVE_GIMPS_ASSIGNMENT,2026-08-08T14:01:06+00:00,UNALLOCATED,,,,,
SLCMP585-4063,4063,4063,288699947,2^288699947-1,STRUCTURAL_SCREEN_EXHAUSTED_PRIMALITY_UNASSIGNED,GF3A_DIRECTIONAL_WRITE_EXHAUSTED_PRIMALITY_UNASSIGNED,514,512,512,NO_RECORDED_FACTOR_PRP_OR_LL_RESULT_AND_NO_ACTIVE_GIMPS_ASSIGNMENT,2026-08-08T14:01:06+00:00,UNALLOCATED,,,,,
SLCMP585-4064,4064,4064,288700021,2^288700021-1,STRUCTURAL_SCREEN_EXHAUSTED_PRIMALITY_UNASSIGNED,GF3A_DIRECTIONAL_WRITE_EXHAUSTED_PRIMALITY_UNASSIGNED,513,512,512,NO_RECORDED_FACTOR_PRP_OR_LL_RESULT_AND_NO_ACTIVE_GIMPS_ASSIGNMENT,2026-08-08T14:01:06+00:00,UNALLOCATED,,,,,
SLCMP585-4065,4065,4065,288700043,2^288700043-1,STRUCTURAL_SCREEN_EXHAUSTED_PRIMALITY_UNASSIGNED,GF3A_DIRECTIONAL_WRITE_EXHAUSTED_PRIMALITY_UNASSIGNED,514,512,512,NO_RECORDED_FACTOR_PRP_OR_LL_RESULT_AND_NO_ACTIVE_GIMPS_ASSIGNMENT,2026-08-08T14:01:06+00:00,UNALLOCATED,,,,,
SLCMP585-4066,4066,4066,288700051,2^288700051-1,STRUCTURAL_SCREEN_EXHAUSTED_PRIMALITY_UNASSIGNED,GF3A_DIRECTIONAL_WRITE_EXHAUSTED_PRIMALITY_UNASSIGNED,514,512,512,NO_RECORDED_FACTOR_PRP_OR_LL_RESULT_AND_NO_ACTIVE_GIMPS_ASSIGNMENT,2026-08-08T14:01:06+00:00,UNALLOCATED,,,,,
SLCMP585-4067,4067,4067,288700067,2^288700067-1,STRUCTURAL_SCREEN_EXHAUSTED_PRIMALITY_UNASSIGNED,GF3A_DIRECTIONAL_WRITE_EXHAUSTED_PRIMALITY_UNASSIGNED,514,512,512,NO_RECORDED_FACTOR_PRP_OR_LL_RESULT_AND_NO_ACTIVE_GIMPS_ASSIGNMENT,2026-08-08T14:01:06+00:00,UNALLOCATED,,,,,
SLCMP585-4068,4068,4068,288700121,2^288700121-1,STRUCTURAL_SCREEN_EXHAUSTED_PRIMALITY_UNASSIGNED,GF3A_DIRECTIONAL_WRITE_EXHAUSTED_PRIMALITY_UNASSIGNED,513,512,512,NO_RECORDED_FACTOR_PRP_OR_LL_RESULT_AND_NO_ACTIVE_GIMPS_ASSIGNMENT,2026-08-08T14:01:06+00:00,UNALLOCATED,,,,,
SLCMP585-4069,4069,4069,288700267,2^288700267-1,STRUCTURAL_SCREEN_EXHAUSTED_PRIMALITY_UNASSIGNED,GF3A_DIRECTIONAL_WRITE_EXHAUSTED_PRIMALITY_UNASSIGNED,514,512,512,NO_RECORDED_FACTOR_PRP_OR_LL_RESULT_AND_NO_ACTIVE_GIMPS_ASSIGNMENT,2026-08-08T14:01:06+00:00,UNALLOCATED,,,,,
SLCMP585-4070,4070,4070,288700333,2^288700333-1,STRUCTURAL_SCREEN_EXHAUSTED_PRIMALITY_UNASSIGNED,GF3A_DIRECTIONAL_WRITE_EXHAUSTED_PRIMALITY_UNASSIGNED,513,512,512,NO_RECORDED_FACTOR_PRP_OR_LL_RESULT_AND_NO_ACTIVE_GIMPS_ASSIGNMENT,2026-08-08T14:01:06+00:00,UNALLOCATED,,,,,
SLCMP585-4071,4071,4071,288700397,2^288700397-1,STRUCTURAL_SCREEN_EXHAUSTED_PRIMALITY_UNASSIGNED,GF3A_DIRECTIONAL_WRITE_EXHAUSTED_PRIMALITY_UNASSIGNED,513,512,512,NO_RECORDED_FACTOR_PRP_OR_LL_RESULT_AND_NO_ACTIVE_GIMPS_ASSIGNMENT,2026-08-08T14:01:06+00:00,UNALLOCATED,,,,,
SLCMP585-4072,4072,4072,288700403,2^288700403-1,STRUCTURAL_SCREEN_EXHAUSTED_PRIMALITY_UNASSIGNED,GF3A_DIRECTIONAL_WRITE_EXHAUSTED_PRIMALITY_UNASSIGNED,514,512,512,NO_RECORDED_FACTOR_PRP_OR_LL_RESULT_AND_NO_ACTIVE_GIMPS_ASSIGNMENT,2026-08-08T14:01:06+00:00,UNALLOCATED,,,,,
SLCMP585-4073,4073,4073,288700411,2^288700411-1,STRUCTURAL_SCREEN_EXHAUSTED_PRIMALITY_UNASSIGNED,GF3A_DIRECTIONAL_WRITE_EXHAUSTED_PRIMALITY_UNASSIGNED,514,512,512,NO_RECORDED_FACTOR_PRP_OR_LL_RESULT_AND_NO_ACTIVE_GIMPS_ASSIGNMENT,2026-08-08T14:01:06+00:00,UNALLOCATED,,,,,
SLCMP585-4074,4074,4074,288700429,2^288700429-1,STRUCTURAL_SCREEN_EXHAUSTED_PRIMALITY_UNASSIGNED,GF3A_DIRECTIONAL_WRITE_EXHAUSTED_PRIMALITY_UNASSIGNED,513,512,512,NO_RECORDED_FACTOR_PRP_OR_LL_RESULT_AND_NO_ACTIVE_GIMPS_ASSIGNMENT,2026-08-08T14:01:06+00:00,UNALLOCATED,,,,,
SLCMP585-4075,4075,4075,288700499,2^288700499-1,STRUCTURAL_SCREEN_EXHAUSTED_PRIMALITY_UNASSIGNED,GF3A_DIRECTIONAL_WRITE_EXHAUSTED_PRIMALITY_UNASSIGNED,514,512,512,NO_RECORDED_FACTOR_PRP_OR_LL_RESULT_AND_NO_ACTIVE_GIMPS_ASSIGNMENT,2026-08-08T14:01:06+00:00,UNALLOCATED,,,,,
SLCMP585-4076,4076,4076,288700501,2^288700501-1,STRUCTURAL_SCREEN_EXHAUSTED_PRIMALITY_UNASSIGNED,GF3A_DIRECTIONAL_WRITE_EXHAUSTED_PRIMALITY_UNASSIGNED,513,512,512,NO_RECORDED_FACTOR_PRP_OR_LL_RESULT_AND_NO_ACTIVE_GIMPS_ASSIGNMENT,2026-08-08T14:01:06+00:00,UNALLOCATED,,,,,
SLCMP585-4077,4077,4077,288700519,2^288700519-1,STRUCTURAL_SCREEN_EXHAUSTED_PRIMALITY_UNASSIGNED,GF3A_DIRECTIONAL_WRITE_EXHAUSTED_PRIMALITY_UNASSIGNED,514,512,512,NO_RECORDED_FACTOR_PRP_OR_LL_RESULT_AND_NO_ACTIVE_GIMPS_ASSIGNMENT,2026-08-08T14:01:06+00:00,UNALLOCATED,,,,,
SLCMP585-4078,4078,4078,288700543,2^288700543-1,STRUCTURAL_SCREEN_EXHAUSTED_PRIMALITY_UNASSIGNED,GF3A_DIRECTIONAL_WRITE_EXHAUSTED_PRIMALITY_UNASSIGNED,514,512,512,NO_RECORDED_FACTOR_PRP_OR_LL_RESULT_AND_NO_ACTIVE_GIMPS_ASSIGNMENT,2026-08-08T14:01:06+00:00,UNALLOCATED,,,,,
SLCMP585-4079,4079,4079,288700759,2^288700759-1,STRUCTURAL_SCREEN_EXHAUSTED_PRIMALITY_UNASSIGNED,GF3A_DIRECTIONAL_WRITE_EXHAUSTED_PRIMALITY_UNASSIGNED,514,512,512,NO_RECORDED_FACTOR_PRP_OR_LL_RESULT_AND_NO_ACTIVE_GIMPS_ASSIGNMENT,2026-08-08T14:01:06+00:00,UNALLOCATED,,,,,
SLCMP585-4080,4080,4080,288700849,2^288700849-1,STRUCTURAL_SCREEN_EXHAUSTED_PRIMALITY_UNASSIGNED,GF3A_DIRECTIONAL_WRITE_EXHAUSTED_PRIMALITY_UNASSIGNED,513,512,512,NO_RECORDED_FACTOR_PRP_OR_LL_RESULT_AND_NO_ACTIVE_GIMPS_ASSIGNMENT,2026-08-08T14:01:06+00:00,UNALLOCATED,,,,,
SLCMP585-4081,4081,4081,288700883,2^288700883-1,STRUCTURAL_SCREEN_EXHAUSTED_PRIMALITY_UNASSIGNED,GF3A_DIRECTIONAL_WRITE_EXHAUSTED_PRIMALITY_UNASSIGNED,514,512,512,NO_RECORDED_FACTOR_PRP_OR_LL_RESULT_AND_NO_ACTIVE_GIMPS_ASSIGNMENT,2026-08-08T14:01:06+00:00,UNALLOCATED,,,,,
SLCMP585-4082,4082,4082,288700901,2^288700901-1,STRUCTURAL_SCREEN_EXHAUSTED_PRIMALITY_UNASSIGNED,GF3A_DIRECTIONAL_WRITE_EXHAUSTED_PRIMALITY_UNASSIGNED,513,512,512,NO_RECORDED_FACTOR_PRP_OR_LL_RESULT_AND_NO_ACTIVE_GIMPS_ASSIGNMENT,2026-08-08T14:01:06+00:00,UNALLOCATED,,,,,
SLCMP585-4083,4083,4083,288700933,2^288700933-1,STRUCTURAL_SCREEN_EXHAUSTED_PRIMALITY_UNASSIGNED,GF3A_DIRECTIONAL_WRITE_EXHAUSTED_PRIMALITY_UNASSIGNED,513,512,512,NO_RECORDED_FACTOR_PRP_OR_LL_RESULT_AND_NO_ACTIVE_GIMPS_ASSIGNMENT,2026-08-08T14:01:06+00:00,UNALLOCATED,,,,,
SLCMP585-4084,4084,4084,288700943,2^288700943-1,STRUCTURAL_SCREEN_EXHAUSTED_PRIMALITY_UNASSIGNED,GF3A_DIRECTIONAL_WRITE_EXHAUSTED_PRIMALITY_UNASSIGNED,514,512,512,NO_RECORDED_FACTOR_PRP_OR_LL_RESULT_AND_NO_ACTIVE_GIMPS_ASSIGNMENT,2026-08-08T14:01:06+00:00,UNALLOCATED,,,,,
SLCMP585-4085,4085,4085,288700999,2^288700999-1,STRUCTURAL_SCREEN_EXHAUSTED_PRIMALITY_UNASSIGNED,GF3A_DIRECTIONAL_WRITE_EXHAUSTED_PRIMALITY_UNASSIGNED,514,512,512,NO_RECORDED_FACTOR_PRP_OR_LL_RESULT_AND_NO_ACTIVE_GIMPS_ASSIGNMENT,2026-08-08T14:01:06+00:00,UNALLOCATED,,,,,
SLCMP585-4086,4086,4086,288701033,2^288701033-1,STRUCTURAL_SCREEN_EXHAUSTED_PRIMALITY_UNASSIGNED,GF3A_DIRECTIONAL_WRITE_EXHAUSTED_PRIMALITY_UNASSIGNED,513,512,512,NO_RECORDED_FACTOR_PRP_OR_LL_RESULT_AND_NO_ACTIVE_GIMPS_ASSIGNMENT,2026-08-08T14:01:06+00:00,UNALLOCATED,,,,,
SLCMP585-4087,4087,4087,288701051,2^288701051-1,STRUCTURAL_SCREEN_EXHAUSTED_PRIMALITY_UNASSIGNED,GF3A_DIRECTIONAL_WRITE_EXHAUSTED_PRIMALITY_UNASSIGNED,514,512,512,NO_RECORDED_FACTOR_PRP_OR_LL_RESULT_AND_NO_ACTIVE_GIMPS_ASSIGNMENT,2026-08-08T14:01:06+00:00,UNALLOCATED,,,,,
SLCMP585-4088,4088,4088,288701251,2^288701251-1,STRUCTURAL_SCREEN_EXHAUSTED_PRIMALITY_UNASSIGNED,GF3A_DIRECTIONAL_WRITE_EXHAUSTED_PRIMALITY_UNASSIGNED,514,512,512,NO_RECORDED_FACTOR_PRP_OR_LL_RESULT_AND_NO_ACTIVE_GIMPS_ASSIGNMENT,2026-08-08T14:01:06+00:00,UNALLOCATED,,,,,
SLCMP585-4089,4089,4089,288701263,2^288701263-1,STRUCTURAL_SCREEN_EXHAUSTED_PRIMALITY_UNASSIGNED,GF3A_DIRECTIONAL_WRITE_EXHAUSTED_PRIMALITY_UNASSIGNED,514,512,512,NO_RECORDED_FACTOR_PRP_OR_LL_RESULT_AND_NO_ACTIVE_GIMPS_ASSIGNMENT,2026-08-08T14:01:06+00:00,UNALLOCATED,,,,,
SLCMP585-4090,4090,4090,288701299,2^288701299-1,STRUCTURAL_SCREEN_EXHAUSTED_PRIMALITY_UNASSIGNED,GF3A_DIRECTIONAL_WRITE_EXHAUSTED_PRIMALITY_UNASSIGNED,514,512,512,NO_RECORDED_FACTOR_PRP_OR_LL_RESULT_AND_NO_ACTIVE_GIMPS_ASSIGNMENT,2026-08-08T14:01:06+00:00,UNALLOCATED,,,,,
SLCMP585-4091,4091,4091,288701323,2^288701323-1,STRUCTURAL_SCREEN_EXHAUSTED_PRIMALITY_UNASSIGNED,GF3A_DIRECTIONAL_WRITE_EXHAUSTED_PRIMALITY_UNASSIGNED,514,512,512,NO_RECORDED_FACTOR_PRP_OR_LL_RESULT_AND_NO_ACTIVE_GIMPS_ASSIGNMENT,2026-08-08T14:01:06+00:00,UNALLOCATED,,,,,
SLCMP585-4092,4092,4092,288701381,2^288701381-1,STRUCTURAL_SCREEN_EXHAUSTED_PRIMALITY_UNASSIGNED,GF3A_DIRECTIONAL_WRITE_EXHAUSTED_PRIMALITY_UNASSIGNED,513,512,512,NO_RECORDED_FACTOR_PRP_OR_LL_RESULT_AND_NO_ACTIVE_GIMPS_ASSIGNMENT,2026-08-08T14:01:06+00:00,UNALLOCATED,,,,,
SLCMP585-4093,4093,4093,288701389,2^288701389-1,STRUCTURAL_SCREEN_EXHAUSTED_PRIMALITY_UNASSIGNED,GF3A_DIRECTIONAL_WRITE_EXHAUSTED_PRIMALITY_UNASSIGNED,513,512,512,NO_RECORDED_FACTOR_PRP_OR_LL_RESULT_AND_NO_ACTIVE_GIMPS_ASSIGNMENT,2026-08-08T14:01:06+00:00,UNALLOCATED,,,,,
SLCMP585-4094,4094,4094,288701393,2^288701393-1,STRUCTURAL_SCREEN_EXHAUSTED_PRIMALITY_UNASSIGNED,GF3A_DIRECTIONAL_WRITE_EXHAUSTED_PRIMALITY_UNASSIGNED,513,512,512,NO_RECORDED_FACTOR_PRP_OR_LL_RESULT_AND_NO_ACTIVE_GIMPS_ASSIGNMENT,2026-08-08T14:01:06+00:00,UNALLOCATED,,,,,
SLCMP585-4095,4095,4095,288701453,2^288701453-1,STRUCTURAL_SCREEN_EXHAUSTED_PRIMALITY_UNASSIGNED,GF3A_DIRECTIONAL_WRITE_EXHAUSTED_PRIMALITY_UNASSIGNED,513,512,512,NO_RECORDED_FACTOR_PRP_OR_LL_RESULT_AND_NO_ACTIVE_GIMPS_ASSIGNMENT,2026-08-08T14:01:06+00:00,UNALLOCATED,,,,,
SLCMP585-4096,4096,4096,288701507,2^288701507-1,STRUCTURAL_SCREEN_EXHAUSTED_PRIMALITY_UNASSIGNED,GF3A_DIRECTIONAL_WRITE_EXHAUSTED_PRIMALITY_UNASSIGNED,514,512,512,NO_RECORDED_FACTOR_PRP_OR_LL_RESULT_AND_NO_ACTIVE_GIMPS_ASSIGNMENT,2026-08-08T14:01:06+00:00,UNALLOCATED,,,,,
SLCMP585-4097,4097,4097,288701563,2^288701563-1,STRUCTURAL_SCREEN_EXHAUSTED_PRIMALITY_UNASSIGNED,GF3A_DIRECTIONAL_WRITE_EXHAUSTED_PRIMALITY_UNASSIGNED,514,512,512,NO_RECORDED_FACTOR_PRP_OR_LL_RESULT_AND_NO_ACTIVE_GIMPS_ASSIGNMENT,2026-08-08T14:01:06+00:00,UNALLOCATED,,,,,
SLCMP585-4098,4098,4098,288701591,2^288701591-1,STRUCTURAL_SCREEN_EXHAUSTED_PRIMALITY_UNASSIGNED,GF3A_DIRECTIONAL_WRITE_EXHAUSTED_PRIMALITY_UNASSIGNED,514,512,512,NO_RECORDED_FACTOR_PRP_OR_LL_RESULT_AND_NO_ACTIVE_GIMPS_ASSIGNMENT,2026-08-08T14:01:06+00:00,UNALLOCATED,,,,,
SLCMP585-4099,4099,4099,288701659,2^288701659-1,STRUCTURAL_SCREEN_EXHAUSTED_PRIMALITY_UNASSIGNED,GF3A_DIRECTIONAL_WRITE_EXHAUSTED_PRIMALITY_UNASSIGNED,514,512,512,NO_RECORDED_FACTOR_PRP_OR_LL_RESULT_AND_NO_ACTIVE_GIMPS_ASSIGNMENT,2026-08-08T14:01:06+00:00,UNALLOCATED,,,,,
SLCMP585-4100,4100,4100,288701719,2^288701719-1,STRUCTURAL_SCREEN_EXHAUSTED_PRIMALITY_UNASSIGNED,GF3A_DIRECTIONAL_WRITE_EXHAUSTED_PRIMALITY_UNASSIGNED,514,512,512,NO_RECORDED_FACTOR_PRP_OR_LL_RESULT_AND_NO_ACTIVE_GIMPS_ASSIGNMENT,2026-08-08T14:01:06+00:00,UNALLOCATED,,,,,
SLCMP585-4101,4101,4101,288701783,2^288701783-1,STRUCTURAL_SCREEN_EXHAUSTED_PRIMALITY_UNASSIGNED,GF3A_DIRECTIONAL_WRITE_EXHAUSTED_PRIMALITY_UNASSIGNED,514,512,512,NO_RECORDED_FACTOR_PRP_OR_LL_RESULT_AND_NO_ACTIVE_GIMPS_ASSIGNMENT,2026-08-08T14:01:06+00:00,UNALLOCATED,,,,,
SLCMP585-4102,4102,4102,288701813,2^288701813-1,STRUCTURAL_SCREEN_EXHAUSTED_PRIMALITY_UNASSIGNED,GF3A_DIRECTIONAL_WRITE_EXHAUSTED_PRIMALITY_UNASSIGNED,513,512,512,NO_RECORDED_FACTOR_PRP_OR_LL_RESULT_AND_NO_ACTIVE_GIMPS_ASSIGNMENT,2026-08-08T14:01:06+00:00,UNALLOCATED,,,,,
SLCMP585-4103,4103,4103,288701843,2^288701843-1,STRUCTURAL_SCREEN_EXHAUSTED_PRIMALITY_UNASSIGNED,GF3A_DIRECTIONAL_WRITE_EXHAUSTED_PRIMALITY_UNASSIGNED,514,512,512,NO_RECORDED_FACTOR_PRP_OR_LL_RESULT_AND_NO_ACTIVE_GIMPS_ASSIGNMENT,2026-08-08T14:01:06+00:00,UNALLOCATED,,,,,
SLCMP585-4104,4104,4104,288701909,2^288701909-1,STRUCTURAL_SCREEN_EXHAUSTED_PRIMALITY_UNASSIGNED,GF3A_DIRECTIONAL_WRITE_EXHAUSTED_PRIMALITY_UNASSIGNED,513,512,512,NO_RECORDED_FACTOR_PRP_OR_LL_RESULT_AND_NO_ACTIVE_GIMPS_ASSIGNMENT,2026-08-08T14:01:06+00:00,UNALLOCATED,,,,,
SLCMP585-4105,4105,4105,288701999,2^288701999-1,STRUCTURAL_SCREEN_EXHAUSTED_PRIMALITY_UNASSIGNED,GF3A_DIRECTIONAL_WRITE_EXHAUSTED_PRIMALITY_UNASSIGNED,514,512,512,NO_RECORDED_FACTOR_PRP_OR_LL_RESULT_AND_NO_ACTIVE_GIMPS_ASSIGNMENT,2026-08-08T14:01:06+00:00,UNALLOCATED,,,,,
SLCMP585-4106,4106,4106,288702091,2^288702091-1,STRUCTURAL_SCREEN_EXHAUSTED_PRIMALITY_UNASSIGNED,GF3A_DIRECTIONAL_WRITE_EXHAUSTED_PRIMALITY_UNASSIGNED,514,512,512,NO_RECORDED_FACTOR_PRP_OR_LL_RESULT_AND_NO_ACTIVE_GIMPS_ASSIGNMENT,2026-08-08T14:01:06+00:00,UNALLOCATED,,,,,
SLCMP585-4107,4107,4107,288702097,2^288702097-1,STRUCTURAL_SCREEN_EXHAUSTED_PRIMALITY_UNASSIGNED,GF3A_DIRECTIONAL_WRITE_EXHAUSTED_PRIMALITY_UNASSIGNED,513,512,512,NO_RECORDED_FACTOR_PRP_OR_LL_RESULT_AND_NO_ACTIVE_GIMPS_ASSIGNMENT,2026-08-08T14:01:06+00:00,UNALLOCATED,,,,,
SLCMP585-4108,4108,4108,288702133,2^288702133-1,STRUCTURAL_SCREEN_EXHAUSTED_PRIMALITY_UNASSIGNED,GF3A_DIRECTIONAL_WRITE_EXHAUSTED_PRIMALITY_UNASSIGNED,513,512,512,NO_RECORDED_FACTOR_PRP_OR_LL_RESULT_AND_NO_ACTIVE_GIMPS_ASSIGNMENT,2026-08-08T14:01:06+00:00,UNALLOCATED,,,,,
SLCMP585-4109,4109,4109,288702241,2^288702241-1,STRUCTURAL_SCREEN_EXHAUSTED_PRIMALITY_UNASSIGNED,GF3A_DIRECTIONAL_WRITE_EXHAUSTED_PRIMALITY_UNASSIGNED,513,512,512,NO_RECORDED_FACTOR_PRP_OR_LL_RESULT_AND_NO_ACTIVE_GIMPS_ASSIGNMENT,2026-08-08T14:01:06+00:00,UNALLOCATED,,,,,
SLCMP585-4110,4110,4110,288702431,2^288702431-1,STRUCTURAL_SCREEN_EXHAUSTED_PRIMALITY_UNASSIGNED,GF3A_DIRECTIONAL_WRITE_EXHAUSTED_PRIMALITY_UNASSIGNED,514,512,512,NO_RECORDED_FACTOR_PRP_OR_LL_RESULT_AND_NO_ACTIVE_GIMPS_ASSIGNMENT,2026-08-08T14:01:06+00:00,UNALLOCATED,,,,,
SLCMP585-4111,4111,4111,288702451,2^288702451-1,STRUCTURAL_SCREEN_EXHAUSTED_PRIMALITY_UNASSIGNED,GF3A_DIRECTIONAL_WRITE_EXHAUSTED_PRIMALITY_UNASSIGNED,514,512,512,NO_RECORDED_FACTOR_PRP_OR_LL_RESULT_AND_NO_ACTIVE_GIMPS_ASSIGNMENT,2026-08-08T14:01:06+00:00,UNALLOCATED,,,,,
SLCMP585-4112,4112,4112,288702497,2^288702497-1,STRUCTURAL_SCREEN_EXHAUSTED_PRIMALITY_UNASSIGNED,GF3A_DIRECTIONAL_WRITE_EXHAUSTED_PRIMALITY_UNASSIGNED,513,512,512,NO_RECORDED_FACTOR_PRP_OR_LL_RESULT_AND_NO_ACTIVE_GIMPS_ASSIGNMENT,2026-08-08T14:01:06+00:00,UNALLOCATED,,,,,
SLCMP585-4113,4113,4113,288702677,2^288702677-1,STRUCTURAL_SCREEN_EXHAUSTED_PRIMALITY_UNASSIGNED,GF3A_DIRECTIONAL_WRITE_EXHAUSTED_PRIMALITY_UNASSIGNED,513,512,512,NO_RECORDED_FACTOR_PRP_OR_LL_RESULT_AND_NO_ACTIVE_GIMPS_ASSIGNMENT,2026-08-08T14:01:06+00:00,UNALLOCATED,,,,,
SLCMP585-4114,4114,4114,288702709,2^288702709-1,STRUCTURAL_SCREEN_EXHAUSTED_PRIMALITY_UNASSIGNED,GF3A_DIRECTIONAL_WRITE_EXHAUSTED_PRIMALITY_UNASSIGNED,513,512,512,NO_RECORDED_FACTOR_PRP_OR_LL_RESULT_AND_NO_ACTIVE_GIMPS_ASSIGNMENT,2026-08-08T14:01:06+00:00,UNALLOCATED,,,,,
SLCMP585-4115,4115,4115,288702761,2^288702761-1,STRUCTURAL_SCREEN_EXHAUSTED_PRIMALITY_UNASSIGNED,GF3A_DIRECTIONAL_WRITE_EXHAUSTED_PRIMALITY_UNASSIGNED,513,512,512,NO_RECORDED_FACTOR_PRP_OR_LL_RESULT_AND_NO_ACTIVE_GIMPS_ASSIGNMENT,2026-08-08T14:01:06+00:00,UNALLOCATED,,,,,
SLCMP585-4116,4116,4116,288702899,2^288702899-1,STRUCTURAL_SCREEN_EXHAUSTED_PRIMALITY_UNASSIGNED,GF3A_DIRECTIONAL_WRITE_EXHAUSTED_PRIMALITY_UNASSIGNED,514,512,512,NO_RECORDED_FACTOR_PRP_OR_LL_RESULT_AND_NO_ACTIVE_GIMPS_ASSIGNMENT,2026-08-08T14:01:06+00:00,UNALLOCATED,,,,,
SLCMP585-4117,4117,4117,288703003,2^288703003-1,STRUCTURAL_SCREEN_EXHAUSTED_PRIMALITY_UNASSIGNED,GF3A_DIRECTIONAL_WRITE_EXHAUSTED_PRIMALITY_UNASSIGNED,514,512,512,NO_RECORDED_FACTOR_PRP_OR_LL_RESULT_AND_NO_ACTIVE_GIMPS_ASSIGNMENT,2026-08-08T14:01:06+00:00,UNALLOCATED,,,,,
SLCMP585-4118,4118,4118,288703021,2^288703021-1,STRUCTURAL_SCREEN_EXHAUSTED_PRIMALITY_UNASSIGNED,GF3A_DIRECTIONAL_WRITE_EXHAUSTED_PRIMALITY_UNASSIGNED,513,512,512,NO_RECORDED_FACTOR_PRP_OR_LL_RESULT_AND_NO_ACTIVE_GIMPS_ASSIGNMENT,2026-08-08T14:01:06+00:00,UNALLOCATED,,,,,
SLCMP585-4119,4119,4119,288703049,2^288703049-1,STRUCTURAL_SCREEN_EXHAUSTED_PRIMALITY_UNASSIGNED,GF3A_DIRECTIONAL_WRITE_EXHAUSTED_PRIMALITY_UNASSIGNED,513,512,512,NO_RECORDED_FACTOR_PRP_OR_LL_RESULT_AND_NO_ACTIVE_GIMPS_ASSIGNMENT,2026-08-08T14:01:06+00:00,UNALLOCATED,,,,,
SLCMP585-4120,4120,4120,288703073,2^288703073-1,STRUCTURAL_SCREEN_EXHAUSTED_PRIMALITY_UNASSIGNED,GF3A_DIRECTIONAL_WRITE_EXHAUSTED_PRIMALITY_UNASSIGNED,513,512,512,NO_RECORDED_FACTOR_PRP_OR_LL_RESULT_AND_NO_ACTIVE_GIMPS_ASSIGNMENT,2026-08-08T14:01:06+00:00,UNALLOCATED,,,,,
SLCMP585-4121,4121,4121,288703097,2^288703097-1,STRUCTURAL_SCREEN_EXHAUSTED_PRIMALITY_UNASSIGNED,GF3A_DIRECTIONAL_WRITE_EXHAUSTED_PRIMALITY_UNASSIGNED,513,512,512,NO_RECORDED_FACTOR_PRP_OR_LL_RESULT_AND_NO_ACTIVE_GIMPS_ASSIGNMENT,2026-08-08T14:01:06+00:00,UNALLOCATED,,,,,
SLCMP585-4122,4122,4122,288703109,2^288703109-1,STRUCTURAL_SCREEN_EXHAUSTED_PRIMALITY_UNASSIGNED,GF3A_DIRECTIONAL_WRITE_EXHAUSTED_PRIMALITY_UNASSIGNED,513,512,512,NO_RECORDED_FACTOR_PRP_OR_LL_RESULT_AND_NO_ACTIVE_GIMPS_ASSIGNMENT,2026-08-08T14:01:06+00:00,UNALLOCATED,,,,,
SLCMP585-4123,4123,4123,288703169,2^288703169-1,STRUCTURAL_SCREEN_EXHAUSTED_PRIMALITY_UNASSIGNED,GF3A_DIRECTIONAL_WRITE_EXHAUSTED_PRIMALITY_UNASSIGNED,513,512,512,NO_RECORDED_FACTOR_PRP_OR_LL_RESULT_AND_NO_ACTIVE_GIMPS_ASSIGNMENT,2026-08-08T14:01:06+00:00,UNALLOCATED,,,,,
SLCMP585-4124,4124,4124,288703189,2^288703189-1,STRUCTURAL_SCREEN_EXHAUSTED_PRIMALITY_UNASSIGNED,GF3A_DIRECTIONAL_WRITE_EXHAUSTED_PRIMALITY_UNASSIGNED,513,512,512,NO_RECORDED_FACTOR_PRP_OR_LL_RESULT_AND_NO_ACTIVE_GIMPS_ASSIGNMENT,2026-08-08T14:01:06+00:00,UNALLOCATED,,,,,
SLCMP585-4125,4125,4125,288703211,2^288703211-1,STRUCTURAL_SCREEN_EXHAUSTED_PRIMALITY_UNASSIGNED,GF3A_DIRECTIONAL_WRITE_EXHAUSTED_PRIMALITY_UNASSIGNED,514,512,512,NO_RECORDED_FACTOR_PRP_OR_LL_RESULT_AND_NO_ACTIVE_GIMPS_ASSIGNMENT,2026-08-08T14:01:06+00:00,UNALLOCATED,,,,,
SLCMP585-4126,4126,4126,288703249,2^288703249-1,STRUCTURAL_SCREEN_EXHAUSTED_PRIMALITY_UNASSIGNED,GF3A_DIRECTIONAL_WRITE_EXHAUSTED_PRIMALITY_UNASSIGNED,513,512,512,NO_RECORDED_FACTOR_PRP_OR_LL_RESULT_AND_NO_ACTIVE_GIMPS_ASSIGNMENT,2026-08-08T14:01:06+00:00,UNALLOCATED,,,,,
SLCMP585-4127,4127,4127,288703319,2^288703319-1,STRUCTURAL_SCREEN_EXHAUSTED_PRIMALITY_UNASSIGNED,GF3A_DIRECTIONAL_WRITE_EXHAUSTED_PRIMALITY_UNASSIGNED,514,512,512,NO_RECORDED_FACTOR_PRP_OR_LL_RESULT_AND_NO_ACTIVE_GIMPS_ASSIGNMENT,2026-08-08T14:01:06+00:00,UNALLOCATED,,,,,
SLCMP585-4128,4128,4128,288703321,2^288703321-1,STRUCTURAL_SCREEN_EXHAUSTED_PRIMALITY_UNASSIGNED,GF3A_DIRECTIONAL_WRITE_EXHAUSTED_PRIMALITY_UNASSIGNED,513,512,512,NO_RECORDED_FACTOR_PRP_OR_LL_RESULT_AND_NO_ACTIVE_GIMPS_ASSIGNMENT,2026-08-08T14:01:06+00:00,UNALLOCATED,,,,,
SLCMP585-4129,4129,4129,288703339,2^288703339-1,STRUCTURAL_SCREEN_EXHAUSTED_PRIMALITY_UNASSIGNED,GF3A_DIRECTIONAL_WRITE_EXHAUSTED_PRIMALITY_UNASSIGNED,514,512,512,NO_RECORDED_FACTOR_PRP_OR_LL_RESULT_AND_NO_ACTIVE_GIMPS_ASSIGNMENT,2026-08-08T14:01:06+00:00,UNALLOCATED,,,,,
SLCMP585-4130,4130,4130,288703351,2^288703351-1,STRUCTURAL_SCREEN_EXHAUSTED_PRIMALITY_UNASSIGNED,GF3A_DIRECTIONAL_WRITE_EXHAUSTED_PRIMALITY_UNASSIGNED,514,512,512,NO_RECORDED_FACTOR_PRP_OR_LL_RESULT_AND_NO_ACTIVE_GIMPS_ASSIGNMENT,2026-08-08T14:01:06+00:00,UNALLOCATED,,,,,
SLCMP585-4131,4131,4131,288703391,2^288703391-1,STRUCTURAL_SCREEN_EXHAUSTED_PRIMALITY_UNASSIGNED,GF3A_DIRECTIONAL_WRITE_EXHAUSTED_PRIMALITY_UNASSIGNED,514,512,512,NO_RECORDED_FACTOR_PRP_OR_LL_RESULT_AND_NO_ACTIVE_GIMPS_ASSIGNMENT,2026-08-08T14:01:06+00:00,UNALLOCATED,,,,,
SLCMP585-4132,4132,4132,288703397,2^288703397-1,STRUCTURAL_SCREEN_EXHAUSTED_PRIMALITY_UNASSIGNED,GF3A_DIRECTIONAL_WRITE_EXHAUSTED_PRIMALITY_UNASSIGNED,513,512,512,NO_RECORDED_FACTOR_PRP_OR_LL_RESULT_AND_NO_ACTIVE_GIMPS_ASSIGNMENT,2026-08-08T14:01:06+00:00,UNALLOCATED,,,,,
SLCMP585-4133,4133,4133,288703517,2^288703517-1,STRUCTURAL_SCREEN_EXHAUSTED_PRIMALITY_UNASSIGNED,GF3A_DIRECTIONAL_WRITE_EXHAUSTED_PRIMALITY_UNASSIGNED,513,512,512,NO_RECORDED_FACTOR_PRP_OR_LL_RESULT_AND_NO_ACTIVE_GIMPS_ASSIGNMENT,2026-08-08T14:01:06+00:00,UNALLOCATED,,,,,
SLCMP585-4134,4134,4134,288703549,2^288703549-1,STRUCTURAL_SCREEN_EXHAUSTED_PRIMALITY_UNASSIGNED,GF3A_DIRECTIONAL_WRITE_EXHAUSTED_PRIMALITY_UNASSIGNED,513,512,512,NO_RECORDED_FACTOR_PRP_OR_LL_RESULT_AND_NO_ACTIVE_GIMPS_ASSIGNMENT,2026-08-08T14:01:06+00:00,UNALLOCATED,,,,,
SLCMP585-4135,4135,4135,288703601,2^288703601-1,STRUCTURAL_SCREEN_EXHAUSTED_PRIMALITY_UNASSIGNED,GF3A_DIRECTIONAL_WRITE_EXHAUSTED_PRIMALITY_UNASSIGNED,513,512,512,NO_RECORDED_FACTOR_PRP_OR_LL_RESULT_AND_NO_ACTIVE_GIMPS_ASSIGNMENT,2026-08-08T14:01:06+00:00,UNALLOCATED,,,,,
SLCMP585-4136,4136,4136,288703627,2^288703627-1,STRUCTURAL_SCREEN_EXHAUSTED_PRIMALITY_UNASSIGNED,GF3A_DIRECTIONAL_WRITE_EXHAUSTED_PRIMALITY_UNASSIGNED,514,512,512,NO_RECORDED_FACTOR_PRP_OR_LL_RESULT_AND_NO_ACTIVE_GIMPS_ASSIGNMENT,2026-08-08T14:01:06+00:00,UNALLOCATED,,,,,
SLCMP585-4137,4137,4137,288703633,2^288703633-1,STRUCTURAL_SCREEN_EXHAUSTED_PRIMALITY_UNASSIGNED,GF3A_DIRECTIONAL_WRITE_EXHAUSTED_PRIMALITY_UNASSIGNED,513,512,512,NO_RECORDED_FACTOR_PRP_OR_LL_RESULT_AND_NO_ACTIVE_GIMPS_ASSIGNMENT,2026-08-08T14:01:06+00:00,UNALLOCATED,,,,,
SLCMP585-4138,4138,4138,288703661,2^288703661-1,STRUCTURAL_SCREEN_EXHAUSTED_PRIMALITY_UNASSIGNED,GF3A_DIRECTIONAL_WRITE_EXHAUSTED_PRIMALITY_UNASSIGNED,513,512,512,NO_RECORDED_FACTOR_PRP_OR_LL_RESULT_AND_NO_ACTIVE_GIMPS_ASSIGNMENT,2026-08-08T14:01:06+00:00,UNALLOCATED,,,,,
SLCMP585-4139,4139,4139,288704011,2^288704011-1,STRUCTURAL_SCREEN_EXHAUSTED_PRIMALITY_UNASSIGNED,GF3A_DIRECTIONAL_WRITE_EXHAUSTED_PRIMALITY_UNASSIGNED,514,512,512,NO_RECORDED_FACTOR_PRP_OR_LL_RESULT_AND_NO_ACTIVE_GIMPS_ASSIGNMENT,2026-08-08T14:01:06+00:00,UNALLOCATED,,,,,
SLCMP585-4140,4140,4140,288704029,2^288704029-1,STRUCTURAL_SCREEN_EXHAUSTED_PRIMALITY_UNASSIGNED,GF3A_DIRECTIONAL_WRITE_EXHAUSTED_PRIMALITY_UNASSIGNED,513,512,512,NO_RECORDED_FACTOR_PRP_OR_LL_RESULT_AND_NO_ACTIVE_GIMPS_ASSIGNMENT,2026-08-08T14:01:06+00:00,UNALLOCATED,,,,,
SLCMP585-4141,4141,4141,288704041,2^288704041-1,STRUCTURAL_SCREEN_EXHAUSTED_PRIMALITY_UNASSIGNED,GF3A_DIRECTIONAL_WRITE_EXHAUSTED_PRIMALITY_UNASSIGNED,513,512,512,NO_RECORDED_FACTOR_PRP_OR_LL_RESULT_AND_NO_ACTIVE_GIMPS_ASSIGNMENT,2026-08-08T14:01:06+00:00,UNALLOCATED,,,,,
SLCMP585-4142,4142,4142,288704071,2^288704071-1,STRUCTURAL_SCREEN_EXHAUSTED_PRIMALITY_UNASSIGNED,GF3A_DIRECTIONAL_WRITE_EXHAUSTED_PRIMALITY_UNASSIGNED,514,512,512,NO_RECORDED_FACTOR_PRP_OR_LL_RESULT_AND_NO_ACTIVE_GIMPS_ASSIGNMENT,2026-08-08T14:01:06+00:00,UNALLOCATED,,,,,
SLCMP585-4143,4143,4143,288704093,2^288704093-1,STRUCTURAL_SCREEN_EXHAUSTED_PRIMALITY_UNASSIGNED,GF3A_DIRECTIONAL_WRITE_EXHAUSTED_PRIMALITY_UNASSIGNED,513,512,512,NO_RECORDED_FACTOR_PRP_OR_LL_RESULT_AND_NO_ACTIVE_GIMPS_ASSIGNMENT,2026-08-08T14:01:06+00:00,UNALLOCATED,,,,,
SLCMP585-4144,4144,4144,288704131,2^288704131-1,STRUCTURAL_SCREEN_EXHAUSTED_PRIMALITY_UNASSIGNED,GF3A_DIRECTIONAL_WRITE_EXHAUSTED_PRIMALITY_UNASSIGNED,514,512,512,NO_RECORDED_FACTOR_PRP_OR_LL_RESULT_AND_NO_ACTIVE_GIMPS_ASSIGNMENT,2026-08-08T14:01:06+00:00,UNALLOCATED,,,,,
SLCMP585-4145,4145,4145,288704453,2^288704453-1,STRUCTURAL_SCREEN_EXHAUSTED_PRIMALITY_UNASSIGNED,GF3A_DIRECTIONAL_WRITE_EXHAUSTED_PRIMALITY_UNASSIGNED,513,512,512,NO_RECORDED_FACTOR_PRP_OR_LL_RESULT_AND_NO_ACTIVE_GIMPS_ASSIGNMENT,2026-08-08T14:01:06+00:00,UNALLOCATED,,,,,
SLCMP585-4146,4146,4146,288704501,2^288704501-1,STRUCTURAL_SCREEN_EXHAUSTED_PRIMALITY_UNASSIGNED,GF3A_DIRECTIONAL_WRITE_EXHAUSTED_PRIMALITY_UNASSIGNED,513,512,512,NO_RECORDED_FACTOR_PRP_OR_LL_RESULT_AND_NO_ACTIVE_GIMPS_ASSIGNMENT,2026-08-08T14:01:06+00:00,UNALLOCATED,,,,,
SLCMP585-4147,4147,4147,288704543,2^288704543-1,STRUCTURAL_SCREEN_EXHAUSTED_PRIMALITY_UNASSIGNED,GF3A_DIRECTIONAL_WRITE_EXHAUSTED_PRIMALITY_UNASSIGNED,514,512,512,NO_RECORDED_FACTOR_PRP_OR_LL_RESULT_AND_NO_ACTIVE_GIMPS_ASSIGNMENT,2026-08-08T14:01:06+00:00,UNALLOCATED,,,,,
SLCMP585-4148,4148,4148,288704551,2^288704551-1,STRUCTURAL_SCREEN_EXHAUSTED_PRIMALITY_UNASSIGNED,GF3A_DIRECTIONAL_WRITE_EXHAUSTED_PRIMALITY_UNASSIGNED,514,512,512,NO_RECORDED_FACTOR_PRP_OR_LL_RESULT_AND_NO_ACTIVE_GIMPS_ASSIGNMENT,2026-08-08T14:01:06+00:00,UNALLOCATED,,,,,
SLCMP585-4149,4149,4149,288704567,2^288704567-1,STRUCTURAL_SCREEN_EXHAUSTED_PRIMALITY_UNASSIGNED,GF3A_DIRECTIONAL_WRITE_EXHAUSTED_PRIMALITY_UNASSIGNED,514,512,512,NO_RECORDED_FACTOR_PRP_OR_LL_RESULT_AND_NO_ACTIVE_GIMPS_ASSIGNMENT,2026-08-08T14:01:06+00:00,UNALLOCATED,,,,,
SLCMP585-4150,4150,4150,288704609,2^288704609-1,STRUCTURAL_SCREEN_EXHAUSTED_PRIMALITY_UNASSIGNED,GF3A_DIRECTIONAL_WRITE_EXHAUSTED_PRIMALITY_UNASSIGNED,513,512,512,NO_RECORDED_FACTOR_PRP_OR_LL_RESULT_AND_NO_ACTIVE_GIMPS_ASSIGNMENT,2026-08-08T14:01:06+00:00,UNALLOCATED,,,,,
SLCMP585-4151,4151,4151,288704617,2^288704617-1,STRUCTURAL_SCREEN_EXHAUSTED_PRIMALITY_UNASSIGNED,GF3A_DIRECTIONAL_WRITE_EXHAUSTED_PRIMALITY_UNASSIGNED,513,512,512,NO_RECORDED_FACTOR_PRP_OR_LL_RESULT_AND_NO_ACTIVE_GIMPS_ASSIGNMENT,2026-08-08T14:01:06+00:00,UNALLOCATED,,,,,
SLCMP585-4152,4152,4152,288704683,2^288704683-1,STRUCTURAL_SCREEN_EXHAUSTED_PRIMALITY_UNASSIGNED,GF3A_DIRECTIONAL_WRITE_EXHAUSTED_PRIMALITY_UNASSIGNED,514,512,512,NO_RECORDED_FACTOR_PRP_OR_LL_RESULT_AND_NO_ACTIVE_GIMPS_ASSIGNMENT,2026-08-08T14:01:06+00:00,UNALLOCATED,,,,,
SLCMP585-4153,4153,4153,288704719,2^288704719-1,STRUCTURAL_SCREEN_EXHAUSTED_PRIMALITY_UNASSIGNED,GF3A_DIRECTIONAL_WRITE_EXHAUSTED_PRIMALITY_UNASSIGNED,514,512,512,NO_RECORDED_FACTOR_PRP_OR_LL_RESULT_AND_NO_ACTIVE_GIMPS_ASSIGNMENT,2026-08-08T14:01:06+00:00,UNALLOCATED,,,,,
SLCMP585-4154,4154,4154,288704737,2^288704737-1,STRUCTURAL_SCREEN_EXHAUSTED_PRIMALITY_UNASSIGNED,GF3A_DIRECTIONAL_WRITE_EXHAUSTED_PRIMALITY_UNASSIGNED,513,512,512,NO_RECORDED_FACTOR_PRP_OR_LL_RESULT_AND_NO_ACTIVE_GIMPS_ASSIGNMENT,2026-08-08T14:01:06+00:00,UNALLOCATED,,,,,
SLCMP585-4155,4155,4155,288704749,2^288704749-1,STRUCTURAL_SCREEN_EXHAUSTED_PRIMALITY_UNASSIGNED,GF3A_DIRECTIONAL_WRITE_EXHAUSTED_PRIMALITY_UNASSIGNED,513,512,512,NO_RECORDED_FACTOR_PRP_OR_LL_RESULT_AND_NO_ACTIVE_GIMPS_ASSIGNMENT,2026-08-08T14:01:06+00:00,UNALLOCATED,,,,,
SLCMP585-4156,4156,4156,288704771,2^288704771-1,STRUCTURAL_SCREEN_EXHAUSTED_PRIMALITY_UNASSIGNED,GF3A_DIRECTIONAL_WRITE_EXHAUSTED_PRIMALITY_UNASSIGNED,514,512,512,NO_RECORDED_FACTOR_PRP_OR_LL_RESULT_AND_NO_ACTIVE_GIMPS_ASSIGNMENT,2026-08-08T14:01:06+00:00,UNALLOCATED,,,,,
SLCMP585-4157,4157,4157,288704803,2^288704803-1,STRUCTURAL_SCREEN_EXHAUSTED_PRIMALITY_UNASSIGNED,GF3A_DIRECTIONAL_WRITE_EXHAUSTED_PRIMALITY_UNASSIGNED,514,512,512,NO_RECORDED_FACTOR_PRP_OR_LL_RESULT_AND_NO_ACTIVE_GIMPS_ASSIGNMENT,2026-08-08T14:01:06+00:00,UNALLOCATED,,,,,
SLCMP585-4158,4158,4158,288704839,2^288704839-1,STRUCTURAL_SCREEN_EXHAUSTED_PRIMALITY_UNASSIGNED,GF3A_DIRECTIONAL_WRITE_EXHAUSTED_PRIMALITY_UNASSIGNED,514,512,512,NO_RECORDED_FACTOR_PRP_OR_LL_RESULT_AND_NO_ACTIVE_GIMPS_ASSIGNMENT,2026-08-08T14:01:06+00:00,UNALLOCATED,,,,,
SLCMP585-4159,4159,4159,288705047,2^288705047-1,STRUCTURAL_SCREEN_EXHAUSTED_PRIMALITY_UNASSIGNED,GF3A_DIRECTIONAL_WRITE_EXHAUSTED_PRIMALITY_UNASSIGNED,514,512,512,NO_RECORDED_FACTOR_PRP_OR_LL_RESULT_AND_NO_ACTIVE_GIMPS_ASSIGNMENT,2026-08-08T14:01:06+00:00,UNALLOCATED,,,,,
SLCMP585-4160,4160,4160,288705083,2^288705083-1,STRUCTURAL_SCREEN_EXHAUSTED_PRIMALITY_UNASSIGNED,GF3A_DIRECTIONAL_WRITE_EXHAUSTED_PRIMALITY_UNASSIGNED,514,512,512,NO_RECORDED_FACTOR_PRP_OR_LL_RESULT_AND_NO_ACTIVE_GIMPS_ASSIGNMENT,2026-08-08T14:01:06+00:00,UNALLOCATED,,,,,
SLCMP585-4161,4161,4161,288705187,2^288705187-1,STRUCTURAL_SCREEN_EXHAUSTED_PRIMALITY_UNASSIGNED,GF3A_DIRECTIONAL_WRITE_EXHAUSTED_PRIMALITY_UNASSIGNED,514,512,512,NO_RECORDED_FACTOR_PRP_OR_LL_RESULT_AND_NO_ACTIVE_GIMPS_ASSIGNMENT,2026-08-08T14:01:06+00:00,UNALLOCATED,,,,,
SLCMP585-4162,4162,4162,288705233,2^288705233-1,STRUCTURAL_SCREEN_EXHAUSTED_PRIMALITY_UNASSIGNED,GF3A_DIRECTIONAL_WRITE_EXHAUSTED_PRIMALITY_UNASSIGNED,513,512,512,NO_RECORDED_FACTOR_PRP_OR_LL_RESULT_AND_NO_ACTIVE_GIMPS_ASSIGNMENT,2026-08-08T14:01:06+00:00,UNALLOCATED,,,,,
SLCMP585-4163,4163,4163,288705331,2^288705331-1,STRUCTURAL_SCREEN_EXHAUSTED_PRIMALITY_UNASSIGNED,GF3A_DIRECTIONAL_WRITE_EXHAUSTED_PRIMALITY_UNASSIGNED,514,512,512,NO_RECORDED_FACTOR_PRP_OR_LL_RESULT_AND_NO_ACTIVE_GIMPS_ASSIGNMENT,2026-08-08T14:01:06+00:00,UNALLOCATED,,,,,
SLCMP585-4164,4164,4164,288705337,2^288705337-1,STRUCTURAL_SCREEN_EXHAUSTED_PRIMALITY_UNASSIGNED,GF3A_DIRECTIONAL_WRITE_EXHAUSTED_PRIMALITY_UNASSIGNED,513,512,512,NO_RECORDED_FACTOR_PRP_OR_LL_RESULT_AND_NO_ACTIVE_GIMPS_ASSIGNMENT,2026-08-08T14:01:06+00:00,UNALLOCATED,,,,,
SLCMP585-4165,4165,4165,288705359,2^288705359-1,STRUCTURAL_SCREEN_EXHAUSTED_PRIMALITY_UNASSIGNED,GF3A_DIRECTIONAL_WRITE_EXHAUSTED_PRIMALITY_UNASSIGNED,514,512,512,NO_RECORDED_FACTOR_PRP_OR_LL_RESULT_AND_NO_ACTIVE_GIMPS_ASSIGNMENT,2026-08-08T14:01:06+00:00,UNALLOCATED,,,,,
SLCMP585-4166,4166,4166,288705379,2^288705379-1,STRUCTURAL_SCREEN_EXHAUSTED_PRIMALITY_UNASSIGNED,GF3A_DIRECTIONAL_WRITE_EXHAUSTED_PRIMALITY_UNASSIGNED,514,512,512,NO_RECORDED_FACTOR_PRP_OR_LL_RESULT_AND_NO_ACTIVE_GIMPS_ASSIGNMENT,2026-08-08T14:01:06+00:00,UNALLOCATED,,,,,
SLCMP585-4167,4167,4167,288705463,2^288705463-1,STRUCTURAL_SCREEN_EXHAUSTED_PRIMALITY_UNASSIGNED,GF3A_DIRECTIONAL_WRITE_EXHAUSTED_PRIMALITY_UNASSIGNED,514,512,512,NO_RECORDED_FACTOR_PRP_OR_LL_RESULT_AND_NO_ACTIVE_GIMPS_ASSIGNMENT,2026-08-08T14:01:06+00:00,UNALLOCATED,,,,,
SLCMP585-4168,4168,4168,288705481,2^288705481-1,STRUCTURAL_SCREEN_EXHAUSTED_PRIMALITY_UNASSIGNED,GF3A_DIRECTIONAL_WRITE_EXHAUSTED_PRIMALITY_UNASSIGNED,513,512,512,NO_RECORDED_FACTOR_PRP_OR_LL_RESULT_AND_NO_ACTIVE_GIMPS_ASSIGNMENT,2026-08-08T14:01:06+00:00,UNALLOCATED,,,,,
SLCMP585-4169,4169,4169,288705493,2^288705493-1,STRUCTURAL_SCREEN_EXHAUSTED_PRIMALITY_UNASSIGNED,GF3A_DIRECTIONAL_WRITE_EXHAUSTED_PRIMALITY_UNASSIGNED,513,512,512,NO_RECORDED_FACTOR_PRP_OR_LL_RESULT_AND_NO_ACTIVE_GIMPS_ASSIGNMENT,2026-08-08T14:01:06+00:00,UNALLOCATED,,,,,
SLCMP585-4170,4170,4170,288705523,2^288705523-1,STRUCTURAL_SCREEN_EXHAUSTED_PRIMALITY_UNASSIGNED,GF3A_DIRECTIONAL_WRITE_EXHAUSTED_PRIMALITY_UNASSIGNED,514,512,512,NO_RECORDED_FACTOR_PRP_OR_LL_RESULT_AND_NO_ACTIVE_GIMPS_ASSIGNMENT,2026-08-08T14:01:06+00:00,UNALLOCATED,,,,,
SLCMP585-4171,4171,4171,288705553,2^288705553-1,STRUCTURAL_SCREEN_EXHAUSTED_PRIMALITY_UNASSIGNED,GF3A_DIRECTIONAL_WRITE_EXHAUSTED_PRIMALITY_UNASSIGNED,513,512,512,NO_RECORDED_FACTOR_PRP_OR_LL_RESULT_AND_NO_ACTIVE_GIMPS_ASSIGNMENT,2026-08-08T14:01:06+00:00,UNALLOCATED,,,,,
SLCMP585-4172,4172,4172,288705617,2^288705617-1,STRUCTURAL_SCREEN_EXHAUSTED_PRIMALITY_UNASSIGNED,GF3A_DIRECTIONAL_WRITE_EXHAUSTED_PRIMALITY_UNASSIGNED,513,512,512,NO_RECORDED_FACTOR_PRP_OR_LL_RESULT_AND_NO_ACTIVE_GIMPS_ASSIGNMENT,2026-08-08T14:01:06+00:00,UNALLOCATED,,,,,
SLCMP585-4173,4173,4173,288705691,2^288705691-1,STRUCTURAL_SCREEN_EXHAUSTED_PRIMALITY_UNASSIGNED,GF3A_DIRECTIONAL_WRITE_EXHAUSTED_PRIMALITY_UNASSIGNED,514,512,512,NO_RECORDED_FACTOR_PRP_OR_LL_RESULT_AND_NO_ACTIVE_GIMPS_ASSIGNMENT,2026-08-08T14:01:06+00:00,UNALLOCATED,,,,,
SLCMP585-4174,4174,4174,288705727,2^288705727-1,STRUCTURAL_SCREEN_EXHAUSTED_PRIMALITY_UNASSIGNED,GF3A_DIRECTIONAL_WRITE_EXHAUSTED_PRIMALITY_UNASSIGNED,514,512,512,NO_RECORDED_FACTOR_PRP_OR_LL_RESULT_AND_NO_ACTIVE_GIMPS_ASSIGNMENT,2026-08-08T14:01:06+00:00,UNALLOCATED,,,,,
SLCMP585-4175,4175,4175,288705751,2^288705751-1,STRUCTURAL_SCREEN_EXHAUSTED_PRIMALITY_UNASSIGNED,GF3A_DIRECTIONAL_WRITE_EXHAUSTED_PRIMALITY_UNASSIGNED,514,512,512,NO_RECORDED_FACTOR_PRP_OR_LL_RESULT_AND_NO_ACTIVE_GIMPS_ASSIGNMENT,2026-08-08T14:01:06+00:00,UNALLOCATED,,,,,
SLCMP585-4176,4176,4176,288705761,2^288705761-1,STRUCTURAL_SCREEN_EXHAUSTED_PRIMALITY_UNASSIGNED,GF3A_DIRECTIONAL_WRITE_EXHAUSTED_PRIMALITY_UNASSIGNED,513,512,512,NO_RECORDED_FACTOR_PRP_OR_LL_RESULT_AND_NO_ACTIVE_GIMPS_ASSIGNMENT,2026-08-08T14:01:06+00:00,UNALLOCATED,,,,,
SLCMP585-4177,4177,4177,288705797,2^288705797-1,STRUCTURAL_SCREEN_EXHAUSTED_PRIMALITY_UNASSIGNED,GF3A_DIRECTIONAL_WRITE_EXHAUSTED_PRIMALITY_UNASSIGNED,513,512,512,NO_RECORDED_FACTOR_PRP_OR_LL_RESULT_AND_NO_ACTIVE_GIMPS_ASSIGNMENT,2026-08-08T14:01:06+00:00,UNALLOCATED,,,,,
SLCMP585-4178,4178,4178,288705803,2^288705803-1,STRUCTURAL_SCREEN_EXHAUSTED_PRIMALITY_UNASSIGNED,GF3A_DIRECTIONAL_WRITE_EXHAUSTED_PRIMALITY_UNASSIGNED,514,512,512,NO_RECORDED_FACTOR_PRP_OR_LL_RESULT_AND_NO_ACTIVE_GIMPS_ASSIGNMENT,2026-08-08T14:01:06+00:00,UNALLOCATED,,,,,
SLCMP585-4179,4179,4179,288705811,2^288705811-1,STRUCTURAL_SCREEN_EXHAUSTED_PRIMALITY_UNASSIGNED,GF3A_DIRECTIONAL_WRITE_EXHAUSTED_PRIMALITY_UNASSIGNED,514,512,512,NO_RECORDED_FACTOR_PRP_OR_LL_RESULT_AND_NO_ACTIVE_GIMPS_ASSIGNMENT,2026-08-08T14:01:06+00:00,UNALLOCATED,,,,,
SLCMP585-4180,4180,4180,288705829,2^288705829-1,STRUCTURAL_SCREEN_EXHAUSTED_PRIMALITY_UNASSIGNED,GF3A_DIRECTIONAL_WRITE_EXHAUSTED_PRIMALITY_UNASSIGNED,513,512,512,NO_RECORDED_FACTOR_PRP_OR_LL_RESULT_AND_NO_ACTIVE_GIMPS_ASSIGNMENT,2026-08-08T14:01:06+00:00,UNALLOCATED,,,,,
SLCMP585-4181,4181,4181,288705839,2^288705839-1,STRUCTURAL_SCREEN_EXHAUSTED_PRIMALITY_UNASSIGNED,GF3A_DIRECTIONAL_WRITE_EXHAUSTED_PRIMALITY_UNASSIGNED,514,512,512,NO_RECORDED_FACTOR_PRP_OR_LL_RESULT_AND_NO_ACTIVE_GIMPS_ASSIGNMENT,2026-08-08T14:01:06+00:00,UNALLOCATED,,,,,
SLCMP585-4182,4182,4182,288705841,2^288705841-1,STRUCTURAL_SCREEN_EXHAUSTED_PRIMALITY_UNASSIGNED,GF3A_DIRECTIONAL_WRITE_EXHAUSTED_PRIMALITY_UNASSIGNED,513,512,512,NO_RECORDED_FACTOR_PRP_OR_LL_RESULT_AND_NO_ACTIVE_GIMPS_ASSIGNMENT,2026-08-08T14:01:06+00:00,UNALLOCATED,,,,,
SLCMP585-4183,4183,4183,288705877,2^288705877-1,STRUCTURAL_SCREEN_EXHAUSTED_PRIMALITY_UNASSIGNED,GF3A_DIRECTIONAL_WRITE_EXHAUSTED_PRIMALITY_UNASSIGNED,513,512,512,NO_RECORDED_FACTOR_PRP_OR_LL_RESULT_AND_NO_ACTIVE_GIMPS_ASSIGNMENT,2026-08-08T14:01:06+00:00,UNALLOCATED,,,,,
SLCMP585-4184,4184,4184,288705929,2^288705929-1,STRUCTURAL_SCREEN_EXHAUSTED_PRIMALITY_UNASSIGNED,GF3A_DIRECTIONAL_WRITE_EXHAUSTED_PRIMALITY_UNASSIGNED,513,512,512,NO_RECORDED_FACTOR_PRP_OR_LL_RESULT_AND_NO_ACTIVE_GIMPS_ASSIGNMENT,2026-08-08T14:01:06+00:00,UNALLOCATED,,,,,
SLCMP585-4185,4185,4185,288705947,2^288705947-1,STRUCTURAL_SCREEN_EXHAUSTED_PRIMALITY_UNASSIGNED,GF3A_DIRECTIONAL_WRITE_EXHAUSTED_PRIMALITY_UNASSIGNED,514,512,512,NO_RECORDED_FACTOR_PRP_OR_LL_RESULT_AND_NO_ACTIVE_GIMPS_ASSIGNMENT,2026-08-08T14:01:06+00:00,UNALLOCATED,,,,,
SLCMP585-4186,4186,4186,288705953,2^288705953-1,STRUCTURAL_SCREEN_EXHAUSTED_PRIMALITY_UNASSIGNED,GF3A_DIRECTIONAL_WRITE_EXHAUSTED_PRIMALITY_UNASSIGNED,513,512,512,NO_RECORDED_FACTOR_PRP_OR_LL_RESULT_AND_NO_ACTIVE_GIMPS_ASSIGNMENT,2026-08-08T14:01:06+00:00,UNALLOCATED,,,,,
SLCMP585-4187,4187,4187,288705979,2^288705979-1,STRUCTURAL_SCREEN_EXHAUSTED_PRIMALITY_UNASSIGNED,GF3A_DIRECTIONAL_WRITE_EXHAUSTED_PRIMALITY_UNASSIGNED,514,512,512,NO_RECORDED_FACTOR_PRP_OR_LL_RESULT_AND_NO_ACTIVE_GIMPS_ASSIGNMENT,2026-08-08T14:01:06+00:00,UNALLOCATED,,,,,
SLCMP585-4188,4188,4188,288705983,2^288705983-1,STRUCTURAL_SCREEN_EXHAUSTED_PRIMALITY_UNASSIGNED,GF3A_DIRECTIONAL_WRITE_EXHAUSTED_PRIMALITY_UNASSIGNED,514,512,512,NO_RECORDED_FACTOR_PRP_OR_LL_RESULT_AND_NO_ACTIVE_GIMPS_ASSIGNMENT,2026-08-08T14:01:06+00:00,UNALLOCATED,,,,,
SLCMP585-4189,4189,4189,288705997,2^288705997-1,STRUCTURAL_SCREEN_EXHAUSTED_PRIMALITY_UNASSIGNED,GF3A_DIRECTIONAL_WRITE_EXHAUSTED_PRIMALITY_UNASSIGNED,513,512,512,NO_RECORDED_FACTOR_PRP_OR_LL_RESULT_AND_NO_ACTIVE_GIMPS_ASSIGNMENT,2026-08-08T14:01:06+00:00,UNALLOCATED,,,,,
SLCMP585-4190,4190,4190,288706003,2^288706003-1,STRUCTURAL_SCREEN_EXHAUSTED_PRIMALITY_UNASSIGNED,GF3A_DIRECTIONAL_WRITE_EXHAUSTED_PRIMALITY_UNASSIGNED,514,512,512,NO_RECORDED_FACTOR_PRP_OR_LL_RESULT_AND_NO_ACTIVE_GIMPS_ASSIGNMENT,2026-08-08T14:01:06+00:00,UNALLOCATED,,,,,
SLCMP585-4191,4191,4191,288706081,2^288706081-1,STRUCTURAL_SCREEN_EXHAUSTED_PRIMALITY_UNASSIGNED,GF3A_DIRECTIONAL_WRITE_EXHAUSTED_PRIMALITY_UNASSIGNED,513,512,512,NO_RECORDED_FACTOR_PRP_OR_LL_RESULT_AND_NO_ACTIVE_GIMPS_ASSIGNMENT,2026-08-08T14:01:06+00:00,UNALLOCATED,,,,,
SLCMP585-4192,4192,4192,288706163,2^288706163-1,STRUCTURAL_SCREEN_EXHAUSTED_PRIMALITY_UNASSIGNED,GF3A_DIRECTIONAL_WRITE_EXHAUSTED_PRIMALITY_UNASSIGNED,514,512,512,NO_RECORDED_FACTOR_PRP_OR_LL_RESULT_AND_NO_ACTIVE_GIMPS_ASSIGNMENT,2026-08-08T14:01:06+00:00,UNALLOCATED,,,,,
SLCMP585-4193,4193,4193,288706169,2^288706169-1,STRUCTURAL_SCREEN_EXHAUSTED_PRIMALITY_UNASSIGNED,GF3A_DIRECTIONAL_WRITE_EXHAUSTED_PRIMALITY_UNASSIGNED,513,512,512,NO_RECORDED_FACTOR_PRP_OR_LL_RESULT_AND_NO_ACTIVE_GIMPS_ASSIGNMENT,2026-08-08T14:01:06+00:00,UNALLOCATED,,,,,
SLCMP585-4194,4194,4194,288706181,2^288706181-1,STRUCTURAL_SCREEN_EXHAUSTED_PRIMALITY_UNASSIGNED,GF3A_DIRECTIONAL_WRITE_EXHAUSTED_PRIMALITY_UNASSIGNED,513,512,512,NO_RECORDED_FACTOR_PRP_OR_LL_RESULT_AND_NO_ACTIVE_GIMPS_ASSIGNMENT,2026-08-08T14:01:06+00:00,UNALLOCATED,,,,,
SLCMP585-4195,4195,4195,288706261,2^288706261-1,STRUCTURAL_SCREEN_EXHAUSTED_PRIMALITY_UNASSIGNED,GF3A_DIRECTIONAL_WRITE_EXHAUSTED_PRIMALITY_UNASSIGNED,513,512,512,NO_RECORDED_FACTOR_PRP_OR_LL_RESULT_AND_NO_ACTIVE_GIMPS_ASSIGNMENT,2026-08-08T14:01:06+00:00,UNALLOCATED,,,,,
SLCMP585-4196,4196,4196,288706267,2^288706267-1,STRUCTURAL_SCREEN_EXHAUSTED_PRIMALITY_UNASSIGNED,GF3A_DIRECTIONAL_WRITE_EXHAUSTED_PRIMALITY_UNASSIGNED,514,512,512,NO_RECORDED_FACTOR_PRP_OR_LL_RESULT_AND_NO_ACTIVE_GIMPS_ASSIGNMENT,2026-08-08T14:01:06+00:00,UNALLOCATED,,,,,
SLCMP585-4197,4197,4197,288706277,2^288706277-1,STRUCTURAL_SCREEN_EXHAUSTED_PRIMALITY_UNASSIGNED,GF3A_DIRECTIONAL_WRITE_EXHAUSTED_PRIMALITY_UNASSIGNED,513,512,512,NO_RECORDED_FACTOR_PRP_OR_LL_RESULT_AND_NO_ACTIVE_GIMPS_ASSIGNMENT,2026-08-08T14:01:06+00:00,UNALLOCATED,,,,,
SLCMP585-4198,4198,4198,288706279,2^288706279-1,STRUCTURAL_SCREEN_EXHAUSTED_PRIMALITY_UNASSIGNED,GF3A_DIRECTIONAL_WRITE_EXHAUSTED_PRIMALITY_UNASSIGNED,514,512,512,NO_RECORDED_FACTOR_PRP_OR_LL_RESULT_AND_NO_ACTIVE_GIMPS_ASSIGNMENT,2026-08-08T14:01:06+00:00,UNALLOCATED,,,,,
SLCMP585-4199,4199,4199,288706337,2^288706337-1,STRUCTURAL_SCREEN_EXHAUSTED_PRIMALITY_UNASSIGNED,GF3A_DIRECTIONAL_WRITE_EXHAUSTED_PRIMALITY_UNASSIGNED,513,512,512,NO_RECORDED_FACTOR_PRP_OR_LL_RESULT_AND_NO_ACTIVE_GIMPS_ASSIGNMENT,2026-08-08T14:01:06+00:00,UNALLOCATED,,,,,
SLCMP585-4200,4200,4200,288706367,2^288706367-1,STRUCTURAL_SCREEN_EXHAUSTED_PRIMALITY_UNASSIGNED,GF3A_DIRECTIONAL_WRITE_EXHAUSTED_PRIMALITY_UNASSIGNED,514,512,512,NO_RECORDED_FACTOR_PRP_OR_LL_RESULT_AND_NO_ACTIVE_GIMPS_ASSIGNMENT,2026-08-08T14:01:06+00:00,UNALLOCATED,,,,,
SLCMP585-4201,4201,4201,288706499,2^288706499-1,STRUCTURAL_SCREEN_EXHAUSTED_PRIMALITY_UNASSIGNED,GF3A_DIRECTIONAL_WRITE_EXHAUSTED_PRIMALITY_UNASSIGNED,514,512,512,NO_RECORDED_FACTOR_PRP_OR_LL_RESULT_AND_NO_ACTIVE_GIMPS_ASSIGNMENT,2026-08-08T14:01:06+00:00,UNALLOCATED,,,,,
SLCMP585-4202,4202,4202,288706633,2^288706633-1,STRUCTURAL_SCREEN_EXHAUSTED_PRIMALITY_UNASSIGNED,GF3A_DIRECTIONAL_WRITE_EXHAUSTED_PRIMALITY_UNASSIGNED,513,512,512,NO_RECORDED_FACTOR_PRP_OR_LL_RESULT_AND_NO_ACTIVE_GIMPS_ASSIGNMENT,2026-08-08T14:01:06+00:00,UNALLOCATED,,,,,
SLCMP585-4203,4203,4203,288706637,2^288706637-1,STRUCTURAL_SCREEN_EXHAUSTED_PRIMALITY_UNASSIGNED,GF3A_DIRECTIONAL_WRITE_EXHAUSTED_PRIMALITY_UNASSIGNED,513,512,512,NO_RECORDED_FACTOR_PRP_OR_LL_RESULT_AND_NO_ACTIVE_GIMPS_ASSIGNMENT,2026-08-08T14:01:06+00:00,UNALLOCATED,,,,,
SLCMP585-4204,4204,4204,288706657,2^288706657-1,STRUCTURAL_SCREEN_EXHAUSTED_PRIMALITY_UNASSIGNED,GF3A_DIRECTIONAL_WRITE_EXHAUSTED_PRIMALITY_UNASSIGNED,513,512,512,NO_RECORDED_FACTOR_PRP_OR_LL_RESULT_AND_NO_ACTIVE_GIMPS_ASSIGNMENT,2026-08-08T14:01:06+00:00,UNALLOCATED,,,,,
SLCMP585-4205,4205,4205,288706669,2^288706669-1,STRUCTURAL_SCREEN_EXHAUSTED_PRIMALITY_UNASSIGNED,GF3A_DIRECTIONAL_WRITE_EXHAUSTED_PRIMALITY_UNASSIGNED,513,512,512,NO_RECORDED_FACTOR_PRP_OR_LL_RESULT_AND_NO_ACTIVE_GIMPS_ASSIGNMENT,2026-08-08T14:01:06+00:00,UNALLOCATED,,,,,
SLCMP585-4206,4206,4206,288706679,2^288706679-1,STRUCTURAL_SCREEN_EXHAUSTED_PRIMALITY_UNASSIGNED,GF3A_DIRECTIONAL_WRITE_EXHAUSTED_PRIMALITY_UNASSIGNED,514,512,512,NO_RECORDED_FACTOR_PRP_OR_LL_RESULT_AND_NO_ACTIVE_GIMPS_ASSIGNMENT,2026-08-08T14:01:06+00:00,UNALLOCATED,,,,,
SLCMP585-4207,4207,4207,288706763,2^288706763-1,STRUCTURAL_SCREEN_EXHAUSTED_PRIMALITY_UNASSIGNED,GF3A_DIRECTIONAL_WRITE_EXHAUSTED_PRIMALITY_UNASSIGNED,514,512,512,NO_RECORDED_FACTOR_PRP_OR_LL_RESULT_AND_NO_ACTIVE_GIMPS_ASSIGNMENT,2026-08-08T14:01:06+00:00,UNALLOCATED,,,,,
SLCMP585-4208,4208,4208,288706811,2^288706811-1,STRUCTURAL_SCREEN_EXHAUSTED_PRIMALITY_UNASSIGNED,GF3A_DIRECTIONAL_WRITE_EXHAUSTED_PRIMALITY_UNASSIGNED,514,512,512,NO_RECORDED_FACTOR_PRP_OR_LL_RESULT_AND_NO_ACTIVE_GIMPS_ASSIGNMENT,2026-08-08T14:01:06+00:00,UNALLOCATED,,,,,
SLCMP585-4209,4209,4209,288706841,2^288706841-1,STRUCTURAL_SCREEN_EXHAUSTED_PRIMALITY_UNASSIGNED,GF3A_DIRECTIONAL_WRITE_EXHAUSTED_PRIMALITY_UNASSIGNED,513,512,512,NO_RECORDED_FACTOR_PRP_OR_LL_RESULT_AND_NO_ACTIVE_GIMPS_ASSIGNMENT,2026-08-08T14:01:06+00:00,UNALLOCATED,,,,,
SLCMP585-4210,4210,4210,288706939,2^288706939-1,STRUCTURAL_SCREEN_EXHAUSTED_PRIMALITY_UNASSIGNED,GF3A_DIRECTIONAL_WRITE_EXHAUSTED_PRIMALITY_UNASSIGNED,514,512,512,NO_RECORDED_FACTOR_PRP_OR_LL_RESULT_AND_NO_ACTIVE_GIMPS_ASSIGNMENT,2026-08-08T14:01:06+00:00,UNALLOCATED,,,,,
SLCMP585-4211,4211,4211,288707197,2^288707197-1,STRUCTURAL_SCREEN_EXHAUSTED_PRIMALITY_UNASSIGNED,GF3A_DIRECTIONAL_WRITE_EXHAUSTED_PRIMALITY_UNASSIGNED,513,512,512,NO_RECORDED_FACTOR_PRP_OR_LL_RESULT_AND_NO_ACTIVE_GIMPS_ASSIGNMENT,2026-08-08T14:01:06+00:00,UNALLOCATED,,,,,
SLCMP585-4212,4212,4212,288707219,2^288707219-1,STRUCTURAL_SCREEN_EXHAUSTED_PRIMALITY_UNASSIGNED,GF3A_DIRECTIONAL_WRITE_EXHAUSTED_PRIMALITY_UNASSIGNED,514,512,512,NO_RECORDED_FACTOR_PRP_OR_LL_RESULT_AND_NO_ACTIVE_GIMPS_ASSIGNMENT,2026-08-08T14:01:06+00:00,UNALLOCATED,,,,,
SLCMP585-4213,4213,4213,288707227,2^288707227-1,STRUCTURAL_SCREEN_EXHAUSTED_PRIMALITY_UNASSIGNED,GF3A_DIRECTIONAL_WRITE_EXHAUSTED_PRIMALITY_UNASSIGNED,514,512,512,NO_RECORDED_FACTOR_PRP_OR_LL_RESULT_AND_NO_ACTIVE_GIMPS_ASSIGNMENT,2026-08-08T14:01:06+00:00,UNALLOCATED,,,,,
SLCMP585-4214,4214,4214,288707239,2^288707239-1,STRUCTURAL_SCREEN_EXHAUSTED_PRIMALITY_UNASSIGNED,GF3A_DIRECTIONAL_WRITE_EXHAUSTED_PRIMALITY_UNASSIGNED,514,512,512,NO_RECORDED_FACTOR_PRP_OR_LL_RESULT_AND_NO_ACTIVE_GIMPS_ASSIGNMENT,2026-08-08T14:01:06+00:00,UNALLOCATED,,,,,
SLCMP585-4215,4215,4215,288707351,2^288707351-1,STRUCTURAL_SCREEN_EXHAUSTED_PRIMALITY_UNASSIGNED,GF3A_DIRECTIONAL_WRITE_EXHAUSTED_PRIMALITY_UNASSIGNED,514,512,512,NO_RECORDED_FACTOR_PRP_OR_LL_RESULT_AND_NO_ACTIVE_GIMPS_ASSIGNMENT,2026-08-08T14:01:06+00:00,UNALLOCATED,,,,,
SLCMP585-4216,4216,4216,288707561,2^288707561-1,STRUCTURAL_SCREEN_EXHAUSTED_PRIMALITY_UNASSIGNED,GF3A_DIRECTIONAL_WRITE_EXHAUSTED_PRIMALITY_UNASSIGNED,513,512,512,NO_RECORDED_FACTOR_PRP_OR_LL_RESULT_AND_NO_ACTIVE_GIMPS_ASSIGNMENT,2026-08-08T14:01:06+00:00,UNALLOCATED,,,,,
SLCMP585-4217,4217,4217,288707581,2^288707581-1,STRUCTURAL_SCREEN_EXHAUSTED_PRIMALITY_UNASSIGNED,GF3A_DIRECTIONAL_WRITE_EXHAUSTED_PRIMALITY_UNASSIGNED,513,512,512,NO_RECORDED_FACTOR_PRP_OR_LL_RESULT_AND_NO_ACTIVE_GIMPS_ASSIGNMENT,2026-08-08T14:01:06+00:00,UNALLOCATED,,,,,
SLCMP585-4218,4218,4218,288707593,2^288707593-1,STRUCTURAL_SCREEN_EXHAUSTED_PRIMALITY_UNASSIGNED,GF3A_DIRECTIONAL_WRITE_EXHAUSTED_PRIMALITY_UNASSIGNED,513,512,512,NO_RECORDED_FACTOR_PRP_OR_LL_RESULT_AND_NO_ACTIVE_GIMPS_ASSIGNMENT,2026-08-08T14:01:06+00:00,UNALLOCATED,,,,,
SLCMP585-4219,4219,4219,288707687,2^288707687-1,STRUCTURAL_SCREEN_EXHAUSTED_PRIMALITY_UNASSIGNED,GF3A_DIRECTIONAL_WRITE_EXHAUSTED_PRIMALITY_UNASSIGNED,514,512,512,NO_RECORDED_FACTOR_PRP_OR_LL_RESULT_AND_NO_ACTIVE_GIMPS_ASSIGNMENT,2026-08-08T14:01:06+00:00,UNALLOCATED,,,,,
SLCMP585-4220,4220,4220,288707689,2^288707689-1,STRUCTURAL_SCREEN_EXHAUSTED_PRIMALITY_UNASSIGNED,GF3A_DIRECTIONAL_WRITE_EXHAUSTED_PRIMALITY_UNASSIGNED,513,512,512,NO_RECORDED_FACTOR_PRP_OR_LL_RESULT_AND_NO_ACTIVE_GIMPS_ASSIGNMENT,2026-08-08T14:01:06+00:00,UNALLOCATED,,,,,
SLCMP585-4221,4221,4221,288707777,2^288707777-1,STRUCTURAL_SCREEN_EXHAUSTED_PRIMALITY_UNASSIGNED,GF3A_DIRECTIONAL_WRITE_EXHAUSTED_PRIMALITY_UNASSIGNED,513,512,512,NO_RECORDED_FACTOR_PRP_OR_LL_RESULT_AND_NO_ACTIVE_GIMPS_ASSIGNMENT,2026-08-08T14:01:06+00:00,UNALLOCATED,,,,,
SLCMP585-4222,4222,4222,288707803,2^288707803-1,STRUCTURAL_SCREEN_EXHAUSTED_PRIMALITY_UNASSIGNED,GF3A_DIRECTIONAL_WRITE_EXHAUSTED_PRIMALITY_UNASSIGNED,514,512,512,NO_RECORDED_FACTOR_PRP_OR_LL_RESULT_AND_NO_ACTIVE_GIMPS_ASSIGNMENT,2026-08-08T14:01:06+00:00,UNALLOCATED,,,,,
SLCMP585-4223,4223,4223,288707849,2^288707849-1,STRUCTURAL_SCREEN_EXHAUSTED_PRIMALITY_UNASSIGNED,GF3A_DIRECTIONAL_WRITE_EXHAUSTED_PRIMALITY_UNASSIGNED,513,512,512,NO_RECORDED_FACTOR_PRP_OR_LL_RESULT_AND_NO_ACTIVE_GIMPS_ASSIGNMENT,2026-08-08T14:01:06+00:00,UNALLOCATED,,,,,
SLCMP585-4224,4224,4224,288707879,2^288707879-1,STRUCTURAL_SCREEN_EXHAUSTED_PRIMALITY_UNASSIGNED,GF3A_DIRECTIONAL_WRITE_EXHAUSTED_PRIMALITY_UNASSIGNED,514,512,512,NO_RECORDED_FACTOR_PRP_OR_LL_RESULT_AND_NO_ACTIVE_GIMPS_ASSIGNMENT,2026-08-08T14:01:06+00:00,UNALLOCATED,,,,,
SLCMP585-4225,4225,4225,288707933,2^288707933-1,STRUCTURAL_SCREEN_EXHAUSTED_PRIMALITY_UNASSIGNED,GF3A_DIRECTIONAL_WRITE_EXHAUSTED_PRIMALITY_UNASSIGNED,513,512,512,NO_RECORDED_FACTOR_PRP_OR_LL_RESULT_AND_NO_ACTIVE_GIMPS_ASSIGNMENT,2026-08-08T14:01:06+00:00,UNALLOCATED,,,,,
SLCMP585-4226,4226,4226,288708041,2^288708041-1,STRUCTURAL_SCREEN_EXHAUSTED_PRIMALITY_UNASSIGNED,GF3A_DIRECTIONAL_WRITE_EXHAUSTED_PRIMALITY_UNASSIGNED,513,512,512,NO_RECORDED_FACTOR_PRP_OR_LL_RESULT_AND_NO_ACTIVE_GIMPS_ASSIGNMENT,2026-08-08T14:01:06+00:00,UNALLOCATED,,,,,
SLCMP585-4227,4227,4227,288708221,2^288708221-1,STRUCTURAL_SCREEN_EXHAUSTED_PRIMALITY_UNASSIGNED,GF3A_DIRECTIONAL_WRITE_EXHAUSTED_PRIMALITY_UNASSIGNED,513,512,512,NO_RECORDED_FACTOR_PRP_OR_LL_RESULT_AND_NO_ACTIVE_GIMPS_ASSIGNMENT,2026-08-08T14:01:06+00:00,UNALLOCATED,,,,,
SLCMP585-4228,4228,4228,288708283,2^288708283-1,STRUCTURAL_SCREEN_EXHAUSTED_PRIMALITY_UNASSIGNED,GF3A_DIRECTIONAL_WRITE_EXHAUSTED_PRIMALITY_UNASSIGNED,514,512,512,NO_RECORDED_FACTOR_PRP_OR_LL_RESULT_AND_NO_ACTIVE_GIMPS_ASSIGNMENT,2026-08-08T14:01:06+00:00,UNALLOCATED,,,,,
SLCMP585-4229,4229,4229,288708349,2^288708349-1,STRUCTURAL_SCREEN_EXHAUSTED_PRIMALITY_UNASSIGNED,GF3A_DIRECTIONAL_WRITE_EXHAUSTED_PRIMALITY_UNASSIGNED,513,512,512,NO_RECORDED_FACTOR_PRP_OR_LL_RESULT_AND_NO_ACTIVE_GIMPS_ASSIGNMENT,2026-08-08T14:01:06+00:00,UNALLOCATED,,,,,
SLCMP585-4230,4230,4230,288708359,2^288708359-1,STRUCTURAL_SCREEN_EXHAUSTED_PRIMALITY_UNASSIGNED,GF3A_DIRECTIONAL_WRITE_EXHAUSTED_PRIMALITY_UNASSIGNED,514,512,512,NO_RECORDED_FACTOR_PRP_OR_LL_RESULT_AND_NO_ACTIVE_GIMPS_ASSIGNMENT,2026-08-08T14:01:06+00:00,UNALLOCATED,,,,,
SLCMP585-4231,4231,4231,288708571,2^288708571-1,STRUCTURAL_SCREEN_EXHAUSTED_PRIMALITY_UNASSIGNED,GF3A_DIRECTIONAL_WRITE_EXHAUSTED_PRIMALITY_UNASSIGNED,514,512,512,NO_RECORDED_FACTOR_PRP_OR_LL_RESULT_AND_NO_ACTIVE_GIMPS_ASSIGNMENT,2026-08-08T14:01:06+00:00,UNALLOCATED,,,,,
SLCMP585-4232,4232,4232,288708643,2^288708643-1,STRUCTURAL_SCREEN_EXHAUSTED_PRIMALITY_UNASSIGNED,GF3A_DIRECTIONAL_WRITE_EXHAUSTED_PRIMALITY_UNASSIGNED,514,512,512,NO_RECORDED_FACTOR_PRP_OR_LL_RESULT_AND_NO_ACTIVE_GIMPS_ASSIGNMENT,2026-08-08T14:01:06+00:00,UNALLOCATED,,,,,
SLCMP585-4233,4233,4233,288708907,2^288708907-1,STRUCTURAL_SCREEN_EXHAUSTED_PRIMALITY_UNASSIGNED,GF3A_DIRECTIONAL_WRITE_EXHAUSTED_PRIMALITY_UNASSIGNED,514,512,512,NO_RECORDED_FACTOR_PRP_OR_LL_RESULT_AND_NO_ACTIVE_GIMPS_ASSIGNMENT,2026-08-08T14:01:06+00:00,UNALLOCATED,,,,,
SLCMP585-4234,4234,4234,288709051,2^288709051-1,STRUCTURAL_SCREEN_EXHAUSTED_PRIMALITY_UNASSIGNED,GF3A_DIRECTIONAL_WRITE_EXHAUSTED_PRIMALITY_UNASSIGNED,514,512,512,NO_RECORDED_FACTOR_PRP_OR_LL_RESULT_AND_NO_ACTIVE_GIMPS_ASSIGNMENT,2026-08-08T14:01:06+00:00,UNALLOCATED,,,,,
SLCMP585-4235,4235,4235,288709061,2^288709061-1,STRUCTURAL_SCREEN_EXHAUSTED_PRIMALITY_UNASSIGNED,GF3A_DIRECTIONAL_WRITE_EXHAUSTED_PRIMALITY_UNASSIGNED,513,512,512,NO_RECORDED_FACTOR_PRP_OR_LL_RESULT_AND_NO_ACTIVE_GIMPS_ASSIGNMENT,2026-08-08T14:01:06+00:00,UNALLOCATED,,,,,
SLCMP585-4236,4236,4236,288709081,2^288709081-1,STRUCTURAL_SCREEN_EXHAUSTED_PRIMALITY_UNASSIGNED,GF3A_DIRECTIONAL_WRITE_EXHAUSTED_PRIMALITY_UNASSIGNED,513,512,512,NO_RECORDED_FACTOR_PRP_OR_LL_RESULT_AND_NO_ACTIVE_GIMPS_ASSIGNMENT,2026-08-08T14:01:06+00:00,UNALLOCATED,,,,,
SLCMP585-4237,4237,4237,288709111,2^288709111-1,STRUCTURAL_SCREEN_EXHAUSTED_PRIMALITY_UNASSIGNED,GF3A_DIRECTIONAL_WRITE_EXHAUSTED_PRIMALITY_UNASSIGNED,514,512,512,NO_RECORDED_FACTOR_PRP_OR_LL_RESULT_AND_NO_ACTIVE_GIMPS_ASSIGNMENT,2026-08-08T14:01:06+00:00,UNALLOCATED,,,,,
SLCMP585-4238,4238,4238,288709139,2^288709139-1,STRUCTURAL_SCREEN_EXHAUSTED_PRIMALITY_UNASSIGNED,GF3A_DIRECTIONAL_WRITE_EXHAUSTED_PRIMALITY_UNASSIGNED,514,512,512,NO_RECORDED_FACTOR_PRP_OR_LL_RESULT_AND_NO_ACTIVE_GIMPS_ASSIGNMENT,2026-08-08T14:01:06+00:00,UNALLOCATED,,,,,
SLCMP585-4239,4239,4239,288709163,2^288709163-1,STRUCTURAL_SCREEN_EXHAUSTED_PRIMALITY_UNASSIGNED,GF3A_DIRECTIONAL_WRITE_EXHAUSTED_PRIMALITY_UNASSIGNED,514,512,512,NO_RECORDED_FACTOR_PRP_OR_LL_RESULT_AND_NO_ACTIVE_GIMPS_ASSIGNMENT,2026-08-08T14:01:06+00:00,UNALLOCATED,,,,,
SLCMP585-4240,4240,4240,288709189,2^288709189-1,STRUCTURAL_SCREEN_EXHAUSTED_PRIMALITY_UNASSIGNED,GF3A_DIRECTIONAL_WRITE_EXHAUSTED_PRIMALITY_UNASSIGNED,513,512,512,NO_RECORDED_FACTOR_PRP_OR_LL_RESULT_AND_NO_ACTIVE_GIMPS_ASSIGNMENT,2026-08-08T14:01:06+00:00,UNALLOCATED,,,,,
SLCMP585-4241,4241,4241,288709193,2^288709193-1,STRUCTURAL_SCREEN_EXHAUSTED_PRIMALITY_UNASSIGNED,GF3A_DIRECTIONAL_WRITE_EXHAUSTED_PRIMALITY_UNASSIGNED,513,512,512,NO_RECORDED_FACTOR_PRP_OR_LL_RESULT_AND_NO_ACTIVE_GIMPS_ASSIGNMENT,2026-08-08T14:01:06+00:00,UNALLOCATED,,,,,
SLCMP585-4242,4242,4242,288709259,2^288709259-1,STRUCTURAL_SCREEN_EXHAUSTED_PRIMALITY_UNASSIGNED,GF3A_DIRECTIONAL_WRITE_EXHAUSTED_PRIMALITY_UNASSIGNED,514,512,512,NO_RECORDED_FACTOR_PRP_OR_LL_RESULT_AND_NO_ACTIVE_GIMPS_ASSIGNMENT,2026-08-08T14:01:06+00:00,UNALLOCATED,,,,,
SLCMP585-4243,4243,4243,288709273,2^288709273-1,STRUCTURAL_SCREEN_EXHAUSTED_PRIMALITY_UNASSIGNED,GF3A_DIRECTIONAL_WRITE_EXHAUSTED_PRIMALITY_UNASSIGNED,513,512,512,NO_RECORDED_FACTOR_PRP_OR_LL_RESULT_AND_NO_ACTIVE_GIMPS_ASSIGNMENT,2026-08-08T14:01:06+00:00,UNALLOCATED,,,,,
SLCMP585-4244,4244,4244,288709339,2^288709339-1,STRUCTURAL_SCREEN_EXHAUSTED_PRIMALITY_UNASSIGNED,GF3A_DIRECTIONAL_WRITE_EXHAUSTED_PRIMALITY_UNASSIGNED,514,512,512,NO_RECORDED_FACTOR_PRP_OR_LL_RESULT_AND_NO_ACTIVE_GIMPS_ASSIGNMENT,2026-08-08T14:01:06+00:00,UNALLOCATED,,,,,
SLCMP585-4245,4245,4245,288709357,2^288709357-1,STRUCTURAL_SCREEN_EXHAUSTED_PRIMALITY_UNASSIGNED,GF3A_DIRECTIONAL_WRITE_EXHAUSTED_PRIMALITY_UNASSIGNED,513,512,512,NO_RECORDED_FACTOR_PRP_OR_LL_RESULT_AND_NO_ACTIVE_GIMPS_ASSIGNMENT,2026-08-08T14:01:06+00:00,UNALLOCATED,,,,,
SLCMP585-4246,4246,4246,288709367,2^288709367-1,STRUCTURAL_SCREEN_EXHAUSTED_PRIMALITY_UNASSIGNED,GF3A_DIRECTIONAL_WRITE_EXHAUSTED_PRIMALITY_UNASSIGNED,514,512,512,NO_RECORDED_FACTOR_PRP_OR_LL_RESULT_AND_NO_ACTIVE_GIMPS_ASSIGNMENT,2026-08-08T14:01:06+00:00,UNALLOCATED,,,,,
SLCMP585-4247,4247,4247,288709411,2^288709411-1,STRUCTURAL_SCREEN_EXHAUSTED_PRIMALITY_UNASSIGNED,GF3A_DIRECTIONAL_WRITE_EXHAUSTED_PRIMALITY_UNASSIGNED,514,512,512,NO_RECORDED_FACTOR_PRP_OR_LL_RESULT_AND_NO_ACTIVE_GIMPS_ASSIGNMENT,2026-08-08T14:01:06+00:00,UNALLOCATED,,,,,
SLCMP585-4248,4248,4248,288709469,2^288709469-1,STRUCTURAL_SCREEN_EXHAUSTED_PRIMALITY_UNASSIGNED,GF3A_DIRECTIONAL_WRITE_EXHAUSTED_PRIMALITY_UNASSIGNED,513,512,512,NO_RECORDED_FACTOR_PRP_OR_LL_RESULT_AND_NO_ACTIVE_GIMPS_ASSIGNMENT,2026-08-08T14:01:06+00:00,UNALLOCATED,,,,,
SLCMP585-4249,4249,4249,288709489,2^288709489-1,STRUCTURAL_SCREEN_EXHAUSTED_PRIMALITY_UNASSIGNED,GF3A_DIRECTIONAL_WRITE_EXHAUSTED_PRIMALITY_UNASSIGNED,513,512,512,NO_RECORDED_FACTOR_PRP_OR_LL_RESULT_AND_NO_ACTIVE_GIMPS_ASSIGNMENT,2026-08-08T14:01:06+00:00,UNALLOCATED,,,,,
SLCMP585-4250,4250,4250,288709513,2^288709513-1,STRUCTURAL_SCREEN_EXHAUSTED_PRIMALITY_UNASSIGNED,GF3A_DIRECTIONAL_WRITE_EXHAUSTED_PRIMALITY_UNASSIGNED,513,512,512,NO_RECORDED_FACTOR_PRP_OR_LL_RESULT_AND_NO_ACTIVE_GIMPS_ASSIGNMENT,2026-08-08T14:01:06+00:00,UNALLOCATED,,,,,
SLCMP585-4251,4251,4251,288709543,2^288709543-1,STRUCTURAL_SCREEN_EXHAUSTED_PRIMALITY_UNASSIGNED,GF3A_DIRECTIONAL_WRITE_EXHAUSTED_PRIMALITY_UNASSIGNED,514,512,512,NO_RECORDED_FACTOR_PRP_OR_LL_RESULT_AND_NO_ACTIVE_GIMPS_ASSIGNMENT,2026-08-08T14:01:06+00:00,UNALLOCATED,,,,,
SLCMP585-4252,4252,4252,288709549,2^288709549-1,STRUCTURAL_SCREEN_EXHAUSTED_PRIMALITY_UNASSIGNED,GF3A_DIRECTIONAL_WRITE_EXHAUSTED_PRIMALITY_UNASSIGNED,513,512,512,NO_RECORDED_FACTOR_PRP_OR_LL_RESULT_AND_NO_ACTIVE_GIMPS_ASSIGNMENT,2026-08-08T14:01:06+00:00,UNALLOCATED,,,,,
SLCMP585-4253,4253,4253,288709583,2^288709583-1,STRUCTURAL_SCREEN_EXHAUSTED_PRIMALITY_UNASSIGNED,GF3A_DIRECTIONAL_WRITE_EXHAUSTED_PRIMALITY_UNASSIGNED,514,512,512,NO_RECORDED_FACTOR_PRP_OR_LL_RESULT_AND_NO_ACTIVE_GIMPS_ASSIGNMENT,2026-08-08T14:01:06+00:00,UNALLOCATED,,,,,
SLCMP585-4254,4254,4254,288709609,2^288709609-1,STRUCTURAL_SCREEN_EXHAUSTED_PRIMALITY_UNASSIGNED,GF3A_DIRECTIONAL_WRITE_EXHAUSTED_PRIMALITY_UNASSIGNED,513,512,512,NO_RECORDED_FACTOR_PRP_OR_LL_RESULT_AND_NO_ACTIVE_GIMPS_ASSIGNMENT,2026-08-08T14:01:06+00:00,UNALLOCATED,,,,,
SLCMP585-4255,4255,4255,288709649,2^288709649-1,STRUCTURAL_SCREEN_EXHAUSTED_PRIMALITY_UNASSIGNED,GF3A_DIRECTIONAL_WRITE_EXHAUSTED_PRIMALITY_UNASSIGNED,513,512,512,NO_RECORDED_FACTOR_PRP_OR_LL_RESULT_AND_NO_ACTIVE_GIMPS_ASSIGNMENT,2026-08-08T14:01:06+00:00,UNALLOCATED,,,,,
SLCMP585-4256,4256,4256,288709699,2^288709699-1,STRUCTURAL_SCREEN_EXHAUSTED_PRIMALITY_UNASSIGNED,GF3A_DIRECTIONAL_WRITE_EXHAUSTED_PRIMALITY_UNASSIGNED,514,512,512,NO_RECORDED_FACTOR_PRP_OR_LL_RESULT_AND_NO_ACTIVE_GIMPS_ASSIGNMENT,2026-08-08T14:01:06+00:00,UNALLOCATED,,,,,
SLCMP585-4257,4257,4257,288709747,2^288709747-1,STRUCTURAL_SCREEN_EXHAUSTED_PRIMALITY_UNASSIGNED,GF3A_DIRECTIONAL_WRITE_EXHAUSTED_PRIMALITY_UNASSIGNED,514,512,512,NO_RECORDED_FACTOR_PRP_OR_LL_RESULT_AND_NO_ACTIVE_GIMPS_ASSIGNMENT,2026-08-08T14:01:06+00:00,UNALLOCATED,,,,,
SLCMP585-4258,4258,4258,288709871,2^288709871-1,STRUCTURAL_SCREEN_EXHAUSTED_PRIMALITY_UNASSIGNED,GF3A_DIRECTIONAL_WRITE_EXHAUSTED_PRIMALITY_UNASSIGNED,514,512,512,NO_RECORDED_FACTOR_PRP_OR_LL_RESULT_AND_NO_ACTIVE_GIMPS_ASSIGNMENT,2026-08-08T14:01:06+00:00,UNALLOCATED,,,,,
SLCMP585-4259,4259,4259,288709909,2^288709909-1,STRUCTURAL_SCREEN_EXHAUSTED_PRIMALITY_UNASSIGNED,GF3A_DIRECTIONAL_WRITE_EXHAUSTED_PRIMALITY_UNASSIGNED,513,512,512,NO_RECORDED_FACTOR_PRP_OR_LL_RESULT_AND_NO_ACTIVE_GIMPS_ASSIGNMENT,2026-08-08T14:01:06+00:00,UNALLOCATED,,,,,
SLCMP585-4260,4260,4260,288709919,2^288709919-1,STRUCTURAL_SCREEN_EXHAUSTED_PRIMALITY_UNASSIGNED,GF3A_DIRECTIONAL_WRITE_EXHAUSTED_PRIMALITY_UNASSIGNED,514,512,512,NO_RECORDED_FACTOR_PRP_OR_LL_RESULT_AND_NO_ACTIVE_GIMPS_ASSIGNMENT,2026-08-08T14:01:06+00:00,UNALLOCATED,,,,,
SLCMP585-4261,4261,4261,288709937,2^288709937-1,STRUCTURAL_SCREEN_EXHAUSTED_PRIMALITY_UNASSIGNED,GF3A_DIRECTIONAL_WRITE_EXHAUSTED_PRIMALITY_UNASSIGNED,513,512,512,NO_RECORDED_FACTOR_PRP_OR_LL_RESULT_AND_NO_ACTIVE_GIMPS_ASSIGNMENT,2026-08-08T14:01:06+00:00,UNALLOCATED,,,,,
SLCMP585-4262,4262,4262,288709973,2^288709973-1,STRUCTURAL_SCREEN_EXHAUSTED_PRIMALITY_UNASSIGNED,GF3A_DIRECTIONAL_WRITE_EXHAUSTED_PRIMALITY_UNASSIGNED,513,512,512,NO_RECORDED_FACTOR_PRP_OR_LL_RESULT_AND_NO_ACTIVE_GIMPS_ASSIGNMENT,2026-08-08T14:01:06+00:00,UNALLOCATED,,,,,
SLCMP585-4263,4263,4263,288709991,2^288709991-1,STRUCTURAL_SCREEN_EXHAUSTED_PRIMALITY_UNASSIGNED,GF3A_DIRECTIONAL_WRITE_EXHAUSTED_PRIMALITY_UNASSIGNED,514,512,512,NO_RECORDED_FACTOR_PRP_OR_LL_RESULT_AND_NO_ACTIVE_GIMPS_ASSIGNMENT,2026-08-08T14:01:06+00:00,UNALLOCATED,,,,,
SLCMP585-4264,4264,4264,288710077,2^288710077-1,STRUCTURAL_SCREEN_EXHAUSTED_PRIMALITY_UNASSIGNED,GF3A_DIRECTIONAL_WRITE_EXHAUSTED_PRIMALITY_UNASSIGNED,513,512,512,NO_RECORDED_FACTOR_PRP_OR_LL_RESULT_AND_NO_ACTIVE_GIMPS_ASSIGNMENT,2026-08-08T14:01:06+00:00,UNALLOCATED,,,,,
SLCMP585-4265,4265,4265,288710087,2^288710087-1,STRUCTURAL_SCREEN_EXHAUSTED_PRIMALITY_UNASSIGNED,GF3A_DIRECTIONAL_WRITE_EXHAUSTED_PRIMALITY_UNASSIGNED,514,512,512,NO_RECORDED_FACTOR_PRP_OR_LL_RESULT_AND_NO_ACTIVE_GIMPS_ASSIGNMENT,2026-08-08T14:01:06+00:00,UNALLOCATED,,,,,
SLCMP585-4266,4266,4266,288710113,2^288710113-1,STRUCTURAL_SCREEN_EXHAUSTED_PRIMALITY_UNASSIGNED,GF3A_DIRECTIONAL_WRITE_EXHAUSTED_PRIMALITY_UNASSIGNED,513,512,512,NO_RECORDED_FACTOR_PRP_OR_LL_RESULT_AND_NO_ACTIVE_GIMPS_ASSIGNMENT,2026-08-08T14:01:06+00:00,UNALLOCATED,,,,,
SLCMP585-4267,4267,4267,288710129,2^288710129-1,STRUCTURAL_SCREEN_EXHAUSTED_PRIMALITY_UNASSIGNED,GF3A_DIRECTIONAL_WRITE_EXHAUSTED_PRIMALITY_UNASSIGNED,513,512,512,NO_RECORDED_FACTOR_PRP_OR_LL_RESULT_AND_NO_ACTIVE_GIMPS_ASSIGNMENT,2026-08-08T14:01:06+00:00,UNALLOCATED,,,,,
SLCMP585-4268,4268,4268,288710209,2^288710209-1,STRUCTURAL_SCREEN_EXHAUSTED_PRIMALITY_UNASSIGNED,GF3A_DIRECTIONAL_WRITE_EXHAUSTED_PRIMALITY_UNASSIGNED,513,512,512,NO_RECORDED_FACTOR_PRP_OR_LL_RESULT_AND_NO_ACTIVE_GIMPS_ASSIGNMENT,2026-08-08T14:01:06+00:00,UNALLOCATED,,,,,
SLCMP585-4269,4269,4269,288710273,2^288710273-1,STRUCTURAL_SCREEN_EXHAUSTED_PRIMALITY_UNASSIGNED,GF3A_DIRECTIONAL_WRITE_EXHAUSTED_PRIMALITY_UNASSIGNED,513,512,512,NO_RECORDED_FACTOR_PRP_OR_LL_RESULT_AND_NO_ACTIVE_GIMPS_ASSIGNMENT,2026-08-08T14:01:06+00:00,UNALLOCATED,,,,,
SLCMP585-4270,4270,4270,288710311,2^288710311-1,STRUCTURAL_SCREEN_EXHAUSTED_PRIMALITY_UNASSIGNED,GF3A_DIRECTIONAL_WRITE_EXHAUSTED_PRIMALITY_UNASSIGNED,514,512,512,NO_RECORDED_FACTOR_PRP_OR_LL_RESULT_AND_NO_ACTIVE_GIMPS_ASSIGNMENT,2026-08-08T14:01:06+00:00,UNALLOCATED,,,,,
SLCMP585-4271,4271,4271,288710501,2^288710501-1,STRUCTURAL_SCREEN_EXHAUSTED_PRIMALITY_UNASSIGNED,GF3A_DIRECTIONAL_WRITE_EXHAUSTED_PRIMALITY_UNASSIGNED,513,512,512,NO_RECORDED_FACTOR_PRP_OR_LL_RESULT_AND_NO_ACTIVE_GIMPS_ASSIGNMENT,2026-08-08T14:01:06+00:00,UNALLOCATED,,,,,
SLCMP585-4272,4272,4272,288710537,2^288710537-1,STRUCTURAL_SCREEN_EXHAUSTED_PRIMALITY_UNASSIGNED,GF3A_DIRECTIONAL_WRITE_EXHAUSTED_PRIMALITY_UNASSIGNED,513,512,512,NO_RECORDED_FACTOR_PRP_OR_LL_RESULT_AND_NO_ACTIVE_GIMPS_ASSIGNMENT,2026-08-08T14:01:06+00:00,UNALLOCATED,,,,,
SLCMP585-4273,4273,4273,288710563,2^288710563-1,STRUCTURAL_SCREEN_EXHAUSTED_PRIMALITY_UNASSIGNED,GF3A_DIRECTIONAL_WRITE_EXHAUSTED_PRIMALITY_UNASSIGNED,514,512,512,NO_RECORDED_FACTOR_PRP_OR_LL_RESULT_AND_NO_ACTIVE_GIMPS_ASSIGNMENT,2026-08-08T14:01:06+00:00,UNALLOCATED,,,,,
SLCMP585-4274,4274,4274,288710629,2^288710629-1,STRUCTURAL_SCREEN_EXHAUSTED_PRIMALITY_UNASSIGNED,GF3A_DIRECTIONAL_WRITE_EXHAUSTED_PRIMALITY_UNASSIGNED,513,512,512,NO_RECORDED_FACTOR_PRP_OR_LL_RESULT_AND_NO_ACTIVE_GIMPS_ASSIGNMENT,2026-08-08T14:01:06+00:00,UNALLOCATED,,,,,
SLCMP585-4275,4275,4275,288710683,2^288710683-1,STRUCTURAL_SCREEN_EXHAUSTED_PRIMALITY_UNASSIGNED,GF3A_DIRECTIONAL_WRITE_EXHAUSTED_PRIMALITY_UNASSIGNED,514,512,512,NO_RECORDED_FACTOR_PRP_OR_LL_RESULT_AND_NO_ACTIVE_GIMPS_ASSIGNMENT,2026-08-08T14:01:06+00:00,UNALLOCATED,,,,,
SLCMP585-4276,4276,4276,288710713,2^288710713-1,STRUCTURAL_SCREEN_EXHAUSTED_PRIMALITY_UNASSIGNED,GF3A_DIRECTIONAL_WRITE_EXHAUSTED_PRIMALITY_UNASSIGNED,513,512,512,NO_RECORDED_FACTOR_PRP_OR_LL_RESULT_AND_NO_ACTIVE_GIMPS_ASSIGNMENT,2026-08-08T14:01:06+00:00,UNALLOCATED,,,,,
SLCMP585-4277,4277,4277,288710753,2^288710753-1,STRUCTURAL_SCREEN_EXHAUSTED_PRIMALITY_UNASSIGNED,GF3A_DIRECTIONAL_WRITE_EXHAUSTED_PRIMALITY_UNASSIGNED,513,512,512,NO_RECORDED_FACTOR_PRP_OR_LL_RESULT_AND_NO_ACTIVE_GIMPS_ASSIGNMENT,2026-08-08T14:01:06+00:00,UNALLOCATED,,,,,
SLCMP585-4278,4278,4278,288710791,2^288710791-1,STRUCTURAL_SCREEN_EXHAUSTED_PRIMALITY_UNASSIGNED,GF3A_DIRECTIONAL_WRITE_EXHAUSTED_PRIMALITY_UNASSIGNED,514,512,512,NO_RECORDED_FACTOR_PRP_OR_LL_RESULT_AND_NO_ACTIVE_GIMPS_ASSIGNMENT,2026-08-08T14:01:06+00:00,UNALLOCATED,,,,,
SLCMP585-4279,4279,4279,288710797,2^288710797-1,STRUCTURAL_SCREEN_EXHAUSTED_PRIMALITY_UNASSIGNED,GF3A_DIRECTIONAL_WRITE_EXHAUSTED_PRIMALITY_UNASSIGNED,513,512,512,NO_RECORDED_FACTOR_PRP_OR_LL_RESULT_AND_NO_ACTIVE_GIMPS_ASSIGNMENT,2026-08-08T14:01:06+00:00,UNALLOCATED,,,,,
SLCMP585-4280,4280,4280,288711001,2^288711001-1,STRUCTURAL_SCREEN_EXHAUSTED_PRIMALITY_UNASSIGNED,GF3A_DIRECTIONAL_WRITE_EXHAUSTED_PRIMALITY_UNASSIGNED,513,512,512,NO_RECORDED_FACTOR_PRP_OR_LL_RESULT_AND_NO_ACTIVE_GIMPS_ASSIGNMENT,2026-08-08T14:01:06+00:00,UNALLOCATED,,,,,
SLCMP585-4281,4281,4281,288711149,2^288711149-1,STRUCTURAL_SCREEN_EXHAUSTED_PRIMALITY_UNASSIGNED,GF3A_DIRECTIONAL_WRITE_EXHAUSTED_PRIMALITY_UNASSIGNED,513,512,512,NO_RECORDED_FACTOR_PRP_OR_LL_RESULT_AND_NO_ACTIVE_GIMPS_ASSIGNMENT,2026-08-08T14:01:06+00:00,UNALLOCATED,,,,,
SLCMP585-4282,4282,4282,288711239,2^288711239-1,STRUCTURAL_SCREEN_EXHAUSTED_PRIMALITY_UNASSIGNED,GF3A_DIRECTIONAL_WRITE_EXHAUSTED_PRIMALITY_UNASSIGNED,514,512,512,NO_RECORDED_FACTOR_PRP_OR_LL_RESULT_AND_NO_ACTIVE_GIMPS_ASSIGNMENT,2026-08-08T14:01:06+00:00,UNALLOCATED,,,,,
SLCMP585-4283,4283,4283,288711253,2^288711253-1,STRUCTURAL_SCREEN_EXHAUSTED_PRIMALITY_UNASSIGNED,GF3A_DIRECTIONAL_WRITE_EXHAUSTED_PRIMALITY_UNASSIGNED,513,512,512,NO_RECORDED_FACTOR_PRP_OR_LL_RESULT_AND_NO_ACTIVE_GIMPS_ASSIGNMENT,2026-08-08T14:01:06+00:00,UNALLOCATED,,,,,
SLCMP585-4284,4284,4284,288711281,2^288711281-1,STRUCTURAL_SCREEN_EXHAUSTED_PRIMALITY_UNASSIGNED,GF3A_DIRECTIONAL_WRITE_EXHAUSTED_PRIMALITY_UNASSIGNED,513,512,512,NO_RECORDED_FACTOR_PRP_OR_LL_RESULT_AND_NO_ACTIVE_GIMPS_ASSIGNMENT,2026-08-08T14:01:06+00:00,UNALLOCATED,,,,,
SLCMP585-4285,4285,4285,288711301,2^288711301-1,STRUCTURAL_SCREEN_EXHAUSTED_PRIMALITY_UNASSIGNED,GF3A_DIRECTIONAL_WRITE_EXHAUSTED_PRIMALITY_UNASSIGNED,513,512,512,NO_RECORDED_FACTOR_PRP_OR_LL_RESULT_AND_NO_ACTIVE_GIMPS_ASSIGNMENT,2026-08-08T14:01:06+00:00,UNALLOCATED,,,,,
SLCMP585-4286,4286,4286,288711361,2^288711361-1,STRUCTURAL_SCREEN_EXHAUSTED_PRIMALITY_UNASSIGNED,GF3A_DIRECTIONAL_WRITE_EXHAUSTED_PRIMALITY_UNASSIGNED,513,512,512,NO_RECORDED_FACTOR_PRP_OR_LL_RESULT_AND_NO_ACTIVE_GIMPS_ASSIGNMENT,2026-08-08T14:01:06+00:00,UNALLOCATED,,,,,
SLCMP585-4287,4287,4287,288711421,2^288711421-1,STRUCTURAL_SCREEN_EXHAUSTED_PRIMALITY_UNASSIGNED,GF3A_DIRECTIONAL_WRITE_EXHAUSTED_PRIMALITY_UNASSIGNED,513,512,512,NO_RECORDED_FACTOR_PRP_OR_LL_RESULT_AND_NO_ACTIVE_GIMPS_ASSIGNMENT,2026-08-08T14:01:06+00:00,UNALLOCATED,,,,,
SLCMP585-4288,4288,4288,288711701,2^288711701-1,STRUCTURAL_SCREEN_EXHAUSTED_PRIMALITY_UNASSIGNED,GF3A_DIRECTIONAL_WRITE_EXHAUSTED_PRIMALITY_UNASSIGNED,513,512,512,NO_RECORDED_FACTOR_PRP_OR_LL_RESULT_AND_NO_ACTIVE_GIMPS_ASSIGNMENT,2026-08-08T14:01:06+00:00,UNALLOCATED,,,,,
SLCMP585-4289,4289,4289,288711739,2^288711739-1,STRUCTURAL_SCREEN_EXHAUSTED_PRIMALITY_UNASSIGNED,GF3A_DIRECTIONAL_WRITE_EXHAUSTED_PRIMALITY_UNASSIGNED,514,512,512,NO_RECORDED_FACTOR_PRP_OR_LL_RESULT_AND_NO_ACTIVE_GIMPS_ASSIGNMENT,2026-08-08T14:01:06+00:00,UNALLOCATED,,,,,
SLCMP585-4290,4290,4290,288711763,2^288711763-1,STRUCTURAL_SCREEN_EXHAUSTED_PRIMALITY_UNASSIGNED,GF3A_DIRECTIONAL_WRITE_EXHAUSTED_PRIMALITY_UNASSIGNED,514,512,512,NO_RECORDED_FACTOR_PRP_OR_LL_RESULT_AND_NO_ACTIVE_GIMPS_ASSIGNMENT,2026-08-08T14:01:06+00:00,UNALLOCATED,,,,,
SLCMP585-4291,4291,4291,288711793,2^288711793-1,STRUCTURAL_SCREEN_EXHAUSTED_PRIMALITY_UNASSIGNED,GF3A_DIRECTIONAL_WRITE_EXHAUSTED_PRIMALITY_UNASSIGNED,513,512,512,NO_RECORDED_FACTOR_PRP_OR_LL_RESULT_AND_NO_ACTIVE_GIMPS_ASSIGNMENT,2026-08-08T14:01:06+00:00,UNALLOCATED,,,,,
SLCMP585-4292,4292,4292,288711869,2^288711869-1,STRUCTURAL_SCREEN_EXHAUSTED_PRIMALITY_UNASSIGNED,GF3A_DIRECTIONAL_WRITE_EXHAUSTED_PRIMALITY_UNASSIGNED,513,512,512,NO_RECORDED_FACTOR_PRP_OR_LL_RESULT_AND_NO_ACTIVE_GIMPS_ASSIGNMENT,2026-08-08T14:01:06+00:00,UNALLOCATED,,,,,
SLCMP585-4293,4293,4293,288711877,2^288711877-1,STRUCTURAL_SCREEN_EXHAUSTED_PRIMALITY_UNASSIGNED,GF3A_DIRECTIONAL_WRITE_EXHAUSTED_PRIMALITY_UNASSIGNED,513,512,512,NO_RECORDED_FACTOR_PRP_OR_LL_RESULT_AND_NO_ACTIVE_GIMPS_ASSIGNMENT,2026-08-08T14:01:06+00:00,UNALLOCATED,,,,,
SLCMP585-4294,4294,4294,288711887,2^288711887-1,STRUCTURAL_SCREEN_EXHAUSTED_PRIMALITY_UNASSIGNED,GF3A_DIRECTIONAL_WRITE_EXHAUSTED_PRIMALITY_UNASSIGNED,514,512,512,NO_RECORDED_FACTOR_PRP_OR_LL_RESULT_AND_NO_ACTIVE_GIMPS_ASSIGNMENT,2026-08-08T14:01:06+00:00,UNALLOCATED,,,,,
SLCMP585-4295,4295,4295,288711937,2^288711937-1,STRUCTURAL_SCREEN_EXHAUSTED_PRIMALITY_UNASSIGNED,GF3A_DIRECTIONAL_WRITE_EXHAUSTED_PRIMALITY_UNASSIGNED,513,512,512,NO_RECORDED_FACTOR_PRP_OR_LL_RESULT_AND_NO_ACTIVE_GIMPS_ASSIGNMENT,2026-08-08T14:01:06+00:00,UNALLOCATED,,,,,
SLCMP585-4296,4296,4296,288711977,2^288711977-1,STRUCTURAL_SCREEN_EXHAUSTED_PRIMALITY_UNASSIGNED,GF3A_DIRECTIONAL_WRITE_EXHAUSTED_PRIMALITY_UNASSIGNED,513,512,512,NO_RECORDED_FACTOR_PRP_OR_LL_RESULT_AND_NO_ACTIVE_GIMPS_ASSIGNMENT,2026-08-08T14:01:06+00:00,UNALLOCATED,,,,,
SLCMP585-4297,4297,4297,288712069,2^288712069-1,STRUCTURAL_SCREEN_EXHAUSTED_PRIMALITY_UNASSIGNED,GF3A_DIRECTIONAL_WRITE_EXHAUSTED_PRIMALITY_UNASSIGNED,513,512,512,NO_RECORDED_FACTOR_PRP_OR_LL_RESULT_AND_NO_ACTIVE_GIMPS_ASSIGNMENT,2026-08-08T14:01:06+00:00,UNALLOCATED,,,,,
SLCMP585-4298,4298,4298,288712103,2^288712103-1,STRUCTURAL_SCREEN_EXHAUSTED_PRIMALITY_UNASSIGNED,GF3A_DIRECTIONAL_WRITE_EXHAUSTED_PRIMALITY_UNASSIGNED,514,512,512,NO_RECORDED_FACTOR_PRP_OR_LL_RESULT_AND_NO_ACTIVE_GIMPS_ASSIGNMENT,2026-08-08T14:01:06+00:00,UNALLOCATED,,,,,
SLCMP585-4299,4299,4299,288712181,2^288712181-1,STRUCTURAL_SCREEN_EXHAUSTED_PRIMALITY_UNASSIGNED,GF3A_DIRECTIONAL_WRITE_EXHAUSTED_PRIMALITY_UNASSIGNED,513,512,512,NO_RECORDED_FACTOR_PRP_OR_LL_RESULT_AND_NO_ACTIVE_GIMPS_ASSIGNMENT,2026-08-08T14:01:06+00:00,UNALLOCATED,,,,,
SLCMP585-4300,4300,4300,288712183,2^288712183-1,STRUCTURAL_SCREEN_EXHAUSTED_PRIMALITY_UNASSIGNED,GF3A_DIRECTIONAL_WRITE_EXHAUSTED_PRIMALITY_UNASSIGNED,514,512,512,NO_RECORDED_FACTOR_PRP_OR_LL_RESULT_AND_NO_ACTIVE_GIMPS_ASSIGNMENT,2026-08-08T14:01:06+00:00,UNALLOCATED,,,,,
SLCMP585-4301,4301,4301,288712189,2^288712189-1,STRUCTURAL_SCREEN_EXHAUSTED_PRIMALITY_UNASSIGNED,GF3A_DIRECTIONAL_WRITE_EXHAUSTED_PRIMALITY_UNASSIGNED,513,512,512,NO_RECORDED_FACTOR_PRP_OR_LL_RESULT_AND_NO_ACTIVE_GIMPS_ASSIGNMENT,2026-08-08T14:01:06+00:00,UNALLOCATED,,,,,
SLCMP585-4302,4302,4302,288712279,2^288712279-1,STRUCTURAL_SCREEN_EXHAUSTED_PRIMALITY_UNASSIGNED,GF3A_DIRECTIONAL_WRITE_EXHAUSTED_PRIMALITY_UNASSIGNED,514,512,512,NO_RECORDED_FACTOR_PRP_OR_LL_RESULT_AND_NO_ACTIVE_GIMPS_ASSIGNMENT,2026-08-08T14:01:06+00:00,UNALLOCATED,,,,,
SLCMP585-4303,4303,4303,288712337,2^288712337-1,STRUCTURAL_SCREEN_EXHAUSTED_PRIMALITY_UNASSIGNED,GF3A_DIRECTIONAL_WRITE_EXHAUSTED_PRIMALITY_UNASSIGNED,513,512,512,NO_RECORDED_FACTOR_PRP_OR_LL_RESULT_AND_NO_ACTIVE_GIMPS_ASSIGNMENT,2026-08-08T14:01:06+00:00,UNALLOCATED,,,,,
SLCMP585-4304,4304,4304,288712469,2^288712469-1,STRUCTURAL_SCREEN_EXHAUSTED_PRIMALITY_UNASSIGNED,GF3A_DIRECTIONAL_WRITE_EXHAUSTED_PRIMALITY_UNASSIGNED,513,512,512,NO_RECORDED_FACTOR_PRP_OR_LL_RESULT_AND_NO_ACTIVE_GIMPS_ASSIGNMENT,2026-08-08T14:01:06+00:00,UNALLOCATED,,,,,
SLCMP585-4305,4305,4305,288712663,2^288712663-1,STRUCTURAL_SCREEN_EXHAUSTED_PRIMALITY_UNASSIGNED,GF3A_DIRECTIONAL_WRITE_EXHAUSTED_PRIMALITY_UNASSIGNED,514,512,512,NO_RECORDED_FACTOR_PRP_OR_LL_RESULT_AND_NO_ACTIVE_GIMPS_ASSIGNMENT,2026-08-08T14:01:06+00:00,UNALLOCATED,,,,,
SLCMP585-4306,4306,4306,288712673,2^288712673-1,STRUCTURAL_SCREEN_EXHAUSTED_PRIMALITY_UNASSIGNED,GF3A_DIRECTIONAL_WRITE_EXHAUSTED_PRIMALITY_UNASSIGNED,513,512,512,NO_RECORDED_FACTOR_PRP_OR_LL_RESULT_AND_NO_ACTIVE_GIMPS_ASSIGNMENT,2026-08-08T14:01:06+00:00,UNALLOCATED,,,,,
SLCMP585-4307,4307,4307,288712687,2^288712687-1,STRUCTURAL_SCREEN_EXHAUSTED_PRIMALITY_UNASSIGNED,GF3A_DIRECTIONAL_WRITE_EXHAUSTED_PRIMALITY_UNASSIGNED,514,512,512,NO_RECORDED_FACTOR_PRP_OR_LL_RESULT_AND_NO_ACTIVE_GIMPS_ASSIGNMENT,2026-08-08T14:01:06+00:00,UNALLOCATED,,,,,
SLCMP585-4308,4308,4308,288712729,2^288712729-1,STRUCTURAL_SCREEN_EXHAUSTED_PRIMALITY_UNASSIGNED,GF3A_DIRECTIONAL_WRITE_EXHAUSTED_PRIMALITY_UNASSIGNED,513,512,512,NO_RECORDED_FACTOR_PRP_OR_LL_RESULT_AND_NO_ACTIVE_GIMPS_ASSIGNMENT,2026-08-08T14:01:06+00:00,UNALLOCATED,,,,,
SLCMP585-4309,4309,4309,288712763,2^288712763-1,STRUCTURAL_SCREEN_EXHAUSTED_PRIMALITY_UNASSIGNED,GF3A_DIRECTIONAL_WRITE_EXHAUSTED_PRIMALITY_UNASSIGNED,514,512,512,NO_RECORDED_FACTOR_PRP_OR_LL_RESULT_AND_NO_ACTIVE_GIMPS_ASSIGNMENT,2026-08-08T14:01:06+00:00,UNALLOCATED,,,,,
SLCMP585-4310,4310,4310,288712829,2^288712829-1,STRUCTURAL_SCREEN_EXHAUSTED_PRIMALITY_UNASSIGNED,GF3A_DIRECTIONAL_WRITE_EXHAUSTED_PRIMALITY_UNASSIGNED,513,512,512,NO_RECORDED_FACTOR_PRP_OR_LL_RESULT_AND_NO_ACTIVE_GIMPS_ASSIGNMENT,2026-08-08T14:01:06+00:00,UNALLOCATED,,,,,
SLCMP585-4311,4311,4311,288712877,2^288712877-1,STRUCTURAL_SCREEN_EXHAUSTED_PRIMALITY_UNASSIGNED,GF3A_DIRECTIONAL_WRITE_EXHAUSTED_PRIMALITY_UNASSIGNED,513,512,512,NO_RECORDED_FACTOR_PRP_OR_LL_RESULT_AND_NO_ACTIVE_GIMPS_ASSIGNMENT,2026-08-08T14:01:06+00:00,UNALLOCATED,,,,,
SLCMP585-4312,4312,4312,288712969,2^288712969-1,STRUCTURAL_SCREEN_EXHAUSTED_PRIMALITY_UNASSIGNED,GF3A_DIRECTIONAL_WRITE_EXHAUSTED_PRIMALITY_UNASSIGNED,513,512,512,NO_RECORDED_FACTOR_PRP_OR_LL_RESULT_AND_NO_ACTIVE_GIMPS_ASSIGNMENT,2026-08-08T14:01:06+00:00,UNALLOCATED,,,,,
SLCMP585-4313,4313,4313,288712973,2^288712973-1,STRUCTURAL_SCREEN_EXHAUSTED_PRIMALITY_UNASSIGNED,GF3A_DIRECTIONAL_WRITE_EXHAUSTED_PRIMALITY_UNASSIGNED,513,512,512,NO_RECORDED_FACTOR_PRP_OR_LL_RESULT_AND_NO_ACTIVE_GIMPS_ASSIGNMENT,2026-08-08T14:01:06+00:00,UNALLOCATED,,,,,
SLCMP585-4314,4314,4314,288713003,2^288713003-1,STRUCTURAL_SCREEN_EXHAUSTED_PRIMALITY_UNASSIGNED,GF3A_DIRECTIONAL_WRITE_EXHAUSTED_PRIMALITY_UNASSIGNED,514,512,512,NO_RECORDED_FACTOR_PRP_OR_LL_RESULT_AND_NO_ACTIVE_GIMPS_ASSIGNMENT,2026-08-08T14:01:06+00:00,UNALLOCATED,,,,,
SLCMP585-4315,4315,4315,288713053,2^288713053-1,STRUCTURAL_SCREEN_EXHAUSTED_PRIMALITY_UNASSIGNED,GF3A_DIRECTIONAL_WRITE_EXHAUSTED_PRIMALITY_UNASSIGNED,513,512,512,NO_RECORDED_FACTOR_PRP_OR_LL_RESULT_AND_NO_ACTIVE_GIMPS_ASSIGNMENT,2026-08-08T14:01:06+00:00,UNALLOCATED,,,,,
SLCMP585-4316,4316,4316,288713069,2^288713069-1,STRUCTURAL_SCREEN_EXHAUSTED_PRIMALITY_UNASSIGNED,GF3A_DIRECTIONAL_WRITE_EXHAUSTED_PRIMALITY_UNASSIGNED,513,512,512,NO_RECORDED_FACTOR_PRP_OR_LL_RESULT_AND_NO_ACTIVE_GIMPS_ASSIGNMENT,2026-08-08T14:01:06+00:00,UNALLOCATED,,,,,
SLCMP585-4317,4317,4317,288713083,2^288713083-1,STRUCTURAL_SCREEN_EXHAUSTED_PRIMALITY_UNASSIGNED,GF3A_DIRECTIONAL_WRITE_EXHAUSTED_PRIMALITY_UNASSIGNED,514,512,512,NO_RECORDED_FACTOR_PRP_OR_LL_RESULT_AND_NO_ACTIVE_GIMPS_ASSIGNMENT,2026-08-08T14:01:06+00:00,UNALLOCATED,,,,,
SLCMP585-4318,4318,4318,288713129,2^288713129-1,STRUCTURAL_SCREEN_EXHAUSTED_PRIMALITY_UNASSIGNED,GF3A_DIRECTIONAL_WRITE_EXHAUSTED_PRIMALITY_UNASSIGNED,513,512,512,NO_RECORDED_FACTOR_PRP_OR_LL_RESULT_AND_NO_ACTIVE_GIMPS_ASSIGNMENT,2026-08-08T14:01:06+00:00,UNALLOCATED,,,,,
SLCMP585-4319,4319,4319,288713197,2^288713197-1,STRUCTURAL_SCREEN_EXHAUSTED_PRIMALITY_UNASSIGNED,GF3A_DIRECTIONAL_WRITE_EXHAUSTED_PRIMALITY_UNASSIGNED,513,512,512,NO_RECORDED_FACTOR_PRP_OR_LL_RESULT_AND_NO_ACTIVE_GIMPS_ASSIGNMENT,2026-08-08T14:01:06+00:00,UNALLOCATED,,,,,
SLCMP585-4320,4320,4320,288713213,2^288713213-1,STRUCTURAL_SCREEN_EXHAUSTED_PRIMALITY_UNASSIGNED,GF3A_DIRECTIONAL_WRITE_EXHAUSTED_PRIMALITY_UNASSIGNED,513,512,512,NO_RECORDED_FACTOR_PRP_OR_LL_RESULT_AND_NO_ACTIVE_GIMPS_ASSIGNMENT,2026-08-08T14:01:06+00:00,UNALLOCATED,,,,,
SLCMP585-4321,4321,4321,288713287,2^288713287-1,STRUCTURAL_SCREEN_EXHAUSTED_PRIMALITY_UNASSIGNED,GF3A_DIRECTIONAL_WRITE_EXHAUSTED_PRIMALITY_UNASSIGNED,514,512,512,NO_RECORDED_FACTOR_PRP_OR_LL_RESULT_AND_NO_ACTIVE_GIMPS_ASSIGNMENT,2026-08-08T14:01:06+00:00,UNALLOCATED,,,,,
SLCMP585-4322,4322,4322,288713371,2^288713371-1,STRUCTURAL_SCREEN_EXHAUSTED_PRIMALITY_UNASSIGNED,GF3A_DIRECTIONAL_WRITE_EXHAUSTED_PRIMALITY_UNASSIGNED,514,512,512,NO_RECORDED_FACTOR_PRP_OR_LL_RESULT_AND_NO_ACTIVE_GIMPS_ASSIGNMENT,2026-08-08T14:01:06+00:00,UNALLOCATED,,,,,
SLCMP585-4323,4323,4323,288713413,2^288713413-1,STRUCTURAL_SCREEN_EXHAUSTED_PRIMALITY_UNASSIGNED,GF3A_DIRECTIONAL_WRITE_EXHAUSTED_PRIMALITY_UNASSIGNED,513,512,512,NO_RECORDED_FACTOR_PRP_OR_LL_RESULT_AND_NO_ACTIVE_GIMPS_ASSIGNMENT,2026-08-08T14:01:06+00:00,UNALLOCATED,,,,,
SLCMP585-4324,4324,4324,288713437,2^288713437-1,STRUCTURAL_SCREEN_EXHAUSTED_PRIMALITY_UNASSIGNED,GF3A_DIRECTIONAL_WRITE_EXHAUSTED_PRIMALITY_UNASSIGNED,513,512,512,NO_RECORDED_FACTOR_PRP_OR_LL_RESULT_AND_NO_ACTIVE_GIMPS_ASSIGNMENT,2026-08-08T14:01:06+00:00,UNALLOCATED,,,,,
SLCMP585-4325,4325,4325,288713489,2^288713489-1,STRUCTURAL_SCREEN_EXHAUSTED_PRIMALITY_UNASSIGNED,GF3A_DIRECTIONAL_WRITE_EXHAUSTED_PRIMALITY_UNASSIGNED,513,512,512,NO_RECORDED_FACTOR_PRP_OR_LL_RESULT_AND_NO_ACTIVE_GIMPS_ASSIGNMENT,2026-08-08T14:01:06+00:00,UNALLOCATED,,,,,
SLCMP585-4326,4326,4326,288713521,2^288713521-1,STRUCTURAL_SCREEN_EXHAUSTED_PRIMALITY_UNASSIGNED,GF3A_DIRECTIONAL_WRITE_EXHAUSTED_PRIMALITY_UNASSIGNED,513,512,512,NO_RECORDED_FACTOR_PRP_OR_LL_RESULT_AND_NO_ACTIVE_GIMPS_ASSIGNMENT,2026-08-08T14:01:06+00:00,UNALLOCATED,,,,,
SLCMP585-4327,4327,4327,288713611,2^288713611-1,STRUCTURAL_SCREEN_EXHAUSTED_PRIMALITY_UNASSIGNED,GF3A_DIRECTIONAL_WRITE_EXHAUSTED_PRIMALITY_UNASSIGNED,514,512,512,NO_RECORDED_FACTOR_PRP_OR_LL_RESULT_AND_NO_ACTIVE_GIMPS_ASSIGNMENT,2026-08-08T14:01:06+00:00,UNALLOCATED,,,,,
SLCMP585-4328,4328,4328,288713657,2^288713657-1,STRUCTURAL_SCREEN_EXHAUSTED_PRIMALITY_UNASSIGNED,GF3A_DIRECTIONAL_WRITE_EXHAUSTED_PRIMALITY_UNASSIGNED,513,512,512,NO_RECORDED_FACTOR_PRP_OR_LL_RESULT_AND_NO_ACTIVE_GIMPS_ASSIGNMENT,2026-08-08T14:01:06+00:00,UNALLOCATED,,,,,
SLCMP585-4329,4329,4329,288713707,2^288713707-1,STRUCTURAL_SCREEN_EXHAUSTED_PRIMALITY_UNASSIGNED,GF3A_DIRECTIONAL_WRITE_EXHAUSTED_PRIMALITY_UNASSIGNED,514,512,512,NO_RECORDED_FACTOR_PRP_OR_LL_RESULT_AND_NO_ACTIVE_GIMPS_ASSIGNMENT,2026-08-08T14:01:06+00:00,UNALLOCATED,,,,,
SLCMP585-4330,4330,4330,288713729,2^288713729-1,STRUCTURAL_SCREEN_EXHAUSTED_PRIMALITY_UNASSIGNED,GF3A_DIRECTIONAL_WRITE_EXHAUSTED_PRIMALITY_UNASSIGNED,513,512,512,NO_RECORDED_FACTOR_PRP_OR_LL_RESULT_AND_NO_ACTIVE_GIMPS_ASSIGNMENT,2026-08-08T14:01:06+00:00,UNALLOCATED,,,,,
SLCMP585-4331,4331,4331,288713753,2^288713753-1,STRUCTURAL_SCREEN_EXHAUSTED_PRIMALITY_UNASSIGNED,GF3A_DIRECTIONAL_WRITE_EXHAUSTED_PRIMALITY_UNASSIGNED,513,512,512,NO_RECORDED_FACTOR_PRP_OR_LL_RESULT_AND_NO_ACTIVE_GIMPS_ASSIGNMENT,2026-08-08T14:01:06+00:00,UNALLOCATED,,,,,
SLCMP585-4332,4332,4332,288713857,2^288713857-1,STRUCTURAL_SCREEN_EXHAUSTED_PRIMALITY_UNASSIGNED,GF3A_DIRECTIONAL_WRITE_EXHAUSTED_PRIMALITY_UNASSIGNED,513,512,512,NO_RECORDED_FACTOR_PRP_OR_LL_RESULT_AND_NO_ACTIVE_GIMPS_ASSIGNMENT,2026-08-08T14:01:06+00:00,UNALLOCATED,,,,,
SLCMP585-4333,4333,4333,288713939,2^288713939-1,STRUCTURAL_SCREEN_EXHAUSTED_PRIMALITY_UNASSIGNED,GF3A_DIRECTIONAL_WRITE_EXHAUSTED_PRIMALITY_UNASSIGNED,514,512,512,NO_RECORDED_FACTOR_PRP_OR_LL_RESULT_AND_NO_ACTIVE_GIMPS_ASSIGNMENT,2026-08-08T14:01:06+00:00,UNALLOCATED,,,,,
SLCMP585-4334,4334,4334,288713947,2^288713947-1,STRUCTURAL_SCREEN_EXHAUSTED_PRIMALITY_UNASSIGNED,GF3A_DIRECTIONAL_WRITE_EXHAUSTED_PRIMALITY_UNASSIGNED,514,512,512,NO_RECORDED_FACTOR_PRP_OR_LL_RESULT_AND_NO_ACTIVE_GIMPS_ASSIGNMENT,2026-08-08T14:01:06+00:00,UNALLOCATED,,,,,
SLCMP585-4335,4335,4335,288713951,2^288713951-1,STRUCTURAL_SCREEN_EXHAUSTED_PRIMALITY_UNASSIGNED,GF3A_DIRECTIONAL_WRITE_EXHAUSTED_PRIMALITY_UNASSIGNED,514,512,512,NO_RECORDED_FACTOR_PRP_OR_LL_RESULT_AND_NO_ACTIVE_GIMPS_ASSIGNMENT,2026-08-08T14:01:06+00:00,UNALLOCATED,,,,,
SLCMP585-4336,4336,4336,288714007,2^288714007-1,STRUCTURAL_SCREEN_EXHAUSTED_PRIMALITY_UNASSIGNED,GF3A_DIRECTIONAL_WRITE_EXHAUSTED_PRIMALITY_UNASSIGNED,514,512,512,NO_RECORDED_FACTOR_PRP_OR_LL_RESULT_AND_NO_ACTIVE_GIMPS_ASSIGNMENT,2026-08-08T14:01:06+00:00,UNALLOCATED,,,,,
SLCMP585-4337,4337,4337,288714113,2^288714113-1,STRUCTURAL_SCREEN_EXHAUSTED_PRIMALITY_UNASSIGNED,GF3A_DIRECTIONAL_WRITE_EXHAUSTED_PRIMALITY_UNASSIGNED,513,512,512,NO_RECORDED_FACTOR_PRP_OR_LL_RESULT_AND_NO_ACTIVE_GIMPS_ASSIGNMENT,2026-08-08T14:01:06+00:00,UNALLOCATED,,,,,
SLCMP585-4338,4338,4338,288714121,2^288714121-1,STRUCTURAL_SCREEN_EXHAUSTED_PRIMALITY_UNASSIGNED,GF3A_DIRECTIONAL_WRITE_EXHAUSTED_PRIMALITY_UNASSIGNED,513,512,512,NO_RECORDED_FACTOR_PRP_OR_LL_RESULT_AND_NO_ACTIVE_GIMPS_ASSIGNMENT,2026-08-08T14:01:06+00:00,UNALLOCATED,,,,,
SLCMP585-4339,4339,4339,288714221,2^288714221-1,STRUCTURAL_SCREEN_EXHAUSTED_PRIMALITY_UNASSIGNED,GF3A_DIRECTIONAL_WRITE_EXHAUSTED_PRIMALITY_UNASSIGNED,513,512,512,NO_RECORDED_FACTOR_PRP_OR_LL_RESULT_AND_NO_ACTIVE_GIMPS_ASSIGNMENT,2026-08-08T14:01:06+00:00,UNALLOCATED,,,,,
SLCMP585-4340,4340,4340,288714277,2^288714277-1,STRUCTURAL_SCREEN_EXHAUSTED_PRIMALITY_UNASSIGNED,GF3A_DIRECTIONAL_WRITE_EXHAUSTED_PRIMALITY_UNASSIGNED,513,512,512,NO_RECORDED_FACTOR_PRP_OR_LL_RESULT_AND_NO_ACTIVE_GIMPS_ASSIGNMENT,2026-08-08T14:01:06+00:00,UNALLOCATED,,,,,
SLCMP585-4341,4341,4341,288714397,2^288714397-1,STRUCTURAL_SCREEN_EXHAUSTED_PRIMALITY_UNASSIGNED,GF3A_DIRECTIONAL_WRITE_EXHAUSTED_PRIMALITY_UNASSIGNED,513,512,512,NO_RECORDED_FACTOR_PRP_OR_LL_RESULT_AND_NO_ACTIVE_GIMPS_ASSIGNMENT,2026-08-08T14:01:06+00:00,UNALLOCATED,,,,,
SLCMP585-4342,4342,4342,288714431,2^288714431-1,STRUCTURAL_SCREEN_EXHAUSTED_PRIMALITY_UNASSIGNED,GF3A_DIRECTIONAL_WRITE_EXHAUSTED_PRIMALITY_UNASSIGNED,514,512,512,NO_RECORDED_FACTOR_PRP_OR_LL_RESULT_AND_NO_ACTIVE_GIMPS_ASSIGNMENT,2026-08-08T14:01:06+00:00,UNALLOCATED,,,,,
SLCMP585-4343,4343,4343,288714473,2^288714473-1,STRUCTURAL_SCREEN_EXHAUSTED_PRIMALITY_UNASSIGNED,GF3A_DIRECTIONAL_WRITE_EXHAUSTED_PRIMALITY_UNASSIGNED,513,512,512,NO_RECORDED_FACTOR_PRP_OR_LL_RESULT_AND_NO_ACTIVE_GIMPS_ASSIGNMENT,2026-08-08T14:01:06+00:00,UNALLOCATED,,,,,
SLCMP585-4344,4344,4344,288714493,2^288714493-1,STRUCTURAL_SCREEN_EXHAUSTED_PRIMALITY_UNASSIGNED,GF3A_DIRECTIONAL_WRITE_EXHAUSTED_PRIMALITY_UNASSIGNED,513,512,512,NO_RECORDED_FACTOR_PRP_OR_LL_RESULT_AND_NO_ACTIVE_GIMPS_ASSIGNMENT,2026-08-08T14:01:06+00:00,UNALLOCATED,,,,,
SLCMP585-4345,4345,4345,288714523,2^288714523-1,STRUCTURAL_SCREEN_EXHAUSTED_PRIMALITY_UNASSIGNED,GF3A_DIRECTIONAL_WRITE_EXHAUSTED_PRIMALITY_UNASSIGNED,514,512,512,NO_RECORDED_FACTOR_PRP_OR_LL_RESULT_AND_NO_ACTIVE_GIMPS_ASSIGNMENT,2026-08-08T14:01:06+00:00,UNALLOCATED,,,,,
SLCMP585-4346,4346,4346,288714529,2^288714529-1,STRUCTURAL_SCREEN_EXHAUSTED_PRIMALITY_UNASSIGNED,GF3A_DIRECTIONAL_WRITE_EXHAUSTED_PRIMALITY_UNASSIGNED,513,512,512,NO_RECORDED_FACTOR_PRP_OR_LL_RESULT_AND_NO_ACTIVE_GIMPS_ASSIGNMENT,2026-08-08T14:01:06+00:00,UNALLOCATED,,,,,
SLCMP585-4347,4347,4347,288714533,2^288714533-1,STRUCTURAL_SCREEN_EXHAUSTED_PRIMALITY_UNASSIGNED,GF3A_DIRECTIONAL_WRITE_EXHAUSTED_PRIMALITY_UNASSIGNED,513,512,512,NO_RECORDED_FACTOR_PRP_OR_LL_RESULT_AND_NO_ACTIVE_GIMPS_ASSIGNMENT,2026-08-08T14:01:06+00:00,UNALLOCATED,,,,,
SLCMP585-4348,4348,4348,288714581,2^288714581-1,STRUCTURAL_SCREEN_EXHAUSTED_PRIMALITY_UNASSIGNED,GF3A_DIRECTIONAL_WRITE_EXHAUSTED_PRIMALITY_UNASSIGNED,513,512,512,NO_RECORDED_FACTOR_PRP_OR_LL_RESULT_AND_NO_ACTIVE_GIMPS_ASSIGNMENT,2026-08-08T14:01:06+00:00,UNALLOCATED,,,,,
SLCMP585-4349,4349,4349,288714617,2^288714617-1,STRUCTURAL_SCREEN_EXHAUSTED_PRIMALITY_UNASSIGNED,GF3A_DIRECTIONAL_WRITE_EXHAUSTED_PRIMALITY_UNASSIGNED,513,512,512,NO_RECORDED_FACTOR_PRP_OR_LL_RESULT_AND_NO_ACTIVE_GIMPS_ASSIGNMENT,2026-08-08T14:01:06+00:00,UNALLOCATED,,,,,
SLCMP585-4350,4350,4350,288714631,2^288714631-1,STRUCTURAL_SCREEN_EXHAUSTED_PRIMALITY_UNASSIGNED,GF3A_DIRECTIONAL_WRITE_EXHAUSTED_PRIMALITY_UNASSIGNED,514,512,512,NO_RECORDED_FACTOR_PRP_OR_LL_RESULT_AND_NO_ACTIVE_GIMPS_ASSIGNMENT,2026-08-08T14:01:06+00:00,UNALLOCATED,,,,,
SLCMP585-4351,4351,4351,288714721,2^288714721-1,STRUCTURAL_SCREEN_EXHAUSTED_PRIMALITY_UNASSIGNED,GF3A_DIRECTIONAL_WRITE_EXHAUSTED_PRIMALITY_UNASSIGNED,513,512,512,NO_RECORDED_FACTOR_PRP_OR_LL_RESULT_AND_NO_ACTIVE_GIMPS_ASSIGNMENT,2026-08-08T14:01:06+00:00,UNALLOCATED,,,,,
SLCMP585-4352,4352,4352,288714761,2^288714761-1,STRUCTURAL_SCREEN_EXHAUSTED_PRIMALITY_UNASSIGNED,GF3A_DIRECTIONAL_WRITE_EXHAUSTED_PRIMALITY_UNASSIGNED,513,512,512,NO_RECORDED_FACTOR_PRP_OR_LL_RESULT_AND_NO_ACTIVE_GIMPS_ASSIGNMENT,2026-08-08T14:01:06+00:00,UNALLOCATED,,,,,
SLCMP585-4353,4353,4353,288714851,2^288714851-1,STRUCTURAL_SCREEN_EXHAUSTED_PRIMALITY_UNASSIGNED,GF3A_DIRECTIONAL_WRITE_EXHAUSTED_PRIMALITY_UNASSIGNED,514,512,512,NO_RECORDED_FACTOR_PRP_OR_LL_RESULT_AND_NO_ACTIVE_GIMPS_ASSIGNMENT,2026-08-08T14:01:06+00:00,UNALLOCATED,,,,,
SLCMP585-4354,4354,4354,288714941,2^288714941-1,STRUCTURAL_SCREEN_EXHAUSTED_PRIMALITY_UNASSIGNED,GF3A_DIRECTIONAL_WRITE_EXHAUSTED_PRIMALITY_UNASSIGNED,513,512,512,NO_RECORDED_FACTOR_PRP_OR_LL_RESULT_AND_NO_ACTIVE_GIMPS_ASSIGNMENT,2026-08-08T14:01:06+00:00,UNALLOCATED,,,,,
SLCMP585-4355,4355,4355,288715019,2^288715019-1,STRUCTURAL_SCREEN_EXHAUSTED_PRIMALITY_UNASSIGNED,GF3A_DIRECTIONAL_WRITE_EXHAUSTED_PRIMALITY_UNASSIGNED,514,512,512,NO_RECORDED_FACTOR_PRP_OR_LL_RESULT_AND_NO_ACTIVE_GIMPS_ASSIGNMENT,2026-08-08T14:01:06+00:00,UNALLOCATED,,,,,
SLCMP585-4356,4356,4356,288715057,2^288715057-1,STRUCTURAL_SCREEN_EXHAUSTED_PRIMALITY_UNASSIGNED,GF3A_DIRECTIONAL_WRITE_EXHAUSTED_PRIMALITY_UNASSIGNED,513,512,512,NO_RECORDED_FACTOR_PRP_OR_LL_RESULT_AND_NO_ACTIVE_GIMPS_ASSIGNMENT,2026-08-08T14:01:06+00:00,UNALLOCATED,,,,,
SLCMP585-4357,4357,4357,288715109,2^288715109-1,STRUCTURAL_SCREEN_EXHAUSTED_PRIMALITY_UNASSIGNED,GF3A_DIRECTIONAL_WRITE_EXHAUSTED_PRIMALITY_UNASSIGNED,513,512,512,NO_RECORDED_FACTOR_PRP_OR_LL_RESULT_AND_NO_ACTIVE_GIMPS_ASSIGNMENT,2026-08-08T14:01:06+00:00,UNALLOCATED,,,,,
SLCMP585-4358,4358,4358,288715117,2^288715117-1,STRUCTURAL_SCREEN_EXHAUSTED_PRIMALITY_UNASSIGNED,GF3A_DIRECTIONAL_WRITE_EXHAUSTED_PRIMALITY_UNASSIGNED,513,512,512,NO_RECORDED_FACTOR_PRP_OR_LL_RESULT_AND_NO_ACTIVE_GIMPS_ASSIGNMENT,2026-08-08T14:01:06+00:00,UNALLOCATED,,,,,
SLCMP585-4359,4359,4359,288715177,2^288715177-1,STRUCTURAL_SCREEN_EXHAUSTED_PRIMALITY_UNASSIGNED,GF3A_DIRECTIONAL_WRITE_EXHAUSTED_PRIMALITY_UNASSIGNED,513,512,512,NO_RECORDED_FACTOR_PRP_OR_LL_RESULT_AND_NO_ACTIVE_GIMPS_ASSIGNMENT,2026-08-08T14:01:06+00:00,UNALLOCATED,,,,,
SLCMP585-4360,4360,4360,288715247,2^288715247-1,STRUCTURAL_SCREEN_EXHAUSTED_PRIMALITY_UNASSIGNED,GF3A_DIRECTIONAL_WRITE_EXHAUSTED_PRIMALITY_UNASSIGNED,514,512,512,NO_RECORDED_FACTOR_PRP_OR_LL_RESULT_AND_NO_ACTIVE_GIMPS_ASSIGNMENT,2026-08-08T14:01:06+00:00,UNALLOCATED,,,,,
SLCMP585-4361,4361,4361,288715289,2^288715289-1,STRUCTURAL_SCREEN_EXHAUSTED_PRIMALITY_UNASSIGNED,GF3A_DIRECTIONAL_WRITE_EXHAUSTED_PRIMALITY_UNASSIGNED,513,512,512,NO_RECORDED_FACTOR_PRP_OR_LL_RESULT_AND_NO_ACTIVE_GIMPS_ASSIGNMENT,2026-08-08T14:01:06+00:00,UNALLOCATED,,,,,
SLCMP585-4362,4362,4362,288715381,2^288715381-1,STRUCTURAL_SCREEN_EXHAUSTED_PRIMALITY_UNASSIGNED,GF3A_DIRECTIONAL_WRITE_EXHAUSTED_PRIMALITY_UNASSIGNED,513,512,512,NO_RECORDED_FACTOR_PRP_OR_LL_RESULT_AND_NO_ACTIVE_GIMPS_ASSIGNMENT,2026-08-08T14:01:06+00:00,UNALLOCATED,,,,,
SLCMP585-4363,4363,4363,288715519,2^288715519-1,STRUCTURAL_SCREEN_EXHAUSTED_PRIMALITY_UNASSIGNED,GF3A_DIRECTIONAL_WRITE_EXHAUSTED_PRIMALITY_UNASSIGNED,514,512,512,NO_RECORDED_FACTOR_PRP_OR_LL_RESULT_AND_NO_ACTIVE_GIMPS_ASSIGNMENT,2026-08-08T14:01:06+00:00,UNALLOCATED,,,,,
SLCMP585-4364,4364,4364,288715591,2^288715591-1,STRUCTURAL_SCREEN_EXHAUSTED_PRIMALITY_UNASSIGNED,GF3A_DIRECTIONAL_WRITE_EXHAUSTED_PRIMALITY_UNASSIGNED,514,512,512,NO_RECORDED_FACTOR_PRP_OR_LL_RESULT_AND_NO_ACTIVE_GIMPS_ASSIGNMENT,2026-08-08T14:01:06+00:00,UNALLOCATED,,,,,
SLCMP585-4365,4365,4365,288715601,2^288715601-1,STRUCTURAL_SCREEN_EXHAUSTED_PRIMALITY_UNASSIGNED,GF3A_DIRECTIONAL_WRITE_EXHAUSTED_PRIMALITY_UNASSIGNED,513,512,512,NO_RECORDED_FACTOR_PRP_OR_LL_RESULT_AND_NO_ACTIVE_GIMPS_ASSIGNMENT,2026-08-08T14:01:06+00:00,UNALLOCATED,,,,,
SLCMP585-4366,4366,4366,288715633,2^288715633-1,STRUCTURAL_SCREEN_EXHAUSTED_PRIMALITY_UNASSIGNED,GF3A_DIRECTIONAL_WRITE_EXHAUSTED_PRIMALITY_UNASSIGNED,513,512,512,NO_RECORDED_FACTOR_PRP_OR_LL_RESULT_AND_NO_ACTIVE_GIMPS_ASSIGNMENT,2026-08-08T14:01:06+00:00,UNALLOCATED,,,,,
SLCMP585-4367,4367,4367,288715673,2^288715673-1,STRUCTURAL_SCREEN_EXHAUSTED_PRIMALITY_UNASSIGNED,GF3A_DIRECTIONAL_WRITE_EXHAUSTED_PRIMALITY_UNASSIGNED,513,512,512,NO_RECORDED_FACTOR_PRP_OR_LL_RESULT_AND_NO_ACTIVE_GIMPS_ASSIGNMENT,2026-08-08T14:01:06+00:00,UNALLOCATED,,,,,
SLCMP585-4368,4368,4368,288715703,2^288715703-1,STRUCTURAL_SCREEN_EXHAUSTED_PRIMALITY_UNASSIGNED,GF3A_DIRECTIONAL_WRITE_EXHAUSTED_PRIMALITY_UNASSIGNED,514,512,512,NO_RECORDED_FACTOR_PRP_OR_LL_RESULT_AND_NO_ACTIVE_GIMPS_ASSIGNMENT,2026-08-08T14:01:06+00:00,UNALLOCATED,,,,,
SLCMP585-4369,4369,4369,288715729,2^288715729-1,STRUCTURAL_SCREEN_EXHAUSTED_PRIMALITY_UNASSIGNED,GF3A_DIRECTIONAL_WRITE_EXHAUSTED_PRIMALITY_UNASSIGNED,513,512,512,NO_RECORDED_FACTOR_PRP_OR_LL_RESULT_AND_NO_ACTIVE_GIMPS_ASSIGNMENT,2026-08-08T14:01:06+00:00,UNALLOCATED,,,,,
SLCMP585-4370,4370,4370,288715753,2^288715753-1,STRUCTURAL_SCREEN_EXHAUSTED_PRIMALITY_UNASSIGNED,GF3A_DIRECTIONAL_WRITE_EXHAUSTED_PRIMALITY_UNASSIGNED,513,512,512,NO_RECORDED_FACTOR_PRP_OR_LL_RESULT_AND_NO_ACTIVE_GIMPS_ASSIGNMENT,2026-08-08T14:01:06+00:00,UNALLOCATED,,,,,
SLCMP585-4371,4371,4371,288715759,2^288715759-1,STRUCTURAL_SCREEN_EXHAUSTED_PRIMALITY_UNASSIGNED,GF3A_DIRECTIONAL_WRITE_EXHAUSTED_PRIMALITY_UNASSIGNED,514,512,512,NO_RECORDED_FACTOR_PRP_OR_LL_RESULT_AND_NO_ACTIVE_GIMPS_ASSIGNMENT,2026-08-08T14:01:06+00:00,UNALLOCATED,,,,,
SLCMP585-4372,4372,4372,288715769,2^288715769-1,STRUCTURAL_SCREEN_EXHAUSTED_PRIMALITY_UNASSIGNED,GF3A_DIRECTIONAL_WRITE_EXHAUSTED_PRIMALITY_UNASSIGNED,513,512,512,NO_RECORDED_FACTOR_PRP_OR_LL_RESULT_AND_NO_ACTIVE_GIMPS_ASSIGNMENT,2026-08-08T14:01:06+00:00,UNALLOCATED,,,,,
SLCMP585-4373,4373,4373,288715907,2^288715907-1,STRUCTURAL_SCREEN_EXHAUSTED_PRIMALITY_UNASSIGNED,GF3A_DIRECTIONAL_WRITE_EXHAUSTED_PRIMALITY_UNASSIGNED,514,512,512,NO_RECORDED_FACTOR_PRP_OR_LL_RESULT_AND_NO_ACTIVE_GIMPS_ASSIGNMENT,2026-08-08T14:01:06+00:00,UNALLOCATED,,,,,
SLCMP585-4374,4374,4374,288715919,2^288715919-1,STRUCTURAL_SCREEN_EXHAUSTED_PRIMALITY_UNASSIGNED,GF3A_DIRECTIONAL_WRITE_EXHAUSTED_PRIMALITY_UNASSIGNED,514,512,512,NO_RECORDED_FACTOR_PRP_OR_LL_RESULT_AND_NO_ACTIVE_GIMPS_ASSIGNMENT,2026-08-08T14:01:06+00:00,UNALLOCATED,,,,,
SLCMP585-4375,4375,4375,288715939,2^288715939-1,STRUCTURAL_SCREEN_EXHAUSTED_PRIMALITY_UNASSIGNED,GF3A_DIRECTIONAL_WRITE_EXHAUSTED_PRIMALITY_UNASSIGNED,514,512,512,NO_RECORDED_FACTOR_PRP_OR_LL_RESULT_AND_NO_ACTIVE_GIMPS_ASSIGNMENT,2026-08-08T14:01:06+00:00,UNALLOCATED,,,,,
SLCMP585-4376,4376,4376,288715997,2^288715997-1,STRUCTURAL_SCREEN_EXHAUSTED_PRIMALITY_UNASSIGNED,GF3A_DIRECTIONAL_WRITE_EXHAUSTED_PRIMALITY_UNASSIGNED,513,512,512,NO_RECORDED_FACTOR_PRP_OR_LL_RESULT_AND_NO_ACTIVE_GIMPS_ASSIGNMENT,2026-08-08T14:01:06+00:00,UNALLOCATED,,,,,
SLCMP585-4377,4377,4377,288716123,2^288716123-1,STRUCTURAL_SCREEN_EXHAUSTED_PRIMALITY_UNASSIGNED,GF3A_DIRECTIONAL_WRITE_EXHAUSTED_PRIMALITY_UNASSIGNED,514,512,512,NO_RECORDED_FACTOR_PRP_OR_LL_RESULT_AND_NO_ACTIVE_GIMPS_ASSIGNMENT,2026-08-08T14:01:06+00:00,UNALLOCATED,,,,,
SLCMP585-4378,4378,4378,288716303,2^288716303-1,STRUCTURAL_SCREEN_EXHAUSTED_PRIMALITY_UNASSIGNED,GF3A_DIRECTIONAL_WRITE_EXHAUSTED_PRIMALITY_UNASSIGNED,514,512,512,NO_RECORDED_FACTOR_PRP_OR_LL_RESULT_AND_NO_ACTIVE_GIMPS_ASSIGNMENT,2026-08-08T14:01:06+00:00,UNALLOCATED,,,,,
SLCMP585-4379,4379,4379,288716377,2^288716377-1,STRUCTURAL_SCREEN_EXHAUSTED_PRIMALITY_UNASSIGNED,GF3A_DIRECTIONAL_WRITE_EXHAUSTED_PRIMALITY_UNASSIGNED,513,512,512,NO_RECORDED_FACTOR_PRP_OR_LL_RESULT_AND_NO_ACTIVE_GIMPS_ASSIGNMENT,2026-08-08T14:01:06+00:00,UNALLOCATED,,,,,
SLCMP585-4380,4380,4380,288716503,2^288716503-1,STRUCTURAL_SCREEN_EXHAUSTED_PRIMALITY_UNASSIGNED,GF3A_DIRECTIONAL_WRITE_EXHAUSTED_PRIMALITY_UNASSIGNED,514,512,512,NO_RECORDED_FACTOR_PRP_OR_LL_RESULT_AND_NO_ACTIVE_GIMPS_ASSIGNMENT,2026-08-08T14:01:06+00:00,UNALLOCATED,,,,,
SLCMP585-4381,4381,4381,288716531,2^288716531-1,STRUCTURAL_SCREEN_EXHAUSTED_PRIMALITY_UNASSIGNED,GF3A_DIRECTIONAL_WRITE_EXHAUSTED_PRIMALITY_UNASSIGNED,514,512,512,NO_RECORDED_FACTOR_PRP_OR_LL_RESULT_AND_NO_ACTIVE_GIMPS_ASSIGNMENT,2026-08-08T14:01:06+00:00,UNALLOCATED,,,,,
SLCMP585-4382,4382,4382,288716543,2^288716543-1,STRUCTURAL_SCREEN_EXHAUSTED_PRIMALITY_UNASSIGNED,GF3A_DIRECTIONAL_WRITE_EXHAUSTED_PRIMALITY_UNASSIGNED,514,512,512,NO_RECORDED_FACTOR_PRP_OR_LL_RESULT_AND_NO_ACTIVE_GIMPS_ASSIGNMENT,2026-08-08T14:01:06+00:00,UNALLOCATED,,,,,
SLCMP585-4383,4383,4383,288716557,2^288716557-1,STRUCTURAL_SCREEN_EXHAUSTED_PRIMALITY_UNASSIGNED,GF3A_DIRECTIONAL_WRITE_EXHAUSTED_PRIMALITY_UNASSIGNED,513,512,512,NO_RECORDED_FACTOR_PRP_OR_LL_RESULT_AND_NO_ACTIVE_GIMPS_ASSIGNMENT,2026-08-08T14:01:06+00:00,UNALLOCATED,,,,,
SLCMP585-4384,4384,4384,288716651,2^288716651-1,STRUCTURAL_SCREEN_EXHAUSTED_PRIMALITY_UNASSIGNED,GF3A_DIRECTIONAL_WRITE_EXHAUSTED_PRIMALITY_UNASSIGNED,514,512,512,NO_RECORDED_FACTOR_PRP_OR_LL_RESULT_AND_NO_ACTIVE_GIMPS_ASSIGNMENT,2026-08-08T14:01:06+00:00,UNALLOCATED,,,,,
SLCMP585-4385,4385,4385,288716689,2^288716689-1,STRUCTURAL_SCREEN_EXHAUSTED_PRIMALITY_UNASSIGNED,GF3A_DIRECTIONAL_WRITE_EXHAUSTED_PRIMALITY_UNASSIGNED,513,512,512,NO_RECORDED_FACTOR_PRP_OR_LL_RESULT_AND_NO_ACTIVE_GIMPS_ASSIGNMENT,2026-08-08T14:01:06+00:00,UNALLOCATED,,,,,
SLCMP585-4386,4386,4386,288716741,2^288716741-1,STRUCTURAL_SCREEN_EXHAUSTED_PRIMALITY_UNASSIGNED,GF3A_DIRECTIONAL_WRITE_EXHAUSTED_PRIMALITY_UNASSIGNED,513,512,512,NO_RECORDED_FACTOR_PRP_OR_LL_RESULT_AND_NO_ACTIVE_GIMPS_ASSIGNMENT,2026-08-08T14:01:06+00:00,UNALLOCATED,,,,,
SLCMP585-4387,4387,4387,288716803,2^288716803-1,STRUCTURAL_SCREEN_EXHAUSTED_PRIMALITY_UNASSIGNED,GF3A_DIRECTIONAL_WRITE_EXHAUSTED_PRIMALITY_UNASSIGNED,514,512,512,NO_RECORDED_FACTOR_PRP_OR_LL_RESULT_AND_NO_ACTIVE_GIMPS_ASSIGNMENT,2026-08-08T14:01:06+00:00,UNALLOCATED,,,,,
SLCMP585-4388,4388,4388,288716867,2^288716867-1,STRUCTURAL_SCREEN_EXHAUSTED_PRIMALITY_UNASSIGNED,GF3A_DIRECTIONAL_WRITE_EXHAUSTED_PRIMALITY_UNASSIGNED,514,512,512,NO_RECORDED_FACTOR_PRP_OR_LL_RESULT_AND_NO_ACTIVE_GIMPS_ASSIGNMENT,2026-08-08T14:01:06+00:00,UNALLOCATED,,,,,
SLCMP585-4389,4389,4389,288716891,2^288716891-1,STRUCTURAL_SCREEN_EXHAUSTED_PRIMALITY_UNASSIGNED,GF3A_DIRECTIONAL_WRITE_EXHAUSTED_PRIMALITY_UNASSIGNED,514,512,512,NO_RECORDED_FACTOR_PRP_OR_LL_RESULT_AND_NO_ACTIVE_GIMPS_ASSIGNMENT,2026-08-08T14:01:06+00:00,UNALLOCATED,,,,,
SLCMP585-4390,4390,4390,288716903,2^288716903-1,STRUCTURAL_SCREEN_EXHAUSTED_PRIMALITY_UNASSIGNED,GF3A_DIRECTIONAL_WRITE_EXHAUSTED_PRIMALITY_UNASSIGNED,514,512,512,NO_RECORDED_FACTOR_PRP_OR_LL_RESULT_AND_NO_ACTIVE_GIMPS_ASSIGNMENT,2026-08-08T14:01:06+00:00,UNALLOCATED,,,,,
SLCMP585-4391,4391,4391,288716947,2^288716947-1,STRUCTURAL_SCREEN_EXHAUSTED_PRIMALITY_UNASSIGNED,GF3A_DIRECTIONAL_WRITE_EXHAUSTED_PRIMALITY_UNASSIGNED,514,512,512,NO_RECORDED_FACTOR_PRP_OR_LL_RESULT_AND_NO_ACTIVE_GIMPS_ASSIGNMENT,2026-08-08T14:01:06+00:00,UNALLOCATED,,,,,
SLCMP585-4392,4392,4392,288717049,2^288717049-1,STRUCTURAL_SCREEN_EXHAUSTED_PRIMALITY_UNASSIGNED,GF3A_DIRECTIONAL_WRITE_EXHAUSTED_PRIMALITY_UNASSIGNED,513,512,512,NO_RECORDED_FACTOR_PRP_OR_LL_RESULT_AND_NO_ACTIVE_GIMPS_ASSIGNMENT,2026-08-08T14:01:06+00:00,UNALLOCATED,,,,,
SLCMP585-4393,4393,4393,288717073,2^288717073-1,STRUCTURAL_SCREEN_EXHAUSTED_PRIMALITY_UNASSIGNED,GF3A_DIRECTIONAL_WRITE_EXHAUSTED_PRIMALITY_UNASSIGNED,513,512,512,NO_RECORDED_FACTOR_PRP_OR_LL_RESULT_AND_NO_ACTIVE_GIMPS_ASSIGNMENT,2026-08-08T14:01:06+00:00,UNALLOCATED,,,,,
SLCMP585-4394,4394,4394,288717119,2^288717119-1,STRUCTURAL_SCREEN_EXHAUSTED_PRIMALITY_UNASSIGNED,GF3A_DIRECTIONAL_WRITE_EXHAUSTED_PRIMALITY_UNASSIGNED,514,512,512,NO_RECORDED_FACTOR_PRP_OR_LL_RESULT_AND_NO_ACTIVE_GIMPS_ASSIGNMENT,2026-08-08T14:01:06+00:00,UNALLOCATED,,,,,
SLCMP585-4395,4395,4395,288717139,2^288717139-1,STRUCTURAL_SCREEN_EXHAUSTED_PRIMALITY_UNASSIGNED,GF3A_DIRECTIONAL_WRITE_EXHAUSTED_PRIMALITY_UNASSIGNED,514,512,512,NO_RECORDED_FACTOR_PRP_OR_LL_RESULT_AND_NO_ACTIVE_GIMPS_ASSIGNMENT,2026-08-08T14:01:06+00:00,UNALLOCATED,,,,,
SLCMP585-4396,4396,4396,288717199,2^288717199-1,STRUCTURAL_SCREEN_EXHAUSTED_PRIMALITY_UNASSIGNED,GF3A_DIRECTIONAL_WRITE_EXHAUSTED_PRIMALITY_UNASSIGNED,514,512,512,NO_RECORDED_FACTOR_PRP_OR_LL_RESULT_AND_NO_ACTIVE_GIMPS_ASSIGNMENT,2026-08-08T14:01:06+00:00,UNALLOCATED,,,,,
SLCMP585-4397,4397,4397,288717223,2^288717223-1,STRUCTURAL_SCREEN_EXHAUSTED_PRIMALITY_UNASSIGNED,GF3A_DIRECTIONAL_WRITE_EXHAUSTED_PRIMALITY_UNASSIGNED,514,512,512,NO_RECORDED_FACTOR_PRP_OR_LL_RESULT_AND_NO_ACTIVE_GIMPS_ASSIGNMENT,2026-08-08T14:01:06+00:00,UNALLOCATED,,,,,
SLCMP585-4398,4398,4398,288717241,2^288717241-1,STRUCTURAL_SCREEN_EXHAUSTED_PRIMALITY_UNASSIGNED,GF3A_DIRECTIONAL_WRITE_EXHAUSTED_PRIMALITY_UNASSIGNED,513,512,512,NO_RECORDED_FACTOR_PRP_OR_LL_RESULT_AND_NO_ACTIVE_GIMPS_ASSIGNMENT,2026-08-08T14:01:06+00:00,UNALLOCATED,,,,,
SLCMP585-4399,4399,4399,288717269,2^288717269-1,STRUCTURAL_SCREEN_EXHAUSTED_PRIMALITY_UNASSIGNED,GF3A_DIRECTIONAL_WRITE_EXHAUSTED_PRIMALITY_UNASSIGNED,513,512,512,NO_RECORDED_FACTOR_PRP_OR_LL_RESULT_AND_NO_ACTIVE_GIMPS_ASSIGNMENT,2026-08-08T14:01:06+00:00,UNALLOCATED,,,,,
SLCMP585-4400,4400,4400,288717283,2^288717283-1,STRUCTURAL_SCREEN_EXHAUSTED_PRIMALITY_UNASSIGNED,GF3A_DIRECTIONAL_WRITE_EXHAUSTED_PRIMALITY_UNASSIGNED,514,512,512,NO_RECORDED_FACTOR_PRP_OR_LL_RESULT_AND_NO_ACTIVE_GIMPS_ASSIGNMENT,2026-08-08T14:01:06+00:00,UNALLOCATED,,,,,
SLCMP585-4401,4401,4401,288717349,2^288717349-1,STRUCTURAL_SCREEN_EXHAUSTED_PRIMALITY_UNASSIGNED,GF3A_DIRECTIONAL_WRITE_EXHAUSTED_PRIMALITY_UNASSIGNED,513,512,512,NO_RECORDED_FACTOR_PRP_OR_LL_RESULT_AND_NO_ACTIVE_GIMPS_ASSIGNMENT,2026-08-08T14:01:06+00:00,UNALLOCATED,,,,,
SLCMP585-4402,4402,4402,288717421,2^288717421-1,STRUCTURAL_SCREEN_EXHAUSTED_PRIMALITY_UNASSIGNED,GF3A_DIRECTIONAL_WRITE_EXHAUSTED_PRIMALITY_UNASSIGNED,513,512,512,NO_RECORDED_FACTOR_PRP_OR_LL_RESULT_AND_NO_ACTIVE_GIMPS_ASSIGNMENT,2026-08-08T14:01:06+00:00,UNALLOCATED,,,,,
SLCMP585-4403,4403,4403,288717427,2^288717427-1,STRUCTURAL_SCREEN_EXHAUSTED_PRIMALITY_UNASSIGNED,GF3A_DIRECTIONAL_WRITE_EXHAUSTED_PRIMALITY_UNASSIGNED,514,512,512,NO_RECORDED_FACTOR_PRP_OR_LL_RESULT_AND_NO_ACTIVE_GIMPS_ASSIGNMENT,2026-08-08T14:01:06+00:00,UNALLOCATED,,,,,
SLCMP585-4404,4404,4404,288717433,2^288717433-1,STRUCTURAL_SCREEN_EXHAUSTED_PRIMALITY_UNASSIGNED,GF3A_DIRECTIONAL_WRITE_EXHAUSTED_PRIMALITY_UNASSIGNED,513,512,512,NO_RECORDED_FACTOR_PRP_OR_LL_RESULT_AND_NO_ACTIVE_GIMPS_ASSIGNMENT,2026-08-08T14:01:06+00:00,UNALLOCATED,,,,,
SLCMP585-4405,4405,4405,288717479,2^288717479-1,STRUCTURAL_SCREEN_EXHAUSTED_PRIMALITY_UNASSIGNED,GF3A_DIRECTIONAL_WRITE_EXHAUSTED_PRIMALITY_UNASSIGNED,514,512,512,NO_RECORDED_FACTOR_PRP_OR_LL_RESULT_AND_NO_ACTIVE_GIMPS_ASSIGNMENT,2026-08-08T14:01:06+00:00,UNALLOCATED,,,,,
SLCMP585-4406,4406,4406,288717563,2^288717563-1,STRUCTURAL_SCREEN_EXHAUSTED_PRIMALITY_UNASSIGNED,GF3A_DIRECTIONAL_WRITE_EXHAUSTED_PRIMALITY_UNASSIGNED,514,512,512,NO_RECORDED_FACTOR_PRP_OR_LL_RESULT_AND_NO_ACTIVE_GIMPS_ASSIGNMENT,2026-08-08T14:01:06+00:00,UNALLOCATED,,,,,
SLCMP585-4407,4407,4407,288717593,2^288717593-1,STRUCTURAL_SCREEN_EXHAUSTED_PRIMALITY_UNASSIGNED,GF3A_DIRECTIONAL_WRITE_EXHAUSTED_PRIMALITY_UNASSIGNED,513,512,512,NO_RECORDED_FACTOR_PRP_OR_LL_RESULT_AND_NO_ACTIVE_GIMPS_ASSIGNMENT,2026-08-08T14:01:06+00:00,UNALLOCATED,,,,,
SLCMP585-4408,4408,4408,288717731,2^288717731-1,STRUCTURAL_SCREEN_EXHAUSTED_PRIMALITY_UNASSIGNED,GF3A_DIRECTIONAL_WRITE_EXHAUSTED_PRIMALITY_UNASSIGNED,514,512,512,NO_RECORDED_FACTOR_PRP_OR_LL_RESULT_AND_NO_ACTIVE_GIMPS_ASSIGNMENT,2026-08-08T14:01:06+00:00,UNALLOCATED,,,,,
SLCMP585-4409,4409,4409,288717743,2^288717743-1,STRUCTURAL_SCREEN_EXHAUSTED_PRIMALITY_UNASSIGNED,GF3A_DIRECTIONAL_WRITE_EXHAUSTED_PRIMALITY_UNASSIGNED,514,512,512,NO_RECORDED_FACTOR_PRP_OR_LL_RESULT_AND_NO_ACTIVE_GIMPS_ASSIGNMENT,2026-08-08T14:01:06+00:00,UNALLOCATED,,,,,
SLCMP585-4410,4410,4410,288717769,2^288717769-1,STRUCTURAL_SCREEN_EXHAUSTED_PRIMALITY_UNASSIGNED,GF3A_DIRECTIONAL_WRITE_EXHAUSTED_PRIMALITY_UNASSIGNED,513,512,512,NO_RECORDED_FACTOR_PRP_OR_LL_RESULT_AND_NO_ACTIVE_GIMPS_ASSIGNMENT,2026-08-08T14:01:06+00:00,UNALLOCATED,,,,,
SLCMP585-4411,4411,4411,288717791,2^288717791-1,STRUCTURAL_SCREEN_EXHAUSTED_PRIMALITY_UNASSIGNED,GF3A_DIRECTIONAL_WRITE_EXHAUSTED_PRIMALITY_UNASSIGNED,514,512,512,NO_RECORDED_FACTOR_PRP_OR_LL_RESULT_AND_NO_ACTIVE_GIMPS_ASSIGNMENT,2026-08-08T14:01:06+00:00,UNALLOCATED,,,,,
SLCMP585-4412,4412,4412,288717829,2^288717829-1,STRUCTURAL_SCREEN_EXHAUSTED_PRIMALITY_UNASSIGNED,GF3A_DIRECTIONAL_WRITE_EXHAUSTED_PRIMALITY_UNASSIGNED,513,512,512,NO_RECORDED_FACTOR_PRP_OR_LL_RESULT_AND_NO_ACTIVE_GIMPS_ASSIGNMENT,2026-08-08T14:01:06+00:00,UNALLOCATED,,,,,
SLCMP585-4413,4413,4413,288717883,2^288717883-1,STRUCTURAL_SCREEN_EXHAUSTED_PRIMALITY_UNASSIGNED,GF3A_DIRECTIONAL_WRITE_EXHAUSTED_PRIMALITY_UNASSIGNED,514,512,512,NO_RECORDED_FACTOR_PRP_OR_LL_RESULT_AND_NO_ACTIVE_GIMPS_ASSIGNMENT,2026-08-08T14:01:06+00:00,UNALLOCATED,,,,,
SLCMP585-4414,4414,4414,288717959,2^288717959-1,STRUCTURAL_SCREEN_EXHAUSTED_PRIMALITY_UNASSIGNED,GF3A_DIRECTIONAL_WRITE_EXHAUSTED_PRIMALITY_UNASSIGNED,514,512,512,NO_RECORDED_FACTOR_PRP_OR_LL_RESULT_AND_NO_ACTIVE_GIMPS_ASSIGNMENT,2026-08-08T14:01:06+00:00,UNALLOCATED,,,,,
SLCMP585-4415,4415,4415,288717967,2^288717967-1,STRUCTURAL_SCREEN_EXHAUSTED_PRIMALITY_UNASSIGNED,GF3A_DIRECTIONAL_WRITE_EXHAUSTED_PRIMALITY_UNASSIGNED,514,512,512,NO_RECORDED_FACTOR_PRP_OR_LL_RESULT_AND_NO_ACTIVE_GIMPS_ASSIGNMENT,2026-08-08T14:01:06+00:00,UNALLOCATED,,,,,
SLCMP585-4416,4416,4416,288718019,2^288718019-1,STRUCTURAL_SCREEN_EXHAUSTED_PRIMALITY_UNASSIGNED,GF3A_DIRECTIONAL_WRITE_EXHAUSTED_PRIMALITY_UNASSIGNED,514,512,512,NO_RECORDED_FACTOR_PRP_OR_LL_RESULT_AND_NO_ACTIVE_GIMPS_ASSIGNMENT,2026-08-08T14:01:06+00:00,UNALLOCATED,,,,,
SLCMP585-4417,4417,4417,288718193,2^288718193-1,STRUCTURAL_SCREEN_EXHAUSTED_PRIMALITY_UNASSIGNED,GF3A_DIRECTIONAL_WRITE_EXHAUSTED_PRIMALITY_UNASSIGNED,513,512,512,NO_RECORDED_FACTOR_PRP_OR_LL_RESULT_AND_NO_ACTIVE_GIMPS_ASSIGNMENT,2026-08-08T14:01:06+00:00,UNALLOCATED,,,,,
SLCMP585-4418,4418,4418,288718201,2^288718201-1,STRUCTURAL_SCREEN_EXHAUSTED_PRIMALITY_UNASSIGNED,GF3A_DIRECTIONAL_WRITE_EXHAUSTED_PRIMALITY_UNASSIGNED,513,512,512,NO_RECORDED_FACTOR_PRP_OR_LL_RESULT_AND_NO_ACTIVE_GIMPS_ASSIGNMENT,2026-08-08T14:01:06+00:00,UNALLOCATED,,,,,
SLCMP585-4419,4419,4419,288718273,2^288718273-1,STRUCTURAL_SCREEN_EXHAUSTED_PRIMALITY_UNASSIGNED,GF3A_DIRECTIONAL_WRITE_EXHAUSTED_PRIMALITY_UNASSIGNED,513,512,512,NO_RECORDED_FACTOR_PRP_OR_LL_RESULT_AND_NO_ACTIVE_GIMPS_ASSIGNMENT,2026-08-08T14:01:06+00:00,UNALLOCATED,,,,,
SLCMP585-4420,4420,4420,288718303,2^288718303-1,STRUCTURAL_SCREEN_EXHAUSTED_PRIMALITY_UNASSIGNED,GF3A_DIRECTIONAL_WRITE_EXHAUSTED_PRIMALITY_UNASSIGNED,514,512,512,NO_RECORDED_FACTOR_PRP_OR_LL_RESULT_AND_NO_ACTIVE_GIMPS_ASSIGNMENT,2026-08-08T14:01:06+00:00,UNALLOCATED,,,,,
SLCMP585-4421,4421,4421,288718393,2^288718393-1,STRUCTURAL_SCREEN_EXHAUSTED_PRIMALITY_UNASSIGNED,GF3A_DIRECTIONAL_WRITE_EXHAUSTED_PRIMALITY_UNASSIGNED,513,512,512,NO_RECORDED_FACTOR_PRP_OR_LL_RESULT_AND_NO_ACTIVE_GIMPS_ASSIGNMENT,2026-08-08T14:01:06+00:00,UNALLOCATED,,,,,
SLCMP585-4422,4422,4422,288718439,2^288718439-1,STRUCTURAL_SCREEN_EXHAUSTED_PRIMALITY_UNASSIGNED,GF3A_DIRECTIONAL_WRITE_EXHAUSTED_PRIMALITY_UNASSIGNED,514,512,512,NO_RECORDED_FACTOR_PRP_OR_LL_RESULT_AND_NO_ACTIVE_GIMPS_ASSIGNMENT,2026-08-08T14:01:06+00:00,UNALLOCATED,,,,,
SLCMP585-4423,4423,4423,288718459,2^288718459-1,STRUCTURAL_SCREEN_EXHAUSTED_PRIMALITY_UNASSIGNED,GF3A_DIRECTIONAL_WRITE_EXHAUSTED_PRIMALITY_UNASSIGNED,514,512,512,NO_RECORDED_FACTOR_PRP_OR_LL_RESULT_AND_NO_ACTIVE_GIMPS_ASSIGNMENT,2026-08-08T14:01:06+00:00,UNALLOCATED,,,,,
SLCMP585-4424,4424,4424,288718483,2^288718483-1,STRUCTURAL_SCREEN_EXHAUSTED_PRIMALITY_UNASSIGNED,GF3A_DIRECTIONAL_WRITE_EXHAUSTED_PRIMALITY_UNASSIGNED,514,512,512,NO_RECORDED_FACTOR_PRP_OR_LL_RESULT_AND_NO_ACTIVE_GIMPS_ASSIGNMENT,2026-08-08T14:01:06+00:00,UNALLOCATED,,,,,
SLCMP585-4425,4425,4425,288718501,2^288718501-1,STRUCTURAL_SCREEN_EXHAUSTED_PRIMALITY_UNASSIGNED,GF3A_DIRECTIONAL_WRITE_EXHAUSTED_PRIMALITY_UNASSIGNED,513,512,512,NO_RECORDED_FACTOR_PRP_OR_LL_RESULT_AND_NO_ACTIVE_GIMPS_ASSIGNMENT,2026-08-08T14:01:06+00:00,UNALLOCATED,,,,,
SLCMP585-4426,4426,4426,288718643,2^288718643-1,STRUCTURAL_SCREEN_EXHAUSTED_PRIMALITY_UNASSIGNED,GF3A_DIRECTIONAL_WRITE_EXHAUSTED_PRIMALITY_UNASSIGNED,514,512,512,NO_RECORDED_FACTOR_PRP_OR_LL_RESULT_AND_NO_ACTIVE_GIMPS_ASSIGNMENT,2026-08-08T14:01:06+00:00,UNALLOCATED,,,,,
SLCMP585-4427,4427,4427,288718741,2^288718741-1,STRUCTURAL_SCREEN_EXHAUSTED_PRIMALITY_UNASSIGNED,GF3A_DIRECTIONAL_WRITE_EXHAUSTED_PRIMALITY_UNASSIGNED,513,512,512,NO_RECORDED_FACTOR_PRP_OR_LL_RESULT_AND_NO_ACTIVE_GIMPS_ASSIGNMENT,2026-08-08T14:01:06+00:00,UNALLOCATED,,,,,
SLCMP585-4428,4428,4428,288718819,2^288718819-1,STRUCTURAL_SCREEN_EXHAUSTED_PRIMALITY_UNASSIGNED,GF3A_DIRECTIONAL_WRITE_EXHAUSTED_PRIMALITY_UNASSIGNED,514,512,512,NO_RECORDED_FACTOR_PRP_OR_LL_RESULT_AND_NO_ACTIVE_GIMPS_ASSIGNMENT,2026-08-08T14:01:06+00:00,UNALLOCATED,,,,,
SLCMP585-4429,4429,4429,288718861,2^288718861-1,STRUCTURAL_SCREEN_EXHAUSTED_PRIMALITY_UNASSIGNED,GF3A_DIRECTIONAL_WRITE_EXHAUSTED_PRIMALITY_UNASSIGNED,513,512,512,NO_RECORDED_FACTOR_PRP_OR_LL_RESULT_AND_NO_ACTIVE_GIMPS_ASSIGNMENT,2026-08-08T14:01:06+00:00,UNALLOCATED,,,,,
SLCMP585-4430,4430,4430,288718897,2^288718897-1,STRUCTURAL_SCREEN_EXHAUSTED_PRIMALITY_UNASSIGNED,GF3A_DIRECTIONAL_WRITE_EXHAUSTED_PRIMALITY_UNASSIGNED,513,512,512,NO_RECORDED_FACTOR_PRP_OR_LL_RESULT_AND_NO_ACTIVE_GIMPS_ASSIGNMENT,2026-08-08T14:01:06+00:00,UNALLOCATED,,,,,
SLCMP585-4431,4431,4431,288718907,2^288718907-1,STRUCTURAL_SCREEN_EXHAUSTED_PRIMALITY_UNASSIGNED,GF3A_DIRECTIONAL_WRITE_EXHAUSTED_PRIMALITY_UNASSIGNED,514,512,512,NO_RECORDED_FACTOR_PRP_OR_LL_RESULT_AND_NO_ACTIVE_GIMPS_ASSIGNMENT,2026-08-08T14:01:06+00:00,UNALLOCATED,,,,,
SLCMP585-4432,4432,4432,288718933,2^288718933-1,STRUCTURAL_SCREEN_EXHAUSTED_PRIMALITY_UNASSIGNED,GF3A_DIRECTIONAL_WRITE_EXHAUSTED_PRIMALITY_UNASSIGNED,513,512,512,NO_RECORDED_FACTOR_PRP_OR_LL_RESULT_AND_NO_ACTIVE_GIMPS_ASSIGNMENT,2026-08-08T14:01:06+00:00,UNALLOCATED,,,,,
SLCMP585-4433,4433,4433,288718949,2^288718949-1,STRUCTURAL_SCREEN_EXHAUSTED_PRIMALITY_UNASSIGNED,GF3A_DIRECTIONAL_WRITE_EXHAUSTED_PRIMALITY_UNASSIGNED,513,512,512,NO_RECORDED_FACTOR_PRP_OR_LL_RESULT_AND_NO_ACTIVE_GIMPS_ASSIGNMENT,2026-08-08T14:01:06+00:00,UNALLOCATED,,,,,
SLCMP585-4434,4434,4434,288718987,2^288718987-1,STRUCTURAL_SCREEN_EXHAUSTED_PRIMALITY_UNASSIGNED,GF3A_DIRECTIONAL_WRITE_EXHAUSTED_PRIMALITY_UNASSIGNED,514,512,512,NO_RECORDED_FACTOR_PRP_OR_LL_RESULT_AND_NO_ACTIVE_GIMPS_ASSIGNMENT,2026-08-08T14:01:06+00:00,UNALLOCATED,,,,,
SLCMP585-4435,4435,4435,288718993,2^288718993-1,STRUCTURAL_SCREEN_EXHAUSTED_PRIMALITY_UNASSIGNED,GF3A_DIRECTIONAL_WRITE_EXHAUSTED_PRIMALITY_UNASSIGNED,513,512,512,NO_RECORDED_FACTOR_PRP_OR_LL_RESULT_AND_NO_ACTIVE_GIMPS_ASSIGNMENT,2026-08-08T14:01:06+00:00,UNALLOCATED,,,,,
SLCMP585-4436,4436,4436,288719051,2^288719051-1,STRUCTURAL_SCREEN_EXHAUSTED_PRIMALITY_UNASSIGNED,GF3A_DIRECTIONAL_WRITE_EXHAUSTED_PRIMALITY_UNASSIGNED,514,512,512,NO_RECORDED_FACTOR_PRP_OR_LL_RESULT_AND_NO_ACTIVE_GIMPS_ASSIGNMENT,2026-08-08T14:01:06+00:00,UNALLOCATED,,,,,
SLCMP585-4437,4437,4437,288719059,2^288719059-1,STRUCTURAL_SCREEN_EXHAUSTED_PRIMALITY_UNASSIGNED,GF3A_DIRECTIONAL_WRITE_EXHAUSTED_PRIMALITY_UNASSIGNED,514,512,512,NO_RECORDED_FACTOR_PRP_OR_LL_RESULT_AND_NO_ACTIVE_GIMPS_ASSIGNMENT,2026-08-08T14:01:06+00:00,UNALLOCATED,,,,,
SLCMP585-4438,4438,4438,288719113,2^288719113-1,STRUCTURAL_SCREEN_EXHAUSTED_PRIMALITY_UNASSIGNED,GF3A_DIRECTIONAL_WRITE_EXHAUSTED_PRIMALITY_UNASSIGNED,513,512,512,NO_RECORDED_FACTOR_PRP_OR_LL_RESULT_AND_NO_ACTIVE_GIMPS_ASSIGNMENT,2026-08-08T14:01:06+00:00,UNALLOCATED,,,,,
SLCMP585-4439,4439,4439,288719191,2^288719191-1,STRUCTURAL_SCREEN_EXHAUSTED_PRIMALITY_UNASSIGNED,GF3A_DIRECTIONAL_WRITE_EXHAUSTED_PRIMALITY_UNASSIGNED,514,512,512,NO_RECORDED_FACTOR_PRP_OR_LL_RESULT_AND_NO_ACTIVE_GIMPS_ASSIGNMENT,2026-08-08T14:01:06+00:00,UNALLOCATED,,,,,
SLCMP585-4440,4440,4440,288719201,2^288719201-1,STRUCTURAL_SCREEN_EXHAUSTED_PRIMALITY_UNASSIGNED,GF3A_DIRECTIONAL_WRITE_EXHAUSTED_PRIMALITY_UNASSIGNED,513,512,512,NO_RECORDED_FACTOR_PRP_OR_LL_RESULT_AND_NO_ACTIVE_GIMPS_ASSIGNMENT,2026-08-08T14:01:06+00:00,UNALLOCATED,,,,,
SLCMP585-4441,4441,4441,288719219,2^288719219-1,STRUCTURAL_SCREEN_EXHAUSTED_PRIMALITY_UNASSIGNED,GF3A_DIRECTIONAL_WRITE_EXHAUSTED_PRIMALITY_UNASSIGNED,514,512,512,NO_RECORDED_FACTOR_PRP_OR_LL_RESULT_AND_NO_ACTIVE_GIMPS_ASSIGNMENT,2026-08-08T14:01:06+00:00,UNALLOCATED,,,,,
SLCMP585-4442,4442,4442,288719227,2^288719227-1,STRUCTURAL_SCREEN_EXHAUSTED_PRIMALITY_UNASSIGNED,GF3A_DIRECTIONAL_WRITE_EXHAUSTED_PRIMALITY_UNASSIGNED,514,512,512,NO_RECORDED_FACTOR_PRP_OR_LL_RESULT_AND_NO_ACTIVE_GIMPS_ASSIGNMENT,2026-08-08T14:01:06+00:00,UNALLOCATED,,,,,
SLCMP585-4443,4443,4443,288719297,2^288719297-1,STRUCTURAL_SCREEN_EXHAUSTED_PRIMALITY_UNASSIGNED,GF3A_DIRECTIONAL_WRITE_EXHAUSTED_PRIMALITY_UNASSIGNED,513,512,512,NO_RECORDED_FACTOR_PRP_OR_LL_RESULT_AND_NO_ACTIVE_GIMPS_ASSIGNMENT,2026-08-08T14:01:06+00:00,UNALLOCATED,,,,,
SLCMP585-4444,4444,4444,288719311,2^288719311-1,STRUCTURAL_SCREEN_EXHAUSTED_PRIMALITY_UNASSIGNED,GF3A_DIRECTIONAL_WRITE_EXHAUSTED_PRIMALITY_UNASSIGNED,514,512,512,NO_RECORDED_FACTOR_PRP_OR_LL_RESULT_AND_NO_ACTIVE_GIMPS_ASSIGNMENT,2026-08-08T14:01:06+00:00,UNALLOCATED,,,,,
SLCMP585-4445,4445,4445,288719323,2^288719323-1,STRUCTURAL_SCREEN_EXHAUSTED_PRIMALITY_UNASSIGNED,GF3A_DIRECTIONAL_WRITE_EXHAUSTED_PRIMALITY_UNASSIGNED,514,512,512,NO_RECORDED_FACTOR_PRP_OR_LL_RESULT_AND_NO_ACTIVE_GIMPS_ASSIGNMENT,2026-08-08T14:01:06+00:00,UNALLOCATED,,,,,
SLCMP585-4446,4446,4446,288719339,2^288719339-1,STRUCTURAL_SCREEN_EXHAUSTED_PRIMALITY_UNASSIGNED,GF3A_DIRECTIONAL_WRITE_EXHAUSTED_PRIMALITY_UNASSIGNED,514,512,512,NO_RECORDED_FACTOR_PRP_OR_LL_RESULT_AND_NO_ACTIVE_GIMPS_ASSIGNMENT,2026-08-08T14:01:06+00:00,UNALLOCATED,,,,,
SLCMP585-4447,4447,4447,288719341,2^288719341-1,STRUCTURAL_SCREEN_EXHAUSTED_PRIMALITY_UNASSIGNED,GF3A_DIRECTIONAL_WRITE_EXHAUSTED_PRIMALITY_UNASSIGNED,513,512,512,NO_RECORDED_FACTOR_PRP_OR_LL_RESULT_AND_NO_ACTIVE_GIMPS_ASSIGNMENT,2026-08-08T14:01:06+00:00,UNALLOCATED,,,,,
SLCMP585-4448,4448,4448,288719377,2^288719377-1,STRUCTURAL_SCREEN_EXHAUSTED_PRIMALITY_UNASSIGNED,GF3A_DIRECTIONAL_WRITE_EXHAUSTED_PRIMALITY_UNASSIGNED,513,512,512,NO_RECORDED_FACTOR_PRP_OR_LL_RESULT_AND_NO_ACTIVE_GIMPS_ASSIGNMENT,2026-08-08T14:01:06+00:00,UNALLOCATED,,,,,
SLCMP585-4449,4449,4449,288719393,2^288719393-1,STRUCTURAL_SCREEN_EXHAUSTED_PRIMALITY_UNASSIGNED,GF3A_DIRECTIONAL_WRITE_EXHAUSTED_PRIMALITY_UNASSIGNED,513,512,512,NO_RECORDED_FACTOR_PRP_OR_LL_RESULT_AND_NO_ACTIVE_GIMPS_ASSIGNMENT,2026-08-08T14:01:06+00:00,UNALLOCATED,,,,,
SLCMP585-4450,4450,4450,288719413,2^288719413-1,STRUCTURAL_SCREEN_EXHAUSTED_PRIMALITY_UNASSIGNED,GF3A_DIRECTIONAL_WRITE_EXHAUSTED_PRIMALITY_UNASSIGNED,513,512,512,NO_RECORDED_FACTOR_PRP_OR_LL_RESULT_AND_NO_ACTIVE_GIMPS_ASSIGNMENT,2026-08-08T14:01:06+00:00,UNALLOCATED,,,,,
SLCMP585-4451,4451,4451,288719419,2^288719419-1,STRUCTURAL_SCREEN_EXHAUSTED_PRIMALITY_UNASSIGNED,GF3A_DIRECTIONAL_WRITE_EXHAUSTED_PRIMALITY_UNASSIGNED,514,512,512,NO_RECORDED_FACTOR_PRP_OR_LL_RESULT_AND_NO_ACTIVE_GIMPS_ASSIGNMENT,2026-08-08T14:01:06+00:00,UNALLOCATED,,,,,
SLCMP585-4452,4452,4452,288719443,2^288719443-1,STRUCTURAL_SCREEN_EXHAUSTED_PRIMALITY_UNASSIGNED,GF3A_DIRECTIONAL_WRITE_EXHAUSTED_PRIMALITY_UNASSIGNED,514,512,512,NO_RECORDED_FACTOR_PRP_OR_LL_RESULT_AND_NO_ACTIVE_GIMPS_ASSIGNMENT,2026-08-08T14:01:06+00:00,UNALLOCATED,,,,,
SLCMP585-4453,4453,4453,288719503,2^288719503-1,STRUCTURAL_SCREEN_EXHAUSTED_PRIMALITY_UNASSIGNED,GF3A_DIRECTIONAL_WRITE_EXHAUSTED_PRIMALITY_UNASSIGNED,514,512,512,NO_RECORDED_FACTOR_PRP_OR_LL_RESULT_AND_NO_ACTIVE_GIMPS_ASSIGNMENT,2026-08-08T14:01:06+00:00,UNALLOCATED,,,,,
SLCMP585-4454,4454,4454,288719579,2^288719579-1,STRUCTURAL_SCREEN_EXHAUSTED_PRIMALITY_UNASSIGNED,GF3A_DIRECTIONAL_WRITE_EXHAUSTED_PRIMALITY_UNASSIGNED,514,512,512,NO_RECORDED_FACTOR_PRP_OR_LL_RESULT_AND_NO_ACTIVE_GIMPS_ASSIGNMENT,2026-08-08T14:01:06+00:00,UNALLOCATED,,,,,
SLCMP585-4455,4455,4455,288719693,2^288719693-1,STRUCTURAL_SCREEN_EXHAUSTED_PRIMALITY_UNASSIGNED,GF3A_DIRECTIONAL_WRITE_EXHAUSTED_PRIMALITY_UNASSIGNED,513,512,512,NO_RECORDED_FACTOR_PRP_OR_LL_RESULT_AND_NO_ACTIVE_GIMPS_ASSIGNMENT,2026-08-08T14:01:06+00:00,UNALLOCATED,,,,,
SLCMP585-4456,4456,4456,288719699,2^288719699-1,STRUCTURAL_SCREEN_EXHAUSTED_PRIMALITY_UNASSIGNED,GF3A_DIRECTIONAL_WRITE_EXHAUSTED_PRIMALITY_UNASSIGNED,514,512,512,NO_RECORDED_FACTOR_PRP_OR_LL_RESULT_AND_NO_ACTIVE_GIMPS_ASSIGNMENT,2026-08-08T14:01:06+00:00,UNALLOCATED,,,,,
SLCMP585-4457,4457,4457,288719707,2^288719707-1,STRUCTURAL_SCREEN_EXHAUSTED_PRIMALITY_UNASSIGNED,GF3A_DIRECTIONAL_WRITE_EXHAUSTED_PRIMALITY_UNASSIGNED,514,512,512,NO_RECORDED_FACTOR_PRP_OR_LL_RESULT_AND_NO_ACTIVE_GIMPS_ASSIGNMENT,2026-08-08T14:01:06+00:00,UNALLOCATED,,,,,
SLCMP585-4458,4458,4458,288719723,2^288719723-1,STRUCTURAL_SCREEN_EXHAUSTED_PRIMALITY_UNASSIGNED,GF3A_DIRECTIONAL_WRITE_EXHAUSTED_PRIMALITY_UNASSIGNED,514,512,512,NO_RECORDED_FACTOR_PRP_OR_LL_RESULT_AND_NO_ACTIVE_GIMPS_ASSIGNMENT,2026-08-08T14:01:06+00:00,UNALLOCATED,,,,,
SLCMP585-4459,4459,4459,288719749,2^288719749-1,STRUCTURAL_SCREEN_EXHAUSTED_PRIMALITY_UNASSIGNED,GF3A_DIRECTIONAL_WRITE_EXHAUSTED_PRIMALITY_UNASSIGNED,513,512,512,NO_RECORDED_FACTOR_PRP_OR_LL_RESULT_AND_NO_ACTIVE_GIMPS_ASSIGNMENT,2026-08-08T14:01:06+00:00,UNALLOCATED,,,,,
SLCMP585-4460,4460,4460,288719773,2^288719773-1,STRUCTURAL_SCREEN_EXHAUSTED_PRIMALITY_UNASSIGNED,GF3A_DIRECTIONAL_WRITE_EXHAUSTED_PRIMALITY_UNASSIGNED,513,512,512,NO_RECORDED_FACTOR_PRP_OR_LL_RESULT_AND_NO_ACTIVE_GIMPS_ASSIGNMENT,2026-08-08T14:01:06+00:00,UNALLOCATED,,,,,
SLCMP585-4461,4461,4461,288719803,2^288719803-1,STRUCTURAL_SCREEN_EXHAUSTED_PRIMALITY_UNASSIGNED,GF3A_DIRECTIONAL_WRITE_EXHAUSTED_PRIMALITY_UNASSIGNED,514,512,512,NO_RECORDED_FACTOR_PRP_OR_LL_RESULT_AND_NO_ACTIVE_GIMPS_ASSIGNMENT,2026-08-08T14:01:06+00:00,UNALLOCATED,,,,,
SLCMP585-4462,4462,4462,288719807,2^288719807-1,STRUCTURAL_SCREEN_EXHAUSTED_PRIMALITY_UNASSIGNED,GF3A_DIRECTIONAL_WRITE_EXHAUSTED_PRIMALITY_UNASSIGNED,514,512,512,NO_RECORDED_FACTOR_PRP_OR_LL_RESULT_AND_NO_ACTIVE_GIMPS_ASSIGNMENT,2026-08-08T14:01:06+00:00,UNALLOCATED,,,,,
SLCMP585-4463,4463,4463,288719813,2^288719813-1,STRUCTURAL_SCREEN_EXHAUSTED_PRIMALITY_UNASSIGNED,GF3A_DIRECTIONAL_WRITE_EXHAUSTED_PRIMALITY_UNASSIGNED,513,512,512,NO_RECORDED_FACTOR_PRP_OR_LL_RESULT_AND_NO_ACTIVE_GIMPS_ASSIGNMENT,2026-08-08T14:01:06+00:00,UNALLOCATED,,,,,
SLCMP585-4464,4464,4464,288720007,2^288720007-1,STRUCTURAL_SCREEN_EXHAUSTED_PRIMALITY_UNASSIGNED,GF3A_DIRECTIONAL_WRITE_EXHAUSTED_PRIMALITY_UNASSIGNED,514,512,512,NO_RECORDED_FACTOR_PRP_OR_LL_RESULT_AND_NO_ACTIVE_GIMPS_ASSIGNMENT,2026-08-08T14:01:06+00:00,UNALLOCATED,,,,,
SLCMP585-4465,4465,4465,288720031,2^288720031-1,STRUCTURAL_SCREEN_EXHAUSTED_PRIMALITY_UNASSIGNED,GF3A_DIRECTIONAL_WRITE_EXHAUSTED_PRIMALITY_UNASSIGNED,514,512,512,NO_RECORDED_FACTOR_PRP_OR_LL_RESULT_AND_NO_ACTIVE_GIMPS_ASSIGNMENT,2026-08-08T14:01:06+00:00,UNALLOCATED,,,,,
SLCMP585-4466,4466,4466,288720071,2^288720071-1,STRUCTURAL_SCREEN_EXHAUSTED_PRIMALITY_UNASSIGNED,GF3A_DIRECTIONAL_WRITE_EXHAUSTED_PRIMALITY_UNASSIGNED,514,512,512,NO_RECORDED_FACTOR_PRP_OR_LL_RESULT_AND_NO_ACTIVE_GIMPS_ASSIGNMENT,2026-08-08T14:01:06+00:00,UNALLOCATED,,,,,
SLCMP585-4467,4467,4467,288720301,2^288720301-1,STRUCTURAL_SCREEN_EXHAUSTED_PRIMALITY_UNASSIGNED,GF3A_DIRECTIONAL_WRITE_EXHAUSTED_PRIMALITY_UNASSIGNED,513,512,512,NO_RECORDED_FACTOR_PRP_OR_LL_RESULT_AND_NO_ACTIVE_GIMPS_ASSIGNMENT,2026-08-08T14:01:06+00:00,UNALLOCATED,,,,,
SLCMP585-4468,4468,4468,288720307,2^288720307-1,STRUCTURAL_SCREEN_EXHAUSTED_PRIMALITY_UNASSIGNED,GF3A_DIRECTIONAL_WRITE_EXHAUSTED_PRIMALITY_UNASSIGNED,514,512,512,NO_RECORDED_FACTOR_PRP_OR_LL_RESULT_AND_NO_ACTIVE_GIMPS_ASSIGNMENT,2026-08-08T14:01:06+00:00,UNALLOCATED,,,,,
SLCMP585-4469,4469,4469,288720451,2^288720451-1,STRUCTURAL_SCREEN_EXHAUSTED_PRIMALITY_UNASSIGNED,GF3A_DIRECTIONAL_WRITE_EXHAUSTED_PRIMALITY_UNASSIGNED,514,512,512,NO_RECORDED_FACTOR_PRP_OR_LL_RESULT_AND_NO_ACTIVE_GIMPS_ASSIGNMENT,2026-08-08T14:01:06+00:00,UNALLOCATED,,,,,
SLCMP585-4470,4470,4470,288720461,2^288720461-1,STRUCTURAL_SCREEN_EXHAUSTED_PRIMALITY_UNASSIGNED,GF3A_DIRECTIONAL_WRITE_EXHAUSTED_PRIMALITY_UNASSIGNED,513,512,512,NO_RECORDED_FACTOR_PRP_OR_LL_RESULT_AND_NO_ACTIVE_GIMPS_ASSIGNMENT,2026-08-08T14:01:06+00:00,UNALLOCATED,,,,,
SLCMP585-4471,4471,4471,288720559,2^288720559-1,STRUCTURAL_SCREEN_EXHAUSTED_PRIMALITY_UNASSIGNED,GF3A_DIRECTIONAL_WRITE_EXHAUSTED_PRIMALITY_UNASSIGNED,514,512,512,NO_RECORDED_FACTOR_PRP_OR_LL_RESULT_AND_NO_ACTIVE_GIMPS_ASSIGNMENT,2026-08-08T14:01:06+00:00,UNALLOCATED,,,,,
SLCMP585-4472,4472,4472,288720623,2^288720623-1,STRUCTURAL_SCREEN_EXHAUSTED_PRIMALITY_UNASSIGNED,GF3A_DIRECTIONAL_WRITE_EXHAUSTED_PRIMALITY_UNASSIGNED,514,512,512,NO_RECORDED_FACTOR_PRP_OR_LL_RESULT_AND_NO_ACTIVE_GIMPS_ASSIGNMENT,2026-08-08T14:01:06+00:00,UNALLOCATED,,,,,
SLCMP585-4473,4473,4473,288720643,2^288720643-1,STRUCTURAL_SCREEN_EXHAUSTED_PRIMALITY_UNASSIGNED,GF3A_DIRECTIONAL_WRITE_EXHAUSTED_PRIMALITY_UNASSIGNED,514,512,512,NO_RECORDED_FACTOR_PRP_OR_LL_RESULT_AND_NO_ACTIVE_GIMPS_ASSIGNMENT,2026-08-08T14:01:06+00:00,UNALLOCATED,,,,,
SLCMP585-4474,4474,4474,288720703,2^288720703-1,STRUCTURAL_SCREEN_EXHAUSTED_PRIMALITY_UNASSIGNED,GF3A_DIRECTIONAL_WRITE_EXHAUSTED_PRIMALITY_UNASSIGNED,514,512,512,NO_RECORDED_FACTOR_PRP_OR_LL_RESULT_AND_NO_ACTIVE_GIMPS_ASSIGNMENT,2026-08-08T14:01:06+00:00,UNALLOCATED,,,,,
SLCMP585-4475,4475,4475,288720829,2^288720829-1,STRUCTURAL_SCREEN_EXHAUSTED_PRIMALITY_UNASSIGNED,GF3A_DIRECTIONAL_WRITE_EXHAUSTED_PRIMALITY_UNASSIGNED,513,512,512,NO_RECORDED_FACTOR_PRP_OR_LL_RESULT_AND_NO_ACTIVE_GIMPS_ASSIGNMENT,2026-08-08T14:01:06+00:00,UNALLOCATED,,,,,
SLCMP585-4476,4476,4476,288720851,2^288720851-1,STRUCTURAL_SCREEN_EXHAUSTED_PRIMALITY_UNASSIGNED,GF3A_DIRECTIONAL_WRITE_EXHAUSTED_PRIMALITY_UNASSIGNED,514,512,512,NO_RECORDED_FACTOR_PRP_OR_LL_RESULT_AND_NO_ACTIVE_GIMPS_ASSIGNMENT,2026-08-08T14:01:06+00:00,UNALLOCATED,,,,,
SLCMP585-4477,4477,4477,288720907,2^288720907-1,STRUCTURAL_SCREEN_EXHAUSTED_PRIMALITY_UNASSIGNED,GF3A_DIRECTIONAL_WRITE_EXHAUSTED_PRIMALITY_UNASSIGNED,514,512,512,NO_RECORDED_FACTOR_PRP_OR_LL_RESULT_AND_NO_ACTIVE_GIMPS_ASSIGNMENT,2026-08-08T14:01:06+00:00,UNALLOCATED,,,,,
SLCMP585-4478,4478,4478,288720973,2^288720973-1,STRUCTURAL_SCREEN_EXHAUSTED_PRIMALITY_UNASSIGNED,GF3A_DIRECTIONAL_WRITE_EXHAUSTED_PRIMALITY_UNASSIGNED,513,512,512,NO_RECORDED_FACTOR_PRP_OR_LL_RESULT_AND_NO_ACTIVE_GIMPS_ASSIGNMENT,2026-08-08T14:01:06+00:00,UNALLOCATED,,,,,
SLCMP585-4479,4479,4479,288720983,2^288720983-1,STRUCTURAL_SCREEN_EXHAUSTED_PRIMALITY_UNASSIGNED,GF3A_DIRECTIONAL_WRITE_EXHAUSTED_PRIMALITY_UNASSIGNED,514,512,512,NO_RECORDED_FACTOR_PRP_OR_LL_RESULT_AND_NO_ACTIVE_GIMPS_ASSIGNMENT,2026-08-08T14:01:06+00:00,UNALLOCATED,,,,,
SLCMP585-4480,4480,4480,288720997,2^288720997-1,STRUCTURAL_SCREEN_EXHAUSTED_PRIMALITY_UNASSIGNED,GF3A_DIRECTIONAL_WRITE_EXHAUSTED_PRIMALITY_UNASSIGNED,513,512,512,NO_RECORDED_FACTOR_PRP_OR_LL_RESULT_AND_NO_ACTIVE_GIMPS_ASSIGNMENT,2026-08-08T14:01:06+00:00,UNALLOCATED,,,,,
SLCMP585-4481,4481,4481,288721009,2^288721009-1,STRUCTURAL_SCREEN_EXHAUSTED_PRIMALITY_UNASSIGNED,GF3A_DIRECTIONAL_WRITE_EXHAUSTED_PRIMALITY_UNASSIGNED,513,512,512,NO_RECORDED_FACTOR_PRP_OR_LL_RESULT_AND_NO_ACTIVE_GIMPS_ASSIGNMENT,2026-08-08T14:01:06+00:00,UNALLOCATED,,,,,
SLCMP585-4482,4482,4482,288721163,2^288721163-1,STRUCTURAL_SCREEN_EXHAUSTED_PRIMALITY_UNASSIGNED,GF3A_DIRECTIONAL_WRITE_EXHAUSTED_PRIMALITY_UNASSIGNED,514,512,512,NO_RECORDED_FACTOR_PRP_OR_LL_RESULT_AND_NO_ACTIVE_GIMPS_ASSIGNMENT,2026-08-08T14:01:06+00:00,UNALLOCATED,,,,,
SLCMP585-4483,4483,4483,288721241,2^288721241-1,STRUCTURAL_SCREEN_EXHAUSTED_PRIMALITY_UNASSIGNED,GF3A_DIRECTIONAL_WRITE_EXHAUSTED_PRIMALITY_UNASSIGNED,513,512,512,NO_RECORDED_FACTOR_PRP_OR_LL_RESULT_AND_NO_ACTIVE_GIMPS_ASSIGNMENT,2026-08-08T14:01:06+00:00,UNALLOCATED,,,,,
SLCMP585-4484,4484,4484,288721333,2^288721333-1,STRUCTURAL_SCREEN_EXHAUSTED_PRIMALITY_UNASSIGNED,GF3A_DIRECTIONAL_WRITE_EXHAUSTED_PRIMALITY_UNASSIGNED,513,512,512,NO_RECORDED_FACTOR_PRP_OR_LL_RESULT_AND_NO_ACTIVE_GIMPS_ASSIGNMENT,2026-08-08T14:01:06+00:00,UNALLOCATED,,,,,
SLCMP585-4485,4485,4485,288721409,2^288721409-1,STRUCTURAL_SCREEN_EXHAUSTED_PRIMALITY_UNASSIGNED,GF3A_DIRECTIONAL_WRITE_EXHAUSTED_PRIMALITY_UNASSIGNED,513,512,512,NO_RECORDED_FACTOR_PRP_OR_LL_RESULT_AND_NO_ACTIVE_GIMPS_ASSIGNMENT,2026-08-08T14:01:06+00:00,UNALLOCATED,,,,,
SLCMP585-4486,4486,4486,288721453,2^288721453-1,STRUCTURAL_SCREEN_EXHAUSTED_PRIMALITY_UNASSIGNED,GF3A_DIRECTIONAL_WRITE_EXHAUSTED_PRIMALITY_UNASSIGNED,513,512,512,NO_RECORDED_FACTOR_PRP_OR_LL_RESULT_AND_NO_ACTIVE_GIMPS_ASSIGNMENT,2026-08-08T14:01:06+00:00,UNALLOCATED,,,,,
SLCMP585-4487,4487,4487,288721519,2^288721519-1,STRUCTURAL_SCREEN_EXHAUSTED_PRIMALITY_UNASSIGNED,GF3A_DIRECTIONAL_WRITE_EXHAUSTED_PRIMALITY_UNASSIGNED,514,512,512,NO_RECORDED_FACTOR_PRP_OR_LL_RESULT_AND_NO_ACTIVE_GIMPS_ASSIGNMENT,2026-08-08T14:01:06+00:00,UNALLOCATED,,,,,
SLCMP585-4488,4488,4488,288721547,2^288721547-1,STRUCTURAL_SCREEN_EXHAUSTED_PRIMALITY_UNASSIGNED,GF3A_DIRECTIONAL_WRITE_EXHAUSTED_PRIMALITY_UNASSIGNED,514,512,512,NO_RECORDED_FACTOR_PRP_OR_LL_RESULT_AND_NO_ACTIVE_GIMPS_ASSIGNMENT,2026-08-08T14:01:06+00:00,UNALLOCATED,,,,,
SLCMP585-4489,4489,4489,288721579,2^288721579-1,STRUCTURAL_SCREEN_EXHAUSTED_PRIMALITY_UNASSIGNED,GF3A_DIRECTIONAL_WRITE_EXHAUSTED_PRIMALITY_UNASSIGNED,514,512,512,NO_RECORDED_FACTOR_PRP_OR_LL_RESULT_AND_NO_ACTIVE_GIMPS_ASSIGNMENT,2026-08-08T14:01:06+00:00,UNALLOCATED,,,,,
SLCMP585-4490,4490,4490,288721661,2^288721661-1,STRUCTURAL_SCREEN_EXHAUSTED_PRIMALITY_UNASSIGNED,GF3A_DIRECTIONAL_WRITE_EXHAUSTED_PRIMALITY_UNASSIGNED,513,512,512,NO_RECORDED_FACTOR_PRP_OR_LL_RESULT_AND_NO_ACTIVE_GIMPS_ASSIGNMENT,2026-08-08T14:01:06+00:00,UNALLOCATED,,,,,
SLCMP585-4491,4491,4491,288721703,2^288721703-1,STRUCTURAL_SCREEN_EXHAUSTED_PRIMALITY_UNASSIGNED,GF3A_DIRECTIONAL_WRITE_EXHAUSTED_PRIMALITY_UNASSIGNED,514,512,512,NO_RECORDED_FACTOR_PRP_OR_LL_RESULT_AND_NO_ACTIVE_GIMPS_ASSIGNMENT,2026-08-08T14:01:06+00:00,UNALLOCATED,,,,,
SLCMP585-4492,4492,4492,288721721,2^288721721-1,STRUCTURAL_SCREEN_EXHAUSTED_PRIMALITY_UNASSIGNED,GF3A_DIRECTIONAL_WRITE_EXHAUSTED_PRIMALITY_UNASSIGNED,513,512,512,NO_RECORDED_FACTOR_PRP_OR_LL_RESULT_AND_NO_ACTIVE_GIMPS_ASSIGNMENT,2026-08-08T14:01:06+00:00,UNALLOCATED,,,,,
SLCMP585-4493,4493,4493,288721859,2^288721859-1,STRUCTURAL_SCREEN_EXHAUSTED_PRIMALITY_UNASSIGNED,GF3A_DIRECTIONAL_WRITE_EXHAUSTED_PRIMALITY_UNASSIGNED,514,512,512,NO_RECORDED_FACTOR_PRP_OR_LL_RESULT_AND_NO_ACTIVE_GIMPS_ASSIGNMENT,2026-08-08T14:01:06+00:00,UNALLOCATED,,,,,
SLCMP585-4494,4494,4494,288722029,2^288722029-1,STRUCTURAL_SCREEN_EXHAUSTED_PRIMALITY_UNASSIGNED,GF3A_DIRECTIONAL_WRITE_EXHAUSTED_PRIMALITY_UNASSIGNED,513,512,512,NO_RECORDED_FACTOR_PRP_OR_LL_RESULT_AND_NO_ACTIVE_GIMPS_ASSIGNMENT,2026-08-08T14:01:06+00:00,UNALLOCATED,,,,,
SLCMP585-4495,4495,4495,288722249,2^288722249-1,STRUCTURAL_SCREEN_EXHAUSTED_PRIMALITY_UNASSIGNED,GF3A_DIRECTIONAL_WRITE_EXHAUSTED_PRIMALITY_UNASSIGNED,513,512,512,NO_RECORDED_FACTOR_PRP_OR_LL_RESULT_AND_NO_ACTIVE_GIMPS_ASSIGNMENT,2026-08-08T14:01:06+00:00,UNALLOCATED,,,,,
SLCMP585-4496,4496,4496,288722351,2^288722351-1,STRUCTURAL_SCREEN_EXHAUSTED_PRIMALITY_UNASSIGNED,GF3A_DIRECTIONAL_WRITE_EXHAUSTED_PRIMALITY_UNASSIGNED,514,512,512,NO_RECORDED_FACTOR_PRP_OR_LL_RESULT_AND_NO_ACTIVE_GIMPS_ASSIGNMENT,2026-08-08T14:01:06+00:00,UNALLOCATED,,,,,
SLCMP585-4497,4497,4497,288722377,2^288722377-1,STRUCTURAL_SCREEN_EXHAUSTED_PRIMALITY_UNASSIGNED,GF3A_DIRECTIONAL_WRITE_EXHAUSTED_PRIMALITY_UNASSIGNED,513,512,512,NO_RECORDED_FACTOR_PRP_OR_LL_RESULT_AND_NO_ACTIVE_GIMPS_ASSIGNMENT,2026-08-08T14:01:06+00:00,UNALLOCATED,,,,,
SLCMP585-4498,4498,4498,288722393,2^288722393-1,STRUCTURAL_SCREEN_EXHAUSTED_PRIMALITY_UNASSIGNED,GF3A_DIRECTIONAL_WRITE_EXHAUSTED_PRIMALITY_UNASSIGNED,513,512,512,NO_RECORDED_FACTOR_PRP_OR_LL_RESULT_AND_NO_ACTIVE_GIMPS_ASSIGNMENT,2026-08-08T14:01:06+00:00,UNALLOCATED,,,,,
SLCMP585-4499,4499,4499,288722411,2^288722411-1,STRUCTURAL_SCREEN_EXHAUSTED_PRIMALITY_UNASSIGNED,GF3A_DIRECTIONAL_WRITE_EXHAUSTED_PRIMALITY_UNASSIGNED,514,512,512,NO_RECORDED_FACTOR_PRP_OR_LL_RESULT_AND_NO_ACTIVE_GIMPS_ASSIGNMENT,2026-08-08T14:01:06+00:00,UNALLOCATED,,,,,
SLCMP585-4500,4500,4500,288722491,2^288722491-1,STRUCTURAL_SCREEN_EXHAUSTED_PRIMALITY_UNASSIGNED,GF3A_DIRECTIONAL_WRITE_EXHAUSTED_PRIMALITY_UNASSIGNED,514,512,512,NO_RECORDED_FACTOR_PRP_OR_LL_RESULT_AND_NO_ACTIVE_GIMPS_ASSIGNMENT,2026-08-08T14:01:06+00:00,UNALLOCATED,,,,,
SLCMP585-4501,4501,4501,288722573,2^288722573-1,STRUCTURAL_SCREEN_EXHAUSTED_PRIMALITY_UNASSIGNED,GF3A_DIRECTIONAL_WRITE_EXHAUSTED_PRIMALITY_UNASSIGNED,513,512,512,NO_RECORDED_FACTOR_PRP_OR_LL_RESULT_AND_NO_ACTIVE_GIMPS_ASSIGNMENT,2026-08-08T14:01:06+00:00,UNALLOCATED,,,,,
SLCMP585-4502,4502,4502,288722591,2^288722591-1,STRUCTURAL_SCREEN_EXHAUSTED_PRIMALITY_UNASSIGNED,GF3A_DIRECTIONAL_WRITE_EXHAUSTED_PRIMALITY_UNASSIGNED,514,512,512,NO_RECORDED_FACTOR_PRP_OR_LL_RESULT_AND_NO_ACTIVE_GIMPS_ASSIGNMENT,2026-08-08T14:01:06+00:00,UNALLOCATED,,,,,
SLCMP585-4503,4503,4503,288722627,2^288722627-1,STRUCTURAL_SCREEN_EXHAUSTED_PRIMALITY_UNASSIGNED,GF3A_DIRECTIONAL_WRITE_EXHAUSTED_PRIMALITY_UNASSIGNED,514,512,512,NO_RECORDED_FACTOR_PRP_OR_LL_RESULT_AND_NO_ACTIVE_GIMPS_ASSIGNMENT,2026-08-08T14:01:06+00:00,UNALLOCATED,,,,,
SLCMP585-4504,4504,4504,288722659,2^288722659-1,STRUCTURAL_SCREEN_EXHAUSTED_PRIMALITY_UNASSIGNED,GF3A_DIRECTIONAL_WRITE_EXHAUSTED_PRIMALITY_UNASSIGNED,514,512,512,NO_RECORDED_FACTOR_PRP_OR_LL_RESULT_AND_NO_ACTIVE_GIMPS_ASSIGNMENT,2026-08-08T14:01:06+00:00,UNALLOCATED,,,,,
SLCMP585-4505,4505,4505,288722671,2^288722671-1,STRUCTURAL_SCREEN_EXHAUSTED_PRIMALITY_UNASSIGNED,GF3A_DIRECTIONAL_WRITE_EXHAUSTED_PRIMALITY_UNASSIGNED,514,512,512,NO_RECORDED_FACTOR_PRP_OR_LL_RESULT_AND_NO_ACTIVE_GIMPS_ASSIGNMENT,2026-08-08T14:01:06+00:00,UNALLOCATED,,,,,
SLCMP585-4506,4506,4506,288722761,2^288722761-1,STRUCTURAL_SCREEN_EXHAUSTED_PRIMALITY_UNASSIGNED,GF3A_DIRECTIONAL_WRITE_EXHAUSTED_PRIMALITY_UNASSIGNED,513,512,512,NO_RECORDED_FACTOR_PRP_OR_LL_RESULT_AND_NO_ACTIVE_GIMPS_ASSIGNMENT,2026-08-08T14:01:06+00:00,UNALLOCATED,,,,,
SLCMP585-4507,4507,4507,288722827,2^288722827-1,STRUCTURAL_SCREEN_EXHAUSTED_PRIMALITY_UNASSIGNED,GF3A_DIRECTIONAL_WRITE_EXHAUSTED_PRIMALITY_UNASSIGNED,514,512,512,NO_RECORDED_FACTOR_PRP_OR_LL_RESULT_AND_NO_ACTIVE_GIMPS_ASSIGNMENT,2026-08-08T14:01:06+00:00,UNALLOCATED,,,,,
SLCMP585-4508,4508,4508,288722867,2^288722867-1,STRUCTURAL_SCREEN_EXHAUSTED_PRIMALITY_UNASSIGNED,GF3A_DIRECTIONAL_WRITE_EXHAUSTED_PRIMALITY_UNASSIGNED,514,512,512,NO_RECORDED_FACTOR_PRP_OR_LL_RESULT_AND_NO_ACTIVE_GIMPS_ASSIGNMENT,2026-08-08T14:01:06+00:00,UNALLOCATED,,,,,
SLCMP585-4509,4509,4509,288722873,2^288722873-1,STRUCTURAL_SCREEN_EXHAUSTED_PRIMALITY_UNASSIGNED,GF3A_DIRECTIONAL_WRITE_EXHAUSTED_PRIMALITY_UNASSIGNED,513,512,512,NO_RECORDED_FACTOR_PRP_OR_LL_RESULT_AND_NO_ACTIVE_GIMPS_ASSIGNMENT,2026-08-08T14:01:06+00:00,UNALLOCATED,,,,,
SLCMP585-4510,4510,4510,288722881,2^288722881-1,STRUCTURAL_SCREEN_EXHAUSTED_PRIMALITY_UNASSIGNED,GF3A_DIRECTIONAL_WRITE_EXHAUSTED_PRIMALITY_UNASSIGNED,513,512,512,NO_RECORDED_FACTOR_PRP_OR_LL_RESULT_AND_NO_ACTIVE_GIMPS_ASSIGNMENT,2026-08-08T14:01:06+00:00,UNALLOCATED,,,,,
SLCMP585-4511,4511,4511,288722923,2^288722923-1,STRUCTURAL_SCREEN_EXHAUSTED_PRIMALITY_UNASSIGNED,GF3A_DIRECTIONAL_WRITE_EXHAUSTED_PRIMALITY_UNASSIGNED,514,512,512,NO_RECORDED_FACTOR_PRP_OR_LL_RESULT_AND_NO_ACTIVE_GIMPS_ASSIGNMENT,2026-08-08T14:01:06+00:00,UNALLOCATED,,,,,
SLCMP585-4512,4512,4512,288722939,2^288722939-1,STRUCTURAL_SCREEN_EXHAUSTED_PRIMALITY_UNASSIGNED,GF3A_DIRECTIONAL_WRITE_EXHAUSTED_PRIMALITY_UNASSIGNED,514,512,512,NO_RECORDED_FACTOR_PRP_OR_LL_RESULT_AND_NO_ACTIVE_GIMPS_ASSIGNMENT,2026-08-08T14:01:06+00:00,UNALLOCATED,,,,,
SLCMP585-4513,4513,4513,288722953,2^288722953-1,STRUCTURAL_SCREEN_EXHAUSTED_PRIMALITY_UNASSIGNED,GF3A_DIRECTIONAL_WRITE_EXHAUSTED_PRIMALITY_UNASSIGNED,513,512,512,NO_RECORDED_FACTOR_PRP_OR_LL_RESULT_AND_NO_ACTIVE_GIMPS_ASSIGNMENT,2026-08-08T14:01:06+00:00,UNALLOCATED,,,,,
SLCMP585-4514,4514,4514,288723011,2^288723011-1,STRUCTURAL_SCREEN_EXHAUSTED_PRIMALITY_UNASSIGNED,GF3A_DIRECTIONAL_WRITE_EXHAUSTED_PRIMALITY_UNASSIGNED,514,512,512,NO_RECORDED_FACTOR_PRP_OR_LL_RESULT_AND_NO_ACTIVE_GIMPS_ASSIGNMENT,2026-08-08T14:01:06+00:00,UNALLOCATED,,,,,
SLCMP585-4515,4515,4515,288723047,2^288723047-1,STRUCTURAL_SCREEN_EXHAUSTED_PRIMALITY_UNASSIGNED,GF3A_DIRECTIONAL_WRITE_EXHAUSTED_PRIMALITY_UNASSIGNED,514,512,512,NO_RECORDED_FACTOR_PRP_OR_LL_RESULT_AND_NO_ACTIVE_GIMPS_ASSIGNMENT,2026-08-08T14:01:06+00:00,UNALLOCATED,,,,,
SLCMP585-4516,4516,4516,288723059,2^288723059-1,STRUCTURAL_SCREEN_EXHAUSTED_PRIMALITY_UNASSIGNED,GF3A_DIRECTIONAL_WRITE_EXHAUSTED_PRIMALITY_UNASSIGNED,514,512,512,NO_RECORDED_FACTOR_PRP_OR_LL_RESULT_AND_NO_ACTIVE_GIMPS_ASSIGNMENT,2026-08-08T14:01:06+00:00,UNALLOCATED,,,,,
SLCMP585-4517,4517,4517,288723073,2^288723073-1,STRUCTURAL_SCREEN_EXHAUSTED_PRIMALITY_UNASSIGNED,GF3A_DIRECTIONAL_WRITE_EXHAUSTED_PRIMALITY_UNASSIGNED,513,512,512,NO_RECORDED_FACTOR_PRP_OR_LL_RESULT_AND_NO_ACTIVE_GIMPS_ASSIGNMENT,2026-08-08T14:01:06+00:00,UNALLOCATED,,,,,
SLCMP585-4518,4518,4518,288723137,2^288723137-1,STRUCTURAL_SCREEN_EXHAUSTED_PRIMALITY_UNASSIGNED,GF3A_DIRECTIONAL_WRITE_EXHAUSTED_PRIMALITY_UNASSIGNED,513,512,512,NO_RECORDED_FACTOR_PRP_OR_LL_RESULT_AND_NO_ACTIVE_GIMPS_ASSIGNMENT,2026-08-08T14:01:06+00:00,UNALLOCATED,,,,,
SLCMP585-4519,4519,4519,288723151,2^288723151-1,STRUCTURAL_SCREEN_EXHAUSTED_PRIMALITY_UNASSIGNED,GF3A_DIRECTIONAL_WRITE_EXHAUSTED_PRIMALITY_UNASSIGNED,514,512,512,NO_RECORDED_FACTOR_PRP_OR_LL_RESULT_AND_NO_ACTIVE_GIMPS_ASSIGNMENT,2026-08-08T14:01:06+00:00,UNALLOCATED,,,,,
SLCMP585-4520,4520,4520,288723179,2^288723179-1,STRUCTURAL_SCREEN_EXHAUSTED_PRIMALITY_UNASSIGNED,GF3A_DIRECTIONAL_WRITE_EXHAUSTED_PRIMALITY_UNASSIGNED,514,512,512,NO_RECORDED_FACTOR_PRP_OR_LL_RESULT_AND_NO_ACTIVE_GIMPS_ASSIGNMENT,2026-08-08T14:01:06+00:00,UNALLOCATED,,,,,
SLCMP585-4521,4521,4521,288723571,2^288723571-1,STRUCTURAL_SCREEN_EXHAUSTED_PRIMALITY_UNASSIGNED,GF3A_DIRECTIONAL_WRITE_EXHAUSTED_PRIMALITY_UNASSIGNED,514,512,512,NO_RECORDED_FACTOR_PRP_OR_LL_RESULT_AND_NO_ACTIVE_GIMPS_ASSIGNMENT,2026-08-08T14:01:06+00:00,UNALLOCATED,,,,,
SLCMP585-4522,4522,4522,288723583,2^288723583-1,STRUCTURAL_SCREEN_EXHAUSTED_PRIMALITY_UNASSIGNED,GF3A_DIRECTIONAL_WRITE_EXHAUSTED_PRIMALITY_UNASSIGNED,514,512,512,NO_RECORDED_FACTOR_PRP_OR_LL_RESULT_AND_NO_ACTIVE_GIMPS_ASSIGNMENT,2026-08-08T14:01:06+00:00,UNALLOCATED,,,,,
SLCMP585-4523,4523,4523,288723593,2^288723593-1,STRUCTURAL_SCREEN_EXHAUSTED_PRIMALITY_UNASSIGNED,GF3A_DIRECTIONAL_WRITE_EXHAUSTED_PRIMALITY_UNASSIGNED,513,512,512,NO_RECORDED_FACTOR_PRP_OR_LL_RESULT_AND_NO_ACTIVE_GIMPS_ASSIGNMENT,2026-08-08T14:01:06+00:00,UNALLOCATED,,,,,
SLCMP585-4524,4524,4524,288723619,2^288723619-1,STRUCTURAL_SCREEN_EXHAUSTED_PRIMALITY_UNASSIGNED,GF3A_DIRECTIONAL_WRITE_EXHAUSTED_PRIMALITY_UNASSIGNED,514,512,512,NO_RECORDED_FACTOR_PRP_OR_LL_RESULT_AND_NO_ACTIVE_GIMPS_ASSIGNMENT,2026-08-08T14:01:06+00:00,UNALLOCATED,,,,,
SLCMP585-4525,4525,4525,288723637,2^288723637-1,STRUCTURAL_SCREEN_EXHAUSTED_PRIMALITY_UNASSIGNED,GF3A_DIRECTIONAL_WRITE_EXHAUSTED_PRIMALITY_UNASSIGNED,513,512,512,NO_RECORDED_FACTOR_PRP_OR_LL_RESULT_AND_NO_ACTIVE_GIMPS_ASSIGNMENT,2026-08-08T14:01:06+00:00,UNALLOCATED,,,,,
SLCMP585-4526,4526,4526,288723647,2^288723647-1,STRUCTURAL_SCREEN_EXHAUSTED_PRIMALITY_UNASSIGNED,GF3A_DIRECTIONAL_WRITE_EXHAUSTED_PRIMALITY_UNASSIGNED,514,512,512,NO_RECORDED_FACTOR_PRP_OR_LL_RESULT_AND_NO_ACTIVE_GIMPS_ASSIGNMENT,2026-08-08T14:01:06+00:00,UNALLOCATED,,,,,
SLCMP585-4527,4527,4527,288723649,2^288723649-1,STRUCTURAL_SCREEN_EXHAUSTED_PRIMALITY_UNASSIGNED,GF3A_DIRECTIONAL_WRITE_EXHAUSTED_PRIMALITY_UNASSIGNED,513,512,512,NO_RECORDED_FACTOR_PRP_OR_LL_RESULT_AND_NO_ACTIVE_GIMPS_ASSIGNMENT,2026-08-08T14:01:06+00:00,UNALLOCATED,,,,,
SLCMP585-4528,4528,4528,288723661,2^288723661-1,STRUCTURAL_SCREEN_EXHAUSTED_PRIMALITY_UNASSIGNED,GF3A_DIRECTIONAL_WRITE_EXHAUSTED_PRIMALITY_UNASSIGNED,513,512,512,NO_RECORDED_FACTOR_PRP_OR_LL_RESULT_AND_NO_ACTIVE_GIMPS_ASSIGNMENT,2026-08-08T14:01:06+00:00,UNALLOCATED,,,,,
SLCMP585-4529,4529,4529,288723667,2^288723667-1,STRUCTURAL_SCREEN_EXHAUSTED_PRIMALITY_UNASSIGNED,GF3A_DIRECTIONAL_WRITE_EXHAUSTED_PRIMALITY_UNASSIGNED,514,512,512,NO_RECORDED_FACTOR_PRP_OR_LL_RESULT_AND_NO_ACTIVE_GIMPS_ASSIGNMENT,2026-08-08T14:01:06+00:00,UNALLOCATED,,,,,
SLCMP585-4530,4530,4530,288723781,2^288723781-1,STRUCTURAL_SCREEN_EXHAUSTED_PRIMALITY_UNASSIGNED,GF3A_DIRECTIONAL_WRITE_EXHAUSTED_PRIMALITY_UNASSIGNED,513,512,512,NO_RECORDED_FACTOR_PRP_OR_LL_RESULT_AND_NO_ACTIVE_GIMPS_ASSIGNMENT,2026-08-08T14:01:06+00:00,UNALLOCATED,,,,,
SLCMP585-4531,4531,4531,288723793,2^288723793-1,STRUCTURAL_SCREEN_EXHAUSTED_PRIMALITY_UNASSIGNED,GF3A_DIRECTIONAL_WRITE_EXHAUSTED_PRIMALITY_UNASSIGNED,513,512,512,NO_RECORDED_FACTOR_PRP_OR_LL_RESULT_AND_NO_ACTIVE_GIMPS_ASSIGNMENT,2026-08-08T14:01:06+00:00,UNALLOCATED,,,,,
SLCMP585-4532,4532,4532,288723817,2^288723817-1,STRUCTURAL_SCREEN_EXHAUSTED_PRIMALITY_UNASSIGNED,GF3A_DIRECTIONAL_WRITE_EXHAUSTED_PRIMALITY_UNASSIGNED,513,512,512,NO_RECORDED_FACTOR_PRP_OR_LL_RESULT_AND_NO_ACTIVE_GIMPS_ASSIGNMENT,2026-08-08T14:01:06+00:00,UNALLOCATED,,,,,
SLCMP585-4533,4533,4533,288723893,2^288723893-1,STRUCTURAL_SCREEN_EXHAUSTED_PRIMALITY_UNASSIGNED,GF3A_DIRECTIONAL_WRITE_EXHAUSTED_PRIMALITY_UNASSIGNED,513,512,512,NO_RECORDED_FACTOR_PRP_OR_LL_RESULT_AND_NO_ACTIVE_GIMPS_ASSIGNMENT,2026-08-08T14:01:06+00:00,UNALLOCATED,,,,,
SLCMP585-4534,4534,4534,288723931,2^288723931-1,STRUCTURAL_SCREEN_EXHAUSTED_PRIMALITY_UNASSIGNED,GF3A_DIRECTIONAL_WRITE_EXHAUSTED_PRIMALITY_UNASSIGNED,514,512,512,NO_RECORDED_FACTOR_PRP_OR_LL_RESULT_AND_NO_ACTIVE_GIMPS_ASSIGNMENT,2026-08-08T14:01:06+00:00,UNALLOCATED,,,,,
SLCMP585-4535,4535,4535,288723949,2^288723949-1,STRUCTURAL_SCREEN_EXHAUSTED_PRIMALITY_UNASSIGNED,GF3A_DIRECTIONAL_WRITE_EXHAUSTED_PRIMALITY_UNASSIGNED,513,512,512,NO_RECORDED_FACTOR_PRP_OR_LL_RESULT_AND_NO_ACTIVE_GIMPS_ASSIGNMENT,2026-08-08T14:01:06+00:00,UNALLOCATED,,,,,
SLCMP585-4536,4536,4536,288724013,2^288724013-1,STRUCTURAL_SCREEN_EXHAUSTED_PRIMALITY_UNASSIGNED,GF3A_DIRECTIONAL_WRITE_EXHAUSTED_PRIMALITY_UNASSIGNED,513,512,512,NO_RECORDED_FACTOR_PRP_OR_LL_RESULT_AND_NO_ACTIVE_GIMPS_ASSIGNMENT,2026-08-08T14:01:06+00:00,UNALLOCATED,,,,,
SLCMP585-4537,4537,4537,288724027,2^288724027-1,STRUCTURAL_SCREEN_EXHAUSTED_PRIMALITY_UNASSIGNED,GF3A_DIRECTIONAL_WRITE_EXHAUSTED_PRIMALITY_UNASSIGNED,514,512,512,NO_RECORDED_FACTOR_PRP_OR_LL_RESULT_AND_NO_ACTIVE_GIMPS_ASSIGNMENT,2026-08-08T14:01:06+00:00,UNALLOCATED,,,,,
SLCMP585-4538,4538,4538,288724081,2^288724081-1,STRUCTURAL_SCREEN_EXHAUSTED_PRIMALITY_UNASSIGNED,GF3A_DIRECTIONAL_WRITE_EXHAUSTED_PRIMALITY_UNASSIGNED,513,512,512,NO_RECORDED_FACTOR_PRP_OR_LL_RESULT_AND_NO_ACTIVE_GIMPS_ASSIGNMENT,2026-08-08T14:01:06+00:00,UNALLOCATED,,,,,
SLCMP585-4539,4539,4539,288724123,2^288724123-1,STRUCTURAL_SCREEN_EXHAUSTED_PRIMALITY_UNASSIGNED,GF3A_DIRECTIONAL_WRITE_EXHAUSTED_PRIMALITY_UNASSIGNED,514,512,512,NO_RECORDED_FACTOR_PRP_OR_LL_RESULT_AND_NO_ACTIVE_GIMPS_ASSIGNMENT,2026-08-08T14:01:06+00:00,UNALLOCATED,,,,,
SLCMP585-4540,4540,4540,288724147,2^288724147-1,STRUCTURAL_SCREEN_EXHAUSTED_PRIMALITY_UNASSIGNED,GF3A_DIRECTIONAL_WRITE_EXHAUSTED_PRIMALITY_UNASSIGNED,514,512,512,NO_RECORDED_FACTOR_PRP_OR_LL_RESULT_AND_NO_ACTIVE_GIMPS_ASSIGNMENT,2026-08-08T14:01:06+00:00,UNALLOCATED,,,,,
SLCMP585-4541,4541,4541,288724159,2^288724159-1,STRUCTURAL_SCREEN_EXHAUSTED_PRIMALITY_UNASSIGNED,GF3A_DIRECTIONAL_WRITE_EXHAUSTED_PRIMALITY_UNASSIGNED,514,512,512,NO_RECORDED_FACTOR_PRP_OR_LL_RESULT_AND_NO_ACTIVE_GIMPS_ASSIGNMENT,2026-08-08T14:01:06+00:00,UNALLOCATED,,,,,
SLCMP585-4542,4542,4542,288724259,2^288724259-1,STRUCTURAL_SCREEN_EXHAUSTED_PRIMALITY_UNASSIGNED,GF3A_DIRECTIONAL_WRITE_EXHAUSTED_PRIMALITY_UNASSIGNED,514,512,512,NO_RECORDED_FACTOR_PRP_OR_LL_RESULT_AND_NO_ACTIVE_GIMPS_ASSIGNMENT,2026-08-08T14:01:06+00:00,UNALLOCATED,,,,,
SLCMP585-4543,4543,4543,288724301,2^288724301-1,STRUCTURAL_SCREEN_EXHAUSTED_PRIMALITY_UNASSIGNED,GF3A_DIRECTIONAL_WRITE_EXHAUSTED_PRIMALITY_UNASSIGNED,513,512,512,NO_RECORDED_FACTOR_PRP_OR_LL_RESULT_AND_NO_ACTIVE_GIMPS_ASSIGNMENT,2026-08-08T14:01:06+00:00,UNALLOCATED,,,,,
SLCMP585-4544,4544,4544,288724307,2^288724307-1,STRUCTURAL_SCREEN_EXHAUSTED_PRIMALITY_UNASSIGNED,GF3A_DIRECTIONAL_WRITE_EXHAUSTED_PRIMALITY_UNASSIGNED,514,512,512,NO_RECORDED_FACTOR_PRP_OR_LL_RESULT_AND_NO_ACTIVE_GIMPS_ASSIGNMENT,2026-08-08T14:01:06+00:00,UNALLOCATED,,,,,
SLCMP585-4545,4545,4545,288724309,2^288724309-1,STRUCTURAL_SCREEN_EXHAUSTED_PRIMALITY_UNASSIGNED,GF3A_DIRECTIONAL_WRITE_EXHAUSTED_PRIMALITY_UNASSIGNED,513,512,512,NO_RECORDED_FACTOR_PRP_OR_LL_RESULT_AND_NO_ACTIVE_GIMPS_ASSIGNMENT,2026-08-08T14:01:06+00:00,UNALLOCATED,,,,,
SLCMP585-4546,4546,4546,288724321,2^288724321-1,STRUCTURAL_SCREEN_EXHAUSTED_PRIMALITY_UNASSIGNED,GF3A_DIRECTIONAL_WRITE_EXHAUSTED_PRIMALITY_UNASSIGNED,513,512,512,NO_RECORDED_FACTOR_PRP_OR_LL_RESULT_AND_NO_ACTIVE_GIMPS_ASSIGNMENT,2026-08-08T14:01:06+00:00,UNALLOCATED,,,,,
SLCMP585-4547,4547,4547,288724441,2^288724441-1,STRUCTURAL_SCREEN_EXHAUSTED_PRIMALITY_UNASSIGNED,GF3A_DIRECTIONAL_WRITE_EXHAUSTED_PRIMALITY_UNASSIGNED,513,512,512,NO_RECORDED_FACTOR_PRP_OR_LL_RESULT_AND_NO_ACTIVE_GIMPS_ASSIGNMENT,2026-08-08T14:01:06+00:00,UNALLOCATED,,,,,
SLCMP585-4548,4548,4548,288724531,2^288724531-1,STRUCTURAL_SCREEN_EXHAUSTED_PRIMALITY_UNASSIGNED,GF3A_DIRECTIONAL_WRITE_EXHAUSTED_PRIMALITY_UNASSIGNED,514,512,512,NO_RECORDED_FACTOR_PRP_OR_LL_RESULT_AND_NO_ACTIVE_GIMPS_ASSIGNMENT,2026-08-08T14:01:06+00:00,UNALLOCATED,,,,,
SLCMP585-4549,4549,4549,288724613,2^288724613-1,STRUCTURAL_SCREEN_EXHAUSTED_PRIMALITY_UNASSIGNED,GF3A_DIRECTIONAL_WRITE_EXHAUSTED_PRIMALITY_UNASSIGNED,513,512,512,NO_RECORDED_FACTOR_PRP_OR_LL_RESULT_AND_NO_ACTIVE_GIMPS_ASSIGNMENT,2026-08-08T14:01:06+00:00,UNALLOCATED,,,,,
SLCMP585-4550,4550,4550,288724621,2^288724621-1,STRUCTURAL_SCREEN_EXHAUSTED_PRIMALITY_UNASSIGNED,GF3A_DIRECTIONAL_WRITE_EXHAUSTED_PRIMALITY_UNASSIGNED,513,512,512,NO_RECORDED_FACTOR_PRP_OR_LL_RESULT_AND_NO_ACTIVE_GIMPS_ASSIGNMENT,2026-08-08T14:01:06+00:00,UNALLOCATED,,,,,
SLCMP585-4551,4551,4551,288724643,2^288724643-1,STRUCTURAL_SCREEN_EXHAUSTED_PRIMALITY_UNASSIGNED,GF3A_DIRECTIONAL_WRITE_EXHAUSTED_PRIMALITY_UNASSIGNED,514,512,512,NO_RECORDED_FACTOR_PRP_OR_LL_RESULT_AND_NO_ACTIVE_GIMPS_ASSIGNMENT,2026-08-08T14:01:06+00:00,UNALLOCATED,,,,,
SLCMP585-4552,4552,4552,288724691,2^288724691-1,STRUCTURAL_SCREEN_EXHAUSTED_PRIMALITY_UNASSIGNED,GF3A_DIRECTIONAL_WRITE_EXHAUSTED_PRIMALITY_UNASSIGNED,514,512,512,NO_RECORDED_FACTOR_PRP_OR_LL_RESULT_AND_NO_ACTIVE_GIMPS_ASSIGNMENT,2026-08-08T14:01:06+00:00,UNALLOCATED,,,,,
SLCMP585-4553,4553,4553,288724699,2^288724699-1,STRUCTURAL_SCREEN_EXHAUSTED_PRIMALITY_UNASSIGNED,GF3A_DIRECTIONAL_WRITE_EXHAUSTED_PRIMALITY_UNASSIGNED,514,512,512,NO_RECORDED_FACTOR_PRP_OR_LL_RESULT_AND_NO_ACTIVE_GIMPS_ASSIGNMENT,2026-08-08T14:01:06+00:00,UNALLOCATED,,,,,
SLCMP585-4554,4554,4554,288724729,2^288724729-1,STRUCTURAL_SCREEN_EXHAUSTED_PRIMALITY_UNASSIGNED,GF3A_DIRECTIONAL_WRITE_EXHAUSTED_PRIMALITY_UNASSIGNED,513,512,512,NO_RECORDED_FACTOR_PRP_OR_LL_RESULT_AND_NO_ACTIVE_GIMPS_ASSIGNMENT,2026-08-08T14:01:06+00:00,UNALLOCATED,,,,,
SLCMP585-4555,4555,4555,288724757,2^288724757-1,STRUCTURAL_SCREEN_EXHAUSTED_PRIMALITY_UNASSIGNED,GF3A_DIRECTIONAL_WRITE_EXHAUSTED_PRIMALITY_UNASSIGNED,513,512,512,NO_RECORDED_FACTOR_PRP_OR_LL_RESULT_AND_NO_ACTIVE_GIMPS_ASSIGNMENT,2026-08-08T14:01:06+00:00,UNALLOCATED,,,,,
SLCMP585-4556,4556,4556,288724763,2^288724763-1,STRUCTURAL_SCREEN_EXHAUSTED_PRIMALITY_UNASSIGNED,GF3A_DIRECTIONAL_WRITE_EXHAUSTED_PRIMALITY_UNASSIGNED,514,512,512,NO_RECORDED_FACTOR_PRP_OR_LL_RESULT_AND_NO_ACTIVE_GIMPS_ASSIGNMENT,2026-08-08T14:01:06+00:00,UNALLOCATED,,,,,
SLCMP585-4557,4557,4557,288724769,2^288724769-1,STRUCTURAL_SCREEN_EXHAUSTED_PRIMALITY_UNASSIGNED,GF3A_DIRECTIONAL_WRITE_EXHAUSTED_PRIMALITY_UNASSIGNED,513,512,512,NO_RECORDED_FACTOR_PRP_OR_LL_RESULT_AND_NO_ACTIVE_GIMPS_ASSIGNMENT,2026-08-08T14:01:06+00:00,UNALLOCATED,,,,,
SLCMP585-4558,4558,4558,288724883,2^288724883-1,STRUCTURAL_SCREEN_EXHAUSTED_PRIMALITY_UNASSIGNED,GF3A_DIRECTIONAL_WRITE_EXHAUSTED_PRIMALITY_UNASSIGNED,514,512,512,NO_RECORDED_FACTOR_PRP_OR_LL_RESULT_AND_NO_ACTIVE_GIMPS_ASSIGNMENT,2026-08-08T14:01:06+00:00,UNALLOCATED,,,,,
SLCMP585-4559,4559,4559,288724903,2^288724903-1,STRUCTURAL_SCREEN_EXHAUSTED_PRIMALITY_UNASSIGNED,GF3A_DIRECTIONAL_WRITE_EXHAUSTED_PRIMALITY_UNASSIGNED,514,512,512,NO_RECORDED_FACTOR_PRP_OR_LL_RESULT_AND_NO_ACTIVE_GIMPS_ASSIGNMENT,2026-08-08T14:01:06+00:00,UNALLOCATED,,,,,
SLCMP585-4560,4560,4560,288724967,2^288724967-1,STRUCTURAL_SCREEN_EXHAUSTED_PRIMALITY_UNASSIGNED,GF3A_DIRECTIONAL_WRITE_EXHAUSTED_PRIMALITY_UNASSIGNED,514,512,512,NO_RECORDED_FACTOR_PRP_OR_LL_RESULT_AND_NO_ACTIVE_GIMPS_ASSIGNMENT,2026-08-08T14:01:06+00:00,UNALLOCATED,,,,,
SLCMP585-4561,4561,4561,288724981,2^288724981-1,STRUCTURAL_SCREEN_EXHAUSTED_PRIMALITY_UNASSIGNED,GF3A_DIRECTIONAL_WRITE_EXHAUSTED_PRIMALITY_UNASSIGNED,513,512,512,NO_RECORDED_FACTOR_PRP_OR_LL_RESULT_AND_NO_ACTIVE_GIMPS_ASSIGNMENT,2026-08-08T14:01:06+00:00,UNALLOCATED,,,,,
SLCMP585-4562,4562,4562,288725053,2^288725053-1,STRUCTURAL_SCREEN_EXHAUSTED_PRIMALITY_UNASSIGNED,GF3A_DIRECTIONAL_WRITE_EXHAUSTED_PRIMALITY_UNASSIGNED,513,512,512,NO_RECORDED_FACTOR_PRP_OR_LL_RESULT_AND_NO_ACTIVE_GIMPS_ASSIGNMENT,2026-08-08T14:01:06+00:00,UNALLOCATED,,,,,
SLCMP585-4563,4563,4563,288725111,2^288725111-1,STRUCTURAL_SCREEN_EXHAUSTED_PRIMALITY_UNASSIGNED,GF3A_DIRECTIONAL_WRITE_EXHAUSTED_PRIMALITY_UNASSIGNED,514,512,512,NO_RECORDED_FACTOR_PRP_OR_LL_RESULT_AND_NO_ACTIVE_GIMPS_ASSIGNMENT,2026-08-08T14:01:06+00:00,UNALLOCATED,,,,,
SLCMP585-4564,4564,4564,288725113,2^288725113-1,STRUCTURAL_SCREEN_EXHAUSTED_PRIMALITY_UNASSIGNED,GF3A_DIRECTIONAL_WRITE_EXHAUSTED_PRIMALITY_UNASSIGNED,513,512,512,NO_RECORDED_FACTOR_PRP_OR_LL_RESULT_AND_NO_ACTIVE_GIMPS_ASSIGNMENT,2026-08-08T14:01:06+00:00,UNALLOCATED,,,,,
SLCMP585-4565,4565,4565,288725117,2^288725117-1,STRUCTURAL_SCREEN_EXHAUSTED_PRIMALITY_UNASSIGNED,GF3A_DIRECTIONAL_WRITE_EXHAUSTED_PRIMALITY_UNASSIGNED,513,512,512,NO_RECORDED_FACTOR_PRP_OR_LL_RESULT_AND_NO_ACTIVE_GIMPS_ASSIGNMENT,2026-08-08T14:01:06+00:00,UNALLOCATED,,,,,
SLCMP585-4566,4566,4566,288725191,2^288725191-1,STRUCTURAL_SCREEN_EXHAUSTED_PRIMALITY_UNASSIGNED,GF3A_DIRECTIONAL_WRITE_EXHAUSTED_PRIMALITY_UNASSIGNED,514,512,512,NO_RECORDED_FACTOR_PRP_OR_LL_RESULT_AND_NO_ACTIVE_GIMPS_ASSIGNMENT,2026-08-08T14:01:06+00:00,UNALLOCATED,,,,,
SLCMP585-4567,4567,4567,288725219,2^288725219-1,STRUCTURAL_SCREEN_EXHAUSTED_PRIMALITY_UNASSIGNED,GF3A_DIRECTIONAL_WRITE_EXHAUSTED_PRIMALITY_UNASSIGNED,514,512,512,NO_RECORDED_FACTOR_PRP_OR_LL_RESULT_AND_NO_ACTIVE_GIMPS_ASSIGNMENT,2026-08-08T14:01:06+00:00,UNALLOCATED,,,,,
SLCMP585-4568,4568,4568,288725243,2^288725243-1,STRUCTURAL_SCREEN_EXHAUSTED_PRIMALITY_UNASSIGNED,GF3A_DIRECTIONAL_WRITE_EXHAUSTED_PRIMALITY_UNASSIGNED,514,512,512,NO_RECORDED_FACTOR_PRP_OR_LL_RESULT_AND_NO_ACTIVE_GIMPS_ASSIGNMENT,2026-08-08T14:01:06+00:00,UNALLOCATED,,,,,
SLCMP585-4569,4569,4569,288725267,2^288725267-1,STRUCTURAL_SCREEN_EXHAUSTED_PRIMALITY_UNASSIGNED,GF3A_DIRECTIONAL_WRITE_EXHAUSTED_PRIMALITY_UNASSIGNED,514,512,512,NO_RECORDED_FACTOR_PRP_OR_LL_RESULT_AND_NO_ACTIVE_GIMPS_ASSIGNMENT,2026-08-08T14:01:06+00:00,UNALLOCATED,,,,,
SLCMP585-4570,4570,4570,288725401,2^288725401-1,STRUCTURAL_SCREEN_EXHAUSTED_PRIMALITY_UNASSIGNED,GF3A_DIRECTIONAL_WRITE_EXHAUSTED_PRIMALITY_UNASSIGNED,513,512,512,NO_RECORDED_FACTOR_PRP_OR_LL_RESULT_AND_NO_ACTIVE_GIMPS_ASSIGNMENT,2026-08-08T14:01:06+00:00,UNALLOCATED,,,,,
SLCMP585-4571,4571,4571,288725431,2^288725431-1,STRUCTURAL_SCREEN_EXHAUSTED_PRIMALITY_UNASSIGNED,GF3A_DIRECTIONAL_WRITE_EXHAUSTED_PRIMALITY_UNASSIGNED,514,512,512,NO_RECORDED_FACTOR_PRP_OR_LL_RESULT_AND_NO_ACTIVE_GIMPS_ASSIGNMENT,2026-08-08T14:01:06+00:00,UNALLOCATED,,,,,
SLCMP585-4572,4572,4572,288725453,2^288725453-1,STRUCTURAL_SCREEN_EXHAUSTED_PRIMALITY_UNASSIGNED,GF3A_DIRECTIONAL_WRITE_EXHAUSTED_PRIMALITY_UNASSIGNED,513,512,512,NO_RECORDED_FACTOR_PRP_OR_LL_RESULT_AND_NO_ACTIVE_GIMPS_ASSIGNMENT,2026-08-08T14:01:06+00:00,UNALLOCATED,,,,,
SLCMP585-4573,4573,4573,288725473,2^288725473-1,STRUCTURAL_SCREEN_EXHAUSTED_PRIMALITY_UNASSIGNED,GF3A_DIRECTIONAL_WRITE_EXHAUSTED_PRIMALITY_UNASSIGNED,513,512,512,NO_RECORDED_FACTOR_PRP_OR_LL_RESULT_AND_NO_ACTIVE_GIMPS_ASSIGNMENT,2026-08-08T14:01:06+00:00,UNALLOCATED,,,,,
SLCMP585-4574,4574,4574,288725477,2^288725477-1,STRUCTURAL_SCREEN_EXHAUSTED_PRIMALITY_UNASSIGNED,GF3A_DIRECTIONAL_WRITE_EXHAUSTED_PRIMALITY_UNASSIGNED,513,512,512,NO_RECORDED_FACTOR_PRP_OR_LL_RESULT_AND_NO_ACTIVE_GIMPS_ASSIGNMENT,2026-08-08T14:01:06+00:00,UNALLOCATED,,,,,
SLCMP585-4575,4575,4575,288725497,2^288725497-1,STRUCTURAL_SCREEN_EXHAUSTED_PRIMALITY_UNASSIGNED,GF3A_DIRECTIONAL_WRITE_EXHAUSTED_PRIMALITY_UNASSIGNED,513,512,512,NO_RECORDED_FACTOR_PRP_OR_LL_RESULT_AND_NO_ACTIVE_GIMPS_ASSIGNMENT,2026-08-08T14:01:06+00:00,UNALLOCATED,,,,,
SLCMP585-4576,4576,4576,288725531,2^288725531-1,STRUCTURAL_SCREEN_EXHAUSTED_PRIMALITY_UNASSIGNED,GF3A_DIRECTIONAL_WRITE_EXHAUSTED_PRIMALITY_UNASSIGNED,514,512,512,NO_RECORDED_FACTOR_PRP_OR_LL_RESULT_AND_NO_ACTIVE_GIMPS_ASSIGNMENT,2026-08-08T14:01:06+00:00,UNALLOCATED,,,,,
SLCMP585-4577,4577,4577,288725561,2^288725561-1,STRUCTURAL_SCREEN_EXHAUSTED_PRIMALITY_UNASSIGNED,GF3A_DIRECTIONAL_WRITE_EXHAUSTED_PRIMALITY_UNASSIGNED,513,512,512,NO_RECORDED_FACTOR_PRP_OR_LL_RESULT_AND_NO_ACTIVE_GIMPS_ASSIGNMENT,2026-08-08T14:01:06+00:00,UNALLOCATED,,,,,
SLCMP585-4578,4578,4578,288725581,2^288725581-1,STRUCTURAL_SCREEN_EXHAUSTED_PRIMALITY_UNASSIGNED,GF3A_DIRECTIONAL_WRITE_EXHAUSTED_PRIMALITY_UNASSIGNED,513,512,512,NO_RECORDED_FACTOR_PRP_OR_LL_RESULT_AND_NO_ACTIVE_GIMPS_ASSIGNMENT,2026-08-08T14:01:06+00:00,UNALLOCATED,,,,,
SLCMP585-4579,4579,4579,288725621,2^288725621-1,STRUCTURAL_SCREEN_EXHAUSTED_PRIMALITY_UNASSIGNED,GF3A_DIRECTIONAL_WRITE_EXHAUSTED_PRIMALITY_UNASSIGNED,513,512,512,NO_RECORDED_FACTOR_PRP_OR_LL_RESULT_AND_NO_ACTIVE_GIMPS_ASSIGNMENT,2026-08-08T14:01:06+00:00,UNALLOCATED,,,,,
SLCMP585-4580,4580,4580,288725659,2^288725659-1,STRUCTURAL_SCREEN_EXHAUSTED_PRIMALITY_UNASSIGNED,GF3A_DIRECTIONAL_WRITE_EXHAUSTED_PRIMALITY_UNASSIGNED,514,512,512,NO_RECORDED_FACTOR_PRP_OR_LL_RESULT_AND_NO_ACTIVE_GIMPS_ASSIGNMENT,2026-08-08T14:01:06+00:00,UNALLOCATED,,,,,
SLCMP585-4581,4581,4581,288725677,2^288725677-1,STRUCTURAL_SCREEN_EXHAUSTED_PRIMALITY_UNASSIGNED,GF3A_DIRECTIONAL_WRITE_EXHAUSTED_PRIMALITY_UNASSIGNED,513,512,512,NO_RECORDED_FACTOR_PRP_OR_LL_RESULT_AND_NO_ACTIVE_GIMPS_ASSIGNMENT,2026-08-08T14:01:06+00:00,UNALLOCATED,,,,,
SLCMP585-4582,4582,4582,288725783,2^288725783-1,STRUCTURAL_SCREEN_EXHAUSTED_PRIMALITY_UNASSIGNED,GF3A_DIRECTIONAL_WRITE_EXHAUSTED_PRIMALITY_UNASSIGNED,514,512,512,NO_RECORDED_FACTOR_PRP_OR_LL_RESULT_AND_NO_ACTIVE_GIMPS_ASSIGNMENT,2026-08-08T14:01:06+00:00,UNALLOCATED,,,,,
SLCMP585-4583,4583,4583,288725797,2^288725797-1,STRUCTURAL_SCREEN_EXHAUSTED_PRIMALITY_UNASSIGNED,GF3A_DIRECTIONAL_WRITE_EXHAUSTED_PRIMALITY_UNASSIGNED,513,512,512,NO_RECORDED_FACTOR_PRP_OR_LL_RESULT_AND_NO_ACTIVE_GIMPS_ASSIGNMENT,2026-08-08T14:01:06+00:00,UNALLOCATED,,,,,
SLCMP585-4584,4584,4584,288725867,2^288725867-1,STRUCTURAL_SCREEN_EXHAUSTED_PRIMALITY_UNASSIGNED,GF3A_DIRECTIONAL_WRITE_EXHAUSTED_PRIMALITY_UNASSIGNED,514,512,512,NO_RECORDED_FACTOR_PRP_OR_LL_RESULT_AND_NO_ACTIVE_GIMPS_ASSIGNMENT,2026-08-08T14:01:06+00:00,UNALLOCATED,,,,,
SLCMP585-4585,4585,4585,288725933,2^288725933-1,STRUCTURAL_SCREEN_EXHAUSTED_PRIMALITY_UNASSIGNED,GF3A_DIRECTIONAL_WRITE_EXHAUSTED_PRIMALITY_UNASSIGNED,513,512,512,NO_RECORDED_FACTOR_PRP_OR_LL_RESULT_AND_NO_ACTIVE_GIMPS_ASSIGNMENT,2026-08-08T14:01:06+00:00,UNALLOCATED,,,,,
SLCMP585-4586,4586,4586,288725947,2^288725947-1,STRUCTURAL_SCREEN_EXHAUSTED_PRIMALITY_UNASSIGNED,GF3A_DIRECTIONAL_WRITE_EXHAUSTED_PRIMALITY_UNASSIGNED,514,512,512,NO_RECORDED_FACTOR_PRP_OR_LL_RESULT_AND_NO_ACTIVE_GIMPS_ASSIGNMENT,2026-08-08T14:01:06+00:00,UNALLOCATED,,,,,
SLCMP585-4587,4587,4587,288726013,2^288726013-1,STRUCTURAL_SCREEN_EXHAUSTED_PRIMALITY_UNASSIGNED,GF3A_DIRECTIONAL_WRITE_EXHAUSTED_PRIMALITY_UNASSIGNED,513,512,512,NO_RECORDED_FACTOR_PRP_OR_LL_RESULT_AND_NO_ACTIVE_GIMPS_ASSIGNMENT,2026-08-08T14:01:06+00:00,UNALLOCATED,,,,,
SLCMP585-4588,4588,4588,288726083,2^288726083-1,STRUCTURAL_SCREEN_EXHAUSTED_PRIMALITY_UNASSIGNED,GF3A_DIRECTIONAL_WRITE_EXHAUSTED_PRIMALITY_UNASSIGNED,514,512,512,NO_RECORDED_FACTOR_PRP_OR_LL_RESULT_AND_NO_ACTIVE_GIMPS_ASSIGNMENT,2026-08-08T14:01:06+00:00,UNALLOCATED,,,,,
SLCMP585-4589,4589,4589,288726131,2^288726131-1,STRUCTURAL_SCREEN_EXHAUSTED_PRIMALITY_UNASSIGNED,GF3A_DIRECTIONAL_WRITE_EXHAUSTED_PRIMALITY_UNASSIGNED,514,512,512,NO_RECORDED_FACTOR_PRP_OR_LL_RESULT_AND_NO_ACTIVE_GIMPS_ASSIGNMENT,2026-08-08T14:01:06+00:00,UNALLOCATED,,,,,
SLCMP585-4590,4590,4590,288726149,2^288726149-1,STRUCTURAL_SCREEN_EXHAUSTED_PRIMALITY_UNASSIGNED,GF3A_DIRECTIONAL_WRITE_EXHAUSTED_PRIMALITY_UNASSIGNED,513,512,512,NO_RECORDED_FACTOR_PRP_OR_LL_RESULT_AND_NO_ACTIVE_GIMPS_ASSIGNMENT,2026-08-08T14:01:06+00:00,UNALLOCATED,,,,,
SLCMP585-4591,4591,4591,288726253,2^288726253-1,STRUCTURAL_SCREEN_EXHAUSTED_PRIMALITY_UNASSIGNED,GF3A_DIRECTIONAL_WRITE_EXHAUSTED_PRIMALITY_UNASSIGNED,513,512,512,NO_RECORDED_FACTOR_PRP_OR_LL_RESULT_AND_NO_ACTIVE_GIMPS_ASSIGNMENT,2026-08-08T14:01:06+00:00,UNALLOCATED,,,,,
SLCMP585-4592,4592,4592,288726289,2^288726289-1,STRUCTURAL_SCREEN_EXHAUSTED_PRIMALITY_UNASSIGNED,GF3A_DIRECTIONAL_WRITE_EXHAUSTED_PRIMALITY_UNASSIGNED,513,512,512,NO_RECORDED_FACTOR_PRP_OR_LL_RESULT_AND_NO_ACTIVE_GIMPS_ASSIGNMENT,2026-08-08T14:01:06+00:00,UNALLOCATED,,,,,
SLCMP585-4593,4593,4593,288726509,2^288726509-1,STRUCTURAL_SCREEN_EXHAUSTED_PRIMALITY_UNASSIGNED,GF3A_DIRECTIONAL_WRITE_EXHAUSTED_PRIMALITY_UNASSIGNED,513,512,512,NO_RECORDED_FACTOR_PRP_OR_LL_RESULT_AND_NO_ACTIVE_GIMPS_ASSIGNMENT,2026-08-08T14:01:06+00:00,UNALLOCATED,,,,,
SLCMP585-4594,4594,4594,288726583,2^288726583-1,STRUCTURAL_SCREEN_EXHAUSTED_PRIMALITY_UNASSIGNED,GF3A_DIRECTIONAL_WRITE_EXHAUSTED_PRIMALITY_UNASSIGNED,514,512,512,NO_RECORDED_FACTOR_PRP_OR_LL_RESULT_AND_NO_ACTIVE_GIMPS_ASSIGNMENT,2026-08-08T14:01:06+00:00,UNALLOCATED,,,,,
SLCMP585-4595,4595,4595,288726619,2^288726619-1,STRUCTURAL_SCREEN_EXHAUSTED_PRIMALITY_UNASSIGNED,GF3A_DIRECTIONAL_WRITE_EXHAUSTED_PRIMALITY_UNASSIGNED,514,512,512,NO_RECORDED_FACTOR_PRP_OR_LL_RESULT_AND_NO_ACTIVE_GIMPS_ASSIGNMENT,2026-08-08T14:01:06+00:00,UNALLOCATED,,,,,
SLCMP585-4596,4596,4596,288726629,2^288726629-1,STRUCTURAL_SCREEN_EXHAUSTED_PRIMALITY_UNASSIGNED,GF3A_DIRECTIONAL_WRITE_EXHAUSTED_PRIMALITY_UNASSIGNED,513,512,512,NO_RECORDED_FACTOR_PRP_OR_LL_RESULT_AND_NO_ACTIVE_GIMPS_ASSIGNMENT,2026-08-08T14:01:06+00:00,UNALLOCATED,,,,,
SLCMP585-4597,4597,4597,288726637,2^288726637-1,STRUCTURAL_SCREEN_EXHAUSTED_PRIMALITY_UNASSIGNED,GF3A_DIRECTIONAL_WRITE_EXHAUSTED_PRIMALITY_UNASSIGNED,513,512,512,NO_RECORDED_FACTOR_PRP_OR_LL_RESULT_AND_NO_ACTIVE_GIMPS_ASSIGNMENT,2026-08-08T14:01:06+00:00,UNALLOCATED,,,,,
SLCMP585-4598,4598,4598,288726677,2^288726677-1,STRUCTURAL_SCREEN_EXHAUSTED_PRIMALITY_UNASSIGNED,GF3A_DIRECTIONAL_WRITE_EXHAUSTED_PRIMALITY_UNASSIGNED,513,512,512,NO_RECORDED_FACTOR_PRP_OR_LL_RESULT_AND_NO_ACTIVE_GIMPS_ASSIGNMENT,2026-08-08T14:01:06+00:00,UNALLOCATED,,,,,
SLCMP585-4599,4599,4599,288726719,2^288726719-1,STRUCTURAL_SCREEN_EXHAUSTED_PRIMALITY_UNASSIGNED,GF3A_DIRECTIONAL_WRITE_EXHAUSTED_PRIMALITY_UNASSIGNED,514,512,512,NO_RECORDED_FACTOR_PRP_OR_LL_RESULT_AND_NO_ACTIVE_GIMPS_ASSIGNMENT,2026-08-08T14:01:06+00:00,UNALLOCATED,,,,,
SLCMP585-4600,4600,4600,288726833,2^288726833-1,STRUCTURAL_SCREEN_EXHAUSTED_PRIMALITY_UNASSIGNED,GF3A_DIRECTIONAL_WRITE_EXHAUSTED_PRIMALITY_UNASSIGNED,513,512,512,NO_RECORDED_FACTOR_PRP_OR_LL_RESULT_AND_NO_ACTIVE_GIMPS_ASSIGNMENT,2026-08-08T14:01:06+00:00,UNALLOCATED,,,,,
SLCMP585-4601,4601,4601,288726883,2^288726883-1,STRUCTURAL_SCREEN_EXHAUSTED_PRIMALITY_UNASSIGNED,GF3A_DIRECTIONAL_WRITE_EXHAUSTED_PRIMALITY_UNASSIGNED,514,512,512,NO_RECORDED_FACTOR_PRP_OR_LL_RESULT_AND_NO_ACTIVE_GIMPS_ASSIGNMENT,2026-08-08T14:01:06+00:00,UNALLOCATED,,,,,
SLCMP585-4602,4602,4602,288726913,2^288726913-1,STRUCTURAL_SCREEN_EXHAUSTED_PRIMALITY_UNASSIGNED,GF3A_DIRECTIONAL_WRITE_EXHAUSTED_PRIMALITY_UNASSIGNED,513,512,512,NO_RECORDED_FACTOR_PRP_OR_LL_RESULT_AND_NO_ACTIVE_GIMPS_ASSIGNMENT,2026-08-08T14:01:06+00:00,UNALLOCATED,,,,,
SLCMP585-4603,4603,4603,288726931,2^288726931-1,STRUCTURAL_SCREEN_EXHAUSTED_PRIMALITY_UNASSIGNED,GF3A_DIRECTIONAL_WRITE_EXHAUSTED_PRIMALITY_UNASSIGNED,514,512,512,NO_RECORDED_FACTOR_PRP_OR_LL_RESULT_AND_NO_ACTIVE_GIMPS_ASSIGNMENT,2026-08-08T14:01:06+00:00,UNALLOCATED,,,,,
SLCMP585-4604,4604,4604,288726941,2^288726941-1,STRUCTURAL_SCREEN_EXHAUSTED_PRIMALITY_UNASSIGNED,GF3A_DIRECTIONAL_WRITE_EXHAUSTED_PRIMALITY_UNASSIGNED,513,512,512,NO_RECORDED_FACTOR_PRP_OR_LL_RESULT_AND_NO_ACTIVE_GIMPS_ASSIGNMENT,2026-08-08T14:01:06+00:00,UNALLOCATED,,,,,
SLCMP585-4605,4605,4605,288726973,2^288726973-1,STRUCTURAL_SCREEN_EXHAUSTED_PRIMALITY_UNASSIGNED,GF3A_DIRECTIONAL_WRITE_EXHAUSTED_PRIMALITY_UNASSIGNED,513,512,512,NO_RECORDED_FACTOR_PRP_OR_LL_RESULT_AND_NO_ACTIVE_GIMPS_ASSIGNMENT,2026-08-08T14:01:06+00:00,UNALLOCATED,,,,,
SLCMP585-4606,4606,4606,288727123,2^288727123-1,STRUCTURAL_SCREEN_EXHAUSTED_PRIMALITY_UNASSIGNED,GF3A_DIRECTIONAL_WRITE_EXHAUSTED_PRIMALITY_UNASSIGNED,514,512,512,NO_RECORDED_FACTOR_PRP_OR_LL_RESULT_AND_NO_ACTIVE_GIMPS_ASSIGNMENT,2026-08-08T14:01:06+00:00,UNALLOCATED,,,,,
SLCMP585-4607,4607,4607,288727171,2^288727171-1,STRUCTURAL_SCREEN_EXHAUSTED_PRIMALITY_UNASSIGNED,GF3A_DIRECTIONAL_WRITE_EXHAUSTED_PRIMALITY_UNASSIGNED,514,512,512,NO_RECORDED_FACTOR_PRP_OR_LL_RESULT_AND_NO_ACTIVE_GIMPS_ASSIGNMENT,2026-08-08T14:01:06+00:00,UNALLOCATED,,,,,
SLCMP585-4608,4608,4608,288727217,2^288727217-1,STRUCTURAL_SCREEN_EXHAUSTED_PRIMALITY_UNASSIGNED,GF3A_DIRECTIONAL_WRITE_EXHAUSTED_PRIMALITY_UNASSIGNED,513,512,512,NO_RECORDED_FACTOR_PRP_OR_LL_RESULT_AND_NO_ACTIVE_GIMPS_ASSIGNMENT,2026-08-08T14:01:06+00:00,UNALLOCATED,,,,,
SLCMP585-4609,4609,4609,288727253,2^288727253-1,STRUCTURAL_SCREEN_EXHAUSTED_PRIMALITY_UNASSIGNED,GF3A_DIRECTIONAL_WRITE_EXHAUSTED_PRIMALITY_UNASSIGNED,513,512,512,NO_RECORDED_FACTOR_PRP_OR_LL_RESULT_AND_NO_ACTIVE_GIMPS_ASSIGNMENT,2026-08-08T14:01:06+00:00,UNALLOCATED,,,,,
SLCMP585-4610,4610,4610,288727319,2^288727319-1,STRUCTURAL_SCREEN_EXHAUSTED_PRIMALITY_UNASSIGNED,GF3A_DIRECTIONAL_WRITE_EXHAUSTED_PRIMALITY_UNASSIGNED,514,512,512,NO_RECORDED_FACTOR_PRP_OR_LL_RESULT_AND_NO_ACTIVE_GIMPS_ASSIGNMENT,2026-08-08T14:01:06+00:00,UNALLOCATED,,,,,
SLCMP585-4611,4611,4611,288727343,2^288727343-1,STRUCTURAL_SCREEN_EXHAUSTED_PRIMALITY_UNASSIGNED,GF3A_DIRECTIONAL_WRITE_EXHAUSTED_PRIMALITY_UNASSIGNED,514,512,512,NO_RECORDED_FACTOR_PRP_OR_LL_RESULT_AND_NO_ACTIVE_GIMPS_ASSIGNMENT,2026-08-08T14:01:06+00:00,UNALLOCATED,,,,,
SLCMP585-4612,4612,4612,288727423,2^288727423-1,STRUCTURAL_SCREEN_EXHAUSTED_PRIMALITY_UNASSIGNED,GF3A_DIRECTIONAL_WRITE_EXHAUSTED_PRIMALITY_UNASSIGNED,514,512,512,NO_RECORDED_FACTOR_PRP_OR_LL_RESULT_AND_NO_ACTIVE_GIMPS_ASSIGNMENT,2026-08-08T14:01:06+00:00,UNALLOCATED,,,,,
SLCMP585-4613,4613,4613,288727433,2^288727433-1,STRUCTURAL_SCREEN_EXHAUSTED_PRIMALITY_UNASSIGNED,GF3A_DIRECTIONAL_WRITE_EXHAUSTED_PRIMALITY_UNASSIGNED,513,512,512,NO_RECORDED_FACTOR_PRP_OR_LL_RESULT_AND_NO_ACTIVE_GIMPS_ASSIGNMENT,2026-08-08T14:01:06+00:00,UNALLOCATED,,,,,
SLCMP585-4614,4614,4614,288727489,2^288727489-1,STRUCTURAL_SCREEN_EXHAUSTED_PRIMALITY_UNASSIGNED,GF3A_DIRECTIONAL_WRITE_EXHAUSTED_PRIMALITY_UNASSIGNED,513,512,512,NO_RECORDED_FACTOR_PRP_OR_LL_RESULT_AND_NO_ACTIVE_GIMPS_ASSIGNMENT,2026-08-08T14:01:06+00:00,UNALLOCATED,,,,,
SLCMP585-4615,4615,4615,288727531,2^288727531-1,STRUCTURAL_SCREEN_EXHAUSTED_PRIMALITY_UNASSIGNED,GF3A_DIRECTIONAL_WRITE_EXHAUSTED_PRIMALITY_UNASSIGNED,514,512,512,NO_RECORDED_FACTOR_PRP_OR_LL_RESULT_AND_NO_ACTIVE_GIMPS_ASSIGNMENT,2026-08-08T14:01:06+00:00,UNALLOCATED,,,,,
SLCMP585-4616,4616,4616,288727597,2^288727597-1,STRUCTURAL_SCREEN_EXHAUSTED_PRIMALITY_UNASSIGNED,GF3A_DIRECTIONAL_WRITE_EXHAUSTED_PRIMALITY_UNASSIGNED,513,512,512,NO_RECORDED_FACTOR_PRP_OR_LL_RESULT_AND_NO_ACTIVE_GIMPS_ASSIGNMENT,2026-08-08T14:01:06+00:00,UNALLOCATED,,,,,
SLCMP585-4617,4617,4617,288727601,2^288727601-1,STRUCTURAL_SCREEN_EXHAUSTED_PRIMALITY_UNASSIGNED,GF3A_DIRECTIONAL_WRITE_EXHAUSTED_PRIMALITY_UNASSIGNED,513,512,512,NO_RECORDED_FACTOR_PRP_OR_LL_RESULT_AND_NO_ACTIVE_GIMPS_ASSIGNMENT,2026-08-08T14:01:06+00:00,UNALLOCATED,,,,,
SLCMP585-4618,4618,4618,288727631,2^288727631-1,STRUCTURAL_SCREEN_EXHAUSTED_PRIMALITY_UNASSIGNED,GF3A_DIRECTIONAL_WRITE_EXHAUSTED_PRIMALITY_UNASSIGNED,514,512,512,NO_RECORDED_FACTOR_PRP_OR_LL_RESULT_AND_NO_ACTIVE_GIMPS_ASSIGNMENT,2026-08-08T14:01:06+00:00,UNALLOCATED,,,,,
SLCMP585-4619,4619,4619,288727639,2^288727639-1,STRUCTURAL_SCREEN_EXHAUSTED_PRIMALITY_UNASSIGNED,GF3A_DIRECTIONAL_WRITE_EXHAUSTED_PRIMALITY_UNASSIGNED,514,512,512,NO_RECORDED_FACTOR_PRP_OR_LL_RESULT_AND_NO_ACTIVE_GIMPS_ASSIGNMENT,2026-08-08T14:01:06+00:00,UNALLOCATED,,,,,
SLCMP585-4620,4620,4620,288727679,2^288727679-1,STRUCTURAL_SCREEN_EXHAUSTED_PRIMALITY_UNASSIGNED,GF3A_DIRECTIONAL_WRITE_EXHAUSTED_PRIMALITY_UNASSIGNED,514,512,512,NO_RECORDED_FACTOR_PRP_OR_LL_RESULT_AND_NO_ACTIVE_GIMPS_ASSIGNMENT,2026-08-08T14:01:06+00:00,UNALLOCATED,,,,,
SLCMP585-4621,4621,4621,288727793,2^288727793-1,STRUCTURAL_SCREEN_EXHAUSTED_PRIMALITY_UNASSIGNED,GF3A_DIRECTIONAL_WRITE_EXHAUSTED_PRIMALITY_UNASSIGNED,513,512,512,NO_RECORDED_FACTOR_PRP_OR_LL_RESULT_AND_NO_ACTIVE_GIMPS_ASSIGNMENT,2026-08-08T14:01:06+00:00,UNALLOCATED,,,,,
SLCMP585-4622,4622,4622,288727877,2^288727877-1,STRUCTURAL_SCREEN_EXHAUSTED_PRIMALITY_UNASSIGNED,GF3A_DIRECTIONAL_WRITE_EXHAUSTED_PRIMALITY_UNASSIGNED,513,512,512,NO_RECORDED_FACTOR_PRP_OR_LL_RESULT_AND_NO_ACTIVE_GIMPS_ASSIGNMENT,2026-08-08T14:01:06+00:00,UNALLOCATED,,,,,
SLCMP585-4623,4623,4623,288727963,2^288727963-1,STRUCTURAL_SCREEN_EXHAUSTED_PRIMALITY_UNASSIGNED,GF3A_DIRECTIONAL_WRITE_EXHAUSTED_PRIMALITY_UNASSIGNED,514,512,512,NO_RECORDED_FACTOR_PRP_OR_LL_RESULT_AND_NO_ACTIVE_GIMPS_ASSIGNMENT,2026-08-08T14:01:06+00:00,UNALLOCATED,,,,,
SLCMP585-4624,4624,4624,288727979,2^288727979-1,STRUCTURAL_SCREEN_EXHAUSTED_PRIMALITY_UNASSIGNED,GF3A_DIRECTIONAL_WRITE_EXHAUSTED_PRIMALITY_UNASSIGNED,514,512,512,NO_RECORDED_FACTOR_PRP_OR_LL_RESULT_AND_NO_ACTIVE_GIMPS_ASSIGNMENT,2026-08-08T14:01:06+00:00,UNALLOCATED,,,,,
SLCMP585-4625,4625,4625,288727987,2^288727987-1,STRUCTURAL_SCREEN_EXHAUSTED_PRIMALITY_UNASSIGNED,GF3A_DIRECTIONAL_WRITE_EXHAUSTED_PRIMALITY_UNASSIGNED,514,512,512,NO_RECORDED_FACTOR_PRP_OR_LL_RESULT_AND_NO_ACTIVE_GIMPS_ASSIGNMENT,2026-08-08T14:01:06+00:00,UNALLOCATED,,,,,
SLCMP585-4626,4626,4626,288728059,2^288728059-1,STRUCTURAL_SCREEN_EXHAUSTED_PRIMALITY_UNASSIGNED,GF3A_DIRECTIONAL_WRITE_EXHAUSTED_PRIMALITY_UNASSIGNED,514,512,512,NO_RECORDED_FACTOR_PRP_OR_LL_RESULT_AND_NO_ACTIVE_GIMPS_ASSIGNMENT,2026-08-08T14:01:06+00:00,UNALLOCATED,,,,,
SLCMP585-4627,4627,4627,288728087,2^288728087-1,STRUCTURAL_SCREEN_EXHAUSTED_PRIMALITY_UNASSIGNED,GF3A_DIRECTIONAL_WRITE_EXHAUSTED_PRIMALITY_UNASSIGNED,514,512,512,NO_RECORDED_FACTOR_PRP_OR_LL_RESULT_AND_NO_ACTIVE_GIMPS_ASSIGNMENT,2026-08-08T14:01:06+00:00,UNALLOCATED,,,,,
SLCMP585-4628,4628,4628,288728107,2^288728107-1,STRUCTURAL_SCREEN_EXHAUSTED_PRIMALITY_UNASSIGNED,GF3A_DIRECTIONAL_WRITE_EXHAUSTED_PRIMALITY_UNASSIGNED,514,512,512,NO_RECORDED_FACTOR_PRP_OR_LL_RESULT_AND_NO_ACTIVE_GIMPS_ASSIGNMENT,2026-08-08T14:01:06+00:00,UNALLOCATED,,,,,
SLCMP585-4629,4629,4629,288728207,2^288728207-1,STRUCTURAL_SCREEN_EXHAUSTED_PRIMALITY_UNASSIGNED,GF3A_DIRECTIONAL_WRITE_EXHAUSTED_PRIMALITY_UNASSIGNED,514,512,512,NO_RECORDED_FACTOR_PRP_OR_LL_RESULT_AND_NO_ACTIVE_GIMPS_ASSIGNMENT,2026-08-08T14:01:06+00:00,UNALLOCATED,,,,,
SLCMP585-4630,4630,4630,288728309,2^288728309-1,STRUCTURAL_SCREEN_EXHAUSTED_PRIMALITY_UNASSIGNED,GF3A_DIRECTIONAL_WRITE_EXHAUSTED_PRIMALITY_UNASSIGNED,513,512,512,NO_RECORDED_FACTOR_PRP_OR_LL_RESULT_AND_NO_ACTIVE_GIMPS_ASSIGNMENT,2026-08-08T14:01:06+00:00,UNALLOCATED,,,,,
SLCMP585-4631,4631,4631,288728369,2^288728369-1,STRUCTURAL_SCREEN_EXHAUSTED_PRIMALITY_UNASSIGNED,GF3A_DIRECTIONAL_WRITE_EXHAUSTED_PRIMALITY_UNASSIGNED,513,512,512,NO_RECORDED_FACTOR_PRP_OR_LL_RESULT_AND_NO_ACTIVE_GIMPS_ASSIGNMENT,2026-08-08T14:01:06+00:00,UNALLOCATED,,,,,
SLCMP585-4632,4632,4632,288728381,2^288728381-1,STRUCTURAL_SCREEN_EXHAUSTED_PRIMALITY_UNASSIGNED,GF3A_DIRECTIONAL_WRITE_EXHAUSTED_PRIMALITY_UNASSIGNED,513,512,512,NO_RECORDED_FACTOR_PRP_OR_LL_RESULT_AND_NO_ACTIVE_GIMPS_ASSIGNMENT,2026-08-08T14:01:06+00:00,UNALLOCATED,,,,,
SLCMP585-4633,4633,4633,288728399,2^288728399-1,STRUCTURAL_SCREEN_EXHAUSTED_PRIMALITY_UNASSIGNED,GF3A_DIRECTIONAL_WRITE_EXHAUSTED_PRIMALITY_UNASSIGNED,514,512,512,NO_RECORDED_FACTOR_PRP_OR_LL_RESULT_AND_NO_ACTIVE_GIMPS_ASSIGNMENT,2026-08-08T14:01:06+00:00,UNALLOCATED,,,,,
SLCMP585-4634,4634,4634,288728413,2^288728413-1,STRUCTURAL_SCREEN_EXHAUSTED_PRIMALITY_UNASSIGNED,GF3A_DIRECTIONAL_WRITE_EXHAUSTED_PRIMALITY_UNASSIGNED,513,512,512,NO_RECORDED_FACTOR_PRP_OR_LL_RESULT_AND_NO_ACTIVE_GIMPS_ASSIGNMENT,2026-08-08T14:01:06+00:00,UNALLOCATED,,,,,
SLCMP585-4635,4635,4635,288728507,2^288728507-1,STRUCTURAL_SCREEN_EXHAUSTED_PRIMALITY_UNASSIGNED,GF3A_DIRECTIONAL_WRITE_EXHAUSTED_PRIMALITY_UNASSIGNED,514,512,512,NO_RECORDED_FACTOR_PRP_OR_LL_RESULT_AND_NO_ACTIVE_GIMPS_ASSIGNMENT,2026-08-08T14:01:06+00:00,UNALLOCATED,,,,,
SLCMP585-4636,4636,4636,288728633,2^288728633-1,STRUCTURAL_SCREEN_EXHAUSTED_PRIMALITY_UNASSIGNED,GF3A_DIRECTIONAL_WRITE_EXHAUSTED_PRIMALITY_UNASSIGNED,513,512,512,NO_RECORDED_FACTOR_PRP_OR_LL_RESULT_AND_NO_ACTIVE_GIMPS_ASSIGNMENT,2026-08-08T14:01:06+00:00,UNALLOCATED,,,,,
SLCMP585-4637,4637,4637,288728653,2^288728653-1,STRUCTURAL_SCREEN_EXHAUSTED_PRIMALITY_UNASSIGNED,GF3A_DIRECTIONAL_WRITE_EXHAUSTED_PRIMALITY_UNASSIGNED,513,512,512,NO_RECORDED_FACTOR_PRP_OR_LL_RESULT_AND_NO_ACTIVE_GIMPS_ASSIGNMENT,2026-08-08T14:01:06+00:00,UNALLOCATED,,,,,
SLCMP585-4638,4638,4638,288728659,2^288728659-1,STRUCTURAL_SCREEN_EXHAUSTED_PRIMALITY_UNASSIGNED,GF3A_DIRECTIONAL_WRITE_EXHAUSTED_PRIMALITY_UNASSIGNED,514,512,512,NO_RECORDED_FACTOR_PRP_OR_LL_RESULT_AND_NO_ACTIVE_GIMPS_ASSIGNMENT,2026-08-08T14:01:06+00:00,UNALLOCATED,,,,,
SLCMP585-4639,4639,4639,288728711,2^288728711-1,STRUCTURAL_SCREEN_EXHAUSTED_PRIMALITY_UNASSIGNED,GF3A_DIRECTIONAL_WRITE_EXHAUSTED_PRIMALITY_UNASSIGNED,514,512,512,NO_RECORDED_FACTOR_PRP_OR_LL_RESULT_AND_NO_ACTIVE_GIMPS_ASSIGNMENT,2026-08-08T14:01:06+00:00,UNALLOCATED,,,,,
SLCMP585-4640,4640,4640,288728753,2^288728753-1,STRUCTURAL_SCREEN_EXHAUSTED_PRIMALITY_UNASSIGNED,GF3A_DIRECTIONAL_WRITE_EXHAUSTED_PRIMALITY_UNASSIGNED,513,512,512,NO_RECORDED_FACTOR_PRP_OR_LL_RESULT_AND_NO_ACTIVE_GIMPS_ASSIGNMENT,2026-08-08T14:01:06+00:00,UNALLOCATED,,,,,
SLCMP585-4641,4641,4641,288728771,2^288728771-1,STRUCTURAL_SCREEN_EXHAUSTED_PRIMALITY_UNASSIGNED,GF3A_DIRECTIONAL_WRITE_EXHAUSTED_PRIMALITY_UNASSIGNED,514,512,512,NO_RECORDED_FACTOR_PRP_OR_LL_RESULT_AND_NO_ACTIVE_GIMPS_ASSIGNMENT,2026-08-08T14:01:06+00:00,UNALLOCATED,,,,,
SLCMP585-4642,4642,4642,288728873,2^288728873-1,STRUCTURAL_SCREEN_EXHAUSTED_PRIMALITY_UNASSIGNED,GF3A_DIRECTIONAL_WRITE_EXHAUSTED_PRIMALITY_UNASSIGNED,513,512,512,NO_RECORDED_FACTOR_PRP_OR_LL_RESULT_AND_NO_ACTIVE_GIMPS_ASSIGNMENT,2026-08-08T14:01:06+00:00,UNALLOCATED,,,,,
SLCMP585-4643,4643,4643,288728911,2^288728911-1,STRUCTURAL_SCREEN_EXHAUSTED_PRIMALITY_UNASSIGNED,GF3A_DIRECTIONAL_WRITE_EXHAUSTED_PRIMALITY_UNASSIGNED,514,512,512,NO_RECORDED_FACTOR_PRP_OR_LL_RESULT_AND_NO_ACTIVE_GIMPS_ASSIGNMENT,2026-08-08T14:01:06+00:00,UNALLOCATED,,,,,
SLCMP585-4644,4644,4644,288728977,2^288728977-1,STRUCTURAL_SCREEN_EXHAUSTED_PRIMALITY_UNASSIGNED,GF3A_DIRECTIONAL_WRITE_EXHAUSTED_PRIMALITY_UNASSIGNED,513,512,512,NO_RECORDED_FACTOR_PRP_OR_LL_RESULT_AND_NO_ACTIVE_GIMPS_ASSIGNMENT,2026-08-08T14:01:06+00:00,UNALLOCATED,,,,,
SLCMP585-4645,4645,4645,288729137,2^288729137-1,STRUCTURAL_SCREEN_EXHAUSTED_PRIMALITY_UNASSIGNED,GF3A_DIRECTIONAL_WRITE_EXHAUSTED_PRIMALITY_UNASSIGNED,513,512,512,NO_RECORDED_FACTOR_PRP_OR_LL_RESULT_AND_NO_ACTIVE_GIMPS_ASSIGNMENT,2026-08-08T14:01:06+00:00,UNALLOCATED,,,,,
SLCMP585-4646,4646,4646,288729157,2^288729157-1,STRUCTURAL_SCREEN_EXHAUSTED_PRIMALITY_UNASSIGNED,GF3A_DIRECTIONAL_WRITE_EXHAUSTED_PRIMALITY_UNASSIGNED,513,512,512,NO_RECORDED_FACTOR_PRP_OR_LL_RESULT_AND_NO_ACTIVE_GIMPS_ASSIGNMENT,2026-08-08T14:01:06+00:00,UNALLOCATED,,,,,
SLCMP585-4647,4647,4647,288729169,2^288729169-1,STRUCTURAL_SCREEN_EXHAUSTED_PRIMALITY_UNASSIGNED,GF3A_DIRECTIONAL_WRITE_EXHAUSTED_PRIMALITY_UNASSIGNED,513,512,512,NO_RECORDED_FACTOR_PRP_OR_LL_RESULT_AND_NO_ACTIVE_GIMPS_ASSIGNMENT,2026-08-08T14:01:06+00:00,UNALLOCATED,,,,,
SLCMP585-4648,4648,4648,288729269,2^288729269-1,STRUCTURAL_SCREEN_EXHAUSTED_PRIMALITY_UNASSIGNED,GF3A_DIRECTIONAL_WRITE_EXHAUSTED_PRIMALITY_UNASSIGNED,513,512,512,NO_RECORDED_FACTOR_PRP_OR_LL_RESULT_AND_NO_ACTIVE_GIMPS_ASSIGNMENT,2026-08-08T14:01:06+00:00,UNALLOCATED,,,,,
SLCMP585-4649,4649,4649,288729289,2^288729289-1,STRUCTURAL_SCREEN_EXHAUSTED_PRIMALITY_UNASSIGNED,GF3A_DIRECTIONAL_WRITE_EXHAUSTED_PRIMALITY_UNASSIGNED,513,512,512,NO_RECORDED_FACTOR_PRP_OR_LL_RESULT_AND_NO_ACTIVE_GIMPS_ASSIGNMENT,2026-08-08T14:01:06+00:00,UNALLOCATED,,,,,
SLCMP585-4650,4650,4650,288729313,2^288729313-1,STRUCTURAL_SCREEN_EXHAUSTED_PRIMALITY_UNASSIGNED,GF3A_DIRECTIONAL_WRITE_EXHAUSTED_PRIMALITY_UNASSIGNED,513,512,512,NO_RECORDED_FACTOR_PRP_OR_LL_RESULT_AND_NO_ACTIVE_GIMPS_ASSIGNMENT,2026-08-08T14:01:06+00:00,UNALLOCATED,,,,,
SLCMP585-4651,4651,4651,288729317,2^288729317-1,STRUCTURAL_SCREEN_EXHAUSTED_PRIMALITY_UNASSIGNED,GF3A_DIRECTIONAL_WRITE_EXHAUSTED_PRIMALITY_UNASSIGNED,513,512,512,NO_RECORDED_FACTOR_PRP_OR_LL_RESULT_AND_NO_ACTIVE_GIMPS_ASSIGNMENT,2026-08-08T14:01:06+00:00,UNALLOCATED,,,,,
SLCMP585-4652,4652,4652,288729379,2^288729379-1,STRUCTURAL_SCREEN_EXHAUSTED_PRIMALITY_UNASSIGNED,GF3A_DIRECTIONAL_WRITE_EXHAUSTED_PRIMALITY_UNASSIGNED,514,512,512,NO_RECORDED_FACTOR_PRP_OR_LL_RESULT_AND_NO_ACTIVE_GIMPS_ASSIGNMENT,2026-08-08T14:01:06+00:00,UNALLOCATED,,,,,
SLCMP585-4653,4653,4653,288729403,2^288729403-1,STRUCTURAL_SCREEN_EXHAUSTED_PRIMALITY_UNASSIGNED,GF3A_DIRECTIONAL_WRITE_EXHAUSTED_PRIMALITY_UNASSIGNED,514,512,512,NO_RECORDED_FACTOR_PRP_OR_LL_RESULT_AND_NO_ACTIVE_GIMPS_ASSIGNMENT,2026-08-08T14:01:06+00:00,UNALLOCATED,,,,,
SLCMP585-4654,4654,4654,288729431,2^288729431-1,STRUCTURAL_SCREEN_EXHAUSTED_PRIMALITY_UNASSIGNED,GF3A_DIRECTIONAL_WRITE_EXHAUSTED_PRIMALITY_UNASSIGNED,514,512,512,NO_RECORDED_FACTOR_PRP_OR_LL_RESULT_AND_NO_ACTIVE_GIMPS_ASSIGNMENT,2026-08-08T14:01:06+00:00,UNALLOCATED,,,,,
SLCMP585-4655,4655,4655,288729559,2^288729559-1,STRUCTURAL_SCREEN_EXHAUSTED_PRIMALITY_UNASSIGNED,GF3A_DIRECTIONAL_WRITE_EXHAUSTED_PRIMALITY_UNASSIGNED,514,512,512,NO_RECORDED_FACTOR_PRP_OR_LL_RESULT_AND_NO_ACTIVE_GIMPS_ASSIGNMENT,2026-08-08T14:01:06+00:00,UNALLOCATED,,,,,
SLCMP585-4656,4656,4656,288729569,2^288729569-1,STRUCTURAL_SCREEN_EXHAUSTED_PRIMALITY_UNASSIGNED,GF3A_DIRECTIONAL_WRITE_EXHAUSTED_PRIMALITY_UNASSIGNED,513,512,512,NO_RECORDED_FACTOR_PRP_OR_LL_RESULT_AND_NO_ACTIVE_GIMPS_ASSIGNMENT,2026-08-08T14:01:06+00:00,UNALLOCATED,,,,,
SLCMP585-4657,4657,4657,288729613,2^288729613-1,STRUCTURAL_SCREEN_EXHAUSTED_PRIMALITY_UNASSIGNED,GF3A_DIRECTIONAL_WRITE_EXHAUSTED_PRIMALITY_UNASSIGNED,513,512,512,NO_RECORDED_FACTOR_PRP_OR_LL_RESULT_AND_NO_ACTIVE_GIMPS_ASSIGNMENT,2026-08-08T14:01:06+00:00,UNALLOCATED,,,,,
SLCMP585-4658,4658,4658,288729619,2^288729619-1,STRUCTURAL_SCREEN_EXHAUSTED_PRIMALITY_UNASSIGNED,GF3A_DIRECTIONAL_WRITE_EXHAUSTED_PRIMALITY_UNASSIGNED,514,512,512,NO_RECORDED_FACTOR_PRP_OR_LL_RESULT_AND_NO_ACTIVE_GIMPS_ASSIGNMENT,2026-08-08T14:01:06+00:00,UNALLOCATED,,,,,
SLCMP585-4659,4659,4659,288729689,2^288729689-1,STRUCTURAL_SCREEN_EXHAUSTED_PRIMALITY_UNASSIGNED,GF3A_DIRECTIONAL_WRITE_EXHAUSTED_PRIMALITY_UNASSIGNED,513,512,512,NO_RECORDED_FACTOR_PRP_OR_LL_RESULT_AND_NO_ACTIVE_GIMPS_ASSIGNMENT,2026-08-08T14:01:06+00:00,UNALLOCATED,,,,,
SLCMP585-4660,4660,4660,288729781,2^288729781-1,STRUCTURAL_SCREEN_EXHAUSTED_PRIMALITY_UNASSIGNED,GF3A_DIRECTIONAL_WRITE_EXHAUSTED_PRIMALITY_UNASSIGNED,513,512,512,NO_RECORDED_FACTOR_PRP_OR_LL_RESULT_AND_NO_ACTIVE_GIMPS_ASSIGNMENT,2026-08-08T14:01:06+00:00,UNALLOCATED,,,,,
SLCMP585-4661,4661,4661,288729851,2^288729851-1,STRUCTURAL_SCREEN_EXHAUSTED_PRIMALITY_UNASSIGNED,GF3A_DIRECTIONAL_WRITE_EXHAUSTED_PRIMALITY_UNASSIGNED,514,512,512,NO_RECORDED_FACTOR_PRP_OR_LL_RESULT_AND_NO_ACTIVE_GIMPS_ASSIGNMENT,2026-08-08T14:01:06+00:00,UNALLOCATED,,,,,
SLCMP585-4662,4662,4662,288729941,2^288729941-1,STRUCTURAL_SCREEN_EXHAUSTED_PRIMALITY_UNASSIGNED,GF3A_DIRECTIONAL_WRITE_EXHAUSTED_PRIMALITY_UNASSIGNED,513,512,512,NO_RECORDED_FACTOR_PRP_OR_LL_RESULT_AND_NO_ACTIVE_GIMPS_ASSIGNMENT,2026-08-08T14:01:06+00:00,UNALLOCATED,,,,,
SLCMP585-4663,4663,4663,288730009,2^288730009-1,STRUCTURAL_SCREEN_EXHAUSTED_PRIMALITY_UNASSIGNED,GF3A_DIRECTIONAL_WRITE_EXHAUSTED_PRIMALITY_UNASSIGNED,513,512,512,NO_RECORDED_FACTOR_PRP_OR_LL_RESULT_AND_NO_ACTIVE_GIMPS_ASSIGNMENT,2026-08-08T14:01:06+00:00,UNALLOCATED,,,,,
SLCMP585-4664,4664,4664,288730037,2^288730037-1,STRUCTURAL_SCREEN_EXHAUSTED_PRIMALITY_UNASSIGNED,GF3A_DIRECTIONAL_WRITE_EXHAUSTED_PRIMALITY_UNASSIGNED,513,512,512,NO_RECORDED_FACTOR_PRP_OR_LL_RESULT_AND_NO_ACTIVE_GIMPS_ASSIGNMENT,2026-08-08T14:01:06+00:00,UNALLOCATED,,,,,
SLCMP585-4665,4665,4665,288730051,2^288730051-1,STRUCTURAL_SCREEN_EXHAUSTED_PRIMALITY_UNASSIGNED,GF3A_DIRECTIONAL_WRITE_EXHAUSTED_PRIMALITY_UNASSIGNED,514,512,512,NO_RECORDED_FACTOR_PRP_OR_LL_RESULT_AND_NO_ACTIVE_GIMPS_ASSIGNMENT,2026-08-08T14:01:06+00:00,UNALLOCATED,,,,,
SLCMP585-4666,4666,4666,288730097,2^288730097-1,STRUCTURAL_SCREEN_EXHAUSTED_PRIMALITY_UNASSIGNED,GF3A_DIRECTIONAL_WRITE_EXHAUSTED_PRIMALITY_UNASSIGNED,513,512,512,NO_RECORDED_FACTOR_PRP_OR_LL_RESULT_AND_NO_ACTIVE_GIMPS_ASSIGNMENT,2026-08-08T14:01:06+00:00,UNALLOCATED,,,,,
SLCMP585-4667,4667,4667,288730207,2^288730207-1,STRUCTURAL_SCREEN_EXHAUSTED_PRIMALITY_UNASSIGNED,GF3A_DIRECTIONAL_WRITE_EXHAUSTED_PRIMALITY_UNASSIGNED,514,512,512,NO_RECORDED_FACTOR_PRP_OR_LL_RESULT_AND_NO_ACTIVE_GIMPS_ASSIGNMENT,2026-08-08T14:01:06+00:00,UNALLOCATED,,,,,
SLCMP585-4668,4668,4668,288730217,2^288730217-1,STRUCTURAL_SCREEN_EXHAUSTED_PRIMALITY_UNASSIGNED,GF3A_DIRECTIONAL_WRITE_EXHAUSTED_PRIMALITY_UNASSIGNED,513,512,512,NO_RECORDED_FACTOR_PRP_OR_LL_RESULT_AND_NO_ACTIVE_GIMPS_ASSIGNMENT,2026-08-08T14:01:06+00:00,UNALLOCATED,,,,,
SLCMP585-4669,4669,4669,288730229,2^288730229-1,STRUCTURAL_SCREEN_EXHAUSTED_PRIMALITY_UNASSIGNED,GF3A_DIRECTIONAL_WRITE_EXHAUSTED_PRIMALITY_UNASSIGNED,513,512,512,NO_RECORDED_FACTOR_PRP_OR_LL_RESULT_AND_NO_ACTIVE_GIMPS_ASSIGNMENT,2026-08-08T14:01:06+00:00,UNALLOCATED,,,,,
SLCMP585-4670,4670,4670,288730237,2^288730237-1,STRUCTURAL_SCREEN_EXHAUSTED_PRIMALITY_UNASSIGNED,GF3A_DIRECTIONAL_WRITE_EXHAUSTED_PRIMALITY_UNASSIGNED,513,512,512,NO_RECORDED_FACTOR_PRP_OR_LL_RESULT_AND_NO_ACTIVE_GIMPS_ASSIGNMENT,2026-08-08T14:01:06+00:00,UNALLOCATED,,,,,
SLCMP585-4671,4671,4671,288730283,2^288730283-1,STRUCTURAL_SCREEN_EXHAUSTED_PRIMALITY_UNASSIGNED,GF3A_DIRECTIONAL_WRITE_EXHAUSTED_PRIMALITY_UNASSIGNED,514,512,512,NO_RECORDED_FACTOR_PRP_OR_LL_RESULT_AND_NO_ACTIVE_GIMPS_ASSIGNMENT,2026-08-08T14:01:06+00:00,UNALLOCATED,,,,,
SLCMP585-4672,4672,4672,288730333,2^288730333-1,STRUCTURAL_SCREEN_EXHAUSTED_PRIMALITY_UNASSIGNED,GF3A_DIRECTIONAL_WRITE_EXHAUSTED_PRIMALITY_UNASSIGNED,513,512,512,NO_RECORDED_FACTOR_PRP_OR_LL_RESULT_AND_NO_ACTIVE_GIMPS_ASSIGNMENT,2026-08-08T14:01:06+00:00,UNALLOCATED,,,,,
SLCMP585-4673,4673,4673,288730367,2^288730367-1,STRUCTURAL_SCREEN_EXHAUSTED_PRIMALITY_UNASSIGNED,GF3A_DIRECTIONAL_WRITE_EXHAUSTED_PRIMALITY_UNASSIGNED,514,512,512,NO_RECORDED_FACTOR_PRP_OR_LL_RESULT_AND_NO_ACTIVE_GIMPS_ASSIGNMENT,2026-08-08T14:01:06+00:00,UNALLOCATED,,,,,
SLCMP585-4674,4674,4674,288730381,2^288730381-1,STRUCTURAL_SCREEN_EXHAUSTED_PRIMALITY_UNASSIGNED,GF3A_DIRECTIONAL_WRITE_EXHAUSTED_PRIMALITY_UNASSIGNED,513,512,512,NO_RECORDED_FACTOR_PRP_OR_LL_RESULT_AND_NO_ACTIVE_GIMPS_ASSIGNMENT,2026-08-08T14:01:06+00:00,UNALLOCATED,,,,,
SLCMP585-4675,4675,4675,288730457,2^288730457-1,STRUCTURAL_SCREEN_EXHAUSTED_PRIMALITY_UNASSIGNED,GF3A_DIRECTIONAL_WRITE_EXHAUSTED_PRIMALITY_UNASSIGNED,513,512,512,NO_RECORDED_FACTOR_PRP_OR_LL_RESULT_AND_NO_ACTIVE_GIMPS_ASSIGNMENT,2026-08-08T14:01:06+00:00,UNALLOCATED,,,,,
SLCMP585-4676,4676,4676,288730471,2^288730471-1,STRUCTURAL_SCREEN_EXHAUSTED_PRIMALITY_UNASSIGNED,GF3A_DIRECTIONAL_WRITE_EXHAUSTED_PRIMALITY_UNASSIGNED,514,512,512,NO_RECORDED_FACTOR_PRP_OR_LL_RESULT_AND_NO_ACTIVE_GIMPS_ASSIGNMENT,2026-08-08T14:01:06+00:00,UNALLOCATED,,,,,
SLCMP585-4677,4677,4677,288730613,2^288730613-1,STRUCTURAL_SCREEN_EXHAUSTED_PRIMALITY_UNASSIGNED,GF3A_DIRECTIONAL_WRITE_EXHAUSTED_PRIMALITY_UNASSIGNED,513,512,512,NO_RECORDED_FACTOR_PRP_OR_LL_RESULT_AND_NO_ACTIVE_GIMPS_ASSIGNMENT,2026-08-08T14:01:06+00:00,UNALLOCATED,,,,,
SLCMP585-4678,4678,4678,288730649,2^288730649-1,STRUCTURAL_SCREEN_EXHAUSTED_PRIMALITY_UNASSIGNED,GF3A_DIRECTIONAL_WRITE_EXHAUSTED_PRIMALITY_UNASSIGNED,513,512,512,NO_RECORDED_FACTOR_PRP_OR_LL_RESULT_AND_NO_ACTIVE_GIMPS_ASSIGNMENT,2026-08-08T14:01:06+00:00,UNALLOCATED,,,,,
SLCMP585-4679,4679,4679,288730667,2^288730667-1,STRUCTURAL_SCREEN_EXHAUSTED_PRIMALITY_UNASSIGNED,GF3A_DIRECTIONAL_WRITE_EXHAUSTED_PRIMALITY_UNASSIGNED,514,512,512,NO_RECORDED_FACTOR_PRP_OR_LL_RESULT_AND_NO_ACTIVE_GIMPS_ASSIGNMENT,2026-08-08T14:01:06+00:00,UNALLOCATED,,,,,
SLCMP585-4680,4680,4680,288730691,2^288730691-1,STRUCTURAL_SCREEN_EXHAUSTED_PRIMALITY_UNASSIGNED,GF3A_DIRECTIONAL_WRITE_EXHAUSTED_PRIMALITY_UNASSIGNED,514,512,512,NO_RECORDED_FACTOR_PRP_OR_LL_RESULT_AND_NO_ACTIVE_GIMPS_ASSIGNMENT,2026-08-08T14:01:06+00:00,UNALLOCATED,,,,,
SLCMP585-4681,4681,4681,288730769,2^288730769-1,STRUCTURAL_SCREEN_EXHAUSTED_PRIMALITY_UNASSIGNED,GF3A_DIRECTIONAL_WRITE_EXHAUSTED_PRIMALITY_UNASSIGNED,513,512,512,NO_RECORDED_FACTOR_PRP_OR_LL_RESULT_AND_NO_ACTIVE_GIMPS_ASSIGNMENT,2026-08-08T14:01:06+00:00,UNALLOCATED,,,,,
SLCMP585-4682,4682,4682,288730787,2^288730787-1,STRUCTURAL_SCREEN_EXHAUSTED_PRIMALITY_UNASSIGNED,GF3A_DIRECTIONAL_WRITE_EXHAUSTED_PRIMALITY_UNASSIGNED,514,512,512,NO_RECORDED_FACTOR_PRP_OR_LL_RESULT_AND_NO_ACTIVE_GIMPS_ASSIGNMENT,2026-08-08T14:01:06+00:00,UNALLOCATED,,,,,
SLCMP585-4683,4683,4683,288730831,2^288730831-1,STRUCTURAL_SCREEN_EXHAUSTED_PRIMALITY_UNASSIGNED,GF3A_DIRECTIONAL_WRITE_EXHAUSTED_PRIMALITY_UNASSIGNED,514,512,512,NO_RECORDED_FACTOR_PRP_OR_LL_RESULT_AND_NO_ACTIVE_GIMPS_ASSIGNMENT,2026-08-08T14:01:06+00:00,UNALLOCATED,,,,,
SLCMP585-4684,4684,4684,288730903,2^288730903-1,STRUCTURAL_SCREEN_EXHAUSTED_PRIMALITY_UNASSIGNED,GF3A_DIRECTIONAL_WRITE_EXHAUSTED_PRIMALITY_UNASSIGNED,514,512,512,NO_RECORDED_FACTOR_PRP_OR_LL_RESULT_AND_NO_ACTIVE_GIMPS_ASSIGNMENT,2026-08-08T14:01:06+00:00,UNALLOCATED,,,,,
SLCMP585-4685,4685,4685,288730927,2^288730927-1,STRUCTURAL_SCREEN_EXHAUSTED_PRIMALITY_UNASSIGNED,GF3A_DIRECTIONAL_WRITE_EXHAUSTED_PRIMALITY_UNASSIGNED,514,512,512,NO_RECORDED_FACTOR_PRP_OR_LL_RESULT_AND_NO_ACTIVE_GIMPS_ASSIGNMENT,2026-08-08T14:01:06+00:00,UNALLOCATED,,,,,
SLCMP585-4686,4686,4686,288730999,2^288730999-1,STRUCTURAL_SCREEN_EXHAUSTED_PRIMALITY_UNASSIGNED,GF3A_DIRECTIONAL_WRITE_EXHAUSTED_PRIMALITY_UNASSIGNED,514,512,512,NO_RECORDED_FACTOR_PRP_OR_LL_RESULT_AND_NO_ACTIVE_GIMPS_ASSIGNMENT,2026-08-08T14:01:06+00:00,UNALLOCATED,,,,,
SLCMP585-4687,4687,4687,288731059,2^288731059-1,STRUCTURAL_SCREEN_EXHAUSTED_PRIMALITY_UNASSIGNED,GF3A_DIRECTIONAL_WRITE_EXHAUSTED_PRIMALITY_UNASSIGNED,514,512,512,NO_RECORDED_FACTOR_PRP_OR_LL_RESULT_AND_NO_ACTIVE_GIMPS_ASSIGNMENT,2026-08-08T14:01:06+00:00,UNALLOCATED,,,,,
SLCMP585-4688,4688,4688,288731129,2^288731129-1,STRUCTURAL_SCREEN_EXHAUSTED_PRIMALITY_UNASSIGNED,GF3A_DIRECTIONAL_WRITE_EXHAUSTED_PRIMALITY_UNASSIGNED,513,512,512,NO_RECORDED_FACTOR_PRP_OR_LL_RESULT_AND_NO_ACTIVE_GIMPS_ASSIGNMENT,2026-08-08T14:01:06+00:00,UNALLOCATED,,,,,
SLCMP585-4689,4689,4689,288731237,2^288731237-1,STRUCTURAL_SCREEN_EXHAUSTED_PRIMALITY_UNASSIGNED,GF3A_DIRECTIONAL_WRITE_EXHAUSTED_PRIMALITY_UNASSIGNED,513,512,512,NO_RECORDED_FACTOR_PRP_OR_LL_RESULT_AND_NO_ACTIVE_GIMPS_ASSIGNMENT,2026-08-08T14:01:06+00:00,UNALLOCATED,,,,,
SLCMP585-4690,4690,4690,288731249,2^288731249-1,STRUCTURAL_SCREEN_EXHAUSTED_PRIMALITY_UNASSIGNED,GF3A_DIRECTIONAL_WRITE_EXHAUSTED_PRIMALITY_UNASSIGNED,513,512,512,NO_RECORDED_FACTOR_PRP_OR_LL_RESULT_AND_NO_ACTIVE_GIMPS_ASSIGNMENT,2026-08-08T14:01:06+00:00,UNALLOCATED,,,,,
SLCMP585-4691,4691,4691,288731323,2^288731323-1,STRUCTURAL_SCREEN_EXHAUSTED_PRIMALITY_UNASSIGNED,GF3A_DIRECTIONAL_WRITE_EXHAUSTED_PRIMALITY_UNASSIGNED,514,512,512,NO_RECORDED_FACTOR_PRP_OR_LL_RESULT_AND_NO_ACTIVE_GIMPS_ASSIGNMENT,2026-08-08T14:01:06+00:00,UNALLOCATED,,,,,
SLCMP585-4692,4692,4692,288731329,2^288731329-1,STRUCTURAL_SCREEN_EXHAUSTED_PRIMALITY_UNASSIGNED,GF3A_DIRECTIONAL_WRITE_EXHAUSTED_PRIMALITY_UNASSIGNED,513,512,512,NO_RECORDED_FACTOR_PRP_OR_LL_RESULT_AND_NO_ACTIVE_GIMPS_ASSIGNMENT,2026-08-08T14:01:06+00:00,UNALLOCATED,,,,,
SLCMP585-4693,4693,4693,288731347,2^288731347-1,STRUCTURAL_SCREEN_EXHAUSTED_PRIMALITY_UNASSIGNED,GF3A_DIRECTIONAL_WRITE_EXHAUSTED_PRIMALITY_UNASSIGNED,514,512,512,NO_RECORDED_FACTOR_PRP_OR_LL_RESULT_AND_NO_ACTIVE_GIMPS_ASSIGNMENT,2026-08-08T14:01:06+00:00,UNALLOCATED,,,,,
SLCMP585-4694,4694,4694,288731447,2^288731447-1,STRUCTURAL_SCREEN_EXHAUSTED_PRIMALITY_UNASSIGNED,GF3A_DIRECTIONAL_WRITE_EXHAUSTED_PRIMALITY_UNASSIGNED,514,512,512,NO_RECORDED_FACTOR_PRP_OR_LL_RESULT_AND_NO_ACTIVE_GIMPS_ASSIGNMENT,2026-08-08T14:01:06+00:00,UNALLOCATED,,,,,
SLCMP585-4695,4695,4695,288731449,2^288731449-1,STRUCTURAL_SCREEN_EXHAUSTED_PRIMALITY_UNASSIGNED,GF3A_DIRECTIONAL_WRITE_EXHAUSTED_PRIMALITY_UNASSIGNED,513,512,512,NO_RECORDED_FACTOR_PRP_OR_LL_RESULT_AND_NO_ACTIVE_GIMPS_ASSIGNMENT,2026-08-08T14:01:06+00:00,UNALLOCATED,,,,,
SLCMP585-4696,4696,4696,288731591,2^288731591-1,STRUCTURAL_SCREEN_EXHAUSTED_PRIMALITY_UNASSIGNED,GF3A_DIRECTIONAL_WRITE_EXHAUSTED_PRIMALITY_UNASSIGNED,514,512,512,NO_RECORDED_FACTOR_PRP_OR_LL_RESULT_AND_NO_ACTIVE_GIMPS_ASSIGNMENT,2026-08-08T14:01:06+00:00,UNALLOCATED,,,,,
SLCMP585-4697,4697,4697,288731633,2^288731633-1,STRUCTURAL_SCREEN_EXHAUSTED_PRIMALITY_UNASSIGNED,GF3A_DIRECTIONAL_WRITE_EXHAUSTED_PRIMALITY_UNASSIGNED,513,512,512,NO_RECORDED_FACTOR_PRP_OR_LL_RESULT_AND_NO_ACTIVE_GIMPS_ASSIGNMENT,2026-08-08T14:01:06+00:00,UNALLOCATED,,,,,
SLCMP585-4698,4698,4698,288731647,2^288731647-1,STRUCTURAL_SCREEN_EXHAUSTED_PRIMALITY_UNASSIGNED,GF3A_DIRECTIONAL_WRITE_EXHAUSTED_PRIMALITY_UNASSIGNED,514,512,512,NO_RECORDED_FACTOR_PRP_OR_LL_RESULT_AND_NO_ACTIVE_GIMPS_ASSIGNMENT,2026-08-08T14:01:06+00:00,UNALLOCATED,,,,,
SLCMP585-4699,4699,4699,288731693,2^288731693-1,STRUCTURAL_SCREEN_EXHAUSTED_PRIMALITY_UNASSIGNED,GF3A_DIRECTIONAL_WRITE_EXHAUSTED_PRIMALITY_UNASSIGNED,513,512,512,NO_RECORDED_FACTOR_PRP_OR_LL_RESULT_AND_NO_ACTIVE_GIMPS_ASSIGNMENT,2026-08-08T14:01:06+00:00,UNALLOCATED,,,,,
SLCMP585-4700,4700,4700,288731797,2^288731797-1,STRUCTURAL_SCREEN_EXHAUSTED_PRIMALITY_UNASSIGNED,GF3A_DIRECTIONAL_WRITE_EXHAUSTED_PRIMALITY_UNASSIGNED,513,512,512,NO_RECORDED_FACTOR_PRP_OR_LL_RESULT_AND_NO_ACTIVE_GIMPS_ASSIGNMENT,2026-08-08T14:01:06+00:00,UNALLOCATED,,,,,
SLCMP585-4701,4701,4701,288731897,2^288731897-1,STRUCTURAL_SCREEN_EXHAUSTED_PRIMALITY_UNASSIGNED,GF3A_DIRECTIONAL_WRITE_EXHAUSTED_PRIMALITY_UNASSIGNED,513,512,512,NO_RECORDED_FACTOR_PRP_OR_LL_RESULT_AND_NO_ACTIVE_GIMPS_ASSIGNMENT,2026-08-08T14:01:06+00:00,UNALLOCATED,,,,,
SLCMP585-4702,4702,4702,288731929,2^288731929-1,STRUCTURAL_SCREEN_EXHAUSTED_PRIMALITY_UNASSIGNED,GF3A_DIRECTIONAL_WRITE_EXHAUSTED_PRIMALITY_UNASSIGNED,513,512,512,NO_RECORDED_FACTOR_PRP_OR_LL_RESULT_AND_NO_ACTIVE_GIMPS_ASSIGNMENT,2026-08-08T14:01:06+00:00,UNALLOCATED,,,,,
SLCMP585-4703,4703,4703,288731987,2^288731987-1,STRUCTURAL_SCREEN_EXHAUSTED_PRIMALITY_UNASSIGNED,GF3A_DIRECTIONAL_WRITE_EXHAUSTED_PRIMALITY_UNASSIGNED,514,512,512,NO_RECORDED_FACTOR_PRP_OR_LL_RESULT_AND_NO_ACTIVE_GIMPS_ASSIGNMENT,2026-08-08T14:01:06+00:00,UNALLOCATED,,,,,
SLCMP585-4704,4704,4704,288732001,2^288732001-1,STRUCTURAL_SCREEN_EXHAUSTED_PRIMALITY_UNASSIGNED,GF3A_DIRECTIONAL_WRITE_EXHAUSTED_PRIMALITY_UNASSIGNED,513,512,512,NO_RECORDED_FACTOR_PRP_OR_LL_RESULT_AND_NO_ACTIVE_GIMPS_ASSIGNMENT,2026-08-08T14:01:06+00:00,UNALLOCATED,,,,,
SLCMP585-4705,4705,4705,288732023,2^288732023-1,STRUCTURAL_SCREEN_EXHAUSTED_PRIMALITY_UNASSIGNED,GF3A_DIRECTIONAL_WRITE_EXHAUSTED_PRIMALITY_UNASSIGNED,514,512,512,NO_RECORDED_FACTOR_PRP_OR_LL_RESULT_AND_NO_ACTIVE_GIMPS_ASSIGNMENT,2026-08-08T14:01:06+00:00,UNALLOCATED,,,,,
SLCMP585-4706,4706,4706,288732121,2^288732121-1,STRUCTURAL_SCREEN_EXHAUSTED_PRIMALITY_UNASSIGNED,GF3A_DIRECTIONAL_WRITE_EXHAUSTED_PRIMALITY_UNASSIGNED,513,512,512,NO_RECORDED_FACTOR_PRP_OR_LL_RESULT_AND_NO_ACTIVE_GIMPS_ASSIGNMENT,2026-08-08T14:01:06+00:00,UNALLOCATED,,,,,
SLCMP585-4707,4707,4707,288732167,2^288732167-1,STRUCTURAL_SCREEN_EXHAUSTED_PRIMALITY_UNASSIGNED,GF3A_DIRECTIONAL_WRITE_EXHAUSTED_PRIMALITY_UNASSIGNED,514,512,512,NO_RECORDED_FACTOR_PRP_OR_LL_RESULT_AND_NO_ACTIVE_GIMPS_ASSIGNMENT,2026-08-08T14:01:06+00:00,UNALLOCATED,,,,,
SLCMP585-4708,4708,4708,288732187,2^288732187-1,STRUCTURAL_SCREEN_EXHAUSTED_PRIMALITY_UNASSIGNED,GF3A_DIRECTIONAL_WRITE_EXHAUSTED_PRIMALITY_UNASSIGNED,514,512,512,NO_RECORDED_FACTOR_PRP_OR_LL_RESULT_AND_NO_ACTIVE_GIMPS_ASSIGNMENT,2026-08-08T14:01:06+00:00,UNALLOCATED,,,,,
SLCMP585-4709,4709,4709,288732203,2^288732203-1,STRUCTURAL_SCREEN_EXHAUSTED_PRIMALITY_UNASSIGNED,GF3A_DIRECTIONAL_WRITE_EXHAUSTED_PRIMALITY_UNASSIGNED,514,512,512,NO_RECORDED_FACTOR_PRP_OR_LL_RESULT_AND_NO_ACTIVE_GIMPS_ASSIGNMENT,2026-08-08T14:01:06+00:00,UNALLOCATED,,,,,
SLCMP585-4710,4710,4710,288732211,2^288732211-1,STRUCTURAL_SCREEN_EXHAUSTED_PRIMALITY_UNASSIGNED,GF3A_DIRECTIONAL_WRITE_EXHAUSTED_PRIMALITY_UNASSIGNED,514,512,512,NO_RECORDED_FACTOR_PRP_OR_LL_RESULT_AND_NO_ACTIVE_GIMPS_ASSIGNMENT,2026-08-08T14:01:06+00:00,UNALLOCATED,,,,,
SLCMP585-4711,4711,4711,288732259,2^288732259-1,STRUCTURAL_SCREEN_EXHAUSTED_PRIMALITY_UNASSIGNED,GF3A_DIRECTIONAL_WRITE_EXHAUSTED_PRIMALITY_UNASSIGNED,514,512,512,NO_RECORDED_FACTOR_PRP_OR_LL_RESULT_AND_NO_ACTIVE_GIMPS_ASSIGNMENT,2026-08-08T14:01:06+00:00,UNALLOCATED,,,,,
SLCMP585-4712,4712,4712,288732313,2^288732313-1,STRUCTURAL_SCREEN_EXHAUSTED_PRIMALITY_UNASSIGNED,GF3A_DIRECTIONAL_WRITE_EXHAUSTED_PRIMALITY_UNASSIGNED,513,512,512,NO_RECORDED_FACTOR_PRP_OR_LL_RESULT_AND_NO_ACTIVE_GIMPS_ASSIGNMENT,2026-08-08T14:01:06+00:00,UNALLOCATED,,,,,
SLCMP585-4713,4713,4713,288732377,2^288732377-1,STRUCTURAL_SCREEN_EXHAUSTED_PRIMALITY_UNASSIGNED,GF3A_DIRECTIONAL_WRITE_EXHAUSTED_PRIMALITY_UNASSIGNED,513,512,512,NO_RECORDED_FACTOR_PRP_OR_LL_RESULT_AND_NO_ACTIVE_GIMPS_ASSIGNMENT,2026-08-08T14:01:06+00:00,UNALLOCATED,,,,,
SLCMP585-4714,4714,4714,288732427,2^288732427-1,STRUCTURAL_SCREEN_EXHAUSTED_PRIMALITY_UNASSIGNED,GF3A_DIRECTIONAL_WRITE_EXHAUSTED_PRIMALITY_UNASSIGNED,514,512,512,NO_RECORDED_FACTOR_PRP_OR_LL_RESULT_AND_NO_ACTIVE_GIMPS_ASSIGNMENT,2026-08-08T14:01:06+00:00,UNALLOCATED,,,,,
SLCMP585-4715,4715,4715,288732443,2^288732443-1,STRUCTURAL_SCREEN_EXHAUSTED_PRIMALITY_UNASSIGNED,GF3A_DIRECTIONAL_WRITE_EXHAUSTED_PRIMALITY_UNASSIGNED,514,512,512,NO_RECORDED_FACTOR_PRP_OR_LL_RESULT_AND_NO_ACTIVE_GIMPS_ASSIGNMENT,2026-08-08T14:01:06+00:00,UNALLOCATED,,,,,
SLCMP585-4716,4716,4716,288732491,2^288732491-1,STRUCTURAL_SCREEN_EXHAUSTED_PRIMALITY_UNASSIGNED,GF3A_DIRECTIONAL_WRITE_EXHAUSTED_PRIMALITY_UNASSIGNED,514,512,512,NO_RECORDED_FACTOR_PRP_OR_LL_RESULT_AND_NO_ACTIVE_GIMPS_ASSIGNMENT,2026-08-08T14:01:06+00:00,UNALLOCATED,,,,,
SLCMP585-4717,4717,4717,288732511,2^288732511-1,STRUCTURAL_SCREEN_EXHAUSTED_PRIMALITY_UNASSIGNED,GF3A_DIRECTIONAL_WRITE_EXHAUSTED_PRIMALITY_UNASSIGNED,514,512,512,NO_RECORDED_FACTOR_PRP_OR_LL_RESULT_AND_NO_ACTIVE_GIMPS_ASSIGNMENT,2026-08-08T14:01:06+00:00,UNALLOCATED,,,,,
SLCMP585-4718,4718,4718,288732517,2^288732517-1,STRUCTURAL_SCREEN_EXHAUSTED_PRIMALITY_UNASSIGNED,GF3A_DIRECTIONAL_WRITE_EXHAUSTED_PRIMALITY_UNASSIGNED,513,512,512,NO_RECORDED_FACTOR_PRP_OR_LL_RESULT_AND_NO_ACTIVE_GIMPS_ASSIGNMENT,2026-08-08T14:01:06+00:00,UNALLOCATED,,,,,
SLCMP585-4719,4719,4719,288732559,2^288732559-1,STRUCTURAL_SCREEN_EXHAUSTED_PRIMALITY_UNASSIGNED,GF3A_DIRECTIONAL_WRITE_EXHAUSTED_PRIMALITY_UNASSIGNED,514,512,512,NO_RECORDED_FACTOR_PRP_OR_LL_RESULT_AND_NO_ACTIVE_GIMPS_ASSIGNMENT,2026-08-08T14:01:06+00:00,UNALLOCATED,,,,,
SLCMP585-4720,4720,4720,288732629,2^288732629-1,STRUCTURAL_SCREEN_EXHAUSTED_PRIMALITY_UNASSIGNED,GF3A_DIRECTIONAL_WRITE_EXHAUSTED_PRIMALITY_UNASSIGNED,513,512,512,NO_RECORDED_FACTOR_PRP_OR_LL_RESULT_AND_NO_ACTIVE_GIMPS_ASSIGNMENT,2026-08-08T14:01:06+00:00,UNALLOCATED,,,,,
SLCMP585-4721,4721,4721,288732637,2^288732637-1,STRUCTURAL_SCREEN_EXHAUSTED_PRIMALITY_UNASSIGNED,GF3A_DIRECTIONAL_WRITE_EXHAUSTED_PRIMALITY_UNASSIGNED,513,512,512,NO_RECORDED_FACTOR_PRP_OR_LL_RESULT_AND_NO_ACTIVE_GIMPS_ASSIGNMENT,2026-08-08T14:01:06+00:00,UNALLOCATED,,,,,
SLCMP585-4722,4722,4722,288732673,2^288732673-1,STRUCTURAL_SCREEN_EXHAUSTED_PRIMALITY_UNASSIGNED,GF3A_DIRECTIONAL_WRITE_EXHAUSTED_PRIMALITY_UNASSIGNED,513,512,512,NO_RECORDED_FACTOR_PRP_OR_LL_RESULT_AND_NO_ACTIVE_GIMPS_ASSIGNMENT,2026-08-08T14:01:06+00:00,UNALLOCATED,,,,,
SLCMP585-4723,4723,4723,288732679,2^288732679-1,STRUCTURAL_SCREEN_EXHAUSTED_PRIMALITY_UNASSIGNED,GF3A_DIRECTIONAL_WRITE_EXHAUSTED_PRIMALITY_UNASSIGNED,514,512,512,NO_RECORDED_FACTOR_PRP_OR_LL_RESULT_AND_NO_ACTIVE_GIMPS_ASSIGNMENT,2026-08-08T14:01:06+00:00,UNALLOCATED,,,,,
SLCMP585-4724,4724,4724,288732707,2^288732707-1,STRUCTURAL_SCREEN_EXHAUSTED_PRIMALITY_UNASSIGNED,GF3A_DIRECTIONAL_WRITE_EXHAUSTED_PRIMALITY_UNASSIGNED,514,512,512,NO_RECORDED_FACTOR_PRP_OR_LL_RESULT_AND_NO_ACTIVE_GIMPS_ASSIGNMENT,2026-08-08T14:01:06+00:00,UNALLOCATED,,,,,
SLCMP585-4725,4725,4725,288732757,2^288732757-1,STRUCTURAL_SCREEN_EXHAUSTED_PRIMALITY_UNASSIGNED,GF3A_DIRECTIONAL_WRITE_EXHAUSTED_PRIMALITY_UNASSIGNED,513,512,512,NO_RECORDED_FACTOR_PRP_OR_LL_RESULT_AND_NO_ACTIVE_GIMPS_ASSIGNMENT,2026-08-08T14:01:06+00:00,UNALLOCATED,,,,,
SLCMP585-4726,4726,4726,288732937,2^288732937-1,STRUCTURAL_SCREEN_EXHAUSTED_PRIMALITY_UNASSIGNED,GF3A_DIRECTIONAL_WRITE_EXHAUSTED_PRIMALITY_UNASSIGNED,513,512,512,NO_RECORDED_FACTOR_PRP_OR_LL_RESULT_AND_NO_ACTIVE_GIMPS_ASSIGNMENT,2026-08-08T14:01:06+00:00,UNALLOCATED,,,,,
SLCMP585-4727,4727,4727,288732943,2^288732943-1,STRUCTURAL_SCREEN_EXHAUSTED_PRIMALITY_UNASSIGNED,GF3A_DIRECTIONAL_WRITE_EXHAUSTED_PRIMALITY_UNASSIGNED,514,512,512,NO_RECORDED_FACTOR_PRP_OR_LL_RESULT_AND_NO_ACTIVE_GIMPS_ASSIGNMENT,2026-08-08T14:01:06+00:00,UNALLOCATED,,,,,
SLCMP585-4728,4728,4728,288732953,2^288732953-1,STRUCTURAL_SCREEN_EXHAUSTED_PRIMALITY_UNASSIGNED,GF3A_DIRECTIONAL_WRITE_EXHAUSTED_PRIMALITY_UNASSIGNED,513,512,512,NO_RECORDED_FACTOR_PRP_OR_LL_RESULT_AND_NO_ACTIVE_GIMPS_ASSIGNMENT,2026-08-08T14:01:06+00:00,UNALLOCATED,,,,,
SLCMP585-4729,4729,4729,288733001,2^288733001-1,STRUCTURAL_SCREEN_EXHAUSTED_PRIMALITY_UNASSIGNED,GF3A_DIRECTIONAL_WRITE_EXHAUSTED_PRIMALITY_UNASSIGNED,513,512,512,NO_RECORDED_FACTOR_PRP_OR_LL_RESULT_AND_NO_ACTIVE_GIMPS_ASSIGNMENT,2026-08-08T14:01:06+00:00,UNALLOCATED,,,,,
SLCMP585-4730,4730,4730,288733009,2^288733009-1,STRUCTURAL_SCREEN_EXHAUSTED_PRIMALITY_UNASSIGNED,GF3A_DIRECTIONAL_WRITE_EXHAUSTED_PRIMALITY_UNASSIGNED,513,512,512,NO_RECORDED_FACTOR_PRP_OR_LL_RESULT_AND_NO_ACTIVE_GIMPS_ASSIGNMENT,2026-08-08T14:01:06+00:00,UNALLOCATED,,,,,
SLCMP585-4731,4731,4731,288733051,2^288733051-1,STRUCTURAL_SCREEN_EXHAUSTED_PRIMALITY_UNASSIGNED,GF3A_DIRECTIONAL_WRITE_EXHAUSTED_PRIMALITY_UNASSIGNED,514,512,512,NO_RECORDED_FACTOR_PRP_OR_LL_RESULT_AND_NO_ACTIVE_GIMPS_ASSIGNMENT,2026-08-08T14:01:06+00:00,UNALLOCATED,,,,,
SLCMP585-4732,4732,4732,288733097,2^288733097-1,STRUCTURAL_SCREEN_EXHAUSTED_PRIMALITY_UNASSIGNED,GF3A_DIRECTIONAL_WRITE_EXHAUSTED_PRIMALITY_UNASSIGNED,513,512,512,NO_RECORDED_FACTOR_PRP_OR_LL_RESULT_AND_NO_ACTIVE_GIMPS_ASSIGNMENT,2026-08-08T14:01:06+00:00,UNALLOCATED,,,,,
SLCMP585-4733,4733,4733,288733129,2^288733129-1,STRUCTURAL_SCREEN_EXHAUSTED_PRIMALITY_UNASSIGNED,GF3A_DIRECTIONAL_WRITE_EXHAUSTED_PRIMALITY_UNASSIGNED,513,512,512,NO_RECORDED_FACTOR_PRP_OR_LL_RESULT_AND_NO_ACTIVE_GIMPS_ASSIGNMENT,2026-08-08T14:01:06+00:00,UNALLOCATED,,,,,
SLCMP585-4734,4734,4734,288733153,2^288733153-1,STRUCTURAL_SCREEN_EXHAUSTED_PRIMALITY_UNASSIGNED,GF3A_DIRECTIONAL_WRITE_EXHAUSTED_PRIMALITY_UNASSIGNED,513,512,512,NO_RECORDED_FACTOR_PRP_OR_LL_RESULT_AND_NO_ACTIVE_GIMPS_ASSIGNMENT,2026-08-08T14:01:06+00:00,UNALLOCATED,,,,,
SLCMP585-4735,4735,4735,288733231,2^288733231-1,STRUCTURAL_SCREEN_EXHAUSTED_PRIMALITY_UNASSIGNED,GF3A_DIRECTIONAL_WRITE_EXHAUSTED_PRIMALITY_UNASSIGNED,514,512,512,NO_RECORDED_FACTOR_PRP_OR_LL_RESULT_AND_NO_ACTIVE_GIMPS_ASSIGNMENT,2026-08-08T14:01:06+00:00,UNALLOCATED,,,,,
SLCMP585-4736,4736,4736,288733303,2^288733303-1,STRUCTURAL_SCREEN_EXHAUSTED_PRIMALITY_UNASSIGNED,GF3A_DIRECTIONAL_WRITE_EXHAUSTED_PRIMALITY_UNASSIGNED,514,512,512,NO_RECORDED_FACTOR_PRP_OR_LL_RESULT_AND_NO_ACTIVE_GIMPS_ASSIGNMENT,2026-08-08T14:01:06+00:00,UNALLOCATED,,,,,
SLCMP585-4737,4737,4737,288733339,2^288733339-1,STRUCTURAL_SCREEN_EXHAUSTED_PRIMALITY_UNASSIGNED,GF3A_DIRECTIONAL_WRITE_EXHAUSTED_PRIMALITY_UNASSIGNED,514,512,512,NO_RECORDED_FACTOR_PRP_OR_LL_RESULT_AND_NO_ACTIVE_GIMPS_ASSIGNMENT,2026-08-08T14:01:06+00:00,UNALLOCATED,,,,,
SLCMP585-4738,4738,4738,288733343,2^288733343-1,STRUCTURAL_SCREEN_EXHAUSTED_PRIMALITY_UNASSIGNED,GF3A_DIRECTIONAL_WRITE_EXHAUSTED_PRIMALITY_UNASSIGNED,514,512,512,NO_RECORDED_FACTOR_PRP_OR_LL_RESULT_AND_NO_ACTIVE_GIMPS_ASSIGNMENT,2026-08-08T14:01:06+00:00,UNALLOCATED,,,,,
SLCMP585-4739,4739,4739,288733369,2^288733369-1,STRUCTURAL_SCREEN_EXHAUSTED_PRIMALITY_UNASSIGNED,GF3A_DIRECTIONAL_WRITE_EXHAUSTED_PRIMALITY_UNASSIGNED,513,512,512,NO_RECORDED_FACTOR_PRP_OR_LL_RESULT_AND_NO_ACTIVE_GIMPS_ASSIGNMENT,2026-08-08T14:01:06+00:00,UNALLOCATED,,,,,
SLCMP585-4740,4740,4740,288733399,2^288733399-1,STRUCTURAL_SCREEN_EXHAUSTED_PRIMALITY_UNASSIGNED,GF3A_DIRECTIONAL_WRITE_EXHAUSTED_PRIMALITY_UNASSIGNED,514,512,512,NO_RECORDED_FACTOR_PRP_OR_LL_RESULT_AND_NO_ACTIVE_GIMPS_ASSIGNMENT,2026-08-08T14:01:06+00:00,UNALLOCATED,,,,,
SLCMP585-4741,4741,4741,288733517,2^288733517-1,STRUCTURAL_SCREEN_EXHAUSTED_PRIMALITY_UNASSIGNED,GF3A_DIRECTIONAL_WRITE_EXHAUSTED_PRIMALITY_UNASSIGNED,513,512,512,NO_RECORDED_FACTOR_PRP_OR_LL_RESULT_AND_NO_ACTIVE_GIMPS_ASSIGNMENT,2026-08-08T14:01:06+00:00,UNALLOCATED,,,,,
SLCMP585-4742,4742,4742,288733537,2^288733537-1,STRUCTURAL_SCREEN_EXHAUSTED_PRIMALITY_UNASSIGNED,GF3A_DIRECTIONAL_WRITE_EXHAUSTED_PRIMALITY_UNASSIGNED,513,512,512,NO_RECORDED_FACTOR_PRP_OR_LL_RESULT_AND_NO_ACTIVE_GIMPS_ASSIGNMENT,2026-08-08T14:01:06+00:00,UNALLOCATED,,,,,
SLCMP585-4743,4743,4743,288733591,2^288733591-1,STRUCTURAL_SCREEN_EXHAUSTED_PRIMALITY_UNASSIGNED,GF3A_DIRECTIONAL_WRITE_EXHAUSTED_PRIMALITY_UNASSIGNED,514,512,512,NO_RECORDED_FACTOR_PRP_OR_LL_RESULT_AND_NO_ACTIVE_GIMPS_ASSIGNMENT,2026-08-08T14:01:06+00:00,UNALLOCATED,,,,,
SLCMP585-4744,4744,4744,288733631,2^288733631-1,STRUCTURAL_SCREEN_EXHAUSTED_PRIMALITY_UNASSIGNED,GF3A_DIRECTIONAL_WRITE_EXHAUSTED_PRIMALITY_UNASSIGNED,514,512,512,NO_RECORDED_FACTOR_PRP_OR_LL_RESULT_AND_NO_ACTIVE_GIMPS_ASSIGNMENT,2026-08-08T14:01:06+00:00,UNALLOCATED,,,,,
SLCMP585-4745,4745,4745,288733699,2^288733699-1,STRUCTURAL_SCREEN_EXHAUSTED_PRIMALITY_UNASSIGNED,GF3A_DIRECTIONAL_WRITE_EXHAUSTED_PRIMALITY_UNASSIGNED,514,512,512,NO_RECORDED_FACTOR_PRP_OR_LL_RESULT_AND_NO_ACTIVE_GIMPS_ASSIGNMENT,2026-08-08T14:01:06+00:00,UNALLOCATED,,,,,
SLCMP585-4746,4746,4746,288733723,2^288733723-1,STRUCTURAL_SCREEN_EXHAUSTED_PRIMALITY_UNASSIGNED,GF3A_DIRECTIONAL_WRITE_EXHAUSTED_PRIMALITY_UNASSIGNED,514,512,512,NO_RECORDED_FACTOR_PRP_OR_LL_RESULT_AND_NO_ACTIVE_GIMPS_ASSIGNMENT,2026-08-08T14:01:06+00:00,UNALLOCATED,,,,,
SLCMP585-4747,4747,4747,288733751,2^288733751-1,STRUCTURAL_SCREEN_EXHAUSTED_PRIMALITY_UNASSIGNED,GF3A_DIRECTIONAL_WRITE_EXHAUSTED_PRIMALITY_UNASSIGNED,514,512,512,NO_RECORDED_FACTOR_PRP_OR_LL_RESULT_AND_NO_ACTIVE_GIMPS_ASSIGNMENT,2026-08-08T14:01:06+00:00,UNALLOCATED,,,,,
SLCMP585-4748,4748,4748,288733769,2^288733769-1,STRUCTURAL_SCREEN_EXHAUSTED_PRIMALITY_UNASSIGNED,GF3A_DIRECTIONAL_WRITE_EXHAUSTED_PRIMALITY_UNASSIGNED,513,512,512,NO_RECORDED_FACTOR_PRP_OR_LL_RESULT_AND_NO_ACTIVE_GIMPS_ASSIGNMENT,2026-08-08T14:01:06+00:00,UNALLOCATED,,,,,
SLCMP585-4749,4749,4749,288733793,2^288733793-1,STRUCTURAL_SCREEN_EXHAUSTED_PRIMALITY_UNASSIGNED,GF3A_DIRECTIONAL_WRITE_EXHAUSTED_PRIMALITY_UNASSIGNED,513,512,512,NO_RECORDED_FACTOR_PRP_OR_LL_RESULT_AND_NO_ACTIVE_GIMPS_ASSIGNMENT,2026-08-08T14:01:06+00:00,UNALLOCATED,,,,,
SLCMP585-4750,4750,4750,288733897,2^288733897-1,STRUCTURAL_SCREEN_EXHAUSTED_PRIMALITY_UNASSIGNED,GF3A_DIRECTIONAL_WRITE_EXHAUSTED_PRIMALITY_UNASSIGNED,513,512,512,NO_RECORDED_FACTOR_PRP_OR_LL_RESULT_AND_NO_ACTIVE_GIMPS_ASSIGNMENT,2026-08-08T14:01:06+00:00,UNALLOCATED,,,,,
SLCMP585-4751,4751,4751,288733919,2^288733919-1,STRUCTURAL_SCREEN_EXHAUSTED_PRIMALITY_UNASSIGNED,GF3A_DIRECTIONAL_WRITE_EXHAUSTED_PRIMALITY_UNASSIGNED,514,512,512,NO_RECORDED_FACTOR_PRP_OR_LL_RESULT_AND_NO_ACTIVE_GIMPS_ASSIGNMENT,2026-08-08T14:01:06+00:00,UNALLOCATED,,,,,
SLCMP585-4752,4752,4752,288733957,2^288733957-1,STRUCTURAL_SCREEN_EXHAUSTED_PRIMALITY_UNASSIGNED,GF3A_DIRECTIONAL_WRITE_EXHAUSTED_PRIMALITY_UNASSIGNED,513,512,512,NO_RECORDED_FACTOR_PRP_OR_LL_RESULT_AND_NO_ACTIVE_GIMPS_ASSIGNMENT,2026-08-08T14:01:06+00:00,UNALLOCATED,,,,,
SLCMP585-4753,4753,4753,288733993,2^288733993-1,STRUCTURAL_SCREEN_EXHAUSTED_PRIMALITY_UNASSIGNED,GF3A_DIRECTIONAL_WRITE_EXHAUSTED_PRIMALITY_UNASSIGNED,513,512,512,NO_RECORDED_FACTOR_PRP_OR_LL_RESULT_AND_NO_ACTIVE_GIMPS_ASSIGNMENT,2026-08-08T14:01:06+00:00,UNALLOCATED,,,,,
SLCMP585-4754,4754,4754,288734011,2^288734011-1,STRUCTURAL_SCREEN_EXHAUSTED_PRIMALITY_UNASSIGNED,GF3A_DIRECTIONAL_WRITE_EXHAUSTED_PRIMALITY_UNASSIGNED,514,512,512,NO_RECORDED_FACTOR_PRP_OR_LL_RESULT_AND_NO_ACTIVE_GIMPS_ASSIGNMENT,2026-08-08T14:01:06+00:00,UNALLOCATED,,,,,
SLCMP585-4755,4755,4755,288734101,2^288734101-1,STRUCTURAL_SCREEN_EXHAUSTED_PRIMALITY_UNASSIGNED,GF3A_DIRECTIONAL_WRITE_EXHAUSTED_PRIMALITY_UNASSIGNED,513,512,512,NO_RECORDED_FACTOR_PRP_OR_LL_RESULT_AND_NO_ACTIVE_GIMPS_ASSIGNMENT,2026-08-08T14:01:06+00:00,UNALLOCATED,,,,,
SLCMP585-4756,4756,4756,288734161,2^288734161-1,STRUCTURAL_SCREEN_EXHAUSTED_PRIMALITY_UNASSIGNED,GF3A_DIRECTIONAL_WRITE_EXHAUSTED_PRIMALITY_UNASSIGNED,513,512,512,NO_RECORDED_FACTOR_PRP_OR_LL_RESULT_AND_NO_ACTIVE_GIMPS_ASSIGNMENT,2026-08-08T14:01:06+00:00,UNALLOCATED,,,,,
SLCMP585-4757,4757,4757,288734219,2^288734219-1,STRUCTURAL_SCREEN_EXHAUSTED_PRIMALITY_UNASSIGNED,GF3A_DIRECTIONAL_WRITE_EXHAUSTED_PRIMALITY_UNASSIGNED,514,512,512,NO_RECORDED_FACTOR_PRP_OR_LL_RESULT_AND_NO_ACTIVE_GIMPS_ASSIGNMENT,2026-08-08T14:01:06+00:00,UNALLOCATED,,,,,
SLCMP585-4758,4758,4758,288734261,2^288734261-1,STRUCTURAL_SCREEN_EXHAUSTED_PRIMALITY_UNASSIGNED,GF3A_DIRECTIONAL_WRITE_EXHAUSTED_PRIMALITY_UNASSIGNED,513,512,512,NO_RECORDED_FACTOR_PRP_OR_LL_RESULT_AND_NO_ACTIVE_GIMPS_ASSIGNMENT,2026-08-08T14:01:06+00:00,UNALLOCATED,,,,,
SLCMP585-4759,4759,4759,288734321,2^288734321-1,STRUCTURAL_SCREEN_EXHAUSTED_PRIMALITY_UNASSIGNED,GF3A_DIRECTIONAL_WRITE_EXHAUSTED_PRIMALITY_UNASSIGNED,513,512,512,NO_RECORDED_FACTOR_PRP_OR_LL_RESULT_AND_NO_ACTIVE_GIMPS_ASSIGNMENT,2026-08-08T14:01:06+00:00,UNALLOCATED,,,,,
SLCMP585-4760,4760,4760,288734419,2^288734419-1,STRUCTURAL_SCREEN_EXHAUSTED_PRIMALITY_UNASSIGNED,GF3A_DIRECTIONAL_WRITE_EXHAUSTED_PRIMALITY_UNASSIGNED,514,512,512,NO_RECORDED_FACTOR_PRP_OR_LL_RESULT_AND_NO_ACTIVE_GIMPS_ASSIGNMENT,2026-08-08T14:01:06+00:00,UNALLOCATED,,,,,
SLCMP585-4761,4761,4761,288734437,2^288734437-1,STRUCTURAL_SCREEN_EXHAUSTED_PRIMALITY_UNASSIGNED,GF3A_DIRECTIONAL_WRITE_EXHAUSTED_PRIMALITY_UNASSIGNED,513,512,512,NO_RECORDED_FACTOR_PRP_OR_LL_RESULT_AND_NO_ACTIVE_GIMPS_ASSIGNMENT,2026-08-08T14:01:06+00:00,UNALLOCATED,,,,,
SLCMP585-4762,4762,4762,288734543,2^288734543-1,STRUCTURAL_SCREEN_EXHAUSTED_PRIMALITY_UNASSIGNED,GF3A_DIRECTIONAL_WRITE_EXHAUSTED_PRIMALITY_UNASSIGNED,514,512,512,NO_RECORDED_FACTOR_PRP_OR_LL_RESULT_AND_NO_ACTIVE_GIMPS_ASSIGNMENT,2026-08-08T14:01:06+00:00,UNALLOCATED,,,,,
SLCMP585-4763,4763,4763,288734581,2^288734581-1,STRUCTURAL_SCREEN_EXHAUSTED_PRIMALITY_UNASSIGNED,GF3A_DIRECTIONAL_WRITE_EXHAUSTED_PRIMALITY_UNASSIGNED,513,512,512,NO_RECORDED_FACTOR_PRP_OR_LL_RESULT_AND_NO_ACTIVE_GIMPS_ASSIGNMENT,2026-08-08T14:01:06+00:00,UNALLOCATED,,,,,
SLCMP585-4764,4764,4764,288734603,2^288734603-1,STRUCTURAL_SCREEN_EXHAUSTED_PRIMALITY_UNASSIGNED,GF3A_DIRECTIONAL_WRITE_EXHAUSTED_PRIMALITY_UNASSIGNED,514,512,512,NO_RECORDED_FACTOR_PRP_OR_LL_RESULT_AND_NO_ACTIVE_GIMPS_ASSIGNMENT,2026-08-08T14:01:06+00:00,UNALLOCATED,,,,,
SLCMP585-4765,4765,4765,288734657,2^288734657-1,STRUCTURAL_SCREEN_EXHAUSTED_PRIMALITY_UNASSIGNED,GF3A_DIRECTIONAL_WRITE_EXHAUSTED_PRIMALITY_UNASSIGNED,513,512,512,NO_RECORDED_FACTOR_PRP_OR_LL_RESULT_AND_NO_ACTIVE_GIMPS_ASSIGNMENT,2026-08-08T14:01:06+00:00,UNALLOCATED,,,,,
SLCMP585-4766,4766,4766,288734687,2^288734687-1,STRUCTURAL_SCREEN_EXHAUSTED_PRIMALITY_UNASSIGNED,GF3A_DIRECTIONAL_WRITE_EXHAUSTED_PRIMALITY_UNASSIGNED,514,512,512,NO_RECORDED_FACTOR_PRP_OR_LL_RESULT_AND_NO_ACTIVE_GIMPS_ASSIGNMENT,2026-08-08T14:01:06+00:00,UNALLOCATED,,,,,
SLCMP585-4767,4767,4767,288734729,2^288734729-1,STRUCTURAL_SCREEN_EXHAUSTED_PRIMALITY_UNASSIGNED,GF3A_DIRECTIONAL_WRITE_EXHAUSTED_PRIMALITY_UNASSIGNED,513,512,512,NO_RECORDED_FACTOR_PRP_OR_LL_RESULT_AND_NO_ACTIVE_GIMPS_ASSIGNMENT,2026-08-08T14:01:06+00:00,UNALLOCATED,,,,,
SLCMP585-4768,4768,4768,288734827,2^288734827-1,STRUCTURAL_SCREEN_EXHAUSTED_PRIMALITY_UNASSIGNED,GF3A_DIRECTIONAL_WRITE_EXHAUSTED_PRIMALITY_UNASSIGNED,514,512,512,NO_RECORDED_FACTOR_PRP_OR_LL_RESULT_AND_NO_ACTIVE_GIMPS_ASSIGNMENT,2026-08-08T14:01:06+00:00,UNALLOCATED,,,,,
SLCMP585-4769,4769,4769,288734867,2^288734867-1,STRUCTURAL_SCREEN_EXHAUSTED_PRIMALITY_UNASSIGNED,GF3A_DIRECTIONAL_WRITE_EXHAUSTED_PRIMALITY_UNASSIGNED,514,512,512,NO_RECORDED_FACTOR_PRP_OR_LL_RESULT_AND_NO_ACTIVE_GIMPS_ASSIGNMENT,2026-08-08T14:01:06+00:00,UNALLOCATED,,,,,
SLCMP585-4770,4770,4770,288734869,2^288734869-1,STRUCTURAL_SCREEN_EXHAUSTED_PRIMALITY_UNASSIGNED,GF3A_DIRECTIONAL_WRITE_EXHAUSTED_PRIMALITY_UNASSIGNED,513,512,512,NO_RECORDED_FACTOR_PRP_OR_LL_RESULT_AND_NO_ACTIVE_GIMPS_ASSIGNMENT,2026-08-08T14:01:06+00:00,UNALLOCATED,,,,,
SLCMP585-4771,4771,4771,288734917,2^288734917-1,STRUCTURAL_SCREEN_EXHAUSTED_PRIMALITY_UNASSIGNED,GF3A_DIRECTIONAL_WRITE_EXHAUSTED_PRIMALITY_UNASSIGNED,513,512,512,NO_RECORDED_FACTOR_PRP_OR_LL_RESULT_AND_NO_ACTIVE_GIMPS_ASSIGNMENT,2026-08-08T14:01:06+00:00,UNALLOCATED,,,,,
SLCMP585-4772,4772,4772,288734921,2^288734921-1,STRUCTURAL_SCREEN_EXHAUSTED_PRIMALITY_UNASSIGNED,GF3A_DIRECTIONAL_WRITE_EXHAUSTED_PRIMALITY_UNASSIGNED,513,512,512,NO_RECORDED_FACTOR_PRP_OR_LL_RESULT_AND_NO_ACTIVE_GIMPS_ASSIGNMENT,2026-08-08T14:01:06+00:00,UNALLOCATED,,,,,
SLCMP585-4773,4773,4773,288734923,2^288734923-1,STRUCTURAL_SCREEN_EXHAUSTED_PRIMALITY_UNASSIGNED,GF3A_DIRECTIONAL_WRITE_EXHAUSTED_PRIMALITY_UNASSIGNED,514,512,512,NO_RECORDED_FACTOR_PRP_OR_LL_RESULT_AND_NO_ACTIVE_GIMPS_ASSIGNMENT,2026-08-08T14:01:06+00:00,UNALLOCATED,,,,,
SLCMP585-4774,4774,4774,288734989,2^288734989-1,STRUCTURAL_SCREEN_EXHAUSTED_PRIMALITY_UNASSIGNED,GF3A_DIRECTIONAL_WRITE_EXHAUSTED_PRIMALITY_UNASSIGNED,513,512,512,NO_RECORDED_FACTOR_PRP_OR_LL_RESULT_AND_NO_ACTIVE_GIMPS_ASSIGNMENT,2026-08-08T14:01:06+00:00,UNALLOCATED,,,,,
SLCMP585-4775,4775,4775,288735011,2^288735011-1,STRUCTURAL_SCREEN_EXHAUSTED_PRIMALITY_UNASSIGNED,GF3A_DIRECTIONAL_WRITE_EXHAUSTED_PRIMALITY_UNASSIGNED,514,512,512,NO_RECORDED_FACTOR_PRP_OR_LL_RESULT_AND_NO_ACTIVE_GIMPS_ASSIGNMENT,2026-08-08T14:01:06+00:00,UNALLOCATED,,,,,
SLCMP585-4776,4776,4776,288735037,2^288735037-1,STRUCTURAL_SCREEN_EXHAUSTED_PRIMALITY_UNASSIGNED,GF3A_DIRECTIONAL_WRITE_EXHAUSTED_PRIMALITY_UNASSIGNED,513,512,512,NO_RECORDED_FACTOR_PRP_OR_LL_RESULT_AND_NO_ACTIVE_GIMPS_ASSIGNMENT,2026-08-08T14:01:06+00:00,UNALLOCATED,,,,,
SLCMP585-4777,4777,4777,288735101,2^288735101-1,STRUCTURAL_SCREEN_EXHAUSTED_PRIMALITY_UNASSIGNED,GF3A_DIRECTIONAL_WRITE_EXHAUSTED_PRIMALITY_UNASSIGNED,513,512,512,NO_RECORDED_FACTOR_PRP_OR_LL_RESULT_AND_NO_ACTIVE_GIMPS_ASSIGNMENT,2026-08-08T14:01:06+00:00,UNALLOCATED,,,,,
SLCMP585-4778,4778,4778,288735121,2^288735121-1,STRUCTURAL_SCREEN_EXHAUSTED_PRIMALITY_UNASSIGNED,GF3A_DIRECTIONAL_WRITE_EXHAUSTED_PRIMALITY_UNASSIGNED,513,512,512,NO_RECORDED_FACTOR_PRP_OR_LL_RESULT_AND_NO_ACTIVE_GIMPS_ASSIGNMENT,2026-08-08T14:01:06+00:00,UNALLOCATED,,,,,
SLCMP585-4779,4779,4779,288735137,2^288735137-1,STRUCTURAL_SCREEN_EXHAUSTED_PRIMALITY_UNASSIGNED,GF3A_DIRECTIONAL_WRITE_EXHAUSTED_PRIMALITY_UNASSIGNED,513,512,512,NO_RECORDED_FACTOR_PRP_OR_LL_RESULT_AND_NO_ACTIVE_GIMPS_ASSIGNMENT,2026-08-08T14:01:06+00:00,UNALLOCATED,,,,,
SLCMP585-4780,4780,4780,288735173,2^288735173-1,STRUCTURAL_SCREEN_EXHAUSTED_PRIMALITY_UNASSIGNED,GF3A_DIRECTIONAL_WRITE_EXHAUSTED_PRIMALITY_UNASSIGNED,513,512,512,NO_RECORDED_FACTOR_PRP_OR_LL_RESULT_AND_NO_ACTIVE_GIMPS_ASSIGNMENT,2026-08-08T14:01:06+00:00,UNALLOCATED,,,,,
SLCMP585-4781,4781,4781,288735247,2^288735247-1,STRUCTURAL_SCREEN_EXHAUSTED_PRIMALITY_UNASSIGNED,GF3A_DIRECTIONAL_WRITE_EXHAUSTED_PRIMALITY_UNASSIGNED,514,512,512,NO_RECORDED_FACTOR_PRP_OR_LL_RESULT_AND_NO_ACTIVE_GIMPS_ASSIGNMENT,2026-08-08T14:01:06+00:00,UNALLOCATED,,,,,
SLCMP585-4782,4782,4782,288735257,2^288735257-1,STRUCTURAL_SCREEN_EXHAUSTED_PRIMALITY_UNASSIGNED,GF3A_DIRECTIONAL_WRITE_EXHAUSTED_PRIMALITY_UNASSIGNED,513,512,512,NO_RECORDED_FACTOR_PRP_OR_LL_RESULT_AND_NO_ACTIVE_GIMPS_ASSIGNMENT,2026-08-08T14:01:06+00:00,UNALLOCATED,,,,,
SLCMP585-4783,4783,4783,288735373,2^288735373-1,STRUCTURAL_SCREEN_EXHAUSTED_PRIMALITY_UNASSIGNED,GF3A_DIRECTIONAL_WRITE_EXHAUSTED_PRIMALITY_UNASSIGNED,513,512,512,NO_RECORDED_FACTOR_PRP_OR_LL_RESULT_AND_NO_ACTIVE_GIMPS_ASSIGNMENT,2026-08-08T14:01:06+00:00,UNALLOCATED,,,,,
SLCMP585-4784,4784,4784,288735449,2^288735449-1,STRUCTURAL_SCREEN_EXHAUSTED_PRIMALITY_UNASSIGNED,GF3A_DIRECTIONAL_WRITE_EXHAUSTED_PRIMALITY_UNASSIGNED,513,512,512,NO_RECORDED_FACTOR_PRP_OR_LL_RESULT_AND_NO_ACTIVE_GIMPS_ASSIGNMENT,2026-08-08T14:01:06+00:00,UNALLOCATED,,,,,
SLCMP585-4785,4785,4785,288735451,2^288735451-1,STRUCTURAL_SCREEN_EXHAUSTED_PRIMALITY_UNASSIGNED,GF3A_DIRECTIONAL_WRITE_EXHAUSTED_PRIMALITY_UNASSIGNED,514,512,512,NO_RECORDED_FACTOR_PRP_OR_LL_RESULT_AND_NO_ACTIVE_GIMPS_ASSIGNMENT,2026-08-08T14:01:06+00:00,UNALLOCATED,,,,,
SLCMP585-4786,4786,4786,288735521,2^288735521-1,STRUCTURAL_SCREEN_EXHAUSTED_PRIMALITY_UNASSIGNED,GF3A_DIRECTIONAL_WRITE_EXHAUSTED_PRIMALITY_UNASSIGNED,513,512,512,NO_RECORDED_FACTOR_PRP_OR_LL_RESULT_AND_NO_ACTIVE_GIMPS_ASSIGNMENT,2026-08-08T14:01:06+00:00,UNALLOCATED,,,,,
SLCMP585-4787,4787,4787,288735719,2^288735719-1,STRUCTURAL_SCREEN_EXHAUSTED_PRIMALITY_UNASSIGNED,GF3A_DIRECTIONAL_WRITE_EXHAUSTED_PRIMALITY_UNASSIGNED,514,512,512,NO_RECORDED_FACTOR_PRP_OR_LL_RESULT_AND_NO_ACTIVE_GIMPS_ASSIGNMENT,2026-08-08T14:01:06+00:00,UNALLOCATED,,,,,
SLCMP585-4788,4788,4788,288735739,2^288735739-1,STRUCTURAL_SCREEN_EXHAUSTED_PRIMALITY_UNASSIGNED,GF3A_DIRECTIONAL_WRITE_EXHAUSTED_PRIMALITY_UNASSIGNED,514,512,512,NO_RECORDED_FACTOR_PRP_OR_LL_RESULT_AND_NO_ACTIVE_GIMPS_ASSIGNMENT,2026-08-08T14:01:06+00:00,UNALLOCATED,,,,,
SLCMP585-4789,4789,4789,288735743,2^288735743-1,STRUCTURAL_SCREEN_EXHAUSTED_PRIMALITY_UNASSIGNED,GF3A_DIRECTIONAL_WRITE_EXHAUSTED_PRIMALITY_UNASSIGNED,514,512,512,NO_RECORDED_FACTOR_PRP_OR_LL_RESULT_AND_NO_ACTIVE_GIMPS_ASSIGNMENT,2026-08-08T14:01:06+00:00,UNALLOCATED,,,,,
SLCMP585-4790,4790,4790,288735751,2^288735751-1,STRUCTURAL_SCREEN_EXHAUSTED_PRIMALITY_UNASSIGNED,GF3A_DIRECTIONAL_WRITE_EXHAUSTED_PRIMALITY_UNASSIGNED,514,512,512,NO_RECORDED_FACTOR_PRP_OR_LL_RESULT_AND_NO_ACTIVE_GIMPS_ASSIGNMENT,2026-08-08T14:01:06+00:00,UNALLOCATED,,,,,
SLCMP585-4791,4791,4791,288735779,2^288735779-1,STRUCTURAL_SCREEN_EXHAUSTED_PRIMALITY_UNASSIGNED,GF3A_DIRECTIONAL_WRITE_EXHAUSTED_PRIMALITY_UNASSIGNED,514,512,512,NO_RECORDED_FACTOR_PRP_OR_LL_RESULT_AND_NO_ACTIVE_GIMPS_ASSIGNMENT,2026-08-08T14:01:06+00:00,UNALLOCATED,,,,,
SLCMP585-4792,4792,4792,288735907,2^288735907-1,STRUCTURAL_SCREEN_EXHAUSTED_PRIMALITY_UNASSIGNED,GF3A_DIRECTIONAL_WRITE_EXHAUSTED_PRIMALITY_UNASSIGNED,514,512,512,NO_RECORDED_FACTOR_PRP_OR_LL_RESULT_AND_NO_ACTIVE_GIMPS_ASSIGNMENT,2026-08-08T14:01:06+00:00,UNALLOCATED,,,,,
SLCMP585-4793,4793,4793,288735929,2^288735929-1,STRUCTURAL_SCREEN_EXHAUSTED_PRIMALITY_UNASSIGNED,GF3A_DIRECTIONAL_WRITE_EXHAUSTED_PRIMALITY_UNASSIGNED,513,512,512,NO_RECORDED_FACTOR_PRP_OR_LL_RESULT_AND_NO_ACTIVE_GIMPS_ASSIGNMENT,2026-08-08T14:01:06+00:00,UNALLOCATED,,,,,
SLCMP585-4794,4794,4794,288735949,2^288735949-1,STRUCTURAL_SCREEN_EXHAUSTED_PRIMALITY_UNASSIGNED,GF3A_DIRECTIONAL_WRITE_EXHAUSTED_PRIMALITY_UNASSIGNED,513,512,512,NO_RECORDED_FACTOR_PRP_OR_LL_RESULT_AND_NO_ACTIVE_GIMPS_ASSIGNMENT,2026-08-08T14:01:06+00:00,UNALLOCATED,,,,,
SLCMP585-4795,4795,4795,288736039,2^288736039-1,STRUCTURAL_SCREEN_EXHAUSTED_PRIMALITY_UNASSIGNED,GF3A_DIRECTIONAL_WRITE_EXHAUSTED_PRIMALITY_UNASSIGNED,514,512,512,NO_RECORDED_FACTOR_PRP_OR_LL_RESULT_AND_NO_ACTIVE_GIMPS_ASSIGNMENT,2026-08-08T14:01:06+00:00,UNALLOCATED,,,,,
SLCMP585-4796,4796,4796,288736067,2^288736067-1,STRUCTURAL_SCREEN_EXHAUSTED_PRIMALITY_UNASSIGNED,GF3A_DIRECTIONAL_WRITE_EXHAUSTED_PRIMALITY_UNASSIGNED,514,512,512,NO_RECORDED_FACTOR_PRP_OR_LL_RESULT_AND_NO_ACTIVE_GIMPS_ASSIGNMENT,2026-08-08T14:01:06+00:00,UNALLOCATED,,,,,
SLCMP585-4797,4797,4797,288736157,2^288736157-1,STRUCTURAL_SCREEN_EXHAUSTED_PRIMALITY_UNASSIGNED,GF3A_DIRECTIONAL_WRITE_EXHAUSTED_PRIMALITY_UNASSIGNED,513,512,512,NO_RECORDED_FACTOR_PRP_OR_LL_RESULT_AND_NO_ACTIVE_GIMPS_ASSIGNMENT,2026-08-08T14:01:06+00:00,UNALLOCATED,,,,,
SLCMP585-4798,4798,4798,288736207,2^288736207-1,STRUCTURAL_SCREEN_EXHAUSTED_PRIMALITY_UNASSIGNED,GF3A_DIRECTIONAL_WRITE_EXHAUSTED_PRIMALITY_UNASSIGNED,514,512,512,NO_RECORDED_FACTOR_PRP_OR_LL_RESULT_AND_NO_ACTIVE_GIMPS_ASSIGNMENT,2026-08-08T14:01:06+00:00,UNALLOCATED,,,,,
SLCMP585-4799,4799,4799,288736249,2^288736249-1,STRUCTURAL_SCREEN_EXHAUSTED_PRIMALITY_UNASSIGNED,GF3A_DIRECTIONAL_WRITE_EXHAUSTED_PRIMALITY_UNASSIGNED,513,512,512,NO_RECORDED_FACTOR_PRP_OR_LL_RESULT_AND_NO_ACTIVE_GIMPS_ASSIGNMENT,2026-08-08T14:01:06+00:00,UNALLOCATED,,,,,
SLCMP585-4800,4800,4800,288736291,2^288736291-1,STRUCTURAL_SCREEN_EXHAUSTED_PRIMALITY_UNASSIGNED,GF3A_DIRECTIONAL_WRITE_EXHAUSTED_PRIMALITY_UNASSIGNED,514,512,512,NO_RECORDED_FACTOR_PRP_OR_LL_RESULT_AND_NO_ACTIVE_GIMPS_ASSIGNMENT,2026-08-08T14:01:06+00:00,UNALLOCATED,,,,,
SLCMP585-4801,4801,4801,288736361,2^288736361-1,STRUCTURAL_SCREEN_EXHAUSTED_PRIMALITY_UNASSIGNED,GF3A_DIRECTIONAL_WRITE_EXHAUSTED_PRIMALITY_UNASSIGNED,513,512,512,NO_RECORDED_FACTOR_PRP_OR_LL_RESULT_AND_NO_ACTIVE_GIMPS_ASSIGNMENT,2026-08-08T14:01:06+00:00,UNALLOCATED,,,,,
SLCMP585-4802,4802,4802,288736367,2^288736367-1,STRUCTURAL_SCREEN_EXHAUSTED_PRIMALITY_UNASSIGNED,GF3A_DIRECTIONAL_WRITE_EXHAUSTED_PRIMALITY_UNASSIGNED,514,512,512,NO_RECORDED_FACTOR_PRP_OR_LL_RESULT_AND_NO_ACTIVE_GIMPS_ASSIGNMENT,2026-08-08T14:01:06+00:00,UNALLOCATED,,,,,
SLCMP585-4803,4803,4803,288736429,2^288736429-1,STRUCTURAL_SCREEN_EXHAUSTED_PRIMALITY_UNASSIGNED,GF3A_DIRECTIONAL_WRITE_EXHAUSTED_PRIMALITY_UNASSIGNED,513,512,512,NO_RECORDED_FACTOR_PRP_OR_LL_RESULT_AND_NO_ACTIVE_GIMPS_ASSIGNMENT,2026-08-08T14:01:06+00:00,UNALLOCATED,,,,,
SLCMP585-4804,4804,4804,288736649,2^288736649-1,STRUCTURAL_SCREEN_EXHAUSTED_PRIMALITY_UNASSIGNED,GF3A_DIRECTIONAL_WRITE_EXHAUSTED_PRIMALITY_UNASSIGNED,513,512,512,NO_RECORDED_FACTOR_PRP_OR_LL_RESULT_AND_NO_ACTIVE_GIMPS_ASSIGNMENT,2026-08-08T14:01:06+00:00,UNALLOCATED,,,,,
SLCMP585-4805,4805,4805,288736751,2^288736751-1,STRUCTURAL_SCREEN_EXHAUSTED_PRIMALITY_UNASSIGNED,GF3A_DIRECTIONAL_WRITE_EXHAUSTED_PRIMALITY_UNASSIGNED,514,512,512,NO_RECORDED_FACTOR_PRP_OR_LL_RESULT_AND_NO_ACTIVE_GIMPS_ASSIGNMENT,2026-08-08T14:01:06+00:00,UNALLOCATED,,,,,
SLCMP585-4806,4806,4806,288736781,2^288736781-1,STRUCTURAL_SCREEN_EXHAUSTED_PRIMALITY_UNASSIGNED,GF3A_DIRECTIONAL_WRITE_EXHAUSTED_PRIMALITY_UNASSIGNED,513,512,512,NO_RECORDED_FACTOR_PRP_OR_LL_RESULT_AND_NO_ACTIVE_GIMPS_ASSIGNMENT,2026-08-08T14:01:06+00:00,UNALLOCATED,,,,,
SLCMP585-4807,4807,4807,288736817,2^288736817-1,STRUCTURAL_SCREEN_EXHAUSTED_PRIMALITY_UNASSIGNED,GF3A_DIRECTIONAL_WRITE_EXHAUSTED_PRIMALITY_UNASSIGNED,513,512,512,NO_RECORDED_FACTOR_PRP_OR_LL_RESULT_AND_NO_ACTIVE_GIMPS_ASSIGNMENT,2026-08-08T14:01:06+00:00,UNALLOCATED,,,,,
SLCMP585-4808,4808,4808,288736849,2^288736849-1,STRUCTURAL_SCREEN_EXHAUSTED_PRIMALITY_UNASSIGNED,GF3A_DIRECTIONAL_WRITE_EXHAUSTED_PRIMALITY_UNASSIGNED,513,512,512,NO_RECORDED_FACTOR_PRP_OR_LL_RESULT_AND_NO_ACTIVE_GIMPS_ASSIGNMENT,2026-08-08T14:01:06+00:00,UNALLOCATED,,,,,
SLCMP585-4809,4809,4809,288736859,2^288736859-1,STRUCTURAL_SCREEN_EXHAUSTED_PRIMALITY_UNASSIGNED,GF3A_DIRECTIONAL_WRITE_EXHAUSTED_PRIMALITY_UNASSIGNED,514,512,512,NO_RECORDED_FACTOR_PRP_OR_LL_RESULT_AND_NO_ACTIVE_GIMPS_ASSIGNMENT,2026-08-08T14:01:06+00:00,UNALLOCATED,,,,,
SLCMP585-4810,4810,4810,288736897,2^288736897-1,STRUCTURAL_SCREEN_EXHAUSTED_PRIMALITY_UNASSIGNED,GF3A_DIRECTIONAL_WRITE_EXHAUSTED_PRIMALITY_UNASSIGNED,513,512,512,NO_RECORDED_FACTOR_PRP_OR_LL_RESULT_AND_NO_ACTIVE_GIMPS_ASSIGNMENT,2026-08-08T14:01:06+00:00,UNALLOCATED,,,,,
SLCMP585-4811,4811,4811,288737077,2^288737077-1,STRUCTURAL_SCREEN_EXHAUSTED_PRIMALITY_UNASSIGNED,GF3A_DIRECTIONAL_WRITE_EXHAUSTED_PRIMALITY_UNASSIGNED,513,512,512,NO_RECORDED_FACTOR_PRP_OR_LL_RESULT_AND_NO_ACTIVE_GIMPS_ASSIGNMENT,2026-08-08T14:01:06+00:00,UNALLOCATED,,,,,
SLCMP585-4812,4812,4812,288737089,2^288737089-1,STRUCTURAL_SCREEN_EXHAUSTED_PRIMALITY_UNASSIGNED,GF3A_DIRECTIONAL_WRITE_EXHAUSTED_PRIMALITY_UNASSIGNED,513,512,512,NO_RECORDED_FACTOR_PRP_OR_LL_RESULT_AND_NO_ACTIVE_GIMPS_ASSIGNMENT,2026-08-08T14:01:06+00:00,UNALLOCATED,,,,,
SLCMP585-4813,4813,4813,288737171,2^288737171-1,STRUCTURAL_SCREEN_EXHAUSTED_PRIMALITY_UNASSIGNED,GF3A_DIRECTIONAL_WRITE_EXHAUSTED_PRIMALITY_UNASSIGNED,514,512,512,NO_RECORDED_FACTOR_PRP_OR_LL_RESULT_AND_NO_ACTIVE_GIMPS_ASSIGNMENT,2026-08-08T14:01:06+00:00,UNALLOCATED,,,,,
SLCMP585-4814,4814,4814,288737177,2^288737177-1,STRUCTURAL_SCREEN_EXHAUSTED_PRIMALITY_UNASSIGNED,GF3A_DIRECTIONAL_WRITE_EXHAUSTED_PRIMALITY_UNASSIGNED,513,512,512,NO_RECORDED_FACTOR_PRP_OR_LL_RESULT_AND_NO_ACTIVE_GIMPS_ASSIGNMENT,2026-08-08T14:01:06+00:00,UNALLOCATED,,,,,
SLCMP585-4815,4815,4815,288737213,2^288737213-1,STRUCTURAL_SCREEN_EXHAUSTED_PRIMALITY_UNASSIGNED,GF3A_DIRECTIONAL_WRITE_EXHAUSTED_PRIMALITY_UNASSIGNED,513,512,512,NO_RECORDED_FACTOR_PRP_OR_LL_RESULT_AND_NO_ACTIVE_GIMPS_ASSIGNMENT,2026-08-08T14:01:06+00:00,UNALLOCATED,,,,,
SLCMP585-4816,4816,4816,288737249,2^288737249-1,STRUCTURAL_SCREEN_EXHAUSTED_PRIMALITY_UNASSIGNED,GF3A_DIRECTIONAL_WRITE_EXHAUSTED_PRIMALITY_UNASSIGNED,513,512,512,NO_RECORDED_FACTOR_PRP_OR_LL_RESULT_AND_NO_ACTIVE_GIMPS_ASSIGNMENT,2026-08-08T14:01:06+00:00,UNALLOCATED,,,,,
SLCMP585-4817,4817,4817,288737263,2^288737263-1,STRUCTURAL_SCREEN_EXHAUSTED_PRIMALITY_UNASSIGNED,GF3A_DIRECTIONAL_WRITE_EXHAUSTED_PRIMALITY_UNASSIGNED,514,512,512,NO_RECORDED_FACTOR_PRP_OR_LL_RESULT_AND_NO_ACTIVE_GIMPS_ASSIGNMENT,2026-08-08T14:01:06+00:00,UNALLOCATED,,,,,
SLCMP585-4818,4818,4818,288737363,2^288737363-1,STRUCTURAL_SCREEN_EXHAUSTED_PRIMALITY_UNASSIGNED,GF3A_DIRECTIONAL_WRITE_EXHAUSTED_PRIMALITY_UNASSIGNED,514,512,512,NO_RECORDED_FACTOR_PRP_OR_LL_RESULT_AND_NO_ACTIVE_GIMPS_ASSIGNMENT,2026-08-08T14:01:06+00:00,UNALLOCATED,,,,,
SLCMP585-4819,4819,4819,288737431,2^288737431-1,STRUCTURAL_SCREEN_EXHAUSTED_PRIMALITY_UNASSIGNED,GF3A_DIRECTIONAL_WRITE_EXHAUSTED_PRIMALITY_UNASSIGNED,514,512,512,NO_RECORDED_FACTOR_PRP_OR_LL_RESULT_AND_NO_ACTIVE_GIMPS_ASSIGNMENT,2026-08-08T14:01:06+00:00,UNALLOCATED,,,,,
SLCMP585-4820,4820,4820,288737437,2^288737437-1,STRUCTURAL_SCREEN_EXHAUSTED_PRIMALITY_UNASSIGNED,GF3A_DIRECTIONAL_WRITE_EXHAUSTED_PRIMALITY_UNASSIGNED,513,512,512,NO_RECORDED_FACTOR_PRP_OR_LL_RESULT_AND_NO_ACTIVE_GIMPS_ASSIGNMENT,2026-08-08T14:01:06+00:00,UNALLOCATED,,,,,
SLCMP585-4821,4821,4821,288737447,2^288737447-1,STRUCTURAL_SCREEN_EXHAUSTED_PRIMALITY_UNASSIGNED,GF3A_DIRECTIONAL_WRITE_EXHAUSTED_PRIMALITY_UNASSIGNED,514,512,512,NO_RECORDED_FACTOR_PRP_OR_LL_RESULT_AND_NO_ACTIVE_GIMPS_ASSIGNMENT,2026-08-08T14:01:06+00:00,UNALLOCATED,,,,,
SLCMP585-4822,4822,4822,288737513,2^288737513-1,STRUCTURAL_SCREEN_EXHAUSTED_PRIMALITY_UNASSIGNED,GF3A_DIRECTIONAL_WRITE_EXHAUSTED_PRIMALITY_UNASSIGNED,513,512,512,NO_RECORDED_FACTOR_PRP_OR_LL_RESULT_AND_NO_ACTIVE_GIMPS_ASSIGNMENT,2026-08-08T14:01:06+00:00,UNALLOCATED,,,,,
SLCMP585-4823,4823,4823,288737549,2^288737549-1,STRUCTURAL_SCREEN_EXHAUSTED_PRIMALITY_UNASSIGNED,GF3A_DIRECTIONAL_WRITE_EXHAUSTED_PRIMALITY_UNASSIGNED,513,512,512,NO_RECORDED_FACTOR_PRP_OR_LL_RESULT_AND_NO_ACTIVE_GIMPS_ASSIGNMENT,2026-08-08T14:01:06+00:00,UNALLOCATED,,,,,
SLCMP585-4824,4824,4824,288737551,2^288737551-1,STRUCTURAL_SCREEN_EXHAUSTED_PRIMALITY_UNASSIGNED,GF3A_DIRECTIONAL_WRITE_EXHAUSTED_PRIMALITY_UNASSIGNED,514,512,512,NO_RECORDED_FACTOR_PRP_OR_LL_RESULT_AND_NO_ACTIVE_GIMPS_ASSIGNMENT,2026-08-08T14:01:06+00:00,UNALLOCATED,,,,,
SLCMP585-4825,4825,4825,288737569,2^288737569-1,STRUCTURAL_SCREEN_EXHAUSTED_PRIMALITY_UNASSIGNED,GF3A_DIRECTIONAL_WRITE_EXHAUSTED_PRIMALITY_UNASSIGNED,513,512,512,NO_RECORDED_FACTOR_PRP_OR_LL_RESULT_AND_NO_ACTIVE_GIMPS_ASSIGNMENT,2026-08-08T14:01:06+00:00,UNALLOCATED,,,,,
SLCMP585-4826,4826,4826,288737633,2^288737633-1,STRUCTURAL_SCREEN_EXHAUSTED_PRIMALITY_UNASSIGNED,GF3A_DIRECTIONAL_WRITE_EXHAUSTED_PRIMALITY_UNASSIGNED,513,512,512,NO_RECORDED_FACTOR_PRP_OR_LL_RESULT_AND_NO_ACTIVE_GIMPS_ASSIGNMENT,2026-08-08T14:01:06+00:00,UNALLOCATED,,,,,
SLCMP585-4827,4827,4827,288737641,2^288737641-1,STRUCTURAL_SCREEN_EXHAUSTED_PRIMALITY_UNASSIGNED,GF3A_DIRECTIONAL_WRITE_EXHAUSTED_PRIMALITY_UNASSIGNED,513,512,512,NO_RECORDED_FACTOR_PRP_OR_LL_RESULT_AND_NO_ACTIVE_GIMPS_ASSIGNMENT,2026-08-08T14:01:06+00:00,UNALLOCATED,,,,,
SLCMP585-4828,4828,4828,288737723,2^288737723-1,STRUCTURAL_SCREEN_EXHAUSTED_PRIMALITY_UNASSIGNED,GF3A_DIRECTIONAL_WRITE_EXHAUSTED_PRIMALITY_UNASSIGNED,514,512,512,NO_RECORDED_FACTOR_PRP_OR_LL_RESULT_AND_NO_ACTIVE_GIMPS_ASSIGNMENT,2026-08-08T14:01:06+00:00,UNALLOCATED,,,,,
SLCMP585-4829,4829,4829,288737749,2^288737749-1,STRUCTURAL_SCREEN_EXHAUSTED_PRIMALITY_UNASSIGNED,GF3A_DIRECTIONAL_WRITE_EXHAUSTED_PRIMALITY_UNASSIGNED,513,512,512,NO_RECORDED_FACTOR_PRP_OR_LL_RESULT_AND_NO_ACTIVE_GIMPS_ASSIGNMENT,2026-08-08T14:01:06+00:00,UNALLOCATED,,,,,
SLCMP585-4830,4830,4830,288737777,2^288737777-1,STRUCTURAL_SCREEN_EXHAUSTED_PRIMALITY_UNASSIGNED,GF3A_DIRECTIONAL_WRITE_EXHAUSTED_PRIMALITY_UNASSIGNED,513,512,512,NO_RECORDED_FACTOR_PRP_OR_LL_RESULT_AND_NO_ACTIVE_GIMPS_ASSIGNMENT,2026-08-08T14:01:06+00:00,UNALLOCATED,,,,,
SLCMP585-4831,4831,4831,288737807,2^288737807-1,STRUCTURAL_SCREEN_EXHAUSTED_PRIMALITY_UNASSIGNED,GF3A_DIRECTIONAL_WRITE_EXHAUSTED_PRIMALITY_UNASSIGNED,514,512,512,NO_RECORDED_FACTOR_PRP_OR_LL_RESULT_AND_NO_ACTIVE_GIMPS_ASSIGNMENT,2026-08-08T14:01:06+00:00,UNALLOCATED,,,,,
SLCMP585-4832,4832,4832,288737861,2^288737861-1,STRUCTURAL_SCREEN_EXHAUSTED_PRIMALITY_UNASSIGNED,GF3A_DIRECTIONAL_WRITE_EXHAUSTED_PRIMALITY_UNASSIGNED,513,512,512,NO_RECORDED_FACTOR_PRP_OR_LL_RESULT_AND_NO_ACTIVE_GIMPS_ASSIGNMENT,2026-08-08T14:01:06+00:00,UNALLOCATED,,,,,
SLCMP585-4833,4833,4833,288737909,2^288737909-1,STRUCTURAL_SCREEN_EXHAUSTED_PRIMALITY_UNASSIGNED,GF3A_DIRECTIONAL_WRITE_EXHAUSTED_PRIMALITY_UNASSIGNED,513,512,512,NO_RECORDED_FACTOR_PRP_OR_LL_RESULT_AND_NO_ACTIVE_GIMPS_ASSIGNMENT,2026-08-08T14:01:06+00:00,UNALLOCATED,,,,,
SLCMP585-4834,4834,4834,288737963,2^288737963-1,STRUCTURAL_SCREEN_EXHAUSTED_PRIMALITY_UNASSIGNED,GF3A_DIRECTIONAL_WRITE_EXHAUSTED_PRIMALITY_UNASSIGNED,514,512,512,NO_RECORDED_FACTOR_PRP_OR_LL_RESULT_AND_NO_ACTIVE_GIMPS_ASSIGNMENT,2026-08-08T14:01:06+00:00,UNALLOCATED,,,,,
SLCMP585-4835,4835,4835,288737971,2^288737971-1,STRUCTURAL_SCREEN_EXHAUSTED_PRIMALITY_UNASSIGNED,GF3A_DIRECTIONAL_WRITE_EXHAUSTED_PRIMALITY_UNASSIGNED,514,512,512,NO_RECORDED_FACTOR_PRP_OR_LL_RESULT_AND_NO_ACTIVE_GIMPS_ASSIGNMENT,2026-08-08T14:01:06+00:00,UNALLOCATED,,,,,
SLCMP585-4836,4836,4836,288738001,2^288738001-1,STRUCTURAL_SCREEN_EXHAUSTED_PRIMALITY_UNASSIGNED,GF3A_DIRECTIONAL_WRITE_EXHAUSTED_PRIMALITY_UNASSIGNED,513,512,512,NO_RECORDED_FACTOR_PRP_OR_LL_RESULT_AND_NO_ACTIVE_GIMPS_ASSIGNMENT,2026-08-08T14:01:06+00:00,UNALLOCATED,,,,,
SLCMP585-4837,4837,4837,288738019,2^288738019-1,STRUCTURAL_SCREEN_EXHAUSTED_PRIMALITY_UNASSIGNED,GF3A_DIRECTIONAL_WRITE_EXHAUSTED_PRIMALITY_UNASSIGNED,514,512,512,NO_RECORDED_FACTOR_PRP_OR_LL_RESULT_AND_NO_ACTIVE_GIMPS_ASSIGNMENT,2026-08-08T14:01:06+00:00,UNALLOCATED,,,,,
SLCMP585-4838,4838,4838,288738053,2^288738053-1,STRUCTURAL_SCREEN_EXHAUSTED_PRIMALITY_UNASSIGNED,GF3A_DIRECTIONAL_WRITE_EXHAUSTED_PRIMALITY_UNASSIGNED,513,512,512,NO_RECORDED_FACTOR_PRP_OR_LL_RESULT_AND_NO_ACTIVE_GIMPS_ASSIGNMENT,2026-08-08T14:01:06+00:00,UNALLOCATED,,,,,
SLCMP585-4839,4839,4839,288738089,2^288738089-1,STRUCTURAL_SCREEN_EXHAUSTED_PRIMALITY_UNASSIGNED,GF3A_DIRECTIONAL_WRITE_EXHAUSTED_PRIMALITY_UNASSIGNED,513,512,512,NO_RECORDED_FACTOR_PRP_OR_LL_RESULT_AND_NO_ACTIVE_GIMPS_ASSIGNMENT,2026-08-08T14:01:06+00:00,UNALLOCATED,,,,,
SLCMP585-4840,4840,4840,288738103,2^288738103-1,STRUCTURAL_SCREEN_EXHAUSTED_PRIMALITY_UNASSIGNED,GF3A_DIRECTIONAL_WRITE_EXHAUSTED_PRIMALITY_UNASSIGNED,514,512,512,NO_RECORDED_FACTOR_PRP_OR_LL_RESULT_AND_NO_ACTIVE_GIMPS_ASSIGNMENT,2026-08-08T14:01:06+00:00,UNALLOCATED,,,,,
SLCMP585-4841,4841,4841,288738119,2^288738119-1,STRUCTURAL_SCREEN_EXHAUSTED_PRIMALITY_UNASSIGNED,GF3A_DIRECTIONAL_WRITE_EXHAUSTED_PRIMALITY_UNASSIGNED,514,512,512,NO_RECORDED_FACTOR_PRP_OR_LL_RESULT_AND_NO_ACTIVE_GIMPS_ASSIGNMENT,2026-08-08T14:01:06+00:00,UNALLOCATED,,,,,
SLCMP585-4842,4842,4842,288738137,2^288738137-1,STRUCTURAL_SCREEN_EXHAUSTED_PRIMALITY_UNASSIGNED,GF3A_DIRECTIONAL_WRITE_EXHAUSTED_PRIMALITY_UNASSIGNED,513,512,512,NO_RECORDED_FACTOR_PRP_OR_LL_RESULT_AND_NO_ACTIVE_GIMPS_ASSIGNMENT,2026-08-08T14:01:06+00:00,UNALLOCATED,,,,,
SLCMP585-4843,4843,4843,288738169,2^288738169-1,STRUCTURAL_SCREEN_EXHAUSTED_PRIMALITY_UNASSIGNED,GF3A_DIRECTIONAL_WRITE_EXHAUSTED_PRIMALITY_UNASSIGNED,513,512,512,NO_RECORDED_FACTOR_PRP_OR_LL_RESULT_AND_NO_ACTIVE_GIMPS_ASSIGNMENT,2026-08-08T14:01:06+00:00,UNALLOCATED,,,,,
SLCMP585-4844,4844,4844,288738187,2^288738187-1,STRUCTURAL_SCREEN_EXHAUSTED_PRIMALITY_UNASSIGNED,GF3A_DIRECTIONAL_WRITE_EXHAUSTED_PRIMALITY_UNASSIGNED,514,512,512,NO_RECORDED_FACTOR_PRP_OR_LL_RESULT_AND_NO_ACTIVE_GIMPS_ASSIGNMENT,2026-08-08T14:01:06+00:00,UNALLOCATED,,,,,
SLCMP585-4845,4845,4845,288738199,2^288738199-1,STRUCTURAL_SCREEN_EXHAUSTED_PRIMALITY_UNASSIGNED,GF3A_DIRECTIONAL_WRITE_EXHAUSTED_PRIMALITY_UNASSIGNED,514,512,512,NO_RECORDED_FACTOR_PRP_OR_LL_RESULT_AND_NO_ACTIVE_GIMPS_ASSIGNMENT,2026-08-08T14:01:06+00:00,UNALLOCATED,,,,,
SLCMP585-4846,4846,4846,288738227,2^288738227-1,STRUCTURAL_SCREEN_EXHAUSTED_PRIMALITY_UNASSIGNED,GF3A_DIRECTIONAL_WRITE_EXHAUSTED_PRIMALITY_UNASSIGNED,514,512,512,NO_RECORDED_FACTOR_PRP_OR_LL_RESULT_AND_NO_ACTIVE_GIMPS_ASSIGNMENT,2026-08-08T14:01:06+00:00,UNALLOCATED,,,,,
SLCMP585-4847,4847,4847,288738349,2^288738349-1,STRUCTURAL_SCREEN_EXHAUSTED_PRIMALITY_UNASSIGNED,GF3A_DIRECTIONAL_WRITE_EXHAUSTED_PRIMALITY_UNASSIGNED,513,512,512,NO_RECORDED_FACTOR_PRP_OR_LL_RESULT_AND_NO_ACTIVE_GIMPS_ASSIGNMENT,2026-08-08T14:01:06+00:00,UNALLOCATED,,,,,
SLCMP585-4848,4848,4848,288738397,2^288738397-1,STRUCTURAL_SCREEN_EXHAUSTED_PRIMALITY_UNASSIGNED,GF3A_DIRECTIONAL_WRITE_EXHAUSTED_PRIMALITY_UNASSIGNED,513,512,512,NO_RECORDED_FACTOR_PRP_OR_LL_RESULT_AND_NO_ACTIVE_GIMPS_ASSIGNMENT,2026-08-08T14:01:06+00:00,UNALLOCATED,,,,,
SLCMP585-4849,4849,4849,288738407,2^288738407-1,STRUCTURAL_SCREEN_EXHAUSTED_PRIMALITY_UNASSIGNED,GF3A_DIRECTIONAL_WRITE_EXHAUSTED_PRIMALITY_UNASSIGNED,514,512,512,NO_RECORDED_FACTOR_PRP_OR_LL_RESULT_AND_NO_ACTIVE_GIMPS_ASSIGNMENT,2026-08-08T14:01:06+00:00,UNALLOCATED,,,,,
SLCMP585-4850,4850,4850,288738427,2^288738427-1,STRUCTURAL_SCREEN_EXHAUSTED_PRIMALITY_UNASSIGNED,GF3A_DIRECTIONAL_WRITE_EXHAUSTED_PRIMALITY_UNASSIGNED,514,512,512,NO_RECORDED_FACTOR_PRP_OR_LL_RESULT_AND_NO_ACTIVE_GIMPS_ASSIGNMENT,2026-08-08T14:01:06+00:00,UNALLOCATED,,,,,
SLCMP585-4851,4851,4851,288738509,2^288738509-1,STRUCTURAL_SCREEN_EXHAUSTED_PRIMALITY_UNASSIGNED,GF3A_DIRECTIONAL_WRITE_EXHAUSTED_PRIMALITY_UNASSIGNED,513,512,512,NO_RECORDED_FACTOR_PRP_OR_LL_RESULT_AND_NO_ACTIVE_GIMPS_ASSIGNMENT,2026-08-08T14:01:06+00:00,UNALLOCATED,,,,,
SLCMP585-4852,4852,4852,288738511,2^288738511-1,STRUCTURAL_SCREEN_EXHAUSTED_PRIMALITY_UNASSIGNED,GF3A_DIRECTIONAL_WRITE_EXHAUSTED_PRIMALITY_UNASSIGNED,514,512,512,NO_RECORDED_FACTOR_PRP_OR_LL_RESULT_AND_NO_ACTIVE_GIMPS_ASSIGNMENT,2026-08-08T14:01:06+00:00,UNALLOCATED,,,,,
SLCMP585-4853,4853,4853,288738551,2^288738551-1,STRUCTURAL_SCREEN_EXHAUSTED_PRIMALITY_UNASSIGNED,GF3A_DIRECTIONAL_WRITE_EXHAUSTED_PRIMALITY_UNASSIGNED,514,512,512,NO_RECORDED_FACTOR_PRP_OR_LL_RESULT_AND_NO_ACTIVE_GIMPS_ASSIGNMENT,2026-08-08T14:01:06+00:00,UNALLOCATED,,,,,
SLCMP585-4854,4854,4854,288738563,2^288738563-1,STRUCTURAL_SCREEN_EXHAUSTED_PRIMALITY_UNASSIGNED,GF3A_DIRECTIONAL_WRITE_EXHAUSTED_PRIMALITY_UNASSIGNED,514,512,512,NO_RECORDED_FACTOR_PRP_OR_LL_RESULT_AND_NO_ACTIVE_GIMPS_ASSIGNMENT,2026-08-08T14:01:06+00:00,UNALLOCATED,,,,,
SLCMP585-4855,4855,4855,288738581,2^288738581-1,STRUCTURAL_SCREEN_EXHAUSTED_PRIMALITY_UNASSIGNED,GF3A_DIRECTIONAL_WRITE_EXHAUSTED_PRIMALITY_UNASSIGNED,513,512,512,NO_RECORDED_FACTOR_PRP_OR_LL_RESULT_AND_NO_ACTIVE_GIMPS_ASSIGNMENT,2026-08-08T14:01:06+00:00,UNALLOCATED,,,,,
SLCMP585-4856,4856,4856,288738629,2^288738629-1,STRUCTURAL_SCREEN_EXHAUSTED_PRIMALITY_UNASSIGNED,GF3A_DIRECTIONAL_WRITE_EXHAUSTED_PRIMALITY_UNASSIGNED,513,512,512,NO_RECORDED_FACTOR_PRP_OR_LL_RESULT_AND_NO_ACTIVE_GIMPS_ASSIGNMENT,2026-08-08T14:01:06+00:00,UNALLOCATED,,,,,
SLCMP585-4857,4857,4857,288738893,2^288738893-1,STRUCTURAL_SCREEN_EXHAUSTED_PRIMALITY_UNASSIGNED,GF3A_DIRECTIONAL_WRITE_EXHAUSTED_PRIMALITY_UNASSIGNED,513,512,512,NO_RECORDED_FACTOR_PRP_OR_LL_RESULT_AND_NO_ACTIVE_GIMPS_ASSIGNMENT,2026-08-08T14:01:06+00:00,UNALLOCATED,,,,,
SLCMP585-4858,4858,4858,288739123,2^288739123-1,STRUCTURAL_SCREEN_EXHAUSTED_PRIMALITY_UNASSIGNED,GF3A_DIRECTIONAL_WRITE_EXHAUSTED_PRIMALITY_UNASSIGNED,514,512,512,NO_RECORDED_FACTOR_PRP_OR_LL_RESULT_AND_NO_ACTIVE_GIMPS_ASSIGNMENT,2026-08-08T14:01:06+00:00,UNALLOCATED,,,,,
SLCMP585-4859,4859,4859,288739127,2^288739127-1,STRUCTURAL_SCREEN_EXHAUSTED_PRIMALITY_UNASSIGNED,GF3A_DIRECTIONAL_WRITE_EXHAUSTED_PRIMALITY_UNASSIGNED,514,512,512,NO_RECORDED_FACTOR_PRP_OR_LL_RESULT_AND_NO_ACTIVE_GIMPS_ASSIGNMENT,2026-08-08T14:01:06+00:00,UNALLOCATED,,,,,
SLCMP585-4860,4860,4860,288739141,2^288739141-1,STRUCTURAL_SCREEN_EXHAUSTED_PRIMALITY_UNASSIGNED,GF3A_DIRECTIONAL_WRITE_EXHAUSTED_PRIMALITY_UNASSIGNED,513,512,512,NO_RECORDED_FACTOR_PRP_OR_LL_RESULT_AND_NO_ACTIVE_GIMPS_ASSIGNMENT,2026-08-08T14:01:06+00:00,UNALLOCATED,,,,,
SLCMP585-4861,4861,4861,288739267,2^288739267-1,STRUCTURAL_SCREEN_EXHAUSTED_PRIMALITY_UNASSIGNED,GF3A_DIRECTIONAL_WRITE_EXHAUSTED_PRIMALITY_UNASSIGNED,514,512,512,NO_RECORDED_FACTOR_PRP_OR_LL_RESULT_AND_NO_ACTIVE_GIMPS_ASSIGNMENT,2026-08-08T14:01:06+00:00,UNALLOCATED,,,,,
SLCMP585-4862,4862,4862,288739273,2^288739273-1,STRUCTURAL_SCREEN_EXHAUSTED_PRIMALITY_UNASSIGNED,GF3A_DIRECTIONAL_WRITE_EXHAUSTED_PRIMALITY_UNASSIGNED,513,512,512,NO_RECORDED_FACTOR_PRP_OR_LL_RESULT_AND_NO_ACTIVE_GIMPS_ASSIGNMENT,2026-08-08T14:01:06+00:00,UNALLOCATED,,,,,
SLCMP585-4863,4863,4863,288739277,2^288739277-1,STRUCTURAL_SCREEN_EXHAUSTED_PRIMALITY_UNASSIGNED,GF3A_DIRECTIONAL_WRITE_EXHAUSTED_PRIMALITY_UNASSIGNED,513,512,512,NO_RECORDED_FACTOR_PRP_OR_LL_RESULT_AND_NO_ACTIVE_GIMPS_ASSIGNMENT,2026-08-08T14:01:06+00:00,UNALLOCATED,,,,,
SLCMP585-4864,4864,4864,288739289,2^288739289-1,STRUCTURAL_SCREEN_EXHAUSTED_PRIMALITY_UNASSIGNED,GF3A_DIRECTIONAL_WRITE_EXHAUSTED_PRIMALITY_UNASSIGNED,513,512,512,NO_RECORDED_FACTOR_PRP_OR_LL_RESULT_AND_NO_ACTIVE_GIMPS_ASSIGNMENT,2026-08-08T14:01:06+00:00,UNALLOCATED,,,,,
SLCMP585-4865,4865,4865,288739369,2^288739369-1,STRUCTURAL_SCREEN_EXHAUSTED_PRIMALITY_UNASSIGNED,GF3A_DIRECTIONAL_WRITE_EXHAUSTED_PRIMALITY_UNASSIGNED,513,512,512,NO_RECORDED_FACTOR_PRP_OR_LL_RESULT_AND_NO_ACTIVE_GIMPS_ASSIGNMENT,2026-08-08T14:01:06+00:00,UNALLOCATED,,,,,
SLCMP585-4866,4866,4866,288739417,2^288739417-1,STRUCTURAL_SCREEN_EXHAUSTED_PRIMALITY_UNASSIGNED,GF3A_DIRECTIONAL_WRITE_EXHAUSTED_PRIMALITY_UNASSIGNED,513,512,512,NO_RECORDED_FACTOR_PRP_OR_LL_RESULT_AND_NO_ACTIVE_GIMPS_ASSIGNMENT,2026-08-08T14:01:06+00:00,UNALLOCATED,,,,,
SLCMP585-4867,4867,4867,288739421,2^288739421-1,STRUCTURAL_SCREEN_EXHAUSTED_PRIMALITY_UNASSIGNED,GF3A_DIRECTIONAL_WRITE_EXHAUSTED_PRIMALITY_UNASSIGNED,513,512,512,NO_RECORDED_FACTOR_PRP_OR_LL_RESULT_AND_NO_ACTIVE_GIMPS_ASSIGNMENT,2026-08-08T14:01:06+00:00,UNALLOCATED,,,,,
SLCMP585-4868,4868,4868,288739427,2^288739427-1,STRUCTURAL_SCREEN_EXHAUSTED_PRIMALITY_UNASSIGNED,GF3A_DIRECTIONAL_WRITE_EXHAUSTED_PRIMALITY_UNASSIGNED,514,512,512,NO_RECORDED_FACTOR_PRP_OR_LL_RESULT_AND_NO_ACTIVE_GIMPS_ASSIGNMENT,2026-08-08T14:01:06+00:00,UNALLOCATED,,,,,
SLCMP585-4869,4869,4869,288739481,2^288739481-1,STRUCTURAL_SCREEN_EXHAUSTED_PRIMALITY_UNASSIGNED,GF3A_DIRECTIONAL_WRITE_EXHAUSTED_PRIMALITY_UNASSIGNED,513,512,512,NO_RECORDED_FACTOR_PRP_OR_LL_RESULT_AND_NO_ACTIVE_GIMPS_ASSIGNMENT,2026-08-08T14:01:06+00:00,UNALLOCATED,,,,,
SLCMP585-4870,4870,4870,288739579,2^288739579-1,STRUCTURAL_SCREEN_EXHAUSTED_PRIMALITY_UNASSIGNED,GF3A_DIRECTIONAL_WRITE_EXHAUSTED_PRIMALITY_UNASSIGNED,514,512,512,NO_RECORDED_FACTOR_PRP_OR_LL_RESULT_AND_NO_ACTIVE_GIMPS_ASSIGNMENT,2026-08-08T14:01:06+00:00,UNALLOCATED,,,,,
SLCMP585-4871,4871,4871,288739727,2^288739727-1,STRUCTURAL_SCREEN_EXHAUSTED_PRIMALITY_UNASSIGNED,GF3A_DIRECTIONAL_WRITE_EXHAUSTED_PRIMALITY_UNASSIGNED,514,512,512,NO_RECORDED_FACTOR_PRP_OR_LL_RESULT_AND_NO_ACTIVE_GIMPS_ASSIGNMENT,2026-08-08T14:01:06+00:00,UNALLOCATED,,,,,
SLCMP585-4872,4872,4872,288739771,2^288739771-1,STRUCTURAL_SCREEN_EXHAUSTED_PRIMALITY_UNASSIGNED,GF3A_DIRECTIONAL_WRITE_EXHAUSTED_PRIMALITY_UNASSIGNED,514,512,512,NO_RECORDED_FACTOR_PRP_OR_LL_RESULT_AND_NO_ACTIVE_GIMPS_ASSIGNMENT,2026-08-08T14:01:06+00:00,UNALLOCATED,,,,,
SLCMP585-4873,4873,4873,288739811,2^288739811-1,STRUCTURAL_SCREEN_EXHAUSTED_PRIMALITY_UNASSIGNED,GF3A_DIRECTIONAL_WRITE_EXHAUSTED_PRIMALITY_UNASSIGNED,514,512,512,NO_RECORDED_FACTOR_PRP_OR_LL_RESULT_AND_NO_ACTIVE_GIMPS_ASSIGNMENT,2026-08-08T14:01:06+00:00,UNALLOCATED,,,,,
SLCMP585-4874,4874,4874,288739831,2^288739831-1,STRUCTURAL_SCREEN_EXHAUSTED_PRIMALITY_UNASSIGNED,GF3A_DIRECTIONAL_WRITE_EXHAUSTED_PRIMALITY_UNASSIGNED,514,512,512,NO_RECORDED_FACTOR_PRP_OR_LL_RESULT_AND_NO_ACTIVE_GIMPS_ASSIGNMENT,2026-08-08T14:01:06+00:00,UNALLOCATED,,,,,
SLCMP585-4875,4875,4875,288739873,2^288739873-1,STRUCTURAL_SCREEN_EXHAUSTED_PRIMALITY_UNASSIGNED,GF3A_DIRECTIONAL_WRITE_EXHAUSTED_PRIMALITY_UNASSIGNED,513,512,512,NO_RECORDED_FACTOR_PRP_OR_LL_RESULT_AND_NO_ACTIVE_GIMPS_ASSIGNMENT,2026-08-08T14:01:06+00:00,UNALLOCATED,,,,,
SLCMP585-4876,4876,4876,288739939,2^288739939-1,STRUCTURAL_SCREEN_EXHAUSTED_PRIMALITY_UNASSIGNED,GF3A_DIRECTIONAL_WRITE_EXHAUSTED_PRIMALITY_UNASSIGNED,514,512,512,NO_RECORDED_FACTOR_PRP_OR_LL_RESULT_AND_NO_ACTIVE_GIMPS_ASSIGNMENT,2026-08-08T14:01:06+00:00,UNALLOCATED,,,,,
SLCMP585-4877,4877,4877,288739943,2^288739943-1,STRUCTURAL_SCREEN_EXHAUSTED_PRIMALITY_UNASSIGNED,GF3A_DIRECTIONAL_WRITE_EXHAUSTED_PRIMALITY_UNASSIGNED,514,512,512,NO_RECORDED_FACTOR_PRP_OR_LL_RESULT_AND_NO_ACTIVE_GIMPS_ASSIGNMENT,2026-08-08T14:01:06+00:00,UNALLOCATED,,,,,
SLCMP585-4878,4878,4878,288739981,2^288739981-1,STRUCTURAL_SCREEN_EXHAUSTED_PRIMALITY_UNASSIGNED,GF3A_DIRECTIONAL_WRITE_EXHAUSTED_PRIMALITY_UNASSIGNED,513,512,512,NO_RECORDED_FACTOR_PRP_OR_LL_RESULT_AND_NO_ACTIVE_GIMPS_ASSIGNMENT,2026-08-08T14:01:06+00:00,UNALLOCATED,,,,,
SLCMP585-4879,4879,4879,288740059,2^288740059-1,STRUCTURAL_SCREEN_EXHAUSTED_PRIMALITY_UNASSIGNED,GF3A_DIRECTIONAL_WRITE_EXHAUSTED_PRIMALITY_UNASSIGNED,514,512,512,NO_RECORDED_FACTOR_PRP_OR_LL_RESULT_AND_NO_ACTIVE_GIMPS_ASSIGNMENT,2026-08-08T14:01:06+00:00,UNALLOCATED,,,,,
SLCMP585-4880,4880,4880,288740063,2^288740063-1,STRUCTURAL_SCREEN_EXHAUSTED_PRIMALITY_UNASSIGNED,GF3A_DIRECTIONAL_WRITE_EXHAUSTED_PRIMALITY_UNASSIGNED,514,512,512,NO_RECORDED_FACTOR_PRP_OR_LL_RESULT_AND_NO_ACTIVE_GIMPS_ASSIGNMENT,2026-08-08T14:01:06+00:00,UNALLOCATED,,,,,
SLCMP585-4881,4881,4881,288740071,2^288740071-1,STRUCTURAL_SCREEN_EXHAUSTED_PRIMALITY_UNASSIGNED,GF3A_DIRECTIONAL_WRITE_EXHAUSTED_PRIMALITY_UNASSIGNED,514,512,512,NO_RECORDED_FACTOR_PRP_OR_LL_RESULT_AND_NO_ACTIVE_GIMPS_ASSIGNMENT,2026-08-08T14:01:06+00:00,UNALLOCATED,,,,,
SLCMP585-4882,4882,4882,288740083,2^288740083-1,STRUCTURAL_SCREEN_EXHAUSTED_PRIMALITY_UNASSIGNED,GF3A_DIRECTIONAL_WRITE_EXHAUSTED_PRIMALITY_UNASSIGNED,514,512,512,NO_RECORDED_FACTOR_PRP_OR_LL_RESULT_AND_NO_ACTIVE_GIMPS_ASSIGNMENT,2026-08-08T14:01:06+00:00,UNALLOCATED,,,,,
SLCMP585-4883,4883,4883,288740143,2^288740143-1,STRUCTURAL_SCREEN_EXHAUSTED_PRIMALITY_UNASSIGNED,GF3A_DIRECTIONAL_WRITE_EXHAUSTED_PRIMALITY_UNASSIGNED,514,512,512,NO_RECORDED_FACTOR_PRP_OR_LL_RESULT_AND_NO_ACTIVE_GIMPS_ASSIGNMENT,2026-08-08T14:01:06+00:00,UNALLOCATED,,,,,
SLCMP585-4884,4884,4884,288740201,2^288740201-1,STRUCTURAL_SCREEN_EXHAUSTED_PRIMALITY_UNASSIGNED,GF3A_DIRECTIONAL_WRITE_EXHAUSTED_PRIMALITY_UNASSIGNED,513,512,512,NO_RECORDED_FACTOR_PRP_OR_LL_RESULT_AND_NO_ACTIVE_GIMPS_ASSIGNMENT,2026-08-08T14:01:06+00:00,UNALLOCATED,,,,,
SLCMP585-4885,4885,4885,288740219,2^288740219-1,STRUCTURAL_SCREEN_EXHAUSTED_PRIMALITY_UNASSIGNED,GF3A_DIRECTIONAL_WRITE_EXHAUSTED_PRIMALITY_UNASSIGNED,514,512,512,NO_RECORDED_FACTOR_PRP_OR_LL_RESULT_AND_NO_ACTIVE_GIMPS_ASSIGNMENT,2026-08-08T14:01:06+00:00,UNALLOCATED,,,,,
SLCMP585-4886,4886,4886,288740279,2^288740279-1,STRUCTURAL_SCREEN_EXHAUSTED_PRIMALITY_UNASSIGNED,GF3A_DIRECTIONAL_WRITE_EXHAUSTED_PRIMALITY_UNASSIGNED,514,512,512,NO_RECORDED_FACTOR_PRP_OR_LL_RESULT_AND_NO_ACTIVE_GIMPS_ASSIGNMENT,2026-08-08T14:01:06+00:00,UNALLOCATED,,,,,
SLCMP585-4887,4887,4887,288740303,2^288740303-1,STRUCTURAL_SCREEN_EXHAUSTED_PRIMALITY_UNASSIGNED,GF3A_DIRECTIONAL_WRITE_EXHAUSTED_PRIMALITY_UNASSIGNED,514,512,512,NO_RECORDED_FACTOR_PRP_OR_LL_RESULT_AND_NO_ACTIVE_GIMPS_ASSIGNMENT,2026-08-08T14:01:06+00:00,UNALLOCATED,,,,,
SLCMP585-4888,4888,4888,288740311,2^288740311-1,STRUCTURAL_SCREEN_EXHAUSTED_PRIMALITY_UNASSIGNED,GF3A_DIRECTIONAL_WRITE_EXHAUSTED_PRIMALITY_UNASSIGNED,514,512,512,NO_RECORDED_FACTOR_PRP_OR_LL_RESULT_AND_NO_ACTIVE_GIMPS_ASSIGNMENT,2026-08-08T14:01:06+00:00,UNALLOCATED,,,,,
SLCMP585-4889,4889,4889,288740371,2^288740371-1,STRUCTURAL_SCREEN_EXHAUSTED_PRIMALITY_UNASSIGNED,GF3A_DIRECTIONAL_WRITE_EXHAUSTED_PRIMALITY_UNASSIGNED,514,512,512,NO_RECORDED_FACTOR_PRP_OR_LL_RESULT_AND_NO_ACTIVE_GIMPS_ASSIGNMENT,2026-08-08T14:01:06+00:00,UNALLOCATED,,,,,
SLCMP585-4890,4890,4890,288740377,2^288740377-1,STRUCTURAL_SCREEN_EXHAUSTED_PRIMALITY_UNASSIGNED,GF3A_DIRECTIONAL_WRITE_EXHAUSTED_PRIMALITY_UNASSIGNED,513,512,512,NO_RECORDED_FACTOR_PRP_OR_LL_RESULT_AND_NO_ACTIVE_GIMPS_ASSIGNMENT,2026-08-08T14:01:06+00:00,UNALLOCATED,,,,,
SLCMP585-4891,4891,4891,288740429,2^288740429-1,STRUCTURAL_SCREEN_EXHAUSTED_PRIMALITY_UNASSIGNED,GF3A_DIRECTIONAL_WRITE_EXHAUSTED_PRIMALITY_UNASSIGNED,513,512,512,NO_RECORDED_FACTOR_PRP_OR_LL_RESULT_AND_NO_ACTIVE_GIMPS_ASSIGNMENT,2026-08-08T14:01:06+00:00,UNALLOCATED,,,,,
SLCMP585-4892,4892,4892,288740519,2^288740519-1,STRUCTURAL_SCREEN_EXHAUSTED_PRIMALITY_UNASSIGNED,GF3A_DIRECTIONAL_WRITE_EXHAUSTED_PRIMALITY_UNASSIGNED,514,512,512,NO_RECORDED_FACTOR_PRP_OR_LL_RESULT_AND_NO_ACTIVE_GIMPS_ASSIGNMENT,2026-08-08T14:01:06+00:00,UNALLOCATED,,,,,
SLCMP585-4893,4893,4893,288740591,2^288740591-1,STRUCTURAL_SCREEN_EXHAUSTED_PRIMALITY_UNASSIGNED,GF3A_DIRECTIONAL_WRITE_EXHAUSTED_PRIMALITY_UNASSIGNED,514,512,512,NO_RECORDED_FACTOR_PRP_OR_LL_RESULT_AND_NO_ACTIVE_GIMPS_ASSIGNMENT,2026-08-08T14:01:06+00:00,UNALLOCATED,,,,,
SLCMP585-4894,4894,4894,288740593,2^288740593-1,STRUCTURAL_SCREEN_EXHAUSTED_PRIMALITY_UNASSIGNED,GF3A_DIRECTIONAL_WRITE_EXHAUSTED_PRIMALITY_UNASSIGNED,513,512,512,NO_RECORDED_FACTOR_PRP_OR_LL_RESULT_AND_NO_ACTIVE_GIMPS_ASSIGNMENT,2026-08-08T14:01:06+00:00,UNALLOCATED,,,,,
SLCMP585-4895,4895,4895,288740759,2^288740759-1,STRUCTURAL_SCREEN_EXHAUSTED_PRIMALITY_UNASSIGNED,GF3A_DIRECTIONAL_WRITE_EXHAUSTED_PRIMALITY_UNASSIGNED,514,512,512,NO_RECORDED_FACTOR_PRP_OR_LL_RESULT_AND_NO_ACTIVE_GIMPS_ASSIGNMENT,2026-08-08T14:01:06+00:00,UNALLOCATED,,,,,
SLCMP585-4896,4896,4896,288740761,2^288740761-1,STRUCTURAL_SCREEN_EXHAUSTED_PRIMALITY_UNASSIGNED,GF3A_DIRECTIONAL_WRITE_EXHAUSTED_PRIMALITY_UNASSIGNED,513,512,512,NO_RECORDED_FACTOR_PRP_OR_LL_RESULT_AND_NO_ACTIVE_GIMPS_ASSIGNMENT,2026-08-08T14:01:06+00:00,UNALLOCATED,,,,,
SLCMP585-4897,4897,4897,288740843,2^288740843-1,STRUCTURAL_SCREEN_EXHAUSTED_PRIMALITY_UNASSIGNED,GF3A_DIRECTIONAL_WRITE_EXHAUSTED_PRIMALITY_UNASSIGNED,514,512,512,NO_RECORDED_FACTOR_PRP_OR_LL_RESULT_AND_NO_ACTIVE_GIMPS_ASSIGNMENT,2026-08-08T14:01:06+00:00,UNALLOCATED,,,,,
SLCMP585-4898,4898,4898,288740909,2^288740909-1,STRUCTURAL_SCREEN_EXHAUSTED_PRIMALITY_UNASSIGNED,GF3A_DIRECTIONAL_WRITE_EXHAUSTED_PRIMALITY_UNASSIGNED,513,512,512,NO_RECORDED_FACTOR_PRP_OR_LL_RESULT_AND_NO_ACTIVE_GIMPS_ASSIGNMENT,2026-08-08T14:01:06+00:00,UNALLOCATED,,,,,
SLCMP585-4899,4899,4899,288740911,2^288740911-1,STRUCTURAL_SCREEN_EXHAUSTED_PRIMALITY_UNASSIGNED,GF3A_DIRECTIONAL_WRITE_EXHAUSTED_PRIMALITY_UNASSIGNED,514,512,512,NO_RECORDED_FACTOR_PRP_OR_LL_RESULT_AND_NO_ACTIVE_GIMPS_ASSIGNMENT,2026-08-08T14:01:06+00:00,UNALLOCATED,,,,,
SLCMP585-4900,4900,4900,288740927,2^288740927-1,STRUCTURAL_SCREEN_EXHAUSTED_PRIMALITY_UNASSIGNED,GF3A_DIRECTIONAL_WRITE_EXHAUSTED_PRIMALITY_UNASSIGNED,514,512,512,NO_RECORDED_FACTOR_PRP_OR_LL_RESULT_AND_NO_ACTIVE_GIMPS_ASSIGNMENT,2026-08-08T14:01:06+00:00,UNALLOCATED,,,,,
SLCMP585-4901,4901,4901,288740987,2^288740987-1,STRUCTURAL_SCREEN_EXHAUSTED_PRIMALITY_UNASSIGNED,GF3A_DIRECTIONAL_WRITE_EXHAUSTED_PRIMALITY_UNASSIGNED,514,512,512,NO_RECORDED_FACTOR_PRP_OR_LL_RESULT_AND_NO_ACTIVE_GIMPS_ASSIGNMENT,2026-08-08T14:01:06+00:00,UNALLOCATED,,,,,
SLCMP585-4902,4902,4902,288741017,2^288741017-1,STRUCTURAL_SCREEN_EXHAUSTED_PRIMALITY_UNASSIGNED,GF3A_DIRECTIONAL_WRITE_EXHAUSTED_PRIMALITY_UNASSIGNED,513,512,512,NO_RECORDED_FACTOR_PRP_OR_LL_RESULT_AND_NO_ACTIVE_GIMPS_ASSIGNMENT,2026-08-08T14:01:06+00:00,UNALLOCATED,,,,,
SLCMP585-4903,4903,4903,288741181,2^288741181-1,STRUCTURAL_SCREEN_EXHAUSTED_PRIMALITY_UNASSIGNED,GF3A_DIRECTIONAL_WRITE_EXHAUSTED_PRIMALITY_UNASSIGNED,513,512,512,NO_RECORDED_FACTOR_PRP_OR_LL_RESULT_AND_NO_ACTIVE_GIMPS_ASSIGNMENT,2026-08-08T14:01:06+00:00,UNALLOCATED,,,,,
SLCMP585-4904,4904,4904,288741251,2^288741251-1,STRUCTURAL_SCREEN_EXHAUSTED_PRIMALITY_UNASSIGNED,GF3A_DIRECTIONAL_WRITE_EXHAUSTED_PRIMALITY_UNASSIGNED,514,512,512,NO_RECORDED_FACTOR_PRP_OR_LL_RESULT_AND_NO_ACTIVE_GIMPS_ASSIGNMENT,2026-08-08T14:01:06+00:00,UNALLOCATED,,,,,
SLCMP585-4905,4905,4905,288741421,2^288741421-1,STRUCTURAL_SCREEN_EXHAUSTED_PRIMALITY_UNASSIGNED,GF3A_DIRECTIONAL_WRITE_EXHAUSTED_PRIMALITY_UNASSIGNED,513,512,512,NO_RECORDED_FACTOR_PRP_OR_LL_RESULT_AND_NO_ACTIVE_GIMPS_ASSIGNMENT,2026-08-08T14:01:06+00:00,UNALLOCATED,,,,,
SLCMP585-4906,4906,4906,288741697,2^288741697-1,STRUCTURAL_SCREEN_EXHAUSTED_PRIMALITY_UNASSIGNED,GF3A_DIRECTIONAL_WRITE_EXHAUSTED_PRIMALITY_UNASSIGNED,513,512,512,NO_RECORDED_FACTOR_PRP_OR_LL_RESULT_AND_NO_ACTIVE_GIMPS_ASSIGNMENT,2026-08-08T14:01:06+00:00,UNALLOCATED,,,,,
SLCMP585-4907,4907,4907,288741709,2^288741709-1,STRUCTURAL_SCREEN_EXHAUSTED_PRIMALITY_UNASSIGNED,GF3A_DIRECTIONAL_WRITE_EXHAUSTED_PRIMALITY_UNASSIGNED,513,512,512,NO_RECORDED_FACTOR_PRP_OR_LL_RESULT_AND_NO_ACTIVE_GIMPS_ASSIGNMENT,2026-08-08T14:01:06+00:00,UNALLOCATED,,,,,
SLCMP585-4908,4908,4908,288741757,2^288741757-1,STRUCTURAL_SCREEN_EXHAUSTED_PRIMALITY_UNASSIGNED,GF3A_DIRECTIONAL_WRITE_EXHAUSTED_PRIMALITY_UNASSIGNED,513,512,512,NO_RECORDED_FACTOR_PRP_OR_LL_RESULT_AND_NO_ACTIVE_GIMPS_ASSIGNMENT,2026-08-08T14:01:06+00:00,UNALLOCATED,,,,,
SLCMP585-4909,4909,4909,288741799,2^288741799-1,STRUCTURAL_SCREEN_EXHAUSTED_PRIMALITY_UNASSIGNED,GF3A_DIRECTIONAL_WRITE_EXHAUSTED_PRIMALITY_UNASSIGNED,514,512,512,NO_RECORDED_FACTOR_PRP_OR_LL_RESULT_AND_NO_ACTIVE_GIMPS_ASSIGNMENT,2026-08-08T14:01:06+00:00,UNALLOCATED,,,,,
SLCMP585-4910,4910,4910,288741829,2^288741829-1,STRUCTURAL_SCREEN_EXHAUSTED_PRIMALITY_UNASSIGNED,GF3A_DIRECTIONAL_WRITE_EXHAUSTED_PRIMALITY_UNASSIGNED,513,512,512,NO_RECORDED_FACTOR_PRP_OR_LL_RESULT_AND_NO_ACTIVE_GIMPS_ASSIGNMENT,2026-08-08T14:01:06+00:00,UNALLOCATED,,,,,
SLCMP585-4911,4911,4911,288741881,2^288741881-1,STRUCTURAL_SCREEN_EXHAUSTED_PRIMALITY_UNASSIGNED,GF3A_DIRECTIONAL_WRITE_EXHAUSTED_PRIMALITY_UNASSIGNED,513,512,512,NO_RECORDED_FACTOR_PRP_OR_LL_RESULT_AND_NO_ACTIVE_GIMPS_ASSIGNMENT,2026-08-08T14:01:06+00:00,UNALLOCATED,,,,,
SLCMP585-4912,4912,4912,288741913,2^288741913-1,STRUCTURAL_SCREEN_EXHAUSTED_PRIMALITY_UNASSIGNED,GF3A_DIRECTIONAL_WRITE_EXHAUSTED_PRIMALITY_UNASSIGNED,513,512,512,NO_RECORDED_FACTOR_PRP_OR_LL_RESULT_AND_NO_ACTIVE_GIMPS_ASSIGNMENT,2026-08-08T14:01:06+00:00,UNALLOCATED,,,,,
SLCMP585-4913,4913,4913,288741953,2^288741953-1,STRUCTURAL_SCREEN_EXHAUSTED_PRIMALITY_UNASSIGNED,GF3A_DIRECTIONAL_WRITE_EXHAUSTED_PRIMALITY_UNASSIGNED,513,512,512,NO_RECORDED_FACTOR_PRP_OR_LL_RESULT_AND_NO_ACTIVE_GIMPS_ASSIGNMENT,2026-08-08T14:01:06+00:00,UNALLOCATED,,,,,
SLCMP585-4914,4914,4914,288742001,2^288742001-1,STRUCTURAL_SCREEN_EXHAUSTED_PRIMALITY_UNASSIGNED,GF3A_DIRECTIONAL_WRITE_EXHAUSTED_PRIMALITY_UNASSIGNED,513,512,512,NO_RECORDED_FACTOR_PRP_OR_LL_RESULT_AND_NO_ACTIVE_GIMPS_ASSIGNMENT,2026-08-08T14:01:06+00:00,UNALLOCATED,,,,,
SLCMP585-4915,4915,4915,288742073,2^288742073-1,STRUCTURAL_SCREEN_EXHAUSTED_PRIMALITY_UNASSIGNED,GF3A_DIRECTIONAL_WRITE_EXHAUSTED_PRIMALITY_UNASSIGNED,513,512,512,NO_RECORDED_FACTOR_PRP_OR_LL_RESULT_AND_NO_ACTIVE_GIMPS_ASSIGNMENT,2026-08-08T14:01:06+00:00,UNALLOCATED,,,,,
SLCMP585-4916,4916,4916,288742121,2^288742121-1,STRUCTURAL_SCREEN_EXHAUSTED_PRIMALITY_UNASSIGNED,GF3A_DIRECTIONAL_WRITE_EXHAUSTED_PRIMALITY_UNASSIGNED,513,512,512,NO_RECORDED_FACTOR_PRP_OR_LL_RESULT_AND_NO_ACTIVE_GIMPS_ASSIGNMENT,2026-08-08T14:01:06+00:00,UNALLOCATED,,,,,
SLCMP585-4917,4917,4917,288742141,2^288742141-1,STRUCTURAL_SCREEN_EXHAUSTED_PRIMALITY_UNASSIGNED,GF3A_DIRECTIONAL_WRITE_EXHAUSTED_PRIMALITY_UNASSIGNED,513,512,512,NO_RECORDED_FACTOR_PRP_OR_LL_RESULT_AND_NO_ACTIVE_GIMPS_ASSIGNMENT,2026-08-08T14:01:06+00:00,UNALLOCATED,,,,,
SLCMP585-4918,4918,4918,288742163,2^288742163-1,STRUCTURAL_SCREEN_EXHAUSTED_PRIMALITY_UNASSIGNED,GF3A_DIRECTIONAL_WRITE_EXHAUSTED_PRIMALITY_UNASSIGNED,514,512,512,NO_RECORDED_FACTOR_PRP_OR_LL_RESULT_AND_NO_ACTIVE_GIMPS_ASSIGNMENT,2026-08-08T14:01:06+00:00,UNALLOCATED,,,,,
SLCMP585-4919,4919,4919,288742171,2^288742171-1,STRUCTURAL_SCREEN_EXHAUSTED_PRIMALITY_UNASSIGNED,GF3A_DIRECTIONAL_WRITE_EXHAUSTED_PRIMALITY_UNASSIGNED,514,512,512,NO_RECORDED_FACTOR_PRP_OR_LL_RESULT_AND_NO_ACTIVE_GIMPS_ASSIGNMENT,2026-08-08T14:01:06+00:00,UNALLOCATED,,,,,
SLCMP585-4920,4920,4920,288742189,2^288742189-1,STRUCTURAL_SCREEN_EXHAUSTED_PRIMALITY_UNASSIGNED,GF3A_DIRECTIONAL_WRITE_EXHAUSTED_PRIMALITY_UNASSIGNED,513,512,512,NO_RECORDED_FACTOR_PRP_OR_LL_RESULT_AND_NO_ACTIVE_GIMPS_ASSIGNMENT,2026-08-08T14:01:06+00:00,UNALLOCATED,,,,,
SLCMP585-4921,4921,4921,288742273,2^288742273-1,STRUCTURAL_SCREEN_EXHAUSTED_PRIMALITY_UNASSIGNED,GF3A_DIRECTIONAL_WRITE_EXHAUSTED_PRIMALITY_UNASSIGNED,513,512,512,NO_RECORDED_FACTOR_PRP_OR_LL_RESULT_AND_NO_ACTIVE_GIMPS_ASSIGNMENT,2026-08-08T14:01:06+00:00,UNALLOCATED,,,,,
SLCMP585-4922,4922,4922,288742301,2^288742301-1,STRUCTURAL_SCREEN_EXHAUSTED_PRIMALITY_UNASSIGNED,GF3A_DIRECTIONAL_WRITE_EXHAUSTED_PRIMALITY_UNASSIGNED,513,512,512,NO_RECORDED_FACTOR_PRP_OR_LL_RESULT_AND_NO_ACTIVE_GIMPS_ASSIGNMENT,2026-08-08T14:01:06+00:00,UNALLOCATED,,,,,
SLCMP585-4923,4923,4923,288742319,2^288742319-1,STRUCTURAL_SCREEN_EXHAUSTED_PRIMALITY_UNASSIGNED,GF3A_DIRECTIONAL_WRITE_EXHAUSTED_PRIMALITY_UNASSIGNED,514,512,512,NO_RECORDED_FACTOR_PRP_OR_LL_RESULT_AND_NO_ACTIVE_GIMPS_ASSIGNMENT,2026-08-08T14:01:06+00:00,UNALLOCATED,,,,,
SLCMP585-4924,4924,4924,288742369,2^288742369-1,STRUCTURAL_SCREEN_EXHAUSTED_PRIMALITY_UNASSIGNED,GF3A_DIRECTIONAL_WRITE_EXHAUSTED_PRIMALITY_UNASSIGNED,513,512,512,NO_RECORDED_FACTOR_PRP_OR_LL_RESULT_AND_NO_ACTIVE_GIMPS_ASSIGNMENT,2026-08-08T14:01:06+00:00,UNALLOCATED,,,,,
SLCMP585-4925,4925,4925,288742387,2^288742387-1,STRUCTURAL_SCREEN_EXHAUSTED_PRIMALITY_UNASSIGNED,GF3A_DIRECTIONAL_WRITE_EXHAUSTED_PRIMALITY_UNASSIGNED,514,512,512,NO_RECORDED_FACTOR_PRP_OR_LL_RESULT_AND_NO_ACTIVE_GIMPS_ASSIGNMENT,2026-08-08T14:01:06+00:00,UNALLOCATED,,,,,
SLCMP585-4926,4926,4926,288742397,2^288742397-1,STRUCTURAL_SCREEN_EXHAUSTED_PRIMALITY_UNASSIGNED,GF3A_DIRECTIONAL_WRITE_EXHAUSTED_PRIMALITY_UNASSIGNED,513,512,512,NO_RECORDED_FACTOR_PRP_OR_LL_RESULT_AND_NO_ACTIVE_GIMPS_ASSIGNMENT,2026-08-08T14:01:06+00:00,UNALLOCATED,,,,,
SLCMP585-4927,4927,4927,288742451,2^288742451-1,STRUCTURAL_SCREEN_EXHAUSTED_PRIMALITY_UNASSIGNED,GF3A_DIRECTIONAL_WRITE_EXHAUSTED_PRIMALITY_UNASSIGNED,514,512,512,NO_RECORDED_FACTOR_PRP_OR_LL_RESULT_AND_NO_ACTIVE_GIMPS_ASSIGNMENT,2026-08-08T14:01:06+00:00,UNALLOCATED,,,,,
SLCMP585-4928,4928,4928,288742457,2^288742457-1,STRUCTURAL_SCREEN_EXHAUSTED_PRIMALITY_UNASSIGNED,GF3A_DIRECTIONAL_WRITE_EXHAUSTED_PRIMALITY_UNASSIGNED,513,512,512,NO_RECORDED_FACTOR_PRP_OR_LL_RESULT_AND_NO_ACTIVE_GIMPS_ASSIGNMENT,2026-08-08T14:01:06+00:00,UNALLOCATED,,,,,
SLCMP585-4929,4929,4929,288742579,2^288742579-1,STRUCTURAL_SCREEN_EXHAUSTED_PRIMALITY_UNASSIGNED,GF3A_DIRECTIONAL_WRITE_EXHAUSTED_PRIMALITY_UNASSIGNED,514,512,512,NO_RECORDED_FACTOR_PRP_OR_LL_RESULT_AND_NO_ACTIVE_GIMPS_ASSIGNMENT,2026-08-08T14:01:06+00:00,UNALLOCATED,,,,,
SLCMP585-4930,4930,4930,288742583,2^288742583-1,STRUCTURAL_SCREEN_EXHAUSTED_PRIMALITY_UNASSIGNED,GF3A_DIRECTIONAL_WRITE_EXHAUSTED_PRIMALITY_UNASSIGNED,514,512,512,NO_RECORDED_FACTOR_PRP_OR_LL_RESULT_AND_NO_ACTIVE_GIMPS_ASSIGNMENT,2026-08-08T14:01:06+00:00,UNALLOCATED,,,,,
SLCMP585-4931,4931,4931,288742607,2^288742607-1,STRUCTURAL_SCREEN_EXHAUSTED_PRIMALITY_UNASSIGNED,GF3A_DIRECTIONAL_WRITE_EXHAUSTED_PRIMALITY_UNASSIGNED,514,512,512,NO_RECORDED_FACTOR_PRP_OR_LL_RESULT_AND_NO_ACTIVE_GIMPS_ASSIGNMENT,2026-08-08T14:01:06+00:00,UNALLOCATED,,,,,
SLCMP585-4932,4932,4932,288742609,2^288742609-1,STRUCTURAL_SCREEN_EXHAUSTED_PRIMALITY_UNASSIGNED,GF3A_DIRECTIONAL_WRITE_EXHAUSTED_PRIMALITY_UNASSIGNED,513,512,512,NO_RECORDED_FACTOR_PRP_OR_LL_RESULT_AND_NO_ACTIVE_GIMPS_ASSIGNMENT,2026-08-08T14:01:06+00:00,UNALLOCATED,,,,,
SLCMP585-4933,4933,4933,288742669,2^288742669-1,STRUCTURAL_SCREEN_EXHAUSTED_PRIMALITY_UNASSIGNED,GF3A_DIRECTIONAL_WRITE_EXHAUSTED_PRIMALITY_UNASSIGNED,513,512,512,NO_RECORDED_FACTOR_PRP_OR_LL_RESULT_AND_NO_ACTIVE_GIMPS_ASSIGNMENT,2026-08-08T14:01:06+00:00,UNALLOCATED,,,,,
SLCMP585-4934,4934,4934,288742691,2^288742691-1,STRUCTURAL_SCREEN_EXHAUSTED_PRIMALITY_UNASSIGNED,GF3A_DIRECTIONAL_WRITE_EXHAUSTED_PRIMALITY_UNASSIGNED,514,512,512,NO_RECORDED_FACTOR_PRP_OR_LL_RESULT_AND_NO_ACTIVE_GIMPS_ASSIGNMENT,2026-08-08T14:01:06+00:00,UNALLOCATED,,,,,
SLCMP585-4935,4935,4935,288742723,2^288742723-1,STRUCTURAL_SCREEN_EXHAUSTED_PRIMALITY_UNASSIGNED,GF3A_DIRECTIONAL_WRITE_EXHAUSTED_PRIMALITY_UNASSIGNED,514,512,512,NO_RECORDED_FACTOR_PRP_OR_LL_RESULT_AND_NO_ACTIVE_GIMPS_ASSIGNMENT,2026-08-08T14:01:06+00:00,UNALLOCATED,,,,,
SLCMP585-4936,4936,4936,288742793,2^288742793-1,STRUCTURAL_SCREEN_EXHAUSTED_PRIMALITY_UNASSIGNED,GF3A_DIRECTIONAL_WRITE_EXHAUSTED_PRIMALITY_UNASSIGNED,513,512,512,NO_RECORDED_FACTOR_PRP_OR_LL_RESULT_AND_NO_ACTIVE_GIMPS_ASSIGNMENT,2026-08-08T14:01:06+00:00,UNALLOCATED,,,,,
SLCMP585-4937,4937,4937,288742997,2^288742997-1,STRUCTURAL_SCREEN_EXHAUSTED_PRIMALITY_UNASSIGNED,GF3A_DIRECTIONAL_WRITE_EXHAUSTED_PRIMALITY_UNASSIGNED,513,512,512,NO_RECORDED_FACTOR_PRP_OR_LL_RESULT_AND_NO_ACTIVE_GIMPS_ASSIGNMENT,2026-08-08T14:01:06+00:00,UNALLOCATED,,,,,
SLCMP585-4938,4938,4938,288743023,2^288743023-1,STRUCTURAL_SCREEN_EXHAUSTED_PRIMALITY_UNASSIGNED,GF3A_DIRECTIONAL_WRITE_EXHAUSTED_PRIMALITY_UNASSIGNED,514,512,512,NO_RECORDED_FACTOR_PRP_OR_LL_RESULT_AND_NO_ACTIVE_GIMPS_ASSIGNMENT,2026-08-08T14:01:06+00:00,UNALLOCATED,,,,,
SLCMP585-4939,4939,4939,288743029,2^288743029-1,STRUCTURAL_SCREEN_EXHAUSTED_PRIMALITY_UNASSIGNED,GF3A_DIRECTIONAL_WRITE_EXHAUSTED_PRIMALITY_UNASSIGNED,513,512,512,NO_RECORDED_FACTOR_PRP_OR_LL_RESULT_AND_NO_ACTIVE_GIMPS_ASSIGNMENT,2026-08-08T14:01:06+00:00,UNALLOCATED,,,,,
SLCMP585-4940,4940,4940,288743051,2^288743051-1,STRUCTURAL_SCREEN_EXHAUSTED_PRIMALITY_UNASSIGNED,GF3A_DIRECTIONAL_WRITE_EXHAUSTED_PRIMALITY_UNASSIGNED,514,512,512,NO_RECORDED_FACTOR_PRP_OR_LL_RESULT_AND_NO_ACTIVE_GIMPS_ASSIGNMENT,2026-08-08T14:01:06+00:00,UNALLOCATED,,,,,
SLCMP585-4941,4941,4941,288743069,2^288743069-1,STRUCTURAL_SCREEN_EXHAUSTED_PRIMALITY_UNASSIGNED,GF3A_DIRECTIONAL_WRITE_EXHAUSTED_PRIMALITY_UNASSIGNED,513,512,512,NO_RECORDED_FACTOR_PRP_OR_LL_RESULT_AND_NO_ACTIVE_GIMPS_ASSIGNMENT,2026-08-08T14:01:06+00:00,UNALLOCATED,,,,,
SLCMP585-4942,4942,4942,288743087,2^288743087-1,STRUCTURAL_SCREEN_EXHAUSTED_PRIMALITY_UNASSIGNED,GF3A_DIRECTIONAL_WRITE_EXHAUSTED_PRIMALITY_UNASSIGNED,514,512,512,NO_RECORDED_FACTOR_PRP_OR_LL_RESULT_AND_NO_ACTIVE_GIMPS_ASSIGNMENT,2026-08-08T14:01:06+00:00,UNALLOCATED,,,,,
SLCMP585-4943,4943,4943,288743149,2^288743149-1,STRUCTURAL_SCREEN_EXHAUSTED_PRIMALITY_UNASSIGNED,GF3A_DIRECTIONAL_WRITE_EXHAUSTED_PRIMALITY_UNASSIGNED,513,512,512,NO_RECORDED_FACTOR_PRP_OR_LL_RESULT_AND_NO_ACTIVE_GIMPS_ASSIGNMENT,2026-08-08T14:01:06+00:00,UNALLOCATED,,,,,
SLCMP585-4944,4944,4944,288743243,2^288743243-1,STRUCTURAL_SCREEN_EXHAUSTED_PRIMALITY_UNASSIGNED,GF3A_DIRECTIONAL_WRITE_EXHAUSTED_PRIMALITY_UNASSIGNED,514,512,512,NO_RECORDED_FACTOR_PRP_OR_LL_RESULT_AND_NO_ACTIVE_GIMPS_ASSIGNMENT,2026-08-08T14:01:06+00:00,UNALLOCATED,,,,,
SLCMP585-4945,4945,4945,288743281,2^288743281-1,STRUCTURAL_SCREEN_EXHAUSTED_PRIMALITY_UNASSIGNED,GF3A_DIRECTIONAL_WRITE_EXHAUSTED_PRIMALITY_UNASSIGNED,513,512,512,NO_RECORDED_FACTOR_PRP_OR_LL_RESULT_AND_NO_ACTIVE_GIMPS_ASSIGNMENT,2026-08-08T14:01:06+00:00,UNALLOCATED,,,,,
SLCMP585-4946,4946,4946,288743321,2^288743321-1,STRUCTURAL_SCREEN_EXHAUSTED_PRIMALITY_UNASSIGNED,GF3A_DIRECTIONAL_WRITE_EXHAUSTED_PRIMALITY_UNASSIGNED,513,512,512,NO_RECORDED_FACTOR_PRP_OR_LL_RESULT_AND_NO_ACTIVE_GIMPS_ASSIGNMENT,2026-08-08T14:01:06+00:00,UNALLOCATED,,,,,
SLCMP585-4947,4947,4947,288743407,2^288743407-1,STRUCTURAL_SCREEN_EXHAUSTED_PRIMALITY_UNASSIGNED,GF3A_DIRECTIONAL_WRITE_EXHAUSTED_PRIMALITY_UNASSIGNED,514,512,512,NO_RECORDED_FACTOR_PRP_OR_LL_RESULT_AND_NO_ACTIVE_GIMPS_ASSIGNMENT,2026-08-08T14:01:06+00:00,UNALLOCATED,,,,,
SLCMP585-4948,4948,4948,288743423,2^288743423-1,STRUCTURAL_SCREEN_EXHAUSTED_PRIMALITY_UNASSIGNED,GF3A_DIRECTIONAL_WRITE_EXHAUSTED_PRIMALITY_UNASSIGNED,514,512,512,NO_RECORDED_FACTOR_PRP_OR_LL_RESULT_AND_NO_ACTIVE_GIMPS_ASSIGNMENT,2026-08-08T14:01:06+00:00,UNALLOCATED,,,,,
SLCMP585-4949,4949,4949,288743509,2^288743509-1,STRUCTURAL_SCREEN_EXHAUSTED_PRIMALITY_UNASSIGNED,GF3A_DIRECTIONAL_WRITE_EXHAUSTED_PRIMALITY_UNASSIGNED,513,512,512,NO_RECORDED_FACTOR_PRP_OR_LL_RESULT_AND_NO_ACTIVE_GIMPS_ASSIGNMENT,2026-08-08T14:01:06+00:00,UNALLOCATED,,,,,
SLCMP585-4950,4950,4950,288743569,2^288743569-1,STRUCTURAL_SCREEN_EXHAUSTED_PRIMALITY_UNASSIGNED,GF3A_DIRECTIONAL_WRITE_EXHAUSTED_PRIMALITY_UNASSIGNED,513,512,512,NO_RECORDED_FACTOR_PRP_OR_LL_RESULT_AND_NO_ACTIVE_GIMPS_ASSIGNMENT,2026-08-08T14:01:06+00:00,UNALLOCATED,,,,,
SLCMP585-4951,4951,4951,288743639,2^288743639-1,STRUCTURAL_SCREEN_EXHAUSTED_PRIMALITY_UNASSIGNED,GF3A_DIRECTIONAL_WRITE_EXHAUSTED_PRIMALITY_UNASSIGNED,514,512,512,NO_RECORDED_FACTOR_PRP_OR_LL_RESULT_AND_NO_ACTIVE_GIMPS_ASSIGNMENT,2026-08-08T14:01:06+00:00,UNALLOCATED,,,,,
SLCMP585-4952,4952,4952,288743713,2^288743713-1,STRUCTURAL_SCREEN_EXHAUSTED_PRIMALITY_UNASSIGNED,GF3A_DIRECTIONAL_WRITE_EXHAUSTED_PRIMALITY_UNASSIGNED,513,512,512,NO_RECORDED_FACTOR_PRP_OR_LL_RESULT_AND_NO_ACTIVE_GIMPS_ASSIGNMENT,2026-08-08T14:01:06+00:00,UNALLOCATED,,,,,
SLCMP585-4953,4953,4953,288743717,2^288743717-1,STRUCTURAL_SCREEN_EXHAUSTED_PRIMALITY_UNASSIGNED,GF3A_DIRECTIONAL_WRITE_EXHAUSTED_PRIMALITY_UNASSIGNED,513,512,512,NO_RECORDED_FACTOR_PRP_OR_LL_RESULT_AND_NO_ACTIVE_GIMPS_ASSIGNMENT,2026-08-08T14:01:06+00:00,UNALLOCATED,,,,,
SLCMP585-4954,4954,4954,288743731,2^288743731-1,STRUCTURAL_SCREEN_EXHAUSTED_PRIMALITY_UNASSIGNED,GF3A_DIRECTIONAL_WRITE_EXHAUSTED_PRIMALITY_UNASSIGNED,514,512,512,NO_RECORDED_FACTOR_PRP_OR_LL_RESULT_AND_NO_ACTIVE_GIMPS_ASSIGNMENT,2026-08-08T14:01:06+00:00,UNALLOCATED,,,,,
SLCMP585-4955,4955,4955,288743879,2^288743879-1,STRUCTURAL_SCREEN_EXHAUSTED_PRIMALITY_UNASSIGNED,GF3A_DIRECTIONAL_WRITE_EXHAUSTED_PRIMALITY_UNASSIGNED,514,512,512,NO_RECORDED_FACTOR_PRP_OR_LL_RESULT_AND_NO_ACTIVE_GIMPS_ASSIGNMENT,2026-08-08T14:01:06+00:00,UNALLOCATED,,,,,
SLCMP585-4956,4956,4956,288743977,2^288743977-1,STRUCTURAL_SCREEN_EXHAUSTED_PRIMALITY_UNASSIGNED,GF3A_DIRECTIONAL_WRITE_EXHAUSTED_PRIMALITY_UNASSIGNED,513,512,512,NO_RECORDED_FACTOR_PRP_OR_LL_RESULT_AND_NO_ACTIVE_GIMPS_ASSIGNMENT,2026-08-08T14:01:06+00:00,UNALLOCATED,,,,,
SLCMP585-4957,4957,4957,288743999,2^288743999-1,STRUCTURAL_SCREEN_EXHAUSTED_PRIMALITY_UNASSIGNED,GF3A_DIRECTIONAL_WRITE_EXHAUSTED_PRIMALITY_UNASSIGNED,514,512,512,NO_RECORDED_FACTOR_PRP_OR_LL_RESULT_AND_NO_ACTIVE_GIMPS_ASSIGNMENT,2026-08-08T14:01:06+00:00,UNALLOCATED,,,,,
SLCMP585-4958,4958,4958,288744109,2^288744109-1,STRUCTURAL_SCREEN_EXHAUSTED_PRIMALITY_UNASSIGNED,GF3A_DIRECTIONAL_WRITE_EXHAUSTED_PRIMALITY_UNASSIGNED,513,512,512,NO_RECORDED_FACTOR_PRP_OR_LL_RESULT_AND_NO_ACTIVE_GIMPS_ASSIGNMENT,2026-08-08T14:01:06+00:00,UNALLOCATED,,,,,
SLCMP585-4959,4959,4959,288744187,2^288744187-1,STRUCTURAL_SCREEN_EXHAUSTED_PRIMALITY_UNASSIGNED,GF3A_DIRECTIONAL_WRITE_EXHAUSTED_PRIMALITY_UNASSIGNED,514,512,512,NO_RECORDED_FACTOR_PRP_OR_LL_RESULT_AND_NO_ACTIVE_GIMPS_ASSIGNMENT,2026-08-08T14:01:06+00:00,UNALLOCATED,,,,,
SLCMP585-4960,4960,4960,288744403,2^288744403-1,STRUCTURAL_SCREEN_EXHAUSTED_PRIMALITY_UNASSIGNED,GF3A_DIRECTIONAL_WRITE_EXHAUSTED_PRIMALITY_UNASSIGNED,514,512,512,NO_RECORDED_FACTOR_PRP_OR_LL_RESULT_AND_NO_ACTIVE_GIMPS_ASSIGNMENT,2026-08-08T14:01:06+00:00,UNALLOCATED,,,,,
SLCMP585-4961,4961,4961,288744481,2^288744481-1,STRUCTURAL_SCREEN_EXHAUSTED_PRIMALITY_UNASSIGNED,GF3A_DIRECTIONAL_WRITE_EXHAUSTED_PRIMALITY_UNASSIGNED,513,512,512,NO_RECORDED_FACTOR_PRP_OR_LL_RESULT_AND_NO_ACTIVE_GIMPS_ASSIGNMENT,2026-08-08T14:01:06+00:00,UNALLOCATED,,,,,
SLCMP585-4962,4962,4962,288744499,2^288744499-1,STRUCTURAL_SCREEN_EXHAUSTED_PRIMALITY_UNASSIGNED,GF3A_DIRECTIONAL_WRITE_EXHAUSTED_PRIMALITY_UNASSIGNED,514,512,512,NO_RECORDED_FACTOR_PRP_OR_LL_RESULT_AND_NO_ACTIVE_GIMPS_ASSIGNMENT,2026-08-08T14:01:06+00:00,UNALLOCATED,,,,,
SLCMP585-4963,4963,4963,288744517,2^288744517-1,STRUCTURAL_SCREEN_EXHAUSTED_PRIMALITY_UNASSIGNED,GF3A_DIRECTIONAL_WRITE_EXHAUSTED_PRIMALITY_UNASSIGNED,513,512,512,NO_RECORDED_FACTOR_PRP_OR_LL_RESULT_AND_NO_ACTIVE_GIMPS_ASSIGNMENT,2026-08-08T14:01:06+00:00,UNALLOCATED,,,,,
SLCMP585-4964,4964,4964,288744587,2^288744587-1,STRUCTURAL_SCREEN_EXHAUSTED_PRIMALITY_UNASSIGNED,GF3A_DIRECTIONAL_WRITE_EXHAUSTED_PRIMALITY_UNASSIGNED,514,512,512,NO_RECORDED_FACTOR_PRP_OR_LL_RESULT_AND_NO_ACTIVE_GIMPS_ASSIGNMENT,2026-08-08T14:01:06+00:00,UNALLOCATED,,,,,
SLCMP585-4965,4965,4965,288744623,2^288744623-1,STRUCTURAL_SCREEN_EXHAUSTED_PRIMALITY_UNASSIGNED,GF3A_DIRECTIONAL_WRITE_EXHAUSTED_PRIMALITY_UNASSIGNED,514,512,512,NO_RECORDED_FACTOR_PRP_OR_LL_RESULT_AND_NO_ACTIVE_GIMPS_ASSIGNMENT,2026-08-08T14:01:06+00:00,UNALLOCATED,,,,,
SLCMP585-4966,4966,4966,288744629,2^288744629-1,STRUCTURAL_SCREEN_EXHAUSTED_PRIMALITY_UNASSIGNED,GF3A_DIRECTIONAL_WRITE_EXHAUSTED_PRIMALITY_UNASSIGNED,513,512,512,NO_RECORDED_FACTOR_PRP_OR_LL_RESULT_AND_NO_ACTIVE_GIMPS_ASSIGNMENT,2026-08-08T14:01:06+00:00,UNALLOCATED,,,,,
SLCMP585-4967,4967,4967,288744649,2^288744649-1,STRUCTURAL_SCREEN_EXHAUSTED_PRIMALITY_UNASSIGNED,GF3A_DIRECTIONAL_WRITE_EXHAUSTED_PRIMALITY_UNASSIGNED,513,512,512,NO_RECORDED_FACTOR_PRP_OR_LL_RESULT_AND_NO_ACTIVE_GIMPS_ASSIGNMENT,2026-08-08T14:01:06+00:00,UNALLOCATED,,,,,
SLCMP585-4968,4968,4968,288744749,2^288744749-1,STRUCTURAL_SCREEN_EXHAUSTED_PRIMALITY_UNASSIGNED,GF3A_DIRECTIONAL_WRITE_EXHAUSTED_PRIMALITY_UNASSIGNED,513,512,512,NO_RECORDED_FACTOR_PRP_OR_LL_RESULT_AND_NO_ACTIVE_GIMPS_ASSIGNMENT,2026-08-08T14:01:06+00:00,UNALLOCATED,,,,,
SLCMP585-4969,4969,4969,288744773,2^288744773-1,STRUCTURAL_SCREEN_EXHAUSTED_PRIMALITY_UNASSIGNED,GF3A_DIRECTIONAL_WRITE_EXHAUSTED_PRIMALITY_UNASSIGNED,513,512,512,NO_RECORDED_FACTOR_PRP_OR_LL_RESULT_AND_NO_ACTIVE_GIMPS_ASSIGNMENT,2026-08-08T14:01:06+00:00,UNALLOCATED,,,,,
SLCMP585-4970,4970,4970,288744811,2^288744811-1,STRUCTURAL_SCREEN_EXHAUSTED_PRIMALITY_UNASSIGNED,GF3A_DIRECTIONAL_WRITE_EXHAUSTED_PRIMALITY_UNASSIGNED,514,512,512,NO_RECORDED_FACTOR_PRP_OR_LL_RESULT_AND_NO_ACTIVE_GIMPS_ASSIGNMENT,2026-08-08T14:01:06+00:00,UNALLOCATED,,,,,
SLCMP585-4971,4971,4971,288744877,2^288744877-1,STRUCTURAL_SCREEN_EXHAUSTED_PRIMALITY_UNASSIGNED,GF3A_DIRECTIONAL_WRITE_EXHAUSTED_PRIMALITY_UNASSIGNED,513,512,512,NO_RECORDED_FACTOR_PRP_OR_LL_RESULT_AND_NO_ACTIVE_GIMPS_ASSIGNMENT,2026-08-08T14:01:06+00:00,UNALLOCATED,,,,,
SLCMP585-4972,4972,4972,288744913,2^288744913-1,STRUCTURAL_SCREEN_EXHAUSTED_PRIMALITY_UNASSIGNED,GF3A_DIRECTIONAL_WRITE_EXHAUSTED_PRIMALITY_UNASSIGNED,513,512,512,NO_RECORDED_FACTOR_PRP_OR_LL_RESULT_AND_NO_ACTIVE_GIMPS_ASSIGNMENT,2026-08-08T14:01:06+00:00,UNALLOCATED,,,,,
SLCMP585-4973,4973,4973,288744931,2^288744931-1,STRUCTURAL_SCREEN_EXHAUSTED_PRIMALITY_UNASSIGNED,GF3A_DIRECTIONAL_WRITE_EXHAUSTED_PRIMALITY_UNASSIGNED,514,512,512,NO_RECORDED_FACTOR_PRP_OR_LL_RESULT_AND_NO_ACTIVE_GIMPS_ASSIGNMENT,2026-08-08T14:01:06+00:00,UNALLOCATED,,,,,
SLCMP585-4974,4974,4974,288744971,2^288744971-1,STRUCTURAL_SCREEN_EXHAUSTED_PRIMALITY_UNASSIGNED,GF3A_DIRECTIONAL_WRITE_EXHAUSTED_PRIMALITY_UNASSIGNED,514,512,512,NO_RECORDED_FACTOR_PRP_OR_LL_RESULT_AND_NO_ACTIVE_GIMPS_ASSIGNMENT,2026-08-08T14:01:06+00:00,UNALLOCATED,,,,,
SLCMP585-4975,4975,4975,288744977,2^288744977-1,STRUCTURAL_SCREEN_EXHAUSTED_PRIMALITY_UNASSIGNED,GF3A_DIRECTIONAL_WRITE_EXHAUSTED_PRIMALITY_UNASSIGNED,513,512,512,NO_RECORDED_FACTOR_PRP_OR_LL_RESULT_AND_NO_ACTIVE_GIMPS_ASSIGNMENT,2026-08-08T14:01:06+00:00,UNALLOCATED,,,,,
SLCMP585-4976,4976,4976,288745019,2^288745019-1,STRUCTURAL_SCREEN_EXHAUSTED_PRIMALITY_UNASSIGNED,GF3A_DIRECTIONAL_WRITE_EXHAUSTED_PRIMALITY_UNASSIGNED,514,512,512,NO_RECORDED_FACTOR_PRP_OR_LL_RESULT_AND_NO_ACTIVE_GIMPS_ASSIGNMENT,2026-08-08T14:01:06+00:00,UNALLOCATED,,,,,
SLCMP585-4977,4977,4977,288745049,2^288745049-1,STRUCTURAL_SCREEN_EXHAUSTED_PRIMALITY_UNASSIGNED,GF3A_DIRECTIONAL_WRITE_EXHAUSTED_PRIMALITY_UNASSIGNED,513,512,512,NO_RECORDED_FACTOR_PRP_OR_LL_RESULT_AND_NO_ACTIVE_GIMPS_ASSIGNMENT,2026-08-08T14:01:06+00:00,UNALLOCATED,,,,,
SLCMP585-4978,4978,4978,288745057,2^288745057-1,STRUCTURAL_SCREEN_EXHAUSTED_PRIMALITY_UNASSIGNED,GF3A_DIRECTIONAL_WRITE_EXHAUSTED_PRIMALITY_UNASSIGNED,513,512,512,NO_RECORDED_FACTOR_PRP_OR_LL_RESULT_AND_NO_ACTIVE_GIMPS_ASSIGNMENT,2026-08-08T14:01:06+00:00,UNALLOCATED,,,,,
SLCMP585-4979,4979,4979,288745063,2^288745063-1,STRUCTURAL_SCREEN_EXHAUSTED_PRIMALITY_UNASSIGNED,GF3A_DIRECTIONAL_WRITE_EXHAUSTED_PRIMALITY_UNASSIGNED,514,512,512,NO_RECORDED_FACTOR_PRP_OR_LL_RESULT_AND_NO_ACTIVE_GIMPS_ASSIGNMENT,2026-08-08T14:01:06+00:00,UNALLOCATED,,,,,
SLCMP585-4980,4980,4980,288745207,2^288745207-1,STRUCTURAL_SCREEN_EXHAUSTED_PRIMALITY_UNASSIGNED,GF3A_DIRECTIONAL_WRITE_EXHAUSTED_PRIMALITY_UNASSIGNED,514,512,512,NO_RECORDED_FACTOR_PRP_OR_LL_RESULT_AND_NO_ACTIVE_GIMPS_ASSIGNMENT,2026-08-08T14:01:06+00:00,UNALLOCATED,,,,,
SLCMP585-4981,4981,4981,288745217,2^288745217-1,STRUCTURAL_SCREEN_EXHAUSTED_PRIMALITY_UNASSIGNED,GF3A_DIRECTIONAL_WRITE_EXHAUSTED_PRIMALITY_UNASSIGNED,513,512,512,NO_RECORDED_FACTOR_PRP_OR_LL_RESULT_AND_NO_ACTIVE_GIMPS_ASSIGNMENT,2026-08-08T14:01:06+00:00,UNALLOCATED,,,,,
SLCMP585-4982,4982,4982,288745273,2^288745273-1,STRUCTURAL_SCREEN_EXHAUSTED_PRIMALITY_UNASSIGNED,GF3A_DIRECTIONAL_WRITE_EXHAUSTED_PRIMALITY_UNASSIGNED,513,512,512,NO_RECORDED_FACTOR_PRP_OR_LL_RESULT_AND_NO_ACTIVE_GIMPS_ASSIGNMENT,2026-08-08T14:01:06+00:00,UNALLOCATED,,,,,
SLCMP585-4983,4983,4983,288745361,2^288745361-1,STRUCTURAL_SCREEN_EXHAUSTED_PRIMALITY_UNASSIGNED,GF3A_DIRECTIONAL_WRITE_EXHAUSTED_PRIMALITY_UNASSIGNED,513,512,512,NO_RECORDED_FACTOR_PRP_OR_LL_RESULT_AND_NO_ACTIVE_GIMPS_ASSIGNMENT,2026-08-08T14:01:06+00:00,UNALLOCATED,,,,,
SLCMP585-4984,4984,4984,288745421,2^288745421-1,STRUCTURAL_SCREEN_EXHAUSTED_PRIMALITY_UNASSIGNED,GF3A_DIRECTIONAL_WRITE_EXHAUSTED_PRIMALITY_UNASSIGNED,513,512,512,NO_RECORDED_FACTOR_PRP_OR_LL_RESULT_AND_NO_ACTIVE_GIMPS_ASSIGNMENT,2026-08-08T14:01:06+00:00,UNALLOCATED,,,,,
SLCMP585-4985,4985,4985,288745453,2^288745453-1,STRUCTURAL_SCREEN_EXHAUSTED_PRIMALITY_UNASSIGNED,GF3A_DIRECTIONAL_WRITE_EXHAUSTED_PRIMALITY_UNASSIGNED,513,512,512,NO_RECORDED_FACTOR_PRP_OR_LL_RESULT_AND_NO_ACTIVE_GIMPS_ASSIGNMENT,2026-08-08T14:01:06+00:00,UNALLOCATED,,,,,
SLCMP585-4986,4986,4986,288745571,2^288745571-1,STRUCTURAL_SCREEN_EXHAUSTED_PRIMALITY_UNASSIGNED,GF3A_DIRECTIONAL_WRITE_EXHAUSTED_PRIMALITY_UNASSIGNED,514,512,512,NO_RECORDED_FACTOR_PRP_OR_LL_RESULT_AND_NO_ACTIVE_GIMPS_ASSIGNMENT,2026-08-08T14:01:06+00:00,UNALLOCATED,,,,,
SLCMP585-4987,4987,4987,288745591,2^288745591-1,STRUCTURAL_SCREEN_EXHAUSTED_PRIMALITY_UNASSIGNED,GF3A_DIRECTIONAL_WRITE_EXHAUSTED_PRIMALITY_UNASSIGNED,514,512,512,NO_RECORDED_FACTOR_PRP_OR_LL_RESULT_AND_NO_ACTIVE_GIMPS_ASSIGNMENT,2026-08-08T14:01:06+00:00,UNALLOCATED,,,,,
SLCMP585-4988,4988,4988,288745607,2^288745607-1,STRUCTURAL_SCREEN_EXHAUSTED_PRIMALITY_UNASSIGNED,GF3A_DIRECTIONAL_WRITE_EXHAUSTED_PRIMALITY_UNASSIGNED,514,512,512,NO_RECORDED_FACTOR_PRP_OR_LL_RESULT_AND_NO_ACTIVE_GIMPS_ASSIGNMENT,2026-08-08T14:01:06+00:00,UNALLOCATED,,,,,
SLCMP585-4989,4989,4989,288745619,2^288745619-1,STRUCTURAL_SCREEN_EXHAUSTED_PRIMALITY_UNASSIGNED,GF3A_DIRECTIONAL_WRITE_EXHAUSTED_PRIMALITY_UNASSIGNED,514,512,512,NO_RECORDED_FACTOR_PRP_OR_LL_RESULT_AND_NO_ACTIVE_GIMPS_ASSIGNMENT,2026-08-08T14:01:06+00:00,UNALLOCATED,,,,,
SLCMP585-4990,4990,4990,288745649,2^288745649-1,STRUCTURAL_SCREEN_EXHAUSTED_PRIMALITY_UNASSIGNED,GF3A_DIRECTIONAL_WRITE_EXHAUSTED_PRIMALITY_UNASSIGNED,513,512,512,NO_RECORDED_FACTOR_PRP_OR_LL_RESULT_AND_NO_ACTIVE_GIMPS_ASSIGNMENT,2026-08-08T14:01:06+00:00,UNALLOCATED,,,,,
SLCMP585-4991,4991,4991,288745661,2^288745661-1,STRUCTURAL_SCREEN_EXHAUSTED_PRIMALITY_UNASSIGNED,GF3A_DIRECTIONAL_WRITE_EXHAUSTED_PRIMALITY_UNASSIGNED,513,512,512,NO_RECORDED_FACTOR_PRP_OR_LL_RESULT_AND_NO_ACTIVE_GIMPS_ASSIGNMENT,2026-08-08T14:01:06+00:00,UNALLOCATED,,,,,
SLCMP585-4992,4992,4992,288745781,2^288745781-1,STRUCTURAL_SCREEN_EXHAUSTED_PRIMALITY_UNASSIGNED,GF3A_DIRECTIONAL_WRITE_EXHAUSTED_PRIMALITY_UNASSIGNED,513,512,512,NO_RECORDED_FACTOR_PRP_OR_LL_RESULT_AND_NO_ACTIVE_GIMPS_ASSIGNMENT,2026-08-08T14:01:06+00:00,UNALLOCATED,,,,,
SLCMP585-4993,4993,4993,288745801,2^288745801-1,STRUCTURAL_SCREEN_EXHAUSTED_PRIMALITY_UNASSIGNED,GF3A_DIRECTIONAL_WRITE_EXHAUSTED_PRIMALITY_UNASSIGNED,513,512,512,NO_RECORDED_FACTOR_PRP_OR_LL_RESULT_AND_NO_ACTIVE_GIMPS_ASSIGNMENT,2026-08-08T14:01:06+00:00,UNALLOCATED,,,,,
SLCMP585-4994,4994,4994,288745843,2^288745843-1,STRUCTURAL_SCREEN_EXHAUSTED_PRIMALITY_UNASSIGNED,GF3A_DIRECTIONAL_WRITE_EXHAUSTED_PRIMALITY_UNASSIGNED,514,512,512,NO_RECORDED_FACTOR_PRP_OR_LL_RESULT_AND_NO_ACTIVE_GIMPS_ASSIGNMENT,2026-08-08T14:01:06+00:00,UNALLOCATED,,,,,
SLCMP585-4995,4995,4995,288745921,2^288745921-1,STRUCTURAL_SCREEN_EXHAUSTED_PRIMALITY_UNASSIGNED,GF3A_DIRECTIONAL_WRITE_EXHAUSTED_PRIMALITY_UNASSIGNED,513,512,512,NO_RECORDED_FACTOR_PRP_OR_LL_RESULT_AND_NO_ACTIVE_GIMPS_ASSIGNMENT,2026-08-08T14:01:06+00:00,UNALLOCATED,,,,,
SLCMP585-4996,4996,4996,288745931,2^288745931-1,STRUCTURAL_SCREEN_EXHAUSTED_PRIMALITY_UNASSIGNED,GF3A_DIRECTIONAL_WRITE_EXHAUSTED_PRIMALITY_UNASSIGNED,514,512,512,NO_RECORDED_FACTOR_PRP_OR_LL_RESULT_AND_NO_ACTIVE_GIMPS_ASSIGNMENT,2026-08-08T14:01:06+00:00,UNALLOCATED,,,,,
SLCMP585-4997,4997,4997,288745937,2^288745937-1,STRUCTURAL_SCREEN_EXHAUSTED_PRIMALITY_UNASSIGNED,GF3A_DIRECTIONAL_WRITE_EXHAUSTED_PRIMALITY_UNASSIGNED,513,512,512,NO_RECORDED_FACTOR_PRP_OR_LL_RESULT_AND_NO_ACTIVE_GIMPS_ASSIGNMENT,2026-08-08T14:01:06+00:00,UNALLOCATED,,,,,
SLCMP585-4998,4998,4998,288746023,2^288746023-1,STRUCTURAL_SCREEN_EXHAUSTED_PRIMALITY_UNASSIGNED,GF3A_DIRECTIONAL_WRITE_EXHAUSTED_PRIMALITY_UNASSIGNED,514,512,512,NO_RECORDED_FACTOR_PRP_OR_LL_RESULT_AND_NO_ACTIVE_GIMPS_ASSIGNMENT,2026-08-08T14:01:06+00:00,UNALLOCATED,,,,,
SLCMP585-4999,4999,4999,288746083,2^288746083-1,STRUCTURAL_SCREEN_EXHAUSTED_PRIMALITY_UNASSIGNED,GF3A_DIRECTIONAL_WRITE_EXHAUSTED_PRIMALITY_UNASSIGNED,514,512,512,NO_RECORDED_FACTOR_PRP_OR_LL_RESULT_AND_NO_ACTIVE_GIMPS_ASSIGNMENT,2026-08-08T14:01:06+00:00,UNALLOCATED,,,,,
SLCMP585-5000,5000,5000,288746093,2^288746093-1,STRUCTURAL_SCREEN_EXHAUSTED_PRIMALITY_UNASSIGNED,GF3A_DIRECTIONAL_WRITE_EXHAUSTED_PRIMALITY_UNASSIGNED,513,512,512,NO_RECORDED_FACTOR_PRP_OR_LL_RESULT_AND_NO_ACTIVE_GIMPS_ASSIGNMENT,2026-08-08T14:01:06+00:00,UNALLOCATED,,,,,
SLCMP585-5001,5001,5001,288746099,2^288746099-1,STRUCTURAL_SCREEN_EXHAUSTED_PRIMALITY_UNASSIGNED,GF3A_DIRECTIONAL_WRITE_EXHAUSTED_PRIMALITY_UNASSIGNED,514,512,512,NO_RECORDED_FACTOR_PRP_OR_LL_RESULT_AND_NO_ACTIVE_GIMPS_ASSIGNMENT,2026-08-08T14:01:06+00:00,UNALLOCATED,,,,,
SLCMP585-5002,5002,5002,288746119,2^288746119-1,STRUCTURAL_SCREEN_EXHAUSTED_PRIMALITY_UNASSIGNED,GF3A_DIRECTIONAL_WRITE_EXHAUSTED_PRIMALITY_UNASSIGNED,514,512,512,NO_RECORDED_FACTOR_PRP_OR_LL_RESULT_AND_NO_ACTIVE_GIMPS_ASSIGNMENT,2026-08-08T14:01:06+00:00,UNALLOCATED,,,,,
SLCMP585-5003,5003,5003,288746167,2^288746167-1,STRUCTURAL_SCREEN_EXHAUSTED_PRIMALITY_UNASSIGNED,GF3A_DIRECTIONAL_WRITE_EXHAUSTED_PRIMALITY_UNASSIGNED,514,512,512,NO_RECORDED_FACTOR_PRP_OR_LL_RESULT_AND_NO_ACTIVE_GIMPS_ASSIGNMENT,2026-08-08T14:01:06+00:00,UNALLOCATED,,,,,
SLCMP585-5004,5004,5004,288746257,2^288746257-1,STRUCTURAL_SCREEN_EXHAUSTED_PRIMALITY_UNASSIGNED,GF3A_DIRECTIONAL_WRITE_EXHAUSTED_PRIMALITY_UNASSIGNED,513,512,512,NO_RECORDED_FACTOR_PRP_OR_LL_RESULT_AND_NO_ACTIVE_GIMPS_ASSIGNMENT,2026-08-08T14:01:06+00:00,UNALLOCATED,,,,,
SLCMP585-5005,5005,5005,288746273,2^288746273-1,STRUCTURAL_SCREEN_EXHAUSTED_PRIMALITY_UNASSIGNED,GF3A_DIRECTIONAL_WRITE_EXHAUSTED_PRIMALITY_UNASSIGNED,513,512,512,NO_RECORDED_FACTOR_PRP_OR_LL_RESULT_AND_NO_ACTIVE_GIMPS_ASSIGNMENT,2026-08-08T14:01:06+00:00,UNALLOCATED,,,,,
SLCMP585-5006,5006,5006,288746281,2^288746281-1,STRUCTURAL_SCREEN_EXHAUSTED_PRIMALITY_UNASSIGNED,GF3A_DIRECTIONAL_WRITE_EXHAUSTED_PRIMALITY_UNASSIGNED,513,512,512,NO_RECORDED_FACTOR_PRP_OR_LL_RESULT_AND_NO_ACTIVE_GIMPS_ASSIGNMENT,2026-08-08T14:01:06+00:00,UNALLOCATED,,,,,
SLCMP585-5007,5007,5007,288746291,2^288746291-1,STRUCTURAL_SCREEN_EXHAUSTED_PRIMALITY_UNASSIGNED,GF3A_DIRECTIONAL_WRITE_EXHAUSTED_PRIMALITY_UNASSIGNED,514,512,512,NO_RECORDED_FACTOR_PRP_OR_LL_RESULT_AND_NO_ACTIVE_GIMPS_ASSIGNMENT,2026-08-08T14:01:06+00:00,UNALLOCATED,,,,,
SLCMP585-5008,5008,5008,288746323,2^288746323-1,STRUCTURAL_SCREEN_EXHAUSTED_PRIMALITY_UNASSIGNED,GF3A_DIRECTIONAL_WRITE_EXHAUSTED_PRIMALITY_UNASSIGNED,514,512,512,NO_RECORDED_FACTOR_PRP_OR_LL_RESULT_AND_NO_ACTIVE_GIMPS_ASSIGNMENT,2026-08-08T14:01:06+00:00,UNALLOCATED,,,,,
SLCMP585-5009,5009,5009,288746357,2^288746357-1,STRUCTURAL_SCREEN_EXHAUSTED_PRIMALITY_UNASSIGNED,GF3A_DIRECTIONAL_WRITE_EXHAUSTED_PRIMALITY_UNASSIGNED,513,512,512,NO_RECORDED_FACTOR_PRP_OR_LL_RESULT_AND_NO_ACTIVE_GIMPS_ASSIGNMENT,2026-08-08T14:01:06+00:00,UNALLOCATED,,,,,
SLCMP585-5010,5010,5010,288746473,2^288746473-1,STRUCTURAL_SCREEN_EXHAUSTED_PRIMALITY_UNASSIGNED,GF3A_DIRECTIONAL_WRITE_EXHAUSTED_PRIMALITY_UNASSIGNED,513,512,512,NO_RECORDED_FACTOR_PRP_OR_LL_RESULT_AND_NO_ACTIVE_GIMPS_ASSIGNMENT,2026-08-08T14:01:06+00:00,UNALLOCATED,,,,,
SLCMP585-5011,5011,5011,288746509,2^288746509-1,STRUCTURAL_SCREEN_EXHAUSTED_PRIMALITY_UNASSIGNED,GF3A_DIRECTIONAL_WRITE_EXHAUSTED_PRIMALITY_UNASSIGNED,513,512,512,NO_RECORDED_FACTOR_PRP_OR_LL_RESULT_AND_NO_ACTIVE_GIMPS_ASSIGNMENT,2026-08-08T14:01:06+00:00,UNALLOCATED,,,,,
SLCMP585-5012,5012,5012,288746573,2^288746573-1,STRUCTURAL_SCREEN_EXHAUSTED_PRIMALITY_UNASSIGNED,GF3A_DIRECTIONAL_WRITE_EXHAUSTED_PRIMALITY_UNASSIGNED,513,512,512,NO_RECORDED_FACTOR_PRP_OR_LL_RESULT_AND_NO_ACTIVE_GIMPS_ASSIGNMENT,2026-08-08T14:01:06+00:00,UNALLOCATED,,,,,
SLCMP585-5013,5013,5013,288746621,2^288746621-1,STRUCTURAL_SCREEN_EXHAUSTED_PRIMALITY_UNASSIGNED,GF3A_DIRECTIONAL_WRITE_EXHAUSTED_PRIMALITY_UNASSIGNED,513,512,512,NO_RECORDED_FACTOR_PRP_OR_LL_RESULT_AND_NO_ACTIVE_GIMPS_ASSIGNMENT,2026-08-08T14:01:06+00:00,UNALLOCATED,,,,,
SLCMP585-5014,5014,5014,288746699,2^288746699-1,STRUCTURAL_SCREEN_EXHAUSTED_PRIMALITY_UNASSIGNED,GF3A_DIRECTIONAL_WRITE_EXHAUSTED_PRIMALITY_UNASSIGNED,514,512,512,NO_RECORDED_FACTOR_PRP_OR_LL_RESULT_AND_NO_ACTIVE_GIMPS_ASSIGNMENT,2026-08-08T14:01:06+00:00,UNALLOCATED,,,,,
SLCMP585-5015,5015,5015,288746771,2^288746771-1,STRUCTURAL_SCREEN_EXHAUSTED_PRIMALITY_UNASSIGNED,GF3A_DIRECTIONAL_WRITE_EXHAUSTED_PRIMALITY_UNASSIGNED,514,512,512,NO_RECORDED_FACTOR_PRP_OR_LL_RESULT_AND_NO_ACTIVE_GIMPS_ASSIGNMENT,2026-08-08T14:01:06+00:00,UNALLOCATED,,,,,
SLCMP585-5016,5016,5016,288746797,2^288746797-1,STRUCTURAL_SCREEN_EXHAUSTED_PRIMALITY_UNASSIGNED,GF3A_DIRECTIONAL_WRITE_EXHAUSTED_PRIMALITY_UNASSIGNED,513,512,512,NO_RECORDED_FACTOR_PRP_OR_LL_RESULT_AND_NO_ACTIVE_GIMPS_ASSIGNMENT,2026-08-08T14:01:06+00:00,UNALLOCATED,,,,,
SLCMP585-5017,5017,5017,288746833,2^288746833-1,STRUCTURAL_SCREEN_EXHAUSTED_PRIMALITY_UNASSIGNED,GF3A_DIRECTIONAL_WRITE_EXHAUSTED_PRIMALITY_UNASSIGNED,513,512,512,NO_RECORDED_FACTOR_PRP_OR_LL_RESULT_AND_NO_ACTIVE_GIMPS_ASSIGNMENT,2026-08-08T14:01:06+00:00,UNALLOCATED,,,,,
SLCMP585-5018,5018,5018,288746917,2^288746917-1,STRUCTURAL_SCREEN_EXHAUSTED_PRIMALITY_UNASSIGNED,GF3A_DIRECTIONAL_WRITE_EXHAUSTED_PRIMALITY_UNASSIGNED,513,512,512,NO_RECORDED_FACTOR_PRP_OR_LL_RESULT_AND_NO_ACTIVE_GIMPS_ASSIGNMENT,2026-08-08T14:01:06+00:00,UNALLOCATED,,,,,
SLCMP585-5019,5019,5019,288746923,2^288746923-1,STRUCTURAL_SCREEN_EXHAUSTED_PRIMALITY_UNASSIGNED,GF3A_DIRECTIONAL_WRITE_EXHAUSTED_PRIMALITY_UNASSIGNED,514,512,512,NO_RECORDED_FACTOR_PRP_OR_LL_RESULT_AND_NO_ACTIVE_GIMPS_ASSIGNMENT,2026-08-08T14:01:06+00:00,UNALLOCATED,,,,,
SLCMP585-5020,5020,5020,288747013,2^288747013-1,STRUCTURAL_SCREEN_EXHAUSTED_PRIMALITY_UNASSIGNED,GF3A_DIRECTIONAL_WRITE_EXHAUSTED_PRIMALITY_UNASSIGNED,513,512,512,NO_RECORDED_FACTOR_PRP_OR_LL_RESULT_AND_NO_ACTIVE_GIMPS_ASSIGNMENT,2026-08-08T14:01:06+00:00,UNALLOCATED,,,,,
SLCMP585-5021,5021,5021,288747059,2^288747059-1,STRUCTURAL_SCREEN_EXHAUSTED_PRIMALITY_UNASSIGNED,GF3A_DIRECTIONAL_WRITE_EXHAUSTED_PRIMALITY_UNASSIGNED,514,512,512,NO_RECORDED_FACTOR_PRP_OR_LL_RESULT_AND_NO_ACTIVE_GIMPS_ASSIGNMENT,2026-08-08T14:01:06+00:00,UNALLOCATED,,,,,
SLCMP585-5022,5022,5022,288747079,2^288747079-1,STRUCTURAL_SCREEN_EXHAUSTED_PRIMALITY_UNASSIGNED,GF3A_DIRECTIONAL_WRITE_EXHAUSTED_PRIMALITY_UNASSIGNED,514,512,512,NO_RECORDED_FACTOR_PRP_OR_LL_RESULT_AND_NO_ACTIVE_GIMPS_ASSIGNMENT,2026-08-08T14:01:06+00:00,UNALLOCATED,,,,,
SLCMP585-5023,5023,5023,288747101,2^288747101-1,STRUCTURAL_SCREEN_EXHAUSTED_PRIMALITY_UNASSIGNED,GF3A_DIRECTIONAL_WRITE_EXHAUSTED_PRIMALITY_UNASSIGNED,513,512,512,NO_RECORDED_FACTOR_PRP_OR_LL_RESULT_AND_NO_ACTIVE_GIMPS_ASSIGNMENT,2026-08-08T14:01:06+00:00,UNALLOCATED,,,,,
SLCMP585-5024,5024,5024,288747103,2^288747103-1,STRUCTURAL_SCREEN_EXHAUSTED_PRIMALITY_UNASSIGNED,GF3A_DIRECTIONAL_WRITE_EXHAUSTED_PRIMALITY_UNASSIGNED,514,512,512,NO_RECORDED_FACTOR_PRP_OR_LL_RESULT_AND_NO_ACTIVE_GIMPS_ASSIGNMENT,2026-08-08T14:01:06+00:00,UNALLOCATED,,,,,
SLCMP585-5025,5025,5025,288747323,2^288747323-1,STRUCTURAL_SCREEN_EXHAUSTED_PRIMALITY_UNASSIGNED,GF3A_DIRECTIONAL_WRITE_EXHAUSTED_PRIMALITY_UNASSIGNED,514,512,512,NO_RECORDED_FACTOR_PRP_OR_LL_RESULT_AND_NO_ACTIVE_GIMPS_ASSIGNMENT,2026-08-08T14:01:06+00:00,UNALLOCATED,,,,,
SLCMP585-5026,5026,5026,288747337,2^288747337-1,STRUCTURAL_SCREEN_EXHAUSTED_PRIMALITY_UNASSIGNED,GF3A_DIRECTIONAL_WRITE_EXHAUSTED_PRIMALITY_UNASSIGNED,513,512,512,NO_RECORDED_FACTOR_PRP_OR_LL_RESULT_AND_NO_ACTIVE_GIMPS_ASSIGNMENT,2026-08-08T14:01:06+00:00,UNALLOCATED,,,,,
SLCMP585-5027,5027,5027,288747353,2^288747353-1,STRUCTURAL_SCREEN_EXHAUSTED_PRIMALITY_UNASSIGNED,GF3A_DIRECTIONAL_WRITE_EXHAUSTED_PRIMALITY_UNASSIGNED,513,512,512,NO_RECORDED_FACTOR_PRP_OR_LL_RESULT_AND_NO_ACTIVE_GIMPS_ASSIGNMENT,2026-08-08T14:01:06+00:00,UNALLOCATED,,,,,
SLCMP585-5028,5028,5028,288747373,2^288747373-1,STRUCTURAL_SCREEN_EXHAUSTED_PRIMALITY_UNASSIGNED,GF3A_DIRECTIONAL_WRITE_EXHAUSTED_PRIMALITY_UNASSIGNED,513,512,512,NO_RECORDED_FACTOR_PRP_OR_LL_RESULT_AND_NO_ACTIVE_GIMPS_ASSIGNMENT,2026-08-08T14:01:06+00:00,UNALLOCATED,,,,,
SLCMP585-5029,5029,5029,288747391,2^288747391-1,STRUCTURAL_SCREEN_EXHAUSTED_PRIMALITY_UNASSIGNED,GF3A_DIRECTIONAL_WRITE_EXHAUSTED_PRIMALITY_UNASSIGNED,514,512,512,NO_RECORDED_FACTOR_PRP_OR_LL_RESULT_AND_NO_ACTIVE_GIMPS_ASSIGNMENT,2026-08-08T14:01:06+00:00,UNALLOCATED,,,,,
SLCMP585-5030,5030,5030,288747401,2^288747401-1,STRUCTURAL_SCREEN_EXHAUSTED_PRIMALITY_UNASSIGNED,GF3A_DIRECTIONAL_WRITE_EXHAUSTED_PRIMALITY_UNASSIGNED,513,512,512,NO_RECORDED_FACTOR_PRP_OR_LL_RESULT_AND_NO_ACTIVE_GIMPS_ASSIGNMENT,2026-08-08T14:01:06+00:00,UNALLOCATED,,,,,
SLCMP585-5031,5031,5031,288747799,2^288747799-1,STRUCTURAL_SCREEN_EXHAUSTED_PRIMALITY_UNASSIGNED,GF3A_DIRECTIONAL_WRITE_EXHAUSTED_PRIMALITY_UNASSIGNED,514,512,512,NO_RECORDED_FACTOR_PRP_OR_LL_RESULT_AND_NO_ACTIVE_GIMPS_ASSIGNMENT,2026-08-08T14:01:06+00:00,UNALLOCATED,,,,,
SLCMP585-5032,5032,5032,288747853,2^288747853-1,STRUCTURAL_SCREEN_EXHAUSTED_PRIMALITY_UNASSIGNED,GF3A_DIRECTIONAL_WRITE_EXHAUSTED_PRIMALITY_UNASSIGNED,513,512,512,NO_RECORDED_FACTOR_PRP_OR_LL_RESULT_AND_NO_ACTIVE_GIMPS_ASSIGNMENT,2026-08-08T14:01:06+00:00,UNALLOCATED,,,,,
SLCMP585-5033,5033,5033,288748123,2^288748123-1,STRUCTURAL_SCREEN_EXHAUSTED_PRIMALITY_UNASSIGNED,GF3A_DIRECTIONAL_WRITE_EXHAUSTED_PRIMALITY_UNASSIGNED,514,512,512,NO_RECORDED_FACTOR_PRP_OR_LL_RESULT_AND_NO_ACTIVE_GIMPS_ASSIGNMENT,2026-08-08T14:01:06+00:00,UNALLOCATED,,,,,
SLCMP585-5034,5034,5034,288748189,2^288748189-1,STRUCTURAL_SCREEN_EXHAUSTED_PRIMALITY_UNASSIGNED,GF3A_DIRECTIONAL_WRITE_EXHAUSTED_PRIMALITY_UNASSIGNED,513,512,512,NO_RECORDED_FACTOR_PRP_OR_LL_RESULT_AND_NO_ACTIVE_GIMPS_ASSIGNMENT,2026-08-08T14:01:06+00:00,UNALLOCATED,,,,,
SLCMP585-5035,5035,5035,288748211,2^288748211-1,STRUCTURAL_SCREEN_EXHAUSTED_PRIMALITY_UNASSIGNED,GF3A_DIRECTIONAL_WRITE_EXHAUSTED_PRIMALITY_UNASSIGNED,514,512,512,NO_RECORDED_FACTOR_PRP_OR_LL_RESULT_AND_NO_ACTIVE_GIMPS_ASSIGNMENT,2026-08-08T14:01:06+00:00,UNALLOCATED,,,,,
SLCMP585-5036,5036,5036,288748231,2^288748231-1,STRUCTURAL_SCREEN_EXHAUSTED_PRIMALITY_UNASSIGNED,GF3A_DIRECTIONAL_WRITE_EXHAUSTED_PRIMALITY_UNASSIGNED,514,512,512,NO_RECORDED_FACTOR_PRP_OR_LL_RESULT_AND_NO_ACTIVE_GIMPS_ASSIGNMENT,2026-08-08T14:01:06+00:00,UNALLOCATED,,,,,
SLCMP585-5037,5037,5037,288748237,2^288748237-1,STRUCTURAL_SCREEN_EXHAUSTED_PRIMALITY_UNASSIGNED,GF3A_DIRECTIONAL_WRITE_EXHAUSTED_PRIMALITY_UNASSIGNED,513,512,512,NO_RECORDED_FACTOR_PRP_OR_LL_RESULT_AND_NO_ACTIVE_GIMPS_ASSIGNMENT,2026-08-08T14:01:06+00:00,UNALLOCATED,,,,,
SLCMP585-5038,5038,5038,288748253,2^288748253-1,STRUCTURAL_SCREEN_EXHAUSTED_PRIMALITY_UNASSIGNED,GF3A_DIRECTIONAL_WRITE_EXHAUSTED_PRIMALITY_UNASSIGNED,513,512,512,NO_RECORDED_FACTOR_PRP_OR_LL_RESULT_AND_NO_ACTIVE_GIMPS_ASSIGNMENT,2026-08-08T14:01:06+00:00,UNALLOCATED,,,,,
SLCMP585-5039,5039,5039,288748321,2^288748321-1,STRUCTURAL_SCREEN_EXHAUSTED_PRIMALITY_UNASSIGNED,GF3A_DIRECTIONAL_WRITE_EXHAUSTED_PRIMALITY_UNASSIGNED,513,512,512,NO_RECORDED_FACTOR_PRP_OR_LL_RESULT_AND_NO_ACTIVE_GIMPS_ASSIGNMENT,2026-08-08T14:01:06+00:00,UNALLOCATED,,,,,
SLCMP585-5040,5040,5040,288748457,2^288748457-1,STRUCTURAL_SCREEN_EXHAUSTED_PRIMALITY_UNASSIGNED,GF3A_DIRECTIONAL_WRITE_EXHAUSTED_PRIMALITY_UNASSIGNED,513,512,512,NO_RECORDED_FACTOR_PRP_OR_LL_RESULT_AND_NO_ACTIVE_GIMPS_ASSIGNMENT,2026-08-08T14:01:06+00:00,UNALLOCATED,,,,,
SLCMP585-5041,5041,5041,288748459,2^288748459-1,STRUCTURAL_SCREEN_EXHAUSTED_PRIMALITY_UNASSIGNED,GF3A_DIRECTIONAL_WRITE_EXHAUSTED_PRIMALITY_UNASSIGNED,514,512,512,NO_RECORDED_FACTOR_PRP_OR_LL_RESULT_AND_NO_ACTIVE_GIMPS_ASSIGNMENT,2026-08-08T14:01:06+00:00,UNALLOCATED,,,,,
SLCMP585-5042,5042,5042,288748633,2^288748633-1,STRUCTURAL_SCREEN_EXHAUSTED_PRIMALITY_UNASSIGNED,GF3A_DIRECTIONAL_WRITE_EXHAUSTED_PRIMALITY_UNASSIGNED,513,512,512,NO_RECORDED_FACTOR_PRP_OR_LL_RESULT_AND_NO_ACTIVE_GIMPS_ASSIGNMENT,2026-08-08T14:01:06+00:00,UNALLOCATED,,,,,
SLCMP585-5043,5043,5043,288748639,2^288748639-1,STRUCTURAL_SCREEN_EXHAUSTED_PRIMALITY_UNASSIGNED,GF3A_DIRECTIONAL_WRITE_EXHAUSTED_PRIMALITY_UNASSIGNED,514,512,512,NO_RECORDED_FACTOR_PRP_OR_LL_RESULT_AND_NO_ACTIVE_GIMPS_ASSIGNMENT,2026-08-08T14:01:06+00:00,UNALLOCATED,,,,,
SLCMP585-5044,5044,5044,288748657,2^288748657-1,STRUCTURAL_SCREEN_EXHAUSTED_PRIMALITY_UNASSIGNED,GF3A_DIRECTIONAL_WRITE_EXHAUSTED_PRIMALITY_UNASSIGNED,513,512,512,NO_RECORDED_FACTOR_PRP_OR_LL_RESULT_AND_NO_ACTIVE_GIMPS_ASSIGNMENT,2026-08-08T14:01:06+00:00,UNALLOCATED,,,,,
SLCMP585-5045,5045,5045,288748711,2^288748711-1,STRUCTURAL_SCREEN_EXHAUSTED_PRIMALITY_UNASSIGNED,GF3A_DIRECTIONAL_WRITE_EXHAUSTED_PRIMALITY_UNASSIGNED,514,512,512,NO_RECORDED_FACTOR_PRP_OR_LL_RESULT_AND_NO_ACTIVE_GIMPS_ASSIGNMENT,2026-08-08T14:01:06+00:00,UNALLOCATED,,,,,
SLCMP585-5046,5046,5046,288748771,2^288748771-1,STRUCTURAL_SCREEN_EXHAUSTED_PRIMALITY_UNASSIGNED,GF3A_DIRECTIONAL_WRITE_EXHAUSTED_PRIMALITY_UNASSIGNED,514,512,512,NO_RECORDED_FACTOR_PRP_OR_LL_RESULT_AND_NO_ACTIVE_GIMPS_ASSIGNMENT,2026-08-08T14:01:06+00:00,UNALLOCATED,,,,,
SLCMP585-5047,5047,5047,288748781,2^288748781-1,STRUCTURAL_SCREEN_EXHAUSTED_PRIMALITY_UNASSIGNED,GF3A_DIRECTIONAL_WRITE_EXHAUSTED_PRIMALITY_UNASSIGNED,513,512,512,NO_RECORDED_FACTOR_PRP_OR_LL_RESULT_AND_NO_ACTIVE_GIMPS_ASSIGNMENT,2026-08-08T14:01:06+00:00,UNALLOCATED,,,,,
SLCMP585-5048,5048,5048,288748829,2^288748829-1,STRUCTURAL_SCREEN_EXHAUSTED_PRIMALITY_UNASSIGNED,GF3A_DIRECTIONAL_WRITE_EXHAUSTED_PRIMALITY_UNASSIGNED,513,512,512,NO_RECORDED_FACTOR_PRP_OR_LL_RESULT_AND_NO_ACTIVE_GIMPS_ASSIGNMENT,2026-08-08T14:01:06+00:00,UNALLOCATED,,,,,
SLCMP585-5049,5049,5049,288748903,2^288748903-1,STRUCTURAL_SCREEN_EXHAUSTED_PRIMALITY_UNASSIGNED,GF3A_DIRECTIONAL_WRITE_EXHAUSTED_PRIMALITY_UNASSIGNED,514,512,512,NO_RECORDED_FACTOR_PRP_OR_LL_RESULT_AND_NO_ACTIVE_GIMPS_ASSIGNMENT,2026-08-08T14:01:06+00:00,UNALLOCATED,,,,,
SLCMP585-5050,5050,5050,288748939,2^288748939-1,STRUCTURAL_SCREEN_EXHAUSTED_PRIMALITY_UNASSIGNED,GF3A_DIRECTIONAL_WRITE_EXHAUSTED_PRIMALITY_UNASSIGNED,514,512,512,NO_RECORDED_FACTOR_PRP_OR_LL_RESULT_AND_NO_ACTIVE_GIMPS_ASSIGNMENT,2026-08-08T14:01:06+00:00,UNALLOCATED,,,,,
SLCMP585-5051,5051,5051,288748981,2^288748981-1,STRUCTURAL_SCREEN_EXHAUSTED_PRIMALITY_UNASSIGNED,GF3A_DIRECTIONAL_WRITE_EXHAUSTED_PRIMALITY_UNASSIGNED,513,512,512,NO_RECORDED_FACTOR_PRP_OR_LL_RESULT_AND_NO_ACTIVE_GIMPS_ASSIGNMENT,2026-08-08T14:01:06+00:00,UNALLOCATED,,,,,
SLCMP585-5052,5052,5052,288748987,2^288748987-1,STRUCTURAL_SCREEN_EXHAUSTED_PRIMALITY_UNASSIGNED,GF3A_DIRECTIONAL_WRITE_EXHAUSTED_PRIMALITY_UNASSIGNED,514,512,512,NO_RECORDED_FACTOR_PRP_OR_LL_RESULT_AND_NO_ACTIVE_GIMPS_ASSIGNMENT,2026-08-08T14:01:06+00:00,UNALLOCATED,,,,,
SLCMP585-5053,5053,5053,288748997,2^288748997-1,STRUCTURAL_SCREEN_EXHAUSTED_PRIMALITY_UNASSIGNED,GF3A_DIRECTIONAL_WRITE_EXHAUSTED_PRIMALITY_UNASSIGNED,513,512,512,NO_RECORDED_FACTOR_PRP_OR_LL_RESULT_AND_NO_ACTIVE_GIMPS_ASSIGNMENT,2026-08-08T14:01:06+00:00,UNALLOCATED,,,,,
SLCMP585-5054,5054,5054,288749003,2^288749003-1,STRUCTURAL_SCREEN_EXHAUSTED_PRIMALITY_UNASSIGNED,GF3A_DIRECTIONAL_WRITE_EXHAUSTED_PRIMALITY_UNASSIGNED,514,512,512,NO_RECORDED_FACTOR_PRP_OR_LL_RESULT_AND_NO_ACTIVE_GIMPS_ASSIGNMENT,2026-08-08T14:01:06+00:00,UNALLOCATED,,,,,
SLCMP585-5055,5055,5055,288749039,2^288749039-1,STRUCTURAL_SCREEN_EXHAUSTED_PRIMALITY_UNASSIGNED,GF3A_DIRECTIONAL_WRITE_EXHAUSTED_PRIMALITY_UNASSIGNED,514,512,512,NO_RECORDED_FACTOR_PRP_OR_LL_RESULT_AND_NO_ACTIVE_GIMPS_ASSIGNMENT,2026-08-08T14:01:06+00:00,UNALLOCATED,,,,,
SLCMP585-5056,5056,5056,288749117,2^288749117-1,STRUCTURAL_SCREEN_EXHAUSTED_PRIMALITY_UNASSIGNED,GF3A_DIRECTIONAL_WRITE_EXHAUSTED_PRIMALITY_UNASSIGNED,513,512,512,NO_RECORDED_FACTOR_PRP_OR_LL_RESULT_AND_NO_ACTIVE_GIMPS_ASSIGNMENT,2026-08-08T14:01:06+00:00,UNALLOCATED,,,,,
SLCMP585-5057,5057,5057,288749189,2^288749189-1,STRUCTURAL_SCREEN_EXHAUSTED_PRIMALITY_UNASSIGNED,GF3A_DIRECTIONAL_WRITE_EXHAUSTED_PRIMALITY_UNASSIGNED,513,512,512,NO_RECORDED_FACTOR_PRP_OR_LL_RESULT_AND_NO_ACTIVE_GIMPS_ASSIGNMENT,2026-08-08T14:01:06+00:00,UNALLOCATED,,,,,
SLCMP585-5058,5058,5058,288749207,2^288749207-1,STRUCTURAL_SCREEN_EXHAUSTED_PRIMALITY_UNASSIGNED,GF3A_DIRECTIONAL_WRITE_EXHAUSTED_PRIMALITY_UNASSIGNED,514,512,512,NO_RECORDED_FACTOR_PRP_OR_LL_RESULT_AND_NO_ACTIVE_GIMPS_ASSIGNMENT,2026-08-08T14:01:06+00:00,UNALLOCATED,,,,,
SLCMP585-5059,5059,5059,288749269,2^288749269-1,STRUCTURAL_SCREEN_EXHAUSTED_PRIMALITY_UNASSIGNED,GF3A_DIRECTIONAL_WRITE_EXHAUSTED_PRIMALITY_UNASSIGNED,513,512,512,NO_RECORDED_FACTOR_PRP_OR_LL_RESULT_AND_NO_ACTIVE_GIMPS_ASSIGNMENT,2026-08-08T14:01:06+00:00,UNALLOCATED,,,,,
SLCMP585-5060,5060,5060,288749299,2^288749299-1,STRUCTURAL_SCREEN_EXHAUSTED_PRIMALITY_UNASSIGNED,GF3A_DIRECTIONAL_WRITE_EXHAUSTED_PRIMALITY_UNASSIGNED,514,512,512,NO_RECORDED_FACTOR_PRP_OR_LL_RESULT_AND_NO_ACTIVE_GIMPS_ASSIGNMENT,2026-08-08T14:01:06+00:00,UNALLOCATED,,,,,
SLCMP585-5061,5061,5061,288749339,2^288749339-1,STRUCTURAL_SCREEN_EXHAUSTED_PRIMALITY_UNASSIGNED,GF3A_DIRECTIONAL_WRITE_EXHAUSTED_PRIMALITY_UNASSIGNED,514,512,512,NO_RECORDED_FACTOR_PRP_OR_LL_RESULT_AND_NO_ACTIVE_GIMPS_ASSIGNMENT,2026-08-08T14:01:06+00:00,UNALLOCATED,,,,,
SLCMP585-5062,5062,5062,288749381,2^288749381-1,STRUCTURAL_SCREEN_EXHAUSTED_PRIMALITY_UNASSIGNED,GF3A_DIRECTIONAL_WRITE_EXHAUSTED_PRIMALITY_UNASSIGNED,513,512,512,NO_RECORDED_FACTOR_PRP_OR_LL_RESULT_AND_NO_ACTIVE_GIMPS_ASSIGNMENT,2026-08-08T14:01:06+00:00,UNALLOCATED,,,,,
SLCMP585-5063,5063,5063,288749537,2^288749537-1,STRUCTURAL_SCREEN_EXHAUSTED_PRIMALITY_UNASSIGNED,GF3A_DIRECTIONAL_WRITE_EXHAUSTED_PRIMALITY_UNASSIGNED,513,512,512,NO_RECORDED_FACTOR_PRP_OR_LL_RESULT_AND_NO_ACTIVE_GIMPS_ASSIGNMENT,2026-08-08T14:01:06+00:00,UNALLOCATED,,,,,
SLCMP585-5064,5064,5064,288749563,2^288749563-1,STRUCTURAL_SCREEN_EXHAUSTED_PRIMALITY_UNASSIGNED,GF3A_DIRECTIONAL_WRITE_EXHAUSTED_PRIMALITY_UNASSIGNED,514,512,512,NO_RECORDED_FACTOR_PRP_OR_LL_RESULT_AND_NO_ACTIVE_GIMPS_ASSIGNMENT,2026-08-08T14:01:06+00:00,UNALLOCATED,,,,,
SLCMP585-5065,5065,5065,288749569,2^288749569-1,STRUCTURAL_SCREEN_EXHAUSTED_PRIMALITY_UNASSIGNED,GF3A_DIRECTIONAL_WRITE_EXHAUSTED_PRIMALITY_UNASSIGNED,513,512,512,NO_RECORDED_FACTOR_PRP_OR_LL_RESULT_AND_NO_ACTIVE_GIMPS_ASSIGNMENT,2026-08-08T14:01:06+00:00,UNALLOCATED,,,,,
SLCMP585-5066,5066,5066,288749639,2^288749639-1,STRUCTURAL_SCREEN_EXHAUSTED_PRIMALITY_UNASSIGNED,GF3A_DIRECTIONAL_WRITE_EXHAUSTED_PRIMALITY_UNASSIGNED,514,512,512,NO_RECORDED_FACTOR_PRP_OR_LL_RESULT_AND_NO_ACTIVE_GIMPS_ASSIGNMENT,2026-08-08T14:01:06+00:00,UNALLOCATED,,,,,
SLCMP585-5067,5067,5067,288749701,2^288749701-1,STRUCTURAL_SCREEN_EXHAUSTED_PRIMALITY_UNASSIGNED,GF3A_DIRECTIONAL_WRITE_EXHAUSTED_PRIMALITY_UNASSIGNED,513,512,512,NO_RECORDED_FACTOR_PRP_OR_LL_RESULT_AND_NO_ACTIVE_GIMPS_ASSIGNMENT,2026-08-08T14:01:06+00:00,UNALLOCATED,,,,,
SLCMP585-5068,5068,5068,288749749,2^288749749-1,STRUCTURAL_SCREEN_EXHAUSTED_PRIMALITY_UNASSIGNED,GF3A_DIRECTIONAL_WRITE_EXHAUSTED_PRIMALITY_UNASSIGNED,513,512,512,NO_RECORDED_FACTOR_PRP_OR_LL_RESULT_AND_NO_ACTIVE_GIMPS_ASSIGNMENT,2026-08-08T14:01:06+00:00,UNALLOCATED,,,,,
SLCMP585-5069,5069,5069,288749873,2^288749873-1,STRUCTURAL_SCREEN_EXHAUSTED_PRIMALITY_UNASSIGNED,GF3A_DIRECTIONAL_WRITE_EXHAUSTED_PRIMALITY_UNASSIGNED,513,512,512,NO_RECORDED_FACTOR_PRP_OR_LL_RESULT_AND_NO_ACTIVE_GIMPS_ASSIGNMENT,2026-08-08T14:01:06+00:00,UNALLOCATED,,,,,
SLCMP585-5070,5070,5070,288749893,2^288749893-1,STRUCTURAL_SCREEN_EXHAUSTED_PRIMALITY_UNASSIGNED,GF3A_DIRECTIONAL_WRITE_EXHAUSTED_PRIMALITY_UNASSIGNED,513,512,512,NO_RECORDED_FACTOR_PRP_OR_LL_RESULT_AND_NO_ACTIVE_GIMPS_ASSIGNMENT,2026-08-08T14:01:06+00:00,UNALLOCATED,,,,,
SLCMP585-5071,5071,5071,288749927,2^288749927-1,STRUCTURAL_SCREEN_EXHAUSTED_PRIMALITY_UNASSIGNED,GF3A_DIRECTIONAL_WRITE_EXHAUSTED_PRIMALITY_UNASSIGNED,514,512,512,NO_RECORDED_FACTOR_PRP_OR_LL_RESULT_AND_NO_ACTIVE_GIMPS_ASSIGNMENT,2026-08-08T14:01:06+00:00,UNALLOCATED,,,,,
SLCMP585-5072,5072,5072,288749933,2^288749933-1,STRUCTURAL_SCREEN_EXHAUSTED_PRIMALITY_UNASSIGNED,GF3A_DIRECTIONAL_WRITE_EXHAUSTED_PRIMALITY_UNASSIGNED,513,512,512,NO_RECORDED_FACTOR_PRP_OR_LL_RESULT_AND_NO_ACTIVE_GIMPS_ASSIGNMENT,2026-08-08T14:01:06+00:00,UNALLOCATED,,,,,
SLCMP585-5073,5073,5073,288749959,2^288749959-1,STRUCTURAL_SCREEN_EXHAUSTED_PRIMALITY_UNASSIGNED,GF3A_DIRECTIONAL_WRITE_EXHAUSTED_PRIMALITY_UNASSIGNED,514,512,512,NO_RECORDED_FACTOR_PRP_OR_LL_RESULT_AND_NO_ACTIVE_GIMPS_ASSIGNMENT,2026-08-08T14:01:06+00:00,UNALLOCATED,,,,,
