queue_id,queue_rank,shell_survivor_rank,exponent,mersenne_object,screen_status,shell_status,screen_schedule_count,shell_schedule_count,shell_tested_opportunity_count,external_status_at_snapshot,assignment_snapshot_utc,sam_distribution_status,assignee,assignment_utc,result_status,result_reference,notes
SLCMP700-0001,1,1,317250097,2^317250097-1,STRUCTURAL_SCREEN_EXHAUSTED_PRIMALITY_UNASSIGNED,GF3A_DIRECTIONAL_WRITE_EXHAUSTED_PRIMALITY_UNASSIGNED,513,512,512,NO_RECORDED_FACTOR_PRP_OR_LL_RESULT_AND_NO_ACTIVE_GIMPS_ASSIGNMENT,2026-08-08T19:16:24+00:00,UNALLOCATED,,,,,
SLCMP700-0002,2,2,317250149,2^317250149-1,STRUCTURAL_SCREEN_EXHAUSTED_PRIMALITY_UNASSIGNED,GF3A_DIRECTIONAL_WRITE_EXHAUSTED_PRIMALITY_UNASSIGNED,513,512,512,NO_RECORDED_FACTOR_PRP_OR_LL_RESULT_AND_NO_ACTIVE_GIMPS_ASSIGNMENT,2026-08-08T19:16:24+00:00,UNALLOCATED,,,,,
SLCMP700-0003,3,3,317250233,2^317250233-1,STRUCTURAL_SCREEN_EXHAUSTED_PRIMALITY_UNASSIGNED,GF3A_DIRECTIONAL_WRITE_EXHAUSTED_PRIMALITY_UNASSIGNED,513,512,512,NO_RECORDED_FACTOR_PRP_OR_LL_RESULT_AND_NO_ACTIVE_GIMPS_ASSIGNMENT,2026-08-08T19:16:24+00:00,UNALLOCATED,,,,,
SLCMP700-0004,4,4,317250317,2^317250317-1,STRUCTURAL_SCREEN_EXHAUSTED_PRIMALITY_UNASSIGNED,GF3A_DIRECTIONAL_WRITE_EXHAUSTED_PRIMALITY_UNASSIGNED,513,512,512,NO_RECORDED_FACTOR_PRP_OR_LL_RESULT_AND_NO_ACTIVE_GIMPS_ASSIGNMENT,2026-08-08T19:16:24+00:00,UNALLOCATED,,,,,
SLCMP700-0005,5,5,317250407,2^317250407-1,STRUCTURAL_SCREEN_EXHAUSTED_PRIMALITY_UNASSIGNED,GF3A_DIRECTIONAL_WRITE_EXHAUSTED_PRIMALITY_UNASSIGNED,514,512,512,NO_RECORDED_FACTOR_PRP_OR_LL_RESULT_AND_NO_ACTIVE_GIMPS_ASSIGNMENT,2026-08-08T19:16:24+00:00,UNALLOCATED,,,,,
SLCMP700-0006,6,6,317250503,2^317250503-1,STRUCTURAL_SCREEN_EXHAUSTED_PRIMALITY_UNASSIGNED,GF3A_DIRECTIONAL_WRITE_EXHAUSTED_PRIMALITY_UNASSIGNED,514,512,512,NO_RECORDED_FACTOR_PRP_OR_LL_RESULT_AND_NO_ACTIVE_GIMPS_ASSIGNMENT,2026-08-08T19:16:24+00:00,UNALLOCATED,,,,,
SLCMP700-0007,7,7,317250539,2^317250539-1,STRUCTURAL_SCREEN_EXHAUSTED_PRIMALITY_UNASSIGNED,GF3A_DIRECTIONAL_WRITE_EXHAUSTED_PRIMALITY_UNASSIGNED,514,512,512,NO_RECORDED_FACTOR_PRP_OR_LL_RESULT_AND_NO_ACTIVE_GIMPS_ASSIGNMENT,2026-08-08T19:16:24+00:00,UNALLOCATED,,,,,
SLCMP700-0008,8,8,317250653,2^317250653-1,STRUCTURAL_SCREEN_EXHAUSTED_PRIMALITY_UNASSIGNED,GF3A_DIRECTIONAL_WRITE_EXHAUSTED_PRIMALITY_UNASSIGNED,513,512,512,NO_RECORDED_FACTOR_PRP_OR_LL_RESULT_AND_NO_ACTIVE_GIMPS_ASSIGNMENT,2026-08-08T19:16:24+00:00,UNALLOCATED,,,,,
SLCMP700-0009,9,9,317250721,2^317250721-1,STRUCTURAL_SCREEN_EXHAUSTED_PRIMALITY_UNASSIGNED,GF3A_DIRECTIONAL_WRITE_EXHAUSTED_PRIMALITY_UNASSIGNED,513,512,512,NO_RECORDED_FACTOR_PRP_OR_LL_RESULT_AND_NO_ACTIVE_GIMPS_ASSIGNMENT,2026-08-08T19:16:24+00:00,UNALLOCATED,,,,,
SLCMP700-0010,10,10,317250737,2^317250737-1,STRUCTURAL_SCREEN_EXHAUSTED_PRIMALITY_UNASSIGNED,GF3A_DIRECTIONAL_WRITE_EXHAUSTED_PRIMALITY_UNASSIGNED,513,512,512,NO_RECORDED_FACTOR_PRP_OR_LL_RESULT_AND_NO_ACTIVE_GIMPS_ASSIGNMENT,2026-08-08T19:16:24+00:00,UNALLOCATED,,,,,
SLCMP700-0011,11,11,317250767,2^317250767-1,STRUCTURAL_SCREEN_EXHAUSTED_PRIMALITY_UNASSIGNED,GF3A_DIRECTIONAL_WRITE_EXHAUSTED_PRIMALITY_UNASSIGNED,514,512,512,NO_RECORDED_FACTOR_PRP_OR_LL_RESULT_AND_NO_ACTIVE_GIMPS_ASSIGNMENT,2026-08-08T19:16:24+00:00,UNALLOCATED,,,,,
SLCMP700-0012,12,12,317250779,2^317250779-1,STRUCTURAL_SCREEN_EXHAUSTED_PRIMALITY_UNASSIGNED,GF3A_DIRECTIONAL_WRITE_EXHAUSTED_PRIMALITY_UNASSIGNED,514,512,512,NO_RECORDED_FACTOR_PRP_OR_LL_RESULT_AND_NO_ACTIVE_GIMPS_ASSIGNMENT,2026-08-08T19:16:24+00:00,UNALLOCATED,,,,,
SLCMP700-0013,13,13,317250803,2^317250803-1,STRUCTURAL_SCREEN_EXHAUSTED_PRIMALITY_UNASSIGNED,GF3A_DIRECTIONAL_WRITE_EXHAUSTED_PRIMALITY_UNASSIGNED,514,512,512,NO_RECORDED_FACTOR_PRP_OR_LL_RESULT_AND_NO_ACTIVE_GIMPS_ASSIGNMENT,2026-08-08T19:16:24+00:00,UNALLOCATED,,,,,
SLCMP700-0014,14,14,317250811,2^317250811-1,STRUCTURAL_SCREEN_EXHAUSTED_PRIMALITY_UNASSIGNED,GF3A_DIRECTIONAL_WRITE_EXHAUSTED_PRIMALITY_UNASSIGNED,514,512,512,NO_RECORDED_FACTOR_PRP_OR_LL_RESULT_AND_NO_ACTIVE_GIMPS_ASSIGNMENT,2026-08-08T19:16:24+00:00,UNALLOCATED,,,,,
SLCMP700-0015,15,15,317250859,2^317250859-1,STRUCTURAL_SCREEN_EXHAUSTED_PRIMALITY_UNASSIGNED,GF3A_DIRECTIONAL_WRITE_EXHAUSTED_PRIMALITY_UNASSIGNED,514,512,512,NO_RECORDED_FACTOR_PRP_OR_LL_RESULT_AND_NO_ACTIVE_GIMPS_ASSIGNMENT,2026-08-08T19:16:24+00:00,UNALLOCATED,,,,,
SLCMP700-0016,16,16,317250917,2^317250917-1,STRUCTURAL_SCREEN_EXHAUSTED_PRIMALITY_UNASSIGNED,GF3A_DIRECTIONAL_WRITE_EXHAUSTED_PRIMALITY_UNASSIGNED,513,512,512,NO_RECORDED_FACTOR_PRP_OR_LL_RESULT_AND_NO_ACTIVE_GIMPS_ASSIGNMENT,2026-08-08T19:16:24+00:00,UNALLOCATED,,,,,
SLCMP700-0017,17,17,317250971,2^317250971-1,STRUCTURAL_SCREEN_EXHAUSTED_PRIMALITY_UNASSIGNED,GF3A_DIRECTIONAL_WRITE_EXHAUSTED_PRIMALITY_UNASSIGNED,514,512,512,NO_RECORDED_FACTOR_PRP_OR_LL_RESULT_AND_NO_ACTIVE_GIMPS_ASSIGNMENT,2026-08-08T19:16:24+00:00,UNALLOCATED,,,,,
SLCMP700-0018,18,18,317251043,2^317251043-1,STRUCTURAL_SCREEN_EXHAUSTED_PRIMALITY_UNASSIGNED,GF3A_DIRECTIONAL_WRITE_EXHAUSTED_PRIMALITY_UNASSIGNED,514,512,512,NO_RECORDED_FACTOR_PRP_OR_LL_RESULT_AND_NO_ACTIVE_GIMPS_ASSIGNMENT,2026-08-08T19:16:24+00:00,UNALLOCATED,,,,,
SLCMP700-0019,19,19,317251079,2^317251079-1,STRUCTURAL_SCREEN_EXHAUSTED_PRIMALITY_UNASSIGNED,GF3A_DIRECTIONAL_WRITE_EXHAUSTED_PRIMALITY_UNASSIGNED,514,512,512,NO_RECORDED_FACTOR_PRP_OR_LL_RESULT_AND_NO_ACTIVE_GIMPS_ASSIGNMENT,2026-08-08T19:16:24+00:00,UNALLOCATED,,,,,
SLCMP700-0020,20,20,317251133,2^317251133-1,STRUCTURAL_SCREEN_EXHAUSTED_PRIMALITY_UNASSIGNED,GF3A_DIRECTIONAL_WRITE_EXHAUSTED_PRIMALITY_UNASSIGNED,513,512,512,NO_RECORDED_FACTOR_PRP_OR_LL_RESULT_AND_NO_ACTIVE_GIMPS_ASSIGNMENT,2026-08-08T19:16:24+00:00,UNALLOCATED,,,,,
SLCMP700-0021,21,21,317251141,2^317251141-1,STRUCTURAL_SCREEN_EXHAUSTED_PRIMALITY_UNASSIGNED,GF3A_DIRECTIONAL_WRITE_EXHAUSTED_PRIMALITY_UNASSIGNED,513,512,512,NO_RECORDED_FACTOR_PRP_OR_LL_RESULT_AND_NO_ACTIVE_GIMPS_ASSIGNMENT,2026-08-08T19:16:24+00:00,UNALLOCATED,,,,,
SLCMP700-0022,22,22,317251171,2^317251171-1,STRUCTURAL_SCREEN_EXHAUSTED_PRIMALITY_UNASSIGNED,GF3A_DIRECTIONAL_WRITE_EXHAUSTED_PRIMALITY_UNASSIGNED,514,512,512,NO_RECORDED_FACTOR_PRP_OR_LL_RESULT_AND_NO_ACTIVE_GIMPS_ASSIGNMENT,2026-08-08T19:16:24+00:00,UNALLOCATED,,,,,
SLCMP700-0023,23,23,317251243,2^317251243-1,STRUCTURAL_SCREEN_EXHAUSTED_PRIMALITY_UNASSIGNED,GF3A_DIRECTIONAL_WRITE_EXHAUSTED_PRIMALITY_UNASSIGNED,514,512,512,NO_RECORDED_FACTOR_PRP_OR_LL_RESULT_AND_NO_ACTIVE_GIMPS_ASSIGNMENT,2026-08-08T19:16:24+00:00,UNALLOCATED,,,,,
SLCMP700-0024,24,24,317251309,2^317251309-1,STRUCTURAL_SCREEN_EXHAUSTED_PRIMALITY_UNASSIGNED,GF3A_DIRECTIONAL_WRITE_EXHAUSTED_PRIMALITY_UNASSIGNED,513,512,512,NO_RECORDED_FACTOR_PRP_OR_LL_RESULT_AND_NO_ACTIVE_GIMPS_ASSIGNMENT,2026-08-08T19:16:24+00:00,UNALLOCATED,,,,,
SLCMP700-0025,25,25,317251327,2^317251327-1,STRUCTURAL_SCREEN_EXHAUSTED_PRIMALITY_UNASSIGNED,GF3A_DIRECTIONAL_WRITE_EXHAUSTED_PRIMALITY_UNASSIGNED,514,512,512,NO_RECORDED_FACTOR_PRP_OR_LL_RESULT_AND_NO_ACTIVE_GIMPS_ASSIGNMENT,2026-08-08T19:16:24+00:00,UNALLOCATED,,,,,
SLCMP700-0026,26,26,317251339,2^317251339-1,STRUCTURAL_SCREEN_EXHAUSTED_PRIMALITY_UNASSIGNED,GF3A_DIRECTIONAL_WRITE_EXHAUSTED_PRIMALITY_UNASSIGNED,514,512,512,NO_RECORDED_FACTOR_PRP_OR_LL_RESULT_AND_NO_ACTIVE_GIMPS_ASSIGNMENT,2026-08-08T19:16:24+00:00,UNALLOCATED,,,,,
SLCMP700-0027,27,27,317251369,2^317251369-1,STRUCTURAL_SCREEN_EXHAUSTED_PRIMALITY_UNASSIGNED,GF3A_DIRECTIONAL_WRITE_EXHAUSTED_PRIMALITY_UNASSIGNED,513,512,512,NO_RECORDED_FACTOR_PRP_OR_LL_RESULT_AND_NO_ACTIVE_GIMPS_ASSIGNMENT,2026-08-08T19:16:24+00:00,UNALLOCATED,,,,,
SLCMP700-0028,28,28,317251391,2^317251391-1,STRUCTURAL_SCREEN_EXHAUSTED_PRIMALITY_UNASSIGNED,GF3A_DIRECTIONAL_WRITE_EXHAUSTED_PRIMALITY_UNASSIGNED,514,512,512,NO_RECORDED_FACTOR_PRP_OR_LL_RESULT_AND_NO_ACTIVE_GIMPS_ASSIGNMENT,2026-08-08T19:16:24+00:00,UNALLOCATED,,,,,
SLCMP700-0029,29,29,317251513,2^317251513-1,STRUCTURAL_SCREEN_EXHAUSTED_PRIMALITY_UNASSIGNED,GF3A_DIRECTIONAL_WRITE_EXHAUSTED_PRIMALITY_UNASSIGNED,513,512,512,NO_RECORDED_FACTOR_PRP_OR_LL_RESULT_AND_NO_ACTIVE_GIMPS_ASSIGNMENT,2026-08-08T19:16:24+00:00,UNALLOCATED,,,,,
SLCMP700-0030,30,30,317251523,2^317251523-1,STRUCTURAL_SCREEN_EXHAUSTED_PRIMALITY_UNASSIGNED,GF3A_DIRECTIONAL_WRITE_EXHAUSTED_PRIMALITY_UNASSIGNED,514,512,512,NO_RECORDED_FACTOR_PRP_OR_LL_RESULT_AND_NO_ACTIVE_GIMPS_ASSIGNMENT,2026-08-08T19:16:24+00:00,UNALLOCATED,,,,,
SLCMP700-0031,31,31,317251541,2^317251541-1,STRUCTURAL_SCREEN_EXHAUSTED_PRIMALITY_UNASSIGNED,GF3A_DIRECTIONAL_WRITE_EXHAUSTED_PRIMALITY_UNASSIGNED,513,512,512,NO_RECORDED_FACTOR_PRP_OR_LL_RESULT_AND_NO_ACTIVE_GIMPS_ASSIGNMENT,2026-08-08T19:16:24+00:00,UNALLOCATED,,,,,
SLCMP700-0032,32,32,317251567,2^317251567-1,STRUCTURAL_SCREEN_EXHAUSTED_PRIMALITY_UNASSIGNED,GF3A_DIRECTIONAL_WRITE_EXHAUSTED_PRIMALITY_UNASSIGNED,514,512,512,NO_RECORDED_FACTOR_PRP_OR_LL_RESULT_AND_NO_ACTIVE_GIMPS_ASSIGNMENT,2026-08-08T19:16:24+00:00,UNALLOCATED,,,,,
SLCMP700-0033,33,33,317251589,2^317251589-1,STRUCTURAL_SCREEN_EXHAUSTED_PRIMALITY_UNASSIGNED,GF3A_DIRECTIONAL_WRITE_EXHAUSTED_PRIMALITY_UNASSIGNED,513,512,512,NO_RECORDED_FACTOR_PRP_OR_LL_RESULT_AND_NO_ACTIVE_GIMPS_ASSIGNMENT,2026-08-08T19:16:24+00:00,UNALLOCATED,,,,,
SLCMP700-0034,34,34,317251661,2^317251661-1,STRUCTURAL_SCREEN_EXHAUSTED_PRIMALITY_UNASSIGNED,GF3A_DIRECTIONAL_WRITE_EXHAUSTED_PRIMALITY_UNASSIGNED,513,512,512,NO_RECORDED_FACTOR_PRP_OR_LL_RESULT_AND_NO_ACTIVE_GIMPS_ASSIGNMENT,2026-08-08T19:16:24+00:00,UNALLOCATED,,,,,
SLCMP700-0035,35,35,317251729,2^317251729-1,STRUCTURAL_SCREEN_EXHAUSTED_PRIMALITY_UNASSIGNED,GF3A_DIRECTIONAL_WRITE_EXHAUSTED_PRIMALITY_UNASSIGNED,513,512,512,NO_RECORDED_FACTOR_PRP_OR_LL_RESULT_AND_NO_ACTIVE_GIMPS_ASSIGNMENT,2026-08-08T19:16:24+00:00,UNALLOCATED,,,,,
SLCMP700-0036,36,36,317251763,2^317251763-1,STRUCTURAL_SCREEN_EXHAUSTED_PRIMALITY_UNASSIGNED,GF3A_DIRECTIONAL_WRITE_EXHAUSTED_PRIMALITY_UNASSIGNED,514,512,512,NO_RECORDED_FACTOR_PRP_OR_LL_RESULT_AND_NO_ACTIVE_GIMPS_ASSIGNMENT,2026-08-08T19:16:24+00:00,UNALLOCATED,,,,,
SLCMP700-0037,37,37,317251853,2^317251853-1,STRUCTURAL_SCREEN_EXHAUSTED_PRIMALITY_UNASSIGNED,GF3A_DIRECTIONAL_WRITE_EXHAUSTED_PRIMALITY_UNASSIGNED,513,512,512,NO_RECORDED_FACTOR_PRP_OR_LL_RESULT_AND_NO_ACTIVE_GIMPS_ASSIGNMENT,2026-08-08T19:16:24+00:00,UNALLOCATED,,,,,
SLCMP700-0038,38,38,317251931,2^317251931-1,STRUCTURAL_SCREEN_EXHAUSTED_PRIMALITY_UNASSIGNED,GF3A_DIRECTIONAL_WRITE_EXHAUSTED_PRIMALITY_UNASSIGNED,514,512,512,NO_RECORDED_FACTOR_PRP_OR_LL_RESULT_AND_NO_ACTIVE_GIMPS_ASSIGNMENT,2026-08-08T19:16:24+00:00,UNALLOCATED,,,,,
SLCMP700-0039,39,39,317251933,2^317251933-1,STRUCTURAL_SCREEN_EXHAUSTED_PRIMALITY_UNASSIGNED,GF3A_DIRECTIONAL_WRITE_EXHAUSTED_PRIMALITY_UNASSIGNED,513,512,512,NO_RECORDED_FACTOR_PRP_OR_LL_RESULT_AND_NO_ACTIVE_GIMPS_ASSIGNMENT,2026-08-08T19:16:24+00:00,UNALLOCATED,,,,,
SLCMP700-0040,40,40,317251937,2^317251937-1,STRUCTURAL_SCREEN_EXHAUSTED_PRIMALITY_UNASSIGNED,GF3A_DIRECTIONAL_WRITE_EXHAUSTED_PRIMALITY_UNASSIGNED,513,512,512,NO_RECORDED_FACTOR_PRP_OR_LL_RESULT_AND_NO_ACTIVE_GIMPS_ASSIGNMENT,2026-08-08T19:16:24+00:00,UNALLOCATED,,,,,
SLCMP700-0041,41,41,317251951,2^317251951-1,STRUCTURAL_SCREEN_EXHAUSTED_PRIMALITY_UNASSIGNED,GF3A_DIRECTIONAL_WRITE_EXHAUSTED_PRIMALITY_UNASSIGNED,514,512,512,NO_RECORDED_FACTOR_PRP_OR_LL_RESULT_AND_NO_ACTIVE_GIMPS_ASSIGNMENT,2026-08-08T19:16:24+00:00,UNALLOCATED,,,,,
SLCMP700-0042,42,42,317251997,2^317251997-1,STRUCTURAL_SCREEN_EXHAUSTED_PRIMALITY_UNASSIGNED,GF3A_DIRECTIONAL_WRITE_EXHAUSTED_PRIMALITY_UNASSIGNED,513,512,512,NO_RECORDED_FACTOR_PRP_OR_LL_RESULT_AND_NO_ACTIVE_GIMPS_ASSIGNMENT,2026-08-08T19:16:24+00:00,UNALLOCATED,,,,,
SLCMP700-0043,43,43,317252017,2^317252017-1,STRUCTURAL_SCREEN_EXHAUSTED_PRIMALITY_UNASSIGNED,GF3A_DIRECTIONAL_WRITE_EXHAUSTED_PRIMALITY_UNASSIGNED,513,512,512,NO_RECORDED_FACTOR_PRP_OR_LL_RESULT_AND_NO_ACTIVE_GIMPS_ASSIGNMENT,2026-08-08T19:16:24+00:00,UNALLOCATED,,,,,
SLCMP700-0044,44,44,317252081,2^317252081-1,STRUCTURAL_SCREEN_EXHAUSTED_PRIMALITY_UNASSIGNED,GF3A_DIRECTIONAL_WRITE_EXHAUSTED_PRIMALITY_UNASSIGNED,513,512,512,NO_RECORDED_FACTOR_PRP_OR_LL_RESULT_AND_NO_ACTIVE_GIMPS_ASSIGNMENT,2026-08-08T19:16:24+00:00,UNALLOCATED,,,,,
SLCMP700-0045,45,45,317252093,2^317252093-1,STRUCTURAL_SCREEN_EXHAUSTED_PRIMALITY_UNASSIGNED,GF3A_DIRECTIONAL_WRITE_EXHAUSTED_PRIMALITY_UNASSIGNED,513,512,512,NO_RECORDED_FACTOR_PRP_OR_LL_RESULT_AND_NO_ACTIVE_GIMPS_ASSIGNMENT,2026-08-08T19:16:24+00:00,UNALLOCATED,,,,,
SLCMP700-0046,46,46,317252107,2^317252107-1,STRUCTURAL_SCREEN_EXHAUSTED_PRIMALITY_UNASSIGNED,GF3A_DIRECTIONAL_WRITE_EXHAUSTED_PRIMALITY_UNASSIGNED,514,512,512,NO_RECORDED_FACTOR_PRP_OR_LL_RESULT_AND_NO_ACTIVE_GIMPS_ASSIGNMENT,2026-08-08T19:16:24+00:00,UNALLOCATED,,,,,
SLCMP700-0047,47,47,317252123,2^317252123-1,STRUCTURAL_SCREEN_EXHAUSTED_PRIMALITY_UNASSIGNED,GF3A_DIRECTIONAL_WRITE_EXHAUSTED_PRIMALITY_UNASSIGNED,514,512,512,NO_RECORDED_FACTOR_PRP_OR_LL_RESULT_AND_NO_ACTIVE_GIMPS_ASSIGNMENT,2026-08-08T19:16:24+00:00,UNALLOCATED,,,,,
SLCMP700-0048,48,48,317252207,2^317252207-1,STRUCTURAL_SCREEN_EXHAUSTED_PRIMALITY_UNASSIGNED,GF3A_DIRECTIONAL_WRITE_EXHAUSTED_PRIMALITY_UNASSIGNED,514,512,512,NO_RECORDED_FACTOR_PRP_OR_LL_RESULT_AND_NO_ACTIVE_GIMPS_ASSIGNMENT,2026-08-08T19:16:24+00:00,UNALLOCATED,,,,,
SLCMP700-0049,49,49,317252231,2^317252231-1,STRUCTURAL_SCREEN_EXHAUSTED_PRIMALITY_UNASSIGNED,GF3A_DIRECTIONAL_WRITE_EXHAUSTED_PRIMALITY_UNASSIGNED,514,512,512,NO_RECORDED_FACTOR_PRP_OR_LL_RESULT_AND_NO_ACTIVE_GIMPS_ASSIGNMENT,2026-08-08T19:16:24+00:00,UNALLOCATED,,,,,
SLCMP700-0050,50,50,317252449,2^317252449-1,STRUCTURAL_SCREEN_EXHAUSTED_PRIMALITY_UNASSIGNED,GF3A_DIRECTIONAL_WRITE_EXHAUSTED_PRIMALITY_UNASSIGNED,513,512,512,NO_RECORDED_FACTOR_PRP_OR_LL_RESULT_AND_NO_ACTIVE_GIMPS_ASSIGNMENT,2026-08-08T19:16:24+00:00,UNALLOCATED,,,,,
SLCMP700-0051,51,51,317252459,2^317252459-1,STRUCTURAL_SCREEN_EXHAUSTED_PRIMALITY_UNASSIGNED,GF3A_DIRECTIONAL_WRITE_EXHAUSTED_PRIMALITY_UNASSIGNED,514,512,512,NO_RECORDED_FACTOR_PRP_OR_LL_RESULT_AND_NO_ACTIVE_GIMPS_ASSIGNMENT,2026-08-08T19:16:24+00:00,UNALLOCATED,,,,,
SLCMP700-0052,52,52,317252461,2^317252461-1,STRUCTURAL_SCREEN_EXHAUSTED_PRIMALITY_UNASSIGNED,GF3A_DIRECTIONAL_WRITE_EXHAUSTED_PRIMALITY_UNASSIGNED,513,512,512,NO_RECORDED_FACTOR_PRP_OR_LL_RESULT_AND_NO_ACTIVE_GIMPS_ASSIGNMENT,2026-08-08T19:16:24+00:00,UNALLOCATED,,,,,
SLCMP700-0053,53,53,317252471,2^317252471-1,STRUCTURAL_SCREEN_EXHAUSTED_PRIMALITY_UNASSIGNED,GF3A_DIRECTIONAL_WRITE_EXHAUSTED_PRIMALITY_UNASSIGNED,514,512,512,NO_RECORDED_FACTOR_PRP_OR_LL_RESULT_AND_NO_ACTIVE_GIMPS_ASSIGNMENT,2026-08-08T19:16:24+00:00,UNALLOCATED,,,,,
SLCMP700-0054,54,54,317252483,2^317252483-1,STRUCTURAL_SCREEN_EXHAUSTED_PRIMALITY_UNASSIGNED,GF3A_DIRECTIONAL_WRITE_EXHAUSTED_PRIMALITY_UNASSIGNED,514,512,512,NO_RECORDED_FACTOR_PRP_OR_LL_RESULT_AND_NO_ACTIVE_GIMPS_ASSIGNMENT,2026-08-08T19:16:24+00:00,UNALLOCATED,,,,,
SLCMP700-0055,55,55,317252503,2^317252503-1,STRUCTURAL_SCREEN_EXHAUSTED_PRIMALITY_UNASSIGNED,GF3A_DIRECTIONAL_WRITE_EXHAUSTED_PRIMALITY_UNASSIGNED,514,512,512,NO_RECORDED_FACTOR_PRP_OR_LL_RESULT_AND_NO_ACTIVE_GIMPS_ASSIGNMENT,2026-08-08T19:16:24+00:00,UNALLOCATED,,,,,
SLCMP700-0056,56,56,317252531,2^317252531-1,STRUCTURAL_SCREEN_EXHAUSTED_PRIMALITY_UNASSIGNED,GF3A_DIRECTIONAL_WRITE_EXHAUSTED_PRIMALITY_UNASSIGNED,514,512,512,NO_RECORDED_FACTOR_PRP_OR_LL_RESULT_AND_NO_ACTIVE_GIMPS_ASSIGNMENT,2026-08-08T19:16:24+00:00,UNALLOCATED,,,,,
SLCMP700-0057,57,57,317252587,2^317252587-1,STRUCTURAL_SCREEN_EXHAUSTED_PRIMALITY_UNASSIGNED,GF3A_DIRECTIONAL_WRITE_EXHAUSTED_PRIMALITY_UNASSIGNED,514,512,512,NO_RECORDED_FACTOR_PRP_OR_LL_RESULT_AND_NO_ACTIVE_GIMPS_ASSIGNMENT,2026-08-08T19:16:24+00:00,UNALLOCATED,,,,,
SLCMP700-0058,58,58,317252699,2^317252699-1,STRUCTURAL_SCREEN_EXHAUSTED_PRIMALITY_UNASSIGNED,GF3A_DIRECTIONAL_WRITE_EXHAUSTED_PRIMALITY_UNASSIGNED,514,512,512,NO_RECORDED_FACTOR_PRP_OR_LL_RESULT_AND_NO_ACTIVE_GIMPS_ASSIGNMENT,2026-08-08T19:16:24+00:00,UNALLOCATED,,,,,
SLCMP700-0059,59,59,317252797,2^317252797-1,STRUCTURAL_SCREEN_EXHAUSTED_PRIMALITY_UNASSIGNED,GF3A_DIRECTIONAL_WRITE_EXHAUSTED_PRIMALITY_UNASSIGNED,513,512,512,NO_RECORDED_FACTOR_PRP_OR_LL_RESULT_AND_NO_ACTIVE_GIMPS_ASSIGNMENT,2026-08-08T19:16:24+00:00,UNALLOCATED,,,,,
SLCMP700-0060,60,60,317252813,2^317252813-1,STRUCTURAL_SCREEN_EXHAUSTED_PRIMALITY_UNASSIGNED,GF3A_DIRECTIONAL_WRITE_EXHAUSTED_PRIMALITY_UNASSIGNED,513,512,512,NO_RECORDED_FACTOR_PRP_OR_LL_RESULT_AND_NO_ACTIVE_GIMPS_ASSIGNMENT,2026-08-08T19:16:24+00:00,UNALLOCATED,,,,,
SLCMP700-0061,61,61,317252863,2^317252863-1,STRUCTURAL_SCREEN_EXHAUSTED_PRIMALITY_UNASSIGNED,GF3A_DIRECTIONAL_WRITE_EXHAUSTED_PRIMALITY_UNASSIGNED,514,512,512,NO_RECORDED_FACTOR_PRP_OR_LL_RESULT_AND_NO_ACTIVE_GIMPS_ASSIGNMENT,2026-08-08T19:16:24+00:00,UNALLOCATED,,,,,
SLCMP700-0062,62,62,317252909,2^317252909-1,STRUCTURAL_SCREEN_EXHAUSTED_PRIMALITY_UNASSIGNED,GF3A_DIRECTIONAL_WRITE_EXHAUSTED_PRIMALITY_UNASSIGNED,513,512,512,NO_RECORDED_FACTOR_PRP_OR_LL_RESULT_AND_NO_ACTIVE_GIMPS_ASSIGNMENT,2026-08-08T19:16:24+00:00,UNALLOCATED,,,,,
SLCMP700-0063,63,63,317252939,2^317252939-1,STRUCTURAL_SCREEN_EXHAUSTED_PRIMALITY_UNASSIGNED,GF3A_DIRECTIONAL_WRITE_EXHAUSTED_PRIMALITY_UNASSIGNED,514,512,512,NO_RECORDED_FACTOR_PRP_OR_LL_RESULT_AND_NO_ACTIVE_GIMPS_ASSIGNMENT,2026-08-08T19:16:24+00:00,UNALLOCATED,,,,,
SLCMP700-0064,64,64,317252993,2^317252993-1,STRUCTURAL_SCREEN_EXHAUSTED_PRIMALITY_UNASSIGNED,GF3A_DIRECTIONAL_WRITE_EXHAUSTED_PRIMALITY_UNASSIGNED,513,512,512,NO_RECORDED_FACTOR_PRP_OR_LL_RESULT_AND_NO_ACTIVE_GIMPS_ASSIGNMENT,2026-08-08T19:16:24+00:00,UNALLOCATED,,,,,
SLCMP700-0065,65,65,317253029,2^317253029-1,STRUCTURAL_SCREEN_EXHAUSTED_PRIMALITY_UNASSIGNED,GF3A_DIRECTIONAL_WRITE_EXHAUSTED_PRIMALITY_UNASSIGNED,513,512,512,NO_RECORDED_FACTOR_PRP_OR_LL_RESULT_AND_NO_ACTIVE_GIMPS_ASSIGNMENT,2026-08-08T19:16:24+00:00,UNALLOCATED,,,,,
SLCMP700-0066,66,66,317253043,2^317253043-1,STRUCTURAL_SCREEN_EXHAUSTED_PRIMALITY_UNASSIGNED,GF3A_DIRECTIONAL_WRITE_EXHAUSTED_PRIMALITY_UNASSIGNED,514,512,512,NO_RECORDED_FACTOR_PRP_OR_LL_RESULT_AND_NO_ACTIVE_GIMPS_ASSIGNMENT,2026-08-08T19:16:24+00:00,UNALLOCATED,,,,,
SLCMP700-0067,67,67,317253047,2^317253047-1,STRUCTURAL_SCREEN_EXHAUSTED_PRIMALITY_UNASSIGNED,GF3A_DIRECTIONAL_WRITE_EXHAUSTED_PRIMALITY_UNASSIGNED,514,512,512,NO_RECORDED_FACTOR_PRP_OR_LL_RESULT_AND_NO_ACTIVE_GIMPS_ASSIGNMENT,2026-08-08T19:16:24+00:00,UNALLOCATED,,,,,
SLCMP700-0068,68,68,317253161,2^317253161-1,STRUCTURAL_SCREEN_EXHAUSTED_PRIMALITY_UNASSIGNED,GF3A_DIRECTIONAL_WRITE_EXHAUSTED_PRIMALITY_UNASSIGNED,513,512,512,NO_RECORDED_FACTOR_PRP_OR_LL_RESULT_AND_NO_ACTIVE_GIMPS_ASSIGNMENT,2026-08-08T19:16:24+00:00,UNALLOCATED,,,,,
SLCMP700-0069,69,69,317253173,2^317253173-1,STRUCTURAL_SCREEN_EXHAUSTED_PRIMALITY_UNASSIGNED,GF3A_DIRECTIONAL_WRITE_EXHAUSTED_PRIMALITY_UNASSIGNED,513,512,512,NO_RECORDED_FACTOR_PRP_OR_LL_RESULT_AND_NO_ACTIVE_GIMPS_ASSIGNMENT,2026-08-08T19:16:24+00:00,UNALLOCATED,,,,,
SLCMP700-0070,70,70,317253187,2^317253187-1,STRUCTURAL_SCREEN_EXHAUSTED_PRIMALITY_UNASSIGNED,GF3A_DIRECTIONAL_WRITE_EXHAUSTED_PRIMALITY_UNASSIGNED,514,512,512,NO_RECORDED_FACTOR_PRP_OR_LL_RESULT_AND_NO_ACTIVE_GIMPS_ASSIGNMENT,2026-08-08T19:16:24+00:00,UNALLOCATED,,,,,
SLCMP700-0071,71,71,317253217,2^317253217-1,STRUCTURAL_SCREEN_EXHAUSTED_PRIMALITY_UNASSIGNED,GF3A_DIRECTIONAL_WRITE_EXHAUSTED_PRIMALITY_UNASSIGNED,513,512,512,NO_RECORDED_FACTOR_PRP_OR_LL_RESULT_AND_NO_ACTIVE_GIMPS_ASSIGNMENT,2026-08-08T19:16:24+00:00,UNALLOCATED,,,,,
SLCMP700-0072,72,72,317253457,2^317253457-1,STRUCTURAL_SCREEN_EXHAUSTED_PRIMALITY_UNASSIGNED,GF3A_DIRECTIONAL_WRITE_EXHAUSTED_PRIMALITY_UNASSIGNED,513,512,512,NO_RECORDED_FACTOR_PRP_OR_LL_RESULT_AND_NO_ACTIVE_GIMPS_ASSIGNMENT,2026-08-08T19:16:24+00:00,UNALLOCATED,,,,,
SLCMP700-0073,73,73,317253487,2^317253487-1,STRUCTURAL_SCREEN_EXHAUSTED_PRIMALITY_UNASSIGNED,GF3A_DIRECTIONAL_WRITE_EXHAUSTED_PRIMALITY_UNASSIGNED,514,512,512,NO_RECORDED_FACTOR_PRP_OR_LL_RESULT_AND_NO_ACTIVE_GIMPS_ASSIGNMENT,2026-08-08T19:16:24+00:00,UNALLOCATED,,,,,
SLCMP700-0074,74,74,317253553,2^317253553-1,STRUCTURAL_SCREEN_EXHAUSTED_PRIMALITY_UNASSIGNED,GF3A_DIRECTIONAL_WRITE_EXHAUSTED_PRIMALITY_UNASSIGNED,513,512,512,NO_RECORDED_FACTOR_PRP_OR_LL_RESULT_AND_NO_ACTIVE_GIMPS_ASSIGNMENT,2026-08-08T19:16:24+00:00,UNALLOCATED,,,,,
SLCMP700-0075,75,75,317253557,2^317253557-1,STRUCTURAL_SCREEN_EXHAUSTED_PRIMALITY_UNASSIGNED,GF3A_DIRECTIONAL_WRITE_EXHAUSTED_PRIMALITY_UNASSIGNED,513,512,512,NO_RECORDED_FACTOR_PRP_OR_LL_RESULT_AND_NO_ACTIVE_GIMPS_ASSIGNMENT,2026-08-08T19:16:24+00:00,UNALLOCATED,,,,,
SLCMP700-0076,76,76,317253569,2^317253569-1,STRUCTURAL_SCREEN_EXHAUSTED_PRIMALITY_UNASSIGNED,GF3A_DIRECTIONAL_WRITE_EXHAUSTED_PRIMALITY_UNASSIGNED,513,512,512,NO_RECORDED_FACTOR_PRP_OR_LL_RESULT_AND_NO_ACTIVE_GIMPS_ASSIGNMENT,2026-08-08T19:16:24+00:00,UNALLOCATED,,,,,
SLCMP700-0077,77,77,317253749,2^317253749-1,STRUCTURAL_SCREEN_EXHAUSTED_PRIMALITY_UNASSIGNED,GF3A_DIRECTIONAL_WRITE_EXHAUSTED_PRIMALITY_UNASSIGNED,513,512,512,NO_RECORDED_FACTOR_PRP_OR_LL_RESULT_AND_NO_ACTIVE_GIMPS_ASSIGNMENT,2026-08-08T19:16:24+00:00,UNALLOCATED,,,,,
SLCMP700-0078,78,78,317253757,2^317253757-1,STRUCTURAL_SCREEN_EXHAUSTED_PRIMALITY_UNASSIGNED,GF3A_DIRECTIONAL_WRITE_EXHAUSTED_PRIMALITY_UNASSIGNED,513,512,512,NO_RECORDED_FACTOR_PRP_OR_LL_RESULT_AND_NO_ACTIVE_GIMPS_ASSIGNMENT,2026-08-08T19:16:24+00:00,UNALLOCATED,,,,,
SLCMP700-0079,79,79,317253763,2^317253763-1,STRUCTURAL_SCREEN_EXHAUSTED_PRIMALITY_UNASSIGNED,GF3A_DIRECTIONAL_WRITE_EXHAUSTED_PRIMALITY_UNASSIGNED,514,512,512,NO_RECORDED_FACTOR_PRP_OR_LL_RESULT_AND_NO_ACTIVE_GIMPS_ASSIGNMENT,2026-08-08T19:16:24+00:00,UNALLOCATED,,,,,
SLCMP700-0080,80,80,317253793,2^317253793-1,STRUCTURAL_SCREEN_EXHAUSTED_PRIMALITY_UNASSIGNED,GF3A_DIRECTIONAL_WRITE_EXHAUSTED_PRIMALITY_UNASSIGNED,513,512,512,NO_RECORDED_FACTOR_PRP_OR_LL_RESULT_AND_NO_ACTIVE_GIMPS_ASSIGNMENT,2026-08-08T19:16:24+00:00,UNALLOCATED,,,,,
SLCMP700-0081,81,81,317253817,2^317253817-1,STRUCTURAL_SCREEN_EXHAUSTED_PRIMALITY_UNASSIGNED,GF3A_DIRECTIONAL_WRITE_EXHAUSTED_PRIMALITY_UNASSIGNED,513,512,512,NO_RECORDED_FACTOR_PRP_OR_LL_RESULT_AND_NO_ACTIVE_GIMPS_ASSIGNMENT,2026-08-08T19:16:24+00:00,UNALLOCATED,,,,,
SLCMP700-0082,82,82,317253821,2^317253821-1,STRUCTURAL_SCREEN_EXHAUSTED_PRIMALITY_UNASSIGNED,GF3A_DIRECTIONAL_WRITE_EXHAUSTED_PRIMALITY_UNASSIGNED,513,512,512,NO_RECORDED_FACTOR_PRP_OR_LL_RESULT_AND_NO_ACTIVE_GIMPS_ASSIGNMENT,2026-08-08T19:16:24+00:00,UNALLOCATED,,,,,
SLCMP700-0083,83,83,317253841,2^317253841-1,STRUCTURAL_SCREEN_EXHAUSTED_PRIMALITY_UNASSIGNED,GF3A_DIRECTIONAL_WRITE_EXHAUSTED_PRIMALITY_UNASSIGNED,513,512,512,NO_RECORDED_FACTOR_PRP_OR_LL_RESULT_AND_NO_ACTIVE_GIMPS_ASSIGNMENT,2026-08-08T19:16:24+00:00,UNALLOCATED,,,,,
SLCMP700-0084,84,84,317253889,2^317253889-1,STRUCTURAL_SCREEN_EXHAUSTED_PRIMALITY_UNASSIGNED,GF3A_DIRECTIONAL_WRITE_EXHAUSTED_PRIMALITY_UNASSIGNED,513,512,512,NO_RECORDED_FACTOR_PRP_OR_LL_RESULT_AND_NO_ACTIVE_GIMPS_ASSIGNMENT,2026-08-08T19:16:24+00:00,UNALLOCATED,,,,,
SLCMP700-0085,85,85,317253977,2^317253977-1,STRUCTURAL_SCREEN_EXHAUSTED_PRIMALITY_UNASSIGNED,GF3A_DIRECTIONAL_WRITE_EXHAUSTED_PRIMALITY_UNASSIGNED,513,512,512,NO_RECORDED_FACTOR_PRP_OR_LL_RESULT_AND_NO_ACTIVE_GIMPS_ASSIGNMENT,2026-08-08T19:16:24+00:00,UNALLOCATED,,,,,
SLCMP700-0086,86,86,317254073,2^317254073-1,STRUCTURAL_SCREEN_EXHAUSTED_PRIMALITY_UNASSIGNED,GF3A_DIRECTIONAL_WRITE_EXHAUSTED_PRIMALITY_UNASSIGNED,513,512,512,NO_RECORDED_FACTOR_PRP_OR_LL_RESULT_AND_NO_ACTIVE_GIMPS_ASSIGNMENT,2026-08-08T19:16:24+00:00,UNALLOCATED,,,,,
SLCMP700-0087,87,87,317254109,2^317254109-1,STRUCTURAL_SCREEN_EXHAUSTED_PRIMALITY_UNASSIGNED,GF3A_DIRECTIONAL_WRITE_EXHAUSTED_PRIMALITY_UNASSIGNED,513,512,512,NO_RECORDED_FACTOR_PRP_OR_LL_RESULT_AND_NO_ACTIVE_GIMPS_ASSIGNMENT,2026-08-08T19:16:24+00:00,UNALLOCATED,,,,,
SLCMP700-0088,88,88,317254123,2^317254123-1,STRUCTURAL_SCREEN_EXHAUSTED_PRIMALITY_UNASSIGNED,GF3A_DIRECTIONAL_WRITE_EXHAUSTED_PRIMALITY_UNASSIGNED,514,512,512,NO_RECORDED_FACTOR_PRP_OR_LL_RESULT_AND_NO_ACTIVE_GIMPS_ASSIGNMENT,2026-08-08T19:16:24+00:00,UNALLOCATED,,,,,
SLCMP700-0089,89,89,317254163,2^317254163-1,STRUCTURAL_SCREEN_EXHAUSTED_PRIMALITY_UNASSIGNED,GF3A_DIRECTIONAL_WRITE_EXHAUSTED_PRIMALITY_UNASSIGNED,514,512,512,NO_RECORDED_FACTOR_PRP_OR_LL_RESULT_AND_NO_ACTIVE_GIMPS_ASSIGNMENT,2026-08-08T19:16:24+00:00,UNALLOCATED,,,,,
SLCMP700-0090,90,90,317254193,2^317254193-1,STRUCTURAL_SCREEN_EXHAUSTED_PRIMALITY_UNASSIGNED,GF3A_DIRECTIONAL_WRITE_EXHAUSTED_PRIMALITY_UNASSIGNED,513,512,512,NO_RECORDED_FACTOR_PRP_OR_LL_RESULT_AND_NO_ACTIVE_GIMPS_ASSIGNMENT,2026-08-08T19:16:24+00:00,UNALLOCATED,,,,,
SLCMP700-0091,91,91,317254331,2^317254331-1,STRUCTURAL_SCREEN_EXHAUSTED_PRIMALITY_UNASSIGNED,GF3A_DIRECTIONAL_WRITE_EXHAUSTED_PRIMALITY_UNASSIGNED,514,512,512,NO_RECORDED_FACTOR_PRP_OR_LL_RESULT_AND_NO_ACTIVE_GIMPS_ASSIGNMENT,2026-08-08T19:16:24+00:00,UNALLOCATED,,,,,
SLCMP700-0092,92,92,317254367,2^317254367-1,STRUCTURAL_SCREEN_EXHAUSTED_PRIMALITY_UNASSIGNED,GF3A_DIRECTIONAL_WRITE_EXHAUSTED_PRIMALITY_UNASSIGNED,514,512,512,NO_RECORDED_FACTOR_PRP_OR_LL_RESULT_AND_NO_ACTIVE_GIMPS_ASSIGNMENT,2026-08-08T19:16:24+00:00,UNALLOCATED,,,,,
SLCMP700-0093,93,93,317254397,2^317254397-1,STRUCTURAL_SCREEN_EXHAUSTED_PRIMALITY_UNASSIGNED,GF3A_DIRECTIONAL_WRITE_EXHAUSTED_PRIMALITY_UNASSIGNED,513,512,512,NO_RECORDED_FACTOR_PRP_OR_LL_RESULT_AND_NO_ACTIVE_GIMPS_ASSIGNMENT,2026-08-08T19:16:24+00:00,UNALLOCATED,,,,,
SLCMP700-0094,94,94,317254411,2^317254411-1,STRUCTURAL_SCREEN_EXHAUSTED_PRIMALITY_UNASSIGNED,GF3A_DIRECTIONAL_WRITE_EXHAUSTED_PRIMALITY_UNASSIGNED,514,512,512,NO_RECORDED_FACTOR_PRP_OR_LL_RESULT_AND_NO_ACTIVE_GIMPS_ASSIGNMENT,2026-08-08T19:16:24+00:00,UNALLOCATED,,,,,
SLCMP700-0095,95,95,317254477,2^317254477-1,STRUCTURAL_SCREEN_EXHAUSTED_PRIMALITY_UNASSIGNED,GF3A_DIRECTIONAL_WRITE_EXHAUSTED_PRIMALITY_UNASSIGNED,513,512,512,NO_RECORDED_FACTOR_PRP_OR_LL_RESULT_AND_NO_ACTIVE_GIMPS_ASSIGNMENT,2026-08-08T19:16:24+00:00,UNALLOCATED,,,,,
SLCMP700-0096,96,96,317254501,2^317254501-1,STRUCTURAL_SCREEN_EXHAUSTED_PRIMALITY_UNASSIGNED,GF3A_DIRECTIONAL_WRITE_EXHAUSTED_PRIMALITY_UNASSIGNED,513,512,512,NO_RECORDED_FACTOR_PRP_OR_LL_RESULT_AND_NO_ACTIVE_GIMPS_ASSIGNMENT,2026-08-08T19:16:24+00:00,UNALLOCATED,,,,,
SLCMP700-0097,97,97,317254507,2^317254507-1,STRUCTURAL_SCREEN_EXHAUSTED_PRIMALITY_UNASSIGNED,GF3A_DIRECTIONAL_WRITE_EXHAUSTED_PRIMALITY_UNASSIGNED,514,512,512,NO_RECORDED_FACTOR_PRP_OR_LL_RESULT_AND_NO_ACTIVE_GIMPS_ASSIGNMENT,2026-08-08T19:16:24+00:00,UNALLOCATED,,,,,
SLCMP700-0098,98,98,317254517,2^317254517-1,STRUCTURAL_SCREEN_EXHAUSTED_PRIMALITY_UNASSIGNED,GF3A_DIRECTIONAL_WRITE_EXHAUSTED_PRIMALITY_UNASSIGNED,513,512,512,NO_RECORDED_FACTOR_PRP_OR_LL_RESULT_AND_NO_ACTIVE_GIMPS_ASSIGNMENT,2026-08-08T19:16:24+00:00,UNALLOCATED,,,,,
SLCMP700-0099,99,99,317254543,2^317254543-1,STRUCTURAL_SCREEN_EXHAUSTED_PRIMALITY_UNASSIGNED,GF3A_DIRECTIONAL_WRITE_EXHAUSTED_PRIMALITY_UNASSIGNED,514,512,512,NO_RECORDED_FACTOR_PRP_OR_LL_RESULT_AND_NO_ACTIVE_GIMPS_ASSIGNMENT,2026-08-08T19:16:24+00:00,UNALLOCATED,,,,,
SLCMP700-0100,100,100,317254549,2^317254549-1,STRUCTURAL_SCREEN_EXHAUSTED_PRIMALITY_UNASSIGNED,GF3A_DIRECTIONAL_WRITE_EXHAUSTED_PRIMALITY_UNASSIGNED,513,512,512,NO_RECORDED_FACTOR_PRP_OR_LL_RESULT_AND_NO_ACTIVE_GIMPS_ASSIGNMENT,2026-08-08T19:16:24+00:00,UNALLOCATED,,,,,
SLCMP700-0101,101,101,317254579,2^317254579-1,STRUCTURAL_SCREEN_EXHAUSTED_PRIMALITY_UNASSIGNED,GF3A_DIRECTIONAL_WRITE_EXHAUSTED_PRIMALITY_UNASSIGNED,514,512,512,NO_RECORDED_FACTOR_PRP_OR_LL_RESULT_AND_NO_ACTIVE_GIMPS_ASSIGNMENT,2026-08-08T19:16:24+00:00,UNALLOCATED,,,,,
SLCMP700-0102,102,102,317254601,2^317254601-1,STRUCTURAL_SCREEN_EXHAUSTED_PRIMALITY_UNASSIGNED,GF3A_DIRECTIONAL_WRITE_EXHAUSTED_PRIMALITY_UNASSIGNED,513,512,512,NO_RECORDED_FACTOR_PRP_OR_LL_RESULT_AND_NO_ACTIVE_GIMPS_ASSIGNMENT,2026-08-08T19:16:24+00:00,UNALLOCATED,,,,,
SLCMP700-0103,103,103,317254631,2^317254631-1,STRUCTURAL_SCREEN_EXHAUSTED_PRIMALITY_UNASSIGNED,GF3A_DIRECTIONAL_WRITE_EXHAUSTED_PRIMALITY_UNASSIGNED,514,512,512,NO_RECORDED_FACTOR_PRP_OR_LL_RESULT_AND_NO_ACTIVE_GIMPS_ASSIGNMENT,2026-08-08T19:16:24+00:00,UNALLOCATED,,,,,
SLCMP700-0104,104,104,317254703,2^317254703-1,STRUCTURAL_SCREEN_EXHAUSTED_PRIMALITY_UNASSIGNED,GF3A_DIRECTIONAL_WRITE_EXHAUSTED_PRIMALITY_UNASSIGNED,514,512,512,NO_RECORDED_FACTOR_PRP_OR_LL_RESULT_AND_NO_ACTIVE_GIMPS_ASSIGNMENT,2026-08-08T19:16:24+00:00,UNALLOCATED,,,,,
SLCMP700-0105,105,105,317254831,2^317254831-1,STRUCTURAL_SCREEN_EXHAUSTED_PRIMALITY_UNASSIGNED,GF3A_DIRECTIONAL_WRITE_EXHAUSTED_PRIMALITY_UNASSIGNED,514,512,512,NO_RECORDED_FACTOR_PRP_OR_LL_RESULT_AND_NO_ACTIVE_GIMPS_ASSIGNMENT,2026-08-08T19:16:24+00:00,UNALLOCATED,,,,,
SLCMP700-0106,106,106,317254877,2^317254877-1,STRUCTURAL_SCREEN_EXHAUSTED_PRIMALITY_UNASSIGNED,GF3A_DIRECTIONAL_WRITE_EXHAUSTED_PRIMALITY_UNASSIGNED,513,512,512,NO_RECORDED_FACTOR_PRP_OR_LL_RESULT_AND_NO_ACTIVE_GIMPS_ASSIGNMENT,2026-08-08T19:16:24+00:00,UNALLOCATED,,,,,
SLCMP700-0107,107,107,317254937,2^317254937-1,STRUCTURAL_SCREEN_EXHAUSTED_PRIMALITY_UNASSIGNED,GF3A_DIRECTIONAL_WRITE_EXHAUSTED_PRIMALITY_UNASSIGNED,513,512,512,NO_RECORDED_FACTOR_PRP_OR_LL_RESULT_AND_NO_ACTIVE_GIMPS_ASSIGNMENT,2026-08-08T19:16:24+00:00,UNALLOCATED,,,,,
SLCMP700-0108,108,108,317255021,2^317255021-1,STRUCTURAL_SCREEN_EXHAUSTED_PRIMALITY_UNASSIGNED,GF3A_DIRECTIONAL_WRITE_EXHAUSTED_PRIMALITY_UNASSIGNED,513,512,512,NO_RECORDED_FACTOR_PRP_OR_LL_RESULT_AND_NO_ACTIVE_GIMPS_ASSIGNMENT,2026-08-08T19:16:24+00:00,UNALLOCATED,,,,,
SLCMP700-0109,109,109,317255101,2^317255101-1,STRUCTURAL_SCREEN_EXHAUSTED_PRIMALITY_UNASSIGNED,GF3A_DIRECTIONAL_WRITE_EXHAUSTED_PRIMALITY_UNASSIGNED,513,512,512,NO_RECORDED_FACTOR_PRP_OR_LL_RESULT_AND_NO_ACTIVE_GIMPS_ASSIGNMENT,2026-08-08T19:16:24+00:00,UNALLOCATED,,,,,
SLCMP700-0110,110,110,317255149,2^317255149-1,STRUCTURAL_SCREEN_EXHAUSTED_PRIMALITY_UNASSIGNED,GF3A_DIRECTIONAL_WRITE_EXHAUSTED_PRIMALITY_UNASSIGNED,513,512,512,NO_RECORDED_FACTOR_PRP_OR_LL_RESULT_AND_NO_ACTIVE_GIMPS_ASSIGNMENT,2026-08-08T19:16:24+00:00,UNALLOCATED,,,,,
SLCMP700-0111,111,111,317255177,2^317255177-1,STRUCTURAL_SCREEN_EXHAUSTED_PRIMALITY_UNASSIGNED,GF3A_DIRECTIONAL_WRITE_EXHAUSTED_PRIMALITY_UNASSIGNED,513,512,512,NO_RECORDED_FACTOR_PRP_OR_LL_RESULT_AND_NO_ACTIVE_GIMPS_ASSIGNMENT,2026-08-08T19:16:24+00:00,UNALLOCATED,,,,,
SLCMP700-0112,112,112,317255287,2^317255287-1,STRUCTURAL_SCREEN_EXHAUSTED_PRIMALITY_UNASSIGNED,GF3A_DIRECTIONAL_WRITE_EXHAUSTED_PRIMALITY_UNASSIGNED,514,512,512,NO_RECORDED_FACTOR_PRP_OR_LL_RESULT_AND_NO_ACTIVE_GIMPS_ASSIGNMENT,2026-08-08T19:16:24+00:00,UNALLOCATED,,,,,
SLCMP700-0113,113,113,317255339,2^317255339-1,STRUCTURAL_SCREEN_EXHAUSTED_PRIMALITY_UNASSIGNED,GF3A_DIRECTIONAL_WRITE_EXHAUSTED_PRIMALITY_UNASSIGNED,514,512,512,NO_RECORDED_FACTOR_PRP_OR_LL_RESULT_AND_NO_ACTIVE_GIMPS_ASSIGNMENT,2026-08-08T19:16:24+00:00,UNALLOCATED,,,,,
SLCMP700-0114,114,114,317255357,2^317255357-1,STRUCTURAL_SCREEN_EXHAUSTED_PRIMALITY_UNASSIGNED,GF3A_DIRECTIONAL_WRITE_EXHAUSTED_PRIMALITY_UNASSIGNED,513,512,512,NO_RECORDED_FACTOR_PRP_OR_LL_RESULT_AND_NO_ACTIVE_GIMPS_ASSIGNMENT,2026-08-08T19:16:24+00:00,UNALLOCATED,,,,,
SLCMP700-0115,115,115,317255459,2^317255459-1,STRUCTURAL_SCREEN_EXHAUSTED_PRIMALITY_UNASSIGNED,GF3A_DIRECTIONAL_WRITE_EXHAUSTED_PRIMALITY_UNASSIGNED,514,512,512,NO_RECORDED_FACTOR_PRP_OR_LL_RESULT_AND_NO_ACTIVE_GIMPS_ASSIGNMENT,2026-08-08T19:16:24+00:00,UNALLOCATED,,,,,
SLCMP700-0116,116,116,317255473,2^317255473-1,STRUCTURAL_SCREEN_EXHAUSTED_PRIMALITY_UNASSIGNED,GF3A_DIRECTIONAL_WRITE_EXHAUSTED_PRIMALITY_UNASSIGNED,513,512,512,NO_RECORDED_FACTOR_PRP_OR_LL_RESULT_AND_NO_ACTIVE_GIMPS_ASSIGNMENT,2026-08-08T19:16:24+00:00,UNALLOCATED,,,,,
SLCMP700-0117,117,117,317255647,2^317255647-1,STRUCTURAL_SCREEN_EXHAUSTED_PRIMALITY_UNASSIGNED,GF3A_DIRECTIONAL_WRITE_EXHAUSTED_PRIMALITY_UNASSIGNED,514,512,512,NO_RECORDED_FACTOR_PRP_OR_LL_RESULT_AND_NO_ACTIVE_GIMPS_ASSIGNMENT,2026-08-08T19:16:24+00:00,UNALLOCATED,,,,,
SLCMP700-0118,118,118,317255753,2^317255753-1,STRUCTURAL_SCREEN_EXHAUSTED_PRIMALITY_UNASSIGNED,GF3A_DIRECTIONAL_WRITE_EXHAUSTED_PRIMALITY_UNASSIGNED,513,512,512,NO_RECORDED_FACTOR_PRP_OR_LL_RESULT_AND_NO_ACTIVE_GIMPS_ASSIGNMENT,2026-08-08T19:16:24+00:00,UNALLOCATED,,,,,
SLCMP700-0119,119,119,317255791,2^317255791-1,STRUCTURAL_SCREEN_EXHAUSTED_PRIMALITY_UNASSIGNED,GF3A_DIRECTIONAL_WRITE_EXHAUSTED_PRIMALITY_UNASSIGNED,514,512,512,NO_RECORDED_FACTOR_PRP_OR_LL_RESULT_AND_NO_ACTIVE_GIMPS_ASSIGNMENT,2026-08-08T19:16:24+00:00,UNALLOCATED,,,,,
SLCMP700-0120,120,120,317255831,2^317255831-1,STRUCTURAL_SCREEN_EXHAUSTED_PRIMALITY_UNASSIGNED,GF3A_DIRECTIONAL_WRITE_EXHAUSTED_PRIMALITY_UNASSIGNED,514,512,512,NO_RECORDED_FACTOR_PRP_OR_LL_RESULT_AND_NO_ACTIVE_GIMPS_ASSIGNMENT,2026-08-08T19:16:24+00:00,UNALLOCATED,,,,,
SLCMP700-0121,121,121,317255867,2^317255867-1,STRUCTURAL_SCREEN_EXHAUSTED_PRIMALITY_UNASSIGNED,GF3A_DIRECTIONAL_WRITE_EXHAUSTED_PRIMALITY_UNASSIGNED,514,512,512,NO_RECORDED_FACTOR_PRP_OR_LL_RESULT_AND_NO_ACTIVE_GIMPS_ASSIGNMENT,2026-08-08T19:16:24+00:00,UNALLOCATED,,,,,
SLCMP700-0122,122,122,317256041,2^317256041-1,STRUCTURAL_SCREEN_EXHAUSTED_PRIMALITY_UNASSIGNED,GF3A_DIRECTIONAL_WRITE_EXHAUSTED_PRIMALITY_UNASSIGNED,513,512,512,NO_RECORDED_FACTOR_PRP_OR_LL_RESULT_AND_NO_ACTIVE_GIMPS_ASSIGNMENT,2026-08-08T19:16:24+00:00,UNALLOCATED,,,,,
SLCMP700-0123,123,123,317256047,2^317256047-1,STRUCTURAL_SCREEN_EXHAUSTED_PRIMALITY_UNASSIGNED,GF3A_DIRECTIONAL_WRITE_EXHAUSTED_PRIMALITY_UNASSIGNED,514,512,512,NO_RECORDED_FACTOR_PRP_OR_LL_RESULT_AND_NO_ACTIVE_GIMPS_ASSIGNMENT,2026-08-08T19:16:24+00:00,UNALLOCATED,,,,,
SLCMP700-0124,124,124,317256067,2^317256067-1,STRUCTURAL_SCREEN_EXHAUSTED_PRIMALITY_UNASSIGNED,GF3A_DIRECTIONAL_WRITE_EXHAUSTED_PRIMALITY_UNASSIGNED,514,512,512,NO_RECORDED_FACTOR_PRP_OR_LL_RESULT_AND_NO_ACTIVE_GIMPS_ASSIGNMENT,2026-08-08T19:16:24+00:00,UNALLOCATED,,,,,
SLCMP700-0125,125,125,317256109,2^317256109-1,STRUCTURAL_SCREEN_EXHAUSTED_PRIMALITY_UNASSIGNED,GF3A_DIRECTIONAL_WRITE_EXHAUSTED_PRIMALITY_UNASSIGNED,513,512,512,NO_RECORDED_FACTOR_PRP_OR_LL_RESULT_AND_NO_ACTIVE_GIMPS_ASSIGNMENT,2026-08-08T19:16:24+00:00,UNALLOCATED,,,,,
SLCMP700-0126,126,126,317256113,2^317256113-1,STRUCTURAL_SCREEN_EXHAUSTED_PRIMALITY_UNASSIGNED,GF3A_DIRECTIONAL_WRITE_EXHAUSTED_PRIMALITY_UNASSIGNED,513,512,512,NO_RECORDED_FACTOR_PRP_OR_LL_RESULT_AND_NO_ACTIVE_GIMPS_ASSIGNMENT,2026-08-08T19:16:24+00:00,UNALLOCATED,,,,,
SLCMP700-0127,127,127,317256209,2^317256209-1,STRUCTURAL_SCREEN_EXHAUSTED_PRIMALITY_UNASSIGNED,GF3A_DIRECTIONAL_WRITE_EXHAUSTED_PRIMALITY_UNASSIGNED,513,512,512,NO_RECORDED_FACTOR_PRP_OR_LL_RESULT_AND_NO_ACTIVE_GIMPS_ASSIGNMENT,2026-08-08T19:16:24+00:00,UNALLOCATED,,,,,
SLCMP700-0128,128,128,317256307,2^317256307-1,STRUCTURAL_SCREEN_EXHAUSTED_PRIMALITY_UNASSIGNED,GF3A_DIRECTIONAL_WRITE_EXHAUSTED_PRIMALITY_UNASSIGNED,514,512,512,NO_RECORDED_FACTOR_PRP_OR_LL_RESULT_AND_NO_ACTIVE_GIMPS_ASSIGNMENT,2026-08-08T19:16:24+00:00,UNALLOCATED,,,,,
SLCMP700-0129,129,129,317256361,2^317256361-1,STRUCTURAL_SCREEN_EXHAUSTED_PRIMALITY_UNASSIGNED,GF3A_DIRECTIONAL_WRITE_EXHAUSTED_PRIMALITY_UNASSIGNED,513,512,512,NO_RECORDED_FACTOR_PRP_OR_LL_RESULT_AND_NO_ACTIVE_GIMPS_ASSIGNMENT,2026-08-08T19:16:24+00:00,UNALLOCATED,,,,,
SLCMP700-0130,130,130,317256473,2^317256473-1,STRUCTURAL_SCREEN_EXHAUSTED_PRIMALITY_UNASSIGNED,GF3A_DIRECTIONAL_WRITE_EXHAUSTED_PRIMALITY_UNASSIGNED,513,512,512,NO_RECORDED_FACTOR_PRP_OR_LL_RESULT_AND_NO_ACTIVE_GIMPS_ASSIGNMENT,2026-08-08T19:16:24+00:00,UNALLOCATED,,,,,
SLCMP700-0131,131,131,317256521,2^317256521-1,STRUCTURAL_SCREEN_EXHAUSTED_PRIMALITY_UNASSIGNED,GF3A_DIRECTIONAL_WRITE_EXHAUSTED_PRIMALITY_UNASSIGNED,513,512,512,NO_RECORDED_FACTOR_PRP_OR_LL_RESULT_AND_NO_ACTIVE_GIMPS_ASSIGNMENT,2026-08-08T19:16:24+00:00,UNALLOCATED,,,,,
SLCMP700-0132,132,132,317256523,2^317256523-1,STRUCTURAL_SCREEN_EXHAUSTED_PRIMALITY_UNASSIGNED,GF3A_DIRECTIONAL_WRITE_EXHAUSTED_PRIMALITY_UNASSIGNED,514,512,512,NO_RECORDED_FACTOR_PRP_OR_LL_RESULT_AND_NO_ACTIVE_GIMPS_ASSIGNMENT,2026-08-08T19:16:24+00:00,UNALLOCATED,,,,,
SLCMP700-0133,133,133,317256551,2^317256551-1,STRUCTURAL_SCREEN_EXHAUSTED_PRIMALITY_UNASSIGNED,GF3A_DIRECTIONAL_WRITE_EXHAUSTED_PRIMALITY_UNASSIGNED,514,512,512,NO_RECORDED_FACTOR_PRP_OR_LL_RESULT_AND_NO_ACTIVE_GIMPS_ASSIGNMENT,2026-08-08T19:16:24+00:00,UNALLOCATED,,,,,
SLCMP700-0134,134,134,317256691,2^317256691-1,STRUCTURAL_SCREEN_EXHAUSTED_PRIMALITY_UNASSIGNED,GF3A_DIRECTIONAL_WRITE_EXHAUSTED_PRIMALITY_UNASSIGNED,514,512,512,NO_RECORDED_FACTOR_PRP_OR_LL_RESULT_AND_NO_ACTIVE_GIMPS_ASSIGNMENT,2026-08-08T19:16:24+00:00,UNALLOCATED,,,,,
SLCMP700-0135,135,135,317256743,2^317256743-1,STRUCTURAL_SCREEN_EXHAUSTED_PRIMALITY_UNASSIGNED,GF3A_DIRECTIONAL_WRITE_EXHAUSTED_PRIMALITY_UNASSIGNED,514,512,512,NO_RECORDED_FACTOR_PRP_OR_LL_RESULT_AND_NO_ACTIVE_GIMPS_ASSIGNMENT,2026-08-08T19:16:24+00:00,UNALLOCATED,,,,,
SLCMP700-0136,136,136,317256799,2^317256799-1,STRUCTURAL_SCREEN_EXHAUSTED_PRIMALITY_UNASSIGNED,GF3A_DIRECTIONAL_WRITE_EXHAUSTED_PRIMALITY_UNASSIGNED,514,512,512,NO_RECORDED_FACTOR_PRP_OR_LL_RESULT_AND_NO_ACTIVE_GIMPS_ASSIGNMENT,2026-08-08T19:16:24+00:00,UNALLOCATED,,,,,
SLCMP700-0137,137,137,317256827,2^317256827-1,STRUCTURAL_SCREEN_EXHAUSTED_PRIMALITY_UNASSIGNED,GF3A_DIRECTIONAL_WRITE_EXHAUSTED_PRIMALITY_UNASSIGNED,514,512,512,NO_RECORDED_FACTOR_PRP_OR_LL_RESULT_AND_NO_ACTIVE_GIMPS_ASSIGNMENT,2026-08-08T19:16:24+00:00,UNALLOCATED,,,,,
SLCMP700-0138,138,138,317256853,2^317256853-1,STRUCTURAL_SCREEN_EXHAUSTED_PRIMALITY_UNASSIGNED,GF3A_DIRECTIONAL_WRITE_EXHAUSTED_PRIMALITY_UNASSIGNED,513,512,512,NO_RECORDED_FACTOR_PRP_OR_LL_RESULT_AND_NO_ACTIVE_GIMPS_ASSIGNMENT,2026-08-08T19:16:24+00:00,UNALLOCATED,,,,,
SLCMP700-0139,139,139,317256937,2^317256937-1,STRUCTURAL_SCREEN_EXHAUSTED_PRIMALITY_UNASSIGNED,GF3A_DIRECTIONAL_WRITE_EXHAUSTED_PRIMALITY_UNASSIGNED,513,512,512,NO_RECORDED_FACTOR_PRP_OR_LL_RESULT_AND_NO_ACTIVE_GIMPS_ASSIGNMENT,2026-08-08T19:16:24+00:00,UNALLOCATED,,,,,
SLCMP700-0140,140,140,317256949,2^317256949-1,STRUCTURAL_SCREEN_EXHAUSTED_PRIMALITY_UNASSIGNED,GF3A_DIRECTIONAL_WRITE_EXHAUSTED_PRIMALITY_UNASSIGNED,513,512,512,NO_RECORDED_FACTOR_PRP_OR_LL_RESULT_AND_NO_ACTIVE_GIMPS_ASSIGNMENT,2026-08-08T19:16:24+00:00,UNALLOCATED,,,,,
SLCMP700-0141,141,141,317257001,2^317257001-1,STRUCTURAL_SCREEN_EXHAUSTED_PRIMALITY_UNASSIGNED,GF3A_DIRECTIONAL_WRITE_EXHAUSTED_PRIMALITY_UNASSIGNED,513,512,512,NO_RECORDED_FACTOR_PRP_OR_LL_RESULT_AND_NO_ACTIVE_GIMPS_ASSIGNMENT,2026-08-08T19:16:24+00:00,UNALLOCATED,,,,,
SLCMP700-0142,142,142,317257093,2^317257093-1,STRUCTURAL_SCREEN_EXHAUSTED_PRIMALITY_UNASSIGNED,GF3A_DIRECTIONAL_WRITE_EXHAUSTED_PRIMALITY_UNASSIGNED,513,512,512,NO_RECORDED_FACTOR_PRP_OR_LL_RESULT_AND_NO_ACTIVE_GIMPS_ASSIGNMENT,2026-08-08T19:16:24+00:00,UNALLOCATED,,,,,
SLCMP700-0143,143,143,317257121,2^317257121-1,STRUCTURAL_SCREEN_EXHAUSTED_PRIMALITY_UNASSIGNED,GF3A_DIRECTIONAL_WRITE_EXHAUSTED_PRIMALITY_UNASSIGNED,513,512,512,NO_RECORDED_FACTOR_PRP_OR_LL_RESULT_AND_NO_ACTIVE_GIMPS_ASSIGNMENT,2026-08-08T19:16:24+00:00,UNALLOCATED,,,,,
SLCMP700-0144,144,144,317257123,2^317257123-1,STRUCTURAL_SCREEN_EXHAUSTED_PRIMALITY_UNASSIGNED,GF3A_DIRECTIONAL_WRITE_EXHAUSTED_PRIMALITY_UNASSIGNED,514,512,512,NO_RECORDED_FACTOR_PRP_OR_LL_RESULT_AND_NO_ACTIVE_GIMPS_ASSIGNMENT,2026-08-08T19:16:24+00:00,UNALLOCATED,,,,,
SLCMP700-0145,145,145,317257153,2^317257153-1,STRUCTURAL_SCREEN_EXHAUSTED_PRIMALITY_UNASSIGNED,GF3A_DIRECTIONAL_WRITE_EXHAUSTED_PRIMALITY_UNASSIGNED,513,512,512,NO_RECORDED_FACTOR_PRP_OR_LL_RESULT_AND_NO_ACTIVE_GIMPS_ASSIGNMENT,2026-08-08T19:16:24+00:00,UNALLOCATED,,,,,
SLCMP700-0146,146,146,317257159,2^317257159-1,STRUCTURAL_SCREEN_EXHAUSTED_PRIMALITY_UNASSIGNED,GF3A_DIRECTIONAL_WRITE_EXHAUSTED_PRIMALITY_UNASSIGNED,514,512,512,NO_RECORDED_FACTOR_PRP_OR_LL_RESULT_AND_NO_ACTIVE_GIMPS_ASSIGNMENT,2026-08-08T19:16:24+00:00,UNALLOCATED,,,,,
SLCMP700-0147,147,147,317257183,2^317257183-1,STRUCTURAL_SCREEN_EXHAUSTED_PRIMALITY_UNASSIGNED,GF3A_DIRECTIONAL_WRITE_EXHAUSTED_PRIMALITY_UNASSIGNED,514,512,512,NO_RECORDED_FACTOR_PRP_OR_LL_RESULT_AND_NO_ACTIVE_GIMPS_ASSIGNMENT,2026-08-08T19:16:24+00:00,UNALLOCATED,,,,,
SLCMP700-0148,148,148,317257189,2^317257189-1,STRUCTURAL_SCREEN_EXHAUSTED_PRIMALITY_UNASSIGNED,GF3A_DIRECTIONAL_WRITE_EXHAUSTED_PRIMALITY_UNASSIGNED,513,512,512,NO_RECORDED_FACTOR_PRP_OR_LL_RESULT_AND_NO_ACTIVE_GIMPS_ASSIGNMENT,2026-08-08T19:16:24+00:00,UNALLOCATED,,,,,
SLCMP700-0149,149,149,317257249,2^317257249-1,STRUCTURAL_SCREEN_EXHAUSTED_PRIMALITY_UNASSIGNED,GF3A_DIRECTIONAL_WRITE_EXHAUSTED_PRIMALITY_UNASSIGNED,513,512,512,NO_RECORDED_FACTOR_PRP_OR_LL_RESULT_AND_NO_ACTIVE_GIMPS_ASSIGNMENT,2026-08-08T19:16:24+00:00,UNALLOCATED,,,,,
SLCMP700-0150,150,150,317257327,2^317257327-1,STRUCTURAL_SCREEN_EXHAUSTED_PRIMALITY_UNASSIGNED,GF3A_DIRECTIONAL_WRITE_EXHAUSTED_PRIMALITY_UNASSIGNED,514,512,512,NO_RECORDED_FACTOR_PRP_OR_LL_RESULT_AND_NO_ACTIVE_GIMPS_ASSIGNMENT,2026-08-08T19:16:24+00:00,UNALLOCATED,,,,,
SLCMP700-0151,151,151,317257487,2^317257487-1,STRUCTURAL_SCREEN_EXHAUSTED_PRIMALITY_UNASSIGNED,GF3A_DIRECTIONAL_WRITE_EXHAUSTED_PRIMALITY_UNASSIGNED,514,512,512,NO_RECORDED_FACTOR_PRP_OR_LL_RESULT_AND_NO_ACTIVE_GIMPS_ASSIGNMENT,2026-08-08T19:16:24+00:00,UNALLOCATED,,,,,
SLCMP700-0152,152,152,317257637,2^317257637-1,STRUCTURAL_SCREEN_EXHAUSTED_PRIMALITY_UNASSIGNED,GF3A_DIRECTIONAL_WRITE_EXHAUSTED_PRIMALITY_UNASSIGNED,513,512,512,NO_RECORDED_FACTOR_PRP_OR_LL_RESULT_AND_NO_ACTIVE_GIMPS_ASSIGNMENT,2026-08-08T19:16:24+00:00,UNALLOCATED,,,,,
SLCMP700-0153,153,153,317257729,2^317257729-1,STRUCTURAL_SCREEN_EXHAUSTED_PRIMALITY_UNASSIGNED,GF3A_DIRECTIONAL_WRITE_EXHAUSTED_PRIMALITY_UNASSIGNED,513,512,512,NO_RECORDED_FACTOR_PRP_OR_LL_RESULT_AND_NO_ACTIVE_GIMPS_ASSIGNMENT,2026-08-08T19:16:24+00:00,UNALLOCATED,,,,,
SLCMP700-0154,154,154,317257847,2^317257847-1,STRUCTURAL_SCREEN_EXHAUSTED_PRIMALITY_UNASSIGNED,GF3A_DIRECTIONAL_WRITE_EXHAUSTED_PRIMALITY_UNASSIGNED,514,512,512,NO_RECORDED_FACTOR_PRP_OR_LL_RESULT_AND_NO_ACTIVE_GIMPS_ASSIGNMENT,2026-08-08T19:16:24+00:00,UNALLOCATED,,,,,
SLCMP700-0155,155,155,317258023,2^317258023-1,STRUCTURAL_SCREEN_EXHAUSTED_PRIMALITY_UNASSIGNED,GF3A_DIRECTIONAL_WRITE_EXHAUSTED_PRIMALITY_UNASSIGNED,514,512,512,NO_RECORDED_FACTOR_PRP_OR_LL_RESULT_AND_NO_ACTIVE_GIMPS_ASSIGNMENT,2026-08-08T19:16:24+00:00,UNALLOCATED,,,,,
SLCMP700-0156,156,156,317258047,2^317258047-1,STRUCTURAL_SCREEN_EXHAUSTED_PRIMALITY_UNASSIGNED,GF3A_DIRECTIONAL_WRITE_EXHAUSTED_PRIMALITY_UNASSIGNED,514,512,512,NO_RECORDED_FACTOR_PRP_OR_LL_RESULT_AND_NO_ACTIVE_GIMPS_ASSIGNMENT,2026-08-08T19:16:24+00:00,UNALLOCATED,,,,,
SLCMP700-0157,157,157,317258111,2^317258111-1,STRUCTURAL_SCREEN_EXHAUSTED_PRIMALITY_UNASSIGNED,GF3A_DIRECTIONAL_WRITE_EXHAUSTED_PRIMALITY_UNASSIGNED,514,512,512,NO_RECORDED_FACTOR_PRP_OR_LL_RESULT_AND_NO_ACTIVE_GIMPS_ASSIGNMENT,2026-08-08T19:16:24+00:00,UNALLOCATED,,,,,
SLCMP700-0158,158,158,317258141,2^317258141-1,STRUCTURAL_SCREEN_EXHAUSTED_PRIMALITY_UNASSIGNED,GF3A_DIRECTIONAL_WRITE_EXHAUSTED_PRIMALITY_UNASSIGNED,513,512,512,NO_RECORDED_FACTOR_PRP_OR_LL_RESULT_AND_NO_ACTIVE_GIMPS_ASSIGNMENT,2026-08-08T19:16:24+00:00,UNALLOCATED,,,,,
SLCMP700-0159,159,159,317258213,2^317258213-1,STRUCTURAL_SCREEN_EXHAUSTED_PRIMALITY_UNASSIGNED,GF3A_DIRECTIONAL_WRITE_EXHAUSTED_PRIMALITY_UNASSIGNED,513,512,512,NO_RECORDED_FACTOR_PRP_OR_LL_RESULT_AND_NO_ACTIVE_GIMPS_ASSIGNMENT,2026-08-08T19:16:24+00:00,UNALLOCATED,,,,,
SLCMP700-0160,160,160,317258269,2^317258269-1,STRUCTURAL_SCREEN_EXHAUSTED_PRIMALITY_UNASSIGNED,GF3A_DIRECTIONAL_WRITE_EXHAUSTED_PRIMALITY_UNASSIGNED,513,512,512,NO_RECORDED_FACTOR_PRP_OR_LL_RESULT_AND_NO_ACTIVE_GIMPS_ASSIGNMENT,2026-08-08T19:16:24+00:00,UNALLOCATED,,,,,
SLCMP700-0161,161,161,317258303,2^317258303-1,STRUCTURAL_SCREEN_EXHAUSTED_PRIMALITY_UNASSIGNED,GF3A_DIRECTIONAL_WRITE_EXHAUSTED_PRIMALITY_UNASSIGNED,514,512,512,NO_RECORDED_FACTOR_PRP_OR_LL_RESULT_AND_NO_ACTIVE_GIMPS_ASSIGNMENT,2026-08-08T19:16:24+00:00,UNALLOCATED,,,,,
SLCMP700-0162,162,162,317258311,2^317258311-1,STRUCTURAL_SCREEN_EXHAUSTED_PRIMALITY_UNASSIGNED,GF3A_DIRECTIONAL_WRITE_EXHAUSTED_PRIMALITY_UNASSIGNED,514,512,512,NO_RECORDED_FACTOR_PRP_OR_LL_RESULT_AND_NO_ACTIVE_GIMPS_ASSIGNMENT,2026-08-08T19:16:24+00:00,UNALLOCATED,,,,,
SLCMP700-0163,163,163,317258321,2^317258321-1,STRUCTURAL_SCREEN_EXHAUSTED_PRIMALITY_UNASSIGNED,GF3A_DIRECTIONAL_WRITE_EXHAUSTED_PRIMALITY_UNASSIGNED,513,512,512,NO_RECORDED_FACTOR_PRP_OR_LL_RESULT_AND_NO_ACTIVE_GIMPS_ASSIGNMENT,2026-08-08T19:16:24+00:00,UNALLOCATED,,,,,
SLCMP700-0164,164,164,317258323,2^317258323-1,STRUCTURAL_SCREEN_EXHAUSTED_PRIMALITY_UNASSIGNED,GF3A_DIRECTIONAL_WRITE_EXHAUSTED_PRIMALITY_UNASSIGNED,514,512,512,NO_RECORDED_FACTOR_PRP_OR_LL_RESULT_AND_NO_ACTIVE_GIMPS_ASSIGNMENT,2026-08-08T19:16:24+00:00,UNALLOCATED,,,,,
SLCMP700-0165,165,165,317258351,2^317258351-1,STRUCTURAL_SCREEN_EXHAUSTED_PRIMALITY_UNASSIGNED,GF3A_DIRECTIONAL_WRITE_EXHAUSTED_PRIMALITY_UNASSIGNED,514,512,512,NO_RECORDED_FACTOR_PRP_OR_LL_RESULT_AND_NO_ACTIVE_GIMPS_ASSIGNMENT,2026-08-08T19:16:24+00:00,UNALLOCATED,,,,,
SLCMP700-0166,166,166,317258363,2^317258363-1,STRUCTURAL_SCREEN_EXHAUSTED_PRIMALITY_UNASSIGNED,GF3A_DIRECTIONAL_WRITE_EXHAUSTED_PRIMALITY_UNASSIGNED,514,512,512,NO_RECORDED_FACTOR_PRP_OR_LL_RESULT_AND_NO_ACTIVE_GIMPS_ASSIGNMENT,2026-08-08T19:16:24+00:00,UNALLOCATED,,,,,
SLCMP700-0167,167,167,317258419,2^317258419-1,STRUCTURAL_SCREEN_EXHAUSTED_PRIMALITY_UNASSIGNED,GF3A_DIRECTIONAL_WRITE_EXHAUSTED_PRIMALITY_UNASSIGNED,514,512,512,NO_RECORDED_FACTOR_PRP_OR_LL_RESULT_AND_NO_ACTIVE_GIMPS_ASSIGNMENT,2026-08-08T19:16:24+00:00,UNALLOCATED,,,,,
SLCMP700-0168,168,168,317258441,2^317258441-1,STRUCTURAL_SCREEN_EXHAUSTED_PRIMALITY_UNASSIGNED,GF3A_DIRECTIONAL_WRITE_EXHAUSTED_PRIMALITY_UNASSIGNED,513,512,512,NO_RECORDED_FACTOR_PRP_OR_LL_RESULT_AND_NO_ACTIVE_GIMPS_ASSIGNMENT,2026-08-08T19:16:24+00:00,UNALLOCATED,,,,,
SLCMP700-0169,169,169,317258581,2^317258581-1,STRUCTURAL_SCREEN_EXHAUSTED_PRIMALITY_UNASSIGNED,GF3A_DIRECTIONAL_WRITE_EXHAUSTED_PRIMALITY_UNASSIGNED,513,512,512,NO_RECORDED_FACTOR_PRP_OR_LL_RESULT_AND_NO_ACTIVE_GIMPS_ASSIGNMENT,2026-08-08T19:16:24+00:00,UNALLOCATED,,,,,
SLCMP700-0170,170,170,317258593,2^317258593-1,STRUCTURAL_SCREEN_EXHAUSTED_PRIMALITY_UNASSIGNED,GF3A_DIRECTIONAL_WRITE_EXHAUSTED_PRIMALITY_UNASSIGNED,513,512,512,NO_RECORDED_FACTOR_PRP_OR_LL_RESULT_AND_NO_ACTIVE_GIMPS_ASSIGNMENT,2026-08-08T19:16:24+00:00,UNALLOCATED,,,,,
SLCMP700-0171,171,171,317258603,2^317258603-1,STRUCTURAL_SCREEN_EXHAUSTED_PRIMALITY_UNASSIGNED,GF3A_DIRECTIONAL_WRITE_EXHAUSTED_PRIMALITY_UNASSIGNED,514,512,512,NO_RECORDED_FACTOR_PRP_OR_LL_RESULT_AND_NO_ACTIVE_GIMPS_ASSIGNMENT,2026-08-08T19:16:24+00:00,UNALLOCATED,,,,,
SLCMP700-0172,172,172,317258629,2^317258629-1,STRUCTURAL_SCREEN_EXHAUSTED_PRIMALITY_UNASSIGNED,GF3A_DIRECTIONAL_WRITE_EXHAUSTED_PRIMALITY_UNASSIGNED,513,512,512,NO_RECORDED_FACTOR_PRP_OR_LL_RESULT_AND_NO_ACTIVE_GIMPS_ASSIGNMENT,2026-08-08T19:16:24+00:00,UNALLOCATED,,,,,
SLCMP700-0173,173,173,317258659,2^317258659-1,STRUCTURAL_SCREEN_EXHAUSTED_PRIMALITY_UNASSIGNED,GF3A_DIRECTIONAL_WRITE_EXHAUSTED_PRIMALITY_UNASSIGNED,514,512,512,NO_RECORDED_FACTOR_PRP_OR_LL_RESULT_AND_NO_ACTIVE_GIMPS_ASSIGNMENT,2026-08-08T19:16:24+00:00,UNALLOCATED,,,,,
SLCMP700-0174,174,174,317258677,2^317258677-1,STRUCTURAL_SCREEN_EXHAUSTED_PRIMALITY_UNASSIGNED,GF3A_DIRECTIONAL_WRITE_EXHAUSTED_PRIMALITY_UNASSIGNED,513,512,512,NO_RECORDED_FACTOR_PRP_OR_LL_RESULT_AND_NO_ACTIVE_GIMPS_ASSIGNMENT,2026-08-08T19:16:24+00:00,UNALLOCATED,,,,,
SLCMP700-0175,175,175,317258731,2^317258731-1,STRUCTURAL_SCREEN_EXHAUSTED_PRIMALITY_UNASSIGNED,GF3A_DIRECTIONAL_WRITE_EXHAUSTED_PRIMALITY_UNASSIGNED,514,512,512,NO_RECORDED_FACTOR_PRP_OR_LL_RESULT_AND_NO_ACTIVE_GIMPS_ASSIGNMENT,2026-08-08T19:16:24+00:00,UNALLOCATED,,,,,
SLCMP700-0176,176,176,317258797,2^317258797-1,STRUCTURAL_SCREEN_EXHAUSTED_PRIMALITY_UNASSIGNED,GF3A_DIRECTIONAL_WRITE_EXHAUSTED_PRIMALITY_UNASSIGNED,513,512,512,NO_RECORDED_FACTOR_PRP_OR_LL_RESULT_AND_NO_ACTIVE_GIMPS_ASSIGNMENT,2026-08-08T19:16:24+00:00,UNALLOCATED,,,,,
SLCMP700-0177,177,177,317258857,2^317258857-1,STRUCTURAL_SCREEN_EXHAUSTED_PRIMALITY_UNASSIGNED,GF3A_DIRECTIONAL_WRITE_EXHAUSTED_PRIMALITY_UNASSIGNED,513,512,512,NO_RECORDED_FACTOR_PRP_OR_LL_RESULT_AND_NO_ACTIVE_GIMPS_ASSIGNMENT,2026-08-08T19:16:24+00:00,UNALLOCATED,,,,,
SLCMP700-0178,178,178,317258881,2^317258881-1,STRUCTURAL_SCREEN_EXHAUSTED_PRIMALITY_UNASSIGNED,GF3A_DIRECTIONAL_WRITE_EXHAUSTED_PRIMALITY_UNASSIGNED,513,512,512,NO_RECORDED_FACTOR_PRP_OR_LL_RESULT_AND_NO_ACTIVE_GIMPS_ASSIGNMENT,2026-08-08T19:16:24+00:00,UNALLOCATED,,,,,
SLCMP700-0179,179,179,317258933,2^317258933-1,STRUCTURAL_SCREEN_EXHAUSTED_PRIMALITY_UNASSIGNED,GF3A_DIRECTIONAL_WRITE_EXHAUSTED_PRIMALITY_UNASSIGNED,513,512,512,NO_RECORDED_FACTOR_PRP_OR_LL_RESULT_AND_NO_ACTIVE_GIMPS_ASSIGNMENT,2026-08-08T19:16:24+00:00,UNALLOCATED,,,,,
SLCMP700-0180,180,180,317258939,2^317258939-1,STRUCTURAL_SCREEN_EXHAUSTED_PRIMALITY_UNASSIGNED,GF3A_DIRECTIONAL_WRITE_EXHAUSTED_PRIMALITY_UNASSIGNED,514,512,512,NO_RECORDED_FACTOR_PRP_OR_LL_RESULT_AND_NO_ACTIVE_GIMPS_ASSIGNMENT,2026-08-08T19:16:24+00:00,UNALLOCATED,,,,,
SLCMP700-0181,181,181,317258971,2^317258971-1,STRUCTURAL_SCREEN_EXHAUSTED_PRIMALITY_UNASSIGNED,GF3A_DIRECTIONAL_WRITE_EXHAUSTED_PRIMALITY_UNASSIGNED,514,512,512,NO_RECORDED_FACTOR_PRP_OR_LL_RESULT_AND_NO_ACTIVE_GIMPS_ASSIGNMENT,2026-08-08T19:16:24+00:00,UNALLOCATED,,,,,
SLCMP700-0182,182,182,317259001,2^317259001-1,STRUCTURAL_SCREEN_EXHAUSTED_PRIMALITY_UNASSIGNED,GF3A_DIRECTIONAL_WRITE_EXHAUSTED_PRIMALITY_UNASSIGNED,513,512,512,NO_RECORDED_FACTOR_PRP_OR_LL_RESULT_AND_NO_ACTIVE_GIMPS_ASSIGNMENT,2026-08-08T19:16:24+00:00,UNALLOCATED,,,,,
SLCMP700-0183,183,183,317259121,2^317259121-1,STRUCTURAL_SCREEN_EXHAUSTED_PRIMALITY_UNASSIGNED,GF3A_DIRECTIONAL_WRITE_EXHAUSTED_PRIMALITY_UNASSIGNED,513,512,512,NO_RECORDED_FACTOR_PRP_OR_LL_RESULT_AND_NO_ACTIVE_GIMPS_ASSIGNMENT,2026-08-08T19:16:24+00:00,UNALLOCATED,,,,,
SLCMP700-0184,184,184,317259143,2^317259143-1,STRUCTURAL_SCREEN_EXHAUSTED_PRIMALITY_UNASSIGNED,GF3A_DIRECTIONAL_WRITE_EXHAUSTED_PRIMALITY_UNASSIGNED,514,512,512,NO_RECORDED_FACTOR_PRP_OR_LL_RESULT_AND_NO_ACTIVE_GIMPS_ASSIGNMENT,2026-08-08T19:16:24+00:00,UNALLOCATED,,,,,
SLCMP700-0185,185,185,317259221,2^317259221-1,STRUCTURAL_SCREEN_EXHAUSTED_PRIMALITY_UNASSIGNED,GF3A_DIRECTIONAL_WRITE_EXHAUSTED_PRIMALITY_UNASSIGNED,513,512,512,NO_RECORDED_FACTOR_PRP_OR_LL_RESULT_AND_NO_ACTIVE_GIMPS_ASSIGNMENT,2026-08-08T19:16:24+00:00,UNALLOCATED,,,,,
SLCMP700-0186,186,186,317259247,2^317259247-1,STRUCTURAL_SCREEN_EXHAUSTED_PRIMALITY_UNASSIGNED,GF3A_DIRECTIONAL_WRITE_EXHAUSTED_PRIMALITY_UNASSIGNED,514,512,512,NO_RECORDED_FACTOR_PRP_OR_LL_RESULT_AND_NO_ACTIVE_GIMPS_ASSIGNMENT,2026-08-08T19:16:24+00:00,UNALLOCATED,,,,,
SLCMP700-0187,187,187,317259329,2^317259329-1,STRUCTURAL_SCREEN_EXHAUSTED_PRIMALITY_UNASSIGNED,GF3A_DIRECTIONAL_WRITE_EXHAUSTED_PRIMALITY_UNASSIGNED,513,512,512,NO_RECORDED_FACTOR_PRP_OR_LL_RESULT_AND_NO_ACTIVE_GIMPS_ASSIGNMENT,2026-08-08T19:16:24+00:00,UNALLOCATED,,,,,
SLCMP700-0188,188,188,317259379,2^317259379-1,STRUCTURAL_SCREEN_EXHAUSTED_PRIMALITY_UNASSIGNED,GF3A_DIRECTIONAL_WRITE_EXHAUSTED_PRIMALITY_UNASSIGNED,514,512,512,NO_RECORDED_FACTOR_PRP_OR_LL_RESULT_AND_NO_ACTIVE_GIMPS_ASSIGNMENT,2026-08-08T19:16:24+00:00,UNALLOCATED,,,,,
SLCMP700-0189,189,189,317259403,2^317259403-1,STRUCTURAL_SCREEN_EXHAUSTED_PRIMALITY_UNASSIGNED,GF3A_DIRECTIONAL_WRITE_EXHAUSTED_PRIMALITY_UNASSIGNED,514,512,512,NO_RECORDED_FACTOR_PRP_OR_LL_RESULT_AND_NO_ACTIVE_GIMPS_ASSIGNMENT,2026-08-08T19:16:24+00:00,UNALLOCATED,,,,,
SLCMP700-0190,190,190,317259581,2^317259581-1,STRUCTURAL_SCREEN_EXHAUSTED_PRIMALITY_UNASSIGNED,GF3A_DIRECTIONAL_WRITE_EXHAUSTED_PRIMALITY_UNASSIGNED,513,512,512,NO_RECORDED_FACTOR_PRP_OR_LL_RESULT_AND_NO_ACTIVE_GIMPS_ASSIGNMENT,2026-08-08T19:16:24+00:00,UNALLOCATED,,,,,
SLCMP700-0191,191,191,317259659,2^317259659-1,STRUCTURAL_SCREEN_EXHAUSTED_PRIMALITY_UNASSIGNED,GF3A_DIRECTIONAL_WRITE_EXHAUSTED_PRIMALITY_UNASSIGNED,514,512,512,NO_RECORDED_FACTOR_PRP_OR_LL_RESULT_AND_NO_ACTIVE_GIMPS_ASSIGNMENT,2026-08-08T19:16:24+00:00,UNALLOCATED,,,,,
SLCMP700-0192,192,192,317259703,2^317259703-1,STRUCTURAL_SCREEN_EXHAUSTED_PRIMALITY_UNASSIGNED,GF3A_DIRECTIONAL_WRITE_EXHAUSTED_PRIMALITY_UNASSIGNED,514,512,512,NO_RECORDED_FACTOR_PRP_OR_LL_RESULT_AND_NO_ACTIVE_GIMPS_ASSIGNMENT,2026-08-08T19:16:24+00:00,UNALLOCATED,,,,,
SLCMP700-0193,193,193,317259707,2^317259707-1,STRUCTURAL_SCREEN_EXHAUSTED_PRIMALITY_UNASSIGNED,GF3A_DIRECTIONAL_WRITE_EXHAUSTED_PRIMALITY_UNASSIGNED,514,512,512,NO_RECORDED_FACTOR_PRP_OR_LL_RESULT_AND_NO_ACTIVE_GIMPS_ASSIGNMENT,2026-08-08T19:16:24+00:00,UNALLOCATED,,,,,
SLCMP700-0194,194,194,317259713,2^317259713-1,STRUCTURAL_SCREEN_EXHAUSTED_PRIMALITY_UNASSIGNED,GF3A_DIRECTIONAL_WRITE_EXHAUSTED_PRIMALITY_UNASSIGNED,513,512,512,NO_RECORDED_FACTOR_PRP_OR_LL_RESULT_AND_NO_ACTIVE_GIMPS_ASSIGNMENT,2026-08-08T19:16:24+00:00,UNALLOCATED,,,,,
SLCMP700-0195,195,195,317259757,2^317259757-1,STRUCTURAL_SCREEN_EXHAUSTED_PRIMALITY_UNASSIGNED,GF3A_DIRECTIONAL_WRITE_EXHAUSTED_PRIMALITY_UNASSIGNED,513,512,512,NO_RECORDED_FACTOR_PRP_OR_LL_RESULT_AND_NO_ACTIVE_GIMPS_ASSIGNMENT,2026-08-08T19:16:24+00:00,UNALLOCATED,,,,,
SLCMP700-0196,196,196,317259799,2^317259799-1,STRUCTURAL_SCREEN_EXHAUSTED_PRIMALITY_UNASSIGNED,GF3A_DIRECTIONAL_WRITE_EXHAUSTED_PRIMALITY_UNASSIGNED,514,512,512,NO_RECORDED_FACTOR_PRP_OR_LL_RESULT_AND_NO_ACTIVE_GIMPS_ASSIGNMENT,2026-08-08T19:16:24+00:00,UNALLOCATED,,,,,
SLCMP700-0197,197,197,317259829,2^317259829-1,STRUCTURAL_SCREEN_EXHAUSTED_PRIMALITY_UNASSIGNED,GF3A_DIRECTIONAL_WRITE_EXHAUSTED_PRIMALITY_UNASSIGNED,513,512,512,NO_RECORDED_FACTOR_PRP_OR_LL_RESULT_AND_NO_ACTIVE_GIMPS_ASSIGNMENT,2026-08-08T19:16:24+00:00,UNALLOCATED,,,,,
SLCMP700-0198,198,198,317259883,2^317259883-1,STRUCTURAL_SCREEN_EXHAUSTED_PRIMALITY_UNASSIGNED,GF3A_DIRECTIONAL_WRITE_EXHAUSTED_PRIMALITY_UNASSIGNED,514,512,512,NO_RECORDED_FACTOR_PRP_OR_LL_RESULT_AND_NO_ACTIVE_GIMPS_ASSIGNMENT,2026-08-08T19:16:24+00:00,UNALLOCATED,,,,,
SLCMP700-0199,199,199,317259931,2^317259931-1,STRUCTURAL_SCREEN_EXHAUSTED_PRIMALITY_UNASSIGNED,GF3A_DIRECTIONAL_WRITE_EXHAUSTED_PRIMALITY_UNASSIGNED,514,512,512,NO_RECORDED_FACTOR_PRP_OR_LL_RESULT_AND_NO_ACTIVE_GIMPS_ASSIGNMENT,2026-08-08T19:16:24+00:00,UNALLOCATED,,,,,
SLCMP700-0200,200,200,317259997,2^317259997-1,STRUCTURAL_SCREEN_EXHAUSTED_PRIMALITY_UNASSIGNED,GF3A_DIRECTIONAL_WRITE_EXHAUSTED_PRIMALITY_UNASSIGNED,513,512,512,NO_RECORDED_FACTOR_PRP_OR_LL_RESULT_AND_NO_ACTIVE_GIMPS_ASSIGNMENT,2026-08-08T19:16:24+00:00,UNALLOCATED,,,,,
SLCMP700-0201,201,201,317260007,2^317260007-1,STRUCTURAL_SCREEN_EXHAUSTED_PRIMALITY_UNASSIGNED,GF3A_DIRECTIONAL_WRITE_EXHAUSTED_PRIMALITY_UNASSIGNED,514,512,512,NO_RECORDED_FACTOR_PRP_OR_LL_RESULT_AND_NO_ACTIVE_GIMPS_ASSIGNMENT,2026-08-08T19:16:24+00:00,UNALLOCATED,,,,,
SLCMP700-0202,202,202,317260057,2^317260057-1,STRUCTURAL_SCREEN_EXHAUSTED_PRIMALITY_UNASSIGNED,GF3A_DIRECTIONAL_WRITE_EXHAUSTED_PRIMALITY_UNASSIGNED,513,512,512,NO_RECORDED_FACTOR_PRP_OR_LL_RESULT_AND_NO_ACTIVE_GIMPS_ASSIGNMENT,2026-08-08T19:16:24+00:00,UNALLOCATED,,,,,
SLCMP700-0203,203,203,317260109,2^317260109-1,STRUCTURAL_SCREEN_EXHAUSTED_PRIMALITY_UNASSIGNED,GF3A_DIRECTIONAL_WRITE_EXHAUSTED_PRIMALITY_UNASSIGNED,513,512,512,NO_RECORDED_FACTOR_PRP_OR_LL_RESULT_AND_NO_ACTIVE_GIMPS_ASSIGNMENT,2026-08-08T19:16:24+00:00,UNALLOCATED,,,,,
SLCMP700-0204,204,204,317260159,2^317260159-1,STRUCTURAL_SCREEN_EXHAUSTED_PRIMALITY_UNASSIGNED,GF3A_DIRECTIONAL_WRITE_EXHAUSTED_PRIMALITY_UNASSIGNED,514,512,512,NO_RECORDED_FACTOR_PRP_OR_LL_RESULT_AND_NO_ACTIVE_GIMPS_ASSIGNMENT,2026-08-08T19:16:24+00:00,UNALLOCATED,,,,,
SLCMP700-0205,205,205,317260189,2^317260189-1,STRUCTURAL_SCREEN_EXHAUSTED_PRIMALITY_UNASSIGNED,GF3A_DIRECTIONAL_WRITE_EXHAUSTED_PRIMALITY_UNASSIGNED,513,512,512,NO_RECORDED_FACTOR_PRP_OR_LL_RESULT_AND_NO_ACTIVE_GIMPS_ASSIGNMENT,2026-08-08T19:16:24+00:00,UNALLOCATED,,,,,
SLCMP700-0206,206,206,317260277,2^317260277-1,STRUCTURAL_SCREEN_EXHAUSTED_PRIMALITY_UNASSIGNED,GF3A_DIRECTIONAL_WRITE_EXHAUSTED_PRIMALITY_UNASSIGNED,513,512,512,NO_RECORDED_FACTOR_PRP_OR_LL_RESULT_AND_NO_ACTIVE_GIMPS_ASSIGNMENT,2026-08-08T19:16:24+00:00,UNALLOCATED,,,,,
SLCMP700-0207,207,207,317260453,2^317260453-1,STRUCTURAL_SCREEN_EXHAUSTED_PRIMALITY_UNASSIGNED,GF3A_DIRECTIONAL_WRITE_EXHAUSTED_PRIMALITY_UNASSIGNED,513,512,512,NO_RECORDED_FACTOR_PRP_OR_LL_RESULT_AND_NO_ACTIVE_GIMPS_ASSIGNMENT,2026-08-08T19:16:24+00:00,UNALLOCATED,,,,,
SLCMP700-0208,208,208,317260561,2^317260561-1,STRUCTURAL_SCREEN_EXHAUSTED_PRIMALITY_UNASSIGNED,GF3A_DIRECTIONAL_WRITE_EXHAUSTED_PRIMALITY_UNASSIGNED,513,512,512,NO_RECORDED_FACTOR_PRP_OR_LL_RESULT_AND_NO_ACTIVE_GIMPS_ASSIGNMENT,2026-08-08T19:16:24+00:00,UNALLOCATED,,,,,
SLCMP700-0209,209,209,317260663,2^317260663-1,STRUCTURAL_SCREEN_EXHAUSTED_PRIMALITY_UNASSIGNED,GF3A_DIRECTIONAL_WRITE_EXHAUSTED_PRIMALITY_UNASSIGNED,514,512,512,NO_RECORDED_FACTOR_PRP_OR_LL_RESULT_AND_NO_ACTIVE_GIMPS_ASSIGNMENT,2026-08-08T19:16:24+00:00,UNALLOCATED,,,,,
SLCMP700-0210,210,210,317260673,2^317260673-1,STRUCTURAL_SCREEN_EXHAUSTED_PRIMALITY_UNASSIGNED,GF3A_DIRECTIONAL_WRITE_EXHAUSTED_PRIMALITY_UNASSIGNED,513,512,512,NO_RECORDED_FACTOR_PRP_OR_LL_RESULT_AND_NO_ACTIVE_GIMPS_ASSIGNMENT,2026-08-08T19:16:24+00:00,UNALLOCATED,,,,,
SLCMP700-0211,211,211,317260753,2^317260753-1,STRUCTURAL_SCREEN_EXHAUSTED_PRIMALITY_UNASSIGNED,GF3A_DIRECTIONAL_WRITE_EXHAUSTED_PRIMALITY_UNASSIGNED,513,512,512,NO_RECORDED_FACTOR_PRP_OR_LL_RESULT_AND_NO_ACTIVE_GIMPS_ASSIGNMENT,2026-08-08T19:16:24+00:00,UNALLOCATED,,,,,
SLCMP700-0212,212,212,317260849,2^317260849-1,STRUCTURAL_SCREEN_EXHAUSTED_PRIMALITY_UNASSIGNED,GF3A_DIRECTIONAL_WRITE_EXHAUSTED_PRIMALITY_UNASSIGNED,513,512,512,NO_RECORDED_FACTOR_PRP_OR_LL_RESULT_AND_NO_ACTIVE_GIMPS_ASSIGNMENT,2026-08-08T19:16:24+00:00,UNALLOCATED,,,,,
SLCMP700-0213,213,213,317260883,2^317260883-1,STRUCTURAL_SCREEN_EXHAUSTED_PRIMALITY_UNASSIGNED,GF3A_DIRECTIONAL_WRITE_EXHAUSTED_PRIMALITY_UNASSIGNED,514,512,512,NO_RECORDED_FACTOR_PRP_OR_LL_RESULT_AND_NO_ACTIVE_GIMPS_ASSIGNMENT,2026-08-08T19:16:24+00:00,UNALLOCATED,,,,,
SLCMP700-0214,214,214,317260981,2^317260981-1,STRUCTURAL_SCREEN_EXHAUSTED_PRIMALITY_UNASSIGNED,GF3A_DIRECTIONAL_WRITE_EXHAUSTED_PRIMALITY_UNASSIGNED,513,512,512,NO_RECORDED_FACTOR_PRP_OR_LL_RESULT_AND_NO_ACTIVE_GIMPS_ASSIGNMENT,2026-08-08T19:16:24+00:00,UNALLOCATED,,,,,
SLCMP700-0215,215,215,317261029,2^317261029-1,STRUCTURAL_SCREEN_EXHAUSTED_PRIMALITY_UNASSIGNED,GF3A_DIRECTIONAL_WRITE_EXHAUSTED_PRIMALITY_UNASSIGNED,513,512,512,NO_RECORDED_FACTOR_PRP_OR_LL_RESULT_AND_NO_ACTIVE_GIMPS_ASSIGNMENT,2026-08-08T19:16:24+00:00,UNALLOCATED,,,,,
SLCMP700-0216,216,216,317261033,2^317261033-1,STRUCTURAL_SCREEN_EXHAUSTED_PRIMALITY_UNASSIGNED,GF3A_DIRECTIONAL_WRITE_EXHAUSTED_PRIMALITY_UNASSIGNED,513,512,512,NO_RECORDED_FACTOR_PRP_OR_LL_RESULT_AND_NO_ACTIVE_GIMPS_ASSIGNMENT,2026-08-08T19:16:24+00:00,UNALLOCATED,,,,,
SLCMP700-0217,217,217,317261053,2^317261053-1,STRUCTURAL_SCREEN_EXHAUSTED_PRIMALITY_UNASSIGNED,GF3A_DIRECTIONAL_WRITE_EXHAUSTED_PRIMALITY_UNASSIGNED,513,512,512,NO_RECORDED_FACTOR_PRP_OR_LL_RESULT_AND_NO_ACTIVE_GIMPS_ASSIGNMENT,2026-08-08T19:16:24+00:00,UNALLOCATED,,,,,
SLCMP700-0218,218,218,317261137,2^317261137-1,STRUCTURAL_SCREEN_EXHAUSTED_PRIMALITY_UNASSIGNED,GF3A_DIRECTIONAL_WRITE_EXHAUSTED_PRIMALITY_UNASSIGNED,513,512,512,NO_RECORDED_FACTOR_PRP_OR_LL_RESULT_AND_NO_ACTIVE_GIMPS_ASSIGNMENT,2026-08-08T19:16:24+00:00,UNALLOCATED,,,,,
SLCMP700-0219,219,219,317261201,2^317261201-1,STRUCTURAL_SCREEN_EXHAUSTED_PRIMALITY_UNASSIGNED,GF3A_DIRECTIONAL_WRITE_EXHAUSTED_PRIMALITY_UNASSIGNED,513,512,512,NO_RECORDED_FACTOR_PRP_OR_LL_RESULT_AND_NO_ACTIVE_GIMPS_ASSIGNMENT,2026-08-08T19:16:24+00:00,UNALLOCATED,,,,,
SLCMP700-0220,220,220,317261213,2^317261213-1,STRUCTURAL_SCREEN_EXHAUSTED_PRIMALITY_UNASSIGNED,GF3A_DIRECTIONAL_WRITE_EXHAUSTED_PRIMALITY_UNASSIGNED,513,512,512,NO_RECORDED_FACTOR_PRP_OR_LL_RESULT_AND_NO_ACTIVE_GIMPS_ASSIGNMENT,2026-08-08T19:16:24+00:00,UNALLOCATED,,,,,
SLCMP700-0221,221,221,317261311,2^317261311-1,STRUCTURAL_SCREEN_EXHAUSTED_PRIMALITY_UNASSIGNED,GF3A_DIRECTIONAL_WRITE_EXHAUSTED_PRIMALITY_UNASSIGNED,514,512,512,NO_RECORDED_FACTOR_PRP_OR_LL_RESULT_AND_NO_ACTIVE_GIMPS_ASSIGNMENT,2026-08-08T19:16:24+00:00,UNALLOCATED,,,,,
SLCMP700-0222,222,222,317261323,2^317261323-1,STRUCTURAL_SCREEN_EXHAUSTED_PRIMALITY_UNASSIGNED,GF3A_DIRECTIONAL_WRITE_EXHAUSTED_PRIMALITY_UNASSIGNED,514,512,512,NO_RECORDED_FACTOR_PRP_OR_LL_RESULT_AND_NO_ACTIVE_GIMPS_ASSIGNMENT,2026-08-08T19:16:24+00:00,UNALLOCATED,,,,,
SLCMP700-0223,223,223,317261341,2^317261341-1,STRUCTURAL_SCREEN_EXHAUSTED_PRIMALITY_UNASSIGNED,GF3A_DIRECTIONAL_WRITE_EXHAUSTED_PRIMALITY_UNASSIGNED,513,512,512,NO_RECORDED_FACTOR_PRP_OR_LL_RESULT_AND_NO_ACTIVE_GIMPS_ASSIGNMENT,2026-08-08T19:16:24+00:00,UNALLOCATED,,,,,
SLCMP700-0224,224,224,317261377,2^317261377-1,STRUCTURAL_SCREEN_EXHAUSTED_PRIMALITY_UNASSIGNED,GF3A_DIRECTIONAL_WRITE_EXHAUSTED_PRIMALITY_UNASSIGNED,513,512,512,NO_RECORDED_FACTOR_PRP_OR_LL_RESULT_AND_NO_ACTIVE_GIMPS_ASSIGNMENT,2026-08-08T19:16:24+00:00,UNALLOCATED,,,,,
SLCMP700-0225,225,225,317261389,2^317261389-1,STRUCTURAL_SCREEN_EXHAUSTED_PRIMALITY_UNASSIGNED,GF3A_DIRECTIONAL_WRITE_EXHAUSTED_PRIMALITY_UNASSIGNED,513,512,512,NO_RECORDED_FACTOR_PRP_OR_LL_RESULT_AND_NO_ACTIVE_GIMPS_ASSIGNMENT,2026-08-08T19:16:24+00:00,UNALLOCATED,,,,,
SLCMP700-0226,226,226,317261519,2^317261519-1,STRUCTURAL_SCREEN_EXHAUSTED_PRIMALITY_UNASSIGNED,GF3A_DIRECTIONAL_WRITE_EXHAUSTED_PRIMALITY_UNASSIGNED,514,512,512,NO_RECORDED_FACTOR_PRP_OR_LL_RESULT_AND_NO_ACTIVE_GIMPS_ASSIGNMENT,2026-08-08T19:16:24+00:00,UNALLOCATED,,,,,
SLCMP700-0227,227,227,317261579,2^317261579-1,STRUCTURAL_SCREEN_EXHAUSTED_PRIMALITY_UNASSIGNED,GF3A_DIRECTIONAL_WRITE_EXHAUSTED_PRIMALITY_UNASSIGNED,514,512,512,NO_RECORDED_FACTOR_PRP_OR_LL_RESULT_AND_NO_ACTIVE_GIMPS_ASSIGNMENT,2026-08-08T19:16:24+00:00,UNALLOCATED,,,,,
SLCMP700-0228,228,228,317261689,2^317261689-1,STRUCTURAL_SCREEN_EXHAUSTED_PRIMALITY_UNASSIGNED,GF3A_DIRECTIONAL_WRITE_EXHAUSTED_PRIMALITY_UNASSIGNED,513,512,512,NO_RECORDED_FACTOR_PRP_OR_LL_RESULT_AND_NO_ACTIVE_GIMPS_ASSIGNMENT,2026-08-08T19:16:24+00:00,UNALLOCATED,,,,,
SLCMP700-0229,229,229,317261779,2^317261779-1,STRUCTURAL_SCREEN_EXHAUSTED_PRIMALITY_UNASSIGNED,GF3A_DIRECTIONAL_WRITE_EXHAUSTED_PRIMALITY_UNASSIGNED,514,512,512,NO_RECORDED_FACTOR_PRP_OR_LL_RESULT_AND_NO_ACTIVE_GIMPS_ASSIGNMENT,2026-08-08T19:16:24+00:00,UNALLOCATED,,,,,
SLCMP700-0230,230,230,317261807,2^317261807-1,STRUCTURAL_SCREEN_EXHAUSTED_PRIMALITY_UNASSIGNED,GF3A_DIRECTIONAL_WRITE_EXHAUSTED_PRIMALITY_UNASSIGNED,514,512,512,NO_RECORDED_FACTOR_PRP_OR_LL_RESULT_AND_NO_ACTIVE_GIMPS_ASSIGNMENT,2026-08-08T19:16:24+00:00,UNALLOCATED,,,,,
SLCMP700-0231,231,231,317261899,2^317261899-1,STRUCTURAL_SCREEN_EXHAUSTED_PRIMALITY_UNASSIGNED,GF3A_DIRECTIONAL_WRITE_EXHAUSTED_PRIMALITY_UNASSIGNED,514,512,512,NO_RECORDED_FACTOR_PRP_OR_LL_RESULT_AND_NO_ACTIVE_GIMPS_ASSIGNMENT,2026-08-08T19:16:24+00:00,UNALLOCATED,,,,,
SLCMP700-0232,232,232,317261933,2^317261933-1,STRUCTURAL_SCREEN_EXHAUSTED_PRIMALITY_UNASSIGNED,GF3A_DIRECTIONAL_WRITE_EXHAUSTED_PRIMALITY_UNASSIGNED,513,512,512,NO_RECORDED_FACTOR_PRP_OR_LL_RESULT_AND_NO_ACTIVE_GIMPS_ASSIGNMENT,2026-08-08T19:16:24+00:00,UNALLOCATED,,,,,
SLCMP700-0233,233,233,317261947,2^317261947-1,STRUCTURAL_SCREEN_EXHAUSTED_PRIMALITY_UNASSIGNED,GF3A_DIRECTIONAL_WRITE_EXHAUSTED_PRIMALITY_UNASSIGNED,514,512,512,NO_RECORDED_FACTOR_PRP_OR_LL_RESULT_AND_NO_ACTIVE_GIMPS_ASSIGNMENT,2026-08-08T19:16:24+00:00,UNALLOCATED,,,,,
SLCMP700-0234,234,234,317261969,2^317261969-1,STRUCTURAL_SCREEN_EXHAUSTED_PRIMALITY_UNASSIGNED,GF3A_DIRECTIONAL_WRITE_EXHAUSTED_PRIMALITY_UNASSIGNED,513,512,512,NO_RECORDED_FACTOR_PRP_OR_LL_RESULT_AND_NO_ACTIVE_GIMPS_ASSIGNMENT,2026-08-08T19:16:24+00:00,UNALLOCATED,,,,,
SLCMP700-0235,235,235,317262061,2^317262061-1,STRUCTURAL_SCREEN_EXHAUSTED_PRIMALITY_UNASSIGNED,GF3A_DIRECTIONAL_WRITE_EXHAUSTED_PRIMALITY_UNASSIGNED,513,512,512,NO_RECORDED_FACTOR_PRP_OR_LL_RESULT_AND_NO_ACTIVE_GIMPS_ASSIGNMENT,2026-08-08T19:16:24+00:00,UNALLOCATED,,,,,
SLCMP700-0236,236,236,317262163,2^317262163-1,STRUCTURAL_SCREEN_EXHAUSTED_PRIMALITY_UNASSIGNED,GF3A_DIRECTIONAL_WRITE_EXHAUSTED_PRIMALITY_UNASSIGNED,514,512,512,NO_RECORDED_FACTOR_PRP_OR_LL_RESULT_AND_NO_ACTIVE_GIMPS_ASSIGNMENT,2026-08-08T19:16:24+00:00,UNALLOCATED,,,,,
SLCMP700-0237,237,237,317262199,2^317262199-1,STRUCTURAL_SCREEN_EXHAUSTED_PRIMALITY_UNASSIGNED,GF3A_DIRECTIONAL_WRITE_EXHAUSTED_PRIMALITY_UNASSIGNED,514,512,512,NO_RECORDED_FACTOR_PRP_OR_LL_RESULT_AND_NO_ACTIVE_GIMPS_ASSIGNMENT,2026-08-08T19:16:24+00:00,UNALLOCATED,,,,,
SLCMP700-0238,238,238,317262331,2^317262331-1,STRUCTURAL_SCREEN_EXHAUSTED_PRIMALITY_UNASSIGNED,GF3A_DIRECTIONAL_WRITE_EXHAUSTED_PRIMALITY_UNASSIGNED,514,512,512,NO_RECORDED_FACTOR_PRP_OR_LL_RESULT_AND_NO_ACTIVE_GIMPS_ASSIGNMENT,2026-08-08T19:16:24+00:00,UNALLOCATED,,,,,
SLCMP700-0239,239,239,317262397,2^317262397-1,STRUCTURAL_SCREEN_EXHAUSTED_PRIMALITY_UNASSIGNED,GF3A_DIRECTIONAL_WRITE_EXHAUSTED_PRIMALITY_UNASSIGNED,513,512,512,NO_RECORDED_FACTOR_PRP_OR_LL_RESULT_AND_NO_ACTIVE_GIMPS_ASSIGNMENT,2026-08-08T19:16:24+00:00,UNALLOCATED,,,,,
SLCMP700-0240,240,240,317262419,2^317262419-1,STRUCTURAL_SCREEN_EXHAUSTED_PRIMALITY_UNASSIGNED,GF3A_DIRECTIONAL_WRITE_EXHAUSTED_PRIMALITY_UNASSIGNED,514,512,512,NO_RECORDED_FACTOR_PRP_OR_LL_RESULT_AND_NO_ACTIVE_GIMPS_ASSIGNMENT,2026-08-08T19:16:24+00:00,UNALLOCATED,,,,,
SLCMP700-0241,241,241,317262479,2^317262479-1,STRUCTURAL_SCREEN_EXHAUSTED_PRIMALITY_UNASSIGNED,GF3A_DIRECTIONAL_WRITE_EXHAUSTED_PRIMALITY_UNASSIGNED,514,512,512,NO_RECORDED_FACTOR_PRP_OR_LL_RESULT_AND_NO_ACTIVE_GIMPS_ASSIGNMENT,2026-08-08T19:16:24+00:00,UNALLOCATED,,,,,
SLCMP700-0242,242,242,317262497,2^317262497-1,STRUCTURAL_SCREEN_EXHAUSTED_PRIMALITY_UNASSIGNED,GF3A_DIRECTIONAL_WRITE_EXHAUSTED_PRIMALITY_UNASSIGNED,513,512,512,NO_RECORDED_FACTOR_PRP_OR_LL_RESULT_AND_NO_ACTIVE_GIMPS_ASSIGNMENT,2026-08-08T19:16:24+00:00,UNALLOCATED,,,,,
SLCMP700-0243,243,243,317262509,2^317262509-1,STRUCTURAL_SCREEN_EXHAUSTED_PRIMALITY_UNASSIGNED,GF3A_DIRECTIONAL_WRITE_EXHAUSTED_PRIMALITY_UNASSIGNED,513,512,512,NO_RECORDED_FACTOR_PRP_OR_LL_RESULT_AND_NO_ACTIVE_GIMPS_ASSIGNMENT,2026-08-08T19:16:24+00:00,UNALLOCATED,,,,,
SLCMP700-0244,244,244,317262559,2^317262559-1,STRUCTURAL_SCREEN_EXHAUSTED_PRIMALITY_UNASSIGNED,GF3A_DIRECTIONAL_WRITE_EXHAUSTED_PRIMALITY_UNASSIGNED,514,512,512,NO_RECORDED_FACTOR_PRP_OR_LL_RESULT_AND_NO_ACTIVE_GIMPS_ASSIGNMENT,2026-08-08T19:16:24+00:00,UNALLOCATED,,,,,
SLCMP700-0245,245,245,317262613,2^317262613-1,STRUCTURAL_SCREEN_EXHAUSTED_PRIMALITY_UNASSIGNED,GF3A_DIRECTIONAL_WRITE_EXHAUSTED_PRIMALITY_UNASSIGNED,513,512,512,NO_RECORDED_FACTOR_PRP_OR_LL_RESULT_AND_NO_ACTIVE_GIMPS_ASSIGNMENT,2026-08-08T19:16:24+00:00,UNALLOCATED,,,,,
SLCMP700-0246,246,246,317262683,2^317262683-1,STRUCTURAL_SCREEN_EXHAUSTED_PRIMALITY_UNASSIGNED,GF3A_DIRECTIONAL_WRITE_EXHAUSTED_PRIMALITY_UNASSIGNED,514,512,512,NO_RECORDED_FACTOR_PRP_OR_LL_RESULT_AND_NO_ACTIVE_GIMPS_ASSIGNMENT,2026-08-08T19:16:24+00:00,UNALLOCATED,,,,,
SLCMP700-0247,247,247,317262809,2^317262809-1,STRUCTURAL_SCREEN_EXHAUSTED_PRIMALITY_UNASSIGNED,GF3A_DIRECTIONAL_WRITE_EXHAUSTED_PRIMALITY_UNASSIGNED,513,512,512,NO_RECORDED_FACTOR_PRP_OR_LL_RESULT_AND_NO_ACTIVE_GIMPS_ASSIGNMENT,2026-08-08T19:16:24+00:00,UNALLOCATED,,,,,
SLCMP700-0248,248,248,317262833,2^317262833-1,STRUCTURAL_SCREEN_EXHAUSTED_PRIMALITY_UNASSIGNED,GF3A_DIRECTIONAL_WRITE_EXHAUSTED_PRIMALITY_UNASSIGNED,513,512,512,NO_RECORDED_FACTOR_PRP_OR_LL_RESULT_AND_NO_ACTIVE_GIMPS_ASSIGNMENT,2026-08-08T19:16:24+00:00,UNALLOCATED,,,,,
SLCMP700-0249,249,249,317262877,2^317262877-1,STRUCTURAL_SCREEN_EXHAUSTED_PRIMALITY_UNASSIGNED,GF3A_DIRECTIONAL_WRITE_EXHAUSTED_PRIMALITY_UNASSIGNED,513,512,512,NO_RECORDED_FACTOR_PRP_OR_LL_RESULT_AND_NO_ACTIVE_GIMPS_ASSIGNMENT,2026-08-08T19:16:24+00:00,UNALLOCATED,,,,,
SLCMP700-0250,250,250,317262899,2^317262899-1,STRUCTURAL_SCREEN_EXHAUSTED_PRIMALITY_UNASSIGNED,GF3A_DIRECTIONAL_WRITE_EXHAUSTED_PRIMALITY_UNASSIGNED,514,512,512,NO_RECORDED_FACTOR_PRP_OR_LL_RESULT_AND_NO_ACTIVE_GIMPS_ASSIGNMENT,2026-08-08T19:16:24+00:00,UNALLOCATED,,,,,
SLCMP700-0251,251,251,317262919,2^317262919-1,STRUCTURAL_SCREEN_EXHAUSTED_PRIMALITY_UNASSIGNED,GF3A_DIRECTIONAL_WRITE_EXHAUSTED_PRIMALITY_UNASSIGNED,514,512,512,NO_RECORDED_FACTOR_PRP_OR_LL_RESULT_AND_NO_ACTIVE_GIMPS_ASSIGNMENT,2026-08-08T19:16:24+00:00,UNALLOCATED,,,,,
SLCMP700-0252,252,252,317263039,2^317263039-1,STRUCTURAL_SCREEN_EXHAUSTED_PRIMALITY_UNASSIGNED,GF3A_DIRECTIONAL_WRITE_EXHAUSTED_PRIMALITY_UNASSIGNED,514,512,512,NO_RECORDED_FACTOR_PRP_OR_LL_RESULT_AND_NO_ACTIVE_GIMPS_ASSIGNMENT,2026-08-08T19:16:24+00:00,UNALLOCATED,,,,,
SLCMP700-0253,253,253,317263057,2^317263057-1,STRUCTURAL_SCREEN_EXHAUSTED_PRIMALITY_UNASSIGNED,GF3A_DIRECTIONAL_WRITE_EXHAUSTED_PRIMALITY_UNASSIGNED,513,512,512,NO_RECORDED_FACTOR_PRP_OR_LL_RESULT_AND_NO_ACTIVE_GIMPS_ASSIGNMENT,2026-08-08T19:16:24+00:00,UNALLOCATED,,,,,
SLCMP700-0254,254,254,317263099,2^317263099-1,STRUCTURAL_SCREEN_EXHAUSTED_PRIMALITY_UNASSIGNED,GF3A_DIRECTIONAL_WRITE_EXHAUSTED_PRIMALITY_UNASSIGNED,514,512,512,NO_RECORDED_FACTOR_PRP_OR_LL_RESULT_AND_NO_ACTIVE_GIMPS_ASSIGNMENT,2026-08-08T19:16:24+00:00,UNALLOCATED,,,,,
SLCMP700-0255,255,255,317263171,2^317263171-1,STRUCTURAL_SCREEN_EXHAUSTED_PRIMALITY_UNASSIGNED,GF3A_DIRECTIONAL_WRITE_EXHAUSTED_PRIMALITY_UNASSIGNED,514,512,512,NO_RECORDED_FACTOR_PRP_OR_LL_RESULT_AND_NO_ACTIVE_GIMPS_ASSIGNMENT,2026-08-08T19:16:24+00:00,UNALLOCATED,,,,,
SLCMP700-0256,256,256,317263213,2^317263213-1,STRUCTURAL_SCREEN_EXHAUSTED_PRIMALITY_UNASSIGNED,GF3A_DIRECTIONAL_WRITE_EXHAUSTED_PRIMALITY_UNASSIGNED,513,512,512,NO_RECORDED_FACTOR_PRP_OR_LL_RESULT_AND_NO_ACTIVE_GIMPS_ASSIGNMENT,2026-08-08T19:16:24+00:00,UNALLOCATED,,,,,
SLCMP700-0257,257,257,317263307,2^317263307-1,STRUCTURAL_SCREEN_EXHAUSTED_PRIMALITY_UNASSIGNED,GF3A_DIRECTIONAL_WRITE_EXHAUSTED_PRIMALITY_UNASSIGNED,514,512,512,NO_RECORDED_FACTOR_PRP_OR_LL_RESULT_AND_NO_ACTIVE_GIMPS_ASSIGNMENT,2026-08-08T19:16:24+00:00,UNALLOCATED,,,,,
SLCMP700-0258,258,258,317263337,2^317263337-1,STRUCTURAL_SCREEN_EXHAUSTED_PRIMALITY_UNASSIGNED,GF3A_DIRECTIONAL_WRITE_EXHAUSTED_PRIMALITY_UNASSIGNED,513,512,512,NO_RECORDED_FACTOR_PRP_OR_LL_RESULT_AND_NO_ACTIVE_GIMPS_ASSIGNMENT,2026-08-08T19:16:24+00:00,UNALLOCATED,,,,,
SLCMP700-0259,259,259,317263361,2^317263361-1,STRUCTURAL_SCREEN_EXHAUSTED_PRIMALITY_UNASSIGNED,GF3A_DIRECTIONAL_WRITE_EXHAUSTED_PRIMALITY_UNASSIGNED,513,512,512,NO_RECORDED_FACTOR_PRP_OR_LL_RESULT_AND_NO_ACTIVE_GIMPS_ASSIGNMENT,2026-08-08T19:16:24+00:00,UNALLOCATED,,,,,
SLCMP700-0260,260,260,317263391,2^317263391-1,STRUCTURAL_SCREEN_EXHAUSTED_PRIMALITY_UNASSIGNED,GF3A_DIRECTIONAL_WRITE_EXHAUSTED_PRIMALITY_UNASSIGNED,514,512,512,NO_RECORDED_FACTOR_PRP_OR_LL_RESULT_AND_NO_ACTIVE_GIMPS_ASSIGNMENT,2026-08-08T19:16:24+00:00,UNALLOCATED,,,,,
SLCMP700-0261,261,261,317263409,2^317263409-1,STRUCTURAL_SCREEN_EXHAUSTED_PRIMALITY_UNASSIGNED,GF3A_DIRECTIONAL_WRITE_EXHAUSTED_PRIMALITY_UNASSIGNED,513,512,512,NO_RECORDED_FACTOR_PRP_OR_LL_RESULT_AND_NO_ACTIVE_GIMPS_ASSIGNMENT,2026-08-08T19:16:24+00:00,UNALLOCATED,,,,,
SLCMP700-0262,262,262,317263423,2^317263423-1,STRUCTURAL_SCREEN_EXHAUSTED_PRIMALITY_UNASSIGNED,GF3A_DIRECTIONAL_WRITE_EXHAUSTED_PRIMALITY_UNASSIGNED,514,512,512,NO_RECORDED_FACTOR_PRP_OR_LL_RESULT_AND_NO_ACTIVE_GIMPS_ASSIGNMENT,2026-08-08T19:16:24+00:00,UNALLOCATED,,,,,
SLCMP700-0263,263,263,317263519,2^317263519-1,STRUCTURAL_SCREEN_EXHAUSTED_PRIMALITY_UNASSIGNED,GF3A_DIRECTIONAL_WRITE_EXHAUSTED_PRIMALITY_UNASSIGNED,514,512,512,NO_RECORDED_FACTOR_PRP_OR_LL_RESULT_AND_NO_ACTIVE_GIMPS_ASSIGNMENT,2026-08-08T19:16:24+00:00,UNALLOCATED,,,,,
SLCMP700-0264,264,264,317263603,2^317263603-1,STRUCTURAL_SCREEN_EXHAUSTED_PRIMALITY_UNASSIGNED,GF3A_DIRECTIONAL_WRITE_EXHAUSTED_PRIMALITY_UNASSIGNED,514,512,512,NO_RECORDED_FACTOR_PRP_OR_LL_RESULT_AND_NO_ACTIVE_GIMPS_ASSIGNMENT,2026-08-08T19:16:24+00:00,UNALLOCATED,,,,,
SLCMP700-0265,265,265,317263637,2^317263637-1,STRUCTURAL_SCREEN_EXHAUSTED_PRIMALITY_UNASSIGNED,GF3A_DIRECTIONAL_WRITE_EXHAUSTED_PRIMALITY_UNASSIGNED,513,512,512,NO_RECORDED_FACTOR_PRP_OR_LL_RESULT_AND_NO_ACTIVE_GIMPS_ASSIGNMENT,2026-08-08T19:16:24+00:00,UNALLOCATED,,,,,
SLCMP700-0266,266,266,317263651,2^317263651-1,STRUCTURAL_SCREEN_EXHAUSTED_PRIMALITY_UNASSIGNED,GF3A_DIRECTIONAL_WRITE_EXHAUSTED_PRIMALITY_UNASSIGNED,514,512,512,NO_RECORDED_FACTOR_PRP_OR_LL_RESULT_AND_NO_ACTIVE_GIMPS_ASSIGNMENT,2026-08-08T19:16:24+00:00,UNALLOCATED,,,,,
SLCMP700-0267,267,267,317263663,2^317263663-1,STRUCTURAL_SCREEN_EXHAUSTED_PRIMALITY_UNASSIGNED,GF3A_DIRECTIONAL_WRITE_EXHAUSTED_PRIMALITY_UNASSIGNED,514,512,512,NO_RECORDED_FACTOR_PRP_OR_LL_RESULT_AND_NO_ACTIVE_GIMPS_ASSIGNMENT,2026-08-08T19:16:24+00:00,UNALLOCATED,,,,,
SLCMP700-0268,268,268,317263759,2^317263759-1,STRUCTURAL_SCREEN_EXHAUSTED_PRIMALITY_UNASSIGNED,GF3A_DIRECTIONAL_WRITE_EXHAUSTED_PRIMALITY_UNASSIGNED,514,512,512,NO_RECORDED_FACTOR_PRP_OR_LL_RESULT_AND_NO_ACTIVE_GIMPS_ASSIGNMENT,2026-08-08T19:16:24+00:00,UNALLOCATED,,,,,
SLCMP700-0269,269,269,317263801,2^317263801-1,STRUCTURAL_SCREEN_EXHAUSTED_PRIMALITY_UNASSIGNED,GF3A_DIRECTIONAL_WRITE_EXHAUSTED_PRIMALITY_UNASSIGNED,513,512,512,NO_RECORDED_FACTOR_PRP_OR_LL_RESULT_AND_NO_ACTIVE_GIMPS_ASSIGNMENT,2026-08-08T19:16:24+00:00,UNALLOCATED,,,,,
SLCMP700-0270,270,270,317263871,2^317263871-1,STRUCTURAL_SCREEN_EXHAUSTED_PRIMALITY_UNASSIGNED,GF3A_DIRECTIONAL_WRITE_EXHAUSTED_PRIMALITY_UNASSIGNED,514,512,512,NO_RECORDED_FACTOR_PRP_OR_LL_RESULT_AND_NO_ACTIVE_GIMPS_ASSIGNMENT,2026-08-08T19:16:24+00:00,UNALLOCATED,,,,,
SLCMP700-0271,271,271,317263981,2^317263981-1,STRUCTURAL_SCREEN_EXHAUSTED_PRIMALITY_UNASSIGNED,GF3A_DIRECTIONAL_WRITE_EXHAUSTED_PRIMALITY_UNASSIGNED,513,512,512,NO_RECORDED_FACTOR_PRP_OR_LL_RESULT_AND_NO_ACTIVE_GIMPS_ASSIGNMENT,2026-08-08T19:16:24+00:00,UNALLOCATED,,,,,
SLCMP700-0272,272,272,317264039,2^317264039-1,STRUCTURAL_SCREEN_EXHAUSTED_PRIMALITY_UNASSIGNED,GF3A_DIRECTIONAL_WRITE_EXHAUSTED_PRIMALITY_UNASSIGNED,514,512,512,NO_RECORDED_FACTOR_PRP_OR_LL_RESULT_AND_NO_ACTIVE_GIMPS_ASSIGNMENT,2026-08-08T19:16:24+00:00,UNALLOCATED,,,,,
SLCMP700-0273,273,273,317264197,2^317264197-1,STRUCTURAL_SCREEN_EXHAUSTED_PRIMALITY_UNASSIGNED,GF3A_DIRECTIONAL_WRITE_EXHAUSTED_PRIMALITY_UNASSIGNED,513,512,512,NO_RECORDED_FACTOR_PRP_OR_LL_RESULT_AND_NO_ACTIVE_GIMPS_ASSIGNMENT,2026-08-08T19:16:24+00:00,UNALLOCATED,,,,,
SLCMP700-0274,274,274,317264279,2^317264279-1,STRUCTURAL_SCREEN_EXHAUSTED_PRIMALITY_UNASSIGNED,GF3A_DIRECTIONAL_WRITE_EXHAUSTED_PRIMALITY_UNASSIGNED,514,512,512,NO_RECORDED_FACTOR_PRP_OR_LL_RESULT_AND_NO_ACTIVE_GIMPS_ASSIGNMENT,2026-08-08T19:16:24+00:00,UNALLOCATED,,,,,
SLCMP700-0275,275,275,317264291,2^317264291-1,STRUCTURAL_SCREEN_EXHAUSTED_PRIMALITY_UNASSIGNED,GF3A_DIRECTIONAL_WRITE_EXHAUSTED_PRIMALITY_UNASSIGNED,514,512,512,NO_RECORDED_FACTOR_PRP_OR_LL_RESULT_AND_NO_ACTIVE_GIMPS_ASSIGNMENT,2026-08-08T19:16:24+00:00,UNALLOCATED,,,,,
SLCMP700-0276,276,276,317264293,2^317264293-1,STRUCTURAL_SCREEN_EXHAUSTED_PRIMALITY_UNASSIGNED,GF3A_DIRECTIONAL_WRITE_EXHAUSTED_PRIMALITY_UNASSIGNED,513,512,512,NO_RECORDED_FACTOR_PRP_OR_LL_RESULT_AND_NO_ACTIVE_GIMPS_ASSIGNMENT,2026-08-08T19:16:24+00:00,UNALLOCATED,,,,,
SLCMP700-0277,277,277,317264357,2^317264357-1,STRUCTURAL_SCREEN_EXHAUSTED_PRIMALITY_UNASSIGNED,GF3A_DIRECTIONAL_WRITE_EXHAUSTED_PRIMALITY_UNASSIGNED,513,512,512,NO_RECORDED_FACTOR_PRP_OR_LL_RESULT_AND_NO_ACTIVE_GIMPS_ASSIGNMENT,2026-08-08T19:16:24+00:00,UNALLOCATED,,,,,
SLCMP700-0278,278,278,317264377,2^317264377-1,STRUCTURAL_SCREEN_EXHAUSTED_PRIMALITY_UNASSIGNED,GF3A_DIRECTIONAL_WRITE_EXHAUSTED_PRIMALITY_UNASSIGNED,513,512,512,NO_RECORDED_FACTOR_PRP_OR_LL_RESULT_AND_NO_ACTIVE_GIMPS_ASSIGNMENT,2026-08-08T19:16:24+00:00,UNALLOCATED,,,,,
SLCMP700-0279,279,279,317264407,2^317264407-1,STRUCTURAL_SCREEN_EXHAUSTED_PRIMALITY_UNASSIGNED,GF3A_DIRECTIONAL_WRITE_EXHAUSTED_PRIMALITY_UNASSIGNED,514,512,512,NO_RECORDED_FACTOR_PRP_OR_LL_RESULT_AND_NO_ACTIVE_GIMPS_ASSIGNMENT,2026-08-08T19:16:24+00:00,UNALLOCATED,,,,,
SLCMP700-0280,280,280,317264419,2^317264419-1,STRUCTURAL_SCREEN_EXHAUSTED_PRIMALITY_UNASSIGNED,GF3A_DIRECTIONAL_WRITE_EXHAUSTED_PRIMALITY_UNASSIGNED,514,512,512,NO_RECORDED_FACTOR_PRP_OR_LL_RESULT_AND_NO_ACTIVE_GIMPS_ASSIGNMENT,2026-08-08T19:16:24+00:00,UNALLOCATED,,,,,
SLCMP700-0281,281,281,317264503,2^317264503-1,STRUCTURAL_SCREEN_EXHAUSTED_PRIMALITY_UNASSIGNED,GF3A_DIRECTIONAL_WRITE_EXHAUSTED_PRIMALITY_UNASSIGNED,514,512,512,NO_RECORDED_FACTOR_PRP_OR_LL_RESULT_AND_NO_ACTIVE_GIMPS_ASSIGNMENT,2026-08-08T19:16:24+00:00,UNALLOCATED,,,,,
SLCMP700-0282,282,282,317264663,2^317264663-1,STRUCTURAL_SCREEN_EXHAUSTED_PRIMALITY_UNASSIGNED,GF3A_DIRECTIONAL_WRITE_EXHAUSTED_PRIMALITY_UNASSIGNED,514,512,512,NO_RECORDED_FACTOR_PRP_OR_LL_RESULT_AND_NO_ACTIVE_GIMPS_ASSIGNMENT,2026-08-08T19:16:24+00:00,UNALLOCATED,,,,,
SLCMP700-0283,283,283,317264687,2^317264687-1,STRUCTURAL_SCREEN_EXHAUSTED_PRIMALITY_UNASSIGNED,GF3A_DIRECTIONAL_WRITE_EXHAUSTED_PRIMALITY_UNASSIGNED,514,512,512,NO_RECORDED_FACTOR_PRP_OR_LL_RESULT_AND_NO_ACTIVE_GIMPS_ASSIGNMENT,2026-08-08T19:16:24+00:00,UNALLOCATED,,,,,
SLCMP700-0284,284,284,317264749,2^317264749-1,STRUCTURAL_SCREEN_EXHAUSTED_PRIMALITY_UNASSIGNED,GF3A_DIRECTIONAL_WRITE_EXHAUSTED_PRIMALITY_UNASSIGNED,513,512,512,NO_RECORDED_FACTOR_PRP_OR_LL_RESULT_AND_NO_ACTIVE_GIMPS_ASSIGNMENT,2026-08-08T19:16:24+00:00,UNALLOCATED,,,,,
SLCMP700-0285,285,285,317264803,2^317264803-1,STRUCTURAL_SCREEN_EXHAUSTED_PRIMALITY_UNASSIGNED,GF3A_DIRECTIONAL_WRITE_EXHAUSTED_PRIMALITY_UNASSIGNED,514,512,512,NO_RECORDED_FACTOR_PRP_OR_LL_RESULT_AND_NO_ACTIVE_GIMPS_ASSIGNMENT,2026-08-08T19:16:24+00:00,UNALLOCATED,,,,,
SLCMP700-0286,286,286,317264807,2^317264807-1,STRUCTURAL_SCREEN_EXHAUSTED_PRIMALITY_UNASSIGNED,GF3A_DIRECTIONAL_WRITE_EXHAUSTED_PRIMALITY_UNASSIGNED,514,512,512,NO_RECORDED_FACTOR_PRP_OR_LL_RESULT_AND_NO_ACTIVE_GIMPS_ASSIGNMENT,2026-08-08T19:16:24+00:00,UNALLOCATED,,,,,
SLCMP700-0287,287,287,317264867,2^317264867-1,STRUCTURAL_SCREEN_EXHAUSTED_PRIMALITY_UNASSIGNED,GF3A_DIRECTIONAL_WRITE_EXHAUSTED_PRIMALITY_UNASSIGNED,514,512,512,NO_RECORDED_FACTOR_PRP_OR_LL_RESULT_AND_NO_ACTIVE_GIMPS_ASSIGNMENT,2026-08-08T19:16:24+00:00,UNALLOCATED,,,,,
SLCMP700-0288,288,288,317264933,2^317264933-1,STRUCTURAL_SCREEN_EXHAUSTED_PRIMALITY_UNASSIGNED,GF3A_DIRECTIONAL_WRITE_EXHAUSTED_PRIMALITY_UNASSIGNED,513,512,512,NO_RECORDED_FACTOR_PRP_OR_LL_RESULT_AND_NO_ACTIVE_GIMPS_ASSIGNMENT,2026-08-08T19:16:24+00:00,UNALLOCATED,,,,,
SLCMP700-0289,289,289,317264977,2^317264977-1,STRUCTURAL_SCREEN_EXHAUSTED_PRIMALITY_UNASSIGNED,GF3A_DIRECTIONAL_WRITE_EXHAUSTED_PRIMALITY_UNASSIGNED,513,512,512,NO_RECORDED_FACTOR_PRP_OR_LL_RESULT_AND_NO_ACTIVE_GIMPS_ASSIGNMENT,2026-08-08T19:16:24+00:00,UNALLOCATED,,,,,
SLCMP700-0290,290,290,317264989,2^317264989-1,STRUCTURAL_SCREEN_EXHAUSTED_PRIMALITY_UNASSIGNED,GF3A_DIRECTIONAL_WRITE_EXHAUSTED_PRIMALITY_UNASSIGNED,513,512,512,NO_RECORDED_FACTOR_PRP_OR_LL_RESULT_AND_NO_ACTIVE_GIMPS_ASSIGNMENT,2026-08-08T19:16:24+00:00,UNALLOCATED,,,,,
SLCMP700-0291,291,291,317265001,2^317265001-1,STRUCTURAL_SCREEN_EXHAUSTED_PRIMALITY_UNASSIGNED,GF3A_DIRECTIONAL_WRITE_EXHAUSTED_PRIMALITY_UNASSIGNED,513,512,512,NO_RECORDED_FACTOR_PRP_OR_LL_RESULT_AND_NO_ACTIVE_GIMPS_ASSIGNMENT,2026-08-08T19:16:24+00:00,UNALLOCATED,,,,,
SLCMP700-0292,292,292,317265119,2^317265119-1,STRUCTURAL_SCREEN_EXHAUSTED_PRIMALITY_UNASSIGNED,GF3A_DIRECTIONAL_WRITE_EXHAUSTED_PRIMALITY_UNASSIGNED,514,512,512,NO_RECORDED_FACTOR_PRP_OR_LL_RESULT_AND_NO_ACTIVE_GIMPS_ASSIGNMENT,2026-08-08T19:16:24+00:00,UNALLOCATED,,,,,
SLCMP700-0293,293,293,317265127,2^317265127-1,STRUCTURAL_SCREEN_EXHAUSTED_PRIMALITY_UNASSIGNED,GF3A_DIRECTIONAL_WRITE_EXHAUSTED_PRIMALITY_UNASSIGNED,514,512,512,NO_RECORDED_FACTOR_PRP_OR_LL_RESULT_AND_NO_ACTIVE_GIMPS_ASSIGNMENT,2026-08-08T19:16:24+00:00,UNALLOCATED,,,,,
SLCMP700-0294,294,294,317265131,2^317265131-1,STRUCTURAL_SCREEN_EXHAUSTED_PRIMALITY_UNASSIGNED,GF3A_DIRECTIONAL_WRITE_EXHAUSTED_PRIMALITY_UNASSIGNED,514,512,512,NO_RECORDED_FACTOR_PRP_OR_LL_RESULT_AND_NO_ACTIVE_GIMPS_ASSIGNMENT,2026-08-08T19:16:24+00:00,UNALLOCATED,,,,,
SLCMP700-0295,295,295,317265187,2^317265187-1,STRUCTURAL_SCREEN_EXHAUSTED_PRIMALITY_UNASSIGNED,GF3A_DIRECTIONAL_WRITE_EXHAUSTED_PRIMALITY_UNASSIGNED,514,512,512,NO_RECORDED_FACTOR_PRP_OR_LL_RESULT_AND_NO_ACTIVE_GIMPS_ASSIGNMENT,2026-08-08T19:16:24+00:00,UNALLOCATED,,,,,
SLCMP700-0296,296,296,317265199,2^317265199-1,STRUCTURAL_SCREEN_EXHAUSTED_PRIMALITY_UNASSIGNED,GF3A_DIRECTIONAL_WRITE_EXHAUSTED_PRIMALITY_UNASSIGNED,514,512,512,NO_RECORDED_FACTOR_PRP_OR_LL_RESULT_AND_NO_ACTIVE_GIMPS_ASSIGNMENT,2026-08-08T19:16:24+00:00,UNALLOCATED,,,,,
SLCMP700-0297,297,297,317265229,2^317265229-1,STRUCTURAL_SCREEN_EXHAUSTED_PRIMALITY_UNASSIGNED,GF3A_DIRECTIONAL_WRITE_EXHAUSTED_PRIMALITY_UNASSIGNED,513,512,512,NO_RECORDED_FACTOR_PRP_OR_LL_RESULT_AND_NO_ACTIVE_GIMPS_ASSIGNMENT,2026-08-08T19:16:24+00:00,UNALLOCATED,,,,,
SLCMP700-0298,298,298,317265281,2^317265281-1,STRUCTURAL_SCREEN_EXHAUSTED_PRIMALITY_UNASSIGNED,GF3A_DIRECTIONAL_WRITE_EXHAUSTED_PRIMALITY_UNASSIGNED,513,512,512,NO_RECORDED_FACTOR_PRP_OR_LL_RESULT_AND_NO_ACTIVE_GIMPS_ASSIGNMENT,2026-08-08T19:16:24+00:00,UNALLOCATED,,,,,
SLCMP700-0299,299,299,317265371,2^317265371-1,STRUCTURAL_SCREEN_EXHAUSTED_PRIMALITY_UNASSIGNED,GF3A_DIRECTIONAL_WRITE_EXHAUSTED_PRIMALITY_UNASSIGNED,514,512,512,NO_RECORDED_FACTOR_PRP_OR_LL_RESULT_AND_NO_ACTIVE_GIMPS_ASSIGNMENT,2026-08-08T19:16:24+00:00,UNALLOCATED,,,,,
SLCMP700-0300,300,300,317265413,2^317265413-1,STRUCTURAL_SCREEN_EXHAUSTED_PRIMALITY_UNASSIGNED,GF3A_DIRECTIONAL_WRITE_EXHAUSTED_PRIMALITY_UNASSIGNED,513,512,512,NO_RECORDED_FACTOR_PRP_OR_LL_RESULT_AND_NO_ACTIVE_GIMPS_ASSIGNMENT,2026-08-08T19:16:24+00:00,UNALLOCATED,,,,,
SLCMP700-0301,301,301,317265419,2^317265419-1,STRUCTURAL_SCREEN_EXHAUSTED_PRIMALITY_UNASSIGNED,GF3A_DIRECTIONAL_WRITE_EXHAUSTED_PRIMALITY_UNASSIGNED,514,512,512,NO_RECORDED_FACTOR_PRP_OR_LL_RESULT_AND_NO_ACTIVE_GIMPS_ASSIGNMENT,2026-08-08T19:16:24+00:00,UNALLOCATED,,,,,
SLCMP700-0302,302,302,317265469,2^317265469-1,STRUCTURAL_SCREEN_EXHAUSTED_PRIMALITY_UNASSIGNED,GF3A_DIRECTIONAL_WRITE_EXHAUSTED_PRIMALITY_UNASSIGNED,513,512,512,NO_RECORDED_FACTOR_PRP_OR_LL_RESULT_AND_NO_ACTIVE_GIMPS_ASSIGNMENT,2026-08-08T19:16:24+00:00,UNALLOCATED,,,,,
SLCMP700-0303,303,303,317265521,2^317265521-1,STRUCTURAL_SCREEN_EXHAUSTED_PRIMALITY_UNASSIGNED,GF3A_DIRECTIONAL_WRITE_EXHAUSTED_PRIMALITY_UNASSIGNED,513,512,512,NO_RECORDED_FACTOR_PRP_OR_LL_RESULT_AND_NO_ACTIVE_GIMPS_ASSIGNMENT,2026-08-08T19:16:24+00:00,UNALLOCATED,,,,,
SLCMP700-0304,304,304,317265547,2^317265547-1,STRUCTURAL_SCREEN_EXHAUSTED_PRIMALITY_UNASSIGNED,GF3A_DIRECTIONAL_WRITE_EXHAUSTED_PRIMALITY_UNASSIGNED,514,512,512,NO_RECORDED_FACTOR_PRP_OR_LL_RESULT_AND_NO_ACTIVE_GIMPS_ASSIGNMENT,2026-08-08T19:16:24+00:00,UNALLOCATED,,,,,
SLCMP700-0305,305,305,317265581,2^317265581-1,STRUCTURAL_SCREEN_EXHAUSTED_PRIMALITY_UNASSIGNED,GF3A_DIRECTIONAL_WRITE_EXHAUSTED_PRIMALITY_UNASSIGNED,513,512,512,NO_RECORDED_FACTOR_PRP_OR_LL_RESULT_AND_NO_ACTIVE_GIMPS_ASSIGNMENT,2026-08-08T19:16:24+00:00,UNALLOCATED,,,,,
SLCMP700-0306,306,306,317265583,2^317265583-1,STRUCTURAL_SCREEN_EXHAUSTED_PRIMALITY_UNASSIGNED,GF3A_DIRECTIONAL_WRITE_EXHAUSTED_PRIMALITY_UNASSIGNED,514,512,512,NO_RECORDED_FACTOR_PRP_OR_LL_RESULT_AND_NO_ACTIVE_GIMPS_ASSIGNMENT,2026-08-08T19:16:24+00:00,UNALLOCATED,,,,,
SLCMP700-0307,307,307,317265601,2^317265601-1,STRUCTURAL_SCREEN_EXHAUSTED_PRIMALITY_UNASSIGNED,GF3A_DIRECTIONAL_WRITE_EXHAUSTED_PRIMALITY_UNASSIGNED,513,512,512,NO_RECORDED_FACTOR_PRP_OR_LL_RESULT_AND_NO_ACTIVE_GIMPS_ASSIGNMENT,2026-08-08T19:16:24+00:00,UNALLOCATED,,,,,
SLCMP700-0308,308,308,317265607,2^317265607-1,STRUCTURAL_SCREEN_EXHAUSTED_PRIMALITY_UNASSIGNED,GF3A_DIRECTIONAL_WRITE_EXHAUSTED_PRIMALITY_UNASSIGNED,514,512,512,NO_RECORDED_FACTOR_PRP_OR_LL_RESULT_AND_NO_ACTIVE_GIMPS_ASSIGNMENT,2026-08-08T19:16:24+00:00,UNALLOCATED,,,,,
SLCMP700-0309,309,309,317265623,2^317265623-1,STRUCTURAL_SCREEN_EXHAUSTED_PRIMALITY_UNASSIGNED,GF3A_DIRECTIONAL_WRITE_EXHAUSTED_PRIMALITY_UNASSIGNED,514,512,512,NO_RECORDED_FACTOR_PRP_OR_LL_RESULT_AND_NO_ACTIVE_GIMPS_ASSIGNMENT,2026-08-08T19:16:24+00:00,UNALLOCATED,,,,,
SLCMP700-0310,310,310,317265643,2^317265643-1,STRUCTURAL_SCREEN_EXHAUSTED_PRIMALITY_UNASSIGNED,GF3A_DIRECTIONAL_WRITE_EXHAUSTED_PRIMALITY_UNASSIGNED,514,512,512,NO_RECORDED_FACTOR_PRP_OR_LL_RESULT_AND_NO_ACTIVE_GIMPS_ASSIGNMENT,2026-08-08T19:16:24+00:00,UNALLOCATED,,,,,
SLCMP700-0311,311,311,317265803,2^317265803-1,STRUCTURAL_SCREEN_EXHAUSTED_PRIMALITY_UNASSIGNED,GF3A_DIRECTIONAL_WRITE_EXHAUSTED_PRIMALITY_UNASSIGNED,514,512,512,NO_RECORDED_FACTOR_PRP_OR_LL_RESULT_AND_NO_ACTIVE_GIMPS_ASSIGNMENT,2026-08-08T19:16:24+00:00,UNALLOCATED,,,,,
SLCMP700-0312,312,312,317265847,2^317265847-1,STRUCTURAL_SCREEN_EXHAUSTED_PRIMALITY_UNASSIGNED,GF3A_DIRECTIONAL_WRITE_EXHAUSTED_PRIMALITY_UNASSIGNED,514,512,512,NO_RECORDED_FACTOR_PRP_OR_LL_RESULT_AND_NO_ACTIVE_GIMPS_ASSIGNMENT,2026-08-08T19:16:24+00:00,UNALLOCATED,,,,,
SLCMP700-0313,313,313,317266013,2^317266013-1,STRUCTURAL_SCREEN_EXHAUSTED_PRIMALITY_UNASSIGNED,GF3A_DIRECTIONAL_WRITE_EXHAUSTED_PRIMALITY_UNASSIGNED,513,512,512,NO_RECORDED_FACTOR_PRP_OR_LL_RESULT_AND_NO_ACTIVE_GIMPS_ASSIGNMENT,2026-08-08T19:16:24+00:00,UNALLOCATED,,,,,
SLCMP700-0314,314,314,317266049,2^317266049-1,STRUCTURAL_SCREEN_EXHAUSTED_PRIMALITY_UNASSIGNED,GF3A_DIRECTIONAL_WRITE_EXHAUSTED_PRIMALITY_UNASSIGNED,513,512,512,NO_RECORDED_FACTOR_PRP_OR_LL_RESULT_AND_NO_ACTIVE_GIMPS_ASSIGNMENT,2026-08-08T19:16:24+00:00,UNALLOCATED,,,,,
SLCMP700-0315,315,315,317266051,2^317266051-1,STRUCTURAL_SCREEN_EXHAUSTED_PRIMALITY_UNASSIGNED,GF3A_DIRECTIONAL_WRITE_EXHAUSTED_PRIMALITY_UNASSIGNED,514,512,512,NO_RECORDED_FACTOR_PRP_OR_LL_RESULT_AND_NO_ACTIVE_GIMPS_ASSIGNMENT,2026-08-08T19:16:24+00:00,UNALLOCATED,,,,,
SLCMP700-0316,316,316,317266057,2^317266057-1,STRUCTURAL_SCREEN_EXHAUSTED_PRIMALITY_UNASSIGNED,GF3A_DIRECTIONAL_WRITE_EXHAUSTED_PRIMALITY_UNASSIGNED,513,512,512,NO_RECORDED_FACTOR_PRP_OR_LL_RESULT_AND_NO_ACTIVE_GIMPS_ASSIGNMENT,2026-08-08T19:16:24+00:00,UNALLOCATED,,,,,
SLCMP700-0317,317,317,317266111,2^317266111-1,STRUCTURAL_SCREEN_EXHAUSTED_PRIMALITY_UNASSIGNED,GF3A_DIRECTIONAL_WRITE_EXHAUSTED_PRIMALITY_UNASSIGNED,514,512,512,NO_RECORDED_FACTOR_PRP_OR_LL_RESULT_AND_NO_ACTIVE_GIMPS_ASSIGNMENT,2026-08-08T19:16:24+00:00,UNALLOCATED,,,,,
SLCMP700-0318,318,318,317266139,2^317266139-1,STRUCTURAL_SCREEN_EXHAUSTED_PRIMALITY_UNASSIGNED,GF3A_DIRECTIONAL_WRITE_EXHAUSTED_PRIMALITY_UNASSIGNED,514,512,512,NO_RECORDED_FACTOR_PRP_OR_LL_RESULT_AND_NO_ACTIVE_GIMPS_ASSIGNMENT,2026-08-08T19:16:24+00:00,UNALLOCATED,,,,,
SLCMP700-0319,319,319,317266207,2^317266207-1,STRUCTURAL_SCREEN_EXHAUSTED_PRIMALITY_UNASSIGNED,GF3A_DIRECTIONAL_WRITE_EXHAUSTED_PRIMALITY_UNASSIGNED,514,512,512,NO_RECORDED_FACTOR_PRP_OR_LL_RESULT_AND_NO_ACTIVE_GIMPS_ASSIGNMENT,2026-08-08T19:16:24+00:00,UNALLOCATED,,,,,
SLCMP700-0320,320,320,317266211,2^317266211-1,STRUCTURAL_SCREEN_EXHAUSTED_PRIMALITY_UNASSIGNED,GF3A_DIRECTIONAL_WRITE_EXHAUSTED_PRIMALITY_UNASSIGNED,514,512,512,NO_RECORDED_FACTOR_PRP_OR_LL_RESULT_AND_NO_ACTIVE_GIMPS_ASSIGNMENT,2026-08-08T19:16:24+00:00,UNALLOCATED,,,,,
SLCMP700-0321,321,321,317266219,2^317266219-1,STRUCTURAL_SCREEN_EXHAUSTED_PRIMALITY_UNASSIGNED,GF3A_DIRECTIONAL_WRITE_EXHAUSTED_PRIMALITY_UNASSIGNED,514,512,512,NO_RECORDED_FACTOR_PRP_OR_LL_RESULT_AND_NO_ACTIVE_GIMPS_ASSIGNMENT,2026-08-08T19:16:24+00:00,UNALLOCATED,,,,,
SLCMP700-0322,322,322,317266511,2^317266511-1,STRUCTURAL_SCREEN_EXHAUSTED_PRIMALITY_UNASSIGNED,GF3A_DIRECTIONAL_WRITE_EXHAUSTED_PRIMALITY_UNASSIGNED,514,512,512,NO_RECORDED_FACTOR_PRP_OR_LL_RESULT_AND_NO_ACTIVE_GIMPS_ASSIGNMENT,2026-08-08T19:16:24+00:00,UNALLOCATED,,,,,
SLCMP700-0323,323,323,317266633,2^317266633-1,STRUCTURAL_SCREEN_EXHAUSTED_PRIMALITY_UNASSIGNED,GF3A_DIRECTIONAL_WRITE_EXHAUSTED_PRIMALITY_UNASSIGNED,513,512,512,NO_RECORDED_FACTOR_PRP_OR_LL_RESULT_AND_NO_ACTIVE_GIMPS_ASSIGNMENT,2026-08-08T19:16:24+00:00,UNALLOCATED,,,,,
SLCMP700-0324,324,324,317266657,2^317266657-1,STRUCTURAL_SCREEN_EXHAUSTED_PRIMALITY_UNASSIGNED,GF3A_DIRECTIONAL_WRITE_EXHAUSTED_PRIMALITY_UNASSIGNED,513,512,512,NO_RECORDED_FACTOR_PRP_OR_LL_RESULT_AND_NO_ACTIVE_GIMPS_ASSIGNMENT,2026-08-08T19:16:24+00:00,UNALLOCATED,,,,,
SLCMP700-0325,325,325,317266739,2^317266739-1,STRUCTURAL_SCREEN_EXHAUSTED_PRIMALITY_UNASSIGNED,GF3A_DIRECTIONAL_WRITE_EXHAUSTED_PRIMALITY_UNASSIGNED,514,512,512,NO_RECORDED_FACTOR_PRP_OR_LL_RESULT_AND_NO_ACTIVE_GIMPS_ASSIGNMENT,2026-08-08T19:16:24+00:00,UNALLOCATED,,,,,
SLCMP700-0326,326,326,317266847,2^317266847-1,STRUCTURAL_SCREEN_EXHAUSTED_PRIMALITY_UNASSIGNED,GF3A_DIRECTIONAL_WRITE_EXHAUSTED_PRIMALITY_UNASSIGNED,514,512,512,NO_RECORDED_FACTOR_PRP_OR_LL_RESULT_AND_NO_ACTIVE_GIMPS_ASSIGNMENT,2026-08-08T19:16:24+00:00,UNALLOCATED,,,,,
SLCMP700-0327,327,327,317266849,2^317266849-1,STRUCTURAL_SCREEN_EXHAUSTED_PRIMALITY_UNASSIGNED,GF3A_DIRECTIONAL_WRITE_EXHAUSTED_PRIMALITY_UNASSIGNED,513,512,512,NO_RECORDED_FACTOR_PRP_OR_LL_RESULT_AND_NO_ACTIVE_GIMPS_ASSIGNMENT,2026-08-08T19:16:24+00:00,UNALLOCATED,,,,,
SLCMP700-0328,328,328,317266867,2^317266867-1,STRUCTURAL_SCREEN_EXHAUSTED_PRIMALITY_UNASSIGNED,GF3A_DIRECTIONAL_WRITE_EXHAUSTED_PRIMALITY_UNASSIGNED,514,512,512,NO_RECORDED_FACTOR_PRP_OR_LL_RESULT_AND_NO_ACTIVE_GIMPS_ASSIGNMENT,2026-08-08T19:16:24+00:00,UNALLOCATED,,,,,
SLCMP700-0329,329,329,317266913,2^317266913-1,STRUCTURAL_SCREEN_EXHAUSTED_PRIMALITY_UNASSIGNED,GF3A_DIRECTIONAL_WRITE_EXHAUSTED_PRIMALITY_UNASSIGNED,513,512,512,NO_RECORDED_FACTOR_PRP_OR_LL_RESULT_AND_NO_ACTIVE_GIMPS_ASSIGNMENT,2026-08-08T19:16:24+00:00,UNALLOCATED,,,,,
SLCMP700-0330,330,330,317266951,2^317266951-1,STRUCTURAL_SCREEN_EXHAUSTED_PRIMALITY_UNASSIGNED,GF3A_DIRECTIONAL_WRITE_EXHAUSTED_PRIMALITY_UNASSIGNED,514,512,512,NO_RECORDED_FACTOR_PRP_OR_LL_RESULT_AND_NO_ACTIVE_GIMPS_ASSIGNMENT,2026-08-08T19:16:24+00:00,UNALLOCATED,,,,,
SLCMP700-0331,331,331,317267009,2^317267009-1,STRUCTURAL_SCREEN_EXHAUSTED_PRIMALITY_UNASSIGNED,GF3A_DIRECTIONAL_WRITE_EXHAUSTED_PRIMALITY_UNASSIGNED,513,512,512,NO_RECORDED_FACTOR_PRP_OR_LL_RESULT_AND_NO_ACTIVE_GIMPS_ASSIGNMENT,2026-08-08T19:16:24+00:00,UNALLOCATED,,,,,
SLCMP700-0332,332,332,317267023,2^317267023-1,STRUCTURAL_SCREEN_EXHAUSTED_PRIMALITY_UNASSIGNED,GF3A_DIRECTIONAL_WRITE_EXHAUSTED_PRIMALITY_UNASSIGNED,514,512,512,NO_RECORDED_FACTOR_PRP_OR_LL_RESULT_AND_NO_ACTIVE_GIMPS_ASSIGNMENT,2026-08-08T19:16:24+00:00,UNALLOCATED,,,,,
SLCMP700-0333,333,333,317267033,2^317267033-1,STRUCTURAL_SCREEN_EXHAUSTED_PRIMALITY_UNASSIGNED,GF3A_DIRECTIONAL_WRITE_EXHAUSTED_PRIMALITY_UNASSIGNED,513,512,512,NO_RECORDED_FACTOR_PRP_OR_LL_RESULT_AND_NO_ACTIVE_GIMPS_ASSIGNMENT,2026-08-08T19:16:24+00:00,UNALLOCATED,,,,,
SLCMP700-0334,334,334,317267053,2^317267053-1,STRUCTURAL_SCREEN_EXHAUSTED_PRIMALITY_UNASSIGNED,GF3A_DIRECTIONAL_WRITE_EXHAUSTED_PRIMALITY_UNASSIGNED,513,512,512,NO_RECORDED_FACTOR_PRP_OR_LL_RESULT_AND_NO_ACTIVE_GIMPS_ASSIGNMENT,2026-08-08T19:16:24+00:00,UNALLOCATED,,,,,
SLCMP700-0335,335,335,317267173,2^317267173-1,STRUCTURAL_SCREEN_EXHAUSTED_PRIMALITY_UNASSIGNED,GF3A_DIRECTIONAL_WRITE_EXHAUSTED_PRIMALITY_UNASSIGNED,513,512,512,NO_RECORDED_FACTOR_PRP_OR_LL_RESULT_AND_NO_ACTIVE_GIMPS_ASSIGNMENT,2026-08-08T19:16:24+00:00,UNALLOCATED,,,,,
SLCMP700-0336,336,336,317267207,2^317267207-1,STRUCTURAL_SCREEN_EXHAUSTED_PRIMALITY_UNASSIGNED,GF3A_DIRECTIONAL_WRITE_EXHAUSTED_PRIMALITY_UNASSIGNED,514,512,512,NO_RECORDED_FACTOR_PRP_OR_LL_RESULT_AND_NO_ACTIVE_GIMPS_ASSIGNMENT,2026-08-08T19:16:24+00:00,UNALLOCATED,,,,,
SLCMP700-0337,337,337,317267411,2^317267411-1,STRUCTURAL_SCREEN_EXHAUSTED_PRIMALITY_UNASSIGNED,GF3A_DIRECTIONAL_WRITE_EXHAUSTED_PRIMALITY_UNASSIGNED,514,512,512,NO_RECORDED_FACTOR_PRP_OR_LL_RESULT_AND_NO_ACTIVE_GIMPS_ASSIGNMENT,2026-08-08T19:16:24+00:00,UNALLOCATED,,,,,
SLCMP700-0338,338,338,317267507,2^317267507-1,STRUCTURAL_SCREEN_EXHAUSTED_PRIMALITY_UNASSIGNED,GF3A_DIRECTIONAL_WRITE_EXHAUSTED_PRIMALITY_UNASSIGNED,514,512,512,NO_RECORDED_FACTOR_PRP_OR_LL_RESULT_AND_NO_ACTIVE_GIMPS_ASSIGNMENT,2026-08-08T19:16:24+00:00,UNALLOCATED,,,,,
SLCMP700-0339,339,339,317267513,2^317267513-1,STRUCTURAL_SCREEN_EXHAUSTED_PRIMALITY_UNASSIGNED,GF3A_DIRECTIONAL_WRITE_EXHAUSTED_PRIMALITY_UNASSIGNED,513,512,512,NO_RECORDED_FACTOR_PRP_OR_LL_RESULT_AND_NO_ACTIVE_GIMPS_ASSIGNMENT,2026-08-08T19:16:24+00:00,UNALLOCATED,,,,,
SLCMP700-0340,340,340,317267537,2^317267537-1,STRUCTURAL_SCREEN_EXHAUSTED_PRIMALITY_UNASSIGNED,GF3A_DIRECTIONAL_WRITE_EXHAUSTED_PRIMALITY_UNASSIGNED,513,512,512,NO_RECORDED_FACTOR_PRP_OR_LL_RESULT_AND_NO_ACTIVE_GIMPS_ASSIGNMENT,2026-08-08T19:16:24+00:00,UNALLOCATED,,,,,
SLCMP700-0341,341,341,317267539,2^317267539-1,STRUCTURAL_SCREEN_EXHAUSTED_PRIMALITY_UNASSIGNED,GF3A_DIRECTIONAL_WRITE_EXHAUSTED_PRIMALITY_UNASSIGNED,514,512,512,NO_RECORDED_FACTOR_PRP_OR_LL_RESULT_AND_NO_ACTIVE_GIMPS_ASSIGNMENT,2026-08-08T19:16:24+00:00,UNALLOCATED,,,,,
SLCMP700-0342,342,342,317267623,2^317267623-1,STRUCTURAL_SCREEN_EXHAUSTED_PRIMALITY_UNASSIGNED,GF3A_DIRECTIONAL_WRITE_EXHAUSTED_PRIMALITY_UNASSIGNED,514,512,512,NO_RECORDED_FACTOR_PRP_OR_LL_RESULT_AND_NO_ACTIVE_GIMPS_ASSIGNMENT,2026-08-08T19:16:24+00:00,UNALLOCATED,,,,,
SLCMP700-0343,343,343,317267701,2^317267701-1,STRUCTURAL_SCREEN_EXHAUSTED_PRIMALITY_UNASSIGNED,GF3A_DIRECTIONAL_WRITE_EXHAUSTED_PRIMALITY_UNASSIGNED,513,512,512,NO_RECORDED_FACTOR_PRP_OR_LL_RESULT_AND_NO_ACTIVE_GIMPS_ASSIGNMENT,2026-08-08T19:16:24+00:00,UNALLOCATED,,,,,
SLCMP700-0344,344,344,317267723,2^317267723-1,STRUCTURAL_SCREEN_EXHAUSTED_PRIMALITY_UNASSIGNED,GF3A_DIRECTIONAL_WRITE_EXHAUSTED_PRIMALITY_UNASSIGNED,514,512,512,NO_RECORDED_FACTOR_PRP_OR_LL_RESULT_AND_NO_ACTIVE_GIMPS_ASSIGNMENT,2026-08-08T19:16:24+00:00,UNALLOCATED,,,,,
SLCMP700-0345,345,345,317267737,2^317267737-1,STRUCTURAL_SCREEN_EXHAUSTED_PRIMALITY_UNASSIGNED,GF3A_DIRECTIONAL_WRITE_EXHAUSTED_PRIMALITY_UNASSIGNED,513,512,512,NO_RECORDED_FACTOR_PRP_OR_LL_RESULT_AND_NO_ACTIVE_GIMPS_ASSIGNMENT,2026-08-08T19:16:24+00:00,UNALLOCATED,,,,,
SLCMP700-0346,346,346,317267747,2^317267747-1,STRUCTURAL_SCREEN_EXHAUSTED_PRIMALITY_UNASSIGNED,GF3A_DIRECTIONAL_WRITE_EXHAUSTED_PRIMALITY_UNASSIGNED,514,512,512,NO_RECORDED_FACTOR_PRP_OR_LL_RESULT_AND_NO_ACTIVE_GIMPS_ASSIGNMENT,2026-08-08T19:16:24+00:00,UNALLOCATED,,,,,
SLCMP700-0347,347,347,317267791,2^317267791-1,STRUCTURAL_SCREEN_EXHAUSTED_PRIMALITY_UNASSIGNED,GF3A_DIRECTIONAL_WRITE_EXHAUSTED_PRIMALITY_UNASSIGNED,514,512,512,NO_RECORDED_FACTOR_PRP_OR_LL_RESULT_AND_NO_ACTIVE_GIMPS_ASSIGNMENT,2026-08-08T19:16:24+00:00,UNALLOCATED,,,,,
SLCMP700-0348,348,348,317267851,2^317267851-1,STRUCTURAL_SCREEN_EXHAUSTED_PRIMALITY_UNASSIGNED,GF3A_DIRECTIONAL_WRITE_EXHAUSTED_PRIMALITY_UNASSIGNED,514,512,512,NO_RECORDED_FACTOR_PRP_OR_LL_RESULT_AND_NO_ACTIVE_GIMPS_ASSIGNMENT,2026-08-08T19:16:24+00:00,UNALLOCATED,,,,,
SLCMP700-0349,349,349,317267897,2^317267897-1,STRUCTURAL_SCREEN_EXHAUSTED_PRIMALITY_UNASSIGNED,GF3A_DIRECTIONAL_WRITE_EXHAUSTED_PRIMALITY_UNASSIGNED,513,512,512,NO_RECORDED_FACTOR_PRP_OR_LL_RESULT_AND_NO_ACTIVE_GIMPS_ASSIGNMENT,2026-08-08T19:16:24+00:00,UNALLOCATED,,,,,
SLCMP700-0350,350,350,317268089,2^317268089-1,STRUCTURAL_SCREEN_EXHAUSTED_PRIMALITY_UNASSIGNED,GF3A_DIRECTIONAL_WRITE_EXHAUSTED_PRIMALITY_UNASSIGNED,513,512,512,NO_RECORDED_FACTOR_PRP_OR_LL_RESULT_AND_NO_ACTIVE_GIMPS_ASSIGNMENT,2026-08-08T19:16:24+00:00,UNALLOCATED,,,,,
SLCMP700-0351,351,351,317268109,2^317268109-1,STRUCTURAL_SCREEN_EXHAUSTED_PRIMALITY_UNASSIGNED,GF3A_DIRECTIONAL_WRITE_EXHAUSTED_PRIMALITY_UNASSIGNED,513,512,512,NO_RECORDED_FACTOR_PRP_OR_LL_RESULT_AND_NO_ACTIVE_GIMPS_ASSIGNMENT,2026-08-08T19:16:24+00:00,UNALLOCATED,,,,,
SLCMP700-0352,352,352,317268143,2^317268143-1,STRUCTURAL_SCREEN_EXHAUSTED_PRIMALITY_UNASSIGNED,GF3A_DIRECTIONAL_WRITE_EXHAUSTED_PRIMALITY_UNASSIGNED,514,512,512,NO_RECORDED_FACTOR_PRP_OR_LL_RESULT_AND_NO_ACTIVE_GIMPS_ASSIGNMENT,2026-08-08T19:16:24+00:00,UNALLOCATED,,,,,
SLCMP700-0353,353,353,317268173,2^317268173-1,STRUCTURAL_SCREEN_EXHAUSTED_PRIMALITY_UNASSIGNED,GF3A_DIRECTIONAL_WRITE_EXHAUSTED_PRIMALITY_UNASSIGNED,513,512,512,NO_RECORDED_FACTOR_PRP_OR_LL_RESULT_AND_NO_ACTIVE_GIMPS_ASSIGNMENT,2026-08-08T19:16:24+00:00,UNALLOCATED,,,,,
SLCMP700-0354,354,354,317268239,2^317268239-1,STRUCTURAL_SCREEN_EXHAUSTED_PRIMALITY_UNASSIGNED,GF3A_DIRECTIONAL_WRITE_EXHAUSTED_PRIMALITY_UNASSIGNED,514,512,512,NO_RECORDED_FACTOR_PRP_OR_LL_RESULT_AND_NO_ACTIVE_GIMPS_ASSIGNMENT,2026-08-08T19:16:24+00:00,UNALLOCATED,,,,,
SLCMP700-0355,355,355,317268277,2^317268277-1,STRUCTURAL_SCREEN_EXHAUSTED_PRIMALITY_UNASSIGNED,GF3A_DIRECTIONAL_WRITE_EXHAUSTED_PRIMALITY_UNASSIGNED,513,512,512,NO_RECORDED_FACTOR_PRP_OR_LL_RESULT_AND_NO_ACTIVE_GIMPS_ASSIGNMENT,2026-08-08T19:16:24+00:00,UNALLOCATED,,,,,
SLCMP700-0356,356,356,317268337,2^317268337-1,STRUCTURAL_SCREEN_EXHAUSTED_PRIMALITY_UNASSIGNED,GF3A_DIRECTIONAL_WRITE_EXHAUSTED_PRIMALITY_UNASSIGNED,513,512,512,NO_RECORDED_FACTOR_PRP_OR_LL_RESULT_AND_NO_ACTIVE_GIMPS_ASSIGNMENT,2026-08-08T19:16:24+00:00,UNALLOCATED,,,,,
SLCMP700-0357,357,357,317268349,2^317268349-1,STRUCTURAL_SCREEN_EXHAUSTED_PRIMALITY_UNASSIGNED,GF3A_DIRECTIONAL_WRITE_EXHAUSTED_PRIMALITY_UNASSIGNED,513,512,512,NO_RECORDED_FACTOR_PRP_OR_LL_RESULT_AND_NO_ACTIVE_GIMPS_ASSIGNMENT,2026-08-08T19:16:24+00:00,UNALLOCATED,,,,,
SLCMP700-0358,358,358,317268361,2^317268361-1,STRUCTURAL_SCREEN_EXHAUSTED_PRIMALITY_UNASSIGNED,GF3A_DIRECTIONAL_WRITE_EXHAUSTED_PRIMALITY_UNASSIGNED,513,512,512,NO_RECORDED_FACTOR_PRP_OR_LL_RESULT_AND_NO_ACTIVE_GIMPS_ASSIGNMENT,2026-08-08T19:16:24+00:00,UNALLOCATED,,,,,
SLCMP700-0359,359,359,317268493,2^317268493-1,STRUCTURAL_SCREEN_EXHAUSTED_PRIMALITY_UNASSIGNED,GF3A_DIRECTIONAL_WRITE_EXHAUSTED_PRIMALITY_UNASSIGNED,513,512,512,NO_RECORDED_FACTOR_PRP_OR_LL_RESULT_AND_NO_ACTIVE_GIMPS_ASSIGNMENT,2026-08-08T19:16:24+00:00,UNALLOCATED,,,,,
SLCMP700-0360,360,360,317268529,2^317268529-1,STRUCTURAL_SCREEN_EXHAUSTED_PRIMALITY_UNASSIGNED,GF3A_DIRECTIONAL_WRITE_EXHAUSTED_PRIMALITY_UNASSIGNED,513,512,512,NO_RECORDED_FACTOR_PRP_OR_LL_RESULT_AND_NO_ACTIVE_GIMPS_ASSIGNMENT,2026-08-08T19:16:24+00:00,UNALLOCATED,,,,,
SLCMP700-0361,361,361,317268557,2^317268557-1,STRUCTURAL_SCREEN_EXHAUSTED_PRIMALITY_UNASSIGNED,GF3A_DIRECTIONAL_WRITE_EXHAUSTED_PRIMALITY_UNASSIGNED,513,512,512,NO_RECORDED_FACTOR_PRP_OR_LL_RESULT_AND_NO_ACTIVE_GIMPS_ASSIGNMENT,2026-08-08T19:16:24+00:00,UNALLOCATED,,,,,
SLCMP700-0362,362,362,317268559,2^317268559-1,STRUCTURAL_SCREEN_EXHAUSTED_PRIMALITY_UNASSIGNED,GF3A_DIRECTIONAL_WRITE_EXHAUSTED_PRIMALITY_UNASSIGNED,514,512,512,NO_RECORDED_FACTOR_PRP_OR_LL_RESULT_AND_NO_ACTIVE_GIMPS_ASSIGNMENT,2026-08-08T19:16:24+00:00,UNALLOCATED,,,,,
SLCMP700-0363,363,363,317268587,2^317268587-1,STRUCTURAL_SCREEN_EXHAUSTED_PRIMALITY_UNASSIGNED,GF3A_DIRECTIONAL_WRITE_EXHAUSTED_PRIMALITY_UNASSIGNED,514,512,512,NO_RECORDED_FACTOR_PRP_OR_LL_RESULT_AND_NO_ACTIVE_GIMPS_ASSIGNMENT,2026-08-08T19:16:24+00:00,UNALLOCATED,,,,,
SLCMP700-0364,364,364,317268799,2^317268799-1,STRUCTURAL_SCREEN_EXHAUSTED_PRIMALITY_UNASSIGNED,GF3A_DIRECTIONAL_WRITE_EXHAUSTED_PRIMALITY_UNASSIGNED,514,512,512,NO_RECORDED_FACTOR_PRP_OR_LL_RESULT_AND_NO_ACTIVE_GIMPS_ASSIGNMENT,2026-08-08T19:16:24+00:00,UNALLOCATED,,,,,
SLCMP700-0365,365,365,317268881,2^317268881-1,STRUCTURAL_SCREEN_EXHAUSTED_PRIMALITY_UNASSIGNED,GF3A_DIRECTIONAL_WRITE_EXHAUSTED_PRIMALITY_UNASSIGNED,513,512,512,NO_RECORDED_FACTOR_PRP_OR_LL_RESULT_AND_NO_ACTIVE_GIMPS_ASSIGNMENT,2026-08-08T19:16:24+00:00,UNALLOCATED,,,,,
SLCMP700-0366,366,366,317269009,2^317269009-1,STRUCTURAL_SCREEN_EXHAUSTED_PRIMALITY_UNASSIGNED,GF3A_DIRECTIONAL_WRITE_EXHAUSTED_PRIMALITY_UNASSIGNED,513,512,512,NO_RECORDED_FACTOR_PRP_OR_LL_RESULT_AND_NO_ACTIVE_GIMPS_ASSIGNMENT,2026-08-08T19:16:24+00:00,UNALLOCATED,,,,,
SLCMP700-0367,367,367,317269027,2^317269027-1,STRUCTURAL_SCREEN_EXHAUSTED_PRIMALITY_UNASSIGNED,GF3A_DIRECTIONAL_WRITE_EXHAUSTED_PRIMALITY_UNASSIGNED,514,512,512,NO_RECORDED_FACTOR_PRP_OR_LL_RESULT_AND_NO_ACTIVE_GIMPS_ASSIGNMENT,2026-08-08T19:16:24+00:00,UNALLOCATED,,,,,
SLCMP700-0368,368,368,317269039,2^317269039-1,STRUCTURAL_SCREEN_EXHAUSTED_PRIMALITY_UNASSIGNED,GF3A_DIRECTIONAL_WRITE_EXHAUSTED_PRIMALITY_UNASSIGNED,514,512,512,NO_RECORDED_FACTOR_PRP_OR_LL_RESULT_AND_NO_ACTIVE_GIMPS_ASSIGNMENT,2026-08-08T19:16:24+00:00,UNALLOCATED,,,,,
SLCMP700-0369,369,369,317269207,2^317269207-1,STRUCTURAL_SCREEN_EXHAUSTED_PRIMALITY_UNASSIGNED,GF3A_DIRECTIONAL_WRITE_EXHAUSTED_PRIMALITY_UNASSIGNED,514,512,512,NO_RECORDED_FACTOR_PRP_OR_LL_RESULT_AND_NO_ACTIVE_GIMPS_ASSIGNMENT,2026-08-08T19:16:24+00:00,UNALLOCATED,,,,,
SLCMP700-0370,370,370,317269213,2^317269213-1,STRUCTURAL_SCREEN_EXHAUSTED_PRIMALITY_UNASSIGNED,GF3A_DIRECTIONAL_WRITE_EXHAUSTED_PRIMALITY_UNASSIGNED,513,512,512,NO_RECORDED_FACTOR_PRP_OR_LL_RESULT_AND_NO_ACTIVE_GIMPS_ASSIGNMENT,2026-08-08T19:16:24+00:00,UNALLOCATED,,,,,
SLCMP700-0371,371,371,317269313,2^317269313-1,STRUCTURAL_SCREEN_EXHAUSTED_PRIMALITY_UNASSIGNED,GF3A_DIRECTIONAL_WRITE_EXHAUSTED_PRIMALITY_UNASSIGNED,513,512,512,NO_RECORDED_FACTOR_PRP_OR_LL_RESULT_AND_NO_ACTIVE_GIMPS_ASSIGNMENT,2026-08-08T19:16:24+00:00,UNALLOCATED,,,,,
SLCMP700-0372,372,372,317269349,2^317269349-1,STRUCTURAL_SCREEN_EXHAUSTED_PRIMALITY_UNASSIGNED,GF3A_DIRECTIONAL_WRITE_EXHAUSTED_PRIMALITY_UNASSIGNED,513,512,512,NO_RECORDED_FACTOR_PRP_OR_LL_RESULT_AND_NO_ACTIVE_GIMPS_ASSIGNMENT,2026-08-08T19:16:24+00:00,UNALLOCATED,,,,,
SLCMP700-0373,373,373,317269369,2^317269369-1,STRUCTURAL_SCREEN_EXHAUSTED_PRIMALITY_UNASSIGNED,GF3A_DIRECTIONAL_WRITE_EXHAUSTED_PRIMALITY_UNASSIGNED,513,512,512,NO_RECORDED_FACTOR_PRP_OR_LL_RESULT_AND_NO_ACTIVE_GIMPS_ASSIGNMENT,2026-08-08T19:16:24+00:00,UNALLOCATED,,,,,
SLCMP700-0374,374,374,317269441,2^317269441-1,STRUCTURAL_SCREEN_EXHAUSTED_PRIMALITY_UNASSIGNED,GF3A_DIRECTIONAL_WRITE_EXHAUSTED_PRIMALITY_UNASSIGNED,513,512,512,NO_RECORDED_FACTOR_PRP_OR_LL_RESULT_AND_NO_ACTIVE_GIMPS_ASSIGNMENT,2026-08-08T19:16:24+00:00,UNALLOCATED,,,,,
SLCMP700-0375,375,375,317269493,2^317269493-1,STRUCTURAL_SCREEN_EXHAUSTED_PRIMALITY_UNASSIGNED,GF3A_DIRECTIONAL_WRITE_EXHAUSTED_PRIMALITY_UNASSIGNED,513,512,512,NO_RECORDED_FACTOR_PRP_OR_LL_RESULT_AND_NO_ACTIVE_GIMPS_ASSIGNMENT,2026-08-08T19:16:24+00:00,UNALLOCATED,,,,,
SLCMP700-0376,376,376,317269499,2^317269499-1,STRUCTURAL_SCREEN_EXHAUSTED_PRIMALITY_UNASSIGNED,GF3A_DIRECTIONAL_WRITE_EXHAUSTED_PRIMALITY_UNASSIGNED,514,512,512,NO_RECORDED_FACTOR_PRP_OR_LL_RESULT_AND_NO_ACTIVE_GIMPS_ASSIGNMENT,2026-08-08T19:16:24+00:00,UNALLOCATED,,,,,
SLCMP700-0377,377,377,317269529,2^317269529-1,STRUCTURAL_SCREEN_EXHAUSTED_PRIMALITY_UNASSIGNED,GF3A_DIRECTIONAL_WRITE_EXHAUSTED_PRIMALITY_UNASSIGNED,513,512,512,NO_RECORDED_FACTOR_PRP_OR_LL_RESULT_AND_NO_ACTIVE_GIMPS_ASSIGNMENT,2026-08-08T19:16:24+00:00,UNALLOCATED,,,,,
SLCMP700-0378,378,378,317269553,2^317269553-1,STRUCTURAL_SCREEN_EXHAUSTED_PRIMALITY_UNASSIGNED,GF3A_DIRECTIONAL_WRITE_EXHAUSTED_PRIMALITY_UNASSIGNED,513,512,512,NO_RECORDED_FACTOR_PRP_OR_LL_RESULT_AND_NO_ACTIVE_GIMPS_ASSIGNMENT,2026-08-08T19:16:24+00:00,UNALLOCATED,,,,,
SLCMP700-0379,379,379,317269649,2^317269649-1,STRUCTURAL_SCREEN_EXHAUSTED_PRIMALITY_UNASSIGNED,GF3A_DIRECTIONAL_WRITE_EXHAUSTED_PRIMALITY_UNASSIGNED,513,512,512,NO_RECORDED_FACTOR_PRP_OR_LL_RESULT_AND_NO_ACTIVE_GIMPS_ASSIGNMENT,2026-08-08T19:16:24+00:00,UNALLOCATED,,,,,
SLCMP700-0380,380,380,317269681,2^317269681-1,STRUCTURAL_SCREEN_EXHAUSTED_PRIMALITY_UNASSIGNED,GF3A_DIRECTIONAL_WRITE_EXHAUSTED_PRIMALITY_UNASSIGNED,513,512,512,NO_RECORDED_FACTOR_PRP_OR_LL_RESULT_AND_NO_ACTIVE_GIMPS_ASSIGNMENT,2026-08-08T19:16:24+00:00,UNALLOCATED,,,,,
SLCMP700-0381,381,381,317269721,2^317269721-1,STRUCTURAL_SCREEN_EXHAUSTED_PRIMALITY_UNASSIGNED,GF3A_DIRECTIONAL_WRITE_EXHAUSTED_PRIMALITY_UNASSIGNED,513,512,512,NO_RECORDED_FACTOR_PRP_OR_LL_RESULT_AND_NO_ACTIVE_GIMPS_ASSIGNMENT,2026-08-08T19:16:24+00:00,UNALLOCATED,,,,,
SLCMP700-0382,382,382,317269829,2^317269829-1,STRUCTURAL_SCREEN_EXHAUSTED_PRIMALITY_UNASSIGNED,GF3A_DIRECTIONAL_WRITE_EXHAUSTED_PRIMALITY_UNASSIGNED,513,512,512,NO_RECORDED_FACTOR_PRP_OR_LL_RESULT_AND_NO_ACTIVE_GIMPS_ASSIGNMENT,2026-08-08T19:16:24+00:00,UNALLOCATED,,,,,
SLCMP700-0383,383,383,317269913,2^317269913-1,STRUCTURAL_SCREEN_EXHAUSTED_PRIMALITY_UNASSIGNED,GF3A_DIRECTIONAL_WRITE_EXHAUSTED_PRIMALITY_UNASSIGNED,513,512,512,NO_RECORDED_FACTOR_PRP_OR_LL_RESULT_AND_NO_ACTIVE_GIMPS_ASSIGNMENT,2026-08-08T19:16:24+00:00,UNALLOCATED,,,,,
SLCMP700-0384,384,384,317269933,2^317269933-1,STRUCTURAL_SCREEN_EXHAUSTED_PRIMALITY_UNASSIGNED,GF3A_DIRECTIONAL_WRITE_EXHAUSTED_PRIMALITY_UNASSIGNED,513,512,512,NO_RECORDED_FACTOR_PRP_OR_LL_RESULT_AND_NO_ACTIVE_GIMPS_ASSIGNMENT,2026-08-08T19:16:24+00:00,UNALLOCATED,,,,,
SLCMP700-0385,385,385,317269937,2^317269937-1,STRUCTURAL_SCREEN_EXHAUSTED_PRIMALITY_UNASSIGNED,GF3A_DIRECTIONAL_WRITE_EXHAUSTED_PRIMALITY_UNASSIGNED,513,512,512,NO_RECORDED_FACTOR_PRP_OR_LL_RESULT_AND_NO_ACTIVE_GIMPS_ASSIGNMENT,2026-08-08T19:16:24+00:00,UNALLOCATED,,,,,
SLCMP700-0386,386,386,317269969,2^317269969-1,STRUCTURAL_SCREEN_EXHAUSTED_PRIMALITY_UNASSIGNED,GF3A_DIRECTIONAL_WRITE_EXHAUSTED_PRIMALITY_UNASSIGNED,513,512,512,NO_RECORDED_FACTOR_PRP_OR_LL_RESULT_AND_NO_ACTIVE_GIMPS_ASSIGNMENT,2026-08-08T19:16:24+00:00,UNALLOCATED,,,,,
SLCMP700-0387,387,387,317270011,2^317270011-1,STRUCTURAL_SCREEN_EXHAUSTED_PRIMALITY_UNASSIGNED,GF3A_DIRECTIONAL_WRITE_EXHAUSTED_PRIMALITY_UNASSIGNED,514,512,512,NO_RECORDED_FACTOR_PRP_OR_LL_RESULT_AND_NO_ACTIVE_GIMPS_ASSIGNMENT,2026-08-08T19:16:24+00:00,UNALLOCATED,,,,,
SLCMP700-0388,388,388,317270053,2^317270053-1,STRUCTURAL_SCREEN_EXHAUSTED_PRIMALITY_UNASSIGNED,GF3A_DIRECTIONAL_WRITE_EXHAUSTED_PRIMALITY_UNASSIGNED,513,512,512,NO_RECORDED_FACTOR_PRP_OR_LL_RESULT_AND_NO_ACTIVE_GIMPS_ASSIGNMENT,2026-08-08T19:16:24+00:00,UNALLOCATED,,,,,
SLCMP700-0389,389,389,317270077,2^317270077-1,STRUCTURAL_SCREEN_EXHAUSTED_PRIMALITY_UNASSIGNED,GF3A_DIRECTIONAL_WRITE_EXHAUSTED_PRIMALITY_UNASSIGNED,513,512,512,NO_RECORDED_FACTOR_PRP_OR_LL_RESULT_AND_NO_ACTIVE_GIMPS_ASSIGNMENT,2026-08-08T19:16:24+00:00,UNALLOCATED,,,,,
SLCMP700-0390,390,390,317270101,2^317270101-1,STRUCTURAL_SCREEN_EXHAUSTED_PRIMALITY_UNASSIGNED,GF3A_DIRECTIONAL_WRITE_EXHAUSTED_PRIMALITY_UNASSIGNED,513,512,512,NO_RECORDED_FACTOR_PRP_OR_LL_RESULT_AND_NO_ACTIVE_GIMPS_ASSIGNMENT,2026-08-08T19:16:24+00:00,UNALLOCATED,,,,,
SLCMP700-0391,391,391,317270123,2^317270123-1,STRUCTURAL_SCREEN_EXHAUSTED_PRIMALITY_UNASSIGNED,GF3A_DIRECTIONAL_WRITE_EXHAUSTED_PRIMALITY_UNASSIGNED,514,512,512,NO_RECORDED_FACTOR_PRP_OR_LL_RESULT_AND_NO_ACTIVE_GIMPS_ASSIGNMENT,2026-08-08T19:16:24+00:00,UNALLOCATED,,,,,
SLCMP700-0392,392,392,317270171,2^317270171-1,STRUCTURAL_SCREEN_EXHAUSTED_PRIMALITY_UNASSIGNED,GF3A_DIRECTIONAL_WRITE_EXHAUSTED_PRIMALITY_UNASSIGNED,514,512,512,NO_RECORDED_FACTOR_PRP_OR_LL_RESULT_AND_NO_ACTIVE_GIMPS_ASSIGNMENT,2026-08-08T19:16:24+00:00,UNALLOCATED,,,,,
SLCMP700-0393,393,393,317270249,2^317270249-1,STRUCTURAL_SCREEN_EXHAUSTED_PRIMALITY_UNASSIGNED,GF3A_DIRECTIONAL_WRITE_EXHAUSTED_PRIMALITY_UNASSIGNED,513,512,512,NO_RECORDED_FACTOR_PRP_OR_LL_RESULT_AND_NO_ACTIVE_GIMPS_ASSIGNMENT,2026-08-08T19:16:24+00:00,UNALLOCATED,,,,,
SLCMP700-0394,394,394,317270293,2^317270293-1,STRUCTURAL_SCREEN_EXHAUSTED_PRIMALITY_UNASSIGNED,GF3A_DIRECTIONAL_WRITE_EXHAUSTED_PRIMALITY_UNASSIGNED,513,512,512,NO_RECORDED_FACTOR_PRP_OR_LL_RESULT_AND_NO_ACTIVE_GIMPS_ASSIGNMENT,2026-08-08T19:16:24+00:00,UNALLOCATED,,,,,
SLCMP700-0395,395,395,317270347,2^317270347-1,STRUCTURAL_SCREEN_EXHAUSTED_PRIMALITY_UNASSIGNED,GF3A_DIRECTIONAL_WRITE_EXHAUSTED_PRIMALITY_UNASSIGNED,514,512,512,NO_RECORDED_FACTOR_PRP_OR_LL_RESULT_AND_NO_ACTIVE_GIMPS_ASSIGNMENT,2026-08-08T19:16:24+00:00,UNALLOCATED,,,,,
SLCMP700-0396,396,396,317270377,2^317270377-1,STRUCTURAL_SCREEN_EXHAUSTED_PRIMALITY_UNASSIGNED,GF3A_DIRECTIONAL_WRITE_EXHAUSTED_PRIMALITY_UNASSIGNED,513,512,512,NO_RECORDED_FACTOR_PRP_OR_LL_RESULT_AND_NO_ACTIVE_GIMPS_ASSIGNMENT,2026-08-08T19:16:24+00:00,UNALLOCATED,,,,,
SLCMP700-0397,397,397,317270381,2^317270381-1,STRUCTURAL_SCREEN_EXHAUSTED_PRIMALITY_UNASSIGNED,GF3A_DIRECTIONAL_WRITE_EXHAUSTED_PRIMALITY_UNASSIGNED,513,512,512,NO_RECORDED_FACTOR_PRP_OR_LL_RESULT_AND_NO_ACTIVE_GIMPS_ASSIGNMENT,2026-08-08T19:16:24+00:00,UNALLOCATED,,,,,
SLCMP700-0398,398,398,317270407,2^317270407-1,STRUCTURAL_SCREEN_EXHAUSTED_PRIMALITY_UNASSIGNED,GF3A_DIRECTIONAL_WRITE_EXHAUSTED_PRIMALITY_UNASSIGNED,514,512,512,NO_RECORDED_FACTOR_PRP_OR_LL_RESULT_AND_NO_ACTIVE_GIMPS_ASSIGNMENT,2026-08-08T19:16:24+00:00,UNALLOCATED,,,,,
SLCMP700-0399,399,399,317270431,2^317270431-1,STRUCTURAL_SCREEN_EXHAUSTED_PRIMALITY_UNASSIGNED,GF3A_DIRECTIONAL_WRITE_EXHAUSTED_PRIMALITY_UNASSIGNED,514,512,512,NO_RECORDED_FACTOR_PRP_OR_LL_RESULT_AND_NO_ACTIVE_GIMPS_ASSIGNMENT,2026-08-08T19:16:24+00:00,UNALLOCATED,,,,,
SLCMP700-0400,400,400,317270453,2^317270453-1,STRUCTURAL_SCREEN_EXHAUSTED_PRIMALITY_UNASSIGNED,GF3A_DIRECTIONAL_WRITE_EXHAUSTED_PRIMALITY_UNASSIGNED,513,512,512,NO_RECORDED_FACTOR_PRP_OR_LL_RESULT_AND_NO_ACTIVE_GIMPS_ASSIGNMENT,2026-08-08T19:16:24+00:00,UNALLOCATED,,,,,
SLCMP700-0401,401,401,317270489,2^317270489-1,STRUCTURAL_SCREEN_EXHAUSTED_PRIMALITY_UNASSIGNED,GF3A_DIRECTIONAL_WRITE_EXHAUSTED_PRIMALITY_UNASSIGNED,513,512,512,NO_RECORDED_FACTOR_PRP_OR_LL_RESULT_AND_NO_ACTIVE_GIMPS_ASSIGNMENT,2026-08-08T19:16:24+00:00,UNALLOCATED,,,,,
SLCMP700-0402,402,402,317270549,2^317270549-1,STRUCTURAL_SCREEN_EXHAUSTED_PRIMALITY_UNASSIGNED,GF3A_DIRECTIONAL_WRITE_EXHAUSTED_PRIMALITY_UNASSIGNED,513,512,512,NO_RECORDED_FACTOR_PRP_OR_LL_RESULT_AND_NO_ACTIVE_GIMPS_ASSIGNMENT,2026-08-08T19:16:24+00:00,UNALLOCATED,,,,,
SLCMP700-0403,403,403,317270663,2^317270663-1,STRUCTURAL_SCREEN_EXHAUSTED_PRIMALITY_UNASSIGNED,GF3A_DIRECTIONAL_WRITE_EXHAUSTED_PRIMALITY_UNASSIGNED,514,512,512,NO_RECORDED_FACTOR_PRP_OR_LL_RESULT_AND_NO_ACTIVE_GIMPS_ASSIGNMENT,2026-08-08T19:16:24+00:00,UNALLOCATED,,,,,
SLCMP700-0404,404,404,317270743,2^317270743-1,STRUCTURAL_SCREEN_EXHAUSTED_PRIMALITY_UNASSIGNED,GF3A_DIRECTIONAL_WRITE_EXHAUSTED_PRIMALITY_UNASSIGNED,514,512,512,NO_RECORDED_FACTOR_PRP_OR_LL_RESULT_AND_NO_ACTIVE_GIMPS_ASSIGNMENT,2026-08-08T19:16:24+00:00,UNALLOCATED,,,,,
SLCMP700-0405,405,405,317270831,2^317270831-1,STRUCTURAL_SCREEN_EXHAUSTED_PRIMALITY_UNASSIGNED,GF3A_DIRECTIONAL_WRITE_EXHAUSTED_PRIMALITY_UNASSIGNED,514,512,512,NO_RECORDED_FACTOR_PRP_OR_LL_RESULT_AND_NO_ACTIVE_GIMPS_ASSIGNMENT,2026-08-08T19:16:24+00:00,UNALLOCATED,,,,,
SLCMP700-0406,406,406,317270851,2^317270851-1,STRUCTURAL_SCREEN_EXHAUSTED_PRIMALITY_UNASSIGNED,GF3A_DIRECTIONAL_WRITE_EXHAUSTED_PRIMALITY_UNASSIGNED,514,512,512,NO_RECORDED_FACTOR_PRP_OR_LL_RESULT_AND_NO_ACTIVE_GIMPS_ASSIGNMENT,2026-08-08T19:16:24+00:00,UNALLOCATED,,,,,
SLCMP700-0407,407,407,317270857,2^317270857-1,STRUCTURAL_SCREEN_EXHAUSTED_PRIMALITY_UNASSIGNED,GF3A_DIRECTIONAL_WRITE_EXHAUSTED_PRIMALITY_UNASSIGNED,513,512,512,NO_RECORDED_FACTOR_PRP_OR_LL_RESULT_AND_NO_ACTIVE_GIMPS_ASSIGNMENT,2026-08-08T19:16:24+00:00,UNALLOCATED,,,,,
SLCMP700-0408,408,408,317270897,2^317270897-1,STRUCTURAL_SCREEN_EXHAUSTED_PRIMALITY_UNASSIGNED,GF3A_DIRECTIONAL_WRITE_EXHAUSTED_PRIMALITY_UNASSIGNED,513,512,512,NO_RECORDED_FACTOR_PRP_OR_LL_RESULT_AND_NO_ACTIVE_GIMPS_ASSIGNMENT,2026-08-08T19:16:24+00:00,UNALLOCATED,,,,,
SLCMP700-0409,409,409,317270939,2^317270939-1,STRUCTURAL_SCREEN_EXHAUSTED_PRIMALITY_UNASSIGNED,GF3A_DIRECTIONAL_WRITE_EXHAUSTED_PRIMALITY_UNASSIGNED,514,512,512,NO_RECORDED_FACTOR_PRP_OR_LL_RESULT_AND_NO_ACTIVE_GIMPS_ASSIGNMENT,2026-08-08T19:16:24+00:00,UNALLOCATED,,,,,
SLCMP700-0410,410,410,317270953,2^317270953-1,STRUCTURAL_SCREEN_EXHAUSTED_PRIMALITY_UNASSIGNED,GF3A_DIRECTIONAL_WRITE_EXHAUSTED_PRIMALITY_UNASSIGNED,513,512,512,NO_RECORDED_FACTOR_PRP_OR_LL_RESULT_AND_NO_ACTIVE_GIMPS_ASSIGNMENT,2026-08-08T19:16:24+00:00,UNALLOCATED,,,,,
SLCMP700-0411,411,411,317270977,2^317270977-1,STRUCTURAL_SCREEN_EXHAUSTED_PRIMALITY_UNASSIGNED,GF3A_DIRECTIONAL_WRITE_EXHAUSTED_PRIMALITY_UNASSIGNED,513,512,512,NO_RECORDED_FACTOR_PRP_OR_LL_RESULT_AND_NO_ACTIVE_GIMPS_ASSIGNMENT,2026-08-08T19:16:24+00:00,UNALLOCATED,,,,,
SLCMP700-0412,412,412,317271037,2^317271037-1,STRUCTURAL_SCREEN_EXHAUSTED_PRIMALITY_UNASSIGNED,GF3A_DIRECTIONAL_WRITE_EXHAUSTED_PRIMALITY_UNASSIGNED,513,512,512,NO_RECORDED_FACTOR_PRP_OR_LL_RESULT_AND_NO_ACTIVE_GIMPS_ASSIGNMENT,2026-08-08T19:16:24+00:00,UNALLOCATED,,,,,
SLCMP700-0413,413,413,317271043,2^317271043-1,STRUCTURAL_SCREEN_EXHAUSTED_PRIMALITY_UNASSIGNED,GF3A_DIRECTIONAL_WRITE_EXHAUSTED_PRIMALITY_UNASSIGNED,514,512,512,NO_RECORDED_FACTOR_PRP_OR_LL_RESULT_AND_NO_ACTIVE_GIMPS_ASSIGNMENT,2026-08-08T19:16:24+00:00,UNALLOCATED,,,,,
SLCMP700-0414,414,414,317271121,2^317271121-1,STRUCTURAL_SCREEN_EXHAUSTED_PRIMALITY_UNASSIGNED,GF3A_DIRECTIONAL_WRITE_EXHAUSTED_PRIMALITY_UNASSIGNED,513,512,512,NO_RECORDED_FACTOR_PRP_OR_LL_RESULT_AND_NO_ACTIVE_GIMPS_ASSIGNMENT,2026-08-08T19:16:24+00:00,UNALLOCATED,,,,,
SLCMP700-0415,415,415,317271169,2^317271169-1,STRUCTURAL_SCREEN_EXHAUSTED_PRIMALITY_UNASSIGNED,GF3A_DIRECTIONAL_WRITE_EXHAUSTED_PRIMALITY_UNASSIGNED,513,512,512,NO_RECORDED_FACTOR_PRP_OR_LL_RESULT_AND_NO_ACTIVE_GIMPS_ASSIGNMENT,2026-08-08T19:16:24+00:00,UNALLOCATED,,,,,
SLCMP700-0416,416,416,317271173,2^317271173-1,STRUCTURAL_SCREEN_EXHAUSTED_PRIMALITY_UNASSIGNED,GF3A_DIRECTIONAL_WRITE_EXHAUSTED_PRIMALITY_UNASSIGNED,513,512,512,NO_RECORDED_FACTOR_PRP_OR_LL_RESULT_AND_NO_ACTIVE_GIMPS_ASSIGNMENT,2026-08-08T19:16:24+00:00,UNALLOCATED,,,,,
SLCMP700-0417,417,417,317271179,2^317271179-1,STRUCTURAL_SCREEN_EXHAUSTED_PRIMALITY_UNASSIGNED,GF3A_DIRECTIONAL_WRITE_EXHAUSTED_PRIMALITY_UNASSIGNED,514,512,512,NO_RECORDED_FACTOR_PRP_OR_LL_RESULT_AND_NO_ACTIVE_GIMPS_ASSIGNMENT,2026-08-08T19:16:24+00:00,UNALLOCATED,,,,,
SLCMP700-0418,418,418,317271257,2^317271257-1,STRUCTURAL_SCREEN_EXHAUSTED_PRIMALITY_UNASSIGNED,GF3A_DIRECTIONAL_WRITE_EXHAUSTED_PRIMALITY_UNASSIGNED,513,512,512,NO_RECORDED_FACTOR_PRP_OR_LL_RESULT_AND_NO_ACTIVE_GIMPS_ASSIGNMENT,2026-08-08T19:16:24+00:00,UNALLOCATED,,,,,
SLCMP700-0419,419,419,317271293,2^317271293-1,STRUCTURAL_SCREEN_EXHAUSTED_PRIMALITY_UNASSIGNED,GF3A_DIRECTIONAL_WRITE_EXHAUSTED_PRIMALITY_UNASSIGNED,513,512,512,NO_RECORDED_FACTOR_PRP_OR_LL_RESULT_AND_NO_ACTIVE_GIMPS_ASSIGNMENT,2026-08-08T19:16:24+00:00,UNALLOCATED,,,,,
SLCMP700-0420,420,420,317271373,2^317271373-1,STRUCTURAL_SCREEN_EXHAUSTED_PRIMALITY_UNASSIGNED,GF3A_DIRECTIONAL_WRITE_EXHAUSTED_PRIMALITY_UNASSIGNED,513,512,512,NO_RECORDED_FACTOR_PRP_OR_LL_RESULT_AND_NO_ACTIVE_GIMPS_ASSIGNMENT,2026-08-08T19:16:24+00:00,UNALLOCATED,,,,,
SLCMP700-0421,421,421,317271463,2^317271463-1,STRUCTURAL_SCREEN_EXHAUSTED_PRIMALITY_UNASSIGNED,GF3A_DIRECTIONAL_WRITE_EXHAUSTED_PRIMALITY_UNASSIGNED,514,512,512,NO_RECORDED_FACTOR_PRP_OR_LL_RESULT_AND_NO_ACTIVE_GIMPS_ASSIGNMENT,2026-08-08T19:16:24+00:00,UNALLOCATED,,,,,
SLCMP700-0422,422,422,317271491,2^317271491-1,STRUCTURAL_SCREEN_EXHAUSTED_PRIMALITY_UNASSIGNED,GF3A_DIRECTIONAL_WRITE_EXHAUSTED_PRIMALITY_UNASSIGNED,514,512,512,NO_RECORDED_FACTOR_PRP_OR_LL_RESULT_AND_NO_ACTIVE_GIMPS_ASSIGNMENT,2026-08-08T19:16:24+00:00,UNALLOCATED,,,,,
SLCMP700-0423,423,423,317271607,2^317271607-1,STRUCTURAL_SCREEN_EXHAUSTED_PRIMALITY_UNASSIGNED,GF3A_DIRECTIONAL_WRITE_EXHAUSTED_PRIMALITY_UNASSIGNED,514,512,512,NO_RECORDED_FACTOR_PRP_OR_LL_RESULT_AND_NO_ACTIVE_GIMPS_ASSIGNMENT,2026-08-08T19:16:24+00:00,UNALLOCATED,,,,,
SLCMP700-0424,424,424,317271611,2^317271611-1,STRUCTURAL_SCREEN_EXHAUSTED_PRIMALITY_UNASSIGNED,GF3A_DIRECTIONAL_WRITE_EXHAUSTED_PRIMALITY_UNASSIGNED,514,512,512,NO_RECORDED_FACTOR_PRP_OR_LL_RESULT_AND_NO_ACTIVE_GIMPS_ASSIGNMENT,2026-08-08T19:16:24+00:00,UNALLOCATED,,,,,
SLCMP700-0425,425,425,317271631,2^317271631-1,STRUCTURAL_SCREEN_EXHAUSTED_PRIMALITY_UNASSIGNED,GF3A_DIRECTIONAL_WRITE_EXHAUSTED_PRIMALITY_UNASSIGNED,514,512,512,NO_RECORDED_FACTOR_PRP_OR_LL_RESULT_AND_NO_ACTIVE_GIMPS_ASSIGNMENT,2026-08-08T19:16:24+00:00,UNALLOCATED,,,,,
SLCMP700-0426,426,426,317271679,2^317271679-1,STRUCTURAL_SCREEN_EXHAUSTED_PRIMALITY_UNASSIGNED,GF3A_DIRECTIONAL_WRITE_EXHAUSTED_PRIMALITY_UNASSIGNED,514,512,512,NO_RECORDED_FACTOR_PRP_OR_LL_RESULT_AND_NO_ACTIVE_GIMPS_ASSIGNMENT,2026-08-08T19:16:24+00:00,UNALLOCATED,,,,,
SLCMP700-0427,427,427,317271749,2^317271749-1,STRUCTURAL_SCREEN_EXHAUSTED_PRIMALITY_UNASSIGNED,GF3A_DIRECTIONAL_WRITE_EXHAUSTED_PRIMALITY_UNASSIGNED,513,512,512,NO_RECORDED_FACTOR_PRP_OR_LL_RESULT_AND_NO_ACTIVE_GIMPS_ASSIGNMENT,2026-08-08T19:16:24+00:00,UNALLOCATED,,,,,
SLCMP700-0428,428,428,317271907,2^317271907-1,STRUCTURAL_SCREEN_EXHAUSTED_PRIMALITY_UNASSIGNED,GF3A_DIRECTIONAL_WRITE_EXHAUSTED_PRIMALITY_UNASSIGNED,514,512,512,NO_RECORDED_FACTOR_PRP_OR_LL_RESULT_AND_NO_ACTIVE_GIMPS_ASSIGNMENT,2026-08-08T19:16:24+00:00,UNALLOCATED,,,,,
SLCMP700-0429,429,429,317271947,2^317271947-1,STRUCTURAL_SCREEN_EXHAUSTED_PRIMALITY_UNASSIGNED,GF3A_DIRECTIONAL_WRITE_EXHAUSTED_PRIMALITY_UNASSIGNED,514,512,512,NO_RECORDED_FACTOR_PRP_OR_LL_RESULT_AND_NO_ACTIVE_GIMPS_ASSIGNMENT,2026-08-08T19:16:24+00:00,UNALLOCATED,,,,,
SLCMP700-0430,430,430,317271971,2^317271971-1,STRUCTURAL_SCREEN_EXHAUSTED_PRIMALITY_UNASSIGNED,GF3A_DIRECTIONAL_WRITE_EXHAUSTED_PRIMALITY_UNASSIGNED,514,512,512,NO_RECORDED_FACTOR_PRP_OR_LL_RESULT_AND_NO_ACTIVE_GIMPS_ASSIGNMENT,2026-08-08T19:16:24+00:00,UNALLOCATED,,,,,
SLCMP700-0431,431,431,317272027,2^317272027-1,STRUCTURAL_SCREEN_EXHAUSTED_PRIMALITY_UNASSIGNED,GF3A_DIRECTIONAL_WRITE_EXHAUSTED_PRIMALITY_UNASSIGNED,514,512,512,NO_RECORDED_FACTOR_PRP_OR_LL_RESULT_AND_NO_ACTIVE_GIMPS_ASSIGNMENT,2026-08-08T19:16:24+00:00,UNALLOCATED,,,,,
SLCMP700-0432,432,432,317272079,2^317272079-1,STRUCTURAL_SCREEN_EXHAUSTED_PRIMALITY_UNASSIGNED,GF3A_DIRECTIONAL_WRITE_EXHAUSTED_PRIMALITY_UNASSIGNED,514,512,512,NO_RECORDED_FACTOR_PRP_OR_LL_RESULT_AND_NO_ACTIVE_GIMPS_ASSIGNMENT,2026-08-08T19:16:24+00:00,UNALLOCATED,,,,,
SLCMP700-0433,433,433,317272141,2^317272141-1,STRUCTURAL_SCREEN_EXHAUSTED_PRIMALITY_UNASSIGNED,GF3A_DIRECTIONAL_WRITE_EXHAUSTED_PRIMALITY_UNASSIGNED,513,512,512,NO_RECORDED_FACTOR_PRP_OR_LL_RESULT_AND_NO_ACTIVE_GIMPS_ASSIGNMENT,2026-08-08T19:16:24+00:00,UNALLOCATED,,,,,
SLCMP700-0434,434,434,317272181,2^317272181-1,STRUCTURAL_SCREEN_EXHAUSTED_PRIMALITY_UNASSIGNED,GF3A_DIRECTIONAL_WRITE_EXHAUSTED_PRIMALITY_UNASSIGNED,513,512,512,NO_RECORDED_FACTOR_PRP_OR_LL_RESULT_AND_NO_ACTIVE_GIMPS_ASSIGNMENT,2026-08-08T19:16:24+00:00,UNALLOCATED,,,,,
SLCMP700-0435,435,435,317272183,2^317272183-1,STRUCTURAL_SCREEN_EXHAUSTED_PRIMALITY_UNASSIGNED,GF3A_DIRECTIONAL_WRITE_EXHAUSTED_PRIMALITY_UNASSIGNED,514,512,512,NO_RECORDED_FACTOR_PRP_OR_LL_RESULT_AND_NO_ACTIVE_GIMPS_ASSIGNMENT,2026-08-08T19:16:24+00:00,UNALLOCATED,,,,,
SLCMP700-0436,436,436,317272297,2^317272297-1,STRUCTURAL_SCREEN_EXHAUSTED_PRIMALITY_UNASSIGNED,GF3A_DIRECTIONAL_WRITE_EXHAUSTED_PRIMALITY_UNASSIGNED,513,512,512,NO_RECORDED_FACTOR_PRP_OR_LL_RESULT_AND_NO_ACTIVE_GIMPS_ASSIGNMENT,2026-08-08T19:16:24+00:00,UNALLOCATED,,,,,
SLCMP700-0437,437,437,317272429,2^317272429-1,STRUCTURAL_SCREEN_EXHAUSTED_PRIMALITY_UNASSIGNED,GF3A_DIRECTIONAL_WRITE_EXHAUSTED_PRIMALITY_UNASSIGNED,513,512,512,NO_RECORDED_FACTOR_PRP_OR_LL_RESULT_AND_NO_ACTIVE_GIMPS_ASSIGNMENT,2026-08-08T19:16:24+00:00,UNALLOCATED,,,,,
SLCMP700-0438,438,438,317272481,2^317272481-1,STRUCTURAL_SCREEN_EXHAUSTED_PRIMALITY_UNASSIGNED,GF3A_DIRECTIONAL_WRITE_EXHAUSTED_PRIMALITY_UNASSIGNED,513,512,512,NO_RECORDED_FACTOR_PRP_OR_LL_RESULT_AND_NO_ACTIVE_GIMPS_ASSIGNMENT,2026-08-08T19:16:24+00:00,UNALLOCATED,,,,,
SLCMP700-0439,439,439,317272519,2^317272519-1,STRUCTURAL_SCREEN_EXHAUSTED_PRIMALITY_UNASSIGNED,GF3A_DIRECTIONAL_WRITE_EXHAUSTED_PRIMALITY_UNASSIGNED,514,512,512,NO_RECORDED_FACTOR_PRP_OR_LL_RESULT_AND_NO_ACTIVE_GIMPS_ASSIGNMENT,2026-08-08T19:16:24+00:00,UNALLOCATED,,,,,
SLCMP700-0440,440,440,317272531,2^317272531-1,STRUCTURAL_SCREEN_EXHAUSTED_PRIMALITY_UNASSIGNED,GF3A_DIRECTIONAL_WRITE_EXHAUSTED_PRIMALITY_UNASSIGNED,514,512,512,NO_RECORDED_FACTOR_PRP_OR_LL_RESULT_AND_NO_ACTIVE_GIMPS_ASSIGNMENT,2026-08-08T19:16:24+00:00,UNALLOCATED,,,,,
SLCMP700-0441,441,441,317272591,2^317272591-1,STRUCTURAL_SCREEN_EXHAUSTED_PRIMALITY_UNASSIGNED,GF3A_DIRECTIONAL_WRITE_EXHAUSTED_PRIMALITY_UNASSIGNED,514,512,512,NO_RECORDED_FACTOR_PRP_OR_LL_RESULT_AND_NO_ACTIVE_GIMPS_ASSIGNMENT,2026-08-08T19:16:24+00:00,UNALLOCATED,,,,,
SLCMP700-0442,442,442,317272633,2^317272633-1,STRUCTURAL_SCREEN_EXHAUSTED_PRIMALITY_UNASSIGNED,GF3A_DIRECTIONAL_WRITE_EXHAUSTED_PRIMALITY_UNASSIGNED,513,512,512,NO_RECORDED_FACTOR_PRP_OR_LL_RESULT_AND_NO_ACTIVE_GIMPS_ASSIGNMENT,2026-08-08T19:16:24+00:00,UNALLOCATED,,,,,
SLCMP700-0443,443,443,317272691,2^317272691-1,STRUCTURAL_SCREEN_EXHAUSTED_PRIMALITY_UNASSIGNED,GF3A_DIRECTIONAL_WRITE_EXHAUSTED_PRIMALITY_UNASSIGNED,514,512,512,NO_RECORDED_FACTOR_PRP_OR_LL_RESULT_AND_NO_ACTIVE_GIMPS_ASSIGNMENT,2026-08-08T19:16:24+00:00,UNALLOCATED,,,,,
SLCMP700-0444,444,444,317272733,2^317272733-1,STRUCTURAL_SCREEN_EXHAUSTED_PRIMALITY_UNASSIGNED,GF3A_DIRECTIONAL_WRITE_EXHAUSTED_PRIMALITY_UNASSIGNED,513,512,512,NO_RECORDED_FACTOR_PRP_OR_LL_RESULT_AND_NO_ACTIVE_GIMPS_ASSIGNMENT,2026-08-08T19:16:24+00:00,UNALLOCATED,,,,,
SLCMP700-0445,445,445,317272777,2^317272777-1,STRUCTURAL_SCREEN_EXHAUSTED_PRIMALITY_UNASSIGNED,GF3A_DIRECTIONAL_WRITE_EXHAUSTED_PRIMALITY_UNASSIGNED,513,512,512,NO_RECORDED_FACTOR_PRP_OR_LL_RESULT_AND_NO_ACTIVE_GIMPS_ASSIGNMENT,2026-08-08T19:16:24+00:00,UNALLOCATED,,,,,
SLCMP700-0446,446,446,317272867,2^317272867-1,STRUCTURAL_SCREEN_EXHAUSTED_PRIMALITY_UNASSIGNED,GF3A_DIRECTIONAL_WRITE_EXHAUSTED_PRIMALITY_UNASSIGNED,514,512,512,NO_RECORDED_FACTOR_PRP_OR_LL_RESULT_AND_NO_ACTIVE_GIMPS_ASSIGNMENT,2026-08-08T19:16:24+00:00,UNALLOCATED,,,,,
SLCMP700-0447,447,447,317272897,2^317272897-1,STRUCTURAL_SCREEN_EXHAUSTED_PRIMALITY_UNASSIGNED,GF3A_DIRECTIONAL_WRITE_EXHAUSTED_PRIMALITY_UNASSIGNED,513,512,512,NO_RECORDED_FACTOR_PRP_OR_LL_RESULT_AND_NO_ACTIVE_GIMPS_ASSIGNMENT,2026-08-08T19:16:24+00:00,UNALLOCATED,,,,,
SLCMP700-0448,448,448,317272933,2^317272933-1,STRUCTURAL_SCREEN_EXHAUSTED_PRIMALITY_UNASSIGNED,GF3A_DIRECTIONAL_WRITE_EXHAUSTED_PRIMALITY_UNASSIGNED,513,512,512,NO_RECORDED_FACTOR_PRP_OR_LL_RESULT_AND_NO_ACTIVE_GIMPS_ASSIGNMENT,2026-08-08T19:16:24+00:00,UNALLOCATED,,,,,
SLCMP700-0449,449,449,317272973,2^317272973-1,STRUCTURAL_SCREEN_EXHAUSTED_PRIMALITY_UNASSIGNED,GF3A_DIRECTIONAL_WRITE_EXHAUSTED_PRIMALITY_UNASSIGNED,513,512,512,NO_RECORDED_FACTOR_PRP_OR_LL_RESULT_AND_NO_ACTIVE_GIMPS_ASSIGNMENT,2026-08-08T19:16:24+00:00,UNALLOCATED,,,,,
SLCMP700-0450,450,450,317272993,2^317272993-1,STRUCTURAL_SCREEN_EXHAUSTED_PRIMALITY_UNASSIGNED,GF3A_DIRECTIONAL_WRITE_EXHAUSTED_PRIMALITY_UNASSIGNED,513,512,512,NO_RECORDED_FACTOR_PRP_OR_LL_RESULT_AND_NO_ACTIVE_GIMPS_ASSIGNMENT,2026-08-08T19:16:24+00:00,UNALLOCATED,,,,,
SLCMP700-0451,451,451,317273081,2^317273081-1,STRUCTURAL_SCREEN_EXHAUSTED_PRIMALITY_UNASSIGNED,GF3A_DIRECTIONAL_WRITE_EXHAUSTED_PRIMALITY_UNASSIGNED,513,512,512,NO_RECORDED_FACTOR_PRP_OR_LL_RESULT_AND_NO_ACTIVE_GIMPS_ASSIGNMENT,2026-08-08T19:16:24+00:00,UNALLOCATED,,,,,
SLCMP700-0452,452,452,317273183,2^317273183-1,STRUCTURAL_SCREEN_EXHAUSTED_PRIMALITY_UNASSIGNED,GF3A_DIRECTIONAL_WRITE_EXHAUSTED_PRIMALITY_UNASSIGNED,514,512,512,NO_RECORDED_FACTOR_PRP_OR_LL_RESULT_AND_NO_ACTIVE_GIMPS_ASSIGNMENT,2026-08-08T19:16:24+00:00,UNALLOCATED,,,,,
SLCMP700-0453,453,453,317273213,2^317273213-1,STRUCTURAL_SCREEN_EXHAUSTED_PRIMALITY_UNASSIGNED,GF3A_DIRECTIONAL_WRITE_EXHAUSTED_PRIMALITY_UNASSIGNED,513,512,512,NO_RECORDED_FACTOR_PRP_OR_LL_RESULT_AND_NO_ACTIVE_GIMPS_ASSIGNMENT,2026-08-08T19:16:24+00:00,UNALLOCATED,,,,,
SLCMP700-0454,454,454,317273591,2^317273591-1,STRUCTURAL_SCREEN_EXHAUSTED_PRIMALITY_UNASSIGNED,GF3A_DIRECTIONAL_WRITE_EXHAUSTED_PRIMALITY_UNASSIGNED,514,512,512,NO_RECORDED_FACTOR_PRP_OR_LL_RESULT_AND_NO_ACTIVE_GIMPS_ASSIGNMENT,2026-08-08T19:16:24+00:00,UNALLOCATED,,,,,
SLCMP700-0455,455,455,317273611,2^317273611-1,STRUCTURAL_SCREEN_EXHAUSTED_PRIMALITY_UNASSIGNED,GF3A_DIRECTIONAL_WRITE_EXHAUSTED_PRIMALITY_UNASSIGNED,514,512,512,NO_RECORDED_FACTOR_PRP_OR_LL_RESULT_AND_NO_ACTIVE_GIMPS_ASSIGNMENT,2026-08-08T19:16:24+00:00,UNALLOCATED,,,,,
SLCMP700-0456,456,456,317273629,2^317273629-1,STRUCTURAL_SCREEN_EXHAUSTED_PRIMALITY_UNASSIGNED,GF3A_DIRECTIONAL_WRITE_EXHAUSTED_PRIMALITY_UNASSIGNED,513,512,512,NO_RECORDED_FACTOR_PRP_OR_LL_RESULT_AND_NO_ACTIVE_GIMPS_ASSIGNMENT,2026-08-08T19:16:24+00:00,UNALLOCATED,,,,,
SLCMP700-0457,457,457,317273687,2^317273687-1,STRUCTURAL_SCREEN_EXHAUSTED_PRIMALITY_UNASSIGNED,GF3A_DIRECTIONAL_WRITE_EXHAUSTED_PRIMALITY_UNASSIGNED,514,512,512,NO_RECORDED_FACTOR_PRP_OR_LL_RESULT_AND_NO_ACTIVE_GIMPS_ASSIGNMENT,2026-08-08T19:16:24+00:00,UNALLOCATED,,,,,
SLCMP700-0458,458,458,317273767,2^317273767-1,STRUCTURAL_SCREEN_EXHAUSTED_PRIMALITY_UNASSIGNED,GF3A_DIRECTIONAL_WRITE_EXHAUSTED_PRIMALITY_UNASSIGNED,514,512,512,NO_RECORDED_FACTOR_PRP_OR_LL_RESULT_AND_NO_ACTIVE_GIMPS_ASSIGNMENT,2026-08-08T19:16:24+00:00,UNALLOCATED,,,,,
SLCMP700-0459,459,459,317273773,2^317273773-1,STRUCTURAL_SCREEN_EXHAUSTED_PRIMALITY_UNASSIGNED,GF3A_DIRECTIONAL_WRITE_EXHAUSTED_PRIMALITY_UNASSIGNED,513,512,512,NO_RECORDED_FACTOR_PRP_OR_LL_RESULT_AND_NO_ACTIVE_GIMPS_ASSIGNMENT,2026-08-08T19:16:24+00:00,UNALLOCATED,,,,,
SLCMP700-0460,460,460,317273791,2^317273791-1,STRUCTURAL_SCREEN_EXHAUSTED_PRIMALITY_UNASSIGNED,GF3A_DIRECTIONAL_WRITE_EXHAUSTED_PRIMALITY_UNASSIGNED,514,512,512,NO_RECORDED_FACTOR_PRP_OR_LL_RESULT_AND_NO_ACTIVE_GIMPS_ASSIGNMENT,2026-08-08T19:16:24+00:00,UNALLOCATED,,,,,
SLCMP700-0461,461,461,317273917,2^317273917-1,STRUCTURAL_SCREEN_EXHAUSTED_PRIMALITY_UNASSIGNED,GF3A_DIRECTIONAL_WRITE_EXHAUSTED_PRIMALITY_UNASSIGNED,513,512,512,NO_RECORDED_FACTOR_PRP_OR_LL_RESULT_AND_NO_ACTIVE_GIMPS_ASSIGNMENT,2026-08-08T19:16:24+00:00,UNALLOCATED,,,,,
SLCMP700-0462,462,462,317273959,2^317273959-1,STRUCTURAL_SCREEN_EXHAUSTED_PRIMALITY_UNASSIGNED,GF3A_DIRECTIONAL_WRITE_EXHAUSTED_PRIMALITY_UNASSIGNED,514,512,512,NO_RECORDED_FACTOR_PRP_OR_LL_RESULT_AND_NO_ACTIVE_GIMPS_ASSIGNMENT,2026-08-08T19:16:24+00:00,UNALLOCATED,,,,,
SLCMP700-0463,463,463,317273969,2^317273969-1,STRUCTURAL_SCREEN_EXHAUSTED_PRIMALITY_UNASSIGNED,GF3A_DIRECTIONAL_WRITE_EXHAUSTED_PRIMALITY_UNASSIGNED,513,512,512,NO_RECORDED_FACTOR_PRP_OR_LL_RESULT_AND_NO_ACTIVE_GIMPS_ASSIGNMENT,2026-08-08T19:16:24+00:00,UNALLOCATED,,,,,
SLCMP700-0464,464,464,317274047,2^317274047-1,STRUCTURAL_SCREEN_EXHAUSTED_PRIMALITY_UNASSIGNED,GF3A_DIRECTIONAL_WRITE_EXHAUSTED_PRIMALITY_UNASSIGNED,514,512,512,NO_RECORDED_FACTOR_PRP_OR_LL_RESULT_AND_NO_ACTIVE_GIMPS_ASSIGNMENT,2026-08-08T19:16:24+00:00,UNALLOCATED,,,,,
SLCMP700-0465,465,465,317274071,2^317274071-1,STRUCTURAL_SCREEN_EXHAUSTED_PRIMALITY_UNASSIGNED,GF3A_DIRECTIONAL_WRITE_EXHAUSTED_PRIMALITY_UNASSIGNED,514,512,512,NO_RECORDED_FACTOR_PRP_OR_LL_RESULT_AND_NO_ACTIVE_GIMPS_ASSIGNMENT,2026-08-08T19:16:24+00:00,UNALLOCATED,,,,,
SLCMP700-0466,466,466,317274137,2^317274137-1,STRUCTURAL_SCREEN_EXHAUSTED_PRIMALITY_UNASSIGNED,GF3A_DIRECTIONAL_WRITE_EXHAUSTED_PRIMALITY_UNASSIGNED,513,512,512,NO_RECORDED_FACTOR_PRP_OR_LL_RESULT_AND_NO_ACTIVE_GIMPS_ASSIGNMENT,2026-08-08T19:16:24+00:00,UNALLOCATED,,,,,
SLCMP700-0467,467,467,317274161,2^317274161-1,STRUCTURAL_SCREEN_EXHAUSTED_PRIMALITY_UNASSIGNED,GF3A_DIRECTIONAL_WRITE_EXHAUSTED_PRIMALITY_UNASSIGNED,513,512,512,NO_RECORDED_FACTOR_PRP_OR_LL_RESULT_AND_NO_ACTIVE_GIMPS_ASSIGNMENT,2026-08-08T19:16:24+00:00,UNALLOCATED,,,,,
SLCMP700-0468,468,468,317274337,2^317274337-1,STRUCTURAL_SCREEN_EXHAUSTED_PRIMALITY_UNASSIGNED,GF3A_DIRECTIONAL_WRITE_EXHAUSTED_PRIMALITY_UNASSIGNED,513,512,512,NO_RECORDED_FACTOR_PRP_OR_LL_RESULT_AND_NO_ACTIVE_GIMPS_ASSIGNMENT,2026-08-08T19:16:24+00:00,UNALLOCATED,,,,,
SLCMP700-0469,469,469,317274341,2^317274341-1,STRUCTURAL_SCREEN_EXHAUSTED_PRIMALITY_UNASSIGNED,GF3A_DIRECTIONAL_WRITE_EXHAUSTED_PRIMALITY_UNASSIGNED,513,512,512,NO_RECORDED_FACTOR_PRP_OR_LL_RESULT_AND_NO_ACTIVE_GIMPS_ASSIGNMENT,2026-08-08T19:16:24+00:00,UNALLOCATED,,,,,
SLCMP700-0470,470,470,317274343,2^317274343-1,STRUCTURAL_SCREEN_EXHAUSTED_PRIMALITY_UNASSIGNED,GF3A_DIRECTIONAL_WRITE_EXHAUSTED_PRIMALITY_UNASSIGNED,514,512,512,NO_RECORDED_FACTOR_PRP_OR_LL_RESULT_AND_NO_ACTIVE_GIMPS_ASSIGNMENT,2026-08-08T19:16:24+00:00,UNALLOCATED,,,,,
SLCMP700-0471,471,471,317274473,2^317274473-1,STRUCTURAL_SCREEN_EXHAUSTED_PRIMALITY_UNASSIGNED,GF3A_DIRECTIONAL_WRITE_EXHAUSTED_PRIMALITY_UNASSIGNED,513,512,512,NO_RECORDED_FACTOR_PRP_OR_LL_RESULT_AND_NO_ACTIVE_GIMPS_ASSIGNMENT,2026-08-08T19:16:24+00:00,UNALLOCATED,,,,,
SLCMP700-0472,472,472,317274509,2^317274509-1,STRUCTURAL_SCREEN_EXHAUSTED_PRIMALITY_UNASSIGNED,GF3A_DIRECTIONAL_WRITE_EXHAUSTED_PRIMALITY_UNASSIGNED,513,512,512,NO_RECORDED_FACTOR_PRP_OR_LL_RESULT_AND_NO_ACTIVE_GIMPS_ASSIGNMENT,2026-08-08T19:16:24+00:00,UNALLOCATED,,,,,
SLCMP700-0473,473,473,317274577,2^317274577-1,STRUCTURAL_SCREEN_EXHAUSTED_PRIMALITY_UNASSIGNED,GF3A_DIRECTIONAL_WRITE_EXHAUSTED_PRIMALITY_UNASSIGNED,513,512,512,NO_RECORDED_FACTOR_PRP_OR_LL_RESULT_AND_NO_ACTIVE_GIMPS_ASSIGNMENT,2026-08-08T19:16:24+00:00,UNALLOCATED,,,,,
SLCMP700-0474,474,474,317274599,2^317274599-1,STRUCTURAL_SCREEN_EXHAUSTED_PRIMALITY_UNASSIGNED,GF3A_DIRECTIONAL_WRITE_EXHAUSTED_PRIMALITY_UNASSIGNED,514,512,512,NO_RECORDED_FACTOR_PRP_OR_LL_RESULT_AND_NO_ACTIVE_GIMPS_ASSIGNMENT,2026-08-08T19:16:24+00:00,UNALLOCATED,,,,,
SLCMP700-0475,475,475,317274623,2^317274623-1,STRUCTURAL_SCREEN_EXHAUSTED_PRIMALITY_UNASSIGNED,GF3A_DIRECTIONAL_WRITE_EXHAUSTED_PRIMALITY_UNASSIGNED,514,512,512,NO_RECORDED_FACTOR_PRP_OR_LL_RESULT_AND_NO_ACTIVE_GIMPS_ASSIGNMENT,2026-08-08T19:16:24+00:00,UNALLOCATED,,,,,
SLCMP700-0476,476,476,317274653,2^317274653-1,STRUCTURAL_SCREEN_EXHAUSTED_PRIMALITY_UNASSIGNED,GF3A_DIRECTIONAL_WRITE_EXHAUSTED_PRIMALITY_UNASSIGNED,513,512,512,NO_RECORDED_FACTOR_PRP_OR_LL_RESULT_AND_NO_ACTIVE_GIMPS_ASSIGNMENT,2026-08-08T19:16:24+00:00,UNALLOCATED,,,,,
SLCMP700-0477,477,477,317274743,2^317274743-1,STRUCTURAL_SCREEN_EXHAUSTED_PRIMALITY_UNASSIGNED,GF3A_DIRECTIONAL_WRITE_EXHAUSTED_PRIMALITY_UNASSIGNED,514,512,512,NO_RECORDED_FACTOR_PRP_OR_LL_RESULT_AND_NO_ACTIVE_GIMPS_ASSIGNMENT,2026-08-08T19:16:24+00:00,UNALLOCATED,,,,,
SLCMP700-0478,478,478,317274779,2^317274779-1,STRUCTURAL_SCREEN_EXHAUSTED_PRIMALITY_UNASSIGNED,GF3A_DIRECTIONAL_WRITE_EXHAUSTED_PRIMALITY_UNASSIGNED,514,512,512,NO_RECORDED_FACTOR_PRP_OR_LL_RESULT_AND_NO_ACTIVE_GIMPS_ASSIGNMENT,2026-08-08T19:16:24+00:00,UNALLOCATED,,,,,
SLCMP700-0479,479,479,317274883,2^317274883-1,STRUCTURAL_SCREEN_EXHAUSTED_PRIMALITY_UNASSIGNED,GF3A_DIRECTIONAL_WRITE_EXHAUSTED_PRIMALITY_UNASSIGNED,514,512,512,NO_RECORDED_FACTOR_PRP_OR_LL_RESULT_AND_NO_ACTIVE_GIMPS_ASSIGNMENT,2026-08-08T19:16:24+00:00,UNALLOCATED,,,,,
SLCMP700-0480,480,480,317274913,2^317274913-1,STRUCTURAL_SCREEN_EXHAUSTED_PRIMALITY_UNASSIGNED,GF3A_DIRECTIONAL_WRITE_EXHAUSTED_PRIMALITY_UNASSIGNED,513,512,512,NO_RECORDED_FACTOR_PRP_OR_LL_RESULT_AND_NO_ACTIVE_GIMPS_ASSIGNMENT,2026-08-08T19:16:24+00:00,UNALLOCATED,,,,,
SLCMP700-0481,481,481,317274989,2^317274989-1,STRUCTURAL_SCREEN_EXHAUSTED_PRIMALITY_UNASSIGNED,GF3A_DIRECTIONAL_WRITE_EXHAUSTED_PRIMALITY_UNASSIGNED,513,512,512,NO_RECORDED_FACTOR_PRP_OR_LL_RESULT_AND_NO_ACTIVE_GIMPS_ASSIGNMENT,2026-08-08T19:16:24+00:00,UNALLOCATED,,,,,
SLCMP700-0482,482,482,317275043,2^317275043-1,STRUCTURAL_SCREEN_EXHAUSTED_PRIMALITY_UNASSIGNED,GF3A_DIRECTIONAL_WRITE_EXHAUSTED_PRIMALITY_UNASSIGNED,514,512,512,NO_RECORDED_FACTOR_PRP_OR_LL_RESULT_AND_NO_ACTIVE_GIMPS_ASSIGNMENT,2026-08-08T19:16:24+00:00,UNALLOCATED,,,,,
SLCMP700-0483,483,483,317275061,2^317275061-1,STRUCTURAL_SCREEN_EXHAUSTED_PRIMALITY_UNASSIGNED,GF3A_DIRECTIONAL_WRITE_EXHAUSTED_PRIMALITY_UNASSIGNED,513,512,512,NO_RECORDED_FACTOR_PRP_OR_LL_RESULT_AND_NO_ACTIVE_GIMPS_ASSIGNMENT,2026-08-08T19:16:24+00:00,UNALLOCATED,,,,,
SLCMP700-0484,484,484,317275093,2^317275093-1,STRUCTURAL_SCREEN_EXHAUSTED_PRIMALITY_UNASSIGNED,GF3A_DIRECTIONAL_WRITE_EXHAUSTED_PRIMALITY_UNASSIGNED,513,512,512,NO_RECORDED_FACTOR_PRP_OR_LL_RESULT_AND_NO_ACTIVE_GIMPS_ASSIGNMENT,2026-08-08T19:16:24+00:00,UNALLOCATED,,,,,
SLCMP700-0485,485,485,317275103,2^317275103-1,STRUCTURAL_SCREEN_EXHAUSTED_PRIMALITY_UNASSIGNED,GF3A_DIRECTIONAL_WRITE_EXHAUSTED_PRIMALITY_UNASSIGNED,514,512,512,NO_RECORDED_FACTOR_PRP_OR_LL_RESULT_AND_NO_ACTIVE_GIMPS_ASSIGNMENT,2026-08-08T19:16:24+00:00,UNALLOCATED,,,,,
SLCMP700-0486,486,486,317275169,2^317275169-1,STRUCTURAL_SCREEN_EXHAUSTED_PRIMALITY_UNASSIGNED,GF3A_DIRECTIONAL_WRITE_EXHAUSTED_PRIMALITY_UNASSIGNED,513,512,512,NO_RECORDED_FACTOR_PRP_OR_LL_RESULT_AND_NO_ACTIVE_GIMPS_ASSIGNMENT,2026-08-08T19:16:24+00:00,UNALLOCATED,,,,,
SLCMP700-0487,487,487,317275193,2^317275193-1,STRUCTURAL_SCREEN_EXHAUSTED_PRIMALITY_UNASSIGNED,GF3A_DIRECTIONAL_WRITE_EXHAUSTED_PRIMALITY_UNASSIGNED,513,512,512,NO_RECORDED_FACTOR_PRP_OR_LL_RESULT_AND_NO_ACTIVE_GIMPS_ASSIGNMENT,2026-08-08T19:16:24+00:00,UNALLOCATED,,,,,
SLCMP700-0488,488,488,317275237,2^317275237-1,STRUCTURAL_SCREEN_EXHAUSTED_PRIMALITY_UNASSIGNED,GF3A_DIRECTIONAL_WRITE_EXHAUSTED_PRIMALITY_UNASSIGNED,513,512,512,NO_RECORDED_FACTOR_PRP_OR_LL_RESULT_AND_NO_ACTIVE_GIMPS_ASSIGNMENT,2026-08-08T19:16:24+00:00,UNALLOCATED,,,,,
SLCMP700-0489,489,489,317275279,2^317275279-1,STRUCTURAL_SCREEN_EXHAUSTED_PRIMALITY_UNASSIGNED,GF3A_DIRECTIONAL_WRITE_EXHAUSTED_PRIMALITY_UNASSIGNED,514,512,512,NO_RECORDED_FACTOR_PRP_OR_LL_RESULT_AND_NO_ACTIVE_GIMPS_ASSIGNMENT,2026-08-08T19:16:24+00:00,UNALLOCATED,,,,,
SLCMP700-0490,490,490,317275349,2^317275349-1,STRUCTURAL_SCREEN_EXHAUSTED_PRIMALITY_UNASSIGNED,GF3A_DIRECTIONAL_WRITE_EXHAUSTED_PRIMALITY_UNASSIGNED,513,512,512,NO_RECORDED_FACTOR_PRP_OR_LL_RESULT_AND_NO_ACTIVE_GIMPS_ASSIGNMENT,2026-08-08T19:16:24+00:00,UNALLOCATED,,,,,
SLCMP700-0491,491,491,317275367,2^317275367-1,STRUCTURAL_SCREEN_EXHAUSTED_PRIMALITY_UNASSIGNED,GF3A_DIRECTIONAL_WRITE_EXHAUSTED_PRIMALITY_UNASSIGNED,514,512,512,NO_RECORDED_FACTOR_PRP_OR_LL_RESULT_AND_NO_ACTIVE_GIMPS_ASSIGNMENT,2026-08-08T19:16:24+00:00,UNALLOCATED,,,,,
SLCMP700-0492,492,492,317275559,2^317275559-1,STRUCTURAL_SCREEN_EXHAUSTED_PRIMALITY_UNASSIGNED,GF3A_DIRECTIONAL_WRITE_EXHAUSTED_PRIMALITY_UNASSIGNED,514,512,512,NO_RECORDED_FACTOR_PRP_OR_LL_RESULT_AND_NO_ACTIVE_GIMPS_ASSIGNMENT,2026-08-08T19:16:24+00:00,UNALLOCATED,,,,,
SLCMP700-0493,493,493,317275657,2^317275657-1,STRUCTURAL_SCREEN_EXHAUSTED_PRIMALITY_UNASSIGNED,GF3A_DIRECTIONAL_WRITE_EXHAUSTED_PRIMALITY_UNASSIGNED,513,512,512,NO_RECORDED_FACTOR_PRP_OR_LL_RESULT_AND_NO_ACTIVE_GIMPS_ASSIGNMENT,2026-08-08T19:16:24+00:00,UNALLOCATED,,,,,
SLCMP700-0494,494,494,317275951,2^317275951-1,STRUCTURAL_SCREEN_EXHAUSTED_PRIMALITY_UNASSIGNED,GF3A_DIRECTIONAL_WRITE_EXHAUSTED_PRIMALITY_UNASSIGNED,514,512,512,NO_RECORDED_FACTOR_PRP_OR_LL_RESULT_AND_NO_ACTIVE_GIMPS_ASSIGNMENT,2026-08-08T19:16:24+00:00,UNALLOCATED,,,,,
SLCMP700-0495,495,495,317275997,2^317275997-1,STRUCTURAL_SCREEN_EXHAUSTED_PRIMALITY_UNASSIGNED,GF3A_DIRECTIONAL_WRITE_EXHAUSTED_PRIMALITY_UNASSIGNED,513,512,512,NO_RECORDED_FACTOR_PRP_OR_LL_RESULT_AND_NO_ACTIVE_GIMPS_ASSIGNMENT,2026-08-08T19:16:24+00:00,UNALLOCATED,,,,,
SLCMP700-0496,496,496,317276017,2^317276017-1,STRUCTURAL_SCREEN_EXHAUSTED_PRIMALITY_UNASSIGNED,GF3A_DIRECTIONAL_WRITE_EXHAUSTED_PRIMALITY_UNASSIGNED,513,512,512,NO_RECORDED_FACTOR_PRP_OR_LL_RESULT_AND_NO_ACTIVE_GIMPS_ASSIGNMENT,2026-08-08T19:16:24+00:00,UNALLOCATED,,,,,
SLCMP700-0497,497,497,317276101,2^317276101-1,STRUCTURAL_SCREEN_EXHAUSTED_PRIMALITY_UNASSIGNED,GF3A_DIRECTIONAL_WRITE_EXHAUSTED_PRIMALITY_UNASSIGNED,513,512,512,NO_RECORDED_FACTOR_PRP_OR_LL_RESULT_AND_NO_ACTIVE_GIMPS_ASSIGNMENT,2026-08-08T19:16:24+00:00,UNALLOCATED,,,,,
SLCMP700-0498,498,498,317276137,2^317276137-1,STRUCTURAL_SCREEN_EXHAUSTED_PRIMALITY_UNASSIGNED,GF3A_DIRECTIONAL_WRITE_EXHAUSTED_PRIMALITY_UNASSIGNED,513,512,512,NO_RECORDED_FACTOR_PRP_OR_LL_RESULT_AND_NO_ACTIVE_GIMPS_ASSIGNMENT,2026-08-08T19:16:24+00:00,UNALLOCATED,,,,,
SLCMP700-0499,499,499,317276159,2^317276159-1,STRUCTURAL_SCREEN_EXHAUSTED_PRIMALITY_UNASSIGNED,GF3A_DIRECTIONAL_WRITE_EXHAUSTED_PRIMALITY_UNASSIGNED,514,512,512,NO_RECORDED_FACTOR_PRP_OR_LL_RESULT_AND_NO_ACTIVE_GIMPS_ASSIGNMENT,2026-08-08T19:16:24+00:00,UNALLOCATED,,,,,
SLCMP700-0500,500,500,317276173,2^317276173-1,STRUCTURAL_SCREEN_EXHAUSTED_PRIMALITY_UNASSIGNED,GF3A_DIRECTIONAL_WRITE_EXHAUSTED_PRIMALITY_UNASSIGNED,513,512,512,NO_RECORDED_FACTOR_PRP_OR_LL_RESULT_AND_NO_ACTIVE_GIMPS_ASSIGNMENT,2026-08-08T19:16:24+00:00,UNALLOCATED,,,,,
SLCMP700-0501,501,501,317276203,2^317276203-1,STRUCTURAL_SCREEN_EXHAUSTED_PRIMALITY_UNASSIGNED,GF3A_DIRECTIONAL_WRITE_EXHAUSTED_PRIMALITY_UNASSIGNED,514,512,512,NO_RECORDED_FACTOR_PRP_OR_LL_RESULT_AND_NO_ACTIVE_GIMPS_ASSIGNMENT,2026-08-08T19:16:24+00:00,UNALLOCATED,,,,,
SLCMP700-0502,502,502,317276213,2^317276213-1,STRUCTURAL_SCREEN_EXHAUSTED_PRIMALITY_UNASSIGNED,GF3A_DIRECTIONAL_WRITE_EXHAUSTED_PRIMALITY_UNASSIGNED,513,512,512,NO_RECORDED_FACTOR_PRP_OR_LL_RESULT_AND_NO_ACTIVE_GIMPS_ASSIGNMENT,2026-08-08T19:16:24+00:00,UNALLOCATED,,,,,
SLCMP700-0503,503,503,317276243,2^317276243-1,STRUCTURAL_SCREEN_EXHAUSTED_PRIMALITY_UNASSIGNED,GF3A_DIRECTIONAL_WRITE_EXHAUSTED_PRIMALITY_UNASSIGNED,514,512,512,NO_RECORDED_FACTOR_PRP_OR_LL_RESULT_AND_NO_ACTIVE_GIMPS_ASSIGNMENT,2026-08-08T19:16:24+00:00,UNALLOCATED,,,,,
SLCMP700-0504,504,504,317276417,2^317276417-1,STRUCTURAL_SCREEN_EXHAUSTED_PRIMALITY_UNASSIGNED,GF3A_DIRECTIONAL_WRITE_EXHAUSTED_PRIMALITY_UNASSIGNED,513,512,512,NO_RECORDED_FACTOR_PRP_OR_LL_RESULT_AND_NO_ACTIVE_GIMPS_ASSIGNMENT,2026-08-08T19:16:24+00:00,UNALLOCATED,,,,,
SLCMP700-0505,505,505,317276419,2^317276419-1,STRUCTURAL_SCREEN_EXHAUSTED_PRIMALITY_UNASSIGNED,GF3A_DIRECTIONAL_WRITE_EXHAUSTED_PRIMALITY_UNASSIGNED,514,512,512,NO_RECORDED_FACTOR_PRP_OR_LL_RESULT_AND_NO_ACTIVE_GIMPS_ASSIGNMENT,2026-08-08T19:16:24+00:00,UNALLOCATED,,,,,
SLCMP700-0506,506,506,317276429,2^317276429-1,STRUCTURAL_SCREEN_EXHAUSTED_PRIMALITY_UNASSIGNED,GF3A_DIRECTIONAL_WRITE_EXHAUSTED_PRIMALITY_UNASSIGNED,513,512,512,NO_RECORDED_FACTOR_PRP_OR_LL_RESULT_AND_NO_ACTIVE_GIMPS_ASSIGNMENT,2026-08-08T19:16:24+00:00,UNALLOCATED,,,,,
SLCMP700-0507,507,507,317276447,2^317276447-1,STRUCTURAL_SCREEN_EXHAUSTED_PRIMALITY_UNASSIGNED,GF3A_DIRECTIONAL_WRITE_EXHAUSTED_PRIMALITY_UNASSIGNED,514,512,512,NO_RECORDED_FACTOR_PRP_OR_LL_RESULT_AND_NO_ACTIVE_GIMPS_ASSIGNMENT,2026-08-08T19:16:24+00:00,UNALLOCATED,,,,,
SLCMP700-0508,508,508,317276473,2^317276473-1,STRUCTURAL_SCREEN_EXHAUSTED_PRIMALITY_UNASSIGNED,GF3A_DIRECTIONAL_WRITE_EXHAUSTED_PRIMALITY_UNASSIGNED,513,512,512,NO_RECORDED_FACTOR_PRP_OR_LL_RESULT_AND_NO_ACTIVE_GIMPS_ASSIGNMENT,2026-08-08T19:16:24+00:00,UNALLOCATED,,,,,
SLCMP700-0509,509,509,317276503,2^317276503-1,STRUCTURAL_SCREEN_EXHAUSTED_PRIMALITY_UNASSIGNED,GF3A_DIRECTIONAL_WRITE_EXHAUSTED_PRIMALITY_UNASSIGNED,514,512,512,NO_RECORDED_FACTOR_PRP_OR_LL_RESULT_AND_NO_ACTIVE_GIMPS_ASSIGNMENT,2026-08-08T19:16:24+00:00,UNALLOCATED,,,,,
SLCMP700-0510,510,510,317276527,2^317276527-1,STRUCTURAL_SCREEN_EXHAUSTED_PRIMALITY_UNASSIGNED,GF3A_DIRECTIONAL_WRITE_EXHAUSTED_PRIMALITY_UNASSIGNED,514,512,512,NO_RECORDED_FACTOR_PRP_OR_LL_RESULT_AND_NO_ACTIVE_GIMPS_ASSIGNMENT,2026-08-08T19:16:24+00:00,UNALLOCATED,,,,,
SLCMP700-0511,511,511,317276639,2^317276639-1,STRUCTURAL_SCREEN_EXHAUSTED_PRIMALITY_UNASSIGNED,GF3A_DIRECTIONAL_WRITE_EXHAUSTED_PRIMALITY_UNASSIGNED,514,512,512,NO_RECORDED_FACTOR_PRP_OR_LL_RESULT_AND_NO_ACTIVE_GIMPS_ASSIGNMENT,2026-08-08T19:16:24+00:00,UNALLOCATED,,,,,
SLCMP700-0512,512,512,317276749,2^317276749-1,STRUCTURAL_SCREEN_EXHAUSTED_PRIMALITY_UNASSIGNED,GF3A_DIRECTIONAL_WRITE_EXHAUSTED_PRIMALITY_UNASSIGNED,513,512,512,NO_RECORDED_FACTOR_PRP_OR_LL_RESULT_AND_NO_ACTIVE_GIMPS_ASSIGNMENT,2026-08-08T19:16:24+00:00,UNALLOCATED,,,,,
SLCMP700-0513,513,513,317276783,2^317276783-1,STRUCTURAL_SCREEN_EXHAUSTED_PRIMALITY_UNASSIGNED,GF3A_DIRECTIONAL_WRITE_EXHAUSTED_PRIMALITY_UNASSIGNED,514,512,512,NO_RECORDED_FACTOR_PRP_OR_LL_RESULT_AND_NO_ACTIVE_GIMPS_ASSIGNMENT,2026-08-08T19:16:24+00:00,UNALLOCATED,,,,,
SLCMP700-0514,514,514,317277007,2^317277007-1,STRUCTURAL_SCREEN_EXHAUSTED_PRIMALITY_UNASSIGNED,GF3A_DIRECTIONAL_WRITE_EXHAUSTED_PRIMALITY_UNASSIGNED,514,512,512,NO_RECORDED_FACTOR_PRP_OR_LL_RESULT_AND_NO_ACTIVE_GIMPS_ASSIGNMENT,2026-08-08T19:16:24+00:00,UNALLOCATED,,,,,
SLCMP700-0515,515,515,317277073,2^317277073-1,STRUCTURAL_SCREEN_EXHAUSTED_PRIMALITY_UNASSIGNED,GF3A_DIRECTIONAL_WRITE_EXHAUSTED_PRIMALITY_UNASSIGNED,513,512,512,NO_RECORDED_FACTOR_PRP_OR_LL_RESULT_AND_NO_ACTIVE_GIMPS_ASSIGNMENT,2026-08-08T19:16:24+00:00,UNALLOCATED,,,,,
SLCMP700-0516,516,516,317277089,2^317277089-1,STRUCTURAL_SCREEN_EXHAUSTED_PRIMALITY_UNASSIGNED,GF3A_DIRECTIONAL_WRITE_EXHAUSTED_PRIMALITY_UNASSIGNED,513,512,512,NO_RECORDED_FACTOR_PRP_OR_LL_RESULT_AND_NO_ACTIVE_GIMPS_ASSIGNMENT,2026-08-08T19:16:24+00:00,UNALLOCATED,,,,,
SLCMP700-0517,517,517,317277097,2^317277097-1,STRUCTURAL_SCREEN_EXHAUSTED_PRIMALITY_UNASSIGNED,GF3A_DIRECTIONAL_WRITE_EXHAUSTED_PRIMALITY_UNASSIGNED,513,512,512,NO_RECORDED_FACTOR_PRP_OR_LL_RESULT_AND_NO_ACTIVE_GIMPS_ASSIGNMENT,2026-08-08T19:16:24+00:00,UNALLOCATED,,,,,
SLCMP700-0518,518,518,317277131,2^317277131-1,STRUCTURAL_SCREEN_EXHAUSTED_PRIMALITY_UNASSIGNED,GF3A_DIRECTIONAL_WRITE_EXHAUSTED_PRIMALITY_UNASSIGNED,514,512,512,NO_RECORDED_FACTOR_PRP_OR_LL_RESULT_AND_NO_ACTIVE_GIMPS_ASSIGNMENT,2026-08-08T19:16:24+00:00,UNALLOCATED,,,,,
SLCMP700-0519,519,519,317277269,2^317277269-1,STRUCTURAL_SCREEN_EXHAUSTED_PRIMALITY_UNASSIGNED,GF3A_DIRECTIONAL_WRITE_EXHAUSTED_PRIMALITY_UNASSIGNED,513,512,512,NO_RECORDED_FACTOR_PRP_OR_LL_RESULT_AND_NO_ACTIVE_GIMPS_ASSIGNMENT,2026-08-08T19:16:24+00:00,UNALLOCATED,,,,,
SLCMP700-0520,520,520,317277517,2^317277517-1,STRUCTURAL_SCREEN_EXHAUSTED_PRIMALITY_UNASSIGNED,GF3A_DIRECTIONAL_WRITE_EXHAUSTED_PRIMALITY_UNASSIGNED,513,512,512,NO_RECORDED_FACTOR_PRP_OR_LL_RESULT_AND_NO_ACTIVE_GIMPS_ASSIGNMENT,2026-08-08T19:16:24+00:00,UNALLOCATED,,,,,
SLCMP700-0521,521,521,317277581,2^317277581-1,STRUCTURAL_SCREEN_EXHAUSTED_PRIMALITY_UNASSIGNED,GF3A_DIRECTIONAL_WRITE_EXHAUSTED_PRIMALITY_UNASSIGNED,513,512,512,NO_RECORDED_FACTOR_PRP_OR_LL_RESULT_AND_NO_ACTIVE_GIMPS_ASSIGNMENT,2026-08-08T19:16:24+00:00,UNALLOCATED,,,,,
SLCMP700-0522,522,522,317277619,2^317277619-1,STRUCTURAL_SCREEN_EXHAUSTED_PRIMALITY_UNASSIGNED,GF3A_DIRECTIONAL_WRITE_EXHAUSTED_PRIMALITY_UNASSIGNED,514,512,512,NO_RECORDED_FACTOR_PRP_OR_LL_RESULT_AND_NO_ACTIVE_GIMPS_ASSIGNMENT,2026-08-08T19:16:24+00:00,UNALLOCATED,,,,,
SLCMP700-0523,523,523,317277643,2^317277643-1,STRUCTURAL_SCREEN_EXHAUSTED_PRIMALITY_UNASSIGNED,GF3A_DIRECTIONAL_WRITE_EXHAUSTED_PRIMALITY_UNASSIGNED,514,512,512,NO_RECORDED_FACTOR_PRP_OR_LL_RESULT_AND_NO_ACTIVE_GIMPS_ASSIGNMENT,2026-08-08T19:16:24+00:00,UNALLOCATED,,,,,
SLCMP700-0524,524,524,317277761,2^317277761-1,STRUCTURAL_SCREEN_EXHAUSTED_PRIMALITY_UNASSIGNED,GF3A_DIRECTIONAL_WRITE_EXHAUSTED_PRIMALITY_UNASSIGNED,513,512,512,NO_RECORDED_FACTOR_PRP_OR_LL_RESULT_AND_NO_ACTIVE_GIMPS_ASSIGNMENT,2026-08-08T19:16:24+00:00,UNALLOCATED,,,,,
SLCMP700-0525,525,525,317277781,2^317277781-1,STRUCTURAL_SCREEN_EXHAUSTED_PRIMALITY_UNASSIGNED,GF3A_DIRECTIONAL_WRITE_EXHAUSTED_PRIMALITY_UNASSIGNED,513,512,512,NO_RECORDED_FACTOR_PRP_OR_LL_RESULT_AND_NO_ACTIVE_GIMPS_ASSIGNMENT,2026-08-08T19:16:24+00:00,UNALLOCATED,,,,,
SLCMP700-0526,526,526,317277833,2^317277833-1,STRUCTURAL_SCREEN_EXHAUSTED_PRIMALITY_UNASSIGNED,GF3A_DIRECTIONAL_WRITE_EXHAUSTED_PRIMALITY_UNASSIGNED,513,512,512,NO_RECORDED_FACTOR_PRP_OR_LL_RESULT_AND_NO_ACTIVE_GIMPS_ASSIGNMENT,2026-08-08T19:16:24+00:00,UNALLOCATED,,,,,
SLCMP700-0527,527,527,317277841,2^317277841-1,STRUCTURAL_SCREEN_EXHAUSTED_PRIMALITY_UNASSIGNED,GF3A_DIRECTIONAL_WRITE_EXHAUSTED_PRIMALITY_UNASSIGNED,513,512,512,NO_RECORDED_FACTOR_PRP_OR_LL_RESULT_AND_NO_ACTIVE_GIMPS_ASSIGNMENT,2026-08-08T19:16:24+00:00,UNALLOCATED,,,,,
SLCMP700-0528,528,528,317277887,2^317277887-1,STRUCTURAL_SCREEN_EXHAUSTED_PRIMALITY_UNASSIGNED,GF3A_DIRECTIONAL_WRITE_EXHAUSTED_PRIMALITY_UNASSIGNED,514,512,512,NO_RECORDED_FACTOR_PRP_OR_LL_RESULT_AND_NO_ACTIVE_GIMPS_ASSIGNMENT,2026-08-08T19:16:24+00:00,UNALLOCATED,,,,,
SLCMP700-0529,529,529,317277907,2^317277907-1,STRUCTURAL_SCREEN_EXHAUSTED_PRIMALITY_UNASSIGNED,GF3A_DIRECTIONAL_WRITE_EXHAUSTED_PRIMALITY_UNASSIGNED,514,512,512,NO_RECORDED_FACTOR_PRP_OR_LL_RESULT_AND_NO_ACTIVE_GIMPS_ASSIGNMENT,2026-08-08T19:16:24+00:00,UNALLOCATED,,,,,
SLCMP700-0530,530,530,317277937,2^317277937-1,STRUCTURAL_SCREEN_EXHAUSTED_PRIMALITY_UNASSIGNED,GF3A_DIRECTIONAL_WRITE_EXHAUSTED_PRIMALITY_UNASSIGNED,513,512,512,NO_RECORDED_FACTOR_PRP_OR_LL_RESULT_AND_NO_ACTIVE_GIMPS_ASSIGNMENT,2026-08-08T19:16:24+00:00,UNALLOCATED,,,,,
SLCMP700-0531,531,531,317278043,2^317278043-1,STRUCTURAL_SCREEN_EXHAUSTED_PRIMALITY_UNASSIGNED,GF3A_DIRECTIONAL_WRITE_EXHAUSTED_PRIMALITY_UNASSIGNED,514,512,512,NO_RECORDED_FACTOR_PRP_OR_LL_RESULT_AND_NO_ACTIVE_GIMPS_ASSIGNMENT,2026-08-08T19:16:24+00:00,UNALLOCATED,,,,,
SLCMP700-0532,532,532,317278061,2^317278061-1,STRUCTURAL_SCREEN_EXHAUSTED_PRIMALITY_UNASSIGNED,GF3A_DIRECTIONAL_WRITE_EXHAUSTED_PRIMALITY_UNASSIGNED,513,512,512,NO_RECORDED_FACTOR_PRP_OR_LL_RESULT_AND_NO_ACTIVE_GIMPS_ASSIGNMENT,2026-08-08T19:16:24+00:00,UNALLOCATED,,,,,
SLCMP700-0533,533,533,317278151,2^317278151-1,STRUCTURAL_SCREEN_EXHAUSTED_PRIMALITY_UNASSIGNED,GF3A_DIRECTIONAL_WRITE_EXHAUSTED_PRIMALITY_UNASSIGNED,514,512,512,NO_RECORDED_FACTOR_PRP_OR_LL_RESULT_AND_NO_ACTIVE_GIMPS_ASSIGNMENT,2026-08-08T19:16:24+00:00,UNALLOCATED,,,,,
SLCMP700-0534,534,534,317278249,2^317278249-1,STRUCTURAL_SCREEN_EXHAUSTED_PRIMALITY_UNASSIGNED,GF3A_DIRECTIONAL_WRITE_EXHAUSTED_PRIMALITY_UNASSIGNED,513,512,512,NO_RECORDED_FACTOR_PRP_OR_LL_RESULT_AND_NO_ACTIVE_GIMPS_ASSIGNMENT,2026-08-08T19:16:24+00:00,UNALLOCATED,,,,,
SLCMP700-0535,535,535,317278279,2^317278279-1,STRUCTURAL_SCREEN_EXHAUSTED_PRIMALITY_UNASSIGNED,GF3A_DIRECTIONAL_WRITE_EXHAUSTED_PRIMALITY_UNASSIGNED,514,512,512,NO_RECORDED_FACTOR_PRP_OR_LL_RESULT_AND_NO_ACTIVE_GIMPS_ASSIGNMENT,2026-08-08T19:16:24+00:00,UNALLOCATED,,,,,
SLCMP700-0536,536,536,317278469,2^317278469-1,STRUCTURAL_SCREEN_EXHAUSTED_PRIMALITY_UNASSIGNED,GF3A_DIRECTIONAL_WRITE_EXHAUSTED_PRIMALITY_UNASSIGNED,513,512,512,NO_RECORDED_FACTOR_PRP_OR_LL_RESULT_AND_NO_ACTIVE_GIMPS_ASSIGNMENT,2026-08-08T19:16:24+00:00,UNALLOCATED,,,,,
SLCMP700-0537,537,537,317278487,2^317278487-1,STRUCTURAL_SCREEN_EXHAUSTED_PRIMALITY_UNASSIGNED,GF3A_DIRECTIONAL_WRITE_EXHAUSTED_PRIMALITY_UNASSIGNED,514,512,512,NO_RECORDED_FACTOR_PRP_OR_LL_RESULT_AND_NO_ACTIVE_GIMPS_ASSIGNMENT,2026-08-08T19:16:24+00:00,UNALLOCATED,,,,,
SLCMP700-0538,538,538,317278523,2^317278523-1,STRUCTURAL_SCREEN_EXHAUSTED_PRIMALITY_UNASSIGNED,GF3A_DIRECTIONAL_WRITE_EXHAUSTED_PRIMALITY_UNASSIGNED,514,512,512,NO_RECORDED_FACTOR_PRP_OR_LL_RESULT_AND_NO_ACTIVE_GIMPS_ASSIGNMENT,2026-08-08T19:16:24+00:00,UNALLOCATED,,,,,
SLCMP700-0539,539,539,317278573,2^317278573-1,STRUCTURAL_SCREEN_EXHAUSTED_PRIMALITY_UNASSIGNED,GF3A_DIRECTIONAL_WRITE_EXHAUSTED_PRIMALITY_UNASSIGNED,513,512,512,NO_RECORDED_FACTOR_PRP_OR_LL_RESULT_AND_NO_ACTIVE_GIMPS_ASSIGNMENT,2026-08-08T19:16:24+00:00,UNALLOCATED,,,,,
SLCMP700-0540,540,540,317278603,2^317278603-1,STRUCTURAL_SCREEN_EXHAUSTED_PRIMALITY_UNASSIGNED,GF3A_DIRECTIONAL_WRITE_EXHAUSTED_PRIMALITY_UNASSIGNED,514,512,512,NO_RECORDED_FACTOR_PRP_OR_LL_RESULT_AND_NO_ACTIVE_GIMPS_ASSIGNMENT,2026-08-08T19:16:24+00:00,UNALLOCATED,,,,,
SLCMP700-0541,541,541,317278693,2^317278693-1,STRUCTURAL_SCREEN_EXHAUSTED_PRIMALITY_UNASSIGNED,GF3A_DIRECTIONAL_WRITE_EXHAUSTED_PRIMALITY_UNASSIGNED,513,512,512,NO_RECORDED_FACTOR_PRP_OR_LL_RESULT_AND_NO_ACTIVE_GIMPS_ASSIGNMENT,2026-08-08T19:16:24+00:00,UNALLOCATED,,,,,
SLCMP700-0542,542,542,317278699,2^317278699-1,STRUCTURAL_SCREEN_EXHAUSTED_PRIMALITY_UNASSIGNED,GF3A_DIRECTIONAL_WRITE_EXHAUSTED_PRIMALITY_UNASSIGNED,514,512,512,NO_RECORDED_FACTOR_PRP_OR_LL_RESULT_AND_NO_ACTIVE_GIMPS_ASSIGNMENT,2026-08-08T19:16:24+00:00,UNALLOCATED,,,,,
SLCMP700-0543,543,543,317278807,2^317278807-1,STRUCTURAL_SCREEN_EXHAUSTED_PRIMALITY_UNASSIGNED,GF3A_DIRECTIONAL_WRITE_EXHAUSTED_PRIMALITY_UNASSIGNED,514,512,512,NO_RECORDED_FACTOR_PRP_OR_LL_RESULT_AND_NO_ACTIVE_GIMPS_ASSIGNMENT,2026-08-08T19:16:24+00:00,UNALLOCATED,,,,,
SLCMP700-0544,544,544,317278817,2^317278817-1,STRUCTURAL_SCREEN_EXHAUSTED_PRIMALITY_UNASSIGNED,GF3A_DIRECTIONAL_WRITE_EXHAUSTED_PRIMALITY_UNASSIGNED,513,512,512,NO_RECORDED_FACTOR_PRP_OR_LL_RESULT_AND_NO_ACTIVE_GIMPS_ASSIGNMENT,2026-08-08T19:16:24+00:00,UNALLOCATED,,,,,
SLCMP700-0545,545,545,317278877,2^317278877-1,STRUCTURAL_SCREEN_EXHAUSTED_PRIMALITY_UNASSIGNED,GF3A_DIRECTIONAL_WRITE_EXHAUSTED_PRIMALITY_UNASSIGNED,513,512,512,NO_RECORDED_FACTOR_PRP_OR_LL_RESULT_AND_NO_ACTIVE_GIMPS_ASSIGNMENT,2026-08-08T19:16:24+00:00,UNALLOCATED,,,,,
SLCMP700-0546,546,546,317278933,2^317278933-1,STRUCTURAL_SCREEN_EXHAUSTED_PRIMALITY_UNASSIGNED,GF3A_DIRECTIONAL_WRITE_EXHAUSTED_PRIMALITY_UNASSIGNED,513,512,512,NO_RECORDED_FACTOR_PRP_OR_LL_RESULT_AND_NO_ACTIVE_GIMPS_ASSIGNMENT,2026-08-08T19:16:24+00:00,UNALLOCATED,,,,,
SLCMP700-0547,547,547,317278957,2^317278957-1,STRUCTURAL_SCREEN_EXHAUSTED_PRIMALITY_UNASSIGNED,GF3A_DIRECTIONAL_WRITE_EXHAUSTED_PRIMALITY_UNASSIGNED,513,512,512,NO_RECORDED_FACTOR_PRP_OR_LL_RESULT_AND_NO_ACTIVE_GIMPS_ASSIGNMENT,2026-08-08T19:16:24+00:00,UNALLOCATED,,,,,
SLCMP700-0548,548,548,317278963,2^317278963-1,STRUCTURAL_SCREEN_EXHAUSTED_PRIMALITY_UNASSIGNED,GF3A_DIRECTIONAL_WRITE_EXHAUSTED_PRIMALITY_UNASSIGNED,514,512,512,NO_RECORDED_FACTOR_PRP_OR_LL_RESULT_AND_NO_ACTIVE_GIMPS_ASSIGNMENT,2026-08-08T19:16:24+00:00,UNALLOCATED,,,,,
SLCMP700-0549,549,549,317279009,2^317279009-1,STRUCTURAL_SCREEN_EXHAUSTED_PRIMALITY_UNASSIGNED,GF3A_DIRECTIONAL_WRITE_EXHAUSTED_PRIMALITY_UNASSIGNED,513,512,512,NO_RECORDED_FACTOR_PRP_OR_LL_RESULT_AND_NO_ACTIVE_GIMPS_ASSIGNMENT,2026-08-08T19:16:24+00:00,UNALLOCATED,,,,,
SLCMP700-0550,550,550,317279051,2^317279051-1,STRUCTURAL_SCREEN_EXHAUSTED_PRIMALITY_UNASSIGNED,GF3A_DIRECTIONAL_WRITE_EXHAUSTED_PRIMALITY_UNASSIGNED,514,512,512,NO_RECORDED_FACTOR_PRP_OR_LL_RESULT_AND_NO_ACTIVE_GIMPS_ASSIGNMENT,2026-08-08T19:16:24+00:00,UNALLOCATED,,,,,
SLCMP700-0551,551,551,317279113,2^317279113-1,STRUCTURAL_SCREEN_EXHAUSTED_PRIMALITY_UNASSIGNED,GF3A_DIRECTIONAL_WRITE_EXHAUSTED_PRIMALITY_UNASSIGNED,513,512,512,NO_RECORDED_FACTOR_PRP_OR_LL_RESULT_AND_NO_ACTIVE_GIMPS_ASSIGNMENT,2026-08-08T19:16:24+00:00,UNALLOCATED,,,,,
SLCMP700-0552,552,552,317279269,2^317279269-1,STRUCTURAL_SCREEN_EXHAUSTED_PRIMALITY_UNASSIGNED,GF3A_DIRECTIONAL_WRITE_EXHAUSTED_PRIMALITY_UNASSIGNED,513,512,512,NO_RECORDED_FACTOR_PRP_OR_LL_RESULT_AND_NO_ACTIVE_GIMPS_ASSIGNMENT,2026-08-08T19:16:24+00:00,UNALLOCATED,,,,,
SLCMP700-0553,553,553,317279297,2^317279297-1,STRUCTURAL_SCREEN_EXHAUSTED_PRIMALITY_UNASSIGNED,GF3A_DIRECTIONAL_WRITE_EXHAUSTED_PRIMALITY_UNASSIGNED,513,512,512,NO_RECORDED_FACTOR_PRP_OR_LL_RESULT_AND_NO_ACTIVE_GIMPS_ASSIGNMENT,2026-08-08T19:16:24+00:00,UNALLOCATED,,,,,
SLCMP700-0554,554,554,317279299,2^317279299-1,STRUCTURAL_SCREEN_EXHAUSTED_PRIMALITY_UNASSIGNED,GF3A_DIRECTIONAL_WRITE_EXHAUSTED_PRIMALITY_UNASSIGNED,514,512,512,NO_RECORDED_FACTOR_PRP_OR_LL_RESULT_AND_NO_ACTIVE_GIMPS_ASSIGNMENT,2026-08-08T19:16:24+00:00,UNALLOCATED,,,,,
SLCMP700-0555,555,555,317279363,2^317279363-1,STRUCTURAL_SCREEN_EXHAUSTED_PRIMALITY_UNASSIGNED,GF3A_DIRECTIONAL_WRITE_EXHAUSTED_PRIMALITY_UNASSIGNED,514,512,512,NO_RECORDED_FACTOR_PRP_OR_LL_RESULT_AND_NO_ACTIVE_GIMPS_ASSIGNMENT,2026-08-08T19:16:24+00:00,UNALLOCATED,,,,,
SLCMP700-0556,556,556,317279399,2^317279399-1,STRUCTURAL_SCREEN_EXHAUSTED_PRIMALITY_UNASSIGNED,GF3A_DIRECTIONAL_WRITE_EXHAUSTED_PRIMALITY_UNASSIGNED,514,512,512,NO_RECORDED_FACTOR_PRP_OR_LL_RESULT_AND_NO_ACTIVE_GIMPS_ASSIGNMENT,2026-08-08T19:16:24+00:00,UNALLOCATED,,,,,
SLCMP700-0557,557,557,317279437,2^317279437-1,STRUCTURAL_SCREEN_EXHAUSTED_PRIMALITY_UNASSIGNED,GF3A_DIRECTIONAL_WRITE_EXHAUSTED_PRIMALITY_UNASSIGNED,513,512,512,NO_RECORDED_FACTOR_PRP_OR_LL_RESULT_AND_NO_ACTIVE_GIMPS_ASSIGNMENT,2026-08-08T19:16:24+00:00,UNALLOCATED,,,,,
SLCMP700-0558,558,558,317279447,2^317279447-1,STRUCTURAL_SCREEN_EXHAUSTED_PRIMALITY_UNASSIGNED,GF3A_DIRECTIONAL_WRITE_EXHAUSTED_PRIMALITY_UNASSIGNED,514,512,512,NO_RECORDED_FACTOR_PRP_OR_LL_RESULT_AND_NO_ACTIVE_GIMPS_ASSIGNMENT,2026-08-08T19:16:24+00:00,UNALLOCATED,,,,,
SLCMP700-0559,559,559,317279467,2^317279467-1,STRUCTURAL_SCREEN_EXHAUSTED_PRIMALITY_UNASSIGNED,GF3A_DIRECTIONAL_WRITE_EXHAUSTED_PRIMALITY_UNASSIGNED,514,512,512,NO_RECORDED_FACTOR_PRP_OR_LL_RESULT_AND_NO_ACTIVE_GIMPS_ASSIGNMENT,2026-08-08T19:16:24+00:00,UNALLOCATED,,,,,
SLCMP700-0560,560,560,317279509,2^317279509-1,STRUCTURAL_SCREEN_EXHAUSTED_PRIMALITY_UNASSIGNED,GF3A_DIRECTIONAL_WRITE_EXHAUSTED_PRIMALITY_UNASSIGNED,513,512,512,NO_RECORDED_FACTOR_PRP_OR_LL_RESULT_AND_NO_ACTIVE_GIMPS_ASSIGNMENT,2026-08-08T19:16:24+00:00,UNALLOCATED,,,,,
SLCMP700-0561,561,561,317279581,2^317279581-1,STRUCTURAL_SCREEN_EXHAUSTED_PRIMALITY_UNASSIGNED,GF3A_DIRECTIONAL_WRITE_EXHAUSTED_PRIMALITY_UNASSIGNED,513,512,512,NO_RECORDED_FACTOR_PRP_OR_LL_RESULT_AND_NO_ACTIVE_GIMPS_ASSIGNMENT,2026-08-08T19:16:24+00:00,UNALLOCATED,,,,,
SLCMP700-0562,562,562,317279609,2^317279609-1,STRUCTURAL_SCREEN_EXHAUSTED_PRIMALITY_UNASSIGNED,GF3A_DIRECTIONAL_WRITE_EXHAUSTED_PRIMALITY_UNASSIGNED,513,512,512,NO_RECORDED_FACTOR_PRP_OR_LL_RESULT_AND_NO_ACTIVE_GIMPS_ASSIGNMENT,2026-08-08T19:16:24+00:00,UNALLOCATED,,,,,
SLCMP700-0563,563,563,317279713,2^317279713-1,STRUCTURAL_SCREEN_EXHAUSTED_PRIMALITY_UNASSIGNED,GF3A_DIRECTIONAL_WRITE_EXHAUSTED_PRIMALITY_UNASSIGNED,513,512,512,NO_RECORDED_FACTOR_PRP_OR_LL_RESULT_AND_NO_ACTIVE_GIMPS_ASSIGNMENT,2026-08-08T19:16:24+00:00,UNALLOCATED,,,,,
SLCMP700-0564,564,564,317279737,2^317279737-1,STRUCTURAL_SCREEN_EXHAUSTED_PRIMALITY_UNASSIGNED,GF3A_DIRECTIONAL_WRITE_EXHAUSTED_PRIMALITY_UNASSIGNED,513,512,512,NO_RECORDED_FACTOR_PRP_OR_LL_RESULT_AND_NO_ACTIVE_GIMPS_ASSIGNMENT,2026-08-08T19:16:24+00:00,UNALLOCATED,,,,,
SLCMP700-0565,565,565,317279747,2^317279747-1,STRUCTURAL_SCREEN_EXHAUSTED_PRIMALITY_UNASSIGNED,GF3A_DIRECTIONAL_WRITE_EXHAUSTED_PRIMALITY_UNASSIGNED,514,512,512,NO_RECORDED_FACTOR_PRP_OR_LL_RESULT_AND_NO_ACTIVE_GIMPS_ASSIGNMENT,2026-08-08T19:16:24+00:00,UNALLOCATED,,,,,
SLCMP700-0566,566,566,317279791,2^317279791-1,STRUCTURAL_SCREEN_EXHAUSTED_PRIMALITY_UNASSIGNED,GF3A_DIRECTIONAL_WRITE_EXHAUSTED_PRIMALITY_UNASSIGNED,514,512,512,NO_RECORDED_FACTOR_PRP_OR_LL_RESULT_AND_NO_ACTIVE_GIMPS_ASSIGNMENT,2026-08-08T19:16:24+00:00,UNALLOCATED,,,,,
SLCMP700-0567,567,567,317279821,2^317279821-1,STRUCTURAL_SCREEN_EXHAUSTED_PRIMALITY_UNASSIGNED,GF3A_DIRECTIONAL_WRITE_EXHAUSTED_PRIMALITY_UNASSIGNED,513,512,512,NO_RECORDED_FACTOR_PRP_OR_LL_RESULT_AND_NO_ACTIVE_GIMPS_ASSIGNMENT,2026-08-08T19:16:24+00:00,UNALLOCATED,,,,,
SLCMP700-0568,568,568,317279953,2^317279953-1,STRUCTURAL_SCREEN_EXHAUSTED_PRIMALITY_UNASSIGNED,GF3A_DIRECTIONAL_WRITE_EXHAUSTED_PRIMALITY_UNASSIGNED,513,512,512,NO_RECORDED_FACTOR_PRP_OR_LL_RESULT_AND_NO_ACTIVE_GIMPS_ASSIGNMENT,2026-08-08T19:16:24+00:00,UNALLOCATED,,,,,
SLCMP700-0569,569,569,317279983,2^317279983-1,STRUCTURAL_SCREEN_EXHAUSTED_PRIMALITY_UNASSIGNED,GF3A_DIRECTIONAL_WRITE_EXHAUSTED_PRIMALITY_UNASSIGNED,514,512,512,NO_RECORDED_FACTOR_PRP_OR_LL_RESULT_AND_NO_ACTIVE_GIMPS_ASSIGNMENT,2026-08-08T19:16:24+00:00,UNALLOCATED,,,,,
SLCMP700-0570,570,570,317280001,2^317280001-1,STRUCTURAL_SCREEN_EXHAUSTED_PRIMALITY_UNASSIGNED,GF3A_DIRECTIONAL_WRITE_EXHAUSTED_PRIMALITY_UNASSIGNED,513,512,512,NO_RECORDED_FACTOR_PRP_OR_LL_RESULT_AND_NO_ACTIVE_GIMPS_ASSIGNMENT,2026-08-08T19:16:24+00:00,UNALLOCATED,,,,,
SLCMP700-0571,571,571,317280059,2^317280059-1,STRUCTURAL_SCREEN_EXHAUSTED_PRIMALITY_UNASSIGNED,GF3A_DIRECTIONAL_WRITE_EXHAUSTED_PRIMALITY_UNASSIGNED,514,512,512,NO_RECORDED_FACTOR_PRP_OR_LL_RESULT_AND_NO_ACTIVE_GIMPS_ASSIGNMENT,2026-08-08T19:16:24+00:00,UNALLOCATED,,,,,
SLCMP700-0572,572,572,317280167,2^317280167-1,STRUCTURAL_SCREEN_EXHAUSTED_PRIMALITY_UNASSIGNED,GF3A_DIRECTIONAL_WRITE_EXHAUSTED_PRIMALITY_UNASSIGNED,514,512,512,NO_RECORDED_FACTOR_PRP_OR_LL_RESULT_AND_NO_ACTIVE_GIMPS_ASSIGNMENT,2026-08-08T19:16:24+00:00,UNALLOCATED,,,,,
SLCMP700-0573,573,573,317280179,2^317280179-1,STRUCTURAL_SCREEN_EXHAUSTED_PRIMALITY_UNASSIGNED,GF3A_DIRECTIONAL_WRITE_EXHAUSTED_PRIMALITY_UNASSIGNED,514,512,512,NO_RECORDED_FACTOR_PRP_OR_LL_RESULT_AND_NO_ACTIVE_GIMPS_ASSIGNMENT,2026-08-08T19:16:24+00:00,UNALLOCATED,,,,,
SLCMP700-0574,574,574,317280233,2^317280233-1,STRUCTURAL_SCREEN_EXHAUSTED_PRIMALITY_UNASSIGNED,GF3A_DIRECTIONAL_WRITE_EXHAUSTED_PRIMALITY_UNASSIGNED,513,512,512,NO_RECORDED_FACTOR_PRP_OR_LL_RESULT_AND_NO_ACTIVE_GIMPS_ASSIGNMENT,2026-08-08T19:16:24+00:00,UNALLOCATED,,,,,
SLCMP700-0575,575,575,317280241,2^317280241-1,STRUCTURAL_SCREEN_EXHAUSTED_PRIMALITY_UNASSIGNED,GF3A_DIRECTIONAL_WRITE_EXHAUSTED_PRIMALITY_UNASSIGNED,513,512,512,NO_RECORDED_FACTOR_PRP_OR_LL_RESULT_AND_NO_ACTIVE_GIMPS_ASSIGNMENT,2026-08-08T19:16:24+00:00,UNALLOCATED,,,,,
SLCMP700-0576,576,576,317280277,2^317280277-1,STRUCTURAL_SCREEN_EXHAUSTED_PRIMALITY_UNASSIGNED,GF3A_DIRECTIONAL_WRITE_EXHAUSTED_PRIMALITY_UNASSIGNED,513,512,512,NO_RECORDED_FACTOR_PRP_OR_LL_RESULT_AND_NO_ACTIVE_GIMPS_ASSIGNMENT,2026-08-08T19:16:24+00:00,UNALLOCATED,,,,,
SLCMP700-0577,577,577,317280533,2^317280533-1,STRUCTURAL_SCREEN_EXHAUSTED_PRIMALITY_UNASSIGNED,GF3A_DIRECTIONAL_WRITE_EXHAUSTED_PRIMALITY_UNASSIGNED,513,512,512,NO_RECORDED_FACTOR_PRP_OR_LL_RESULT_AND_NO_ACTIVE_GIMPS_ASSIGNMENT,2026-08-08T19:16:24+00:00,UNALLOCATED,,,,,
SLCMP700-0578,578,578,317280643,2^317280643-1,STRUCTURAL_SCREEN_EXHAUSTED_PRIMALITY_UNASSIGNED,GF3A_DIRECTIONAL_WRITE_EXHAUSTED_PRIMALITY_UNASSIGNED,514,512,512,NO_RECORDED_FACTOR_PRP_OR_LL_RESULT_AND_NO_ACTIVE_GIMPS_ASSIGNMENT,2026-08-08T19:16:24+00:00,UNALLOCATED,,,,,
SLCMP700-0579,579,579,317280709,2^317280709-1,STRUCTURAL_SCREEN_EXHAUSTED_PRIMALITY_UNASSIGNED,GF3A_DIRECTIONAL_WRITE_EXHAUSTED_PRIMALITY_UNASSIGNED,513,512,512,NO_RECORDED_FACTOR_PRP_OR_LL_RESULT_AND_NO_ACTIVE_GIMPS_ASSIGNMENT,2026-08-08T19:16:24+00:00,UNALLOCATED,,,,,
SLCMP700-0580,580,580,317280713,2^317280713-1,STRUCTURAL_SCREEN_EXHAUSTED_PRIMALITY_UNASSIGNED,GF3A_DIRECTIONAL_WRITE_EXHAUSTED_PRIMALITY_UNASSIGNED,513,512,512,NO_RECORDED_FACTOR_PRP_OR_LL_RESULT_AND_NO_ACTIVE_GIMPS_ASSIGNMENT,2026-08-08T19:16:24+00:00,UNALLOCATED,,,,,
SLCMP700-0581,581,581,317280767,2^317280767-1,STRUCTURAL_SCREEN_EXHAUSTED_PRIMALITY_UNASSIGNED,GF3A_DIRECTIONAL_WRITE_EXHAUSTED_PRIMALITY_UNASSIGNED,514,512,512,NO_RECORDED_FACTOR_PRP_OR_LL_RESULT_AND_NO_ACTIVE_GIMPS_ASSIGNMENT,2026-08-08T19:16:24+00:00,UNALLOCATED,,,,,
SLCMP700-0582,582,582,317280853,2^317280853-1,STRUCTURAL_SCREEN_EXHAUSTED_PRIMALITY_UNASSIGNED,GF3A_DIRECTIONAL_WRITE_EXHAUSTED_PRIMALITY_UNASSIGNED,513,512,512,NO_RECORDED_FACTOR_PRP_OR_LL_RESULT_AND_NO_ACTIVE_GIMPS_ASSIGNMENT,2026-08-08T19:16:24+00:00,UNALLOCATED,,,,,
SLCMP700-0583,583,583,317280871,2^317280871-1,STRUCTURAL_SCREEN_EXHAUSTED_PRIMALITY_UNASSIGNED,GF3A_DIRECTIONAL_WRITE_EXHAUSTED_PRIMALITY_UNASSIGNED,514,512,512,NO_RECORDED_FACTOR_PRP_OR_LL_RESULT_AND_NO_ACTIVE_GIMPS_ASSIGNMENT,2026-08-08T19:16:24+00:00,UNALLOCATED,,,,,
SLCMP700-0584,584,584,317281091,2^317281091-1,STRUCTURAL_SCREEN_EXHAUSTED_PRIMALITY_UNASSIGNED,GF3A_DIRECTIONAL_WRITE_EXHAUSTED_PRIMALITY_UNASSIGNED,514,512,512,NO_RECORDED_FACTOR_PRP_OR_LL_RESULT_AND_NO_ACTIVE_GIMPS_ASSIGNMENT,2026-08-08T19:16:24+00:00,UNALLOCATED,,,,,
SLCMP700-0585,585,585,317281121,2^317281121-1,STRUCTURAL_SCREEN_EXHAUSTED_PRIMALITY_UNASSIGNED,GF3A_DIRECTIONAL_WRITE_EXHAUSTED_PRIMALITY_UNASSIGNED,513,512,512,NO_RECORDED_FACTOR_PRP_OR_LL_RESULT_AND_NO_ACTIVE_GIMPS_ASSIGNMENT,2026-08-08T19:16:24+00:00,UNALLOCATED,,,,,
SLCMP700-0586,586,586,317281157,2^317281157-1,STRUCTURAL_SCREEN_EXHAUSTED_PRIMALITY_UNASSIGNED,GF3A_DIRECTIONAL_WRITE_EXHAUSTED_PRIMALITY_UNASSIGNED,513,512,512,NO_RECORDED_FACTOR_PRP_OR_LL_RESULT_AND_NO_ACTIVE_GIMPS_ASSIGNMENT,2026-08-08T19:16:24+00:00,UNALLOCATED,,,,,
SLCMP700-0587,587,587,317281229,2^317281229-1,STRUCTURAL_SCREEN_EXHAUSTED_PRIMALITY_UNASSIGNED,GF3A_DIRECTIONAL_WRITE_EXHAUSTED_PRIMALITY_UNASSIGNED,513,512,512,NO_RECORDED_FACTOR_PRP_OR_LL_RESULT_AND_NO_ACTIVE_GIMPS_ASSIGNMENT,2026-08-08T19:16:24+00:00,UNALLOCATED,,,,,
SLCMP700-0588,588,588,317281231,2^317281231-1,STRUCTURAL_SCREEN_EXHAUSTED_PRIMALITY_UNASSIGNED,GF3A_DIRECTIONAL_WRITE_EXHAUSTED_PRIMALITY_UNASSIGNED,514,512,512,NO_RECORDED_FACTOR_PRP_OR_LL_RESULT_AND_NO_ACTIVE_GIMPS_ASSIGNMENT,2026-08-08T19:16:24+00:00,UNALLOCATED,,,,,
SLCMP700-0589,589,589,317281241,2^317281241-1,STRUCTURAL_SCREEN_EXHAUSTED_PRIMALITY_UNASSIGNED,GF3A_DIRECTIONAL_WRITE_EXHAUSTED_PRIMALITY_UNASSIGNED,513,512,512,NO_RECORDED_FACTOR_PRP_OR_LL_RESULT_AND_NO_ACTIVE_GIMPS_ASSIGNMENT,2026-08-08T19:16:24+00:00,UNALLOCATED,,,,,
SLCMP700-0590,590,590,317281379,2^317281379-1,STRUCTURAL_SCREEN_EXHAUSTED_PRIMALITY_UNASSIGNED,GF3A_DIRECTIONAL_WRITE_EXHAUSTED_PRIMALITY_UNASSIGNED,514,512,512,NO_RECORDED_FACTOR_PRP_OR_LL_RESULT_AND_NO_ACTIVE_GIMPS_ASSIGNMENT,2026-08-08T19:16:24+00:00,UNALLOCATED,,,,,
SLCMP700-0591,591,591,317281397,2^317281397-1,STRUCTURAL_SCREEN_EXHAUSTED_PRIMALITY_UNASSIGNED,GF3A_DIRECTIONAL_WRITE_EXHAUSTED_PRIMALITY_UNASSIGNED,513,512,512,NO_RECORDED_FACTOR_PRP_OR_LL_RESULT_AND_NO_ACTIVE_GIMPS_ASSIGNMENT,2026-08-08T19:16:24+00:00,UNALLOCATED,,,,,
SLCMP700-0592,592,592,317281417,2^317281417-1,STRUCTURAL_SCREEN_EXHAUSTED_PRIMALITY_UNASSIGNED,GF3A_DIRECTIONAL_WRITE_EXHAUSTED_PRIMALITY_UNASSIGNED,513,512,512,NO_RECORDED_FACTOR_PRP_OR_LL_RESULT_AND_NO_ACTIVE_GIMPS_ASSIGNMENT,2026-08-08T19:16:24+00:00,UNALLOCATED,,,,,
SLCMP700-0593,593,593,317281427,2^317281427-1,STRUCTURAL_SCREEN_EXHAUSTED_PRIMALITY_UNASSIGNED,GF3A_DIRECTIONAL_WRITE_EXHAUSTED_PRIMALITY_UNASSIGNED,514,512,512,NO_RECORDED_FACTOR_PRP_OR_LL_RESULT_AND_NO_ACTIVE_GIMPS_ASSIGNMENT,2026-08-08T19:16:24+00:00,UNALLOCATED,,,,,
SLCMP700-0594,594,594,317281441,2^317281441-1,STRUCTURAL_SCREEN_EXHAUSTED_PRIMALITY_UNASSIGNED,GF3A_DIRECTIONAL_WRITE_EXHAUSTED_PRIMALITY_UNASSIGNED,513,512,512,NO_RECORDED_FACTOR_PRP_OR_LL_RESULT_AND_NO_ACTIVE_GIMPS_ASSIGNMENT,2026-08-08T19:16:24+00:00,UNALLOCATED,,,,,
SLCMP700-0595,595,595,317281453,2^317281453-1,STRUCTURAL_SCREEN_EXHAUSTED_PRIMALITY_UNASSIGNED,GF3A_DIRECTIONAL_WRITE_EXHAUSTED_PRIMALITY_UNASSIGNED,513,512,512,NO_RECORDED_FACTOR_PRP_OR_LL_RESULT_AND_NO_ACTIVE_GIMPS_ASSIGNMENT,2026-08-08T19:16:24+00:00,UNALLOCATED,,,,,
SLCMP700-0596,596,596,317281553,2^317281553-1,STRUCTURAL_SCREEN_EXHAUSTED_PRIMALITY_UNASSIGNED,GF3A_DIRECTIONAL_WRITE_EXHAUSTED_PRIMALITY_UNASSIGNED,513,512,512,NO_RECORDED_FACTOR_PRP_OR_LL_RESULT_AND_NO_ACTIVE_GIMPS_ASSIGNMENT,2026-08-08T19:16:24+00:00,UNALLOCATED,,,,,
SLCMP700-0597,597,597,317281571,2^317281571-1,STRUCTURAL_SCREEN_EXHAUSTED_PRIMALITY_UNASSIGNED,GF3A_DIRECTIONAL_WRITE_EXHAUSTED_PRIMALITY_UNASSIGNED,514,512,512,NO_RECORDED_FACTOR_PRP_OR_LL_RESULT_AND_NO_ACTIVE_GIMPS_ASSIGNMENT,2026-08-08T19:16:24+00:00,UNALLOCATED,,,,,
SLCMP700-0598,598,598,317281673,2^317281673-1,STRUCTURAL_SCREEN_EXHAUSTED_PRIMALITY_UNASSIGNED,GF3A_DIRECTIONAL_WRITE_EXHAUSTED_PRIMALITY_UNASSIGNED,513,512,512,NO_RECORDED_FACTOR_PRP_OR_LL_RESULT_AND_NO_ACTIVE_GIMPS_ASSIGNMENT,2026-08-08T19:16:24+00:00,UNALLOCATED,,,,,
SLCMP700-0599,599,599,317281753,2^317281753-1,STRUCTURAL_SCREEN_EXHAUSTED_PRIMALITY_UNASSIGNED,GF3A_DIRECTIONAL_WRITE_EXHAUSTED_PRIMALITY_UNASSIGNED,513,512,512,NO_RECORDED_FACTOR_PRP_OR_LL_RESULT_AND_NO_ACTIVE_GIMPS_ASSIGNMENT,2026-08-08T19:16:24+00:00,UNALLOCATED,,,,,
SLCMP700-0600,600,600,317281787,2^317281787-1,STRUCTURAL_SCREEN_EXHAUSTED_PRIMALITY_UNASSIGNED,GF3A_DIRECTIONAL_WRITE_EXHAUSTED_PRIMALITY_UNASSIGNED,514,512,512,NO_RECORDED_FACTOR_PRP_OR_LL_RESULT_AND_NO_ACTIVE_GIMPS_ASSIGNMENT,2026-08-08T19:16:24+00:00,UNALLOCATED,,,,,
SLCMP700-0601,601,601,317281831,2^317281831-1,STRUCTURAL_SCREEN_EXHAUSTED_PRIMALITY_UNASSIGNED,GF3A_DIRECTIONAL_WRITE_EXHAUSTED_PRIMALITY_UNASSIGNED,514,512,512,NO_RECORDED_FACTOR_PRP_OR_LL_RESULT_AND_NO_ACTIVE_GIMPS_ASSIGNMENT,2026-08-08T19:16:24+00:00,UNALLOCATED,,,,,
SLCMP700-0602,602,602,317282087,2^317282087-1,STRUCTURAL_SCREEN_EXHAUSTED_PRIMALITY_UNASSIGNED,GF3A_DIRECTIONAL_WRITE_EXHAUSTED_PRIMALITY_UNASSIGNED,514,512,512,NO_RECORDED_FACTOR_PRP_OR_LL_RESULT_AND_NO_ACTIVE_GIMPS_ASSIGNMENT,2026-08-08T19:16:24+00:00,UNALLOCATED,,,,,
SLCMP700-0603,603,603,317282111,2^317282111-1,STRUCTURAL_SCREEN_EXHAUSTED_PRIMALITY_UNASSIGNED,GF3A_DIRECTIONAL_WRITE_EXHAUSTED_PRIMALITY_UNASSIGNED,514,512,512,NO_RECORDED_FACTOR_PRP_OR_LL_RESULT_AND_NO_ACTIVE_GIMPS_ASSIGNMENT,2026-08-08T19:16:24+00:00,UNALLOCATED,,,,,
SLCMP700-0604,604,604,317282129,2^317282129-1,STRUCTURAL_SCREEN_EXHAUSTED_PRIMALITY_UNASSIGNED,GF3A_DIRECTIONAL_WRITE_EXHAUSTED_PRIMALITY_UNASSIGNED,513,512,512,NO_RECORDED_FACTOR_PRP_OR_LL_RESULT_AND_NO_ACTIVE_GIMPS_ASSIGNMENT,2026-08-08T19:16:24+00:00,UNALLOCATED,,,,,
SLCMP700-0605,605,605,317282267,2^317282267-1,STRUCTURAL_SCREEN_EXHAUSTED_PRIMALITY_UNASSIGNED,GF3A_DIRECTIONAL_WRITE_EXHAUSTED_PRIMALITY_UNASSIGNED,514,512,512,NO_RECORDED_FACTOR_PRP_OR_LL_RESULT_AND_NO_ACTIVE_GIMPS_ASSIGNMENT,2026-08-08T19:16:24+00:00,UNALLOCATED,,,,,
SLCMP700-0606,606,606,317282279,2^317282279-1,STRUCTURAL_SCREEN_EXHAUSTED_PRIMALITY_UNASSIGNED,GF3A_DIRECTIONAL_WRITE_EXHAUSTED_PRIMALITY_UNASSIGNED,514,512,512,NO_RECORDED_FACTOR_PRP_OR_LL_RESULT_AND_NO_ACTIVE_GIMPS_ASSIGNMENT,2026-08-08T19:16:24+00:00,UNALLOCATED,,,,,
SLCMP700-0607,607,607,317282297,2^317282297-1,STRUCTURAL_SCREEN_EXHAUSTED_PRIMALITY_UNASSIGNED,GF3A_DIRECTIONAL_WRITE_EXHAUSTED_PRIMALITY_UNASSIGNED,513,512,512,NO_RECORDED_FACTOR_PRP_OR_LL_RESULT_AND_NO_ACTIVE_GIMPS_ASSIGNMENT,2026-08-08T19:16:24+00:00,UNALLOCATED,,,,,
SLCMP700-0608,608,608,317282389,2^317282389-1,STRUCTURAL_SCREEN_EXHAUSTED_PRIMALITY_UNASSIGNED,GF3A_DIRECTIONAL_WRITE_EXHAUSTED_PRIMALITY_UNASSIGNED,513,512,512,NO_RECORDED_FACTOR_PRP_OR_LL_RESULT_AND_NO_ACTIVE_GIMPS_ASSIGNMENT,2026-08-08T19:16:24+00:00,UNALLOCATED,,,,,
SLCMP700-0609,609,609,317282557,2^317282557-1,STRUCTURAL_SCREEN_EXHAUSTED_PRIMALITY_UNASSIGNED,GF3A_DIRECTIONAL_WRITE_EXHAUSTED_PRIMALITY_UNASSIGNED,513,512,512,NO_RECORDED_FACTOR_PRP_OR_LL_RESULT_AND_NO_ACTIVE_GIMPS_ASSIGNMENT,2026-08-08T19:16:24+00:00,UNALLOCATED,,,,,
SLCMP700-0610,610,610,317282569,2^317282569-1,STRUCTURAL_SCREEN_EXHAUSTED_PRIMALITY_UNASSIGNED,GF3A_DIRECTIONAL_WRITE_EXHAUSTED_PRIMALITY_UNASSIGNED,513,512,512,NO_RECORDED_FACTOR_PRP_OR_LL_RESULT_AND_NO_ACTIVE_GIMPS_ASSIGNMENT,2026-08-08T19:16:24+00:00,UNALLOCATED,,,,,
SLCMP700-0611,611,611,317282579,2^317282579-1,STRUCTURAL_SCREEN_EXHAUSTED_PRIMALITY_UNASSIGNED,GF3A_DIRECTIONAL_WRITE_EXHAUSTED_PRIMALITY_UNASSIGNED,514,512,512,NO_RECORDED_FACTOR_PRP_OR_LL_RESULT_AND_NO_ACTIVE_GIMPS_ASSIGNMENT,2026-08-08T19:16:24+00:00,UNALLOCATED,,,,,
SLCMP700-0612,612,612,317282593,2^317282593-1,STRUCTURAL_SCREEN_EXHAUSTED_PRIMALITY_UNASSIGNED,GF3A_DIRECTIONAL_WRITE_EXHAUSTED_PRIMALITY_UNASSIGNED,513,512,512,NO_RECORDED_FACTOR_PRP_OR_LL_RESULT_AND_NO_ACTIVE_GIMPS_ASSIGNMENT,2026-08-08T19:16:24+00:00,UNALLOCATED,,,,,
SLCMP700-0613,613,613,317282617,2^317282617-1,STRUCTURAL_SCREEN_EXHAUSTED_PRIMALITY_UNASSIGNED,GF3A_DIRECTIONAL_WRITE_EXHAUSTED_PRIMALITY_UNASSIGNED,513,512,512,NO_RECORDED_FACTOR_PRP_OR_LL_RESULT_AND_NO_ACTIVE_GIMPS_ASSIGNMENT,2026-08-08T19:16:24+00:00,UNALLOCATED,,,,,
SLCMP700-0614,614,614,317282621,2^317282621-1,STRUCTURAL_SCREEN_EXHAUSTED_PRIMALITY_UNASSIGNED,GF3A_DIRECTIONAL_WRITE_EXHAUSTED_PRIMALITY_UNASSIGNED,513,512,512,NO_RECORDED_FACTOR_PRP_OR_LL_RESULT_AND_NO_ACTIVE_GIMPS_ASSIGNMENT,2026-08-08T19:16:24+00:00,UNALLOCATED,,,,,
SLCMP700-0615,615,615,317282671,2^317282671-1,STRUCTURAL_SCREEN_EXHAUSTED_PRIMALITY_UNASSIGNED,GF3A_DIRECTIONAL_WRITE_EXHAUSTED_PRIMALITY_UNASSIGNED,514,512,512,NO_RECORDED_FACTOR_PRP_OR_LL_RESULT_AND_NO_ACTIVE_GIMPS_ASSIGNMENT,2026-08-08T19:16:24+00:00,UNALLOCATED,,,,,
SLCMP700-0616,616,616,317282873,2^317282873-1,STRUCTURAL_SCREEN_EXHAUSTED_PRIMALITY_UNASSIGNED,GF3A_DIRECTIONAL_WRITE_EXHAUSTED_PRIMALITY_UNASSIGNED,513,512,512,NO_RECORDED_FACTOR_PRP_OR_LL_RESULT_AND_NO_ACTIVE_GIMPS_ASSIGNMENT,2026-08-08T19:16:24+00:00,UNALLOCATED,,,,,
SLCMP700-0617,617,617,317282879,2^317282879-1,STRUCTURAL_SCREEN_EXHAUSTED_PRIMALITY_UNASSIGNED,GF3A_DIRECTIONAL_WRITE_EXHAUSTED_PRIMALITY_UNASSIGNED,514,512,512,NO_RECORDED_FACTOR_PRP_OR_LL_RESULT_AND_NO_ACTIVE_GIMPS_ASSIGNMENT,2026-08-08T19:16:24+00:00,UNALLOCATED,,,,,
SLCMP700-0618,618,618,317282941,2^317282941-1,STRUCTURAL_SCREEN_EXHAUSTED_PRIMALITY_UNASSIGNED,GF3A_DIRECTIONAL_WRITE_EXHAUSTED_PRIMALITY_UNASSIGNED,513,512,512,NO_RECORDED_FACTOR_PRP_OR_LL_RESULT_AND_NO_ACTIVE_GIMPS_ASSIGNMENT,2026-08-08T19:16:24+00:00,UNALLOCATED,,,,,
SLCMP700-0619,619,619,317282983,2^317282983-1,STRUCTURAL_SCREEN_EXHAUSTED_PRIMALITY_UNASSIGNED,GF3A_DIRECTIONAL_WRITE_EXHAUSTED_PRIMALITY_UNASSIGNED,514,512,512,NO_RECORDED_FACTOR_PRP_OR_LL_RESULT_AND_NO_ACTIVE_GIMPS_ASSIGNMENT,2026-08-08T19:16:24+00:00,UNALLOCATED,,,,,
SLCMP700-0620,620,620,317282993,2^317282993-1,STRUCTURAL_SCREEN_EXHAUSTED_PRIMALITY_UNASSIGNED,GF3A_DIRECTIONAL_WRITE_EXHAUSTED_PRIMALITY_UNASSIGNED,513,512,512,NO_RECORDED_FACTOR_PRP_OR_LL_RESULT_AND_NO_ACTIVE_GIMPS_ASSIGNMENT,2026-08-08T19:16:24+00:00,UNALLOCATED,,,,,
SLCMP700-0621,621,621,317283017,2^317283017-1,STRUCTURAL_SCREEN_EXHAUSTED_PRIMALITY_UNASSIGNED,GF3A_DIRECTIONAL_WRITE_EXHAUSTED_PRIMALITY_UNASSIGNED,513,512,512,NO_RECORDED_FACTOR_PRP_OR_LL_RESULT_AND_NO_ACTIVE_GIMPS_ASSIGNMENT,2026-08-08T19:16:24+00:00,UNALLOCATED,,,,,
SLCMP700-0622,622,622,317283097,2^317283097-1,STRUCTURAL_SCREEN_EXHAUSTED_PRIMALITY_UNASSIGNED,GF3A_DIRECTIONAL_WRITE_EXHAUSTED_PRIMALITY_UNASSIGNED,513,512,512,NO_RECORDED_FACTOR_PRP_OR_LL_RESULT_AND_NO_ACTIVE_GIMPS_ASSIGNMENT,2026-08-08T19:16:24+00:00,UNALLOCATED,,,,,
SLCMP700-0623,623,623,317283173,2^317283173-1,STRUCTURAL_SCREEN_EXHAUSTED_PRIMALITY_UNASSIGNED,GF3A_DIRECTIONAL_WRITE_EXHAUSTED_PRIMALITY_UNASSIGNED,513,512,512,NO_RECORDED_FACTOR_PRP_OR_LL_RESULT_AND_NO_ACTIVE_GIMPS_ASSIGNMENT,2026-08-08T19:16:24+00:00,UNALLOCATED,,,,,
SLCMP700-0624,624,624,317283221,2^317283221-1,STRUCTURAL_SCREEN_EXHAUSTED_PRIMALITY_UNASSIGNED,GF3A_DIRECTIONAL_WRITE_EXHAUSTED_PRIMALITY_UNASSIGNED,513,512,512,NO_RECORDED_FACTOR_PRP_OR_LL_RESULT_AND_NO_ACTIVE_GIMPS_ASSIGNMENT,2026-08-08T19:16:24+00:00,UNALLOCATED,,,,,
SLCMP700-0625,625,625,317283247,2^317283247-1,STRUCTURAL_SCREEN_EXHAUSTED_PRIMALITY_UNASSIGNED,GF3A_DIRECTIONAL_WRITE_EXHAUSTED_PRIMALITY_UNASSIGNED,514,512,512,NO_RECORDED_FACTOR_PRP_OR_LL_RESULT_AND_NO_ACTIVE_GIMPS_ASSIGNMENT,2026-08-08T19:16:24+00:00,UNALLOCATED,,,,,
SLCMP700-0626,626,626,317283293,2^317283293-1,STRUCTURAL_SCREEN_EXHAUSTED_PRIMALITY_UNASSIGNED,GF3A_DIRECTIONAL_WRITE_EXHAUSTED_PRIMALITY_UNASSIGNED,513,512,512,NO_RECORDED_FACTOR_PRP_OR_LL_RESULT_AND_NO_ACTIVE_GIMPS_ASSIGNMENT,2026-08-08T19:16:24+00:00,UNALLOCATED,,,,,
SLCMP700-0627,627,627,317283361,2^317283361-1,STRUCTURAL_SCREEN_EXHAUSTED_PRIMALITY_UNASSIGNED,GF3A_DIRECTIONAL_WRITE_EXHAUSTED_PRIMALITY_UNASSIGNED,513,512,512,NO_RECORDED_FACTOR_PRP_OR_LL_RESULT_AND_NO_ACTIVE_GIMPS_ASSIGNMENT,2026-08-08T19:16:24+00:00,UNALLOCATED,,,,,
SLCMP700-0628,628,628,317283389,2^317283389-1,STRUCTURAL_SCREEN_EXHAUSTED_PRIMALITY_UNASSIGNED,GF3A_DIRECTIONAL_WRITE_EXHAUSTED_PRIMALITY_UNASSIGNED,513,512,512,NO_RECORDED_FACTOR_PRP_OR_LL_RESULT_AND_NO_ACTIVE_GIMPS_ASSIGNMENT,2026-08-08T19:16:24+00:00,UNALLOCATED,,,,,
SLCMP700-0629,629,629,317283539,2^317283539-1,STRUCTURAL_SCREEN_EXHAUSTED_PRIMALITY_UNASSIGNED,GF3A_DIRECTIONAL_WRITE_EXHAUSTED_PRIMALITY_UNASSIGNED,514,512,512,NO_RECORDED_FACTOR_PRP_OR_LL_RESULT_AND_NO_ACTIVE_GIMPS_ASSIGNMENT,2026-08-08T19:16:24+00:00,UNALLOCATED,,,,,
SLCMP700-0630,630,630,317283649,2^317283649-1,STRUCTURAL_SCREEN_EXHAUSTED_PRIMALITY_UNASSIGNED,GF3A_DIRECTIONAL_WRITE_EXHAUSTED_PRIMALITY_UNASSIGNED,513,512,512,NO_RECORDED_FACTOR_PRP_OR_LL_RESULT_AND_NO_ACTIVE_GIMPS_ASSIGNMENT,2026-08-08T19:16:24+00:00,UNALLOCATED,,,,,
SLCMP700-0631,631,631,317283683,2^317283683-1,STRUCTURAL_SCREEN_EXHAUSTED_PRIMALITY_UNASSIGNED,GF3A_DIRECTIONAL_WRITE_EXHAUSTED_PRIMALITY_UNASSIGNED,514,512,512,NO_RECORDED_FACTOR_PRP_OR_LL_RESULT_AND_NO_ACTIVE_GIMPS_ASSIGNMENT,2026-08-08T19:16:24+00:00,UNALLOCATED,,,,,
SLCMP700-0632,632,632,317283697,2^317283697-1,STRUCTURAL_SCREEN_EXHAUSTED_PRIMALITY_UNASSIGNED,GF3A_DIRECTIONAL_WRITE_EXHAUSTED_PRIMALITY_UNASSIGNED,513,512,512,NO_RECORDED_FACTOR_PRP_OR_LL_RESULT_AND_NO_ACTIVE_GIMPS_ASSIGNMENT,2026-08-08T19:16:24+00:00,UNALLOCATED,,,,,
SLCMP700-0633,633,633,317283727,2^317283727-1,STRUCTURAL_SCREEN_EXHAUSTED_PRIMALITY_UNASSIGNED,GF3A_DIRECTIONAL_WRITE_EXHAUSTED_PRIMALITY_UNASSIGNED,514,512,512,NO_RECORDED_FACTOR_PRP_OR_LL_RESULT_AND_NO_ACTIVE_GIMPS_ASSIGNMENT,2026-08-08T19:16:24+00:00,UNALLOCATED,,,,,
SLCMP700-0634,634,634,317283739,2^317283739-1,STRUCTURAL_SCREEN_EXHAUSTED_PRIMALITY_UNASSIGNED,GF3A_DIRECTIONAL_WRITE_EXHAUSTED_PRIMALITY_UNASSIGNED,514,512,512,NO_RECORDED_FACTOR_PRP_OR_LL_RESULT_AND_NO_ACTIVE_GIMPS_ASSIGNMENT,2026-08-08T19:16:24+00:00,UNALLOCATED,,,,,
SLCMP700-0635,635,635,317283761,2^317283761-1,STRUCTURAL_SCREEN_EXHAUSTED_PRIMALITY_UNASSIGNED,GF3A_DIRECTIONAL_WRITE_EXHAUSTED_PRIMALITY_UNASSIGNED,513,512,512,NO_RECORDED_FACTOR_PRP_OR_LL_RESULT_AND_NO_ACTIVE_GIMPS_ASSIGNMENT,2026-08-08T19:16:24+00:00,UNALLOCATED,,,,,
SLCMP700-0636,636,636,317283787,2^317283787-1,STRUCTURAL_SCREEN_EXHAUSTED_PRIMALITY_UNASSIGNED,GF3A_DIRECTIONAL_WRITE_EXHAUSTED_PRIMALITY_UNASSIGNED,514,512,512,NO_RECORDED_FACTOR_PRP_OR_LL_RESULT_AND_NO_ACTIVE_GIMPS_ASSIGNMENT,2026-08-08T19:16:24+00:00,UNALLOCATED,,,,,
SLCMP700-0637,637,637,317283899,2^317283899-1,STRUCTURAL_SCREEN_EXHAUSTED_PRIMALITY_UNASSIGNED,GF3A_DIRECTIONAL_WRITE_EXHAUSTED_PRIMALITY_UNASSIGNED,514,512,512,NO_RECORDED_FACTOR_PRP_OR_LL_RESULT_AND_NO_ACTIVE_GIMPS_ASSIGNMENT,2026-08-08T19:16:24+00:00,UNALLOCATED,,,,,
SLCMP700-0638,638,638,317283929,2^317283929-1,STRUCTURAL_SCREEN_EXHAUSTED_PRIMALITY_UNASSIGNED,GF3A_DIRECTIONAL_WRITE_EXHAUSTED_PRIMALITY_UNASSIGNED,513,512,512,NO_RECORDED_FACTOR_PRP_OR_LL_RESULT_AND_NO_ACTIVE_GIMPS_ASSIGNMENT,2026-08-08T19:16:24+00:00,UNALLOCATED,,,,,
SLCMP700-0639,639,639,317283931,2^317283931-1,STRUCTURAL_SCREEN_EXHAUSTED_PRIMALITY_UNASSIGNED,GF3A_DIRECTIONAL_WRITE_EXHAUSTED_PRIMALITY_UNASSIGNED,514,512,512,NO_RECORDED_FACTOR_PRP_OR_LL_RESULT_AND_NO_ACTIVE_GIMPS_ASSIGNMENT,2026-08-08T19:16:24+00:00,UNALLOCATED,,,,,
SLCMP700-0640,640,640,317283947,2^317283947-1,STRUCTURAL_SCREEN_EXHAUSTED_PRIMALITY_UNASSIGNED,GF3A_DIRECTIONAL_WRITE_EXHAUSTED_PRIMALITY_UNASSIGNED,514,512,512,NO_RECORDED_FACTOR_PRP_OR_LL_RESULT_AND_NO_ACTIVE_GIMPS_ASSIGNMENT,2026-08-08T19:16:24+00:00,UNALLOCATED,,,,,
SLCMP700-0641,641,641,317283949,2^317283949-1,STRUCTURAL_SCREEN_EXHAUSTED_PRIMALITY_UNASSIGNED,GF3A_DIRECTIONAL_WRITE_EXHAUSTED_PRIMALITY_UNASSIGNED,513,512,512,NO_RECORDED_FACTOR_PRP_OR_LL_RESULT_AND_NO_ACTIVE_GIMPS_ASSIGNMENT,2026-08-08T19:16:24+00:00,UNALLOCATED,,,,,
SLCMP700-0642,642,642,317284007,2^317284007-1,STRUCTURAL_SCREEN_EXHAUSTED_PRIMALITY_UNASSIGNED,GF3A_DIRECTIONAL_WRITE_EXHAUSTED_PRIMALITY_UNASSIGNED,514,512,512,NO_RECORDED_FACTOR_PRP_OR_LL_RESULT_AND_NO_ACTIVE_GIMPS_ASSIGNMENT,2026-08-08T19:16:24+00:00,UNALLOCATED,,,,,
SLCMP700-0643,643,643,317284013,2^317284013-1,STRUCTURAL_SCREEN_EXHAUSTED_PRIMALITY_UNASSIGNED,GF3A_DIRECTIONAL_WRITE_EXHAUSTED_PRIMALITY_UNASSIGNED,513,512,512,NO_RECORDED_FACTOR_PRP_OR_LL_RESULT_AND_NO_ACTIVE_GIMPS_ASSIGNMENT,2026-08-08T19:16:24+00:00,UNALLOCATED,,,,,
SLCMP700-0644,644,644,317284153,2^317284153-1,STRUCTURAL_SCREEN_EXHAUSTED_PRIMALITY_UNASSIGNED,GF3A_DIRECTIONAL_WRITE_EXHAUSTED_PRIMALITY_UNASSIGNED,513,512,512,NO_RECORDED_FACTOR_PRP_OR_LL_RESULT_AND_NO_ACTIVE_GIMPS_ASSIGNMENT,2026-08-08T19:16:24+00:00,UNALLOCATED,,,,,
SLCMP700-0645,645,645,317284171,2^317284171-1,STRUCTURAL_SCREEN_EXHAUSTED_PRIMALITY_UNASSIGNED,GF3A_DIRECTIONAL_WRITE_EXHAUSTED_PRIMALITY_UNASSIGNED,514,512,512,NO_RECORDED_FACTOR_PRP_OR_LL_RESULT_AND_NO_ACTIVE_GIMPS_ASSIGNMENT,2026-08-08T19:16:24+00:00,UNALLOCATED,,,,,
SLCMP700-0646,646,646,317284267,2^317284267-1,STRUCTURAL_SCREEN_EXHAUSTED_PRIMALITY_UNASSIGNED,GF3A_DIRECTIONAL_WRITE_EXHAUSTED_PRIMALITY_UNASSIGNED,514,512,512,NO_RECORDED_FACTOR_PRP_OR_LL_RESULT_AND_NO_ACTIVE_GIMPS_ASSIGNMENT,2026-08-08T19:16:24+00:00,UNALLOCATED,,,,,
SLCMP700-0647,647,647,317284291,2^317284291-1,STRUCTURAL_SCREEN_EXHAUSTED_PRIMALITY_UNASSIGNED,GF3A_DIRECTIONAL_WRITE_EXHAUSTED_PRIMALITY_UNASSIGNED,514,512,512,NO_RECORDED_FACTOR_PRP_OR_LL_RESULT_AND_NO_ACTIVE_GIMPS_ASSIGNMENT,2026-08-08T19:16:24+00:00,UNALLOCATED,,,,,
SLCMP700-0648,648,648,317284301,2^317284301-1,STRUCTURAL_SCREEN_EXHAUSTED_PRIMALITY_UNASSIGNED,GF3A_DIRECTIONAL_WRITE_EXHAUSTED_PRIMALITY_UNASSIGNED,513,512,512,NO_RECORDED_FACTOR_PRP_OR_LL_RESULT_AND_NO_ACTIVE_GIMPS_ASSIGNMENT,2026-08-08T19:16:24+00:00,UNALLOCATED,,,,,
SLCMP700-0649,649,649,317284417,2^317284417-1,STRUCTURAL_SCREEN_EXHAUSTED_PRIMALITY_UNASSIGNED,GF3A_DIRECTIONAL_WRITE_EXHAUSTED_PRIMALITY_UNASSIGNED,513,512,512,NO_RECORDED_FACTOR_PRP_OR_LL_RESULT_AND_NO_ACTIVE_GIMPS_ASSIGNMENT,2026-08-08T19:16:24+00:00,UNALLOCATED,,,,,
SLCMP700-0650,650,650,317284423,2^317284423-1,STRUCTURAL_SCREEN_EXHAUSTED_PRIMALITY_UNASSIGNED,GF3A_DIRECTIONAL_WRITE_EXHAUSTED_PRIMALITY_UNASSIGNED,514,512,512,NO_RECORDED_FACTOR_PRP_OR_LL_RESULT_AND_NO_ACTIVE_GIMPS_ASSIGNMENT,2026-08-08T19:16:24+00:00,UNALLOCATED,,,,,
SLCMP700-0651,651,651,317284427,2^317284427-1,STRUCTURAL_SCREEN_EXHAUSTED_PRIMALITY_UNASSIGNED,GF3A_DIRECTIONAL_WRITE_EXHAUSTED_PRIMALITY_UNASSIGNED,514,512,512,NO_RECORDED_FACTOR_PRP_OR_LL_RESULT_AND_NO_ACTIVE_GIMPS_ASSIGNMENT,2026-08-08T19:16:24+00:00,UNALLOCATED,,,,,
SLCMP700-0652,652,652,317284459,2^317284459-1,STRUCTURAL_SCREEN_EXHAUSTED_PRIMALITY_UNASSIGNED,GF3A_DIRECTIONAL_WRITE_EXHAUSTED_PRIMALITY_UNASSIGNED,514,512,512,NO_RECORDED_FACTOR_PRP_OR_LL_RESULT_AND_NO_ACTIVE_GIMPS_ASSIGNMENT,2026-08-08T19:16:24+00:00,UNALLOCATED,,,,,
SLCMP700-0653,653,653,317284511,2^317284511-1,STRUCTURAL_SCREEN_EXHAUSTED_PRIMALITY_UNASSIGNED,GF3A_DIRECTIONAL_WRITE_EXHAUSTED_PRIMALITY_UNASSIGNED,514,512,512,NO_RECORDED_FACTOR_PRP_OR_LL_RESULT_AND_NO_ACTIVE_GIMPS_ASSIGNMENT,2026-08-08T19:16:24+00:00,UNALLOCATED,,,,,
SLCMP700-0654,654,654,317284603,2^317284603-1,STRUCTURAL_SCREEN_EXHAUSTED_PRIMALITY_UNASSIGNED,GF3A_DIRECTIONAL_WRITE_EXHAUSTED_PRIMALITY_UNASSIGNED,514,512,512,NO_RECORDED_FACTOR_PRP_OR_LL_RESULT_AND_NO_ACTIVE_GIMPS_ASSIGNMENT,2026-08-08T19:16:24+00:00,UNALLOCATED,,,,,
SLCMP700-0655,655,655,317284711,2^317284711-1,STRUCTURAL_SCREEN_EXHAUSTED_PRIMALITY_UNASSIGNED,GF3A_DIRECTIONAL_WRITE_EXHAUSTED_PRIMALITY_UNASSIGNED,514,512,512,NO_RECORDED_FACTOR_PRP_OR_LL_RESULT_AND_NO_ACTIVE_GIMPS_ASSIGNMENT,2026-08-08T19:16:24+00:00,UNALLOCATED,,,,,
SLCMP700-0656,656,656,317284741,2^317284741-1,STRUCTURAL_SCREEN_EXHAUSTED_PRIMALITY_UNASSIGNED,GF3A_DIRECTIONAL_WRITE_EXHAUSTED_PRIMALITY_UNASSIGNED,513,512,512,NO_RECORDED_FACTOR_PRP_OR_LL_RESULT_AND_NO_ACTIVE_GIMPS_ASSIGNMENT,2026-08-08T19:16:24+00:00,UNALLOCATED,,,,,
SLCMP700-0657,657,657,317284823,2^317284823-1,STRUCTURAL_SCREEN_EXHAUSTED_PRIMALITY_UNASSIGNED,GF3A_DIRECTIONAL_WRITE_EXHAUSTED_PRIMALITY_UNASSIGNED,514,512,512,NO_RECORDED_FACTOR_PRP_OR_LL_RESULT_AND_NO_ACTIVE_GIMPS_ASSIGNMENT,2026-08-08T19:16:24+00:00,UNALLOCATED,,,,,
SLCMP700-0658,658,658,317284841,2^317284841-1,STRUCTURAL_SCREEN_EXHAUSTED_PRIMALITY_UNASSIGNED,GF3A_DIRECTIONAL_WRITE_EXHAUSTED_PRIMALITY_UNASSIGNED,513,512,512,NO_RECORDED_FACTOR_PRP_OR_LL_RESULT_AND_NO_ACTIVE_GIMPS_ASSIGNMENT,2026-08-08T19:16:24+00:00,UNALLOCATED,,,,,
SLCMP700-0659,659,659,317284951,2^317284951-1,STRUCTURAL_SCREEN_EXHAUSTED_PRIMALITY_UNASSIGNED,GF3A_DIRECTIONAL_WRITE_EXHAUSTED_PRIMALITY_UNASSIGNED,514,512,512,NO_RECORDED_FACTOR_PRP_OR_LL_RESULT_AND_NO_ACTIVE_GIMPS_ASSIGNMENT,2026-08-08T19:16:24+00:00,UNALLOCATED,,,,,
SLCMP700-0660,660,660,317284993,2^317284993-1,STRUCTURAL_SCREEN_EXHAUSTED_PRIMALITY_UNASSIGNED,GF3A_DIRECTIONAL_WRITE_EXHAUSTED_PRIMALITY_UNASSIGNED,513,512,512,NO_RECORDED_FACTOR_PRP_OR_LL_RESULT_AND_NO_ACTIVE_GIMPS_ASSIGNMENT,2026-08-08T19:16:24+00:00,UNALLOCATED,,,,,
SLCMP700-0661,661,661,317285141,2^317285141-1,STRUCTURAL_SCREEN_EXHAUSTED_PRIMALITY_UNASSIGNED,GF3A_DIRECTIONAL_WRITE_EXHAUSTED_PRIMALITY_UNASSIGNED,513,512,512,NO_RECORDED_FACTOR_PRP_OR_LL_RESULT_AND_NO_ACTIVE_GIMPS_ASSIGNMENT,2026-08-08T19:16:24+00:00,UNALLOCATED,,,,,
SLCMP700-0662,662,662,317285321,2^317285321-1,STRUCTURAL_SCREEN_EXHAUSTED_PRIMALITY_UNASSIGNED,GF3A_DIRECTIONAL_WRITE_EXHAUSTED_PRIMALITY_UNASSIGNED,513,512,512,NO_RECORDED_FACTOR_PRP_OR_LL_RESULT_AND_NO_ACTIVE_GIMPS_ASSIGNMENT,2026-08-08T19:16:24+00:00,UNALLOCATED,,,,,
SLCMP700-0663,663,663,317285327,2^317285327-1,STRUCTURAL_SCREEN_EXHAUSTED_PRIMALITY_UNASSIGNED,GF3A_DIRECTIONAL_WRITE_EXHAUSTED_PRIMALITY_UNASSIGNED,514,512,512,NO_RECORDED_FACTOR_PRP_OR_LL_RESULT_AND_NO_ACTIVE_GIMPS_ASSIGNMENT,2026-08-08T19:16:24+00:00,UNALLOCATED,,,,,
SLCMP700-0664,664,664,317285377,2^317285377-1,STRUCTURAL_SCREEN_EXHAUSTED_PRIMALITY_UNASSIGNED,GF3A_DIRECTIONAL_WRITE_EXHAUSTED_PRIMALITY_UNASSIGNED,513,512,512,NO_RECORDED_FACTOR_PRP_OR_LL_RESULT_AND_NO_ACTIVE_GIMPS_ASSIGNMENT,2026-08-08T19:16:24+00:00,UNALLOCATED,,,,,
SLCMP700-0665,665,665,317285383,2^317285383-1,STRUCTURAL_SCREEN_EXHAUSTED_PRIMALITY_UNASSIGNED,GF3A_DIRECTIONAL_WRITE_EXHAUSTED_PRIMALITY_UNASSIGNED,514,512,512,NO_RECORDED_FACTOR_PRP_OR_LL_RESULT_AND_NO_ACTIVE_GIMPS_ASSIGNMENT,2026-08-08T19:16:24+00:00,UNALLOCATED,,,,,
SLCMP700-0666,666,666,317285407,2^317285407-1,STRUCTURAL_SCREEN_EXHAUSTED_PRIMALITY_UNASSIGNED,GF3A_DIRECTIONAL_WRITE_EXHAUSTED_PRIMALITY_UNASSIGNED,514,512,512,NO_RECORDED_FACTOR_PRP_OR_LL_RESULT_AND_NO_ACTIVE_GIMPS_ASSIGNMENT,2026-08-08T19:16:24+00:00,UNALLOCATED,,,,,
SLCMP700-0667,667,667,317285459,2^317285459-1,STRUCTURAL_SCREEN_EXHAUSTED_PRIMALITY_UNASSIGNED,GF3A_DIRECTIONAL_WRITE_EXHAUSTED_PRIMALITY_UNASSIGNED,514,512,512,NO_RECORDED_FACTOR_PRP_OR_LL_RESULT_AND_NO_ACTIVE_GIMPS_ASSIGNMENT,2026-08-08T19:16:24+00:00,UNALLOCATED,,,,,
SLCMP700-0668,668,668,317285699,2^317285699-1,STRUCTURAL_SCREEN_EXHAUSTED_PRIMALITY_UNASSIGNED,GF3A_DIRECTIONAL_WRITE_EXHAUSTED_PRIMALITY_UNASSIGNED,514,512,512,NO_RECORDED_FACTOR_PRP_OR_LL_RESULT_AND_NO_ACTIVE_GIMPS_ASSIGNMENT,2026-08-08T19:16:24+00:00,UNALLOCATED,,,,,
SLCMP700-0669,669,669,317285729,2^317285729-1,STRUCTURAL_SCREEN_EXHAUSTED_PRIMALITY_UNASSIGNED,GF3A_DIRECTIONAL_WRITE_EXHAUSTED_PRIMALITY_UNASSIGNED,513,512,512,NO_RECORDED_FACTOR_PRP_OR_LL_RESULT_AND_NO_ACTIVE_GIMPS_ASSIGNMENT,2026-08-08T19:16:24+00:00,UNALLOCATED,,,,,
SLCMP700-0670,670,670,317285737,2^317285737-1,STRUCTURAL_SCREEN_EXHAUSTED_PRIMALITY_UNASSIGNED,GF3A_DIRECTIONAL_WRITE_EXHAUSTED_PRIMALITY_UNASSIGNED,513,512,512,NO_RECORDED_FACTOR_PRP_OR_LL_RESULT_AND_NO_ACTIVE_GIMPS_ASSIGNMENT,2026-08-08T19:16:24+00:00,UNALLOCATED,,,,,
SLCMP700-0671,671,671,317285869,2^317285869-1,STRUCTURAL_SCREEN_EXHAUSTED_PRIMALITY_UNASSIGNED,GF3A_DIRECTIONAL_WRITE_EXHAUSTED_PRIMALITY_UNASSIGNED,513,512,512,NO_RECORDED_FACTOR_PRP_OR_LL_RESULT_AND_NO_ACTIVE_GIMPS_ASSIGNMENT,2026-08-08T19:16:24+00:00,UNALLOCATED,,,,,
SLCMP700-0672,672,672,317285873,2^317285873-1,STRUCTURAL_SCREEN_EXHAUSTED_PRIMALITY_UNASSIGNED,GF3A_DIRECTIONAL_WRITE_EXHAUSTED_PRIMALITY_UNASSIGNED,513,512,512,NO_RECORDED_FACTOR_PRP_OR_LL_RESULT_AND_NO_ACTIVE_GIMPS_ASSIGNMENT,2026-08-08T19:16:24+00:00,UNALLOCATED,,,,,
SLCMP700-0673,673,673,317285911,2^317285911-1,STRUCTURAL_SCREEN_EXHAUSTED_PRIMALITY_UNASSIGNED,GF3A_DIRECTIONAL_WRITE_EXHAUSTED_PRIMALITY_UNASSIGNED,514,512,512,NO_RECORDED_FACTOR_PRP_OR_LL_RESULT_AND_NO_ACTIVE_GIMPS_ASSIGNMENT,2026-08-08T19:16:24+00:00,UNALLOCATED,,,,,
SLCMP700-0674,674,674,317285939,2^317285939-1,STRUCTURAL_SCREEN_EXHAUSTED_PRIMALITY_UNASSIGNED,GF3A_DIRECTIONAL_WRITE_EXHAUSTED_PRIMALITY_UNASSIGNED,514,512,512,NO_RECORDED_FACTOR_PRP_OR_LL_RESULT_AND_NO_ACTIVE_GIMPS_ASSIGNMENT,2026-08-08T19:16:24+00:00,UNALLOCATED,,,,,
SLCMP700-0675,675,675,317285957,2^317285957-1,STRUCTURAL_SCREEN_EXHAUSTED_PRIMALITY_UNASSIGNED,GF3A_DIRECTIONAL_WRITE_EXHAUSTED_PRIMALITY_UNASSIGNED,513,512,512,NO_RECORDED_FACTOR_PRP_OR_LL_RESULT_AND_NO_ACTIVE_GIMPS_ASSIGNMENT,2026-08-08T19:16:24+00:00,UNALLOCATED,,,,,
SLCMP700-0676,676,676,317286001,2^317286001-1,STRUCTURAL_SCREEN_EXHAUSTED_PRIMALITY_UNASSIGNED,GF3A_DIRECTIONAL_WRITE_EXHAUSTED_PRIMALITY_UNASSIGNED,513,512,512,NO_RECORDED_FACTOR_PRP_OR_LL_RESULT_AND_NO_ACTIVE_GIMPS_ASSIGNMENT,2026-08-08T19:16:24+00:00,UNALLOCATED,,,,,
SLCMP700-0677,677,677,317286019,2^317286019-1,STRUCTURAL_SCREEN_EXHAUSTED_PRIMALITY_UNASSIGNED,GF3A_DIRECTIONAL_WRITE_EXHAUSTED_PRIMALITY_UNASSIGNED,514,512,512,NO_RECORDED_FACTOR_PRP_OR_LL_RESULT_AND_NO_ACTIVE_GIMPS_ASSIGNMENT,2026-08-08T19:16:24+00:00,UNALLOCATED,,,,,
SLCMP700-0678,678,678,317286077,2^317286077-1,STRUCTURAL_SCREEN_EXHAUSTED_PRIMALITY_UNASSIGNED,GF3A_DIRECTIONAL_WRITE_EXHAUSTED_PRIMALITY_UNASSIGNED,513,512,512,NO_RECORDED_FACTOR_PRP_OR_LL_RESULT_AND_NO_ACTIVE_GIMPS_ASSIGNMENT,2026-08-08T19:16:24+00:00,UNALLOCATED,,,,,
SLCMP700-0679,679,679,317286083,2^317286083-1,STRUCTURAL_SCREEN_EXHAUSTED_PRIMALITY_UNASSIGNED,GF3A_DIRECTIONAL_WRITE_EXHAUSTED_PRIMALITY_UNASSIGNED,514,512,512,NO_RECORDED_FACTOR_PRP_OR_LL_RESULT_AND_NO_ACTIVE_GIMPS_ASSIGNMENT,2026-08-08T19:16:24+00:00,UNALLOCATED,,,,,
SLCMP700-0680,680,680,317286091,2^317286091-1,STRUCTURAL_SCREEN_EXHAUSTED_PRIMALITY_UNASSIGNED,GF3A_DIRECTIONAL_WRITE_EXHAUSTED_PRIMALITY_UNASSIGNED,514,512,512,NO_RECORDED_FACTOR_PRP_OR_LL_RESULT_AND_NO_ACTIVE_GIMPS_ASSIGNMENT,2026-08-08T19:16:24+00:00,UNALLOCATED,,,,,
SLCMP700-0681,681,681,317286161,2^317286161-1,STRUCTURAL_SCREEN_EXHAUSTED_PRIMALITY_UNASSIGNED,GF3A_DIRECTIONAL_WRITE_EXHAUSTED_PRIMALITY_UNASSIGNED,513,512,512,NO_RECORDED_FACTOR_PRP_OR_LL_RESULT_AND_NO_ACTIVE_GIMPS_ASSIGNMENT,2026-08-08T19:16:24+00:00,UNALLOCATED,,,,,
SLCMP700-0682,682,682,317286163,2^317286163-1,STRUCTURAL_SCREEN_EXHAUSTED_PRIMALITY_UNASSIGNED,GF3A_DIRECTIONAL_WRITE_EXHAUSTED_PRIMALITY_UNASSIGNED,514,512,512,NO_RECORDED_FACTOR_PRP_OR_LL_RESULT_AND_NO_ACTIVE_GIMPS_ASSIGNMENT,2026-08-08T19:16:24+00:00,UNALLOCATED,,,,,
SLCMP700-0683,683,683,317286191,2^317286191-1,STRUCTURAL_SCREEN_EXHAUSTED_PRIMALITY_UNASSIGNED,GF3A_DIRECTIONAL_WRITE_EXHAUSTED_PRIMALITY_UNASSIGNED,514,512,512,NO_RECORDED_FACTOR_PRP_OR_LL_RESULT_AND_NO_ACTIVE_GIMPS_ASSIGNMENT,2026-08-08T19:16:24+00:00,UNALLOCATED,,,,,
SLCMP700-0684,684,684,317286241,2^317286241-1,STRUCTURAL_SCREEN_EXHAUSTED_PRIMALITY_UNASSIGNED,GF3A_DIRECTIONAL_WRITE_EXHAUSTED_PRIMALITY_UNASSIGNED,513,512,512,NO_RECORDED_FACTOR_PRP_OR_LL_RESULT_AND_NO_ACTIVE_GIMPS_ASSIGNMENT,2026-08-08T19:16:24+00:00,UNALLOCATED,,,,,
SLCMP700-0685,685,685,317286269,2^317286269-1,STRUCTURAL_SCREEN_EXHAUSTED_PRIMALITY_UNASSIGNED,GF3A_DIRECTIONAL_WRITE_EXHAUSTED_PRIMALITY_UNASSIGNED,513,512,512,NO_RECORDED_FACTOR_PRP_OR_LL_RESULT_AND_NO_ACTIVE_GIMPS_ASSIGNMENT,2026-08-08T19:16:24+00:00,UNALLOCATED,,,,,
SLCMP700-0686,686,686,317286313,2^317286313-1,STRUCTURAL_SCREEN_EXHAUSTED_PRIMALITY_UNASSIGNED,GF3A_DIRECTIONAL_WRITE_EXHAUSTED_PRIMALITY_UNASSIGNED,513,512,512,NO_RECORDED_FACTOR_PRP_OR_LL_RESULT_AND_NO_ACTIVE_GIMPS_ASSIGNMENT,2026-08-08T19:16:24+00:00,UNALLOCATED,,,,,
SLCMP700-0687,687,687,317286329,2^317286329-1,STRUCTURAL_SCREEN_EXHAUSTED_PRIMALITY_UNASSIGNED,GF3A_DIRECTIONAL_WRITE_EXHAUSTED_PRIMALITY_UNASSIGNED,513,512,512,NO_RECORDED_FACTOR_PRP_OR_LL_RESULT_AND_NO_ACTIVE_GIMPS_ASSIGNMENT,2026-08-08T19:16:24+00:00,UNALLOCATED,,,,,
SLCMP700-0688,688,688,317286337,2^317286337-1,STRUCTURAL_SCREEN_EXHAUSTED_PRIMALITY_UNASSIGNED,GF3A_DIRECTIONAL_WRITE_EXHAUSTED_PRIMALITY_UNASSIGNED,513,512,512,NO_RECORDED_FACTOR_PRP_OR_LL_RESULT_AND_NO_ACTIVE_GIMPS_ASSIGNMENT,2026-08-08T19:16:24+00:00,UNALLOCATED,,,,,
SLCMP700-0689,689,689,317286479,2^317286479-1,STRUCTURAL_SCREEN_EXHAUSTED_PRIMALITY_UNASSIGNED,GF3A_DIRECTIONAL_WRITE_EXHAUSTED_PRIMALITY_UNASSIGNED,514,512,512,NO_RECORDED_FACTOR_PRP_OR_LL_RESULT_AND_NO_ACTIVE_GIMPS_ASSIGNMENT,2026-08-08T19:16:24+00:00,UNALLOCATED,,,,,
SLCMP700-0690,690,690,317286653,2^317286653-1,STRUCTURAL_SCREEN_EXHAUSTED_PRIMALITY_UNASSIGNED,GF3A_DIRECTIONAL_WRITE_EXHAUSTED_PRIMALITY_UNASSIGNED,513,512,512,NO_RECORDED_FACTOR_PRP_OR_LL_RESULT_AND_NO_ACTIVE_GIMPS_ASSIGNMENT,2026-08-08T19:16:24+00:00,UNALLOCATED,,,,,
SLCMP700-0691,691,691,317286743,2^317286743-1,STRUCTURAL_SCREEN_EXHAUSTED_PRIMALITY_UNASSIGNED,GF3A_DIRECTIONAL_WRITE_EXHAUSTED_PRIMALITY_UNASSIGNED,514,512,512,NO_RECORDED_FACTOR_PRP_OR_LL_RESULT_AND_NO_ACTIVE_GIMPS_ASSIGNMENT,2026-08-08T19:16:24+00:00,UNALLOCATED,,,,,
SLCMP700-0692,692,692,317286899,2^317286899-1,STRUCTURAL_SCREEN_EXHAUSTED_PRIMALITY_UNASSIGNED,GF3A_DIRECTIONAL_WRITE_EXHAUSTED_PRIMALITY_UNASSIGNED,514,512,512,NO_RECORDED_FACTOR_PRP_OR_LL_RESULT_AND_NO_ACTIVE_GIMPS_ASSIGNMENT,2026-08-08T19:16:24+00:00,UNALLOCATED,,,,,
SLCMP700-0693,693,693,317286919,2^317286919-1,STRUCTURAL_SCREEN_EXHAUSTED_PRIMALITY_UNASSIGNED,GF3A_DIRECTIONAL_WRITE_EXHAUSTED_PRIMALITY_UNASSIGNED,514,512,512,NO_RECORDED_FACTOR_PRP_OR_LL_RESULT_AND_NO_ACTIVE_GIMPS_ASSIGNMENT,2026-08-08T19:16:24+00:00,UNALLOCATED,,,,,
SLCMP700-0694,694,694,317286943,2^317286943-1,STRUCTURAL_SCREEN_EXHAUSTED_PRIMALITY_UNASSIGNED,GF3A_DIRECTIONAL_WRITE_EXHAUSTED_PRIMALITY_UNASSIGNED,514,512,512,NO_RECORDED_FACTOR_PRP_OR_LL_RESULT_AND_NO_ACTIVE_GIMPS_ASSIGNMENT,2026-08-08T19:16:24+00:00,UNALLOCATED,,,,,
SLCMP700-0695,695,695,317286971,2^317286971-1,STRUCTURAL_SCREEN_EXHAUSTED_PRIMALITY_UNASSIGNED,GF3A_DIRECTIONAL_WRITE_EXHAUSTED_PRIMALITY_UNASSIGNED,514,512,512,NO_RECORDED_FACTOR_PRP_OR_LL_RESULT_AND_NO_ACTIVE_GIMPS_ASSIGNMENT,2026-08-08T19:16:24+00:00,UNALLOCATED,,,,,
SLCMP700-0696,696,696,317287013,2^317287013-1,STRUCTURAL_SCREEN_EXHAUSTED_PRIMALITY_UNASSIGNED,GF3A_DIRECTIONAL_WRITE_EXHAUSTED_PRIMALITY_UNASSIGNED,513,512,512,NO_RECORDED_FACTOR_PRP_OR_LL_RESULT_AND_NO_ACTIVE_GIMPS_ASSIGNMENT,2026-08-08T19:16:24+00:00,UNALLOCATED,,,,,
SLCMP700-0697,697,697,317287037,2^317287037-1,STRUCTURAL_SCREEN_EXHAUSTED_PRIMALITY_UNASSIGNED,GF3A_DIRECTIONAL_WRITE_EXHAUSTED_PRIMALITY_UNASSIGNED,513,512,512,NO_RECORDED_FACTOR_PRP_OR_LL_RESULT_AND_NO_ACTIVE_GIMPS_ASSIGNMENT,2026-08-08T19:16:24+00:00,UNALLOCATED,,,,,
SLCMP700-0698,698,698,317287043,2^317287043-1,STRUCTURAL_SCREEN_EXHAUSTED_PRIMALITY_UNASSIGNED,GF3A_DIRECTIONAL_WRITE_EXHAUSTED_PRIMALITY_UNASSIGNED,514,512,512,NO_RECORDED_FACTOR_PRP_OR_LL_RESULT_AND_NO_ACTIVE_GIMPS_ASSIGNMENT,2026-08-08T19:16:24+00:00,UNALLOCATED,,,,,
SLCMP700-0699,699,699,317287081,2^317287081-1,STRUCTURAL_SCREEN_EXHAUSTED_PRIMALITY_UNASSIGNED,GF3A_DIRECTIONAL_WRITE_EXHAUSTED_PRIMALITY_UNASSIGNED,513,512,512,NO_RECORDED_FACTOR_PRP_OR_LL_RESULT_AND_NO_ACTIVE_GIMPS_ASSIGNMENT,2026-08-08T19:16:24+00:00,UNALLOCATED,,,,,
SLCMP700-0700,700,700,317287121,2^317287121-1,STRUCTURAL_SCREEN_EXHAUSTED_PRIMALITY_UNASSIGNED,GF3A_DIRECTIONAL_WRITE_EXHAUSTED_PRIMALITY_UNASSIGNED,513,512,512,NO_RECORDED_FACTOR_PRP_OR_LL_RESULT_AND_NO_ACTIVE_GIMPS_ASSIGNMENT,2026-08-08T19:16:24+00:00,UNALLOCATED,,,,,
SLCMP700-0701,701,701,317287189,2^317287189-1,STRUCTURAL_SCREEN_EXHAUSTED_PRIMALITY_UNASSIGNED,GF3A_DIRECTIONAL_WRITE_EXHAUSTED_PRIMALITY_UNASSIGNED,513,512,512,NO_RECORDED_FACTOR_PRP_OR_LL_RESULT_AND_NO_ACTIVE_GIMPS_ASSIGNMENT,2026-08-08T19:16:24+00:00,UNALLOCATED,,,,,
SLCMP700-0702,702,702,317287283,2^317287283-1,STRUCTURAL_SCREEN_EXHAUSTED_PRIMALITY_UNASSIGNED,GF3A_DIRECTIONAL_WRITE_EXHAUSTED_PRIMALITY_UNASSIGNED,514,512,512,NO_RECORDED_FACTOR_PRP_OR_LL_RESULT_AND_NO_ACTIVE_GIMPS_ASSIGNMENT,2026-08-08T19:16:24+00:00,UNALLOCATED,,,,,
SLCMP700-0703,703,703,317287361,2^317287361-1,STRUCTURAL_SCREEN_EXHAUSTED_PRIMALITY_UNASSIGNED,GF3A_DIRECTIONAL_WRITE_EXHAUSTED_PRIMALITY_UNASSIGNED,513,512,512,NO_RECORDED_FACTOR_PRP_OR_LL_RESULT_AND_NO_ACTIVE_GIMPS_ASSIGNMENT,2026-08-08T19:16:24+00:00,UNALLOCATED,,,,,
SLCMP700-0704,704,704,317287367,2^317287367-1,STRUCTURAL_SCREEN_EXHAUSTED_PRIMALITY_UNASSIGNED,GF3A_DIRECTIONAL_WRITE_EXHAUSTED_PRIMALITY_UNASSIGNED,514,512,512,NO_RECORDED_FACTOR_PRP_OR_LL_RESULT_AND_NO_ACTIVE_GIMPS_ASSIGNMENT,2026-08-08T19:16:24+00:00,UNALLOCATED,,,,,
SLCMP700-0705,705,705,317287379,2^317287379-1,STRUCTURAL_SCREEN_EXHAUSTED_PRIMALITY_UNASSIGNED,GF3A_DIRECTIONAL_WRITE_EXHAUSTED_PRIMALITY_UNASSIGNED,514,512,512,NO_RECORDED_FACTOR_PRP_OR_LL_RESULT_AND_NO_ACTIVE_GIMPS_ASSIGNMENT,2026-08-08T19:16:24+00:00,UNALLOCATED,,,,,
SLCMP700-0706,706,706,317287381,2^317287381-1,STRUCTURAL_SCREEN_EXHAUSTED_PRIMALITY_UNASSIGNED,GF3A_DIRECTIONAL_WRITE_EXHAUSTED_PRIMALITY_UNASSIGNED,513,512,512,NO_RECORDED_FACTOR_PRP_OR_LL_RESULT_AND_NO_ACTIVE_GIMPS_ASSIGNMENT,2026-08-08T19:16:24+00:00,UNALLOCATED,,,,,
SLCMP700-0707,707,707,317287471,2^317287471-1,STRUCTURAL_SCREEN_EXHAUSTED_PRIMALITY_UNASSIGNED,GF3A_DIRECTIONAL_WRITE_EXHAUSTED_PRIMALITY_UNASSIGNED,514,512,512,NO_RECORDED_FACTOR_PRP_OR_LL_RESULT_AND_NO_ACTIVE_GIMPS_ASSIGNMENT,2026-08-08T19:16:24+00:00,UNALLOCATED,,,,,
SLCMP700-0708,708,708,317287493,2^317287493-1,STRUCTURAL_SCREEN_EXHAUSTED_PRIMALITY_UNASSIGNED,GF3A_DIRECTIONAL_WRITE_EXHAUSTED_PRIMALITY_UNASSIGNED,513,512,512,NO_RECORDED_FACTOR_PRP_OR_LL_RESULT_AND_NO_ACTIVE_GIMPS_ASSIGNMENT,2026-08-08T19:16:24+00:00,UNALLOCATED,,,,,
SLCMP700-0709,709,709,317287513,2^317287513-1,STRUCTURAL_SCREEN_EXHAUSTED_PRIMALITY_UNASSIGNED,GF3A_DIRECTIONAL_WRITE_EXHAUSTED_PRIMALITY_UNASSIGNED,513,512,512,NO_RECORDED_FACTOR_PRP_OR_LL_RESULT_AND_NO_ACTIVE_GIMPS_ASSIGNMENT,2026-08-08T19:16:24+00:00,UNALLOCATED,,,,,
SLCMP700-0710,710,710,317287547,2^317287547-1,STRUCTURAL_SCREEN_EXHAUSTED_PRIMALITY_UNASSIGNED,GF3A_DIRECTIONAL_WRITE_EXHAUSTED_PRIMALITY_UNASSIGNED,514,512,512,NO_RECORDED_FACTOR_PRP_OR_LL_RESULT_AND_NO_ACTIVE_GIMPS_ASSIGNMENT,2026-08-08T19:16:24+00:00,UNALLOCATED,,,,,
SLCMP700-0711,711,711,317287549,2^317287549-1,STRUCTURAL_SCREEN_EXHAUSTED_PRIMALITY_UNASSIGNED,GF3A_DIRECTIONAL_WRITE_EXHAUSTED_PRIMALITY_UNASSIGNED,513,512,512,NO_RECORDED_FACTOR_PRP_OR_LL_RESULT_AND_NO_ACTIVE_GIMPS_ASSIGNMENT,2026-08-08T19:16:24+00:00,UNALLOCATED,,,,,
SLCMP700-0712,712,712,317287591,2^317287591-1,STRUCTURAL_SCREEN_EXHAUSTED_PRIMALITY_UNASSIGNED,GF3A_DIRECTIONAL_WRITE_EXHAUSTED_PRIMALITY_UNASSIGNED,514,512,512,NO_RECORDED_FACTOR_PRP_OR_LL_RESULT_AND_NO_ACTIVE_GIMPS_ASSIGNMENT,2026-08-08T19:16:24+00:00,UNALLOCATED,,,,,
SLCMP700-0713,713,713,317287651,2^317287651-1,STRUCTURAL_SCREEN_EXHAUSTED_PRIMALITY_UNASSIGNED,GF3A_DIRECTIONAL_WRITE_EXHAUSTED_PRIMALITY_UNASSIGNED,514,512,512,NO_RECORDED_FACTOR_PRP_OR_LL_RESULT_AND_NO_ACTIVE_GIMPS_ASSIGNMENT,2026-08-08T19:16:24+00:00,UNALLOCATED,,,,,
SLCMP700-0714,714,714,317287717,2^317287717-1,STRUCTURAL_SCREEN_EXHAUSTED_PRIMALITY_UNASSIGNED,GF3A_DIRECTIONAL_WRITE_EXHAUSTED_PRIMALITY_UNASSIGNED,513,512,512,NO_RECORDED_FACTOR_PRP_OR_LL_RESULT_AND_NO_ACTIVE_GIMPS_ASSIGNMENT,2026-08-08T19:16:24+00:00,UNALLOCATED,,,,,
SLCMP700-0715,715,715,317287769,2^317287769-1,STRUCTURAL_SCREEN_EXHAUSTED_PRIMALITY_UNASSIGNED,GF3A_DIRECTIONAL_WRITE_EXHAUSTED_PRIMALITY_UNASSIGNED,513,512,512,NO_RECORDED_FACTOR_PRP_OR_LL_RESULT_AND_NO_ACTIVE_GIMPS_ASSIGNMENT,2026-08-08T19:16:24+00:00,UNALLOCATED,,,,,
SLCMP700-0716,716,716,317287799,2^317287799-1,STRUCTURAL_SCREEN_EXHAUSTED_PRIMALITY_UNASSIGNED,GF3A_DIRECTIONAL_WRITE_EXHAUSTED_PRIMALITY_UNASSIGNED,514,512,512,NO_RECORDED_FACTOR_PRP_OR_LL_RESULT_AND_NO_ACTIVE_GIMPS_ASSIGNMENT,2026-08-08T19:16:24+00:00,UNALLOCATED,,,,,
SLCMP700-0717,717,717,317287891,2^317287891-1,STRUCTURAL_SCREEN_EXHAUSTED_PRIMALITY_UNASSIGNED,GF3A_DIRECTIONAL_WRITE_EXHAUSTED_PRIMALITY_UNASSIGNED,514,512,512,NO_RECORDED_FACTOR_PRP_OR_LL_RESULT_AND_NO_ACTIVE_GIMPS_ASSIGNMENT,2026-08-08T19:16:24+00:00,UNALLOCATED,,,,,
SLCMP700-0718,718,718,317287903,2^317287903-1,STRUCTURAL_SCREEN_EXHAUSTED_PRIMALITY_UNASSIGNED,GF3A_DIRECTIONAL_WRITE_EXHAUSTED_PRIMALITY_UNASSIGNED,514,512,512,NO_RECORDED_FACTOR_PRP_OR_LL_RESULT_AND_NO_ACTIVE_GIMPS_ASSIGNMENT,2026-08-08T19:16:24+00:00,UNALLOCATED,,,,,
SLCMP700-0719,719,719,317287909,2^317287909-1,STRUCTURAL_SCREEN_EXHAUSTED_PRIMALITY_UNASSIGNED,GF3A_DIRECTIONAL_WRITE_EXHAUSTED_PRIMALITY_UNASSIGNED,513,512,512,NO_RECORDED_FACTOR_PRP_OR_LL_RESULT_AND_NO_ACTIVE_GIMPS_ASSIGNMENT,2026-08-08T19:16:24+00:00,UNALLOCATED,,,,,
SLCMP700-0720,720,720,317287981,2^317287981-1,STRUCTURAL_SCREEN_EXHAUSTED_PRIMALITY_UNASSIGNED,GF3A_DIRECTIONAL_WRITE_EXHAUSTED_PRIMALITY_UNASSIGNED,513,512,512,NO_RECORDED_FACTOR_PRP_OR_LL_RESULT_AND_NO_ACTIVE_GIMPS_ASSIGNMENT,2026-08-08T19:16:24+00:00,UNALLOCATED,,,,,
SLCMP700-0721,721,721,317288033,2^317288033-1,STRUCTURAL_SCREEN_EXHAUSTED_PRIMALITY_UNASSIGNED,GF3A_DIRECTIONAL_WRITE_EXHAUSTED_PRIMALITY_UNASSIGNED,513,512,512,NO_RECORDED_FACTOR_PRP_OR_LL_RESULT_AND_NO_ACTIVE_GIMPS_ASSIGNMENT,2026-08-08T19:16:24+00:00,UNALLOCATED,,,,,
SLCMP700-0722,722,722,317288077,2^317288077-1,STRUCTURAL_SCREEN_EXHAUSTED_PRIMALITY_UNASSIGNED,GF3A_DIRECTIONAL_WRITE_EXHAUSTED_PRIMALITY_UNASSIGNED,513,512,512,NO_RECORDED_FACTOR_PRP_OR_LL_RESULT_AND_NO_ACTIVE_GIMPS_ASSIGNMENT,2026-08-08T19:16:24+00:00,UNALLOCATED,,,,,
SLCMP700-0723,723,723,317288107,2^317288107-1,STRUCTURAL_SCREEN_EXHAUSTED_PRIMALITY_UNASSIGNED,GF3A_DIRECTIONAL_WRITE_EXHAUSTED_PRIMALITY_UNASSIGNED,514,512,512,NO_RECORDED_FACTOR_PRP_OR_LL_RESULT_AND_NO_ACTIVE_GIMPS_ASSIGNMENT,2026-08-08T19:16:24+00:00,UNALLOCATED,,,,,
SLCMP700-0724,724,724,317288177,2^317288177-1,STRUCTURAL_SCREEN_EXHAUSTED_PRIMALITY_UNASSIGNED,GF3A_DIRECTIONAL_WRITE_EXHAUSTED_PRIMALITY_UNASSIGNED,513,512,512,NO_RECORDED_FACTOR_PRP_OR_LL_RESULT_AND_NO_ACTIVE_GIMPS_ASSIGNMENT,2026-08-08T19:16:24+00:00,UNALLOCATED,,,,,
SLCMP700-0725,725,725,317288233,2^317288233-1,STRUCTURAL_SCREEN_EXHAUSTED_PRIMALITY_UNASSIGNED,GF3A_DIRECTIONAL_WRITE_EXHAUSTED_PRIMALITY_UNASSIGNED,513,512,512,NO_RECORDED_FACTOR_PRP_OR_LL_RESULT_AND_NO_ACTIVE_GIMPS_ASSIGNMENT,2026-08-08T19:16:24+00:00,UNALLOCATED,,,,,
SLCMP700-0726,726,726,317288249,2^317288249-1,STRUCTURAL_SCREEN_EXHAUSTED_PRIMALITY_UNASSIGNED,GF3A_DIRECTIONAL_WRITE_EXHAUSTED_PRIMALITY_UNASSIGNED,513,512,512,NO_RECORDED_FACTOR_PRP_OR_LL_RESULT_AND_NO_ACTIVE_GIMPS_ASSIGNMENT,2026-08-08T19:16:24+00:00,UNALLOCATED,,,,,
SLCMP700-0727,727,727,317288273,2^317288273-1,STRUCTURAL_SCREEN_EXHAUSTED_PRIMALITY_UNASSIGNED,GF3A_DIRECTIONAL_WRITE_EXHAUSTED_PRIMALITY_UNASSIGNED,513,512,512,NO_RECORDED_FACTOR_PRP_OR_LL_RESULT_AND_NO_ACTIVE_GIMPS_ASSIGNMENT,2026-08-08T19:16:24+00:00,UNALLOCATED,,,,,
SLCMP700-0728,728,728,317288281,2^317288281-1,STRUCTURAL_SCREEN_EXHAUSTED_PRIMALITY_UNASSIGNED,GF3A_DIRECTIONAL_WRITE_EXHAUSTED_PRIMALITY_UNASSIGNED,513,512,512,NO_RECORDED_FACTOR_PRP_OR_LL_RESULT_AND_NO_ACTIVE_GIMPS_ASSIGNMENT,2026-08-08T19:16:24+00:00,UNALLOCATED,,,,,
SLCMP700-0729,729,729,317288303,2^317288303-1,STRUCTURAL_SCREEN_EXHAUSTED_PRIMALITY_UNASSIGNED,GF3A_DIRECTIONAL_WRITE_EXHAUSTED_PRIMALITY_UNASSIGNED,514,512,512,NO_RECORDED_FACTOR_PRP_OR_LL_RESULT_AND_NO_ACTIVE_GIMPS_ASSIGNMENT,2026-08-08T19:16:24+00:00,UNALLOCATED,,,,,
SLCMP700-0730,730,730,317288311,2^317288311-1,STRUCTURAL_SCREEN_EXHAUSTED_PRIMALITY_UNASSIGNED,GF3A_DIRECTIONAL_WRITE_EXHAUSTED_PRIMALITY_UNASSIGNED,514,512,512,NO_RECORDED_FACTOR_PRP_OR_LL_RESULT_AND_NO_ACTIVE_GIMPS_ASSIGNMENT,2026-08-08T19:16:24+00:00,UNALLOCATED,,,,,
SLCMP700-0731,731,731,317288327,2^317288327-1,STRUCTURAL_SCREEN_EXHAUSTED_PRIMALITY_UNASSIGNED,GF3A_DIRECTIONAL_WRITE_EXHAUSTED_PRIMALITY_UNASSIGNED,514,512,512,NO_RECORDED_FACTOR_PRP_OR_LL_RESULT_AND_NO_ACTIVE_GIMPS_ASSIGNMENT,2026-08-08T19:16:24+00:00,UNALLOCATED,,,,,
SLCMP700-0732,732,732,317288423,2^317288423-1,STRUCTURAL_SCREEN_EXHAUSTED_PRIMALITY_UNASSIGNED,GF3A_DIRECTIONAL_WRITE_EXHAUSTED_PRIMALITY_UNASSIGNED,514,512,512,NO_RECORDED_FACTOR_PRP_OR_LL_RESULT_AND_NO_ACTIVE_GIMPS_ASSIGNMENT,2026-08-08T19:16:24+00:00,UNALLOCATED,,,,,
SLCMP700-0733,733,733,317288453,2^317288453-1,STRUCTURAL_SCREEN_EXHAUSTED_PRIMALITY_UNASSIGNED,GF3A_DIRECTIONAL_WRITE_EXHAUSTED_PRIMALITY_UNASSIGNED,513,512,512,NO_RECORDED_FACTOR_PRP_OR_LL_RESULT_AND_NO_ACTIVE_GIMPS_ASSIGNMENT,2026-08-08T19:16:24+00:00,UNALLOCATED,,,,,
SLCMP700-0734,734,734,317288509,2^317288509-1,STRUCTURAL_SCREEN_EXHAUSTED_PRIMALITY_UNASSIGNED,GF3A_DIRECTIONAL_WRITE_EXHAUSTED_PRIMALITY_UNASSIGNED,513,512,512,NO_RECORDED_FACTOR_PRP_OR_LL_RESULT_AND_NO_ACTIVE_GIMPS_ASSIGNMENT,2026-08-08T19:16:24+00:00,UNALLOCATED,,,,,
SLCMP700-0735,735,735,317288539,2^317288539-1,STRUCTURAL_SCREEN_EXHAUSTED_PRIMALITY_UNASSIGNED,GF3A_DIRECTIONAL_WRITE_EXHAUSTED_PRIMALITY_UNASSIGNED,514,512,512,NO_RECORDED_FACTOR_PRP_OR_LL_RESULT_AND_NO_ACTIVE_GIMPS_ASSIGNMENT,2026-08-08T19:16:24+00:00,UNALLOCATED,,,,,
SLCMP700-0736,736,736,317288551,2^317288551-1,STRUCTURAL_SCREEN_EXHAUSTED_PRIMALITY_UNASSIGNED,GF3A_DIRECTIONAL_WRITE_EXHAUSTED_PRIMALITY_UNASSIGNED,514,512,512,NO_RECORDED_FACTOR_PRP_OR_LL_RESULT_AND_NO_ACTIVE_GIMPS_ASSIGNMENT,2026-08-08T19:16:24+00:00,UNALLOCATED,,,,,
SLCMP700-0737,737,737,317288557,2^317288557-1,STRUCTURAL_SCREEN_EXHAUSTED_PRIMALITY_UNASSIGNED,GF3A_DIRECTIONAL_WRITE_EXHAUSTED_PRIMALITY_UNASSIGNED,513,512,512,NO_RECORDED_FACTOR_PRP_OR_LL_RESULT_AND_NO_ACTIVE_GIMPS_ASSIGNMENT,2026-08-08T19:16:24+00:00,UNALLOCATED,,,,,
SLCMP700-0738,738,738,317288603,2^317288603-1,STRUCTURAL_SCREEN_EXHAUSTED_PRIMALITY_UNASSIGNED,GF3A_DIRECTIONAL_WRITE_EXHAUSTED_PRIMALITY_UNASSIGNED,514,512,512,NO_RECORDED_FACTOR_PRP_OR_LL_RESULT_AND_NO_ACTIVE_GIMPS_ASSIGNMENT,2026-08-08T19:16:24+00:00,UNALLOCATED,,,,,
SLCMP700-0739,739,739,317288659,2^317288659-1,STRUCTURAL_SCREEN_EXHAUSTED_PRIMALITY_UNASSIGNED,GF3A_DIRECTIONAL_WRITE_EXHAUSTED_PRIMALITY_UNASSIGNED,514,512,512,NO_RECORDED_FACTOR_PRP_OR_LL_RESULT_AND_NO_ACTIVE_GIMPS_ASSIGNMENT,2026-08-08T19:16:24+00:00,UNALLOCATED,,,,,
SLCMP700-0740,740,740,317288669,2^317288669-1,STRUCTURAL_SCREEN_EXHAUSTED_PRIMALITY_UNASSIGNED,GF3A_DIRECTIONAL_WRITE_EXHAUSTED_PRIMALITY_UNASSIGNED,513,512,512,NO_RECORDED_FACTOR_PRP_OR_LL_RESULT_AND_NO_ACTIVE_GIMPS_ASSIGNMENT,2026-08-08T19:16:24+00:00,UNALLOCATED,,,,,
SLCMP700-0741,741,741,317288683,2^317288683-1,STRUCTURAL_SCREEN_EXHAUSTED_PRIMALITY_UNASSIGNED,GF3A_DIRECTIONAL_WRITE_EXHAUSTED_PRIMALITY_UNASSIGNED,514,512,512,NO_RECORDED_FACTOR_PRP_OR_LL_RESULT_AND_NO_ACTIVE_GIMPS_ASSIGNMENT,2026-08-08T19:16:24+00:00,UNALLOCATED,,,,,
SLCMP700-0742,742,742,317288707,2^317288707-1,STRUCTURAL_SCREEN_EXHAUSTED_PRIMALITY_UNASSIGNED,GF3A_DIRECTIONAL_WRITE_EXHAUSTED_PRIMALITY_UNASSIGNED,514,512,512,NO_RECORDED_FACTOR_PRP_OR_LL_RESULT_AND_NO_ACTIVE_GIMPS_ASSIGNMENT,2026-08-08T19:16:24+00:00,UNALLOCATED,,,,,
SLCMP700-0743,743,743,317288891,2^317288891-1,STRUCTURAL_SCREEN_EXHAUSTED_PRIMALITY_UNASSIGNED,GF3A_DIRECTIONAL_WRITE_EXHAUSTED_PRIMALITY_UNASSIGNED,514,512,512,NO_RECORDED_FACTOR_PRP_OR_LL_RESULT_AND_NO_ACTIVE_GIMPS_ASSIGNMENT,2026-08-08T19:16:24+00:00,UNALLOCATED,,,,,
SLCMP700-0744,744,744,317288921,2^317288921-1,STRUCTURAL_SCREEN_EXHAUSTED_PRIMALITY_UNASSIGNED,GF3A_DIRECTIONAL_WRITE_EXHAUSTED_PRIMALITY_UNASSIGNED,513,512,512,NO_RECORDED_FACTOR_PRP_OR_LL_RESULT_AND_NO_ACTIVE_GIMPS_ASSIGNMENT,2026-08-08T19:16:24+00:00,UNALLOCATED,,,,,
SLCMP700-0745,745,745,317288981,2^317288981-1,STRUCTURAL_SCREEN_EXHAUSTED_PRIMALITY_UNASSIGNED,GF3A_DIRECTIONAL_WRITE_EXHAUSTED_PRIMALITY_UNASSIGNED,513,512,512,NO_RECORDED_FACTOR_PRP_OR_LL_RESULT_AND_NO_ACTIVE_GIMPS_ASSIGNMENT,2026-08-08T19:16:24+00:00,UNALLOCATED,,,,,
SLCMP700-0746,746,746,317289013,2^317289013-1,STRUCTURAL_SCREEN_EXHAUSTED_PRIMALITY_UNASSIGNED,GF3A_DIRECTIONAL_WRITE_EXHAUSTED_PRIMALITY_UNASSIGNED,513,512,512,NO_RECORDED_FACTOR_PRP_OR_LL_RESULT_AND_NO_ACTIVE_GIMPS_ASSIGNMENT,2026-08-08T19:16:24+00:00,UNALLOCATED,,,,,
SLCMP700-0747,747,747,317289101,2^317289101-1,STRUCTURAL_SCREEN_EXHAUSTED_PRIMALITY_UNASSIGNED,GF3A_DIRECTIONAL_WRITE_EXHAUSTED_PRIMALITY_UNASSIGNED,513,512,512,NO_RECORDED_FACTOR_PRP_OR_LL_RESULT_AND_NO_ACTIVE_GIMPS_ASSIGNMENT,2026-08-08T19:16:24+00:00,UNALLOCATED,,,,,
SLCMP700-0748,748,748,317289103,2^317289103-1,STRUCTURAL_SCREEN_EXHAUSTED_PRIMALITY_UNASSIGNED,GF3A_DIRECTIONAL_WRITE_EXHAUSTED_PRIMALITY_UNASSIGNED,514,512,512,NO_RECORDED_FACTOR_PRP_OR_LL_RESULT_AND_NO_ACTIVE_GIMPS_ASSIGNMENT,2026-08-08T19:16:24+00:00,UNALLOCATED,,,,,
SLCMP700-0749,749,749,317289109,2^317289109-1,STRUCTURAL_SCREEN_EXHAUSTED_PRIMALITY_UNASSIGNED,GF3A_DIRECTIONAL_WRITE_EXHAUSTED_PRIMALITY_UNASSIGNED,513,512,512,NO_RECORDED_FACTOR_PRP_OR_LL_RESULT_AND_NO_ACTIVE_GIMPS_ASSIGNMENT,2026-08-08T19:16:24+00:00,UNALLOCATED,,,,,
SLCMP700-0750,750,750,317289229,2^317289229-1,STRUCTURAL_SCREEN_EXHAUSTED_PRIMALITY_UNASSIGNED,GF3A_DIRECTIONAL_WRITE_EXHAUSTED_PRIMALITY_UNASSIGNED,513,512,512,NO_RECORDED_FACTOR_PRP_OR_LL_RESULT_AND_NO_ACTIVE_GIMPS_ASSIGNMENT,2026-08-08T19:16:24+00:00,UNALLOCATED,,,,,
SLCMP700-0751,751,751,317289257,2^317289257-1,STRUCTURAL_SCREEN_EXHAUSTED_PRIMALITY_UNASSIGNED,GF3A_DIRECTIONAL_WRITE_EXHAUSTED_PRIMALITY_UNASSIGNED,513,512,512,NO_RECORDED_FACTOR_PRP_OR_LL_RESULT_AND_NO_ACTIVE_GIMPS_ASSIGNMENT,2026-08-08T19:16:24+00:00,UNALLOCATED,,,,,
SLCMP700-0752,752,752,317289331,2^317289331-1,STRUCTURAL_SCREEN_EXHAUSTED_PRIMALITY_UNASSIGNED,GF3A_DIRECTIONAL_WRITE_EXHAUSTED_PRIMALITY_UNASSIGNED,514,512,512,NO_RECORDED_FACTOR_PRP_OR_LL_RESULT_AND_NO_ACTIVE_GIMPS_ASSIGNMENT,2026-08-08T19:16:24+00:00,UNALLOCATED,,,,,
SLCMP700-0753,753,753,317289367,2^317289367-1,STRUCTURAL_SCREEN_EXHAUSTED_PRIMALITY_UNASSIGNED,GF3A_DIRECTIONAL_WRITE_EXHAUSTED_PRIMALITY_UNASSIGNED,514,512,512,NO_RECORDED_FACTOR_PRP_OR_LL_RESULT_AND_NO_ACTIVE_GIMPS_ASSIGNMENT,2026-08-08T19:16:24+00:00,UNALLOCATED,,,,,
SLCMP700-0754,754,754,317289409,2^317289409-1,STRUCTURAL_SCREEN_EXHAUSTED_PRIMALITY_UNASSIGNED,GF3A_DIRECTIONAL_WRITE_EXHAUSTED_PRIMALITY_UNASSIGNED,513,512,512,NO_RECORDED_FACTOR_PRP_OR_LL_RESULT_AND_NO_ACTIVE_GIMPS_ASSIGNMENT,2026-08-08T19:16:24+00:00,UNALLOCATED,,,,,
SLCMP700-0755,755,755,317289437,2^317289437-1,STRUCTURAL_SCREEN_EXHAUSTED_PRIMALITY_UNASSIGNED,GF3A_DIRECTIONAL_WRITE_EXHAUSTED_PRIMALITY_UNASSIGNED,513,512,512,NO_RECORDED_FACTOR_PRP_OR_LL_RESULT_AND_NO_ACTIVE_GIMPS_ASSIGNMENT,2026-08-08T19:16:24+00:00,UNALLOCATED,,,,,
SLCMP700-0756,756,756,317289481,2^317289481-1,STRUCTURAL_SCREEN_EXHAUSTED_PRIMALITY_UNASSIGNED,GF3A_DIRECTIONAL_WRITE_EXHAUSTED_PRIMALITY_UNASSIGNED,513,512,512,NO_RECORDED_FACTOR_PRP_OR_LL_RESULT_AND_NO_ACTIVE_GIMPS_ASSIGNMENT,2026-08-08T19:16:24+00:00,UNALLOCATED,,,,,
SLCMP700-0757,757,757,317289571,2^317289571-1,STRUCTURAL_SCREEN_EXHAUSTED_PRIMALITY_UNASSIGNED,GF3A_DIRECTIONAL_WRITE_EXHAUSTED_PRIMALITY_UNASSIGNED,514,512,512,NO_RECORDED_FACTOR_PRP_OR_LL_RESULT_AND_NO_ACTIVE_GIMPS_ASSIGNMENT,2026-08-08T19:16:24+00:00,UNALLOCATED,,,,,
SLCMP700-0758,758,758,317289587,2^317289587-1,STRUCTURAL_SCREEN_EXHAUSTED_PRIMALITY_UNASSIGNED,GF3A_DIRECTIONAL_WRITE_EXHAUSTED_PRIMALITY_UNASSIGNED,514,512,512,NO_RECORDED_FACTOR_PRP_OR_LL_RESULT_AND_NO_ACTIVE_GIMPS_ASSIGNMENT,2026-08-08T19:16:24+00:00,UNALLOCATED,,,,,
SLCMP700-0759,759,759,317289593,2^317289593-1,STRUCTURAL_SCREEN_EXHAUSTED_PRIMALITY_UNASSIGNED,GF3A_DIRECTIONAL_WRITE_EXHAUSTED_PRIMALITY_UNASSIGNED,513,512,512,NO_RECORDED_FACTOR_PRP_OR_LL_RESULT_AND_NO_ACTIVE_GIMPS_ASSIGNMENT,2026-08-08T19:16:24+00:00,UNALLOCATED,,,,,
SLCMP700-0760,760,760,317289629,2^317289629-1,STRUCTURAL_SCREEN_EXHAUSTED_PRIMALITY_UNASSIGNED,GF3A_DIRECTIONAL_WRITE_EXHAUSTED_PRIMALITY_UNASSIGNED,513,512,512,NO_RECORDED_FACTOR_PRP_OR_LL_RESULT_AND_NO_ACTIVE_GIMPS_ASSIGNMENT,2026-08-08T19:16:24+00:00,UNALLOCATED,,,,,
SLCMP700-0761,761,761,317289631,2^317289631-1,STRUCTURAL_SCREEN_EXHAUSTED_PRIMALITY_UNASSIGNED,GF3A_DIRECTIONAL_WRITE_EXHAUSTED_PRIMALITY_UNASSIGNED,514,512,512,NO_RECORDED_FACTOR_PRP_OR_LL_RESULT_AND_NO_ACTIVE_GIMPS_ASSIGNMENT,2026-08-08T19:16:24+00:00,UNALLOCATED,,,,,
SLCMP700-0762,762,762,317289757,2^317289757-1,STRUCTURAL_SCREEN_EXHAUSTED_PRIMALITY_UNASSIGNED,GF3A_DIRECTIONAL_WRITE_EXHAUSTED_PRIMALITY_UNASSIGNED,513,512,512,NO_RECORDED_FACTOR_PRP_OR_LL_RESULT_AND_NO_ACTIVE_GIMPS_ASSIGNMENT,2026-08-08T19:16:24+00:00,UNALLOCATED,,,,,
SLCMP700-0763,763,763,317289767,2^317289767-1,STRUCTURAL_SCREEN_EXHAUSTED_PRIMALITY_UNASSIGNED,GF3A_DIRECTIONAL_WRITE_EXHAUSTED_PRIMALITY_UNASSIGNED,514,512,512,NO_RECORDED_FACTOR_PRP_OR_LL_RESULT_AND_NO_ACTIVE_GIMPS_ASSIGNMENT,2026-08-08T19:16:24+00:00,UNALLOCATED,,,,,
SLCMP700-0764,764,764,317289883,2^317289883-1,STRUCTURAL_SCREEN_EXHAUSTED_PRIMALITY_UNASSIGNED,GF3A_DIRECTIONAL_WRITE_EXHAUSTED_PRIMALITY_UNASSIGNED,514,512,512,NO_RECORDED_FACTOR_PRP_OR_LL_RESULT_AND_NO_ACTIVE_GIMPS_ASSIGNMENT,2026-08-08T19:16:24+00:00,UNALLOCATED,,,,,
SLCMP700-0765,765,765,317289893,2^317289893-1,STRUCTURAL_SCREEN_EXHAUSTED_PRIMALITY_UNASSIGNED,GF3A_DIRECTIONAL_WRITE_EXHAUSTED_PRIMALITY_UNASSIGNED,513,512,512,NO_RECORDED_FACTOR_PRP_OR_LL_RESULT_AND_NO_ACTIVE_GIMPS_ASSIGNMENT,2026-08-08T19:16:24+00:00,UNALLOCATED,,,,,
SLCMP700-0766,766,766,317289971,2^317289971-1,STRUCTURAL_SCREEN_EXHAUSTED_PRIMALITY_UNASSIGNED,GF3A_DIRECTIONAL_WRITE_EXHAUSTED_PRIMALITY_UNASSIGNED,514,512,512,NO_RECORDED_FACTOR_PRP_OR_LL_RESULT_AND_NO_ACTIVE_GIMPS_ASSIGNMENT,2026-08-08T19:16:24+00:00,UNALLOCATED,,,,,
SLCMP700-0767,767,767,317290003,2^317290003-1,STRUCTURAL_SCREEN_EXHAUSTED_PRIMALITY_UNASSIGNED,GF3A_DIRECTIONAL_WRITE_EXHAUSTED_PRIMALITY_UNASSIGNED,514,512,512,NO_RECORDED_FACTOR_PRP_OR_LL_RESULT_AND_NO_ACTIVE_GIMPS_ASSIGNMENT,2026-08-08T19:16:24+00:00,UNALLOCATED,,,,,
SLCMP700-0768,768,768,317290013,2^317290013-1,STRUCTURAL_SCREEN_EXHAUSTED_PRIMALITY_UNASSIGNED,GF3A_DIRECTIONAL_WRITE_EXHAUSTED_PRIMALITY_UNASSIGNED,513,512,512,NO_RECORDED_FACTOR_PRP_OR_LL_RESULT_AND_NO_ACTIVE_GIMPS_ASSIGNMENT,2026-08-08T19:16:24+00:00,UNALLOCATED,,,,,
SLCMP700-0769,769,769,317290033,2^317290033-1,STRUCTURAL_SCREEN_EXHAUSTED_PRIMALITY_UNASSIGNED,GF3A_DIRECTIONAL_WRITE_EXHAUSTED_PRIMALITY_UNASSIGNED,513,512,512,NO_RECORDED_FACTOR_PRP_OR_LL_RESULT_AND_NO_ACTIVE_GIMPS_ASSIGNMENT,2026-08-08T19:16:24+00:00,UNALLOCATED,,,,,
SLCMP700-0770,770,770,317290049,2^317290049-1,STRUCTURAL_SCREEN_EXHAUSTED_PRIMALITY_UNASSIGNED,GF3A_DIRECTIONAL_WRITE_EXHAUSTED_PRIMALITY_UNASSIGNED,513,512,512,NO_RECORDED_FACTOR_PRP_OR_LL_RESULT_AND_NO_ACTIVE_GIMPS_ASSIGNMENT,2026-08-08T19:16:24+00:00,UNALLOCATED,,,,,
SLCMP700-0771,771,771,317290081,2^317290081-1,STRUCTURAL_SCREEN_EXHAUSTED_PRIMALITY_UNASSIGNED,GF3A_DIRECTIONAL_WRITE_EXHAUSTED_PRIMALITY_UNASSIGNED,513,512,512,NO_RECORDED_FACTOR_PRP_OR_LL_RESULT_AND_NO_ACTIVE_GIMPS_ASSIGNMENT,2026-08-08T19:16:24+00:00,UNALLOCATED,,,,,
SLCMP700-0772,772,772,317290111,2^317290111-1,STRUCTURAL_SCREEN_EXHAUSTED_PRIMALITY_UNASSIGNED,GF3A_DIRECTIONAL_WRITE_EXHAUSTED_PRIMALITY_UNASSIGNED,514,512,512,NO_RECORDED_FACTOR_PRP_OR_LL_RESULT_AND_NO_ACTIVE_GIMPS_ASSIGNMENT,2026-08-08T19:16:24+00:00,UNALLOCATED,,,,,
SLCMP700-0773,773,773,317290123,2^317290123-1,STRUCTURAL_SCREEN_EXHAUSTED_PRIMALITY_UNASSIGNED,GF3A_DIRECTIONAL_WRITE_EXHAUSTED_PRIMALITY_UNASSIGNED,514,512,512,NO_RECORDED_FACTOR_PRP_OR_LL_RESULT_AND_NO_ACTIVE_GIMPS_ASSIGNMENT,2026-08-08T19:16:24+00:00,UNALLOCATED,,,,,
SLCMP700-0774,774,774,317290231,2^317290231-1,STRUCTURAL_SCREEN_EXHAUSTED_PRIMALITY_UNASSIGNED,GF3A_DIRECTIONAL_WRITE_EXHAUSTED_PRIMALITY_UNASSIGNED,514,512,512,NO_RECORDED_FACTOR_PRP_OR_LL_RESULT_AND_NO_ACTIVE_GIMPS_ASSIGNMENT,2026-08-08T19:16:24+00:00,UNALLOCATED,,,,,
SLCMP700-0775,775,775,317290241,2^317290241-1,STRUCTURAL_SCREEN_EXHAUSTED_PRIMALITY_UNASSIGNED,GF3A_DIRECTIONAL_WRITE_EXHAUSTED_PRIMALITY_UNASSIGNED,513,512,512,NO_RECORDED_FACTOR_PRP_OR_LL_RESULT_AND_NO_ACTIVE_GIMPS_ASSIGNMENT,2026-08-08T19:16:24+00:00,UNALLOCATED,,,,,
SLCMP700-0776,776,776,317290283,2^317290283-1,STRUCTURAL_SCREEN_EXHAUSTED_PRIMALITY_UNASSIGNED,GF3A_DIRECTIONAL_WRITE_EXHAUSTED_PRIMALITY_UNASSIGNED,514,512,512,NO_RECORDED_FACTOR_PRP_OR_LL_RESULT_AND_NO_ACTIVE_GIMPS_ASSIGNMENT,2026-08-08T19:16:24+00:00,UNALLOCATED,,,,,
SLCMP700-0777,777,777,317290289,2^317290289-1,STRUCTURAL_SCREEN_EXHAUSTED_PRIMALITY_UNASSIGNED,GF3A_DIRECTIONAL_WRITE_EXHAUSTED_PRIMALITY_UNASSIGNED,513,512,512,NO_RECORDED_FACTOR_PRP_OR_LL_RESULT_AND_NO_ACTIVE_GIMPS_ASSIGNMENT,2026-08-08T19:16:24+00:00,UNALLOCATED,,,,,
SLCMP700-0778,778,778,317290387,2^317290387-1,STRUCTURAL_SCREEN_EXHAUSTED_PRIMALITY_UNASSIGNED,GF3A_DIRECTIONAL_WRITE_EXHAUSTED_PRIMALITY_UNASSIGNED,514,512,512,NO_RECORDED_FACTOR_PRP_OR_LL_RESULT_AND_NO_ACTIVE_GIMPS_ASSIGNMENT,2026-08-08T19:16:24+00:00,UNALLOCATED,,,,,
SLCMP700-0779,779,779,317290427,2^317290427-1,STRUCTURAL_SCREEN_EXHAUSTED_PRIMALITY_UNASSIGNED,GF3A_DIRECTIONAL_WRITE_EXHAUSTED_PRIMALITY_UNASSIGNED,514,512,512,NO_RECORDED_FACTOR_PRP_OR_LL_RESULT_AND_NO_ACTIVE_GIMPS_ASSIGNMENT,2026-08-08T19:16:24+00:00,UNALLOCATED,,,,,
SLCMP700-0780,780,780,317290447,2^317290447-1,STRUCTURAL_SCREEN_EXHAUSTED_PRIMALITY_UNASSIGNED,GF3A_DIRECTIONAL_WRITE_EXHAUSTED_PRIMALITY_UNASSIGNED,514,512,512,NO_RECORDED_FACTOR_PRP_OR_LL_RESULT_AND_NO_ACTIVE_GIMPS_ASSIGNMENT,2026-08-08T19:16:24+00:00,UNALLOCATED,,,,,
SLCMP700-0781,781,781,317290453,2^317290453-1,STRUCTURAL_SCREEN_EXHAUSTED_PRIMALITY_UNASSIGNED,GF3A_DIRECTIONAL_WRITE_EXHAUSTED_PRIMALITY_UNASSIGNED,513,512,512,NO_RECORDED_FACTOR_PRP_OR_LL_RESULT_AND_NO_ACTIVE_GIMPS_ASSIGNMENT,2026-08-08T19:16:24+00:00,UNALLOCATED,,,,,
SLCMP700-0782,782,782,317290469,2^317290469-1,STRUCTURAL_SCREEN_EXHAUSTED_PRIMALITY_UNASSIGNED,GF3A_DIRECTIONAL_WRITE_EXHAUSTED_PRIMALITY_UNASSIGNED,513,512,512,NO_RECORDED_FACTOR_PRP_OR_LL_RESULT_AND_NO_ACTIVE_GIMPS_ASSIGNMENT,2026-08-08T19:16:24+00:00,UNALLOCATED,,,,,
SLCMP700-0783,783,783,317290511,2^317290511-1,STRUCTURAL_SCREEN_EXHAUSTED_PRIMALITY_UNASSIGNED,GF3A_DIRECTIONAL_WRITE_EXHAUSTED_PRIMALITY_UNASSIGNED,514,512,512,NO_RECORDED_FACTOR_PRP_OR_LL_RESULT_AND_NO_ACTIVE_GIMPS_ASSIGNMENT,2026-08-08T19:16:24+00:00,UNALLOCATED,,,,,
SLCMP700-0784,784,784,317290517,2^317290517-1,STRUCTURAL_SCREEN_EXHAUSTED_PRIMALITY_UNASSIGNED,GF3A_DIRECTIONAL_WRITE_EXHAUSTED_PRIMALITY_UNASSIGNED,513,512,512,NO_RECORDED_FACTOR_PRP_OR_LL_RESULT_AND_NO_ACTIVE_GIMPS_ASSIGNMENT,2026-08-08T19:16:24+00:00,UNALLOCATED,,,,,
SLCMP700-0785,785,785,317290531,2^317290531-1,STRUCTURAL_SCREEN_EXHAUSTED_PRIMALITY_UNASSIGNED,GF3A_DIRECTIONAL_WRITE_EXHAUSTED_PRIMALITY_UNASSIGNED,514,512,512,NO_RECORDED_FACTOR_PRP_OR_LL_RESULT_AND_NO_ACTIVE_GIMPS_ASSIGNMENT,2026-08-08T19:16:24+00:00,UNALLOCATED,,,,,
SLCMP700-0786,786,786,317290621,2^317290621-1,STRUCTURAL_SCREEN_EXHAUSTED_PRIMALITY_UNASSIGNED,GF3A_DIRECTIONAL_WRITE_EXHAUSTED_PRIMALITY_UNASSIGNED,513,512,512,NO_RECORDED_FACTOR_PRP_OR_LL_RESULT_AND_NO_ACTIVE_GIMPS_ASSIGNMENT,2026-08-08T19:16:24+00:00,UNALLOCATED,,,,,
SLCMP700-0787,787,787,317290663,2^317290663-1,STRUCTURAL_SCREEN_EXHAUSTED_PRIMALITY_UNASSIGNED,GF3A_DIRECTIONAL_WRITE_EXHAUSTED_PRIMALITY_UNASSIGNED,514,512,512,NO_RECORDED_FACTOR_PRP_OR_LL_RESULT_AND_NO_ACTIVE_GIMPS_ASSIGNMENT,2026-08-08T19:16:24+00:00,UNALLOCATED,,,,,
SLCMP700-0788,788,788,317290717,2^317290717-1,STRUCTURAL_SCREEN_EXHAUSTED_PRIMALITY_UNASSIGNED,GF3A_DIRECTIONAL_WRITE_EXHAUSTED_PRIMALITY_UNASSIGNED,513,512,512,NO_RECORDED_FACTOR_PRP_OR_LL_RESULT_AND_NO_ACTIVE_GIMPS_ASSIGNMENT,2026-08-08T19:16:24+00:00,UNALLOCATED,,,,,
SLCMP700-0789,789,789,317290723,2^317290723-1,STRUCTURAL_SCREEN_EXHAUSTED_PRIMALITY_UNASSIGNED,GF3A_DIRECTIONAL_WRITE_EXHAUSTED_PRIMALITY_UNASSIGNED,514,512,512,NO_RECORDED_FACTOR_PRP_OR_LL_RESULT_AND_NO_ACTIVE_GIMPS_ASSIGNMENT,2026-08-08T19:16:24+00:00,UNALLOCATED,,,,,
SLCMP700-0790,790,790,317290739,2^317290739-1,STRUCTURAL_SCREEN_EXHAUSTED_PRIMALITY_UNASSIGNED,GF3A_DIRECTIONAL_WRITE_EXHAUSTED_PRIMALITY_UNASSIGNED,514,512,512,NO_RECORDED_FACTOR_PRP_OR_LL_RESULT_AND_NO_ACTIVE_GIMPS_ASSIGNMENT,2026-08-08T19:16:24+00:00,UNALLOCATED,,,,,
SLCMP700-0791,791,791,317290879,2^317290879-1,STRUCTURAL_SCREEN_EXHAUSTED_PRIMALITY_UNASSIGNED,GF3A_DIRECTIONAL_WRITE_EXHAUSTED_PRIMALITY_UNASSIGNED,514,512,512,NO_RECORDED_FACTOR_PRP_OR_LL_RESULT_AND_NO_ACTIVE_GIMPS_ASSIGNMENT,2026-08-08T19:16:24+00:00,UNALLOCATED,,,,,
SLCMP700-0792,792,792,317290927,2^317290927-1,STRUCTURAL_SCREEN_EXHAUSTED_PRIMALITY_UNASSIGNED,GF3A_DIRECTIONAL_WRITE_EXHAUSTED_PRIMALITY_UNASSIGNED,514,512,512,NO_RECORDED_FACTOR_PRP_OR_LL_RESULT_AND_NO_ACTIVE_GIMPS_ASSIGNMENT,2026-08-08T19:16:24+00:00,UNALLOCATED,,,,,
SLCMP700-0793,793,793,317290993,2^317290993-1,STRUCTURAL_SCREEN_EXHAUSTED_PRIMALITY_UNASSIGNED,GF3A_DIRECTIONAL_WRITE_EXHAUSTED_PRIMALITY_UNASSIGNED,513,512,512,NO_RECORDED_FACTOR_PRP_OR_LL_RESULT_AND_NO_ACTIVE_GIMPS_ASSIGNMENT,2026-08-08T19:16:24+00:00,UNALLOCATED,,,,,
SLCMP700-0794,794,794,317291063,2^317291063-1,STRUCTURAL_SCREEN_EXHAUSTED_PRIMALITY_UNASSIGNED,GF3A_DIRECTIONAL_WRITE_EXHAUSTED_PRIMALITY_UNASSIGNED,514,512,512,NO_RECORDED_FACTOR_PRP_OR_LL_RESULT_AND_NO_ACTIVE_GIMPS_ASSIGNMENT,2026-08-08T19:16:24+00:00,UNALLOCATED,,,,,
SLCMP700-0795,795,795,317291099,2^317291099-1,STRUCTURAL_SCREEN_EXHAUSTED_PRIMALITY_UNASSIGNED,GF3A_DIRECTIONAL_WRITE_EXHAUSTED_PRIMALITY_UNASSIGNED,514,512,512,NO_RECORDED_FACTOR_PRP_OR_LL_RESULT_AND_NO_ACTIVE_GIMPS_ASSIGNMENT,2026-08-08T19:16:24+00:00,UNALLOCATED,,,,,
SLCMP700-0796,796,796,317291101,2^317291101-1,STRUCTURAL_SCREEN_EXHAUSTED_PRIMALITY_UNASSIGNED,GF3A_DIRECTIONAL_WRITE_EXHAUSTED_PRIMALITY_UNASSIGNED,513,512,512,NO_RECORDED_FACTOR_PRP_OR_LL_RESULT_AND_NO_ACTIVE_GIMPS_ASSIGNMENT,2026-08-08T19:16:24+00:00,UNALLOCATED,,,,,
SLCMP700-0797,797,797,317291209,2^317291209-1,STRUCTURAL_SCREEN_EXHAUSTED_PRIMALITY_UNASSIGNED,GF3A_DIRECTIONAL_WRITE_EXHAUSTED_PRIMALITY_UNASSIGNED,513,512,512,NO_RECORDED_FACTOR_PRP_OR_LL_RESULT_AND_NO_ACTIVE_GIMPS_ASSIGNMENT,2026-08-08T19:16:24+00:00,UNALLOCATED,,,,,
SLCMP700-0798,798,798,317291287,2^317291287-1,STRUCTURAL_SCREEN_EXHAUSTED_PRIMALITY_UNASSIGNED,GF3A_DIRECTIONAL_WRITE_EXHAUSTED_PRIMALITY_UNASSIGNED,514,512,512,NO_RECORDED_FACTOR_PRP_OR_LL_RESULT_AND_NO_ACTIVE_GIMPS_ASSIGNMENT,2026-08-08T19:16:24+00:00,UNALLOCATED,,,,,
SLCMP700-0799,799,799,317291309,2^317291309-1,STRUCTURAL_SCREEN_EXHAUSTED_PRIMALITY_UNASSIGNED,GF3A_DIRECTIONAL_WRITE_EXHAUSTED_PRIMALITY_UNASSIGNED,513,512,512,NO_RECORDED_FACTOR_PRP_OR_LL_RESULT_AND_NO_ACTIVE_GIMPS_ASSIGNMENT,2026-08-08T19:16:24+00:00,UNALLOCATED,,,,,
SLCMP700-0800,800,800,317291363,2^317291363-1,STRUCTURAL_SCREEN_EXHAUSTED_PRIMALITY_UNASSIGNED,GF3A_DIRECTIONAL_WRITE_EXHAUSTED_PRIMALITY_UNASSIGNED,514,512,512,NO_RECORDED_FACTOR_PRP_OR_LL_RESULT_AND_NO_ACTIVE_GIMPS_ASSIGNMENT,2026-08-08T19:16:24+00:00,UNALLOCATED,,,,,
SLCMP700-0801,801,801,317291369,2^317291369-1,STRUCTURAL_SCREEN_EXHAUSTED_PRIMALITY_UNASSIGNED,GF3A_DIRECTIONAL_WRITE_EXHAUSTED_PRIMALITY_UNASSIGNED,513,512,512,NO_RECORDED_FACTOR_PRP_OR_LL_RESULT_AND_NO_ACTIVE_GIMPS_ASSIGNMENT,2026-08-08T19:16:24+00:00,UNALLOCATED,,,,,
SLCMP700-0802,802,802,317291389,2^317291389-1,STRUCTURAL_SCREEN_EXHAUSTED_PRIMALITY_UNASSIGNED,GF3A_DIRECTIONAL_WRITE_EXHAUSTED_PRIMALITY_UNASSIGNED,513,512,512,NO_RECORDED_FACTOR_PRP_OR_LL_RESULT_AND_NO_ACTIVE_GIMPS_ASSIGNMENT,2026-08-08T19:16:24+00:00,UNALLOCATED,,,,,
SLCMP700-0803,803,803,317291551,2^317291551-1,STRUCTURAL_SCREEN_EXHAUSTED_PRIMALITY_UNASSIGNED,GF3A_DIRECTIONAL_WRITE_EXHAUSTED_PRIMALITY_UNASSIGNED,514,512,512,NO_RECORDED_FACTOR_PRP_OR_LL_RESULT_AND_NO_ACTIVE_GIMPS_ASSIGNMENT,2026-08-08T19:16:24+00:00,UNALLOCATED,,,,,
SLCMP700-0804,804,804,317291629,2^317291629-1,STRUCTURAL_SCREEN_EXHAUSTED_PRIMALITY_UNASSIGNED,GF3A_DIRECTIONAL_WRITE_EXHAUSTED_PRIMALITY_UNASSIGNED,513,512,512,NO_RECORDED_FACTOR_PRP_OR_LL_RESULT_AND_NO_ACTIVE_GIMPS_ASSIGNMENT,2026-08-08T19:16:24+00:00,UNALLOCATED,,,,,
SLCMP700-0805,805,805,317291717,2^317291717-1,STRUCTURAL_SCREEN_EXHAUSTED_PRIMALITY_UNASSIGNED,GF3A_DIRECTIONAL_WRITE_EXHAUSTED_PRIMALITY_UNASSIGNED,513,512,512,NO_RECORDED_FACTOR_PRP_OR_LL_RESULT_AND_NO_ACTIVE_GIMPS_ASSIGNMENT,2026-08-08T19:16:24+00:00,UNALLOCATED,,,,,
SLCMP700-0806,806,806,317291837,2^317291837-1,STRUCTURAL_SCREEN_EXHAUSTED_PRIMALITY_UNASSIGNED,GF3A_DIRECTIONAL_WRITE_EXHAUSTED_PRIMALITY_UNASSIGNED,513,512,512,NO_RECORDED_FACTOR_PRP_OR_LL_RESULT_AND_NO_ACTIVE_GIMPS_ASSIGNMENT,2026-08-08T19:16:24+00:00,UNALLOCATED,,,,,
SLCMP700-0807,807,807,317291857,2^317291857-1,STRUCTURAL_SCREEN_EXHAUSTED_PRIMALITY_UNASSIGNED,GF3A_DIRECTIONAL_WRITE_EXHAUSTED_PRIMALITY_UNASSIGNED,513,512,512,NO_RECORDED_FACTOR_PRP_OR_LL_RESULT_AND_NO_ACTIVE_GIMPS_ASSIGNMENT,2026-08-08T19:16:24+00:00,UNALLOCATED,,,,,
SLCMP700-0808,808,808,317291869,2^317291869-1,STRUCTURAL_SCREEN_EXHAUSTED_PRIMALITY_UNASSIGNED,GF3A_DIRECTIONAL_WRITE_EXHAUSTED_PRIMALITY_UNASSIGNED,513,512,512,NO_RECORDED_FACTOR_PRP_OR_LL_RESULT_AND_NO_ACTIVE_GIMPS_ASSIGNMENT,2026-08-08T19:16:24+00:00,UNALLOCATED,,,,,
SLCMP700-0809,809,809,317292043,2^317292043-1,STRUCTURAL_SCREEN_EXHAUSTED_PRIMALITY_UNASSIGNED,GF3A_DIRECTIONAL_WRITE_EXHAUSTED_PRIMALITY_UNASSIGNED,514,512,512,NO_RECORDED_FACTOR_PRP_OR_LL_RESULT_AND_NO_ACTIVE_GIMPS_ASSIGNMENT,2026-08-08T19:16:24+00:00,UNALLOCATED,,,,,
SLCMP700-0810,810,810,317292083,2^317292083-1,STRUCTURAL_SCREEN_EXHAUSTED_PRIMALITY_UNASSIGNED,GF3A_DIRECTIONAL_WRITE_EXHAUSTED_PRIMALITY_UNASSIGNED,514,512,512,NO_RECORDED_FACTOR_PRP_OR_LL_RESULT_AND_NO_ACTIVE_GIMPS_ASSIGNMENT,2026-08-08T19:16:24+00:00,UNALLOCATED,,,,,
SLCMP700-0811,811,811,317292119,2^317292119-1,STRUCTURAL_SCREEN_EXHAUSTED_PRIMALITY_UNASSIGNED,GF3A_DIRECTIONAL_WRITE_EXHAUSTED_PRIMALITY_UNASSIGNED,514,512,512,NO_RECORDED_FACTOR_PRP_OR_LL_RESULT_AND_NO_ACTIVE_GIMPS_ASSIGNMENT,2026-08-08T19:16:24+00:00,UNALLOCATED,,,,,
SLCMP700-0812,812,812,317292187,2^317292187-1,STRUCTURAL_SCREEN_EXHAUSTED_PRIMALITY_UNASSIGNED,GF3A_DIRECTIONAL_WRITE_EXHAUSTED_PRIMALITY_UNASSIGNED,514,512,512,NO_RECORDED_FACTOR_PRP_OR_LL_RESULT_AND_NO_ACTIVE_GIMPS_ASSIGNMENT,2026-08-08T19:16:24+00:00,UNALLOCATED,,,,,
SLCMP700-0813,813,813,317292251,2^317292251-1,STRUCTURAL_SCREEN_EXHAUSTED_PRIMALITY_UNASSIGNED,GF3A_DIRECTIONAL_WRITE_EXHAUSTED_PRIMALITY_UNASSIGNED,514,512,512,NO_RECORDED_FACTOR_PRP_OR_LL_RESULT_AND_NO_ACTIVE_GIMPS_ASSIGNMENT,2026-08-08T19:16:24+00:00,UNALLOCATED,,,,,
SLCMP700-0814,814,814,317292263,2^317292263-1,STRUCTURAL_SCREEN_EXHAUSTED_PRIMALITY_UNASSIGNED,GF3A_DIRECTIONAL_WRITE_EXHAUSTED_PRIMALITY_UNASSIGNED,514,512,512,NO_RECORDED_FACTOR_PRP_OR_LL_RESULT_AND_NO_ACTIVE_GIMPS_ASSIGNMENT,2026-08-08T19:16:24+00:00,UNALLOCATED,,,,,
SLCMP700-0815,815,815,317292271,2^317292271-1,STRUCTURAL_SCREEN_EXHAUSTED_PRIMALITY_UNASSIGNED,GF3A_DIRECTIONAL_WRITE_EXHAUSTED_PRIMALITY_UNASSIGNED,514,512,512,NO_RECORDED_FACTOR_PRP_OR_LL_RESULT_AND_NO_ACTIVE_GIMPS_ASSIGNMENT,2026-08-08T19:16:24+00:00,UNALLOCATED,,,,,
SLCMP700-0816,816,816,317292323,2^317292323-1,STRUCTURAL_SCREEN_EXHAUSTED_PRIMALITY_UNASSIGNED,GF3A_DIRECTIONAL_WRITE_EXHAUSTED_PRIMALITY_UNASSIGNED,514,512,512,NO_RECORDED_FACTOR_PRP_OR_LL_RESULT_AND_NO_ACTIVE_GIMPS_ASSIGNMENT,2026-08-08T19:16:24+00:00,UNALLOCATED,,,,,
SLCMP700-0817,817,817,317292331,2^317292331-1,STRUCTURAL_SCREEN_EXHAUSTED_PRIMALITY_UNASSIGNED,GF3A_DIRECTIONAL_WRITE_EXHAUSTED_PRIMALITY_UNASSIGNED,514,512,512,NO_RECORDED_FACTOR_PRP_OR_LL_RESULT_AND_NO_ACTIVE_GIMPS_ASSIGNMENT,2026-08-08T19:16:24+00:00,UNALLOCATED,,,,,
SLCMP700-0818,818,818,317292373,2^317292373-1,STRUCTURAL_SCREEN_EXHAUSTED_PRIMALITY_UNASSIGNED,GF3A_DIRECTIONAL_WRITE_EXHAUSTED_PRIMALITY_UNASSIGNED,513,512,512,NO_RECORDED_FACTOR_PRP_OR_LL_RESULT_AND_NO_ACTIVE_GIMPS_ASSIGNMENT,2026-08-08T19:16:24+00:00,UNALLOCATED,,,,,
SLCMP700-0819,819,819,317292379,2^317292379-1,STRUCTURAL_SCREEN_EXHAUSTED_PRIMALITY_UNASSIGNED,GF3A_DIRECTIONAL_WRITE_EXHAUSTED_PRIMALITY_UNASSIGNED,514,512,512,NO_RECORDED_FACTOR_PRP_OR_LL_RESULT_AND_NO_ACTIVE_GIMPS_ASSIGNMENT,2026-08-08T19:16:24+00:00,UNALLOCATED,,,,,
SLCMP700-0820,820,820,317292401,2^317292401-1,STRUCTURAL_SCREEN_EXHAUSTED_PRIMALITY_UNASSIGNED,GF3A_DIRECTIONAL_WRITE_EXHAUSTED_PRIMALITY_UNASSIGNED,513,512,512,NO_RECORDED_FACTOR_PRP_OR_LL_RESULT_AND_NO_ACTIVE_GIMPS_ASSIGNMENT,2026-08-08T19:16:24+00:00,UNALLOCATED,,,,,
SLCMP700-0821,821,821,317292487,2^317292487-1,STRUCTURAL_SCREEN_EXHAUSTED_PRIMALITY_UNASSIGNED,GF3A_DIRECTIONAL_WRITE_EXHAUSTED_PRIMALITY_UNASSIGNED,514,512,512,NO_RECORDED_FACTOR_PRP_OR_LL_RESULT_AND_NO_ACTIVE_GIMPS_ASSIGNMENT,2026-08-08T19:16:24+00:00,UNALLOCATED,,,,,
SLCMP700-0822,822,822,317292583,2^317292583-1,STRUCTURAL_SCREEN_EXHAUSTED_PRIMALITY_UNASSIGNED,GF3A_DIRECTIONAL_WRITE_EXHAUSTED_PRIMALITY_UNASSIGNED,514,512,512,NO_RECORDED_FACTOR_PRP_OR_LL_RESULT_AND_NO_ACTIVE_GIMPS_ASSIGNMENT,2026-08-08T19:16:24+00:00,UNALLOCATED,,,,,
SLCMP700-0823,823,823,317292631,2^317292631-1,STRUCTURAL_SCREEN_EXHAUSTED_PRIMALITY_UNASSIGNED,GF3A_DIRECTIONAL_WRITE_EXHAUSTED_PRIMALITY_UNASSIGNED,514,512,512,NO_RECORDED_FACTOR_PRP_OR_LL_RESULT_AND_NO_ACTIVE_GIMPS_ASSIGNMENT,2026-08-08T19:16:24+00:00,UNALLOCATED,,,,,
SLCMP700-0824,824,824,317292869,2^317292869-1,STRUCTURAL_SCREEN_EXHAUSTED_PRIMALITY_UNASSIGNED,GF3A_DIRECTIONAL_WRITE_EXHAUSTED_PRIMALITY_UNASSIGNED,513,512,512,NO_RECORDED_FACTOR_PRP_OR_LL_RESULT_AND_NO_ACTIVE_GIMPS_ASSIGNMENT,2026-08-08T19:16:24+00:00,UNALLOCATED,,,,,
SLCMP700-0825,825,825,317292881,2^317292881-1,STRUCTURAL_SCREEN_EXHAUSTED_PRIMALITY_UNASSIGNED,GF3A_DIRECTIONAL_WRITE_EXHAUSTED_PRIMALITY_UNASSIGNED,513,512,512,NO_RECORDED_FACTOR_PRP_OR_LL_RESULT_AND_NO_ACTIVE_GIMPS_ASSIGNMENT,2026-08-08T19:16:24+00:00,UNALLOCATED,,,,,
SLCMP700-0826,826,826,317292883,2^317292883-1,STRUCTURAL_SCREEN_EXHAUSTED_PRIMALITY_UNASSIGNED,GF3A_DIRECTIONAL_WRITE_EXHAUSTED_PRIMALITY_UNASSIGNED,514,512,512,NO_RECORDED_FACTOR_PRP_OR_LL_RESULT_AND_NO_ACTIVE_GIMPS_ASSIGNMENT,2026-08-08T19:16:24+00:00,UNALLOCATED,,,,,
SLCMP700-0827,827,827,317292887,2^317292887-1,STRUCTURAL_SCREEN_EXHAUSTED_PRIMALITY_UNASSIGNED,GF3A_DIRECTIONAL_WRITE_EXHAUSTED_PRIMALITY_UNASSIGNED,514,512,512,NO_RECORDED_FACTOR_PRP_OR_LL_RESULT_AND_NO_ACTIVE_GIMPS_ASSIGNMENT,2026-08-08T19:16:24+00:00,UNALLOCATED,,,,,
SLCMP700-0828,828,828,317292961,2^317292961-1,STRUCTURAL_SCREEN_EXHAUSTED_PRIMALITY_UNASSIGNED,GF3A_DIRECTIONAL_WRITE_EXHAUSTED_PRIMALITY_UNASSIGNED,513,512,512,NO_RECORDED_FACTOR_PRP_OR_LL_RESULT_AND_NO_ACTIVE_GIMPS_ASSIGNMENT,2026-08-08T19:16:24+00:00,UNALLOCATED,,,,,
SLCMP700-0829,829,829,317293037,2^317293037-1,STRUCTURAL_SCREEN_EXHAUSTED_PRIMALITY_UNASSIGNED,GF3A_DIRECTIONAL_WRITE_EXHAUSTED_PRIMALITY_UNASSIGNED,513,512,512,NO_RECORDED_FACTOR_PRP_OR_LL_RESULT_AND_NO_ACTIVE_GIMPS_ASSIGNMENT,2026-08-08T19:16:24+00:00,UNALLOCATED,,,,,
SLCMP700-0830,830,830,317293043,2^317293043-1,STRUCTURAL_SCREEN_EXHAUSTED_PRIMALITY_UNASSIGNED,GF3A_DIRECTIONAL_WRITE_EXHAUSTED_PRIMALITY_UNASSIGNED,514,512,512,NO_RECORDED_FACTOR_PRP_OR_LL_RESULT_AND_NO_ACTIVE_GIMPS_ASSIGNMENT,2026-08-08T19:16:24+00:00,UNALLOCATED,,,,,
SLCMP700-0831,831,831,317293061,2^317293061-1,STRUCTURAL_SCREEN_EXHAUSTED_PRIMALITY_UNASSIGNED,GF3A_DIRECTIONAL_WRITE_EXHAUSTED_PRIMALITY_UNASSIGNED,513,512,512,NO_RECORDED_FACTOR_PRP_OR_LL_RESULT_AND_NO_ACTIVE_GIMPS_ASSIGNMENT,2026-08-08T19:16:24+00:00,UNALLOCATED,,,,,
SLCMP700-0832,832,832,317293127,2^317293127-1,STRUCTURAL_SCREEN_EXHAUSTED_PRIMALITY_UNASSIGNED,GF3A_DIRECTIONAL_WRITE_EXHAUSTED_PRIMALITY_UNASSIGNED,514,512,512,NO_RECORDED_FACTOR_PRP_OR_LL_RESULT_AND_NO_ACTIVE_GIMPS_ASSIGNMENT,2026-08-08T19:16:24+00:00,UNALLOCATED,,,,,
SLCMP700-0833,833,833,317293133,2^317293133-1,STRUCTURAL_SCREEN_EXHAUSTED_PRIMALITY_UNASSIGNED,GF3A_DIRECTIONAL_WRITE_EXHAUSTED_PRIMALITY_UNASSIGNED,513,512,512,NO_RECORDED_FACTOR_PRP_OR_LL_RESULT_AND_NO_ACTIVE_GIMPS_ASSIGNMENT,2026-08-08T19:16:24+00:00,UNALLOCATED,,,,,
SLCMP700-0834,834,834,317293159,2^317293159-1,STRUCTURAL_SCREEN_EXHAUSTED_PRIMALITY_UNASSIGNED,GF3A_DIRECTIONAL_WRITE_EXHAUSTED_PRIMALITY_UNASSIGNED,514,512,512,NO_RECORDED_FACTOR_PRP_OR_LL_RESULT_AND_NO_ACTIVE_GIMPS_ASSIGNMENT,2026-08-08T19:16:24+00:00,UNALLOCATED,,,,,
SLCMP700-0835,835,835,317293231,2^317293231-1,STRUCTURAL_SCREEN_EXHAUSTED_PRIMALITY_UNASSIGNED,GF3A_DIRECTIONAL_WRITE_EXHAUSTED_PRIMALITY_UNASSIGNED,514,512,512,NO_RECORDED_FACTOR_PRP_OR_LL_RESULT_AND_NO_ACTIVE_GIMPS_ASSIGNMENT,2026-08-08T19:16:24+00:00,UNALLOCATED,,,,,
SLCMP700-0836,836,836,317293247,2^317293247-1,STRUCTURAL_SCREEN_EXHAUSTED_PRIMALITY_UNASSIGNED,GF3A_DIRECTIONAL_WRITE_EXHAUSTED_PRIMALITY_UNASSIGNED,514,512,512,NO_RECORDED_FACTOR_PRP_OR_LL_RESULT_AND_NO_ACTIVE_GIMPS_ASSIGNMENT,2026-08-08T19:16:24+00:00,UNALLOCATED,,,,,
SLCMP700-0837,837,837,317293279,2^317293279-1,STRUCTURAL_SCREEN_EXHAUSTED_PRIMALITY_UNASSIGNED,GF3A_DIRECTIONAL_WRITE_EXHAUSTED_PRIMALITY_UNASSIGNED,514,512,512,NO_RECORDED_FACTOR_PRP_OR_LL_RESULT_AND_NO_ACTIVE_GIMPS_ASSIGNMENT,2026-08-08T19:16:24+00:00,UNALLOCATED,,,,,
SLCMP700-0838,838,838,317293393,2^317293393-1,STRUCTURAL_SCREEN_EXHAUSTED_PRIMALITY_UNASSIGNED,GF3A_DIRECTIONAL_WRITE_EXHAUSTED_PRIMALITY_UNASSIGNED,513,512,512,NO_RECORDED_FACTOR_PRP_OR_LL_RESULT_AND_NO_ACTIVE_GIMPS_ASSIGNMENT,2026-08-08T19:16:24+00:00,UNALLOCATED,,,,,
SLCMP700-0839,839,839,317293399,2^317293399-1,STRUCTURAL_SCREEN_EXHAUSTED_PRIMALITY_UNASSIGNED,GF3A_DIRECTIONAL_WRITE_EXHAUSTED_PRIMALITY_UNASSIGNED,514,512,512,NO_RECORDED_FACTOR_PRP_OR_LL_RESULT_AND_NO_ACTIVE_GIMPS_ASSIGNMENT,2026-08-08T19:16:24+00:00,UNALLOCATED,,,,,
SLCMP700-0840,840,840,317293411,2^317293411-1,STRUCTURAL_SCREEN_EXHAUSTED_PRIMALITY_UNASSIGNED,GF3A_DIRECTIONAL_WRITE_EXHAUSTED_PRIMALITY_UNASSIGNED,514,512,512,NO_RECORDED_FACTOR_PRP_OR_LL_RESULT_AND_NO_ACTIVE_GIMPS_ASSIGNMENT,2026-08-08T19:16:24+00:00,UNALLOCATED,,,,,
SLCMP700-0841,841,841,317293523,2^317293523-1,STRUCTURAL_SCREEN_EXHAUSTED_PRIMALITY_UNASSIGNED,GF3A_DIRECTIONAL_WRITE_EXHAUSTED_PRIMALITY_UNASSIGNED,514,512,512,NO_RECORDED_FACTOR_PRP_OR_LL_RESULT_AND_NO_ACTIVE_GIMPS_ASSIGNMENT,2026-08-08T19:16:24+00:00,UNALLOCATED,,,,,
SLCMP700-0842,842,842,317293531,2^317293531-1,STRUCTURAL_SCREEN_EXHAUSTED_PRIMALITY_UNASSIGNED,GF3A_DIRECTIONAL_WRITE_EXHAUSTED_PRIMALITY_UNASSIGNED,514,512,512,NO_RECORDED_FACTOR_PRP_OR_LL_RESULT_AND_NO_ACTIVE_GIMPS_ASSIGNMENT,2026-08-08T19:16:24+00:00,UNALLOCATED,,,,,
SLCMP700-0843,843,843,317293567,2^317293567-1,STRUCTURAL_SCREEN_EXHAUSTED_PRIMALITY_UNASSIGNED,GF3A_DIRECTIONAL_WRITE_EXHAUSTED_PRIMALITY_UNASSIGNED,514,512,512,NO_RECORDED_FACTOR_PRP_OR_LL_RESULT_AND_NO_ACTIVE_GIMPS_ASSIGNMENT,2026-08-08T19:16:24+00:00,UNALLOCATED,,,,,
SLCMP700-0844,844,844,317293609,2^317293609-1,STRUCTURAL_SCREEN_EXHAUSTED_PRIMALITY_UNASSIGNED,GF3A_DIRECTIONAL_WRITE_EXHAUSTED_PRIMALITY_UNASSIGNED,513,512,512,NO_RECORDED_FACTOR_PRP_OR_LL_RESULT_AND_NO_ACTIVE_GIMPS_ASSIGNMENT,2026-08-08T19:16:24+00:00,UNALLOCATED,,,,,
SLCMP700-0845,845,845,317293619,2^317293619-1,STRUCTURAL_SCREEN_EXHAUSTED_PRIMALITY_UNASSIGNED,GF3A_DIRECTIONAL_WRITE_EXHAUSTED_PRIMALITY_UNASSIGNED,514,512,512,NO_RECORDED_FACTOR_PRP_OR_LL_RESULT_AND_NO_ACTIVE_GIMPS_ASSIGNMENT,2026-08-08T19:16:24+00:00,UNALLOCATED,,,,,
SLCMP700-0846,846,846,317293637,2^317293637-1,STRUCTURAL_SCREEN_EXHAUSTED_PRIMALITY_UNASSIGNED,GF3A_DIRECTIONAL_WRITE_EXHAUSTED_PRIMALITY_UNASSIGNED,513,512,512,NO_RECORDED_FACTOR_PRP_OR_LL_RESULT_AND_NO_ACTIVE_GIMPS_ASSIGNMENT,2026-08-08T19:16:24+00:00,UNALLOCATED,,,,,
SLCMP700-0847,847,847,317293651,2^317293651-1,STRUCTURAL_SCREEN_EXHAUSTED_PRIMALITY_UNASSIGNED,GF3A_DIRECTIONAL_WRITE_EXHAUSTED_PRIMALITY_UNASSIGNED,514,512,512,NO_RECORDED_FACTOR_PRP_OR_LL_RESULT_AND_NO_ACTIVE_GIMPS_ASSIGNMENT,2026-08-08T19:16:24+00:00,UNALLOCATED,,,,,
SLCMP700-0848,848,848,317293687,2^317293687-1,STRUCTURAL_SCREEN_EXHAUSTED_PRIMALITY_UNASSIGNED,GF3A_DIRECTIONAL_WRITE_EXHAUSTED_PRIMALITY_UNASSIGNED,514,512,512,NO_RECORDED_FACTOR_PRP_OR_LL_RESULT_AND_NO_ACTIVE_GIMPS_ASSIGNMENT,2026-08-08T19:16:24+00:00,UNALLOCATED,,,,,
SLCMP700-0849,849,849,317293849,2^317293849-1,STRUCTURAL_SCREEN_EXHAUSTED_PRIMALITY_UNASSIGNED,GF3A_DIRECTIONAL_WRITE_EXHAUSTED_PRIMALITY_UNASSIGNED,513,512,512,NO_RECORDED_FACTOR_PRP_OR_LL_RESULT_AND_NO_ACTIVE_GIMPS_ASSIGNMENT,2026-08-08T19:16:24+00:00,UNALLOCATED,,,,,
SLCMP700-0850,850,850,317293969,2^317293969-1,STRUCTURAL_SCREEN_EXHAUSTED_PRIMALITY_UNASSIGNED,GF3A_DIRECTIONAL_WRITE_EXHAUSTED_PRIMALITY_UNASSIGNED,513,512,512,NO_RECORDED_FACTOR_PRP_OR_LL_RESULT_AND_NO_ACTIVE_GIMPS_ASSIGNMENT,2026-08-08T19:16:24+00:00,UNALLOCATED,,,,,
SLCMP700-0851,851,851,317294023,2^317294023-1,STRUCTURAL_SCREEN_EXHAUSTED_PRIMALITY_UNASSIGNED,GF3A_DIRECTIONAL_WRITE_EXHAUSTED_PRIMALITY_UNASSIGNED,514,512,512,NO_RECORDED_FACTOR_PRP_OR_LL_RESULT_AND_NO_ACTIVE_GIMPS_ASSIGNMENT,2026-08-08T19:16:24+00:00,UNALLOCATED,,,,,
SLCMP700-0852,852,852,317294113,2^317294113-1,STRUCTURAL_SCREEN_EXHAUSTED_PRIMALITY_UNASSIGNED,GF3A_DIRECTIONAL_WRITE_EXHAUSTED_PRIMALITY_UNASSIGNED,513,512,512,NO_RECORDED_FACTOR_PRP_OR_LL_RESULT_AND_NO_ACTIVE_GIMPS_ASSIGNMENT,2026-08-08T19:16:24+00:00,UNALLOCATED,,,,,
SLCMP700-0853,853,853,317294149,2^317294149-1,STRUCTURAL_SCREEN_EXHAUSTED_PRIMALITY_UNASSIGNED,GF3A_DIRECTIONAL_WRITE_EXHAUSTED_PRIMALITY_UNASSIGNED,513,512,512,NO_RECORDED_FACTOR_PRP_OR_LL_RESULT_AND_NO_ACTIVE_GIMPS_ASSIGNMENT,2026-08-08T19:16:24+00:00,UNALLOCATED,,,,,
SLCMP700-0854,854,854,317294233,2^317294233-1,STRUCTURAL_SCREEN_EXHAUSTED_PRIMALITY_UNASSIGNED,GF3A_DIRECTIONAL_WRITE_EXHAUSTED_PRIMALITY_UNASSIGNED,513,512,512,NO_RECORDED_FACTOR_PRP_OR_LL_RESULT_AND_NO_ACTIVE_GIMPS_ASSIGNMENT,2026-08-08T19:16:24+00:00,UNALLOCATED,,,,,
SLCMP700-0855,855,855,317294297,2^317294297-1,STRUCTURAL_SCREEN_EXHAUSTED_PRIMALITY_UNASSIGNED,GF3A_DIRECTIONAL_WRITE_EXHAUSTED_PRIMALITY_UNASSIGNED,513,512,512,NO_RECORDED_FACTOR_PRP_OR_LL_RESULT_AND_NO_ACTIVE_GIMPS_ASSIGNMENT,2026-08-08T19:16:24+00:00,UNALLOCATED,,,,,
SLCMP700-0856,856,856,317294311,2^317294311-1,STRUCTURAL_SCREEN_EXHAUSTED_PRIMALITY_UNASSIGNED,GF3A_DIRECTIONAL_WRITE_EXHAUSTED_PRIMALITY_UNASSIGNED,514,512,512,NO_RECORDED_FACTOR_PRP_OR_LL_RESULT_AND_NO_ACTIVE_GIMPS_ASSIGNMENT,2026-08-08T19:16:24+00:00,UNALLOCATED,,,,,
SLCMP700-0857,857,857,317294323,2^317294323-1,STRUCTURAL_SCREEN_EXHAUSTED_PRIMALITY_UNASSIGNED,GF3A_DIRECTIONAL_WRITE_EXHAUSTED_PRIMALITY_UNASSIGNED,514,512,512,NO_RECORDED_FACTOR_PRP_OR_LL_RESULT_AND_NO_ACTIVE_GIMPS_ASSIGNMENT,2026-08-08T19:16:24+00:00,UNALLOCATED,,,,,
SLCMP700-0858,858,858,317294347,2^317294347-1,STRUCTURAL_SCREEN_EXHAUSTED_PRIMALITY_UNASSIGNED,GF3A_DIRECTIONAL_WRITE_EXHAUSTED_PRIMALITY_UNASSIGNED,514,512,512,NO_RECORDED_FACTOR_PRP_OR_LL_RESULT_AND_NO_ACTIVE_GIMPS_ASSIGNMENT,2026-08-08T19:16:24+00:00,UNALLOCATED,,,,,
SLCMP700-0859,859,859,317294353,2^317294353-1,STRUCTURAL_SCREEN_EXHAUSTED_PRIMALITY_UNASSIGNED,GF3A_DIRECTIONAL_WRITE_EXHAUSTED_PRIMALITY_UNASSIGNED,513,512,512,NO_RECORDED_FACTOR_PRP_OR_LL_RESULT_AND_NO_ACTIVE_GIMPS_ASSIGNMENT,2026-08-08T19:16:24+00:00,UNALLOCATED,,,,,
SLCMP700-0860,860,860,317294413,2^317294413-1,STRUCTURAL_SCREEN_EXHAUSTED_PRIMALITY_UNASSIGNED,GF3A_DIRECTIONAL_WRITE_EXHAUSTED_PRIMALITY_UNASSIGNED,513,512,512,NO_RECORDED_FACTOR_PRP_OR_LL_RESULT_AND_NO_ACTIVE_GIMPS_ASSIGNMENT,2026-08-08T19:16:24+00:00,UNALLOCATED,,,,,
SLCMP700-0861,861,861,317294431,2^317294431-1,STRUCTURAL_SCREEN_EXHAUSTED_PRIMALITY_UNASSIGNED,GF3A_DIRECTIONAL_WRITE_EXHAUSTED_PRIMALITY_UNASSIGNED,514,512,512,NO_RECORDED_FACTOR_PRP_OR_LL_RESULT_AND_NO_ACTIVE_GIMPS_ASSIGNMENT,2026-08-08T19:16:24+00:00,UNALLOCATED,,,,,
SLCMP700-0862,862,862,317294447,2^317294447-1,STRUCTURAL_SCREEN_EXHAUSTED_PRIMALITY_UNASSIGNED,GF3A_DIRECTIONAL_WRITE_EXHAUSTED_PRIMALITY_UNASSIGNED,514,512,512,NO_RECORDED_FACTOR_PRP_OR_LL_RESULT_AND_NO_ACTIVE_GIMPS_ASSIGNMENT,2026-08-08T19:16:24+00:00,UNALLOCATED,,,,,
SLCMP700-0863,863,863,317294567,2^317294567-1,STRUCTURAL_SCREEN_EXHAUSTED_PRIMALITY_UNASSIGNED,GF3A_DIRECTIONAL_WRITE_EXHAUSTED_PRIMALITY_UNASSIGNED,514,512,512,NO_RECORDED_FACTOR_PRP_OR_LL_RESULT_AND_NO_ACTIVE_GIMPS_ASSIGNMENT,2026-08-08T19:16:24+00:00,UNALLOCATED,,,,,
SLCMP700-0864,864,864,317294609,2^317294609-1,STRUCTURAL_SCREEN_EXHAUSTED_PRIMALITY_UNASSIGNED,GF3A_DIRECTIONAL_WRITE_EXHAUSTED_PRIMALITY_UNASSIGNED,513,512,512,NO_RECORDED_FACTOR_PRP_OR_LL_RESULT_AND_NO_ACTIVE_GIMPS_ASSIGNMENT,2026-08-08T19:16:24+00:00,UNALLOCATED,,,,,
SLCMP700-0865,865,865,317294651,2^317294651-1,STRUCTURAL_SCREEN_EXHAUSTED_PRIMALITY_UNASSIGNED,GF3A_DIRECTIONAL_WRITE_EXHAUSTED_PRIMALITY_UNASSIGNED,514,512,512,NO_RECORDED_FACTOR_PRP_OR_LL_RESULT_AND_NO_ACTIVE_GIMPS_ASSIGNMENT,2026-08-08T19:16:24+00:00,UNALLOCATED,,,,,
SLCMP700-0866,866,866,317294671,2^317294671-1,STRUCTURAL_SCREEN_EXHAUSTED_PRIMALITY_UNASSIGNED,GF3A_DIRECTIONAL_WRITE_EXHAUSTED_PRIMALITY_UNASSIGNED,514,512,512,NO_RECORDED_FACTOR_PRP_OR_LL_RESULT_AND_NO_ACTIVE_GIMPS_ASSIGNMENT,2026-08-08T19:16:24+00:00,UNALLOCATED,,,,,
SLCMP700-0867,867,867,317294689,2^317294689-1,STRUCTURAL_SCREEN_EXHAUSTED_PRIMALITY_UNASSIGNED,GF3A_DIRECTIONAL_WRITE_EXHAUSTED_PRIMALITY_UNASSIGNED,513,512,512,NO_RECORDED_FACTOR_PRP_OR_LL_RESULT_AND_NO_ACTIVE_GIMPS_ASSIGNMENT,2026-08-08T19:16:24+00:00,UNALLOCATED,,,,,
SLCMP700-0868,868,868,317294717,2^317294717-1,STRUCTURAL_SCREEN_EXHAUSTED_PRIMALITY_UNASSIGNED,GF3A_DIRECTIONAL_WRITE_EXHAUSTED_PRIMALITY_UNASSIGNED,513,512,512,NO_RECORDED_FACTOR_PRP_OR_LL_RESULT_AND_NO_ACTIVE_GIMPS_ASSIGNMENT,2026-08-08T19:16:24+00:00,UNALLOCATED,,,,,
SLCMP700-0869,869,869,317294819,2^317294819-1,STRUCTURAL_SCREEN_EXHAUSTED_PRIMALITY_UNASSIGNED,GF3A_DIRECTIONAL_WRITE_EXHAUSTED_PRIMALITY_UNASSIGNED,514,512,512,NO_RECORDED_FACTOR_PRP_OR_LL_RESULT_AND_NO_ACTIVE_GIMPS_ASSIGNMENT,2026-08-08T19:16:24+00:00,UNALLOCATED,,,,,
SLCMP700-0870,870,870,317294897,2^317294897-1,STRUCTURAL_SCREEN_EXHAUSTED_PRIMALITY_UNASSIGNED,GF3A_DIRECTIONAL_WRITE_EXHAUSTED_PRIMALITY_UNASSIGNED,513,512,512,NO_RECORDED_FACTOR_PRP_OR_LL_RESULT_AND_NO_ACTIVE_GIMPS_ASSIGNMENT,2026-08-08T19:16:24+00:00,UNALLOCATED,,,,,
SLCMP700-0871,871,871,317294947,2^317294947-1,STRUCTURAL_SCREEN_EXHAUSTED_PRIMALITY_UNASSIGNED,GF3A_DIRECTIONAL_WRITE_EXHAUSTED_PRIMALITY_UNASSIGNED,514,512,512,NO_RECORDED_FACTOR_PRP_OR_LL_RESULT_AND_NO_ACTIVE_GIMPS_ASSIGNMENT,2026-08-08T19:16:24+00:00,UNALLOCATED,,,,,
SLCMP700-0872,872,872,317295001,2^317295001-1,STRUCTURAL_SCREEN_EXHAUSTED_PRIMALITY_UNASSIGNED,GF3A_DIRECTIONAL_WRITE_EXHAUSTED_PRIMALITY_UNASSIGNED,513,512,512,NO_RECORDED_FACTOR_PRP_OR_LL_RESULT_AND_NO_ACTIVE_GIMPS_ASSIGNMENT,2026-08-08T19:16:24+00:00,UNALLOCATED,,,,,
SLCMP700-0873,873,873,317295107,2^317295107-1,STRUCTURAL_SCREEN_EXHAUSTED_PRIMALITY_UNASSIGNED,GF3A_DIRECTIONAL_WRITE_EXHAUSTED_PRIMALITY_UNASSIGNED,514,512,512,NO_RECORDED_FACTOR_PRP_OR_LL_RESULT_AND_NO_ACTIVE_GIMPS_ASSIGNMENT,2026-08-08T19:16:24+00:00,UNALLOCATED,,,,,
SLCMP700-0874,874,874,317295133,2^317295133-1,STRUCTURAL_SCREEN_EXHAUSTED_PRIMALITY_UNASSIGNED,GF3A_DIRECTIONAL_WRITE_EXHAUSTED_PRIMALITY_UNASSIGNED,513,512,512,NO_RECORDED_FACTOR_PRP_OR_LL_RESULT_AND_NO_ACTIVE_GIMPS_ASSIGNMENT,2026-08-08T19:16:24+00:00,UNALLOCATED,,,,,
SLCMP700-0875,875,875,317295169,2^317295169-1,STRUCTURAL_SCREEN_EXHAUSTED_PRIMALITY_UNASSIGNED,GF3A_DIRECTIONAL_WRITE_EXHAUSTED_PRIMALITY_UNASSIGNED,513,512,512,NO_RECORDED_FACTOR_PRP_OR_LL_RESULT_AND_NO_ACTIVE_GIMPS_ASSIGNMENT,2026-08-08T19:16:24+00:00,UNALLOCATED,,,,,
SLCMP700-0876,876,876,317295227,2^317295227-1,STRUCTURAL_SCREEN_EXHAUSTED_PRIMALITY_UNASSIGNED,GF3A_DIRECTIONAL_WRITE_EXHAUSTED_PRIMALITY_UNASSIGNED,514,512,512,NO_RECORDED_FACTOR_PRP_OR_LL_RESULT_AND_NO_ACTIVE_GIMPS_ASSIGNMENT,2026-08-08T19:16:24+00:00,UNALLOCATED,,,,,
SLCMP700-0877,877,877,317295229,2^317295229-1,STRUCTURAL_SCREEN_EXHAUSTED_PRIMALITY_UNASSIGNED,GF3A_DIRECTIONAL_WRITE_EXHAUSTED_PRIMALITY_UNASSIGNED,513,512,512,NO_RECORDED_FACTOR_PRP_OR_LL_RESULT_AND_NO_ACTIVE_GIMPS_ASSIGNMENT,2026-08-08T19:16:24+00:00,UNALLOCATED,,,,,
SLCMP700-0878,878,878,317295271,2^317295271-1,STRUCTURAL_SCREEN_EXHAUSTED_PRIMALITY_UNASSIGNED,GF3A_DIRECTIONAL_WRITE_EXHAUSTED_PRIMALITY_UNASSIGNED,514,512,512,NO_RECORDED_FACTOR_PRP_OR_LL_RESULT_AND_NO_ACTIVE_GIMPS_ASSIGNMENT,2026-08-08T19:16:24+00:00,UNALLOCATED,,,,,
SLCMP700-0879,879,879,317295359,2^317295359-1,STRUCTURAL_SCREEN_EXHAUSTED_PRIMALITY_UNASSIGNED,GF3A_DIRECTIONAL_WRITE_EXHAUSTED_PRIMALITY_UNASSIGNED,514,512,512,NO_RECORDED_FACTOR_PRP_OR_LL_RESULT_AND_NO_ACTIVE_GIMPS_ASSIGNMENT,2026-08-08T19:16:24+00:00,UNALLOCATED,,,,,
SLCMP700-0880,880,880,317295367,2^317295367-1,STRUCTURAL_SCREEN_EXHAUSTED_PRIMALITY_UNASSIGNED,GF3A_DIRECTIONAL_WRITE_EXHAUSTED_PRIMALITY_UNASSIGNED,514,512,512,NO_RECORDED_FACTOR_PRP_OR_LL_RESULT_AND_NO_ACTIVE_GIMPS_ASSIGNMENT,2026-08-08T19:16:24+00:00,UNALLOCATED,,,,,
SLCMP700-0881,881,881,317295427,2^317295427-1,STRUCTURAL_SCREEN_EXHAUSTED_PRIMALITY_UNASSIGNED,GF3A_DIRECTIONAL_WRITE_EXHAUSTED_PRIMALITY_UNASSIGNED,514,512,512,NO_RECORDED_FACTOR_PRP_OR_LL_RESULT_AND_NO_ACTIVE_GIMPS_ASSIGNMENT,2026-08-08T19:16:24+00:00,UNALLOCATED,,,,,
SLCMP700-0882,882,882,317295479,2^317295479-1,STRUCTURAL_SCREEN_EXHAUSTED_PRIMALITY_UNASSIGNED,GF3A_DIRECTIONAL_WRITE_EXHAUSTED_PRIMALITY_UNASSIGNED,514,512,512,NO_RECORDED_FACTOR_PRP_OR_LL_RESULT_AND_NO_ACTIVE_GIMPS_ASSIGNMENT,2026-08-08T19:16:24+00:00,UNALLOCATED,,,,,
SLCMP700-0883,883,883,317295523,2^317295523-1,STRUCTURAL_SCREEN_EXHAUSTED_PRIMALITY_UNASSIGNED,GF3A_DIRECTIONAL_WRITE_EXHAUSTED_PRIMALITY_UNASSIGNED,514,512,512,NO_RECORDED_FACTOR_PRP_OR_LL_RESULT_AND_NO_ACTIVE_GIMPS_ASSIGNMENT,2026-08-08T19:16:24+00:00,UNALLOCATED,,,,,
SLCMP700-0884,884,884,317295529,2^317295529-1,STRUCTURAL_SCREEN_EXHAUSTED_PRIMALITY_UNASSIGNED,GF3A_DIRECTIONAL_WRITE_EXHAUSTED_PRIMALITY_UNASSIGNED,513,512,512,NO_RECORDED_FACTOR_PRP_OR_LL_RESULT_AND_NO_ACTIVE_GIMPS_ASSIGNMENT,2026-08-08T19:16:24+00:00,UNALLOCATED,,,,,
SLCMP700-0885,885,885,317295533,2^317295533-1,STRUCTURAL_SCREEN_EXHAUSTED_PRIMALITY_UNASSIGNED,GF3A_DIRECTIONAL_WRITE_EXHAUSTED_PRIMALITY_UNASSIGNED,513,512,512,NO_RECORDED_FACTOR_PRP_OR_LL_RESULT_AND_NO_ACTIVE_GIMPS_ASSIGNMENT,2026-08-08T19:16:24+00:00,UNALLOCATED,,,,,
SLCMP700-0886,886,886,317295547,2^317295547-1,STRUCTURAL_SCREEN_EXHAUSTED_PRIMALITY_UNASSIGNED,GF3A_DIRECTIONAL_WRITE_EXHAUSTED_PRIMALITY_UNASSIGNED,514,512,512,NO_RECORDED_FACTOR_PRP_OR_LL_RESULT_AND_NO_ACTIVE_GIMPS_ASSIGNMENT,2026-08-08T19:16:24+00:00,UNALLOCATED,,,,,
SLCMP700-0887,887,887,317295551,2^317295551-1,STRUCTURAL_SCREEN_EXHAUSTED_PRIMALITY_UNASSIGNED,GF3A_DIRECTIONAL_WRITE_EXHAUSTED_PRIMALITY_UNASSIGNED,514,512,512,NO_RECORDED_FACTOR_PRP_OR_LL_RESULT_AND_NO_ACTIVE_GIMPS_ASSIGNMENT,2026-08-08T19:16:24+00:00,UNALLOCATED,,,,,
SLCMP700-0888,888,888,317295653,2^317295653-1,STRUCTURAL_SCREEN_EXHAUSTED_PRIMALITY_UNASSIGNED,GF3A_DIRECTIONAL_WRITE_EXHAUSTED_PRIMALITY_UNASSIGNED,513,512,512,NO_RECORDED_FACTOR_PRP_OR_LL_RESULT_AND_NO_ACTIVE_GIMPS_ASSIGNMENT,2026-08-08T19:16:24+00:00,UNALLOCATED,,,,,
SLCMP700-0889,889,889,317295659,2^317295659-1,STRUCTURAL_SCREEN_EXHAUSTED_PRIMALITY_UNASSIGNED,GF3A_DIRECTIONAL_WRITE_EXHAUSTED_PRIMALITY_UNASSIGNED,514,512,512,NO_RECORDED_FACTOR_PRP_OR_LL_RESULT_AND_NO_ACTIVE_GIMPS_ASSIGNMENT,2026-08-08T19:16:24+00:00,UNALLOCATED,,,,,
SLCMP700-0890,890,890,317295703,2^317295703-1,STRUCTURAL_SCREEN_EXHAUSTED_PRIMALITY_UNASSIGNED,GF3A_DIRECTIONAL_WRITE_EXHAUSTED_PRIMALITY_UNASSIGNED,514,512,512,NO_RECORDED_FACTOR_PRP_OR_LL_RESULT_AND_NO_ACTIVE_GIMPS_ASSIGNMENT,2026-08-08T19:16:24+00:00,UNALLOCATED,,,,,
SLCMP700-0891,891,891,317295739,2^317295739-1,STRUCTURAL_SCREEN_EXHAUSTED_PRIMALITY_UNASSIGNED,GF3A_DIRECTIONAL_WRITE_EXHAUSTED_PRIMALITY_UNASSIGNED,514,512,512,NO_RECORDED_FACTOR_PRP_OR_LL_RESULT_AND_NO_ACTIVE_GIMPS_ASSIGNMENT,2026-08-08T19:16:24+00:00,UNALLOCATED,,,,,
SLCMP700-0892,892,892,317295799,2^317295799-1,STRUCTURAL_SCREEN_EXHAUSTED_PRIMALITY_UNASSIGNED,GF3A_DIRECTIONAL_WRITE_EXHAUSTED_PRIMALITY_UNASSIGNED,514,512,512,NO_RECORDED_FACTOR_PRP_OR_LL_RESULT_AND_NO_ACTIVE_GIMPS_ASSIGNMENT,2026-08-08T19:16:24+00:00,UNALLOCATED,,,,,
SLCMP700-0893,893,893,317296009,2^317296009-1,STRUCTURAL_SCREEN_EXHAUSTED_PRIMALITY_UNASSIGNED,GF3A_DIRECTIONAL_WRITE_EXHAUSTED_PRIMALITY_UNASSIGNED,513,512,512,NO_RECORDED_FACTOR_PRP_OR_LL_RESULT_AND_NO_ACTIVE_GIMPS_ASSIGNMENT,2026-08-08T19:16:24+00:00,UNALLOCATED,,,,,
SLCMP700-0894,894,894,317296027,2^317296027-1,STRUCTURAL_SCREEN_EXHAUSTED_PRIMALITY_UNASSIGNED,GF3A_DIRECTIONAL_WRITE_EXHAUSTED_PRIMALITY_UNASSIGNED,514,512,512,NO_RECORDED_FACTOR_PRP_OR_LL_RESULT_AND_NO_ACTIVE_GIMPS_ASSIGNMENT,2026-08-08T19:16:24+00:00,UNALLOCATED,,,,,
SLCMP700-0895,895,895,317296039,2^317296039-1,STRUCTURAL_SCREEN_EXHAUSTED_PRIMALITY_UNASSIGNED,GF3A_DIRECTIONAL_WRITE_EXHAUSTED_PRIMALITY_UNASSIGNED,514,512,512,NO_RECORDED_FACTOR_PRP_OR_LL_RESULT_AND_NO_ACTIVE_GIMPS_ASSIGNMENT,2026-08-08T19:16:24+00:00,UNALLOCATED,,,,,
SLCMP700-0896,896,896,317296051,2^317296051-1,STRUCTURAL_SCREEN_EXHAUSTED_PRIMALITY_UNASSIGNED,GF3A_DIRECTIONAL_WRITE_EXHAUSTED_PRIMALITY_UNASSIGNED,514,512,512,NO_RECORDED_FACTOR_PRP_OR_LL_RESULT_AND_NO_ACTIVE_GIMPS_ASSIGNMENT,2026-08-08T19:16:24+00:00,UNALLOCATED,,,,,
SLCMP700-0897,897,897,317296081,2^317296081-1,STRUCTURAL_SCREEN_EXHAUSTED_PRIMALITY_UNASSIGNED,GF3A_DIRECTIONAL_WRITE_EXHAUSTED_PRIMALITY_UNASSIGNED,513,512,512,NO_RECORDED_FACTOR_PRP_OR_LL_RESULT_AND_NO_ACTIVE_GIMPS_ASSIGNMENT,2026-08-08T19:16:24+00:00,UNALLOCATED,,,,,
SLCMP700-0898,898,898,317296157,2^317296157-1,STRUCTURAL_SCREEN_EXHAUSTED_PRIMALITY_UNASSIGNED,GF3A_DIRECTIONAL_WRITE_EXHAUSTED_PRIMALITY_UNASSIGNED,513,512,512,NO_RECORDED_FACTOR_PRP_OR_LL_RESULT_AND_NO_ACTIVE_GIMPS_ASSIGNMENT,2026-08-08T19:16:24+00:00,UNALLOCATED,,,,,
SLCMP700-0899,899,899,317296229,2^317296229-1,STRUCTURAL_SCREEN_EXHAUSTED_PRIMALITY_UNASSIGNED,GF3A_DIRECTIONAL_WRITE_EXHAUSTED_PRIMALITY_UNASSIGNED,513,512,512,NO_RECORDED_FACTOR_PRP_OR_LL_RESULT_AND_NO_ACTIVE_GIMPS_ASSIGNMENT,2026-08-08T19:16:24+00:00,UNALLOCATED,,,,,
SLCMP700-0900,900,900,317296237,2^317296237-1,STRUCTURAL_SCREEN_EXHAUSTED_PRIMALITY_UNASSIGNED,GF3A_DIRECTIONAL_WRITE_EXHAUSTED_PRIMALITY_UNASSIGNED,513,512,512,NO_RECORDED_FACTOR_PRP_OR_LL_RESULT_AND_NO_ACTIVE_GIMPS_ASSIGNMENT,2026-08-08T19:16:24+00:00,UNALLOCATED,,,,,
SLCMP700-0901,901,901,317296241,2^317296241-1,STRUCTURAL_SCREEN_EXHAUSTED_PRIMALITY_UNASSIGNED,GF3A_DIRECTIONAL_WRITE_EXHAUSTED_PRIMALITY_UNASSIGNED,513,512,512,NO_RECORDED_FACTOR_PRP_OR_LL_RESULT_AND_NO_ACTIVE_GIMPS_ASSIGNMENT,2026-08-08T19:16:24+00:00,UNALLOCATED,,,,,
SLCMP700-0902,902,902,317296261,2^317296261-1,STRUCTURAL_SCREEN_EXHAUSTED_PRIMALITY_UNASSIGNED,GF3A_DIRECTIONAL_WRITE_EXHAUSTED_PRIMALITY_UNASSIGNED,513,512,512,NO_RECORDED_FACTOR_PRP_OR_LL_RESULT_AND_NO_ACTIVE_GIMPS_ASSIGNMENT,2026-08-08T19:16:24+00:00,UNALLOCATED,,,,,
SLCMP700-0903,903,903,317296297,2^317296297-1,STRUCTURAL_SCREEN_EXHAUSTED_PRIMALITY_UNASSIGNED,GF3A_DIRECTIONAL_WRITE_EXHAUSTED_PRIMALITY_UNASSIGNED,513,512,512,NO_RECORDED_FACTOR_PRP_OR_LL_RESULT_AND_NO_ACTIVE_GIMPS_ASSIGNMENT,2026-08-08T19:16:24+00:00,UNALLOCATED,,,,,
SLCMP700-0904,904,904,317296307,2^317296307-1,STRUCTURAL_SCREEN_EXHAUSTED_PRIMALITY_UNASSIGNED,GF3A_DIRECTIONAL_WRITE_EXHAUSTED_PRIMALITY_UNASSIGNED,514,512,512,NO_RECORDED_FACTOR_PRP_OR_LL_RESULT_AND_NO_ACTIVE_GIMPS_ASSIGNMENT,2026-08-08T19:16:24+00:00,UNALLOCATED,,,,,
SLCMP700-0905,905,905,317296351,2^317296351-1,STRUCTURAL_SCREEN_EXHAUSTED_PRIMALITY_UNASSIGNED,GF3A_DIRECTIONAL_WRITE_EXHAUSTED_PRIMALITY_UNASSIGNED,514,512,512,NO_RECORDED_FACTOR_PRP_OR_LL_RESULT_AND_NO_ACTIVE_GIMPS_ASSIGNMENT,2026-08-08T19:16:24+00:00,UNALLOCATED,,,,,
SLCMP700-0906,906,906,317296361,2^317296361-1,STRUCTURAL_SCREEN_EXHAUSTED_PRIMALITY_UNASSIGNED,GF3A_DIRECTIONAL_WRITE_EXHAUSTED_PRIMALITY_UNASSIGNED,513,512,512,NO_RECORDED_FACTOR_PRP_OR_LL_RESULT_AND_NO_ACTIVE_GIMPS_ASSIGNMENT,2026-08-08T19:16:24+00:00,UNALLOCATED,,,,,
SLCMP700-0907,907,907,317296367,2^317296367-1,STRUCTURAL_SCREEN_EXHAUSTED_PRIMALITY_UNASSIGNED,GF3A_DIRECTIONAL_WRITE_EXHAUSTED_PRIMALITY_UNASSIGNED,514,512,512,NO_RECORDED_FACTOR_PRP_OR_LL_RESULT_AND_NO_ACTIVE_GIMPS_ASSIGNMENT,2026-08-08T19:16:24+00:00,UNALLOCATED,,,,,
SLCMP700-0908,908,908,317296391,2^317296391-1,STRUCTURAL_SCREEN_EXHAUSTED_PRIMALITY_UNASSIGNED,GF3A_DIRECTIONAL_WRITE_EXHAUSTED_PRIMALITY_UNASSIGNED,514,512,512,NO_RECORDED_FACTOR_PRP_OR_LL_RESULT_AND_NO_ACTIVE_GIMPS_ASSIGNMENT,2026-08-08T19:16:24+00:00,UNALLOCATED,,,,,
SLCMP700-0909,909,909,317296411,2^317296411-1,STRUCTURAL_SCREEN_EXHAUSTED_PRIMALITY_UNASSIGNED,GF3A_DIRECTIONAL_WRITE_EXHAUSTED_PRIMALITY_UNASSIGNED,514,512,512,NO_RECORDED_FACTOR_PRP_OR_LL_RESULT_AND_NO_ACTIVE_GIMPS_ASSIGNMENT,2026-08-08T19:16:24+00:00,UNALLOCATED,,,,,
SLCMP700-0910,910,910,317296459,2^317296459-1,STRUCTURAL_SCREEN_EXHAUSTED_PRIMALITY_UNASSIGNED,GF3A_DIRECTIONAL_WRITE_EXHAUSTED_PRIMALITY_UNASSIGNED,514,512,512,NO_RECORDED_FACTOR_PRP_OR_LL_RESULT_AND_NO_ACTIVE_GIMPS_ASSIGNMENT,2026-08-08T19:16:24+00:00,UNALLOCATED,,,,,
SLCMP700-0911,911,911,317296519,2^317296519-1,STRUCTURAL_SCREEN_EXHAUSTED_PRIMALITY_UNASSIGNED,GF3A_DIRECTIONAL_WRITE_EXHAUSTED_PRIMALITY_UNASSIGNED,514,512,512,NO_RECORDED_FACTOR_PRP_OR_LL_RESULT_AND_NO_ACTIVE_GIMPS_ASSIGNMENT,2026-08-08T19:16:24+00:00,UNALLOCATED,,,,,
SLCMP700-0912,912,912,317296601,2^317296601-1,STRUCTURAL_SCREEN_EXHAUSTED_PRIMALITY_UNASSIGNED,GF3A_DIRECTIONAL_WRITE_EXHAUSTED_PRIMALITY_UNASSIGNED,513,512,512,NO_RECORDED_FACTOR_PRP_OR_LL_RESULT_AND_NO_ACTIVE_GIMPS_ASSIGNMENT,2026-08-08T19:16:24+00:00,UNALLOCATED,,,,,
SLCMP700-0913,913,913,317296607,2^317296607-1,STRUCTURAL_SCREEN_EXHAUSTED_PRIMALITY_UNASSIGNED,GF3A_DIRECTIONAL_WRITE_EXHAUSTED_PRIMALITY_UNASSIGNED,514,512,512,NO_RECORDED_FACTOR_PRP_OR_LL_RESULT_AND_NO_ACTIVE_GIMPS_ASSIGNMENT,2026-08-08T19:16:24+00:00,UNALLOCATED,,,,,
SLCMP700-0914,914,914,317296669,2^317296669-1,STRUCTURAL_SCREEN_EXHAUSTED_PRIMALITY_UNASSIGNED,GF3A_DIRECTIONAL_WRITE_EXHAUSTED_PRIMALITY_UNASSIGNED,513,512,512,NO_RECORDED_FACTOR_PRP_OR_LL_RESULT_AND_NO_ACTIVE_GIMPS_ASSIGNMENT,2026-08-08T19:16:24+00:00,UNALLOCATED,,,,,
SLCMP700-0915,915,915,317296913,2^317296913-1,STRUCTURAL_SCREEN_EXHAUSTED_PRIMALITY_UNASSIGNED,GF3A_DIRECTIONAL_WRITE_EXHAUSTED_PRIMALITY_UNASSIGNED,513,512,512,NO_RECORDED_FACTOR_PRP_OR_LL_RESULT_AND_NO_ACTIVE_GIMPS_ASSIGNMENT,2026-08-08T19:16:24+00:00,UNALLOCATED,,,,,
SLCMP700-0916,916,916,317296919,2^317296919-1,STRUCTURAL_SCREEN_EXHAUSTED_PRIMALITY_UNASSIGNED,GF3A_DIRECTIONAL_WRITE_EXHAUSTED_PRIMALITY_UNASSIGNED,514,512,512,NO_RECORDED_FACTOR_PRP_OR_LL_RESULT_AND_NO_ACTIVE_GIMPS_ASSIGNMENT,2026-08-08T19:16:24+00:00,UNALLOCATED,,,,,
SLCMP700-0917,917,917,317297063,2^317297063-1,STRUCTURAL_SCREEN_EXHAUSTED_PRIMALITY_UNASSIGNED,GF3A_DIRECTIONAL_WRITE_EXHAUSTED_PRIMALITY_UNASSIGNED,514,512,512,NO_RECORDED_FACTOR_PRP_OR_LL_RESULT_AND_NO_ACTIVE_GIMPS_ASSIGNMENT,2026-08-08T19:16:24+00:00,UNALLOCATED,,,,,
SLCMP700-0918,918,918,317297119,2^317297119-1,STRUCTURAL_SCREEN_EXHAUSTED_PRIMALITY_UNASSIGNED,GF3A_DIRECTIONAL_WRITE_EXHAUSTED_PRIMALITY_UNASSIGNED,514,512,512,NO_RECORDED_FACTOR_PRP_OR_LL_RESULT_AND_NO_ACTIVE_GIMPS_ASSIGNMENT,2026-08-08T19:16:24+00:00,UNALLOCATED,,,,,
SLCMP700-0919,919,919,317297143,2^317297143-1,STRUCTURAL_SCREEN_EXHAUSTED_PRIMALITY_UNASSIGNED,GF3A_DIRECTIONAL_WRITE_EXHAUSTED_PRIMALITY_UNASSIGNED,514,512,512,NO_RECORDED_FACTOR_PRP_OR_LL_RESULT_AND_NO_ACTIVE_GIMPS_ASSIGNMENT,2026-08-08T19:16:24+00:00,UNALLOCATED,,,,,
SLCMP700-0920,920,920,317297159,2^317297159-1,STRUCTURAL_SCREEN_EXHAUSTED_PRIMALITY_UNASSIGNED,GF3A_DIRECTIONAL_WRITE_EXHAUSTED_PRIMALITY_UNASSIGNED,514,512,512,NO_RECORDED_FACTOR_PRP_OR_LL_RESULT_AND_NO_ACTIVE_GIMPS_ASSIGNMENT,2026-08-08T19:16:24+00:00,UNALLOCATED,,,,,
SLCMP700-0921,921,921,317297171,2^317297171-1,STRUCTURAL_SCREEN_EXHAUSTED_PRIMALITY_UNASSIGNED,GF3A_DIRECTIONAL_WRITE_EXHAUSTED_PRIMALITY_UNASSIGNED,514,512,512,NO_RECORDED_FACTOR_PRP_OR_LL_RESULT_AND_NO_ACTIVE_GIMPS_ASSIGNMENT,2026-08-08T19:16:24+00:00,UNALLOCATED,,,,,
SLCMP700-0922,922,922,317297527,2^317297527-1,STRUCTURAL_SCREEN_EXHAUSTED_PRIMALITY_UNASSIGNED,GF3A_DIRECTIONAL_WRITE_EXHAUSTED_PRIMALITY_UNASSIGNED,514,512,512,NO_RECORDED_FACTOR_PRP_OR_LL_RESULT_AND_NO_ACTIVE_GIMPS_ASSIGNMENT,2026-08-08T19:16:24+00:00,UNALLOCATED,,,,,
SLCMP700-0923,923,923,317297579,2^317297579-1,STRUCTURAL_SCREEN_EXHAUSTED_PRIMALITY_UNASSIGNED,GF3A_DIRECTIONAL_WRITE_EXHAUSTED_PRIMALITY_UNASSIGNED,514,512,512,NO_RECORDED_FACTOR_PRP_OR_LL_RESULT_AND_NO_ACTIVE_GIMPS_ASSIGNMENT,2026-08-08T19:16:24+00:00,UNALLOCATED,,,,,
SLCMP700-0924,924,924,317297677,2^317297677-1,STRUCTURAL_SCREEN_EXHAUSTED_PRIMALITY_UNASSIGNED,GF3A_DIRECTIONAL_WRITE_EXHAUSTED_PRIMALITY_UNASSIGNED,513,512,512,NO_RECORDED_FACTOR_PRP_OR_LL_RESULT_AND_NO_ACTIVE_GIMPS_ASSIGNMENT,2026-08-08T19:16:24+00:00,UNALLOCATED,,,,,
SLCMP700-0925,925,925,317297749,2^317297749-1,STRUCTURAL_SCREEN_EXHAUSTED_PRIMALITY_UNASSIGNED,GF3A_DIRECTIONAL_WRITE_EXHAUSTED_PRIMALITY_UNASSIGNED,513,512,512,NO_RECORDED_FACTOR_PRP_OR_LL_RESULT_AND_NO_ACTIVE_GIMPS_ASSIGNMENT,2026-08-08T19:16:24+00:00,UNALLOCATED,,,,,
SLCMP700-0926,926,926,317297789,2^317297789-1,STRUCTURAL_SCREEN_EXHAUSTED_PRIMALITY_UNASSIGNED,GF3A_DIRECTIONAL_WRITE_EXHAUSTED_PRIMALITY_UNASSIGNED,513,512,512,NO_RECORDED_FACTOR_PRP_OR_LL_RESULT_AND_NO_ACTIVE_GIMPS_ASSIGNMENT,2026-08-08T19:16:24+00:00,UNALLOCATED,,,,,
SLCMP700-0927,927,927,317297807,2^317297807-1,STRUCTURAL_SCREEN_EXHAUSTED_PRIMALITY_UNASSIGNED,GF3A_DIRECTIONAL_WRITE_EXHAUSTED_PRIMALITY_UNASSIGNED,514,512,512,NO_RECORDED_FACTOR_PRP_OR_LL_RESULT_AND_NO_ACTIVE_GIMPS_ASSIGNMENT,2026-08-08T19:16:24+00:00,UNALLOCATED,,,,,
SLCMP700-0928,928,928,317297831,2^317297831-1,STRUCTURAL_SCREEN_EXHAUSTED_PRIMALITY_UNASSIGNED,GF3A_DIRECTIONAL_WRITE_EXHAUSTED_PRIMALITY_UNASSIGNED,514,512,512,NO_RECORDED_FACTOR_PRP_OR_LL_RESULT_AND_NO_ACTIVE_GIMPS_ASSIGNMENT,2026-08-08T19:16:24+00:00,UNALLOCATED,,,,,
SLCMP700-0929,929,929,317297837,2^317297837-1,STRUCTURAL_SCREEN_EXHAUSTED_PRIMALITY_UNASSIGNED,GF3A_DIRECTIONAL_WRITE_EXHAUSTED_PRIMALITY_UNASSIGNED,513,512,512,NO_RECORDED_FACTOR_PRP_OR_LL_RESULT_AND_NO_ACTIVE_GIMPS_ASSIGNMENT,2026-08-08T19:16:24+00:00,UNALLOCATED,,,,,
SLCMP700-0930,930,930,317297861,2^317297861-1,STRUCTURAL_SCREEN_EXHAUSTED_PRIMALITY_UNASSIGNED,GF3A_DIRECTIONAL_WRITE_EXHAUSTED_PRIMALITY_UNASSIGNED,513,512,512,NO_RECORDED_FACTOR_PRP_OR_LL_RESULT_AND_NO_ACTIVE_GIMPS_ASSIGNMENT,2026-08-08T19:16:24+00:00,UNALLOCATED,,,,,
SLCMP700-0931,931,931,317297867,2^317297867-1,STRUCTURAL_SCREEN_EXHAUSTED_PRIMALITY_UNASSIGNED,GF3A_DIRECTIONAL_WRITE_EXHAUSTED_PRIMALITY_UNASSIGNED,514,512,512,NO_RECORDED_FACTOR_PRP_OR_LL_RESULT_AND_NO_ACTIVE_GIMPS_ASSIGNMENT,2026-08-08T19:16:24+00:00,UNALLOCATED,,,,,
SLCMP700-0932,932,932,317297879,2^317297879-1,STRUCTURAL_SCREEN_EXHAUSTED_PRIMALITY_UNASSIGNED,GF3A_DIRECTIONAL_WRITE_EXHAUSTED_PRIMALITY_UNASSIGNED,514,512,512,NO_RECORDED_FACTOR_PRP_OR_LL_RESULT_AND_NO_ACTIVE_GIMPS_ASSIGNMENT,2026-08-08T19:16:24+00:00,UNALLOCATED,,,,,
SLCMP700-0933,933,933,317297881,2^317297881-1,STRUCTURAL_SCREEN_EXHAUSTED_PRIMALITY_UNASSIGNED,GF3A_DIRECTIONAL_WRITE_EXHAUSTED_PRIMALITY_UNASSIGNED,513,512,512,NO_RECORDED_FACTOR_PRP_OR_LL_RESULT_AND_NO_ACTIVE_GIMPS_ASSIGNMENT,2026-08-08T19:16:24+00:00,UNALLOCATED,,,,,
SLCMP700-0934,934,934,317297917,2^317297917-1,STRUCTURAL_SCREEN_EXHAUSTED_PRIMALITY_UNASSIGNED,GF3A_DIRECTIONAL_WRITE_EXHAUSTED_PRIMALITY_UNASSIGNED,513,512,512,NO_RECORDED_FACTOR_PRP_OR_LL_RESULT_AND_NO_ACTIVE_GIMPS_ASSIGNMENT,2026-08-08T19:16:24+00:00,UNALLOCATED,,,,,
SLCMP700-0935,935,935,317297923,2^317297923-1,STRUCTURAL_SCREEN_EXHAUSTED_PRIMALITY_UNASSIGNED,GF3A_DIRECTIONAL_WRITE_EXHAUSTED_PRIMALITY_UNASSIGNED,514,512,512,NO_RECORDED_FACTOR_PRP_OR_LL_RESULT_AND_NO_ACTIVE_GIMPS_ASSIGNMENT,2026-08-08T19:16:24+00:00,UNALLOCATED,,,,,
SLCMP700-0936,936,936,317297957,2^317297957-1,STRUCTURAL_SCREEN_EXHAUSTED_PRIMALITY_UNASSIGNED,GF3A_DIRECTIONAL_WRITE_EXHAUSTED_PRIMALITY_UNASSIGNED,513,512,512,NO_RECORDED_FACTOR_PRP_OR_LL_RESULT_AND_NO_ACTIVE_GIMPS_ASSIGNMENT,2026-08-08T19:16:24+00:00,UNALLOCATED,,,,,
SLCMP700-0937,937,937,317298001,2^317298001-1,STRUCTURAL_SCREEN_EXHAUSTED_PRIMALITY_UNASSIGNED,GF3A_DIRECTIONAL_WRITE_EXHAUSTED_PRIMALITY_UNASSIGNED,513,512,512,NO_RECORDED_FACTOR_PRP_OR_LL_RESULT_AND_NO_ACTIVE_GIMPS_ASSIGNMENT,2026-08-08T19:16:24+00:00,UNALLOCATED,,,,,
SLCMP700-0938,938,938,317298029,2^317298029-1,STRUCTURAL_SCREEN_EXHAUSTED_PRIMALITY_UNASSIGNED,GF3A_DIRECTIONAL_WRITE_EXHAUSTED_PRIMALITY_UNASSIGNED,513,512,512,NO_RECORDED_FACTOR_PRP_OR_LL_RESULT_AND_NO_ACTIVE_GIMPS_ASSIGNMENT,2026-08-08T19:16:24+00:00,UNALLOCATED,,,,,
SLCMP700-0939,939,939,317298071,2^317298071-1,STRUCTURAL_SCREEN_EXHAUSTED_PRIMALITY_UNASSIGNED,GF3A_DIRECTIONAL_WRITE_EXHAUSTED_PRIMALITY_UNASSIGNED,514,512,512,NO_RECORDED_FACTOR_PRP_OR_LL_RESULT_AND_NO_ACTIVE_GIMPS_ASSIGNMENT,2026-08-08T19:16:24+00:00,UNALLOCATED,,,,,
SLCMP700-0940,940,940,317298109,2^317298109-1,STRUCTURAL_SCREEN_EXHAUSTED_PRIMALITY_UNASSIGNED,GF3A_DIRECTIONAL_WRITE_EXHAUSTED_PRIMALITY_UNASSIGNED,513,512,512,NO_RECORDED_FACTOR_PRP_OR_LL_RESULT_AND_NO_ACTIVE_GIMPS_ASSIGNMENT,2026-08-08T19:16:24+00:00,UNALLOCATED,,,,,
SLCMP700-0941,941,941,317298167,2^317298167-1,STRUCTURAL_SCREEN_EXHAUSTED_PRIMALITY_UNASSIGNED,GF3A_DIRECTIONAL_WRITE_EXHAUSTED_PRIMALITY_UNASSIGNED,514,512,512,NO_RECORDED_FACTOR_PRP_OR_LL_RESULT_AND_NO_ACTIVE_GIMPS_ASSIGNMENT,2026-08-08T19:16:24+00:00,UNALLOCATED,,,,,
SLCMP700-0942,942,942,317298169,2^317298169-1,STRUCTURAL_SCREEN_EXHAUSTED_PRIMALITY_UNASSIGNED,GF3A_DIRECTIONAL_WRITE_EXHAUSTED_PRIMALITY_UNASSIGNED,513,512,512,NO_RECORDED_FACTOR_PRP_OR_LL_RESULT_AND_NO_ACTIVE_GIMPS_ASSIGNMENT,2026-08-08T19:16:24+00:00,UNALLOCATED,,,,,
SLCMP700-0943,943,943,317298203,2^317298203-1,STRUCTURAL_SCREEN_EXHAUSTED_PRIMALITY_UNASSIGNED,GF3A_DIRECTIONAL_WRITE_EXHAUSTED_PRIMALITY_UNASSIGNED,514,512,512,NO_RECORDED_FACTOR_PRP_OR_LL_RESULT_AND_NO_ACTIVE_GIMPS_ASSIGNMENT,2026-08-08T19:16:24+00:00,UNALLOCATED,,,,,
SLCMP700-0944,944,944,317298211,2^317298211-1,STRUCTURAL_SCREEN_EXHAUSTED_PRIMALITY_UNASSIGNED,GF3A_DIRECTIONAL_WRITE_EXHAUSTED_PRIMALITY_UNASSIGNED,514,512,512,NO_RECORDED_FACTOR_PRP_OR_LL_RESULT_AND_NO_ACTIVE_GIMPS_ASSIGNMENT,2026-08-08T19:16:24+00:00,UNALLOCATED,,,,,
SLCMP700-0945,945,945,317298229,2^317298229-1,STRUCTURAL_SCREEN_EXHAUSTED_PRIMALITY_UNASSIGNED,GF3A_DIRECTIONAL_WRITE_EXHAUSTED_PRIMALITY_UNASSIGNED,513,512,512,NO_RECORDED_FACTOR_PRP_OR_LL_RESULT_AND_NO_ACTIVE_GIMPS_ASSIGNMENT,2026-08-08T19:16:24+00:00,UNALLOCATED,,,,,
SLCMP700-0946,946,946,317298313,2^317298313-1,STRUCTURAL_SCREEN_EXHAUSTED_PRIMALITY_UNASSIGNED,GF3A_DIRECTIONAL_WRITE_EXHAUSTED_PRIMALITY_UNASSIGNED,513,512,512,NO_RECORDED_FACTOR_PRP_OR_LL_RESULT_AND_NO_ACTIVE_GIMPS_ASSIGNMENT,2026-08-08T19:16:24+00:00,UNALLOCATED,,,,,
SLCMP700-0947,947,947,317298337,2^317298337-1,STRUCTURAL_SCREEN_EXHAUSTED_PRIMALITY_UNASSIGNED,GF3A_DIRECTIONAL_WRITE_EXHAUSTED_PRIMALITY_UNASSIGNED,513,512,512,NO_RECORDED_FACTOR_PRP_OR_LL_RESULT_AND_NO_ACTIVE_GIMPS_ASSIGNMENT,2026-08-08T19:16:24+00:00,UNALLOCATED,,,,,
SLCMP700-0948,948,948,317298383,2^317298383-1,STRUCTURAL_SCREEN_EXHAUSTED_PRIMALITY_UNASSIGNED,GF3A_DIRECTIONAL_WRITE_EXHAUSTED_PRIMALITY_UNASSIGNED,514,512,512,NO_RECORDED_FACTOR_PRP_OR_LL_RESULT_AND_NO_ACTIVE_GIMPS_ASSIGNMENT,2026-08-08T19:16:24+00:00,UNALLOCATED,,,,,
SLCMP700-0949,949,949,317298407,2^317298407-1,STRUCTURAL_SCREEN_EXHAUSTED_PRIMALITY_UNASSIGNED,GF3A_DIRECTIONAL_WRITE_EXHAUSTED_PRIMALITY_UNASSIGNED,514,512,512,NO_RECORDED_FACTOR_PRP_OR_LL_RESULT_AND_NO_ACTIVE_GIMPS_ASSIGNMENT,2026-08-08T19:16:24+00:00,UNALLOCATED,,,,,
SLCMP700-0950,950,950,317298427,2^317298427-1,STRUCTURAL_SCREEN_EXHAUSTED_PRIMALITY_UNASSIGNED,GF3A_DIRECTIONAL_WRITE_EXHAUSTED_PRIMALITY_UNASSIGNED,514,512,512,NO_RECORDED_FACTOR_PRP_OR_LL_RESULT_AND_NO_ACTIVE_GIMPS_ASSIGNMENT,2026-08-08T19:16:24+00:00,UNALLOCATED,,,,,
SLCMP700-0951,951,951,317298511,2^317298511-1,STRUCTURAL_SCREEN_EXHAUSTED_PRIMALITY_UNASSIGNED,GF3A_DIRECTIONAL_WRITE_EXHAUSTED_PRIMALITY_UNASSIGNED,514,512,512,NO_RECORDED_FACTOR_PRP_OR_LL_RESULT_AND_NO_ACTIVE_GIMPS_ASSIGNMENT,2026-08-08T19:16:24+00:00,UNALLOCATED,,,,,
SLCMP700-0952,952,952,317298589,2^317298589-1,STRUCTURAL_SCREEN_EXHAUSTED_PRIMALITY_UNASSIGNED,GF3A_DIRECTIONAL_WRITE_EXHAUSTED_PRIMALITY_UNASSIGNED,513,512,512,NO_RECORDED_FACTOR_PRP_OR_LL_RESULT_AND_NO_ACTIVE_GIMPS_ASSIGNMENT,2026-08-08T19:16:24+00:00,UNALLOCATED,,,,,
SLCMP700-0953,953,953,317298601,2^317298601-1,STRUCTURAL_SCREEN_EXHAUSTED_PRIMALITY_UNASSIGNED,GF3A_DIRECTIONAL_WRITE_EXHAUSTED_PRIMALITY_UNASSIGNED,513,512,512,NO_RECORDED_FACTOR_PRP_OR_LL_RESULT_AND_NO_ACTIVE_GIMPS_ASSIGNMENT,2026-08-08T19:16:24+00:00,UNALLOCATED,,,,,
SLCMP700-0954,954,954,317298649,2^317298649-1,STRUCTURAL_SCREEN_EXHAUSTED_PRIMALITY_UNASSIGNED,GF3A_DIRECTIONAL_WRITE_EXHAUSTED_PRIMALITY_UNASSIGNED,513,512,512,NO_RECORDED_FACTOR_PRP_OR_LL_RESULT_AND_NO_ACTIVE_GIMPS_ASSIGNMENT,2026-08-08T19:16:24+00:00,UNALLOCATED,,,,,
SLCMP700-0955,955,955,317298797,2^317298797-1,STRUCTURAL_SCREEN_EXHAUSTED_PRIMALITY_UNASSIGNED,GF3A_DIRECTIONAL_WRITE_EXHAUSTED_PRIMALITY_UNASSIGNED,513,512,512,NO_RECORDED_FACTOR_PRP_OR_LL_RESULT_AND_NO_ACTIVE_GIMPS_ASSIGNMENT,2026-08-08T19:16:24+00:00,UNALLOCATED,,,,,
SLCMP700-0956,956,956,317298799,2^317298799-1,STRUCTURAL_SCREEN_EXHAUSTED_PRIMALITY_UNASSIGNED,GF3A_DIRECTIONAL_WRITE_EXHAUSTED_PRIMALITY_UNASSIGNED,514,512,512,NO_RECORDED_FACTOR_PRP_OR_LL_RESULT_AND_NO_ACTIVE_GIMPS_ASSIGNMENT,2026-08-08T19:16:24+00:00,UNALLOCATED,,,,,
SLCMP700-0957,957,957,317298827,2^317298827-1,STRUCTURAL_SCREEN_EXHAUSTED_PRIMALITY_UNASSIGNED,GF3A_DIRECTIONAL_WRITE_EXHAUSTED_PRIMALITY_UNASSIGNED,514,512,512,NO_RECORDED_FACTOR_PRP_OR_LL_RESULT_AND_NO_ACTIVE_GIMPS_ASSIGNMENT,2026-08-08T19:16:24+00:00,UNALLOCATED,,,,,
SLCMP700-0958,958,958,317298911,2^317298911-1,STRUCTURAL_SCREEN_EXHAUSTED_PRIMALITY_UNASSIGNED,GF3A_DIRECTIONAL_WRITE_EXHAUSTED_PRIMALITY_UNASSIGNED,514,512,512,NO_RECORDED_FACTOR_PRP_OR_LL_RESULT_AND_NO_ACTIVE_GIMPS_ASSIGNMENT,2026-08-08T19:16:24+00:00,UNALLOCATED,,,,,
SLCMP700-0959,959,959,317298923,2^317298923-1,STRUCTURAL_SCREEN_EXHAUSTED_PRIMALITY_UNASSIGNED,GF3A_DIRECTIONAL_WRITE_EXHAUSTED_PRIMALITY_UNASSIGNED,514,512,512,NO_RECORDED_FACTOR_PRP_OR_LL_RESULT_AND_NO_ACTIVE_GIMPS_ASSIGNMENT,2026-08-08T19:16:24+00:00,UNALLOCATED,,,,,
SLCMP700-0960,960,960,317299001,2^317299001-1,STRUCTURAL_SCREEN_EXHAUSTED_PRIMALITY_UNASSIGNED,GF3A_DIRECTIONAL_WRITE_EXHAUSTED_PRIMALITY_UNASSIGNED,513,512,512,NO_RECORDED_FACTOR_PRP_OR_LL_RESULT_AND_NO_ACTIVE_GIMPS_ASSIGNMENT,2026-08-08T19:16:24+00:00,UNALLOCATED,,,,,
SLCMP700-0961,961,961,317299039,2^317299039-1,STRUCTURAL_SCREEN_EXHAUSTED_PRIMALITY_UNASSIGNED,GF3A_DIRECTIONAL_WRITE_EXHAUSTED_PRIMALITY_UNASSIGNED,514,512,512,NO_RECORDED_FACTOR_PRP_OR_LL_RESULT_AND_NO_ACTIVE_GIMPS_ASSIGNMENT,2026-08-08T19:16:24+00:00,UNALLOCATED,,,,,
SLCMP700-0962,962,962,317299079,2^317299079-1,STRUCTURAL_SCREEN_EXHAUSTED_PRIMALITY_UNASSIGNED,GF3A_DIRECTIONAL_WRITE_EXHAUSTED_PRIMALITY_UNASSIGNED,514,512,512,NO_RECORDED_FACTOR_PRP_OR_LL_RESULT_AND_NO_ACTIVE_GIMPS_ASSIGNMENT,2026-08-08T19:16:24+00:00,UNALLOCATED,,,,,
SLCMP700-0963,963,963,317299093,2^317299093-1,STRUCTURAL_SCREEN_EXHAUSTED_PRIMALITY_UNASSIGNED,GF3A_DIRECTIONAL_WRITE_EXHAUSTED_PRIMALITY_UNASSIGNED,513,512,512,NO_RECORDED_FACTOR_PRP_OR_LL_RESULT_AND_NO_ACTIVE_GIMPS_ASSIGNMENT,2026-08-08T19:16:24+00:00,UNALLOCATED,,,,,
SLCMP700-0964,964,964,317299111,2^317299111-1,STRUCTURAL_SCREEN_EXHAUSTED_PRIMALITY_UNASSIGNED,GF3A_DIRECTIONAL_WRITE_EXHAUSTED_PRIMALITY_UNASSIGNED,514,512,512,NO_RECORDED_FACTOR_PRP_OR_LL_RESULT_AND_NO_ACTIVE_GIMPS_ASSIGNMENT,2026-08-08T19:16:24+00:00,UNALLOCATED,,,,,
SLCMP700-0965,965,965,317299133,2^317299133-1,STRUCTURAL_SCREEN_EXHAUSTED_PRIMALITY_UNASSIGNED,GF3A_DIRECTIONAL_WRITE_EXHAUSTED_PRIMALITY_UNASSIGNED,513,512,512,NO_RECORDED_FACTOR_PRP_OR_LL_RESULT_AND_NO_ACTIVE_GIMPS_ASSIGNMENT,2026-08-08T19:16:24+00:00,UNALLOCATED,,,,,
SLCMP700-0966,966,966,317299187,2^317299187-1,STRUCTURAL_SCREEN_EXHAUSTED_PRIMALITY_UNASSIGNED,GF3A_DIRECTIONAL_WRITE_EXHAUSTED_PRIMALITY_UNASSIGNED,514,512,512,NO_RECORDED_FACTOR_PRP_OR_LL_RESULT_AND_NO_ACTIVE_GIMPS_ASSIGNMENT,2026-08-08T19:16:24+00:00,UNALLOCATED,,,,,
SLCMP700-0967,967,967,317299189,2^317299189-1,STRUCTURAL_SCREEN_EXHAUSTED_PRIMALITY_UNASSIGNED,GF3A_DIRECTIONAL_WRITE_EXHAUSTED_PRIMALITY_UNASSIGNED,513,512,512,NO_RECORDED_FACTOR_PRP_OR_LL_RESULT_AND_NO_ACTIVE_GIMPS_ASSIGNMENT,2026-08-08T19:16:24+00:00,UNALLOCATED,,,,,
SLCMP700-0968,968,968,317299211,2^317299211-1,STRUCTURAL_SCREEN_EXHAUSTED_PRIMALITY_UNASSIGNED,GF3A_DIRECTIONAL_WRITE_EXHAUSTED_PRIMALITY_UNASSIGNED,514,512,512,NO_RECORDED_FACTOR_PRP_OR_LL_RESULT_AND_NO_ACTIVE_GIMPS_ASSIGNMENT,2026-08-08T19:16:24+00:00,UNALLOCATED,,,,,
SLCMP700-0969,969,969,317299351,2^317299351-1,STRUCTURAL_SCREEN_EXHAUSTED_PRIMALITY_UNASSIGNED,GF3A_DIRECTIONAL_WRITE_EXHAUSTED_PRIMALITY_UNASSIGNED,514,512,512,NO_RECORDED_FACTOR_PRP_OR_LL_RESULT_AND_NO_ACTIVE_GIMPS_ASSIGNMENT,2026-08-08T19:16:24+00:00,UNALLOCATED,,,,,
SLCMP700-0970,970,970,317299357,2^317299357-1,STRUCTURAL_SCREEN_EXHAUSTED_PRIMALITY_UNASSIGNED,GF3A_DIRECTIONAL_WRITE_EXHAUSTED_PRIMALITY_UNASSIGNED,513,512,512,NO_RECORDED_FACTOR_PRP_OR_LL_RESULT_AND_NO_ACTIVE_GIMPS_ASSIGNMENT,2026-08-08T19:16:24+00:00,UNALLOCATED,,,,,
SLCMP700-0971,971,971,317299439,2^317299439-1,STRUCTURAL_SCREEN_EXHAUSTED_PRIMALITY_UNASSIGNED,GF3A_DIRECTIONAL_WRITE_EXHAUSTED_PRIMALITY_UNASSIGNED,514,512,512,NO_RECORDED_FACTOR_PRP_OR_LL_RESULT_AND_NO_ACTIVE_GIMPS_ASSIGNMENT,2026-08-08T19:16:24+00:00,UNALLOCATED,,,,,
SLCMP700-0972,972,972,317299519,2^317299519-1,STRUCTURAL_SCREEN_EXHAUSTED_PRIMALITY_UNASSIGNED,GF3A_DIRECTIONAL_WRITE_EXHAUSTED_PRIMALITY_UNASSIGNED,514,512,512,NO_RECORDED_FACTOR_PRP_OR_LL_RESULT_AND_NO_ACTIVE_GIMPS_ASSIGNMENT,2026-08-08T19:16:24+00:00,UNALLOCATED,,,,,
SLCMP700-0973,973,973,317299597,2^317299597-1,STRUCTURAL_SCREEN_EXHAUSTED_PRIMALITY_UNASSIGNED,GF3A_DIRECTIONAL_WRITE_EXHAUSTED_PRIMALITY_UNASSIGNED,513,512,512,NO_RECORDED_FACTOR_PRP_OR_LL_RESULT_AND_NO_ACTIVE_GIMPS_ASSIGNMENT,2026-08-08T19:16:24+00:00,UNALLOCATED,,,,,
SLCMP700-0974,974,974,317299673,2^317299673-1,STRUCTURAL_SCREEN_EXHAUSTED_PRIMALITY_UNASSIGNED,GF3A_DIRECTIONAL_WRITE_EXHAUSTED_PRIMALITY_UNASSIGNED,513,512,512,NO_RECORDED_FACTOR_PRP_OR_LL_RESULT_AND_NO_ACTIVE_GIMPS_ASSIGNMENT,2026-08-08T19:16:24+00:00,UNALLOCATED,,,,,
SLCMP700-0975,975,975,317299693,2^317299693-1,STRUCTURAL_SCREEN_EXHAUSTED_PRIMALITY_UNASSIGNED,GF3A_DIRECTIONAL_WRITE_EXHAUSTED_PRIMALITY_UNASSIGNED,513,512,512,NO_RECORDED_FACTOR_PRP_OR_LL_RESULT_AND_NO_ACTIVE_GIMPS_ASSIGNMENT,2026-08-08T19:16:24+00:00,UNALLOCATED,,,,,
SLCMP700-0976,976,976,317299727,2^317299727-1,STRUCTURAL_SCREEN_EXHAUSTED_PRIMALITY_UNASSIGNED,GF3A_DIRECTIONAL_WRITE_EXHAUSTED_PRIMALITY_UNASSIGNED,514,512,512,NO_RECORDED_FACTOR_PRP_OR_LL_RESULT_AND_NO_ACTIVE_GIMPS_ASSIGNMENT,2026-08-08T19:16:24+00:00,UNALLOCATED,,,,,
SLCMP700-0977,977,977,317299751,2^317299751-1,STRUCTURAL_SCREEN_EXHAUSTED_PRIMALITY_UNASSIGNED,GF3A_DIRECTIONAL_WRITE_EXHAUSTED_PRIMALITY_UNASSIGNED,514,512,512,NO_RECORDED_FACTOR_PRP_OR_LL_RESULT_AND_NO_ACTIVE_GIMPS_ASSIGNMENT,2026-08-08T19:16:24+00:00,UNALLOCATED,,,,,
SLCMP700-0978,978,978,317299777,2^317299777-1,STRUCTURAL_SCREEN_EXHAUSTED_PRIMALITY_UNASSIGNED,GF3A_DIRECTIONAL_WRITE_EXHAUSTED_PRIMALITY_UNASSIGNED,513,512,512,NO_RECORDED_FACTOR_PRP_OR_LL_RESULT_AND_NO_ACTIVE_GIMPS_ASSIGNMENT,2026-08-08T19:16:24+00:00,UNALLOCATED,,,,,
SLCMP700-0979,979,979,317299783,2^317299783-1,STRUCTURAL_SCREEN_EXHAUSTED_PRIMALITY_UNASSIGNED,GF3A_DIRECTIONAL_WRITE_EXHAUSTED_PRIMALITY_UNASSIGNED,514,512,512,NO_RECORDED_FACTOR_PRP_OR_LL_RESULT_AND_NO_ACTIVE_GIMPS_ASSIGNMENT,2026-08-08T19:16:24+00:00,UNALLOCATED,,,,,
SLCMP700-0980,980,980,317299811,2^317299811-1,STRUCTURAL_SCREEN_EXHAUSTED_PRIMALITY_UNASSIGNED,GF3A_DIRECTIONAL_WRITE_EXHAUSTED_PRIMALITY_UNASSIGNED,514,512,512,NO_RECORDED_FACTOR_PRP_OR_LL_RESULT_AND_NO_ACTIVE_GIMPS_ASSIGNMENT,2026-08-08T19:16:24+00:00,UNALLOCATED,,,,,
SLCMP700-0981,981,981,317299831,2^317299831-1,STRUCTURAL_SCREEN_EXHAUSTED_PRIMALITY_UNASSIGNED,GF3A_DIRECTIONAL_WRITE_EXHAUSTED_PRIMALITY_UNASSIGNED,514,512,512,NO_RECORDED_FACTOR_PRP_OR_LL_RESULT_AND_NO_ACTIVE_GIMPS_ASSIGNMENT,2026-08-08T19:16:24+00:00,UNALLOCATED,,,,,
SLCMP700-0982,982,982,317299859,2^317299859-1,STRUCTURAL_SCREEN_EXHAUSTED_PRIMALITY_UNASSIGNED,GF3A_DIRECTIONAL_WRITE_EXHAUSTED_PRIMALITY_UNASSIGNED,514,512,512,NO_RECORDED_FACTOR_PRP_OR_LL_RESULT_AND_NO_ACTIVE_GIMPS_ASSIGNMENT,2026-08-08T19:16:24+00:00,UNALLOCATED,,,,,
SLCMP700-0983,983,983,317299897,2^317299897-1,STRUCTURAL_SCREEN_EXHAUSTED_PRIMALITY_UNASSIGNED,GF3A_DIRECTIONAL_WRITE_EXHAUSTED_PRIMALITY_UNASSIGNED,513,512,512,NO_RECORDED_FACTOR_PRP_OR_LL_RESULT_AND_NO_ACTIVE_GIMPS_ASSIGNMENT,2026-08-08T19:16:24+00:00,UNALLOCATED,,,,,
SLCMP700-0984,984,984,317299907,2^317299907-1,STRUCTURAL_SCREEN_EXHAUSTED_PRIMALITY_UNASSIGNED,GF3A_DIRECTIONAL_WRITE_EXHAUSTED_PRIMALITY_UNASSIGNED,514,512,512,NO_RECORDED_FACTOR_PRP_OR_LL_RESULT_AND_NO_ACTIVE_GIMPS_ASSIGNMENT,2026-08-08T19:16:24+00:00,UNALLOCATED,,,,,
SLCMP700-0985,985,985,317299921,2^317299921-1,STRUCTURAL_SCREEN_EXHAUSTED_PRIMALITY_UNASSIGNED,GF3A_DIRECTIONAL_WRITE_EXHAUSTED_PRIMALITY_UNASSIGNED,513,512,512,NO_RECORDED_FACTOR_PRP_OR_LL_RESULT_AND_NO_ACTIVE_GIMPS_ASSIGNMENT,2026-08-08T19:16:24+00:00,UNALLOCATED,,,,,
SLCMP700-0986,986,986,317299963,2^317299963-1,STRUCTURAL_SCREEN_EXHAUSTED_PRIMALITY_UNASSIGNED,GF3A_DIRECTIONAL_WRITE_EXHAUSTED_PRIMALITY_UNASSIGNED,514,512,512,NO_RECORDED_FACTOR_PRP_OR_LL_RESULT_AND_NO_ACTIVE_GIMPS_ASSIGNMENT,2026-08-08T19:16:24+00:00,UNALLOCATED,,,,,
SLCMP700-0987,987,987,317300077,2^317300077-1,STRUCTURAL_SCREEN_EXHAUSTED_PRIMALITY_UNASSIGNED,GF3A_DIRECTIONAL_WRITE_EXHAUSTED_PRIMALITY_UNASSIGNED,513,512,512,NO_RECORDED_FACTOR_PRP_OR_LL_RESULT_AND_NO_ACTIVE_GIMPS_ASSIGNMENT,2026-08-08T19:16:24+00:00,UNALLOCATED,,,,,
SLCMP700-0988,988,988,317300117,2^317300117-1,STRUCTURAL_SCREEN_EXHAUSTED_PRIMALITY_UNASSIGNED,GF3A_DIRECTIONAL_WRITE_EXHAUSTED_PRIMALITY_UNASSIGNED,513,512,512,NO_RECORDED_FACTOR_PRP_OR_LL_RESULT_AND_NO_ACTIVE_GIMPS_ASSIGNMENT,2026-08-08T19:16:24+00:00,UNALLOCATED,,,,,
SLCMP700-0989,989,989,317300183,2^317300183-1,STRUCTURAL_SCREEN_EXHAUSTED_PRIMALITY_UNASSIGNED,GF3A_DIRECTIONAL_WRITE_EXHAUSTED_PRIMALITY_UNASSIGNED,514,512,512,NO_RECORDED_FACTOR_PRP_OR_LL_RESULT_AND_NO_ACTIVE_GIMPS_ASSIGNMENT,2026-08-08T19:16:24+00:00,UNALLOCATED,,,,,
SLCMP700-0990,990,990,317300239,2^317300239-1,STRUCTURAL_SCREEN_EXHAUSTED_PRIMALITY_UNASSIGNED,GF3A_DIRECTIONAL_WRITE_EXHAUSTED_PRIMALITY_UNASSIGNED,514,512,512,NO_RECORDED_FACTOR_PRP_OR_LL_RESULT_AND_NO_ACTIVE_GIMPS_ASSIGNMENT,2026-08-08T19:16:24+00:00,UNALLOCATED,,,,,
SLCMP700-0991,991,991,317300273,2^317300273-1,STRUCTURAL_SCREEN_EXHAUSTED_PRIMALITY_UNASSIGNED,GF3A_DIRECTIONAL_WRITE_EXHAUSTED_PRIMALITY_UNASSIGNED,513,512,512,NO_RECORDED_FACTOR_PRP_OR_LL_RESULT_AND_NO_ACTIVE_GIMPS_ASSIGNMENT,2026-08-08T19:16:24+00:00,UNALLOCATED,,,,,
SLCMP700-0992,992,992,317300309,2^317300309-1,STRUCTURAL_SCREEN_EXHAUSTED_PRIMALITY_UNASSIGNED,GF3A_DIRECTIONAL_WRITE_EXHAUSTED_PRIMALITY_UNASSIGNED,513,512,512,NO_RECORDED_FACTOR_PRP_OR_LL_RESULT_AND_NO_ACTIVE_GIMPS_ASSIGNMENT,2026-08-08T19:16:24+00:00,UNALLOCATED,,,,,
SLCMP700-0993,993,993,317300351,2^317300351-1,STRUCTURAL_SCREEN_EXHAUSTED_PRIMALITY_UNASSIGNED,GF3A_DIRECTIONAL_WRITE_EXHAUSTED_PRIMALITY_UNASSIGNED,514,512,512,NO_RECORDED_FACTOR_PRP_OR_LL_RESULT_AND_NO_ACTIVE_GIMPS_ASSIGNMENT,2026-08-08T19:16:24+00:00,UNALLOCATED,,,,,
SLCMP700-0994,994,994,317300371,2^317300371-1,STRUCTURAL_SCREEN_EXHAUSTED_PRIMALITY_UNASSIGNED,GF3A_DIRECTIONAL_WRITE_EXHAUSTED_PRIMALITY_UNASSIGNED,514,512,512,NO_RECORDED_FACTOR_PRP_OR_LL_RESULT_AND_NO_ACTIVE_GIMPS_ASSIGNMENT,2026-08-08T19:16:24+00:00,UNALLOCATED,,,,,
SLCMP700-0995,995,995,317300383,2^317300383-1,STRUCTURAL_SCREEN_EXHAUSTED_PRIMALITY_UNASSIGNED,GF3A_DIRECTIONAL_WRITE_EXHAUSTED_PRIMALITY_UNASSIGNED,514,512,512,NO_RECORDED_FACTOR_PRP_OR_LL_RESULT_AND_NO_ACTIVE_GIMPS_ASSIGNMENT,2026-08-08T19:16:24+00:00,UNALLOCATED,,,,,
SLCMP700-0996,996,996,317300411,2^317300411-1,STRUCTURAL_SCREEN_EXHAUSTED_PRIMALITY_UNASSIGNED,GF3A_DIRECTIONAL_WRITE_EXHAUSTED_PRIMALITY_UNASSIGNED,514,512,512,NO_RECORDED_FACTOR_PRP_OR_LL_RESULT_AND_NO_ACTIVE_GIMPS_ASSIGNMENT,2026-08-08T19:16:24+00:00,UNALLOCATED,,,,,
SLCMP700-0997,997,997,317300639,2^317300639-1,STRUCTURAL_SCREEN_EXHAUSTED_PRIMALITY_UNASSIGNED,GF3A_DIRECTIONAL_WRITE_EXHAUSTED_PRIMALITY_UNASSIGNED,514,512,512,NO_RECORDED_FACTOR_PRP_OR_LL_RESULT_AND_NO_ACTIVE_GIMPS_ASSIGNMENT,2026-08-08T19:16:24+00:00,UNALLOCATED,,,,,
SLCMP700-0998,998,998,317300653,2^317300653-1,STRUCTURAL_SCREEN_EXHAUSTED_PRIMALITY_UNASSIGNED,GF3A_DIRECTIONAL_WRITE_EXHAUSTED_PRIMALITY_UNASSIGNED,513,512,512,NO_RECORDED_FACTOR_PRP_OR_LL_RESULT_AND_NO_ACTIVE_GIMPS_ASSIGNMENT,2026-08-08T19:16:24+00:00,UNALLOCATED,,,,,
SLCMP700-0999,999,999,317300759,2^317300759-1,STRUCTURAL_SCREEN_EXHAUSTED_PRIMALITY_UNASSIGNED,GF3A_DIRECTIONAL_WRITE_EXHAUSTED_PRIMALITY_UNASSIGNED,514,512,512,NO_RECORDED_FACTOR_PRP_OR_LL_RESULT_AND_NO_ACTIVE_GIMPS_ASSIGNMENT,2026-08-08T19:16:24+00:00,UNALLOCATED,,,,,
SLCMP700-1000,1000,1000,317300813,2^317300813-1,STRUCTURAL_SCREEN_EXHAUSTED_PRIMALITY_UNASSIGNED,GF3A_DIRECTIONAL_WRITE_EXHAUSTED_PRIMALITY_UNASSIGNED,513,512,512,NO_RECORDED_FACTOR_PRP_OR_LL_RESULT_AND_NO_ACTIVE_GIMPS_ASSIGNMENT,2026-08-08T19:16:24+00:00,UNALLOCATED,,,,,
SLCMP700-1001,1001,1001,317300849,2^317300849-1,STRUCTURAL_SCREEN_EXHAUSTED_PRIMALITY_UNASSIGNED,GF3A_DIRECTIONAL_WRITE_EXHAUSTED_PRIMALITY_UNASSIGNED,513,512,512,NO_RECORDED_FACTOR_PRP_OR_LL_RESULT_AND_NO_ACTIVE_GIMPS_ASSIGNMENT,2026-08-08T19:16:24+00:00,UNALLOCATED,,,,,
SLCMP700-1002,1002,1002,317300899,2^317300899-1,STRUCTURAL_SCREEN_EXHAUSTED_PRIMALITY_UNASSIGNED,GF3A_DIRECTIONAL_WRITE_EXHAUSTED_PRIMALITY_UNASSIGNED,514,512,512,NO_RECORDED_FACTOR_PRP_OR_LL_RESULT_AND_NO_ACTIVE_GIMPS_ASSIGNMENT,2026-08-08T19:16:24+00:00,UNALLOCATED,,,,,
SLCMP700-1003,1003,1003,317300957,2^317300957-1,STRUCTURAL_SCREEN_EXHAUSTED_PRIMALITY_UNASSIGNED,GF3A_DIRECTIONAL_WRITE_EXHAUSTED_PRIMALITY_UNASSIGNED,513,512,512,NO_RECORDED_FACTOR_PRP_OR_LL_RESULT_AND_NO_ACTIVE_GIMPS_ASSIGNMENT,2026-08-08T19:16:24+00:00,UNALLOCATED,,,,,
SLCMP700-1004,1004,1004,317301037,2^317301037-1,STRUCTURAL_SCREEN_EXHAUSTED_PRIMALITY_UNASSIGNED,GF3A_DIRECTIONAL_WRITE_EXHAUSTED_PRIMALITY_UNASSIGNED,513,512,512,NO_RECORDED_FACTOR_PRP_OR_LL_RESULT_AND_NO_ACTIVE_GIMPS_ASSIGNMENT,2026-08-08T19:16:24+00:00,UNALLOCATED,,,,,
SLCMP700-1005,1005,1005,317301097,2^317301097-1,STRUCTURAL_SCREEN_EXHAUSTED_PRIMALITY_UNASSIGNED,GF3A_DIRECTIONAL_WRITE_EXHAUSTED_PRIMALITY_UNASSIGNED,513,512,512,NO_RECORDED_FACTOR_PRP_OR_LL_RESULT_AND_NO_ACTIVE_GIMPS_ASSIGNMENT,2026-08-08T19:16:24+00:00,UNALLOCATED,,,,,
SLCMP700-1006,1006,1006,317301133,2^317301133-1,STRUCTURAL_SCREEN_EXHAUSTED_PRIMALITY_UNASSIGNED,GF3A_DIRECTIONAL_WRITE_EXHAUSTED_PRIMALITY_UNASSIGNED,513,512,512,NO_RECORDED_FACTOR_PRP_OR_LL_RESULT_AND_NO_ACTIVE_GIMPS_ASSIGNMENT,2026-08-08T19:16:24+00:00,UNALLOCATED,,,,,
SLCMP700-1007,1007,1007,317301137,2^317301137-1,STRUCTURAL_SCREEN_EXHAUSTED_PRIMALITY_UNASSIGNED,GF3A_DIRECTIONAL_WRITE_EXHAUSTED_PRIMALITY_UNASSIGNED,513,512,512,NO_RECORDED_FACTOR_PRP_OR_LL_RESULT_AND_NO_ACTIVE_GIMPS_ASSIGNMENT,2026-08-08T19:16:24+00:00,UNALLOCATED,,,,,
SLCMP700-1008,1008,1008,317301157,2^317301157-1,STRUCTURAL_SCREEN_EXHAUSTED_PRIMALITY_UNASSIGNED,GF3A_DIRECTIONAL_WRITE_EXHAUSTED_PRIMALITY_UNASSIGNED,513,512,512,NO_RECORDED_FACTOR_PRP_OR_LL_RESULT_AND_NO_ACTIVE_GIMPS_ASSIGNMENT,2026-08-08T19:16:24+00:00,UNALLOCATED,,,,,
SLCMP700-1009,1009,1009,317301181,2^317301181-1,STRUCTURAL_SCREEN_EXHAUSTED_PRIMALITY_UNASSIGNED,GF3A_DIRECTIONAL_WRITE_EXHAUSTED_PRIMALITY_UNASSIGNED,513,512,512,NO_RECORDED_FACTOR_PRP_OR_LL_RESULT_AND_NO_ACTIVE_GIMPS_ASSIGNMENT,2026-08-08T19:16:24+00:00,UNALLOCATED,,,,,
SLCMP700-1010,1010,1010,317301211,2^317301211-1,STRUCTURAL_SCREEN_EXHAUSTED_PRIMALITY_UNASSIGNED,GF3A_DIRECTIONAL_WRITE_EXHAUSTED_PRIMALITY_UNASSIGNED,514,512,512,NO_RECORDED_FACTOR_PRP_OR_LL_RESULT_AND_NO_ACTIVE_GIMPS_ASSIGNMENT,2026-08-08T19:16:24+00:00,UNALLOCATED,,,,,
SLCMP700-1011,1011,1011,317301319,2^317301319-1,STRUCTURAL_SCREEN_EXHAUSTED_PRIMALITY_UNASSIGNED,GF3A_DIRECTIONAL_WRITE_EXHAUSTED_PRIMALITY_UNASSIGNED,514,512,512,NO_RECORDED_FACTOR_PRP_OR_LL_RESULT_AND_NO_ACTIVE_GIMPS_ASSIGNMENT,2026-08-08T19:16:24+00:00,UNALLOCATED,,,,,
SLCMP700-1012,1012,1012,317301487,2^317301487-1,STRUCTURAL_SCREEN_EXHAUSTED_PRIMALITY_UNASSIGNED,GF3A_DIRECTIONAL_WRITE_EXHAUSTED_PRIMALITY_UNASSIGNED,514,512,512,NO_RECORDED_FACTOR_PRP_OR_LL_RESULT_AND_NO_ACTIVE_GIMPS_ASSIGNMENT,2026-08-08T19:16:24+00:00,UNALLOCATED,,,,,
SLCMP700-1013,1013,1013,317301493,2^317301493-1,STRUCTURAL_SCREEN_EXHAUSTED_PRIMALITY_UNASSIGNED,GF3A_DIRECTIONAL_WRITE_EXHAUSTED_PRIMALITY_UNASSIGNED,513,512,512,NO_RECORDED_FACTOR_PRP_OR_LL_RESULT_AND_NO_ACTIVE_GIMPS_ASSIGNMENT,2026-08-08T19:16:24+00:00,UNALLOCATED,,,,,
SLCMP700-1014,1014,1014,317301631,2^317301631-1,STRUCTURAL_SCREEN_EXHAUSTED_PRIMALITY_UNASSIGNED,GF3A_DIRECTIONAL_WRITE_EXHAUSTED_PRIMALITY_UNASSIGNED,514,512,512,NO_RECORDED_FACTOR_PRP_OR_LL_RESULT_AND_NO_ACTIVE_GIMPS_ASSIGNMENT,2026-08-08T19:16:24+00:00,UNALLOCATED,,,,,
SLCMP700-1015,1015,1015,317301689,2^317301689-1,STRUCTURAL_SCREEN_EXHAUSTED_PRIMALITY_UNASSIGNED,GF3A_DIRECTIONAL_WRITE_EXHAUSTED_PRIMALITY_UNASSIGNED,513,512,512,NO_RECORDED_FACTOR_PRP_OR_LL_RESULT_AND_NO_ACTIVE_GIMPS_ASSIGNMENT,2026-08-08T19:16:24+00:00,UNALLOCATED,,,,,
SLCMP700-1016,1016,1016,317301739,2^317301739-1,STRUCTURAL_SCREEN_EXHAUSTED_PRIMALITY_UNASSIGNED,GF3A_DIRECTIONAL_WRITE_EXHAUSTED_PRIMALITY_UNASSIGNED,514,512,512,NO_RECORDED_FACTOR_PRP_OR_LL_RESULT_AND_NO_ACTIVE_GIMPS_ASSIGNMENT,2026-08-08T19:16:24+00:00,UNALLOCATED,,,,,
SLCMP700-1017,1017,1017,317301757,2^317301757-1,STRUCTURAL_SCREEN_EXHAUSTED_PRIMALITY_UNASSIGNED,GF3A_DIRECTIONAL_WRITE_EXHAUSTED_PRIMALITY_UNASSIGNED,513,512,512,NO_RECORDED_FACTOR_PRP_OR_LL_RESULT_AND_NO_ACTIVE_GIMPS_ASSIGNMENT,2026-08-08T19:16:24+00:00,UNALLOCATED,,,,,
SLCMP700-1018,1018,1018,317301827,2^317301827-1,STRUCTURAL_SCREEN_EXHAUSTED_PRIMALITY_UNASSIGNED,GF3A_DIRECTIONAL_WRITE_EXHAUSTED_PRIMALITY_UNASSIGNED,514,512,512,NO_RECORDED_FACTOR_PRP_OR_LL_RESULT_AND_NO_ACTIVE_GIMPS_ASSIGNMENT,2026-08-08T19:16:24+00:00,UNALLOCATED,,,,,
SLCMP700-1019,1019,1019,317301839,2^317301839-1,STRUCTURAL_SCREEN_EXHAUSTED_PRIMALITY_UNASSIGNED,GF3A_DIRECTIONAL_WRITE_EXHAUSTED_PRIMALITY_UNASSIGNED,514,512,512,NO_RECORDED_FACTOR_PRP_OR_LL_RESULT_AND_NO_ACTIVE_GIMPS_ASSIGNMENT,2026-08-08T19:16:24+00:00,UNALLOCATED,,,,,
SLCMP700-1020,1020,1020,317301857,2^317301857-1,STRUCTURAL_SCREEN_EXHAUSTED_PRIMALITY_UNASSIGNED,GF3A_DIRECTIONAL_WRITE_EXHAUSTED_PRIMALITY_UNASSIGNED,513,512,512,NO_RECORDED_FACTOR_PRP_OR_LL_RESULT_AND_NO_ACTIVE_GIMPS_ASSIGNMENT,2026-08-08T19:16:24+00:00,UNALLOCATED,,,,,
SLCMP700-1021,1021,1021,317301877,2^317301877-1,STRUCTURAL_SCREEN_EXHAUSTED_PRIMALITY_UNASSIGNED,GF3A_DIRECTIONAL_WRITE_EXHAUSTED_PRIMALITY_UNASSIGNED,513,512,512,NO_RECORDED_FACTOR_PRP_OR_LL_RESULT_AND_NO_ACTIVE_GIMPS_ASSIGNMENT,2026-08-08T19:16:24+00:00,UNALLOCATED,,,,,
SLCMP700-1022,1022,1022,317301949,2^317301949-1,STRUCTURAL_SCREEN_EXHAUSTED_PRIMALITY_UNASSIGNED,GF3A_DIRECTIONAL_WRITE_EXHAUSTED_PRIMALITY_UNASSIGNED,513,512,512,NO_RECORDED_FACTOR_PRP_OR_LL_RESULT_AND_NO_ACTIVE_GIMPS_ASSIGNMENT,2026-08-08T19:16:24+00:00,UNALLOCATED,,,,,
SLCMP700-1023,1023,1023,317301979,2^317301979-1,STRUCTURAL_SCREEN_EXHAUSTED_PRIMALITY_UNASSIGNED,GF3A_DIRECTIONAL_WRITE_EXHAUSTED_PRIMALITY_UNASSIGNED,514,512,512,NO_RECORDED_FACTOR_PRP_OR_LL_RESULT_AND_NO_ACTIVE_GIMPS_ASSIGNMENT,2026-08-08T19:16:24+00:00,UNALLOCATED,,,,,
SLCMP700-1024,1024,1024,317302103,2^317302103-1,STRUCTURAL_SCREEN_EXHAUSTED_PRIMALITY_UNASSIGNED,GF3A_DIRECTIONAL_WRITE_EXHAUSTED_PRIMALITY_UNASSIGNED,514,512,512,NO_RECORDED_FACTOR_PRP_OR_LL_RESULT_AND_NO_ACTIVE_GIMPS_ASSIGNMENT,2026-08-08T19:16:24+00:00,UNALLOCATED,,,,,
SLCMP700-1025,1025,1025,317302207,2^317302207-1,STRUCTURAL_SCREEN_EXHAUSTED_PRIMALITY_UNASSIGNED,GF3A_DIRECTIONAL_WRITE_EXHAUSTED_PRIMALITY_UNASSIGNED,514,512,512,NO_RECORDED_FACTOR_PRP_OR_LL_RESULT_AND_NO_ACTIVE_GIMPS_ASSIGNMENT,2026-08-08T19:16:24+00:00,UNALLOCATED,,,,,
SLCMP700-1026,1026,1026,317302259,2^317302259-1,STRUCTURAL_SCREEN_EXHAUSTED_PRIMALITY_UNASSIGNED,GF3A_DIRECTIONAL_WRITE_EXHAUSTED_PRIMALITY_UNASSIGNED,514,512,512,NO_RECORDED_FACTOR_PRP_OR_LL_RESULT_AND_NO_ACTIVE_GIMPS_ASSIGNMENT,2026-08-08T19:16:24+00:00,UNALLOCATED,,,,,
SLCMP700-1027,1027,1027,317302351,2^317302351-1,STRUCTURAL_SCREEN_EXHAUSTED_PRIMALITY_UNASSIGNED,GF3A_DIRECTIONAL_WRITE_EXHAUSTED_PRIMALITY_UNASSIGNED,514,512,512,NO_RECORDED_FACTOR_PRP_OR_LL_RESULT_AND_NO_ACTIVE_GIMPS_ASSIGNMENT,2026-08-08T19:16:24+00:00,UNALLOCATED,,,,,
SLCMP700-1028,1028,1028,317302373,2^317302373-1,STRUCTURAL_SCREEN_EXHAUSTED_PRIMALITY_UNASSIGNED,GF3A_DIRECTIONAL_WRITE_EXHAUSTED_PRIMALITY_UNASSIGNED,513,512,512,NO_RECORDED_FACTOR_PRP_OR_LL_RESULT_AND_NO_ACTIVE_GIMPS_ASSIGNMENT,2026-08-08T19:16:24+00:00,UNALLOCATED,,,,,
SLCMP700-1029,1029,1029,317302397,2^317302397-1,STRUCTURAL_SCREEN_EXHAUSTED_PRIMALITY_UNASSIGNED,GF3A_DIRECTIONAL_WRITE_EXHAUSTED_PRIMALITY_UNASSIGNED,513,512,512,NO_RECORDED_FACTOR_PRP_OR_LL_RESULT_AND_NO_ACTIVE_GIMPS_ASSIGNMENT,2026-08-08T19:16:24+00:00,UNALLOCATED,,,,,
SLCMP700-1030,1030,1030,317302459,2^317302459-1,STRUCTURAL_SCREEN_EXHAUSTED_PRIMALITY_UNASSIGNED,GF3A_DIRECTIONAL_WRITE_EXHAUSTED_PRIMALITY_UNASSIGNED,514,512,512,NO_RECORDED_FACTOR_PRP_OR_LL_RESULT_AND_NO_ACTIVE_GIMPS_ASSIGNMENT,2026-08-08T19:16:24+00:00,UNALLOCATED,,,,,
SLCMP700-1031,1031,1031,317302487,2^317302487-1,STRUCTURAL_SCREEN_EXHAUSTED_PRIMALITY_UNASSIGNED,GF3A_DIRECTIONAL_WRITE_EXHAUSTED_PRIMALITY_UNASSIGNED,514,512,512,NO_RECORDED_FACTOR_PRP_OR_LL_RESULT_AND_NO_ACTIVE_GIMPS_ASSIGNMENT,2026-08-08T19:16:24+00:00,UNALLOCATED,,,,,
SLCMP700-1032,1032,1032,317302529,2^317302529-1,STRUCTURAL_SCREEN_EXHAUSTED_PRIMALITY_UNASSIGNED,GF3A_DIRECTIONAL_WRITE_EXHAUSTED_PRIMALITY_UNASSIGNED,513,512,512,NO_RECORDED_FACTOR_PRP_OR_LL_RESULT_AND_NO_ACTIVE_GIMPS_ASSIGNMENT,2026-08-08T19:16:24+00:00,UNALLOCATED,,,,,
SLCMP700-1033,1033,1033,317302571,2^317302571-1,STRUCTURAL_SCREEN_EXHAUSTED_PRIMALITY_UNASSIGNED,GF3A_DIRECTIONAL_WRITE_EXHAUSTED_PRIMALITY_UNASSIGNED,514,512,512,NO_RECORDED_FACTOR_PRP_OR_LL_RESULT_AND_NO_ACTIVE_GIMPS_ASSIGNMENT,2026-08-08T19:16:24+00:00,UNALLOCATED,,,,,
SLCMP700-1034,1034,1034,317302591,2^317302591-1,STRUCTURAL_SCREEN_EXHAUSTED_PRIMALITY_UNASSIGNED,GF3A_DIRECTIONAL_WRITE_EXHAUSTED_PRIMALITY_UNASSIGNED,514,512,512,NO_RECORDED_FACTOR_PRP_OR_LL_RESULT_AND_NO_ACTIVE_GIMPS_ASSIGNMENT,2026-08-08T19:16:24+00:00,UNALLOCATED,,,,,
SLCMP700-1035,1035,1035,317302607,2^317302607-1,STRUCTURAL_SCREEN_EXHAUSTED_PRIMALITY_UNASSIGNED,GF3A_DIRECTIONAL_WRITE_EXHAUSTED_PRIMALITY_UNASSIGNED,514,512,512,NO_RECORDED_FACTOR_PRP_OR_LL_RESULT_AND_NO_ACTIVE_GIMPS_ASSIGNMENT,2026-08-08T19:16:24+00:00,UNALLOCATED,,,,,
SLCMP700-1036,1036,1036,317302691,2^317302691-1,STRUCTURAL_SCREEN_EXHAUSTED_PRIMALITY_UNASSIGNED,GF3A_DIRECTIONAL_WRITE_EXHAUSTED_PRIMALITY_UNASSIGNED,514,512,512,NO_RECORDED_FACTOR_PRP_OR_LL_RESULT_AND_NO_ACTIVE_GIMPS_ASSIGNMENT,2026-08-08T19:16:24+00:00,UNALLOCATED,,,,,
SLCMP700-1037,1037,1037,317302693,2^317302693-1,STRUCTURAL_SCREEN_EXHAUSTED_PRIMALITY_UNASSIGNED,GF3A_DIRECTIONAL_WRITE_EXHAUSTED_PRIMALITY_UNASSIGNED,513,512,512,NO_RECORDED_FACTOR_PRP_OR_LL_RESULT_AND_NO_ACTIVE_GIMPS_ASSIGNMENT,2026-08-08T19:16:24+00:00,UNALLOCATED,,,,,
SLCMP700-1038,1038,1038,317302751,2^317302751-1,STRUCTURAL_SCREEN_EXHAUSTED_PRIMALITY_UNASSIGNED,GF3A_DIRECTIONAL_WRITE_EXHAUSTED_PRIMALITY_UNASSIGNED,514,512,512,NO_RECORDED_FACTOR_PRP_OR_LL_RESULT_AND_NO_ACTIVE_GIMPS_ASSIGNMENT,2026-08-08T19:16:24+00:00,UNALLOCATED,,,,,
SLCMP700-1039,1039,1039,317302753,2^317302753-1,STRUCTURAL_SCREEN_EXHAUSTED_PRIMALITY_UNASSIGNED,GF3A_DIRECTIONAL_WRITE_EXHAUSTED_PRIMALITY_UNASSIGNED,513,512,512,NO_RECORDED_FACTOR_PRP_OR_LL_RESULT_AND_NO_ACTIVE_GIMPS_ASSIGNMENT,2026-08-08T19:16:24+00:00,UNALLOCATED,,,,,
SLCMP700-1040,1040,1040,317302759,2^317302759-1,STRUCTURAL_SCREEN_EXHAUSTED_PRIMALITY_UNASSIGNED,GF3A_DIRECTIONAL_WRITE_EXHAUSTED_PRIMALITY_UNASSIGNED,514,512,512,NO_RECORDED_FACTOR_PRP_OR_LL_RESULT_AND_NO_ACTIVE_GIMPS_ASSIGNMENT,2026-08-08T19:16:24+00:00,UNALLOCATED,,,,,
SLCMP700-1041,1041,1041,317303039,2^317303039-1,STRUCTURAL_SCREEN_EXHAUSTED_PRIMALITY_UNASSIGNED,GF3A_DIRECTIONAL_WRITE_EXHAUSTED_PRIMALITY_UNASSIGNED,514,512,512,NO_RECORDED_FACTOR_PRP_OR_LL_RESULT_AND_NO_ACTIVE_GIMPS_ASSIGNMENT,2026-08-08T19:16:24+00:00,UNALLOCATED,,,,,
SLCMP700-1042,1042,1042,317303081,2^317303081-1,STRUCTURAL_SCREEN_EXHAUSTED_PRIMALITY_UNASSIGNED,GF3A_DIRECTIONAL_WRITE_EXHAUSTED_PRIMALITY_UNASSIGNED,513,512,512,NO_RECORDED_FACTOR_PRP_OR_LL_RESULT_AND_NO_ACTIVE_GIMPS_ASSIGNMENT,2026-08-08T19:16:24+00:00,UNALLOCATED,,,,,
SLCMP700-1043,1043,1043,317303093,2^317303093-1,STRUCTURAL_SCREEN_EXHAUSTED_PRIMALITY_UNASSIGNED,GF3A_DIRECTIONAL_WRITE_EXHAUSTED_PRIMALITY_UNASSIGNED,513,512,512,NO_RECORDED_FACTOR_PRP_OR_LL_RESULT_AND_NO_ACTIVE_GIMPS_ASSIGNMENT,2026-08-08T19:16:24+00:00,UNALLOCATED,,,,,
SLCMP700-1044,1044,1044,317303137,2^317303137-1,STRUCTURAL_SCREEN_EXHAUSTED_PRIMALITY_UNASSIGNED,GF3A_DIRECTIONAL_WRITE_EXHAUSTED_PRIMALITY_UNASSIGNED,513,512,512,NO_RECORDED_FACTOR_PRP_OR_LL_RESULT_AND_NO_ACTIVE_GIMPS_ASSIGNMENT,2026-08-08T19:16:24+00:00,UNALLOCATED,,,,,
SLCMP700-1045,1045,1045,317303171,2^317303171-1,STRUCTURAL_SCREEN_EXHAUSTED_PRIMALITY_UNASSIGNED,GF3A_DIRECTIONAL_WRITE_EXHAUSTED_PRIMALITY_UNASSIGNED,514,512,512,NO_RECORDED_FACTOR_PRP_OR_LL_RESULT_AND_NO_ACTIVE_GIMPS_ASSIGNMENT,2026-08-08T19:16:24+00:00,UNALLOCATED,,,,,
SLCMP700-1046,1046,1046,317303179,2^317303179-1,STRUCTURAL_SCREEN_EXHAUSTED_PRIMALITY_UNASSIGNED,GF3A_DIRECTIONAL_WRITE_EXHAUSTED_PRIMALITY_UNASSIGNED,514,512,512,NO_RECORDED_FACTOR_PRP_OR_LL_RESULT_AND_NO_ACTIVE_GIMPS_ASSIGNMENT,2026-08-08T19:16:24+00:00,UNALLOCATED,,,,,
SLCMP700-1047,1047,1047,317303183,2^317303183-1,STRUCTURAL_SCREEN_EXHAUSTED_PRIMALITY_UNASSIGNED,GF3A_DIRECTIONAL_WRITE_EXHAUSTED_PRIMALITY_UNASSIGNED,514,512,512,NO_RECORDED_FACTOR_PRP_OR_LL_RESULT_AND_NO_ACTIVE_GIMPS_ASSIGNMENT,2026-08-08T19:16:24+00:00,UNALLOCATED,,,,,
SLCMP700-1048,1048,1048,317303219,2^317303219-1,STRUCTURAL_SCREEN_EXHAUSTED_PRIMALITY_UNASSIGNED,GF3A_DIRECTIONAL_WRITE_EXHAUSTED_PRIMALITY_UNASSIGNED,514,512,512,NO_RECORDED_FACTOR_PRP_OR_LL_RESULT_AND_NO_ACTIVE_GIMPS_ASSIGNMENT,2026-08-08T19:16:24+00:00,UNALLOCATED,,,,,
SLCMP700-1049,1049,1049,317303281,2^317303281-1,STRUCTURAL_SCREEN_EXHAUSTED_PRIMALITY_UNASSIGNED,GF3A_DIRECTIONAL_WRITE_EXHAUSTED_PRIMALITY_UNASSIGNED,513,512,512,NO_RECORDED_FACTOR_PRP_OR_LL_RESULT_AND_NO_ACTIVE_GIMPS_ASSIGNMENT,2026-08-08T19:16:24+00:00,UNALLOCATED,,,,,
SLCMP700-1050,1050,1050,317303293,2^317303293-1,STRUCTURAL_SCREEN_EXHAUSTED_PRIMALITY_UNASSIGNED,GF3A_DIRECTIONAL_WRITE_EXHAUSTED_PRIMALITY_UNASSIGNED,513,512,512,NO_RECORDED_FACTOR_PRP_OR_LL_RESULT_AND_NO_ACTIVE_GIMPS_ASSIGNMENT,2026-08-08T19:16:24+00:00,UNALLOCATED,,,,,
SLCMP700-1051,1051,1051,317303309,2^317303309-1,STRUCTURAL_SCREEN_EXHAUSTED_PRIMALITY_UNASSIGNED,GF3A_DIRECTIONAL_WRITE_EXHAUSTED_PRIMALITY_UNASSIGNED,513,512,512,NO_RECORDED_FACTOR_PRP_OR_LL_RESULT_AND_NO_ACTIVE_GIMPS_ASSIGNMENT,2026-08-08T19:16:24+00:00,UNALLOCATED,,,,,
SLCMP700-1052,1052,1052,317303339,2^317303339-1,STRUCTURAL_SCREEN_EXHAUSTED_PRIMALITY_UNASSIGNED,GF3A_DIRECTIONAL_WRITE_EXHAUSTED_PRIMALITY_UNASSIGNED,514,512,512,NO_RECORDED_FACTOR_PRP_OR_LL_RESULT_AND_NO_ACTIVE_GIMPS_ASSIGNMENT,2026-08-08T19:16:24+00:00,UNALLOCATED,,,,,
SLCMP700-1053,1053,1053,317303347,2^317303347-1,STRUCTURAL_SCREEN_EXHAUSTED_PRIMALITY_UNASSIGNED,GF3A_DIRECTIONAL_WRITE_EXHAUSTED_PRIMALITY_UNASSIGNED,514,512,512,NO_RECORDED_FACTOR_PRP_OR_LL_RESULT_AND_NO_ACTIVE_GIMPS_ASSIGNMENT,2026-08-08T19:16:24+00:00,UNALLOCATED,,,,,
SLCMP700-1054,1054,1054,317303411,2^317303411-1,STRUCTURAL_SCREEN_EXHAUSTED_PRIMALITY_UNASSIGNED,GF3A_DIRECTIONAL_WRITE_EXHAUSTED_PRIMALITY_UNASSIGNED,514,512,512,NO_RECORDED_FACTOR_PRP_OR_LL_RESULT_AND_NO_ACTIVE_GIMPS_ASSIGNMENT,2026-08-08T19:16:24+00:00,UNALLOCATED,,,,,
SLCMP700-1055,1055,1055,317303443,2^317303443-1,STRUCTURAL_SCREEN_EXHAUSTED_PRIMALITY_UNASSIGNED,GF3A_DIRECTIONAL_WRITE_EXHAUSTED_PRIMALITY_UNASSIGNED,514,512,512,NO_RECORDED_FACTOR_PRP_OR_LL_RESULT_AND_NO_ACTIVE_GIMPS_ASSIGNMENT,2026-08-08T19:16:24+00:00,UNALLOCATED,,,,,
SLCMP700-1056,1056,1056,317303489,2^317303489-1,STRUCTURAL_SCREEN_EXHAUSTED_PRIMALITY_UNASSIGNED,GF3A_DIRECTIONAL_WRITE_EXHAUSTED_PRIMALITY_UNASSIGNED,513,512,512,NO_RECORDED_FACTOR_PRP_OR_LL_RESULT_AND_NO_ACTIVE_GIMPS_ASSIGNMENT,2026-08-08T19:16:24+00:00,UNALLOCATED,,,,,
SLCMP700-1057,1057,1057,317303509,2^317303509-1,STRUCTURAL_SCREEN_EXHAUSTED_PRIMALITY_UNASSIGNED,GF3A_DIRECTIONAL_WRITE_EXHAUSTED_PRIMALITY_UNASSIGNED,513,512,512,NO_RECORDED_FACTOR_PRP_OR_LL_RESULT_AND_NO_ACTIVE_GIMPS_ASSIGNMENT,2026-08-08T19:16:24+00:00,UNALLOCATED,,,,,
SLCMP700-1058,1058,1058,317303513,2^317303513-1,STRUCTURAL_SCREEN_EXHAUSTED_PRIMALITY_UNASSIGNED,GF3A_DIRECTIONAL_WRITE_EXHAUSTED_PRIMALITY_UNASSIGNED,513,512,512,NO_RECORDED_FACTOR_PRP_OR_LL_RESULT_AND_NO_ACTIVE_GIMPS_ASSIGNMENT,2026-08-08T19:16:24+00:00,UNALLOCATED,,,,,
SLCMP700-1059,1059,1059,317303543,2^317303543-1,STRUCTURAL_SCREEN_EXHAUSTED_PRIMALITY_UNASSIGNED,GF3A_DIRECTIONAL_WRITE_EXHAUSTED_PRIMALITY_UNASSIGNED,514,512,512,NO_RECORDED_FACTOR_PRP_OR_LL_RESULT_AND_NO_ACTIVE_GIMPS_ASSIGNMENT,2026-08-08T19:16:24+00:00,UNALLOCATED,,,,,
SLCMP700-1060,1060,1060,317303669,2^317303669-1,STRUCTURAL_SCREEN_EXHAUSTED_PRIMALITY_UNASSIGNED,GF3A_DIRECTIONAL_WRITE_EXHAUSTED_PRIMALITY_UNASSIGNED,513,512,512,NO_RECORDED_FACTOR_PRP_OR_LL_RESULT_AND_NO_ACTIVE_GIMPS_ASSIGNMENT,2026-08-08T19:16:24+00:00,UNALLOCATED,,,,,
SLCMP700-1061,1061,1061,317303677,2^317303677-1,STRUCTURAL_SCREEN_EXHAUSTED_PRIMALITY_UNASSIGNED,GF3A_DIRECTIONAL_WRITE_EXHAUSTED_PRIMALITY_UNASSIGNED,513,512,512,NO_RECORDED_FACTOR_PRP_OR_LL_RESULT_AND_NO_ACTIVE_GIMPS_ASSIGNMENT,2026-08-08T19:16:24+00:00,UNALLOCATED,,,,,
SLCMP700-1062,1062,1062,317303717,2^317303717-1,STRUCTURAL_SCREEN_EXHAUSTED_PRIMALITY_UNASSIGNED,GF3A_DIRECTIONAL_WRITE_EXHAUSTED_PRIMALITY_UNASSIGNED,513,512,512,NO_RECORDED_FACTOR_PRP_OR_LL_RESULT_AND_NO_ACTIVE_GIMPS_ASSIGNMENT,2026-08-08T19:16:24+00:00,UNALLOCATED,,,,,
SLCMP700-1063,1063,1063,317303719,2^317303719-1,STRUCTURAL_SCREEN_EXHAUSTED_PRIMALITY_UNASSIGNED,GF3A_DIRECTIONAL_WRITE_EXHAUSTED_PRIMALITY_UNASSIGNED,514,512,512,NO_RECORDED_FACTOR_PRP_OR_LL_RESULT_AND_NO_ACTIVE_GIMPS_ASSIGNMENT,2026-08-08T19:16:24+00:00,UNALLOCATED,,,,,
SLCMP700-1064,1064,1064,317303747,2^317303747-1,STRUCTURAL_SCREEN_EXHAUSTED_PRIMALITY_UNASSIGNED,GF3A_DIRECTIONAL_WRITE_EXHAUSTED_PRIMALITY_UNASSIGNED,514,512,512,NO_RECORDED_FACTOR_PRP_OR_LL_RESULT_AND_NO_ACTIVE_GIMPS_ASSIGNMENT,2026-08-08T19:16:24+00:00,UNALLOCATED,,,,,
SLCMP700-1065,1065,1065,317303803,2^317303803-1,STRUCTURAL_SCREEN_EXHAUSTED_PRIMALITY_UNASSIGNED,GF3A_DIRECTIONAL_WRITE_EXHAUSTED_PRIMALITY_UNASSIGNED,514,512,512,NO_RECORDED_FACTOR_PRP_OR_LL_RESULT_AND_NO_ACTIVE_GIMPS_ASSIGNMENT,2026-08-08T19:16:24+00:00,UNALLOCATED,,,,,
SLCMP700-1066,1066,1066,317303839,2^317303839-1,STRUCTURAL_SCREEN_EXHAUSTED_PRIMALITY_UNASSIGNED,GF3A_DIRECTIONAL_WRITE_EXHAUSTED_PRIMALITY_UNASSIGNED,514,512,512,NO_RECORDED_FACTOR_PRP_OR_LL_RESULT_AND_NO_ACTIVE_GIMPS_ASSIGNMENT,2026-08-08T19:16:24+00:00,UNALLOCATED,,,,,
SLCMP700-1067,1067,1067,317303869,2^317303869-1,STRUCTURAL_SCREEN_EXHAUSTED_PRIMALITY_UNASSIGNED,GF3A_DIRECTIONAL_WRITE_EXHAUSTED_PRIMALITY_UNASSIGNED,513,512,512,NO_RECORDED_FACTOR_PRP_OR_LL_RESULT_AND_NO_ACTIVE_GIMPS_ASSIGNMENT,2026-08-08T19:16:24+00:00,UNALLOCATED,,,,,
SLCMP700-1068,1068,1068,317303953,2^317303953-1,STRUCTURAL_SCREEN_EXHAUSTED_PRIMALITY_UNASSIGNED,GF3A_DIRECTIONAL_WRITE_EXHAUSTED_PRIMALITY_UNASSIGNED,513,512,512,NO_RECORDED_FACTOR_PRP_OR_LL_RESULT_AND_NO_ACTIVE_GIMPS_ASSIGNMENT,2026-08-08T19:16:24+00:00,UNALLOCATED,,,,,
SLCMP700-1069,1069,1069,317303989,2^317303989-1,STRUCTURAL_SCREEN_EXHAUSTED_PRIMALITY_UNASSIGNED,GF3A_DIRECTIONAL_WRITE_EXHAUSTED_PRIMALITY_UNASSIGNED,513,512,512,NO_RECORDED_FACTOR_PRP_OR_LL_RESULT_AND_NO_ACTIVE_GIMPS_ASSIGNMENT,2026-08-08T19:16:24+00:00,UNALLOCATED,,,,,
SLCMP700-1070,1070,1070,317304007,2^317304007-1,STRUCTURAL_SCREEN_EXHAUSTED_PRIMALITY_UNASSIGNED,GF3A_DIRECTIONAL_WRITE_EXHAUSTED_PRIMALITY_UNASSIGNED,514,512,512,NO_RECORDED_FACTOR_PRP_OR_LL_RESULT_AND_NO_ACTIVE_GIMPS_ASSIGNMENT,2026-08-08T19:16:24+00:00,UNALLOCATED,,,,,
SLCMP700-1071,1071,1071,317304023,2^317304023-1,STRUCTURAL_SCREEN_EXHAUSTED_PRIMALITY_UNASSIGNED,GF3A_DIRECTIONAL_WRITE_EXHAUSTED_PRIMALITY_UNASSIGNED,514,512,512,NO_RECORDED_FACTOR_PRP_OR_LL_RESULT_AND_NO_ACTIVE_GIMPS_ASSIGNMENT,2026-08-08T19:16:24+00:00,UNALLOCATED,,,,,
SLCMP700-1072,1072,1072,317304059,2^317304059-1,STRUCTURAL_SCREEN_EXHAUSTED_PRIMALITY_UNASSIGNED,GF3A_DIRECTIONAL_WRITE_EXHAUSTED_PRIMALITY_UNASSIGNED,514,512,512,NO_RECORDED_FACTOR_PRP_OR_LL_RESULT_AND_NO_ACTIVE_GIMPS_ASSIGNMENT,2026-08-08T19:16:24+00:00,UNALLOCATED,,,,,
SLCMP700-1073,1073,1073,317304101,2^317304101-1,STRUCTURAL_SCREEN_EXHAUSTED_PRIMALITY_UNASSIGNED,GF3A_DIRECTIONAL_WRITE_EXHAUSTED_PRIMALITY_UNASSIGNED,513,512,512,NO_RECORDED_FACTOR_PRP_OR_LL_RESULT_AND_NO_ACTIVE_GIMPS_ASSIGNMENT,2026-08-08T19:16:24+00:00,UNALLOCATED,,,,,
SLCMP700-1074,1074,1074,317304137,2^317304137-1,STRUCTURAL_SCREEN_EXHAUSTED_PRIMALITY_UNASSIGNED,GF3A_DIRECTIONAL_WRITE_EXHAUSTED_PRIMALITY_UNASSIGNED,513,512,512,NO_RECORDED_FACTOR_PRP_OR_LL_RESULT_AND_NO_ACTIVE_GIMPS_ASSIGNMENT,2026-08-08T19:16:24+00:00,UNALLOCATED,,,,,
SLCMP700-1075,1075,1075,317304149,2^317304149-1,STRUCTURAL_SCREEN_EXHAUSTED_PRIMALITY_UNASSIGNED,GF3A_DIRECTIONAL_WRITE_EXHAUSTED_PRIMALITY_UNASSIGNED,513,512,512,NO_RECORDED_FACTOR_PRP_OR_LL_RESULT_AND_NO_ACTIVE_GIMPS_ASSIGNMENT,2026-08-08T19:16:24+00:00,UNALLOCATED,,,,,
SLCMP700-1076,1076,1076,317304151,2^317304151-1,STRUCTURAL_SCREEN_EXHAUSTED_PRIMALITY_UNASSIGNED,GF3A_DIRECTIONAL_WRITE_EXHAUSTED_PRIMALITY_UNASSIGNED,514,512,512,NO_RECORDED_FACTOR_PRP_OR_LL_RESULT_AND_NO_ACTIVE_GIMPS_ASSIGNMENT,2026-08-08T19:16:24+00:00,UNALLOCATED,,,,,
SLCMP700-1077,1077,1077,317304203,2^317304203-1,STRUCTURAL_SCREEN_EXHAUSTED_PRIMALITY_UNASSIGNED,GF3A_DIRECTIONAL_WRITE_EXHAUSTED_PRIMALITY_UNASSIGNED,514,512,512,NO_RECORDED_FACTOR_PRP_OR_LL_RESULT_AND_NO_ACTIVE_GIMPS_ASSIGNMENT,2026-08-08T19:16:24+00:00,UNALLOCATED,,,,,
SLCMP700-1078,1078,1078,317304233,2^317304233-1,STRUCTURAL_SCREEN_EXHAUSTED_PRIMALITY_UNASSIGNED,GF3A_DIRECTIONAL_WRITE_EXHAUSTED_PRIMALITY_UNASSIGNED,513,512,512,NO_RECORDED_FACTOR_PRP_OR_LL_RESULT_AND_NO_ACTIVE_GIMPS_ASSIGNMENT,2026-08-08T19:16:24+00:00,UNALLOCATED,,,,,
SLCMP700-1079,1079,1079,317304241,2^317304241-1,STRUCTURAL_SCREEN_EXHAUSTED_PRIMALITY_UNASSIGNED,GF3A_DIRECTIONAL_WRITE_EXHAUSTED_PRIMALITY_UNASSIGNED,513,512,512,NO_RECORDED_FACTOR_PRP_OR_LL_RESULT_AND_NO_ACTIVE_GIMPS_ASSIGNMENT,2026-08-08T19:16:24+00:00,UNALLOCATED,,,,,
SLCMP700-1080,1080,1080,317304271,2^317304271-1,STRUCTURAL_SCREEN_EXHAUSTED_PRIMALITY_UNASSIGNED,GF3A_DIRECTIONAL_WRITE_EXHAUSTED_PRIMALITY_UNASSIGNED,514,512,512,NO_RECORDED_FACTOR_PRP_OR_LL_RESULT_AND_NO_ACTIVE_GIMPS_ASSIGNMENT,2026-08-08T19:16:24+00:00,UNALLOCATED,,,,,
SLCMP700-1081,1081,1081,317304329,2^317304329-1,STRUCTURAL_SCREEN_EXHAUSTED_PRIMALITY_UNASSIGNED,GF3A_DIRECTIONAL_WRITE_EXHAUSTED_PRIMALITY_UNASSIGNED,513,512,512,NO_RECORDED_FACTOR_PRP_OR_LL_RESULT_AND_NO_ACTIVE_GIMPS_ASSIGNMENT,2026-08-08T19:16:24+00:00,UNALLOCATED,,,,,
SLCMP700-1082,1082,1082,317304349,2^317304349-1,STRUCTURAL_SCREEN_EXHAUSTED_PRIMALITY_UNASSIGNED,GF3A_DIRECTIONAL_WRITE_EXHAUSTED_PRIMALITY_UNASSIGNED,513,512,512,NO_RECORDED_FACTOR_PRP_OR_LL_RESULT_AND_NO_ACTIVE_GIMPS_ASSIGNMENT,2026-08-08T19:16:24+00:00,UNALLOCATED,,,,,
SLCMP700-1083,1083,1083,317304359,2^317304359-1,STRUCTURAL_SCREEN_EXHAUSTED_PRIMALITY_UNASSIGNED,GF3A_DIRECTIONAL_WRITE_EXHAUSTED_PRIMALITY_UNASSIGNED,514,512,512,NO_RECORDED_FACTOR_PRP_OR_LL_RESULT_AND_NO_ACTIVE_GIMPS_ASSIGNMENT,2026-08-08T19:16:24+00:00,UNALLOCATED,,,,,
SLCMP700-1084,1084,1084,317304367,2^317304367-1,STRUCTURAL_SCREEN_EXHAUSTED_PRIMALITY_UNASSIGNED,GF3A_DIRECTIONAL_WRITE_EXHAUSTED_PRIMALITY_UNASSIGNED,514,512,512,NO_RECORDED_FACTOR_PRP_OR_LL_RESULT_AND_NO_ACTIVE_GIMPS_ASSIGNMENT,2026-08-08T19:16:24+00:00,UNALLOCATED,,,,,
SLCMP700-1085,1085,1085,317304391,2^317304391-1,STRUCTURAL_SCREEN_EXHAUSTED_PRIMALITY_UNASSIGNED,GF3A_DIRECTIONAL_WRITE_EXHAUSTED_PRIMALITY_UNASSIGNED,514,512,512,NO_RECORDED_FACTOR_PRP_OR_LL_RESULT_AND_NO_ACTIVE_GIMPS_ASSIGNMENT,2026-08-08T19:16:24+00:00,UNALLOCATED,,,,,
SLCMP700-1086,1086,1086,317304433,2^317304433-1,STRUCTURAL_SCREEN_EXHAUSTED_PRIMALITY_UNASSIGNED,GF3A_DIRECTIONAL_WRITE_EXHAUSTED_PRIMALITY_UNASSIGNED,513,512,512,NO_RECORDED_FACTOR_PRP_OR_LL_RESULT_AND_NO_ACTIVE_GIMPS_ASSIGNMENT,2026-08-08T19:16:24+00:00,UNALLOCATED,,,,,
SLCMP700-1087,1087,1087,317304451,2^317304451-1,STRUCTURAL_SCREEN_EXHAUSTED_PRIMALITY_UNASSIGNED,GF3A_DIRECTIONAL_WRITE_EXHAUSTED_PRIMALITY_UNASSIGNED,514,512,512,NO_RECORDED_FACTOR_PRP_OR_LL_RESULT_AND_NO_ACTIVE_GIMPS_ASSIGNMENT,2026-08-08T19:16:24+00:00,UNALLOCATED,,,,,
SLCMP700-1088,1088,1088,317304539,2^317304539-1,STRUCTURAL_SCREEN_EXHAUSTED_PRIMALITY_UNASSIGNED,GF3A_DIRECTIONAL_WRITE_EXHAUSTED_PRIMALITY_UNASSIGNED,514,512,512,NO_RECORDED_FACTOR_PRP_OR_LL_RESULT_AND_NO_ACTIVE_GIMPS_ASSIGNMENT,2026-08-08T19:16:24+00:00,UNALLOCATED,,,,,
SLCMP700-1089,1089,1089,317304649,2^317304649-1,STRUCTURAL_SCREEN_EXHAUSTED_PRIMALITY_UNASSIGNED,GF3A_DIRECTIONAL_WRITE_EXHAUSTED_PRIMALITY_UNASSIGNED,513,512,512,NO_RECORDED_FACTOR_PRP_OR_LL_RESULT_AND_NO_ACTIVE_GIMPS_ASSIGNMENT,2026-08-08T19:16:24+00:00,UNALLOCATED,,,,,
SLCMP700-1090,1090,1090,317304679,2^317304679-1,STRUCTURAL_SCREEN_EXHAUSTED_PRIMALITY_UNASSIGNED,GF3A_DIRECTIONAL_WRITE_EXHAUSTED_PRIMALITY_UNASSIGNED,514,512,512,NO_RECORDED_FACTOR_PRP_OR_LL_RESULT_AND_NO_ACTIVE_GIMPS_ASSIGNMENT,2026-08-08T19:16:24+00:00,UNALLOCATED,,,,,
SLCMP700-1091,1091,1091,317304727,2^317304727-1,STRUCTURAL_SCREEN_EXHAUSTED_PRIMALITY_UNASSIGNED,GF3A_DIRECTIONAL_WRITE_EXHAUSTED_PRIMALITY_UNASSIGNED,514,512,512,NO_RECORDED_FACTOR_PRP_OR_LL_RESULT_AND_NO_ACTIVE_GIMPS_ASSIGNMENT,2026-08-08T19:16:24+00:00,UNALLOCATED,,,,,
SLCMP700-1092,1092,1092,317304763,2^317304763-1,STRUCTURAL_SCREEN_EXHAUSTED_PRIMALITY_UNASSIGNED,GF3A_DIRECTIONAL_WRITE_EXHAUSTED_PRIMALITY_UNASSIGNED,514,512,512,NO_RECORDED_FACTOR_PRP_OR_LL_RESULT_AND_NO_ACTIVE_GIMPS_ASSIGNMENT,2026-08-08T19:16:24+00:00,UNALLOCATED,,,,,
SLCMP700-1093,1093,1093,317304817,2^317304817-1,STRUCTURAL_SCREEN_EXHAUSTED_PRIMALITY_UNASSIGNED,GF3A_DIRECTIONAL_WRITE_EXHAUSTED_PRIMALITY_UNASSIGNED,513,512,512,NO_RECORDED_FACTOR_PRP_OR_LL_RESULT_AND_NO_ACTIVE_GIMPS_ASSIGNMENT,2026-08-08T19:16:24+00:00,UNALLOCATED,,,,,
SLCMP700-1094,1094,1094,317304833,2^317304833-1,STRUCTURAL_SCREEN_EXHAUSTED_PRIMALITY_UNASSIGNED,GF3A_DIRECTIONAL_WRITE_EXHAUSTED_PRIMALITY_UNASSIGNED,513,512,512,NO_RECORDED_FACTOR_PRP_OR_LL_RESULT_AND_NO_ACTIVE_GIMPS_ASSIGNMENT,2026-08-08T19:16:24+00:00,UNALLOCATED,,,,,
SLCMP700-1095,1095,1095,317305019,2^317305019-1,STRUCTURAL_SCREEN_EXHAUSTED_PRIMALITY_UNASSIGNED,GF3A_DIRECTIONAL_WRITE_EXHAUSTED_PRIMALITY_UNASSIGNED,514,512,512,NO_RECORDED_FACTOR_PRP_OR_LL_RESULT_AND_NO_ACTIVE_GIMPS_ASSIGNMENT,2026-08-08T19:16:24+00:00,UNALLOCATED,,,,,
SLCMP700-1096,1096,1096,317305193,2^317305193-1,STRUCTURAL_SCREEN_EXHAUSTED_PRIMALITY_UNASSIGNED,GF3A_DIRECTIONAL_WRITE_EXHAUSTED_PRIMALITY_UNASSIGNED,513,512,512,NO_RECORDED_FACTOR_PRP_OR_LL_RESULT_AND_NO_ACTIVE_GIMPS_ASSIGNMENT,2026-08-08T19:16:24+00:00,UNALLOCATED,,,,,
SLCMP700-1097,1097,1097,317305201,2^317305201-1,STRUCTURAL_SCREEN_EXHAUSTED_PRIMALITY_UNASSIGNED,GF3A_DIRECTIONAL_WRITE_EXHAUSTED_PRIMALITY_UNASSIGNED,513,512,512,NO_RECORDED_FACTOR_PRP_OR_LL_RESULT_AND_NO_ACTIVE_GIMPS_ASSIGNMENT,2026-08-08T19:16:24+00:00,UNALLOCATED,,,,,
SLCMP700-1098,1098,1098,317305237,2^317305237-1,STRUCTURAL_SCREEN_EXHAUSTED_PRIMALITY_UNASSIGNED,GF3A_DIRECTIONAL_WRITE_EXHAUSTED_PRIMALITY_UNASSIGNED,513,512,512,NO_RECORDED_FACTOR_PRP_OR_LL_RESULT_AND_NO_ACTIVE_GIMPS_ASSIGNMENT,2026-08-08T19:16:24+00:00,UNALLOCATED,,,,,
SLCMP700-1099,1099,1099,317305259,2^317305259-1,STRUCTURAL_SCREEN_EXHAUSTED_PRIMALITY_UNASSIGNED,GF3A_DIRECTIONAL_WRITE_EXHAUSTED_PRIMALITY_UNASSIGNED,514,512,512,NO_RECORDED_FACTOR_PRP_OR_LL_RESULT_AND_NO_ACTIVE_GIMPS_ASSIGNMENT,2026-08-08T19:16:24+00:00,UNALLOCATED,,,,,
SLCMP700-1100,1100,1100,317305267,2^317305267-1,STRUCTURAL_SCREEN_EXHAUSTED_PRIMALITY_UNASSIGNED,GF3A_DIRECTIONAL_WRITE_EXHAUSTED_PRIMALITY_UNASSIGNED,514,512,512,NO_RECORDED_FACTOR_PRP_OR_LL_RESULT_AND_NO_ACTIVE_GIMPS_ASSIGNMENT,2026-08-08T19:16:24+00:00,UNALLOCATED,,,,,
SLCMP700-1101,1101,1101,317305343,2^317305343-1,STRUCTURAL_SCREEN_EXHAUSTED_PRIMALITY_UNASSIGNED,GF3A_DIRECTIONAL_WRITE_EXHAUSTED_PRIMALITY_UNASSIGNED,514,512,512,NO_RECORDED_FACTOR_PRP_OR_LL_RESULT_AND_NO_ACTIVE_GIMPS_ASSIGNMENT,2026-08-08T19:16:24+00:00,UNALLOCATED,,,,,
SLCMP700-1102,1102,1102,317305361,2^317305361-1,STRUCTURAL_SCREEN_EXHAUSTED_PRIMALITY_UNASSIGNED,GF3A_DIRECTIONAL_WRITE_EXHAUSTED_PRIMALITY_UNASSIGNED,513,512,512,NO_RECORDED_FACTOR_PRP_OR_LL_RESULT_AND_NO_ACTIVE_GIMPS_ASSIGNMENT,2026-08-08T19:16:24+00:00,UNALLOCATED,,,,,
SLCMP700-1103,1103,1103,317305399,2^317305399-1,STRUCTURAL_SCREEN_EXHAUSTED_PRIMALITY_UNASSIGNED,GF3A_DIRECTIONAL_WRITE_EXHAUSTED_PRIMALITY_UNASSIGNED,514,512,512,NO_RECORDED_FACTOR_PRP_OR_LL_RESULT_AND_NO_ACTIVE_GIMPS_ASSIGNMENT,2026-08-08T19:16:24+00:00,UNALLOCATED,,,,,
SLCMP700-1104,1104,1104,317305423,2^317305423-1,STRUCTURAL_SCREEN_EXHAUSTED_PRIMALITY_UNASSIGNED,GF3A_DIRECTIONAL_WRITE_EXHAUSTED_PRIMALITY_UNASSIGNED,514,512,512,NO_RECORDED_FACTOR_PRP_OR_LL_RESULT_AND_NO_ACTIVE_GIMPS_ASSIGNMENT,2026-08-08T19:16:24+00:00,UNALLOCATED,,,,,
SLCMP700-1105,1105,1105,317305427,2^317305427-1,STRUCTURAL_SCREEN_EXHAUSTED_PRIMALITY_UNASSIGNED,GF3A_DIRECTIONAL_WRITE_EXHAUSTED_PRIMALITY_UNASSIGNED,514,512,512,NO_RECORDED_FACTOR_PRP_OR_LL_RESULT_AND_NO_ACTIVE_GIMPS_ASSIGNMENT,2026-08-08T19:16:24+00:00,UNALLOCATED,,,,,
SLCMP700-1106,1106,1106,317305531,2^317305531-1,STRUCTURAL_SCREEN_EXHAUSTED_PRIMALITY_UNASSIGNED,GF3A_DIRECTIONAL_WRITE_EXHAUSTED_PRIMALITY_UNASSIGNED,514,512,512,NO_RECORDED_FACTOR_PRP_OR_LL_RESULT_AND_NO_ACTIVE_GIMPS_ASSIGNMENT,2026-08-08T19:16:24+00:00,UNALLOCATED,,,,,
SLCMP700-1107,1107,1107,317305619,2^317305619-1,STRUCTURAL_SCREEN_EXHAUSTED_PRIMALITY_UNASSIGNED,GF3A_DIRECTIONAL_WRITE_EXHAUSTED_PRIMALITY_UNASSIGNED,514,512,512,NO_RECORDED_FACTOR_PRP_OR_LL_RESULT_AND_NO_ACTIVE_GIMPS_ASSIGNMENT,2026-08-08T19:16:24+00:00,UNALLOCATED,,,,,
SLCMP700-1108,1108,1108,317305679,2^317305679-1,STRUCTURAL_SCREEN_EXHAUSTED_PRIMALITY_UNASSIGNED,GF3A_DIRECTIONAL_WRITE_EXHAUSTED_PRIMALITY_UNASSIGNED,514,512,512,NO_RECORDED_FACTOR_PRP_OR_LL_RESULT_AND_NO_ACTIVE_GIMPS_ASSIGNMENT,2026-08-08T19:16:24+00:00,UNALLOCATED,,,,,
SLCMP700-1109,1109,1109,317305687,2^317305687-1,STRUCTURAL_SCREEN_EXHAUSTED_PRIMALITY_UNASSIGNED,GF3A_DIRECTIONAL_WRITE_EXHAUSTED_PRIMALITY_UNASSIGNED,514,512,512,NO_RECORDED_FACTOR_PRP_OR_LL_RESULT_AND_NO_ACTIVE_GIMPS_ASSIGNMENT,2026-08-08T19:16:24+00:00,UNALLOCATED,,,,,
SLCMP700-1110,1110,1110,317305811,2^317305811-1,STRUCTURAL_SCREEN_EXHAUSTED_PRIMALITY_UNASSIGNED,GF3A_DIRECTIONAL_WRITE_EXHAUSTED_PRIMALITY_UNASSIGNED,514,512,512,NO_RECORDED_FACTOR_PRP_OR_LL_RESULT_AND_NO_ACTIVE_GIMPS_ASSIGNMENT,2026-08-08T19:16:24+00:00,UNALLOCATED,,,,,
SLCMP700-1111,1111,1111,317305819,2^317305819-1,STRUCTURAL_SCREEN_EXHAUSTED_PRIMALITY_UNASSIGNED,GF3A_DIRECTIONAL_WRITE_EXHAUSTED_PRIMALITY_UNASSIGNED,514,512,512,NO_RECORDED_FACTOR_PRP_OR_LL_RESULT_AND_NO_ACTIVE_GIMPS_ASSIGNMENT,2026-08-08T19:16:24+00:00,UNALLOCATED,,,,,
SLCMP700-1112,1112,1112,317305829,2^317305829-1,STRUCTURAL_SCREEN_EXHAUSTED_PRIMALITY_UNASSIGNED,GF3A_DIRECTIONAL_WRITE_EXHAUSTED_PRIMALITY_UNASSIGNED,513,512,512,NO_RECORDED_FACTOR_PRP_OR_LL_RESULT_AND_NO_ACTIVE_GIMPS_ASSIGNMENT,2026-08-08T19:16:24+00:00,UNALLOCATED,,,,,
SLCMP700-1113,1113,1113,317305913,2^317305913-1,STRUCTURAL_SCREEN_EXHAUSTED_PRIMALITY_UNASSIGNED,GF3A_DIRECTIONAL_WRITE_EXHAUSTED_PRIMALITY_UNASSIGNED,513,512,512,NO_RECORDED_FACTOR_PRP_OR_LL_RESULT_AND_NO_ACTIVE_GIMPS_ASSIGNMENT,2026-08-08T19:16:24+00:00,UNALLOCATED,,,,,
SLCMP700-1114,1114,1114,317305991,2^317305991-1,STRUCTURAL_SCREEN_EXHAUSTED_PRIMALITY_UNASSIGNED,GF3A_DIRECTIONAL_WRITE_EXHAUSTED_PRIMALITY_UNASSIGNED,514,512,512,NO_RECORDED_FACTOR_PRP_OR_LL_RESULT_AND_NO_ACTIVE_GIMPS_ASSIGNMENT,2026-08-08T19:16:24+00:00,UNALLOCATED,,,,,
SLCMP700-1115,1115,1115,317305997,2^317305997-1,STRUCTURAL_SCREEN_EXHAUSTED_PRIMALITY_UNASSIGNED,GF3A_DIRECTIONAL_WRITE_EXHAUSTED_PRIMALITY_UNASSIGNED,513,512,512,NO_RECORDED_FACTOR_PRP_OR_LL_RESULT_AND_NO_ACTIVE_GIMPS_ASSIGNMENT,2026-08-08T19:16:24+00:00,UNALLOCATED,,,,,
SLCMP700-1116,1116,1116,317306009,2^317306009-1,STRUCTURAL_SCREEN_EXHAUSTED_PRIMALITY_UNASSIGNED,GF3A_DIRECTIONAL_WRITE_EXHAUSTED_PRIMALITY_UNASSIGNED,513,512,512,NO_RECORDED_FACTOR_PRP_OR_LL_RESULT_AND_NO_ACTIVE_GIMPS_ASSIGNMENT,2026-08-08T19:16:24+00:00,UNALLOCATED,,,,,
SLCMP700-1117,1117,1117,317306021,2^317306021-1,STRUCTURAL_SCREEN_EXHAUSTED_PRIMALITY_UNASSIGNED,GF3A_DIRECTIONAL_WRITE_EXHAUSTED_PRIMALITY_UNASSIGNED,513,512,512,NO_RECORDED_FACTOR_PRP_OR_LL_RESULT_AND_NO_ACTIVE_GIMPS_ASSIGNMENT,2026-08-08T19:16:24+00:00,UNALLOCATED,,,,,
SLCMP700-1118,1118,1118,317306167,2^317306167-1,STRUCTURAL_SCREEN_EXHAUSTED_PRIMALITY_UNASSIGNED,GF3A_DIRECTIONAL_WRITE_EXHAUSTED_PRIMALITY_UNASSIGNED,514,512,512,NO_RECORDED_FACTOR_PRP_OR_LL_RESULT_AND_NO_ACTIVE_GIMPS_ASSIGNMENT,2026-08-08T19:16:24+00:00,UNALLOCATED,,,,,
SLCMP700-1119,1119,1119,317306219,2^317306219-1,STRUCTURAL_SCREEN_EXHAUSTED_PRIMALITY_UNASSIGNED,GF3A_DIRECTIONAL_WRITE_EXHAUSTED_PRIMALITY_UNASSIGNED,514,512,512,NO_RECORDED_FACTOR_PRP_OR_LL_RESULT_AND_NO_ACTIVE_GIMPS_ASSIGNMENT,2026-08-08T19:16:24+00:00,UNALLOCATED,,,,,
SLCMP700-1120,1120,1120,317306221,2^317306221-1,STRUCTURAL_SCREEN_EXHAUSTED_PRIMALITY_UNASSIGNED,GF3A_DIRECTIONAL_WRITE_EXHAUSTED_PRIMALITY_UNASSIGNED,513,512,512,NO_RECORDED_FACTOR_PRP_OR_LL_RESULT_AND_NO_ACTIVE_GIMPS_ASSIGNMENT,2026-08-08T19:16:24+00:00,UNALLOCATED,,,,,
SLCMP700-1121,1121,1121,317306239,2^317306239-1,STRUCTURAL_SCREEN_EXHAUSTED_PRIMALITY_UNASSIGNED,GF3A_DIRECTIONAL_WRITE_EXHAUSTED_PRIMALITY_UNASSIGNED,514,512,512,NO_RECORDED_FACTOR_PRP_OR_LL_RESULT_AND_NO_ACTIVE_GIMPS_ASSIGNMENT,2026-08-08T19:16:24+00:00,UNALLOCATED,,,,,
SLCMP700-1122,1122,1122,317306287,2^317306287-1,STRUCTURAL_SCREEN_EXHAUSTED_PRIMALITY_UNASSIGNED,GF3A_DIRECTIONAL_WRITE_EXHAUSTED_PRIMALITY_UNASSIGNED,514,512,512,NO_RECORDED_FACTOR_PRP_OR_LL_RESULT_AND_NO_ACTIVE_GIMPS_ASSIGNMENT,2026-08-08T19:16:24+00:00,UNALLOCATED,,,,,
SLCMP700-1123,1123,1123,317306291,2^317306291-1,STRUCTURAL_SCREEN_EXHAUSTED_PRIMALITY_UNASSIGNED,GF3A_DIRECTIONAL_WRITE_EXHAUSTED_PRIMALITY_UNASSIGNED,514,512,512,NO_RECORDED_FACTOR_PRP_OR_LL_RESULT_AND_NO_ACTIVE_GIMPS_ASSIGNMENT,2026-08-08T19:16:24+00:00,UNALLOCATED,,,,,
SLCMP700-1124,1124,1124,317306299,2^317306299-1,STRUCTURAL_SCREEN_EXHAUSTED_PRIMALITY_UNASSIGNED,GF3A_DIRECTIONAL_WRITE_EXHAUSTED_PRIMALITY_UNASSIGNED,514,512,512,NO_RECORDED_FACTOR_PRP_OR_LL_RESULT_AND_NO_ACTIVE_GIMPS_ASSIGNMENT,2026-08-08T19:16:24+00:00,UNALLOCATED,,,,,
SLCMP700-1125,1125,1125,317306369,2^317306369-1,STRUCTURAL_SCREEN_EXHAUSTED_PRIMALITY_UNASSIGNED,GF3A_DIRECTIONAL_WRITE_EXHAUSTED_PRIMALITY_UNASSIGNED,513,512,512,NO_RECORDED_FACTOR_PRP_OR_LL_RESULT_AND_NO_ACTIVE_GIMPS_ASSIGNMENT,2026-08-08T19:16:24+00:00,UNALLOCATED,,,,,
SLCMP700-1126,1126,1126,317306471,2^317306471-1,STRUCTURAL_SCREEN_EXHAUSTED_PRIMALITY_UNASSIGNED,GF3A_DIRECTIONAL_WRITE_EXHAUSTED_PRIMALITY_UNASSIGNED,514,512,512,NO_RECORDED_FACTOR_PRP_OR_LL_RESULT_AND_NO_ACTIVE_GIMPS_ASSIGNMENT,2026-08-08T19:16:24+00:00,UNALLOCATED,,,,,
SLCMP700-1127,1127,1127,317306533,2^317306533-1,STRUCTURAL_SCREEN_EXHAUSTED_PRIMALITY_UNASSIGNED,GF3A_DIRECTIONAL_WRITE_EXHAUSTED_PRIMALITY_UNASSIGNED,513,512,512,NO_RECORDED_FACTOR_PRP_OR_LL_RESULT_AND_NO_ACTIVE_GIMPS_ASSIGNMENT,2026-08-08T19:16:24+00:00,UNALLOCATED,,,,,
SLCMP700-1128,1128,1128,317306629,2^317306629-1,STRUCTURAL_SCREEN_EXHAUSTED_PRIMALITY_UNASSIGNED,GF3A_DIRECTIONAL_WRITE_EXHAUSTED_PRIMALITY_UNASSIGNED,513,512,512,NO_RECORDED_FACTOR_PRP_OR_LL_RESULT_AND_NO_ACTIVE_GIMPS_ASSIGNMENT,2026-08-08T19:16:24+00:00,UNALLOCATED,,,,,
SLCMP700-1129,1129,1129,317306701,2^317306701-1,STRUCTURAL_SCREEN_EXHAUSTED_PRIMALITY_UNASSIGNED,GF3A_DIRECTIONAL_WRITE_EXHAUSTED_PRIMALITY_UNASSIGNED,513,512,512,NO_RECORDED_FACTOR_PRP_OR_LL_RESULT_AND_NO_ACTIVE_GIMPS_ASSIGNMENT,2026-08-08T19:16:24+00:00,UNALLOCATED,,,,,
SLCMP700-1130,1130,1130,317306723,2^317306723-1,STRUCTURAL_SCREEN_EXHAUSTED_PRIMALITY_UNASSIGNED,GF3A_DIRECTIONAL_WRITE_EXHAUSTED_PRIMALITY_UNASSIGNED,514,512,512,NO_RECORDED_FACTOR_PRP_OR_LL_RESULT_AND_NO_ACTIVE_GIMPS_ASSIGNMENT,2026-08-08T19:16:24+00:00,UNALLOCATED,,,,,
SLCMP700-1131,1131,1131,317306741,2^317306741-1,STRUCTURAL_SCREEN_EXHAUSTED_PRIMALITY_UNASSIGNED,GF3A_DIRECTIONAL_WRITE_EXHAUSTED_PRIMALITY_UNASSIGNED,513,512,512,NO_RECORDED_FACTOR_PRP_OR_LL_RESULT_AND_NO_ACTIVE_GIMPS_ASSIGNMENT,2026-08-08T19:16:24+00:00,UNALLOCATED,,,,,
SLCMP700-1132,1132,1132,317306851,2^317306851-1,STRUCTURAL_SCREEN_EXHAUSTED_PRIMALITY_UNASSIGNED,GF3A_DIRECTIONAL_WRITE_EXHAUSTED_PRIMALITY_UNASSIGNED,514,512,512,NO_RECORDED_FACTOR_PRP_OR_LL_RESULT_AND_NO_ACTIVE_GIMPS_ASSIGNMENT,2026-08-08T19:16:24+00:00,UNALLOCATED,,,,,
SLCMP700-1133,1133,1133,317306867,2^317306867-1,STRUCTURAL_SCREEN_EXHAUSTED_PRIMALITY_UNASSIGNED,GF3A_DIRECTIONAL_WRITE_EXHAUSTED_PRIMALITY_UNASSIGNED,514,512,512,NO_RECORDED_FACTOR_PRP_OR_LL_RESULT_AND_NO_ACTIVE_GIMPS_ASSIGNMENT,2026-08-08T19:16:24+00:00,UNALLOCATED,,,,,
SLCMP700-1134,1134,1134,317306947,2^317306947-1,STRUCTURAL_SCREEN_EXHAUSTED_PRIMALITY_UNASSIGNED,GF3A_DIRECTIONAL_WRITE_EXHAUSTED_PRIMALITY_UNASSIGNED,514,512,512,NO_RECORDED_FACTOR_PRP_OR_LL_RESULT_AND_NO_ACTIVE_GIMPS_ASSIGNMENT,2026-08-08T19:16:24+00:00,UNALLOCATED,,,,,
SLCMP700-1135,1135,1135,317306981,2^317306981-1,STRUCTURAL_SCREEN_EXHAUSTED_PRIMALITY_UNASSIGNED,GF3A_DIRECTIONAL_WRITE_EXHAUSTED_PRIMALITY_UNASSIGNED,513,512,512,NO_RECORDED_FACTOR_PRP_OR_LL_RESULT_AND_NO_ACTIVE_GIMPS_ASSIGNMENT,2026-08-08T19:16:24+00:00,UNALLOCATED,,,,,
SLCMP700-1136,1136,1136,317306999,2^317306999-1,STRUCTURAL_SCREEN_EXHAUSTED_PRIMALITY_UNASSIGNED,GF3A_DIRECTIONAL_WRITE_EXHAUSTED_PRIMALITY_UNASSIGNED,514,512,512,NO_RECORDED_FACTOR_PRP_OR_LL_RESULT_AND_NO_ACTIVE_GIMPS_ASSIGNMENT,2026-08-08T19:16:24+00:00,UNALLOCATED,,,,,
SLCMP700-1137,1137,1137,317307013,2^317307013-1,STRUCTURAL_SCREEN_EXHAUSTED_PRIMALITY_UNASSIGNED,GF3A_DIRECTIONAL_WRITE_EXHAUSTED_PRIMALITY_UNASSIGNED,513,512,512,NO_RECORDED_FACTOR_PRP_OR_LL_RESULT_AND_NO_ACTIVE_GIMPS_ASSIGNMENT,2026-08-08T19:16:24+00:00,UNALLOCATED,,,,,
SLCMP700-1138,1138,1138,317307043,2^317307043-1,STRUCTURAL_SCREEN_EXHAUSTED_PRIMALITY_UNASSIGNED,GF3A_DIRECTIONAL_WRITE_EXHAUSTED_PRIMALITY_UNASSIGNED,514,512,512,NO_RECORDED_FACTOR_PRP_OR_LL_RESULT_AND_NO_ACTIVE_GIMPS_ASSIGNMENT,2026-08-08T19:16:24+00:00,UNALLOCATED,,,,,
SLCMP700-1139,1139,1139,317307119,2^317307119-1,STRUCTURAL_SCREEN_EXHAUSTED_PRIMALITY_UNASSIGNED,GF3A_DIRECTIONAL_WRITE_EXHAUSTED_PRIMALITY_UNASSIGNED,514,512,512,NO_RECORDED_FACTOR_PRP_OR_LL_RESULT_AND_NO_ACTIVE_GIMPS_ASSIGNMENT,2026-08-08T19:16:24+00:00,UNALLOCATED,,,,,
SLCMP700-1140,1140,1140,317307143,2^317307143-1,STRUCTURAL_SCREEN_EXHAUSTED_PRIMALITY_UNASSIGNED,GF3A_DIRECTIONAL_WRITE_EXHAUSTED_PRIMALITY_UNASSIGNED,514,512,512,NO_RECORDED_FACTOR_PRP_OR_LL_RESULT_AND_NO_ACTIVE_GIMPS_ASSIGNMENT,2026-08-08T19:16:24+00:00,UNALLOCATED,,,,,
SLCMP700-1141,1141,1141,317307169,2^317307169-1,STRUCTURAL_SCREEN_EXHAUSTED_PRIMALITY_UNASSIGNED,GF3A_DIRECTIONAL_WRITE_EXHAUSTED_PRIMALITY_UNASSIGNED,513,512,512,NO_RECORDED_FACTOR_PRP_OR_LL_RESULT_AND_NO_ACTIVE_GIMPS_ASSIGNMENT,2026-08-08T19:16:24+00:00,UNALLOCATED,,,,,
SLCMP700-1142,1142,1142,317307187,2^317307187-1,STRUCTURAL_SCREEN_EXHAUSTED_PRIMALITY_UNASSIGNED,GF3A_DIRECTIONAL_WRITE_EXHAUSTED_PRIMALITY_UNASSIGNED,514,512,512,NO_RECORDED_FACTOR_PRP_OR_LL_RESULT_AND_NO_ACTIVE_GIMPS_ASSIGNMENT,2026-08-08T19:16:24+00:00,UNALLOCATED,,,,,
SLCMP700-1143,1143,1143,317307197,2^317307197-1,STRUCTURAL_SCREEN_EXHAUSTED_PRIMALITY_UNASSIGNED,GF3A_DIRECTIONAL_WRITE_EXHAUSTED_PRIMALITY_UNASSIGNED,513,512,512,NO_RECORDED_FACTOR_PRP_OR_LL_RESULT_AND_NO_ACTIVE_GIMPS_ASSIGNMENT,2026-08-08T19:16:24+00:00,UNALLOCATED,,,,,
SLCMP700-1144,1144,1144,317307433,2^317307433-1,STRUCTURAL_SCREEN_EXHAUSTED_PRIMALITY_UNASSIGNED,GF3A_DIRECTIONAL_WRITE_EXHAUSTED_PRIMALITY_UNASSIGNED,513,512,512,NO_RECORDED_FACTOR_PRP_OR_LL_RESULT_AND_NO_ACTIVE_GIMPS_ASSIGNMENT,2026-08-08T19:16:24+00:00,UNALLOCATED,,,,,
SLCMP700-1145,1145,1145,317307461,2^317307461-1,STRUCTURAL_SCREEN_EXHAUSTED_PRIMALITY_UNASSIGNED,GF3A_DIRECTIONAL_WRITE_EXHAUSTED_PRIMALITY_UNASSIGNED,513,512,512,NO_RECORDED_FACTOR_PRP_OR_LL_RESULT_AND_NO_ACTIVE_GIMPS_ASSIGNMENT,2026-08-08T19:16:24+00:00,UNALLOCATED,,,,,
SLCMP700-1146,1146,1146,317307479,2^317307479-1,STRUCTURAL_SCREEN_EXHAUSTED_PRIMALITY_UNASSIGNED,GF3A_DIRECTIONAL_WRITE_EXHAUSTED_PRIMALITY_UNASSIGNED,514,512,512,NO_RECORDED_FACTOR_PRP_OR_LL_RESULT_AND_NO_ACTIVE_GIMPS_ASSIGNMENT,2026-08-08T19:16:24+00:00,UNALLOCATED,,,,,
SLCMP700-1147,1147,1147,317307493,2^317307493-1,STRUCTURAL_SCREEN_EXHAUSTED_PRIMALITY_UNASSIGNED,GF3A_DIRECTIONAL_WRITE_EXHAUSTED_PRIMALITY_UNASSIGNED,513,512,512,NO_RECORDED_FACTOR_PRP_OR_LL_RESULT_AND_NO_ACTIVE_GIMPS_ASSIGNMENT,2026-08-08T19:16:24+00:00,UNALLOCATED,,,,,
SLCMP700-1148,1148,1148,317307577,2^317307577-1,STRUCTURAL_SCREEN_EXHAUSTED_PRIMALITY_UNASSIGNED,GF3A_DIRECTIONAL_WRITE_EXHAUSTED_PRIMALITY_UNASSIGNED,513,512,512,NO_RECORDED_FACTOR_PRP_OR_LL_RESULT_AND_NO_ACTIVE_GIMPS_ASSIGNMENT,2026-08-08T19:16:24+00:00,UNALLOCATED,,,,,
SLCMP700-1149,1149,1149,317307853,2^317307853-1,STRUCTURAL_SCREEN_EXHAUSTED_PRIMALITY_UNASSIGNED,GF3A_DIRECTIONAL_WRITE_EXHAUSTED_PRIMALITY_UNASSIGNED,513,512,512,NO_RECORDED_FACTOR_PRP_OR_LL_RESULT_AND_NO_ACTIVE_GIMPS_ASSIGNMENT,2026-08-08T19:16:24+00:00,UNALLOCATED,,,,,
SLCMP700-1150,1150,1150,317308081,2^317308081-1,STRUCTURAL_SCREEN_EXHAUSTED_PRIMALITY_UNASSIGNED,GF3A_DIRECTIONAL_WRITE_EXHAUSTED_PRIMALITY_UNASSIGNED,513,512,512,NO_RECORDED_FACTOR_PRP_OR_LL_RESULT_AND_NO_ACTIVE_GIMPS_ASSIGNMENT,2026-08-08T19:16:24+00:00,UNALLOCATED,,,,,
SLCMP700-1151,1151,1151,317308127,2^317308127-1,STRUCTURAL_SCREEN_EXHAUSTED_PRIMALITY_UNASSIGNED,GF3A_DIRECTIONAL_WRITE_EXHAUSTED_PRIMALITY_UNASSIGNED,514,512,512,NO_RECORDED_FACTOR_PRP_OR_LL_RESULT_AND_NO_ACTIVE_GIMPS_ASSIGNMENT,2026-08-08T19:16:24+00:00,UNALLOCATED,,,,,
SLCMP700-1152,1152,1152,317308141,2^317308141-1,STRUCTURAL_SCREEN_EXHAUSTED_PRIMALITY_UNASSIGNED,GF3A_DIRECTIONAL_WRITE_EXHAUSTED_PRIMALITY_UNASSIGNED,513,512,512,NO_RECORDED_FACTOR_PRP_OR_LL_RESULT_AND_NO_ACTIVE_GIMPS_ASSIGNMENT,2026-08-08T19:16:24+00:00,UNALLOCATED,,,,,
SLCMP700-1153,1153,1153,317308231,2^317308231-1,STRUCTURAL_SCREEN_EXHAUSTED_PRIMALITY_UNASSIGNED,GF3A_DIRECTIONAL_WRITE_EXHAUSTED_PRIMALITY_UNASSIGNED,514,512,512,NO_RECORDED_FACTOR_PRP_OR_LL_RESULT_AND_NO_ACTIVE_GIMPS_ASSIGNMENT,2026-08-08T19:16:24+00:00,UNALLOCATED,,,,,
SLCMP700-1154,1154,1154,317308249,2^317308249-1,STRUCTURAL_SCREEN_EXHAUSTED_PRIMALITY_UNASSIGNED,GF3A_DIRECTIONAL_WRITE_EXHAUSTED_PRIMALITY_UNASSIGNED,513,512,512,NO_RECORDED_FACTOR_PRP_OR_LL_RESULT_AND_NO_ACTIVE_GIMPS_ASSIGNMENT,2026-08-08T19:16:24+00:00,UNALLOCATED,,,,,
SLCMP700-1155,1155,1155,317308273,2^317308273-1,STRUCTURAL_SCREEN_EXHAUSTED_PRIMALITY_UNASSIGNED,GF3A_DIRECTIONAL_WRITE_EXHAUSTED_PRIMALITY_UNASSIGNED,513,512,512,NO_RECORDED_FACTOR_PRP_OR_LL_RESULT_AND_NO_ACTIVE_GIMPS_ASSIGNMENT,2026-08-08T19:16:24+00:00,UNALLOCATED,,,,,
SLCMP700-1156,1156,1156,317308339,2^317308339-1,STRUCTURAL_SCREEN_EXHAUSTED_PRIMALITY_UNASSIGNED,GF3A_DIRECTIONAL_WRITE_EXHAUSTED_PRIMALITY_UNASSIGNED,514,512,512,NO_RECORDED_FACTOR_PRP_OR_LL_RESULT_AND_NO_ACTIVE_GIMPS_ASSIGNMENT,2026-08-08T19:16:24+00:00,UNALLOCATED,,,,,
SLCMP700-1157,1157,1157,317308447,2^317308447-1,STRUCTURAL_SCREEN_EXHAUSTED_PRIMALITY_UNASSIGNED,GF3A_DIRECTIONAL_WRITE_EXHAUSTED_PRIMALITY_UNASSIGNED,514,512,512,NO_RECORDED_FACTOR_PRP_OR_LL_RESULT_AND_NO_ACTIVE_GIMPS_ASSIGNMENT,2026-08-08T19:16:24+00:00,UNALLOCATED,,,,,
SLCMP700-1158,1158,1158,317308457,2^317308457-1,STRUCTURAL_SCREEN_EXHAUSTED_PRIMALITY_UNASSIGNED,GF3A_DIRECTIONAL_WRITE_EXHAUSTED_PRIMALITY_UNASSIGNED,513,512,512,NO_RECORDED_FACTOR_PRP_OR_LL_RESULT_AND_NO_ACTIVE_GIMPS_ASSIGNMENT,2026-08-08T19:16:24+00:00,UNALLOCATED,,,,,
SLCMP700-1159,1159,1159,317308561,2^317308561-1,STRUCTURAL_SCREEN_EXHAUSTED_PRIMALITY_UNASSIGNED,GF3A_DIRECTIONAL_WRITE_EXHAUSTED_PRIMALITY_UNASSIGNED,513,512,512,NO_RECORDED_FACTOR_PRP_OR_LL_RESULT_AND_NO_ACTIVE_GIMPS_ASSIGNMENT,2026-08-08T19:16:24+00:00,UNALLOCATED,,,,,
SLCMP700-1160,1160,1160,317308637,2^317308637-1,STRUCTURAL_SCREEN_EXHAUSTED_PRIMALITY_UNASSIGNED,GF3A_DIRECTIONAL_WRITE_EXHAUSTED_PRIMALITY_UNASSIGNED,513,512,512,NO_RECORDED_FACTOR_PRP_OR_LL_RESULT_AND_NO_ACTIVE_GIMPS_ASSIGNMENT,2026-08-08T19:16:24+00:00,UNALLOCATED,,,,,
SLCMP700-1161,1161,1161,317308639,2^317308639-1,STRUCTURAL_SCREEN_EXHAUSTED_PRIMALITY_UNASSIGNED,GF3A_DIRECTIONAL_WRITE_EXHAUSTED_PRIMALITY_UNASSIGNED,514,512,512,NO_RECORDED_FACTOR_PRP_OR_LL_RESULT_AND_NO_ACTIVE_GIMPS_ASSIGNMENT,2026-08-08T19:16:24+00:00,UNALLOCATED,,,,,
SLCMP700-1162,1162,1162,317308657,2^317308657-1,STRUCTURAL_SCREEN_EXHAUSTED_PRIMALITY_UNASSIGNED,GF3A_DIRECTIONAL_WRITE_EXHAUSTED_PRIMALITY_UNASSIGNED,513,512,512,NO_RECORDED_FACTOR_PRP_OR_LL_RESULT_AND_NO_ACTIVE_GIMPS_ASSIGNMENT,2026-08-08T19:16:24+00:00,UNALLOCATED,,,,,
SLCMP700-1163,1163,1163,317308729,2^317308729-1,STRUCTURAL_SCREEN_EXHAUSTED_PRIMALITY_UNASSIGNED,GF3A_DIRECTIONAL_WRITE_EXHAUSTED_PRIMALITY_UNASSIGNED,513,512,512,NO_RECORDED_FACTOR_PRP_OR_LL_RESULT_AND_NO_ACTIVE_GIMPS_ASSIGNMENT,2026-08-08T19:16:24+00:00,UNALLOCATED,,,,,
SLCMP700-1164,1164,1164,317308769,2^317308769-1,STRUCTURAL_SCREEN_EXHAUSTED_PRIMALITY_UNASSIGNED,GF3A_DIRECTIONAL_WRITE_EXHAUSTED_PRIMALITY_UNASSIGNED,513,512,512,NO_RECORDED_FACTOR_PRP_OR_LL_RESULT_AND_NO_ACTIVE_GIMPS_ASSIGNMENT,2026-08-08T19:16:24+00:00,UNALLOCATED,,,,,
SLCMP700-1165,1165,1165,317308913,2^317308913-1,STRUCTURAL_SCREEN_EXHAUSTED_PRIMALITY_UNASSIGNED,GF3A_DIRECTIONAL_WRITE_EXHAUSTED_PRIMALITY_UNASSIGNED,513,512,512,NO_RECORDED_FACTOR_PRP_OR_LL_RESULT_AND_NO_ACTIVE_GIMPS_ASSIGNMENT,2026-08-08T19:16:24+00:00,UNALLOCATED,,,,,
SLCMP700-1166,1166,1166,317309051,2^317309051-1,STRUCTURAL_SCREEN_EXHAUSTED_PRIMALITY_UNASSIGNED,GF3A_DIRECTIONAL_WRITE_EXHAUSTED_PRIMALITY_UNASSIGNED,514,512,512,NO_RECORDED_FACTOR_PRP_OR_LL_RESULT_AND_NO_ACTIVE_GIMPS_ASSIGNMENT,2026-08-08T19:16:24+00:00,UNALLOCATED,,,,,
SLCMP700-1167,1167,1167,317309207,2^317309207-1,STRUCTURAL_SCREEN_EXHAUSTED_PRIMALITY_UNASSIGNED,GF3A_DIRECTIONAL_WRITE_EXHAUSTED_PRIMALITY_UNASSIGNED,514,512,512,NO_RECORDED_FACTOR_PRP_OR_LL_RESULT_AND_NO_ACTIVE_GIMPS_ASSIGNMENT,2026-08-08T19:16:24+00:00,UNALLOCATED,,,,,
SLCMP700-1168,1168,1168,317309261,2^317309261-1,STRUCTURAL_SCREEN_EXHAUSTED_PRIMALITY_UNASSIGNED,GF3A_DIRECTIONAL_WRITE_EXHAUSTED_PRIMALITY_UNASSIGNED,513,512,512,NO_RECORDED_FACTOR_PRP_OR_LL_RESULT_AND_NO_ACTIVE_GIMPS_ASSIGNMENT,2026-08-08T19:16:24+00:00,UNALLOCATED,,,,,
SLCMP700-1169,1169,1169,317309287,2^317309287-1,STRUCTURAL_SCREEN_EXHAUSTED_PRIMALITY_UNASSIGNED,GF3A_DIRECTIONAL_WRITE_EXHAUSTED_PRIMALITY_UNASSIGNED,514,512,512,NO_RECORDED_FACTOR_PRP_OR_LL_RESULT_AND_NO_ACTIVE_GIMPS_ASSIGNMENT,2026-08-08T19:16:24+00:00,UNALLOCATED,,,,,
SLCMP700-1170,1170,1170,317309323,2^317309323-1,STRUCTURAL_SCREEN_EXHAUSTED_PRIMALITY_UNASSIGNED,GF3A_DIRECTIONAL_WRITE_EXHAUSTED_PRIMALITY_UNASSIGNED,514,512,512,NO_RECORDED_FACTOR_PRP_OR_LL_RESULT_AND_NO_ACTIVE_GIMPS_ASSIGNMENT,2026-08-08T19:16:24+00:00,UNALLOCATED,,,,,
SLCMP700-1171,1171,1171,317309359,2^317309359-1,STRUCTURAL_SCREEN_EXHAUSTED_PRIMALITY_UNASSIGNED,GF3A_DIRECTIONAL_WRITE_EXHAUSTED_PRIMALITY_UNASSIGNED,514,512,512,NO_RECORDED_FACTOR_PRP_OR_LL_RESULT_AND_NO_ACTIVE_GIMPS_ASSIGNMENT,2026-08-08T19:16:24+00:00,UNALLOCATED,,,,,
SLCMP700-1172,1172,1172,317309477,2^317309477-1,STRUCTURAL_SCREEN_EXHAUSTED_PRIMALITY_UNASSIGNED,GF3A_DIRECTIONAL_WRITE_EXHAUSTED_PRIMALITY_UNASSIGNED,513,512,512,NO_RECORDED_FACTOR_PRP_OR_LL_RESULT_AND_NO_ACTIVE_GIMPS_ASSIGNMENT,2026-08-08T19:16:24+00:00,UNALLOCATED,,,,,
SLCMP700-1173,1173,1173,317309483,2^317309483-1,STRUCTURAL_SCREEN_EXHAUSTED_PRIMALITY_UNASSIGNED,GF3A_DIRECTIONAL_WRITE_EXHAUSTED_PRIMALITY_UNASSIGNED,514,512,512,NO_RECORDED_FACTOR_PRP_OR_LL_RESULT_AND_NO_ACTIVE_GIMPS_ASSIGNMENT,2026-08-08T19:16:24+00:00,UNALLOCATED,,,,,
SLCMP700-1174,1174,1174,317309497,2^317309497-1,STRUCTURAL_SCREEN_EXHAUSTED_PRIMALITY_UNASSIGNED,GF3A_DIRECTIONAL_WRITE_EXHAUSTED_PRIMALITY_UNASSIGNED,513,512,512,NO_RECORDED_FACTOR_PRP_OR_LL_RESULT_AND_NO_ACTIVE_GIMPS_ASSIGNMENT,2026-08-08T19:16:24+00:00,UNALLOCATED,,,,,
SLCMP700-1175,1175,1175,317309591,2^317309591-1,STRUCTURAL_SCREEN_EXHAUSTED_PRIMALITY_UNASSIGNED,GF3A_DIRECTIONAL_WRITE_EXHAUSTED_PRIMALITY_UNASSIGNED,514,512,512,NO_RECORDED_FACTOR_PRP_OR_LL_RESULT_AND_NO_ACTIVE_GIMPS_ASSIGNMENT,2026-08-08T19:16:24+00:00,UNALLOCATED,,,,,
SLCMP700-1176,1176,1176,317309807,2^317309807-1,STRUCTURAL_SCREEN_EXHAUSTED_PRIMALITY_UNASSIGNED,GF3A_DIRECTIONAL_WRITE_EXHAUSTED_PRIMALITY_UNASSIGNED,514,512,512,NO_RECORDED_FACTOR_PRP_OR_LL_RESULT_AND_NO_ACTIVE_GIMPS_ASSIGNMENT,2026-08-08T19:16:24+00:00,UNALLOCATED,,,,,
SLCMP700-1177,1177,1177,317309869,2^317309869-1,STRUCTURAL_SCREEN_EXHAUSTED_PRIMALITY_UNASSIGNED,GF3A_DIRECTIONAL_WRITE_EXHAUSTED_PRIMALITY_UNASSIGNED,513,512,512,NO_RECORDED_FACTOR_PRP_OR_LL_RESULT_AND_NO_ACTIVE_GIMPS_ASSIGNMENT,2026-08-08T19:16:24+00:00,UNALLOCATED,,,,,
SLCMP700-1178,1178,1178,317309921,2^317309921-1,STRUCTURAL_SCREEN_EXHAUSTED_PRIMALITY_UNASSIGNED,GF3A_DIRECTIONAL_WRITE_EXHAUSTED_PRIMALITY_UNASSIGNED,513,512,512,NO_RECORDED_FACTOR_PRP_OR_LL_RESULT_AND_NO_ACTIVE_GIMPS_ASSIGNMENT,2026-08-08T19:16:24+00:00,UNALLOCATED,,,,,
SLCMP700-1179,1179,1179,317310053,2^317310053-1,STRUCTURAL_SCREEN_EXHAUSTED_PRIMALITY_UNASSIGNED,GF3A_DIRECTIONAL_WRITE_EXHAUSTED_PRIMALITY_UNASSIGNED,513,512,512,NO_RECORDED_FACTOR_PRP_OR_LL_RESULT_AND_NO_ACTIVE_GIMPS_ASSIGNMENT,2026-08-08T19:16:24+00:00,UNALLOCATED,,,,,
SLCMP700-1180,1180,1180,317310107,2^317310107-1,STRUCTURAL_SCREEN_EXHAUSTED_PRIMALITY_UNASSIGNED,GF3A_DIRECTIONAL_WRITE_EXHAUSTED_PRIMALITY_UNASSIGNED,514,512,512,NO_RECORDED_FACTOR_PRP_OR_LL_RESULT_AND_NO_ACTIVE_GIMPS_ASSIGNMENT,2026-08-08T19:16:24+00:00,UNALLOCATED,,,,,
SLCMP700-1181,1181,1181,317310281,2^317310281-1,STRUCTURAL_SCREEN_EXHAUSTED_PRIMALITY_UNASSIGNED,GF3A_DIRECTIONAL_WRITE_EXHAUSTED_PRIMALITY_UNASSIGNED,513,512,512,NO_RECORDED_FACTOR_PRP_OR_LL_RESULT_AND_NO_ACTIVE_GIMPS_ASSIGNMENT,2026-08-08T19:16:24+00:00,UNALLOCATED,,,,,
SLCMP700-1182,1182,1182,317310463,2^317310463-1,STRUCTURAL_SCREEN_EXHAUSTED_PRIMALITY_UNASSIGNED,GF3A_DIRECTIONAL_WRITE_EXHAUSTED_PRIMALITY_UNASSIGNED,514,512,512,NO_RECORDED_FACTOR_PRP_OR_LL_RESULT_AND_NO_ACTIVE_GIMPS_ASSIGNMENT,2026-08-08T19:16:24+00:00,UNALLOCATED,,,,,
SLCMP700-1183,1183,1183,317310479,2^317310479-1,STRUCTURAL_SCREEN_EXHAUSTED_PRIMALITY_UNASSIGNED,GF3A_DIRECTIONAL_WRITE_EXHAUSTED_PRIMALITY_UNASSIGNED,514,512,512,NO_RECORDED_FACTOR_PRP_OR_LL_RESULT_AND_NO_ACTIVE_GIMPS_ASSIGNMENT,2026-08-08T19:16:24+00:00,UNALLOCATED,,,,,
SLCMP700-1184,1184,1184,317310493,2^317310493-1,STRUCTURAL_SCREEN_EXHAUSTED_PRIMALITY_UNASSIGNED,GF3A_DIRECTIONAL_WRITE_EXHAUSTED_PRIMALITY_UNASSIGNED,513,512,512,NO_RECORDED_FACTOR_PRP_OR_LL_RESULT_AND_NO_ACTIVE_GIMPS_ASSIGNMENT,2026-08-08T19:16:24+00:00,UNALLOCATED,,,,,
SLCMP700-1185,1185,1185,317310551,2^317310551-1,STRUCTURAL_SCREEN_EXHAUSTED_PRIMALITY_UNASSIGNED,GF3A_DIRECTIONAL_WRITE_EXHAUSTED_PRIMALITY_UNASSIGNED,514,512,512,NO_RECORDED_FACTOR_PRP_OR_LL_RESULT_AND_NO_ACTIVE_GIMPS_ASSIGNMENT,2026-08-08T19:16:24+00:00,UNALLOCATED,,,,,
SLCMP700-1186,1186,1186,317310739,2^317310739-1,STRUCTURAL_SCREEN_EXHAUSTED_PRIMALITY_UNASSIGNED,GF3A_DIRECTIONAL_WRITE_EXHAUSTED_PRIMALITY_UNASSIGNED,514,512,512,NO_RECORDED_FACTOR_PRP_OR_LL_RESULT_AND_NO_ACTIVE_GIMPS_ASSIGNMENT,2026-08-08T19:16:24+00:00,UNALLOCATED,,,,,
SLCMP700-1187,1187,1187,317310793,2^317310793-1,STRUCTURAL_SCREEN_EXHAUSTED_PRIMALITY_UNASSIGNED,GF3A_DIRECTIONAL_WRITE_EXHAUSTED_PRIMALITY_UNASSIGNED,513,512,512,NO_RECORDED_FACTOR_PRP_OR_LL_RESULT_AND_NO_ACTIVE_GIMPS_ASSIGNMENT,2026-08-08T19:16:24+00:00,UNALLOCATED,,,,,
SLCMP700-1188,1188,1188,317310809,2^317310809-1,STRUCTURAL_SCREEN_EXHAUSTED_PRIMALITY_UNASSIGNED,GF3A_DIRECTIONAL_WRITE_EXHAUSTED_PRIMALITY_UNASSIGNED,513,512,512,NO_RECORDED_FACTOR_PRP_OR_LL_RESULT_AND_NO_ACTIVE_GIMPS_ASSIGNMENT,2026-08-08T19:16:24+00:00,UNALLOCATED,,,,,
SLCMP700-1189,1189,1189,317310827,2^317310827-1,STRUCTURAL_SCREEN_EXHAUSTED_PRIMALITY_UNASSIGNED,GF3A_DIRECTIONAL_WRITE_EXHAUSTED_PRIMALITY_UNASSIGNED,514,512,512,NO_RECORDED_FACTOR_PRP_OR_LL_RESULT_AND_NO_ACTIVE_GIMPS_ASSIGNMENT,2026-08-08T19:16:24+00:00,UNALLOCATED,,,,,
SLCMP700-1190,1190,1190,317310943,2^317310943-1,STRUCTURAL_SCREEN_EXHAUSTED_PRIMALITY_UNASSIGNED,GF3A_DIRECTIONAL_WRITE_EXHAUSTED_PRIMALITY_UNASSIGNED,514,512,512,NO_RECORDED_FACTOR_PRP_OR_LL_RESULT_AND_NO_ACTIVE_GIMPS_ASSIGNMENT,2026-08-08T19:16:24+00:00,UNALLOCATED,,,,,
SLCMP700-1191,1191,1191,317311063,2^317311063-1,STRUCTURAL_SCREEN_EXHAUSTED_PRIMALITY_UNASSIGNED,GF3A_DIRECTIONAL_WRITE_EXHAUSTED_PRIMALITY_UNASSIGNED,514,512,512,NO_RECORDED_FACTOR_PRP_OR_LL_RESULT_AND_NO_ACTIVE_GIMPS_ASSIGNMENT,2026-08-08T19:16:24+00:00,UNALLOCATED,,,,,
SLCMP700-1192,1192,1192,317311091,2^317311091-1,STRUCTURAL_SCREEN_EXHAUSTED_PRIMALITY_UNASSIGNED,GF3A_DIRECTIONAL_WRITE_EXHAUSTED_PRIMALITY_UNASSIGNED,514,512,512,NO_RECORDED_FACTOR_PRP_OR_LL_RESULT_AND_NO_ACTIVE_GIMPS_ASSIGNMENT,2026-08-08T19:16:24+00:00,UNALLOCATED,,,,,
SLCMP700-1193,1193,1193,317311121,2^317311121-1,STRUCTURAL_SCREEN_EXHAUSTED_PRIMALITY_UNASSIGNED,GF3A_DIRECTIONAL_WRITE_EXHAUSTED_PRIMALITY_UNASSIGNED,513,512,512,NO_RECORDED_FACTOR_PRP_OR_LL_RESULT_AND_NO_ACTIVE_GIMPS_ASSIGNMENT,2026-08-08T19:16:24+00:00,UNALLOCATED,,,,,
SLCMP700-1194,1194,1194,317311139,2^317311139-1,STRUCTURAL_SCREEN_EXHAUSTED_PRIMALITY_UNASSIGNED,GF3A_DIRECTIONAL_WRITE_EXHAUSTED_PRIMALITY_UNASSIGNED,514,512,512,NO_RECORDED_FACTOR_PRP_OR_LL_RESULT_AND_NO_ACTIVE_GIMPS_ASSIGNMENT,2026-08-08T19:16:24+00:00,UNALLOCATED,,,,,
SLCMP700-1195,1195,1195,317311157,2^317311157-1,STRUCTURAL_SCREEN_EXHAUSTED_PRIMALITY_UNASSIGNED,GF3A_DIRECTIONAL_WRITE_EXHAUSTED_PRIMALITY_UNASSIGNED,513,512,512,NO_RECORDED_FACTOR_PRP_OR_LL_RESULT_AND_NO_ACTIVE_GIMPS_ASSIGNMENT,2026-08-08T19:16:24+00:00,UNALLOCATED,,,,,
SLCMP700-1196,1196,1196,317311193,2^317311193-1,STRUCTURAL_SCREEN_EXHAUSTED_PRIMALITY_UNASSIGNED,GF3A_DIRECTIONAL_WRITE_EXHAUSTED_PRIMALITY_UNASSIGNED,513,512,512,NO_RECORDED_FACTOR_PRP_OR_LL_RESULT_AND_NO_ACTIVE_GIMPS_ASSIGNMENT,2026-08-08T19:16:24+00:00,UNALLOCATED,,,,,
SLCMP700-1197,1197,1197,317311207,2^317311207-1,STRUCTURAL_SCREEN_EXHAUSTED_PRIMALITY_UNASSIGNED,GF3A_DIRECTIONAL_WRITE_EXHAUSTED_PRIMALITY_UNASSIGNED,514,512,512,NO_RECORDED_FACTOR_PRP_OR_LL_RESULT_AND_NO_ACTIVE_GIMPS_ASSIGNMENT,2026-08-08T19:16:24+00:00,UNALLOCATED,,,,,
SLCMP700-1198,1198,1198,317311333,2^317311333-1,STRUCTURAL_SCREEN_EXHAUSTED_PRIMALITY_UNASSIGNED,GF3A_DIRECTIONAL_WRITE_EXHAUSTED_PRIMALITY_UNASSIGNED,513,512,512,NO_RECORDED_FACTOR_PRP_OR_LL_RESULT_AND_NO_ACTIVE_GIMPS_ASSIGNMENT,2026-08-08T19:16:24+00:00,UNALLOCATED,,,,,
SLCMP700-1199,1199,1199,317311349,2^317311349-1,STRUCTURAL_SCREEN_EXHAUSTED_PRIMALITY_UNASSIGNED,GF3A_DIRECTIONAL_WRITE_EXHAUSTED_PRIMALITY_UNASSIGNED,513,512,512,NO_RECORDED_FACTOR_PRP_OR_LL_RESULT_AND_NO_ACTIVE_GIMPS_ASSIGNMENT,2026-08-08T19:16:24+00:00,UNALLOCATED,,,,,
SLCMP700-1200,1200,1200,317311369,2^317311369-1,STRUCTURAL_SCREEN_EXHAUSTED_PRIMALITY_UNASSIGNED,GF3A_DIRECTIONAL_WRITE_EXHAUSTED_PRIMALITY_UNASSIGNED,513,512,512,NO_RECORDED_FACTOR_PRP_OR_LL_RESULT_AND_NO_ACTIVE_GIMPS_ASSIGNMENT,2026-08-08T19:16:24+00:00,UNALLOCATED,,,,,
SLCMP700-1201,1201,1201,317311487,2^317311487-1,STRUCTURAL_SCREEN_EXHAUSTED_PRIMALITY_UNASSIGNED,GF3A_DIRECTIONAL_WRITE_EXHAUSTED_PRIMALITY_UNASSIGNED,514,512,512,NO_RECORDED_FACTOR_PRP_OR_LL_RESULT_AND_NO_ACTIVE_GIMPS_ASSIGNMENT,2026-08-08T19:16:24+00:00,UNALLOCATED,,,,,
SLCMP700-1202,1202,1202,317311543,2^317311543-1,STRUCTURAL_SCREEN_EXHAUSTED_PRIMALITY_UNASSIGNED,GF3A_DIRECTIONAL_WRITE_EXHAUSTED_PRIMALITY_UNASSIGNED,514,512,512,NO_RECORDED_FACTOR_PRP_OR_LL_RESULT_AND_NO_ACTIVE_GIMPS_ASSIGNMENT,2026-08-08T19:16:24+00:00,UNALLOCATED,,,,,
SLCMP700-1203,1203,1203,317311619,2^317311619-1,STRUCTURAL_SCREEN_EXHAUSTED_PRIMALITY_UNASSIGNED,GF3A_DIRECTIONAL_WRITE_EXHAUSTED_PRIMALITY_UNASSIGNED,514,512,512,NO_RECORDED_FACTOR_PRP_OR_LL_RESULT_AND_NO_ACTIVE_GIMPS_ASSIGNMENT,2026-08-08T19:16:24+00:00,UNALLOCATED,,,,,
SLCMP700-1204,1204,1204,317311627,2^317311627-1,STRUCTURAL_SCREEN_EXHAUSTED_PRIMALITY_UNASSIGNED,GF3A_DIRECTIONAL_WRITE_EXHAUSTED_PRIMALITY_UNASSIGNED,514,512,512,NO_RECORDED_FACTOR_PRP_OR_LL_RESULT_AND_NO_ACTIVE_GIMPS_ASSIGNMENT,2026-08-08T19:16:24+00:00,UNALLOCATED,,,,,
SLCMP700-1205,1205,1205,317311651,2^317311651-1,STRUCTURAL_SCREEN_EXHAUSTED_PRIMALITY_UNASSIGNED,GF3A_DIRECTIONAL_WRITE_EXHAUSTED_PRIMALITY_UNASSIGNED,514,512,512,NO_RECORDED_FACTOR_PRP_OR_LL_RESULT_AND_NO_ACTIVE_GIMPS_ASSIGNMENT,2026-08-08T19:16:24+00:00,UNALLOCATED,,,,,
SLCMP700-1206,1206,1206,317311679,2^317311679-1,STRUCTURAL_SCREEN_EXHAUSTED_PRIMALITY_UNASSIGNED,GF3A_DIRECTIONAL_WRITE_EXHAUSTED_PRIMALITY_UNASSIGNED,514,512,512,NO_RECORDED_FACTOR_PRP_OR_LL_RESULT_AND_NO_ACTIVE_GIMPS_ASSIGNMENT,2026-08-08T19:16:24+00:00,UNALLOCATED,,,,,
SLCMP700-1207,1207,1207,317311693,2^317311693-1,STRUCTURAL_SCREEN_EXHAUSTED_PRIMALITY_UNASSIGNED,GF3A_DIRECTIONAL_WRITE_EXHAUSTED_PRIMALITY_UNASSIGNED,513,512,512,NO_RECORDED_FACTOR_PRP_OR_LL_RESULT_AND_NO_ACTIVE_GIMPS_ASSIGNMENT,2026-08-08T19:16:24+00:00,UNALLOCATED,,,,,
SLCMP700-1208,1208,1208,317311733,2^317311733-1,STRUCTURAL_SCREEN_EXHAUSTED_PRIMALITY_UNASSIGNED,GF3A_DIRECTIONAL_WRITE_EXHAUSTED_PRIMALITY_UNASSIGNED,513,512,512,NO_RECORDED_FACTOR_PRP_OR_LL_RESULT_AND_NO_ACTIVE_GIMPS_ASSIGNMENT,2026-08-08T19:16:24+00:00,UNALLOCATED,,,,,
SLCMP700-1209,1209,1209,317311759,2^317311759-1,STRUCTURAL_SCREEN_EXHAUSTED_PRIMALITY_UNASSIGNED,GF3A_DIRECTIONAL_WRITE_EXHAUSTED_PRIMALITY_UNASSIGNED,514,512,512,NO_RECORDED_FACTOR_PRP_OR_LL_RESULT_AND_NO_ACTIVE_GIMPS_ASSIGNMENT,2026-08-08T19:16:24+00:00,UNALLOCATED,,,,,
SLCMP700-1210,1210,1210,317311793,2^317311793-1,STRUCTURAL_SCREEN_EXHAUSTED_PRIMALITY_UNASSIGNED,GF3A_DIRECTIONAL_WRITE_EXHAUSTED_PRIMALITY_UNASSIGNED,513,512,512,NO_RECORDED_FACTOR_PRP_OR_LL_RESULT_AND_NO_ACTIVE_GIMPS_ASSIGNMENT,2026-08-08T19:16:24+00:00,UNALLOCATED,,,,,
SLCMP700-1211,1211,1211,317311807,2^317311807-1,STRUCTURAL_SCREEN_EXHAUSTED_PRIMALITY_UNASSIGNED,GF3A_DIRECTIONAL_WRITE_EXHAUSTED_PRIMALITY_UNASSIGNED,514,512,512,NO_RECORDED_FACTOR_PRP_OR_LL_RESULT_AND_NO_ACTIVE_GIMPS_ASSIGNMENT,2026-08-08T19:16:24+00:00,UNALLOCATED,,,,,
SLCMP700-1212,1212,1212,317311831,2^317311831-1,STRUCTURAL_SCREEN_EXHAUSTED_PRIMALITY_UNASSIGNED,GF3A_DIRECTIONAL_WRITE_EXHAUSTED_PRIMALITY_UNASSIGNED,514,512,512,NO_RECORDED_FACTOR_PRP_OR_LL_RESULT_AND_NO_ACTIVE_GIMPS_ASSIGNMENT,2026-08-08T19:16:24+00:00,UNALLOCATED,,,,,
SLCMP700-1213,1213,1213,317311859,2^317311859-1,STRUCTURAL_SCREEN_EXHAUSTED_PRIMALITY_UNASSIGNED,GF3A_DIRECTIONAL_WRITE_EXHAUSTED_PRIMALITY_UNASSIGNED,514,512,512,NO_RECORDED_FACTOR_PRP_OR_LL_RESULT_AND_NO_ACTIVE_GIMPS_ASSIGNMENT,2026-08-08T19:16:24+00:00,UNALLOCATED,,,,,
SLCMP700-1214,1214,1214,317311873,2^317311873-1,STRUCTURAL_SCREEN_EXHAUSTED_PRIMALITY_UNASSIGNED,GF3A_DIRECTIONAL_WRITE_EXHAUSTED_PRIMALITY_UNASSIGNED,513,512,512,NO_RECORDED_FACTOR_PRP_OR_LL_RESULT_AND_NO_ACTIVE_GIMPS_ASSIGNMENT,2026-08-08T19:16:24+00:00,UNALLOCATED,,,,,
SLCMP700-1215,1215,1215,317311903,2^317311903-1,STRUCTURAL_SCREEN_EXHAUSTED_PRIMALITY_UNASSIGNED,GF3A_DIRECTIONAL_WRITE_EXHAUSTED_PRIMALITY_UNASSIGNED,514,512,512,NO_RECORDED_FACTOR_PRP_OR_LL_RESULT_AND_NO_ACTIVE_GIMPS_ASSIGNMENT,2026-08-08T19:16:24+00:00,UNALLOCATED,,,,,
SLCMP700-1216,1216,1216,317312011,2^317312011-1,STRUCTURAL_SCREEN_EXHAUSTED_PRIMALITY_UNASSIGNED,GF3A_DIRECTIONAL_WRITE_EXHAUSTED_PRIMALITY_UNASSIGNED,514,512,512,NO_RECORDED_FACTOR_PRP_OR_LL_RESULT_AND_NO_ACTIVE_GIMPS_ASSIGNMENT,2026-08-08T19:16:24+00:00,UNALLOCATED,,,,,
SLCMP700-1217,1217,1217,317312029,2^317312029-1,STRUCTURAL_SCREEN_EXHAUSTED_PRIMALITY_UNASSIGNED,GF3A_DIRECTIONAL_WRITE_EXHAUSTED_PRIMALITY_UNASSIGNED,513,512,512,NO_RECORDED_FACTOR_PRP_OR_LL_RESULT_AND_NO_ACTIVE_GIMPS_ASSIGNMENT,2026-08-08T19:16:24+00:00,UNALLOCATED,,,,,
SLCMP700-1218,1218,1218,317312257,2^317312257-1,STRUCTURAL_SCREEN_EXHAUSTED_PRIMALITY_UNASSIGNED,GF3A_DIRECTIONAL_WRITE_EXHAUSTED_PRIMALITY_UNASSIGNED,513,512,512,NO_RECORDED_FACTOR_PRP_OR_LL_RESULT_AND_NO_ACTIVE_GIMPS_ASSIGNMENT,2026-08-08T19:16:24+00:00,UNALLOCATED,,,,,
SLCMP700-1219,1219,1219,317312279,2^317312279-1,STRUCTURAL_SCREEN_EXHAUSTED_PRIMALITY_UNASSIGNED,GF3A_DIRECTIONAL_WRITE_EXHAUSTED_PRIMALITY_UNASSIGNED,514,512,512,NO_RECORDED_FACTOR_PRP_OR_LL_RESULT_AND_NO_ACTIVE_GIMPS_ASSIGNMENT,2026-08-08T19:16:24+00:00,UNALLOCATED,,,,,
SLCMP700-1220,1220,1220,317312297,2^317312297-1,STRUCTURAL_SCREEN_EXHAUSTED_PRIMALITY_UNASSIGNED,GF3A_DIRECTIONAL_WRITE_EXHAUSTED_PRIMALITY_UNASSIGNED,513,512,512,NO_RECORDED_FACTOR_PRP_OR_LL_RESULT_AND_NO_ACTIVE_GIMPS_ASSIGNMENT,2026-08-08T19:16:24+00:00,UNALLOCATED,,,,,
SLCMP700-1221,1221,1221,317312477,2^317312477-1,STRUCTURAL_SCREEN_EXHAUSTED_PRIMALITY_UNASSIGNED,GF3A_DIRECTIONAL_WRITE_EXHAUSTED_PRIMALITY_UNASSIGNED,513,512,512,NO_RECORDED_FACTOR_PRP_OR_LL_RESULT_AND_NO_ACTIVE_GIMPS_ASSIGNMENT,2026-08-08T19:16:24+00:00,UNALLOCATED,,,,,
SLCMP700-1222,1222,1222,317312689,2^317312689-1,STRUCTURAL_SCREEN_EXHAUSTED_PRIMALITY_UNASSIGNED,GF3A_DIRECTIONAL_WRITE_EXHAUSTED_PRIMALITY_UNASSIGNED,513,512,512,NO_RECORDED_FACTOR_PRP_OR_LL_RESULT_AND_NO_ACTIVE_GIMPS_ASSIGNMENT,2026-08-08T19:16:24+00:00,UNALLOCATED,,,,,
SLCMP700-1223,1223,1223,317312731,2^317312731-1,STRUCTURAL_SCREEN_EXHAUSTED_PRIMALITY_UNASSIGNED,GF3A_DIRECTIONAL_WRITE_EXHAUSTED_PRIMALITY_UNASSIGNED,514,512,512,NO_RECORDED_FACTOR_PRP_OR_LL_RESULT_AND_NO_ACTIVE_GIMPS_ASSIGNMENT,2026-08-08T19:16:24+00:00,UNALLOCATED,,,,,
SLCMP700-1224,1224,1224,317312767,2^317312767-1,STRUCTURAL_SCREEN_EXHAUSTED_PRIMALITY_UNASSIGNED,GF3A_DIRECTIONAL_WRITE_EXHAUSTED_PRIMALITY_UNASSIGNED,514,512,512,NO_RECORDED_FACTOR_PRP_OR_LL_RESULT_AND_NO_ACTIVE_GIMPS_ASSIGNMENT,2026-08-08T19:16:24+00:00,UNALLOCATED,,,,,
SLCMP700-1225,1225,1225,317312773,2^317312773-1,STRUCTURAL_SCREEN_EXHAUSTED_PRIMALITY_UNASSIGNED,GF3A_DIRECTIONAL_WRITE_EXHAUSTED_PRIMALITY_UNASSIGNED,513,512,512,NO_RECORDED_FACTOR_PRP_OR_LL_RESULT_AND_NO_ACTIVE_GIMPS_ASSIGNMENT,2026-08-08T19:16:24+00:00,UNALLOCATED,,,,,
SLCMP700-1226,1226,1226,317312813,2^317312813-1,STRUCTURAL_SCREEN_EXHAUSTED_PRIMALITY_UNASSIGNED,GF3A_DIRECTIONAL_WRITE_EXHAUSTED_PRIMALITY_UNASSIGNED,513,512,512,NO_RECORDED_FACTOR_PRP_OR_LL_RESULT_AND_NO_ACTIVE_GIMPS_ASSIGNMENT,2026-08-08T19:16:24+00:00,UNALLOCATED,,,,,
SLCMP700-1227,1227,1227,317312893,2^317312893-1,STRUCTURAL_SCREEN_EXHAUSTED_PRIMALITY_UNASSIGNED,GF3A_DIRECTIONAL_WRITE_EXHAUSTED_PRIMALITY_UNASSIGNED,513,512,512,NO_RECORDED_FACTOR_PRP_OR_LL_RESULT_AND_NO_ACTIVE_GIMPS_ASSIGNMENT,2026-08-08T19:16:24+00:00,UNALLOCATED,,,,,
SLCMP700-1228,1228,1228,317312903,2^317312903-1,STRUCTURAL_SCREEN_EXHAUSTED_PRIMALITY_UNASSIGNED,GF3A_DIRECTIONAL_WRITE_EXHAUSTED_PRIMALITY_UNASSIGNED,514,512,512,NO_RECORDED_FACTOR_PRP_OR_LL_RESULT_AND_NO_ACTIVE_GIMPS_ASSIGNMENT,2026-08-08T19:16:24+00:00,UNALLOCATED,,,,,
SLCMP700-1229,1229,1229,317312909,2^317312909-1,STRUCTURAL_SCREEN_EXHAUSTED_PRIMALITY_UNASSIGNED,GF3A_DIRECTIONAL_WRITE_EXHAUSTED_PRIMALITY_UNASSIGNED,513,512,512,NO_RECORDED_FACTOR_PRP_OR_LL_RESULT_AND_NO_ACTIVE_GIMPS_ASSIGNMENT,2026-08-08T19:16:24+00:00,UNALLOCATED,,,,,
SLCMP700-1230,1230,1230,317312917,2^317312917-1,STRUCTURAL_SCREEN_EXHAUSTED_PRIMALITY_UNASSIGNED,GF3A_DIRECTIONAL_WRITE_EXHAUSTED_PRIMALITY_UNASSIGNED,513,512,512,NO_RECORDED_FACTOR_PRP_OR_LL_RESULT_AND_NO_ACTIVE_GIMPS_ASSIGNMENT,2026-08-08T19:16:24+00:00,UNALLOCATED,,,,,
SLCMP700-1231,1231,1231,317312951,2^317312951-1,STRUCTURAL_SCREEN_EXHAUSTED_PRIMALITY_UNASSIGNED,GF3A_DIRECTIONAL_WRITE_EXHAUSTED_PRIMALITY_UNASSIGNED,514,512,512,NO_RECORDED_FACTOR_PRP_OR_LL_RESULT_AND_NO_ACTIVE_GIMPS_ASSIGNMENT,2026-08-08T19:16:24+00:00,UNALLOCATED,,,,,
SLCMP700-1232,1232,1232,317313011,2^317313011-1,STRUCTURAL_SCREEN_EXHAUSTED_PRIMALITY_UNASSIGNED,GF3A_DIRECTIONAL_WRITE_EXHAUSTED_PRIMALITY_UNASSIGNED,514,512,512,NO_RECORDED_FACTOR_PRP_OR_LL_RESULT_AND_NO_ACTIVE_GIMPS_ASSIGNMENT,2026-08-08T19:16:24+00:00,UNALLOCATED,,,,,
SLCMP700-1233,1233,1233,317313077,2^317313077-1,STRUCTURAL_SCREEN_EXHAUSTED_PRIMALITY_UNASSIGNED,GF3A_DIRECTIONAL_WRITE_EXHAUSTED_PRIMALITY_UNASSIGNED,513,512,512,NO_RECORDED_FACTOR_PRP_OR_LL_RESULT_AND_NO_ACTIVE_GIMPS_ASSIGNMENT,2026-08-08T19:16:24+00:00,UNALLOCATED,,,,,
SLCMP700-1234,1234,1234,317313079,2^317313079-1,STRUCTURAL_SCREEN_EXHAUSTED_PRIMALITY_UNASSIGNED,GF3A_DIRECTIONAL_WRITE_EXHAUSTED_PRIMALITY_UNASSIGNED,514,512,512,NO_RECORDED_FACTOR_PRP_OR_LL_RESULT_AND_NO_ACTIVE_GIMPS_ASSIGNMENT,2026-08-08T19:16:24+00:00,UNALLOCATED,,,,,
SLCMP700-1235,1235,1235,317313097,2^317313097-1,STRUCTURAL_SCREEN_EXHAUSTED_PRIMALITY_UNASSIGNED,GF3A_DIRECTIONAL_WRITE_EXHAUSTED_PRIMALITY_UNASSIGNED,513,512,512,NO_RECORDED_FACTOR_PRP_OR_LL_RESULT_AND_NO_ACTIVE_GIMPS_ASSIGNMENT,2026-08-08T19:16:24+00:00,UNALLOCATED,,,,,
SLCMP700-1236,1236,1236,317313119,2^317313119-1,STRUCTURAL_SCREEN_EXHAUSTED_PRIMALITY_UNASSIGNED,GF3A_DIRECTIONAL_WRITE_EXHAUSTED_PRIMALITY_UNASSIGNED,514,512,512,NO_RECORDED_FACTOR_PRP_OR_LL_RESULT_AND_NO_ACTIVE_GIMPS_ASSIGNMENT,2026-08-08T19:16:24+00:00,UNALLOCATED,,,,,
SLCMP700-1237,1237,1237,317313127,2^317313127-1,STRUCTURAL_SCREEN_EXHAUSTED_PRIMALITY_UNASSIGNED,GF3A_DIRECTIONAL_WRITE_EXHAUSTED_PRIMALITY_UNASSIGNED,514,512,512,NO_RECORDED_FACTOR_PRP_OR_LL_RESULT_AND_NO_ACTIVE_GIMPS_ASSIGNMENT,2026-08-08T19:16:24+00:00,UNALLOCATED,,,,,
SLCMP700-1238,1238,1238,317313181,2^317313181-1,STRUCTURAL_SCREEN_EXHAUSTED_PRIMALITY_UNASSIGNED,GF3A_DIRECTIONAL_WRITE_EXHAUSTED_PRIMALITY_UNASSIGNED,513,512,512,NO_RECORDED_FACTOR_PRP_OR_LL_RESULT_AND_NO_ACTIVE_GIMPS_ASSIGNMENT,2026-08-08T19:16:24+00:00,UNALLOCATED,,,,,
SLCMP700-1239,1239,1239,317313223,2^317313223-1,STRUCTURAL_SCREEN_EXHAUSTED_PRIMALITY_UNASSIGNED,GF3A_DIRECTIONAL_WRITE_EXHAUSTED_PRIMALITY_UNASSIGNED,514,512,512,NO_RECORDED_FACTOR_PRP_OR_LL_RESULT_AND_NO_ACTIVE_GIMPS_ASSIGNMENT,2026-08-08T19:16:24+00:00,UNALLOCATED,,,,,
SLCMP700-1240,1240,1240,317313251,2^317313251-1,STRUCTURAL_SCREEN_EXHAUSTED_PRIMALITY_UNASSIGNED,GF3A_DIRECTIONAL_WRITE_EXHAUSTED_PRIMALITY_UNASSIGNED,514,512,512,NO_RECORDED_FACTOR_PRP_OR_LL_RESULT_AND_NO_ACTIVE_GIMPS_ASSIGNMENT,2026-08-08T19:16:24+00:00,UNALLOCATED,,,,,
SLCMP700-1241,1241,1241,317313263,2^317313263-1,STRUCTURAL_SCREEN_EXHAUSTED_PRIMALITY_UNASSIGNED,GF3A_DIRECTIONAL_WRITE_EXHAUSTED_PRIMALITY_UNASSIGNED,514,512,512,NO_RECORDED_FACTOR_PRP_OR_LL_RESULT_AND_NO_ACTIVE_GIMPS_ASSIGNMENT,2026-08-08T19:16:24+00:00,UNALLOCATED,,,,,
SLCMP700-1242,1242,1242,317313329,2^317313329-1,STRUCTURAL_SCREEN_EXHAUSTED_PRIMALITY_UNASSIGNED,GF3A_DIRECTIONAL_WRITE_EXHAUSTED_PRIMALITY_UNASSIGNED,513,512,512,NO_RECORDED_FACTOR_PRP_OR_LL_RESULT_AND_NO_ACTIVE_GIMPS_ASSIGNMENT,2026-08-08T19:16:24+00:00,UNALLOCATED,,,,,
SLCMP700-1243,1243,1243,317313361,2^317313361-1,STRUCTURAL_SCREEN_EXHAUSTED_PRIMALITY_UNASSIGNED,GF3A_DIRECTIONAL_WRITE_EXHAUSTED_PRIMALITY_UNASSIGNED,513,512,512,NO_RECORDED_FACTOR_PRP_OR_LL_RESULT_AND_NO_ACTIVE_GIMPS_ASSIGNMENT,2026-08-08T19:16:24+00:00,UNALLOCATED,,,,,
SLCMP700-1244,1244,1244,317313461,2^317313461-1,STRUCTURAL_SCREEN_EXHAUSTED_PRIMALITY_UNASSIGNED,GF3A_DIRECTIONAL_WRITE_EXHAUSTED_PRIMALITY_UNASSIGNED,513,512,512,NO_RECORDED_FACTOR_PRP_OR_LL_RESULT_AND_NO_ACTIVE_GIMPS_ASSIGNMENT,2026-08-08T19:16:24+00:00,UNALLOCATED,,,,,
SLCMP700-1245,1245,1245,317313463,2^317313463-1,STRUCTURAL_SCREEN_EXHAUSTED_PRIMALITY_UNASSIGNED,GF3A_DIRECTIONAL_WRITE_EXHAUSTED_PRIMALITY_UNASSIGNED,514,512,512,NO_RECORDED_FACTOR_PRP_OR_LL_RESULT_AND_NO_ACTIVE_GIMPS_ASSIGNMENT,2026-08-08T19:16:24+00:00,UNALLOCATED,,,,,
SLCMP700-1246,1246,1246,317313523,2^317313523-1,STRUCTURAL_SCREEN_EXHAUSTED_PRIMALITY_UNASSIGNED,GF3A_DIRECTIONAL_WRITE_EXHAUSTED_PRIMALITY_UNASSIGNED,514,512,512,NO_RECORDED_FACTOR_PRP_OR_LL_RESULT_AND_NO_ACTIVE_GIMPS_ASSIGNMENT,2026-08-08T19:16:24+00:00,UNALLOCATED,,,,,
SLCMP700-1247,1247,1247,317313583,2^317313583-1,STRUCTURAL_SCREEN_EXHAUSTED_PRIMALITY_UNASSIGNED,GF3A_DIRECTIONAL_WRITE_EXHAUSTED_PRIMALITY_UNASSIGNED,514,512,512,NO_RECORDED_FACTOR_PRP_OR_LL_RESULT_AND_NO_ACTIVE_GIMPS_ASSIGNMENT,2026-08-08T19:16:24+00:00,UNALLOCATED,,,,,
SLCMP700-1248,1248,1248,317313593,2^317313593-1,STRUCTURAL_SCREEN_EXHAUSTED_PRIMALITY_UNASSIGNED,GF3A_DIRECTIONAL_WRITE_EXHAUSTED_PRIMALITY_UNASSIGNED,513,512,512,NO_RECORDED_FACTOR_PRP_OR_LL_RESULT_AND_NO_ACTIVE_GIMPS_ASSIGNMENT,2026-08-08T19:16:24+00:00,UNALLOCATED,,,,,
SLCMP700-1249,1249,1250,317313767,2^317313767-1,STRUCTURAL_SCREEN_EXHAUSTED_PRIMALITY_UNASSIGNED,GF3A_DIRECTIONAL_WRITE_EXHAUSTED_PRIMALITY_UNASSIGNED,514,512,512,NO_RECORDED_FACTOR_PRP_OR_LL_RESULT_AND_NO_ACTIVE_GIMPS_ASSIGNMENT,2026-08-08T19:16:24+00:00,UNALLOCATED,,,,,
SLCMP700-1250,1250,1251,317313769,2^317313769-1,STRUCTURAL_SCREEN_EXHAUSTED_PRIMALITY_UNASSIGNED,GF3A_DIRECTIONAL_WRITE_EXHAUSTED_PRIMALITY_UNASSIGNED,513,512,512,NO_RECORDED_FACTOR_PRP_OR_LL_RESULT_AND_NO_ACTIVE_GIMPS_ASSIGNMENT,2026-08-08T19:16:24+00:00,UNALLOCATED,,,,,
SLCMP700-1251,1251,1252,317313797,2^317313797-1,STRUCTURAL_SCREEN_EXHAUSTED_PRIMALITY_UNASSIGNED,GF3A_DIRECTIONAL_WRITE_EXHAUSTED_PRIMALITY_UNASSIGNED,513,512,512,NO_RECORDED_FACTOR_PRP_OR_LL_RESULT_AND_NO_ACTIVE_GIMPS_ASSIGNMENT,2026-08-08T19:16:24+00:00,UNALLOCATED,,,,,
SLCMP700-1252,1252,1253,317313811,2^317313811-1,STRUCTURAL_SCREEN_EXHAUSTED_PRIMALITY_UNASSIGNED,GF3A_DIRECTIONAL_WRITE_EXHAUSTED_PRIMALITY_UNASSIGNED,514,512,512,NO_RECORDED_FACTOR_PRP_OR_LL_RESULT_AND_NO_ACTIVE_GIMPS_ASSIGNMENT,2026-08-08T19:16:24+00:00,UNALLOCATED,,,,,
SLCMP700-1253,1253,1254,317313901,2^317313901-1,STRUCTURAL_SCREEN_EXHAUSTED_PRIMALITY_UNASSIGNED,GF3A_DIRECTIONAL_WRITE_EXHAUSTED_PRIMALITY_UNASSIGNED,513,512,512,NO_RECORDED_FACTOR_PRP_OR_LL_RESULT_AND_NO_ACTIVE_GIMPS_ASSIGNMENT,2026-08-08T19:16:24+00:00,UNALLOCATED,,,,,
SLCMP700-1254,1254,1255,317313917,2^317313917-1,STRUCTURAL_SCREEN_EXHAUSTED_PRIMALITY_UNASSIGNED,GF3A_DIRECTIONAL_WRITE_EXHAUSTED_PRIMALITY_UNASSIGNED,513,512,512,NO_RECORDED_FACTOR_PRP_OR_LL_RESULT_AND_NO_ACTIVE_GIMPS_ASSIGNMENT,2026-08-08T19:16:24+00:00,UNALLOCATED,,,,,
SLCMP700-1255,1255,1256,317313929,2^317313929-1,STRUCTURAL_SCREEN_EXHAUSTED_PRIMALITY_UNASSIGNED,GF3A_DIRECTIONAL_WRITE_EXHAUSTED_PRIMALITY_UNASSIGNED,513,512,512,NO_RECORDED_FACTOR_PRP_OR_LL_RESULT_AND_NO_ACTIVE_GIMPS_ASSIGNMENT,2026-08-08T19:16:24+00:00,UNALLOCATED,,,,,
SLCMP700-1256,1256,1257,317313937,2^317313937-1,STRUCTURAL_SCREEN_EXHAUSTED_PRIMALITY_UNASSIGNED,GF3A_DIRECTIONAL_WRITE_EXHAUSTED_PRIMALITY_UNASSIGNED,513,512,512,NO_RECORDED_FACTOR_PRP_OR_LL_RESULT_AND_NO_ACTIVE_GIMPS_ASSIGNMENT,2026-08-08T19:16:24+00:00,UNALLOCATED,,,,,
SLCMP700-1257,1257,1258,317314073,2^317314073-1,STRUCTURAL_SCREEN_EXHAUSTED_PRIMALITY_UNASSIGNED,GF3A_DIRECTIONAL_WRITE_EXHAUSTED_PRIMALITY_UNASSIGNED,513,512,512,NO_RECORDED_FACTOR_PRP_OR_LL_RESULT_AND_NO_ACTIVE_GIMPS_ASSIGNMENT,2026-08-08T19:16:24+00:00,UNALLOCATED,,,,,
SLCMP700-1258,1258,1259,317314087,2^317314087-1,STRUCTURAL_SCREEN_EXHAUSTED_PRIMALITY_UNASSIGNED,GF3A_DIRECTIONAL_WRITE_EXHAUSTED_PRIMALITY_UNASSIGNED,514,512,512,NO_RECORDED_FACTOR_PRP_OR_LL_RESULT_AND_NO_ACTIVE_GIMPS_ASSIGNMENT,2026-08-08T19:16:24+00:00,UNALLOCATED,,,,,
SLCMP700-1259,1259,1260,317314189,2^317314189-1,STRUCTURAL_SCREEN_EXHAUSTED_PRIMALITY_UNASSIGNED,GF3A_DIRECTIONAL_WRITE_EXHAUSTED_PRIMALITY_UNASSIGNED,513,512,512,NO_RECORDED_FACTOR_PRP_OR_LL_RESULT_AND_NO_ACTIVE_GIMPS_ASSIGNMENT,2026-08-08T19:16:24+00:00,UNALLOCATED,,,,,
SLCMP700-1260,1260,1261,317314241,2^317314241-1,STRUCTURAL_SCREEN_EXHAUSTED_PRIMALITY_UNASSIGNED,GF3A_DIRECTIONAL_WRITE_EXHAUSTED_PRIMALITY_UNASSIGNED,513,512,512,NO_RECORDED_FACTOR_PRP_OR_LL_RESULT_AND_NO_ACTIVE_GIMPS_ASSIGNMENT,2026-08-08T19:16:24+00:00,UNALLOCATED,,,,,
SLCMP700-1261,1261,1262,317314267,2^317314267-1,STRUCTURAL_SCREEN_EXHAUSTED_PRIMALITY_UNASSIGNED,GF3A_DIRECTIONAL_WRITE_EXHAUSTED_PRIMALITY_UNASSIGNED,514,512,512,NO_RECORDED_FACTOR_PRP_OR_LL_RESULT_AND_NO_ACTIVE_GIMPS_ASSIGNMENT,2026-08-08T19:16:24+00:00,UNALLOCATED,,,,,
SLCMP700-1262,1262,1263,317314289,2^317314289-1,STRUCTURAL_SCREEN_EXHAUSTED_PRIMALITY_UNASSIGNED,GF3A_DIRECTIONAL_WRITE_EXHAUSTED_PRIMALITY_UNASSIGNED,513,512,512,NO_RECORDED_FACTOR_PRP_OR_LL_RESULT_AND_NO_ACTIVE_GIMPS_ASSIGNMENT,2026-08-08T19:16:24+00:00,UNALLOCATED,,,,,
SLCMP700-1263,1263,1264,317314297,2^317314297-1,STRUCTURAL_SCREEN_EXHAUSTED_PRIMALITY_UNASSIGNED,GF3A_DIRECTIONAL_WRITE_EXHAUSTED_PRIMALITY_UNASSIGNED,513,512,512,NO_RECORDED_FACTOR_PRP_OR_LL_RESULT_AND_NO_ACTIVE_GIMPS_ASSIGNMENT,2026-08-08T19:16:24+00:00,UNALLOCATED,,,,,
SLCMP700-1264,1264,1265,317314301,2^317314301-1,STRUCTURAL_SCREEN_EXHAUSTED_PRIMALITY_UNASSIGNED,GF3A_DIRECTIONAL_WRITE_EXHAUSTED_PRIMALITY_UNASSIGNED,513,512,512,NO_RECORDED_FACTOR_PRP_OR_LL_RESULT_AND_NO_ACTIVE_GIMPS_ASSIGNMENT,2026-08-08T19:16:24+00:00,UNALLOCATED,,,,,
SLCMP700-1265,1265,1266,317314379,2^317314379-1,STRUCTURAL_SCREEN_EXHAUSTED_PRIMALITY_UNASSIGNED,GF3A_DIRECTIONAL_WRITE_EXHAUSTED_PRIMALITY_UNASSIGNED,514,512,512,NO_RECORDED_FACTOR_PRP_OR_LL_RESULT_AND_NO_ACTIVE_GIMPS_ASSIGNMENT,2026-08-08T19:16:24+00:00,UNALLOCATED,,,,,
SLCMP700-1266,1266,1267,317314397,2^317314397-1,STRUCTURAL_SCREEN_EXHAUSTED_PRIMALITY_UNASSIGNED,GF3A_DIRECTIONAL_WRITE_EXHAUSTED_PRIMALITY_UNASSIGNED,513,512,512,NO_RECORDED_FACTOR_PRP_OR_LL_RESULT_AND_NO_ACTIVE_GIMPS_ASSIGNMENT,2026-08-08T19:16:24+00:00,UNALLOCATED,,,,,
SLCMP700-1267,1267,1268,317314411,2^317314411-1,STRUCTURAL_SCREEN_EXHAUSTED_PRIMALITY_UNASSIGNED,GF3A_DIRECTIONAL_WRITE_EXHAUSTED_PRIMALITY_UNASSIGNED,514,512,512,NO_RECORDED_FACTOR_PRP_OR_LL_RESULT_AND_NO_ACTIVE_GIMPS_ASSIGNMENT,2026-08-08T19:16:24+00:00,UNALLOCATED,,,,,
SLCMP700-1268,1268,1269,317314507,2^317314507-1,STRUCTURAL_SCREEN_EXHAUSTED_PRIMALITY_UNASSIGNED,GF3A_DIRECTIONAL_WRITE_EXHAUSTED_PRIMALITY_UNASSIGNED,514,512,512,NO_RECORDED_FACTOR_PRP_OR_LL_RESULT_AND_NO_ACTIVE_GIMPS_ASSIGNMENT,2026-08-08T19:16:24+00:00,UNALLOCATED,,,,,
SLCMP700-1269,1269,1270,317314511,2^317314511-1,STRUCTURAL_SCREEN_EXHAUSTED_PRIMALITY_UNASSIGNED,GF3A_DIRECTIONAL_WRITE_EXHAUSTED_PRIMALITY_UNASSIGNED,514,512,512,NO_RECORDED_FACTOR_PRP_OR_LL_RESULT_AND_NO_ACTIVE_GIMPS_ASSIGNMENT,2026-08-08T19:16:24+00:00,UNALLOCATED,,,,,
SLCMP700-1270,1270,1271,317314523,2^317314523-1,STRUCTURAL_SCREEN_EXHAUSTED_PRIMALITY_UNASSIGNED,GF3A_DIRECTIONAL_WRITE_EXHAUSTED_PRIMALITY_UNASSIGNED,514,512,512,NO_RECORDED_FACTOR_PRP_OR_LL_RESULT_AND_NO_ACTIVE_GIMPS_ASSIGNMENT,2026-08-08T19:16:24+00:00,UNALLOCATED,,,,,
SLCMP700-1271,1271,1272,317314643,2^317314643-1,STRUCTURAL_SCREEN_EXHAUSTED_PRIMALITY_UNASSIGNED,GF3A_DIRECTIONAL_WRITE_EXHAUSTED_PRIMALITY_UNASSIGNED,514,512,512,NO_RECORDED_FACTOR_PRP_OR_LL_RESULT_AND_NO_ACTIVE_GIMPS_ASSIGNMENT,2026-08-08T19:16:24+00:00,UNALLOCATED,,,,,
SLCMP700-1272,1272,1273,317314651,2^317314651-1,STRUCTURAL_SCREEN_EXHAUSTED_PRIMALITY_UNASSIGNED,GF3A_DIRECTIONAL_WRITE_EXHAUSTED_PRIMALITY_UNASSIGNED,514,512,512,NO_RECORDED_FACTOR_PRP_OR_LL_RESULT_AND_NO_ACTIVE_GIMPS_ASSIGNMENT,2026-08-08T19:16:24+00:00,UNALLOCATED,,,,,
SLCMP700-1273,1273,1274,317314661,2^317314661-1,STRUCTURAL_SCREEN_EXHAUSTED_PRIMALITY_UNASSIGNED,GF3A_DIRECTIONAL_WRITE_EXHAUSTED_PRIMALITY_UNASSIGNED,513,512,512,NO_RECORDED_FACTOR_PRP_OR_LL_RESULT_AND_NO_ACTIVE_GIMPS_ASSIGNMENT,2026-08-08T19:16:24+00:00,UNALLOCATED,,,,,
SLCMP700-1274,1274,1275,317314663,2^317314663-1,STRUCTURAL_SCREEN_EXHAUSTED_PRIMALITY_UNASSIGNED,GF3A_DIRECTIONAL_WRITE_EXHAUSTED_PRIMALITY_UNASSIGNED,514,512,512,NO_RECORDED_FACTOR_PRP_OR_LL_RESULT_AND_NO_ACTIVE_GIMPS_ASSIGNMENT,2026-08-08T19:16:24+00:00,UNALLOCATED,,,,,
SLCMP700-1275,1275,1276,317314769,2^317314769-1,STRUCTURAL_SCREEN_EXHAUSTED_PRIMALITY_UNASSIGNED,GF3A_DIRECTIONAL_WRITE_EXHAUSTED_PRIMALITY_UNASSIGNED,513,512,512,NO_RECORDED_FACTOR_PRP_OR_LL_RESULT_AND_NO_ACTIVE_GIMPS_ASSIGNMENT,2026-08-08T19:16:24+00:00,UNALLOCATED,,,,,
SLCMP700-1276,1276,1277,317314787,2^317314787-1,STRUCTURAL_SCREEN_EXHAUSTED_PRIMALITY_UNASSIGNED,GF3A_DIRECTIONAL_WRITE_EXHAUSTED_PRIMALITY_UNASSIGNED,514,512,512,NO_RECORDED_FACTOR_PRP_OR_LL_RESULT_AND_NO_ACTIVE_GIMPS_ASSIGNMENT,2026-08-08T19:16:24+00:00,UNALLOCATED,,,,,
SLCMP700-1277,1277,1278,317314841,2^317314841-1,STRUCTURAL_SCREEN_EXHAUSTED_PRIMALITY_UNASSIGNED,GF3A_DIRECTIONAL_WRITE_EXHAUSTED_PRIMALITY_UNASSIGNED,513,512,512,NO_RECORDED_FACTOR_PRP_OR_LL_RESULT_AND_NO_ACTIVE_GIMPS_ASSIGNMENT,2026-08-08T19:16:24+00:00,UNALLOCATED,,,,,
SLCMP700-1278,1278,1279,317314861,2^317314861-1,STRUCTURAL_SCREEN_EXHAUSTED_PRIMALITY_UNASSIGNED,GF3A_DIRECTIONAL_WRITE_EXHAUSTED_PRIMALITY_UNASSIGNED,513,512,512,NO_RECORDED_FACTOR_PRP_OR_LL_RESULT_AND_NO_ACTIVE_GIMPS_ASSIGNMENT,2026-08-08T19:16:24+00:00,UNALLOCATED,,,,,
SLCMP700-1279,1279,1280,317314927,2^317314927-1,STRUCTURAL_SCREEN_EXHAUSTED_PRIMALITY_UNASSIGNED,GF3A_DIRECTIONAL_WRITE_EXHAUSTED_PRIMALITY_UNASSIGNED,514,512,512,NO_RECORDED_FACTOR_PRP_OR_LL_RESULT_AND_NO_ACTIVE_GIMPS_ASSIGNMENT,2026-08-08T19:16:24+00:00,UNALLOCATED,,,,,
SLCMP700-1280,1280,1281,317314937,2^317314937-1,STRUCTURAL_SCREEN_EXHAUSTED_PRIMALITY_UNASSIGNED,GF3A_DIRECTIONAL_WRITE_EXHAUSTED_PRIMALITY_UNASSIGNED,513,512,512,NO_RECORDED_FACTOR_PRP_OR_LL_RESULT_AND_NO_ACTIVE_GIMPS_ASSIGNMENT,2026-08-08T19:16:24+00:00,UNALLOCATED,,,,,
SLCMP700-1281,1281,1282,317314973,2^317314973-1,STRUCTURAL_SCREEN_EXHAUSTED_PRIMALITY_UNASSIGNED,GF3A_DIRECTIONAL_WRITE_EXHAUSTED_PRIMALITY_UNASSIGNED,513,512,512,NO_RECORDED_FACTOR_PRP_OR_LL_RESULT_AND_NO_ACTIVE_GIMPS_ASSIGNMENT,2026-08-08T19:16:24+00:00,UNALLOCATED,,,,,
SLCMP700-1282,1282,1283,317314981,2^317314981-1,STRUCTURAL_SCREEN_EXHAUSTED_PRIMALITY_UNASSIGNED,GF3A_DIRECTIONAL_WRITE_EXHAUSTED_PRIMALITY_UNASSIGNED,513,512,512,NO_RECORDED_FACTOR_PRP_OR_LL_RESULT_AND_NO_ACTIVE_GIMPS_ASSIGNMENT,2026-08-08T19:16:24+00:00,UNALLOCATED,,,,,
SLCMP700-1283,1283,1284,317315003,2^317315003-1,STRUCTURAL_SCREEN_EXHAUSTED_PRIMALITY_UNASSIGNED,GF3A_DIRECTIONAL_WRITE_EXHAUSTED_PRIMALITY_UNASSIGNED,514,512,512,NO_RECORDED_FACTOR_PRP_OR_LL_RESULT_AND_NO_ACTIVE_GIMPS_ASSIGNMENT,2026-08-08T19:16:24+00:00,UNALLOCATED,,,,,
SLCMP700-1284,1284,1285,317315021,2^317315021-1,STRUCTURAL_SCREEN_EXHAUSTED_PRIMALITY_UNASSIGNED,GF3A_DIRECTIONAL_WRITE_EXHAUSTED_PRIMALITY_UNASSIGNED,513,512,512,NO_RECORDED_FACTOR_PRP_OR_LL_RESULT_AND_NO_ACTIVE_GIMPS_ASSIGNMENT,2026-08-08T19:16:24+00:00,UNALLOCATED,,,,,
SLCMP700-1285,1285,1286,317315069,2^317315069-1,STRUCTURAL_SCREEN_EXHAUSTED_PRIMALITY_UNASSIGNED,GF3A_DIRECTIONAL_WRITE_EXHAUSTED_PRIMALITY_UNASSIGNED,513,512,512,NO_RECORDED_FACTOR_PRP_OR_LL_RESULT_AND_NO_ACTIVE_GIMPS_ASSIGNMENT,2026-08-08T19:16:24+00:00,UNALLOCATED,,,,,
SLCMP700-1286,1286,1287,317315233,2^317315233-1,STRUCTURAL_SCREEN_EXHAUSTED_PRIMALITY_UNASSIGNED,GF3A_DIRECTIONAL_WRITE_EXHAUSTED_PRIMALITY_UNASSIGNED,513,512,512,NO_RECORDED_FACTOR_PRP_OR_LL_RESULT_AND_NO_ACTIVE_GIMPS_ASSIGNMENT,2026-08-08T19:16:24+00:00,UNALLOCATED,,,,,
SLCMP700-1287,1287,1288,317315249,2^317315249-1,STRUCTURAL_SCREEN_EXHAUSTED_PRIMALITY_UNASSIGNED,GF3A_DIRECTIONAL_WRITE_EXHAUSTED_PRIMALITY_UNASSIGNED,513,512,512,NO_RECORDED_FACTOR_PRP_OR_LL_RESULT_AND_NO_ACTIVE_GIMPS_ASSIGNMENT,2026-08-08T19:16:24+00:00,UNALLOCATED,,,,,
SLCMP700-1288,1288,1289,317315261,2^317315261-1,STRUCTURAL_SCREEN_EXHAUSTED_PRIMALITY_UNASSIGNED,GF3A_DIRECTIONAL_WRITE_EXHAUSTED_PRIMALITY_UNASSIGNED,513,512,512,NO_RECORDED_FACTOR_PRP_OR_LL_RESULT_AND_NO_ACTIVE_GIMPS_ASSIGNMENT,2026-08-08T19:16:24+00:00,UNALLOCATED,,,,,
SLCMP700-1289,1289,1290,317315461,2^317315461-1,STRUCTURAL_SCREEN_EXHAUSTED_PRIMALITY_UNASSIGNED,GF3A_DIRECTIONAL_WRITE_EXHAUSTED_PRIMALITY_UNASSIGNED,513,512,512,NO_RECORDED_FACTOR_PRP_OR_LL_RESULT_AND_NO_ACTIVE_GIMPS_ASSIGNMENT,2026-08-08T19:16:24+00:00,UNALLOCATED,,,,,
SLCMP700-1290,1290,1291,317315513,2^317315513-1,STRUCTURAL_SCREEN_EXHAUSTED_PRIMALITY_UNASSIGNED,GF3A_DIRECTIONAL_WRITE_EXHAUSTED_PRIMALITY_UNASSIGNED,513,512,512,NO_RECORDED_FACTOR_PRP_OR_LL_RESULT_AND_NO_ACTIVE_GIMPS_ASSIGNMENT,2026-08-08T19:16:24+00:00,UNALLOCATED,,,,,
SLCMP700-1291,1291,1292,317315563,2^317315563-1,STRUCTURAL_SCREEN_EXHAUSTED_PRIMALITY_UNASSIGNED,GF3A_DIRECTIONAL_WRITE_EXHAUSTED_PRIMALITY_UNASSIGNED,514,512,512,NO_RECORDED_FACTOR_PRP_OR_LL_RESULT_AND_NO_ACTIVE_GIMPS_ASSIGNMENT,2026-08-08T19:16:24+00:00,UNALLOCATED,,,,,
SLCMP700-1292,1292,1293,317315689,2^317315689-1,STRUCTURAL_SCREEN_EXHAUSTED_PRIMALITY_UNASSIGNED,GF3A_DIRECTIONAL_WRITE_EXHAUSTED_PRIMALITY_UNASSIGNED,513,512,512,NO_RECORDED_FACTOR_PRP_OR_LL_RESULT_AND_NO_ACTIVE_GIMPS_ASSIGNMENT,2026-08-08T19:16:24+00:00,UNALLOCATED,,,,,
SLCMP700-1293,1293,1294,317315821,2^317315821-1,STRUCTURAL_SCREEN_EXHAUSTED_PRIMALITY_UNASSIGNED,GF3A_DIRECTIONAL_WRITE_EXHAUSTED_PRIMALITY_UNASSIGNED,513,512,512,NO_RECORDED_FACTOR_PRP_OR_LL_RESULT_AND_NO_ACTIVE_GIMPS_ASSIGNMENT,2026-08-08T19:16:24+00:00,UNALLOCATED,,,,,
SLCMP700-1294,1294,1295,317315837,2^317315837-1,STRUCTURAL_SCREEN_EXHAUSTED_PRIMALITY_UNASSIGNED,GF3A_DIRECTIONAL_WRITE_EXHAUSTED_PRIMALITY_UNASSIGNED,513,512,512,NO_RECORDED_FACTOR_PRP_OR_LL_RESULT_AND_NO_ACTIVE_GIMPS_ASSIGNMENT,2026-08-08T19:16:24+00:00,UNALLOCATED,,,,,
SLCMP700-1295,1295,1296,317315881,2^317315881-1,STRUCTURAL_SCREEN_EXHAUSTED_PRIMALITY_UNASSIGNED,GF3A_DIRECTIONAL_WRITE_EXHAUSTED_PRIMALITY_UNASSIGNED,513,512,512,NO_RECORDED_FACTOR_PRP_OR_LL_RESULT_AND_NO_ACTIVE_GIMPS_ASSIGNMENT,2026-08-08T19:16:24+00:00,UNALLOCATED,,,,,
SLCMP700-1296,1296,1297,317315893,2^317315893-1,STRUCTURAL_SCREEN_EXHAUSTED_PRIMALITY_UNASSIGNED,GF3A_DIRECTIONAL_WRITE_EXHAUSTED_PRIMALITY_UNASSIGNED,513,512,512,NO_RECORDED_FACTOR_PRP_OR_LL_RESULT_AND_NO_ACTIVE_GIMPS_ASSIGNMENT,2026-08-08T19:16:24+00:00,UNALLOCATED,,,,,
SLCMP700-1297,1297,1298,317315899,2^317315899-1,STRUCTURAL_SCREEN_EXHAUSTED_PRIMALITY_UNASSIGNED,GF3A_DIRECTIONAL_WRITE_EXHAUSTED_PRIMALITY_UNASSIGNED,514,512,512,NO_RECORDED_FACTOR_PRP_OR_LL_RESULT_AND_NO_ACTIVE_GIMPS_ASSIGNMENT,2026-08-08T19:16:24+00:00,UNALLOCATED,,,,,
SLCMP700-1298,1298,1299,317315909,2^317315909-1,STRUCTURAL_SCREEN_EXHAUSTED_PRIMALITY_UNASSIGNED,GF3A_DIRECTIONAL_WRITE_EXHAUSTED_PRIMALITY_UNASSIGNED,513,512,512,NO_RECORDED_FACTOR_PRP_OR_LL_RESULT_AND_NO_ACTIVE_GIMPS_ASSIGNMENT,2026-08-08T19:16:24+00:00,UNALLOCATED,,,,,
SLCMP700-1299,1299,1300,317316001,2^317316001-1,STRUCTURAL_SCREEN_EXHAUSTED_PRIMALITY_UNASSIGNED,GF3A_DIRECTIONAL_WRITE_EXHAUSTED_PRIMALITY_UNASSIGNED,513,512,512,NO_RECORDED_FACTOR_PRP_OR_LL_RESULT_AND_NO_ACTIVE_GIMPS_ASSIGNMENT,2026-08-08T19:16:24+00:00,UNALLOCATED,,,,,
SLCMP700-1300,1300,1301,317316007,2^317316007-1,STRUCTURAL_SCREEN_EXHAUSTED_PRIMALITY_UNASSIGNED,GF3A_DIRECTIONAL_WRITE_EXHAUSTED_PRIMALITY_UNASSIGNED,514,512,512,NO_RECORDED_FACTOR_PRP_OR_LL_RESULT_AND_NO_ACTIVE_GIMPS_ASSIGNMENT,2026-08-08T19:16:24+00:00,UNALLOCATED,,,,,
SLCMP700-1301,1301,1302,317316127,2^317316127-1,STRUCTURAL_SCREEN_EXHAUSTED_PRIMALITY_UNASSIGNED,GF3A_DIRECTIONAL_WRITE_EXHAUSTED_PRIMALITY_UNASSIGNED,514,512,512,NO_RECORDED_FACTOR_PRP_OR_LL_RESULT_AND_NO_ACTIVE_GIMPS_ASSIGNMENT,2026-08-08T19:16:24+00:00,UNALLOCATED,,,,,
SLCMP700-1302,1302,1303,317316137,2^317316137-1,STRUCTURAL_SCREEN_EXHAUSTED_PRIMALITY_UNASSIGNED,GF3A_DIRECTIONAL_WRITE_EXHAUSTED_PRIMALITY_UNASSIGNED,513,512,512,NO_RECORDED_FACTOR_PRP_OR_LL_RESULT_AND_NO_ACTIVE_GIMPS_ASSIGNMENT,2026-08-08T19:16:24+00:00,UNALLOCATED,,,,,
SLCMP700-1303,1303,1304,317316143,2^317316143-1,STRUCTURAL_SCREEN_EXHAUSTED_PRIMALITY_UNASSIGNED,GF3A_DIRECTIONAL_WRITE_EXHAUSTED_PRIMALITY_UNASSIGNED,514,512,512,NO_RECORDED_FACTOR_PRP_OR_LL_RESULT_AND_NO_ACTIVE_GIMPS_ASSIGNMENT,2026-08-08T19:16:24+00:00,UNALLOCATED,,,,,
SLCMP700-1304,1304,1305,317316287,2^317316287-1,STRUCTURAL_SCREEN_EXHAUSTED_PRIMALITY_UNASSIGNED,GF3A_DIRECTIONAL_WRITE_EXHAUSTED_PRIMALITY_UNASSIGNED,514,512,512,NO_RECORDED_FACTOR_PRP_OR_LL_RESULT_AND_NO_ACTIVE_GIMPS_ASSIGNMENT,2026-08-08T19:16:24+00:00,UNALLOCATED,,,,,
SLCMP700-1305,1305,1306,317316367,2^317316367-1,STRUCTURAL_SCREEN_EXHAUSTED_PRIMALITY_UNASSIGNED,GF3A_DIRECTIONAL_WRITE_EXHAUSTED_PRIMALITY_UNASSIGNED,514,512,512,NO_RECORDED_FACTOR_PRP_OR_LL_RESULT_AND_NO_ACTIVE_GIMPS_ASSIGNMENT,2026-08-08T19:16:24+00:00,UNALLOCATED,,,,,
SLCMP700-1306,1306,1307,317316469,2^317316469-1,STRUCTURAL_SCREEN_EXHAUSTED_PRIMALITY_UNASSIGNED,GF3A_DIRECTIONAL_WRITE_EXHAUSTED_PRIMALITY_UNASSIGNED,513,512,512,NO_RECORDED_FACTOR_PRP_OR_LL_RESULT_AND_NO_ACTIVE_GIMPS_ASSIGNMENT,2026-08-08T19:16:24+00:00,UNALLOCATED,,,,,
SLCMP700-1307,1307,1308,317316539,2^317316539-1,STRUCTURAL_SCREEN_EXHAUSTED_PRIMALITY_UNASSIGNED,GF3A_DIRECTIONAL_WRITE_EXHAUSTED_PRIMALITY_UNASSIGNED,514,512,512,NO_RECORDED_FACTOR_PRP_OR_LL_RESULT_AND_NO_ACTIVE_GIMPS_ASSIGNMENT,2026-08-08T19:16:24+00:00,UNALLOCATED,,,,,
SLCMP700-1308,1308,1309,317316547,2^317316547-1,STRUCTURAL_SCREEN_EXHAUSTED_PRIMALITY_UNASSIGNED,GF3A_DIRECTIONAL_WRITE_EXHAUSTED_PRIMALITY_UNASSIGNED,514,512,512,NO_RECORDED_FACTOR_PRP_OR_LL_RESULT_AND_NO_ACTIVE_GIMPS_ASSIGNMENT,2026-08-08T19:16:24+00:00,UNALLOCATED,,,,,
SLCMP700-1309,1309,1310,317316557,2^317316557-1,STRUCTURAL_SCREEN_EXHAUSTED_PRIMALITY_UNASSIGNED,GF3A_DIRECTIONAL_WRITE_EXHAUSTED_PRIMALITY_UNASSIGNED,513,512,512,NO_RECORDED_FACTOR_PRP_OR_LL_RESULT_AND_NO_ACTIVE_GIMPS_ASSIGNMENT,2026-08-08T19:16:24+00:00,UNALLOCATED,,,,,
SLCMP700-1310,1310,1311,317316617,2^317316617-1,STRUCTURAL_SCREEN_EXHAUSTED_PRIMALITY_UNASSIGNED,GF3A_DIRECTIONAL_WRITE_EXHAUSTED_PRIMALITY_UNASSIGNED,513,512,512,NO_RECORDED_FACTOR_PRP_OR_LL_RESULT_AND_NO_ACTIVE_GIMPS_ASSIGNMENT,2026-08-08T19:16:24+00:00,UNALLOCATED,,,,,
SLCMP700-1311,1311,1312,317316631,2^317316631-1,STRUCTURAL_SCREEN_EXHAUSTED_PRIMALITY_UNASSIGNED,GF3A_DIRECTIONAL_WRITE_EXHAUSTED_PRIMALITY_UNASSIGNED,514,512,512,NO_RECORDED_FACTOR_PRP_OR_LL_RESULT_AND_NO_ACTIVE_GIMPS_ASSIGNMENT,2026-08-08T19:16:24+00:00,UNALLOCATED,,,,,
SLCMP700-1312,1312,1313,317316697,2^317316697-1,STRUCTURAL_SCREEN_EXHAUSTED_PRIMALITY_UNASSIGNED,GF3A_DIRECTIONAL_WRITE_EXHAUSTED_PRIMALITY_UNASSIGNED,513,512,512,NO_RECORDED_FACTOR_PRP_OR_LL_RESULT_AND_NO_ACTIVE_GIMPS_ASSIGNMENT,2026-08-08T19:16:24+00:00,UNALLOCATED,,,,,
SLCMP700-1313,1313,1314,317316707,2^317316707-1,STRUCTURAL_SCREEN_EXHAUSTED_PRIMALITY_UNASSIGNED,GF3A_DIRECTIONAL_WRITE_EXHAUSTED_PRIMALITY_UNASSIGNED,514,512,512,NO_RECORDED_FACTOR_PRP_OR_LL_RESULT_AND_NO_ACTIVE_GIMPS_ASSIGNMENT,2026-08-08T19:16:24+00:00,UNALLOCATED,,,,,
SLCMP700-1314,1314,1315,317316749,2^317316749-1,STRUCTURAL_SCREEN_EXHAUSTED_PRIMALITY_UNASSIGNED,GF3A_DIRECTIONAL_WRITE_EXHAUSTED_PRIMALITY_UNASSIGNED,513,512,512,NO_RECORDED_FACTOR_PRP_OR_LL_RESULT_AND_NO_ACTIVE_GIMPS_ASSIGNMENT,2026-08-08T19:16:24+00:00,UNALLOCATED,,,,,
SLCMP700-1315,1315,1316,317316761,2^317316761-1,STRUCTURAL_SCREEN_EXHAUSTED_PRIMALITY_UNASSIGNED,GF3A_DIRECTIONAL_WRITE_EXHAUSTED_PRIMALITY_UNASSIGNED,513,512,512,NO_RECORDED_FACTOR_PRP_OR_LL_RESULT_AND_NO_ACTIVE_GIMPS_ASSIGNMENT,2026-08-08T19:16:24+00:00,UNALLOCATED,,,,,
SLCMP700-1316,1316,1317,317316817,2^317316817-1,STRUCTURAL_SCREEN_EXHAUSTED_PRIMALITY_UNASSIGNED,GF3A_DIRECTIONAL_WRITE_EXHAUSTED_PRIMALITY_UNASSIGNED,513,512,512,NO_RECORDED_FACTOR_PRP_OR_LL_RESULT_AND_NO_ACTIVE_GIMPS_ASSIGNMENT,2026-08-08T19:16:24+00:00,UNALLOCATED,,,,,
SLCMP700-1317,1317,1318,317316829,2^317316829-1,STRUCTURAL_SCREEN_EXHAUSTED_PRIMALITY_UNASSIGNED,GF3A_DIRECTIONAL_WRITE_EXHAUSTED_PRIMALITY_UNASSIGNED,513,512,512,NO_RECORDED_FACTOR_PRP_OR_LL_RESULT_AND_NO_ACTIVE_GIMPS_ASSIGNMENT,2026-08-08T19:16:24+00:00,UNALLOCATED,,,,,
SLCMP700-1318,1318,1319,317316859,2^317316859-1,STRUCTURAL_SCREEN_EXHAUSTED_PRIMALITY_UNASSIGNED,GF3A_DIRECTIONAL_WRITE_EXHAUSTED_PRIMALITY_UNASSIGNED,514,512,512,NO_RECORDED_FACTOR_PRP_OR_LL_RESULT_AND_NO_ACTIVE_GIMPS_ASSIGNMENT,2026-08-08T19:16:24+00:00,UNALLOCATED,,,,,
SLCMP700-1319,1319,1320,317316889,2^317316889-1,STRUCTURAL_SCREEN_EXHAUSTED_PRIMALITY_UNASSIGNED,GF3A_DIRECTIONAL_WRITE_EXHAUSTED_PRIMALITY_UNASSIGNED,513,512,512,NO_RECORDED_FACTOR_PRP_OR_LL_RESULT_AND_NO_ACTIVE_GIMPS_ASSIGNMENT,2026-08-08T19:16:24+00:00,UNALLOCATED,,,,,
SLCMP700-1320,1320,1321,317316907,2^317316907-1,STRUCTURAL_SCREEN_EXHAUSTED_PRIMALITY_UNASSIGNED,GF3A_DIRECTIONAL_WRITE_EXHAUSTED_PRIMALITY_UNASSIGNED,514,512,512,NO_RECORDED_FACTOR_PRP_OR_LL_RESULT_AND_NO_ACTIVE_GIMPS_ASSIGNMENT,2026-08-08T19:16:24+00:00,UNALLOCATED,,,,,
SLCMP700-1321,1321,1322,317316919,2^317316919-1,STRUCTURAL_SCREEN_EXHAUSTED_PRIMALITY_UNASSIGNED,GF3A_DIRECTIONAL_WRITE_EXHAUSTED_PRIMALITY_UNASSIGNED,514,512,512,NO_RECORDED_FACTOR_PRP_OR_LL_RESULT_AND_NO_ACTIVE_GIMPS_ASSIGNMENT,2026-08-08T19:16:24+00:00,UNALLOCATED,,,,,
SLCMP700-1322,1322,1323,317316943,2^317316943-1,STRUCTURAL_SCREEN_EXHAUSTED_PRIMALITY_UNASSIGNED,GF3A_DIRECTIONAL_WRITE_EXHAUSTED_PRIMALITY_UNASSIGNED,514,512,512,NO_RECORDED_FACTOR_PRP_OR_LL_RESULT_AND_NO_ACTIVE_GIMPS_ASSIGNMENT,2026-08-08T19:16:24+00:00,UNALLOCATED,,,,,
SLCMP700-1323,1323,1324,317317001,2^317317001-1,STRUCTURAL_SCREEN_EXHAUSTED_PRIMALITY_UNASSIGNED,GF3A_DIRECTIONAL_WRITE_EXHAUSTED_PRIMALITY_UNASSIGNED,513,512,512,NO_RECORDED_FACTOR_PRP_OR_LL_RESULT_AND_NO_ACTIVE_GIMPS_ASSIGNMENT,2026-08-08T19:16:24+00:00,UNALLOCATED,,,,,
SLCMP700-1324,1324,1325,317317031,2^317317031-1,STRUCTURAL_SCREEN_EXHAUSTED_PRIMALITY_UNASSIGNED,GF3A_DIRECTIONAL_WRITE_EXHAUSTED_PRIMALITY_UNASSIGNED,514,512,512,NO_RECORDED_FACTOR_PRP_OR_LL_RESULT_AND_NO_ACTIVE_GIMPS_ASSIGNMENT,2026-08-08T19:16:24+00:00,UNALLOCATED,,,,,
SLCMP700-1325,1325,1326,317317139,2^317317139-1,STRUCTURAL_SCREEN_EXHAUSTED_PRIMALITY_UNASSIGNED,GF3A_DIRECTIONAL_WRITE_EXHAUSTED_PRIMALITY_UNASSIGNED,514,512,512,NO_RECORDED_FACTOR_PRP_OR_LL_RESULT_AND_NO_ACTIVE_GIMPS_ASSIGNMENT,2026-08-08T19:16:24+00:00,UNALLOCATED,,,,,
SLCMP700-1326,1326,1327,317317219,2^317317219-1,STRUCTURAL_SCREEN_EXHAUSTED_PRIMALITY_UNASSIGNED,GF3A_DIRECTIONAL_WRITE_EXHAUSTED_PRIMALITY_UNASSIGNED,514,512,512,NO_RECORDED_FACTOR_PRP_OR_LL_RESULT_AND_NO_ACTIVE_GIMPS_ASSIGNMENT,2026-08-08T19:16:24+00:00,UNALLOCATED,,,,,
SLCMP700-1327,1327,1328,317317243,2^317317243-1,STRUCTURAL_SCREEN_EXHAUSTED_PRIMALITY_UNASSIGNED,GF3A_DIRECTIONAL_WRITE_EXHAUSTED_PRIMALITY_UNASSIGNED,514,512,512,NO_RECORDED_FACTOR_PRP_OR_LL_RESULT_AND_NO_ACTIVE_GIMPS_ASSIGNMENT,2026-08-08T19:16:24+00:00,UNALLOCATED,,,,,
SLCMP700-1328,1328,1329,317317279,2^317317279-1,STRUCTURAL_SCREEN_EXHAUSTED_PRIMALITY_UNASSIGNED,GF3A_DIRECTIONAL_WRITE_EXHAUSTED_PRIMALITY_UNASSIGNED,514,512,512,NO_RECORDED_FACTOR_PRP_OR_LL_RESULT_AND_NO_ACTIVE_GIMPS_ASSIGNMENT,2026-08-08T19:16:24+00:00,UNALLOCATED,,,,,
SLCMP700-1329,1329,1330,317317337,2^317317337-1,STRUCTURAL_SCREEN_EXHAUSTED_PRIMALITY_UNASSIGNED,GF3A_DIRECTIONAL_WRITE_EXHAUSTED_PRIMALITY_UNASSIGNED,513,512,512,NO_RECORDED_FACTOR_PRP_OR_LL_RESULT_AND_NO_ACTIVE_GIMPS_ASSIGNMENT,2026-08-08T19:16:24+00:00,UNALLOCATED,,,,,
SLCMP700-1330,1330,1331,317317367,2^317317367-1,STRUCTURAL_SCREEN_EXHAUSTED_PRIMALITY_UNASSIGNED,GF3A_DIRECTIONAL_WRITE_EXHAUSTED_PRIMALITY_UNASSIGNED,514,512,512,NO_RECORDED_FACTOR_PRP_OR_LL_RESULT_AND_NO_ACTIVE_GIMPS_ASSIGNMENT,2026-08-08T19:16:24+00:00,UNALLOCATED,,,,,
SLCMP700-1331,1331,1332,317317477,2^317317477-1,STRUCTURAL_SCREEN_EXHAUSTED_PRIMALITY_UNASSIGNED,GF3A_DIRECTIONAL_WRITE_EXHAUSTED_PRIMALITY_UNASSIGNED,513,512,512,NO_RECORDED_FACTOR_PRP_OR_LL_RESULT_AND_NO_ACTIVE_GIMPS_ASSIGNMENT,2026-08-08T19:16:24+00:00,UNALLOCATED,,,,,
SLCMP700-1332,1332,1333,317317487,2^317317487-1,STRUCTURAL_SCREEN_EXHAUSTED_PRIMALITY_UNASSIGNED,GF3A_DIRECTIONAL_WRITE_EXHAUSTED_PRIMALITY_UNASSIGNED,514,512,512,NO_RECORDED_FACTOR_PRP_OR_LL_RESULT_AND_NO_ACTIVE_GIMPS_ASSIGNMENT,2026-08-08T19:16:24+00:00,UNALLOCATED,,,,,
SLCMP700-1333,1333,1334,317317603,2^317317603-1,STRUCTURAL_SCREEN_EXHAUSTED_PRIMALITY_UNASSIGNED,GF3A_DIRECTIONAL_WRITE_EXHAUSTED_PRIMALITY_UNASSIGNED,514,512,512,NO_RECORDED_FACTOR_PRP_OR_LL_RESULT_AND_NO_ACTIVE_GIMPS_ASSIGNMENT,2026-08-08T19:16:24+00:00,UNALLOCATED,,,,,
SLCMP700-1334,1334,1335,317317657,2^317317657-1,STRUCTURAL_SCREEN_EXHAUSTED_PRIMALITY_UNASSIGNED,GF3A_DIRECTIONAL_WRITE_EXHAUSTED_PRIMALITY_UNASSIGNED,513,512,512,NO_RECORDED_FACTOR_PRP_OR_LL_RESULT_AND_NO_ACTIVE_GIMPS_ASSIGNMENT,2026-08-08T19:16:24+00:00,UNALLOCATED,,,,,
SLCMP700-1335,1335,1336,317317667,2^317317667-1,STRUCTURAL_SCREEN_EXHAUSTED_PRIMALITY_UNASSIGNED,GF3A_DIRECTIONAL_WRITE_EXHAUSTED_PRIMALITY_UNASSIGNED,514,512,512,NO_RECORDED_FACTOR_PRP_OR_LL_RESULT_AND_NO_ACTIVE_GIMPS_ASSIGNMENT,2026-08-08T19:16:24+00:00,UNALLOCATED,,,,,
SLCMP700-1336,1336,1337,317317757,2^317317757-1,STRUCTURAL_SCREEN_EXHAUSTED_PRIMALITY_UNASSIGNED,GF3A_DIRECTIONAL_WRITE_EXHAUSTED_PRIMALITY_UNASSIGNED,513,512,512,NO_RECORDED_FACTOR_PRP_OR_LL_RESULT_AND_NO_ACTIVE_GIMPS_ASSIGNMENT,2026-08-08T19:16:24+00:00,UNALLOCATED,,,,,
SLCMP700-1337,1337,1338,317317789,2^317317789-1,STRUCTURAL_SCREEN_EXHAUSTED_PRIMALITY_UNASSIGNED,GF3A_DIRECTIONAL_WRITE_EXHAUSTED_PRIMALITY_UNASSIGNED,513,512,512,NO_RECORDED_FACTOR_PRP_OR_LL_RESULT_AND_NO_ACTIVE_GIMPS_ASSIGNMENT,2026-08-08T19:16:24+00:00,UNALLOCATED,,,,,
SLCMP700-1338,1338,1339,317317817,2^317317817-1,STRUCTURAL_SCREEN_EXHAUSTED_PRIMALITY_UNASSIGNED,GF3A_DIRECTIONAL_WRITE_EXHAUSTED_PRIMALITY_UNASSIGNED,513,512,512,NO_RECORDED_FACTOR_PRP_OR_LL_RESULT_AND_NO_ACTIVE_GIMPS_ASSIGNMENT,2026-08-08T19:16:24+00:00,UNALLOCATED,,,,,
SLCMP700-1339,1339,1340,317317843,2^317317843-1,STRUCTURAL_SCREEN_EXHAUSTED_PRIMALITY_UNASSIGNED,GF3A_DIRECTIONAL_WRITE_EXHAUSTED_PRIMALITY_UNASSIGNED,514,512,512,NO_RECORDED_FACTOR_PRP_OR_LL_RESULT_AND_NO_ACTIVE_GIMPS_ASSIGNMENT,2026-08-08T19:16:24+00:00,UNALLOCATED,,,,,
SLCMP700-1340,1340,1341,317317927,2^317317927-1,STRUCTURAL_SCREEN_EXHAUSTED_PRIMALITY_UNASSIGNED,GF3A_DIRECTIONAL_WRITE_EXHAUSTED_PRIMALITY_UNASSIGNED,514,512,512,NO_RECORDED_FACTOR_PRP_OR_LL_RESULT_AND_NO_ACTIVE_GIMPS_ASSIGNMENT,2026-08-08T19:16:24+00:00,UNALLOCATED,,,,,
SLCMP700-1341,1341,1342,317317981,2^317317981-1,STRUCTURAL_SCREEN_EXHAUSTED_PRIMALITY_UNASSIGNED,GF3A_DIRECTIONAL_WRITE_EXHAUSTED_PRIMALITY_UNASSIGNED,513,512,512,NO_RECORDED_FACTOR_PRP_OR_LL_RESULT_AND_NO_ACTIVE_GIMPS_ASSIGNMENT,2026-08-08T19:16:24+00:00,UNALLOCATED,,,,,
SLCMP700-1342,1342,1343,317318059,2^317318059-1,STRUCTURAL_SCREEN_EXHAUSTED_PRIMALITY_UNASSIGNED,GF3A_DIRECTIONAL_WRITE_EXHAUSTED_PRIMALITY_UNASSIGNED,514,512,512,NO_RECORDED_FACTOR_PRP_OR_LL_RESULT_AND_NO_ACTIVE_GIMPS_ASSIGNMENT,2026-08-08T19:16:24+00:00,UNALLOCATED,,,,,
SLCMP700-1343,1343,1344,317318123,2^317318123-1,STRUCTURAL_SCREEN_EXHAUSTED_PRIMALITY_UNASSIGNED,GF3A_DIRECTIONAL_WRITE_EXHAUSTED_PRIMALITY_UNASSIGNED,514,512,512,NO_RECORDED_FACTOR_PRP_OR_LL_RESULT_AND_NO_ACTIVE_GIMPS_ASSIGNMENT,2026-08-08T19:16:24+00:00,UNALLOCATED,,,,,
SLCMP700-1344,1344,1345,317318171,2^317318171-1,STRUCTURAL_SCREEN_EXHAUSTED_PRIMALITY_UNASSIGNED,GF3A_DIRECTIONAL_WRITE_EXHAUSTED_PRIMALITY_UNASSIGNED,514,512,512,NO_RECORDED_FACTOR_PRP_OR_LL_RESULT_AND_NO_ACTIVE_GIMPS_ASSIGNMENT,2026-08-08T19:16:24+00:00,UNALLOCATED,,,,,
SLCMP700-1345,1345,1346,317318173,2^317318173-1,STRUCTURAL_SCREEN_EXHAUSTED_PRIMALITY_UNASSIGNED,GF3A_DIRECTIONAL_WRITE_EXHAUSTED_PRIMALITY_UNASSIGNED,513,512,512,NO_RECORDED_FACTOR_PRP_OR_LL_RESULT_AND_NO_ACTIVE_GIMPS_ASSIGNMENT,2026-08-08T19:16:24+00:00,UNALLOCATED,,,,,
SLCMP700-1346,1346,1347,317318257,2^317318257-1,STRUCTURAL_SCREEN_EXHAUSTED_PRIMALITY_UNASSIGNED,GF3A_DIRECTIONAL_WRITE_EXHAUSTED_PRIMALITY_UNASSIGNED,513,512,512,NO_RECORDED_FACTOR_PRP_OR_LL_RESULT_AND_NO_ACTIVE_GIMPS_ASSIGNMENT,2026-08-08T19:16:24+00:00,UNALLOCATED,,,,,
SLCMP700-1347,1347,1348,317318269,2^317318269-1,STRUCTURAL_SCREEN_EXHAUSTED_PRIMALITY_UNASSIGNED,GF3A_DIRECTIONAL_WRITE_EXHAUSTED_PRIMALITY_UNASSIGNED,513,512,512,NO_RECORDED_FACTOR_PRP_OR_LL_RESULT_AND_NO_ACTIVE_GIMPS_ASSIGNMENT,2026-08-08T19:16:24+00:00,UNALLOCATED,,,,,
SLCMP700-1348,1348,1349,317318317,2^317318317-1,STRUCTURAL_SCREEN_EXHAUSTED_PRIMALITY_UNASSIGNED,GF3A_DIRECTIONAL_WRITE_EXHAUSTED_PRIMALITY_UNASSIGNED,513,512,512,NO_RECORDED_FACTOR_PRP_OR_LL_RESULT_AND_NO_ACTIVE_GIMPS_ASSIGNMENT,2026-08-08T19:16:24+00:00,UNALLOCATED,,,,,
SLCMP700-1349,1349,1350,317318359,2^317318359-1,STRUCTURAL_SCREEN_EXHAUSTED_PRIMALITY_UNASSIGNED,GF3A_DIRECTIONAL_WRITE_EXHAUSTED_PRIMALITY_UNASSIGNED,514,512,512,NO_RECORDED_FACTOR_PRP_OR_LL_RESULT_AND_NO_ACTIVE_GIMPS_ASSIGNMENT,2026-08-08T19:16:24+00:00,UNALLOCATED,,,,,
SLCMP700-1350,1350,1351,317318369,2^317318369-1,STRUCTURAL_SCREEN_EXHAUSTED_PRIMALITY_UNASSIGNED,GF3A_DIRECTIONAL_WRITE_EXHAUSTED_PRIMALITY_UNASSIGNED,513,512,512,NO_RECORDED_FACTOR_PRP_OR_LL_RESULT_AND_NO_ACTIVE_GIMPS_ASSIGNMENT,2026-08-08T19:16:24+00:00,UNALLOCATED,,,,,
SLCMP700-1351,1351,1352,317318429,2^317318429-1,STRUCTURAL_SCREEN_EXHAUSTED_PRIMALITY_UNASSIGNED,GF3A_DIRECTIONAL_WRITE_EXHAUSTED_PRIMALITY_UNASSIGNED,513,512,512,NO_RECORDED_FACTOR_PRP_OR_LL_RESULT_AND_NO_ACTIVE_GIMPS_ASSIGNMENT,2026-08-08T19:16:24+00:00,UNALLOCATED,,,,,
SLCMP700-1352,1352,1353,317318489,2^317318489-1,STRUCTURAL_SCREEN_EXHAUSTED_PRIMALITY_UNASSIGNED,GF3A_DIRECTIONAL_WRITE_EXHAUSTED_PRIMALITY_UNASSIGNED,513,512,512,NO_RECORDED_FACTOR_PRP_OR_LL_RESULT_AND_NO_ACTIVE_GIMPS_ASSIGNMENT,2026-08-08T19:16:24+00:00,UNALLOCATED,,,,,
SLCMP700-1353,1353,1354,317318647,2^317318647-1,STRUCTURAL_SCREEN_EXHAUSTED_PRIMALITY_UNASSIGNED,GF3A_DIRECTIONAL_WRITE_EXHAUSTED_PRIMALITY_UNASSIGNED,514,512,512,NO_RECORDED_FACTOR_PRP_OR_LL_RESULT_AND_NO_ACTIVE_GIMPS_ASSIGNMENT,2026-08-08T19:16:24+00:00,UNALLOCATED,,,,,
SLCMP700-1354,1354,1355,317318689,2^317318689-1,STRUCTURAL_SCREEN_EXHAUSTED_PRIMALITY_UNASSIGNED,GF3A_DIRECTIONAL_WRITE_EXHAUSTED_PRIMALITY_UNASSIGNED,513,512,512,NO_RECORDED_FACTOR_PRP_OR_LL_RESULT_AND_NO_ACTIVE_GIMPS_ASSIGNMENT,2026-08-08T19:16:24+00:00,UNALLOCATED,,,,,
SLCMP700-1355,1355,1356,317318723,2^317318723-1,STRUCTURAL_SCREEN_EXHAUSTED_PRIMALITY_UNASSIGNED,GF3A_DIRECTIONAL_WRITE_EXHAUSTED_PRIMALITY_UNASSIGNED,514,512,512,NO_RECORDED_FACTOR_PRP_OR_LL_RESULT_AND_NO_ACTIVE_GIMPS_ASSIGNMENT,2026-08-08T19:16:24+00:00,UNALLOCATED,,,,,
SLCMP700-1356,1356,1357,317318737,2^317318737-1,STRUCTURAL_SCREEN_EXHAUSTED_PRIMALITY_UNASSIGNED,GF3A_DIRECTIONAL_WRITE_EXHAUSTED_PRIMALITY_UNASSIGNED,513,512,512,NO_RECORDED_FACTOR_PRP_OR_LL_RESULT_AND_NO_ACTIVE_GIMPS_ASSIGNMENT,2026-08-08T19:16:24+00:00,UNALLOCATED,,,,,
SLCMP700-1357,1357,1358,317318773,2^317318773-1,STRUCTURAL_SCREEN_EXHAUSTED_PRIMALITY_UNASSIGNED,GF3A_DIRECTIONAL_WRITE_EXHAUSTED_PRIMALITY_UNASSIGNED,513,512,512,NO_RECORDED_FACTOR_PRP_OR_LL_RESULT_AND_NO_ACTIVE_GIMPS_ASSIGNMENT,2026-08-08T19:16:24+00:00,UNALLOCATED,,,,,
SLCMP700-1358,1358,1359,317318839,2^317318839-1,STRUCTURAL_SCREEN_EXHAUSTED_PRIMALITY_UNASSIGNED,GF3A_DIRECTIONAL_WRITE_EXHAUSTED_PRIMALITY_UNASSIGNED,514,512,512,NO_RECORDED_FACTOR_PRP_OR_LL_RESULT_AND_NO_ACTIVE_GIMPS_ASSIGNMENT,2026-08-08T19:16:24+00:00,UNALLOCATED,,,,,
SLCMP700-1359,1359,1360,317318921,2^317318921-1,STRUCTURAL_SCREEN_EXHAUSTED_PRIMALITY_UNASSIGNED,GF3A_DIRECTIONAL_WRITE_EXHAUSTED_PRIMALITY_UNASSIGNED,513,512,512,NO_RECORDED_FACTOR_PRP_OR_LL_RESULT_AND_NO_ACTIVE_GIMPS_ASSIGNMENT,2026-08-08T19:16:24+00:00,UNALLOCATED,,,,,
SLCMP700-1360,1360,1361,317318927,2^317318927-1,STRUCTURAL_SCREEN_EXHAUSTED_PRIMALITY_UNASSIGNED,GF3A_DIRECTIONAL_WRITE_EXHAUSTED_PRIMALITY_UNASSIGNED,514,512,512,NO_RECORDED_FACTOR_PRP_OR_LL_RESULT_AND_NO_ACTIVE_GIMPS_ASSIGNMENT,2026-08-08T19:16:24+00:00,UNALLOCATED,,,,,
SLCMP700-1361,1361,1362,317318941,2^317318941-1,STRUCTURAL_SCREEN_EXHAUSTED_PRIMALITY_UNASSIGNED,GF3A_DIRECTIONAL_WRITE_EXHAUSTED_PRIMALITY_UNASSIGNED,513,512,512,NO_RECORDED_FACTOR_PRP_OR_LL_RESULT_AND_NO_ACTIVE_GIMPS_ASSIGNMENT,2026-08-08T19:16:24+00:00,UNALLOCATED,,,,,
SLCMP700-1362,1362,1363,317318977,2^317318977-1,STRUCTURAL_SCREEN_EXHAUSTED_PRIMALITY_UNASSIGNED,GF3A_DIRECTIONAL_WRITE_EXHAUSTED_PRIMALITY_UNASSIGNED,513,512,512,NO_RECORDED_FACTOR_PRP_OR_LL_RESULT_AND_NO_ACTIVE_GIMPS_ASSIGNMENT,2026-08-08T19:16:24+00:00,UNALLOCATED,,,,,
SLCMP700-1363,1363,1364,317319031,2^317319031-1,STRUCTURAL_SCREEN_EXHAUSTED_PRIMALITY_UNASSIGNED,GF3A_DIRECTIONAL_WRITE_EXHAUSTED_PRIMALITY_UNASSIGNED,514,512,512,NO_RECORDED_FACTOR_PRP_OR_LL_RESULT_AND_NO_ACTIVE_GIMPS_ASSIGNMENT,2026-08-08T19:16:24+00:00,UNALLOCATED,,,,,
SLCMP700-1364,1364,1365,317319077,2^317319077-1,STRUCTURAL_SCREEN_EXHAUSTED_PRIMALITY_UNASSIGNED,GF3A_DIRECTIONAL_WRITE_EXHAUSTED_PRIMALITY_UNASSIGNED,513,512,512,NO_RECORDED_FACTOR_PRP_OR_LL_RESULT_AND_NO_ACTIVE_GIMPS_ASSIGNMENT,2026-08-08T19:16:24+00:00,UNALLOCATED,,,,,
SLCMP700-1365,1365,1366,317319181,2^317319181-1,STRUCTURAL_SCREEN_EXHAUSTED_PRIMALITY_UNASSIGNED,GF3A_DIRECTIONAL_WRITE_EXHAUSTED_PRIMALITY_UNASSIGNED,513,512,512,NO_RECORDED_FACTOR_PRP_OR_LL_RESULT_AND_NO_ACTIVE_GIMPS_ASSIGNMENT,2026-08-08T19:16:24+00:00,UNALLOCATED,,,,,
SLCMP700-1366,1366,1367,317319203,2^317319203-1,STRUCTURAL_SCREEN_EXHAUSTED_PRIMALITY_UNASSIGNED,GF3A_DIRECTIONAL_WRITE_EXHAUSTED_PRIMALITY_UNASSIGNED,514,512,512,NO_RECORDED_FACTOR_PRP_OR_LL_RESULT_AND_NO_ACTIVE_GIMPS_ASSIGNMENT,2026-08-08T19:16:24+00:00,UNALLOCATED,,,,,
SLCMP700-1367,1367,1368,317319239,2^317319239-1,STRUCTURAL_SCREEN_EXHAUSTED_PRIMALITY_UNASSIGNED,GF3A_DIRECTIONAL_WRITE_EXHAUSTED_PRIMALITY_UNASSIGNED,514,512,512,NO_RECORDED_FACTOR_PRP_OR_LL_RESULT_AND_NO_ACTIVE_GIMPS_ASSIGNMENT,2026-08-08T19:16:24+00:00,UNALLOCATED,,,,,
SLCMP700-1368,1368,1369,317319257,2^317319257-1,STRUCTURAL_SCREEN_EXHAUSTED_PRIMALITY_UNASSIGNED,GF3A_DIRECTIONAL_WRITE_EXHAUSTED_PRIMALITY_UNASSIGNED,513,512,512,NO_RECORDED_FACTOR_PRP_OR_LL_RESULT_AND_NO_ACTIVE_GIMPS_ASSIGNMENT,2026-08-08T19:16:24+00:00,UNALLOCATED,,,,,
SLCMP700-1369,1369,1370,317319259,2^317319259-1,STRUCTURAL_SCREEN_EXHAUSTED_PRIMALITY_UNASSIGNED,GF3A_DIRECTIONAL_WRITE_EXHAUSTED_PRIMALITY_UNASSIGNED,514,512,512,NO_RECORDED_FACTOR_PRP_OR_LL_RESULT_AND_NO_ACTIVE_GIMPS_ASSIGNMENT,2026-08-08T19:16:24+00:00,UNALLOCATED,,,,,
SLCMP700-1370,1370,1371,317319397,2^317319397-1,STRUCTURAL_SCREEN_EXHAUSTED_PRIMALITY_UNASSIGNED,GF3A_DIRECTIONAL_WRITE_EXHAUSTED_PRIMALITY_UNASSIGNED,513,512,512,NO_RECORDED_FACTOR_PRP_OR_LL_RESULT_AND_NO_ACTIVE_GIMPS_ASSIGNMENT,2026-08-08T19:16:24+00:00,UNALLOCATED,,,,,
SLCMP700-1371,1371,1372,317319407,2^317319407-1,STRUCTURAL_SCREEN_EXHAUSTED_PRIMALITY_UNASSIGNED,GF3A_DIRECTIONAL_WRITE_EXHAUSTED_PRIMALITY_UNASSIGNED,514,512,512,NO_RECORDED_FACTOR_PRP_OR_LL_RESULT_AND_NO_ACTIVE_GIMPS_ASSIGNMENT,2026-08-08T19:16:24+00:00,UNALLOCATED,,,,,
SLCMP700-1372,1372,1373,317319547,2^317319547-1,STRUCTURAL_SCREEN_EXHAUSTED_PRIMALITY_UNASSIGNED,GF3A_DIRECTIONAL_WRITE_EXHAUSTED_PRIMALITY_UNASSIGNED,514,512,512,NO_RECORDED_FACTOR_PRP_OR_LL_RESULT_AND_NO_ACTIVE_GIMPS_ASSIGNMENT,2026-08-08T19:16:24+00:00,UNALLOCATED,,,,,
SLCMP700-1373,1373,1374,317319553,2^317319553-1,STRUCTURAL_SCREEN_EXHAUSTED_PRIMALITY_UNASSIGNED,GF3A_DIRECTIONAL_WRITE_EXHAUSTED_PRIMALITY_UNASSIGNED,513,512,512,NO_RECORDED_FACTOR_PRP_OR_LL_RESULT_AND_NO_ACTIVE_GIMPS_ASSIGNMENT,2026-08-08T19:16:24+00:00,UNALLOCATED,,,,,
SLCMP700-1374,1374,1375,317319559,2^317319559-1,STRUCTURAL_SCREEN_EXHAUSTED_PRIMALITY_UNASSIGNED,GF3A_DIRECTIONAL_WRITE_EXHAUSTED_PRIMALITY_UNASSIGNED,514,512,512,NO_RECORDED_FACTOR_PRP_OR_LL_RESULT_AND_NO_ACTIVE_GIMPS_ASSIGNMENT,2026-08-08T19:16:24+00:00,UNALLOCATED,,,,,
SLCMP700-1375,1375,1376,317319593,2^317319593-1,STRUCTURAL_SCREEN_EXHAUSTED_PRIMALITY_UNASSIGNED,GF3A_DIRECTIONAL_WRITE_EXHAUSTED_PRIMALITY_UNASSIGNED,513,512,512,NO_RECORDED_FACTOR_PRP_OR_LL_RESULT_AND_NO_ACTIVE_GIMPS_ASSIGNMENT,2026-08-08T19:16:24+00:00,UNALLOCATED,,,,,
SLCMP700-1376,1376,1377,317319647,2^317319647-1,STRUCTURAL_SCREEN_EXHAUSTED_PRIMALITY_UNASSIGNED,GF3A_DIRECTIONAL_WRITE_EXHAUSTED_PRIMALITY_UNASSIGNED,514,512,512,NO_RECORDED_FACTOR_PRP_OR_LL_RESULT_AND_NO_ACTIVE_GIMPS_ASSIGNMENT,2026-08-08T19:16:24+00:00,UNALLOCATED,,,,,
SLCMP700-1377,1377,1378,317319677,2^317319677-1,STRUCTURAL_SCREEN_EXHAUSTED_PRIMALITY_UNASSIGNED,GF3A_DIRECTIONAL_WRITE_EXHAUSTED_PRIMALITY_UNASSIGNED,513,512,512,NO_RECORDED_FACTOR_PRP_OR_LL_RESULT_AND_NO_ACTIVE_GIMPS_ASSIGNMENT,2026-08-08T19:16:24+00:00,UNALLOCATED,,,,,
SLCMP700-1378,1378,1379,317319791,2^317319791-1,STRUCTURAL_SCREEN_EXHAUSTED_PRIMALITY_UNASSIGNED,GF3A_DIRECTIONAL_WRITE_EXHAUSTED_PRIMALITY_UNASSIGNED,514,512,512,NO_RECORDED_FACTOR_PRP_OR_LL_RESULT_AND_NO_ACTIVE_GIMPS_ASSIGNMENT,2026-08-08T19:16:24+00:00,UNALLOCATED,,,,,
SLCMP700-1379,1379,1380,317319809,2^317319809-1,STRUCTURAL_SCREEN_EXHAUSTED_PRIMALITY_UNASSIGNED,GF3A_DIRECTIONAL_WRITE_EXHAUSTED_PRIMALITY_UNASSIGNED,513,512,512,NO_RECORDED_FACTOR_PRP_OR_LL_RESULT_AND_NO_ACTIVE_GIMPS_ASSIGNMENT,2026-08-08T19:16:24+00:00,UNALLOCATED,,,,,
SLCMP700-1380,1380,1381,317319829,2^317319829-1,STRUCTURAL_SCREEN_EXHAUSTED_PRIMALITY_UNASSIGNED,GF3A_DIRECTIONAL_WRITE_EXHAUSTED_PRIMALITY_UNASSIGNED,513,512,512,NO_RECORDED_FACTOR_PRP_OR_LL_RESULT_AND_NO_ACTIVE_GIMPS_ASSIGNMENT,2026-08-08T19:16:24+00:00,UNALLOCATED,,,,,
SLCMP700-1381,1381,1382,317319901,2^317319901-1,STRUCTURAL_SCREEN_EXHAUSTED_PRIMALITY_UNASSIGNED,GF3A_DIRECTIONAL_WRITE_EXHAUSTED_PRIMALITY_UNASSIGNED,513,512,512,NO_RECORDED_FACTOR_PRP_OR_LL_RESULT_AND_NO_ACTIVE_GIMPS_ASSIGNMENT,2026-08-08T19:16:24+00:00,UNALLOCATED,,,,,
SLCMP700-1382,1382,1383,317319913,2^317319913-1,STRUCTURAL_SCREEN_EXHAUSTED_PRIMALITY_UNASSIGNED,GF3A_DIRECTIONAL_WRITE_EXHAUSTED_PRIMALITY_UNASSIGNED,513,512,512,NO_RECORDED_FACTOR_PRP_OR_LL_RESULT_AND_NO_ACTIVE_GIMPS_ASSIGNMENT,2026-08-08T19:16:24+00:00,UNALLOCATED,,,,,
SLCMP700-1383,1383,1384,317319953,2^317319953-1,STRUCTURAL_SCREEN_EXHAUSTED_PRIMALITY_UNASSIGNED,GF3A_DIRECTIONAL_WRITE_EXHAUSTED_PRIMALITY_UNASSIGNED,513,512,512,NO_RECORDED_FACTOR_PRP_OR_LL_RESULT_AND_NO_ACTIVE_GIMPS_ASSIGNMENT,2026-08-08T19:16:24+00:00,UNALLOCATED,,,,,
SLCMP700-1384,1384,1385,317319967,2^317319967-1,STRUCTURAL_SCREEN_EXHAUSTED_PRIMALITY_UNASSIGNED,GF3A_DIRECTIONAL_WRITE_EXHAUSTED_PRIMALITY_UNASSIGNED,514,512,512,NO_RECORDED_FACTOR_PRP_OR_LL_RESULT_AND_NO_ACTIVE_GIMPS_ASSIGNMENT,2026-08-08T19:16:24+00:00,UNALLOCATED,,,,,
SLCMP700-1385,1385,1386,317320183,2^317320183-1,STRUCTURAL_SCREEN_EXHAUSTED_PRIMALITY_UNASSIGNED,GF3A_DIRECTIONAL_WRITE_EXHAUSTED_PRIMALITY_UNASSIGNED,514,512,512,NO_RECORDED_FACTOR_PRP_OR_LL_RESULT_AND_NO_ACTIVE_GIMPS_ASSIGNMENT,2026-08-08T19:16:24+00:00,UNALLOCATED,,,,,
SLCMP700-1386,1386,1387,317320261,2^317320261-1,STRUCTURAL_SCREEN_EXHAUSTED_PRIMALITY_UNASSIGNED,GF3A_DIRECTIONAL_WRITE_EXHAUSTED_PRIMALITY_UNASSIGNED,513,512,512,NO_RECORDED_FACTOR_PRP_OR_LL_RESULT_AND_NO_ACTIVE_GIMPS_ASSIGNMENT,2026-08-08T19:16:24+00:00,UNALLOCATED,,,,,
SLCMP700-1387,1387,1388,317320427,2^317320427-1,STRUCTURAL_SCREEN_EXHAUSTED_PRIMALITY_UNASSIGNED,GF3A_DIRECTIONAL_WRITE_EXHAUSTED_PRIMALITY_UNASSIGNED,514,512,512,NO_RECORDED_FACTOR_PRP_OR_LL_RESULT_AND_NO_ACTIVE_GIMPS_ASSIGNMENT,2026-08-08T19:16:24+00:00,UNALLOCATED,,,,,
SLCMP700-1388,1388,1389,317320477,2^317320477-1,STRUCTURAL_SCREEN_EXHAUSTED_PRIMALITY_UNASSIGNED,GF3A_DIRECTIONAL_WRITE_EXHAUSTED_PRIMALITY_UNASSIGNED,513,512,512,NO_RECORDED_FACTOR_PRP_OR_LL_RESULT_AND_NO_ACTIVE_GIMPS_ASSIGNMENT,2026-08-08T19:16:24+00:00,UNALLOCATED,,,,,
SLCMP700-1389,1389,1390,317320483,2^317320483-1,STRUCTURAL_SCREEN_EXHAUSTED_PRIMALITY_UNASSIGNED,GF3A_DIRECTIONAL_WRITE_EXHAUSTED_PRIMALITY_UNASSIGNED,514,512,512,NO_RECORDED_FACTOR_PRP_OR_LL_RESULT_AND_NO_ACTIVE_GIMPS_ASSIGNMENT,2026-08-08T19:16:24+00:00,UNALLOCATED,,,,,
SLCMP700-1390,1390,1391,317320517,2^317320517-1,STRUCTURAL_SCREEN_EXHAUSTED_PRIMALITY_UNASSIGNED,GF3A_DIRECTIONAL_WRITE_EXHAUSTED_PRIMALITY_UNASSIGNED,513,512,512,NO_RECORDED_FACTOR_PRP_OR_LL_RESULT_AND_NO_ACTIVE_GIMPS_ASSIGNMENT,2026-08-08T19:16:24+00:00,UNALLOCATED,,,,,
SLCMP700-1391,1391,1392,317320543,2^317320543-1,STRUCTURAL_SCREEN_EXHAUSTED_PRIMALITY_UNASSIGNED,GF3A_DIRECTIONAL_WRITE_EXHAUSTED_PRIMALITY_UNASSIGNED,514,512,512,NO_RECORDED_FACTOR_PRP_OR_LL_RESULT_AND_NO_ACTIVE_GIMPS_ASSIGNMENT,2026-08-08T19:16:24+00:00,UNALLOCATED,,,,,
SLCMP700-1392,1392,1393,317320567,2^317320567-1,STRUCTURAL_SCREEN_EXHAUSTED_PRIMALITY_UNASSIGNED,GF3A_DIRECTIONAL_WRITE_EXHAUSTED_PRIMALITY_UNASSIGNED,514,512,512,NO_RECORDED_FACTOR_PRP_OR_LL_RESULT_AND_NO_ACTIVE_GIMPS_ASSIGNMENT,2026-08-08T19:16:24+00:00,UNALLOCATED,,,,,
SLCMP700-1393,1393,1394,317320631,2^317320631-1,STRUCTURAL_SCREEN_EXHAUSTED_PRIMALITY_UNASSIGNED,GF3A_DIRECTIONAL_WRITE_EXHAUSTED_PRIMALITY_UNASSIGNED,514,512,512,NO_RECORDED_FACTOR_PRP_OR_LL_RESULT_AND_NO_ACTIVE_GIMPS_ASSIGNMENT,2026-08-08T19:16:24+00:00,UNALLOCATED,,,,,
SLCMP700-1394,1394,1395,317320637,2^317320637-1,STRUCTURAL_SCREEN_EXHAUSTED_PRIMALITY_UNASSIGNED,GF3A_DIRECTIONAL_WRITE_EXHAUSTED_PRIMALITY_UNASSIGNED,513,512,512,NO_RECORDED_FACTOR_PRP_OR_LL_RESULT_AND_NO_ACTIVE_GIMPS_ASSIGNMENT,2026-08-08T19:16:24+00:00,UNALLOCATED,,,,,
SLCMP700-1395,1395,1396,317320721,2^317320721-1,STRUCTURAL_SCREEN_EXHAUSTED_PRIMALITY_UNASSIGNED,GF3A_DIRECTIONAL_WRITE_EXHAUSTED_PRIMALITY_UNASSIGNED,513,512,512,NO_RECORDED_FACTOR_PRP_OR_LL_RESULT_AND_NO_ACTIVE_GIMPS_ASSIGNMENT,2026-08-08T19:16:24+00:00,UNALLOCATED,,,,,
SLCMP700-1396,1396,1397,317320723,2^317320723-1,STRUCTURAL_SCREEN_EXHAUSTED_PRIMALITY_UNASSIGNED,GF3A_DIRECTIONAL_WRITE_EXHAUSTED_PRIMALITY_UNASSIGNED,514,512,512,NO_RECORDED_FACTOR_PRP_OR_LL_RESULT_AND_NO_ACTIVE_GIMPS_ASSIGNMENT,2026-08-08T19:16:24+00:00,UNALLOCATED,,,,,
SLCMP700-1397,1397,1398,317320753,2^317320753-1,STRUCTURAL_SCREEN_EXHAUSTED_PRIMALITY_UNASSIGNED,GF3A_DIRECTIONAL_WRITE_EXHAUSTED_PRIMALITY_UNASSIGNED,513,512,512,NO_RECORDED_FACTOR_PRP_OR_LL_RESULT_AND_NO_ACTIVE_GIMPS_ASSIGNMENT,2026-08-08T19:16:24+00:00,UNALLOCATED,,,,,
SLCMP700-1398,1398,1399,317320799,2^317320799-1,STRUCTURAL_SCREEN_EXHAUSTED_PRIMALITY_UNASSIGNED,GF3A_DIRECTIONAL_WRITE_EXHAUSTED_PRIMALITY_UNASSIGNED,514,512,512,NO_RECORDED_FACTOR_PRP_OR_LL_RESULT_AND_NO_ACTIVE_GIMPS_ASSIGNMENT,2026-08-08T19:16:24+00:00,UNALLOCATED,,,,,
SLCMP700-1399,1399,1400,317320943,2^317320943-1,STRUCTURAL_SCREEN_EXHAUSTED_PRIMALITY_UNASSIGNED,GF3A_DIRECTIONAL_WRITE_EXHAUSTED_PRIMALITY_UNASSIGNED,514,512,512,NO_RECORDED_FACTOR_PRP_OR_LL_RESULT_AND_NO_ACTIVE_GIMPS_ASSIGNMENT,2026-08-08T19:16:24+00:00,UNALLOCATED,,,,,
SLCMP700-1400,1400,1401,317321003,2^317321003-1,STRUCTURAL_SCREEN_EXHAUSTED_PRIMALITY_UNASSIGNED,GF3A_DIRECTIONAL_WRITE_EXHAUSTED_PRIMALITY_UNASSIGNED,514,512,512,NO_RECORDED_FACTOR_PRP_OR_LL_RESULT_AND_NO_ACTIVE_GIMPS_ASSIGNMENT,2026-08-08T19:16:24+00:00,UNALLOCATED,,,,,
SLCMP700-1401,1401,1402,317321101,2^317321101-1,STRUCTURAL_SCREEN_EXHAUSTED_PRIMALITY_UNASSIGNED,GF3A_DIRECTIONAL_WRITE_EXHAUSTED_PRIMALITY_UNASSIGNED,513,512,512,NO_RECORDED_FACTOR_PRP_OR_LL_RESULT_AND_NO_ACTIVE_GIMPS_ASSIGNMENT,2026-08-08T19:16:24+00:00,UNALLOCATED,,,,,
SLCMP700-1402,1402,1403,317321107,2^317321107-1,STRUCTURAL_SCREEN_EXHAUSTED_PRIMALITY_UNASSIGNED,GF3A_DIRECTIONAL_WRITE_EXHAUSTED_PRIMALITY_UNASSIGNED,514,512,512,NO_RECORDED_FACTOR_PRP_OR_LL_RESULT_AND_NO_ACTIVE_GIMPS_ASSIGNMENT,2026-08-08T19:16:24+00:00,UNALLOCATED,,,,,
SLCMP700-1403,1403,1404,317321141,2^317321141-1,STRUCTURAL_SCREEN_EXHAUSTED_PRIMALITY_UNASSIGNED,GF3A_DIRECTIONAL_WRITE_EXHAUSTED_PRIMALITY_UNASSIGNED,513,512,512,NO_RECORDED_FACTOR_PRP_OR_LL_RESULT_AND_NO_ACTIVE_GIMPS_ASSIGNMENT,2026-08-08T19:16:24+00:00,UNALLOCATED,,,,,
SLCMP700-1404,1404,1405,317321153,2^317321153-1,STRUCTURAL_SCREEN_EXHAUSTED_PRIMALITY_UNASSIGNED,GF3A_DIRECTIONAL_WRITE_EXHAUSTED_PRIMALITY_UNASSIGNED,513,512,512,NO_RECORDED_FACTOR_PRP_OR_LL_RESULT_AND_NO_ACTIVE_GIMPS_ASSIGNMENT,2026-08-08T19:16:24+00:00,UNALLOCATED,,,,,
SLCMP700-1405,1405,1406,317321203,2^317321203-1,STRUCTURAL_SCREEN_EXHAUSTED_PRIMALITY_UNASSIGNED,GF3A_DIRECTIONAL_WRITE_EXHAUSTED_PRIMALITY_UNASSIGNED,514,512,512,NO_RECORDED_FACTOR_PRP_OR_LL_RESULT_AND_NO_ACTIVE_GIMPS_ASSIGNMENT,2026-08-08T19:16:24+00:00,UNALLOCATED,,,,,
SLCMP700-1406,1406,1407,317321341,2^317321341-1,STRUCTURAL_SCREEN_EXHAUSTED_PRIMALITY_UNASSIGNED,GF3A_DIRECTIONAL_WRITE_EXHAUSTED_PRIMALITY_UNASSIGNED,513,512,512,NO_RECORDED_FACTOR_PRP_OR_LL_RESULT_AND_NO_ACTIVE_GIMPS_ASSIGNMENT,2026-08-08T19:16:24+00:00,UNALLOCATED,,,,,
SLCMP700-1407,1407,1408,317321353,2^317321353-1,STRUCTURAL_SCREEN_EXHAUSTED_PRIMALITY_UNASSIGNED,GF3A_DIRECTIONAL_WRITE_EXHAUSTED_PRIMALITY_UNASSIGNED,513,512,512,NO_RECORDED_FACTOR_PRP_OR_LL_RESULT_AND_NO_ACTIVE_GIMPS_ASSIGNMENT,2026-08-08T19:16:24+00:00,UNALLOCATED,,,,,
SLCMP700-1408,1408,1409,317321377,2^317321377-1,STRUCTURAL_SCREEN_EXHAUSTED_PRIMALITY_UNASSIGNED,GF3A_DIRECTIONAL_WRITE_EXHAUSTED_PRIMALITY_UNASSIGNED,513,512,512,NO_RECORDED_FACTOR_PRP_OR_LL_RESULT_AND_NO_ACTIVE_GIMPS_ASSIGNMENT,2026-08-08T19:16:24+00:00,UNALLOCATED,,,,,
SLCMP700-1409,1409,1410,317321429,2^317321429-1,STRUCTURAL_SCREEN_EXHAUSTED_PRIMALITY_UNASSIGNED,GF3A_DIRECTIONAL_WRITE_EXHAUSTED_PRIMALITY_UNASSIGNED,513,512,512,NO_RECORDED_FACTOR_PRP_OR_LL_RESULT_AND_NO_ACTIVE_GIMPS_ASSIGNMENT,2026-08-08T19:16:24+00:00,UNALLOCATED,,,,,
SLCMP700-1410,1410,1411,317321453,2^317321453-1,STRUCTURAL_SCREEN_EXHAUSTED_PRIMALITY_UNASSIGNED,GF3A_DIRECTIONAL_WRITE_EXHAUSTED_PRIMALITY_UNASSIGNED,513,512,512,NO_RECORDED_FACTOR_PRP_OR_LL_RESULT_AND_NO_ACTIVE_GIMPS_ASSIGNMENT,2026-08-08T19:16:24+00:00,UNALLOCATED,,,,,
SLCMP700-1411,1411,1412,317321483,2^317321483-1,STRUCTURAL_SCREEN_EXHAUSTED_PRIMALITY_UNASSIGNED,GF3A_DIRECTIONAL_WRITE_EXHAUSTED_PRIMALITY_UNASSIGNED,514,512,512,NO_RECORDED_FACTOR_PRP_OR_LL_RESULT_AND_NO_ACTIVE_GIMPS_ASSIGNMENT,2026-08-08T19:16:24+00:00,UNALLOCATED,,,,,
SLCMP700-1412,1412,1413,317321503,2^317321503-1,STRUCTURAL_SCREEN_EXHAUSTED_PRIMALITY_UNASSIGNED,GF3A_DIRECTIONAL_WRITE_EXHAUSTED_PRIMALITY_UNASSIGNED,514,512,512,NO_RECORDED_FACTOR_PRP_OR_LL_RESULT_AND_NO_ACTIVE_GIMPS_ASSIGNMENT,2026-08-08T19:16:24+00:00,UNALLOCATED,,,,,
SLCMP700-1413,1413,1414,317321561,2^317321561-1,STRUCTURAL_SCREEN_EXHAUSTED_PRIMALITY_UNASSIGNED,GF3A_DIRECTIONAL_WRITE_EXHAUSTED_PRIMALITY_UNASSIGNED,513,512,512,NO_RECORDED_FACTOR_PRP_OR_LL_RESULT_AND_NO_ACTIVE_GIMPS_ASSIGNMENT,2026-08-08T19:16:24+00:00,UNALLOCATED,,,,,
SLCMP700-1414,1414,1415,317321569,2^317321569-1,STRUCTURAL_SCREEN_EXHAUSTED_PRIMALITY_UNASSIGNED,GF3A_DIRECTIONAL_WRITE_EXHAUSTED_PRIMALITY_UNASSIGNED,513,512,512,NO_RECORDED_FACTOR_PRP_OR_LL_RESULT_AND_NO_ACTIVE_GIMPS_ASSIGNMENT,2026-08-08T19:16:24+00:00,UNALLOCATED,,,,,
SLCMP700-1415,1415,1416,317321621,2^317321621-1,STRUCTURAL_SCREEN_EXHAUSTED_PRIMALITY_UNASSIGNED,GF3A_DIRECTIONAL_WRITE_EXHAUSTED_PRIMALITY_UNASSIGNED,513,512,512,NO_RECORDED_FACTOR_PRP_OR_LL_RESULT_AND_NO_ACTIVE_GIMPS_ASSIGNMENT,2026-08-08T19:16:24+00:00,UNALLOCATED,,,,,
SLCMP700-1416,1416,1417,317321701,2^317321701-1,STRUCTURAL_SCREEN_EXHAUSTED_PRIMALITY_UNASSIGNED,GF3A_DIRECTIONAL_WRITE_EXHAUSTED_PRIMALITY_UNASSIGNED,513,512,512,NO_RECORDED_FACTOR_PRP_OR_LL_RESULT_AND_NO_ACTIVE_GIMPS_ASSIGNMENT,2026-08-08T19:16:24+00:00,UNALLOCATED,,,,,
SLCMP700-1417,1417,1418,317321747,2^317321747-1,STRUCTURAL_SCREEN_EXHAUSTED_PRIMALITY_UNASSIGNED,GF3A_DIRECTIONAL_WRITE_EXHAUSTED_PRIMALITY_UNASSIGNED,514,512,512,NO_RECORDED_FACTOR_PRP_OR_LL_RESULT_AND_NO_ACTIVE_GIMPS_ASSIGNMENT,2026-08-08T19:16:24+00:00,UNALLOCATED,,,,,
SLCMP700-1418,1418,1419,317321783,2^317321783-1,STRUCTURAL_SCREEN_EXHAUSTED_PRIMALITY_UNASSIGNED,GF3A_DIRECTIONAL_WRITE_EXHAUSTED_PRIMALITY_UNASSIGNED,514,512,512,NO_RECORDED_FACTOR_PRP_OR_LL_RESULT_AND_NO_ACTIVE_GIMPS_ASSIGNMENT,2026-08-08T19:16:24+00:00,UNALLOCATED,,,,,
SLCMP700-1419,1419,1420,317321789,2^317321789-1,STRUCTURAL_SCREEN_EXHAUSTED_PRIMALITY_UNASSIGNED,GF3A_DIRECTIONAL_WRITE_EXHAUSTED_PRIMALITY_UNASSIGNED,513,512,512,NO_RECORDED_FACTOR_PRP_OR_LL_RESULT_AND_NO_ACTIVE_GIMPS_ASSIGNMENT,2026-08-08T19:16:24+00:00,UNALLOCATED,,,,,
SLCMP700-1420,1420,1421,317321839,2^317321839-1,STRUCTURAL_SCREEN_EXHAUSTED_PRIMALITY_UNASSIGNED,GF3A_DIRECTIONAL_WRITE_EXHAUSTED_PRIMALITY_UNASSIGNED,514,512,512,NO_RECORDED_FACTOR_PRP_OR_LL_RESULT_AND_NO_ACTIVE_GIMPS_ASSIGNMENT,2026-08-08T19:16:24+00:00,UNALLOCATED,,,,,
SLCMP700-1421,1421,1422,317321843,2^317321843-1,STRUCTURAL_SCREEN_EXHAUSTED_PRIMALITY_UNASSIGNED,GF3A_DIRECTIONAL_WRITE_EXHAUSTED_PRIMALITY_UNASSIGNED,514,512,512,NO_RECORDED_FACTOR_PRP_OR_LL_RESULT_AND_NO_ACTIVE_GIMPS_ASSIGNMENT,2026-08-08T19:16:24+00:00,UNALLOCATED,,,,,
SLCMP700-1422,1422,1423,317321899,2^317321899-1,STRUCTURAL_SCREEN_EXHAUSTED_PRIMALITY_UNASSIGNED,GF3A_DIRECTIONAL_WRITE_EXHAUSTED_PRIMALITY_UNASSIGNED,514,512,512,NO_RECORDED_FACTOR_PRP_OR_LL_RESULT_AND_NO_ACTIVE_GIMPS_ASSIGNMENT,2026-08-08T19:16:24+00:00,UNALLOCATED,,,,,
SLCMP700-1423,1423,1424,317321903,2^317321903-1,STRUCTURAL_SCREEN_EXHAUSTED_PRIMALITY_UNASSIGNED,GF3A_DIRECTIONAL_WRITE_EXHAUSTED_PRIMALITY_UNASSIGNED,514,512,512,NO_RECORDED_FACTOR_PRP_OR_LL_RESULT_AND_NO_ACTIVE_GIMPS_ASSIGNMENT,2026-08-08T19:16:24+00:00,UNALLOCATED,,,,,
SLCMP700-1424,1424,1425,317322149,2^317322149-1,STRUCTURAL_SCREEN_EXHAUSTED_PRIMALITY_UNASSIGNED,GF3A_DIRECTIONAL_WRITE_EXHAUSTED_PRIMALITY_UNASSIGNED,513,512,512,NO_RECORDED_FACTOR_PRP_OR_LL_RESULT_AND_NO_ACTIVE_GIMPS_ASSIGNMENT,2026-08-08T19:16:24+00:00,UNALLOCATED,,,,,
SLCMP700-1425,1425,1426,317322151,2^317322151-1,STRUCTURAL_SCREEN_EXHAUSTED_PRIMALITY_UNASSIGNED,GF3A_DIRECTIONAL_WRITE_EXHAUSTED_PRIMALITY_UNASSIGNED,514,512,512,NO_RECORDED_FACTOR_PRP_OR_LL_RESULT_AND_NO_ACTIVE_GIMPS_ASSIGNMENT,2026-08-08T19:16:24+00:00,UNALLOCATED,,,,,
SLCMP700-1426,1426,1427,317322199,2^317322199-1,STRUCTURAL_SCREEN_EXHAUSTED_PRIMALITY_UNASSIGNED,GF3A_DIRECTIONAL_WRITE_EXHAUSTED_PRIMALITY_UNASSIGNED,514,512,512,NO_RECORDED_FACTOR_PRP_OR_LL_RESULT_AND_NO_ACTIVE_GIMPS_ASSIGNMENT,2026-08-08T19:16:24+00:00,UNALLOCATED,,,,,
SLCMP700-1427,1427,1428,317322227,2^317322227-1,STRUCTURAL_SCREEN_EXHAUSTED_PRIMALITY_UNASSIGNED,GF3A_DIRECTIONAL_WRITE_EXHAUSTED_PRIMALITY_UNASSIGNED,514,512,512,NO_RECORDED_FACTOR_PRP_OR_LL_RESULT_AND_NO_ACTIVE_GIMPS_ASSIGNMENT,2026-08-08T19:16:24+00:00,UNALLOCATED,,,,,
SLCMP700-1428,1428,1429,317322259,2^317322259-1,STRUCTURAL_SCREEN_EXHAUSTED_PRIMALITY_UNASSIGNED,GF3A_DIRECTIONAL_WRITE_EXHAUSTED_PRIMALITY_UNASSIGNED,514,512,512,NO_RECORDED_FACTOR_PRP_OR_LL_RESULT_AND_NO_ACTIVE_GIMPS_ASSIGNMENT,2026-08-08T19:16:24+00:00,UNALLOCATED,,,,,
SLCMP700-1429,1429,1430,317322347,2^317322347-1,STRUCTURAL_SCREEN_EXHAUSTED_PRIMALITY_UNASSIGNED,GF3A_DIRECTIONAL_WRITE_EXHAUSTED_PRIMALITY_UNASSIGNED,514,512,512,NO_RECORDED_FACTOR_PRP_OR_LL_RESULT_AND_NO_ACTIVE_GIMPS_ASSIGNMENT,2026-08-08T19:16:24+00:00,UNALLOCATED,,,,,
SLCMP700-1430,1430,1431,317322449,2^317322449-1,STRUCTURAL_SCREEN_EXHAUSTED_PRIMALITY_UNASSIGNED,GF3A_DIRECTIONAL_WRITE_EXHAUSTED_PRIMALITY_UNASSIGNED,513,512,512,NO_RECORDED_FACTOR_PRP_OR_LL_RESULT_AND_NO_ACTIVE_GIMPS_ASSIGNMENT,2026-08-08T19:16:24+00:00,UNALLOCATED,,,,,
SLCMP700-1431,1431,1432,317322589,2^317322589-1,STRUCTURAL_SCREEN_EXHAUSTED_PRIMALITY_UNASSIGNED,GF3A_DIRECTIONAL_WRITE_EXHAUSTED_PRIMALITY_UNASSIGNED,513,512,512,NO_RECORDED_FACTOR_PRP_OR_LL_RESULT_AND_NO_ACTIVE_GIMPS_ASSIGNMENT,2026-08-08T19:16:24+00:00,UNALLOCATED,,,,,
SLCMP700-1432,1432,1433,317322637,2^317322637-1,STRUCTURAL_SCREEN_EXHAUSTED_PRIMALITY_UNASSIGNED,GF3A_DIRECTIONAL_WRITE_EXHAUSTED_PRIMALITY_UNASSIGNED,513,512,512,NO_RECORDED_FACTOR_PRP_OR_LL_RESULT_AND_NO_ACTIVE_GIMPS_ASSIGNMENT,2026-08-08T19:16:24+00:00,UNALLOCATED,,,,,
SLCMP700-1433,1433,1434,317322679,2^317322679-1,STRUCTURAL_SCREEN_EXHAUSTED_PRIMALITY_UNASSIGNED,GF3A_DIRECTIONAL_WRITE_EXHAUSTED_PRIMALITY_UNASSIGNED,514,512,512,NO_RECORDED_FACTOR_PRP_OR_LL_RESULT_AND_NO_ACTIVE_GIMPS_ASSIGNMENT,2026-08-08T19:16:24+00:00,UNALLOCATED,,,,,
SLCMP700-1434,1434,1435,317322703,2^317322703-1,STRUCTURAL_SCREEN_EXHAUSTED_PRIMALITY_UNASSIGNED,GF3A_DIRECTIONAL_WRITE_EXHAUSTED_PRIMALITY_UNASSIGNED,514,512,512,NO_RECORDED_FACTOR_PRP_OR_LL_RESULT_AND_NO_ACTIVE_GIMPS_ASSIGNMENT,2026-08-08T19:16:24+00:00,UNALLOCATED,,,,,
SLCMP700-1435,1435,1436,317322721,2^317322721-1,STRUCTURAL_SCREEN_EXHAUSTED_PRIMALITY_UNASSIGNED,GF3A_DIRECTIONAL_WRITE_EXHAUSTED_PRIMALITY_UNASSIGNED,513,512,512,NO_RECORDED_FACTOR_PRP_OR_LL_RESULT_AND_NO_ACTIVE_GIMPS_ASSIGNMENT,2026-08-08T19:16:24+00:00,UNALLOCATED,,,,,
SLCMP700-1436,1436,1437,317322737,2^317322737-1,STRUCTURAL_SCREEN_EXHAUSTED_PRIMALITY_UNASSIGNED,GF3A_DIRECTIONAL_WRITE_EXHAUSTED_PRIMALITY_UNASSIGNED,513,512,512,NO_RECORDED_FACTOR_PRP_OR_LL_RESULT_AND_NO_ACTIVE_GIMPS_ASSIGNMENT,2026-08-08T19:16:24+00:00,UNALLOCATED,,,,,
SLCMP700-1437,1437,1438,317322823,2^317322823-1,STRUCTURAL_SCREEN_EXHAUSTED_PRIMALITY_UNASSIGNED,GF3A_DIRECTIONAL_WRITE_EXHAUSTED_PRIMALITY_UNASSIGNED,514,512,512,NO_RECORDED_FACTOR_PRP_OR_LL_RESULT_AND_NO_ACTIVE_GIMPS_ASSIGNMENT,2026-08-08T19:16:24+00:00,UNALLOCATED,,,,,
SLCMP700-1438,1438,1439,317322877,2^317322877-1,STRUCTURAL_SCREEN_EXHAUSTED_PRIMALITY_UNASSIGNED,GF3A_DIRECTIONAL_WRITE_EXHAUSTED_PRIMALITY_UNASSIGNED,513,512,512,NO_RECORDED_FACTOR_PRP_OR_LL_RESULT_AND_NO_ACTIVE_GIMPS_ASSIGNMENT,2026-08-08T19:16:24+00:00,UNALLOCATED,,,,,
SLCMP700-1439,1439,1440,317322947,2^317322947-1,STRUCTURAL_SCREEN_EXHAUSTED_PRIMALITY_UNASSIGNED,GF3A_DIRECTIONAL_WRITE_EXHAUSTED_PRIMALITY_UNASSIGNED,514,512,512,NO_RECORDED_FACTOR_PRP_OR_LL_RESULT_AND_NO_ACTIVE_GIMPS_ASSIGNMENT,2026-08-08T19:16:24+00:00,UNALLOCATED,,,,,
SLCMP700-1440,1440,1441,317323051,2^317323051-1,STRUCTURAL_SCREEN_EXHAUSTED_PRIMALITY_UNASSIGNED,GF3A_DIRECTIONAL_WRITE_EXHAUSTED_PRIMALITY_UNASSIGNED,514,512,512,NO_RECORDED_FACTOR_PRP_OR_LL_RESULT_AND_NO_ACTIVE_GIMPS_ASSIGNMENT,2026-08-08T19:16:24+00:00,UNALLOCATED,,,,,
SLCMP700-1441,1441,1442,317323081,2^317323081-1,STRUCTURAL_SCREEN_EXHAUSTED_PRIMALITY_UNASSIGNED,GF3A_DIRECTIONAL_WRITE_EXHAUSTED_PRIMALITY_UNASSIGNED,513,512,512,NO_RECORDED_FACTOR_PRP_OR_LL_RESULT_AND_NO_ACTIVE_GIMPS_ASSIGNMENT,2026-08-08T19:16:24+00:00,UNALLOCATED,,,,,
SLCMP700-1442,1442,1443,317323087,2^317323087-1,STRUCTURAL_SCREEN_EXHAUSTED_PRIMALITY_UNASSIGNED,GF3A_DIRECTIONAL_WRITE_EXHAUSTED_PRIMALITY_UNASSIGNED,514,512,512,NO_RECORDED_FACTOR_PRP_OR_LL_RESULT_AND_NO_ACTIVE_GIMPS_ASSIGNMENT,2026-08-08T19:16:24+00:00,UNALLOCATED,,,,,
SLCMP700-1443,1443,1444,317323103,2^317323103-1,STRUCTURAL_SCREEN_EXHAUSTED_PRIMALITY_UNASSIGNED,GF3A_DIRECTIONAL_WRITE_EXHAUSTED_PRIMALITY_UNASSIGNED,514,512,512,NO_RECORDED_FACTOR_PRP_OR_LL_RESULT_AND_NO_ACTIVE_GIMPS_ASSIGNMENT,2026-08-08T19:16:24+00:00,UNALLOCATED,,,,,
SLCMP700-1444,1444,1445,317323177,2^317323177-1,STRUCTURAL_SCREEN_EXHAUSTED_PRIMALITY_UNASSIGNED,GF3A_DIRECTIONAL_WRITE_EXHAUSTED_PRIMALITY_UNASSIGNED,513,512,512,NO_RECORDED_FACTOR_PRP_OR_LL_RESULT_AND_NO_ACTIVE_GIMPS_ASSIGNMENT,2026-08-08T19:16:24+00:00,UNALLOCATED,,,,,
SLCMP700-1445,1445,1446,317323217,2^317323217-1,STRUCTURAL_SCREEN_EXHAUSTED_PRIMALITY_UNASSIGNED,GF3A_DIRECTIONAL_WRITE_EXHAUSTED_PRIMALITY_UNASSIGNED,513,512,512,NO_RECORDED_FACTOR_PRP_OR_LL_RESULT_AND_NO_ACTIVE_GIMPS_ASSIGNMENT,2026-08-08T19:16:24+00:00,UNALLOCATED,,,,,
SLCMP700-1446,1446,1447,317323267,2^317323267-1,STRUCTURAL_SCREEN_EXHAUSTED_PRIMALITY_UNASSIGNED,GF3A_DIRECTIONAL_WRITE_EXHAUSTED_PRIMALITY_UNASSIGNED,514,512,512,NO_RECORDED_FACTOR_PRP_OR_LL_RESULT_AND_NO_ACTIVE_GIMPS_ASSIGNMENT,2026-08-08T19:16:24+00:00,UNALLOCATED,,,,,
SLCMP700-1447,1447,1448,317323337,2^317323337-1,STRUCTURAL_SCREEN_EXHAUSTED_PRIMALITY_UNASSIGNED,GF3A_DIRECTIONAL_WRITE_EXHAUSTED_PRIMALITY_UNASSIGNED,513,512,512,NO_RECORDED_FACTOR_PRP_OR_LL_RESULT_AND_NO_ACTIVE_GIMPS_ASSIGNMENT,2026-08-08T19:16:24+00:00,UNALLOCATED,,,,,
SLCMP700-1448,1448,1449,317323397,2^317323397-1,STRUCTURAL_SCREEN_EXHAUSTED_PRIMALITY_UNASSIGNED,GF3A_DIRECTIONAL_WRITE_EXHAUSTED_PRIMALITY_UNASSIGNED,513,512,512,NO_RECORDED_FACTOR_PRP_OR_LL_RESULT_AND_NO_ACTIVE_GIMPS_ASSIGNMENT,2026-08-08T19:16:24+00:00,UNALLOCATED,,,,,
SLCMP700-1449,1449,1450,317323511,2^317323511-1,STRUCTURAL_SCREEN_EXHAUSTED_PRIMALITY_UNASSIGNED,GF3A_DIRECTIONAL_WRITE_EXHAUSTED_PRIMALITY_UNASSIGNED,514,512,512,NO_RECORDED_FACTOR_PRP_OR_LL_RESULT_AND_NO_ACTIVE_GIMPS_ASSIGNMENT,2026-08-08T19:16:24+00:00,UNALLOCATED,,,,,
SLCMP700-1450,1450,1451,317323529,2^317323529-1,STRUCTURAL_SCREEN_EXHAUSTED_PRIMALITY_UNASSIGNED,GF3A_DIRECTIONAL_WRITE_EXHAUSTED_PRIMALITY_UNASSIGNED,513,512,512,NO_RECORDED_FACTOR_PRP_OR_LL_RESULT_AND_NO_ACTIVE_GIMPS_ASSIGNMENT,2026-08-08T19:16:24+00:00,UNALLOCATED,,,,,
SLCMP700-1451,1451,1452,317323553,2^317323553-1,STRUCTURAL_SCREEN_EXHAUSTED_PRIMALITY_UNASSIGNED,GF3A_DIRECTIONAL_WRITE_EXHAUSTED_PRIMALITY_UNASSIGNED,513,512,512,NO_RECORDED_FACTOR_PRP_OR_LL_RESULT_AND_NO_ACTIVE_GIMPS_ASSIGNMENT,2026-08-08T19:16:24+00:00,UNALLOCATED,,,,,
SLCMP700-1452,1452,1453,317323639,2^317323639-1,STRUCTURAL_SCREEN_EXHAUSTED_PRIMALITY_UNASSIGNED,GF3A_DIRECTIONAL_WRITE_EXHAUSTED_PRIMALITY_UNASSIGNED,514,512,512,NO_RECORDED_FACTOR_PRP_OR_LL_RESULT_AND_NO_ACTIVE_GIMPS_ASSIGNMENT,2026-08-08T19:16:24+00:00,UNALLOCATED,,,,,
SLCMP700-1453,1453,1454,317323651,2^317323651-1,STRUCTURAL_SCREEN_EXHAUSTED_PRIMALITY_UNASSIGNED,GF3A_DIRECTIONAL_WRITE_EXHAUSTED_PRIMALITY_UNASSIGNED,514,512,512,NO_RECORDED_FACTOR_PRP_OR_LL_RESULT_AND_NO_ACTIVE_GIMPS_ASSIGNMENT,2026-08-08T19:16:24+00:00,UNALLOCATED,,,,,
SLCMP700-1454,1454,1455,317323753,2^317323753-1,STRUCTURAL_SCREEN_EXHAUSTED_PRIMALITY_UNASSIGNED,GF3A_DIRECTIONAL_WRITE_EXHAUSTED_PRIMALITY_UNASSIGNED,513,512,512,NO_RECORDED_FACTOR_PRP_OR_LL_RESULT_AND_NO_ACTIVE_GIMPS_ASSIGNMENT,2026-08-08T19:16:24+00:00,UNALLOCATED,,,,,
SLCMP700-1455,1455,1456,317323759,2^317323759-1,STRUCTURAL_SCREEN_EXHAUSTED_PRIMALITY_UNASSIGNED,GF3A_DIRECTIONAL_WRITE_EXHAUSTED_PRIMALITY_UNASSIGNED,514,512,512,NO_RECORDED_FACTOR_PRP_OR_LL_RESULT_AND_NO_ACTIVE_GIMPS_ASSIGNMENT,2026-08-08T19:16:24+00:00,UNALLOCATED,,,,,
SLCMP700-1456,1456,1457,317323873,2^317323873-1,STRUCTURAL_SCREEN_EXHAUSTED_PRIMALITY_UNASSIGNED,GF3A_DIRECTIONAL_WRITE_EXHAUSTED_PRIMALITY_UNASSIGNED,513,512,512,NO_RECORDED_FACTOR_PRP_OR_LL_RESULT_AND_NO_ACTIVE_GIMPS_ASSIGNMENT,2026-08-08T19:16:24+00:00,UNALLOCATED,,,,,
SLCMP700-1457,1457,1458,317324009,2^317324009-1,STRUCTURAL_SCREEN_EXHAUSTED_PRIMALITY_UNASSIGNED,GF3A_DIRECTIONAL_WRITE_EXHAUSTED_PRIMALITY_UNASSIGNED,513,512,512,NO_RECORDED_FACTOR_PRP_OR_LL_RESULT_AND_NO_ACTIVE_GIMPS_ASSIGNMENT,2026-08-08T19:16:24+00:00,UNALLOCATED,,,,,
SLCMP700-1458,1458,1459,317324191,2^317324191-1,STRUCTURAL_SCREEN_EXHAUSTED_PRIMALITY_UNASSIGNED,GF3A_DIRECTIONAL_WRITE_EXHAUSTED_PRIMALITY_UNASSIGNED,514,512,512,NO_RECORDED_FACTOR_PRP_OR_LL_RESULT_AND_NO_ACTIVE_GIMPS_ASSIGNMENT,2026-08-08T19:16:24+00:00,UNALLOCATED,,,,,
SLCMP700-1459,1459,1460,317324299,2^317324299-1,STRUCTURAL_SCREEN_EXHAUSTED_PRIMALITY_UNASSIGNED,GF3A_DIRECTIONAL_WRITE_EXHAUSTED_PRIMALITY_UNASSIGNED,514,512,512,NO_RECORDED_FACTOR_PRP_OR_LL_RESULT_AND_NO_ACTIVE_GIMPS_ASSIGNMENT,2026-08-08T19:16:24+00:00,UNALLOCATED,,,,,
SLCMP700-1460,1460,1461,317324327,2^317324327-1,STRUCTURAL_SCREEN_EXHAUSTED_PRIMALITY_UNASSIGNED,GF3A_DIRECTIONAL_WRITE_EXHAUSTED_PRIMALITY_UNASSIGNED,514,512,512,NO_RECORDED_FACTOR_PRP_OR_LL_RESULT_AND_NO_ACTIVE_GIMPS_ASSIGNMENT,2026-08-08T19:16:24+00:00,UNALLOCATED,,,,,
SLCMP700-1461,1461,1462,317324341,2^317324341-1,STRUCTURAL_SCREEN_EXHAUSTED_PRIMALITY_UNASSIGNED,GF3A_DIRECTIONAL_WRITE_EXHAUSTED_PRIMALITY_UNASSIGNED,513,512,512,NO_RECORDED_FACTOR_PRP_OR_LL_RESULT_AND_NO_ACTIVE_GIMPS_ASSIGNMENT,2026-08-08T19:16:24+00:00,UNALLOCATED,,,,,
SLCMP700-1462,1462,1463,317324369,2^317324369-1,STRUCTURAL_SCREEN_EXHAUSTED_PRIMALITY_UNASSIGNED,GF3A_DIRECTIONAL_WRITE_EXHAUSTED_PRIMALITY_UNASSIGNED,513,512,512,NO_RECORDED_FACTOR_PRP_OR_LL_RESULT_AND_NO_ACTIVE_GIMPS_ASSIGNMENT,2026-08-08T19:16:24+00:00,UNALLOCATED,,,,,
SLCMP700-1463,1463,1464,317324387,2^317324387-1,STRUCTURAL_SCREEN_EXHAUSTED_PRIMALITY_UNASSIGNED,GF3A_DIRECTIONAL_WRITE_EXHAUSTED_PRIMALITY_UNASSIGNED,514,512,512,NO_RECORDED_FACTOR_PRP_OR_LL_RESULT_AND_NO_ACTIVE_GIMPS_ASSIGNMENT,2026-08-08T19:16:24+00:00,UNALLOCATED,,,,,
SLCMP700-1464,1464,1465,317324417,2^317324417-1,STRUCTURAL_SCREEN_EXHAUSTED_PRIMALITY_UNASSIGNED,GF3A_DIRECTIONAL_WRITE_EXHAUSTED_PRIMALITY_UNASSIGNED,513,512,512,NO_RECORDED_FACTOR_PRP_OR_LL_RESULT_AND_NO_ACTIVE_GIMPS_ASSIGNMENT,2026-08-08T19:16:24+00:00,UNALLOCATED,,,,,
SLCMP700-1465,1465,1466,317324429,2^317324429-1,STRUCTURAL_SCREEN_EXHAUSTED_PRIMALITY_UNASSIGNED,GF3A_DIRECTIONAL_WRITE_EXHAUSTED_PRIMALITY_UNASSIGNED,513,512,512,NO_RECORDED_FACTOR_PRP_OR_LL_RESULT_AND_NO_ACTIVE_GIMPS_ASSIGNMENT,2026-08-08T19:16:24+00:00,UNALLOCATED,,,,,
SLCMP700-1466,1466,1467,317324591,2^317324591-1,STRUCTURAL_SCREEN_EXHAUSTED_PRIMALITY_UNASSIGNED,GF3A_DIRECTIONAL_WRITE_EXHAUSTED_PRIMALITY_UNASSIGNED,514,512,512,NO_RECORDED_FACTOR_PRP_OR_LL_RESULT_AND_NO_ACTIVE_GIMPS_ASSIGNMENT,2026-08-08T19:16:24+00:00,UNALLOCATED,,,,,
SLCMP700-1467,1467,1468,317324627,2^317324627-1,STRUCTURAL_SCREEN_EXHAUSTED_PRIMALITY_UNASSIGNED,GF3A_DIRECTIONAL_WRITE_EXHAUSTED_PRIMALITY_UNASSIGNED,514,512,512,NO_RECORDED_FACTOR_PRP_OR_LL_RESULT_AND_NO_ACTIVE_GIMPS_ASSIGNMENT,2026-08-08T19:16:24+00:00,UNALLOCATED,,,,,
SLCMP700-1468,1468,1469,317324653,2^317324653-1,STRUCTURAL_SCREEN_EXHAUSTED_PRIMALITY_UNASSIGNED,GF3A_DIRECTIONAL_WRITE_EXHAUSTED_PRIMALITY_UNASSIGNED,513,512,512,NO_RECORDED_FACTOR_PRP_OR_LL_RESULT_AND_NO_ACTIVE_GIMPS_ASSIGNMENT,2026-08-08T19:16:24+00:00,UNALLOCATED,,,,,
SLCMP700-1469,1469,1470,317324677,2^317324677-1,STRUCTURAL_SCREEN_EXHAUSTED_PRIMALITY_UNASSIGNED,GF3A_DIRECTIONAL_WRITE_EXHAUSTED_PRIMALITY_UNASSIGNED,513,512,512,NO_RECORDED_FACTOR_PRP_OR_LL_RESULT_AND_NO_ACTIVE_GIMPS_ASSIGNMENT,2026-08-08T19:16:24+00:00,UNALLOCATED,,,,,
SLCMP700-1470,1470,1471,317324741,2^317324741-1,STRUCTURAL_SCREEN_EXHAUSTED_PRIMALITY_UNASSIGNED,GF3A_DIRECTIONAL_WRITE_EXHAUSTED_PRIMALITY_UNASSIGNED,513,512,512,NO_RECORDED_FACTOR_PRP_OR_LL_RESULT_AND_NO_ACTIVE_GIMPS_ASSIGNMENT,2026-08-08T19:16:24+00:00,UNALLOCATED,,,,,
SLCMP700-1471,1471,1472,317324801,2^317324801-1,STRUCTURAL_SCREEN_EXHAUSTED_PRIMALITY_UNASSIGNED,GF3A_DIRECTIONAL_WRITE_EXHAUSTED_PRIMALITY_UNASSIGNED,513,512,512,NO_RECORDED_FACTOR_PRP_OR_LL_RESULT_AND_NO_ACTIVE_GIMPS_ASSIGNMENT,2026-08-08T19:16:24+00:00,UNALLOCATED,,,,,
SLCMP700-1472,1472,1473,317324881,2^317324881-1,STRUCTURAL_SCREEN_EXHAUSTED_PRIMALITY_UNASSIGNED,GF3A_DIRECTIONAL_WRITE_EXHAUSTED_PRIMALITY_UNASSIGNED,513,512,512,NO_RECORDED_FACTOR_PRP_OR_LL_RESULT_AND_NO_ACTIVE_GIMPS_ASSIGNMENT,2026-08-08T19:16:24+00:00,UNALLOCATED,,,,,
SLCMP700-1473,1473,1474,317324893,2^317324893-1,STRUCTURAL_SCREEN_EXHAUSTED_PRIMALITY_UNASSIGNED,GF3A_DIRECTIONAL_WRITE_EXHAUSTED_PRIMALITY_UNASSIGNED,513,512,512,NO_RECORDED_FACTOR_PRP_OR_LL_RESULT_AND_NO_ACTIVE_GIMPS_ASSIGNMENT,2026-08-08T19:16:24+00:00,UNALLOCATED,,,,,
SLCMP700-1474,1474,1475,317324981,2^317324981-1,STRUCTURAL_SCREEN_EXHAUSTED_PRIMALITY_UNASSIGNED,GF3A_DIRECTIONAL_WRITE_EXHAUSTED_PRIMALITY_UNASSIGNED,513,512,512,NO_RECORDED_FACTOR_PRP_OR_LL_RESULT_AND_NO_ACTIVE_GIMPS_ASSIGNMENT,2026-08-08T19:16:24+00:00,UNALLOCATED,,,,,
SLCMP700-1475,1475,1476,317325049,2^317325049-1,STRUCTURAL_SCREEN_EXHAUSTED_PRIMALITY_UNASSIGNED,GF3A_DIRECTIONAL_WRITE_EXHAUSTED_PRIMALITY_UNASSIGNED,513,512,512,NO_RECORDED_FACTOR_PRP_OR_LL_RESULT_AND_NO_ACTIVE_GIMPS_ASSIGNMENT,2026-08-08T19:16:24+00:00,UNALLOCATED,,,,,
SLCMP700-1476,1476,1477,317325053,2^317325053-1,STRUCTURAL_SCREEN_EXHAUSTED_PRIMALITY_UNASSIGNED,GF3A_DIRECTIONAL_WRITE_EXHAUSTED_PRIMALITY_UNASSIGNED,513,512,512,NO_RECORDED_FACTOR_PRP_OR_LL_RESULT_AND_NO_ACTIVE_GIMPS_ASSIGNMENT,2026-08-08T19:16:24+00:00,UNALLOCATED,,,,,
SLCMP700-1477,1477,1478,317325097,2^317325097-1,STRUCTURAL_SCREEN_EXHAUSTED_PRIMALITY_UNASSIGNED,GF3A_DIRECTIONAL_WRITE_EXHAUSTED_PRIMALITY_UNASSIGNED,513,512,512,NO_RECORDED_FACTOR_PRP_OR_LL_RESULT_AND_NO_ACTIVE_GIMPS_ASSIGNMENT,2026-08-08T19:16:24+00:00,UNALLOCATED,,,,,
SLCMP700-1478,1478,1479,317325157,2^317325157-1,STRUCTURAL_SCREEN_EXHAUSTED_PRIMALITY_UNASSIGNED,GF3A_DIRECTIONAL_WRITE_EXHAUSTED_PRIMALITY_UNASSIGNED,513,512,512,NO_RECORDED_FACTOR_PRP_OR_LL_RESULT_AND_NO_ACTIVE_GIMPS_ASSIGNMENT,2026-08-08T19:16:24+00:00,UNALLOCATED,,,,,
SLCMP700-1479,1479,1480,317325271,2^317325271-1,STRUCTURAL_SCREEN_EXHAUSTED_PRIMALITY_UNASSIGNED,GF3A_DIRECTIONAL_WRITE_EXHAUSTED_PRIMALITY_UNASSIGNED,514,512,512,NO_RECORDED_FACTOR_PRP_OR_LL_RESULT_AND_NO_ACTIVE_GIMPS_ASSIGNMENT,2026-08-08T19:16:24+00:00,UNALLOCATED,,,,,
SLCMP700-1480,1480,1481,317325401,2^317325401-1,STRUCTURAL_SCREEN_EXHAUSTED_PRIMALITY_UNASSIGNED,GF3A_DIRECTIONAL_WRITE_EXHAUSTED_PRIMALITY_UNASSIGNED,513,512,512,NO_RECORDED_FACTOR_PRP_OR_LL_RESULT_AND_NO_ACTIVE_GIMPS_ASSIGNMENT,2026-08-08T19:16:24+00:00,UNALLOCATED,,,,,
SLCMP700-1481,1481,1482,317325427,2^317325427-1,STRUCTURAL_SCREEN_EXHAUSTED_PRIMALITY_UNASSIGNED,GF3A_DIRECTIONAL_WRITE_EXHAUSTED_PRIMALITY_UNASSIGNED,514,512,512,NO_RECORDED_FACTOR_PRP_OR_LL_RESULT_AND_NO_ACTIVE_GIMPS_ASSIGNMENT,2026-08-08T19:16:24+00:00,UNALLOCATED,,,,,
SLCMP700-1482,1482,1483,317325461,2^317325461-1,STRUCTURAL_SCREEN_EXHAUSTED_PRIMALITY_UNASSIGNED,GF3A_DIRECTIONAL_WRITE_EXHAUSTED_PRIMALITY_UNASSIGNED,513,512,512,NO_RECORDED_FACTOR_PRP_OR_LL_RESULT_AND_NO_ACTIVE_GIMPS_ASSIGNMENT,2026-08-08T19:16:24+00:00,UNALLOCATED,,,,,
SLCMP700-1483,1483,1484,317325473,2^317325473-1,STRUCTURAL_SCREEN_EXHAUSTED_PRIMALITY_UNASSIGNED,GF3A_DIRECTIONAL_WRITE_EXHAUSTED_PRIMALITY_UNASSIGNED,513,512,512,NO_RECORDED_FACTOR_PRP_OR_LL_RESULT_AND_NO_ACTIVE_GIMPS_ASSIGNMENT,2026-08-08T19:16:24+00:00,UNALLOCATED,,,,,
SLCMP700-1484,1484,1485,317325521,2^317325521-1,STRUCTURAL_SCREEN_EXHAUSTED_PRIMALITY_UNASSIGNED,GF3A_DIRECTIONAL_WRITE_EXHAUSTED_PRIMALITY_UNASSIGNED,513,512,512,NO_RECORDED_FACTOR_PRP_OR_LL_RESULT_AND_NO_ACTIVE_GIMPS_ASSIGNMENT,2026-08-08T19:16:24+00:00,UNALLOCATED,,,,,
SLCMP700-1485,1485,1486,317325563,2^317325563-1,STRUCTURAL_SCREEN_EXHAUSTED_PRIMALITY_UNASSIGNED,GF3A_DIRECTIONAL_WRITE_EXHAUSTED_PRIMALITY_UNASSIGNED,514,512,512,NO_RECORDED_FACTOR_PRP_OR_LL_RESULT_AND_NO_ACTIVE_GIMPS_ASSIGNMENT,2026-08-08T19:16:24+00:00,UNALLOCATED,,,,,
SLCMP700-1486,1486,1487,317325781,2^317325781-1,STRUCTURAL_SCREEN_EXHAUSTED_PRIMALITY_UNASSIGNED,GF3A_DIRECTIONAL_WRITE_EXHAUSTED_PRIMALITY_UNASSIGNED,513,512,512,NO_RECORDED_FACTOR_PRP_OR_LL_RESULT_AND_NO_ACTIVE_GIMPS_ASSIGNMENT,2026-08-08T19:16:24+00:00,UNALLOCATED,,,,,
SLCMP700-1487,1487,1488,317325863,2^317325863-1,STRUCTURAL_SCREEN_EXHAUSTED_PRIMALITY_UNASSIGNED,GF3A_DIRECTIONAL_WRITE_EXHAUSTED_PRIMALITY_UNASSIGNED,514,512,512,NO_RECORDED_FACTOR_PRP_OR_LL_RESULT_AND_NO_ACTIVE_GIMPS_ASSIGNMENT,2026-08-08T19:16:24+00:00,UNALLOCATED,,,,,
SLCMP700-1488,1488,1489,317325881,2^317325881-1,STRUCTURAL_SCREEN_EXHAUSTED_PRIMALITY_UNASSIGNED,GF3A_DIRECTIONAL_WRITE_EXHAUSTED_PRIMALITY_UNASSIGNED,513,512,512,NO_RECORDED_FACTOR_PRP_OR_LL_RESULT_AND_NO_ACTIVE_GIMPS_ASSIGNMENT,2026-08-08T19:16:24+00:00,UNALLOCATED,,,,,
SLCMP700-1489,1489,1490,317325901,2^317325901-1,STRUCTURAL_SCREEN_EXHAUSTED_PRIMALITY_UNASSIGNED,GF3A_DIRECTIONAL_WRITE_EXHAUSTED_PRIMALITY_UNASSIGNED,513,512,512,NO_RECORDED_FACTOR_PRP_OR_LL_RESULT_AND_NO_ACTIVE_GIMPS_ASSIGNMENT,2026-08-08T19:16:24+00:00,UNALLOCATED,,,,,
SLCMP700-1490,1490,1491,317325971,2^317325971-1,STRUCTURAL_SCREEN_EXHAUSTED_PRIMALITY_UNASSIGNED,GF3A_DIRECTIONAL_WRITE_EXHAUSTED_PRIMALITY_UNASSIGNED,514,512,512,NO_RECORDED_FACTOR_PRP_OR_LL_RESULT_AND_NO_ACTIVE_GIMPS_ASSIGNMENT,2026-08-08T19:16:24+00:00,UNALLOCATED,,,,,
SLCMP700-1491,1491,1492,317325979,2^317325979-1,STRUCTURAL_SCREEN_EXHAUSTED_PRIMALITY_UNASSIGNED,GF3A_DIRECTIONAL_WRITE_EXHAUSTED_PRIMALITY_UNASSIGNED,514,512,512,NO_RECORDED_FACTOR_PRP_OR_LL_RESULT_AND_NO_ACTIVE_GIMPS_ASSIGNMENT,2026-08-08T19:16:24+00:00,UNALLOCATED,,,,,
SLCMP700-1492,1492,1493,317326081,2^317326081-1,STRUCTURAL_SCREEN_EXHAUSTED_PRIMALITY_UNASSIGNED,GF3A_DIRECTIONAL_WRITE_EXHAUSTED_PRIMALITY_UNASSIGNED,513,512,512,NO_RECORDED_FACTOR_PRP_OR_LL_RESULT_AND_NO_ACTIVE_GIMPS_ASSIGNMENT,2026-08-08T19:16:24+00:00,UNALLOCATED,,,,,
SLCMP700-1493,1493,1494,317326099,2^317326099-1,STRUCTURAL_SCREEN_EXHAUSTED_PRIMALITY_UNASSIGNED,GF3A_DIRECTIONAL_WRITE_EXHAUSTED_PRIMALITY_UNASSIGNED,514,512,512,NO_RECORDED_FACTOR_PRP_OR_LL_RESULT_AND_NO_ACTIVE_GIMPS_ASSIGNMENT,2026-08-08T19:16:24+00:00,UNALLOCATED,,,,,
SLCMP700-1494,1494,1495,317326151,2^317326151-1,STRUCTURAL_SCREEN_EXHAUSTED_PRIMALITY_UNASSIGNED,GF3A_DIRECTIONAL_WRITE_EXHAUSTED_PRIMALITY_UNASSIGNED,514,512,512,NO_RECORDED_FACTOR_PRP_OR_LL_RESULT_AND_NO_ACTIVE_GIMPS_ASSIGNMENT,2026-08-08T19:16:24+00:00,UNALLOCATED,,,,,
SLCMP700-1495,1495,1496,317326153,2^317326153-1,STRUCTURAL_SCREEN_EXHAUSTED_PRIMALITY_UNASSIGNED,GF3A_DIRECTIONAL_WRITE_EXHAUSTED_PRIMALITY_UNASSIGNED,513,512,512,NO_RECORDED_FACTOR_PRP_OR_LL_RESULT_AND_NO_ACTIVE_GIMPS_ASSIGNMENT,2026-08-08T19:16:24+00:00,UNALLOCATED,,,,,
SLCMP700-1496,1496,1497,317326159,2^317326159-1,STRUCTURAL_SCREEN_EXHAUSTED_PRIMALITY_UNASSIGNED,GF3A_DIRECTIONAL_WRITE_EXHAUSTED_PRIMALITY_UNASSIGNED,514,512,512,NO_RECORDED_FACTOR_PRP_OR_LL_RESULT_AND_NO_ACTIVE_GIMPS_ASSIGNMENT,2026-08-08T19:16:24+00:00,UNALLOCATED,,,,,
SLCMP700-1497,1497,1498,317326169,2^317326169-1,STRUCTURAL_SCREEN_EXHAUSTED_PRIMALITY_UNASSIGNED,GF3A_DIRECTIONAL_WRITE_EXHAUSTED_PRIMALITY_UNASSIGNED,513,512,512,NO_RECORDED_FACTOR_PRP_OR_LL_RESULT_AND_NO_ACTIVE_GIMPS_ASSIGNMENT,2026-08-08T19:16:24+00:00,UNALLOCATED,,,,,
SLCMP700-1498,1498,1499,317326189,2^317326189-1,STRUCTURAL_SCREEN_EXHAUSTED_PRIMALITY_UNASSIGNED,GF3A_DIRECTIONAL_WRITE_EXHAUSTED_PRIMALITY_UNASSIGNED,513,512,512,NO_RECORDED_FACTOR_PRP_OR_LL_RESULT_AND_NO_ACTIVE_GIMPS_ASSIGNMENT,2026-08-08T19:16:24+00:00,UNALLOCATED,,,,,
SLCMP700-1499,1499,1500,317326231,2^317326231-1,STRUCTURAL_SCREEN_EXHAUSTED_PRIMALITY_UNASSIGNED,GF3A_DIRECTIONAL_WRITE_EXHAUSTED_PRIMALITY_UNASSIGNED,514,512,512,NO_RECORDED_FACTOR_PRP_OR_LL_RESULT_AND_NO_ACTIVE_GIMPS_ASSIGNMENT,2026-08-08T19:16:24+00:00,UNALLOCATED,,,,,
SLCMP700-1500,1500,1501,317326309,2^317326309-1,STRUCTURAL_SCREEN_EXHAUSTED_PRIMALITY_UNASSIGNED,GF3A_DIRECTIONAL_WRITE_EXHAUSTED_PRIMALITY_UNASSIGNED,513,512,512,NO_RECORDED_FACTOR_PRP_OR_LL_RESULT_AND_NO_ACTIVE_GIMPS_ASSIGNMENT,2026-08-08T19:16:24+00:00,UNALLOCATED,,,,,
SLCMP700-1501,1501,1502,317326327,2^317326327-1,STRUCTURAL_SCREEN_EXHAUSTED_PRIMALITY_UNASSIGNED,GF3A_DIRECTIONAL_WRITE_EXHAUSTED_PRIMALITY_UNASSIGNED,514,512,512,NO_RECORDED_FACTOR_PRP_OR_LL_RESULT_AND_NO_ACTIVE_GIMPS_ASSIGNMENT,2026-08-08T19:16:24+00:00,UNALLOCATED,,,,,
SLCMP700-1502,1502,1503,317326337,2^317326337-1,STRUCTURAL_SCREEN_EXHAUSTED_PRIMALITY_UNASSIGNED,GF3A_DIRECTIONAL_WRITE_EXHAUSTED_PRIMALITY_UNASSIGNED,513,512,512,NO_RECORDED_FACTOR_PRP_OR_LL_RESULT_AND_NO_ACTIVE_GIMPS_ASSIGNMENT,2026-08-08T19:16:24+00:00,UNALLOCATED,,,,,
SLCMP700-1503,1503,1504,317326357,2^317326357-1,STRUCTURAL_SCREEN_EXHAUSTED_PRIMALITY_UNASSIGNED,GF3A_DIRECTIONAL_WRITE_EXHAUSTED_PRIMALITY_UNASSIGNED,513,512,512,NO_RECORDED_FACTOR_PRP_OR_LL_RESULT_AND_NO_ACTIVE_GIMPS_ASSIGNMENT,2026-08-08T19:16:24+00:00,UNALLOCATED,,,,,
SLCMP700-1504,1504,1505,317326363,2^317326363-1,STRUCTURAL_SCREEN_EXHAUSTED_PRIMALITY_UNASSIGNED,GF3A_DIRECTIONAL_WRITE_EXHAUSTED_PRIMALITY_UNASSIGNED,514,512,512,NO_RECORDED_FACTOR_PRP_OR_LL_RESULT_AND_NO_ACTIVE_GIMPS_ASSIGNMENT,2026-08-08T19:16:24+00:00,UNALLOCATED,,,,,
SLCMP700-1505,1505,1506,317326441,2^317326441-1,STRUCTURAL_SCREEN_EXHAUSTED_PRIMALITY_UNASSIGNED,GF3A_DIRECTIONAL_WRITE_EXHAUSTED_PRIMALITY_UNASSIGNED,513,512,512,NO_RECORDED_FACTOR_PRP_OR_LL_RESULT_AND_NO_ACTIVE_GIMPS_ASSIGNMENT,2026-08-08T19:16:24+00:00,UNALLOCATED,,,,,
SLCMP700-1506,1506,1507,317326501,2^317326501-1,STRUCTURAL_SCREEN_EXHAUSTED_PRIMALITY_UNASSIGNED,GF3A_DIRECTIONAL_WRITE_EXHAUSTED_PRIMALITY_UNASSIGNED,513,512,512,NO_RECORDED_FACTOR_PRP_OR_LL_RESULT_AND_NO_ACTIVE_GIMPS_ASSIGNMENT,2026-08-08T19:16:24+00:00,UNALLOCATED,,,,,
SLCMP700-1507,1507,1508,317326507,2^317326507-1,STRUCTURAL_SCREEN_EXHAUSTED_PRIMALITY_UNASSIGNED,GF3A_DIRECTIONAL_WRITE_EXHAUSTED_PRIMALITY_UNASSIGNED,514,512,512,NO_RECORDED_FACTOR_PRP_OR_LL_RESULT_AND_NO_ACTIVE_GIMPS_ASSIGNMENT,2026-08-08T19:16:24+00:00,UNALLOCATED,,,,,
SLCMP700-1508,1508,1509,317326519,2^317326519-1,STRUCTURAL_SCREEN_EXHAUSTED_PRIMALITY_UNASSIGNED,GF3A_DIRECTIONAL_WRITE_EXHAUSTED_PRIMALITY_UNASSIGNED,514,512,512,NO_RECORDED_FACTOR_PRP_OR_LL_RESULT_AND_NO_ACTIVE_GIMPS_ASSIGNMENT,2026-08-08T19:16:24+00:00,UNALLOCATED,,,,,
SLCMP700-1509,1509,1510,317326649,2^317326649-1,STRUCTURAL_SCREEN_EXHAUSTED_PRIMALITY_UNASSIGNED,GF3A_DIRECTIONAL_WRITE_EXHAUSTED_PRIMALITY_UNASSIGNED,513,512,512,NO_RECORDED_FACTOR_PRP_OR_LL_RESULT_AND_NO_ACTIVE_GIMPS_ASSIGNMENT,2026-08-08T19:16:24+00:00,UNALLOCATED,,,,,
SLCMP700-1510,1510,1511,317326727,2^317326727-1,STRUCTURAL_SCREEN_EXHAUSTED_PRIMALITY_UNASSIGNED,GF3A_DIRECTIONAL_WRITE_EXHAUSTED_PRIMALITY_UNASSIGNED,514,512,512,NO_RECORDED_FACTOR_PRP_OR_LL_RESULT_AND_NO_ACTIVE_GIMPS_ASSIGNMENT,2026-08-08T19:16:24+00:00,UNALLOCATED,,,,,
SLCMP700-1511,1511,1512,317326739,2^317326739-1,STRUCTURAL_SCREEN_EXHAUSTED_PRIMALITY_UNASSIGNED,GF3A_DIRECTIONAL_WRITE_EXHAUSTED_PRIMALITY_UNASSIGNED,514,512,512,NO_RECORDED_FACTOR_PRP_OR_LL_RESULT_AND_NO_ACTIVE_GIMPS_ASSIGNMENT,2026-08-08T19:16:24+00:00,UNALLOCATED,,,,,
SLCMP700-1512,1512,1513,317326861,2^317326861-1,STRUCTURAL_SCREEN_EXHAUSTED_PRIMALITY_UNASSIGNED,GF3A_DIRECTIONAL_WRITE_EXHAUSTED_PRIMALITY_UNASSIGNED,513,512,512,NO_RECORDED_FACTOR_PRP_OR_LL_RESULT_AND_NO_ACTIVE_GIMPS_ASSIGNMENT,2026-08-08T19:16:24+00:00,UNALLOCATED,,,,,
SLCMP700-1513,1513,1514,317326873,2^317326873-1,STRUCTURAL_SCREEN_EXHAUSTED_PRIMALITY_UNASSIGNED,GF3A_DIRECTIONAL_WRITE_EXHAUSTED_PRIMALITY_UNASSIGNED,513,512,512,NO_RECORDED_FACTOR_PRP_OR_LL_RESULT_AND_NO_ACTIVE_GIMPS_ASSIGNMENT,2026-08-08T19:16:24+00:00,UNALLOCATED,,,,,
SLCMP700-1514,1514,1515,317326937,2^317326937-1,STRUCTURAL_SCREEN_EXHAUSTED_PRIMALITY_UNASSIGNED,GF3A_DIRECTIONAL_WRITE_EXHAUSTED_PRIMALITY_UNASSIGNED,513,512,512,NO_RECORDED_FACTOR_PRP_OR_LL_RESULT_AND_NO_ACTIVE_GIMPS_ASSIGNMENT,2026-08-08T19:16:24+00:00,UNALLOCATED,,,,,
SLCMP700-1515,1515,1516,317327027,2^317327027-1,STRUCTURAL_SCREEN_EXHAUSTED_PRIMALITY_UNASSIGNED,GF3A_DIRECTIONAL_WRITE_EXHAUSTED_PRIMALITY_UNASSIGNED,514,512,512,NO_RECORDED_FACTOR_PRP_OR_LL_RESULT_AND_NO_ACTIVE_GIMPS_ASSIGNMENT,2026-08-08T19:16:24+00:00,UNALLOCATED,,,,,
SLCMP700-1516,1516,1517,317327137,2^317327137-1,STRUCTURAL_SCREEN_EXHAUSTED_PRIMALITY_UNASSIGNED,GF3A_DIRECTIONAL_WRITE_EXHAUSTED_PRIMALITY_UNASSIGNED,513,512,512,NO_RECORDED_FACTOR_PRP_OR_LL_RESULT_AND_NO_ACTIVE_GIMPS_ASSIGNMENT,2026-08-08T19:16:24+00:00,UNALLOCATED,,,,,
SLCMP700-1517,1517,1518,317327183,2^317327183-1,STRUCTURAL_SCREEN_EXHAUSTED_PRIMALITY_UNASSIGNED,GF3A_DIRECTIONAL_WRITE_EXHAUSTED_PRIMALITY_UNASSIGNED,514,512,512,NO_RECORDED_FACTOR_PRP_OR_LL_RESULT_AND_NO_ACTIVE_GIMPS_ASSIGNMENT,2026-08-08T19:16:24+00:00,UNALLOCATED,,,,,
SLCMP700-1518,1518,1519,317327299,2^317327299-1,STRUCTURAL_SCREEN_EXHAUSTED_PRIMALITY_UNASSIGNED,GF3A_DIRECTIONAL_WRITE_EXHAUSTED_PRIMALITY_UNASSIGNED,514,512,512,NO_RECORDED_FACTOR_PRP_OR_LL_RESULT_AND_NO_ACTIVE_GIMPS_ASSIGNMENT,2026-08-08T19:16:24+00:00,UNALLOCATED,,,,,
SLCMP700-1519,1519,1520,317327363,2^317327363-1,STRUCTURAL_SCREEN_EXHAUSTED_PRIMALITY_UNASSIGNED,GF3A_DIRECTIONAL_WRITE_EXHAUSTED_PRIMALITY_UNASSIGNED,514,512,512,NO_RECORDED_FACTOR_PRP_OR_LL_RESULT_AND_NO_ACTIVE_GIMPS_ASSIGNMENT,2026-08-08T19:16:24+00:00,UNALLOCATED,,,,,
SLCMP700-1520,1520,1521,317327369,2^317327369-1,STRUCTURAL_SCREEN_EXHAUSTED_PRIMALITY_UNASSIGNED,GF3A_DIRECTIONAL_WRITE_EXHAUSTED_PRIMALITY_UNASSIGNED,513,512,512,NO_RECORDED_FACTOR_PRP_OR_LL_RESULT_AND_NO_ACTIVE_GIMPS_ASSIGNMENT,2026-08-08T19:16:24+00:00,UNALLOCATED,,,,,
SLCMP700-1521,1521,1522,317327393,2^317327393-1,STRUCTURAL_SCREEN_EXHAUSTED_PRIMALITY_UNASSIGNED,GF3A_DIRECTIONAL_WRITE_EXHAUSTED_PRIMALITY_UNASSIGNED,513,512,512,NO_RECORDED_FACTOR_PRP_OR_LL_RESULT_AND_NO_ACTIVE_GIMPS_ASSIGNMENT,2026-08-08T19:16:24+00:00,UNALLOCATED,,,,,
SLCMP700-1522,1522,1523,317327431,2^317327431-1,STRUCTURAL_SCREEN_EXHAUSTED_PRIMALITY_UNASSIGNED,GF3A_DIRECTIONAL_WRITE_EXHAUSTED_PRIMALITY_UNASSIGNED,514,512,512,NO_RECORDED_FACTOR_PRP_OR_LL_RESULT_AND_NO_ACTIVE_GIMPS_ASSIGNMENT,2026-08-08T19:16:24+00:00,UNALLOCATED,,,,,
SLCMP700-1523,1523,1524,317327537,2^317327537-1,STRUCTURAL_SCREEN_EXHAUSTED_PRIMALITY_UNASSIGNED,GF3A_DIRECTIONAL_WRITE_EXHAUSTED_PRIMALITY_UNASSIGNED,513,512,512,NO_RECORDED_FACTOR_PRP_OR_LL_RESULT_AND_NO_ACTIVE_GIMPS_ASSIGNMENT,2026-08-08T19:16:24+00:00,UNALLOCATED,,,,,
SLCMP700-1524,1524,1525,317327581,2^317327581-1,STRUCTURAL_SCREEN_EXHAUSTED_PRIMALITY_UNASSIGNED,GF3A_DIRECTIONAL_WRITE_EXHAUSTED_PRIMALITY_UNASSIGNED,513,512,512,NO_RECORDED_FACTOR_PRP_OR_LL_RESULT_AND_NO_ACTIVE_GIMPS_ASSIGNMENT,2026-08-08T19:16:24+00:00,UNALLOCATED,,,,,
SLCMP700-1525,1525,1526,317327641,2^317327641-1,STRUCTURAL_SCREEN_EXHAUSTED_PRIMALITY_UNASSIGNED,GF3A_DIRECTIONAL_WRITE_EXHAUSTED_PRIMALITY_UNASSIGNED,513,512,512,NO_RECORDED_FACTOR_PRP_OR_LL_RESULT_AND_NO_ACTIVE_GIMPS_ASSIGNMENT,2026-08-08T19:16:24+00:00,UNALLOCATED,,,,,
SLCMP700-1526,1526,1527,317327669,2^317327669-1,STRUCTURAL_SCREEN_EXHAUSTED_PRIMALITY_UNASSIGNED,GF3A_DIRECTIONAL_WRITE_EXHAUSTED_PRIMALITY_UNASSIGNED,513,512,512,NO_RECORDED_FACTOR_PRP_OR_LL_RESULT_AND_NO_ACTIVE_GIMPS_ASSIGNMENT,2026-08-08T19:16:24+00:00,UNALLOCATED,,,,,
SLCMP700-1527,1527,1528,317327671,2^317327671-1,STRUCTURAL_SCREEN_EXHAUSTED_PRIMALITY_UNASSIGNED,GF3A_DIRECTIONAL_WRITE_EXHAUSTED_PRIMALITY_UNASSIGNED,514,512,512,NO_RECORDED_FACTOR_PRP_OR_LL_RESULT_AND_NO_ACTIVE_GIMPS_ASSIGNMENT,2026-08-08T19:16:24+00:00,UNALLOCATED,,,,,
SLCMP700-1528,1528,1529,317327693,2^317327693-1,STRUCTURAL_SCREEN_EXHAUSTED_PRIMALITY_UNASSIGNED,GF3A_DIRECTIONAL_WRITE_EXHAUSTED_PRIMALITY_UNASSIGNED,513,512,512,NO_RECORDED_FACTOR_PRP_OR_LL_RESULT_AND_NO_ACTIVE_GIMPS_ASSIGNMENT,2026-08-08T19:16:24+00:00,UNALLOCATED,,,,,
SLCMP700-1529,1529,1530,317327713,2^317327713-1,STRUCTURAL_SCREEN_EXHAUSTED_PRIMALITY_UNASSIGNED,GF3A_DIRECTIONAL_WRITE_EXHAUSTED_PRIMALITY_UNASSIGNED,513,512,512,NO_RECORDED_FACTOR_PRP_OR_LL_RESULT_AND_NO_ACTIVE_GIMPS_ASSIGNMENT,2026-08-08T19:16:24+00:00,UNALLOCATED,,,,,
SLCMP700-1530,1530,1531,317327761,2^317327761-1,STRUCTURAL_SCREEN_EXHAUSTED_PRIMALITY_UNASSIGNED,GF3A_DIRECTIONAL_WRITE_EXHAUSTED_PRIMALITY_UNASSIGNED,513,512,512,NO_RECORDED_FACTOR_PRP_OR_LL_RESULT_AND_NO_ACTIVE_GIMPS_ASSIGNMENT,2026-08-08T19:16:24+00:00,UNALLOCATED,,,,,
SLCMP700-1531,1531,1532,317327771,2^317327771-1,STRUCTURAL_SCREEN_EXHAUSTED_PRIMALITY_UNASSIGNED,GF3A_DIRECTIONAL_WRITE_EXHAUSTED_PRIMALITY_UNASSIGNED,514,512,512,NO_RECORDED_FACTOR_PRP_OR_LL_RESULT_AND_NO_ACTIVE_GIMPS_ASSIGNMENT,2026-08-08T19:16:24+00:00,UNALLOCATED,,,,,
SLCMP700-1532,1532,1533,317327869,2^317327869-1,STRUCTURAL_SCREEN_EXHAUSTED_PRIMALITY_UNASSIGNED,GF3A_DIRECTIONAL_WRITE_EXHAUSTED_PRIMALITY_UNASSIGNED,513,512,512,NO_RECORDED_FACTOR_PRP_OR_LL_RESULT_AND_NO_ACTIVE_GIMPS_ASSIGNMENT,2026-08-08T19:16:24+00:00,UNALLOCATED,,,,,
SLCMP700-1533,1533,1534,317327887,2^317327887-1,STRUCTURAL_SCREEN_EXHAUSTED_PRIMALITY_UNASSIGNED,GF3A_DIRECTIONAL_WRITE_EXHAUSTED_PRIMALITY_UNASSIGNED,514,512,512,NO_RECORDED_FACTOR_PRP_OR_LL_RESULT_AND_NO_ACTIVE_GIMPS_ASSIGNMENT,2026-08-08T19:16:24+00:00,UNALLOCATED,,,,,
SLCMP700-1534,1534,1535,317327893,2^317327893-1,STRUCTURAL_SCREEN_EXHAUSTED_PRIMALITY_UNASSIGNED,GF3A_DIRECTIONAL_WRITE_EXHAUSTED_PRIMALITY_UNASSIGNED,513,512,512,NO_RECORDED_FACTOR_PRP_OR_LL_RESULT_AND_NO_ACTIVE_GIMPS_ASSIGNMENT,2026-08-08T19:16:24+00:00,UNALLOCATED,,,,,
SLCMP700-1535,1535,1536,317327903,2^317327903-1,STRUCTURAL_SCREEN_EXHAUSTED_PRIMALITY_UNASSIGNED,GF3A_DIRECTIONAL_WRITE_EXHAUSTED_PRIMALITY_UNASSIGNED,514,512,512,NO_RECORDED_FACTOR_PRP_OR_LL_RESULT_AND_NO_ACTIVE_GIMPS_ASSIGNMENT,2026-08-08T19:16:24+00:00,UNALLOCATED,,,,,
SLCMP700-1536,1536,1537,317327951,2^317327951-1,STRUCTURAL_SCREEN_EXHAUSTED_PRIMALITY_UNASSIGNED,GF3A_DIRECTIONAL_WRITE_EXHAUSTED_PRIMALITY_UNASSIGNED,514,512,512,NO_RECORDED_FACTOR_PRP_OR_LL_RESULT_AND_NO_ACTIVE_GIMPS_ASSIGNMENT,2026-08-08T19:16:24+00:00,UNALLOCATED,,,,,
SLCMP700-1537,1537,1538,317327957,2^317327957-1,STRUCTURAL_SCREEN_EXHAUSTED_PRIMALITY_UNASSIGNED,GF3A_DIRECTIONAL_WRITE_EXHAUSTED_PRIMALITY_UNASSIGNED,513,512,512,NO_RECORDED_FACTOR_PRP_OR_LL_RESULT_AND_NO_ACTIVE_GIMPS_ASSIGNMENT,2026-08-08T19:16:24+00:00,UNALLOCATED,,,,,
SLCMP700-1538,1538,1539,317328029,2^317328029-1,STRUCTURAL_SCREEN_EXHAUSTED_PRIMALITY_UNASSIGNED,GF3A_DIRECTIONAL_WRITE_EXHAUSTED_PRIMALITY_UNASSIGNED,513,512,512,NO_RECORDED_FACTOR_PRP_OR_LL_RESULT_AND_NO_ACTIVE_GIMPS_ASSIGNMENT,2026-08-08T19:16:24+00:00,UNALLOCATED,,,,,
SLCMP700-1539,1539,1540,317328127,2^317328127-1,STRUCTURAL_SCREEN_EXHAUSTED_PRIMALITY_UNASSIGNED,GF3A_DIRECTIONAL_WRITE_EXHAUSTED_PRIMALITY_UNASSIGNED,514,512,512,NO_RECORDED_FACTOR_PRP_OR_LL_RESULT_AND_NO_ACTIVE_GIMPS_ASSIGNMENT,2026-08-08T19:16:24+00:00,UNALLOCATED,,,,,
SLCMP700-1540,1540,1541,317328241,2^317328241-1,STRUCTURAL_SCREEN_EXHAUSTED_PRIMALITY_UNASSIGNED,GF3A_DIRECTIONAL_WRITE_EXHAUSTED_PRIMALITY_UNASSIGNED,513,512,512,NO_RECORDED_FACTOR_PRP_OR_LL_RESULT_AND_NO_ACTIVE_GIMPS_ASSIGNMENT,2026-08-08T19:16:24+00:00,UNALLOCATED,,,,,
SLCMP700-1541,1541,1542,317328247,2^317328247-1,STRUCTURAL_SCREEN_EXHAUSTED_PRIMALITY_UNASSIGNED,GF3A_DIRECTIONAL_WRITE_EXHAUSTED_PRIMALITY_UNASSIGNED,514,512,512,NO_RECORDED_FACTOR_PRP_OR_LL_RESULT_AND_NO_ACTIVE_GIMPS_ASSIGNMENT,2026-08-08T19:16:24+00:00,UNALLOCATED,,,,,
SLCMP700-1542,1542,1543,317328251,2^317328251-1,STRUCTURAL_SCREEN_EXHAUSTED_PRIMALITY_UNASSIGNED,GF3A_DIRECTIONAL_WRITE_EXHAUSTED_PRIMALITY_UNASSIGNED,514,512,512,NO_RECORDED_FACTOR_PRP_OR_LL_RESULT_AND_NO_ACTIVE_GIMPS_ASSIGNMENT,2026-08-08T19:16:24+00:00,UNALLOCATED,,,,,
SLCMP700-1543,1543,1544,317328257,2^317328257-1,STRUCTURAL_SCREEN_EXHAUSTED_PRIMALITY_UNASSIGNED,GF3A_DIRECTIONAL_WRITE_EXHAUSTED_PRIMALITY_UNASSIGNED,513,512,512,NO_RECORDED_FACTOR_PRP_OR_LL_RESULT_AND_NO_ACTIVE_GIMPS_ASSIGNMENT,2026-08-08T19:16:24+00:00,UNALLOCATED,,,,,
SLCMP700-1544,1544,1545,317328259,2^317328259-1,STRUCTURAL_SCREEN_EXHAUSTED_PRIMALITY_UNASSIGNED,GF3A_DIRECTIONAL_WRITE_EXHAUSTED_PRIMALITY_UNASSIGNED,514,512,512,NO_RECORDED_FACTOR_PRP_OR_LL_RESULT_AND_NO_ACTIVE_GIMPS_ASSIGNMENT,2026-08-08T19:16:24+00:00,UNALLOCATED,,,,,
SLCMP700-1545,1545,1546,317328289,2^317328289-1,STRUCTURAL_SCREEN_EXHAUSTED_PRIMALITY_UNASSIGNED,GF3A_DIRECTIONAL_WRITE_EXHAUSTED_PRIMALITY_UNASSIGNED,513,512,512,NO_RECORDED_FACTOR_PRP_OR_LL_RESULT_AND_NO_ACTIVE_GIMPS_ASSIGNMENT,2026-08-08T19:16:24+00:00,UNALLOCATED,,,,,
SLCMP700-1546,1546,1547,317328293,2^317328293-1,STRUCTURAL_SCREEN_EXHAUSTED_PRIMALITY_UNASSIGNED,GF3A_DIRECTIONAL_WRITE_EXHAUSTED_PRIMALITY_UNASSIGNED,513,512,512,NO_RECORDED_FACTOR_PRP_OR_LL_RESULT_AND_NO_ACTIVE_GIMPS_ASSIGNMENT,2026-08-08T19:16:24+00:00,UNALLOCATED,,,,,
SLCMP700-1547,1547,1548,317328337,2^317328337-1,STRUCTURAL_SCREEN_EXHAUSTED_PRIMALITY_UNASSIGNED,GF3A_DIRECTIONAL_WRITE_EXHAUSTED_PRIMALITY_UNASSIGNED,513,512,512,NO_RECORDED_FACTOR_PRP_OR_LL_RESULT_AND_NO_ACTIVE_GIMPS_ASSIGNMENT,2026-08-08T19:16:24+00:00,UNALLOCATED,,,,,
SLCMP700-1548,1548,1549,317328379,2^317328379-1,STRUCTURAL_SCREEN_EXHAUSTED_PRIMALITY_UNASSIGNED,GF3A_DIRECTIONAL_WRITE_EXHAUSTED_PRIMALITY_UNASSIGNED,514,512,512,NO_RECORDED_FACTOR_PRP_OR_LL_RESULT_AND_NO_ACTIVE_GIMPS_ASSIGNMENT,2026-08-08T19:16:24+00:00,UNALLOCATED,,,,,
SLCMP700-1549,1549,1550,317328421,2^317328421-1,STRUCTURAL_SCREEN_EXHAUSTED_PRIMALITY_UNASSIGNED,GF3A_DIRECTIONAL_WRITE_EXHAUSTED_PRIMALITY_UNASSIGNED,513,512,512,NO_RECORDED_FACTOR_PRP_OR_LL_RESULT_AND_NO_ACTIVE_GIMPS_ASSIGNMENT,2026-08-08T19:16:24+00:00,UNALLOCATED,,,,,
SLCMP700-1550,1550,1551,317328457,2^317328457-1,STRUCTURAL_SCREEN_EXHAUSTED_PRIMALITY_UNASSIGNED,GF3A_DIRECTIONAL_WRITE_EXHAUSTED_PRIMALITY_UNASSIGNED,513,512,512,NO_RECORDED_FACTOR_PRP_OR_LL_RESULT_AND_NO_ACTIVE_GIMPS_ASSIGNMENT,2026-08-08T19:16:24+00:00,UNALLOCATED,,,,,
SLCMP700-1551,1551,1552,317328503,2^317328503-1,STRUCTURAL_SCREEN_EXHAUSTED_PRIMALITY_UNASSIGNED,GF3A_DIRECTIONAL_WRITE_EXHAUSTED_PRIMALITY_UNASSIGNED,514,512,512,NO_RECORDED_FACTOR_PRP_OR_LL_RESULT_AND_NO_ACTIVE_GIMPS_ASSIGNMENT,2026-08-08T19:16:24+00:00,UNALLOCATED,,,,,
SLCMP700-1552,1552,1553,317328553,2^317328553-1,STRUCTURAL_SCREEN_EXHAUSTED_PRIMALITY_UNASSIGNED,GF3A_DIRECTIONAL_WRITE_EXHAUSTED_PRIMALITY_UNASSIGNED,513,512,512,NO_RECORDED_FACTOR_PRP_OR_LL_RESULT_AND_NO_ACTIVE_GIMPS_ASSIGNMENT,2026-08-08T19:16:24+00:00,UNALLOCATED,,,,,
SLCMP700-1553,1553,1554,317328577,2^317328577-1,STRUCTURAL_SCREEN_EXHAUSTED_PRIMALITY_UNASSIGNED,GF3A_DIRECTIONAL_WRITE_EXHAUSTED_PRIMALITY_UNASSIGNED,513,512,512,NO_RECORDED_FACTOR_PRP_OR_LL_RESULT_AND_NO_ACTIVE_GIMPS_ASSIGNMENT,2026-08-08T19:16:24+00:00,UNALLOCATED,,,,,
SLCMP700-1554,1554,1555,317328593,2^317328593-1,STRUCTURAL_SCREEN_EXHAUSTED_PRIMALITY_UNASSIGNED,GF3A_DIRECTIONAL_WRITE_EXHAUSTED_PRIMALITY_UNASSIGNED,513,512,512,NO_RECORDED_FACTOR_PRP_OR_LL_RESULT_AND_NO_ACTIVE_GIMPS_ASSIGNMENT,2026-08-08T19:16:24+00:00,UNALLOCATED,,,,,
SLCMP700-1555,1555,1556,317328703,2^317328703-1,STRUCTURAL_SCREEN_EXHAUSTED_PRIMALITY_UNASSIGNED,GF3A_DIRECTIONAL_WRITE_EXHAUSTED_PRIMALITY_UNASSIGNED,514,512,512,NO_RECORDED_FACTOR_PRP_OR_LL_RESULT_AND_NO_ACTIVE_GIMPS_ASSIGNMENT,2026-08-08T19:16:24+00:00,UNALLOCATED,,,,,
SLCMP700-1556,1556,1557,317328721,2^317328721-1,STRUCTURAL_SCREEN_EXHAUSTED_PRIMALITY_UNASSIGNED,GF3A_DIRECTIONAL_WRITE_EXHAUSTED_PRIMALITY_UNASSIGNED,513,512,512,NO_RECORDED_FACTOR_PRP_OR_LL_RESULT_AND_NO_ACTIVE_GIMPS_ASSIGNMENT,2026-08-08T19:16:24+00:00,UNALLOCATED,,,,,
SLCMP700-1557,1557,1558,317328731,2^317328731-1,STRUCTURAL_SCREEN_EXHAUSTED_PRIMALITY_UNASSIGNED,GF3A_DIRECTIONAL_WRITE_EXHAUSTED_PRIMALITY_UNASSIGNED,514,512,512,NO_RECORDED_FACTOR_PRP_OR_LL_RESULT_AND_NO_ACTIVE_GIMPS_ASSIGNMENT,2026-08-08T19:16:24+00:00,UNALLOCATED,,,,,
SLCMP700-1558,1558,1559,317328763,2^317328763-1,STRUCTURAL_SCREEN_EXHAUSTED_PRIMALITY_UNASSIGNED,GF3A_DIRECTIONAL_WRITE_EXHAUSTED_PRIMALITY_UNASSIGNED,514,512,512,NO_RECORDED_FACTOR_PRP_OR_LL_RESULT_AND_NO_ACTIVE_GIMPS_ASSIGNMENT,2026-08-08T19:16:24+00:00,UNALLOCATED,,,,,
SLCMP700-1559,1559,1560,317328841,2^317328841-1,STRUCTURAL_SCREEN_EXHAUSTED_PRIMALITY_UNASSIGNED,GF3A_DIRECTIONAL_WRITE_EXHAUSTED_PRIMALITY_UNASSIGNED,513,512,512,NO_RECORDED_FACTOR_PRP_OR_LL_RESULT_AND_NO_ACTIVE_GIMPS_ASSIGNMENT,2026-08-08T19:16:24+00:00,UNALLOCATED,,,,,
SLCMP700-1560,1560,1561,317328887,2^317328887-1,STRUCTURAL_SCREEN_EXHAUSTED_PRIMALITY_UNASSIGNED,GF3A_DIRECTIONAL_WRITE_EXHAUSTED_PRIMALITY_UNASSIGNED,514,512,512,NO_RECORDED_FACTOR_PRP_OR_LL_RESULT_AND_NO_ACTIVE_GIMPS_ASSIGNMENT,2026-08-08T19:16:24+00:00,UNALLOCATED,,,,,
SLCMP700-1561,1561,1562,317328923,2^317328923-1,STRUCTURAL_SCREEN_EXHAUSTED_PRIMALITY_UNASSIGNED,GF3A_DIRECTIONAL_WRITE_EXHAUSTED_PRIMALITY_UNASSIGNED,514,512,512,NO_RECORDED_FACTOR_PRP_OR_LL_RESULT_AND_NO_ACTIVE_GIMPS_ASSIGNMENT,2026-08-08T19:16:24+00:00,UNALLOCATED,,,,,
SLCMP700-1562,1562,1563,317328941,2^317328941-1,STRUCTURAL_SCREEN_EXHAUSTED_PRIMALITY_UNASSIGNED,GF3A_DIRECTIONAL_WRITE_EXHAUSTED_PRIMALITY_UNASSIGNED,513,512,512,NO_RECORDED_FACTOR_PRP_OR_LL_RESULT_AND_NO_ACTIVE_GIMPS_ASSIGNMENT,2026-08-08T19:16:24+00:00,UNALLOCATED,,,,,
SLCMP700-1563,1563,1564,317328959,2^317328959-1,STRUCTURAL_SCREEN_EXHAUSTED_PRIMALITY_UNASSIGNED,GF3A_DIRECTIONAL_WRITE_EXHAUSTED_PRIMALITY_UNASSIGNED,514,512,512,NO_RECORDED_FACTOR_PRP_OR_LL_RESULT_AND_NO_ACTIVE_GIMPS_ASSIGNMENT,2026-08-08T19:16:24+00:00,UNALLOCATED,,,,,
SLCMP700-1564,1564,1565,317329043,2^317329043-1,STRUCTURAL_SCREEN_EXHAUSTED_PRIMALITY_UNASSIGNED,GF3A_DIRECTIONAL_WRITE_EXHAUSTED_PRIMALITY_UNASSIGNED,514,512,512,NO_RECORDED_FACTOR_PRP_OR_LL_RESULT_AND_NO_ACTIVE_GIMPS_ASSIGNMENT,2026-08-08T19:16:24+00:00,UNALLOCATED,,,,,
SLCMP700-1565,1565,1566,317329069,2^317329069-1,STRUCTURAL_SCREEN_EXHAUSTED_PRIMALITY_UNASSIGNED,GF3A_DIRECTIONAL_WRITE_EXHAUSTED_PRIMALITY_UNASSIGNED,513,512,512,NO_RECORDED_FACTOR_PRP_OR_LL_RESULT_AND_NO_ACTIVE_GIMPS_ASSIGNMENT,2026-08-08T19:16:24+00:00,UNALLOCATED,,,,,
SLCMP700-1566,1566,1567,317329141,2^317329141-1,STRUCTURAL_SCREEN_EXHAUSTED_PRIMALITY_UNASSIGNED,GF3A_DIRECTIONAL_WRITE_EXHAUSTED_PRIMALITY_UNASSIGNED,513,512,512,NO_RECORDED_FACTOR_PRP_OR_LL_RESULT_AND_NO_ACTIVE_GIMPS_ASSIGNMENT,2026-08-08T19:16:24+00:00,UNALLOCATED,,,,,
SLCMP700-1567,1567,1568,317329147,2^317329147-1,STRUCTURAL_SCREEN_EXHAUSTED_PRIMALITY_UNASSIGNED,GF3A_DIRECTIONAL_WRITE_EXHAUSTED_PRIMALITY_UNASSIGNED,514,512,512,NO_RECORDED_FACTOR_PRP_OR_LL_RESULT_AND_NO_ACTIVE_GIMPS_ASSIGNMENT,2026-08-08T19:16:24+00:00,UNALLOCATED,,,,,
SLCMP700-1568,1568,1569,317329211,2^317329211-1,STRUCTURAL_SCREEN_EXHAUSTED_PRIMALITY_UNASSIGNED,GF3A_DIRECTIONAL_WRITE_EXHAUSTED_PRIMALITY_UNASSIGNED,514,512,512,NO_RECORDED_FACTOR_PRP_OR_LL_RESULT_AND_NO_ACTIVE_GIMPS_ASSIGNMENT,2026-08-08T19:16:24+00:00,UNALLOCATED,,,,,
SLCMP700-1569,1569,1570,317329273,2^317329273-1,STRUCTURAL_SCREEN_EXHAUSTED_PRIMALITY_UNASSIGNED,GF3A_DIRECTIONAL_WRITE_EXHAUSTED_PRIMALITY_UNASSIGNED,513,512,512,NO_RECORDED_FACTOR_PRP_OR_LL_RESULT_AND_NO_ACTIVE_GIMPS_ASSIGNMENT,2026-08-08T19:16:24+00:00,UNALLOCATED,,,,,
SLCMP700-1570,1570,1571,317329319,2^317329319-1,STRUCTURAL_SCREEN_EXHAUSTED_PRIMALITY_UNASSIGNED,GF3A_DIRECTIONAL_WRITE_EXHAUSTED_PRIMALITY_UNASSIGNED,514,512,512,NO_RECORDED_FACTOR_PRP_OR_LL_RESULT_AND_NO_ACTIVE_GIMPS_ASSIGNMENT,2026-08-08T19:16:24+00:00,UNALLOCATED,,,,,
SLCMP700-1571,1571,1572,317329483,2^317329483-1,STRUCTURAL_SCREEN_EXHAUSTED_PRIMALITY_UNASSIGNED,GF3A_DIRECTIONAL_WRITE_EXHAUSTED_PRIMALITY_UNASSIGNED,514,512,512,NO_RECORDED_FACTOR_PRP_OR_LL_RESULT_AND_NO_ACTIVE_GIMPS_ASSIGNMENT,2026-08-08T19:16:24+00:00,UNALLOCATED,,,,,
SLCMP700-1572,1572,1573,317329489,2^317329489-1,STRUCTURAL_SCREEN_EXHAUSTED_PRIMALITY_UNASSIGNED,GF3A_DIRECTIONAL_WRITE_EXHAUSTED_PRIMALITY_UNASSIGNED,513,512,512,NO_RECORDED_FACTOR_PRP_OR_LL_RESULT_AND_NO_ACTIVE_GIMPS_ASSIGNMENT,2026-08-08T19:16:24+00:00,UNALLOCATED,,,,,
SLCMP700-1573,1573,1574,317329567,2^317329567-1,STRUCTURAL_SCREEN_EXHAUSTED_PRIMALITY_UNASSIGNED,GF3A_DIRECTIONAL_WRITE_EXHAUSTED_PRIMALITY_UNASSIGNED,514,512,512,NO_RECORDED_FACTOR_PRP_OR_LL_RESULT_AND_NO_ACTIVE_GIMPS_ASSIGNMENT,2026-08-08T19:16:24+00:00,UNALLOCATED,,,,,
SLCMP700-1574,1574,1575,317329757,2^317329757-1,STRUCTURAL_SCREEN_EXHAUSTED_PRIMALITY_UNASSIGNED,GF3A_DIRECTIONAL_WRITE_EXHAUSTED_PRIMALITY_UNASSIGNED,513,512,512,NO_RECORDED_FACTOR_PRP_OR_LL_RESULT_AND_NO_ACTIVE_GIMPS_ASSIGNMENT,2026-08-08T19:16:24+00:00,UNALLOCATED,,,,,
SLCMP700-1575,1575,1576,317329801,2^317329801-1,STRUCTURAL_SCREEN_EXHAUSTED_PRIMALITY_UNASSIGNED,GF3A_DIRECTIONAL_WRITE_EXHAUSTED_PRIMALITY_UNASSIGNED,513,512,512,NO_RECORDED_FACTOR_PRP_OR_LL_RESULT_AND_NO_ACTIVE_GIMPS_ASSIGNMENT,2026-08-08T19:16:24+00:00,UNALLOCATED,,,,,
SLCMP700-1576,1576,1577,317329823,2^317329823-1,STRUCTURAL_SCREEN_EXHAUSTED_PRIMALITY_UNASSIGNED,GF3A_DIRECTIONAL_WRITE_EXHAUSTED_PRIMALITY_UNASSIGNED,514,512,512,NO_RECORDED_FACTOR_PRP_OR_LL_RESULT_AND_NO_ACTIVE_GIMPS_ASSIGNMENT,2026-08-08T19:16:24+00:00,UNALLOCATED,,,,,
SLCMP700-1577,1577,1578,317329897,2^317329897-1,STRUCTURAL_SCREEN_EXHAUSTED_PRIMALITY_UNASSIGNED,GF3A_DIRECTIONAL_WRITE_EXHAUSTED_PRIMALITY_UNASSIGNED,513,512,512,NO_RECORDED_FACTOR_PRP_OR_LL_RESULT_AND_NO_ACTIVE_GIMPS_ASSIGNMENT,2026-08-08T19:16:24+00:00,UNALLOCATED,,,,,
SLCMP700-1578,1578,1579,317329951,2^317329951-1,STRUCTURAL_SCREEN_EXHAUSTED_PRIMALITY_UNASSIGNED,GF3A_DIRECTIONAL_WRITE_EXHAUSTED_PRIMALITY_UNASSIGNED,514,512,512,NO_RECORDED_FACTOR_PRP_OR_LL_RESULT_AND_NO_ACTIVE_GIMPS_ASSIGNMENT,2026-08-08T19:16:24+00:00,UNALLOCATED,,,,,
SLCMP700-1579,1579,1580,317330053,2^317330053-1,STRUCTURAL_SCREEN_EXHAUSTED_PRIMALITY_UNASSIGNED,GF3A_DIRECTIONAL_WRITE_EXHAUSTED_PRIMALITY_UNASSIGNED,513,512,512,NO_RECORDED_FACTOR_PRP_OR_LL_RESULT_AND_NO_ACTIVE_GIMPS_ASSIGNMENT,2026-08-08T19:16:24+00:00,UNALLOCATED,,,,,
SLCMP700-1580,1580,1581,317330219,2^317330219-1,STRUCTURAL_SCREEN_EXHAUSTED_PRIMALITY_UNASSIGNED,GF3A_DIRECTIONAL_WRITE_EXHAUSTED_PRIMALITY_UNASSIGNED,514,512,512,NO_RECORDED_FACTOR_PRP_OR_LL_RESULT_AND_NO_ACTIVE_GIMPS_ASSIGNMENT,2026-08-08T19:16:24+00:00,UNALLOCATED,,,,,
SLCMP700-1581,1581,1582,317330269,2^317330269-1,STRUCTURAL_SCREEN_EXHAUSTED_PRIMALITY_UNASSIGNED,GF3A_DIRECTIONAL_WRITE_EXHAUSTED_PRIMALITY_UNASSIGNED,513,512,512,NO_RECORDED_FACTOR_PRP_OR_LL_RESULT_AND_NO_ACTIVE_GIMPS_ASSIGNMENT,2026-08-08T19:16:24+00:00,UNALLOCATED,,,,,
SLCMP700-1582,1582,1583,317330303,2^317330303-1,STRUCTURAL_SCREEN_EXHAUSTED_PRIMALITY_UNASSIGNED,GF3A_DIRECTIONAL_WRITE_EXHAUSTED_PRIMALITY_UNASSIGNED,514,512,512,NO_RECORDED_FACTOR_PRP_OR_LL_RESULT_AND_NO_ACTIVE_GIMPS_ASSIGNMENT,2026-08-08T19:16:24+00:00,UNALLOCATED,,,,,
SLCMP700-1583,1583,1584,317330309,2^317330309-1,STRUCTURAL_SCREEN_EXHAUSTED_PRIMALITY_UNASSIGNED,GF3A_DIRECTIONAL_WRITE_EXHAUSTED_PRIMALITY_UNASSIGNED,513,512,512,NO_RECORDED_FACTOR_PRP_OR_LL_RESULT_AND_NO_ACTIVE_GIMPS_ASSIGNMENT,2026-08-08T19:16:24+00:00,UNALLOCATED,,,,,
SLCMP700-1584,1584,1585,317330393,2^317330393-1,STRUCTURAL_SCREEN_EXHAUSTED_PRIMALITY_UNASSIGNED,GF3A_DIRECTIONAL_WRITE_EXHAUSTED_PRIMALITY_UNASSIGNED,513,512,512,NO_RECORDED_FACTOR_PRP_OR_LL_RESULT_AND_NO_ACTIVE_GIMPS_ASSIGNMENT,2026-08-08T19:16:24+00:00,UNALLOCATED,,,,,
SLCMP700-1585,1585,1586,317330399,2^317330399-1,STRUCTURAL_SCREEN_EXHAUSTED_PRIMALITY_UNASSIGNED,GF3A_DIRECTIONAL_WRITE_EXHAUSTED_PRIMALITY_UNASSIGNED,514,512,512,NO_RECORDED_FACTOR_PRP_OR_LL_RESULT_AND_NO_ACTIVE_GIMPS_ASSIGNMENT,2026-08-08T19:16:24+00:00,UNALLOCATED,,,,,
SLCMP700-1586,1586,1587,317330443,2^317330443-1,STRUCTURAL_SCREEN_EXHAUSTED_PRIMALITY_UNASSIGNED,GF3A_DIRECTIONAL_WRITE_EXHAUSTED_PRIMALITY_UNASSIGNED,514,512,512,NO_RECORDED_FACTOR_PRP_OR_LL_RESULT_AND_NO_ACTIVE_GIMPS_ASSIGNMENT,2026-08-08T19:16:24+00:00,UNALLOCATED,,,,,
SLCMP700-1587,1587,1588,317330569,2^317330569-1,STRUCTURAL_SCREEN_EXHAUSTED_PRIMALITY_UNASSIGNED,GF3A_DIRECTIONAL_WRITE_EXHAUSTED_PRIMALITY_UNASSIGNED,513,512,512,NO_RECORDED_FACTOR_PRP_OR_LL_RESULT_AND_NO_ACTIVE_GIMPS_ASSIGNMENT,2026-08-08T19:16:24+00:00,UNALLOCATED,,,,,
SLCMP700-1588,1588,1589,317330579,2^317330579-1,STRUCTURAL_SCREEN_EXHAUSTED_PRIMALITY_UNASSIGNED,GF3A_DIRECTIONAL_WRITE_EXHAUSTED_PRIMALITY_UNASSIGNED,514,512,512,NO_RECORDED_FACTOR_PRP_OR_LL_RESULT_AND_NO_ACTIVE_GIMPS_ASSIGNMENT,2026-08-08T19:16:24+00:00,UNALLOCATED,,,,,
SLCMP700-1589,1589,1590,317330581,2^317330581-1,STRUCTURAL_SCREEN_EXHAUSTED_PRIMALITY_UNASSIGNED,GF3A_DIRECTIONAL_WRITE_EXHAUSTED_PRIMALITY_UNASSIGNED,513,512,512,NO_RECORDED_FACTOR_PRP_OR_LL_RESULT_AND_NO_ACTIVE_GIMPS_ASSIGNMENT,2026-08-08T19:16:24+00:00,UNALLOCATED,,,,,
SLCMP700-1590,1590,1591,317330591,2^317330591-1,STRUCTURAL_SCREEN_EXHAUSTED_PRIMALITY_UNASSIGNED,GF3A_DIRECTIONAL_WRITE_EXHAUSTED_PRIMALITY_UNASSIGNED,514,512,512,NO_RECORDED_FACTOR_PRP_OR_LL_RESULT_AND_NO_ACTIVE_GIMPS_ASSIGNMENT,2026-08-08T19:16:24+00:00,UNALLOCATED,,,,,
SLCMP700-1591,1591,1592,317330599,2^317330599-1,STRUCTURAL_SCREEN_EXHAUSTED_PRIMALITY_UNASSIGNED,GF3A_DIRECTIONAL_WRITE_EXHAUSTED_PRIMALITY_UNASSIGNED,514,512,512,NO_RECORDED_FACTOR_PRP_OR_LL_RESULT_AND_NO_ACTIVE_GIMPS_ASSIGNMENT,2026-08-08T19:16:24+00:00,UNALLOCATED,,,,,
SLCMP700-1592,1592,1593,317330621,2^317330621-1,STRUCTURAL_SCREEN_EXHAUSTED_PRIMALITY_UNASSIGNED,GF3A_DIRECTIONAL_WRITE_EXHAUSTED_PRIMALITY_UNASSIGNED,513,512,512,NO_RECORDED_FACTOR_PRP_OR_LL_RESULT_AND_NO_ACTIVE_GIMPS_ASSIGNMENT,2026-08-08T19:16:24+00:00,UNALLOCATED,,,,,
SLCMP700-1593,1593,1594,317330729,2^317330729-1,STRUCTURAL_SCREEN_EXHAUSTED_PRIMALITY_UNASSIGNED,GF3A_DIRECTIONAL_WRITE_EXHAUSTED_PRIMALITY_UNASSIGNED,513,512,512,NO_RECORDED_FACTOR_PRP_OR_LL_RESULT_AND_NO_ACTIVE_GIMPS_ASSIGNMENT,2026-08-08T19:16:24+00:00,UNALLOCATED,,,,,
SLCMP700-1594,1594,1595,317330777,2^317330777-1,STRUCTURAL_SCREEN_EXHAUSTED_PRIMALITY_UNASSIGNED,GF3A_DIRECTIONAL_WRITE_EXHAUSTED_PRIMALITY_UNASSIGNED,513,512,512,NO_RECORDED_FACTOR_PRP_OR_LL_RESULT_AND_NO_ACTIVE_GIMPS_ASSIGNMENT,2026-08-08T19:16:24+00:00,UNALLOCATED,,,,,
SLCMP700-1595,1595,1596,317330807,2^317330807-1,STRUCTURAL_SCREEN_EXHAUSTED_PRIMALITY_UNASSIGNED,GF3A_DIRECTIONAL_WRITE_EXHAUSTED_PRIMALITY_UNASSIGNED,514,512,512,NO_RECORDED_FACTOR_PRP_OR_LL_RESULT_AND_NO_ACTIVE_GIMPS_ASSIGNMENT,2026-08-08T19:16:24+00:00,UNALLOCATED,,,,,
SLCMP700-1596,1596,1597,317330861,2^317330861-1,STRUCTURAL_SCREEN_EXHAUSTED_PRIMALITY_UNASSIGNED,GF3A_DIRECTIONAL_WRITE_EXHAUSTED_PRIMALITY_UNASSIGNED,513,512,512,NO_RECORDED_FACTOR_PRP_OR_LL_RESULT_AND_NO_ACTIVE_GIMPS_ASSIGNMENT,2026-08-08T19:16:24+00:00,UNALLOCATED,,,,,
SLCMP700-1597,1597,1598,317330903,2^317330903-1,STRUCTURAL_SCREEN_EXHAUSTED_PRIMALITY_UNASSIGNED,GF3A_DIRECTIONAL_WRITE_EXHAUSTED_PRIMALITY_UNASSIGNED,514,512,512,NO_RECORDED_FACTOR_PRP_OR_LL_RESULT_AND_NO_ACTIVE_GIMPS_ASSIGNMENT,2026-08-08T19:16:24+00:00,UNALLOCATED,,,,,
SLCMP700-1598,1598,1599,317330917,2^317330917-1,STRUCTURAL_SCREEN_EXHAUSTED_PRIMALITY_UNASSIGNED,GF3A_DIRECTIONAL_WRITE_EXHAUSTED_PRIMALITY_UNASSIGNED,513,512,512,NO_RECORDED_FACTOR_PRP_OR_LL_RESULT_AND_NO_ACTIVE_GIMPS_ASSIGNMENT,2026-08-08T19:16:24+00:00,UNALLOCATED,,,,,
SLCMP700-1599,1599,1600,317330929,2^317330929-1,STRUCTURAL_SCREEN_EXHAUSTED_PRIMALITY_UNASSIGNED,GF3A_DIRECTIONAL_WRITE_EXHAUSTED_PRIMALITY_UNASSIGNED,513,512,512,NO_RECORDED_FACTOR_PRP_OR_LL_RESULT_AND_NO_ACTIVE_GIMPS_ASSIGNMENT,2026-08-08T19:16:24+00:00,UNALLOCATED,,,,,
SLCMP700-1600,1600,1601,317330957,2^317330957-1,STRUCTURAL_SCREEN_EXHAUSTED_PRIMALITY_UNASSIGNED,GF3A_DIRECTIONAL_WRITE_EXHAUSTED_PRIMALITY_UNASSIGNED,513,512,512,NO_RECORDED_FACTOR_PRP_OR_LL_RESULT_AND_NO_ACTIVE_GIMPS_ASSIGNMENT,2026-08-08T19:16:24+00:00,UNALLOCATED,,,,,
SLCMP700-1601,1601,1602,317330971,2^317330971-1,STRUCTURAL_SCREEN_EXHAUSTED_PRIMALITY_UNASSIGNED,GF3A_DIRECTIONAL_WRITE_EXHAUSTED_PRIMALITY_UNASSIGNED,514,512,512,NO_RECORDED_FACTOR_PRP_OR_LL_RESULT_AND_NO_ACTIVE_GIMPS_ASSIGNMENT,2026-08-08T19:16:24+00:00,UNALLOCATED,,,,,
SLCMP700-1602,1602,1603,317331019,2^317331019-1,STRUCTURAL_SCREEN_EXHAUSTED_PRIMALITY_UNASSIGNED,GF3A_DIRECTIONAL_WRITE_EXHAUSTED_PRIMALITY_UNASSIGNED,514,512,512,NO_RECORDED_FACTOR_PRP_OR_LL_RESULT_AND_NO_ACTIVE_GIMPS_ASSIGNMENT,2026-08-08T19:16:24+00:00,UNALLOCATED,,,,,
SLCMP700-1603,1603,1604,317331101,2^317331101-1,STRUCTURAL_SCREEN_EXHAUSTED_PRIMALITY_UNASSIGNED,GF3A_DIRECTIONAL_WRITE_EXHAUSTED_PRIMALITY_UNASSIGNED,513,512,512,NO_RECORDED_FACTOR_PRP_OR_LL_RESULT_AND_NO_ACTIVE_GIMPS_ASSIGNMENT,2026-08-08T19:16:24+00:00,UNALLOCATED,,,,,
SLCMP700-1604,1604,1605,317331109,2^317331109-1,STRUCTURAL_SCREEN_EXHAUSTED_PRIMALITY_UNASSIGNED,GF3A_DIRECTIONAL_WRITE_EXHAUSTED_PRIMALITY_UNASSIGNED,513,512,512,NO_RECORDED_FACTOR_PRP_OR_LL_RESULT_AND_NO_ACTIVE_GIMPS_ASSIGNMENT,2026-08-08T19:16:24+00:00,UNALLOCATED,,,,,
SLCMP700-1605,1605,1606,317331127,2^317331127-1,STRUCTURAL_SCREEN_EXHAUSTED_PRIMALITY_UNASSIGNED,GF3A_DIRECTIONAL_WRITE_EXHAUSTED_PRIMALITY_UNASSIGNED,514,512,512,NO_RECORDED_FACTOR_PRP_OR_LL_RESULT_AND_NO_ACTIVE_GIMPS_ASSIGNMENT,2026-08-08T19:16:24+00:00,UNALLOCATED,,,,,
SLCMP700-1606,1606,1607,317331149,2^317331149-1,STRUCTURAL_SCREEN_EXHAUSTED_PRIMALITY_UNASSIGNED,GF3A_DIRECTIONAL_WRITE_EXHAUSTED_PRIMALITY_UNASSIGNED,513,512,512,NO_RECORDED_FACTOR_PRP_OR_LL_RESULT_AND_NO_ACTIVE_GIMPS_ASSIGNMENT,2026-08-08T19:16:24+00:00,UNALLOCATED,,,,,
SLCMP700-1607,1607,1608,317331151,2^317331151-1,STRUCTURAL_SCREEN_EXHAUSTED_PRIMALITY_UNASSIGNED,GF3A_DIRECTIONAL_WRITE_EXHAUSTED_PRIMALITY_UNASSIGNED,514,512,512,NO_RECORDED_FACTOR_PRP_OR_LL_RESULT_AND_NO_ACTIVE_GIMPS_ASSIGNMENT,2026-08-08T19:16:24+00:00,UNALLOCATED,,,,,
SLCMP700-1608,1608,1609,317331241,2^317331241-1,STRUCTURAL_SCREEN_EXHAUSTED_PRIMALITY_UNASSIGNED,GF3A_DIRECTIONAL_WRITE_EXHAUSTED_PRIMALITY_UNASSIGNED,513,512,512,NO_RECORDED_FACTOR_PRP_OR_LL_RESULT_AND_NO_ACTIVE_GIMPS_ASSIGNMENT,2026-08-08T19:16:24+00:00,UNALLOCATED,,,,,
SLCMP700-1609,1609,1610,317331337,2^317331337-1,STRUCTURAL_SCREEN_EXHAUSTED_PRIMALITY_UNASSIGNED,GF3A_DIRECTIONAL_WRITE_EXHAUSTED_PRIMALITY_UNASSIGNED,513,512,512,NO_RECORDED_FACTOR_PRP_OR_LL_RESULT_AND_NO_ACTIVE_GIMPS_ASSIGNMENT,2026-08-08T19:16:24+00:00,UNALLOCATED,,,,,
SLCMP700-1610,1610,1611,317331341,2^317331341-1,STRUCTURAL_SCREEN_EXHAUSTED_PRIMALITY_UNASSIGNED,GF3A_DIRECTIONAL_WRITE_EXHAUSTED_PRIMALITY_UNASSIGNED,513,512,512,NO_RECORDED_FACTOR_PRP_OR_LL_RESULT_AND_NO_ACTIVE_GIMPS_ASSIGNMENT,2026-08-08T19:16:24+00:00,UNALLOCATED,,,,,
SLCMP700-1611,1611,1612,317331389,2^317331389-1,STRUCTURAL_SCREEN_EXHAUSTED_PRIMALITY_UNASSIGNED,GF3A_DIRECTIONAL_WRITE_EXHAUSTED_PRIMALITY_UNASSIGNED,513,512,512,NO_RECORDED_FACTOR_PRP_OR_LL_RESULT_AND_NO_ACTIVE_GIMPS_ASSIGNMENT,2026-08-08T19:16:24+00:00,UNALLOCATED,,,,,
SLCMP700-1612,1612,1613,317331467,2^317331467-1,STRUCTURAL_SCREEN_EXHAUSTED_PRIMALITY_UNASSIGNED,GF3A_DIRECTIONAL_WRITE_EXHAUSTED_PRIMALITY_UNASSIGNED,514,512,512,NO_RECORDED_FACTOR_PRP_OR_LL_RESULT_AND_NO_ACTIVE_GIMPS_ASSIGNMENT,2026-08-08T19:16:24+00:00,UNALLOCATED,,,,,
SLCMP700-1613,1613,1614,317331587,2^317331587-1,STRUCTURAL_SCREEN_EXHAUSTED_PRIMALITY_UNASSIGNED,GF3A_DIRECTIONAL_WRITE_EXHAUSTED_PRIMALITY_UNASSIGNED,514,512,512,NO_RECORDED_FACTOR_PRP_OR_LL_RESULT_AND_NO_ACTIVE_GIMPS_ASSIGNMENT,2026-08-08T19:16:24+00:00,UNALLOCATED,,,,,
SLCMP700-1614,1614,1615,317331683,2^317331683-1,STRUCTURAL_SCREEN_EXHAUSTED_PRIMALITY_UNASSIGNED,GF3A_DIRECTIONAL_WRITE_EXHAUSTED_PRIMALITY_UNASSIGNED,514,512,512,NO_RECORDED_FACTOR_PRP_OR_LL_RESULT_AND_NO_ACTIVE_GIMPS_ASSIGNMENT,2026-08-08T19:16:24+00:00,UNALLOCATED,,,,,
SLCMP700-1615,1615,1616,317331691,2^317331691-1,STRUCTURAL_SCREEN_EXHAUSTED_PRIMALITY_UNASSIGNED,GF3A_DIRECTIONAL_WRITE_EXHAUSTED_PRIMALITY_UNASSIGNED,514,512,512,NO_RECORDED_FACTOR_PRP_OR_LL_RESULT_AND_NO_ACTIVE_GIMPS_ASSIGNMENT,2026-08-08T19:16:24+00:00,UNALLOCATED,,,,,
SLCMP700-1616,1616,1617,317331727,2^317331727-1,STRUCTURAL_SCREEN_EXHAUSTED_PRIMALITY_UNASSIGNED,GF3A_DIRECTIONAL_WRITE_EXHAUSTED_PRIMALITY_UNASSIGNED,514,512,512,NO_RECORDED_FACTOR_PRP_OR_LL_RESULT_AND_NO_ACTIVE_GIMPS_ASSIGNMENT,2026-08-08T19:16:24+00:00,UNALLOCATED,,,,,
SLCMP700-1617,1617,1618,317331739,2^317331739-1,STRUCTURAL_SCREEN_EXHAUSTED_PRIMALITY_UNASSIGNED,GF3A_DIRECTIONAL_WRITE_EXHAUSTED_PRIMALITY_UNASSIGNED,514,512,512,NO_RECORDED_FACTOR_PRP_OR_LL_RESULT_AND_NO_ACTIVE_GIMPS_ASSIGNMENT,2026-08-08T19:16:24+00:00,UNALLOCATED,,,,,
SLCMP700-1618,1618,1619,317331761,2^317331761-1,STRUCTURAL_SCREEN_EXHAUSTED_PRIMALITY_UNASSIGNED,GF3A_DIRECTIONAL_WRITE_EXHAUSTED_PRIMALITY_UNASSIGNED,513,512,512,NO_RECORDED_FACTOR_PRP_OR_LL_RESULT_AND_NO_ACTIVE_GIMPS_ASSIGNMENT,2026-08-08T19:16:24+00:00,UNALLOCATED,,,,,
SLCMP700-1619,1619,1620,317331893,2^317331893-1,STRUCTURAL_SCREEN_EXHAUSTED_PRIMALITY_UNASSIGNED,GF3A_DIRECTIONAL_WRITE_EXHAUSTED_PRIMALITY_UNASSIGNED,513,512,512,NO_RECORDED_FACTOR_PRP_OR_LL_RESULT_AND_NO_ACTIVE_GIMPS_ASSIGNMENT,2026-08-08T19:16:24+00:00,UNALLOCATED,,,,,
SLCMP700-1620,1620,1621,317331953,2^317331953-1,STRUCTURAL_SCREEN_EXHAUSTED_PRIMALITY_UNASSIGNED,GF3A_DIRECTIONAL_WRITE_EXHAUSTED_PRIMALITY_UNASSIGNED,513,512,512,NO_RECORDED_FACTOR_PRP_OR_LL_RESULT_AND_NO_ACTIVE_GIMPS_ASSIGNMENT,2026-08-08T19:16:24+00:00,UNALLOCATED,,,,,
SLCMP700-1621,1621,1622,317331961,2^317331961-1,STRUCTURAL_SCREEN_EXHAUSTED_PRIMALITY_UNASSIGNED,GF3A_DIRECTIONAL_WRITE_EXHAUSTED_PRIMALITY_UNASSIGNED,513,512,512,NO_RECORDED_FACTOR_PRP_OR_LL_RESULT_AND_NO_ACTIVE_GIMPS_ASSIGNMENT,2026-08-08T19:16:24+00:00,UNALLOCATED,,,,,
SLCMP700-1622,1622,1623,317331983,2^317331983-1,STRUCTURAL_SCREEN_EXHAUSTED_PRIMALITY_UNASSIGNED,GF3A_DIRECTIONAL_WRITE_EXHAUSTED_PRIMALITY_UNASSIGNED,514,512,512,NO_RECORDED_FACTOR_PRP_OR_LL_RESULT_AND_NO_ACTIVE_GIMPS_ASSIGNMENT,2026-08-08T19:16:24+00:00,UNALLOCATED,,,,,
SLCMP700-1623,1623,1624,317332003,2^317332003-1,STRUCTURAL_SCREEN_EXHAUSTED_PRIMALITY_UNASSIGNED,GF3A_DIRECTIONAL_WRITE_EXHAUSTED_PRIMALITY_UNASSIGNED,514,512,512,NO_RECORDED_FACTOR_PRP_OR_LL_RESULT_AND_NO_ACTIVE_GIMPS_ASSIGNMENT,2026-08-08T19:16:24+00:00,UNALLOCATED,,,,,
SLCMP700-1624,1624,1625,317332039,2^317332039-1,STRUCTURAL_SCREEN_EXHAUSTED_PRIMALITY_UNASSIGNED,GF3A_DIRECTIONAL_WRITE_EXHAUSTED_PRIMALITY_UNASSIGNED,514,512,512,NO_RECORDED_FACTOR_PRP_OR_LL_RESULT_AND_NO_ACTIVE_GIMPS_ASSIGNMENT,2026-08-08T19:16:24+00:00,UNALLOCATED,,,,,
SLCMP700-1625,1625,1626,317332049,2^317332049-1,STRUCTURAL_SCREEN_EXHAUSTED_PRIMALITY_UNASSIGNED,GF3A_DIRECTIONAL_WRITE_EXHAUSTED_PRIMALITY_UNASSIGNED,513,512,512,NO_RECORDED_FACTOR_PRP_OR_LL_RESULT_AND_NO_ACTIVE_GIMPS_ASSIGNMENT,2026-08-08T19:16:24+00:00,UNALLOCATED,,,,,
SLCMP700-1626,1626,1627,317332051,2^317332051-1,STRUCTURAL_SCREEN_EXHAUSTED_PRIMALITY_UNASSIGNED,GF3A_DIRECTIONAL_WRITE_EXHAUSTED_PRIMALITY_UNASSIGNED,514,512,512,NO_RECORDED_FACTOR_PRP_OR_LL_RESULT_AND_NO_ACTIVE_GIMPS_ASSIGNMENT,2026-08-08T19:16:24+00:00,UNALLOCATED,,,,,
SLCMP700-1627,1627,1628,317332159,2^317332159-1,STRUCTURAL_SCREEN_EXHAUSTED_PRIMALITY_UNASSIGNED,GF3A_DIRECTIONAL_WRITE_EXHAUSTED_PRIMALITY_UNASSIGNED,514,512,512,NO_RECORDED_FACTOR_PRP_OR_LL_RESULT_AND_NO_ACTIVE_GIMPS_ASSIGNMENT,2026-08-08T19:16:24+00:00,UNALLOCATED,,,,,
SLCMP700-1628,1628,1629,317332229,2^317332229-1,STRUCTURAL_SCREEN_EXHAUSTED_PRIMALITY_UNASSIGNED,GF3A_DIRECTIONAL_WRITE_EXHAUSTED_PRIMALITY_UNASSIGNED,513,512,512,NO_RECORDED_FACTOR_PRP_OR_LL_RESULT_AND_NO_ACTIVE_GIMPS_ASSIGNMENT,2026-08-08T19:16:24+00:00,UNALLOCATED,,,,,
SLCMP700-1629,1629,1630,317332321,2^317332321-1,STRUCTURAL_SCREEN_EXHAUSTED_PRIMALITY_UNASSIGNED,GF3A_DIRECTIONAL_WRITE_EXHAUSTED_PRIMALITY_UNASSIGNED,513,512,512,NO_RECORDED_FACTOR_PRP_OR_LL_RESULT_AND_NO_ACTIVE_GIMPS_ASSIGNMENT,2026-08-08T19:16:24+00:00,UNALLOCATED,,,,,
SLCMP700-1630,1630,1631,317332331,2^317332331-1,STRUCTURAL_SCREEN_EXHAUSTED_PRIMALITY_UNASSIGNED,GF3A_DIRECTIONAL_WRITE_EXHAUSTED_PRIMALITY_UNASSIGNED,514,512,512,NO_RECORDED_FACTOR_PRP_OR_LL_RESULT_AND_NO_ACTIVE_GIMPS_ASSIGNMENT,2026-08-08T19:16:24+00:00,UNALLOCATED,,,,,
SLCMP700-1631,1631,1632,317332349,2^317332349-1,STRUCTURAL_SCREEN_EXHAUSTED_PRIMALITY_UNASSIGNED,GF3A_DIRECTIONAL_WRITE_EXHAUSTED_PRIMALITY_UNASSIGNED,513,512,512,NO_RECORDED_FACTOR_PRP_OR_LL_RESULT_AND_NO_ACTIVE_GIMPS_ASSIGNMENT,2026-08-08T19:16:24+00:00,UNALLOCATED,,,,,
SLCMP700-1632,1632,1633,317332373,2^317332373-1,STRUCTURAL_SCREEN_EXHAUSTED_PRIMALITY_UNASSIGNED,GF3A_DIRECTIONAL_WRITE_EXHAUSTED_PRIMALITY_UNASSIGNED,513,512,512,NO_RECORDED_FACTOR_PRP_OR_LL_RESULT_AND_NO_ACTIVE_GIMPS_ASSIGNMENT,2026-08-08T19:16:24+00:00,UNALLOCATED,,,,,
SLCMP700-1633,1633,1634,317332409,2^317332409-1,STRUCTURAL_SCREEN_EXHAUSTED_PRIMALITY_UNASSIGNED,GF3A_DIRECTIONAL_WRITE_EXHAUSTED_PRIMALITY_UNASSIGNED,513,512,512,NO_RECORDED_FACTOR_PRP_OR_LL_RESULT_AND_NO_ACTIVE_GIMPS_ASSIGNMENT,2026-08-08T19:16:24+00:00,UNALLOCATED,,,,,
SLCMP700-1634,1634,1635,317332423,2^317332423-1,STRUCTURAL_SCREEN_EXHAUSTED_PRIMALITY_UNASSIGNED,GF3A_DIRECTIONAL_WRITE_EXHAUSTED_PRIMALITY_UNASSIGNED,514,512,512,NO_RECORDED_FACTOR_PRP_OR_LL_RESULT_AND_NO_ACTIVE_GIMPS_ASSIGNMENT,2026-08-08T19:16:24+00:00,UNALLOCATED,,,,,
SLCMP700-1635,1635,1636,317332429,2^317332429-1,STRUCTURAL_SCREEN_EXHAUSTED_PRIMALITY_UNASSIGNED,GF3A_DIRECTIONAL_WRITE_EXHAUSTED_PRIMALITY_UNASSIGNED,513,512,512,NO_RECORDED_FACTOR_PRP_OR_LL_RESULT_AND_NO_ACTIVE_GIMPS_ASSIGNMENT,2026-08-08T19:16:24+00:00,UNALLOCATED,,,,,
SLCMP700-1636,1636,1637,317332451,2^317332451-1,STRUCTURAL_SCREEN_EXHAUSTED_PRIMALITY_UNASSIGNED,GF3A_DIRECTIONAL_WRITE_EXHAUSTED_PRIMALITY_UNASSIGNED,514,512,512,NO_RECORDED_FACTOR_PRP_OR_LL_RESULT_AND_NO_ACTIVE_GIMPS_ASSIGNMENT,2026-08-08T19:16:24+00:00,UNALLOCATED,,,,,
SLCMP700-1637,1637,1638,317332459,2^317332459-1,STRUCTURAL_SCREEN_EXHAUSTED_PRIMALITY_UNASSIGNED,GF3A_DIRECTIONAL_WRITE_EXHAUSTED_PRIMALITY_UNASSIGNED,514,512,512,NO_RECORDED_FACTOR_PRP_OR_LL_RESULT_AND_NO_ACTIVE_GIMPS_ASSIGNMENT,2026-08-08T19:16:24+00:00,UNALLOCATED,,,,,
SLCMP700-1638,1638,1639,317332517,2^317332517-1,STRUCTURAL_SCREEN_EXHAUSTED_PRIMALITY_UNASSIGNED,GF3A_DIRECTIONAL_WRITE_EXHAUSTED_PRIMALITY_UNASSIGNED,513,512,512,NO_RECORDED_FACTOR_PRP_OR_LL_RESULT_AND_NO_ACTIVE_GIMPS_ASSIGNMENT,2026-08-08T19:16:24+00:00,UNALLOCATED,,,,,
SLCMP700-1639,1639,1640,317332721,2^317332721-1,STRUCTURAL_SCREEN_EXHAUSTED_PRIMALITY_UNASSIGNED,GF3A_DIRECTIONAL_WRITE_EXHAUSTED_PRIMALITY_UNASSIGNED,513,512,512,NO_RECORDED_FACTOR_PRP_OR_LL_RESULT_AND_NO_ACTIVE_GIMPS_ASSIGNMENT,2026-08-08T19:16:24+00:00,UNALLOCATED,,,,,
SLCMP700-1640,1640,1641,317332781,2^317332781-1,STRUCTURAL_SCREEN_EXHAUSTED_PRIMALITY_UNASSIGNED,GF3A_DIRECTIONAL_WRITE_EXHAUSTED_PRIMALITY_UNASSIGNED,513,512,512,NO_RECORDED_FACTOR_PRP_OR_LL_RESULT_AND_NO_ACTIVE_GIMPS_ASSIGNMENT,2026-08-08T19:16:24+00:00,UNALLOCATED,,,,,
SLCMP700-1641,1641,1642,317332933,2^317332933-1,STRUCTURAL_SCREEN_EXHAUSTED_PRIMALITY_UNASSIGNED,GF3A_DIRECTIONAL_WRITE_EXHAUSTED_PRIMALITY_UNASSIGNED,513,512,512,NO_RECORDED_FACTOR_PRP_OR_LL_RESULT_AND_NO_ACTIVE_GIMPS_ASSIGNMENT,2026-08-08T19:16:24+00:00,UNALLOCATED,,,,,
SLCMP700-1642,1642,1643,317332937,2^317332937-1,STRUCTURAL_SCREEN_EXHAUSTED_PRIMALITY_UNASSIGNED,GF3A_DIRECTIONAL_WRITE_EXHAUSTED_PRIMALITY_UNASSIGNED,513,512,512,NO_RECORDED_FACTOR_PRP_OR_LL_RESULT_AND_NO_ACTIVE_GIMPS_ASSIGNMENT,2026-08-08T19:16:24+00:00,UNALLOCATED,,,,,
SLCMP700-1643,1643,1644,317332943,2^317332943-1,STRUCTURAL_SCREEN_EXHAUSTED_PRIMALITY_UNASSIGNED,GF3A_DIRECTIONAL_WRITE_EXHAUSTED_PRIMALITY_UNASSIGNED,514,512,512,NO_RECORDED_FACTOR_PRP_OR_LL_RESULT_AND_NO_ACTIVE_GIMPS_ASSIGNMENT,2026-08-08T19:16:24+00:00,UNALLOCATED,,,,,
SLCMP700-1644,1644,1645,317333057,2^317333057-1,STRUCTURAL_SCREEN_EXHAUSTED_PRIMALITY_UNASSIGNED,GF3A_DIRECTIONAL_WRITE_EXHAUSTED_PRIMALITY_UNASSIGNED,513,512,512,NO_RECORDED_FACTOR_PRP_OR_LL_RESULT_AND_NO_ACTIVE_GIMPS_ASSIGNMENT,2026-08-08T19:16:24+00:00,UNALLOCATED,,,,,
SLCMP700-1645,1645,1646,317333059,2^317333059-1,STRUCTURAL_SCREEN_EXHAUSTED_PRIMALITY_UNASSIGNED,GF3A_DIRECTIONAL_WRITE_EXHAUSTED_PRIMALITY_UNASSIGNED,514,512,512,NO_RECORDED_FACTOR_PRP_OR_LL_RESULT_AND_NO_ACTIVE_GIMPS_ASSIGNMENT,2026-08-08T19:16:24+00:00,UNALLOCATED,,,,,
SLCMP700-1646,1646,1647,317333069,2^317333069-1,STRUCTURAL_SCREEN_EXHAUSTED_PRIMALITY_UNASSIGNED,GF3A_DIRECTIONAL_WRITE_EXHAUSTED_PRIMALITY_UNASSIGNED,513,512,512,NO_RECORDED_FACTOR_PRP_OR_LL_RESULT_AND_NO_ACTIVE_GIMPS_ASSIGNMENT,2026-08-08T19:16:24+00:00,UNALLOCATED,,,,,
SLCMP700-1647,1647,1648,317333083,2^317333083-1,STRUCTURAL_SCREEN_EXHAUSTED_PRIMALITY_UNASSIGNED,GF3A_DIRECTIONAL_WRITE_EXHAUSTED_PRIMALITY_UNASSIGNED,514,512,512,NO_RECORDED_FACTOR_PRP_OR_LL_RESULT_AND_NO_ACTIVE_GIMPS_ASSIGNMENT,2026-08-08T19:16:24+00:00,UNALLOCATED,,,,,
SLCMP700-1648,1648,1649,317333087,2^317333087-1,STRUCTURAL_SCREEN_EXHAUSTED_PRIMALITY_UNASSIGNED,GF3A_DIRECTIONAL_WRITE_EXHAUSTED_PRIMALITY_UNASSIGNED,514,512,512,NO_RECORDED_FACTOR_PRP_OR_LL_RESULT_AND_NO_ACTIVE_GIMPS_ASSIGNMENT,2026-08-08T19:16:24+00:00,UNALLOCATED,,,,,
SLCMP700-1649,1649,1650,317333147,2^317333147-1,STRUCTURAL_SCREEN_EXHAUSTED_PRIMALITY_UNASSIGNED,GF3A_DIRECTIONAL_WRITE_EXHAUSTED_PRIMALITY_UNASSIGNED,514,512,512,NO_RECORDED_FACTOR_PRP_OR_LL_RESULT_AND_NO_ACTIVE_GIMPS_ASSIGNMENT,2026-08-08T19:16:24+00:00,UNALLOCATED,,,,,
SLCMP700-1650,1650,1651,317333173,2^317333173-1,STRUCTURAL_SCREEN_EXHAUSTED_PRIMALITY_UNASSIGNED,GF3A_DIRECTIONAL_WRITE_EXHAUSTED_PRIMALITY_UNASSIGNED,513,512,512,NO_RECORDED_FACTOR_PRP_OR_LL_RESULT_AND_NO_ACTIVE_GIMPS_ASSIGNMENT,2026-08-08T19:16:24+00:00,UNALLOCATED,,,,,
SLCMP700-1651,1651,1652,317333183,2^317333183-1,STRUCTURAL_SCREEN_EXHAUSTED_PRIMALITY_UNASSIGNED,GF3A_DIRECTIONAL_WRITE_EXHAUSTED_PRIMALITY_UNASSIGNED,514,512,512,NO_RECORDED_FACTOR_PRP_OR_LL_RESULT_AND_NO_ACTIVE_GIMPS_ASSIGNMENT,2026-08-08T19:16:24+00:00,UNALLOCATED,,,,,
SLCMP700-1652,1652,1653,317333273,2^317333273-1,STRUCTURAL_SCREEN_EXHAUSTED_PRIMALITY_UNASSIGNED,GF3A_DIRECTIONAL_WRITE_EXHAUSTED_PRIMALITY_UNASSIGNED,513,512,512,NO_RECORDED_FACTOR_PRP_OR_LL_RESULT_AND_NO_ACTIVE_GIMPS_ASSIGNMENT,2026-08-08T19:16:24+00:00,UNALLOCATED,,,,,
SLCMP700-1653,1653,1654,317333279,2^317333279-1,STRUCTURAL_SCREEN_EXHAUSTED_PRIMALITY_UNASSIGNED,GF3A_DIRECTIONAL_WRITE_EXHAUSTED_PRIMALITY_UNASSIGNED,514,512,512,NO_RECORDED_FACTOR_PRP_OR_LL_RESULT_AND_NO_ACTIVE_GIMPS_ASSIGNMENT,2026-08-08T19:16:24+00:00,UNALLOCATED,,,,,
SLCMP700-1654,1654,1655,317333281,2^317333281-1,STRUCTURAL_SCREEN_EXHAUSTED_PRIMALITY_UNASSIGNED,GF3A_DIRECTIONAL_WRITE_EXHAUSTED_PRIMALITY_UNASSIGNED,513,512,512,NO_RECORDED_FACTOR_PRP_OR_LL_RESULT_AND_NO_ACTIVE_GIMPS_ASSIGNMENT,2026-08-08T19:16:24+00:00,UNALLOCATED,,,,,
SLCMP700-1655,1655,1656,317333309,2^317333309-1,STRUCTURAL_SCREEN_EXHAUSTED_PRIMALITY_UNASSIGNED,GF3A_DIRECTIONAL_WRITE_EXHAUSTED_PRIMALITY_UNASSIGNED,513,512,512,NO_RECORDED_FACTOR_PRP_OR_LL_RESULT_AND_NO_ACTIVE_GIMPS_ASSIGNMENT,2026-08-08T19:16:24+00:00,UNALLOCATED,,,,,
SLCMP700-1656,1656,1657,317333417,2^317333417-1,STRUCTURAL_SCREEN_EXHAUSTED_PRIMALITY_UNASSIGNED,GF3A_DIRECTIONAL_WRITE_EXHAUSTED_PRIMALITY_UNASSIGNED,513,512,512,NO_RECORDED_FACTOR_PRP_OR_LL_RESULT_AND_NO_ACTIVE_GIMPS_ASSIGNMENT,2026-08-08T19:16:24+00:00,UNALLOCATED,,,,,
SLCMP700-1657,1657,1658,317333437,2^317333437-1,STRUCTURAL_SCREEN_EXHAUSTED_PRIMALITY_UNASSIGNED,GF3A_DIRECTIONAL_WRITE_EXHAUSTED_PRIMALITY_UNASSIGNED,513,512,512,NO_RECORDED_FACTOR_PRP_OR_LL_RESULT_AND_NO_ACTIVE_GIMPS_ASSIGNMENT,2026-08-08T19:16:24+00:00,UNALLOCATED,,,,,
SLCMP700-1658,1658,1659,317333477,2^317333477-1,STRUCTURAL_SCREEN_EXHAUSTED_PRIMALITY_UNASSIGNED,GF3A_DIRECTIONAL_WRITE_EXHAUSTED_PRIMALITY_UNASSIGNED,513,512,512,NO_RECORDED_FACTOR_PRP_OR_LL_RESULT_AND_NO_ACTIVE_GIMPS_ASSIGNMENT,2026-08-08T19:16:24+00:00,UNALLOCATED,,,,,
SLCMP700-1659,1659,1660,317333479,2^317333479-1,STRUCTURAL_SCREEN_EXHAUSTED_PRIMALITY_UNASSIGNED,GF3A_DIRECTIONAL_WRITE_EXHAUSTED_PRIMALITY_UNASSIGNED,514,512,512,NO_RECORDED_FACTOR_PRP_OR_LL_RESULT_AND_NO_ACTIVE_GIMPS_ASSIGNMENT,2026-08-08T19:16:24+00:00,UNALLOCATED,,,,,
SLCMP700-1660,1660,1661,317333539,2^317333539-1,STRUCTURAL_SCREEN_EXHAUSTED_PRIMALITY_UNASSIGNED,GF3A_DIRECTIONAL_WRITE_EXHAUSTED_PRIMALITY_UNASSIGNED,514,512,512,NO_RECORDED_FACTOR_PRP_OR_LL_RESULT_AND_NO_ACTIVE_GIMPS_ASSIGNMENT,2026-08-08T19:16:24+00:00,UNALLOCATED,,,,,
SLCMP700-1661,1661,1662,317333609,2^317333609-1,STRUCTURAL_SCREEN_EXHAUSTED_PRIMALITY_UNASSIGNED,GF3A_DIRECTIONAL_WRITE_EXHAUSTED_PRIMALITY_UNASSIGNED,513,512,512,NO_RECORDED_FACTOR_PRP_OR_LL_RESULT_AND_NO_ACTIVE_GIMPS_ASSIGNMENT,2026-08-08T19:16:24+00:00,UNALLOCATED,,,,,
SLCMP700-1662,1662,1663,317333623,2^317333623-1,STRUCTURAL_SCREEN_EXHAUSTED_PRIMALITY_UNASSIGNED,GF3A_DIRECTIONAL_WRITE_EXHAUSTED_PRIMALITY_UNASSIGNED,514,512,512,NO_RECORDED_FACTOR_PRP_OR_LL_RESULT_AND_NO_ACTIVE_GIMPS_ASSIGNMENT,2026-08-08T19:16:24+00:00,UNALLOCATED,,,,,
SLCMP700-1663,1663,1664,317333671,2^317333671-1,STRUCTURAL_SCREEN_EXHAUSTED_PRIMALITY_UNASSIGNED,GF3A_DIRECTIONAL_WRITE_EXHAUSTED_PRIMALITY_UNASSIGNED,514,512,512,NO_RECORDED_FACTOR_PRP_OR_LL_RESULT_AND_NO_ACTIVE_GIMPS_ASSIGNMENT,2026-08-08T19:16:24+00:00,UNALLOCATED,,,,,
SLCMP700-1664,1664,1665,317333761,2^317333761-1,STRUCTURAL_SCREEN_EXHAUSTED_PRIMALITY_UNASSIGNED,GF3A_DIRECTIONAL_WRITE_EXHAUSTED_PRIMALITY_UNASSIGNED,513,512,512,NO_RECORDED_FACTOR_PRP_OR_LL_RESULT_AND_NO_ACTIVE_GIMPS_ASSIGNMENT,2026-08-08T19:16:24+00:00,UNALLOCATED,,,,,
SLCMP700-1665,1665,1666,317333813,2^317333813-1,STRUCTURAL_SCREEN_EXHAUSTED_PRIMALITY_UNASSIGNED,GF3A_DIRECTIONAL_WRITE_EXHAUSTED_PRIMALITY_UNASSIGNED,513,512,512,NO_RECORDED_FACTOR_PRP_OR_LL_RESULT_AND_NO_ACTIVE_GIMPS_ASSIGNMENT,2026-08-08T19:16:24+00:00,UNALLOCATED,,,,,
SLCMP700-1666,1666,1667,317334041,2^317334041-1,STRUCTURAL_SCREEN_EXHAUSTED_PRIMALITY_UNASSIGNED,GF3A_DIRECTIONAL_WRITE_EXHAUSTED_PRIMALITY_UNASSIGNED,513,512,512,NO_RECORDED_FACTOR_PRP_OR_LL_RESULT_AND_NO_ACTIVE_GIMPS_ASSIGNMENT,2026-08-08T19:16:24+00:00,UNALLOCATED,,,,,
SLCMP700-1667,1667,1668,317334071,2^317334071-1,STRUCTURAL_SCREEN_EXHAUSTED_PRIMALITY_UNASSIGNED,GF3A_DIRECTIONAL_WRITE_EXHAUSTED_PRIMALITY_UNASSIGNED,514,512,512,NO_RECORDED_FACTOR_PRP_OR_LL_RESULT_AND_NO_ACTIVE_GIMPS_ASSIGNMENT,2026-08-08T19:16:24+00:00,UNALLOCATED,,,,,
SLCMP700-1668,1668,1669,317334187,2^317334187-1,STRUCTURAL_SCREEN_EXHAUSTED_PRIMALITY_UNASSIGNED,GF3A_DIRECTIONAL_WRITE_EXHAUSTED_PRIMALITY_UNASSIGNED,514,512,512,NO_RECORDED_FACTOR_PRP_OR_LL_RESULT_AND_NO_ACTIVE_GIMPS_ASSIGNMENT,2026-08-08T19:16:24+00:00,UNALLOCATED,,,,,
SLCMP700-1669,1669,1670,317334233,2^317334233-1,STRUCTURAL_SCREEN_EXHAUSTED_PRIMALITY_UNASSIGNED,GF3A_DIRECTIONAL_WRITE_EXHAUSTED_PRIMALITY_UNASSIGNED,513,512,512,NO_RECORDED_FACTOR_PRP_OR_LL_RESULT_AND_NO_ACTIVE_GIMPS_ASSIGNMENT,2026-08-08T19:16:24+00:00,UNALLOCATED,,,,,
SLCMP700-1670,1670,1671,317334403,2^317334403-1,STRUCTURAL_SCREEN_EXHAUSTED_PRIMALITY_UNASSIGNED,GF3A_DIRECTIONAL_WRITE_EXHAUSTED_PRIMALITY_UNASSIGNED,514,512,512,NO_RECORDED_FACTOR_PRP_OR_LL_RESULT_AND_NO_ACTIVE_GIMPS_ASSIGNMENT,2026-08-08T19:16:24+00:00,UNALLOCATED,,,,,
SLCMP700-1671,1671,1672,317334517,2^317334517-1,STRUCTURAL_SCREEN_EXHAUSTED_PRIMALITY_UNASSIGNED,GF3A_DIRECTIONAL_WRITE_EXHAUSTED_PRIMALITY_UNASSIGNED,513,512,512,NO_RECORDED_FACTOR_PRP_OR_LL_RESULT_AND_NO_ACTIVE_GIMPS_ASSIGNMENT,2026-08-08T19:16:24+00:00,UNALLOCATED,,,,,
SLCMP700-1672,1672,1673,317334649,2^317334649-1,STRUCTURAL_SCREEN_EXHAUSTED_PRIMALITY_UNASSIGNED,GF3A_DIRECTIONAL_WRITE_EXHAUSTED_PRIMALITY_UNASSIGNED,513,512,512,NO_RECORDED_FACTOR_PRP_OR_LL_RESULT_AND_NO_ACTIVE_GIMPS_ASSIGNMENT,2026-08-08T19:16:24+00:00,UNALLOCATED,,,,,
SLCMP700-1673,1673,1674,317334671,2^317334671-1,STRUCTURAL_SCREEN_EXHAUSTED_PRIMALITY_UNASSIGNED,GF3A_DIRECTIONAL_WRITE_EXHAUSTED_PRIMALITY_UNASSIGNED,514,512,512,NO_RECORDED_FACTOR_PRP_OR_LL_RESULT_AND_NO_ACTIVE_GIMPS_ASSIGNMENT,2026-08-08T19:16:24+00:00,UNALLOCATED,,,,,
SLCMP700-1674,1674,1675,317334673,2^317334673-1,STRUCTURAL_SCREEN_EXHAUSTED_PRIMALITY_UNASSIGNED,GF3A_DIRECTIONAL_WRITE_EXHAUSTED_PRIMALITY_UNASSIGNED,513,512,512,NO_RECORDED_FACTOR_PRP_OR_LL_RESULT_AND_NO_ACTIVE_GIMPS_ASSIGNMENT,2026-08-08T19:16:24+00:00,UNALLOCATED,,,,,
SLCMP700-1675,1675,1676,317334701,2^317334701-1,STRUCTURAL_SCREEN_EXHAUSTED_PRIMALITY_UNASSIGNED,GF3A_DIRECTIONAL_WRITE_EXHAUSTED_PRIMALITY_UNASSIGNED,513,512,512,NO_RECORDED_FACTOR_PRP_OR_LL_RESULT_AND_NO_ACTIVE_GIMPS_ASSIGNMENT,2026-08-08T19:16:24+00:00,UNALLOCATED,,,,,
SLCMP700-1676,1676,1677,317334707,2^317334707-1,STRUCTURAL_SCREEN_EXHAUSTED_PRIMALITY_UNASSIGNED,GF3A_DIRECTIONAL_WRITE_EXHAUSTED_PRIMALITY_UNASSIGNED,514,512,512,NO_RECORDED_FACTOR_PRP_OR_LL_RESULT_AND_NO_ACTIVE_GIMPS_ASSIGNMENT,2026-08-08T19:16:24+00:00,UNALLOCATED,,,,,
SLCMP700-1677,1677,1678,317334761,2^317334761-1,STRUCTURAL_SCREEN_EXHAUSTED_PRIMALITY_UNASSIGNED,GF3A_DIRECTIONAL_WRITE_EXHAUSTED_PRIMALITY_UNASSIGNED,513,512,512,NO_RECORDED_FACTOR_PRP_OR_LL_RESULT_AND_NO_ACTIVE_GIMPS_ASSIGNMENT,2026-08-08T19:16:24+00:00,UNALLOCATED,,,,,
SLCMP700-1678,1678,1679,317334769,2^317334769-1,STRUCTURAL_SCREEN_EXHAUSTED_PRIMALITY_UNASSIGNED,GF3A_DIRECTIONAL_WRITE_EXHAUSTED_PRIMALITY_UNASSIGNED,513,512,512,NO_RECORDED_FACTOR_PRP_OR_LL_RESULT_AND_NO_ACTIVE_GIMPS_ASSIGNMENT,2026-08-08T19:16:24+00:00,UNALLOCATED,,,,,
SLCMP700-1679,1679,1680,317334851,2^317334851-1,STRUCTURAL_SCREEN_EXHAUSTED_PRIMALITY_UNASSIGNED,GF3A_DIRECTIONAL_WRITE_EXHAUSTED_PRIMALITY_UNASSIGNED,514,512,512,NO_RECORDED_FACTOR_PRP_OR_LL_RESULT_AND_NO_ACTIVE_GIMPS_ASSIGNMENT,2026-08-08T19:16:24+00:00,UNALLOCATED,,,,,
SLCMP700-1680,1680,1681,317334943,2^317334943-1,STRUCTURAL_SCREEN_EXHAUSTED_PRIMALITY_UNASSIGNED,GF3A_DIRECTIONAL_WRITE_EXHAUSTED_PRIMALITY_UNASSIGNED,514,512,512,NO_RECORDED_FACTOR_PRP_OR_LL_RESULT_AND_NO_ACTIVE_GIMPS_ASSIGNMENT,2026-08-08T19:16:24+00:00,UNALLOCATED,,,,,
SLCMP700-1681,1681,1682,317334967,2^317334967-1,STRUCTURAL_SCREEN_EXHAUSTED_PRIMALITY_UNASSIGNED,GF3A_DIRECTIONAL_WRITE_EXHAUSTED_PRIMALITY_UNASSIGNED,514,512,512,NO_RECORDED_FACTOR_PRP_OR_LL_RESULT_AND_NO_ACTIVE_GIMPS_ASSIGNMENT,2026-08-08T19:16:24+00:00,UNALLOCATED,,,,,
SLCMP700-1682,1682,1683,317334973,2^317334973-1,STRUCTURAL_SCREEN_EXHAUSTED_PRIMALITY_UNASSIGNED,GF3A_DIRECTIONAL_WRITE_EXHAUSTED_PRIMALITY_UNASSIGNED,513,512,512,NO_RECORDED_FACTOR_PRP_OR_LL_RESULT_AND_NO_ACTIVE_GIMPS_ASSIGNMENT,2026-08-08T19:16:24+00:00,UNALLOCATED,,,,,
SLCMP700-1683,1683,1684,317335013,2^317335013-1,STRUCTURAL_SCREEN_EXHAUSTED_PRIMALITY_UNASSIGNED,GF3A_DIRECTIONAL_WRITE_EXHAUSTED_PRIMALITY_UNASSIGNED,513,512,512,NO_RECORDED_FACTOR_PRP_OR_LL_RESULT_AND_NO_ACTIVE_GIMPS_ASSIGNMENT,2026-08-08T19:16:24+00:00,UNALLOCATED,,,,,
SLCMP700-1684,1684,1685,317335037,2^317335037-1,STRUCTURAL_SCREEN_EXHAUSTED_PRIMALITY_UNASSIGNED,GF3A_DIRECTIONAL_WRITE_EXHAUSTED_PRIMALITY_UNASSIGNED,513,512,512,NO_RECORDED_FACTOR_PRP_OR_LL_RESULT_AND_NO_ACTIVE_GIMPS_ASSIGNMENT,2026-08-08T19:16:24+00:00,UNALLOCATED,,,,,
SLCMP700-1685,1685,1686,317335061,2^317335061-1,STRUCTURAL_SCREEN_EXHAUSTED_PRIMALITY_UNASSIGNED,GF3A_DIRECTIONAL_WRITE_EXHAUSTED_PRIMALITY_UNASSIGNED,513,512,512,NO_RECORDED_FACTOR_PRP_OR_LL_RESULT_AND_NO_ACTIVE_GIMPS_ASSIGNMENT,2026-08-08T19:16:24+00:00,UNALLOCATED,,,,,
SLCMP700-1686,1686,1687,317335219,2^317335219-1,STRUCTURAL_SCREEN_EXHAUSTED_PRIMALITY_UNASSIGNED,GF3A_DIRECTIONAL_WRITE_EXHAUSTED_PRIMALITY_UNASSIGNED,514,512,512,NO_RECORDED_FACTOR_PRP_OR_LL_RESULT_AND_NO_ACTIVE_GIMPS_ASSIGNMENT,2026-08-08T19:16:24+00:00,UNALLOCATED,,,,,
SLCMP700-1687,1687,1688,317335259,2^317335259-1,STRUCTURAL_SCREEN_EXHAUSTED_PRIMALITY_UNASSIGNED,GF3A_DIRECTIONAL_WRITE_EXHAUSTED_PRIMALITY_UNASSIGNED,514,512,512,NO_RECORDED_FACTOR_PRP_OR_LL_RESULT_AND_NO_ACTIVE_GIMPS_ASSIGNMENT,2026-08-08T19:16:24+00:00,UNALLOCATED,,,,,
SLCMP700-1688,1688,1689,317335303,2^317335303-1,STRUCTURAL_SCREEN_EXHAUSTED_PRIMALITY_UNASSIGNED,GF3A_DIRECTIONAL_WRITE_EXHAUSTED_PRIMALITY_UNASSIGNED,514,512,512,NO_RECORDED_FACTOR_PRP_OR_LL_RESULT_AND_NO_ACTIVE_GIMPS_ASSIGNMENT,2026-08-08T19:16:24+00:00,UNALLOCATED,,,,,
SLCMP700-1689,1689,1690,317335339,2^317335339-1,STRUCTURAL_SCREEN_EXHAUSTED_PRIMALITY_UNASSIGNED,GF3A_DIRECTIONAL_WRITE_EXHAUSTED_PRIMALITY_UNASSIGNED,514,512,512,NO_RECORDED_FACTOR_PRP_OR_LL_RESULT_AND_NO_ACTIVE_GIMPS_ASSIGNMENT,2026-08-08T19:16:24+00:00,UNALLOCATED,,,,,
SLCMP700-1690,1690,1691,317335441,2^317335441-1,STRUCTURAL_SCREEN_EXHAUSTED_PRIMALITY_UNASSIGNED,GF3A_DIRECTIONAL_WRITE_EXHAUSTED_PRIMALITY_UNASSIGNED,513,512,512,NO_RECORDED_FACTOR_PRP_OR_LL_RESULT_AND_NO_ACTIVE_GIMPS_ASSIGNMENT,2026-08-08T19:16:24+00:00,UNALLOCATED,,,,,
SLCMP700-1691,1691,1692,317335451,2^317335451-1,STRUCTURAL_SCREEN_EXHAUSTED_PRIMALITY_UNASSIGNED,GF3A_DIRECTIONAL_WRITE_EXHAUSTED_PRIMALITY_UNASSIGNED,514,512,512,NO_RECORDED_FACTOR_PRP_OR_LL_RESULT_AND_NO_ACTIVE_GIMPS_ASSIGNMENT,2026-08-08T19:16:24+00:00,UNALLOCATED,,,,,
SLCMP700-1692,1692,1693,317335567,2^317335567-1,STRUCTURAL_SCREEN_EXHAUSTED_PRIMALITY_UNASSIGNED,GF3A_DIRECTIONAL_WRITE_EXHAUSTED_PRIMALITY_UNASSIGNED,514,512,512,NO_RECORDED_FACTOR_PRP_OR_LL_RESULT_AND_NO_ACTIVE_GIMPS_ASSIGNMENT,2026-08-08T19:16:24+00:00,UNALLOCATED,,,,,
SLCMP700-1693,1693,1694,317335573,2^317335573-1,STRUCTURAL_SCREEN_EXHAUSTED_PRIMALITY_UNASSIGNED,GF3A_DIRECTIONAL_WRITE_EXHAUSTED_PRIMALITY_UNASSIGNED,513,512,512,NO_RECORDED_FACTOR_PRP_OR_LL_RESULT_AND_NO_ACTIVE_GIMPS_ASSIGNMENT,2026-08-08T19:16:24+00:00,UNALLOCATED,,,,,
SLCMP700-1694,1694,1695,317335589,2^317335589-1,STRUCTURAL_SCREEN_EXHAUSTED_PRIMALITY_UNASSIGNED,GF3A_DIRECTIONAL_WRITE_EXHAUSTED_PRIMALITY_UNASSIGNED,513,512,512,NO_RECORDED_FACTOR_PRP_OR_LL_RESULT_AND_NO_ACTIVE_GIMPS_ASSIGNMENT,2026-08-08T19:16:24+00:00,UNALLOCATED,,,,,
SLCMP700-1695,1695,1696,317335621,2^317335621-1,STRUCTURAL_SCREEN_EXHAUSTED_PRIMALITY_UNASSIGNED,GF3A_DIRECTIONAL_WRITE_EXHAUSTED_PRIMALITY_UNASSIGNED,513,512,512,NO_RECORDED_FACTOR_PRP_OR_LL_RESULT_AND_NO_ACTIVE_GIMPS_ASSIGNMENT,2026-08-08T19:16:24+00:00,UNALLOCATED,,,,,
SLCMP700-1696,1696,1697,317335631,2^317335631-1,STRUCTURAL_SCREEN_EXHAUSTED_PRIMALITY_UNASSIGNED,GF3A_DIRECTIONAL_WRITE_EXHAUSTED_PRIMALITY_UNASSIGNED,514,512,512,NO_RECORDED_FACTOR_PRP_OR_LL_RESULT_AND_NO_ACTIVE_GIMPS_ASSIGNMENT,2026-08-08T19:16:24+00:00,UNALLOCATED,,,,,
SLCMP700-1697,1697,1698,317335691,2^317335691-1,STRUCTURAL_SCREEN_EXHAUSTED_PRIMALITY_UNASSIGNED,GF3A_DIRECTIONAL_WRITE_EXHAUSTED_PRIMALITY_UNASSIGNED,514,512,512,NO_RECORDED_FACTOR_PRP_OR_LL_RESULT_AND_NO_ACTIVE_GIMPS_ASSIGNMENT,2026-08-08T19:16:24+00:00,UNALLOCATED,,,,,
SLCMP700-1698,1698,1699,317335699,2^317335699-1,STRUCTURAL_SCREEN_EXHAUSTED_PRIMALITY_UNASSIGNED,GF3A_DIRECTIONAL_WRITE_EXHAUSTED_PRIMALITY_UNASSIGNED,514,512,512,NO_RECORDED_FACTOR_PRP_OR_LL_RESULT_AND_NO_ACTIVE_GIMPS_ASSIGNMENT,2026-08-08T19:16:24+00:00,UNALLOCATED,,,,,
SLCMP700-1699,1699,1700,317335723,2^317335723-1,STRUCTURAL_SCREEN_EXHAUSTED_PRIMALITY_UNASSIGNED,GF3A_DIRECTIONAL_WRITE_EXHAUSTED_PRIMALITY_UNASSIGNED,514,512,512,NO_RECORDED_FACTOR_PRP_OR_LL_RESULT_AND_NO_ACTIVE_GIMPS_ASSIGNMENT,2026-08-08T19:16:24+00:00,UNALLOCATED,,,,,
SLCMP700-1700,1700,1701,317335727,2^317335727-1,STRUCTURAL_SCREEN_EXHAUSTED_PRIMALITY_UNASSIGNED,GF3A_DIRECTIONAL_WRITE_EXHAUSTED_PRIMALITY_UNASSIGNED,514,512,512,NO_RECORDED_FACTOR_PRP_OR_LL_RESULT_AND_NO_ACTIVE_GIMPS_ASSIGNMENT,2026-08-08T19:16:24+00:00,UNALLOCATED,,,,,
SLCMP700-1701,1701,1702,317335729,2^317335729-1,STRUCTURAL_SCREEN_EXHAUSTED_PRIMALITY_UNASSIGNED,GF3A_DIRECTIONAL_WRITE_EXHAUSTED_PRIMALITY_UNASSIGNED,513,512,512,NO_RECORDED_FACTOR_PRP_OR_LL_RESULT_AND_NO_ACTIVE_GIMPS_ASSIGNMENT,2026-08-08T19:16:24+00:00,UNALLOCATED,,,,,
SLCMP700-1702,1702,1703,317335763,2^317335763-1,STRUCTURAL_SCREEN_EXHAUSTED_PRIMALITY_UNASSIGNED,GF3A_DIRECTIONAL_WRITE_EXHAUSTED_PRIMALITY_UNASSIGNED,514,512,512,NO_RECORDED_FACTOR_PRP_OR_LL_RESULT_AND_NO_ACTIVE_GIMPS_ASSIGNMENT,2026-08-08T19:16:24+00:00,UNALLOCATED,,,,,
SLCMP700-1703,1703,1704,317335903,2^317335903-1,STRUCTURAL_SCREEN_EXHAUSTED_PRIMALITY_UNASSIGNED,GF3A_DIRECTIONAL_WRITE_EXHAUSTED_PRIMALITY_UNASSIGNED,514,512,512,NO_RECORDED_FACTOR_PRP_OR_LL_RESULT_AND_NO_ACTIVE_GIMPS_ASSIGNMENT,2026-08-08T19:16:24+00:00,UNALLOCATED,,,,,
SLCMP700-1704,1704,1705,317335927,2^317335927-1,STRUCTURAL_SCREEN_EXHAUSTED_PRIMALITY_UNASSIGNED,GF3A_DIRECTIONAL_WRITE_EXHAUSTED_PRIMALITY_UNASSIGNED,514,512,512,NO_RECORDED_FACTOR_PRP_OR_LL_RESULT_AND_NO_ACTIVE_GIMPS_ASSIGNMENT,2026-08-08T19:16:24+00:00,UNALLOCATED,,,,,
SLCMP700-1705,1705,1706,317335987,2^317335987-1,STRUCTURAL_SCREEN_EXHAUSTED_PRIMALITY_UNASSIGNED,GF3A_DIRECTIONAL_WRITE_EXHAUSTED_PRIMALITY_UNASSIGNED,514,512,512,NO_RECORDED_FACTOR_PRP_OR_LL_RESULT_AND_NO_ACTIVE_GIMPS_ASSIGNMENT,2026-08-08T19:16:24+00:00,UNALLOCATED,,,,,
SLCMP700-1706,1706,1707,317336029,2^317336029-1,STRUCTURAL_SCREEN_EXHAUSTED_PRIMALITY_UNASSIGNED,GF3A_DIRECTIONAL_WRITE_EXHAUSTED_PRIMALITY_UNASSIGNED,513,512,512,NO_RECORDED_FACTOR_PRP_OR_LL_RESULT_AND_NO_ACTIVE_GIMPS_ASSIGNMENT,2026-08-08T19:16:24+00:00,UNALLOCATED,,,,,
SLCMP700-1707,1707,1708,317336167,2^317336167-1,STRUCTURAL_SCREEN_EXHAUSTED_PRIMALITY_UNASSIGNED,GF3A_DIRECTIONAL_WRITE_EXHAUSTED_PRIMALITY_UNASSIGNED,514,512,512,NO_RECORDED_FACTOR_PRP_OR_LL_RESULT_AND_NO_ACTIVE_GIMPS_ASSIGNMENT,2026-08-08T19:16:24+00:00,UNALLOCATED,,,,,
SLCMP700-1708,1708,1709,317336203,2^317336203-1,STRUCTURAL_SCREEN_EXHAUSTED_PRIMALITY_UNASSIGNED,GF3A_DIRECTIONAL_WRITE_EXHAUSTED_PRIMALITY_UNASSIGNED,514,512,512,NO_RECORDED_FACTOR_PRP_OR_LL_RESULT_AND_NO_ACTIVE_GIMPS_ASSIGNMENT,2026-08-08T19:16:24+00:00,UNALLOCATED,,,,,
SLCMP700-1709,1709,1710,317336237,2^317336237-1,STRUCTURAL_SCREEN_EXHAUSTED_PRIMALITY_UNASSIGNED,GF3A_DIRECTIONAL_WRITE_EXHAUSTED_PRIMALITY_UNASSIGNED,513,512,512,NO_RECORDED_FACTOR_PRP_OR_LL_RESULT_AND_NO_ACTIVE_GIMPS_ASSIGNMENT,2026-08-08T19:16:24+00:00,UNALLOCATED,,,,,
SLCMP700-1710,1710,1711,317336291,2^317336291-1,STRUCTURAL_SCREEN_EXHAUSTED_PRIMALITY_UNASSIGNED,GF3A_DIRECTIONAL_WRITE_EXHAUSTED_PRIMALITY_UNASSIGNED,514,512,512,NO_RECORDED_FACTOR_PRP_OR_LL_RESULT_AND_NO_ACTIVE_GIMPS_ASSIGNMENT,2026-08-08T19:16:24+00:00,UNALLOCATED,,,,,
SLCMP700-1711,1711,1712,317336323,2^317336323-1,STRUCTURAL_SCREEN_EXHAUSTED_PRIMALITY_UNASSIGNED,GF3A_DIRECTIONAL_WRITE_EXHAUSTED_PRIMALITY_UNASSIGNED,514,512,512,NO_RECORDED_FACTOR_PRP_OR_LL_RESULT_AND_NO_ACTIVE_GIMPS_ASSIGNMENT,2026-08-08T19:16:24+00:00,UNALLOCATED,,,,,
SLCMP700-1712,1712,1713,317336381,2^317336381-1,STRUCTURAL_SCREEN_EXHAUSTED_PRIMALITY_UNASSIGNED,GF3A_DIRECTIONAL_WRITE_EXHAUSTED_PRIMALITY_UNASSIGNED,513,512,512,NO_RECORDED_FACTOR_PRP_OR_LL_RESULT_AND_NO_ACTIVE_GIMPS_ASSIGNMENT,2026-08-08T19:16:24+00:00,UNALLOCATED,,,,,
SLCMP700-1713,1713,1714,317336419,2^317336419-1,STRUCTURAL_SCREEN_EXHAUSTED_PRIMALITY_UNASSIGNED,GF3A_DIRECTIONAL_WRITE_EXHAUSTED_PRIMALITY_UNASSIGNED,514,512,512,NO_RECORDED_FACTOR_PRP_OR_LL_RESULT_AND_NO_ACTIVE_GIMPS_ASSIGNMENT,2026-08-08T19:16:24+00:00,UNALLOCATED,,,,,
SLCMP700-1714,1714,1715,317336479,2^317336479-1,STRUCTURAL_SCREEN_EXHAUSTED_PRIMALITY_UNASSIGNED,GF3A_DIRECTIONAL_WRITE_EXHAUSTED_PRIMALITY_UNASSIGNED,514,512,512,NO_RECORDED_FACTOR_PRP_OR_LL_RESULT_AND_NO_ACTIVE_GIMPS_ASSIGNMENT,2026-08-08T19:16:24+00:00,UNALLOCATED,,,,,
SLCMP700-1715,1715,1716,317336483,2^317336483-1,STRUCTURAL_SCREEN_EXHAUSTED_PRIMALITY_UNASSIGNED,GF3A_DIRECTIONAL_WRITE_EXHAUSTED_PRIMALITY_UNASSIGNED,514,512,512,NO_RECORDED_FACTOR_PRP_OR_LL_RESULT_AND_NO_ACTIVE_GIMPS_ASSIGNMENT,2026-08-08T19:16:24+00:00,UNALLOCATED,,,,,
SLCMP700-1716,1716,1717,317336489,2^317336489-1,STRUCTURAL_SCREEN_EXHAUSTED_PRIMALITY_UNASSIGNED,GF3A_DIRECTIONAL_WRITE_EXHAUSTED_PRIMALITY_UNASSIGNED,513,512,512,NO_RECORDED_FACTOR_PRP_OR_LL_RESULT_AND_NO_ACTIVE_GIMPS_ASSIGNMENT,2026-08-08T19:16:24+00:00,UNALLOCATED,,,,,
SLCMP700-1717,1717,1718,317336507,2^317336507-1,STRUCTURAL_SCREEN_EXHAUSTED_PRIMALITY_UNASSIGNED,GF3A_DIRECTIONAL_WRITE_EXHAUSTED_PRIMALITY_UNASSIGNED,514,512,512,NO_RECORDED_FACTOR_PRP_OR_LL_RESULT_AND_NO_ACTIVE_GIMPS_ASSIGNMENT,2026-08-08T19:16:24+00:00,UNALLOCATED,,,,,
SLCMP700-1718,1718,1719,317336549,2^317336549-1,STRUCTURAL_SCREEN_EXHAUSTED_PRIMALITY_UNASSIGNED,GF3A_DIRECTIONAL_WRITE_EXHAUSTED_PRIMALITY_UNASSIGNED,513,512,512,NO_RECORDED_FACTOR_PRP_OR_LL_RESULT_AND_NO_ACTIVE_GIMPS_ASSIGNMENT,2026-08-08T19:16:24+00:00,UNALLOCATED,,,,,
SLCMP700-1719,1719,1720,317336561,2^317336561-1,STRUCTURAL_SCREEN_EXHAUSTED_PRIMALITY_UNASSIGNED,GF3A_DIRECTIONAL_WRITE_EXHAUSTED_PRIMALITY_UNASSIGNED,513,512,512,NO_RECORDED_FACTOR_PRP_OR_LL_RESULT_AND_NO_ACTIVE_GIMPS_ASSIGNMENT,2026-08-08T19:16:24+00:00,UNALLOCATED,,,,,
SLCMP700-1720,1720,1721,317336609,2^317336609-1,STRUCTURAL_SCREEN_EXHAUSTED_PRIMALITY_UNASSIGNED,GF3A_DIRECTIONAL_WRITE_EXHAUSTED_PRIMALITY_UNASSIGNED,513,512,512,NO_RECORDED_FACTOR_PRP_OR_LL_RESULT_AND_NO_ACTIVE_GIMPS_ASSIGNMENT,2026-08-08T19:16:24+00:00,UNALLOCATED,,,,,
SLCMP700-1721,1721,1722,317336629,2^317336629-1,STRUCTURAL_SCREEN_EXHAUSTED_PRIMALITY_UNASSIGNED,GF3A_DIRECTIONAL_WRITE_EXHAUSTED_PRIMALITY_UNASSIGNED,513,512,512,NO_RECORDED_FACTOR_PRP_OR_LL_RESULT_AND_NO_ACTIVE_GIMPS_ASSIGNMENT,2026-08-08T19:16:24+00:00,UNALLOCATED,,,,,
SLCMP700-1722,1722,1723,317336659,2^317336659-1,STRUCTURAL_SCREEN_EXHAUSTED_PRIMALITY_UNASSIGNED,GF3A_DIRECTIONAL_WRITE_EXHAUSTED_PRIMALITY_UNASSIGNED,514,512,512,NO_RECORDED_FACTOR_PRP_OR_LL_RESULT_AND_NO_ACTIVE_GIMPS_ASSIGNMENT,2026-08-08T19:16:24+00:00,UNALLOCATED,,,,,
SLCMP700-1723,1723,1724,317336741,2^317336741-1,STRUCTURAL_SCREEN_EXHAUSTED_PRIMALITY_UNASSIGNED,GF3A_DIRECTIONAL_WRITE_EXHAUSTED_PRIMALITY_UNASSIGNED,513,512,512,NO_RECORDED_FACTOR_PRP_OR_LL_RESULT_AND_NO_ACTIVE_GIMPS_ASSIGNMENT,2026-08-08T19:16:24+00:00,UNALLOCATED,,,,,
SLCMP700-1724,1724,1725,317336783,2^317336783-1,STRUCTURAL_SCREEN_EXHAUSTED_PRIMALITY_UNASSIGNED,GF3A_DIRECTIONAL_WRITE_EXHAUSTED_PRIMALITY_UNASSIGNED,514,512,512,NO_RECORDED_FACTOR_PRP_OR_LL_RESULT_AND_NO_ACTIVE_GIMPS_ASSIGNMENT,2026-08-08T19:16:24+00:00,UNALLOCATED,,,,,
SLCMP700-1725,1725,1726,317336813,2^317336813-1,STRUCTURAL_SCREEN_EXHAUSTED_PRIMALITY_UNASSIGNED,GF3A_DIRECTIONAL_WRITE_EXHAUSTED_PRIMALITY_UNASSIGNED,513,512,512,NO_RECORDED_FACTOR_PRP_OR_LL_RESULT_AND_NO_ACTIVE_GIMPS_ASSIGNMENT,2026-08-08T19:16:24+00:00,UNALLOCATED,,,,,
SLCMP700-1726,1726,1727,317336881,2^317336881-1,STRUCTURAL_SCREEN_EXHAUSTED_PRIMALITY_UNASSIGNED,GF3A_DIRECTIONAL_WRITE_EXHAUSTED_PRIMALITY_UNASSIGNED,513,512,512,NO_RECORDED_FACTOR_PRP_OR_LL_RESULT_AND_NO_ACTIVE_GIMPS_ASSIGNMENT,2026-08-08T19:16:24+00:00,UNALLOCATED,,,,,
SLCMP700-1727,1727,1728,317336893,2^317336893-1,STRUCTURAL_SCREEN_EXHAUSTED_PRIMALITY_UNASSIGNED,GF3A_DIRECTIONAL_WRITE_EXHAUSTED_PRIMALITY_UNASSIGNED,513,512,512,NO_RECORDED_FACTOR_PRP_OR_LL_RESULT_AND_NO_ACTIVE_GIMPS_ASSIGNMENT,2026-08-08T19:16:24+00:00,UNALLOCATED,,,,,
SLCMP700-1728,1728,1729,317336941,2^317336941-1,STRUCTURAL_SCREEN_EXHAUSTED_PRIMALITY_UNASSIGNED,GF3A_DIRECTIONAL_WRITE_EXHAUSTED_PRIMALITY_UNASSIGNED,513,512,512,NO_RECORDED_FACTOR_PRP_OR_LL_RESULT_AND_NO_ACTIVE_GIMPS_ASSIGNMENT,2026-08-08T19:16:24+00:00,UNALLOCATED,,,,,
SLCMP700-1729,1729,1730,317337043,2^317337043-1,STRUCTURAL_SCREEN_EXHAUSTED_PRIMALITY_UNASSIGNED,GF3A_DIRECTIONAL_WRITE_EXHAUSTED_PRIMALITY_UNASSIGNED,514,512,512,NO_RECORDED_FACTOR_PRP_OR_LL_RESULT_AND_NO_ACTIVE_GIMPS_ASSIGNMENT,2026-08-08T19:16:24+00:00,UNALLOCATED,,,,,
SLCMP700-1730,1730,1731,317337103,2^317337103-1,STRUCTURAL_SCREEN_EXHAUSTED_PRIMALITY_UNASSIGNED,GF3A_DIRECTIONAL_WRITE_EXHAUSTED_PRIMALITY_UNASSIGNED,514,512,512,NO_RECORDED_FACTOR_PRP_OR_LL_RESULT_AND_NO_ACTIVE_GIMPS_ASSIGNMENT,2026-08-08T19:16:24+00:00,UNALLOCATED,,,,,
SLCMP700-1731,1731,1732,317337257,2^317337257-1,STRUCTURAL_SCREEN_EXHAUSTED_PRIMALITY_UNASSIGNED,GF3A_DIRECTIONAL_WRITE_EXHAUSTED_PRIMALITY_UNASSIGNED,513,512,512,NO_RECORDED_FACTOR_PRP_OR_LL_RESULT_AND_NO_ACTIVE_GIMPS_ASSIGNMENT,2026-08-08T19:16:24+00:00,UNALLOCATED,,,,,
SLCMP700-1732,1732,1733,317337277,2^317337277-1,STRUCTURAL_SCREEN_EXHAUSTED_PRIMALITY_UNASSIGNED,GF3A_DIRECTIONAL_WRITE_EXHAUSTED_PRIMALITY_UNASSIGNED,513,512,512,NO_RECORDED_FACTOR_PRP_OR_LL_RESULT_AND_NO_ACTIVE_GIMPS_ASSIGNMENT,2026-08-08T19:16:24+00:00,UNALLOCATED,,,,,
SLCMP700-1733,1733,1734,317337281,2^317337281-1,STRUCTURAL_SCREEN_EXHAUSTED_PRIMALITY_UNASSIGNED,GF3A_DIRECTIONAL_WRITE_EXHAUSTED_PRIMALITY_UNASSIGNED,513,512,512,NO_RECORDED_FACTOR_PRP_OR_LL_RESULT_AND_NO_ACTIVE_GIMPS_ASSIGNMENT,2026-08-08T19:16:24+00:00,UNALLOCATED,,,,,
SLCMP700-1734,1734,1735,317337289,2^317337289-1,STRUCTURAL_SCREEN_EXHAUSTED_PRIMALITY_UNASSIGNED,GF3A_DIRECTIONAL_WRITE_EXHAUSTED_PRIMALITY_UNASSIGNED,513,512,512,NO_RECORDED_FACTOR_PRP_OR_LL_RESULT_AND_NO_ACTIVE_GIMPS_ASSIGNMENT,2026-08-08T19:16:24+00:00,UNALLOCATED,,,,,
SLCMP700-1735,1735,1736,317337301,2^317337301-1,STRUCTURAL_SCREEN_EXHAUSTED_PRIMALITY_UNASSIGNED,GF3A_DIRECTIONAL_WRITE_EXHAUSTED_PRIMALITY_UNASSIGNED,513,512,512,NO_RECORDED_FACTOR_PRP_OR_LL_RESULT_AND_NO_ACTIVE_GIMPS_ASSIGNMENT,2026-08-08T19:16:24+00:00,UNALLOCATED,,,,,
SLCMP700-1736,1736,1737,317337337,2^317337337-1,STRUCTURAL_SCREEN_EXHAUSTED_PRIMALITY_UNASSIGNED,GF3A_DIRECTIONAL_WRITE_EXHAUSTED_PRIMALITY_UNASSIGNED,513,512,512,NO_RECORDED_FACTOR_PRP_OR_LL_RESULT_AND_NO_ACTIVE_GIMPS_ASSIGNMENT,2026-08-08T19:16:24+00:00,UNALLOCATED,,,,,
SLCMP700-1737,1737,1738,317337389,2^317337389-1,STRUCTURAL_SCREEN_EXHAUSTED_PRIMALITY_UNASSIGNED,GF3A_DIRECTIONAL_WRITE_EXHAUSTED_PRIMALITY_UNASSIGNED,513,512,512,NO_RECORDED_FACTOR_PRP_OR_LL_RESULT_AND_NO_ACTIVE_GIMPS_ASSIGNMENT,2026-08-08T19:16:24+00:00,UNALLOCATED,,,,,
SLCMP700-1738,1738,1739,317337403,2^317337403-1,STRUCTURAL_SCREEN_EXHAUSTED_PRIMALITY_UNASSIGNED,GF3A_DIRECTIONAL_WRITE_EXHAUSTED_PRIMALITY_UNASSIGNED,514,512,512,NO_RECORDED_FACTOR_PRP_OR_LL_RESULT_AND_NO_ACTIVE_GIMPS_ASSIGNMENT,2026-08-08T19:16:24+00:00,UNALLOCATED,,,,,
SLCMP700-1739,1739,1740,317337409,2^317337409-1,STRUCTURAL_SCREEN_EXHAUSTED_PRIMALITY_UNASSIGNED,GF3A_DIRECTIONAL_WRITE_EXHAUSTED_PRIMALITY_UNASSIGNED,513,512,512,NO_RECORDED_FACTOR_PRP_OR_LL_RESULT_AND_NO_ACTIVE_GIMPS_ASSIGNMENT,2026-08-08T19:16:24+00:00,UNALLOCATED,,,,,
SLCMP700-1740,1740,1741,317337457,2^317337457-1,STRUCTURAL_SCREEN_EXHAUSTED_PRIMALITY_UNASSIGNED,GF3A_DIRECTIONAL_WRITE_EXHAUSTED_PRIMALITY_UNASSIGNED,513,512,512,NO_RECORDED_FACTOR_PRP_OR_LL_RESULT_AND_NO_ACTIVE_GIMPS_ASSIGNMENT,2026-08-08T19:16:24+00:00,UNALLOCATED,,,,,
SLCMP700-1741,1741,1742,317337511,2^317337511-1,STRUCTURAL_SCREEN_EXHAUSTED_PRIMALITY_UNASSIGNED,GF3A_DIRECTIONAL_WRITE_EXHAUSTED_PRIMALITY_UNASSIGNED,514,512,512,NO_RECORDED_FACTOR_PRP_OR_LL_RESULT_AND_NO_ACTIVE_GIMPS_ASSIGNMENT,2026-08-08T19:16:24+00:00,UNALLOCATED,,,,,
SLCMP700-1742,1742,1743,317337551,2^317337551-1,STRUCTURAL_SCREEN_EXHAUSTED_PRIMALITY_UNASSIGNED,GF3A_DIRECTIONAL_WRITE_EXHAUSTED_PRIMALITY_UNASSIGNED,514,512,512,NO_RECORDED_FACTOR_PRP_OR_LL_RESULT_AND_NO_ACTIVE_GIMPS_ASSIGNMENT,2026-08-08T19:16:24+00:00,UNALLOCATED,,,,,
SLCMP700-1743,1743,1744,317337617,2^317337617-1,STRUCTURAL_SCREEN_EXHAUSTED_PRIMALITY_UNASSIGNED,GF3A_DIRECTIONAL_WRITE_EXHAUSTED_PRIMALITY_UNASSIGNED,513,512,512,NO_RECORDED_FACTOR_PRP_OR_LL_RESULT_AND_NO_ACTIVE_GIMPS_ASSIGNMENT,2026-08-08T19:16:24+00:00,UNALLOCATED,,,,,
SLCMP700-1744,1744,1745,317337619,2^317337619-1,STRUCTURAL_SCREEN_EXHAUSTED_PRIMALITY_UNASSIGNED,GF3A_DIRECTIONAL_WRITE_EXHAUSTED_PRIMALITY_UNASSIGNED,514,512,512,NO_RECORDED_FACTOR_PRP_OR_LL_RESULT_AND_NO_ACTIVE_GIMPS_ASSIGNMENT,2026-08-08T19:16:24+00:00,UNALLOCATED,,,,,
SLCMP700-1745,1745,1746,317337679,2^317337679-1,STRUCTURAL_SCREEN_EXHAUSTED_PRIMALITY_UNASSIGNED,GF3A_DIRECTIONAL_WRITE_EXHAUSTED_PRIMALITY_UNASSIGNED,514,512,512,NO_RECORDED_FACTOR_PRP_OR_LL_RESULT_AND_NO_ACTIVE_GIMPS_ASSIGNMENT,2026-08-08T19:16:24+00:00,UNALLOCATED,,,,,
SLCMP700-1746,1746,1747,317337767,2^317337767-1,STRUCTURAL_SCREEN_EXHAUSTED_PRIMALITY_UNASSIGNED,GF3A_DIRECTIONAL_WRITE_EXHAUSTED_PRIMALITY_UNASSIGNED,514,512,512,NO_RECORDED_FACTOR_PRP_OR_LL_RESULT_AND_NO_ACTIVE_GIMPS_ASSIGNMENT,2026-08-08T19:16:24+00:00,UNALLOCATED,,,,,
SLCMP700-1747,1747,1748,317337773,2^317337773-1,STRUCTURAL_SCREEN_EXHAUSTED_PRIMALITY_UNASSIGNED,GF3A_DIRECTIONAL_WRITE_EXHAUSTED_PRIMALITY_UNASSIGNED,513,512,512,NO_RECORDED_FACTOR_PRP_OR_LL_RESULT_AND_NO_ACTIVE_GIMPS_ASSIGNMENT,2026-08-08T19:16:24+00:00,UNALLOCATED,,,,,
SLCMP700-1748,1748,1749,317337841,2^317337841-1,STRUCTURAL_SCREEN_EXHAUSTED_PRIMALITY_UNASSIGNED,GF3A_DIRECTIONAL_WRITE_EXHAUSTED_PRIMALITY_UNASSIGNED,513,512,512,NO_RECORDED_FACTOR_PRP_OR_LL_RESULT_AND_NO_ACTIVE_GIMPS_ASSIGNMENT,2026-08-08T19:16:24+00:00,UNALLOCATED,,,,,
SLCMP700-1749,1749,1750,317337857,2^317337857-1,STRUCTURAL_SCREEN_EXHAUSTED_PRIMALITY_UNASSIGNED,GF3A_DIRECTIONAL_WRITE_EXHAUSTED_PRIMALITY_UNASSIGNED,513,512,512,NO_RECORDED_FACTOR_PRP_OR_LL_RESULT_AND_NO_ACTIVE_GIMPS_ASSIGNMENT,2026-08-08T19:16:24+00:00,UNALLOCATED,,,,,
SLCMP700-1750,1750,1751,317337919,2^317337919-1,STRUCTURAL_SCREEN_EXHAUSTED_PRIMALITY_UNASSIGNED,GF3A_DIRECTIONAL_WRITE_EXHAUSTED_PRIMALITY_UNASSIGNED,514,512,512,NO_RECORDED_FACTOR_PRP_OR_LL_RESULT_AND_NO_ACTIVE_GIMPS_ASSIGNMENT,2026-08-08T19:16:24+00:00,UNALLOCATED,,,,,
SLCMP700-1751,1751,1752,317337983,2^317337983-1,STRUCTURAL_SCREEN_EXHAUSTED_PRIMALITY_UNASSIGNED,GF3A_DIRECTIONAL_WRITE_EXHAUSTED_PRIMALITY_UNASSIGNED,514,512,512,NO_RECORDED_FACTOR_PRP_OR_LL_RESULT_AND_NO_ACTIVE_GIMPS_ASSIGNMENT,2026-08-08T19:16:24+00:00,UNALLOCATED,,,,,
SLCMP700-1752,1752,1753,317337989,2^317337989-1,STRUCTURAL_SCREEN_EXHAUSTED_PRIMALITY_UNASSIGNED,GF3A_DIRECTIONAL_WRITE_EXHAUSTED_PRIMALITY_UNASSIGNED,513,512,512,NO_RECORDED_FACTOR_PRP_OR_LL_RESULT_AND_NO_ACTIVE_GIMPS_ASSIGNMENT,2026-08-08T19:16:24+00:00,UNALLOCATED,,,,,
SLCMP700-1753,1753,1754,317338051,2^317338051-1,STRUCTURAL_SCREEN_EXHAUSTED_PRIMALITY_UNASSIGNED,GF3A_DIRECTIONAL_WRITE_EXHAUSTED_PRIMALITY_UNASSIGNED,514,512,512,NO_RECORDED_FACTOR_PRP_OR_LL_RESULT_AND_NO_ACTIVE_GIMPS_ASSIGNMENT,2026-08-08T19:16:24+00:00,UNALLOCATED,,,,,
SLCMP700-1754,1754,1755,317338111,2^317338111-1,STRUCTURAL_SCREEN_EXHAUSTED_PRIMALITY_UNASSIGNED,GF3A_DIRECTIONAL_WRITE_EXHAUSTED_PRIMALITY_UNASSIGNED,514,512,512,NO_RECORDED_FACTOR_PRP_OR_LL_RESULT_AND_NO_ACTIVE_GIMPS_ASSIGNMENT,2026-08-08T19:16:24+00:00,UNALLOCATED,,,,,
SLCMP700-1755,1755,1756,317338193,2^317338193-1,STRUCTURAL_SCREEN_EXHAUSTED_PRIMALITY_UNASSIGNED,GF3A_DIRECTIONAL_WRITE_EXHAUSTED_PRIMALITY_UNASSIGNED,513,512,512,NO_RECORDED_FACTOR_PRP_OR_LL_RESULT_AND_NO_ACTIVE_GIMPS_ASSIGNMENT,2026-08-08T19:16:24+00:00,UNALLOCATED,,,,,
SLCMP700-1756,1756,1757,317338223,2^317338223-1,STRUCTURAL_SCREEN_EXHAUSTED_PRIMALITY_UNASSIGNED,GF3A_DIRECTIONAL_WRITE_EXHAUSTED_PRIMALITY_UNASSIGNED,514,512,512,NO_RECORDED_FACTOR_PRP_OR_LL_RESULT_AND_NO_ACTIVE_GIMPS_ASSIGNMENT,2026-08-08T19:16:24+00:00,UNALLOCATED,,,,,
SLCMP700-1757,1757,1758,317338253,2^317338253-1,STRUCTURAL_SCREEN_EXHAUSTED_PRIMALITY_UNASSIGNED,GF3A_DIRECTIONAL_WRITE_EXHAUSTED_PRIMALITY_UNASSIGNED,513,512,512,NO_RECORDED_FACTOR_PRP_OR_LL_RESULT_AND_NO_ACTIVE_GIMPS_ASSIGNMENT,2026-08-08T19:16:24+00:00,UNALLOCATED,,,,,
SLCMP700-1758,1758,1759,317338283,2^317338283-1,STRUCTURAL_SCREEN_EXHAUSTED_PRIMALITY_UNASSIGNED,GF3A_DIRECTIONAL_WRITE_EXHAUSTED_PRIMALITY_UNASSIGNED,514,512,512,NO_RECORDED_FACTOR_PRP_OR_LL_RESULT_AND_NO_ACTIVE_GIMPS_ASSIGNMENT,2026-08-08T19:16:24+00:00,UNALLOCATED,,,,,
SLCMP700-1759,1759,1760,317338297,2^317338297-1,STRUCTURAL_SCREEN_EXHAUSTED_PRIMALITY_UNASSIGNED,GF3A_DIRECTIONAL_WRITE_EXHAUSTED_PRIMALITY_UNASSIGNED,513,512,512,NO_RECORDED_FACTOR_PRP_OR_LL_RESULT_AND_NO_ACTIVE_GIMPS_ASSIGNMENT,2026-08-08T19:16:24+00:00,UNALLOCATED,,,,,
SLCMP700-1760,1760,1761,317338421,2^317338421-1,STRUCTURAL_SCREEN_EXHAUSTED_PRIMALITY_UNASSIGNED,GF3A_DIRECTIONAL_WRITE_EXHAUSTED_PRIMALITY_UNASSIGNED,513,512,512,NO_RECORDED_FACTOR_PRP_OR_LL_RESULT_AND_NO_ACTIVE_GIMPS_ASSIGNMENT,2026-08-08T19:16:24+00:00,UNALLOCATED,,,,,
SLCMP700-1761,1761,1762,317338451,2^317338451-1,STRUCTURAL_SCREEN_EXHAUSTED_PRIMALITY_UNASSIGNED,GF3A_DIRECTIONAL_WRITE_EXHAUSTED_PRIMALITY_UNASSIGNED,514,512,512,NO_RECORDED_FACTOR_PRP_OR_LL_RESULT_AND_NO_ACTIVE_GIMPS_ASSIGNMENT,2026-08-08T19:16:24+00:00,UNALLOCATED,,,,,
SLCMP700-1762,1762,1763,317338487,2^317338487-1,STRUCTURAL_SCREEN_EXHAUSTED_PRIMALITY_UNASSIGNED,GF3A_DIRECTIONAL_WRITE_EXHAUSTED_PRIMALITY_UNASSIGNED,514,512,512,NO_RECORDED_FACTOR_PRP_OR_LL_RESULT_AND_NO_ACTIVE_GIMPS_ASSIGNMENT,2026-08-08T19:16:24+00:00,UNALLOCATED,,,,,
SLCMP700-1763,1763,1764,317338663,2^317338663-1,STRUCTURAL_SCREEN_EXHAUSTED_PRIMALITY_UNASSIGNED,GF3A_DIRECTIONAL_WRITE_EXHAUSTED_PRIMALITY_UNASSIGNED,514,512,512,NO_RECORDED_FACTOR_PRP_OR_LL_RESULT_AND_NO_ACTIVE_GIMPS_ASSIGNMENT,2026-08-08T19:16:24+00:00,UNALLOCATED,,,,,
SLCMP700-1764,1764,1765,317338727,2^317338727-1,STRUCTURAL_SCREEN_EXHAUSTED_PRIMALITY_UNASSIGNED,GF3A_DIRECTIONAL_WRITE_EXHAUSTED_PRIMALITY_UNASSIGNED,514,512,512,NO_RECORDED_FACTOR_PRP_OR_LL_RESULT_AND_NO_ACTIVE_GIMPS_ASSIGNMENT,2026-08-08T19:16:24+00:00,UNALLOCATED,,,,,
SLCMP700-1765,1765,1766,317338789,2^317338789-1,STRUCTURAL_SCREEN_EXHAUSTED_PRIMALITY_UNASSIGNED,GF3A_DIRECTIONAL_WRITE_EXHAUSTED_PRIMALITY_UNASSIGNED,513,512,512,NO_RECORDED_FACTOR_PRP_OR_LL_RESULT_AND_NO_ACTIVE_GIMPS_ASSIGNMENT,2026-08-08T19:16:24+00:00,UNALLOCATED,,,,,
SLCMP700-1766,1766,1767,317338927,2^317338927-1,STRUCTURAL_SCREEN_EXHAUSTED_PRIMALITY_UNASSIGNED,GF3A_DIRECTIONAL_WRITE_EXHAUSTED_PRIMALITY_UNASSIGNED,514,512,512,NO_RECORDED_FACTOR_PRP_OR_LL_RESULT_AND_NO_ACTIVE_GIMPS_ASSIGNMENT,2026-08-08T19:16:24+00:00,UNALLOCATED,,,,,
SLCMP700-1767,1767,1768,317338933,2^317338933-1,STRUCTURAL_SCREEN_EXHAUSTED_PRIMALITY_UNASSIGNED,GF3A_DIRECTIONAL_WRITE_EXHAUSTED_PRIMALITY_UNASSIGNED,513,512,512,NO_RECORDED_FACTOR_PRP_OR_LL_RESULT_AND_NO_ACTIVE_GIMPS_ASSIGNMENT,2026-08-08T19:16:24+00:00,UNALLOCATED,,,,,
SLCMP700-1768,1768,1769,317338943,2^317338943-1,STRUCTURAL_SCREEN_EXHAUSTED_PRIMALITY_UNASSIGNED,GF3A_DIRECTIONAL_WRITE_EXHAUSTED_PRIMALITY_UNASSIGNED,514,512,512,NO_RECORDED_FACTOR_PRP_OR_LL_RESULT_AND_NO_ACTIVE_GIMPS_ASSIGNMENT,2026-08-08T19:16:24+00:00,UNALLOCATED,,,,,
SLCMP700-1769,1769,1770,317338997,2^317338997-1,STRUCTURAL_SCREEN_EXHAUSTED_PRIMALITY_UNASSIGNED,GF3A_DIRECTIONAL_WRITE_EXHAUSTED_PRIMALITY_UNASSIGNED,513,512,512,NO_RECORDED_FACTOR_PRP_OR_LL_RESULT_AND_NO_ACTIVE_GIMPS_ASSIGNMENT,2026-08-08T19:16:24+00:00,UNALLOCATED,,,,,
SLCMP700-1770,1770,1771,317338999,2^317338999-1,STRUCTURAL_SCREEN_EXHAUSTED_PRIMALITY_UNASSIGNED,GF3A_DIRECTIONAL_WRITE_EXHAUSTED_PRIMALITY_UNASSIGNED,514,512,512,NO_RECORDED_FACTOR_PRP_OR_LL_RESULT_AND_NO_ACTIVE_GIMPS_ASSIGNMENT,2026-08-08T19:16:24+00:00,UNALLOCATED,,,,,
SLCMP700-1771,1771,1772,317339021,2^317339021-1,STRUCTURAL_SCREEN_EXHAUSTED_PRIMALITY_UNASSIGNED,GF3A_DIRECTIONAL_WRITE_EXHAUSTED_PRIMALITY_UNASSIGNED,513,512,512,NO_RECORDED_FACTOR_PRP_OR_LL_RESULT_AND_NO_ACTIVE_GIMPS_ASSIGNMENT,2026-08-08T19:16:24+00:00,UNALLOCATED,,,,,
SLCMP700-1772,1772,1773,317339081,2^317339081-1,STRUCTURAL_SCREEN_EXHAUSTED_PRIMALITY_UNASSIGNED,GF3A_DIRECTIONAL_WRITE_EXHAUSTED_PRIMALITY_UNASSIGNED,513,512,512,NO_RECORDED_FACTOR_PRP_OR_LL_RESULT_AND_NO_ACTIVE_GIMPS_ASSIGNMENT,2026-08-08T19:16:24+00:00,UNALLOCATED,,,,,
SLCMP700-1773,1773,1774,317339093,2^317339093-1,STRUCTURAL_SCREEN_EXHAUSTED_PRIMALITY_UNASSIGNED,GF3A_DIRECTIONAL_WRITE_EXHAUSTED_PRIMALITY_UNASSIGNED,513,512,512,NO_RECORDED_FACTOR_PRP_OR_LL_RESULT_AND_NO_ACTIVE_GIMPS_ASSIGNMENT,2026-08-08T19:16:24+00:00,UNALLOCATED,,,,,
SLCMP700-1774,1774,1775,317339107,2^317339107-1,STRUCTURAL_SCREEN_EXHAUSTED_PRIMALITY_UNASSIGNED,GF3A_DIRECTIONAL_WRITE_EXHAUSTED_PRIMALITY_UNASSIGNED,514,512,512,NO_RECORDED_FACTOR_PRP_OR_LL_RESULT_AND_NO_ACTIVE_GIMPS_ASSIGNMENT,2026-08-08T19:16:24+00:00,UNALLOCATED,,,,,
SLCMP700-1775,1775,1776,317339137,2^317339137-1,STRUCTURAL_SCREEN_EXHAUSTED_PRIMALITY_UNASSIGNED,GF3A_DIRECTIONAL_WRITE_EXHAUSTED_PRIMALITY_UNASSIGNED,513,512,512,NO_RECORDED_FACTOR_PRP_OR_LL_RESULT_AND_NO_ACTIVE_GIMPS_ASSIGNMENT,2026-08-08T19:16:24+00:00,UNALLOCATED,,,,,
SLCMP700-1776,1776,1777,317339203,2^317339203-1,STRUCTURAL_SCREEN_EXHAUSTED_PRIMALITY_UNASSIGNED,GF3A_DIRECTIONAL_WRITE_EXHAUSTED_PRIMALITY_UNASSIGNED,514,512,512,NO_RECORDED_FACTOR_PRP_OR_LL_RESULT_AND_NO_ACTIVE_GIMPS_ASSIGNMENT,2026-08-08T19:16:24+00:00,UNALLOCATED,,,,,
SLCMP700-1777,1777,1778,317339371,2^317339371-1,STRUCTURAL_SCREEN_EXHAUSTED_PRIMALITY_UNASSIGNED,GF3A_DIRECTIONAL_WRITE_EXHAUSTED_PRIMALITY_UNASSIGNED,514,512,512,NO_RECORDED_FACTOR_PRP_OR_LL_RESULT_AND_NO_ACTIVE_GIMPS_ASSIGNMENT,2026-08-08T19:16:24+00:00,UNALLOCATED,,,,,
SLCMP700-1778,1778,1779,317339437,2^317339437-1,STRUCTURAL_SCREEN_EXHAUSTED_PRIMALITY_UNASSIGNED,GF3A_DIRECTIONAL_WRITE_EXHAUSTED_PRIMALITY_UNASSIGNED,513,512,512,NO_RECORDED_FACTOR_PRP_OR_LL_RESULT_AND_NO_ACTIVE_GIMPS_ASSIGNMENT,2026-08-08T19:16:24+00:00,UNALLOCATED,,,,,
SLCMP700-1779,1779,1780,317339443,2^317339443-1,STRUCTURAL_SCREEN_EXHAUSTED_PRIMALITY_UNASSIGNED,GF3A_DIRECTIONAL_WRITE_EXHAUSTED_PRIMALITY_UNASSIGNED,514,512,512,NO_RECORDED_FACTOR_PRP_OR_LL_RESULT_AND_NO_ACTIVE_GIMPS_ASSIGNMENT,2026-08-08T19:16:24+00:00,UNALLOCATED,,,,,
SLCMP700-1780,1780,1781,317339513,2^317339513-1,STRUCTURAL_SCREEN_EXHAUSTED_PRIMALITY_UNASSIGNED,GF3A_DIRECTIONAL_WRITE_EXHAUSTED_PRIMALITY_UNASSIGNED,513,512,512,NO_RECORDED_FACTOR_PRP_OR_LL_RESULT_AND_NO_ACTIVE_GIMPS_ASSIGNMENT,2026-08-08T19:16:24+00:00,UNALLOCATED,,,,,
SLCMP700-1781,1781,1782,317339521,2^317339521-1,STRUCTURAL_SCREEN_EXHAUSTED_PRIMALITY_UNASSIGNED,GF3A_DIRECTIONAL_WRITE_EXHAUSTED_PRIMALITY_UNASSIGNED,513,512,512,NO_RECORDED_FACTOR_PRP_OR_LL_RESULT_AND_NO_ACTIVE_GIMPS_ASSIGNMENT,2026-08-08T19:16:24+00:00,UNALLOCATED,,,,,
SLCMP700-1782,1782,1783,317339573,2^317339573-1,STRUCTURAL_SCREEN_EXHAUSTED_PRIMALITY_UNASSIGNED,GF3A_DIRECTIONAL_WRITE_EXHAUSTED_PRIMALITY_UNASSIGNED,513,512,512,NO_RECORDED_FACTOR_PRP_OR_LL_RESULT_AND_NO_ACTIVE_GIMPS_ASSIGNMENT,2026-08-08T19:16:24+00:00,UNALLOCATED,,,,,
SLCMP700-1783,1783,1784,317339623,2^317339623-1,STRUCTURAL_SCREEN_EXHAUSTED_PRIMALITY_UNASSIGNED,GF3A_DIRECTIONAL_WRITE_EXHAUSTED_PRIMALITY_UNASSIGNED,514,512,512,NO_RECORDED_FACTOR_PRP_OR_LL_RESULT_AND_NO_ACTIVE_GIMPS_ASSIGNMENT,2026-08-08T19:16:24+00:00,UNALLOCATED,,,,,
SLCMP700-1784,1784,1785,317339651,2^317339651-1,STRUCTURAL_SCREEN_EXHAUSTED_PRIMALITY_UNASSIGNED,GF3A_DIRECTIONAL_WRITE_EXHAUSTED_PRIMALITY_UNASSIGNED,514,512,512,NO_RECORDED_FACTOR_PRP_OR_LL_RESULT_AND_NO_ACTIVE_GIMPS_ASSIGNMENT,2026-08-08T19:16:24+00:00,UNALLOCATED,,,,,
SLCMP700-1785,1785,1786,317339707,2^317339707-1,STRUCTURAL_SCREEN_EXHAUSTED_PRIMALITY_UNASSIGNED,GF3A_DIRECTIONAL_WRITE_EXHAUSTED_PRIMALITY_UNASSIGNED,514,512,512,NO_RECORDED_FACTOR_PRP_OR_LL_RESULT_AND_NO_ACTIVE_GIMPS_ASSIGNMENT,2026-08-08T19:16:24+00:00,UNALLOCATED,,,,,
SLCMP700-1786,1786,1787,317339801,2^317339801-1,STRUCTURAL_SCREEN_EXHAUSTED_PRIMALITY_UNASSIGNED,GF3A_DIRECTIONAL_WRITE_EXHAUSTED_PRIMALITY_UNASSIGNED,513,512,512,NO_RECORDED_FACTOR_PRP_OR_LL_RESULT_AND_NO_ACTIVE_GIMPS_ASSIGNMENT,2026-08-08T19:16:24+00:00,UNALLOCATED,,,,,
SLCMP700-1787,1787,1788,317339917,2^317339917-1,STRUCTURAL_SCREEN_EXHAUSTED_PRIMALITY_UNASSIGNED,GF3A_DIRECTIONAL_WRITE_EXHAUSTED_PRIMALITY_UNASSIGNED,513,512,512,NO_RECORDED_FACTOR_PRP_OR_LL_RESULT_AND_NO_ACTIVE_GIMPS_ASSIGNMENT,2026-08-08T19:16:24+00:00,UNALLOCATED,,,,,
SLCMP700-1788,1788,1789,317339933,2^317339933-1,STRUCTURAL_SCREEN_EXHAUSTED_PRIMALITY_UNASSIGNED,GF3A_DIRECTIONAL_WRITE_EXHAUSTED_PRIMALITY_UNASSIGNED,513,512,512,NO_RECORDED_FACTOR_PRP_OR_LL_RESULT_AND_NO_ACTIVE_GIMPS_ASSIGNMENT,2026-08-08T19:16:24+00:00,UNALLOCATED,,,,,
SLCMP700-1789,1789,1790,317339977,2^317339977-1,STRUCTURAL_SCREEN_EXHAUSTED_PRIMALITY_UNASSIGNED,GF3A_DIRECTIONAL_WRITE_EXHAUSTED_PRIMALITY_UNASSIGNED,513,512,512,NO_RECORDED_FACTOR_PRP_OR_LL_RESULT_AND_NO_ACTIVE_GIMPS_ASSIGNMENT,2026-08-08T19:16:24+00:00,UNALLOCATED,,,,,
SLCMP700-1790,1790,1791,317339987,2^317339987-1,STRUCTURAL_SCREEN_EXHAUSTED_PRIMALITY_UNASSIGNED,GF3A_DIRECTIONAL_WRITE_EXHAUSTED_PRIMALITY_UNASSIGNED,514,512,512,NO_RECORDED_FACTOR_PRP_OR_LL_RESULT_AND_NO_ACTIVE_GIMPS_ASSIGNMENT,2026-08-08T19:16:24+00:00,UNALLOCATED,,,,,
SLCMP700-1791,1791,1792,317340019,2^317340019-1,STRUCTURAL_SCREEN_EXHAUSTED_PRIMALITY_UNASSIGNED,GF3A_DIRECTIONAL_WRITE_EXHAUSTED_PRIMALITY_UNASSIGNED,514,512,512,NO_RECORDED_FACTOR_PRP_OR_LL_RESULT_AND_NO_ACTIVE_GIMPS_ASSIGNMENT,2026-08-08T19:16:24+00:00,UNALLOCATED,,,,,
SLCMP700-1792,1792,1793,317340061,2^317340061-1,STRUCTURAL_SCREEN_EXHAUSTED_PRIMALITY_UNASSIGNED,GF3A_DIRECTIONAL_WRITE_EXHAUSTED_PRIMALITY_UNASSIGNED,513,512,512,NO_RECORDED_FACTOR_PRP_OR_LL_RESULT_AND_NO_ACTIVE_GIMPS_ASSIGNMENT,2026-08-08T19:16:24+00:00,UNALLOCATED,,,,,
SLCMP700-1793,1793,1794,317340103,2^317340103-1,STRUCTURAL_SCREEN_EXHAUSTED_PRIMALITY_UNASSIGNED,GF3A_DIRECTIONAL_WRITE_EXHAUSTED_PRIMALITY_UNASSIGNED,514,512,512,NO_RECORDED_FACTOR_PRP_OR_LL_RESULT_AND_NO_ACTIVE_GIMPS_ASSIGNMENT,2026-08-08T19:16:24+00:00,UNALLOCATED,,,,,
SLCMP700-1794,1794,1795,317340113,2^317340113-1,STRUCTURAL_SCREEN_EXHAUSTED_PRIMALITY_UNASSIGNED,GF3A_DIRECTIONAL_WRITE_EXHAUSTED_PRIMALITY_UNASSIGNED,513,512,512,NO_RECORDED_FACTOR_PRP_OR_LL_RESULT_AND_NO_ACTIVE_GIMPS_ASSIGNMENT,2026-08-08T19:16:24+00:00,UNALLOCATED,,,,,
SLCMP700-1795,1795,1796,317340119,2^317340119-1,STRUCTURAL_SCREEN_EXHAUSTED_PRIMALITY_UNASSIGNED,GF3A_DIRECTIONAL_WRITE_EXHAUSTED_PRIMALITY_UNASSIGNED,514,512,512,NO_RECORDED_FACTOR_PRP_OR_LL_RESULT_AND_NO_ACTIVE_GIMPS_ASSIGNMENT,2026-08-08T19:16:24+00:00,UNALLOCATED,,,,,
SLCMP700-1796,1796,1797,317340169,2^317340169-1,STRUCTURAL_SCREEN_EXHAUSTED_PRIMALITY_UNASSIGNED,GF3A_DIRECTIONAL_WRITE_EXHAUSTED_PRIMALITY_UNASSIGNED,513,512,512,NO_RECORDED_FACTOR_PRP_OR_LL_RESULT_AND_NO_ACTIVE_GIMPS_ASSIGNMENT,2026-08-08T19:16:24+00:00,UNALLOCATED,,,,,
SLCMP700-1797,1797,1798,317340181,2^317340181-1,STRUCTURAL_SCREEN_EXHAUSTED_PRIMALITY_UNASSIGNED,GF3A_DIRECTIONAL_WRITE_EXHAUSTED_PRIMALITY_UNASSIGNED,513,512,512,NO_RECORDED_FACTOR_PRP_OR_LL_RESULT_AND_NO_ACTIVE_GIMPS_ASSIGNMENT,2026-08-08T19:16:24+00:00,UNALLOCATED,,,,,
SLCMP700-1798,1798,1799,317340227,2^317340227-1,STRUCTURAL_SCREEN_EXHAUSTED_PRIMALITY_UNASSIGNED,GF3A_DIRECTIONAL_WRITE_EXHAUSTED_PRIMALITY_UNASSIGNED,514,512,512,NO_RECORDED_FACTOR_PRP_OR_LL_RESULT_AND_NO_ACTIVE_GIMPS_ASSIGNMENT,2026-08-08T19:16:24+00:00,UNALLOCATED,,,,,
SLCMP700-1799,1799,1800,317340229,2^317340229-1,STRUCTURAL_SCREEN_EXHAUSTED_PRIMALITY_UNASSIGNED,GF3A_DIRECTIONAL_WRITE_EXHAUSTED_PRIMALITY_UNASSIGNED,513,512,512,NO_RECORDED_FACTOR_PRP_OR_LL_RESULT_AND_NO_ACTIVE_GIMPS_ASSIGNMENT,2026-08-08T19:16:24+00:00,UNALLOCATED,,,,,
SLCMP700-1800,1800,1801,317340281,2^317340281-1,STRUCTURAL_SCREEN_EXHAUSTED_PRIMALITY_UNASSIGNED,GF3A_DIRECTIONAL_WRITE_EXHAUSTED_PRIMALITY_UNASSIGNED,513,512,512,NO_RECORDED_FACTOR_PRP_OR_LL_RESULT_AND_NO_ACTIVE_GIMPS_ASSIGNMENT,2026-08-08T19:16:24+00:00,UNALLOCATED,,,,,
SLCMP700-1801,1801,1802,317340391,2^317340391-1,STRUCTURAL_SCREEN_EXHAUSTED_PRIMALITY_UNASSIGNED,GF3A_DIRECTIONAL_WRITE_EXHAUSTED_PRIMALITY_UNASSIGNED,514,512,512,NO_RECORDED_FACTOR_PRP_OR_LL_RESULT_AND_NO_ACTIVE_GIMPS_ASSIGNMENT,2026-08-08T19:16:24+00:00,UNALLOCATED,,,,,
SLCMP700-1802,1802,1803,317340403,2^317340403-1,STRUCTURAL_SCREEN_EXHAUSTED_PRIMALITY_UNASSIGNED,GF3A_DIRECTIONAL_WRITE_EXHAUSTED_PRIMALITY_UNASSIGNED,514,512,512,NO_RECORDED_FACTOR_PRP_OR_LL_RESULT_AND_NO_ACTIVE_GIMPS_ASSIGNMENT,2026-08-08T19:16:24+00:00,UNALLOCATED,,,,,
SLCMP700-1803,1803,1804,317340467,2^317340467-1,STRUCTURAL_SCREEN_EXHAUSTED_PRIMALITY_UNASSIGNED,GF3A_DIRECTIONAL_WRITE_EXHAUSTED_PRIMALITY_UNASSIGNED,514,512,512,NO_RECORDED_FACTOR_PRP_OR_LL_RESULT_AND_NO_ACTIVE_GIMPS_ASSIGNMENT,2026-08-08T19:16:24+00:00,UNALLOCATED,,,,,
SLCMP700-1804,1804,1805,317340503,2^317340503-1,STRUCTURAL_SCREEN_EXHAUSTED_PRIMALITY_UNASSIGNED,GF3A_DIRECTIONAL_WRITE_EXHAUSTED_PRIMALITY_UNASSIGNED,514,512,512,NO_RECORDED_FACTOR_PRP_OR_LL_RESULT_AND_NO_ACTIVE_GIMPS_ASSIGNMENT,2026-08-08T19:16:24+00:00,UNALLOCATED,,,,,
SLCMP700-1805,1805,1806,317340539,2^317340539-1,STRUCTURAL_SCREEN_EXHAUSTED_PRIMALITY_UNASSIGNED,GF3A_DIRECTIONAL_WRITE_EXHAUSTED_PRIMALITY_UNASSIGNED,514,512,512,NO_RECORDED_FACTOR_PRP_OR_LL_RESULT_AND_NO_ACTIVE_GIMPS_ASSIGNMENT,2026-08-08T19:16:24+00:00,UNALLOCATED,,,,,
SLCMP700-1806,1806,1807,317340577,2^317340577-1,STRUCTURAL_SCREEN_EXHAUSTED_PRIMALITY_UNASSIGNED,GF3A_DIRECTIONAL_WRITE_EXHAUSTED_PRIMALITY_UNASSIGNED,513,512,512,NO_RECORDED_FACTOR_PRP_OR_LL_RESULT_AND_NO_ACTIVE_GIMPS_ASSIGNMENT,2026-08-08T19:16:24+00:00,UNALLOCATED,,,,,
SLCMP700-1807,1807,1808,317340587,2^317340587-1,STRUCTURAL_SCREEN_EXHAUSTED_PRIMALITY_UNASSIGNED,GF3A_DIRECTIONAL_WRITE_EXHAUSTED_PRIMALITY_UNASSIGNED,514,512,512,NO_RECORDED_FACTOR_PRP_OR_LL_RESULT_AND_NO_ACTIVE_GIMPS_ASSIGNMENT,2026-08-08T19:16:24+00:00,UNALLOCATED,,,,,
SLCMP700-1808,1808,1809,317340619,2^317340619-1,STRUCTURAL_SCREEN_EXHAUSTED_PRIMALITY_UNASSIGNED,GF3A_DIRECTIONAL_WRITE_EXHAUSTED_PRIMALITY_UNASSIGNED,514,512,512,NO_RECORDED_FACTOR_PRP_OR_LL_RESULT_AND_NO_ACTIVE_GIMPS_ASSIGNMENT,2026-08-08T19:16:24+00:00,UNALLOCATED,,,,,
SLCMP700-1809,1809,1810,317340659,2^317340659-1,STRUCTURAL_SCREEN_EXHAUSTED_PRIMALITY_UNASSIGNED,GF3A_DIRECTIONAL_WRITE_EXHAUSTED_PRIMALITY_UNASSIGNED,514,512,512,NO_RECORDED_FACTOR_PRP_OR_LL_RESULT_AND_NO_ACTIVE_GIMPS_ASSIGNMENT,2026-08-08T19:16:24+00:00,UNALLOCATED,,,,,
SLCMP700-1810,1810,1811,317340701,2^317340701-1,STRUCTURAL_SCREEN_EXHAUSTED_PRIMALITY_UNASSIGNED,GF3A_DIRECTIONAL_WRITE_EXHAUSTED_PRIMALITY_UNASSIGNED,513,512,512,NO_RECORDED_FACTOR_PRP_OR_LL_RESULT_AND_NO_ACTIVE_GIMPS_ASSIGNMENT,2026-08-08T19:16:24+00:00,UNALLOCATED,,,,,
SLCMP700-1811,1811,1812,317340703,2^317340703-1,STRUCTURAL_SCREEN_EXHAUSTED_PRIMALITY_UNASSIGNED,GF3A_DIRECTIONAL_WRITE_EXHAUSTED_PRIMALITY_UNASSIGNED,514,512,512,NO_RECORDED_FACTOR_PRP_OR_LL_RESULT_AND_NO_ACTIVE_GIMPS_ASSIGNMENT,2026-08-08T19:16:24+00:00,UNALLOCATED,,,,,
SLCMP700-1812,1812,1813,317340811,2^317340811-1,STRUCTURAL_SCREEN_EXHAUSTED_PRIMALITY_UNASSIGNED,GF3A_DIRECTIONAL_WRITE_EXHAUSTED_PRIMALITY_UNASSIGNED,514,512,512,NO_RECORDED_FACTOR_PRP_OR_LL_RESULT_AND_NO_ACTIVE_GIMPS_ASSIGNMENT,2026-08-08T19:16:24+00:00,UNALLOCATED,,,,,
SLCMP700-1813,1813,1814,317340827,2^317340827-1,STRUCTURAL_SCREEN_EXHAUSTED_PRIMALITY_UNASSIGNED,GF3A_DIRECTIONAL_WRITE_EXHAUSTED_PRIMALITY_UNASSIGNED,514,512,512,NO_RECORDED_FACTOR_PRP_OR_LL_RESULT_AND_NO_ACTIVE_GIMPS_ASSIGNMENT,2026-08-08T19:16:24+00:00,UNALLOCATED,,,,,
SLCMP700-1814,1814,1815,317340871,2^317340871-1,STRUCTURAL_SCREEN_EXHAUSTED_PRIMALITY_UNASSIGNED,GF3A_DIRECTIONAL_WRITE_EXHAUSTED_PRIMALITY_UNASSIGNED,514,512,512,NO_RECORDED_FACTOR_PRP_OR_LL_RESULT_AND_NO_ACTIVE_GIMPS_ASSIGNMENT,2026-08-08T19:16:24+00:00,UNALLOCATED,,,,,
SLCMP700-1815,1815,1816,317340901,2^317340901-1,STRUCTURAL_SCREEN_EXHAUSTED_PRIMALITY_UNASSIGNED,GF3A_DIRECTIONAL_WRITE_EXHAUSTED_PRIMALITY_UNASSIGNED,513,512,512,NO_RECORDED_FACTOR_PRP_OR_LL_RESULT_AND_NO_ACTIVE_GIMPS_ASSIGNMENT,2026-08-08T19:16:24+00:00,UNALLOCATED,,,,,
SLCMP700-1816,1816,1817,317340949,2^317340949-1,STRUCTURAL_SCREEN_EXHAUSTED_PRIMALITY_UNASSIGNED,GF3A_DIRECTIONAL_WRITE_EXHAUSTED_PRIMALITY_UNASSIGNED,513,512,512,NO_RECORDED_FACTOR_PRP_OR_LL_RESULT_AND_NO_ACTIVE_GIMPS_ASSIGNMENT,2026-08-08T19:16:24+00:00,UNALLOCATED,,,,,
SLCMP700-1817,1817,1818,317341049,2^317341049-1,STRUCTURAL_SCREEN_EXHAUSTED_PRIMALITY_UNASSIGNED,GF3A_DIRECTIONAL_WRITE_EXHAUSTED_PRIMALITY_UNASSIGNED,513,512,512,NO_RECORDED_FACTOR_PRP_OR_LL_RESULT_AND_NO_ACTIVE_GIMPS_ASSIGNMENT,2026-08-08T19:16:24+00:00,UNALLOCATED,,,,,
SLCMP700-1818,1818,1819,317341067,2^317341067-1,STRUCTURAL_SCREEN_EXHAUSTED_PRIMALITY_UNASSIGNED,GF3A_DIRECTIONAL_WRITE_EXHAUSTED_PRIMALITY_UNASSIGNED,514,512,512,NO_RECORDED_FACTOR_PRP_OR_LL_RESULT_AND_NO_ACTIVE_GIMPS_ASSIGNMENT,2026-08-08T19:16:24+00:00,UNALLOCATED,,,,,
SLCMP700-1819,1819,1820,317341099,2^317341099-1,STRUCTURAL_SCREEN_EXHAUSTED_PRIMALITY_UNASSIGNED,GF3A_DIRECTIONAL_WRITE_EXHAUSTED_PRIMALITY_UNASSIGNED,514,512,512,NO_RECORDED_FACTOR_PRP_OR_LL_RESULT_AND_NO_ACTIVE_GIMPS_ASSIGNMENT,2026-08-08T19:16:24+00:00,UNALLOCATED,,,,,
SLCMP700-1820,1820,1821,317341139,2^317341139-1,STRUCTURAL_SCREEN_EXHAUSTED_PRIMALITY_UNASSIGNED,GF3A_DIRECTIONAL_WRITE_EXHAUSTED_PRIMALITY_UNASSIGNED,514,512,512,NO_RECORDED_FACTOR_PRP_OR_LL_RESULT_AND_NO_ACTIVE_GIMPS_ASSIGNMENT,2026-08-08T19:16:24+00:00,UNALLOCATED,,,,,
SLCMP700-1821,1821,1822,317341289,2^317341289-1,STRUCTURAL_SCREEN_EXHAUSTED_PRIMALITY_UNASSIGNED,GF3A_DIRECTIONAL_WRITE_EXHAUSTED_PRIMALITY_UNASSIGNED,513,512,512,NO_RECORDED_FACTOR_PRP_OR_LL_RESULT_AND_NO_ACTIVE_GIMPS_ASSIGNMENT,2026-08-08T19:16:24+00:00,UNALLOCATED,,,,,
SLCMP700-1822,1822,1823,317341301,2^317341301-1,STRUCTURAL_SCREEN_EXHAUSTED_PRIMALITY_UNASSIGNED,GF3A_DIRECTIONAL_WRITE_EXHAUSTED_PRIMALITY_UNASSIGNED,513,512,512,NO_RECORDED_FACTOR_PRP_OR_LL_RESULT_AND_NO_ACTIVE_GIMPS_ASSIGNMENT,2026-08-08T19:16:24+00:00,UNALLOCATED,,,,,
SLCMP700-1823,1823,1824,317341429,2^317341429-1,STRUCTURAL_SCREEN_EXHAUSTED_PRIMALITY_UNASSIGNED,GF3A_DIRECTIONAL_WRITE_EXHAUSTED_PRIMALITY_UNASSIGNED,513,512,512,NO_RECORDED_FACTOR_PRP_OR_LL_RESULT_AND_NO_ACTIVE_GIMPS_ASSIGNMENT,2026-08-08T19:16:24+00:00,UNALLOCATED,,,,,
SLCMP700-1824,1824,1825,317341441,2^317341441-1,STRUCTURAL_SCREEN_EXHAUSTED_PRIMALITY_UNASSIGNED,GF3A_DIRECTIONAL_WRITE_EXHAUSTED_PRIMALITY_UNASSIGNED,513,512,512,NO_RECORDED_FACTOR_PRP_OR_LL_RESULT_AND_NO_ACTIVE_GIMPS_ASSIGNMENT,2026-08-08T19:16:24+00:00,UNALLOCATED,,,,,
SLCMP700-1825,1825,1826,317341483,2^317341483-1,STRUCTURAL_SCREEN_EXHAUSTED_PRIMALITY_UNASSIGNED,GF3A_DIRECTIONAL_WRITE_EXHAUSTED_PRIMALITY_UNASSIGNED,514,512,512,NO_RECORDED_FACTOR_PRP_OR_LL_RESULT_AND_NO_ACTIVE_GIMPS_ASSIGNMENT,2026-08-08T19:16:24+00:00,UNALLOCATED,,,,,
SLCMP700-1826,1826,1827,317341523,2^317341523-1,STRUCTURAL_SCREEN_EXHAUSTED_PRIMALITY_UNASSIGNED,GF3A_DIRECTIONAL_WRITE_EXHAUSTED_PRIMALITY_UNASSIGNED,514,512,512,NO_RECORDED_FACTOR_PRP_OR_LL_RESULT_AND_NO_ACTIVE_GIMPS_ASSIGNMENT,2026-08-08T19:16:24+00:00,UNALLOCATED,,,,,
SLCMP700-1827,1827,1828,317341537,2^317341537-1,STRUCTURAL_SCREEN_EXHAUSTED_PRIMALITY_UNASSIGNED,GF3A_DIRECTIONAL_WRITE_EXHAUSTED_PRIMALITY_UNASSIGNED,513,512,512,NO_RECORDED_FACTOR_PRP_OR_LL_RESULT_AND_NO_ACTIVE_GIMPS_ASSIGNMENT,2026-08-08T19:16:24+00:00,UNALLOCATED,,,,,
SLCMP700-1828,1828,1829,317341769,2^317341769-1,STRUCTURAL_SCREEN_EXHAUSTED_PRIMALITY_UNASSIGNED,GF3A_DIRECTIONAL_WRITE_EXHAUSTED_PRIMALITY_UNASSIGNED,513,512,512,NO_RECORDED_FACTOR_PRP_OR_LL_RESULT_AND_NO_ACTIVE_GIMPS_ASSIGNMENT,2026-08-08T19:16:24+00:00,UNALLOCATED,,,,,
SLCMP700-1829,1829,1830,317341841,2^317341841-1,STRUCTURAL_SCREEN_EXHAUSTED_PRIMALITY_UNASSIGNED,GF3A_DIRECTIONAL_WRITE_EXHAUSTED_PRIMALITY_UNASSIGNED,513,512,512,NO_RECORDED_FACTOR_PRP_OR_LL_RESULT_AND_NO_ACTIVE_GIMPS_ASSIGNMENT,2026-08-08T19:16:24+00:00,UNALLOCATED,,,,,
SLCMP700-1830,1830,1831,317341903,2^317341903-1,STRUCTURAL_SCREEN_EXHAUSTED_PRIMALITY_UNASSIGNED,GF3A_DIRECTIONAL_WRITE_EXHAUSTED_PRIMALITY_UNASSIGNED,514,512,512,NO_RECORDED_FACTOR_PRP_OR_LL_RESULT_AND_NO_ACTIVE_GIMPS_ASSIGNMENT,2026-08-08T19:16:24+00:00,UNALLOCATED,,,,,
SLCMP700-1831,1831,1832,317341939,2^317341939-1,STRUCTURAL_SCREEN_EXHAUSTED_PRIMALITY_UNASSIGNED,GF3A_DIRECTIONAL_WRITE_EXHAUSTED_PRIMALITY_UNASSIGNED,514,512,512,NO_RECORDED_FACTOR_PRP_OR_LL_RESULT_AND_NO_ACTIVE_GIMPS_ASSIGNMENT,2026-08-08T19:16:24+00:00,UNALLOCATED,,,,,
SLCMP700-1832,1832,1833,317342219,2^317342219-1,STRUCTURAL_SCREEN_EXHAUSTED_PRIMALITY_UNASSIGNED,GF3A_DIRECTIONAL_WRITE_EXHAUSTED_PRIMALITY_UNASSIGNED,514,512,512,NO_RECORDED_FACTOR_PRP_OR_LL_RESULT_AND_NO_ACTIVE_GIMPS_ASSIGNMENT,2026-08-08T19:16:24+00:00,UNALLOCATED,,,,,
SLCMP700-1833,1833,1834,317342231,2^317342231-1,STRUCTURAL_SCREEN_EXHAUSTED_PRIMALITY_UNASSIGNED,GF3A_DIRECTIONAL_WRITE_EXHAUSTED_PRIMALITY_UNASSIGNED,514,512,512,NO_RECORDED_FACTOR_PRP_OR_LL_RESULT_AND_NO_ACTIVE_GIMPS_ASSIGNMENT,2026-08-08T19:16:24+00:00,UNALLOCATED,,,,,
SLCMP700-1834,1834,1835,317342359,2^317342359-1,STRUCTURAL_SCREEN_EXHAUSTED_PRIMALITY_UNASSIGNED,GF3A_DIRECTIONAL_WRITE_EXHAUSTED_PRIMALITY_UNASSIGNED,514,512,512,NO_RECORDED_FACTOR_PRP_OR_LL_RESULT_AND_NO_ACTIVE_GIMPS_ASSIGNMENT,2026-08-08T19:16:24+00:00,UNALLOCATED,,,,,
SLCMP700-1835,1835,1836,317342423,2^317342423-1,STRUCTURAL_SCREEN_EXHAUSTED_PRIMALITY_UNASSIGNED,GF3A_DIRECTIONAL_WRITE_EXHAUSTED_PRIMALITY_UNASSIGNED,514,512,512,NO_RECORDED_FACTOR_PRP_OR_LL_RESULT_AND_NO_ACTIVE_GIMPS_ASSIGNMENT,2026-08-08T19:16:24+00:00,UNALLOCATED,,,,,
SLCMP700-1836,1836,1837,317342437,2^317342437-1,STRUCTURAL_SCREEN_EXHAUSTED_PRIMALITY_UNASSIGNED,GF3A_DIRECTIONAL_WRITE_EXHAUSTED_PRIMALITY_UNASSIGNED,513,512,512,NO_RECORDED_FACTOR_PRP_OR_LL_RESULT_AND_NO_ACTIVE_GIMPS_ASSIGNMENT,2026-08-08T19:16:24+00:00,UNALLOCATED,,,,,
SLCMP700-1837,1837,1838,317342479,2^317342479-1,STRUCTURAL_SCREEN_EXHAUSTED_PRIMALITY_UNASSIGNED,GF3A_DIRECTIONAL_WRITE_EXHAUSTED_PRIMALITY_UNASSIGNED,514,512,512,NO_RECORDED_FACTOR_PRP_OR_LL_RESULT_AND_NO_ACTIVE_GIMPS_ASSIGNMENT,2026-08-08T19:16:24+00:00,UNALLOCATED,,,,,
SLCMP700-1838,1838,1839,317342497,2^317342497-1,STRUCTURAL_SCREEN_EXHAUSTED_PRIMALITY_UNASSIGNED,GF3A_DIRECTIONAL_WRITE_EXHAUSTED_PRIMALITY_UNASSIGNED,513,512,512,NO_RECORDED_FACTOR_PRP_OR_LL_RESULT_AND_NO_ACTIVE_GIMPS_ASSIGNMENT,2026-08-08T19:16:24+00:00,UNALLOCATED,,,,,
SLCMP700-1839,1839,1840,317342507,2^317342507-1,STRUCTURAL_SCREEN_EXHAUSTED_PRIMALITY_UNASSIGNED,GF3A_DIRECTIONAL_WRITE_EXHAUSTED_PRIMALITY_UNASSIGNED,514,512,512,NO_RECORDED_FACTOR_PRP_OR_LL_RESULT_AND_NO_ACTIVE_GIMPS_ASSIGNMENT,2026-08-08T19:16:24+00:00,UNALLOCATED,,,,,
SLCMP700-1840,1840,1841,317342561,2^317342561-1,STRUCTURAL_SCREEN_EXHAUSTED_PRIMALITY_UNASSIGNED,GF3A_DIRECTIONAL_WRITE_EXHAUSTED_PRIMALITY_UNASSIGNED,513,512,512,NO_RECORDED_FACTOR_PRP_OR_LL_RESULT_AND_NO_ACTIVE_GIMPS_ASSIGNMENT,2026-08-08T19:16:24+00:00,UNALLOCATED,,,,,
SLCMP700-1841,1841,1842,317342741,2^317342741-1,STRUCTURAL_SCREEN_EXHAUSTED_PRIMALITY_UNASSIGNED,GF3A_DIRECTIONAL_WRITE_EXHAUSTED_PRIMALITY_UNASSIGNED,513,512,512,NO_RECORDED_FACTOR_PRP_OR_LL_RESULT_AND_NO_ACTIVE_GIMPS_ASSIGNMENT,2026-08-08T19:16:24+00:00,UNALLOCATED,,,,,
SLCMP700-1842,1842,1843,317342749,2^317342749-1,STRUCTURAL_SCREEN_EXHAUSTED_PRIMALITY_UNASSIGNED,GF3A_DIRECTIONAL_WRITE_EXHAUSTED_PRIMALITY_UNASSIGNED,513,512,512,NO_RECORDED_FACTOR_PRP_OR_LL_RESULT_AND_NO_ACTIVE_GIMPS_ASSIGNMENT,2026-08-08T19:16:24+00:00,UNALLOCATED,,,,,
SLCMP700-1843,1843,1844,317342771,2^317342771-1,STRUCTURAL_SCREEN_EXHAUSTED_PRIMALITY_UNASSIGNED,GF3A_DIRECTIONAL_WRITE_EXHAUSTED_PRIMALITY_UNASSIGNED,514,512,512,NO_RECORDED_FACTOR_PRP_OR_LL_RESULT_AND_NO_ACTIVE_GIMPS_ASSIGNMENT,2026-08-08T19:16:24+00:00,UNALLOCATED,,,,,
SLCMP700-1844,1844,1845,317342813,2^317342813-1,STRUCTURAL_SCREEN_EXHAUSTED_PRIMALITY_UNASSIGNED,GF3A_DIRECTIONAL_WRITE_EXHAUSTED_PRIMALITY_UNASSIGNED,513,512,512,NO_RECORDED_FACTOR_PRP_OR_LL_RESULT_AND_NO_ACTIVE_GIMPS_ASSIGNMENT,2026-08-08T19:16:24+00:00,UNALLOCATED,,,,,
SLCMP700-1845,1845,1846,317342903,2^317342903-1,STRUCTURAL_SCREEN_EXHAUSTED_PRIMALITY_UNASSIGNED,GF3A_DIRECTIONAL_WRITE_EXHAUSTED_PRIMALITY_UNASSIGNED,514,512,512,NO_RECORDED_FACTOR_PRP_OR_LL_RESULT_AND_NO_ACTIVE_GIMPS_ASSIGNMENT,2026-08-08T19:16:24+00:00,UNALLOCATED,,,,,
SLCMP700-1846,1846,1847,317342929,2^317342929-1,STRUCTURAL_SCREEN_EXHAUSTED_PRIMALITY_UNASSIGNED,GF3A_DIRECTIONAL_WRITE_EXHAUSTED_PRIMALITY_UNASSIGNED,513,512,512,NO_RECORDED_FACTOR_PRP_OR_LL_RESULT_AND_NO_ACTIVE_GIMPS_ASSIGNMENT,2026-08-08T19:16:24+00:00,UNALLOCATED,,,,,
SLCMP700-1847,1847,1848,317343041,2^317343041-1,STRUCTURAL_SCREEN_EXHAUSTED_PRIMALITY_UNASSIGNED,GF3A_DIRECTIONAL_WRITE_EXHAUSTED_PRIMALITY_UNASSIGNED,513,512,512,NO_RECORDED_FACTOR_PRP_OR_LL_RESULT_AND_NO_ACTIVE_GIMPS_ASSIGNMENT,2026-08-08T19:16:24+00:00,UNALLOCATED,,,,,
SLCMP700-1848,1848,1849,317343071,2^317343071-1,STRUCTURAL_SCREEN_EXHAUSTED_PRIMALITY_UNASSIGNED,GF3A_DIRECTIONAL_WRITE_EXHAUSTED_PRIMALITY_UNASSIGNED,514,512,512,NO_RECORDED_FACTOR_PRP_OR_LL_RESULT_AND_NO_ACTIVE_GIMPS_ASSIGNMENT,2026-08-08T19:16:24+00:00,UNALLOCATED,,,,,
SLCMP700-1849,1849,1850,317343133,2^317343133-1,STRUCTURAL_SCREEN_EXHAUSTED_PRIMALITY_UNASSIGNED,GF3A_DIRECTIONAL_WRITE_EXHAUSTED_PRIMALITY_UNASSIGNED,513,512,512,NO_RECORDED_FACTOR_PRP_OR_LL_RESULT_AND_NO_ACTIVE_GIMPS_ASSIGNMENT,2026-08-08T19:16:24+00:00,UNALLOCATED,,,,,
SLCMP700-1850,1850,1851,317343179,2^317343179-1,STRUCTURAL_SCREEN_EXHAUSTED_PRIMALITY_UNASSIGNED,GF3A_DIRECTIONAL_WRITE_EXHAUSTED_PRIMALITY_UNASSIGNED,514,512,512,NO_RECORDED_FACTOR_PRP_OR_LL_RESULT_AND_NO_ACTIVE_GIMPS_ASSIGNMENT,2026-08-08T19:16:24+00:00,UNALLOCATED,,,,,
SLCMP700-1851,1851,1852,317343197,2^317343197-1,STRUCTURAL_SCREEN_EXHAUSTED_PRIMALITY_UNASSIGNED,GF3A_DIRECTIONAL_WRITE_EXHAUSTED_PRIMALITY_UNASSIGNED,513,512,512,NO_RECORDED_FACTOR_PRP_OR_LL_RESULT_AND_NO_ACTIVE_GIMPS_ASSIGNMENT,2026-08-08T19:16:24+00:00,UNALLOCATED,,,,,
SLCMP700-1852,1852,1853,317343209,2^317343209-1,STRUCTURAL_SCREEN_EXHAUSTED_PRIMALITY_UNASSIGNED,GF3A_DIRECTIONAL_WRITE_EXHAUSTED_PRIMALITY_UNASSIGNED,513,512,512,NO_RECORDED_FACTOR_PRP_OR_LL_RESULT_AND_NO_ACTIVE_GIMPS_ASSIGNMENT,2026-08-08T19:16:24+00:00,UNALLOCATED,,,,,
SLCMP700-1853,1853,1854,317343227,2^317343227-1,STRUCTURAL_SCREEN_EXHAUSTED_PRIMALITY_UNASSIGNED,GF3A_DIRECTIONAL_WRITE_EXHAUSTED_PRIMALITY_UNASSIGNED,514,512,512,NO_RECORDED_FACTOR_PRP_OR_LL_RESULT_AND_NO_ACTIVE_GIMPS_ASSIGNMENT,2026-08-08T19:16:24+00:00,UNALLOCATED,,,,,
SLCMP700-1854,1854,1855,317343251,2^317343251-1,STRUCTURAL_SCREEN_EXHAUSTED_PRIMALITY_UNASSIGNED,GF3A_DIRECTIONAL_WRITE_EXHAUSTED_PRIMALITY_UNASSIGNED,514,512,512,NO_RECORDED_FACTOR_PRP_OR_LL_RESULT_AND_NO_ACTIVE_GIMPS_ASSIGNMENT,2026-08-08T19:16:24+00:00,UNALLOCATED,,,,,
SLCMP700-1855,1855,1856,317343283,2^317343283-1,STRUCTURAL_SCREEN_EXHAUSTED_PRIMALITY_UNASSIGNED,GF3A_DIRECTIONAL_WRITE_EXHAUSTED_PRIMALITY_UNASSIGNED,514,512,512,NO_RECORDED_FACTOR_PRP_OR_LL_RESULT_AND_NO_ACTIVE_GIMPS_ASSIGNMENT,2026-08-08T19:16:24+00:00,UNALLOCATED,,,,,
SLCMP700-1856,1856,1857,317343379,2^317343379-1,STRUCTURAL_SCREEN_EXHAUSTED_PRIMALITY_UNASSIGNED,GF3A_DIRECTIONAL_WRITE_EXHAUSTED_PRIMALITY_UNASSIGNED,514,512,512,NO_RECORDED_FACTOR_PRP_OR_LL_RESULT_AND_NO_ACTIVE_GIMPS_ASSIGNMENT,2026-08-08T19:16:24+00:00,UNALLOCATED,,,,,
SLCMP700-1857,1857,1858,317343479,2^317343479-1,STRUCTURAL_SCREEN_EXHAUSTED_PRIMALITY_UNASSIGNED,GF3A_DIRECTIONAL_WRITE_EXHAUSTED_PRIMALITY_UNASSIGNED,514,512,512,NO_RECORDED_FACTOR_PRP_OR_LL_RESULT_AND_NO_ACTIVE_GIMPS_ASSIGNMENT,2026-08-08T19:16:24+00:00,UNALLOCATED,,,,,
SLCMP700-1858,1858,1859,317343601,2^317343601-1,STRUCTURAL_SCREEN_EXHAUSTED_PRIMALITY_UNASSIGNED,GF3A_DIRECTIONAL_WRITE_EXHAUSTED_PRIMALITY_UNASSIGNED,513,512,512,NO_RECORDED_FACTOR_PRP_OR_LL_RESULT_AND_NO_ACTIVE_GIMPS_ASSIGNMENT,2026-08-08T19:16:24+00:00,UNALLOCATED,,,,,
SLCMP700-1859,1859,1860,317343623,2^317343623-1,STRUCTURAL_SCREEN_EXHAUSTED_PRIMALITY_UNASSIGNED,GF3A_DIRECTIONAL_WRITE_EXHAUSTED_PRIMALITY_UNASSIGNED,514,512,512,NO_RECORDED_FACTOR_PRP_OR_LL_RESULT_AND_NO_ACTIVE_GIMPS_ASSIGNMENT,2026-08-08T19:16:24+00:00,UNALLOCATED,,,,,
SLCMP700-1860,1860,1861,317343661,2^317343661-1,STRUCTURAL_SCREEN_EXHAUSTED_PRIMALITY_UNASSIGNED,GF3A_DIRECTIONAL_WRITE_EXHAUSTED_PRIMALITY_UNASSIGNED,513,512,512,NO_RECORDED_FACTOR_PRP_OR_LL_RESULT_AND_NO_ACTIVE_GIMPS_ASSIGNMENT,2026-08-08T19:16:24+00:00,UNALLOCATED,,,,,
SLCMP700-1861,1861,1862,317343787,2^317343787-1,STRUCTURAL_SCREEN_EXHAUSTED_PRIMALITY_UNASSIGNED,GF3A_DIRECTIONAL_WRITE_EXHAUSTED_PRIMALITY_UNASSIGNED,514,512,512,NO_RECORDED_FACTOR_PRP_OR_LL_RESULT_AND_NO_ACTIVE_GIMPS_ASSIGNMENT,2026-08-08T19:16:24+00:00,UNALLOCATED,,,,,
SLCMP700-1862,1862,1863,317343821,2^317343821-1,STRUCTURAL_SCREEN_EXHAUSTED_PRIMALITY_UNASSIGNED,GF3A_DIRECTIONAL_WRITE_EXHAUSTED_PRIMALITY_UNASSIGNED,513,512,512,NO_RECORDED_FACTOR_PRP_OR_LL_RESULT_AND_NO_ACTIVE_GIMPS_ASSIGNMENT,2026-08-08T19:16:24+00:00,UNALLOCATED,,,,,
SLCMP700-1863,1863,1864,317343841,2^317343841-1,STRUCTURAL_SCREEN_EXHAUSTED_PRIMALITY_UNASSIGNED,GF3A_DIRECTIONAL_WRITE_EXHAUSTED_PRIMALITY_UNASSIGNED,513,512,512,NO_RECORDED_FACTOR_PRP_OR_LL_RESULT_AND_NO_ACTIVE_GIMPS_ASSIGNMENT,2026-08-08T19:16:24+00:00,UNALLOCATED,,,,,
SLCMP700-1864,1864,1865,317343853,2^317343853-1,STRUCTURAL_SCREEN_EXHAUSTED_PRIMALITY_UNASSIGNED,GF3A_DIRECTIONAL_WRITE_EXHAUSTED_PRIMALITY_UNASSIGNED,513,512,512,NO_RECORDED_FACTOR_PRP_OR_LL_RESULT_AND_NO_ACTIVE_GIMPS_ASSIGNMENT,2026-08-08T19:16:24+00:00,UNALLOCATED,,,,,
SLCMP700-1865,1865,1866,317343893,2^317343893-1,STRUCTURAL_SCREEN_EXHAUSTED_PRIMALITY_UNASSIGNED,GF3A_DIRECTIONAL_WRITE_EXHAUSTED_PRIMALITY_UNASSIGNED,513,512,512,NO_RECORDED_FACTOR_PRP_OR_LL_RESULT_AND_NO_ACTIVE_GIMPS_ASSIGNMENT,2026-08-08T19:16:24+00:00,UNALLOCATED,,,,,
SLCMP700-1866,1866,1867,317343937,2^317343937-1,STRUCTURAL_SCREEN_EXHAUSTED_PRIMALITY_UNASSIGNED,GF3A_DIRECTIONAL_WRITE_EXHAUSTED_PRIMALITY_UNASSIGNED,513,512,512,NO_RECORDED_FACTOR_PRP_OR_LL_RESULT_AND_NO_ACTIVE_GIMPS_ASSIGNMENT,2026-08-08T19:16:24+00:00,UNALLOCATED,,,,,
SLCMP700-1867,1867,1868,317343967,2^317343967-1,STRUCTURAL_SCREEN_EXHAUSTED_PRIMALITY_UNASSIGNED,GF3A_DIRECTIONAL_WRITE_EXHAUSTED_PRIMALITY_UNASSIGNED,514,512,512,NO_RECORDED_FACTOR_PRP_OR_LL_RESULT_AND_NO_ACTIVE_GIMPS_ASSIGNMENT,2026-08-08T19:16:24+00:00,UNALLOCATED,,,,,
SLCMP700-1868,1868,1869,317343973,2^317343973-1,STRUCTURAL_SCREEN_EXHAUSTED_PRIMALITY_UNASSIGNED,GF3A_DIRECTIONAL_WRITE_EXHAUSTED_PRIMALITY_UNASSIGNED,513,512,512,NO_RECORDED_FACTOR_PRP_OR_LL_RESULT_AND_NO_ACTIVE_GIMPS_ASSIGNMENT,2026-08-08T19:16:24+00:00,UNALLOCATED,,,,,
SLCMP700-1869,1869,1870,317343989,2^317343989-1,STRUCTURAL_SCREEN_EXHAUSTED_PRIMALITY_UNASSIGNED,GF3A_DIRECTIONAL_WRITE_EXHAUSTED_PRIMALITY_UNASSIGNED,513,512,512,NO_RECORDED_FACTOR_PRP_OR_LL_RESULT_AND_NO_ACTIVE_GIMPS_ASSIGNMENT,2026-08-08T19:16:24+00:00,UNALLOCATED,,,,,
SLCMP700-1870,1870,1871,317344051,2^317344051-1,STRUCTURAL_SCREEN_EXHAUSTED_PRIMALITY_UNASSIGNED,GF3A_DIRECTIONAL_WRITE_EXHAUSTED_PRIMALITY_UNASSIGNED,514,512,512,NO_RECORDED_FACTOR_PRP_OR_LL_RESULT_AND_NO_ACTIVE_GIMPS_ASSIGNMENT,2026-08-08T19:16:24+00:00,UNALLOCATED,,,,,
SLCMP700-1871,1871,1872,317344063,2^317344063-1,STRUCTURAL_SCREEN_EXHAUSTED_PRIMALITY_UNASSIGNED,GF3A_DIRECTIONAL_WRITE_EXHAUSTED_PRIMALITY_UNASSIGNED,514,512,512,NO_RECORDED_FACTOR_PRP_OR_LL_RESULT_AND_NO_ACTIVE_GIMPS_ASSIGNMENT,2026-08-08T19:16:24+00:00,UNALLOCATED,,,,,
SLCMP700-1872,1872,1873,317344147,2^317344147-1,STRUCTURAL_SCREEN_EXHAUSTED_PRIMALITY_UNASSIGNED,GF3A_DIRECTIONAL_WRITE_EXHAUSTED_PRIMALITY_UNASSIGNED,514,512,512,NO_RECORDED_FACTOR_PRP_OR_LL_RESULT_AND_NO_ACTIVE_GIMPS_ASSIGNMENT,2026-08-08T19:16:24+00:00,UNALLOCATED,,,,,
SLCMP700-1873,1873,1874,317344229,2^317344229-1,STRUCTURAL_SCREEN_EXHAUSTED_PRIMALITY_UNASSIGNED,GF3A_DIRECTIONAL_WRITE_EXHAUSTED_PRIMALITY_UNASSIGNED,513,512,512,NO_RECORDED_FACTOR_PRP_OR_LL_RESULT_AND_NO_ACTIVE_GIMPS_ASSIGNMENT,2026-08-08T19:16:24+00:00,UNALLOCATED,,,,,
SLCMP700-1874,1874,1875,317344243,2^317344243-1,STRUCTURAL_SCREEN_EXHAUSTED_PRIMALITY_UNASSIGNED,GF3A_DIRECTIONAL_WRITE_EXHAUSTED_PRIMALITY_UNASSIGNED,514,512,512,NO_RECORDED_FACTOR_PRP_OR_LL_RESULT_AND_NO_ACTIVE_GIMPS_ASSIGNMENT,2026-08-08T19:16:24+00:00,UNALLOCATED,,,,,
SLCMP700-1875,1875,1876,317344249,2^317344249-1,STRUCTURAL_SCREEN_EXHAUSTED_PRIMALITY_UNASSIGNED,GF3A_DIRECTIONAL_WRITE_EXHAUSTED_PRIMALITY_UNASSIGNED,513,512,512,NO_RECORDED_FACTOR_PRP_OR_LL_RESULT_AND_NO_ACTIVE_GIMPS_ASSIGNMENT,2026-08-08T19:16:24+00:00,UNALLOCATED,,,,,
SLCMP700-1876,1876,1877,317344309,2^317344309-1,STRUCTURAL_SCREEN_EXHAUSTED_PRIMALITY_UNASSIGNED,GF3A_DIRECTIONAL_WRITE_EXHAUSTED_PRIMALITY_UNASSIGNED,513,512,512,NO_RECORDED_FACTOR_PRP_OR_LL_RESULT_AND_NO_ACTIVE_GIMPS_ASSIGNMENT,2026-08-08T19:16:24+00:00,UNALLOCATED,,,,,
SLCMP700-1877,1877,1878,317344319,2^317344319-1,STRUCTURAL_SCREEN_EXHAUSTED_PRIMALITY_UNASSIGNED,GF3A_DIRECTIONAL_WRITE_EXHAUSTED_PRIMALITY_UNASSIGNED,514,512,512,NO_RECORDED_FACTOR_PRP_OR_LL_RESULT_AND_NO_ACTIVE_GIMPS_ASSIGNMENT,2026-08-08T19:16:24+00:00,UNALLOCATED,,,,,
SLCMP700-1878,1878,1879,317344483,2^317344483-1,STRUCTURAL_SCREEN_EXHAUSTED_PRIMALITY_UNASSIGNED,GF3A_DIRECTIONAL_WRITE_EXHAUSTED_PRIMALITY_UNASSIGNED,514,512,512,NO_RECORDED_FACTOR_PRP_OR_LL_RESULT_AND_NO_ACTIVE_GIMPS_ASSIGNMENT,2026-08-08T19:16:24+00:00,UNALLOCATED,,,,,
SLCMP700-1879,1879,1880,317344499,2^317344499-1,STRUCTURAL_SCREEN_EXHAUSTED_PRIMALITY_UNASSIGNED,GF3A_DIRECTIONAL_WRITE_EXHAUSTED_PRIMALITY_UNASSIGNED,514,512,512,NO_RECORDED_FACTOR_PRP_OR_LL_RESULT_AND_NO_ACTIVE_GIMPS_ASSIGNMENT,2026-08-08T19:16:24+00:00,UNALLOCATED,,,,,
SLCMP700-1880,1880,1881,317344603,2^317344603-1,STRUCTURAL_SCREEN_EXHAUSTED_PRIMALITY_UNASSIGNED,GF3A_DIRECTIONAL_WRITE_EXHAUSTED_PRIMALITY_UNASSIGNED,514,512,512,NO_RECORDED_FACTOR_PRP_OR_LL_RESULT_AND_NO_ACTIVE_GIMPS_ASSIGNMENT,2026-08-08T19:16:24+00:00,UNALLOCATED,,,,,
SLCMP700-1881,1881,1882,317344619,2^317344619-1,STRUCTURAL_SCREEN_EXHAUSTED_PRIMALITY_UNASSIGNED,GF3A_DIRECTIONAL_WRITE_EXHAUSTED_PRIMALITY_UNASSIGNED,514,512,512,NO_RECORDED_FACTOR_PRP_OR_LL_RESULT_AND_NO_ACTIVE_GIMPS_ASSIGNMENT,2026-08-08T19:16:24+00:00,UNALLOCATED,,,,,
SLCMP700-1882,1882,1883,317344637,2^317344637-1,STRUCTURAL_SCREEN_EXHAUSTED_PRIMALITY_UNASSIGNED,GF3A_DIRECTIONAL_WRITE_EXHAUSTED_PRIMALITY_UNASSIGNED,513,512,512,NO_RECORDED_FACTOR_PRP_OR_LL_RESULT_AND_NO_ACTIVE_GIMPS_ASSIGNMENT,2026-08-08T19:16:24+00:00,UNALLOCATED,,,,,
SLCMP700-1883,1883,1884,317344667,2^317344667-1,STRUCTURAL_SCREEN_EXHAUSTED_PRIMALITY_UNASSIGNED,GF3A_DIRECTIONAL_WRITE_EXHAUSTED_PRIMALITY_UNASSIGNED,514,512,512,NO_RECORDED_FACTOR_PRP_OR_LL_RESULT_AND_NO_ACTIVE_GIMPS_ASSIGNMENT,2026-08-08T19:16:24+00:00,UNALLOCATED,,,,,
SLCMP700-1884,1884,1885,317344691,2^317344691-1,STRUCTURAL_SCREEN_EXHAUSTED_PRIMALITY_UNASSIGNED,GF3A_DIRECTIONAL_WRITE_EXHAUSTED_PRIMALITY_UNASSIGNED,514,512,512,NO_RECORDED_FACTOR_PRP_OR_LL_RESULT_AND_NO_ACTIVE_GIMPS_ASSIGNMENT,2026-08-08T19:16:24+00:00,UNALLOCATED,,,,,
SLCMP700-1885,1885,1886,317344693,2^317344693-1,STRUCTURAL_SCREEN_EXHAUSTED_PRIMALITY_UNASSIGNED,GF3A_DIRECTIONAL_WRITE_EXHAUSTED_PRIMALITY_UNASSIGNED,513,512,512,NO_RECORDED_FACTOR_PRP_OR_LL_RESULT_AND_NO_ACTIVE_GIMPS_ASSIGNMENT,2026-08-08T19:16:24+00:00,UNALLOCATED,,,,,
SLCMP700-1886,1886,1887,317344789,2^317344789-1,STRUCTURAL_SCREEN_EXHAUSTED_PRIMALITY_UNASSIGNED,GF3A_DIRECTIONAL_WRITE_EXHAUSTED_PRIMALITY_UNASSIGNED,513,512,512,NO_RECORDED_FACTOR_PRP_OR_LL_RESULT_AND_NO_ACTIVE_GIMPS_ASSIGNMENT,2026-08-08T19:16:24+00:00,UNALLOCATED,,,,,
SLCMP700-1887,1887,1888,317344801,2^317344801-1,STRUCTURAL_SCREEN_EXHAUSTED_PRIMALITY_UNASSIGNED,GF3A_DIRECTIONAL_WRITE_EXHAUSTED_PRIMALITY_UNASSIGNED,513,512,512,NO_RECORDED_FACTOR_PRP_OR_LL_RESULT_AND_NO_ACTIVE_GIMPS_ASSIGNMENT,2026-08-08T19:16:24+00:00,UNALLOCATED,,,,,
SLCMP700-1888,1888,1889,317344829,2^317344829-1,STRUCTURAL_SCREEN_EXHAUSTED_PRIMALITY_UNASSIGNED,GF3A_DIRECTIONAL_WRITE_EXHAUSTED_PRIMALITY_UNASSIGNED,513,512,512,NO_RECORDED_FACTOR_PRP_OR_LL_RESULT_AND_NO_ACTIVE_GIMPS_ASSIGNMENT,2026-08-08T19:16:24+00:00,UNALLOCATED,,,,,
SLCMP700-1889,1889,1890,317344837,2^317344837-1,STRUCTURAL_SCREEN_EXHAUSTED_PRIMALITY_UNASSIGNED,GF3A_DIRECTIONAL_WRITE_EXHAUSTED_PRIMALITY_UNASSIGNED,513,512,512,NO_RECORDED_FACTOR_PRP_OR_LL_RESULT_AND_NO_ACTIVE_GIMPS_ASSIGNMENT,2026-08-08T19:16:24+00:00,UNALLOCATED,,,,,
SLCMP700-1890,1890,1891,317344891,2^317344891-1,STRUCTURAL_SCREEN_EXHAUSTED_PRIMALITY_UNASSIGNED,GF3A_DIRECTIONAL_WRITE_EXHAUSTED_PRIMALITY_UNASSIGNED,514,512,512,NO_RECORDED_FACTOR_PRP_OR_LL_RESULT_AND_NO_ACTIVE_GIMPS_ASSIGNMENT,2026-08-08T19:16:24+00:00,UNALLOCATED,,,,,
SLCMP700-1891,1891,1892,317344901,2^317344901-1,STRUCTURAL_SCREEN_EXHAUSTED_PRIMALITY_UNASSIGNED,GF3A_DIRECTIONAL_WRITE_EXHAUSTED_PRIMALITY_UNASSIGNED,513,512,512,NO_RECORDED_FACTOR_PRP_OR_LL_RESULT_AND_NO_ACTIVE_GIMPS_ASSIGNMENT,2026-08-08T19:16:24+00:00,UNALLOCATED,,,,,
SLCMP700-1892,1892,1893,317344921,2^317344921-1,STRUCTURAL_SCREEN_EXHAUSTED_PRIMALITY_UNASSIGNED,GF3A_DIRECTIONAL_WRITE_EXHAUSTED_PRIMALITY_UNASSIGNED,513,512,512,NO_RECORDED_FACTOR_PRP_OR_LL_RESULT_AND_NO_ACTIVE_GIMPS_ASSIGNMENT,2026-08-08T19:16:24+00:00,UNALLOCATED,,,,,
SLCMP700-1893,1893,1894,317344927,2^317344927-1,STRUCTURAL_SCREEN_EXHAUSTED_PRIMALITY_UNASSIGNED,GF3A_DIRECTIONAL_WRITE_EXHAUSTED_PRIMALITY_UNASSIGNED,514,512,512,NO_RECORDED_FACTOR_PRP_OR_LL_RESULT_AND_NO_ACTIVE_GIMPS_ASSIGNMENT,2026-08-08T19:16:24+00:00,UNALLOCATED,,,,,
SLCMP700-1894,1894,1895,317345051,2^317345051-1,STRUCTURAL_SCREEN_EXHAUSTED_PRIMALITY_UNASSIGNED,GF3A_DIRECTIONAL_WRITE_EXHAUSTED_PRIMALITY_UNASSIGNED,514,512,512,NO_RECORDED_FACTOR_PRP_OR_LL_RESULT_AND_NO_ACTIVE_GIMPS_ASSIGNMENT,2026-08-08T19:16:24+00:00,UNALLOCATED,,,,,
SLCMP700-1895,1895,1896,317345059,2^317345059-1,STRUCTURAL_SCREEN_EXHAUSTED_PRIMALITY_UNASSIGNED,GF3A_DIRECTIONAL_WRITE_EXHAUSTED_PRIMALITY_UNASSIGNED,514,512,512,NO_RECORDED_FACTOR_PRP_OR_LL_RESULT_AND_NO_ACTIVE_GIMPS_ASSIGNMENT,2026-08-08T19:16:24+00:00,UNALLOCATED,,,,,
SLCMP700-1896,1896,1897,317345113,2^317345113-1,STRUCTURAL_SCREEN_EXHAUSTED_PRIMALITY_UNASSIGNED,GF3A_DIRECTIONAL_WRITE_EXHAUSTED_PRIMALITY_UNASSIGNED,513,512,512,NO_RECORDED_FACTOR_PRP_OR_LL_RESULT_AND_NO_ACTIVE_GIMPS_ASSIGNMENT,2026-08-08T19:16:24+00:00,UNALLOCATED,,,,,
SLCMP700-1897,1897,1898,317345177,2^317345177-1,STRUCTURAL_SCREEN_EXHAUSTED_PRIMALITY_UNASSIGNED,GF3A_DIRECTIONAL_WRITE_EXHAUSTED_PRIMALITY_UNASSIGNED,513,512,512,NO_RECORDED_FACTOR_PRP_OR_LL_RESULT_AND_NO_ACTIVE_GIMPS_ASSIGNMENT,2026-08-08T19:16:24+00:00,UNALLOCATED,,,,,
SLCMP700-1898,1898,1899,317345209,2^317345209-1,STRUCTURAL_SCREEN_EXHAUSTED_PRIMALITY_UNASSIGNED,GF3A_DIRECTIONAL_WRITE_EXHAUSTED_PRIMALITY_UNASSIGNED,513,512,512,NO_RECORDED_FACTOR_PRP_OR_LL_RESULT_AND_NO_ACTIVE_GIMPS_ASSIGNMENT,2026-08-08T19:16:24+00:00,UNALLOCATED,,,,,
SLCMP700-1899,1899,1900,317345261,2^317345261-1,STRUCTURAL_SCREEN_EXHAUSTED_PRIMALITY_UNASSIGNED,GF3A_DIRECTIONAL_WRITE_EXHAUSTED_PRIMALITY_UNASSIGNED,513,512,512,NO_RECORDED_FACTOR_PRP_OR_LL_RESULT_AND_NO_ACTIVE_GIMPS_ASSIGNMENT,2026-08-08T19:16:24+00:00,UNALLOCATED,,,,,
SLCMP700-1900,1900,1901,317345317,2^317345317-1,STRUCTURAL_SCREEN_EXHAUSTED_PRIMALITY_UNASSIGNED,GF3A_DIRECTIONAL_WRITE_EXHAUSTED_PRIMALITY_UNASSIGNED,513,512,512,NO_RECORDED_FACTOR_PRP_OR_LL_RESULT_AND_NO_ACTIVE_GIMPS_ASSIGNMENT,2026-08-08T19:16:24+00:00,UNALLOCATED,,,,,
SLCMP700-1901,1901,1902,317345447,2^317345447-1,STRUCTURAL_SCREEN_EXHAUSTED_PRIMALITY_UNASSIGNED,GF3A_DIRECTIONAL_WRITE_EXHAUSTED_PRIMALITY_UNASSIGNED,514,512,512,NO_RECORDED_FACTOR_PRP_OR_LL_RESULT_AND_NO_ACTIVE_GIMPS_ASSIGNMENT,2026-08-08T19:16:24+00:00,UNALLOCATED,,,,,
SLCMP700-1902,1902,1903,317345473,2^317345473-1,STRUCTURAL_SCREEN_EXHAUSTED_PRIMALITY_UNASSIGNED,GF3A_DIRECTIONAL_WRITE_EXHAUSTED_PRIMALITY_UNASSIGNED,513,512,512,NO_RECORDED_FACTOR_PRP_OR_LL_RESULT_AND_NO_ACTIVE_GIMPS_ASSIGNMENT,2026-08-08T19:16:24+00:00,UNALLOCATED,,,,,
SLCMP700-1903,1903,1904,317345759,2^317345759-1,STRUCTURAL_SCREEN_EXHAUSTED_PRIMALITY_UNASSIGNED,GF3A_DIRECTIONAL_WRITE_EXHAUSTED_PRIMALITY_UNASSIGNED,514,512,512,NO_RECORDED_FACTOR_PRP_OR_LL_RESULT_AND_NO_ACTIVE_GIMPS_ASSIGNMENT,2026-08-08T19:16:24+00:00,UNALLOCATED,,,,,
SLCMP700-1904,1904,1905,317345867,2^317345867-1,STRUCTURAL_SCREEN_EXHAUSTED_PRIMALITY_UNASSIGNED,GF3A_DIRECTIONAL_WRITE_EXHAUSTED_PRIMALITY_UNASSIGNED,514,512,512,NO_RECORDED_FACTOR_PRP_OR_LL_RESULT_AND_NO_ACTIVE_GIMPS_ASSIGNMENT,2026-08-08T19:16:24+00:00,UNALLOCATED,,,,,
SLCMP700-1905,1905,1906,317345887,2^317345887-1,STRUCTURAL_SCREEN_EXHAUSTED_PRIMALITY_UNASSIGNED,GF3A_DIRECTIONAL_WRITE_EXHAUSTED_PRIMALITY_UNASSIGNED,514,512,512,NO_RECORDED_FACTOR_PRP_OR_LL_RESULT_AND_NO_ACTIVE_GIMPS_ASSIGNMENT,2026-08-08T19:16:24+00:00,UNALLOCATED,,,,,
SLCMP700-1906,1906,1907,317345957,2^317345957-1,STRUCTURAL_SCREEN_EXHAUSTED_PRIMALITY_UNASSIGNED,GF3A_DIRECTIONAL_WRITE_EXHAUSTED_PRIMALITY_UNASSIGNED,513,512,512,NO_RECORDED_FACTOR_PRP_OR_LL_RESULT_AND_NO_ACTIVE_GIMPS_ASSIGNMENT,2026-08-08T19:16:24+00:00,UNALLOCATED,,,,,
SLCMP700-1907,1907,1908,317346023,2^317346023-1,STRUCTURAL_SCREEN_EXHAUSTED_PRIMALITY_UNASSIGNED,GF3A_DIRECTIONAL_WRITE_EXHAUSTED_PRIMALITY_UNASSIGNED,514,512,512,NO_RECORDED_FACTOR_PRP_OR_LL_RESULT_AND_NO_ACTIVE_GIMPS_ASSIGNMENT,2026-08-08T19:16:24+00:00,UNALLOCATED,,,,,
SLCMP700-1908,1908,1909,317346181,2^317346181-1,STRUCTURAL_SCREEN_EXHAUSTED_PRIMALITY_UNASSIGNED,GF3A_DIRECTIONAL_WRITE_EXHAUSTED_PRIMALITY_UNASSIGNED,513,512,512,NO_RECORDED_FACTOR_PRP_OR_LL_RESULT_AND_NO_ACTIVE_GIMPS_ASSIGNMENT,2026-08-08T19:16:24+00:00,UNALLOCATED,,,,,
SLCMP700-1909,1909,1910,317346269,2^317346269-1,STRUCTURAL_SCREEN_EXHAUSTED_PRIMALITY_UNASSIGNED,GF3A_DIRECTIONAL_WRITE_EXHAUSTED_PRIMALITY_UNASSIGNED,513,512,512,NO_RECORDED_FACTOR_PRP_OR_LL_RESULT_AND_NO_ACTIVE_GIMPS_ASSIGNMENT,2026-08-08T19:16:24+00:00,UNALLOCATED,,,,,
SLCMP700-1910,1910,1911,317346301,2^317346301-1,STRUCTURAL_SCREEN_EXHAUSTED_PRIMALITY_UNASSIGNED,GF3A_DIRECTIONAL_WRITE_EXHAUSTED_PRIMALITY_UNASSIGNED,513,512,512,NO_RECORDED_FACTOR_PRP_OR_LL_RESULT_AND_NO_ACTIVE_GIMPS_ASSIGNMENT,2026-08-08T19:16:24+00:00,UNALLOCATED,,,,,
SLCMP700-1911,1911,1912,317346319,2^317346319-1,STRUCTURAL_SCREEN_EXHAUSTED_PRIMALITY_UNASSIGNED,GF3A_DIRECTIONAL_WRITE_EXHAUSTED_PRIMALITY_UNASSIGNED,514,512,512,NO_RECORDED_FACTOR_PRP_OR_LL_RESULT_AND_NO_ACTIVE_GIMPS_ASSIGNMENT,2026-08-08T19:16:24+00:00,UNALLOCATED,,,,,
SLCMP700-1912,1912,1913,317346353,2^317346353-1,STRUCTURAL_SCREEN_EXHAUSTED_PRIMALITY_UNASSIGNED,GF3A_DIRECTIONAL_WRITE_EXHAUSTED_PRIMALITY_UNASSIGNED,513,512,512,NO_RECORDED_FACTOR_PRP_OR_LL_RESULT_AND_NO_ACTIVE_GIMPS_ASSIGNMENT,2026-08-08T19:16:24+00:00,UNALLOCATED,,,,,
SLCMP700-1913,1913,1914,317346439,2^317346439-1,STRUCTURAL_SCREEN_EXHAUSTED_PRIMALITY_UNASSIGNED,GF3A_DIRECTIONAL_WRITE_EXHAUSTED_PRIMALITY_UNASSIGNED,514,512,512,NO_RECORDED_FACTOR_PRP_OR_LL_RESULT_AND_NO_ACTIVE_GIMPS_ASSIGNMENT,2026-08-08T19:16:24+00:00,UNALLOCATED,,,,,
SLCMP700-1914,1914,1915,317346451,2^317346451-1,STRUCTURAL_SCREEN_EXHAUSTED_PRIMALITY_UNASSIGNED,GF3A_DIRECTIONAL_WRITE_EXHAUSTED_PRIMALITY_UNASSIGNED,514,512,512,NO_RECORDED_FACTOR_PRP_OR_LL_RESULT_AND_NO_ACTIVE_GIMPS_ASSIGNMENT,2026-08-08T19:16:24+00:00,UNALLOCATED,,,,,
SLCMP700-1915,1915,1916,317346511,2^317346511-1,STRUCTURAL_SCREEN_EXHAUSTED_PRIMALITY_UNASSIGNED,GF3A_DIRECTIONAL_WRITE_EXHAUSTED_PRIMALITY_UNASSIGNED,514,512,512,NO_RECORDED_FACTOR_PRP_OR_LL_RESULT_AND_NO_ACTIVE_GIMPS_ASSIGNMENT,2026-08-08T19:16:24+00:00,UNALLOCATED,,,,,
SLCMP700-1916,1916,1917,317346671,2^317346671-1,STRUCTURAL_SCREEN_EXHAUSTED_PRIMALITY_UNASSIGNED,GF3A_DIRECTIONAL_WRITE_EXHAUSTED_PRIMALITY_UNASSIGNED,514,512,512,NO_RECORDED_FACTOR_PRP_OR_LL_RESULT_AND_NO_ACTIVE_GIMPS_ASSIGNMENT,2026-08-08T19:16:24+00:00,UNALLOCATED,,,,,
SLCMP700-1917,1917,1918,317346697,2^317346697-1,STRUCTURAL_SCREEN_EXHAUSTED_PRIMALITY_UNASSIGNED,GF3A_DIRECTIONAL_WRITE_EXHAUSTED_PRIMALITY_UNASSIGNED,513,512,512,NO_RECORDED_FACTOR_PRP_OR_LL_RESULT_AND_NO_ACTIVE_GIMPS_ASSIGNMENT,2026-08-08T19:16:24+00:00,UNALLOCATED,,,,,
SLCMP700-1918,1918,1919,317346703,2^317346703-1,STRUCTURAL_SCREEN_EXHAUSTED_PRIMALITY_UNASSIGNED,GF3A_DIRECTIONAL_WRITE_EXHAUSTED_PRIMALITY_UNASSIGNED,514,512,512,NO_RECORDED_FACTOR_PRP_OR_LL_RESULT_AND_NO_ACTIVE_GIMPS_ASSIGNMENT,2026-08-08T19:16:24+00:00,UNALLOCATED,,,,,
SLCMP700-1919,1919,1920,317346763,2^317346763-1,STRUCTURAL_SCREEN_EXHAUSTED_PRIMALITY_UNASSIGNED,GF3A_DIRECTIONAL_WRITE_EXHAUSTED_PRIMALITY_UNASSIGNED,514,512,512,NO_RECORDED_FACTOR_PRP_OR_LL_RESULT_AND_NO_ACTIVE_GIMPS_ASSIGNMENT,2026-08-08T19:16:24+00:00,UNALLOCATED,,,,,
SLCMP700-1920,1920,1921,317346791,2^317346791-1,STRUCTURAL_SCREEN_EXHAUSTED_PRIMALITY_UNASSIGNED,GF3A_DIRECTIONAL_WRITE_EXHAUSTED_PRIMALITY_UNASSIGNED,514,512,512,NO_RECORDED_FACTOR_PRP_OR_LL_RESULT_AND_NO_ACTIVE_GIMPS_ASSIGNMENT,2026-08-08T19:16:24+00:00,UNALLOCATED,,,,,
SLCMP700-1921,1921,1922,317346857,2^317346857-1,STRUCTURAL_SCREEN_EXHAUSTED_PRIMALITY_UNASSIGNED,GF3A_DIRECTIONAL_WRITE_EXHAUSTED_PRIMALITY_UNASSIGNED,513,512,512,NO_RECORDED_FACTOR_PRP_OR_LL_RESULT_AND_NO_ACTIVE_GIMPS_ASSIGNMENT,2026-08-08T19:16:24+00:00,UNALLOCATED,,,,,
SLCMP700-1922,1922,1923,317346889,2^317346889-1,STRUCTURAL_SCREEN_EXHAUSTED_PRIMALITY_UNASSIGNED,GF3A_DIRECTIONAL_WRITE_EXHAUSTED_PRIMALITY_UNASSIGNED,513,512,512,NO_RECORDED_FACTOR_PRP_OR_LL_RESULT_AND_NO_ACTIVE_GIMPS_ASSIGNMENT,2026-08-08T19:16:24+00:00,UNALLOCATED,,,,,
SLCMP700-1923,1923,1924,317346919,2^317346919-1,STRUCTURAL_SCREEN_EXHAUSTED_PRIMALITY_UNASSIGNED,GF3A_DIRECTIONAL_WRITE_EXHAUSTED_PRIMALITY_UNASSIGNED,514,512,512,NO_RECORDED_FACTOR_PRP_OR_LL_RESULT_AND_NO_ACTIVE_GIMPS_ASSIGNMENT,2026-08-08T19:16:24+00:00,UNALLOCATED,,,,,
SLCMP700-1924,1924,1925,317347021,2^317347021-1,STRUCTURAL_SCREEN_EXHAUSTED_PRIMALITY_UNASSIGNED,GF3A_DIRECTIONAL_WRITE_EXHAUSTED_PRIMALITY_UNASSIGNED,513,512,512,NO_RECORDED_FACTOR_PRP_OR_LL_RESULT_AND_NO_ACTIVE_GIMPS_ASSIGNMENT,2026-08-08T19:16:24+00:00,UNALLOCATED,,,,,
SLCMP700-1925,1925,1926,317347057,2^317347057-1,STRUCTURAL_SCREEN_EXHAUSTED_PRIMALITY_UNASSIGNED,GF3A_DIRECTIONAL_WRITE_EXHAUSTED_PRIMALITY_UNASSIGNED,513,512,512,NO_RECORDED_FACTOR_PRP_OR_LL_RESULT_AND_NO_ACTIVE_GIMPS_ASSIGNMENT,2026-08-08T19:16:24+00:00,UNALLOCATED,,,,,
SLCMP700-1926,1926,1927,317347061,2^317347061-1,STRUCTURAL_SCREEN_EXHAUSTED_PRIMALITY_UNASSIGNED,GF3A_DIRECTIONAL_WRITE_EXHAUSTED_PRIMALITY_UNASSIGNED,513,512,512,NO_RECORDED_FACTOR_PRP_OR_LL_RESULT_AND_NO_ACTIVE_GIMPS_ASSIGNMENT,2026-08-08T19:16:24+00:00,UNALLOCATED,,,,,
SLCMP700-1927,1927,1928,317347117,2^317347117-1,STRUCTURAL_SCREEN_EXHAUSTED_PRIMALITY_UNASSIGNED,GF3A_DIRECTIONAL_WRITE_EXHAUSTED_PRIMALITY_UNASSIGNED,513,512,512,NO_RECORDED_FACTOR_PRP_OR_LL_RESULT_AND_NO_ACTIVE_GIMPS_ASSIGNMENT,2026-08-08T19:16:24+00:00,UNALLOCATED,,,,,
SLCMP700-1928,1928,1929,317347141,2^317347141-1,STRUCTURAL_SCREEN_EXHAUSTED_PRIMALITY_UNASSIGNED,GF3A_DIRECTIONAL_WRITE_EXHAUSTED_PRIMALITY_UNASSIGNED,513,512,512,NO_RECORDED_FACTOR_PRP_OR_LL_RESULT_AND_NO_ACTIVE_GIMPS_ASSIGNMENT,2026-08-08T19:16:24+00:00,UNALLOCATED,,,,,
SLCMP700-1929,1929,1930,317347231,2^317347231-1,STRUCTURAL_SCREEN_EXHAUSTED_PRIMALITY_UNASSIGNED,GF3A_DIRECTIONAL_WRITE_EXHAUSTED_PRIMALITY_UNASSIGNED,514,512,512,NO_RECORDED_FACTOR_PRP_OR_LL_RESULT_AND_NO_ACTIVE_GIMPS_ASSIGNMENT,2026-08-08T19:16:24+00:00,UNALLOCATED,,,,,
SLCMP700-1930,1930,1931,317347241,2^317347241-1,STRUCTURAL_SCREEN_EXHAUSTED_PRIMALITY_UNASSIGNED,GF3A_DIRECTIONAL_WRITE_EXHAUSTED_PRIMALITY_UNASSIGNED,513,512,512,NO_RECORDED_FACTOR_PRP_OR_LL_RESULT_AND_NO_ACTIVE_GIMPS_ASSIGNMENT,2026-08-08T19:16:24+00:00,UNALLOCATED,,,,,
SLCMP700-1931,1931,1932,317347297,2^317347297-1,STRUCTURAL_SCREEN_EXHAUSTED_PRIMALITY_UNASSIGNED,GF3A_DIRECTIONAL_WRITE_EXHAUSTED_PRIMALITY_UNASSIGNED,513,512,512,NO_RECORDED_FACTOR_PRP_OR_LL_RESULT_AND_NO_ACTIVE_GIMPS_ASSIGNMENT,2026-08-08T19:16:24+00:00,UNALLOCATED,,,,,
SLCMP700-1932,1932,1933,317347487,2^317347487-1,STRUCTURAL_SCREEN_EXHAUSTED_PRIMALITY_UNASSIGNED,GF3A_DIRECTIONAL_WRITE_EXHAUSTED_PRIMALITY_UNASSIGNED,514,512,512,NO_RECORDED_FACTOR_PRP_OR_LL_RESULT_AND_NO_ACTIVE_GIMPS_ASSIGNMENT,2026-08-08T19:16:24+00:00,UNALLOCATED,,,,,
SLCMP700-1933,1933,1934,317347523,2^317347523-1,STRUCTURAL_SCREEN_EXHAUSTED_PRIMALITY_UNASSIGNED,GF3A_DIRECTIONAL_WRITE_EXHAUSTED_PRIMALITY_UNASSIGNED,514,512,512,NO_RECORDED_FACTOR_PRP_OR_LL_RESULT_AND_NO_ACTIVE_GIMPS_ASSIGNMENT,2026-08-08T19:16:24+00:00,UNALLOCATED,,,,,
SLCMP700-1934,1934,1935,317347553,2^317347553-1,STRUCTURAL_SCREEN_EXHAUSTED_PRIMALITY_UNASSIGNED,GF3A_DIRECTIONAL_WRITE_EXHAUSTED_PRIMALITY_UNASSIGNED,513,512,512,NO_RECORDED_FACTOR_PRP_OR_LL_RESULT_AND_NO_ACTIVE_GIMPS_ASSIGNMENT,2026-08-08T19:16:24+00:00,UNALLOCATED,,,,,
SLCMP700-1935,1935,1936,317347573,2^317347573-1,STRUCTURAL_SCREEN_EXHAUSTED_PRIMALITY_UNASSIGNED,GF3A_DIRECTIONAL_WRITE_EXHAUSTED_PRIMALITY_UNASSIGNED,513,512,512,NO_RECORDED_FACTOR_PRP_OR_LL_RESULT_AND_NO_ACTIVE_GIMPS_ASSIGNMENT,2026-08-08T19:16:24+00:00,UNALLOCATED,,,,,
SLCMP700-1936,1936,1937,317347733,2^317347733-1,STRUCTURAL_SCREEN_EXHAUSTED_PRIMALITY_UNASSIGNED,GF3A_DIRECTIONAL_WRITE_EXHAUSTED_PRIMALITY_UNASSIGNED,513,512,512,NO_RECORDED_FACTOR_PRP_OR_LL_RESULT_AND_NO_ACTIVE_GIMPS_ASSIGNMENT,2026-08-08T19:16:24+00:00,UNALLOCATED,,,,,
SLCMP700-1937,1937,1938,317347753,2^317347753-1,STRUCTURAL_SCREEN_EXHAUSTED_PRIMALITY_UNASSIGNED,GF3A_DIRECTIONAL_WRITE_EXHAUSTED_PRIMALITY_UNASSIGNED,513,512,512,NO_RECORDED_FACTOR_PRP_OR_LL_RESULT_AND_NO_ACTIVE_GIMPS_ASSIGNMENT,2026-08-08T19:16:24+00:00,UNALLOCATED,,,,,
SLCMP700-1938,1938,1939,317347763,2^317347763-1,STRUCTURAL_SCREEN_EXHAUSTED_PRIMALITY_UNASSIGNED,GF3A_DIRECTIONAL_WRITE_EXHAUSTED_PRIMALITY_UNASSIGNED,514,512,512,NO_RECORDED_FACTOR_PRP_OR_LL_RESULT_AND_NO_ACTIVE_GIMPS_ASSIGNMENT,2026-08-08T19:16:24+00:00,UNALLOCATED,,,,,
SLCMP700-1939,1939,1940,317347781,2^317347781-1,STRUCTURAL_SCREEN_EXHAUSTED_PRIMALITY_UNASSIGNED,GF3A_DIRECTIONAL_WRITE_EXHAUSTED_PRIMALITY_UNASSIGNED,513,512,512,NO_RECORDED_FACTOR_PRP_OR_LL_RESULT_AND_NO_ACTIVE_GIMPS_ASSIGNMENT,2026-08-08T19:16:24+00:00,UNALLOCATED,,,,,
SLCMP700-1940,1940,1941,317347909,2^317347909-1,STRUCTURAL_SCREEN_EXHAUSTED_PRIMALITY_UNASSIGNED,GF3A_DIRECTIONAL_WRITE_EXHAUSTED_PRIMALITY_UNASSIGNED,513,512,512,NO_RECORDED_FACTOR_PRP_OR_LL_RESULT_AND_NO_ACTIVE_GIMPS_ASSIGNMENT,2026-08-08T19:16:24+00:00,UNALLOCATED,,,,,
SLCMP700-1941,1941,1942,317347973,2^317347973-1,STRUCTURAL_SCREEN_EXHAUSTED_PRIMALITY_UNASSIGNED,GF3A_DIRECTIONAL_WRITE_EXHAUSTED_PRIMALITY_UNASSIGNED,513,512,512,NO_RECORDED_FACTOR_PRP_OR_LL_RESULT_AND_NO_ACTIVE_GIMPS_ASSIGNMENT,2026-08-08T19:16:24+00:00,UNALLOCATED,,,,,
SLCMP700-1942,1942,1943,317348063,2^317348063-1,STRUCTURAL_SCREEN_EXHAUSTED_PRIMALITY_UNASSIGNED,GF3A_DIRECTIONAL_WRITE_EXHAUSTED_PRIMALITY_UNASSIGNED,514,512,512,NO_RECORDED_FACTOR_PRP_OR_LL_RESULT_AND_NO_ACTIVE_GIMPS_ASSIGNMENT,2026-08-08T19:16:24+00:00,UNALLOCATED,,,,,
SLCMP700-1943,1943,1944,317348081,2^317348081-1,STRUCTURAL_SCREEN_EXHAUSTED_PRIMALITY_UNASSIGNED,GF3A_DIRECTIONAL_WRITE_EXHAUSTED_PRIMALITY_UNASSIGNED,513,512,512,NO_RECORDED_FACTOR_PRP_OR_LL_RESULT_AND_NO_ACTIVE_GIMPS_ASSIGNMENT,2026-08-08T19:16:24+00:00,UNALLOCATED,,,,,
SLCMP700-1944,1944,1945,317348111,2^317348111-1,STRUCTURAL_SCREEN_EXHAUSTED_PRIMALITY_UNASSIGNED,GF3A_DIRECTIONAL_WRITE_EXHAUSTED_PRIMALITY_UNASSIGNED,514,512,512,NO_RECORDED_FACTOR_PRP_OR_LL_RESULT_AND_NO_ACTIVE_GIMPS_ASSIGNMENT,2026-08-08T19:16:24+00:00,UNALLOCATED,,,,,
SLCMP700-1945,1945,1946,317348167,2^317348167-1,STRUCTURAL_SCREEN_EXHAUSTED_PRIMALITY_UNASSIGNED,GF3A_DIRECTIONAL_WRITE_EXHAUSTED_PRIMALITY_UNASSIGNED,514,512,512,NO_RECORDED_FACTOR_PRP_OR_LL_RESULT_AND_NO_ACTIVE_GIMPS_ASSIGNMENT,2026-08-08T19:16:24+00:00,UNALLOCATED,,,,,
SLCMP700-1946,1946,1947,317348179,2^317348179-1,STRUCTURAL_SCREEN_EXHAUSTED_PRIMALITY_UNASSIGNED,GF3A_DIRECTIONAL_WRITE_EXHAUSTED_PRIMALITY_UNASSIGNED,514,512,512,NO_RECORDED_FACTOR_PRP_OR_LL_RESULT_AND_NO_ACTIVE_GIMPS_ASSIGNMENT,2026-08-08T19:16:24+00:00,UNALLOCATED,,,,,
SLCMP700-1947,1947,1948,317348191,2^317348191-1,STRUCTURAL_SCREEN_EXHAUSTED_PRIMALITY_UNASSIGNED,GF3A_DIRECTIONAL_WRITE_EXHAUSTED_PRIMALITY_UNASSIGNED,514,512,512,NO_RECORDED_FACTOR_PRP_OR_LL_RESULT_AND_NO_ACTIVE_GIMPS_ASSIGNMENT,2026-08-08T19:16:24+00:00,UNALLOCATED,,,,,
SLCMP700-1948,1948,1949,317348281,2^317348281-1,STRUCTURAL_SCREEN_EXHAUSTED_PRIMALITY_UNASSIGNED,GF3A_DIRECTIONAL_WRITE_EXHAUSTED_PRIMALITY_UNASSIGNED,513,512,512,NO_RECORDED_FACTOR_PRP_OR_LL_RESULT_AND_NO_ACTIVE_GIMPS_ASSIGNMENT,2026-08-08T19:16:24+00:00,UNALLOCATED,,,,,
SLCMP700-1949,1949,1950,317348303,2^317348303-1,STRUCTURAL_SCREEN_EXHAUSTED_PRIMALITY_UNASSIGNED,GF3A_DIRECTIONAL_WRITE_EXHAUSTED_PRIMALITY_UNASSIGNED,514,512,512,NO_RECORDED_FACTOR_PRP_OR_LL_RESULT_AND_NO_ACTIVE_GIMPS_ASSIGNMENT,2026-08-08T19:16:24+00:00,UNALLOCATED,,,,,
SLCMP700-1950,1950,1951,317348321,2^317348321-1,STRUCTURAL_SCREEN_EXHAUSTED_PRIMALITY_UNASSIGNED,GF3A_DIRECTIONAL_WRITE_EXHAUSTED_PRIMALITY_UNASSIGNED,513,512,512,NO_RECORDED_FACTOR_PRP_OR_LL_RESULT_AND_NO_ACTIVE_GIMPS_ASSIGNMENT,2026-08-08T19:16:24+00:00,UNALLOCATED,,,,,
SLCMP700-1951,1951,1952,317348327,2^317348327-1,STRUCTURAL_SCREEN_EXHAUSTED_PRIMALITY_UNASSIGNED,GF3A_DIRECTIONAL_WRITE_EXHAUSTED_PRIMALITY_UNASSIGNED,514,512,512,NO_RECORDED_FACTOR_PRP_OR_LL_RESULT_AND_NO_ACTIVE_GIMPS_ASSIGNMENT,2026-08-08T19:16:24+00:00,UNALLOCATED,,,,,
SLCMP700-1952,1952,1953,317348341,2^317348341-1,STRUCTURAL_SCREEN_EXHAUSTED_PRIMALITY_UNASSIGNED,GF3A_DIRECTIONAL_WRITE_EXHAUSTED_PRIMALITY_UNASSIGNED,513,512,512,NO_RECORDED_FACTOR_PRP_OR_LL_RESULT_AND_NO_ACTIVE_GIMPS_ASSIGNMENT,2026-08-08T19:16:24+00:00,UNALLOCATED,,,,,
SLCMP700-1953,1953,1954,317348357,2^317348357-1,STRUCTURAL_SCREEN_EXHAUSTED_PRIMALITY_UNASSIGNED,GF3A_DIRECTIONAL_WRITE_EXHAUSTED_PRIMALITY_UNASSIGNED,513,512,512,NO_RECORDED_FACTOR_PRP_OR_LL_RESULT_AND_NO_ACTIVE_GIMPS_ASSIGNMENT,2026-08-08T19:16:24+00:00,UNALLOCATED,,,,,
SLCMP700-1954,1954,1955,317348407,2^317348407-1,STRUCTURAL_SCREEN_EXHAUSTED_PRIMALITY_UNASSIGNED,GF3A_DIRECTIONAL_WRITE_EXHAUSTED_PRIMALITY_UNASSIGNED,514,512,512,NO_RECORDED_FACTOR_PRP_OR_LL_RESULT_AND_NO_ACTIVE_GIMPS_ASSIGNMENT,2026-08-08T19:16:24+00:00,UNALLOCATED,,,,,
SLCMP700-1955,1955,1956,317348419,2^317348419-1,STRUCTURAL_SCREEN_EXHAUSTED_PRIMALITY_UNASSIGNED,GF3A_DIRECTIONAL_WRITE_EXHAUSTED_PRIMALITY_UNASSIGNED,514,512,512,NO_RECORDED_FACTOR_PRP_OR_LL_RESULT_AND_NO_ACTIVE_GIMPS_ASSIGNMENT,2026-08-08T19:16:24+00:00,UNALLOCATED,,,,,
SLCMP700-1956,1956,1957,317348491,2^317348491-1,STRUCTURAL_SCREEN_EXHAUSTED_PRIMALITY_UNASSIGNED,GF3A_DIRECTIONAL_WRITE_EXHAUSTED_PRIMALITY_UNASSIGNED,514,512,512,NO_RECORDED_FACTOR_PRP_OR_LL_RESULT_AND_NO_ACTIVE_GIMPS_ASSIGNMENT,2026-08-08T19:16:24+00:00,UNALLOCATED,,,,,
SLCMP700-1957,1957,1958,317348501,2^317348501-1,STRUCTURAL_SCREEN_EXHAUSTED_PRIMALITY_UNASSIGNED,GF3A_DIRECTIONAL_WRITE_EXHAUSTED_PRIMALITY_UNASSIGNED,513,512,512,NO_RECORDED_FACTOR_PRP_OR_LL_RESULT_AND_NO_ACTIVE_GIMPS_ASSIGNMENT,2026-08-08T19:16:24+00:00,UNALLOCATED,,,,,
SLCMP700-1958,1958,1959,317348527,2^317348527-1,STRUCTURAL_SCREEN_EXHAUSTED_PRIMALITY_UNASSIGNED,GF3A_DIRECTIONAL_WRITE_EXHAUSTED_PRIMALITY_UNASSIGNED,514,512,512,NO_RECORDED_FACTOR_PRP_OR_LL_RESULT_AND_NO_ACTIVE_GIMPS_ASSIGNMENT,2026-08-08T19:16:24+00:00,UNALLOCATED,,,,,
SLCMP700-1959,1959,1960,317348671,2^317348671-1,STRUCTURAL_SCREEN_EXHAUSTED_PRIMALITY_UNASSIGNED,GF3A_DIRECTIONAL_WRITE_EXHAUSTED_PRIMALITY_UNASSIGNED,514,512,512,NO_RECORDED_FACTOR_PRP_OR_LL_RESULT_AND_NO_ACTIVE_GIMPS_ASSIGNMENT,2026-08-08T19:16:24+00:00,UNALLOCATED,,,,,
SLCMP700-1960,1960,1961,317348677,2^317348677-1,STRUCTURAL_SCREEN_EXHAUSTED_PRIMALITY_UNASSIGNED,GF3A_DIRECTIONAL_WRITE_EXHAUSTED_PRIMALITY_UNASSIGNED,513,512,512,NO_RECORDED_FACTOR_PRP_OR_LL_RESULT_AND_NO_ACTIVE_GIMPS_ASSIGNMENT,2026-08-08T19:16:24+00:00,UNALLOCATED,,,,,
SLCMP700-1961,1961,1962,317348791,2^317348791-1,STRUCTURAL_SCREEN_EXHAUSTED_PRIMALITY_UNASSIGNED,GF3A_DIRECTIONAL_WRITE_EXHAUSTED_PRIMALITY_UNASSIGNED,514,512,512,NO_RECORDED_FACTOR_PRP_OR_LL_RESULT_AND_NO_ACTIVE_GIMPS_ASSIGNMENT,2026-08-08T19:16:24+00:00,UNALLOCATED,,,,,
SLCMP700-1962,1962,1963,317348797,2^317348797-1,STRUCTURAL_SCREEN_EXHAUSTED_PRIMALITY_UNASSIGNED,GF3A_DIRECTIONAL_WRITE_EXHAUSTED_PRIMALITY_UNASSIGNED,513,512,512,NO_RECORDED_FACTOR_PRP_OR_LL_RESULT_AND_NO_ACTIVE_GIMPS_ASSIGNMENT,2026-08-08T19:16:24+00:00,UNALLOCATED,,,,,
SLCMP700-1963,1963,1964,317348819,2^317348819-1,STRUCTURAL_SCREEN_EXHAUSTED_PRIMALITY_UNASSIGNED,GF3A_DIRECTIONAL_WRITE_EXHAUSTED_PRIMALITY_UNASSIGNED,514,512,512,NO_RECORDED_FACTOR_PRP_OR_LL_RESULT_AND_NO_ACTIVE_GIMPS_ASSIGNMENT,2026-08-08T19:16:24+00:00,UNALLOCATED,,,,,
SLCMP700-1964,1964,1965,317348869,2^317348869-1,STRUCTURAL_SCREEN_EXHAUSTED_PRIMALITY_UNASSIGNED,GF3A_DIRECTIONAL_WRITE_EXHAUSTED_PRIMALITY_UNASSIGNED,513,512,512,NO_RECORDED_FACTOR_PRP_OR_LL_RESULT_AND_NO_ACTIVE_GIMPS_ASSIGNMENT,2026-08-08T19:16:24+00:00,UNALLOCATED,,,,,
SLCMP700-1965,1965,1966,317348873,2^317348873-1,STRUCTURAL_SCREEN_EXHAUSTED_PRIMALITY_UNASSIGNED,GF3A_DIRECTIONAL_WRITE_EXHAUSTED_PRIMALITY_UNASSIGNED,513,512,512,NO_RECORDED_FACTOR_PRP_OR_LL_RESULT_AND_NO_ACTIVE_GIMPS_ASSIGNMENT,2026-08-08T19:16:24+00:00,UNALLOCATED,,,,,
SLCMP700-1966,1966,1967,317349007,2^317349007-1,STRUCTURAL_SCREEN_EXHAUSTED_PRIMALITY_UNASSIGNED,GF3A_DIRECTIONAL_WRITE_EXHAUSTED_PRIMALITY_UNASSIGNED,514,512,512,NO_RECORDED_FACTOR_PRP_OR_LL_RESULT_AND_NO_ACTIVE_GIMPS_ASSIGNMENT,2026-08-08T19:16:24+00:00,UNALLOCATED,,,,,
SLCMP700-1967,1967,1968,317349049,2^317349049-1,STRUCTURAL_SCREEN_EXHAUSTED_PRIMALITY_UNASSIGNED,GF3A_DIRECTIONAL_WRITE_EXHAUSTED_PRIMALITY_UNASSIGNED,513,512,512,NO_RECORDED_FACTOR_PRP_OR_LL_RESULT_AND_NO_ACTIVE_GIMPS_ASSIGNMENT,2026-08-08T19:16:24+00:00,UNALLOCATED,,,,,
SLCMP700-1968,1968,1969,317349119,2^317349119-1,STRUCTURAL_SCREEN_EXHAUSTED_PRIMALITY_UNASSIGNED,GF3A_DIRECTIONAL_WRITE_EXHAUSTED_PRIMALITY_UNASSIGNED,514,512,512,NO_RECORDED_FACTOR_PRP_OR_LL_RESULT_AND_NO_ACTIVE_GIMPS_ASSIGNMENT,2026-08-08T19:16:24+00:00,UNALLOCATED,,,,,
SLCMP700-1969,1969,1970,317349163,2^317349163-1,STRUCTURAL_SCREEN_EXHAUSTED_PRIMALITY_UNASSIGNED,GF3A_DIRECTIONAL_WRITE_EXHAUSTED_PRIMALITY_UNASSIGNED,514,512,512,NO_RECORDED_FACTOR_PRP_OR_LL_RESULT_AND_NO_ACTIVE_GIMPS_ASSIGNMENT,2026-08-08T19:16:24+00:00,UNALLOCATED,,,,,
SLCMP700-1970,1970,1971,317349199,2^317349199-1,STRUCTURAL_SCREEN_EXHAUSTED_PRIMALITY_UNASSIGNED,GF3A_DIRECTIONAL_WRITE_EXHAUSTED_PRIMALITY_UNASSIGNED,514,512,512,NO_RECORDED_FACTOR_PRP_OR_LL_RESULT_AND_NO_ACTIVE_GIMPS_ASSIGNMENT,2026-08-08T19:16:24+00:00,UNALLOCATED,,,,,
SLCMP700-1971,1971,1972,317349209,2^317349209-1,STRUCTURAL_SCREEN_EXHAUSTED_PRIMALITY_UNASSIGNED,GF3A_DIRECTIONAL_WRITE_EXHAUSTED_PRIMALITY_UNASSIGNED,513,512,512,NO_RECORDED_FACTOR_PRP_OR_LL_RESULT_AND_NO_ACTIVE_GIMPS_ASSIGNMENT,2026-08-08T19:16:24+00:00,UNALLOCATED,,,,,
SLCMP700-1972,1972,1973,317349397,2^317349397-1,STRUCTURAL_SCREEN_EXHAUSTED_PRIMALITY_UNASSIGNED,GF3A_DIRECTIONAL_WRITE_EXHAUSTED_PRIMALITY_UNASSIGNED,513,512,512,NO_RECORDED_FACTOR_PRP_OR_LL_RESULT_AND_NO_ACTIVE_GIMPS_ASSIGNMENT,2026-08-08T19:16:24+00:00,UNALLOCATED,,,,,
SLCMP700-1973,1973,1974,317349433,2^317349433-1,STRUCTURAL_SCREEN_EXHAUSTED_PRIMALITY_UNASSIGNED,GF3A_DIRECTIONAL_WRITE_EXHAUSTED_PRIMALITY_UNASSIGNED,513,512,512,NO_RECORDED_FACTOR_PRP_OR_LL_RESULT_AND_NO_ACTIVE_GIMPS_ASSIGNMENT,2026-08-08T19:16:24+00:00,UNALLOCATED,,,,,
SLCMP700-1974,1974,1975,317349437,2^317349437-1,STRUCTURAL_SCREEN_EXHAUSTED_PRIMALITY_UNASSIGNED,GF3A_DIRECTIONAL_WRITE_EXHAUSTED_PRIMALITY_UNASSIGNED,513,512,512,NO_RECORDED_FACTOR_PRP_OR_LL_RESULT_AND_NO_ACTIVE_GIMPS_ASSIGNMENT,2026-08-08T19:16:24+00:00,UNALLOCATED,,,,,
SLCMP700-1975,1975,1976,317349673,2^317349673-1,STRUCTURAL_SCREEN_EXHAUSTED_PRIMALITY_UNASSIGNED,GF3A_DIRECTIONAL_WRITE_EXHAUSTED_PRIMALITY_UNASSIGNED,513,512,512,NO_RECORDED_FACTOR_PRP_OR_LL_RESULT_AND_NO_ACTIVE_GIMPS_ASSIGNMENT,2026-08-08T19:16:24+00:00,UNALLOCATED,,,,,
SLCMP700-1976,1976,1977,317349709,2^317349709-1,STRUCTURAL_SCREEN_EXHAUSTED_PRIMALITY_UNASSIGNED,GF3A_DIRECTIONAL_WRITE_EXHAUSTED_PRIMALITY_UNASSIGNED,513,512,512,NO_RECORDED_FACTOR_PRP_OR_LL_RESULT_AND_NO_ACTIVE_GIMPS_ASSIGNMENT,2026-08-08T19:16:24+00:00,UNALLOCATED,,,,,
SLCMP700-1977,1977,1978,317349713,2^317349713-1,STRUCTURAL_SCREEN_EXHAUSTED_PRIMALITY_UNASSIGNED,GF3A_DIRECTIONAL_WRITE_EXHAUSTED_PRIMALITY_UNASSIGNED,513,512,512,NO_RECORDED_FACTOR_PRP_OR_LL_RESULT_AND_NO_ACTIVE_GIMPS_ASSIGNMENT,2026-08-08T19:16:24+00:00,UNALLOCATED,,,,,
SLCMP700-1978,1978,1979,317349763,2^317349763-1,STRUCTURAL_SCREEN_EXHAUSTED_PRIMALITY_UNASSIGNED,GF3A_DIRECTIONAL_WRITE_EXHAUSTED_PRIMALITY_UNASSIGNED,514,512,512,NO_RECORDED_FACTOR_PRP_OR_LL_RESULT_AND_NO_ACTIVE_GIMPS_ASSIGNMENT,2026-08-08T19:16:24+00:00,UNALLOCATED,,,,,
SLCMP700-1979,1979,1980,317349779,2^317349779-1,STRUCTURAL_SCREEN_EXHAUSTED_PRIMALITY_UNASSIGNED,GF3A_DIRECTIONAL_WRITE_EXHAUSTED_PRIMALITY_UNASSIGNED,514,512,512,NO_RECORDED_FACTOR_PRP_OR_LL_RESULT_AND_NO_ACTIVE_GIMPS_ASSIGNMENT,2026-08-08T19:16:24+00:00,UNALLOCATED,,,,,
SLCMP700-1980,1980,1981,317349817,2^317349817-1,STRUCTURAL_SCREEN_EXHAUSTED_PRIMALITY_UNASSIGNED,GF3A_DIRECTIONAL_WRITE_EXHAUSTED_PRIMALITY_UNASSIGNED,513,512,512,NO_RECORDED_FACTOR_PRP_OR_LL_RESULT_AND_NO_ACTIVE_GIMPS_ASSIGNMENT,2026-08-08T19:16:24+00:00,UNALLOCATED,,,,,
SLCMP700-1981,1981,1982,317349833,2^317349833-1,STRUCTURAL_SCREEN_EXHAUSTED_PRIMALITY_UNASSIGNED,GF3A_DIRECTIONAL_WRITE_EXHAUSTED_PRIMALITY_UNASSIGNED,513,512,512,NO_RECORDED_FACTOR_PRP_OR_LL_RESULT_AND_NO_ACTIVE_GIMPS_ASSIGNMENT,2026-08-08T19:16:24+00:00,UNALLOCATED,,,,,
SLCMP700-1982,1982,1983,317349839,2^317349839-1,STRUCTURAL_SCREEN_EXHAUSTED_PRIMALITY_UNASSIGNED,GF3A_DIRECTIONAL_WRITE_EXHAUSTED_PRIMALITY_UNASSIGNED,514,512,512,NO_RECORDED_FACTOR_PRP_OR_LL_RESULT_AND_NO_ACTIVE_GIMPS_ASSIGNMENT,2026-08-08T19:16:24+00:00,UNALLOCATED,,,,,
SLCMP700-1983,1983,1984,317349971,2^317349971-1,STRUCTURAL_SCREEN_EXHAUSTED_PRIMALITY_UNASSIGNED,GF3A_DIRECTIONAL_WRITE_EXHAUSTED_PRIMALITY_UNASSIGNED,514,512,512,NO_RECORDED_FACTOR_PRP_OR_LL_RESULT_AND_NO_ACTIVE_GIMPS_ASSIGNMENT,2026-08-08T19:16:24+00:00,UNALLOCATED,,,,,
SLCMP700-1984,1984,1985,317349983,2^317349983-1,STRUCTURAL_SCREEN_EXHAUSTED_PRIMALITY_UNASSIGNED,GF3A_DIRECTIONAL_WRITE_EXHAUSTED_PRIMALITY_UNASSIGNED,514,512,512,NO_RECORDED_FACTOR_PRP_OR_LL_RESULT_AND_NO_ACTIVE_GIMPS_ASSIGNMENT,2026-08-08T19:16:24+00:00,UNALLOCATED,,,,,
SLCMP700-1985,1985,1986,317350039,2^317350039-1,STRUCTURAL_SCREEN_EXHAUSTED_PRIMALITY_UNASSIGNED,GF3A_DIRECTIONAL_WRITE_EXHAUSTED_PRIMALITY_UNASSIGNED,514,512,512,NO_RECORDED_FACTOR_PRP_OR_LL_RESULT_AND_NO_ACTIVE_GIMPS_ASSIGNMENT,2026-08-08T19:16:24+00:00,UNALLOCATED,,,,,
SLCMP700-1986,1986,1987,317350043,2^317350043-1,STRUCTURAL_SCREEN_EXHAUSTED_PRIMALITY_UNASSIGNED,GF3A_DIRECTIONAL_WRITE_EXHAUSTED_PRIMALITY_UNASSIGNED,514,512,512,NO_RECORDED_FACTOR_PRP_OR_LL_RESULT_AND_NO_ACTIVE_GIMPS_ASSIGNMENT,2026-08-08T19:16:24+00:00,UNALLOCATED,,,,,
SLCMP700-1987,1987,1988,317350097,2^317350097-1,STRUCTURAL_SCREEN_EXHAUSTED_PRIMALITY_UNASSIGNED,GF3A_DIRECTIONAL_WRITE_EXHAUSTED_PRIMALITY_UNASSIGNED,513,512,512,NO_RECORDED_FACTOR_PRP_OR_LL_RESULT_AND_NO_ACTIVE_GIMPS_ASSIGNMENT,2026-08-08T19:16:24+00:00,UNALLOCATED,,,,,
SLCMP700-1988,1988,1989,317350109,2^317350109-1,STRUCTURAL_SCREEN_EXHAUSTED_PRIMALITY_UNASSIGNED,GF3A_DIRECTIONAL_WRITE_EXHAUSTED_PRIMALITY_UNASSIGNED,513,512,512,NO_RECORDED_FACTOR_PRP_OR_LL_RESULT_AND_NO_ACTIVE_GIMPS_ASSIGNMENT,2026-08-08T19:16:24+00:00,UNALLOCATED,,,,,
SLCMP700-1989,1989,1990,317350153,2^317350153-1,STRUCTURAL_SCREEN_EXHAUSTED_PRIMALITY_UNASSIGNED,GF3A_DIRECTIONAL_WRITE_EXHAUSTED_PRIMALITY_UNASSIGNED,513,512,512,NO_RECORDED_FACTOR_PRP_OR_LL_RESULT_AND_NO_ACTIVE_GIMPS_ASSIGNMENT,2026-08-08T19:16:24+00:00,UNALLOCATED,,,,,
SLCMP700-1990,1990,1991,317350247,2^317350247-1,STRUCTURAL_SCREEN_EXHAUSTED_PRIMALITY_UNASSIGNED,GF3A_DIRECTIONAL_WRITE_EXHAUSTED_PRIMALITY_UNASSIGNED,514,512,512,NO_RECORDED_FACTOR_PRP_OR_LL_RESULT_AND_NO_ACTIVE_GIMPS_ASSIGNMENT,2026-08-08T19:16:24+00:00,UNALLOCATED,,,,,
SLCMP700-1991,1991,1992,317350289,2^317350289-1,STRUCTURAL_SCREEN_EXHAUSTED_PRIMALITY_UNASSIGNED,GF3A_DIRECTIONAL_WRITE_EXHAUSTED_PRIMALITY_UNASSIGNED,513,512,512,NO_RECORDED_FACTOR_PRP_OR_LL_RESULT_AND_NO_ACTIVE_GIMPS_ASSIGNMENT,2026-08-08T19:16:24+00:00,UNALLOCATED,,,,,
SLCMP700-1992,1992,1993,317350301,2^317350301-1,STRUCTURAL_SCREEN_EXHAUSTED_PRIMALITY_UNASSIGNED,GF3A_DIRECTIONAL_WRITE_EXHAUSTED_PRIMALITY_UNASSIGNED,513,512,512,NO_RECORDED_FACTOR_PRP_OR_LL_RESULT_AND_NO_ACTIVE_GIMPS_ASSIGNMENT,2026-08-08T19:16:24+00:00,UNALLOCATED,,,,,
SLCMP700-1993,1993,1994,317350403,2^317350403-1,STRUCTURAL_SCREEN_EXHAUSTED_PRIMALITY_UNASSIGNED,GF3A_DIRECTIONAL_WRITE_EXHAUSTED_PRIMALITY_UNASSIGNED,514,512,512,NO_RECORDED_FACTOR_PRP_OR_LL_RESULT_AND_NO_ACTIVE_GIMPS_ASSIGNMENT,2026-08-08T19:16:24+00:00,UNALLOCATED,,,,,
SLCMP700-1994,1994,1995,317350421,2^317350421-1,STRUCTURAL_SCREEN_EXHAUSTED_PRIMALITY_UNASSIGNED,GF3A_DIRECTIONAL_WRITE_EXHAUSTED_PRIMALITY_UNASSIGNED,513,512,512,NO_RECORDED_FACTOR_PRP_OR_LL_RESULT_AND_NO_ACTIVE_GIMPS_ASSIGNMENT,2026-08-08T19:16:24+00:00,UNALLOCATED,,,,,
SLCMP700-1995,1995,1996,317350469,2^317350469-1,STRUCTURAL_SCREEN_EXHAUSTED_PRIMALITY_UNASSIGNED,GF3A_DIRECTIONAL_WRITE_EXHAUSTED_PRIMALITY_UNASSIGNED,513,512,512,NO_RECORDED_FACTOR_PRP_OR_LL_RESULT_AND_NO_ACTIVE_GIMPS_ASSIGNMENT,2026-08-08T19:16:24+00:00,UNALLOCATED,,,,,
SLCMP700-1996,1996,1997,317350471,2^317350471-1,STRUCTURAL_SCREEN_EXHAUSTED_PRIMALITY_UNASSIGNED,GF3A_DIRECTIONAL_WRITE_EXHAUSTED_PRIMALITY_UNASSIGNED,514,512,512,NO_RECORDED_FACTOR_PRP_OR_LL_RESULT_AND_NO_ACTIVE_GIMPS_ASSIGNMENT,2026-08-08T19:16:24+00:00,UNALLOCATED,,,,,
SLCMP700-1997,1997,1998,317350477,2^317350477-1,STRUCTURAL_SCREEN_EXHAUSTED_PRIMALITY_UNASSIGNED,GF3A_DIRECTIONAL_WRITE_EXHAUSTED_PRIMALITY_UNASSIGNED,513,512,512,NO_RECORDED_FACTOR_PRP_OR_LL_RESULT_AND_NO_ACTIVE_GIMPS_ASSIGNMENT,2026-08-08T19:16:24+00:00,UNALLOCATED,,,,,
SLCMP700-1998,1998,1999,317350507,2^317350507-1,STRUCTURAL_SCREEN_EXHAUSTED_PRIMALITY_UNASSIGNED,GF3A_DIRECTIONAL_WRITE_EXHAUSTED_PRIMALITY_UNASSIGNED,514,512,512,NO_RECORDED_FACTOR_PRP_OR_LL_RESULT_AND_NO_ACTIVE_GIMPS_ASSIGNMENT,2026-08-08T19:16:24+00:00,UNALLOCATED,,,,,
SLCMP700-1999,1999,2000,317350531,2^317350531-1,STRUCTURAL_SCREEN_EXHAUSTED_PRIMALITY_UNASSIGNED,GF3A_DIRECTIONAL_WRITE_EXHAUSTED_PRIMALITY_UNASSIGNED,514,512,512,NO_RECORDED_FACTOR_PRP_OR_LL_RESULT_AND_NO_ACTIVE_GIMPS_ASSIGNMENT,2026-08-08T19:16:24+00:00,UNALLOCATED,,,,,
SLCMP700-2000,2000,2001,317350589,2^317350589-1,STRUCTURAL_SCREEN_EXHAUSTED_PRIMALITY_UNASSIGNED,GF3A_DIRECTIONAL_WRITE_EXHAUSTED_PRIMALITY_UNASSIGNED,513,512,512,NO_RECORDED_FACTOR_PRP_OR_LL_RESULT_AND_NO_ACTIVE_GIMPS_ASSIGNMENT,2026-08-08T19:16:24+00:00,UNALLOCATED,,,,,
SLCMP700-2001,2001,2002,317350603,2^317350603-1,STRUCTURAL_SCREEN_EXHAUSTED_PRIMALITY_UNASSIGNED,GF3A_DIRECTIONAL_WRITE_EXHAUSTED_PRIMALITY_UNASSIGNED,514,512,512,NO_RECORDED_FACTOR_PRP_OR_LL_RESULT_AND_NO_ACTIVE_GIMPS_ASSIGNMENT,2026-08-08T19:16:24+00:00,UNALLOCATED,,,,,
SLCMP700-2002,2002,2003,317350643,2^317350643-1,STRUCTURAL_SCREEN_EXHAUSTED_PRIMALITY_UNASSIGNED,GF3A_DIRECTIONAL_WRITE_EXHAUSTED_PRIMALITY_UNASSIGNED,514,512,512,NO_RECORDED_FACTOR_PRP_OR_LL_RESULT_AND_NO_ACTIVE_GIMPS_ASSIGNMENT,2026-08-08T19:16:24+00:00,UNALLOCATED,,,,,
SLCMP700-2003,2003,2004,317350661,2^317350661-1,STRUCTURAL_SCREEN_EXHAUSTED_PRIMALITY_UNASSIGNED,GF3A_DIRECTIONAL_WRITE_EXHAUSTED_PRIMALITY_UNASSIGNED,513,512,512,NO_RECORDED_FACTOR_PRP_OR_LL_RESULT_AND_NO_ACTIVE_GIMPS_ASSIGNMENT,2026-08-08T19:16:24+00:00,UNALLOCATED,,,,,
SLCMP700-2004,2004,2005,317350699,2^317350699-1,STRUCTURAL_SCREEN_EXHAUSTED_PRIMALITY_UNASSIGNED,GF3A_DIRECTIONAL_WRITE_EXHAUSTED_PRIMALITY_UNASSIGNED,514,512,512,NO_RECORDED_FACTOR_PRP_OR_LL_RESULT_AND_NO_ACTIVE_GIMPS_ASSIGNMENT,2026-08-08T19:16:24+00:00,UNALLOCATED,,,,,
SLCMP700-2005,2005,2006,317350819,2^317350819-1,STRUCTURAL_SCREEN_EXHAUSTED_PRIMALITY_UNASSIGNED,GF3A_DIRECTIONAL_WRITE_EXHAUSTED_PRIMALITY_UNASSIGNED,514,512,512,NO_RECORDED_FACTOR_PRP_OR_LL_RESULT_AND_NO_ACTIVE_GIMPS_ASSIGNMENT,2026-08-08T19:16:24+00:00,UNALLOCATED,,,,,
SLCMP700-2006,2006,2007,317350837,2^317350837-1,STRUCTURAL_SCREEN_EXHAUSTED_PRIMALITY_UNASSIGNED,GF3A_DIRECTIONAL_WRITE_EXHAUSTED_PRIMALITY_UNASSIGNED,513,512,512,NO_RECORDED_FACTOR_PRP_OR_LL_RESULT_AND_NO_ACTIVE_GIMPS_ASSIGNMENT,2026-08-08T19:16:24+00:00,UNALLOCATED,,,,,
SLCMP700-2007,2007,2008,317350843,2^317350843-1,STRUCTURAL_SCREEN_EXHAUSTED_PRIMALITY_UNASSIGNED,GF3A_DIRECTIONAL_WRITE_EXHAUSTED_PRIMALITY_UNASSIGNED,514,512,512,NO_RECORDED_FACTOR_PRP_OR_LL_RESULT_AND_NO_ACTIVE_GIMPS_ASSIGNMENT,2026-08-08T19:16:24+00:00,UNALLOCATED,,,,,
SLCMP700-2008,2008,2009,317350897,2^317350897-1,STRUCTURAL_SCREEN_EXHAUSTED_PRIMALITY_UNASSIGNED,GF3A_DIRECTIONAL_WRITE_EXHAUSTED_PRIMALITY_UNASSIGNED,513,512,512,NO_RECORDED_FACTOR_PRP_OR_LL_RESULT_AND_NO_ACTIVE_GIMPS_ASSIGNMENT,2026-08-08T19:16:24+00:00,UNALLOCATED,,,,,
SLCMP700-2009,2009,2010,317350907,2^317350907-1,STRUCTURAL_SCREEN_EXHAUSTED_PRIMALITY_UNASSIGNED,GF3A_DIRECTIONAL_WRITE_EXHAUSTED_PRIMALITY_UNASSIGNED,514,512,512,NO_RECORDED_FACTOR_PRP_OR_LL_RESULT_AND_NO_ACTIVE_GIMPS_ASSIGNMENT,2026-08-08T19:16:24+00:00,UNALLOCATED,,,,,
SLCMP700-2010,2010,2011,317351009,2^317351009-1,STRUCTURAL_SCREEN_EXHAUSTED_PRIMALITY_UNASSIGNED,GF3A_DIRECTIONAL_WRITE_EXHAUSTED_PRIMALITY_UNASSIGNED,513,512,512,NO_RECORDED_FACTOR_PRP_OR_LL_RESULT_AND_NO_ACTIVE_GIMPS_ASSIGNMENT,2026-08-08T19:16:24+00:00,UNALLOCATED,,,,,
SLCMP700-2011,2011,2012,317351159,2^317351159-1,STRUCTURAL_SCREEN_EXHAUSTED_PRIMALITY_UNASSIGNED,GF3A_DIRECTIONAL_WRITE_EXHAUSTED_PRIMALITY_UNASSIGNED,514,512,512,NO_RECORDED_FACTOR_PRP_OR_LL_RESULT_AND_NO_ACTIVE_GIMPS_ASSIGNMENT,2026-08-08T19:16:24+00:00,UNALLOCATED,,,,,
SLCMP700-2012,2012,2013,317351161,2^317351161-1,STRUCTURAL_SCREEN_EXHAUSTED_PRIMALITY_UNASSIGNED,GF3A_DIRECTIONAL_WRITE_EXHAUSTED_PRIMALITY_UNASSIGNED,513,512,512,NO_RECORDED_FACTOR_PRP_OR_LL_RESULT_AND_NO_ACTIVE_GIMPS_ASSIGNMENT,2026-08-08T19:16:24+00:00,UNALLOCATED,,,,,
SLCMP700-2013,2013,2014,317351201,2^317351201-1,STRUCTURAL_SCREEN_EXHAUSTED_PRIMALITY_UNASSIGNED,GF3A_DIRECTIONAL_WRITE_EXHAUSTED_PRIMALITY_UNASSIGNED,513,512,512,NO_RECORDED_FACTOR_PRP_OR_LL_RESULT_AND_NO_ACTIVE_GIMPS_ASSIGNMENT,2026-08-08T19:16:24+00:00,UNALLOCATED,,,,,
SLCMP700-2014,2014,2015,317351303,2^317351303-1,STRUCTURAL_SCREEN_EXHAUSTED_PRIMALITY_UNASSIGNED,GF3A_DIRECTIONAL_WRITE_EXHAUSTED_PRIMALITY_UNASSIGNED,514,512,512,NO_RECORDED_FACTOR_PRP_OR_LL_RESULT_AND_NO_ACTIVE_GIMPS_ASSIGNMENT,2026-08-08T19:16:24+00:00,UNALLOCATED,,,,,
SLCMP700-2015,2015,2016,317351339,2^317351339-1,STRUCTURAL_SCREEN_EXHAUSTED_PRIMALITY_UNASSIGNED,GF3A_DIRECTIONAL_WRITE_EXHAUSTED_PRIMALITY_UNASSIGNED,514,512,512,NO_RECORDED_FACTOR_PRP_OR_LL_RESULT_AND_NO_ACTIVE_GIMPS_ASSIGNMENT,2026-08-08T19:16:24+00:00,UNALLOCATED,,,,,
SLCMP700-2016,2016,2017,317351387,2^317351387-1,STRUCTURAL_SCREEN_EXHAUSTED_PRIMALITY_UNASSIGNED,GF3A_DIRECTIONAL_WRITE_EXHAUSTED_PRIMALITY_UNASSIGNED,514,512,512,NO_RECORDED_FACTOR_PRP_OR_LL_RESULT_AND_NO_ACTIVE_GIMPS_ASSIGNMENT,2026-08-08T19:16:24+00:00,UNALLOCATED,,,,,
SLCMP700-2017,2017,2018,317351417,2^317351417-1,STRUCTURAL_SCREEN_EXHAUSTED_PRIMALITY_UNASSIGNED,GF3A_DIRECTIONAL_WRITE_EXHAUSTED_PRIMALITY_UNASSIGNED,513,512,512,NO_RECORDED_FACTOR_PRP_OR_LL_RESULT_AND_NO_ACTIVE_GIMPS_ASSIGNMENT,2026-08-08T19:16:24+00:00,UNALLOCATED,,,,,
SLCMP700-2018,2018,2019,317351443,2^317351443-1,STRUCTURAL_SCREEN_EXHAUSTED_PRIMALITY_UNASSIGNED,GF3A_DIRECTIONAL_WRITE_EXHAUSTED_PRIMALITY_UNASSIGNED,514,512,512,NO_RECORDED_FACTOR_PRP_OR_LL_RESULT_AND_NO_ACTIVE_GIMPS_ASSIGNMENT,2026-08-08T19:16:24+00:00,UNALLOCATED,,,,,
SLCMP700-2019,2019,2020,317351519,2^317351519-1,STRUCTURAL_SCREEN_EXHAUSTED_PRIMALITY_UNASSIGNED,GF3A_DIRECTIONAL_WRITE_EXHAUSTED_PRIMALITY_UNASSIGNED,514,512,512,NO_RECORDED_FACTOR_PRP_OR_LL_RESULT_AND_NO_ACTIVE_GIMPS_ASSIGNMENT,2026-08-08T19:16:24+00:00,UNALLOCATED,,,,,
SLCMP700-2020,2020,2021,317351663,2^317351663-1,STRUCTURAL_SCREEN_EXHAUSTED_PRIMALITY_UNASSIGNED,GF3A_DIRECTIONAL_WRITE_EXHAUSTED_PRIMALITY_UNASSIGNED,514,512,512,NO_RECORDED_FACTOR_PRP_OR_LL_RESULT_AND_NO_ACTIVE_GIMPS_ASSIGNMENT,2026-08-08T19:16:24+00:00,UNALLOCATED,,,,,
SLCMP700-2021,2021,2022,317351711,2^317351711-1,STRUCTURAL_SCREEN_EXHAUSTED_PRIMALITY_UNASSIGNED,GF3A_DIRECTIONAL_WRITE_EXHAUSTED_PRIMALITY_UNASSIGNED,514,512,512,NO_RECORDED_FACTOR_PRP_OR_LL_RESULT_AND_NO_ACTIVE_GIMPS_ASSIGNMENT,2026-08-08T19:16:24+00:00,UNALLOCATED,,,,,
SLCMP700-2022,2022,2023,317351761,2^317351761-1,STRUCTURAL_SCREEN_EXHAUSTED_PRIMALITY_UNASSIGNED,GF3A_DIRECTIONAL_WRITE_EXHAUSTED_PRIMALITY_UNASSIGNED,513,512,512,NO_RECORDED_FACTOR_PRP_OR_LL_RESULT_AND_NO_ACTIVE_GIMPS_ASSIGNMENT,2026-08-08T19:16:24+00:00,UNALLOCATED,,,,,
SLCMP700-2023,2023,2024,317351779,2^317351779-1,STRUCTURAL_SCREEN_EXHAUSTED_PRIMALITY_UNASSIGNED,GF3A_DIRECTIONAL_WRITE_EXHAUSTED_PRIMALITY_UNASSIGNED,514,512,512,NO_RECORDED_FACTOR_PRP_OR_LL_RESULT_AND_NO_ACTIVE_GIMPS_ASSIGNMENT,2026-08-08T19:16:24+00:00,UNALLOCATED,,,,,
SLCMP700-2024,2024,2025,317351833,2^317351833-1,STRUCTURAL_SCREEN_EXHAUSTED_PRIMALITY_UNASSIGNED,GF3A_DIRECTIONAL_WRITE_EXHAUSTED_PRIMALITY_UNASSIGNED,513,512,512,NO_RECORDED_FACTOR_PRP_OR_LL_RESULT_AND_NO_ACTIVE_GIMPS_ASSIGNMENT,2026-08-08T19:16:24+00:00,UNALLOCATED,,,,,
SLCMP700-2025,2025,2026,317351981,2^317351981-1,STRUCTURAL_SCREEN_EXHAUSTED_PRIMALITY_UNASSIGNED,GF3A_DIRECTIONAL_WRITE_EXHAUSTED_PRIMALITY_UNASSIGNED,513,512,512,NO_RECORDED_FACTOR_PRP_OR_LL_RESULT_AND_NO_ACTIVE_GIMPS_ASSIGNMENT,2026-08-08T19:16:24+00:00,UNALLOCATED,,,,,
SLCMP700-2026,2026,2027,317352001,2^317352001-1,STRUCTURAL_SCREEN_EXHAUSTED_PRIMALITY_UNASSIGNED,GF3A_DIRECTIONAL_WRITE_EXHAUSTED_PRIMALITY_UNASSIGNED,513,512,512,NO_RECORDED_FACTOR_PRP_OR_LL_RESULT_AND_NO_ACTIVE_GIMPS_ASSIGNMENT,2026-08-08T19:16:24+00:00,UNALLOCATED,,,,,
SLCMP700-2027,2027,2028,317352047,2^317352047-1,STRUCTURAL_SCREEN_EXHAUSTED_PRIMALITY_UNASSIGNED,GF3A_DIRECTIONAL_WRITE_EXHAUSTED_PRIMALITY_UNASSIGNED,514,512,512,NO_RECORDED_FACTOR_PRP_OR_LL_RESULT_AND_NO_ACTIVE_GIMPS_ASSIGNMENT,2026-08-08T19:16:24+00:00,UNALLOCATED,,,,,
SLCMP700-2028,2028,2029,317352173,2^317352173-1,STRUCTURAL_SCREEN_EXHAUSTED_PRIMALITY_UNASSIGNED,GF3A_DIRECTIONAL_WRITE_EXHAUSTED_PRIMALITY_UNASSIGNED,513,512,512,NO_RECORDED_FACTOR_PRP_OR_LL_RESULT_AND_NO_ACTIVE_GIMPS_ASSIGNMENT,2026-08-08T19:16:24+00:00,UNALLOCATED,,,,,
SLCMP700-2029,2029,2030,317352313,2^317352313-1,STRUCTURAL_SCREEN_EXHAUSTED_PRIMALITY_UNASSIGNED,GF3A_DIRECTIONAL_WRITE_EXHAUSTED_PRIMALITY_UNASSIGNED,513,512,512,NO_RECORDED_FACTOR_PRP_OR_LL_RESULT_AND_NO_ACTIVE_GIMPS_ASSIGNMENT,2026-08-08T19:16:24+00:00,UNALLOCATED,,,,,
SLCMP700-2030,2030,2031,317352377,2^317352377-1,STRUCTURAL_SCREEN_EXHAUSTED_PRIMALITY_UNASSIGNED,GF3A_DIRECTIONAL_WRITE_EXHAUSTED_PRIMALITY_UNASSIGNED,513,512,512,NO_RECORDED_FACTOR_PRP_OR_LL_RESULT_AND_NO_ACTIVE_GIMPS_ASSIGNMENT,2026-08-08T19:16:24+00:00,UNALLOCATED,,,,,
SLCMP700-2031,2031,2032,317352391,2^317352391-1,STRUCTURAL_SCREEN_EXHAUSTED_PRIMALITY_UNASSIGNED,GF3A_DIRECTIONAL_WRITE_EXHAUSTED_PRIMALITY_UNASSIGNED,514,512,512,NO_RECORDED_FACTOR_PRP_OR_LL_RESULT_AND_NO_ACTIVE_GIMPS_ASSIGNMENT,2026-08-08T19:16:24+00:00,UNALLOCATED,,,,,
SLCMP700-2032,2032,2033,317352407,2^317352407-1,STRUCTURAL_SCREEN_EXHAUSTED_PRIMALITY_UNASSIGNED,GF3A_DIRECTIONAL_WRITE_EXHAUSTED_PRIMALITY_UNASSIGNED,514,512,512,NO_RECORDED_FACTOR_PRP_OR_LL_RESULT_AND_NO_ACTIVE_GIMPS_ASSIGNMENT,2026-08-08T19:16:24+00:00,UNALLOCATED,,,,,
SLCMP700-2033,2033,2034,317352479,2^317352479-1,STRUCTURAL_SCREEN_EXHAUSTED_PRIMALITY_UNASSIGNED,GF3A_DIRECTIONAL_WRITE_EXHAUSTED_PRIMALITY_UNASSIGNED,514,512,512,NO_RECORDED_FACTOR_PRP_OR_LL_RESULT_AND_NO_ACTIVE_GIMPS_ASSIGNMENT,2026-08-08T19:16:24+00:00,UNALLOCATED,,,,,
SLCMP700-2034,2034,2035,317352517,2^317352517-1,STRUCTURAL_SCREEN_EXHAUSTED_PRIMALITY_UNASSIGNED,GF3A_DIRECTIONAL_WRITE_EXHAUSTED_PRIMALITY_UNASSIGNED,513,512,512,NO_RECORDED_FACTOR_PRP_OR_LL_RESULT_AND_NO_ACTIVE_GIMPS_ASSIGNMENT,2026-08-08T19:16:24+00:00,UNALLOCATED,,,,,
SLCMP700-2035,2035,2036,317352533,2^317352533-1,STRUCTURAL_SCREEN_EXHAUSTED_PRIMALITY_UNASSIGNED,GF3A_DIRECTIONAL_WRITE_EXHAUSTED_PRIMALITY_UNASSIGNED,513,512,512,NO_RECORDED_FACTOR_PRP_OR_LL_RESULT_AND_NO_ACTIVE_GIMPS_ASSIGNMENT,2026-08-08T19:16:24+00:00,UNALLOCATED,,,,,
SLCMP700-2036,2036,2037,317352557,2^317352557-1,STRUCTURAL_SCREEN_EXHAUSTED_PRIMALITY_UNASSIGNED,GF3A_DIRECTIONAL_WRITE_EXHAUSTED_PRIMALITY_UNASSIGNED,513,512,512,NO_RECORDED_FACTOR_PRP_OR_LL_RESULT_AND_NO_ACTIVE_GIMPS_ASSIGNMENT,2026-08-08T19:16:24+00:00,UNALLOCATED,,,,,
SLCMP700-2037,2037,2038,317352613,2^317352613-1,STRUCTURAL_SCREEN_EXHAUSTED_PRIMALITY_UNASSIGNED,GF3A_DIRECTIONAL_WRITE_EXHAUSTED_PRIMALITY_UNASSIGNED,513,512,512,NO_RECORDED_FACTOR_PRP_OR_LL_RESULT_AND_NO_ACTIVE_GIMPS_ASSIGNMENT,2026-08-08T19:16:24+00:00,UNALLOCATED,,,,,
SLCMP700-2038,2038,2039,317352773,2^317352773-1,STRUCTURAL_SCREEN_EXHAUSTED_PRIMALITY_UNASSIGNED,GF3A_DIRECTIONAL_WRITE_EXHAUSTED_PRIMALITY_UNASSIGNED,513,512,512,NO_RECORDED_FACTOR_PRP_OR_LL_RESULT_AND_NO_ACTIVE_GIMPS_ASSIGNMENT,2026-08-08T19:16:24+00:00,UNALLOCATED,,,,,
SLCMP700-2039,2039,2040,317352793,2^317352793-1,STRUCTURAL_SCREEN_EXHAUSTED_PRIMALITY_UNASSIGNED,GF3A_DIRECTIONAL_WRITE_EXHAUSTED_PRIMALITY_UNASSIGNED,513,512,512,NO_RECORDED_FACTOR_PRP_OR_LL_RESULT_AND_NO_ACTIVE_GIMPS_ASSIGNMENT,2026-08-08T19:16:24+00:00,UNALLOCATED,,,,,
SLCMP700-2040,2040,2041,317352913,2^317352913-1,STRUCTURAL_SCREEN_EXHAUSTED_PRIMALITY_UNASSIGNED,GF3A_DIRECTIONAL_WRITE_EXHAUSTED_PRIMALITY_UNASSIGNED,513,512,512,NO_RECORDED_FACTOR_PRP_OR_LL_RESULT_AND_NO_ACTIVE_GIMPS_ASSIGNMENT,2026-08-08T19:16:24+00:00,UNALLOCATED,,,,,
SLCMP700-2041,2041,2042,317353021,2^317353021-1,STRUCTURAL_SCREEN_EXHAUSTED_PRIMALITY_UNASSIGNED,GF3A_DIRECTIONAL_WRITE_EXHAUSTED_PRIMALITY_UNASSIGNED,513,512,512,NO_RECORDED_FACTOR_PRP_OR_LL_RESULT_AND_NO_ACTIVE_GIMPS_ASSIGNMENT,2026-08-08T19:16:24+00:00,UNALLOCATED,,,,,
SLCMP700-2042,2042,2043,317353111,2^317353111-1,STRUCTURAL_SCREEN_EXHAUSTED_PRIMALITY_UNASSIGNED,GF3A_DIRECTIONAL_WRITE_EXHAUSTED_PRIMALITY_UNASSIGNED,514,512,512,NO_RECORDED_FACTOR_PRP_OR_LL_RESULT_AND_NO_ACTIVE_GIMPS_ASSIGNMENT,2026-08-08T19:16:24+00:00,UNALLOCATED,,,,,
SLCMP700-2043,2043,2044,317353121,2^317353121-1,STRUCTURAL_SCREEN_EXHAUSTED_PRIMALITY_UNASSIGNED,GF3A_DIRECTIONAL_WRITE_EXHAUSTED_PRIMALITY_UNASSIGNED,513,512,512,NO_RECORDED_FACTOR_PRP_OR_LL_RESULT_AND_NO_ACTIVE_GIMPS_ASSIGNMENT,2026-08-08T19:16:24+00:00,UNALLOCATED,,,,,
SLCMP700-2044,2044,2045,317353189,2^317353189-1,STRUCTURAL_SCREEN_EXHAUSTED_PRIMALITY_UNASSIGNED,GF3A_DIRECTIONAL_WRITE_EXHAUSTED_PRIMALITY_UNASSIGNED,513,512,512,NO_RECORDED_FACTOR_PRP_OR_LL_RESULT_AND_NO_ACTIVE_GIMPS_ASSIGNMENT,2026-08-08T19:16:24+00:00,UNALLOCATED,,,,,
SLCMP700-2045,2045,2046,317353261,2^317353261-1,STRUCTURAL_SCREEN_EXHAUSTED_PRIMALITY_UNASSIGNED,GF3A_DIRECTIONAL_WRITE_EXHAUSTED_PRIMALITY_UNASSIGNED,513,512,512,NO_RECORDED_FACTOR_PRP_OR_LL_RESULT_AND_NO_ACTIVE_GIMPS_ASSIGNMENT,2026-08-08T19:16:24+00:00,UNALLOCATED,,,,,
SLCMP700-2046,2046,2047,317353303,2^317353303-1,STRUCTURAL_SCREEN_EXHAUSTED_PRIMALITY_UNASSIGNED,GF3A_DIRECTIONAL_WRITE_EXHAUSTED_PRIMALITY_UNASSIGNED,514,512,512,NO_RECORDED_FACTOR_PRP_OR_LL_RESULT_AND_NO_ACTIVE_GIMPS_ASSIGNMENT,2026-08-08T19:16:24+00:00,UNALLOCATED,,,,,
SLCMP700-2047,2047,2048,317353369,2^317353369-1,STRUCTURAL_SCREEN_EXHAUSTED_PRIMALITY_UNASSIGNED,GF3A_DIRECTIONAL_WRITE_EXHAUSTED_PRIMALITY_UNASSIGNED,513,512,512,NO_RECORDED_FACTOR_PRP_OR_LL_RESULT_AND_NO_ACTIVE_GIMPS_ASSIGNMENT,2026-08-08T19:16:24+00:00,UNALLOCATED,,,,,
SLCMP700-2048,2048,2049,317353483,2^317353483-1,STRUCTURAL_SCREEN_EXHAUSTED_PRIMALITY_UNASSIGNED,GF3A_DIRECTIONAL_WRITE_EXHAUSTED_PRIMALITY_UNASSIGNED,514,512,512,NO_RECORDED_FACTOR_PRP_OR_LL_RESULT_AND_NO_ACTIVE_GIMPS_ASSIGNMENT,2026-08-08T19:16:24+00:00,UNALLOCATED,,,,,
SLCMP700-2049,2049,2050,317353511,2^317353511-1,STRUCTURAL_SCREEN_EXHAUSTED_PRIMALITY_UNASSIGNED,GF3A_DIRECTIONAL_WRITE_EXHAUSTED_PRIMALITY_UNASSIGNED,514,512,512,NO_RECORDED_FACTOR_PRP_OR_LL_RESULT_AND_NO_ACTIVE_GIMPS_ASSIGNMENT,2026-08-08T19:16:24+00:00,UNALLOCATED,,,,,
SLCMP700-2050,2050,2051,317353633,2^317353633-1,STRUCTURAL_SCREEN_EXHAUSTED_PRIMALITY_UNASSIGNED,GF3A_DIRECTIONAL_WRITE_EXHAUSTED_PRIMALITY_UNASSIGNED,513,512,512,NO_RECORDED_FACTOR_PRP_OR_LL_RESULT_AND_NO_ACTIVE_GIMPS_ASSIGNMENT,2026-08-08T19:16:24+00:00,UNALLOCATED,,,,,
SLCMP700-2051,2051,2052,317353651,2^317353651-1,STRUCTURAL_SCREEN_EXHAUSTED_PRIMALITY_UNASSIGNED,GF3A_DIRECTIONAL_WRITE_EXHAUSTED_PRIMALITY_UNASSIGNED,514,512,512,NO_RECORDED_FACTOR_PRP_OR_LL_RESULT_AND_NO_ACTIVE_GIMPS_ASSIGNMENT,2026-08-08T19:16:24+00:00,UNALLOCATED,,,,,
SLCMP700-2052,2052,2053,317353661,2^317353661-1,STRUCTURAL_SCREEN_EXHAUSTED_PRIMALITY_UNASSIGNED,GF3A_DIRECTIONAL_WRITE_EXHAUSTED_PRIMALITY_UNASSIGNED,513,512,512,NO_RECORDED_FACTOR_PRP_OR_LL_RESULT_AND_NO_ACTIVE_GIMPS_ASSIGNMENT,2026-08-08T19:16:24+00:00,UNALLOCATED,,,,,
SLCMP700-2053,2053,2054,317353697,2^317353697-1,STRUCTURAL_SCREEN_EXHAUSTED_PRIMALITY_UNASSIGNED,GF3A_DIRECTIONAL_WRITE_EXHAUSTED_PRIMALITY_UNASSIGNED,513,512,512,NO_RECORDED_FACTOR_PRP_OR_LL_RESULT_AND_NO_ACTIVE_GIMPS_ASSIGNMENT,2026-08-08T19:16:24+00:00,UNALLOCATED,,,,,
SLCMP700-2054,2054,2055,317353853,2^317353853-1,STRUCTURAL_SCREEN_EXHAUSTED_PRIMALITY_UNASSIGNED,GF3A_DIRECTIONAL_WRITE_EXHAUSTED_PRIMALITY_UNASSIGNED,513,512,512,NO_RECORDED_FACTOR_PRP_OR_LL_RESULT_AND_NO_ACTIVE_GIMPS_ASSIGNMENT,2026-08-08T19:16:24+00:00,UNALLOCATED,,,,,
SLCMP700-2055,2055,2056,317353859,2^317353859-1,STRUCTURAL_SCREEN_EXHAUSTED_PRIMALITY_UNASSIGNED,GF3A_DIRECTIONAL_WRITE_EXHAUSTED_PRIMALITY_UNASSIGNED,514,512,512,NO_RECORDED_FACTOR_PRP_OR_LL_RESULT_AND_NO_ACTIVE_GIMPS_ASSIGNMENT,2026-08-08T19:16:24+00:00,UNALLOCATED,,,,,
SLCMP700-2056,2056,2057,317353937,2^317353937-1,STRUCTURAL_SCREEN_EXHAUSTED_PRIMALITY_UNASSIGNED,GF3A_DIRECTIONAL_WRITE_EXHAUSTED_PRIMALITY_UNASSIGNED,513,512,512,NO_RECORDED_FACTOR_PRP_OR_LL_RESULT_AND_NO_ACTIVE_GIMPS_ASSIGNMENT,2026-08-08T19:16:24+00:00,UNALLOCATED,,,,,
SLCMP700-2057,2057,2058,317353973,2^317353973-1,STRUCTURAL_SCREEN_EXHAUSTED_PRIMALITY_UNASSIGNED,GF3A_DIRECTIONAL_WRITE_EXHAUSTED_PRIMALITY_UNASSIGNED,513,512,512,NO_RECORDED_FACTOR_PRP_OR_LL_RESULT_AND_NO_ACTIVE_GIMPS_ASSIGNMENT,2026-08-08T19:16:24+00:00,UNALLOCATED,,,,,
SLCMP700-2058,2058,2059,317354003,2^317354003-1,STRUCTURAL_SCREEN_EXHAUSTED_PRIMALITY_UNASSIGNED,GF3A_DIRECTIONAL_WRITE_EXHAUSTED_PRIMALITY_UNASSIGNED,514,512,512,NO_RECORDED_FACTOR_PRP_OR_LL_RESULT_AND_NO_ACTIVE_GIMPS_ASSIGNMENT,2026-08-08T19:16:24+00:00,UNALLOCATED,,,,,
SLCMP700-2059,2059,2060,317354033,2^317354033-1,STRUCTURAL_SCREEN_EXHAUSTED_PRIMALITY_UNASSIGNED,GF3A_DIRECTIONAL_WRITE_EXHAUSTED_PRIMALITY_UNASSIGNED,513,512,512,NO_RECORDED_FACTOR_PRP_OR_LL_RESULT_AND_NO_ACTIVE_GIMPS_ASSIGNMENT,2026-08-08T19:16:24+00:00,UNALLOCATED,,,,,
SLCMP700-2060,2060,2061,317354129,2^317354129-1,STRUCTURAL_SCREEN_EXHAUSTED_PRIMALITY_UNASSIGNED,GF3A_DIRECTIONAL_WRITE_EXHAUSTED_PRIMALITY_UNASSIGNED,513,512,512,NO_RECORDED_FACTOR_PRP_OR_LL_RESULT_AND_NO_ACTIVE_GIMPS_ASSIGNMENT,2026-08-08T19:16:24+00:00,UNALLOCATED,,,,,
SLCMP700-2061,2061,2062,317354171,2^317354171-1,STRUCTURAL_SCREEN_EXHAUSTED_PRIMALITY_UNASSIGNED,GF3A_DIRECTIONAL_WRITE_EXHAUSTED_PRIMALITY_UNASSIGNED,514,512,512,NO_RECORDED_FACTOR_PRP_OR_LL_RESULT_AND_NO_ACTIVE_GIMPS_ASSIGNMENT,2026-08-08T19:16:24+00:00,UNALLOCATED,,,,,
SLCMP700-2062,2062,2063,317354251,2^317354251-1,STRUCTURAL_SCREEN_EXHAUSTED_PRIMALITY_UNASSIGNED,GF3A_DIRECTIONAL_WRITE_EXHAUSTED_PRIMALITY_UNASSIGNED,514,512,512,NO_RECORDED_FACTOR_PRP_OR_LL_RESULT_AND_NO_ACTIVE_GIMPS_ASSIGNMENT,2026-08-08T19:16:24+00:00,UNALLOCATED,,,,,
SLCMP700-2063,2063,2064,317354327,2^317354327-1,STRUCTURAL_SCREEN_EXHAUSTED_PRIMALITY_UNASSIGNED,GF3A_DIRECTIONAL_WRITE_EXHAUSTED_PRIMALITY_UNASSIGNED,514,512,512,NO_RECORDED_FACTOR_PRP_OR_LL_RESULT_AND_NO_ACTIVE_GIMPS_ASSIGNMENT,2026-08-08T19:16:24+00:00,UNALLOCATED,,,,,
SLCMP700-2064,2064,2065,317354341,2^317354341-1,STRUCTURAL_SCREEN_EXHAUSTED_PRIMALITY_UNASSIGNED,GF3A_DIRECTIONAL_WRITE_EXHAUSTED_PRIMALITY_UNASSIGNED,513,512,512,NO_RECORDED_FACTOR_PRP_OR_LL_RESULT_AND_NO_ACTIVE_GIMPS_ASSIGNMENT,2026-08-08T19:16:24+00:00,UNALLOCATED,,,,,
SLCMP700-2065,2065,2066,317354357,2^317354357-1,STRUCTURAL_SCREEN_EXHAUSTED_PRIMALITY_UNASSIGNED,GF3A_DIRECTIONAL_WRITE_EXHAUSTED_PRIMALITY_UNASSIGNED,513,512,512,NO_RECORDED_FACTOR_PRP_OR_LL_RESULT_AND_NO_ACTIVE_GIMPS_ASSIGNMENT,2026-08-08T19:16:24+00:00,UNALLOCATED,,,,,
SLCMP700-2066,2066,2067,317354467,2^317354467-1,STRUCTURAL_SCREEN_EXHAUSTED_PRIMALITY_UNASSIGNED,GF3A_DIRECTIONAL_WRITE_EXHAUSTED_PRIMALITY_UNASSIGNED,514,512,512,NO_RECORDED_FACTOR_PRP_OR_LL_RESULT_AND_NO_ACTIVE_GIMPS_ASSIGNMENT,2026-08-08T19:16:24+00:00,UNALLOCATED,,,,,
SLCMP700-2067,2067,2068,317354539,2^317354539-1,STRUCTURAL_SCREEN_EXHAUSTED_PRIMALITY_UNASSIGNED,GF3A_DIRECTIONAL_WRITE_EXHAUSTED_PRIMALITY_UNASSIGNED,514,512,512,NO_RECORDED_FACTOR_PRP_OR_LL_RESULT_AND_NO_ACTIVE_GIMPS_ASSIGNMENT,2026-08-08T19:16:24+00:00,UNALLOCATED,,,,,
SLCMP700-2068,2068,2069,317354599,2^317354599-1,STRUCTURAL_SCREEN_EXHAUSTED_PRIMALITY_UNASSIGNED,GF3A_DIRECTIONAL_WRITE_EXHAUSTED_PRIMALITY_UNASSIGNED,514,512,512,NO_RECORDED_FACTOR_PRP_OR_LL_RESULT_AND_NO_ACTIVE_GIMPS_ASSIGNMENT,2026-08-08T19:16:24+00:00,UNALLOCATED,,,,,
SLCMP700-2069,2069,2070,317354707,2^317354707-1,STRUCTURAL_SCREEN_EXHAUSTED_PRIMALITY_UNASSIGNED,GF3A_DIRECTIONAL_WRITE_EXHAUSTED_PRIMALITY_UNASSIGNED,514,512,512,NO_RECORDED_FACTOR_PRP_OR_LL_RESULT_AND_NO_ACTIVE_GIMPS_ASSIGNMENT,2026-08-08T19:16:24+00:00,UNALLOCATED,,,,,
SLCMP700-2070,2070,2071,317354747,2^317354747-1,STRUCTURAL_SCREEN_EXHAUSTED_PRIMALITY_UNASSIGNED,GF3A_DIRECTIONAL_WRITE_EXHAUSTED_PRIMALITY_UNASSIGNED,514,512,512,NO_RECORDED_FACTOR_PRP_OR_LL_RESULT_AND_NO_ACTIVE_GIMPS_ASSIGNMENT,2026-08-08T19:16:24+00:00,UNALLOCATED,,,,,
SLCMP700-2071,2071,2072,317354887,2^317354887-1,STRUCTURAL_SCREEN_EXHAUSTED_PRIMALITY_UNASSIGNED,GF3A_DIRECTIONAL_WRITE_EXHAUSTED_PRIMALITY_UNASSIGNED,514,512,512,NO_RECORDED_FACTOR_PRP_OR_LL_RESULT_AND_NO_ACTIVE_GIMPS_ASSIGNMENT,2026-08-08T19:16:24+00:00,UNALLOCATED,,,,,
SLCMP700-2072,2072,2073,317354903,2^317354903-1,STRUCTURAL_SCREEN_EXHAUSTED_PRIMALITY_UNASSIGNED,GF3A_DIRECTIONAL_WRITE_EXHAUSTED_PRIMALITY_UNASSIGNED,514,512,512,NO_RECORDED_FACTOR_PRP_OR_LL_RESULT_AND_NO_ACTIVE_GIMPS_ASSIGNMENT,2026-08-08T19:16:24+00:00,UNALLOCATED,,,,,
SLCMP700-2073,2073,2074,317354909,2^317354909-1,STRUCTURAL_SCREEN_EXHAUSTED_PRIMALITY_UNASSIGNED,GF3A_DIRECTIONAL_WRITE_EXHAUSTED_PRIMALITY_UNASSIGNED,513,512,512,NO_RECORDED_FACTOR_PRP_OR_LL_RESULT_AND_NO_ACTIVE_GIMPS_ASSIGNMENT,2026-08-08T19:16:24+00:00,UNALLOCATED,,,,,
SLCMP700-2074,2074,2075,317354981,2^317354981-1,STRUCTURAL_SCREEN_EXHAUSTED_PRIMALITY_UNASSIGNED,GF3A_DIRECTIONAL_WRITE_EXHAUSTED_PRIMALITY_UNASSIGNED,513,512,512,NO_RECORDED_FACTOR_PRP_OR_LL_RESULT_AND_NO_ACTIVE_GIMPS_ASSIGNMENT,2026-08-08T19:16:24+00:00,UNALLOCATED,,,,,
SLCMP700-2075,2075,2076,317354993,2^317354993-1,STRUCTURAL_SCREEN_EXHAUSTED_PRIMALITY_UNASSIGNED,GF3A_DIRECTIONAL_WRITE_EXHAUSTED_PRIMALITY_UNASSIGNED,513,512,512,NO_RECORDED_FACTOR_PRP_OR_LL_RESULT_AND_NO_ACTIVE_GIMPS_ASSIGNMENT,2026-08-08T19:16:24+00:00,UNALLOCATED,,,,,
SLCMP700-2076,2076,2077,317355053,2^317355053-1,STRUCTURAL_SCREEN_EXHAUSTED_PRIMALITY_UNASSIGNED,GF3A_DIRECTIONAL_WRITE_EXHAUSTED_PRIMALITY_UNASSIGNED,513,512,512,NO_RECORDED_FACTOR_PRP_OR_LL_RESULT_AND_NO_ACTIVE_GIMPS_ASSIGNMENT,2026-08-08T19:16:24+00:00,UNALLOCATED,,,,,
SLCMP700-2077,2077,2078,317355067,2^317355067-1,STRUCTURAL_SCREEN_EXHAUSTED_PRIMALITY_UNASSIGNED,GF3A_DIRECTIONAL_WRITE_EXHAUSTED_PRIMALITY_UNASSIGNED,514,512,512,NO_RECORDED_FACTOR_PRP_OR_LL_RESULT_AND_NO_ACTIVE_GIMPS_ASSIGNMENT,2026-08-08T19:16:24+00:00,UNALLOCATED,,,,,
SLCMP700-2078,2078,2079,317355097,2^317355097-1,STRUCTURAL_SCREEN_EXHAUSTED_PRIMALITY_UNASSIGNED,GF3A_DIRECTIONAL_WRITE_EXHAUSTED_PRIMALITY_UNASSIGNED,513,512,512,NO_RECORDED_FACTOR_PRP_OR_LL_RESULT_AND_NO_ACTIVE_GIMPS_ASSIGNMENT,2026-08-08T19:16:24+00:00,UNALLOCATED,,,,,
SLCMP700-2079,2079,2080,317355109,2^317355109-1,STRUCTURAL_SCREEN_EXHAUSTED_PRIMALITY_UNASSIGNED,GF3A_DIRECTIONAL_WRITE_EXHAUSTED_PRIMALITY_UNASSIGNED,513,512,512,NO_RECORDED_FACTOR_PRP_OR_LL_RESULT_AND_NO_ACTIVE_GIMPS_ASSIGNMENT,2026-08-08T19:16:24+00:00,UNALLOCATED,,,,,
SLCMP700-2080,2080,2081,317355239,2^317355239-1,STRUCTURAL_SCREEN_EXHAUSTED_PRIMALITY_UNASSIGNED,GF3A_DIRECTIONAL_WRITE_EXHAUSTED_PRIMALITY_UNASSIGNED,514,512,512,NO_RECORDED_FACTOR_PRP_OR_LL_RESULT_AND_NO_ACTIVE_GIMPS_ASSIGNMENT,2026-08-08T19:16:24+00:00,UNALLOCATED,,,,,
SLCMP700-2081,2081,2082,317355359,2^317355359-1,STRUCTURAL_SCREEN_EXHAUSTED_PRIMALITY_UNASSIGNED,GF3A_DIRECTIONAL_WRITE_EXHAUSTED_PRIMALITY_UNASSIGNED,514,512,512,NO_RECORDED_FACTOR_PRP_OR_LL_RESULT_AND_NO_ACTIVE_GIMPS_ASSIGNMENT,2026-08-08T19:16:24+00:00,UNALLOCATED,,,,,
SLCMP700-2082,2082,2083,317355391,2^317355391-1,STRUCTURAL_SCREEN_EXHAUSTED_PRIMALITY_UNASSIGNED,GF3A_DIRECTIONAL_WRITE_EXHAUSTED_PRIMALITY_UNASSIGNED,514,512,512,NO_RECORDED_FACTOR_PRP_OR_LL_RESULT_AND_NO_ACTIVE_GIMPS_ASSIGNMENT,2026-08-08T19:16:24+00:00,UNALLOCATED,,,,,
SLCMP700-2083,2083,2084,317355419,2^317355419-1,STRUCTURAL_SCREEN_EXHAUSTED_PRIMALITY_UNASSIGNED,GF3A_DIRECTIONAL_WRITE_EXHAUSTED_PRIMALITY_UNASSIGNED,514,512,512,NO_RECORDED_FACTOR_PRP_OR_LL_RESULT_AND_NO_ACTIVE_GIMPS_ASSIGNMENT,2026-08-08T19:16:24+00:00,UNALLOCATED,,,,,
SLCMP700-2084,2084,2085,317355503,2^317355503-1,STRUCTURAL_SCREEN_EXHAUSTED_PRIMALITY_UNASSIGNED,GF3A_DIRECTIONAL_WRITE_EXHAUSTED_PRIMALITY_UNASSIGNED,514,512,512,NO_RECORDED_FACTOR_PRP_OR_LL_RESULT_AND_NO_ACTIVE_GIMPS_ASSIGNMENT,2026-08-08T19:16:24+00:00,UNALLOCATED,,,,,
SLCMP700-2085,2085,2086,317355509,2^317355509-1,STRUCTURAL_SCREEN_EXHAUSTED_PRIMALITY_UNASSIGNED,GF3A_DIRECTIONAL_WRITE_EXHAUSTED_PRIMALITY_UNASSIGNED,513,512,512,NO_RECORDED_FACTOR_PRP_OR_LL_RESULT_AND_NO_ACTIVE_GIMPS_ASSIGNMENT,2026-08-08T19:16:24+00:00,UNALLOCATED,,,,,
SLCMP700-2086,2086,2087,317355527,2^317355527-1,STRUCTURAL_SCREEN_EXHAUSTED_PRIMALITY_UNASSIGNED,GF3A_DIRECTIONAL_WRITE_EXHAUSTED_PRIMALITY_UNASSIGNED,514,512,512,NO_RECORDED_FACTOR_PRP_OR_LL_RESULT_AND_NO_ACTIVE_GIMPS_ASSIGNMENT,2026-08-08T19:16:24+00:00,UNALLOCATED,,,,,
SLCMP700-2087,2087,2088,317355589,2^317355589-1,STRUCTURAL_SCREEN_EXHAUSTED_PRIMALITY_UNASSIGNED,GF3A_DIRECTIONAL_WRITE_EXHAUSTED_PRIMALITY_UNASSIGNED,513,512,512,NO_RECORDED_FACTOR_PRP_OR_LL_RESULT_AND_NO_ACTIVE_GIMPS_ASSIGNMENT,2026-08-08T19:16:24+00:00,UNALLOCATED,,,,,
SLCMP700-2088,2088,2089,317355637,2^317355637-1,STRUCTURAL_SCREEN_EXHAUSTED_PRIMALITY_UNASSIGNED,GF3A_DIRECTIONAL_WRITE_EXHAUSTED_PRIMALITY_UNASSIGNED,513,512,512,NO_RECORDED_FACTOR_PRP_OR_LL_RESULT_AND_NO_ACTIVE_GIMPS_ASSIGNMENT,2026-08-08T19:16:24+00:00,UNALLOCATED,,,,,
SLCMP700-2089,2089,2090,317355653,2^317355653-1,STRUCTURAL_SCREEN_EXHAUSTED_PRIMALITY_UNASSIGNED,GF3A_DIRECTIONAL_WRITE_EXHAUSTED_PRIMALITY_UNASSIGNED,513,512,512,NO_RECORDED_FACTOR_PRP_OR_LL_RESULT_AND_NO_ACTIVE_GIMPS_ASSIGNMENT,2026-08-08T19:16:24+00:00,UNALLOCATED,,,,,
SLCMP700-2090,2090,2091,317355743,2^317355743-1,STRUCTURAL_SCREEN_EXHAUSTED_PRIMALITY_UNASSIGNED,GF3A_DIRECTIONAL_WRITE_EXHAUSTED_PRIMALITY_UNASSIGNED,514,512,512,NO_RECORDED_FACTOR_PRP_OR_LL_RESULT_AND_NO_ACTIVE_GIMPS_ASSIGNMENT,2026-08-08T19:16:24+00:00,UNALLOCATED,,,,,
SLCMP700-2091,2091,2092,317355809,2^317355809-1,STRUCTURAL_SCREEN_EXHAUSTED_PRIMALITY_UNASSIGNED,GF3A_DIRECTIONAL_WRITE_EXHAUSTED_PRIMALITY_UNASSIGNED,513,512,512,NO_RECORDED_FACTOR_PRP_OR_LL_RESULT_AND_NO_ACTIVE_GIMPS_ASSIGNMENT,2026-08-08T19:16:24+00:00,UNALLOCATED,,,,,
SLCMP700-2092,2092,2093,317355823,2^317355823-1,STRUCTURAL_SCREEN_EXHAUSTED_PRIMALITY_UNASSIGNED,GF3A_DIRECTIONAL_WRITE_EXHAUSTED_PRIMALITY_UNASSIGNED,514,512,512,NO_RECORDED_FACTOR_PRP_OR_LL_RESULT_AND_NO_ACTIVE_GIMPS_ASSIGNMENT,2026-08-08T19:16:24+00:00,UNALLOCATED,,,,,
SLCMP700-2093,2093,2094,317355839,2^317355839-1,STRUCTURAL_SCREEN_EXHAUSTED_PRIMALITY_UNASSIGNED,GF3A_DIRECTIONAL_WRITE_EXHAUSTED_PRIMALITY_UNASSIGNED,514,512,512,NO_RECORDED_FACTOR_PRP_OR_LL_RESULT_AND_NO_ACTIVE_GIMPS_ASSIGNMENT,2026-08-08T19:16:24+00:00,UNALLOCATED,,,,,
SLCMP700-2094,2094,2095,317355937,2^317355937-1,STRUCTURAL_SCREEN_EXHAUSTED_PRIMALITY_UNASSIGNED,GF3A_DIRECTIONAL_WRITE_EXHAUSTED_PRIMALITY_UNASSIGNED,513,512,512,NO_RECORDED_FACTOR_PRP_OR_LL_RESULT_AND_NO_ACTIVE_GIMPS_ASSIGNMENT,2026-08-08T19:16:24+00:00,UNALLOCATED,,,,,
SLCMP700-2095,2095,2096,317356003,2^317356003-1,STRUCTURAL_SCREEN_EXHAUSTED_PRIMALITY_UNASSIGNED,GF3A_DIRECTIONAL_WRITE_EXHAUSTED_PRIMALITY_UNASSIGNED,514,512,512,NO_RECORDED_FACTOR_PRP_OR_LL_RESULT_AND_NO_ACTIVE_GIMPS_ASSIGNMENT,2026-08-08T19:16:24+00:00,UNALLOCATED,,,,,
SLCMP700-2096,2096,2097,317356073,2^317356073-1,STRUCTURAL_SCREEN_EXHAUSTED_PRIMALITY_UNASSIGNED,GF3A_DIRECTIONAL_WRITE_EXHAUSTED_PRIMALITY_UNASSIGNED,513,512,512,NO_RECORDED_FACTOR_PRP_OR_LL_RESULT_AND_NO_ACTIVE_GIMPS_ASSIGNMENT,2026-08-08T19:16:24+00:00,UNALLOCATED,,,,,
SLCMP700-2097,2097,2098,317356147,2^317356147-1,STRUCTURAL_SCREEN_EXHAUSTED_PRIMALITY_UNASSIGNED,GF3A_DIRECTIONAL_WRITE_EXHAUSTED_PRIMALITY_UNASSIGNED,514,512,512,NO_RECORDED_FACTOR_PRP_OR_LL_RESULT_AND_NO_ACTIVE_GIMPS_ASSIGNMENT,2026-08-08T19:16:24+00:00,UNALLOCATED,,,,,
SLCMP700-2098,2098,2099,317356283,2^317356283-1,STRUCTURAL_SCREEN_EXHAUSTED_PRIMALITY_UNASSIGNED,GF3A_DIRECTIONAL_WRITE_EXHAUSTED_PRIMALITY_UNASSIGNED,514,512,512,NO_RECORDED_FACTOR_PRP_OR_LL_RESULT_AND_NO_ACTIVE_GIMPS_ASSIGNMENT,2026-08-08T19:16:24+00:00,UNALLOCATED,,,,,
SLCMP700-2099,2099,2100,317356327,2^317356327-1,STRUCTURAL_SCREEN_EXHAUSTED_PRIMALITY_UNASSIGNED,GF3A_DIRECTIONAL_WRITE_EXHAUSTED_PRIMALITY_UNASSIGNED,514,512,512,NO_RECORDED_FACTOR_PRP_OR_LL_RESULT_AND_NO_ACTIVE_GIMPS_ASSIGNMENT,2026-08-08T19:16:24+00:00,UNALLOCATED,,,,,
SLCMP700-2100,2100,2101,317356379,2^317356379-1,STRUCTURAL_SCREEN_EXHAUSTED_PRIMALITY_UNASSIGNED,GF3A_DIRECTIONAL_WRITE_EXHAUSTED_PRIMALITY_UNASSIGNED,514,512,512,NO_RECORDED_FACTOR_PRP_OR_LL_RESULT_AND_NO_ACTIVE_GIMPS_ASSIGNMENT,2026-08-08T19:16:24+00:00,UNALLOCATED,,,,,
SLCMP700-2101,2101,2102,317356423,2^317356423-1,STRUCTURAL_SCREEN_EXHAUSTED_PRIMALITY_UNASSIGNED,GF3A_DIRECTIONAL_WRITE_EXHAUSTED_PRIMALITY_UNASSIGNED,514,512,512,NO_RECORDED_FACTOR_PRP_OR_LL_RESULT_AND_NO_ACTIVE_GIMPS_ASSIGNMENT,2026-08-08T19:16:24+00:00,UNALLOCATED,,,,,
SLCMP700-2102,2102,2103,317356537,2^317356537-1,STRUCTURAL_SCREEN_EXHAUSTED_PRIMALITY_UNASSIGNED,GF3A_DIRECTIONAL_WRITE_EXHAUSTED_PRIMALITY_UNASSIGNED,513,512,512,NO_RECORDED_FACTOR_PRP_OR_LL_RESULT_AND_NO_ACTIVE_GIMPS_ASSIGNMENT,2026-08-08T19:16:24+00:00,UNALLOCATED,,,,,
SLCMP700-2103,2103,2104,317356573,2^317356573-1,STRUCTURAL_SCREEN_EXHAUSTED_PRIMALITY_UNASSIGNED,GF3A_DIRECTIONAL_WRITE_EXHAUSTED_PRIMALITY_UNASSIGNED,513,512,512,NO_RECORDED_FACTOR_PRP_OR_LL_RESULT_AND_NO_ACTIVE_GIMPS_ASSIGNMENT,2026-08-08T19:16:24+00:00,UNALLOCATED,,,,,
SLCMP700-2104,2104,2105,317356603,2^317356603-1,STRUCTURAL_SCREEN_EXHAUSTED_PRIMALITY_UNASSIGNED,GF3A_DIRECTIONAL_WRITE_EXHAUSTED_PRIMALITY_UNASSIGNED,514,512,512,NO_RECORDED_FACTOR_PRP_OR_LL_RESULT_AND_NO_ACTIVE_GIMPS_ASSIGNMENT,2026-08-08T19:16:24+00:00,UNALLOCATED,,,,,
SLCMP700-2105,2105,2106,317356679,2^317356679-1,STRUCTURAL_SCREEN_EXHAUSTED_PRIMALITY_UNASSIGNED,GF3A_DIRECTIONAL_WRITE_EXHAUSTED_PRIMALITY_UNASSIGNED,514,512,512,NO_RECORDED_FACTOR_PRP_OR_LL_RESULT_AND_NO_ACTIVE_GIMPS_ASSIGNMENT,2026-08-08T19:16:24+00:00,UNALLOCATED,,,,,
SLCMP700-2106,2106,2107,317356747,2^317356747-1,STRUCTURAL_SCREEN_EXHAUSTED_PRIMALITY_UNASSIGNED,GF3A_DIRECTIONAL_WRITE_EXHAUSTED_PRIMALITY_UNASSIGNED,514,512,512,NO_RECORDED_FACTOR_PRP_OR_LL_RESULT_AND_NO_ACTIVE_GIMPS_ASSIGNMENT,2026-08-08T19:16:24+00:00,UNALLOCATED,,,,,
SLCMP700-2107,2107,2108,317356751,2^317356751-1,STRUCTURAL_SCREEN_EXHAUSTED_PRIMALITY_UNASSIGNED,GF3A_DIRECTIONAL_WRITE_EXHAUSTED_PRIMALITY_UNASSIGNED,514,512,512,NO_RECORDED_FACTOR_PRP_OR_LL_RESULT_AND_NO_ACTIVE_GIMPS_ASSIGNMENT,2026-08-08T19:16:24+00:00,UNALLOCATED,,,,,
SLCMP700-2108,2108,2109,317356759,2^317356759-1,STRUCTURAL_SCREEN_EXHAUSTED_PRIMALITY_UNASSIGNED,GF3A_DIRECTIONAL_WRITE_EXHAUSTED_PRIMALITY_UNASSIGNED,514,512,512,NO_RECORDED_FACTOR_PRP_OR_LL_RESULT_AND_NO_ACTIVE_GIMPS_ASSIGNMENT,2026-08-08T19:16:24+00:00,UNALLOCATED,,,,,
SLCMP700-2109,2109,2110,317356777,2^317356777-1,STRUCTURAL_SCREEN_EXHAUSTED_PRIMALITY_UNASSIGNED,GF3A_DIRECTIONAL_WRITE_EXHAUSTED_PRIMALITY_UNASSIGNED,513,512,512,NO_RECORDED_FACTOR_PRP_OR_LL_RESULT_AND_NO_ACTIVE_GIMPS_ASSIGNMENT,2026-08-08T19:16:24+00:00,UNALLOCATED,,,,,
SLCMP700-2110,2110,2111,317356859,2^317356859-1,STRUCTURAL_SCREEN_EXHAUSTED_PRIMALITY_UNASSIGNED,GF3A_DIRECTIONAL_WRITE_EXHAUSTED_PRIMALITY_UNASSIGNED,514,512,512,NO_RECORDED_FACTOR_PRP_OR_LL_RESULT_AND_NO_ACTIVE_GIMPS_ASSIGNMENT,2026-08-08T19:16:24+00:00,UNALLOCATED,,,,,
SLCMP700-2111,2111,2112,317356993,2^317356993-1,STRUCTURAL_SCREEN_EXHAUSTED_PRIMALITY_UNASSIGNED,GF3A_DIRECTIONAL_WRITE_EXHAUSTED_PRIMALITY_UNASSIGNED,513,512,512,NO_RECORDED_FACTOR_PRP_OR_LL_RESULT_AND_NO_ACTIVE_GIMPS_ASSIGNMENT,2026-08-08T19:16:24+00:00,UNALLOCATED,,,,,
SLCMP700-2112,2112,2113,317357083,2^317357083-1,STRUCTURAL_SCREEN_EXHAUSTED_PRIMALITY_UNASSIGNED,GF3A_DIRECTIONAL_WRITE_EXHAUSTED_PRIMALITY_UNASSIGNED,514,512,512,NO_RECORDED_FACTOR_PRP_OR_LL_RESULT_AND_NO_ACTIVE_GIMPS_ASSIGNMENT,2026-08-08T19:16:24+00:00,UNALLOCATED,,,,,
SLCMP700-2113,2113,2114,317357093,2^317357093-1,STRUCTURAL_SCREEN_EXHAUSTED_PRIMALITY_UNASSIGNED,GF3A_DIRECTIONAL_WRITE_EXHAUSTED_PRIMALITY_UNASSIGNED,513,512,512,NO_RECORDED_FACTOR_PRP_OR_LL_RESULT_AND_NO_ACTIVE_GIMPS_ASSIGNMENT,2026-08-08T19:16:24+00:00,UNALLOCATED,,,,,
SLCMP700-2114,2114,2115,317357099,2^317357099-1,STRUCTURAL_SCREEN_EXHAUSTED_PRIMALITY_UNASSIGNED,GF3A_DIRECTIONAL_WRITE_EXHAUSTED_PRIMALITY_UNASSIGNED,514,512,512,NO_RECORDED_FACTOR_PRP_OR_LL_RESULT_AND_NO_ACTIVE_GIMPS_ASSIGNMENT,2026-08-08T19:16:24+00:00,UNALLOCATED,,,,,
SLCMP700-2115,2115,2116,317357101,2^317357101-1,STRUCTURAL_SCREEN_EXHAUSTED_PRIMALITY_UNASSIGNED,GF3A_DIRECTIONAL_WRITE_EXHAUSTED_PRIMALITY_UNASSIGNED,513,512,512,NO_RECORDED_FACTOR_PRP_OR_LL_RESULT_AND_NO_ACTIVE_GIMPS_ASSIGNMENT,2026-08-08T19:16:24+00:00,UNALLOCATED,,,,,
SLCMP700-2116,2116,2117,317357143,2^317357143-1,STRUCTURAL_SCREEN_EXHAUSTED_PRIMALITY_UNASSIGNED,GF3A_DIRECTIONAL_WRITE_EXHAUSTED_PRIMALITY_UNASSIGNED,514,512,512,NO_RECORDED_FACTOR_PRP_OR_LL_RESULT_AND_NO_ACTIVE_GIMPS_ASSIGNMENT,2026-08-08T19:16:24+00:00,UNALLOCATED,,,,,
SLCMP700-2117,2117,2118,317357189,2^317357189-1,STRUCTURAL_SCREEN_EXHAUSTED_PRIMALITY_UNASSIGNED,GF3A_DIRECTIONAL_WRITE_EXHAUSTED_PRIMALITY_UNASSIGNED,513,512,512,NO_RECORDED_FACTOR_PRP_OR_LL_RESULT_AND_NO_ACTIVE_GIMPS_ASSIGNMENT,2026-08-08T19:16:24+00:00,UNALLOCATED,,,,,
SLCMP700-2118,2118,2119,317357231,2^317357231-1,STRUCTURAL_SCREEN_EXHAUSTED_PRIMALITY_UNASSIGNED,GF3A_DIRECTIONAL_WRITE_EXHAUSTED_PRIMALITY_UNASSIGNED,514,512,512,NO_RECORDED_FACTOR_PRP_OR_LL_RESULT_AND_NO_ACTIVE_GIMPS_ASSIGNMENT,2026-08-08T19:16:24+00:00,UNALLOCATED,,,,,
SLCMP700-2119,2119,2120,317357233,2^317357233-1,STRUCTURAL_SCREEN_EXHAUSTED_PRIMALITY_UNASSIGNED,GF3A_DIRECTIONAL_WRITE_EXHAUSTED_PRIMALITY_UNASSIGNED,513,512,512,NO_RECORDED_FACTOR_PRP_OR_LL_RESULT_AND_NO_ACTIVE_GIMPS_ASSIGNMENT,2026-08-08T19:16:24+00:00,UNALLOCATED,,,,,
SLCMP700-2120,2120,2121,317357239,2^317357239-1,STRUCTURAL_SCREEN_EXHAUSTED_PRIMALITY_UNASSIGNED,GF3A_DIRECTIONAL_WRITE_EXHAUSTED_PRIMALITY_UNASSIGNED,514,512,512,NO_RECORDED_FACTOR_PRP_OR_LL_RESULT_AND_NO_ACTIVE_GIMPS_ASSIGNMENT,2026-08-08T19:16:24+00:00,UNALLOCATED,,,,,
SLCMP700-2121,2121,2122,317357263,2^317357263-1,STRUCTURAL_SCREEN_EXHAUSTED_PRIMALITY_UNASSIGNED,GF3A_DIRECTIONAL_WRITE_EXHAUSTED_PRIMALITY_UNASSIGNED,514,512,512,NO_RECORDED_FACTOR_PRP_OR_LL_RESULT_AND_NO_ACTIVE_GIMPS_ASSIGNMENT,2026-08-08T19:16:24+00:00,UNALLOCATED,,,,,
SLCMP700-2122,2122,2123,317357279,2^317357279-1,STRUCTURAL_SCREEN_EXHAUSTED_PRIMALITY_UNASSIGNED,GF3A_DIRECTIONAL_WRITE_EXHAUSTED_PRIMALITY_UNASSIGNED,514,512,512,NO_RECORDED_FACTOR_PRP_OR_LL_RESULT_AND_NO_ACTIVE_GIMPS_ASSIGNMENT,2026-08-08T19:16:24+00:00,UNALLOCATED,,,,,
SLCMP700-2123,2123,2124,317357297,2^317357297-1,STRUCTURAL_SCREEN_EXHAUSTED_PRIMALITY_UNASSIGNED,GF3A_DIRECTIONAL_WRITE_EXHAUSTED_PRIMALITY_UNASSIGNED,513,512,512,NO_RECORDED_FACTOR_PRP_OR_LL_RESULT_AND_NO_ACTIVE_GIMPS_ASSIGNMENT,2026-08-08T19:16:24+00:00,UNALLOCATED,,,,,
SLCMP700-2124,2124,2125,317357333,2^317357333-1,STRUCTURAL_SCREEN_EXHAUSTED_PRIMALITY_UNASSIGNED,GF3A_DIRECTIONAL_WRITE_EXHAUSTED_PRIMALITY_UNASSIGNED,513,512,512,NO_RECORDED_FACTOR_PRP_OR_LL_RESULT_AND_NO_ACTIVE_GIMPS_ASSIGNMENT,2026-08-08T19:16:24+00:00,UNALLOCATED,,,,,
SLCMP700-2125,2125,2126,317357363,2^317357363-1,STRUCTURAL_SCREEN_EXHAUSTED_PRIMALITY_UNASSIGNED,GF3A_DIRECTIONAL_WRITE_EXHAUSTED_PRIMALITY_UNASSIGNED,514,512,512,NO_RECORDED_FACTOR_PRP_OR_LL_RESULT_AND_NO_ACTIVE_GIMPS_ASSIGNMENT,2026-08-08T19:16:24+00:00,UNALLOCATED,,,,,
SLCMP700-2126,2126,2127,317357371,2^317357371-1,STRUCTURAL_SCREEN_EXHAUSTED_PRIMALITY_UNASSIGNED,GF3A_DIRECTIONAL_WRITE_EXHAUSTED_PRIMALITY_UNASSIGNED,514,512,512,NO_RECORDED_FACTOR_PRP_OR_LL_RESULT_AND_NO_ACTIVE_GIMPS_ASSIGNMENT,2026-08-08T19:16:24+00:00,UNALLOCATED,,,,,
SLCMP700-2127,2127,2128,317357413,2^317357413-1,STRUCTURAL_SCREEN_EXHAUSTED_PRIMALITY_UNASSIGNED,GF3A_DIRECTIONAL_WRITE_EXHAUSTED_PRIMALITY_UNASSIGNED,513,512,512,NO_RECORDED_FACTOR_PRP_OR_LL_RESULT_AND_NO_ACTIVE_GIMPS_ASSIGNMENT,2026-08-08T19:16:24+00:00,UNALLOCATED,,,,,
SLCMP700-2128,2128,2129,317357431,2^317357431-1,STRUCTURAL_SCREEN_EXHAUSTED_PRIMALITY_UNASSIGNED,GF3A_DIRECTIONAL_WRITE_EXHAUSTED_PRIMALITY_UNASSIGNED,514,512,512,NO_RECORDED_FACTOR_PRP_OR_LL_RESULT_AND_NO_ACTIVE_GIMPS_ASSIGNMENT,2026-08-08T19:16:24+00:00,UNALLOCATED,,,,,
SLCMP700-2129,2129,2130,317357459,2^317357459-1,STRUCTURAL_SCREEN_EXHAUSTED_PRIMALITY_UNASSIGNED,GF3A_DIRECTIONAL_WRITE_EXHAUSTED_PRIMALITY_UNASSIGNED,514,512,512,NO_RECORDED_FACTOR_PRP_OR_LL_RESULT_AND_NO_ACTIVE_GIMPS_ASSIGNMENT,2026-08-08T19:16:24+00:00,UNALLOCATED,,,,,
SLCMP700-2130,2130,2131,317357477,2^317357477-1,STRUCTURAL_SCREEN_EXHAUSTED_PRIMALITY_UNASSIGNED,GF3A_DIRECTIONAL_WRITE_EXHAUSTED_PRIMALITY_UNASSIGNED,513,512,512,NO_RECORDED_FACTOR_PRP_OR_LL_RESULT_AND_NO_ACTIVE_GIMPS_ASSIGNMENT,2026-08-08T19:16:24+00:00,UNALLOCATED,,,,,
SLCMP700-2131,2131,2132,317357483,2^317357483-1,STRUCTURAL_SCREEN_EXHAUSTED_PRIMALITY_UNASSIGNED,GF3A_DIRECTIONAL_WRITE_EXHAUSTED_PRIMALITY_UNASSIGNED,514,512,512,NO_RECORDED_FACTOR_PRP_OR_LL_RESULT_AND_NO_ACTIVE_GIMPS_ASSIGNMENT,2026-08-08T19:16:24+00:00,UNALLOCATED,,,,,
SLCMP700-2132,2132,2133,317357539,2^317357539-1,STRUCTURAL_SCREEN_EXHAUSTED_PRIMALITY_UNASSIGNED,GF3A_DIRECTIONAL_WRITE_EXHAUSTED_PRIMALITY_UNASSIGNED,514,512,512,NO_RECORDED_FACTOR_PRP_OR_LL_RESULT_AND_NO_ACTIVE_GIMPS_ASSIGNMENT,2026-08-08T19:16:24+00:00,UNALLOCATED,,,,,
SLCMP700-2133,2133,2134,317357549,2^317357549-1,STRUCTURAL_SCREEN_EXHAUSTED_PRIMALITY_UNASSIGNED,GF3A_DIRECTIONAL_WRITE_EXHAUSTED_PRIMALITY_UNASSIGNED,513,512,512,NO_RECORDED_FACTOR_PRP_OR_LL_RESULT_AND_NO_ACTIVE_GIMPS_ASSIGNMENT,2026-08-08T19:16:24+00:00,UNALLOCATED,,,,,
SLCMP700-2134,2134,2135,317357561,2^317357561-1,STRUCTURAL_SCREEN_EXHAUSTED_PRIMALITY_UNASSIGNED,GF3A_DIRECTIONAL_WRITE_EXHAUSTED_PRIMALITY_UNASSIGNED,513,512,512,NO_RECORDED_FACTOR_PRP_OR_LL_RESULT_AND_NO_ACTIVE_GIMPS_ASSIGNMENT,2026-08-08T19:16:24+00:00,UNALLOCATED,,,,,
SLCMP700-2135,2135,2136,317357591,2^317357591-1,STRUCTURAL_SCREEN_EXHAUSTED_PRIMALITY_UNASSIGNED,GF3A_DIRECTIONAL_WRITE_EXHAUSTED_PRIMALITY_UNASSIGNED,514,512,512,NO_RECORDED_FACTOR_PRP_OR_LL_RESULT_AND_NO_ACTIVE_GIMPS_ASSIGNMENT,2026-08-08T19:16:24+00:00,UNALLOCATED,,,,,
SLCMP700-2136,2136,2137,317357609,2^317357609-1,STRUCTURAL_SCREEN_EXHAUSTED_PRIMALITY_UNASSIGNED,GF3A_DIRECTIONAL_WRITE_EXHAUSTED_PRIMALITY_UNASSIGNED,513,512,512,NO_RECORDED_FACTOR_PRP_OR_LL_RESULT_AND_NO_ACTIVE_GIMPS_ASSIGNMENT,2026-08-08T19:16:24+00:00,UNALLOCATED,,,,,
SLCMP700-2137,2137,2138,317357639,2^317357639-1,STRUCTURAL_SCREEN_EXHAUSTED_PRIMALITY_UNASSIGNED,GF3A_DIRECTIONAL_WRITE_EXHAUSTED_PRIMALITY_UNASSIGNED,514,512,512,NO_RECORDED_FACTOR_PRP_OR_LL_RESULT_AND_NO_ACTIVE_GIMPS_ASSIGNMENT,2026-08-08T19:16:24+00:00,UNALLOCATED,,,,,
SLCMP700-2138,2138,2139,317357707,2^317357707-1,STRUCTURAL_SCREEN_EXHAUSTED_PRIMALITY_UNASSIGNED,GF3A_DIRECTIONAL_WRITE_EXHAUSTED_PRIMALITY_UNASSIGNED,514,512,512,NO_RECORDED_FACTOR_PRP_OR_LL_RESULT_AND_NO_ACTIVE_GIMPS_ASSIGNMENT,2026-08-08T19:16:24+00:00,UNALLOCATED,,,,,
SLCMP700-2139,2139,2140,317357783,2^317357783-1,STRUCTURAL_SCREEN_EXHAUSTED_PRIMALITY_UNASSIGNED,GF3A_DIRECTIONAL_WRITE_EXHAUSTED_PRIMALITY_UNASSIGNED,514,512,512,NO_RECORDED_FACTOR_PRP_OR_LL_RESULT_AND_NO_ACTIVE_GIMPS_ASSIGNMENT,2026-08-08T19:16:24+00:00,UNALLOCATED,,,,,
SLCMP700-2140,2140,2141,317357939,2^317357939-1,STRUCTURAL_SCREEN_EXHAUSTED_PRIMALITY_UNASSIGNED,GF3A_DIRECTIONAL_WRITE_EXHAUSTED_PRIMALITY_UNASSIGNED,514,512,512,NO_RECORDED_FACTOR_PRP_OR_LL_RESULT_AND_NO_ACTIVE_GIMPS_ASSIGNMENT,2026-08-08T19:16:24+00:00,UNALLOCATED,,,,,
SLCMP700-2141,2141,2142,317357941,2^317357941-1,STRUCTURAL_SCREEN_EXHAUSTED_PRIMALITY_UNASSIGNED,GF3A_DIRECTIONAL_WRITE_EXHAUSTED_PRIMALITY_UNASSIGNED,513,512,512,NO_RECORDED_FACTOR_PRP_OR_LL_RESULT_AND_NO_ACTIVE_GIMPS_ASSIGNMENT,2026-08-08T19:16:24+00:00,UNALLOCATED,,,,,
SLCMP700-2142,2142,2143,317358113,2^317358113-1,STRUCTURAL_SCREEN_EXHAUSTED_PRIMALITY_UNASSIGNED,GF3A_DIRECTIONAL_WRITE_EXHAUSTED_PRIMALITY_UNASSIGNED,513,512,512,NO_RECORDED_FACTOR_PRP_OR_LL_RESULT_AND_NO_ACTIVE_GIMPS_ASSIGNMENT,2026-08-08T19:16:24+00:00,UNALLOCATED,,,,,
SLCMP700-2143,2143,2144,317358133,2^317358133-1,STRUCTURAL_SCREEN_EXHAUSTED_PRIMALITY_UNASSIGNED,GF3A_DIRECTIONAL_WRITE_EXHAUSTED_PRIMALITY_UNASSIGNED,513,512,512,NO_RECORDED_FACTOR_PRP_OR_LL_RESULT_AND_NO_ACTIVE_GIMPS_ASSIGNMENT,2026-08-08T19:16:24+00:00,UNALLOCATED,,,,,
SLCMP700-2144,2144,2145,317358149,2^317358149-1,STRUCTURAL_SCREEN_EXHAUSTED_PRIMALITY_UNASSIGNED,GF3A_DIRECTIONAL_WRITE_EXHAUSTED_PRIMALITY_UNASSIGNED,513,512,512,NO_RECORDED_FACTOR_PRP_OR_LL_RESULT_AND_NO_ACTIVE_GIMPS_ASSIGNMENT,2026-08-08T19:16:24+00:00,UNALLOCATED,,,,,
SLCMP700-2145,2145,2146,317358221,2^317358221-1,STRUCTURAL_SCREEN_EXHAUSTED_PRIMALITY_UNASSIGNED,GF3A_DIRECTIONAL_WRITE_EXHAUSTED_PRIMALITY_UNASSIGNED,513,512,512,NO_RECORDED_FACTOR_PRP_OR_LL_RESULT_AND_NO_ACTIVE_GIMPS_ASSIGNMENT,2026-08-08T19:16:24+00:00,UNALLOCATED,,,,,
SLCMP700-2146,2146,2147,317358389,2^317358389-1,STRUCTURAL_SCREEN_EXHAUSTED_PRIMALITY_UNASSIGNED,GF3A_DIRECTIONAL_WRITE_EXHAUSTED_PRIMALITY_UNASSIGNED,513,512,512,NO_RECORDED_FACTOR_PRP_OR_LL_RESULT_AND_NO_ACTIVE_GIMPS_ASSIGNMENT,2026-08-08T19:16:24+00:00,UNALLOCATED,,,,,
SLCMP700-2147,2147,2148,317358467,2^317358467-1,STRUCTURAL_SCREEN_EXHAUSTED_PRIMALITY_UNASSIGNED,GF3A_DIRECTIONAL_WRITE_EXHAUSTED_PRIMALITY_UNASSIGNED,514,512,512,NO_RECORDED_FACTOR_PRP_OR_LL_RESULT_AND_NO_ACTIVE_GIMPS_ASSIGNMENT,2026-08-08T19:16:24+00:00,UNALLOCATED,,,,,
SLCMP700-2148,2148,2149,317358557,2^317358557-1,STRUCTURAL_SCREEN_EXHAUSTED_PRIMALITY_UNASSIGNED,GF3A_DIRECTIONAL_WRITE_EXHAUSTED_PRIMALITY_UNASSIGNED,513,512,512,NO_RECORDED_FACTOR_PRP_OR_LL_RESULT_AND_NO_ACTIVE_GIMPS_ASSIGNMENT,2026-08-08T19:16:24+00:00,UNALLOCATED,,,,,
SLCMP700-2149,2149,2150,317358589,2^317358589-1,STRUCTURAL_SCREEN_EXHAUSTED_PRIMALITY_UNASSIGNED,GF3A_DIRECTIONAL_WRITE_EXHAUSTED_PRIMALITY_UNASSIGNED,513,512,512,NO_RECORDED_FACTOR_PRP_OR_LL_RESULT_AND_NO_ACTIVE_GIMPS_ASSIGNMENT,2026-08-08T19:16:24+00:00,UNALLOCATED,,,,,
SLCMP700-2150,2150,2151,317358593,2^317358593-1,STRUCTURAL_SCREEN_EXHAUSTED_PRIMALITY_UNASSIGNED,GF3A_DIRECTIONAL_WRITE_EXHAUSTED_PRIMALITY_UNASSIGNED,513,512,512,NO_RECORDED_FACTOR_PRP_OR_LL_RESULT_AND_NO_ACTIVE_GIMPS_ASSIGNMENT,2026-08-08T19:16:24+00:00,UNALLOCATED,,,,,
SLCMP700-2151,2151,2152,317358707,2^317358707-1,STRUCTURAL_SCREEN_EXHAUSTED_PRIMALITY_UNASSIGNED,GF3A_DIRECTIONAL_WRITE_EXHAUSTED_PRIMALITY_UNASSIGNED,514,512,512,NO_RECORDED_FACTOR_PRP_OR_LL_RESULT_AND_NO_ACTIVE_GIMPS_ASSIGNMENT,2026-08-08T19:16:24+00:00,UNALLOCATED,,,,,
SLCMP700-2152,2152,2153,317358887,2^317358887-1,STRUCTURAL_SCREEN_EXHAUSTED_PRIMALITY_UNASSIGNED,GF3A_DIRECTIONAL_WRITE_EXHAUSTED_PRIMALITY_UNASSIGNED,514,512,512,NO_RECORDED_FACTOR_PRP_OR_LL_RESULT_AND_NO_ACTIVE_GIMPS_ASSIGNMENT,2026-08-08T19:16:24+00:00,UNALLOCATED,,,,,
SLCMP700-2153,2153,2154,317358889,2^317358889-1,STRUCTURAL_SCREEN_EXHAUSTED_PRIMALITY_UNASSIGNED,GF3A_DIRECTIONAL_WRITE_EXHAUSTED_PRIMALITY_UNASSIGNED,513,512,512,NO_RECORDED_FACTOR_PRP_OR_LL_RESULT_AND_NO_ACTIVE_GIMPS_ASSIGNMENT,2026-08-08T19:16:24+00:00,UNALLOCATED,,,,,
SLCMP700-2154,2154,2155,317358973,2^317358973-1,STRUCTURAL_SCREEN_EXHAUSTED_PRIMALITY_UNASSIGNED,GF3A_DIRECTIONAL_WRITE_EXHAUSTED_PRIMALITY_UNASSIGNED,513,512,512,NO_RECORDED_FACTOR_PRP_OR_LL_RESULT_AND_NO_ACTIVE_GIMPS_ASSIGNMENT,2026-08-08T19:16:24+00:00,UNALLOCATED,,,,,
SLCMP700-2155,2155,2156,317359291,2^317359291-1,STRUCTURAL_SCREEN_EXHAUSTED_PRIMALITY_UNASSIGNED,GF3A_DIRECTIONAL_WRITE_EXHAUSTED_PRIMALITY_UNASSIGNED,514,512,512,NO_RECORDED_FACTOR_PRP_OR_LL_RESULT_AND_NO_ACTIVE_GIMPS_ASSIGNMENT,2026-08-08T19:16:24+00:00,UNALLOCATED,,,,,
SLCMP700-2156,2156,2157,317359387,2^317359387-1,STRUCTURAL_SCREEN_EXHAUSTED_PRIMALITY_UNASSIGNED,GF3A_DIRECTIONAL_WRITE_EXHAUSTED_PRIMALITY_UNASSIGNED,514,512,512,NO_RECORDED_FACTOR_PRP_OR_LL_RESULT_AND_NO_ACTIVE_GIMPS_ASSIGNMENT,2026-08-08T19:16:24+00:00,UNALLOCATED,,,,,
SLCMP700-2157,2157,2158,317359423,2^317359423-1,STRUCTURAL_SCREEN_EXHAUSTED_PRIMALITY_UNASSIGNED,GF3A_DIRECTIONAL_WRITE_EXHAUSTED_PRIMALITY_UNASSIGNED,514,512,512,NO_RECORDED_FACTOR_PRP_OR_LL_RESULT_AND_NO_ACTIVE_GIMPS_ASSIGNMENT,2026-08-08T19:16:24+00:00,UNALLOCATED,,,,,
SLCMP700-2158,2158,2159,317359507,2^317359507-1,STRUCTURAL_SCREEN_EXHAUSTED_PRIMALITY_UNASSIGNED,GF3A_DIRECTIONAL_WRITE_EXHAUSTED_PRIMALITY_UNASSIGNED,514,512,512,NO_RECORDED_FACTOR_PRP_OR_LL_RESULT_AND_NO_ACTIVE_GIMPS_ASSIGNMENT,2026-08-08T19:16:24+00:00,UNALLOCATED,,,,,
SLCMP700-2159,2159,2160,317359517,2^317359517-1,STRUCTURAL_SCREEN_EXHAUSTED_PRIMALITY_UNASSIGNED,GF3A_DIRECTIONAL_WRITE_EXHAUSTED_PRIMALITY_UNASSIGNED,513,512,512,NO_RECORDED_FACTOR_PRP_OR_LL_RESULT_AND_NO_ACTIVE_GIMPS_ASSIGNMENT,2026-08-08T19:16:24+00:00,UNALLOCATED,,,,,
SLCMP700-2160,2160,2161,317359531,2^317359531-1,STRUCTURAL_SCREEN_EXHAUSTED_PRIMALITY_UNASSIGNED,GF3A_DIRECTIONAL_WRITE_EXHAUSTED_PRIMALITY_UNASSIGNED,514,512,512,NO_RECORDED_FACTOR_PRP_OR_LL_RESULT_AND_NO_ACTIVE_GIMPS_ASSIGNMENT,2026-08-08T19:16:24+00:00,UNALLOCATED,,,,,
SLCMP700-2161,2161,2162,317359571,2^317359571-1,STRUCTURAL_SCREEN_EXHAUSTED_PRIMALITY_UNASSIGNED,GF3A_DIRECTIONAL_WRITE_EXHAUSTED_PRIMALITY_UNASSIGNED,514,512,512,NO_RECORDED_FACTOR_PRP_OR_LL_RESULT_AND_NO_ACTIVE_GIMPS_ASSIGNMENT,2026-08-08T19:16:24+00:00,UNALLOCATED,,,,,
SLCMP700-2162,2162,2163,317359579,2^317359579-1,STRUCTURAL_SCREEN_EXHAUSTED_PRIMALITY_UNASSIGNED,GF3A_DIRECTIONAL_WRITE_EXHAUSTED_PRIMALITY_UNASSIGNED,514,512,512,NO_RECORDED_FACTOR_PRP_OR_LL_RESULT_AND_NO_ACTIVE_GIMPS_ASSIGNMENT,2026-08-08T19:16:24+00:00,UNALLOCATED,,,,,
SLCMP700-2163,2163,2164,317359633,2^317359633-1,STRUCTURAL_SCREEN_EXHAUSTED_PRIMALITY_UNASSIGNED,GF3A_DIRECTIONAL_WRITE_EXHAUSTED_PRIMALITY_UNASSIGNED,513,512,512,NO_RECORDED_FACTOR_PRP_OR_LL_RESULT_AND_NO_ACTIVE_GIMPS_ASSIGNMENT,2026-08-08T19:16:24+00:00,UNALLOCATED,,,,,
SLCMP700-2164,2164,2165,317359649,2^317359649-1,STRUCTURAL_SCREEN_EXHAUSTED_PRIMALITY_UNASSIGNED,GF3A_DIRECTIONAL_WRITE_EXHAUSTED_PRIMALITY_UNASSIGNED,513,512,512,NO_RECORDED_FACTOR_PRP_OR_LL_RESULT_AND_NO_ACTIVE_GIMPS_ASSIGNMENT,2026-08-08T19:16:24+00:00,UNALLOCATED,,,,,
SLCMP700-2165,2165,2166,317359663,2^317359663-1,STRUCTURAL_SCREEN_EXHAUSTED_PRIMALITY_UNASSIGNED,GF3A_DIRECTIONAL_WRITE_EXHAUSTED_PRIMALITY_UNASSIGNED,514,512,512,NO_RECORDED_FACTOR_PRP_OR_LL_RESULT_AND_NO_ACTIVE_GIMPS_ASSIGNMENT,2026-08-08T19:16:24+00:00,UNALLOCATED,,,,,
SLCMP700-2166,2166,2167,317359729,2^317359729-1,STRUCTURAL_SCREEN_EXHAUSTED_PRIMALITY_UNASSIGNED,GF3A_DIRECTIONAL_WRITE_EXHAUSTED_PRIMALITY_UNASSIGNED,513,512,512,NO_RECORDED_FACTOR_PRP_OR_LL_RESULT_AND_NO_ACTIVE_GIMPS_ASSIGNMENT,2026-08-08T19:16:24+00:00,UNALLOCATED,,,,,
SLCMP700-2167,2167,2168,317359739,2^317359739-1,STRUCTURAL_SCREEN_EXHAUSTED_PRIMALITY_UNASSIGNED,GF3A_DIRECTIONAL_WRITE_EXHAUSTED_PRIMALITY_UNASSIGNED,514,512,512,NO_RECORDED_FACTOR_PRP_OR_LL_RESULT_AND_NO_ACTIVE_GIMPS_ASSIGNMENT,2026-08-08T19:16:24+00:00,UNALLOCATED,,,,,
SLCMP700-2168,2168,2169,317359781,2^317359781-1,STRUCTURAL_SCREEN_EXHAUSTED_PRIMALITY_UNASSIGNED,GF3A_DIRECTIONAL_WRITE_EXHAUSTED_PRIMALITY_UNASSIGNED,513,512,512,NO_RECORDED_FACTOR_PRP_OR_LL_RESULT_AND_NO_ACTIVE_GIMPS_ASSIGNMENT,2026-08-08T19:16:24+00:00,UNALLOCATED,,,,,
SLCMP700-2169,2169,2170,317359799,2^317359799-1,STRUCTURAL_SCREEN_EXHAUSTED_PRIMALITY_UNASSIGNED,GF3A_DIRECTIONAL_WRITE_EXHAUSTED_PRIMALITY_UNASSIGNED,514,512,512,NO_RECORDED_FACTOR_PRP_OR_LL_RESULT_AND_NO_ACTIVE_GIMPS_ASSIGNMENT,2026-08-08T19:16:24+00:00,UNALLOCATED,,,,,
SLCMP700-2170,2170,2171,317359811,2^317359811-1,STRUCTURAL_SCREEN_EXHAUSTED_PRIMALITY_UNASSIGNED,GF3A_DIRECTIONAL_WRITE_EXHAUSTED_PRIMALITY_UNASSIGNED,514,512,512,NO_RECORDED_FACTOR_PRP_OR_LL_RESULT_AND_NO_ACTIVE_GIMPS_ASSIGNMENT,2026-08-08T19:16:24+00:00,UNALLOCATED,,,,,
SLCMP700-2171,2171,2172,317359843,2^317359843-1,STRUCTURAL_SCREEN_EXHAUSTED_PRIMALITY_UNASSIGNED,GF3A_DIRECTIONAL_WRITE_EXHAUSTED_PRIMALITY_UNASSIGNED,514,512,512,NO_RECORDED_FACTOR_PRP_OR_LL_RESULT_AND_NO_ACTIVE_GIMPS_ASSIGNMENT,2026-08-08T19:16:24+00:00,UNALLOCATED,,,,,
SLCMP700-2172,2172,2173,317359883,2^317359883-1,STRUCTURAL_SCREEN_EXHAUSTED_PRIMALITY_UNASSIGNED,GF3A_DIRECTIONAL_WRITE_EXHAUSTED_PRIMALITY_UNASSIGNED,514,512,512,NO_RECORDED_FACTOR_PRP_OR_LL_RESULT_AND_NO_ACTIVE_GIMPS_ASSIGNMENT,2026-08-08T19:16:24+00:00,UNALLOCATED,,,,,
SLCMP700-2173,2173,2174,317359891,2^317359891-1,STRUCTURAL_SCREEN_EXHAUSTED_PRIMALITY_UNASSIGNED,GF3A_DIRECTIONAL_WRITE_EXHAUSTED_PRIMALITY_UNASSIGNED,514,512,512,NO_RECORDED_FACTOR_PRP_OR_LL_RESULT_AND_NO_ACTIVE_GIMPS_ASSIGNMENT,2026-08-08T19:16:24+00:00,UNALLOCATED,,,,,
SLCMP700-2174,2174,2175,317359897,2^317359897-1,STRUCTURAL_SCREEN_EXHAUSTED_PRIMALITY_UNASSIGNED,GF3A_DIRECTIONAL_WRITE_EXHAUSTED_PRIMALITY_UNASSIGNED,513,512,512,NO_RECORDED_FACTOR_PRP_OR_LL_RESULT_AND_NO_ACTIVE_GIMPS_ASSIGNMENT,2026-08-08T19:16:24+00:00,UNALLOCATED,,,,,
SLCMP700-2175,2175,2176,317359993,2^317359993-1,STRUCTURAL_SCREEN_EXHAUSTED_PRIMALITY_UNASSIGNED,GF3A_DIRECTIONAL_WRITE_EXHAUSTED_PRIMALITY_UNASSIGNED,513,512,512,NO_RECORDED_FACTOR_PRP_OR_LL_RESULT_AND_NO_ACTIVE_GIMPS_ASSIGNMENT,2026-08-08T19:16:24+00:00,UNALLOCATED,,,,,
SLCMP700-2176,2176,2177,317360033,2^317360033-1,STRUCTURAL_SCREEN_EXHAUSTED_PRIMALITY_UNASSIGNED,GF3A_DIRECTIONAL_WRITE_EXHAUSTED_PRIMALITY_UNASSIGNED,513,512,512,NO_RECORDED_FACTOR_PRP_OR_LL_RESULT_AND_NO_ACTIVE_GIMPS_ASSIGNMENT,2026-08-08T19:16:24+00:00,UNALLOCATED,,,,,
SLCMP700-2177,2177,2178,317360093,2^317360093-1,STRUCTURAL_SCREEN_EXHAUSTED_PRIMALITY_UNASSIGNED,GF3A_DIRECTIONAL_WRITE_EXHAUSTED_PRIMALITY_UNASSIGNED,513,512,512,NO_RECORDED_FACTOR_PRP_OR_LL_RESULT_AND_NO_ACTIVE_GIMPS_ASSIGNMENT,2026-08-08T19:16:24+00:00,UNALLOCATED,,,,,
SLCMP700-2178,2178,2179,317360119,2^317360119-1,STRUCTURAL_SCREEN_EXHAUSTED_PRIMALITY_UNASSIGNED,GF3A_DIRECTIONAL_WRITE_EXHAUSTED_PRIMALITY_UNASSIGNED,514,512,512,NO_RECORDED_FACTOR_PRP_OR_LL_RESULT_AND_NO_ACTIVE_GIMPS_ASSIGNMENT,2026-08-08T19:16:24+00:00,UNALLOCATED,,,,,
SLCMP700-2179,2179,2180,317360177,2^317360177-1,STRUCTURAL_SCREEN_EXHAUSTED_PRIMALITY_UNASSIGNED,GF3A_DIRECTIONAL_WRITE_EXHAUSTED_PRIMALITY_UNASSIGNED,513,512,512,NO_RECORDED_FACTOR_PRP_OR_LL_RESULT_AND_NO_ACTIVE_GIMPS_ASSIGNMENT,2026-08-08T19:16:24+00:00,UNALLOCATED,,,,,
SLCMP700-2180,2180,2181,317360189,2^317360189-1,STRUCTURAL_SCREEN_EXHAUSTED_PRIMALITY_UNASSIGNED,GF3A_DIRECTIONAL_WRITE_EXHAUSTED_PRIMALITY_UNASSIGNED,513,512,512,NO_RECORDED_FACTOR_PRP_OR_LL_RESULT_AND_NO_ACTIVE_GIMPS_ASSIGNMENT,2026-08-08T19:16:24+00:00,UNALLOCATED,,,,,
SLCMP700-2181,2181,2182,317360191,2^317360191-1,STRUCTURAL_SCREEN_EXHAUSTED_PRIMALITY_UNASSIGNED,GF3A_DIRECTIONAL_WRITE_EXHAUSTED_PRIMALITY_UNASSIGNED,514,512,512,NO_RECORDED_FACTOR_PRP_OR_LL_RESULT_AND_NO_ACTIVE_GIMPS_ASSIGNMENT,2026-08-08T19:16:24+00:00,UNALLOCATED,,,,,
SLCMP700-2182,2182,2183,317360269,2^317360269-1,STRUCTURAL_SCREEN_EXHAUSTED_PRIMALITY_UNASSIGNED,GF3A_DIRECTIONAL_WRITE_EXHAUSTED_PRIMALITY_UNASSIGNED,513,512,512,NO_RECORDED_FACTOR_PRP_OR_LL_RESULT_AND_NO_ACTIVE_GIMPS_ASSIGNMENT,2026-08-08T19:16:24+00:00,UNALLOCATED,,,,,
SLCMP700-2183,2183,2184,317360317,2^317360317-1,STRUCTURAL_SCREEN_EXHAUSTED_PRIMALITY_UNASSIGNED,GF3A_DIRECTIONAL_WRITE_EXHAUSTED_PRIMALITY_UNASSIGNED,513,512,512,NO_RECORDED_FACTOR_PRP_OR_LL_RESULT_AND_NO_ACTIVE_GIMPS_ASSIGNMENT,2026-08-08T19:16:24+00:00,UNALLOCATED,,,,,
SLCMP700-2184,2184,2185,317360333,2^317360333-1,STRUCTURAL_SCREEN_EXHAUSTED_PRIMALITY_UNASSIGNED,GF3A_DIRECTIONAL_WRITE_EXHAUSTED_PRIMALITY_UNASSIGNED,513,512,512,NO_RECORDED_FACTOR_PRP_OR_LL_RESULT_AND_NO_ACTIVE_GIMPS_ASSIGNMENT,2026-08-08T19:16:24+00:00,UNALLOCATED,,,,,
SLCMP700-2185,2185,2186,317360341,2^317360341-1,STRUCTURAL_SCREEN_EXHAUSTED_PRIMALITY_UNASSIGNED,GF3A_DIRECTIONAL_WRITE_EXHAUSTED_PRIMALITY_UNASSIGNED,513,512,512,NO_RECORDED_FACTOR_PRP_OR_LL_RESULT_AND_NO_ACTIVE_GIMPS_ASSIGNMENT,2026-08-08T19:16:24+00:00,UNALLOCATED,,,,,
SLCMP700-2186,2186,2187,317360357,2^317360357-1,STRUCTURAL_SCREEN_EXHAUSTED_PRIMALITY_UNASSIGNED,GF3A_DIRECTIONAL_WRITE_EXHAUSTED_PRIMALITY_UNASSIGNED,513,512,512,NO_RECORDED_FACTOR_PRP_OR_LL_RESULT_AND_NO_ACTIVE_GIMPS_ASSIGNMENT,2026-08-08T19:16:24+00:00,UNALLOCATED,,,,,
SLCMP700-2187,2187,2188,317360431,2^317360431-1,STRUCTURAL_SCREEN_EXHAUSTED_PRIMALITY_UNASSIGNED,GF3A_DIRECTIONAL_WRITE_EXHAUSTED_PRIMALITY_UNASSIGNED,514,512,512,NO_RECORDED_FACTOR_PRP_OR_LL_RESULT_AND_NO_ACTIVE_GIMPS_ASSIGNMENT,2026-08-08T19:16:24+00:00,UNALLOCATED,,,,,
SLCMP700-2188,2188,2189,317360489,2^317360489-1,STRUCTURAL_SCREEN_EXHAUSTED_PRIMALITY_UNASSIGNED,GF3A_DIRECTIONAL_WRITE_EXHAUSTED_PRIMALITY_UNASSIGNED,513,512,512,NO_RECORDED_FACTOR_PRP_OR_LL_RESULT_AND_NO_ACTIVE_GIMPS_ASSIGNMENT,2026-08-08T19:16:24+00:00,UNALLOCATED,,,,,
SLCMP700-2189,2189,2190,317360639,2^317360639-1,STRUCTURAL_SCREEN_EXHAUSTED_PRIMALITY_UNASSIGNED,GF3A_DIRECTIONAL_WRITE_EXHAUSTED_PRIMALITY_UNASSIGNED,514,512,512,NO_RECORDED_FACTOR_PRP_OR_LL_RESULT_AND_NO_ACTIVE_GIMPS_ASSIGNMENT,2026-08-08T19:16:24+00:00,UNALLOCATED,,,,,
SLCMP700-2190,2190,2191,317360663,2^317360663-1,STRUCTURAL_SCREEN_EXHAUSTED_PRIMALITY_UNASSIGNED,GF3A_DIRECTIONAL_WRITE_EXHAUSTED_PRIMALITY_UNASSIGNED,514,512,512,NO_RECORDED_FACTOR_PRP_OR_LL_RESULT_AND_NO_ACTIVE_GIMPS_ASSIGNMENT,2026-08-08T19:16:24+00:00,UNALLOCATED,,,,,
SLCMP700-2191,2191,2192,317360753,2^317360753-1,STRUCTURAL_SCREEN_EXHAUSTED_PRIMALITY_UNASSIGNED,GF3A_DIRECTIONAL_WRITE_EXHAUSTED_PRIMALITY_UNASSIGNED,513,512,512,NO_RECORDED_FACTOR_PRP_OR_LL_RESULT_AND_NO_ACTIVE_GIMPS_ASSIGNMENT,2026-08-08T19:16:24+00:00,UNALLOCATED,,,,,
SLCMP700-2192,2192,2193,317360863,2^317360863-1,STRUCTURAL_SCREEN_EXHAUSTED_PRIMALITY_UNASSIGNED,GF3A_DIRECTIONAL_WRITE_EXHAUSTED_PRIMALITY_UNASSIGNED,514,512,512,NO_RECORDED_FACTOR_PRP_OR_LL_RESULT_AND_NO_ACTIVE_GIMPS_ASSIGNMENT,2026-08-08T19:16:24+00:00,UNALLOCATED,,,,,
SLCMP700-2193,2193,2194,317360909,2^317360909-1,STRUCTURAL_SCREEN_EXHAUSTED_PRIMALITY_UNASSIGNED,GF3A_DIRECTIONAL_WRITE_EXHAUSTED_PRIMALITY_UNASSIGNED,513,512,512,NO_RECORDED_FACTOR_PRP_OR_LL_RESULT_AND_NO_ACTIVE_GIMPS_ASSIGNMENT,2026-08-08T19:16:24+00:00,UNALLOCATED,,,,,
SLCMP700-2194,2194,2195,317360921,2^317360921-1,STRUCTURAL_SCREEN_EXHAUSTED_PRIMALITY_UNASSIGNED,GF3A_DIRECTIONAL_WRITE_EXHAUSTED_PRIMALITY_UNASSIGNED,513,512,512,NO_RECORDED_FACTOR_PRP_OR_LL_RESULT_AND_NO_ACTIVE_GIMPS_ASSIGNMENT,2026-08-08T19:16:24+00:00,UNALLOCATED,,,,,
SLCMP700-2195,2195,2196,317360959,2^317360959-1,STRUCTURAL_SCREEN_EXHAUSTED_PRIMALITY_UNASSIGNED,GF3A_DIRECTIONAL_WRITE_EXHAUSTED_PRIMALITY_UNASSIGNED,514,512,512,NO_RECORDED_FACTOR_PRP_OR_LL_RESULT_AND_NO_ACTIVE_GIMPS_ASSIGNMENT,2026-08-08T19:16:24+00:00,UNALLOCATED,,,,,
SLCMP700-2196,2196,2197,317360987,2^317360987-1,STRUCTURAL_SCREEN_EXHAUSTED_PRIMALITY_UNASSIGNED,GF3A_DIRECTIONAL_WRITE_EXHAUSTED_PRIMALITY_UNASSIGNED,514,512,512,NO_RECORDED_FACTOR_PRP_OR_LL_RESULT_AND_NO_ACTIVE_GIMPS_ASSIGNMENT,2026-08-08T19:16:24+00:00,UNALLOCATED,,,,,
SLCMP700-2197,2197,2198,317361097,2^317361097-1,STRUCTURAL_SCREEN_EXHAUSTED_PRIMALITY_UNASSIGNED,GF3A_DIRECTIONAL_WRITE_EXHAUSTED_PRIMALITY_UNASSIGNED,513,512,512,NO_RECORDED_FACTOR_PRP_OR_LL_RESULT_AND_NO_ACTIVE_GIMPS_ASSIGNMENT,2026-08-08T19:16:24+00:00,UNALLOCATED,,,,,
SLCMP700-2198,2198,2199,317361103,2^317361103-1,STRUCTURAL_SCREEN_EXHAUSTED_PRIMALITY_UNASSIGNED,GF3A_DIRECTIONAL_WRITE_EXHAUSTED_PRIMALITY_UNASSIGNED,514,512,512,NO_RECORDED_FACTOR_PRP_OR_LL_RESULT_AND_NO_ACTIVE_GIMPS_ASSIGNMENT,2026-08-08T19:16:24+00:00,UNALLOCATED,,,,,
SLCMP700-2199,2199,2200,317361139,2^317361139-1,STRUCTURAL_SCREEN_EXHAUSTED_PRIMALITY_UNASSIGNED,GF3A_DIRECTIONAL_WRITE_EXHAUSTED_PRIMALITY_UNASSIGNED,514,512,512,NO_RECORDED_FACTOR_PRP_OR_LL_RESULT_AND_NO_ACTIVE_GIMPS_ASSIGNMENT,2026-08-08T19:16:24+00:00,UNALLOCATED,,,,,
SLCMP700-2200,2200,2201,317361157,2^317361157-1,STRUCTURAL_SCREEN_EXHAUSTED_PRIMALITY_UNASSIGNED,GF3A_DIRECTIONAL_WRITE_EXHAUSTED_PRIMALITY_UNASSIGNED,513,512,512,NO_RECORDED_FACTOR_PRP_OR_LL_RESULT_AND_NO_ACTIVE_GIMPS_ASSIGNMENT,2026-08-08T19:16:24+00:00,UNALLOCATED,,,,,
SLCMP700-2201,2201,2202,317361241,2^317361241-1,STRUCTURAL_SCREEN_EXHAUSTED_PRIMALITY_UNASSIGNED,GF3A_DIRECTIONAL_WRITE_EXHAUSTED_PRIMALITY_UNASSIGNED,513,512,512,NO_RECORDED_FACTOR_PRP_OR_LL_RESULT_AND_NO_ACTIVE_GIMPS_ASSIGNMENT,2026-08-08T19:16:24+00:00,UNALLOCATED,,,,,
SLCMP700-2202,2202,2203,317361271,2^317361271-1,STRUCTURAL_SCREEN_EXHAUSTED_PRIMALITY_UNASSIGNED,GF3A_DIRECTIONAL_WRITE_EXHAUSTED_PRIMALITY_UNASSIGNED,514,512,512,NO_RECORDED_FACTOR_PRP_OR_LL_RESULT_AND_NO_ACTIVE_GIMPS_ASSIGNMENT,2026-08-08T19:16:24+00:00,UNALLOCATED,,,,,
SLCMP700-2203,2203,2204,317361323,2^317361323-1,STRUCTURAL_SCREEN_EXHAUSTED_PRIMALITY_UNASSIGNED,GF3A_DIRECTIONAL_WRITE_EXHAUSTED_PRIMALITY_UNASSIGNED,514,512,512,NO_RECORDED_FACTOR_PRP_OR_LL_RESULT_AND_NO_ACTIVE_GIMPS_ASSIGNMENT,2026-08-08T19:16:24+00:00,UNALLOCATED,,,,,
SLCMP700-2204,2204,2205,317361347,2^317361347-1,STRUCTURAL_SCREEN_EXHAUSTED_PRIMALITY_UNASSIGNED,GF3A_DIRECTIONAL_WRITE_EXHAUSTED_PRIMALITY_UNASSIGNED,514,512,512,NO_RECORDED_FACTOR_PRP_OR_LL_RESULT_AND_NO_ACTIVE_GIMPS_ASSIGNMENT,2026-08-08T19:16:24+00:00,UNALLOCATED,,,,,
SLCMP700-2205,2205,2206,317361349,2^317361349-1,STRUCTURAL_SCREEN_EXHAUSTED_PRIMALITY_UNASSIGNED,GF3A_DIRECTIONAL_WRITE_EXHAUSTED_PRIMALITY_UNASSIGNED,513,512,512,NO_RECORDED_FACTOR_PRP_OR_LL_RESULT_AND_NO_ACTIVE_GIMPS_ASSIGNMENT,2026-08-08T19:16:24+00:00,UNALLOCATED,,,,,
SLCMP700-2206,2206,2207,317361463,2^317361463-1,STRUCTURAL_SCREEN_EXHAUSTED_PRIMALITY_UNASSIGNED,GF3A_DIRECTIONAL_WRITE_EXHAUSTED_PRIMALITY_UNASSIGNED,514,512,512,NO_RECORDED_FACTOR_PRP_OR_LL_RESULT_AND_NO_ACTIVE_GIMPS_ASSIGNMENT,2026-08-08T19:16:24+00:00,UNALLOCATED,,,,,
SLCMP700-2207,2207,2208,317361479,2^317361479-1,STRUCTURAL_SCREEN_EXHAUSTED_PRIMALITY_UNASSIGNED,GF3A_DIRECTIONAL_WRITE_EXHAUSTED_PRIMALITY_UNASSIGNED,514,512,512,NO_RECORDED_FACTOR_PRP_OR_LL_RESULT_AND_NO_ACTIVE_GIMPS_ASSIGNMENT,2026-08-08T19:16:24+00:00,UNALLOCATED,,,,,
SLCMP700-2208,2208,2209,317361677,2^317361677-1,STRUCTURAL_SCREEN_EXHAUSTED_PRIMALITY_UNASSIGNED,GF3A_DIRECTIONAL_WRITE_EXHAUSTED_PRIMALITY_UNASSIGNED,513,512,512,NO_RECORDED_FACTOR_PRP_OR_LL_RESULT_AND_NO_ACTIVE_GIMPS_ASSIGNMENT,2026-08-08T19:16:24+00:00,UNALLOCATED,,,,,
SLCMP700-2209,2209,2210,317361713,2^317361713-1,STRUCTURAL_SCREEN_EXHAUSTED_PRIMALITY_UNASSIGNED,GF3A_DIRECTIONAL_WRITE_EXHAUSTED_PRIMALITY_UNASSIGNED,513,512,512,NO_RECORDED_FACTOR_PRP_OR_LL_RESULT_AND_NO_ACTIVE_GIMPS_ASSIGNMENT,2026-08-08T19:16:24+00:00,UNALLOCATED,,,,,
SLCMP700-2210,2210,2211,317361773,2^317361773-1,STRUCTURAL_SCREEN_EXHAUSTED_PRIMALITY_UNASSIGNED,GF3A_DIRECTIONAL_WRITE_EXHAUSTED_PRIMALITY_UNASSIGNED,513,512,512,NO_RECORDED_FACTOR_PRP_OR_LL_RESULT_AND_NO_ACTIVE_GIMPS_ASSIGNMENT,2026-08-08T19:16:24+00:00,UNALLOCATED,,,,,
SLCMP700-2211,2211,2212,317361799,2^317361799-1,STRUCTURAL_SCREEN_EXHAUSTED_PRIMALITY_UNASSIGNED,GF3A_DIRECTIONAL_WRITE_EXHAUSTED_PRIMALITY_UNASSIGNED,514,512,512,NO_RECORDED_FACTOR_PRP_OR_LL_RESULT_AND_NO_ACTIVE_GIMPS_ASSIGNMENT,2026-08-08T19:16:24+00:00,UNALLOCATED,,,,,
SLCMP700-2212,2212,2213,317361851,2^317361851-1,STRUCTURAL_SCREEN_EXHAUSTED_PRIMALITY_UNASSIGNED,GF3A_DIRECTIONAL_WRITE_EXHAUSTED_PRIMALITY_UNASSIGNED,514,512,512,NO_RECORDED_FACTOR_PRP_OR_LL_RESULT_AND_NO_ACTIVE_GIMPS_ASSIGNMENT,2026-08-08T19:16:24+00:00,UNALLOCATED,,,,,
SLCMP700-2213,2213,2214,317361857,2^317361857-1,STRUCTURAL_SCREEN_EXHAUSTED_PRIMALITY_UNASSIGNED,GF3A_DIRECTIONAL_WRITE_EXHAUSTED_PRIMALITY_UNASSIGNED,513,512,512,NO_RECORDED_FACTOR_PRP_OR_LL_RESULT_AND_NO_ACTIVE_GIMPS_ASSIGNMENT,2026-08-08T19:16:24+00:00,UNALLOCATED,,,,,
SLCMP700-2214,2214,2215,317361923,2^317361923-1,STRUCTURAL_SCREEN_EXHAUSTED_PRIMALITY_UNASSIGNED,GF3A_DIRECTIONAL_WRITE_EXHAUSTED_PRIMALITY_UNASSIGNED,514,512,512,NO_RECORDED_FACTOR_PRP_OR_LL_RESULT_AND_NO_ACTIVE_GIMPS_ASSIGNMENT,2026-08-08T19:16:24+00:00,UNALLOCATED,,,,,
SLCMP700-2215,2215,2216,317361953,2^317361953-1,STRUCTURAL_SCREEN_EXHAUSTED_PRIMALITY_UNASSIGNED,GF3A_DIRECTIONAL_WRITE_EXHAUSTED_PRIMALITY_UNASSIGNED,513,512,512,NO_RECORDED_FACTOR_PRP_OR_LL_RESULT_AND_NO_ACTIVE_GIMPS_ASSIGNMENT,2026-08-08T19:16:24+00:00,UNALLOCATED,,,,,
SLCMP700-2216,2216,2217,317361991,2^317361991-1,STRUCTURAL_SCREEN_EXHAUSTED_PRIMALITY_UNASSIGNED,GF3A_DIRECTIONAL_WRITE_EXHAUSTED_PRIMALITY_UNASSIGNED,514,512,512,NO_RECORDED_FACTOR_PRP_OR_LL_RESULT_AND_NO_ACTIVE_GIMPS_ASSIGNMENT,2026-08-08T19:16:24+00:00,UNALLOCATED,,,,,
SLCMP700-2217,2217,2218,317362013,2^317362013-1,STRUCTURAL_SCREEN_EXHAUSTED_PRIMALITY_UNASSIGNED,GF3A_DIRECTIONAL_WRITE_EXHAUSTED_PRIMALITY_UNASSIGNED,513,512,512,NO_RECORDED_FACTOR_PRP_OR_LL_RESULT_AND_NO_ACTIVE_GIMPS_ASSIGNMENT,2026-08-08T19:16:24+00:00,UNALLOCATED,,,,,
SLCMP700-2218,2218,2219,317362033,2^317362033-1,STRUCTURAL_SCREEN_EXHAUSTED_PRIMALITY_UNASSIGNED,GF3A_DIRECTIONAL_WRITE_EXHAUSTED_PRIMALITY_UNASSIGNED,513,512,512,NO_RECORDED_FACTOR_PRP_OR_LL_RESULT_AND_NO_ACTIVE_GIMPS_ASSIGNMENT,2026-08-08T19:16:24+00:00,UNALLOCATED,,,,,
SLCMP700-2219,2219,2220,317362043,2^317362043-1,STRUCTURAL_SCREEN_EXHAUSTED_PRIMALITY_UNASSIGNED,GF3A_DIRECTIONAL_WRITE_EXHAUSTED_PRIMALITY_UNASSIGNED,514,512,512,NO_RECORDED_FACTOR_PRP_OR_LL_RESULT_AND_NO_ACTIVE_GIMPS_ASSIGNMENT,2026-08-08T19:16:24+00:00,UNALLOCATED,,,,,
SLCMP700-2220,2220,2221,317362079,2^317362079-1,STRUCTURAL_SCREEN_EXHAUSTED_PRIMALITY_UNASSIGNED,GF3A_DIRECTIONAL_WRITE_EXHAUSTED_PRIMALITY_UNASSIGNED,514,512,512,NO_RECORDED_FACTOR_PRP_OR_LL_RESULT_AND_NO_ACTIVE_GIMPS_ASSIGNMENT,2026-08-08T19:16:24+00:00,UNALLOCATED,,,,,
SLCMP700-2221,2221,2222,317362091,2^317362091-1,STRUCTURAL_SCREEN_EXHAUSTED_PRIMALITY_UNASSIGNED,GF3A_DIRECTIONAL_WRITE_EXHAUSTED_PRIMALITY_UNASSIGNED,514,512,512,NO_RECORDED_FACTOR_PRP_OR_LL_RESULT_AND_NO_ACTIVE_GIMPS_ASSIGNMENT,2026-08-08T19:16:24+00:00,UNALLOCATED,,,,,
SLCMP700-2222,2222,2223,317362139,2^317362139-1,STRUCTURAL_SCREEN_EXHAUSTED_PRIMALITY_UNASSIGNED,GF3A_DIRECTIONAL_WRITE_EXHAUSTED_PRIMALITY_UNASSIGNED,514,512,512,NO_RECORDED_FACTOR_PRP_OR_LL_RESULT_AND_NO_ACTIVE_GIMPS_ASSIGNMENT,2026-08-08T19:16:24+00:00,UNALLOCATED,,,,,
SLCMP700-2223,2223,2224,317362151,2^317362151-1,STRUCTURAL_SCREEN_EXHAUSTED_PRIMALITY_UNASSIGNED,GF3A_DIRECTIONAL_WRITE_EXHAUSTED_PRIMALITY_UNASSIGNED,514,512,512,NO_RECORDED_FACTOR_PRP_OR_LL_RESULT_AND_NO_ACTIVE_GIMPS_ASSIGNMENT,2026-08-08T19:16:24+00:00,UNALLOCATED,,,,,
SLCMP700-2224,2224,2225,317362207,2^317362207-1,STRUCTURAL_SCREEN_EXHAUSTED_PRIMALITY_UNASSIGNED,GF3A_DIRECTIONAL_WRITE_EXHAUSTED_PRIMALITY_UNASSIGNED,514,512,512,NO_RECORDED_FACTOR_PRP_OR_LL_RESULT_AND_NO_ACTIVE_GIMPS_ASSIGNMENT,2026-08-08T19:16:24+00:00,UNALLOCATED,,,,,
SLCMP700-2225,2225,2226,317362219,2^317362219-1,STRUCTURAL_SCREEN_EXHAUSTED_PRIMALITY_UNASSIGNED,GF3A_DIRECTIONAL_WRITE_EXHAUSTED_PRIMALITY_UNASSIGNED,514,512,512,NO_RECORDED_FACTOR_PRP_OR_LL_RESULT_AND_NO_ACTIVE_GIMPS_ASSIGNMENT,2026-08-08T19:16:24+00:00,UNALLOCATED,,,,,
SLCMP700-2226,2226,2227,317362247,2^317362247-1,STRUCTURAL_SCREEN_EXHAUSTED_PRIMALITY_UNASSIGNED,GF3A_DIRECTIONAL_WRITE_EXHAUSTED_PRIMALITY_UNASSIGNED,514,512,512,NO_RECORDED_FACTOR_PRP_OR_LL_RESULT_AND_NO_ACTIVE_GIMPS_ASSIGNMENT,2026-08-08T19:16:24+00:00,UNALLOCATED,,,,,
SLCMP700-2227,2227,2228,317362249,2^317362249-1,STRUCTURAL_SCREEN_EXHAUSTED_PRIMALITY_UNASSIGNED,GF3A_DIRECTIONAL_WRITE_EXHAUSTED_PRIMALITY_UNASSIGNED,513,512,512,NO_RECORDED_FACTOR_PRP_OR_LL_RESULT_AND_NO_ACTIVE_GIMPS_ASSIGNMENT,2026-08-08T19:16:24+00:00,UNALLOCATED,,,,,
SLCMP700-2228,2228,2229,317362267,2^317362267-1,STRUCTURAL_SCREEN_EXHAUSTED_PRIMALITY_UNASSIGNED,GF3A_DIRECTIONAL_WRITE_EXHAUSTED_PRIMALITY_UNASSIGNED,514,512,512,NO_RECORDED_FACTOR_PRP_OR_LL_RESULT_AND_NO_ACTIVE_GIMPS_ASSIGNMENT,2026-08-08T19:16:24+00:00,UNALLOCATED,,,,,
SLCMP700-2229,2229,2230,317362313,2^317362313-1,STRUCTURAL_SCREEN_EXHAUSTED_PRIMALITY_UNASSIGNED,GF3A_DIRECTIONAL_WRITE_EXHAUSTED_PRIMALITY_UNASSIGNED,513,512,512,NO_RECORDED_FACTOR_PRP_OR_LL_RESULT_AND_NO_ACTIVE_GIMPS_ASSIGNMENT,2026-08-08T19:16:24+00:00,UNALLOCATED,,,,,
SLCMP700-2230,2230,2231,317362393,2^317362393-1,STRUCTURAL_SCREEN_EXHAUSTED_PRIMALITY_UNASSIGNED,GF3A_DIRECTIONAL_WRITE_EXHAUSTED_PRIMALITY_UNASSIGNED,513,512,512,NO_RECORDED_FACTOR_PRP_OR_LL_RESULT_AND_NO_ACTIVE_GIMPS_ASSIGNMENT,2026-08-08T19:16:24+00:00,UNALLOCATED,,,,,
SLCMP700-2231,2231,2232,317362429,2^317362429-1,STRUCTURAL_SCREEN_EXHAUSTED_PRIMALITY_UNASSIGNED,GF3A_DIRECTIONAL_WRITE_EXHAUSTED_PRIMALITY_UNASSIGNED,513,512,512,NO_RECORDED_FACTOR_PRP_OR_LL_RESULT_AND_NO_ACTIVE_GIMPS_ASSIGNMENT,2026-08-08T19:16:24+00:00,UNALLOCATED,,,,,
SLCMP700-2232,2232,2233,317362433,2^317362433-1,STRUCTURAL_SCREEN_EXHAUSTED_PRIMALITY_UNASSIGNED,GF3A_DIRECTIONAL_WRITE_EXHAUSTED_PRIMALITY_UNASSIGNED,513,512,512,NO_RECORDED_FACTOR_PRP_OR_LL_RESULT_AND_NO_ACTIVE_GIMPS_ASSIGNMENT,2026-08-08T19:16:24+00:00,UNALLOCATED,,,,,
SLCMP700-2233,2233,2234,317362439,2^317362439-1,STRUCTURAL_SCREEN_EXHAUSTED_PRIMALITY_UNASSIGNED,GF3A_DIRECTIONAL_WRITE_EXHAUSTED_PRIMALITY_UNASSIGNED,514,512,512,NO_RECORDED_FACTOR_PRP_OR_LL_RESULT_AND_NO_ACTIVE_GIMPS_ASSIGNMENT,2026-08-08T19:16:24+00:00,UNALLOCATED,,,,,
SLCMP700-2234,2234,2235,317362499,2^317362499-1,STRUCTURAL_SCREEN_EXHAUSTED_PRIMALITY_UNASSIGNED,GF3A_DIRECTIONAL_WRITE_EXHAUSTED_PRIMALITY_UNASSIGNED,514,512,512,NO_RECORDED_FACTOR_PRP_OR_LL_RESULT_AND_NO_ACTIVE_GIMPS_ASSIGNMENT,2026-08-08T19:16:24+00:00,UNALLOCATED,,,,,
SLCMP700-2235,2235,2236,317362541,2^317362541-1,STRUCTURAL_SCREEN_EXHAUSTED_PRIMALITY_UNASSIGNED,GF3A_DIRECTIONAL_WRITE_EXHAUSTED_PRIMALITY_UNASSIGNED,513,512,512,NO_RECORDED_FACTOR_PRP_OR_LL_RESULT_AND_NO_ACTIVE_GIMPS_ASSIGNMENT,2026-08-08T19:16:24+00:00,UNALLOCATED,,,,,
SLCMP700-2236,2236,2237,317362553,2^317362553-1,STRUCTURAL_SCREEN_EXHAUSTED_PRIMALITY_UNASSIGNED,GF3A_DIRECTIONAL_WRITE_EXHAUSTED_PRIMALITY_UNASSIGNED,513,512,512,NO_RECORDED_FACTOR_PRP_OR_LL_RESULT_AND_NO_ACTIVE_GIMPS_ASSIGNMENT,2026-08-08T19:16:24+00:00,UNALLOCATED,,,,,
SLCMP700-2237,2237,2238,317362663,2^317362663-1,STRUCTURAL_SCREEN_EXHAUSTED_PRIMALITY_UNASSIGNED,GF3A_DIRECTIONAL_WRITE_EXHAUSTED_PRIMALITY_UNASSIGNED,514,512,512,NO_RECORDED_FACTOR_PRP_OR_LL_RESULT_AND_NO_ACTIVE_GIMPS_ASSIGNMENT,2026-08-08T19:16:24+00:00,UNALLOCATED,,,,,
SLCMP700-2238,2238,2239,317362729,2^317362729-1,STRUCTURAL_SCREEN_EXHAUSTED_PRIMALITY_UNASSIGNED,GF3A_DIRECTIONAL_WRITE_EXHAUSTED_PRIMALITY_UNASSIGNED,513,512,512,NO_RECORDED_FACTOR_PRP_OR_LL_RESULT_AND_NO_ACTIVE_GIMPS_ASSIGNMENT,2026-08-08T19:16:24+00:00,UNALLOCATED,,,,,
SLCMP700-2239,2239,2240,317362733,2^317362733-1,STRUCTURAL_SCREEN_EXHAUSTED_PRIMALITY_UNASSIGNED,GF3A_DIRECTIONAL_WRITE_EXHAUSTED_PRIMALITY_UNASSIGNED,513,512,512,NO_RECORDED_FACTOR_PRP_OR_LL_RESULT_AND_NO_ACTIVE_GIMPS_ASSIGNMENT,2026-08-08T19:16:24+00:00,UNALLOCATED,,,,,
SLCMP700-2240,2240,2241,317362741,2^317362741-1,STRUCTURAL_SCREEN_EXHAUSTED_PRIMALITY_UNASSIGNED,GF3A_DIRECTIONAL_WRITE_EXHAUSTED_PRIMALITY_UNASSIGNED,513,512,512,NO_RECORDED_FACTOR_PRP_OR_LL_RESULT_AND_NO_ACTIVE_GIMPS_ASSIGNMENT,2026-08-08T19:16:24+00:00,UNALLOCATED,,,,,
SLCMP700-2241,2241,2242,317362769,2^317362769-1,STRUCTURAL_SCREEN_EXHAUSTED_PRIMALITY_UNASSIGNED,GF3A_DIRECTIONAL_WRITE_EXHAUSTED_PRIMALITY_UNASSIGNED,513,512,512,NO_RECORDED_FACTOR_PRP_OR_LL_RESULT_AND_NO_ACTIVE_GIMPS_ASSIGNMENT,2026-08-08T19:16:24+00:00,UNALLOCATED,,,,,
SLCMP700-2242,2242,2243,317362789,2^317362789-1,STRUCTURAL_SCREEN_EXHAUSTED_PRIMALITY_UNASSIGNED,GF3A_DIRECTIONAL_WRITE_EXHAUSTED_PRIMALITY_UNASSIGNED,513,512,512,NO_RECORDED_FACTOR_PRP_OR_LL_RESULT_AND_NO_ACTIVE_GIMPS_ASSIGNMENT,2026-08-08T19:16:24+00:00,UNALLOCATED,,,,,
SLCMP700-2243,2243,2244,317362823,2^317362823-1,STRUCTURAL_SCREEN_EXHAUSTED_PRIMALITY_UNASSIGNED,GF3A_DIRECTIONAL_WRITE_EXHAUSTED_PRIMALITY_UNASSIGNED,514,512,512,NO_RECORDED_FACTOR_PRP_OR_LL_RESULT_AND_NO_ACTIVE_GIMPS_ASSIGNMENT,2026-08-08T19:16:24+00:00,UNALLOCATED,,,,,
SLCMP700-2244,2244,2245,317362939,2^317362939-1,STRUCTURAL_SCREEN_EXHAUSTED_PRIMALITY_UNASSIGNED,GF3A_DIRECTIONAL_WRITE_EXHAUSTED_PRIMALITY_UNASSIGNED,514,512,512,NO_RECORDED_FACTOR_PRP_OR_LL_RESULT_AND_NO_ACTIVE_GIMPS_ASSIGNMENT,2026-08-08T19:16:24+00:00,UNALLOCATED,,,,,
SLCMP700-2245,2245,2246,317363071,2^317363071-1,STRUCTURAL_SCREEN_EXHAUSTED_PRIMALITY_UNASSIGNED,GF3A_DIRECTIONAL_WRITE_EXHAUSTED_PRIMALITY_UNASSIGNED,514,512,512,NO_RECORDED_FACTOR_PRP_OR_LL_RESULT_AND_NO_ACTIVE_GIMPS_ASSIGNMENT,2026-08-08T19:16:24+00:00,UNALLOCATED,,,,,
SLCMP700-2246,2246,2247,317363149,2^317363149-1,STRUCTURAL_SCREEN_EXHAUSTED_PRIMALITY_UNASSIGNED,GF3A_DIRECTIONAL_WRITE_EXHAUSTED_PRIMALITY_UNASSIGNED,513,512,512,NO_RECORDED_FACTOR_PRP_OR_LL_RESULT_AND_NO_ACTIVE_GIMPS_ASSIGNMENT,2026-08-08T19:16:24+00:00,UNALLOCATED,,,,,
SLCMP700-2247,2247,2248,317363159,2^317363159-1,STRUCTURAL_SCREEN_EXHAUSTED_PRIMALITY_UNASSIGNED,GF3A_DIRECTIONAL_WRITE_EXHAUSTED_PRIMALITY_UNASSIGNED,514,512,512,NO_RECORDED_FACTOR_PRP_OR_LL_RESULT_AND_NO_ACTIVE_GIMPS_ASSIGNMENT,2026-08-08T19:16:24+00:00,UNALLOCATED,,,,,
SLCMP700-2248,2248,2249,317363219,2^317363219-1,STRUCTURAL_SCREEN_EXHAUSTED_PRIMALITY_UNASSIGNED,GF3A_DIRECTIONAL_WRITE_EXHAUSTED_PRIMALITY_UNASSIGNED,514,512,512,NO_RECORDED_FACTOR_PRP_OR_LL_RESULT_AND_NO_ACTIVE_GIMPS_ASSIGNMENT,2026-08-08T19:16:24+00:00,UNALLOCATED,,,,,
SLCMP700-2249,2249,2250,317363227,2^317363227-1,STRUCTURAL_SCREEN_EXHAUSTED_PRIMALITY_UNASSIGNED,GF3A_DIRECTIONAL_WRITE_EXHAUSTED_PRIMALITY_UNASSIGNED,514,512,512,NO_RECORDED_FACTOR_PRP_OR_LL_RESULT_AND_NO_ACTIVE_GIMPS_ASSIGNMENT,2026-08-08T19:16:24+00:00,UNALLOCATED,,,,,
SLCMP700-2250,2250,2251,317363279,2^317363279-1,STRUCTURAL_SCREEN_EXHAUSTED_PRIMALITY_UNASSIGNED,GF3A_DIRECTIONAL_WRITE_EXHAUSTED_PRIMALITY_UNASSIGNED,514,512,512,NO_RECORDED_FACTOR_PRP_OR_LL_RESULT_AND_NO_ACTIVE_GIMPS_ASSIGNMENT,2026-08-08T19:16:24+00:00,UNALLOCATED,,,,,
SLCMP700-2251,2251,2252,317363287,2^317363287-1,STRUCTURAL_SCREEN_EXHAUSTED_PRIMALITY_UNASSIGNED,GF3A_DIRECTIONAL_WRITE_EXHAUSTED_PRIMALITY_UNASSIGNED,514,512,512,NO_RECORDED_FACTOR_PRP_OR_LL_RESULT_AND_NO_ACTIVE_GIMPS_ASSIGNMENT,2026-08-08T19:16:24+00:00,UNALLOCATED,,,,,
SLCMP700-2252,2252,2253,317363341,2^317363341-1,STRUCTURAL_SCREEN_EXHAUSTED_PRIMALITY_UNASSIGNED,GF3A_DIRECTIONAL_WRITE_EXHAUSTED_PRIMALITY_UNASSIGNED,513,512,512,NO_RECORDED_FACTOR_PRP_OR_LL_RESULT_AND_NO_ACTIVE_GIMPS_ASSIGNMENT,2026-08-08T19:16:24+00:00,UNALLOCATED,,,,,
SLCMP700-2253,2253,2254,317363359,2^317363359-1,STRUCTURAL_SCREEN_EXHAUSTED_PRIMALITY_UNASSIGNED,GF3A_DIRECTIONAL_WRITE_EXHAUSTED_PRIMALITY_UNASSIGNED,514,512,512,NO_RECORDED_FACTOR_PRP_OR_LL_RESULT_AND_NO_ACTIVE_GIMPS_ASSIGNMENT,2026-08-08T19:16:24+00:00,UNALLOCATED,,,,,
SLCMP700-2254,2254,2255,317363363,2^317363363-1,STRUCTURAL_SCREEN_EXHAUSTED_PRIMALITY_UNASSIGNED,GF3A_DIRECTIONAL_WRITE_EXHAUSTED_PRIMALITY_UNASSIGNED,514,512,512,NO_RECORDED_FACTOR_PRP_OR_LL_RESULT_AND_NO_ACTIVE_GIMPS_ASSIGNMENT,2026-08-08T19:16:24+00:00,UNALLOCATED,,,,,
SLCMP700-2255,2255,2256,317363381,2^317363381-1,STRUCTURAL_SCREEN_EXHAUSTED_PRIMALITY_UNASSIGNED,GF3A_DIRECTIONAL_WRITE_EXHAUSTED_PRIMALITY_UNASSIGNED,513,512,512,NO_RECORDED_FACTOR_PRP_OR_LL_RESULT_AND_NO_ACTIVE_GIMPS_ASSIGNMENT,2026-08-08T19:16:24+00:00,UNALLOCATED,,,,,
SLCMP700-2256,2256,2257,317363413,2^317363413-1,STRUCTURAL_SCREEN_EXHAUSTED_PRIMALITY_UNASSIGNED,GF3A_DIRECTIONAL_WRITE_EXHAUSTED_PRIMALITY_UNASSIGNED,513,512,512,NO_RECORDED_FACTOR_PRP_OR_LL_RESULT_AND_NO_ACTIVE_GIMPS_ASSIGNMENT,2026-08-08T19:16:24+00:00,UNALLOCATED,,,,,
SLCMP700-2257,2257,2258,317363471,2^317363471-1,STRUCTURAL_SCREEN_EXHAUSTED_PRIMALITY_UNASSIGNED,GF3A_DIRECTIONAL_WRITE_EXHAUSTED_PRIMALITY_UNASSIGNED,514,512,512,NO_RECORDED_FACTOR_PRP_OR_LL_RESULT_AND_NO_ACTIVE_GIMPS_ASSIGNMENT,2026-08-08T19:16:24+00:00,UNALLOCATED,,,,,
SLCMP700-2258,2258,2259,317363567,2^317363567-1,STRUCTURAL_SCREEN_EXHAUSTED_PRIMALITY_UNASSIGNED,GF3A_DIRECTIONAL_WRITE_EXHAUSTED_PRIMALITY_UNASSIGNED,514,512,512,NO_RECORDED_FACTOR_PRP_OR_LL_RESULT_AND_NO_ACTIVE_GIMPS_ASSIGNMENT,2026-08-08T19:16:24+00:00,UNALLOCATED,,,,,
SLCMP700-2259,2259,2260,317363569,2^317363569-1,STRUCTURAL_SCREEN_EXHAUSTED_PRIMALITY_UNASSIGNED,GF3A_DIRECTIONAL_WRITE_EXHAUSTED_PRIMALITY_UNASSIGNED,513,512,512,NO_RECORDED_FACTOR_PRP_OR_LL_RESULT_AND_NO_ACTIVE_GIMPS_ASSIGNMENT,2026-08-08T19:16:24+00:00,UNALLOCATED,,,,,
SLCMP700-2260,2260,2261,317363573,2^317363573-1,STRUCTURAL_SCREEN_EXHAUSTED_PRIMALITY_UNASSIGNED,GF3A_DIRECTIONAL_WRITE_EXHAUSTED_PRIMALITY_UNASSIGNED,513,512,512,NO_RECORDED_FACTOR_PRP_OR_LL_RESULT_AND_NO_ACTIVE_GIMPS_ASSIGNMENT,2026-08-08T19:16:24+00:00,UNALLOCATED,,,,,
SLCMP700-2261,2261,2262,317363659,2^317363659-1,STRUCTURAL_SCREEN_EXHAUSTED_PRIMALITY_UNASSIGNED,GF3A_DIRECTIONAL_WRITE_EXHAUSTED_PRIMALITY_UNASSIGNED,514,512,512,NO_RECORDED_FACTOR_PRP_OR_LL_RESULT_AND_NO_ACTIVE_GIMPS_ASSIGNMENT,2026-08-08T19:16:24+00:00,UNALLOCATED,,,,,
SLCMP700-2262,2262,2263,317363741,2^317363741-1,STRUCTURAL_SCREEN_EXHAUSTED_PRIMALITY_UNASSIGNED,GF3A_DIRECTIONAL_WRITE_EXHAUSTED_PRIMALITY_UNASSIGNED,513,512,512,NO_RECORDED_FACTOR_PRP_OR_LL_RESULT_AND_NO_ACTIVE_GIMPS_ASSIGNMENT,2026-08-08T19:16:24+00:00,UNALLOCATED,,,,,
SLCMP700-2263,2263,2264,317363759,2^317363759-1,STRUCTURAL_SCREEN_EXHAUSTED_PRIMALITY_UNASSIGNED,GF3A_DIRECTIONAL_WRITE_EXHAUSTED_PRIMALITY_UNASSIGNED,514,512,512,NO_RECORDED_FACTOR_PRP_OR_LL_RESULT_AND_NO_ACTIVE_GIMPS_ASSIGNMENT,2026-08-08T19:16:24+00:00,UNALLOCATED,,,,,
SLCMP700-2264,2264,2265,317363953,2^317363953-1,STRUCTURAL_SCREEN_EXHAUSTED_PRIMALITY_UNASSIGNED,GF3A_DIRECTIONAL_WRITE_EXHAUSTED_PRIMALITY_UNASSIGNED,513,512,512,NO_RECORDED_FACTOR_PRP_OR_LL_RESULT_AND_NO_ACTIVE_GIMPS_ASSIGNMENT,2026-08-08T19:16:24+00:00,UNALLOCATED,,,,,
SLCMP700-2265,2265,2266,317364017,2^317364017-1,STRUCTURAL_SCREEN_EXHAUSTED_PRIMALITY_UNASSIGNED,GF3A_DIRECTIONAL_WRITE_EXHAUSTED_PRIMALITY_UNASSIGNED,513,512,512,NO_RECORDED_FACTOR_PRP_OR_LL_RESULT_AND_NO_ACTIVE_GIMPS_ASSIGNMENT,2026-08-08T19:16:24+00:00,UNALLOCATED,,,,,
SLCMP700-2266,2266,2267,317364031,2^317364031-1,STRUCTURAL_SCREEN_EXHAUSTED_PRIMALITY_UNASSIGNED,GF3A_DIRECTIONAL_WRITE_EXHAUSTED_PRIMALITY_UNASSIGNED,514,512,512,NO_RECORDED_FACTOR_PRP_OR_LL_RESULT_AND_NO_ACTIVE_GIMPS_ASSIGNMENT,2026-08-08T19:16:24+00:00,UNALLOCATED,,,,,
SLCMP700-2267,2267,2268,317364101,2^317364101-1,STRUCTURAL_SCREEN_EXHAUSTED_PRIMALITY_UNASSIGNED,GF3A_DIRECTIONAL_WRITE_EXHAUSTED_PRIMALITY_UNASSIGNED,513,512,512,NO_RECORDED_FACTOR_PRP_OR_LL_RESULT_AND_NO_ACTIVE_GIMPS_ASSIGNMENT,2026-08-08T19:16:24+00:00,UNALLOCATED,,,,,
SLCMP700-2268,2268,2269,317364181,2^317364181-1,STRUCTURAL_SCREEN_EXHAUSTED_PRIMALITY_UNASSIGNED,GF3A_DIRECTIONAL_WRITE_EXHAUSTED_PRIMALITY_UNASSIGNED,513,512,512,NO_RECORDED_FACTOR_PRP_OR_LL_RESULT_AND_NO_ACTIVE_GIMPS_ASSIGNMENT,2026-08-08T19:16:24+00:00,UNALLOCATED,,,,,
SLCMP700-2269,2269,2270,317364191,2^317364191-1,STRUCTURAL_SCREEN_EXHAUSTED_PRIMALITY_UNASSIGNED,GF3A_DIRECTIONAL_WRITE_EXHAUSTED_PRIMALITY_UNASSIGNED,514,512,512,NO_RECORDED_FACTOR_PRP_OR_LL_RESULT_AND_NO_ACTIVE_GIMPS_ASSIGNMENT,2026-08-08T19:16:24+00:00,UNALLOCATED,,,,,
SLCMP700-2270,2270,2271,317364241,2^317364241-1,STRUCTURAL_SCREEN_EXHAUSTED_PRIMALITY_UNASSIGNED,GF3A_DIRECTIONAL_WRITE_EXHAUSTED_PRIMALITY_UNASSIGNED,513,512,512,NO_RECORDED_FACTOR_PRP_OR_LL_RESULT_AND_NO_ACTIVE_GIMPS_ASSIGNMENT,2026-08-08T19:16:24+00:00,UNALLOCATED,,,,,
SLCMP700-2271,2271,2272,317364253,2^317364253-1,STRUCTURAL_SCREEN_EXHAUSTED_PRIMALITY_UNASSIGNED,GF3A_DIRECTIONAL_WRITE_EXHAUSTED_PRIMALITY_UNASSIGNED,513,512,512,NO_RECORDED_FACTOR_PRP_OR_LL_RESULT_AND_NO_ACTIVE_GIMPS_ASSIGNMENT,2026-08-08T19:16:24+00:00,UNALLOCATED,,,,,
SLCMP700-2272,2272,2273,317364269,2^317364269-1,STRUCTURAL_SCREEN_EXHAUSTED_PRIMALITY_UNASSIGNED,GF3A_DIRECTIONAL_WRITE_EXHAUSTED_PRIMALITY_UNASSIGNED,513,512,512,NO_RECORDED_FACTOR_PRP_OR_LL_RESULT_AND_NO_ACTIVE_GIMPS_ASSIGNMENT,2026-08-08T19:16:24+00:00,UNALLOCATED,,,,,
SLCMP700-2273,2273,2274,317364337,2^317364337-1,STRUCTURAL_SCREEN_EXHAUSTED_PRIMALITY_UNASSIGNED,GF3A_DIRECTIONAL_WRITE_EXHAUSTED_PRIMALITY_UNASSIGNED,513,512,512,NO_RECORDED_FACTOR_PRP_OR_LL_RESULT_AND_NO_ACTIVE_GIMPS_ASSIGNMENT,2026-08-08T19:16:24+00:00,UNALLOCATED,,,,,
SLCMP700-2274,2274,2275,317364389,2^317364389-1,STRUCTURAL_SCREEN_EXHAUSTED_PRIMALITY_UNASSIGNED,GF3A_DIRECTIONAL_WRITE_EXHAUSTED_PRIMALITY_UNASSIGNED,513,512,512,NO_RECORDED_FACTOR_PRP_OR_LL_RESULT_AND_NO_ACTIVE_GIMPS_ASSIGNMENT,2026-08-08T19:16:24+00:00,UNALLOCATED,,,,,
SLCMP700-2275,2275,2276,317364413,2^317364413-1,STRUCTURAL_SCREEN_EXHAUSTED_PRIMALITY_UNASSIGNED,GF3A_DIRECTIONAL_WRITE_EXHAUSTED_PRIMALITY_UNASSIGNED,513,512,512,NO_RECORDED_FACTOR_PRP_OR_LL_RESULT_AND_NO_ACTIVE_GIMPS_ASSIGNMENT,2026-08-08T19:16:24+00:00,UNALLOCATED,,,,,
SLCMP700-2276,2276,2277,317364529,2^317364529-1,STRUCTURAL_SCREEN_EXHAUSTED_PRIMALITY_UNASSIGNED,GF3A_DIRECTIONAL_WRITE_EXHAUSTED_PRIMALITY_UNASSIGNED,513,512,512,NO_RECORDED_FACTOR_PRP_OR_LL_RESULT_AND_NO_ACTIVE_GIMPS_ASSIGNMENT,2026-08-08T19:16:24+00:00,UNALLOCATED,,,,,
SLCMP700-2277,2277,2278,317364587,2^317364587-1,STRUCTURAL_SCREEN_EXHAUSTED_PRIMALITY_UNASSIGNED,GF3A_DIRECTIONAL_WRITE_EXHAUSTED_PRIMALITY_UNASSIGNED,514,512,512,NO_RECORDED_FACTOR_PRP_OR_LL_RESULT_AND_NO_ACTIVE_GIMPS_ASSIGNMENT,2026-08-08T19:16:24+00:00,UNALLOCATED,,,,,
SLCMP700-2278,2278,2279,317364601,2^317364601-1,STRUCTURAL_SCREEN_EXHAUSTED_PRIMALITY_UNASSIGNED,GF3A_DIRECTIONAL_WRITE_EXHAUSTED_PRIMALITY_UNASSIGNED,513,512,512,NO_RECORDED_FACTOR_PRP_OR_LL_RESULT_AND_NO_ACTIVE_GIMPS_ASSIGNMENT,2026-08-08T19:16:24+00:00,UNALLOCATED,,,,,
SLCMP700-2279,2279,2280,317364613,2^317364613-1,STRUCTURAL_SCREEN_EXHAUSTED_PRIMALITY_UNASSIGNED,GF3A_DIRECTIONAL_WRITE_EXHAUSTED_PRIMALITY_UNASSIGNED,513,512,512,NO_RECORDED_FACTOR_PRP_OR_LL_RESULT_AND_NO_ACTIVE_GIMPS_ASSIGNMENT,2026-08-08T19:16:24+00:00,UNALLOCATED,,,,,
SLCMP700-2280,2280,2281,317364683,2^317364683-1,STRUCTURAL_SCREEN_EXHAUSTED_PRIMALITY_UNASSIGNED,GF3A_DIRECTIONAL_WRITE_EXHAUSTED_PRIMALITY_UNASSIGNED,514,512,512,NO_RECORDED_FACTOR_PRP_OR_LL_RESULT_AND_NO_ACTIVE_GIMPS_ASSIGNMENT,2026-08-08T19:16:24+00:00,UNALLOCATED,,,,,
SLCMP700-2281,2281,2282,317364791,2^317364791-1,STRUCTURAL_SCREEN_EXHAUSTED_PRIMALITY_UNASSIGNED,GF3A_DIRECTIONAL_WRITE_EXHAUSTED_PRIMALITY_UNASSIGNED,514,512,512,NO_RECORDED_FACTOR_PRP_OR_LL_RESULT_AND_NO_ACTIVE_GIMPS_ASSIGNMENT,2026-08-08T19:16:24+00:00,UNALLOCATED,,,,,
SLCMP700-2282,2282,2283,317364937,2^317364937-1,STRUCTURAL_SCREEN_EXHAUSTED_PRIMALITY_UNASSIGNED,GF3A_DIRECTIONAL_WRITE_EXHAUSTED_PRIMALITY_UNASSIGNED,513,512,512,NO_RECORDED_FACTOR_PRP_OR_LL_RESULT_AND_NO_ACTIVE_GIMPS_ASSIGNMENT,2026-08-08T19:16:24+00:00,UNALLOCATED,,,,,
SLCMP700-2283,2283,2284,317364941,2^317364941-1,STRUCTURAL_SCREEN_EXHAUSTED_PRIMALITY_UNASSIGNED,GF3A_DIRECTIONAL_WRITE_EXHAUSTED_PRIMALITY_UNASSIGNED,513,512,512,NO_RECORDED_FACTOR_PRP_OR_LL_RESULT_AND_NO_ACTIVE_GIMPS_ASSIGNMENT,2026-08-08T19:16:24+00:00,UNALLOCATED,,,,,
SLCMP700-2284,2284,2285,317365033,2^317365033-1,STRUCTURAL_SCREEN_EXHAUSTED_PRIMALITY_UNASSIGNED,GF3A_DIRECTIONAL_WRITE_EXHAUSTED_PRIMALITY_UNASSIGNED,513,512,512,NO_RECORDED_FACTOR_PRP_OR_LL_RESULT_AND_NO_ACTIVE_GIMPS_ASSIGNMENT,2026-08-08T19:16:24+00:00,UNALLOCATED,,,,,
SLCMP700-2285,2285,2286,317365187,2^317365187-1,STRUCTURAL_SCREEN_EXHAUSTED_PRIMALITY_UNASSIGNED,GF3A_DIRECTIONAL_WRITE_EXHAUSTED_PRIMALITY_UNASSIGNED,514,512,512,NO_RECORDED_FACTOR_PRP_OR_LL_RESULT_AND_NO_ACTIVE_GIMPS_ASSIGNMENT,2026-08-08T19:16:24+00:00,UNALLOCATED,,,,,
SLCMP700-2286,2286,2287,317365277,2^317365277-1,STRUCTURAL_SCREEN_EXHAUSTED_PRIMALITY_UNASSIGNED,GF3A_DIRECTIONAL_WRITE_EXHAUSTED_PRIMALITY_UNASSIGNED,513,512,512,NO_RECORDED_FACTOR_PRP_OR_LL_RESULT_AND_NO_ACTIVE_GIMPS_ASSIGNMENT,2026-08-08T19:16:24+00:00,UNALLOCATED,,,,,
SLCMP700-2287,2287,2288,317365361,2^317365361-1,STRUCTURAL_SCREEN_EXHAUSTED_PRIMALITY_UNASSIGNED,GF3A_DIRECTIONAL_WRITE_EXHAUSTED_PRIMALITY_UNASSIGNED,513,512,512,NO_RECORDED_FACTOR_PRP_OR_LL_RESULT_AND_NO_ACTIVE_GIMPS_ASSIGNMENT,2026-08-08T19:16:24+00:00,UNALLOCATED,,,,,
SLCMP700-2288,2288,2289,317365403,2^317365403-1,STRUCTURAL_SCREEN_EXHAUSTED_PRIMALITY_UNASSIGNED,GF3A_DIRECTIONAL_WRITE_EXHAUSTED_PRIMALITY_UNASSIGNED,514,512,512,NO_RECORDED_FACTOR_PRP_OR_LL_RESULT_AND_NO_ACTIVE_GIMPS_ASSIGNMENT,2026-08-08T19:16:24+00:00,UNALLOCATED,,,,,
SLCMP700-2289,2289,2290,317365441,2^317365441-1,STRUCTURAL_SCREEN_EXHAUSTED_PRIMALITY_UNASSIGNED,GF3A_DIRECTIONAL_WRITE_EXHAUSTED_PRIMALITY_UNASSIGNED,513,512,512,NO_RECORDED_FACTOR_PRP_OR_LL_RESULT_AND_NO_ACTIVE_GIMPS_ASSIGNMENT,2026-08-08T19:16:24+00:00,UNALLOCATED,,,,,
SLCMP700-2290,2290,2291,317365481,2^317365481-1,STRUCTURAL_SCREEN_EXHAUSTED_PRIMALITY_UNASSIGNED,GF3A_DIRECTIONAL_WRITE_EXHAUSTED_PRIMALITY_UNASSIGNED,513,512,512,NO_RECORDED_FACTOR_PRP_OR_LL_RESULT_AND_NO_ACTIVE_GIMPS_ASSIGNMENT,2026-08-08T19:16:24+00:00,UNALLOCATED,,,,,
SLCMP700-2291,2291,2292,317365511,2^317365511-1,STRUCTURAL_SCREEN_EXHAUSTED_PRIMALITY_UNASSIGNED,GF3A_DIRECTIONAL_WRITE_EXHAUSTED_PRIMALITY_UNASSIGNED,514,512,512,NO_RECORDED_FACTOR_PRP_OR_LL_RESULT_AND_NO_ACTIVE_GIMPS_ASSIGNMENT,2026-08-08T19:16:24+00:00,UNALLOCATED,,,,,
SLCMP700-2292,2292,2293,317365553,2^317365553-1,STRUCTURAL_SCREEN_EXHAUSTED_PRIMALITY_UNASSIGNED,GF3A_DIRECTIONAL_WRITE_EXHAUSTED_PRIMALITY_UNASSIGNED,513,512,512,NO_RECORDED_FACTOR_PRP_OR_LL_RESULT_AND_NO_ACTIVE_GIMPS_ASSIGNMENT,2026-08-08T19:16:24+00:00,UNALLOCATED,,,,,
SLCMP700-2293,2293,2294,317365561,2^317365561-1,STRUCTURAL_SCREEN_EXHAUSTED_PRIMALITY_UNASSIGNED,GF3A_DIRECTIONAL_WRITE_EXHAUSTED_PRIMALITY_UNASSIGNED,513,512,512,NO_RECORDED_FACTOR_PRP_OR_LL_RESULT_AND_NO_ACTIVE_GIMPS_ASSIGNMENT,2026-08-08T19:16:24+00:00,UNALLOCATED,,,,,
SLCMP700-2294,2294,2295,317365637,2^317365637-1,STRUCTURAL_SCREEN_EXHAUSTED_PRIMALITY_UNASSIGNED,GF3A_DIRECTIONAL_WRITE_EXHAUSTED_PRIMALITY_UNASSIGNED,513,512,512,NO_RECORDED_FACTOR_PRP_OR_LL_RESULT_AND_NO_ACTIVE_GIMPS_ASSIGNMENT,2026-08-08T19:16:24+00:00,UNALLOCATED,,,,,
SLCMP700-2295,2295,2296,317365663,2^317365663-1,STRUCTURAL_SCREEN_EXHAUSTED_PRIMALITY_UNASSIGNED,GF3A_DIRECTIONAL_WRITE_EXHAUSTED_PRIMALITY_UNASSIGNED,514,512,512,NO_RECORDED_FACTOR_PRP_OR_LL_RESULT_AND_NO_ACTIVE_GIMPS_ASSIGNMENT,2026-08-08T19:16:24+00:00,UNALLOCATED,,,,,
SLCMP700-2296,2296,2297,317365717,2^317365717-1,STRUCTURAL_SCREEN_EXHAUSTED_PRIMALITY_UNASSIGNED,GF3A_DIRECTIONAL_WRITE_EXHAUSTED_PRIMALITY_UNASSIGNED,513,512,512,NO_RECORDED_FACTOR_PRP_OR_LL_RESULT_AND_NO_ACTIVE_GIMPS_ASSIGNMENT,2026-08-08T19:16:24+00:00,UNALLOCATED,,,,,
SLCMP700-2297,2297,2298,317365771,2^317365771-1,STRUCTURAL_SCREEN_EXHAUSTED_PRIMALITY_UNASSIGNED,GF3A_DIRECTIONAL_WRITE_EXHAUSTED_PRIMALITY_UNASSIGNED,514,512,512,NO_RECORDED_FACTOR_PRP_OR_LL_RESULT_AND_NO_ACTIVE_GIMPS_ASSIGNMENT,2026-08-08T19:16:24+00:00,UNALLOCATED,,,,,
SLCMP700-2298,2298,2299,317365781,2^317365781-1,STRUCTURAL_SCREEN_EXHAUSTED_PRIMALITY_UNASSIGNED,GF3A_DIRECTIONAL_WRITE_EXHAUSTED_PRIMALITY_UNASSIGNED,513,512,512,NO_RECORDED_FACTOR_PRP_OR_LL_RESULT_AND_NO_ACTIVE_GIMPS_ASSIGNMENT,2026-08-08T19:16:24+00:00,UNALLOCATED,,,,,
SLCMP700-2299,2299,2300,317365787,2^317365787-1,STRUCTURAL_SCREEN_EXHAUSTED_PRIMALITY_UNASSIGNED,GF3A_DIRECTIONAL_WRITE_EXHAUSTED_PRIMALITY_UNASSIGNED,514,512,512,NO_RECORDED_FACTOR_PRP_OR_LL_RESULT_AND_NO_ACTIVE_GIMPS_ASSIGNMENT,2026-08-08T19:16:24+00:00,UNALLOCATED,,,,,
SLCMP700-2300,2300,2301,317365813,2^317365813-1,STRUCTURAL_SCREEN_EXHAUSTED_PRIMALITY_UNASSIGNED,GF3A_DIRECTIONAL_WRITE_EXHAUSTED_PRIMALITY_UNASSIGNED,513,512,512,NO_RECORDED_FACTOR_PRP_OR_LL_RESULT_AND_NO_ACTIVE_GIMPS_ASSIGNMENT,2026-08-08T19:16:24+00:00,UNALLOCATED,,,,,
SLCMP700-2301,2301,2302,317365823,2^317365823-1,STRUCTURAL_SCREEN_EXHAUSTED_PRIMALITY_UNASSIGNED,GF3A_DIRECTIONAL_WRITE_EXHAUSTED_PRIMALITY_UNASSIGNED,514,512,512,NO_RECORDED_FACTOR_PRP_OR_LL_RESULT_AND_NO_ACTIVE_GIMPS_ASSIGNMENT,2026-08-08T19:16:24+00:00,UNALLOCATED,,,,,
SLCMP700-2302,2302,2303,317365889,2^317365889-1,STRUCTURAL_SCREEN_EXHAUSTED_PRIMALITY_UNASSIGNED,GF3A_DIRECTIONAL_WRITE_EXHAUSTED_PRIMALITY_UNASSIGNED,513,512,512,NO_RECORDED_FACTOR_PRP_OR_LL_RESULT_AND_NO_ACTIVE_GIMPS_ASSIGNMENT,2026-08-08T19:16:24+00:00,UNALLOCATED,,,,,
SLCMP700-2303,2303,2304,317366141,2^317366141-1,STRUCTURAL_SCREEN_EXHAUSTED_PRIMALITY_UNASSIGNED,GF3A_DIRECTIONAL_WRITE_EXHAUSTED_PRIMALITY_UNASSIGNED,513,512,512,NO_RECORDED_FACTOR_PRP_OR_LL_RESULT_AND_NO_ACTIVE_GIMPS_ASSIGNMENT,2026-08-08T19:16:24+00:00,UNALLOCATED,,,,,
SLCMP700-2304,2304,2305,317366209,2^317366209-1,STRUCTURAL_SCREEN_EXHAUSTED_PRIMALITY_UNASSIGNED,GF3A_DIRECTIONAL_WRITE_EXHAUSTED_PRIMALITY_UNASSIGNED,513,512,512,NO_RECORDED_FACTOR_PRP_OR_LL_RESULT_AND_NO_ACTIVE_GIMPS_ASSIGNMENT,2026-08-08T19:16:24+00:00,UNALLOCATED,,,,,
SLCMP700-2305,2305,2306,317366243,2^317366243-1,STRUCTURAL_SCREEN_EXHAUSTED_PRIMALITY_UNASSIGNED,GF3A_DIRECTIONAL_WRITE_EXHAUSTED_PRIMALITY_UNASSIGNED,514,512,512,NO_RECORDED_FACTOR_PRP_OR_LL_RESULT_AND_NO_ACTIVE_GIMPS_ASSIGNMENT,2026-08-08T19:16:24+00:00,UNALLOCATED,,,,,
SLCMP700-2306,2306,2307,317366267,2^317366267-1,STRUCTURAL_SCREEN_EXHAUSTED_PRIMALITY_UNASSIGNED,GF3A_DIRECTIONAL_WRITE_EXHAUSTED_PRIMALITY_UNASSIGNED,514,512,512,NO_RECORDED_FACTOR_PRP_OR_LL_RESULT_AND_NO_ACTIVE_GIMPS_ASSIGNMENT,2026-08-08T19:16:24+00:00,UNALLOCATED,,,,,
SLCMP700-2307,2307,2308,317366317,2^317366317-1,STRUCTURAL_SCREEN_EXHAUSTED_PRIMALITY_UNASSIGNED,GF3A_DIRECTIONAL_WRITE_EXHAUSTED_PRIMALITY_UNASSIGNED,513,512,512,NO_RECORDED_FACTOR_PRP_OR_LL_RESULT_AND_NO_ACTIVE_GIMPS_ASSIGNMENT,2026-08-08T19:16:24+00:00,UNALLOCATED,,,,,
SLCMP700-2308,2308,2309,317366333,2^317366333-1,STRUCTURAL_SCREEN_EXHAUSTED_PRIMALITY_UNASSIGNED,GF3A_DIRECTIONAL_WRITE_EXHAUSTED_PRIMALITY_UNASSIGNED,513,512,512,NO_RECORDED_FACTOR_PRP_OR_LL_RESULT_AND_NO_ACTIVE_GIMPS_ASSIGNMENT,2026-08-08T19:16:24+00:00,UNALLOCATED,,,,,
SLCMP700-2309,2309,2310,317366389,2^317366389-1,STRUCTURAL_SCREEN_EXHAUSTED_PRIMALITY_UNASSIGNED,GF3A_DIRECTIONAL_WRITE_EXHAUSTED_PRIMALITY_UNASSIGNED,513,512,512,NO_RECORDED_FACTOR_PRP_OR_LL_RESULT_AND_NO_ACTIVE_GIMPS_ASSIGNMENT,2026-08-08T19:16:24+00:00,UNALLOCATED,,,,,
SLCMP700-2310,2310,2311,317366417,2^317366417-1,STRUCTURAL_SCREEN_EXHAUSTED_PRIMALITY_UNASSIGNED,GF3A_DIRECTIONAL_WRITE_EXHAUSTED_PRIMALITY_UNASSIGNED,513,512,512,NO_RECORDED_FACTOR_PRP_OR_LL_RESULT_AND_NO_ACTIVE_GIMPS_ASSIGNMENT,2026-08-08T19:16:24+00:00,UNALLOCATED,,,,,
SLCMP700-2311,2311,2312,317366447,2^317366447-1,STRUCTURAL_SCREEN_EXHAUSTED_PRIMALITY_UNASSIGNED,GF3A_DIRECTIONAL_WRITE_EXHAUSTED_PRIMALITY_UNASSIGNED,514,512,512,NO_RECORDED_FACTOR_PRP_OR_LL_RESULT_AND_NO_ACTIVE_GIMPS_ASSIGNMENT,2026-08-08T19:16:24+00:00,UNALLOCATED,,,,,
SLCMP700-2312,2312,2313,317366563,2^317366563-1,STRUCTURAL_SCREEN_EXHAUSTED_PRIMALITY_UNASSIGNED,GF3A_DIRECTIONAL_WRITE_EXHAUSTED_PRIMALITY_UNASSIGNED,514,512,512,NO_RECORDED_FACTOR_PRP_OR_LL_RESULT_AND_NO_ACTIVE_GIMPS_ASSIGNMENT,2026-08-08T19:16:24+00:00,UNALLOCATED,,,,,
SLCMP700-2313,2313,2314,317366771,2^317366771-1,STRUCTURAL_SCREEN_EXHAUSTED_PRIMALITY_UNASSIGNED,GF3A_DIRECTIONAL_WRITE_EXHAUSTED_PRIMALITY_UNASSIGNED,514,512,512,NO_RECORDED_FACTOR_PRP_OR_LL_RESULT_AND_NO_ACTIVE_GIMPS_ASSIGNMENT,2026-08-08T19:16:24+00:00,UNALLOCATED,,,,,
SLCMP700-2314,2314,2315,317366879,2^317366879-1,STRUCTURAL_SCREEN_EXHAUSTED_PRIMALITY_UNASSIGNED,GF3A_DIRECTIONAL_WRITE_EXHAUSTED_PRIMALITY_UNASSIGNED,514,512,512,NO_RECORDED_FACTOR_PRP_OR_LL_RESULT_AND_NO_ACTIVE_GIMPS_ASSIGNMENT,2026-08-08T19:16:24+00:00,UNALLOCATED,,,,,
SLCMP700-2315,2315,2316,317366953,2^317366953-1,STRUCTURAL_SCREEN_EXHAUSTED_PRIMALITY_UNASSIGNED,GF3A_DIRECTIONAL_WRITE_EXHAUSTED_PRIMALITY_UNASSIGNED,513,512,512,NO_RECORDED_FACTOR_PRP_OR_LL_RESULT_AND_NO_ACTIVE_GIMPS_ASSIGNMENT,2026-08-08T19:16:24+00:00,UNALLOCATED,,,,,
SLCMP700-2316,2316,2317,317367109,2^317367109-1,STRUCTURAL_SCREEN_EXHAUSTED_PRIMALITY_UNASSIGNED,GF3A_DIRECTIONAL_WRITE_EXHAUSTED_PRIMALITY_UNASSIGNED,513,512,512,NO_RECORDED_FACTOR_PRP_OR_LL_RESULT_AND_NO_ACTIVE_GIMPS_ASSIGNMENT,2026-08-08T19:16:24+00:00,UNALLOCATED,,,,,
SLCMP700-2317,2317,2318,317367187,2^317367187-1,STRUCTURAL_SCREEN_EXHAUSTED_PRIMALITY_UNASSIGNED,GF3A_DIRECTIONAL_WRITE_EXHAUSTED_PRIMALITY_UNASSIGNED,514,512,512,NO_RECORDED_FACTOR_PRP_OR_LL_RESULT_AND_NO_ACTIVE_GIMPS_ASSIGNMENT,2026-08-08T19:16:24+00:00,UNALLOCATED,,,,,
SLCMP700-2318,2318,2319,317367221,2^317367221-1,STRUCTURAL_SCREEN_EXHAUSTED_PRIMALITY_UNASSIGNED,GF3A_DIRECTIONAL_WRITE_EXHAUSTED_PRIMALITY_UNASSIGNED,513,512,512,NO_RECORDED_FACTOR_PRP_OR_LL_RESULT_AND_NO_ACTIVE_GIMPS_ASSIGNMENT,2026-08-08T19:16:24+00:00,UNALLOCATED,,,,,
SLCMP700-2319,2319,2320,317367227,2^317367227-1,STRUCTURAL_SCREEN_EXHAUSTED_PRIMALITY_UNASSIGNED,GF3A_DIRECTIONAL_WRITE_EXHAUSTED_PRIMALITY_UNASSIGNED,514,512,512,NO_RECORDED_FACTOR_PRP_OR_LL_RESULT_AND_NO_ACTIVE_GIMPS_ASSIGNMENT,2026-08-08T19:16:24+00:00,UNALLOCATED,,,,,
SLCMP700-2320,2320,2321,317367229,2^317367229-1,STRUCTURAL_SCREEN_EXHAUSTED_PRIMALITY_UNASSIGNED,GF3A_DIRECTIONAL_WRITE_EXHAUSTED_PRIMALITY_UNASSIGNED,513,512,512,NO_RECORDED_FACTOR_PRP_OR_LL_RESULT_AND_NO_ACTIVE_GIMPS_ASSIGNMENT,2026-08-08T19:16:24+00:00,UNALLOCATED,,,,,
SLCMP700-2321,2321,2322,317367331,2^317367331-1,STRUCTURAL_SCREEN_EXHAUSTED_PRIMALITY_UNASSIGNED,GF3A_DIRECTIONAL_WRITE_EXHAUSTED_PRIMALITY_UNASSIGNED,514,512,512,NO_RECORDED_FACTOR_PRP_OR_LL_RESULT_AND_NO_ACTIVE_GIMPS_ASSIGNMENT,2026-08-08T19:16:24+00:00,UNALLOCATED,,,,,
SLCMP700-2322,2322,2323,317367353,2^317367353-1,STRUCTURAL_SCREEN_EXHAUSTED_PRIMALITY_UNASSIGNED,GF3A_DIRECTIONAL_WRITE_EXHAUSTED_PRIMALITY_UNASSIGNED,513,512,512,NO_RECORDED_FACTOR_PRP_OR_LL_RESULT_AND_NO_ACTIVE_GIMPS_ASSIGNMENT,2026-08-08T19:16:24+00:00,UNALLOCATED,,,,,
SLCMP700-2323,2323,2324,317367377,2^317367377-1,STRUCTURAL_SCREEN_EXHAUSTED_PRIMALITY_UNASSIGNED,GF3A_DIRECTIONAL_WRITE_EXHAUSTED_PRIMALITY_UNASSIGNED,513,512,512,NO_RECORDED_FACTOR_PRP_OR_LL_RESULT_AND_NO_ACTIVE_GIMPS_ASSIGNMENT,2026-08-08T19:16:24+00:00,UNALLOCATED,,,,,
SLCMP700-2324,2324,2325,317367397,2^317367397-1,STRUCTURAL_SCREEN_EXHAUSTED_PRIMALITY_UNASSIGNED,GF3A_DIRECTIONAL_WRITE_EXHAUSTED_PRIMALITY_UNASSIGNED,513,512,512,NO_RECORDED_FACTOR_PRP_OR_LL_RESULT_AND_NO_ACTIVE_GIMPS_ASSIGNMENT,2026-08-08T19:16:24+00:00,UNALLOCATED,,,,,
SLCMP700-2325,2325,2326,317367473,2^317367473-1,STRUCTURAL_SCREEN_EXHAUSTED_PRIMALITY_UNASSIGNED,GF3A_DIRECTIONAL_WRITE_EXHAUSTED_PRIMALITY_UNASSIGNED,513,512,512,NO_RECORDED_FACTOR_PRP_OR_LL_RESULT_AND_NO_ACTIVE_GIMPS_ASSIGNMENT,2026-08-08T19:16:24+00:00,UNALLOCATED,,,,,
SLCMP700-2326,2326,2327,317367481,2^317367481-1,STRUCTURAL_SCREEN_EXHAUSTED_PRIMALITY_UNASSIGNED,GF3A_DIRECTIONAL_WRITE_EXHAUSTED_PRIMALITY_UNASSIGNED,513,512,512,NO_RECORDED_FACTOR_PRP_OR_LL_RESULT_AND_NO_ACTIVE_GIMPS_ASSIGNMENT,2026-08-08T19:16:24+00:00,UNALLOCATED,,,,,
SLCMP700-2327,2327,2328,317367529,2^317367529-1,STRUCTURAL_SCREEN_EXHAUSTED_PRIMALITY_UNASSIGNED,GF3A_DIRECTIONAL_WRITE_EXHAUSTED_PRIMALITY_UNASSIGNED,513,512,512,NO_RECORDED_FACTOR_PRP_OR_LL_RESULT_AND_NO_ACTIVE_GIMPS_ASSIGNMENT,2026-08-08T19:16:24+00:00,UNALLOCATED,,,,,
SLCMP700-2328,2328,2329,317367559,2^317367559-1,STRUCTURAL_SCREEN_EXHAUSTED_PRIMALITY_UNASSIGNED,GF3A_DIRECTIONAL_WRITE_EXHAUSTED_PRIMALITY_UNASSIGNED,514,512,512,NO_RECORDED_FACTOR_PRP_OR_LL_RESULT_AND_NO_ACTIVE_GIMPS_ASSIGNMENT,2026-08-08T19:16:24+00:00,UNALLOCATED,,,,,
SLCMP700-2329,2329,2330,317367629,2^317367629-1,STRUCTURAL_SCREEN_EXHAUSTED_PRIMALITY_UNASSIGNED,GF3A_DIRECTIONAL_WRITE_EXHAUSTED_PRIMALITY_UNASSIGNED,513,512,512,NO_RECORDED_FACTOR_PRP_OR_LL_RESULT_AND_NO_ACTIVE_GIMPS_ASSIGNMENT,2026-08-08T19:16:24+00:00,UNALLOCATED,,,,,
SLCMP700-2330,2330,2331,317367647,2^317367647-1,STRUCTURAL_SCREEN_EXHAUSTED_PRIMALITY_UNASSIGNED,GF3A_DIRECTIONAL_WRITE_EXHAUSTED_PRIMALITY_UNASSIGNED,514,512,512,NO_RECORDED_FACTOR_PRP_OR_LL_RESULT_AND_NO_ACTIVE_GIMPS_ASSIGNMENT,2026-08-08T19:16:24+00:00,UNALLOCATED,,,,,
SLCMP700-2331,2331,2332,317367857,2^317367857-1,STRUCTURAL_SCREEN_EXHAUSTED_PRIMALITY_UNASSIGNED,GF3A_DIRECTIONAL_WRITE_EXHAUSTED_PRIMALITY_UNASSIGNED,513,512,512,NO_RECORDED_FACTOR_PRP_OR_LL_RESULT_AND_NO_ACTIVE_GIMPS_ASSIGNMENT,2026-08-08T19:16:24+00:00,UNALLOCATED,,,,,
SLCMP700-2332,2332,2333,317367899,2^317367899-1,STRUCTURAL_SCREEN_EXHAUSTED_PRIMALITY_UNASSIGNED,GF3A_DIRECTIONAL_WRITE_EXHAUSTED_PRIMALITY_UNASSIGNED,514,512,512,NO_RECORDED_FACTOR_PRP_OR_LL_RESULT_AND_NO_ACTIVE_GIMPS_ASSIGNMENT,2026-08-08T19:16:24+00:00,UNALLOCATED,,,,,
SLCMP700-2333,2333,2334,317367949,2^317367949-1,STRUCTURAL_SCREEN_EXHAUSTED_PRIMALITY_UNASSIGNED,GF3A_DIRECTIONAL_WRITE_EXHAUSTED_PRIMALITY_UNASSIGNED,513,512,512,NO_RECORDED_FACTOR_PRP_OR_LL_RESULT_AND_NO_ACTIVE_GIMPS_ASSIGNMENT,2026-08-08T19:16:24+00:00,UNALLOCATED,,,,,
SLCMP700-2334,2334,2335,317367983,2^317367983-1,STRUCTURAL_SCREEN_EXHAUSTED_PRIMALITY_UNASSIGNED,GF3A_DIRECTIONAL_WRITE_EXHAUSTED_PRIMALITY_UNASSIGNED,514,512,512,NO_RECORDED_FACTOR_PRP_OR_LL_RESULT_AND_NO_ACTIVE_GIMPS_ASSIGNMENT,2026-08-08T19:16:24+00:00,UNALLOCATED,,,,,
SLCMP700-2335,2335,2336,317367989,2^317367989-1,STRUCTURAL_SCREEN_EXHAUSTED_PRIMALITY_UNASSIGNED,GF3A_DIRECTIONAL_WRITE_EXHAUSTED_PRIMALITY_UNASSIGNED,513,512,512,NO_RECORDED_FACTOR_PRP_OR_LL_RESULT_AND_NO_ACTIVE_GIMPS_ASSIGNMENT,2026-08-08T19:16:24+00:00,UNALLOCATED,,,,,
SLCMP700-2336,2336,2337,317367991,2^317367991-1,STRUCTURAL_SCREEN_EXHAUSTED_PRIMALITY_UNASSIGNED,GF3A_DIRECTIONAL_WRITE_EXHAUSTED_PRIMALITY_UNASSIGNED,514,512,512,NO_RECORDED_FACTOR_PRP_OR_LL_RESULT_AND_NO_ACTIVE_GIMPS_ASSIGNMENT,2026-08-08T19:16:24+00:00,UNALLOCATED,,,,,
SLCMP700-2337,2337,2338,317368057,2^317368057-1,STRUCTURAL_SCREEN_EXHAUSTED_PRIMALITY_UNASSIGNED,GF3A_DIRECTIONAL_WRITE_EXHAUSTED_PRIMALITY_UNASSIGNED,513,512,512,NO_RECORDED_FACTOR_PRP_OR_LL_RESULT_AND_NO_ACTIVE_GIMPS_ASSIGNMENT,2026-08-08T19:16:24+00:00,UNALLOCATED,,,,,
SLCMP700-2338,2338,2339,317368061,2^317368061-1,STRUCTURAL_SCREEN_EXHAUSTED_PRIMALITY_UNASSIGNED,GF3A_DIRECTIONAL_WRITE_EXHAUSTED_PRIMALITY_UNASSIGNED,513,512,512,NO_RECORDED_FACTOR_PRP_OR_LL_RESULT_AND_NO_ACTIVE_GIMPS_ASSIGNMENT,2026-08-08T19:16:24+00:00,UNALLOCATED,,,,,
SLCMP700-2339,2339,2340,317368147,2^317368147-1,STRUCTURAL_SCREEN_EXHAUSTED_PRIMALITY_UNASSIGNED,GF3A_DIRECTIONAL_WRITE_EXHAUSTED_PRIMALITY_UNASSIGNED,514,512,512,NO_RECORDED_FACTOR_PRP_OR_LL_RESULT_AND_NO_ACTIVE_GIMPS_ASSIGNMENT,2026-08-08T19:16:24+00:00,UNALLOCATED,,,,,
SLCMP700-2340,2340,2341,317368193,2^317368193-1,STRUCTURAL_SCREEN_EXHAUSTED_PRIMALITY_UNASSIGNED,GF3A_DIRECTIONAL_WRITE_EXHAUSTED_PRIMALITY_UNASSIGNED,513,512,512,NO_RECORDED_FACTOR_PRP_OR_LL_RESULT_AND_NO_ACTIVE_GIMPS_ASSIGNMENT,2026-08-08T19:16:24+00:00,UNALLOCATED,,,,,
SLCMP700-2341,2341,2342,317368211,2^317368211-1,STRUCTURAL_SCREEN_EXHAUSTED_PRIMALITY_UNASSIGNED,GF3A_DIRECTIONAL_WRITE_EXHAUSTED_PRIMALITY_UNASSIGNED,514,512,512,NO_RECORDED_FACTOR_PRP_OR_LL_RESULT_AND_NO_ACTIVE_GIMPS_ASSIGNMENT,2026-08-08T19:16:24+00:00,UNALLOCATED,,,,,
SLCMP700-2342,2342,2343,317368231,2^317368231-1,STRUCTURAL_SCREEN_EXHAUSTED_PRIMALITY_UNASSIGNED,GF3A_DIRECTIONAL_WRITE_EXHAUSTED_PRIMALITY_UNASSIGNED,514,512,512,NO_RECORDED_FACTOR_PRP_OR_LL_RESULT_AND_NO_ACTIVE_GIMPS_ASSIGNMENT,2026-08-08T19:16:24+00:00,UNALLOCATED,,,,,
SLCMP700-2343,2343,2344,317368319,2^317368319-1,STRUCTURAL_SCREEN_EXHAUSTED_PRIMALITY_UNASSIGNED,GF3A_DIRECTIONAL_WRITE_EXHAUSTED_PRIMALITY_UNASSIGNED,514,512,512,NO_RECORDED_FACTOR_PRP_OR_LL_RESULT_AND_NO_ACTIVE_GIMPS_ASSIGNMENT,2026-08-08T19:16:24+00:00,UNALLOCATED,,,,,
SLCMP700-2344,2344,2345,317368417,2^317368417-1,STRUCTURAL_SCREEN_EXHAUSTED_PRIMALITY_UNASSIGNED,GF3A_DIRECTIONAL_WRITE_EXHAUSTED_PRIMALITY_UNASSIGNED,513,512,512,NO_RECORDED_FACTOR_PRP_OR_LL_RESULT_AND_NO_ACTIVE_GIMPS_ASSIGNMENT,2026-08-08T19:16:24+00:00,UNALLOCATED,,,,,
SLCMP700-2345,2345,2346,317368463,2^317368463-1,STRUCTURAL_SCREEN_EXHAUSTED_PRIMALITY_UNASSIGNED,GF3A_DIRECTIONAL_WRITE_EXHAUSTED_PRIMALITY_UNASSIGNED,514,512,512,NO_RECORDED_FACTOR_PRP_OR_LL_RESULT_AND_NO_ACTIVE_GIMPS_ASSIGNMENT,2026-08-08T19:16:24+00:00,UNALLOCATED,,,,,
SLCMP700-2346,2346,2347,317368657,2^317368657-1,STRUCTURAL_SCREEN_EXHAUSTED_PRIMALITY_UNASSIGNED,GF3A_DIRECTIONAL_WRITE_EXHAUSTED_PRIMALITY_UNASSIGNED,513,512,512,NO_RECORDED_FACTOR_PRP_OR_LL_RESULT_AND_NO_ACTIVE_GIMPS_ASSIGNMENT,2026-08-08T19:16:24+00:00,UNALLOCATED,,,,,
SLCMP700-2347,2347,2348,317368747,2^317368747-1,STRUCTURAL_SCREEN_EXHAUSTED_PRIMALITY_UNASSIGNED,GF3A_DIRECTIONAL_WRITE_EXHAUSTED_PRIMALITY_UNASSIGNED,514,512,512,NO_RECORDED_FACTOR_PRP_OR_LL_RESULT_AND_NO_ACTIVE_GIMPS_ASSIGNMENT,2026-08-08T19:16:24+00:00,UNALLOCATED,,,,,
SLCMP700-2348,2348,2349,317368759,2^317368759-1,STRUCTURAL_SCREEN_EXHAUSTED_PRIMALITY_UNASSIGNED,GF3A_DIRECTIONAL_WRITE_EXHAUSTED_PRIMALITY_UNASSIGNED,514,512,512,NO_RECORDED_FACTOR_PRP_OR_LL_RESULT_AND_NO_ACTIVE_GIMPS_ASSIGNMENT,2026-08-08T19:16:24+00:00,UNALLOCATED,,,,,
SLCMP700-2349,2349,2350,317368783,2^317368783-1,STRUCTURAL_SCREEN_EXHAUSTED_PRIMALITY_UNASSIGNED,GF3A_DIRECTIONAL_WRITE_EXHAUSTED_PRIMALITY_UNASSIGNED,514,512,512,NO_RECORDED_FACTOR_PRP_OR_LL_RESULT_AND_NO_ACTIVE_GIMPS_ASSIGNMENT,2026-08-08T19:16:24+00:00,UNALLOCATED,,,,,
SLCMP700-2350,2350,2351,317368819,2^317368819-1,STRUCTURAL_SCREEN_EXHAUSTED_PRIMALITY_UNASSIGNED,GF3A_DIRECTIONAL_WRITE_EXHAUSTED_PRIMALITY_UNASSIGNED,514,512,512,NO_RECORDED_FACTOR_PRP_OR_LL_RESULT_AND_NO_ACTIVE_GIMPS_ASSIGNMENT,2026-08-08T19:16:24+00:00,UNALLOCATED,,,,,
SLCMP700-2351,2351,2352,317368993,2^317368993-1,STRUCTURAL_SCREEN_EXHAUSTED_PRIMALITY_UNASSIGNED,GF3A_DIRECTIONAL_WRITE_EXHAUSTED_PRIMALITY_UNASSIGNED,513,512,512,NO_RECORDED_FACTOR_PRP_OR_LL_RESULT_AND_NO_ACTIVE_GIMPS_ASSIGNMENT,2026-08-08T19:16:24+00:00,UNALLOCATED,,,,,
SLCMP700-2352,2352,2353,317369047,2^317369047-1,STRUCTURAL_SCREEN_EXHAUSTED_PRIMALITY_UNASSIGNED,GF3A_DIRECTIONAL_WRITE_EXHAUSTED_PRIMALITY_UNASSIGNED,514,512,512,NO_RECORDED_FACTOR_PRP_OR_LL_RESULT_AND_NO_ACTIVE_GIMPS_ASSIGNMENT,2026-08-08T19:16:24+00:00,UNALLOCATED,,,,,
SLCMP700-2353,2353,2354,317369053,2^317369053-1,STRUCTURAL_SCREEN_EXHAUSTED_PRIMALITY_UNASSIGNED,GF3A_DIRECTIONAL_WRITE_EXHAUSTED_PRIMALITY_UNASSIGNED,513,512,512,NO_RECORDED_FACTOR_PRP_OR_LL_RESULT_AND_NO_ACTIVE_GIMPS_ASSIGNMENT,2026-08-08T19:16:24+00:00,UNALLOCATED,,,,,
SLCMP700-2354,2354,2355,317369099,2^317369099-1,STRUCTURAL_SCREEN_EXHAUSTED_PRIMALITY_UNASSIGNED,GF3A_DIRECTIONAL_WRITE_EXHAUSTED_PRIMALITY_UNASSIGNED,514,512,512,NO_RECORDED_FACTOR_PRP_OR_LL_RESULT_AND_NO_ACTIVE_GIMPS_ASSIGNMENT,2026-08-08T19:16:24+00:00,UNALLOCATED,,,,,
SLCMP700-2355,2355,2356,317369119,2^317369119-1,STRUCTURAL_SCREEN_EXHAUSTED_PRIMALITY_UNASSIGNED,GF3A_DIRECTIONAL_WRITE_EXHAUSTED_PRIMALITY_UNASSIGNED,514,512,512,NO_RECORDED_FACTOR_PRP_OR_LL_RESULT_AND_NO_ACTIVE_GIMPS_ASSIGNMENT,2026-08-08T19:16:24+00:00,UNALLOCATED,,,,,
SLCMP700-2356,2356,2357,317369137,2^317369137-1,STRUCTURAL_SCREEN_EXHAUSTED_PRIMALITY_UNASSIGNED,GF3A_DIRECTIONAL_WRITE_EXHAUSTED_PRIMALITY_UNASSIGNED,513,512,512,NO_RECORDED_FACTOR_PRP_OR_LL_RESULT_AND_NO_ACTIVE_GIMPS_ASSIGNMENT,2026-08-08T19:16:24+00:00,UNALLOCATED,,,,,
SLCMP700-2357,2357,2358,317369191,2^317369191-1,STRUCTURAL_SCREEN_EXHAUSTED_PRIMALITY_UNASSIGNED,GF3A_DIRECTIONAL_WRITE_EXHAUSTED_PRIMALITY_UNASSIGNED,514,512,512,NO_RECORDED_FACTOR_PRP_OR_LL_RESULT_AND_NO_ACTIVE_GIMPS_ASSIGNMENT,2026-08-08T19:16:24+00:00,UNALLOCATED,,,,,
SLCMP700-2358,2358,2359,317369251,2^317369251-1,STRUCTURAL_SCREEN_EXHAUSTED_PRIMALITY_UNASSIGNED,GF3A_DIRECTIONAL_WRITE_EXHAUSTED_PRIMALITY_UNASSIGNED,514,512,512,NO_RECORDED_FACTOR_PRP_OR_LL_RESULT_AND_NO_ACTIVE_GIMPS_ASSIGNMENT,2026-08-08T19:16:24+00:00,UNALLOCATED,,,,,
SLCMP700-2359,2359,2360,317369321,2^317369321-1,STRUCTURAL_SCREEN_EXHAUSTED_PRIMALITY_UNASSIGNED,GF3A_DIRECTIONAL_WRITE_EXHAUSTED_PRIMALITY_UNASSIGNED,513,512,512,NO_RECORDED_FACTOR_PRP_OR_LL_RESULT_AND_NO_ACTIVE_GIMPS_ASSIGNMENT,2026-08-08T19:16:24+00:00,UNALLOCATED,,,,,
SLCMP700-2360,2360,2361,317369329,2^317369329-1,STRUCTURAL_SCREEN_EXHAUSTED_PRIMALITY_UNASSIGNED,GF3A_DIRECTIONAL_WRITE_EXHAUSTED_PRIMALITY_UNASSIGNED,513,512,512,NO_RECORDED_FACTOR_PRP_OR_LL_RESULT_AND_NO_ACTIVE_GIMPS_ASSIGNMENT,2026-08-08T19:16:24+00:00,UNALLOCATED,,,,,
SLCMP700-2361,2361,2362,317369399,2^317369399-1,STRUCTURAL_SCREEN_EXHAUSTED_PRIMALITY_UNASSIGNED,GF3A_DIRECTIONAL_WRITE_EXHAUSTED_PRIMALITY_UNASSIGNED,514,512,512,NO_RECORDED_FACTOR_PRP_OR_LL_RESULT_AND_NO_ACTIVE_GIMPS_ASSIGNMENT,2026-08-08T19:16:24+00:00,UNALLOCATED,,,,,
SLCMP700-2362,2362,2363,317369543,2^317369543-1,STRUCTURAL_SCREEN_EXHAUSTED_PRIMALITY_UNASSIGNED,GF3A_DIRECTIONAL_WRITE_EXHAUSTED_PRIMALITY_UNASSIGNED,514,512,512,NO_RECORDED_FACTOR_PRP_OR_LL_RESULT_AND_NO_ACTIVE_GIMPS_ASSIGNMENT,2026-08-08T19:16:24+00:00,UNALLOCATED,,,,,
SLCMP700-2363,2363,2364,317369567,2^317369567-1,STRUCTURAL_SCREEN_EXHAUSTED_PRIMALITY_UNASSIGNED,GF3A_DIRECTIONAL_WRITE_EXHAUSTED_PRIMALITY_UNASSIGNED,514,512,512,NO_RECORDED_FACTOR_PRP_OR_LL_RESULT_AND_NO_ACTIVE_GIMPS_ASSIGNMENT,2026-08-08T19:16:24+00:00,UNALLOCATED,,,,,
SLCMP700-2364,2364,2365,317369579,2^317369579-1,STRUCTURAL_SCREEN_EXHAUSTED_PRIMALITY_UNASSIGNED,GF3A_DIRECTIONAL_WRITE_EXHAUSTED_PRIMALITY_UNASSIGNED,514,512,512,NO_RECORDED_FACTOR_PRP_OR_LL_RESULT_AND_NO_ACTIVE_GIMPS_ASSIGNMENT,2026-08-08T19:16:24+00:00,UNALLOCATED,,,,,
SLCMP700-2365,2365,2366,317369729,2^317369729-1,STRUCTURAL_SCREEN_EXHAUSTED_PRIMALITY_UNASSIGNED,GF3A_DIRECTIONAL_WRITE_EXHAUSTED_PRIMALITY_UNASSIGNED,513,512,512,NO_RECORDED_FACTOR_PRP_OR_LL_RESULT_AND_NO_ACTIVE_GIMPS_ASSIGNMENT,2026-08-08T19:16:24+00:00,UNALLOCATED,,,,,
SLCMP700-2366,2366,2367,317369747,2^317369747-1,STRUCTURAL_SCREEN_EXHAUSTED_PRIMALITY_UNASSIGNED,GF3A_DIRECTIONAL_WRITE_EXHAUSTED_PRIMALITY_UNASSIGNED,514,512,512,NO_RECORDED_FACTOR_PRP_OR_LL_RESULT_AND_NO_ACTIVE_GIMPS_ASSIGNMENT,2026-08-08T19:16:24+00:00,UNALLOCATED,,,,,
SLCMP700-2367,2367,2368,317369783,2^317369783-1,STRUCTURAL_SCREEN_EXHAUSTED_PRIMALITY_UNASSIGNED,GF3A_DIRECTIONAL_WRITE_EXHAUSTED_PRIMALITY_UNASSIGNED,514,512,512,NO_RECORDED_FACTOR_PRP_OR_LL_RESULT_AND_NO_ACTIVE_GIMPS_ASSIGNMENT,2026-08-08T19:16:24+00:00,UNALLOCATED,,,,,
SLCMP700-2368,2368,2369,317369827,2^317369827-1,STRUCTURAL_SCREEN_EXHAUSTED_PRIMALITY_UNASSIGNED,GF3A_DIRECTIONAL_WRITE_EXHAUSTED_PRIMALITY_UNASSIGNED,514,512,512,NO_RECORDED_FACTOR_PRP_OR_LL_RESULT_AND_NO_ACTIVE_GIMPS_ASSIGNMENT,2026-08-08T19:16:24+00:00,UNALLOCATED,,,,,
SLCMP700-2369,2369,2370,317369887,2^317369887-1,STRUCTURAL_SCREEN_EXHAUSTED_PRIMALITY_UNASSIGNED,GF3A_DIRECTIONAL_WRITE_EXHAUSTED_PRIMALITY_UNASSIGNED,514,512,512,NO_RECORDED_FACTOR_PRP_OR_LL_RESULT_AND_NO_ACTIVE_GIMPS_ASSIGNMENT,2026-08-08T19:16:24+00:00,UNALLOCATED,,,,,
SLCMP700-2370,2370,2371,317369903,2^317369903-1,STRUCTURAL_SCREEN_EXHAUSTED_PRIMALITY_UNASSIGNED,GF3A_DIRECTIONAL_WRITE_EXHAUSTED_PRIMALITY_UNASSIGNED,514,512,512,NO_RECORDED_FACTOR_PRP_OR_LL_RESULT_AND_NO_ACTIVE_GIMPS_ASSIGNMENT,2026-08-08T19:16:24+00:00,UNALLOCATED,,,,,
SLCMP700-2371,2371,2372,317369933,2^317369933-1,STRUCTURAL_SCREEN_EXHAUSTED_PRIMALITY_UNASSIGNED,GF3A_DIRECTIONAL_WRITE_EXHAUSTED_PRIMALITY_UNASSIGNED,513,512,512,NO_RECORDED_FACTOR_PRP_OR_LL_RESULT_AND_NO_ACTIVE_GIMPS_ASSIGNMENT,2026-08-08T19:16:24+00:00,UNALLOCATED,,,,,
SLCMP700-2372,2372,2373,317369951,2^317369951-1,STRUCTURAL_SCREEN_EXHAUSTED_PRIMALITY_UNASSIGNED,GF3A_DIRECTIONAL_WRITE_EXHAUSTED_PRIMALITY_UNASSIGNED,514,512,512,NO_RECORDED_FACTOR_PRP_OR_LL_RESULT_AND_NO_ACTIVE_GIMPS_ASSIGNMENT,2026-08-08T19:16:24+00:00,UNALLOCATED,,,,,
SLCMP700-2373,2373,2374,317370019,2^317370019-1,STRUCTURAL_SCREEN_EXHAUSTED_PRIMALITY_UNASSIGNED,GF3A_DIRECTIONAL_WRITE_EXHAUSTED_PRIMALITY_UNASSIGNED,514,512,512,NO_RECORDED_FACTOR_PRP_OR_LL_RESULT_AND_NO_ACTIVE_GIMPS_ASSIGNMENT,2026-08-08T19:16:24+00:00,UNALLOCATED,,,,,
SLCMP700-2374,2374,2375,317370103,2^317370103-1,STRUCTURAL_SCREEN_EXHAUSTED_PRIMALITY_UNASSIGNED,GF3A_DIRECTIONAL_WRITE_EXHAUSTED_PRIMALITY_UNASSIGNED,514,512,512,NO_RECORDED_FACTOR_PRP_OR_LL_RESULT_AND_NO_ACTIVE_GIMPS_ASSIGNMENT,2026-08-08T19:16:24+00:00,UNALLOCATED,,,,,
SLCMP700-2375,2375,2376,317370121,2^317370121-1,STRUCTURAL_SCREEN_EXHAUSTED_PRIMALITY_UNASSIGNED,GF3A_DIRECTIONAL_WRITE_EXHAUSTED_PRIMALITY_UNASSIGNED,513,512,512,NO_RECORDED_FACTOR_PRP_OR_LL_RESULT_AND_NO_ACTIVE_GIMPS_ASSIGNMENT,2026-08-08T19:16:24+00:00,UNALLOCATED,,,,,
SLCMP700-2376,2376,2377,317370233,2^317370233-1,STRUCTURAL_SCREEN_EXHAUSTED_PRIMALITY_UNASSIGNED,GF3A_DIRECTIONAL_WRITE_EXHAUSTED_PRIMALITY_UNASSIGNED,513,512,512,NO_RECORDED_FACTOR_PRP_OR_LL_RESULT_AND_NO_ACTIVE_GIMPS_ASSIGNMENT,2026-08-08T19:16:24+00:00,UNALLOCATED,,,,,
SLCMP700-2377,2377,2378,317370341,2^317370341-1,STRUCTURAL_SCREEN_EXHAUSTED_PRIMALITY_UNASSIGNED,GF3A_DIRECTIONAL_WRITE_EXHAUSTED_PRIMALITY_UNASSIGNED,513,512,512,NO_RECORDED_FACTOR_PRP_OR_LL_RESULT_AND_NO_ACTIVE_GIMPS_ASSIGNMENT,2026-08-08T19:16:24+00:00,UNALLOCATED,,,,,
SLCMP700-2378,2378,2379,317370359,2^317370359-1,STRUCTURAL_SCREEN_EXHAUSTED_PRIMALITY_UNASSIGNED,GF3A_DIRECTIONAL_WRITE_EXHAUSTED_PRIMALITY_UNASSIGNED,514,512,512,NO_RECORDED_FACTOR_PRP_OR_LL_RESULT_AND_NO_ACTIVE_GIMPS_ASSIGNMENT,2026-08-08T19:16:24+00:00,UNALLOCATED,,,,,
SLCMP700-2379,2379,2380,317370371,2^317370371-1,STRUCTURAL_SCREEN_EXHAUSTED_PRIMALITY_UNASSIGNED,GF3A_DIRECTIONAL_WRITE_EXHAUSTED_PRIMALITY_UNASSIGNED,514,512,512,NO_RECORDED_FACTOR_PRP_OR_LL_RESULT_AND_NO_ACTIVE_GIMPS_ASSIGNMENT,2026-08-08T19:16:24+00:00,UNALLOCATED,,,,,
SLCMP700-2380,2380,2381,317370421,2^317370421-1,STRUCTURAL_SCREEN_EXHAUSTED_PRIMALITY_UNASSIGNED,GF3A_DIRECTIONAL_WRITE_EXHAUSTED_PRIMALITY_UNASSIGNED,513,512,512,NO_RECORDED_FACTOR_PRP_OR_LL_RESULT_AND_NO_ACTIVE_GIMPS_ASSIGNMENT,2026-08-08T19:16:24+00:00,UNALLOCATED,,,,,
SLCMP700-2381,2381,2382,317370481,2^317370481-1,STRUCTURAL_SCREEN_EXHAUSTED_PRIMALITY_UNASSIGNED,GF3A_DIRECTIONAL_WRITE_EXHAUSTED_PRIMALITY_UNASSIGNED,513,512,512,NO_RECORDED_FACTOR_PRP_OR_LL_RESULT_AND_NO_ACTIVE_GIMPS_ASSIGNMENT,2026-08-08T19:16:24+00:00,UNALLOCATED,,,,,
SLCMP700-2382,2382,2383,317370511,2^317370511-1,STRUCTURAL_SCREEN_EXHAUSTED_PRIMALITY_UNASSIGNED,GF3A_DIRECTIONAL_WRITE_EXHAUSTED_PRIMALITY_UNASSIGNED,514,512,512,NO_RECORDED_FACTOR_PRP_OR_LL_RESULT_AND_NO_ACTIVE_GIMPS_ASSIGNMENT,2026-08-08T19:16:24+00:00,UNALLOCATED,,,,,
SLCMP700-2383,2383,2384,317370523,2^317370523-1,STRUCTURAL_SCREEN_EXHAUSTED_PRIMALITY_UNASSIGNED,GF3A_DIRECTIONAL_WRITE_EXHAUSTED_PRIMALITY_UNASSIGNED,514,512,512,NO_RECORDED_FACTOR_PRP_OR_LL_RESULT_AND_NO_ACTIVE_GIMPS_ASSIGNMENT,2026-08-08T19:16:24+00:00,UNALLOCATED,,,,,
SLCMP700-2384,2384,2385,317370593,2^317370593-1,STRUCTURAL_SCREEN_EXHAUSTED_PRIMALITY_UNASSIGNED,GF3A_DIRECTIONAL_WRITE_EXHAUSTED_PRIMALITY_UNASSIGNED,513,512,512,NO_RECORDED_FACTOR_PRP_OR_LL_RESULT_AND_NO_ACTIVE_GIMPS_ASSIGNMENT,2026-08-08T19:16:24+00:00,UNALLOCATED,,,,,
SLCMP700-2385,2385,2386,317370619,2^317370619-1,STRUCTURAL_SCREEN_EXHAUSTED_PRIMALITY_UNASSIGNED,GF3A_DIRECTIONAL_WRITE_EXHAUSTED_PRIMALITY_UNASSIGNED,514,512,512,NO_RECORDED_FACTOR_PRP_OR_LL_RESULT_AND_NO_ACTIVE_GIMPS_ASSIGNMENT,2026-08-08T19:16:24+00:00,UNALLOCATED,,,,,
SLCMP700-2386,2386,2387,317370631,2^317370631-1,STRUCTURAL_SCREEN_EXHAUSTED_PRIMALITY_UNASSIGNED,GF3A_DIRECTIONAL_WRITE_EXHAUSTED_PRIMALITY_UNASSIGNED,514,512,512,NO_RECORDED_FACTOR_PRP_OR_LL_RESULT_AND_NO_ACTIVE_GIMPS_ASSIGNMENT,2026-08-08T19:16:24+00:00,UNALLOCATED,,,,,
SLCMP700-2387,2387,2388,317370689,2^317370689-1,STRUCTURAL_SCREEN_EXHAUSTED_PRIMALITY_UNASSIGNED,GF3A_DIRECTIONAL_WRITE_EXHAUSTED_PRIMALITY_UNASSIGNED,513,512,512,NO_RECORDED_FACTOR_PRP_OR_LL_RESULT_AND_NO_ACTIVE_GIMPS_ASSIGNMENT,2026-08-08T19:16:24+00:00,UNALLOCATED,,,,,
SLCMP700-2388,2388,2389,317370799,2^317370799-1,STRUCTURAL_SCREEN_EXHAUSTED_PRIMALITY_UNASSIGNED,GF3A_DIRECTIONAL_WRITE_EXHAUSTED_PRIMALITY_UNASSIGNED,514,512,512,NO_RECORDED_FACTOR_PRP_OR_LL_RESULT_AND_NO_ACTIVE_GIMPS_ASSIGNMENT,2026-08-08T19:16:24+00:00,UNALLOCATED,,,,,
SLCMP700-2389,2389,2390,317370803,2^317370803-1,STRUCTURAL_SCREEN_EXHAUSTED_PRIMALITY_UNASSIGNED,GF3A_DIRECTIONAL_WRITE_EXHAUSTED_PRIMALITY_UNASSIGNED,514,512,512,NO_RECORDED_FACTOR_PRP_OR_LL_RESULT_AND_NO_ACTIVE_GIMPS_ASSIGNMENT,2026-08-08T19:16:24+00:00,UNALLOCATED,,,,,
SLCMP700-2390,2390,2391,317370817,2^317370817-1,STRUCTURAL_SCREEN_EXHAUSTED_PRIMALITY_UNASSIGNED,GF3A_DIRECTIONAL_WRITE_EXHAUSTED_PRIMALITY_UNASSIGNED,513,512,512,NO_RECORDED_FACTOR_PRP_OR_LL_RESULT_AND_NO_ACTIVE_GIMPS_ASSIGNMENT,2026-08-08T19:16:24+00:00,UNALLOCATED,,,,,
SLCMP700-2391,2391,2392,317370829,2^317370829-1,STRUCTURAL_SCREEN_EXHAUSTED_PRIMALITY_UNASSIGNED,GF3A_DIRECTIONAL_WRITE_EXHAUSTED_PRIMALITY_UNASSIGNED,513,512,512,NO_RECORDED_FACTOR_PRP_OR_LL_RESULT_AND_NO_ACTIVE_GIMPS_ASSIGNMENT,2026-08-08T19:16:24+00:00,UNALLOCATED,,,,,
SLCMP700-2392,2392,2393,317370847,2^317370847-1,STRUCTURAL_SCREEN_EXHAUSTED_PRIMALITY_UNASSIGNED,GF3A_DIRECTIONAL_WRITE_EXHAUSTED_PRIMALITY_UNASSIGNED,514,512,512,NO_RECORDED_FACTOR_PRP_OR_LL_RESULT_AND_NO_ACTIVE_GIMPS_ASSIGNMENT,2026-08-08T19:16:24+00:00,UNALLOCATED,,,,,
SLCMP700-2393,2393,2394,317370857,2^317370857-1,STRUCTURAL_SCREEN_EXHAUSTED_PRIMALITY_UNASSIGNED,GF3A_DIRECTIONAL_WRITE_EXHAUSTED_PRIMALITY_UNASSIGNED,513,512,512,NO_RECORDED_FACTOR_PRP_OR_LL_RESULT_AND_NO_ACTIVE_GIMPS_ASSIGNMENT,2026-08-08T19:16:24+00:00,UNALLOCATED,,,,,
SLCMP700-2394,2394,2395,317370863,2^317370863-1,STRUCTURAL_SCREEN_EXHAUSTED_PRIMALITY_UNASSIGNED,GF3A_DIRECTIONAL_WRITE_EXHAUSTED_PRIMALITY_UNASSIGNED,514,512,512,NO_RECORDED_FACTOR_PRP_OR_LL_RESULT_AND_NO_ACTIVE_GIMPS_ASSIGNMENT,2026-08-08T19:16:24+00:00,UNALLOCATED,,,,,
SLCMP700-2395,2395,2396,317370883,2^317370883-1,STRUCTURAL_SCREEN_EXHAUSTED_PRIMALITY_UNASSIGNED,GF3A_DIRECTIONAL_WRITE_EXHAUSTED_PRIMALITY_UNASSIGNED,514,512,512,NO_RECORDED_FACTOR_PRP_OR_LL_RESULT_AND_NO_ACTIVE_GIMPS_ASSIGNMENT,2026-08-08T19:16:24+00:00,UNALLOCATED,,,,,
SLCMP700-2396,2396,2397,317370929,2^317370929-1,STRUCTURAL_SCREEN_EXHAUSTED_PRIMALITY_UNASSIGNED,GF3A_DIRECTIONAL_WRITE_EXHAUSTED_PRIMALITY_UNASSIGNED,513,512,512,NO_RECORDED_FACTOR_PRP_OR_LL_RESULT_AND_NO_ACTIVE_GIMPS_ASSIGNMENT,2026-08-08T19:16:24+00:00,UNALLOCATED,,,,,
SLCMP700-2397,2397,2398,317370967,2^317370967-1,STRUCTURAL_SCREEN_EXHAUSTED_PRIMALITY_UNASSIGNED,GF3A_DIRECTIONAL_WRITE_EXHAUSTED_PRIMALITY_UNASSIGNED,514,512,512,NO_RECORDED_FACTOR_PRP_OR_LL_RESULT_AND_NO_ACTIVE_GIMPS_ASSIGNMENT,2026-08-08T19:16:24+00:00,UNALLOCATED,,,,,
SLCMP700-2398,2398,2399,317371057,2^317371057-1,STRUCTURAL_SCREEN_EXHAUSTED_PRIMALITY_UNASSIGNED,GF3A_DIRECTIONAL_WRITE_EXHAUSTED_PRIMALITY_UNASSIGNED,513,512,512,NO_RECORDED_FACTOR_PRP_OR_LL_RESULT_AND_NO_ACTIVE_GIMPS_ASSIGNMENT,2026-08-08T19:16:24+00:00,UNALLOCATED,,,,,
SLCMP700-2399,2399,2400,317371073,2^317371073-1,STRUCTURAL_SCREEN_EXHAUSTED_PRIMALITY_UNASSIGNED,GF3A_DIRECTIONAL_WRITE_EXHAUSTED_PRIMALITY_UNASSIGNED,513,512,512,NO_RECORDED_FACTOR_PRP_OR_LL_RESULT_AND_NO_ACTIVE_GIMPS_ASSIGNMENT,2026-08-08T19:16:24+00:00,UNALLOCATED,,,,,
SLCMP700-2400,2400,2401,317371169,2^317371169-1,STRUCTURAL_SCREEN_EXHAUSTED_PRIMALITY_UNASSIGNED,GF3A_DIRECTIONAL_WRITE_EXHAUSTED_PRIMALITY_UNASSIGNED,513,512,512,NO_RECORDED_FACTOR_PRP_OR_LL_RESULT_AND_NO_ACTIVE_GIMPS_ASSIGNMENT,2026-08-08T19:16:24+00:00,UNALLOCATED,,,,,
SLCMP700-2401,2401,2402,317371253,2^317371253-1,STRUCTURAL_SCREEN_EXHAUSTED_PRIMALITY_UNASSIGNED,GF3A_DIRECTIONAL_WRITE_EXHAUSTED_PRIMALITY_UNASSIGNED,513,512,512,NO_RECORDED_FACTOR_PRP_OR_LL_RESULT_AND_NO_ACTIVE_GIMPS_ASSIGNMENT,2026-08-08T19:16:24+00:00,UNALLOCATED,,,,,
SLCMP700-2402,2402,2403,317371277,2^317371277-1,STRUCTURAL_SCREEN_EXHAUSTED_PRIMALITY_UNASSIGNED,GF3A_DIRECTIONAL_WRITE_EXHAUSTED_PRIMALITY_UNASSIGNED,513,512,512,NO_RECORDED_FACTOR_PRP_OR_LL_RESULT_AND_NO_ACTIVE_GIMPS_ASSIGNMENT,2026-08-08T19:16:24+00:00,UNALLOCATED,,,,,
SLCMP700-2403,2403,2404,317371363,2^317371363-1,STRUCTURAL_SCREEN_EXHAUSTED_PRIMALITY_UNASSIGNED,GF3A_DIRECTIONAL_WRITE_EXHAUSTED_PRIMALITY_UNASSIGNED,514,512,512,NO_RECORDED_FACTOR_PRP_OR_LL_RESULT_AND_NO_ACTIVE_GIMPS_ASSIGNMENT,2026-08-08T19:16:24+00:00,UNALLOCATED,,,,,
SLCMP700-2404,2404,2405,317371517,2^317371517-1,STRUCTURAL_SCREEN_EXHAUSTED_PRIMALITY_UNASSIGNED,GF3A_DIRECTIONAL_WRITE_EXHAUSTED_PRIMALITY_UNASSIGNED,513,512,512,NO_RECORDED_FACTOR_PRP_OR_LL_RESULT_AND_NO_ACTIVE_GIMPS_ASSIGNMENT,2026-08-08T19:16:24+00:00,UNALLOCATED,,,,,
SLCMP700-2405,2405,2406,317371553,2^317371553-1,STRUCTURAL_SCREEN_EXHAUSTED_PRIMALITY_UNASSIGNED,GF3A_DIRECTIONAL_WRITE_EXHAUSTED_PRIMALITY_UNASSIGNED,513,512,512,NO_RECORDED_FACTOR_PRP_OR_LL_RESULT_AND_NO_ACTIVE_GIMPS_ASSIGNMENT,2026-08-08T19:16:24+00:00,UNALLOCATED,,,,,
SLCMP700-2406,2406,2407,317371627,2^317371627-1,STRUCTURAL_SCREEN_EXHAUSTED_PRIMALITY_UNASSIGNED,GF3A_DIRECTIONAL_WRITE_EXHAUSTED_PRIMALITY_UNASSIGNED,514,512,512,NO_RECORDED_FACTOR_PRP_OR_LL_RESULT_AND_NO_ACTIVE_GIMPS_ASSIGNMENT,2026-08-08T19:16:24+00:00,UNALLOCATED,,,,,
SLCMP700-2407,2407,2408,317371631,2^317371631-1,STRUCTURAL_SCREEN_EXHAUSTED_PRIMALITY_UNASSIGNED,GF3A_DIRECTIONAL_WRITE_EXHAUSTED_PRIMALITY_UNASSIGNED,514,512,512,NO_RECORDED_FACTOR_PRP_OR_LL_RESULT_AND_NO_ACTIVE_GIMPS_ASSIGNMENT,2026-08-08T19:16:24+00:00,UNALLOCATED,,,,,
SLCMP700-2408,2408,2409,317371667,2^317371667-1,STRUCTURAL_SCREEN_EXHAUSTED_PRIMALITY_UNASSIGNED,GF3A_DIRECTIONAL_WRITE_EXHAUSTED_PRIMALITY_UNASSIGNED,514,512,512,NO_RECORDED_FACTOR_PRP_OR_LL_RESULT_AND_NO_ACTIVE_GIMPS_ASSIGNMENT,2026-08-08T19:16:24+00:00,UNALLOCATED,,,,,
SLCMP700-2409,2409,2410,317371673,2^317371673-1,STRUCTURAL_SCREEN_EXHAUSTED_PRIMALITY_UNASSIGNED,GF3A_DIRECTIONAL_WRITE_EXHAUSTED_PRIMALITY_UNASSIGNED,513,512,512,NO_RECORDED_FACTOR_PRP_OR_LL_RESULT_AND_NO_ACTIVE_GIMPS_ASSIGNMENT,2026-08-08T19:16:24+00:00,UNALLOCATED,,,,,
SLCMP700-2410,2410,2411,317371721,2^317371721-1,STRUCTURAL_SCREEN_EXHAUSTED_PRIMALITY_UNASSIGNED,GF3A_DIRECTIONAL_WRITE_EXHAUSTED_PRIMALITY_UNASSIGNED,513,512,512,NO_RECORDED_FACTOR_PRP_OR_LL_RESULT_AND_NO_ACTIVE_GIMPS_ASSIGNMENT,2026-08-08T19:16:24+00:00,UNALLOCATED,,,,,
SLCMP700-2411,2411,2412,317371729,2^317371729-1,STRUCTURAL_SCREEN_EXHAUSTED_PRIMALITY_UNASSIGNED,GF3A_DIRECTIONAL_WRITE_EXHAUSTED_PRIMALITY_UNASSIGNED,513,512,512,NO_RECORDED_FACTOR_PRP_OR_LL_RESULT_AND_NO_ACTIVE_GIMPS_ASSIGNMENT,2026-08-08T19:16:24+00:00,UNALLOCATED,,,,,
SLCMP700-2412,2412,2413,317371783,2^317371783-1,STRUCTURAL_SCREEN_EXHAUSTED_PRIMALITY_UNASSIGNED,GF3A_DIRECTIONAL_WRITE_EXHAUSTED_PRIMALITY_UNASSIGNED,514,512,512,NO_RECORDED_FACTOR_PRP_OR_LL_RESULT_AND_NO_ACTIVE_GIMPS_ASSIGNMENT,2026-08-08T19:16:24+00:00,UNALLOCATED,,,,,
SLCMP700-2413,2413,2414,317371927,2^317371927-1,STRUCTURAL_SCREEN_EXHAUSTED_PRIMALITY_UNASSIGNED,GF3A_DIRECTIONAL_WRITE_EXHAUSTED_PRIMALITY_UNASSIGNED,514,512,512,NO_RECORDED_FACTOR_PRP_OR_LL_RESULT_AND_NO_ACTIVE_GIMPS_ASSIGNMENT,2026-08-08T19:16:24+00:00,UNALLOCATED,,,,,
SLCMP700-2414,2414,2415,317371933,2^317371933-1,STRUCTURAL_SCREEN_EXHAUSTED_PRIMALITY_UNASSIGNED,GF3A_DIRECTIONAL_WRITE_EXHAUSTED_PRIMALITY_UNASSIGNED,513,512,512,NO_RECORDED_FACTOR_PRP_OR_LL_RESULT_AND_NO_ACTIVE_GIMPS_ASSIGNMENT,2026-08-08T19:16:24+00:00,UNALLOCATED,,,,,
SLCMP700-2415,2415,2416,317371981,2^317371981-1,STRUCTURAL_SCREEN_EXHAUSTED_PRIMALITY_UNASSIGNED,GF3A_DIRECTIONAL_WRITE_EXHAUSTED_PRIMALITY_UNASSIGNED,513,512,512,NO_RECORDED_FACTOR_PRP_OR_LL_RESULT_AND_NO_ACTIVE_GIMPS_ASSIGNMENT,2026-08-08T19:16:24+00:00,UNALLOCATED,,,,,
SLCMP700-2416,2416,2417,317372057,2^317372057-1,STRUCTURAL_SCREEN_EXHAUSTED_PRIMALITY_UNASSIGNED,GF3A_DIRECTIONAL_WRITE_EXHAUSTED_PRIMALITY_UNASSIGNED,513,512,512,NO_RECORDED_FACTOR_PRP_OR_LL_RESULT_AND_NO_ACTIVE_GIMPS_ASSIGNMENT,2026-08-08T19:16:24+00:00,UNALLOCATED,,,,,
SLCMP700-2417,2417,2418,317372071,2^317372071-1,STRUCTURAL_SCREEN_EXHAUSTED_PRIMALITY_UNASSIGNED,GF3A_DIRECTIONAL_WRITE_EXHAUSTED_PRIMALITY_UNASSIGNED,514,512,512,NO_RECORDED_FACTOR_PRP_OR_LL_RESULT_AND_NO_ACTIVE_GIMPS_ASSIGNMENT,2026-08-08T19:16:24+00:00,UNALLOCATED,,,,,
SLCMP700-2418,2418,2419,317372173,2^317372173-1,STRUCTURAL_SCREEN_EXHAUSTED_PRIMALITY_UNASSIGNED,GF3A_DIRECTIONAL_WRITE_EXHAUSTED_PRIMALITY_UNASSIGNED,513,512,512,NO_RECORDED_FACTOR_PRP_OR_LL_RESULT_AND_NO_ACTIVE_GIMPS_ASSIGNMENT,2026-08-08T19:16:24+00:00,UNALLOCATED,,,,,
SLCMP700-2419,2419,2420,317372213,2^317372213-1,STRUCTURAL_SCREEN_EXHAUSTED_PRIMALITY_UNASSIGNED,GF3A_DIRECTIONAL_WRITE_EXHAUSTED_PRIMALITY_UNASSIGNED,513,512,512,NO_RECORDED_FACTOR_PRP_OR_LL_RESULT_AND_NO_ACTIVE_GIMPS_ASSIGNMENT,2026-08-08T19:16:24+00:00,UNALLOCATED,,,,,
SLCMP700-2420,2420,2421,317372261,2^317372261-1,STRUCTURAL_SCREEN_EXHAUSTED_PRIMALITY_UNASSIGNED,GF3A_DIRECTIONAL_WRITE_EXHAUSTED_PRIMALITY_UNASSIGNED,513,512,512,NO_RECORDED_FACTOR_PRP_OR_LL_RESULT_AND_NO_ACTIVE_GIMPS_ASSIGNMENT,2026-08-08T19:16:24+00:00,UNALLOCATED,,,,,
SLCMP700-2421,2421,2422,317372287,2^317372287-1,STRUCTURAL_SCREEN_EXHAUSTED_PRIMALITY_UNASSIGNED,GF3A_DIRECTIONAL_WRITE_EXHAUSTED_PRIMALITY_UNASSIGNED,514,512,512,NO_RECORDED_FACTOR_PRP_OR_LL_RESULT_AND_NO_ACTIVE_GIMPS_ASSIGNMENT,2026-08-08T19:16:24+00:00,UNALLOCATED,,,,,
SLCMP700-2422,2422,2423,317372291,2^317372291-1,STRUCTURAL_SCREEN_EXHAUSTED_PRIMALITY_UNASSIGNED,GF3A_DIRECTIONAL_WRITE_EXHAUSTED_PRIMALITY_UNASSIGNED,514,512,512,NO_RECORDED_FACTOR_PRP_OR_LL_RESULT_AND_NO_ACTIVE_GIMPS_ASSIGNMENT,2026-08-08T19:16:24+00:00,UNALLOCATED,,,,,
SLCMP700-2423,2423,2424,317372299,2^317372299-1,STRUCTURAL_SCREEN_EXHAUSTED_PRIMALITY_UNASSIGNED,GF3A_DIRECTIONAL_WRITE_EXHAUSTED_PRIMALITY_UNASSIGNED,514,512,512,NO_RECORDED_FACTOR_PRP_OR_LL_RESULT_AND_NO_ACTIVE_GIMPS_ASSIGNMENT,2026-08-08T19:16:24+00:00,UNALLOCATED,,,,,
SLCMP700-2424,2424,2425,317372411,2^317372411-1,STRUCTURAL_SCREEN_EXHAUSTED_PRIMALITY_UNASSIGNED,GF3A_DIRECTIONAL_WRITE_EXHAUSTED_PRIMALITY_UNASSIGNED,514,512,512,NO_RECORDED_FACTOR_PRP_OR_LL_RESULT_AND_NO_ACTIVE_GIMPS_ASSIGNMENT,2026-08-08T19:16:24+00:00,UNALLOCATED,,,,,
SLCMP700-2425,2425,2426,317372509,2^317372509-1,STRUCTURAL_SCREEN_EXHAUSTED_PRIMALITY_UNASSIGNED,GF3A_DIRECTIONAL_WRITE_EXHAUSTED_PRIMALITY_UNASSIGNED,513,512,512,NO_RECORDED_FACTOR_PRP_OR_LL_RESULT_AND_NO_ACTIVE_GIMPS_ASSIGNMENT,2026-08-08T19:16:24+00:00,UNALLOCATED,,,,,
SLCMP700-2426,2426,2427,317372527,2^317372527-1,STRUCTURAL_SCREEN_EXHAUSTED_PRIMALITY_UNASSIGNED,GF3A_DIRECTIONAL_WRITE_EXHAUSTED_PRIMALITY_UNASSIGNED,514,512,512,NO_RECORDED_FACTOR_PRP_OR_LL_RESULT_AND_NO_ACTIVE_GIMPS_ASSIGNMENT,2026-08-08T19:16:24+00:00,UNALLOCATED,,,,,
SLCMP700-2427,2427,2428,317372557,2^317372557-1,STRUCTURAL_SCREEN_EXHAUSTED_PRIMALITY_UNASSIGNED,GF3A_DIRECTIONAL_WRITE_EXHAUSTED_PRIMALITY_UNASSIGNED,513,512,512,NO_RECORDED_FACTOR_PRP_OR_LL_RESULT_AND_NO_ACTIVE_GIMPS_ASSIGNMENT,2026-08-08T19:16:24+00:00,UNALLOCATED,,,,,
SLCMP700-2428,2428,2429,317372611,2^317372611-1,STRUCTURAL_SCREEN_EXHAUSTED_PRIMALITY_UNASSIGNED,GF3A_DIRECTIONAL_WRITE_EXHAUSTED_PRIMALITY_UNASSIGNED,514,512,512,NO_RECORDED_FACTOR_PRP_OR_LL_RESULT_AND_NO_ACTIVE_GIMPS_ASSIGNMENT,2026-08-08T19:16:24+00:00,UNALLOCATED,,,,,
SLCMP700-2429,2429,2430,317372719,2^317372719-1,STRUCTURAL_SCREEN_EXHAUSTED_PRIMALITY_UNASSIGNED,GF3A_DIRECTIONAL_WRITE_EXHAUSTED_PRIMALITY_UNASSIGNED,514,512,512,NO_RECORDED_FACTOR_PRP_OR_LL_RESULT_AND_NO_ACTIVE_GIMPS_ASSIGNMENT,2026-08-08T19:16:24+00:00,UNALLOCATED,,,,,
SLCMP700-2430,2430,2431,317372753,2^317372753-1,STRUCTURAL_SCREEN_EXHAUSTED_PRIMALITY_UNASSIGNED,GF3A_DIRECTIONAL_WRITE_EXHAUSTED_PRIMALITY_UNASSIGNED,513,512,512,NO_RECORDED_FACTOR_PRP_OR_LL_RESULT_AND_NO_ACTIVE_GIMPS_ASSIGNMENT,2026-08-08T19:16:24+00:00,UNALLOCATED,,,,,
SLCMP700-2431,2431,2432,317372819,2^317372819-1,STRUCTURAL_SCREEN_EXHAUSTED_PRIMALITY_UNASSIGNED,GF3A_DIRECTIONAL_WRITE_EXHAUSTED_PRIMALITY_UNASSIGNED,514,512,512,NO_RECORDED_FACTOR_PRP_OR_LL_RESULT_AND_NO_ACTIVE_GIMPS_ASSIGNMENT,2026-08-08T19:16:24+00:00,UNALLOCATED,,,,,
SLCMP700-2432,2432,2433,317372953,2^317372953-1,STRUCTURAL_SCREEN_EXHAUSTED_PRIMALITY_UNASSIGNED,GF3A_DIRECTIONAL_WRITE_EXHAUSTED_PRIMALITY_UNASSIGNED,513,512,512,NO_RECORDED_FACTOR_PRP_OR_LL_RESULT_AND_NO_ACTIVE_GIMPS_ASSIGNMENT,2026-08-08T19:16:24+00:00,UNALLOCATED,,,,,
SLCMP700-2433,2433,2434,317372963,2^317372963-1,STRUCTURAL_SCREEN_EXHAUSTED_PRIMALITY_UNASSIGNED,GF3A_DIRECTIONAL_WRITE_EXHAUSTED_PRIMALITY_UNASSIGNED,514,512,512,NO_RECORDED_FACTOR_PRP_OR_LL_RESULT_AND_NO_ACTIVE_GIMPS_ASSIGNMENT,2026-08-08T19:16:24+00:00,UNALLOCATED,,,,,
SLCMP700-2434,2434,2435,317373031,2^317373031-1,STRUCTURAL_SCREEN_EXHAUSTED_PRIMALITY_UNASSIGNED,GF3A_DIRECTIONAL_WRITE_EXHAUSTED_PRIMALITY_UNASSIGNED,514,512,512,NO_RECORDED_FACTOR_PRP_OR_LL_RESULT_AND_NO_ACTIVE_GIMPS_ASSIGNMENT,2026-08-08T19:16:24+00:00,UNALLOCATED,,,,,
SLCMP700-2435,2435,2436,317373059,2^317373059-1,STRUCTURAL_SCREEN_EXHAUSTED_PRIMALITY_UNASSIGNED,GF3A_DIRECTIONAL_WRITE_EXHAUSTED_PRIMALITY_UNASSIGNED,514,512,512,NO_RECORDED_FACTOR_PRP_OR_LL_RESULT_AND_NO_ACTIVE_GIMPS_ASSIGNMENT,2026-08-08T19:16:24+00:00,UNALLOCATED,,,,,
SLCMP700-2436,2436,2437,317373097,2^317373097-1,STRUCTURAL_SCREEN_EXHAUSTED_PRIMALITY_UNASSIGNED,GF3A_DIRECTIONAL_WRITE_EXHAUSTED_PRIMALITY_UNASSIGNED,513,512,512,NO_RECORDED_FACTOR_PRP_OR_LL_RESULT_AND_NO_ACTIVE_GIMPS_ASSIGNMENT,2026-08-08T19:16:24+00:00,UNALLOCATED,,,,,
SLCMP700-2437,2437,2438,317373103,2^317373103-1,STRUCTURAL_SCREEN_EXHAUSTED_PRIMALITY_UNASSIGNED,GF3A_DIRECTIONAL_WRITE_EXHAUSTED_PRIMALITY_UNASSIGNED,514,512,512,NO_RECORDED_FACTOR_PRP_OR_LL_RESULT_AND_NO_ACTIVE_GIMPS_ASSIGNMENT,2026-08-08T19:16:24+00:00,UNALLOCATED,,,,,
SLCMP700-2438,2438,2439,317373139,2^317373139-1,STRUCTURAL_SCREEN_EXHAUSTED_PRIMALITY_UNASSIGNED,GF3A_DIRECTIONAL_WRITE_EXHAUSTED_PRIMALITY_UNASSIGNED,514,512,512,NO_RECORDED_FACTOR_PRP_OR_LL_RESULT_AND_NO_ACTIVE_GIMPS_ASSIGNMENT,2026-08-08T19:16:24+00:00,UNALLOCATED,,,,,
SLCMP700-2439,2439,2440,317373143,2^317373143-1,STRUCTURAL_SCREEN_EXHAUSTED_PRIMALITY_UNASSIGNED,GF3A_DIRECTIONAL_WRITE_EXHAUSTED_PRIMALITY_UNASSIGNED,514,512,512,NO_RECORDED_FACTOR_PRP_OR_LL_RESULT_AND_NO_ACTIVE_GIMPS_ASSIGNMENT,2026-08-08T19:16:24+00:00,UNALLOCATED,,,,,
SLCMP700-2440,2440,2441,317373163,2^317373163-1,STRUCTURAL_SCREEN_EXHAUSTED_PRIMALITY_UNASSIGNED,GF3A_DIRECTIONAL_WRITE_EXHAUSTED_PRIMALITY_UNASSIGNED,514,512,512,NO_RECORDED_FACTOR_PRP_OR_LL_RESULT_AND_NO_ACTIVE_GIMPS_ASSIGNMENT,2026-08-08T19:16:24+00:00,UNALLOCATED,,,,,
SLCMP700-2441,2441,2442,317373227,2^317373227-1,STRUCTURAL_SCREEN_EXHAUSTED_PRIMALITY_UNASSIGNED,GF3A_DIRECTIONAL_WRITE_EXHAUSTED_PRIMALITY_UNASSIGNED,514,512,512,NO_RECORDED_FACTOR_PRP_OR_LL_RESULT_AND_NO_ACTIVE_GIMPS_ASSIGNMENT,2026-08-08T19:16:24+00:00,UNALLOCATED,,,,,
SLCMP700-2442,2442,2443,317373403,2^317373403-1,STRUCTURAL_SCREEN_EXHAUSTED_PRIMALITY_UNASSIGNED,GF3A_DIRECTIONAL_WRITE_EXHAUSTED_PRIMALITY_UNASSIGNED,514,512,512,NO_RECORDED_FACTOR_PRP_OR_LL_RESULT_AND_NO_ACTIVE_GIMPS_ASSIGNMENT,2026-08-08T19:16:24+00:00,UNALLOCATED,,,,,
SLCMP700-2443,2443,2444,317373451,2^317373451-1,STRUCTURAL_SCREEN_EXHAUSTED_PRIMALITY_UNASSIGNED,GF3A_DIRECTIONAL_WRITE_EXHAUSTED_PRIMALITY_UNASSIGNED,514,512,512,NO_RECORDED_FACTOR_PRP_OR_LL_RESULT_AND_NO_ACTIVE_GIMPS_ASSIGNMENT,2026-08-08T19:16:24+00:00,UNALLOCATED,,,,,
SLCMP700-2444,2444,2445,317373571,2^317373571-1,STRUCTURAL_SCREEN_EXHAUSTED_PRIMALITY_UNASSIGNED,GF3A_DIRECTIONAL_WRITE_EXHAUSTED_PRIMALITY_UNASSIGNED,514,512,512,NO_RECORDED_FACTOR_PRP_OR_LL_RESULT_AND_NO_ACTIVE_GIMPS_ASSIGNMENT,2026-08-08T19:16:24+00:00,UNALLOCATED,,,,,
SLCMP700-2445,2445,2446,317373601,2^317373601-1,STRUCTURAL_SCREEN_EXHAUSTED_PRIMALITY_UNASSIGNED,GF3A_DIRECTIONAL_WRITE_EXHAUSTED_PRIMALITY_UNASSIGNED,513,512,512,NO_RECORDED_FACTOR_PRP_OR_LL_RESULT_AND_NO_ACTIVE_GIMPS_ASSIGNMENT,2026-08-08T19:16:24+00:00,UNALLOCATED,,,,,
SLCMP700-2446,2446,2447,317373643,2^317373643-1,STRUCTURAL_SCREEN_EXHAUSTED_PRIMALITY_UNASSIGNED,GF3A_DIRECTIONAL_WRITE_EXHAUSTED_PRIMALITY_UNASSIGNED,514,512,512,NO_RECORDED_FACTOR_PRP_OR_LL_RESULT_AND_NO_ACTIVE_GIMPS_ASSIGNMENT,2026-08-08T19:16:24+00:00,UNALLOCATED,,,,,
SLCMP700-2447,2447,2448,317373671,2^317373671-1,STRUCTURAL_SCREEN_EXHAUSTED_PRIMALITY_UNASSIGNED,GF3A_DIRECTIONAL_WRITE_EXHAUSTED_PRIMALITY_UNASSIGNED,514,512,512,NO_RECORDED_FACTOR_PRP_OR_LL_RESULT_AND_NO_ACTIVE_GIMPS_ASSIGNMENT,2026-08-08T19:16:24+00:00,UNALLOCATED,,,,,
SLCMP700-2448,2448,2449,317373769,2^317373769-1,STRUCTURAL_SCREEN_EXHAUSTED_PRIMALITY_UNASSIGNED,GF3A_DIRECTIONAL_WRITE_EXHAUSTED_PRIMALITY_UNASSIGNED,513,512,512,NO_RECORDED_FACTOR_PRP_OR_LL_RESULT_AND_NO_ACTIVE_GIMPS_ASSIGNMENT,2026-08-08T19:16:24+00:00,UNALLOCATED,,,,,
SLCMP700-2449,2449,2450,317373781,2^317373781-1,STRUCTURAL_SCREEN_EXHAUSTED_PRIMALITY_UNASSIGNED,GF3A_DIRECTIONAL_WRITE_EXHAUSTED_PRIMALITY_UNASSIGNED,513,512,512,NO_RECORDED_FACTOR_PRP_OR_LL_RESULT_AND_NO_ACTIVE_GIMPS_ASSIGNMENT,2026-08-08T19:16:24+00:00,UNALLOCATED,,,,,
SLCMP700-2450,2450,2451,317373787,2^317373787-1,STRUCTURAL_SCREEN_EXHAUSTED_PRIMALITY_UNASSIGNED,GF3A_DIRECTIONAL_WRITE_EXHAUSTED_PRIMALITY_UNASSIGNED,514,512,512,NO_RECORDED_FACTOR_PRP_OR_LL_RESULT_AND_NO_ACTIVE_GIMPS_ASSIGNMENT,2026-08-08T19:16:24+00:00,UNALLOCATED,,,,,
SLCMP700-2451,2451,2452,317373821,2^317373821-1,STRUCTURAL_SCREEN_EXHAUSTED_PRIMALITY_UNASSIGNED,GF3A_DIRECTIONAL_WRITE_EXHAUSTED_PRIMALITY_UNASSIGNED,513,512,512,NO_RECORDED_FACTOR_PRP_OR_LL_RESULT_AND_NO_ACTIVE_GIMPS_ASSIGNMENT,2026-08-08T19:16:24+00:00,UNALLOCATED,,,,,
SLCMP700-2452,2452,2453,317373839,2^317373839-1,STRUCTURAL_SCREEN_EXHAUSTED_PRIMALITY_UNASSIGNED,GF3A_DIRECTIONAL_WRITE_EXHAUSTED_PRIMALITY_UNASSIGNED,514,512,512,NO_RECORDED_FACTOR_PRP_OR_LL_RESULT_AND_NO_ACTIVE_GIMPS_ASSIGNMENT,2026-08-08T19:16:24+00:00,UNALLOCATED,,,,,
SLCMP700-2453,2453,2454,317373949,2^317373949-1,STRUCTURAL_SCREEN_EXHAUSTED_PRIMALITY_UNASSIGNED,GF3A_DIRECTIONAL_WRITE_EXHAUSTED_PRIMALITY_UNASSIGNED,513,512,512,NO_RECORDED_FACTOR_PRP_OR_LL_RESULT_AND_NO_ACTIVE_GIMPS_ASSIGNMENT,2026-08-08T19:16:24+00:00,UNALLOCATED,,,,,
SLCMP700-2454,2454,2455,317373961,2^317373961-1,STRUCTURAL_SCREEN_EXHAUSTED_PRIMALITY_UNASSIGNED,GF3A_DIRECTIONAL_WRITE_EXHAUSTED_PRIMALITY_UNASSIGNED,513,512,512,NO_RECORDED_FACTOR_PRP_OR_LL_RESULT_AND_NO_ACTIVE_GIMPS_ASSIGNMENT,2026-08-08T19:16:24+00:00,UNALLOCATED,,,,,
SLCMP700-2455,2455,2456,317374051,2^317374051-1,STRUCTURAL_SCREEN_EXHAUSTED_PRIMALITY_UNASSIGNED,GF3A_DIRECTIONAL_WRITE_EXHAUSTED_PRIMALITY_UNASSIGNED,514,512,512,NO_RECORDED_FACTOR_PRP_OR_LL_RESULT_AND_NO_ACTIVE_GIMPS_ASSIGNMENT,2026-08-08T19:16:24+00:00,UNALLOCATED,,,,,
SLCMP700-2456,2456,2457,317374069,2^317374069-1,STRUCTURAL_SCREEN_EXHAUSTED_PRIMALITY_UNASSIGNED,GF3A_DIRECTIONAL_WRITE_EXHAUSTED_PRIMALITY_UNASSIGNED,513,512,512,NO_RECORDED_FACTOR_PRP_OR_LL_RESULT_AND_NO_ACTIVE_GIMPS_ASSIGNMENT,2026-08-08T19:16:24+00:00,UNALLOCATED,,,,,
SLCMP700-2457,2457,2458,317374103,2^317374103-1,STRUCTURAL_SCREEN_EXHAUSTED_PRIMALITY_UNASSIGNED,GF3A_DIRECTIONAL_WRITE_EXHAUSTED_PRIMALITY_UNASSIGNED,514,512,512,NO_RECORDED_FACTOR_PRP_OR_LL_RESULT_AND_NO_ACTIVE_GIMPS_ASSIGNMENT,2026-08-08T19:16:24+00:00,UNALLOCATED,,,,,
SLCMP700-2458,2458,2459,317374129,2^317374129-1,STRUCTURAL_SCREEN_EXHAUSTED_PRIMALITY_UNASSIGNED,GF3A_DIRECTIONAL_WRITE_EXHAUSTED_PRIMALITY_UNASSIGNED,513,512,512,NO_RECORDED_FACTOR_PRP_OR_LL_RESULT_AND_NO_ACTIVE_GIMPS_ASSIGNMENT,2026-08-08T19:16:24+00:00,UNALLOCATED,,,,,
SLCMP700-2459,2459,2460,317374147,2^317374147-1,STRUCTURAL_SCREEN_EXHAUSTED_PRIMALITY_UNASSIGNED,GF3A_DIRECTIONAL_WRITE_EXHAUSTED_PRIMALITY_UNASSIGNED,514,512,512,NO_RECORDED_FACTOR_PRP_OR_LL_RESULT_AND_NO_ACTIVE_GIMPS_ASSIGNMENT,2026-08-08T19:16:24+00:00,UNALLOCATED,,,,,
SLCMP700-2460,2460,2461,317374283,2^317374283-1,STRUCTURAL_SCREEN_EXHAUSTED_PRIMALITY_UNASSIGNED,GF3A_DIRECTIONAL_WRITE_EXHAUSTED_PRIMALITY_UNASSIGNED,514,512,512,NO_RECORDED_FACTOR_PRP_OR_LL_RESULT_AND_NO_ACTIVE_GIMPS_ASSIGNMENT,2026-08-08T19:16:24+00:00,UNALLOCATED,,,,,
SLCMP700-2461,2461,2462,317374297,2^317374297-1,STRUCTURAL_SCREEN_EXHAUSTED_PRIMALITY_UNASSIGNED,GF3A_DIRECTIONAL_WRITE_EXHAUSTED_PRIMALITY_UNASSIGNED,513,512,512,NO_RECORDED_FACTOR_PRP_OR_LL_RESULT_AND_NO_ACTIVE_GIMPS_ASSIGNMENT,2026-08-08T19:16:24+00:00,UNALLOCATED,,,,,
SLCMP700-2462,2462,2463,317374417,2^317374417-1,STRUCTURAL_SCREEN_EXHAUSTED_PRIMALITY_UNASSIGNED,GF3A_DIRECTIONAL_WRITE_EXHAUSTED_PRIMALITY_UNASSIGNED,513,512,512,NO_RECORDED_FACTOR_PRP_OR_LL_RESULT_AND_NO_ACTIVE_GIMPS_ASSIGNMENT,2026-08-08T19:16:24+00:00,UNALLOCATED,,,,,
SLCMP700-2463,2463,2464,317374429,2^317374429-1,STRUCTURAL_SCREEN_EXHAUSTED_PRIMALITY_UNASSIGNED,GF3A_DIRECTIONAL_WRITE_EXHAUSTED_PRIMALITY_UNASSIGNED,513,512,512,NO_RECORDED_FACTOR_PRP_OR_LL_RESULT_AND_NO_ACTIVE_GIMPS_ASSIGNMENT,2026-08-08T19:16:24+00:00,UNALLOCATED,,,,,
SLCMP700-2464,2464,2465,317374459,2^317374459-1,STRUCTURAL_SCREEN_EXHAUSTED_PRIMALITY_UNASSIGNED,GF3A_DIRECTIONAL_WRITE_EXHAUSTED_PRIMALITY_UNASSIGNED,514,512,512,NO_RECORDED_FACTOR_PRP_OR_LL_RESULT_AND_NO_ACTIVE_GIMPS_ASSIGNMENT,2026-08-08T19:16:24+00:00,UNALLOCATED,,,,,
SLCMP700-2465,2465,2466,317374469,2^317374469-1,STRUCTURAL_SCREEN_EXHAUSTED_PRIMALITY_UNASSIGNED,GF3A_DIRECTIONAL_WRITE_EXHAUSTED_PRIMALITY_UNASSIGNED,513,512,512,NO_RECORDED_FACTOR_PRP_OR_LL_RESULT_AND_NO_ACTIVE_GIMPS_ASSIGNMENT,2026-08-08T19:16:24+00:00,UNALLOCATED,,,,,
SLCMP700-2466,2466,2467,317374501,2^317374501-1,STRUCTURAL_SCREEN_EXHAUSTED_PRIMALITY_UNASSIGNED,GF3A_DIRECTIONAL_WRITE_EXHAUSTED_PRIMALITY_UNASSIGNED,513,512,512,NO_RECORDED_FACTOR_PRP_OR_LL_RESULT_AND_NO_ACTIVE_GIMPS_ASSIGNMENT,2026-08-08T19:16:24+00:00,UNALLOCATED,,,,,
SLCMP700-2467,2467,2468,317374507,2^317374507-1,STRUCTURAL_SCREEN_EXHAUSTED_PRIMALITY_UNASSIGNED,GF3A_DIRECTIONAL_WRITE_EXHAUSTED_PRIMALITY_UNASSIGNED,514,512,512,NO_RECORDED_FACTOR_PRP_OR_LL_RESULT_AND_NO_ACTIVE_GIMPS_ASSIGNMENT,2026-08-08T19:16:24+00:00,UNALLOCATED,,,,,
SLCMP700-2468,2468,2469,317374661,2^317374661-1,STRUCTURAL_SCREEN_EXHAUSTED_PRIMALITY_UNASSIGNED,GF3A_DIRECTIONAL_WRITE_EXHAUSTED_PRIMALITY_UNASSIGNED,513,512,512,NO_RECORDED_FACTOR_PRP_OR_LL_RESULT_AND_NO_ACTIVE_GIMPS_ASSIGNMENT,2026-08-08T19:16:24+00:00,UNALLOCATED,,,,,
SLCMP700-2469,2469,2470,317374741,2^317374741-1,STRUCTURAL_SCREEN_EXHAUSTED_PRIMALITY_UNASSIGNED,GF3A_DIRECTIONAL_WRITE_EXHAUSTED_PRIMALITY_UNASSIGNED,513,512,512,NO_RECORDED_FACTOR_PRP_OR_LL_RESULT_AND_NO_ACTIVE_GIMPS_ASSIGNMENT,2026-08-08T19:16:24+00:00,UNALLOCATED,,,,,
SLCMP700-2470,2470,2471,317374781,2^317374781-1,STRUCTURAL_SCREEN_EXHAUSTED_PRIMALITY_UNASSIGNED,GF3A_DIRECTIONAL_WRITE_EXHAUSTED_PRIMALITY_UNASSIGNED,513,512,512,NO_RECORDED_FACTOR_PRP_OR_LL_RESULT_AND_NO_ACTIVE_GIMPS_ASSIGNMENT,2026-08-08T19:16:24+00:00,UNALLOCATED,,,,,
SLCMP700-2471,2471,2472,317374823,2^317374823-1,STRUCTURAL_SCREEN_EXHAUSTED_PRIMALITY_UNASSIGNED,GF3A_DIRECTIONAL_WRITE_EXHAUSTED_PRIMALITY_UNASSIGNED,514,512,512,NO_RECORDED_FACTOR_PRP_OR_LL_RESULT_AND_NO_ACTIVE_GIMPS_ASSIGNMENT,2026-08-08T19:16:24+00:00,UNALLOCATED,,,,,
SLCMP700-2472,2472,2473,317374843,2^317374843-1,STRUCTURAL_SCREEN_EXHAUSTED_PRIMALITY_UNASSIGNED,GF3A_DIRECTIONAL_WRITE_EXHAUSTED_PRIMALITY_UNASSIGNED,514,512,512,NO_RECORDED_FACTOR_PRP_OR_LL_RESULT_AND_NO_ACTIVE_GIMPS_ASSIGNMENT,2026-08-08T19:16:24+00:00,UNALLOCATED,,,,,
SLCMP700-2473,2473,2474,317374847,2^317374847-1,STRUCTURAL_SCREEN_EXHAUSTED_PRIMALITY_UNASSIGNED,GF3A_DIRECTIONAL_WRITE_EXHAUSTED_PRIMALITY_UNASSIGNED,514,512,512,NO_RECORDED_FACTOR_PRP_OR_LL_RESULT_AND_NO_ACTIVE_GIMPS_ASSIGNMENT,2026-08-08T19:16:24+00:00,UNALLOCATED,,,,,
SLCMP700-2474,2474,2475,317374909,2^317374909-1,STRUCTURAL_SCREEN_EXHAUSTED_PRIMALITY_UNASSIGNED,GF3A_DIRECTIONAL_WRITE_EXHAUSTED_PRIMALITY_UNASSIGNED,513,512,512,NO_RECORDED_FACTOR_PRP_OR_LL_RESULT_AND_NO_ACTIVE_GIMPS_ASSIGNMENT,2026-08-08T19:16:24+00:00,UNALLOCATED,,,,,
SLCMP700-2475,2475,2476,317374957,2^317374957-1,STRUCTURAL_SCREEN_EXHAUSTED_PRIMALITY_UNASSIGNED,GF3A_DIRECTIONAL_WRITE_EXHAUSTED_PRIMALITY_UNASSIGNED,513,512,512,NO_RECORDED_FACTOR_PRP_OR_LL_RESULT_AND_NO_ACTIVE_GIMPS_ASSIGNMENT,2026-08-08T19:16:24+00:00,UNALLOCATED,,,,,
SLCMP700-2476,2476,2477,317374961,2^317374961-1,STRUCTURAL_SCREEN_EXHAUSTED_PRIMALITY_UNASSIGNED,GF3A_DIRECTIONAL_WRITE_EXHAUSTED_PRIMALITY_UNASSIGNED,513,512,512,NO_RECORDED_FACTOR_PRP_OR_LL_RESULT_AND_NO_ACTIVE_GIMPS_ASSIGNMENT,2026-08-08T19:16:24+00:00,UNALLOCATED,,,,,
SLCMP700-2477,2477,2478,317375021,2^317375021-1,STRUCTURAL_SCREEN_EXHAUSTED_PRIMALITY_UNASSIGNED,GF3A_DIRECTIONAL_WRITE_EXHAUSTED_PRIMALITY_UNASSIGNED,513,512,512,NO_RECORDED_FACTOR_PRP_OR_LL_RESULT_AND_NO_ACTIVE_GIMPS_ASSIGNMENT,2026-08-08T19:16:24+00:00,UNALLOCATED,,,,,
SLCMP700-2478,2478,2479,317375083,2^317375083-1,STRUCTURAL_SCREEN_EXHAUSTED_PRIMALITY_UNASSIGNED,GF3A_DIRECTIONAL_WRITE_EXHAUSTED_PRIMALITY_UNASSIGNED,514,512,512,NO_RECORDED_FACTOR_PRP_OR_LL_RESULT_AND_NO_ACTIVE_GIMPS_ASSIGNMENT,2026-08-08T19:16:24+00:00,UNALLOCATED,,,,,
SLCMP700-2479,2479,2480,317375111,2^317375111-1,STRUCTURAL_SCREEN_EXHAUSTED_PRIMALITY_UNASSIGNED,GF3A_DIRECTIONAL_WRITE_EXHAUSTED_PRIMALITY_UNASSIGNED,514,512,512,NO_RECORDED_FACTOR_PRP_OR_LL_RESULT_AND_NO_ACTIVE_GIMPS_ASSIGNMENT,2026-08-08T19:16:24+00:00,UNALLOCATED,,,,,
SLCMP700-2480,2480,2481,317375143,2^317375143-1,STRUCTURAL_SCREEN_EXHAUSTED_PRIMALITY_UNASSIGNED,GF3A_DIRECTIONAL_WRITE_EXHAUSTED_PRIMALITY_UNASSIGNED,514,512,512,NO_RECORDED_FACTOR_PRP_OR_LL_RESULT_AND_NO_ACTIVE_GIMPS_ASSIGNMENT,2026-08-08T19:16:24+00:00,UNALLOCATED,,,,,
SLCMP700-2481,2481,2482,317375171,2^317375171-1,STRUCTURAL_SCREEN_EXHAUSTED_PRIMALITY_UNASSIGNED,GF3A_DIRECTIONAL_WRITE_EXHAUSTED_PRIMALITY_UNASSIGNED,514,512,512,NO_RECORDED_FACTOR_PRP_OR_LL_RESULT_AND_NO_ACTIVE_GIMPS_ASSIGNMENT,2026-08-08T19:16:24+00:00,UNALLOCATED,,,,,
SLCMP700-2482,2482,2483,317375203,2^317375203-1,STRUCTURAL_SCREEN_EXHAUSTED_PRIMALITY_UNASSIGNED,GF3A_DIRECTIONAL_WRITE_EXHAUSTED_PRIMALITY_UNASSIGNED,514,512,512,NO_RECORDED_FACTOR_PRP_OR_LL_RESULT_AND_NO_ACTIVE_GIMPS_ASSIGNMENT,2026-08-08T19:16:24+00:00,UNALLOCATED,,,,,
SLCMP700-2483,2483,2484,317375209,2^317375209-1,STRUCTURAL_SCREEN_EXHAUSTED_PRIMALITY_UNASSIGNED,GF3A_DIRECTIONAL_WRITE_EXHAUSTED_PRIMALITY_UNASSIGNED,513,512,512,NO_RECORDED_FACTOR_PRP_OR_LL_RESULT_AND_NO_ACTIVE_GIMPS_ASSIGNMENT,2026-08-08T19:16:24+00:00,UNALLOCATED,,,,,
SLCMP700-2484,2484,2485,317375231,2^317375231-1,STRUCTURAL_SCREEN_EXHAUSTED_PRIMALITY_UNASSIGNED,GF3A_DIRECTIONAL_WRITE_EXHAUSTED_PRIMALITY_UNASSIGNED,514,512,512,NO_RECORDED_FACTOR_PRP_OR_LL_RESULT_AND_NO_ACTIVE_GIMPS_ASSIGNMENT,2026-08-08T19:16:24+00:00,UNALLOCATED,,,,,
SLCMP700-2485,2485,2486,317375287,2^317375287-1,STRUCTURAL_SCREEN_EXHAUSTED_PRIMALITY_UNASSIGNED,GF3A_DIRECTIONAL_WRITE_EXHAUSTED_PRIMALITY_UNASSIGNED,514,512,512,NO_RECORDED_FACTOR_PRP_OR_LL_RESULT_AND_NO_ACTIVE_GIMPS_ASSIGNMENT,2026-08-08T19:16:24+00:00,UNALLOCATED,,,,,
SLCMP700-2486,2486,2487,317375327,2^317375327-1,STRUCTURAL_SCREEN_EXHAUSTED_PRIMALITY_UNASSIGNED,GF3A_DIRECTIONAL_WRITE_EXHAUSTED_PRIMALITY_UNASSIGNED,514,512,512,NO_RECORDED_FACTOR_PRP_OR_LL_RESULT_AND_NO_ACTIVE_GIMPS_ASSIGNMENT,2026-08-08T19:16:24+00:00,UNALLOCATED,,,,,
SLCMP700-2487,2487,2488,317375407,2^317375407-1,STRUCTURAL_SCREEN_EXHAUSTED_PRIMALITY_UNASSIGNED,GF3A_DIRECTIONAL_WRITE_EXHAUSTED_PRIMALITY_UNASSIGNED,514,512,512,NO_RECORDED_FACTOR_PRP_OR_LL_RESULT_AND_NO_ACTIVE_GIMPS_ASSIGNMENT,2026-08-08T19:16:24+00:00,UNALLOCATED,,,,,
SLCMP700-2488,2488,2489,317375419,2^317375419-1,STRUCTURAL_SCREEN_EXHAUSTED_PRIMALITY_UNASSIGNED,GF3A_DIRECTIONAL_WRITE_EXHAUSTED_PRIMALITY_UNASSIGNED,514,512,512,NO_RECORDED_FACTOR_PRP_OR_LL_RESULT_AND_NO_ACTIVE_GIMPS_ASSIGNMENT,2026-08-08T19:16:24+00:00,UNALLOCATED,,,,,
SLCMP700-2489,2489,2490,317375441,2^317375441-1,STRUCTURAL_SCREEN_EXHAUSTED_PRIMALITY_UNASSIGNED,GF3A_DIRECTIONAL_WRITE_EXHAUSTED_PRIMALITY_UNASSIGNED,513,512,512,NO_RECORDED_FACTOR_PRP_OR_LL_RESULT_AND_NO_ACTIVE_GIMPS_ASSIGNMENT,2026-08-08T19:16:24+00:00,UNALLOCATED,,,,,
SLCMP700-2490,2490,2491,317375473,2^317375473-1,STRUCTURAL_SCREEN_EXHAUSTED_PRIMALITY_UNASSIGNED,GF3A_DIRECTIONAL_WRITE_EXHAUSTED_PRIMALITY_UNASSIGNED,513,512,512,NO_RECORDED_FACTOR_PRP_OR_LL_RESULT_AND_NO_ACTIVE_GIMPS_ASSIGNMENT,2026-08-08T19:16:24+00:00,UNALLOCATED,,,,,
SLCMP700-2491,2491,2492,317375491,2^317375491-1,STRUCTURAL_SCREEN_EXHAUSTED_PRIMALITY_UNASSIGNED,GF3A_DIRECTIONAL_WRITE_EXHAUSTED_PRIMALITY_UNASSIGNED,514,512,512,NO_RECORDED_FACTOR_PRP_OR_LL_RESULT_AND_NO_ACTIVE_GIMPS_ASSIGNMENT,2026-08-08T19:16:24+00:00,UNALLOCATED,,,,,
SLCMP700-2492,2492,2493,317375843,2^317375843-1,STRUCTURAL_SCREEN_EXHAUSTED_PRIMALITY_UNASSIGNED,GF3A_DIRECTIONAL_WRITE_EXHAUSTED_PRIMALITY_UNASSIGNED,514,512,512,NO_RECORDED_FACTOR_PRP_OR_LL_RESULT_AND_NO_ACTIVE_GIMPS_ASSIGNMENT,2026-08-08T19:16:24+00:00,UNALLOCATED,,,,,
SLCMP700-2493,2493,2494,317375881,2^317375881-1,STRUCTURAL_SCREEN_EXHAUSTED_PRIMALITY_UNASSIGNED,GF3A_DIRECTIONAL_WRITE_EXHAUSTED_PRIMALITY_UNASSIGNED,513,512,512,NO_RECORDED_FACTOR_PRP_OR_LL_RESULT_AND_NO_ACTIVE_GIMPS_ASSIGNMENT,2026-08-08T19:16:24+00:00,UNALLOCATED,,,,,
SLCMP700-2494,2494,2495,317375983,2^317375983-1,STRUCTURAL_SCREEN_EXHAUSTED_PRIMALITY_UNASSIGNED,GF3A_DIRECTIONAL_WRITE_EXHAUSTED_PRIMALITY_UNASSIGNED,514,512,512,NO_RECORDED_FACTOR_PRP_OR_LL_RESULT_AND_NO_ACTIVE_GIMPS_ASSIGNMENT,2026-08-08T19:16:24+00:00,UNALLOCATED,,,,,
SLCMP700-2495,2495,2496,317376023,2^317376023-1,STRUCTURAL_SCREEN_EXHAUSTED_PRIMALITY_UNASSIGNED,GF3A_DIRECTIONAL_WRITE_EXHAUSTED_PRIMALITY_UNASSIGNED,514,512,512,NO_RECORDED_FACTOR_PRP_OR_LL_RESULT_AND_NO_ACTIVE_GIMPS_ASSIGNMENT,2026-08-08T19:16:24+00:00,UNALLOCATED,,,,,
SLCMP700-2496,2496,2497,317376061,2^317376061-1,STRUCTURAL_SCREEN_EXHAUSTED_PRIMALITY_UNASSIGNED,GF3A_DIRECTIONAL_WRITE_EXHAUSTED_PRIMALITY_UNASSIGNED,513,512,512,NO_RECORDED_FACTOR_PRP_OR_LL_RESULT_AND_NO_ACTIVE_GIMPS_ASSIGNMENT,2026-08-08T19:16:24+00:00,UNALLOCATED,,,,,
SLCMP700-2497,2497,2498,317376067,2^317376067-1,STRUCTURAL_SCREEN_EXHAUSTED_PRIMALITY_UNASSIGNED,GF3A_DIRECTIONAL_WRITE_EXHAUSTED_PRIMALITY_UNASSIGNED,514,512,512,NO_RECORDED_FACTOR_PRP_OR_LL_RESULT_AND_NO_ACTIVE_GIMPS_ASSIGNMENT,2026-08-08T19:16:24+00:00,UNALLOCATED,,,,,
SLCMP700-2498,2498,2499,317376071,2^317376071-1,STRUCTURAL_SCREEN_EXHAUSTED_PRIMALITY_UNASSIGNED,GF3A_DIRECTIONAL_WRITE_EXHAUSTED_PRIMALITY_UNASSIGNED,514,512,512,NO_RECORDED_FACTOR_PRP_OR_LL_RESULT_AND_NO_ACTIVE_GIMPS_ASSIGNMENT,2026-08-08T19:16:24+00:00,UNALLOCATED,,,,,
SLCMP700-2499,2499,2500,317376091,2^317376091-1,STRUCTURAL_SCREEN_EXHAUSTED_PRIMALITY_UNASSIGNED,GF3A_DIRECTIONAL_WRITE_EXHAUSTED_PRIMALITY_UNASSIGNED,514,512,512,NO_RECORDED_FACTOR_PRP_OR_LL_RESULT_AND_NO_ACTIVE_GIMPS_ASSIGNMENT,2026-08-08T19:16:24+00:00,UNALLOCATED,,,,,
SLCMP700-2500,2500,2501,317376127,2^317376127-1,STRUCTURAL_SCREEN_EXHAUSTED_PRIMALITY_UNASSIGNED,GF3A_DIRECTIONAL_WRITE_EXHAUSTED_PRIMALITY_UNASSIGNED,514,512,512,NO_RECORDED_FACTOR_PRP_OR_LL_RESULT_AND_NO_ACTIVE_GIMPS_ASSIGNMENT,2026-08-08T19:16:24+00:00,UNALLOCATED,,,,,
SLCMP700-2501,2501,2502,317376151,2^317376151-1,STRUCTURAL_SCREEN_EXHAUSTED_PRIMALITY_UNASSIGNED,GF3A_DIRECTIONAL_WRITE_EXHAUSTED_PRIMALITY_UNASSIGNED,514,512,512,NO_RECORDED_FACTOR_PRP_OR_LL_RESULT_AND_NO_ACTIVE_GIMPS_ASSIGNMENT,2026-08-08T19:16:24+00:00,UNALLOCATED,,,,,
SLCMP700-2502,2502,2503,317376161,2^317376161-1,STRUCTURAL_SCREEN_EXHAUSTED_PRIMALITY_UNASSIGNED,GF3A_DIRECTIONAL_WRITE_EXHAUSTED_PRIMALITY_UNASSIGNED,513,512,512,NO_RECORDED_FACTOR_PRP_OR_LL_RESULT_AND_NO_ACTIVE_GIMPS_ASSIGNMENT,2026-08-08T19:16:24+00:00,UNALLOCATED,,,,,
SLCMP700-2503,2503,2504,317376173,2^317376173-1,STRUCTURAL_SCREEN_EXHAUSTED_PRIMALITY_UNASSIGNED,GF3A_DIRECTIONAL_WRITE_EXHAUSTED_PRIMALITY_UNASSIGNED,513,512,512,NO_RECORDED_FACTOR_PRP_OR_LL_RESULT_AND_NO_ACTIVE_GIMPS_ASSIGNMENT,2026-08-08T19:16:24+00:00,UNALLOCATED,,,,,
SLCMP700-2504,2504,2505,317376181,2^317376181-1,STRUCTURAL_SCREEN_EXHAUSTED_PRIMALITY_UNASSIGNED,GF3A_DIRECTIONAL_WRITE_EXHAUSTED_PRIMALITY_UNASSIGNED,513,512,512,NO_RECORDED_FACTOR_PRP_OR_LL_RESULT_AND_NO_ACTIVE_GIMPS_ASSIGNMENT,2026-08-08T19:16:24+00:00,UNALLOCATED,,,,,
SLCMP700-2505,2505,2506,317376271,2^317376271-1,STRUCTURAL_SCREEN_EXHAUSTED_PRIMALITY_UNASSIGNED,GF3A_DIRECTIONAL_WRITE_EXHAUSTED_PRIMALITY_UNASSIGNED,514,512,512,NO_RECORDED_FACTOR_PRP_OR_LL_RESULT_AND_NO_ACTIVE_GIMPS_ASSIGNMENT,2026-08-08T19:16:24+00:00,UNALLOCATED,,,,,
SLCMP700-2506,2506,2507,317376347,2^317376347-1,STRUCTURAL_SCREEN_EXHAUSTED_PRIMALITY_UNASSIGNED,GF3A_DIRECTIONAL_WRITE_EXHAUSTED_PRIMALITY_UNASSIGNED,514,512,512,NO_RECORDED_FACTOR_PRP_OR_LL_RESULT_AND_NO_ACTIVE_GIMPS_ASSIGNMENT,2026-08-08T19:16:24+00:00,UNALLOCATED,,,,,
SLCMP700-2507,2507,2508,317376373,2^317376373-1,STRUCTURAL_SCREEN_EXHAUSTED_PRIMALITY_UNASSIGNED,GF3A_DIRECTIONAL_WRITE_EXHAUSTED_PRIMALITY_UNASSIGNED,513,512,512,NO_RECORDED_FACTOR_PRP_OR_LL_RESULT_AND_NO_ACTIVE_GIMPS_ASSIGNMENT,2026-08-08T19:16:24+00:00,UNALLOCATED,,,,,
SLCMP700-2508,2508,2509,317376427,2^317376427-1,STRUCTURAL_SCREEN_EXHAUSTED_PRIMALITY_UNASSIGNED,GF3A_DIRECTIONAL_WRITE_EXHAUSTED_PRIMALITY_UNASSIGNED,514,512,512,NO_RECORDED_FACTOR_PRP_OR_LL_RESULT_AND_NO_ACTIVE_GIMPS_ASSIGNMENT,2026-08-08T19:16:24+00:00,UNALLOCATED,,,,,
SLCMP700-2509,2509,2510,317376457,2^317376457-1,STRUCTURAL_SCREEN_EXHAUSTED_PRIMALITY_UNASSIGNED,GF3A_DIRECTIONAL_WRITE_EXHAUSTED_PRIMALITY_UNASSIGNED,513,512,512,NO_RECORDED_FACTOR_PRP_OR_LL_RESULT_AND_NO_ACTIVE_GIMPS_ASSIGNMENT,2026-08-08T19:16:24+00:00,UNALLOCATED,,,,,
SLCMP700-2510,2510,2511,317376497,2^317376497-1,STRUCTURAL_SCREEN_EXHAUSTED_PRIMALITY_UNASSIGNED,GF3A_DIRECTIONAL_WRITE_EXHAUSTED_PRIMALITY_UNASSIGNED,513,512,512,NO_RECORDED_FACTOR_PRP_OR_LL_RESULT_AND_NO_ACTIVE_GIMPS_ASSIGNMENT,2026-08-08T19:16:24+00:00,UNALLOCATED,,,,,
SLCMP700-2511,2511,2512,317376503,2^317376503-1,STRUCTURAL_SCREEN_EXHAUSTED_PRIMALITY_UNASSIGNED,GF3A_DIRECTIONAL_WRITE_EXHAUSTED_PRIMALITY_UNASSIGNED,514,512,512,NO_RECORDED_FACTOR_PRP_OR_LL_RESULT_AND_NO_ACTIVE_GIMPS_ASSIGNMENT,2026-08-08T19:16:24+00:00,UNALLOCATED,,,,,
SLCMP700-2512,2512,2513,317376509,2^317376509-1,STRUCTURAL_SCREEN_EXHAUSTED_PRIMALITY_UNASSIGNED,GF3A_DIRECTIONAL_WRITE_EXHAUSTED_PRIMALITY_UNASSIGNED,513,512,512,NO_RECORDED_FACTOR_PRP_OR_LL_RESULT_AND_NO_ACTIVE_GIMPS_ASSIGNMENT,2026-08-08T19:16:24+00:00,UNALLOCATED,,,,,
SLCMP700-2513,2513,2514,317376559,2^317376559-1,STRUCTURAL_SCREEN_EXHAUSTED_PRIMALITY_UNASSIGNED,GF3A_DIRECTIONAL_WRITE_EXHAUSTED_PRIMALITY_UNASSIGNED,514,512,512,NO_RECORDED_FACTOR_PRP_OR_LL_RESULT_AND_NO_ACTIVE_GIMPS_ASSIGNMENT,2026-08-08T19:16:24+00:00,UNALLOCATED,,,,,
SLCMP700-2514,2514,2515,317376607,2^317376607-1,STRUCTURAL_SCREEN_EXHAUSTED_PRIMALITY_UNASSIGNED,GF3A_DIRECTIONAL_WRITE_EXHAUSTED_PRIMALITY_UNASSIGNED,514,512,512,NO_RECORDED_FACTOR_PRP_OR_LL_RESULT_AND_NO_ACTIVE_GIMPS_ASSIGNMENT,2026-08-08T19:16:24+00:00,UNALLOCATED,,,,,
SLCMP700-2515,2515,2516,317376611,2^317376611-1,STRUCTURAL_SCREEN_EXHAUSTED_PRIMALITY_UNASSIGNED,GF3A_DIRECTIONAL_WRITE_EXHAUSTED_PRIMALITY_UNASSIGNED,514,512,512,NO_RECORDED_FACTOR_PRP_OR_LL_RESULT_AND_NO_ACTIVE_GIMPS_ASSIGNMENT,2026-08-08T19:16:24+00:00,UNALLOCATED,,,,,
SLCMP700-2516,2516,2517,317376953,2^317376953-1,STRUCTURAL_SCREEN_EXHAUSTED_PRIMALITY_UNASSIGNED,GF3A_DIRECTIONAL_WRITE_EXHAUSTED_PRIMALITY_UNASSIGNED,513,512,512,NO_RECORDED_FACTOR_PRP_OR_LL_RESULT_AND_NO_ACTIVE_GIMPS_ASSIGNMENT,2026-08-08T19:16:24+00:00,UNALLOCATED,,,,,
SLCMP700-2517,2517,2518,317377031,2^317377031-1,STRUCTURAL_SCREEN_EXHAUSTED_PRIMALITY_UNASSIGNED,GF3A_DIRECTIONAL_WRITE_EXHAUSTED_PRIMALITY_UNASSIGNED,514,512,512,NO_RECORDED_FACTOR_PRP_OR_LL_RESULT_AND_NO_ACTIVE_GIMPS_ASSIGNMENT,2026-08-08T19:16:24+00:00,UNALLOCATED,,,,,
SLCMP700-2518,2518,2519,317377037,2^317377037-1,STRUCTURAL_SCREEN_EXHAUSTED_PRIMALITY_UNASSIGNED,GF3A_DIRECTIONAL_WRITE_EXHAUSTED_PRIMALITY_UNASSIGNED,513,512,512,NO_RECORDED_FACTOR_PRP_OR_LL_RESULT_AND_NO_ACTIVE_GIMPS_ASSIGNMENT,2026-08-08T19:16:24+00:00,UNALLOCATED,,,,,
SLCMP700-2519,2519,2520,317377051,2^317377051-1,STRUCTURAL_SCREEN_EXHAUSTED_PRIMALITY_UNASSIGNED,GF3A_DIRECTIONAL_WRITE_EXHAUSTED_PRIMALITY_UNASSIGNED,514,512,512,NO_RECORDED_FACTOR_PRP_OR_LL_RESULT_AND_NO_ACTIVE_GIMPS_ASSIGNMENT,2026-08-08T19:16:24+00:00,UNALLOCATED,,,,,
SLCMP700-2520,2520,2521,317377079,2^317377079-1,STRUCTURAL_SCREEN_EXHAUSTED_PRIMALITY_UNASSIGNED,GF3A_DIRECTIONAL_WRITE_EXHAUSTED_PRIMALITY_UNASSIGNED,514,512,512,NO_RECORDED_FACTOR_PRP_OR_LL_RESULT_AND_NO_ACTIVE_GIMPS_ASSIGNMENT,2026-08-08T19:16:24+00:00,UNALLOCATED,,,,,
SLCMP700-2521,2521,2522,317377133,2^317377133-1,STRUCTURAL_SCREEN_EXHAUSTED_PRIMALITY_UNASSIGNED,GF3A_DIRECTIONAL_WRITE_EXHAUSTED_PRIMALITY_UNASSIGNED,513,512,512,NO_RECORDED_FACTOR_PRP_OR_LL_RESULT_AND_NO_ACTIVE_GIMPS_ASSIGNMENT,2026-08-08T19:16:24+00:00,UNALLOCATED,,,,,
SLCMP700-2522,2522,2523,317377141,2^317377141-1,STRUCTURAL_SCREEN_EXHAUSTED_PRIMALITY_UNASSIGNED,GF3A_DIRECTIONAL_WRITE_EXHAUSTED_PRIMALITY_UNASSIGNED,513,512,512,NO_RECORDED_FACTOR_PRP_OR_LL_RESULT_AND_NO_ACTIVE_GIMPS_ASSIGNMENT,2026-08-08T19:16:24+00:00,UNALLOCATED,,,,,
SLCMP700-2523,2523,2524,317377223,2^317377223-1,STRUCTURAL_SCREEN_EXHAUSTED_PRIMALITY_UNASSIGNED,GF3A_DIRECTIONAL_WRITE_EXHAUSTED_PRIMALITY_UNASSIGNED,514,512,512,NO_RECORDED_FACTOR_PRP_OR_LL_RESULT_AND_NO_ACTIVE_GIMPS_ASSIGNMENT,2026-08-08T19:16:24+00:00,UNALLOCATED,,,,,
SLCMP700-2524,2524,2525,317377243,2^317377243-1,STRUCTURAL_SCREEN_EXHAUSTED_PRIMALITY_UNASSIGNED,GF3A_DIRECTIONAL_WRITE_EXHAUSTED_PRIMALITY_UNASSIGNED,514,512,512,NO_RECORDED_FACTOR_PRP_OR_LL_RESULT_AND_NO_ACTIVE_GIMPS_ASSIGNMENT,2026-08-08T19:16:24+00:00,UNALLOCATED,,,,,
SLCMP700-2525,2525,2526,317377261,2^317377261-1,STRUCTURAL_SCREEN_EXHAUSTED_PRIMALITY_UNASSIGNED,GF3A_DIRECTIONAL_WRITE_EXHAUSTED_PRIMALITY_UNASSIGNED,513,512,512,NO_RECORDED_FACTOR_PRP_OR_LL_RESULT_AND_NO_ACTIVE_GIMPS_ASSIGNMENT,2026-08-08T19:16:24+00:00,UNALLOCATED,,,,,
SLCMP700-2526,2526,2527,317377271,2^317377271-1,STRUCTURAL_SCREEN_EXHAUSTED_PRIMALITY_UNASSIGNED,GF3A_DIRECTIONAL_WRITE_EXHAUSTED_PRIMALITY_UNASSIGNED,514,512,512,NO_RECORDED_FACTOR_PRP_OR_LL_RESULT_AND_NO_ACTIVE_GIMPS_ASSIGNMENT,2026-08-08T19:16:24+00:00,UNALLOCATED,,,,,
SLCMP700-2527,2527,2528,317377289,2^317377289-1,STRUCTURAL_SCREEN_EXHAUSTED_PRIMALITY_UNASSIGNED,GF3A_DIRECTIONAL_WRITE_EXHAUSTED_PRIMALITY_UNASSIGNED,513,512,512,NO_RECORDED_FACTOR_PRP_OR_LL_RESULT_AND_NO_ACTIVE_GIMPS_ASSIGNMENT,2026-08-08T19:16:24+00:00,UNALLOCATED,,,,,
SLCMP700-2528,2528,2529,317377297,2^317377297-1,STRUCTURAL_SCREEN_EXHAUSTED_PRIMALITY_UNASSIGNED,GF3A_DIRECTIONAL_WRITE_EXHAUSTED_PRIMALITY_UNASSIGNED,513,512,512,NO_RECORDED_FACTOR_PRP_OR_LL_RESULT_AND_NO_ACTIVE_GIMPS_ASSIGNMENT,2026-08-08T19:16:24+00:00,UNALLOCATED,,,,,
SLCMP700-2529,2529,2530,317377429,2^317377429-1,STRUCTURAL_SCREEN_EXHAUSTED_PRIMALITY_UNASSIGNED,GF3A_DIRECTIONAL_WRITE_EXHAUSTED_PRIMALITY_UNASSIGNED,513,512,512,NO_RECORDED_FACTOR_PRP_OR_LL_RESULT_AND_NO_ACTIVE_GIMPS_ASSIGNMENT,2026-08-08T19:16:24+00:00,UNALLOCATED,,,,,
SLCMP700-2530,2530,2531,317377447,2^317377447-1,STRUCTURAL_SCREEN_EXHAUSTED_PRIMALITY_UNASSIGNED,GF3A_DIRECTIONAL_WRITE_EXHAUSTED_PRIMALITY_UNASSIGNED,514,512,512,NO_RECORDED_FACTOR_PRP_OR_LL_RESULT_AND_NO_ACTIVE_GIMPS_ASSIGNMENT,2026-08-08T19:16:24+00:00,UNALLOCATED,,,,,
SLCMP700-2531,2531,2532,317377477,2^317377477-1,STRUCTURAL_SCREEN_EXHAUSTED_PRIMALITY_UNASSIGNED,GF3A_DIRECTIONAL_WRITE_EXHAUSTED_PRIMALITY_UNASSIGNED,513,512,512,NO_RECORDED_FACTOR_PRP_OR_LL_RESULT_AND_NO_ACTIVE_GIMPS_ASSIGNMENT,2026-08-08T19:16:24+00:00,UNALLOCATED,,,,,
SLCMP700-2532,2532,2533,317377507,2^317377507-1,STRUCTURAL_SCREEN_EXHAUSTED_PRIMALITY_UNASSIGNED,GF3A_DIRECTIONAL_WRITE_EXHAUSTED_PRIMALITY_UNASSIGNED,514,512,512,NO_RECORDED_FACTOR_PRP_OR_LL_RESULT_AND_NO_ACTIVE_GIMPS_ASSIGNMENT,2026-08-08T19:16:24+00:00,UNALLOCATED,,,,,
SLCMP700-2533,2533,2534,317377513,2^317377513-1,STRUCTURAL_SCREEN_EXHAUSTED_PRIMALITY_UNASSIGNED,GF3A_DIRECTIONAL_WRITE_EXHAUSTED_PRIMALITY_UNASSIGNED,513,512,512,NO_RECORDED_FACTOR_PRP_OR_LL_RESULT_AND_NO_ACTIVE_GIMPS_ASSIGNMENT,2026-08-08T19:16:24+00:00,UNALLOCATED,,,,,
SLCMP700-2534,2534,2535,317377519,2^317377519-1,STRUCTURAL_SCREEN_EXHAUSTED_PRIMALITY_UNASSIGNED,GF3A_DIRECTIONAL_WRITE_EXHAUSTED_PRIMALITY_UNASSIGNED,514,512,512,NO_RECORDED_FACTOR_PRP_OR_LL_RESULT_AND_NO_ACTIVE_GIMPS_ASSIGNMENT,2026-08-08T19:16:24+00:00,UNALLOCATED,,,,,
SLCMP700-2535,2535,2536,317377559,2^317377559-1,STRUCTURAL_SCREEN_EXHAUSTED_PRIMALITY_UNASSIGNED,GF3A_DIRECTIONAL_WRITE_EXHAUSTED_PRIMALITY_UNASSIGNED,514,512,512,NO_RECORDED_FACTOR_PRP_OR_LL_RESULT_AND_NO_ACTIVE_GIMPS_ASSIGNMENT,2026-08-08T19:16:24+00:00,UNALLOCATED,,,,,
SLCMP700-2536,2536,2537,317377637,2^317377637-1,STRUCTURAL_SCREEN_EXHAUSTED_PRIMALITY_UNASSIGNED,GF3A_DIRECTIONAL_WRITE_EXHAUSTED_PRIMALITY_UNASSIGNED,513,512,512,NO_RECORDED_FACTOR_PRP_OR_LL_RESULT_AND_NO_ACTIVE_GIMPS_ASSIGNMENT,2026-08-08T19:16:24+00:00,UNALLOCATED,,,,,
SLCMP700-2537,2537,2538,317377673,2^317377673-1,STRUCTURAL_SCREEN_EXHAUSTED_PRIMALITY_UNASSIGNED,GF3A_DIRECTIONAL_WRITE_EXHAUSTED_PRIMALITY_UNASSIGNED,513,512,512,NO_RECORDED_FACTOR_PRP_OR_LL_RESULT_AND_NO_ACTIVE_GIMPS_ASSIGNMENT,2026-08-08T19:16:24+00:00,UNALLOCATED,,,,,
SLCMP700-2538,2538,2539,317377763,2^317377763-1,STRUCTURAL_SCREEN_EXHAUSTED_PRIMALITY_UNASSIGNED,GF3A_DIRECTIONAL_WRITE_EXHAUSTED_PRIMALITY_UNASSIGNED,514,512,512,NO_RECORDED_FACTOR_PRP_OR_LL_RESULT_AND_NO_ACTIVE_GIMPS_ASSIGNMENT,2026-08-08T19:16:24+00:00,UNALLOCATED,,,,,
SLCMP700-2539,2539,2540,317377849,2^317377849-1,STRUCTURAL_SCREEN_EXHAUSTED_PRIMALITY_UNASSIGNED,GF3A_DIRECTIONAL_WRITE_EXHAUSTED_PRIMALITY_UNASSIGNED,513,512,512,NO_RECORDED_FACTOR_PRP_OR_LL_RESULT_AND_NO_ACTIVE_GIMPS_ASSIGNMENT,2026-08-08T19:16:24+00:00,UNALLOCATED,,,,,
SLCMP700-2540,2540,2541,317377873,2^317377873-1,STRUCTURAL_SCREEN_EXHAUSTED_PRIMALITY_UNASSIGNED,GF3A_DIRECTIONAL_WRITE_EXHAUSTED_PRIMALITY_UNASSIGNED,513,512,512,NO_RECORDED_FACTOR_PRP_OR_LL_RESULT_AND_NO_ACTIVE_GIMPS_ASSIGNMENT,2026-08-08T19:16:24+00:00,UNALLOCATED,,,,,
SLCMP700-2541,2541,2542,317377901,2^317377901-1,STRUCTURAL_SCREEN_EXHAUSTED_PRIMALITY_UNASSIGNED,GF3A_DIRECTIONAL_WRITE_EXHAUSTED_PRIMALITY_UNASSIGNED,513,512,512,NO_RECORDED_FACTOR_PRP_OR_LL_RESULT_AND_NO_ACTIVE_GIMPS_ASSIGNMENT,2026-08-08T19:16:24+00:00,UNALLOCATED,,,,,
SLCMP700-2542,2542,2543,317377927,2^317377927-1,STRUCTURAL_SCREEN_EXHAUSTED_PRIMALITY_UNASSIGNED,GF3A_DIRECTIONAL_WRITE_EXHAUSTED_PRIMALITY_UNASSIGNED,514,512,512,NO_RECORDED_FACTOR_PRP_OR_LL_RESULT_AND_NO_ACTIVE_GIMPS_ASSIGNMENT,2026-08-08T19:16:24+00:00,UNALLOCATED,,,,,
SLCMP700-2543,2543,2544,317377993,2^317377993-1,STRUCTURAL_SCREEN_EXHAUSTED_PRIMALITY_UNASSIGNED,GF3A_DIRECTIONAL_WRITE_EXHAUSTED_PRIMALITY_UNASSIGNED,513,512,512,NO_RECORDED_FACTOR_PRP_OR_LL_RESULT_AND_NO_ACTIVE_GIMPS_ASSIGNMENT,2026-08-08T19:16:24+00:00,UNALLOCATED,,,,,
SLCMP700-2544,2544,2545,317378029,2^317378029-1,STRUCTURAL_SCREEN_EXHAUSTED_PRIMALITY_UNASSIGNED,GF3A_DIRECTIONAL_WRITE_EXHAUSTED_PRIMALITY_UNASSIGNED,513,512,512,NO_RECORDED_FACTOR_PRP_OR_LL_RESULT_AND_NO_ACTIVE_GIMPS_ASSIGNMENT,2026-08-08T19:16:24+00:00,UNALLOCATED,,,,,
SLCMP700-2545,2545,2546,317378041,2^317378041-1,STRUCTURAL_SCREEN_EXHAUSTED_PRIMALITY_UNASSIGNED,GF3A_DIRECTIONAL_WRITE_EXHAUSTED_PRIMALITY_UNASSIGNED,513,512,512,NO_RECORDED_FACTOR_PRP_OR_LL_RESULT_AND_NO_ACTIVE_GIMPS_ASSIGNMENT,2026-08-08T19:16:24+00:00,UNALLOCATED,,,,,
SLCMP700-2546,2546,2547,317378107,2^317378107-1,STRUCTURAL_SCREEN_EXHAUSTED_PRIMALITY_UNASSIGNED,GF3A_DIRECTIONAL_WRITE_EXHAUSTED_PRIMALITY_UNASSIGNED,514,512,512,NO_RECORDED_FACTOR_PRP_OR_LL_RESULT_AND_NO_ACTIVE_GIMPS_ASSIGNMENT,2026-08-08T19:16:24+00:00,UNALLOCATED,,,,,
SLCMP700-2547,2547,2548,317378177,2^317378177-1,STRUCTURAL_SCREEN_EXHAUSTED_PRIMALITY_UNASSIGNED,GF3A_DIRECTIONAL_WRITE_EXHAUSTED_PRIMALITY_UNASSIGNED,513,512,512,NO_RECORDED_FACTOR_PRP_OR_LL_RESULT_AND_NO_ACTIVE_GIMPS_ASSIGNMENT,2026-08-08T19:16:24+00:00,UNALLOCATED,,,,,
SLCMP700-2548,2548,2549,317378179,2^317378179-1,STRUCTURAL_SCREEN_EXHAUSTED_PRIMALITY_UNASSIGNED,GF3A_DIRECTIONAL_WRITE_EXHAUSTED_PRIMALITY_UNASSIGNED,514,512,512,NO_RECORDED_FACTOR_PRP_OR_LL_RESULT_AND_NO_ACTIVE_GIMPS_ASSIGNMENT,2026-08-08T19:16:24+00:00,UNALLOCATED,,,,,
SLCMP700-2549,2549,2550,317378221,2^317378221-1,STRUCTURAL_SCREEN_EXHAUSTED_PRIMALITY_UNASSIGNED,GF3A_DIRECTIONAL_WRITE_EXHAUSTED_PRIMALITY_UNASSIGNED,513,512,512,NO_RECORDED_FACTOR_PRP_OR_LL_RESULT_AND_NO_ACTIVE_GIMPS_ASSIGNMENT,2026-08-08T19:16:24+00:00,UNALLOCATED,,,,,
SLCMP700-2550,2550,2551,317378333,2^317378333-1,STRUCTURAL_SCREEN_EXHAUSTED_PRIMALITY_UNASSIGNED,GF3A_DIRECTIONAL_WRITE_EXHAUSTED_PRIMALITY_UNASSIGNED,513,512,512,NO_RECORDED_FACTOR_PRP_OR_LL_RESULT_AND_NO_ACTIVE_GIMPS_ASSIGNMENT,2026-08-08T19:16:24+00:00,UNALLOCATED,,,,,
SLCMP700-2551,2551,2552,317378431,2^317378431-1,STRUCTURAL_SCREEN_EXHAUSTED_PRIMALITY_UNASSIGNED,GF3A_DIRECTIONAL_WRITE_EXHAUSTED_PRIMALITY_UNASSIGNED,514,512,512,NO_RECORDED_FACTOR_PRP_OR_LL_RESULT_AND_NO_ACTIVE_GIMPS_ASSIGNMENT,2026-08-08T19:16:24+00:00,UNALLOCATED,,,,,
SLCMP700-2552,2552,2553,317378473,2^317378473-1,STRUCTURAL_SCREEN_EXHAUSTED_PRIMALITY_UNASSIGNED,GF3A_DIRECTIONAL_WRITE_EXHAUSTED_PRIMALITY_UNASSIGNED,513,512,512,NO_RECORDED_FACTOR_PRP_OR_LL_RESULT_AND_NO_ACTIVE_GIMPS_ASSIGNMENT,2026-08-08T19:16:24+00:00,UNALLOCATED,,,,,
SLCMP700-2553,2553,2554,317378507,2^317378507-1,STRUCTURAL_SCREEN_EXHAUSTED_PRIMALITY_UNASSIGNED,GF3A_DIRECTIONAL_WRITE_EXHAUSTED_PRIMALITY_UNASSIGNED,514,512,512,NO_RECORDED_FACTOR_PRP_OR_LL_RESULT_AND_NO_ACTIVE_GIMPS_ASSIGNMENT,2026-08-08T19:16:24+00:00,UNALLOCATED,,,,,
SLCMP700-2554,2554,2555,317378521,2^317378521-1,STRUCTURAL_SCREEN_EXHAUSTED_PRIMALITY_UNASSIGNED,GF3A_DIRECTIONAL_WRITE_EXHAUSTED_PRIMALITY_UNASSIGNED,513,512,512,NO_RECORDED_FACTOR_PRP_OR_LL_RESULT_AND_NO_ACTIVE_GIMPS_ASSIGNMENT,2026-08-08T19:16:24+00:00,UNALLOCATED,,,,,
SLCMP700-2555,2555,2556,317378569,2^317378569-1,STRUCTURAL_SCREEN_EXHAUSTED_PRIMALITY_UNASSIGNED,GF3A_DIRECTIONAL_WRITE_EXHAUSTED_PRIMALITY_UNASSIGNED,513,512,512,NO_RECORDED_FACTOR_PRP_OR_LL_RESULT_AND_NO_ACTIVE_GIMPS_ASSIGNMENT,2026-08-08T19:16:24+00:00,UNALLOCATED,,,,,
SLCMP700-2556,2556,2557,317378597,2^317378597-1,STRUCTURAL_SCREEN_EXHAUSTED_PRIMALITY_UNASSIGNED,GF3A_DIRECTIONAL_WRITE_EXHAUSTED_PRIMALITY_UNASSIGNED,513,512,512,NO_RECORDED_FACTOR_PRP_OR_LL_RESULT_AND_NO_ACTIVE_GIMPS_ASSIGNMENT,2026-08-08T19:16:24+00:00,UNALLOCATED,,,,,
SLCMP700-2557,2557,2558,317378599,2^317378599-1,STRUCTURAL_SCREEN_EXHAUSTED_PRIMALITY_UNASSIGNED,GF3A_DIRECTIONAL_WRITE_EXHAUSTED_PRIMALITY_UNASSIGNED,514,512,512,NO_RECORDED_FACTOR_PRP_OR_LL_RESULT_AND_NO_ACTIVE_GIMPS_ASSIGNMENT,2026-08-08T19:16:24+00:00,UNALLOCATED,,,,,
SLCMP700-2558,2558,2559,317378701,2^317378701-1,STRUCTURAL_SCREEN_EXHAUSTED_PRIMALITY_UNASSIGNED,GF3A_DIRECTIONAL_WRITE_EXHAUSTED_PRIMALITY_UNASSIGNED,513,512,512,NO_RECORDED_FACTOR_PRP_OR_LL_RESULT_AND_NO_ACTIVE_GIMPS_ASSIGNMENT,2026-08-08T19:16:24+00:00,UNALLOCATED,,,,,
SLCMP700-2559,2559,2560,317378723,2^317378723-1,STRUCTURAL_SCREEN_EXHAUSTED_PRIMALITY_UNASSIGNED,GF3A_DIRECTIONAL_WRITE_EXHAUSTED_PRIMALITY_UNASSIGNED,514,512,512,NO_RECORDED_FACTOR_PRP_OR_LL_RESULT_AND_NO_ACTIVE_GIMPS_ASSIGNMENT,2026-08-08T19:16:24+00:00,UNALLOCATED,,,,,
SLCMP700-2560,2560,2561,317378807,2^317378807-1,STRUCTURAL_SCREEN_EXHAUSTED_PRIMALITY_UNASSIGNED,GF3A_DIRECTIONAL_WRITE_EXHAUSTED_PRIMALITY_UNASSIGNED,514,512,512,NO_RECORDED_FACTOR_PRP_OR_LL_RESULT_AND_NO_ACTIVE_GIMPS_ASSIGNMENT,2026-08-08T19:16:24+00:00,UNALLOCATED,,,,,
SLCMP700-2561,2561,2562,317378833,2^317378833-1,STRUCTURAL_SCREEN_EXHAUSTED_PRIMALITY_UNASSIGNED,GF3A_DIRECTIONAL_WRITE_EXHAUSTED_PRIMALITY_UNASSIGNED,513,512,512,NO_RECORDED_FACTOR_PRP_OR_LL_RESULT_AND_NO_ACTIVE_GIMPS_ASSIGNMENT,2026-08-08T19:16:24+00:00,UNALLOCATED,,,,,
SLCMP700-2562,2562,2563,317378879,2^317378879-1,STRUCTURAL_SCREEN_EXHAUSTED_PRIMALITY_UNASSIGNED,GF3A_DIRECTIONAL_WRITE_EXHAUSTED_PRIMALITY_UNASSIGNED,514,512,512,NO_RECORDED_FACTOR_PRP_OR_LL_RESULT_AND_NO_ACTIVE_GIMPS_ASSIGNMENT,2026-08-08T19:16:24+00:00,UNALLOCATED,,,,,
SLCMP700-2563,2563,2564,317378881,2^317378881-1,STRUCTURAL_SCREEN_EXHAUSTED_PRIMALITY_UNASSIGNED,GF3A_DIRECTIONAL_WRITE_EXHAUSTED_PRIMALITY_UNASSIGNED,513,512,512,NO_RECORDED_FACTOR_PRP_OR_LL_RESULT_AND_NO_ACTIVE_GIMPS_ASSIGNMENT,2026-08-08T19:16:24+00:00,UNALLOCATED,,,,,
SLCMP700-2564,2564,2565,317378923,2^317378923-1,STRUCTURAL_SCREEN_EXHAUSTED_PRIMALITY_UNASSIGNED,GF3A_DIRECTIONAL_WRITE_EXHAUSTED_PRIMALITY_UNASSIGNED,514,512,512,NO_RECORDED_FACTOR_PRP_OR_LL_RESULT_AND_NO_ACTIVE_GIMPS_ASSIGNMENT,2026-08-08T19:16:24+00:00,UNALLOCATED,,,,,
SLCMP700-2565,2565,2566,317378927,2^317378927-1,STRUCTURAL_SCREEN_EXHAUSTED_PRIMALITY_UNASSIGNED,GF3A_DIRECTIONAL_WRITE_EXHAUSTED_PRIMALITY_UNASSIGNED,514,512,512,NO_RECORDED_FACTOR_PRP_OR_LL_RESULT_AND_NO_ACTIVE_GIMPS_ASSIGNMENT,2026-08-08T19:16:24+00:00,UNALLOCATED,,,,,
SLCMP700-2566,2566,2567,317378951,2^317378951-1,STRUCTURAL_SCREEN_EXHAUSTED_PRIMALITY_UNASSIGNED,GF3A_DIRECTIONAL_WRITE_EXHAUSTED_PRIMALITY_UNASSIGNED,514,512,512,NO_RECORDED_FACTOR_PRP_OR_LL_RESULT_AND_NO_ACTIVE_GIMPS_ASSIGNMENT,2026-08-08T19:16:24+00:00,UNALLOCATED,,,,,
SLCMP700-2567,2567,2568,317378953,2^317378953-1,STRUCTURAL_SCREEN_EXHAUSTED_PRIMALITY_UNASSIGNED,GF3A_DIRECTIONAL_WRITE_EXHAUSTED_PRIMALITY_UNASSIGNED,513,512,512,NO_RECORDED_FACTOR_PRP_OR_LL_RESULT_AND_NO_ACTIVE_GIMPS_ASSIGNMENT,2026-08-08T19:16:24+00:00,UNALLOCATED,,,,,
SLCMP700-2568,2568,2569,317378959,2^317378959-1,STRUCTURAL_SCREEN_EXHAUSTED_PRIMALITY_UNASSIGNED,GF3A_DIRECTIONAL_WRITE_EXHAUSTED_PRIMALITY_UNASSIGNED,514,512,512,NO_RECORDED_FACTOR_PRP_OR_LL_RESULT_AND_NO_ACTIVE_GIMPS_ASSIGNMENT,2026-08-08T19:16:24+00:00,UNALLOCATED,,,,,
SLCMP700-2569,2569,2570,317378981,2^317378981-1,STRUCTURAL_SCREEN_EXHAUSTED_PRIMALITY_UNASSIGNED,GF3A_DIRECTIONAL_WRITE_EXHAUSTED_PRIMALITY_UNASSIGNED,513,512,512,NO_RECORDED_FACTOR_PRP_OR_LL_RESULT_AND_NO_ACTIVE_GIMPS_ASSIGNMENT,2026-08-08T19:16:24+00:00,UNALLOCATED,,,,,
SLCMP700-2570,2570,2571,317379061,2^317379061-1,STRUCTURAL_SCREEN_EXHAUSTED_PRIMALITY_UNASSIGNED,GF3A_DIRECTIONAL_WRITE_EXHAUSTED_PRIMALITY_UNASSIGNED,513,512,512,NO_RECORDED_FACTOR_PRP_OR_LL_RESULT_AND_NO_ACTIVE_GIMPS_ASSIGNMENT,2026-08-08T19:16:24+00:00,UNALLOCATED,,,,,
SLCMP700-2571,2571,2572,317379079,2^317379079-1,STRUCTURAL_SCREEN_EXHAUSTED_PRIMALITY_UNASSIGNED,GF3A_DIRECTIONAL_WRITE_EXHAUSTED_PRIMALITY_UNASSIGNED,514,512,512,NO_RECORDED_FACTOR_PRP_OR_LL_RESULT_AND_NO_ACTIVE_GIMPS_ASSIGNMENT,2026-08-08T19:16:24+00:00,UNALLOCATED,,,,,
SLCMP700-2572,2572,2573,317379193,2^317379193-1,STRUCTURAL_SCREEN_EXHAUSTED_PRIMALITY_UNASSIGNED,GF3A_DIRECTIONAL_WRITE_EXHAUSTED_PRIMALITY_UNASSIGNED,513,512,512,NO_RECORDED_FACTOR_PRP_OR_LL_RESULT_AND_NO_ACTIVE_GIMPS_ASSIGNMENT,2026-08-08T19:16:24+00:00,UNALLOCATED,,,,,
SLCMP700-2573,2573,2574,317379197,2^317379197-1,STRUCTURAL_SCREEN_EXHAUSTED_PRIMALITY_UNASSIGNED,GF3A_DIRECTIONAL_WRITE_EXHAUSTED_PRIMALITY_UNASSIGNED,513,512,512,NO_RECORDED_FACTOR_PRP_OR_LL_RESULT_AND_NO_ACTIVE_GIMPS_ASSIGNMENT,2026-08-08T19:16:24+00:00,UNALLOCATED,,,,,
SLCMP700-2574,2574,2575,317379241,2^317379241-1,STRUCTURAL_SCREEN_EXHAUSTED_PRIMALITY_UNASSIGNED,GF3A_DIRECTIONAL_WRITE_EXHAUSTED_PRIMALITY_UNASSIGNED,513,512,512,NO_RECORDED_FACTOR_PRP_OR_LL_RESULT_AND_NO_ACTIVE_GIMPS_ASSIGNMENT,2026-08-08T19:16:24+00:00,UNALLOCATED,,,,,
SLCMP700-2575,2575,2576,317379331,2^317379331-1,STRUCTURAL_SCREEN_EXHAUSTED_PRIMALITY_UNASSIGNED,GF3A_DIRECTIONAL_WRITE_EXHAUSTED_PRIMALITY_UNASSIGNED,514,512,512,NO_RECORDED_FACTOR_PRP_OR_LL_RESULT_AND_NO_ACTIVE_GIMPS_ASSIGNMENT,2026-08-08T19:16:24+00:00,UNALLOCATED,,,,,
SLCMP700-2576,2576,2577,317379353,2^317379353-1,STRUCTURAL_SCREEN_EXHAUSTED_PRIMALITY_UNASSIGNED,GF3A_DIRECTIONAL_WRITE_EXHAUSTED_PRIMALITY_UNASSIGNED,513,512,512,NO_RECORDED_FACTOR_PRP_OR_LL_RESULT_AND_NO_ACTIVE_GIMPS_ASSIGNMENT,2026-08-08T19:16:24+00:00,UNALLOCATED,,,,,
SLCMP700-2577,2577,2578,317379421,2^317379421-1,STRUCTURAL_SCREEN_EXHAUSTED_PRIMALITY_UNASSIGNED,GF3A_DIRECTIONAL_WRITE_EXHAUSTED_PRIMALITY_UNASSIGNED,513,512,512,NO_RECORDED_FACTOR_PRP_OR_LL_RESULT_AND_NO_ACTIVE_GIMPS_ASSIGNMENT,2026-08-08T19:16:24+00:00,UNALLOCATED,,,,,
SLCMP700-2578,2578,2579,317379487,2^317379487-1,STRUCTURAL_SCREEN_EXHAUSTED_PRIMALITY_UNASSIGNED,GF3A_DIRECTIONAL_WRITE_EXHAUSTED_PRIMALITY_UNASSIGNED,514,512,512,NO_RECORDED_FACTOR_PRP_OR_LL_RESULT_AND_NO_ACTIVE_GIMPS_ASSIGNMENT,2026-08-08T19:16:24+00:00,UNALLOCATED,,,,,
SLCMP700-2579,2579,2580,317379521,2^317379521-1,STRUCTURAL_SCREEN_EXHAUSTED_PRIMALITY_UNASSIGNED,GF3A_DIRECTIONAL_WRITE_EXHAUSTED_PRIMALITY_UNASSIGNED,513,512,512,NO_RECORDED_FACTOR_PRP_OR_LL_RESULT_AND_NO_ACTIVE_GIMPS_ASSIGNMENT,2026-08-08T19:16:24+00:00,UNALLOCATED,,,,,
SLCMP700-2580,2580,2581,317379563,2^317379563-1,STRUCTURAL_SCREEN_EXHAUSTED_PRIMALITY_UNASSIGNED,GF3A_DIRECTIONAL_WRITE_EXHAUSTED_PRIMALITY_UNASSIGNED,514,512,512,NO_RECORDED_FACTOR_PRP_OR_LL_RESULT_AND_NO_ACTIVE_GIMPS_ASSIGNMENT,2026-08-08T19:16:24+00:00,UNALLOCATED,,,,,
SLCMP700-2581,2581,2582,317379593,2^317379593-1,STRUCTURAL_SCREEN_EXHAUSTED_PRIMALITY_UNASSIGNED,GF3A_DIRECTIONAL_WRITE_EXHAUSTED_PRIMALITY_UNASSIGNED,513,512,512,NO_RECORDED_FACTOR_PRP_OR_LL_RESULT_AND_NO_ACTIVE_GIMPS_ASSIGNMENT,2026-08-08T19:16:24+00:00,UNALLOCATED,,,,,
SLCMP700-2582,2582,2583,317379611,2^317379611-1,STRUCTURAL_SCREEN_EXHAUSTED_PRIMALITY_UNASSIGNED,GF3A_DIRECTIONAL_WRITE_EXHAUSTED_PRIMALITY_UNASSIGNED,514,512,512,NO_RECORDED_FACTOR_PRP_OR_LL_RESULT_AND_NO_ACTIVE_GIMPS_ASSIGNMENT,2026-08-08T19:16:24+00:00,UNALLOCATED,,,,,
SLCMP700-2583,2583,2584,317379649,2^317379649-1,STRUCTURAL_SCREEN_EXHAUSTED_PRIMALITY_UNASSIGNED,GF3A_DIRECTIONAL_WRITE_EXHAUSTED_PRIMALITY_UNASSIGNED,513,512,512,NO_RECORDED_FACTOR_PRP_OR_LL_RESULT_AND_NO_ACTIVE_GIMPS_ASSIGNMENT,2026-08-08T19:16:24+00:00,UNALLOCATED,,,,,
SLCMP700-2584,2584,2585,317379697,2^317379697-1,STRUCTURAL_SCREEN_EXHAUSTED_PRIMALITY_UNASSIGNED,GF3A_DIRECTIONAL_WRITE_EXHAUSTED_PRIMALITY_UNASSIGNED,513,512,512,NO_RECORDED_FACTOR_PRP_OR_LL_RESULT_AND_NO_ACTIVE_GIMPS_ASSIGNMENT,2026-08-08T19:16:24+00:00,UNALLOCATED,,,,,
SLCMP700-2585,2585,2586,317379757,2^317379757-1,STRUCTURAL_SCREEN_EXHAUSTED_PRIMALITY_UNASSIGNED,GF3A_DIRECTIONAL_WRITE_EXHAUSTED_PRIMALITY_UNASSIGNED,513,512,512,NO_RECORDED_FACTOR_PRP_OR_LL_RESULT_AND_NO_ACTIVE_GIMPS_ASSIGNMENT,2026-08-08T19:16:24+00:00,UNALLOCATED,,,,,
SLCMP700-2586,2586,2587,317379773,2^317379773-1,STRUCTURAL_SCREEN_EXHAUSTED_PRIMALITY_UNASSIGNED,GF3A_DIRECTIONAL_WRITE_EXHAUSTED_PRIMALITY_UNASSIGNED,513,512,512,NO_RECORDED_FACTOR_PRP_OR_LL_RESULT_AND_NO_ACTIVE_GIMPS_ASSIGNMENT,2026-08-08T19:16:24+00:00,UNALLOCATED,,,,,
SLCMP700-2587,2587,2588,317379841,2^317379841-1,STRUCTURAL_SCREEN_EXHAUSTED_PRIMALITY_UNASSIGNED,GF3A_DIRECTIONAL_WRITE_EXHAUSTED_PRIMALITY_UNASSIGNED,513,512,512,NO_RECORDED_FACTOR_PRP_OR_LL_RESULT_AND_NO_ACTIVE_GIMPS_ASSIGNMENT,2026-08-08T19:16:24+00:00,UNALLOCATED,,,,,
SLCMP700-2588,2588,2589,317379859,2^317379859-1,STRUCTURAL_SCREEN_EXHAUSTED_PRIMALITY_UNASSIGNED,GF3A_DIRECTIONAL_WRITE_EXHAUSTED_PRIMALITY_UNASSIGNED,514,512,512,NO_RECORDED_FACTOR_PRP_OR_LL_RESULT_AND_NO_ACTIVE_GIMPS_ASSIGNMENT,2026-08-08T19:16:24+00:00,UNALLOCATED,,,,,
SLCMP700-2589,2589,2590,317379883,2^317379883-1,STRUCTURAL_SCREEN_EXHAUSTED_PRIMALITY_UNASSIGNED,GF3A_DIRECTIONAL_WRITE_EXHAUSTED_PRIMALITY_UNASSIGNED,514,512,512,NO_RECORDED_FACTOR_PRP_OR_LL_RESULT_AND_NO_ACTIVE_GIMPS_ASSIGNMENT,2026-08-08T19:16:24+00:00,UNALLOCATED,,,,,
SLCMP700-2590,2590,2591,317379911,2^317379911-1,STRUCTURAL_SCREEN_EXHAUSTED_PRIMALITY_UNASSIGNED,GF3A_DIRECTIONAL_WRITE_EXHAUSTED_PRIMALITY_UNASSIGNED,514,512,512,NO_RECORDED_FACTOR_PRP_OR_LL_RESULT_AND_NO_ACTIVE_GIMPS_ASSIGNMENT,2026-08-08T19:16:24+00:00,UNALLOCATED,,,,,
SLCMP700-2591,2591,2592,317379943,2^317379943-1,STRUCTURAL_SCREEN_EXHAUSTED_PRIMALITY_UNASSIGNED,GF3A_DIRECTIONAL_WRITE_EXHAUSTED_PRIMALITY_UNASSIGNED,514,512,512,NO_RECORDED_FACTOR_PRP_OR_LL_RESULT_AND_NO_ACTIVE_GIMPS_ASSIGNMENT,2026-08-08T19:16:24+00:00,UNALLOCATED,,,,,
SLCMP700-2592,2592,2593,317379949,2^317379949-1,STRUCTURAL_SCREEN_EXHAUSTED_PRIMALITY_UNASSIGNED,GF3A_DIRECTIONAL_WRITE_EXHAUSTED_PRIMALITY_UNASSIGNED,513,512,512,NO_RECORDED_FACTOR_PRP_OR_LL_RESULT_AND_NO_ACTIVE_GIMPS_ASSIGNMENT,2026-08-08T19:16:24+00:00,UNALLOCATED,,,,,
SLCMP700-2593,2593,2594,317379961,2^317379961-1,STRUCTURAL_SCREEN_EXHAUSTED_PRIMALITY_UNASSIGNED,GF3A_DIRECTIONAL_WRITE_EXHAUSTED_PRIMALITY_UNASSIGNED,513,512,512,NO_RECORDED_FACTOR_PRP_OR_LL_RESULT_AND_NO_ACTIVE_GIMPS_ASSIGNMENT,2026-08-08T19:16:24+00:00,UNALLOCATED,,,,,
SLCMP700-2594,2594,2595,317380001,2^317380001-1,STRUCTURAL_SCREEN_EXHAUSTED_PRIMALITY_UNASSIGNED,GF3A_DIRECTIONAL_WRITE_EXHAUSTED_PRIMALITY_UNASSIGNED,513,512,512,NO_RECORDED_FACTOR_PRP_OR_LL_RESULT_AND_NO_ACTIVE_GIMPS_ASSIGNMENT,2026-08-08T19:16:24+00:00,UNALLOCATED,,,,,
SLCMP700-2595,2595,2596,317380073,2^317380073-1,STRUCTURAL_SCREEN_EXHAUSTED_PRIMALITY_UNASSIGNED,GF3A_DIRECTIONAL_WRITE_EXHAUSTED_PRIMALITY_UNASSIGNED,513,512,512,NO_RECORDED_FACTOR_PRP_OR_LL_RESULT_AND_NO_ACTIVE_GIMPS_ASSIGNMENT,2026-08-08T19:16:24+00:00,UNALLOCATED,,,,,
SLCMP700-2596,2596,2597,317380087,2^317380087-1,STRUCTURAL_SCREEN_EXHAUSTED_PRIMALITY_UNASSIGNED,GF3A_DIRECTIONAL_WRITE_EXHAUSTED_PRIMALITY_UNASSIGNED,514,512,512,NO_RECORDED_FACTOR_PRP_OR_LL_RESULT_AND_NO_ACTIVE_GIMPS_ASSIGNMENT,2026-08-08T19:16:24+00:00,UNALLOCATED,,,,,
SLCMP700-2597,2597,2598,317380093,2^317380093-1,STRUCTURAL_SCREEN_EXHAUSTED_PRIMALITY_UNASSIGNED,GF3A_DIRECTIONAL_WRITE_EXHAUSTED_PRIMALITY_UNASSIGNED,513,512,512,NO_RECORDED_FACTOR_PRP_OR_LL_RESULT_AND_NO_ACTIVE_GIMPS_ASSIGNMENT,2026-08-08T19:16:24+00:00,UNALLOCATED,,,,,
SLCMP700-2598,2598,2599,317380159,2^317380159-1,STRUCTURAL_SCREEN_EXHAUSTED_PRIMALITY_UNASSIGNED,GF3A_DIRECTIONAL_WRITE_EXHAUSTED_PRIMALITY_UNASSIGNED,514,512,512,NO_RECORDED_FACTOR_PRP_OR_LL_RESULT_AND_NO_ACTIVE_GIMPS_ASSIGNMENT,2026-08-08T19:16:24+00:00,UNALLOCATED,,,,,
SLCMP700-2599,2599,2600,317380169,2^317380169-1,STRUCTURAL_SCREEN_EXHAUSTED_PRIMALITY_UNASSIGNED,GF3A_DIRECTIONAL_WRITE_EXHAUSTED_PRIMALITY_UNASSIGNED,513,512,512,NO_RECORDED_FACTOR_PRP_OR_LL_RESULT_AND_NO_ACTIVE_GIMPS_ASSIGNMENT,2026-08-08T19:16:24+00:00,UNALLOCATED,,,,,
SLCMP700-2600,2600,2601,317380187,2^317380187-1,STRUCTURAL_SCREEN_EXHAUSTED_PRIMALITY_UNASSIGNED,GF3A_DIRECTIONAL_WRITE_EXHAUSTED_PRIMALITY_UNASSIGNED,514,512,512,NO_RECORDED_FACTOR_PRP_OR_LL_RESULT_AND_NO_ACTIVE_GIMPS_ASSIGNMENT,2026-08-08T19:16:24+00:00,UNALLOCATED,,,,,
SLCMP700-2601,2601,2602,317380207,2^317380207-1,STRUCTURAL_SCREEN_EXHAUSTED_PRIMALITY_UNASSIGNED,GF3A_DIRECTIONAL_WRITE_EXHAUSTED_PRIMALITY_UNASSIGNED,514,512,512,NO_RECORDED_FACTOR_PRP_OR_LL_RESULT_AND_NO_ACTIVE_GIMPS_ASSIGNMENT,2026-08-08T19:16:24+00:00,UNALLOCATED,,,,,
SLCMP700-2602,2602,2603,317380249,2^317380249-1,STRUCTURAL_SCREEN_EXHAUSTED_PRIMALITY_UNASSIGNED,GF3A_DIRECTIONAL_WRITE_EXHAUSTED_PRIMALITY_UNASSIGNED,513,512,512,NO_RECORDED_FACTOR_PRP_OR_LL_RESULT_AND_NO_ACTIVE_GIMPS_ASSIGNMENT,2026-08-08T19:16:24+00:00,UNALLOCATED,,,,,
SLCMP700-2603,2603,2604,317380309,2^317380309-1,STRUCTURAL_SCREEN_EXHAUSTED_PRIMALITY_UNASSIGNED,GF3A_DIRECTIONAL_WRITE_EXHAUSTED_PRIMALITY_UNASSIGNED,513,512,512,NO_RECORDED_FACTOR_PRP_OR_LL_RESULT_AND_NO_ACTIVE_GIMPS_ASSIGNMENT,2026-08-08T19:16:24+00:00,UNALLOCATED,,,,,
SLCMP700-2604,2604,2605,317380337,2^317380337-1,STRUCTURAL_SCREEN_EXHAUSTED_PRIMALITY_UNASSIGNED,GF3A_DIRECTIONAL_WRITE_EXHAUSTED_PRIMALITY_UNASSIGNED,513,512,512,NO_RECORDED_FACTOR_PRP_OR_LL_RESULT_AND_NO_ACTIVE_GIMPS_ASSIGNMENT,2026-08-08T19:16:24+00:00,UNALLOCATED,,,,,
SLCMP700-2605,2605,2606,317380373,2^317380373-1,STRUCTURAL_SCREEN_EXHAUSTED_PRIMALITY_UNASSIGNED,GF3A_DIRECTIONAL_WRITE_EXHAUSTED_PRIMALITY_UNASSIGNED,513,512,512,NO_RECORDED_FACTOR_PRP_OR_LL_RESULT_AND_NO_ACTIVE_GIMPS_ASSIGNMENT,2026-08-08T19:16:24+00:00,UNALLOCATED,,,,,
SLCMP700-2606,2606,2607,317380417,2^317380417-1,STRUCTURAL_SCREEN_EXHAUSTED_PRIMALITY_UNASSIGNED,GF3A_DIRECTIONAL_WRITE_EXHAUSTED_PRIMALITY_UNASSIGNED,513,512,512,NO_RECORDED_FACTOR_PRP_OR_LL_RESULT_AND_NO_ACTIVE_GIMPS_ASSIGNMENT,2026-08-08T19:16:24+00:00,UNALLOCATED,,,,,
SLCMP700-2607,2607,2608,317380471,2^317380471-1,STRUCTURAL_SCREEN_EXHAUSTED_PRIMALITY_UNASSIGNED,GF3A_DIRECTIONAL_WRITE_EXHAUSTED_PRIMALITY_UNASSIGNED,514,512,512,NO_RECORDED_FACTOR_PRP_OR_LL_RESULT_AND_NO_ACTIVE_GIMPS_ASSIGNMENT,2026-08-08T19:16:24+00:00,UNALLOCATED,,,,,
SLCMP700-2608,2608,2609,317380601,2^317380601-1,STRUCTURAL_SCREEN_EXHAUSTED_PRIMALITY_UNASSIGNED,GF3A_DIRECTIONAL_WRITE_EXHAUSTED_PRIMALITY_UNASSIGNED,513,512,512,NO_RECORDED_FACTOR_PRP_OR_LL_RESULT_AND_NO_ACTIVE_GIMPS_ASSIGNMENT,2026-08-08T19:16:24+00:00,UNALLOCATED,,,,,
SLCMP700-2609,2609,2610,317380603,2^317380603-1,STRUCTURAL_SCREEN_EXHAUSTED_PRIMALITY_UNASSIGNED,GF3A_DIRECTIONAL_WRITE_EXHAUSTED_PRIMALITY_UNASSIGNED,514,512,512,NO_RECORDED_FACTOR_PRP_OR_LL_RESULT_AND_NO_ACTIVE_GIMPS_ASSIGNMENT,2026-08-08T19:16:24+00:00,UNALLOCATED,,,,,
SLCMP700-2610,2610,2611,317380619,2^317380619-1,STRUCTURAL_SCREEN_EXHAUSTED_PRIMALITY_UNASSIGNED,GF3A_DIRECTIONAL_WRITE_EXHAUSTED_PRIMALITY_UNASSIGNED,514,512,512,NO_RECORDED_FACTOR_PRP_OR_LL_RESULT_AND_NO_ACTIVE_GIMPS_ASSIGNMENT,2026-08-08T19:16:24+00:00,UNALLOCATED,,,,,
SLCMP700-2611,2611,2612,317380649,2^317380649-1,STRUCTURAL_SCREEN_EXHAUSTED_PRIMALITY_UNASSIGNED,GF3A_DIRECTIONAL_WRITE_EXHAUSTED_PRIMALITY_UNASSIGNED,513,512,512,NO_RECORDED_FACTOR_PRP_OR_LL_RESULT_AND_NO_ACTIVE_GIMPS_ASSIGNMENT,2026-08-08T19:16:24+00:00,UNALLOCATED,,,,,
SLCMP700-2612,2612,2613,317380711,2^317380711-1,STRUCTURAL_SCREEN_EXHAUSTED_PRIMALITY_UNASSIGNED,GF3A_DIRECTIONAL_WRITE_EXHAUSTED_PRIMALITY_UNASSIGNED,514,512,512,NO_RECORDED_FACTOR_PRP_OR_LL_RESULT_AND_NO_ACTIVE_GIMPS_ASSIGNMENT,2026-08-08T19:16:24+00:00,UNALLOCATED,,,,,
SLCMP700-2613,2613,2614,317380729,2^317380729-1,STRUCTURAL_SCREEN_EXHAUSTED_PRIMALITY_UNASSIGNED,GF3A_DIRECTIONAL_WRITE_EXHAUSTED_PRIMALITY_UNASSIGNED,513,512,512,NO_RECORDED_FACTOR_PRP_OR_LL_RESULT_AND_NO_ACTIVE_GIMPS_ASSIGNMENT,2026-08-08T19:16:24+00:00,UNALLOCATED,,,,,
SLCMP700-2614,2614,2615,317380733,2^317380733-1,STRUCTURAL_SCREEN_EXHAUSTED_PRIMALITY_UNASSIGNED,GF3A_DIRECTIONAL_WRITE_EXHAUSTED_PRIMALITY_UNASSIGNED,513,512,512,NO_RECORDED_FACTOR_PRP_OR_LL_RESULT_AND_NO_ACTIVE_GIMPS_ASSIGNMENT,2026-08-08T19:16:24+00:00,UNALLOCATED,,,,,
SLCMP700-2615,2615,2616,317380849,2^317380849-1,STRUCTURAL_SCREEN_EXHAUSTED_PRIMALITY_UNASSIGNED,GF3A_DIRECTIONAL_WRITE_EXHAUSTED_PRIMALITY_UNASSIGNED,513,512,512,NO_RECORDED_FACTOR_PRP_OR_LL_RESULT_AND_NO_ACTIVE_GIMPS_ASSIGNMENT,2026-08-08T19:16:24+00:00,UNALLOCATED,,,,,
SLCMP700-2616,2616,2617,317380963,2^317380963-1,STRUCTURAL_SCREEN_EXHAUSTED_PRIMALITY_UNASSIGNED,GF3A_DIRECTIONAL_WRITE_EXHAUSTED_PRIMALITY_UNASSIGNED,514,512,512,NO_RECORDED_FACTOR_PRP_OR_LL_RESULT_AND_NO_ACTIVE_GIMPS_ASSIGNMENT,2026-08-08T19:16:24+00:00,UNALLOCATED,,,,,
SLCMP700-2617,2617,2618,317380967,2^317380967-1,STRUCTURAL_SCREEN_EXHAUSTED_PRIMALITY_UNASSIGNED,GF3A_DIRECTIONAL_WRITE_EXHAUSTED_PRIMALITY_UNASSIGNED,514,512,512,NO_RECORDED_FACTOR_PRP_OR_LL_RESULT_AND_NO_ACTIVE_GIMPS_ASSIGNMENT,2026-08-08T19:16:24+00:00,UNALLOCATED,,,,,
SLCMP700-2618,2618,2619,317381023,2^317381023-1,STRUCTURAL_SCREEN_EXHAUSTED_PRIMALITY_UNASSIGNED,GF3A_DIRECTIONAL_WRITE_EXHAUSTED_PRIMALITY_UNASSIGNED,514,512,512,NO_RECORDED_FACTOR_PRP_OR_LL_RESULT_AND_NO_ACTIVE_GIMPS_ASSIGNMENT,2026-08-08T19:16:24+00:00,UNALLOCATED,,,,,
SLCMP700-2619,2619,2620,317381047,2^317381047-1,STRUCTURAL_SCREEN_EXHAUSTED_PRIMALITY_UNASSIGNED,GF3A_DIRECTIONAL_WRITE_EXHAUSTED_PRIMALITY_UNASSIGNED,514,512,512,NO_RECORDED_FACTOR_PRP_OR_LL_RESULT_AND_NO_ACTIVE_GIMPS_ASSIGNMENT,2026-08-08T19:16:24+00:00,UNALLOCATED,,,,,
SLCMP700-2620,2620,2621,317381107,2^317381107-1,STRUCTURAL_SCREEN_EXHAUSTED_PRIMALITY_UNASSIGNED,GF3A_DIRECTIONAL_WRITE_EXHAUSTED_PRIMALITY_UNASSIGNED,514,512,512,NO_RECORDED_FACTOR_PRP_OR_LL_RESULT_AND_NO_ACTIVE_GIMPS_ASSIGNMENT,2026-08-08T19:16:24+00:00,UNALLOCATED,,,,,
SLCMP700-2621,2621,2622,317381201,2^317381201-1,STRUCTURAL_SCREEN_EXHAUSTED_PRIMALITY_UNASSIGNED,GF3A_DIRECTIONAL_WRITE_EXHAUSTED_PRIMALITY_UNASSIGNED,513,512,512,NO_RECORDED_FACTOR_PRP_OR_LL_RESULT_AND_NO_ACTIVE_GIMPS_ASSIGNMENT,2026-08-08T19:16:24+00:00,UNALLOCATED,,,,,
SLCMP700-2622,2622,2623,317381243,2^317381243-1,STRUCTURAL_SCREEN_EXHAUSTED_PRIMALITY_UNASSIGNED,GF3A_DIRECTIONAL_WRITE_EXHAUSTED_PRIMALITY_UNASSIGNED,514,512,512,NO_RECORDED_FACTOR_PRP_OR_LL_RESULT_AND_NO_ACTIVE_GIMPS_ASSIGNMENT,2026-08-08T19:16:24+00:00,UNALLOCATED,,,,,
SLCMP700-2623,2623,2624,317381371,2^317381371-1,STRUCTURAL_SCREEN_EXHAUSTED_PRIMALITY_UNASSIGNED,GF3A_DIRECTIONAL_WRITE_EXHAUSTED_PRIMALITY_UNASSIGNED,514,512,512,NO_RECORDED_FACTOR_PRP_OR_LL_RESULT_AND_NO_ACTIVE_GIMPS_ASSIGNMENT,2026-08-08T19:16:24+00:00,UNALLOCATED,,,,,
SLCMP700-2624,2624,2625,317381399,2^317381399-1,STRUCTURAL_SCREEN_EXHAUSTED_PRIMALITY_UNASSIGNED,GF3A_DIRECTIONAL_WRITE_EXHAUSTED_PRIMALITY_UNASSIGNED,514,512,512,NO_RECORDED_FACTOR_PRP_OR_LL_RESULT_AND_NO_ACTIVE_GIMPS_ASSIGNMENT,2026-08-08T19:16:24+00:00,UNALLOCATED,,,,,
SLCMP700-2625,2625,2626,317381411,2^317381411-1,STRUCTURAL_SCREEN_EXHAUSTED_PRIMALITY_UNASSIGNED,GF3A_DIRECTIONAL_WRITE_EXHAUSTED_PRIMALITY_UNASSIGNED,514,512,512,NO_RECORDED_FACTOR_PRP_OR_LL_RESULT_AND_NO_ACTIVE_GIMPS_ASSIGNMENT,2026-08-08T19:16:24+00:00,UNALLOCATED,,,,,
SLCMP700-2626,2626,2627,317381497,2^317381497-1,STRUCTURAL_SCREEN_EXHAUSTED_PRIMALITY_UNASSIGNED,GF3A_DIRECTIONAL_WRITE_EXHAUSTED_PRIMALITY_UNASSIGNED,513,512,512,NO_RECORDED_FACTOR_PRP_OR_LL_RESULT_AND_NO_ACTIVE_GIMPS_ASSIGNMENT,2026-08-08T19:16:24+00:00,UNALLOCATED,,,,,
SLCMP700-2627,2627,2628,317381549,2^317381549-1,STRUCTURAL_SCREEN_EXHAUSTED_PRIMALITY_UNASSIGNED,GF3A_DIRECTIONAL_WRITE_EXHAUSTED_PRIMALITY_UNASSIGNED,513,512,512,NO_RECORDED_FACTOR_PRP_OR_LL_RESULT_AND_NO_ACTIVE_GIMPS_ASSIGNMENT,2026-08-08T19:16:24+00:00,UNALLOCATED,,,,,
SLCMP700-2628,2628,2629,317381557,2^317381557-1,STRUCTURAL_SCREEN_EXHAUSTED_PRIMALITY_UNASSIGNED,GF3A_DIRECTIONAL_WRITE_EXHAUSTED_PRIMALITY_UNASSIGNED,513,512,512,NO_RECORDED_FACTOR_PRP_OR_LL_RESULT_AND_NO_ACTIVE_GIMPS_ASSIGNMENT,2026-08-08T19:16:24+00:00,UNALLOCATED,,,,,
SLCMP700-2629,2629,2630,317381569,2^317381569-1,STRUCTURAL_SCREEN_EXHAUSTED_PRIMALITY_UNASSIGNED,GF3A_DIRECTIONAL_WRITE_EXHAUSTED_PRIMALITY_UNASSIGNED,513,512,512,NO_RECORDED_FACTOR_PRP_OR_LL_RESULT_AND_NO_ACTIVE_GIMPS_ASSIGNMENT,2026-08-08T19:16:24+00:00,UNALLOCATED,,,,,
SLCMP700-2630,2630,2631,317381611,2^317381611-1,STRUCTURAL_SCREEN_EXHAUSTED_PRIMALITY_UNASSIGNED,GF3A_DIRECTIONAL_WRITE_EXHAUSTED_PRIMALITY_UNASSIGNED,514,512,512,NO_RECORDED_FACTOR_PRP_OR_LL_RESULT_AND_NO_ACTIVE_GIMPS_ASSIGNMENT,2026-08-08T19:16:24+00:00,UNALLOCATED,,,,,
SLCMP700-2631,2631,2632,317381641,2^317381641-1,STRUCTURAL_SCREEN_EXHAUSTED_PRIMALITY_UNASSIGNED,GF3A_DIRECTIONAL_WRITE_EXHAUSTED_PRIMALITY_UNASSIGNED,513,512,512,NO_RECORDED_FACTOR_PRP_OR_LL_RESULT_AND_NO_ACTIVE_GIMPS_ASSIGNMENT,2026-08-08T19:16:24+00:00,UNALLOCATED,,,,,
SLCMP700-2632,2632,2633,317381837,2^317381837-1,STRUCTURAL_SCREEN_EXHAUSTED_PRIMALITY_UNASSIGNED,GF3A_DIRECTIONAL_WRITE_EXHAUSTED_PRIMALITY_UNASSIGNED,513,512,512,NO_RECORDED_FACTOR_PRP_OR_LL_RESULT_AND_NO_ACTIVE_GIMPS_ASSIGNMENT,2026-08-08T19:16:24+00:00,UNALLOCATED,,,,,
SLCMP700-2633,2633,2634,317381849,2^317381849-1,STRUCTURAL_SCREEN_EXHAUSTED_PRIMALITY_UNASSIGNED,GF3A_DIRECTIONAL_WRITE_EXHAUSTED_PRIMALITY_UNASSIGNED,513,512,512,NO_RECORDED_FACTOR_PRP_OR_LL_RESULT_AND_NO_ACTIVE_GIMPS_ASSIGNMENT,2026-08-08T19:16:24+00:00,UNALLOCATED,,,,,
SLCMP700-2634,2634,2635,317381923,2^317381923-1,STRUCTURAL_SCREEN_EXHAUSTED_PRIMALITY_UNASSIGNED,GF3A_DIRECTIONAL_WRITE_EXHAUSTED_PRIMALITY_UNASSIGNED,514,512,512,NO_RECORDED_FACTOR_PRP_OR_LL_RESULT_AND_NO_ACTIVE_GIMPS_ASSIGNMENT,2026-08-08T19:16:24+00:00,UNALLOCATED,,,,,
SLCMP700-2635,2635,2636,317382101,2^317382101-1,STRUCTURAL_SCREEN_EXHAUSTED_PRIMALITY_UNASSIGNED,GF3A_DIRECTIONAL_WRITE_EXHAUSTED_PRIMALITY_UNASSIGNED,513,512,512,NO_RECORDED_FACTOR_PRP_OR_LL_RESULT_AND_NO_ACTIVE_GIMPS_ASSIGNMENT,2026-08-08T19:16:24+00:00,UNALLOCATED,,,,,
SLCMP700-2636,2636,2637,317382103,2^317382103-1,STRUCTURAL_SCREEN_EXHAUSTED_PRIMALITY_UNASSIGNED,GF3A_DIRECTIONAL_WRITE_EXHAUSTED_PRIMALITY_UNASSIGNED,514,512,512,NO_RECORDED_FACTOR_PRP_OR_LL_RESULT_AND_NO_ACTIVE_GIMPS_ASSIGNMENT,2026-08-08T19:16:24+00:00,UNALLOCATED,,,,,
SLCMP700-2637,2637,2638,317382127,2^317382127-1,STRUCTURAL_SCREEN_EXHAUSTED_PRIMALITY_UNASSIGNED,GF3A_DIRECTIONAL_WRITE_EXHAUSTED_PRIMALITY_UNASSIGNED,514,512,512,NO_RECORDED_FACTOR_PRP_OR_LL_RESULT_AND_NO_ACTIVE_GIMPS_ASSIGNMENT,2026-08-08T19:16:24+00:00,UNALLOCATED,,,,,
SLCMP700-2638,2638,2639,317382199,2^317382199-1,STRUCTURAL_SCREEN_EXHAUSTED_PRIMALITY_UNASSIGNED,GF3A_DIRECTIONAL_WRITE_EXHAUSTED_PRIMALITY_UNASSIGNED,514,512,512,NO_RECORDED_FACTOR_PRP_OR_LL_RESULT_AND_NO_ACTIVE_GIMPS_ASSIGNMENT,2026-08-08T19:16:24+00:00,UNALLOCATED,,,,,
SLCMP700-2639,2639,2640,317382229,2^317382229-1,STRUCTURAL_SCREEN_EXHAUSTED_PRIMALITY_UNASSIGNED,GF3A_DIRECTIONAL_WRITE_EXHAUSTED_PRIMALITY_UNASSIGNED,513,512,512,NO_RECORDED_FACTOR_PRP_OR_LL_RESULT_AND_NO_ACTIVE_GIMPS_ASSIGNMENT,2026-08-08T19:16:24+00:00,UNALLOCATED,,,,,
SLCMP700-2640,2640,2641,317382301,2^317382301-1,STRUCTURAL_SCREEN_EXHAUSTED_PRIMALITY_UNASSIGNED,GF3A_DIRECTIONAL_WRITE_EXHAUSTED_PRIMALITY_UNASSIGNED,513,512,512,NO_RECORDED_FACTOR_PRP_OR_LL_RESULT_AND_NO_ACTIVE_GIMPS_ASSIGNMENT,2026-08-08T19:16:24+00:00,UNALLOCATED,,,,,
SLCMP700-2641,2641,2642,317382311,2^317382311-1,STRUCTURAL_SCREEN_EXHAUSTED_PRIMALITY_UNASSIGNED,GF3A_DIRECTIONAL_WRITE_EXHAUSTED_PRIMALITY_UNASSIGNED,514,512,512,NO_RECORDED_FACTOR_PRP_OR_LL_RESULT_AND_NO_ACTIVE_GIMPS_ASSIGNMENT,2026-08-08T19:16:24+00:00,UNALLOCATED,,,,,
SLCMP700-2642,2642,2643,317382323,2^317382323-1,STRUCTURAL_SCREEN_EXHAUSTED_PRIMALITY_UNASSIGNED,GF3A_DIRECTIONAL_WRITE_EXHAUSTED_PRIMALITY_UNASSIGNED,514,512,512,NO_RECORDED_FACTOR_PRP_OR_LL_RESULT_AND_NO_ACTIVE_GIMPS_ASSIGNMENT,2026-08-08T19:16:24+00:00,UNALLOCATED,,,,,
SLCMP700-2643,2643,2644,317382349,2^317382349-1,STRUCTURAL_SCREEN_EXHAUSTED_PRIMALITY_UNASSIGNED,GF3A_DIRECTIONAL_WRITE_EXHAUSTED_PRIMALITY_UNASSIGNED,513,512,512,NO_RECORDED_FACTOR_PRP_OR_LL_RESULT_AND_NO_ACTIVE_GIMPS_ASSIGNMENT,2026-08-08T19:16:24+00:00,UNALLOCATED,,,,,
SLCMP700-2644,2644,2645,317382397,2^317382397-1,STRUCTURAL_SCREEN_EXHAUSTED_PRIMALITY_UNASSIGNED,GF3A_DIRECTIONAL_WRITE_EXHAUSTED_PRIMALITY_UNASSIGNED,513,512,512,NO_RECORDED_FACTOR_PRP_OR_LL_RESULT_AND_NO_ACTIVE_GIMPS_ASSIGNMENT,2026-08-08T19:16:24+00:00,UNALLOCATED,,,,,
SLCMP700-2645,2645,2646,317382413,2^317382413-1,STRUCTURAL_SCREEN_EXHAUSTED_PRIMALITY_UNASSIGNED,GF3A_DIRECTIONAL_WRITE_EXHAUSTED_PRIMALITY_UNASSIGNED,513,512,512,NO_RECORDED_FACTOR_PRP_OR_LL_RESULT_AND_NO_ACTIVE_GIMPS_ASSIGNMENT,2026-08-08T19:16:24+00:00,UNALLOCATED,,,,,
SLCMP700-2646,2646,2647,317382419,2^317382419-1,STRUCTURAL_SCREEN_EXHAUSTED_PRIMALITY_UNASSIGNED,GF3A_DIRECTIONAL_WRITE_EXHAUSTED_PRIMALITY_UNASSIGNED,514,512,512,NO_RECORDED_FACTOR_PRP_OR_LL_RESULT_AND_NO_ACTIVE_GIMPS_ASSIGNMENT,2026-08-08T19:16:24+00:00,UNALLOCATED,,,,,
SLCMP700-2647,2647,2648,317382473,2^317382473-1,STRUCTURAL_SCREEN_EXHAUSTED_PRIMALITY_UNASSIGNED,GF3A_DIRECTIONAL_WRITE_EXHAUSTED_PRIMALITY_UNASSIGNED,513,512,512,NO_RECORDED_FACTOR_PRP_OR_LL_RESULT_AND_NO_ACTIVE_GIMPS_ASSIGNMENT,2026-08-08T19:16:24+00:00,UNALLOCATED,,,,,
SLCMP700-2648,2648,2649,317382491,2^317382491-1,STRUCTURAL_SCREEN_EXHAUSTED_PRIMALITY_UNASSIGNED,GF3A_DIRECTIONAL_WRITE_EXHAUSTED_PRIMALITY_UNASSIGNED,514,512,512,NO_RECORDED_FACTOR_PRP_OR_LL_RESULT_AND_NO_ACTIVE_GIMPS_ASSIGNMENT,2026-08-08T19:16:24+00:00,UNALLOCATED,,,,,
SLCMP700-2649,2649,2650,317382523,2^317382523-1,STRUCTURAL_SCREEN_EXHAUSTED_PRIMALITY_UNASSIGNED,GF3A_DIRECTIONAL_WRITE_EXHAUSTED_PRIMALITY_UNASSIGNED,514,512,512,NO_RECORDED_FACTOR_PRP_OR_LL_RESULT_AND_NO_ACTIVE_GIMPS_ASSIGNMENT,2026-08-08T19:16:24+00:00,UNALLOCATED,,,,,
SLCMP700-2650,2650,2651,317382529,2^317382529-1,STRUCTURAL_SCREEN_EXHAUSTED_PRIMALITY_UNASSIGNED,GF3A_DIRECTIONAL_WRITE_EXHAUSTED_PRIMALITY_UNASSIGNED,513,512,512,NO_RECORDED_FACTOR_PRP_OR_LL_RESULT_AND_NO_ACTIVE_GIMPS_ASSIGNMENT,2026-08-08T19:16:24+00:00,UNALLOCATED,,,,,
SLCMP700-2651,2651,2652,317382629,2^317382629-1,STRUCTURAL_SCREEN_EXHAUSTED_PRIMALITY_UNASSIGNED,GF3A_DIRECTIONAL_WRITE_EXHAUSTED_PRIMALITY_UNASSIGNED,513,512,512,NO_RECORDED_FACTOR_PRP_OR_LL_RESULT_AND_NO_ACTIVE_GIMPS_ASSIGNMENT,2026-08-08T19:16:24+00:00,UNALLOCATED,,,,,
SLCMP700-2652,2652,2653,317382661,2^317382661-1,STRUCTURAL_SCREEN_EXHAUSTED_PRIMALITY_UNASSIGNED,GF3A_DIRECTIONAL_WRITE_EXHAUSTED_PRIMALITY_UNASSIGNED,513,512,512,NO_RECORDED_FACTOR_PRP_OR_LL_RESULT_AND_NO_ACTIVE_GIMPS_ASSIGNMENT,2026-08-08T19:16:24+00:00,UNALLOCATED,,,,,
SLCMP700-2653,2653,2654,317382721,2^317382721-1,STRUCTURAL_SCREEN_EXHAUSTED_PRIMALITY_UNASSIGNED,GF3A_DIRECTIONAL_WRITE_EXHAUSTED_PRIMALITY_UNASSIGNED,513,512,512,NO_RECORDED_FACTOR_PRP_OR_LL_RESULT_AND_NO_ACTIVE_GIMPS_ASSIGNMENT,2026-08-08T19:16:24+00:00,UNALLOCATED,,,,,
SLCMP700-2654,2654,2655,317382847,2^317382847-1,STRUCTURAL_SCREEN_EXHAUSTED_PRIMALITY_UNASSIGNED,GF3A_DIRECTIONAL_WRITE_EXHAUSTED_PRIMALITY_UNASSIGNED,514,512,512,NO_RECORDED_FACTOR_PRP_OR_LL_RESULT_AND_NO_ACTIVE_GIMPS_ASSIGNMENT,2026-08-08T19:16:24+00:00,UNALLOCATED,,,,,
SLCMP700-2655,2655,2656,317382937,2^317382937-1,STRUCTURAL_SCREEN_EXHAUSTED_PRIMALITY_UNASSIGNED,GF3A_DIRECTIONAL_WRITE_EXHAUSTED_PRIMALITY_UNASSIGNED,513,512,512,NO_RECORDED_FACTOR_PRP_OR_LL_RESULT_AND_NO_ACTIVE_GIMPS_ASSIGNMENT,2026-08-08T19:16:24+00:00,UNALLOCATED,,,,,
SLCMP700-2656,2656,2657,317382941,2^317382941-1,STRUCTURAL_SCREEN_EXHAUSTED_PRIMALITY_UNASSIGNED,GF3A_DIRECTIONAL_WRITE_EXHAUSTED_PRIMALITY_UNASSIGNED,513,512,512,NO_RECORDED_FACTOR_PRP_OR_LL_RESULT_AND_NO_ACTIVE_GIMPS_ASSIGNMENT,2026-08-08T19:16:24+00:00,UNALLOCATED,,,,,
SLCMP700-2657,2657,2658,317382983,2^317382983-1,STRUCTURAL_SCREEN_EXHAUSTED_PRIMALITY_UNASSIGNED,GF3A_DIRECTIONAL_WRITE_EXHAUSTED_PRIMALITY_UNASSIGNED,514,512,512,NO_RECORDED_FACTOR_PRP_OR_LL_RESULT_AND_NO_ACTIVE_GIMPS_ASSIGNMENT,2026-08-08T19:16:24+00:00,UNALLOCATED,,,,,
SLCMP700-2658,2658,2659,317382997,2^317382997-1,STRUCTURAL_SCREEN_EXHAUSTED_PRIMALITY_UNASSIGNED,GF3A_DIRECTIONAL_WRITE_EXHAUSTED_PRIMALITY_UNASSIGNED,513,512,512,NO_RECORDED_FACTOR_PRP_OR_LL_RESULT_AND_NO_ACTIVE_GIMPS_ASSIGNMENT,2026-08-08T19:16:24+00:00,UNALLOCATED,,,,,
SLCMP700-2659,2659,2660,317383093,2^317383093-1,STRUCTURAL_SCREEN_EXHAUSTED_PRIMALITY_UNASSIGNED,GF3A_DIRECTIONAL_WRITE_EXHAUSTED_PRIMALITY_UNASSIGNED,513,512,512,NO_RECORDED_FACTOR_PRP_OR_LL_RESULT_AND_NO_ACTIVE_GIMPS_ASSIGNMENT,2026-08-08T19:16:24+00:00,UNALLOCATED,,,,,
SLCMP700-2660,2660,2661,317383111,2^317383111-1,STRUCTURAL_SCREEN_EXHAUSTED_PRIMALITY_UNASSIGNED,GF3A_DIRECTIONAL_WRITE_EXHAUSTED_PRIMALITY_UNASSIGNED,514,512,512,NO_RECORDED_FACTOR_PRP_OR_LL_RESULT_AND_NO_ACTIVE_GIMPS_ASSIGNMENT,2026-08-08T19:16:24+00:00,UNALLOCATED,,,,,
SLCMP700-2661,2661,2662,317383117,2^317383117-1,STRUCTURAL_SCREEN_EXHAUSTED_PRIMALITY_UNASSIGNED,GF3A_DIRECTIONAL_WRITE_EXHAUSTED_PRIMALITY_UNASSIGNED,513,512,512,NO_RECORDED_FACTOR_PRP_OR_LL_RESULT_AND_NO_ACTIVE_GIMPS_ASSIGNMENT,2026-08-08T19:16:24+00:00,UNALLOCATED,,,,,
SLCMP700-2662,2662,2663,317383159,2^317383159-1,STRUCTURAL_SCREEN_EXHAUSTED_PRIMALITY_UNASSIGNED,GF3A_DIRECTIONAL_WRITE_EXHAUSTED_PRIMALITY_UNASSIGNED,514,512,512,NO_RECORDED_FACTOR_PRP_OR_LL_RESULT_AND_NO_ACTIVE_GIMPS_ASSIGNMENT,2026-08-08T19:16:24+00:00,UNALLOCATED,,,,,
SLCMP700-2663,2663,2664,317383271,2^317383271-1,STRUCTURAL_SCREEN_EXHAUSTED_PRIMALITY_UNASSIGNED,GF3A_DIRECTIONAL_WRITE_EXHAUSTED_PRIMALITY_UNASSIGNED,514,512,512,NO_RECORDED_FACTOR_PRP_OR_LL_RESULT_AND_NO_ACTIVE_GIMPS_ASSIGNMENT,2026-08-08T19:16:24+00:00,UNALLOCATED,,,,,
SLCMP700-2664,2664,2665,317383327,2^317383327-1,STRUCTURAL_SCREEN_EXHAUSTED_PRIMALITY_UNASSIGNED,GF3A_DIRECTIONAL_WRITE_EXHAUSTED_PRIMALITY_UNASSIGNED,514,512,512,NO_RECORDED_FACTOR_PRP_OR_LL_RESULT_AND_NO_ACTIVE_GIMPS_ASSIGNMENT,2026-08-08T19:16:24+00:00,UNALLOCATED,,,,,
SLCMP700-2665,2665,2666,317383441,2^317383441-1,STRUCTURAL_SCREEN_EXHAUSTED_PRIMALITY_UNASSIGNED,GF3A_DIRECTIONAL_WRITE_EXHAUSTED_PRIMALITY_UNASSIGNED,513,512,512,NO_RECORDED_FACTOR_PRP_OR_LL_RESULT_AND_NO_ACTIVE_GIMPS_ASSIGNMENT,2026-08-08T19:16:24+00:00,UNALLOCATED,,,,,
SLCMP700-2666,2666,2667,317383459,2^317383459-1,STRUCTURAL_SCREEN_EXHAUSTED_PRIMALITY_UNASSIGNED,GF3A_DIRECTIONAL_WRITE_EXHAUSTED_PRIMALITY_UNASSIGNED,514,512,512,NO_RECORDED_FACTOR_PRP_OR_LL_RESULT_AND_NO_ACTIVE_GIMPS_ASSIGNMENT,2026-08-08T19:16:24+00:00,UNALLOCATED,,,,,
SLCMP700-2667,2667,2668,317383471,2^317383471-1,STRUCTURAL_SCREEN_EXHAUSTED_PRIMALITY_UNASSIGNED,GF3A_DIRECTIONAL_WRITE_EXHAUSTED_PRIMALITY_UNASSIGNED,514,512,512,NO_RECORDED_FACTOR_PRP_OR_LL_RESULT_AND_NO_ACTIVE_GIMPS_ASSIGNMENT,2026-08-08T19:16:24+00:00,UNALLOCATED,,,,,
SLCMP700-2668,2668,2669,317383519,2^317383519-1,STRUCTURAL_SCREEN_EXHAUSTED_PRIMALITY_UNASSIGNED,GF3A_DIRECTIONAL_WRITE_EXHAUSTED_PRIMALITY_UNASSIGNED,514,512,512,NO_RECORDED_FACTOR_PRP_OR_LL_RESULT_AND_NO_ACTIVE_GIMPS_ASSIGNMENT,2026-08-08T19:16:24+00:00,UNALLOCATED,,,,,
SLCMP700-2669,2669,2670,317383529,2^317383529-1,STRUCTURAL_SCREEN_EXHAUSTED_PRIMALITY_UNASSIGNED,GF3A_DIRECTIONAL_WRITE_EXHAUSTED_PRIMALITY_UNASSIGNED,513,512,512,NO_RECORDED_FACTOR_PRP_OR_LL_RESULT_AND_NO_ACTIVE_GIMPS_ASSIGNMENT,2026-08-08T19:16:24+00:00,UNALLOCATED,,,,,
SLCMP700-2670,2670,2671,317383571,2^317383571-1,STRUCTURAL_SCREEN_EXHAUSTED_PRIMALITY_UNASSIGNED,GF3A_DIRECTIONAL_WRITE_EXHAUSTED_PRIMALITY_UNASSIGNED,514,512,512,NO_RECORDED_FACTOR_PRP_OR_LL_RESULT_AND_NO_ACTIVE_GIMPS_ASSIGNMENT,2026-08-08T19:16:24+00:00,UNALLOCATED,,,,,
SLCMP700-2671,2671,2672,317383603,2^317383603-1,STRUCTURAL_SCREEN_EXHAUSTED_PRIMALITY_UNASSIGNED,GF3A_DIRECTIONAL_WRITE_EXHAUSTED_PRIMALITY_UNASSIGNED,514,512,512,NO_RECORDED_FACTOR_PRP_OR_LL_RESULT_AND_NO_ACTIVE_GIMPS_ASSIGNMENT,2026-08-08T19:16:24+00:00,UNALLOCATED,,,,,
SLCMP700-2672,2672,2673,317383631,2^317383631-1,STRUCTURAL_SCREEN_EXHAUSTED_PRIMALITY_UNASSIGNED,GF3A_DIRECTIONAL_WRITE_EXHAUSTED_PRIMALITY_UNASSIGNED,514,512,512,NO_RECORDED_FACTOR_PRP_OR_LL_RESULT_AND_NO_ACTIVE_GIMPS_ASSIGNMENT,2026-08-08T19:16:24+00:00,UNALLOCATED,,,,,
SLCMP700-2673,2673,2674,317383837,2^317383837-1,STRUCTURAL_SCREEN_EXHAUSTED_PRIMALITY_UNASSIGNED,GF3A_DIRECTIONAL_WRITE_EXHAUSTED_PRIMALITY_UNASSIGNED,513,512,512,NO_RECORDED_FACTOR_PRP_OR_LL_RESULT_AND_NO_ACTIVE_GIMPS_ASSIGNMENT,2026-08-08T19:16:24+00:00,UNALLOCATED,,,,,
SLCMP700-2674,2674,2675,317383849,2^317383849-1,STRUCTURAL_SCREEN_EXHAUSTED_PRIMALITY_UNASSIGNED,GF3A_DIRECTIONAL_WRITE_EXHAUSTED_PRIMALITY_UNASSIGNED,513,512,512,NO_RECORDED_FACTOR_PRP_OR_LL_RESULT_AND_NO_ACTIVE_GIMPS_ASSIGNMENT,2026-08-08T19:16:24+00:00,UNALLOCATED,,,,,
SLCMP700-2675,2675,2676,317383889,2^317383889-1,STRUCTURAL_SCREEN_EXHAUSTED_PRIMALITY_UNASSIGNED,GF3A_DIRECTIONAL_WRITE_EXHAUSTED_PRIMALITY_UNASSIGNED,513,512,512,NO_RECORDED_FACTOR_PRP_OR_LL_RESULT_AND_NO_ACTIVE_GIMPS_ASSIGNMENT,2026-08-08T19:16:24+00:00,UNALLOCATED,,,,,
SLCMP700-2676,2676,2677,317383943,2^317383943-1,STRUCTURAL_SCREEN_EXHAUSTED_PRIMALITY_UNASSIGNED,GF3A_DIRECTIONAL_WRITE_EXHAUSTED_PRIMALITY_UNASSIGNED,514,512,512,NO_RECORDED_FACTOR_PRP_OR_LL_RESULT_AND_NO_ACTIVE_GIMPS_ASSIGNMENT,2026-08-08T19:16:24+00:00,UNALLOCATED,,,,,
SLCMP700-2677,2677,2678,317384017,2^317384017-1,STRUCTURAL_SCREEN_EXHAUSTED_PRIMALITY_UNASSIGNED,GF3A_DIRECTIONAL_WRITE_EXHAUSTED_PRIMALITY_UNASSIGNED,513,512,512,NO_RECORDED_FACTOR_PRP_OR_LL_RESULT_AND_NO_ACTIVE_GIMPS_ASSIGNMENT,2026-08-08T19:16:24+00:00,UNALLOCATED,,,,,
SLCMP700-2678,2678,2679,317384029,2^317384029-1,STRUCTURAL_SCREEN_EXHAUSTED_PRIMALITY_UNASSIGNED,GF3A_DIRECTIONAL_WRITE_EXHAUSTED_PRIMALITY_UNASSIGNED,513,512,512,NO_RECORDED_FACTOR_PRP_OR_LL_RESULT_AND_NO_ACTIVE_GIMPS_ASSIGNMENT,2026-08-08T19:16:24+00:00,UNALLOCATED,,,,,
SLCMP700-2679,2679,2680,317384167,2^317384167-1,STRUCTURAL_SCREEN_EXHAUSTED_PRIMALITY_UNASSIGNED,GF3A_DIRECTIONAL_WRITE_EXHAUSTED_PRIMALITY_UNASSIGNED,514,512,512,NO_RECORDED_FACTOR_PRP_OR_LL_RESULT_AND_NO_ACTIVE_GIMPS_ASSIGNMENT,2026-08-08T19:16:24+00:00,UNALLOCATED,,,,,
SLCMP700-2680,2680,2681,317384219,2^317384219-1,STRUCTURAL_SCREEN_EXHAUSTED_PRIMALITY_UNASSIGNED,GF3A_DIRECTIONAL_WRITE_EXHAUSTED_PRIMALITY_UNASSIGNED,514,512,512,NO_RECORDED_FACTOR_PRP_OR_LL_RESULT_AND_NO_ACTIVE_GIMPS_ASSIGNMENT,2026-08-08T19:16:24+00:00,UNALLOCATED,,,,,
SLCMP700-2681,2681,2682,317384257,2^317384257-1,STRUCTURAL_SCREEN_EXHAUSTED_PRIMALITY_UNASSIGNED,GF3A_DIRECTIONAL_WRITE_EXHAUSTED_PRIMALITY_UNASSIGNED,513,512,512,NO_RECORDED_FACTOR_PRP_OR_LL_RESULT_AND_NO_ACTIVE_GIMPS_ASSIGNMENT,2026-08-08T19:16:24+00:00,UNALLOCATED,,,,,
SLCMP700-2682,2682,2683,317384359,2^317384359-1,STRUCTURAL_SCREEN_EXHAUSTED_PRIMALITY_UNASSIGNED,GF3A_DIRECTIONAL_WRITE_EXHAUSTED_PRIMALITY_UNASSIGNED,514,512,512,NO_RECORDED_FACTOR_PRP_OR_LL_RESULT_AND_NO_ACTIVE_GIMPS_ASSIGNMENT,2026-08-08T19:16:24+00:00,UNALLOCATED,,,,,
SLCMP700-2683,2683,2684,317384377,2^317384377-1,STRUCTURAL_SCREEN_EXHAUSTED_PRIMALITY_UNASSIGNED,GF3A_DIRECTIONAL_WRITE_EXHAUSTED_PRIMALITY_UNASSIGNED,513,512,512,NO_RECORDED_FACTOR_PRP_OR_LL_RESULT_AND_NO_ACTIVE_GIMPS_ASSIGNMENT,2026-08-08T19:16:24+00:00,UNALLOCATED,,,,,
SLCMP700-2684,2684,2685,317384387,2^317384387-1,STRUCTURAL_SCREEN_EXHAUSTED_PRIMALITY_UNASSIGNED,GF3A_DIRECTIONAL_WRITE_EXHAUSTED_PRIMALITY_UNASSIGNED,514,512,512,NO_RECORDED_FACTOR_PRP_OR_LL_RESULT_AND_NO_ACTIVE_GIMPS_ASSIGNMENT,2026-08-08T19:16:24+00:00,UNALLOCATED,,,,,
SLCMP700-2685,2685,2686,317384411,2^317384411-1,STRUCTURAL_SCREEN_EXHAUSTED_PRIMALITY_UNASSIGNED,GF3A_DIRECTIONAL_WRITE_EXHAUSTED_PRIMALITY_UNASSIGNED,514,512,512,NO_RECORDED_FACTOR_PRP_OR_LL_RESULT_AND_NO_ACTIVE_GIMPS_ASSIGNMENT,2026-08-08T19:16:24+00:00,UNALLOCATED,,,,,
SLCMP700-2686,2686,2687,317384461,2^317384461-1,STRUCTURAL_SCREEN_EXHAUSTED_PRIMALITY_UNASSIGNED,GF3A_DIRECTIONAL_WRITE_EXHAUSTED_PRIMALITY_UNASSIGNED,513,512,512,NO_RECORDED_FACTOR_PRP_OR_LL_RESULT_AND_NO_ACTIVE_GIMPS_ASSIGNMENT,2026-08-08T19:16:24+00:00,UNALLOCATED,,,,,
SLCMP700-2687,2687,2688,317384593,2^317384593-1,STRUCTURAL_SCREEN_EXHAUSTED_PRIMALITY_UNASSIGNED,GF3A_DIRECTIONAL_WRITE_EXHAUSTED_PRIMALITY_UNASSIGNED,513,512,512,NO_RECORDED_FACTOR_PRP_OR_LL_RESULT_AND_NO_ACTIVE_GIMPS_ASSIGNMENT,2026-08-08T19:16:24+00:00,UNALLOCATED,,,,,
SLCMP700-2688,2688,2689,317384609,2^317384609-1,STRUCTURAL_SCREEN_EXHAUSTED_PRIMALITY_UNASSIGNED,GF3A_DIRECTIONAL_WRITE_EXHAUSTED_PRIMALITY_UNASSIGNED,513,512,512,NO_RECORDED_FACTOR_PRP_OR_LL_RESULT_AND_NO_ACTIVE_GIMPS_ASSIGNMENT,2026-08-08T19:16:24+00:00,UNALLOCATED,,,,,
SLCMP700-2689,2689,2690,317384653,2^317384653-1,STRUCTURAL_SCREEN_EXHAUSTED_PRIMALITY_UNASSIGNED,GF3A_DIRECTIONAL_WRITE_EXHAUSTED_PRIMALITY_UNASSIGNED,513,512,512,NO_RECORDED_FACTOR_PRP_OR_LL_RESULT_AND_NO_ACTIVE_GIMPS_ASSIGNMENT,2026-08-08T19:16:24+00:00,UNALLOCATED,,,,,
SLCMP700-2690,2690,2691,317384663,2^317384663-1,STRUCTURAL_SCREEN_EXHAUSTED_PRIMALITY_UNASSIGNED,GF3A_DIRECTIONAL_WRITE_EXHAUSTED_PRIMALITY_UNASSIGNED,514,512,512,NO_RECORDED_FACTOR_PRP_OR_LL_RESULT_AND_NO_ACTIVE_GIMPS_ASSIGNMENT,2026-08-08T19:16:24+00:00,UNALLOCATED,,,,,
SLCMP700-2691,2691,2692,317384687,2^317384687-1,STRUCTURAL_SCREEN_EXHAUSTED_PRIMALITY_UNASSIGNED,GF3A_DIRECTIONAL_WRITE_EXHAUSTED_PRIMALITY_UNASSIGNED,514,512,512,NO_RECORDED_FACTOR_PRP_OR_LL_RESULT_AND_NO_ACTIVE_GIMPS_ASSIGNMENT,2026-08-08T19:16:24+00:00,UNALLOCATED,,,,,
SLCMP700-2692,2692,2693,317384689,2^317384689-1,STRUCTURAL_SCREEN_EXHAUSTED_PRIMALITY_UNASSIGNED,GF3A_DIRECTIONAL_WRITE_EXHAUSTED_PRIMALITY_UNASSIGNED,513,512,512,NO_RECORDED_FACTOR_PRP_OR_LL_RESULT_AND_NO_ACTIVE_GIMPS_ASSIGNMENT,2026-08-08T19:16:24+00:00,UNALLOCATED,,,,,
SLCMP700-2693,2693,2694,317384693,2^317384693-1,STRUCTURAL_SCREEN_EXHAUSTED_PRIMALITY_UNASSIGNED,GF3A_DIRECTIONAL_WRITE_EXHAUSTED_PRIMALITY_UNASSIGNED,513,512,512,NO_RECORDED_FACTOR_PRP_OR_LL_RESULT_AND_NO_ACTIVE_GIMPS_ASSIGNMENT,2026-08-08T19:16:24+00:00,UNALLOCATED,,,,,
SLCMP700-2694,2694,2695,317384707,2^317384707-1,STRUCTURAL_SCREEN_EXHAUSTED_PRIMALITY_UNASSIGNED,GF3A_DIRECTIONAL_WRITE_EXHAUSTED_PRIMALITY_UNASSIGNED,514,512,512,NO_RECORDED_FACTOR_PRP_OR_LL_RESULT_AND_NO_ACTIVE_GIMPS_ASSIGNMENT,2026-08-08T19:16:24+00:00,UNALLOCATED,,,,,
SLCMP700-2695,2695,2696,317384741,2^317384741-1,STRUCTURAL_SCREEN_EXHAUSTED_PRIMALITY_UNASSIGNED,GF3A_DIRECTIONAL_WRITE_EXHAUSTED_PRIMALITY_UNASSIGNED,513,512,512,NO_RECORDED_FACTOR_PRP_OR_LL_RESULT_AND_NO_ACTIVE_GIMPS_ASSIGNMENT,2026-08-08T19:16:24+00:00,UNALLOCATED,,,,,
SLCMP700-2696,2696,2697,317384803,2^317384803-1,STRUCTURAL_SCREEN_EXHAUSTED_PRIMALITY_UNASSIGNED,GF3A_DIRECTIONAL_WRITE_EXHAUSTED_PRIMALITY_UNASSIGNED,514,512,512,NO_RECORDED_FACTOR_PRP_OR_LL_RESULT_AND_NO_ACTIVE_GIMPS_ASSIGNMENT,2026-08-08T19:16:24+00:00,UNALLOCATED,,,,,
SLCMP700-2697,2697,2698,317384807,2^317384807-1,STRUCTURAL_SCREEN_EXHAUSTED_PRIMALITY_UNASSIGNED,GF3A_DIRECTIONAL_WRITE_EXHAUSTED_PRIMALITY_UNASSIGNED,514,512,512,NO_RECORDED_FACTOR_PRP_OR_LL_RESULT_AND_NO_ACTIVE_GIMPS_ASSIGNMENT,2026-08-08T19:16:24+00:00,UNALLOCATED,,,,,
SLCMP700-2698,2698,2699,317384861,2^317384861-1,STRUCTURAL_SCREEN_EXHAUSTED_PRIMALITY_UNASSIGNED,GF3A_DIRECTIONAL_WRITE_EXHAUSTED_PRIMALITY_UNASSIGNED,513,512,512,NO_RECORDED_FACTOR_PRP_OR_LL_RESULT_AND_NO_ACTIVE_GIMPS_ASSIGNMENT,2026-08-08T19:16:24+00:00,UNALLOCATED,,,,,
SLCMP700-2699,2699,2700,317384897,2^317384897-1,STRUCTURAL_SCREEN_EXHAUSTED_PRIMALITY_UNASSIGNED,GF3A_DIRECTIONAL_WRITE_EXHAUSTED_PRIMALITY_UNASSIGNED,513,512,512,NO_RECORDED_FACTOR_PRP_OR_LL_RESULT_AND_NO_ACTIVE_GIMPS_ASSIGNMENT,2026-08-08T19:16:24+00:00,UNALLOCATED,,,,,
SLCMP700-2700,2700,2701,317384929,2^317384929-1,STRUCTURAL_SCREEN_EXHAUSTED_PRIMALITY_UNASSIGNED,GF3A_DIRECTIONAL_WRITE_EXHAUSTED_PRIMALITY_UNASSIGNED,513,512,512,NO_RECORDED_FACTOR_PRP_OR_LL_RESULT_AND_NO_ACTIVE_GIMPS_ASSIGNMENT,2026-08-08T19:16:24+00:00,UNALLOCATED,,,,,
SLCMP700-2701,2701,2702,317384957,2^317384957-1,STRUCTURAL_SCREEN_EXHAUSTED_PRIMALITY_UNASSIGNED,GF3A_DIRECTIONAL_WRITE_EXHAUSTED_PRIMALITY_UNASSIGNED,513,512,512,NO_RECORDED_FACTOR_PRP_OR_LL_RESULT_AND_NO_ACTIVE_GIMPS_ASSIGNMENT,2026-08-08T19:16:24+00:00,UNALLOCATED,,,,,
SLCMP700-2702,2702,2703,317384971,2^317384971-1,STRUCTURAL_SCREEN_EXHAUSTED_PRIMALITY_UNASSIGNED,GF3A_DIRECTIONAL_WRITE_EXHAUSTED_PRIMALITY_UNASSIGNED,514,512,512,NO_RECORDED_FACTOR_PRP_OR_LL_RESULT_AND_NO_ACTIVE_GIMPS_ASSIGNMENT,2026-08-08T19:16:24+00:00,UNALLOCATED,,,,,
SLCMP700-2703,2703,2704,317384989,2^317384989-1,STRUCTURAL_SCREEN_EXHAUSTED_PRIMALITY_UNASSIGNED,GF3A_DIRECTIONAL_WRITE_EXHAUSTED_PRIMALITY_UNASSIGNED,513,512,512,NO_RECORDED_FACTOR_PRP_OR_LL_RESULT_AND_NO_ACTIVE_GIMPS_ASSIGNMENT,2026-08-08T19:16:24+00:00,UNALLOCATED,,,,,
SLCMP700-2704,2704,2705,317384999,2^317384999-1,STRUCTURAL_SCREEN_EXHAUSTED_PRIMALITY_UNASSIGNED,GF3A_DIRECTIONAL_WRITE_EXHAUSTED_PRIMALITY_UNASSIGNED,514,512,512,NO_RECORDED_FACTOR_PRP_OR_LL_RESULT_AND_NO_ACTIVE_GIMPS_ASSIGNMENT,2026-08-08T19:16:24+00:00,UNALLOCATED,,,,,
SLCMP700-2705,2705,2706,317385091,2^317385091-1,STRUCTURAL_SCREEN_EXHAUSTED_PRIMALITY_UNASSIGNED,GF3A_DIRECTIONAL_WRITE_EXHAUSTED_PRIMALITY_UNASSIGNED,514,512,512,NO_RECORDED_FACTOR_PRP_OR_LL_RESULT_AND_NO_ACTIVE_GIMPS_ASSIGNMENT,2026-08-08T19:16:24+00:00,UNALLOCATED,,,,,
SLCMP700-2706,2706,2707,317385113,2^317385113-1,STRUCTURAL_SCREEN_EXHAUSTED_PRIMALITY_UNASSIGNED,GF3A_DIRECTIONAL_WRITE_EXHAUSTED_PRIMALITY_UNASSIGNED,513,512,512,NO_RECORDED_FACTOR_PRP_OR_LL_RESULT_AND_NO_ACTIVE_GIMPS_ASSIGNMENT,2026-08-08T19:16:24+00:00,UNALLOCATED,,,,,
SLCMP700-2707,2707,2708,317385151,2^317385151-1,STRUCTURAL_SCREEN_EXHAUSTED_PRIMALITY_UNASSIGNED,GF3A_DIRECTIONAL_WRITE_EXHAUSTED_PRIMALITY_UNASSIGNED,514,512,512,NO_RECORDED_FACTOR_PRP_OR_LL_RESULT_AND_NO_ACTIVE_GIMPS_ASSIGNMENT,2026-08-08T19:16:24+00:00,UNALLOCATED,,,,,
SLCMP700-2708,2708,2709,317385221,2^317385221-1,STRUCTURAL_SCREEN_EXHAUSTED_PRIMALITY_UNASSIGNED,GF3A_DIRECTIONAL_WRITE_EXHAUSTED_PRIMALITY_UNASSIGNED,513,512,512,NO_RECORDED_FACTOR_PRP_OR_LL_RESULT_AND_NO_ACTIVE_GIMPS_ASSIGNMENT,2026-08-08T19:16:24+00:00,UNALLOCATED,,,,,
SLCMP700-2709,2709,2710,317385259,2^317385259-1,STRUCTURAL_SCREEN_EXHAUSTED_PRIMALITY_UNASSIGNED,GF3A_DIRECTIONAL_WRITE_EXHAUSTED_PRIMALITY_UNASSIGNED,514,512,512,NO_RECORDED_FACTOR_PRP_OR_LL_RESULT_AND_NO_ACTIVE_GIMPS_ASSIGNMENT,2026-08-08T19:16:24+00:00,UNALLOCATED,,,,,
SLCMP700-2710,2710,2711,317385361,2^317385361-1,STRUCTURAL_SCREEN_EXHAUSTED_PRIMALITY_UNASSIGNED,GF3A_DIRECTIONAL_WRITE_EXHAUSTED_PRIMALITY_UNASSIGNED,513,512,512,NO_RECORDED_FACTOR_PRP_OR_LL_RESULT_AND_NO_ACTIVE_GIMPS_ASSIGNMENT,2026-08-08T19:16:24+00:00,UNALLOCATED,,,,,
SLCMP700-2711,2711,2712,317385389,2^317385389-1,STRUCTURAL_SCREEN_EXHAUSTED_PRIMALITY_UNASSIGNED,GF3A_DIRECTIONAL_WRITE_EXHAUSTED_PRIMALITY_UNASSIGNED,513,512,512,NO_RECORDED_FACTOR_PRP_OR_LL_RESULT_AND_NO_ACTIVE_GIMPS_ASSIGNMENT,2026-08-08T19:16:24+00:00,UNALLOCATED,,,,,
SLCMP700-2712,2712,2713,317385421,2^317385421-1,STRUCTURAL_SCREEN_EXHAUSTED_PRIMALITY_UNASSIGNED,GF3A_DIRECTIONAL_WRITE_EXHAUSTED_PRIMALITY_UNASSIGNED,513,512,512,NO_RECORDED_FACTOR_PRP_OR_LL_RESULT_AND_NO_ACTIVE_GIMPS_ASSIGNMENT,2026-08-08T19:16:24+00:00,UNALLOCATED,,,,,
SLCMP700-2713,2713,2714,317385569,2^317385569-1,STRUCTURAL_SCREEN_EXHAUSTED_PRIMALITY_UNASSIGNED,GF3A_DIRECTIONAL_WRITE_EXHAUSTED_PRIMALITY_UNASSIGNED,513,512,512,NO_RECORDED_FACTOR_PRP_OR_LL_RESULT_AND_NO_ACTIVE_GIMPS_ASSIGNMENT,2026-08-08T19:16:24+00:00,UNALLOCATED,,,,,
SLCMP700-2714,2714,2715,317385577,2^317385577-1,STRUCTURAL_SCREEN_EXHAUSTED_PRIMALITY_UNASSIGNED,GF3A_DIRECTIONAL_WRITE_EXHAUSTED_PRIMALITY_UNASSIGNED,513,512,512,NO_RECORDED_FACTOR_PRP_OR_LL_RESULT_AND_NO_ACTIVE_GIMPS_ASSIGNMENT,2026-08-08T19:16:24+00:00,UNALLOCATED,,,,,
SLCMP700-2715,2715,2716,317385619,2^317385619-1,STRUCTURAL_SCREEN_EXHAUSTED_PRIMALITY_UNASSIGNED,GF3A_DIRECTIONAL_WRITE_EXHAUSTED_PRIMALITY_UNASSIGNED,514,512,512,NO_RECORDED_FACTOR_PRP_OR_LL_RESULT_AND_NO_ACTIVE_GIMPS_ASSIGNMENT,2026-08-08T19:16:24+00:00,UNALLOCATED,,,,,
SLCMP700-2716,2716,2717,317385701,2^317385701-1,STRUCTURAL_SCREEN_EXHAUSTED_PRIMALITY_UNASSIGNED,GF3A_DIRECTIONAL_WRITE_EXHAUSTED_PRIMALITY_UNASSIGNED,513,512,512,NO_RECORDED_FACTOR_PRP_OR_LL_RESULT_AND_NO_ACTIVE_GIMPS_ASSIGNMENT,2026-08-08T19:16:24+00:00,UNALLOCATED,,,,,
SLCMP700-2717,2717,2718,317385787,2^317385787-1,STRUCTURAL_SCREEN_EXHAUSTED_PRIMALITY_UNASSIGNED,GF3A_DIRECTIONAL_WRITE_EXHAUSTED_PRIMALITY_UNASSIGNED,514,512,512,NO_RECORDED_FACTOR_PRP_OR_LL_RESULT_AND_NO_ACTIVE_GIMPS_ASSIGNMENT,2026-08-08T19:16:24+00:00,UNALLOCATED,,,,,
SLCMP700-2718,2718,2719,317385821,2^317385821-1,STRUCTURAL_SCREEN_EXHAUSTED_PRIMALITY_UNASSIGNED,GF3A_DIRECTIONAL_WRITE_EXHAUSTED_PRIMALITY_UNASSIGNED,513,512,512,NO_RECORDED_FACTOR_PRP_OR_LL_RESULT_AND_NO_ACTIVE_GIMPS_ASSIGNMENT,2026-08-08T19:16:24+00:00,UNALLOCATED,,,,,
SLCMP700-2719,2719,2720,317385829,2^317385829-1,STRUCTURAL_SCREEN_EXHAUSTED_PRIMALITY_UNASSIGNED,GF3A_DIRECTIONAL_WRITE_EXHAUSTED_PRIMALITY_UNASSIGNED,513,512,512,NO_RECORDED_FACTOR_PRP_OR_LL_RESULT_AND_NO_ACTIVE_GIMPS_ASSIGNMENT,2026-08-08T19:16:24+00:00,UNALLOCATED,,,,,
SLCMP700-2720,2720,2721,317385911,2^317385911-1,STRUCTURAL_SCREEN_EXHAUSTED_PRIMALITY_UNASSIGNED,GF3A_DIRECTIONAL_WRITE_EXHAUSTED_PRIMALITY_UNASSIGNED,514,512,512,NO_RECORDED_FACTOR_PRP_OR_LL_RESULT_AND_NO_ACTIVE_GIMPS_ASSIGNMENT,2026-08-08T19:16:24+00:00,UNALLOCATED,,,,,
SLCMP700-2721,2721,2722,317385931,2^317385931-1,STRUCTURAL_SCREEN_EXHAUSTED_PRIMALITY_UNASSIGNED,GF3A_DIRECTIONAL_WRITE_EXHAUSTED_PRIMALITY_UNASSIGNED,514,512,512,NO_RECORDED_FACTOR_PRP_OR_LL_RESULT_AND_NO_ACTIVE_GIMPS_ASSIGNMENT,2026-08-08T19:16:24+00:00,UNALLOCATED,,,,,
SLCMP700-2722,2722,2723,317386049,2^317386049-1,STRUCTURAL_SCREEN_EXHAUSTED_PRIMALITY_UNASSIGNED,GF3A_DIRECTIONAL_WRITE_EXHAUSTED_PRIMALITY_UNASSIGNED,513,512,512,NO_RECORDED_FACTOR_PRP_OR_LL_RESULT_AND_NO_ACTIVE_GIMPS_ASSIGNMENT,2026-08-08T19:16:24+00:00,UNALLOCATED,,,,,
SLCMP700-2723,2723,2724,317386057,2^317386057-1,STRUCTURAL_SCREEN_EXHAUSTED_PRIMALITY_UNASSIGNED,GF3A_DIRECTIONAL_WRITE_EXHAUSTED_PRIMALITY_UNASSIGNED,513,512,512,NO_RECORDED_FACTOR_PRP_OR_LL_RESULT_AND_NO_ACTIVE_GIMPS_ASSIGNMENT,2026-08-08T19:16:24+00:00,UNALLOCATED,,,,,
SLCMP700-2724,2724,2725,317386087,2^317386087-1,STRUCTURAL_SCREEN_EXHAUSTED_PRIMALITY_UNASSIGNED,GF3A_DIRECTIONAL_WRITE_EXHAUSTED_PRIMALITY_UNASSIGNED,514,512,512,NO_RECORDED_FACTOR_PRP_OR_LL_RESULT_AND_NO_ACTIVE_GIMPS_ASSIGNMENT,2026-08-08T19:16:24+00:00,UNALLOCATED,,,,,
SLCMP700-2725,2725,2726,317386327,2^317386327-1,STRUCTURAL_SCREEN_EXHAUSTED_PRIMALITY_UNASSIGNED,GF3A_DIRECTIONAL_WRITE_EXHAUSTED_PRIMALITY_UNASSIGNED,514,512,512,NO_RECORDED_FACTOR_PRP_OR_LL_RESULT_AND_NO_ACTIVE_GIMPS_ASSIGNMENT,2026-08-08T19:16:24+00:00,UNALLOCATED,,,,,
SLCMP700-2726,2726,2727,317386367,2^317386367-1,STRUCTURAL_SCREEN_EXHAUSTED_PRIMALITY_UNASSIGNED,GF3A_DIRECTIONAL_WRITE_EXHAUSTED_PRIMALITY_UNASSIGNED,514,512,512,NO_RECORDED_FACTOR_PRP_OR_LL_RESULT_AND_NO_ACTIVE_GIMPS_ASSIGNMENT,2026-08-08T19:16:24+00:00,UNALLOCATED,,,,,
SLCMP700-2727,2727,2728,317386369,2^317386369-1,STRUCTURAL_SCREEN_EXHAUSTED_PRIMALITY_UNASSIGNED,GF3A_DIRECTIONAL_WRITE_EXHAUSTED_PRIMALITY_UNASSIGNED,513,512,512,NO_RECORDED_FACTOR_PRP_OR_LL_RESULT_AND_NO_ACTIVE_GIMPS_ASSIGNMENT,2026-08-08T19:16:24+00:00,UNALLOCATED,,,,,
SLCMP700-2728,2728,2729,317386387,2^317386387-1,STRUCTURAL_SCREEN_EXHAUSTED_PRIMALITY_UNASSIGNED,GF3A_DIRECTIONAL_WRITE_EXHAUSTED_PRIMALITY_UNASSIGNED,514,512,512,NO_RECORDED_FACTOR_PRP_OR_LL_RESULT_AND_NO_ACTIVE_GIMPS_ASSIGNMENT,2026-08-08T19:16:24+00:00,UNALLOCATED,,,,,
SLCMP700-2729,2729,2730,317386613,2^317386613-1,STRUCTURAL_SCREEN_EXHAUSTED_PRIMALITY_UNASSIGNED,GF3A_DIRECTIONAL_WRITE_EXHAUSTED_PRIMALITY_UNASSIGNED,513,512,512,NO_RECORDED_FACTOR_PRP_OR_LL_RESULT_AND_NO_ACTIVE_GIMPS_ASSIGNMENT,2026-08-08T19:16:24+00:00,UNALLOCATED,,,,,
SLCMP700-2730,2730,2731,317386661,2^317386661-1,STRUCTURAL_SCREEN_EXHAUSTED_PRIMALITY_UNASSIGNED,GF3A_DIRECTIONAL_WRITE_EXHAUSTED_PRIMALITY_UNASSIGNED,513,512,512,NO_RECORDED_FACTOR_PRP_OR_LL_RESULT_AND_NO_ACTIVE_GIMPS_ASSIGNMENT,2026-08-08T19:16:24+00:00,UNALLOCATED,,,,,
SLCMP700-2731,2731,2732,317386747,2^317386747-1,STRUCTURAL_SCREEN_EXHAUSTED_PRIMALITY_UNASSIGNED,GF3A_DIRECTIONAL_WRITE_EXHAUSTED_PRIMALITY_UNASSIGNED,514,512,512,NO_RECORDED_FACTOR_PRP_OR_LL_RESULT_AND_NO_ACTIVE_GIMPS_ASSIGNMENT,2026-08-08T19:16:24+00:00,UNALLOCATED,,,,,
SLCMP700-2732,2732,2733,317386793,2^317386793-1,STRUCTURAL_SCREEN_EXHAUSTED_PRIMALITY_UNASSIGNED,GF3A_DIRECTIONAL_WRITE_EXHAUSTED_PRIMALITY_UNASSIGNED,513,512,512,NO_RECORDED_FACTOR_PRP_OR_LL_RESULT_AND_NO_ACTIVE_GIMPS_ASSIGNMENT,2026-08-08T19:16:24+00:00,UNALLOCATED,,,,,
SLCMP700-2733,2733,2734,317386841,2^317386841-1,STRUCTURAL_SCREEN_EXHAUSTED_PRIMALITY_UNASSIGNED,GF3A_DIRECTIONAL_WRITE_EXHAUSTED_PRIMALITY_UNASSIGNED,513,512,512,NO_RECORDED_FACTOR_PRP_OR_LL_RESULT_AND_NO_ACTIVE_GIMPS_ASSIGNMENT,2026-08-08T19:16:24+00:00,UNALLOCATED,,,,,
SLCMP700-2734,2734,2735,317386997,2^317386997-1,STRUCTURAL_SCREEN_EXHAUSTED_PRIMALITY_UNASSIGNED,GF3A_DIRECTIONAL_WRITE_EXHAUSTED_PRIMALITY_UNASSIGNED,513,512,512,NO_RECORDED_FACTOR_PRP_OR_LL_RESULT_AND_NO_ACTIVE_GIMPS_ASSIGNMENT,2026-08-08T19:16:24+00:00,UNALLOCATED,,,,,
SLCMP700-2735,2735,2736,317387041,2^317387041-1,STRUCTURAL_SCREEN_EXHAUSTED_PRIMALITY_UNASSIGNED,GF3A_DIRECTIONAL_WRITE_EXHAUSTED_PRIMALITY_UNASSIGNED,513,512,512,NO_RECORDED_FACTOR_PRP_OR_LL_RESULT_AND_NO_ACTIVE_GIMPS_ASSIGNMENT,2026-08-08T19:16:24+00:00,UNALLOCATED,,,,,
SLCMP700-2736,2736,2737,317387071,2^317387071-1,STRUCTURAL_SCREEN_EXHAUSTED_PRIMALITY_UNASSIGNED,GF3A_DIRECTIONAL_WRITE_EXHAUSTED_PRIMALITY_UNASSIGNED,514,512,512,NO_RECORDED_FACTOR_PRP_OR_LL_RESULT_AND_NO_ACTIVE_GIMPS_ASSIGNMENT,2026-08-08T19:16:24+00:00,UNALLOCATED,,,,,
SLCMP700-2737,2737,2738,317387101,2^317387101-1,STRUCTURAL_SCREEN_EXHAUSTED_PRIMALITY_UNASSIGNED,GF3A_DIRECTIONAL_WRITE_EXHAUSTED_PRIMALITY_UNASSIGNED,513,512,512,NO_RECORDED_FACTOR_PRP_OR_LL_RESULT_AND_NO_ACTIVE_GIMPS_ASSIGNMENT,2026-08-08T19:16:24+00:00,UNALLOCATED,,,,,
SLCMP700-2738,2738,2739,317387129,2^317387129-1,STRUCTURAL_SCREEN_EXHAUSTED_PRIMALITY_UNASSIGNED,GF3A_DIRECTIONAL_WRITE_EXHAUSTED_PRIMALITY_UNASSIGNED,513,512,512,NO_RECORDED_FACTOR_PRP_OR_LL_RESULT_AND_NO_ACTIVE_GIMPS_ASSIGNMENT,2026-08-08T19:16:24+00:00,UNALLOCATED,,,,,
SLCMP700-2739,2739,2740,317387167,2^317387167-1,STRUCTURAL_SCREEN_EXHAUSTED_PRIMALITY_UNASSIGNED,GF3A_DIRECTIONAL_WRITE_EXHAUSTED_PRIMALITY_UNASSIGNED,514,512,512,NO_RECORDED_FACTOR_PRP_OR_LL_RESULT_AND_NO_ACTIVE_GIMPS_ASSIGNMENT,2026-08-08T19:16:24+00:00,UNALLOCATED,,,,,
SLCMP700-2740,2740,2741,317387173,2^317387173-1,STRUCTURAL_SCREEN_EXHAUSTED_PRIMALITY_UNASSIGNED,GF3A_DIRECTIONAL_WRITE_EXHAUSTED_PRIMALITY_UNASSIGNED,513,512,512,NO_RECORDED_FACTOR_PRP_OR_LL_RESULT_AND_NO_ACTIVE_GIMPS_ASSIGNMENT,2026-08-08T19:16:24+00:00,UNALLOCATED,,,,,
SLCMP700-2741,2741,2742,317387219,2^317387219-1,STRUCTURAL_SCREEN_EXHAUSTED_PRIMALITY_UNASSIGNED,GF3A_DIRECTIONAL_WRITE_EXHAUSTED_PRIMALITY_UNASSIGNED,514,512,512,NO_RECORDED_FACTOR_PRP_OR_LL_RESULT_AND_NO_ACTIVE_GIMPS_ASSIGNMENT,2026-08-08T19:16:24+00:00,UNALLOCATED,,,,,
SLCMP700-2742,2742,2743,317387249,2^317387249-1,STRUCTURAL_SCREEN_EXHAUSTED_PRIMALITY_UNASSIGNED,GF3A_DIRECTIONAL_WRITE_EXHAUSTED_PRIMALITY_UNASSIGNED,513,512,512,NO_RECORDED_FACTOR_PRP_OR_LL_RESULT_AND_NO_ACTIVE_GIMPS_ASSIGNMENT,2026-08-08T19:16:24+00:00,UNALLOCATED,,,,,
SLCMP700-2743,2743,2744,317387251,2^317387251-1,STRUCTURAL_SCREEN_EXHAUSTED_PRIMALITY_UNASSIGNED,GF3A_DIRECTIONAL_WRITE_EXHAUSTED_PRIMALITY_UNASSIGNED,514,512,512,NO_RECORDED_FACTOR_PRP_OR_LL_RESULT_AND_NO_ACTIVE_GIMPS_ASSIGNMENT,2026-08-08T19:16:24+00:00,UNALLOCATED,,,,,
SLCMP700-2744,2744,2745,317387299,2^317387299-1,STRUCTURAL_SCREEN_EXHAUSTED_PRIMALITY_UNASSIGNED,GF3A_DIRECTIONAL_WRITE_EXHAUSTED_PRIMALITY_UNASSIGNED,514,512,512,NO_RECORDED_FACTOR_PRP_OR_LL_RESULT_AND_NO_ACTIVE_GIMPS_ASSIGNMENT,2026-08-08T19:16:24+00:00,UNALLOCATED,,,,,
SLCMP700-2745,2745,2746,317387311,2^317387311-1,STRUCTURAL_SCREEN_EXHAUSTED_PRIMALITY_UNASSIGNED,GF3A_DIRECTIONAL_WRITE_EXHAUSTED_PRIMALITY_UNASSIGNED,514,512,512,NO_RECORDED_FACTOR_PRP_OR_LL_RESULT_AND_NO_ACTIVE_GIMPS_ASSIGNMENT,2026-08-08T19:16:24+00:00,UNALLOCATED,,,,,
SLCMP700-2746,2746,2747,317387363,2^317387363-1,STRUCTURAL_SCREEN_EXHAUSTED_PRIMALITY_UNASSIGNED,GF3A_DIRECTIONAL_WRITE_EXHAUSTED_PRIMALITY_UNASSIGNED,514,512,512,NO_RECORDED_FACTOR_PRP_OR_LL_RESULT_AND_NO_ACTIVE_GIMPS_ASSIGNMENT,2026-08-08T19:16:24+00:00,UNALLOCATED,,,,,
SLCMP700-2747,2747,2748,317387377,2^317387377-1,STRUCTURAL_SCREEN_EXHAUSTED_PRIMALITY_UNASSIGNED,GF3A_DIRECTIONAL_WRITE_EXHAUSTED_PRIMALITY_UNASSIGNED,513,512,512,NO_RECORDED_FACTOR_PRP_OR_LL_RESULT_AND_NO_ACTIVE_GIMPS_ASSIGNMENT,2026-08-08T19:16:24+00:00,UNALLOCATED,,,,,
SLCMP700-2748,2748,2749,317387461,2^317387461-1,STRUCTURAL_SCREEN_EXHAUSTED_PRIMALITY_UNASSIGNED,GF3A_DIRECTIONAL_WRITE_EXHAUSTED_PRIMALITY_UNASSIGNED,513,512,512,NO_RECORDED_FACTOR_PRP_OR_LL_RESULT_AND_NO_ACTIVE_GIMPS_ASSIGNMENT,2026-08-08T19:16:24+00:00,UNALLOCATED,,,,,
SLCMP700-2749,2749,2750,317387471,2^317387471-1,STRUCTURAL_SCREEN_EXHAUSTED_PRIMALITY_UNASSIGNED,GF3A_DIRECTIONAL_WRITE_EXHAUSTED_PRIMALITY_UNASSIGNED,514,512,512,NO_RECORDED_FACTOR_PRP_OR_LL_RESULT_AND_NO_ACTIVE_GIMPS_ASSIGNMENT,2026-08-08T19:16:24+00:00,UNALLOCATED,,,,,
SLCMP700-2750,2750,2751,317387639,2^317387639-1,STRUCTURAL_SCREEN_EXHAUSTED_PRIMALITY_UNASSIGNED,GF3A_DIRECTIONAL_WRITE_EXHAUSTED_PRIMALITY_UNASSIGNED,514,512,512,NO_RECORDED_FACTOR_PRP_OR_LL_RESULT_AND_NO_ACTIVE_GIMPS_ASSIGNMENT,2026-08-08T19:16:24+00:00,UNALLOCATED,,,,,
SLCMP700-2751,2751,2752,317387711,2^317387711-1,STRUCTURAL_SCREEN_EXHAUSTED_PRIMALITY_UNASSIGNED,GF3A_DIRECTIONAL_WRITE_EXHAUSTED_PRIMALITY_UNASSIGNED,514,512,512,NO_RECORDED_FACTOR_PRP_OR_LL_RESULT_AND_NO_ACTIVE_GIMPS_ASSIGNMENT,2026-08-08T19:16:24+00:00,UNALLOCATED,,,,,
SLCMP700-2752,2752,2753,317387729,2^317387729-1,STRUCTURAL_SCREEN_EXHAUSTED_PRIMALITY_UNASSIGNED,GF3A_DIRECTIONAL_WRITE_EXHAUSTED_PRIMALITY_UNASSIGNED,513,512,512,NO_RECORDED_FACTOR_PRP_OR_LL_RESULT_AND_NO_ACTIVE_GIMPS_ASSIGNMENT,2026-08-08T19:16:24+00:00,UNALLOCATED,,,,,
SLCMP700-2753,2753,2754,317387831,2^317387831-1,STRUCTURAL_SCREEN_EXHAUSTED_PRIMALITY_UNASSIGNED,GF3A_DIRECTIONAL_WRITE_EXHAUSTED_PRIMALITY_UNASSIGNED,514,512,512,NO_RECORDED_FACTOR_PRP_OR_LL_RESULT_AND_NO_ACTIVE_GIMPS_ASSIGNMENT,2026-08-08T19:16:24+00:00,UNALLOCATED,,,,,
SLCMP700-2754,2754,2755,317388023,2^317388023-1,STRUCTURAL_SCREEN_EXHAUSTED_PRIMALITY_UNASSIGNED,GF3A_DIRECTIONAL_WRITE_EXHAUSTED_PRIMALITY_UNASSIGNED,514,512,512,NO_RECORDED_FACTOR_PRP_OR_LL_RESULT_AND_NO_ACTIVE_GIMPS_ASSIGNMENT,2026-08-08T19:16:24+00:00,UNALLOCATED,,,,,
SLCMP700-2755,2755,2756,317388067,2^317388067-1,STRUCTURAL_SCREEN_EXHAUSTED_PRIMALITY_UNASSIGNED,GF3A_DIRECTIONAL_WRITE_EXHAUSTED_PRIMALITY_UNASSIGNED,514,512,512,NO_RECORDED_FACTOR_PRP_OR_LL_RESULT_AND_NO_ACTIVE_GIMPS_ASSIGNMENT,2026-08-08T19:16:24+00:00,UNALLOCATED,,,,,
SLCMP700-2756,2756,2757,317388121,2^317388121-1,STRUCTURAL_SCREEN_EXHAUSTED_PRIMALITY_UNASSIGNED,GF3A_DIRECTIONAL_WRITE_EXHAUSTED_PRIMALITY_UNASSIGNED,513,512,512,NO_RECORDED_FACTOR_PRP_OR_LL_RESULT_AND_NO_ACTIVE_GIMPS_ASSIGNMENT,2026-08-08T19:16:24+00:00,UNALLOCATED,,,,,
SLCMP700-2757,2757,2758,317388143,2^317388143-1,STRUCTURAL_SCREEN_EXHAUSTED_PRIMALITY_UNASSIGNED,GF3A_DIRECTIONAL_WRITE_EXHAUSTED_PRIMALITY_UNASSIGNED,514,512,512,NO_RECORDED_FACTOR_PRP_OR_LL_RESULT_AND_NO_ACTIVE_GIMPS_ASSIGNMENT,2026-08-08T19:16:24+00:00,UNALLOCATED,,,,,
SLCMP700-2758,2758,2759,317388161,2^317388161-1,STRUCTURAL_SCREEN_EXHAUSTED_PRIMALITY_UNASSIGNED,GF3A_DIRECTIONAL_WRITE_EXHAUSTED_PRIMALITY_UNASSIGNED,513,512,512,NO_RECORDED_FACTOR_PRP_OR_LL_RESULT_AND_NO_ACTIVE_GIMPS_ASSIGNMENT,2026-08-08T19:16:24+00:00,UNALLOCATED,,,,,
SLCMP700-2759,2759,2760,317388229,2^317388229-1,STRUCTURAL_SCREEN_EXHAUSTED_PRIMALITY_UNASSIGNED,GF3A_DIRECTIONAL_WRITE_EXHAUSTED_PRIMALITY_UNASSIGNED,513,512,512,NO_RECORDED_FACTOR_PRP_OR_LL_RESULT_AND_NO_ACTIVE_GIMPS_ASSIGNMENT,2026-08-08T19:16:24+00:00,UNALLOCATED,,,,,
SLCMP700-2760,2760,2761,317388233,2^317388233-1,STRUCTURAL_SCREEN_EXHAUSTED_PRIMALITY_UNASSIGNED,GF3A_DIRECTIONAL_WRITE_EXHAUSTED_PRIMALITY_UNASSIGNED,513,512,512,NO_RECORDED_FACTOR_PRP_OR_LL_RESULT_AND_NO_ACTIVE_GIMPS_ASSIGNMENT,2026-08-08T19:16:24+00:00,UNALLOCATED,,,,,
SLCMP700-2761,2761,2762,317388341,2^317388341-1,STRUCTURAL_SCREEN_EXHAUSTED_PRIMALITY_UNASSIGNED,GF3A_DIRECTIONAL_WRITE_EXHAUSTED_PRIMALITY_UNASSIGNED,513,512,512,NO_RECORDED_FACTOR_PRP_OR_LL_RESULT_AND_NO_ACTIVE_GIMPS_ASSIGNMENT,2026-08-08T19:16:24+00:00,UNALLOCATED,,,,,
SLCMP700-2762,2762,2763,317388349,2^317388349-1,STRUCTURAL_SCREEN_EXHAUSTED_PRIMALITY_UNASSIGNED,GF3A_DIRECTIONAL_WRITE_EXHAUSTED_PRIMALITY_UNASSIGNED,513,512,512,NO_RECORDED_FACTOR_PRP_OR_LL_RESULT_AND_NO_ACTIVE_GIMPS_ASSIGNMENT,2026-08-08T19:16:24+00:00,UNALLOCATED,,,,,
SLCMP700-2763,2763,2764,317388353,2^317388353-1,STRUCTURAL_SCREEN_EXHAUSTED_PRIMALITY_UNASSIGNED,GF3A_DIRECTIONAL_WRITE_EXHAUSTED_PRIMALITY_UNASSIGNED,513,512,512,NO_RECORDED_FACTOR_PRP_OR_LL_RESULT_AND_NO_ACTIVE_GIMPS_ASSIGNMENT,2026-08-08T19:16:24+00:00,UNALLOCATED,,,,,
SLCMP700-2764,2764,2765,317388427,2^317388427-1,STRUCTURAL_SCREEN_EXHAUSTED_PRIMALITY_UNASSIGNED,GF3A_DIRECTIONAL_WRITE_EXHAUSTED_PRIMALITY_UNASSIGNED,514,512,512,NO_RECORDED_FACTOR_PRP_OR_LL_RESULT_AND_NO_ACTIVE_GIMPS_ASSIGNMENT,2026-08-08T19:16:24+00:00,UNALLOCATED,,,,,
SLCMP700-2765,2765,2766,317388439,2^317388439-1,STRUCTURAL_SCREEN_EXHAUSTED_PRIMALITY_UNASSIGNED,GF3A_DIRECTIONAL_WRITE_EXHAUSTED_PRIMALITY_UNASSIGNED,514,512,512,NO_RECORDED_FACTOR_PRP_OR_LL_RESULT_AND_NO_ACTIVE_GIMPS_ASSIGNMENT,2026-08-08T19:16:24+00:00,UNALLOCATED,,,,,
SLCMP700-2766,2766,2767,317388457,2^317388457-1,STRUCTURAL_SCREEN_EXHAUSTED_PRIMALITY_UNASSIGNED,GF3A_DIRECTIONAL_WRITE_EXHAUSTED_PRIMALITY_UNASSIGNED,513,512,512,NO_RECORDED_FACTOR_PRP_OR_LL_RESULT_AND_NO_ACTIVE_GIMPS_ASSIGNMENT,2026-08-08T19:16:24+00:00,UNALLOCATED,,,,,
SLCMP700-2767,2767,2768,317388469,2^317388469-1,STRUCTURAL_SCREEN_EXHAUSTED_PRIMALITY_UNASSIGNED,GF3A_DIRECTIONAL_WRITE_EXHAUSTED_PRIMALITY_UNASSIGNED,513,512,512,NO_RECORDED_FACTOR_PRP_OR_LL_RESULT_AND_NO_ACTIVE_GIMPS_ASSIGNMENT,2026-08-08T19:16:24+00:00,UNALLOCATED,,,,,
SLCMP700-2768,2768,2769,317388563,2^317388563-1,STRUCTURAL_SCREEN_EXHAUSTED_PRIMALITY_UNASSIGNED,GF3A_DIRECTIONAL_WRITE_EXHAUSTED_PRIMALITY_UNASSIGNED,514,512,512,NO_RECORDED_FACTOR_PRP_OR_LL_RESULT_AND_NO_ACTIVE_GIMPS_ASSIGNMENT,2026-08-08T19:16:24+00:00,UNALLOCATED,,,,,
SLCMP700-2769,2769,2770,317388641,2^317388641-1,STRUCTURAL_SCREEN_EXHAUSTED_PRIMALITY_UNASSIGNED,GF3A_DIRECTIONAL_WRITE_EXHAUSTED_PRIMALITY_UNASSIGNED,513,512,512,NO_RECORDED_FACTOR_PRP_OR_LL_RESULT_AND_NO_ACTIVE_GIMPS_ASSIGNMENT,2026-08-08T19:16:24+00:00,UNALLOCATED,,,,,
SLCMP700-2770,2770,2771,317388703,2^317388703-1,STRUCTURAL_SCREEN_EXHAUSTED_PRIMALITY_UNASSIGNED,GF3A_DIRECTIONAL_WRITE_EXHAUSTED_PRIMALITY_UNASSIGNED,514,512,512,NO_RECORDED_FACTOR_PRP_OR_LL_RESULT_AND_NO_ACTIVE_GIMPS_ASSIGNMENT,2026-08-08T19:16:24+00:00,UNALLOCATED,,,,,
SLCMP700-2771,2771,2772,317388737,2^317388737-1,STRUCTURAL_SCREEN_EXHAUSTED_PRIMALITY_UNASSIGNED,GF3A_DIRECTIONAL_WRITE_EXHAUSTED_PRIMALITY_UNASSIGNED,513,512,512,NO_RECORDED_FACTOR_PRP_OR_LL_RESULT_AND_NO_ACTIVE_GIMPS_ASSIGNMENT,2026-08-08T19:16:24+00:00,UNALLOCATED,,,,,
SLCMP700-2772,2772,2773,317388781,2^317388781-1,STRUCTURAL_SCREEN_EXHAUSTED_PRIMALITY_UNASSIGNED,GF3A_DIRECTIONAL_WRITE_EXHAUSTED_PRIMALITY_UNASSIGNED,513,512,512,NO_RECORDED_FACTOR_PRP_OR_LL_RESULT_AND_NO_ACTIVE_GIMPS_ASSIGNMENT,2026-08-08T19:16:24+00:00,UNALLOCATED,,,,,
SLCMP700-2773,2773,2774,317388809,2^317388809-1,STRUCTURAL_SCREEN_EXHAUSTED_PRIMALITY_UNASSIGNED,GF3A_DIRECTIONAL_WRITE_EXHAUSTED_PRIMALITY_UNASSIGNED,513,512,512,NO_RECORDED_FACTOR_PRP_OR_LL_RESULT_AND_NO_ACTIVE_GIMPS_ASSIGNMENT,2026-08-08T19:16:24+00:00,UNALLOCATED,,,,,
SLCMP700-2774,2774,2775,317388811,2^317388811-1,STRUCTURAL_SCREEN_EXHAUSTED_PRIMALITY_UNASSIGNED,GF3A_DIRECTIONAL_WRITE_EXHAUSTED_PRIMALITY_UNASSIGNED,514,512,512,NO_RECORDED_FACTOR_PRP_OR_LL_RESULT_AND_NO_ACTIVE_GIMPS_ASSIGNMENT,2026-08-08T19:16:24+00:00,UNALLOCATED,,,,,
SLCMP700-2775,2775,2776,317388821,2^317388821-1,STRUCTURAL_SCREEN_EXHAUSTED_PRIMALITY_UNASSIGNED,GF3A_DIRECTIONAL_WRITE_EXHAUSTED_PRIMALITY_UNASSIGNED,513,512,512,NO_RECORDED_FACTOR_PRP_OR_LL_RESULT_AND_NO_ACTIVE_GIMPS_ASSIGNMENT,2026-08-08T19:16:24+00:00,UNALLOCATED,,,,,
SLCMP700-2776,2776,2777,317388823,2^317388823-1,STRUCTURAL_SCREEN_EXHAUSTED_PRIMALITY_UNASSIGNED,GF3A_DIRECTIONAL_WRITE_EXHAUSTED_PRIMALITY_UNASSIGNED,514,512,512,NO_RECORDED_FACTOR_PRP_OR_LL_RESULT_AND_NO_ACTIVE_GIMPS_ASSIGNMENT,2026-08-08T19:16:24+00:00,UNALLOCATED,,,,,
SLCMP700-2777,2777,2778,317388829,2^317388829-1,STRUCTURAL_SCREEN_EXHAUSTED_PRIMALITY_UNASSIGNED,GF3A_DIRECTIONAL_WRITE_EXHAUSTED_PRIMALITY_UNASSIGNED,513,512,512,NO_RECORDED_FACTOR_PRP_OR_LL_RESULT_AND_NO_ACTIVE_GIMPS_ASSIGNMENT,2026-08-08T19:16:24+00:00,UNALLOCATED,,,,,
SLCMP700-2778,2778,2779,317388919,2^317388919-1,STRUCTURAL_SCREEN_EXHAUSTED_PRIMALITY_UNASSIGNED,GF3A_DIRECTIONAL_WRITE_EXHAUSTED_PRIMALITY_UNASSIGNED,514,512,512,NO_RECORDED_FACTOR_PRP_OR_LL_RESULT_AND_NO_ACTIVE_GIMPS_ASSIGNMENT,2026-08-08T19:16:24+00:00,UNALLOCATED,,,,,
SLCMP700-2779,2779,2780,317388971,2^317388971-1,STRUCTURAL_SCREEN_EXHAUSTED_PRIMALITY_UNASSIGNED,GF3A_DIRECTIONAL_WRITE_EXHAUSTED_PRIMALITY_UNASSIGNED,514,512,512,NO_RECORDED_FACTOR_PRP_OR_LL_RESULT_AND_NO_ACTIVE_GIMPS_ASSIGNMENT,2026-08-08T19:16:24+00:00,UNALLOCATED,,,,,
SLCMP700-2780,2780,2781,317389049,2^317389049-1,STRUCTURAL_SCREEN_EXHAUSTED_PRIMALITY_UNASSIGNED,GF3A_DIRECTIONAL_WRITE_EXHAUSTED_PRIMALITY_UNASSIGNED,513,512,512,NO_RECORDED_FACTOR_PRP_OR_LL_RESULT_AND_NO_ACTIVE_GIMPS_ASSIGNMENT,2026-08-08T19:16:24+00:00,UNALLOCATED,,,,,
SLCMP700-2781,2781,2782,317389097,2^317389097-1,STRUCTURAL_SCREEN_EXHAUSTED_PRIMALITY_UNASSIGNED,GF3A_DIRECTIONAL_WRITE_EXHAUSTED_PRIMALITY_UNASSIGNED,513,512,512,NO_RECORDED_FACTOR_PRP_OR_LL_RESULT_AND_NO_ACTIVE_GIMPS_ASSIGNMENT,2026-08-08T19:16:24+00:00,UNALLOCATED,,,,,
SLCMP700-2782,2782,2783,317389169,2^317389169-1,STRUCTURAL_SCREEN_EXHAUSTED_PRIMALITY_UNASSIGNED,GF3A_DIRECTIONAL_WRITE_EXHAUSTED_PRIMALITY_UNASSIGNED,513,512,512,NO_RECORDED_FACTOR_PRP_OR_LL_RESULT_AND_NO_ACTIVE_GIMPS_ASSIGNMENT,2026-08-08T19:16:24+00:00,UNALLOCATED,,,,,
SLCMP700-2783,2783,2784,317389271,2^317389271-1,STRUCTURAL_SCREEN_EXHAUSTED_PRIMALITY_UNASSIGNED,GF3A_DIRECTIONAL_WRITE_EXHAUSTED_PRIMALITY_UNASSIGNED,514,512,512,NO_RECORDED_FACTOR_PRP_OR_LL_RESULT_AND_NO_ACTIVE_GIMPS_ASSIGNMENT,2026-08-08T19:16:24+00:00,UNALLOCATED,,,,,
SLCMP700-2784,2784,2785,317389363,2^317389363-1,STRUCTURAL_SCREEN_EXHAUSTED_PRIMALITY_UNASSIGNED,GF3A_DIRECTIONAL_WRITE_EXHAUSTED_PRIMALITY_UNASSIGNED,514,512,512,NO_RECORDED_FACTOR_PRP_OR_LL_RESULT_AND_NO_ACTIVE_GIMPS_ASSIGNMENT,2026-08-08T19:16:24+00:00,UNALLOCATED,,,,,
SLCMP700-2785,2785,2786,317389393,2^317389393-1,STRUCTURAL_SCREEN_EXHAUSTED_PRIMALITY_UNASSIGNED,GF3A_DIRECTIONAL_WRITE_EXHAUSTED_PRIMALITY_UNASSIGNED,513,512,512,NO_RECORDED_FACTOR_PRP_OR_LL_RESULT_AND_NO_ACTIVE_GIMPS_ASSIGNMENT,2026-08-08T19:16:24+00:00,UNALLOCATED,,,,,
SLCMP700-2786,2786,2787,317389481,2^317389481-1,STRUCTURAL_SCREEN_EXHAUSTED_PRIMALITY_UNASSIGNED,GF3A_DIRECTIONAL_WRITE_EXHAUSTED_PRIMALITY_UNASSIGNED,513,512,512,NO_RECORDED_FACTOR_PRP_OR_LL_RESULT_AND_NO_ACTIVE_GIMPS_ASSIGNMENT,2026-08-08T19:16:24+00:00,UNALLOCATED,,,,,
SLCMP700-2787,2787,2788,317389483,2^317389483-1,STRUCTURAL_SCREEN_EXHAUSTED_PRIMALITY_UNASSIGNED,GF3A_DIRECTIONAL_WRITE_EXHAUSTED_PRIMALITY_UNASSIGNED,514,512,512,NO_RECORDED_FACTOR_PRP_OR_LL_RESULT_AND_NO_ACTIVE_GIMPS_ASSIGNMENT,2026-08-08T19:16:24+00:00,UNALLOCATED,,,,,
SLCMP700-2788,2788,2789,317389517,2^317389517-1,STRUCTURAL_SCREEN_EXHAUSTED_PRIMALITY_UNASSIGNED,GF3A_DIRECTIONAL_WRITE_EXHAUSTED_PRIMALITY_UNASSIGNED,513,512,512,NO_RECORDED_FACTOR_PRP_OR_LL_RESULT_AND_NO_ACTIVE_GIMPS_ASSIGNMENT,2026-08-08T19:16:24+00:00,UNALLOCATED,,,,,
SLCMP700-2789,2789,2790,317389559,2^317389559-1,STRUCTURAL_SCREEN_EXHAUSTED_PRIMALITY_UNASSIGNED,GF3A_DIRECTIONAL_WRITE_EXHAUSTED_PRIMALITY_UNASSIGNED,514,512,512,NO_RECORDED_FACTOR_PRP_OR_LL_RESULT_AND_NO_ACTIVE_GIMPS_ASSIGNMENT,2026-08-08T19:16:24+00:00,UNALLOCATED,,,,,
SLCMP700-2790,2790,2791,317389577,2^317389577-1,STRUCTURAL_SCREEN_EXHAUSTED_PRIMALITY_UNASSIGNED,GF3A_DIRECTIONAL_WRITE_EXHAUSTED_PRIMALITY_UNASSIGNED,513,512,512,NO_RECORDED_FACTOR_PRP_OR_LL_RESULT_AND_NO_ACTIVE_GIMPS_ASSIGNMENT,2026-08-08T19:16:24+00:00,UNALLOCATED,,,,,
SLCMP700-2791,2791,2792,317389591,2^317389591-1,STRUCTURAL_SCREEN_EXHAUSTED_PRIMALITY_UNASSIGNED,GF3A_DIRECTIONAL_WRITE_EXHAUSTED_PRIMALITY_UNASSIGNED,514,512,512,NO_RECORDED_FACTOR_PRP_OR_LL_RESULT_AND_NO_ACTIVE_GIMPS_ASSIGNMENT,2026-08-08T19:16:24+00:00,UNALLOCATED,,,,,
SLCMP700-2792,2792,2793,317389691,2^317389691-1,STRUCTURAL_SCREEN_EXHAUSTED_PRIMALITY_UNASSIGNED,GF3A_DIRECTIONAL_WRITE_EXHAUSTED_PRIMALITY_UNASSIGNED,514,512,512,NO_RECORDED_FACTOR_PRP_OR_LL_RESULT_AND_NO_ACTIVE_GIMPS_ASSIGNMENT,2026-08-08T19:16:24+00:00,UNALLOCATED,,,,,
SLCMP700-2793,2793,2794,317389697,2^317389697-1,STRUCTURAL_SCREEN_EXHAUSTED_PRIMALITY_UNASSIGNED,GF3A_DIRECTIONAL_WRITE_EXHAUSTED_PRIMALITY_UNASSIGNED,513,512,512,NO_RECORDED_FACTOR_PRP_OR_LL_RESULT_AND_NO_ACTIVE_GIMPS_ASSIGNMENT,2026-08-08T19:16:24+00:00,UNALLOCATED,,,,,
SLCMP700-2794,2794,2795,317389703,2^317389703-1,STRUCTURAL_SCREEN_EXHAUSTED_PRIMALITY_UNASSIGNED,GF3A_DIRECTIONAL_WRITE_EXHAUSTED_PRIMALITY_UNASSIGNED,514,512,512,NO_RECORDED_FACTOR_PRP_OR_LL_RESULT_AND_NO_ACTIVE_GIMPS_ASSIGNMENT,2026-08-08T19:16:24+00:00,UNALLOCATED,,,,,
SLCMP700-2795,2795,2796,317389819,2^317389819-1,STRUCTURAL_SCREEN_EXHAUSTED_PRIMALITY_UNASSIGNED,GF3A_DIRECTIONAL_WRITE_EXHAUSTED_PRIMALITY_UNASSIGNED,514,512,512,NO_RECORDED_FACTOR_PRP_OR_LL_RESULT_AND_NO_ACTIVE_GIMPS_ASSIGNMENT,2026-08-08T19:16:24+00:00,UNALLOCATED,,,,,
SLCMP700-2796,2796,2797,317389841,2^317389841-1,STRUCTURAL_SCREEN_EXHAUSTED_PRIMALITY_UNASSIGNED,GF3A_DIRECTIONAL_WRITE_EXHAUSTED_PRIMALITY_UNASSIGNED,513,512,512,NO_RECORDED_FACTOR_PRP_OR_LL_RESULT_AND_NO_ACTIVE_GIMPS_ASSIGNMENT,2026-08-08T19:16:24+00:00,UNALLOCATED,,,,,
SLCMP700-2797,2797,2798,317389843,2^317389843-1,STRUCTURAL_SCREEN_EXHAUSTED_PRIMALITY_UNASSIGNED,GF3A_DIRECTIONAL_WRITE_EXHAUSTED_PRIMALITY_UNASSIGNED,514,512,512,NO_RECORDED_FACTOR_PRP_OR_LL_RESULT_AND_NO_ACTIVE_GIMPS_ASSIGNMENT,2026-08-08T19:16:24+00:00,UNALLOCATED,,,,,
SLCMP700-2798,2798,2799,317389967,2^317389967-1,STRUCTURAL_SCREEN_EXHAUSTED_PRIMALITY_UNASSIGNED,GF3A_DIRECTIONAL_WRITE_EXHAUSTED_PRIMALITY_UNASSIGNED,514,512,512,NO_RECORDED_FACTOR_PRP_OR_LL_RESULT_AND_NO_ACTIVE_GIMPS_ASSIGNMENT,2026-08-08T19:16:24+00:00,UNALLOCATED,,,,,
SLCMP700-2799,2799,2800,317389999,2^317389999-1,STRUCTURAL_SCREEN_EXHAUSTED_PRIMALITY_UNASSIGNED,GF3A_DIRECTIONAL_WRITE_EXHAUSTED_PRIMALITY_UNASSIGNED,514,512,512,NO_RECORDED_FACTOR_PRP_OR_LL_RESULT_AND_NO_ACTIVE_GIMPS_ASSIGNMENT,2026-08-08T19:16:24+00:00,UNALLOCATED,,,,,
SLCMP700-2800,2800,2801,317390039,2^317390039-1,STRUCTURAL_SCREEN_EXHAUSTED_PRIMALITY_UNASSIGNED,GF3A_DIRECTIONAL_WRITE_EXHAUSTED_PRIMALITY_UNASSIGNED,514,512,512,NO_RECORDED_FACTOR_PRP_OR_LL_RESULT_AND_NO_ACTIVE_GIMPS_ASSIGNMENT,2026-08-08T19:16:24+00:00,UNALLOCATED,,,,,
SLCMP700-2801,2801,2802,317390173,2^317390173-1,STRUCTURAL_SCREEN_EXHAUSTED_PRIMALITY_UNASSIGNED,GF3A_DIRECTIONAL_WRITE_EXHAUSTED_PRIMALITY_UNASSIGNED,513,512,512,NO_RECORDED_FACTOR_PRP_OR_LL_RESULT_AND_NO_ACTIVE_GIMPS_ASSIGNMENT,2026-08-08T19:16:24+00:00,UNALLOCATED,,,,,
SLCMP700-2802,2802,2803,317390243,2^317390243-1,STRUCTURAL_SCREEN_EXHAUSTED_PRIMALITY_UNASSIGNED,GF3A_DIRECTIONAL_WRITE_EXHAUSTED_PRIMALITY_UNASSIGNED,514,512,512,NO_RECORDED_FACTOR_PRP_OR_LL_RESULT_AND_NO_ACTIVE_GIMPS_ASSIGNMENT,2026-08-08T19:16:24+00:00,UNALLOCATED,,,,,
SLCMP700-2803,2803,2804,317390251,2^317390251-1,STRUCTURAL_SCREEN_EXHAUSTED_PRIMALITY_UNASSIGNED,GF3A_DIRECTIONAL_WRITE_EXHAUSTED_PRIMALITY_UNASSIGNED,514,512,512,NO_RECORDED_FACTOR_PRP_OR_LL_RESULT_AND_NO_ACTIVE_GIMPS_ASSIGNMENT,2026-08-08T19:16:24+00:00,UNALLOCATED,,,,,
SLCMP700-2804,2804,2805,317390371,2^317390371-1,STRUCTURAL_SCREEN_EXHAUSTED_PRIMALITY_UNASSIGNED,GF3A_DIRECTIONAL_WRITE_EXHAUSTED_PRIMALITY_UNASSIGNED,514,512,512,NO_RECORDED_FACTOR_PRP_OR_LL_RESULT_AND_NO_ACTIVE_GIMPS_ASSIGNMENT,2026-08-08T19:16:24+00:00,UNALLOCATED,,,,,
SLCMP700-2805,2805,2806,317390401,2^317390401-1,STRUCTURAL_SCREEN_EXHAUSTED_PRIMALITY_UNASSIGNED,GF3A_DIRECTIONAL_WRITE_EXHAUSTED_PRIMALITY_UNASSIGNED,513,512,512,NO_RECORDED_FACTOR_PRP_OR_LL_RESULT_AND_NO_ACTIVE_GIMPS_ASSIGNMENT,2026-08-08T19:16:24+00:00,UNALLOCATED,,,,,
SLCMP700-2806,2806,2807,317390417,2^317390417-1,STRUCTURAL_SCREEN_EXHAUSTED_PRIMALITY_UNASSIGNED,GF3A_DIRECTIONAL_WRITE_EXHAUSTED_PRIMALITY_UNASSIGNED,513,512,512,NO_RECORDED_FACTOR_PRP_OR_LL_RESULT_AND_NO_ACTIVE_GIMPS_ASSIGNMENT,2026-08-08T19:16:24+00:00,UNALLOCATED,,,,,
SLCMP700-2807,2807,2808,317390531,2^317390531-1,STRUCTURAL_SCREEN_EXHAUSTED_PRIMALITY_UNASSIGNED,GF3A_DIRECTIONAL_WRITE_EXHAUSTED_PRIMALITY_UNASSIGNED,514,512,512,NO_RECORDED_FACTOR_PRP_OR_LL_RESULT_AND_NO_ACTIVE_GIMPS_ASSIGNMENT,2026-08-08T19:16:24+00:00,UNALLOCATED,,,,,
SLCMP700-2808,2808,2809,317390539,2^317390539-1,STRUCTURAL_SCREEN_EXHAUSTED_PRIMALITY_UNASSIGNED,GF3A_DIRECTIONAL_WRITE_EXHAUSTED_PRIMALITY_UNASSIGNED,514,512,512,NO_RECORDED_FACTOR_PRP_OR_LL_RESULT_AND_NO_ACTIVE_GIMPS_ASSIGNMENT,2026-08-08T19:16:24+00:00,UNALLOCATED,,,,,
SLCMP700-2809,2809,2810,317390753,2^317390753-1,STRUCTURAL_SCREEN_EXHAUSTED_PRIMALITY_UNASSIGNED,GF3A_DIRECTIONAL_WRITE_EXHAUSTED_PRIMALITY_UNASSIGNED,513,512,512,NO_RECORDED_FACTOR_PRP_OR_LL_RESULT_AND_NO_ACTIVE_GIMPS_ASSIGNMENT,2026-08-08T19:16:24+00:00,UNALLOCATED,,,,,
SLCMP700-2810,2810,2811,317390779,2^317390779-1,STRUCTURAL_SCREEN_EXHAUSTED_PRIMALITY_UNASSIGNED,GF3A_DIRECTIONAL_WRITE_EXHAUSTED_PRIMALITY_UNASSIGNED,514,512,512,NO_RECORDED_FACTOR_PRP_OR_LL_RESULT_AND_NO_ACTIVE_GIMPS_ASSIGNMENT,2026-08-08T19:16:24+00:00,UNALLOCATED,,,,,
SLCMP700-2811,2811,2812,317390789,2^317390789-1,STRUCTURAL_SCREEN_EXHAUSTED_PRIMALITY_UNASSIGNED,GF3A_DIRECTIONAL_WRITE_EXHAUSTED_PRIMALITY_UNASSIGNED,513,512,512,NO_RECORDED_FACTOR_PRP_OR_LL_RESULT_AND_NO_ACTIVE_GIMPS_ASSIGNMENT,2026-08-08T19:16:24+00:00,UNALLOCATED,,,,,
SLCMP700-2812,2812,2813,317390813,2^317390813-1,STRUCTURAL_SCREEN_EXHAUSTED_PRIMALITY_UNASSIGNED,GF3A_DIRECTIONAL_WRITE_EXHAUSTED_PRIMALITY_UNASSIGNED,513,512,512,NO_RECORDED_FACTOR_PRP_OR_LL_RESULT_AND_NO_ACTIVE_GIMPS_ASSIGNMENT,2026-08-08T19:16:24+00:00,UNALLOCATED,,,,,
SLCMP700-2813,2813,2814,317390873,2^317390873-1,STRUCTURAL_SCREEN_EXHAUSTED_PRIMALITY_UNASSIGNED,GF3A_DIRECTIONAL_WRITE_EXHAUSTED_PRIMALITY_UNASSIGNED,513,512,512,NO_RECORDED_FACTOR_PRP_OR_LL_RESULT_AND_NO_ACTIVE_GIMPS_ASSIGNMENT,2026-08-08T19:16:24+00:00,UNALLOCATED,,,,,
SLCMP700-2814,2814,2815,317390923,2^317390923-1,STRUCTURAL_SCREEN_EXHAUSTED_PRIMALITY_UNASSIGNED,GF3A_DIRECTIONAL_WRITE_EXHAUSTED_PRIMALITY_UNASSIGNED,514,512,512,NO_RECORDED_FACTOR_PRP_OR_LL_RESULT_AND_NO_ACTIVE_GIMPS_ASSIGNMENT,2026-08-08T19:16:24+00:00,UNALLOCATED,,,,,
SLCMP700-2815,2815,2816,317390971,2^317390971-1,STRUCTURAL_SCREEN_EXHAUSTED_PRIMALITY_UNASSIGNED,GF3A_DIRECTIONAL_WRITE_EXHAUSTED_PRIMALITY_UNASSIGNED,514,512,512,NO_RECORDED_FACTOR_PRP_OR_LL_RESULT_AND_NO_ACTIVE_GIMPS_ASSIGNMENT,2026-08-08T19:16:24+00:00,UNALLOCATED,,,,,
SLCMP700-2816,2816,2817,317391001,2^317391001-1,STRUCTURAL_SCREEN_EXHAUSTED_PRIMALITY_UNASSIGNED,GF3A_DIRECTIONAL_WRITE_EXHAUSTED_PRIMALITY_UNASSIGNED,513,512,512,NO_RECORDED_FACTOR_PRP_OR_LL_RESULT_AND_NO_ACTIVE_GIMPS_ASSIGNMENT,2026-08-08T19:16:24+00:00,UNALLOCATED,,,,,
SLCMP700-2817,2817,2818,317391073,2^317391073-1,STRUCTURAL_SCREEN_EXHAUSTED_PRIMALITY_UNASSIGNED,GF3A_DIRECTIONAL_WRITE_EXHAUSTED_PRIMALITY_UNASSIGNED,513,512,512,NO_RECORDED_FACTOR_PRP_OR_LL_RESULT_AND_NO_ACTIVE_GIMPS_ASSIGNMENT,2026-08-08T19:16:24+00:00,UNALLOCATED,,,,,
SLCMP700-2818,2818,2819,317391089,2^317391089-1,STRUCTURAL_SCREEN_EXHAUSTED_PRIMALITY_UNASSIGNED,GF3A_DIRECTIONAL_WRITE_EXHAUSTED_PRIMALITY_UNASSIGNED,513,512,512,NO_RECORDED_FACTOR_PRP_OR_LL_RESULT_AND_NO_ACTIVE_GIMPS_ASSIGNMENT,2026-08-08T19:16:24+00:00,UNALLOCATED,,,,,
SLCMP700-2819,2819,2820,317391251,2^317391251-1,STRUCTURAL_SCREEN_EXHAUSTED_PRIMALITY_UNASSIGNED,GF3A_DIRECTIONAL_WRITE_EXHAUSTED_PRIMALITY_UNASSIGNED,514,512,512,NO_RECORDED_FACTOR_PRP_OR_LL_RESULT_AND_NO_ACTIVE_GIMPS_ASSIGNMENT,2026-08-08T19:16:24+00:00,UNALLOCATED,,,,,
SLCMP700-2820,2820,2821,317391287,2^317391287-1,STRUCTURAL_SCREEN_EXHAUSTED_PRIMALITY_UNASSIGNED,GF3A_DIRECTIONAL_WRITE_EXHAUSTED_PRIMALITY_UNASSIGNED,514,512,512,NO_RECORDED_FACTOR_PRP_OR_LL_RESULT_AND_NO_ACTIVE_GIMPS_ASSIGNMENT,2026-08-08T19:16:24+00:00,UNALLOCATED,,,,,
SLCMP700-2821,2821,2822,317391289,2^317391289-1,STRUCTURAL_SCREEN_EXHAUSTED_PRIMALITY_UNASSIGNED,GF3A_DIRECTIONAL_WRITE_EXHAUSTED_PRIMALITY_UNASSIGNED,513,512,512,NO_RECORDED_FACTOR_PRP_OR_LL_RESULT_AND_NO_ACTIVE_GIMPS_ASSIGNMENT,2026-08-08T19:16:24+00:00,UNALLOCATED,,,,,
SLCMP700-2822,2822,2823,317391311,2^317391311-1,STRUCTURAL_SCREEN_EXHAUSTED_PRIMALITY_UNASSIGNED,GF3A_DIRECTIONAL_WRITE_EXHAUSTED_PRIMALITY_UNASSIGNED,514,512,512,NO_RECORDED_FACTOR_PRP_OR_LL_RESULT_AND_NO_ACTIVE_GIMPS_ASSIGNMENT,2026-08-08T19:16:24+00:00,UNALLOCATED,,,,,
SLCMP700-2823,2823,2824,317391313,2^317391313-1,STRUCTURAL_SCREEN_EXHAUSTED_PRIMALITY_UNASSIGNED,GF3A_DIRECTIONAL_WRITE_EXHAUSTED_PRIMALITY_UNASSIGNED,513,512,512,NO_RECORDED_FACTOR_PRP_OR_LL_RESULT_AND_NO_ACTIVE_GIMPS_ASSIGNMENT,2026-08-08T19:16:24+00:00,UNALLOCATED,,,,,
SLCMP700-2824,2824,2825,317391391,2^317391391-1,STRUCTURAL_SCREEN_EXHAUSTED_PRIMALITY_UNASSIGNED,GF3A_DIRECTIONAL_WRITE_EXHAUSTED_PRIMALITY_UNASSIGNED,514,512,512,NO_RECORDED_FACTOR_PRP_OR_LL_RESULT_AND_NO_ACTIVE_GIMPS_ASSIGNMENT,2026-08-08T19:16:24+00:00,UNALLOCATED,,,,,
SLCMP700-2825,2825,2826,317391539,2^317391539-1,STRUCTURAL_SCREEN_EXHAUSTED_PRIMALITY_UNASSIGNED,GF3A_DIRECTIONAL_WRITE_EXHAUSTED_PRIMALITY_UNASSIGNED,514,512,512,NO_RECORDED_FACTOR_PRP_OR_LL_RESULT_AND_NO_ACTIVE_GIMPS_ASSIGNMENT,2026-08-08T19:16:24+00:00,UNALLOCATED,,,,,
SLCMP700-2826,2826,2827,317391653,2^317391653-1,STRUCTURAL_SCREEN_EXHAUSTED_PRIMALITY_UNASSIGNED,GF3A_DIRECTIONAL_WRITE_EXHAUSTED_PRIMALITY_UNASSIGNED,513,512,512,NO_RECORDED_FACTOR_PRP_OR_LL_RESULT_AND_NO_ACTIVE_GIMPS_ASSIGNMENT,2026-08-08T19:16:24+00:00,UNALLOCATED,,,,,
SLCMP700-2827,2827,2828,317391691,2^317391691-1,STRUCTURAL_SCREEN_EXHAUSTED_PRIMALITY_UNASSIGNED,GF3A_DIRECTIONAL_WRITE_EXHAUSTED_PRIMALITY_UNASSIGNED,514,512,512,NO_RECORDED_FACTOR_PRP_OR_LL_RESULT_AND_NO_ACTIVE_GIMPS_ASSIGNMENT,2026-08-08T19:16:24+00:00,UNALLOCATED,,,,,
SLCMP700-2828,2828,2829,317391707,2^317391707-1,STRUCTURAL_SCREEN_EXHAUSTED_PRIMALITY_UNASSIGNED,GF3A_DIRECTIONAL_WRITE_EXHAUSTED_PRIMALITY_UNASSIGNED,514,512,512,NO_RECORDED_FACTOR_PRP_OR_LL_RESULT_AND_NO_ACTIVE_GIMPS_ASSIGNMENT,2026-08-08T19:16:24+00:00,UNALLOCATED,,,,,
SLCMP700-2829,2829,2830,317391721,2^317391721-1,STRUCTURAL_SCREEN_EXHAUSTED_PRIMALITY_UNASSIGNED,GF3A_DIRECTIONAL_WRITE_EXHAUSTED_PRIMALITY_UNASSIGNED,513,512,512,NO_RECORDED_FACTOR_PRP_OR_LL_RESULT_AND_NO_ACTIVE_GIMPS_ASSIGNMENT,2026-08-08T19:16:24+00:00,UNALLOCATED,,,,,
SLCMP700-2830,2830,2831,317391757,2^317391757-1,STRUCTURAL_SCREEN_EXHAUSTED_PRIMALITY_UNASSIGNED,GF3A_DIRECTIONAL_WRITE_EXHAUSTED_PRIMALITY_UNASSIGNED,513,512,512,NO_RECORDED_FACTOR_PRP_OR_LL_RESULT_AND_NO_ACTIVE_GIMPS_ASSIGNMENT,2026-08-08T19:16:24+00:00,UNALLOCATED,,,,,
SLCMP700-2831,2831,2832,317391829,2^317391829-1,STRUCTURAL_SCREEN_EXHAUSTED_PRIMALITY_UNASSIGNED,GF3A_DIRECTIONAL_WRITE_EXHAUSTED_PRIMALITY_UNASSIGNED,513,512,512,NO_RECORDED_FACTOR_PRP_OR_LL_RESULT_AND_NO_ACTIVE_GIMPS_ASSIGNMENT,2026-08-08T19:16:24+00:00,UNALLOCATED,,,,,
SLCMP700-2832,2832,2833,317391929,2^317391929-1,STRUCTURAL_SCREEN_EXHAUSTED_PRIMALITY_UNASSIGNED,GF3A_DIRECTIONAL_WRITE_EXHAUSTED_PRIMALITY_UNASSIGNED,513,512,512,NO_RECORDED_FACTOR_PRP_OR_LL_RESULT_AND_NO_ACTIVE_GIMPS_ASSIGNMENT,2026-08-08T19:16:24+00:00,UNALLOCATED,,,,,
SLCMP700-2833,2833,2834,317391937,2^317391937-1,STRUCTURAL_SCREEN_EXHAUSTED_PRIMALITY_UNASSIGNED,GF3A_DIRECTIONAL_WRITE_EXHAUSTED_PRIMALITY_UNASSIGNED,513,512,512,NO_RECORDED_FACTOR_PRP_OR_LL_RESULT_AND_NO_ACTIVE_GIMPS_ASSIGNMENT,2026-08-08T19:16:24+00:00,UNALLOCATED,,,,,
SLCMP700-2834,2834,2835,317392001,2^317392001-1,STRUCTURAL_SCREEN_EXHAUSTED_PRIMALITY_UNASSIGNED,GF3A_DIRECTIONAL_WRITE_EXHAUSTED_PRIMALITY_UNASSIGNED,513,512,512,NO_RECORDED_FACTOR_PRP_OR_LL_RESULT_AND_NO_ACTIVE_GIMPS_ASSIGNMENT,2026-08-08T19:16:24+00:00,UNALLOCATED,,,,,
SLCMP700-2835,2835,2836,317392069,2^317392069-1,STRUCTURAL_SCREEN_EXHAUSTED_PRIMALITY_UNASSIGNED,GF3A_DIRECTIONAL_WRITE_EXHAUSTED_PRIMALITY_UNASSIGNED,513,512,512,NO_RECORDED_FACTOR_PRP_OR_LL_RESULT_AND_NO_ACTIVE_GIMPS_ASSIGNMENT,2026-08-08T19:16:24+00:00,UNALLOCATED,,,,,
SLCMP700-2836,2836,2837,317392087,2^317392087-1,STRUCTURAL_SCREEN_EXHAUSTED_PRIMALITY_UNASSIGNED,GF3A_DIRECTIONAL_WRITE_EXHAUSTED_PRIMALITY_UNASSIGNED,514,512,512,NO_RECORDED_FACTOR_PRP_OR_LL_RESULT_AND_NO_ACTIVE_GIMPS_ASSIGNMENT,2026-08-08T19:16:24+00:00,UNALLOCATED,,,,,
SLCMP700-2837,2837,2838,317392241,2^317392241-1,STRUCTURAL_SCREEN_EXHAUSTED_PRIMALITY_UNASSIGNED,GF3A_DIRECTIONAL_WRITE_EXHAUSTED_PRIMALITY_UNASSIGNED,513,512,512,NO_RECORDED_FACTOR_PRP_OR_LL_RESULT_AND_NO_ACTIVE_GIMPS_ASSIGNMENT,2026-08-08T19:16:24+00:00,UNALLOCATED,,,,,
SLCMP700-2838,2838,2839,317392277,2^317392277-1,STRUCTURAL_SCREEN_EXHAUSTED_PRIMALITY_UNASSIGNED,GF3A_DIRECTIONAL_WRITE_EXHAUSTED_PRIMALITY_UNASSIGNED,513,512,512,NO_RECORDED_FACTOR_PRP_OR_LL_RESULT_AND_NO_ACTIVE_GIMPS_ASSIGNMENT,2026-08-08T19:16:24+00:00,UNALLOCATED,,,,,
SLCMP700-2839,2839,2840,317392403,2^317392403-1,STRUCTURAL_SCREEN_EXHAUSTED_PRIMALITY_UNASSIGNED,GF3A_DIRECTIONAL_WRITE_EXHAUSTED_PRIMALITY_UNASSIGNED,514,512,512,NO_RECORDED_FACTOR_PRP_OR_LL_RESULT_AND_NO_ACTIVE_GIMPS_ASSIGNMENT,2026-08-08T19:16:24+00:00,UNALLOCATED,,,,,
SLCMP700-2840,2840,2841,317392451,2^317392451-1,STRUCTURAL_SCREEN_EXHAUSTED_PRIMALITY_UNASSIGNED,GF3A_DIRECTIONAL_WRITE_EXHAUSTED_PRIMALITY_UNASSIGNED,514,512,512,NO_RECORDED_FACTOR_PRP_OR_LL_RESULT_AND_NO_ACTIVE_GIMPS_ASSIGNMENT,2026-08-08T19:16:24+00:00,UNALLOCATED,,,,,
SLCMP700-2841,2841,2842,317392489,2^317392489-1,STRUCTURAL_SCREEN_EXHAUSTED_PRIMALITY_UNASSIGNED,GF3A_DIRECTIONAL_WRITE_EXHAUSTED_PRIMALITY_UNASSIGNED,513,512,512,NO_RECORDED_FACTOR_PRP_OR_LL_RESULT_AND_NO_ACTIVE_GIMPS_ASSIGNMENT,2026-08-08T19:16:24+00:00,UNALLOCATED,,,,,
SLCMP700-2842,2842,2843,317392561,2^317392561-1,STRUCTURAL_SCREEN_EXHAUSTED_PRIMALITY_UNASSIGNED,GF3A_DIRECTIONAL_WRITE_EXHAUSTED_PRIMALITY_UNASSIGNED,513,512,512,NO_RECORDED_FACTOR_PRP_OR_LL_RESULT_AND_NO_ACTIVE_GIMPS_ASSIGNMENT,2026-08-08T19:16:24+00:00,UNALLOCATED,,,,,
SLCMP700-2843,2843,2844,317392627,2^317392627-1,STRUCTURAL_SCREEN_EXHAUSTED_PRIMALITY_UNASSIGNED,GF3A_DIRECTIONAL_WRITE_EXHAUSTED_PRIMALITY_UNASSIGNED,514,512,512,NO_RECORDED_FACTOR_PRP_OR_LL_RESULT_AND_NO_ACTIVE_GIMPS_ASSIGNMENT,2026-08-08T19:16:24+00:00,UNALLOCATED,,,,,
SLCMP700-2844,2844,2845,317392639,2^317392639-1,STRUCTURAL_SCREEN_EXHAUSTED_PRIMALITY_UNASSIGNED,GF3A_DIRECTIONAL_WRITE_EXHAUSTED_PRIMALITY_UNASSIGNED,514,512,512,NO_RECORDED_FACTOR_PRP_OR_LL_RESULT_AND_NO_ACTIVE_GIMPS_ASSIGNMENT,2026-08-08T19:16:24+00:00,UNALLOCATED,,,,,
SLCMP700-2845,2845,2846,317392657,2^317392657-1,STRUCTURAL_SCREEN_EXHAUSTED_PRIMALITY_UNASSIGNED,GF3A_DIRECTIONAL_WRITE_EXHAUSTED_PRIMALITY_UNASSIGNED,513,512,512,NO_RECORDED_FACTOR_PRP_OR_LL_RESULT_AND_NO_ACTIVE_GIMPS_ASSIGNMENT,2026-08-08T19:16:24+00:00,UNALLOCATED,,,,,
SLCMP700-2846,2846,2847,317392721,2^317392721-1,STRUCTURAL_SCREEN_EXHAUSTED_PRIMALITY_UNASSIGNED,GF3A_DIRECTIONAL_WRITE_EXHAUSTED_PRIMALITY_UNASSIGNED,513,512,512,NO_RECORDED_FACTOR_PRP_OR_LL_RESULT_AND_NO_ACTIVE_GIMPS_ASSIGNMENT,2026-08-08T19:16:24+00:00,UNALLOCATED,,,,,
SLCMP700-2847,2847,2848,317392723,2^317392723-1,STRUCTURAL_SCREEN_EXHAUSTED_PRIMALITY_UNASSIGNED,GF3A_DIRECTIONAL_WRITE_EXHAUSTED_PRIMALITY_UNASSIGNED,514,512,512,NO_RECORDED_FACTOR_PRP_OR_LL_RESULT_AND_NO_ACTIVE_GIMPS_ASSIGNMENT,2026-08-08T19:16:24+00:00,UNALLOCATED,,,,,
SLCMP700-2848,2848,2849,317392727,2^317392727-1,STRUCTURAL_SCREEN_EXHAUSTED_PRIMALITY_UNASSIGNED,GF3A_DIRECTIONAL_WRITE_EXHAUSTED_PRIMALITY_UNASSIGNED,514,512,512,NO_RECORDED_FACTOR_PRP_OR_LL_RESULT_AND_NO_ACTIVE_GIMPS_ASSIGNMENT,2026-08-08T19:16:24+00:00,UNALLOCATED,,,,,
SLCMP700-2849,2849,2850,317392987,2^317392987-1,STRUCTURAL_SCREEN_EXHAUSTED_PRIMALITY_UNASSIGNED,GF3A_DIRECTIONAL_WRITE_EXHAUSTED_PRIMALITY_UNASSIGNED,514,512,512,NO_RECORDED_FACTOR_PRP_OR_LL_RESULT_AND_NO_ACTIVE_GIMPS_ASSIGNMENT,2026-08-08T19:16:24+00:00,UNALLOCATED,,,,,
SLCMP700-2850,2850,2851,317393051,2^317393051-1,STRUCTURAL_SCREEN_EXHAUSTED_PRIMALITY_UNASSIGNED,GF3A_DIRECTIONAL_WRITE_EXHAUSTED_PRIMALITY_UNASSIGNED,514,512,512,NO_RECORDED_FACTOR_PRP_OR_LL_RESULT_AND_NO_ACTIVE_GIMPS_ASSIGNMENT,2026-08-08T19:16:24+00:00,UNALLOCATED,,,,,
SLCMP700-2851,2851,2852,317393053,2^317393053-1,STRUCTURAL_SCREEN_EXHAUSTED_PRIMALITY_UNASSIGNED,GF3A_DIRECTIONAL_WRITE_EXHAUSTED_PRIMALITY_UNASSIGNED,513,512,512,NO_RECORDED_FACTOR_PRP_OR_LL_RESULT_AND_NO_ACTIVE_GIMPS_ASSIGNMENT,2026-08-08T19:16:24+00:00,UNALLOCATED,,,,,
SLCMP700-2852,2852,2853,317393173,2^317393173-1,STRUCTURAL_SCREEN_EXHAUSTED_PRIMALITY_UNASSIGNED,GF3A_DIRECTIONAL_WRITE_EXHAUSTED_PRIMALITY_UNASSIGNED,513,512,512,NO_RECORDED_FACTOR_PRP_OR_LL_RESULT_AND_NO_ACTIVE_GIMPS_ASSIGNMENT,2026-08-08T19:16:24+00:00,UNALLOCATED,,,,,
SLCMP700-2853,2853,2854,317393183,2^317393183-1,STRUCTURAL_SCREEN_EXHAUSTED_PRIMALITY_UNASSIGNED,GF3A_DIRECTIONAL_WRITE_EXHAUSTED_PRIMALITY_UNASSIGNED,514,512,512,NO_RECORDED_FACTOR_PRP_OR_LL_RESULT_AND_NO_ACTIVE_GIMPS_ASSIGNMENT,2026-08-08T19:16:24+00:00,UNALLOCATED,,,,,
SLCMP700-2854,2854,2855,317393327,2^317393327-1,STRUCTURAL_SCREEN_EXHAUSTED_PRIMALITY_UNASSIGNED,GF3A_DIRECTIONAL_WRITE_EXHAUSTED_PRIMALITY_UNASSIGNED,514,512,512,NO_RECORDED_FACTOR_PRP_OR_LL_RESULT_AND_NO_ACTIVE_GIMPS_ASSIGNMENT,2026-08-08T19:16:24+00:00,UNALLOCATED,,,,,
SLCMP700-2855,2855,2856,317393473,2^317393473-1,STRUCTURAL_SCREEN_EXHAUSTED_PRIMALITY_UNASSIGNED,GF3A_DIRECTIONAL_WRITE_EXHAUSTED_PRIMALITY_UNASSIGNED,513,512,512,NO_RECORDED_FACTOR_PRP_OR_LL_RESULT_AND_NO_ACTIVE_GIMPS_ASSIGNMENT,2026-08-08T19:16:24+00:00,UNALLOCATED,,,,,
SLCMP700-2856,2856,2857,317393497,2^317393497-1,STRUCTURAL_SCREEN_EXHAUSTED_PRIMALITY_UNASSIGNED,GF3A_DIRECTIONAL_WRITE_EXHAUSTED_PRIMALITY_UNASSIGNED,513,512,512,NO_RECORDED_FACTOR_PRP_OR_LL_RESULT_AND_NO_ACTIVE_GIMPS_ASSIGNMENT,2026-08-08T19:16:24+00:00,UNALLOCATED,,,,,
SLCMP700-2857,2857,2858,317393507,2^317393507-1,STRUCTURAL_SCREEN_EXHAUSTED_PRIMALITY_UNASSIGNED,GF3A_DIRECTIONAL_WRITE_EXHAUSTED_PRIMALITY_UNASSIGNED,514,512,512,NO_RECORDED_FACTOR_PRP_OR_LL_RESULT_AND_NO_ACTIVE_GIMPS_ASSIGNMENT,2026-08-08T19:16:24+00:00,UNALLOCATED,,,,,
SLCMP700-2858,2858,2859,317393563,2^317393563-1,STRUCTURAL_SCREEN_EXHAUSTED_PRIMALITY_UNASSIGNED,GF3A_DIRECTIONAL_WRITE_EXHAUSTED_PRIMALITY_UNASSIGNED,514,512,512,NO_RECORDED_FACTOR_PRP_OR_LL_RESULT_AND_NO_ACTIVE_GIMPS_ASSIGNMENT,2026-08-08T19:16:24+00:00,UNALLOCATED,,,,,
SLCMP700-2859,2859,2860,317393599,2^317393599-1,STRUCTURAL_SCREEN_EXHAUSTED_PRIMALITY_UNASSIGNED,GF3A_DIRECTIONAL_WRITE_EXHAUSTED_PRIMALITY_UNASSIGNED,514,512,512,NO_RECORDED_FACTOR_PRP_OR_LL_RESULT_AND_NO_ACTIVE_GIMPS_ASSIGNMENT,2026-08-08T19:16:24+00:00,UNALLOCATED,,,,,
SLCMP700-2860,2860,2861,317393653,2^317393653-1,STRUCTURAL_SCREEN_EXHAUSTED_PRIMALITY_UNASSIGNED,GF3A_DIRECTIONAL_WRITE_EXHAUSTED_PRIMALITY_UNASSIGNED,513,512,512,NO_RECORDED_FACTOR_PRP_OR_LL_RESULT_AND_NO_ACTIVE_GIMPS_ASSIGNMENT,2026-08-08T19:16:24+00:00,UNALLOCATED,,,,,
SLCMP700-2861,2861,2862,317393759,2^317393759-1,STRUCTURAL_SCREEN_EXHAUSTED_PRIMALITY_UNASSIGNED,GF3A_DIRECTIONAL_WRITE_EXHAUSTED_PRIMALITY_UNASSIGNED,514,512,512,NO_RECORDED_FACTOR_PRP_OR_LL_RESULT_AND_NO_ACTIVE_GIMPS_ASSIGNMENT,2026-08-08T19:16:24+00:00,UNALLOCATED,,,,,
SLCMP700-2862,2862,2863,317393801,2^317393801-1,STRUCTURAL_SCREEN_EXHAUSTED_PRIMALITY_UNASSIGNED,GF3A_DIRECTIONAL_WRITE_EXHAUSTED_PRIMALITY_UNASSIGNED,513,512,512,NO_RECORDED_FACTOR_PRP_OR_LL_RESULT_AND_NO_ACTIVE_GIMPS_ASSIGNMENT,2026-08-08T19:16:24+00:00,UNALLOCATED,,,,,
SLCMP700-2863,2863,2864,317393831,2^317393831-1,STRUCTURAL_SCREEN_EXHAUSTED_PRIMALITY_UNASSIGNED,GF3A_DIRECTIONAL_WRITE_EXHAUSTED_PRIMALITY_UNASSIGNED,514,512,512,NO_RECORDED_FACTOR_PRP_OR_LL_RESULT_AND_NO_ACTIVE_GIMPS_ASSIGNMENT,2026-08-08T19:16:24+00:00,UNALLOCATED,,,,,
SLCMP700-2864,2864,2865,317393933,2^317393933-1,STRUCTURAL_SCREEN_EXHAUSTED_PRIMALITY_UNASSIGNED,GF3A_DIRECTIONAL_WRITE_EXHAUSTED_PRIMALITY_UNASSIGNED,513,512,512,NO_RECORDED_FACTOR_PRP_OR_LL_RESULT_AND_NO_ACTIVE_GIMPS_ASSIGNMENT,2026-08-08T19:16:24+00:00,UNALLOCATED,,,,,
SLCMP700-2865,2865,2866,317393963,2^317393963-1,STRUCTURAL_SCREEN_EXHAUSTED_PRIMALITY_UNASSIGNED,GF3A_DIRECTIONAL_WRITE_EXHAUSTED_PRIMALITY_UNASSIGNED,514,512,512,NO_RECORDED_FACTOR_PRP_OR_LL_RESULT_AND_NO_ACTIVE_GIMPS_ASSIGNMENT,2026-08-08T19:16:24+00:00,UNALLOCATED,,,,,
SLCMP700-2866,2866,2867,317393977,2^317393977-1,STRUCTURAL_SCREEN_EXHAUSTED_PRIMALITY_UNASSIGNED,GF3A_DIRECTIONAL_WRITE_EXHAUSTED_PRIMALITY_UNASSIGNED,513,512,512,NO_RECORDED_FACTOR_PRP_OR_LL_RESULT_AND_NO_ACTIVE_GIMPS_ASSIGNMENT,2026-08-08T19:16:24+00:00,UNALLOCATED,,,,,
SLCMP700-2867,2867,2868,317394023,2^317394023-1,STRUCTURAL_SCREEN_EXHAUSTED_PRIMALITY_UNASSIGNED,GF3A_DIRECTIONAL_WRITE_EXHAUSTED_PRIMALITY_UNASSIGNED,514,512,512,NO_RECORDED_FACTOR_PRP_OR_LL_RESULT_AND_NO_ACTIVE_GIMPS_ASSIGNMENT,2026-08-08T19:16:24+00:00,UNALLOCATED,,,,,
SLCMP700-2868,2868,2869,317394073,2^317394073-1,STRUCTURAL_SCREEN_EXHAUSTED_PRIMALITY_UNASSIGNED,GF3A_DIRECTIONAL_WRITE_EXHAUSTED_PRIMALITY_UNASSIGNED,513,512,512,NO_RECORDED_FACTOR_PRP_OR_LL_RESULT_AND_NO_ACTIVE_GIMPS_ASSIGNMENT,2026-08-08T19:16:24+00:00,UNALLOCATED,,,,,
SLCMP700-2869,2869,2870,317394257,2^317394257-1,STRUCTURAL_SCREEN_EXHAUSTED_PRIMALITY_UNASSIGNED,GF3A_DIRECTIONAL_WRITE_EXHAUSTED_PRIMALITY_UNASSIGNED,513,512,512,NO_RECORDED_FACTOR_PRP_OR_LL_RESULT_AND_NO_ACTIVE_GIMPS_ASSIGNMENT,2026-08-08T19:16:24+00:00,UNALLOCATED,,,,,
SLCMP700-2870,2870,2871,317394281,2^317394281-1,STRUCTURAL_SCREEN_EXHAUSTED_PRIMALITY_UNASSIGNED,GF3A_DIRECTIONAL_WRITE_EXHAUSTED_PRIMALITY_UNASSIGNED,513,512,512,NO_RECORDED_FACTOR_PRP_OR_LL_RESULT_AND_NO_ACTIVE_GIMPS_ASSIGNMENT,2026-08-08T19:16:24+00:00,UNALLOCATED,,,,,
SLCMP700-2871,2871,2872,317394293,2^317394293-1,STRUCTURAL_SCREEN_EXHAUSTED_PRIMALITY_UNASSIGNED,GF3A_DIRECTIONAL_WRITE_EXHAUSTED_PRIMALITY_UNASSIGNED,513,512,512,NO_RECORDED_FACTOR_PRP_OR_LL_RESULT_AND_NO_ACTIVE_GIMPS_ASSIGNMENT,2026-08-08T19:16:24+00:00,UNALLOCATED,,,,,
SLCMP700-2872,2872,2873,317394317,2^317394317-1,STRUCTURAL_SCREEN_EXHAUSTED_PRIMALITY_UNASSIGNED,GF3A_DIRECTIONAL_WRITE_EXHAUSTED_PRIMALITY_UNASSIGNED,513,512,512,NO_RECORDED_FACTOR_PRP_OR_LL_RESULT_AND_NO_ACTIVE_GIMPS_ASSIGNMENT,2026-08-08T19:16:24+00:00,UNALLOCATED,,,,,
SLCMP700-2873,2873,2874,317394391,2^317394391-1,STRUCTURAL_SCREEN_EXHAUSTED_PRIMALITY_UNASSIGNED,GF3A_DIRECTIONAL_WRITE_EXHAUSTED_PRIMALITY_UNASSIGNED,514,512,512,NO_RECORDED_FACTOR_PRP_OR_LL_RESULT_AND_NO_ACTIVE_GIMPS_ASSIGNMENT,2026-08-08T19:16:24+00:00,UNALLOCATED,,,,,
SLCMP700-2874,2874,2875,317394409,2^317394409-1,STRUCTURAL_SCREEN_EXHAUSTED_PRIMALITY_UNASSIGNED,GF3A_DIRECTIONAL_WRITE_EXHAUSTED_PRIMALITY_UNASSIGNED,513,512,512,NO_RECORDED_FACTOR_PRP_OR_LL_RESULT_AND_NO_ACTIVE_GIMPS_ASSIGNMENT,2026-08-08T19:16:24+00:00,UNALLOCATED,,,,,
SLCMP700-2875,2875,2876,317394599,2^317394599-1,STRUCTURAL_SCREEN_EXHAUSTED_PRIMALITY_UNASSIGNED,GF3A_DIRECTIONAL_WRITE_EXHAUSTED_PRIMALITY_UNASSIGNED,514,512,512,NO_RECORDED_FACTOR_PRP_OR_LL_RESULT_AND_NO_ACTIVE_GIMPS_ASSIGNMENT,2026-08-08T19:16:24+00:00,UNALLOCATED,,,,,
SLCMP700-2876,2876,2877,317394617,2^317394617-1,STRUCTURAL_SCREEN_EXHAUSTED_PRIMALITY_UNASSIGNED,GF3A_DIRECTIONAL_WRITE_EXHAUSTED_PRIMALITY_UNASSIGNED,513,512,512,NO_RECORDED_FACTOR_PRP_OR_LL_RESULT_AND_NO_ACTIVE_GIMPS_ASSIGNMENT,2026-08-08T19:16:24+00:00,UNALLOCATED,,,,,
SLCMP700-2877,2877,2878,317394659,2^317394659-1,STRUCTURAL_SCREEN_EXHAUSTED_PRIMALITY_UNASSIGNED,GF3A_DIRECTIONAL_WRITE_EXHAUSTED_PRIMALITY_UNASSIGNED,514,512,512,NO_RECORDED_FACTOR_PRP_OR_LL_RESULT_AND_NO_ACTIVE_GIMPS_ASSIGNMENT,2026-08-08T19:16:24+00:00,UNALLOCATED,,,,,
SLCMP700-2878,2878,2879,317394683,2^317394683-1,STRUCTURAL_SCREEN_EXHAUSTED_PRIMALITY_UNASSIGNED,GF3A_DIRECTIONAL_WRITE_EXHAUSTED_PRIMALITY_UNASSIGNED,514,512,512,NO_RECORDED_FACTOR_PRP_OR_LL_RESULT_AND_NO_ACTIVE_GIMPS_ASSIGNMENT,2026-08-08T19:16:24+00:00,UNALLOCATED,,,,,
SLCMP700-2879,2879,2880,317394703,2^317394703-1,STRUCTURAL_SCREEN_EXHAUSTED_PRIMALITY_UNASSIGNED,GF3A_DIRECTIONAL_WRITE_EXHAUSTED_PRIMALITY_UNASSIGNED,514,512,512,NO_RECORDED_FACTOR_PRP_OR_LL_RESULT_AND_NO_ACTIVE_GIMPS_ASSIGNMENT,2026-08-08T19:16:24+00:00,UNALLOCATED,,,,,
SLCMP700-2880,2880,2881,317394757,2^317394757-1,STRUCTURAL_SCREEN_EXHAUSTED_PRIMALITY_UNASSIGNED,GF3A_DIRECTIONAL_WRITE_EXHAUSTED_PRIMALITY_UNASSIGNED,513,512,512,NO_RECORDED_FACTOR_PRP_OR_LL_RESULT_AND_NO_ACTIVE_GIMPS_ASSIGNMENT,2026-08-08T19:16:24+00:00,UNALLOCATED,,,,,
SLCMP700-2881,2881,2882,317394853,2^317394853-1,STRUCTURAL_SCREEN_EXHAUSTED_PRIMALITY_UNASSIGNED,GF3A_DIRECTIONAL_WRITE_EXHAUSTED_PRIMALITY_UNASSIGNED,513,512,512,NO_RECORDED_FACTOR_PRP_OR_LL_RESULT_AND_NO_ACTIVE_GIMPS_ASSIGNMENT,2026-08-08T19:16:24+00:00,UNALLOCATED,,,,,
SLCMP700-2882,2882,2883,317394919,2^317394919-1,STRUCTURAL_SCREEN_EXHAUSTED_PRIMALITY_UNASSIGNED,GF3A_DIRECTIONAL_WRITE_EXHAUSTED_PRIMALITY_UNASSIGNED,514,512,512,NO_RECORDED_FACTOR_PRP_OR_LL_RESULT_AND_NO_ACTIVE_GIMPS_ASSIGNMENT,2026-08-08T19:16:24+00:00,UNALLOCATED,,,,,
SLCMP700-2883,2883,2884,317394989,2^317394989-1,STRUCTURAL_SCREEN_EXHAUSTED_PRIMALITY_UNASSIGNED,GF3A_DIRECTIONAL_WRITE_EXHAUSTED_PRIMALITY_UNASSIGNED,513,512,512,NO_RECORDED_FACTOR_PRP_OR_LL_RESULT_AND_NO_ACTIVE_GIMPS_ASSIGNMENT,2026-08-08T19:16:24+00:00,UNALLOCATED,,,,,
SLCMP700-2884,2884,2885,317395201,2^317395201-1,STRUCTURAL_SCREEN_EXHAUSTED_PRIMALITY_UNASSIGNED,GF3A_DIRECTIONAL_WRITE_EXHAUSTED_PRIMALITY_UNASSIGNED,513,512,512,NO_RECORDED_FACTOR_PRP_OR_LL_RESULT_AND_NO_ACTIVE_GIMPS_ASSIGNMENT,2026-08-08T19:16:24+00:00,UNALLOCATED,,,,,
SLCMP700-2885,2885,2886,317395511,2^317395511-1,STRUCTURAL_SCREEN_EXHAUSTED_PRIMALITY_UNASSIGNED,GF3A_DIRECTIONAL_WRITE_EXHAUSTED_PRIMALITY_UNASSIGNED,514,512,512,NO_RECORDED_FACTOR_PRP_OR_LL_RESULT_AND_NO_ACTIVE_GIMPS_ASSIGNMENT,2026-08-08T19:16:24+00:00,UNALLOCATED,,,,,
SLCMP700-2886,2886,2887,317395531,2^317395531-1,STRUCTURAL_SCREEN_EXHAUSTED_PRIMALITY_UNASSIGNED,GF3A_DIRECTIONAL_WRITE_EXHAUSTED_PRIMALITY_UNASSIGNED,514,512,512,NO_RECORDED_FACTOR_PRP_OR_LL_RESULT_AND_NO_ACTIVE_GIMPS_ASSIGNMENT,2026-08-08T19:16:24+00:00,UNALLOCATED,,,,,
SLCMP700-2887,2887,2888,317395579,2^317395579-1,STRUCTURAL_SCREEN_EXHAUSTED_PRIMALITY_UNASSIGNED,GF3A_DIRECTIONAL_WRITE_EXHAUSTED_PRIMALITY_UNASSIGNED,514,512,512,NO_RECORDED_FACTOR_PRP_OR_LL_RESULT_AND_NO_ACTIVE_GIMPS_ASSIGNMENT,2026-08-08T19:16:24+00:00,UNALLOCATED,,,,,
SLCMP700-2888,2888,2889,317395609,2^317395609-1,STRUCTURAL_SCREEN_EXHAUSTED_PRIMALITY_UNASSIGNED,GF3A_DIRECTIONAL_WRITE_EXHAUSTED_PRIMALITY_UNASSIGNED,513,512,512,NO_RECORDED_FACTOR_PRP_OR_LL_RESULT_AND_NO_ACTIVE_GIMPS_ASSIGNMENT,2026-08-08T19:16:24+00:00,UNALLOCATED,,,,,
SLCMP700-2889,2889,2890,317395769,2^317395769-1,STRUCTURAL_SCREEN_EXHAUSTED_PRIMALITY_UNASSIGNED,GF3A_DIRECTIONAL_WRITE_EXHAUSTED_PRIMALITY_UNASSIGNED,513,512,512,NO_RECORDED_FACTOR_PRP_OR_LL_RESULT_AND_NO_ACTIVE_GIMPS_ASSIGNMENT,2026-08-08T19:16:24+00:00,UNALLOCATED,,,,,
SLCMP700-2890,2890,2891,317395781,2^317395781-1,STRUCTURAL_SCREEN_EXHAUSTED_PRIMALITY_UNASSIGNED,GF3A_DIRECTIONAL_WRITE_EXHAUSTED_PRIMALITY_UNASSIGNED,513,512,512,NO_RECORDED_FACTOR_PRP_OR_LL_RESULT_AND_NO_ACTIVE_GIMPS_ASSIGNMENT,2026-08-08T19:16:24+00:00,UNALLOCATED,,,,,
SLCMP700-2891,2891,2892,317395783,2^317395783-1,STRUCTURAL_SCREEN_EXHAUSTED_PRIMALITY_UNASSIGNED,GF3A_DIRECTIONAL_WRITE_EXHAUSTED_PRIMALITY_UNASSIGNED,514,512,512,NO_RECORDED_FACTOR_PRP_OR_LL_RESULT_AND_NO_ACTIVE_GIMPS_ASSIGNMENT,2026-08-08T19:16:24+00:00,UNALLOCATED,,,,,
SLCMP700-2892,2892,2893,317395823,2^317395823-1,STRUCTURAL_SCREEN_EXHAUSTED_PRIMALITY_UNASSIGNED,GF3A_DIRECTIONAL_WRITE_EXHAUSTED_PRIMALITY_UNASSIGNED,514,512,512,NO_RECORDED_FACTOR_PRP_OR_LL_RESULT_AND_NO_ACTIVE_GIMPS_ASSIGNMENT,2026-08-08T19:16:24+00:00,UNALLOCATED,,,,,
SLCMP700-2893,2893,2894,317395847,2^317395847-1,STRUCTURAL_SCREEN_EXHAUSTED_PRIMALITY_UNASSIGNED,GF3A_DIRECTIONAL_WRITE_EXHAUSTED_PRIMALITY_UNASSIGNED,514,512,512,NO_RECORDED_FACTOR_PRP_OR_LL_RESULT_AND_NO_ACTIVE_GIMPS_ASSIGNMENT,2026-08-08T19:16:24+00:00,UNALLOCATED,,,,,
SLCMP700-2894,2894,2895,317395873,2^317395873-1,STRUCTURAL_SCREEN_EXHAUSTED_PRIMALITY_UNASSIGNED,GF3A_DIRECTIONAL_WRITE_EXHAUSTED_PRIMALITY_UNASSIGNED,513,512,512,NO_RECORDED_FACTOR_PRP_OR_LL_RESULT_AND_NO_ACTIVE_GIMPS_ASSIGNMENT,2026-08-08T19:16:24+00:00,UNALLOCATED,,,,,
SLCMP700-2895,2895,2896,317395909,2^317395909-1,STRUCTURAL_SCREEN_EXHAUSTED_PRIMALITY_UNASSIGNED,GF3A_DIRECTIONAL_WRITE_EXHAUSTED_PRIMALITY_UNASSIGNED,513,512,512,NO_RECORDED_FACTOR_PRP_OR_LL_RESULT_AND_NO_ACTIVE_GIMPS_ASSIGNMENT,2026-08-08T19:16:24+00:00,UNALLOCATED,,,,,
SLCMP700-2896,2896,2897,317395921,2^317395921-1,STRUCTURAL_SCREEN_EXHAUSTED_PRIMALITY_UNASSIGNED,GF3A_DIRECTIONAL_WRITE_EXHAUSTED_PRIMALITY_UNASSIGNED,513,512,512,NO_RECORDED_FACTOR_PRP_OR_LL_RESULT_AND_NO_ACTIVE_GIMPS_ASSIGNMENT,2026-08-08T19:16:24+00:00,UNALLOCATED,,,,,
SLCMP700-2897,2897,2898,317395997,2^317395997-1,STRUCTURAL_SCREEN_EXHAUSTED_PRIMALITY_UNASSIGNED,GF3A_DIRECTIONAL_WRITE_EXHAUSTED_PRIMALITY_UNASSIGNED,513,512,512,NO_RECORDED_FACTOR_PRP_OR_LL_RESULT_AND_NO_ACTIVE_GIMPS_ASSIGNMENT,2026-08-08T19:16:24+00:00,UNALLOCATED,,,,,
SLCMP700-2898,2898,2899,317396003,2^317396003-1,STRUCTURAL_SCREEN_EXHAUSTED_PRIMALITY_UNASSIGNED,GF3A_DIRECTIONAL_WRITE_EXHAUSTED_PRIMALITY_UNASSIGNED,514,512,512,NO_RECORDED_FACTOR_PRP_OR_LL_RESULT_AND_NO_ACTIVE_GIMPS_ASSIGNMENT,2026-08-08T19:16:24+00:00,UNALLOCATED,,,,,
SLCMP700-2899,2899,2900,317396033,2^317396033-1,STRUCTURAL_SCREEN_EXHAUSTED_PRIMALITY_UNASSIGNED,GF3A_DIRECTIONAL_WRITE_EXHAUSTED_PRIMALITY_UNASSIGNED,513,512,512,NO_RECORDED_FACTOR_PRP_OR_LL_RESULT_AND_NO_ACTIVE_GIMPS_ASSIGNMENT,2026-08-08T19:16:24+00:00,UNALLOCATED,,,,,
SLCMP700-2900,2900,2901,317396071,2^317396071-1,STRUCTURAL_SCREEN_EXHAUSTED_PRIMALITY_UNASSIGNED,GF3A_DIRECTIONAL_WRITE_EXHAUSTED_PRIMALITY_UNASSIGNED,514,512,512,NO_RECORDED_FACTOR_PRP_OR_LL_RESULT_AND_NO_ACTIVE_GIMPS_ASSIGNMENT,2026-08-08T19:16:24+00:00,UNALLOCATED,,,,,
SLCMP700-2901,2901,2902,317396089,2^317396089-1,STRUCTURAL_SCREEN_EXHAUSTED_PRIMALITY_UNASSIGNED,GF3A_DIRECTIONAL_WRITE_EXHAUSTED_PRIMALITY_UNASSIGNED,513,512,512,NO_RECORDED_FACTOR_PRP_OR_LL_RESULT_AND_NO_ACTIVE_GIMPS_ASSIGNMENT,2026-08-08T19:16:24+00:00,UNALLOCATED,,,,,
SLCMP700-2902,2902,2903,317396141,2^317396141-1,STRUCTURAL_SCREEN_EXHAUSTED_PRIMALITY_UNASSIGNED,GF3A_DIRECTIONAL_WRITE_EXHAUSTED_PRIMALITY_UNASSIGNED,513,512,512,NO_RECORDED_FACTOR_PRP_OR_LL_RESULT_AND_NO_ACTIVE_GIMPS_ASSIGNMENT,2026-08-08T19:16:24+00:00,UNALLOCATED,,,,,
SLCMP700-2903,2903,2904,317396143,2^317396143-1,STRUCTURAL_SCREEN_EXHAUSTED_PRIMALITY_UNASSIGNED,GF3A_DIRECTIONAL_WRITE_EXHAUSTED_PRIMALITY_UNASSIGNED,514,512,512,NO_RECORDED_FACTOR_PRP_OR_LL_RESULT_AND_NO_ACTIVE_GIMPS_ASSIGNMENT,2026-08-08T19:16:24+00:00,UNALLOCATED,,,,,
SLCMP700-2904,2904,2905,317396173,2^317396173-1,STRUCTURAL_SCREEN_EXHAUSTED_PRIMALITY_UNASSIGNED,GF3A_DIRECTIONAL_WRITE_EXHAUSTED_PRIMALITY_UNASSIGNED,513,512,512,NO_RECORDED_FACTOR_PRP_OR_LL_RESULT_AND_NO_ACTIVE_GIMPS_ASSIGNMENT,2026-08-08T19:16:24+00:00,UNALLOCATED,,,,,
SLCMP700-2905,2905,2906,317396221,2^317396221-1,STRUCTURAL_SCREEN_EXHAUSTED_PRIMALITY_UNASSIGNED,GF3A_DIRECTIONAL_WRITE_EXHAUSTED_PRIMALITY_UNASSIGNED,513,512,512,NO_RECORDED_FACTOR_PRP_OR_LL_RESULT_AND_NO_ACTIVE_GIMPS_ASSIGNMENT,2026-08-08T19:16:24+00:00,UNALLOCATED,,,,,
SLCMP700-2906,2906,2907,317396243,2^317396243-1,STRUCTURAL_SCREEN_EXHAUSTED_PRIMALITY_UNASSIGNED,GF3A_DIRECTIONAL_WRITE_EXHAUSTED_PRIMALITY_UNASSIGNED,514,512,512,NO_RECORDED_FACTOR_PRP_OR_LL_RESULT_AND_NO_ACTIVE_GIMPS_ASSIGNMENT,2026-08-08T19:16:24+00:00,UNALLOCATED,,,,,
SLCMP700-2907,2907,2908,317396309,2^317396309-1,STRUCTURAL_SCREEN_EXHAUSTED_PRIMALITY_UNASSIGNED,GF3A_DIRECTIONAL_WRITE_EXHAUSTED_PRIMALITY_UNASSIGNED,513,512,512,NO_RECORDED_FACTOR_PRP_OR_LL_RESULT_AND_NO_ACTIVE_GIMPS_ASSIGNMENT,2026-08-08T19:16:24+00:00,UNALLOCATED,,,,,
SLCMP700-2908,2908,2909,317396449,2^317396449-1,STRUCTURAL_SCREEN_EXHAUSTED_PRIMALITY_UNASSIGNED,GF3A_DIRECTIONAL_WRITE_EXHAUSTED_PRIMALITY_UNASSIGNED,513,512,512,NO_RECORDED_FACTOR_PRP_OR_LL_RESULT_AND_NO_ACTIVE_GIMPS_ASSIGNMENT,2026-08-08T19:16:24+00:00,UNALLOCATED,,,,,
SLCMP700-2909,2909,2910,317396509,2^317396509-1,STRUCTURAL_SCREEN_EXHAUSTED_PRIMALITY_UNASSIGNED,GF3A_DIRECTIONAL_WRITE_EXHAUSTED_PRIMALITY_UNASSIGNED,513,512,512,NO_RECORDED_FACTOR_PRP_OR_LL_RESULT_AND_NO_ACTIVE_GIMPS_ASSIGNMENT,2026-08-08T19:16:24+00:00,UNALLOCATED,,,,,
SLCMP700-2910,2910,2911,317396537,2^317396537-1,STRUCTURAL_SCREEN_EXHAUSTED_PRIMALITY_UNASSIGNED,GF3A_DIRECTIONAL_WRITE_EXHAUSTED_PRIMALITY_UNASSIGNED,513,512,512,NO_RECORDED_FACTOR_PRP_OR_LL_RESULT_AND_NO_ACTIVE_GIMPS_ASSIGNMENT,2026-08-08T19:16:24+00:00,UNALLOCATED,,,,,
SLCMP700-2911,2911,2912,317396551,2^317396551-1,STRUCTURAL_SCREEN_EXHAUSTED_PRIMALITY_UNASSIGNED,GF3A_DIRECTIONAL_WRITE_EXHAUSTED_PRIMALITY_UNASSIGNED,514,512,512,NO_RECORDED_FACTOR_PRP_OR_LL_RESULT_AND_NO_ACTIVE_GIMPS_ASSIGNMENT,2026-08-08T19:16:24+00:00,UNALLOCATED,,,,,
SLCMP700-2912,2912,2913,317396581,2^317396581-1,STRUCTURAL_SCREEN_EXHAUSTED_PRIMALITY_UNASSIGNED,GF3A_DIRECTIONAL_WRITE_EXHAUSTED_PRIMALITY_UNASSIGNED,513,512,512,NO_RECORDED_FACTOR_PRP_OR_LL_RESULT_AND_NO_ACTIVE_GIMPS_ASSIGNMENT,2026-08-08T19:16:24+00:00,UNALLOCATED,,,,,
SLCMP700-2913,2913,2914,317396587,2^317396587-1,STRUCTURAL_SCREEN_EXHAUSTED_PRIMALITY_UNASSIGNED,GF3A_DIRECTIONAL_WRITE_EXHAUSTED_PRIMALITY_UNASSIGNED,514,512,512,NO_RECORDED_FACTOR_PRP_OR_LL_RESULT_AND_NO_ACTIVE_GIMPS_ASSIGNMENT,2026-08-08T19:16:24+00:00,UNALLOCATED,,,,,
SLCMP700-2914,2914,2915,317396623,2^317396623-1,STRUCTURAL_SCREEN_EXHAUSTED_PRIMALITY_UNASSIGNED,GF3A_DIRECTIONAL_WRITE_EXHAUSTED_PRIMALITY_UNASSIGNED,514,512,512,NO_RECORDED_FACTOR_PRP_OR_LL_RESULT_AND_NO_ACTIVE_GIMPS_ASSIGNMENT,2026-08-08T19:16:24+00:00,UNALLOCATED,,,,,
SLCMP700-2915,2915,2916,317396683,2^317396683-1,STRUCTURAL_SCREEN_EXHAUSTED_PRIMALITY_UNASSIGNED,GF3A_DIRECTIONAL_WRITE_EXHAUSTED_PRIMALITY_UNASSIGNED,514,512,512,NO_RECORDED_FACTOR_PRP_OR_LL_RESULT_AND_NO_ACTIVE_GIMPS_ASSIGNMENT,2026-08-08T19:16:24+00:00,UNALLOCATED,,,,,
SLCMP700-2916,2916,2917,317396689,2^317396689-1,STRUCTURAL_SCREEN_EXHAUSTED_PRIMALITY_UNASSIGNED,GF3A_DIRECTIONAL_WRITE_EXHAUSTED_PRIMALITY_UNASSIGNED,513,512,512,NO_RECORDED_FACTOR_PRP_OR_LL_RESULT_AND_NO_ACTIVE_GIMPS_ASSIGNMENT,2026-08-08T19:16:24+00:00,UNALLOCATED,,,,,
SLCMP700-2917,2917,2918,317396719,2^317396719-1,STRUCTURAL_SCREEN_EXHAUSTED_PRIMALITY_UNASSIGNED,GF3A_DIRECTIONAL_WRITE_EXHAUSTED_PRIMALITY_UNASSIGNED,514,512,512,NO_RECORDED_FACTOR_PRP_OR_LL_RESULT_AND_NO_ACTIVE_GIMPS_ASSIGNMENT,2026-08-08T19:16:24+00:00,UNALLOCATED,,,,,
SLCMP700-2918,2918,2919,317396831,2^317396831-1,STRUCTURAL_SCREEN_EXHAUSTED_PRIMALITY_UNASSIGNED,GF3A_DIRECTIONAL_WRITE_EXHAUSTED_PRIMALITY_UNASSIGNED,514,512,512,NO_RECORDED_FACTOR_PRP_OR_LL_RESULT_AND_NO_ACTIVE_GIMPS_ASSIGNMENT,2026-08-08T19:16:24+00:00,UNALLOCATED,,,,,
SLCMP700-2919,2919,2920,317396923,2^317396923-1,STRUCTURAL_SCREEN_EXHAUSTED_PRIMALITY_UNASSIGNED,GF3A_DIRECTIONAL_WRITE_EXHAUSTED_PRIMALITY_UNASSIGNED,514,512,512,NO_RECORDED_FACTOR_PRP_OR_LL_RESULT_AND_NO_ACTIVE_GIMPS_ASSIGNMENT,2026-08-08T19:16:24+00:00,UNALLOCATED,,,,,
SLCMP700-2920,2920,2921,317396951,2^317396951-1,STRUCTURAL_SCREEN_EXHAUSTED_PRIMALITY_UNASSIGNED,GF3A_DIRECTIONAL_WRITE_EXHAUSTED_PRIMALITY_UNASSIGNED,514,512,512,NO_RECORDED_FACTOR_PRP_OR_LL_RESULT_AND_NO_ACTIVE_GIMPS_ASSIGNMENT,2026-08-08T19:16:24+00:00,UNALLOCATED,,,,,
SLCMP700-2921,2921,2922,317397007,2^317397007-1,STRUCTURAL_SCREEN_EXHAUSTED_PRIMALITY_UNASSIGNED,GF3A_DIRECTIONAL_WRITE_EXHAUSTED_PRIMALITY_UNASSIGNED,514,512,512,NO_RECORDED_FACTOR_PRP_OR_LL_RESULT_AND_NO_ACTIVE_GIMPS_ASSIGNMENT,2026-08-08T19:16:24+00:00,UNALLOCATED,,,,,
SLCMP700-2922,2922,2923,317397037,2^317397037-1,STRUCTURAL_SCREEN_EXHAUSTED_PRIMALITY_UNASSIGNED,GF3A_DIRECTIONAL_WRITE_EXHAUSTED_PRIMALITY_UNASSIGNED,513,512,512,NO_RECORDED_FACTOR_PRP_OR_LL_RESULT_AND_NO_ACTIVE_GIMPS_ASSIGNMENT,2026-08-08T19:16:24+00:00,UNALLOCATED,,,,,
SLCMP700-2923,2923,2924,317397043,2^317397043-1,STRUCTURAL_SCREEN_EXHAUSTED_PRIMALITY_UNASSIGNED,GF3A_DIRECTIONAL_WRITE_EXHAUSTED_PRIMALITY_UNASSIGNED,514,512,512,NO_RECORDED_FACTOR_PRP_OR_LL_RESULT_AND_NO_ACTIVE_GIMPS_ASSIGNMENT,2026-08-08T19:16:24+00:00,UNALLOCATED,,,,,
SLCMP700-2924,2924,2925,317397077,2^317397077-1,STRUCTURAL_SCREEN_EXHAUSTED_PRIMALITY_UNASSIGNED,GF3A_DIRECTIONAL_WRITE_EXHAUSTED_PRIMALITY_UNASSIGNED,513,512,512,NO_RECORDED_FACTOR_PRP_OR_LL_RESULT_AND_NO_ACTIVE_GIMPS_ASSIGNMENT,2026-08-08T19:16:24+00:00,UNALLOCATED,,,,,
SLCMP700-2925,2925,2926,317397121,2^317397121-1,STRUCTURAL_SCREEN_EXHAUSTED_PRIMALITY_UNASSIGNED,GF3A_DIRECTIONAL_WRITE_EXHAUSTED_PRIMALITY_UNASSIGNED,513,512,512,NO_RECORDED_FACTOR_PRP_OR_LL_RESULT_AND_NO_ACTIVE_GIMPS_ASSIGNMENT,2026-08-08T19:16:24+00:00,UNALLOCATED,,,,,
SLCMP700-2926,2926,2927,317397181,2^317397181-1,STRUCTURAL_SCREEN_EXHAUSTED_PRIMALITY_UNASSIGNED,GF3A_DIRECTIONAL_WRITE_EXHAUSTED_PRIMALITY_UNASSIGNED,513,512,512,NO_RECORDED_FACTOR_PRP_OR_LL_RESULT_AND_NO_ACTIVE_GIMPS_ASSIGNMENT,2026-08-08T19:16:24+00:00,UNALLOCATED,,,,,
SLCMP700-2927,2927,2928,317397271,2^317397271-1,STRUCTURAL_SCREEN_EXHAUSTED_PRIMALITY_UNASSIGNED,GF3A_DIRECTIONAL_WRITE_EXHAUSTED_PRIMALITY_UNASSIGNED,514,512,512,NO_RECORDED_FACTOR_PRP_OR_LL_RESULT_AND_NO_ACTIVE_GIMPS_ASSIGNMENT,2026-08-08T19:16:24+00:00,UNALLOCATED,,,,,
SLCMP700-2928,2928,2929,317397329,2^317397329-1,STRUCTURAL_SCREEN_EXHAUSTED_PRIMALITY_UNASSIGNED,GF3A_DIRECTIONAL_WRITE_EXHAUSTED_PRIMALITY_UNASSIGNED,513,512,512,NO_RECORDED_FACTOR_PRP_OR_LL_RESULT_AND_NO_ACTIVE_GIMPS_ASSIGNMENT,2026-08-08T19:16:24+00:00,UNALLOCATED,,,,,
SLCMP700-2929,2929,2930,317397473,2^317397473-1,STRUCTURAL_SCREEN_EXHAUSTED_PRIMALITY_UNASSIGNED,GF3A_DIRECTIONAL_WRITE_EXHAUSTED_PRIMALITY_UNASSIGNED,513,512,512,NO_RECORDED_FACTOR_PRP_OR_LL_RESULT_AND_NO_ACTIVE_GIMPS_ASSIGNMENT,2026-08-08T19:16:24+00:00,UNALLOCATED,,,,,
SLCMP700-2930,2930,2931,317397593,2^317397593-1,STRUCTURAL_SCREEN_EXHAUSTED_PRIMALITY_UNASSIGNED,GF3A_DIRECTIONAL_WRITE_EXHAUSTED_PRIMALITY_UNASSIGNED,513,512,512,NO_RECORDED_FACTOR_PRP_OR_LL_RESULT_AND_NO_ACTIVE_GIMPS_ASSIGNMENT,2026-08-08T19:16:24+00:00,UNALLOCATED,,,,,
SLCMP700-2931,2931,2932,317397617,2^317397617-1,STRUCTURAL_SCREEN_EXHAUSTED_PRIMALITY_UNASSIGNED,GF3A_DIRECTIONAL_WRITE_EXHAUSTED_PRIMALITY_UNASSIGNED,513,512,512,NO_RECORDED_FACTOR_PRP_OR_LL_RESULT_AND_NO_ACTIVE_GIMPS_ASSIGNMENT,2026-08-08T19:16:24+00:00,UNALLOCATED,,,,,
SLCMP700-2932,2932,2933,317397643,2^317397643-1,STRUCTURAL_SCREEN_EXHAUSTED_PRIMALITY_UNASSIGNED,GF3A_DIRECTIONAL_WRITE_EXHAUSTED_PRIMALITY_UNASSIGNED,514,512,512,NO_RECORDED_FACTOR_PRP_OR_LL_RESULT_AND_NO_ACTIVE_GIMPS_ASSIGNMENT,2026-08-08T19:16:24+00:00,UNALLOCATED,,,,,
SLCMP700-2933,2933,2934,317397653,2^317397653-1,STRUCTURAL_SCREEN_EXHAUSTED_PRIMALITY_UNASSIGNED,GF3A_DIRECTIONAL_WRITE_EXHAUSTED_PRIMALITY_UNASSIGNED,513,512,512,NO_RECORDED_FACTOR_PRP_OR_LL_RESULT_AND_NO_ACTIVE_GIMPS_ASSIGNMENT,2026-08-08T19:16:24+00:00,UNALLOCATED,,,,,
SLCMP700-2934,2934,2935,317397683,2^317397683-1,STRUCTURAL_SCREEN_EXHAUSTED_PRIMALITY_UNASSIGNED,GF3A_DIRECTIONAL_WRITE_EXHAUSTED_PRIMALITY_UNASSIGNED,514,512,512,NO_RECORDED_FACTOR_PRP_OR_LL_RESULT_AND_NO_ACTIVE_GIMPS_ASSIGNMENT,2026-08-08T19:16:24+00:00,UNALLOCATED,,,,,
SLCMP700-2935,2935,2936,317397709,2^317397709-1,STRUCTURAL_SCREEN_EXHAUSTED_PRIMALITY_UNASSIGNED,GF3A_DIRECTIONAL_WRITE_EXHAUSTED_PRIMALITY_UNASSIGNED,513,512,512,NO_RECORDED_FACTOR_PRP_OR_LL_RESULT_AND_NO_ACTIVE_GIMPS_ASSIGNMENT,2026-08-08T19:16:24+00:00,UNALLOCATED,,,,,
SLCMP700-2936,2936,2937,317397739,2^317397739-1,STRUCTURAL_SCREEN_EXHAUSTED_PRIMALITY_UNASSIGNED,GF3A_DIRECTIONAL_WRITE_EXHAUSTED_PRIMALITY_UNASSIGNED,514,512,512,NO_RECORDED_FACTOR_PRP_OR_LL_RESULT_AND_NO_ACTIVE_GIMPS_ASSIGNMENT,2026-08-08T19:16:24+00:00,UNALLOCATED,,,,,
SLCMP700-2937,2937,2938,317397767,2^317397767-1,STRUCTURAL_SCREEN_EXHAUSTED_PRIMALITY_UNASSIGNED,GF3A_DIRECTIONAL_WRITE_EXHAUSTED_PRIMALITY_UNASSIGNED,514,512,512,NO_RECORDED_FACTOR_PRP_OR_LL_RESULT_AND_NO_ACTIVE_GIMPS_ASSIGNMENT,2026-08-08T19:16:24+00:00,UNALLOCATED,,,,,
SLCMP700-2938,2938,2939,317397797,2^317397797-1,STRUCTURAL_SCREEN_EXHAUSTED_PRIMALITY_UNASSIGNED,GF3A_DIRECTIONAL_WRITE_EXHAUSTED_PRIMALITY_UNASSIGNED,513,512,512,NO_RECORDED_FACTOR_PRP_OR_LL_RESULT_AND_NO_ACTIVE_GIMPS_ASSIGNMENT,2026-08-08T19:16:24+00:00,UNALLOCATED,,,,,
SLCMP700-2939,2939,2940,317397881,2^317397881-1,STRUCTURAL_SCREEN_EXHAUSTED_PRIMALITY_UNASSIGNED,GF3A_DIRECTIONAL_WRITE_EXHAUSTED_PRIMALITY_UNASSIGNED,513,512,512,NO_RECORDED_FACTOR_PRP_OR_LL_RESULT_AND_NO_ACTIVE_GIMPS_ASSIGNMENT,2026-08-08T19:16:24+00:00,UNALLOCATED,,,,,
SLCMP700-2940,2940,2941,317398049,2^317398049-1,STRUCTURAL_SCREEN_EXHAUSTED_PRIMALITY_UNASSIGNED,GF3A_DIRECTIONAL_WRITE_EXHAUSTED_PRIMALITY_UNASSIGNED,513,512,512,NO_RECORDED_FACTOR_PRP_OR_LL_RESULT_AND_NO_ACTIVE_GIMPS_ASSIGNMENT,2026-08-08T19:16:24+00:00,UNALLOCATED,,,,,
SLCMP700-2941,2941,2942,317398121,2^317398121-1,STRUCTURAL_SCREEN_EXHAUSTED_PRIMALITY_UNASSIGNED,GF3A_DIRECTIONAL_WRITE_EXHAUSTED_PRIMALITY_UNASSIGNED,513,512,512,NO_RECORDED_FACTOR_PRP_OR_LL_RESULT_AND_NO_ACTIVE_GIMPS_ASSIGNMENT,2026-08-08T19:16:24+00:00,UNALLOCATED,,,,,
SLCMP700-2942,2942,2943,317398157,2^317398157-1,STRUCTURAL_SCREEN_EXHAUSTED_PRIMALITY_UNASSIGNED,GF3A_DIRECTIONAL_WRITE_EXHAUSTED_PRIMALITY_UNASSIGNED,513,512,512,NO_RECORDED_FACTOR_PRP_OR_LL_RESULT_AND_NO_ACTIVE_GIMPS_ASSIGNMENT,2026-08-08T19:16:24+00:00,UNALLOCATED,,,,,
SLCMP700-2943,2943,2944,317398163,2^317398163-1,STRUCTURAL_SCREEN_EXHAUSTED_PRIMALITY_UNASSIGNED,GF3A_DIRECTIONAL_WRITE_EXHAUSTED_PRIMALITY_UNASSIGNED,514,512,512,NO_RECORDED_FACTOR_PRP_OR_LL_RESULT_AND_NO_ACTIVE_GIMPS_ASSIGNMENT,2026-08-08T19:16:24+00:00,UNALLOCATED,,,,,
SLCMP700-2944,2944,2945,317398171,2^317398171-1,STRUCTURAL_SCREEN_EXHAUSTED_PRIMALITY_UNASSIGNED,GF3A_DIRECTIONAL_WRITE_EXHAUSTED_PRIMALITY_UNASSIGNED,514,512,512,NO_RECORDED_FACTOR_PRP_OR_LL_RESULT_AND_NO_ACTIVE_GIMPS_ASSIGNMENT,2026-08-08T19:16:24+00:00,UNALLOCATED,,,,,
SLCMP700-2945,2945,2946,317398219,2^317398219-1,STRUCTURAL_SCREEN_EXHAUSTED_PRIMALITY_UNASSIGNED,GF3A_DIRECTIONAL_WRITE_EXHAUSTED_PRIMALITY_UNASSIGNED,514,512,512,NO_RECORDED_FACTOR_PRP_OR_LL_RESULT_AND_NO_ACTIVE_GIMPS_ASSIGNMENT,2026-08-08T19:16:24+00:00,UNALLOCATED,,,,,
SLCMP700-2946,2946,2947,317398309,2^317398309-1,STRUCTURAL_SCREEN_EXHAUSTED_PRIMALITY_UNASSIGNED,GF3A_DIRECTIONAL_WRITE_EXHAUSTED_PRIMALITY_UNASSIGNED,513,512,512,NO_RECORDED_FACTOR_PRP_OR_LL_RESULT_AND_NO_ACTIVE_GIMPS_ASSIGNMENT,2026-08-08T19:16:24+00:00,UNALLOCATED,,,,,
SLCMP700-2947,2947,2948,317398387,2^317398387-1,STRUCTURAL_SCREEN_EXHAUSTED_PRIMALITY_UNASSIGNED,GF3A_DIRECTIONAL_WRITE_EXHAUSTED_PRIMALITY_UNASSIGNED,514,512,512,NO_RECORDED_FACTOR_PRP_OR_LL_RESULT_AND_NO_ACTIVE_GIMPS_ASSIGNMENT,2026-08-08T19:16:24+00:00,UNALLOCATED,,,,,
SLCMP700-2948,2948,2949,317398409,2^317398409-1,STRUCTURAL_SCREEN_EXHAUSTED_PRIMALITY_UNASSIGNED,GF3A_DIRECTIONAL_WRITE_EXHAUSTED_PRIMALITY_UNASSIGNED,513,512,512,NO_RECORDED_FACTOR_PRP_OR_LL_RESULT_AND_NO_ACTIVE_GIMPS_ASSIGNMENT,2026-08-08T19:16:24+00:00,UNALLOCATED,,,,,
SLCMP700-2949,2949,2950,317398421,2^317398421-1,STRUCTURAL_SCREEN_EXHAUSTED_PRIMALITY_UNASSIGNED,GF3A_DIRECTIONAL_WRITE_EXHAUSTED_PRIMALITY_UNASSIGNED,513,512,512,NO_RECORDED_FACTOR_PRP_OR_LL_RESULT_AND_NO_ACTIVE_GIMPS_ASSIGNMENT,2026-08-08T19:16:24+00:00,UNALLOCATED,,,,,
SLCMP700-2950,2950,2951,317398441,2^317398441-1,STRUCTURAL_SCREEN_EXHAUSTED_PRIMALITY_UNASSIGNED,GF3A_DIRECTIONAL_WRITE_EXHAUSTED_PRIMALITY_UNASSIGNED,513,512,512,NO_RECORDED_FACTOR_PRP_OR_LL_RESULT_AND_NO_ACTIVE_GIMPS_ASSIGNMENT,2026-08-08T19:16:24+00:00,UNALLOCATED,,,,,
SLCMP700-2951,2951,2952,317398481,2^317398481-1,STRUCTURAL_SCREEN_EXHAUSTED_PRIMALITY_UNASSIGNED,GF3A_DIRECTIONAL_WRITE_EXHAUSTED_PRIMALITY_UNASSIGNED,513,512,512,NO_RECORDED_FACTOR_PRP_OR_LL_RESULT_AND_NO_ACTIVE_GIMPS_ASSIGNMENT,2026-08-08T19:16:24+00:00,UNALLOCATED,,,,,
SLCMP700-2952,2952,2953,317398489,2^317398489-1,STRUCTURAL_SCREEN_EXHAUSTED_PRIMALITY_UNASSIGNED,GF3A_DIRECTIONAL_WRITE_EXHAUSTED_PRIMALITY_UNASSIGNED,513,512,512,NO_RECORDED_FACTOR_PRP_OR_LL_RESULT_AND_NO_ACTIVE_GIMPS_ASSIGNMENT,2026-08-08T19:16:24+00:00,UNALLOCATED,,,,,
SLCMP700-2953,2953,2954,317398493,2^317398493-1,STRUCTURAL_SCREEN_EXHAUSTED_PRIMALITY_UNASSIGNED,GF3A_DIRECTIONAL_WRITE_EXHAUSTED_PRIMALITY_UNASSIGNED,513,512,512,NO_RECORDED_FACTOR_PRP_OR_LL_RESULT_AND_NO_ACTIVE_GIMPS_ASSIGNMENT,2026-08-08T19:16:24+00:00,UNALLOCATED,,,,,
SLCMP700-2954,2954,2955,317398513,2^317398513-1,STRUCTURAL_SCREEN_EXHAUSTED_PRIMALITY_UNASSIGNED,GF3A_DIRECTIONAL_WRITE_EXHAUSTED_PRIMALITY_UNASSIGNED,513,512,512,NO_RECORDED_FACTOR_PRP_OR_LL_RESULT_AND_NO_ACTIVE_GIMPS_ASSIGNMENT,2026-08-08T19:16:24+00:00,UNALLOCATED,,,,,
SLCMP700-2955,2955,2956,317398621,2^317398621-1,STRUCTURAL_SCREEN_EXHAUSTED_PRIMALITY_UNASSIGNED,GF3A_DIRECTIONAL_WRITE_EXHAUSTED_PRIMALITY_UNASSIGNED,513,512,512,NO_RECORDED_FACTOR_PRP_OR_LL_RESULT_AND_NO_ACTIVE_GIMPS_ASSIGNMENT,2026-08-08T19:16:24+00:00,UNALLOCATED,,,,,
SLCMP700-2956,2956,2957,317398639,2^317398639-1,STRUCTURAL_SCREEN_EXHAUSTED_PRIMALITY_UNASSIGNED,GF3A_DIRECTIONAL_WRITE_EXHAUSTED_PRIMALITY_UNASSIGNED,514,512,512,NO_RECORDED_FACTOR_PRP_OR_LL_RESULT_AND_NO_ACTIVE_GIMPS_ASSIGNMENT,2026-08-08T19:16:24+00:00,UNALLOCATED,,,,,
SLCMP700-2957,2957,2958,317398673,2^317398673-1,STRUCTURAL_SCREEN_EXHAUSTED_PRIMALITY_UNASSIGNED,GF3A_DIRECTIONAL_WRITE_EXHAUSTED_PRIMALITY_UNASSIGNED,513,512,512,NO_RECORDED_FACTOR_PRP_OR_LL_RESULT_AND_NO_ACTIVE_GIMPS_ASSIGNMENT,2026-08-08T19:16:24+00:00,UNALLOCATED,,,,,
SLCMP700-2958,2958,2959,317398747,2^317398747-1,STRUCTURAL_SCREEN_EXHAUSTED_PRIMALITY_UNASSIGNED,GF3A_DIRECTIONAL_WRITE_EXHAUSTED_PRIMALITY_UNASSIGNED,514,512,512,NO_RECORDED_FACTOR_PRP_OR_LL_RESULT_AND_NO_ACTIVE_GIMPS_ASSIGNMENT,2026-08-08T19:16:24+00:00,UNALLOCATED,,,,,
SLCMP700-2959,2959,2960,317398759,2^317398759-1,STRUCTURAL_SCREEN_EXHAUSTED_PRIMALITY_UNASSIGNED,GF3A_DIRECTIONAL_WRITE_EXHAUSTED_PRIMALITY_UNASSIGNED,514,512,512,NO_RECORDED_FACTOR_PRP_OR_LL_RESULT_AND_NO_ACTIVE_GIMPS_ASSIGNMENT,2026-08-08T19:16:24+00:00,UNALLOCATED,,,,,
SLCMP700-2960,2960,2961,317398771,2^317398771-1,STRUCTURAL_SCREEN_EXHAUSTED_PRIMALITY_UNASSIGNED,GF3A_DIRECTIONAL_WRITE_EXHAUSTED_PRIMALITY_UNASSIGNED,514,512,512,NO_RECORDED_FACTOR_PRP_OR_LL_RESULT_AND_NO_ACTIVE_GIMPS_ASSIGNMENT,2026-08-08T19:16:24+00:00,UNALLOCATED,,,,,
SLCMP700-2961,2961,2962,317398811,2^317398811-1,STRUCTURAL_SCREEN_EXHAUSTED_PRIMALITY_UNASSIGNED,GF3A_DIRECTIONAL_WRITE_EXHAUSTED_PRIMALITY_UNASSIGNED,514,512,512,NO_RECORDED_FACTOR_PRP_OR_LL_RESULT_AND_NO_ACTIVE_GIMPS_ASSIGNMENT,2026-08-08T19:16:24+00:00,UNALLOCATED,,,,,
SLCMP700-2962,2962,2963,317398883,2^317398883-1,STRUCTURAL_SCREEN_EXHAUSTED_PRIMALITY_UNASSIGNED,GF3A_DIRECTIONAL_WRITE_EXHAUSTED_PRIMALITY_UNASSIGNED,514,512,512,NO_RECORDED_FACTOR_PRP_OR_LL_RESULT_AND_NO_ACTIVE_GIMPS_ASSIGNMENT,2026-08-08T19:16:24+00:00,UNALLOCATED,,,,,
SLCMP700-2963,2963,2964,317398909,2^317398909-1,STRUCTURAL_SCREEN_EXHAUSTED_PRIMALITY_UNASSIGNED,GF3A_DIRECTIONAL_WRITE_EXHAUSTED_PRIMALITY_UNASSIGNED,513,512,512,NO_RECORDED_FACTOR_PRP_OR_LL_RESULT_AND_NO_ACTIVE_GIMPS_ASSIGNMENT,2026-08-08T19:16:24+00:00,UNALLOCATED,,,,,
SLCMP700-2964,2964,2965,317399053,2^317399053-1,STRUCTURAL_SCREEN_EXHAUSTED_PRIMALITY_UNASSIGNED,GF3A_DIRECTIONAL_WRITE_EXHAUSTED_PRIMALITY_UNASSIGNED,513,512,512,NO_RECORDED_FACTOR_PRP_OR_LL_RESULT_AND_NO_ACTIVE_GIMPS_ASSIGNMENT,2026-08-08T19:16:24+00:00,UNALLOCATED,,,,,
SLCMP700-2965,2965,2966,317399101,2^317399101-1,STRUCTURAL_SCREEN_EXHAUSTED_PRIMALITY_UNASSIGNED,GF3A_DIRECTIONAL_WRITE_EXHAUSTED_PRIMALITY_UNASSIGNED,513,512,512,NO_RECORDED_FACTOR_PRP_OR_LL_RESULT_AND_NO_ACTIVE_GIMPS_ASSIGNMENT,2026-08-08T19:16:24+00:00,UNALLOCATED,,,,,
SLCMP700-2966,2966,2967,317399191,2^317399191-1,STRUCTURAL_SCREEN_EXHAUSTED_PRIMALITY_UNASSIGNED,GF3A_DIRECTIONAL_WRITE_EXHAUSTED_PRIMALITY_UNASSIGNED,514,512,512,NO_RECORDED_FACTOR_PRP_OR_LL_RESULT_AND_NO_ACTIVE_GIMPS_ASSIGNMENT,2026-08-08T19:16:24+00:00,UNALLOCATED,,,,,
SLCMP700-2967,2967,2968,317399219,2^317399219-1,STRUCTURAL_SCREEN_EXHAUSTED_PRIMALITY_UNASSIGNED,GF3A_DIRECTIONAL_WRITE_EXHAUSTED_PRIMALITY_UNASSIGNED,514,512,512,NO_RECORDED_FACTOR_PRP_OR_LL_RESULT_AND_NO_ACTIVE_GIMPS_ASSIGNMENT,2026-08-08T19:16:24+00:00,UNALLOCATED,,,,,
SLCMP700-2968,2968,2969,317399233,2^317399233-1,STRUCTURAL_SCREEN_EXHAUSTED_PRIMALITY_UNASSIGNED,GF3A_DIRECTIONAL_WRITE_EXHAUSTED_PRIMALITY_UNASSIGNED,513,512,512,NO_RECORDED_FACTOR_PRP_OR_LL_RESULT_AND_NO_ACTIVE_GIMPS_ASSIGNMENT,2026-08-08T19:16:24+00:00,UNALLOCATED,,,,,
SLCMP700-2969,2969,2970,317399249,2^317399249-1,STRUCTURAL_SCREEN_EXHAUSTED_PRIMALITY_UNASSIGNED,GF3A_DIRECTIONAL_WRITE_EXHAUSTED_PRIMALITY_UNASSIGNED,513,512,512,NO_RECORDED_FACTOR_PRP_OR_LL_RESULT_AND_NO_ACTIVE_GIMPS_ASSIGNMENT,2026-08-08T19:16:24+00:00,UNALLOCATED,,,,,
SLCMP700-2970,2970,2971,317399263,2^317399263-1,STRUCTURAL_SCREEN_EXHAUSTED_PRIMALITY_UNASSIGNED,GF3A_DIRECTIONAL_WRITE_EXHAUSTED_PRIMALITY_UNASSIGNED,514,512,512,NO_RECORDED_FACTOR_PRP_OR_LL_RESULT_AND_NO_ACTIVE_GIMPS_ASSIGNMENT,2026-08-08T19:16:24+00:00,UNALLOCATED,,,,,
SLCMP700-2971,2971,2972,317399281,2^317399281-1,STRUCTURAL_SCREEN_EXHAUSTED_PRIMALITY_UNASSIGNED,GF3A_DIRECTIONAL_WRITE_EXHAUSTED_PRIMALITY_UNASSIGNED,513,512,512,NO_RECORDED_FACTOR_PRP_OR_LL_RESULT_AND_NO_ACTIVE_GIMPS_ASSIGNMENT,2026-08-08T19:16:24+00:00,UNALLOCATED,,,,,
SLCMP700-2972,2972,2973,317399293,2^317399293-1,STRUCTURAL_SCREEN_EXHAUSTED_PRIMALITY_UNASSIGNED,GF3A_DIRECTIONAL_WRITE_EXHAUSTED_PRIMALITY_UNASSIGNED,513,512,512,NO_RECORDED_FACTOR_PRP_OR_LL_RESULT_AND_NO_ACTIVE_GIMPS_ASSIGNMENT,2026-08-08T19:16:24+00:00,UNALLOCATED,,,,,
SLCMP700-2973,2973,2974,317399321,2^317399321-1,STRUCTURAL_SCREEN_EXHAUSTED_PRIMALITY_UNASSIGNED,GF3A_DIRECTIONAL_WRITE_EXHAUSTED_PRIMALITY_UNASSIGNED,513,512,512,NO_RECORDED_FACTOR_PRP_OR_LL_RESULT_AND_NO_ACTIVE_GIMPS_ASSIGNMENT,2026-08-08T19:16:24+00:00,UNALLOCATED,,,,,
SLCMP700-2974,2974,2975,317399347,2^317399347-1,STRUCTURAL_SCREEN_EXHAUSTED_PRIMALITY_UNASSIGNED,GF3A_DIRECTIONAL_WRITE_EXHAUSTED_PRIMALITY_UNASSIGNED,514,512,512,NO_RECORDED_FACTOR_PRP_OR_LL_RESULT_AND_NO_ACTIVE_GIMPS_ASSIGNMENT,2026-08-08T19:16:24+00:00,UNALLOCATED,,,,,
SLCMP700-2975,2975,2976,317399441,2^317399441-1,STRUCTURAL_SCREEN_EXHAUSTED_PRIMALITY_UNASSIGNED,GF3A_DIRECTIONAL_WRITE_EXHAUSTED_PRIMALITY_UNASSIGNED,513,512,512,NO_RECORDED_FACTOR_PRP_OR_LL_RESULT_AND_NO_ACTIVE_GIMPS_ASSIGNMENT,2026-08-08T19:16:24+00:00,UNALLOCATED,,,,,
SLCMP700-2976,2976,2977,317399473,2^317399473-1,STRUCTURAL_SCREEN_EXHAUSTED_PRIMALITY_UNASSIGNED,GF3A_DIRECTIONAL_WRITE_EXHAUSTED_PRIMALITY_UNASSIGNED,513,512,512,NO_RECORDED_FACTOR_PRP_OR_LL_RESULT_AND_NO_ACTIVE_GIMPS_ASSIGNMENT,2026-08-08T19:16:24+00:00,UNALLOCATED,,,,,
SLCMP700-2977,2977,2978,317399497,2^317399497-1,STRUCTURAL_SCREEN_EXHAUSTED_PRIMALITY_UNASSIGNED,GF3A_DIRECTIONAL_WRITE_EXHAUSTED_PRIMALITY_UNASSIGNED,513,512,512,NO_RECORDED_FACTOR_PRP_OR_LL_RESULT_AND_NO_ACTIVE_GIMPS_ASSIGNMENT,2026-08-08T19:16:24+00:00,UNALLOCATED,,,,,
SLCMP700-2978,2978,2979,317399513,2^317399513-1,STRUCTURAL_SCREEN_EXHAUSTED_PRIMALITY_UNASSIGNED,GF3A_DIRECTIONAL_WRITE_EXHAUSTED_PRIMALITY_UNASSIGNED,513,512,512,NO_RECORDED_FACTOR_PRP_OR_LL_RESULT_AND_NO_ACTIVE_GIMPS_ASSIGNMENT,2026-08-08T19:16:24+00:00,UNALLOCATED,,,,,
SLCMP700-2979,2979,2980,317399561,2^317399561-1,STRUCTURAL_SCREEN_EXHAUSTED_PRIMALITY_UNASSIGNED,GF3A_DIRECTIONAL_WRITE_EXHAUSTED_PRIMALITY_UNASSIGNED,513,512,512,NO_RECORDED_FACTOR_PRP_OR_LL_RESULT_AND_NO_ACTIVE_GIMPS_ASSIGNMENT,2026-08-08T19:16:24+00:00,UNALLOCATED,,,,,
SLCMP700-2980,2980,2981,317399581,2^317399581-1,STRUCTURAL_SCREEN_EXHAUSTED_PRIMALITY_UNASSIGNED,GF3A_DIRECTIONAL_WRITE_EXHAUSTED_PRIMALITY_UNASSIGNED,513,512,512,NO_RECORDED_FACTOR_PRP_OR_LL_RESULT_AND_NO_ACTIVE_GIMPS_ASSIGNMENT,2026-08-08T19:16:24+00:00,UNALLOCATED,,,,,
SLCMP700-2981,2981,2982,317399591,2^317399591-1,STRUCTURAL_SCREEN_EXHAUSTED_PRIMALITY_UNASSIGNED,GF3A_DIRECTIONAL_WRITE_EXHAUSTED_PRIMALITY_UNASSIGNED,514,512,512,NO_RECORDED_FACTOR_PRP_OR_LL_RESULT_AND_NO_ACTIVE_GIMPS_ASSIGNMENT,2026-08-08T19:16:24+00:00,UNALLOCATED,,,,,
SLCMP700-2982,2982,2983,317399603,2^317399603-1,STRUCTURAL_SCREEN_EXHAUSTED_PRIMALITY_UNASSIGNED,GF3A_DIRECTIONAL_WRITE_EXHAUSTED_PRIMALITY_UNASSIGNED,514,512,512,NO_RECORDED_FACTOR_PRP_OR_LL_RESULT_AND_NO_ACTIVE_GIMPS_ASSIGNMENT,2026-08-08T19:16:24+00:00,UNALLOCATED,,,,,
SLCMP700-2983,2983,2984,317399611,2^317399611-1,STRUCTURAL_SCREEN_EXHAUSTED_PRIMALITY_UNASSIGNED,GF3A_DIRECTIONAL_WRITE_EXHAUSTED_PRIMALITY_UNASSIGNED,514,512,512,NO_RECORDED_FACTOR_PRP_OR_LL_RESULT_AND_NO_ACTIVE_GIMPS_ASSIGNMENT,2026-08-08T19:16:24+00:00,UNALLOCATED,,,,,
SLCMP700-2984,2984,2985,317399659,2^317399659-1,STRUCTURAL_SCREEN_EXHAUSTED_PRIMALITY_UNASSIGNED,GF3A_DIRECTIONAL_WRITE_EXHAUSTED_PRIMALITY_UNASSIGNED,514,512,512,NO_RECORDED_FACTOR_PRP_OR_LL_RESULT_AND_NO_ACTIVE_GIMPS_ASSIGNMENT,2026-08-08T19:16:24+00:00,UNALLOCATED,,,,,
SLCMP700-2985,2985,2986,317399773,2^317399773-1,STRUCTURAL_SCREEN_EXHAUSTED_PRIMALITY_UNASSIGNED,GF3A_DIRECTIONAL_WRITE_EXHAUSTED_PRIMALITY_UNASSIGNED,513,512,512,NO_RECORDED_FACTOR_PRP_OR_LL_RESULT_AND_NO_ACTIVE_GIMPS_ASSIGNMENT,2026-08-08T19:16:24+00:00,UNALLOCATED,,,,,
SLCMP700-2986,2986,2987,317399777,2^317399777-1,STRUCTURAL_SCREEN_EXHAUSTED_PRIMALITY_UNASSIGNED,GF3A_DIRECTIONAL_WRITE_EXHAUSTED_PRIMALITY_UNASSIGNED,513,512,512,NO_RECORDED_FACTOR_PRP_OR_LL_RESULT_AND_NO_ACTIVE_GIMPS_ASSIGNMENT,2026-08-08T19:16:24+00:00,UNALLOCATED,,,,,
SLCMP700-2987,2987,2988,317399783,2^317399783-1,STRUCTURAL_SCREEN_EXHAUSTED_PRIMALITY_UNASSIGNED,GF3A_DIRECTIONAL_WRITE_EXHAUSTED_PRIMALITY_UNASSIGNED,514,512,512,NO_RECORDED_FACTOR_PRP_OR_LL_RESULT_AND_NO_ACTIVE_GIMPS_ASSIGNMENT,2026-08-08T19:16:24+00:00,UNALLOCATED,,,,,
SLCMP700-2988,2988,2989,317399857,2^317399857-1,STRUCTURAL_SCREEN_EXHAUSTED_PRIMALITY_UNASSIGNED,GF3A_DIRECTIONAL_WRITE_EXHAUSTED_PRIMALITY_UNASSIGNED,513,512,512,NO_RECORDED_FACTOR_PRP_OR_LL_RESULT_AND_NO_ACTIVE_GIMPS_ASSIGNMENT,2026-08-08T19:16:24+00:00,UNALLOCATED,,,,,
SLCMP700-2989,2989,2990,317399923,2^317399923-1,STRUCTURAL_SCREEN_EXHAUSTED_PRIMALITY_UNASSIGNED,GF3A_DIRECTIONAL_WRITE_EXHAUSTED_PRIMALITY_UNASSIGNED,514,512,512,NO_RECORDED_FACTOR_PRP_OR_LL_RESULT_AND_NO_ACTIVE_GIMPS_ASSIGNMENT,2026-08-08T19:16:24+00:00,UNALLOCATED,,,,,
SLCMP700-2990,2990,2991,317399947,2^317399947-1,STRUCTURAL_SCREEN_EXHAUSTED_PRIMALITY_UNASSIGNED,GF3A_DIRECTIONAL_WRITE_EXHAUSTED_PRIMALITY_UNASSIGNED,514,512,512,NO_RECORDED_FACTOR_PRP_OR_LL_RESULT_AND_NO_ACTIVE_GIMPS_ASSIGNMENT,2026-08-08T19:16:24+00:00,UNALLOCATED,,,,,
SLCMP700-2991,2991,2992,317400001,2^317400001-1,STRUCTURAL_SCREEN_EXHAUSTED_PRIMALITY_UNASSIGNED,GF3A_DIRECTIONAL_WRITE_EXHAUSTED_PRIMALITY_UNASSIGNED,513,512,512,NO_RECORDED_FACTOR_PRP_OR_LL_RESULT_AND_NO_ACTIVE_GIMPS_ASSIGNMENT,2026-08-08T19:16:24+00:00,UNALLOCATED,,,,,
SLCMP700-2992,2992,2993,317400029,2^317400029-1,STRUCTURAL_SCREEN_EXHAUSTED_PRIMALITY_UNASSIGNED,GF3A_DIRECTIONAL_WRITE_EXHAUSTED_PRIMALITY_UNASSIGNED,513,512,512,NO_RECORDED_FACTOR_PRP_OR_LL_RESULT_AND_NO_ACTIVE_GIMPS_ASSIGNMENT,2026-08-08T19:16:24+00:00,UNALLOCATED,,,,,
SLCMP700-2993,2993,2994,317400211,2^317400211-1,STRUCTURAL_SCREEN_EXHAUSTED_PRIMALITY_UNASSIGNED,GF3A_DIRECTIONAL_WRITE_EXHAUSTED_PRIMALITY_UNASSIGNED,514,512,512,NO_RECORDED_FACTOR_PRP_OR_LL_RESULT_AND_NO_ACTIVE_GIMPS_ASSIGNMENT,2026-08-08T19:16:24+00:00,UNALLOCATED,,,,,
SLCMP700-2994,2994,2995,317400287,2^317400287-1,STRUCTURAL_SCREEN_EXHAUSTED_PRIMALITY_UNASSIGNED,GF3A_DIRECTIONAL_WRITE_EXHAUSTED_PRIMALITY_UNASSIGNED,514,512,512,NO_RECORDED_FACTOR_PRP_OR_LL_RESULT_AND_NO_ACTIVE_GIMPS_ASSIGNMENT,2026-08-08T19:16:24+00:00,UNALLOCATED,,,,,
SLCMP700-2995,2995,2996,317400313,2^317400313-1,STRUCTURAL_SCREEN_EXHAUSTED_PRIMALITY_UNASSIGNED,GF3A_DIRECTIONAL_WRITE_EXHAUSTED_PRIMALITY_UNASSIGNED,513,512,512,NO_RECORDED_FACTOR_PRP_OR_LL_RESULT_AND_NO_ACTIVE_GIMPS_ASSIGNMENT,2026-08-08T19:16:24+00:00,UNALLOCATED,,,,,
SLCMP700-2996,2996,2997,317400407,2^317400407-1,STRUCTURAL_SCREEN_EXHAUSTED_PRIMALITY_UNASSIGNED,GF3A_DIRECTIONAL_WRITE_EXHAUSTED_PRIMALITY_UNASSIGNED,514,512,512,NO_RECORDED_FACTOR_PRP_OR_LL_RESULT_AND_NO_ACTIVE_GIMPS_ASSIGNMENT,2026-08-08T19:16:24+00:00,UNALLOCATED,,,,,
SLCMP700-2997,2997,2998,317400449,2^317400449-1,STRUCTURAL_SCREEN_EXHAUSTED_PRIMALITY_UNASSIGNED,GF3A_DIRECTIONAL_WRITE_EXHAUSTED_PRIMALITY_UNASSIGNED,513,512,512,NO_RECORDED_FACTOR_PRP_OR_LL_RESULT_AND_NO_ACTIVE_GIMPS_ASSIGNMENT,2026-08-08T19:16:24+00:00,UNALLOCATED,,,,,
SLCMP700-2998,2998,2999,317400469,2^317400469-1,STRUCTURAL_SCREEN_EXHAUSTED_PRIMALITY_UNASSIGNED,GF3A_DIRECTIONAL_WRITE_EXHAUSTED_PRIMALITY_UNASSIGNED,513,512,512,NO_RECORDED_FACTOR_PRP_OR_LL_RESULT_AND_NO_ACTIVE_GIMPS_ASSIGNMENT,2026-08-08T19:16:24+00:00,UNALLOCATED,,,,,
SLCMP700-2999,2999,3000,317400527,2^317400527-1,STRUCTURAL_SCREEN_EXHAUSTED_PRIMALITY_UNASSIGNED,GF3A_DIRECTIONAL_WRITE_EXHAUSTED_PRIMALITY_UNASSIGNED,514,512,512,NO_RECORDED_FACTOR_PRP_OR_LL_RESULT_AND_NO_ACTIVE_GIMPS_ASSIGNMENT,2026-08-08T19:16:24+00:00,UNALLOCATED,,,,,
SLCMP700-3000,3000,3001,317400547,2^317400547-1,STRUCTURAL_SCREEN_EXHAUSTED_PRIMALITY_UNASSIGNED,GF3A_DIRECTIONAL_WRITE_EXHAUSTED_PRIMALITY_UNASSIGNED,514,512,512,NO_RECORDED_FACTOR_PRP_OR_LL_RESULT_AND_NO_ACTIVE_GIMPS_ASSIGNMENT,2026-08-08T19:16:24+00:00,UNALLOCATED,,,,,
SLCMP700-3001,3001,3002,317400779,2^317400779-1,STRUCTURAL_SCREEN_EXHAUSTED_PRIMALITY_UNASSIGNED,GF3A_DIRECTIONAL_WRITE_EXHAUSTED_PRIMALITY_UNASSIGNED,514,512,512,NO_RECORDED_FACTOR_PRP_OR_LL_RESULT_AND_NO_ACTIVE_GIMPS_ASSIGNMENT,2026-08-08T19:16:24+00:00,UNALLOCATED,,,,,
SLCMP700-3002,3002,3003,317400799,2^317400799-1,STRUCTURAL_SCREEN_EXHAUSTED_PRIMALITY_UNASSIGNED,GF3A_DIRECTIONAL_WRITE_EXHAUSTED_PRIMALITY_UNASSIGNED,514,512,512,NO_RECORDED_FACTOR_PRP_OR_LL_RESULT_AND_NO_ACTIVE_GIMPS_ASSIGNMENT,2026-08-08T19:16:24+00:00,UNALLOCATED,,,,,
SLCMP700-3003,3003,3004,317400857,2^317400857-1,STRUCTURAL_SCREEN_EXHAUSTED_PRIMALITY_UNASSIGNED,GF3A_DIRECTIONAL_WRITE_EXHAUSTED_PRIMALITY_UNASSIGNED,513,512,512,NO_RECORDED_FACTOR_PRP_OR_LL_RESULT_AND_NO_ACTIVE_GIMPS_ASSIGNMENT,2026-08-08T19:16:24+00:00,UNALLOCATED,,,,,
SLCMP700-3004,3004,3005,317400859,2^317400859-1,STRUCTURAL_SCREEN_EXHAUSTED_PRIMALITY_UNASSIGNED,GF3A_DIRECTIONAL_WRITE_EXHAUSTED_PRIMALITY_UNASSIGNED,514,512,512,NO_RECORDED_FACTOR_PRP_OR_LL_RESULT_AND_NO_ACTIVE_GIMPS_ASSIGNMENT,2026-08-08T19:16:24+00:00,UNALLOCATED,,,,,
SLCMP700-3005,3005,3006,317400877,2^317400877-1,STRUCTURAL_SCREEN_EXHAUSTED_PRIMALITY_UNASSIGNED,GF3A_DIRECTIONAL_WRITE_EXHAUSTED_PRIMALITY_UNASSIGNED,513,512,512,NO_RECORDED_FACTOR_PRP_OR_LL_RESULT_AND_NO_ACTIVE_GIMPS_ASSIGNMENT,2026-08-08T19:16:24+00:00,UNALLOCATED,,,,,
SLCMP700-3006,3006,3007,317400887,2^317400887-1,STRUCTURAL_SCREEN_EXHAUSTED_PRIMALITY_UNASSIGNED,GF3A_DIRECTIONAL_WRITE_EXHAUSTED_PRIMALITY_UNASSIGNED,514,512,512,NO_RECORDED_FACTOR_PRP_OR_LL_RESULT_AND_NO_ACTIVE_GIMPS_ASSIGNMENT,2026-08-08T19:16:24+00:00,UNALLOCATED,,,,,
SLCMP700-3007,3007,3008,317400961,2^317400961-1,STRUCTURAL_SCREEN_EXHAUSTED_PRIMALITY_UNASSIGNED,GF3A_DIRECTIONAL_WRITE_EXHAUSTED_PRIMALITY_UNASSIGNED,513,512,512,NO_RECORDED_FACTOR_PRP_OR_LL_RESULT_AND_NO_ACTIVE_GIMPS_ASSIGNMENT,2026-08-08T19:16:24+00:00,UNALLOCATED,,,,,
SLCMP700-3008,3008,3009,317400973,2^317400973-1,STRUCTURAL_SCREEN_EXHAUSTED_PRIMALITY_UNASSIGNED,GF3A_DIRECTIONAL_WRITE_EXHAUSTED_PRIMALITY_UNASSIGNED,513,512,512,NO_RECORDED_FACTOR_PRP_OR_LL_RESULT_AND_NO_ACTIVE_GIMPS_ASSIGNMENT,2026-08-08T19:16:24+00:00,UNALLOCATED,,,,,
SLCMP700-3009,3009,3010,317401001,2^317401001-1,STRUCTURAL_SCREEN_EXHAUSTED_PRIMALITY_UNASSIGNED,GF3A_DIRECTIONAL_WRITE_EXHAUSTED_PRIMALITY_UNASSIGNED,513,512,512,NO_RECORDED_FACTOR_PRP_OR_LL_RESULT_AND_NO_ACTIVE_GIMPS_ASSIGNMENT,2026-08-08T19:16:24+00:00,UNALLOCATED,,,,,
SLCMP700-3010,3010,3011,317401031,2^317401031-1,STRUCTURAL_SCREEN_EXHAUSTED_PRIMALITY_UNASSIGNED,GF3A_DIRECTIONAL_WRITE_EXHAUSTED_PRIMALITY_UNASSIGNED,514,512,512,NO_RECORDED_FACTOR_PRP_OR_LL_RESULT_AND_NO_ACTIVE_GIMPS_ASSIGNMENT,2026-08-08T19:16:24+00:00,UNALLOCATED,,,,,
SLCMP700-3011,3011,3012,317401087,2^317401087-1,STRUCTURAL_SCREEN_EXHAUSTED_PRIMALITY_UNASSIGNED,GF3A_DIRECTIONAL_WRITE_EXHAUSTED_PRIMALITY_UNASSIGNED,514,512,512,NO_RECORDED_FACTOR_PRP_OR_LL_RESULT_AND_NO_ACTIVE_GIMPS_ASSIGNMENT,2026-08-08T19:16:24+00:00,UNALLOCATED,,,,,
SLCMP700-3012,3012,3013,317401121,2^317401121-1,STRUCTURAL_SCREEN_EXHAUSTED_PRIMALITY_UNASSIGNED,GF3A_DIRECTIONAL_WRITE_EXHAUSTED_PRIMALITY_UNASSIGNED,513,512,512,NO_RECORDED_FACTOR_PRP_OR_LL_RESULT_AND_NO_ACTIVE_GIMPS_ASSIGNMENT,2026-08-08T19:16:24+00:00,UNALLOCATED,,,,,
SLCMP700-3013,3013,3014,317401129,2^317401129-1,STRUCTURAL_SCREEN_EXHAUSTED_PRIMALITY_UNASSIGNED,GF3A_DIRECTIONAL_WRITE_EXHAUSTED_PRIMALITY_UNASSIGNED,513,512,512,NO_RECORDED_FACTOR_PRP_OR_LL_RESULT_AND_NO_ACTIVE_GIMPS_ASSIGNMENT,2026-08-08T19:16:24+00:00,UNALLOCATED,,,,,
SLCMP700-3014,3014,3015,317401163,2^317401163-1,STRUCTURAL_SCREEN_EXHAUSTED_PRIMALITY_UNASSIGNED,GF3A_DIRECTIONAL_WRITE_EXHAUSTED_PRIMALITY_UNASSIGNED,514,512,512,NO_RECORDED_FACTOR_PRP_OR_LL_RESULT_AND_NO_ACTIVE_GIMPS_ASSIGNMENT,2026-08-08T19:16:24+00:00,UNALLOCATED,,,,,
SLCMP700-3015,3015,3016,317401277,2^317401277-1,STRUCTURAL_SCREEN_EXHAUSTED_PRIMALITY_UNASSIGNED,GF3A_DIRECTIONAL_WRITE_EXHAUSTED_PRIMALITY_UNASSIGNED,513,512,512,NO_RECORDED_FACTOR_PRP_OR_LL_RESULT_AND_NO_ACTIVE_GIMPS_ASSIGNMENT,2026-08-08T19:16:24+00:00,UNALLOCATED,,,,,
SLCMP700-3016,3016,3017,317401283,2^317401283-1,STRUCTURAL_SCREEN_EXHAUSTED_PRIMALITY_UNASSIGNED,GF3A_DIRECTIONAL_WRITE_EXHAUSTED_PRIMALITY_UNASSIGNED,514,512,512,NO_RECORDED_FACTOR_PRP_OR_LL_RESULT_AND_NO_ACTIVE_GIMPS_ASSIGNMENT,2026-08-08T19:16:24+00:00,UNALLOCATED,,,,,
SLCMP700-3017,3017,3018,317401421,2^317401421-1,STRUCTURAL_SCREEN_EXHAUSTED_PRIMALITY_UNASSIGNED,GF3A_DIRECTIONAL_WRITE_EXHAUSTED_PRIMALITY_UNASSIGNED,513,512,512,NO_RECORDED_FACTOR_PRP_OR_LL_RESULT_AND_NO_ACTIVE_GIMPS_ASSIGNMENT,2026-08-08T19:16:24+00:00,UNALLOCATED,,,,,
SLCMP700-3018,3018,3019,317401561,2^317401561-1,STRUCTURAL_SCREEN_EXHAUSTED_PRIMALITY_UNASSIGNED,GF3A_DIRECTIONAL_WRITE_EXHAUSTED_PRIMALITY_UNASSIGNED,513,512,512,NO_RECORDED_FACTOR_PRP_OR_LL_RESULT_AND_NO_ACTIVE_GIMPS_ASSIGNMENT,2026-08-08T19:16:24+00:00,UNALLOCATED,,,,,
SLCMP700-3019,3019,3020,317401621,2^317401621-1,STRUCTURAL_SCREEN_EXHAUSTED_PRIMALITY_UNASSIGNED,GF3A_DIRECTIONAL_WRITE_EXHAUSTED_PRIMALITY_UNASSIGNED,513,512,512,NO_RECORDED_FACTOR_PRP_OR_LL_RESULT_AND_NO_ACTIVE_GIMPS_ASSIGNMENT,2026-08-08T19:16:24+00:00,UNALLOCATED,,,,,
SLCMP700-3020,3020,3021,317401709,2^317401709-1,STRUCTURAL_SCREEN_EXHAUSTED_PRIMALITY_UNASSIGNED,GF3A_DIRECTIONAL_WRITE_EXHAUSTED_PRIMALITY_UNASSIGNED,513,512,512,NO_RECORDED_FACTOR_PRP_OR_LL_RESULT_AND_NO_ACTIVE_GIMPS_ASSIGNMENT,2026-08-08T19:16:24+00:00,UNALLOCATED,,,,,
SLCMP700-3021,3021,3022,317401741,2^317401741-1,STRUCTURAL_SCREEN_EXHAUSTED_PRIMALITY_UNASSIGNED,GF3A_DIRECTIONAL_WRITE_EXHAUSTED_PRIMALITY_UNASSIGNED,513,512,512,NO_RECORDED_FACTOR_PRP_OR_LL_RESULT_AND_NO_ACTIVE_GIMPS_ASSIGNMENT,2026-08-08T19:16:24+00:00,UNALLOCATED,,,,,
SLCMP700-3022,3022,3023,317401823,2^317401823-1,STRUCTURAL_SCREEN_EXHAUSTED_PRIMALITY_UNASSIGNED,GF3A_DIRECTIONAL_WRITE_EXHAUSTED_PRIMALITY_UNASSIGNED,514,512,512,NO_RECORDED_FACTOR_PRP_OR_LL_RESULT_AND_NO_ACTIVE_GIMPS_ASSIGNMENT,2026-08-08T19:16:24+00:00,UNALLOCATED,,,,,
SLCMP700-3023,3023,3024,317401871,2^317401871-1,STRUCTURAL_SCREEN_EXHAUSTED_PRIMALITY_UNASSIGNED,GF3A_DIRECTIONAL_WRITE_EXHAUSTED_PRIMALITY_UNASSIGNED,514,512,512,NO_RECORDED_FACTOR_PRP_OR_LL_RESULT_AND_NO_ACTIVE_GIMPS_ASSIGNMENT,2026-08-08T19:16:24+00:00,UNALLOCATED,,,,,
SLCMP700-3024,3024,3025,317401937,2^317401937-1,STRUCTURAL_SCREEN_EXHAUSTED_PRIMALITY_UNASSIGNED,GF3A_DIRECTIONAL_WRITE_EXHAUSTED_PRIMALITY_UNASSIGNED,513,512,512,NO_RECORDED_FACTOR_PRP_OR_LL_RESULT_AND_NO_ACTIVE_GIMPS_ASSIGNMENT,2026-08-08T19:16:24+00:00,UNALLOCATED,,,,,
SLCMP700-3025,3025,3026,317401949,2^317401949-1,STRUCTURAL_SCREEN_EXHAUSTED_PRIMALITY_UNASSIGNED,GF3A_DIRECTIONAL_WRITE_EXHAUSTED_PRIMALITY_UNASSIGNED,513,512,512,NO_RECORDED_FACTOR_PRP_OR_LL_RESULT_AND_NO_ACTIVE_GIMPS_ASSIGNMENT,2026-08-08T19:16:24+00:00,UNALLOCATED,,,,,
SLCMP700-3026,3026,3027,317401957,2^317401957-1,STRUCTURAL_SCREEN_EXHAUSTED_PRIMALITY_UNASSIGNED,GF3A_DIRECTIONAL_WRITE_EXHAUSTED_PRIMALITY_UNASSIGNED,513,512,512,NO_RECORDED_FACTOR_PRP_OR_LL_RESULT_AND_NO_ACTIVE_GIMPS_ASSIGNMENT,2026-08-08T19:16:24+00:00,UNALLOCATED,,,,,
SLCMP700-3027,3027,3028,317401993,2^317401993-1,STRUCTURAL_SCREEN_EXHAUSTED_PRIMALITY_UNASSIGNED,GF3A_DIRECTIONAL_WRITE_EXHAUSTED_PRIMALITY_UNASSIGNED,513,512,512,NO_RECORDED_FACTOR_PRP_OR_LL_RESULT_AND_NO_ACTIVE_GIMPS_ASSIGNMENT,2026-08-08T19:16:24+00:00,UNALLOCATED,,,,,
SLCMP700-3028,3028,3029,317401999,2^317401999-1,STRUCTURAL_SCREEN_EXHAUSTED_PRIMALITY_UNASSIGNED,GF3A_DIRECTIONAL_WRITE_EXHAUSTED_PRIMALITY_UNASSIGNED,514,512,512,NO_RECORDED_FACTOR_PRP_OR_LL_RESULT_AND_NO_ACTIVE_GIMPS_ASSIGNMENT,2026-08-08T19:16:24+00:00,UNALLOCATED,,,,,
SLCMP700-3029,3029,3030,317402089,2^317402089-1,STRUCTURAL_SCREEN_EXHAUSTED_PRIMALITY_UNASSIGNED,GF3A_DIRECTIONAL_WRITE_EXHAUSTED_PRIMALITY_UNASSIGNED,513,512,512,NO_RECORDED_FACTOR_PRP_OR_LL_RESULT_AND_NO_ACTIVE_GIMPS_ASSIGNMENT,2026-08-08T19:16:24+00:00,UNALLOCATED,,,,,
SLCMP700-3030,3030,3031,317402101,2^317402101-1,STRUCTURAL_SCREEN_EXHAUSTED_PRIMALITY_UNASSIGNED,GF3A_DIRECTIONAL_WRITE_EXHAUSTED_PRIMALITY_UNASSIGNED,513,512,512,NO_RECORDED_FACTOR_PRP_OR_LL_RESULT_AND_NO_ACTIVE_GIMPS_ASSIGNMENT,2026-08-08T19:16:24+00:00,UNALLOCATED,,,,,
SLCMP700-3031,3031,3032,317402357,2^317402357-1,STRUCTURAL_SCREEN_EXHAUSTED_PRIMALITY_UNASSIGNED,GF3A_DIRECTIONAL_WRITE_EXHAUSTED_PRIMALITY_UNASSIGNED,513,512,512,NO_RECORDED_FACTOR_PRP_OR_LL_RESULT_AND_NO_ACTIVE_GIMPS_ASSIGNMENT,2026-08-08T19:16:24+00:00,UNALLOCATED,,,,,
SLCMP700-3032,3032,3033,317402377,2^317402377-1,STRUCTURAL_SCREEN_EXHAUSTED_PRIMALITY_UNASSIGNED,GF3A_DIRECTIONAL_WRITE_EXHAUSTED_PRIMALITY_UNASSIGNED,513,512,512,NO_RECORDED_FACTOR_PRP_OR_LL_RESULT_AND_NO_ACTIVE_GIMPS_ASSIGNMENT,2026-08-08T19:16:24+00:00,UNALLOCATED,,,,,
SLCMP700-3033,3033,3034,317402509,2^317402509-1,STRUCTURAL_SCREEN_EXHAUSTED_PRIMALITY_UNASSIGNED,GF3A_DIRECTIONAL_WRITE_EXHAUSTED_PRIMALITY_UNASSIGNED,513,512,512,NO_RECORDED_FACTOR_PRP_OR_LL_RESULT_AND_NO_ACTIVE_GIMPS_ASSIGNMENT,2026-08-08T19:16:24+00:00,UNALLOCATED,,,,,
SLCMP700-3034,3034,3035,317402549,2^317402549-1,STRUCTURAL_SCREEN_EXHAUSTED_PRIMALITY_UNASSIGNED,GF3A_DIRECTIONAL_WRITE_EXHAUSTED_PRIMALITY_UNASSIGNED,513,512,512,NO_RECORDED_FACTOR_PRP_OR_LL_RESULT_AND_NO_ACTIVE_GIMPS_ASSIGNMENT,2026-08-08T19:16:24+00:00,UNALLOCATED,,,,,
SLCMP700-3035,3035,3036,317402567,2^317402567-1,STRUCTURAL_SCREEN_EXHAUSTED_PRIMALITY_UNASSIGNED,GF3A_DIRECTIONAL_WRITE_EXHAUSTED_PRIMALITY_UNASSIGNED,514,512,512,NO_RECORDED_FACTOR_PRP_OR_LL_RESULT_AND_NO_ACTIVE_GIMPS_ASSIGNMENT,2026-08-08T19:16:24+00:00,UNALLOCATED,,,,,
SLCMP700-3036,3036,3037,317402611,2^317402611-1,STRUCTURAL_SCREEN_EXHAUSTED_PRIMALITY_UNASSIGNED,GF3A_DIRECTIONAL_WRITE_EXHAUSTED_PRIMALITY_UNASSIGNED,514,512,512,NO_RECORDED_FACTOR_PRP_OR_LL_RESULT_AND_NO_ACTIVE_GIMPS_ASSIGNMENT,2026-08-08T19:16:24+00:00,UNALLOCATED,,,,,
SLCMP700-3037,3037,3038,317402633,2^317402633-1,STRUCTURAL_SCREEN_EXHAUSTED_PRIMALITY_UNASSIGNED,GF3A_DIRECTIONAL_WRITE_EXHAUSTED_PRIMALITY_UNASSIGNED,513,512,512,NO_RECORDED_FACTOR_PRP_OR_LL_RESULT_AND_NO_ACTIVE_GIMPS_ASSIGNMENT,2026-08-08T19:16:24+00:00,UNALLOCATED,,,,,
SLCMP700-3038,3038,3039,317402639,2^317402639-1,STRUCTURAL_SCREEN_EXHAUSTED_PRIMALITY_UNASSIGNED,GF3A_DIRECTIONAL_WRITE_EXHAUSTED_PRIMALITY_UNASSIGNED,514,512,512,NO_RECORDED_FACTOR_PRP_OR_LL_RESULT_AND_NO_ACTIVE_GIMPS_ASSIGNMENT,2026-08-08T19:16:24+00:00,UNALLOCATED,,,,,
SLCMP700-3039,3039,3040,317402641,2^317402641-1,STRUCTURAL_SCREEN_EXHAUSTED_PRIMALITY_UNASSIGNED,GF3A_DIRECTIONAL_WRITE_EXHAUSTED_PRIMALITY_UNASSIGNED,513,512,512,NO_RECORDED_FACTOR_PRP_OR_LL_RESULT_AND_NO_ACTIVE_GIMPS_ASSIGNMENT,2026-08-08T19:16:24+00:00,UNALLOCATED,,,,,
SLCMP700-3040,3040,3041,317402647,2^317402647-1,STRUCTURAL_SCREEN_EXHAUSTED_PRIMALITY_UNASSIGNED,GF3A_DIRECTIONAL_WRITE_EXHAUSTED_PRIMALITY_UNASSIGNED,514,512,512,NO_RECORDED_FACTOR_PRP_OR_LL_RESULT_AND_NO_ACTIVE_GIMPS_ASSIGNMENT,2026-08-08T19:16:24+00:00,UNALLOCATED,,,,,
SLCMP700-3041,3041,3042,317402741,2^317402741-1,STRUCTURAL_SCREEN_EXHAUSTED_PRIMALITY_UNASSIGNED,GF3A_DIRECTIONAL_WRITE_EXHAUSTED_PRIMALITY_UNASSIGNED,513,512,512,NO_RECORDED_FACTOR_PRP_OR_LL_RESULT_AND_NO_ACTIVE_GIMPS_ASSIGNMENT,2026-08-08T19:16:24+00:00,UNALLOCATED,,,,,
SLCMP700-3042,3042,3043,317402777,2^317402777-1,STRUCTURAL_SCREEN_EXHAUSTED_PRIMALITY_UNASSIGNED,GF3A_DIRECTIONAL_WRITE_EXHAUSTED_PRIMALITY_UNASSIGNED,513,512,512,NO_RECORDED_FACTOR_PRP_OR_LL_RESULT_AND_NO_ACTIVE_GIMPS_ASSIGNMENT,2026-08-08T19:16:24+00:00,UNALLOCATED,,,,,
SLCMP700-3043,3043,3044,317402779,2^317402779-1,STRUCTURAL_SCREEN_EXHAUSTED_PRIMALITY_UNASSIGNED,GF3A_DIRECTIONAL_WRITE_EXHAUSTED_PRIMALITY_UNASSIGNED,514,512,512,NO_RECORDED_FACTOR_PRP_OR_LL_RESULT_AND_NO_ACTIVE_GIMPS_ASSIGNMENT,2026-08-08T19:16:24+00:00,UNALLOCATED,,,,,
SLCMP700-3044,3044,3045,317402861,2^317402861-1,STRUCTURAL_SCREEN_EXHAUSTED_PRIMALITY_UNASSIGNED,GF3A_DIRECTIONAL_WRITE_EXHAUSTED_PRIMALITY_UNASSIGNED,513,512,512,NO_RECORDED_FACTOR_PRP_OR_LL_RESULT_AND_NO_ACTIVE_GIMPS_ASSIGNMENT,2026-08-08T19:16:24+00:00,UNALLOCATED,,,,,
SLCMP700-3045,3045,3046,317402887,2^317402887-1,STRUCTURAL_SCREEN_EXHAUSTED_PRIMALITY_UNASSIGNED,GF3A_DIRECTIONAL_WRITE_EXHAUSTED_PRIMALITY_UNASSIGNED,514,512,512,NO_RECORDED_FACTOR_PRP_OR_LL_RESULT_AND_NO_ACTIVE_GIMPS_ASSIGNMENT,2026-08-08T19:16:24+00:00,UNALLOCATED,,,,,
SLCMP700-3046,3046,3047,317402957,2^317402957-1,STRUCTURAL_SCREEN_EXHAUSTED_PRIMALITY_UNASSIGNED,GF3A_DIRECTIONAL_WRITE_EXHAUSTED_PRIMALITY_UNASSIGNED,513,512,512,NO_RECORDED_FACTOR_PRP_OR_LL_RESULT_AND_NO_ACTIVE_GIMPS_ASSIGNMENT,2026-08-08T19:16:24+00:00,UNALLOCATED,,,,,
SLCMP700-3047,3047,3048,317402959,2^317402959-1,STRUCTURAL_SCREEN_EXHAUSTED_PRIMALITY_UNASSIGNED,GF3A_DIRECTIONAL_WRITE_EXHAUSTED_PRIMALITY_UNASSIGNED,514,512,512,NO_RECORDED_FACTOR_PRP_OR_LL_RESULT_AND_NO_ACTIVE_GIMPS_ASSIGNMENT,2026-08-08T19:16:24+00:00,UNALLOCATED,,,,,
SLCMP700-3048,3048,3049,317403001,2^317403001-1,STRUCTURAL_SCREEN_EXHAUSTED_PRIMALITY_UNASSIGNED,GF3A_DIRECTIONAL_WRITE_EXHAUSTED_PRIMALITY_UNASSIGNED,513,512,512,NO_RECORDED_FACTOR_PRP_OR_LL_RESULT_AND_NO_ACTIVE_GIMPS_ASSIGNMENT,2026-08-08T19:16:24+00:00,UNALLOCATED,,,,,
SLCMP700-3049,3049,3050,317403019,2^317403019-1,STRUCTURAL_SCREEN_EXHAUSTED_PRIMALITY_UNASSIGNED,GF3A_DIRECTIONAL_WRITE_EXHAUSTED_PRIMALITY_UNASSIGNED,514,512,512,NO_RECORDED_FACTOR_PRP_OR_LL_RESULT_AND_NO_ACTIVE_GIMPS_ASSIGNMENT,2026-08-08T19:16:24+00:00,UNALLOCATED,,,,,
SLCMP700-3050,3050,3051,317403133,2^317403133-1,STRUCTURAL_SCREEN_EXHAUSTED_PRIMALITY_UNASSIGNED,GF3A_DIRECTIONAL_WRITE_EXHAUSTED_PRIMALITY_UNASSIGNED,513,512,512,NO_RECORDED_FACTOR_PRP_OR_LL_RESULT_AND_NO_ACTIVE_GIMPS_ASSIGNMENT,2026-08-08T19:16:24+00:00,UNALLOCATED,,,,,
SLCMP700-3051,3051,3052,317403161,2^317403161-1,STRUCTURAL_SCREEN_EXHAUSTED_PRIMALITY_UNASSIGNED,GF3A_DIRECTIONAL_WRITE_EXHAUSTED_PRIMALITY_UNASSIGNED,513,512,512,NO_RECORDED_FACTOR_PRP_OR_LL_RESULT_AND_NO_ACTIVE_GIMPS_ASSIGNMENT,2026-08-08T19:16:24+00:00,UNALLOCATED,,,,,
SLCMP700-3052,3052,3053,317403211,2^317403211-1,STRUCTURAL_SCREEN_EXHAUSTED_PRIMALITY_UNASSIGNED,GF3A_DIRECTIONAL_WRITE_EXHAUSTED_PRIMALITY_UNASSIGNED,514,512,512,NO_RECORDED_FACTOR_PRP_OR_LL_RESULT_AND_NO_ACTIVE_GIMPS_ASSIGNMENT,2026-08-08T19:16:24+00:00,UNALLOCATED,,,,,
SLCMP700-3053,3053,3054,317403239,2^317403239-1,STRUCTURAL_SCREEN_EXHAUSTED_PRIMALITY_UNASSIGNED,GF3A_DIRECTIONAL_WRITE_EXHAUSTED_PRIMALITY_UNASSIGNED,514,512,512,NO_RECORDED_FACTOR_PRP_OR_LL_RESULT_AND_NO_ACTIVE_GIMPS_ASSIGNMENT,2026-08-08T19:16:24+00:00,UNALLOCATED,,,,,
SLCMP700-3054,3054,3055,317403257,2^317403257-1,STRUCTURAL_SCREEN_EXHAUSTED_PRIMALITY_UNASSIGNED,GF3A_DIRECTIONAL_WRITE_EXHAUSTED_PRIMALITY_UNASSIGNED,513,512,512,NO_RECORDED_FACTOR_PRP_OR_LL_RESULT_AND_NO_ACTIVE_GIMPS_ASSIGNMENT,2026-08-08T19:16:24+00:00,UNALLOCATED,,,,,
SLCMP700-3055,3055,3056,317403433,2^317403433-1,STRUCTURAL_SCREEN_EXHAUSTED_PRIMALITY_UNASSIGNED,GF3A_DIRECTIONAL_WRITE_EXHAUSTED_PRIMALITY_UNASSIGNED,513,512,512,NO_RECORDED_FACTOR_PRP_OR_LL_RESULT_AND_NO_ACTIVE_GIMPS_ASSIGNMENT,2026-08-08T19:16:24+00:00,UNALLOCATED,,,,,
SLCMP700-3056,3056,3057,317403469,2^317403469-1,STRUCTURAL_SCREEN_EXHAUSTED_PRIMALITY_UNASSIGNED,GF3A_DIRECTIONAL_WRITE_EXHAUSTED_PRIMALITY_UNASSIGNED,513,512,512,NO_RECORDED_FACTOR_PRP_OR_LL_RESULT_AND_NO_ACTIVE_GIMPS_ASSIGNMENT,2026-08-08T19:16:24+00:00,UNALLOCATED,,,,,
SLCMP700-3057,3057,3058,317403577,2^317403577-1,STRUCTURAL_SCREEN_EXHAUSTED_PRIMALITY_UNASSIGNED,GF3A_DIRECTIONAL_WRITE_EXHAUSTED_PRIMALITY_UNASSIGNED,513,512,512,NO_RECORDED_FACTOR_PRP_OR_LL_RESULT_AND_NO_ACTIVE_GIMPS_ASSIGNMENT,2026-08-08T19:16:24+00:00,UNALLOCATED,,,,,
SLCMP700-3058,3058,3059,317403689,2^317403689-1,STRUCTURAL_SCREEN_EXHAUSTED_PRIMALITY_UNASSIGNED,GF3A_DIRECTIONAL_WRITE_EXHAUSTED_PRIMALITY_UNASSIGNED,513,512,512,NO_RECORDED_FACTOR_PRP_OR_LL_RESULT_AND_NO_ACTIVE_GIMPS_ASSIGNMENT,2026-08-08T19:16:24+00:00,UNALLOCATED,,,,,
SLCMP700-3059,3059,3060,317403733,2^317403733-1,STRUCTURAL_SCREEN_EXHAUSTED_PRIMALITY_UNASSIGNED,GF3A_DIRECTIONAL_WRITE_EXHAUSTED_PRIMALITY_UNASSIGNED,513,512,512,NO_RECORDED_FACTOR_PRP_OR_LL_RESULT_AND_NO_ACTIVE_GIMPS_ASSIGNMENT,2026-08-08T19:16:24+00:00,UNALLOCATED,,,,,
SLCMP700-3060,3060,3061,317403799,2^317403799-1,STRUCTURAL_SCREEN_EXHAUSTED_PRIMALITY_UNASSIGNED,GF3A_DIRECTIONAL_WRITE_EXHAUSTED_PRIMALITY_UNASSIGNED,514,512,512,NO_RECORDED_FACTOR_PRP_OR_LL_RESULT_AND_NO_ACTIVE_GIMPS_ASSIGNMENT,2026-08-08T19:16:24+00:00,UNALLOCATED,,,,,
SLCMP700-3061,3061,3062,317403809,2^317403809-1,STRUCTURAL_SCREEN_EXHAUSTED_PRIMALITY_UNASSIGNED,GF3A_DIRECTIONAL_WRITE_EXHAUSTED_PRIMALITY_UNASSIGNED,513,512,512,NO_RECORDED_FACTOR_PRP_OR_LL_RESULT_AND_NO_ACTIVE_GIMPS_ASSIGNMENT,2026-08-08T19:16:24+00:00,UNALLOCATED,,,,,
SLCMP700-3062,3062,3063,317403817,2^317403817-1,STRUCTURAL_SCREEN_EXHAUSTED_PRIMALITY_UNASSIGNED,GF3A_DIRECTIONAL_WRITE_EXHAUSTED_PRIMALITY_UNASSIGNED,513,512,512,NO_RECORDED_FACTOR_PRP_OR_LL_RESULT_AND_NO_ACTIVE_GIMPS_ASSIGNMENT,2026-08-08T19:16:24+00:00,UNALLOCATED,,,,,
SLCMP700-3063,3063,3064,317403829,2^317403829-1,STRUCTURAL_SCREEN_EXHAUSTED_PRIMALITY_UNASSIGNED,GF3A_DIRECTIONAL_WRITE_EXHAUSTED_PRIMALITY_UNASSIGNED,513,512,512,NO_RECORDED_FACTOR_PRP_OR_LL_RESULT_AND_NO_ACTIVE_GIMPS_ASSIGNMENT,2026-08-08T19:16:24+00:00,UNALLOCATED,,,,,
SLCMP700-3064,3064,3065,317403881,2^317403881-1,STRUCTURAL_SCREEN_EXHAUSTED_PRIMALITY_UNASSIGNED,GF3A_DIRECTIONAL_WRITE_EXHAUSTED_PRIMALITY_UNASSIGNED,513,512,512,NO_RECORDED_FACTOR_PRP_OR_LL_RESULT_AND_NO_ACTIVE_GIMPS_ASSIGNMENT,2026-08-08T19:16:24+00:00,UNALLOCATED,,,,,
SLCMP700-3065,3065,3066,317403997,2^317403997-1,STRUCTURAL_SCREEN_EXHAUSTED_PRIMALITY_UNASSIGNED,GF3A_DIRECTIONAL_WRITE_EXHAUSTED_PRIMALITY_UNASSIGNED,513,512,512,NO_RECORDED_FACTOR_PRP_OR_LL_RESULT_AND_NO_ACTIVE_GIMPS_ASSIGNMENT,2026-08-08T19:16:24+00:00,UNALLOCATED,,,,,
SLCMP700-3066,3066,3067,317404013,2^317404013-1,STRUCTURAL_SCREEN_EXHAUSTED_PRIMALITY_UNASSIGNED,GF3A_DIRECTIONAL_WRITE_EXHAUSTED_PRIMALITY_UNASSIGNED,513,512,512,NO_RECORDED_FACTOR_PRP_OR_LL_RESULT_AND_NO_ACTIVE_GIMPS_ASSIGNMENT,2026-08-08T19:16:24+00:00,UNALLOCATED,,,,,
SLCMP700-3067,3067,3068,317404039,2^317404039-1,STRUCTURAL_SCREEN_EXHAUSTED_PRIMALITY_UNASSIGNED,GF3A_DIRECTIONAL_WRITE_EXHAUSTED_PRIMALITY_UNASSIGNED,514,512,512,NO_RECORDED_FACTOR_PRP_OR_LL_RESULT_AND_NO_ACTIVE_GIMPS_ASSIGNMENT,2026-08-08T19:16:24+00:00,UNALLOCATED,,,,,
SLCMP700-3068,3068,3069,317404057,2^317404057-1,STRUCTURAL_SCREEN_EXHAUSTED_PRIMALITY_UNASSIGNED,GF3A_DIRECTIONAL_WRITE_EXHAUSTED_PRIMALITY_UNASSIGNED,513,512,512,NO_RECORDED_FACTOR_PRP_OR_LL_RESULT_AND_NO_ACTIVE_GIMPS_ASSIGNMENT,2026-08-08T19:16:24+00:00,UNALLOCATED,,,,,
SLCMP700-3069,3069,3070,317404103,2^317404103-1,STRUCTURAL_SCREEN_EXHAUSTED_PRIMALITY_UNASSIGNED,GF3A_DIRECTIONAL_WRITE_EXHAUSTED_PRIMALITY_UNASSIGNED,514,512,512,NO_RECORDED_FACTOR_PRP_OR_LL_RESULT_AND_NO_ACTIVE_GIMPS_ASSIGNMENT,2026-08-08T19:16:24+00:00,UNALLOCATED,,,,,
SLCMP700-3070,3070,3071,317404111,2^317404111-1,STRUCTURAL_SCREEN_EXHAUSTED_PRIMALITY_UNASSIGNED,GF3A_DIRECTIONAL_WRITE_EXHAUSTED_PRIMALITY_UNASSIGNED,514,512,512,NO_RECORDED_FACTOR_PRP_OR_LL_RESULT_AND_NO_ACTIVE_GIMPS_ASSIGNMENT,2026-08-08T19:16:24+00:00,UNALLOCATED,,,,,
SLCMP700-3071,3071,3072,317404123,2^317404123-1,STRUCTURAL_SCREEN_EXHAUSTED_PRIMALITY_UNASSIGNED,GF3A_DIRECTIONAL_WRITE_EXHAUSTED_PRIMALITY_UNASSIGNED,514,512,512,NO_RECORDED_FACTOR_PRP_OR_LL_RESULT_AND_NO_ACTIVE_GIMPS_ASSIGNMENT,2026-08-08T19:16:24+00:00,UNALLOCATED,,,,,
SLCMP700-3072,3072,3073,317404169,2^317404169-1,STRUCTURAL_SCREEN_EXHAUSTED_PRIMALITY_UNASSIGNED,GF3A_DIRECTIONAL_WRITE_EXHAUSTED_PRIMALITY_UNASSIGNED,513,512,512,NO_RECORDED_FACTOR_PRP_OR_LL_RESULT_AND_NO_ACTIVE_GIMPS_ASSIGNMENT,2026-08-08T19:16:24+00:00,UNALLOCATED,,,,,
SLCMP700-3073,3073,3074,317404181,2^317404181-1,STRUCTURAL_SCREEN_EXHAUSTED_PRIMALITY_UNASSIGNED,GF3A_DIRECTIONAL_WRITE_EXHAUSTED_PRIMALITY_UNASSIGNED,513,512,512,NO_RECORDED_FACTOR_PRP_OR_LL_RESULT_AND_NO_ACTIVE_GIMPS_ASSIGNMENT,2026-08-08T19:16:24+00:00,UNALLOCATED,,,,,
SLCMP700-3074,3074,3075,317404187,2^317404187-1,STRUCTURAL_SCREEN_EXHAUSTED_PRIMALITY_UNASSIGNED,GF3A_DIRECTIONAL_WRITE_EXHAUSTED_PRIMALITY_UNASSIGNED,514,512,512,NO_RECORDED_FACTOR_PRP_OR_LL_RESULT_AND_NO_ACTIVE_GIMPS_ASSIGNMENT,2026-08-08T19:16:24+00:00,UNALLOCATED,,,,,
SLCMP700-3075,3075,3076,317404211,2^317404211-1,STRUCTURAL_SCREEN_EXHAUSTED_PRIMALITY_UNASSIGNED,GF3A_DIRECTIONAL_WRITE_EXHAUSTED_PRIMALITY_UNASSIGNED,514,512,512,NO_RECORDED_FACTOR_PRP_OR_LL_RESULT_AND_NO_ACTIVE_GIMPS_ASSIGNMENT,2026-08-08T19:16:24+00:00,UNALLOCATED,,,,,
SLCMP700-3076,3076,3077,317404261,2^317404261-1,STRUCTURAL_SCREEN_EXHAUSTED_PRIMALITY_UNASSIGNED,GF3A_DIRECTIONAL_WRITE_EXHAUSTED_PRIMALITY_UNASSIGNED,513,512,512,NO_RECORDED_FACTOR_PRP_OR_LL_RESULT_AND_NO_ACTIVE_GIMPS_ASSIGNMENT,2026-08-08T19:16:24+00:00,UNALLOCATED,,,,,
SLCMP700-3077,3077,3078,317404277,2^317404277-1,STRUCTURAL_SCREEN_EXHAUSTED_PRIMALITY_UNASSIGNED,GF3A_DIRECTIONAL_WRITE_EXHAUSTED_PRIMALITY_UNASSIGNED,513,512,512,NO_RECORDED_FACTOR_PRP_OR_LL_RESULT_AND_NO_ACTIVE_GIMPS_ASSIGNMENT,2026-08-08T19:16:24+00:00,UNALLOCATED,,,,,
SLCMP700-3078,3078,3079,317404313,2^317404313-1,STRUCTURAL_SCREEN_EXHAUSTED_PRIMALITY_UNASSIGNED,GF3A_DIRECTIONAL_WRITE_EXHAUSTED_PRIMALITY_UNASSIGNED,513,512,512,NO_RECORDED_FACTOR_PRP_OR_LL_RESULT_AND_NO_ACTIVE_GIMPS_ASSIGNMENT,2026-08-08T19:16:24+00:00,UNALLOCATED,,,,,
SLCMP700-3079,3079,3080,317404441,2^317404441-1,STRUCTURAL_SCREEN_EXHAUSTED_PRIMALITY_UNASSIGNED,GF3A_DIRECTIONAL_WRITE_EXHAUSTED_PRIMALITY_UNASSIGNED,513,512,512,NO_RECORDED_FACTOR_PRP_OR_LL_RESULT_AND_NO_ACTIVE_GIMPS_ASSIGNMENT,2026-08-08T19:16:24+00:00,UNALLOCATED,,,,,
SLCMP700-3080,3080,3081,317404487,2^317404487-1,STRUCTURAL_SCREEN_EXHAUSTED_PRIMALITY_UNASSIGNED,GF3A_DIRECTIONAL_WRITE_EXHAUSTED_PRIMALITY_UNASSIGNED,514,512,512,NO_RECORDED_FACTOR_PRP_OR_LL_RESULT_AND_NO_ACTIVE_GIMPS_ASSIGNMENT,2026-08-08T19:16:24+00:00,UNALLOCATED,,,,,
SLCMP700-3081,3081,3082,317404499,2^317404499-1,STRUCTURAL_SCREEN_EXHAUSTED_PRIMALITY_UNASSIGNED,GF3A_DIRECTIONAL_WRITE_EXHAUSTED_PRIMALITY_UNASSIGNED,514,512,512,NO_RECORDED_FACTOR_PRP_OR_LL_RESULT_AND_NO_ACTIVE_GIMPS_ASSIGNMENT,2026-08-08T19:16:24+00:00,UNALLOCATED,,,,,
SLCMP700-3082,3082,3083,317404673,2^317404673-1,STRUCTURAL_SCREEN_EXHAUSTED_PRIMALITY_UNASSIGNED,GF3A_DIRECTIONAL_WRITE_EXHAUSTED_PRIMALITY_UNASSIGNED,513,512,512,NO_RECORDED_FACTOR_PRP_OR_LL_RESULT_AND_NO_ACTIVE_GIMPS_ASSIGNMENT,2026-08-08T19:16:24+00:00,UNALLOCATED,,,,,
SLCMP700-3083,3083,3084,317404891,2^317404891-1,STRUCTURAL_SCREEN_EXHAUSTED_PRIMALITY_UNASSIGNED,GF3A_DIRECTIONAL_WRITE_EXHAUSTED_PRIMALITY_UNASSIGNED,514,512,512,NO_RECORDED_FACTOR_PRP_OR_LL_RESULT_AND_NO_ACTIVE_GIMPS_ASSIGNMENT,2026-08-08T19:16:24+00:00,UNALLOCATED,,,,,
SLCMP700-3084,3084,3085,317404931,2^317404931-1,STRUCTURAL_SCREEN_EXHAUSTED_PRIMALITY_UNASSIGNED,GF3A_DIRECTIONAL_WRITE_EXHAUSTED_PRIMALITY_UNASSIGNED,514,512,512,NO_RECORDED_FACTOR_PRP_OR_LL_RESULT_AND_NO_ACTIVE_GIMPS_ASSIGNMENT,2026-08-08T19:16:24+00:00,UNALLOCATED,,,,,
SLCMP700-3085,3085,3086,317404961,2^317404961-1,STRUCTURAL_SCREEN_EXHAUSTED_PRIMALITY_UNASSIGNED,GF3A_DIRECTIONAL_WRITE_EXHAUSTED_PRIMALITY_UNASSIGNED,513,512,512,NO_RECORDED_FACTOR_PRP_OR_LL_RESULT_AND_NO_ACTIVE_GIMPS_ASSIGNMENT,2026-08-08T19:16:24+00:00,UNALLOCATED,,,,,
SLCMP700-3086,3086,3087,317404993,2^317404993-1,STRUCTURAL_SCREEN_EXHAUSTED_PRIMALITY_UNASSIGNED,GF3A_DIRECTIONAL_WRITE_EXHAUSTED_PRIMALITY_UNASSIGNED,513,512,512,NO_RECORDED_FACTOR_PRP_OR_LL_RESULT_AND_NO_ACTIVE_GIMPS_ASSIGNMENT,2026-08-08T19:16:24+00:00,UNALLOCATED,,,,,
SLCMP700-3087,3087,3088,317404999,2^317404999-1,STRUCTURAL_SCREEN_EXHAUSTED_PRIMALITY_UNASSIGNED,GF3A_DIRECTIONAL_WRITE_EXHAUSTED_PRIMALITY_UNASSIGNED,514,512,512,NO_RECORDED_FACTOR_PRP_OR_LL_RESULT_AND_NO_ACTIVE_GIMPS_ASSIGNMENT,2026-08-08T19:16:24+00:00,UNALLOCATED,,,,,
SLCMP700-3088,3088,3089,317405047,2^317405047-1,STRUCTURAL_SCREEN_EXHAUSTED_PRIMALITY_UNASSIGNED,GF3A_DIRECTIONAL_WRITE_EXHAUSTED_PRIMALITY_UNASSIGNED,514,512,512,NO_RECORDED_FACTOR_PRP_OR_LL_RESULT_AND_NO_ACTIVE_GIMPS_ASSIGNMENT,2026-08-08T19:16:24+00:00,UNALLOCATED,,,,,
SLCMP700-3089,3089,3090,317405111,2^317405111-1,STRUCTURAL_SCREEN_EXHAUSTED_PRIMALITY_UNASSIGNED,GF3A_DIRECTIONAL_WRITE_EXHAUSTED_PRIMALITY_UNASSIGNED,514,512,512,NO_RECORDED_FACTOR_PRP_OR_LL_RESULT_AND_NO_ACTIVE_GIMPS_ASSIGNMENT,2026-08-08T19:16:24+00:00,UNALLOCATED,,,,,
SLCMP700-3090,3090,3091,317405189,2^317405189-1,STRUCTURAL_SCREEN_EXHAUSTED_PRIMALITY_UNASSIGNED,GF3A_DIRECTIONAL_WRITE_EXHAUSTED_PRIMALITY_UNASSIGNED,513,512,512,NO_RECORDED_FACTOR_PRP_OR_LL_RESULT_AND_NO_ACTIVE_GIMPS_ASSIGNMENT,2026-08-08T19:16:24+00:00,UNALLOCATED,,,,,
SLCMP700-3091,3091,3092,317405323,2^317405323-1,STRUCTURAL_SCREEN_EXHAUSTED_PRIMALITY_UNASSIGNED,GF3A_DIRECTIONAL_WRITE_EXHAUSTED_PRIMALITY_UNASSIGNED,514,512,512,NO_RECORDED_FACTOR_PRP_OR_LL_RESULT_AND_NO_ACTIVE_GIMPS_ASSIGNMENT,2026-08-08T19:16:24+00:00,UNALLOCATED,,,,,
SLCMP700-3092,3092,3093,317405353,2^317405353-1,STRUCTURAL_SCREEN_EXHAUSTED_PRIMALITY_UNASSIGNED,GF3A_DIRECTIONAL_WRITE_EXHAUSTED_PRIMALITY_UNASSIGNED,513,512,512,NO_RECORDED_FACTOR_PRP_OR_LL_RESULT_AND_NO_ACTIVE_GIMPS_ASSIGNMENT,2026-08-08T19:16:24+00:00,UNALLOCATED,,,,,
SLCMP700-3093,3093,3094,317405381,2^317405381-1,STRUCTURAL_SCREEN_EXHAUSTED_PRIMALITY_UNASSIGNED,GF3A_DIRECTIONAL_WRITE_EXHAUSTED_PRIMALITY_UNASSIGNED,513,512,512,NO_RECORDED_FACTOR_PRP_OR_LL_RESULT_AND_NO_ACTIVE_GIMPS_ASSIGNMENT,2026-08-08T19:16:24+00:00,UNALLOCATED,,,,,
SLCMP700-3094,3094,3095,317405461,2^317405461-1,STRUCTURAL_SCREEN_EXHAUSTED_PRIMALITY_UNASSIGNED,GF3A_DIRECTIONAL_WRITE_EXHAUSTED_PRIMALITY_UNASSIGNED,513,512,512,NO_RECORDED_FACTOR_PRP_OR_LL_RESULT_AND_NO_ACTIVE_GIMPS_ASSIGNMENT,2026-08-08T19:16:24+00:00,UNALLOCATED,,,,,
SLCMP700-3095,3095,3096,317405503,2^317405503-1,STRUCTURAL_SCREEN_EXHAUSTED_PRIMALITY_UNASSIGNED,GF3A_DIRECTIONAL_WRITE_EXHAUSTED_PRIMALITY_UNASSIGNED,514,512,512,NO_RECORDED_FACTOR_PRP_OR_LL_RESULT_AND_NO_ACTIVE_GIMPS_ASSIGNMENT,2026-08-08T19:16:24+00:00,UNALLOCATED,,,,,
SLCMP700-3096,3096,3097,317405567,2^317405567-1,STRUCTURAL_SCREEN_EXHAUSTED_PRIMALITY_UNASSIGNED,GF3A_DIRECTIONAL_WRITE_EXHAUSTED_PRIMALITY_UNASSIGNED,514,512,512,NO_RECORDED_FACTOR_PRP_OR_LL_RESULT_AND_NO_ACTIVE_GIMPS_ASSIGNMENT,2026-08-08T19:16:24+00:00,UNALLOCATED,,,,,
SLCMP700-3097,3097,3098,317405653,2^317405653-1,STRUCTURAL_SCREEN_EXHAUSTED_PRIMALITY_UNASSIGNED,GF3A_DIRECTIONAL_WRITE_EXHAUSTED_PRIMALITY_UNASSIGNED,513,512,512,NO_RECORDED_FACTOR_PRP_OR_LL_RESULT_AND_NO_ACTIVE_GIMPS_ASSIGNMENT,2026-08-08T19:16:24+00:00,UNALLOCATED,,,,,
SLCMP700-3098,3098,3099,317405687,2^317405687-1,STRUCTURAL_SCREEN_EXHAUSTED_PRIMALITY_UNASSIGNED,GF3A_DIRECTIONAL_WRITE_EXHAUSTED_PRIMALITY_UNASSIGNED,514,512,512,NO_RECORDED_FACTOR_PRP_OR_LL_RESULT_AND_NO_ACTIVE_GIMPS_ASSIGNMENT,2026-08-08T19:16:24+00:00,UNALLOCATED,,,,,
SLCMP700-3099,3099,3100,317405729,2^317405729-1,STRUCTURAL_SCREEN_EXHAUSTED_PRIMALITY_UNASSIGNED,GF3A_DIRECTIONAL_WRITE_EXHAUSTED_PRIMALITY_UNASSIGNED,513,512,512,NO_RECORDED_FACTOR_PRP_OR_LL_RESULT_AND_NO_ACTIVE_GIMPS_ASSIGNMENT,2026-08-08T19:16:24+00:00,UNALLOCATED,,,,,
SLCMP700-3100,3100,3101,317405761,2^317405761-1,STRUCTURAL_SCREEN_EXHAUSTED_PRIMALITY_UNASSIGNED,GF3A_DIRECTIONAL_WRITE_EXHAUSTED_PRIMALITY_UNASSIGNED,513,512,512,NO_RECORDED_FACTOR_PRP_OR_LL_RESULT_AND_NO_ACTIVE_GIMPS_ASSIGNMENT,2026-08-08T19:16:24+00:00,UNALLOCATED,,,,,
SLCMP700-3101,3101,3102,317405779,2^317405779-1,STRUCTURAL_SCREEN_EXHAUSTED_PRIMALITY_UNASSIGNED,GF3A_DIRECTIONAL_WRITE_EXHAUSTED_PRIMALITY_UNASSIGNED,514,512,512,NO_RECORDED_FACTOR_PRP_OR_LL_RESULT_AND_NO_ACTIVE_GIMPS_ASSIGNMENT,2026-08-08T19:16:24+00:00,UNALLOCATED,,,,,
SLCMP700-3102,3102,3103,317405947,2^317405947-1,STRUCTURAL_SCREEN_EXHAUSTED_PRIMALITY_UNASSIGNED,GF3A_DIRECTIONAL_WRITE_EXHAUSTED_PRIMALITY_UNASSIGNED,514,512,512,NO_RECORDED_FACTOR_PRP_OR_LL_RESULT_AND_NO_ACTIVE_GIMPS_ASSIGNMENT,2026-08-08T19:16:24+00:00,UNALLOCATED,,,,,
SLCMP700-3103,3103,3104,317405987,2^317405987-1,STRUCTURAL_SCREEN_EXHAUSTED_PRIMALITY_UNASSIGNED,GF3A_DIRECTIONAL_WRITE_EXHAUSTED_PRIMALITY_UNASSIGNED,514,512,512,NO_RECORDED_FACTOR_PRP_OR_LL_RESULT_AND_NO_ACTIVE_GIMPS_ASSIGNMENT,2026-08-08T19:16:24+00:00,UNALLOCATED,,,,,
SLCMP700-3104,3104,3105,317406059,2^317406059-1,STRUCTURAL_SCREEN_EXHAUSTED_PRIMALITY_UNASSIGNED,GF3A_DIRECTIONAL_WRITE_EXHAUSTED_PRIMALITY_UNASSIGNED,514,512,512,NO_RECORDED_FACTOR_PRP_OR_LL_RESULT_AND_NO_ACTIVE_GIMPS_ASSIGNMENT,2026-08-08T19:16:24+00:00,UNALLOCATED,,,,,
SLCMP700-3105,3105,3106,317406097,2^317406097-1,STRUCTURAL_SCREEN_EXHAUSTED_PRIMALITY_UNASSIGNED,GF3A_DIRECTIONAL_WRITE_EXHAUSTED_PRIMALITY_UNASSIGNED,513,512,512,NO_RECORDED_FACTOR_PRP_OR_LL_RESULT_AND_NO_ACTIVE_GIMPS_ASSIGNMENT,2026-08-08T19:16:24+00:00,UNALLOCATED,,,,,
SLCMP700-3106,3106,3107,317406109,2^317406109-1,STRUCTURAL_SCREEN_EXHAUSTED_PRIMALITY_UNASSIGNED,GF3A_DIRECTIONAL_WRITE_EXHAUSTED_PRIMALITY_UNASSIGNED,513,512,512,NO_RECORDED_FACTOR_PRP_OR_LL_RESULT_AND_NO_ACTIVE_GIMPS_ASSIGNMENT,2026-08-08T19:16:24+00:00,UNALLOCATED,,,,,
SLCMP700-3107,3107,3108,317406143,2^317406143-1,STRUCTURAL_SCREEN_EXHAUSTED_PRIMALITY_UNASSIGNED,GF3A_DIRECTIONAL_WRITE_EXHAUSTED_PRIMALITY_UNASSIGNED,514,512,512,NO_RECORDED_FACTOR_PRP_OR_LL_RESULT_AND_NO_ACTIVE_GIMPS_ASSIGNMENT,2026-08-08T19:16:24+00:00,UNALLOCATED,,,,,
SLCMP700-3108,3108,3109,317406163,2^317406163-1,STRUCTURAL_SCREEN_EXHAUSTED_PRIMALITY_UNASSIGNED,GF3A_DIRECTIONAL_WRITE_EXHAUSTED_PRIMALITY_UNASSIGNED,514,512,512,NO_RECORDED_FACTOR_PRP_OR_LL_RESULT_AND_NO_ACTIVE_GIMPS_ASSIGNMENT,2026-08-08T19:16:24+00:00,UNALLOCATED,,,,,
SLCMP700-3109,3109,3110,317406209,2^317406209-1,STRUCTURAL_SCREEN_EXHAUSTED_PRIMALITY_UNASSIGNED,GF3A_DIRECTIONAL_WRITE_EXHAUSTED_PRIMALITY_UNASSIGNED,513,512,512,NO_RECORDED_FACTOR_PRP_OR_LL_RESULT_AND_NO_ACTIVE_GIMPS_ASSIGNMENT,2026-08-08T19:16:24+00:00,UNALLOCATED,,,,,
SLCMP700-3110,3110,3111,317406211,2^317406211-1,STRUCTURAL_SCREEN_EXHAUSTED_PRIMALITY_UNASSIGNED,GF3A_DIRECTIONAL_WRITE_EXHAUSTED_PRIMALITY_UNASSIGNED,514,512,512,NO_RECORDED_FACTOR_PRP_OR_LL_RESULT_AND_NO_ACTIVE_GIMPS_ASSIGNMENT,2026-08-08T19:16:24+00:00,UNALLOCATED,,,,,
SLCMP700-3111,3111,3112,317406277,2^317406277-1,STRUCTURAL_SCREEN_EXHAUSTED_PRIMALITY_UNASSIGNED,GF3A_DIRECTIONAL_WRITE_EXHAUSTED_PRIMALITY_UNASSIGNED,513,512,512,NO_RECORDED_FACTOR_PRP_OR_LL_RESULT_AND_NO_ACTIVE_GIMPS_ASSIGNMENT,2026-08-08T19:16:24+00:00,UNALLOCATED,,,,,
SLCMP700-3112,3112,3113,317406367,2^317406367-1,STRUCTURAL_SCREEN_EXHAUSTED_PRIMALITY_UNASSIGNED,GF3A_DIRECTIONAL_WRITE_EXHAUSTED_PRIMALITY_UNASSIGNED,514,512,512,NO_RECORDED_FACTOR_PRP_OR_LL_RESULT_AND_NO_ACTIVE_GIMPS_ASSIGNMENT,2026-08-08T19:16:24+00:00,UNALLOCATED,,,,,
SLCMP700-3113,3113,3114,317406433,2^317406433-1,STRUCTURAL_SCREEN_EXHAUSTED_PRIMALITY_UNASSIGNED,GF3A_DIRECTIONAL_WRITE_EXHAUSTED_PRIMALITY_UNASSIGNED,513,512,512,NO_RECORDED_FACTOR_PRP_OR_LL_RESULT_AND_NO_ACTIVE_GIMPS_ASSIGNMENT,2026-08-08T19:16:24+00:00,UNALLOCATED,,,,,
SLCMP700-3114,3114,3115,317406469,2^317406469-1,STRUCTURAL_SCREEN_EXHAUSTED_PRIMALITY_UNASSIGNED,GF3A_DIRECTIONAL_WRITE_EXHAUSTED_PRIMALITY_UNASSIGNED,513,512,512,NO_RECORDED_FACTOR_PRP_OR_LL_RESULT_AND_NO_ACTIVE_GIMPS_ASSIGNMENT,2026-08-08T19:16:24+00:00,UNALLOCATED,,,,,
SLCMP700-3115,3115,3116,317406493,2^317406493-1,STRUCTURAL_SCREEN_EXHAUSTED_PRIMALITY_UNASSIGNED,GF3A_DIRECTIONAL_WRITE_EXHAUSTED_PRIMALITY_UNASSIGNED,513,512,512,NO_RECORDED_FACTOR_PRP_OR_LL_RESULT_AND_NO_ACTIVE_GIMPS_ASSIGNMENT,2026-08-08T19:16:24+00:00,UNALLOCATED,,,,,
SLCMP700-3116,3116,3117,317406511,2^317406511-1,STRUCTURAL_SCREEN_EXHAUSTED_PRIMALITY_UNASSIGNED,GF3A_DIRECTIONAL_WRITE_EXHAUSTED_PRIMALITY_UNASSIGNED,514,512,512,NO_RECORDED_FACTOR_PRP_OR_LL_RESULT_AND_NO_ACTIVE_GIMPS_ASSIGNMENT,2026-08-08T19:16:24+00:00,UNALLOCATED,,,,,
SLCMP700-3117,3117,3118,317406517,2^317406517-1,STRUCTURAL_SCREEN_EXHAUSTED_PRIMALITY_UNASSIGNED,GF3A_DIRECTIONAL_WRITE_EXHAUSTED_PRIMALITY_UNASSIGNED,513,512,512,NO_RECORDED_FACTOR_PRP_OR_LL_RESULT_AND_NO_ACTIVE_GIMPS_ASSIGNMENT,2026-08-08T19:16:24+00:00,UNALLOCATED,,,,,
SLCMP700-3118,3118,3119,317406527,2^317406527-1,STRUCTURAL_SCREEN_EXHAUSTED_PRIMALITY_UNASSIGNED,GF3A_DIRECTIONAL_WRITE_EXHAUSTED_PRIMALITY_UNASSIGNED,514,512,512,NO_RECORDED_FACTOR_PRP_OR_LL_RESULT_AND_NO_ACTIVE_GIMPS_ASSIGNMENT,2026-08-08T19:16:24+00:00,UNALLOCATED,,,,,
SLCMP700-3119,3119,3120,317406563,2^317406563-1,STRUCTURAL_SCREEN_EXHAUSTED_PRIMALITY_UNASSIGNED,GF3A_DIRECTIONAL_WRITE_EXHAUSTED_PRIMALITY_UNASSIGNED,514,512,512,NO_RECORDED_FACTOR_PRP_OR_LL_RESULT_AND_NO_ACTIVE_GIMPS_ASSIGNMENT,2026-08-08T19:16:24+00:00,UNALLOCATED,,,,,
SLCMP700-3120,3120,3121,317406599,2^317406599-1,STRUCTURAL_SCREEN_EXHAUSTED_PRIMALITY_UNASSIGNED,GF3A_DIRECTIONAL_WRITE_EXHAUSTED_PRIMALITY_UNASSIGNED,514,512,512,NO_RECORDED_FACTOR_PRP_OR_LL_RESULT_AND_NO_ACTIVE_GIMPS_ASSIGNMENT,2026-08-08T19:16:24+00:00,UNALLOCATED,,,,,
SLCMP700-3121,3121,3122,317406659,2^317406659-1,STRUCTURAL_SCREEN_EXHAUSTED_PRIMALITY_UNASSIGNED,GF3A_DIRECTIONAL_WRITE_EXHAUSTED_PRIMALITY_UNASSIGNED,514,512,512,NO_RECORDED_FACTOR_PRP_OR_LL_RESULT_AND_NO_ACTIVE_GIMPS_ASSIGNMENT,2026-08-08T19:16:24+00:00,UNALLOCATED,,,,,
SLCMP700-3122,3122,3123,317406751,2^317406751-1,STRUCTURAL_SCREEN_EXHAUSTED_PRIMALITY_UNASSIGNED,GF3A_DIRECTIONAL_WRITE_EXHAUSTED_PRIMALITY_UNASSIGNED,514,512,512,NO_RECORDED_FACTOR_PRP_OR_LL_RESULT_AND_NO_ACTIVE_GIMPS_ASSIGNMENT,2026-08-08T19:16:24+00:00,UNALLOCATED,,,,,
SLCMP700-3123,3123,3124,317406773,2^317406773-1,STRUCTURAL_SCREEN_EXHAUSTED_PRIMALITY_UNASSIGNED,GF3A_DIRECTIONAL_WRITE_EXHAUSTED_PRIMALITY_UNASSIGNED,513,512,512,NO_RECORDED_FACTOR_PRP_OR_LL_RESULT_AND_NO_ACTIVE_GIMPS_ASSIGNMENT,2026-08-08T19:16:24+00:00,UNALLOCATED,,,,,
SLCMP700-3124,3124,3125,317406787,2^317406787-1,STRUCTURAL_SCREEN_EXHAUSTED_PRIMALITY_UNASSIGNED,GF3A_DIRECTIONAL_WRITE_EXHAUSTED_PRIMALITY_UNASSIGNED,514,512,512,NO_RECORDED_FACTOR_PRP_OR_LL_RESULT_AND_NO_ACTIVE_GIMPS_ASSIGNMENT,2026-08-08T19:16:24+00:00,UNALLOCATED,,,,,
SLCMP700-3125,3125,3126,317406829,2^317406829-1,STRUCTURAL_SCREEN_EXHAUSTED_PRIMALITY_UNASSIGNED,GF3A_DIRECTIONAL_WRITE_EXHAUSTED_PRIMALITY_UNASSIGNED,513,512,512,NO_RECORDED_FACTOR_PRP_OR_LL_RESULT_AND_NO_ACTIVE_GIMPS_ASSIGNMENT,2026-08-08T19:16:24+00:00,UNALLOCATED,,,,,
SLCMP700-3126,3126,3127,317406893,2^317406893-1,STRUCTURAL_SCREEN_EXHAUSTED_PRIMALITY_UNASSIGNED,GF3A_DIRECTIONAL_WRITE_EXHAUSTED_PRIMALITY_UNASSIGNED,513,512,512,NO_RECORDED_FACTOR_PRP_OR_LL_RESULT_AND_NO_ACTIVE_GIMPS_ASSIGNMENT,2026-08-08T19:16:24+00:00,UNALLOCATED,,,,,
SLCMP700-3127,3127,3128,317406899,2^317406899-1,STRUCTURAL_SCREEN_EXHAUSTED_PRIMALITY_UNASSIGNED,GF3A_DIRECTIONAL_WRITE_EXHAUSTED_PRIMALITY_UNASSIGNED,514,512,512,NO_RECORDED_FACTOR_PRP_OR_LL_RESULT_AND_NO_ACTIVE_GIMPS_ASSIGNMENT,2026-08-08T19:16:24+00:00,UNALLOCATED,,,,,
SLCMP700-3128,3128,3129,317407081,2^317407081-1,STRUCTURAL_SCREEN_EXHAUSTED_PRIMALITY_UNASSIGNED,GF3A_DIRECTIONAL_WRITE_EXHAUSTED_PRIMALITY_UNASSIGNED,513,512,512,NO_RECORDED_FACTOR_PRP_OR_LL_RESULT_AND_NO_ACTIVE_GIMPS_ASSIGNMENT,2026-08-08T19:16:24+00:00,UNALLOCATED,,,,,
SLCMP700-3129,3129,3130,317407231,2^317407231-1,STRUCTURAL_SCREEN_EXHAUSTED_PRIMALITY_UNASSIGNED,GF3A_DIRECTIONAL_WRITE_EXHAUSTED_PRIMALITY_UNASSIGNED,514,512,512,NO_RECORDED_FACTOR_PRP_OR_LL_RESULT_AND_NO_ACTIVE_GIMPS_ASSIGNMENT,2026-08-08T19:16:24+00:00,UNALLOCATED,,,,,
SLCMP700-3130,3130,3131,317407243,2^317407243-1,STRUCTURAL_SCREEN_EXHAUSTED_PRIMALITY_UNASSIGNED,GF3A_DIRECTIONAL_WRITE_EXHAUSTED_PRIMALITY_UNASSIGNED,514,512,512,NO_RECORDED_FACTOR_PRP_OR_LL_RESULT_AND_NO_ACTIVE_GIMPS_ASSIGNMENT,2026-08-08T19:16:24+00:00,UNALLOCATED,,,,,
SLCMP700-3131,3131,3132,317407253,2^317407253-1,STRUCTURAL_SCREEN_EXHAUSTED_PRIMALITY_UNASSIGNED,GF3A_DIRECTIONAL_WRITE_EXHAUSTED_PRIMALITY_UNASSIGNED,513,512,512,NO_RECORDED_FACTOR_PRP_OR_LL_RESULT_AND_NO_ACTIVE_GIMPS_ASSIGNMENT,2026-08-08T19:16:24+00:00,UNALLOCATED,,,,,
SLCMP700-3132,3132,3133,317407303,2^317407303-1,STRUCTURAL_SCREEN_EXHAUSTED_PRIMALITY_UNASSIGNED,GF3A_DIRECTIONAL_WRITE_EXHAUSTED_PRIMALITY_UNASSIGNED,514,512,512,NO_RECORDED_FACTOR_PRP_OR_LL_RESULT_AND_NO_ACTIVE_GIMPS_ASSIGNMENT,2026-08-08T19:16:24+00:00,UNALLOCATED,,,,,
SLCMP700-3133,3133,3134,317407333,2^317407333-1,STRUCTURAL_SCREEN_EXHAUSTED_PRIMALITY_UNASSIGNED,GF3A_DIRECTIONAL_WRITE_EXHAUSTED_PRIMALITY_UNASSIGNED,513,512,512,NO_RECORDED_FACTOR_PRP_OR_LL_RESULT_AND_NO_ACTIVE_GIMPS_ASSIGNMENT,2026-08-08T19:16:24+00:00,UNALLOCATED,,,,,
SLCMP700-3134,3134,3135,317407379,2^317407379-1,STRUCTURAL_SCREEN_EXHAUSTED_PRIMALITY_UNASSIGNED,GF3A_DIRECTIONAL_WRITE_EXHAUSTED_PRIMALITY_UNASSIGNED,514,512,512,NO_RECORDED_FACTOR_PRP_OR_LL_RESULT_AND_NO_ACTIVE_GIMPS_ASSIGNMENT,2026-08-08T19:16:24+00:00,UNALLOCATED,,,,,
SLCMP700-3135,3135,3136,317407393,2^317407393-1,STRUCTURAL_SCREEN_EXHAUSTED_PRIMALITY_UNASSIGNED,GF3A_DIRECTIONAL_WRITE_EXHAUSTED_PRIMALITY_UNASSIGNED,513,512,512,NO_RECORDED_FACTOR_PRP_OR_LL_RESULT_AND_NO_ACTIVE_GIMPS_ASSIGNMENT,2026-08-08T19:16:24+00:00,UNALLOCATED,,,,,
SLCMP700-3136,3136,3137,317407451,2^317407451-1,STRUCTURAL_SCREEN_EXHAUSTED_PRIMALITY_UNASSIGNED,GF3A_DIRECTIONAL_WRITE_EXHAUSTED_PRIMALITY_UNASSIGNED,514,512,512,NO_RECORDED_FACTOR_PRP_OR_LL_RESULT_AND_NO_ACTIVE_GIMPS_ASSIGNMENT,2026-08-08T19:16:24+00:00,UNALLOCATED,,,,,
SLCMP700-3137,3137,3138,317407457,2^317407457-1,STRUCTURAL_SCREEN_EXHAUSTED_PRIMALITY_UNASSIGNED,GF3A_DIRECTIONAL_WRITE_EXHAUSTED_PRIMALITY_UNASSIGNED,513,512,512,NO_RECORDED_FACTOR_PRP_OR_LL_RESULT_AND_NO_ACTIVE_GIMPS_ASSIGNMENT,2026-08-08T19:16:24+00:00,UNALLOCATED,,,,,
SLCMP700-3138,3138,3139,317407463,2^317407463-1,STRUCTURAL_SCREEN_EXHAUSTED_PRIMALITY_UNASSIGNED,GF3A_DIRECTIONAL_WRITE_EXHAUSTED_PRIMALITY_UNASSIGNED,514,512,512,NO_RECORDED_FACTOR_PRP_OR_LL_RESULT_AND_NO_ACTIVE_GIMPS_ASSIGNMENT,2026-08-08T19:16:24+00:00,UNALLOCATED,,,,,
SLCMP700-3139,3139,3140,317407487,2^317407487-1,STRUCTURAL_SCREEN_EXHAUSTED_PRIMALITY_UNASSIGNED,GF3A_DIRECTIONAL_WRITE_EXHAUSTED_PRIMALITY_UNASSIGNED,514,512,512,NO_RECORDED_FACTOR_PRP_OR_LL_RESULT_AND_NO_ACTIVE_GIMPS_ASSIGNMENT,2026-08-08T19:16:24+00:00,UNALLOCATED,,,,,
SLCMP700-3140,3140,3141,317407547,2^317407547-1,STRUCTURAL_SCREEN_EXHAUSTED_PRIMALITY_UNASSIGNED,GF3A_DIRECTIONAL_WRITE_EXHAUSTED_PRIMALITY_UNASSIGNED,514,512,512,NO_RECORDED_FACTOR_PRP_OR_LL_RESULT_AND_NO_ACTIVE_GIMPS_ASSIGNMENT,2026-08-08T19:16:24+00:00,UNALLOCATED,,,,,
SLCMP700-3141,3141,3142,317407603,2^317407603-1,STRUCTURAL_SCREEN_EXHAUSTED_PRIMALITY_UNASSIGNED,GF3A_DIRECTIONAL_WRITE_EXHAUSTED_PRIMALITY_UNASSIGNED,514,512,512,NO_RECORDED_FACTOR_PRP_OR_LL_RESULT_AND_NO_ACTIVE_GIMPS_ASSIGNMENT,2026-08-08T19:16:24+00:00,UNALLOCATED,,,,,
SLCMP700-3142,3142,3143,317407627,2^317407627-1,STRUCTURAL_SCREEN_EXHAUSTED_PRIMALITY_UNASSIGNED,GF3A_DIRECTIONAL_WRITE_EXHAUSTED_PRIMALITY_UNASSIGNED,514,512,512,NO_RECORDED_FACTOR_PRP_OR_LL_RESULT_AND_NO_ACTIVE_GIMPS_ASSIGNMENT,2026-08-08T19:16:24+00:00,UNALLOCATED,,,,,
SLCMP700-3143,3143,3144,317407703,2^317407703-1,STRUCTURAL_SCREEN_EXHAUSTED_PRIMALITY_UNASSIGNED,GF3A_DIRECTIONAL_WRITE_EXHAUSTED_PRIMALITY_UNASSIGNED,514,512,512,NO_RECORDED_FACTOR_PRP_OR_LL_RESULT_AND_NO_ACTIVE_GIMPS_ASSIGNMENT,2026-08-08T19:16:24+00:00,UNALLOCATED,,,,,
SLCMP700-3144,3144,3145,317407721,2^317407721-1,STRUCTURAL_SCREEN_EXHAUSTED_PRIMALITY_UNASSIGNED,GF3A_DIRECTIONAL_WRITE_EXHAUSTED_PRIMALITY_UNASSIGNED,513,512,512,NO_RECORDED_FACTOR_PRP_OR_LL_RESULT_AND_NO_ACTIVE_GIMPS_ASSIGNMENT,2026-08-08T19:16:24+00:00,UNALLOCATED,,,,,
SLCMP700-3145,3145,3146,317407759,2^317407759-1,STRUCTURAL_SCREEN_EXHAUSTED_PRIMALITY_UNASSIGNED,GF3A_DIRECTIONAL_WRITE_EXHAUSTED_PRIMALITY_UNASSIGNED,514,512,512,NO_RECORDED_FACTOR_PRP_OR_LL_RESULT_AND_NO_ACTIVE_GIMPS_ASSIGNMENT,2026-08-08T19:16:24+00:00,UNALLOCATED,,,,,
SLCMP700-3146,3146,3147,317407777,2^317407777-1,STRUCTURAL_SCREEN_EXHAUSTED_PRIMALITY_UNASSIGNED,GF3A_DIRECTIONAL_WRITE_EXHAUSTED_PRIMALITY_UNASSIGNED,513,512,512,NO_RECORDED_FACTOR_PRP_OR_LL_RESULT_AND_NO_ACTIVE_GIMPS_ASSIGNMENT,2026-08-08T19:16:24+00:00,UNALLOCATED,,,,,
SLCMP700-3147,3147,3148,317407789,2^317407789-1,STRUCTURAL_SCREEN_EXHAUSTED_PRIMALITY_UNASSIGNED,GF3A_DIRECTIONAL_WRITE_EXHAUSTED_PRIMALITY_UNASSIGNED,513,512,512,NO_RECORDED_FACTOR_PRP_OR_LL_RESULT_AND_NO_ACTIVE_GIMPS_ASSIGNMENT,2026-08-08T19:16:24+00:00,UNALLOCATED,,,,,
SLCMP700-3148,3148,3149,317407807,2^317407807-1,STRUCTURAL_SCREEN_EXHAUSTED_PRIMALITY_UNASSIGNED,GF3A_DIRECTIONAL_WRITE_EXHAUSTED_PRIMALITY_UNASSIGNED,514,512,512,NO_RECORDED_FACTOR_PRP_OR_LL_RESULT_AND_NO_ACTIVE_GIMPS_ASSIGNMENT,2026-08-08T19:16:24+00:00,UNALLOCATED,,,,,
SLCMP700-3149,3149,3150,317407957,2^317407957-1,STRUCTURAL_SCREEN_EXHAUSTED_PRIMALITY_UNASSIGNED,GF3A_DIRECTIONAL_WRITE_EXHAUSTED_PRIMALITY_UNASSIGNED,513,512,512,NO_RECORDED_FACTOR_PRP_OR_LL_RESULT_AND_NO_ACTIVE_GIMPS_ASSIGNMENT,2026-08-08T19:16:24+00:00,UNALLOCATED,,,,,
SLCMP700-3150,3150,3151,317408041,2^317408041-1,STRUCTURAL_SCREEN_EXHAUSTED_PRIMALITY_UNASSIGNED,GF3A_DIRECTIONAL_WRITE_EXHAUSTED_PRIMALITY_UNASSIGNED,513,512,512,NO_RECORDED_FACTOR_PRP_OR_LL_RESULT_AND_NO_ACTIVE_GIMPS_ASSIGNMENT,2026-08-08T19:16:24+00:00,UNALLOCATED,,,,,
SLCMP700-3151,3151,3152,317408093,2^317408093-1,STRUCTURAL_SCREEN_EXHAUSTED_PRIMALITY_UNASSIGNED,GF3A_DIRECTIONAL_WRITE_EXHAUSTED_PRIMALITY_UNASSIGNED,513,512,512,NO_RECORDED_FACTOR_PRP_OR_LL_RESULT_AND_NO_ACTIVE_GIMPS_ASSIGNMENT,2026-08-08T19:16:24+00:00,UNALLOCATED,,,,,
SLCMP700-3152,3152,3153,317408137,2^317408137-1,STRUCTURAL_SCREEN_EXHAUSTED_PRIMALITY_UNASSIGNED,GF3A_DIRECTIONAL_WRITE_EXHAUSTED_PRIMALITY_UNASSIGNED,513,512,512,NO_RECORDED_FACTOR_PRP_OR_LL_RESULT_AND_NO_ACTIVE_GIMPS_ASSIGNMENT,2026-08-08T19:16:24+00:00,UNALLOCATED,,,,,
SLCMP700-3153,3153,3154,317408197,2^317408197-1,STRUCTURAL_SCREEN_EXHAUSTED_PRIMALITY_UNASSIGNED,GF3A_DIRECTIONAL_WRITE_EXHAUSTED_PRIMALITY_UNASSIGNED,513,512,512,NO_RECORDED_FACTOR_PRP_OR_LL_RESULT_AND_NO_ACTIVE_GIMPS_ASSIGNMENT,2026-08-08T19:16:24+00:00,UNALLOCATED,,,,,
SLCMP700-3154,3154,3155,317408209,2^317408209-1,STRUCTURAL_SCREEN_EXHAUSTED_PRIMALITY_UNASSIGNED,GF3A_DIRECTIONAL_WRITE_EXHAUSTED_PRIMALITY_UNASSIGNED,513,512,512,NO_RECORDED_FACTOR_PRP_OR_LL_RESULT_AND_NO_ACTIVE_GIMPS_ASSIGNMENT,2026-08-08T19:16:24+00:00,UNALLOCATED,,,,,
SLCMP700-3155,3155,3156,317408227,2^317408227-1,STRUCTURAL_SCREEN_EXHAUSTED_PRIMALITY_UNASSIGNED,GF3A_DIRECTIONAL_WRITE_EXHAUSTED_PRIMALITY_UNASSIGNED,514,512,512,NO_RECORDED_FACTOR_PRP_OR_LL_RESULT_AND_NO_ACTIVE_GIMPS_ASSIGNMENT,2026-08-08T19:16:24+00:00,UNALLOCATED,,,,,
SLCMP700-3156,3156,3157,317408263,2^317408263-1,STRUCTURAL_SCREEN_EXHAUSTED_PRIMALITY_UNASSIGNED,GF3A_DIRECTIONAL_WRITE_EXHAUSTED_PRIMALITY_UNASSIGNED,514,512,512,NO_RECORDED_FACTOR_PRP_OR_LL_RESULT_AND_NO_ACTIVE_GIMPS_ASSIGNMENT,2026-08-08T19:16:24+00:00,UNALLOCATED,,,,,
SLCMP700-3157,3157,3158,317408291,2^317408291-1,STRUCTURAL_SCREEN_EXHAUSTED_PRIMALITY_UNASSIGNED,GF3A_DIRECTIONAL_WRITE_EXHAUSTED_PRIMALITY_UNASSIGNED,514,512,512,NO_RECORDED_FACTOR_PRP_OR_LL_RESULT_AND_NO_ACTIVE_GIMPS_ASSIGNMENT,2026-08-08T19:16:24+00:00,UNALLOCATED,,,,,
SLCMP700-3158,3158,3159,317408317,2^317408317-1,STRUCTURAL_SCREEN_EXHAUSTED_PRIMALITY_UNASSIGNED,GF3A_DIRECTIONAL_WRITE_EXHAUSTED_PRIMALITY_UNASSIGNED,513,512,512,NO_RECORDED_FACTOR_PRP_OR_LL_RESULT_AND_NO_ACTIVE_GIMPS_ASSIGNMENT,2026-08-08T19:16:24+00:00,UNALLOCATED,,,,,
SLCMP700-3159,3159,3160,317408359,2^317408359-1,STRUCTURAL_SCREEN_EXHAUSTED_PRIMALITY_UNASSIGNED,GF3A_DIRECTIONAL_WRITE_EXHAUSTED_PRIMALITY_UNASSIGNED,514,512,512,NO_RECORDED_FACTOR_PRP_OR_LL_RESULT_AND_NO_ACTIVE_GIMPS_ASSIGNMENT,2026-08-08T19:16:24+00:00,UNALLOCATED,,,,,
SLCMP700-3160,3160,3161,317408363,2^317408363-1,STRUCTURAL_SCREEN_EXHAUSTED_PRIMALITY_UNASSIGNED,GF3A_DIRECTIONAL_WRITE_EXHAUSTED_PRIMALITY_UNASSIGNED,514,512,512,NO_RECORDED_FACTOR_PRP_OR_LL_RESULT_AND_NO_ACTIVE_GIMPS_ASSIGNMENT,2026-08-08T19:16:24+00:00,UNALLOCATED,,,,,
SLCMP700-3161,3161,3162,317408431,2^317408431-1,STRUCTURAL_SCREEN_EXHAUSTED_PRIMALITY_UNASSIGNED,GF3A_DIRECTIONAL_WRITE_EXHAUSTED_PRIMALITY_UNASSIGNED,514,512,512,NO_RECORDED_FACTOR_PRP_OR_LL_RESULT_AND_NO_ACTIVE_GIMPS_ASSIGNMENT,2026-08-08T19:16:24+00:00,UNALLOCATED,,,,,
SLCMP700-3162,3162,3163,317408449,2^317408449-1,STRUCTURAL_SCREEN_EXHAUSTED_PRIMALITY_UNASSIGNED,GF3A_DIRECTIONAL_WRITE_EXHAUSTED_PRIMALITY_UNASSIGNED,513,512,512,NO_RECORDED_FACTOR_PRP_OR_LL_RESULT_AND_NO_ACTIVE_GIMPS_ASSIGNMENT,2026-08-08T19:16:24+00:00,UNALLOCATED,,,,,
SLCMP700-3163,3163,3164,317408501,2^317408501-1,STRUCTURAL_SCREEN_EXHAUSTED_PRIMALITY_UNASSIGNED,GF3A_DIRECTIONAL_WRITE_EXHAUSTED_PRIMALITY_UNASSIGNED,513,512,512,NO_RECORDED_FACTOR_PRP_OR_LL_RESULT_AND_NO_ACTIVE_GIMPS_ASSIGNMENT,2026-08-08T19:16:24+00:00,UNALLOCATED,,,,,
SLCMP700-3164,3164,3165,317408647,2^317408647-1,STRUCTURAL_SCREEN_EXHAUSTED_PRIMALITY_UNASSIGNED,GF3A_DIRECTIONAL_WRITE_EXHAUSTED_PRIMALITY_UNASSIGNED,514,512,512,NO_RECORDED_FACTOR_PRP_OR_LL_RESULT_AND_NO_ACTIVE_GIMPS_ASSIGNMENT,2026-08-08T19:16:24+00:00,UNALLOCATED,,,,,
SLCMP700-3165,3165,3166,317408669,2^317408669-1,STRUCTURAL_SCREEN_EXHAUSTED_PRIMALITY_UNASSIGNED,GF3A_DIRECTIONAL_WRITE_EXHAUSTED_PRIMALITY_UNASSIGNED,513,512,512,NO_RECORDED_FACTOR_PRP_OR_LL_RESULT_AND_NO_ACTIVE_GIMPS_ASSIGNMENT,2026-08-08T19:16:24+00:00,UNALLOCATED,,,,,
SLCMP700-3166,3166,3167,317408771,2^317408771-1,STRUCTURAL_SCREEN_EXHAUSTED_PRIMALITY_UNASSIGNED,GF3A_DIRECTIONAL_WRITE_EXHAUSTED_PRIMALITY_UNASSIGNED,514,512,512,NO_RECORDED_FACTOR_PRP_OR_LL_RESULT_AND_NO_ACTIVE_GIMPS_ASSIGNMENT,2026-08-08T19:16:24+00:00,UNALLOCATED,,,,,
SLCMP700-3167,3167,3168,317408899,2^317408899-1,STRUCTURAL_SCREEN_EXHAUSTED_PRIMALITY_UNASSIGNED,GF3A_DIRECTIONAL_WRITE_EXHAUSTED_PRIMALITY_UNASSIGNED,514,512,512,NO_RECORDED_FACTOR_PRP_OR_LL_RESULT_AND_NO_ACTIVE_GIMPS_ASSIGNMENT,2026-08-08T19:16:24+00:00,UNALLOCATED,,,,,
SLCMP700-3168,3168,3169,317408983,2^317408983-1,STRUCTURAL_SCREEN_EXHAUSTED_PRIMALITY_UNASSIGNED,GF3A_DIRECTIONAL_WRITE_EXHAUSTED_PRIMALITY_UNASSIGNED,514,512,512,NO_RECORDED_FACTOR_PRP_OR_LL_RESULT_AND_NO_ACTIVE_GIMPS_ASSIGNMENT,2026-08-08T19:16:24+00:00,UNALLOCATED,,,,,
SLCMP700-3169,3169,3170,317409011,2^317409011-1,STRUCTURAL_SCREEN_EXHAUSTED_PRIMALITY_UNASSIGNED,GF3A_DIRECTIONAL_WRITE_EXHAUSTED_PRIMALITY_UNASSIGNED,514,512,512,NO_RECORDED_FACTOR_PRP_OR_LL_RESULT_AND_NO_ACTIVE_GIMPS_ASSIGNMENT,2026-08-08T19:16:24+00:00,UNALLOCATED,,,,,
SLCMP700-3170,3170,3171,317409073,2^317409073-1,STRUCTURAL_SCREEN_EXHAUSTED_PRIMALITY_UNASSIGNED,GF3A_DIRECTIONAL_WRITE_EXHAUSTED_PRIMALITY_UNASSIGNED,513,512,512,NO_RECORDED_FACTOR_PRP_OR_LL_RESULT_AND_NO_ACTIVE_GIMPS_ASSIGNMENT,2026-08-08T19:16:24+00:00,UNALLOCATED,,,,,
SLCMP700-3171,3171,3172,317409077,2^317409077-1,STRUCTURAL_SCREEN_EXHAUSTED_PRIMALITY_UNASSIGNED,GF3A_DIRECTIONAL_WRITE_EXHAUSTED_PRIMALITY_UNASSIGNED,513,512,512,NO_RECORDED_FACTOR_PRP_OR_LL_RESULT_AND_NO_ACTIVE_GIMPS_ASSIGNMENT,2026-08-08T19:16:24+00:00,UNALLOCATED,,,,,
SLCMP700-3172,3172,3173,317409107,2^317409107-1,STRUCTURAL_SCREEN_EXHAUSTED_PRIMALITY_UNASSIGNED,GF3A_DIRECTIONAL_WRITE_EXHAUSTED_PRIMALITY_UNASSIGNED,514,512,512,NO_RECORDED_FACTOR_PRP_OR_LL_RESULT_AND_NO_ACTIVE_GIMPS_ASSIGNMENT,2026-08-08T19:16:24+00:00,UNALLOCATED,,,,,
SLCMP700-3173,3173,3174,317409233,2^317409233-1,STRUCTURAL_SCREEN_EXHAUSTED_PRIMALITY_UNASSIGNED,GF3A_DIRECTIONAL_WRITE_EXHAUSTED_PRIMALITY_UNASSIGNED,513,512,512,NO_RECORDED_FACTOR_PRP_OR_LL_RESULT_AND_NO_ACTIVE_GIMPS_ASSIGNMENT,2026-08-08T19:16:24+00:00,UNALLOCATED,,,,,
SLCMP700-3174,3174,3175,317409299,2^317409299-1,STRUCTURAL_SCREEN_EXHAUSTED_PRIMALITY_UNASSIGNED,GF3A_DIRECTIONAL_WRITE_EXHAUSTED_PRIMALITY_UNASSIGNED,514,512,512,NO_RECORDED_FACTOR_PRP_OR_LL_RESULT_AND_NO_ACTIVE_GIMPS_ASSIGNMENT,2026-08-08T19:16:24+00:00,UNALLOCATED,,,,,
SLCMP700-3175,3175,3176,317409311,2^317409311-1,STRUCTURAL_SCREEN_EXHAUSTED_PRIMALITY_UNASSIGNED,GF3A_DIRECTIONAL_WRITE_EXHAUSTED_PRIMALITY_UNASSIGNED,514,512,512,NO_RECORDED_FACTOR_PRP_OR_LL_RESULT_AND_NO_ACTIVE_GIMPS_ASSIGNMENT,2026-08-08T19:16:24+00:00,UNALLOCATED,,,,,
SLCMP700-3176,3176,3177,317409427,2^317409427-1,STRUCTURAL_SCREEN_EXHAUSTED_PRIMALITY_UNASSIGNED,GF3A_DIRECTIONAL_WRITE_EXHAUSTED_PRIMALITY_UNASSIGNED,514,512,512,NO_RECORDED_FACTOR_PRP_OR_LL_RESULT_AND_NO_ACTIVE_GIMPS_ASSIGNMENT,2026-08-08T19:16:24+00:00,UNALLOCATED,,,,,
SLCMP700-3177,3177,3178,317409467,2^317409467-1,STRUCTURAL_SCREEN_EXHAUSTED_PRIMALITY_UNASSIGNED,GF3A_DIRECTIONAL_WRITE_EXHAUSTED_PRIMALITY_UNASSIGNED,514,512,512,NO_RECORDED_FACTOR_PRP_OR_LL_RESULT_AND_NO_ACTIVE_GIMPS_ASSIGNMENT,2026-08-08T19:16:24+00:00,UNALLOCATED,,,,,
SLCMP700-3178,3178,3179,317409493,2^317409493-1,STRUCTURAL_SCREEN_EXHAUSTED_PRIMALITY_UNASSIGNED,GF3A_DIRECTIONAL_WRITE_EXHAUSTED_PRIMALITY_UNASSIGNED,513,512,512,NO_RECORDED_FACTOR_PRP_OR_LL_RESULT_AND_NO_ACTIVE_GIMPS_ASSIGNMENT,2026-08-08T19:16:24+00:00,UNALLOCATED,,,,,
SLCMP700-3179,3179,3180,317409523,2^317409523-1,STRUCTURAL_SCREEN_EXHAUSTED_PRIMALITY_UNASSIGNED,GF3A_DIRECTIONAL_WRITE_EXHAUSTED_PRIMALITY_UNASSIGNED,514,512,512,NO_RECORDED_FACTOR_PRP_OR_LL_RESULT_AND_NO_ACTIVE_GIMPS_ASSIGNMENT,2026-08-08T19:16:24+00:00,UNALLOCATED,,,,,
SLCMP700-3180,3180,3181,317409529,2^317409529-1,STRUCTURAL_SCREEN_EXHAUSTED_PRIMALITY_UNASSIGNED,GF3A_DIRECTIONAL_WRITE_EXHAUSTED_PRIMALITY_UNASSIGNED,513,512,512,NO_RECORDED_FACTOR_PRP_OR_LL_RESULT_AND_NO_ACTIVE_GIMPS_ASSIGNMENT,2026-08-08T19:16:24+00:00,UNALLOCATED,,,,,
SLCMP700-3181,3181,3182,317409541,2^317409541-1,STRUCTURAL_SCREEN_EXHAUSTED_PRIMALITY_UNASSIGNED,GF3A_DIRECTIONAL_WRITE_EXHAUSTED_PRIMALITY_UNASSIGNED,513,512,512,NO_RECORDED_FACTOR_PRP_OR_LL_RESULT_AND_NO_ACTIVE_GIMPS_ASSIGNMENT,2026-08-08T19:16:24+00:00,UNALLOCATED,,,,,
SLCMP700-3182,3182,3183,317409571,2^317409571-1,STRUCTURAL_SCREEN_EXHAUSTED_PRIMALITY_UNASSIGNED,GF3A_DIRECTIONAL_WRITE_EXHAUSTED_PRIMALITY_UNASSIGNED,514,512,512,NO_RECORDED_FACTOR_PRP_OR_LL_RESULT_AND_NO_ACTIVE_GIMPS_ASSIGNMENT,2026-08-08T19:16:24+00:00,UNALLOCATED,,,,,
SLCMP700-3183,3183,3184,317409613,2^317409613-1,STRUCTURAL_SCREEN_EXHAUSTED_PRIMALITY_UNASSIGNED,GF3A_DIRECTIONAL_WRITE_EXHAUSTED_PRIMALITY_UNASSIGNED,513,512,512,NO_RECORDED_FACTOR_PRP_OR_LL_RESULT_AND_NO_ACTIVE_GIMPS_ASSIGNMENT,2026-08-08T19:16:24+00:00,UNALLOCATED,,,,,
SLCMP700-3184,3184,3185,317409667,2^317409667-1,STRUCTURAL_SCREEN_EXHAUSTED_PRIMALITY_UNASSIGNED,GF3A_DIRECTIONAL_WRITE_EXHAUSTED_PRIMALITY_UNASSIGNED,514,512,512,NO_RECORDED_FACTOR_PRP_OR_LL_RESULT_AND_NO_ACTIVE_GIMPS_ASSIGNMENT,2026-08-08T19:16:24+00:00,UNALLOCATED,,,,,
SLCMP700-3185,3185,3186,317409733,2^317409733-1,STRUCTURAL_SCREEN_EXHAUSTED_PRIMALITY_UNASSIGNED,GF3A_DIRECTIONAL_WRITE_EXHAUSTED_PRIMALITY_UNASSIGNED,513,512,512,NO_RECORDED_FACTOR_PRP_OR_LL_RESULT_AND_NO_ACTIVE_GIMPS_ASSIGNMENT,2026-08-08T19:16:24+00:00,UNALLOCATED,,,,,
SLCMP700-3186,3186,3187,317409751,2^317409751-1,STRUCTURAL_SCREEN_EXHAUSTED_PRIMALITY_UNASSIGNED,GF3A_DIRECTIONAL_WRITE_EXHAUSTED_PRIMALITY_UNASSIGNED,514,512,512,NO_RECORDED_FACTOR_PRP_OR_LL_RESULT_AND_NO_ACTIVE_GIMPS_ASSIGNMENT,2026-08-08T19:16:24+00:00,UNALLOCATED,,,,,
SLCMP700-3187,3187,3188,317409809,2^317409809-1,STRUCTURAL_SCREEN_EXHAUSTED_PRIMALITY_UNASSIGNED,GF3A_DIRECTIONAL_WRITE_EXHAUSTED_PRIMALITY_UNASSIGNED,513,512,512,NO_RECORDED_FACTOR_PRP_OR_LL_RESULT_AND_NO_ACTIVE_GIMPS_ASSIGNMENT,2026-08-08T19:16:24+00:00,UNALLOCATED,,,,,
SLCMP700-3188,3188,3189,317409817,2^317409817-1,STRUCTURAL_SCREEN_EXHAUSTED_PRIMALITY_UNASSIGNED,GF3A_DIRECTIONAL_WRITE_EXHAUSTED_PRIMALITY_UNASSIGNED,513,512,512,NO_RECORDED_FACTOR_PRP_OR_LL_RESULT_AND_NO_ACTIVE_GIMPS_ASSIGNMENT,2026-08-08T19:16:24+00:00,UNALLOCATED,,,,,
SLCMP700-3189,3189,3190,317409863,2^317409863-1,STRUCTURAL_SCREEN_EXHAUSTED_PRIMALITY_UNASSIGNED,GF3A_DIRECTIONAL_WRITE_EXHAUSTED_PRIMALITY_UNASSIGNED,514,512,512,NO_RECORDED_FACTOR_PRP_OR_LL_RESULT_AND_NO_ACTIVE_GIMPS_ASSIGNMENT,2026-08-08T19:16:24+00:00,UNALLOCATED,,,,,
SLCMP700-3190,3190,3191,317409871,2^317409871-1,STRUCTURAL_SCREEN_EXHAUSTED_PRIMALITY_UNASSIGNED,GF3A_DIRECTIONAL_WRITE_EXHAUSTED_PRIMALITY_UNASSIGNED,514,512,512,NO_RECORDED_FACTOR_PRP_OR_LL_RESULT_AND_NO_ACTIVE_GIMPS_ASSIGNMENT,2026-08-08T19:16:24+00:00,UNALLOCATED,,,,,
SLCMP700-3191,3191,3192,317409977,2^317409977-1,STRUCTURAL_SCREEN_EXHAUSTED_PRIMALITY_UNASSIGNED,GF3A_DIRECTIONAL_WRITE_EXHAUSTED_PRIMALITY_UNASSIGNED,513,512,512,NO_RECORDED_FACTOR_PRP_OR_LL_RESULT_AND_NO_ACTIVE_GIMPS_ASSIGNMENT,2026-08-08T19:16:24+00:00,UNALLOCATED,,,,,
SLCMP700-3192,3192,3193,317410157,2^317410157-1,STRUCTURAL_SCREEN_EXHAUSTED_PRIMALITY_UNASSIGNED,GF3A_DIRECTIONAL_WRITE_EXHAUSTED_PRIMALITY_UNASSIGNED,513,512,512,NO_RECORDED_FACTOR_PRP_OR_LL_RESULT_AND_NO_ACTIVE_GIMPS_ASSIGNMENT,2026-08-08T19:16:24+00:00,UNALLOCATED,,,,,
SLCMP700-3193,3193,3194,317410183,2^317410183-1,STRUCTURAL_SCREEN_EXHAUSTED_PRIMALITY_UNASSIGNED,GF3A_DIRECTIONAL_WRITE_EXHAUSTED_PRIMALITY_UNASSIGNED,514,512,512,NO_RECORDED_FACTOR_PRP_OR_LL_RESULT_AND_NO_ACTIVE_GIMPS_ASSIGNMENT,2026-08-08T19:16:24+00:00,UNALLOCATED,,,,,
SLCMP700-3194,3194,3195,317410279,2^317410279-1,STRUCTURAL_SCREEN_EXHAUSTED_PRIMALITY_UNASSIGNED,GF3A_DIRECTIONAL_WRITE_EXHAUSTED_PRIMALITY_UNASSIGNED,514,512,512,NO_RECORDED_FACTOR_PRP_OR_LL_RESULT_AND_NO_ACTIVE_GIMPS_ASSIGNMENT,2026-08-08T19:16:24+00:00,UNALLOCATED,,,,,
SLCMP700-3195,3195,3196,317410339,2^317410339-1,STRUCTURAL_SCREEN_EXHAUSTED_PRIMALITY_UNASSIGNED,GF3A_DIRECTIONAL_WRITE_EXHAUSTED_PRIMALITY_UNASSIGNED,514,512,512,NO_RECORDED_FACTOR_PRP_OR_LL_RESULT_AND_NO_ACTIVE_GIMPS_ASSIGNMENT,2026-08-08T19:16:24+00:00,UNALLOCATED,,,,,
SLCMP700-3196,3196,3197,317410361,2^317410361-1,STRUCTURAL_SCREEN_EXHAUSTED_PRIMALITY_UNASSIGNED,GF3A_DIRECTIONAL_WRITE_EXHAUSTED_PRIMALITY_UNASSIGNED,513,512,512,NO_RECORDED_FACTOR_PRP_OR_LL_RESULT_AND_NO_ACTIVE_GIMPS_ASSIGNMENT,2026-08-08T19:16:24+00:00,UNALLOCATED,,,,,
SLCMP700-3197,3197,3198,317410427,2^317410427-1,STRUCTURAL_SCREEN_EXHAUSTED_PRIMALITY_UNASSIGNED,GF3A_DIRECTIONAL_WRITE_EXHAUSTED_PRIMALITY_UNASSIGNED,514,512,512,NO_RECORDED_FACTOR_PRP_OR_LL_RESULT_AND_NO_ACTIVE_GIMPS_ASSIGNMENT,2026-08-08T19:16:24+00:00,UNALLOCATED,,,,,
SLCMP700-3198,3198,3199,317410439,2^317410439-1,STRUCTURAL_SCREEN_EXHAUSTED_PRIMALITY_UNASSIGNED,GF3A_DIRECTIONAL_WRITE_EXHAUSTED_PRIMALITY_UNASSIGNED,514,512,512,NO_RECORDED_FACTOR_PRP_OR_LL_RESULT_AND_NO_ACTIVE_GIMPS_ASSIGNMENT,2026-08-08T19:16:24+00:00,UNALLOCATED,,,,,
SLCMP700-3199,3199,3200,317410463,2^317410463-1,STRUCTURAL_SCREEN_EXHAUSTED_PRIMALITY_UNASSIGNED,GF3A_DIRECTIONAL_WRITE_EXHAUSTED_PRIMALITY_UNASSIGNED,514,512,512,NO_RECORDED_FACTOR_PRP_OR_LL_RESULT_AND_NO_ACTIVE_GIMPS_ASSIGNMENT,2026-08-08T19:16:24+00:00,UNALLOCATED,,,,,
SLCMP700-3200,3200,3201,317410547,2^317410547-1,STRUCTURAL_SCREEN_EXHAUSTED_PRIMALITY_UNASSIGNED,GF3A_DIRECTIONAL_WRITE_EXHAUSTED_PRIMALITY_UNASSIGNED,514,512,512,NO_RECORDED_FACTOR_PRP_OR_LL_RESULT_AND_NO_ACTIVE_GIMPS_ASSIGNMENT,2026-08-08T19:16:24+00:00,UNALLOCATED,,,,,
SLCMP700-3201,3201,3202,317410591,2^317410591-1,STRUCTURAL_SCREEN_EXHAUSTED_PRIMALITY_UNASSIGNED,GF3A_DIRECTIONAL_WRITE_EXHAUSTED_PRIMALITY_UNASSIGNED,514,512,512,NO_RECORDED_FACTOR_PRP_OR_LL_RESULT_AND_NO_ACTIVE_GIMPS_ASSIGNMENT,2026-08-08T19:16:24+00:00,UNALLOCATED,,,,,
SLCMP700-3202,3202,3203,317410601,2^317410601-1,STRUCTURAL_SCREEN_EXHAUSTED_PRIMALITY_UNASSIGNED,GF3A_DIRECTIONAL_WRITE_EXHAUSTED_PRIMALITY_UNASSIGNED,513,512,512,NO_RECORDED_FACTOR_PRP_OR_LL_RESULT_AND_NO_ACTIVE_GIMPS_ASSIGNMENT,2026-08-08T19:16:24+00:00,UNALLOCATED,,,,,
SLCMP700-3203,3203,3204,317410663,2^317410663-1,STRUCTURAL_SCREEN_EXHAUSTED_PRIMALITY_UNASSIGNED,GF3A_DIRECTIONAL_WRITE_EXHAUSTED_PRIMALITY_UNASSIGNED,514,512,512,NO_RECORDED_FACTOR_PRP_OR_LL_RESULT_AND_NO_ACTIVE_GIMPS_ASSIGNMENT,2026-08-08T19:16:24+00:00,UNALLOCATED,,,,,
SLCMP700-3204,3204,3205,317410669,2^317410669-1,STRUCTURAL_SCREEN_EXHAUSTED_PRIMALITY_UNASSIGNED,GF3A_DIRECTIONAL_WRITE_EXHAUSTED_PRIMALITY_UNASSIGNED,513,512,512,NO_RECORDED_FACTOR_PRP_OR_LL_RESULT_AND_NO_ACTIVE_GIMPS_ASSIGNMENT,2026-08-08T19:16:24+00:00,UNALLOCATED,,,,,
SLCMP700-3205,3205,3206,317410801,2^317410801-1,STRUCTURAL_SCREEN_EXHAUSTED_PRIMALITY_UNASSIGNED,GF3A_DIRECTIONAL_WRITE_EXHAUSTED_PRIMALITY_UNASSIGNED,513,512,512,NO_RECORDED_FACTOR_PRP_OR_LL_RESULT_AND_NO_ACTIVE_GIMPS_ASSIGNMENT,2026-08-08T19:16:24+00:00,UNALLOCATED,,,,,
SLCMP700-3206,3206,3207,317410837,2^317410837-1,STRUCTURAL_SCREEN_EXHAUSTED_PRIMALITY_UNASSIGNED,GF3A_DIRECTIONAL_WRITE_EXHAUSTED_PRIMALITY_UNASSIGNED,513,512,512,NO_RECORDED_FACTOR_PRP_OR_LL_RESULT_AND_NO_ACTIVE_GIMPS_ASSIGNMENT,2026-08-08T19:16:24+00:00,UNALLOCATED,,,,,
SLCMP700-3207,3207,3208,317410843,2^317410843-1,STRUCTURAL_SCREEN_EXHAUSTED_PRIMALITY_UNASSIGNED,GF3A_DIRECTIONAL_WRITE_EXHAUSTED_PRIMALITY_UNASSIGNED,514,512,512,NO_RECORDED_FACTOR_PRP_OR_LL_RESULT_AND_NO_ACTIVE_GIMPS_ASSIGNMENT,2026-08-08T19:16:24+00:00,UNALLOCATED,,,,,
SLCMP700-3208,3208,3209,317410897,2^317410897-1,STRUCTURAL_SCREEN_EXHAUSTED_PRIMALITY_UNASSIGNED,GF3A_DIRECTIONAL_WRITE_EXHAUSTED_PRIMALITY_UNASSIGNED,513,512,512,NO_RECORDED_FACTOR_PRP_OR_LL_RESULT_AND_NO_ACTIVE_GIMPS_ASSIGNMENT,2026-08-08T19:16:24+00:00,UNALLOCATED,,,,,
SLCMP700-3209,3209,3210,317410921,2^317410921-1,STRUCTURAL_SCREEN_EXHAUSTED_PRIMALITY_UNASSIGNED,GF3A_DIRECTIONAL_WRITE_EXHAUSTED_PRIMALITY_UNASSIGNED,513,512,512,NO_RECORDED_FACTOR_PRP_OR_LL_RESULT_AND_NO_ACTIVE_GIMPS_ASSIGNMENT,2026-08-08T19:16:24+00:00,UNALLOCATED,,,,,
SLCMP700-3210,3210,3211,317410937,2^317410937-1,STRUCTURAL_SCREEN_EXHAUSTED_PRIMALITY_UNASSIGNED,GF3A_DIRECTIONAL_WRITE_EXHAUSTED_PRIMALITY_UNASSIGNED,513,512,512,NO_RECORDED_FACTOR_PRP_OR_LL_RESULT_AND_NO_ACTIVE_GIMPS_ASSIGNMENT,2026-08-08T19:16:24+00:00,UNALLOCATED,,,,,
SLCMP700-3211,3211,3212,317410949,2^317410949-1,STRUCTURAL_SCREEN_EXHAUSTED_PRIMALITY_UNASSIGNED,GF3A_DIRECTIONAL_WRITE_EXHAUSTED_PRIMALITY_UNASSIGNED,513,512,512,NO_RECORDED_FACTOR_PRP_OR_LL_RESULT_AND_NO_ACTIVE_GIMPS_ASSIGNMENT,2026-08-08T19:16:24+00:00,UNALLOCATED,,,,,
SLCMP700-3212,3212,3213,317410991,2^317410991-1,STRUCTURAL_SCREEN_EXHAUSTED_PRIMALITY_UNASSIGNED,GF3A_DIRECTIONAL_WRITE_EXHAUSTED_PRIMALITY_UNASSIGNED,514,512,512,NO_RECORDED_FACTOR_PRP_OR_LL_RESULT_AND_NO_ACTIVE_GIMPS_ASSIGNMENT,2026-08-08T19:16:24+00:00,UNALLOCATED,,,,,
SLCMP700-3213,3213,3214,317411051,2^317411051-1,STRUCTURAL_SCREEN_EXHAUSTED_PRIMALITY_UNASSIGNED,GF3A_DIRECTIONAL_WRITE_EXHAUSTED_PRIMALITY_UNASSIGNED,514,512,512,NO_RECORDED_FACTOR_PRP_OR_LL_RESULT_AND_NO_ACTIVE_GIMPS_ASSIGNMENT,2026-08-08T19:16:24+00:00,UNALLOCATED,,,,,
SLCMP700-3214,3214,3215,317411057,2^317411057-1,STRUCTURAL_SCREEN_EXHAUSTED_PRIMALITY_UNASSIGNED,GF3A_DIRECTIONAL_WRITE_EXHAUSTED_PRIMALITY_UNASSIGNED,513,512,512,NO_RECORDED_FACTOR_PRP_OR_LL_RESULT_AND_NO_ACTIVE_GIMPS_ASSIGNMENT,2026-08-08T19:16:24+00:00,UNALLOCATED,,,,,
SLCMP700-3215,3215,3216,317411167,2^317411167-1,STRUCTURAL_SCREEN_EXHAUSTED_PRIMALITY_UNASSIGNED,GF3A_DIRECTIONAL_WRITE_EXHAUSTED_PRIMALITY_UNASSIGNED,514,512,512,NO_RECORDED_FACTOR_PRP_OR_LL_RESULT_AND_NO_ACTIVE_GIMPS_ASSIGNMENT,2026-08-08T19:16:24+00:00,UNALLOCATED,,,,,
SLCMP700-3216,3216,3217,317411203,2^317411203-1,STRUCTURAL_SCREEN_EXHAUSTED_PRIMALITY_UNASSIGNED,GF3A_DIRECTIONAL_WRITE_EXHAUSTED_PRIMALITY_UNASSIGNED,514,512,512,NO_RECORDED_FACTOR_PRP_OR_LL_RESULT_AND_NO_ACTIVE_GIMPS_ASSIGNMENT,2026-08-08T19:16:24+00:00,UNALLOCATED,,,,,
SLCMP700-3217,3217,3218,317411317,2^317411317-1,STRUCTURAL_SCREEN_EXHAUSTED_PRIMALITY_UNASSIGNED,GF3A_DIRECTIONAL_WRITE_EXHAUSTED_PRIMALITY_UNASSIGNED,513,512,512,NO_RECORDED_FACTOR_PRP_OR_LL_RESULT_AND_NO_ACTIVE_GIMPS_ASSIGNMENT,2026-08-08T19:16:24+00:00,UNALLOCATED,,,,,
SLCMP700-3218,3218,3219,317411323,2^317411323-1,STRUCTURAL_SCREEN_EXHAUSTED_PRIMALITY_UNASSIGNED,GF3A_DIRECTIONAL_WRITE_EXHAUSTED_PRIMALITY_UNASSIGNED,514,512,512,NO_RECORDED_FACTOR_PRP_OR_LL_RESULT_AND_NO_ACTIVE_GIMPS_ASSIGNMENT,2026-08-08T19:16:24+00:00,UNALLOCATED,,,,,
SLCMP700-3219,3219,3220,317411357,2^317411357-1,STRUCTURAL_SCREEN_EXHAUSTED_PRIMALITY_UNASSIGNED,GF3A_DIRECTIONAL_WRITE_EXHAUSTED_PRIMALITY_UNASSIGNED,513,512,512,NO_RECORDED_FACTOR_PRP_OR_LL_RESULT_AND_NO_ACTIVE_GIMPS_ASSIGNMENT,2026-08-08T19:16:24+00:00,UNALLOCATED,,,,,
SLCMP700-3220,3220,3221,317411371,2^317411371-1,STRUCTURAL_SCREEN_EXHAUSTED_PRIMALITY_UNASSIGNED,GF3A_DIRECTIONAL_WRITE_EXHAUSTED_PRIMALITY_UNASSIGNED,514,512,512,NO_RECORDED_FACTOR_PRP_OR_LL_RESULT_AND_NO_ACTIVE_GIMPS_ASSIGNMENT,2026-08-08T19:16:24+00:00,UNALLOCATED,,,,,
SLCMP700-3221,3221,3222,317411377,2^317411377-1,STRUCTURAL_SCREEN_EXHAUSTED_PRIMALITY_UNASSIGNED,GF3A_DIRECTIONAL_WRITE_EXHAUSTED_PRIMALITY_UNASSIGNED,513,512,512,NO_RECORDED_FACTOR_PRP_OR_LL_RESULT_AND_NO_ACTIVE_GIMPS_ASSIGNMENT,2026-08-08T19:16:24+00:00,UNALLOCATED,,,,,
SLCMP700-3222,3222,3223,317411407,2^317411407-1,STRUCTURAL_SCREEN_EXHAUSTED_PRIMALITY_UNASSIGNED,GF3A_DIRECTIONAL_WRITE_EXHAUSTED_PRIMALITY_UNASSIGNED,514,512,512,NO_RECORDED_FACTOR_PRP_OR_LL_RESULT_AND_NO_ACTIVE_GIMPS_ASSIGNMENT,2026-08-08T19:16:24+00:00,UNALLOCATED,,,,,
SLCMP700-3223,3223,3224,317411429,2^317411429-1,STRUCTURAL_SCREEN_EXHAUSTED_PRIMALITY_UNASSIGNED,GF3A_DIRECTIONAL_WRITE_EXHAUSTED_PRIMALITY_UNASSIGNED,513,512,512,NO_RECORDED_FACTOR_PRP_OR_LL_RESULT_AND_NO_ACTIVE_GIMPS_ASSIGNMENT,2026-08-08T19:16:24+00:00,UNALLOCATED,,,,,
SLCMP700-3224,3224,3225,317411447,2^317411447-1,STRUCTURAL_SCREEN_EXHAUSTED_PRIMALITY_UNASSIGNED,GF3A_DIRECTIONAL_WRITE_EXHAUSTED_PRIMALITY_UNASSIGNED,514,512,512,NO_RECORDED_FACTOR_PRP_OR_LL_RESULT_AND_NO_ACTIVE_GIMPS_ASSIGNMENT,2026-08-08T19:16:24+00:00,UNALLOCATED,,,,,
SLCMP700-3225,3225,3226,317411483,2^317411483-1,STRUCTURAL_SCREEN_EXHAUSTED_PRIMALITY_UNASSIGNED,GF3A_DIRECTIONAL_WRITE_EXHAUSTED_PRIMALITY_UNASSIGNED,514,512,512,NO_RECORDED_FACTOR_PRP_OR_LL_RESULT_AND_NO_ACTIVE_GIMPS_ASSIGNMENT,2026-08-08T19:16:24+00:00,UNALLOCATED,,,,,
SLCMP700-3226,3226,3227,317411491,2^317411491-1,STRUCTURAL_SCREEN_EXHAUSTED_PRIMALITY_UNASSIGNED,GF3A_DIRECTIONAL_WRITE_EXHAUSTED_PRIMALITY_UNASSIGNED,514,512,512,NO_RECORDED_FACTOR_PRP_OR_LL_RESULT_AND_NO_ACTIVE_GIMPS_ASSIGNMENT,2026-08-08T19:16:24+00:00,UNALLOCATED,,,,,
SLCMP700-3227,3227,3228,317411527,2^317411527-1,STRUCTURAL_SCREEN_EXHAUSTED_PRIMALITY_UNASSIGNED,GF3A_DIRECTIONAL_WRITE_EXHAUSTED_PRIMALITY_UNASSIGNED,514,512,512,NO_RECORDED_FACTOR_PRP_OR_LL_RESULT_AND_NO_ACTIVE_GIMPS_ASSIGNMENT,2026-08-08T19:16:24+00:00,UNALLOCATED,,,,,
SLCMP700-3228,3228,3229,317411537,2^317411537-1,STRUCTURAL_SCREEN_EXHAUSTED_PRIMALITY_UNASSIGNED,GF3A_DIRECTIONAL_WRITE_EXHAUSTED_PRIMALITY_UNASSIGNED,513,512,512,NO_RECORDED_FACTOR_PRP_OR_LL_RESULT_AND_NO_ACTIVE_GIMPS_ASSIGNMENT,2026-08-08T19:16:24+00:00,UNALLOCATED,,,,,
SLCMP700-3229,3229,3230,317411557,2^317411557-1,STRUCTURAL_SCREEN_EXHAUSTED_PRIMALITY_UNASSIGNED,GF3A_DIRECTIONAL_WRITE_EXHAUSTED_PRIMALITY_UNASSIGNED,513,512,512,NO_RECORDED_FACTOR_PRP_OR_LL_RESULT_AND_NO_ACTIVE_GIMPS_ASSIGNMENT,2026-08-08T19:16:24+00:00,UNALLOCATED,,,,,
SLCMP700-3230,3230,3231,317411623,2^317411623-1,STRUCTURAL_SCREEN_EXHAUSTED_PRIMALITY_UNASSIGNED,GF3A_DIRECTIONAL_WRITE_EXHAUSTED_PRIMALITY_UNASSIGNED,514,512,512,NO_RECORDED_FACTOR_PRP_OR_LL_RESULT_AND_NO_ACTIVE_GIMPS_ASSIGNMENT,2026-08-08T19:16:24+00:00,UNALLOCATED,,,,,
SLCMP700-3231,3231,3232,317411711,2^317411711-1,STRUCTURAL_SCREEN_EXHAUSTED_PRIMALITY_UNASSIGNED,GF3A_DIRECTIONAL_WRITE_EXHAUSTED_PRIMALITY_UNASSIGNED,514,512,512,NO_RECORDED_FACTOR_PRP_OR_LL_RESULT_AND_NO_ACTIVE_GIMPS_ASSIGNMENT,2026-08-08T19:16:24+00:00,UNALLOCATED,,,,,
SLCMP700-3232,3232,3233,317411713,2^317411713-1,STRUCTURAL_SCREEN_EXHAUSTED_PRIMALITY_UNASSIGNED,GF3A_DIRECTIONAL_WRITE_EXHAUSTED_PRIMALITY_UNASSIGNED,513,512,512,NO_RECORDED_FACTOR_PRP_OR_LL_RESULT_AND_NO_ACTIVE_GIMPS_ASSIGNMENT,2026-08-08T19:16:24+00:00,UNALLOCATED,,,,,
SLCMP700-3233,3233,3234,317411893,2^317411893-1,STRUCTURAL_SCREEN_EXHAUSTED_PRIMALITY_UNASSIGNED,GF3A_DIRECTIONAL_WRITE_EXHAUSTED_PRIMALITY_UNASSIGNED,513,512,512,NO_RECORDED_FACTOR_PRP_OR_LL_RESULT_AND_NO_ACTIVE_GIMPS_ASSIGNMENT,2026-08-08T19:16:24+00:00,UNALLOCATED,,,,,
SLCMP700-3234,3234,3235,317411903,2^317411903-1,STRUCTURAL_SCREEN_EXHAUSTED_PRIMALITY_UNASSIGNED,GF3A_DIRECTIONAL_WRITE_EXHAUSTED_PRIMALITY_UNASSIGNED,514,512,512,NO_RECORDED_FACTOR_PRP_OR_LL_RESULT_AND_NO_ACTIVE_GIMPS_ASSIGNMENT,2026-08-08T19:16:24+00:00,UNALLOCATED,,,,,
SLCMP700-3235,3235,3236,317411911,2^317411911-1,STRUCTURAL_SCREEN_EXHAUSTED_PRIMALITY_UNASSIGNED,GF3A_DIRECTIONAL_WRITE_EXHAUSTED_PRIMALITY_UNASSIGNED,514,512,512,NO_RECORDED_FACTOR_PRP_OR_LL_RESULT_AND_NO_ACTIVE_GIMPS_ASSIGNMENT,2026-08-08T19:16:24+00:00,UNALLOCATED,,,,,
SLCMP700-3236,3236,3237,317412001,2^317412001-1,STRUCTURAL_SCREEN_EXHAUSTED_PRIMALITY_UNASSIGNED,GF3A_DIRECTIONAL_WRITE_EXHAUSTED_PRIMALITY_UNASSIGNED,513,512,512,NO_RECORDED_FACTOR_PRP_OR_LL_RESULT_AND_NO_ACTIVE_GIMPS_ASSIGNMENT,2026-08-08T19:16:24+00:00,UNALLOCATED,,,,,
SLCMP700-3237,3237,3238,317412041,2^317412041-1,STRUCTURAL_SCREEN_EXHAUSTED_PRIMALITY_UNASSIGNED,GF3A_DIRECTIONAL_WRITE_EXHAUSTED_PRIMALITY_UNASSIGNED,513,512,512,NO_RECORDED_FACTOR_PRP_OR_LL_RESULT_AND_NO_ACTIVE_GIMPS_ASSIGNMENT,2026-08-08T19:16:24+00:00,UNALLOCATED,,,,,
SLCMP700-3238,3238,3239,317412107,2^317412107-1,STRUCTURAL_SCREEN_EXHAUSTED_PRIMALITY_UNASSIGNED,GF3A_DIRECTIONAL_WRITE_EXHAUSTED_PRIMALITY_UNASSIGNED,514,512,512,NO_RECORDED_FACTOR_PRP_OR_LL_RESULT_AND_NO_ACTIVE_GIMPS_ASSIGNMENT,2026-08-08T19:16:24+00:00,UNALLOCATED,,,,,
SLCMP700-3239,3239,3240,317412133,2^317412133-1,STRUCTURAL_SCREEN_EXHAUSTED_PRIMALITY_UNASSIGNED,GF3A_DIRECTIONAL_WRITE_EXHAUSTED_PRIMALITY_UNASSIGNED,513,512,512,NO_RECORDED_FACTOR_PRP_OR_LL_RESULT_AND_NO_ACTIVE_GIMPS_ASSIGNMENT,2026-08-08T19:16:24+00:00,UNALLOCATED,,,,,
SLCMP700-3240,3240,3241,317412313,2^317412313-1,STRUCTURAL_SCREEN_EXHAUSTED_PRIMALITY_UNASSIGNED,GF3A_DIRECTIONAL_WRITE_EXHAUSTED_PRIMALITY_UNASSIGNED,513,512,512,NO_RECORDED_FACTOR_PRP_OR_LL_RESULT_AND_NO_ACTIVE_GIMPS_ASSIGNMENT,2026-08-08T19:16:24+00:00,UNALLOCATED,,,,,
SLCMP700-3241,3241,3242,317412409,2^317412409-1,STRUCTURAL_SCREEN_EXHAUSTED_PRIMALITY_UNASSIGNED,GF3A_DIRECTIONAL_WRITE_EXHAUSTED_PRIMALITY_UNASSIGNED,513,512,512,NO_RECORDED_FACTOR_PRP_OR_LL_RESULT_AND_NO_ACTIVE_GIMPS_ASSIGNMENT,2026-08-08T19:16:24+00:00,UNALLOCATED,,,,,
SLCMP700-3242,3242,3243,317412481,2^317412481-1,STRUCTURAL_SCREEN_EXHAUSTED_PRIMALITY_UNASSIGNED,GF3A_DIRECTIONAL_WRITE_EXHAUSTED_PRIMALITY_UNASSIGNED,513,512,512,NO_RECORDED_FACTOR_PRP_OR_LL_RESULT_AND_NO_ACTIVE_GIMPS_ASSIGNMENT,2026-08-08T19:16:24+00:00,UNALLOCATED,,,,,
SLCMP700-3243,3243,3244,317412527,2^317412527-1,STRUCTURAL_SCREEN_EXHAUSTED_PRIMALITY_UNASSIGNED,GF3A_DIRECTIONAL_WRITE_EXHAUSTED_PRIMALITY_UNASSIGNED,514,512,512,NO_RECORDED_FACTOR_PRP_OR_LL_RESULT_AND_NO_ACTIVE_GIMPS_ASSIGNMENT,2026-08-08T19:16:24+00:00,UNALLOCATED,,,,,
SLCMP700-3244,3244,3245,317412583,2^317412583-1,STRUCTURAL_SCREEN_EXHAUSTED_PRIMALITY_UNASSIGNED,GF3A_DIRECTIONAL_WRITE_EXHAUSTED_PRIMALITY_UNASSIGNED,514,512,512,NO_RECORDED_FACTOR_PRP_OR_LL_RESULT_AND_NO_ACTIVE_GIMPS_ASSIGNMENT,2026-08-08T19:16:24+00:00,UNALLOCATED,,,,,
SLCMP700-3245,3245,3246,317412587,2^317412587-1,STRUCTURAL_SCREEN_EXHAUSTED_PRIMALITY_UNASSIGNED,GF3A_DIRECTIONAL_WRITE_EXHAUSTED_PRIMALITY_UNASSIGNED,514,512,512,NO_RECORDED_FACTOR_PRP_OR_LL_RESULT_AND_NO_ACTIVE_GIMPS_ASSIGNMENT,2026-08-08T19:16:24+00:00,UNALLOCATED,,,,,
SLCMP700-3246,3246,3247,317412637,2^317412637-1,STRUCTURAL_SCREEN_EXHAUSTED_PRIMALITY_UNASSIGNED,GF3A_DIRECTIONAL_WRITE_EXHAUSTED_PRIMALITY_UNASSIGNED,513,512,512,NO_RECORDED_FACTOR_PRP_OR_LL_RESULT_AND_NO_ACTIVE_GIMPS_ASSIGNMENT,2026-08-08T19:16:24+00:00,UNALLOCATED,,,,,
SLCMP700-3247,3247,3248,317412643,2^317412643-1,STRUCTURAL_SCREEN_EXHAUSTED_PRIMALITY_UNASSIGNED,GF3A_DIRECTIONAL_WRITE_EXHAUSTED_PRIMALITY_UNASSIGNED,514,512,512,NO_RECORDED_FACTOR_PRP_OR_LL_RESULT_AND_NO_ACTIVE_GIMPS_ASSIGNMENT,2026-08-08T19:16:24+00:00,UNALLOCATED,,,,,
SLCMP700-3248,3248,3249,317412773,2^317412773-1,STRUCTURAL_SCREEN_EXHAUSTED_PRIMALITY_UNASSIGNED,GF3A_DIRECTIONAL_WRITE_EXHAUSTED_PRIMALITY_UNASSIGNED,513,512,512,NO_RECORDED_FACTOR_PRP_OR_LL_RESULT_AND_NO_ACTIVE_GIMPS_ASSIGNMENT,2026-08-08T19:16:24+00:00,UNALLOCATED,,,,,
SLCMP700-3249,3249,3250,317412839,2^317412839-1,STRUCTURAL_SCREEN_EXHAUSTED_PRIMALITY_UNASSIGNED,GF3A_DIRECTIONAL_WRITE_EXHAUSTED_PRIMALITY_UNASSIGNED,514,512,512,NO_RECORDED_FACTOR_PRP_OR_LL_RESULT_AND_NO_ACTIVE_GIMPS_ASSIGNMENT,2026-08-08T19:16:24+00:00,UNALLOCATED,,,,,
SLCMP700-3250,3250,3251,317412911,2^317412911-1,STRUCTURAL_SCREEN_EXHAUSTED_PRIMALITY_UNASSIGNED,GF3A_DIRECTIONAL_WRITE_EXHAUSTED_PRIMALITY_UNASSIGNED,514,512,512,NO_RECORDED_FACTOR_PRP_OR_LL_RESULT_AND_NO_ACTIVE_GIMPS_ASSIGNMENT,2026-08-08T19:16:24+00:00,UNALLOCATED,,,,,
SLCMP700-3251,3251,3252,317412983,2^317412983-1,STRUCTURAL_SCREEN_EXHAUSTED_PRIMALITY_UNASSIGNED,GF3A_DIRECTIONAL_WRITE_EXHAUSTED_PRIMALITY_UNASSIGNED,514,512,512,NO_RECORDED_FACTOR_PRP_OR_LL_RESULT_AND_NO_ACTIVE_GIMPS_ASSIGNMENT,2026-08-08T19:16:24+00:00,UNALLOCATED,,,,,
SLCMP700-3252,3252,3253,317413067,2^317413067-1,STRUCTURAL_SCREEN_EXHAUSTED_PRIMALITY_UNASSIGNED,GF3A_DIRECTIONAL_WRITE_EXHAUSTED_PRIMALITY_UNASSIGNED,514,512,512,NO_RECORDED_FACTOR_PRP_OR_LL_RESULT_AND_NO_ACTIVE_GIMPS_ASSIGNMENT,2026-08-08T19:16:24+00:00,UNALLOCATED,,,,,
SLCMP700-3253,3253,3254,317413099,2^317413099-1,STRUCTURAL_SCREEN_EXHAUSTED_PRIMALITY_UNASSIGNED,GF3A_DIRECTIONAL_WRITE_EXHAUSTED_PRIMALITY_UNASSIGNED,514,512,512,NO_RECORDED_FACTOR_PRP_OR_LL_RESULT_AND_NO_ACTIVE_GIMPS_ASSIGNMENT,2026-08-08T19:16:24+00:00,UNALLOCATED,,,,,
SLCMP700-3254,3254,3255,317413139,2^317413139-1,STRUCTURAL_SCREEN_EXHAUSTED_PRIMALITY_UNASSIGNED,GF3A_DIRECTIONAL_WRITE_EXHAUSTED_PRIMALITY_UNASSIGNED,514,512,512,NO_RECORDED_FACTOR_PRP_OR_LL_RESULT_AND_NO_ACTIVE_GIMPS_ASSIGNMENT,2026-08-08T19:16:24+00:00,UNALLOCATED,,,,,
SLCMP700-3255,3255,3256,317413153,2^317413153-1,STRUCTURAL_SCREEN_EXHAUSTED_PRIMALITY_UNASSIGNED,GF3A_DIRECTIONAL_WRITE_EXHAUSTED_PRIMALITY_UNASSIGNED,513,512,512,NO_RECORDED_FACTOR_PRP_OR_LL_RESULT_AND_NO_ACTIVE_GIMPS_ASSIGNMENT,2026-08-08T19:16:24+00:00,UNALLOCATED,,,,,
SLCMP700-3256,3256,3257,317413163,2^317413163-1,STRUCTURAL_SCREEN_EXHAUSTED_PRIMALITY_UNASSIGNED,GF3A_DIRECTIONAL_WRITE_EXHAUSTED_PRIMALITY_UNASSIGNED,514,512,512,NO_RECORDED_FACTOR_PRP_OR_LL_RESULT_AND_NO_ACTIVE_GIMPS_ASSIGNMENT,2026-08-08T19:16:24+00:00,UNALLOCATED,,,,,
SLCMP700-3257,3257,3258,317413367,2^317413367-1,STRUCTURAL_SCREEN_EXHAUSTED_PRIMALITY_UNASSIGNED,GF3A_DIRECTIONAL_WRITE_EXHAUSTED_PRIMALITY_UNASSIGNED,514,512,512,NO_RECORDED_FACTOR_PRP_OR_LL_RESULT_AND_NO_ACTIVE_GIMPS_ASSIGNMENT,2026-08-08T19:16:24+00:00,UNALLOCATED,,,,,
SLCMP700-3258,3258,3259,317413379,2^317413379-1,STRUCTURAL_SCREEN_EXHAUSTED_PRIMALITY_UNASSIGNED,GF3A_DIRECTIONAL_WRITE_EXHAUSTED_PRIMALITY_UNASSIGNED,514,512,512,NO_RECORDED_FACTOR_PRP_OR_LL_RESULT_AND_NO_ACTIVE_GIMPS_ASSIGNMENT,2026-08-08T19:16:24+00:00,UNALLOCATED,,,,,
SLCMP700-3259,3259,3260,317413387,2^317413387-1,STRUCTURAL_SCREEN_EXHAUSTED_PRIMALITY_UNASSIGNED,GF3A_DIRECTIONAL_WRITE_EXHAUSTED_PRIMALITY_UNASSIGNED,514,512,512,NO_RECORDED_FACTOR_PRP_OR_LL_RESULT_AND_NO_ACTIVE_GIMPS_ASSIGNMENT,2026-08-08T19:16:24+00:00,UNALLOCATED,,,,,
SLCMP700-3260,3260,3261,317413399,2^317413399-1,STRUCTURAL_SCREEN_EXHAUSTED_PRIMALITY_UNASSIGNED,GF3A_DIRECTIONAL_WRITE_EXHAUSTED_PRIMALITY_UNASSIGNED,514,512,512,NO_RECORDED_FACTOR_PRP_OR_LL_RESULT_AND_NO_ACTIVE_GIMPS_ASSIGNMENT,2026-08-08T19:16:24+00:00,UNALLOCATED,,,,,
SLCMP700-3261,3261,3262,317413441,2^317413441-1,STRUCTURAL_SCREEN_EXHAUSTED_PRIMALITY_UNASSIGNED,GF3A_DIRECTIONAL_WRITE_EXHAUSTED_PRIMALITY_UNASSIGNED,513,512,512,NO_RECORDED_FACTOR_PRP_OR_LL_RESULT_AND_NO_ACTIVE_GIMPS_ASSIGNMENT,2026-08-08T19:16:24+00:00,UNALLOCATED,,,,,
SLCMP700-3262,3262,3263,317413457,2^317413457-1,STRUCTURAL_SCREEN_EXHAUSTED_PRIMALITY_UNASSIGNED,GF3A_DIRECTIONAL_WRITE_EXHAUSTED_PRIMALITY_UNASSIGNED,513,512,512,NO_RECORDED_FACTOR_PRP_OR_LL_RESULT_AND_NO_ACTIVE_GIMPS_ASSIGNMENT,2026-08-08T19:16:24+00:00,UNALLOCATED,,,,,
SLCMP700-3263,3263,3264,317413483,2^317413483-1,STRUCTURAL_SCREEN_EXHAUSTED_PRIMALITY_UNASSIGNED,GF3A_DIRECTIONAL_WRITE_EXHAUSTED_PRIMALITY_UNASSIGNED,514,512,512,NO_RECORDED_FACTOR_PRP_OR_LL_RESULT_AND_NO_ACTIVE_GIMPS_ASSIGNMENT,2026-08-08T19:16:24+00:00,UNALLOCATED,,,,,
SLCMP700-3264,3264,3265,317413493,2^317413493-1,STRUCTURAL_SCREEN_EXHAUSTED_PRIMALITY_UNASSIGNED,GF3A_DIRECTIONAL_WRITE_EXHAUSTED_PRIMALITY_UNASSIGNED,513,512,512,NO_RECORDED_FACTOR_PRP_OR_LL_RESULT_AND_NO_ACTIVE_GIMPS_ASSIGNMENT,2026-08-08T19:16:24+00:00,UNALLOCATED,,,,,
SLCMP700-3265,3265,3266,317413531,2^317413531-1,STRUCTURAL_SCREEN_EXHAUSTED_PRIMALITY_UNASSIGNED,GF3A_DIRECTIONAL_WRITE_EXHAUSTED_PRIMALITY_UNASSIGNED,514,512,512,NO_RECORDED_FACTOR_PRP_OR_LL_RESULT_AND_NO_ACTIVE_GIMPS_ASSIGNMENT,2026-08-08T19:16:24+00:00,UNALLOCATED,,,,,
SLCMP700-3266,3266,3267,317413567,2^317413567-1,STRUCTURAL_SCREEN_EXHAUSTED_PRIMALITY_UNASSIGNED,GF3A_DIRECTIONAL_WRITE_EXHAUSTED_PRIMALITY_UNASSIGNED,514,512,512,NO_RECORDED_FACTOR_PRP_OR_LL_RESULT_AND_NO_ACTIVE_GIMPS_ASSIGNMENT,2026-08-08T19:16:24+00:00,UNALLOCATED,,,,,
SLCMP700-3267,3267,3268,317413597,2^317413597-1,STRUCTURAL_SCREEN_EXHAUSTED_PRIMALITY_UNASSIGNED,GF3A_DIRECTIONAL_WRITE_EXHAUSTED_PRIMALITY_UNASSIGNED,513,512,512,NO_RECORDED_FACTOR_PRP_OR_LL_RESULT_AND_NO_ACTIVE_GIMPS_ASSIGNMENT,2026-08-08T19:16:24+00:00,UNALLOCATED,,,,,
SLCMP700-3268,3268,3269,317413667,2^317413667-1,STRUCTURAL_SCREEN_EXHAUSTED_PRIMALITY_UNASSIGNED,GF3A_DIRECTIONAL_WRITE_EXHAUSTED_PRIMALITY_UNASSIGNED,514,512,512,NO_RECORDED_FACTOR_PRP_OR_LL_RESULT_AND_NO_ACTIVE_GIMPS_ASSIGNMENT,2026-08-08T19:16:24+00:00,UNALLOCATED,,,,,
SLCMP700-3269,3269,3270,317413669,2^317413669-1,STRUCTURAL_SCREEN_EXHAUSTED_PRIMALITY_UNASSIGNED,GF3A_DIRECTIONAL_WRITE_EXHAUSTED_PRIMALITY_UNASSIGNED,513,512,512,NO_RECORDED_FACTOR_PRP_OR_LL_RESULT_AND_NO_ACTIVE_GIMPS_ASSIGNMENT,2026-08-08T19:16:24+00:00,UNALLOCATED,,,,,
SLCMP700-3270,3270,3271,317413697,2^317413697-1,STRUCTURAL_SCREEN_EXHAUSTED_PRIMALITY_UNASSIGNED,GF3A_DIRECTIONAL_WRITE_EXHAUSTED_PRIMALITY_UNASSIGNED,513,512,512,NO_RECORDED_FACTOR_PRP_OR_LL_RESULT_AND_NO_ACTIVE_GIMPS_ASSIGNMENT,2026-08-08T19:16:24+00:00,UNALLOCATED,,,,,
SLCMP700-3271,3271,3272,317413699,2^317413699-1,STRUCTURAL_SCREEN_EXHAUSTED_PRIMALITY_UNASSIGNED,GF3A_DIRECTIONAL_WRITE_EXHAUSTED_PRIMALITY_UNASSIGNED,514,512,512,NO_RECORDED_FACTOR_PRP_OR_LL_RESULT_AND_NO_ACTIVE_GIMPS_ASSIGNMENT,2026-08-08T19:16:24+00:00,UNALLOCATED,,,,,
SLCMP700-3272,3272,3273,317413741,2^317413741-1,STRUCTURAL_SCREEN_EXHAUSTED_PRIMALITY_UNASSIGNED,GF3A_DIRECTIONAL_WRITE_EXHAUSTED_PRIMALITY_UNASSIGNED,513,512,512,NO_RECORDED_FACTOR_PRP_OR_LL_RESULT_AND_NO_ACTIVE_GIMPS_ASSIGNMENT,2026-08-08T19:16:24+00:00,UNALLOCATED,,,,,
SLCMP700-3273,3273,3274,317413769,2^317413769-1,STRUCTURAL_SCREEN_EXHAUSTED_PRIMALITY_UNASSIGNED,GF3A_DIRECTIONAL_WRITE_EXHAUSTED_PRIMALITY_UNASSIGNED,513,512,512,NO_RECORDED_FACTOR_PRP_OR_LL_RESULT_AND_NO_ACTIVE_GIMPS_ASSIGNMENT,2026-08-08T19:16:24+00:00,UNALLOCATED,,,,,
SLCMP700-3274,3274,3275,317413801,2^317413801-1,STRUCTURAL_SCREEN_EXHAUSTED_PRIMALITY_UNASSIGNED,GF3A_DIRECTIONAL_WRITE_EXHAUSTED_PRIMALITY_UNASSIGNED,513,512,512,NO_RECORDED_FACTOR_PRP_OR_LL_RESULT_AND_NO_ACTIVE_GIMPS_ASSIGNMENT,2026-08-08T19:16:24+00:00,UNALLOCATED,,,,,
SLCMP700-3275,3275,3276,317413883,2^317413883-1,STRUCTURAL_SCREEN_EXHAUSTED_PRIMALITY_UNASSIGNED,GF3A_DIRECTIONAL_WRITE_EXHAUSTED_PRIMALITY_UNASSIGNED,514,512,512,NO_RECORDED_FACTOR_PRP_OR_LL_RESULT_AND_NO_ACTIVE_GIMPS_ASSIGNMENT,2026-08-08T19:16:24+00:00,UNALLOCATED,,,,,
SLCMP700-3276,3276,3277,317413909,2^317413909-1,STRUCTURAL_SCREEN_EXHAUSTED_PRIMALITY_UNASSIGNED,GF3A_DIRECTIONAL_WRITE_EXHAUSTED_PRIMALITY_UNASSIGNED,513,512,512,NO_RECORDED_FACTOR_PRP_OR_LL_RESULT_AND_NO_ACTIVE_GIMPS_ASSIGNMENT,2026-08-08T19:16:24+00:00,UNALLOCATED,,,,,
SLCMP700-3277,3277,3278,317413933,2^317413933-1,STRUCTURAL_SCREEN_EXHAUSTED_PRIMALITY_UNASSIGNED,GF3A_DIRECTIONAL_WRITE_EXHAUSTED_PRIMALITY_UNASSIGNED,513,512,512,NO_RECORDED_FACTOR_PRP_OR_LL_RESULT_AND_NO_ACTIVE_GIMPS_ASSIGNMENT,2026-08-08T19:16:24+00:00,UNALLOCATED,,,,,
SLCMP700-3278,3278,3279,317413969,2^317413969-1,STRUCTURAL_SCREEN_EXHAUSTED_PRIMALITY_UNASSIGNED,GF3A_DIRECTIONAL_WRITE_EXHAUSTED_PRIMALITY_UNASSIGNED,513,512,512,NO_RECORDED_FACTOR_PRP_OR_LL_RESULT_AND_NO_ACTIVE_GIMPS_ASSIGNMENT,2026-08-08T19:16:24+00:00,UNALLOCATED,,,,,
SLCMP700-3279,3279,3280,317414033,2^317414033-1,STRUCTURAL_SCREEN_EXHAUSTED_PRIMALITY_UNASSIGNED,GF3A_DIRECTIONAL_WRITE_EXHAUSTED_PRIMALITY_UNASSIGNED,513,512,512,NO_RECORDED_FACTOR_PRP_OR_LL_RESULT_AND_NO_ACTIVE_GIMPS_ASSIGNMENT,2026-08-08T19:16:24+00:00,UNALLOCATED,,,,,
SLCMP700-3280,3280,3281,317414059,2^317414059-1,STRUCTURAL_SCREEN_EXHAUSTED_PRIMALITY_UNASSIGNED,GF3A_DIRECTIONAL_WRITE_EXHAUSTED_PRIMALITY_UNASSIGNED,514,512,512,NO_RECORDED_FACTOR_PRP_OR_LL_RESULT_AND_NO_ACTIVE_GIMPS_ASSIGNMENT,2026-08-08T19:16:24+00:00,UNALLOCATED,,,,,
SLCMP700-3281,3281,3282,317414081,2^317414081-1,STRUCTURAL_SCREEN_EXHAUSTED_PRIMALITY_UNASSIGNED,GF3A_DIRECTIONAL_WRITE_EXHAUSTED_PRIMALITY_UNASSIGNED,513,512,512,NO_RECORDED_FACTOR_PRP_OR_LL_RESULT_AND_NO_ACTIVE_GIMPS_ASSIGNMENT,2026-08-08T19:16:24+00:00,UNALLOCATED,,,,,
SLCMP700-3282,3282,3283,317414113,2^317414113-1,STRUCTURAL_SCREEN_EXHAUSTED_PRIMALITY_UNASSIGNED,GF3A_DIRECTIONAL_WRITE_EXHAUSTED_PRIMALITY_UNASSIGNED,513,512,512,NO_RECORDED_FACTOR_PRP_OR_LL_RESULT_AND_NO_ACTIVE_GIMPS_ASSIGNMENT,2026-08-08T19:16:24+00:00,UNALLOCATED,,,,,
SLCMP700-3283,3283,3284,317414129,2^317414129-1,STRUCTURAL_SCREEN_EXHAUSTED_PRIMALITY_UNASSIGNED,GF3A_DIRECTIONAL_WRITE_EXHAUSTED_PRIMALITY_UNASSIGNED,513,512,512,NO_RECORDED_FACTOR_PRP_OR_LL_RESULT_AND_NO_ACTIVE_GIMPS_ASSIGNMENT,2026-08-08T19:16:24+00:00,UNALLOCATED,,,,,
SLCMP700-3284,3284,3285,317414137,2^317414137-1,STRUCTURAL_SCREEN_EXHAUSTED_PRIMALITY_UNASSIGNED,GF3A_DIRECTIONAL_WRITE_EXHAUSTED_PRIMALITY_UNASSIGNED,513,512,512,NO_RECORDED_FACTOR_PRP_OR_LL_RESULT_AND_NO_ACTIVE_GIMPS_ASSIGNMENT,2026-08-08T19:16:24+00:00,UNALLOCATED,,,,,
SLCMP700-3285,3285,3286,317414143,2^317414143-1,STRUCTURAL_SCREEN_EXHAUSTED_PRIMALITY_UNASSIGNED,GF3A_DIRECTIONAL_WRITE_EXHAUSTED_PRIMALITY_UNASSIGNED,514,512,512,NO_RECORDED_FACTOR_PRP_OR_LL_RESULT_AND_NO_ACTIVE_GIMPS_ASSIGNMENT,2026-08-08T19:16:24+00:00,UNALLOCATED,,,,,
SLCMP700-3286,3286,3287,317414219,2^317414219-1,STRUCTURAL_SCREEN_EXHAUSTED_PRIMALITY_UNASSIGNED,GF3A_DIRECTIONAL_WRITE_EXHAUSTED_PRIMALITY_UNASSIGNED,514,512,512,NO_RECORDED_FACTOR_PRP_OR_LL_RESULT_AND_NO_ACTIVE_GIMPS_ASSIGNMENT,2026-08-08T19:16:24+00:00,UNALLOCATED,,,,,
SLCMP700-3287,3287,3288,317414243,2^317414243-1,STRUCTURAL_SCREEN_EXHAUSTED_PRIMALITY_UNASSIGNED,GF3A_DIRECTIONAL_WRITE_EXHAUSTED_PRIMALITY_UNASSIGNED,514,512,512,NO_RECORDED_FACTOR_PRP_OR_LL_RESULT_AND_NO_ACTIVE_GIMPS_ASSIGNMENT,2026-08-08T19:16:24+00:00,UNALLOCATED,,,,,
SLCMP700-3288,3288,3289,317414249,2^317414249-1,STRUCTURAL_SCREEN_EXHAUSTED_PRIMALITY_UNASSIGNED,GF3A_DIRECTIONAL_WRITE_EXHAUSTED_PRIMALITY_UNASSIGNED,513,512,512,NO_RECORDED_FACTOR_PRP_OR_LL_RESULT_AND_NO_ACTIVE_GIMPS_ASSIGNMENT,2026-08-08T19:16:24+00:00,UNALLOCATED,,,,,
SLCMP700-3289,3289,3290,317414311,2^317414311-1,STRUCTURAL_SCREEN_EXHAUSTED_PRIMALITY_UNASSIGNED,GF3A_DIRECTIONAL_WRITE_EXHAUSTED_PRIMALITY_UNASSIGNED,514,512,512,NO_RECORDED_FACTOR_PRP_OR_LL_RESULT_AND_NO_ACTIVE_GIMPS_ASSIGNMENT,2026-08-08T19:16:24+00:00,UNALLOCATED,,,,,
SLCMP700-3290,3290,3291,317414369,2^317414369-1,STRUCTURAL_SCREEN_EXHAUSTED_PRIMALITY_UNASSIGNED,GF3A_DIRECTIONAL_WRITE_EXHAUSTED_PRIMALITY_UNASSIGNED,513,512,512,NO_RECORDED_FACTOR_PRP_OR_LL_RESULT_AND_NO_ACTIVE_GIMPS_ASSIGNMENT,2026-08-08T19:16:24+00:00,UNALLOCATED,,,,,
SLCMP700-3291,3291,3292,317414473,2^317414473-1,STRUCTURAL_SCREEN_EXHAUSTED_PRIMALITY_UNASSIGNED,GF3A_DIRECTIONAL_WRITE_EXHAUSTED_PRIMALITY_UNASSIGNED,513,512,512,NO_RECORDED_FACTOR_PRP_OR_LL_RESULT_AND_NO_ACTIVE_GIMPS_ASSIGNMENT,2026-08-08T19:16:24+00:00,UNALLOCATED,,,,,
SLCMP700-3292,3292,3293,317414521,2^317414521-1,STRUCTURAL_SCREEN_EXHAUSTED_PRIMALITY_UNASSIGNED,GF3A_DIRECTIONAL_WRITE_EXHAUSTED_PRIMALITY_UNASSIGNED,513,512,512,NO_RECORDED_FACTOR_PRP_OR_LL_RESULT_AND_NO_ACTIVE_GIMPS_ASSIGNMENT,2026-08-08T19:16:24+00:00,UNALLOCATED,,,,,
SLCMP700-3293,3293,3294,317414621,2^317414621-1,STRUCTURAL_SCREEN_EXHAUSTED_PRIMALITY_UNASSIGNED,GF3A_DIRECTIONAL_WRITE_EXHAUSTED_PRIMALITY_UNASSIGNED,513,512,512,NO_RECORDED_FACTOR_PRP_OR_LL_RESULT_AND_NO_ACTIVE_GIMPS_ASSIGNMENT,2026-08-08T19:16:24+00:00,UNALLOCATED,,,,,
SLCMP700-3294,3294,3295,317414663,2^317414663-1,STRUCTURAL_SCREEN_EXHAUSTED_PRIMALITY_UNASSIGNED,GF3A_DIRECTIONAL_WRITE_EXHAUSTED_PRIMALITY_UNASSIGNED,514,512,512,NO_RECORDED_FACTOR_PRP_OR_LL_RESULT_AND_NO_ACTIVE_GIMPS_ASSIGNMENT,2026-08-08T19:16:24+00:00,UNALLOCATED,,,,,
SLCMP700-3295,3295,3296,317414681,2^317414681-1,STRUCTURAL_SCREEN_EXHAUSTED_PRIMALITY_UNASSIGNED,GF3A_DIRECTIONAL_WRITE_EXHAUSTED_PRIMALITY_UNASSIGNED,513,512,512,NO_RECORDED_FACTOR_PRP_OR_LL_RESULT_AND_NO_ACTIVE_GIMPS_ASSIGNMENT,2026-08-08T19:16:24+00:00,UNALLOCATED,,,,,
SLCMP700-3296,3296,3297,317414689,2^317414689-1,STRUCTURAL_SCREEN_EXHAUSTED_PRIMALITY_UNASSIGNED,GF3A_DIRECTIONAL_WRITE_EXHAUSTED_PRIMALITY_UNASSIGNED,513,512,512,NO_RECORDED_FACTOR_PRP_OR_LL_RESULT_AND_NO_ACTIVE_GIMPS_ASSIGNMENT,2026-08-08T19:16:24+00:00,UNALLOCATED,,,,,
SLCMP700-3297,3297,3298,317414753,2^317414753-1,STRUCTURAL_SCREEN_EXHAUSTED_PRIMALITY_UNASSIGNED,GF3A_DIRECTIONAL_WRITE_EXHAUSTED_PRIMALITY_UNASSIGNED,513,512,512,NO_RECORDED_FACTOR_PRP_OR_LL_RESULT_AND_NO_ACTIVE_GIMPS_ASSIGNMENT,2026-08-08T19:16:24+00:00,UNALLOCATED,,,,,
SLCMP700-3298,3298,3299,317414761,2^317414761-1,STRUCTURAL_SCREEN_EXHAUSTED_PRIMALITY_UNASSIGNED,GF3A_DIRECTIONAL_WRITE_EXHAUSTED_PRIMALITY_UNASSIGNED,513,512,512,NO_RECORDED_FACTOR_PRP_OR_LL_RESULT_AND_NO_ACTIVE_GIMPS_ASSIGNMENT,2026-08-08T19:16:24+00:00,UNALLOCATED,,,,,
SLCMP700-3299,3299,3300,317414771,2^317414771-1,STRUCTURAL_SCREEN_EXHAUSTED_PRIMALITY_UNASSIGNED,GF3A_DIRECTIONAL_WRITE_EXHAUSTED_PRIMALITY_UNASSIGNED,514,512,512,NO_RECORDED_FACTOR_PRP_OR_LL_RESULT_AND_NO_ACTIVE_GIMPS_ASSIGNMENT,2026-08-08T19:16:24+00:00,UNALLOCATED,,,,,
SLCMP700-3300,3300,3301,317414807,2^317414807-1,STRUCTURAL_SCREEN_EXHAUSTED_PRIMALITY_UNASSIGNED,GF3A_DIRECTIONAL_WRITE_EXHAUSTED_PRIMALITY_UNASSIGNED,514,512,512,NO_RECORDED_FACTOR_PRP_OR_LL_RESULT_AND_NO_ACTIVE_GIMPS_ASSIGNMENT,2026-08-08T19:16:24+00:00,UNALLOCATED,,,,,
SLCMP700-3301,3301,3302,317414809,2^317414809-1,STRUCTURAL_SCREEN_EXHAUSTED_PRIMALITY_UNASSIGNED,GF3A_DIRECTIONAL_WRITE_EXHAUSTED_PRIMALITY_UNASSIGNED,513,512,512,NO_RECORDED_FACTOR_PRP_OR_LL_RESULT_AND_NO_ACTIVE_GIMPS_ASSIGNMENT,2026-08-08T19:16:24+00:00,UNALLOCATED,,,,,
SLCMP700-3302,3302,3303,317414861,2^317414861-1,STRUCTURAL_SCREEN_EXHAUSTED_PRIMALITY_UNASSIGNED,GF3A_DIRECTIONAL_WRITE_EXHAUSTED_PRIMALITY_UNASSIGNED,513,512,512,NO_RECORDED_FACTOR_PRP_OR_LL_RESULT_AND_NO_ACTIVE_GIMPS_ASSIGNMENT,2026-08-08T19:16:24+00:00,UNALLOCATED,,,,,
SLCMP700-3303,3303,3304,317415047,2^317415047-1,STRUCTURAL_SCREEN_EXHAUSTED_PRIMALITY_UNASSIGNED,GF3A_DIRECTIONAL_WRITE_EXHAUSTED_PRIMALITY_UNASSIGNED,514,512,512,NO_RECORDED_FACTOR_PRP_OR_LL_RESULT_AND_NO_ACTIVE_GIMPS_ASSIGNMENT,2026-08-08T19:16:24+00:00,UNALLOCATED,,,,,
SLCMP700-3304,3304,3305,317415089,2^317415089-1,STRUCTURAL_SCREEN_EXHAUSTED_PRIMALITY_UNASSIGNED,GF3A_DIRECTIONAL_WRITE_EXHAUSTED_PRIMALITY_UNASSIGNED,513,512,512,NO_RECORDED_FACTOR_PRP_OR_LL_RESULT_AND_NO_ACTIVE_GIMPS_ASSIGNMENT,2026-08-08T19:16:24+00:00,UNALLOCATED,,,,,
SLCMP700-3305,3305,3306,317415187,2^317415187-1,STRUCTURAL_SCREEN_EXHAUSTED_PRIMALITY_UNASSIGNED,GF3A_DIRECTIONAL_WRITE_EXHAUSTED_PRIMALITY_UNASSIGNED,514,512,512,NO_RECORDED_FACTOR_PRP_OR_LL_RESULT_AND_NO_ACTIVE_GIMPS_ASSIGNMENT,2026-08-08T19:16:24+00:00,UNALLOCATED,,,,,
SLCMP700-3306,3306,3307,317415191,2^317415191-1,STRUCTURAL_SCREEN_EXHAUSTED_PRIMALITY_UNASSIGNED,GF3A_DIRECTIONAL_WRITE_EXHAUSTED_PRIMALITY_UNASSIGNED,514,512,512,NO_RECORDED_FACTOR_PRP_OR_LL_RESULT_AND_NO_ACTIVE_GIMPS_ASSIGNMENT,2026-08-08T19:16:24+00:00,UNALLOCATED,,,,,
SLCMP700-3307,3307,3308,317415223,2^317415223-1,STRUCTURAL_SCREEN_EXHAUSTED_PRIMALITY_UNASSIGNED,GF3A_DIRECTIONAL_WRITE_EXHAUSTED_PRIMALITY_UNASSIGNED,514,512,512,NO_RECORDED_FACTOR_PRP_OR_LL_RESULT_AND_NO_ACTIVE_GIMPS_ASSIGNMENT,2026-08-08T19:16:24+00:00,UNALLOCATED,,,,,
SLCMP700-3308,3308,3309,317415359,2^317415359-1,STRUCTURAL_SCREEN_EXHAUSTED_PRIMALITY_UNASSIGNED,GF3A_DIRECTIONAL_WRITE_EXHAUSTED_PRIMALITY_UNASSIGNED,514,512,512,NO_RECORDED_FACTOR_PRP_OR_LL_RESULT_AND_NO_ACTIVE_GIMPS_ASSIGNMENT,2026-08-08T19:16:24+00:00,UNALLOCATED,,,,,
SLCMP700-3309,3309,3310,317415389,2^317415389-1,STRUCTURAL_SCREEN_EXHAUSTED_PRIMALITY_UNASSIGNED,GF3A_DIRECTIONAL_WRITE_EXHAUSTED_PRIMALITY_UNASSIGNED,513,512,512,NO_RECORDED_FACTOR_PRP_OR_LL_RESULT_AND_NO_ACTIVE_GIMPS_ASSIGNMENT,2026-08-08T19:16:24+00:00,UNALLOCATED,,,,,
SLCMP700-3310,3310,3311,317415613,2^317415613-1,STRUCTURAL_SCREEN_EXHAUSTED_PRIMALITY_UNASSIGNED,GF3A_DIRECTIONAL_WRITE_EXHAUSTED_PRIMALITY_UNASSIGNED,513,512,512,NO_RECORDED_FACTOR_PRP_OR_LL_RESULT_AND_NO_ACTIVE_GIMPS_ASSIGNMENT,2026-08-08T19:16:24+00:00,UNALLOCATED,,,,,
SLCMP700-3311,3311,3312,317415733,2^317415733-1,STRUCTURAL_SCREEN_EXHAUSTED_PRIMALITY_UNASSIGNED,GF3A_DIRECTIONAL_WRITE_EXHAUSTED_PRIMALITY_UNASSIGNED,513,512,512,NO_RECORDED_FACTOR_PRP_OR_LL_RESULT_AND_NO_ACTIVE_GIMPS_ASSIGNMENT,2026-08-08T19:16:24+00:00,UNALLOCATED,,,,,
SLCMP700-3312,3312,3313,317415779,2^317415779-1,STRUCTURAL_SCREEN_EXHAUSTED_PRIMALITY_UNASSIGNED,GF3A_DIRECTIONAL_WRITE_EXHAUSTED_PRIMALITY_UNASSIGNED,514,512,512,NO_RECORDED_FACTOR_PRP_OR_LL_RESULT_AND_NO_ACTIVE_GIMPS_ASSIGNMENT,2026-08-08T19:16:24+00:00,UNALLOCATED,,,,,
SLCMP700-3313,3313,3314,317415793,2^317415793-1,STRUCTURAL_SCREEN_EXHAUSTED_PRIMALITY_UNASSIGNED,GF3A_DIRECTIONAL_WRITE_EXHAUSTED_PRIMALITY_UNASSIGNED,513,512,512,NO_RECORDED_FACTOR_PRP_OR_LL_RESULT_AND_NO_ACTIVE_GIMPS_ASSIGNMENT,2026-08-08T19:16:24+00:00,UNALLOCATED,,,,,
SLCMP700-3314,3314,3315,317415797,2^317415797-1,STRUCTURAL_SCREEN_EXHAUSTED_PRIMALITY_UNASSIGNED,GF3A_DIRECTIONAL_WRITE_EXHAUSTED_PRIMALITY_UNASSIGNED,513,512,512,NO_RECORDED_FACTOR_PRP_OR_LL_RESULT_AND_NO_ACTIVE_GIMPS_ASSIGNMENT,2026-08-08T19:16:24+00:00,UNALLOCATED,,,,,
SLCMP700-3315,3315,3316,317415871,2^317415871-1,STRUCTURAL_SCREEN_EXHAUSTED_PRIMALITY_UNASSIGNED,GF3A_DIRECTIONAL_WRITE_EXHAUSTED_PRIMALITY_UNASSIGNED,514,512,512,NO_RECORDED_FACTOR_PRP_OR_LL_RESULT_AND_NO_ACTIVE_GIMPS_ASSIGNMENT,2026-08-08T19:16:24+00:00,UNALLOCATED,,,,,
SLCMP700-3316,3316,3317,317415941,2^317415941-1,STRUCTURAL_SCREEN_EXHAUSTED_PRIMALITY_UNASSIGNED,GF3A_DIRECTIONAL_WRITE_EXHAUSTED_PRIMALITY_UNASSIGNED,513,512,512,NO_RECORDED_FACTOR_PRP_OR_LL_RESULT_AND_NO_ACTIVE_GIMPS_ASSIGNMENT,2026-08-08T19:16:24+00:00,UNALLOCATED,,,,,
SLCMP700-3317,3317,3318,317415949,2^317415949-1,STRUCTURAL_SCREEN_EXHAUSTED_PRIMALITY_UNASSIGNED,GF3A_DIRECTIONAL_WRITE_EXHAUSTED_PRIMALITY_UNASSIGNED,513,512,512,NO_RECORDED_FACTOR_PRP_OR_LL_RESULT_AND_NO_ACTIVE_GIMPS_ASSIGNMENT,2026-08-08T19:16:24+00:00,UNALLOCATED,,,,,
SLCMP700-3318,3318,3319,317415977,2^317415977-1,STRUCTURAL_SCREEN_EXHAUSTED_PRIMALITY_UNASSIGNED,GF3A_DIRECTIONAL_WRITE_EXHAUSTED_PRIMALITY_UNASSIGNED,513,512,512,NO_RECORDED_FACTOR_PRP_OR_LL_RESULT_AND_NO_ACTIVE_GIMPS_ASSIGNMENT,2026-08-08T19:16:24+00:00,UNALLOCATED,,,,,
SLCMP700-3319,3319,3320,317416003,2^317416003-1,STRUCTURAL_SCREEN_EXHAUSTED_PRIMALITY_UNASSIGNED,GF3A_DIRECTIONAL_WRITE_EXHAUSTED_PRIMALITY_UNASSIGNED,514,512,512,NO_RECORDED_FACTOR_PRP_OR_LL_RESULT_AND_NO_ACTIVE_GIMPS_ASSIGNMENT,2026-08-08T19:16:24+00:00,UNALLOCATED,,,,,
SLCMP700-3320,3320,3321,317416063,2^317416063-1,STRUCTURAL_SCREEN_EXHAUSTED_PRIMALITY_UNASSIGNED,GF3A_DIRECTIONAL_WRITE_EXHAUSTED_PRIMALITY_UNASSIGNED,514,512,512,NO_RECORDED_FACTOR_PRP_OR_LL_RESULT_AND_NO_ACTIVE_GIMPS_ASSIGNMENT,2026-08-08T19:16:24+00:00,UNALLOCATED,,,,,
SLCMP700-3321,3321,3322,317416103,2^317416103-1,STRUCTURAL_SCREEN_EXHAUSTED_PRIMALITY_UNASSIGNED,GF3A_DIRECTIONAL_WRITE_EXHAUSTED_PRIMALITY_UNASSIGNED,514,512,512,NO_RECORDED_FACTOR_PRP_OR_LL_RESULT_AND_NO_ACTIVE_GIMPS_ASSIGNMENT,2026-08-08T19:16:24+00:00,UNALLOCATED,,,,,
SLCMP700-3322,3322,3323,317416157,2^317416157-1,STRUCTURAL_SCREEN_EXHAUSTED_PRIMALITY_UNASSIGNED,GF3A_DIRECTIONAL_WRITE_EXHAUSTED_PRIMALITY_UNASSIGNED,513,512,512,NO_RECORDED_FACTOR_PRP_OR_LL_RESULT_AND_NO_ACTIVE_GIMPS_ASSIGNMENT,2026-08-08T19:16:24+00:00,UNALLOCATED,,,,,
SLCMP700-3323,3323,3324,317416181,2^317416181-1,STRUCTURAL_SCREEN_EXHAUSTED_PRIMALITY_UNASSIGNED,GF3A_DIRECTIONAL_WRITE_EXHAUSTED_PRIMALITY_UNASSIGNED,513,512,512,NO_RECORDED_FACTOR_PRP_OR_LL_RESULT_AND_NO_ACTIVE_GIMPS_ASSIGNMENT,2026-08-08T19:16:24+00:00,UNALLOCATED,,,,,
SLCMP700-3324,3324,3325,317416273,2^317416273-1,STRUCTURAL_SCREEN_EXHAUSTED_PRIMALITY_UNASSIGNED,GF3A_DIRECTIONAL_WRITE_EXHAUSTED_PRIMALITY_UNASSIGNED,513,512,512,NO_RECORDED_FACTOR_PRP_OR_LL_RESULT_AND_NO_ACTIVE_GIMPS_ASSIGNMENT,2026-08-08T19:16:24+00:00,UNALLOCATED,,,,,
SLCMP700-3325,3325,3326,317416321,2^317416321-1,STRUCTURAL_SCREEN_EXHAUSTED_PRIMALITY_UNASSIGNED,GF3A_DIRECTIONAL_WRITE_EXHAUSTED_PRIMALITY_UNASSIGNED,513,512,512,NO_RECORDED_FACTOR_PRP_OR_LL_RESULT_AND_NO_ACTIVE_GIMPS_ASSIGNMENT,2026-08-08T19:16:24+00:00,UNALLOCATED,,,,,
SLCMP700-3326,3326,3327,317416349,2^317416349-1,STRUCTURAL_SCREEN_EXHAUSTED_PRIMALITY_UNASSIGNED,GF3A_DIRECTIONAL_WRITE_EXHAUSTED_PRIMALITY_UNASSIGNED,513,512,512,NO_RECORDED_FACTOR_PRP_OR_LL_RESULT_AND_NO_ACTIVE_GIMPS_ASSIGNMENT,2026-08-08T19:16:24+00:00,UNALLOCATED,,,,,
SLCMP700-3327,3327,3328,317416361,2^317416361-1,STRUCTURAL_SCREEN_EXHAUSTED_PRIMALITY_UNASSIGNED,GF3A_DIRECTIONAL_WRITE_EXHAUSTED_PRIMALITY_UNASSIGNED,513,512,512,NO_RECORDED_FACTOR_PRP_OR_LL_RESULT_AND_NO_ACTIVE_GIMPS_ASSIGNMENT,2026-08-08T19:16:24+00:00,UNALLOCATED,,,,,
SLCMP700-3328,3328,3329,317416381,2^317416381-1,STRUCTURAL_SCREEN_EXHAUSTED_PRIMALITY_UNASSIGNED,GF3A_DIRECTIONAL_WRITE_EXHAUSTED_PRIMALITY_UNASSIGNED,513,512,512,NO_RECORDED_FACTOR_PRP_OR_LL_RESULT_AND_NO_ACTIVE_GIMPS_ASSIGNMENT,2026-08-08T19:16:24+00:00,UNALLOCATED,,,,,
SLCMP700-3329,3329,3330,317416387,2^317416387-1,STRUCTURAL_SCREEN_EXHAUSTED_PRIMALITY_UNASSIGNED,GF3A_DIRECTIONAL_WRITE_EXHAUSTED_PRIMALITY_UNASSIGNED,514,512,512,NO_RECORDED_FACTOR_PRP_OR_LL_RESULT_AND_NO_ACTIVE_GIMPS_ASSIGNMENT,2026-08-08T19:16:24+00:00,UNALLOCATED,,,,,
SLCMP700-3330,3330,3331,317416423,2^317416423-1,STRUCTURAL_SCREEN_EXHAUSTED_PRIMALITY_UNASSIGNED,GF3A_DIRECTIONAL_WRITE_EXHAUSTED_PRIMALITY_UNASSIGNED,514,512,512,NO_RECORDED_FACTOR_PRP_OR_LL_RESULT_AND_NO_ACTIVE_GIMPS_ASSIGNMENT,2026-08-08T19:16:24+00:00,UNALLOCATED,,,,,
SLCMP700-3331,3331,3332,317416487,2^317416487-1,STRUCTURAL_SCREEN_EXHAUSTED_PRIMALITY_UNASSIGNED,GF3A_DIRECTIONAL_WRITE_EXHAUSTED_PRIMALITY_UNASSIGNED,514,512,512,NO_RECORDED_FACTOR_PRP_OR_LL_RESULT_AND_NO_ACTIVE_GIMPS_ASSIGNMENT,2026-08-08T19:16:24+00:00,UNALLOCATED,,,,,
SLCMP700-3332,3332,3333,317416529,2^317416529-1,STRUCTURAL_SCREEN_EXHAUSTED_PRIMALITY_UNASSIGNED,GF3A_DIRECTIONAL_WRITE_EXHAUSTED_PRIMALITY_UNASSIGNED,513,512,512,NO_RECORDED_FACTOR_PRP_OR_LL_RESULT_AND_NO_ACTIVE_GIMPS_ASSIGNMENT,2026-08-08T19:16:24+00:00,UNALLOCATED,,,,,
SLCMP700-3333,3333,3334,317416531,2^317416531-1,STRUCTURAL_SCREEN_EXHAUSTED_PRIMALITY_UNASSIGNED,GF3A_DIRECTIONAL_WRITE_EXHAUSTED_PRIMALITY_UNASSIGNED,514,512,512,NO_RECORDED_FACTOR_PRP_OR_LL_RESULT_AND_NO_ACTIVE_GIMPS_ASSIGNMENT,2026-08-08T19:16:24+00:00,UNALLOCATED,,,,,
SLCMP700-3334,3334,3335,317416607,2^317416607-1,STRUCTURAL_SCREEN_EXHAUSTED_PRIMALITY_UNASSIGNED,GF3A_DIRECTIONAL_WRITE_EXHAUSTED_PRIMALITY_UNASSIGNED,514,512,512,NO_RECORDED_FACTOR_PRP_OR_LL_RESULT_AND_NO_ACTIVE_GIMPS_ASSIGNMENT,2026-08-08T19:16:24+00:00,UNALLOCATED,,,,,
SLCMP700-3335,3335,3336,317416613,2^317416613-1,STRUCTURAL_SCREEN_EXHAUSTED_PRIMALITY_UNASSIGNED,GF3A_DIRECTIONAL_WRITE_EXHAUSTED_PRIMALITY_UNASSIGNED,513,512,512,NO_RECORDED_FACTOR_PRP_OR_LL_RESULT_AND_NO_ACTIVE_GIMPS_ASSIGNMENT,2026-08-08T19:16:24+00:00,UNALLOCATED,,,,,
SLCMP700-3336,3336,3337,317416621,2^317416621-1,STRUCTURAL_SCREEN_EXHAUSTED_PRIMALITY_UNASSIGNED,GF3A_DIRECTIONAL_WRITE_EXHAUSTED_PRIMALITY_UNASSIGNED,513,512,512,NO_RECORDED_FACTOR_PRP_OR_LL_RESULT_AND_NO_ACTIVE_GIMPS_ASSIGNMENT,2026-08-08T19:16:24+00:00,UNALLOCATED,,,,,
SLCMP700-3337,3337,3338,317416643,2^317416643-1,STRUCTURAL_SCREEN_EXHAUSTED_PRIMALITY_UNASSIGNED,GF3A_DIRECTIONAL_WRITE_EXHAUSTED_PRIMALITY_UNASSIGNED,514,512,512,NO_RECORDED_FACTOR_PRP_OR_LL_RESULT_AND_NO_ACTIVE_GIMPS_ASSIGNMENT,2026-08-08T19:16:24+00:00,UNALLOCATED,,,,,
SLCMP700-3338,3338,3339,317416699,2^317416699-1,STRUCTURAL_SCREEN_EXHAUSTED_PRIMALITY_UNASSIGNED,GF3A_DIRECTIONAL_WRITE_EXHAUSTED_PRIMALITY_UNASSIGNED,514,512,512,NO_RECORDED_FACTOR_PRP_OR_LL_RESULT_AND_NO_ACTIVE_GIMPS_ASSIGNMENT,2026-08-08T19:16:24+00:00,UNALLOCATED,,,,,
SLCMP700-3339,3339,3340,317416703,2^317416703-1,STRUCTURAL_SCREEN_EXHAUSTED_PRIMALITY_UNASSIGNED,GF3A_DIRECTIONAL_WRITE_EXHAUSTED_PRIMALITY_UNASSIGNED,514,512,512,NO_RECORDED_FACTOR_PRP_OR_LL_RESULT_AND_NO_ACTIVE_GIMPS_ASSIGNMENT,2026-08-08T19:16:24+00:00,UNALLOCATED,,,,,
SLCMP700-3340,3340,3341,317416751,2^317416751-1,STRUCTURAL_SCREEN_EXHAUSTED_PRIMALITY_UNASSIGNED,GF3A_DIRECTIONAL_WRITE_EXHAUSTED_PRIMALITY_UNASSIGNED,514,512,512,NO_RECORDED_FACTOR_PRP_OR_LL_RESULT_AND_NO_ACTIVE_GIMPS_ASSIGNMENT,2026-08-08T19:16:24+00:00,UNALLOCATED,,,,,
SLCMP700-3341,3341,3342,317416811,2^317416811-1,STRUCTURAL_SCREEN_EXHAUSTED_PRIMALITY_UNASSIGNED,GF3A_DIRECTIONAL_WRITE_EXHAUSTED_PRIMALITY_UNASSIGNED,514,512,512,NO_RECORDED_FACTOR_PRP_OR_LL_RESULT_AND_NO_ACTIVE_GIMPS_ASSIGNMENT,2026-08-08T19:16:24+00:00,UNALLOCATED,,,,,
SLCMP700-3342,3342,3343,317416901,2^317416901-1,STRUCTURAL_SCREEN_EXHAUSTED_PRIMALITY_UNASSIGNED,GF3A_DIRECTIONAL_WRITE_EXHAUSTED_PRIMALITY_UNASSIGNED,513,512,512,NO_RECORDED_FACTOR_PRP_OR_LL_RESULT_AND_NO_ACTIVE_GIMPS_ASSIGNMENT,2026-08-08T19:16:24+00:00,UNALLOCATED,,,,,
SLCMP700-3343,3343,3344,317416937,2^317416937-1,STRUCTURAL_SCREEN_EXHAUSTED_PRIMALITY_UNASSIGNED,GF3A_DIRECTIONAL_WRITE_EXHAUSTED_PRIMALITY_UNASSIGNED,513,512,512,NO_RECORDED_FACTOR_PRP_OR_LL_RESULT_AND_NO_ACTIVE_GIMPS_ASSIGNMENT,2026-08-08T19:16:24+00:00,UNALLOCATED,,,,,
SLCMP700-3344,3344,3345,317416999,2^317416999-1,STRUCTURAL_SCREEN_EXHAUSTED_PRIMALITY_UNASSIGNED,GF3A_DIRECTIONAL_WRITE_EXHAUSTED_PRIMALITY_UNASSIGNED,514,512,512,NO_RECORDED_FACTOR_PRP_OR_LL_RESULT_AND_NO_ACTIVE_GIMPS_ASSIGNMENT,2026-08-08T19:16:24+00:00,UNALLOCATED,,,,,
SLCMP700-3345,3345,3346,317417017,2^317417017-1,STRUCTURAL_SCREEN_EXHAUSTED_PRIMALITY_UNASSIGNED,GF3A_DIRECTIONAL_WRITE_EXHAUSTED_PRIMALITY_UNASSIGNED,513,512,512,NO_RECORDED_FACTOR_PRP_OR_LL_RESULT_AND_NO_ACTIVE_GIMPS_ASSIGNMENT,2026-08-08T19:16:24+00:00,UNALLOCATED,,,,,
SLCMP700-3346,3346,3347,317417147,2^317417147-1,STRUCTURAL_SCREEN_EXHAUSTED_PRIMALITY_UNASSIGNED,GF3A_DIRECTIONAL_WRITE_EXHAUSTED_PRIMALITY_UNASSIGNED,514,512,512,NO_RECORDED_FACTOR_PRP_OR_LL_RESULT_AND_NO_ACTIVE_GIMPS_ASSIGNMENT,2026-08-08T19:16:24+00:00,UNALLOCATED,,,,,
SLCMP700-3347,3347,3348,317417161,2^317417161-1,STRUCTURAL_SCREEN_EXHAUSTED_PRIMALITY_UNASSIGNED,GF3A_DIRECTIONAL_WRITE_EXHAUSTED_PRIMALITY_UNASSIGNED,513,512,512,NO_RECORDED_FACTOR_PRP_OR_LL_RESULT_AND_NO_ACTIVE_GIMPS_ASSIGNMENT,2026-08-08T19:16:24+00:00,UNALLOCATED,,,,,
SLCMP700-3348,3348,3349,317417171,2^317417171-1,STRUCTURAL_SCREEN_EXHAUSTED_PRIMALITY_UNASSIGNED,GF3A_DIRECTIONAL_WRITE_EXHAUSTED_PRIMALITY_UNASSIGNED,514,512,512,NO_RECORDED_FACTOR_PRP_OR_LL_RESULT_AND_NO_ACTIVE_GIMPS_ASSIGNMENT,2026-08-08T19:16:24+00:00,UNALLOCATED,,,,,
SLCMP700-3349,3349,3350,317417207,2^317417207-1,STRUCTURAL_SCREEN_EXHAUSTED_PRIMALITY_UNASSIGNED,GF3A_DIRECTIONAL_WRITE_EXHAUSTED_PRIMALITY_UNASSIGNED,514,512,512,NO_RECORDED_FACTOR_PRP_OR_LL_RESULT_AND_NO_ACTIVE_GIMPS_ASSIGNMENT,2026-08-08T19:16:24+00:00,UNALLOCATED,,,,,
SLCMP700-3350,3350,3351,317417231,2^317417231-1,STRUCTURAL_SCREEN_EXHAUSTED_PRIMALITY_UNASSIGNED,GF3A_DIRECTIONAL_WRITE_EXHAUSTED_PRIMALITY_UNASSIGNED,514,512,512,NO_RECORDED_FACTOR_PRP_OR_LL_RESULT_AND_NO_ACTIVE_GIMPS_ASSIGNMENT,2026-08-08T19:16:24+00:00,UNALLOCATED,,,,,
SLCMP700-3351,3351,3352,317417237,2^317417237-1,STRUCTURAL_SCREEN_EXHAUSTED_PRIMALITY_UNASSIGNED,GF3A_DIRECTIONAL_WRITE_EXHAUSTED_PRIMALITY_UNASSIGNED,513,512,512,NO_RECORDED_FACTOR_PRP_OR_LL_RESULT_AND_NO_ACTIVE_GIMPS_ASSIGNMENT,2026-08-08T19:16:24+00:00,UNALLOCATED,,,,,
SLCMP700-3352,3352,3353,317417291,2^317417291-1,STRUCTURAL_SCREEN_EXHAUSTED_PRIMALITY_UNASSIGNED,GF3A_DIRECTIONAL_WRITE_EXHAUSTED_PRIMALITY_UNASSIGNED,514,512,512,NO_RECORDED_FACTOR_PRP_OR_LL_RESULT_AND_NO_ACTIVE_GIMPS_ASSIGNMENT,2026-08-08T19:16:24+00:00,UNALLOCATED,,,,,
SLCMP700-3353,3353,3354,317417297,2^317417297-1,STRUCTURAL_SCREEN_EXHAUSTED_PRIMALITY_UNASSIGNED,GF3A_DIRECTIONAL_WRITE_EXHAUSTED_PRIMALITY_UNASSIGNED,513,512,512,NO_RECORDED_FACTOR_PRP_OR_LL_RESULT_AND_NO_ACTIVE_GIMPS_ASSIGNMENT,2026-08-08T19:16:24+00:00,UNALLOCATED,,,,,
SLCMP700-3354,3354,3355,317417327,2^317417327-1,STRUCTURAL_SCREEN_EXHAUSTED_PRIMALITY_UNASSIGNED,GF3A_DIRECTIONAL_WRITE_EXHAUSTED_PRIMALITY_UNASSIGNED,514,512,512,NO_RECORDED_FACTOR_PRP_OR_LL_RESULT_AND_NO_ACTIVE_GIMPS_ASSIGNMENT,2026-08-08T19:16:24+00:00,UNALLOCATED,,,,,
SLCMP700-3355,3355,3356,317417341,2^317417341-1,STRUCTURAL_SCREEN_EXHAUSTED_PRIMALITY_UNASSIGNED,GF3A_DIRECTIONAL_WRITE_EXHAUSTED_PRIMALITY_UNASSIGNED,513,512,512,NO_RECORDED_FACTOR_PRP_OR_LL_RESULT_AND_NO_ACTIVE_GIMPS_ASSIGNMENT,2026-08-08T19:16:24+00:00,UNALLOCATED,,,,,
SLCMP700-3356,3356,3357,317417417,2^317417417-1,STRUCTURAL_SCREEN_EXHAUSTED_PRIMALITY_UNASSIGNED,GF3A_DIRECTIONAL_WRITE_EXHAUSTED_PRIMALITY_UNASSIGNED,513,512,512,NO_RECORDED_FACTOR_PRP_OR_LL_RESULT_AND_NO_ACTIVE_GIMPS_ASSIGNMENT,2026-08-08T19:16:24+00:00,UNALLOCATED,,,,,
SLCMP700-3357,3357,3358,317417453,2^317417453-1,STRUCTURAL_SCREEN_EXHAUSTED_PRIMALITY_UNASSIGNED,GF3A_DIRECTIONAL_WRITE_EXHAUSTED_PRIMALITY_UNASSIGNED,513,512,512,NO_RECORDED_FACTOR_PRP_OR_LL_RESULT_AND_NO_ACTIVE_GIMPS_ASSIGNMENT,2026-08-08T19:16:24+00:00,UNALLOCATED,,,,,
SLCMP700-3358,3358,3359,317417467,2^317417467-1,STRUCTURAL_SCREEN_EXHAUSTED_PRIMALITY_UNASSIGNED,GF3A_DIRECTIONAL_WRITE_EXHAUSTED_PRIMALITY_UNASSIGNED,514,512,512,NO_RECORDED_FACTOR_PRP_OR_LL_RESULT_AND_NO_ACTIVE_GIMPS_ASSIGNMENT,2026-08-08T19:16:24+00:00,UNALLOCATED,,,,,
SLCMP700-3359,3359,3360,317417677,2^317417677-1,STRUCTURAL_SCREEN_EXHAUSTED_PRIMALITY_UNASSIGNED,GF3A_DIRECTIONAL_WRITE_EXHAUSTED_PRIMALITY_UNASSIGNED,513,512,512,NO_RECORDED_FACTOR_PRP_OR_LL_RESULT_AND_NO_ACTIVE_GIMPS_ASSIGNMENT,2026-08-08T19:16:24+00:00,UNALLOCATED,,,,,
SLCMP700-3360,3360,3361,317417713,2^317417713-1,STRUCTURAL_SCREEN_EXHAUSTED_PRIMALITY_UNASSIGNED,GF3A_DIRECTIONAL_WRITE_EXHAUSTED_PRIMALITY_UNASSIGNED,513,512,512,NO_RECORDED_FACTOR_PRP_OR_LL_RESULT_AND_NO_ACTIVE_GIMPS_ASSIGNMENT,2026-08-08T19:16:24+00:00,UNALLOCATED,,,,,
SLCMP700-3361,3361,3362,317417717,2^317417717-1,STRUCTURAL_SCREEN_EXHAUSTED_PRIMALITY_UNASSIGNED,GF3A_DIRECTIONAL_WRITE_EXHAUSTED_PRIMALITY_UNASSIGNED,513,512,512,NO_RECORDED_FACTOR_PRP_OR_LL_RESULT_AND_NO_ACTIVE_GIMPS_ASSIGNMENT,2026-08-08T19:16:24+00:00,UNALLOCATED,,,,,
SLCMP700-3362,3362,3363,317417719,2^317417719-1,STRUCTURAL_SCREEN_EXHAUSTED_PRIMALITY_UNASSIGNED,GF3A_DIRECTIONAL_WRITE_EXHAUSTED_PRIMALITY_UNASSIGNED,514,512,512,NO_RECORDED_FACTOR_PRP_OR_LL_RESULT_AND_NO_ACTIVE_GIMPS_ASSIGNMENT,2026-08-08T19:16:24+00:00,UNALLOCATED,,,,,
SLCMP700-3363,3363,3364,317417923,2^317417923-1,STRUCTURAL_SCREEN_EXHAUSTED_PRIMALITY_UNASSIGNED,GF3A_DIRECTIONAL_WRITE_EXHAUSTED_PRIMALITY_UNASSIGNED,514,512,512,NO_RECORDED_FACTOR_PRP_OR_LL_RESULT_AND_NO_ACTIVE_GIMPS_ASSIGNMENT,2026-08-08T19:16:24+00:00,UNALLOCATED,,,,,
SLCMP700-3364,3364,3365,317417987,2^317417987-1,STRUCTURAL_SCREEN_EXHAUSTED_PRIMALITY_UNASSIGNED,GF3A_DIRECTIONAL_WRITE_EXHAUSTED_PRIMALITY_UNASSIGNED,514,512,512,NO_RECORDED_FACTOR_PRP_OR_LL_RESULT_AND_NO_ACTIVE_GIMPS_ASSIGNMENT,2026-08-08T19:16:24+00:00,UNALLOCATED,,,,,
SLCMP700-3365,3365,3366,317417993,2^317417993-1,STRUCTURAL_SCREEN_EXHAUSTED_PRIMALITY_UNASSIGNED,GF3A_DIRECTIONAL_WRITE_EXHAUSTED_PRIMALITY_UNASSIGNED,513,512,512,NO_RECORDED_FACTOR_PRP_OR_LL_RESULT_AND_NO_ACTIVE_GIMPS_ASSIGNMENT,2026-08-08T19:16:24+00:00,UNALLOCATED,,,,,
SLCMP700-3366,3366,3367,317418019,2^317418019-1,STRUCTURAL_SCREEN_EXHAUSTED_PRIMALITY_UNASSIGNED,GF3A_DIRECTIONAL_WRITE_EXHAUSTED_PRIMALITY_UNASSIGNED,514,512,512,NO_RECORDED_FACTOR_PRP_OR_LL_RESULT_AND_NO_ACTIVE_GIMPS_ASSIGNMENT,2026-08-08T19:16:24+00:00,UNALLOCATED,,,,,
SLCMP700-3367,3367,3368,317418097,2^317418097-1,STRUCTURAL_SCREEN_EXHAUSTED_PRIMALITY_UNASSIGNED,GF3A_DIRECTIONAL_WRITE_EXHAUSTED_PRIMALITY_UNASSIGNED,513,512,512,NO_RECORDED_FACTOR_PRP_OR_LL_RESULT_AND_NO_ACTIVE_GIMPS_ASSIGNMENT,2026-08-08T19:16:24+00:00,UNALLOCATED,,,,,
SLCMP700-3368,3368,3369,317418121,2^317418121-1,STRUCTURAL_SCREEN_EXHAUSTED_PRIMALITY_UNASSIGNED,GF3A_DIRECTIONAL_WRITE_EXHAUSTED_PRIMALITY_UNASSIGNED,513,512,512,NO_RECORDED_FACTOR_PRP_OR_LL_RESULT_AND_NO_ACTIVE_GIMPS_ASSIGNMENT,2026-08-08T19:16:24+00:00,UNALLOCATED,,,,,
SLCMP700-3369,3369,3370,317418181,2^317418181-1,STRUCTURAL_SCREEN_EXHAUSTED_PRIMALITY_UNASSIGNED,GF3A_DIRECTIONAL_WRITE_EXHAUSTED_PRIMALITY_UNASSIGNED,513,512,512,NO_RECORDED_FACTOR_PRP_OR_LL_RESULT_AND_NO_ACTIVE_GIMPS_ASSIGNMENT,2026-08-08T19:16:24+00:00,UNALLOCATED,,,,,
SLCMP700-3370,3370,3371,317418221,2^317418221-1,STRUCTURAL_SCREEN_EXHAUSTED_PRIMALITY_UNASSIGNED,GF3A_DIRECTIONAL_WRITE_EXHAUSTED_PRIMALITY_UNASSIGNED,513,512,512,NO_RECORDED_FACTOR_PRP_OR_LL_RESULT_AND_NO_ACTIVE_GIMPS_ASSIGNMENT,2026-08-08T19:16:24+00:00,UNALLOCATED,,,,,
SLCMP700-3371,3371,3372,317418263,2^317418263-1,STRUCTURAL_SCREEN_EXHAUSTED_PRIMALITY_UNASSIGNED,GF3A_DIRECTIONAL_WRITE_EXHAUSTED_PRIMALITY_UNASSIGNED,514,512,512,NO_RECORDED_FACTOR_PRP_OR_LL_RESULT_AND_NO_ACTIVE_GIMPS_ASSIGNMENT,2026-08-08T19:16:24+00:00,UNALLOCATED,,,,,
SLCMP700-3372,3372,3373,317418281,2^317418281-1,STRUCTURAL_SCREEN_EXHAUSTED_PRIMALITY_UNASSIGNED,GF3A_DIRECTIONAL_WRITE_EXHAUSTED_PRIMALITY_UNASSIGNED,513,512,512,NO_RECORDED_FACTOR_PRP_OR_LL_RESULT_AND_NO_ACTIVE_GIMPS_ASSIGNMENT,2026-08-08T19:16:24+00:00,UNALLOCATED,,,,,
SLCMP700-3373,3373,3374,317418359,2^317418359-1,STRUCTURAL_SCREEN_EXHAUSTED_PRIMALITY_UNASSIGNED,GF3A_DIRECTIONAL_WRITE_EXHAUSTED_PRIMALITY_UNASSIGNED,514,512,512,NO_RECORDED_FACTOR_PRP_OR_LL_RESULT_AND_NO_ACTIVE_GIMPS_ASSIGNMENT,2026-08-08T19:16:24+00:00,UNALLOCATED,,,,,
SLCMP700-3374,3374,3375,317418467,2^317418467-1,STRUCTURAL_SCREEN_EXHAUSTED_PRIMALITY_UNASSIGNED,GF3A_DIRECTIONAL_WRITE_EXHAUSTED_PRIMALITY_UNASSIGNED,514,512,512,NO_RECORDED_FACTOR_PRP_OR_LL_RESULT_AND_NO_ACTIVE_GIMPS_ASSIGNMENT,2026-08-08T19:16:24+00:00,UNALLOCATED,,,,,
SLCMP700-3375,3375,3376,317418583,2^317418583-1,STRUCTURAL_SCREEN_EXHAUSTED_PRIMALITY_UNASSIGNED,GF3A_DIRECTIONAL_WRITE_EXHAUSTED_PRIMALITY_UNASSIGNED,514,512,512,NO_RECORDED_FACTOR_PRP_OR_LL_RESULT_AND_NO_ACTIVE_GIMPS_ASSIGNMENT,2026-08-08T19:16:24+00:00,UNALLOCATED,,,,,
SLCMP700-3376,3376,3377,317418587,2^317418587-1,STRUCTURAL_SCREEN_EXHAUSTED_PRIMALITY_UNASSIGNED,GF3A_DIRECTIONAL_WRITE_EXHAUSTED_PRIMALITY_UNASSIGNED,514,512,512,NO_RECORDED_FACTOR_PRP_OR_LL_RESULT_AND_NO_ACTIVE_GIMPS_ASSIGNMENT,2026-08-08T19:16:24+00:00,UNALLOCATED,,,,,
SLCMP700-3377,3377,3378,317418599,2^317418599-1,STRUCTURAL_SCREEN_EXHAUSTED_PRIMALITY_UNASSIGNED,GF3A_DIRECTIONAL_WRITE_EXHAUSTED_PRIMALITY_UNASSIGNED,514,512,512,NO_RECORDED_FACTOR_PRP_OR_LL_RESULT_AND_NO_ACTIVE_GIMPS_ASSIGNMENT,2026-08-08T19:16:24+00:00,UNALLOCATED,,,,,
SLCMP700-3378,3378,3379,317418623,2^317418623-1,STRUCTURAL_SCREEN_EXHAUSTED_PRIMALITY_UNASSIGNED,GF3A_DIRECTIONAL_WRITE_EXHAUSTED_PRIMALITY_UNASSIGNED,514,512,512,NO_RECORDED_FACTOR_PRP_OR_LL_RESULT_AND_NO_ACTIVE_GIMPS_ASSIGNMENT,2026-08-08T19:16:24+00:00,UNALLOCATED,,,,,
SLCMP700-3379,3379,3380,317418677,2^317418677-1,STRUCTURAL_SCREEN_EXHAUSTED_PRIMALITY_UNASSIGNED,GF3A_DIRECTIONAL_WRITE_EXHAUSTED_PRIMALITY_UNASSIGNED,513,512,512,NO_RECORDED_FACTOR_PRP_OR_LL_RESULT_AND_NO_ACTIVE_GIMPS_ASSIGNMENT,2026-08-08T19:16:24+00:00,UNALLOCATED,,,,,
SLCMP700-3380,3380,3381,317418691,2^317418691-1,STRUCTURAL_SCREEN_EXHAUSTED_PRIMALITY_UNASSIGNED,GF3A_DIRECTIONAL_WRITE_EXHAUSTED_PRIMALITY_UNASSIGNED,514,512,512,NO_RECORDED_FACTOR_PRP_OR_LL_RESULT_AND_NO_ACTIVE_GIMPS_ASSIGNMENT,2026-08-08T19:16:24+00:00,UNALLOCATED,,,,,
SLCMP700-3381,3381,3382,317418763,2^317418763-1,STRUCTURAL_SCREEN_EXHAUSTED_PRIMALITY_UNASSIGNED,GF3A_DIRECTIONAL_WRITE_EXHAUSTED_PRIMALITY_UNASSIGNED,514,512,512,NO_RECORDED_FACTOR_PRP_OR_LL_RESULT_AND_NO_ACTIVE_GIMPS_ASSIGNMENT,2026-08-08T19:16:24+00:00,UNALLOCATED,,,,,
SLCMP700-3382,3382,3383,317418797,2^317418797-1,STRUCTURAL_SCREEN_EXHAUSTED_PRIMALITY_UNASSIGNED,GF3A_DIRECTIONAL_WRITE_EXHAUSTED_PRIMALITY_UNASSIGNED,513,512,512,NO_RECORDED_FACTOR_PRP_OR_LL_RESULT_AND_NO_ACTIVE_GIMPS_ASSIGNMENT,2026-08-08T19:16:24+00:00,UNALLOCATED,,,,,
SLCMP700-3383,3383,3384,317418953,2^317418953-1,STRUCTURAL_SCREEN_EXHAUSTED_PRIMALITY_UNASSIGNED,GF3A_DIRECTIONAL_WRITE_EXHAUSTED_PRIMALITY_UNASSIGNED,513,512,512,NO_RECORDED_FACTOR_PRP_OR_LL_RESULT_AND_NO_ACTIVE_GIMPS_ASSIGNMENT,2026-08-08T19:16:24+00:00,UNALLOCATED,,,,,
SLCMP700-3384,3384,3385,317418971,2^317418971-1,STRUCTURAL_SCREEN_EXHAUSTED_PRIMALITY_UNASSIGNED,GF3A_DIRECTIONAL_WRITE_EXHAUSTED_PRIMALITY_UNASSIGNED,514,512,512,NO_RECORDED_FACTOR_PRP_OR_LL_RESULT_AND_NO_ACTIVE_GIMPS_ASSIGNMENT,2026-08-08T19:16:24+00:00,UNALLOCATED,,,,,
SLCMP700-3385,3385,3386,317419099,2^317419099-1,STRUCTURAL_SCREEN_EXHAUSTED_PRIMALITY_UNASSIGNED,GF3A_DIRECTIONAL_WRITE_EXHAUSTED_PRIMALITY_UNASSIGNED,514,512,512,NO_RECORDED_FACTOR_PRP_OR_LL_RESULT_AND_NO_ACTIVE_GIMPS_ASSIGNMENT,2026-08-08T19:16:24+00:00,UNALLOCATED,,,,,
SLCMP700-3386,3386,3387,317419139,2^317419139-1,STRUCTURAL_SCREEN_EXHAUSTED_PRIMALITY_UNASSIGNED,GF3A_DIRECTIONAL_WRITE_EXHAUSTED_PRIMALITY_UNASSIGNED,514,512,512,NO_RECORDED_FACTOR_PRP_OR_LL_RESULT_AND_NO_ACTIVE_GIMPS_ASSIGNMENT,2026-08-08T19:16:24+00:00,UNALLOCATED,,,,,
SLCMP700-3387,3387,3388,317419237,2^317419237-1,STRUCTURAL_SCREEN_EXHAUSTED_PRIMALITY_UNASSIGNED,GF3A_DIRECTIONAL_WRITE_EXHAUSTED_PRIMALITY_UNASSIGNED,513,512,512,NO_RECORDED_FACTOR_PRP_OR_LL_RESULT_AND_NO_ACTIVE_GIMPS_ASSIGNMENT,2026-08-08T19:16:24+00:00,UNALLOCATED,,,,,
SLCMP700-3388,3388,3389,317419243,2^317419243-1,STRUCTURAL_SCREEN_EXHAUSTED_PRIMALITY_UNASSIGNED,GF3A_DIRECTIONAL_WRITE_EXHAUSTED_PRIMALITY_UNASSIGNED,514,512,512,NO_RECORDED_FACTOR_PRP_OR_LL_RESULT_AND_NO_ACTIVE_GIMPS_ASSIGNMENT,2026-08-08T19:16:24+00:00,UNALLOCATED,,,,,
SLCMP700-3389,3389,3390,317419283,2^317419283-1,STRUCTURAL_SCREEN_EXHAUSTED_PRIMALITY_UNASSIGNED,GF3A_DIRECTIONAL_WRITE_EXHAUSTED_PRIMALITY_UNASSIGNED,514,512,512,NO_RECORDED_FACTOR_PRP_OR_LL_RESULT_AND_NO_ACTIVE_GIMPS_ASSIGNMENT,2026-08-08T19:16:24+00:00,UNALLOCATED,,,,,
SLCMP700-3390,3390,3391,317419331,2^317419331-1,STRUCTURAL_SCREEN_EXHAUSTED_PRIMALITY_UNASSIGNED,GF3A_DIRECTIONAL_WRITE_EXHAUSTED_PRIMALITY_UNASSIGNED,514,512,512,NO_RECORDED_FACTOR_PRP_OR_LL_RESULT_AND_NO_ACTIVE_GIMPS_ASSIGNMENT,2026-08-08T19:16:24+00:00,UNALLOCATED,,,,,
SLCMP700-3391,3391,3392,317419387,2^317419387-1,STRUCTURAL_SCREEN_EXHAUSTED_PRIMALITY_UNASSIGNED,GF3A_DIRECTIONAL_WRITE_EXHAUSTED_PRIMALITY_UNASSIGNED,514,512,512,NO_RECORDED_FACTOR_PRP_OR_LL_RESULT_AND_NO_ACTIVE_GIMPS_ASSIGNMENT,2026-08-08T19:16:24+00:00,UNALLOCATED,,,,,
SLCMP700-3392,3392,3393,317419451,2^317419451-1,STRUCTURAL_SCREEN_EXHAUSTED_PRIMALITY_UNASSIGNED,GF3A_DIRECTIONAL_WRITE_EXHAUSTED_PRIMALITY_UNASSIGNED,514,512,512,NO_RECORDED_FACTOR_PRP_OR_LL_RESULT_AND_NO_ACTIVE_GIMPS_ASSIGNMENT,2026-08-08T19:16:24+00:00,UNALLOCATED,,,,,
SLCMP700-3393,3393,3394,317419513,2^317419513-1,STRUCTURAL_SCREEN_EXHAUSTED_PRIMALITY_UNASSIGNED,GF3A_DIRECTIONAL_WRITE_EXHAUSTED_PRIMALITY_UNASSIGNED,513,512,512,NO_RECORDED_FACTOR_PRP_OR_LL_RESULT_AND_NO_ACTIVE_GIMPS_ASSIGNMENT,2026-08-08T19:16:24+00:00,UNALLOCATED,,,,,
SLCMP700-3394,3394,3395,317419523,2^317419523-1,STRUCTURAL_SCREEN_EXHAUSTED_PRIMALITY_UNASSIGNED,GF3A_DIRECTIONAL_WRITE_EXHAUSTED_PRIMALITY_UNASSIGNED,514,512,512,NO_RECORDED_FACTOR_PRP_OR_LL_RESULT_AND_NO_ACTIVE_GIMPS_ASSIGNMENT,2026-08-08T19:16:24+00:00,UNALLOCATED,,,,,
SLCMP700-3395,3395,3396,317419577,2^317419577-1,STRUCTURAL_SCREEN_EXHAUSTED_PRIMALITY_UNASSIGNED,GF3A_DIRECTIONAL_WRITE_EXHAUSTED_PRIMALITY_UNASSIGNED,513,512,512,NO_RECORDED_FACTOR_PRP_OR_LL_RESULT_AND_NO_ACTIVE_GIMPS_ASSIGNMENT,2026-08-08T19:16:24+00:00,UNALLOCATED,,,,,
SLCMP700-3396,3396,3397,317419601,2^317419601-1,STRUCTURAL_SCREEN_EXHAUSTED_PRIMALITY_UNASSIGNED,GF3A_DIRECTIONAL_WRITE_EXHAUSTED_PRIMALITY_UNASSIGNED,513,512,512,NO_RECORDED_FACTOR_PRP_OR_LL_RESULT_AND_NO_ACTIVE_GIMPS_ASSIGNMENT,2026-08-08T19:16:24+00:00,UNALLOCATED,,,,,
SLCMP700-3397,3397,3398,317419621,2^317419621-1,STRUCTURAL_SCREEN_EXHAUSTED_PRIMALITY_UNASSIGNED,GF3A_DIRECTIONAL_WRITE_EXHAUSTED_PRIMALITY_UNASSIGNED,513,512,512,NO_RECORDED_FACTOR_PRP_OR_LL_RESULT_AND_NO_ACTIVE_GIMPS_ASSIGNMENT,2026-08-08T19:16:24+00:00,UNALLOCATED,,,,,
SLCMP700-3398,3398,3399,317419763,2^317419763-1,STRUCTURAL_SCREEN_EXHAUSTED_PRIMALITY_UNASSIGNED,GF3A_DIRECTIONAL_WRITE_EXHAUSTED_PRIMALITY_UNASSIGNED,514,512,512,NO_RECORDED_FACTOR_PRP_OR_LL_RESULT_AND_NO_ACTIVE_GIMPS_ASSIGNMENT,2026-08-08T19:16:24+00:00,UNALLOCATED,,,,,
SLCMP700-3399,3399,3400,317419769,2^317419769-1,STRUCTURAL_SCREEN_EXHAUSTED_PRIMALITY_UNASSIGNED,GF3A_DIRECTIONAL_WRITE_EXHAUSTED_PRIMALITY_UNASSIGNED,513,512,512,NO_RECORDED_FACTOR_PRP_OR_LL_RESULT_AND_NO_ACTIVE_GIMPS_ASSIGNMENT,2026-08-08T19:16:24+00:00,UNALLOCATED,,,,,
SLCMP700-3400,3400,3401,317419847,2^317419847-1,STRUCTURAL_SCREEN_EXHAUSTED_PRIMALITY_UNASSIGNED,GF3A_DIRECTIONAL_WRITE_EXHAUSTED_PRIMALITY_UNASSIGNED,514,512,512,NO_RECORDED_FACTOR_PRP_OR_LL_RESULT_AND_NO_ACTIVE_GIMPS_ASSIGNMENT,2026-08-08T19:16:24+00:00,UNALLOCATED,,,,,
SLCMP700-3401,3401,3402,317420017,2^317420017-1,STRUCTURAL_SCREEN_EXHAUSTED_PRIMALITY_UNASSIGNED,GF3A_DIRECTIONAL_WRITE_EXHAUSTED_PRIMALITY_UNASSIGNED,513,512,512,NO_RECORDED_FACTOR_PRP_OR_LL_RESULT_AND_NO_ACTIVE_GIMPS_ASSIGNMENT,2026-08-08T19:16:24+00:00,UNALLOCATED,,,,,
SLCMP700-3402,3402,3403,317420053,2^317420053-1,STRUCTURAL_SCREEN_EXHAUSTED_PRIMALITY_UNASSIGNED,GF3A_DIRECTIONAL_WRITE_EXHAUSTED_PRIMALITY_UNASSIGNED,513,512,512,NO_RECORDED_FACTOR_PRP_OR_LL_RESULT_AND_NO_ACTIVE_GIMPS_ASSIGNMENT,2026-08-08T19:16:24+00:00,UNALLOCATED,,,,,
SLCMP700-3403,3403,3404,317420083,2^317420083-1,STRUCTURAL_SCREEN_EXHAUSTED_PRIMALITY_UNASSIGNED,GF3A_DIRECTIONAL_WRITE_EXHAUSTED_PRIMALITY_UNASSIGNED,514,512,512,NO_RECORDED_FACTOR_PRP_OR_LL_RESULT_AND_NO_ACTIVE_GIMPS_ASSIGNMENT,2026-08-08T19:16:24+00:00,UNALLOCATED,,,,,
SLCMP700-3404,3404,3405,317420123,2^317420123-1,STRUCTURAL_SCREEN_EXHAUSTED_PRIMALITY_UNASSIGNED,GF3A_DIRECTIONAL_WRITE_EXHAUSTED_PRIMALITY_UNASSIGNED,514,512,512,NO_RECORDED_FACTOR_PRP_OR_LL_RESULT_AND_NO_ACTIVE_GIMPS_ASSIGNMENT,2026-08-08T19:16:24+00:00,UNALLOCATED,,,,,
SLCMP700-3405,3405,3406,317420143,2^317420143-1,STRUCTURAL_SCREEN_EXHAUSTED_PRIMALITY_UNASSIGNED,GF3A_DIRECTIONAL_WRITE_EXHAUSTED_PRIMALITY_UNASSIGNED,514,512,512,NO_RECORDED_FACTOR_PRP_OR_LL_RESULT_AND_NO_ACTIVE_GIMPS_ASSIGNMENT,2026-08-08T19:16:24+00:00,UNALLOCATED,,,,,
SLCMP700-3406,3406,3407,317420161,2^317420161-1,STRUCTURAL_SCREEN_EXHAUSTED_PRIMALITY_UNASSIGNED,GF3A_DIRECTIONAL_WRITE_EXHAUSTED_PRIMALITY_UNASSIGNED,513,512,512,NO_RECORDED_FACTOR_PRP_OR_LL_RESULT_AND_NO_ACTIVE_GIMPS_ASSIGNMENT,2026-08-08T19:16:24+00:00,UNALLOCATED,,,,,
SLCMP700-3407,3407,3408,317420293,2^317420293-1,STRUCTURAL_SCREEN_EXHAUSTED_PRIMALITY_UNASSIGNED,GF3A_DIRECTIONAL_WRITE_EXHAUSTED_PRIMALITY_UNASSIGNED,513,512,512,NO_RECORDED_FACTOR_PRP_OR_LL_RESULT_AND_NO_ACTIVE_GIMPS_ASSIGNMENT,2026-08-08T19:16:24+00:00,UNALLOCATED,,,,,
SLCMP700-3408,3408,3409,317420297,2^317420297-1,STRUCTURAL_SCREEN_EXHAUSTED_PRIMALITY_UNASSIGNED,GF3A_DIRECTIONAL_WRITE_EXHAUSTED_PRIMALITY_UNASSIGNED,513,512,512,NO_RECORDED_FACTOR_PRP_OR_LL_RESULT_AND_NO_ACTIVE_GIMPS_ASSIGNMENT,2026-08-08T19:16:24+00:00,UNALLOCATED,,,,,
SLCMP700-3409,3409,3410,317420333,2^317420333-1,STRUCTURAL_SCREEN_EXHAUSTED_PRIMALITY_UNASSIGNED,GF3A_DIRECTIONAL_WRITE_EXHAUSTED_PRIMALITY_UNASSIGNED,513,512,512,NO_RECORDED_FACTOR_PRP_OR_LL_RESULT_AND_NO_ACTIVE_GIMPS_ASSIGNMENT,2026-08-08T19:16:24+00:00,UNALLOCATED,,,,,
SLCMP700-3410,3410,3411,317420423,2^317420423-1,STRUCTURAL_SCREEN_EXHAUSTED_PRIMALITY_UNASSIGNED,GF3A_DIRECTIONAL_WRITE_EXHAUSTED_PRIMALITY_UNASSIGNED,514,512,512,NO_RECORDED_FACTOR_PRP_OR_LL_RESULT_AND_NO_ACTIVE_GIMPS_ASSIGNMENT,2026-08-08T19:16:24+00:00,UNALLOCATED,,,,,
SLCMP700-3411,3411,3412,317420429,2^317420429-1,STRUCTURAL_SCREEN_EXHAUSTED_PRIMALITY_UNASSIGNED,GF3A_DIRECTIONAL_WRITE_EXHAUSTED_PRIMALITY_UNASSIGNED,513,512,512,NO_RECORDED_FACTOR_PRP_OR_LL_RESULT_AND_NO_ACTIVE_GIMPS_ASSIGNMENT,2026-08-08T19:16:24+00:00,UNALLOCATED,,,,,
SLCMP700-3412,3412,3413,317420437,2^317420437-1,STRUCTURAL_SCREEN_EXHAUSTED_PRIMALITY_UNASSIGNED,GF3A_DIRECTIONAL_WRITE_EXHAUSTED_PRIMALITY_UNASSIGNED,513,512,512,NO_RECORDED_FACTOR_PRP_OR_LL_RESULT_AND_NO_ACTIVE_GIMPS_ASSIGNMENT,2026-08-08T19:16:24+00:00,UNALLOCATED,,,,,
SLCMP700-3413,3413,3414,317420507,2^317420507-1,STRUCTURAL_SCREEN_EXHAUSTED_PRIMALITY_UNASSIGNED,GF3A_DIRECTIONAL_WRITE_EXHAUSTED_PRIMALITY_UNASSIGNED,514,512,512,NO_RECORDED_FACTOR_PRP_OR_LL_RESULT_AND_NO_ACTIVE_GIMPS_ASSIGNMENT,2026-08-08T19:16:24+00:00,UNALLOCATED,,,,,
SLCMP700-3414,3414,3415,317420533,2^317420533-1,STRUCTURAL_SCREEN_EXHAUSTED_PRIMALITY_UNASSIGNED,GF3A_DIRECTIONAL_WRITE_EXHAUSTED_PRIMALITY_UNASSIGNED,513,512,512,NO_RECORDED_FACTOR_PRP_OR_LL_RESULT_AND_NO_ACTIVE_GIMPS_ASSIGNMENT,2026-08-08T19:16:24+00:00,UNALLOCATED,,,,,
SLCMP700-3415,3415,3416,317420557,2^317420557-1,STRUCTURAL_SCREEN_EXHAUSTED_PRIMALITY_UNASSIGNED,GF3A_DIRECTIONAL_WRITE_EXHAUSTED_PRIMALITY_UNASSIGNED,513,512,512,NO_RECORDED_FACTOR_PRP_OR_LL_RESULT_AND_NO_ACTIVE_GIMPS_ASSIGNMENT,2026-08-08T19:16:24+00:00,UNALLOCATED,,,,,
SLCMP700-3416,3416,3417,317420561,2^317420561-1,STRUCTURAL_SCREEN_EXHAUSTED_PRIMALITY_UNASSIGNED,GF3A_DIRECTIONAL_WRITE_EXHAUSTED_PRIMALITY_UNASSIGNED,513,512,512,NO_RECORDED_FACTOR_PRP_OR_LL_RESULT_AND_NO_ACTIVE_GIMPS_ASSIGNMENT,2026-08-08T19:16:24+00:00,UNALLOCATED,,,,,
SLCMP700-3417,3417,3418,317420567,2^317420567-1,STRUCTURAL_SCREEN_EXHAUSTED_PRIMALITY_UNASSIGNED,GF3A_DIRECTIONAL_WRITE_EXHAUSTED_PRIMALITY_UNASSIGNED,514,512,512,NO_RECORDED_FACTOR_PRP_OR_LL_RESULT_AND_NO_ACTIVE_GIMPS_ASSIGNMENT,2026-08-08T19:16:24+00:00,UNALLOCATED,,,,,
SLCMP700-3418,3418,3419,317420591,2^317420591-1,STRUCTURAL_SCREEN_EXHAUSTED_PRIMALITY_UNASSIGNED,GF3A_DIRECTIONAL_WRITE_EXHAUSTED_PRIMALITY_UNASSIGNED,514,512,512,NO_RECORDED_FACTOR_PRP_OR_LL_RESULT_AND_NO_ACTIVE_GIMPS_ASSIGNMENT,2026-08-08T19:16:24+00:00,UNALLOCATED,,,,,
SLCMP700-3419,3419,3420,317420603,2^317420603-1,STRUCTURAL_SCREEN_EXHAUSTED_PRIMALITY_UNASSIGNED,GF3A_DIRECTIONAL_WRITE_EXHAUSTED_PRIMALITY_UNASSIGNED,514,512,512,NO_RECORDED_FACTOR_PRP_OR_LL_RESULT_AND_NO_ACTIVE_GIMPS_ASSIGNMENT,2026-08-08T19:16:24+00:00,UNALLOCATED,,,,,
SLCMP700-3420,3420,3421,317420713,2^317420713-1,STRUCTURAL_SCREEN_EXHAUSTED_PRIMALITY_UNASSIGNED,GF3A_DIRECTIONAL_WRITE_EXHAUSTED_PRIMALITY_UNASSIGNED,513,512,512,NO_RECORDED_FACTOR_PRP_OR_LL_RESULT_AND_NO_ACTIVE_GIMPS_ASSIGNMENT,2026-08-08T19:16:24+00:00,UNALLOCATED,,,,,
SLCMP700-3421,3421,3422,317420947,2^317420947-1,STRUCTURAL_SCREEN_EXHAUSTED_PRIMALITY_UNASSIGNED,GF3A_DIRECTIONAL_WRITE_EXHAUSTED_PRIMALITY_UNASSIGNED,514,512,512,NO_RECORDED_FACTOR_PRP_OR_LL_RESULT_AND_NO_ACTIVE_GIMPS_ASSIGNMENT,2026-08-08T19:16:24+00:00,UNALLOCATED,,,,,
SLCMP700-3422,3422,3423,317420959,2^317420959-1,STRUCTURAL_SCREEN_EXHAUSTED_PRIMALITY_UNASSIGNED,GF3A_DIRECTIONAL_WRITE_EXHAUSTED_PRIMALITY_UNASSIGNED,514,512,512,NO_RECORDED_FACTOR_PRP_OR_LL_RESULT_AND_NO_ACTIVE_GIMPS_ASSIGNMENT,2026-08-08T19:16:24+00:00,UNALLOCATED,,,,,
SLCMP700-3423,3423,3424,317420977,2^317420977-1,STRUCTURAL_SCREEN_EXHAUSTED_PRIMALITY_UNASSIGNED,GF3A_DIRECTIONAL_WRITE_EXHAUSTED_PRIMALITY_UNASSIGNED,513,512,512,NO_RECORDED_FACTOR_PRP_OR_LL_RESULT_AND_NO_ACTIVE_GIMPS_ASSIGNMENT,2026-08-08T19:16:24+00:00,UNALLOCATED,,,,,
SLCMP700-3424,3424,3425,317420989,2^317420989-1,STRUCTURAL_SCREEN_EXHAUSTED_PRIMALITY_UNASSIGNED,GF3A_DIRECTIONAL_WRITE_EXHAUSTED_PRIMALITY_UNASSIGNED,513,512,512,NO_RECORDED_FACTOR_PRP_OR_LL_RESULT_AND_NO_ACTIVE_GIMPS_ASSIGNMENT,2026-08-08T19:16:24+00:00,UNALLOCATED,,,,,
SLCMP700-3425,3425,3426,317420993,2^317420993-1,STRUCTURAL_SCREEN_EXHAUSTED_PRIMALITY_UNASSIGNED,GF3A_DIRECTIONAL_WRITE_EXHAUSTED_PRIMALITY_UNASSIGNED,513,512,512,NO_RECORDED_FACTOR_PRP_OR_LL_RESULT_AND_NO_ACTIVE_GIMPS_ASSIGNMENT,2026-08-08T19:16:24+00:00,UNALLOCATED,,,,,
SLCMP700-3426,3426,3427,317421019,2^317421019-1,STRUCTURAL_SCREEN_EXHAUSTED_PRIMALITY_UNASSIGNED,GF3A_DIRECTIONAL_WRITE_EXHAUSTED_PRIMALITY_UNASSIGNED,514,512,512,NO_RECORDED_FACTOR_PRP_OR_LL_RESULT_AND_NO_ACTIVE_GIMPS_ASSIGNMENT,2026-08-08T19:16:24+00:00,UNALLOCATED,,,,,
SLCMP700-3427,3427,3428,317421043,2^317421043-1,STRUCTURAL_SCREEN_EXHAUSTED_PRIMALITY_UNASSIGNED,GF3A_DIRECTIONAL_WRITE_EXHAUSTED_PRIMALITY_UNASSIGNED,514,512,512,NO_RECORDED_FACTOR_PRP_OR_LL_RESULT_AND_NO_ACTIVE_GIMPS_ASSIGNMENT,2026-08-08T19:16:24+00:00,UNALLOCATED,,,,,
SLCMP700-3428,3428,3429,317421061,2^317421061-1,STRUCTURAL_SCREEN_EXHAUSTED_PRIMALITY_UNASSIGNED,GF3A_DIRECTIONAL_WRITE_EXHAUSTED_PRIMALITY_UNASSIGNED,513,512,512,NO_RECORDED_FACTOR_PRP_OR_LL_RESULT_AND_NO_ACTIVE_GIMPS_ASSIGNMENT,2026-08-08T19:16:24+00:00,UNALLOCATED,,,,,
SLCMP700-3429,3429,3430,317421073,2^317421073-1,STRUCTURAL_SCREEN_EXHAUSTED_PRIMALITY_UNASSIGNED,GF3A_DIRECTIONAL_WRITE_EXHAUSTED_PRIMALITY_UNASSIGNED,513,512,512,NO_RECORDED_FACTOR_PRP_OR_LL_RESULT_AND_NO_ACTIVE_GIMPS_ASSIGNMENT,2026-08-08T19:16:24+00:00,UNALLOCATED,,,,,
SLCMP700-3430,3430,3431,317421359,2^317421359-1,STRUCTURAL_SCREEN_EXHAUSTED_PRIMALITY_UNASSIGNED,GF3A_DIRECTIONAL_WRITE_EXHAUSTED_PRIMALITY_UNASSIGNED,514,512,512,NO_RECORDED_FACTOR_PRP_OR_LL_RESULT_AND_NO_ACTIVE_GIMPS_ASSIGNMENT,2026-08-08T19:16:24+00:00,UNALLOCATED,,,,,
SLCMP700-3431,3431,3432,317421439,2^317421439-1,STRUCTURAL_SCREEN_EXHAUSTED_PRIMALITY_UNASSIGNED,GF3A_DIRECTIONAL_WRITE_EXHAUSTED_PRIMALITY_UNASSIGNED,514,512,512,NO_RECORDED_FACTOR_PRP_OR_LL_RESULT_AND_NO_ACTIVE_GIMPS_ASSIGNMENT,2026-08-08T19:16:24+00:00,UNALLOCATED,,,,,
SLCMP700-3432,3432,3433,317421457,2^317421457-1,STRUCTURAL_SCREEN_EXHAUSTED_PRIMALITY_UNASSIGNED,GF3A_DIRECTIONAL_WRITE_EXHAUSTED_PRIMALITY_UNASSIGNED,513,512,512,NO_RECORDED_FACTOR_PRP_OR_LL_RESULT_AND_NO_ACTIVE_GIMPS_ASSIGNMENT,2026-08-08T19:16:24+00:00,UNALLOCATED,,,,,
SLCMP700-3433,3433,3434,317421463,2^317421463-1,STRUCTURAL_SCREEN_EXHAUSTED_PRIMALITY_UNASSIGNED,GF3A_DIRECTIONAL_WRITE_EXHAUSTED_PRIMALITY_UNASSIGNED,514,512,512,NO_RECORDED_FACTOR_PRP_OR_LL_RESULT_AND_NO_ACTIVE_GIMPS_ASSIGNMENT,2026-08-08T19:16:24+00:00,UNALLOCATED,,,,,
SLCMP700-3434,3434,3435,317421547,2^317421547-1,STRUCTURAL_SCREEN_EXHAUSTED_PRIMALITY_UNASSIGNED,GF3A_DIRECTIONAL_WRITE_EXHAUSTED_PRIMALITY_UNASSIGNED,514,512,512,NO_RECORDED_FACTOR_PRP_OR_LL_RESULT_AND_NO_ACTIVE_GIMPS_ASSIGNMENT,2026-08-08T19:16:24+00:00,UNALLOCATED,,,,,
SLCMP700-3435,3435,3436,317421623,2^317421623-1,STRUCTURAL_SCREEN_EXHAUSTED_PRIMALITY_UNASSIGNED,GF3A_DIRECTIONAL_WRITE_EXHAUSTED_PRIMALITY_UNASSIGNED,514,512,512,NO_RECORDED_FACTOR_PRP_OR_LL_RESULT_AND_NO_ACTIVE_GIMPS_ASSIGNMENT,2026-08-08T19:16:24+00:00,UNALLOCATED,,,,,
SLCMP700-3436,3436,3437,317421647,2^317421647-1,STRUCTURAL_SCREEN_EXHAUSTED_PRIMALITY_UNASSIGNED,GF3A_DIRECTIONAL_WRITE_EXHAUSTED_PRIMALITY_UNASSIGNED,514,512,512,NO_RECORDED_FACTOR_PRP_OR_LL_RESULT_AND_NO_ACTIVE_GIMPS_ASSIGNMENT,2026-08-08T19:16:24+00:00,UNALLOCATED,,,,,
SLCMP700-3437,3437,3438,317421661,2^317421661-1,STRUCTURAL_SCREEN_EXHAUSTED_PRIMALITY_UNASSIGNED,GF3A_DIRECTIONAL_WRITE_EXHAUSTED_PRIMALITY_UNASSIGNED,513,512,512,NO_RECORDED_FACTOR_PRP_OR_LL_RESULT_AND_NO_ACTIVE_GIMPS_ASSIGNMENT,2026-08-08T19:16:24+00:00,UNALLOCATED,,,,,
SLCMP700-3438,3438,3439,317421677,2^317421677-1,STRUCTURAL_SCREEN_EXHAUSTED_PRIMALITY_UNASSIGNED,GF3A_DIRECTIONAL_WRITE_EXHAUSTED_PRIMALITY_UNASSIGNED,513,512,512,NO_RECORDED_FACTOR_PRP_OR_LL_RESULT_AND_NO_ACTIVE_GIMPS_ASSIGNMENT,2026-08-08T19:16:24+00:00,UNALLOCATED,,,,,
SLCMP700-3439,3439,3440,317421683,2^317421683-1,STRUCTURAL_SCREEN_EXHAUSTED_PRIMALITY_UNASSIGNED,GF3A_DIRECTIONAL_WRITE_EXHAUSTED_PRIMALITY_UNASSIGNED,514,512,512,NO_RECORDED_FACTOR_PRP_OR_LL_RESULT_AND_NO_ACTIVE_GIMPS_ASSIGNMENT,2026-08-08T19:16:24+00:00,UNALLOCATED,,,,,
SLCMP700-3440,3440,3441,317421887,2^317421887-1,STRUCTURAL_SCREEN_EXHAUSTED_PRIMALITY_UNASSIGNED,GF3A_DIRECTIONAL_WRITE_EXHAUSTED_PRIMALITY_UNASSIGNED,514,512,512,NO_RECORDED_FACTOR_PRP_OR_LL_RESULT_AND_NO_ACTIVE_GIMPS_ASSIGNMENT,2026-08-08T19:16:24+00:00,UNALLOCATED,,,,,
SLCMP700-3441,3441,3442,317421997,2^317421997-1,STRUCTURAL_SCREEN_EXHAUSTED_PRIMALITY_UNASSIGNED,GF3A_DIRECTIONAL_WRITE_EXHAUSTED_PRIMALITY_UNASSIGNED,513,512,512,NO_RECORDED_FACTOR_PRP_OR_LL_RESULT_AND_NO_ACTIVE_GIMPS_ASSIGNMENT,2026-08-08T19:16:24+00:00,UNALLOCATED,,,,,
SLCMP700-3442,3442,3443,317422073,2^317422073-1,STRUCTURAL_SCREEN_EXHAUSTED_PRIMALITY_UNASSIGNED,GF3A_DIRECTIONAL_WRITE_EXHAUSTED_PRIMALITY_UNASSIGNED,513,512,512,NO_RECORDED_FACTOR_PRP_OR_LL_RESULT_AND_NO_ACTIVE_GIMPS_ASSIGNMENT,2026-08-08T19:16:24+00:00,UNALLOCATED,,,,,
SLCMP700-3443,3443,3444,317422097,2^317422097-1,STRUCTURAL_SCREEN_EXHAUSTED_PRIMALITY_UNASSIGNED,GF3A_DIRECTIONAL_WRITE_EXHAUSTED_PRIMALITY_UNASSIGNED,513,512,512,NO_RECORDED_FACTOR_PRP_OR_LL_RESULT_AND_NO_ACTIVE_GIMPS_ASSIGNMENT,2026-08-08T19:16:24+00:00,UNALLOCATED,,,,,
SLCMP700-3444,3444,3445,317422099,2^317422099-1,STRUCTURAL_SCREEN_EXHAUSTED_PRIMALITY_UNASSIGNED,GF3A_DIRECTIONAL_WRITE_EXHAUSTED_PRIMALITY_UNASSIGNED,514,512,512,NO_RECORDED_FACTOR_PRP_OR_LL_RESULT_AND_NO_ACTIVE_GIMPS_ASSIGNMENT,2026-08-08T19:16:24+00:00,UNALLOCATED,,,,,
SLCMP700-3445,3445,3446,317422169,2^317422169-1,STRUCTURAL_SCREEN_EXHAUSTED_PRIMALITY_UNASSIGNED,GF3A_DIRECTIONAL_WRITE_EXHAUSTED_PRIMALITY_UNASSIGNED,513,512,512,NO_RECORDED_FACTOR_PRP_OR_LL_RESULT_AND_NO_ACTIVE_GIMPS_ASSIGNMENT,2026-08-08T19:16:24+00:00,UNALLOCATED,,,,,
SLCMP700-3446,3446,3447,317422277,2^317422277-1,STRUCTURAL_SCREEN_EXHAUSTED_PRIMALITY_UNASSIGNED,GF3A_DIRECTIONAL_WRITE_EXHAUSTED_PRIMALITY_UNASSIGNED,513,512,512,NO_RECORDED_FACTOR_PRP_OR_LL_RESULT_AND_NO_ACTIVE_GIMPS_ASSIGNMENT,2026-08-08T19:16:24+00:00,UNALLOCATED,,,,,
SLCMP700-3447,3447,3448,317422363,2^317422363-1,STRUCTURAL_SCREEN_EXHAUSTED_PRIMALITY_UNASSIGNED,GF3A_DIRECTIONAL_WRITE_EXHAUSTED_PRIMALITY_UNASSIGNED,514,512,512,NO_RECORDED_FACTOR_PRP_OR_LL_RESULT_AND_NO_ACTIVE_GIMPS_ASSIGNMENT,2026-08-08T19:16:24+00:00,UNALLOCATED,,,,,
SLCMP700-3448,3448,3449,317422373,2^317422373-1,STRUCTURAL_SCREEN_EXHAUSTED_PRIMALITY_UNASSIGNED,GF3A_DIRECTIONAL_WRITE_EXHAUSTED_PRIMALITY_UNASSIGNED,513,512,512,NO_RECORDED_FACTOR_PRP_OR_LL_RESULT_AND_NO_ACTIVE_GIMPS_ASSIGNMENT,2026-08-08T19:16:24+00:00,UNALLOCATED,,,,,
SLCMP700-3449,3449,3450,317422481,2^317422481-1,STRUCTURAL_SCREEN_EXHAUSTED_PRIMALITY_UNASSIGNED,GF3A_DIRECTIONAL_WRITE_EXHAUSTED_PRIMALITY_UNASSIGNED,513,512,512,NO_RECORDED_FACTOR_PRP_OR_LL_RESULT_AND_NO_ACTIVE_GIMPS_ASSIGNMENT,2026-08-08T19:16:24+00:00,UNALLOCATED,,,,,
SLCMP700-3450,3450,3451,317422549,2^317422549-1,STRUCTURAL_SCREEN_EXHAUSTED_PRIMALITY_UNASSIGNED,GF3A_DIRECTIONAL_WRITE_EXHAUSTED_PRIMALITY_UNASSIGNED,513,512,512,NO_RECORDED_FACTOR_PRP_OR_LL_RESULT_AND_NO_ACTIVE_GIMPS_ASSIGNMENT,2026-08-08T19:16:24+00:00,UNALLOCATED,,,,,
SLCMP700-3451,3451,3452,317422663,2^317422663-1,STRUCTURAL_SCREEN_EXHAUSTED_PRIMALITY_UNASSIGNED,GF3A_DIRECTIONAL_WRITE_EXHAUSTED_PRIMALITY_UNASSIGNED,514,512,512,NO_RECORDED_FACTOR_PRP_OR_LL_RESULT_AND_NO_ACTIVE_GIMPS_ASSIGNMENT,2026-08-08T19:16:24+00:00,UNALLOCATED,,,,,
SLCMP700-3452,3452,3453,317422673,2^317422673-1,STRUCTURAL_SCREEN_EXHAUSTED_PRIMALITY_UNASSIGNED,GF3A_DIRECTIONAL_WRITE_EXHAUSTED_PRIMALITY_UNASSIGNED,513,512,512,NO_RECORDED_FACTOR_PRP_OR_LL_RESULT_AND_NO_ACTIVE_GIMPS_ASSIGNMENT,2026-08-08T19:16:24+00:00,UNALLOCATED,,,,,
SLCMP700-3453,3453,3454,317422771,2^317422771-1,STRUCTURAL_SCREEN_EXHAUSTED_PRIMALITY_UNASSIGNED,GF3A_DIRECTIONAL_WRITE_EXHAUSTED_PRIMALITY_UNASSIGNED,514,512,512,NO_RECORDED_FACTOR_PRP_OR_LL_RESULT_AND_NO_ACTIVE_GIMPS_ASSIGNMENT,2026-08-08T19:16:24+00:00,UNALLOCATED,,,,,
SLCMP700-3454,3454,3455,317422799,2^317422799-1,STRUCTURAL_SCREEN_EXHAUSTED_PRIMALITY_UNASSIGNED,GF3A_DIRECTIONAL_WRITE_EXHAUSTED_PRIMALITY_UNASSIGNED,514,512,512,NO_RECORDED_FACTOR_PRP_OR_LL_RESULT_AND_NO_ACTIVE_GIMPS_ASSIGNMENT,2026-08-08T19:16:24+00:00,UNALLOCATED,,,,,
SLCMP700-3455,3455,3456,317422801,2^317422801-1,STRUCTURAL_SCREEN_EXHAUSTED_PRIMALITY_UNASSIGNED,GF3A_DIRECTIONAL_WRITE_EXHAUSTED_PRIMALITY_UNASSIGNED,513,512,512,NO_RECORDED_FACTOR_PRP_OR_LL_RESULT_AND_NO_ACTIVE_GIMPS_ASSIGNMENT,2026-08-08T19:16:24+00:00,UNALLOCATED,,,,,
SLCMP700-3456,3456,3457,317422843,2^317422843-1,STRUCTURAL_SCREEN_EXHAUSTED_PRIMALITY_UNASSIGNED,GF3A_DIRECTIONAL_WRITE_EXHAUSTED_PRIMALITY_UNASSIGNED,514,512,512,NO_RECORDED_FACTOR_PRP_OR_LL_RESULT_AND_NO_ACTIVE_GIMPS_ASSIGNMENT,2026-08-08T19:16:24+00:00,UNALLOCATED,,,,,
SLCMP700-3457,3457,3458,317422921,2^317422921-1,STRUCTURAL_SCREEN_EXHAUSTED_PRIMALITY_UNASSIGNED,GF3A_DIRECTIONAL_WRITE_EXHAUSTED_PRIMALITY_UNASSIGNED,513,512,512,NO_RECORDED_FACTOR_PRP_OR_LL_RESULT_AND_NO_ACTIVE_GIMPS_ASSIGNMENT,2026-08-08T19:16:24+00:00,UNALLOCATED,,,,,
SLCMP700-3458,3458,3459,317422927,2^317422927-1,STRUCTURAL_SCREEN_EXHAUSTED_PRIMALITY_UNASSIGNED,GF3A_DIRECTIONAL_WRITE_EXHAUSTED_PRIMALITY_UNASSIGNED,514,512,512,NO_RECORDED_FACTOR_PRP_OR_LL_RESULT_AND_NO_ACTIVE_GIMPS_ASSIGNMENT,2026-08-08T19:16:24+00:00,UNALLOCATED,,,,,
SLCMP700-3459,3459,3460,317423017,2^317423017-1,STRUCTURAL_SCREEN_EXHAUSTED_PRIMALITY_UNASSIGNED,GF3A_DIRECTIONAL_WRITE_EXHAUSTED_PRIMALITY_UNASSIGNED,513,512,512,NO_RECORDED_FACTOR_PRP_OR_LL_RESULT_AND_NO_ACTIVE_GIMPS_ASSIGNMENT,2026-08-08T19:16:24+00:00,UNALLOCATED,,,,,
SLCMP700-3460,3460,3461,317423021,2^317423021-1,STRUCTURAL_SCREEN_EXHAUSTED_PRIMALITY_UNASSIGNED,GF3A_DIRECTIONAL_WRITE_EXHAUSTED_PRIMALITY_UNASSIGNED,513,512,512,NO_RECORDED_FACTOR_PRP_OR_LL_RESULT_AND_NO_ACTIVE_GIMPS_ASSIGNMENT,2026-08-08T19:16:24+00:00,UNALLOCATED,,,,,
SLCMP700-3461,3461,3462,317423059,2^317423059-1,STRUCTURAL_SCREEN_EXHAUSTED_PRIMALITY_UNASSIGNED,GF3A_DIRECTIONAL_WRITE_EXHAUSTED_PRIMALITY_UNASSIGNED,514,512,512,NO_RECORDED_FACTOR_PRP_OR_LL_RESULT_AND_NO_ACTIVE_GIMPS_ASSIGNMENT,2026-08-08T19:16:24+00:00,UNALLOCATED,,,,,
SLCMP700-3462,3462,3463,317423143,2^317423143-1,STRUCTURAL_SCREEN_EXHAUSTED_PRIMALITY_UNASSIGNED,GF3A_DIRECTIONAL_WRITE_EXHAUSTED_PRIMALITY_UNASSIGNED,514,512,512,NO_RECORDED_FACTOR_PRP_OR_LL_RESULT_AND_NO_ACTIVE_GIMPS_ASSIGNMENT,2026-08-08T19:16:24+00:00,UNALLOCATED,,,,,
SLCMP700-3463,3463,3464,317423147,2^317423147-1,STRUCTURAL_SCREEN_EXHAUSTED_PRIMALITY_UNASSIGNED,GF3A_DIRECTIONAL_WRITE_EXHAUSTED_PRIMALITY_UNASSIGNED,514,512,512,NO_RECORDED_FACTOR_PRP_OR_LL_RESULT_AND_NO_ACTIVE_GIMPS_ASSIGNMENT,2026-08-08T19:16:24+00:00,UNALLOCATED,,,,,
SLCMP700-3464,3464,3465,317423159,2^317423159-1,STRUCTURAL_SCREEN_EXHAUSTED_PRIMALITY_UNASSIGNED,GF3A_DIRECTIONAL_WRITE_EXHAUSTED_PRIMALITY_UNASSIGNED,514,512,512,NO_RECORDED_FACTOR_PRP_OR_LL_RESULT_AND_NO_ACTIVE_GIMPS_ASSIGNMENT,2026-08-08T19:16:24+00:00,UNALLOCATED,,,,,
SLCMP700-3465,3465,3466,317423203,2^317423203-1,STRUCTURAL_SCREEN_EXHAUSTED_PRIMALITY_UNASSIGNED,GF3A_DIRECTIONAL_WRITE_EXHAUSTED_PRIMALITY_UNASSIGNED,514,512,512,NO_RECORDED_FACTOR_PRP_OR_LL_RESULT_AND_NO_ACTIVE_GIMPS_ASSIGNMENT,2026-08-08T19:16:24+00:00,UNALLOCATED,,,,,
SLCMP700-3466,3466,3467,317423219,2^317423219-1,STRUCTURAL_SCREEN_EXHAUSTED_PRIMALITY_UNASSIGNED,GF3A_DIRECTIONAL_WRITE_EXHAUSTED_PRIMALITY_UNASSIGNED,514,512,512,NO_RECORDED_FACTOR_PRP_OR_LL_RESULT_AND_NO_ACTIVE_GIMPS_ASSIGNMENT,2026-08-08T19:16:24+00:00,UNALLOCATED,,,,,
SLCMP700-3467,3467,3468,317423243,2^317423243-1,STRUCTURAL_SCREEN_EXHAUSTED_PRIMALITY_UNASSIGNED,GF3A_DIRECTIONAL_WRITE_EXHAUSTED_PRIMALITY_UNASSIGNED,514,512,512,NO_RECORDED_FACTOR_PRP_OR_LL_RESULT_AND_NO_ACTIVE_GIMPS_ASSIGNMENT,2026-08-08T19:16:24+00:00,UNALLOCATED,,,,,
SLCMP700-3468,3468,3469,317423317,2^317423317-1,STRUCTURAL_SCREEN_EXHAUSTED_PRIMALITY_UNASSIGNED,GF3A_DIRECTIONAL_WRITE_EXHAUSTED_PRIMALITY_UNASSIGNED,513,512,512,NO_RECORDED_FACTOR_PRP_OR_LL_RESULT_AND_NO_ACTIVE_GIMPS_ASSIGNMENT,2026-08-08T19:16:24+00:00,UNALLOCATED,,,,,
SLCMP700-3469,3469,3470,317423389,2^317423389-1,STRUCTURAL_SCREEN_EXHAUSTED_PRIMALITY_UNASSIGNED,GF3A_DIRECTIONAL_WRITE_EXHAUSTED_PRIMALITY_UNASSIGNED,513,512,512,NO_RECORDED_FACTOR_PRP_OR_LL_RESULT_AND_NO_ACTIVE_GIMPS_ASSIGNMENT,2026-08-08T19:16:24+00:00,UNALLOCATED,,,,,
SLCMP700-3470,3470,3471,317423417,2^317423417-1,STRUCTURAL_SCREEN_EXHAUSTED_PRIMALITY_UNASSIGNED,GF3A_DIRECTIONAL_WRITE_EXHAUSTED_PRIMALITY_UNASSIGNED,513,512,512,NO_RECORDED_FACTOR_PRP_OR_LL_RESULT_AND_NO_ACTIVE_GIMPS_ASSIGNMENT,2026-08-08T19:16:24+00:00,UNALLOCATED,,,,,
SLCMP700-3471,3471,3472,317423537,2^317423537-1,STRUCTURAL_SCREEN_EXHAUSTED_PRIMALITY_UNASSIGNED,GF3A_DIRECTIONAL_WRITE_EXHAUSTED_PRIMALITY_UNASSIGNED,513,512,512,NO_RECORDED_FACTOR_PRP_OR_LL_RESULT_AND_NO_ACTIVE_GIMPS_ASSIGNMENT,2026-08-08T19:16:24+00:00,UNALLOCATED,,,,,
SLCMP700-3472,3472,3473,317423563,2^317423563-1,STRUCTURAL_SCREEN_EXHAUSTED_PRIMALITY_UNASSIGNED,GF3A_DIRECTIONAL_WRITE_EXHAUSTED_PRIMALITY_UNASSIGNED,514,512,512,NO_RECORDED_FACTOR_PRP_OR_LL_RESULT_AND_NO_ACTIVE_GIMPS_ASSIGNMENT,2026-08-08T19:16:24+00:00,UNALLOCATED,,,,,
SLCMP700-3473,3473,3474,317423591,2^317423591-1,STRUCTURAL_SCREEN_EXHAUSTED_PRIMALITY_UNASSIGNED,GF3A_DIRECTIONAL_WRITE_EXHAUSTED_PRIMALITY_UNASSIGNED,514,512,512,NO_RECORDED_FACTOR_PRP_OR_LL_RESULT_AND_NO_ACTIVE_GIMPS_ASSIGNMENT,2026-08-08T19:16:24+00:00,UNALLOCATED,,,,,
SLCMP700-3474,3474,3475,317423641,2^317423641-1,STRUCTURAL_SCREEN_EXHAUSTED_PRIMALITY_UNASSIGNED,GF3A_DIRECTIONAL_WRITE_EXHAUSTED_PRIMALITY_UNASSIGNED,513,512,512,NO_RECORDED_FACTOR_PRP_OR_LL_RESULT_AND_NO_ACTIVE_GIMPS_ASSIGNMENT,2026-08-08T19:16:24+00:00,UNALLOCATED,,,,,
SLCMP700-3475,3475,3476,317423723,2^317423723-1,STRUCTURAL_SCREEN_EXHAUSTED_PRIMALITY_UNASSIGNED,GF3A_DIRECTIONAL_WRITE_EXHAUSTED_PRIMALITY_UNASSIGNED,514,512,512,NO_RECORDED_FACTOR_PRP_OR_LL_RESULT_AND_NO_ACTIVE_GIMPS_ASSIGNMENT,2026-08-08T19:16:24+00:00,UNALLOCATED,,,,,
SLCMP700-3476,3476,3477,317423767,2^317423767-1,STRUCTURAL_SCREEN_EXHAUSTED_PRIMALITY_UNASSIGNED,GF3A_DIRECTIONAL_WRITE_EXHAUSTED_PRIMALITY_UNASSIGNED,514,512,512,NO_RECORDED_FACTOR_PRP_OR_LL_RESULT_AND_NO_ACTIVE_GIMPS_ASSIGNMENT,2026-08-08T19:16:24+00:00,UNALLOCATED,,,,,
SLCMP700-3477,3477,3478,317423791,2^317423791-1,STRUCTURAL_SCREEN_EXHAUSTED_PRIMALITY_UNASSIGNED,GF3A_DIRECTIONAL_WRITE_EXHAUSTED_PRIMALITY_UNASSIGNED,514,512,512,NO_RECORDED_FACTOR_PRP_OR_LL_RESULT_AND_NO_ACTIVE_GIMPS_ASSIGNMENT,2026-08-08T19:16:24+00:00,UNALLOCATED,,,,,
SLCMP700-3478,3478,3479,317423801,2^317423801-1,STRUCTURAL_SCREEN_EXHAUSTED_PRIMALITY_UNASSIGNED,GF3A_DIRECTIONAL_WRITE_EXHAUSTED_PRIMALITY_UNASSIGNED,513,512,512,NO_RECORDED_FACTOR_PRP_OR_LL_RESULT_AND_NO_ACTIVE_GIMPS_ASSIGNMENT,2026-08-08T19:16:24+00:00,UNALLOCATED,,,,,
SLCMP700-3479,3479,3480,317423941,2^317423941-1,STRUCTURAL_SCREEN_EXHAUSTED_PRIMALITY_UNASSIGNED,GF3A_DIRECTIONAL_WRITE_EXHAUSTED_PRIMALITY_UNASSIGNED,513,512,512,NO_RECORDED_FACTOR_PRP_OR_LL_RESULT_AND_NO_ACTIVE_GIMPS_ASSIGNMENT,2026-08-08T19:16:24+00:00,UNALLOCATED,,,,,
SLCMP700-3480,3480,3481,317423993,2^317423993-1,STRUCTURAL_SCREEN_EXHAUSTED_PRIMALITY_UNASSIGNED,GF3A_DIRECTIONAL_WRITE_EXHAUSTED_PRIMALITY_UNASSIGNED,513,512,512,NO_RECORDED_FACTOR_PRP_OR_LL_RESULT_AND_NO_ACTIVE_GIMPS_ASSIGNMENT,2026-08-08T19:16:24+00:00,UNALLOCATED,,,,,
SLCMP700-3481,3481,3482,317424001,2^317424001-1,STRUCTURAL_SCREEN_EXHAUSTED_PRIMALITY_UNASSIGNED,GF3A_DIRECTIONAL_WRITE_EXHAUSTED_PRIMALITY_UNASSIGNED,513,512,512,NO_RECORDED_FACTOR_PRP_OR_LL_RESULT_AND_NO_ACTIVE_GIMPS_ASSIGNMENT,2026-08-08T19:16:24+00:00,UNALLOCATED,,,,,
SLCMP700-3482,3482,3483,317424067,2^317424067-1,STRUCTURAL_SCREEN_EXHAUSTED_PRIMALITY_UNASSIGNED,GF3A_DIRECTIONAL_WRITE_EXHAUSTED_PRIMALITY_UNASSIGNED,514,512,512,NO_RECORDED_FACTOR_PRP_OR_LL_RESULT_AND_NO_ACTIVE_GIMPS_ASSIGNMENT,2026-08-08T19:16:24+00:00,UNALLOCATED,,,,,
SLCMP700-3483,3483,3484,317424077,2^317424077-1,STRUCTURAL_SCREEN_EXHAUSTED_PRIMALITY_UNASSIGNED,GF3A_DIRECTIONAL_WRITE_EXHAUSTED_PRIMALITY_UNASSIGNED,513,512,512,NO_RECORDED_FACTOR_PRP_OR_LL_RESULT_AND_NO_ACTIVE_GIMPS_ASSIGNMENT,2026-08-08T19:16:24+00:00,UNALLOCATED,,,,,
SLCMP700-3484,3484,3485,317424083,2^317424083-1,STRUCTURAL_SCREEN_EXHAUSTED_PRIMALITY_UNASSIGNED,GF3A_DIRECTIONAL_WRITE_EXHAUSTED_PRIMALITY_UNASSIGNED,514,512,512,NO_RECORDED_FACTOR_PRP_OR_LL_RESULT_AND_NO_ACTIVE_GIMPS_ASSIGNMENT,2026-08-08T19:16:24+00:00,UNALLOCATED,,,,,
SLCMP700-3485,3485,3486,317424109,2^317424109-1,STRUCTURAL_SCREEN_EXHAUSTED_PRIMALITY_UNASSIGNED,GF3A_DIRECTIONAL_WRITE_EXHAUSTED_PRIMALITY_UNASSIGNED,513,512,512,NO_RECORDED_FACTOR_PRP_OR_LL_RESULT_AND_NO_ACTIVE_GIMPS_ASSIGNMENT,2026-08-08T19:16:24+00:00,UNALLOCATED,,,,,
SLCMP700-3486,3486,3487,317424139,2^317424139-1,STRUCTURAL_SCREEN_EXHAUSTED_PRIMALITY_UNASSIGNED,GF3A_DIRECTIONAL_WRITE_EXHAUSTED_PRIMALITY_UNASSIGNED,514,512,512,NO_RECORDED_FACTOR_PRP_OR_LL_RESULT_AND_NO_ACTIVE_GIMPS_ASSIGNMENT,2026-08-08T19:16:24+00:00,UNALLOCATED,,,,,
SLCMP700-3487,3487,3488,317424193,2^317424193-1,STRUCTURAL_SCREEN_EXHAUSTED_PRIMALITY_UNASSIGNED,GF3A_DIRECTIONAL_WRITE_EXHAUSTED_PRIMALITY_UNASSIGNED,513,512,512,NO_RECORDED_FACTOR_PRP_OR_LL_RESULT_AND_NO_ACTIVE_GIMPS_ASSIGNMENT,2026-08-08T19:16:24+00:00,UNALLOCATED,,,,,
SLCMP700-3488,3488,3489,317424223,2^317424223-1,STRUCTURAL_SCREEN_EXHAUSTED_PRIMALITY_UNASSIGNED,GF3A_DIRECTIONAL_WRITE_EXHAUSTED_PRIMALITY_UNASSIGNED,514,512,512,NO_RECORDED_FACTOR_PRP_OR_LL_RESULT_AND_NO_ACTIVE_GIMPS_ASSIGNMENT,2026-08-08T19:16:24+00:00,UNALLOCATED,,,,,
SLCMP700-3489,3489,3490,317424257,2^317424257-1,STRUCTURAL_SCREEN_EXHAUSTED_PRIMALITY_UNASSIGNED,GF3A_DIRECTIONAL_WRITE_EXHAUSTED_PRIMALITY_UNASSIGNED,513,512,512,NO_RECORDED_FACTOR_PRP_OR_LL_RESULT_AND_NO_ACTIVE_GIMPS_ASSIGNMENT,2026-08-08T19:16:24+00:00,UNALLOCATED,,,,,
SLCMP700-3490,3490,3491,317424269,2^317424269-1,STRUCTURAL_SCREEN_EXHAUSTED_PRIMALITY_UNASSIGNED,GF3A_DIRECTIONAL_WRITE_EXHAUSTED_PRIMALITY_UNASSIGNED,513,512,512,NO_RECORDED_FACTOR_PRP_OR_LL_RESULT_AND_NO_ACTIVE_GIMPS_ASSIGNMENT,2026-08-08T19:16:24+00:00,UNALLOCATED,,,,,
SLCMP700-3491,3491,3492,317424329,2^317424329-1,STRUCTURAL_SCREEN_EXHAUSTED_PRIMALITY_UNASSIGNED,GF3A_DIRECTIONAL_WRITE_EXHAUSTED_PRIMALITY_UNASSIGNED,513,512,512,NO_RECORDED_FACTOR_PRP_OR_LL_RESULT_AND_NO_ACTIVE_GIMPS_ASSIGNMENT,2026-08-08T19:16:24+00:00,UNALLOCATED,,,,,
SLCMP700-3492,3492,3493,317424347,2^317424347-1,STRUCTURAL_SCREEN_EXHAUSTED_PRIMALITY_UNASSIGNED,GF3A_DIRECTIONAL_WRITE_EXHAUSTED_PRIMALITY_UNASSIGNED,514,512,512,NO_RECORDED_FACTOR_PRP_OR_LL_RESULT_AND_NO_ACTIVE_GIMPS_ASSIGNMENT,2026-08-08T19:16:24+00:00,UNALLOCATED,,,,,
SLCMP700-3493,3493,3494,317424361,2^317424361-1,STRUCTURAL_SCREEN_EXHAUSTED_PRIMALITY_UNASSIGNED,GF3A_DIRECTIONAL_WRITE_EXHAUSTED_PRIMALITY_UNASSIGNED,513,512,512,NO_RECORDED_FACTOR_PRP_OR_LL_RESULT_AND_NO_ACTIVE_GIMPS_ASSIGNMENT,2026-08-08T19:16:24+00:00,UNALLOCATED,,,,,
SLCMP700-3494,3494,3495,317424377,2^317424377-1,STRUCTURAL_SCREEN_EXHAUSTED_PRIMALITY_UNASSIGNED,GF3A_DIRECTIONAL_WRITE_EXHAUSTED_PRIMALITY_UNASSIGNED,513,512,512,NO_RECORDED_FACTOR_PRP_OR_LL_RESULT_AND_NO_ACTIVE_GIMPS_ASSIGNMENT,2026-08-08T19:16:24+00:00,UNALLOCATED,,,,,
SLCMP700-3495,3495,3496,317424383,2^317424383-1,STRUCTURAL_SCREEN_EXHAUSTED_PRIMALITY_UNASSIGNED,GF3A_DIRECTIONAL_WRITE_EXHAUSTED_PRIMALITY_UNASSIGNED,514,512,512,NO_RECORDED_FACTOR_PRP_OR_LL_RESULT_AND_NO_ACTIVE_GIMPS_ASSIGNMENT,2026-08-08T19:16:24+00:00,UNALLOCATED,,,,,
SLCMP700-3496,3496,3497,317424439,2^317424439-1,STRUCTURAL_SCREEN_EXHAUSTED_PRIMALITY_UNASSIGNED,GF3A_DIRECTIONAL_WRITE_EXHAUSTED_PRIMALITY_UNASSIGNED,514,512,512,NO_RECORDED_FACTOR_PRP_OR_LL_RESULT_AND_NO_ACTIVE_GIMPS_ASSIGNMENT,2026-08-08T19:16:24+00:00,UNALLOCATED,,,,,
SLCMP700-3497,3497,3498,317424451,2^317424451-1,STRUCTURAL_SCREEN_EXHAUSTED_PRIMALITY_UNASSIGNED,GF3A_DIRECTIONAL_WRITE_EXHAUSTED_PRIMALITY_UNASSIGNED,514,512,512,NO_RECORDED_FACTOR_PRP_OR_LL_RESULT_AND_NO_ACTIVE_GIMPS_ASSIGNMENT,2026-08-08T19:16:24+00:00,UNALLOCATED,,,,,
SLCMP700-3498,3498,3499,317424557,2^317424557-1,STRUCTURAL_SCREEN_EXHAUSTED_PRIMALITY_UNASSIGNED,GF3A_DIRECTIONAL_WRITE_EXHAUSTED_PRIMALITY_UNASSIGNED,513,512,512,NO_RECORDED_FACTOR_PRP_OR_LL_RESULT_AND_NO_ACTIVE_GIMPS_ASSIGNMENT,2026-08-08T19:16:24+00:00,UNALLOCATED,,,,,
SLCMP700-3499,3499,3500,317424617,2^317424617-1,STRUCTURAL_SCREEN_EXHAUSTED_PRIMALITY_UNASSIGNED,GF3A_DIRECTIONAL_WRITE_EXHAUSTED_PRIMALITY_UNASSIGNED,513,512,512,NO_RECORDED_FACTOR_PRP_OR_LL_RESULT_AND_NO_ACTIVE_GIMPS_ASSIGNMENT,2026-08-08T19:16:24+00:00,UNALLOCATED,,,,,
SLCMP700-3500,3500,3501,317424673,2^317424673-1,STRUCTURAL_SCREEN_EXHAUSTED_PRIMALITY_UNASSIGNED,GF3A_DIRECTIONAL_WRITE_EXHAUSTED_PRIMALITY_UNASSIGNED,513,512,512,NO_RECORDED_FACTOR_PRP_OR_LL_RESULT_AND_NO_ACTIVE_GIMPS_ASSIGNMENT,2026-08-08T19:16:24+00:00,UNALLOCATED,,,,,
SLCMP700-3501,3501,3502,317424713,2^317424713-1,STRUCTURAL_SCREEN_EXHAUSTED_PRIMALITY_UNASSIGNED,GF3A_DIRECTIONAL_WRITE_EXHAUSTED_PRIMALITY_UNASSIGNED,513,512,512,NO_RECORDED_FACTOR_PRP_OR_LL_RESULT_AND_NO_ACTIVE_GIMPS_ASSIGNMENT,2026-08-08T19:16:24+00:00,UNALLOCATED,,,,,
SLCMP700-3502,3502,3503,317424787,2^317424787-1,STRUCTURAL_SCREEN_EXHAUSTED_PRIMALITY_UNASSIGNED,GF3A_DIRECTIONAL_WRITE_EXHAUSTED_PRIMALITY_UNASSIGNED,514,512,512,NO_RECORDED_FACTOR_PRP_OR_LL_RESULT_AND_NO_ACTIVE_GIMPS_ASSIGNMENT,2026-08-08T19:16:24+00:00,UNALLOCATED,,,,,
SLCMP700-3503,3503,3504,317424827,2^317424827-1,STRUCTURAL_SCREEN_EXHAUSTED_PRIMALITY_UNASSIGNED,GF3A_DIRECTIONAL_WRITE_EXHAUSTED_PRIMALITY_UNASSIGNED,514,512,512,NO_RECORDED_FACTOR_PRP_OR_LL_RESULT_AND_NO_ACTIVE_GIMPS_ASSIGNMENT,2026-08-08T19:16:24+00:00,UNALLOCATED,,,,,
SLCMP700-3504,3504,3505,317424859,2^317424859-1,STRUCTURAL_SCREEN_EXHAUSTED_PRIMALITY_UNASSIGNED,GF3A_DIRECTIONAL_WRITE_EXHAUSTED_PRIMALITY_UNASSIGNED,514,512,512,NO_RECORDED_FACTOR_PRP_OR_LL_RESULT_AND_NO_ACTIVE_GIMPS_ASSIGNMENT,2026-08-08T19:16:24+00:00,UNALLOCATED,,,,,
SLCMP700-3505,3505,3506,317424869,2^317424869-1,STRUCTURAL_SCREEN_EXHAUSTED_PRIMALITY_UNASSIGNED,GF3A_DIRECTIONAL_WRITE_EXHAUSTED_PRIMALITY_UNASSIGNED,513,512,512,NO_RECORDED_FACTOR_PRP_OR_LL_RESULT_AND_NO_ACTIVE_GIMPS_ASSIGNMENT,2026-08-08T19:16:24+00:00,UNALLOCATED,,,,,
SLCMP700-3506,3506,3507,317424941,2^317424941-1,STRUCTURAL_SCREEN_EXHAUSTED_PRIMALITY_UNASSIGNED,GF3A_DIRECTIONAL_WRITE_EXHAUSTED_PRIMALITY_UNASSIGNED,513,512,512,NO_RECORDED_FACTOR_PRP_OR_LL_RESULT_AND_NO_ACTIVE_GIMPS_ASSIGNMENT,2026-08-08T19:16:24+00:00,UNALLOCATED,,,,,
SLCMP700-3507,3507,3508,317424979,2^317424979-1,STRUCTURAL_SCREEN_EXHAUSTED_PRIMALITY_UNASSIGNED,GF3A_DIRECTIONAL_WRITE_EXHAUSTED_PRIMALITY_UNASSIGNED,514,512,512,NO_RECORDED_FACTOR_PRP_OR_LL_RESULT_AND_NO_ACTIVE_GIMPS_ASSIGNMENT,2026-08-08T19:16:24+00:00,UNALLOCATED,,,,,
SLCMP700-3508,3508,3509,317425061,2^317425061-1,STRUCTURAL_SCREEN_EXHAUSTED_PRIMALITY_UNASSIGNED,GF3A_DIRECTIONAL_WRITE_EXHAUSTED_PRIMALITY_UNASSIGNED,513,512,512,NO_RECORDED_FACTOR_PRP_OR_LL_RESULT_AND_NO_ACTIVE_GIMPS_ASSIGNMENT,2026-08-08T19:16:24+00:00,UNALLOCATED,,,,,
SLCMP700-3509,3509,3510,317425063,2^317425063-1,STRUCTURAL_SCREEN_EXHAUSTED_PRIMALITY_UNASSIGNED,GF3A_DIRECTIONAL_WRITE_EXHAUSTED_PRIMALITY_UNASSIGNED,514,512,512,NO_RECORDED_FACTOR_PRP_OR_LL_RESULT_AND_NO_ACTIVE_GIMPS_ASSIGNMENT,2026-08-08T19:16:24+00:00,UNALLOCATED,,,,,
SLCMP700-3510,3510,3511,317425177,2^317425177-1,STRUCTURAL_SCREEN_EXHAUSTED_PRIMALITY_UNASSIGNED,GF3A_DIRECTIONAL_WRITE_EXHAUSTED_PRIMALITY_UNASSIGNED,513,512,512,NO_RECORDED_FACTOR_PRP_OR_LL_RESULT_AND_NO_ACTIVE_GIMPS_ASSIGNMENT,2026-08-08T19:16:24+00:00,UNALLOCATED,,,,,
SLCMP700-3511,3511,3512,317425193,2^317425193-1,STRUCTURAL_SCREEN_EXHAUSTED_PRIMALITY_UNASSIGNED,GF3A_DIRECTIONAL_WRITE_EXHAUSTED_PRIMALITY_UNASSIGNED,513,512,512,NO_RECORDED_FACTOR_PRP_OR_LL_RESULT_AND_NO_ACTIVE_GIMPS_ASSIGNMENT,2026-08-08T19:16:24+00:00,UNALLOCATED,,,,,
SLCMP700-3512,3512,3513,317425289,2^317425289-1,STRUCTURAL_SCREEN_EXHAUSTED_PRIMALITY_UNASSIGNED,GF3A_DIRECTIONAL_WRITE_EXHAUSTED_PRIMALITY_UNASSIGNED,513,512,512,NO_RECORDED_FACTOR_PRP_OR_LL_RESULT_AND_NO_ACTIVE_GIMPS_ASSIGNMENT,2026-08-08T19:16:24+00:00,UNALLOCATED,,,,,
SLCMP700-3513,3513,3514,317425351,2^317425351-1,STRUCTURAL_SCREEN_EXHAUSTED_PRIMALITY_UNASSIGNED,GF3A_DIRECTIONAL_WRITE_EXHAUSTED_PRIMALITY_UNASSIGNED,514,512,512,NO_RECORDED_FACTOR_PRP_OR_LL_RESULT_AND_NO_ACTIVE_GIMPS_ASSIGNMENT,2026-08-08T19:16:24+00:00,UNALLOCATED,,,,,
SLCMP700-3514,3514,3515,317425439,2^317425439-1,STRUCTURAL_SCREEN_EXHAUSTED_PRIMALITY_UNASSIGNED,GF3A_DIRECTIONAL_WRITE_EXHAUSTED_PRIMALITY_UNASSIGNED,514,512,512,NO_RECORDED_FACTOR_PRP_OR_LL_RESULT_AND_NO_ACTIVE_GIMPS_ASSIGNMENT,2026-08-08T19:16:24+00:00,UNALLOCATED,,,,,
SLCMP700-3515,3515,3516,317425529,2^317425529-1,STRUCTURAL_SCREEN_EXHAUSTED_PRIMALITY_UNASSIGNED,GF3A_DIRECTIONAL_WRITE_EXHAUSTED_PRIMALITY_UNASSIGNED,513,512,512,NO_RECORDED_FACTOR_PRP_OR_LL_RESULT_AND_NO_ACTIVE_GIMPS_ASSIGNMENT,2026-08-08T19:16:24+00:00,UNALLOCATED,,,,,
SLCMP700-3516,3516,3517,317425541,2^317425541-1,STRUCTURAL_SCREEN_EXHAUSTED_PRIMALITY_UNASSIGNED,GF3A_DIRECTIONAL_WRITE_EXHAUSTED_PRIMALITY_UNASSIGNED,513,512,512,NO_RECORDED_FACTOR_PRP_OR_LL_RESULT_AND_NO_ACTIVE_GIMPS_ASSIGNMENT,2026-08-08T19:16:24+00:00,UNALLOCATED,,,,,
SLCMP700-3517,3517,3518,317425597,2^317425597-1,STRUCTURAL_SCREEN_EXHAUSTED_PRIMALITY_UNASSIGNED,GF3A_DIRECTIONAL_WRITE_EXHAUSTED_PRIMALITY_UNASSIGNED,513,512,512,NO_RECORDED_FACTOR_PRP_OR_LL_RESULT_AND_NO_ACTIVE_GIMPS_ASSIGNMENT,2026-08-08T19:16:24+00:00,UNALLOCATED,,,,,
SLCMP700-3518,3518,3519,317425607,2^317425607-1,STRUCTURAL_SCREEN_EXHAUSTED_PRIMALITY_UNASSIGNED,GF3A_DIRECTIONAL_WRITE_EXHAUSTED_PRIMALITY_UNASSIGNED,514,512,512,NO_RECORDED_FACTOR_PRP_OR_LL_RESULT_AND_NO_ACTIVE_GIMPS_ASSIGNMENT,2026-08-08T19:16:24+00:00,UNALLOCATED,,,,,
SLCMP700-3519,3519,3520,317425697,2^317425697-1,STRUCTURAL_SCREEN_EXHAUSTED_PRIMALITY_UNASSIGNED,GF3A_DIRECTIONAL_WRITE_EXHAUSTED_PRIMALITY_UNASSIGNED,513,512,512,NO_RECORDED_FACTOR_PRP_OR_LL_RESULT_AND_NO_ACTIVE_GIMPS_ASSIGNMENT,2026-08-08T19:16:24+00:00,UNALLOCATED,,,,,
SLCMP700-3520,3520,3521,317425753,2^317425753-1,STRUCTURAL_SCREEN_EXHAUSTED_PRIMALITY_UNASSIGNED,GF3A_DIRECTIONAL_WRITE_EXHAUSTED_PRIMALITY_UNASSIGNED,513,512,512,NO_RECORDED_FACTOR_PRP_OR_LL_RESULT_AND_NO_ACTIVE_GIMPS_ASSIGNMENT,2026-08-08T19:16:24+00:00,UNALLOCATED,,,,,
SLCMP700-3521,3521,3522,317425861,2^317425861-1,STRUCTURAL_SCREEN_EXHAUSTED_PRIMALITY_UNASSIGNED,GF3A_DIRECTIONAL_WRITE_EXHAUSTED_PRIMALITY_UNASSIGNED,513,512,512,NO_RECORDED_FACTOR_PRP_OR_LL_RESULT_AND_NO_ACTIVE_GIMPS_ASSIGNMENT,2026-08-08T19:16:24+00:00,UNALLOCATED,,,,,
SLCMP700-3522,3522,3523,317425873,2^317425873-1,STRUCTURAL_SCREEN_EXHAUSTED_PRIMALITY_UNASSIGNED,GF3A_DIRECTIONAL_WRITE_EXHAUSTED_PRIMALITY_UNASSIGNED,513,512,512,NO_RECORDED_FACTOR_PRP_OR_LL_RESULT_AND_NO_ACTIVE_GIMPS_ASSIGNMENT,2026-08-08T19:16:24+00:00,UNALLOCATED,,,,,
SLCMP700-3523,3523,3524,317425949,2^317425949-1,STRUCTURAL_SCREEN_EXHAUSTED_PRIMALITY_UNASSIGNED,GF3A_DIRECTIONAL_WRITE_EXHAUSTED_PRIMALITY_UNASSIGNED,513,512,512,NO_RECORDED_FACTOR_PRP_OR_LL_RESULT_AND_NO_ACTIVE_GIMPS_ASSIGNMENT,2026-08-08T19:16:24+00:00,UNALLOCATED,,,,,
SLCMP700-3524,3524,3525,317425991,2^317425991-1,STRUCTURAL_SCREEN_EXHAUSTED_PRIMALITY_UNASSIGNED,GF3A_DIRECTIONAL_WRITE_EXHAUSTED_PRIMALITY_UNASSIGNED,514,512,512,NO_RECORDED_FACTOR_PRP_OR_LL_RESULT_AND_NO_ACTIVE_GIMPS_ASSIGNMENT,2026-08-08T19:16:24+00:00,UNALLOCATED,,,,,
SLCMP700-3525,3525,3526,317425993,2^317425993-1,STRUCTURAL_SCREEN_EXHAUSTED_PRIMALITY_UNASSIGNED,GF3A_DIRECTIONAL_WRITE_EXHAUSTED_PRIMALITY_UNASSIGNED,513,512,512,NO_RECORDED_FACTOR_PRP_OR_LL_RESULT_AND_NO_ACTIVE_GIMPS_ASSIGNMENT,2026-08-08T19:16:24+00:00,UNALLOCATED,,,,,
SLCMP700-3526,3526,3527,317426041,2^317426041-1,STRUCTURAL_SCREEN_EXHAUSTED_PRIMALITY_UNASSIGNED,GF3A_DIRECTIONAL_WRITE_EXHAUSTED_PRIMALITY_UNASSIGNED,513,512,512,NO_RECORDED_FACTOR_PRP_OR_LL_RESULT_AND_NO_ACTIVE_GIMPS_ASSIGNMENT,2026-08-08T19:16:24+00:00,UNALLOCATED,,,,,
SLCMP700-3527,3527,3528,317426047,2^317426047-1,STRUCTURAL_SCREEN_EXHAUSTED_PRIMALITY_UNASSIGNED,GF3A_DIRECTIONAL_WRITE_EXHAUSTED_PRIMALITY_UNASSIGNED,514,512,512,NO_RECORDED_FACTOR_PRP_OR_LL_RESULT_AND_NO_ACTIVE_GIMPS_ASSIGNMENT,2026-08-08T19:16:24+00:00,UNALLOCATED,,,,,
SLCMP700-3528,3528,3529,317426051,2^317426051-1,STRUCTURAL_SCREEN_EXHAUSTED_PRIMALITY_UNASSIGNED,GF3A_DIRECTIONAL_WRITE_EXHAUSTED_PRIMALITY_UNASSIGNED,514,512,512,NO_RECORDED_FACTOR_PRP_OR_LL_RESULT_AND_NO_ACTIVE_GIMPS_ASSIGNMENT,2026-08-08T19:16:24+00:00,UNALLOCATED,,,,,
SLCMP700-3529,3529,3530,317426167,2^317426167-1,STRUCTURAL_SCREEN_EXHAUSTED_PRIMALITY_UNASSIGNED,GF3A_DIRECTIONAL_WRITE_EXHAUSTED_PRIMALITY_UNASSIGNED,514,512,512,NO_RECORDED_FACTOR_PRP_OR_LL_RESULT_AND_NO_ACTIVE_GIMPS_ASSIGNMENT,2026-08-08T19:16:24+00:00,UNALLOCATED,,,,,
SLCMP700-3530,3530,3531,317426191,2^317426191-1,STRUCTURAL_SCREEN_EXHAUSTED_PRIMALITY_UNASSIGNED,GF3A_DIRECTIONAL_WRITE_EXHAUSTED_PRIMALITY_UNASSIGNED,514,512,512,NO_RECORDED_FACTOR_PRP_OR_LL_RESULT_AND_NO_ACTIVE_GIMPS_ASSIGNMENT,2026-08-08T19:16:24+00:00,UNALLOCATED,,,,,
SLCMP700-3531,3531,3532,317426237,2^317426237-1,STRUCTURAL_SCREEN_EXHAUSTED_PRIMALITY_UNASSIGNED,GF3A_DIRECTIONAL_WRITE_EXHAUSTED_PRIMALITY_UNASSIGNED,513,512,512,NO_RECORDED_FACTOR_PRP_OR_LL_RESULT_AND_NO_ACTIVE_GIMPS_ASSIGNMENT,2026-08-08T19:16:24+00:00,UNALLOCATED,,,,,
SLCMP700-3532,3532,3533,317426359,2^317426359-1,STRUCTURAL_SCREEN_EXHAUSTED_PRIMALITY_UNASSIGNED,GF3A_DIRECTIONAL_WRITE_EXHAUSTED_PRIMALITY_UNASSIGNED,514,512,512,NO_RECORDED_FACTOR_PRP_OR_LL_RESULT_AND_NO_ACTIVE_GIMPS_ASSIGNMENT,2026-08-08T19:16:24+00:00,UNALLOCATED,,,,,
SLCMP700-3533,3533,3534,317426569,2^317426569-1,STRUCTURAL_SCREEN_EXHAUSTED_PRIMALITY_UNASSIGNED,GF3A_DIRECTIONAL_WRITE_EXHAUSTED_PRIMALITY_UNASSIGNED,513,512,512,NO_RECORDED_FACTOR_PRP_OR_LL_RESULT_AND_NO_ACTIVE_GIMPS_ASSIGNMENT,2026-08-08T19:16:24+00:00,UNALLOCATED,,,,,
SLCMP700-3534,3534,3535,317426617,2^317426617-1,STRUCTURAL_SCREEN_EXHAUSTED_PRIMALITY_UNASSIGNED,GF3A_DIRECTIONAL_WRITE_EXHAUSTED_PRIMALITY_UNASSIGNED,513,512,512,NO_RECORDED_FACTOR_PRP_OR_LL_RESULT_AND_NO_ACTIVE_GIMPS_ASSIGNMENT,2026-08-08T19:16:24+00:00,UNALLOCATED,,,,,
SLCMP700-3535,3535,3536,317426623,2^317426623-1,STRUCTURAL_SCREEN_EXHAUSTED_PRIMALITY_UNASSIGNED,GF3A_DIRECTIONAL_WRITE_EXHAUSTED_PRIMALITY_UNASSIGNED,514,512,512,NO_RECORDED_FACTOR_PRP_OR_LL_RESULT_AND_NO_ACTIVE_GIMPS_ASSIGNMENT,2026-08-08T19:16:24+00:00,UNALLOCATED,,,,,
SLCMP700-3536,3536,3537,317426651,2^317426651-1,STRUCTURAL_SCREEN_EXHAUSTED_PRIMALITY_UNASSIGNED,GF3A_DIRECTIONAL_WRITE_EXHAUSTED_PRIMALITY_UNASSIGNED,514,512,512,NO_RECORDED_FACTOR_PRP_OR_LL_RESULT_AND_NO_ACTIVE_GIMPS_ASSIGNMENT,2026-08-08T19:16:24+00:00,UNALLOCATED,,,,,
SLCMP700-3537,3537,3538,317426653,2^317426653-1,STRUCTURAL_SCREEN_EXHAUSTED_PRIMALITY_UNASSIGNED,GF3A_DIRECTIONAL_WRITE_EXHAUSTED_PRIMALITY_UNASSIGNED,513,512,512,NO_RECORDED_FACTOR_PRP_OR_LL_RESULT_AND_NO_ACTIVE_GIMPS_ASSIGNMENT,2026-08-08T19:16:24+00:00,UNALLOCATED,,,,,
SLCMP700-3538,3538,3539,317426687,2^317426687-1,STRUCTURAL_SCREEN_EXHAUSTED_PRIMALITY_UNASSIGNED,GF3A_DIRECTIONAL_WRITE_EXHAUSTED_PRIMALITY_UNASSIGNED,514,512,512,NO_RECORDED_FACTOR_PRP_OR_LL_RESULT_AND_NO_ACTIVE_GIMPS_ASSIGNMENT,2026-08-08T19:16:24+00:00,UNALLOCATED,,,,,
SLCMP700-3539,3539,3540,317426693,2^317426693-1,STRUCTURAL_SCREEN_EXHAUSTED_PRIMALITY_UNASSIGNED,GF3A_DIRECTIONAL_WRITE_EXHAUSTED_PRIMALITY_UNASSIGNED,513,512,512,NO_RECORDED_FACTOR_PRP_OR_LL_RESULT_AND_NO_ACTIVE_GIMPS_ASSIGNMENT,2026-08-08T19:16:24+00:00,UNALLOCATED,,,,,
SLCMP700-3540,3540,3541,317426803,2^317426803-1,STRUCTURAL_SCREEN_EXHAUSTED_PRIMALITY_UNASSIGNED,GF3A_DIRECTIONAL_WRITE_EXHAUSTED_PRIMALITY_UNASSIGNED,514,512,512,NO_RECORDED_FACTOR_PRP_OR_LL_RESULT_AND_NO_ACTIVE_GIMPS_ASSIGNMENT,2026-08-08T19:16:24+00:00,UNALLOCATED,,,,,
SLCMP700-3541,3541,3542,317426917,2^317426917-1,STRUCTURAL_SCREEN_EXHAUSTED_PRIMALITY_UNASSIGNED,GF3A_DIRECTIONAL_WRITE_EXHAUSTED_PRIMALITY_UNASSIGNED,513,512,512,NO_RECORDED_FACTOR_PRP_OR_LL_RESULT_AND_NO_ACTIVE_GIMPS_ASSIGNMENT,2026-08-08T19:16:24+00:00,UNALLOCATED,,,,,
SLCMP700-3542,3542,3543,317426947,2^317426947-1,STRUCTURAL_SCREEN_EXHAUSTED_PRIMALITY_UNASSIGNED,GF3A_DIRECTIONAL_WRITE_EXHAUSTED_PRIMALITY_UNASSIGNED,514,512,512,NO_RECORDED_FACTOR_PRP_OR_LL_RESULT_AND_NO_ACTIVE_GIMPS_ASSIGNMENT,2026-08-08T19:16:24+00:00,UNALLOCATED,,,,,
SLCMP700-3543,3543,3544,317426983,2^317426983-1,STRUCTURAL_SCREEN_EXHAUSTED_PRIMALITY_UNASSIGNED,GF3A_DIRECTIONAL_WRITE_EXHAUSTED_PRIMALITY_UNASSIGNED,514,512,512,NO_RECORDED_FACTOR_PRP_OR_LL_RESULT_AND_NO_ACTIVE_GIMPS_ASSIGNMENT,2026-08-08T19:16:24+00:00,UNALLOCATED,,,,,
SLCMP700-3544,3544,3545,317427029,2^317427029-1,STRUCTURAL_SCREEN_EXHAUSTED_PRIMALITY_UNASSIGNED,GF3A_DIRECTIONAL_WRITE_EXHAUSTED_PRIMALITY_UNASSIGNED,513,512,512,NO_RECORDED_FACTOR_PRP_OR_LL_RESULT_AND_NO_ACTIVE_GIMPS_ASSIGNMENT,2026-08-08T19:16:24+00:00,UNALLOCATED,,,,,
SLCMP700-3545,3545,3546,317427041,2^317427041-1,STRUCTURAL_SCREEN_EXHAUSTED_PRIMALITY_UNASSIGNED,GF3A_DIRECTIONAL_WRITE_EXHAUSTED_PRIMALITY_UNASSIGNED,513,512,512,NO_RECORDED_FACTOR_PRP_OR_LL_RESULT_AND_NO_ACTIVE_GIMPS_ASSIGNMENT,2026-08-08T19:16:24+00:00,UNALLOCATED,,,,,
SLCMP700-3546,3546,3547,317427101,2^317427101-1,STRUCTURAL_SCREEN_EXHAUSTED_PRIMALITY_UNASSIGNED,GF3A_DIRECTIONAL_WRITE_EXHAUSTED_PRIMALITY_UNASSIGNED,513,512,512,NO_RECORDED_FACTOR_PRP_OR_LL_RESULT_AND_NO_ACTIVE_GIMPS_ASSIGNMENT,2026-08-08T19:16:24+00:00,UNALLOCATED,,,,,
SLCMP700-3547,3547,3548,317427137,2^317427137-1,STRUCTURAL_SCREEN_EXHAUSTED_PRIMALITY_UNASSIGNED,GF3A_DIRECTIONAL_WRITE_EXHAUSTED_PRIMALITY_UNASSIGNED,513,512,512,NO_RECORDED_FACTOR_PRP_OR_LL_RESULT_AND_NO_ACTIVE_GIMPS_ASSIGNMENT,2026-08-08T19:16:24+00:00,UNALLOCATED,,,,,
SLCMP700-3548,3548,3549,317427221,2^317427221-1,STRUCTURAL_SCREEN_EXHAUSTED_PRIMALITY_UNASSIGNED,GF3A_DIRECTIONAL_WRITE_EXHAUSTED_PRIMALITY_UNASSIGNED,513,512,512,NO_RECORDED_FACTOR_PRP_OR_LL_RESULT_AND_NO_ACTIVE_GIMPS_ASSIGNMENT,2026-08-08T19:16:24+00:00,UNALLOCATED,,,,,
SLCMP700-3549,3549,3550,317427389,2^317427389-1,STRUCTURAL_SCREEN_EXHAUSTED_PRIMALITY_UNASSIGNED,GF3A_DIRECTIONAL_WRITE_EXHAUSTED_PRIMALITY_UNASSIGNED,513,512,512,NO_RECORDED_FACTOR_PRP_OR_LL_RESULT_AND_NO_ACTIVE_GIMPS_ASSIGNMENT,2026-08-08T19:16:24+00:00,UNALLOCATED,,,,,
SLCMP700-3550,3550,3551,317427443,2^317427443-1,STRUCTURAL_SCREEN_EXHAUSTED_PRIMALITY_UNASSIGNED,GF3A_DIRECTIONAL_WRITE_EXHAUSTED_PRIMALITY_UNASSIGNED,514,512,512,NO_RECORDED_FACTOR_PRP_OR_LL_RESULT_AND_NO_ACTIVE_GIMPS_ASSIGNMENT,2026-08-08T19:16:24+00:00,UNALLOCATED,,,,,
SLCMP700-3551,3551,3552,317427457,2^317427457-1,STRUCTURAL_SCREEN_EXHAUSTED_PRIMALITY_UNASSIGNED,GF3A_DIRECTIONAL_WRITE_EXHAUSTED_PRIMALITY_UNASSIGNED,513,512,512,NO_RECORDED_FACTOR_PRP_OR_LL_RESULT_AND_NO_ACTIVE_GIMPS_ASSIGNMENT,2026-08-08T19:16:24+00:00,UNALLOCATED,,,,,
SLCMP700-3552,3552,3553,317427463,2^317427463-1,STRUCTURAL_SCREEN_EXHAUSTED_PRIMALITY_UNASSIGNED,GF3A_DIRECTIONAL_WRITE_EXHAUSTED_PRIMALITY_UNASSIGNED,514,512,512,NO_RECORDED_FACTOR_PRP_OR_LL_RESULT_AND_NO_ACTIVE_GIMPS_ASSIGNMENT,2026-08-08T19:16:24+00:00,UNALLOCATED,,,,,
SLCMP700-3553,3553,3554,317427499,2^317427499-1,STRUCTURAL_SCREEN_EXHAUSTED_PRIMALITY_UNASSIGNED,GF3A_DIRECTIONAL_WRITE_EXHAUSTED_PRIMALITY_UNASSIGNED,514,512,512,NO_RECORDED_FACTOR_PRP_OR_LL_RESULT_AND_NO_ACTIVE_GIMPS_ASSIGNMENT,2026-08-08T19:16:24+00:00,UNALLOCATED,,,,,
SLCMP700-3554,3554,3555,317427601,2^317427601-1,STRUCTURAL_SCREEN_EXHAUSTED_PRIMALITY_UNASSIGNED,GF3A_DIRECTIONAL_WRITE_EXHAUSTED_PRIMALITY_UNASSIGNED,513,512,512,NO_RECORDED_FACTOR_PRP_OR_LL_RESULT_AND_NO_ACTIVE_GIMPS_ASSIGNMENT,2026-08-08T19:16:24+00:00,UNALLOCATED,,,,,
SLCMP700-3555,3555,3556,317427647,2^317427647-1,STRUCTURAL_SCREEN_EXHAUSTED_PRIMALITY_UNASSIGNED,GF3A_DIRECTIONAL_WRITE_EXHAUSTED_PRIMALITY_UNASSIGNED,514,512,512,NO_RECORDED_FACTOR_PRP_OR_LL_RESULT_AND_NO_ACTIVE_GIMPS_ASSIGNMENT,2026-08-08T19:16:24+00:00,UNALLOCATED,,,,,
SLCMP700-3556,3556,3557,317427683,2^317427683-1,STRUCTURAL_SCREEN_EXHAUSTED_PRIMALITY_UNASSIGNED,GF3A_DIRECTIONAL_WRITE_EXHAUSTED_PRIMALITY_UNASSIGNED,514,512,512,NO_RECORDED_FACTOR_PRP_OR_LL_RESULT_AND_NO_ACTIVE_GIMPS_ASSIGNMENT,2026-08-08T19:16:24+00:00,UNALLOCATED,,,,,
SLCMP700-3557,3557,3558,317427697,2^317427697-1,STRUCTURAL_SCREEN_EXHAUSTED_PRIMALITY_UNASSIGNED,GF3A_DIRECTIONAL_WRITE_EXHAUSTED_PRIMALITY_UNASSIGNED,513,512,512,NO_RECORDED_FACTOR_PRP_OR_LL_RESULT_AND_NO_ACTIVE_GIMPS_ASSIGNMENT,2026-08-08T19:16:24+00:00,UNALLOCATED,,,,,
SLCMP700-3558,3558,3559,317427751,2^317427751-1,STRUCTURAL_SCREEN_EXHAUSTED_PRIMALITY_UNASSIGNED,GF3A_DIRECTIONAL_WRITE_EXHAUSTED_PRIMALITY_UNASSIGNED,514,512,512,NO_RECORDED_FACTOR_PRP_OR_LL_RESULT_AND_NO_ACTIVE_GIMPS_ASSIGNMENT,2026-08-08T19:16:24+00:00,UNALLOCATED,,,,,
SLCMP700-3559,3559,3560,317427811,2^317427811-1,STRUCTURAL_SCREEN_EXHAUSTED_PRIMALITY_UNASSIGNED,GF3A_DIRECTIONAL_WRITE_EXHAUSTED_PRIMALITY_UNASSIGNED,514,512,512,NO_RECORDED_FACTOR_PRP_OR_LL_RESULT_AND_NO_ACTIVE_GIMPS_ASSIGNMENT,2026-08-08T19:16:24+00:00,UNALLOCATED,,,,,
SLCMP700-3560,3560,3561,317427917,2^317427917-1,STRUCTURAL_SCREEN_EXHAUSTED_PRIMALITY_UNASSIGNED,GF3A_DIRECTIONAL_WRITE_EXHAUSTED_PRIMALITY_UNASSIGNED,513,512,512,NO_RECORDED_FACTOR_PRP_OR_LL_RESULT_AND_NO_ACTIVE_GIMPS_ASSIGNMENT,2026-08-08T19:16:24+00:00,UNALLOCATED,,,,,
SLCMP700-3561,3561,3562,317427973,2^317427973-1,STRUCTURAL_SCREEN_EXHAUSTED_PRIMALITY_UNASSIGNED,GF3A_DIRECTIONAL_WRITE_EXHAUSTED_PRIMALITY_UNASSIGNED,513,512,512,NO_RECORDED_FACTOR_PRP_OR_LL_RESULT_AND_NO_ACTIVE_GIMPS_ASSIGNMENT,2026-08-08T19:16:24+00:00,UNALLOCATED,,,,,
SLCMP700-3562,3562,3563,317428081,2^317428081-1,STRUCTURAL_SCREEN_EXHAUSTED_PRIMALITY_UNASSIGNED,GF3A_DIRECTIONAL_WRITE_EXHAUSTED_PRIMALITY_UNASSIGNED,513,512,512,NO_RECORDED_FACTOR_PRP_OR_LL_RESULT_AND_NO_ACTIVE_GIMPS_ASSIGNMENT,2026-08-08T19:16:24+00:00,UNALLOCATED,,,,,
SLCMP700-3563,3563,3564,317428093,2^317428093-1,STRUCTURAL_SCREEN_EXHAUSTED_PRIMALITY_UNASSIGNED,GF3A_DIRECTIONAL_WRITE_EXHAUSTED_PRIMALITY_UNASSIGNED,513,512,512,NO_RECORDED_FACTOR_PRP_OR_LL_RESULT_AND_NO_ACTIVE_GIMPS_ASSIGNMENT,2026-08-08T19:16:24+00:00,UNALLOCATED,,,,,
SLCMP700-3564,3564,3565,317428211,2^317428211-1,STRUCTURAL_SCREEN_EXHAUSTED_PRIMALITY_UNASSIGNED,GF3A_DIRECTIONAL_WRITE_EXHAUSTED_PRIMALITY_UNASSIGNED,514,512,512,NO_RECORDED_FACTOR_PRP_OR_LL_RESULT_AND_NO_ACTIVE_GIMPS_ASSIGNMENT,2026-08-08T19:16:24+00:00,UNALLOCATED,,,,,
SLCMP700-3565,3565,3566,317428213,2^317428213-1,STRUCTURAL_SCREEN_EXHAUSTED_PRIMALITY_UNASSIGNED,GF3A_DIRECTIONAL_WRITE_EXHAUSTED_PRIMALITY_UNASSIGNED,513,512,512,NO_RECORDED_FACTOR_PRP_OR_LL_RESULT_AND_NO_ACTIVE_GIMPS_ASSIGNMENT,2026-08-08T19:16:24+00:00,UNALLOCATED,,,,,
SLCMP700-3566,3566,3567,317428253,2^317428253-1,STRUCTURAL_SCREEN_EXHAUSTED_PRIMALITY_UNASSIGNED,GF3A_DIRECTIONAL_WRITE_EXHAUSTED_PRIMALITY_UNASSIGNED,513,512,512,NO_RECORDED_FACTOR_PRP_OR_LL_RESULT_AND_NO_ACTIVE_GIMPS_ASSIGNMENT,2026-08-08T19:16:24+00:00,UNALLOCATED,,,,,
SLCMP700-3567,3567,3568,317428357,2^317428357-1,STRUCTURAL_SCREEN_EXHAUSTED_PRIMALITY_UNASSIGNED,GF3A_DIRECTIONAL_WRITE_EXHAUSTED_PRIMALITY_UNASSIGNED,513,512,512,NO_RECORDED_FACTOR_PRP_OR_LL_RESULT_AND_NO_ACTIVE_GIMPS_ASSIGNMENT,2026-08-08T19:16:24+00:00,UNALLOCATED,,,,,
SLCMP700-3568,3568,3569,317428361,2^317428361-1,STRUCTURAL_SCREEN_EXHAUSTED_PRIMALITY_UNASSIGNED,GF3A_DIRECTIONAL_WRITE_EXHAUSTED_PRIMALITY_UNASSIGNED,513,512,512,NO_RECORDED_FACTOR_PRP_OR_LL_RESULT_AND_NO_ACTIVE_GIMPS_ASSIGNMENT,2026-08-08T19:16:24+00:00,UNALLOCATED,,,,,
SLCMP700-3569,3569,3570,317428393,2^317428393-1,STRUCTURAL_SCREEN_EXHAUSTED_PRIMALITY_UNASSIGNED,GF3A_DIRECTIONAL_WRITE_EXHAUSTED_PRIMALITY_UNASSIGNED,513,512,512,NO_RECORDED_FACTOR_PRP_OR_LL_RESULT_AND_NO_ACTIVE_GIMPS_ASSIGNMENT,2026-08-08T19:16:24+00:00,UNALLOCATED,,,,,
SLCMP700-3570,3570,3571,317428453,2^317428453-1,STRUCTURAL_SCREEN_EXHAUSTED_PRIMALITY_UNASSIGNED,GF3A_DIRECTIONAL_WRITE_EXHAUSTED_PRIMALITY_UNASSIGNED,513,512,512,NO_RECORDED_FACTOR_PRP_OR_LL_RESULT_AND_NO_ACTIVE_GIMPS_ASSIGNMENT,2026-08-08T19:16:24+00:00,UNALLOCATED,,,,,
SLCMP700-3571,3571,3572,317428477,2^317428477-1,STRUCTURAL_SCREEN_EXHAUSTED_PRIMALITY_UNASSIGNED,GF3A_DIRECTIONAL_WRITE_EXHAUSTED_PRIMALITY_UNASSIGNED,513,512,512,NO_RECORDED_FACTOR_PRP_OR_LL_RESULT_AND_NO_ACTIVE_GIMPS_ASSIGNMENT,2026-08-08T19:16:24+00:00,UNALLOCATED,,,,,
SLCMP700-3572,3572,3573,317428487,2^317428487-1,STRUCTURAL_SCREEN_EXHAUSTED_PRIMALITY_UNASSIGNED,GF3A_DIRECTIONAL_WRITE_EXHAUSTED_PRIMALITY_UNASSIGNED,514,512,512,NO_RECORDED_FACTOR_PRP_OR_LL_RESULT_AND_NO_ACTIVE_GIMPS_ASSIGNMENT,2026-08-08T19:16:24+00:00,UNALLOCATED,,,,,
SLCMP700-3573,3573,3574,317428597,2^317428597-1,STRUCTURAL_SCREEN_EXHAUSTED_PRIMALITY_UNASSIGNED,GF3A_DIRECTIONAL_WRITE_EXHAUSTED_PRIMALITY_UNASSIGNED,513,512,512,NO_RECORDED_FACTOR_PRP_OR_LL_RESULT_AND_NO_ACTIVE_GIMPS_ASSIGNMENT,2026-08-08T19:16:24+00:00,UNALLOCATED,,,,,
SLCMP700-3574,3574,3575,317428609,2^317428609-1,STRUCTURAL_SCREEN_EXHAUSTED_PRIMALITY_UNASSIGNED,GF3A_DIRECTIONAL_WRITE_EXHAUSTED_PRIMALITY_UNASSIGNED,513,512,512,NO_RECORDED_FACTOR_PRP_OR_LL_RESULT_AND_NO_ACTIVE_GIMPS_ASSIGNMENT,2026-08-08T19:16:24+00:00,UNALLOCATED,,,,,
SLCMP700-3575,3575,3576,317428621,2^317428621-1,STRUCTURAL_SCREEN_EXHAUSTED_PRIMALITY_UNASSIGNED,GF3A_DIRECTIONAL_WRITE_EXHAUSTED_PRIMALITY_UNASSIGNED,513,512,512,NO_RECORDED_FACTOR_PRP_OR_LL_RESULT_AND_NO_ACTIVE_GIMPS_ASSIGNMENT,2026-08-08T19:16:24+00:00,UNALLOCATED,,,,,
SLCMP700-3576,3576,3577,317428679,2^317428679-1,STRUCTURAL_SCREEN_EXHAUSTED_PRIMALITY_UNASSIGNED,GF3A_DIRECTIONAL_WRITE_EXHAUSTED_PRIMALITY_UNASSIGNED,514,512,512,NO_RECORDED_FACTOR_PRP_OR_LL_RESULT_AND_NO_ACTIVE_GIMPS_ASSIGNMENT,2026-08-08T19:16:24+00:00,UNALLOCATED,,,,,
SLCMP700-3577,3577,3578,317428807,2^317428807-1,STRUCTURAL_SCREEN_EXHAUSTED_PRIMALITY_UNASSIGNED,GF3A_DIRECTIONAL_WRITE_EXHAUSTED_PRIMALITY_UNASSIGNED,514,512,512,NO_RECORDED_FACTOR_PRP_OR_LL_RESULT_AND_NO_ACTIVE_GIMPS_ASSIGNMENT,2026-08-08T19:16:24+00:00,UNALLOCATED,,,,,
SLCMP700-3578,3578,3579,317428823,2^317428823-1,STRUCTURAL_SCREEN_EXHAUSTED_PRIMALITY_UNASSIGNED,GF3A_DIRECTIONAL_WRITE_EXHAUSTED_PRIMALITY_UNASSIGNED,514,512,512,NO_RECORDED_FACTOR_PRP_OR_LL_RESULT_AND_NO_ACTIVE_GIMPS_ASSIGNMENT,2026-08-08T19:16:24+00:00,UNALLOCATED,,,,,
SLCMP700-3579,3579,3580,317428831,2^317428831-1,STRUCTURAL_SCREEN_EXHAUSTED_PRIMALITY_UNASSIGNED,GF3A_DIRECTIONAL_WRITE_EXHAUSTED_PRIMALITY_UNASSIGNED,514,512,512,NO_RECORDED_FACTOR_PRP_OR_LL_RESULT_AND_NO_ACTIVE_GIMPS_ASSIGNMENT,2026-08-08T19:16:24+00:00,UNALLOCATED,,,,,
SLCMP700-3580,3580,3581,317428849,2^317428849-1,STRUCTURAL_SCREEN_EXHAUSTED_PRIMALITY_UNASSIGNED,GF3A_DIRECTIONAL_WRITE_EXHAUSTED_PRIMALITY_UNASSIGNED,513,512,512,NO_RECORDED_FACTOR_PRP_OR_LL_RESULT_AND_NO_ACTIVE_GIMPS_ASSIGNMENT,2026-08-08T19:16:24+00:00,UNALLOCATED,,,,,
SLCMP700-3581,3581,3582,317428921,2^317428921-1,STRUCTURAL_SCREEN_EXHAUSTED_PRIMALITY_UNASSIGNED,GF3A_DIRECTIONAL_WRITE_EXHAUSTED_PRIMALITY_UNASSIGNED,513,512,512,NO_RECORDED_FACTOR_PRP_OR_LL_RESULT_AND_NO_ACTIVE_GIMPS_ASSIGNMENT,2026-08-08T19:16:24+00:00,UNALLOCATED,,,,,
SLCMP700-3582,3582,3583,317428973,2^317428973-1,STRUCTURAL_SCREEN_EXHAUSTED_PRIMALITY_UNASSIGNED,GF3A_DIRECTIONAL_WRITE_EXHAUSTED_PRIMALITY_UNASSIGNED,513,512,512,NO_RECORDED_FACTOR_PRP_OR_LL_RESULT_AND_NO_ACTIVE_GIMPS_ASSIGNMENT,2026-08-08T19:16:24+00:00,UNALLOCATED,,,,,
SLCMP700-3583,3583,3584,317428999,2^317428999-1,STRUCTURAL_SCREEN_EXHAUSTED_PRIMALITY_UNASSIGNED,GF3A_DIRECTIONAL_WRITE_EXHAUSTED_PRIMALITY_UNASSIGNED,514,512,512,NO_RECORDED_FACTOR_PRP_OR_LL_RESULT_AND_NO_ACTIVE_GIMPS_ASSIGNMENT,2026-08-08T19:16:24+00:00,UNALLOCATED,,,,,
SLCMP700-3584,3584,3585,317429107,2^317429107-1,STRUCTURAL_SCREEN_EXHAUSTED_PRIMALITY_UNASSIGNED,GF3A_DIRECTIONAL_WRITE_EXHAUSTED_PRIMALITY_UNASSIGNED,514,512,512,NO_RECORDED_FACTOR_PRP_OR_LL_RESULT_AND_NO_ACTIVE_GIMPS_ASSIGNMENT,2026-08-08T19:16:24+00:00,UNALLOCATED,,,,,
SLCMP700-3585,3585,3586,317429131,2^317429131-1,STRUCTURAL_SCREEN_EXHAUSTED_PRIMALITY_UNASSIGNED,GF3A_DIRECTIONAL_WRITE_EXHAUSTED_PRIMALITY_UNASSIGNED,514,512,512,NO_RECORDED_FACTOR_PRP_OR_LL_RESULT_AND_NO_ACTIVE_GIMPS_ASSIGNMENT,2026-08-08T19:16:24+00:00,UNALLOCATED,,,,,
SLCMP700-3586,3586,3587,317429171,2^317429171-1,STRUCTURAL_SCREEN_EXHAUSTED_PRIMALITY_UNASSIGNED,GF3A_DIRECTIONAL_WRITE_EXHAUSTED_PRIMALITY_UNASSIGNED,514,512,512,NO_RECORDED_FACTOR_PRP_OR_LL_RESULT_AND_NO_ACTIVE_GIMPS_ASSIGNMENT,2026-08-08T19:16:24+00:00,UNALLOCATED,,,,,
SLCMP700-3587,3587,3588,317429213,2^317429213-1,STRUCTURAL_SCREEN_EXHAUSTED_PRIMALITY_UNASSIGNED,GF3A_DIRECTIONAL_WRITE_EXHAUSTED_PRIMALITY_UNASSIGNED,513,512,512,NO_RECORDED_FACTOR_PRP_OR_LL_RESULT_AND_NO_ACTIVE_GIMPS_ASSIGNMENT,2026-08-08T19:16:24+00:00,UNALLOCATED,,,,,
SLCMP700-3588,3588,3589,317429239,2^317429239-1,STRUCTURAL_SCREEN_EXHAUSTED_PRIMALITY_UNASSIGNED,GF3A_DIRECTIONAL_WRITE_EXHAUSTED_PRIMALITY_UNASSIGNED,514,512,512,NO_RECORDED_FACTOR_PRP_OR_LL_RESULT_AND_NO_ACTIVE_GIMPS_ASSIGNMENT,2026-08-08T19:16:24+00:00,UNALLOCATED,,,,,
SLCMP700-3589,3589,3590,317429363,2^317429363-1,STRUCTURAL_SCREEN_EXHAUSTED_PRIMALITY_UNASSIGNED,GF3A_DIRECTIONAL_WRITE_EXHAUSTED_PRIMALITY_UNASSIGNED,514,512,512,NO_RECORDED_FACTOR_PRP_OR_LL_RESULT_AND_NO_ACTIVE_GIMPS_ASSIGNMENT,2026-08-08T19:16:24+00:00,UNALLOCATED,,,,,
SLCMP700-3590,3590,3591,317429443,2^317429443-1,STRUCTURAL_SCREEN_EXHAUSTED_PRIMALITY_UNASSIGNED,GF3A_DIRECTIONAL_WRITE_EXHAUSTED_PRIMALITY_UNASSIGNED,514,512,512,NO_RECORDED_FACTOR_PRP_OR_LL_RESULT_AND_NO_ACTIVE_GIMPS_ASSIGNMENT,2026-08-08T19:16:24+00:00,UNALLOCATED,,,,,
SLCMP700-3591,3591,3592,317429459,2^317429459-1,STRUCTURAL_SCREEN_EXHAUSTED_PRIMALITY_UNASSIGNED,GF3A_DIRECTIONAL_WRITE_EXHAUSTED_PRIMALITY_UNASSIGNED,514,512,512,NO_RECORDED_FACTOR_PRP_OR_LL_RESULT_AND_NO_ACTIVE_GIMPS_ASSIGNMENT,2026-08-08T19:16:24+00:00,UNALLOCATED,,,,,
SLCMP700-3592,3592,3593,317429501,2^317429501-1,STRUCTURAL_SCREEN_EXHAUSTED_PRIMALITY_UNASSIGNED,GF3A_DIRECTIONAL_WRITE_EXHAUSTED_PRIMALITY_UNASSIGNED,513,512,512,NO_RECORDED_FACTOR_PRP_OR_LL_RESULT_AND_NO_ACTIVE_GIMPS_ASSIGNMENT,2026-08-08T19:16:24+00:00,UNALLOCATED,,,,,
SLCMP700-3593,3593,3594,317429513,2^317429513-1,STRUCTURAL_SCREEN_EXHAUSTED_PRIMALITY_UNASSIGNED,GF3A_DIRECTIONAL_WRITE_EXHAUSTED_PRIMALITY_UNASSIGNED,513,512,512,NO_RECORDED_FACTOR_PRP_OR_LL_RESULT_AND_NO_ACTIVE_GIMPS_ASSIGNMENT,2026-08-08T19:16:24+00:00,UNALLOCATED,,,,,
SLCMP700-3594,3594,3595,317429521,2^317429521-1,STRUCTURAL_SCREEN_EXHAUSTED_PRIMALITY_UNASSIGNED,GF3A_DIRECTIONAL_WRITE_EXHAUSTED_PRIMALITY_UNASSIGNED,513,512,512,NO_RECORDED_FACTOR_PRP_OR_LL_RESULT_AND_NO_ACTIVE_GIMPS_ASSIGNMENT,2026-08-08T19:16:24+00:00,UNALLOCATED,,,,,
SLCMP700-3595,3595,3596,317429557,2^317429557-1,STRUCTURAL_SCREEN_EXHAUSTED_PRIMALITY_UNASSIGNED,GF3A_DIRECTIONAL_WRITE_EXHAUSTED_PRIMALITY_UNASSIGNED,513,512,512,NO_RECORDED_FACTOR_PRP_OR_LL_RESULT_AND_NO_ACTIVE_GIMPS_ASSIGNMENT,2026-08-08T19:16:24+00:00,UNALLOCATED,,,,,
SLCMP700-3596,3596,3597,317429597,2^317429597-1,STRUCTURAL_SCREEN_EXHAUSTED_PRIMALITY_UNASSIGNED,GF3A_DIRECTIONAL_WRITE_EXHAUSTED_PRIMALITY_UNASSIGNED,513,512,512,NO_RECORDED_FACTOR_PRP_OR_LL_RESULT_AND_NO_ACTIVE_GIMPS_ASSIGNMENT,2026-08-08T19:16:24+00:00,UNALLOCATED,,,,,
SLCMP700-3597,3597,3598,317429641,2^317429641-1,STRUCTURAL_SCREEN_EXHAUSTED_PRIMALITY_UNASSIGNED,GF3A_DIRECTIONAL_WRITE_EXHAUSTED_PRIMALITY_UNASSIGNED,513,512,512,NO_RECORDED_FACTOR_PRP_OR_LL_RESULT_AND_NO_ACTIVE_GIMPS_ASSIGNMENT,2026-08-08T19:16:24+00:00,UNALLOCATED,,,,,
SLCMP700-3598,3598,3599,317429699,2^317429699-1,STRUCTURAL_SCREEN_EXHAUSTED_PRIMALITY_UNASSIGNED,GF3A_DIRECTIONAL_WRITE_EXHAUSTED_PRIMALITY_UNASSIGNED,514,512,512,NO_RECORDED_FACTOR_PRP_OR_LL_RESULT_AND_NO_ACTIVE_GIMPS_ASSIGNMENT,2026-08-08T19:16:24+00:00,UNALLOCATED,,,,,
SLCMP700-3599,3599,3600,317429743,2^317429743-1,STRUCTURAL_SCREEN_EXHAUSTED_PRIMALITY_UNASSIGNED,GF3A_DIRECTIONAL_WRITE_EXHAUSTED_PRIMALITY_UNASSIGNED,514,512,512,NO_RECORDED_FACTOR_PRP_OR_LL_RESULT_AND_NO_ACTIVE_GIMPS_ASSIGNMENT,2026-08-08T19:16:24+00:00,UNALLOCATED,,,,,
SLCMP700-3600,3600,3601,317429753,2^317429753-1,STRUCTURAL_SCREEN_EXHAUSTED_PRIMALITY_UNASSIGNED,GF3A_DIRECTIONAL_WRITE_EXHAUSTED_PRIMALITY_UNASSIGNED,513,512,512,NO_RECORDED_FACTOR_PRP_OR_LL_RESULT_AND_NO_ACTIVE_GIMPS_ASSIGNMENT,2026-08-08T19:16:24+00:00,UNALLOCATED,,,,,
SLCMP700-3601,3601,3602,317429767,2^317429767-1,STRUCTURAL_SCREEN_EXHAUSTED_PRIMALITY_UNASSIGNED,GF3A_DIRECTIONAL_WRITE_EXHAUSTED_PRIMALITY_UNASSIGNED,514,512,512,NO_RECORDED_FACTOR_PRP_OR_LL_RESULT_AND_NO_ACTIVE_GIMPS_ASSIGNMENT,2026-08-08T19:16:24+00:00,UNALLOCATED,,,,,
SLCMP700-3602,3602,3603,317429839,2^317429839-1,STRUCTURAL_SCREEN_EXHAUSTED_PRIMALITY_UNASSIGNED,GF3A_DIRECTIONAL_WRITE_EXHAUSTED_PRIMALITY_UNASSIGNED,514,512,512,NO_RECORDED_FACTOR_PRP_OR_LL_RESULT_AND_NO_ACTIVE_GIMPS_ASSIGNMENT,2026-08-08T19:16:24+00:00,UNALLOCATED,,,,,
SLCMP700-3603,3603,3604,317429873,2^317429873-1,STRUCTURAL_SCREEN_EXHAUSTED_PRIMALITY_UNASSIGNED,GF3A_DIRECTIONAL_WRITE_EXHAUSTED_PRIMALITY_UNASSIGNED,513,512,512,NO_RECORDED_FACTOR_PRP_OR_LL_RESULT_AND_NO_ACTIVE_GIMPS_ASSIGNMENT,2026-08-08T19:16:24+00:00,UNALLOCATED,,,,,
SLCMP700-3604,3604,3605,317429887,2^317429887-1,STRUCTURAL_SCREEN_EXHAUSTED_PRIMALITY_UNASSIGNED,GF3A_DIRECTIONAL_WRITE_EXHAUSTED_PRIMALITY_UNASSIGNED,514,512,512,NO_RECORDED_FACTOR_PRP_OR_LL_RESULT_AND_NO_ACTIVE_GIMPS_ASSIGNMENT,2026-08-08T19:16:24+00:00,UNALLOCATED,,,,,
SLCMP700-3605,3605,3606,317429897,2^317429897-1,STRUCTURAL_SCREEN_EXHAUSTED_PRIMALITY_UNASSIGNED,GF3A_DIRECTIONAL_WRITE_EXHAUSTED_PRIMALITY_UNASSIGNED,513,512,512,NO_RECORDED_FACTOR_PRP_OR_LL_RESULT_AND_NO_ACTIVE_GIMPS_ASSIGNMENT,2026-08-08T19:16:24+00:00,UNALLOCATED,,,,,
SLCMP700-3606,3606,3607,317429939,2^317429939-1,STRUCTURAL_SCREEN_EXHAUSTED_PRIMALITY_UNASSIGNED,GF3A_DIRECTIONAL_WRITE_EXHAUSTED_PRIMALITY_UNASSIGNED,514,512,512,NO_RECORDED_FACTOR_PRP_OR_LL_RESULT_AND_NO_ACTIVE_GIMPS_ASSIGNMENT,2026-08-08T19:16:24+00:00,UNALLOCATED,,,,,
SLCMP700-3607,3607,3608,317429951,2^317429951-1,STRUCTURAL_SCREEN_EXHAUSTED_PRIMALITY_UNASSIGNED,GF3A_DIRECTIONAL_WRITE_EXHAUSTED_PRIMALITY_UNASSIGNED,514,512,512,NO_RECORDED_FACTOR_PRP_OR_LL_RESULT_AND_NO_ACTIVE_GIMPS_ASSIGNMENT,2026-08-08T19:16:24+00:00,UNALLOCATED,,,,,
SLCMP700-3608,3608,3609,317430101,2^317430101-1,STRUCTURAL_SCREEN_EXHAUSTED_PRIMALITY_UNASSIGNED,GF3A_DIRECTIONAL_WRITE_EXHAUSTED_PRIMALITY_UNASSIGNED,513,512,512,NO_RECORDED_FACTOR_PRP_OR_LL_RESULT_AND_NO_ACTIVE_GIMPS_ASSIGNMENT,2026-08-08T19:16:24+00:00,UNALLOCATED,,,,,
SLCMP700-3609,3609,3610,317430133,2^317430133-1,STRUCTURAL_SCREEN_EXHAUSTED_PRIMALITY_UNASSIGNED,GF3A_DIRECTIONAL_WRITE_EXHAUSTED_PRIMALITY_UNASSIGNED,513,512,512,NO_RECORDED_FACTOR_PRP_OR_LL_RESULT_AND_NO_ACTIVE_GIMPS_ASSIGNMENT,2026-08-08T19:16:24+00:00,UNALLOCATED,,,,,
SLCMP700-3610,3610,3611,317430167,2^317430167-1,STRUCTURAL_SCREEN_EXHAUSTED_PRIMALITY_UNASSIGNED,GF3A_DIRECTIONAL_WRITE_EXHAUSTED_PRIMALITY_UNASSIGNED,514,512,512,NO_RECORDED_FACTOR_PRP_OR_LL_RESULT_AND_NO_ACTIVE_GIMPS_ASSIGNMENT,2026-08-08T19:16:24+00:00,UNALLOCATED,,,,,
SLCMP700-3611,3611,3612,317430247,2^317430247-1,STRUCTURAL_SCREEN_EXHAUSTED_PRIMALITY_UNASSIGNED,GF3A_DIRECTIONAL_WRITE_EXHAUSTED_PRIMALITY_UNASSIGNED,514,512,512,NO_RECORDED_FACTOR_PRP_OR_LL_RESULT_AND_NO_ACTIVE_GIMPS_ASSIGNMENT,2026-08-08T19:16:24+00:00,UNALLOCATED,,,,,
SLCMP700-3612,3612,3613,317430271,2^317430271-1,STRUCTURAL_SCREEN_EXHAUSTED_PRIMALITY_UNASSIGNED,GF3A_DIRECTIONAL_WRITE_EXHAUSTED_PRIMALITY_UNASSIGNED,514,512,512,NO_RECORDED_FACTOR_PRP_OR_LL_RESULT_AND_NO_ACTIVE_GIMPS_ASSIGNMENT,2026-08-08T19:16:24+00:00,UNALLOCATED,,,,,
SLCMP700-3613,3613,3614,317430329,2^317430329-1,STRUCTURAL_SCREEN_EXHAUSTED_PRIMALITY_UNASSIGNED,GF3A_DIRECTIONAL_WRITE_EXHAUSTED_PRIMALITY_UNASSIGNED,513,512,512,NO_RECORDED_FACTOR_PRP_OR_LL_RESULT_AND_NO_ACTIVE_GIMPS_ASSIGNMENT,2026-08-08T19:16:24+00:00,UNALLOCATED,,,,,
SLCMP700-3614,3614,3615,317430371,2^317430371-1,STRUCTURAL_SCREEN_EXHAUSTED_PRIMALITY_UNASSIGNED,GF3A_DIRECTIONAL_WRITE_EXHAUSTED_PRIMALITY_UNASSIGNED,514,512,512,NO_RECORDED_FACTOR_PRP_OR_LL_RESULT_AND_NO_ACTIVE_GIMPS_ASSIGNMENT,2026-08-08T19:16:24+00:00,UNALLOCATED,,,,,
SLCMP700-3615,3615,3616,317430439,2^317430439-1,STRUCTURAL_SCREEN_EXHAUSTED_PRIMALITY_UNASSIGNED,GF3A_DIRECTIONAL_WRITE_EXHAUSTED_PRIMALITY_UNASSIGNED,514,512,512,NO_RECORDED_FACTOR_PRP_OR_LL_RESULT_AND_NO_ACTIVE_GIMPS_ASSIGNMENT,2026-08-08T19:16:24+00:00,UNALLOCATED,,,,,
SLCMP700-3616,3616,3617,317430469,2^317430469-1,STRUCTURAL_SCREEN_EXHAUSTED_PRIMALITY_UNASSIGNED,GF3A_DIRECTIONAL_WRITE_EXHAUSTED_PRIMALITY_UNASSIGNED,513,512,512,NO_RECORDED_FACTOR_PRP_OR_LL_RESULT_AND_NO_ACTIVE_GIMPS_ASSIGNMENT,2026-08-08T19:16:24+00:00,UNALLOCATED,,,,,
SLCMP700-3617,3617,3618,317430557,2^317430557-1,STRUCTURAL_SCREEN_EXHAUSTED_PRIMALITY_UNASSIGNED,GF3A_DIRECTIONAL_WRITE_EXHAUSTED_PRIMALITY_UNASSIGNED,513,512,512,NO_RECORDED_FACTOR_PRP_OR_LL_RESULT_AND_NO_ACTIVE_GIMPS_ASSIGNMENT,2026-08-08T19:16:24+00:00,UNALLOCATED,,,,,
SLCMP700-3618,3618,3619,317430593,2^317430593-1,STRUCTURAL_SCREEN_EXHAUSTED_PRIMALITY_UNASSIGNED,GF3A_DIRECTIONAL_WRITE_EXHAUSTED_PRIMALITY_UNASSIGNED,513,512,512,NO_RECORDED_FACTOR_PRP_OR_LL_RESULT_AND_NO_ACTIVE_GIMPS_ASSIGNMENT,2026-08-08T19:16:24+00:00,UNALLOCATED,,,,,
SLCMP700-3619,3619,3620,317430683,2^317430683-1,STRUCTURAL_SCREEN_EXHAUSTED_PRIMALITY_UNASSIGNED,GF3A_DIRECTIONAL_WRITE_EXHAUSTED_PRIMALITY_UNASSIGNED,514,512,512,NO_RECORDED_FACTOR_PRP_OR_LL_RESULT_AND_NO_ACTIVE_GIMPS_ASSIGNMENT,2026-08-08T19:16:24+00:00,UNALLOCATED,,,,,
SLCMP700-3620,3620,3621,317430821,2^317430821-1,STRUCTURAL_SCREEN_EXHAUSTED_PRIMALITY_UNASSIGNED,GF3A_DIRECTIONAL_WRITE_EXHAUSTED_PRIMALITY_UNASSIGNED,513,512,512,NO_RECORDED_FACTOR_PRP_OR_LL_RESULT_AND_NO_ACTIVE_GIMPS_ASSIGNMENT,2026-08-08T19:16:24+00:00,UNALLOCATED,,,,,
SLCMP700-3621,3621,3622,317430823,2^317430823-1,STRUCTURAL_SCREEN_EXHAUSTED_PRIMALITY_UNASSIGNED,GF3A_DIRECTIONAL_WRITE_EXHAUSTED_PRIMALITY_UNASSIGNED,514,512,512,NO_RECORDED_FACTOR_PRP_OR_LL_RESULT_AND_NO_ACTIVE_GIMPS_ASSIGNMENT,2026-08-08T19:16:24+00:00,UNALLOCATED,,,,,
SLCMP700-3622,3622,3623,317430913,2^317430913-1,STRUCTURAL_SCREEN_EXHAUSTED_PRIMALITY_UNASSIGNED,GF3A_DIRECTIONAL_WRITE_EXHAUSTED_PRIMALITY_UNASSIGNED,513,512,512,NO_RECORDED_FACTOR_PRP_OR_LL_RESULT_AND_NO_ACTIVE_GIMPS_ASSIGNMENT,2026-08-08T19:16:24+00:00,UNALLOCATED,,,,,
SLCMP700-3623,3623,3624,317430991,2^317430991-1,STRUCTURAL_SCREEN_EXHAUSTED_PRIMALITY_UNASSIGNED,GF3A_DIRECTIONAL_WRITE_EXHAUSTED_PRIMALITY_UNASSIGNED,514,512,512,NO_RECORDED_FACTOR_PRP_OR_LL_RESULT_AND_NO_ACTIVE_GIMPS_ASSIGNMENT,2026-08-08T19:16:24+00:00,UNALLOCATED,,,,,
SLCMP700-3624,3624,3625,317431019,2^317431019-1,STRUCTURAL_SCREEN_EXHAUSTED_PRIMALITY_UNASSIGNED,GF3A_DIRECTIONAL_WRITE_EXHAUSTED_PRIMALITY_UNASSIGNED,514,512,512,NO_RECORDED_FACTOR_PRP_OR_LL_RESULT_AND_NO_ACTIVE_GIMPS_ASSIGNMENT,2026-08-08T19:16:24+00:00,UNALLOCATED,,,,,
SLCMP700-3625,3625,3626,317431111,2^317431111-1,STRUCTURAL_SCREEN_EXHAUSTED_PRIMALITY_UNASSIGNED,GF3A_DIRECTIONAL_WRITE_EXHAUSTED_PRIMALITY_UNASSIGNED,514,512,512,NO_RECORDED_FACTOR_PRP_OR_LL_RESULT_AND_NO_ACTIVE_GIMPS_ASSIGNMENT,2026-08-08T19:16:24+00:00,UNALLOCATED,,,,,
SLCMP700-3626,3626,3627,317431133,2^317431133-1,STRUCTURAL_SCREEN_EXHAUSTED_PRIMALITY_UNASSIGNED,GF3A_DIRECTIONAL_WRITE_EXHAUSTED_PRIMALITY_UNASSIGNED,513,512,512,NO_RECORDED_FACTOR_PRP_OR_LL_RESULT_AND_NO_ACTIVE_GIMPS_ASSIGNMENT,2026-08-08T19:16:24+00:00,UNALLOCATED,,,,,
SLCMP700-3627,3627,3628,317431171,2^317431171-1,STRUCTURAL_SCREEN_EXHAUSTED_PRIMALITY_UNASSIGNED,GF3A_DIRECTIONAL_WRITE_EXHAUSTED_PRIMALITY_UNASSIGNED,514,512,512,NO_RECORDED_FACTOR_PRP_OR_LL_RESULT_AND_NO_ACTIVE_GIMPS_ASSIGNMENT,2026-08-08T19:16:24+00:00,UNALLOCATED,,,,,
SLCMP700-3628,3628,3629,317431201,2^317431201-1,STRUCTURAL_SCREEN_EXHAUSTED_PRIMALITY_UNASSIGNED,GF3A_DIRECTIONAL_WRITE_EXHAUSTED_PRIMALITY_UNASSIGNED,513,512,512,NO_RECORDED_FACTOR_PRP_OR_LL_RESULT_AND_NO_ACTIVE_GIMPS_ASSIGNMENT,2026-08-08T19:16:24+00:00,UNALLOCATED,,,,,
SLCMP700-3629,3629,3630,317431397,2^317431397-1,STRUCTURAL_SCREEN_EXHAUSTED_PRIMALITY_UNASSIGNED,GF3A_DIRECTIONAL_WRITE_EXHAUSTED_PRIMALITY_UNASSIGNED,513,512,512,NO_RECORDED_FACTOR_PRP_OR_LL_RESULT_AND_NO_ACTIVE_GIMPS_ASSIGNMENT,2026-08-08T19:16:24+00:00,UNALLOCATED,,,,,
SLCMP700-3630,3630,3631,317431493,2^317431493-1,STRUCTURAL_SCREEN_EXHAUSTED_PRIMALITY_UNASSIGNED,GF3A_DIRECTIONAL_WRITE_EXHAUSTED_PRIMALITY_UNASSIGNED,513,512,512,NO_RECORDED_FACTOR_PRP_OR_LL_RESULT_AND_NO_ACTIVE_GIMPS_ASSIGNMENT,2026-08-08T19:16:24+00:00,UNALLOCATED,,,,,
SLCMP700-3631,3631,3632,317431529,2^317431529-1,STRUCTURAL_SCREEN_EXHAUSTED_PRIMALITY_UNASSIGNED,GF3A_DIRECTIONAL_WRITE_EXHAUSTED_PRIMALITY_UNASSIGNED,513,512,512,NO_RECORDED_FACTOR_PRP_OR_LL_RESULT_AND_NO_ACTIVE_GIMPS_ASSIGNMENT,2026-08-08T19:16:24+00:00,UNALLOCATED,,,,,
SLCMP700-3632,3632,3633,317431643,2^317431643-1,STRUCTURAL_SCREEN_EXHAUSTED_PRIMALITY_UNASSIGNED,GF3A_DIRECTIONAL_WRITE_EXHAUSTED_PRIMALITY_UNASSIGNED,514,512,512,NO_RECORDED_FACTOR_PRP_OR_LL_RESULT_AND_NO_ACTIVE_GIMPS_ASSIGNMENT,2026-08-08T19:16:24+00:00,UNALLOCATED,,,,,
SLCMP700-3633,3633,3634,317431703,2^317431703-1,STRUCTURAL_SCREEN_EXHAUSTED_PRIMALITY_UNASSIGNED,GF3A_DIRECTIONAL_WRITE_EXHAUSTED_PRIMALITY_UNASSIGNED,514,512,512,NO_RECORDED_FACTOR_PRP_OR_LL_RESULT_AND_NO_ACTIVE_GIMPS_ASSIGNMENT,2026-08-08T19:16:24+00:00,UNALLOCATED,,,,,
SLCMP700-3634,3634,3635,317431823,2^317431823-1,STRUCTURAL_SCREEN_EXHAUSTED_PRIMALITY_UNASSIGNED,GF3A_DIRECTIONAL_WRITE_EXHAUSTED_PRIMALITY_UNASSIGNED,514,512,512,NO_RECORDED_FACTOR_PRP_OR_LL_RESULT_AND_NO_ACTIVE_GIMPS_ASSIGNMENT,2026-08-08T19:16:24+00:00,UNALLOCATED,,,,,
SLCMP700-3635,3635,3636,317431927,2^317431927-1,STRUCTURAL_SCREEN_EXHAUSTED_PRIMALITY_UNASSIGNED,GF3A_DIRECTIONAL_WRITE_EXHAUSTED_PRIMALITY_UNASSIGNED,514,512,512,NO_RECORDED_FACTOR_PRP_OR_LL_RESULT_AND_NO_ACTIVE_GIMPS_ASSIGNMENT,2026-08-08T19:16:24+00:00,UNALLOCATED,,,,,
SLCMP700-3636,3636,3637,317431949,2^317431949-1,STRUCTURAL_SCREEN_EXHAUSTED_PRIMALITY_UNASSIGNED,GF3A_DIRECTIONAL_WRITE_EXHAUSTED_PRIMALITY_UNASSIGNED,513,512,512,NO_RECORDED_FACTOR_PRP_OR_LL_RESULT_AND_NO_ACTIVE_GIMPS_ASSIGNMENT,2026-08-08T19:16:24+00:00,UNALLOCATED,,,,,
SLCMP700-3637,3637,3638,317431969,2^317431969-1,STRUCTURAL_SCREEN_EXHAUSTED_PRIMALITY_UNASSIGNED,GF3A_DIRECTIONAL_WRITE_EXHAUSTED_PRIMALITY_UNASSIGNED,513,512,512,NO_RECORDED_FACTOR_PRP_OR_LL_RESULT_AND_NO_ACTIVE_GIMPS_ASSIGNMENT,2026-08-08T19:16:24+00:00,UNALLOCATED,,,,,
SLCMP700-3638,3638,3639,317432021,2^317432021-1,STRUCTURAL_SCREEN_EXHAUSTED_PRIMALITY_UNASSIGNED,GF3A_DIRECTIONAL_WRITE_EXHAUSTED_PRIMALITY_UNASSIGNED,513,512,512,NO_RECORDED_FACTOR_PRP_OR_LL_RESULT_AND_NO_ACTIVE_GIMPS_ASSIGNMENT,2026-08-08T19:16:24+00:00,UNALLOCATED,,,,,
SLCMP700-3639,3639,3640,317432023,2^317432023-1,STRUCTURAL_SCREEN_EXHAUSTED_PRIMALITY_UNASSIGNED,GF3A_DIRECTIONAL_WRITE_EXHAUSTED_PRIMALITY_UNASSIGNED,514,512,512,NO_RECORDED_FACTOR_PRP_OR_LL_RESULT_AND_NO_ACTIVE_GIMPS_ASSIGNMENT,2026-08-08T19:16:24+00:00,UNALLOCATED,,,,,
SLCMP700-3640,3640,3641,317432051,2^317432051-1,STRUCTURAL_SCREEN_EXHAUSTED_PRIMALITY_UNASSIGNED,GF3A_DIRECTIONAL_WRITE_EXHAUSTED_PRIMALITY_UNASSIGNED,514,512,512,NO_RECORDED_FACTOR_PRP_OR_LL_RESULT_AND_NO_ACTIVE_GIMPS_ASSIGNMENT,2026-08-08T19:16:24+00:00,UNALLOCATED,,,,,
SLCMP700-3641,3641,3642,317432119,2^317432119-1,STRUCTURAL_SCREEN_EXHAUSTED_PRIMALITY_UNASSIGNED,GF3A_DIRECTIONAL_WRITE_EXHAUSTED_PRIMALITY_UNASSIGNED,514,512,512,NO_RECORDED_FACTOR_PRP_OR_LL_RESULT_AND_NO_ACTIVE_GIMPS_ASSIGNMENT,2026-08-08T19:16:24+00:00,UNALLOCATED,,,,,
SLCMP700-3642,3642,3643,317432147,2^317432147-1,STRUCTURAL_SCREEN_EXHAUSTED_PRIMALITY_UNASSIGNED,GF3A_DIRECTIONAL_WRITE_EXHAUSTED_PRIMALITY_UNASSIGNED,514,512,512,NO_RECORDED_FACTOR_PRP_OR_LL_RESULT_AND_NO_ACTIVE_GIMPS_ASSIGNMENT,2026-08-08T19:16:24+00:00,UNALLOCATED,,,,,
SLCMP700-3643,3643,3644,317432441,2^317432441-1,STRUCTURAL_SCREEN_EXHAUSTED_PRIMALITY_UNASSIGNED,GF3A_DIRECTIONAL_WRITE_EXHAUSTED_PRIMALITY_UNASSIGNED,513,512,512,NO_RECORDED_FACTOR_PRP_OR_LL_RESULT_AND_NO_ACTIVE_GIMPS_ASSIGNMENT,2026-08-08T19:16:24+00:00,UNALLOCATED,,,,,
SLCMP700-3644,3644,3645,317432459,2^317432459-1,STRUCTURAL_SCREEN_EXHAUSTED_PRIMALITY_UNASSIGNED,GF3A_DIRECTIONAL_WRITE_EXHAUSTED_PRIMALITY_UNASSIGNED,514,512,512,NO_RECORDED_FACTOR_PRP_OR_LL_RESULT_AND_NO_ACTIVE_GIMPS_ASSIGNMENT,2026-08-08T19:16:24+00:00,UNALLOCATED,,,,,
SLCMP700-3645,3645,3646,317432527,2^317432527-1,STRUCTURAL_SCREEN_EXHAUSTED_PRIMALITY_UNASSIGNED,GF3A_DIRECTIONAL_WRITE_EXHAUSTED_PRIMALITY_UNASSIGNED,514,512,512,NO_RECORDED_FACTOR_PRP_OR_LL_RESULT_AND_NO_ACTIVE_GIMPS_ASSIGNMENT,2026-08-08T19:16:24+00:00,UNALLOCATED,,,,,
SLCMP700-3646,3646,3647,317432627,2^317432627-1,STRUCTURAL_SCREEN_EXHAUSTED_PRIMALITY_UNASSIGNED,GF3A_DIRECTIONAL_WRITE_EXHAUSTED_PRIMALITY_UNASSIGNED,514,512,512,NO_RECORDED_FACTOR_PRP_OR_LL_RESULT_AND_NO_ACTIVE_GIMPS_ASSIGNMENT,2026-08-08T19:16:24+00:00,UNALLOCATED,,,,,
SLCMP700-3647,3647,3648,317432711,2^317432711-1,STRUCTURAL_SCREEN_EXHAUSTED_PRIMALITY_UNASSIGNED,GF3A_DIRECTIONAL_WRITE_EXHAUSTED_PRIMALITY_UNASSIGNED,514,512,512,NO_RECORDED_FACTOR_PRP_OR_LL_RESULT_AND_NO_ACTIVE_GIMPS_ASSIGNMENT,2026-08-08T19:16:24+00:00,UNALLOCATED,,,,,
SLCMP700-3648,3648,3649,317432719,2^317432719-1,STRUCTURAL_SCREEN_EXHAUSTED_PRIMALITY_UNASSIGNED,GF3A_DIRECTIONAL_WRITE_EXHAUSTED_PRIMALITY_UNASSIGNED,514,512,512,NO_RECORDED_FACTOR_PRP_OR_LL_RESULT_AND_NO_ACTIVE_GIMPS_ASSIGNMENT,2026-08-08T19:16:24+00:00,UNALLOCATED,,,,,
SLCMP700-3649,3649,3650,317432761,2^317432761-1,STRUCTURAL_SCREEN_EXHAUSTED_PRIMALITY_UNASSIGNED,GF3A_DIRECTIONAL_WRITE_EXHAUSTED_PRIMALITY_UNASSIGNED,513,512,512,NO_RECORDED_FACTOR_PRP_OR_LL_RESULT_AND_NO_ACTIVE_GIMPS_ASSIGNMENT,2026-08-08T19:16:24+00:00,UNALLOCATED,,,,,
SLCMP700-3650,3650,3651,317432849,2^317432849-1,STRUCTURAL_SCREEN_EXHAUSTED_PRIMALITY_UNASSIGNED,GF3A_DIRECTIONAL_WRITE_EXHAUSTED_PRIMALITY_UNASSIGNED,513,512,512,NO_RECORDED_FACTOR_PRP_OR_LL_RESULT_AND_NO_ACTIVE_GIMPS_ASSIGNMENT,2026-08-08T19:16:24+00:00,UNALLOCATED,,,,,
SLCMP700-3651,3651,3652,317432873,2^317432873-1,STRUCTURAL_SCREEN_EXHAUSTED_PRIMALITY_UNASSIGNED,GF3A_DIRECTIONAL_WRITE_EXHAUSTED_PRIMALITY_UNASSIGNED,513,512,512,NO_RECORDED_FACTOR_PRP_OR_LL_RESULT_AND_NO_ACTIVE_GIMPS_ASSIGNMENT,2026-08-08T19:16:24+00:00,UNALLOCATED,,,,,
SLCMP700-3652,3652,3653,317432881,2^317432881-1,STRUCTURAL_SCREEN_EXHAUSTED_PRIMALITY_UNASSIGNED,GF3A_DIRECTIONAL_WRITE_EXHAUSTED_PRIMALITY_UNASSIGNED,513,512,512,NO_RECORDED_FACTOR_PRP_OR_LL_RESULT_AND_NO_ACTIVE_GIMPS_ASSIGNMENT,2026-08-08T19:16:24+00:00,UNALLOCATED,,,,,
SLCMP700-3653,3653,3654,317432897,2^317432897-1,STRUCTURAL_SCREEN_EXHAUSTED_PRIMALITY_UNASSIGNED,GF3A_DIRECTIONAL_WRITE_EXHAUSTED_PRIMALITY_UNASSIGNED,513,512,512,NO_RECORDED_FACTOR_PRP_OR_LL_RESULT_AND_NO_ACTIVE_GIMPS_ASSIGNMENT,2026-08-08T19:16:24+00:00,UNALLOCATED,,,,,
SLCMP700-3654,3654,3655,317433091,2^317433091-1,STRUCTURAL_SCREEN_EXHAUSTED_PRIMALITY_UNASSIGNED,GF3A_DIRECTIONAL_WRITE_EXHAUSTED_PRIMALITY_UNASSIGNED,514,512,512,NO_RECORDED_FACTOR_PRP_OR_LL_RESULT_AND_NO_ACTIVE_GIMPS_ASSIGNMENT,2026-08-08T19:16:24+00:00,UNALLOCATED,,,,,
SLCMP700-3655,3655,3656,317433107,2^317433107-1,STRUCTURAL_SCREEN_EXHAUSTED_PRIMALITY_UNASSIGNED,GF3A_DIRECTIONAL_WRITE_EXHAUSTED_PRIMALITY_UNASSIGNED,514,512,512,NO_RECORDED_FACTOR_PRP_OR_LL_RESULT_AND_NO_ACTIVE_GIMPS_ASSIGNMENT,2026-08-08T19:16:24+00:00,UNALLOCATED,,,,,
SLCMP700-3656,3656,3657,317433121,2^317433121-1,STRUCTURAL_SCREEN_EXHAUSTED_PRIMALITY_UNASSIGNED,GF3A_DIRECTIONAL_WRITE_EXHAUSTED_PRIMALITY_UNASSIGNED,513,512,512,NO_RECORDED_FACTOR_PRP_OR_LL_RESULT_AND_NO_ACTIVE_GIMPS_ASSIGNMENT,2026-08-08T19:16:24+00:00,UNALLOCATED,,,,,
SLCMP700-3657,3657,3658,317433131,2^317433131-1,STRUCTURAL_SCREEN_EXHAUSTED_PRIMALITY_UNASSIGNED,GF3A_DIRECTIONAL_WRITE_EXHAUSTED_PRIMALITY_UNASSIGNED,514,512,512,NO_RECORDED_FACTOR_PRP_OR_LL_RESULT_AND_NO_ACTIVE_GIMPS_ASSIGNMENT,2026-08-08T19:16:24+00:00,UNALLOCATED,,,,,
SLCMP700-3658,3658,3659,317433229,2^317433229-1,STRUCTURAL_SCREEN_EXHAUSTED_PRIMALITY_UNASSIGNED,GF3A_DIRECTIONAL_WRITE_EXHAUSTED_PRIMALITY_UNASSIGNED,513,512,512,NO_RECORDED_FACTOR_PRP_OR_LL_RESULT_AND_NO_ACTIVE_GIMPS_ASSIGNMENT,2026-08-08T19:16:24+00:00,UNALLOCATED,,,,,
SLCMP700-3659,3659,3660,317433283,2^317433283-1,STRUCTURAL_SCREEN_EXHAUSTED_PRIMALITY_UNASSIGNED,GF3A_DIRECTIONAL_WRITE_EXHAUSTED_PRIMALITY_UNASSIGNED,514,512,512,NO_RECORDED_FACTOR_PRP_OR_LL_RESULT_AND_NO_ACTIVE_GIMPS_ASSIGNMENT,2026-08-08T19:16:24+00:00,UNALLOCATED,,,,,
SLCMP700-3660,3660,3661,317433343,2^317433343-1,STRUCTURAL_SCREEN_EXHAUSTED_PRIMALITY_UNASSIGNED,GF3A_DIRECTIONAL_WRITE_EXHAUSTED_PRIMALITY_UNASSIGNED,514,512,512,NO_RECORDED_FACTOR_PRP_OR_LL_RESULT_AND_NO_ACTIVE_GIMPS_ASSIGNMENT,2026-08-08T19:16:24+00:00,UNALLOCATED,,,,,
SLCMP700-3661,3661,3662,317433379,2^317433379-1,STRUCTURAL_SCREEN_EXHAUSTED_PRIMALITY_UNASSIGNED,GF3A_DIRECTIONAL_WRITE_EXHAUSTED_PRIMALITY_UNASSIGNED,514,512,512,NO_RECORDED_FACTOR_PRP_OR_LL_RESULT_AND_NO_ACTIVE_GIMPS_ASSIGNMENT,2026-08-08T19:16:24+00:00,UNALLOCATED,,,,,
SLCMP700-3662,3662,3663,317433421,2^317433421-1,STRUCTURAL_SCREEN_EXHAUSTED_PRIMALITY_UNASSIGNED,GF3A_DIRECTIONAL_WRITE_EXHAUSTED_PRIMALITY_UNASSIGNED,513,512,512,NO_RECORDED_FACTOR_PRP_OR_LL_RESULT_AND_NO_ACTIVE_GIMPS_ASSIGNMENT,2026-08-08T19:16:24+00:00,UNALLOCATED,,,,,
SLCMP700-3663,3663,3664,317433491,2^317433491-1,STRUCTURAL_SCREEN_EXHAUSTED_PRIMALITY_UNASSIGNED,GF3A_DIRECTIONAL_WRITE_EXHAUSTED_PRIMALITY_UNASSIGNED,514,512,512,NO_RECORDED_FACTOR_PRP_OR_LL_RESULT_AND_NO_ACTIVE_GIMPS_ASSIGNMENT,2026-08-08T19:16:24+00:00,UNALLOCATED,,,,,
SLCMP700-3664,3664,3665,317433539,2^317433539-1,STRUCTURAL_SCREEN_EXHAUSTED_PRIMALITY_UNASSIGNED,GF3A_DIRECTIONAL_WRITE_EXHAUSTED_PRIMALITY_UNASSIGNED,514,512,512,NO_RECORDED_FACTOR_PRP_OR_LL_RESULT_AND_NO_ACTIVE_GIMPS_ASSIGNMENT,2026-08-08T19:16:24+00:00,UNALLOCATED,,,,,
SLCMP700-3665,3665,3666,317433601,2^317433601-1,STRUCTURAL_SCREEN_EXHAUSTED_PRIMALITY_UNASSIGNED,GF3A_DIRECTIONAL_WRITE_EXHAUSTED_PRIMALITY_UNASSIGNED,513,512,512,NO_RECORDED_FACTOR_PRP_OR_LL_RESULT_AND_NO_ACTIVE_GIMPS_ASSIGNMENT,2026-08-08T19:16:24+00:00,UNALLOCATED,,,,,
SLCMP700-3666,3666,3667,317433631,2^317433631-1,STRUCTURAL_SCREEN_EXHAUSTED_PRIMALITY_UNASSIGNED,GF3A_DIRECTIONAL_WRITE_EXHAUSTED_PRIMALITY_UNASSIGNED,514,512,512,NO_RECORDED_FACTOR_PRP_OR_LL_RESULT_AND_NO_ACTIVE_GIMPS_ASSIGNMENT,2026-08-08T19:16:24+00:00,UNALLOCATED,,,,,
SLCMP700-3667,3667,3668,317433667,2^317433667-1,STRUCTURAL_SCREEN_EXHAUSTED_PRIMALITY_UNASSIGNED,GF3A_DIRECTIONAL_WRITE_EXHAUSTED_PRIMALITY_UNASSIGNED,514,512,512,NO_RECORDED_FACTOR_PRP_OR_LL_RESULT_AND_NO_ACTIVE_GIMPS_ASSIGNMENT,2026-08-08T19:16:24+00:00,UNALLOCATED,,,,,
SLCMP700-3668,3668,3669,317433679,2^317433679-1,STRUCTURAL_SCREEN_EXHAUSTED_PRIMALITY_UNASSIGNED,GF3A_DIRECTIONAL_WRITE_EXHAUSTED_PRIMALITY_UNASSIGNED,514,512,512,NO_RECORDED_FACTOR_PRP_OR_LL_RESULT_AND_NO_ACTIVE_GIMPS_ASSIGNMENT,2026-08-08T19:16:24+00:00,UNALLOCATED,,,,,
SLCMP700-3669,3669,3670,317433709,2^317433709-1,STRUCTURAL_SCREEN_EXHAUSTED_PRIMALITY_UNASSIGNED,GF3A_DIRECTIONAL_WRITE_EXHAUSTED_PRIMALITY_UNASSIGNED,513,512,512,NO_RECORDED_FACTOR_PRP_OR_LL_RESULT_AND_NO_ACTIVE_GIMPS_ASSIGNMENT,2026-08-08T19:16:24+00:00,UNALLOCATED,,,,,
SLCMP700-3670,3670,3671,317433763,2^317433763-1,STRUCTURAL_SCREEN_EXHAUSTED_PRIMALITY_UNASSIGNED,GF3A_DIRECTIONAL_WRITE_EXHAUSTED_PRIMALITY_UNASSIGNED,514,512,512,NO_RECORDED_FACTOR_PRP_OR_LL_RESULT_AND_NO_ACTIVE_GIMPS_ASSIGNMENT,2026-08-08T19:16:24+00:00,UNALLOCATED,,,,,
SLCMP700-3671,3671,3672,317433793,2^317433793-1,STRUCTURAL_SCREEN_EXHAUSTED_PRIMALITY_UNASSIGNED,GF3A_DIRECTIONAL_WRITE_EXHAUSTED_PRIMALITY_UNASSIGNED,513,512,512,NO_RECORDED_FACTOR_PRP_OR_LL_RESULT_AND_NO_ACTIVE_GIMPS_ASSIGNMENT,2026-08-08T19:16:24+00:00,UNALLOCATED,,,,,
SLCMP700-3672,3672,3673,317433811,2^317433811-1,STRUCTURAL_SCREEN_EXHAUSTED_PRIMALITY_UNASSIGNED,GF3A_DIRECTIONAL_WRITE_EXHAUSTED_PRIMALITY_UNASSIGNED,514,512,512,NO_RECORDED_FACTOR_PRP_OR_LL_RESULT_AND_NO_ACTIVE_GIMPS_ASSIGNMENT,2026-08-08T19:16:24+00:00,UNALLOCATED,,,,,
SLCMP700-3673,3673,3674,317433827,2^317433827-1,STRUCTURAL_SCREEN_EXHAUSTED_PRIMALITY_UNASSIGNED,GF3A_DIRECTIONAL_WRITE_EXHAUSTED_PRIMALITY_UNASSIGNED,514,512,512,NO_RECORDED_FACTOR_PRP_OR_LL_RESULT_AND_NO_ACTIVE_GIMPS_ASSIGNMENT,2026-08-08T19:16:24+00:00,UNALLOCATED,,,,,
SLCMP700-3674,3674,3675,317433839,2^317433839-1,STRUCTURAL_SCREEN_EXHAUSTED_PRIMALITY_UNASSIGNED,GF3A_DIRECTIONAL_WRITE_EXHAUSTED_PRIMALITY_UNASSIGNED,514,512,512,NO_RECORDED_FACTOR_PRP_OR_LL_RESULT_AND_NO_ACTIVE_GIMPS_ASSIGNMENT,2026-08-08T19:16:24+00:00,UNALLOCATED,,,,,
SLCMP700-3675,3675,3676,317433859,2^317433859-1,STRUCTURAL_SCREEN_EXHAUSTED_PRIMALITY_UNASSIGNED,GF3A_DIRECTIONAL_WRITE_EXHAUSTED_PRIMALITY_UNASSIGNED,514,512,512,NO_RECORDED_FACTOR_PRP_OR_LL_RESULT_AND_NO_ACTIVE_GIMPS_ASSIGNMENT,2026-08-08T19:16:24+00:00,UNALLOCATED,,,,,
SLCMP700-3676,3676,3677,317433863,2^317433863-1,STRUCTURAL_SCREEN_EXHAUSTED_PRIMALITY_UNASSIGNED,GF3A_DIRECTIONAL_WRITE_EXHAUSTED_PRIMALITY_UNASSIGNED,514,512,512,NO_RECORDED_FACTOR_PRP_OR_LL_RESULT_AND_NO_ACTIVE_GIMPS_ASSIGNMENT,2026-08-08T19:16:24+00:00,UNALLOCATED,,,,,
SLCMP700-3677,3677,3678,317433881,2^317433881-1,STRUCTURAL_SCREEN_EXHAUSTED_PRIMALITY_UNASSIGNED,GF3A_DIRECTIONAL_WRITE_EXHAUSTED_PRIMALITY_UNASSIGNED,513,512,512,NO_RECORDED_FACTOR_PRP_OR_LL_RESULT_AND_NO_ACTIVE_GIMPS_ASSIGNMENT,2026-08-08T19:16:24+00:00,UNALLOCATED,,,,,
SLCMP700-3678,3678,3679,317433917,2^317433917-1,STRUCTURAL_SCREEN_EXHAUSTED_PRIMALITY_UNASSIGNED,GF3A_DIRECTIONAL_WRITE_EXHAUSTED_PRIMALITY_UNASSIGNED,513,512,512,NO_RECORDED_FACTOR_PRP_OR_LL_RESULT_AND_NO_ACTIVE_GIMPS_ASSIGNMENT,2026-08-08T19:16:24+00:00,UNALLOCATED,,,,,
SLCMP700-3679,3679,3680,317434037,2^317434037-1,STRUCTURAL_SCREEN_EXHAUSTED_PRIMALITY_UNASSIGNED,GF3A_DIRECTIONAL_WRITE_EXHAUSTED_PRIMALITY_UNASSIGNED,513,512,512,NO_RECORDED_FACTOR_PRP_OR_LL_RESULT_AND_NO_ACTIVE_GIMPS_ASSIGNMENT,2026-08-08T19:16:24+00:00,UNALLOCATED,,,,,
SLCMP700-3680,3680,3681,317434043,2^317434043-1,STRUCTURAL_SCREEN_EXHAUSTED_PRIMALITY_UNASSIGNED,GF3A_DIRECTIONAL_WRITE_EXHAUSTED_PRIMALITY_UNASSIGNED,514,512,512,NO_RECORDED_FACTOR_PRP_OR_LL_RESULT_AND_NO_ACTIVE_GIMPS_ASSIGNMENT,2026-08-08T19:16:24+00:00,UNALLOCATED,,,,,
SLCMP700-3681,3681,3682,317434111,2^317434111-1,STRUCTURAL_SCREEN_EXHAUSTED_PRIMALITY_UNASSIGNED,GF3A_DIRECTIONAL_WRITE_EXHAUSTED_PRIMALITY_UNASSIGNED,514,512,512,NO_RECORDED_FACTOR_PRP_OR_LL_RESULT_AND_NO_ACTIVE_GIMPS_ASSIGNMENT,2026-08-08T19:16:24+00:00,UNALLOCATED,,,,,
SLCMP700-3682,3682,3683,317434129,2^317434129-1,STRUCTURAL_SCREEN_EXHAUSTED_PRIMALITY_UNASSIGNED,GF3A_DIRECTIONAL_WRITE_EXHAUSTED_PRIMALITY_UNASSIGNED,513,512,512,NO_RECORDED_FACTOR_PRP_OR_LL_RESULT_AND_NO_ACTIVE_GIMPS_ASSIGNMENT,2026-08-08T19:16:24+00:00,UNALLOCATED,,,,,
SLCMP700-3683,3683,3684,317434151,2^317434151-1,STRUCTURAL_SCREEN_EXHAUSTED_PRIMALITY_UNASSIGNED,GF3A_DIRECTIONAL_WRITE_EXHAUSTED_PRIMALITY_UNASSIGNED,514,512,512,NO_RECORDED_FACTOR_PRP_OR_LL_RESULT_AND_NO_ACTIVE_GIMPS_ASSIGNMENT,2026-08-08T19:16:24+00:00,UNALLOCATED,,,,,
SLCMP700-3684,3684,3685,317434153,2^317434153-1,STRUCTURAL_SCREEN_EXHAUSTED_PRIMALITY_UNASSIGNED,GF3A_DIRECTIONAL_WRITE_EXHAUSTED_PRIMALITY_UNASSIGNED,513,512,512,NO_RECORDED_FACTOR_PRP_OR_LL_RESULT_AND_NO_ACTIVE_GIMPS_ASSIGNMENT,2026-08-08T19:16:24+00:00,UNALLOCATED,,,,,
SLCMP700-3685,3685,3686,317434181,2^317434181-1,STRUCTURAL_SCREEN_EXHAUSTED_PRIMALITY_UNASSIGNED,GF3A_DIRECTIONAL_WRITE_EXHAUSTED_PRIMALITY_UNASSIGNED,513,512,512,NO_RECORDED_FACTOR_PRP_OR_LL_RESULT_AND_NO_ACTIVE_GIMPS_ASSIGNMENT,2026-08-08T19:16:24+00:00,UNALLOCATED,,,,,
SLCMP700-3686,3686,3687,317434199,2^317434199-1,STRUCTURAL_SCREEN_EXHAUSTED_PRIMALITY_UNASSIGNED,GF3A_DIRECTIONAL_WRITE_EXHAUSTED_PRIMALITY_UNASSIGNED,514,512,512,NO_RECORDED_FACTOR_PRP_OR_LL_RESULT_AND_NO_ACTIVE_GIMPS_ASSIGNMENT,2026-08-08T19:16:24+00:00,UNALLOCATED,,,,,
SLCMP700-3687,3687,3688,317434207,2^317434207-1,STRUCTURAL_SCREEN_EXHAUSTED_PRIMALITY_UNASSIGNED,GF3A_DIRECTIONAL_WRITE_EXHAUSTED_PRIMALITY_UNASSIGNED,514,512,512,NO_RECORDED_FACTOR_PRP_OR_LL_RESULT_AND_NO_ACTIVE_GIMPS_ASSIGNMENT,2026-08-08T19:16:24+00:00,UNALLOCATED,,,,,
SLCMP700-3688,3688,3689,317434237,2^317434237-1,STRUCTURAL_SCREEN_EXHAUSTED_PRIMALITY_UNASSIGNED,GF3A_DIRECTIONAL_WRITE_EXHAUSTED_PRIMALITY_UNASSIGNED,513,512,512,NO_RECORDED_FACTOR_PRP_OR_LL_RESULT_AND_NO_ACTIVE_GIMPS_ASSIGNMENT,2026-08-08T19:16:24+00:00,UNALLOCATED,,,,,
SLCMP700-3689,3689,3690,317434297,2^317434297-1,STRUCTURAL_SCREEN_EXHAUSTED_PRIMALITY_UNASSIGNED,GF3A_DIRECTIONAL_WRITE_EXHAUSTED_PRIMALITY_UNASSIGNED,513,512,512,NO_RECORDED_FACTOR_PRP_OR_LL_RESULT_AND_NO_ACTIVE_GIMPS_ASSIGNMENT,2026-08-08T19:16:24+00:00,UNALLOCATED,,,,,
SLCMP700-3690,3690,3691,317434457,2^317434457-1,STRUCTURAL_SCREEN_EXHAUSTED_PRIMALITY_UNASSIGNED,GF3A_DIRECTIONAL_WRITE_EXHAUSTED_PRIMALITY_UNASSIGNED,513,512,512,NO_RECORDED_FACTOR_PRP_OR_LL_RESULT_AND_NO_ACTIVE_GIMPS_ASSIGNMENT,2026-08-08T19:16:24+00:00,UNALLOCATED,,,,,
SLCMP700-3691,3691,3692,317434597,2^317434597-1,STRUCTURAL_SCREEN_EXHAUSTED_PRIMALITY_UNASSIGNED,GF3A_DIRECTIONAL_WRITE_EXHAUSTED_PRIMALITY_UNASSIGNED,513,512,512,NO_RECORDED_FACTOR_PRP_OR_LL_RESULT_AND_NO_ACTIVE_GIMPS_ASSIGNMENT,2026-08-08T19:16:24+00:00,UNALLOCATED,,,,,
SLCMP700-3692,3692,3693,317434703,2^317434703-1,STRUCTURAL_SCREEN_EXHAUSTED_PRIMALITY_UNASSIGNED,GF3A_DIRECTIONAL_WRITE_EXHAUSTED_PRIMALITY_UNASSIGNED,514,512,512,NO_RECORDED_FACTOR_PRP_OR_LL_RESULT_AND_NO_ACTIVE_GIMPS_ASSIGNMENT,2026-08-08T19:16:24+00:00,UNALLOCATED,,,,,
SLCMP700-3693,3693,3694,317434771,2^317434771-1,STRUCTURAL_SCREEN_EXHAUSTED_PRIMALITY_UNASSIGNED,GF3A_DIRECTIONAL_WRITE_EXHAUSTED_PRIMALITY_UNASSIGNED,514,512,512,NO_RECORDED_FACTOR_PRP_OR_LL_RESULT_AND_NO_ACTIVE_GIMPS_ASSIGNMENT,2026-08-08T19:16:24+00:00,UNALLOCATED,,,,,
SLCMP700-3694,3694,3695,317434889,2^317434889-1,STRUCTURAL_SCREEN_EXHAUSTED_PRIMALITY_UNASSIGNED,GF3A_DIRECTIONAL_WRITE_EXHAUSTED_PRIMALITY_UNASSIGNED,513,512,512,NO_RECORDED_FACTOR_PRP_OR_LL_RESULT_AND_NO_ACTIVE_GIMPS_ASSIGNMENT,2026-08-08T19:16:24+00:00,UNALLOCATED,,,,,
SLCMP700-3695,3695,3696,317434903,2^317434903-1,STRUCTURAL_SCREEN_EXHAUSTED_PRIMALITY_UNASSIGNED,GF3A_DIRECTIONAL_WRITE_EXHAUSTED_PRIMALITY_UNASSIGNED,514,512,512,NO_RECORDED_FACTOR_PRP_OR_LL_RESULT_AND_NO_ACTIVE_GIMPS_ASSIGNMENT,2026-08-08T19:16:24+00:00,UNALLOCATED,,,,,
SLCMP700-3696,3696,3697,317434969,2^317434969-1,STRUCTURAL_SCREEN_EXHAUSTED_PRIMALITY_UNASSIGNED,GF3A_DIRECTIONAL_WRITE_EXHAUSTED_PRIMALITY_UNASSIGNED,513,512,512,NO_RECORDED_FACTOR_PRP_OR_LL_RESULT_AND_NO_ACTIVE_GIMPS_ASSIGNMENT,2026-08-08T19:16:24+00:00,UNALLOCATED,,,,,
SLCMP700-3697,3697,3698,317435059,2^317435059-1,STRUCTURAL_SCREEN_EXHAUSTED_PRIMALITY_UNASSIGNED,GF3A_DIRECTIONAL_WRITE_EXHAUSTED_PRIMALITY_UNASSIGNED,514,512,512,NO_RECORDED_FACTOR_PRP_OR_LL_RESULT_AND_NO_ACTIVE_GIMPS_ASSIGNMENT,2026-08-08T19:16:24+00:00,UNALLOCATED,,,,,
SLCMP700-3698,3698,3699,317435089,2^317435089-1,STRUCTURAL_SCREEN_EXHAUSTED_PRIMALITY_UNASSIGNED,GF3A_DIRECTIONAL_WRITE_EXHAUSTED_PRIMALITY_UNASSIGNED,513,512,512,NO_RECORDED_FACTOR_PRP_OR_LL_RESULT_AND_NO_ACTIVE_GIMPS_ASSIGNMENT,2026-08-08T19:16:24+00:00,UNALLOCATED,,,,,
SLCMP700-3699,3699,3700,317435117,2^317435117-1,STRUCTURAL_SCREEN_EXHAUSTED_PRIMALITY_UNASSIGNED,GF3A_DIRECTIONAL_WRITE_EXHAUSTED_PRIMALITY_UNASSIGNED,513,512,512,NO_RECORDED_FACTOR_PRP_OR_LL_RESULT_AND_NO_ACTIVE_GIMPS_ASSIGNMENT,2026-08-08T19:16:24+00:00,UNALLOCATED,,,,,
SLCMP700-3700,3700,3701,317435123,2^317435123-1,STRUCTURAL_SCREEN_EXHAUSTED_PRIMALITY_UNASSIGNED,GF3A_DIRECTIONAL_WRITE_EXHAUSTED_PRIMALITY_UNASSIGNED,514,512,512,NO_RECORDED_FACTOR_PRP_OR_LL_RESULT_AND_NO_ACTIVE_GIMPS_ASSIGNMENT,2026-08-08T19:16:24+00:00,UNALLOCATED,,,,,
SLCMP700-3701,3701,3702,317435137,2^317435137-1,STRUCTURAL_SCREEN_EXHAUSTED_PRIMALITY_UNASSIGNED,GF3A_DIRECTIONAL_WRITE_EXHAUSTED_PRIMALITY_UNASSIGNED,513,512,512,NO_RECORDED_FACTOR_PRP_OR_LL_RESULT_AND_NO_ACTIVE_GIMPS_ASSIGNMENT,2026-08-08T19:16:24+00:00,UNALLOCATED,,,,,
SLCMP700-3702,3702,3703,317435149,2^317435149-1,STRUCTURAL_SCREEN_EXHAUSTED_PRIMALITY_UNASSIGNED,GF3A_DIRECTIONAL_WRITE_EXHAUSTED_PRIMALITY_UNASSIGNED,513,512,512,NO_RECORDED_FACTOR_PRP_OR_LL_RESULT_AND_NO_ACTIVE_GIMPS_ASSIGNMENT,2026-08-08T19:16:24+00:00,UNALLOCATED,,,,,
SLCMP700-3703,3703,3704,317435201,2^317435201-1,STRUCTURAL_SCREEN_EXHAUSTED_PRIMALITY_UNASSIGNED,GF3A_DIRECTIONAL_WRITE_EXHAUSTED_PRIMALITY_UNASSIGNED,513,512,512,NO_RECORDED_FACTOR_PRP_OR_LL_RESULT_AND_NO_ACTIVE_GIMPS_ASSIGNMENT,2026-08-08T19:16:24+00:00,UNALLOCATED,,,,,
SLCMP700-3704,3704,3705,317435207,2^317435207-1,STRUCTURAL_SCREEN_EXHAUSTED_PRIMALITY_UNASSIGNED,GF3A_DIRECTIONAL_WRITE_EXHAUSTED_PRIMALITY_UNASSIGNED,514,512,512,NO_RECORDED_FACTOR_PRP_OR_LL_RESULT_AND_NO_ACTIVE_GIMPS_ASSIGNMENT,2026-08-08T19:16:24+00:00,UNALLOCATED,,,,,
SLCMP700-3705,3705,3706,317435269,2^317435269-1,STRUCTURAL_SCREEN_EXHAUSTED_PRIMALITY_UNASSIGNED,GF3A_DIRECTIONAL_WRITE_EXHAUSTED_PRIMALITY_UNASSIGNED,513,512,512,NO_RECORDED_FACTOR_PRP_OR_LL_RESULT_AND_NO_ACTIVE_GIMPS_ASSIGNMENT,2026-08-08T19:16:24+00:00,UNALLOCATED,,,,,
SLCMP700-3706,3706,3707,317435329,2^317435329-1,STRUCTURAL_SCREEN_EXHAUSTED_PRIMALITY_UNASSIGNED,GF3A_DIRECTIONAL_WRITE_EXHAUSTED_PRIMALITY_UNASSIGNED,513,512,512,NO_RECORDED_FACTOR_PRP_OR_LL_RESULT_AND_NO_ACTIVE_GIMPS_ASSIGNMENT,2026-08-08T19:16:24+00:00,UNALLOCATED,,,,,
SLCMP700-3707,3707,3708,317435341,2^317435341-1,STRUCTURAL_SCREEN_EXHAUSTED_PRIMALITY_UNASSIGNED,GF3A_DIRECTIONAL_WRITE_EXHAUSTED_PRIMALITY_UNASSIGNED,513,512,512,NO_RECORDED_FACTOR_PRP_OR_LL_RESULT_AND_NO_ACTIVE_GIMPS_ASSIGNMENT,2026-08-08T19:16:24+00:00,UNALLOCATED,,,,,
SLCMP700-3708,3708,3709,317435353,2^317435353-1,STRUCTURAL_SCREEN_EXHAUSTED_PRIMALITY_UNASSIGNED,GF3A_DIRECTIONAL_WRITE_EXHAUSTED_PRIMALITY_UNASSIGNED,513,512,512,NO_RECORDED_FACTOR_PRP_OR_LL_RESULT_AND_NO_ACTIVE_GIMPS_ASSIGNMENT,2026-08-08T19:16:24+00:00,UNALLOCATED,,,,,
SLCMP700-3709,3709,3710,317435387,2^317435387-1,STRUCTURAL_SCREEN_EXHAUSTED_PRIMALITY_UNASSIGNED,GF3A_DIRECTIONAL_WRITE_EXHAUSTED_PRIMALITY_UNASSIGNED,514,512,512,NO_RECORDED_FACTOR_PRP_OR_LL_RESULT_AND_NO_ACTIVE_GIMPS_ASSIGNMENT,2026-08-08T19:16:24+00:00,UNALLOCATED,,,,,
SLCMP700-3710,3710,3711,317435423,2^317435423-1,STRUCTURAL_SCREEN_EXHAUSTED_PRIMALITY_UNASSIGNED,GF3A_DIRECTIONAL_WRITE_EXHAUSTED_PRIMALITY_UNASSIGNED,514,512,512,NO_RECORDED_FACTOR_PRP_OR_LL_RESULT_AND_NO_ACTIVE_GIMPS_ASSIGNMENT,2026-08-08T19:16:24+00:00,UNALLOCATED,,,,,
SLCMP700-3711,3711,3712,317435429,2^317435429-1,STRUCTURAL_SCREEN_EXHAUSTED_PRIMALITY_UNASSIGNED,GF3A_DIRECTIONAL_WRITE_EXHAUSTED_PRIMALITY_UNASSIGNED,513,512,512,NO_RECORDED_FACTOR_PRP_OR_LL_RESULT_AND_NO_ACTIVE_GIMPS_ASSIGNMENT,2026-08-08T19:16:24+00:00,UNALLOCATED,,,,,
SLCMP700-3712,3712,3713,317435453,2^317435453-1,STRUCTURAL_SCREEN_EXHAUSTED_PRIMALITY_UNASSIGNED,GF3A_DIRECTIONAL_WRITE_EXHAUSTED_PRIMALITY_UNASSIGNED,513,512,512,NO_RECORDED_FACTOR_PRP_OR_LL_RESULT_AND_NO_ACTIVE_GIMPS_ASSIGNMENT,2026-08-08T19:16:24+00:00,UNALLOCATED,,,,,
SLCMP700-3713,3713,3714,317435467,2^317435467-1,STRUCTURAL_SCREEN_EXHAUSTED_PRIMALITY_UNASSIGNED,GF3A_DIRECTIONAL_WRITE_EXHAUSTED_PRIMALITY_UNASSIGNED,514,512,512,NO_RECORDED_FACTOR_PRP_OR_LL_RESULT_AND_NO_ACTIVE_GIMPS_ASSIGNMENT,2026-08-08T19:16:24+00:00,UNALLOCATED,,,,,
SLCMP700-3714,3714,3715,317435519,2^317435519-1,STRUCTURAL_SCREEN_EXHAUSTED_PRIMALITY_UNASSIGNED,GF3A_DIRECTIONAL_WRITE_EXHAUSTED_PRIMALITY_UNASSIGNED,514,512,512,NO_RECORDED_FACTOR_PRP_OR_LL_RESULT_AND_NO_ACTIVE_GIMPS_ASSIGNMENT,2026-08-08T19:16:24+00:00,UNALLOCATED,,,,,
SLCMP700-3715,3715,3716,317435593,2^317435593-1,STRUCTURAL_SCREEN_EXHAUSTED_PRIMALITY_UNASSIGNED,GF3A_DIRECTIONAL_WRITE_EXHAUSTED_PRIMALITY_UNASSIGNED,513,512,512,NO_RECORDED_FACTOR_PRP_OR_LL_RESULT_AND_NO_ACTIVE_GIMPS_ASSIGNMENT,2026-08-08T19:16:24+00:00,UNALLOCATED,,,,,
SLCMP700-3716,3716,3717,317435633,2^317435633-1,STRUCTURAL_SCREEN_EXHAUSTED_PRIMALITY_UNASSIGNED,GF3A_DIRECTIONAL_WRITE_EXHAUSTED_PRIMALITY_UNASSIGNED,513,512,512,NO_RECORDED_FACTOR_PRP_OR_LL_RESULT_AND_NO_ACTIVE_GIMPS_ASSIGNMENT,2026-08-08T19:16:24+00:00,UNALLOCATED,,,,,
SLCMP700-3717,3717,3718,317435647,2^317435647-1,STRUCTURAL_SCREEN_EXHAUSTED_PRIMALITY_UNASSIGNED,GF3A_DIRECTIONAL_WRITE_EXHAUSTED_PRIMALITY_UNASSIGNED,514,512,512,NO_RECORDED_FACTOR_PRP_OR_LL_RESULT_AND_NO_ACTIVE_GIMPS_ASSIGNMENT,2026-08-08T19:16:24+00:00,UNALLOCATED,,,,,
SLCMP700-3718,3718,3719,317435779,2^317435779-1,STRUCTURAL_SCREEN_EXHAUSTED_PRIMALITY_UNASSIGNED,GF3A_DIRECTIONAL_WRITE_EXHAUSTED_PRIMALITY_UNASSIGNED,514,512,512,NO_RECORDED_FACTOR_PRP_OR_LL_RESULT_AND_NO_ACTIVE_GIMPS_ASSIGNMENT,2026-08-08T19:16:24+00:00,UNALLOCATED,,,,,
SLCMP700-3719,3719,3720,317435927,2^317435927-1,STRUCTURAL_SCREEN_EXHAUSTED_PRIMALITY_UNASSIGNED,GF3A_DIRECTIONAL_WRITE_EXHAUSTED_PRIMALITY_UNASSIGNED,514,512,512,NO_RECORDED_FACTOR_PRP_OR_LL_RESULT_AND_NO_ACTIVE_GIMPS_ASSIGNMENT,2026-08-08T19:16:24+00:00,UNALLOCATED,,,,,
SLCMP700-3720,3720,3721,317436037,2^317436037-1,STRUCTURAL_SCREEN_EXHAUSTED_PRIMALITY_UNASSIGNED,GF3A_DIRECTIONAL_WRITE_EXHAUSTED_PRIMALITY_UNASSIGNED,513,512,512,NO_RECORDED_FACTOR_PRP_OR_LL_RESULT_AND_NO_ACTIVE_GIMPS_ASSIGNMENT,2026-08-08T19:16:24+00:00,UNALLOCATED,,,,,
SLCMP700-3721,3721,3722,317436109,2^317436109-1,STRUCTURAL_SCREEN_EXHAUSTED_PRIMALITY_UNASSIGNED,GF3A_DIRECTIONAL_WRITE_EXHAUSTED_PRIMALITY_UNASSIGNED,513,512,512,NO_RECORDED_FACTOR_PRP_OR_LL_RESULT_AND_NO_ACTIVE_GIMPS_ASSIGNMENT,2026-08-08T19:16:24+00:00,UNALLOCATED,,,,,
SLCMP700-3722,3722,3723,317436157,2^317436157-1,STRUCTURAL_SCREEN_EXHAUSTED_PRIMALITY_UNASSIGNED,GF3A_DIRECTIONAL_WRITE_EXHAUSTED_PRIMALITY_UNASSIGNED,513,512,512,NO_RECORDED_FACTOR_PRP_OR_LL_RESULT_AND_NO_ACTIVE_GIMPS_ASSIGNMENT,2026-08-08T19:16:24+00:00,UNALLOCATED,,,,,
SLCMP700-3723,3723,3724,317436281,2^317436281-1,STRUCTURAL_SCREEN_EXHAUSTED_PRIMALITY_UNASSIGNED,GF3A_DIRECTIONAL_WRITE_EXHAUSTED_PRIMALITY_UNASSIGNED,513,512,512,NO_RECORDED_FACTOR_PRP_OR_LL_RESULT_AND_NO_ACTIVE_GIMPS_ASSIGNMENT,2026-08-08T19:16:24+00:00,UNALLOCATED,,,,,
SLCMP700-3724,3724,3725,317436467,2^317436467-1,STRUCTURAL_SCREEN_EXHAUSTED_PRIMALITY_UNASSIGNED,GF3A_DIRECTIONAL_WRITE_EXHAUSTED_PRIMALITY_UNASSIGNED,514,512,512,NO_RECORDED_FACTOR_PRP_OR_LL_RESULT_AND_NO_ACTIVE_GIMPS_ASSIGNMENT,2026-08-08T19:16:24+00:00,UNALLOCATED,,,,,
SLCMP700-3725,3725,3726,317436577,2^317436577-1,STRUCTURAL_SCREEN_EXHAUSTED_PRIMALITY_UNASSIGNED,GF3A_DIRECTIONAL_WRITE_EXHAUSTED_PRIMALITY_UNASSIGNED,513,512,512,NO_RECORDED_FACTOR_PRP_OR_LL_RESULT_AND_NO_ACTIVE_GIMPS_ASSIGNMENT,2026-08-08T19:16:24+00:00,UNALLOCATED,,,,,
SLCMP700-3726,3726,3727,317436583,2^317436583-1,STRUCTURAL_SCREEN_EXHAUSTED_PRIMALITY_UNASSIGNED,GF3A_DIRECTIONAL_WRITE_EXHAUSTED_PRIMALITY_UNASSIGNED,514,512,512,NO_RECORDED_FACTOR_PRP_OR_LL_RESULT_AND_NO_ACTIVE_GIMPS_ASSIGNMENT,2026-08-08T19:16:24+00:00,UNALLOCATED,,,,,
SLCMP700-3727,3727,3728,317436589,2^317436589-1,STRUCTURAL_SCREEN_EXHAUSTED_PRIMALITY_UNASSIGNED,GF3A_DIRECTIONAL_WRITE_EXHAUSTED_PRIMALITY_UNASSIGNED,513,512,512,NO_RECORDED_FACTOR_PRP_OR_LL_RESULT_AND_NO_ACTIVE_GIMPS_ASSIGNMENT,2026-08-08T19:16:24+00:00,UNALLOCATED,,,,,
SLCMP700-3728,3728,3729,317436607,2^317436607-1,STRUCTURAL_SCREEN_EXHAUSTED_PRIMALITY_UNASSIGNED,GF3A_DIRECTIONAL_WRITE_EXHAUSTED_PRIMALITY_UNASSIGNED,514,512,512,NO_RECORDED_FACTOR_PRP_OR_LL_RESULT_AND_NO_ACTIVE_GIMPS_ASSIGNMENT,2026-08-08T19:16:24+00:00,UNALLOCATED,,,,,
SLCMP700-3729,3729,3730,317436617,2^317436617-1,STRUCTURAL_SCREEN_EXHAUSTED_PRIMALITY_UNASSIGNED,GF3A_DIRECTIONAL_WRITE_EXHAUSTED_PRIMALITY_UNASSIGNED,513,512,512,NO_RECORDED_FACTOR_PRP_OR_LL_RESULT_AND_NO_ACTIVE_GIMPS_ASSIGNMENT,2026-08-08T19:16:24+00:00,UNALLOCATED,,,,,
SLCMP700-3730,3730,3731,317436703,2^317436703-1,STRUCTURAL_SCREEN_EXHAUSTED_PRIMALITY_UNASSIGNED,GF3A_DIRECTIONAL_WRITE_EXHAUSTED_PRIMALITY_UNASSIGNED,514,512,512,NO_RECORDED_FACTOR_PRP_OR_LL_RESULT_AND_NO_ACTIVE_GIMPS_ASSIGNMENT,2026-08-08T19:16:24+00:00,UNALLOCATED,,,,,
SLCMP700-3731,3731,3732,317436751,2^317436751-1,STRUCTURAL_SCREEN_EXHAUSTED_PRIMALITY_UNASSIGNED,GF3A_DIRECTIONAL_WRITE_EXHAUSTED_PRIMALITY_UNASSIGNED,514,512,512,NO_RECORDED_FACTOR_PRP_OR_LL_RESULT_AND_NO_ACTIVE_GIMPS_ASSIGNMENT,2026-08-08T19:16:24+00:00,UNALLOCATED,,,,,
SLCMP700-3732,3732,3733,317436797,2^317436797-1,STRUCTURAL_SCREEN_EXHAUSTED_PRIMALITY_UNASSIGNED,GF3A_DIRECTIONAL_WRITE_EXHAUSTED_PRIMALITY_UNASSIGNED,513,512,512,NO_RECORDED_FACTOR_PRP_OR_LL_RESULT_AND_NO_ACTIVE_GIMPS_ASSIGNMENT,2026-08-08T19:16:24+00:00,UNALLOCATED,,,,,
SLCMP700-3733,3733,3734,317436877,2^317436877-1,STRUCTURAL_SCREEN_EXHAUSTED_PRIMALITY_UNASSIGNED,GF3A_DIRECTIONAL_WRITE_EXHAUSTED_PRIMALITY_UNASSIGNED,513,512,512,NO_RECORDED_FACTOR_PRP_OR_LL_RESULT_AND_NO_ACTIVE_GIMPS_ASSIGNMENT,2026-08-08T19:16:24+00:00,UNALLOCATED,,,,,
SLCMP700-3734,3734,3735,317437177,2^317437177-1,STRUCTURAL_SCREEN_EXHAUSTED_PRIMALITY_UNASSIGNED,GF3A_DIRECTIONAL_WRITE_EXHAUSTED_PRIMALITY_UNASSIGNED,513,512,512,NO_RECORDED_FACTOR_PRP_OR_LL_RESULT_AND_NO_ACTIVE_GIMPS_ASSIGNMENT,2026-08-08T19:16:24+00:00,UNALLOCATED,,,,,
SLCMP700-3735,3735,3736,317437261,2^317437261-1,STRUCTURAL_SCREEN_EXHAUSTED_PRIMALITY_UNASSIGNED,GF3A_DIRECTIONAL_WRITE_EXHAUSTED_PRIMALITY_UNASSIGNED,513,512,512,NO_RECORDED_FACTOR_PRP_OR_LL_RESULT_AND_NO_ACTIVE_GIMPS_ASSIGNMENT,2026-08-08T19:16:24+00:00,UNALLOCATED,,,,,
SLCMP700-3736,3736,3737,317437271,2^317437271-1,STRUCTURAL_SCREEN_EXHAUSTED_PRIMALITY_UNASSIGNED,GF3A_DIRECTIONAL_WRITE_EXHAUSTED_PRIMALITY_UNASSIGNED,514,512,512,NO_RECORDED_FACTOR_PRP_OR_LL_RESULT_AND_NO_ACTIVE_GIMPS_ASSIGNMENT,2026-08-08T19:16:24+00:00,UNALLOCATED,,,,,
SLCMP700-3737,3737,3738,317437349,2^317437349-1,STRUCTURAL_SCREEN_EXHAUSTED_PRIMALITY_UNASSIGNED,GF3A_DIRECTIONAL_WRITE_EXHAUSTED_PRIMALITY_UNASSIGNED,513,512,512,NO_RECORDED_FACTOR_PRP_OR_LL_RESULT_AND_NO_ACTIVE_GIMPS_ASSIGNMENT,2026-08-08T19:16:24+00:00,UNALLOCATED,,,,,
SLCMP700-3738,3738,3739,317437363,2^317437363-1,STRUCTURAL_SCREEN_EXHAUSTED_PRIMALITY_UNASSIGNED,GF3A_DIRECTIONAL_WRITE_EXHAUSTED_PRIMALITY_UNASSIGNED,514,512,512,NO_RECORDED_FACTOR_PRP_OR_LL_RESULT_AND_NO_ACTIVE_GIMPS_ASSIGNMENT,2026-08-08T19:16:24+00:00,UNALLOCATED,,,,,
SLCMP700-3739,3739,3740,317437501,2^317437501-1,STRUCTURAL_SCREEN_EXHAUSTED_PRIMALITY_UNASSIGNED,GF3A_DIRECTIONAL_WRITE_EXHAUSTED_PRIMALITY_UNASSIGNED,513,512,512,NO_RECORDED_FACTOR_PRP_OR_LL_RESULT_AND_NO_ACTIVE_GIMPS_ASSIGNMENT,2026-08-08T19:16:24+00:00,UNALLOCATED,,,,,
SLCMP700-3740,3740,3741,317437529,2^317437529-1,STRUCTURAL_SCREEN_EXHAUSTED_PRIMALITY_UNASSIGNED,GF3A_DIRECTIONAL_WRITE_EXHAUSTED_PRIMALITY_UNASSIGNED,513,512,512,NO_RECORDED_FACTOR_PRP_OR_LL_RESULT_AND_NO_ACTIVE_GIMPS_ASSIGNMENT,2026-08-08T19:16:24+00:00,UNALLOCATED,,,,,
SLCMP700-3741,3741,3742,317437573,2^317437573-1,STRUCTURAL_SCREEN_EXHAUSTED_PRIMALITY_UNASSIGNED,GF3A_DIRECTIONAL_WRITE_EXHAUSTED_PRIMALITY_UNASSIGNED,513,512,512,NO_RECORDED_FACTOR_PRP_OR_LL_RESULT_AND_NO_ACTIVE_GIMPS_ASSIGNMENT,2026-08-08T19:16:24+00:00,UNALLOCATED,,,,,
SLCMP700-3742,3742,3743,317437699,2^317437699-1,STRUCTURAL_SCREEN_EXHAUSTED_PRIMALITY_UNASSIGNED,GF3A_DIRECTIONAL_WRITE_EXHAUSTED_PRIMALITY_UNASSIGNED,514,512,512,NO_RECORDED_FACTOR_PRP_OR_LL_RESULT_AND_NO_ACTIVE_GIMPS_ASSIGNMENT,2026-08-08T19:16:24+00:00,UNALLOCATED,,,,,
SLCMP700-3743,3743,3744,317437819,2^317437819-1,STRUCTURAL_SCREEN_EXHAUSTED_PRIMALITY_UNASSIGNED,GF3A_DIRECTIONAL_WRITE_EXHAUSTED_PRIMALITY_UNASSIGNED,514,512,512,NO_RECORDED_FACTOR_PRP_OR_LL_RESULT_AND_NO_ACTIVE_GIMPS_ASSIGNMENT,2026-08-08T19:16:24+00:00,UNALLOCATED,,,,,
SLCMP700-3744,3744,3745,317437843,2^317437843-1,STRUCTURAL_SCREEN_EXHAUSTED_PRIMALITY_UNASSIGNED,GF3A_DIRECTIONAL_WRITE_EXHAUSTED_PRIMALITY_UNASSIGNED,514,512,512,NO_RECORDED_FACTOR_PRP_OR_LL_RESULT_AND_NO_ACTIVE_GIMPS_ASSIGNMENT,2026-08-08T19:16:24+00:00,UNALLOCATED,,,,,
SLCMP700-3745,3745,3746,317437871,2^317437871-1,STRUCTURAL_SCREEN_EXHAUSTED_PRIMALITY_UNASSIGNED,GF3A_DIRECTIONAL_WRITE_EXHAUSTED_PRIMALITY_UNASSIGNED,514,512,512,NO_RECORDED_FACTOR_PRP_OR_LL_RESULT_AND_NO_ACTIVE_GIMPS_ASSIGNMENT,2026-08-08T19:16:24+00:00,UNALLOCATED,,,,,
SLCMP700-3746,3746,3747,317437891,2^317437891-1,STRUCTURAL_SCREEN_EXHAUSTED_PRIMALITY_UNASSIGNED,GF3A_DIRECTIONAL_WRITE_EXHAUSTED_PRIMALITY_UNASSIGNED,514,512,512,NO_RECORDED_FACTOR_PRP_OR_LL_RESULT_AND_NO_ACTIVE_GIMPS_ASSIGNMENT,2026-08-08T19:16:24+00:00,UNALLOCATED,,,,,
SLCMP700-3747,3747,3748,317437903,2^317437903-1,STRUCTURAL_SCREEN_EXHAUSTED_PRIMALITY_UNASSIGNED,GF3A_DIRECTIONAL_WRITE_EXHAUSTED_PRIMALITY_UNASSIGNED,514,512,512,NO_RECORDED_FACTOR_PRP_OR_LL_RESULT_AND_NO_ACTIVE_GIMPS_ASSIGNMENT,2026-08-08T19:16:24+00:00,UNALLOCATED,,,,,
SLCMP700-3748,3748,3749,317437907,2^317437907-1,STRUCTURAL_SCREEN_EXHAUSTED_PRIMALITY_UNASSIGNED,GF3A_DIRECTIONAL_WRITE_EXHAUSTED_PRIMALITY_UNASSIGNED,514,512,512,NO_RECORDED_FACTOR_PRP_OR_LL_RESULT_AND_NO_ACTIVE_GIMPS_ASSIGNMENT,2026-08-08T19:16:24+00:00,UNALLOCATED,,,,,
SLCMP700-3749,3749,3750,317437993,2^317437993-1,STRUCTURAL_SCREEN_EXHAUSTED_PRIMALITY_UNASSIGNED,GF3A_DIRECTIONAL_WRITE_EXHAUSTED_PRIMALITY_UNASSIGNED,513,512,512,NO_RECORDED_FACTOR_PRP_OR_LL_RESULT_AND_NO_ACTIVE_GIMPS_ASSIGNMENT,2026-08-08T19:16:24+00:00,UNALLOCATED,,,,,
SLCMP700-3750,3750,3751,317438071,2^317438071-1,STRUCTURAL_SCREEN_EXHAUSTED_PRIMALITY_UNASSIGNED,GF3A_DIRECTIONAL_WRITE_EXHAUSTED_PRIMALITY_UNASSIGNED,514,512,512,NO_RECORDED_FACTOR_PRP_OR_LL_RESULT_AND_NO_ACTIVE_GIMPS_ASSIGNMENT,2026-08-08T19:16:24+00:00,UNALLOCATED,,,,,
SLCMP700-3751,3751,3752,317438123,2^317438123-1,STRUCTURAL_SCREEN_EXHAUSTED_PRIMALITY_UNASSIGNED,GF3A_DIRECTIONAL_WRITE_EXHAUSTED_PRIMALITY_UNASSIGNED,514,512,512,NO_RECORDED_FACTOR_PRP_OR_LL_RESULT_AND_NO_ACTIVE_GIMPS_ASSIGNMENT,2026-08-08T19:16:24+00:00,UNALLOCATED,,,,,
SLCMP700-3752,3752,3753,317438129,2^317438129-1,STRUCTURAL_SCREEN_EXHAUSTED_PRIMALITY_UNASSIGNED,GF3A_DIRECTIONAL_WRITE_EXHAUSTED_PRIMALITY_UNASSIGNED,513,512,512,NO_RECORDED_FACTOR_PRP_OR_LL_RESULT_AND_NO_ACTIVE_GIMPS_ASSIGNMENT,2026-08-08T19:16:24+00:00,UNALLOCATED,,,,,
SLCMP700-3753,3753,3754,317438269,2^317438269-1,STRUCTURAL_SCREEN_EXHAUSTED_PRIMALITY_UNASSIGNED,GF3A_DIRECTIONAL_WRITE_EXHAUSTED_PRIMALITY_UNASSIGNED,513,512,512,NO_RECORDED_FACTOR_PRP_OR_LL_RESULT_AND_NO_ACTIVE_GIMPS_ASSIGNMENT,2026-08-08T19:16:24+00:00,UNALLOCATED,,,,,
SLCMP700-3754,3754,3755,317438287,2^317438287-1,STRUCTURAL_SCREEN_EXHAUSTED_PRIMALITY_UNASSIGNED,GF3A_DIRECTIONAL_WRITE_EXHAUSTED_PRIMALITY_UNASSIGNED,514,512,512,NO_RECORDED_FACTOR_PRP_OR_LL_RESULT_AND_NO_ACTIVE_GIMPS_ASSIGNMENT,2026-08-08T19:16:24+00:00,UNALLOCATED,,,,,
SLCMP700-3755,3755,3756,317438299,2^317438299-1,STRUCTURAL_SCREEN_EXHAUSTED_PRIMALITY_UNASSIGNED,GF3A_DIRECTIONAL_WRITE_EXHAUSTED_PRIMALITY_UNASSIGNED,514,512,512,NO_RECORDED_FACTOR_PRP_OR_LL_RESULT_AND_NO_ACTIVE_GIMPS_ASSIGNMENT,2026-08-08T19:16:24+00:00,UNALLOCATED,,,,,
SLCMP700-3756,3756,3757,317438311,2^317438311-1,STRUCTURAL_SCREEN_EXHAUSTED_PRIMALITY_UNASSIGNED,GF3A_DIRECTIONAL_WRITE_EXHAUSTED_PRIMALITY_UNASSIGNED,514,512,512,NO_RECORDED_FACTOR_PRP_OR_LL_RESULT_AND_NO_ACTIVE_GIMPS_ASSIGNMENT,2026-08-08T19:16:24+00:00,UNALLOCATED,,,,,
SLCMP700-3757,3757,3758,317438489,2^317438489-1,STRUCTURAL_SCREEN_EXHAUSTED_PRIMALITY_UNASSIGNED,GF3A_DIRECTIONAL_WRITE_EXHAUSTED_PRIMALITY_UNASSIGNED,513,512,512,NO_RECORDED_FACTOR_PRP_OR_LL_RESULT_AND_NO_ACTIVE_GIMPS_ASSIGNMENT,2026-08-08T19:16:24+00:00,UNALLOCATED,,,,,
SLCMP700-3758,3758,3759,317438549,2^317438549-1,STRUCTURAL_SCREEN_EXHAUSTED_PRIMALITY_UNASSIGNED,GF3A_DIRECTIONAL_WRITE_EXHAUSTED_PRIMALITY_UNASSIGNED,513,512,512,NO_RECORDED_FACTOR_PRP_OR_LL_RESULT_AND_NO_ACTIVE_GIMPS_ASSIGNMENT,2026-08-08T19:16:24+00:00,UNALLOCATED,,,,,
SLCMP700-3759,3759,3760,317438683,2^317438683-1,STRUCTURAL_SCREEN_EXHAUSTED_PRIMALITY_UNASSIGNED,GF3A_DIRECTIONAL_WRITE_EXHAUSTED_PRIMALITY_UNASSIGNED,514,512,512,NO_RECORDED_FACTOR_PRP_OR_LL_RESULT_AND_NO_ACTIVE_GIMPS_ASSIGNMENT,2026-08-08T19:16:24+00:00,UNALLOCATED,,,,,
SLCMP700-3760,3760,3761,317438699,2^317438699-1,STRUCTURAL_SCREEN_EXHAUSTED_PRIMALITY_UNASSIGNED,GF3A_DIRECTIONAL_WRITE_EXHAUSTED_PRIMALITY_UNASSIGNED,514,512,512,NO_RECORDED_FACTOR_PRP_OR_LL_RESULT_AND_NO_ACTIVE_GIMPS_ASSIGNMENT,2026-08-08T19:16:24+00:00,UNALLOCATED,,,,,
SLCMP700-3761,3761,3762,317438701,2^317438701-1,STRUCTURAL_SCREEN_EXHAUSTED_PRIMALITY_UNASSIGNED,GF3A_DIRECTIONAL_WRITE_EXHAUSTED_PRIMALITY_UNASSIGNED,513,512,512,NO_RECORDED_FACTOR_PRP_OR_LL_RESULT_AND_NO_ACTIVE_GIMPS_ASSIGNMENT,2026-08-08T19:16:24+00:00,UNALLOCATED,,,,,
SLCMP700-3762,3762,3763,317438711,2^317438711-1,STRUCTURAL_SCREEN_EXHAUSTED_PRIMALITY_UNASSIGNED,GF3A_DIRECTIONAL_WRITE_EXHAUSTED_PRIMALITY_UNASSIGNED,514,512,512,NO_RECORDED_FACTOR_PRP_OR_LL_RESULT_AND_NO_ACTIVE_GIMPS_ASSIGNMENT,2026-08-08T19:16:24+00:00,UNALLOCATED,,,,,
SLCMP700-3763,3763,3764,317438713,2^317438713-1,STRUCTURAL_SCREEN_EXHAUSTED_PRIMALITY_UNASSIGNED,GF3A_DIRECTIONAL_WRITE_EXHAUSTED_PRIMALITY_UNASSIGNED,513,512,512,NO_RECORDED_FACTOR_PRP_OR_LL_RESULT_AND_NO_ACTIVE_GIMPS_ASSIGNMENT,2026-08-08T19:16:24+00:00,UNALLOCATED,,,,,
SLCMP700-3764,3764,3765,317438741,2^317438741-1,STRUCTURAL_SCREEN_EXHAUSTED_PRIMALITY_UNASSIGNED,GF3A_DIRECTIONAL_WRITE_EXHAUSTED_PRIMALITY_UNASSIGNED,513,512,512,NO_RECORDED_FACTOR_PRP_OR_LL_RESULT_AND_NO_ACTIVE_GIMPS_ASSIGNMENT,2026-08-08T19:16:24+00:00,UNALLOCATED,,,,,
SLCMP700-3765,3765,3766,317438743,2^317438743-1,STRUCTURAL_SCREEN_EXHAUSTED_PRIMALITY_UNASSIGNED,GF3A_DIRECTIONAL_WRITE_EXHAUSTED_PRIMALITY_UNASSIGNED,514,512,512,NO_RECORDED_FACTOR_PRP_OR_LL_RESULT_AND_NO_ACTIVE_GIMPS_ASSIGNMENT,2026-08-08T19:16:24+00:00,UNALLOCATED,,,,,
SLCMP700-3766,3766,3767,317438749,2^317438749-1,STRUCTURAL_SCREEN_EXHAUSTED_PRIMALITY_UNASSIGNED,GF3A_DIRECTIONAL_WRITE_EXHAUSTED_PRIMALITY_UNASSIGNED,513,512,512,NO_RECORDED_FACTOR_PRP_OR_LL_RESULT_AND_NO_ACTIVE_GIMPS_ASSIGNMENT,2026-08-08T19:16:24+00:00,UNALLOCATED,,,,,
SLCMP700-3767,3767,3768,317438867,2^317438867-1,STRUCTURAL_SCREEN_EXHAUSTED_PRIMALITY_UNASSIGNED,GF3A_DIRECTIONAL_WRITE_EXHAUSTED_PRIMALITY_UNASSIGNED,514,512,512,NO_RECORDED_FACTOR_PRP_OR_LL_RESULT_AND_NO_ACTIVE_GIMPS_ASSIGNMENT,2026-08-08T19:16:24+00:00,UNALLOCATED,,,,,
SLCMP700-3768,3768,3769,317438917,2^317438917-1,STRUCTURAL_SCREEN_EXHAUSTED_PRIMALITY_UNASSIGNED,GF3A_DIRECTIONAL_WRITE_EXHAUSTED_PRIMALITY_UNASSIGNED,513,512,512,NO_RECORDED_FACTOR_PRP_OR_LL_RESULT_AND_NO_ACTIVE_GIMPS_ASSIGNMENT,2026-08-08T19:16:24+00:00,UNALLOCATED,,,,,
SLCMP700-3769,3769,3770,317438971,2^317438971-1,STRUCTURAL_SCREEN_EXHAUSTED_PRIMALITY_UNASSIGNED,GF3A_DIRECTIONAL_WRITE_EXHAUSTED_PRIMALITY_UNASSIGNED,514,512,512,NO_RECORDED_FACTOR_PRP_OR_LL_RESULT_AND_NO_ACTIVE_GIMPS_ASSIGNMENT,2026-08-08T19:16:24+00:00,UNALLOCATED,,,,,
SLCMP700-3770,3770,3771,317439049,2^317439049-1,STRUCTURAL_SCREEN_EXHAUSTED_PRIMALITY_UNASSIGNED,GF3A_DIRECTIONAL_WRITE_EXHAUSTED_PRIMALITY_UNASSIGNED,513,512,512,NO_RECORDED_FACTOR_PRP_OR_LL_RESULT_AND_NO_ACTIVE_GIMPS_ASSIGNMENT,2026-08-08T19:16:24+00:00,UNALLOCATED,,,,,
SLCMP700-3771,3771,3772,317439103,2^317439103-1,STRUCTURAL_SCREEN_EXHAUSTED_PRIMALITY_UNASSIGNED,GF3A_DIRECTIONAL_WRITE_EXHAUSTED_PRIMALITY_UNASSIGNED,514,512,512,NO_RECORDED_FACTOR_PRP_OR_LL_RESULT_AND_NO_ACTIVE_GIMPS_ASSIGNMENT,2026-08-08T19:16:24+00:00,UNALLOCATED,,,,,
SLCMP700-3772,3772,3773,317439121,2^317439121-1,STRUCTURAL_SCREEN_EXHAUSTED_PRIMALITY_UNASSIGNED,GF3A_DIRECTIONAL_WRITE_EXHAUSTED_PRIMALITY_UNASSIGNED,513,512,512,NO_RECORDED_FACTOR_PRP_OR_LL_RESULT_AND_NO_ACTIVE_GIMPS_ASSIGNMENT,2026-08-08T19:16:24+00:00,UNALLOCATED,,,,,
SLCMP700-3773,3773,3774,317439151,2^317439151-1,STRUCTURAL_SCREEN_EXHAUSTED_PRIMALITY_UNASSIGNED,GF3A_DIRECTIONAL_WRITE_EXHAUSTED_PRIMALITY_UNASSIGNED,514,512,512,NO_RECORDED_FACTOR_PRP_OR_LL_RESULT_AND_NO_ACTIVE_GIMPS_ASSIGNMENT,2026-08-08T19:16:24+00:00,UNALLOCATED,,,,,
SLCMP700-3774,3774,3775,317439217,2^317439217-1,STRUCTURAL_SCREEN_EXHAUSTED_PRIMALITY_UNASSIGNED,GF3A_DIRECTIONAL_WRITE_EXHAUSTED_PRIMALITY_UNASSIGNED,513,512,512,NO_RECORDED_FACTOR_PRP_OR_LL_RESULT_AND_NO_ACTIVE_GIMPS_ASSIGNMENT,2026-08-08T19:16:24+00:00,UNALLOCATED,,,,,
SLCMP700-3775,3775,3776,317439229,2^317439229-1,STRUCTURAL_SCREEN_EXHAUSTED_PRIMALITY_UNASSIGNED,GF3A_DIRECTIONAL_WRITE_EXHAUSTED_PRIMALITY_UNASSIGNED,513,512,512,NO_RECORDED_FACTOR_PRP_OR_LL_RESULT_AND_NO_ACTIVE_GIMPS_ASSIGNMENT,2026-08-08T19:16:24+00:00,UNALLOCATED,,,,,
SLCMP700-3776,3776,3777,317439247,2^317439247-1,STRUCTURAL_SCREEN_EXHAUSTED_PRIMALITY_UNASSIGNED,GF3A_DIRECTIONAL_WRITE_EXHAUSTED_PRIMALITY_UNASSIGNED,514,512,512,NO_RECORDED_FACTOR_PRP_OR_LL_RESULT_AND_NO_ACTIVE_GIMPS_ASSIGNMENT,2026-08-08T19:16:24+00:00,UNALLOCATED,,,,,
SLCMP700-3777,3777,3778,317439323,2^317439323-1,STRUCTURAL_SCREEN_EXHAUSTED_PRIMALITY_UNASSIGNED,GF3A_DIRECTIONAL_WRITE_EXHAUSTED_PRIMALITY_UNASSIGNED,514,512,512,NO_RECORDED_FACTOR_PRP_OR_LL_RESULT_AND_NO_ACTIVE_GIMPS_ASSIGNMENT,2026-08-08T19:16:24+00:00,UNALLOCATED,,,,,
SLCMP700-3778,3778,3779,317439337,2^317439337-1,STRUCTURAL_SCREEN_EXHAUSTED_PRIMALITY_UNASSIGNED,GF3A_DIRECTIONAL_WRITE_EXHAUSTED_PRIMALITY_UNASSIGNED,513,512,512,NO_RECORDED_FACTOR_PRP_OR_LL_RESULT_AND_NO_ACTIVE_GIMPS_ASSIGNMENT,2026-08-08T19:16:24+00:00,UNALLOCATED,,,,,
SLCMP700-3779,3779,3780,317439347,2^317439347-1,STRUCTURAL_SCREEN_EXHAUSTED_PRIMALITY_UNASSIGNED,GF3A_DIRECTIONAL_WRITE_EXHAUSTED_PRIMALITY_UNASSIGNED,514,512,512,NO_RECORDED_FACTOR_PRP_OR_LL_RESULT_AND_NO_ACTIVE_GIMPS_ASSIGNMENT,2026-08-08T19:16:24+00:00,UNALLOCATED,,,,,
SLCMP700-3780,3780,3781,317439503,2^317439503-1,STRUCTURAL_SCREEN_EXHAUSTED_PRIMALITY_UNASSIGNED,GF3A_DIRECTIONAL_WRITE_EXHAUSTED_PRIMALITY_UNASSIGNED,514,512,512,NO_RECORDED_FACTOR_PRP_OR_LL_RESULT_AND_NO_ACTIVE_GIMPS_ASSIGNMENT,2026-08-08T19:16:24+00:00,UNALLOCATED,,,,,
SLCMP700-3781,3781,3782,317439611,2^317439611-1,STRUCTURAL_SCREEN_EXHAUSTED_PRIMALITY_UNASSIGNED,GF3A_DIRECTIONAL_WRITE_EXHAUSTED_PRIMALITY_UNASSIGNED,514,512,512,NO_RECORDED_FACTOR_PRP_OR_LL_RESULT_AND_NO_ACTIVE_GIMPS_ASSIGNMENT,2026-08-08T19:16:24+00:00,UNALLOCATED,,,,,
SLCMP700-3782,3782,3783,317439709,2^317439709-1,STRUCTURAL_SCREEN_EXHAUSTED_PRIMALITY_UNASSIGNED,GF3A_DIRECTIONAL_WRITE_EXHAUSTED_PRIMALITY_UNASSIGNED,513,512,512,NO_RECORDED_FACTOR_PRP_OR_LL_RESULT_AND_NO_ACTIVE_GIMPS_ASSIGNMENT,2026-08-08T19:16:24+00:00,UNALLOCATED,,,,,
SLCMP700-3783,3783,3784,317439893,2^317439893-1,STRUCTURAL_SCREEN_EXHAUSTED_PRIMALITY_UNASSIGNED,GF3A_DIRECTIONAL_WRITE_EXHAUSTED_PRIMALITY_UNASSIGNED,513,512,512,NO_RECORDED_FACTOR_PRP_OR_LL_RESULT_AND_NO_ACTIVE_GIMPS_ASSIGNMENT,2026-08-08T19:16:24+00:00,UNALLOCATED,,,,,
SLCMP700-3784,3784,3785,317439919,2^317439919-1,STRUCTURAL_SCREEN_EXHAUSTED_PRIMALITY_UNASSIGNED,GF3A_DIRECTIONAL_WRITE_EXHAUSTED_PRIMALITY_UNASSIGNED,514,512,512,NO_RECORDED_FACTOR_PRP_OR_LL_RESULT_AND_NO_ACTIVE_GIMPS_ASSIGNMENT,2026-08-08T19:16:24+00:00,UNALLOCATED,,,,,
SLCMP700-3785,3785,3786,317439931,2^317439931-1,STRUCTURAL_SCREEN_EXHAUSTED_PRIMALITY_UNASSIGNED,GF3A_DIRECTIONAL_WRITE_EXHAUSTED_PRIMALITY_UNASSIGNED,514,512,512,NO_RECORDED_FACTOR_PRP_OR_LL_RESULT_AND_NO_ACTIVE_GIMPS_ASSIGNMENT,2026-08-08T19:16:24+00:00,UNALLOCATED,,,,,
SLCMP700-3786,3786,3787,317439943,2^317439943-1,STRUCTURAL_SCREEN_EXHAUSTED_PRIMALITY_UNASSIGNED,GF3A_DIRECTIONAL_WRITE_EXHAUSTED_PRIMALITY_UNASSIGNED,514,512,512,NO_RECORDED_FACTOR_PRP_OR_LL_RESULT_AND_NO_ACTIVE_GIMPS_ASSIGNMENT,2026-08-08T19:16:24+00:00,UNALLOCATED,,,,,
SLCMP700-3787,3787,3788,317440007,2^317440007-1,STRUCTURAL_SCREEN_EXHAUSTED_PRIMALITY_UNASSIGNED,GF3A_DIRECTIONAL_WRITE_EXHAUSTED_PRIMALITY_UNASSIGNED,514,512,512,NO_RECORDED_FACTOR_PRP_OR_LL_RESULT_AND_NO_ACTIVE_GIMPS_ASSIGNMENT,2026-08-08T19:16:24+00:00,UNALLOCATED,,,,,
SLCMP700-3788,3788,3789,317440069,2^317440069-1,STRUCTURAL_SCREEN_EXHAUSTED_PRIMALITY_UNASSIGNED,GF3A_DIRECTIONAL_WRITE_EXHAUSTED_PRIMALITY_UNASSIGNED,513,512,512,NO_RECORDED_FACTOR_PRP_OR_LL_RESULT_AND_NO_ACTIVE_GIMPS_ASSIGNMENT,2026-08-08T19:16:24+00:00,UNALLOCATED,,,,,
SLCMP700-3789,3789,3790,317440159,2^317440159-1,STRUCTURAL_SCREEN_EXHAUSTED_PRIMALITY_UNASSIGNED,GF3A_DIRECTIONAL_WRITE_EXHAUSTED_PRIMALITY_UNASSIGNED,514,512,512,NO_RECORDED_FACTOR_PRP_OR_LL_RESULT_AND_NO_ACTIVE_GIMPS_ASSIGNMENT,2026-08-08T19:16:24+00:00,UNALLOCATED,,,,,
SLCMP700-3790,3790,3791,317440241,2^317440241-1,STRUCTURAL_SCREEN_EXHAUSTED_PRIMALITY_UNASSIGNED,GF3A_DIRECTIONAL_WRITE_EXHAUSTED_PRIMALITY_UNASSIGNED,513,512,512,NO_RECORDED_FACTOR_PRP_OR_LL_RESULT_AND_NO_ACTIVE_GIMPS_ASSIGNMENT,2026-08-08T19:16:24+00:00,UNALLOCATED,,,,,
SLCMP700-3791,3791,3792,317440261,2^317440261-1,STRUCTURAL_SCREEN_EXHAUSTED_PRIMALITY_UNASSIGNED,GF3A_DIRECTIONAL_WRITE_EXHAUSTED_PRIMALITY_UNASSIGNED,513,512,512,NO_RECORDED_FACTOR_PRP_OR_LL_RESULT_AND_NO_ACTIVE_GIMPS_ASSIGNMENT,2026-08-08T19:16:24+00:00,UNALLOCATED,,,,,
SLCMP700-3792,3792,3793,317440283,2^317440283-1,STRUCTURAL_SCREEN_EXHAUSTED_PRIMALITY_UNASSIGNED,GF3A_DIRECTIONAL_WRITE_EXHAUSTED_PRIMALITY_UNASSIGNED,514,512,512,NO_RECORDED_FACTOR_PRP_OR_LL_RESULT_AND_NO_ACTIVE_GIMPS_ASSIGNMENT,2026-08-08T19:16:24+00:00,UNALLOCATED,,,,,
SLCMP700-3793,3793,3794,317440289,2^317440289-1,STRUCTURAL_SCREEN_EXHAUSTED_PRIMALITY_UNASSIGNED,GF3A_DIRECTIONAL_WRITE_EXHAUSTED_PRIMALITY_UNASSIGNED,513,512,512,NO_RECORDED_FACTOR_PRP_OR_LL_RESULT_AND_NO_ACTIVE_GIMPS_ASSIGNMENT,2026-08-08T19:16:24+00:00,UNALLOCATED,,,,,
SLCMP700-3794,3794,3795,317440297,2^317440297-1,STRUCTURAL_SCREEN_EXHAUSTED_PRIMALITY_UNASSIGNED,GF3A_DIRECTIONAL_WRITE_EXHAUSTED_PRIMALITY_UNASSIGNED,513,512,512,NO_RECORDED_FACTOR_PRP_OR_LL_RESULT_AND_NO_ACTIVE_GIMPS_ASSIGNMENT,2026-08-08T19:16:24+00:00,UNALLOCATED,,,,,
SLCMP700-3795,3795,3796,317440309,2^317440309-1,STRUCTURAL_SCREEN_EXHAUSTED_PRIMALITY_UNASSIGNED,GF3A_DIRECTIONAL_WRITE_EXHAUSTED_PRIMALITY_UNASSIGNED,513,512,512,NO_RECORDED_FACTOR_PRP_OR_LL_RESULT_AND_NO_ACTIVE_GIMPS_ASSIGNMENT,2026-08-08T19:16:24+00:00,UNALLOCATED,,,,,
SLCMP700-3796,3796,3797,317440369,2^317440369-1,STRUCTURAL_SCREEN_EXHAUSTED_PRIMALITY_UNASSIGNED,GF3A_DIRECTIONAL_WRITE_EXHAUSTED_PRIMALITY_UNASSIGNED,513,512,512,NO_RECORDED_FACTOR_PRP_OR_LL_RESULT_AND_NO_ACTIVE_GIMPS_ASSIGNMENT,2026-08-08T19:16:24+00:00,UNALLOCATED,,,,,
SLCMP700-3797,3797,3798,317440423,2^317440423-1,STRUCTURAL_SCREEN_EXHAUSTED_PRIMALITY_UNASSIGNED,GF3A_DIRECTIONAL_WRITE_EXHAUSTED_PRIMALITY_UNASSIGNED,514,512,512,NO_RECORDED_FACTOR_PRP_OR_LL_RESULT_AND_NO_ACTIVE_GIMPS_ASSIGNMENT,2026-08-08T19:16:24+00:00,UNALLOCATED,,,,,
SLCMP700-3798,3798,3799,317440433,2^317440433-1,STRUCTURAL_SCREEN_EXHAUSTED_PRIMALITY_UNASSIGNED,GF3A_DIRECTIONAL_WRITE_EXHAUSTED_PRIMALITY_UNASSIGNED,513,512,512,NO_RECORDED_FACTOR_PRP_OR_LL_RESULT_AND_NO_ACTIVE_GIMPS_ASSIGNMENT,2026-08-08T19:16:24+00:00,UNALLOCATED,,,,,
SLCMP700-3799,3799,3800,317440567,2^317440567-1,STRUCTURAL_SCREEN_EXHAUSTED_PRIMALITY_UNASSIGNED,GF3A_DIRECTIONAL_WRITE_EXHAUSTED_PRIMALITY_UNASSIGNED,514,512,512,NO_RECORDED_FACTOR_PRP_OR_LL_RESULT_AND_NO_ACTIVE_GIMPS_ASSIGNMENT,2026-08-08T19:16:24+00:00,UNALLOCATED,,,,,
SLCMP700-3800,3800,3801,317440667,2^317440667-1,STRUCTURAL_SCREEN_EXHAUSTED_PRIMALITY_UNASSIGNED,GF3A_DIRECTIONAL_WRITE_EXHAUSTED_PRIMALITY_UNASSIGNED,514,512,512,NO_RECORDED_FACTOR_PRP_OR_LL_RESULT_AND_NO_ACTIVE_GIMPS_ASSIGNMENT,2026-08-08T19:16:24+00:00,UNALLOCATED,,,,,
SLCMP700-3801,3801,3802,317440759,2^317440759-1,STRUCTURAL_SCREEN_EXHAUSTED_PRIMALITY_UNASSIGNED,GF3A_DIRECTIONAL_WRITE_EXHAUSTED_PRIMALITY_UNASSIGNED,514,512,512,NO_RECORDED_FACTOR_PRP_OR_LL_RESULT_AND_NO_ACTIVE_GIMPS_ASSIGNMENT,2026-08-08T19:16:24+00:00,UNALLOCATED,,,,,
SLCMP700-3802,3802,3803,317440909,2^317440909-1,STRUCTURAL_SCREEN_EXHAUSTED_PRIMALITY_UNASSIGNED,GF3A_DIRECTIONAL_WRITE_EXHAUSTED_PRIMALITY_UNASSIGNED,513,512,512,NO_RECORDED_FACTOR_PRP_OR_LL_RESULT_AND_NO_ACTIVE_GIMPS_ASSIGNMENT,2026-08-08T19:16:24+00:00,UNALLOCATED,,,,,
SLCMP700-3803,3803,3804,317440913,2^317440913-1,STRUCTURAL_SCREEN_EXHAUSTED_PRIMALITY_UNASSIGNED,GF3A_DIRECTIONAL_WRITE_EXHAUSTED_PRIMALITY_UNASSIGNED,513,512,512,NO_RECORDED_FACTOR_PRP_OR_LL_RESULT_AND_NO_ACTIVE_GIMPS_ASSIGNMENT,2026-08-08T19:16:24+00:00,UNALLOCATED,,,,,
SLCMP700-3804,3804,3805,317440951,2^317440951-1,STRUCTURAL_SCREEN_EXHAUSTED_PRIMALITY_UNASSIGNED,GF3A_DIRECTIONAL_WRITE_EXHAUSTED_PRIMALITY_UNASSIGNED,514,512,512,NO_RECORDED_FACTOR_PRP_OR_LL_RESULT_AND_NO_ACTIVE_GIMPS_ASSIGNMENT,2026-08-08T19:16:24+00:00,UNALLOCATED,,,,,
SLCMP700-3805,3805,3806,317440967,2^317440967-1,STRUCTURAL_SCREEN_EXHAUSTED_PRIMALITY_UNASSIGNED,GF3A_DIRECTIONAL_WRITE_EXHAUSTED_PRIMALITY_UNASSIGNED,514,512,512,NO_RECORDED_FACTOR_PRP_OR_LL_RESULT_AND_NO_ACTIVE_GIMPS_ASSIGNMENT,2026-08-08T19:16:24+00:00,UNALLOCATED,,,,,
SLCMP700-3806,3806,3807,317440979,2^317440979-1,STRUCTURAL_SCREEN_EXHAUSTED_PRIMALITY_UNASSIGNED,GF3A_DIRECTIONAL_WRITE_EXHAUSTED_PRIMALITY_UNASSIGNED,514,512,512,NO_RECORDED_FACTOR_PRP_OR_LL_RESULT_AND_NO_ACTIVE_GIMPS_ASSIGNMENT,2026-08-08T19:16:24+00:00,UNALLOCATED,,,,,
SLCMP700-3807,3807,3808,317441099,2^317441099-1,STRUCTURAL_SCREEN_EXHAUSTED_PRIMALITY_UNASSIGNED,GF3A_DIRECTIONAL_WRITE_EXHAUSTED_PRIMALITY_UNASSIGNED,514,512,512,NO_RECORDED_FACTOR_PRP_OR_LL_RESULT_AND_NO_ACTIVE_GIMPS_ASSIGNMENT,2026-08-08T19:16:24+00:00,UNALLOCATED,,,,,
SLCMP700-3808,3808,3809,317441141,2^317441141-1,STRUCTURAL_SCREEN_EXHAUSTED_PRIMALITY_UNASSIGNED,GF3A_DIRECTIONAL_WRITE_EXHAUSTED_PRIMALITY_UNASSIGNED,513,512,512,NO_RECORDED_FACTOR_PRP_OR_LL_RESULT_AND_NO_ACTIVE_GIMPS_ASSIGNMENT,2026-08-08T19:16:24+00:00,UNALLOCATED,,,,,
SLCMP700-3809,3809,3810,317441321,2^317441321-1,STRUCTURAL_SCREEN_EXHAUSTED_PRIMALITY_UNASSIGNED,GF3A_DIRECTIONAL_WRITE_EXHAUSTED_PRIMALITY_UNASSIGNED,513,512,512,NO_RECORDED_FACTOR_PRP_OR_LL_RESULT_AND_NO_ACTIVE_GIMPS_ASSIGNMENT,2026-08-08T19:16:24+00:00,UNALLOCATED,,,,,
SLCMP700-3810,3810,3811,317441329,2^317441329-1,STRUCTURAL_SCREEN_EXHAUSTED_PRIMALITY_UNASSIGNED,GF3A_DIRECTIONAL_WRITE_EXHAUSTED_PRIMALITY_UNASSIGNED,513,512,512,NO_RECORDED_FACTOR_PRP_OR_LL_RESULT_AND_NO_ACTIVE_GIMPS_ASSIGNMENT,2026-08-08T19:16:24+00:00,UNALLOCATED,,,,,
SLCMP700-3811,3811,3812,317441401,2^317441401-1,STRUCTURAL_SCREEN_EXHAUSTED_PRIMALITY_UNASSIGNED,GF3A_DIRECTIONAL_WRITE_EXHAUSTED_PRIMALITY_UNASSIGNED,513,512,512,NO_RECORDED_FACTOR_PRP_OR_LL_RESULT_AND_NO_ACTIVE_GIMPS_ASSIGNMENT,2026-08-08T19:16:24+00:00,UNALLOCATED,,,,,
SLCMP700-3812,3812,3813,317441573,2^317441573-1,STRUCTURAL_SCREEN_EXHAUSTED_PRIMALITY_UNASSIGNED,GF3A_DIRECTIONAL_WRITE_EXHAUSTED_PRIMALITY_UNASSIGNED,513,512,512,NO_RECORDED_FACTOR_PRP_OR_LL_RESULT_AND_NO_ACTIVE_GIMPS_ASSIGNMENT,2026-08-08T19:16:24+00:00,UNALLOCATED,,,,,
SLCMP700-3813,3813,3814,317441591,2^317441591-1,STRUCTURAL_SCREEN_EXHAUSTED_PRIMALITY_UNASSIGNED,GF3A_DIRECTIONAL_WRITE_EXHAUSTED_PRIMALITY_UNASSIGNED,514,512,512,NO_RECORDED_FACTOR_PRP_OR_LL_RESULT_AND_NO_ACTIVE_GIMPS_ASSIGNMENT,2026-08-08T19:16:24+00:00,UNALLOCATED,,,,,
SLCMP700-3814,3814,3815,317441737,2^317441737-1,STRUCTURAL_SCREEN_EXHAUSTED_PRIMALITY_UNASSIGNED,GF3A_DIRECTIONAL_WRITE_EXHAUSTED_PRIMALITY_UNASSIGNED,513,512,512,NO_RECORDED_FACTOR_PRP_OR_LL_RESULT_AND_NO_ACTIVE_GIMPS_ASSIGNMENT,2026-08-08T19:16:24+00:00,UNALLOCATED,,,,,
SLCMP700-3815,3815,3816,317441827,2^317441827-1,STRUCTURAL_SCREEN_EXHAUSTED_PRIMALITY_UNASSIGNED,GF3A_DIRECTIONAL_WRITE_EXHAUSTED_PRIMALITY_UNASSIGNED,514,512,512,NO_RECORDED_FACTOR_PRP_OR_LL_RESULT_AND_NO_ACTIVE_GIMPS_ASSIGNMENT,2026-08-08T19:16:24+00:00,UNALLOCATED,,,,,
SLCMP700-3816,3816,3817,317441851,2^317441851-1,STRUCTURAL_SCREEN_EXHAUSTED_PRIMALITY_UNASSIGNED,GF3A_DIRECTIONAL_WRITE_EXHAUSTED_PRIMALITY_UNASSIGNED,514,512,512,NO_RECORDED_FACTOR_PRP_OR_LL_RESULT_AND_NO_ACTIVE_GIMPS_ASSIGNMENT,2026-08-08T19:16:24+00:00,UNALLOCATED,,,,,
SLCMP700-3817,3817,3818,317441863,2^317441863-1,STRUCTURAL_SCREEN_EXHAUSTED_PRIMALITY_UNASSIGNED,GF3A_DIRECTIONAL_WRITE_EXHAUSTED_PRIMALITY_UNASSIGNED,514,512,512,NO_RECORDED_FACTOR_PRP_OR_LL_RESULT_AND_NO_ACTIVE_GIMPS_ASSIGNMENT,2026-08-08T19:16:24+00:00,UNALLOCATED,,,,,
SLCMP700-3818,3818,3819,317441921,2^317441921-1,STRUCTURAL_SCREEN_EXHAUSTED_PRIMALITY_UNASSIGNED,GF3A_DIRECTIONAL_WRITE_EXHAUSTED_PRIMALITY_UNASSIGNED,513,512,512,NO_RECORDED_FACTOR_PRP_OR_LL_RESULT_AND_NO_ACTIVE_GIMPS_ASSIGNMENT,2026-08-08T19:16:24+00:00,UNALLOCATED,,,,,
SLCMP700-3819,3819,3820,317441939,2^317441939-1,STRUCTURAL_SCREEN_EXHAUSTED_PRIMALITY_UNASSIGNED,GF3A_DIRECTIONAL_WRITE_EXHAUSTED_PRIMALITY_UNASSIGNED,514,512,512,NO_RECORDED_FACTOR_PRP_OR_LL_RESULT_AND_NO_ACTIVE_GIMPS_ASSIGNMENT,2026-08-08T19:16:24+00:00,UNALLOCATED,,,,,
SLCMP700-3820,3820,3821,317442079,2^317442079-1,STRUCTURAL_SCREEN_EXHAUSTED_PRIMALITY_UNASSIGNED,GF3A_DIRECTIONAL_WRITE_EXHAUSTED_PRIMALITY_UNASSIGNED,514,512,512,NO_RECORDED_FACTOR_PRP_OR_LL_RESULT_AND_NO_ACTIVE_GIMPS_ASSIGNMENT,2026-08-08T19:16:24+00:00,UNALLOCATED,,,,,
SLCMP700-3821,3821,3822,317442121,2^317442121-1,STRUCTURAL_SCREEN_EXHAUSTED_PRIMALITY_UNASSIGNED,GF3A_DIRECTIONAL_WRITE_EXHAUSTED_PRIMALITY_UNASSIGNED,513,512,512,NO_RECORDED_FACTOR_PRP_OR_LL_RESULT_AND_NO_ACTIVE_GIMPS_ASSIGNMENT,2026-08-08T19:16:24+00:00,UNALLOCATED,,,,,
SLCMP700-3822,3822,3823,317442161,2^317442161-1,STRUCTURAL_SCREEN_EXHAUSTED_PRIMALITY_UNASSIGNED,GF3A_DIRECTIONAL_WRITE_EXHAUSTED_PRIMALITY_UNASSIGNED,513,512,512,NO_RECORDED_FACTOR_PRP_OR_LL_RESULT_AND_NO_ACTIVE_GIMPS_ASSIGNMENT,2026-08-08T19:16:24+00:00,UNALLOCATED,,,,,
SLCMP700-3823,3823,3824,317442197,2^317442197-1,STRUCTURAL_SCREEN_EXHAUSTED_PRIMALITY_UNASSIGNED,GF3A_DIRECTIONAL_WRITE_EXHAUSTED_PRIMALITY_UNASSIGNED,513,512,512,NO_RECORDED_FACTOR_PRP_OR_LL_RESULT_AND_NO_ACTIVE_GIMPS_ASSIGNMENT,2026-08-08T19:16:24+00:00,UNALLOCATED,,,,,
SLCMP700-3824,3824,3825,317442331,2^317442331-1,STRUCTURAL_SCREEN_EXHAUSTED_PRIMALITY_UNASSIGNED,GF3A_DIRECTIONAL_WRITE_EXHAUSTED_PRIMALITY_UNASSIGNED,514,512,512,NO_RECORDED_FACTOR_PRP_OR_LL_RESULT_AND_NO_ACTIVE_GIMPS_ASSIGNMENT,2026-08-08T19:16:24+00:00,UNALLOCATED,,,,,
SLCMP700-3825,3825,3826,317442397,2^317442397-1,STRUCTURAL_SCREEN_EXHAUSTED_PRIMALITY_UNASSIGNED,GF3A_DIRECTIONAL_WRITE_EXHAUSTED_PRIMALITY_UNASSIGNED,513,512,512,NO_RECORDED_FACTOR_PRP_OR_LL_RESULT_AND_NO_ACTIVE_GIMPS_ASSIGNMENT,2026-08-08T19:16:24+00:00,UNALLOCATED,,,,,
SLCMP700-3826,3826,3827,317442467,2^317442467-1,STRUCTURAL_SCREEN_EXHAUSTED_PRIMALITY_UNASSIGNED,GF3A_DIRECTIONAL_WRITE_EXHAUSTED_PRIMALITY_UNASSIGNED,514,512,512,NO_RECORDED_FACTOR_PRP_OR_LL_RESULT_AND_NO_ACTIVE_GIMPS_ASSIGNMENT,2026-08-08T19:16:24+00:00,UNALLOCATED,,,,,
SLCMP700-3827,3827,3828,317442569,2^317442569-1,STRUCTURAL_SCREEN_EXHAUSTED_PRIMALITY_UNASSIGNED,GF3A_DIRECTIONAL_WRITE_EXHAUSTED_PRIMALITY_UNASSIGNED,513,512,512,NO_RECORDED_FACTOR_PRP_OR_LL_RESULT_AND_NO_ACTIVE_GIMPS_ASSIGNMENT,2026-08-08T19:16:24+00:00,UNALLOCATED,,,,,
SLCMP700-3828,3828,3829,317442637,2^317442637-1,STRUCTURAL_SCREEN_EXHAUSTED_PRIMALITY_UNASSIGNED,GF3A_DIRECTIONAL_WRITE_EXHAUSTED_PRIMALITY_UNASSIGNED,513,512,512,NO_RECORDED_FACTOR_PRP_OR_LL_RESULT_AND_NO_ACTIVE_GIMPS_ASSIGNMENT,2026-08-08T19:16:24+00:00,UNALLOCATED,,,,,
SLCMP700-3829,3829,3830,317442707,2^317442707-1,STRUCTURAL_SCREEN_EXHAUSTED_PRIMALITY_UNASSIGNED,GF3A_DIRECTIONAL_WRITE_EXHAUSTED_PRIMALITY_UNASSIGNED,514,512,512,NO_RECORDED_FACTOR_PRP_OR_LL_RESULT_AND_NO_ACTIVE_GIMPS_ASSIGNMENT,2026-08-08T19:16:24+00:00,UNALLOCATED,,,,,
SLCMP700-3830,3830,3831,317442739,2^317442739-1,STRUCTURAL_SCREEN_EXHAUSTED_PRIMALITY_UNASSIGNED,GF3A_DIRECTIONAL_WRITE_EXHAUSTED_PRIMALITY_UNASSIGNED,514,512,512,NO_RECORDED_FACTOR_PRP_OR_LL_RESULT_AND_NO_ACTIVE_GIMPS_ASSIGNMENT,2026-08-08T19:16:24+00:00,UNALLOCATED,,,,,
SLCMP700-3831,3831,3832,317442781,2^317442781-1,STRUCTURAL_SCREEN_EXHAUSTED_PRIMALITY_UNASSIGNED,GF3A_DIRECTIONAL_WRITE_EXHAUSTED_PRIMALITY_UNASSIGNED,513,512,512,NO_RECORDED_FACTOR_PRP_OR_LL_RESULT_AND_NO_ACTIVE_GIMPS_ASSIGNMENT,2026-08-08T19:16:24+00:00,UNALLOCATED,,,,,
SLCMP700-3832,3832,3833,317442809,2^317442809-1,STRUCTURAL_SCREEN_EXHAUSTED_PRIMALITY_UNASSIGNED,GF3A_DIRECTIONAL_WRITE_EXHAUSTED_PRIMALITY_UNASSIGNED,513,512,512,NO_RECORDED_FACTOR_PRP_OR_LL_RESULT_AND_NO_ACTIVE_GIMPS_ASSIGNMENT,2026-08-08T19:16:24+00:00,UNALLOCATED,,,,,
SLCMP700-3833,3833,3834,317442847,2^317442847-1,STRUCTURAL_SCREEN_EXHAUSTED_PRIMALITY_UNASSIGNED,GF3A_DIRECTIONAL_WRITE_EXHAUSTED_PRIMALITY_UNASSIGNED,514,512,512,NO_RECORDED_FACTOR_PRP_OR_LL_RESULT_AND_NO_ACTIVE_GIMPS_ASSIGNMENT,2026-08-08T19:16:24+00:00,UNALLOCATED,,,,,
SLCMP700-3834,3834,3835,317442857,2^317442857-1,STRUCTURAL_SCREEN_EXHAUSTED_PRIMALITY_UNASSIGNED,GF3A_DIRECTIONAL_WRITE_EXHAUSTED_PRIMALITY_UNASSIGNED,513,512,512,NO_RECORDED_FACTOR_PRP_OR_LL_RESULT_AND_NO_ACTIVE_GIMPS_ASSIGNMENT,2026-08-08T19:16:24+00:00,UNALLOCATED,,,,,
SLCMP700-3835,3835,3836,317442911,2^317442911-1,STRUCTURAL_SCREEN_EXHAUSTED_PRIMALITY_UNASSIGNED,GF3A_DIRECTIONAL_WRITE_EXHAUSTED_PRIMALITY_UNASSIGNED,514,512,512,NO_RECORDED_FACTOR_PRP_OR_LL_RESULT_AND_NO_ACTIVE_GIMPS_ASSIGNMENT,2026-08-08T19:16:24+00:00,UNALLOCATED,,,,,
SLCMP700-3836,3836,3837,317442947,2^317442947-1,STRUCTURAL_SCREEN_EXHAUSTED_PRIMALITY_UNASSIGNED,GF3A_DIRECTIONAL_WRITE_EXHAUSTED_PRIMALITY_UNASSIGNED,514,512,512,NO_RECORDED_FACTOR_PRP_OR_LL_RESULT_AND_NO_ACTIVE_GIMPS_ASSIGNMENT,2026-08-08T19:16:24+00:00,UNALLOCATED,,,,,
SLCMP700-3837,3837,3838,317442967,2^317442967-1,STRUCTURAL_SCREEN_EXHAUSTED_PRIMALITY_UNASSIGNED,GF3A_DIRECTIONAL_WRITE_EXHAUSTED_PRIMALITY_UNASSIGNED,514,512,512,NO_RECORDED_FACTOR_PRP_OR_LL_RESULT_AND_NO_ACTIVE_GIMPS_ASSIGNMENT,2026-08-08T19:16:24+00:00,UNALLOCATED,,,,,
SLCMP700-3838,3838,3839,317443003,2^317443003-1,STRUCTURAL_SCREEN_EXHAUSTED_PRIMALITY_UNASSIGNED,GF3A_DIRECTIONAL_WRITE_EXHAUSTED_PRIMALITY_UNASSIGNED,514,512,512,NO_RECORDED_FACTOR_PRP_OR_LL_RESULT_AND_NO_ACTIVE_GIMPS_ASSIGNMENT,2026-08-08T19:16:24+00:00,UNALLOCATED,,,,,
SLCMP700-3839,3839,3840,317443037,2^317443037-1,STRUCTURAL_SCREEN_EXHAUSTED_PRIMALITY_UNASSIGNED,GF3A_DIRECTIONAL_WRITE_EXHAUSTED_PRIMALITY_UNASSIGNED,513,512,512,NO_RECORDED_FACTOR_PRP_OR_LL_RESULT_AND_NO_ACTIVE_GIMPS_ASSIGNMENT,2026-08-08T19:16:24+00:00,UNALLOCATED,,,,,
SLCMP700-3840,3840,3841,317443067,2^317443067-1,STRUCTURAL_SCREEN_EXHAUSTED_PRIMALITY_UNASSIGNED,GF3A_DIRECTIONAL_WRITE_EXHAUSTED_PRIMALITY_UNASSIGNED,514,512,512,NO_RECORDED_FACTOR_PRP_OR_LL_RESULT_AND_NO_ACTIVE_GIMPS_ASSIGNMENT,2026-08-08T19:16:24+00:00,UNALLOCATED,,,,,
SLCMP700-3841,3841,3842,317443151,2^317443151-1,STRUCTURAL_SCREEN_EXHAUSTED_PRIMALITY_UNASSIGNED,GF3A_DIRECTIONAL_WRITE_EXHAUSTED_PRIMALITY_UNASSIGNED,514,512,512,NO_RECORDED_FACTOR_PRP_OR_LL_RESULT_AND_NO_ACTIVE_GIMPS_ASSIGNMENT,2026-08-08T19:16:24+00:00,UNALLOCATED,,,,,
SLCMP700-3842,3842,3843,317443169,2^317443169-1,STRUCTURAL_SCREEN_EXHAUSTED_PRIMALITY_UNASSIGNED,GF3A_DIRECTIONAL_WRITE_EXHAUSTED_PRIMALITY_UNASSIGNED,513,512,512,NO_RECORDED_FACTOR_PRP_OR_LL_RESULT_AND_NO_ACTIVE_GIMPS_ASSIGNMENT,2026-08-08T19:16:24+00:00,UNALLOCATED,,,,,
SLCMP700-3843,3843,3844,317443183,2^317443183-1,STRUCTURAL_SCREEN_EXHAUSTED_PRIMALITY_UNASSIGNED,GF3A_DIRECTIONAL_WRITE_EXHAUSTED_PRIMALITY_UNASSIGNED,514,512,512,NO_RECORDED_FACTOR_PRP_OR_LL_RESULT_AND_NO_ACTIVE_GIMPS_ASSIGNMENT,2026-08-08T19:16:24+00:00,UNALLOCATED,,,,,
SLCMP700-3844,3844,3845,317443349,2^317443349-1,STRUCTURAL_SCREEN_EXHAUSTED_PRIMALITY_UNASSIGNED,GF3A_DIRECTIONAL_WRITE_EXHAUSTED_PRIMALITY_UNASSIGNED,513,512,512,NO_RECORDED_FACTOR_PRP_OR_LL_RESULT_AND_NO_ACTIVE_GIMPS_ASSIGNMENT,2026-08-08T19:16:24+00:00,UNALLOCATED,,,,,
SLCMP700-3845,3845,3846,317443417,2^317443417-1,STRUCTURAL_SCREEN_EXHAUSTED_PRIMALITY_UNASSIGNED,GF3A_DIRECTIONAL_WRITE_EXHAUSTED_PRIMALITY_UNASSIGNED,513,512,512,NO_RECORDED_FACTOR_PRP_OR_LL_RESULT_AND_NO_ACTIVE_GIMPS_ASSIGNMENT,2026-08-08T19:16:24+00:00,UNALLOCATED,,,,,
SLCMP700-3846,3846,3847,317443429,2^317443429-1,STRUCTURAL_SCREEN_EXHAUSTED_PRIMALITY_UNASSIGNED,GF3A_DIRECTIONAL_WRITE_EXHAUSTED_PRIMALITY_UNASSIGNED,513,512,512,NO_RECORDED_FACTOR_PRP_OR_LL_RESULT_AND_NO_ACTIVE_GIMPS_ASSIGNMENT,2026-08-08T19:16:24+00:00,UNALLOCATED,,,,,
SLCMP700-3847,3847,3848,317443517,2^317443517-1,STRUCTURAL_SCREEN_EXHAUSTED_PRIMALITY_UNASSIGNED,GF3A_DIRECTIONAL_WRITE_EXHAUSTED_PRIMALITY_UNASSIGNED,513,512,512,NO_RECORDED_FACTOR_PRP_OR_LL_RESULT_AND_NO_ACTIVE_GIMPS_ASSIGNMENT,2026-08-08T19:16:24+00:00,UNALLOCATED,,,,,
SLCMP700-3848,3848,3849,317443559,2^317443559-1,STRUCTURAL_SCREEN_EXHAUSTED_PRIMALITY_UNASSIGNED,GF3A_DIRECTIONAL_WRITE_EXHAUSTED_PRIMALITY_UNASSIGNED,514,512,512,NO_RECORDED_FACTOR_PRP_OR_LL_RESULT_AND_NO_ACTIVE_GIMPS_ASSIGNMENT,2026-08-08T19:16:24+00:00,UNALLOCATED,,,,,
SLCMP700-3849,3849,3850,317443579,2^317443579-1,STRUCTURAL_SCREEN_EXHAUSTED_PRIMALITY_UNASSIGNED,GF3A_DIRECTIONAL_WRITE_EXHAUSTED_PRIMALITY_UNASSIGNED,514,512,512,NO_RECORDED_FACTOR_PRP_OR_LL_RESULT_AND_NO_ACTIVE_GIMPS_ASSIGNMENT,2026-08-08T19:16:24+00:00,UNALLOCATED,,,,,
SLCMP700-3850,3850,3851,317443663,2^317443663-1,STRUCTURAL_SCREEN_EXHAUSTED_PRIMALITY_UNASSIGNED,GF3A_DIRECTIONAL_WRITE_EXHAUSTED_PRIMALITY_UNASSIGNED,514,512,512,NO_RECORDED_FACTOR_PRP_OR_LL_RESULT_AND_NO_ACTIVE_GIMPS_ASSIGNMENT,2026-08-08T19:16:24+00:00,UNALLOCATED,,,,,
SLCMP700-3851,3851,3852,317443691,2^317443691-1,STRUCTURAL_SCREEN_EXHAUSTED_PRIMALITY_UNASSIGNED,GF3A_DIRECTIONAL_WRITE_EXHAUSTED_PRIMALITY_UNASSIGNED,514,512,512,NO_RECORDED_FACTOR_PRP_OR_LL_RESULT_AND_NO_ACTIVE_GIMPS_ASSIGNMENT,2026-08-08T19:16:24+00:00,UNALLOCATED,,,,,
SLCMP700-3852,3852,3853,317443747,2^317443747-1,STRUCTURAL_SCREEN_EXHAUSTED_PRIMALITY_UNASSIGNED,GF3A_DIRECTIONAL_WRITE_EXHAUSTED_PRIMALITY_UNASSIGNED,514,512,512,NO_RECORDED_FACTOR_PRP_OR_LL_RESULT_AND_NO_ACTIVE_GIMPS_ASSIGNMENT,2026-08-08T19:16:24+00:00,UNALLOCATED,,,,,
SLCMP700-3853,3853,3854,317443843,2^317443843-1,STRUCTURAL_SCREEN_EXHAUSTED_PRIMALITY_UNASSIGNED,GF3A_DIRECTIONAL_WRITE_EXHAUSTED_PRIMALITY_UNASSIGNED,514,512,512,NO_RECORDED_FACTOR_PRP_OR_LL_RESULT_AND_NO_ACTIVE_GIMPS_ASSIGNMENT,2026-08-08T19:16:24+00:00,UNALLOCATED,,,,,
SLCMP700-3854,3854,3855,317443943,2^317443943-1,STRUCTURAL_SCREEN_EXHAUSTED_PRIMALITY_UNASSIGNED,GF3A_DIRECTIONAL_WRITE_EXHAUSTED_PRIMALITY_UNASSIGNED,514,512,512,NO_RECORDED_FACTOR_PRP_OR_LL_RESULT_AND_NO_ACTIVE_GIMPS_ASSIGNMENT,2026-08-08T19:16:24+00:00,UNALLOCATED,,,,,
SLCMP700-3855,3855,3856,317443949,2^317443949-1,STRUCTURAL_SCREEN_EXHAUSTED_PRIMALITY_UNASSIGNED,GF3A_DIRECTIONAL_WRITE_EXHAUSTED_PRIMALITY_UNASSIGNED,513,512,512,NO_RECORDED_FACTOR_PRP_OR_LL_RESULT_AND_NO_ACTIVE_GIMPS_ASSIGNMENT,2026-08-08T19:16:24+00:00,UNALLOCATED,,,,,
SLCMP700-3856,3856,3857,317443961,2^317443961-1,STRUCTURAL_SCREEN_EXHAUSTED_PRIMALITY_UNASSIGNED,GF3A_DIRECTIONAL_WRITE_EXHAUSTED_PRIMALITY_UNASSIGNED,513,512,512,NO_RECORDED_FACTOR_PRP_OR_LL_RESULT_AND_NO_ACTIVE_GIMPS_ASSIGNMENT,2026-08-08T19:16:24+00:00,UNALLOCATED,,,,,
SLCMP700-3857,3857,3858,317444003,2^317444003-1,STRUCTURAL_SCREEN_EXHAUSTED_PRIMALITY_UNASSIGNED,GF3A_DIRECTIONAL_WRITE_EXHAUSTED_PRIMALITY_UNASSIGNED,514,512,512,NO_RECORDED_FACTOR_PRP_OR_LL_RESULT_AND_NO_ACTIVE_GIMPS_ASSIGNMENT,2026-08-08T19:16:24+00:00,UNALLOCATED,,,,,
SLCMP700-3858,3858,3859,317444059,2^317444059-1,STRUCTURAL_SCREEN_EXHAUSTED_PRIMALITY_UNASSIGNED,GF3A_DIRECTIONAL_WRITE_EXHAUSTED_PRIMALITY_UNASSIGNED,514,512,512,NO_RECORDED_FACTOR_PRP_OR_LL_RESULT_AND_NO_ACTIVE_GIMPS_ASSIGNMENT,2026-08-08T19:16:24+00:00,UNALLOCATED,,,,,
SLCMP700-3859,3859,3860,317444119,2^317444119-1,STRUCTURAL_SCREEN_EXHAUSTED_PRIMALITY_UNASSIGNED,GF3A_DIRECTIONAL_WRITE_EXHAUSTED_PRIMALITY_UNASSIGNED,514,512,512,NO_RECORDED_FACTOR_PRP_OR_LL_RESULT_AND_NO_ACTIVE_GIMPS_ASSIGNMENT,2026-08-08T19:16:24+00:00,UNALLOCATED,,,,,
SLCMP700-3860,3860,3861,317444161,2^317444161-1,STRUCTURAL_SCREEN_EXHAUSTED_PRIMALITY_UNASSIGNED,GF3A_DIRECTIONAL_WRITE_EXHAUSTED_PRIMALITY_UNASSIGNED,513,512,512,NO_RECORDED_FACTOR_PRP_OR_LL_RESULT_AND_NO_ACTIVE_GIMPS_ASSIGNMENT,2026-08-08T19:16:24+00:00,UNALLOCATED,,,,,
SLCMP700-3861,3861,3862,317444173,2^317444173-1,STRUCTURAL_SCREEN_EXHAUSTED_PRIMALITY_UNASSIGNED,GF3A_DIRECTIONAL_WRITE_EXHAUSTED_PRIMALITY_UNASSIGNED,513,512,512,NO_RECORDED_FACTOR_PRP_OR_LL_RESULT_AND_NO_ACTIVE_GIMPS_ASSIGNMENT,2026-08-08T19:16:24+00:00,UNALLOCATED,,,,,
SLCMP700-3862,3862,3863,317444209,2^317444209-1,STRUCTURAL_SCREEN_EXHAUSTED_PRIMALITY_UNASSIGNED,GF3A_DIRECTIONAL_WRITE_EXHAUSTED_PRIMALITY_UNASSIGNED,513,512,512,NO_RECORDED_FACTOR_PRP_OR_LL_RESULT_AND_NO_ACTIVE_GIMPS_ASSIGNMENT,2026-08-08T19:16:24+00:00,UNALLOCATED,,,,,
SLCMP700-3863,3863,3864,317444279,2^317444279-1,STRUCTURAL_SCREEN_EXHAUSTED_PRIMALITY_UNASSIGNED,GF3A_DIRECTIONAL_WRITE_EXHAUSTED_PRIMALITY_UNASSIGNED,514,512,512,NO_RECORDED_FACTOR_PRP_OR_LL_RESULT_AND_NO_ACTIVE_GIMPS_ASSIGNMENT,2026-08-08T19:16:24+00:00,UNALLOCATED,,,,,
SLCMP700-3864,3864,3865,317444299,2^317444299-1,STRUCTURAL_SCREEN_EXHAUSTED_PRIMALITY_UNASSIGNED,GF3A_DIRECTIONAL_WRITE_EXHAUSTED_PRIMALITY_UNASSIGNED,514,512,512,NO_RECORDED_FACTOR_PRP_OR_LL_RESULT_AND_NO_ACTIVE_GIMPS_ASSIGNMENT,2026-08-08T19:16:24+00:00,UNALLOCATED,,,,,
SLCMP700-3865,3865,3866,317444429,2^317444429-1,STRUCTURAL_SCREEN_EXHAUSTED_PRIMALITY_UNASSIGNED,GF3A_DIRECTIONAL_WRITE_EXHAUSTED_PRIMALITY_UNASSIGNED,513,512,512,NO_RECORDED_FACTOR_PRP_OR_LL_RESULT_AND_NO_ACTIVE_GIMPS_ASSIGNMENT,2026-08-08T19:16:24+00:00,UNALLOCATED,,,,,
SLCMP700-3866,3866,3867,317444513,2^317444513-1,STRUCTURAL_SCREEN_EXHAUSTED_PRIMALITY_UNASSIGNED,GF3A_DIRECTIONAL_WRITE_EXHAUSTED_PRIMALITY_UNASSIGNED,513,512,512,NO_RECORDED_FACTOR_PRP_OR_LL_RESULT_AND_NO_ACTIVE_GIMPS_ASSIGNMENT,2026-08-08T19:16:24+00:00,UNALLOCATED,,,,,
SLCMP700-3867,3867,3868,317444573,2^317444573-1,STRUCTURAL_SCREEN_EXHAUSTED_PRIMALITY_UNASSIGNED,GF3A_DIRECTIONAL_WRITE_EXHAUSTED_PRIMALITY_UNASSIGNED,513,512,512,NO_RECORDED_FACTOR_PRP_OR_LL_RESULT_AND_NO_ACTIVE_GIMPS_ASSIGNMENT,2026-08-08T19:16:24+00:00,UNALLOCATED,,,,,
SLCMP700-3868,3868,3869,317444657,2^317444657-1,STRUCTURAL_SCREEN_EXHAUSTED_PRIMALITY_UNASSIGNED,GF3A_DIRECTIONAL_WRITE_EXHAUSTED_PRIMALITY_UNASSIGNED,513,512,512,NO_RECORDED_FACTOR_PRP_OR_LL_RESULT_AND_NO_ACTIVE_GIMPS_ASSIGNMENT,2026-08-08T19:16:24+00:00,UNALLOCATED,,,,,
SLCMP700-3869,3869,3870,317444801,2^317444801-1,STRUCTURAL_SCREEN_EXHAUSTED_PRIMALITY_UNASSIGNED,GF3A_DIRECTIONAL_WRITE_EXHAUSTED_PRIMALITY_UNASSIGNED,513,512,512,NO_RECORDED_FACTOR_PRP_OR_LL_RESULT_AND_NO_ACTIVE_GIMPS_ASSIGNMENT,2026-08-08T19:16:24+00:00,UNALLOCATED,,,,,
SLCMP700-3870,3870,3871,317444863,2^317444863-1,STRUCTURAL_SCREEN_EXHAUSTED_PRIMALITY_UNASSIGNED,GF3A_DIRECTIONAL_WRITE_EXHAUSTED_PRIMALITY_UNASSIGNED,514,512,512,NO_RECORDED_FACTOR_PRP_OR_LL_RESULT_AND_NO_ACTIVE_GIMPS_ASSIGNMENT,2026-08-08T19:16:24+00:00,UNALLOCATED,,,,,
SLCMP700-3871,3871,3872,317444887,2^317444887-1,STRUCTURAL_SCREEN_EXHAUSTED_PRIMALITY_UNASSIGNED,GF3A_DIRECTIONAL_WRITE_EXHAUSTED_PRIMALITY_UNASSIGNED,514,512,512,NO_RECORDED_FACTOR_PRP_OR_LL_RESULT_AND_NO_ACTIVE_GIMPS_ASSIGNMENT,2026-08-08T19:16:24+00:00,UNALLOCATED,,,,,
SLCMP700-3872,3872,3873,317444921,2^317444921-1,STRUCTURAL_SCREEN_EXHAUSTED_PRIMALITY_UNASSIGNED,GF3A_DIRECTIONAL_WRITE_EXHAUSTED_PRIMALITY_UNASSIGNED,513,512,512,NO_RECORDED_FACTOR_PRP_OR_LL_RESULT_AND_NO_ACTIVE_GIMPS_ASSIGNMENT,2026-08-08T19:16:24+00:00,UNALLOCATED,,,,,
SLCMP700-3873,3873,3874,317445019,2^317445019-1,STRUCTURAL_SCREEN_EXHAUSTED_PRIMALITY_UNASSIGNED,GF3A_DIRECTIONAL_WRITE_EXHAUSTED_PRIMALITY_UNASSIGNED,514,512,512,NO_RECORDED_FACTOR_PRP_OR_LL_RESULT_AND_NO_ACTIVE_GIMPS_ASSIGNMENT,2026-08-08T19:16:24+00:00,UNALLOCATED,,,,,
SLCMP700-3874,3874,3875,317445043,2^317445043-1,STRUCTURAL_SCREEN_EXHAUSTED_PRIMALITY_UNASSIGNED,GF3A_DIRECTIONAL_WRITE_EXHAUSTED_PRIMALITY_UNASSIGNED,514,512,512,NO_RECORDED_FACTOR_PRP_OR_LL_RESULT_AND_NO_ACTIVE_GIMPS_ASSIGNMENT,2026-08-08T19:16:24+00:00,UNALLOCATED,,,,,
SLCMP700-3875,3875,3876,317445077,2^317445077-1,STRUCTURAL_SCREEN_EXHAUSTED_PRIMALITY_UNASSIGNED,GF3A_DIRECTIONAL_WRITE_EXHAUSTED_PRIMALITY_UNASSIGNED,513,512,512,NO_RECORDED_FACTOR_PRP_OR_LL_RESULT_AND_NO_ACTIVE_GIMPS_ASSIGNMENT,2026-08-08T19:16:24+00:00,UNALLOCATED,,,,,
SLCMP700-3876,3876,3877,317445109,2^317445109-1,STRUCTURAL_SCREEN_EXHAUSTED_PRIMALITY_UNASSIGNED,GF3A_DIRECTIONAL_WRITE_EXHAUSTED_PRIMALITY_UNASSIGNED,513,512,512,NO_RECORDED_FACTOR_PRP_OR_LL_RESULT_AND_NO_ACTIVE_GIMPS_ASSIGNMENT,2026-08-08T19:16:24+00:00,UNALLOCATED,,,,,
SLCMP700-3877,3877,3878,317445151,2^317445151-1,STRUCTURAL_SCREEN_EXHAUSTED_PRIMALITY_UNASSIGNED,GF3A_DIRECTIONAL_WRITE_EXHAUSTED_PRIMALITY_UNASSIGNED,514,512,512,NO_RECORDED_FACTOR_PRP_OR_LL_RESULT_AND_NO_ACTIVE_GIMPS_ASSIGNMENT,2026-08-08T19:16:24+00:00,UNALLOCATED,,,,,
SLCMP700-3878,3878,3879,317445181,2^317445181-1,STRUCTURAL_SCREEN_EXHAUSTED_PRIMALITY_UNASSIGNED,GF3A_DIRECTIONAL_WRITE_EXHAUSTED_PRIMALITY_UNASSIGNED,513,512,512,NO_RECORDED_FACTOR_PRP_OR_LL_RESULT_AND_NO_ACTIVE_GIMPS_ASSIGNMENT,2026-08-08T19:16:24+00:00,UNALLOCATED,,,,,
SLCMP700-3879,3879,3880,317445197,2^317445197-1,STRUCTURAL_SCREEN_EXHAUSTED_PRIMALITY_UNASSIGNED,GF3A_DIRECTIONAL_WRITE_EXHAUSTED_PRIMALITY_UNASSIGNED,513,512,512,NO_RECORDED_FACTOR_PRP_OR_LL_RESULT_AND_NO_ACTIVE_GIMPS_ASSIGNMENT,2026-08-08T19:16:24+00:00,UNALLOCATED,,,,,
SLCMP700-3880,3880,3881,317445229,2^317445229-1,STRUCTURAL_SCREEN_EXHAUSTED_PRIMALITY_UNASSIGNED,GF3A_DIRECTIONAL_WRITE_EXHAUSTED_PRIMALITY_UNASSIGNED,513,512,512,NO_RECORDED_FACTOR_PRP_OR_LL_RESULT_AND_NO_ACTIVE_GIMPS_ASSIGNMENT,2026-08-08T19:16:24+00:00,UNALLOCATED,,,,,
SLCMP700-3881,3881,3882,317445257,2^317445257-1,STRUCTURAL_SCREEN_EXHAUSTED_PRIMALITY_UNASSIGNED,GF3A_DIRECTIONAL_WRITE_EXHAUSTED_PRIMALITY_UNASSIGNED,513,512,512,NO_RECORDED_FACTOR_PRP_OR_LL_RESULT_AND_NO_ACTIVE_GIMPS_ASSIGNMENT,2026-08-08T19:16:24+00:00,UNALLOCATED,,,,,
SLCMP700-3882,3882,3883,317445269,2^317445269-1,STRUCTURAL_SCREEN_EXHAUSTED_PRIMALITY_UNASSIGNED,GF3A_DIRECTIONAL_WRITE_EXHAUSTED_PRIMALITY_UNASSIGNED,513,512,512,NO_RECORDED_FACTOR_PRP_OR_LL_RESULT_AND_NO_ACTIVE_GIMPS_ASSIGNMENT,2026-08-08T19:16:24+00:00,UNALLOCATED,,,,,
SLCMP700-3883,3883,3884,317445341,2^317445341-1,STRUCTURAL_SCREEN_EXHAUSTED_PRIMALITY_UNASSIGNED,GF3A_DIRECTIONAL_WRITE_EXHAUSTED_PRIMALITY_UNASSIGNED,513,512,512,NO_RECORDED_FACTOR_PRP_OR_LL_RESULT_AND_NO_ACTIVE_GIMPS_ASSIGNMENT,2026-08-08T19:16:24+00:00,UNALLOCATED,,,,,
SLCMP700-3884,3884,3885,317445347,2^317445347-1,STRUCTURAL_SCREEN_EXHAUSTED_PRIMALITY_UNASSIGNED,GF3A_DIRECTIONAL_WRITE_EXHAUSTED_PRIMALITY_UNASSIGNED,514,512,512,NO_RECORDED_FACTOR_PRP_OR_LL_RESULT_AND_NO_ACTIVE_GIMPS_ASSIGNMENT,2026-08-08T19:16:24+00:00,UNALLOCATED,,,,,
SLCMP700-3885,3885,3886,317445361,2^317445361-1,STRUCTURAL_SCREEN_EXHAUSTED_PRIMALITY_UNASSIGNED,GF3A_DIRECTIONAL_WRITE_EXHAUSTED_PRIMALITY_UNASSIGNED,513,512,512,NO_RECORDED_FACTOR_PRP_OR_LL_RESULT_AND_NO_ACTIVE_GIMPS_ASSIGNMENT,2026-08-08T19:16:24+00:00,UNALLOCATED,,,,,
SLCMP700-3886,3886,3887,317445371,2^317445371-1,STRUCTURAL_SCREEN_EXHAUSTED_PRIMALITY_UNASSIGNED,GF3A_DIRECTIONAL_WRITE_EXHAUSTED_PRIMALITY_UNASSIGNED,514,512,512,NO_RECORDED_FACTOR_PRP_OR_LL_RESULT_AND_NO_ACTIVE_GIMPS_ASSIGNMENT,2026-08-08T19:16:24+00:00,UNALLOCATED,,,,,
SLCMP700-3887,3887,3888,317445377,2^317445377-1,STRUCTURAL_SCREEN_EXHAUSTED_PRIMALITY_UNASSIGNED,GF3A_DIRECTIONAL_WRITE_EXHAUSTED_PRIMALITY_UNASSIGNED,513,512,512,NO_RECORDED_FACTOR_PRP_OR_LL_RESULT_AND_NO_ACTIVE_GIMPS_ASSIGNMENT,2026-08-08T19:16:24+00:00,UNALLOCATED,,,,,
SLCMP700-3888,3888,3889,317445439,2^317445439-1,STRUCTURAL_SCREEN_EXHAUSTED_PRIMALITY_UNASSIGNED,GF3A_DIRECTIONAL_WRITE_EXHAUSTED_PRIMALITY_UNASSIGNED,514,512,512,NO_RECORDED_FACTOR_PRP_OR_LL_RESULT_AND_NO_ACTIVE_GIMPS_ASSIGNMENT,2026-08-08T19:16:24+00:00,UNALLOCATED,,,,,
SLCMP700-3889,3889,3890,317445449,2^317445449-1,STRUCTURAL_SCREEN_EXHAUSTED_PRIMALITY_UNASSIGNED,GF3A_DIRECTIONAL_WRITE_EXHAUSTED_PRIMALITY_UNASSIGNED,513,512,512,NO_RECORDED_FACTOR_PRP_OR_LL_RESULT_AND_NO_ACTIVE_GIMPS_ASSIGNMENT,2026-08-08T19:16:24+00:00,UNALLOCATED,,,,,
SLCMP700-3890,3890,3891,317445481,2^317445481-1,STRUCTURAL_SCREEN_EXHAUSTED_PRIMALITY_UNASSIGNED,GF3A_DIRECTIONAL_WRITE_EXHAUSTED_PRIMALITY_UNASSIGNED,513,512,512,NO_RECORDED_FACTOR_PRP_OR_LL_RESULT_AND_NO_ACTIVE_GIMPS_ASSIGNMENT,2026-08-08T19:16:24+00:00,UNALLOCATED,,,,,
SLCMP700-3891,3891,3892,317445617,2^317445617-1,STRUCTURAL_SCREEN_EXHAUSTED_PRIMALITY_UNASSIGNED,GF3A_DIRECTIONAL_WRITE_EXHAUSTED_PRIMALITY_UNASSIGNED,513,512,512,NO_RECORDED_FACTOR_PRP_OR_LL_RESULT_AND_NO_ACTIVE_GIMPS_ASSIGNMENT,2026-08-08T19:16:24+00:00,UNALLOCATED,,,,,
SLCMP700-3892,3892,3893,317445659,2^317445659-1,STRUCTURAL_SCREEN_EXHAUSTED_PRIMALITY_UNASSIGNED,GF3A_DIRECTIONAL_WRITE_EXHAUSTED_PRIMALITY_UNASSIGNED,514,512,512,NO_RECORDED_FACTOR_PRP_OR_LL_RESULT_AND_NO_ACTIVE_GIMPS_ASSIGNMENT,2026-08-08T19:16:24+00:00,UNALLOCATED,,,,,
SLCMP700-3893,3893,3894,317445721,2^317445721-1,STRUCTURAL_SCREEN_EXHAUSTED_PRIMALITY_UNASSIGNED,GF3A_DIRECTIONAL_WRITE_EXHAUSTED_PRIMALITY_UNASSIGNED,513,512,512,NO_RECORDED_FACTOR_PRP_OR_LL_RESULT_AND_NO_ACTIVE_GIMPS_ASSIGNMENT,2026-08-08T19:16:24+00:00,UNALLOCATED,,,,,
SLCMP700-3894,3894,3895,317445731,2^317445731-1,STRUCTURAL_SCREEN_EXHAUSTED_PRIMALITY_UNASSIGNED,GF3A_DIRECTIONAL_WRITE_EXHAUSTED_PRIMALITY_UNASSIGNED,514,512,512,NO_RECORDED_FACTOR_PRP_OR_LL_RESULT_AND_NO_ACTIVE_GIMPS_ASSIGNMENT,2026-08-08T19:16:24+00:00,UNALLOCATED,,,,,
SLCMP700-3895,3895,3896,317445761,2^317445761-1,STRUCTURAL_SCREEN_EXHAUSTED_PRIMALITY_UNASSIGNED,GF3A_DIRECTIONAL_WRITE_EXHAUSTED_PRIMALITY_UNASSIGNED,513,512,512,NO_RECORDED_FACTOR_PRP_OR_LL_RESULT_AND_NO_ACTIVE_GIMPS_ASSIGNMENT,2026-08-08T19:16:24+00:00,UNALLOCATED,,,,,
SLCMP700-3896,3896,3897,317445889,2^317445889-1,STRUCTURAL_SCREEN_EXHAUSTED_PRIMALITY_UNASSIGNED,GF3A_DIRECTIONAL_WRITE_EXHAUSTED_PRIMALITY_UNASSIGNED,513,512,512,NO_RECORDED_FACTOR_PRP_OR_LL_RESULT_AND_NO_ACTIVE_GIMPS_ASSIGNMENT,2026-08-08T19:16:24+00:00,UNALLOCATED,,,,,
SLCMP700-3897,3897,3898,317445967,2^317445967-1,STRUCTURAL_SCREEN_EXHAUSTED_PRIMALITY_UNASSIGNED,GF3A_DIRECTIONAL_WRITE_EXHAUSTED_PRIMALITY_UNASSIGNED,514,512,512,NO_RECORDED_FACTOR_PRP_OR_LL_RESULT_AND_NO_ACTIVE_GIMPS_ASSIGNMENT,2026-08-08T19:16:24+00:00,UNALLOCATED,,,,,
SLCMP700-3898,3898,3899,317445971,2^317445971-1,STRUCTURAL_SCREEN_EXHAUSTED_PRIMALITY_UNASSIGNED,GF3A_DIRECTIONAL_WRITE_EXHAUSTED_PRIMALITY_UNASSIGNED,514,512,512,NO_RECORDED_FACTOR_PRP_OR_LL_RESULT_AND_NO_ACTIVE_GIMPS_ASSIGNMENT,2026-08-08T19:16:24+00:00,UNALLOCATED,,,,,
SLCMP700-3899,3899,3900,317446111,2^317446111-1,STRUCTURAL_SCREEN_EXHAUSTED_PRIMALITY_UNASSIGNED,GF3A_DIRECTIONAL_WRITE_EXHAUSTED_PRIMALITY_UNASSIGNED,514,512,512,NO_RECORDED_FACTOR_PRP_OR_LL_RESULT_AND_NO_ACTIVE_GIMPS_ASSIGNMENT,2026-08-08T19:16:24+00:00,UNALLOCATED,,,,,
SLCMP700-3900,3900,3901,317446133,2^317446133-1,STRUCTURAL_SCREEN_EXHAUSTED_PRIMALITY_UNASSIGNED,GF3A_DIRECTIONAL_WRITE_EXHAUSTED_PRIMALITY_UNASSIGNED,513,512,512,NO_RECORDED_FACTOR_PRP_OR_LL_RESULT_AND_NO_ACTIVE_GIMPS_ASSIGNMENT,2026-08-08T19:16:24+00:00,UNALLOCATED,,,,,
SLCMP700-3901,3901,3902,317446189,2^317446189-1,STRUCTURAL_SCREEN_EXHAUSTED_PRIMALITY_UNASSIGNED,GF3A_DIRECTIONAL_WRITE_EXHAUSTED_PRIMALITY_UNASSIGNED,513,512,512,NO_RECORDED_FACTOR_PRP_OR_LL_RESULT_AND_NO_ACTIVE_GIMPS_ASSIGNMENT,2026-08-08T19:16:24+00:00,UNALLOCATED,,,,,
SLCMP700-3902,3902,3903,317446229,2^317446229-1,STRUCTURAL_SCREEN_EXHAUSTED_PRIMALITY_UNASSIGNED,GF3A_DIRECTIONAL_WRITE_EXHAUSTED_PRIMALITY_UNASSIGNED,513,512,512,NO_RECORDED_FACTOR_PRP_OR_LL_RESULT_AND_NO_ACTIVE_GIMPS_ASSIGNMENT,2026-08-08T19:16:24+00:00,UNALLOCATED,,,,,
SLCMP700-3903,3903,3904,317446301,2^317446301-1,STRUCTURAL_SCREEN_EXHAUSTED_PRIMALITY_UNASSIGNED,GF3A_DIRECTIONAL_WRITE_EXHAUSTED_PRIMALITY_UNASSIGNED,513,512,512,NO_RECORDED_FACTOR_PRP_OR_LL_RESULT_AND_NO_ACTIVE_GIMPS_ASSIGNMENT,2026-08-08T19:16:24+00:00,UNALLOCATED,,,,,
SLCMP700-3904,3904,3905,317446303,2^317446303-1,STRUCTURAL_SCREEN_EXHAUSTED_PRIMALITY_UNASSIGNED,GF3A_DIRECTIONAL_WRITE_EXHAUSTED_PRIMALITY_UNASSIGNED,514,512,512,NO_RECORDED_FACTOR_PRP_OR_LL_RESULT_AND_NO_ACTIVE_GIMPS_ASSIGNMENT,2026-08-08T19:16:24+00:00,UNALLOCATED,,,,,
SLCMP700-3905,3905,3906,317446387,2^317446387-1,STRUCTURAL_SCREEN_EXHAUSTED_PRIMALITY_UNASSIGNED,GF3A_DIRECTIONAL_WRITE_EXHAUSTED_PRIMALITY_UNASSIGNED,514,512,512,NO_RECORDED_FACTOR_PRP_OR_LL_RESULT_AND_NO_ACTIVE_GIMPS_ASSIGNMENT,2026-08-08T19:16:24+00:00,UNALLOCATED,,,,,
SLCMP700-3906,3906,3907,317446429,2^317446429-1,STRUCTURAL_SCREEN_EXHAUSTED_PRIMALITY_UNASSIGNED,GF3A_DIRECTIONAL_WRITE_EXHAUSTED_PRIMALITY_UNASSIGNED,513,512,512,NO_RECORDED_FACTOR_PRP_OR_LL_RESULT_AND_NO_ACTIVE_GIMPS_ASSIGNMENT,2026-08-08T19:16:24+00:00,UNALLOCATED,,,,,
SLCMP700-3907,3907,3908,317446573,2^317446573-1,STRUCTURAL_SCREEN_EXHAUSTED_PRIMALITY_UNASSIGNED,GF3A_DIRECTIONAL_WRITE_EXHAUSTED_PRIMALITY_UNASSIGNED,513,512,512,NO_RECORDED_FACTOR_PRP_OR_LL_RESULT_AND_NO_ACTIVE_GIMPS_ASSIGNMENT,2026-08-08T19:16:24+00:00,UNALLOCATED,,,,,
SLCMP700-3908,3908,3909,317446651,2^317446651-1,STRUCTURAL_SCREEN_EXHAUSTED_PRIMALITY_UNASSIGNED,GF3A_DIRECTIONAL_WRITE_EXHAUSTED_PRIMALITY_UNASSIGNED,514,512,512,NO_RECORDED_FACTOR_PRP_OR_LL_RESULT_AND_NO_ACTIVE_GIMPS_ASSIGNMENT,2026-08-08T19:16:24+00:00,UNALLOCATED,,,,,
SLCMP700-3909,3909,3910,317446739,2^317446739-1,STRUCTURAL_SCREEN_EXHAUSTED_PRIMALITY_UNASSIGNED,GF3A_DIRECTIONAL_WRITE_EXHAUSTED_PRIMALITY_UNASSIGNED,514,512,512,NO_RECORDED_FACTOR_PRP_OR_LL_RESULT_AND_NO_ACTIVE_GIMPS_ASSIGNMENT,2026-08-08T19:16:24+00:00,UNALLOCATED,,,,,
SLCMP700-3910,3910,3911,317446747,2^317446747-1,STRUCTURAL_SCREEN_EXHAUSTED_PRIMALITY_UNASSIGNED,GF3A_DIRECTIONAL_WRITE_EXHAUSTED_PRIMALITY_UNASSIGNED,514,512,512,NO_RECORDED_FACTOR_PRP_OR_LL_RESULT_AND_NO_ACTIVE_GIMPS_ASSIGNMENT,2026-08-08T19:16:24+00:00,UNALLOCATED,,,,,
SLCMP700-3911,3911,3912,317446771,2^317446771-1,STRUCTURAL_SCREEN_EXHAUSTED_PRIMALITY_UNASSIGNED,GF3A_DIRECTIONAL_WRITE_EXHAUSTED_PRIMALITY_UNASSIGNED,514,512,512,NO_RECORDED_FACTOR_PRP_OR_LL_RESULT_AND_NO_ACTIVE_GIMPS_ASSIGNMENT,2026-08-08T19:16:24+00:00,UNALLOCATED,,,,,
SLCMP700-3912,3912,3913,317446777,2^317446777-1,STRUCTURAL_SCREEN_EXHAUSTED_PRIMALITY_UNASSIGNED,GF3A_DIRECTIONAL_WRITE_EXHAUSTED_PRIMALITY_UNASSIGNED,513,512,512,NO_RECORDED_FACTOR_PRP_OR_LL_RESULT_AND_NO_ACTIVE_GIMPS_ASSIGNMENT,2026-08-08T19:16:24+00:00,UNALLOCATED,,,,,
SLCMP700-3913,3913,3914,317446819,2^317446819-1,STRUCTURAL_SCREEN_EXHAUSTED_PRIMALITY_UNASSIGNED,GF3A_DIRECTIONAL_WRITE_EXHAUSTED_PRIMALITY_UNASSIGNED,514,512,512,NO_RECORDED_FACTOR_PRP_OR_LL_RESULT_AND_NO_ACTIVE_GIMPS_ASSIGNMENT,2026-08-08T19:16:24+00:00,UNALLOCATED,,,,,
SLCMP700-3914,3914,3915,317446837,2^317446837-1,STRUCTURAL_SCREEN_EXHAUSTED_PRIMALITY_UNASSIGNED,GF3A_DIRECTIONAL_WRITE_EXHAUSTED_PRIMALITY_UNASSIGNED,513,512,512,NO_RECORDED_FACTOR_PRP_OR_LL_RESULT_AND_NO_ACTIVE_GIMPS_ASSIGNMENT,2026-08-08T19:16:24+00:00,UNALLOCATED,,,,,
SLCMP700-3915,3915,3916,317446853,2^317446853-1,STRUCTURAL_SCREEN_EXHAUSTED_PRIMALITY_UNASSIGNED,GF3A_DIRECTIONAL_WRITE_EXHAUSTED_PRIMALITY_UNASSIGNED,513,512,512,NO_RECORDED_FACTOR_PRP_OR_LL_RESULT_AND_NO_ACTIVE_GIMPS_ASSIGNMENT,2026-08-08T19:16:24+00:00,UNALLOCATED,,,,,
SLCMP700-3916,3916,3917,317446861,2^317446861-1,STRUCTURAL_SCREEN_EXHAUSTED_PRIMALITY_UNASSIGNED,GF3A_DIRECTIONAL_WRITE_EXHAUSTED_PRIMALITY_UNASSIGNED,513,512,512,NO_RECORDED_FACTOR_PRP_OR_LL_RESULT_AND_NO_ACTIVE_GIMPS_ASSIGNMENT,2026-08-08T19:16:24+00:00,UNALLOCATED,,,,,
SLCMP700-3917,3917,3918,317446919,2^317446919-1,STRUCTURAL_SCREEN_EXHAUSTED_PRIMALITY_UNASSIGNED,GF3A_DIRECTIONAL_WRITE_EXHAUSTED_PRIMALITY_UNASSIGNED,514,512,512,NO_RECORDED_FACTOR_PRP_OR_LL_RESULT_AND_NO_ACTIVE_GIMPS_ASSIGNMENT,2026-08-08T19:16:24+00:00,UNALLOCATED,,,,,
SLCMP700-3918,3918,3919,317447303,2^317447303-1,STRUCTURAL_SCREEN_EXHAUSTED_PRIMALITY_UNASSIGNED,GF3A_DIRECTIONAL_WRITE_EXHAUSTED_PRIMALITY_UNASSIGNED,514,512,512,NO_RECORDED_FACTOR_PRP_OR_LL_RESULT_AND_NO_ACTIVE_GIMPS_ASSIGNMENT,2026-08-08T19:16:24+00:00,UNALLOCATED,,,,,
SLCMP700-3919,3919,3920,317447321,2^317447321-1,STRUCTURAL_SCREEN_EXHAUSTED_PRIMALITY_UNASSIGNED,GF3A_DIRECTIONAL_WRITE_EXHAUSTED_PRIMALITY_UNASSIGNED,513,512,512,NO_RECORDED_FACTOR_PRP_OR_LL_RESULT_AND_NO_ACTIVE_GIMPS_ASSIGNMENT,2026-08-08T19:16:24+00:00,UNALLOCATED,,,,,
SLCMP700-3920,3920,3921,317447411,2^317447411-1,STRUCTURAL_SCREEN_EXHAUSTED_PRIMALITY_UNASSIGNED,GF3A_DIRECTIONAL_WRITE_EXHAUSTED_PRIMALITY_UNASSIGNED,514,512,512,NO_RECORDED_FACTOR_PRP_OR_LL_RESULT_AND_NO_ACTIVE_GIMPS_ASSIGNMENT,2026-08-08T19:16:24+00:00,UNALLOCATED,,,,,
SLCMP700-3921,3921,3922,317447479,2^317447479-1,STRUCTURAL_SCREEN_EXHAUSTED_PRIMALITY_UNASSIGNED,GF3A_DIRECTIONAL_WRITE_EXHAUSTED_PRIMALITY_UNASSIGNED,514,512,512,NO_RECORDED_FACTOR_PRP_OR_LL_RESULT_AND_NO_ACTIVE_GIMPS_ASSIGNMENT,2026-08-08T19:16:24+00:00,UNALLOCATED,,,,,
SLCMP700-3922,3922,3923,317447489,2^317447489-1,STRUCTURAL_SCREEN_EXHAUSTED_PRIMALITY_UNASSIGNED,GF3A_DIRECTIONAL_WRITE_EXHAUSTED_PRIMALITY_UNASSIGNED,513,512,512,NO_RECORDED_FACTOR_PRP_OR_LL_RESULT_AND_NO_ACTIVE_GIMPS_ASSIGNMENT,2026-08-08T19:16:24+00:00,UNALLOCATED,,,,,
SLCMP700-3923,3923,3924,317447569,2^317447569-1,STRUCTURAL_SCREEN_EXHAUSTED_PRIMALITY_UNASSIGNED,GF3A_DIRECTIONAL_WRITE_EXHAUSTED_PRIMALITY_UNASSIGNED,513,512,512,NO_RECORDED_FACTOR_PRP_OR_LL_RESULT_AND_NO_ACTIVE_GIMPS_ASSIGNMENT,2026-08-08T19:16:24+00:00,UNALLOCATED,,,,,
SLCMP700-3924,3924,3925,317447701,2^317447701-1,STRUCTURAL_SCREEN_EXHAUSTED_PRIMALITY_UNASSIGNED,GF3A_DIRECTIONAL_WRITE_EXHAUSTED_PRIMALITY_UNASSIGNED,513,512,512,NO_RECORDED_FACTOR_PRP_OR_LL_RESULT_AND_NO_ACTIVE_GIMPS_ASSIGNMENT,2026-08-08T19:16:24+00:00,UNALLOCATED,,,,,
SLCMP700-3925,3925,3926,317447723,2^317447723-1,STRUCTURAL_SCREEN_EXHAUSTED_PRIMALITY_UNASSIGNED,GF3A_DIRECTIONAL_WRITE_EXHAUSTED_PRIMALITY_UNASSIGNED,514,512,512,NO_RECORDED_FACTOR_PRP_OR_LL_RESULT_AND_NO_ACTIVE_GIMPS_ASSIGNMENT,2026-08-08T19:16:24+00:00,UNALLOCATED,,,,,
SLCMP700-3926,3926,3927,317447731,2^317447731-1,STRUCTURAL_SCREEN_EXHAUSTED_PRIMALITY_UNASSIGNED,GF3A_DIRECTIONAL_WRITE_EXHAUSTED_PRIMALITY_UNASSIGNED,514,512,512,NO_RECORDED_FACTOR_PRP_OR_LL_RESULT_AND_NO_ACTIVE_GIMPS_ASSIGNMENT,2026-08-08T19:16:24+00:00,UNALLOCATED,,,,,
SLCMP700-3927,3927,3928,317447773,2^317447773-1,STRUCTURAL_SCREEN_EXHAUSTED_PRIMALITY_UNASSIGNED,GF3A_DIRECTIONAL_WRITE_EXHAUSTED_PRIMALITY_UNASSIGNED,513,512,512,NO_RECORDED_FACTOR_PRP_OR_LL_RESULT_AND_NO_ACTIVE_GIMPS_ASSIGNMENT,2026-08-08T19:16:24+00:00,UNALLOCATED,,,,,
SLCMP700-3928,3928,3929,317447807,2^317447807-1,STRUCTURAL_SCREEN_EXHAUSTED_PRIMALITY_UNASSIGNED,GF3A_DIRECTIONAL_WRITE_EXHAUSTED_PRIMALITY_UNASSIGNED,514,512,512,NO_RECORDED_FACTOR_PRP_OR_LL_RESULT_AND_NO_ACTIVE_GIMPS_ASSIGNMENT,2026-08-08T19:16:24+00:00,UNALLOCATED,,,,,
SLCMP700-3929,3929,3930,317447857,2^317447857-1,STRUCTURAL_SCREEN_EXHAUSTED_PRIMALITY_UNASSIGNED,GF3A_DIRECTIONAL_WRITE_EXHAUSTED_PRIMALITY_UNASSIGNED,513,512,512,NO_RECORDED_FACTOR_PRP_OR_LL_RESULT_AND_NO_ACTIVE_GIMPS_ASSIGNMENT,2026-08-08T19:16:24+00:00,UNALLOCATED,,,,,
SLCMP700-3930,3930,3931,317447861,2^317447861-1,STRUCTURAL_SCREEN_EXHAUSTED_PRIMALITY_UNASSIGNED,GF3A_DIRECTIONAL_WRITE_EXHAUSTED_PRIMALITY_UNASSIGNED,513,512,512,NO_RECORDED_FACTOR_PRP_OR_LL_RESULT_AND_NO_ACTIVE_GIMPS_ASSIGNMENT,2026-08-08T19:16:24+00:00,UNALLOCATED,,,,,
SLCMP700-3931,3931,3932,317447869,2^317447869-1,STRUCTURAL_SCREEN_EXHAUSTED_PRIMALITY_UNASSIGNED,GF3A_DIRECTIONAL_WRITE_EXHAUSTED_PRIMALITY_UNASSIGNED,513,512,512,NO_RECORDED_FACTOR_PRP_OR_LL_RESULT_AND_NO_ACTIVE_GIMPS_ASSIGNMENT,2026-08-08T19:16:24+00:00,UNALLOCATED,,,,,
SLCMP700-3932,3932,3933,317448073,2^317448073-1,STRUCTURAL_SCREEN_EXHAUSTED_PRIMALITY_UNASSIGNED,GF3A_DIRECTIONAL_WRITE_EXHAUSTED_PRIMALITY_UNASSIGNED,513,512,512,NO_RECORDED_FACTOR_PRP_OR_LL_RESULT_AND_NO_ACTIVE_GIMPS_ASSIGNMENT,2026-08-08T19:16:24+00:00,UNALLOCATED,,,,,
SLCMP700-3933,3933,3934,317448289,2^317448289-1,STRUCTURAL_SCREEN_EXHAUSTED_PRIMALITY_UNASSIGNED,GF3A_DIRECTIONAL_WRITE_EXHAUSTED_PRIMALITY_UNASSIGNED,513,512,512,NO_RECORDED_FACTOR_PRP_OR_LL_RESULT_AND_NO_ACTIVE_GIMPS_ASSIGNMENT,2026-08-08T19:16:24+00:00,UNALLOCATED,,,,,
SLCMP700-3934,3934,3935,317448337,2^317448337-1,STRUCTURAL_SCREEN_EXHAUSTED_PRIMALITY_UNASSIGNED,GF3A_DIRECTIONAL_WRITE_EXHAUSTED_PRIMALITY_UNASSIGNED,513,512,512,NO_RECORDED_FACTOR_PRP_OR_LL_RESULT_AND_NO_ACTIVE_GIMPS_ASSIGNMENT,2026-08-08T19:16:24+00:00,UNALLOCATED,,,,,
SLCMP700-3935,3935,3936,317448343,2^317448343-1,STRUCTURAL_SCREEN_EXHAUSTED_PRIMALITY_UNASSIGNED,GF3A_DIRECTIONAL_WRITE_EXHAUSTED_PRIMALITY_UNASSIGNED,514,512,512,NO_RECORDED_FACTOR_PRP_OR_LL_RESULT_AND_NO_ACTIVE_GIMPS_ASSIGNMENT,2026-08-08T19:16:24+00:00,UNALLOCATED,,,,,
SLCMP700-3936,3936,3937,317448367,2^317448367-1,STRUCTURAL_SCREEN_EXHAUSTED_PRIMALITY_UNASSIGNED,GF3A_DIRECTIONAL_WRITE_EXHAUSTED_PRIMALITY_UNASSIGNED,514,512,512,NO_RECORDED_FACTOR_PRP_OR_LL_RESULT_AND_NO_ACTIVE_GIMPS_ASSIGNMENT,2026-08-08T19:16:24+00:00,UNALLOCATED,,,,,
SLCMP700-3937,3937,3938,317448421,2^317448421-1,STRUCTURAL_SCREEN_EXHAUSTED_PRIMALITY_UNASSIGNED,GF3A_DIRECTIONAL_WRITE_EXHAUSTED_PRIMALITY_UNASSIGNED,513,512,512,NO_RECORDED_FACTOR_PRP_OR_LL_RESULT_AND_NO_ACTIVE_GIMPS_ASSIGNMENT,2026-08-08T19:16:24+00:00,UNALLOCATED,,,,,
SLCMP700-3938,3938,3939,317448511,2^317448511-1,STRUCTURAL_SCREEN_EXHAUSTED_PRIMALITY_UNASSIGNED,GF3A_DIRECTIONAL_WRITE_EXHAUSTED_PRIMALITY_UNASSIGNED,514,512,512,NO_RECORDED_FACTOR_PRP_OR_LL_RESULT_AND_NO_ACTIVE_GIMPS_ASSIGNMENT,2026-08-08T19:16:24+00:00,UNALLOCATED,,,,,
SLCMP700-3939,3939,3940,317448589,2^317448589-1,STRUCTURAL_SCREEN_EXHAUSTED_PRIMALITY_UNASSIGNED,GF3A_DIRECTIONAL_WRITE_EXHAUSTED_PRIMALITY_UNASSIGNED,513,512,512,NO_RECORDED_FACTOR_PRP_OR_LL_RESULT_AND_NO_ACTIVE_GIMPS_ASSIGNMENT,2026-08-08T19:16:24+00:00,UNALLOCATED,,,,,
SLCMP700-3940,3940,3941,317448889,2^317448889-1,STRUCTURAL_SCREEN_EXHAUSTED_PRIMALITY_UNASSIGNED,GF3A_DIRECTIONAL_WRITE_EXHAUSTED_PRIMALITY_UNASSIGNED,513,512,512,NO_RECORDED_FACTOR_PRP_OR_LL_RESULT_AND_NO_ACTIVE_GIMPS_ASSIGNMENT,2026-08-08T19:16:24+00:00,UNALLOCATED,,,,,
SLCMP700-3941,3941,3942,317449061,2^317449061-1,STRUCTURAL_SCREEN_EXHAUSTED_PRIMALITY_UNASSIGNED,GF3A_DIRECTIONAL_WRITE_EXHAUSTED_PRIMALITY_UNASSIGNED,513,512,512,NO_RECORDED_FACTOR_PRP_OR_LL_RESULT_AND_NO_ACTIVE_GIMPS_ASSIGNMENT,2026-08-08T19:16:24+00:00,UNALLOCATED,,,,,
SLCMP700-3942,3942,3943,317449141,2^317449141-1,STRUCTURAL_SCREEN_EXHAUSTED_PRIMALITY_UNASSIGNED,GF3A_DIRECTIONAL_WRITE_EXHAUSTED_PRIMALITY_UNASSIGNED,513,512,512,NO_RECORDED_FACTOR_PRP_OR_LL_RESULT_AND_NO_ACTIVE_GIMPS_ASSIGNMENT,2026-08-08T19:16:24+00:00,UNALLOCATED,,,,,
SLCMP700-3943,3943,3944,317449201,2^317449201-1,STRUCTURAL_SCREEN_EXHAUSTED_PRIMALITY_UNASSIGNED,GF3A_DIRECTIONAL_WRITE_EXHAUSTED_PRIMALITY_UNASSIGNED,513,512,512,NO_RECORDED_FACTOR_PRP_OR_LL_RESULT_AND_NO_ACTIVE_GIMPS_ASSIGNMENT,2026-08-08T19:16:24+00:00,UNALLOCATED,,,,,
SLCMP700-3944,3944,3945,317449247,2^317449247-1,STRUCTURAL_SCREEN_EXHAUSTED_PRIMALITY_UNASSIGNED,GF3A_DIRECTIONAL_WRITE_EXHAUSTED_PRIMALITY_UNASSIGNED,514,512,512,NO_RECORDED_FACTOR_PRP_OR_LL_RESULT_AND_NO_ACTIVE_GIMPS_ASSIGNMENT,2026-08-08T19:16:24+00:00,UNALLOCATED,,,,,
SLCMP700-3945,3945,3946,317449259,2^317449259-1,STRUCTURAL_SCREEN_EXHAUSTED_PRIMALITY_UNASSIGNED,GF3A_DIRECTIONAL_WRITE_EXHAUSTED_PRIMALITY_UNASSIGNED,514,512,512,NO_RECORDED_FACTOR_PRP_OR_LL_RESULT_AND_NO_ACTIVE_GIMPS_ASSIGNMENT,2026-08-08T19:16:24+00:00,UNALLOCATED,,,,,
SLCMP700-3946,3946,3947,317449271,2^317449271-1,STRUCTURAL_SCREEN_EXHAUSTED_PRIMALITY_UNASSIGNED,GF3A_DIRECTIONAL_WRITE_EXHAUSTED_PRIMALITY_UNASSIGNED,514,512,512,NO_RECORDED_FACTOR_PRP_OR_LL_RESULT_AND_NO_ACTIVE_GIMPS_ASSIGNMENT,2026-08-08T19:16:24+00:00,UNALLOCATED,,,,,
SLCMP700-3947,3947,3948,317449273,2^317449273-1,STRUCTURAL_SCREEN_EXHAUSTED_PRIMALITY_UNASSIGNED,GF3A_DIRECTIONAL_WRITE_EXHAUSTED_PRIMALITY_UNASSIGNED,513,512,512,NO_RECORDED_FACTOR_PRP_OR_LL_RESULT_AND_NO_ACTIVE_GIMPS_ASSIGNMENT,2026-08-08T19:16:24+00:00,UNALLOCATED,,,,,
SLCMP700-3948,3948,3949,317449309,2^317449309-1,STRUCTURAL_SCREEN_EXHAUSTED_PRIMALITY_UNASSIGNED,GF3A_DIRECTIONAL_WRITE_EXHAUSTED_PRIMALITY_UNASSIGNED,513,512,512,NO_RECORDED_FACTOR_PRP_OR_LL_RESULT_AND_NO_ACTIVE_GIMPS_ASSIGNMENT,2026-08-08T19:16:24+00:00,UNALLOCATED,,,,,
SLCMP700-3949,3949,3950,317449357,2^317449357-1,STRUCTURAL_SCREEN_EXHAUSTED_PRIMALITY_UNASSIGNED,GF3A_DIRECTIONAL_WRITE_EXHAUSTED_PRIMALITY_UNASSIGNED,513,512,512,NO_RECORDED_FACTOR_PRP_OR_LL_RESULT_AND_NO_ACTIVE_GIMPS_ASSIGNMENT,2026-08-08T19:16:24+00:00,UNALLOCATED,,,,,
SLCMP700-3950,3950,3951,317449369,2^317449369-1,STRUCTURAL_SCREEN_EXHAUSTED_PRIMALITY_UNASSIGNED,GF3A_DIRECTIONAL_WRITE_EXHAUSTED_PRIMALITY_UNASSIGNED,513,512,512,NO_RECORDED_FACTOR_PRP_OR_LL_RESULT_AND_NO_ACTIVE_GIMPS_ASSIGNMENT,2026-08-08T19:16:24+00:00,UNALLOCATED,,,,,
SLCMP700-3951,3951,3952,317449373,2^317449373-1,STRUCTURAL_SCREEN_EXHAUSTED_PRIMALITY_UNASSIGNED,GF3A_DIRECTIONAL_WRITE_EXHAUSTED_PRIMALITY_UNASSIGNED,513,512,512,NO_RECORDED_FACTOR_PRP_OR_LL_RESULT_AND_NO_ACTIVE_GIMPS_ASSIGNMENT,2026-08-08T19:16:24+00:00,UNALLOCATED,,,,,
SLCMP700-3952,3952,3953,317449423,2^317449423-1,STRUCTURAL_SCREEN_EXHAUSTED_PRIMALITY_UNASSIGNED,GF3A_DIRECTIONAL_WRITE_EXHAUSTED_PRIMALITY_UNASSIGNED,514,512,512,NO_RECORDED_FACTOR_PRP_OR_LL_RESULT_AND_NO_ACTIVE_GIMPS_ASSIGNMENT,2026-08-08T19:16:24+00:00,UNALLOCATED,,,,,
SLCMP700-3953,3953,3954,317449487,2^317449487-1,STRUCTURAL_SCREEN_EXHAUSTED_PRIMALITY_UNASSIGNED,GF3A_DIRECTIONAL_WRITE_EXHAUSTED_PRIMALITY_UNASSIGNED,514,512,512,NO_RECORDED_FACTOR_PRP_OR_LL_RESULT_AND_NO_ACTIVE_GIMPS_ASSIGNMENT,2026-08-08T19:16:24+00:00,UNALLOCATED,,,,,
SLCMP700-3954,3954,3955,317449499,2^317449499-1,STRUCTURAL_SCREEN_EXHAUSTED_PRIMALITY_UNASSIGNED,GF3A_DIRECTIONAL_WRITE_EXHAUSTED_PRIMALITY_UNASSIGNED,514,512,512,NO_RECORDED_FACTOR_PRP_OR_LL_RESULT_AND_NO_ACTIVE_GIMPS_ASSIGNMENT,2026-08-08T19:16:24+00:00,UNALLOCATED,,,,,
SLCMP700-3955,3955,3956,317449567,2^317449567-1,STRUCTURAL_SCREEN_EXHAUSTED_PRIMALITY_UNASSIGNED,GF3A_DIRECTIONAL_WRITE_EXHAUSTED_PRIMALITY_UNASSIGNED,514,512,512,NO_RECORDED_FACTOR_PRP_OR_LL_RESULT_AND_NO_ACTIVE_GIMPS_ASSIGNMENT,2026-08-08T19:16:24+00:00,UNALLOCATED,,,,,
SLCMP700-3956,3956,3957,317449589,2^317449589-1,STRUCTURAL_SCREEN_EXHAUSTED_PRIMALITY_UNASSIGNED,GF3A_DIRECTIONAL_WRITE_EXHAUSTED_PRIMALITY_UNASSIGNED,513,512,512,NO_RECORDED_FACTOR_PRP_OR_LL_RESULT_AND_NO_ACTIVE_GIMPS_ASSIGNMENT,2026-08-08T19:16:24+00:00,UNALLOCATED,,,,,
SLCMP700-3957,3957,3958,317449597,2^317449597-1,STRUCTURAL_SCREEN_EXHAUSTED_PRIMALITY_UNASSIGNED,GF3A_DIRECTIONAL_WRITE_EXHAUSTED_PRIMALITY_UNASSIGNED,513,512,512,NO_RECORDED_FACTOR_PRP_OR_LL_RESULT_AND_NO_ACTIVE_GIMPS_ASSIGNMENT,2026-08-08T19:16:24+00:00,UNALLOCATED,,,,,
SLCMP700-3958,3958,3959,317449651,2^317449651-1,STRUCTURAL_SCREEN_EXHAUSTED_PRIMALITY_UNASSIGNED,GF3A_DIRECTIONAL_WRITE_EXHAUSTED_PRIMALITY_UNASSIGNED,514,512,512,NO_RECORDED_FACTOR_PRP_OR_LL_RESULT_AND_NO_ACTIVE_GIMPS_ASSIGNMENT,2026-08-08T19:16:24+00:00,UNALLOCATED,,,,,
SLCMP700-3959,3959,3960,317449879,2^317449879-1,STRUCTURAL_SCREEN_EXHAUSTED_PRIMALITY_UNASSIGNED,GF3A_DIRECTIONAL_WRITE_EXHAUSTED_PRIMALITY_UNASSIGNED,514,512,512,NO_RECORDED_FACTOR_PRP_OR_LL_RESULT_AND_NO_ACTIVE_GIMPS_ASSIGNMENT,2026-08-08T19:16:24+00:00,UNALLOCATED,,,,,
SLCMP700-3960,3960,3961,317449949,2^317449949-1,STRUCTURAL_SCREEN_EXHAUSTED_PRIMALITY_UNASSIGNED,GF3A_DIRECTIONAL_WRITE_EXHAUSTED_PRIMALITY_UNASSIGNED,513,512,512,NO_RECORDED_FACTOR_PRP_OR_LL_RESULT_AND_NO_ACTIVE_GIMPS_ASSIGNMENT,2026-08-08T19:16:24+00:00,UNALLOCATED,,,,,
SLCMP700-3961,3961,3962,317449981,2^317449981-1,STRUCTURAL_SCREEN_EXHAUSTED_PRIMALITY_UNASSIGNED,GF3A_DIRECTIONAL_WRITE_EXHAUSTED_PRIMALITY_UNASSIGNED,513,512,512,NO_RECORDED_FACTOR_PRP_OR_LL_RESULT_AND_NO_ACTIVE_GIMPS_ASSIGNMENT,2026-08-08T19:16:24+00:00,UNALLOCATED,,,,,
SLCMP700-3962,3962,3963,317449999,2^317449999-1,STRUCTURAL_SCREEN_EXHAUSTED_PRIMALITY_UNASSIGNED,GF3A_DIRECTIONAL_WRITE_EXHAUSTED_PRIMALITY_UNASSIGNED,514,512,512,NO_RECORDED_FACTOR_PRP_OR_LL_RESULT_AND_NO_ACTIVE_GIMPS_ASSIGNMENT,2026-08-08T19:16:24+00:00,UNALLOCATED,,,,,
SLCMP700-3963,3963,3964,317450113,2^317450113-1,STRUCTURAL_SCREEN_EXHAUSTED_PRIMALITY_UNASSIGNED,GF3A_DIRECTIONAL_WRITE_EXHAUSTED_PRIMALITY_UNASSIGNED,513,512,512,NO_RECORDED_FACTOR_PRP_OR_LL_RESULT_AND_NO_ACTIVE_GIMPS_ASSIGNMENT,2026-08-08T19:16:24+00:00,UNALLOCATED,,,,,
SLCMP700-3964,3964,3965,317450201,2^317450201-1,STRUCTURAL_SCREEN_EXHAUSTED_PRIMALITY_UNASSIGNED,GF3A_DIRECTIONAL_WRITE_EXHAUSTED_PRIMALITY_UNASSIGNED,513,512,512,NO_RECORDED_FACTOR_PRP_OR_LL_RESULT_AND_NO_ACTIVE_GIMPS_ASSIGNMENT,2026-08-08T19:16:24+00:00,UNALLOCATED,,,,,
SLCMP700-3965,3965,3966,317450219,2^317450219-1,STRUCTURAL_SCREEN_EXHAUSTED_PRIMALITY_UNASSIGNED,GF3A_DIRECTIONAL_WRITE_EXHAUSTED_PRIMALITY_UNASSIGNED,514,512,512,NO_RECORDED_FACTOR_PRP_OR_LL_RESULT_AND_NO_ACTIVE_GIMPS_ASSIGNMENT,2026-08-08T19:16:24+00:00,UNALLOCATED,,,,,
SLCMP700-3966,3966,3967,317450227,2^317450227-1,STRUCTURAL_SCREEN_EXHAUSTED_PRIMALITY_UNASSIGNED,GF3A_DIRECTIONAL_WRITE_EXHAUSTED_PRIMALITY_UNASSIGNED,514,512,512,NO_RECORDED_FACTOR_PRP_OR_LL_RESULT_AND_NO_ACTIVE_GIMPS_ASSIGNMENT,2026-08-08T19:16:24+00:00,UNALLOCATED,,,,,
SLCMP700-3967,3967,3968,317450317,2^317450317-1,STRUCTURAL_SCREEN_EXHAUSTED_PRIMALITY_UNASSIGNED,GF3A_DIRECTIONAL_WRITE_EXHAUSTED_PRIMALITY_UNASSIGNED,513,512,512,NO_RECORDED_FACTOR_PRP_OR_LL_RESULT_AND_NO_ACTIVE_GIMPS_ASSIGNMENT,2026-08-08T19:16:24+00:00,UNALLOCATED,,,,,
SLCMP700-3968,3968,3969,317450339,2^317450339-1,STRUCTURAL_SCREEN_EXHAUSTED_PRIMALITY_UNASSIGNED,GF3A_DIRECTIONAL_WRITE_EXHAUSTED_PRIMALITY_UNASSIGNED,514,512,512,NO_RECORDED_FACTOR_PRP_OR_LL_RESULT_AND_NO_ACTIVE_GIMPS_ASSIGNMENT,2026-08-08T19:16:24+00:00,UNALLOCATED,,,,,
SLCMP700-3969,3969,3970,317450387,2^317450387-1,STRUCTURAL_SCREEN_EXHAUSTED_PRIMALITY_UNASSIGNED,GF3A_DIRECTIONAL_WRITE_EXHAUSTED_PRIMALITY_UNASSIGNED,514,512,512,NO_RECORDED_FACTOR_PRP_OR_LL_RESULT_AND_NO_ACTIVE_GIMPS_ASSIGNMENT,2026-08-08T19:16:24+00:00,UNALLOCATED,,,,,
SLCMP700-3970,3970,3971,317450449,2^317450449-1,STRUCTURAL_SCREEN_EXHAUSTED_PRIMALITY_UNASSIGNED,GF3A_DIRECTIONAL_WRITE_EXHAUSTED_PRIMALITY_UNASSIGNED,513,512,512,NO_RECORDED_FACTOR_PRP_OR_LL_RESULT_AND_NO_ACTIVE_GIMPS_ASSIGNMENT,2026-08-08T19:16:24+00:00,UNALLOCATED,,,,,
SLCMP700-3971,3971,3972,317450459,2^317450459-1,STRUCTURAL_SCREEN_EXHAUSTED_PRIMALITY_UNASSIGNED,GF3A_DIRECTIONAL_WRITE_EXHAUSTED_PRIMALITY_UNASSIGNED,514,512,512,NO_RECORDED_FACTOR_PRP_OR_LL_RESULT_AND_NO_ACTIVE_GIMPS_ASSIGNMENT,2026-08-08T19:16:24+00:00,UNALLOCATED,,,,,
SLCMP700-3972,3972,3973,317450473,2^317450473-1,STRUCTURAL_SCREEN_EXHAUSTED_PRIMALITY_UNASSIGNED,GF3A_DIRECTIONAL_WRITE_EXHAUSTED_PRIMALITY_UNASSIGNED,513,512,512,NO_RECORDED_FACTOR_PRP_OR_LL_RESULT_AND_NO_ACTIVE_GIMPS_ASSIGNMENT,2026-08-08T19:16:24+00:00,UNALLOCATED,,,,,
SLCMP700-3973,3973,3974,317450687,2^317450687-1,STRUCTURAL_SCREEN_EXHAUSTED_PRIMALITY_UNASSIGNED,GF3A_DIRECTIONAL_WRITE_EXHAUSTED_PRIMALITY_UNASSIGNED,514,512,512,NO_RECORDED_FACTOR_PRP_OR_LL_RESULT_AND_NO_ACTIVE_GIMPS_ASSIGNMENT,2026-08-08T19:16:24+00:00,UNALLOCATED,,,,,
SLCMP700-3974,3974,3975,317450719,2^317450719-1,STRUCTURAL_SCREEN_EXHAUSTED_PRIMALITY_UNASSIGNED,GF3A_DIRECTIONAL_WRITE_EXHAUSTED_PRIMALITY_UNASSIGNED,514,512,512,NO_RECORDED_FACTOR_PRP_OR_LL_RESULT_AND_NO_ACTIVE_GIMPS_ASSIGNMENT,2026-08-08T19:16:24+00:00,UNALLOCATED,,,,,
SLCMP700-3975,3975,3976,317450729,2^317450729-1,STRUCTURAL_SCREEN_EXHAUSTED_PRIMALITY_UNASSIGNED,GF3A_DIRECTIONAL_WRITE_EXHAUSTED_PRIMALITY_UNASSIGNED,513,512,512,NO_RECORDED_FACTOR_PRP_OR_LL_RESULT_AND_NO_ACTIVE_GIMPS_ASSIGNMENT,2026-08-08T19:16:24+00:00,UNALLOCATED,,,,,
SLCMP700-3976,3976,3977,317450827,2^317450827-1,STRUCTURAL_SCREEN_EXHAUSTED_PRIMALITY_UNASSIGNED,GF3A_DIRECTIONAL_WRITE_EXHAUSTED_PRIMALITY_UNASSIGNED,514,512,512,NO_RECORDED_FACTOR_PRP_OR_LL_RESULT_AND_NO_ACTIVE_GIMPS_ASSIGNMENT,2026-08-08T19:16:24+00:00,UNALLOCATED,,,,,
SLCMP700-3977,3977,3978,317450863,2^317450863-1,STRUCTURAL_SCREEN_EXHAUSTED_PRIMALITY_UNASSIGNED,GF3A_DIRECTIONAL_WRITE_EXHAUSTED_PRIMALITY_UNASSIGNED,514,512,512,NO_RECORDED_FACTOR_PRP_OR_LL_RESULT_AND_NO_ACTIVE_GIMPS_ASSIGNMENT,2026-08-08T19:16:24+00:00,UNALLOCATED,,,,,
SLCMP700-3978,3978,3979,317450923,2^317450923-1,STRUCTURAL_SCREEN_EXHAUSTED_PRIMALITY_UNASSIGNED,GF3A_DIRECTIONAL_WRITE_EXHAUSTED_PRIMALITY_UNASSIGNED,514,512,512,NO_RECORDED_FACTOR_PRP_OR_LL_RESULT_AND_NO_ACTIVE_GIMPS_ASSIGNMENT,2026-08-08T19:16:24+00:00,UNALLOCATED,,,,,
SLCMP700-3979,3979,3980,317450929,2^317450929-1,STRUCTURAL_SCREEN_EXHAUSTED_PRIMALITY_UNASSIGNED,GF3A_DIRECTIONAL_WRITE_EXHAUSTED_PRIMALITY_UNASSIGNED,513,512,512,NO_RECORDED_FACTOR_PRP_OR_LL_RESULT_AND_NO_ACTIVE_GIMPS_ASSIGNMENT,2026-08-08T19:16:24+00:00,UNALLOCATED,,,,,
SLCMP700-3980,3980,3981,317450933,2^317450933-1,STRUCTURAL_SCREEN_EXHAUSTED_PRIMALITY_UNASSIGNED,GF3A_DIRECTIONAL_WRITE_EXHAUSTED_PRIMALITY_UNASSIGNED,513,512,512,NO_RECORDED_FACTOR_PRP_OR_LL_RESULT_AND_NO_ACTIVE_GIMPS_ASSIGNMENT,2026-08-08T19:16:24+00:00,UNALLOCATED,,,,,
SLCMP700-3981,3981,3982,317450941,2^317450941-1,STRUCTURAL_SCREEN_EXHAUSTED_PRIMALITY_UNASSIGNED,GF3A_DIRECTIONAL_WRITE_EXHAUSTED_PRIMALITY_UNASSIGNED,513,512,512,NO_RECORDED_FACTOR_PRP_OR_LL_RESULT_AND_NO_ACTIVE_GIMPS_ASSIGNMENT,2026-08-08T19:16:24+00:00,UNALLOCATED,,,,,
SLCMP700-3982,3982,3983,317451059,2^317451059-1,STRUCTURAL_SCREEN_EXHAUSTED_PRIMALITY_UNASSIGNED,GF3A_DIRECTIONAL_WRITE_EXHAUSTED_PRIMALITY_UNASSIGNED,514,512,512,NO_RECORDED_FACTOR_PRP_OR_LL_RESULT_AND_NO_ACTIVE_GIMPS_ASSIGNMENT,2026-08-08T19:16:24+00:00,UNALLOCATED,,,,,
SLCMP700-3983,3983,3984,317451133,2^317451133-1,STRUCTURAL_SCREEN_EXHAUSTED_PRIMALITY_UNASSIGNED,GF3A_DIRECTIONAL_WRITE_EXHAUSTED_PRIMALITY_UNASSIGNED,513,512,512,NO_RECORDED_FACTOR_PRP_OR_LL_RESULT_AND_NO_ACTIVE_GIMPS_ASSIGNMENT,2026-08-08T19:16:24+00:00,UNALLOCATED,,,,,
SLCMP700-3984,3984,3985,317451209,2^317451209-1,STRUCTURAL_SCREEN_EXHAUSTED_PRIMALITY_UNASSIGNED,GF3A_DIRECTIONAL_WRITE_EXHAUSTED_PRIMALITY_UNASSIGNED,513,512,512,NO_RECORDED_FACTOR_PRP_OR_LL_RESULT_AND_NO_ACTIVE_GIMPS_ASSIGNMENT,2026-08-08T19:16:24+00:00,UNALLOCATED,,,,,
SLCMP700-3985,3985,3986,317451227,2^317451227-1,STRUCTURAL_SCREEN_EXHAUSTED_PRIMALITY_UNASSIGNED,GF3A_DIRECTIONAL_WRITE_EXHAUSTED_PRIMALITY_UNASSIGNED,514,512,512,NO_RECORDED_FACTOR_PRP_OR_LL_RESULT_AND_NO_ACTIVE_GIMPS_ASSIGNMENT,2026-08-08T19:16:24+00:00,UNALLOCATED,,,,,
SLCMP700-3986,3986,3987,317451247,2^317451247-1,STRUCTURAL_SCREEN_EXHAUSTED_PRIMALITY_UNASSIGNED,GF3A_DIRECTIONAL_WRITE_EXHAUSTED_PRIMALITY_UNASSIGNED,514,512,512,NO_RECORDED_FACTOR_PRP_OR_LL_RESULT_AND_NO_ACTIVE_GIMPS_ASSIGNMENT,2026-08-08T19:16:24+00:00,UNALLOCATED,,,,,
SLCMP700-3987,3987,3988,317451263,2^317451263-1,STRUCTURAL_SCREEN_EXHAUSTED_PRIMALITY_UNASSIGNED,GF3A_DIRECTIONAL_WRITE_EXHAUSTED_PRIMALITY_UNASSIGNED,514,512,512,NO_RECORDED_FACTOR_PRP_OR_LL_RESULT_AND_NO_ACTIVE_GIMPS_ASSIGNMENT,2026-08-08T19:16:24+00:00,UNALLOCATED,,,,,
SLCMP700-3988,3988,3989,317451289,2^317451289-1,STRUCTURAL_SCREEN_EXHAUSTED_PRIMALITY_UNASSIGNED,GF3A_DIRECTIONAL_WRITE_EXHAUSTED_PRIMALITY_UNASSIGNED,513,512,512,NO_RECORDED_FACTOR_PRP_OR_LL_RESULT_AND_NO_ACTIVE_GIMPS_ASSIGNMENT,2026-08-08T19:16:24+00:00,UNALLOCATED,,,,,
SLCMP700-3989,3989,3990,317451347,2^317451347-1,STRUCTURAL_SCREEN_EXHAUSTED_PRIMALITY_UNASSIGNED,GF3A_DIRECTIONAL_WRITE_EXHAUSTED_PRIMALITY_UNASSIGNED,514,512,512,NO_RECORDED_FACTOR_PRP_OR_LL_RESULT_AND_NO_ACTIVE_GIMPS_ASSIGNMENT,2026-08-08T19:16:24+00:00,UNALLOCATED,,,,,
SLCMP700-3990,3990,3991,317451349,2^317451349-1,STRUCTURAL_SCREEN_EXHAUSTED_PRIMALITY_UNASSIGNED,GF3A_DIRECTIONAL_WRITE_EXHAUSTED_PRIMALITY_UNASSIGNED,513,512,512,NO_RECORDED_FACTOR_PRP_OR_LL_RESULT_AND_NO_ACTIVE_GIMPS_ASSIGNMENT,2026-08-08T19:16:24+00:00,UNALLOCATED,,,,,
SLCMP700-3991,3991,3992,317451401,2^317451401-1,STRUCTURAL_SCREEN_EXHAUSTED_PRIMALITY_UNASSIGNED,GF3A_DIRECTIONAL_WRITE_EXHAUSTED_PRIMALITY_UNASSIGNED,513,512,512,NO_RECORDED_FACTOR_PRP_OR_LL_RESULT_AND_NO_ACTIVE_GIMPS_ASSIGNMENT,2026-08-08T19:16:24+00:00,UNALLOCATED,,,,,
SLCMP700-3992,3992,3993,317451481,2^317451481-1,STRUCTURAL_SCREEN_EXHAUSTED_PRIMALITY_UNASSIGNED,GF3A_DIRECTIONAL_WRITE_EXHAUSTED_PRIMALITY_UNASSIGNED,513,512,512,NO_RECORDED_FACTOR_PRP_OR_LL_RESULT_AND_NO_ACTIVE_GIMPS_ASSIGNMENT,2026-08-08T19:16:24+00:00,UNALLOCATED,,,,,
SLCMP700-3993,3993,3994,317451509,2^317451509-1,STRUCTURAL_SCREEN_EXHAUSTED_PRIMALITY_UNASSIGNED,GF3A_DIRECTIONAL_WRITE_EXHAUSTED_PRIMALITY_UNASSIGNED,513,512,512,NO_RECORDED_FACTOR_PRP_OR_LL_RESULT_AND_NO_ACTIVE_GIMPS_ASSIGNMENT,2026-08-08T19:16:24+00:00,UNALLOCATED,,,,,
SLCMP700-3994,3994,3995,317451539,2^317451539-1,STRUCTURAL_SCREEN_EXHAUSTED_PRIMALITY_UNASSIGNED,GF3A_DIRECTIONAL_WRITE_EXHAUSTED_PRIMALITY_UNASSIGNED,514,512,512,NO_RECORDED_FACTOR_PRP_OR_LL_RESULT_AND_NO_ACTIVE_GIMPS_ASSIGNMENT,2026-08-08T19:16:24+00:00,UNALLOCATED,,,,,
SLCMP700-3995,3995,3996,317451577,2^317451577-1,STRUCTURAL_SCREEN_EXHAUSTED_PRIMALITY_UNASSIGNED,GF3A_DIRECTIONAL_WRITE_EXHAUSTED_PRIMALITY_UNASSIGNED,513,512,512,NO_RECORDED_FACTOR_PRP_OR_LL_RESULT_AND_NO_ACTIVE_GIMPS_ASSIGNMENT,2026-08-08T19:16:24+00:00,UNALLOCATED,,,,,
SLCMP700-3996,3996,3997,317451623,2^317451623-1,STRUCTURAL_SCREEN_EXHAUSTED_PRIMALITY_UNASSIGNED,GF3A_DIRECTIONAL_WRITE_EXHAUSTED_PRIMALITY_UNASSIGNED,514,512,512,NO_RECORDED_FACTOR_PRP_OR_LL_RESULT_AND_NO_ACTIVE_GIMPS_ASSIGNMENT,2026-08-08T19:16:24+00:00,UNALLOCATED,,,,,
SLCMP700-3997,3997,3998,317451649,2^317451649-1,STRUCTURAL_SCREEN_EXHAUSTED_PRIMALITY_UNASSIGNED,GF3A_DIRECTIONAL_WRITE_EXHAUSTED_PRIMALITY_UNASSIGNED,513,512,512,NO_RECORDED_FACTOR_PRP_OR_LL_RESULT_AND_NO_ACTIVE_GIMPS_ASSIGNMENT,2026-08-08T19:16:24+00:00,UNALLOCATED,,,,,
SLCMP700-3998,3998,3999,317451653,2^317451653-1,STRUCTURAL_SCREEN_EXHAUSTED_PRIMALITY_UNASSIGNED,GF3A_DIRECTIONAL_WRITE_EXHAUSTED_PRIMALITY_UNASSIGNED,513,512,512,NO_RECORDED_FACTOR_PRP_OR_LL_RESULT_AND_NO_ACTIVE_GIMPS_ASSIGNMENT,2026-08-08T19:16:24+00:00,UNALLOCATED,,,,,
SLCMP700-3999,3999,4000,317451731,2^317451731-1,STRUCTURAL_SCREEN_EXHAUSTED_PRIMALITY_UNASSIGNED,GF3A_DIRECTIONAL_WRITE_EXHAUSTED_PRIMALITY_UNASSIGNED,514,512,512,NO_RECORDED_FACTOR_PRP_OR_LL_RESULT_AND_NO_ACTIVE_GIMPS_ASSIGNMENT,2026-08-08T19:16:24+00:00,UNALLOCATED,,,,,
SLCMP700-4000,4000,4001,317451769,2^317451769-1,STRUCTURAL_SCREEN_EXHAUSTED_PRIMALITY_UNASSIGNED,GF3A_DIRECTIONAL_WRITE_EXHAUSTED_PRIMALITY_UNASSIGNED,513,512,512,NO_RECORDED_FACTOR_PRP_OR_LL_RESULT_AND_NO_ACTIVE_GIMPS_ASSIGNMENT,2026-08-08T19:16:24+00:00,UNALLOCATED,,,,,
SLCMP700-4001,4001,4002,317451793,2^317451793-1,STRUCTURAL_SCREEN_EXHAUSTED_PRIMALITY_UNASSIGNED,GF3A_DIRECTIONAL_WRITE_EXHAUSTED_PRIMALITY_UNASSIGNED,513,512,512,NO_RECORDED_FACTOR_PRP_OR_LL_RESULT_AND_NO_ACTIVE_GIMPS_ASSIGNMENT,2026-08-08T19:16:24+00:00,UNALLOCATED,,,,,
SLCMP700-4002,4002,4003,317451809,2^317451809-1,STRUCTURAL_SCREEN_EXHAUSTED_PRIMALITY_UNASSIGNED,GF3A_DIRECTIONAL_WRITE_EXHAUSTED_PRIMALITY_UNASSIGNED,513,512,512,NO_RECORDED_FACTOR_PRP_OR_LL_RESULT_AND_NO_ACTIVE_GIMPS_ASSIGNMENT,2026-08-08T19:16:24+00:00,UNALLOCATED,,,,,
SLCMP700-4003,4003,4004,317451817,2^317451817-1,STRUCTURAL_SCREEN_EXHAUSTED_PRIMALITY_UNASSIGNED,GF3A_DIRECTIONAL_WRITE_EXHAUSTED_PRIMALITY_UNASSIGNED,513,512,512,NO_RECORDED_FACTOR_PRP_OR_LL_RESULT_AND_NO_ACTIVE_GIMPS_ASSIGNMENT,2026-08-08T19:16:24+00:00,UNALLOCATED,,,,,
SLCMP700-4004,4004,4005,317451857,2^317451857-1,STRUCTURAL_SCREEN_EXHAUSTED_PRIMALITY_UNASSIGNED,GF3A_DIRECTIONAL_WRITE_EXHAUSTED_PRIMALITY_UNASSIGNED,513,512,512,NO_RECORDED_FACTOR_PRP_OR_LL_RESULT_AND_NO_ACTIVE_GIMPS_ASSIGNMENT,2026-08-08T19:16:24+00:00,UNALLOCATED,,,,,
SLCMP700-4005,4005,4006,317451859,2^317451859-1,STRUCTURAL_SCREEN_EXHAUSTED_PRIMALITY_UNASSIGNED,GF3A_DIRECTIONAL_WRITE_EXHAUSTED_PRIMALITY_UNASSIGNED,514,512,512,NO_RECORDED_FACTOR_PRP_OR_LL_RESULT_AND_NO_ACTIVE_GIMPS_ASSIGNMENT,2026-08-08T19:16:24+00:00,UNALLOCATED,,,,,
SLCMP700-4006,4006,4007,317451983,2^317451983-1,STRUCTURAL_SCREEN_EXHAUSTED_PRIMALITY_UNASSIGNED,GF3A_DIRECTIONAL_WRITE_EXHAUSTED_PRIMALITY_UNASSIGNED,514,512,512,NO_RECORDED_FACTOR_PRP_OR_LL_RESULT_AND_NO_ACTIVE_GIMPS_ASSIGNMENT,2026-08-08T19:16:24+00:00,UNALLOCATED,,,,,
SLCMP700-4007,4007,4008,317452207,2^317452207-1,STRUCTURAL_SCREEN_EXHAUSTED_PRIMALITY_UNASSIGNED,GF3A_DIRECTIONAL_WRITE_EXHAUSTED_PRIMALITY_UNASSIGNED,514,512,512,NO_RECORDED_FACTOR_PRP_OR_LL_RESULT_AND_NO_ACTIVE_GIMPS_ASSIGNMENT,2026-08-08T19:16:24+00:00,UNALLOCATED,,,,,
SLCMP700-4008,4008,4009,317452277,2^317452277-1,STRUCTURAL_SCREEN_EXHAUSTED_PRIMALITY_UNASSIGNED,GF3A_DIRECTIONAL_WRITE_EXHAUSTED_PRIMALITY_UNASSIGNED,513,512,512,NO_RECORDED_FACTOR_PRP_OR_LL_RESULT_AND_NO_ACTIVE_GIMPS_ASSIGNMENT,2026-08-08T19:16:24+00:00,UNALLOCATED,,,,,
SLCMP700-4009,4009,4010,317452297,2^317452297-1,STRUCTURAL_SCREEN_EXHAUSTED_PRIMALITY_UNASSIGNED,GF3A_DIRECTIONAL_WRITE_EXHAUSTED_PRIMALITY_UNASSIGNED,513,512,512,NO_RECORDED_FACTOR_PRP_OR_LL_RESULT_AND_NO_ACTIVE_GIMPS_ASSIGNMENT,2026-08-08T19:16:24+00:00,UNALLOCATED,,,,,
SLCMP700-4010,4010,4011,317452327,2^317452327-1,STRUCTURAL_SCREEN_EXHAUSTED_PRIMALITY_UNASSIGNED,GF3A_DIRECTIONAL_WRITE_EXHAUSTED_PRIMALITY_UNASSIGNED,514,512,512,NO_RECORDED_FACTOR_PRP_OR_LL_RESULT_AND_NO_ACTIVE_GIMPS_ASSIGNMENT,2026-08-08T19:16:24+00:00,UNALLOCATED,,,,,
SLCMP700-4011,4011,4012,317452379,2^317452379-1,STRUCTURAL_SCREEN_EXHAUSTED_PRIMALITY_UNASSIGNED,GF3A_DIRECTIONAL_WRITE_EXHAUSTED_PRIMALITY_UNASSIGNED,514,512,512,NO_RECORDED_FACTOR_PRP_OR_LL_RESULT_AND_NO_ACTIVE_GIMPS_ASSIGNMENT,2026-08-08T19:16:24+00:00,UNALLOCATED,,,,,
SLCMP700-4012,4012,4013,317452403,2^317452403-1,STRUCTURAL_SCREEN_EXHAUSTED_PRIMALITY_UNASSIGNED,GF3A_DIRECTIONAL_WRITE_EXHAUSTED_PRIMALITY_UNASSIGNED,514,512,512,NO_RECORDED_FACTOR_PRP_OR_LL_RESULT_AND_NO_ACTIVE_GIMPS_ASSIGNMENT,2026-08-08T19:16:24+00:00,UNALLOCATED,,,,,
SLCMP700-4013,4013,4014,317452459,2^317452459-1,STRUCTURAL_SCREEN_EXHAUSTED_PRIMALITY_UNASSIGNED,GF3A_DIRECTIONAL_WRITE_EXHAUSTED_PRIMALITY_UNASSIGNED,514,512,512,NO_RECORDED_FACTOR_PRP_OR_LL_RESULT_AND_NO_ACTIVE_GIMPS_ASSIGNMENT,2026-08-08T19:16:24+00:00,UNALLOCATED,,,,,
SLCMP700-4014,4014,4015,317452537,2^317452537-1,STRUCTURAL_SCREEN_EXHAUSTED_PRIMALITY_UNASSIGNED,GF3A_DIRECTIONAL_WRITE_EXHAUSTED_PRIMALITY_UNASSIGNED,513,512,512,NO_RECORDED_FACTOR_PRP_OR_LL_RESULT_AND_NO_ACTIVE_GIMPS_ASSIGNMENT,2026-08-08T19:16:24+00:00,UNALLOCATED,,,,,
SLCMP700-4015,4015,4016,317452609,2^317452609-1,STRUCTURAL_SCREEN_EXHAUSTED_PRIMALITY_UNASSIGNED,GF3A_DIRECTIONAL_WRITE_EXHAUSTED_PRIMALITY_UNASSIGNED,513,512,512,NO_RECORDED_FACTOR_PRP_OR_LL_RESULT_AND_NO_ACTIVE_GIMPS_ASSIGNMENT,2026-08-08T19:16:24+00:00,UNALLOCATED,,,,,
SLCMP700-4016,4016,4017,317452643,2^317452643-1,STRUCTURAL_SCREEN_EXHAUSTED_PRIMALITY_UNASSIGNED,GF3A_DIRECTIONAL_WRITE_EXHAUSTED_PRIMALITY_UNASSIGNED,514,512,512,NO_RECORDED_FACTOR_PRP_OR_LL_RESULT_AND_NO_ACTIVE_GIMPS_ASSIGNMENT,2026-08-08T19:16:24+00:00,UNALLOCATED,,,,,
SLCMP700-4017,4017,4018,317452687,2^317452687-1,STRUCTURAL_SCREEN_EXHAUSTED_PRIMALITY_UNASSIGNED,GF3A_DIRECTIONAL_WRITE_EXHAUSTED_PRIMALITY_UNASSIGNED,514,512,512,NO_RECORDED_FACTOR_PRP_OR_LL_RESULT_AND_NO_ACTIVE_GIMPS_ASSIGNMENT,2026-08-08T19:16:24+00:00,UNALLOCATED,,,,,
SLCMP700-4018,4018,4019,317452813,2^317452813-1,STRUCTURAL_SCREEN_EXHAUSTED_PRIMALITY_UNASSIGNED,GF3A_DIRECTIONAL_WRITE_EXHAUSTED_PRIMALITY_UNASSIGNED,513,512,512,NO_RECORDED_FACTOR_PRP_OR_LL_RESULT_AND_NO_ACTIVE_GIMPS_ASSIGNMENT,2026-08-08T19:16:24+00:00,UNALLOCATED,,,,,
SLCMP700-4019,4019,4020,317452819,2^317452819-1,STRUCTURAL_SCREEN_EXHAUSTED_PRIMALITY_UNASSIGNED,GF3A_DIRECTIONAL_WRITE_EXHAUSTED_PRIMALITY_UNASSIGNED,514,512,512,NO_RECORDED_FACTOR_PRP_OR_LL_RESULT_AND_NO_ACTIVE_GIMPS_ASSIGNMENT,2026-08-08T19:16:24+00:00,UNALLOCATED,,,,,
SLCMP700-4020,4020,4021,317452979,2^317452979-1,STRUCTURAL_SCREEN_EXHAUSTED_PRIMALITY_UNASSIGNED,GF3A_DIRECTIONAL_WRITE_EXHAUSTED_PRIMALITY_UNASSIGNED,514,512,512,NO_RECORDED_FACTOR_PRP_OR_LL_RESULT_AND_NO_ACTIVE_GIMPS_ASSIGNMENT,2026-08-08T19:16:24+00:00,UNALLOCATED,,,,,
SLCMP700-4021,4021,4022,317453011,2^317453011-1,STRUCTURAL_SCREEN_EXHAUSTED_PRIMALITY_UNASSIGNED,GF3A_DIRECTIONAL_WRITE_EXHAUSTED_PRIMALITY_UNASSIGNED,514,512,512,NO_RECORDED_FACTOR_PRP_OR_LL_RESULT_AND_NO_ACTIVE_GIMPS_ASSIGNMENT,2026-08-08T19:16:24+00:00,UNALLOCATED,,,,,
SLCMP700-4022,4022,4023,317453021,2^317453021-1,STRUCTURAL_SCREEN_EXHAUSTED_PRIMALITY_UNASSIGNED,GF3A_DIRECTIONAL_WRITE_EXHAUSTED_PRIMALITY_UNASSIGNED,513,512,512,NO_RECORDED_FACTOR_PRP_OR_LL_RESULT_AND_NO_ACTIVE_GIMPS_ASSIGNMENT,2026-08-08T19:16:24+00:00,UNALLOCATED,,,,,
SLCMP700-4023,4023,4024,317453033,2^317453033-1,STRUCTURAL_SCREEN_EXHAUSTED_PRIMALITY_UNASSIGNED,GF3A_DIRECTIONAL_WRITE_EXHAUSTED_PRIMALITY_UNASSIGNED,513,512,512,NO_RECORDED_FACTOR_PRP_OR_LL_RESULT_AND_NO_ACTIVE_GIMPS_ASSIGNMENT,2026-08-08T19:16:24+00:00,UNALLOCATED,,,,,
SLCMP700-4024,4024,4025,317453039,2^317453039-1,STRUCTURAL_SCREEN_EXHAUSTED_PRIMALITY_UNASSIGNED,GF3A_DIRECTIONAL_WRITE_EXHAUSTED_PRIMALITY_UNASSIGNED,514,512,512,NO_RECORDED_FACTOR_PRP_OR_LL_RESULT_AND_NO_ACTIVE_GIMPS_ASSIGNMENT,2026-08-08T19:16:24+00:00,UNALLOCATED,,,,,
SLCMP700-4025,4025,4026,317453131,2^317453131-1,STRUCTURAL_SCREEN_EXHAUSTED_PRIMALITY_UNASSIGNED,GF3A_DIRECTIONAL_WRITE_EXHAUSTED_PRIMALITY_UNASSIGNED,514,512,512,NO_RECORDED_FACTOR_PRP_OR_LL_RESULT_AND_NO_ACTIVE_GIMPS_ASSIGNMENT,2026-08-08T19:16:24+00:00,UNALLOCATED,,,,,
SLCMP700-4026,4026,4027,317453177,2^317453177-1,STRUCTURAL_SCREEN_EXHAUSTED_PRIMALITY_UNASSIGNED,GF3A_DIRECTIONAL_WRITE_EXHAUSTED_PRIMALITY_UNASSIGNED,513,512,512,NO_RECORDED_FACTOR_PRP_OR_LL_RESULT_AND_NO_ACTIVE_GIMPS_ASSIGNMENT,2026-08-08T19:16:24+00:00,UNALLOCATED,,,,,
SLCMP700-4027,4027,4028,317453183,2^317453183-1,STRUCTURAL_SCREEN_EXHAUSTED_PRIMALITY_UNASSIGNED,GF3A_DIRECTIONAL_WRITE_EXHAUSTED_PRIMALITY_UNASSIGNED,514,512,512,NO_RECORDED_FACTOR_PRP_OR_LL_RESULT_AND_NO_ACTIVE_GIMPS_ASSIGNMENT,2026-08-08T19:16:24+00:00,UNALLOCATED,,,,,
SLCMP700-4028,4028,4029,317453209,2^317453209-1,STRUCTURAL_SCREEN_EXHAUSTED_PRIMALITY_UNASSIGNED,GF3A_DIRECTIONAL_WRITE_EXHAUSTED_PRIMALITY_UNASSIGNED,513,512,512,NO_RECORDED_FACTOR_PRP_OR_LL_RESULT_AND_NO_ACTIVE_GIMPS_ASSIGNMENT,2026-08-08T19:16:24+00:00,UNALLOCATED,,,,,
SLCMP700-4029,4029,4030,317453243,2^317453243-1,STRUCTURAL_SCREEN_EXHAUSTED_PRIMALITY_UNASSIGNED,GF3A_DIRECTIONAL_WRITE_EXHAUSTED_PRIMALITY_UNASSIGNED,514,512,512,NO_RECORDED_FACTOR_PRP_OR_LL_RESULT_AND_NO_ACTIVE_GIMPS_ASSIGNMENT,2026-08-08T19:16:24+00:00,UNALLOCATED,,,,,
SLCMP700-4030,4030,4031,317453293,2^317453293-1,STRUCTURAL_SCREEN_EXHAUSTED_PRIMALITY_UNASSIGNED,GF3A_DIRECTIONAL_WRITE_EXHAUSTED_PRIMALITY_UNASSIGNED,513,512,512,NO_RECORDED_FACTOR_PRP_OR_LL_RESULT_AND_NO_ACTIVE_GIMPS_ASSIGNMENT,2026-08-08T19:16:24+00:00,UNALLOCATED,,,,,
SLCMP700-4031,4031,4032,317453341,2^317453341-1,STRUCTURAL_SCREEN_EXHAUSTED_PRIMALITY_UNASSIGNED,GF3A_DIRECTIONAL_WRITE_EXHAUSTED_PRIMALITY_UNASSIGNED,513,512,512,NO_RECORDED_FACTOR_PRP_OR_LL_RESULT_AND_NO_ACTIVE_GIMPS_ASSIGNMENT,2026-08-08T19:16:24+00:00,UNALLOCATED,,,,,
SLCMP700-4032,4032,4033,317453497,2^317453497-1,STRUCTURAL_SCREEN_EXHAUSTED_PRIMALITY_UNASSIGNED,GF3A_DIRECTIONAL_WRITE_EXHAUSTED_PRIMALITY_UNASSIGNED,513,512,512,NO_RECORDED_FACTOR_PRP_OR_LL_RESULT_AND_NO_ACTIVE_GIMPS_ASSIGNMENT,2026-08-08T19:16:24+00:00,UNALLOCATED,,,,,
SLCMP700-4033,4033,4034,317453551,2^317453551-1,STRUCTURAL_SCREEN_EXHAUSTED_PRIMALITY_UNASSIGNED,GF3A_DIRECTIONAL_WRITE_EXHAUSTED_PRIMALITY_UNASSIGNED,514,512,512,NO_RECORDED_FACTOR_PRP_OR_LL_RESULT_AND_NO_ACTIVE_GIMPS_ASSIGNMENT,2026-08-08T19:16:24+00:00,UNALLOCATED,,,,,
SLCMP700-4034,4034,4035,317453701,2^317453701-1,STRUCTURAL_SCREEN_EXHAUSTED_PRIMALITY_UNASSIGNED,GF3A_DIRECTIONAL_WRITE_EXHAUSTED_PRIMALITY_UNASSIGNED,513,512,512,NO_RECORDED_FACTOR_PRP_OR_LL_RESULT_AND_NO_ACTIVE_GIMPS_ASSIGNMENT,2026-08-08T19:16:24+00:00,UNALLOCATED,,,,,
SLCMP700-4035,4035,4036,317453711,2^317453711-1,STRUCTURAL_SCREEN_EXHAUSTED_PRIMALITY_UNASSIGNED,GF3A_DIRECTIONAL_WRITE_EXHAUSTED_PRIMALITY_UNASSIGNED,514,512,512,NO_RECORDED_FACTOR_PRP_OR_LL_RESULT_AND_NO_ACTIVE_GIMPS_ASSIGNMENT,2026-08-08T19:16:24+00:00,UNALLOCATED,,,,,
SLCMP700-4036,4036,4037,317453753,2^317453753-1,STRUCTURAL_SCREEN_EXHAUSTED_PRIMALITY_UNASSIGNED,GF3A_DIRECTIONAL_WRITE_EXHAUSTED_PRIMALITY_UNASSIGNED,513,512,512,NO_RECORDED_FACTOR_PRP_OR_LL_RESULT_AND_NO_ACTIVE_GIMPS_ASSIGNMENT,2026-08-08T19:16:24+00:00,UNALLOCATED,,,,,
SLCMP700-4037,4037,4038,317453809,2^317453809-1,STRUCTURAL_SCREEN_EXHAUSTED_PRIMALITY_UNASSIGNED,GF3A_DIRECTIONAL_WRITE_EXHAUSTED_PRIMALITY_UNASSIGNED,513,512,512,NO_RECORDED_FACTOR_PRP_OR_LL_RESULT_AND_NO_ACTIVE_GIMPS_ASSIGNMENT,2026-08-08T19:16:24+00:00,UNALLOCATED,,,,,
SLCMP700-4038,4038,4039,317453893,2^317453893-1,STRUCTURAL_SCREEN_EXHAUSTED_PRIMALITY_UNASSIGNED,GF3A_DIRECTIONAL_WRITE_EXHAUSTED_PRIMALITY_UNASSIGNED,513,512,512,NO_RECORDED_FACTOR_PRP_OR_LL_RESULT_AND_NO_ACTIVE_GIMPS_ASSIGNMENT,2026-08-08T19:16:24+00:00,UNALLOCATED,,,,,
SLCMP700-4039,4039,4040,317454017,2^317454017-1,STRUCTURAL_SCREEN_EXHAUSTED_PRIMALITY_UNASSIGNED,GF3A_DIRECTIONAL_WRITE_EXHAUSTED_PRIMALITY_UNASSIGNED,513,512,512,NO_RECORDED_FACTOR_PRP_OR_LL_RESULT_AND_NO_ACTIVE_GIMPS_ASSIGNMENT,2026-08-08T19:16:24+00:00,UNALLOCATED,,,,,
SLCMP700-4040,4040,4041,317454023,2^317454023-1,STRUCTURAL_SCREEN_EXHAUSTED_PRIMALITY_UNASSIGNED,GF3A_DIRECTIONAL_WRITE_EXHAUSTED_PRIMALITY_UNASSIGNED,514,512,512,NO_RECORDED_FACTOR_PRP_OR_LL_RESULT_AND_NO_ACTIVE_GIMPS_ASSIGNMENT,2026-08-08T19:16:24+00:00,UNALLOCATED,,,,,
SLCMP700-4041,4041,4042,317454113,2^317454113-1,STRUCTURAL_SCREEN_EXHAUSTED_PRIMALITY_UNASSIGNED,GF3A_DIRECTIONAL_WRITE_EXHAUSTED_PRIMALITY_UNASSIGNED,513,512,512,NO_RECORDED_FACTOR_PRP_OR_LL_RESULT_AND_NO_ACTIVE_GIMPS_ASSIGNMENT,2026-08-08T19:16:24+00:00,UNALLOCATED,,,,,
SLCMP700-4042,4042,4043,317454143,2^317454143-1,STRUCTURAL_SCREEN_EXHAUSTED_PRIMALITY_UNASSIGNED,GF3A_DIRECTIONAL_WRITE_EXHAUSTED_PRIMALITY_UNASSIGNED,514,512,512,NO_RECORDED_FACTOR_PRP_OR_LL_RESULT_AND_NO_ACTIVE_GIMPS_ASSIGNMENT,2026-08-08T19:16:24+00:00,UNALLOCATED,,,,,
SLCMP700-4043,4043,4044,317454283,2^317454283-1,STRUCTURAL_SCREEN_EXHAUSTED_PRIMALITY_UNASSIGNED,GF3A_DIRECTIONAL_WRITE_EXHAUSTED_PRIMALITY_UNASSIGNED,514,512,512,NO_RECORDED_FACTOR_PRP_OR_LL_RESULT_AND_NO_ACTIVE_GIMPS_ASSIGNMENT,2026-08-08T19:16:24+00:00,UNALLOCATED,,,,,
SLCMP700-4044,4044,4045,317454373,2^317454373-1,STRUCTURAL_SCREEN_EXHAUSTED_PRIMALITY_UNASSIGNED,GF3A_DIRECTIONAL_WRITE_EXHAUSTED_PRIMALITY_UNASSIGNED,513,512,512,NO_RECORDED_FACTOR_PRP_OR_LL_RESULT_AND_NO_ACTIVE_GIMPS_ASSIGNMENT,2026-08-08T19:16:24+00:00,UNALLOCATED,,,,,
SLCMP700-4045,4045,4046,317454377,2^317454377-1,STRUCTURAL_SCREEN_EXHAUSTED_PRIMALITY_UNASSIGNED,GF3A_DIRECTIONAL_WRITE_EXHAUSTED_PRIMALITY_UNASSIGNED,513,512,512,NO_RECORDED_FACTOR_PRP_OR_LL_RESULT_AND_NO_ACTIVE_GIMPS_ASSIGNMENT,2026-08-08T19:16:24+00:00,UNALLOCATED,,,,,
SLCMP700-4046,4046,4047,317454409,2^317454409-1,STRUCTURAL_SCREEN_EXHAUSTED_PRIMALITY_UNASSIGNED,GF3A_DIRECTIONAL_WRITE_EXHAUSTED_PRIMALITY_UNASSIGNED,513,512,512,NO_RECORDED_FACTOR_PRP_OR_LL_RESULT_AND_NO_ACTIVE_GIMPS_ASSIGNMENT,2026-08-08T19:16:24+00:00,UNALLOCATED,,,,,
SLCMP700-4047,4047,4048,317454427,2^317454427-1,STRUCTURAL_SCREEN_EXHAUSTED_PRIMALITY_UNASSIGNED,GF3A_DIRECTIONAL_WRITE_EXHAUSTED_PRIMALITY_UNASSIGNED,514,512,512,NO_RECORDED_FACTOR_PRP_OR_LL_RESULT_AND_NO_ACTIVE_GIMPS_ASSIGNMENT,2026-08-08T19:16:24+00:00,UNALLOCATED,,,,,
SLCMP700-4048,4048,4049,317454479,2^317454479-1,STRUCTURAL_SCREEN_EXHAUSTED_PRIMALITY_UNASSIGNED,GF3A_DIRECTIONAL_WRITE_EXHAUSTED_PRIMALITY_UNASSIGNED,514,512,512,NO_RECORDED_FACTOR_PRP_OR_LL_RESULT_AND_NO_ACTIVE_GIMPS_ASSIGNMENT,2026-08-08T19:16:24+00:00,UNALLOCATED,,,,,
SLCMP700-4049,4049,4050,317454517,2^317454517-1,STRUCTURAL_SCREEN_EXHAUSTED_PRIMALITY_UNASSIGNED,GF3A_DIRECTIONAL_WRITE_EXHAUSTED_PRIMALITY_UNASSIGNED,513,512,512,NO_RECORDED_FACTOR_PRP_OR_LL_RESULT_AND_NO_ACTIVE_GIMPS_ASSIGNMENT,2026-08-08T19:16:24+00:00,UNALLOCATED,,,,,
SLCMP700-4050,4050,4051,317454547,2^317454547-1,STRUCTURAL_SCREEN_EXHAUSTED_PRIMALITY_UNASSIGNED,GF3A_DIRECTIONAL_WRITE_EXHAUSTED_PRIMALITY_UNASSIGNED,514,512,512,NO_RECORDED_FACTOR_PRP_OR_LL_RESULT_AND_NO_ACTIVE_GIMPS_ASSIGNMENT,2026-08-08T19:16:24+00:00,UNALLOCATED,,,,,
SLCMP700-4051,4051,4052,317454637,2^317454637-1,STRUCTURAL_SCREEN_EXHAUSTED_PRIMALITY_UNASSIGNED,GF3A_DIRECTIONAL_WRITE_EXHAUSTED_PRIMALITY_UNASSIGNED,513,512,512,NO_RECORDED_FACTOR_PRP_OR_LL_RESULT_AND_NO_ACTIVE_GIMPS_ASSIGNMENT,2026-08-08T19:16:24+00:00,UNALLOCATED,,,,,
SLCMP700-4052,4052,4053,317454691,2^317454691-1,STRUCTURAL_SCREEN_EXHAUSTED_PRIMALITY_UNASSIGNED,GF3A_DIRECTIONAL_WRITE_EXHAUSTED_PRIMALITY_UNASSIGNED,514,512,512,NO_RECORDED_FACTOR_PRP_OR_LL_RESULT_AND_NO_ACTIVE_GIMPS_ASSIGNMENT,2026-08-08T19:16:24+00:00,UNALLOCATED,,,,,
SLCMP700-4053,4053,4054,317454721,2^317454721-1,STRUCTURAL_SCREEN_EXHAUSTED_PRIMALITY_UNASSIGNED,GF3A_DIRECTIONAL_WRITE_EXHAUSTED_PRIMALITY_UNASSIGNED,513,512,512,NO_RECORDED_FACTOR_PRP_OR_LL_RESULT_AND_NO_ACTIVE_GIMPS_ASSIGNMENT,2026-08-08T19:16:24+00:00,UNALLOCATED,,,,,
SLCMP700-4054,4054,4055,317454743,2^317454743-1,STRUCTURAL_SCREEN_EXHAUSTED_PRIMALITY_UNASSIGNED,GF3A_DIRECTIONAL_WRITE_EXHAUSTED_PRIMALITY_UNASSIGNED,514,512,512,NO_RECORDED_FACTOR_PRP_OR_LL_RESULT_AND_NO_ACTIVE_GIMPS_ASSIGNMENT,2026-08-08T19:16:24+00:00,UNALLOCATED,,,,,
SLCMP700-4055,4055,4056,317454829,2^317454829-1,STRUCTURAL_SCREEN_EXHAUSTED_PRIMALITY_UNASSIGNED,GF3A_DIRECTIONAL_WRITE_EXHAUSTED_PRIMALITY_UNASSIGNED,513,512,512,NO_RECORDED_FACTOR_PRP_OR_LL_RESULT_AND_NO_ACTIVE_GIMPS_ASSIGNMENT,2026-08-08T19:16:24+00:00,UNALLOCATED,,,,,
SLCMP700-4056,4056,4057,317454833,2^317454833-1,STRUCTURAL_SCREEN_EXHAUSTED_PRIMALITY_UNASSIGNED,GF3A_DIRECTIONAL_WRITE_EXHAUSTED_PRIMALITY_UNASSIGNED,513,512,512,NO_RECORDED_FACTOR_PRP_OR_LL_RESULT_AND_NO_ACTIVE_GIMPS_ASSIGNMENT,2026-08-08T19:16:24+00:00,UNALLOCATED,,,,,
SLCMP700-4057,4057,4058,317454847,2^317454847-1,STRUCTURAL_SCREEN_EXHAUSTED_PRIMALITY_UNASSIGNED,GF3A_DIRECTIONAL_WRITE_EXHAUSTED_PRIMALITY_UNASSIGNED,514,512,512,NO_RECORDED_FACTOR_PRP_OR_LL_RESULT_AND_NO_ACTIVE_GIMPS_ASSIGNMENT,2026-08-08T19:16:24+00:00,UNALLOCATED,,,,,
SLCMP700-4058,4058,4059,317454941,2^317454941-1,STRUCTURAL_SCREEN_EXHAUSTED_PRIMALITY_UNASSIGNED,GF3A_DIRECTIONAL_WRITE_EXHAUSTED_PRIMALITY_UNASSIGNED,513,512,512,NO_RECORDED_FACTOR_PRP_OR_LL_RESULT_AND_NO_ACTIVE_GIMPS_ASSIGNMENT,2026-08-08T19:16:24+00:00,UNALLOCATED,,,,,
SLCMP700-4059,4059,4060,317454959,2^317454959-1,STRUCTURAL_SCREEN_EXHAUSTED_PRIMALITY_UNASSIGNED,GF3A_DIRECTIONAL_WRITE_EXHAUSTED_PRIMALITY_UNASSIGNED,514,512,512,NO_RECORDED_FACTOR_PRP_OR_LL_RESULT_AND_NO_ACTIVE_GIMPS_ASSIGNMENT,2026-08-08T19:16:24+00:00,UNALLOCATED,,,,,
SLCMP700-4060,4060,4061,317455157,2^317455157-1,STRUCTURAL_SCREEN_EXHAUSTED_PRIMALITY_UNASSIGNED,GF3A_DIRECTIONAL_WRITE_EXHAUSTED_PRIMALITY_UNASSIGNED,513,512,512,NO_RECORDED_FACTOR_PRP_OR_LL_RESULT_AND_NO_ACTIVE_GIMPS_ASSIGNMENT,2026-08-08T19:16:24+00:00,UNALLOCATED,,,,,
SLCMP700-4061,4061,4062,317455409,2^317455409-1,STRUCTURAL_SCREEN_EXHAUSTED_PRIMALITY_UNASSIGNED,GF3A_DIRECTIONAL_WRITE_EXHAUSTED_PRIMALITY_UNASSIGNED,513,512,512,NO_RECORDED_FACTOR_PRP_OR_LL_RESULT_AND_NO_ACTIVE_GIMPS_ASSIGNMENT,2026-08-08T19:16:24+00:00,UNALLOCATED,,,,,
SLCMP700-4062,4062,4063,317455517,2^317455517-1,STRUCTURAL_SCREEN_EXHAUSTED_PRIMALITY_UNASSIGNED,GF3A_DIRECTIONAL_WRITE_EXHAUSTED_PRIMALITY_UNASSIGNED,513,512,512,NO_RECORDED_FACTOR_PRP_OR_LL_RESULT_AND_NO_ACTIVE_GIMPS_ASSIGNMENT,2026-08-08T19:16:24+00:00,UNALLOCATED,,,,,
SLCMP700-4063,4063,4064,317455571,2^317455571-1,STRUCTURAL_SCREEN_EXHAUSTED_PRIMALITY_UNASSIGNED,GF3A_DIRECTIONAL_WRITE_EXHAUSTED_PRIMALITY_UNASSIGNED,514,512,512,NO_RECORDED_FACTOR_PRP_OR_LL_RESULT_AND_NO_ACTIVE_GIMPS_ASSIGNMENT,2026-08-08T19:16:24+00:00,UNALLOCATED,,,,,
SLCMP700-4064,4064,4065,317455639,2^317455639-1,STRUCTURAL_SCREEN_EXHAUSTED_PRIMALITY_UNASSIGNED,GF3A_DIRECTIONAL_WRITE_EXHAUSTED_PRIMALITY_UNASSIGNED,514,512,512,NO_RECORDED_FACTOR_PRP_OR_LL_RESULT_AND_NO_ACTIVE_GIMPS_ASSIGNMENT,2026-08-08T19:16:24+00:00,UNALLOCATED,,,,,
SLCMP700-4065,4065,4066,317455669,2^317455669-1,STRUCTURAL_SCREEN_EXHAUSTED_PRIMALITY_UNASSIGNED,GF3A_DIRECTIONAL_WRITE_EXHAUSTED_PRIMALITY_UNASSIGNED,513,512,512,NO_RECORDED_FACTOR_PRP_OR_LL_RESULT_AND_NO_ACTIVE_GIMPS_ASSIGNMENT,2026-08-08T19:16:24+00:00,UNALLOCATED,,,,,
SLCMP700-4066,4066,4067,317455673,2^317455673-1,STRUCTURAL_SCREEN_EXHAUSTED_PRIMALITY_UNASSIGNED,GF3A_DIRECTIONAL_WRITE_EXHAUSTED_PRIMALITY_UNASSIGNED,513,512,512,NO_RECORDED_FACTOR_PRP_OR_LL_RESULT_AND_NO_ACTIVE_GIMPS_ASSIGNMENT,2026-08-08T19:16:24+00:00,UNALLOCATED,,,,,
SLCMP700-4067,4067,4068,317455711,2^317455711-1,STRUCTURAL_SCREEN_EXHAUSTED_PRIMALITY_UNASSIGNED,GF3A_DIRECTIONAL_WRITE_EXHAUSTED_PRIMALITY_UNASSIGNED,514,512,512,NO_RECORDED_FACTOR_PRP_OR_LL_RESULT_AND_NO_ACTIVE_GIMPS_ASSIGNMENT,2026-08-08T19:16:24+00:00,UNALLOCATED,,,,,
SLCMP700-4068,4068,4069,317455861,2^317455861-1,STRUCTURAL_SCREEN_EXHAUSTED_PRIMALITY_UNASSIGNED,GF3A_DIRECTIONAL_WRITE_EXHAUSTED_PRIMALITY_UNASSIGNED,513,512,512,NO_RECORDED_FACTOR_PRP_OR_LL_RESULT_AND_NO_ACTIVE_GIMPS_ASSIGNMENT,2026-08-08T19:16:24+00:00,UNALLOCATED,,,,,
SLCMP700-4069,4069,4070,317456039,2^317456039-1,STRUCTURAL_SCREEN_EXHAUSTED_PRIMALITY_UNASSIGNED,GF3A_DIRECTIONAL_WRITE_EXHAUSTED_PRIMALITY_UNASSIGNED,514,512,512,NO_RECORDED_FACTOR_PRP_OR_LL_RESULT_AND_NO_ACTIVE_GIMPS_ASSIGNMENT,2026-08-08T19:16:24+00:00,UNALLOCATED,,,,,
SLCMP700-4070,4070,4071,317456063,2^317456063-1,STRUCTURAL_SCREEN_EXHAUSTED_PRIMALITY_UNASSIGNED,GF3A_DIRECTIONAL_WRITE_EXHAUSTED_PRIMALITY_UNASSIGNED,514,512,512,NO_RECORDED_FACTOR_PRP_OR_LL_RESULT_AND_NO_ACTIVE_GIMPS_ASSIGNMENT,2026-08-08T19:16:24+00:00,UNALLOCATED,,,,,
SLCMP700-4071,4071,4072,317456137,2^317456137-1,STRUCTURAL_SCREEN_EXHAUSTED_PRIMALITY_UNASSIGNED,GF3A_DIRECTIONAL_WRITE_EXHAUSTED_PRIMALITY_UNASSIGNED,513,512,512,NO_RECORDED_FACTOR_PRP_OR_LL_RESULT_AND_NO_ACTIVE_GIMPS_ASSIGNMENT,2026-08-08T19:16:24+00:00,UNALLOCATED,,,,,
SLCMP700-4072,4072,4073,317456141,2^317456141-1,STRUCTURAL_SCREEN_EXHAUSTED_PRIMALITY_UNASSIGNED,GF3A_DIRECTIONAL_WRITE_EXHAUSTED_PRIMALITY_UNASSIGNED,513,512,512,NO_RECORDED_FACTOR_PRP_OR_LL_RESULT_AND_NO_ACTIVE_GIMPS_ASSIGNMENT,2026-08-08T19:16:24+00:00,UNALLOCATED,,,,,
SLCMP700-4073,4073,4074,317456221,2^317456221-1,STRUCTURAL_SCREEN_EXHAUSTED_PRIMALITY_UNASSIGNED,GF3A_DIRECTIONAL_WRITE_EXHAUSTED_PRIMALITY_UNASSIGNED,513,512,512,NO_RECORDED_FACTOR_PRP_OR_LL_RESULT_AND_NO_ACTIVE_GIMPS_ASSIGNMENT,2026-08-08T19:16:24+00:00,UNALLOCATED,,,,,
SLCMP700-4074,4074,4075,317456239,2^317456239-1,STRUCTURAL_SCREEN_EXHAUSTED_PRIMALITY_UNASSIGNED,GF3A_DIRECTIONAL_WRITE_EXHAUSTED_PRIMALITY_UNASSIGNED,514,512,512,NO_RECORDED_FACTOR_PRP_OR_LL_RESULT_AND_NO_ACTIVE_GIMPS_ASSIGNMENT,2026-08-08T19:16:24+00:00,UNALLOCATED,,,,,
SLCMP700-4075,4075,4076,317456257,2^317456257-1,STRUCTURAL_SCREEN_EXHAUSTED_PRIMALITY_UNASSIGNED,GF3A_DIRECTIONAL_WRITE_EXHAUSTED_PRIMALITY_UNASSIGNED,513,512,512,NO_RECORDED_FACTOR_PRP_OR_LL_RESULT_AND_NO_ACTIVE_GIMPS_ASSIGNMENT,2026-08-08T19:16:24+00:00,UNALLOCATED,,,,,
SLCMP700-4076,4076,4077,317456299,2^317456299-1,STRUCTURAL_SCREEN_EXHAUSTED_PRIMALITY_UNASSIGNED,GF3A_DIRECTIONAL_WRITE_EXHAUSTED_PRIMALITY_UNASSIGNED,514,512,512,NO_RECORDED_FACTOR_PRP_OR_LL_RESULT_AND_NO_ACTIVE_GIMPS_ASSIGNMENT,2026-08-08T19:16:24+00:00,UNALLOCATED,,,,,
SLCMP700-4077,4077,4078,317456309,2^317456309-1,STRUCTURAL_SCREEN_EXHAUSTED_PRIMALITY_UNASSIGNED,GF3A_DIRECTIONAL_WRITE_EXHAUSTED_PRIMALITY_UNASSIGNED,513,512,512,NO_RECORDED_FACTOR_PRP_OR_LL_RESULT_AND_NO_ACTIVE_GIMPS_ASSIGNMENT,2026-08-08T19:16:24+00:00,UNALLOCATED,,,,,
SLCMP700-4078,4078,4079,317456353,2^317456353-1,STRUCTURAL_SCREEN_EXHAUSTED_PRIMALITY_UNASSIGNED,GF3A_DIRECTIONAL_WRITE_EXHAUSTED_PRIMALITY_UNASSIGNED,513,512,512,NO_RECORDED_FACTOR_PRP_OR_LL_RESULT_AND_NO_ACTIVE_GIMPS_ASSIGNMENT,2026-08-08T19:16:24+00:00,UNALLOCATED,,,,,
SLCMP700-4079,4079,4080,317456543,2^317456543-1,STRUCTURAL_SCREEN_EXHAUSTED_PRIMALITY_UNASSIGNED,GF3A_DIRECTIONAL_WRITE_EXHAUSTED_PRIMALITY_UNASSIGNED,514,512,512,NO_RECORDED_FACTOR_PRP_OR_LL_RESULT_AND_NO_ACTIVE_GIMPS_ASSIGNMENT,2026-08-08T19:16:24+00:00,UNALLOCATED,,,,,
SLCMP700-4080,4080,4081,317456561,2^317456561-1,STRUCTURAL_SCREEN_EXHAUSTED_PRIMALITY_UNASSIGNED,GF3A_DIRECTIONAL_WRITE_EXHAUSTED_PRIMALITY_UNASSIGNED,513,512,512,NO_RECORDED_FACTOR_PRP_OR_LL_RESULT_AND_NO_ACTIVE_GIMPS_ASSIGNMENT,2026-08-08T19:16:24+00:00,UNALLOCATED,,,,,
SLCMP700-4081,4081,4082,317456621,2^317456621-1,STRUCTURAL_SCREEN_EXHAUSTED_PRIMALITY_UNASSIGNED,GF3A_DIRECTIONAL_WRITE_EXHAUSTED_PRIMALITY_UNASSIGNED,513,512,512,NO_RECORDED_FACTOR_PRP_OR_LL_RESULT_AND_NO_ACTIVE_GIMPS_ASSIGNMENT,2026-08-08T19:16:24+00:00,UNALLOCATED,,,,,
SLCMP700-4082,4082,4083,317456719,2^317456719-1,STRUCTURAL_SCREEN_EXHAUSTED_PRIMALITY_UNASSIGNED,GF3A_DIRECTIONAL_WRITE_EXHAUSTED_PRIMALITY_UNASSIGNED,514,512,512,NO_RECORDED_FACTOR_PRP_OR_LL_RESULT_AND_NO_ACTIVE_GIMPS_ASSIGNMENT,2026-08-08T19:16:24+00:00,UNALLOCATED,,,,,
SLCMP700-4083,4083,4084,317456773,2^317456773-1,STRUCTURAL_SCREEN_EXHAUSTED_PRIMALITY_UNASSIGNED,GF3A_DIRECTIONAL_WRITE_EXHAUSTED_PRIMALITY_UNASSIGNED,513,512,512,NO_RECORDED_FACTOR_PRP_OR_LL_RESULT_AND_NO_ACTIVE_GIMPS_ASSIGNMENT,2026-08-08T19:16:24+00:00,UNALLOCATED,,,,,
SLCMP700-4084,4084,4085,317456857,2^317456857-1,STRUCTURAL_SCREEN_EXHAUSTED_PRIMALITY_UNASSIGNED,GF3A_DIRECTIONAL_WRITE_EXHAUSTED_PRIMALITY_UNASSIGNED,513,512,512,NO_RECORDED_FACTOR_PRP_OR_LL_RESULT_AND_NO_ACTIVE_GIMPS_ASSIGNMENT,2026-08-08T19:16:24+00:00,UNALLOCATED,,,,,
SLCMP700-4085,4085,4086,317456869,2^317456869-1,STRUCTURAL_SCREEN_EXHAUSTED_PRIMALITY_UNASSIGNED,GF3A_DIRECTIONAL_WRITE_EXHAUSTED_PRIMALITY_UNASSIGNED,513,512,512,NO_RECORDED_FACTOR_PRP_OR_LL_RESULT_AND_NO_ACTIVE_GIMPS_ASSIGNMENT,2026-08-08T19:16:24+00:00,UNALLOCATED,,,,,
SLCMP700-4086,4086,4087,317456873,2^317456873-1,STRUCTURAL_SCREEN_EXHAUSTED_PRIMALITY_UNASSIGNED,GF3A_DIRECTIONAL_WRITE_EXHAUSTED_PRIMALITY_UNASSIGNED,513,512,512,NO_RECORDED_FACTOR_PRP_OR_LL_RESULT_AND_NO_ACTIVE_GIMPS_ASSIGNMENT,2026-08-08T19:16:24+00:00,UNALLOCATED,,,,,
SLCMP700-4087,4087,4088,317456969,2^317456969-1,STRUCTURAL_SCREEN_EXHAUSTED_PRIMALITY_UNASSIGNED,GF3A_DIRECTIONAL_WRITE_EXHAUSTED_PRIMALITY_UNASSIGNED,513,512,512,NO_RECORDED_FACTOR_PRP_OR_LL_RESULT_AND_NO_ACTIVE_GIMPS_ASSIGNMENT,2026-08-08T19:16:24+00:00,UNALLOCATED,,,,,
SLCMP700-4088,4088,4089,317456987,2^317456987-1,STRUCTURAL_SCREEN_EXHAUSTED_PRIMALITY_UNASSIGNED,GF3A_DIRECTIONAL_WRITE_EXHAUSTED_PRIMALITY_UNASSIGNED,514,512,512,NO_RECORDED_FACTOR_PRP_OR_LL_RESULT_AND_NO_ACTIVE_GIMPS_ASSIGNMENT,2026-08-08T19:16:24+00:00,UNALLOCATED,,,,,
SLCMP700-4089,4089,4090,317457011,2^317457011-1,STRUCTURAL_SCREEN_EXHAUSTED_PRIMALITY_UNASSIGNED,GF3A_DIRECTIONAL_WRITE_EXHAUSTED_PRIMALITY_UNASSIGNED,514,512,512,NO_RECORDED_FACTOR_PRP_OR_LL_RESULT_AND_NO_ACTIVE_GIMPS_ASSIGNMENT,2026-08-08T19:16:24+00:00,UNALLOCATED,,,,,
SLCMP700-4090,4090,4091,317457013,2^317457013-1,STRUCTURAL_SCREEN_EXHAUSTED_PRIMALITY_UNASSIGNED,GF3A_DIRECTIONAL_WRITE_EXHAUSTED_PRIMALITY_UNASSIGNED,513,512,512,NO_RECORDED_FACTOR_PRP_OR_LL_RESULT_AND_NO_ACTIVE_GIMPS_ASSIGNMENT,2026-08-08T19:16:24+00:00,UNALLOCATED,,,,,
SLCMP700-4091,4091,4092,317457097,2^317457097-1,STRUCTURAL_SCREEN_EXHAUSTED_PRIMALITY_UNASSIGNED,GF3A_DIRECTIONAL_WRITE_EXHAUSTED_PRIMALITY_UNASSIGNED,513,512,512,NO_RECORDED_FACTOR_PRP_OR_LL_RESULT_AND_NO_ACTIVE_GIMPS_ASSIGNMENT,2026-08-08T19:16:24+00:00,UNALLOCATED,,,,,
SLCMP700-4092,4092,4093,317457181,2^317457181-1,STRUCTURAL_SCREEN_EXHAUSTED_PRIMALITY_UNASSIGNED,GF3A_DIRECTIONAL_WRITE_EXHAUSTED_PRIMALITY_UNASSIGNED,513,512,512,NO_RECORDED_FACTOR_PRP_OR_LL_RESULT_AND_NO_ACTIVE_GIMPS_ASSIGNMENT,2026-08-08T19:16:24+00:00,UNALLOCATED,,,,,
SLCMP700-4093,4093,4094,317457191,2^317457191-1,STRUCTURAL_SCREEN_EXHAUSTED_PRIMALITY_UNASSIGNED,GF3A_DIRECTIONAL_WRITE_EXHAUSTED_PRIMALITY_UNASSIGNED,514,512,512,NO_RECORDED_FACTOR_PRP_OR_LL_RESULT_AND_NO_ACTIVE_GIMPS_ASSIGNMENT,2026-08-08T19:16:24+00:00,UNALLOCATED,,,,,
SLCMP700-4094,4094,4095,317457193,2^317457193-1,STRUCTURAL_SCREEN_EXHAUSTED_PRIMALITY_UNASSIGNED,GF3A_DIRECTIONAL_WRITE_EXHAUSTED_PRIMALITY_UNASSIGNED,513,512,512,NO_RECORDED_FACTOR_PRP_OR_LL_RESULT_AND_NO_ACTIVE_GIMPS_ASSIGNMENT,2026-08-08T19:16:24+00:00,UNALLOCATED,,,,,
SLCMP700-4095,4095,4096,317457197,2^317457197-1,STRUCTURAL_SCREEN_EXHAUSTED_PRIMALITY_UNASSIGNED,GF3A_DIRECTIONAL_WRITE_EXHAUSTED_PRIMALITY_UNASSIGNED,513,512,512,NO_RECORDED_FACTOR_PRP_OR_LL_RESULT_AND_NO_ACTIVE_GIMPS_ASSIGNMENT,2026-08-08T19:16:24+00:00,UNALLOCATED,,,,,
SLCMP700-4096,4096,4097,317457199,2^317457199-1,STRUCTURAL_SCREEN_EXHAUSTED_PRIMALITY_UNASSIGNED,GF3A_DIRECTIONAL_WRITE_EXHAUSTED_PRIMALITY_UNASSIGNED,514,512,512,NO_RECORDED_FACTOR_PRP_OR_LL_RESULT_AND_NO_ACTIVE_GIMPS_ASSIGNMENT,2026-08-08T19:16:24+00:00,UNALLOCATED,,,,,
SLCMP700-4097,4097,4098,317457233,2^317457233-1,STRUCTURAL_SCREEN_EXHAUSTED_PRIMALITY_UNASSIGNED,GF3A_DIRECTIONAL_WRITE_EXHAUSTED_PRIMALITY_UNASSIGNED,513,512,512,NO_RECORDED_FACTOR_PRP_OR_LL_RESULT_AND_NO_ACTIVE_GIMPS_ASSIGNMENT,2026-08-08T19:16:24+00:00,UNALLOCATED,,,,,
SLCMP700-4098,4098,4099,317457253,2^317457253-1,STRUCTURAL_SCREEN_EXHAUSTED_PRIMALITY_UNASSIGNED,GF3A_DIRECTIONAL_WRITE_EXHAUSTED_PRIMALITY_UNASSIGNED,513,512,512,NO_RECORDED_FACTOR_PRP_OR_LL_RESULT_AND_NO_ACTIVE_GIMPS_ASSIGNMENT,2026-08-08T19:16:24+00:00,UNALLOCATED,,,,,
SLCMP700-4099,4099,4100,317457479,2^317457479-1,STRUCTURAL_SCREEN_EXHAUSTED_PRIMALITY_UNASSIGNED,GF3A_DIRECTIONAL_WRITE_EXHAUSTED_PRIMALITY_UNASSIGNED,514,512,512,NO_RECORDED_FACTOR_PRP_OR_LL_RESULT_AND_NO_ACTIVE_GIMPS_ASSIGNMENT,2026-08-08T19:16:24+00:00,UNALLOCATED,,,,,
SLCMP700-4100,4100,4101,317457493,2^317457493-1,STRUCTURAL_SCREEN_EXHAUSTED_PRIMALITY_UNASSIGNED,GF3A_DIRECTIONAL_WRITE_EXHAUSTED_PRIMALITY_UNASSIGNED,513,512,512,NO_RECORDED_FACTOR_PRP_OR_LL_RESULT_AND_NO_ACTIVE_GIMPS_ASSIGNMENT,2026-08-08T19:16:24+00:00,UNALLOCATED,,,,,
SLCMP700-4101,4101,4102,317457499,2^317457499-1,STRUCTURAL_SCREEN_EXHAUSTED_PRIMALITY_UNASSIGNED,GF3A_DIRECTIONAL_WRITE_EXHAUSTED_PRIMALITY_UNASSIGNED,514,512,512,NO_RECORDED_FACTOR_PRP_OR_LL_RESULT_AND_NO_ACTIVE_GIMPS_ASSIGNMENT,2026-08-08T19:16:24+00:00,UNALLOCATED,,,,,
SLCMP700-4102,4102,4103,317457631,2^317457631-1,STRUCTURAL_SCREEN_EXHAUSTED_PRIMALITY_UNASSIGNED,GF3A_DIRECTIONAL_WRITE_EXHAUSTED_PRIMALITY_UNASSIGNED,514,512,512,NO_RECORDED_FACTOR_PRP_OR_LL_RESULT_AND_NO_ACTIVE_GIMPS_ASSIGNMENT,2026-08-08T19:16:24+00:00,UNALLOCATED,,,,,
SLCMP700-4103,4103,4104,317457731,2^317457731-1,STRUCTURAL_SCREEN_EXHAUSTED_PRIMALITY_UNASSIGNED,GF3A_DIRECTIONAL_WRITE_EXHAUSTED_PRIMALITY_UNASSIGNED,514,512,512,NO_RECORDED_FACTOR_PRP_OR_LL_RESULT_AND_NO_ACTIVE_GIMPS_ASSIGNMENT,2026-08-08T19:16:24+00:00,UNALLOCATED,,,,,
SLCMP700-4104,4104,4105,317457737,2^317457737-1,STRUCTURAL_SCREEN_EXHAUSTED_PRIMALITY_UNASSIGNED,GF3A_DIRECTIONAL_WRITE_EXHAUSTED_PRIMALITY_UNASSIGNED,513,512,512,NO_RECORDED_FACTOR_PRP_OR_LL_RESULT_AND_NO_ACTIVE_GIMPS_ASSIGNMENT,2026-08-08T19:16:24+00:00,UNALLOCATED,,,,,
SLCMP700-4105,4105,4106,317457841,2^317457841-1,STRUCTURAL_SCREEN_EXHAUSTED_PRIMALITY_UNASSIGNED,GF3A_DIRECTIONAL_WRITE_EXHAUSTED_PRIMALITY_UNASSIGNED,513,512,512,NO_RECORDED_FACTOR_PRP_OR_LL_RESULT_AND_NO_ACTIVE_GIMPS_ASSIGNMENT,2026-08-08T19:16:24+00:00,UNALLOCATED,,,,,
SLCMP700-4106,4106,4107,317457901,2^317457901-1,STRUCTURAL_SCREEN_EXHAUSTED_PRIMALITY_UNASSIGNED,GF3A_DIRECTIONAL_WRITE_EXHAUSTED_PRIMALITY_UNASSIGNED,513,512,512,NO_RECORDED_FACTOR_PRP_OR_LL_RESULT_AND_NO_ACTIVE_GIMPS_ASSIGNMENT,2026-08-08T19:16:24+00:00,UNALLOCATED,,,,,
SLCMP700-4107,4107,4108,317457923,2^317457923-1,STRUCTURAL_SCREEN_EXHAUSTED_PRIMALITY_UNASSIGNED,GF3A_DIRECTIONAL_WRITE_EXHAUSTED_PRIMALITY_UNASSIGNED,514,512,512,NO_RECORDED_FACTOR_PRP_OR_LL_RESULT_AND_NO_ACTIVE_GIMPS_ASSIGNMENT,2026-08-08T19:16:24+00:00,UNALLOCATED,,,,,
SLCMP700-4108,4108,4109,317457967,2^317457967-1,STRUCTURAL_SCREEN_EXHAUSTED_PRIMALITY_UNASSIGNED,GF3A_DIRECTIONAL_WRITE_EXHAUSTED_PRIMALITY_UNASSIGNED,514,512,512,NO_RECORDED_FACTOR_PRP_OR_LL_RESULT_AND_NO_ACTIVE_GIMPS_ASSIGNMENT,2026-08-08T19:16:24+00:00,UNALLOCATED,,,,,
SLCMP700-4109,4109,4110,317458003,2^317458003-1,STRUCTURAL_SCREEN_EXHAUSTED_PRIMALITY_UNASSIGNED,GF3A_DIRECTIONAL_WRITE_EXHAUSTED_PRIMALITY_UNASSIGNED,514,512,512,NO_RECORDED_FACTOR_PRP_OR_LL_RESULT_AND_NO_ACTIVE_GIMPS_ASSIGNMENT,2026-08-08T19:16:24+00:00,UNALLOCATED,,,,,
SLCMP700-4110,4110,4111,317458013,2^317458013-1,STRUCTURAL_SCREEN_EXHAUSTED_PRIMALITY_UNASSIGNED,GF3A_DIRECTIONAL_WRITE_EXHAUSTED_PRIMALITY_UNASSIGNED,513,512,512,NO_RECORDED_FACTOR_PRP_OR_LL_RESULT_AND_NO_ACTIVE_GIMPS_ASSIGNMENT,2026-08-08T19:16:24+00:00,UNALLOCATED,,,,,
SLCMP700-4111,4111,4112,317458123,2^317458123-1,STRUCTURAL_SCREEN_EXHAUSTED_PRIMALITY_UNASSIGNED,GF3A_DIRECTIONAL_WRITE_EXHAUSTED_PRIMALITY_UNASSIGNED,514,512,512,NO_RECORDED_FACTOR_PRP_OR_LL_RESULT_AND_NO_ACTIVE_GIMPS_ASSIGNMENT,2026-08-08T19:16:24+00:00,UNALLOCATED,,,,,
SLCMP700-4112,4112,4113,317458171,2^317458171-1,STRUCTURAL_SCREEN_EXHAUSTED_PRIMALITY_UNASSIGNED,GF3A_DIRECTIONAL_WRITE_EXHAUSTED_PRIMALITY_UNASSIGNED,514,512,512,NO_RECORDED_FACTOR_PRP_OR_LL_RESULT_AND_NO_ACTIVE_GIMPS_ASSIGNMENT,2026-08-08T19:16:24+00:00,UNALLOCATED,,,,,
SLCMP700-4113,4113,4114,317458201,2^317458201-1,STRUCTURAL_SCREEN_EXHAUSTED_PRIMALITY_UNASSIGNED,GF3A_DIRECTIONAL_WRITE_EXHAUSTED_PRIMALITY_UNASSIGNED,513,512,512,NO_RECORDED_FACTOR_PRP_OR_LL_RESULT_AND_NO_ACTIVE_GIMPS_ASSIGNMENT,2026-08-08T19:16:24+00:00,UNALLOCATED,,,,,
SLCMP700-4114,4114,4115,317458279,2^317458279-1,STRUCTURAL_SCREEN_EXHAUSTED_PRIMALITY_UNASSIGNED,GF3A_DIRECTIONAL_WRITE_EXHAUSTED_PRIMALITY_UNASSIGNED,514,512,512,NO_RECORDED_FACTOR_PRP_OR_LL_RESULT_AND_NO_ACTIVE_GIMPS_ASSIGNMENT,2026-08-08T19:16:24+00:00,UNALLOCATED,,,,,
SLCMP700-4115,4115,4116,317458301,2^317458301-1,STRUCTURAL_SCREEN_EXHAUSTED_PRIMALITY_UNASSIGNED,GF3A_DIRECTIONAL_WRITE_EXHAUSTED_PRIMALITY_UNASSIGNED,513,512,512,NO_RECORDED_FACTOR_PRP_OR_LL_RESULT_AND_NO_ACTIVE_GIMPS_ASSIGNMENT,2026-08-08T19:16:24+00:00,UNALLOCATED,,,,,
SLCMP700-4116,4116,4117,317458307,2^317458307-1,STRUCTURAL_SCREEN_EXHAUSTED_PRIMALITY_UNASSIGNED,GF3A_DIRECTIONAL_WRITE_EXHAUSTED_PRIMALITY_UNASSIGNED,514,512,512,NO_RECORDED_FACTOR_PRP_OR_LL_RESULT_AND_NO_ACTIVE_GIMPS_ASSIGNMENT,2026-08-08T19:16:24+00:00,UNALLOCATED,,,,,
SLCMP700-4117,4117,4118,317458313,2^317458313-1,STRUCTURAL_SCREEN_EXHAUSTED_PRIMALITY_UNASSIGNED,GF3A_DIRECTIONAL_WRITE_EXHAUSTED_PRIMALITY_UNASSIGNED,513,512,512,NO_RECORDED_FACTOR_PRP_OR_LL_RESULT_AND_NO_ACTIVE_GIMPS_ASSIGNMENT,2026-08-08T19:16:24+00:00,UNALLOCATED,,,,,
SLCMP700-4118,4118,4119,317458319,2^317458319-1,STRUCTURAL_SCREEN_EXHAUSTED_PRIMALITY_UNASSIGNED,GF3A_DIRECTIONAL_WRITE_EXHAUSTED_PRIMALITY_UNASSIGNED,514,512,512,NO_RECORDED_FACTOR_PRP_OR_LL_RESULT_AND_NO_ACTIVE_GIMPS_ASSIGNMENT,2026-08-08T19:16:24+00:00,UNALLOCATED,,,,,
SLCMP700-4119,4119,4120,317458387,2^317458387-1,STRUCTURAL_SCREEN_EXHAUSTED_PRIMALITY_UNASSIGNED,GF3A_DIRECTIONAL_WRITE_EXHAUSTED_PRIMALITY_UNASSIGNED,514,512,512,NO_RECORDED_FACTOR_PRP_OR_LL_RESULT_AND_NO_ACTIVE_GIMPS_ASSIGNMENT,2026-08-08T19:16:24+00:00,UNALLOCATED,,,,,
SLCMP700-4120,4120,4121,317458487,2^317458487-1,STRUCTURAL_SCREEN_EXHAUSTED_PRIMALITY_UNASSIGNED,GF3A_DIRECTIONAL_WRITE_EXHAUSTED_PRIMALITY_UNASSIGNED,514,512,512,NO_RECORDED_FACTOR_PRP_OR_LL_RESULT_AND_NO_ACTIVE_GIMPS_ASSIGNMENT,2026-08-08T19:16:24+00:00,UNALLOCATED,,,,,
SLCMP700-4121,4121,4122,317458541,2^317458541-1,STRUCTURAL_SCREEN_EXHAUSTED_PRIMALITY_UNASSIGNED,GF3A_DIRECTIONAL_WRITE_EXHAUSTED_PRIMALITY_UNASSIGNED,513,512,512,NO_RECORDED_FACTOR_PRP_OR_LL_RESULT_AND_NO_ACTIVE_GIMPS_ASSIGNMENT,2026-08-08T19:16:24+00:00,UNALLOCATED,,,,,
SLCMP700-4122,4122,4123,317458549,2^317458549-1,STRUCTURAL_SCREEN_EXHAUSTED_PRIMALITY_UNASSIGNED,GF3A_DIRECTIONAL_WRITE_EXHAUSTED_PRIMALITY_UNASSIGNED,513,512,512,NO_RECORDED_FACTOR_PRP_OR_LL_RESULT_AND_NO_ACTIVE_GIMPS_ASSIGNMENT,2026-08-08T19:16:24+00:00,UNALLOCATED,,,,,
SLCMP700-4123,4123,4124,317458607,2^317458607-1,STRUCTURAL_SCREEN_EXHAUSTED_PRIMALITY_UNASSIGNED,GF3A_DIRECTIONAL_WRITE_EXHAUSTED_PRIMALITY_UNASSIGNED,514,512,512,NO_RECORDED_FACTOR_PRP_OR_LL_RESULT_AND_NO_ACTIVE_GIMPS_ASSIGNMENT,2026-08-08T19:16:24+00:00,UNALLOCATED,,,,,
SLCMP700-4124,4124,4125,317458709,2^317458709-1,STRUCTURAL_SCREEN_EXHAUSTED_PRIMALITY_UNASSIGNED,GF3A_DIRECTIONAL_WRITE_EXHAUSTED_PRIMALITY_UNASSIGNED,513,512,512,NO_RECORDED_FACTOR_PRP_OR_LL_RESULT_AND_NO_ACTIVE_GIMPS_ASSIGNMENT,2026-08-08T19:16:24+00:00,UNALLOCATED,,,,,
SLCMP700-4125,4125,4126,317458733,2^317458733-1,STRUCTURAL_SCREEN_EXHAUSTED_PRIMALITY_UNASSIGNED,GF3A_DIRECTIONAL_WRITE_EXHAUSTED_PRIMALITY_UNASSIGNED,513,512,512,NO_RECORDED_FACTOR_PRP_OR_LL_RESULT_AND_NO_ACTIVE_GIMPS_ASSIGNMENT,2026-08-08T19:16:24+00:00,UNALLOCATED,,,,,
SLCMP700-4126,4126,4127,317458751,2^317458751-1,STRUCTURAL_SCREEN_EXHAUSTED_PRIMALITY_UNASSIGNED,GF3A_DIRECTIONAL_WRITE_EXHAUSTED_PRIMALITY_UNASSIGNED,514,512,512,NO_RECORDED_FACTOR_PRP_OR_LL_RESULT_AND_NO_ACTIVE_GIMPS_ASSIGNMENT,2026-08-08T19:16:24+00:00,UNALLOCATED,,,,,
SLCMP700-4127,4127,4128,317458753,2^317458753-1,STRUCTURAL_SCREEN_EXHAUSTED_PRIMALITY_UNASSIGNED,GF3A_DIRECTIONAL_WRITE_EXHAUSTED_PRIMALITY_UNASSIGNED,513,512,512,NO_RECORDED_FACTOR_PRP_OR_LL_RESULT_AND_NO_ACTIVE_GIMPS_ASSIGNMENT,2026-08-08T19:16:24+00:00,UNALLOCATED,,,,,
SLCMP700-4128,4128,4129,317458769,2^317458769-1,STRUCTURAL_SCREEN_EXHAUSTED_PRIMALITY_UNASSIGNED,GF3A_DIRECTIONAL_WRITE_EXHAUSTED_PRIMALITY_UNASSIGNED,513,512,512,NO_RECORDED_FACTOR_PRP_OR_LL_RESULT_AND_NO_ACTIVE_GIMPS_ASSIGNMENT,2026-08-08T19:16:24+00:00,UNALLOCATED,,,,,
SLCMP700-4129,4129,4130,317458793,2^317458793-1,STRUCTURAL_SCREEN_EXHAUSTED_PRIMALITY_UNASSIGNED,GF3A_DIRECTIONAL_WRITE_EXHAUSTED_PRIMALITY_UNASSIGNED,513,512,512,NO_RECORDED_FACTOR_PRP_OR_LL_RESULT_AND_NO_ACTIVE_GIMPS_ASSIGNMENT,2026-08-08T19:16:24+00:00,UNALLOCATED,,,,,
SLCMP700-4130,4130,4131,317459047,2^317459047-1,STRUCTURAL_SCREEN_EXHAUSTED_PRIMALITY_UNASSIGNED,GF3A_DIRECTIONAL_WRITE_EXHAUSTED_PRIMALITY_UNASSIGNED,514,512,512,NO_RECORDED_FACTOR_PRP_OR_LL_RESULT_AND_NO_ACTIVE_GIMPS_ASSIGNMENT,2026-08-08T19:16:24+00:00,UNALLOCATED,,,,,
SLCMP700-4131,4131,4132,317459069,2^317459069-1,STRUCTURAL_SCREEN_EXHAUSTED_PRIMALITY_UNASSIGNED,GF3A_DIRECTIONAL_WRITE_EXHAUSTED_PRIMALITY_UNASSIGNED,513,512,512,NO_RECORDED_FACTOR_PRP_OR_LL_RESULT_AND_NO_ACTIVE_GIMPS_ASSIGNMENT,2026-08-08T19:16:24+00:00,UNALLOCATED,,,,,
SLCMP700-4132,4132,4133,317459089,2^317459089-1,STRUCTURAL_SCREEN_EXHAUSTED_PRIMALITY_UNASSIGNED,GF3A_DIRECTIONAL_WRITE_EXHAUSTED_PRIMALITY_UNASSIGNED,513,512,512,NO_RECORDED_FACTOR_PRP_OR_LL_RESULT_AND_NO_ACTIVE_GIMPS_ASSIGNMENT,2026-08-08T19:16:24+00:00,UNALLOCATED,,,,,
SLCMP700-4133,4133,4134,317459141,2^317459141-1,STRUCTURAL_SCREEN_EXHAUSTED_PRIMALITY_UNASSIGNED,GF3A_DIRECTIONAL_WRITE_EXHAUSTED_PRIMALITY_UNASSIGNED,513,512,512,NO_RECORDED_FACTOR_PRP_OR_LL_RESULT_AND_NO_ACTIVE_GIMPS_ASSIGNMENT,2026-08-08T19:16:24+00:00,UNALLOCATED,,,,,
SLCMP700-4134,4134,4135,317459203,2^317459203-1,STRUCTURAL_SCREEN_EXHAUSTED_PRIMALITY_UNASSIGNED,GF3A_DIRECTIONAL_WRITE_EXHAUSTED_PRIMALITY_UNASSIGNED,514,512,512,NO_RECORDED_FACTOR_PRP_OR_LL_RESULT_AND_NO_ACTIVE_GIMPS_ASSIGNMENT,2026-08-08T19:16:24+00:00,UNALLOCATED,,,,,
SLCMP700-4135,4135,4136,317459237,2^317459237-1,STRUCTURAL_SCREEN_EXHAUSTED_PRIMALITY_UNASSIGNED,GF3A_DIRECTIONAL_WRITE_EXHAUSTED_PRIMALITY_UNASSIGNED,513,512,512,NO_RECORDED_FACTOR_PRP_OR_LL_RESULT_AND_NO_ACTIVE_GIMPS_ASSIGNMENT,2026-08-08T19:16:24+00:00,UNALLOCATED,,,,,
SLCMP700-4136,4136,4137,317459257,2^317459257-1,STRUCTURAL_SCREEN_EXHAUSTED_PRIMALITY_UNASSIGNED,GF3A_DIRECTIONAL_WRITE_EXHAUSTED_PRIMALITY_UNASSIGNED,513,512,512,NO_RECORDED_FACTOR_PRP_OR_LL_RESULT_AND_NO_ACTIVE_GIMPS_ASSIGNMENT,2026-08-08T19:16:24+00:00,UNALLOCATED,,,,,
SLCMP700-4137,4137,4138,317459279,2^317459279-1,STRUCTURAL_SCREEN_EXHAUSTED_PRIMALITY_UNASSIGNED,GF3A_DIRECTIONAL_WRITE_EXHAUSTED_PRIMALITY_UNASSIGNED,514,512,512,NO_RECORDED_FACTOR_PRP_OR_LL_RESULT_AND_NO_ACTIVE_GIMPS_ASSIGNMENT,2026-08-08T19:16:24+00:00,UNALLOCATED,,,,,
SLCMP700-4138,4138,4139,317459281,2^317459281-1,STRUCTURAL_SCREEN_EXHAUSTED_PRIMALITY_UNASSIGNED,GF3A_DIRECTIONAL_WRITE_EXHAUSTED_PRIMALITY_UNASSIGNED,513,512,512,NO_RECORDED_FACTOR_PRP_OR_LL_RESULT_AND_NO_ACTIVE_GIMPS_ASSIGNMENT,2026-08-08T19:16:24+00:00,UNALLOCATED,,,,,
SLCMP700-4139,4139,4140,317459299,2^317459299-1,STRUCTURAL_SCREEN_EXHAUSTED_PRIMALITY_UNASSIGNED,GF3A_DIRECTIONAL_WRITE_EXHAUSTED_PRIMALITY_UNASSIGNED,514,512,512,NO_RECORDED_FACTOR_PRP_OR_LL_RESULT_AND_NO_ACTIVE_GIMPS_ASSIGNMENT,2026-08-08T19:16:24+00:00,UNALLOCATED,,,,,
SLCMP700-4140,4140,4141,317459383,2^317459383-1,STRUCTURAL_SCREEN_EXHAUSTED_PRIMALITY_UNASSIGNED,GF3A_DIRECTIONAL_WRITE_EXHAUSTED_PRIMALITY_UNASSIGNED,514,512,512,NO_RECORDED_FACTOR_PRP_OR_LL_RESULT_AND_NO_ACTIVE_GIMPS_ASSIGNMENT,2026-08-08T19:16:24+00:00,UNALLOCATED,,,,,
SLCMP700-4141,4141,4142,317459489,2^317459489-1,STRUCTURAL_SCREEN_EXHAUSTED_PRIMALITY_UNASSIGNED,GF3A_DIRECTIONAL_WRITE_EXHAUSTED_PRIMALITY_UNASSIGNED,513,512,512,NO_RECORDED_FACTOR_PRP_OR_LL_RESULT_AND_NO_ACTIVE_GIMPS_ASSIGNMENT,2026-08-08T19:16:24+00:00,UNALLOCATED,,,,,
SLCMP700-4142,4142,4143,317459539,2^317459539-1,STRUCTURAL_SCREEN_EXHAUSTED_PRIMALITY_UNASSIGNED,GF3A_DIRECTIONAL_WRITE_EXHAUSTED_PRIMALITY_UNASSIGNED,514,512,512,NO_RECORDED_FACTOR_PRP_OR_LL_RESULT_AND_NO_ACTIVE_GIMPS_ASSIGNMENT,2026-08-08T19:16:24+00:00,UNALLOCATED,,,,,
SLCMP700-4143,4143,4144,317459617,2^317459617-1,STRUCTURAL_SCREEN_EXHAUSTED_PRIMALITY_UNASSIGNED,GF3A_DIRECTIONAL_WRITE_EXHAUSTED_PRIMALITY_UNASSIGNED,513,512,512,NO_RECORDED_FACTOR_PRP_OR_LL_RESULT_AND_NO_ACTIVE_GIMPS_ASSIGNMENT,2026-08-08T19:16:24+00:00,UNALLOCATED,,,,,
SLCMP700-4144,4144,4145,317459627,2^317459627-1,STRUCTURAL_SCREEN_EXHAUSTED_PRIMALITY_UNASSIGNED,GF3A_DIRECTIONAL_WRITE_EXHAUSTED_PRIMALITY_UNASSIGNED,514,512,512,NO_RECORDED_FACTOR_PRP_OR_LL_RESULT_AND_NO_ACTIVE_GIMPS_ASSIGNMENT,2026-08-08T19:16:24+00:00,UNALLOCATED,,,,,
SLCMP700-4145,4145,4146,317459641,2^317459641-1,STRUCTURAL_SCREEN_EXHAUSTED_PRIMALITY_UNASSIGNED,GF3A_DIRECTIONAL_WRITE_EXHAUSTED_PRIMALITY_UNASSIGNED,513,512,512,NO_RECORDED_FACTOR_PRP_OR_LL_RESULT_AND_NO_ACTIVE_GIMPS_ASSIGNMENT,2026-08-08T19:16:24+00:00,UNALLOCATED,,,,,
SLCMP700-4146,4146,4147,317459687,2^317459687-1,STRUCTURAL_SCREEN_EXHAUSTED_PRIMALITY_UNASSIGNED,GF3A_DIRECTIONAL_WRITE_EXHAUSTED_PRIMALITY_UNASSIGNED,514,512,512,NO_RECORDED_FACTOR_PRP_OR_LL_RESULT_AND_NO_ACTIVE_GIMPS_ASSIGNMENT,2026-08-08T19:16:24+00:00,UNALLOCATED,,,,,
SLCMP700-4147,4147,4148,317459689,2^317459689-1,STRUCTURAL_SCREEN_EXHAUSTED_PRIMALITY_UNASSIGNED,GF3A_DIRECTIONAL_WRITE_EXHAUSTED_PRIMALITY_UNASSIGNED,513,512,512,NO_RECORDED_FACTOR_PRP_OR_LL_RESULT_AND_NO_ACTIVE_GIMPS_ASSIGNMENT,2026-08-08T19:16:24+00:00,UNALLOCATED,,,,,
SLCMP700-4148,4148,4149,317459803,2^317459803-1,STRUCTURAL_SCREEN_EXHAUSTED_PRIMALITY_UNASSIGNED,GF3A_DIRECTIONAL_WRITE_EXHAUSTED_PRIMALITY_UNASSIGNED,514,512,512,NO_RECORDED_FACTOR_PRP_OR_LL_RESULT_AND_NO_ACTIVE_GIMPS_ASSIGNMENT,2026-08-08T19:16:24+00:00,UNALLOCATED,,,,,
SLCMP700-4149,4149,4150,317459873,2^317459873-1,STRUCTURAL_SCREEN_EXHAUSTED_PRIMALITY_UNASSIGNED,GF3A_DIRECTIONAL_WRITE_EXHAUSTED_PRIMALITY_UNASSIGNED,513,512,512,NO_RECORDED_FACTOR_PRP_OR_LL_RESULT_AND_NO_ACTIVE_GIMPS_ASSIGNMENT,2026-08-08T19:16:24+00:00,UNALLOCATED,,,,,
SLCMP700-4150,4150,4151,317459893,2^317459893-1,STRUCTURAL_SCREEN_EXHAUSTED_PRIMALITY_UNASSIGNED,GF3A_DIRECTIONAL_WRITE_EXHAUSTED_PRIMALITY_UNASSIGNED,513,512,512,NO_RECORDED_FACTOR_PRP_OR_LL_RESULT_AND_NO_ACTIVE_GIMPS_ASSIGNMENT,2026-08-08T19:16:24+00:00,UNALLOCATED,,,,,
SLCMP700-4151,4151,4152,317459939,2^317459939-1,STRUCTURAL_SCREEN_EXHAUSTED_PRIMALITY_UNASSIGNED,GF3A_DIRECTIONAL_WRITE_EXHAUSTED_PRIMALITY_UNASSIGNED,514,512,512,NO_RECORDED_FACTOR_PRP_OR_LL_RESULT_AND_NO_ACTIVE_GIMPS_ASSIGNMENT,2026-08-08T19:16:24+00:00,UNALLOCATED,,,,,
SLCMP700-4152,4152,4153,317459971,2^317459971-1,STRUCTURAL_SCREEN_EXHAUSTED_PRIMALITY_UNASSIGNED,GF3A_DIRECTIONAL_WRITE_EXHAUSTED_PRIMALITY_UNASSIGNED,514,512,512,NO_RECORDED_FACTOR_PRP_OR_LL_RESULT_AND_NO_ACTIVE_GIMPS_ASSIGNMENT,2026-08-08T19:16:24+00:00,UNALLOCATED,,,,,
SLCMP700-4153,4153,4154,317460083,2^317460083-1,STRUCTURAL_SCREEN_EXHAUSTED_PRIMALITY_UNASSIGNED,GF3A_DIRECTIONAL_WRITE_EXHAUSTED_PRIMALITY_UNASSIGNED,514,512,512,NO_RECORDED_FACTOR_PRP_OR_LL_RESULT_AND_NO_ACTIVE_GIMPS_ASSIGNMENT,2026-08-08T19:16:24+00:00,UNALLOCATED,,,,,
SLCMP700-4154,4154,4155,317460109,2^317460109-1,STRUCTURAL_SCREEN_EXHAUSTED_PRIMALITY_UNASSIGNED,GF3A_DIRECTIONAL_WRITE_EXHAUSTED_PRIMALITY_UNASSIGNED,513,512,512,NO_RECORDED_FACTOR_PRP_OR_LL_RESULT_AND_NO_ACTIVE_GIMPS_ASSIGNMENT,2026-08-08T19:16:24+00:00,UNALLOCATED,,,,,
SLCMP700-4155,4155,4156,317460133,2^317460133-1,STRUCTURAL_SCREEN_EXHAUSTED_PRIMALITY_UNASSIGNED,GF3A_DIRECTIONAL_WRITE_EXHAUSTED_PRIMALITY_UNASSIGNED,513,512,512,NO_RECORDED_FACTOR_PRP_OR_LL_RESULT_AND_NO_ACTIVE_GIMPS_ASSIGNMENT,2026-08-08T19:16:24+00:00,UNALLOCATED,,,,,
SLCMP700-4156,4156,4157,317460139,2^317460139-1,STRUCTURAL_SCREEN_EXHAUSTED_PRIMALITY_UNASSIGNED,GF3A_DIRECTIONAL_WRITE_EXHAUSTED_PRIMALITY_UNASSIGNED,514,512,512,NO_RECORDED_FACTOR_PRP_OR_LL_RESULT_AND_NO_ACTIVE_GIMPS_ASSIGNMENT,2026-08-08T19:16:24+00:00,UNALLOCATED,,,,,
SLCMP700-4157,4157,4158,317460149,2^317460149-1,STRUCTURAL_SCREEN_EXHAUSTED_PRIMALITY_UNASSIGNED,GF3A_DIRECTIONAL_WRITE_EXHAUSTED_PRIMALITY_UNASSIGNED,513,512,512,NO_RECORDED_FACTOR_PRP_OR_LL_RESULT_AND_NO_ACTIVE_GIMPS_ASSIGNMENT,2026-08-08T19:16:24+00:00,UNALLOCATED,,,,,
SLCMP700-4158,4158,4159,317460343,2^317460343-1,STRUCTURAL_SCREEN_EXHAUSTED_PRIMALITY_UNASSIGNED,GF3A_DIRECTIONAL_WRITE_EXHAUSTED_PRIMALITY_UNASSIGNED,514,512,512,NO_RECORDED_FACTOR_PRP_OR_LL_RESULT_AND_NO_ACTIVE_GIMPS_ASSIGNMENT,2026-08-08T19:16:24+00:00,UNALLOCATED,,,,,
SLCMP700-4159,4159,4160,317460457,2^317460457-1,STRUCTURAL_SCREEN_EXHAUSTED_PRIMALITY_UNASSIGNED,GF3A_DIRECTIONAL_WRITE_EXHAUSTED_PRIMALITY_UNASSIGNED,513,512,512,NO_RECORDED_FACTOR_PRP_OR_LL_RESULT_AND_NO_ACTIVE_GIMPS_ASSIGNMENT,2026-08-08T19:16:24+00:00,UNALLOCATED,,,,,
SLCMP700-4160,4160,4161,317460509,2^317460509-1,STRUCTURAL_SCREEN_EXHAUSTED_PRIMALITY_UNASSIGNED,GF3A_DIRECTIONAL_WRITE_EXHAUSTED_PRIMALITY_UNASSIGNED,513,512,512,NO_RECORDED_FACTOR_PRP_OR_LL_RESULT_AND_NO_ACTIVE_GIMPS_ASSIGNMENT,2026-08-08T19:16:24+00:00,UNALLOCATED,,,,,
SLCMP700-4161,4161,4162,317460589,2^317460589-1,STRUCTURAL_SCREEN_EXHAUSTED_PRIMALITY_UNASSIGNED,GF3A_DIRECTIONAL_WRITE_EXHAUSTED_PRIMALITY_UNASSIGNED,513,512,512,NO_RECORDED_FACTOR_PRP_OR_LL_RESULT_AND_NO_ACTIVE_GIMPS_ASSIGNMENT,2026-08-08T19:16:24+00:00,UNALLOCATED,,,,,
SLCMP700-4162,4162,4163,317460599,2^317460599-1,STRUCTURAL_SCREEN_EXHAUSTED_PRIMALITY_UNASSIGNED,GF3A_DIRECTIONAL_WRITE_EXHAUSTED_PRIMALITY_UNASSIGNED,514,512,512,NO_RECORDED_FACTOR_PRP_OR_LL_RESULT_AND_NO_ACTIVE_GIMPS_ASSIGNMENT,2026-08-08T19:16:24+00:00,UNALLOCATED,,,,,
SLCMP700-4163,4163,4164,317460643,2^317460643-1,STRUCTURAL_SCREEN_EXHAUSTED_PRIMALITY_UNASSIGNED,GF3A_DIRECTIONAL_WRITE_EXHAUSTED_PRIMALITY_UNASSIGNED,514,512,512,NO_RECORDED_FACTOR_PRP_OR_LL_RESULT_AND_NO_ACTIVE_GIMPS_ASSIGNMENT,2026-08-08T19:16:24+00:00,UNALLOCATED,,,,,
SLCMP700-4164,4164,4165,317460659,2^317460659-1,STRUCTURAL_SCREEN_EXHAUSTED_PRIMALITY_UNASSIGNED,GF3A_DIRECTIONAL_WRITE_EXHAUSTED_PRIMALITY_UNASSIGNED,514,512,512,NO_RECORDED_FACTOR_PRP_OR_LL_RESULT_AND_NO_ACTIVE_GIMPS_ASSIGNMENT,2026-08-08T19:16:24+00:00,UNALLOCATED,,,,,
SLCMP700-4165,4165,4166,317460733,2^317460733-1,STRUCTURAL_SCREEN_EXHAUSTED_PRIMALITY_UNASSIGNED,GF3A_DIRECTIONAL_WRITE_EXHAUSTED_PRIMALITY_UNASSIGNED,513,512,512,NO_RECORDED_FACTOR_PRP_OR_LL_RESULT_AND_NO_ACTIVE_GIMPS_ASSIGNMENT,2026-08-08T19:16:24+00:00,UNALLOCATED,,,,,
SLCMP700-4166,4166,4167,317460817,2^317460817-1,STRUCTURAL_SCREEN_EXHAUSTED_PRIMALITY_UNASSIGNED,GF3A_DIRECTIONAL_WRITE_EXHAUSTED_PRIMALITY_UNASSIGNED,513,512,512,NO_RECORDED_FACTOR_PRP_OR_LL_RESULT_AND_NO_ACTIVE_GIMPS_ASSIGNMENT,2026-08-08T19:16:24+00:00,UNALLOCATED,,,,,
SLCMP700-4167,4167,4168,317460841,2^317460841-1,STRUCTURAL_SCREEN_EXHAUSTED_PRIMALITY_UNASSIGNED,GF3A_DIRECTIONAL_WRITE_EXHAUSTED_PRIMALITY_UNASSIGNED,513,512,512,NO_RECORDED_FACTOR_PRP_OR_LL_RESULT_AND_NO_ACTIVE_GIMPS_ASSIGNMENT,2026-08-08T19:16:24+00:00,UNALLOCATED,,,,,
SLCMP700-4168,4168,4169,317460901,2^317460901-1,STRUCTURAL_SCREEN_EXHAUSTED_PRIMALITY_UNASSIGNED,GF3A_DIRECTIONAL_WRITE_EXHAUSTED_PRIMALITY_UNASSIGNED,513,512,512,NO_RECORDED_FACTOR_PRP_OR_LL_RESULT_AND_NO_ACTIVE_GIMPS_ASSIGNMENT,2026-08-08T19:16:24+00:00,UNALLOCATED,,,,,
SLCMP700-4169,4169,4170,317460917,2^317460917-1,STRUCTURAL_SCREEN_EXHAUSTED_PRIMALITY_UNASSIGNED,GF3A_DIRECTIONAL_WRITE_EXHAUSTED_PRIMALITY_UNASSIGNED,513,512,512,NO_RECORDED_FACTOR_PRP_OR_LL_RESULT_AND_NO_ACTIVE_GIMPS_ASSIGNMENT,2026-08-08T19:16:24+00:00,UNALLOCATED,,,,,
SLCMP700-4170,4170,4171,317460943,2^317460943-1,STRUCTURAL_SCREEN_EXHAUSTED_PRIMALITY_UNASSIGNED,GF3A_DIRECTIONAL_WRITE_EXHAUSTED_PRIMALITY_UNASSIGNED,514,512,512,NO_RECORDED_FACTOR_PRP_OR_LL_RESULT_AND_NO_ACTIVE_GIMPS_ASSIGNMENT,2026-08-08T19:16:24+00:00,UNALLOCATED,,,,,
SLCMP700-4171,4171,4172,317461007,2^317461007-1,STRUCTURAL_SCREEN_EXHAUSTED_PRIMALITY_UNASSIGNED,GF3A_DIRECTIONAL_WRITE_EXHAUSTED_PRIMALITY_UNASSIGNED,514,512,512,NO_RECORDED_FACTOR_PRP_OR_LL_RESULT_AND_NO_ACTIVE_GIMPS_ASSIGNMENT,2026-08-08T19:16:24+00:00,UNALLOCATED,,,,,
SLCMP700-4172,4172,4173,317461033,2^317461033-1,STRUCTURAL_SCREEN_EXHAUSTED_PRIMALITY_UNASSIGNED,GF3A_DIRECTIONAL_WRITE_EXHAUSTED_PRIMALITY_UNASSIGNED,513,512,512,NO_RECORDED_FACTOR_PRP_OR_LL_RESULT_AND_NO_ACTIVE_GIMPS_ASSIGNMENT,2026-08-08T19:16:24+00:00,UNALLOCATED,,,,,
SLCMP700-4173,4173,4174,317461037,2^317461037-1,STRUCTURAL_SCREEN_EXHAUSTED_PRIMALITY_UNASSIGNED,GF3A_DIRECTIONAL_WRITE_EXHAUSTED_PRIMALITY_UNASSIGNED,513,512,512,NO_RECORDED_FACTOR_PRP_OR_LL_RESULT_AND_NO_ACTIVE_GIMPS_ASSIGNMENT,2026-08-08T19:16:24+00:00,UNALLOCATED,,,,,
SLCMP700-4174,4174,4175,317461091,2^317461091-1,STRUCTURAL_SCREEN_EXHAUSTED_PRIMALITY_UNASSIGNED,GF3A_DIRECTIONAL_WRITE_EXHAUSTED_PRIMALITY_UNASSIGNED,514,512,512,NO_RECORDED_FACTOR_PRP_OR_LL_RESULT_AND_NO_ACTIVE_GIMPS_ASSIGNMENT,2026-08-08T19:16:24+00:00,UNALLOCATED,,,,,
SLCMP700-4175,4175,4176,317461163,2^317461163-1,STRUCTURAL_SCREEN_EXHAUSTED_PRIMALITY_UNASSIGNED,GF3A_DIRECTIONAL_WRITE_EXHAUSTED_PRIMALITY_UNASSIGNED,514,512,512,NO_RECORDED_FACTOR_PRP_OR_LL_RESULT_AND_NO_ACTIVE_GIMPS_ASSIGNMENT,2026-08-08T19:16:24+00:00,UNALLOCATED,,,,,
SLCMP700-4176,4176,4177,317461259,2^317461259-1,STRUCTURAL_SCREEN_EXHAUSTED_PRIMALITY_UNASSIGNED,GF3A_DIRECTIONAL_WRITE_EXHAUSTED_PRIMALITY_UNASSIGNED,514,512,512,NO_RECORDED_FACTOR_PRP_OR_LL_RESULT_AND_NO_ACTIVE_GIMPS_ASSIGNMENT,2026-08-08T19:16:24+00:00,UNALLOCATED,,,,,
SLCMP700-4177,4177,4178,317461267,2^317461267-1,STRUCTURAL_SCREEN_EXHAUSTED_PRIMALITY_UNASSIGNED,GF3A_DIRECTIONAL_WRITE_EXHAUSTED_PRIMALITY_UNASSIGNED,514,512,512,NO_RECORDED_FACTOR_PRP_OR_LL_RESULT_AND_NO_ACTIVE_GIMPS_ASSIGNMENT,2026-08-08T19:16:24+00:00,UNALLOCATED,,,,,
SLCMP700-4178,4178,4179,317461381,2^317461381-1,STRUCTURAL_SCREEN_EXHAUSTED_PRIMALITY_UNASSIGNED,GF3A_DIRECTIONAL_WRITE_EXHAUSTED_PRIMALITY_UNASSIGNED,513,512,512,NO_RECORDED_FACTOR_PRP_OR_LL_RESULT_AND_NO_ACTIVE_GIMPS_ASSIGNMENT,2026-08-08T19:16:24+00:00,UNALLOCATED,,,,,
SLCMP700-4179,4179,4180,317461411,2^317461411-1,STRUCTURAL_SCREEN_EXHAUSTED_PRIMALITY_UNASSIGNED,GF3A_DIRECTIONAL_WRITE_EXHAUSTED_PRIMALITY_UNASSIGNED,514,512,512,NO_RECORDED_FACTOR_PRP_OR_LL_RESULT_AND_NO_ACTIVE_GIMPS_ASSIGNMENT,2026-08-08T19:16:24+00:00,UNALLOCATED,,,,,
SLCMP700-4180,4180,4181,317461589,2^317461589-1,STRUCTURAL_SCREEN_EXHAUSTED_PRIMALITY_UNASSIGNED,GF3A_DIRECTIONAL_WRITE_EXHAUSTED_PRIMALITY_UNASSIGNED,513,512,512,NO_RECORDED_FACTOR_PRP_OR_LL_RESULT_AND_NO_ACTIVE_GIMPS_ASSIGNMENT,2026-08-08T19:16:24+00:00,UNALLOCATED,,,,,
SLCMP700-4181,4181,4182,317461609,2^317461609-1,STRUCTURAL_SCREEN_EXHAUSTED_PRIMALITY_UNASSIGNED,GF3A_DIRECTIONAL_WRITE_EXHAUSTED_PRIMALITY_UNASSIGNED,513,512,512,NO_RECORDED_FACTOR_PRP_OR_LL_RESULT_AND_NO_ACTIVE_GIMPS_ASSIGNMENT,2026-08-08T19:16:24+00:00,UNALLOCATED,,,,,
SLCMP700-4182,4182,4183,317461649,2^317461649-1,STRUCTURAL_SCREEN_EXHAUSTED_PRIMALITY_UNASSIGNED,GF3A_DIRECTIONAL_WRITE_EXHAUSTED_PRIMALITY_UNASSIGNED,513,512,512,NO_RECORDED_FACTOR_PRP_OR_LL_RESULT_AND_NO_ACTIVE_GIMPS_ASSIGNMENT,2026-08-08T19:16:24+00:00,UNALLOCATED,,,,,
SLCMP700-4183,4183,4184,317461787,2^317461787-1,STRUCTURAL_SCREEN_EXHAUSTED_PRIMALITY_UNASSIGNED,GF3A_DIRECTIONAL_WRITE_EXHAUSTED_PRIMALITY_UNASSIGNED,514,512,512,NO_RECORDED_FACTOR_PRP_OR_LL_RESULT_AND_NO_ACTIVE_GIMPS_ASSIGNMENT,2026-08-08T19:16:24+00:00,UNALLOCATED,,,,,
SLCMP700-4184,4184,4185,317461789,2^317461789-1,STRUCTURAL_SCREEN_EXHAUSTED_PRIMALITY_UNASSIGNED,GF3A_DIRECTIONAL_WRITE_EXHAUSTED_PRIMALITY_UNASSIGNED,513,512,512,NO_RECORDED_FACTOR_PRP_OR_LL_RESULT_AND_NO_ACTIVE_GIMPS_ASSIGNMENT,2026-08-08T19:16:24+00:00,UNALLOCATED,,,,,
SLCMP700-4185,4185,4186,317461871,2^317461871-1,STRUCTURAL_SCREEN_EXHAUSTED_PRIMALITY_UNASSIGNED,GF3A_DIRECTIONAL_WRITE_EXHAUSTED_PRIMALITY_UNASSIGNED,514,512,512,NO_RECORDED_FACTOR_PRP_OR_LL_RESULT_AND_NO_ACTIVE_GIMPS_ASSIGNMENT,2026-08-08T19:16:24+00:00,UNALLOCATED,,,,,
SLCMP700-4186,4186,4187,317461909,2^317461909-1,STRUCTURAL_SCREEN_EXHAUSTED_PRIMALITY_UNASSIGNED,GF3A_DIRECTIONAL_WRITE_EXHAUSTED_PRIMALITY_UNASSIGNED,513,512,512,NO_RECORDED_FACTOR_PRP_OR_LL_RESULT_AND_NO_ACTIVE_GIMPS_ASSIGNMENT,2026-08-08T19:16:24+00:00,UNALLOCATED,,,,,
SLCMP700-4187,4187,4188,317461913,2^317461913-1,STRUCTURAL_SCREEN_EXHAUSTED_PRIMALITY_UNASSIGNED,GF3A_DIRECTIONAL_WRITE_EXHAUSTED_PRIMALITY_UNASSIGNED,513,512,512,NO_RECORDED_FACTOR_PRP_OR_LL_RESULT_AND_NO_ACTIVE_GIMPS_ASSIGNMENT,2026-08-08T19:16:24+00:00,UNALLOCATED,,,,,
SLCMP700-4188,4188,4189,317462011,2^317462011-1,STRUCTURAL_SCREEN_EXHAUSTED_PRIMALITY_UNASSIGNED,GF3A_DIRECTIONAL_WRITE_EXHAUSTED_PRIMALITY_UNASSIGNED,514,512,512,NO_RECORDED_FACTOR_PRP_OR_LL_RESULT_AND_NO_ACTIVE_GIMPS_ASSIGNMENT,2026-08-08T19:16:24+00:00,UNALLOCATED,,,,,
SLCMP700-4189,4189,4190,317462071,2^317462071-1,STRUCTURAL_SCREEN_EXHAUSTED_PRIMALITY_UNASSIGNED,GF3A_DIRECTIONAL_WRITE_EXHAUSTED_PRIMALITY_UNASSIGNED,514,512,512,NO_RECORDED_FACTOR_PRP_OR_LL_RESULT_AND_NO_ACTIVE_GIMPS_ASSIGNMENT,2026-08-08T19:16:24+00:00,UNALLOCATED,,,,,
SLCMP700-4190,4190,4191,317462081,2^317462081-1,STRUCTURAL_SCREEN_EXHAUSTED_PRIMALITY_UNASSIGNED,GF3A_DIRECTIONAL_WRITE_EXHAUSTED_PRIMALITY_UNASSIGNED,513,512,512,NO_RECORDED_FACTOR_PRP_OR_LL_RESULT_AND_NO_ACTIVE_GIMPS_ASSIGNMENT,2026-08-08T19:16:24+00:00,UNALLOCATED,,,,,
SLCMP700-4191,4191,4192,317462083,2^317462083-1,STRUCTURAL_SCREEN_EXHAUSTED_PRIMALITY_UNASSIGNED,GF3A_DIRECTIONAL_WRITE_EXHAUSTED_PRIMALITY_UNASSIGNED,514,512,512,NO_RECORDED_FACTOR_PRP_OR_LL_RESULT_AND_NO_ACTIVE_GIMPS_ASSIGNMENT,2026-08-08T19:16:24+00:00,UNALLOCATED,,,,,
SLCMP700-4192,4192,4193,317462141,2^317462141-1,STRUCTURAL_SCREEN_EXHAUSTED_PRIMALITY_UNASSIGNED,GF3A_DIRECTIONAL_WRITE_EXHAUSTED_PRIMALITY_UNASSIGNED,513,512,512,NO_RECORDED_FACTOR_PRP_OR_LL_RESULT_AND_NO_ACTIVE_GIMPS_ASSIGNMENT,2026-08-08T19:16:24+00:00,UNALLOCATED,,,,,
SLCMP700-4193,4193,4194,317462153,2^317462153-1,STRUCTURAL_SCREEN_EXHAUSTED_PRIMALITY_UNASSIGNED,GF3A_DIRECTIONAL_WRITE_EXHAUSTED_PRIMALITY_UNASSIGNED,513,512,512,NO_RECORDED_FACTOR_PRP_OR_LL_RESULT_AND_NO_ACTIVE_GIMPS_ASSIGNMENT,2026-08-08T19:16:24+00:00,UNALLOCATED,,,,,
SLCMP700-4194,4194,4195,317462219,2^317462219-1,STRUCTURAL_SCREEN_EXHAUSTED_PRIMALITY_UNASSIGNED,GF3A_DIRECTIONAL_WRITE_EXHAUSTED_PRIMALITY_UNASSIGNED,514,512,512,NO_RECORDED_FACTOR_PRP_OR_LL_RESULT_AND_NO_ACTIVE_GIMPS_ASSIGNMENT,2026-08-08T19:16:24+00:00,UNALLOCATED,,,,,
SLCMP700-4195,4195,4196,317462287,2^317462287-1,STRUCTURAL_SCREEN_EXHAUSTED_PRIMALITY_UNASSIGNED,GF3A_DIRECTIONAL_WRITE_EXHAUSTED_PRIMALITY_UNASSIGNED,514,512,512,NO_RECORDED_FACTOR_PRP_OR_LL_RESULT_AND_NO_ACTIVE_GIMPS_ASSIGNMENT,2026-08-08T19:16:24+00:00,UNALLOCATED,,,,,
SLCMP700-4196,4196,4197,317462309,2^317462309-1,STRUCTURAL_SCREEN_EXHAUSTED_PRIMALITY_UNASSIGNED,GF3A_DIRECTIONAL_WRITE_EXHAUSTED_PRIMALITY_UNASSIGNED,513,512,512,NO_RECORDED_FACTOR_PRP_OR_LL_RESULT_AND_NO_ACTIVE_GIMPS_ASSIGNMENT,2026-08-08T19:16:24+00:00,UNALLOCATED,,,,,
SLCMP700-4197,4197,4198,317462423,2^317462423-1,STRUCTURAL_SCREEN_EXHAUSTED_PRIMALITY_UNASSIGNED,GF3A_DIRECTIONAL_WRITE_EXHAUSTED_PRIMALITY_UNASSIGNED,514,512,512,NO_RECORDED_FACTOR_PRP_OR_LL_RESULT_AND_NO_ACTIVE_GIMPS_ASSIGNMENT,2026-08-08T19:16:24+00:00,UNALLOCATED,,,,,
SLCMP700-4198,4198,4199,317462459,2^317462459-1,STRUCTURAL_SCREEN_EXHAUSTED_PRIMALITY_UNASSIGNED,GF3A_DIRECTIONAL_WRITE_EXHAUSTED_PRIMALITY_UNASSIGNED,514,512,512,NO_RECORDED_FACTOR_PRP_OR_LL_RESULT_AND_NO_ACTIVE_GIMPS_ASSIGNMENT,2026-08-08T19:16:24+00:00,UNALLOCATED,,,,,
SLCMP700-4199,4199,4200,317462653,2^317462653-1,STRUCTURAL_SCREEN_EXHAUSTED_PRIMALITY_UNASSIGNED,GF3A_DIRECTIONAL_WRITE_EXHAUSTED_PRIMALITY_UNASSIGNED,513,512,512,NO_RECORDED_FACTOR_PRP_OR_LL_RESULT_AND_NO_ACTIVE_GIMPS_ASSIGNMENT,2026-08-08T19:16:24+00:00,UNALLOCATED,,,,,
SLCMP700-4200,4200,4201,317462729,2^317462729-1,STRUCTURAL_SCREEN_EXHAUSTED_PRIMALITY_UNASSIGNED,GF3A_DIRECTIONAL_WRITE_EXHAUSTED_PRIMALITY_UNASSIGNED,513,512,512,NO_RECORDED_FACTOR_PRP_OR_LL_RESULT_AND_NO_ACTIVE_GIMPS_ASSIGNMENT,2026-08-08T19:16:24+00:00,UNALLOCATED,,,,,
SLCMP700-4201,4201,4202,317462731,2^317462731-1,STRUCTURAL_SCREEN_EXHAUSTED_PRIMALITY_UNASSIGNED,GF3A_DIRECTIONAL_WRITE_EXHAUSTED_PRIMALITY_UNASSIGNED,514,512,512,NO_RECORDED_FACTOR_PRP_OR_LL_RESULT_AND_NO_ACTIVE_GIMPS_ASSIGNMENT,2026-08-08T19:16:24+00:00,UNALLOCATED,,,,,
SLCMP700-4202,4202,4203,317462749,2^317462749-1,STRUCTURAL_SCREEN_EXHAUSTED_PRIMALITY_UNASSIGNED,GF3A_DIRECTIONAL_WRITE_EXHAUSTED_PRIMALITY_UNASSIGNED,513,512,512,NO_RECORDED_FACTOR_PRP_OR_LL_RESULT_AND_NO_ACTIVE_GIMPS_ASSIGNMENT,2026-08-08T19:16:24+00:00,UNALLOCATED,,,,,
SLCMP700-4203,4203,4204,317462801,2^317462801-1,STRUCTURAL_SCREEN_EXHAUSTED_PRIMALITY_UNASSIGNED,GF3A_DIRECTIONAL_WRITE_EXHAUSTED_PRIMALITY_UNASSIGNED,513,512,512,NO_RECORDED_FACTOR_PRP_OR_LL_RESULT_AND_NO_ACTIVE_GIMPS_ASSIGNMENT,2026-08-08T19:16:24+00:00,UNALLOCATED,,,,,
SLCMP700-4204,4204,4205,317462921,2^317462921-1,STRUCTURAL_SCREEN_EXHAUSTED_PRIMALITY_UNASSIGNED,GF3A_DIRECTIONAL_WRITE_EXHAUSTED_PRIMALITY_UNASSIGNED,513,512,512,NO_RECORDED_FACTOR_PRP_OR_LL_RESULT_AND_NO_ACTIVE_GIMPS_ASSIGNMENT,2026-08-08T19:16:24+00:00,UNALLOCATED,,,,,
SLCMP700-4205,4205,4206,317462927,2^317462927-1,STRUCTURAL_SCREEN_EXHAUSTED_PRIMALITY_UNASSIGNED,GF3A_DIRECTIONAL_WRITE_EXHAUSTED_PRIMALITY_UNASSIGNED,514,512,512,NO_RECORDED_FACTOR_PRP_OR_LL_RESULT_AND_NO_ACTIVE_GIMPS_ASSIGNMENT,2026-08-08T19:16:24+00:00,UNALLOCATED,,,,,
SLCMP700-4206,4206,4207,317463037,2^317463037-1,STRUCTURAL_SCREEN_EXHAUSTED_PRIMALITY_UNASSIGNED,GF3A_DIRECTIONAL_WRITE_EXHAUSTED_PRIMALITY_UNASSIGNED,513,512,512,NO_RECORDED_FACTOR_PRP_OR_LL_RESULT_AND_NO_ACTIVE_GIMPS_ASSIGNMENT,2026-08-08T19:16:24+00:00,UNALLOCATED,,,,,
SLCMP700-4207,4207,4208,317463119,2^317463119-1,STRUCTURAL_SCREEN_EXHAUSTED_PRIMALITY_UNASSIGNED,GF3A_DIRECTIONAL_WRITE_EXHAUSTED_PRIMALITY_UNASSIGNED,514,512,512,NO_RECORDED_FACTOR_PRP_OR_LL_RESULT_AND_NO_ACTIVE_GIMPS_ASSIGNMENT,2026-08-08T19:16:24+00:00,UNALLOCATED,,,,,
SLCMP700-4208,4208,4209,317463121,2^317463121-1,STRUCTURAL_SCREEN_EXHAUSTED_PRIMALITY_UNASSIGNED,GF3A_DIRECTIONAL_WRITE_EXHAUSTED_PRIMALITY_UNASSIGNED,513,512,512,NO_RECORDED_FACTOR_PRP_OR_LL_RESULT_AND_NO_ACTIVE_GIMPS_ASSIGNMENT,2026-08-08T19:16:24+00:00,UNALLOCATED,,,,,
SLCMP700-4209,4209,4210,317463127,2^317463127-1,STRUCTURAL_SCREEN_EXHAUSTED_PRIMALITY_UNASSIGNED,GF3A_DIRECTIONAL_WRITE_EXHAUSTED_PRIMALITY_UNASSIGNED,514,512,512,NO_RECORDED_FACTOR_PRP_OR_LL_RESULT_AND_NO_ACTIVE_GIMPS_ASSIGNMENT,2026-08-08T19:16:24+00:00,UNALLOCATED,,,,,
SLCMP700-4210,4210,4211,317463259,2^317463259-1,STRUCTURAL_SCREEN_EXHAUSTED_PRIMALITY_UNASSIGNED,GF3A_DIRECTIONAL_WRITE_EXHAUSTED_PRIMALITY_UNASSIGNED,514,512,512,NO_RECORDED_FACTOR_PRP_OR_LL_RESULT_AND_NO_ACTIVE_GIMPS_ASSIGNMENT,2026-08-08T19:16:24+00:00,UNALLOCATED,,,,,
SLCMP700-4211,4211,4212,317463397,2^317463397-1,STRUCTURAL_SCREEN_EXHAUSTED_PRIMALITY_UNASSIGNED,GF3A_DIRECTIONAL_WRITE_EXHAUSTED_PRIMALITY_UNASSIGNED,513,512,512,NO_RECORDED_FACTOR_PRP_OR_LL_RESULT_AND_NO_ACTIVE_GIMPS_ASSIGNMENT,2026-08-08T19:16:24+00:00,UNALLOCATED,,,,,
SLCMP700-4212,4212,4213,317463413,2^317463413-1,STRUCTURAL_SCREEN_EXHAUSTED_PRIMALITY_UNASSIGNED,GF3A_DIRECTIONAL_WRITE_EXHAUSTED_PRIMALITY_UNASSIGNED,513,512,512,NO_RECORDED_FACTOR_PRP_OR_LL_RESULT_AND_NO_ACTIVE_GIMPS_ASSIGNMENT,2026-08-08T19:16:24+00:00,UNALLOCATED,,,,,
SLCMP700-4213,4213,4214,317463437,2^317463437-1,STRUCTURAL_SCREEN_EXHAUSTED_PRIMALITY_UNASSIGNED,GF3A_DIRECTIONAL_WRITE_EXHAUSTED_PRIMALITY_UNASSIGNED,513,512,512,NO_RECORDED_FACTOR_PRP_OR_LL_RESULT_AND_NO_ACTIVE_GIMPS_ASSIGNMENT,2026-08-08T19:16:24+00:00,UNALLOCATED,,,,,
SLCMP700-4214,4214,4215,317463439,2^317463439-1,STRUCTURAL_SCREEN_EXHAUSTED_PRIMALITY_UNASSIGNED,GF3A_DIRECTIONAL_WRITE_EXHAUSTED_PRIMALITY_UNASSIGNED,514,512,512,NO_RECORDED_FACTOR_PRP_OR_LL_RESULT_AND_NO_ACTIVE_GIMPS_ASSIGNMENT,2026-08-08T19:16:24+00:00,UNALLOCATED,,,,,
SLCMP700-4215,4215,4216,317463563,2^317463563-1,STRUCTURAL_SCREEN_EXHAUSTED_PRIMALITY_UNASSIGNED,GF3A_DIRECTIONAL_WRITE_EXHAUSTED_PRIMALITY_UNASSIGNED,514,512,512,NO_RECORDED_FACTOR_PRP_OR_LL_RESULT_AND_NO_ACTIVE_GIMPS_ASSIGNMENT,2026-08-08T19:16:24+00:00,UNALLOCATED,,,,,
SLCMP700-4216,4216,4217,317463607,2^317463607-1,STRUCTURAL_SCREEN_EXHAUSTED_PRIMALITY_UNASSIGNED,GF3A_DIRECTIONAL_WRITE_EXHAUSTED_PRIMALITY_UNASSIGNED,514,512,512,NO_RECORDED_FACTOR_PRP_OR_LL_RESULT_AND_NO_ACTIVE_GIMPS_ASSIGNMENT,2026-08-08T19:16:24+00:00,UNALLOCATED,,,,,
SLCMP700-4217,4217,4218,317463611,2^317463611-1,STRUCTURAL_SCREEN_EXHAUSTED_PRIMALITY_UNASSIGNED,GF3A_DIRECTIONAL_WRITE_EXHAUSTED_PRIMALITY_UNASSIGNED,514,512,512,NO_RECORDED_FACTOR_PRP_OR_LL_RESULT_AND_NO_ACTIVE_GIMPS_ASSIGNMENT,2026-08-08T19:16:24+00:00,UNALLOCATED,,,,,
SLCMP700-4218,4218,4219,317463659,2^317463659-1,STRUCTURAL_SCREEN_EXHAUSTED_PRIMALITY_UNASSIGNED,GF3A_DIRECTIONAL_WRITE_EXHAUSTED_PRIMALITY_UNASSIGNED,514,512,512,NO_RECORDED_FACTOR_PRP_OR_LL_RESULT_AND_NO_ACTIVE_GIMPS_ASSIGNMENT,2026-08-08T19:16:24+00:00,UNALLOCATED,,,,,
SLCMP700-4219,4219,4220,317463689,2^317463689-1,STRUCTURAL_SCREEN_EXHAUSTED_PRIMALITY_UNASSIGNED,GF3A_DIRECTIONAL_WRITE_EXHAUSTED_PRIMALITY_UNASSIGNED,513,512,512,NO_RECORDED_FACTOR_PRP_OR_LL_RESULT_AND_NO_ACTIVE_GIMPS_ASSIGNMENT,2026-08-08T19:16:24+00:00,UNALLOCATED,,,,,
SLCMP700-4220,4220,4221,317463701,2^317463701-1,STRUCTURAL_SCREEN_EXHAUSTED_PRIMALITY_UNASSIGNED,GF3A_DIRECTIONAL_WRITE_EXHAUSTED_PRIMALITY_UNASSIGNED,513,512,512,NO_RECORDED_FACTOR_PRP_OR_LL_RESULT_AND_NO_ACTIVE_GIMPS_ASSIGNMENT,2026-08-08T19:16:24+00:00,UNALLOCATED,,,,,
SLCMP700-4221,4221,4222,317463767,2^317463767-1,STRUCTURAL_SCREEN_EXHAUSTED_PRIMALITY_UNASSIGNED,GF3A_DIRECTIONAL_WRITE_EXHAUSTED_PRIMALITY_UNASSIGNED,514,512,512,NO_RECORDED_FACTOR_PRP_OR_LL_RESULT_AND_NO_ACTIVE_GIMPS_ASSIGNMENT,2026-08-08T19:16:24+00:00,UNALLOCATED,,,,,
SLCMP700-4222,4222,4223,317463833,2^317463833-1,STRUCTURAL_SCREEN_EXHAUSTED_PRIMALITY_UNASSIGNED,GF3A_DIRECTIONAL_WRITE_EXHAUSTED_PRIMALITY_UNASSIGNED,513,512,512,NO_RECORDED_FACTOR_PRP_OR_LL_RESULT_AND_NO_ACTIVE_GIMPS_ASSIGNMENT,2026-08-08T19:16:24+00:00,UNALLOCATED,,,,,
SLCMP700-4223,4223,4224,317463857,2^317463857-1,STRUCTURAL_SCREEN_EXHAUSTED_PRIMALITY_UNASSIGNED,GF3A_DIRECTIONAL_WRITE_EXHAUSTED_PRIMALITY_UNASSIGNED,513,512,512,NO_RECORDED_FACTOR_PRP_OR_LL_RESULT_AND_NO_ACTIVE_GIMPS_ASSIGNMENT,2026-08-08T19:16:24+00:00,UNALLOCATED,,,,,
SLCMP700-4224,4224,4225,317463869,2^317463869-1,STRUCTURAL_SCREEN_EXHAUSTED_PRIMALITY_UNASSIGNED,GF3A_DIRECTIONAL_WRITE_EXHAUSTED_PRIMALITY_UNASSIGNED,513,512,512,NO_RECORDED_FACTOR_PRP_OR_LL_RESULT_AND_NO_ACTIVE_GIMPS_ASSIGNMENT,2026-08-08T19:16:24+00:00,UNALLOCATED,,,,,
SLCMP700-4225,4225,4226,317464151,2^317464151-1,STRUCTURAL_SCREEN_EXHAUSTED_PRIMALITY_UNASSIGNED,GF3A_DIRECTIONAL_WRITE_EXHAUSTED_PRIMALITY_UNASSIGNED,514,512,512,NO_RECORDED_FACTOR_PRP_OR_LL_RESULT_AND_NO_ACTIVE_GIMPS_ASSIGNMENT,2026-08-08T19:16:24+00:00,UNALLOCATED,,,,,
SLCMP700-4226,4226,4227,317464153,2^317464153-1,STRUCTURAL_SCREEN_EXHAUSTED_PRIMALITY_UNASSIGNED,GF3A_DIRECTIONAL_WRITE_EXHAUSTED_PRIMALITY_UNASSIGNED,513,512,512,NO_RECORDED_FACTOR_PRP_OR_LL_RESULT_AND_NO_ACTIVE_GIMPS_ASSIGNMENT,2026-08-08T19:16:24+00:00,UNALLOCATED,,,,,
SLCMP700-4227,4227,4228,317464163,2^317464163-1,STRUCTURAL_SCREEN_EXHAUSTED_PRIMALITY_UNASSIGNED,GF3A_DIRECTIONAL_WRITE_EXHAUSTED_PRIMALITY_UNASSIGNED,514,512,512,NO_RECORDED_FACTOR_PRP_OR_LL_RESULT_AND_NO_ACTIVE_GIMPS_ASSIGNMENT,2026-08-08T19:16:24+00:00,UNALLOCATED,,,,,
SLCMP700-4228,4228,4229,317464183,2^317464183-1,STRUCTURAL_SCREEN_EXHAUSTED_PRIMALITY_UNASSIGNED,GF3A_DIRECTIONAL_WRITE_EXHAUSTED_PRIMALITY_UNASSIGNED,514,512,512,NO_RECORDED_FACTOR_PRP_OR_LL_RESULT_AND_NO_ACTIVE_GIMPS_ASSIGNMENT,2026-08-08T19:16:24+00:00,UNALLOCATED,,,,,
SLCMP700-4229,4229,4230,317464261,2^317464261-1,STRUCTURAL_SCREEN_EXHAUSTED_PRIMALITY_UNASSIGNED,GF3A_DIRECTIONAL_WRITE_EXHAUSTED_PRIMALITY_UNASSIGNED,513,512,512,NO_RECORDED_FACTOR_PRP_OR_LL_RESULT_AND_NO_ACTIVE_GIMPS_ASSIGNMENT,2026-08-08T19:16:24+00:00,UNALLOCATED,,,,,
SLCMP700-4230,4230,4231,317464321,2^317464321-1,STRUCTURAL_SCREEN_EXHAUSTED_PRIMALITY_UNASSIGNED,GF3A_DIRECTIONAL_WRITE_EXHAUSTED_PRIMALITY_UNASSIGNED,513,512,512,NO_RECORDED_FACTOR_PRP_OR_LL_RESULT_AND_NO_ACTIVE_GIMPS_ASSIGNMENT,2026-08-08T19:16:24+00:00,UNALLOCATED,,,,,
SLCMP700-4231,4231,4232,317464453,2^317464453-1,STRUCTURAL_SCREEN_EXHAUSTED_PRIMALITY_UNASSIGNED,GF3A_DIRECTIONAL_WRITE_EXHAUSTED_PRIMALITY_UNASSIGNED,513,512,512,NO_RECORDED_FACTOR_PRP_OR_LL_RESULT_AND_NO_ACTIVE_GIMPS_ASSIGNMENT,2026-08-08T19:16:24+00:00,UNALLOCATED,,,,,
SLCMP700-4232,4232,4233,317464591,2^317464591-1,STRUCTURAL_SCREEN_EXHAUSTED_PRIMALITY_UNASSIGNED,GF3A_DIRECTIONAL_WRITE_EXHAUSTED_PRIMALITY_UNASSIGNED,514,512,512,NO_RECORDED_FACTOR_PRP_OR_LL_RESULT_AND_NO_ACTIVE_GIMPS_ASSIGNMENT,2026-08-08T19:16:24+00:00,UNALLOCATED,,,,,
SLCMP700-4233,4233,4234,317464703,2^317464703-1,STRUCTURAL_SCREEN_EXHAUSTED_PRIMALITY_UNASSIGNED,GF3A_DIRECTIONAL_WRITE_EXHAUSTED_PRIMALITY_UNASSIGNED,514,512,512,NO_RECORDED_FACTOR_PRP_OR_LL_RESULT_AND_NO_ACTIVE_GIMPS_ASSIGNMENT,2026-08-08T19:16:24+00:00,UNALLOCATED,,,,,
SLCMP700-4234,4234,4235,317464727,2^317464727-1,STRUCTURAL_SCREEN_EXHAUSTED_PRIMALITY_UNASSIGNED,GF3A_DIRECTIONAL_WRITE_EXHAUSTED_PRIMALITY_UNASSIGNED,514,512,512,NO_RECORDED_FACTOR_PRP_OR_LL_RESULT_AND_NO_ACTIVE_GIMPS_ASSIGNMENT,2026-08-08T19:16:24+00:00,UNALLOCATED,,,,,
SLCMP700-4235,4235,4236,317464759,2^317464759-1,STRUCTURAL_SCREEN_EXHAUSTED_PRIMALITY_UNASSIGNED,GF3A_DIRECTIONAL_WRITE_EXHAUSTED_PRIMALITY_UNASSIGNED,514,512,512,NO_RECORDED_FACTOR_PRP_OR_LL_RESULT_AND_NO_ACTIVE_GIMPS_ASSIGNMENT,2026-08-08T19:16:24+00:00,UNALLOCATED,,,,,
SLCMP700-4236,4236,4237,317464813,2^317464813-1,STRUCTURAL_SCREEN_EXHAUSTED_PRIMALITY_UNASSIGNED,GF3A_DIRECTIONAL_WRITE_EXHAUSTED_PRIMALITY_UNASSIGNED,513,512,512,NO_RECORDED_FACTOR_PRP_OR_LL_RESULT_AND_NO_ACTIVE_GIMPS_ASSIGNMENT,2026-08-08T19:16:24+00:00,UNALLOCATED,,,,,
SLCMP700-4237,4237,4238,317464867,2^317464867-1,STRUCTURAL_SCREEN_EXHAUSTED_PRIMALITY_UNASSIGNED,GF3A_DIRECTIONAL_WRITE_EXHAUSTED_PRIMALITY_UNASSIGNED,514,512,512,NO_RECORDED_FACTOR_PRP_OR_LL_RESULT_AND_NO_ACTIVE_GIMPS_ASSIGNMENT,2026-08-08T19:16:24+00:00,UNALLOCATED,,,,,
SLCMP700-4238,4238,4239,317464877,2^317464877-1,STRUCTURAL_SCREEN_EXHAUSTED_PRIMALITY_UNASSIGNED,GF3A_DIRECTIONAL_WRITE_EXHAUSTED_PRIMALITY_UNASSIGNED,513,512,512,NO_RECORDED_FACTOR_PRP_OR_LL_RESULT_AND_NO_ACTIVE_GIMPS_ASSIGNMENT,2026-08-08T19:16:24+00:00,UNALLOCATED,,,,,
SLCMP700-4239,4239,4240,317464907,2^317464907-1,STRUCTURAL_SCREEN_EXHAUSTED_PRIMALITY_UNASSIGNED,GF3A_DIRECTIONAL_WRITE_EXHAUSTED_PRIMALITY_UNASSIGNED,514,512,512,NO_RECORDED_FACTOR_PRP_OR_LL_RESULT_AND_NO_ACTIVE_GIMPS_ASSIGNMENT,2026-08-08T19:16:24+00:00,UNALLOCATED,,,,,
SLCMP700-4240,4240,4241,317464949,2^317464949-1,STRUCTURAL_SCREEN_EXHAUSTED_PRIMALITY_UNASSIGNED,GF3A_DIRECTIONAL_WRITE_EXHAUSTED_PRIMALITY_UNASSIGNED,513,512,512,NO_RECORDED_FACTOR_PRP_OR_LL_RESULT_AND_NO_ACTIVE_GIMPS_ASSIGNMENT,2026-08-08T19:16:24+00:00,UNALLOCATED,,,,,
SLCMP700-4241,4241,4242,317465287,2^317465287-1,STRUCTURAL_SCREEN_EXHAUSTED_PRIMALITY_UNASSIGNED,GF3A_DIRECTIONAL_WRITE_EXHAUSTED_PRIMALITY_UNASSIGNED,514,512,512,NO_RECORDED_FACTOR_PRP_OR_LL_RESULT_AND_NO_ACTIVE_GIMPS_ASSIGNMENT,2026-08-08T19:16:24+00:00,UNALLOCATED,,,,,
SLCMP700-4242,4242,4243,317465299,2^317465299-1,STRUCTURAL_SCREEN_EXHAUSTED_PRIMALITY_UNASSIGNED,GF3A_DIRECTIONAL_WRITE_EXHAUSTED_PRIMALITY_UNASSIGNED,514,512,512,NO_RECORDED_FACTOR_PRP_OR_LL_RESULT_AND_NO_ACTIVE_GIMPS_ASSIGNMENT,2026-08-08T19:16:24+00:00,UNALLOCATED,,,,,
SLCMP700-4243,4243,4244,317465441,2^317465441-1,STRUCTURAL_SCREEN_EXHAUSTED_PRIMALITY_UNASSIGNED,GF3A_DIRECTIONAL_WRITE_EXHAUSTED_PRIMALITY_UNASSIGNED,513,512,512,NO_RECORDED_FACTOR_PRP_OR_LL_RESULT_AND_NO_ACTIVE_GIMPS_ASSIGNMENT,2026-08-08T19:16:24+00:00,UNALLOCATED,,,,,
SLCMP700-4244,4244,4245,317465557,2^317465557-1,STRUCTURAL_SCREEN_EXHAUSTED_PRIMALITY_UNASSIGNED,GF3A_DIRECTIONAL_WRITE_EXHAUSTED_PRIMALITY_UNASSIGNED,513,512,512,NO_RECORDED_FACTOR_PRP_OR_LL_RESULT_AND_NO_ACTIVE_GIMPS_ASSIGNMENT,2026-08-08T19:16:24+00:00,UNALLOCATED,,,,,
SLCMP700-4245,4245,4246,317465783,2^317465783-1,STRUCTURAL_SCREEN_EXHAUSTED_PRIMALITY_UNASSIGNED,GF3A_DIRECTIONAL_WRITE_EXHAUSTED_PRIMALITY_UNASSIGNED,514,512,512,NO_RECORDED_FACTOR_PRP_OR_LL_RESULT_AND_NO_ACTIVE_GIMPS_ASSIGNMENT,2026-08-08T19:16:24+00:00,UNALLOCATED,,,,,
SLCMP700-4246,4246,4247,317465857,2^317465857-1,STRUCTURAL_SCREEN_EXHAUSTED_PRIMALITY_UNASSIGNED,GF3A_DIRECTIONAL_WRITE_EXHAUSTED_PRIMALITY_UNASSIGNED,513,512,512,NO_RECORDED_FACTOR_PRP_OR_LL_RESULT_AND_NO_ACTIVE_GIMPS_ASSIGNMENT,2026-08-08T19:16:24+00:00,UNALLOCATED,,,,,
SLCMP700-4247,4247,4248,317465881,2^317465881-1,STRUCTURAL_SCREEN_EXHAUSTED_PRIMALITY_UNASSIGNED,GF3A_DIRECTIONAL_WRITE_EXHAUSTED_PRIMALITY_UNASSIGNED,513,512,512,NO_RECORDED_FACTOR_PRP_OR_LL_RESULT_AND_NO_ACTIVE_GIMPS_ASSIGNMENT,2026-08-08T19:16:24+00:00,UNALLOCATED,,,,,
SLCMP700-4248,4248,4249,317465909,2^317465909-1,STRUCTURAL_SCREEN_EXHAUSTED_PRIMALITY_UNASSIGNED,GF3A_DIRECTIONAL_WRITE_EXHAUSTED_PRIMALITY_UNASSIGNED,513,512,512,NO_RECORDED_FACTOR_PRP_OR_LL_RESULT_AND_NO_ACTIVE_GIMPS_ASSIGNMENT,2026-08-08T19:16:24+00:00,UNALLOCATED,,,,,
SLCMP700-4249,4249,4250,317465917,2^317465917-1,STRUCTURAL_SCREEN_EXHAUSTED_PRIMALITY_UNASSIGNED,GF3A_DIRECTIONAL_WRITE_EXHAUSTED_PRIMALITY_UNASSIGNED,513,512,512,NO_RECORDED_FACTOR_PRP_OR_LL_RESULT_AND_NO_ACTIVE_GIMPS_ASSIGNMENT,2026-08-08T19:16:24+00:00,UNALLOCATED,,,,,
SLCMP700-4250,4250,4251,317466137,2^317466137-1,STRUCTURAL_SCREEN_EXHAUSTED_PRIMALITY_UNASSIGNED,GF3A_DIRECTIONAL_WRITE_EXHAUSTED_PRIMALITY_UNASSIGNED,513,512,512,NO_RECORDED_FACTOR_PRP_OR_LL_RESULT_AND_NO_ACTIVE_GIMPS_ASSIGNMENT,2026-08-08T19:16:24+00:00,UNALLOCATED,,,,,
SLCMP700-4251,4251,4252,317466139,2^317466139-1,STRUCTURAL_SCREEN_EXHAUSTED_PRIMALITY_UNASSIGNED,GF3A_DIRECTIONAL_WRITE_EXHAUSTED_PRIMALITY_UNASSIGNED,514,512,512,NO_RECORDED_FACTOR_PRP_OR_LL_RESULT_AND_NO_ACTIVE_GIMPS_ASSIGNMENT,2026-08-08T19:16:24+00:00,UNALLOCATED,,,,,
SLCMP700-4252,4252,4253,317466187,2^317466187-1,STRUCTURAL_SCREEN_EXHAUSTED_PRIMALITY_UNASSIGNED,GF3A_DIRECTIONAL_WRITE_EXHAUSTED_PRIMALITY_UNASSIGNED,514,512,512,NO_RECORDED_FACTOR_PRP_OR_LL_RESULT_AND_NO_ACTIVE_GIMPS_ASSIGNMENT,2026-08-08T19:16:24+00:00,UNALLOCATED,,,,,
SLCMP700-4253,4253,4254,317466203,2^317466203-1,STRUCTURAL_SCREEN_EXHAUSTED_PRIMALITY_UNASSIGNED,GF3A_DIRECTIONAL_WRITE_EXHAUSTED_PRIMALITY_UNASSIGNED,514,512,512,NO_RECORDED_FACTOR_PRP_OR_LL_RESULT_AND_NO_ACTIVE_GIMPS_ASSIGNMENT,2026-08-08T19:16:24+00:00,UNALLOCATED,,,,,
SLCMP700-4254,4254,4255,317466367,2^317466367-1,STRUCTURAL_SCREEN_EXHAUSTED_PRIMALITY_UNASSIGNED,GF3A_DIRECTIONAL_WRITE_EXHAUSTED_PRIMALITY_UNASSIGNED,514,512,512,NO_RECORDED_FACTOR_PRP_OR_LL_RESULT_AND_NO_ACTIVE_GIMPS_ASSIGNMENT,2026-08-08T19:16:24+00:00,UNALLOCATED,,,,,
SLCMP700-4255,4255,4256,317466389,2^317466389-1,STRUCTURAL_SCREEN_EXHAUSTED_PRIMALITY_UNASSIGNED,GF3A_DIRECTIONAL_WRITE_EXHAUSTED_PRIMALITY_UNASSIGNED,513,512,512,NO_RECORDED_FACTOR_PRP_OR_LL_RESULT_AND_NO_ACTIVE_GIMPS_ASSIGNMENT,2026-08-08T19:16:24+00:00,UNALLOCATED,,,,,
SLCMP700-4256,4256,4257,317466407,2^317466407-1,STRUCTURAL_SCREEN_EXHAUSTED_PRIMALITY_UNASSIGNED,GF3A_DIRECTIONAL_WRITE_EXHAUSTED_PRIMALITY_UNASSIGNED,514,512,512,NO_RECORDED_FACTOR_PRP_OR_LL_RESULT_AND_NO_ACTIVE_GIMPS_ASSIGNMENT,2026-08-08T19:16:24+00:00,UNALLOCATED,,,,,
SLCMP700-4257,4257,4258,317466419,2^317466419-1,STRUCTURAL_SCREEN_EXHAUSTED_PRIMALITY_UNASSIGNED,GF3A_DIRECTIONAL_WRITE_EXHAUSTED_PRIMALITY_UNASSIGNED,514,512,512,NO_RECORDED_FACTOR_PRP_OR_LL_RESULT_AND_NO_ACTIVE_GIMPS_ASSIGNMENT,2026-08-08T19:16:24+00:00,UNALLOCATED,,,,,
SLCMP700-4258,4258,4259,317466577,2^317466577-1,STRUCTURAL_SCREEN_EXHAUSTED_PRIMALITY_UNASSIGNED,GF3A_DIRECTIONAL_WRITE_EXHAUSTED_PRIMALITY_UNASSIGNED,513,512,512,NO_RECORDED_FACTOR_PRP_OR_LL_RESULT_AND_NO_ACTIVE_GIMPS_ASSIGNMENT,2026-08-08T19:16:24+00:00,UNALLOCATED,,,,,
SLCMP700-4259,4259,4260,317466637,2^317466637-1,STRUCTURAL_SCREEN_EXHAUSTED_PRIMALITY_UNASSIGNED,GF3A_DIRECTIONAL_WRITE_EXHAUSTED_PRIMALITY_UNASSIGNED,513,512,512,NO_RECORDED_FACTOR_PRP_OR_LL_RESULT_AND_NO_ACTIVE_GIMPS_ASSIGNMENT,2026-08-08T19:16:24+00:00,UNALLOCATED,,,,,
SLCMP700-4260,4260,4261,317466671,2^317466671-1,STRUCTURAL_SCREEN_EXHAUSTED_PRIMALITY_UNASSIGNED,GF3A_DIRECTIONAL_WRITE_EXHAUSTED_PRIMALITY_UNASSIGNED,514,512,512,NO_RECORDED_FACTOR_PRP_OR_LL_RESULT_AND_NO_ACTIVE_GIMPS_ASSIGNMENT,2026-08-08T19:16:24+00:00,UNALLOCATED,,,,,
SLCMP700-4261,4261,4262,317466673,2^317466673-1,STRUCTURAL_SCREEN_EXHAUSTED_PRIMALITY_UNASSIGNED,GF3A_DIRECTIONAL_WRITE_EXHAUSTED_PRIMALITY_UNASSIGNED,513,512,512,NO_RECORDED_FACTOR_PRP_OR_LL_RESULT_AND_NO_ACTIVE_GIMPS_ASSIGNMENT,2026-08-08T19:16:24+00:00,UNALLOCATED,,,,,
SLCMP700-4262,4262,4263,317466679,2^317466679-1,STRUCTURAL_SCREEN_EXHAUSTED_PRIMALITY_UNASSIGNED,GF3A_DIRECTIONAL_WRITE_EXHAUSTED_PRIMALITY_UNASSIGNED,514,512,512,NO_RECORDED_FACTOR_PRP_OR_LL_RESULT_AND_NO_ACTIVE_GIMPS_ASSIGNMENT,2026-08-08T19:16:24+00:00,UNALLOCATED,,,,,
SLCMP700-4263,4263,4264,317466727,2^317466727-1,STRUCTURAL_SCREEN_EXHAUSTED_PRIMALITY_UNASSIGNED,GF3A_DIRECTIONAL_WRITE_EXHAUSTED_PRIMALITY_UNASSIGNED,514,512,512,NO_RECORDED_FACTOR_PRP_OR_LL_RESULT_AND_NO_ACTIVE_GIMPS_ASSIGNMENT,2026-08-08T19:16:24+00:00,UNALLOCATED,,,,,
SLCMP700-4264,4264,4265,317466739,2^317466739-1,STRUCTURAL_SCREEN_EXHAUSTED_PRIMALITY_UNASSIGNED,GF3A_DIRECTIONAL_WRITE_EXHAUSTED_PRIMALITY_UNASSIGNED,514,512,512,NO_RECORDED_FACTOR_PRP_OR_LL_RESULT_AND_NO_ACTIVE_GIMPS_ASSIGNMENT,2026-08-08T19:16:24+00:00,UNALLOCATED,,,,,
SLCMP700-4265,4265,4266,317466749,2^317466749-1,STRUCTURAL_SCREEN_EXHAUSTED_PRIMALITY_UNASSIGNED,GF3A_DIRECTIONAL_WRITE_EXHAUSTED_PRIMALITY_UNASSIGNED,513,512,512,NO_RECORDED_FACTOR_PRP_OR_LL_RESULT_AND_NO_ACTIVE_GIMPS_ASSIGNMENT,2026-08-08T19:16:24+00:00,UNALLOCATED,,,,,
SLCMP700-4266,4266,4267,317466757,2^317466757-1,STRUCTURAL_SCREEN_EXHAUSTED_PRIMALITY_UNASSIGNED,GF3A_DIRECTIONAL_WRITE_EXHAUSTED_PRIMALITY_UNASSIGNED,513,512,512,NO_RECORDED_FACTOR_PRP_OR_LL_RESULT_AND_NO_ACTIVE_GIMPS_ASSIGNMENT,2026-08-08T19:16:24+00:00,UNALLOCATED,,,,,
SLCMP700-4267,4267,4268,317466911,2^317466911-1,STRUCTURAL_SCREEN_EXHAUSTED_PRIMALITY_UNASSIGNED,GF3A_DIRECTIONAL_WRITE_EXHAUSTED_PRIMALITY_UNASSIGNED,514,512,512,NO_RECORDED_FACTOR_PRP_OR_LL_RESULT_AND_NO_ACTIVE_GIMPS_ASSIGNMENT,2026-08-08T19:16:24+00:00,UNALLOCATED,,,,,
SLCMP700-4268,4268,4269,317466917,2^317466917-1,STRUCTURAL_SCREEN_EXHAUSTED_PRIMALITY_UNASSIGNED,GF3A_DIRECTIONAL_WRITE_EXHAUSTED_PRIMALITY_UNASSIGNED,513,512,512,NO_RECORDED_FACTOR_PRP_OR_LL_RESULT_AND_NO_ACTIVE_GIMPS_ASSIGNMENT,2026-08-08T19:16:24+00:00,UNALLOCATED,,,,,
SLCMP700-4269,4269,4270,317467123,2^317467123-1,STRUCTURAL_SCREEN_EXHAUSTED_PRIMALITY_UNASSIGNED,GF3A_DIRECTIONAL_WRITE_EXHAUSTED_PRIMALITY_UNASSIGNED,514,512,512,NO_RECORDED_FACTOR_PRP_OR_LL_RESULT_AND_NO_ACTIVE_GIMPS_ASSIGNMENT,2026-08-08T19:16:24+00:00,UNALLOCATED,,,,,
SLCMP700-4270,4270,4271,317467133,2^317467133-1,STRUCTURAL_SCREEN_EXHAUSTED_PRIMALITY_UNASSIGNED,GF3A_DIRECTIONAL_WRITE_EXHAUSTED_PRIMALITY_UNASSIGNED,513,512,512,NO_RECORDED_FACTOR_PRP_OR_LL_RESULT_AND_NO_ACTIVE_GIMPS_ASSIGNMENT,2026-08-08T19:16:24+00:00,UNALLOCATED,,,,,
SLCMP700-4271,4271,4272,317467159,2^317467159-1,STRUCTURAL_SCREEN_EXHAUSTED_PRIMALITY_UNASSIGNED,GF3A_DIRECTIONAL_WRITE_EXHAUSTED_PRIMALITY_UNASSIGNED,514,512,512,NO_RECORDED_FACTOR_PRP_OR_LL_RESULT_AND_NO_ACTIVE_GIMPS_ASSIGNMENT,2026-08-08T19:16:24+00:00,UNALLOCATED,,,,,
SLCMP700-4272,4272,4273,317467277,2^317467277-1,STRUCTURAL_SCREEN_EXHAUSTED_PRIMALITY_UNASSIGNED,GF3A_DIRECTIONAL_WRITE_EXHAUSTED_PRIMALITY_UNASSIGNED,513,512,512,NO_RECORDED_FACTOR_PRP_OR_LL_RESULT_AND_NO_ACTIVE_GIMPS_ASSIGNMENT,2026-08-08T19:16:24+00:00,UNALLOCATED,,,,,
SLCMP700-4273,4273,4274,317467307,2^317467307-1,STRUCTURAL_SCREEN_EXHAUSTED_PRIMALITY_UNASSIGNED,GF3A_DIRECTIONAL_WRITE_EXHAUSTED_PRIMALITY_UNASSIGNED,514,512,512,NO_RECORDED_FACTOR_PRP_OR_LL_RESULT_AND_NO_ACTIVE_GIMPS_ASSIGNMENT,2026-08-08T19:16:24+00:00,UNALLOCATED,,,,,
SLCMP700-4274,4274,4275,317467327,2^317467327-1,STRUCTURAL_SCREEN_EXHAUSTED_PRIMALITY_UNASSIGNED,GF3A_DIRECTIONAL_WRITE_EXHAUSTED_PRIMALITY_UNASSIGNED,514,512,512,NO_RECORDED_FACTOR_PRP_OR_LL_RESULT_AND_NO_ACTIVE_GIMPS_ASSIGNMENT,2026-08-08T19:16:24+00:00,UNALLOCATED,,,,,
SLCMP700-4275,4275,4276,317467351,2^317467351-1,STRUCTURAL_SCREEN_EXHAUSTED_PRIMALITY_UNASSIGNED,GF3A_DIRECTIONAL_WRITE_EXHAUSTED_PRIMALITY_UNASSIGNED,514,512,512,NO_RECORDED_FACTOR_PRP_OR_LL_RESULT_AND_NO_ACTIVE_GIMPS_ASSIGNMENT,2026-08-08T19:16:24+00:00,UNALLOCATED,,,,,
SLCMP700-4276,4276,4277,317467411,2^317467411-1,STRUCTURAL_SCREEN_EXHAUSTED_PRIMALITY_UNASSIGNED,GF3A_DIRECTIONAL_WRITE_EXHAUSTED_PRIMALITY_UNASSIGNED,514,512,512,NO_RECORDED_FACTOR_PRP_OR_LL_RESULT_AND_NO_ACTIVE_GIMPS_ASSIGNMENT,2026-08-08T19:16:24+00:00,UNALLOCATED,,,,,
SLCMP700-4277,4277,4278,317467417,2^317467417-1,STRUCTURAL_SCREEN_EXHAUSTED_PRIMALITY_UNASSIGNED,GF3A_DIRECTIONAL_WRITE_EXHAUSTED_PRIMALITY_UNASSIGNED,513,512,512,NO_RECORDED_FACTOR_PRP_OR_LL_RESULT_AND_NO_ACTIVE_GIMPS_ASSIGNMENT,2026-08-08T19:16:24+00:00,UNALLOCATED,,,,,
SLCMP700-4278,4278,4279,317467463,2^317467463-1,STRUCTURAL_SCREEN_EXHAUSTED_PRIMALITY_UNASSIGNED,GF3A_DIRECTIONAL_WRITE_EXHAUSTED_PRIMALITY_UNASSIGNED,514,512,512,NO_RECORDED_FACTOR_PRP_OR_LL_RESULT_AND_NO_ACTIVE_GIMPS_ASSIGNMENT,2026-08-08T19:16:24+00:00,UNALLOCATED,,,,,
SLCMP700-4279,4279,4280,317467481,2^317467481-1,STRUCTURAL_SCREEN_EXHAUSTED_PRIMALITY_UNASSIGNED,GF3A_DIRECTIONAL_WRITE_EXHAUSTED_PRIMALITY_UNASSIGNED,513,512,512,NO_RECORDED_FACTOR_PRP_OR_LL_RESULT_AND_NO_ACTIVE_GIMPS_ASSIGNMENT,2026-08-08T19:16:24+00:00,UNALLOCATED,,,,,
SLCMP700-4280,4280,4281,317467531,2^317467531-1,STRUCTURAL_SCREEN_EXHAUSTED_PRIMALITY_UNASSIGNED,GF3A_DIRECTIONAL_WRITE_EXHAUSTED_PRIMALITY_UNASSIGNED,514,512,512,NO_RECORDED_FACTOR_PRP_OR_LL_RESULT_AND_NO_ACTIVE_GIMPS_ASSIGNMENT,2026-08-08T19:16:24+00:00,UNALLOCATED,,,,,
SLCMP700-4281,4281,4282,317467541,2^317467541-1,STRUCTURAL_SCREEN_EXHAUSTED_PRIMALITY_UNASSIGNED,GF3A_DIRECTIONAL_WRITE_EXHAUSTED_PRIMALITY_UNASSIGNED,513,512,512,NO_RECORDED_FACTOR_PRP_OR_LL_RESULT_AND_NO_ACTIVE_GIMPS_ASSIGNMENT,2026-08-08T19:16:24+00:00,UNALLOCATED,,,,,
SLCMP700-4282,4282,4283,317467681,2^317467681-1,STRUCTURAL_SCREEN_EXHAUSTED_PRIMALITY_UNASSIGNED,GF3A_DIRECTIONAL_WRITE_EXHAUSTED_PRIMALITY_UNASSIGNED,513,512,512,NO_RECORDED_FACTOR_PRP_OR_LL_RESULT_AND_NO_ACTIVE_GIMPS_ASSIGNMENT,2026-08-08T19:16:24+00:00,UNALLOCATED,,,,,
SLCMP700-4283,4283,4284,317467693,2^317467693-1,STRUCTURAL_SCREEN_EXHAUSTED_PRIMALITY_UNASSIGNED,GF3A_DIRECTIONAL_WRITE_EXHAUSTED_PRIMALITY_UNASSIGNED,513,512,512,NO_RECORDED_FACTOR_PRP_OR_LL_RESULT_AND_NO_ACTIVE_GIMPS_ASSIGNMENT,2026-08-08T19:16:24+00:00,UNALLOCATED,,,,,
SLCMP700-4284,4284,4285,317467739,2^317467739-1,STRUCTURAL_SCREEN_EXHAUSTED_PRIMALITY_UNASSIGNED,GF3A_DIRECTIONAL_WRITE_EXHAUSTED_PRIMALITY_UNASSIGNED,514,512,512,NO_RECORDED_FACTOR_PRP_OR_LL_RESULT_AND_NO_ACTIVE_GIMPS_ASSIGNMENT,2026-08-08T19:16:24+00:00,UNALLOCATED,,,,,
SLCMP700-4285,4285,4286,317467757,2^317467757-1,STRUCTURAL_SCREEN_EXHAUSTED_PRIMALITY_UNASSIGNED,GF3A_DIRECTIONAL_WRITE_EXHAUSTED_PRIMALITY_UNASSIGNED,513,512,512,NO_RECORDED_FACTOR_PRP_OR_LL_RESULT_AND_NO_ACTIVE_GIMPS_ASSIGNMENT,2026-08-08T19:16:24+00:00,UNALLOCATED,,,,,
SLCMP700-4286,4286,4287,317467831,2^317467831-1,STRUCTURAL_SCREEN_EXHAUSTED_PRIMALITY_UNASSIGNED,GF3A_DIRECTIONAL_WRITE_EXHAUSTED_PRIMALITY_UNASSIGNED,514,512,512,NO_RECORDED_FACTOR_PRP_OR_LL_RESULT_AND_NO_ACTIVE_GIMPS_ASSIGNMENT,2026-08-08T19:16:24+00:00,UNALLOCATED,,,,,
SLCMP700-4287,4287,4288,317467949,2^317467949-1,STRUCTURAL_SCREEN_EXHAUSTED_PRIMALITY_UNASSIGNED,GF3A_DIRECTIONAL_WRITE_EXHAUSTED_PRIMALITY_UNASSIGNED,513,512,512,NO_RECORDED_FACTOR_PRP_OR_LL_RESULT_AND_NO_ACTIVE_GIMPS_ASSIGNMENT,2026-08-08T19:16:24+00:00,UNALLOCATED,,,,,
SLCMP700-4288,4288,4289,317467951,2^317467951-1,STRUCTURAL_SCREEN_EXHAUSTED_PRIMALITY_UNASSIGNED,GF3A_DIRECTIONAL_WRITE_EXHAUSTED_PRIMALITY_UNASSIGNED,514,512,512,NO_RECORDED_FACTOR_PRP_OR_LL_RESULT_AND_NO_ACTIVE_GIMPS_ASSIGNMENT,2026-08-08T19:16:24+00:00,UNALLOCATED,,,,,
SLCMP700-4289,4289,4290,317467981,2^317467981-1,STRUCTURAL_SCREEN_EXHAUSTED_PRIMALITY_UNASSIGNED,GF3A_DIRECTIONAL_WRITE_EXHAUSTED_PRIMALITY_UNASSIGNED,513,512,512,NO_RECORDED_FACTOR_PRP_OR_LL_RESULT_AND_NO_ACTIVE_GIMPS_ASSIGNMENT,2026-08-08T19:16:24+00:00,UNALLOCATED,,,,,
SLCMP700-4290,4290,4291,317468009,2^317468009-1,STRUCTURAL_SCREEN_EXHAUSTED_PRIMALITY_UNASSIGNED,GF3A_DIRECTIONAL_WRITE_EXHAUSTED_PRIMALITY_UNASSIGNED,513,512,512,NO_RECORDED_FACTOR_PRP_OR_LL_RESULT_AND_NO_ACTIVE_GIMPS_ASSIGNMENT,2026-08-08T19:16:24+00:00,UNALLOCATED,,,,,
SLCMP700-4291,4291,4292,317468023,2^317468023-1,STRUCTURAL_SCREEN_EXHAUSTED_PRIMALITY_UNASSIGNED,GF3A_DIRECTIONAL_WRITE_EXHAUSTED_PRIMALITY_UNASSIGNED,514,512,512,NO_RECORDED_FACTOR_PRP_OR_LL_RESULT_AND_NO_ACTIVE_GIMPS_ASSIGNMENT,2026-08-08T19:16:24+00:00,UNALLOCATED,,,,,
SLCMP700-4292,4292,4293,317468071,2^317468071-1,STRUCTURAL_SCREEN_EXHAUSTED_PRIMALITY_UNASSIGNED,GF3A_DIRECTIONAL_WRITE_EXHAUSTED_PRIMALITY_UNASSIGNED,514,512,512,NO_RECORDED_FACTOR_PRP_OR_LL_RESULT_AND_NO_ACTIVE_GIMPS_ASSIGNMENT,2026-08-08T19:16:24+00:00,UNALLOCATED,,,,,
SLCMP700-4293,4293,4294,317468119,2^317468119-1,STRUCTURAL_SCREEN_EXHAUSTED_PRIMALITY_UNASSIGNED,GF3A_DIRECTIONAL_WRITE_EXHAUSTED_PRIMALITY_UNASSIGNED,514,512,512,NO_RECORDED_FACTOR_PRP_OR_LL_RESULT_AND_NO_ACTIVE_GIMPS_ASSIGNMENT,2026-08-08T19:16:24+00:00,UNALLOCATED,,,,,
SLCMP700-4294,4294,4295,317468161,2^317468161-1,STRUCTURAL_SCREEN_EXHAUSTED_PRIMALITY_UNASSIGNED,GF3A_DIRECTIONAL_WRITE_EXHAUSTED_PRIMALITY_UNASSIGNED,513,512,512,NO_RECORDED_FACTOR_PRP_OR_LL_RESULT_AND_NO_ACTIVE_GIMPS_ASSIGNMENT,2026-08-08T19:16:24+00:00,UNALLOCATED,,,,,
SLCMP700-4295,4295,4296,317468197,2^317468197-1,STRUCTURAL_SCREEN_EXHAUSTED_PRIMALITY_UNASSIGNED,GF3A_DIRECTIONAL_WRITE_EXHAUSTED_PRIMALITY_UNASSIGNED,513,512,512,NO_RECORDED_FACTOR_PRP_OR_LL_RESULT_AND_NO_ACTIVE_GIMPS_ASSIGNMENT,2026-08-08T19:16:24+00:00,UNALLOCATED,,,,,
SLCMP700-4296,4296,4297,317468257,2^317468257-1,STRUCTURAL_SCREEN_EXHAUSTED_PRIMALITY_UNASSIGNED,GF3A_DIRECTIONAL_WRITE_EXHAUSTED_PRIMALITY_UNASSIGNED,513,512,512,NO_RECORDED_FACTOR_PRP_OR_LL_RESULT_AND_NO_ACTIVE_GIMPS_ASSIGNMENT,2026-08-08T19:16:24+00:00,UNALLOCATED,,,,,
SLCMP700-4297,4297,4298,317468309,2^317468309-1,STRUCTURAL_SCREEN_EXHAUSTED_PRIMALITY_UNASSIGNED,GF3A_DIRECTIONAL_WRITE_EXHAUSTED_PRIMALITY_UNASSIGNED,513,512,512,NO_RECORDED_FACTOR_PRP_OR_LL_RESULT_AND_NO_ACTIVE_GIMPS_ASSIGNMENT,2026-08-08T19:16:24+00:00,UNALLOCATED,,,,,
SLCMP700-4298,4298,4299,317468341,2^317468341-1,STRUCTURAL_SCREEN_EXHAUSTED_PRIMALITY_UNASSIGNED,GF3A_DIRECTIONAL_WRITE_EXHAUSTED_PRIMALITY_UNASSIGNED,513,512,512,NO_RECORDED_FACTOR_PRP_OR_LL_RESULT_AND_NO_ACTIVE_GIMPS_ASSIGNMENT,2026-08-08T19:16:24+00:00,UNALLOCATED,,,,,
SLCMP700-4299,4299,4300,317468447,2^317468447-1,STRUCTURAL_SCREEN_EXHAUSTED_PRIMALITY_UNASSIGNED,GF3A_DIRECTIONAL_WRITE_EXHAUSTED_PRIMALITY_UNASSIGNED,514,512,512,NO_RECORDED_FACTOR_PRP_OR_LL_RESULT_AND_NO_ACTIVE_GIMPS_ASSIGNMENT,2026-08-08T19:16:24+00:00,UNALLOCATED,,,,,
SLCMP700-4300,4300,4301,317468483,2^317468483-1,STRUCTURAL_SCREEN_EXHAUSTED_PRIMALITY_UNASSIGNED,GF3A_DIRECTIONAL_WRITE_EXHAUSTED_PRIMALITY_UNASSIGNED,514,512,512,NO_RECORDED_FACTOR_PRP_OR_LL_RESULT_AND_NO_ACTIVE_GIMPS_ASSIGNMENT,2026-08-08T19:16:24+00:00,UNALLOCATED,,,,,
SLCMP700-4301,4301,4302,317468497,2^317468497-1,STRUCTURAL_SCREEN_EXHAUSTED_PRIMALITY_UNASSIGNED,GF3A_DIRECTIONAL_WRITE_EXHAUSTED_PRIMALITY_UNASSIGNED,513,512,512,NO_RECORDED_FACTOR_PRP_OR_LL_RESULT_AND_NO_ACTIVE_GIMPS_ASSIGNMENT,2026-08-08T19:16:24+00:00,UNALLOCATED,,,,,
SLCMP700-4302,4302,4303,317468507,2^317468507-1,STRUCTURAL_SCREEN_EXHAUSTED_PRIMALITY_UNASSIGNED,GF3A_DIRECTIONAL_WRITE_EXHAUSTED_PRIMALITY_UNASSIGNED,514,512,512,NO_RECORDED_FACTOR_PRP_OR_LL_RESULT_AND_NO_ACTIVE_GIMPS_ASSIGNMENT,2026-08-08T19:16:24+00:00,UNALLOCATED,,,,,
SLCMP700-4303,4303,4304,317468513,2^317468513-1,STRUCTURAL_SCREEN_EXHAUSTED_PRIMALITY_UNASSIGNED,GF3A_DIRECTIONAL_WRITE_EXHAUSTED_PRIMALITY_UNASSIGNED,513,512,512,NO_RECORDED_FACTOR_PRP_OR_LL_RESULT_AND_NO_ACTIVE_GIMPS_ASSIGNMENT,2026-08-08T19:16:24+00:00,UNALLOCATED,,,,,
SLCMP700-4304,4304,4305,317468521,2^317468521-1,STRUCTURAL_SCREEN_EXHAUSTED_PRIMALITY_UNASSIGNED,GF3A_DIRECTIONAL_WRITE_EXHAUSTED_PRIMALITY_UNASSIGNED,513,512,512,NO_RECORDED_FACTOR_PRP_OR_LL_RESULT_AND_NO_ACTIVE_GIMPS_ASSIGNMENT,2026-08-08T19:16:24+00:00,UNALLOCATED,,,,,
SLCMP700-4305,4305,4306,317468533,2^317468533-1,STRUCTURAL_SCREEN_EXHAUSTED_PRIMALITY_UNASSIGNED,GF3A_DIRECTIONAL_WRITE_EXHAUSTED_PRIMALITY_UNASSIGNED,513,512,512,NO_RECORDED_FACTOR_PRP_OR_LL_RESULT_AND_NO_ACTIVE_GIMPS_ASSIGNMENT,2026-08-08T19:16:24+00:00,UNALLOCATED,,,,,
SLCMP700-4306,4306,4307,317468581,2^317468581-1,STRUCTURAL_SCREEN_EXHAUSTED_PRIMALITY_UNASSIGNED,GF3A_DIRECTIONAL_WRITE_EXHAUSTED_PRIMALITY_UNASSIGNED,513,512,512,NO_RECORDED_FACTOR_PRP_OR_LL_RESULT_AND_NO_ACTIVE_GIMPS_ASSIGNMENT,2026-08-08T19:16:24+00:00,UNALLOCATED,,,,,
SLCMP700-4307,4307,4308,317468623,2^317468623-1,STRUCTURAL_SCREEN_EXHAUSTED_PRIMALITY_UNASSIGNED,GF3A_DIRECTIONAL_WRITE_EXHAUSTED_PRIMALITY_UNASSIGNED,514,512,512,NO_RECORDED_FACTOR_PRP_OR_LL_RESULT_AND_NO_ACTIVE_GIMPS_ASSIGNMENT,2026-08-08T19:16:24+00:00,UNALLOCATED,,,,,
SLCMP700-4308,4308,4309,317468629,2^317468629-1,STRUCTURAL_SCREEN_EXHAUSTED_PRIMALITY_UNASSIGNED,GF3A_DIRECTIONAL_WRITE_EXHAUSTED_PRIMALITY_UNASSIGNED,513,512,512,NO_RECORDED_FACTOR_PRP_OR_LL_RESULT_AND_NO_ACTIVE_GIMPS_ASSIGNMENT,2026-08-08T19:16:24+00:00,UNALLOCATED,,,,,
SLCMP700-4309,4309,4310,317468651,2^317468651-1,STRUCTURAL_SCREEN_EXHAUSTED_PRIMALITY_UNASSIGNED,GF3A_DIRECTIONAL_WRITE_EXHAUSTED_PRIMALITY_UNASSIGNED,514,512,512,NO_RECORDED_FACTOR_PRP_OR_LL_RESULT_AND_NO_ACTIVE_GIMPS_ASSIGNMENT,2026-08-08T19:16:24+00:00,UNALLOCATED,,,,,
SLCMP700-4310,4310,4311,317468677,2^317468677-1,STRUCTURAL_SCREEN_EXHAUSTED_PRIMALITY_UNASSIGNED,GF3A_DIRECTIONAL_WRITE_EXHAUSTED_PRIMALITY_UNASSIGNED,513,512,512,NO_RECORDED_FACTOR_PRP_OR_LL_RESULT_AND_NO_ACTIVE_GIMPS_ASSIGNMENT,2026-08-08T19:16:24+00:00,UNALLOCATED,,,,,
SLCMP700-4311,4311,4312,317468707,2^317468707-1,STRUCTURAL_SCREEN_EXHAUSTED_PRIMALITY_UNASSIGNED,GF3A_DIRECTIONAL_WRITE_EXHAUSTED_PRIMALITY_UNASSIGNED,514,512,512,NO_RECORDED_FACTOR_PRP_OR_LL_RESULT_AND_NO_ACTIVE_GIMPS_ASSIGNMENT,2026-08-08T19:16:24+00:00,UNALLOCATED,,,,,
SLCMP700-4312,4312,4313,317468741,2^317468741-1,STRUCTURAL_SCREEN_EXHAUSTED_PRIMALITY_UNASSIGNED,GF3A_DIRECTIONAL_WRITE_EXHAUSTED_PRIMALITY_UNASSIGNED,513,512,512,NO_RECORDED_FACTOR_PRP_OR_LL_RESULT_AND_NO_ACTIVE_GIMPS_ASSIGNMENT,2026-08-08T19:16:24+00:00,UNALLOCATED,,,,,
SLCMP700-4313,4313,4314,317468783,2^317468783-1,STRUCTURAL_SCREEN_EXHAUSTED_PRIMALITY_UNASSIGNED,GF3A_DIRECTIONAL_WRITE_EXHAUSTED_PRIMALITY_UNASSIGNED,514,512,512,NO_RECORDED_FACTOR_PRP_OR_LL_RESULT_AND_NO_ACTIVE_GIMPS_ASSIGNMENT,2026-08-08T19:16:24+00:00,UNALLOCATED,,,,,
SLCMP700-4314,4314,4315,317468909,2^317468909-1,STRUCTURAL_SCREEN_EXHAUSTED_PRIMALITY_UNASSIGNED,GF3A_DIRECTIONAL_WRITE_EXHAUSTED_PRIMALITY_UNASSIGNED,513,512,512,NO_RECORDED_FACTOR_PRP_OR_LL_RESULT_AND_NO_ACTIVE_GIMPS_ASSIGNMENT,2026-08-08T19:16:24+00:00,UNALLOCATED,,,,,
SLCMP700-4315,4315,4316,317468927,2^317468927-1,STRUCTURAL_SCREEN_EXHAUSTED_PRIMALITY_UNASSIGNED,GF3A_DIRECTIONAL_WRITE_EXHAUSTED_PRIMALITY_UNASSIGNED,514,512,512,NO_RECORDED_FACTOR_PRP_OR_LL_RESULT_AND_NO_ACTIVE_GIMPS_ASSIGNMENT,2026-08-08T19:16:24+00:00,UNALLOCATED,,,,,
SLCMP700-4316,4316,4317,317468989,2^317468989-1,STRUCTURAL_SCREEN_EXHAUSTED_PRIMALITY_UNASSIGNED,GF3A_DIRECTIONAL_WRITE_EXHAUSTED_PRIMALITY_UNASSIGNED,513,512,512,NO_RECORDED_FACTOR_PRP_OR_LL_RESULT_AND_NO_ACTIVE_GIMPS_ASSIGNMENT,2026-08-08T19:16:24+00:00,UNALLOCATED,,,,,
SLCMP700-4317,4317,4318,317469091,2^317469091-1,STRUCTURAL_SCREEN_EXHAUSTED_PRIMALITY_UNASSIGNED,GF3A_DIRECTIONAL_WRITE_EXHAUSTED_PRIMALITY_UNASSIGNED,514,512,512,NO_RECORDED_FACTOR_PRP_OR_LL_RESULT_AND_NO_ACTIVE_GIMPS_ASSIGNMENT,2026-08-08T19:16:24+00:00,UNALLOCATED,,,,,
SLCMP700-4318,4318,4319,317469143,2^317469143-1,STRUCTURAL_SCREEN_EXHAUSTED_PRIMALITY_UNASSIGNED,GF3A_DIRECTIONAL_WRITE_EXHAUSTED_PRIMALITY_UNASSIGNED,514,512,512,NO_RECORDED_FACTOR_PRP_OR_LL_RESULT_AND_NO_ACTIVE_GIMPS_ASSIGNMENT,2026-08-08T19:16:24+00:00,UNALLOCATED,,,,,
SLCMP700-4319,4319,4320,317469239,2^317469239-1,STRUCTURAL_SCREEN_EXHAUSTED_PRIMALITY_UNASSIGNED,GF3A_DIRECTIONAL_WRITE_EXHAUSTED_PRIMALITY_UNASSIGNED,514,512,512,NO_RECORDED_FACTOR_PRP_OR_LL_RESULT_AND_NO_ACTIVE_GIMPS_ASSIGNMENT,2026-08-08T19:16:24+00:00,UNALLOCATED,,,,,
SLCMP700-4320,4320,4321,317469241,2^317469241-1,STRUCTURAL_SCREEN_EXHAUSTED_PRIMALITY_UNASSIGNED,GF3A_DIRECTIONAL_WRITE_EXHAUSTED_PRIMALITY_UNASSIGNED,513,512,512,NO_RECORDED_FACTOR_PRP_OR_LL_RESULT_AND_NO_ACTIVE_GIMPS_ASSIGNMENT,2026-08-08T19:16:24+00:00,UNALLOCATED,,,,,
SLCMP700-4321,4321,4322,317469247,2^317469247-1,STRUCTURAL_SCREEN_EXHAUSTED_PRIMALITY_UNASSIGNED,GF3A_DIRECTIONAL_WRITE_EXHAUSTED_PRIMALITY_UNASSIGNED,514,512,512,NO_RECORDED_FACTOR_PRP_OR_LL_RESULT_AND_NO_ACTIVE_GIMPS_ASSIGNMENT,2026-08-08T19:16:24+00:00,UNALLOCATED,,,,,
SLCMP700-4322,4322,4323,317469353,2^317469353-1,STRUCTURAL_SCREEN_EXHAUSTED_PRIMALITY_UNASSIGNED,GF3A_DIRECTIONAL_WRITE_EXHAUSTED_PRIMALITY_UNASSIGNED,513,512,512,NO_RECORDED_FACTOR_PRP_OR_LL_RESULT_AND_NO_ACTIVE_GIMPS_ASSIGNMENT,2026-08-08T19:16:24+00:00,UNALLOCATED,,,,,
SLCMP700-4323,4323,4324,317469431,2^317469431-1,STRUCTURAL_SCREEN_EXHAUSTED_PRIMALITY_UNASSIGNED,GF3A_DIRECTIONAL_WRITE_EXHAUSTED_PRIMALITY_UNASSIGNED,514,512,512,NO_RECORDED_FACTOR_PRP_OR_LL_RESULT_AND_NO_ACTIVE_GIMPS_ASSIGNMENT,2026-08-08T19:16:24+00:00,UNALLOCATED,,,,,
SLCMP700-4324,4324,4325,317469521,2^317469521-1,STRUCTURAL_SCREEN_EXHAUSTED_PRIMALITY_UNASSIGNED,GF3A_DIRECTIONAL_WRITE_EXHAUSTED_PRIMALITY_UNASSIGNED,513,512,512,NO_RECORDED_FACTOR_PRP_OR_LL_RESULT_AND_NO_ACTIVE_GIMPS_ASSIGNMENT,2026-08-08T19:16:24+00:00,UNALLOCATED,,,,,
SLCMP700-4325,4325,4326,317469553,2^317469553-1,STRUCTURAL_SCREEN_EXHAUSTED_PRIMALITY_UNASSIGNED,GF3A_DIRECTIONAL_WRITE_EXHAUSTED_PRIMALITY_UNASSIGNED,513,512,512,NO_RECORDED_FACTOR_PRP_OR_LL_RESULT_AND_NO_ACTIVE_GIMPS_ASSIGNMENT,2026-08-08T19:16:24+00:00,UNALLOCATED,,,,,
SLCMP700-4326,4326,4327,317469557,2^317469557-1,STRUCTURAL_SCREEN_EXHAUSTED_PRIMALITY_UNASSIGNED,GF3A_DIRECTIONAL_WRITE_EXHAUSTED_PRIMALITY_UNASSIGNED,513,512,512,NO_RECORDED_FACTOR_PRP_OR_LL_RESULT_AND_NO_ACTIVE_GIMPS_ASSIGNMENT,2026-08-08T19:16:24+00:00,UNALLOCATED,,,,,
SLCMP700-4327,4327,4328,317469703,2^317469703-1,STRUCTURAL_SCREEN_EXHAUSTED_PRIMALITY_UNASSIGNED,GF3A_DIRECTIONAL_WRITE_EXHAUSTED_PRIMALITY_UNASSIGNED,514,512,512,NO_RECORDED_FACTOR_PRP_OR_LL_RESULT_AND_NO_ACTIVE_GIMPS_ASSIGNMENT,2026-08-08T19:16:24+00:00,UNALLOCATED,,,,,
SLCMP700-4328,4328,4329,317469709,2^317469709-1,STRUCTURAL_SCREEN_EXHAUSTED_PRIMALITY_UNASSIGNED,GF3A_DIRECTIONAL_WRITE_EXHAUSTED_PRIMALITY_UNASSIGNED,513,512,512,NO_RECORDED_FACTOR_PRP_OR_LL_RESULT_AND_NO_ACTIVE_GIMPS_ASSIGNMENT,2026-08-08T19:16:24+00:00,UNALLOCATED,,,,,
SLCMP700-4329,4329,4330,317469739,2^317469739-1,STRUCTURAL_SCREEN_EXHAUSTED_PRIMALITY_UNASSIGNED,GF3A_DIRECTIONAL_WRITE_EXHAUSTED_PRIMALITY_UNASSIGNED,514,512,512,NO_RECORDED_FACTOR_PRP_OR_LL_RESULT_AND_NO_ACTIVE_GIMPS_ASSIGNMENT,2026-08-08T19:16:24+00:00,UNALLOCATED,,,,,
SLCMP700-4330,4330,4331,317469767,2^317469767-1,STRUCTURAL_SCREEN_EXHAUSTED_PRIMALITY_UNASSIGNED,GF3A_DIRECTIONAL_WRITE_EXHAUSTED_PRIMALITY_UNASSIGNED,514,512,512,NO_RECORDED_FACTOR_PRP_OR_LL_RESULT_AND_NO_ACTIVE_GIMPS_ASSIGNMENT,2026-08-08T19:16:24+00:00,UNALLOCATED,,,,,
SLCMP700-4331,4331,4332,317469797,2^317469797-1,STRUCTURAL_SCREEN_EXHAUSTED_PRIMALITY_UNASSIGNED,GF3A_DIRECTIONAL_WRITE_EXHAUSTED_PRIMALITY_UNASSIGNED,513,512,512,NO_RECORDED_FACTOR_PRP_OR_LL_RESULT_AND_NO_ACTIVE_GIMPS_ASSIGNMENT,2026-08-08T19:16:24+00:00,UNALLOCATED,,,,,
SLCMP700-4332,4332,4333,317469821,2^317469821-1,STRUCTURAL_SCREEN_EXHAUSTED_PRIMALITY_UNASSIGNED,GF3A_DIRECTIONAL_WRITE_EXHAUSTED_PRIMALITY_UNASSIGNED,513,512,512,NO_RECORDED_FACTOR_PRP_OR_LL_RESULT_AND_NO_ACTIVE_GIMPS_ASSIGNMENT,2026-08-08T19:16:24+00:00,UNALLOCATED,,,,,
SLCMP700-4333,4333,4334,317469833,2^317469833-1,STRUCTURAL_SCREEN_EXHAUSTED_PRIMALITY_UNASSIGNED,GF3A_DIRECTIONAL_WRITE_EXHAUSTED_PRIMALITY_UNASSIGNED,513,512,512,NO_RECORDED_FACTOR_PRP_OR_LL_RESULT_AND_NO_ACTIVE_GIMPS_ASSIGNMENT,2026-08-08T19:16:24+00:00,UNALLOCATED,,,,,
SLCMP700-4334,4334,4335,317469871,2^317469871-1,STRUCTURAL_SCREEN_EXHAUSTED_PRIMALITY_UNASSIGNED,GF3A_DIRECTIONAL_WRITE_EXHAUSTED_PRIMALITY_UNASSIGNED,514,512,512,NO_RECORDED_FACTOR_PRP_OR_LL_RESULT_AND_NO_ACTIVE_GIMPS_ASSIGNMENT,2026-08-08T19:16:24+00:00,UNALLOCATED,,,,,
SLCMP700-4335,4335,4336,317469881,2^317469881-1,STRUCTURAL_SCREEN_EXHAUSTED_PRIMALITY_UNASSIGNED,GF3A_DIRECTIONAL_WRITE_EXHAUSTED_PRIMALITY_UNASSIGNED,513,512,512,NO_RECORDED_FACTOR_PRP_OR_LL_RESULT_AND_NO_ACTIVE_GIMPS_ASSIGNMENT,2026-08-08T19:16:24+00:00,UNALLOCATED,,,,,
SLCMP700-4336,4336,4337,317469941,2^317469941-1,STRUCTURAL_SCREEN_EXHAUSTED_PRIMALITY_UNASSIGNED,GF3A_DIRECTIONAL_WRITE_EXHAUSTED_PRIMALITY_UNASSIGNED,513,512,512,NO_RECORDED_FACTOR_PRP_OR_LL_RESULT_AND_NO_ACTIVE_GIMPS_ASSIGNMENT,2026-08-08T19:16:24+00:00,UNALLOCATED,,,,,
SLCMP700-4337,4337,4338,317469983,2^317469983-1,STRUCTURAL_SCREEN_EXHAUSTED_PRIMALITY_UNASSIGNED,GF3A_DIRECTIONAL_WRITE_EXHAUSTED_PRIMALITY_UNASSIGNED,514,512,512,NO_RECORDED_FACTOR_PRP_OR_LL_RESULT_AND_NO_ACTIVE_GIMPS_ASSIGNMENT,2026-08-08T19:16:24+00:00,UNALLOCATED,,,,,
SLCMP700-4338,4338,4339,317470001,2^317470001-1,STRUCTURAL_SCREEN_EXHAUSTED_PRIMALITY_UNASSIGNED,GF3A_DIRECTIONAL_WRITE_EXHAUSTED_PRIMALITY_UNASSIGNED,513,512,512,NO_RECORDED_FACTOR_PRP_OR_LL_RESULT_AND_NO_ACTIVE_GIMPS_ASSIGNMENT,2026-08-08T19:16:24+00:00,UNALLOCATED,,,,,
SLCMP700-4339,4339,4340,317470057,2^317470057-1,STRUCTURAL_SCREEN_EXHAUSTED_PRIMALITY_UNASSIGNED,GF3A_DIRECTIONAL_WRITE_EXHAUSTED_PRIMALITY_UNASSIGNED,513,512,512,NO_RECORDED_FACTOR_PRP_OR_LL_RESULT_AND_NO_ACTIVE_GIMPS_ASSIGNMENT,2026-08-08T19:16:24+00:00,UNALLOCATED,,,,,
SLCMP700-4340,4340,4341,317470067,2^317470067-1,STRUCTURAL_SCREEN_EXHAUSTED_PRIMALITY_UNASSIGNED,GF3A_DIRECTIONAL_WRITE_EXHAUSTED_PRIMALITY_UNASSIGNED,514,512,512,NO_RECORDED_FACTOR_PRP_OR_LL_RESULT_AND_NO_ACTIVE_GIMPS_ASSIGNMENT,2026-08-08T19:16:24+00:00,UNALLOCATED,,,,,
SLCMP700-4341,4341,4342,317470129,2^317470129-1,STRUCTURAL_SCREEN_EXHAUSTED_PRIMALITY_UNASSIGNED,GF3A_DIRECTIONAL_WRITE_EXHAUSTED_PRIMALITY_UNASSIGNED,513,512,512,NO_RECORDED_FACTOR_PRP_OR_LL_RESULT_AND_NO_ACTIVE_GIMPS_ASSIGNMENT,2026-08-08T19:16:24+00:00,UNALLOCATED,,,,,
SLCMP700-4342,4342,4343,317470213,2^317470213-1,STRUCTURAL_SCREEN_EXHAUSTED_PRIMALITY_UNASSIGNED,GF3A_DIRECTIONAL_WRITE_EXHAUSTED_PRIMALITY_UNASSIGNED,513,512,512,NO_RECORDED_FACTOR_PRP_OR_LL_RESULT_AND_NO_ACTIVE_GIMPS_ASSIGNMENT,2026-08-08T19:16:24+00:00,UNALLOCATED,,,,,
SLCMP700-4343,4343,4344,317470217,2^317470217-1,STRUCTURAL_SCREEN_EXHAUSTED_PRIMALITY_UNASSIGNED,GF3A_DIRECTIONAL_WRITE_EXHAUSTED_PRIMALITY_UNASSIGNED,513,512,512,NO_RECORDED_FACTOR_PRP_OR_LL_RESULT_AND_NO_ACTIVE_GIMPS_ASSIGNMENT,2026-08-08T19:16:24+00:00,UNALLOCATED,,,,,
SLCMP700-4344,4344,4345,317470229,2^317470229-1,STRUCTURAL_SCREEN_EXHAUSTED_PRIMALITY_UNASSIGNED,GF3A_DIRECTIONAL_WRITE_EXHAUSTED_PRIMALITY_UNASSIGNED,513,512,512,NO_RECORDED_FACTOR_PRP_OR_LL_RESULT_AND_NO_ACTIVE_GIMPS_ASSIGNMENT,2026-08-08T19:16:24+00:00,UNALLOCATED,,,,,
SLCMP700-4345,4345,4346,317470273,2^317470273-1,STRUCTURAL_SCREEN_EXHAUSTED_PRIMALITY_UNASSIGNED,GF3A_DIRECTIONAL_WRITE_EXHAUSTED_PRIMALITY_UNASSIGNED,513,512,512,NO_RECORDED_FACTOR_PRP_OR_LL_RESULT_AND_NO_ACTIVE_GIMPS_ASSIGNMENT,2026-08-08T19:16:24+00:00,UNALLOCATED,,,,,
SLCMP700-4346,4346,4347,317470369,2^317470369-1,STRUCTURAL_SCREEN_EXHAUSTED_PRIMALITY_UNASSIGNED,GF3A_DIRECTIONAL_WRITE_EXHAUSTED_PRIMALITY_UNASSIGNED,513,512,512,NO_RECORDED_FACTOR_PRP_OR_LL_RESULT_AND_NO_ACTIVE_GIMPS_ASSIGNMENT,2026-08-08T19:16:24+00:00,UNALLOCATED,,,,,
SLCMP700-4347,4347,4348,317470381,2^317470381-1,STRUCTURAL_SCREEN_EXHAUSTED_PRIMALITY_UNASSIGNED,GF3A_DIRECTIONAL_WRITE_EXHAUSTED_PRIMALITY_UNASSIGNED,513,512,512,NO_RECORDED_FACTOR_PRP_OR_LL_RESULT_AND_NO_ACTIVE_GIMPS_ASSIGNMENT,2026-08-08T19:16:24+00:00,UNALLOCATED,,,,,
SLCMP700-4348,4348,4349,317470429,2^317470429-1,STRUCTURAL_SCREEN_EXHAUSTED_PRIMALITY_UNASSIGNED,GF3A_DIRECTIONAL_WRITE_EXHAUSTED_PRIMALITY_UNASSIGNED,513,512,512,NO_RECORDED_FACTOR_PRP_OR_LL_RESULT_AND_NO_ACTIVE_GIMPS_ASSIGNMENT,2026-08-08T19:16:24+00:00,UNALLOCATED,,,,,
SLCMP700-4349,4349,4350,317470451,2^317470451-1,STRUCTURAL_SCREEN_EXHAUSTED_PRIMALITY_UNASSIGNED,GF3A_DIRECTIONAL_WRITE_EXHAUSTED_PRIMALITY_UNASSIGNED,514,512,512,NO_RECORDED_FACTOR_PRP_OR_LL_RESULT_AND_NO_ACTIVE_GIMPS_ASSIGNMENT,2026-08-08T19:16:24+00:00,UNALLOCATED,,,,,
SLCMP700-4350,4350,4351,317470463,2^317470463-1,STRUCTURAL_SCREEN_EXHAUSTED_PRIMALITY_UNASSIGNED,GF3A_DIRECTIONAL_WRITE_EXHAUSTED_PRIMALITY_UNASSIGNED,514,512,512,NO_RECORDED_FACTOR_PRP_OR_LL_RESULT_AND_NO_ACTIVE_GIMPS_ASSIGNMENT,2026-08-08T19:16:24+00:00,UNALLOCATED,,,,,
SLCMP700-4351,4351,4352,317470519,2^317470519-1,STRUCTURAL_SCREEN_EXHAUSTED_PRIMALITY_UNASSIGNED,GF3A_DIRECTIONAL_WRITE_EXHAUSTED_PRIMALITY_UNASSIGNED,514,512,512,NO_RECORDED_FACTOR_PRP_OR_LL_RESULT_AND_NO_ACTIVE_GIMPS_ASSIGNMENT,2026-08-08T19:16:24+00:00,UNALLOCATED,,,,,
SLCMP700-4352,4352,4353,317470547,2^317470547-1,STRUCTURAL_SCREEN_EXHAUSTED_PRIMALITY_UNASSIGNED,GF3A_DIRECTIONAL_WRITE_EXHAUSTED_PRIMALITY_UNASSIGNED,514,512,512,NO_RECORDED_FACTOR_PRP_OR_LL_RESULT_AND_NO_ACTIVE_GIMPS_ASSIGNMENT,2026-08-08T19:16:24+00:00,UNALLOCATED,,,,,
SLCMP700-4353,4353,4354,317470553,2^317470553-1,STRUCTURAL_SCREEN_EXHAUSTED_PRIMALITY_UNASSIGNED,GF3A_DIRECTIONAL_WRITE_EXHAUSTED_PRIMALITY_UNASSIGNED,513,512,512,NO_RECORDED_FACTOR_PRP_OR_LL_RESULT_AND_NO_ACTIVE_GIMPS_ASSIGNMENT,2026-08-08T19:16:24+00:00,UNALLOCATED,,,,,
SLCMP700-4354,4354,4355,317470609,2^317470609-1,STRUCTURAL_SCREEN_EXHAUSTED_PRIMALITY_UNASSIGNED,GF3A_DIRECTIONAL_WRITE_EXHAUSTED_PRIMALITY_UNASSIGNED,513,512,512,NO_RECORDED_FACTOR_PRP_OR_LL_RESULT_AND_NO_ACTIVE_GIMPS_ASSIGNMENT,2026-08-08T19:16:24+00:00,UNALLOCATED,,,,,
SLCMP700-4355,4355,4356,317470651,2^317470651-1,STRUCTURAL_SCREEN_EXHAUSTED_PRIMALITY_UNASSIGNED,GF3A_DIRECTIONAL_WRITE_EXHAUSTED_PRIMALITY_UNASSIGNED,514,512,512,NO_RECORDED_FACTOR_PRP_OR_LL_RESULT_AND_NO_ACTIVE_GIMPS_ASSIGNMENT,2026-08-08T19:16:24+00:00,UNALLOCATED,,,,,
SLCMP700-4356,4356,4357,317470687,2^317470687-1,STRUCTURAL_SCREEN_EXHAUSTED_PRIMALITY_UNASSIGNED,GF3A_DIRECTIONAL_WRITE_EXHAUSTED_PRIMALITY_UNASSIGNED,514,512,512,NO_RECORDED_FACTOR_PRP_OR_LL_RESULT_AND_NO_ACTIVE_GIMPS_ASSIGNMENT,2026-08-08T19:16:24+00:00,UNALLOCATED,,,,,
SLCMP700-4357,4357,4358,317470691,2^317470691-1,STRUCTURAL_SCREEN_EXHAUSTED_PRIMALITY_UNASSIGNED,GF3A_DIRECTIONAL_WRITE_EXHAUSTED_PRIMALITY_UNASSIGNED,514,512,512,NO_RECORDED_FACTOR_PRP_OR_LL_RESULT_AND_NO_ACTIVE_GIMPS_ASSIGNMENT,2026-08-08T19:16:24+00:00,UNALLOCATED,,,,,
SLCMP700-4358,4358,4359,317470787,2^317470787-1,STRUCTURAL_SCREEN_EXHAUSTED_PRIMALITY_UNASSIGNED,GF3A_DIRECTIONAL_WRITE_EXHAUSTED_PRIMALITY_UNASSIGNED,514,512,512,NO_RECORDED_FACTOR_PRP_OR_LL_RESULT_AND_NO_ACTIVE_GIMPS_ASSIGNMENT,2026-08-08T19:16:24+00:00,UNALLOCATED,,,,,
SLCMP700-4359,4359,4360,317470789,2^317470789-1,STRUCTURAL_SCREEN_EXHAUSTED_PRIMALITY_UNASSIGNED,GF3A_DIRECTIONAL_WRITE_EXHAUSTED_PRIMALITY_UNASSIGNED,513,512,512,NO_RECORDED_FACTOR_PRP_OR_LL_RESULT_AND_NO_ACTIVE_GIMPS_ASSIGNMENT,2026-08-08T19:16:24+00:00,UNALLOCATED,,,,,
SLCMP700-4360,4360,4361,317470871,2^317470871-1,STRUCTURAL_SCREEN_EXHAUSTED_PRIMALITY_UNASSIGNED,GF3A_DIRECTIONAL_WRITE_EXHAUSTED_PRIMALITY_UNASSIGNED,514,512,512,NO_RECORDED_FACTOR_PRP_OR_LL_RESULT_AND_NO_ACTIVE_GIMPS_ASSIGNMENT,2026-08-08T19:16:24+00:00,UNALLOCATED,,,,,
SLCMP700-4361,4361,4362,317470897,2^317470897-1,STRUCTURAL_SCREEN_EXHAUSTED_PRIMALITY_UNASSIGNED,GF3A_DIRECTIONAL_WRITE_EXHAUSTED_PRIMALITY_UNASSIGNED,513,512,512,NO_RECORDED_FACTOR_PRP_OR_LL_RESULT_AND_NO_ACTIVE_GIMPS_ASSIGNMENT,2026-08-08T19:16:24+00:00,UNALLOCATED,,,,,
SLCMP700-4362,4362,4363,317470919,2^317470919-1,STRUCTURAL_SCREEN_EXHAUSTED_PRIMALITY_UNASSIGNED,GF3A_DIRECTIONAL_WRITE_EXHAUSTED_PRIMALITY_UNASSIGNED,514,512,512,NO_RECORDED_FACTOR_PRP_OR_LL_RESULT_AND_NO_ACTIVE_GIMPS_ASSIGNMENT,2026-08-08T19:16:24+00:00,UNALLOCATED,,,,,
SLCMP700-4363,4363,4364,317470931,2^317470931-1,STRUCTURAL_SCREEN_EXHAUSTED_PRIMALITY_UNASSIGNED,GF3A_DIRECTIONAL_WRITE_EXHAUSTED_PRIMALITY_UNASSIGNED,514,512,512,NO_RECORDED_FACTOR_PRP_OR_LL_RESULT_AND_NO_ACTIVE_GIMPS_ASSIGNMENT,2026-08-08T19:16:24+00:00,UNALLOCATED,,,,,
SLCMP700-4364,4364,4365,317470939,2^317470939-1,STRUCTURAL_SCREEN_EXHAUSTED_PRIMALITY_UNASSIGNED,GF3A_DIRECTIONAL_WRITE_EXHAUSTED_PRIMALITY_UNASSIGNED,514,512,512,NO_RECORDED_FACTOR_PRP_OR_LL_RESULT_AND_NO_ACTIVE_GIMPS_ASSIGNMENT,2026-08-08T19:16:24+00:00,UNALLOCATED,,,,,
SLCMP700-4365,4365,4366,317471083,2^317471083-1,STRUCTURAL_SCREEN_EXHAUSTED_PRIMALITY_UNASSIGNED,GF3A_DIRECTIONAL_WRITE_EXHAUSTED_PRIMALITY_UNASSIGNED,514,512,512,NO_RECORDED_FACTOR_PRP_OR_LL_RESULT_AND_NO_ACTIVE_GIMPS_ASSIGNMENT,2026-08-08T19:16:24+00:00,UNALLOCATED,,,,,
SLCMP700-4366,4366,4367,317471129,2^317471129-1,STRUCTURAL_SCREEN_EXHAUSTED_PRIMALITY_UNASSIGNED,GF3A_DIRECTIONAL_WRITE_EXHAUSTED_PRIMALITY_UNASSIGNED,513,512,512,NO_RECORDED_FACTOR_PRP_OR_LL_RESULT_AND_NO_ACTIVE_GIMPS_ASSIGNMENT,2026-08-08T19:16:24+00:00,UNALLOCATED,,,,,
SLCMP700-4367,4367,4368,317471383,2^317471383-1,STRUCTURAL_SCREEN_EXHAUSTED_PRIMALITY_UNASSIGNED,GF3A_DIRECTIONAL_WRITE_EXHAUSTED_PRIMALITY_UNASSIGNED,514,512,512,NO_RECORDED_FACTOR_PRP_OR_LL_RESULT_AND_NO_ACTIVE_GIMPS_ASSIGNMENT,2026-08-08T19:16:24+00:00,UNALLOCATED,,,,,
SLCMP700-4368,4368,4369,317471387,2^317471387-1,STRUCTURAL_SCREEN_EXHAUSTED_PRIMALITY_UNASSIGNED,GF3A_DIRECTIONAL_WRITE_EXHAUSTED_PRIMALITY_UNASSIGNED,514,512,512,NO_RECORDED_FACTOR_PRP_OR_LL_RESULT_AND_NO_ACTIVE_GIMPS_ASSIGNMENT,2026-08-08T19:16:24+00:00,UNALLOCATED,,,,,
SLCMP700-4369,4369,4370,317471443,2^317471443-1,STRUCTURAL_SCREEN_EXHAUSTED_PRIMALITY_UNASSIGNED,GF3A_DIRECTIONAL_WRITE_EXHAUSTED_PRIMALITY_UNASSIGNED,514,512,512,NO_RECORDED_FACTOR_PRP_OR_LL_RESULT_AND_NO_ACTIVE_GIMPS_ASSIGNMENT,2026-08-08T19:16:24+00:00,UNALLOCATED,,,,,
SLCMP700-4370,4370,4371,317471471,2^317471471-1,STRUCTURAL_SCREEN_EXHAUSTED_PRIMALITY_UNASSIGNED,GF3A_DIRECTIONAL_WRITE_EXHAUSTED_PRIMALITY_UNASSIGNED,514,512,512,NO_RECORDED_FACTOR_PRP_OR_LL_RESULT_AND_NO_ACTIVE_GIMPS_ASSIGNMENT,2026-08-08T19:16:24+00:00,UNALLOCATED,,,,,
SLCMP700-4371,4371,4372,317471489,2^317471489-1,STRUCTURAL_SCREEN_EXHAUSTED_PRIMALITY_UNASSIGNED,GF3A_DIRECTIONAL_WRITE_EXHAUSTED_PRIMALITY_UNASSIGNED,513,512,512,NO_RECORDED_FACTOR_PRP_OR_LL_RESULT_AND_NO_ACTIVE_GIMPS_ASSIGNMENT,2026-08-08T19:16:24+00:00,UNALLOCATED,,,,,
SLCMP700-4372,4372,4373,317471503,2^317471503-1,STRUCTURAL_SCREEN_EXHAUSTED_PRIMALITY_UNASSIGNED,GF3A_DIRECTIONAL_WRITE_EXHAUSTED_PRIMALITY_UNASSIGNED,514,512,512,NO_RECORDED_FACTOR_PRP_OR_LL_RESULT_AND_NO_ACTIVE_GIMPS_ASSIGNMENT,2026-08-08T19:16:24+00:00,UNALLOCATED,,,,,
SLCMP700-4373,4373,4374,317471641,2^317471641-1,STRUCTURAL_SCREEN_EXHAUSTED_PRIMALITY_UNASSIGNED,GF3A_DIRECTIONAL_WRITE_EXHAUSTED_PRIMALITY_UNASSIGNED,513,512,512,NO_RECORDED_FACTOR_PRP_OR_LL_RESULT_AND_NO_ACTIVE_GIMPS_ASSIGNMENT,2026-08-08T19:16:24+00:00,UNALLOCATED,,,,,
SLCMP700-4374,4374,4375,317471659,2^317471659-1,STRUCTURAL_SCREEN_EXHAUSTED_PRIMALITY_UNASSIGNED,GF3A_DIRECTIONAL_WRITE_EXHAUSTED_PRIMALITY_UNASSIGNED,514,512,512,NO_RECORDED_FACTOR_PRP_OR_LL_RESULT_AND_NO_ACTIVE_GIMPS_ASSIGNMENT,2026-08-08T19:16:24+00:00,UNALLOCATED,,,,,
SLCMP700-4375,4375,4376,317471681,2^317471681-1,STRUCTURAL_SCREEN_EXHAUSTED_PRIMALITY_UNASSIGNED,GF3A_DIRECTIONAL_WRITE_EXHAUSTED_PRIMALITY_UNASSIGNED,513,512,512,NO_RECORDED_FACTOR_PRP_OR_LL_RESULT_AND_NO_ACTIVE_GIMPS_ASSIGNMENT,2026-08-08T19:16:24+00:00,UNALLOCATED,,,,,
SLCMP700-4376,4376,4377,317471731,2^317471731-1,STRUCTURAL_SCREEN_EXHAUSTED_PRIMALITY_UNASSIGNED,GF3A_DIRECTIONAL_WRITE_EXHAUSTED_PRIMALITY_UNASSIGNED,514,512,512,NO_RECORDED_FACTOR_PRP_OR_LL_RESULT_AND_NO_ACTIVE_GIMPS_ASSIGNMENT,2026-08-08T19:16:24+00:00,UNALLOCATED,,,,,
SLCMP700-4377,4377,4378,317471773,2^317471773-1,STRUCTURAL_SCREEN_EXHAUSTED_PRIMALITY_UNASSIGNED,GF3A_DIRECTIONAL_WRITE_EXHAUSTED_PRIMALITY_UNASSIGNED,513,512,512,NO_RECORDED_FACTOR_PRP_OR_LL_RESULT_AND_NO_ACTIVE_GIMPS_ASSIGNMENT,2026-08-08T19:16:24+00:00,UNALLOCATED,,,,,
SLCMP700-4378,4378,4379,317471807,2^317471807-1,STRUCTURAL_SCREEN_EXHAUSTED_PRIMALITY_UNASSIGNED,GF3A_DIRECTIONAL_WRITE_EXHAUSTED_PRIMALITY_UNASSIGNED,514,512,512,NO_RECORDED_FACTOR_PRP_OR_LL_RESULT_AND_NO_ACTIVE_GIMPS_ASSIGNMENT,2026-08-08T19:16:24+00:00,UNALLOCATED,,,,,
SLCMP700-4379,4379,4380,317471813,2^317471813-1,STRUCTURAL_SCREEN_EXHAUSTED_PRIMALITY_UNASSIGNED,GF3A_DIRECTIONAL_WRITE_EXHAUSTED_PRIMALITY_UNASSIGNED,513,512,512,NO_RECORDED_FACTOR_PRP_OR_LL_RESULT_AND_NO_ACTIVE_GIMPS_ASSIGNMENT,2026-08-08T19:16:24+00:00,UNALLOCATED,,,,,
SLCMP700-4380,4380,4381,317471927,2^317471927-1,STRUCTURAL_SCREEN_EXHAUSTED_PRIMALITY_UNASSIGNED,GF3A_DIRECTIONAL_WRITE_EXHAUSTED_PRIMALITY_UNASSIGNED,514,512,512,NO_RECORDED_FACTOR_PRP_OR_LL_RESULT_AND_NO_ACTIVE_GIMPS_ASSIGNMENT,2026-08-08T19:16:24+00:00,UNALLOCATED,,,,,
SLCMP700-4381,4381,4382,317471939,2^317471939-1,STRUCTURAL_SCREEN_EXHAUSTED_PRIMALITY_UNASSIGNED,GF3A_DIRECTIONAL_WRITE_EXHAUSTED_PRIMALITY_UNASSIGNED,514,512,512,NO_RECORDED_FACTOR_PRP_OR_LL_RESULT_AND_NO_ACTIVE_GIMPS_ASSIGNMENT,2026-08-08T19:16:24+00:00,UNALLOCATED,,,,,
SLCMP700-4382,4382,4383,317471941,2^317471941-1,STRUCTURAL_SCREEN_EXHAUSTED_PRIMALITY_UNASSIGNED,GF3A_DIRECTIONAL_WRITE_EXHAUSTED_PRIMALITY_UNASSIGNED,513,512,512,NO_RECORDED_FACTOR_PRP_OR_LL_RESULT_AND_NO_ACTIVE_GIMPS_ASSIGNMENT,2026-08-08T19:16:24+00:00,UNALLOCATED,,,,,
SLCMP700-4383,4383,4384,317472011,2^317472011-1,STRUCTURAL_SCREEN_EXHAUSTED_PRIMALITY_UNASSIGNED,GF3A_DIRECTIONAL_WRITE_EXHAUSTED_PRIMALITY_UNASSIGNED,514,512,512,NO_RECORDED_FACTOR_PRP_OR_LL_RESULT_AND_NO_ACTIVE_GIMPS_ASSIGNMENT,2026-08-08T19:16:24+00:00,UNALLOCATED,,,,,
SLCMP700-4384,4384,4385,317472017,2^317472017-1,STRUCTURAL_SCREEN_EXHAUSTED_PRIMALITY_UNASSIGNED,GF3A_DIRECTIONAL_WRITE_EXHAUSTED_PRIMALITY_UNASSIGNED,513,512,512,NO_RECORDED_FACTOR_PRP_OR_LL_RESULT_AND_NO_ACTIVE_GIMPS_ASSIGNMENT,2026-08-08T19:16:24+00:00,UNALLOCATED,,,,,
SLCMP700-4385,4385,4386,317472037,2^317472037-1,STRUCTURAL_SCREEN_EXHAUSTED_PRIMALITY_UNASSIGNED,GF3A_DIRECTIONAL_WRITE_EXHAUSTED_PRIMALITY_UNASSIGNED,513,512,512,NO_RECORDED_FACTOR_PRP_OR_LL_RESULT_AND_NO_ACTIVE_GIMPS_ASSIGNMENT,2026-08-08T19:16:24+00:00,UNALLOCATED,,,,,
SLCMP700-4386,4386,4387,317472047,2^317472047-1,STRUCTURAL_SCREEN_EXHAUSTED_PRIMALITY_UNASSIGNED,GF3A_DIRECTIONAL_WRITE_EXHAUSTED_PRIMALITY_UNASSIGNED,514,512,512,NO_RECORDED_FACTOR_PRP_OR_LL_RESULT_AND_NO_ACTIVE_GIMPS_ASSIGNMENT,2026-08-08T19:16:24+00:00,UNALLOCATED,,,,,
SLCMP700-4387,4387,4388,317472163,2^317472163-1,STRUCTURAL_SCREEN_EXHAUSTED_PRIMALITY_UNASSIGNED,GF3A_DIRECTIONAL_WRITE_EXHAUSTED_PRIMALITY_UNASSIGNED,514,512,512,NO_RECORDED_FACTOR_PRP_OR_LL_RESULT_AND_NO_ACTIVE_GIMPS_ASSIGNMENT,2026-08-08T19:16:24+00:00,UNALLOCATED,,,,,
SLCMP700-4388,4388,4389,317472179,2^317472179-1,STRUCTURAL_SCREEN_EXHAUSTED_PRIMALITY_UNASSIGNED,GF3A_DIRECTIONAL_WRITE_EXHAUSTED_PRIMALITY_UNASSIGNED,514,512,512,NO_RECORDED_FACTOR_PRP_OR_LL_RESULT_AND_NO_ACTIVE_GIMPS_ASSIGNMENT,2026-08-08T19:16:24+00:00,UNALLOCATED,,,,,
SLCMP700-4389,4389,4390,317472191,2^317472191-1,STRUCTURAL_SCREEN_EXHAUSTED_PRIMALITY_UNASSIGNED,GF3A_DIRECTIONAL_WRITE_EXHAUSTED_PRIMALITY_UNASSIGNED,514,512,512,NO_RECORDED_FACTOR_PRP_OR_LL_RESULT_AND_NO_ACTIVE_GIMPS_ASSIGNMENT,2026-08-08T19:16:24+00:00,UNALLOCATED,,,,,
SLCMP700-4390,4390,4391,317472217,2^317472217-1,STRUCTURAL_SCREEN_EXHAUSTED_PRIMALITY_UNASSIGNED,GF3A_DIRECTIONAL_WRITE_EXHAUSTED_PRIMALITY_UNASSIGNED,513,512,512,NO_RECORDED_FACTOR_PRP_OR_LL_RESULT_AND_NO_ACTIVE_GIMPS_ASSIGNMENT,2026-08-08T19:16:24+00:00,UNALLOCATED,,,,,
SLCMP700-4391,4391,4392,317472223,2^317472223-1,STRUCTURAL_SCREEN_EXHAUSTED_PRIMALITY_UNASSIGNED,GF3A_DIRECTIONAL_WRITE_EXHAUSTED_PRIMALITY_UNASSIGNED,514,512,512,NO_RECORDED_FACTOR_PRP_OR_LL_RESULT_AND_NO_ACTIVE_GIMPS_ASSIGNMENT,2026-08-08T19:16:24+00:00,UNALLOCATED,,,,,
SLCMP700-4392,4392,4393,317472277,2^317472277-1,STRUCTURAL_SCREEN_EXHAUSTED_PRIMALITY_UNASSIGNED,GF3A_DIRECTIONAL_WRITE_EXHAUSTED_PRIMALITY_UNASSIGNED,513,512,512,NO_RECORDED_FACTOR_PRP_OR_LL_RESULT_AND_NO_ACTIVE_GIMPS_ASSIGNMENT,2026-08-08T19:16:24+00:00,UNALLOCATED,,,,,
SLCMP700-4393,4393,4394,317472301,2^317472301-1,STRUCTURAL_SCREEN_EXHAUSTED_PRIMALITY_UNASSIGNED,GF3A_DIRECTIONAL_WRITE_EXHAUSTED_PRIMALITY_UNASSIGNED,513,512,512,NO_RECORDED_FACTOR_PRP_OR_LL_RESULT_AND_NO_ACTIVE_GIMPS_ASSIGNMENT,2026-08-08T19:16:24+00:00,UNALLOCATED,,,,,
SLCMP700-4394,4394,4395,317472313,2^317472313-1,STRUCTURAL_SCREEN_EXHAUSTED_PRIMALITY_UNASSIGNED,GF3A_DIRECTIONAL_WRITE_EXHAUSTED_PRIMALITY_UNASSIGNED,513,512,512,NO_RECORDED_FACTOR_PRP_OR_LL_RESULT_AND_NO_ACTIVE_GIMPS_ASSIGNMENT,2026-08-08T19:16:24+00:00,UNALLOCATED,,,,,
SLCMP700-4395,4395,4396,317472319,2^317472319-1,STRUCTURAL_SCREEN_EXHAUSTED_PRIMALITY_UNASSIGNED,GF3A_DIRECTIONAL_WRITE_EXHAUSTED_PRIMALITY_UNASSIGNED,514,512,512,NO_RECORDED_FACTOR_PRP_OR_LL_RESULT_AND_NO_ACTIVE_GIMPS_ASSIGNMENT,2026-08-08T19:16:24+00:00,UNALLOCATED,,,,,
SLCMP700-4396,4396,4397,317472377,2^317472377-1,STRUCTURAL_SCREEN_EXHAUSTED_PRIMALITY_UNASSIGNED,GF3A_DIRECTIONAL_WRITE_EXHAUSTED_PRIMALITY_UNASSIGNED,513,512,512,NO_RECORDED_FACTOR_PRP_OR_LL_RESULT_AND_NO_ACTIVE_GIMPS_ASSIGNMENT,2026-08-08T19:16:24+00:00,UNALLOCATED,,,,,
SLCMP700-4397,4397,4398,317472383,2^317472383-1,STRUCTURAL_SCREEN_EXHAUSTED_PRIMALITY_UNASSIGNED,GF3A_DIRECTIONAL_WRITE_EXHAUSTED_PRIMALITY_UNASSIGNED,514,512,512,NO_RECORDED_FACTOR_PRP_OR_LL_RESULT_AND_NO_ACTIVE_GIMPS_ASSIGNMENT,2026-08-08T19:16:24+00:00,UNALLOCATED,,,,,
SLCMP700-4398,4398,4399,317472403,2^317472403-1,STRUCTURAL_SCREEN_EXHAUSTED_PRIMALITY_UNASSIGNED,GF3A_DIRECTIONAL_WRITE_EXHAUSTED_PRIMALITY_UNASSIGNED,514,512,512,NO_RECORDED_FACTOR_PRP_OR_LL_RESULT_AND_NO_ACTIVE_GIMPS_ASSIGNMENT,2026-08-08T19:16:24+00:00,UNALLOCATED,,,,,
SLCMP700-4399,4399,4400,317472559,2^317472559-1,STRUCTURAL_SCREEN_EXHAUSTED_PRIMALITY_UNASSIGNED,GF3A_DIRECTIONAL_WRITE_EXHAUSTED_PRIMALITY_UNASSIGNED,514,512,512,NO_RECORDED_FACTOR_PRP_OR_LL_RESULT_AND_NO_ACTIVE_GIMPS_ASSIGNMENT,2026-08-08T19:16:24+00:00,UNALLOCATED,,,,,
SLCMP700-4400,4400,4401,317472583,2^317472583-1,STRUCTURAL_SCREEN_EXHAUSTED_PRIMALITY_UNASSIGNED,GF3A_DIRECTIONAL_WRITE_EXHAUSTED_PRIMALITY_UNASSIGNED,514,512,512,NO_RECORDED_FACTOR_PRP_OR_LL_RESULT_AND_NO_ACTIVE_GIMPS_ASSIGNMENT,2026-08-08T19:16:24+00:00,UNALLOCATED,,,,,
SLCMP700-4401,4401,4402,317472811,2^317472811-1,STRUCTURAL_SCREEN_EXHAUSTED_PRIMALITY_UNASSIGNED,GF3A_DIRECTIONAL_WRITE_EXHAUSTED_PRIMALITY_UNASSIGNED,514,512,512,NO_RECORDED_FACTOR_PRP_OR_LL_RESULT_AND_NO_ACTIVE_GIMPS_ASSIGNMENT,2026-08-08T19:16:24+00:00,UNALLOCATED,,,,,
SLCMP700-4402,4402,4403,317472847,2^317472847-1,STRUCTURAL_SCREEN_EXHAUSTED_PRIMALITY_UNASSIGNED,GF3A_DIRECTIONAL_WRITE_EXHAUSTED_PRIMALITY_UNASSIGNED,514,512,512,NO_RECORDED_FACTOR_PRP_OR_LL_RESULT_AND_NO_ACTIVE_GIMPS_ASSIGNMENT,2026-08-08T19:16:24+00:00,UNALLOCATED,,,,,
SLCMP700-4403,4403,4404,317473003,2^317473003-1,STRUCTURAL_SCREEN_EXHAUSTED_PRIMALITY_UNASSIGNED,GF3A_DIRECTIONAL_WRITE_EXHAUSTED_PRIMALITY_UNASSIGNED,514,512,512,NO_RECORDED_FACTOR_PRP_OR_LL_RESULT_AND_NO_ACTIVE_GIMPS_ASSIGNMENT,2026-08-08T19:16:24+00:00,UNALLOCATED,,,,,
SLCMP700-4404,4404,4405,317473027,2^317473027-1,STRUCTURAL_SCREEN_EXHAUSTED_PRIMALITY_UNASSIGNED,GF3A_DIRECTIONAL_WRITE_EXHAUSTED_PRIMALITY_UNASSIGNED,514,512,512,NO_RECORDED_FACTOR_PRP_OR_LL_RESULT_AND_NO_ACTIVE_GIMPS_ASSIGNMENT,2026-08-08T19:16:24+00:00,UNALLOCATED,,,,,
SLCMP700-4405,4405,4406,317473099,2^317473099-1,STRUCTURAL_SCREEN_EXHAUSTED_PRIMALITY_UNASSIGNED,GF3A_DIRECTIONAL_WRITE_EXHAUSTED_PRIMALITY_UNASSIGNED,514,512,512,NO_RECORDED_FACTOR_PRP_OR_LL_RESULT_AND_NO_ACTIVE_GIMPS_ASSIGNMENT,2026-08-08T19:16:24+00:00,UNALLOCATED,,,,,
SLCMP700-4406,4406,4407,317473141,2^317473141-1,STRUCTURAL_SCREEN_EXHAUSTED_PRIMALITY_UNASSIGNED,GF3A_DIRECTIONAL_WRITE_EXHAUSTED_PRIMALITY_UNASSIGNED,513,512,512,NO_RECORDED_FACTOR_PRP_OR_LL_RESULT_AND_NO_ACTIVE_GIMPS_ASSIGNMENT,2026-08-08T19:16:24+00:00,UNALLOCATED,,,,,
SLCMP700-4407,4407,4408,317473213,2^317473213-1,STRUCTURAL_SCREEN_EXHAUSTED_PRIMALITY_UNASSIGNED,GF3A_DIRECTIONAL_WRITE_EXHAUSTED_PRIMALITY_UNASSIGNED,513,512,512,NO_RECORDED_FACTOR_PRP_OR_LL_RESULT_AND_NO_ACTIVE_GIMPS_ASSIGNMENT,2026-08-08T19:16:24+00:00,UNALLOCATED,,,,,
SLCMP700-4408,4408,4409,317473243,2^317473243-1,STRUCTURAL_SCREEN_EXHAUSTED_PRIMALITY_UNASSIGNED,GF3A_DIRECTIONAL_WRITE_EXHAUSTED_PRIMALITY_UNASSIGNED,514,512,512,NO_RECORDED_FACTOR_PRP_OR_LL_RESULT_AND_NO_ACTIVE_GIMPS_ASSIGNMENT,2026-08-08T19:16:24+00:00,UNALLOCATED,,,,,
SLCMP700-4409,4409,4410,317473267,2^317473267-1,STRUCTURAL_SCREEN_EXHAUSTED_PRIMALITY_UNASSIGNED,GF3A_DIRECTIONAL_WRITE_EXHAUSTED_PRIMALITY_UNASSIGNED,514,512,512,NO_RECORDED_FACTOR_PRP_OR_LL_RESULT_AND_NO_ACTIVE_GIMPS_ASSIGNMENT,2026-08-08T19:16:24+00:00,UNALLOCATED,,,,,
SLCMP700-4410,4410,4411,317473319,2^317473319-1,STRUCTURAL_SCREEN_EXHAUSTED_PRIMALITY_UNASSIGNED,GF3A_DIRECTIONAL_WRITE_EXHAUSTED_PRIMALITY_UNASSIGNED,514,512,512,NO_RECORDED_FACTOR_PRP_OR_LL_RESULT_AND_NO_ACTIVE_GIMPS_ASSIGNMENT,2026-08-08T19:16:24+00:00,UNALLOCATED,,,,,
SLCMP700-4411,4411,4412,317473379,2^317473379-1,STRUCTURAL_SCREEN_EXHAUSTED_PRIMALITY_UNASSIGNED,GF3A_DIRECTIONAL_WRITE_EXHAUSTED_PRIMALITY_UNASSIGNED,514,512,512,NO_RECORDED_FACTOR_PRP_OR_LL_RESULT_AND_NO_ACTIVE_GIMPS_ASSIGNMENT,2026-08-08T19:16:24+00:00,UNALLOCATED,,,,,
SLCMP700-4412,4412,4413,317473703,2^317473703-1,STRUCTURAL_SCREEN_EXHAUSTED_PRIMALITY_UNASSIGNED,GF3A_DIRECTIONAL_WRITE_EXHAUSTED_PRIMALITY_UNASSIGNED,514,512,512,NO_RECORDED_FACTOR_PRP_OR_LL_RESULT_AND_NO_ACTIVE_GIMPS_ASSIGNMENT,2026-08-08T19:16:24+00:00,UNALLOCATED,,,,,
SLCMP700-4413,4413,4414,317473841,2^317473841-1,STRUCTURAL_SCREEN_EXHAUSTED_PRIMALITY_UNASSIGNED,GF3A_DIRECTIONAL_WRITE_EXHAUSTED_PRIMALITY_UNASSIGNED,513,512,512,NO_RECORDED_FACTOR_PRP_OR_LL_RESULT_AND_NO_ACTIVE_GIMPS_ASSIGNMENT,2026-08-08T19:16:24+00:00,UNALLOCATED,,,,,
SLCMP700-4414,4414,4415,317473889,2^317473889-1,STRUCTURAL_SCREEN_EXHAUSTED_PRIMALITY_UNASSIGNED,GF3A_DIRECTIONAL_WRITE_EXHAUSTED_PRIMALITY_UNASSIGNED,513,512,512,NO_RECORDED_FACTOR_PRP_OR_LL_RESULT_AND_NO_ACTIVE_GIMPS_ASSIGNMENT,2026-08-08T19:16:24+00:00,UNALLOCATED,,,,,
SLCMP700-4415,4415,4416,317473901,2^317473901-1,STRUCTURAL_SCREEN_EXHAUSTED_PRIMALITY_UNASSIGNED,GF3A_DIRECTIONAL_WRITE_EXHAUSTED_PRIMALITY_UNASSIGNED,513,512,512,NO_RECORDED_FACTOR_PRP_OR_LL_RESULT_AND_NO_ACTIVE_GIMPS_ASSIGNMENT,2026-08-08T19:16:24+00:00,UNALLOCATED,,,,,
SLCMP700-4416,4416,4417,317473943,2^317473943-1,STRUCTURAL_SCREEN_EXHAUSTED_PRIMALITY_UNASSIGNED,GF3A_DIRECTIONAL_WRITE_EXHAUSTED_PRIMALITY_UNASSIGNED,514,512,512,NO_RECORDED_FACTOR_PRP_OR_LL_RESULT_AND_NO_ACTIVE_GIMPS_ASSIGNMENT,2026-08-08T19:16:24+00:00,UNALLOCATED,,,,,
SLCMP700-4417,4417,4418,317473979,2^317473979-1,STRUCTURAL_SCREEN_EXHAUSTED_PRIMALITY_UNASSIGNED,GF3A_DIRECTIONAL_WRITE_EXHAUSTED_PRIMALITY_UNASSIGNED,514,512,512,NO_RECORDED_FACTOR_PRP_OR_LL_RESULT_AND_NO_ACTIVE_GIMPS_ASSIGNMENT,2026-08-08T19:16:24+00:00,UNALLOCATED,,,,,
SLCMP700-4418,4418,4419,317474039,2^317474039-1,STRUCTURAL_SCREEN_EXHAUSTED_PRIMALITY_UNASSIGNED,GF3A_DIRECTIONAL_WRITE_EXHAUSTED_PRIMALITY_UNASSIGNED,514,512,512,NO_RECORDED_FACTOR_PRP_OR_LL_RESULT_AND_NO_ACTIVE_GIMPS_ASSIGNMENT,2026-08-08T19:16:24+00:00,UNALLOCATED,,,,,
SLCMP700-4419,4419,4420,317474141,2^317474141-1,STRUCTURAL_SCREEN_EXHAUSTED_PRIMALITY_UNASSIGNED,GF3A_DIRECTIONAL_WRITE_EXHAUSTED_PRIMALITY_UNASSIGNED,513,512,512,NO_RECORDED_FACTOR_PRP_OR_LL_RESULT_AND_NO_ACTIVE_GIMPS_ASSIGNMENT,2026-08-08T19:16:24+00:00,UNALLOCATED,,,,,
SLCMP700-4420,4420,4421,317474147,2^317474147-1,STRUCTURAL_SCREEN_EXHAUSTED_PRIMALITY_UNASSIGNED,GF3A_DIRECTIONAL_WRITE_EXHAUSTED_PRIMALITY_UNASSIGNED,514,512,512,NO_RECORDED_FACTOR_PRP_OR_LL_RESULT_AND_NO_ACTIVE_GIMPS_ASSIGNMENT,2026-08-08T19:16:24+00:00,UNALLOCATED,,,,,
SLCMP700-4421,4421,4422,317474159,2^317474159-1,STRUCTURAL_SCREEN_EXHAUSTED_PRIMALITY_UNASSIGNED,GF3A_DIRECTIONAL_WRITE_EXHAUSTED_PRIMALITY_UNASSIGNED,514,512,512,NO_RECORDED_FACTOR_PRP_OR_LL_RESULT_AND_NO_ACTIVE_GIMPS_ASSIGNMENT,2026-08-08T19:16:24+00:00,UNALLOCATED,,,,,
SLCMP700-4422,4422,4423,317474161,2^317474161-1,STRUCTURAL_SCREEN_EXHAUSTED_PRIMALITY_UNASSIGNED,GF3A_DIRECTIONAL_WRITE_EXHAUSTED_PRIMALITY_UNASSIGNED,513,512,512,NO_RECORDED_FACTOR_PRP_OR_LL_RESULT_AND_NO_ACTIVE_GIMPS_ASSIGNMENT,2026-08-08T19:16:24+00:00,UNALLOCATED,,,,,
SLCMP700-4423,4423,4424,317474231,2^317474231-1,STRUCTURAL_SCREEN_EXHAUSTED_PRIMALITY_UNASSIGNED,GF3A_DIRECTIONAL_WRITE_EXHAUSTED_PRIMALITY_UNASSIGNED,514,512,512,NO_RECORDED_FACTOR_PRP_OR_LL_RESULT_AND_NO_ACTIVE_GIMPS_ASSIGNMENT,2026-08-08T19:16:24+00:00,UNALLOCATED,,,,,
SLCMP700-4424,4424,4425,317474233,2^317474233-1,STRUCTURAL_SCREEN_EXHAUSTED_PRIMALITY_UNASSIGNED,GF3A_DIRECTIONAL_WRITE_EXHAUSTED_PRIMALITY_UNASSIGNED,513,512,512,NO_RECORDED_FACTOR_PRP_OR_LL_RESULT_AND_NO_ACTIVE_GIMPS_ASSIGNMENT,2026-08-08T19:16:24+00:00,UNALLOCATED,,,,,
SLCMP700-4425,4425,4426,317474251,2^317474251-1,STRUCTURAL_SCREEN_EXHAUSTED_PRIMALITY_UNASSIGNED,GF3A_DIRECTIONAL_WRITE_EXHAUSTED_PRIMALITY_UNASSIGNED,514,512,512,NO_RECORDED_FACTOR_PRP_OR_LL_RESULT_AND_NO_ACTIVE_GIMPS_ASSIGNMENT,2026-08-08T19:16:24+00:00,UNALLOCATED,,,,,
SLCMP700-4426,4426,4427,317474263,2^317474263-1,STRUCTURAL_SCREEN_EXHAUSTED_PRIMALITY_UNASSIGNED,GF3A_DIRECTIONAL_WRITE_EXHAUSTED_PRIMALITY_UNASSIGNED,514,512,512,NO_RECORDED_FACTOR_PRP_OR_LL_RESULT_AND_NO_ACTIVE_GIMPS_ASSIGNMENT,2026-08-08T19:16:24+00:00,UNALLOCATED,,,,,
SLCMP700-4427,4427,4428,317474273,2^317474273-1,STRUCTURAL_SCREEN_EXHAUSTED_PRIMALITY_UNASSIGNED,GF3A_DIRECTIONAL_WRITE_EXHAUSTED_PRIMALITY_UNASSIGNED,513,512,512,NO_RECORDED_FACTOR_PRP_OR_LL_RESULT_AND_NO_ACTIVE_GIMPS_ASSIGNMENT,2026-08-08T19:16:24+00:00,UNALLOCATED,,,,,
SLCMP700-4428,4428,4429,317474321,2^317474321-1,STRUCTURAL_SCREEN_EXHAUSTED_PRIMALITY_UNASSIGNED,GF3A_DIRECTIONAL_WRITE_EXHAUSTED_PRIMALITY_UNASSIGNED,513,512,512,NO_RECORDED_FACTOR_PRP_OR_LL_RESULT_AND_NO_ACTIVE_GIMPS_ASSIGNMENT,2026-08-08T19:16:24+00:00,UNALLOCATED,,,,,
SLCMP700-4429,4429,4430,317474387,2^317474387-1,STRUCTURAL_SCREEN_EXHAUSTED_PRIMALITY_UNASSIGNED,GF3A_DIRECTIONAL_WRITE_EXHAUSTED_PRIMALITY_UNASSIGNED,514,512,512,NO_RECORDED_FACTOR_PRP_OR_LL_RESULT_AND_NO_ACTIVE_GIMPS_ASSIGNMENT,2026-08-08T19:16:24+00:00,UNALLOCATED,,,,,
SLCMP700-4430,4430,4431,317474459,2^317474459-1,STRUCTURAL_SCREEN_EXHAUSTED_PRIMALITY_UNASSIGNED,GF3A_DIRECTIONAL_WRITE_EXHAUSTED_PRIMALITY_UNASSIGNED,514,512,512,NO_RECORDED_FACTOR_PRP_OR_LL_RESULT_AND_NO_ACTIVE_GIMPS_ASSIGNMENT,2026-08-08T19:16:24+00:00,UNALLOCATED,,,,,
SLCMP700-4431,4431,4432,317474483,2^317474483-1,STRUCTURAL_SCREEN_EXHAUSTED_PRIMALITY_UNASSIGNED,GF3A_DIRECTIONAL_WRITE_EXHAUSTED_PRIMALITY_UNASSIGNED,514,512,512,NO_RECORDED_FACTOR_PRP_OR_LL_RESULT_AND_NO_ACTIVE_GIMPS_ASSIGNMENT,2026-08-08T19:16:24+00:00,UNALLOCATED,,,,,
SLCMP700-4432,4432,4433,317474491,2^317474491-1,STRUCTURAL_SCREEN_EXHAUSTED_PRIMALITY_UNASSIGNED,GF3A_DIRECTIONAL_WRITE_EXHAUSTED_PRIMALITY_UNASSIGNED,514,512,512,NO_RECORDED_FACTOR_PRP_OR_LL_RESULT_AND_NO_ACTIVE_GIMPS_ASSIGNMENT,2026-08-08T19:16:24+00:00,UNALLOCATED,,,,,
SLCMP700-4433,4433,4434,317474551,2^317474551-1,STRUCTURAL_SCREEN_EXHAUSTED_PRIMALITY_UNASSIGNED,GF3A_DIRECTIONAL_WRITE_EXHAUSTED_PRIMALITY_UNASSIGNED,514,512,512,NO_RECORDED_FACTOR_PRP_OR_LL_RESULT_AND_NO_ACTIVE_GIMPS_ASSIGNMENT,2026-08-08T19:16:24+00:00,UNALLOCATED,,,,,
SLCMP700-4434,4434,4435,317474569,2^317474569-1,STRUCTURAL_SCREEN_EXHAUSTED_PRIMALITY_UNASSIGNED,GF3A_DIRECTIONAL_WRITE_EXHAUSTED_PRIMALITY_UNASSIGNED,513,512,512,NO_RECORDED_FACTOR_PRP_OR_LL_RESULT_AND_NO_ACTIVE_GIMPS_ASSIGNMENT,2026-08-08T19:16:24+00:00,UNALLOCATED,,,,,
SLCMP700-4435,4435,4436,317474593,2^317474593-1,STRUCTURAL_SCREEN_EXHAUSTED_PRIMALITY_UNASSIGNED,GF3A_DIRECTIONAL_WRITE_EXHAUSTED_PRIMALITY_UNASSIGNED,513,512,512,NO_RECORDED_FACTOR_PRP_OR_LL_RESULT_AND_NO_ACTIVE_GIMPS_ASSIGNMENT,2026-08-08T19:16:24+00:00,UNALLOCATED,,,,,
SLCMP700-4436,4436,4437,317474617,2^317474617-1,STRUCTURAL_SCREEN_EXHAUSTED_PRIMALITY_UNASSIGNED,GF3A_DIRECTIONAL_WRITE_EXHAUSTED_PRIMALITY_UNASSIGNED,513,512,512,NO_RECORDED_FACTOR_PRP_OR_LL_RESULT_AND_NO_ACTIVE_GIMPS_ASSIGNMENT,2026-08-08T19:16:24+00:00,UNALLOCATED,,,,,
SLCMP700-4437,4437,4438,317474623,2^317474623-1,STRUCTURAL_SCREEN_EXHAUSTED_PRIMALITY_UNASSIGNED,GF3A_DIRECTIONAL_WRITE_EXHAUSTED_PRIMALITY_UNASSIGNED,514,512,512,NO_RECORDED_FACTOR_PRP_OR_LL_RESULT_AND_NO_ACTIVE_GIMPS_ASSIGNMENT,2026-08-08T19:16:24+00:00,UNALLOCATED,,,,,
SLCMP700-4438,4438,4439,317474653,2^317474653-1,STRUCTURAL_SCREEN_EXHAUSTED_PRIMALITY_UNASSIGNED,GF3A_DIRECTIONAL_WRITE_EXHAUSTED_PRIMALITY_UNASSIGNED,513,512,512,NO_RECORDED_FACTOR_PRP_OR_LL_RESULT_AND_NO_ACTIVE_GIMPS_ASSIGNMENT,2026-08-08T19:16:24+00:00,UNALLOCATED,,,,,
SLCMP700-4439,4439,4440,317474657,2^317474657-1,STRUCTURAL_SCREEN_EXHAUSTED_PRIMALITY_UNASSIGNED,GF3A_DIRECTIONAL_WRITE_EXHAUSTED_PRIMALITY_UNASSIGNED,513,512,512,NO_RECORDED_FACTOR_PRP_OR_LL_RESULT_AND_NO_ACTIVE_GIMPS_ASSIGNMENT,2026-08-08T19:16:24+00:00,UNALLOCATED,,,,,
SLCMP700-4440,4440,4441,317474713,2^317474713-1,STRUCTURAL_SCREEN_EXHAUSTED_PRIMALITY_UNASSIGNED,GF3A_DIRECTIONAL_WRITE_EXHAUSTED_PRIMALITY_UNASSIGNED,513,512,512,NO_RECORDED_FACTOR_PRP_OR_LL_RESULT_AND_NO_ACTIVE_GIMPS_ASSIGNMENT,2026-08-08T19:16:24+00:00,UNALLOCATED,,,,,
SLCMP700-4441,4441,4442,317474723,2^317474723-1,STRUCTURAL_SCREEN_EXHAUSTED_PRIMALITY_UNASSIGNED,GF3A_DIRECTIONAL_WRITE_EXHAUSTED_PRIMALITY_UNASSIGNED,514,512,512,NO_RECORDED_FACTOR_PRP_OR_LL_RESULT_AND_NO_ACTIVE_GIMPS_ASSIGNMENT,2026-08-08T19:16:24+00:00,UNALLOCATED,,,,,
SLCMP700-4442,4442,4443,317474783,2^317474783-1,STRUCTURAL_SCREEN_EXHAUSTED_PRIMALITY_UNASSIGNED,GF3A_DIRECTIONAL_WRITE_EXHAUSTED_PRIMALITY_UNASSIGNED,514,512,512,NO_RECORDED_FACTOR_PRP_OR_LL_RESULT_AND_NO_ACTIVE_GIMPS_ASSIGNMENT,2026-08-08T19:16:24+00:00,UNALLOCATED,,,,,
SLCMP700-4443,4443,4444,317474789,2^317474789-1,STRUCTURAL_SCREEN_EXHAUSTED_PRIMALITY_UNASSIGNED,GF3A_DIRECTIONAL_WRITE_EXHAUSTED_PRIMALITY_UNASSIGNED,513,512,512,NO_RECORDED_FACTOR_PRP_OR_LL_RESULT_AND_NO_ACTIVE_GIMPS_ASSIGNMENT,2026-08-08T19:16:24+00:00,UNALLOCATED,,,,,
SLCMP700-4444,4444,4445,317474831,2^317474831-1,STRUCTURAL_SCREEN_EXHAUSTED_PRIMALITY_UNASSIGNED,GF3A_DIRECTIONAL_WRITE_EXHAUSTED_PRIMALITY_UNASSIGNED,514,512,512,NO_RECORDED_FACTOR_PRP_OR_LL_RESULT_AND_NO_ACTIVE_GIMPS_ASSIGNMENT,2026-08-08T19:16:24+00:00,UNALLOCATED,,,,,
SLCMP700-4445,4445,4446,317474873,2^317474873-1,STRUCTURAL_SCREEN_EXHAUSTED_PRIMALITY_UNASSIGNED,GF3A_DIRECTIONAL_WRITE_EXHAUSTED_PRIMALITY_UNASSIGNED,513,512,512,NO_RECORDED_FACTOR_PRP_OR_LL_RESULT_AND_NO_ACTIVE_GIMPS_ASSIGNMENT,2026-08-08T19:16:24+00:00,UNALLOCATED,,,,,
SLCMP700-4446,4446,4447,317474923,2^317474923-1,STRUCTURAL_SCREEN_EXHAUSTED_PRIMALITY_UNASSIGNED,GF3A_DIRECTIONAL_WRITE_EXHAUSTED_PRIMALITY_UNASSIGNED,514,512,512,NO_RECORDED_FACTOR_PRP_OR_LL_RESULT_AND_NO_ACTIVE_GIMPS_ASSIGNMENT,2026-08-08T19:16:24+00:00,UNALLOCATED,,,,,
SLCMP700-4447,4447,4448,317474947,2^317474947-1,STRUCTURAL_SCREEN_EXHAUSTED_PRIMALITY_UNASSIGNED,GF3A_DIRECTIONAL_WRITE_EXHAUSTED_PRIMALITY_UNASSIGNED,514,512,512,NO_RECORDED_FACTOR_PRP_OR_LL_RESULT_AND_NO_ACTIVE_GIMPS_ASSIGNMENT,2026-08-08T19:16:24+00:00,UNALLOCATED,,,,,
SLCMP700-4448,4448,4449,317474951,2^317474951-1,STRUCTURAL_SCREEN_EXHAUSTED_PRIMALITY_UNASSIGNED,GF3A_DIRECTIONAL_WRITE_EXHAUSTED_PRIMALITY_UNASSIGNED,514,512,512,NO_RECORDED_FACTOR_PRP_OR_LL_RESULT_AND_NO_ACTIVE_GIMPS_ASSIGNMENT,2026-08-08T19:16:24+00:00,UNALLOCATED,,,,,
SLCMP700-4449,4449,4450,317475079,2^317475079-1,STRUCTURAL_SCREEN_EXHAUSTED_PRIMALITY_UNASSIGNED,GF3A_DIRECTIONAL_WRITE_EXHAUSTED_PRIMALITY_UNASSIGNED,514,512,512,NO_RECORDED_FACTOR_PRP_OR_LL_RESULT_AND_NO_ACTIVE_GIMPS_ASSIGNMENT,2026-08-08T19:16:24+00:00,UNALLOCATED,,,,,
SLCMP700-4450,4450,4451,317475101,2^317475101-1,STRUCTURAL_SCREEN_EXHAUSTED_PRIMALITY_UNASSIGNED,GF3A_DIRECTIONAL_WRITE_EXHAUSTED_PRIMALITY_UNASSIGNED,513,512,512,NO_RECORDED_FACTOR_PRP_OR_LL_RESULT_AND_NO_ACTIVE_GIMPS_ASSIGNMENT,2026-08-08T19:16:24+00:00,UNALLOCATED,,,,,
SLCMP700-4451,4451,4452,317475143,2^317475143-1,STRUCTURAL_SCREEN_EXHAUSTED_PRIMALITY_UNASSIGNED,GF3A_DIRECTIONAL_WRITE_EXHAUSTED_PRIMALITY_UNASSIGNED,514,512,512,NO_RECORDED_FACTOR_PRP_OR_LL_RESULT_AND_NO_ACTIVE_GIMPS_ASSIGNMENT,2026-08-08T19:16:24+00:00,UNALLOCATED,,,,,
SLCMP700-4452,4452,4453,317475217,2^317475217-1,STRUCTURAL_SCREEN_EXHAUSTED_PRIMALITY_UNASSIGNED,GF3A_DIRECTIONAL_WRITE_EXHAUSTED_PRIMALITY_UNASSIGNED,513,512,512,NO_RECORDED_FACTOR_PRP_OR_LL_RESULT_AND_NO_ACTIVE_GIMPS_ASSIGNMENT,2026-08-08T19:16:24+00:00,UNALLOCATED,,,,,
SLCMP700-4453,4453,4454,317475317,2^317475317-1,STRUCTURAL_SCREEN_EXHAUSTED_PRIMALITY_UNASSIGNED,GF3A_DIRECTIONAL_WRITE_EXHAUSTED_PRIMALITY_UNASSIGNED,513,512,512,NO_RECORDED_FACTOR_PRP_OR_LL_RESULT_AND_NO_ACTIVE_GIMPS_ASSIGNMENT,2026-08-08T19:16:24+00:00,UNALLOCATED,,,,,
SLCMP700-4454,4454,4455,317475409,2^317475409-1,STRUCTURAL_SCREEN_EXHAUSTED_PRIMALITY_UNASSIGNED,GF3A_DIRECTIONAL_WRITE_EXHAUSTED_PRIMALITY_UNASSIGNED,513,512,512,NO_RECORDED_FACTOR_PRP_OR_LL_RESULT_AND_NO_ACTIVE_GIMPS_ASSIGNMENT,2026-08-08T19:16:24+00:00,UNALLOCATED,,,,,
SLCMP700-4455,4455,4456,317475451,2^317475451-1,STRUCTURAL_SCREEN_EXHAUSTED_PRIMALITY_UNASSIGNED,GF3A_DIRECTIONAL_WRITE_EXHAUSTED_PRIMALITY_UNASSIGNED,514,512,512,NO_RECORDED_FACTOR_PRP_OR_LL_RESULT_AND_NO_ACTIVE_GIMPS_ASSIGNMENT,2026-08-08T19:16:24+00:00,UNALLOCATED,,,,,
SLCMP700-4456,4456,4457,317475551,2^317475551-1,STRUCTURAL_SCREEN_EXHAUSTED_PRIMALITY_UNASSIGNED,GF3A_DIRECTIONAL_WRITE_EXHAUSTED_PRIMALITY_UNASSIGNED,514,512,512,NO_RECORDED_FACTOR_PRP_OR_LL_RESULT_AND_NO_ACTIVE_GIMPS_ASSIGNMENT,2026-08-08T19:16:24+00:00,UNALLOCATED,,,,,
SLCMP700-4457,4457,4458,317475677,2^317475677-1,STRUCTURAL_SCREEN_EXHAUSTED_PRIMALITY_UNASSIGNED,GF3A_DIRECTIONAL_WRITE_EXHAUSTED_PRIMALITY_UNASSIGNED,513,512,512,NO_RECORDED_FACTOR_PRP_OR_LL_RESULT_AND_NO_ACTIVE_GIMPS_ASSIGNMENT,2026-08-08T19:16:24+00:00,UNALLOCATED,,,,,
SLCMP700-4458,4458,4459,317475703,2^317475703-1,STRUCTURAL_SCREEN_EXHAUSTED_PRIMALITY_UNASSIGNED,GF3A_DIRECTIONAL_WRITE_EXHAUSTED_PRIMALITY_UNASSIGNED,514,512,512,NO_RECORDED_FACTOR_PRP_OR_LL_RESULT_AND_NO_ACTIVE_GIMPS_ASSIGNMENT,2026-08-08T19:16:24+00:00,UNALLOCATED,,,,,
SLCMP700-4459,4459,4460,317475773,2^317475773-1,STRUCTURAL_SCREEN_EXHAUSTED_PRIMALITY_UNASSIGNED,GF3A_DIRECTIONAL_WRITE_EXHAUSTED_PRIMALITY_UNASSIGNED,513,512,512,NO_RECORDED_FACTOR_PRP_OR_LL_RESULT_AND_NO_ACTIVE_GIMPS_ASSIGNMENT,2026-08-08T19:16:24+00:00,UNALLOCATED,,,,,
SLCMP700-4460,4460,4461,317475827,2^317475827-1,STRUCTURAL_SCREEN_EXHAUSTED_PRIMALITY_UNASSIGNED,GF3A_DIRECTIONAL_WRITE_EXHAUSTED_PRIMALITY_UNASSIGNED,514,512,512,NO_RECORDED_FACTOR_PRP_OR_LL_RESULT_AND_NO_ACTIVE_GIMPS_ASSIGNMENT,2026-08-08T19:16:24+00:00,UNALLOCATED,,,,,
SLCMP700-4461,4461,4462,317475871,2^317475871-1,STRUCTURAL_SCREEN_EXHAUSTED_PRIMALITY_UNASSIGNED,GF3A_DIRECTIONAL_WRITE_EXHAUSTED_PRIMALITY_UNASSIGNED,514,512,512,NO_RECORDED_FACTOR_PRP_OR_LL_RESULT_AND_NO_ACTIVE_GIMPS_ASSIGNMENT,2026-08-08T19:16:24+00:00,UNALLOCATED,,,,,
SLCMP700-4462,4462,4463,317476031,2^317476031-1,STRUCTURAL_SCREEN_EXHAUSTED_PRIMALITY_UNASSIGNED,GF3A_DIRECTIONAL_WRITE_EXHAUSTED_PRIMALITY_UNASSIGNED,514,512,512,NO_RECORDED_FACTOR_PRP_OR_LL_RESULT_AND_NO_ACTIVE_GIMPS_ASSIGNMENT,2026-08-08T19:16:24+00:00,UNALLOCATED,,,,,
SLCMP700-4463,4463,4464,317476067,2^317476067-1,STRUCTURAL_SCREEN_EXHAUSTED_PRIMALITY_UNASSIGNED,GF3A_DIRECTIONAL_WRITE_EXHAUSTED_PRIMALITY_UNASSIGNED,514,512,512,NO_RECORDED_FACTOR_PRP_OR_LL_RESULT_AND_NO_ACTIVE_GIMPS_ASSIGNMENT,2026-08-08T19:16:24+00:00,UNALLOCATED,,,,,
SLCMP700-4464,4464,4465,317476157,2^317476157-1,STRUCTURAL_SCREEN_EXHAUSTED_PRIMALITY_UNASSIGNED,GF3A_DIRECTIONAL_WRITE_EXHAUSTED_PRIMALITY_UNASSIGNED,513,512,512,NO_RECORDED_FACTOR_PRP_OR_LL_RESULT_AND_NO_ACTIVE_GIMPS_ASSIGNMENT,2026-08-08T19:16:24+00:00,UNALLOCATED,,,,,
SLCMP700-4465,4465,4466,317476171,2^317476171-1,STRUCTURAL_SCREEN_EXHAUSTED_PRIMALITY_UNASSIGNED,GF3A_DIRECTIONAL_WRITE_EXHAUSTED_PRIMALITY_UNASSIGNED,514,512,512,NO_RECORDED_FACTOR_PRP_OR_LL_RESULT_AND_NO_ACTIVE_GIMPS_ASSIGNMENT,2026-08-08T19:16:24+00:00,UNALLOCATED,,,,,
SLCMP700-4466,4466,4467,317476231,2^317476231-1,STRUCTURAL_SCREEN_EXHAUSTED_PRIMALITY_UNASSIGNED,GF3A_DIRECTIONAL_WRITE_EXHAUSTED_PRIMALITY_UNASSIGNED,514,512,512,NO_RECORDED_FACTOR_PRP_OR_LL_RESULT_AND_NO_ACTIVE_GIMPS_ASSIGNMENT,2026-08-08T19:16:24+00:00,UNALLOCATED,,,,,
SLCMP700-4467,4467,4468,317476249,2^317476249-1,STRUCTURAL_SCREEN_EXHAUSTED_PRIMALITY_UNASSIGNED,GF3A_DIRECTIONAL_WRITE_EXHAUSTED_PRIMALITY_UNASSIGNED,513,512,512,NO_RECORDED_FACTOR_PRP_OR_LL_RESULT_AND_NO_ACTIVE_GIMPS_ASSIGNMENT,2026-08-08T19:16:24+00:00,UNALLOCATED,,,,,
SLCMP700-4468,4468,4469,317476283,2^317476283-1,STRUCTURAL_SCREEN_EXHAUSTED_PRIMALITY_UNASSIGNED,GF3A_DIRECTIONAL_WRITE_EXHAUSTED_PRIMALITY_UNASSIGNED,514,512,512,NO_RECORDED_FACTOR_PRP_OR_LL_RESULT_AND_NO_ACTIVE_GIMPS_ASSIGNMENT,2026-08-08T19:16:24+00:00,UNALLOCATED,,,,,
SLCMP700-4469,4469,4470,317476421,2^317476421-1,STRUCTURAL_SCREEN_EXHAUSTED_PRIMALITY_UNASSIGNED,GF3A_DIRECTIONAL_WRITE_EXHAUSTED_PRIMALITY_UNASSIGNED,513,512,512,NO_RECORDED_FACTOR_PRP_OR_LL_RESULT_AND_NO_ACTIVE_GIMPS_ASSIGNMENT,2026-08-08T19:16:24+00:00,UNALLOCATED,,,,,
SLCMP700-4470,4470,4471,317476483,2^317476483-1,STRUCTURAL_SCREEN_EXHAUSTED_PRIMALITY_UNASSIGNED,GF3A_DIRECTIONAL_WRITE_EXHAUSTED_PRIMALITY_UNASSIGNED,514,512,512,NO_RECORDED_FACTOR_PRP_OR_LL_RESULT_AND_NO_ACTIVE_GIMPS_ASSIGNMENT,2026-08-08T19:16:24+00:00,UNALLOCATED,,,,,
SLCMP700-4471,4471,4472,317476499,2^317476499-1,STRUCTURAL_SCREEN_EXHAUSTED_PRIMALITY_UNASSIGNED,GF3A_DIRECTIONAL_WRITE_EXHAUSTED_PRIMALITY_UNASSIGNED,514,512,512,NO_RECORDED_FACTOR_PRP_OR_LL_RESULT_AND_NO_ACTIVE_GIMPS_ASSIGNMENT,2026-08-08T19:16:24+00:00,UNALLOCATED,,,,,
SLCMP700-4472,4472,4473,317476501,2^317476501-1,STRUCTURAL_SCREEN_EXHAUSTED_PRIMALITY_UNASSIGNED,GF3A_DIRECTIONAL_WRITE_EXHAUSTED_PRIMALITY_UNASSIGNED,513,512,512,NO_RECORDED_FACTOR_PRP_OR_LL_RESULT_AND_NO_ACTIVE_GIMPS_ASSIGNMENT,2026-08-08T19:16:24+00:00,UNALLOCATED,,,,,
SLCMP700-4473,4473,4474,317476531,2^317476531-1,STRUCTURAL_SCREEN_EXHAUSTED_PRIMALITY_UNASSIGNED,GF3A_DIRECTIONAL_WRITE_EXHAUSTED_PRIMALITY_UNASSIGNED,514,512,512,NO_RECORDED_FACTOR_PRP_OR_LL_RESULT_AND_NO_ACTIVE_GIMPS_ASSIGNMENT,2026-08-08T19:16:24+00:00,UNALLOCATED,,,,,
SLCMP700-4474,4474,4475,317476603,2^317476603-1,STRUCTURAL_SCREEN_EXHAUSTED_PRIMALITY_UNASSIGNED,GF3A_DIRECTIONAL_WRITE_EXHAUSTED_PRIMALITY_UNASSIGNED,514,512,512,NO_RECORDED_FACTOR_PRP_OR_LL_RESULT_AND_NO_ACTIVE_GIMPS_ASSIGNMENT,2026-08-08T19:16:24+00:00,UNALLOCATED,,,,,
SLCMP700-4475,4475,4476,317476693,2^317476693-1,STRUCTURAL_SCREEN_EXHAUSTED_PRIMALITY_UNASSIGNED,GF3A_DIRECTIONAL_WRITE_EXHAUSTED_PRIMALITY_UNASSIGNED,513,512,512,NO_RECORDED_FACTOR_PRP_OR_LL_RESULT_AND_NO_ACTIVE_GIMPS_ASSIGNMENT,2026-08-08T19:16:24+00:00,UNALLOCATED,,,,,
SLCMP700-4476,4476,4477,317476763,2^317476763-1,STRUCTURAL_SCREEN_EXHAUSTED_PRIMALITY_UNASSIGNED,GF3A_DIRECTIONAL_WRITE_EXHAUSTED_PRIMALITY_UNASSIGNED,514,512,512,NO_RECORDED_FACTOR_PRP_OR_LL_RESULT_AND_NO_ACTIVE_GIMPS_ASSIGNMENT,2026-08-08T19:16:24+00:00,UNALLOCATED,,,,,
SLCMP700-4477,4477,4478,317476769,2^317476769-1,STRUCTURAL_SCREEN_EXHAUSTED_PRIMALITY_UNASSIGNED,GF3A_DIRECTIONAL_WRITE_EXHAUSTED_PRIMALITY_UNASSIGNED,513,512,512,NO_RECORDED_FACTOR_PRP_OR_LL_RESULT_AND_NO_ACTIVE_GIMPS_ASSIGNMENT,2026-08-08T19:16:24+00:00,UNALLOCATED,,,,,
SLCMP700-4478,4478,4479,317476793,2^317476793-1,STRUCTURAL_SCREEN_EXHAUSTED_PRIMALITY_UNASSIGNED,GF3A_DIRECTIONAL_WRITE_EXHAUSTED_PRIMALITY_UNASSIGNED,513,512,512,NO_RECORDED_FACTOR_PRP_OR_LL_RESULT_AND_NO_ACTIVE_GIMPS_ASSIGNMENT,2026-08-08T19:16:24+00:00,UNALLOCATED,,,,,
SLCMP700-4479,4479,4480,317476799,2^317476799-1,STRUCTURAL_SCREEN_EXHAUSTED_PRIMALITY_UNASSIGNED,GF3A_DIRECTIONAL_WRITE_EXHAUSTED_PRIMALITY_UNASSIGNED,514,512,512,NO_RECORDED_FACTOR_PRP_OR_LL_RESULT_AND_NO_ACTIVE_GIMPS_ASSIGNMENT,2026-08-08T19:16:24+00:00,UNALLOCATED,,,,,
SLCMP700-4480,4480,4481,317476883,2^317476883-1,STRUCTURAL_SCREEN_EXHAUSTED_PRIMALITY_UNASSIGNED,GF3A_DIRECTIONAL_WRITE_EXHAUSTED_PRIMALITY_UNASSIGNED,514,512,512,NO_RECORDED_FACTOR_PRP_OR_LL_RESULT_AND_NO_ACTIVE_GIMPS_ASSIGNMENT,2026-08-08T19:16:24+00:00,UNALLOCATED,,,,,
SLCMP700-4481,4481,4482,317476919,2^317476919-1,STRUCTURAL_SCREEN_EXHAUSTED_PRIMALITY_UNASSIGNED,GF3A_DIRECTIONAL_WRITE_EXHAUSTED_PRIMALITY_UNASSIGNED,514,512,512,NO_RECORDED_FACTOR_PRP_OR_LL_RESULT_AND_NO_ACTIVE_GIMPS_ASSIGNMENT,2026-08-08T19:16:24+00:00,UNALLOCATED,,,,,
SLCMP700-4482,4482,4483,317476933,2^317476933-1,STRUCTURAL_SCREEN_EXHAUSTED_PRIMALITY_UNASSIGNED,GF3A_DIRECTIONAL_WRITE_EXHAUSTED_PRIMALITY_UNASSIGNED,513,512,512,NO_RECORDED_FACTOR_PRP_OR_LL_RESULT_AND_NO_ACTIVE_GIMPS_ASSIGNMENT,2026-08-08T19:16:24+00:00,UNALLOCATED,,,,,
SLCMP700-4483,4483,4484,317476937,2^317476937-1,STRUCTURAL_SCREEN_EXHAUSTED_PRIMALITY_UNASSIGNED,GF3A_DIRECTIONAL_WRITE_EXHAUSTED_PRIMALITY_UNASSIGNED,513,512,512,NO_RECORDED_FACTOR_PRP_OR_LL_RESULT_AND_NO_ACTIVE_GIMPS_ASSIGNMENT,2026-08-08T19:16:24+00:00,UNALLOCATED,,,,,
SLCMP700-4484,4484,4485,317476961,2^317476961-1,STRUCTURAL_SCREEN_EXHAUSTED_PRIMALITY_UNASSIGNED,GF3A_DIRECTIONAL_WRITE_EXHAUSTED_PRIMALITY_UNASSIGNED,513,512,512,NO_RECORDED_FACTOR_PRP_OR_LL_RESULT_AND_NO_ACTIVE_GIMPS_ASSIGNMENT,2026-08-08T19:16:24+00:00,UNALLOCATED,,,,,
SLCMP700-4485,4485,4486,317476969,2^317476969-1,STRUCTURAL_SCREEN_EXHAUSTED_PRIMALITY_UNASSIGNED,GF3A_DIRECTIONAL_WRITE_EXHAUSTED_PRIMALITY_UNASSIGNED,513,512,512,NO_RECORDED_FACTOR_PRP_OR_LL_RESULT_AND_NO_ACTIVE_GIMPS_ASSIGNMENT,2026-08-08T19:16:24+00:00,UNALLOCATED,,,,,
SLCMP700-4486,4486,4487,317477011,2^317477011-1,STRUCTURAL_SCREEN_EXHAUSTED_PRIMALITY_UNASSIGNED,GF3A_DIRECTIONAL_WRITE_EXHAUSTED_PRIMALITY_UNASSIGNED,514,512,512,NO_RECORDED_FACTOR_PRP_OR_LL_RESULT_AND_NO_ACTIVE_GIMPS_ASSIGNMENT,2026-08-08T19:16:24+00:00,UNALLOCATED,,,,,
SLCMP700-4487,4487,4488,317477033,2^317477033-1,STRUCTURAL_SCREEN_EXHAUSTED_PRIMALITY_UNASSIGNED,GF3A_DIRECTIONAL_WRITE_EXHAUSTED_PRIMALITY_UNASSIGNED,513,512,512,NO_RECORDED_FACTOR_PRP_OR_LL_RESULT_AND_NO_ACTIVE_GIMPS_ASSIGNMENT,2026-08-08T19:16:24+00:00,UNALLOCATED,,,,,
SLCMP700-4488,4488,4489,317477051,2^317477051-1,STRUCTURAL_SCREEN_EXHAUSTED_PRIMALITY_UNASSIGNED,GF3A_DIRECTIONAL_WRITE_EXHAUSTED_PRIMALITY_UNASSIGNED,514,512,512,NO_RECORDED_FACTOR_PRP_OR_LL_RESULT_AND_NO_ACTIVE_GIMPS_ASSIGNMENT,2026-08-08T19:16:24+00:00,UNALLOCATED,,,,,
SLCMP700-4489,4489,4490,317477101,2^317477101-1,STRUCTURAL_SCREEN_EXHAUSTED_PRIMALITY_UNASSIGNED,GF3A_DIRECTIONAL_WRITE_EXHAUSTED_PRIMALITY_UNASSIGNED,513,512,512,NO_RECORDED_FACTOR_PRP_OR_LL_RESULT_AND_NO_ACTIVE_GIMPS_ASSIGNMENT,2026-08-08T19:16:24+00:00,UNALLOCATED,,,,,
SLCMP700-4490,4490,4491,317477113,2^317477113-1,STRUCTURAL_SCREEN_EXHAUSTED_PRIMALITY_UNASSIGNED,GF3A_DIRECTIONAL_WRITE_EXHAUSTED_PRIMALITY_UNASSIGNED,513,512,512,NO_RECORDED_FACTOR_PRP_OR_LL_RESULT_AND_NO_ACTIVE_GIMPS_ASSIGNMENT,2026-08-08T19:16:24+00:00,UNALLOCATED,,,,,
SLCMP700-4491,4491,4492,317477143,2^317477143-1,STRUCTURAL_SCREEN_EXHAUSTED_PRIMALITY_UNASSIGNED,GF3A_DIRECTIONAL_WRITE_EXHAUSTED_PRIMALITY_UNASSIGNED,514,512,512,NO_RECORDED_FACTOR_PRP_OR_LL_RESULT_AND_NO_ACTIVE_GIMPS_ASSIGNMENT,2026-08-08T19:16:24+00:00,UNALLOCATED,,,,,
SLCMP700-4492,4492,4493,317477191,2^317477191-1,STRUCTURAL_SCREEN_EXHAUSTED_PRIMALITY_UNASSIGNED,GF3A_DIRECTIONAL_WRITE_EXHAUSTED_PRIMALITY_UNASSIGNED,514,512,512,NO_RECORDED_FACTOR_PRP_OR_LL_RESULT_AND_NO_ACTIVE_GIMPS_ASSIGNMENT,2026-08-08T19:16:24+00:00,UNALLOCATED,,,,,
SLCMP700-4493,4493,4494,317477233,2^317477233-1,STRUCTURAL_SCREEN_EXHAUSTED_PRIMALITY_UNASSIGNED,GF3A_DIRECTIONAL_WRITE_EXHAUSTED_PRIMALITY_UNASSIGNED,513,512,512,NO_RECORDED_FACTOR_PRP_OR_LL_RESULT_AND_NO_ACTIVE_GIMPS_ASSIGNMENT,2026-08-08T19:16:24+00:00,UNALLOCATED,,,,,
SLCMP700-4494,4494,4495,317477291,2^317477291-1,STRUCTURAL_SCREEN_EXHAUSTED_PRIMALITY_UNASSIGNED,GF3A_DIRECTIONAL_WRITE_EXHAUSTED_PRIMALITY_UNASSIGNED,514,512,512,NO_RECORDED_FACTOR_PRP_OR_LL_RESULT_AND_NO_ACTIVE_GIMPS_ASSIGNMENT,2026-08-08T19:16:24+00:00,UNALLOCATED,,,,,
SLCMP700-4495,4495,4496,317477357,2^317477357-1,STRUCTURAL_SCREEN_EXHAUSTED_PRIMALITY_UNASSIGNED,GF3A_DIRECTIONAL_WRITE_EXHAUSTED_PRIMALITY_UNASSIGNED,513,512,512,NO_RECORDED_FACTOR_PRP_OR_LL_RESULT_AND_NO_ACTIVE_GIMPS_ASSIGNMENT,2026-08-08T19:16:24+00:00,UNALLOCATED,,,,,
SLCMP700-4496,4496,4497,317477477,2^317477477-1,STRUCTURAL_SCREEN_EXHAUSTED_PRIMALITY_UNASSIGNED,GF3A_DIRECTIONAL_WRITE_EXHAUSTED_PRIMALITY_UNASSIGNED,513,512,512,NO_RECORDED_FACTOR_PRP_OR_LL_RESULT_AND_NO_ACTIVE_GIMPS_ASSIGNMENT,2026-08-08T19:16:24+00:00,UNALLOCATED,,,,,
SLCMP700-4497,4497,4498,317477551,2^317477551-1,STRUCTURAL_SCREEN_EXHAUSTED_PRIMALITY_UNASSIGNED,GF3A_DIRECTIONAL_WRITE_EXHAUSTED_PRIMALITY_UNASSIGNED,514,512,512,NO_RECORDED_FACTOR_PRP_OR_LL_RESULT_AND_NO_ACTIVE_GIMPS_ASSIGNMENT,2026-08-08T19:16:24+00:00,UNALLOCATED,,,,,
SLCMP700-4498,4498,4499,317477609,2^317477609-1,STRUCTURAL_SCREEN_EXHAUSTED_PRIMALITY_UNASSIGNED,GF3A_DIRECTIONAL_WRITE_EXHAUSTED_PRIMALITY_UNASSIGNED,513,512,512,NO_RECORDED_FACTOR_PRP_OR_LL_RESULT_AND_NO_ACTIVE_GIMPS_ASSIGNMENT,2026-08-08T19:16:24+00:00,UNALLOCATED,,,,,
SLCMP700-4499,4499,4500,317477647,2^317477647-1,STRUCTURAL_SCREEN_EXHAUSTED_PRIMALITY_UNASSIGNED,GF3A_DIRECTIONAL_WRITE_EXHAUSTED_PRIMALITY_UNASSIGNED,514,512,512,NO_RECORDED_FACTOR_PRP_OR_LL_RESULT_AND_NO_ACTIVE_GIMPS_ASSIGNMENT,2026-08-08T19:16:24+00:00,UNALLOCATED,,,,,
SLCMP700-4500,4500,4501,317477659,2^317477659-1,STRUCTURAL_SCREEN_EXHAUSTED_PRIMALITY_UNASSIGNED,GF3A_DIRECTIONAL_WRITE_EXHAUSTED_PRIMALITY_UNASSIGNED,514,512,512,NO_RECORDED_FACTOR_PRP_OR_LL_RESULT_AND_NO_ACTIVE_GIMPS_ASSIGNMENT,2026-08-08T19:16:24+00:00,UNALLOCATED,,,,,
SLCMP700-4501,4501,4502,317477687,2^317477687-1,STRUCTURAL_SCREEN_EXHAUSTED_PRIMALITY_UNASSIGNED,GF3A_DIRECTIONAL_WRITE_EXHAUSTED_PRIMALITY_UNASSIGNED,514,512,512,NO_RECORDED_FACTOR_PRP_OR_LL_RESULT_AND_NO_ACTIVE_GIMPS_ASSIGNMENT,2026-08-08T19:16:24+00:00,UNALLOCATED,,,,,
SLCMP700-4502,4502,4503,317477833,2^317477833-1,STRUCTURAL_SCREEN_EXHAUSTED_PRIMALITY_UNASSIGNED,GF3A_DIRECTIONAL_WRITE_EXHAUSTED_PRIMALITY_UNASSIGNED,513,512,512,NO_RECORDED_FACTOR_PRP_OR_LL_RESULT_AND_NO_ACTIVE_GIMPS_ASSIGNMENT,2026-08-08T19:16:24+00:00,UNALLOCATED,,,,,
SLCMP700-4503,4503,4504,317477917,2^317477917-1,STRUCTURAL_SCREEN_EXHAUSTED_PRIMALITY_UNASSIGNED,GF3A_DIRECTIONAL_WRITE_EXHAUSTED_PRIMALITY_UNASSIGNED,513,512,512,NO_RECORDED_FACTOR_PRP_OR_LL_RESULT_AND_NO_ACTIVE_GIMPS_ASSIGNMENT,2026-08-08T19:16:24+00:00,UNALLOCATED,,,,,
SLCMP700-4504,4504,4505,317478053,2^317478053-1,STRUCTURAL_SCREEN_EXHAUSTED_PRIMALITY_UNASSIGNED,GF3A_DIRECTIONAL_WRITE_EXHAUSTED_PRIMALITY_UNASSIGNED,513,512,512,NO_RECORDED_FACTOR_PRP_OR_LL_RESULT_AND_NO_ACTIVE_GIMPS_ASSIGNMENT,2026-08-08T19:16:24+00:00,UNALLOCATED,,,,,
SLCMP700-4505,4505,4506,317478079,2^317478079-1,STRUCTURAL_SCREEN_EXHAUSTED_PRIMALITY_UNASSIGNED,GF3A_DIRECTIONAL_WRITE_EXHAUSTED_PRIMALITY_UNASSIGNED,514,512,512,NO_RECORDED_FACTOR_PRP_OR_LL_RESULT_AND_NO_ACTIVE_GIMPS_ASSIGNMENT,2026-08-08T19:16:24+00:00,UNALLOCATED,,,,,
SLCMP700-4506,4506,4507,317478191,2^317478191-1,STRUCTURAL_SCREEN_EXHAUSTED_PRIMALITY_UNASSIGNED,GF3A_DIRECTIONAL_WRITE_EXHAUSTED_PRIMALITY_UNASSIGNED,514,512,512,NO_RECORDED_FACTOR_PRP_OR_LL_RESULT_AND_NO_ACTIVE_GIMPS_ASSIGNMENT,2026-08-08T19:16:24+00:00,UNALLOCATED,,,,,
SLCMP700-4507,4507,4508,317478199,2^317478199-1,STRUCTURAL_SCREEN_EXHAUSTED_PRIMALITY_UNASSIGNED,GF3A_DIRECTIONAL_WRITE_EXHAUSTED_PRIMALITY_UNASSIGNED,514,512,512,NO_RECORDED_FACTOR_PRP_OR_LL_RESULT_AND_NO_ACTIVE_GIMPS_ASSIGNMENT,2026-08-08T19:16:24+00:00,UNALLOCATED,,,,,
SLCMP700-4508,4508,4509,317478263,2^317478263-1,STRUCTURAL_SCREEN_EXHAUSTED_PRIMALITY_UNASSIGNED,GF3A_DIRECTIONAL_WRITE_EXHAUSTED_PRIMALITY_UNASSIGNED,514,512,512,NO_RECORDED_FACTOR_PRP_OR_LL_RESULT_AND_NO_ACTIVE_GIMPS_ASSIGNMENT,2026-08-08T19:16:24+00:00,UNALLOCATED,,,,,
SLCMP700-4509,4509,4510,317478299,2^317478299-1,STRUCTURAL_SCREEN_EXHAUSTED_PRIMALITY_UNASSIGNED,GF3A_DIRECTIONAL_WRITE_EXHAUSTED_PRIMALITY_UNASSIGNED,514,512,512,NO_RECORDED_FACTOR_PRP_OR_LL_RESULT_AND_NO_ACTIVE_GIMPS_ASSIGNMENT,2026-08-08T19:16:24+00:00,UNALLOCATED,,,,,
SLCMP700-4510,4510,4511,317478307,2^317478307-1,STRUCTURAL_SCREEN_EXHAUSTED_PRIMALITY_UNASSIGNED,GF3A_DIRECTIONAL_WRITE_EXHAUSTED_PRIMALITY_UNASSIGNED,514,512,512,NO_RECORDED_FACTOR_PRP_OR_LL_RESULT_AND_NO_ACTIVE_GIMPS_ASSIGNMENT,2026-08-08T19:16:24+00:00,UNALLOCATED,,,,,
SLCMP700-4511,4511,4512,317478379,2^317478379-1,STRUCTURAL_SCREEN_EXHAUSTED_PRIMALITY_UNASSIGNED,GF3A_DIRECTIONAL_WRITE_EXHAUSTED_PRIMALITY_UNASSIGNED,514,512,512,NO_RECORDED_FACTOR_PRP_OR_LL_RESULT_AND_NO_ACTIVE_GIMPS_ASSIGNMENT,2026-08-08T19:16:24+00:00,UNALLOCATED,,,,,
SLCMP700-4512,4512,4513,317478443,2^317478443-1,STRUCTURAL_SCREEN_EXHAUSTED_PRIMALITY_UNASSIGNED,GF3A_DIRECTIONAL_WRITE_EXHAUSTED_PRIMALITY_UNASSIGNED,514,512,512,NO_RECORDED_FACTOR_PRP_OR_LL_RESULT_AND_NO_ACTIVE_GIMPS_ASSIGNMENT,2026-08-08T19:16:24+00:00,UNALLOCATED,,,,,
SLCMP700-4513,4513,4514,317478449,2^317478449-1,STRUCTURAL_SCREEN_EXHAUSTED_PRIMALITY_UNASSIGNED,GF3A_DIRECTIONAL_WRITE_EXHAUSTED_PRIMALITY_UNASSIGNED,513,512,512,NO_RECORDED_FACTOR_PRP_OR_LL_RESULT_AND_NO_ACTIVE_GIMPS_ASSIGNMENT,2026-08-08T19:16:24+00:00,UNALLOCATED,,,,,
SLCMP700-4514,4514,4515,317478493,2^317478493-1,STRUCTURAL_SCREEN_EXHAUSTED_PRIMALITY_UNASSIGNED,GF3A_DIRECTIONAL_WRITE_EXHAUSTED_PRIMALITY_UNASSIGNED,513,512,512,NO_RECORDED_FACTOR_PRP_OR_LL_RESULT_AND_NO_ACTIVE_GIMPS_ASSIGNMENT,2026-08-08T19:16:24+00:00,UNALLOCATED,,,,,
SLCMP700-4515,4515,4516,317478547,2^317478547-1,STRUCTURAL_SCREEN_EXHAUSTED_PRIMALITY_UNASSIGNED,GF3A_DIRECTIONAL_WRITE_EXHAUSTED_PRIMALITY_UNASSIGNED,514,512,512,NO_RECORDED_FACTOR_PRP_OR_LL_RESULT_AND_NO_ACTIVE_GIMPS_ASSIGNMENT,2026-08-08T19:16:24+00:00,UNALLOCATED,,,,,
SLCMP700-4516,4516,4517,317478647,2^317478647-1,STRUCTURAL_SCREEN_EXHAUSTED_PRIMALITY_UNASSIGNED,GF3A_DIRECTIONAL_WRITE_EXHAUSTED_PRIMALITY_UNASSIGNED,514,512,512,NO_RECORDED_FACTOR_PRP_OR_LL_RESULT_AND_NO_ACTIVE_GIMPS_ASSIGNMENT,2026-08-08T19:16:24+00:00,UNALLOCATED,,,,,
SLCMP700-4517,4517,4518,317478803,2^317478803-1,STRUCTURAL_SCREEN_EXHAUSTED_PRIMALITY_UNASSIGNED,GF3A_DIRECTIONAL_WRITE_EXHAUSTED_PRIMALITY_UNASSIGNED,514,512,512,NO_RECORDED_FACTOR_PRP_OR_LL_RESULT_AND_NO_ACTIVE_GIMPS_ASSIGNMENT,2026-08-08T19:16:24+00:00,UNALLOCATED,,,,,
SLCMP700-4518,4518,4519,317478839,2^317478839-1,STRUCTURAL_SCREEN_EXHAUSTED_PRIMALITY_UNASSIGNED,GF3A_DIRECTIONAL_WRITE_EXHAUSTED_PRIMALITY_UNASSIGNED,514,512,512,NO_RECORDED_FACTOR_PRP_OR_LL_RESULT_AND_NO_ACTIVE_GIMPS_ASSIGNMENT,2026-08-08T19:16:24+00:00,UNALLOCATED,,,,,
SLCMP700-4519,4519,4520,317478899,2^317478899-1,STRUCTURAL_SCREEN_EXHAUSTED_PRIMALITY_UNASSIGNED,GF3A_DIRECTIONAL_WRITE_EXHAUSTED_PRIMALITY_UNASSIGNED,514,512,512,NO_RECORDED_FACTOR_PRP_OR_LL_RESULT_AND_NO_ACTIVE_GIMPS_ASSIGNMENT,2026-08-08T19:16:24+00:00,UNALLOCATED,,,,,
SLCMP700-4520,4520,4521,317478989,2^317478989-1,STRUCTURAL_SCREEN_EXHAUSTED_PRIMALITY_UNASSIGNED,GF3A_DIRECTIONAL_WRITE_EXHAUSTED_PRIMALITY_UNASSIGNED,513,512,512,NO_RECORDED_FACTOR_PRP_OR_LL_RESULT_AND_NO_ACTIVE_GIMPS_ASSIGNMENT,2026-08-08T19:16:24+00:00,UNALLOCATED,,,,,
SLCMP700-4521,4521,4522,317479049,2^317479049-1,STRUCTURAL_SCREEN_EXHAUSTED_PRIMALITY_UNASSIGNED,GF3A_DIRECTIONAL_WRITE_EXHAUSTED_PRIMALITY_UNASSIGNED,513,512,512,NO_RECORDED_FACTOR_PRP_OR_LL_RESULT_AND_NO_ACTIVE_GIMPS_ASSIGNMENT,2026-08-08T19:16:24+00:00,UNALLOCATED,,,,,
SLCMP700-4522,4522,4523,317479061,2^317479061-1,STRUCTURAL_SCREEN_EXHAUSTED_PRIMALITY_UNASSIGNED,GF3A_DIRECTIONAL_WRITE_EXHAUSTED_PRIMALITY_UNASSIGNED,513,512,512,NO_RECORDED_FACTOR_PRP_OR_LL_RESULT_AND_NO_ACTIVE_GIMPS_ASSIGNMENT,2026-08-08T19:16:24+00:00,UNALLOCATED,,,,,
SLCMP700-4523,4523,4524,317479171,2^317479171-1,STRUCTURAL_SCREEN_EXHAUSTED_PRIMALITY_UNASSIGNED,GF3A_DIRECTIONAL_WRITE_EXHAUSTED_PRIMALITY_UNASSIGNED,514,512,512,NO_RECORDED_FACTOR_PRP_OR_LL_RESULT_AND_NO_ACTIVE_GIMPS_ASSIGNMENT,2026-08-08T19:16:24+00:00,UNALLOCATED,,,,,
SLCMP700-4524,4524,4525,317479187,2^317479187-1,STRUCTURAL_SCREEN_EXHAUSTED_PRIMALITY_UNASSIGNED,GF3A_DIRECTIONAL_WRITE_EXHAUSTED_PRIMALITY_UNASSIGNED,514,512,512,NO_RECORDED_FACTOR_PRP_OR_LL_RESULT_AND_NO_ACTIVE_GIMPS_ASSIGNMENT,2026-08-08T19:16:24+00:00,UNALLOCATED,,,,,
SLCMP700-4525,4525,4526,317479237,2^317479237-1,STRUCTURAL_SCREEN_EXHAUSTED_PRIMALITY_UNASSIGNED,GF3A_DIRECTIONAL_WRITE_EXHAUSTED_PRIMALITY_UNASSIGNED,513,512,512,NO_RECORDED_FACTOR_PRP_OR_LL_RESULT_AND_NO_ACTIVE_GIMPS_ASSIGNMENT,2026-08-08T19:16:24+00:00,UNALLOCATED,,,,,
SLCMP700-4526,4526,4527,317479361,2^317479361-1,STRUCTURAL_SCREEN_EXHAUSTED_PRIMALITY_UNASSIGNED,GF3A_DIRECTIONAL_WRITE_EXHAUSTED_PRIMALITY_UNASSIGNED,513,512,512,NO_RECORDED_FACTOR_PRP_OR_LL_RESULT_AND_NO_ACTIVE_GIMPS_ASSIGNMENT,2026-08-08T19:16:24+00:00,UNALLOCATED,,,,,
SLCMP700-4527,4527,4528,317479391,2^317479391-1,STRUCTURAL_SCREEN_EXHAUSTED_PRIMALITY_UNASSIGNED,GF3A_DIRECTIONAL_WRITE_EXHAUSTED_PRIMALITY_UNASSIGNED,514,512,512,NO_RECORDED_FACTOR_PRP_OR_LL_RESULT_AND_NO_ACTIVE_GIMPS_ASSIGNMENT,2026-08-08T19:16:24+00:00,UNALLOCATED,,,,,
SLCMP700-4528,4528,4529,317479541,2^317479541-1,STRUCTURAL_SCREEN_EXHAUSTED_PRIMALITY_UNASSIGNED,GF3A_DIRECTIONAL_WRITE_EXHAUSTED_PRIMALITY_UNASSIGNED,513,512,512,NO_RECORDED_FACTOR_PRP_OR_LL_RESULT_AND_NO_ACTIVE_GIMPS_ASSIGNMENT,2026-08-08T19:16:24+00:00,UNALLOCATED,,,,,
SLCMP700-4529,4529,4530,317479571,2^317479571-1,STRUCTURAL_SCREEN_EXHAUSTED_PRIMALITY_UNASSIGNED,GF3A_DIRECTIONAL_WRITE_EXHAUSTED_PRIMALITY_UNASSIGNED,514,512,512,NO_RECORDED_FACTOR_PRP_OR_LL_RESULT_AND_NO_ACTIVE_GIMPS_ASSIGNMENT,2026-08-08T19:16:24+00:00,UNALLOCATED,,,,,
SLCMP700-4530,4530,4531,317479601,2^317479601-1,STRUCTURAL_SCREEN_EXHAUSTED_PRIMALITY_UNASSIGNED,GF3A_DIRECTIONAL_WRITE_EXHAUSTED_PRIMALITY_UNASSIGNED,513,512,512,NO_RECORDED_FACTOR_PRP_OR_LL_RESULT_AND_NO_ACTIVE_GIMPS_ASSIGNMENT,2026-08-08T19:16:24+00:00,UNALLOCATED,,,,,
SLCMP700-4531,4531,4532,317479637,2^317479637-1,STRUCTURAL_SCREEN_EXHAUSTED_PRIMALITY_UNASSIGNED,GF3A_DIRECTIONAL_WRITE_EXHAUSTED_PRIMALITY_UNASSIGNED,513,512,512,NO_RECORDED_FACTOR_PRP_OR_LL_RESULT_AND_NO_ACTIVE_GIMPS_ASSIGNMENT,2026-08-08T19:16:24+00:00,UNALLOCATED,,,,,
SLCMP700-4532,4532,4533,317479727,2^317479727-1,STRUCTURAL_SCREEN_EXHAUSTED_PRIMALITY_UNASSIGNED,GF3A_DIRECTIONAL_WRITE_EXHAUSTED_PRIMALITY_UNASSIGNED,514,512,512,NO_RECORDED_FACTOR_PRP_OR_LL_RESULT_AND_NO_ACTIVE_GIMPS_ASSIGNMENT,2026-08-08T19:16:24+00:00,UNALLOCATED,,,,,
SLCMP700-4533,4533,4534,317479819,2^317479819-1,STRUCTURAL_SCREEN_EXHAUSTED_PRIMALITY_UNASSIGNED,GF3A_DIRECTIONAL_WRITE_EXHAUSTED_PRIMALITY_UNASSIGNED,514,512,512,NO_RECORDED_FACTOR_PRP_OR_LL_RESULT_AND_NO_ACTIVE_GIMPS_ASSIGNMENT,2026-08-08T19:16:24+00:00,UNALLOCATED,,,,,
SLCMP700-4534,4534,4535,317479823,2^317479823-1,STRUCTURAL_SCREEN_EXHAUSTED_PRIMALITY_UNASSIGNED,GF3A_DIRECTIONAL_WRITE_EXHAUSTED_PRIMALITY_UNASSIGNED,514,512,512,NO_RECORDED_FACTOR_PRP_OR_LL_RESULT_AND_NO_ACTIVE_GIMPS_ASSIGNMENT,2026-08-08T19:16:24+00:00,UNALLOCATED,,,,,
SLCMP700-4535,4535,4536,317479861,2^317479861-1,STRUCTURAL_SCREEN_EXHAUSTED_PRIMALITY_UNASSIGNED,GF3A_DIRECTIONAL_WRITE_EXHAUSTED_PRIMALITY_UNASSIGNED,513,512,512,NO_RECORDED_FACTOR_PRP_OR_LL_RESULT_AND_NO_ACTIVE_GIMPS_ASSIGNMENT,2026-08-08T19:16:24+00:00,UNALLOCATED,,,,,
SLCMP700-4536,4536,4537,317480027,2^317480027-1,STRUCTURAL_SCREEN_EXHAUSTED_PRIMALITY_UNASSIGNED,GF3A_DIRECTIONAL_WRITE_EXHAUSTED_PRIMALITY_UNASSIGNED,514,512,512,NO_RECORDED_FACTOR_PRP_OR_LL_RESULT_AND_NO_ACTIVE_GIMPS_ASSIGNMENT,2026-08-08T19:16:24+00:00,UNALLOCATED,,,,,
SLCMP700-4537,4537,4538,317480077,2^317480077-1,STRUCTURAL_SCREEN_EXHAUSTED_PRIMALITY_UNASSIGNED,GF3A_DIRECTIONAL_WRITE_EXHAUSTED_PRIMALITY_UNASSIGNED,513,512,512,NO_RECORDED_FACTOR_PRP_OR_LL_RESULT_AND_NO_ACTIVE_GIMPS_ASSIGNMENT,2026-08-08T19:16:24+00:00,UNALLOCATED,,,,,
SLCMP700-4538,4538,4539,317480087,2^317480087-1,STRUCTURAL_SCREEN_EXHAUSTED_PRIMALITY_UNASSIGNED,GF3A_DIRECTIONAL_WRITE_EXHAUSTED_PRIMALITY_UNASSIGNED,514,512,512,NO_RECORDED_FACTOR_PRP_OR_LL_RESULT_AND_NO_ACTIVE_GIMPS_ASSIGNMENT,2026-08-08T19:16:24+00:00,UNALLOCATED,,,,,
SLCMP700-4539,4539,4540,317480129,2^317480129-1,STRUCTURAL_SCREEN_EXHAUSTED_PRIMALITY_UNASSIGNED,GF3A_DIRECTIONAL_WRITE_EXHAUSTED_PRIMALITY_UNASSIGNED,513,512,512,NO_RECORDED_FACTOR_PRP_OR_LL_RESULT_AND_NO_ACTIVE_GIMPS_ASSIGNMENT,2026-08-08T19:16:24+00:00,UNALLOCATED,,,,,
SLCMP700-4540,4540,4541,317480171,2^317480171-1,STRUCTURAL_SCREEN_EXHAUSTED_PRIMALITY_UNASSIGNED,GF3A_DIRECTIONAL_WRITE_EXHAUSTED_PRIMALITY_UNASSIGNED,514,512,512,NO_RECORDED_FACTOR_PRP_OR_LL_RESULT_AND_NO_ACTIVE_GIMPS_ASSIGNMENT,2026-08-08T19:16:24+00:00,UNALLOCATED,,,,,
SLCMP700-4541,4541,4542,317480213,2^317480213-1,STRUCTURAL_SCREEN_EXHAUSTED_PRIMALITY_UNASSIGNED,GF3A_DIRECTIONAL_WRITE_EXHAUSTED_PRIMALITY_UNASSIGNED,513,512,512,NO_RECORDED_FACTOR_PRP_OR_LL_RESULT_AND_NO_ACTIVE_GIMPS_ASSIGNMENT,2026-08-08T19:16:24+00:00,UNALLOCATED,,,,,
SLCMP700-4542,4542,4543,317480243,2^317480243-1,STRUCTURAL_SCREEN_EXHAUSTED_PRIMALITY_UNASSIGNED,GF3A_DIRECTIONAL_WRITE_EXHAUSTED_PRIMALITY_UNASSIGNED,514,512,512,NO_RECORDED_FACTOR_PRP_OR_LL_RESULT_AND_NO_ACTIVE_GIMPS_ASSIGNMENT,2026-08-08T19:16:24+00:00,UNALLOCATED,,,,,
SLCMP700-4543,4543,4544,317480311,2^317480311-1,STRUCTURAL_SCREEN_EXHAUSTED_PRIMALITY_UNASSIGNED,GF3A_DIRECTIONAL_WRITE_EXHAUSTED_PRIMALITY_UNASSIGNED,514,512,512,NO_RECORDED_FACTOR_PRP_OR_LL_RESULT_AND_NO_ACTIVE_GIMPS_ASSIGNMENT,2026-08-08T19:16:24+00:00,UNALLOCATED,,,,,
SLCMP700-4544,4544,4545,317480353,2^317480353-1,STRUCTURAL_SCREEN_EXHAUSTED_PRIMALITY_UNASSIGNED,GF3A_DIRECTIONAL_WRITE_EXHAUSTED_PRIMALITY_UNASSIGNED,513,512,512,NO_RECORDED_FACTOR_PRP_OR_LL_RESULT_AND_NO_ACTIVE_GIMPS_ASSIGNMENT,2026-08-08T19:16:24+00:00,UNALLOCATED,,,,,
SLCMP700-4545,4545,4546,317480411,2^317480411-1,STRUCTURAL_SCREEN_EXHAUSTED_PRIMALITY_UNASSIGNED,GF3A_DIRECTIONAL_WRITE_EXHAUSTED_PRIMALITY_UNASSIGNED,514,512,512,NO_RECORDED_FACTOR_PRP_OR_LL_RESULT_AND_NO_ACTIVE_GIMPS_ASSIGNMENT,2026-08-08T19:16:24+00:00,UNALLOCATED,,,,,
SLCMP700-4546,4546,4547,317480447,2^317480447-1,STRUCTURAL_SCREEN_EXHAUSTED_PRIMALITY_UNASSIGNED,GF3A_DIRECTIONAL_WRITE_EXHAUSTED_PRIMALITY_UNASSIGNED,514,512,512,NO_RECORDED_FACTOR_PRP_OR_LL_RESULT_AND_NO_ACTIVE_GIMPS_ASSIGNMENT,2026-08-08T19:16:24+00:00,UNALLOCATED,,,,,
SLCMP700-4547,4547,4548,317480459,2^317480459-1,STRUCTURAL_SCREEN_EXHAUSTED_PRIMALITY_UNASSIGNED,GF3A_DIRECTIONAL_WRITE_EXHAUSTED_PRIMALITY_UNASSIGNED,514,512,512,NO_RECORDED_FACTOR_PRP_OR_LL_RESULT_AND_NO_ACTIVE_GIMPS_ASSIGNMENT,2026-08-08T19:16:24+00:00,UNALLOCATED,,,,,
SLCMP700-4548,4548,4549,317480483,2^317480483-1,STRUCTURAL_SCREEN_EXHAUSTED_PRIMALITY_UNASSIGNED,GF3A_DIRECTIONAL_WRITE_EXHAUSTED_PRIMALITY_UNASSIGNED,514,512,512,NO_RECORDED_FACTOR_PRP_OR_LL_RESULT_AND_NO_ACTIVE_GIMPS_ASSIGNMENT,2026-08-08T19:16:24+00:00,UNALLOCATED,,,,,
SLCMP700-4549,4549,4550,317480551,2^317480551-1,STRUCTURAL_SCREEN_EXHAUSTED_PRIMALITY_UNASSIGNED,GF3A_DIRECTIONAL_WRITE_EXHAUSTED_PRIMALITY_UNASSIGNED,514,512,512,NO_RECORDED_FACTOR_PRP_OR_LL_RESULT_AND_NO_ACTIVE_GIMPS_ASSIGNMENT,2026-08-08T19:16:24+00:00,UNALLOCATED,,,,,
SLCMP700-4550,4550,4551,317480651,2^317480651-1,STRUCTURAL_SCREEN_EXHAUSTED_PRIMALITY_UNASSIGNED,GF3A_DIRECTIONAL_WRITE_EXHAUSTED_PRIMALITY_UNASSIGNED,514,512,512,NO_RECORDED_FACTOR_PRP_OR_LL_RESULT_AND_NO_ACTIVE_GIMPS_ASSIGNMENT,2026-08-08T19:16:24+00:00,UNALLOCATED,,,,,
SLCMP700-4551,4551,4552,317480677,2^317480677-1,STRUCTURAL_SCREEN_EXHAUSTED_PRIMALITY_UNASSIGNED,GF3A_DIRECTIONAL_WRITE_EXHAUSTED_PRIMALITY_UNASSIGNED,513,512,512,NO_RECORDED_FACTOR_PRP_OR_LL_RESULT_AND_NO_ACTIVE_GIMPS_ASSIGNMENT,2026-08-08T19:16:24+00:00,UNALLOCATED,,,,,
SLCMP700-4552,4552,4553,317480963,2^317480963-1,STRUCTURAL_SCREEN_EXHAUSTED_PRIMALITY_UNASSIGNED,GF3A_DIRECTIONAL_WRITE_EXHAUSTED_PRIMALITY_UNASSIGNED,514,512,512,NO_RECORDED_FACTOR_PRP_OR_LL_RESULT_AND_NO_ACTIVE_GIMPS_ASSIGNMENT,2026-08-08T19:16:24+00:00,UNALLOCATED,,,,,
SLCMP700-4553,4553,4554,317480987,2^317480987-1,STRUCTURAL_SCREEN_EXHAUSTED_PRIMALITY_UNASSIGNED,GF3A_DIRECTIONAL_WRITE_EXHAUSTED_PRIMALITY_UNASSIGNED,514,512,512,NO_RECORDED_FACTOR_PRP_OR_LL_RESULT_AND_NO_ACTIVE_GIMPS_ASSIGNMENT,2026-08-08T19:16:24+00:00,UNALLOCATED,,,,,
SLCMP700-4554,4554,4555,317481061,2^317481061-1,STRUCTURAL_SCREEN_EXHAUSTED_PRIMALITY_UNASSIGNED,GF3A_DIRECTIONAL_WRITE_EXHAUSTED_PRIMALITY_UNASSIGNED,513,512,512,NO_RECORDED_FACTOR_PRP_OR_LL_RESULT_AND_NO_ACTIVE_GIMPS_ASSIGNMENT,2026-08-08T19:16:24+00:00,UNALLOCATED,,,,,
SLCMP700-4555,4555,4556,317481119,2^317481119-1,STRUCTURAL_SCREEN_EXHAUSTED_PRIMALITY_UNASSIGNED,GF3A_DIRECTIONAL_WRITE_EXHAUSTED_PRIMALITY_UNASSIGNED,514,512,512,NO_RECORDED_FACTOR_PRP_OR_LL_RESULT_AND_NO_ACTIVE_GIMPS_ASSIGNMENT,2026-08-08T19:16:24+00:00,UNALLOCATED,,,,,
SLCMP700-4556,4556,4557,317481179,2^317481179-1,STRUCTURAL_SCREEN_EXHAUSTED_PRIMALITY_UNASSIGNED,GF3A_DIRECTIONAL_WRITE_EXHAUSTED_PRIMALITY_UNASSIGNED,514,512,512,NO_RECORDED_FACTOR_PRP_OR_LL_RESULT_AND_NO_ACTIVE_GIMPS_ASSIGNMENT,2026-08-08T19:16:24+00:00,UNALLOCATED,,,,,
SLCMP700-4557,4557,4558,317481223,2^317481223-1,STRUCTURAL_SCREEN_EXHAUSTED_PRIMALITY_UNASSIGNED,GF3A_DIRECTIONAL_WRITE_EXHAUSTED_PRIMALITY_UNASSIGNED,514,512,512,NO_RECORDED_FACTOR_PRP_OR_LL_RESULT_AND_NO_ACTIVE_GIMPS_ASSIGNMENT,2026-08-08T19:16:24+00:00,UNALLOCATED,,,,,
SLCMP700-4558,4558,4559,317481313,2^317481313-1,STRUCTURAL_SCREEN_EXHAUSTED_PRIMALITY_UNASSIGNED,GF3A_DIRECTIONAL_WRITE_EXHAUSTED_PRIMALITY_UNASSIGNED,513,512,512,NO_RECORDED_FACTOR_PRP_OR_LL_RESULT_AND_NO_ACTIVE_GIMPS_ASSIGNMENT,2026-08-08T19:16:24+00:00,UNALLOCATED,,,,,
SLCMP700-4559,4559,4560,317481319,2^317481319-1,STRUCTURAL_SCREEN_EXHAUSTED_PRIMALITY_UNASSIGNED,GF3A_DIRECTIONAL_WRITE_EXHAUSTED_PRIMALITY_UNASSIGNED,514,512,512,NO_RECORDED_FACTOR_PRP_OR_LL_RESULT_AND_NO_ACTIVE_GIMPS_ASSIGNMENT,2026-08-08T19:16:24+00:00,UNALLOCATED,,,,,
SLCMP700-4560,4560,4561,317481347,2^317481347-1,STRUCTURAL_SCREEN_EXHAUSTED_PRIMALITY_UNASSIGNED,GF3A_DIRECTIONAL_WRITE_EXHAUSTED_PRIMALITY_UNASSIGNED,514,512,512,NO_RECORDED_FACTOR_PRP_OR_LL_RESULT_AND_NO_ACTIVE_GIMPS_ASSIGNMENT,2026-08-08T19:16:24+00:00,UNALLOCATED,,,,,
SLCMP700-4561,4561,4562,317481379,2^317481379-1,STRUCTURAL_SCREEN_EXHAUSTED_PRIMALITY_UNASSIGNED,GF3A_DIRECTIONAL_WRITE_EXHAUSTED_PRIMALITY_UNASSIGNED,514,512,512,NO_RECORDED_FACTOR_PRP_OR_LL_RESULT_AND_NO_ACTIVE_GIMPS_ASSIGNMENT,2026-08-08T19:16:24+00:00,UNALLOCATED,,,,,
SLCMP700-4562,4562,4563,317481413,2^317481413-1,STRUCTURAL_SCREEN_EXHAUSTED_PRIMALITY_UNASSIGNED,GF3A_DIRECTIONAL_WRITE_EXHAUSTED_PRIMALITY_UNASSIGNED,513,512,512,NO_RECORDED_FACTOR_PRP_OR_LL_RESULT_AND_NO_ACTIVE_GIMPS_ASSIGNMENT,2026-08-08T19:16:24+00:00,UNALLOCATED,,,,,
SLCMP700-4563,4563,4564,317481449,2^317481449-1,STRUCTURAL_SCREEN_EXHAUSTED_PRIMALITY_UNASSIGNED,GF3A_DIRECTIONAL_WRITE_EXHAUSTED_PRIMALITY_UNASSIGNED,513,512,512,NO_RECORDED_FACTOR_PRP_OR_LL_RESULT_AND_NO_ACTIVE_GIMPS_ASSIGNMENT,2026-08-08T19:16:24+00:00,UNALLOCATED,,,,,
SLCMP700-4564,4564,4565,317481641,2^317481641-1,STRUCTURAL_SCREEN_EXHAUSTED_PRIMALITY_UNASSIGNED,GF3A_DIRECTIONAL_WRITE_EXHAUSTED_PRIMALITY_UNASSIGNED,513,512,512,NO_RECORDED_FACTOR_PRP_OR_LL_RESULT_AND_NO_ACTIVE_GIMPS_ASSIGNMENT,2026-08-08T19:16:24+00:00,UNALLOCATED,,,,,
SLCMP700-4565,4565,4566,317481643,2^317481643-1,STRUCTURAL_SCREEN_EXHAUSTED_PRIMALITY_UNASSIGNED,GF3A_DIRECTIONAL_WRITE_EXHAUSTED_PRIMALITY_UNASSIGNED,514,512,512,NO_RECORDED_FACTOR_PRP_OR_LL_RESULT_AND_NO_ACTIVE_GIMPS_ASSIGNMENT,2026-08-08T19:16:24+00:00,UNALLOCATED,,,,,
SLCMP700-4566,4566,4567,317481653,2^317481653-1,STRUCTURAL_SCREEN_EXHAUSTED_PRIMALITY_UNASSIGNED,GF3A_DIRECTIONAL_WRITE_EXHAUSTED_PRIMALITY_UNASSIGNED,513,512,512,NO_RECORDED_FACTOR_PRP_OR_LL_RESULT_AND_NO_ACTIVE_GIMPS_ASSIGNMENT,2026-08-08T19:16:24+00:00,UNALLOCATED,,,,,
SLCMP700-4567,4567,4568,317481677,2^317481677-1,STRUCTURAL_SCREEN_EXHAUSTED_PRIMALITY_UNASSIGNED,GF3A_DIRECTIONAL_WRITE_EXHAUSTED_PRIMALITY_UNASSIGNED,513,512,512,NO_RECORDED_FACTOR_PRP_OR_LL_RESULT_AND_NO_ACTIVE_GIMPS_ASSIGNMENT,2026-08-08T19:16:24+00:00,UNALLOCATED,,,,,
SLCMP700-4568,4568,4569,317481701,2^317481701-1,STRUCTURAL_SCREEN_EXHAUSTED_PRIMALITY_UNASSIGNED,GF3A_DIRECTIONAL_WRITE_EXHAUSTED_PRIMALITY_UNASSIGNED,513,512,512,NO_RECORDED_FACTOR_PRP_OR_LL_RESULT_AND_NO_ACTIVE_GIMPS_ASSIGNMENT,2026-08-08T19:16:24+00:00,UNALLOCATED,,,,,
SLCMP700-4569,4569,4570,317481799,2^317481799-1,STRUCTURAL_SCREEN_EXHAUSTED_PRIMALITY_UNASSIGNED,GF3A_DIRECTIONAL_WRITE_EXHAUSTED_PRIMALITY_UNASSIGNED,514,512,512,NO_RECORDED_FACTOR_PRP_OR_LL_RESULT_AND_NO_ACTIVE_GIMPS_ASSIGNMENT,2026-08-08T19:16:24+00:00,UNALLOCATED,,,,,
SLCMP700-4570,4570,4571,317481883,2^317481883-1,STRUCTURAL_SCREEN_EXHAUSTED_PRIMALITY_UNASSIGNED,GF3A_DIRECTIONAL_WRITE_EXHAUSTED_PRIMALITY_UNASSIGNED,514,512,512,NO_RECORDED_FACTOR_PRP_OR_LL_RESULT_AND_NO_ACTIVE_GIMPS_ASSIGNMENT,2026-08-08T19:16:24+00:00,UNALLOCATED,,,,,
SLCMP700-4571,4571,4572,317482007,2^317482007-1,STRUCTURAL_SCREEN_EXHAUSTED_PRIMALITY_UNASSIGNED,GF3A_DIRECTIONAL_WRITE_EXHAUSTED_PRIMALITY_UNASSIGNED,514,512,512,NO_RECORDED_FACTOR_PRP_OR_LL_RESULT_AND_NO_ACTIVE_GIMPS_ASSIGNMENT,2026-08-08T19:16:24+00:00,UNALLOCATED,,,,,
SLCMP700-4572,4572,4573,317482049,2^317482049-1,STRUCTURAL_SCREEN_EXHAUSTED_PRIMALITY_UNASSIGNED,GF3A_DIRECTIONAL_WRITE_EXHAUSTED_PRIMALITY_UNASSIGNED,513,512,512,NO_RECORDED_FACTOR_PRP_OR_LL_RESULT_AND_NO_ACTIVE_GIMPS_ASSIGNMENT,2026-08-08T19:16:24+00:00,UNALLOCATED,,,,,
SLCMP700-4573,4573,4574,317482141,2^317482141-1,STRUCTURAL_SCREEN_EXHAUSTED_PRIMALITY_UNASSIGNED,GF3A_DIRECTIONAL_WRITE_EXHAUSTED_PRIMALITY_UNASSIGNED,513,512,512,NO_RECORDED_FACTOR_PRP_OR_LL_RESULT_AND_NO_ACTIVE_GIMPS_ASSIGNMENT,2026-08-08T19:16:24+00:00,UNALLOCATED,,,,,
SLCMP700-4574,4574,4575,317482177,2^317482177-1,STRUCTURAL_SCREEN_EXHAUSTED_PRIMALITY_UNASSIGNED,GF3A_DIRECTIONAL_WRITE_EXHAUSTED_PRIMALITY_UNASSIGNED,513,512,512,NO_RECORDED_FACTOR_PRP_OR_LL_RESULT_AND_NO_ACTIVE_GIMPS_ASSIGNMENT,2026-08-08T19:16:24+00:00,UNALLOCATED,,,,,
SLCMP700-4575,4575,4576,317482213,2^317482213-1,STRUCTURAL_SCREEN_EXHAUSTED_PRIMALITY_UNASSIGNED,GF3A_DIRECTIONAL_WRITE_EXHAUSTED_PRIMALITY_UNASSIGNED,513,512,512,NO_RECORDED_FACTOR_PRP_OR_LL_RESULT_AND_NO_ACTIVE_GIMPS_ASSIGNMENT,2026-08-08T19:16:24+00:00,UNALLOCATED,,,,,
SLCMP700-4576,4576,4577,317482223,2^317482223-1,STRUCTURAL_SCREEN_EXHAUSTED_PRIMALITY_UNASSIGNED,GF3A_DIRECTIONAL_WRITE_EXHAUSTED_PRIMALITY_UNASSIGNED,514,512,512,NO_RECORDED_FACTOR_PRP_OR_LL_RESULT_AND_NO_ACTIVE_GIMPS_ASSIGNMENT,2026-08-08T19:16:24+00:00,UNALLOCATED,,,,,
SLCMP700-4577,4577,4578,317482241,2^317482241-1,STRUCTURAL_SCREEN_EXHAUSTED_PRIMALITY_UNASSIGNED,GF3A_DIRECTIONAL_WRITE_EXHAUSTED_PRIMALITY_UNASSIGNED,513,512,512,NO_RECORDED_FACTOR_PRP_OR_LL_RESULT_AND_NO_ACTIVE_GIMPS_ASSIGNMENT,2026-08-08T19:16:24+00:00,UNALLOCATED,,,,,
SLCMP700-4578,4578,4579,317482279,2^317482279-1,STRUCTURAL_SCREEN_EXHAUSTED_PRIMALITY_UNASSIGNED,GF3A_DIRECTIONAL_WRITE_EXHAUSTED_PRIMALITY_UNASSIGNED,514,512,512,NO_RECORDED_FACTOR_PRP_OR_LL_RESULT_AND_NO_ACTIVE_GIMPS_ASSIGNMENT,2026-08-08T19:16:24+00:00,UNALLOCATED,,,,,
SLCMP700-4579,4579,4580,317482331,2^317482331-1,STRUCTURAL_SCREEN_EXHAUSTED_PRIMALITY_UNASSIGNED,GF3A_DIRECTIONAL_WRITE_EXHAUSTED_PRIMALITY_UNASSIGNED,514,512,512,NO_RECORDED_FACTOR_PRP_OR_LL_RESULT_AND_NO_ACTIVE_GIMPS_ASSIGNMENT,2026-08-08T19:16:24+00:00,UNALLOCATED,,,,,
SLCMP700-4580,4580,4581,317482357,2^317482357-1,STRUCTURAL_SCREEN_EXHAUSTED_PRIMALITY_UNASSIGNED,GF3A_DIRECTIONAL_WRITE_EXHAUSTED_PRIMALITY_UNASSIGNED,513,512,512,NO_RECORDED_FACTOR_PRP_OR_LL_RESULT_AND_NO_ACTIVE_GIMPS_ASSIGNMENT,2026-08-08T19:16:24+00:00,UNALLOCATED,,,,,
SLCMP700-4581,4581,4582,317482367,2^317482367-1,STRUCTURAL_SCREEN_EXHAUSTED_PRIMALITY_UNASSIGNED,GF3A_DIRECTIONAL_WRITE_EXHAUSTED_PRIMALITY_UNASSIGNED,514,512,512,NO_RECORDED_FACTOR_PRP_OR_LL_RESULT_AND_NO_ACTIVE_GIMPS_ASSIGNMENT,2026-08-08T19:16:24+00:00,UNALLOCATED,,,,,
SLCMP700-4582,4582,4583,317482391,2^317482391-1,STRUCTURAL_SCREEN_EXHAUSTED_PRIMALITY_UNASSIGNED,GF3A_DIRECTIONAL_WRITE_EXHAUSTED_PRIMALITY_UNASSIGNED,514,512,512,NO_RECORDED_FACTOR_PRP_OR_LL_RESULT_AND_NO_ACTIVE_GIMPS_ASSIGNMENT,2026-08-08T19:16:24+00:00,UNALLOCATED,,,,,
SLCMP700-4583,4583,4584,317482489,2^317482489-1,STRUCTURAL_SCREEN_EXHAUSTED_PRIMALITY_UNASSIGNED,GF3A_DIRECTIONAL_WRITE_EXHAUSTED_PRIMALITY_UNASSIGNED,513,512,512,NO_RECORDED_FACTOR_PRP_OR_LL_RESULT_AND_NO_ACTIVE_GIMPS_ASSIGNMENT,2026-08-08T19:16:24+00:00,UNALLOCATED,,,,,
SLCMP700-4584,4584,4585,317482661,2^317482661-1,STRUCTURAL_SCREEN_EXHAUSTED_PRIMALITY_UNASSIGNED,GF3A_DIRECTIONAL_WRITE_EXHAUSTED_PRIMALITY_UNASSIGNED,513,512,512,NO_RECORDED_FACTOR_PRP_OR_LL_RESULT_AND_NO_ACTIVE_GIMPS_ASSIGNMENT,2026-08-08T19:16:24+00:00,UNALLOCATED,,,,,
SLCMP700-4585,4585,4586,317482673,2^317482673-1,STRUCTURAL_SCREEN_EXHAUSTED_PRIMALITY_UNASSIGNED,GF3A_DIRECTIONAL_WRITE_EXHAUSTED_PRIMALITY_UNASSIGNED,513,512,512,NO_RECORDED_FACTOR_PRP_OR_LL_RESULT_AND_NO_ACTIVE_GIMPS_ASSIGNMENT,2026-08-08T19:16:24+00:00,UNALLOCATED,,,,,
SLCMP700-4586,4586,4587,317482699,2^317482699-1,STRUCTURAL_SCREEN_EXHAUSTED_PRIMALITY_UNASSIGNED,GF3A_DIRECTIONAL_WRITE_EXHAUSTED_PRIMALITY_UNASSIGNED,514,512,512,NO_RECORDED_FACTOR_PRP_OR_LL_RESULT_AND_NO_ACTIVE_GIMPS_ASSIGNMENT,2026-08-08T19:16:24+00:00,UNALLOCATED,,,,,
SLCMP700-4587,4587,4588,317482861,2^317482861-1,STRUCTURAL_SCREEN_EXHAUSTED_PRIMALITY_UNASSIGNED,GF3A_DIRECTIONAL_WRITE_EXHAUSTED_PRIMALITY_UNASSIGNED,513,512,512,NO_RECORDED_FACTOR_PRP_OR_LL_RESULT_AND_NO_ACTIVE_GIMPS_ASSIGNMENT,2026-08-08T19:16:24+00:00,UNALLOCATED,,,,,
SLCMP700-4588,4588,4589,317482897,2^317482897-1,STRUCTURAL_SCREEN_EXHAUSTED_PRIMALITY_UNASSIGNED,GF3A_DIRECTIONAL_WRITE_EXHAUSTED_PRIMALITY_UNASSIGNED,513,512,512,NO_RECORDED_FACTOR_PRP_OR_LL_RESULT_AND_NO_ACTIVE_GIMPS_ASSIGNMENT,2026-08-08T19:16:24+00:00,UNALLOCATED,,,,,
SLCMP700-4589,4589,4590,317482933,2^317482933-1,STRUCTURAL_SCREEN_EXHAUSTED_PRIMALITY_UNASSIGNED,GF3A_DIRECTIONAL_WRITE_EXHAUSTED_PRIMALITY_UNASSIGNED,513,512,512,NO_RECORDED_FACTOR_PRP_OR_LL_RESULT_AND_NO_ACTIVE_GIMPS_ASSIGNMENT,2026-08-08T19:16:24+00:00,UNALLOCATED,,,,,
SLCMP700-4590,4590,4591,317482937,2^317482937-1,STRUCTURAL_SCREEN_EXHAUSTED_PRIMALITY_UNASSIGNED,GF3A_DIRECTIONAL_WRITE_EXHAUSTED_PRIMALITY_UNASSIGNED,513,512,512,NO_RECORDED_FACTOR_PRP_OR_LL_RESULT_AND_NO_ACTIVE_GIMPS_ASSIGNMENT,2026-08-08T19:16:24+00:00,UNALLOCATED,,,,,
SLCMP700-4591,4591,4592,317482969,2^317482969-1,STRUCTURAL_SCREEN_EXHAUSTED_PRIMALITY_UNASSIGNED,GF3A_DIRECTIONAL_WRITE_EXHAUSTED_PRIMALITY_UNASSIGNED,513,512,512,NO_RECORDED_FACTOR_PRP_OR_LL_RESULT_AND_NO_ACTIVE_GIMPS_ASSIGNMENT,2026-08-08T19:16:24+00:00,UNALLOCATED,,,,,
SLCMP700-4592,4592,4593,317483009,2^317483009-1,STRUCTURAL_SCREEN_EXHAUSTED_PRIMALITY_UNASSIGNED,GF3A_DIRECTIONAL_WRITE_EXHAUSTED_PRIMALITY_UNASSIGNED,513,512,512,NO_RECORDED_FACTOR_PRP_OR_LL_RESULT_AND_NO_ACTIVE_GIMPS_ASSIGNMENT,2026-08-08T19:16:24+00:00,UNALLOCATED,,,,,
SLCMP700-4593,4593,4594,317483209,2^317483209-1,STRUCTURAL_SCREEN_EXHAUSTED_PRIMALITY_UNASSIGNED,GF3A_DIRECTIONAL_WRITE_EXHAUSTED_PRIMALITY_UNASSIGNED,513,512,512,NO_RECORDED_FACTOR_PRP_OR_LL_RESULT_AND_NO_ACTIVE_GIMPS_ASSIGNMENT,2026-08-08T19:16:24+00:00,UNALLOCATED,,,,,
SLCMP700-4594,4594,4595,317483323,2^317483323-1,STRUCTURAL_SCREEN_EXHAUSTED_PRIMALITY_UNASSIGNED,GF3A_DIRECTIONAL_WRITE_EXHAUSTED_PRIMALITY_UNASSIGNED,514,512,512,NO_RECORDED_FACTOR_PRP_OR_LL_RESULT_AND_NO_ACTIVE_GIMPS_ASSIGNMENT,2026-08-08T19:16:24+00:00,UNALLOCATED,,,,,
SLCMP700-4595,4595,4596,317483371,2^317483371-1,STRUCTURAL_SCREEN_EXHAUSTED_PRIMALITY_UNASSIGNED,GF3A_DIRECTIONAL_WRITE_EXHAUSTED_PRIMALITY_UNASSIGNED,514,512,512,NO_RECORDED_FACTOR_PRP_OR_LL_RESULT_AND_NO_ACTIVE_GIMPS_ASSIGNMENT,2026-08-08T19:16:24+00:00,UNALLOCATED,,,,,
SLCMP700-4596,4596,4597,317483429,2^317483429-1,STRUCTURAL_SCREEN_EXHAUSTED_PRIMALITY_UNASSIGNED,GF3A_DIRECTIONAL_WRITE_EXHAUSTED_PRIMALITY_UNASSIGNED,513,512,512,NO_RECORDED_FACTOR_PRP_OR_LL_RESULT_AND_NO_ACTIVE_GIMPS_ASSIGNMENT,2026-08-08T19:16:24+00:00,UNALLOCATED,,,,,
SLCMP700-4597,4597,4598,317483443,2^317483443-1,STRUCTURAL_SCREEN_EXHAUSTED_PRIMALITY_UNASSIGNED,GF3A_DIRECTIONAL_WRITE_EXHAUSTED_PRIMALITY_UNASSIGNED,514,512,512,NO_RECORDED_FACTOR_PRP_OR_LL_RESULT_AND_NO_ACTIVE_GIMPS_ASSIGNMENT,2026-08-08T19:16:24+00:00,UNALLOCATED,,,,,
SLCMP700-4598,4598,4599,317483461,2^317483461-1,STRUCTURAL_SCREEN_EXHAUSTED_PRIMALITY_UNASSIGNED,GF3A_DIRECTIONAL_WRITE_EXHAUSTED_PRIMALITY_UNASSIGNED,513,512,512,NO_RECORDED_FACTOR_PRP_OR_LL_RESULT_AND_NO_ACTIVE_GIMPS_ASSIGNMENT,2026-08-08T19:16:24+00:00,UNALLOCATED,,,,,
SLCMP700-4599,4599,4600,317483477,2^317483477-1,STRUCTURAL_SCREEN_EXHAUSTED_PRIMALITY_UNASSIGNED,GF3A_DIRECTIONAL_WRITE_EXHAUSTED_PRIMALITY_UNASSIGNED,513,512,512,NO_RECORDED_FACTOR_PRP_OR_LL_RESULT_AND_NO_ACTIVE_GIMPS_ASSIGNMENT,2026-08-08T19:16:24+00:00,UNALLOCATED,,,,,
SLCMP700-4600,4600,4601,317483689,2^317483689-1,STRUCTURAL_SCREEN_EXHAUSTED_PRIMALITY_UNASSIGNED,GF3A_DIRECTIONAL_WRITE_EXHAUSTED_PRIMALITY_UNASSIGNED,513,512,512,NO_RECORDED_FACTOR_PRP_OR_LL_RESULT_AND_NO_ACTIVE_GIMPS_ASSIGNMENT,2026-08-08T19:16:24+00:00,UNALLOCATED,,,,,
SLCMP700-4601,4601,4602,317483707,2^317483707-1,STRUCTURAL_SCREEN_EXHAUSTED_PRIMALITY_UNASSIGNED,GF3A_DIRECTIONAL_WRITE_EXHAUSTED_PRIMALITY_UNASSIGNED,514,512,512,NO_RECORDED_FACTOR_PRP_OR_LL_RESULT_AND_NO_ACTIVE_GIMPS_ASSIGNMENT,2026-08-08T19:16:24+00:00,UNALLOCATED,,,,,
SLCMP700-4602,4602,4603,317483713,2^317483713-1,STRUCTURAL_SCREEN_EXHAUSTED_PRIMALITY_UNASSIGNED,GF3A_DIRECTIONAL_WRITE_EXHAUSTED_PRIMALITY_UNASSIGNED,513,512,512,NO_RECORDED_FACTOR_PRP_OR_LL_RESULT_AND_NO_ACTIVE_GIMPS_ASSIGNMENT,2026-08-08T19:16:24+00:00,UNALLOCATED,,,,,
SLCMP700-4603,4603,4604,317483767,2^317483767-1,STRUCTURAL_SCREEN_EXHAUSTED_PRIMALITY_UNASSIGNED,GF3A_DIRECTIONAL_WRITE_EXHAUSTED_PRIMALITY_UNASSIGNED,514,512,512,NO_RECORDED_FACTOR_PRP_OR_LL_RESULT_AND_NO_ACTIVE_GIMPS_ASSIGNMENT,2026-08-08T19:16:24+00:00,UNALLOCATED,,,,,
SLCMP700-4604,4604,4605,317483773,2^317483773-1,STRUCTURAL_SCREEN_EXHAUSTED_PRIMALITY_UNASSIGNED,GF3A_DIRECTIONAL_WRITE_EXHAUSTED_PRIMALITY_UNASSIGNED,513,512,512,NO_RECORDED_FACTOR_PRP_OR_LL_RESULT_AND_NO_ACTIVE_GIMPS_ASSIGNMENT,2026-08-08T19:16:24+00:00,UNALLOCATED,,,,,
SLCMP700-4605,4605,4606,317483809,2^317483809-1,STRUCTURAL_SCREEN_EXHAUSTED_PRIMALITY_UNASSIGNED,GF3A_DIRECTIONAL_WRITE_EXHAUSTED_PRIMALITY_UNASSIGNED,513,512,512,NO_RECORDED_FACTOR_PRP_OR_LL_RESULT_AND_NO_ACTIVE_GIMPS_ASSIGNMENT,2026-08-08T19:16:24+00:00,UNALLOCATED,,,,,
SLCMP700-4606,4606,4607,317483861,2^317483861-1,STRUCTURAL_SCREEN_EXHAUSTED_PRIMALITY_UNASSIGNED,GF3A_DIRECTIONAL_WRITE_EXHAUSTED_PRIMALITY_UNASSIGNED,513,512,512,NO_RECORDED_FACTOR_PRP_OR_LL_RESULT_AND_NO_ACTIVE_GIMPS_ASSIGNMENT,2026-08-08T19:16:24+00:00,UNALLOCATED,,,,,
SLCMP700-4607,4607,4608,317483917,2^317483917-1,STRUCTURAL_SCREEN_EXHAUSTED_PRIMALITY_UNASSIGNED,GF3A_DIRECTIONAL_WRITE_EXHAUSTED_PRIMALITY_UNASSIGNED,513,512,512,NO_RECORDED_FACTOR_PRP_OR_LL_RESULT_AND_NO_ACTIVE_GIMPS_ASSIGNMENT,2026-08-08T19:16:24+00:00,UNALLOCATED,,,,,
SLCMP700-4608,4608,4609,317483963,2^317483963-1,STRUCTURAL_SCREEN_EXHAUSTED_PRIMALITY_UNASSIGNED,GF3A_DIRECTIONAL_WRITE_EXHAUSTED_PRIMALITY_UNASSIGNED,514,512,512,NO_RECORDED_FACTOR_PRP_OR_LL_RESULT_AND_NO_ACTIVE_GIMPS_ASSIGNMENT,2026-08-08T19:16:24+00:00,UNALLOCATED,,,,,
SLCMP700-4609,4609,4610,317483981,2^317483981-1,STRUCTURAL_SCREEN_EXHAUSTED_PRIMALITY_UNASSIGNED,GF3A_DIRECTIONAL_WRITE_EXHAUSTED_PRIMALITY_UNASSIGNED,513,512,512,NO_RECORDED_FACTOR_PRP_OR_LL_RESULT_AND_NO_ACTIVE_GIMPS_ASSIGNMENT,2026-08-08T19:16:24+00:00,UNALLOCATED,,,,,
SLCMP700-4610,4610,4611,317483983,2^317483983-1,STRUCTURAL_SCREEN_EXHAUSTED_PRIMALITY_UNASSIGNED,GF3A_DIRECTIONAL_WRITE_EXHAUSTED_PRIMALITY_UNASSIGNED,514,512,512,NO_RECORDED_FACTOR_PRP_OR_LL_RESULT_AND_NO_ACTIVE_GIMPS_ASSIGNMENT,2026-08-08T19:16:24+00:00,UNALLOCATED,,,,,
SLCMP700-4611,4611,4612,317484103,2^317484103-1,STRUCTURAL_SCREEN_EXHAUSTED_PRIMALITY_UNASSIGNED,GF3A_DIRECTIONAL_WRITE_EXHAUSTED_PRIMALITY_UNASSIGNED,514,512,512,NO_RECORDED_FACTOR_PRP_OR_LL_RESULT_AND_NO_ACTIVE_GIMPS_ASSIGNMENT,2026-08-08T19:16:24+00:00,UNALLOCATED,,,,,
SLCMP700-4612,4612,4613,317484121,2^317484121-1,STRUCTURAL_SCREEN_EXHAUSTED_PRIMALITY_UNASSIGNED,GF3A_DIRECTIONAL_WRITE_EXHAUSTED_PRIMALITY_UNASSIGNED,513,512,512,NO_RECORDED_FACTOR_PRP_OR_LL_RESULT_AND_NO_ACTIVE_GIMPS_ASSIGNMENT,2026-08-08T19:16:24+00:00,UNALLOCATED,,,,,
SLCMP700-4613,4613,4614,317484229,2^317484229-1,STRUCTURAL_SCREEN_EXHAUSTED_PRIMALITY_UNASSIGNED,GF3A_DIRECTIONAL_WRITE_EXHAUSTED_PRIMALITY_UNASSIGNED,513,512,512,NO_RECORDED_FACTOR_PRP_OR_LL_RESULT_AND_NO_ACTIVE_GIMPS_ASSIGNMENT,2026-08-08T19:16:24+00:00,UNALLOCATED,,,,,
SLCMP700-4614,4614,4615,317484289,2^317484289-1,STRUCTURAL_SCREEN_EXHAUSTED_PRIMALITY_UNASSIGNED,GF3A_DIRECTIONAL_WRITE_EXHAUSTED_PRIMALITY_UNASSIGNED,513,512,512,NO_RECORDED_FACTOR_PRP_OR_LL_RESULT_AND_NO_ACTIVE_GIMPS_ASSIGNMENT,2026-08-08T19:16:24+00:00,UNALLOCATED,,,,,
SLCMP700-4615,4615,4616,317484311,2^317484311-1,STRUCTURAL_SCREEN_EXHAUSTED_PRIMALITY_UNASSIGNED,GF3A_DIRECTIONAL_WRITE_EXHAUSTED_PRIMALITY_UNASSIGNED,514,512,512,NO_RECORDED_FACTOR_PRP_OR_LL_RESULT_AND_NO_ACTIVE_GIMPS_ASSIGNMENT,2026-08-08T19:16:24+00:00,UNALLOCATED,,,,,
SLCMP700-4616,4616,4617,317484329,2^317484329-1,STRUCTURAL_SCREEN_EXHAUSTED_PRIMALITY_UNASSIGNED,GF3A_DIRECTIONAL_WRITE_EXHAUSTED_PRIMALITY_UNASSIGNED,513,512,512,NO_RECORDED_FACTOR_PRP_OR_LL_RESULT_AND_NO_ACTIVE_GIMPS_ASSIGNMENT,2026-08-08T19:16:24+00:00,UNALLOCATED,,,,,
SLCMP700-4617,4617,4618,317484371,2^317484371-1,STRUCTURAL_SCREEN_EXHAUSTED_PRIMALITY_UNASSIGNED,GF3A_DIRECTIONAL_WRITE_EXHAUSTED_PRIMALITY_UNASSIGNED,514,512,512,NO_RECORDED_FACTOR_PRP_OR_LL_RESULT_AND_NO_ACTIVE_GIMPS_ASSIGNMENT,2026-08-08T19:16:24+00:00,UNALLOCATED,,,,,
SLCMP700-4618,4618,4619,317484439,2^317484439-1,STRUCTURAL_SCREEN_EXHAUSTED_PRIMALITY_UNASSIGNED,GF3A_DIRECTIONAL_WRITE_EXHAUSTED_PRIMALITY_UNASSIGNED,514,512,512,NO_RECORDED_FACTOR_PRP_OR_LL_RESULT_AND_NO_ACTIVE_GIMPS_ASSIGNMENT,2026-08-08T19:16:24+00:00,UNALLOCATED,,,,,
SLCMP700-4619,4619,4620,317484451,2^317484451-1,STRUCTURAL_SCREEN_EXHAUSTED_PRIMALITY_UNASSIGNED,GF3A_DIRECTIONAL_WRITE_EXHAUSTED_PRIMALITY_UNASSIGNED,514,512,512,NO_RECORDED_FACTOR_PRP_OR_LL_RESULT_AND_NO_ACTIVE_GIMPS_ASSIGNMENT,2026-08-08T19:16:24+00:00,UNALLOCATED,,,,,
SLCMP700-4620,4620,4621,317484703,2^317484703-1,STRUCTURAL_SCREEN_EXHAUSTED_PRIMALITY_UNASSIGNED,GF3A_DIRECTIONAL_WRITE_EXHAUSTED_PRIMALITY_UNASSIGNED,514,512,512,NO_RECORDED_FACTOR_PRP_OR_LL_RESULT_AND_NO_ACTIVE_GIMPS_ASSIGNMENT,2026-08-08T19:16:24+00:00,UNALLOCATED,,,,,
SLCMP700-4621,4621,4622,317484731,2^317484731-1,STRUCTURAL_SCREEN_EXHAUSTED_PRIMALITY_UNASSIGNED,GF3A_DIRECTIONAL_WRITE_EXHAUSTED_PRIMALITY_UNASSIGNED,514,512,512,NO_RECORDED_FACTOR_PRP_OR_LL_RESULT_AND_NO_ACTIVE_GIMPS_ASSIGNMENT,2026-08-08T19:16:24+00:00,UNALLOCATED,,,,,
SLCMP700-4622,4622,4623,317484743,2^317484743-1,STRUCTURAL_SCREEN_EXHAUSTED_PRIMALITY_UNASSIGNED,GF3A_DIRECTIONAL_WRITE_EXHAUSTED_PRIMALITY_UNASSIGNED,514,512,512,NO_RECORDED_FACTOR_PRP_OR_LL_RESULT_AND_NO_ACTIVE_GIMPS_ASSIGNMENT,2026-08-08T19:16:24+00:00,UNALLOCATED,,,,,
SLCMP700-4623,4623,4624,317484767,2^317484767-1,STRUCTURAL_SCREEN_EXHAUSTED_PRIMALITY_UNASSIGNED,GF3A_DIRECTIONAL_WRITE_EXHAUSTED_PRIMALITY_UNASSIGNED,514,512,512,NO_RECORDED_FACTOR_PRP_OR_LL_RESULT_AND_NO_ACTIVE_GIMPS_ASSIGNMENT,2026-08-08T19:16:24+00:00,UNALLOCATED,,,,,
SLCMP700-4624,4624,4625,317484989,2^317484989-1,STRUCTURAL_SCREEN_EXHAUSTED_PRIMALITY_UNASSIGNED,GF3A_DIRECTIONAL_WRITE_EXHAUSTED_PRIMALITY_UNASSIGNED,513,512,512,NO_RECORDED_FACTOR_PRP_OR_LL_RESULT_AND_NO_ACTIVE_GIMPS_ASSIGNMENT,2026-08-08T19:16:24+00:00,UNALLOCATED,,,,,
SLCMP700-4625,4625,4626,317485009,2^317485009-1,STRUCTURAL_SCREEN_EXHAUSTED_PRIMALITY_UNASSIGNED,GF3A_DIRECTIONAL_WRITE_EXHAUSTED_PRIMALITY_UNASSIGNED,513,512,512,NO_RECORDED_FACTOR_PRP_OR_LL_RESULT_AND_NO_ACTIVE_GIMPS_ASSIGNMENT,2026-08-08T19:16:24+00:00,UNALLOCATED,,,,,
SLCMP700-4626,4626,4627,317485213,2^317485213-1,STRUCTURAL_SCREEN_EXHAUSTED_PRIMALITY_UNASSIGNED,GF3A_DIRECTIONAL_WRITE_EXHAUSTED_PRIMALITY_UNASSIGNED,513,512,512,NO_RECORDED_FACTOR_PRP_OR_LL_RESULT_AND_NO_ACTIVE_GIMPS_ASSIGNMENT,2026-08-08T19:16:24+00:00,UNALLOCATED,,,,,
SLCMP700-4627,4627,4628,317485219,2^317485219-1,STRUCTURAL_SCREEN_EXHAUSTED_PRIMALITY_UNASSIGNED,GF3A_DIRECTIONAL_WRITE_EXHAUSTED_PRIMALITY_UNASSIGNED,514,512,512,NO_RECORDED_FACTOR_PRP_OR_LL_RESULT_AND_NO_ACTIVE_GIMPS_ASSIGNMENT,2026-08-08T19:16:24+00:00,UNALLOCATED,,,,,
SLCMP700-4628,4628,4629,317485247,2^317485247-1,STRUCTURAL_SCREEN_EXHAUSTED_PRIMALITY_UNASSIGNED,GF3A_DIRECTIONAL_WRITE_EXHAUSTED_PRIMALITY_UNASSIGNED,514,512,512,NO_RECORDED_FACTOR_PRP_OR_LL_RESULT_AND_NO_ACTIVE_GIMPS_ASSIGNMENT,2026-08-08T19:16:24+00:00,UNALLOCATED,,,,,
SLCMP700-4629,4629,4630,317485303,2^317485303-1,STRUCTURAL_SCREEN_EXHAUSTED_PRIMALITY_UNASSIGNED,GF3A_DIRECTIONAL_WRITE_EXHAUSTED_PRIMALITY_UNASSIGNED,514,512,512,NO_RECORDED_FACTOR_PRP_OR_LL_RESULT_AND_NO_ACTIVE_GIMPS_ASSIGNMENT,2026-08-08T19:16:24+00:00,UNALLOCATED,,,,,
SLCMP700-4630,4630,4631,317485409,2^317485409-1,STRUCTURAL_SCREEN_EXHAUSTED_PRIMALITY_UNASSIGNED,GF3A_DIRECTIONAL_WRITE_EXHAUSTED_PRIMALITY_UNASSIGNED,513,512,512,NO_RECORDED_FACTOR_PRP_OR_LL_RESULT_AND_NO_ACTIVE_GIMPS_ASSIGNMENT,2026-08-08T19:16:24+00:00,UNALLOCATED,,,,,
SLCMP700-4631,4631,4632,317485643,2^317485643-1,STRUCTURAL_SCREEN_EXHAUSTED_PRIMALITY_UNASSIGNED,GF3A_DIRECTIONAL_WRITE_EXHAUSTED_PRIMALITY_UNASSIGNED,514,512,512,NO_RECORDED_FACTOR_PRP_OR_LL_RESULT_AND_NO_ACTIVE_GIMPS_ASSIGNMENT,2026-08-08T19:16:24+00:00,UNALLOCATED,,,,,
SLCMP700-4632,4632,4633,317485657,2^317485657-1,STRUCTURAL_SCREEN_EXHAUSTED_PRIMALITY_UNASSIGNED,GF3A_DIRECTIONAL_WRITE_EXHAUSTED_PRIMALITY_UNASSIGNED,513,512,512,NO_RECORDED_FACTOR_PRP_OR_LL_RESULT_AND_NO_ACTIVE_GIMPS_ASSIGNMENT,2026-08-08T19:16:24+00:00,UNALLOCATED,,,,,
SLCMP700-4633,4633,4634,317485681,2^317485681-1,STRUCTURAL_SCREEN_EXHAUSTED_PRIMALITY_UNASSIGNED,GF3A_DIRECTIONAL_WRITE_EXHAUSTED_PRIMALITY_UNASSIGNED,513,512,512,NO_RECORDED_FACTOR_PRP_OR_LL_RESULT_AND_NO_ACTIVE_GIMPS_ASSIGNMENT,2026-08-08T19:16:24+00:00,UNALLOCATED,,,,,
SLCMP700-4634,4634,4635,317485697,2^317485697-1,STRUCTURAL_SCREEN_EXHAUSTED_PRIMALITY_UNASSIGNED,GF3A_DIRECTIONAL_WRITE_EXHAUSTED_PRIMALITY_UNASSIGNED,513,512,512,NO_RECORDED_FACTOR_PRP_OR_LL_RESULT_AND_NO_ACTIVE_GIMPS_ASSIGNMENT,2026-08-08T19:16:24+00:00,UNALLOCATED,,,,,
SLCMP700-4635,4635,4636,317485699,2^317485699-1,STRUCTURAL_SCREEN_EXHAUSTED_PRIMALITY_UNASSIGNED,GF3A_DIRECTIONAL_WRITE_EXHAUSTED_PRIMALITY_UNASSIGNED,514,512,512,NO_RECORDED_FACTOR_PRP_OR_LL_RESULT_AND_NO_ACTIVE_GIMPS_ASSIGNMENT,2026-08-08T19:16:24+00:00,UNALLOCATED,,,,,
SLCMP700-4636,4636,4637,317485709,2^317485709-1,STRUCTURAL_SCREEN_EXHAUSTED_PRIMALITY_UNASSIGNED,GF3A_DIRECTIONAL_WRITE_EXHAUSTED_PRIMALITY_UNASSIGNED,513,512,512,NO_RECORDED_FACTOR_PRP_OR_LL_RESULT_AND_NO_ACTIVE_GIMPS_ASSIGNMENT,2026-08-08T19:16:24+00:00,UNALLOCATED,,,,,
SLCMP700-4637,4637,4638,317485759,2^317485759-1,STRUCTURAL_SCREEN_EXHAUSTED_PRIMALITY_UNASSIGNED,GF3A_DIRECTIONAL_WRITE_EXHAUSTED_PRIMALITY_UNASSIGNED,514,512,512,NO_RECORDED_FACTOR_PRP_OR_LL_RESULT_AND_NO_ACTIVE_GIMPS_ASSIGNMENT,2026-08-08T19:16:24+00:00,UNALLOCATED,,,,,
SLCMP700-4638,4638,4639,317485879,2^317485879-1,STRUCTURAL_SCREEN_EXHAUSTED_PRIMALITY_UNASSIGNED,GF3A_DIRECTIONAL_WRITE_EXHAUSTED_PRIMALITY_UNASSIGNED,514,512,512,NO_RECORDED_FACTOR_PRP_OR_LL_RESULT_AND_NO_ACTIVE_GIMPS_ASSIGNMENT,2026-08-08T19:16:24+00:00,UNALLOCATED,,,,,
SLCMP700-4639,4639,4640,317485933,2^317485933-1,STRUCTURAL_SCREEN_EXHAUSTED_PRIMALITY_UNASSIGNED,GF3A_DIRECTIONAL_WRITE_EXHAUSTED_PRIMALITY_UNASSIGNED,513,512,512,NO_RECORDED_FACTOR_PRP_OR_LL_RESULT_AND_NO_ACTIVE_GIMPS_ASSIGNMENT,2026-08-08T19:16:24+00:00,UNALLOCATED,,,,,
SLCMP700-4640,4640,4641,317485963,2^317485963-1,STRUCTURAL_SCREEN_EXHAUSTED_PRIMALITY_UNASSIGNED,GF3A_DIRECTIONAL_WRITE_EXHAUSTED_PRIMALITY_UNASSIGNED,514,512,512,NO_RECORDED_FACTOR_PRP_OR_LL_RESULT_AND_NO_ACTIVE_GIMPS_ASSIGNMENT,2026-08-08T19:16:24+00:00,UNALLOCATED,,,,,
SLCMP700-4641,4641,4642,317486009,2^317486009-1,STRUCTURAL_SCREEN_EXHAUSTED_PRIMALITY_UNASSIGNED,GF3A_DIRECTIONAL_WRITE_EXHAUSTED_PRIMALITY_UNASSIGNED,513,512,512,NO_RECORDED_FACTOR_PRP_OR_LL_RESULT_AND_NO_ACTIVE_GIMPS_ASSIGNMENT,2026-08-08T19:16:24+00:00,UNALLOCATED,,,,,
SLCMP700-4642,4642,4643,317486177,2^317486177-1,STRUCTURAL_SCREEN_EXHAUSTED_PRIMALITY_UNASSIGNED,GF3A_DIRECTIONAL_WRITE_EXHAUSTED_PRIMALITY_UNASSIGNED,513,512,512,NO_RECORDED_FACTOR_PRP_OR_LL_RESULT_AND_NO_ACTIVE_GIMPS_ASSIGNMENT,2026-08-08T19:16:24+00:00,UNALLOCATED,,,,,
SLCMP700-4643,4643,4644,317486201,2^317486201-1,STRUCTURAL_SCREEN_EXHAUSTED_PRIMALITY_UNASSIGNED,GF3A_DIRECTIONAL_WRITE_EXHAUSTED_PRIMALITY_UNASSIGNED,513,512,512,NO_RECORDED_FACTOR_PRP_OR_LL_RESULT_AND_NO_ACTIVE_GIMPS_ASSIGNMENT,2026-08-08T19:16:24+00:00,UNALLOCATED,,,,,
SLCMP700-4644,4644,4645,317486249,2^317486249-1,STRUCTURAL_SCREEN_EXHAUSTED_PRIMALITY_UNASSIGNED,GF3A_DIRECTIONAL_WRITE_EXHAUSTED_PRIMALITY_UNASSIGNED,513,512,512,NO_RECORDED_FACTOR_PRP_OR_LL_RESULT_AND_NO_ACTIVE_GIMPS_ASSIGNMENT,2026-08-08T19:16:24+00:00,UNALLOCATED,,,,,
SLCMP700-4645,4645,4646,317486251,2^317486251-1,STRUCTURAL_SCREEN_EXHAUSTED_PRIMALITY_UNASSIGNED,GF3A_DIRECTIONAL_WRITE_EXHAUSTED_PRIMALITY_UNASSIGNED,514,512,512,NO_RECORDED_FACTOR_PRP_OR_LL_RESULT_AND_NO_ACTIVE_GIMPS_ASSIGNMENT,2026-08-08T19:16:24+00:00,UNALLOCATED,,,,,
SLCMP700-4646,4646,4647,317486321,2^317486321-1,STRUCTURAL_SCREEN_EXHAUSTED_PRIMALITY_UNASSIGNED,GF3A_DIRECTIONAL_WRITE_EXHAUSTED_PRIMALITY_UNASSIGNED,513,512,512,NO_RECORDED_FACTOR_PRP_OR_LL_RESULT_AND_NO_ACTIVE_GIMPS_ASSIGNMENT,2026-08-08T19:16:24+00:00,UNALLOCATED,,,,,
SLCMP700-4647,4647,4648,317486327,2^317486327-1,STRUCTURAL_SCREEN_EXHAUSTED_PRIMALITY_UNASSIGNED,GF3A_DIRECTIONAL_WRITE_EXHAUSTED_PRIMALITY_UNASSIGNED,514,512,512,NO_RECORDED_FACTOR_PRP_OR_LL_RESULT_AND_NO_ACTIVE_GIMPS_ASSIGNMENT,2026-08-08T19:16:24+00:00,UNALLOCATED,,,,,
SLCMP700-4648,4648,4649,317486353,2^317486353-1,STRUCTURAL_SCREEN_EXHAUSTED_PRIMALITY_UNASSIGNED,GF3A_DIRECTIONAL_WRITE_EXHAUSTED_PRIMALITY_UNASSIGNED,513,512,512,NO_RECORDED_FACTOR_PRP_OR_LL_RESULT_AND_NO_ACTIVE_GIMPS_ASSIGNMENT,2026-08-08T19:16:24+00:00,UNALLOCATED,,,,,
SLCMP700-4649,4649,4650,317486431,2^317486431-1,STRUCTURAL_SCREEN_EXHAUSTED_PRIMALITY_UNASSIGNED,GF3A_DIRECTIONAL_WRITE_EXHAUSTED_PRIMALITY_UNASSIGNED,514,512,512,NO_RECORDED_FACTOR_PRP_OR_LL_RESULT_AND_NO_ACTIVE_GIMPS_ASSIGNMENT,2026-08-08T19:16:24+00:00,UNALLOCATED,,,,,
SLCMP700-4650,4650,4651,317486453,2^317486453-1,STRUCTURAL_SCREEN_EXHAUSTED_PRIMALITY_UNASSIGNED,GF3A_DIRECTIONAL_WRITE_EXHAUSTED_PRIMALITY_UNASSIGNED,513,512,512,NO_RECORDED_FACTOR_PRP_OR_LL_RESULT_AND_NO_ACTIVE_GIMPS_ASSIGNMENT,2026-08-08T19:16:24+00:00,UNALLOCATED,,,,,
SLCMP700-4651,4651,4652,317486467,2^317486467-1,STRUCTURAL_SCREEN_EXHAUSTED_PRIMALITY_UNASSIGNED,GF3A_DIRECTIONAL_WRITE_EXHAUSTED_PRIMALITY_UNASSIGNED,514,512,512,NO_RECORDED_FACTOR_PRP_OR_LL_RESULT_AND_NO_ACTIVE_GIMPS_ASSIGNMENT,2026-08-08T19:16:24+00:00,UNALLOCATED,,,,,
SLCMP700-4652,4652,4653,317486567,2^317486567-1,STRUCTURAL_SCREEN_EXHAUSTED_PRIMALITY_UNASSIGNED,GF3A_DIRECTIONAL_WRITE_EXHAUSTED_PRIMALITY_UNASSIGNED,514,512,512,NO_RECORDED_FACTOR_PRP_OR_LL_RESULT_AND_NO_ACTIVE_GIMPS_ASSIGNMENT,2026-08-08T19:16:24+00:00,UNALLOCATED,,,,,
SLCMP700-4653,4653,4654,317486671,2^317486671-1,STRUCTURAL_SCREEN_EXHAUSTED_PRIMALITY_UNASSIGNED,GF3A_DIRECTIONAL_WRITE_EXHAUSTED_PRIMALITY_UNASSIGNED,514,512,512,NO_RECORDED_FACTOR_PRP_OR_LL_RESULT_AND_NO_ACTIVE_GIMPS_ASSIGNMENT,2026-08-08T19:16:24+00:00,UNALLOCATED,,,,,
SLCMP700-4654,4654,4655,317486839,2^317486839-1,STRUCTURAL_SCREEN_EXHAUSTED_PRIMALITY_UNASSIGNED,GF3A_DIRECTIONAL_WRITE_EXHAUSTED_PRIMALITY_UNASSIGNED,514,512,512,NO_RECORDED_FACTOR_PRP_OR_LL_RESULT_AND_NO_ACTIVE_GIMPS_ASSIGNMENT,2026-08-08T19:16:24+00:00,UNALLOCATED,,,,,
SLCMP700-4655,4655,4656,317486843,2^317486843-1,STRUCTURAL_SCREEN_EXHAUSTED_PRIMALITY_UNASSIGNED,GF3A_DIRECTIONAL_WRITE_EXHAUSTED_PRIMALITY_UNASSIGNED,514,512,512,NO_RECORDED_FACTOR_PRP_OR_LL_RESULT_AND_NO_ACTIVE_GIMPS_ASSIGNMENT,2026-08-08T19:16:24+00:00,UNALLOCATED,,,,,
SLCMP700-4656,4656,4657,317486977,2^317486977-1,STRUCTURAL_SCREEN_EXHAUSTED_PRIMALITY_UNASSIGNED,GF3A_DIRECTIONAL_WRITE_EXHAUSTED_PRIMALITY_UNASSIGNED,513,512,512,NO_RECORDED_FACTOR_PRP_OR_LL_RESULT_AND_NO_ACTIVE_GIMPS_ASSIGNMENT,2026-08-08T19:16:24+00:00,UNALLOCATED,,,,,
SLCMP700-4657,4657,4658,317486987,2^317486987-1,STRUCTURAL_SCREEN_EXHAUSTED_PRIMALITY_UNASSIGNED,GF3A_DIRECTIONAL_WRITE_EXHAUSTED_PRIMALITY_UNASSIGNED,514,512,512,NO_RECORDED_FACTOR_PRP_OR_LL_RESULT_AND_NO_ACTIVE_GIMPS_ASSIGNMENT,2026-08-08T19:16:24+00:00,UNALLOCATED,,,,,
SLCMP700-4658,4658,4659,317487073,2^317487073-1,STRUCTURAL_SCREEN_EXHAUSTED_PRIMALITY_UNASSIGNED,GF3A_DIRECTIONAL_WRITE_EXHAUSTED_PRIMALITY_UNASSIGNED,513,512,512,NO_RECORDED_FACTOR_PRP_OR_LL_RESULT_AND_NO_ACTIVE_GIMPS_ASSIGNMENT,2026-08-08T19:16:24+00:00,UNALLOCATED,,,,,
SLCMP700-4659,4659,4660,317487133,2^317487133-1,STRUCTURAL_SCREEN_EXHAUSTED_PRIMALITY_UNASSIGNED,GF3A_DIRECTIONAL_WRITE_EXHAUSTED_PRIMALITY_UNASSIGNED,513,512,512,NO_RECORDED_FACTOR_PRP_OR_LL_RESULT_AND_NO_ACTIVE_GIMPS_ASSIGNMENT,2026-08-08T19:16:24+00:00,UNALLOCATED,,,,,
SLCMP700-4660,4660,4661,317487161,2^317487161-1,STRUCTURAL_SCREEN_EXHAUSTED_PRIMALITY_UNASSIGNED,GF3A_DIRECTIONAL_WRITE_EXHAUSTED_PRIMALITY_UNASSIGNED,513,512,512,NO_RECORDED_FACTOR_PRP_OR_LL_RESULT_AND_NO_ACTIVE_GIMPS_ASSIGNMENT,2026-08-08T19:16:24+00:00,UNALLOCATED,,,,,
SLCMP700-4661,4661,4662,317487197,2^317487197-1,STRUCTURAL_SCREEN_EXHAUSTED_PRIMALITY_UNASSIGNED,GF3A_DIRECTIONAL_WRITE_EXHAUSTED_PRIMALITY_UNASSIGNED,513,512,512,NO_RECORDED_FACTOR_PRP_OR_LL_RESULT_AND_NO_ACTIVE_GIMPS_ASSIGNMENT,2026-08-08T19:16:24+00:00,UNALLOCATED,,,,,
SLCMP700-4662,4662,4663,317487199,2^317487199-1,STRUCTURAL_SCREEN_EXHAUSTED_PRIMALITY_UNASSIGNED,GF3A_DIRECTIONAL_WRITE_EXHAUSTED_PRIMALITY_UNASSIGNED,514,512,512,NO_RECORDED_FACTOR_PRP_OR_LL_RESULT_AND_NO_ACTIVE_GIMPS_ASSIGNMENT,2026-08-08T19:16:24+00:00,UNALLOCATED,,,,,
SLCMP700-4663,4663,4664,317487211,2^317487211-1,STRUCTURAL_SCREEN_EXHAUSTED_PRIMALITY_UNASSIGNED,GF3A_DIRECTIONAL_WRITE_EXHAUSTED_PRIMALITY_UNASSIGNED,514,512,512,NO_RECORDED_FACTOR_PRP_OR_LL_RESULT_AND_NO_ACTIVE_GIMPS_ASSIGNMENT,2026-08-08T19:16:24+00:00,UNALLOCATED,,,,,
SLCMP700-4664,4664,4665,317487241,2^317487241-1,STRUCTURAL_SCREEN_EXHAUSTED_PRIMALITY_UNASSIGNED,GF3A_DIRECTIONAL_WRITE_EXHAUSTED_PRIMALITY_UNASSIGNED,513,512,512,NO_RECORDED_FACTOR_PRP_OR_LL_RESULT_AND_NO_ACTIVE_GIMPS_ASSIGNMENT,2026-08-08T19:16:24+00:00,UNALLOCATED,,,,,
SLCMP700-4665,4665,4666,317487281,2^317487281-1,STRUCTURAL_SCREEN_EXHAUSTED_PRIMALITY_UNASSIGNED,GF3A_DIRECTIONAL_WRITE_EXHAUSTED_PRIMALITY_UNASSIGNED,513,512,512,NO_RECORDED_FACTOR_PRP_OR_LL_RESULT_AND_NO_ACTIVE_GIMPS_ASSIGNMENT,2026-08-08T19:16:24+00:00,UNALLOCATED,,,,,
SLCMP700-4666,4666,4667,317487419,2^317487419-1,STRUCTURAL_SCREEN_EXHAUSTED_PRIMALITY_UNASSIGNED,GF3A_DIRECTIONAL_WRITE_EXHAUSTED_PRIMALITY_UNASSIGNED,514,512,512,NO_RECORDED_FACTOR_PRP_OR_LL_RESULT_AND_NO_ACTIVE_GIMPS_ASSIGNMENT,2026-08-08T19:16:24+00:00,UNALLOCATED,,,,,
SLCMP700-4667,4667,4668,317487463,2^317487463-1,STRUCTURAL_SCREEN_EXHAUSTED_PRIMALITY_UNASSIGNED,GF3A_DIRECTIONAL_WRITE_EXHAUSTED_PRIMALITY_UNASSIGNED,514,512,512,NO_RECORDED_FACTOR_PRP_OR_LL_RESULT_AND_NO_ACTIVE_GIMPS_ASSIGNMENT,2026-08-08T19:16:24+00:00,UNALLOCATED,,,,,
SLCMP700-4668,4668,4669,317487487,2^317487487-1,STRUCTURAL_SCREEN_EXHAUSTED_PRIMALITY_UNASSIGNED,GF3A_DIRECTIONAL_WRITE_EXHAUSTED_PRIMALITY_UNASSIGNED,514,512,512,NO_RECORDED_FACTOR_PRP_OR_LL_RESULT_AND_NO_ACTIVE_GIMPS_ASSIGNMENT,2026-08-08T19:16:24+00:00,UNALLOCATED,,,,,
SLCMP700-4669,4669,4670,317487557,2^317487557-1,STRUCTURAL_SCREEN_EXHAUSTED_PRIMALITY_UNASSIGNED,GF3A_DIRECTIONAL_WRITE_EXHAUSTED_PRIMALITY_UNASSIGNED,513,512,512,NO_RECORDED_FACTOR_PRP_OR_LL_RESULT_AND_NO_ACTIVE_GIMPS_ASSIGNMENT,2026-08-08T19:16:24+00:00,UNALLOCATED,,,,,
SLCMP700-4670,4670,4671,317487589,2^317487589-1,STRUCTURAL_SCREEN_EXHAUSTED_PRIMALITY_UNASSIGNED,GF3A_DIRECTIONAL_WRITE_EXHAUSTED_PRIMALITY_UNASSIGNED,513,512,512,NO_RECORDED_FACTOR_PRP_OR_LL_RESULT_AND_NO_ACTIVE_GIMPS_ASSIGNMENT,2026-08-08T19:16:24+00:00,UNALLOCATED,,,,,
SLCMP700-4671,4671,4672,317487629,2^317487629-1,STRUCTURAL_SCREEN_EXHAUSTED_PRIMALITY_UNASSIGNED,GF3A_DIRECTIONAL_WRITE_EXHAUSTED_PRIMALITY_UNASSIGNED,513,512,512,NO_RECORDED_FACTOR_PRP_OR_LL_RESULT_AND_NO_ACTIVE_GIMPS_ASSIGNMENT,2026-08-08T19:16:24+00:00,UNALLOCATED,,,,,
SLCMP700-4672,4672,4673,317487659,2^317487659-1,STRUCTURAL_SCREEN_EXHAUSTED_PRIMALITY_UNASSIGNED,GF3A_DIRECTIONAL_WRITE_EXHAUSTED_PRIMALITY_UNASSIGNED,514,512,512,NO_RECORDED_FACTOR_PRP_OR_LL_RESULT_AND_NO_ACTIVE_GIMPS_ASSIGNMENT,2026-08-08T19:16:24+00:00,UNALLOCATED,,,,,
SLCMP700-4673,4673,4674,317487683,2^317487683-1,STRUCTURAL_SCREEN_EXHAUSTED_PRIMALITY_UNASSIGNED,GF3A_DIRECTIONAL_WRITE_EXHAUSTED_PRIMALITY_UNASSIGNED,514,512,512,NO_RECORDED_FACTOR_PRP_OR_LL_RESULT_AND_NO_ACTIVE_GIMPS_ASSIGNMENT,2026-08-08T19:16:24+00:00,UNALLOCATED,,,,,
SLCMP700-4674,4674,4675,317487721,2^317487721-1,STRUCTURAL_SCREEN_EXHAUSTED_PRIMALITY_UNASSIGNED,GF3A_DIRECTIONAL_WRITE_EXHAUSTED_PRIMALITY_UNASSIGNED,513,512,512,NO_RECORDED_FACTOR_PRP_OR_LL_RESULT_AND_NO_ACTIVE_GIMPS_ASSIGNMENT,2026-08-08T19:16:24+00:00,UNALLOCATED,,,,,
SLCMP700-4675,4675,4676,317487727,2^317487727-1,STRUCTURAL_SCREEN_EXHAUSTED_PRIMALITY_UNASSIGNED,GF3A_DIRECTIONAL_WRITE_EXHAUSTED_PRIMALITY_UNASSIGNED,514,512,512,NO_RECORDED_FACTOR_PRP_OR_LL_RESULT_AND_NO_ACTIVE_GIMPS_ASSIGNMENT,2026-08-08T19:16:24+00:00,UNALLOCATED,,,,,
SLCMP700-4676,4676,4677,317487749,2^317487749-1,STRUCTURAL_SCREEN_EXHAUSTED_PRIMALITY_UNASSIGNED,GF3A_DIRECTIONAL_WRITE_EXHAUSTED_PRIMALITY_UNASSIGNED,513,512,512,NO_RECORDED_FACTOR_PRP_OR_LL_RESULT_AND_NO_ACTIVE_GIMPS_ASSIGNMENT,2026-08-08T19:16:24+00:00,UNALLOCATED,,,,,
SLCMP700-4677,4677,4678,317487763,2^317487763-1,STRUCTURAL_SCREEN_EXHAUSTED_PRIMALITY_UNASSIGNED,GF3A_DIRECTIONAL_WRITE_EXHAUSTED_PRIMALITY_UNASSIGNED,514,512,512,NO_RECORDED_FACTOR_PRP_OR_LL_RESULT_AND_NO_ACTIVE_GIMPS_ASSIGNMENT,2026-08-08T19:16:24+00:00,UNALLOCATED,,,,,
SLCMP700-4678,4678,4679,317487809,2^317487809-1,STRUCTURAL_SCREEN_EXHAUSTED_PRIMALITY_UNASSIGNED,GF3A_DIRECTIONAL_WRITE_EXHAUSTED_PRIMALITY_UNASSIGNED,513,512,512,NO_RECORDED_FACTOR_PRP_OR_LL_RESULT_AND_NO_ACTIVE_GIMPS_ASSIGNMENT,2026-08-08T19:16:24+00:00,UNALLOCATED,,,,,
SLCMP700-4679,4679,4680,317487817,2^317487817-1,STRUCTURAL_SCREEN_EXHAUSTED_PRIMALITY_UNASSIGNED,GF3A_DIRECTIONAL_WRITE_EXHAUSTED_PRIMALITY_UNASSIGNED,513,512,512,NO_RECORDED_FACTOR_PRP_OR_LL_RESULT_AND_NO_ACTIVE_GIMPS_ASSIGNMENT,2026-08-08T19:16:24+00:00,UNALLOCATED,,,,,
SLCMP700-4680,4680,4681,317487871,2^317487871-1,STRUCTURAL_SCREEN_EXHAUSTED_PRIMALITY_UNASSIGNED,GF3A_DIRECTIONAL_WRITE_EXHAUSTED_PRIMALITY_UNASSIGNED,514,512,512,NO_RECORDED_FACTOR_PRP_OR_LL_RESULT_AND_NO_ACTIVE_GIMPS_ASSIGNMENT,2026-08-08T19:16:24+00:00,UNALLOCATED,,,,,
SLCMP700-4681,4681,4682,317487889,2^317487889-1,STRUCTURAL_SCREEN_EXHAUSTED_PRIMALITY_UNASSIGNED,GF3A_DIRECTIONAL_WRITE_EXHAUSTED_PRIMALITY_UNASSIGNED,513,512,512,NO_RECORDED_FACTOR_PRP_OR_LL_RESULT_AND_NO_ACTIVE_GIMPS_ASSIGNMENT,2026-08-08T19:16:24+00:00,UNALLOCATED,,,,,
SLCMP700-4682,4682,4683,317487923,2^317487923-1,STRUCTURAL_SCREEN_EXHAUSTED_PRIMALITY_UNASSIGNED,GF3A_DIRECTIONAL_WRITE_EXHAUSTED_PRIMALITY_UNASSIGNED,514,512,512,NO_RECORDED_FACTOR_PRP_OR_LL_RESULT_AND_NO_ACTIVE_GIMPS_ASSIGNMENT,2026-08-08T19:16:24+00:00,UNALLOCATED,,,,,
SLCMP700-4683,4683,4684,317488001,2^317488001-1,STRUCTURAL_SCREEN_EXHAUSTED_PRIMALITY_UNASSIGNED,GF3A_DIRECTIONAL_WRITE_EXHAUSTED_PRIMALITY_UNASSIGNED,513,512,512,NO_RECORDED_FACTOR_PRP_OR_LL_RESULT_AND_NO_ACTIVE_GIMPS_ASSIGNMENT,2026-08-08T19:16:24+00:00,UNALLOCATED,,,,,
SLCMP700-4684,4684,4685,317488007,2^317488007-1,STRUCTURAL_SCREEN_EXHAUSTED_PRIMALITY_UNASSIGNED,GF3A_DIRECTIONAL_WRITE_EXHAUSTED_PRIMALITY_UNASSIGNED,514,512,512,NO_RECORDED_FACTOR_PRP_OR_LL_RESULT_AND_NO_ACTIVE_GIMPS_ASSIGNMENT,2026-08-08T19:16:24+00:00,UNALLOCATED,,,,,
SLCMP700-4685,4685,4686,317488097,2^317488097-1,STRUCTURAL_SCREEN_EXHAUSTED_PRIMALITY_UNASSIGNED,GF3A_DIRECTIONAL_WRITE_EXHAUSTED_PRIMALITY_UNASSIGNED,513,512,512,NO_RECORDED_FACTOR_PRP_OR_LL_RESULT_AND_NO_ACTIVE_GIMPS_ASSIGNMENT,2026-08-08T19:16:24+00:00,UNALLOCATED,,,,,
SLCMP700-4686,4686,4687,317488177,2^317488177-1,STRUCTURAL_SCREEN_EXHAUSTED_PRIMALITY_UNASSIGNED,GF3A_DIRECTIONAL_WRITE_EXHAUSTED_PRIMALITY_UNASSIGNED,513,512,512,NO_RECORDED_FACTOR_PRP_OR_LL_RESULT_AND_NO_ACTIVE_GIMPS_ASSIGNMENT,2026-08-08T19:16:24+00:00,UNALLOCATED,,,,,
SLCMP700-4687,4687,4688,317488219,2^317488219-1,STRUCTURAL_SCREEN_EXHAUSTED_PRIMALITY_UNASSIGNED,GF3A_DIRECTIONAL_WRITE_EXHAUSTED_PRIMALITY_UNASSIGNED,514,512,512,NO_RECORDED_FACTOR_PRP_OR_LL_RESULT_AND_NO_ACTIVE_GIMPS_ASSIGNMENT,2026-08-08T19:16:24+00:00,UNALLOCATED,,,,,
SLCMP700-4688,4688,4689,317488273,2^317488273-1,STRUCTURAL_SCREEN_EXHAUSTED_PRIMALITY_UNASSIGNED,GF3A_DIRECTIONAL_WRITE_EXHAUSTED_PRIMALITY_UNASSIGNED,513,512,512,NO_RECORDED_FACTOR_PRP_OR_LL_RESULT_AND_NO_ACTIVE_GIMPS_ASSIGNMENT,2026-08-08T19:16:24+00:00,UNALLOCATED,,,,,
SLCMP700-4689,4689,4690,317488351,2^317488351-1,STRUCTURAL_SCREEN_EXHAUSTED_PRIMALITY_UNASSIGNED,GF3A_DIRECTIONAL_WRITE_EXHAUSTED_PRIMALITY_UNASSIGNED,514,512,512,NO_RECORDED_FACTOR_PRP_OR_LL_RESULT_AND_NO_ACTIVE_GIMPS_ASSIGNMENT,2026-08-08T19:16:24+00:00,UNALLOCATED,,,,,
SLCMP700-4690,4690,4691,317488399,2^317488399-1,STRUCTURAL_SCREEN_EXHAUSTED_PRIMALITY_UNASSIGNED,GF3A_DIRECTIONAL_WRITE_EXHAUSTED_PRIMALITY_UNASSIGNED,514,512,512,NO_RECORDED_FACTOR_PRP_OR_LL_RESULT_AND_NO_ACTIVE_GIMPS_ASSIGNMENT,2026-08-08T19:16:24+00:00,UNALLOCATED,,,,,
SLCMP700-4691,4691,4692,317488421,2^317488421-1,STRUCTURAL_SCREEN_EXHAUSTED_PRIMALITY_UNASSIGNED,GF3A_DIRECTIONAL_WRITE_EXHAUSTED_PRIMALITY_UNASSIGNED,513,512,512,NO_RECORDED_FACTOR_PRP_OR_LL_RESULT_AND_NO_ACTIVE_GIMPS_ASSIGNMENT,2026-08-08T19:16:24+00:00,UNALLOCATED,,,,,
SLCMP700-4692,4692,4693,317488427,2^317488427-1,STRUCTURAL_SCREEN_EXHAUSTED_PRIMALITY_UNASSIGNED,GF3A_DIRECTIONAL_WRITE_EXHAUSTED_PRIMALITY_UNASSIGNED,514,512,512,NO_RECORDED_FACTOR_PRP_OR_LL_RESULT_AND_NO_ACTIVE_GIMPS_ASSIGNMENT,2026-08-08T19:16:24+00:00,UNALLOCATED,,,,,
SLCMP700-4693,4693,4694,317488429,2^317488429-1,STRUCTURAL_SCREEN_EXHAUSTED_PRIMALITY_UNASSIGNED,GF3A_DIRECTIONAL_WRITE_EXHAUSTED_PRIMALITY_UNASSIGNED,513,512,512,NO_RECORDED_FACTOR_PRP_OR_LL_RESULT_AND_NO_ACTIVE_GIMPS_ASSIGNMENT,2026-08-08T19:16:24+00:00,UNALLOCATED,,,,,
SLCMP700-4694,4694,4695,317488513,2^317488513-1,STRUCTURAL_SCREEN_EXHAUSTED_PRIMALITY_UNASSIGNED,GF3A_DIRECTIONAL_WRITE_EXHAUSTED_PRIMALITY_UNASSIGNED,513,512,512,NO_RECORDED_FACTOR_PRP_OR_LL_RESULT_AND_NO_ACTIVE_GIMPS_ASSIGNMENT,2026-08-08T19:16:24+00:00,UNALLOCATED,,,,,
SLCMP700-4695,4695,4696,317488531,2^317488531-1,STRUCTURAL_SCREEN_EXHAUSTED_PRIMALITY_UNASSIGNED,GF3A_DIRECTIONAL_WRITE_EXHAUSTED_PRIMALITY_UNASSIGNED,514,512,512,NO_RECORDED_FACTOR_PRP_OR_LL_RESULT_AND_NO_ACTIVE_GIMPS_ASSIGNMENT,2026-08-08T19:16:24+00:00,UNALLOCATED,,,,,
SLCMP700-4696,4696,4697,317488579,2^317488579-1,STRUCTURAL_SCREEN_EXHAUSTED_PRIMALITY_UNASSIGNED,GF3A_DIRECTIONAL_WRITE_EXHAUSTED_PRIMALITY_UNASSIGNED,514,512,512,NO_RECORDED_FACTOR_PRP_OR_LL_RESULT_AND_NO_ACTIVE_GIMPS_ASSIGNMENT,2026-08-08T19:16:24+00:00,UNALLOCATED,,,,,
SLCMP700-4697,4697,4698,317488673,2^317488673-1,STRUCTURAL_SCREEN_EXHAUSTED_PRIMALITY_UNASSIGNED,GF3A_DIRECTIONAL_WRITE_EXHAUSTED_PRIMALITY_UNASSIGNED,513,512,512,NO_RECORDED_FACTOR_PRP_OR_LL_RESULT_AND_NO_ACTIVE_GIMPS_ASSIGNMENT,2026-08-08T19:16:24+00:00,UNALLOCATED,,,,,
SLCMP700-4698,4698,4699,317488729,2^317488729-1,STRUCTURAL_SCREEN_EXHAUSTED_PRIMALITY_UNASSIGNED,GF3A_DIRECTIONAL_WRITE_EXHAUSTED_PRIMALITY_UNASSIGNED,513,512,512,NO_RECORDED_FACTOR_PRP_OR_LL_RESULT_AND_NO_ACTIVE_GIMPS_ASSIGNMENT,2026-08-08T19:16:24+00:00,UNALLOCATED,,,,,
SLCMP700-4699,4699,4700,317488817,2^317488817-1,STRUCTURAL_SCREEN_EXHAUSTED_PRIMALITY_UNASSIGNED,GF3A_DIRECTIONAL_WRITE_EXHAUSTED_PRIMALITY_UNASSIGNED,513,512,512,NO_RECORDED_FACTOR_PRP_OR_LL_RESULT_AND_NO_ACTIVE_GIMPS_ASSIGNMENT,2026-08-08T19:16:24+00:00,UNALLOCATED,,,,,
SLCMP700-4700,4700,4701,317488883,2^317488883-1,STRUCTURAL_SCREEN_EXHAUSTED_PRIMALITY_UNASSIGNED,GF3A_DIRECTIONAL_WRITE_EXHAUSTED_PRIMALITY_UNASSIGNED,514,512,512,NO_RECORDED_FACTOR_PRP_OR_LL_RESULT_AND_NO_ACTIVE_GIMPS_ASSIGNMENT,2026-08-08T19:16:24+00:00,UNALLOCATED,,,,,
SLCMP700-4701,4701,4702,317488967,2^317488967-1,STRUCTURAL_SCREEN_EXHAUSTED_PRIMALITY_UNASSIGNED,GF3A_DIRECTIONAL_WRITE_EXHAUSTED_PRIMALITY_UNASSIGNED,514,512,512,NO_RECORDED_FACTOR_PRP_OR_LL_RESULT_AND_NO_ACTIVE_GIMPS_ASSIGNMENT,2026-08-08T19:16:24+00:00,UNALLOCATED,,,,,
SLCMP700-4702,4702,4703,317488973,2^317488973-1,STRUCTURAL_SCREEN_EXHAUSTED_PRIMALITY_UNASSIGNED,GF3A_DIRECTIONAL_WRITE_EXHAUSTED_PRIMALITY_UNASSIGNED,513,512,512,NO_RECORDED_FACTOR_PRP_OR_LL_RESULT_AND_NO_ACTIVE_GIMPS_ASSIGNMENT,2026-08-08T19:16:24+00:00,UNALLOCATED,,,,,
SLCMP700-4703,4703,4704,317489099,2^317489099-1,STRUCTURAL_SCREEN_EXHAUSTED_PRIMALITY_UNASSIGNED,GF3A_DIRECTIONAL_WRITE_EXHAUSTED_PRIMALITY_UNASSIGNED,514,512,512,NO_RECORDED_FACTOR_PRP_OR_LL_RESULT_AND_NO_ACTIVE_GIMPS_ASSIGNMENT,2026-08-08T19:16:24+00:00,UNALLOCATED,,,,,
SLCMP700-4704,4704,4705,317489213,2^317489213-1,STRUCTURAL_SCREEN_EXHAUSTED_PRIMALITY_UNASSIGNED,GF3A_DIRECTIONAL_WRITE_EXHAUSTED_PRIMALITY_UNASSIGNED,513,512,512,NO_RECORDED_FACTOR_PRP_OR_LL_RESULT_AND_NO_ACTIVE_GIMPS_ASSIGNMENT,2026-08-08T19:16:24+00:00,UNALLOCATED,,,,,
SLCMP700-4705,4705,4706,317489287,2^317489287-1,STRUCTURAL_SCREEN_EXHAUSTED_PRIMALITY_UNASSIGNED,GF3A_DIRECTIONAL_WRITE_EXHAUSTED_PRIMALITY_UNASSIGNED,514,512,512,NO_RECORDED_FACTOR_PRP_OR_LL_RESULT_AND_NO_ACTIVE_GIMPS_ASSIGNMENT,2026-08-08T19:16:24+00:00,UNALLOCATED,,,,,
SLCMP700-4706,4706,4707,317489299,2^317489299-1,STRUCTURAL_SCREEN_EXHAUSTED_PRIMALITY_UNASSIGNED,GF3A_DIRECTIONAL_WRITE_EXHAUSTED_PRIMALITY_UNASSIGNED,514,512,512,NO_RECORDED_FACTOR_PRP_OR_LL_RESULT_AND_NO_ACTIVE_GIMPS_ASSIGNMENT,2026-08-08T19:16:24+00:00,UNALLOCATED,,,,,
SLCMP700-4707,4707,4708,317489353,2^317489353-1,STRUCTURAL_SCREEN_EXHAUSTED_PRIMALITY_UNASSIGNED,GF3A_DIRECTIONAL_WRITE_EXHAUSTED_PRIMALITY_UNASSIGNED,513,512,512,NO_RECORDED_FACTOR_PRP_OR_LL_RESULT_AND_NO_ACTIVE_GIMPS_ASSIGNMENT,2026-08-08T19:16:24+00:00,UNALLOCATED,,,,,
SLCMP700-4708,4708,4709,317489357,2^317489357-1,STRUCTURAL_SCREEN_EXHAUSTED_PRIMALITY_UNASSIGNED,GF3A_DIRECTIONAL_WRITE_EXHAUSTED_PRIMALITY_UNASSIGNED,513,512,512,NO_RECORDED_FACTOR_PRP_OR_LL_RESULT_AND_NO_ACTIVE_GIMPS_ASSIGNMENT,2026-08-08T19:16:24+00:00,UNALLOCATED,,,,,
SLCMP700-4709,4709,4710,317489461,2^317489461-1,STRUCTURAL_SCREEN_EXHAUSTED_PRIMALITY_UNASSIGNED,GF3A_DIRECTIONAL_WRITE_EXHAUSTED_PRIMALITY_UNASSIGNED,513,512,512,NO_RECORDED_FACTOR_PRP_OR_LL_RESULT_AND_NO_ACTIVE_GIMPS_ASSIGNMENT,2026-08-08T19:16:24+00:00,UNALLOCATED,,,,,
SLCMP700-4710,4710,4711,317489479,2^317489479-1,STRUCTURAL_SCREEN_EXHAUSTED_PRIMALITY_UNASSIGNED,GF3A_DIRECTIONAL_WRITE_EXHAUSTED_PRIMALITY_UNASSIGNED,514,512,512,NO_RECORDED_FACTOR_PRP_OR_LL_RESULT_AND_NO_ACTIVE_GIMPS_ASSIGNMENT,2026-08-08T19:16:24+00:00,UNALLOCATED,,,,,
SLCMP700-4711,4711,4712,317489503,2^317489503-1,STRUCTURAL_SCREEN_EXHAUSTED_PRIMALITY_UNASSIGNED,GF3A_DIRECTIONAL_WRITE_EXHAUSTED_PRIMALITY_UNASSIGNED,514,512,512,NO_RECORDED_FACTOR_PRP_OR_LL_RESULT_AND_NO_ACTIVE_GIMPS_ASSIGNMENT,2026-08-08T19:16:24+00:00,UNALLOCATED,,,,,
SLCMP700-4712,4712,4713,317489509,2^317489509-1,STRUCTURAL_SCREEN_EXHAUSTED_PRIMALITY_UNASSIGNED,GF3A_DIRECTIONAL_WRITE_EXHAUSTED_PRIMALITY_UNASSIGNED,513,512,512,NO_RECORDED_FACTOR_PRP_OR_LL_RESULT_AND_NO_ACTIVE_GIMPS_ASSIGNMENT,2026-08-08T19:16:24+00:00,UNALLOCATED,,,,,
SLCMP700-4713,4713,4714,317489551,2^317489551-1,STRUCTURAL_SCREEN_EXHAUSTED_PRIMALITY_UNASSIGNED,GF3A_DIRECTIONAL_WRITE_EXHAUSTED_PRIMALITY_UNASSIGNED,514,512,512,NO_RECORDED_FACTOR_PRP_OR_LL_RESULT_AND_NO_ACTIVE_GIMPS_ASSIGNMENT,2026-08-08T19:16:24+00:00,UNALLOCATED,,,,,
SLCMP700-4714,4714,4715,317489719,2^317489719-1,STRUCTURAL_SCREEN_EXHAUSTED_PRIMALITY_UNASSIGNED,GF3A_DIRECTIONAL_WRITE_EXHAUSTED_PRIMALITY_UNASSIGNED,514,512,512,NO_RECORDED_FACTOR_PRP_OR_LL_RESULT_AND_NO_ACTIVE_GIMPS_ASSIGNMENT,2026-08-08T19:16:24+00:00,UNALLOCATED,,,,,
SLCMP700-4715,4715,4716,317489849,2^317489849-1,STRUCTURAL_SCREEN_EXHAUSTED_PRIMALITY_UNASSIGNED,GF3A_DIRECTIONAL_WRITE_EXHAUSTED_PRIMALITY_UNASSIGNED,513,512,512,NO_RECORDED_FACTOR_PRP_OR_LL_RESULT_AND_NO_ACTIVE_GIMPS_ASSIGNMENT,2026-08-08T19:16:24+00:00,UNALLOCATED,,,,,
SLCMP700-4716,4716,4717,317490001,2^317490001-1,STRUCTURAL_SCREEN_EXHAUSTED_PRIMALITY_UNASSIGNED,GF3A_DIRECTIONAL_WRITE_EXHAUSTED_PRIMALITY_UNASSIGNED,513,512,512,NO_RECORDED_FACTOR_PRP_OR_LL_RESULT_AND_NO_ACTIVE_GIMPS_ASSIGNMENT,2026-08-08T19:16:24+00:00,UNALLOCATED,,,,,
SLCMP700-4717,4717,4718,317490053,2^317490053-1,STRUCTURAL_SCREEN_EXHAUSTED_PRIMALITY_UNASSIGNED,GF3A_DIRECTIONAL_WRITE_EXHAUSTED_PRIMALITY_UNASSIGNED,513,512,512,NO_RECORDED_FACTOR_PRP_OR_LL_RESULT_AND_NO_ACTIVE_GIMPS_ASSIGNMENT,2026-08-08T19:16:24+00:00,UNALLOCATED,,,,,
SLCMP700-4718,4718,4719,317490157,2^317490157-1,STRUCTURAL_SCREEN_EXHAUSTED_PRIMALITY_UNASSIGNED,GF3A_DIRECTIONAL_WRITE_EXHAUSTED_PRIMALITY_UNASSIGNED,513,512,512,NO_RECORDED_FACTOR_PRP_OR_LL_RESULT_AND_NO_ACTIVE_GIMPS_ASSIGNMENT,2026-08-08T19:16:24+00:00,UNALLOCATED,,,,,
SLCMP700-4719,4719,4720,317490161,2^317490161-1,STRUCTURAL_SCREEN_EXHAUSTED_PRIMALITY_UNASSIGNED,GF3A_DIRECTIONAL_WRITE_EXHAUSTED_PRIMALITY_UNASSIGNED,513,512,512,NO_RECORDED_FACTOR_PRP_OR_LL_RESULT_AND_NO_ACTIVE_GIMPS_ASSIGNMENT,2026-08-08T19:16:24+00:00,UNALLOCATED,,,,,
SLCMP700-4720,4720,4721,317490197,2^317490197-1,STRUCTURAL_SCREEN_EXHAUSTED_PRIMALITY_UNASSIGNED,GF3A_DIRECTIONAL_WRITE_EXHAUSTED_PRIMALITY_UNASSIGNED,513,512,512,NO_RECORDED_FACTOR_PRP_OR_LL_RESULT_AND_NO_ACTIVE_GIMPS_ASSIGNMENT,2026-08-08T19:16:24+00:00,UNALLOCATED,,,,,
SLCMP700-4721,4721,4722,317490241,2^317490241-1,STRUCTURAL_SCREEN_EXHAUSTED_PRIMALITY_UNASSIGNED,GF3A_DIRECTIONAL_WRITE_EXHAUSTED_PRIMALITY_UNASSIGNED,513,512,512,NO_RECORDED_FACTOR_PRP_OR_LL_RESULT_AND_NO_ACTIVE_GIMPS_ASSIGNMENT,2026-08-08T19:16:24+00:00,UNALLOCATED,,,,,
SLCMP700-4722,4722,4723,317490319,2^317490319-1,STRUCTURAL_SCREEN_EXHAUSTED_PRIMALITY_UNASSIGNED,GF3A_DIRECTIONAL_WRITE_EXHAUSTED_PRIMALITY_UNASSIGNED,514,512,512,NO_RECORDED_FACTOR_PRP_OR_LL_RESULT_AND_NO_ACTIVE_GIMPS_ASSIGNMENT,2026-08-08T19:16:24+00:00,UNALLOCATED,,,,,
SLCMP700-4723,4723,4724,317490443,2^317490443-1,STRUCTURAL_SCREEN_EXHAUSTED_PRIMALITY_UNASSIGNED,GF3A_DIRECTIONAL_WRITE_EXHAUSTED_PRIMALITY_UNASSIGNED,514,512,512,NO_RECORDED_FACTOR_PRP_OR_LL_RESULT_AND_NO_ACTIVE_GIMPS_ASSIGNMENT,2026-08-08T19:16:24+00:00,UNALLOCATED,,,,,
SLCMP700-4724,4724,4725,317490473,2^317490473-1,STRUCTURAL_SCREEN_EXHAUSTED_PRIMALITY_UNASSIGNED,GF3A_DIRECTIONAL_WRITE_EXHAUSTED_PRIMALITY_UNASSIGNED,513,512,512,NO_RECORDED_FACTOR_PRP_OR_LL_RESULT_AND_NO_ACTIVE_GIMPS_ASSIGNMENT,2026-08-08T19:16:24+00:00,UNALLOCATED,,,,,
SLCMP700-4725,4725,4726,317490763,2^317490763-1,STRUCTURAL_SCREEN_EXHAUSTED_PRIMALITY_UNASSIGNED,GF3A_DIRECTIONAL_WRITE_EXHAUSTED_PRIMALITY_UNASSIGNED,514,512,512,NO_RECORDED_FACTOR_PRP_OR_LL_RESULT_AND_NO_ACTIVE_GIMPS_ASSIGNMENT,2026-08-08T19:16:24+00:00,UNALLOCATED,,,,,
SLCMP700-4726,4726,4727,317490841,2^317490841-1,STRUCTURAL_SCREEN_EXHAUSTED_PRIMALITY_UNASSIGNED,GF3A_DIRECTIONAL_WRITE_EXHAUSTED_PRIMALITY_UNASSIGNED,513,512,512,NO_RECORDED_FACTOR_PRP_OR_LL_RESULT_AND_NO_ACTIVE_GIMPS_ASSIGNMENT,2026-08-08T19:16:24+00:00,UNALLOCATED,,,,,
SLCMP700-4727,4727,4728,317490847,2^317490847-1,STRUCTURAL_SCREEN_EXHAUSTED_PRIMALITY_UNASSIGNED,GF3A_DIRECTIONAL_WRITE_EXHAUSTED_PRIMALITY_UNASSIGNED,514,512,512,NO_RECORDED_FACTOR_PRP_OR_LL_RESULT_AND_NO_ACTIVE_GIMPS_ASSIGNMENT,2026-08-08T19:16:24+00:00,UNALLOCATED,,,,,
SLCMP700-4728,4728,4729,317490959,2^317490959-1,STRUCTURAL_SCREEN_EXHAUSTED_PRIMALITY_UNASSIGNED,GF3A_DIRECTIONAL_WRITE_EXHAUSTED_PRIMALITY_UNASSIGNED,514,512,512,NO_RECORDED_FACTOR_PRP_OR_LL_RESULT_AND_NO_ACTIVE_GIMPS_ASSIGNMENT,2026-08-08T19:16:24+00:00,UNALLOCATED,,,,,
SLCMP700-4729,4729,4730,317490989,2^317490989-1,STRUCTURAL_SCREEN_EXHAUSTED_PRIMALITY_UNASSIGNED,GF3A_DIRECTIONAL_WRITE_EXHAUSTED_PRIMALITY_UNASSIGNED,513,512,512,NO_RECORDED_FACTOR_PRP_OR_LL_RESULT_AND_NO_ACTIVE_GIMPS_ASSIGNMENT,2026-08-08T19:16:24+00:00,UNALLOCATED,,,,,
SLCMP700-4730,4730,4731,317491049,2^317491049-1,STRUCTURAL_SCREEN_EXHAUSTED_PRIMALITY_UNASSIGNED,GF3A_DIRECTIONAL_WRITE_EXHAUSTED_PRIMALITY_UNASSIGNED,513,512,512,NO_RECORDED_FACTOR_PRP_OR_LL_RESULT_AND_NO_ACTIVE_GIMPS_ASSIGNMENT,2026-08-08T19:16:24+00:00,UNALLOCATED,,,,,
SLCMP700-4731,4731,4732,317491081,2^317491081-1,STRUCTURAL_SCREEN_EXHAUSTED_PRIMALITY_UNASSIGNED,GF3A_DIRECTIONAL_WRITE_EXHAUSTED_PRIMALITY_UNASSIGNED,513,512,512,NO_RECORDED_FACTOR_PRP_OR_LL_RESULT_AND_NO_ACTIVE_GIMPS_ASSIGNMENT,2026-08-08T19:16:24+00:00,UNALLOCATED,,,,,
SLCMP700-4732,4732,4733,317491127,2^317491127-1,STRUCTURAL_SCREEN_EXHAUSTED_PRIMALITY_UNASSIGNED,GF3A_DIRECTIONAL_WRITE_EXHAUSTED_PRIMALITY_UNASSIGNED,514,512,512,NO_RECORDED_FACTOR_PRP_OR_LL_RESULT_AND_NO_ACTIVE_GIMPS_ASSIGNMENT,2026-08-08T19:16:24+00:00,UNALLOCATED,,,,,
SLCMP700-4733,4733,4734,317491129,2^317491129-1,STRUCTURAL_SCREEN_EXHAUSTED_PRIMALITY_UNASSIGNED,GF3A_DIRECTIONAL_WRITE_EXHAUSTED_PRIMALITY_UNASSIGNED,513,512,512,NO_RECORDED_FACTOR_PRP_OR_LL_RESULT_AND_NO_ACTIVE_GIMPS_ASSIGNMENT,2026-08-08T19:16:24+00:00,UNALLOCATED,,,,,
SLCMP700-4734,4734,4735,317491183,2^317491183-1,STRUCTURAL_SCREEN_EXHAUSTED_PRIMALITY_UNASSIGNED,GF3A_DIRECTIONAL_WRITE_EXHAUSTED_PRIMALITY_UNASSIGNED,514,512,512,NO_RECORDED_FACTOR_PRP_OR_LL_RESULT_AND_NO_ACTIVE_GIMPS_ASSIGNMENT,2026-08-08T19:16:24+00:00,UNALLOCATED,,,,,
SLCMP700-4735,4735,4736,317491211,2^317491211-1,STRUCTURAL_SCREEN_EXHAUSTED_PRIMALITY_UNASSIGNED,GF3A_DIRECTIONAL_WRITE_EXHAUSTED_PRIMALITY_UNASSIGNED,514,512,512,NO_RECORDED_FACTOR_PRP_OR_LL_RESULT_AND_NO_ACTIVE_GIMPS_ASSIGNMENT,2026-08-08T19:16:24+00:00,UNALLOCATED,,,,,
SLCMP700-4736,4736,4737,317491261,2^317491261-1,STRUCTURAL_SCREEN_EXHAUSTED_PRIMALITY_UNASSIGNED,GF3A_DIRECTIONAL_WRITE_EXHAUSTED_PRIMALITY_UNASSIGNED,513,512,512,NO_RECORDED_FACTOR_PRP_OR_LL_RESULT_AND_NO_ACTIVE_GIMPS_ASSIGNMENT,2026-08-08T19:16:24+00:00,UNALLOCATED,,,,,
SLCMP700-4737,4737,4738,317491267,2^317491267-1,STRUCTURAL_SCREEN_EXHAUSTED_PRIMALITY_UNASSIGNED,GF3A_DIRECTIONAL_WRITE_EXHAUSTED_PRIMALITY_UNASSIGNED,514,512,512,NO_RECORDED_FACTOR_PRP_OR_LL_RESULT_AND_NO_ACTIVE_GIMPS_ASSIGNMENT,2026-08-08T19:16:24+00:00,UNALLOCATED,,,,,
SLCMP700-4738,4738,4739,317491309,2^317491309-1,STRUCTURAL_SCREEN_EXHAUSTED_PRIMALITY_UNASSIGNED,GF3A_DIRECTIONAL_WRITE_EXHAUSTED_PRIMALITY_UNASSIGNED,513,512,512,NO_RECORDED_FACTOR_PRP_OR_LL_RESULT_AND_NO_ACTIVE_GIMPS_ASSIGNMENT,2026-08-08T19:16:24+00:00,UNALLOCATED,,,,,
SLCMP700-4739,4739,4740,317491327,2^317491327-1,STRUCTURAL_SCREEN_EXHAUSTED_PRIMALITY_UNASSIGNED,GF3A_DIRECTIONAL_WRITE_EXHAUSTED_PRIMALITY_UNASSIGNED,514,512,512,NO_RECORDED_FACTOR_PRP_OR_LL_RESULT_AND_NO_ACTIVE_GIMPS_ASSIGNMENT,2026-08-08T19:16:24+00:00,UNALLOCATED,,,,,
SLCMP700-4740,4740,4741,317491411,2^317491411-1,STRUCTURAL_SCREEN_EXHAUSTED_PRIMALITY_UNASSIGNED,GF3A_DIRECTIONAL_WRITE_EXHAUSTED_PRIMALITY_UNASSIGNED,514,512,512,NO_RECORDED_FACTOR_PRP_OR_LL_RESULT_AND_NO_ACTIVE_GIMPS_ASSIGNMENT,2026-08-08T19:16:24+00:00,UNALLOCATED,,,,,
SLCMP700-4741,4741,4742,317491457,2^317491457-1,STRUCTURAL_SCREEN_EXHAUSTED_PRIMALITY_UNASSIGNED,GF3A_DIRECTIONAL_WRITE_EXHAUSTED_PRIMALITY_UNASSIGNED,513,512,512,NO_RECORDED_FACTOR_PRP_OR_LL_RESULT_AND_NO_ACTIVE_GIMPS_ASSIGNMENT,2026-08-08T19:16:24+00:00,UNALLOCATED,,,,,
SLCMP700-4742,4742,4743,317491459,2^317491459-1,STRUCTURAL_SCREEN_EXHAUSTED_PRIMALITY_UNASSIGNED,GF3A_DIRECTIONAL_WRITE_EXHAUSTED_PRIMALITY_UNASSIGNED,514,512,512,NO_RECORDED_FACTOR_PRP_OR_LL_RESULT_AND_NO_ACTIVE_GIMPS_ASSIGNMENT,2026-08-08T19:16:24+00:00,UNALLOCATED,,,,,
SLCMP700-4743,4743,4744,317491511,2^317491511-1,STRUCTURAL_SCREEN_EXHAUSTED_PRIMALITY_UNASSIGNED,GF3A_DIRECTIONAL_WRITE_EXHAUSTED_PRIMALITY_UNASSIGNED,514,512,512,NO_RECORDED_FACTOR_PRP_OR_LL_RESULT_AND_NO_ACTIVE_GIMPS_ASSIGNMENT,2026-08-08T19:16:24+00:00,UNALLOCATED,,,,,
SLCMP700-4744,4744,4745,317491529,2^317491529-1,STRUCTURAL_SCREEN_EXHAUSTED_PRIMALITY_UNASSIGNED,GF3A_DIRECTIONAL_WRITE_EXHAUSTED_PRIMALITY_UNASSIGNED,513,512,512,NO_RECORDED_FACTOR_PRP_OR_LL_RESULT_AND_NO_ACTIVE_GIMPS_ASSIGNMENT,2026-08-08T19:16:24+00:00,UNALLOCATED,,,,,
SLCMP700-4745,4745,4746,317491637,2^317491637-1,STRUCTURAL_SCREEN_EXHAUSTED_PRIMALITY_UNASSIGNED,GF3A_DIRECTIONAL_WRITE_EXHAUSTED_PRIMALITY_UNASSIGNED,513,512,512,NO_RECORDED_FACTOR_PRP_OR_LL_RESULT_AND_NO_ACTIVE_GIMPS_ASSIGNMENT,2026-08-08T19:16:24+00:00,UNALLOCATED,,,,,
SLCMP700-4746,4746,4747,317491771,2^317491771-1,STRUCTURAL_SCREEN_EXHAUSTED_PRIMALITY_UNASSIGNED,GF3A_DIRECTIONAL_WRITE_EXHAUSTED_PRIMALITY_UNASSIGNED,514,512,512,NO_RECORDED_FACTOR_PRP_OR_LL_RESULT_AND_NO_ACTIVE_GIMPS_ASSIGNMENT,2026-08-08T19:16:24+00:00,UNALLOCATED,,,,,
SLCMP700-4747,4747,4748,317491781,2^317491781-1,STRUCTURAL_SCREEN_EXHAUSTED_PRIMALITY_UNASSIGNED,GF3A_DIRECTIONAL_WRITE_EXHAUSTED_PRIMALITY_UNASSIGNED,513,512,512,NO_RECORDED_FACTOR_PRP_OR_LL_RESULT_AND_NO_ACTIVE_GIMPS_ASSIGNMENT,2026-08-08T19:16:24+00:00,UNALLOCATED,,,,,
SLCMP700-4748,4748,4749,317491817,2^317491817-1,STRUCTURAL_SCREEN_EXHAUSTED_PRIMALITY_UNASSIGNED,GF3A_DIRECTIONAL_WRITE_EXHAUSTED_PRIMALITY_UNASSIGNED,513,512,512,NO_RECORDED_FACTOR_PRP_OR_LL_RESULT_AND_NO_ACTIVE_GIMPS_ASSIGNMENT,2026-08-08T19:16:24+00:00,UNALLOCATED,,,,,
SLCMP700-4749,4749,4750,317491829,2^317491829-1,STRUCTURAL_SCREEN_EXHAUSTED_PRIMALITY_UNASSIGNED,GF3A_DIRECTIONAL_WRITE_EXHAUSTED_PRIMALITY_UNASSIGNED,513,512,512,NO_RECORDED_FACTOR_PRP_OR_LL_RESULT_AND_NO_ACTIVE_GIMPS_ASSIGNMENT,2026-08-08T19:16:24+00:00,UNALLOCATED,,,,,
SLCMP700-4750,4750,4751,317491831,2^317491831-1,STRUCTURAL_SCREEN_EXHAUSTED_PRIMALITY_UNASSIGNED,GF3A_DIRECTIONAL_WRITE_EXHAUSTED_PRIMALITY_UNASSIGNED,514,512,512,NO_RECORDED_FACTOR_PRP_OR_LL_RESULT_AND_NO_ACTIVE_GIMPS_ASSIGNMENT,2026-08-08T19:16:24+00:00,UNALLOCATED,,,,,
SLCMP700-4751,4751,4752,317491841,2^317491841-1,STRUCTURAL_SCREEN_EXHAUSTED_PRIMALITY_UNASSIGNED,GF3A_DIRECTIONAL_WRITE_EXHAUSTED_PRIMALITY_UNASSIGNED,513,512,512,NO_RECORDED_FACTOR_PRP_OR_LL_RESULT_AND_NO_ACTIVE_GIMPS_ASSIGNMENT,2026-08-08T19:16:24+00:00,UNALLOCATED,,,,,
SLCMP700-4752,4752,4753,317491871,2^317491871-1,STRUCTURAL_SCREEN_EXHAUSTED_PRIMALITY_UNASSIGNED,GF3A_DIRECTIONAL_WRITE_EXHAUSTED_PRIMALITY_UNASSIGNED,514,512,512,NO_RECORDED_FACTOR_PRP_OR_LL_RESULT_AND_NO_ACTIVE_GIMPS_ASSIGNMENT,2026-08-08T19:16:24+00:00,UNALLOCATED,,,,,
SLCMP700-4753,4753,4754,317491891,2^317491891-1,STRUCTURAL_SCREEN_EXHAUSTED_PRIMALITY_UNASSIGNED,GF3A_DIRECTIONAL_WRITE_EXHAUSTED_PRIMALITY_UNASSIGNED,514,512,512,NO_RECORDED_FACTOR_PRP_OR_LL_RESULT_AND_NO_ACTIVE_GIMPS_ASSIGNMENT,2026-08-08T19:16:24+00:00,UNALLOCATED,,,,,
SLCMP700-4754,4754,4755,317491973,2^317491973-1,STRUCTURAL_SCREEN_EXHAUSTED_PRIMALITY_UNASSIGNED,GF3A_DIRECTIONAL_WRITE_EXHAUSTED_PRIMALITY_UNASSIGNED,513,512,512,NO_RECORDED_FACTOR_PRP_OR_LL_RESULT_AND_NO_ACTIVE_GIMPS_ASSIGNMENT,2026-08-08T19:16:24+00:00,UNALLOCATED,,,,,
SLCMP700-4755,4755,4756,317491997,2^317491997-1,STRUCTURAL_SCREEN_EXHAUSTED_PRIMALITY_UNASSIGNED,GF3A_DIRECTIONAL_WRITE_EXHAUSTED_PRIMALITY_UNASSIGNED,513,512,512,NO_RECORDED_FACTOR_PRP_OR_LL_RESULT_AND_NO_ACTIVE_GIMPS_ASSIGNMENT,2026-08-08T19:16:24+00:00,UNALLOCATED,,,,,
SLCMP700-4756,4756,4757,317492011,2^317492011-1,STRUCTURAL_SCREEN_EXHAUSTED_PRIMALITY_UNASSIGNED,GF3A_DIRECTIONAL_WRITE_EXHAUSTED_PRIMALITY_UNASSIGNED,514,512,512,NO_RECORDED_FACTOR_PRP_OR_LL_RESULT_AND_NO_ACTIVE_GIMPS_ASSIGNMENT,2026-08-08T19:16:24+00:00,UNALLOCATED,,,,,
SLCMP700-4757,4757,4758,317492057,2^317492057-1,STRUCTURAL_SCREEN_EXHAUSTED_PRIMALITY_UNASSIGNED,GF3A_DIRECTIONAL_WRITE_EXHAUSTED_PRIMALITY_UNASSIGNED,513,512,512,NO_RECORDED_FACTOR_PRP_OR_LL_RESULT_AND_NO_ACTIVE_GIMPS_ASSIGNMENT,2026-08-08T19:16:24+00:00,UNALLOCATED,,,,,
SLCMP700-4758,4758,4759,317492107,2^317492107-1,STRUCTURAL_SCREEN_EXHAUSTED_PRIMALITY_UNASSIGNED,GF3A_DIRECTIONAL_WRITE_EXHAUSTED_PRIMALITY_UNASSIGNED,514,512,512,NO_RECORDED_FACTOR_PRP_OR_LL_RESULT_AND_NO_ACTIVE_GIMPS_ASSIGNMENT,2026-08-08T19:16:24+00:00,UNALLOCATED,,,,,
SLCMP700-4759,4759,4760,317492117,2^317492117-1,STRUCTURAL_SCREEN_EXHAUSTED_PRIMALITY_UNASSIGNED,GF3A_DIRECTIONAL_WRITE_EXHAUSTED_PRIMALITY_UNASSIGNED,513,512,512,NO_RECORDED_FACTOR_PRP_OR_LL_RESULT_AND_NO_ACTIVE_GIMPS_ASSIGNMENT,2026-08-08T19:16:24+00:00,UNALLOCATED,,,,,
SLCMP700-4760,4760,4761,317492179,2^317492179-1,STRUCTURAL_SCREEN_EXHAUSTED_PRIMALITY_UNASSIGNED,GF3A_DIRECTIONAL_WRITE_EXHAUSTED_PRIMALITY_UNASSIGNED,514,512,512,NO_RECORDED_FACTOR_PRP_OR_LL_RESULT_AND_NO_ACTIVE_GIMPS_ASSIGNMENT,2026-08-08T19:16:24+00:00,UNALLOCATED,,,,,
SLCMP700-4761,4761,4762,317492213,2^317492213-1,STRUCTURAL_SCREEN_EXHAUSTED_PRIMALITY_UNASSIGNED,GF3A_DIRECTIONAL_WRITE_EXHAUSTED_PRIMALITY_UNASSIGNED,513,512,512,NO_RECORDED_FACTOR_PRP_OR_LL_RESULT_AND_NO_ACTIVE_GIMPS_ASSIGNMENT,2026-08-08T19:16:24+00:00,UNALLOCATED,,,,,
SLCMP700-4762,4762,4763,317492267,2^317492267-1,STRUCTURAL_SCREEN_EXHAUSTED_PRIMALITY_UNASSIGNED,GF3A_DIRECTIONAL_WRITE_EXHAUSTED_PRIMALITY_UNASSIGNED,514,512,512,NO_RECORDED_FACTOR_PRP_OR_LL_RESULT_AND_NO_ACTIVE_GIMPS_ASSIGNMENT,2026-08-08T19:16:24+00:00,UNALLOCATED,,,,,
SLCMP700-4763,4763,4764,317492321,2^317492321-1,STRUCTURAL_SCREEN_EXHAUSTED_PRIMALITY_UNASSIGNED,GF3A_DIRECTIONAL_WRITE_EXHAUSTED_PRIMALITY_UNASSIGNED,513,512,512,NO_RECORDED_FACTOR_PRP_OR_LL_RESULT_AND_NO_ACTIVE_GIMPS_ASSIGNMENT,2026-08-08T19:16:24+00:00,UNALLOCATED,,,,,
SLCMP700-4764,4764,4765,317492381,2^317492381-1,STRUCTURAL_SCREEN_EXHAUSTED_PRIMALITY_UNASSIGNED,GF3A_DIRECTIONAL_WRITE_EXHAUSTED_PRIMALITY_UNASSIGNED,513,512,512,NO_RECORDED_FACTOR_PRP_OR_LL_RESULT_AND_NO_ACTIVE_GIMPS_ASSIGNMENT,2026-08-08T19:16:24+00:00,UNALLOCATED,,,,,
SLCMP700-4765,4765,4766,317492411,2^317492411-1,STRUCTURAL_SCREEN_EXHAUSTED_PRIMALITY_UNASSIGNED,GF3A_DIRECTIONAL_WRITE_EXHAUSTED_PRIMALITY_UNASSIGNED,514,512,512,NO_RECORDED_FACTOR_PRP_OR_LL_RESULT_AND_NO_ACTIVE_GIMPS_ASSIGNMENT,2026-08-08T19:16:24+00:00,UNALLOCATED,,,,,
SLCMP700-4766,4766,4767,317492423,2^317492423-1,STRUCTURAL_SCREEN_EXHAUSTED_PRIMALITY_UNASSIGNED,GF3A_DIRECTIONAL_WRITE_EXHAUSTED_PRIMALITY_UNASSIGNED,514,512,512,NO_RECORDED_FACTOR_PRP_OR_LL_RESULT_AND_NO_ACTIVE_GIMPS_ASSIGNMENT,2026-08-08T19:16:24+00:00,UNALLOCATED,,,,,
SLCMP700-4767,4767,4768,317492443,2^317492443-1,STRUCTURAL_SCREEN_EXHAUSTED_PRIMALITY_UNASSIGNED,GF3A_DIRECTIONAL_WRITE_EXHAUSTED_PRIMALITY_UNASSIGNED,514,512,512,NO_RECORDED_FACTOR_PRP_OR_LL_RESULT_AND_NO_ACTIVE_GIMPS_ASSIGNMENT,2026-08-08T19:16:24+00:00,UNALLOCATED,,,,,
SLCMP700-4768,4768,4769,317492447,2^317492447-1,STRUCTURAL_SCREEN_EXHAUSTED_PRIMALITY_UNASSIGNED,GF3A_DIRECTIONAL_WRITE_EXHAUSTED_PRIMALITY_UNASSIGNED,514,512,512,NO_RECORDED_FACTOR_PRP_OR_LL_RESULT_AND_NO_ACTIVE_GIMPS_ASSIGNMENT,2026-08-08T19:16:24+00:00,UNALLOCATED,,,,,
SLCMP700-4769,4769,4770,317492477,2^317492477-1,STRUCTURAL_SCREEN_EXHAUSTED_PRIMALITY_UNASSIGNED,GF3A_DIRECTIONAL_WRITE_EXHAUSTED_PRIMALITY_UNASSIGNED,513,512,512,NO_RECORDED_FACTOR_PRP_OR_LL_RESULT_AND_NO_ACTIVE_GIMPS_ASSIGNMENT,2026-08-08T19:16:24+00:00,UNALLOCATED,,,,,
SLCMP700-4770,4770,4771,317492491,2^317492491-1,STRUCTURAL_SCREEN_EXHAUSTED_PRIMALITY_UNASSIGNED,GF3A_DIRECTIONAL_WRITE_EXHAUSTED_PRIMALITY_UNASSIGNED,514,512,512,NO_RECORDED_FACTOR_PRP_OR_LL_RESULT_AND_NO_ACTIVE_GIMPS_ASSIGNMENT,2026-08-08T19:16:24+00:00,UNALLOCATED,,,,,
SLCMP700-4771,4771,4772,317492537,2^317492537-1,STRUCTURAL_SCREEN_EXHAUSTED_PRIMALITY_UNASSIGNED,GF3A_DIRECTIONAL_WRITE_EXHAUSTED_PRIMALITY_UNASSIGNED,513,512,512,NO_RECORDED_FACTOR_PRP_OR_LL_RESULT_AND_NO_ACTIVE_GIMPS_ASSIGNMENT,2026-08-08T19:16:24+00:00,UNALLOCATED,,,,,
SLCMP700-4772,4772,4773,317492569,2^317492569-1,STRUCTURAL_SCREEN_EXHAUSTED_PRIMALITY_UNASSIGNED,GF3A_DIRECTIONAL_WRITE_EXHAUSTED_PRIMALITY_UNASSIGNED,513,512,512,NO_RECORDED_FACTOR_PRP_OR_LL_RESULT_AND_NO_ACTIVE_GIMPS_ASSIGNMENT,2026-08-08T19:16:24+00:00,UNALLOCATED,,,,,
SLCMP700-4773,4773,4774,317492653,2^317492653-1,STRUCTURAL_SCREEN_EXHAUSTED_PRIMALITY_UNASSIGNED,GF3A_DIRECTIONAL_WRITE_EXHAUSTED_PRIMALITY_UNASSIGNED,513,512,512,NO_RECORDED_FACTOR_PRP_OR_LL_RESULT_AND_NO_ACTIVE_GIMPS_ASSIGNMENT,2026-08-08T19:16:24+00:00,UNALLOCATED,,,,,
SLCMP700-4774,4774,4775,317492701,2^317492701-1,STRUCTURAL_SCREEN_EXHAUSTED_PRIMALITY_UNASSIGNED,GF3A_DIRECTIONAL_WRITE_EXHAUSTED_PRIMALITY_UNASSIGNED,513,512,512,NO_RECORDED_FACTOR_PRP_OR_LL_RESULT_AND_NO_ACTIVE_GIMPS_ASSIGNMENT,2026-08-08T19:16:24+00:00,UNALLOCATED,,,,,
SLCMP700-4775,4775,4776,317492723,2^317492723-1,STRUCTURAL_SCREEN_EXHAUSTED_PRIMALITY_UNASSIGNED,GF3A_DIRECTIONAL_WRITE_EXHAUSTED_PRIMALITY_UNASSIGNED,514,512,512,NO_RECORDED_FACTOR_PRP_OR_LL_RESULT_AND_NO_ACTIVE_GIMPS_ASSIGNMENT,2026-08-08T19:16:24+00:00,UNALLOCATED,,,,,
SLCMP700-4776,4776,4777,317492909,2^317492909-1,STRUCTURAL_SCREEN_EXHAUSTED_PRIMALITY_UNASSIGNED,GF3A_DIRECTIONAL_WRITE_EXHAUSTED_PRIMALITY_UNASSIGNED,513,512,512,NO_RECORDED_FACTOR_PRP_OR_LL_RESULT_AND_NO_ACTIVE_GIMPS_ASSIGNMENT,2026-08-08T19:16:24+00:00,UNALLOCATED,,,,,
SLCMP700-4777,4777,4778,317492933,2^317492933-1,STRUCTURAL_SCREEN_EXHAUSTED_PRIMALITY_UNASSIGNED,GF3A_DIRECTIONAL_WRITE_EXHAUSTED_PRIMALITY_UNASSIGNED,513,512,512,NO_RECORDED_FACTOR_PRP_OR_LL_RESULT_AND_NO_ACTIVE_GIMPS_ASSIGNMENT,2026-08-08T19:16:24+00:00,UNALLOCATED,,,,,
SLCMP700-4778,4778,4779,317492939,2^317492939-1,STRUCTURAL_SCREEN_EXHAUSTED_PRIMALITY_UNASSIGNED,GF3A_DIRECTIONAL_WRITE_EXHAUSTED_PRIMALITY_UNASSIGNED,514,512,512,NO_RECORDED_FACTOR_PRP_OR_LL_RESULT_AND_NO_ACTIVE_GIMPS_ASSIGNMENT,2026-08-08T19:16:24+00:00,UNALLOCATED,,,,,
SLCMP700-4779,4779,4780,317492941,2^317492941-1,STRUCTURAL_SCREEN_EXHAUSTED_PRIMALITY_UNASSIGNED,GF3A_DIRECTIONAL_WRITE_EXHAUSTED_PRIMALITY_UNASSIGNED,513,512,512,NO_RECORDED_FACTOR_PRP_OR_LL_RESULT_AND_NO_ACTIVE_GIMPS_ASSIGNMENT,2026-08-08T19:16:24+00:00,UNALLOCATED,,,,,
SLCMP700-4780,4780,4781,317492963,2^317492963-1,STRUCTURAL_SCREEN_EXHAUSTED_PRIMALITY_UNASSIGNED,GF3A_DIRECTIONAL_WRITE_EXHAUSTED_PRIMALITY_UNASSIGNED,514,512,512,NO_RECORDED_FACTOR_PRP_OR_LL_RESULT_AND_NO_ACTIVE_GIMPS_ASSIGNMENT,2026-08-08T19:16:24+00:00,UNALLOCATED,,,,,
SLCMP700-4781,4781,4782,317493017,2^317493017-1,STRUCTURAL_SCREEN_EXHAUSTED_PRIMALITY_UNASSIGNED,GF3A_DIRECTIONAL_WRITE_EXHAUSTED_PRIMALITY_UNASSIGNED,513,512,512,NO_RECORDED_FACTOR_PRP_OR_LL_RESULT_AND_NO_ACTIVE_GIMPS_ASSIGNMENT,2026-08-08T19:16:24+00:00,UNALLOCATED,,,,,
SLCMP700-4782,4782,4783,317493019,2^317493019-1,STRUCTURAL_SCREEN_EXHAUSTED_PRIMALITY_UNASSIGNED,GF3A_DIRECTIONAL_WRITE_EXHAUSTED_PRIMALITY_UNASSIGNED,514,512,512,NO_RECORDED_FACTOR_PRP_OR_LL_RESULT_AND_NO_ACTIVE_GIMPS_ASSIGNMENT,2026-08-08T19:16:24+00:00,UNALLOCATED,,,,,
SLCMP700-4783,4783,4784,317493061,2^317493061-1,STRUCTURAL_SCREEN_EXHAUSTED_PRIMALITY_UNASSIGNED,GF3A_DIRECTIONAL_WRITE_EXHAUSTED_PRIMALITY_UNASSIGNED,513,512,512,NO_RECORDED_FACTOR_PRP_OR_LL_RESULT_AND_NO_ACTIVE_GIMPS_ASSIGNMENT,2026-08-08T19:16:24+00:00,UNALLOCATED,,,,,
SLCMP700-4784,4784,4785,317493067,2^317493067-1,STRUCTURAL_SCREEN_EXHAUSTED_PRIMALITY_UNASSIGNED,GF3A_DIRECTIONAL_WRITE_EXHAUSTED_PRIMALITY_UNASSIGNED,514,512,512,NO_RECORDED_FACTOR_PRP_OR_LL_RESULT_AND_NO_ACTIVE_GIMPS_ASSIGNMENT,2026-08-08T19:16:24+00:00,UNALLOCATED,,,,,
SLCMP700-4785,4785,4786,317493083,2^317493083-1,STRUCTURAL_SCREEN_EXHAUSTED_PRIMALITY_UNASSIGNED,GF3A_DIRECTIONAL_WRITE_EXHAUSTED_PRIMALITY_UNASSIGNED,514,512,512,NO_RECORDED_FACTOR_PRP_OR_LL_RESULT_AND_NO_ACTIVE_GIMPS_ASSIGNMENT,2026-08-08T19:16:24+00:00,UNALLOCATED,,,,,
SLCMP700-4786,4786,4787,317493091,2^317493091-1,STRUCTURAL_SCREEN_EXHAUSTED_PRIMALITY_UNASSIGNED,GF3A_DIRECTIONAL_WRITE_EXHAUSTED_PRIMALITY_UNASSIGNED,514,512,512,NO_RECORDED_FACTOR_PRP_OR_LL_RESULT_AND_NO_ACTIVE_GIMPS_ASSIGNMENT,2026-08-08T19:16:24+00:00,UNALLOCATED,,,,,
SLCMP700-4787,4787,4788,317493107,2^317493107-1,STRUCTURAL_SCREEN_EXHAUSTED_PRIMALITY_UNASSIGNED,GF3A_DIRECTIONAL_WRITE_EXHAUSTED_PRIMALITY_UNASSIGNED,514,512,512,NO_RECORDED_FACTOR_PRP_OR_LL_RESULT_AND_NO_ACTIVE_GIMPS_ASSIGNMENT,2026-08-08T19:16:24+00:00,UNALLOCATED,,,,,
SLCMP700-4788,4788,4789,317493191,2^317493191-1,STRUCTURAL_SCREEN_EXHAUSTED_PRIMALITY_UNASSIGNED,GF3A_DIRECTIONAL_WRITE_EXHAUSTED_PRIMALITY_UNASSIGNED,514,512,512,NO_RECORDED_FACTOR_PRP_OR_LL_RESULT_AND_NO_ACTIVE_GIMPS_ASSIGNMENT,2026-08-08T19:16:24+00:00,UNALLOCATED,,,,,
SLCMP700-4789,4789,4790,317493199,2^317493199-1,STRUCTURAL_SCREEN_EXHAUSTED_PRIMALITY_UNASSIGNED,GF3A_DIRECTIONAL_WRITE_EXHAUSTED_PRIMALITY_UNASSIGNED,514,512,512,NO_RECORDED_FACTOR_PRP_OR_LL_RESULT_AND_NO_ACTIVE_GIMPS_ASSIGNMENT,2026-08-08T19:16:24+00:00,UNALLOCATED,,,,,
SLCMP700-4790,4790,4791,317493221,2^317493221-1,STRUCTURAL_SCREEN_EXHAUSTED_PRIMALITY_UNASSIGNED,GF3A_DIRECTIONAL_WRITE_EXHAUSTED_PRIMALITY_UNASSIGNED,513,512,512,NO_RECORDED_FACTOR_PRP_OR_LL_RESULT_AND_NO_ACTIVE_GIMPS_ASSIGNMENT,2026-08-08T19:16:24+00:00,UNALLOCATED,,,,,
SLCMP700-4791,4791,4792,317493229,2^317493229-1,STRUCTURAL_SCREEN_EXHAUSTED_PRIMALITY_UNASSIGNED,GF3A_DIRECTIONAL_WRITE_EXHAUSTED_PRIMALITY_UNASSIGNED,513,512,512,NO_RECORDED_FACTOR_PRP_OR_LL_RESULT_AND_NO_ACTIVE_GIMPS_ASSIGNMENT,2026-08-08T19:16:24+00:00,UNALLOCATED,,,,,
SLCMP700-4792,4792,4793,317493283,2^317493283-1,STRUCTURAL_SCREEN_EXHAUSTED_PRIMALITY_UNASSIGNED,GF3A_DIRECTIONAL_WRITE_EXHAUSTED_PRIMALITY_UNASSIGNED,514,512,512,NO_RECORDED_FACTOR_PRP_OR_LL_RESULT_AND_NO_ACTIVE_GIMPS_ASSIGNMENT,2026-08-08T19:16:24+00:00,UNALLOCATED,,,,,
SLCMP700-4793,4793,4794,317493391,2^317493391-1,STRUCTURAL_SCREEN_EXHAUSTED_PRIMALITY_UNASSIGNED,GF3A_DIRECTIONAL_WRITE_EXHAUSTED_PRIMALITY_UNASSIGNED,514,512,512,NO_RECORDED_FACTOR_PRP_OR_LL_RESULT_AND_NO_ACTIVE_GIMPS_ASSIGNMENT,2026-08-08T19:16:24+00:00,UNALLOCATED,,,,,
SLCMP700-4794,4794,4795,317493409,2^317493409-1,STRUCTURAL_SCREEN_EXHAUSTED_PRIMALITY_UNASSIGNED,GF3A_DIRECTIONAL_WRITE_EXHAUSTED_PRIMALITY_UNASSIGNED,513,512,512,NO_RECORDED_FACTOR_PRP_OR_LL_RESULT_AND_NO_ACTIVE_GIMPS_ASSIGNMENT,2026-08-08T19:16:24+00:00,UNALLOCATED,,,,,
SLCMP700-4795,4795,4796,317493457,2^317493457-1,STRUCTURAL_SCREEN_EXHAUSTED_PRIMALITY_UNASSIGNED,GF3A_DIRECTIONAL_WRITE_EXHAUSTED_PRIMALITY_UNASSIGNED,513,512,512,NO_RECORDED_FACTOR_PRP_OR_LL_RESULT_AND_NO_ACTIVE_GIMPS_ASSIGNMENT,2026-08-08T19:16:24+00:00,UNALLOCATED,,,,,
SLCMP700-4796,4796,4797,317493493,2^317493493-1,STRUCTURAL_SCREEN_EXHAUSTED_PRIMALITY_UNASSIGNED,GF3A_DIRECTIONAL_WRITE_EXHAUSTED_PRIMALITY_UNASSIGNED,513,512,512,NO_RECORDED_FACTOR_PRP_OR_LL_RESULT_AND_NO_ACTIVE_GIMPS_ASSIGNMENT,2026-08-08T19:16:24+00:00,UNALLOCATED,,,,,
SLCMP700-4797,4797,4798,317493529,2^317493529-1,STRUCTURAL_SCREEN_EXHAUSTED_PRIMALITY_UNASSIGNED,GF3A_DIRECTIONAL_WRITE_EXHAUSTED_PRIMALITY_UNASSIGNED,513,512,512,NO_RECORDED_FACTOR_PRP_OR_LL_RESULT_AND_NO_ACTIVE_GIMPS_ASSIGNMENT,2026-08-08T19:16:24+00:00,UNALLOCATED,,,,,
SLCMP700-4798,4798,4799,317493557,2^317493557-1,STRUCTURAL_SCREEN_EXHAUSTED_PRIMALITY_UNASSIGNED,GF3A_DIRECTIONAL_WRITE_EXHAUSTED_PRIMALITY_UNASSIGNED,513,512,512,NO_RECORDED_FACTOR_PRP_OR_LL_RESULT_AND_NO_ACTIVE_GIMPS_ASSIGNMENT,2026-08-08T19:16:24+00:00,UNALLOCATED,,,,,
SLCMP700-4799,4799,4800,317493623,2^317493623-1,STRUCTURAL_SCREEN_EXHAUSTED_PRIMALITY_UNASSIGNED,GF3A_DIRECTIONAL_WRITE_EXHAUSTED_PRIMALITY_UNASSIGNED,514,512,512,NO_RECORDED_FACTOR_PRP_OR_LL_RESULT_AND_NO_ACTIVE_GIMPS_ASSIGNMENT,2026-08-08T19:16:24+00:00,UNALLOCATED,,,,,
SLCMP700-4800,4800,4801,317493643,2^317493643-1,STRUCTURAL_SCREEN_EXHAUSTED_PRIMALITY_UNASSIGNED,GF3A_DIRECTIONAL_WRITE_EXHAUSTED_PRIMALITY_UNASSIGNED,514,512,512,NO_RECORDED_FACTOR_PRP_OR_LL_RESULT_AND_NO_ACTIVE_GIMPS_ASSIGNMENT,2026-08-08T19:16:24+00:00,UNALLOCATED,,,,,
SLCMP700-4801,4801,4802,317493703,2^317493703-1,STRUCTURAL_SCREEN_EXHAUSTED_PRIMALITY_UNASSIGNED,GF3A_DIRECTIONAL_WRITE_EXHAUSTED_PRIMALITY_UNASSIGNED,514,512,512,NO_RECORDED_FACTOR_PRP_OR_LL_RESULT_AND_NO_ACTIVE_GIMPS_ASSIGNMENT,2026-08-08T19:16:24+00:00,UNALLOCATED,,,,,
SLCMP700-4802,4802,4803,317493779,2^317493779-1,STRUCTURAL_SCREEN_EXHAUSTED_PRIMALITY_UNASSIGNED,GF3A_DIRECTIONAL_WRITE_EXHAUSTED_PRIMALITY_UNASSIGNED,514,512,512,NO_RECORDED_FACTOR_PRP_OR_LL_RESULT_AND_NO_ACTIVE_GIMPS_ASSIGNMENT,2026-08-08T19:16:24+00:00,UNALLOCATED,,,,,
SLCMP700-4803,4803,4804,317493793,2^317493793-1,STRUCTURAL_SCREEN_EXHAUSTED_PRIMALITY_UNASSIGNED,GF3A_DIRECTIONAL_WRITE_EXHAUSTED_PRIMALITY_UNASSIGNED,513,512,512,NO_RECORDED_FACTOR_PRP_OR_LL_RESULT_AND_NO_ACTIVE_GIMPS_ASSIGNMENT,2026-08-08T19:16:24+00:00,UNALLOCATED,,,,,
SLCMP700-4804,4804,4805,317493823,2^317493823-1,STRUCTURAL_SCREEN_EXHAUSTED_PRIMALITY_UNASSIGNED,GF3A_DIRECTIONAL_WRITE_EXHAUSTED_PRIMALITY_UNASSIGNED,514,512,512,NO_RECORDED_FACTOR_PRP_OR_LL_RESULT_AND_NO_ACTIVE_GIMPS_ASSIGNMENT,2026-08-08T19:16:24+00:00,UNALLOCATED,,,,,
SLCMP700-4805,4805,4806,317493871,2^317493871-1,STRUCTURAL_SCREEN_EXHAUSTED_PRIMALITY_UNASSIGNED,GF3A_DIRECTIONAL_WRITE_EXHAUSTED_PRIMALITY_UNASSIGNED,514,512,512,NO_RECORDED_FACTOR_PRP_OR_LL_RESULT_AND_NO_ACTIVE_GIMPS_ASSIGNMENT,2026-08-08T19:16:24+00:00,UNALLOCATED,,,,,
SLCMP700-4806,4806,4807,317493889,2^317493889-1,STRUCTURAL_SCREEN_EXHAUSTED_PRIMALITY_UNASSIGNED,GF3A_DIRECTIONAL_WRITE_EXHAUSTED_PRIMALITY_UNASSIGNED,513,512,512,NO_RECORDED_FACTOR_PRP_OR_LL_RESULT_AND_NO_ACTIVE_GIMPS_ASSIGNMENT,2026-08-08T19:16:24+00:00,UNALLOCATED,,,,,
SLCMP700-4807,4807,4808,317493919,2^317493919-1,STRUCTURAL_SCREEN_EXHAUSTED_PRIMALITY_UNASSIGNED,GF3A_DIRECTIONAL_WRITE_EXHAUSTED_PRIMALITY_UNASSIGNED,514,512,512,NO_RECORDED_FACTOR_PRP_OR_LL_RESULT_AND_NO_ACTIVE_GIMPS_ASSIGNMENT,2026-08-08T19:16:24+00:00,UNALLOCATED,,,,,
SLCMP700-4808,4808,4809,317493947,2^317493947-1,STRUCTURAL_SCREEN_EXHAUSTED_PRIMALITY_UNASSIGNED,GF3A_DIRECTIONAL_WRITE_EXHAUSTED_PRIMALITY_UNASSIGNED,514,512,512,NO_RECORDED_FACTOR_PRP_OR_LL_RESULT_AND_NO_ACTIVE_GIMPS_ASSIGNMENT,2026-08-08T19:16:24+00:00,UNALLOCATED,,,,,
SLCMP700-4809,4809,4810,317493973,2^317493973-1,STRUCTURAL_SCREEN_EXHAUSTED_PRIMALITY_UNASSIGNED,GF3A_DIRECTIONAL_WRITE_EXHAUSTED_PRIMALITY_UNASSIGNED,513,512,512,NO_RECORDED_FACTOR_PRP_OR_LL_RESULT_AND_NO_ACTIVE_GIMPS_ASSIGNMENT,2026-08-08T19:16:24+00:00,UNALLOCATED,,,,,
SLCMP700-4810,4810,4811,317494043,2^317494043-1,STRUCTURAL_SCREEN_EXHAUSTED_PRIMALITY_UNASSIGNED,GF3A_DIRECTIONAL_WRITE_EXHAUSTED_PRIMALITY_UNASSIGNED,514,512,512,NO_RECORDED_FACTOR_PRP_OR_LL_RESULT_AND_NO_ACTIVE_GIMPS_ASSIGNMENT,2026-08-08T19:16:24+00:00,UNALLOCATED,,,,,
SLCMP700-4811,4811,4812,317494087,2^317494087-1,STRUCTURAL_SCREEN_EXHAUSTED_PRIMALITY_UNASSIGNED,GF3A_DIRECTIONAL_WRITE_EXHAUSTED_PRIMALITY_UNASSIGNED,514,512,512,NO_RECORDED_FACTOR_PRP_OR_LL_RESULT_AND_NO_ACTIVE_GIMPS_ASSIGNMENT,2026-08-08T19:16:24+00:00,UNALLOCATED,,,,,
SLCMP700-4812,4812,4813,317494147,2^317494147-1,STRUCTURAL_SCREEN_EXHAUSTED_PRIMALITY_UNASSIGNED,GF3A_DIRECTIONAL_WRITE_EXHAUSTED_PRIMALITY_UNASSIGNED,514,512,512,NO_RECORDED_FACTOR_PRP_OR_LL_RESULT_AND_NO_ACTIVE_GIMPS_ASSIGNMENT,2026-08-08T19:16:24+00:00,UNALLOCATED,,,,,
SLCMP700-4813,4813,4814,317494217,2^317494217-1,STRUCTURAL_SCREEN_EXHAUSTED_PRIMALITY_UNASSIGNED,GF3A_DIRECTIONAL_WRITE_EXHAUSTED_PRIMALITY_UNASSIGNED,513,512,512,NO_RECORDED_FACTOR_PRP_OR_LL_RESULT_AND_NO_ACTIVE_GIMPS_ASSIGNMENT,2026-08-08T19:16:24+00:00,UNALLOCATED,,,,,
SLCMP700-4814,4814,4815,317494381,2^317494381-1,STRUCTURAL_SCREEN_EXHAUSTED_PRIMALITY_UNASSIGNED,GF3A_DIRECTIONAL_WRITE_EXHAUSTED_PRIMALITY_UNASSIGNED,513,512,512,NO_RECORDED_FACTOR_PRP_OR_LL_RESULT_AND_NO_ACTIVE_GIMPS_ASSIGNMENT,2026-08-08T19:16:24+00:00,UNALLOCATED,,,,,
SLCMP700-4815,4815,4816,317494403,2^317494403-1,STRUCTURAL_SCREEN_EXHAUSTED_PRIMALITY_UNASSIGNED,GF3A_DIRECTIONAL_WRITE_EXHAUSTED_PRIMALITY_UNASSIGNED,514,512,512,NO_RECORDED_FACTOR_PRP_OR_LL_RESULT_AND_NO_ACTIVE_GIMPS_ASSIGNMENT,2026-08-08T19:16:24+00:00,UNALLOCATED,,,,,
SLCMP700-4816,4816,4817,317494511,2^317494511-1,STRUCTURAL_SCREEN_EXHAUSTED_PRIMALITY_UNASSIGNED,GF3A_DIRECTIONAL_WRITE_EXHAUSTED_PRIMALITY_UNASSIGNED,514,512,512,NO_RECORDED_FACTOR_PRP_OR_LL_RESULT_AND_NO_ACTIVE_GIMPS_ASSIGNMENT,2026-08-08T19:16:24+00:00,UNALLOCATED,,,,,
SLCMP700-4817,4817,4818,317494543,2^317494543-1,STRUCTURAL_SCREEN_EXHAUSTED_PRIMALITY_UNASSIGNED,GF3A_DIRECTIONAL_WRITE_EXHAUSTED_PRIMALITY_UNASSIGNED,514,512,512,NO_RECORDED_FACTOR_PRP_OR_LL_RESULT_AND_NO_ACTIVE_GIMPS_ASSIGNMENT,2026-08-08T19:16:24+00:00,UNALLOCATED,,,,,
SLCMP700-4818,4818,4819,317494547,2^317494547-1,STRUCTURAL_SCREEN_EXHAUSTED_PRIMALITY_UNASSIGNED,GF3A_DIRECTIONAL_WRITE_EXHAUSTED_PRIMALITY_UNASSIGNED,514,512,512,NO_RECORDED_FACTOR_PRP_OR_LL_RESULT_AND_NO_ACTIVE_GIMPS_ASSIGNMENT,2026-08-08T19:16:24+00:00,UNALLOCATED,,,,,
SLCMP700-4819,4819,4820,317494549,2^317494549-1,STRUCTURAL_SCREEN_EXHAUSTED_PRIMALITY_UNASSIGNED,GF3A_DIRECTIONAL_WRITE_EXHAUSTED_PRIMALITY_UNASSIGNED,513,512,512,NO_RECORDED_FACTOR_PRP_OR_LL_RESULT_AND_NO_ACTIVE_GIMPS_ASSIGNMENT,2026-08-08T19:16:24+00:00,UNALLOCATED,,,,,
SLCMP700-4820,4820,4821,317494607,2^317494607-1,STRUCTURAL_SCREEN_EXHAUSTED_PRIMALITY_UNASSIGNED,GF3A_DIRECTIONAL_WRITE_EXHAUSTED_PRIMALITY_UNASSIGNED,514,512,512,NO_RECORDED_FACTOR_PRP_OR_LL_RESULT_AND_NO_ACTIVE_GIMPS_ASSIGNMENT,2026-08-08T19:16:24+00:00,UNALLOCATED,,,,,
SLCMP700-4821,4821,4822,317494643,2^317494643-1,STRUCTURAL_SCREEN_EXHAUSTED_PRIMALITY_UNASSIGNED,GF3A_DIRECTIONAL_WRITE_EXHAUSTED_PRIMALITY_UNASSIGNED,514,512,512,NO_RECORDED_FACTOR_PRP_OR_LL_RESULT_AND_NO_ACTIVE_GIMPS_ASSIGNMENT,2026-08-08T19:16:24+00:00,UNALLOCATED,,,,,
SLCMP700-4822,4822,4823,317494649,2^317494649-1,STRUCTURAL_SCREEN_EXHAUSTED_PRIMALITY_UNASSIGNED,GF3A_DIRECTIONAL_WRITE_EXHAUSTED_PRIMALITY_UNASSIGNED,513,512,512,NO_RECORDED_FACTOR_PRP_OR_LL_RESULT_AND_NO_ACTIVE_GIMPS_ASSIGNMENT,2026-08-08T19:16:24+00:00,UNALLOCATED,,,,,
SLCMP700-4823,4823,4824,317494687,2^317494687-1,STRUCTURAL_SCREEN_EXHAUSTED_PRIMALITY_UNASSIGNED,GF3A_DIRECTIONAL_WRITE_EXHAUSTED_PRIMALITY_UNASSIGNED,514,512,512,NO_RECORDED_FACTOR_PRP_OR_LL_RESULT_AND_NO_ACTIVE_GIMPS_ASSIGNMENT,2026-08-08T19:16:24+00:00,UNALLOCATED,,,,,
SLCMP700-4824,4824,4825,317494763,2^317494763-1,STRUCTURAL_SCREEN_EXHAUSTED_PRIMALITY_UNASSIGNED,GF3A_DIRECTIONAL_WRITE_EXHAUSTED_PRIMALITY_UNASSIGNED,514,512,512,NO_RECORDED_FACTOR_PRP_OR_LL_RESULT_AND_NO_ACTIVE_GIMPS_ASSIGNMENT,2026-08-08T19:16:24+00:00,UNALLOCATED,,,,,
SLCMP700-4825,4825,4826,317494841,2^317494841-1,STRUCTURAL_SCREEN_EXHAUSTED_PRIMALITY_UNASSIGNED,GF3A_DIRECTIONAL_WRITE_EXHAUSTED_PRIMALITY_UNASSIGNED,513,512,512,NO_RECORDED_FACTOR_PRP_OR_LL_RESULT_AND_NO_ACTIVE_GIMPS_ASSIGNMENT,2026-08-08T19:16:24+00:00,UNALLOCATED,,,,,
SLCMP700-4826,4826,4827,317494847,2^317494847-1,STRUCTURAL_SCREEN_EXHAUSTED_PRIMALITY_UNASSIGNED,GF3A_DIRECTIONAL_WRITE_EXHAUSTED_PRIMALITY_UNASSIGNED,514,512,512,NO_RECORDED_FACTOR_PRP_OR_LL_RESULT_AND_NO_ACTIVE_GIMPS_ASSIGNMENT,2026-08-08T19:16:24+00:00,UNALLOCATED,,,,,
SLCMP700-4827,4827,4828,317494943,2^317494943-1,STRUCTURAL_SCREEN_EXHAUSTED_PRIMALITY_UNASSIGNED,GF3A_DIRECTIONAL_WRITE_EXHAUSTED_PRIMALITY_UNASSIGNED,514,512,512,NO_RECORDED_FACTOR_PRP_OR_LL_RESULT_AND_NO_ACTIVE_GIMPS_ASSIGNMENT,2026-08-08T19:16:24+00:00,UNALLOCATED,,,,,
SLCMP700-4828,4828,4829,317494949,2^317494949-1,STRUCTURAL_SCREEN_EXHAUSTED_PRIMALITY_UNASSIGNED,GF3A_DIRECTIONAL_WRITE_EXHAUSTED_PRIMALITY_UNASSIGNED,513,512,512,NO_RECORDED_FACTOR_PRP_OR_LL_RESULT_AND_NO_ACTIVE_GIMPS_ASSIGNMENT,2026-08-08T19:16:24+00:00,UNALLOCATED,,,,,
SLCMP700-4829,4829,4830,317494979,2^317494979-1,STRUCTURAL_SCREEN_EXHAUSTED_PRIMALITY_UNASSIGNED,GF3A_DIRECTIONAL_WRITE_EXHAUSTED_PRIMALITY_UNASSIGNED,514,512,512,NO_RECORDED_FACTOR_PRP_OR_LL_RESULT_AND_NO_ACTIVE_GIMPS_ASSIGNMENT,2026-08-08T19:16:24+00:00,UNALLOCATED,,,,,
SLCMP700-4830,4830,4831,317495033,2^317495033-1,STRUCTURAL_SCREEN_EXHAUSTED_PRIMALITY_UNASSIGNED,GF3A_DIRECTIONAL_WRITE_EXHAUSTED_PRIMALITY_UNASSIGNED,513,512,512,NO_RECORDED_FACTOR_PRP_OR_LL_RESULT_AND_NO_ACTIVE_GIMPS_ASSIGNMENT,2026-08-08T19:16:24+00:00,UNALLOCATED,,,,,
SLCMP700-4831,4831,4832,317495203,2^317495203-1,STRUCTURAL_SCREEN_EXHAUSTED_PRIMALITY_UNASSIGNED,GF3A_DIRECTIONAL_WRITE_EXHAUSTED_PRIMALITY_UNASSIGNED,514,512,512,NO_RECORDED_FACTOR_PRP_OR_LL_RESULT_AND_NO_ACTIVE_GIMPS_ASSIGNMENT,2026-08-08T19:16:24+00:00,UNALLOCATED,,,,,
SLCMP700-4832,4832,4833,317495221,2^317495221-1,STRUCTURAL_SCREEN_EXHAUSTED_PRIMALITY_UNASSIGNED,GF3A_DIRECTIONAL_WRITE_EXHAUSTED_PRIMALITY_UNASSIGNED,513,512,512,NO_RECORDED_FACTOR_PRP_OR_LL_RESULT_AND_NO_ACTIVE_GIMPS_ASSIGNMENT,2026-08-08T19:16:24+00:00,UNALLOCATED,,,,,
SLCMP700-4833,4833,4834,317495249,2^317495249-1,STRUCTURAL_SCREEN_EXHAUSTED_PRIMALITY_UNASSIGNED,GF3A_DIRECTIONAL_WRITE_EXHAUSTED_PRIMALITY_UNASSIGNED,513,512,512,NO_RECORDED_FACTOR_PRP_OR_LL_RESULT_AND_NO_ACTIVE_GIMPS_ASSIGNMENT,2026-08-08T19:16:24+00:00,UNALLOCATED,,,,,
SLCMP700-4834,4834,4835,317495257,2^317495257-1,STRUCTURAL_SCREEN_EXHAUSTED_PRIMALITY_UNASSIGNED,GF3A_DIRECTIONAL_WRITE_EXHAUSTED_PRIMALITY_UNASSIGNED,513,512,512,NO_RECORDED_FACTOR_PRP_OR_LL_RESULT_AND_NO_ACTIVE_GIMPS_ASSIGNMENT,2026-08-08T19:16:24+00:00,UNALLOCATED,,,,,
SLCMP700-4835,4835,4836,317495317,2^317495317-1,STRUCTURAL_SCREEN_EXHAUSTED_PRIMALITY_UNASSIGNED,GF3A_DIRECTIONAL_WRITE_EXHAUSTED_PRIMALITY_UNASSIGNED,513,512,512,NO_RECORDED_FACTOR_PRP_OR_LL_RESULT_AND_NO_ACTIVE_GIMPS_ASSIGNMENT,2026-08-08T19:16:24+00:00,UNALLOCATED,,,,,
SLCMP700-4836,4836,4837,317495333,2^317495333-1,STRUCTURAL_SCREEN_EXHAUSTED_PRIMALITY_UNASSIGNED,GF3A_DIRECTIONAL_WRITE_EXHAUSTED_PRIMALITY_UNASSIGNED,513,512,512,NO_RECORDED_FACTOR_PRP_OR_LL_RESULT_AND_NO_ACTIVE_GIMPS_ASSIGNMENT,2026-08-08T19:16:24+00:00,UNALLOCATED,,,,,
SLCMP700-4837,4837,4838,317495341,2^317495341-1,STRUCTURAL_SCREEN_EXHAUSTED_PRIMALITY_UNASSIGNED,GF3A_DIRECTIONAL_WRITE_EXHAUSTED_PRIMALITY_UNASSIGNED,513,512,512,NO_RECORDED_FACTOR_PRP_OR_LL_RESULT_AND_NO_ACTIVE_GIMPS_ASSIGNMENT,2026-08-08T19:16:24+00:00,UNALLOCATED,,,,,
SLCMP700-4838,4838,4839,317495357,2^317495357-1,STRUCTURAL_SCREEN_EXHAUSTED_PRIMALITY_UNASSIGNED,GF3A_DIRECTIONAL_WRITE_EXHAUSTED_PRIMALITY_UNASSIGNED,513,512,512,NO_RECORDED_FACTOR_PRP_OR_LL_RESULT_AND_NO_ACTIVE_GIMPS_ASSIGNMENT,2026-08-08T19:16:24+00:00,UNALLOCATED,,,,,
SLCMP700-4839,4839,4840,317495407,2^317495407-1,STRUCTURAL_SCREEN_EXHAUSTED_PRIMALITY_UNASSIGNED,GF3A_DIRECTIONAL_WRITE_EXHAUSTED_PRIMALITY_UNASSIGNED,514,512,512,NO_RECORDED_FACTOR_PRP_OR_LL_RESULT_AND_NO_ACTIVE_GIMPS_ASSIGNMENT,2026-08-08T19:16:24+00:00,UNALLOCATED,,,,,
SLCMP700-4840,4840,4841,317495443,2^317495443-1,STRUCTURAL_SCREEN_EXHAUSTED_PRIMALITY_UNASSIGNED,GF3A_DIRECTIONAL_WRITE_EXHAUSTED_PRIMALITY_UNASSIGNED,514,512,512,NO_RECORDED_FACTOR_PRP_OR_LL_RESULT_AND_NO_ACTIVE_GIMPS_ASSIGNMENT,2026-08-08T19:16:24+00:00,UNALLOCATED,,,,,
SLCMP700-4841,4841,4842,317495449,2^317495449-1,STRUCTURAL_SCREEN_EXHAUSTED_PRIMALITY_UNASSIGNED,GF3A_DIRECTIONAL_WRITE_EXHAUSTED_PRIMALITY_UNASSIGNED,513,512,512,NO_RECORDED_FACTOR_PRP_OR_LL_RESULT_AND_NO_ACTIVE_GIMPS_ASSIGNMENT,2026-08-08T19:16:24+00:00,UNALLOCATED,,,,,
SLCMP700-4842,4842,4843,317495467,2^317495467-1,STRUCTURAL_SCREEN_EXHAUSTED_PRIMALITY_UNASSIGNED,GF3A_DIRECTIONAL_WRITE_EXHAUSTED_PRIMALITY_UNASSIGNED,514,512,512,NO_RECORDED_FACTOR_PRP_OR_LL_RESULT_AND_NO_ACTIVE_GIMPS_ASSIGNMENT,2026-08-08T19:16:24+00:00,UNALLOCATED,,,,,
SLCMP700-4843,4843,4844,317495537,2^317495537-1,STRUCTURAL_SCREEN_EXHAUSTED_PRIMALITY_UNASSIGNED,GF3A_DIRECTIONAL_WRITE_EXHAUSTED_PRIMALITY_UNASSIGNED,513,512,512,NO_RECORDED_FACTOR_PRP_OR_LL_RESULT_AND_NO_ACTIVE_GIMPS_ASSIGNMENT,2026-08-08T19:16:24+00:00,UNALLOCATED,,,,,
SLCMP700-4844,4844,4845,317495551,2^317495551-1,STRUCTURAL_SCREEN_EXHAUSTED_PRIMALITY_UNASSIGNED,GF3A_DIRECTIONAL_WRITE_EXHAUSTED_PRIMALITY_UNASSIGNED,514,512,512,NO_RECORDED_FACTOR_PRP_OR_LL_RESULT_AND_NO_ACTIVE_GIMPS_ASSIGNMENT,2026-08-08T19:16:24+00:00,UNALLOCATED,,,,,
SLCMP700-4845,4845,4846,317495561,2^317495561-1,STRUCTURAL_SCREEN_EXHAUSTED_PRIMALITY_UNASSIGNED,GF3A_DIRECTIONAL_WRITE_EXHAUSTED_PRIMALITY_UNASSIGNED,513,512,512,NO_RECORDED_FACTOR_PRP_OR_LL_RESULT_AND_NO_ACTIVE_GIMPS_ASSIGNMENT,2026-08-08T19:16:24+00:00,UNALLOCATED,,,,,
SLCMP700-4846,4846,4847,317495627,2^317495627-1,STRUCTURAL_SCREEN_EXHAUSTED_PRIMALITY_UNASSIGNED,GF3A_DIRECTIONAL_WRITE_EXHAUSTED_PRIMALITY_UNASSIGNED,514,512,512,NO_RECORDED_FACTOR_PRP_OR_LL_RESULT_AND_NO_ACTIVE_GIMPS_ASSIGNMENT,2026-08-08T19:16:24+00:00,UNALLOCATED,,,,,
SLCMP700-4847,4847,4848,317495687,2^317495687-1,STRUCTURAL_SCREEN_EXHAUSTED_PRIMALITY_UNASSIGNED,GF3A_DIRECTIONAL_WRITE_EXHAUSTED_PRIMALITY_UNASSIGNED,514,512,512,NO_RECORDED_FACTOR_PRP_OR_LL_RESULT_AND_NO_ACTIVE_GIMPS_ASSIGNMENT,2026-08-08T19:16:24+00:00,UNALLOCATED,,,,,
SLCMP700-4848,4848,4849,317495743,2^317495743-1,STRUCTURAL_SCREEN_EXHAUSTED_PRIMALITY_UNASSIGNED,GF3A_DIRECTIONAL_WRITE_EXHAUSTED_PRIMALITY_UNASSIGNED,514,512,512,NO_RECORDED_FACTOR_PRP_OR_LL_RESULT_AND_NO_ACTIVE_GIMPS_ASSIGNMENT,2026-08-08T19:16:24+00:00,UNALLOCATED,,,,,
SLCMP700-4849,4849,4850,317495747,2^317495747-1,STRUCTURAL_SCREEN_EXHAUSTED_PRIMALITY_UNASSIGNED,GF3A_DIRECTIONAL_WRITE_EXHAUSTED_PRIMALITY_UNASSIGNED,514,512,512,NO_RECORDED_FACTOR_PRP_OR_LL_RESULT_AND_NO_ACTIVE_GIMPS_ASSIGNMENT,2026-08-08T19:16:24+00:00,UNALLOCATED,,,,,
SLCMP700-4850,4850,4851,317495753,2^317495753-1,STRUCTURAL_SCREEN_EXHAUSTED_PRIMALITY_UNASSIGNED,GF3A_DIRECTIONAL_WRITE_EXHAUSTED_PRIMALITY_UNASSIGNED,513,512,512,NO_RECORDED_FACTOR_PRP_OR_LL_RESULT_AND_NO_ACTIVE_GIMPS_ASSIGNMENT,2026-08-08T19:16:24+00:00,UNALLOCATED,,,,,
SLCMP700-4851,4851,4852,317495797,2^317495797-1,STRUCTURAL_SCREEN_EXHAUSTED_PRIMALITY_UNASSIGNED,GF3A_DIRECTIONAL_WRITE_EXHAUSTED_PRIMALITY_UNASSIGNED,513,512,512,NO_RECORDED_FACTOR_PRP_OR_LL_RESULT_AND_NO_ACTIVE_GIMPS_ASSIGNMENT,2026-08-08T19:16:24+00:00,UNALLOCATED,,,,,
SLCMP700-4852,4852,4853,317495863,2^317495863-1,STRUCTURAL_SCREEN_EXHAUSTED_PRIMALITY_UNASSIGNED,GF3A_DIRECTIONAL_WRITE_EXHAUSTED_PRIMALITY_UNASSIGNED,514,512,512,NO_RECORDED_FACTOR_PRP_OR_LL_RESULT_AND_NO_ACTIVE_GIMPS_ASSIGNMENT,2026-08-08T19:16:24+00:00,UNALLOCATED,,,,,
SLCMP700-4853,4853,4854,317495989,2^317495989-1,STRUCTURAL_SCREEN_EXHAUSTED_PRIMALITY_UNASSIGNED,GF3A_DIRECTIONAL_WRITE_EXHAUSTED_PRIMALITY_UNASSIGNED,513,512,512,NO_RECORDED_FACTOR_PRP_OR_LL_RESULT_AND_NO_ACTIVE_GIMPS_ASSIGNMENT,2026-08-08T19:16:24+00:00,UNALLOCATED,,,,,
SLCMP700-4854,4854,4855,317496007,2^317496007-1,STRUCTURAL_SCREEN_EXHAUSTED_PRIMALITY_UNASSIGNED,GF3A_DIRECTIONAL_WRITE_EXHAUSTED_PRIMALITY_UNASSIGNED,514,512,512,NO_RECORDED_FACTOR_PRP_OR_LL_RESULT_AND_NO_ACTIVE_GIMPS_ASSIGNMENT,2026-08-08T19:16:24+00:00,UNALLOCATED,,,,,
SLCMP700-4855,4855,4856,317496013,2^317496013-1,STRUCTURAL_SCREEN_EXHAUSTED_PRIMALITY_UNASSIGNED,GF3A_DIRECTIONAL_WRITE_EXHAUSTED_PRIMALITY_UNASSIGNED,513,512,512,NO_RECORDED_FACTOR_PRP_OR_LL_RESULT_AND_NO_ACTIVE_GIMPS_ASSIGNMENT,2026-08-08T19:16:24+00:00,UNALLOCATED,,,,,
SLCMP700-4856,4856,4857,317496037,2^317496037-1,STRUCTURAL_SCREEN_EXHAUSTED_PRIMALITY_UNASSIGNED,GF3A_DIRECTIONAL_WRITE_EXHAUSTED_PRIMALITY_UNASSIGNED,513,512,512,NO_RECORDED_FACTOR_PRP_OR_LL_RESULT_AND_NO_ACTIVE_GIMPS_ASSIGNMENT,2026-08-08T19:16:24+00:00,UNALLOCATED,,,,,
SLCMP700-4857,4857,4858,317496187,2^317496187-1,STRUCTURAL_SCREEN_EXHAUSTED_PRIMALITY_UNASSIGNED,GF3A_DIRECTIONAL_WRITE_EXHAUSTED_PRIMALITY_UNASSIGNED,514,512,512,NO_RECORDED_FACTOR_PRP_OR_LL_RESULT_AND_NO_ACTIVE_GIMPS_ASSIGNMENT,2026-08-08T19:16:24+00:00,UNALLOCATED,,,,,
SLCMP700-4858,4858,4859,317496211,2^317496211-1,STRUCTURAL_SCREEN_EXHAUSTED_PRIMALITY_UNASSIGNED,GF3A_DIRECTIONAL_WRITE_EXHAUSTED_PRIMALITY_UNASSIGNED,514,512,512,NO_RECORDED_FACTOR_PRP_OR_LL_RESULT_AND_NO_ACTIVE_GIMPS_ASSIGNMENT,2026-08-08T19:16:24+00:00,UNALLOCATED,,,,,
SLCMP700-4859,4859,4860,317496217,2^317496217-1,STRUCTURAL_SCREEN_EXHAUSTED_PRIMALITY_UNASSIGNED,GF3A_DIRECTIONAL_WRITE_EXHAUSTED_PRIMALITY_UNASSIGNED,513,512,512,NO_RECORDED_FACTOR_PRP_OR_LL_RESULT_AND_NO_ACTIVE_GIMPS_ASSIGNMENT,2026-08-08T19:16:24+00:00,UNALLOCATED,,,,,
SLCMP700-4860,4860,4861,317496313,2^317496313-1,STRUCTURAL_SCREEN_EXHAUSTED_PRIMALITY_UNASSIGNED,GF3A_DIRECTIONAL_WRITE_EXHAUSTED_PRIMALITY_UNASSIGNED,513,512,512,NO_RECORDED_FACTOR_PRP_OR_LL_RESULT_AND_NO_ACTIVE_GIMPS_ASSIGNMENT,2026-08-08T19:16:24+00:00,UNALLOCATED,,,,,
SLCMP700-4861,4861,4862,317496323,2^317496323-1,STRUCTURAL_SCREEN_EXHAUSTED_PRIMALITY_UNASSIGNED,GF3A_DIRECTIONAL_WRITE_EXHAUSTED_PRIMALITY_UNASSIGNED,514,512,512,NO_RECORDED_FACTOR_PRP_OR_LL_RESULT_AND_NO_ACTIVE_GIMPS_ASSIGNMENT,2026-08-08T19:16:24+00:00,UNALLOCATED,,,,,
SLCMP700-4862,4862,4863,317496343,2^317496343-1,STRUCTURAL_SCREEN_EXHAUSTED_PRIMALITY_UNASSIGNED,GF3A_DIRECTIONAL_WRITE_EXHAUSTED_PRIMALITY_UNASSIGNED,514,512,512,NO_RECORDED_FACTOR_PRP_OR_LL_RESULT_AND_NO_ACTIVE_GIMPS_ASSIGNMENT,2026-08-08T19:16:24+00:00,UNALLOCATED,,,,,
SLCMP700-4863,4863,4864,317496353,2^317496353-1,STRUCTURAL_SCREEN_EXHAUSTED_PRIMALITY_UNASSIGNED,GF3A_DIRECTIONAL_WRITE_EXHAUSTED_PRIMALITY_UNASSIGNED,513,512,512,NO_RECORDED_FACTOR_PRP_OR_LL_RESULT_AND_NO_ACTIVE_GIMPS_ASSIGNMENT,2026-08-08T19:16:24+00:00,UNALLOCATED,,,,,
SLCMP700-4864,4864,4865,317496373,2^317496373-1,STRUCTURAL_SCREEN_EXHAUSTED_PRIMALITY_UNASSIGNED,GF3A_DIRECTIONAL_WRITE_EXHAUSTED_PRIMALITY_UNASSIGNED,513,512,512,NO_RECORDED_FACTOR_PRP_OR_LL_RESULT_AND_NO_ACTIVE_GIMPS_ASSIGNMENT,2026-08-08T19:16:24+00:00,UNALLOCATED,,,,,
SLCMP700-4865,4865,4866,317496407,2^317496407-1,STRUCTURAL_SCREEN_EXHAUSTED_PRIMALITY_UNASSIGNED,GF3A_DIRECTIONAL_WRITE_EXHAUSTED_PRIMALITY_UNASSIGNED,514,512,512,NO_RECORDED_FACTOR_PRP_OR_LL_RESULT_AND_NO_ACTIVE_GIMPS_ASSIGNMENT,2026-08-08T19:16:24+00:00,UNALLOCATED,,,,,
SLCMP700-4866,4866,4867,317496463,2^317496463-1,STRUCTURAL_SCREEN_EXHAUSTED_PRIMALITY_UNASSIGNED,GF3A_DIRECTIONAL_WRITE_EXHAUSTED_PRIMALITY_UNASSIGNED,514,512,512,NO_RECORDED_FACTOR_PRP_OR_LL_RESULT_AND_NO_ACTIVE_GIMPS_ASSIGNMENT,2026-08-08T19:16:24+00:00,UNALLOCATED,,,,,
SLCMP700-4867,4867,4868,317496469,2^317496469-1,STRUCTURAL_SCREEN_EXHAUSTED_PRIMALITY_UNASSIGNED,GF3A_DIRECTIONAL_WRITE_EXHAUSTED_PRIMALITY_UNASSIGNED,513,512,512,NO_RECORDED_FACTOR_PRP_OR_LL_RESULT_AND_NO_ACTIVE_GIMPS_ASSIGNMENT,2026-08-08T19:16:24+00:00,UNALLOCATED,,,,,
SLCMP700-4868,4868,4869,317496503,2^317496503-1,STRUCTURAL_SCREEN_EXHAUSTED_PRIMALITY_UNASSIGNED,GF3A_DIRECTIONAL_WRITE_EXHAUSTED_PRIMALITY_UNASSIGNED,514,512,512,NO_RECORDED_FACTOR_PRP_OR_LL_RESULT_AND_NO_ACTIVE_GIMPS_ASSIGNMENT,2026-08-08T19:16:24+00:00,UNALLOCATED,,,,,
SLCMP700-4869,4869,4870,317496551,2^317496551-1,STRUCTURAL_SCREEN_EXHAUSTED_PRIMALITY_UNASSIGNED,GF3A_DIRECTIONAL_WRITE_EXHAUSTED_PRIMALITY_UNASSIGNED,514,512,512,NO_RECORDED_FACTOR_PRP_OR_LL_RESULT_AND_NO_ACTIVE_GIMPS_ASSIGNMENT,2026-08-08T19:16:24+00:00,UNALLOCATED,,,,,
SLCMP700-4870,4870,4871,317496587,2^317496587-1,STRUCTURAL_SCREEN_EXHAUSTED_PRIMALITY_UNASSIGNED,GF3A_DIRECTIONAL_WRITE_EXHAUSTED_PRIMALITY_UNASSIGNED,514,512,512,NO_RECORDED_FACTOR_PRP_OR_LL_RESULT_AND_NO_ACTIVE_GIMPS_ASSIGNMENT,2026-08-08T19:16:24+00:00,UNALLOCATED,,,,,
SLCMP700-4871,4871,4872,317496629,2^317496629-1,STRUCTURAL_SCREEN_EXHAUSTED_PRIMALITY_UNASSIGNED,GF3A_DIRECTIONAL_WRITE_EXHAUSTED_PRIMALITY_UNASSIGNED,513,512,512,NO_RECORDED_FACTOR_PRP_OR_LL_RESULT_AND_NO_ACTIVE_GIMPS_ASSIGNMENT,2026-08-08T19:16:24+00:00,UNALLOCATED,,,,,
SLCMP700-4872,4872,4873,317496691,2^317496691-1,STRUCTURAL_SCREEN_EXHAUSTED_PRIMALITY_UNASSIGNED,GF3A_DIRECTIONAL_WRITE_EXHAUSTED_PRIMALITY_UNASSIGNED,514,512,512,NO_RECORDED_FACTOR_PRP_OR_LL_RESULT_AND_NO_ACTIVE_GIMPS_ASSIGNMENT,2026-08-08T19:16:24+00:00,UNALLOCATED,,,,,
SLCMP700-4873,4873,4874,317496749,2^317496749-1,STRUCTURAL_SCREEN_EXHAUSTED_PRIMALITY_UNASSIGNED,GF3A_DIRECTIONAL_WRITE_EXHAUSTED_PRIMALITY_UNASSIGNED,513,512,512,NO_RECORDED_FACTOR_PRP_OR_LL_RESULT_AND_NO_ACTIVE_GIMPS_ASSIGNMENT,2026-08-08T19:16:24+00:00,UNALLOCATED,,,,,
SLCMP700-4874,4874,4875,317496827,2^317496827-1,STRUCTURAL_SCREEN_EXHAUSTED_PRIMALITY_UNASSIGNED,GF3A_DIRECTIONAL_WRITE_EXHAUSTED_PRIMALITY_UNASSIGNED,514,512,512,NO_RECORDED_FACTOR_PRP_OR_LL_RESULT_AND_NO_ACTIVE_GIMPS_ASSIGNMENT,2026-08-08T19:16:24+00:00,UNALLOCATED,,,,,
SLCMP700-4875,4875,4876,317496847,2^317496847-1,STRUCTURAL_SCREEN_EXHAUSTED_PRIMALITY_UNASSIGNED,GF3A_DIRECTIONAL_WRITE_EXHAUSTED_PRIMALITY_UNASSIGNED,514,512,512,NO_RECORDED_FACTOR_PRP_OR_LL_RESULT_AND_NO_ACTIVE_GIMPS_ASSIGNMENT,2026-08-08T19:16:24+00:00,UNALLOCATED,,,,,
SLCMP700-4876,4876,4877,317496857,2^317496857-1,STRUCTURAL_SCREEN_EXHAUSTED_PRIMALITY_UNASSIGNED,GF3A_DIRECTIONAL_WRITE_EXHAUSTED_PRIMALITY_UNASSIGNED,513,512,512,NO_RECORDED_FACTOR_PRP_OR_LL_RESULT_AND_NO_ACTIVE_GIMPS_ASSIGNMENT,2026-08-08T19:16:24+00:00,UNALLOCATED,,,,,
SLCMP700-4877,4877,4878,317496923,2^317496923-1,STRUCTURAL_SCREEN_EXHAUSTED_PRIMALITY_UNASSIGNED,GF3A_DIRECTIONAL_WRITE_EXHAUSTED_PRIMALITY_UNASSIGNED,514,512,512,NO_RECORDED_FACTOR_PRP_OR_LL_RESULT_AND_NO_ACTIVE_GIMPS_ASSIGNMENT,2026-08-08T19:16:24+00:00,UNALLOCATED,,,,,
SLCMP700-4878,4878,4879,317496943,2^317496943-1,STRUCTURAL_SCREEN_EXHAUSTED_PRIMALITY_UNASSIGNED,GF3A_DIRECTIONAL_WRITE_EXHAUSTED_PRIMALITY_UNASSIGNED,514,512,512,NO_RECORDED_FACTOR_PRP_OR_LL_RESULT_AND_NO_ACTIVE_GIMPS_ASSIGNMENT,2026-08-08T19:16:24+00:00,UNALLOCATED,,,,,
SLCMP700-4879,4879,4880,317496983,2^317496983-1,STRUCTURAL_SCREEN_EXHAUSTED_PRIMALITY_UNASSIGNED,GF3A_DIRECTIONAL_WRITE_EXHAUSTED_PRIMALITY_UNASSIGNED,514,512,512,NO_RECORDED_FACTOR_PRP_OR_LL_RESULT_AND_NO_ACTIVE_GIMPS_ASSIGNMENT,2026-08-08T19:16:24+00:00,UNALLOCATED,,,,,
SLCMP700-4880,4880,4881,317497051,2^317497051-1,STRUCTURAL_SCREEN_EXHAUSTED_PRIMALITY_UNASSIGNED,GF3A_DIRECTIONAL_WRITE_EXHAUSTED_PRIMALITY_UNASSIGNED,514,512,512,NO_RECORDED_FACTOR_PRP_OR_LL_RESULT_AND_NO_ACTIVE_GIMPS_ASSIGNMENT,2026-08-08T19:16:24+00:00,UNALLOCATED,,,,,
SLCMP700-4881,4881,4882,317497067,2^317497067-1,STRUCTURAL_SCREEN_EXHAUSTED_PRIMALITY_UNASSIGNED,GF3A_DIRECTIONAL_WRITE_EXHAUSTED_PRIMALITY_UNASSIGNED,514,512,512,NO_RECORDED_FACTOR_PRP_OR_LL_RESULT_AND_NO_ACTIVE_GIMPS_ASSIGNMENT,2026-08-08T19:16:24+00:00,UNALLOCATED,,,,,
SLCMP700-4882,4882,4883,317497069,2^317497069-1,STRUCTURAL_SCREEN_EXHAUSTED_PRIMALITY_UNASSIGNED,GF3A_DIRECTIONAL_WRITE_EXHAUSTED_PRIMALITY_UNASSIGNED,513,512,512,NO_RECORDED_FACTOR_PRP_OR_LL_RESULT_AND_NO_ACTIVE_GIMPS_ASSIGNMENT,2026-08-08T19:16:24+00:00,UNALLOCATED,,,,,
SLCMP700-4883,4883,4884,317497139,2^317497139-1,STRUCTURAL_SCREEN_EXHAUSTED_PRIMALITY_UNASSIGNED,GF3A_DIRECTIONAL_WRITE_EXHAUSTED_PRIMALITY_UNASSIGNED,514,512,512,NO_RECORDED_FACTOR_PRP_OR_LL_RESULT_AND_NO_ACTIVE_GIMPS_ASSIGNMENT,2026-08-08T19:16:24+00:00,UNALLOCATED,,,,,
SLCMP700-4884,4884,4885,317497283,2^317497283-1,STRUCTURAL_SCREEN_EXHAUSTED_PRIMALITY_UNASSIGNED,GF3A_DIRECTIONAL_WRITE_EXHAUSTED_PRIMALITY_UNASSIGNED,514,512,512,NO_RECORDED_FACTOR_PRP_OR_LL_RESULT_AND_NO_ACTIVE_GIMPS_ASSIGNMENT,2026-08-08T19:16:24+00:00,UNALLOCATED,,,,,
SLCMP700-4885,4885,4886,317497291,2^317497291-1,STRUCTURAL_SCREEN_EXHAUSTED_PRIMALITY_UNASSIGNED,GF3A_DIRECTIONAL_WRITE_EXHAUSTED_PRIMALITY_UNASSIGNED,514,512,512,NO_RECORDED_FACTOR_PRP_OR_LL_RESULT_AND_NO_ACTIVE_GIMPS_ASSIGNMENT,2026-08-08T19:16:24+00:00,UNALLOCATED,,,,,
SLCMP700-4886,4886,4887,317497387,2^317497387-1,STRUCTURAL_SCREEN_EXHAUSTED_PRIMALITY_UNASSIGNED,GF3A_DIRECTIONAL_WRITE_EXHAUSTED_PRIMALITY_UNASSIGNED,514,512,512,NO_RECORDED_FACTOR_PRP_OR_LL_RESULT_AND_NO_ACTIVE_GIMPS_ASSIGNMENT,2026-08-08T19:16:24+00:00,UNALLOCATED,,,,,
SLCMP700-4887,4887,4888,317497441,2^317497441-1,STRUCTURAL_SCREEN_EXHAUSTED_PRIMALITY_UNASSIGNED,GF3A_DIRECTIONAL_WRITE_EXHAUSTED_PRIMALITY_UNASSIGNED,513,512,512,NO_RECORDED_FACTOR_PRP_OR_LL_RESULT_AND_NO_ACTIVE_GIMPS_ASSIGNMENT,2026-08-08T19:16:24+00:00,UNALLOCATED,,,,,
SLCMP700-4888,4888,4889,317497699,2^317497699-1,STRUCTURAL_SCREEN_EXHAUSTED_PRIMALITY_UNASSIGNED,GF3A_DIRECTIONAL_WRITE_EXHAUSTED_PRIMALITY_UNASSIGNED,514,512,512,NO_RECORDED_FACTOR_PRP_OR_LL_RESULT_AND_NO_ACTIVE_GIMPS_ASSIGNMENT,2026-08-08T19:16:24+00:00,UNALLOCATED,,,,,
SLCMP700-4889,4889,4890,317497813,2^317497813-1,STRUCTURAL_SCREEN_EXHAUSTED_PRIMALITY_UNASSIGNED,GF3A_DIRECTIONAL_WRITE_EXHAUSTED_PRIMALITY_UNASSIGNED,513,512,512,NO_RECORDED_FACTOR_PRP_OR_LL_RESULT_AND_NO_ACTIVE_GIMPS_ASSIGNMENT,2026-08-08T19:16:24+00:00,UNALLOCATED,,,,,
SLCMP700-4890,4890,4891,317497861,2^317497861-1,STRUCTURAL_SCREEN_EXHAUSTED_PRIMALITY_UNASSIGNED,GF3A_DIRECTIONAL_WRITE_EXHAUSTED_PRIMALITY_UNASSIGNED,513,512,512,NO_RECORDED_FACTOR_PRP_OR_LL_RESULT_AND_NO_ACTIVE_GIMPS_ASSIGNMENT,2026-08-08T19:16:24+00:00,UNALLOCATED,,,,,
SLCMP700-4891,4891,4892,317497927,2^317497927-1,STRUCTURAL_SCREEN_EXHAUSTED_PRIMALITY_UNASSIGNED,GF3A_DIRECTIONAL_WRITE_EXHAUSTED_PRIMALITY_UNASSIGNED,514,512,512,NO_RECORDED_FACTOR_PRP_OR_LL_RESULT_AND_NO_ACTIVE_GIMPS_ASSIGNMENT,2026-08-08T19:16:24+00:00,UNALLOCATED,,,,,
SLCMP700-4892,4892,4893,317497969,2^317497969-1,STRUCTURAL_SCREEN_EXHAUSTED_PRIMALITY_UNASSIGNED,GF3A_DIRECTIONAL_WRITE_EXHAUSTED_PRIMALITY_UNASSIGNED,513,512,512,NO_RECORDED_FACTOR_PRP_OR_LL_RESULT_AND_NO_ACTIVE_GIMPS_ASSIGNMENT,2026-08-08T19:16:24+00:00,UNALLOCATED,,,,,
SLCMP700-4893,4893,4894,317497993,2^317497993-1,STRUCTURAL_SCREEN_EXHAUSTED_PRIMALITY_UNASSIGNED,GF3A_DIRECTIONAL_WRITE_EXHAUSTED_PRIMALITY_UNASSIGNED,513,512,512,NO_RECORDED_FACTOR_PRP_OR_LL_RESULT_AND_NO_ACTIVE_GIMPS_ASSIGNMENT,2026-08-08T19:16:24+00:00,UNALLOCATED,,,,,
SLCMP700-4894,4894,4895,317498047,2^317498047-1,STRUCTURAL_SCREEN_EXHAUSTED_PRIMALITY_UNASSIGNED,GF3A_DIRECTIONAL_WRITE_EXHAUSTED_PRIMALITY_UNASSIGNED,514,512,512,NO_RECORDED_FACTOR_PRP_OR_LL_RESULT_AND_NO_ACTIVE_GIMPS_ASSIGNMENT,2026-08-08T19:16:24+00:00,UNALLOCATED,,,,,
SLCMP700-4895,4895,4896,317498173,2^317498173-1,STRUCTURAL_SCREEN_EXHAUSTED_PRIMALITY_UNASSIGNED,GF3A_DIRECTIONAL_WRITE_EXHAUSTED_PRIMALITY_UNASSIGNED,513,512,512,NO_RECORDED_FACTOR_PRP_OR_LL_RESULT_AND_NO_ACTIVE_GIMPS_ASSIGNMENT,2026-08-08T19:16:24+00:00,UNALLOCATED,,,,,
SLCMP700-4896,4896,4897,317498263,2^317498263-1,STRUCTURAL_SCREEN_EXHAUSTED_PRIMALITY_UNASSIGNED,GF3A_DIRECTIONAL_WRITE_EXHAUSTED_PRIMALITY_UNASSIGNED,514,512,512,NO_RECORDED_FACTOR_PRP_OR_LL_RESULT_AND_NO_ACTIVE_GIMPS_ASSIGNMENT,2026-08-08T19:16:24+00:00,UNALLOCATED,,,,,
SLCMP700-4897,4897,4898,317498309,2^317498309-1,STRUCTURAL_SCREEN_EXHAUSTED_PRIMALITY_UNASSIGNED,GF3A_DIRECTIONAL_WRITE_EXHAUSTED_PRIMALITY_UNASSIGNED,513,512,512,NO_RECORDED_FACTOR_PRP_OR_LL_RESULT_AND_NO_ACTIVE_GIMPS_ASSIGNMENT,2026-08-08T19:16:24+00:00,UNALLOCATED,,,,,
SLCMP700-4898,4898,4899,317498381,2^317498381-1,STRUCTURAL_SCREEN_EXHAUSTED_PRIMALITY_UNASSIGNED,GF3A_DIRECTIONAL_WRITE_EXHAUSTED_PRIMALITY_UNASSIGNED,513,512,512,NO_RECORDED_FACTOR_PRP_OR_LL_RESULT_AND_NO_ACTIVE_GIMPS_ASSIGNMENT,2026-08-08T19:16:24+00:00,UNALLOCATED,,,,,
SLCMP700-4899,4899,4900,317498521,2^317498521-1,STRUCTURAL_SCREEN_EXHAUSTED_PRIMALITY_UNASSIGNED,GF3A_DIRECTIONAL_WRITE_EXHAUSTED_PRIMALITY_UNASSIGNED,513,512,512,NO_RECORDED_FACTOR_PRP_OR_LL_RESULT_AND_NO_ACTIVE_GIMPS_ASSIGNMENT,2026-08-08T19:16:24+00:00,UNALLOCATED,,,,,
SLCMP700-4900,4900,4901,317498527,2^317498527-1,STRUCTURAL_SCREEN_EXHAUSTED_PRIMALITY_UNASSIGNED,GF3A_DIRECTIONAL_WRITE_EXHAUSTED_PRIMALITY_UNASSIGNED,514,512,512,NO_RECORDED_FACTOR_PRP_OR_LL_RESULT_AND_NO_ACTIVE_GIMPS_ASSIGNMENT,2026-08-08T19:16:24+00:00,UNALLOCATED,,,,,
SLCMP700-4901,4901,4902,317498539,2^317498539-1,STRUCTURAL_SCREEN_EXHAUSTED_PRIMALITY_UNASSIGNED,GF3A_DIRECTIONAL_WRITE_EXHAUSTED_PRIMALITY_UNASSIGNED,514,512,512,NO_RECORDED_FACTOR_PRP_OR_LL_RESULT_AND_NO_ACTIVE_GIMPS_ASSIGNMENT,2026-08-08T19:16:24+00:00,UNALLOCATED,,,,,
SLCMP700-4902,4902,4903,317498593,2^317498593-1,STRUCTURAL_SCREEN_EXHAUSTED_PRIMALITY_UNASSIGNED,GF3A_DIRECTIONAL_WRITE_EXHAUSTED_PRIMALITY_UNASSIGNED,513,512,512,NO_RECORDED_FACTOR_PRP_OR_LL_RESULT_AND_NO_ACTIVE_GIMPS_ASSIGNMENT,2026-08-08T19:16:24+00:00,UNALLOCATED,,,,,
SLCMP700-4903,4903,4904,317498707,2^317498707-1,STRUCTURAL_SCREEN_EXHAUSTED_PRIMALITY_UNASSIGNED,GF3A_DIRECTIONAL_WRITE_EXHAUSTED_PRIMALITY_UNASSIGNED,514,512,512,NO_RECORDED_FACTOR_PRP_OR_LL_RESULT_AND_NO_ACTIVE_GIMPS_ASSIGNMENT,2026-08-08T19:16:24+00:00,UNALLOCATED,,,,,
SLCMP700-4904,4904,4905,317498761,2^317498761-1,STRUCTURAL_SCREEN_EXHAUSTED_PRIMALITY_UNASSIGNED,GF3A_DIRECTIONAL_WRITE_EXHAUSTED_PRIMALITY_UNASSIGNED,513,512,512,NO_RECORDED_FACTOR_PRP_OR_LL_RESULT_AND_NO_ACTIVE_GIMPS_ASSIGNMENT,2026-08-08T19:16:24+00:00,UNALLOCATED,,,,,
SLCMP700-4905,4905,4906,317498801,2^317498801-1,STRUCTURAL_SCREEN_EXHAUSTED_PRIMALITY_UNASSIGNED,GF3A_DIRECTIONAL_WRITE_EXHAUSTED_PRIMALITY_UNASSIGNED,513,512,512,NO_RECORDED_FACTOR_PRP_OR_LL_RESULT_AND_NO_ACTIVE_GIMPS_ASSIGNMENT,2026-08-08T19:16:24+00:00,UNALLOCATED,,,,,
SLCMP700-4906,4906,4907,317498837,2^317498837-1,STRUCTURAL_SCREEN_EXHAUSTED_PRIMALITY_UNASSIGNED,GF3A_DIRECTIONAL_WRITE_EXHAUSTED_PRIMALITY_UNASSIGNED,513,512,512,NO_RECORDED_FACTOR_PRP_OR_LL_RESULT_AND_NO_ACTIVE_GIMPS_ASSIGNMENT,2026-08-08T19:16:24+00:00,UNALLOCATED,,,,,
SLCMP700-4907,4907,4908,317498849,2^317498849-1,STRUCTURAL_SCREEN_EXHAUSTED_PRIMALITY_UNASSIGNED,GF3A_DIRECTIONAL_WRITE_EXHAUSTED_PRIMALITY_UNASSIGNED,513,512,512,NO_RECORDED_FACTOR_PRP_OR_LL_RESULT_AND_NO_ACTIVE_GIMPS_ASSIGNMENT,2026-08-08T19:16:24+00:00,UNALLOCATED,,,,,
SLCMP700-4908,4908,4909,317498861,2^317498861-1,STRUCTURAL_SCREEN_EXHAUSTED_PRIMALITY_UNASSIGNED,GF3A_DIRECTIONAL_WRITE_EXHAUSTED_PRIMALITY_UNASSIGNED,513,512,512,NO_RECORDED_FACTOR_PRP_OR_LL_RESULT_AND_NO_ACTIVE_GIMPS_ASSIGNMENT,2026-08-08T19:16:24+00:00,UNALLOCATED,,,,,
SLCMP700-4909,4909,4910,317498903,2^317498903-1,STRUCTURAL_SCREEN_EXHAUSTED_PRIMALITY_UNASSIGNED,GF3A_DIRECTIONAL_WRITE_EXHAUSTED_PRIMALITY_UNASSIGNED,514,512,512,NO_RECORDED_FACTOR_PRP_OR_LL_RESULT_AND_NO_ACTIVE_GIMPS_ASSIGNMENT,2026-08-08T19:16:24+00:00,UNALLOCATED,,,,,
SLCMP700-4910,4910,4911,317498921,2^317498921-1,STRUCTURAL_SCREEN_EXHAUSTED_PRIMALITY_UNASSIGNED,GF3A_DIRECTIONAL_WRITE_EXHAUSTED_PRIMALITY_UNASSIGNED,513,512,512,NO_RECORDED_FACTOR_PRP_OR_LL_RESULT_AND_NO_ACTIVE_GIMPS_ASSIGNMENT,2026-08-08T19:16:24+00:00,UNALLOCATED,,,,,
SLCMP700-4911,4911,4912,317498939,2^317498939-1,STRUCTURAL_SCREEN_EXHAUSTED_PRIMALITY_UNASSIGNED,GF3A_DIRECTIONAL_WRITE_EXHAUSTED_PRIMALITY_UNASSIGNED,514,512,512,NO_RECORDED_FACTOR_PRP_OR_LL_RESULT_AND_NO_ACTIVE_GIMPS_ASSIGNMENT,2026-08-08T19:16:24+00:00,UNALLOCATED,,,,,
SLCMP700-4912,4912,4913,317498981,2^317498981-1,STRUCTURAL_SCREEN_EXHAUSTED_PRIMALITY_UNASSIGNED,GF3A_DIRECTIONAL_WRITE_EXHAUSTED_PRIMALITY_UNASSIGNED,513,512,512,NO_RECORDED_FACTOR_PRP_OR_LL_RESULT_AND_NO_ACTIVE_GIMPS_ASSIGNMENT,2026-08-08T19:16:24+00:00,UNALLOCATED,,,,,
SLCMP700-4913,4913,4914,317499019,2^317499019-1,STRUCTURAL_SCREEN_EXHAUSTED_PRIMALITY_UNASSIGNED,GF3A_DIRECTIONAL_WRITE_EXHAUSTED_PRIMALITY_UNASSIGNED,514,512,512,NO_RECORDED_FACTOR_PRP_OR_LL_RESULT_AND_NO_ACTIVE_GIMPS_ASSIGNMENT,2026-08-08T19:16:24+00:00,UNALLOCATED,,,,,
SLCMP700-4914,4914,4915,317499041,2^317499041-1,STRUCTURAL_SCREEN_EXHAUSTED_PRIMALITY_UNASSIGNED,GF3A_DIRECTIONAL_WRITE_EXHAUSTED_PRIMALITY_UNASSIGNED,513,512,512,NO_RECORDED_FACTOR_PRP_OR_LL_RESULT_AND_NO_ACTIVE_GIMPS_ASSIGNMENT,2026-08-08T19:16:24+00:00,UNALLOCATED,,,,,
SLCMP700-4915,4915,4916,317499043,2^317499043-1,STRUCTURAL_SCREEN_EXHAUSTED_PRIMALITY_UNASSIGNED,GF3A_DIRECTIONAL_WRITE_EXHAUSTED_PRIMALITY_UNASSIGNED,514,512,512,NO_RECORDED_FACTOR_PRP_OR_LL_RESULT_AND_NO_ACTIVE_GIMPS_ASSIGNMENT,2026-08-08T19:16:24+00:00,UNALLOCATED,,,,,
SLCMP700-4916,4916,4917,317499181,2^317499181-1,STRUCTURAL_SCREEN_EXHAUSTED_PRIMALITY_UNASSIGNED,GF3A_DIRECTIONAL_WRITE_EXHAUSTED_PRIMALITY_UNASSIGNED,513,512,512,NO_RECORDED_FACTOR_PRP_OR_LL_RESULT_AND_NO_ACTIVE_GIMPS_ASSIGNMENT,2026-08-08T19:16:24+00:00,UNALLOCATED,,,,,
SLCMP700-4917,4917,4918,317499263,2^317499263-1,STRUCTURAL_SCREEN_EXHAUSTED_PRIMALITY_UNASSIGNED,GF3A_DIRECTIONAL_WRITE_EXHAUSTED_PRIMALITY_UNASSIGNED,514,512,512,NO_RECORDED_FACTOR_PRP_OR_LL_RESULT_AND_NO_ACTIVE_GIMPS_ASSIGNMENT,2026-08-08T19:16:24+00:00,UNALLOCATED,,,,,
SLCMP700-4918,4918,4919,317499307,2^317499307-1,STRUCTURAL_SCREEN_EXHAUSTED_PRIMALITY_UNASSIGNED,GF3A_DIRECTIONAL_WRITE_EXHAUSTED_PRIMALITY_UNASSIGNED,514,512,512,NO_RECORDED_FACTOR_PRP_OR_LL_RESULT_AND_NO_ACTIVE_GIMPS_ASSIGNMENT,2026-08-08T19:16:24+00:00,UNALLOCATED,,,,,
SLCMP700-4919,4919,4920,317499323,2^317499323-1,STRUCTURAL_SCREEN_EXHAUSTED_PRIMALITY_UNASSIGNED,GF3A_DIRECTIONAL_WRITE_EXHAUSTED_PRIMALITY_UNASSIGNED,514,512,512,NO_RECORDED_FACTOR_PRP_OR_LL_RESULT_AND_NO_ACTIVE_GIMPS_ASSIGNMENT,2026-08-08T19:16:24+00:00,UNALLOCATED,,,,,
SLCMP700-4920,4920,4921,317499353,2^317499353-1,STRUCTURAL_SCREEN_EXHAUSTED_PRIMALITY_UNASSIGNED,GF3A_DIRECTIONAL_WRITE_EXHAUSTED_PRIMALITY_UNASSIGNED,513,512,512,NO_RECORDED_FACTOR_PRP_OR_LL_RESULT_AND_NO_ACTIVE_GIMPS_ASSIGNMENT,2026-08-08T19:16:24+00:00,UNALLOCATED,,,,,
SLCMP700-4921,4921,4922,317499437,2^317499437-1,STRUCTURAL_SCREEN_EXHAUSTED_PRIMALITY_UNASSIGNED,GF3A_DIRECTIONAL_WRITE_EXHAUSTED_PRIMALITY_UNASSIGNED,513,512,512,NO_RECORDED_FACTOR_PRP_OR_LL_RESULT_AND_NO_ACTIVE_GIMPS_ASSIGNMENT,2026-08-08T19:16:24+00:00,UNALLOCATED,,,,,
SLCMP700-4922,4922,4923,317499577,2^317499577-1,STRUCTURAL_SCREEN_EXHAUSTED_PRIMALITY_UNASSIGNED,GF3A_DIRECTIONAL_WRITE_EXHAUSTED_PRIMALITY_UNASSIGNED,513,512,512,NO_RECORDED_FACTOR_PRP_OR_LL_RESULT_AND_NO_ACTIVE_GIMPS_ASSIGNMENT,2026-08-08T19:16:24+00:00,UNALLOCATED,,,,,
SLCMP700-4923,4923,4924,317499593,2^317499593-1,STRUCTURAL_SCREEN_EXHAUSTED_PRIMALITY_UNASSIGNED,GF3A_DIRECTIONAL_WRITE_EXHAUSTED_PRIMALITY_UNASSIGNED,513,512,512,NO_RECORDED_FACTOR_PRP_OR_LL_RESULT_AND_NO_ACTIVE_GIMPS_ASSIGNMENT,2026-08-08T19:16:24+00:00,UNALLOCATED,,,,,
SLCMP700-4924,4924,4925,317499607,2^317499607-1,STRUCTURAL_SCREEN_EXHAUSTED_PRIMALITY_UNASSIGNED,GF3A_DIRECTIONAL_WRITE_EXHAUSTED_PRIMALITY_UNASSIGNED,514,512,512,NO_RECORDED_FACTOR_PRP_OR_LL_RESULT_AND_NO_ACTIVE_GIMPS_ASSIGNMENT,2026-08-08T19:16:24+00:00,UNALLOCATED,,,,,
SLCMP700-4925,4925,4926,317499629,2^317499629-1,STRUCTURAL_SCREEN_EXHAUSTED_PRIMALITY_UNASSIGNED,GF3A_DIRECTIONAL_WRITE_EXHAUSTED_PRIMALITY_UNASSIGNED,513,512,512,NO_RECORDED_FACTOR_PRP_OR_LL_RESULT_AND_NO_ACTIVE_GIMPS_ASSIGNMENT,2026-08-08T19:16:24+00:00,UNALLOCATED,,,,,
SLCMP700-4926,4926,4927,317499719,2^317499719-1,STRUCTURAL_SCREEN_EXHAUSTED_PRIMALITY_UNASSIGNED,GF3A_DIRECTIONAL_WRITE_EXHAUSTED_PRIMALITY_UNASSIGNED,514,512,512,NO_RECORDED_FACTOR_PRP_OR_LL_RESULT_AND_NO_ACTIVE_GIMPS_ASSIGNMENT,2026-08-08T19:16:24+00:00,UNALLOCATED,,,,,
SLCMP700-4927,4927,4928,317499851,2^317499851-1,STRUCTURAL_SCREEN_EXHAUSTED_PRIMALITY_UNASSIGNED,GF3A_DIRECTIONAL_WRITE_EXHAUSTED_PRIMALITY_UNASSIGNED,514,512,512,NO_RECORDED_FACTOR_PRP_OR_LL_RESULT_AND_NO_ACTIVE_GIMPS_ASSIGNMENT,2026-08-08T19:16:24+00:00,UNALLOCATED,,,,,
SLCMP700-4928,4928,4929,317499961,2^317499961-1,STRUCTURAL_SCREEN_EXHAUSTED_PRIMALITY_UNASSIGNED,GF3A_DIRECTIONAL_WRITE_EXHAUSTED_PRIMALITY_UNASSIGNED,513,512,512,NO_RECORDED_FACTOR_PRP_OR_LL_RESULT_AND_NO_ACTIVE_GIMPS_ASSIGNMENT,2026-08-08T19:16:24+00:00,UNALLOCATED,,,,,
SLCMP700-4929,4929,4930,317499991,2^317499991-1,STRUCTURAL_SCREEN_EXHAUSTED_PRIMALITY_UNASSIGNED,GF3A_DIRECTIONAL_WRITE_EXHAUSTED_PRIMALITY_UNASSIGNED,514,512,512,NO_RECORDED_FACTOR_PRP_OR_LL_RESULT_AND_NO_ACTIVE_GIMPS_ASSIGNMENT,2026-08-08T19:16:24+00:00,UNALLOCATED,,,,,
